ID,insum,outsum,diff
100000001,586,872,-286
100000002,3151,3212,-61
100000003,5050,4589,461
100000004,1052,887,165
100000005,2438,4556,-2118
100000006,746,162,584
100000007,1725,848,877
100000008,291,764,-473
100000009,585,267,318
100000010,135,89,46
100000011,1777,194,1583
100000012,149,1376,-1227
100000013,224,335,-111
100000014,587,315,272
100000015,1708,2454,-746
100000016,1076,1279,-203
100000017,756,850,-94
100000018,1572,709,863
100000019,3925,2205,1720
100000020,1981,6147,-4166
100000021,5110,2423,2687
100000022,1521,2424,-903
100000023,5105,1665,3440
100000025,1249,1222,27
100000028,1392,1112,280
100000029,291,297,-6
100000030,254,54,200
100000031,3896,6118,-2222
100000032,2232,3454,-1222
100000033,896,2514,-1618
100000034,371,544,-173
100000035,1771,1699,72
100000036,1920,1428,492
100000037,737,474,263
100000038,2231,1001,1230
100000039,615,314,301
100000040,217,189,28
100000041,1077,627,450
100000042,1640,707,933
100000043,1350,682,668
100000044,463,1193,-730
100000045,760,2096,-1336
100000046,655,836,-181
100000047,356,448,-92
100000048,657,602,55
100000049,1427,1692,-265
100000051,569,945,-376
100000053,353,9,344
100000054,808,43,765
100000055,1789,338,1451
100000056,749,491,258
100000057,1962,670,1292
100000058,997,982,15
100000059,4,159,-155
100000060,425,311,114
100000061,2270,429,1841
100000062,2350,589,1761
100000063,812,274,538
100000064,1543,398,1145
100000065,485,834,-349
100000066,162,647,-485
100000067,424,715,-291
100000068,538,1344,-806
100000069,339,1192,-853
100000072,280,800,-520
100000073,932,942,-10
100000075,835,321,514
100000076,1860,2851,-991
100000077,245,184,61
100000078,48,38,10
100000079,33,55,-22
100000080,35,83,-48
100000081,145,201,-56
100000102,2368,2078,290
100000103,2793,1925,868
100000104,4181,3044,1137
100000105,2560,1698,862
100000106,2115,2103,12
100000107,612,1118,-506
100000108,551,949,-398
100000109,2166,1285,881
100000116,1444,915,529
100000117,90,114,-24
100000118,1467,1364,103
100000119,615,922,-307
100000121,458,473,-15
100000122,721,1121,-400
100000123,2603,3926,-1323
100000124,4157,6135,-1978
100000125,3515,1761,1754
100000126,644,401,243
100000127,1454,414,1040
100000128,1665,2657,-992
100000129,477,453,24
100000130,496,541,-45
100000131,1942,2338,-396
100000132,1108,2787,-1679
100000133,4233,2247,1986
100000135,646,1112,-466
100000139,466,516,-50
100000140,330,331,-1
100000142,510,673,-163
100000143,1332,540,792
100000144,3256,814,2442
100000147,1158,2903,-1745
100000150,62,415,-353
100000151,1024,1156,-132
100000153,145,341,-196
100000154,49,166,-117
100000155,19,35,-16
100000156,495,442,53
100000157,160,154,6
100000158,313,142,171
100000159,269,563,-294
100000165,1785,851,934
100000169,266,726,-460
100000174,767,750,17
100000179,149,601,-452
100000180,2505,2604,-99
100000181,772,267,505
100000188,84,229,-145
100000189,1145,413,732
100000190,858,1025,-167
100000191,727,635,92
100000192,52,116,-64
100000193,337,279,58
100000330,1367,801,566
100000355,327,654,-327
100000362,4460,3000,1460
100000363,4106,4521,-415
100000364,258,326,-68
100000365,5782,7262,-1480
100000366,6899,3303,3596
100000367,5938,6804,-866
100000368,2753,1442,1311
100000369,1009,1750,-741
100000370,233,938,-705
100000376,95,175,-80
100000379,2030,1511,519
100000380,3891,3809,82
100000384,4674,4350,324
100000385,3518,3903,-385
100000386,7112,4742,2370
100000387,4918,5445,-527
100000388,6249,5882,367
100000389,6321,5868,453
100000390,6877,6012,865
100000391,5602,6928,-1326
100000392,3885,4254,-369
100000393,2969,4770,-1801
100000394,7843,8069,-226
100000395,5360,4760,600
100000396,8494,4165,4329
100000397,5685,7662,-1977
100000398,10205,8084,2121
100000413,20,27,-7
100900002,8,22,-14
100900003,308,183,125
100900004,19,675,-656
100900005,126,24,102
100900006,20,76,-56
100900007,397,11,386
100900008,3,335,-332
100900009,55,144,-89
100900010,89,67,22
100900011,114,189,-75
100900012,3,202,-199
100900013,796,15,781
100900014,1,8,-7
100900015,91,64,27
100900016,5,45,-40
100900017,589,58,531
100900018,0,22,-22
100900019,21,100,-79
100900020,382,21,361
100900021,146,3,143
100900022,10,58,-48
100900023,1,73,-72
100900024,630,3,627
100900025,21,3,18
100900026,80,87,-7
100900027,482,1971,-1489
100900028,108,171,-63
100900029,80,9,71
100900030,8,81,-73
100900031,446,53,393
100900032,112,1,111
100900033,286,196,90
100900034,563,0,563
100900035,439,5,434
100900036,10,1,9
100900037,83,168,-85
100900038,79,45,34
100900039,285,622,-337
100900040,1677,568,1109
100900041,524,680,-156
100900042,1300,1732,-432
100900043,2,11,-9
100900044,1541,501,1040
100900045,12,3,9
100900046,463,6,457
100900047,546,358,188
100900048,174,33,141
100900049,106,141,-35
100900050,3,18,-15
100900051,39,110,-71
100900052,277,48,229
100900053,369,29,340
100900054,5,64,-59
100900055,213,488,-275
100900056,267,135,132
100900057,1260,921,339
100900058,206,40,166
100900059,83,5,78
100900060,203,13,190
100900061,342,146,196
100900062,7,48,-41
100900063,227,581,-354
100900064,280,22,258
100900065,72,88,-16
100900066,147,159,-12
100900067,6,4,2
100900068,82,100,-18
100900069,260,12,248
100900070,330,6,324
100900071,590,179,411
100900072,9,39,-30
100900073,185,319,-134
100900074,8,21,-13
100900075,1324,323,1001
100900076,5,26,-21
100900077,32,56,-24
100900078,84,218,-134
100900079,9,31,-22
100900080,39,168,-129
100900081,33,122,-89
100900082,153,470,-317
100900083,18,37,-19
100900085,13,332,-319
100900086,167,474,-307
100900088,151,379,-228
100900089,8,32,-24
100900090,85,382,-297
100900091,2,35,-33
100900092,211,115,96
100900093,188,233,-45
100900094,146,348,-202
100900095,4,55,-51
100900096,57,98,-41
100900097,5,5,0
100900098,22,20,2
100900099,30,451,-421
100900100,19,519,-500
100900101,257,48,209
100900102,61,91,-30
100900103,11,34,-23
100900104,4,166,-162
100900105,39,517,-478
100900106,45,9,36
100900107,1539,777,762
100900108,6,42,-36
100900109,41,34,7
100900110,8,24,-16
100900111,70,160,-90
100900112,16,17,-1
100900113,11,34,-23
100900114,22,14,8
100900115,5,31,-26
100900116,834,592,242
100900117,293,744,-451
100900118,9,21,-12
100900119,19,13,6
100900120,8,7,1
100900121,334,484,-150
100900122,179,165,14
100900123,78,159,-81
100900124,39,15,24
100900125,12,63,-51
100900126,167,226,-59
100900127,1,12,-11
100900128,70,144,-74
100900129,2,239,-237
100900131,89,225,-136
100900133,67,39,28
100900134,10,4,6
100900135,0,158,-158
100900137,286,142,144
100900138,527,567,-40
100900139,25,10,15
100900140,4,326,-322
100900141,5,596,-591
100900142,2,4,-2
100900143,1035,423,612
100900144,26,2,24
100900145,119,206,-87
100900146,4,45,-41
100900147,16,350,-334
100900148,43,537,-494
100900149,70,206,-136
100900150,1,38,-37
100900151,131,431,-300
100900152,234,2,232
100900153,9,207,-198
100900154,10,116,-106
100900155,25,24,1
100900156,19,3,16
100900157,5,191,-186
100900159,5,35,-30
100900160,27,12,15
100900161,40,4,36
100900162,34,324,-290
100900163,171,161,10
100900164,42,47,-5
100900165,8,23,-15
100900166,24,3,21
100900167,15,54,-39
100900168,56,144,-88
100900169,113,827,-714
100900170,119,14,105
100900171,24,472,-448
100900172,0,29,-29
100900173,13,302,-289
100900174,314,39,275
100900176,1618,149,1469
100900177,546,284,262
100900178,214,184,30
100900179,211,361,-150
100900180,11,11,0
100900181,82,108,-26
100900182,25,23,2
100900184,19,181,-162
100900186,636,370,266
100900187,12,95,-83
100900188,19,8,11
100900189,1318,225,1093
100900191,1005,937,68
100900192,260,452,-192
100900195,104,125,-21
100900197,64,25,39
100900198,34,149,-115
100900199,5,7,-2
100900200,541,394,147
100900201,66,469,-403
100900202,78,0,78
100900203,6,292,-286
100900204,433,1084,-651
100900205,226,510,-284
100900206,153,60,93
100900207,249,155,94
100900210,105,408,-303
100900211,527,165,362
100900213,173,38,135
100900214,613,113,500
100900215,16,56,-40
100900217,160,78,82
101000001,3538,2016,1522
101000002,5015,5204,-189
101000003,509,1269,-760
101000004,6284,5687,597
101000005,3328,3996,-668
101000006,4886,5779,-893
101000007,2291,3170,-879
101000008,2488,2424,64
101000009,1781,1321,460
101000010,821,1086,-265
101000011,1170,487,683
101000012,1429,729,700
101000013,611,1110,-499
101000014,480,610,-130
101000015,1221,799,422
101000016,328,430,-102
101000017,568,470,98
101000018,2941,2170,771
101000020,2981,1057,1924
101000021,907,383,524
101000022,99,52,47
101000023,1376,592,784
101000025,277,319,-42
101000026,319,28,291
101000027,1816,2392,-576
101000028,1132,226,906
101000029,252,1915,-1663
101000030,2014,132,1882
101000031,996,712,284
101000032,8213,4762,3451
101000033,2535,3673,-1138
101000034,2261,1640,621
101000035,777,379,398
101000036,1731,1043,688
101000037,3143,1846,1297
101000039,2418,2429,-11
101000040,3237,3857,-620
101000041,9016,7689,1327
101000042,483,1121,-638
101000043,7014,7020,-6
101000045,1656,1024,632
101000046,3960,1877,2083
101000047,2455,3954,-1499
101000048,755,560,195
101000049,745,2111,-1366
101000050,1791,1810,-19
101000051,1880,2582,-702
101000052,1597,941,656
101000053,1582,1732,-150
101000054,2233,1201,1032
101000055,1210,1238,-28
101000056,46,95,-49
101000057,2082,1177,905
101000058,1151,1062,89
101000059,2086,2217,-131
101000060,1678,670,1008
101000061,827,1423,-596
101000062,860,767,93
101000063,668,1059,-391
101000064,1232,1117,115
101000065,432,447,-15
101000066,1114,936,178
101000067,1416,1102,314
101000068,343,491,-148
101000069,307,76,231
101000070,1154,1175,-21
101000071,2339,958,1381
101000072,845,2774,-1929
101000073,821,1185,-364
101000074,6218,3775,2443
101000075,4921,5869,-948
101000077,1911,1264,647
101000078,1447,1835,-388
101000079,796,445,351
101000080,554,530,24
101000081,1919,1597,322
101000082,3183,3050,133
101000083,2599,2356,243
101000084,1309,845,464
101000085,1410,1161,249
101000086,1107,1144,-37
101000087,960,961,-1
101000088,1212,1050,162
101000089,976,1291,-315
101000090,1926,1201,725
101000091,451,745,-294
101000092,1078,932,146
101000093,1314,772,542
101000094,966,892,74
101000095,531,478,53
101000096,397,550,-153
101000097,468,455,13
101000098,330,472,-142
101000099,1246,986,260
101000100,897,818,79
101000101,277,373,-96
101000102,735,475,260
101000103,834,435,399
101000104,355,651,-296
101000105,634,568,66
101000106,1150,1124,26
101000107,313,324,-11
101000108,697,288,409
101000109,415,71,344
101000110,29,380,-351
101000111,136,227,-91
101000113,190,535,-345
101000114,8542,7046,1496
101000115,239,207,32
101000116,314,225,89
101000117,1855,489,1366
101000119,83,49,34
101000120,137,61,76
101000121,73,67,6
101000122,199,129,70
101000123,81,130,-49
101000124,623,267,356
101000125,271,521,-250
101000128,403,433,-30
101000130,247,313,-66
101000131,787,548,239
101000132,671,868,-197
101000135,74,56,18
101000136,461,214,247
101000137,33,334,-301
101000141,1292,2784,-1492
101000147,798,502,296
101000148,1102,22,1080
101000149,653,691,-38
101000150,88,634,-546
101000151,244,67,177
101000152,308,304,4
101000153,602,270,332
101000154,275,857,-582
101000155,240,123,117
101000156,16,324,-308
101000157,43,17,26
101000160,96,99,-3
101000163,232,296,-64
101000164,455,299,156
101000165,269,373,-104
101000166,266,332,-66
101000168,858,389,469
101000252,1847,849,998
101000254,384,107,277
101000258,41,3,38
101000261,177,55,122
101000262,1049,2120,-1071
101000263,313,968,-655
101000265,112,800,-688
101000266,431,338,93
101000269,41,17,24
101000290,1229,2687,-1458
101000293,49,83,-34
101000294,654,422,232
101000295,153,458,-305
101000301,720,515,205
101000304,1679,2688,-1009
101000305,2744,1277,1467
101000328,138,375,-237
101900001,38,125,-87
101900002,1,16,-15
101900003,67,75,-8
101900004,10,85,-75
101900005,2773,2000,773
101900006,1092,56,1036
101900007,749,204,545
101900008,80,334,-254
101900009,33,376,-343
101900010,747,618,129
101900011,199,1029,-830
101900012,203,194,9
101900013,814,200,614
101900017,15,188,-173
101900018,943,207,736
101900019,288,194,94
101900020,142,64,78
101900021,3,41,-38
101900022,116,705,-589
101900023,140,200,-60
101900026,125,31,94
101900027,17,121,-104
102000001,2284,4101,-1817
102000002,2178,1095,1083
102000003,3163,6567,-3404
102000004,5503,2870,2633
102000005,1296,1853,-557
102000006,1274,1796,-522
102000007,1455,4034,-2579
102000008,3700,1535,2165
102000009,5984,7210,-1226
102000010,4664,2922,1742
102000011,2964,2337,627
102000012,3010,2767,243
102000018,2544,2259,285
102000019,2099,1304,795
102000026,179,542,-363
102000029,325,232,93
102000030,108,309,-201
102000031,68,134,-66
102000032,457,247,210
102000033,291,325,-34
102000034,425,312,113
102000035,947,593,354
102000036,18,204,-186
102000037,154,63,91
102000038,175,284,-109
102000039,208,71,137
102000040,407,237,170
102000041,188,363,-175
102000042,170,306,-136
102000043,265,204,61
102000044,370,368,2
102000045,1420,856,564
102000046,894,526,368
102000047,740,895,-155
102000048,359,637,-278
102000049,998,700,298
102000050,1086,1199,-113
102000051,441,619,-178
102000052,1051,766,285
102000053,695,764,-69
102000054,653,1017,-364
102000055,1177,571,606
102000056,868,1017,-149
102000057,1402,562,840
102000058,1039,1307,-268
102000059,1339,1303,36
102000060,1124,1029,95
102000061,1459,1676,-217
102000062,1582,1002,580
102000063,1100,1251,-151
102000064,698,817,-119
102000065,63,180,-117
102000066,1029,868,161
102000067,1905,2979,-1074
102000068,8043,2732,5311
102000069,124,1941,-1817
102000070,1671,55,1616
102000071,6887,8737,-1850
102000072,2785,3516,-731
102000073,1387,1164,223
102000074,730,1020,-290
102000075,139,381,-242
102000076,258,555,-297
102000077,614,786,-172
102000078,979,838,141
102000079,208,293,-85
102000080,266,273,-7
102000081,361,820,-459
102000082,715,352,363
102000083,503,214,289
102000084,307,256,51
102000085,1565,907,658
102000086,1079,885,194
102000087,690,1469,-779
102000088,379,276,103
102000089,1116,329,787
102000090,499,1109,-610
102000091,1382,570,812
102000092,340,698,-358
102000093,754,949,-195
102000094,940,666,274
102000095,1016,1033,-17
102000096,705,723,-18
102000097,764,683,81
102000098,541,688,-147
102000099,848,764,84
102000100,877,1459,-582
102000101,1126,916,210
102000102,339,1284,-945
102000103,1249,505,744
102000104,514,290,224
102000105,308,488,-180
102000106,807,557,250
102000107,1205,511,694
102000108,639,152,487
102000109,443,445,-2
102000110,1118,1083,35
102000111,9,247,-238
102000112,247,121,126
102000113,24,27,-3
102000114,727,312,415
102000115,245,294,-49
102000116,419,395,24
102000117,249,519,-270
102000118,1078,1125,-47
102000119,1428,786,642
102000120,194,446,-252
102000121,900,417,483
102000122,531,843,-312
102000123,1146,887,259
102000124,959,1117,-158
102000125,914,708,206
102000126,666,825,-159
102000127,1091,614,477
102000128,653,941,-288
102000129,1281,774,507
102000130,711,685,26
102000131,1175,483,692
102000132,413,605,-192
102000133,1911,1447,464
102000134,696,676,20
102000135,723,827,-104
102000136,831,517,314
102000137,790,764,26
102000138,212,367,-155
102000139,132,466,-334
102000140,319,533,-214
102000141,192,357,-165
102000142,267,326,-59
102000143,185,465,-280
102000144,336,358,-22
102000145,414,399,15
102000146,461,294,167
102000147,440,369,71
102000148,233,421,-188
102000149,156,333,-177
102000150,299,98,201
102000151,91,219,-128
102000152,175,114,61
102000153,1086,543,543
102000154,291,564,-273
102000155,100,280,-180
102000156,349,153,196
102000157,80,367,-287
102000158,543,494,49
102000159,803,453,350
102000161,3174,1884,1290
102000162,201,167,34
102000163,107,574,-467
102000164,890,1068,-178
102000165,343,159,184
102000166,80,178,-98
102000167,262,182,80
102000168,263,159,104
102000169,126,395,-269
102000170,507,269,238
102000171,239,326,-87
102000172,240,461,-221
102000173,459,272,187
102000174,90,58,32
102000175,261,100,161
102000176,53,38,15
102000178,260,390,-130
102000179,327,205,122
102000180,863,373,490
102000181,689,482,207
102000182,562,504,58
102000183,1791,1396,395
102000184,1665,673,992
102000185,2473,1262,1211
102000186,1141,1539,-398
102000187,914,1362,-448
102000188,1108,1257,-149
102000189,2078,767,1311
102000190,605,2248,-1643
102000191,1158,438,720
102000192,990,1285,-295
102000193,55,94,-39
102000194,49,106,-57
102000195,486,448,38
102000196,222,307,-85
102000197,739,388,351
102000198,177,751,-574
102000199,1000,363,637
102000200,268,983,-715
102000201,946,402,544
102000202,7,85,-78
102000203,351,260,91
102000204,437,577,-140
102000205,1024,317,707
102000206,554,726,-172
102000207,664,389,275
102000208,419,517,-98
102000209,100,47,53
102000210,525,379,146
102000211,376,232,144
102000212,356,17,339
102000213,11,247,-236
102000214,275,5,270
102000215,8,344,-336
102000216,45,57,-12
102000217,5,109,-104
102000218,302,212,90
102000219,381,226,155
102000225,629,587,42
102000226,3787,1863,1924
102000227,182,1,181
102000228,0,83,-83
102000229,37,48,-11
102000230,287,347,-60
102000231,264,340,-76
102000232,22,127,-105
102000233,351,619,-268
102000234,123,939,-816
102000236,262,72,190
102000237,440,133,307
102000238,158,290,-132
102000240,552,616,-64
102000241,182,123,59
102000243,49,70,-21
102000245,24,106,-82
102000246,23,35,-12
102000247,965,1023,-58
102000248,682,1418,-736
102000249,182,158,24
102000250,91,327,-236
102000254,116,252,-136
102000266,28,272,-244
102000271,19,0,19
102000286,367,356,11
102000297,1530,878,652
102000299,0,0,0
102000301,0,0,0
102000303,0,0,0
102000305,0,0,0
102000307,0,5,-5
102900001,887,673,214
102900002,429,42,387
102900003,52,224,-172
102900005,239,180,59
102900006,296,114,182
102900007,437,19,418
102900008,98,34,64
102900009,447,281,166
102900010,439,937,-498
102900011,1401,225,1176
102900012,453,84,369
102900013,27,82,-55
102900015,612,558,54
102900016,61,136,-75
102900017,134,408,-274
102900018,31,112,-81
102900019,325,348,-23
102900020,140,24,116
102900021,29,78,-49
102900022,614,205,409
102900023,36,48,-12
102900024,44,49,-5
102900025,241,110,131
102900026,306,1538,-1232
102900027,100,60,40
102900028,158,602,-444
102900029,158,193,-35
102900030,400,259,141
102900031,150,126,24
102900032,88,95,-7
102900033,107,194,-87
102900034,368,86,282
102900035,155,263,-108
102900036,256,428,-172
102900037,337,411,-74
102900038,426,429,-3
102900039,42,467,-425
102900040,128,264,-136
102900041,62,157,-95
102900042,183,268,-85
102900043,132,239,-107
102900044,549,1707,-1158
102900045,111,495,-384
102900046,128,249,-121
102900047,104,409,-305
102900048,767,475,292
102900049,117,324,-207
102900050,208,271,-63
102900051,217,168,49
102900053,390,477,-87
102900054,636,920,-284
102900055,80,158,-78
102900056,120,329,-209
102900057,6,44,-38
102900058,284,58,226
102900059,20,51,-31
102900060,105,473,-368
102900061,152,395,-243
102900062,225,770,-545
102900063,948,411,537
102900064,125,337,-212
102900065,1913,670,1243
102900066,203,19,184
102900068,109,67,42
102900070,179,461,-282
102900072,20,62,-42
102900073,123,12,111
102900075,38,71,-33
102900076,171,125,46
102900077,66,59,7
102900078,36,86,-50
102900079,167,12,155
102900080,284,41,243
102900081,104,293,-189
102900082,11,179,-168
102900083,231,15,216
102900084,5,42,-37
102900085,349,136,213
102900086,14,50,-36
102900087,135,121,14
102900088,52,26,26
102900089,201,79,122
102900090,1,236,-235
102900091,158,3,155
102900092,265,599,-334
102900094,5,92,-87
102900095,156,3,153
102900096,57,16,41
102900097,43,120,-77
103000001,2208,2359,-151
103000002,1942,2287,-345
103000003,3084,2602,482
103000004,912,746,166
103000005,1655,2706,-1051
103000006,751,1309,-558
103000007,374,611,-237
103000008,881,567,314
103000009,949,855,94
103000010,227,149,78
103000011,1375,1323,52
103000012,1279,1318,-39
103000013,3320,1749,1571
103000014,1340,2082,-742
103000015,1458,617,841
103000016,487,1221,-734
103000017,219,406,-187
103000018,596,282,314
103000019,323,287,36
103000020,1981,1276,705
103000021,1568,1556,12
103000022,685,911,-226
103000023,700,1618,-918
103000024,88,142,-54
103000025,217,659,-442
103000026,811,101,710
103000027,525,564,-39
103000028,325,373,-48
103000029,249,251,-2
103000030,1284,943,341
103000031,1236,1682,-446
103000032,1986,1566,420
103000033,2555,2712,-157
103000034,1205,1007,198
103000035,383,1284,-901
103000036,387,515,-128
103000037,533,497,36
103000038,416,937,-521
103000039,358,308,50
103000040,480,721,-241
103000041,1468,1900,-432
103000042,1090,397,693
103000043,668,850,-182
103000044,351,162,189
103000046,324,449,-125
103000047,706,601,105
103000048,205,241,-36
103000049,100,175,-75
103000050,635,401,234
103000051,447,413,34
103000052,751,323,428
103000053,148,555,-407
103000054,2478,1422,1056
103000055,1697,2154,-457
103000056,763,1325,-562
103000057,643,266,377
103000058,668,797,-129
103000059,545,739,-194
103000060,759,512,247
103000061,387,822,-435
103000062,1073,547,526
103000063,809,832,-23
103000064,177,155,22
103000065,1,342,-341
103000066,220,16,204
103000069,518,295,223
103000070,1104,645,459
103000071,1038,524,514
103000072,91,532,-441
103000073,504,113,391
103000074,542,102,440
103000075,121,491,-370
103000076,331,249,82
103000077,53,343,-290
103000078,950,505,445
103000079,625,756,-131
103000080,953,334,619
103000081,482,1204,-722
103000082,476,171,305
103000083,72,276,-204
103000084,111,9,102
103000085,1,140,-139
103000086,610,420,190
103000087,128,533,-405
103000088,244,308,-64
103000089,216,400,-184
103000090,1827,793,1034
103000091,646,387,259
103000092,214,231,-17
103000093,284,272,12
103000094,164,77,87
103000095,83,301,-218
103000096,556,81,475
103000097,74,666,-592
103000098,702,174,528
103000099,272,588,-316
103000100,72,536,-464
103000101,761,103,658
103000102,111,453,-342
103000103,648,145,503
103000104,53,91,-38
103000105,135,76,59
103000106,13,131,-118
103000107,166,61,105
103000108,790,553,237
103000109,405,392,13
103000110,466,448,18
103000111,493,368,125
103000112,337,173,164
103000113,557,528,29
103000114,1156,380,776
103000115,516,473,43
103000116,497,389,108
103000117,410,457,-47
103000118,513,523,-10
103000119,894,445,449
103000120,45,112,-67
103000121,546,998,-452
103000122,577,1031,-454
103000125,17,201,-184
103000126,657,5,652
103000127,1,162,-161
103000128,155,0,155
103000129,1,90,-89
103000130,62,34,28
103000131,127,105,22
103000132,72,161,-89
103000133,14,111,-97
103000134,502,718,-216
103000135,493,314,179
103000136,577,477,100
103000137,524,571,-47
103000138,794,750,44
103000139,1,59,-58
103000140,134,34,100
103000141,97,138,-41
103000142,194,65,129
103000143,54,169,-115
103000144,163,80,83
103000145,31,108,-77
103000150,124,37,87
103000152,279,235,44
103000153,227,157,70
103000156,4,260,-256
103000157,443,3,440
103000159,97,27,70
103000162,87,53,34
103000163,14,91,-77
103000164,31,18,13
103000165,97,225,-128
103000166,226,262,-36
103000167,190,131,59
103000168,101,159,-58
103000169,208,419,-211
103000170,865,456,409
103000171,61,91,-30
103000172,480,353,127
103000173,609,481,128
103000174,191,298,-107
103000175,354,233,121
103000176,721,588,133
103000177,456,327,129
103000178,188,244,-56
103000179,380,43,337
103000183,111,21,90
103000185,85,36,49
103000186,108,191,-83
103000187,558,316,242
103000188,16,73,-57
103000189,688,703,-15
103000191,405,403,2
103000292,1274,1483,-209
103000293,847,1817,-970
103000295,89,71,18
103000296,330,0,330
103000297,9,28,-19
103000504,1,9,-8
103000505,4,32,-28
103000506,3,197,-194
103000507,268,3,265
103000508,55,35,20
103000509,227,566,-339
103900001,12,66,-54
103900002,860,163,697
103900003,1023,385,638
103900004,99,1,98
103900005,3,160,-157
103900006,35,34,1
103900007,48,2,46
103900008,35,1,34
103900010,147,440,-293
103900012,4,21,-17
103900014,84,12,72
103900015,40,11,29
103900017,27,97,-70
103900018,561,184,377
103900019,69,303,-234
103900020,203,442,-239
103900021,360,166,194
103900022,1033,654,379
103900023,170,0,170
103900024,90,289,-199
103900025,23,31,-8
103900026,145,2,143
103900027,739,217,522
103900028,143,406,-263
103900029,1070,155,915
103900030,329,97,232
103900031,19,1,18
103900032,93,86,7
103900033,113,4,109
103900034,43,116,-73
103900035,64,36,28
103900036,28,32,-4
103900037,61,54,7
103900038,81,197,-116
103900039,76,266,-190
103900040,9,86,-77
103900041,54,57,-3
103900042,63,311,-248
103900043,183,58,125
103900044,53,240,-187
103900045,398,148,250
103900047,83,22,61
103900048,22,34,-12
103900049,260,1146,-886
103900050,9,112,-103
103900051,0,44,-44
103900053,211,445,-234
103900054,127,267,-140
103900055,134,50,84
103900056,52,69,-17
103900057,20,115,-95
103900058,255,512,-257
103900059,0,43,-43
103900060,59,161,-102
103900061,163,40,123
103900062,232,67,165
103900063,12,1,11
103900064,119,5,114
103900065,420,239,181
103900066,159,16,143
103900067,188,11,177
103900068,36,0,36
103900069,48,24,24
103900070,132,231,-99
103900071,14,106,-92
103900072,18,129,-111
103900073,29,21,8
103900074,79,61,18
103900075,194,55,139
103900076,488,408,80
103900077,26,86,-60
103900078,270,93,177
103900079,186,197,-11
103900080,6,29,-23
103900081,97,35,62
103900082,9,147,-138
103900083,1167,926,241
103900084,62,107,-45
103900085,70,100,-30
103900086,586,301,285
103900088,307,500,-193
103900089,54,119,-65
103900090,2,116,-114
103900091,1114,216,898
103900092,456,401,55
103900093,91,241,-150
103900094,16,114,-98
103900095,539,459,80
103900096,22,138,-116
103900097,11,368,-357
103900098,257,131,126
103900099,50,75,-25
103900100,173,306,-133
103900101,104,892,-788
103900102,0,26,-26
103900104,2,24,-22
103900105,109,209,-100
103900106,1,87,-86
103900107,144,184,-40
103900108,74,292,-218
103900109,152,59,93
103900110,194,51,143
103900111,85,395,-310
103900112,37,66,-29
103900113,67,108,-41
103900114,459,536,-77
103900115,242,133,109
103900116,4209,2514,1695
103900117,103,64,39
103900119,30,87,-57
103900120,88,80,8
103900122,91,210,-119
103900123,1137,629,508
103900124,86,373,-287
103900125,142,90,52
103900126,443,271,172
103900127,260,257,3
103900128,592,273,319
103900131,29,120,-91
103900133,790,42,748
103900134,2,6,-4
103900135,0,0,0
103900137,1,15,-14
103900138,60,137,-77
103900139,337,1586,-1249
103900140,2,111,-109
103900141,237,63,174
103900142,174,153,21
103900143,42,1,41
103900144,0,30,-30
103900145,147,217,-70
103900146,241,187,54
103900147,249,125,124
103900148,392,604,-212
103900149,296,483,-187
103900150,4669,3126,1543
103900151,47,139,-92
103900152,445,364,81
103900153,5,2,3
103900154,1237,1599,-362
103900155,37,184,-147
103900156,69,138,-69
103900157,67,133,-66
103900158,97,109,-12
103900159,150,40,110
103900160,33,49,-16
103900161,92,146,-54
103900162,310,395,-85
103900163,12,390,-378
103900167,10,101,-91
103900168,65,87,-22
103900169,38,37,1
103900170,0,66,-66
103900171,3,30,-27
103900172,5,15,-10
103900173,18,19,-1
103900174,197,43,154
103900175,32,68,-36
103900176,14,46,-32
103900177,10,63,-53
103900178,58,45,13
103900179,55,110,-55
103900180,14,48,-34
103900181,56,40,16
103900182,35,14,21
103900184,387,85,302
103900185,123,315,-192
103900187,24,80,-56
103900188,50,24,26
103900189,144,8,136
103900190,61,66,-5
103900191,36,35,1
103900192,36,91,-55
103900193,132,147,-15
103900194,73,239,-166
103900195,8,107,-99
103900196,21,33,-12
103900197,20,61,-41
103900198,24,65,-41
103900199,121,70,51
103900200,167,135,32
103900201,99,164,-65
103900202,14,73,-59
103900203,45,20,25
103900204,0,58,-58
103900207,1,66,-65
103900208,71,3,68
103900209,6,92,-86
103900210,21,35,-14
103900211,444,279,165
103900212,265,403,-138
103900213,66,221,-155
103900214,285,212,73
103900215,323,325,-2
103900216,14,281,-267
103900217,355,14,341
103900218,87,317,-230
103900219,162,233,-71
103900233,25,0,25
103900235,21,14,7
103900236,38,3,35
103900242,11,18,-7
103900243,4,13,-9
103900244,103,190,-87
103900245,69,142,-73
103900246,60,31,29
103900247,27,86,-59
103900248,21,114,-93
103900249,28,78,-50
103900250,25,18,7
103900251,2,30,-28
103900253,17,56,-39
103900254,0,18,-18
103900255,7,18,-11
103900256,11,28,-17
103900257,180,109,71
103900258,48,7,41
103900259,52,7,45
103900261,11,2,9
103900262,47,2,45
103900263,61,51,10
103900264,81,54,27
103900265,99,46,53
103900266,1,68,-67
103900267,10,92,-82
103900268,14,91,-77
103900269,179,32,147
103900270,71,144,-73
103900271,16,65,-49
103900272,71,67,4
103900273,25,25,0
103900274,90,6,84
103900275,24,8,16
103900276,6,49,-43
103900277,4,41,-37
103900278,7,25,-18
103900279,1,21,-20
103900280,0,62,-62
104000001,2180,1655,525
104000002,1538,2214,-676
104000003,2050,2049,1
104000004,2521,2397,124
104000005,1520,1886,-366
104000006,3287,2849,438
104000007,4043,4041,2
104000008,197,245,-48
104000009,148,104,44
104000010,154,287,-133
104000011,384,274,110
104000012,126,297,-171
104000013,235,172,63
104000014,202,546,-344
104000015,299,140,159
104000016,547,371,176
104000018,835,164,671
104000019,632,188,444
104000020,143,488,-345
104000021,236,527,-291
104000022,132,257,-125
104000023,664,283,381
104000024,248,295,-47
104000026,29,303,-274
104000027,218,214,4
104000028,345,221,124
104000029,324,321,3
104000030,263,208,55
104000031,1173,353,820
104000032,239,218,21
104000033,572,465,107
104000034,310,250,60
104000035,780,348,432
104000036,703,429,274
104000037,334,191,143
104000038,471,569,-98
104000039,201,174,27
104000040,277,294,-17
104000041,898,315,583
104000042,217,309,-92
104000043,229,317,-88
104000044,227,502,-275
104000045,843,912,-69
104000046,928,1188,-260
104000047,773,966,-193
104000048,878,1255,-377
104000049,972,272,700
104000050,214,521,-307
104000051,132,484,-352
104000052,2045,1884,161
104000053,1047,411,636
104000054,353,273,80
104000055,3062,1860,1202
104000056,1182,242,940
104000057,267,498,-231
104000058,765,706,59
104000059,489,882,-393
104000060,990,1079,-89
104000061,1200,807,393
104000062,475,143,332
104000064,501,268,233
104000065,210,556,-346
104000069,950,1010,-60
104000070,65,435,-370
104000071,273,474,-201
104000072,586,290,296
104000075,55,205,-150
104000076,474,78,396
104000082,1914,2685,-771
104000083,756,170,586
104000084,119,498,-379
104000085,229,323,-94
104000086,176,432,-256
104000087,425,1699,-1274
104000090,689,1110,-421
104000092,996,1670,-674
104000094,797,1115,-318
104000095,1715,1305,410
104000096,1199,111,1088
104000097,1538,693,845
104000098,2012,720,1292
104000100,1456,541,915
104000101,1028,1439,-411
104000106,126,620,-494
104000107,574,424,150
104000108,268,427,-159
104000109,258,69,189
104000110,801,827,-26
104000111,2775,1870,905
104000112,1691,497,1194
104000116,2,871,-869
104000117,193,472,-279
104000118,496,162,334
104000119,562,242,320
104000120,265,488,-223
104000121,202,654,-452
104000122,563,653,-90
104000123,594,872,-278
104000124,767,1573,-806
104000125,2514,3627,-1113
104000126,313,329,-16
104000127,1132,2304,-1172
104000128,537,404,133
104000129,323,26,297
104000130,7,196,-189
104000131,493,440,53
104000132,404,463,-59
104000133,1308,774,534
104000134,868,1444,-576
104000135,417,1791,-1374
104000136,709,3527,-2818
104000137,1464,377,1087
104000138,733,270,463
104000139,4520,2422,2098
104000141,982,1132,-150
104000142,513,573,-60
104000143,544,405,139
104000144,93,169,-76
104000145,349,189,160
104000146,224,469,-245
104000147,107,225,-118
104000148,328,146,182
104000149,180,236,-56
104000150,876,448,428
104000151,309,314,-5
104000152,548,415,133
104000153,470,483,-13
104000154,917,509,408
104000155,456,527,-71
104000157,837,1261,-424
104000158,334,559,-225
104000159,766,539,227
104000160,1724,1858,-134
104000161,177,165,12
104000162,62,136,-74
104000165,962,877,85
104000167,583,846,-263
104000168,508,21,487
104000169,111,34,77
104000170,425,544,-119
104000248,256,518,-262
104000251,59,213,-154
104000272,0,0,0
104000273,0,0,0
104000274,0,0,0
104000275,0,0,0
104000279,2559,1918,641
104000290,75,259,-184
104000291,567,940,-373
104000293,749,704,45
104000294,31,0,31
104000295,597,716,-119
104000296,368,761,-393
104000297,807,1605,-798
104000298,2620,895,1725
104000299,626,1298,-672
104000302,91,122,-31
104000303,182,142,40
104900001,183,295,-112
104900002,39,147,-108
104900003,40,215,-175
104900004,73,180,-107
104900005,251,181,70
104900006,230,113,117
104900007,238,209,29
104900009,105,232,-127
104900010,56,60,-4
104900011,62,10,52
104900012,241,28,213
104900013,128,39,89
104900014,1668,183,1485
104900015,115,10,105
104900016,220,173,47
104900017,163,190,-27
104900018,12,139,-127
104900019,237,2272,-2035
104900020,73,228,-155
104900021,1,119,-118
104900022,6,102,-96
104900023,2,59,-57
104900024,27,103,-76
104900025,53,190,-137
104900026,2,62,-60
104900027,382,265,117
104900028,18,64,-46
104900029,45,42,3
104900030,470,168,302
104900031,73,170,-97
104900032,39,77,-38
104900033,122,240,-118
104900034,299,123,176
104900035,355,145,210
104900036,188,64,124
104900037,111,149,-38
104900038,369,765,-396
104900039,496,373,123
104900040,452,92,360
104900041,247,127,120
104900042,112,236,-124
104900043,10,149,-139
104900044,529,167,362
104900045,392,63,329
104900046,209,89,120
104900047,244,96,148
104900048,229,51,178
104900049,24,42,-18
104900050,240,51,189
104900051,202,20,182
104900052,60,0,60
104900053,339,84,255
104900054,136,28,108
104900055,119,2,117
104900056,136,14,122
104900057,37,0,37
104900058,540,272,268
104900059,337,97,240
104900061,182,376,-194
104900063,43,83,-40
104900064,1,61,-60
104900065,0,168,-168
104900066,1,86,-85
104900067,2,223,-221
104900068,15,133,-118
104900070,139,211,-72
104900071,1,366,-365
104900072,38,261,-223
104900073,57,125,-68
104900074,44,219,-175
104900075,32,29,3
104900076,72,251,-179
104900077,602,164,438
104900078,170,389,-219
104900079,80,364,-284
104900080,89,448,-359
104900082,11,374,-363
104900085,11,214,-203
104900089,184,2,182
104900091,761,445,316
104900093,186,410,-224
104900097,1939,1808,131
104900098,68,45,23
104900099,65,411,-346
104900100,379,157,222
104900102,33,142,-109
104900103,381,61,320
104900106,93,95,-2
104900107,210,136,74
104900108,37,134,-97
104900109,82,193,-111
104900110,15,48,-33
104900111,104,52,52
104900112,241,496,-255
104900113,567,286,281
104900114,268,350,-82
104900115,636,350,286
104900116,195,137,58
104900118,27,63,-36
104900119,10,49,-39
104900120,42,252,-210
104900121,2,63,-61
104900122,4,32,-28
104900123,57,5,52
104900124,46,1,45
104900125,357,4,353
104900126,53,42,11
104900127,32,49,-17
104900128,110,72,38
104900129,1274,1617,-343
105000001,2491,1418,1073
105000002,2174,1313,861
105000003,2976,2917,59
105000004,585,764,-179
105000005,762,956,-194
105000006,1264,1466,-202
105000007,1101,1486,-385
105000008,1629,2967,-1338
105000009,2138,2892,-754
105000010,2452,1789,663
105000011,3116,2565,551
105000012,3619,2649,970
105000013,938,1062,-124
105000014,1767,2363,-596
105000015,8941,13284,-4343
105000016,2666,1977,689
105000017,1559,766,793
105000018,1173,1272,-99
105000019,1128,730,398
105000020,183,350,-167
105000021,298,111,187
105000022,297,87,210
105000023,504,359,145
105000028,88,115,-27
105000029,527,1144,-617
105000030,3650,2443,1207
105000031,12,42,-30
105000033,969,1786,-817
105000034,143,825,-682
105000037,519,224,295
105000038,1602,1612,-10
105000039,2223,1450,773
105000040,833,1080,-247
105000041,732,1061,-329
105000042,2694,1508,1186
105000043,1570,1873,-303
105000044,504,381,123
105000045,295,656,-361
105000046,1082,327,755
105000047,434,1172,-738
105000048,537,208,329
105000049,244,374,-130
105000050,616,346,270
105000051,107,341,-234
105000052,603,746,-143
105000053,135,134,1
105000054,471,696,-225
105000055,730,326,404
105000056,1427,1778,-351
105000057,1137,611,526
105000058,1154,961,193
105000059,613,577,36
105000060,406,520,-114
105000061,548,529,19
105000062,527,582,-55
105000063,263,391,-128
105000064,1266,699,567
105000065,344,503,-159
105000066,1019,1027,-8
105000067,1313,707,606
105000068,387,729,-342
105000069,1508,1590,-82
105000070,397,763,-366
105000071,219,686,-467
105000072,1047,2017,-970
105000073,780,507,273
105000074,884,641,243
105000075,470,756,-286
105000076,1136,914,222
105000077,2620,1008,1612
105000078,1034,1199,-165
105000079,1156,3206,-2050
105000080,1515,1099,416
105000081,3903,1380,2523
105000082,934,1835,-901
105000083,4838,3801,1037
105000084,798,680,118
105000085,1767,1942,-175
105000086,627,805,-178
105000087,1168,1515,-347
105000088,1297,1417,-120
105000089,2454,1740,714
105000090,874,738,136
105000091,1189,1360,-171
105000092,653,665,-12
105000093,291,259,32
105000094,247,273,-26
105000095,122,506,-384
105000096,1231,1030,201
105000097,986,845,141
105000098,882,587,295
105000099,775,677,98
105000100,1138,1084,54
105000101,1708,1546,162
105000102,1503,1342,161
105000103,1238,1924,-686
105000104,2768,855,1913
105000105,1584,1613,-29
105000106,1312,1317,-5
105000107,1223,792,431
105000108,1402,1234,168
105000109,1273,1401,-128
105000110,716,466,250
105000111,724,604,120
105000112,1093,622,471
105000113,430,657,-227
105000114,2214,1007,1207
105000115,370,1064,-694
105000116,736,539,197
105000117,849,825,24
105000118,437,440,-3
105000119,513,716,-203
105000120,903,507,396
105000121,704,850,-146
105000122,504,606,-102
105000123,1220,1039,181
105000124,1618,665,953
105000125,761,1426,-665
105000126,1936,1398,538
105000127,2052,1569,483
105000128,710,896,-186
105000129,669,325,344
105000130,389,2680,-2291
105000131,692,340,352
105000132,780,570,210
105000133,379,791,-412
105000134,616,539,77
105000135,434,546,-112
105000136,185,304,-119
105000137,497,201,296
105000138,229,301,-72
105000139,961,832,129
105000140,437,441,-4
105000141,354,425,-71
105000142,210,424,-214
105000143,213,511,-298
105000144,231,779,-548
105000145,619,353,266
105000146,361,838,-477
105000147,583,325,258
105000148,1182,577,605
105000149,2082,1930,152
105000150,1750,1294,456
105000151,355,285,70
105000152,195,420,-225
105000153,495,618,-123
105000154,586,474,112
105000155,343,818,-475
105000156,698,551,147
105000157,663,1191,-528
105000158,1658,659,999
105000159,304,759,-455
105000160,1500,527,973
105000161,609,761,-152
105000162,532,1318,-786
105000163,858,681,177
105000164,246,231,15
105000165,720,4259,-3539
105000166,3808,831,2977
105000167,1400,1248,152
105000168,432,529,-97
105000169,536,336,200
105000170,200,1008,-808
105000171,860,168,692
105000172,221,58,163
105000173,177,89,88
105000174,72,48,24
105000175,58,127,-69
105000176,294,69,225
105000177,293,171,122
105000178,117,376,-259
105000179,465,165,300
105000180,138,125,13
105000181,129,191,-62
105000182,88,51,37
105000183,1934,1904,30
105000184,1615,1053,562
105000185,1195,1033,162
105000186,567,758,-191
105000187,716,221,495
105000188,294,150,144
105000189,207,493,-286
105000190,241,257,-16
105000191,407,373,34
105000192,335,99,236
105000193,72,130,-58
105000194,607,134,473
105000195,326,548,-222
105000196,121,322,-201
105000197,256,471,-215
105000198,574,290,284
105000199,336,785,-449
105000200,170,243,-73
105000201,158,40,118
105000203,24,217,-193
105000204,91,71,20
105000205,101,217,-116
105000207,437,214,223
105000208,154,547,-393
105000209,217,274,-57
105000211,325,19,306
105000212,1014,932,82
105000213,127,155,-28
105000214,120,239,-119
105000215,283,175,108
105000216,152,319,-167
105000217,129,338,-209
105000218,1277,986,291
105000221,117,105,12
105000222,870,214,656
105000223,309,197,112
105000226,102,207,-105
105000227,74,149,-75
105000228,252,1609,-1357
105000229,118,426,-308
105000231,413,287,126
105000233,844,659,185
105000234,426,1100,-674
105000235,325,544,-219
105000237,572,65,507
105000243,21,28,-7
105000248,59,72,-13
105000262,302,947,-645
105000269,118,201,-83
105000270,360,24,336
105000271,0,172,-172
105000282,50,37,13
105000287,436,107,329
105000288,535,399,136
105000289,2978,1888,1090
105000290,45,8,37
105000402,2794,3331,-537
105000426,503,541,-38
105000438,4100,1643,2457
105000440,47,31,16
105000446,9405,5185,4220
105000447,5726,2567,3159
105000454,429,596,-167
105000455,279,163,116
105000474,33,0,33
105000477,321,503,-182
105000478,1578,4006,-2428
105000479,94,130,-36
105000480,9728,6834,2894
105000481,4836,3199,1637
105000482,4654,7726,-3072
105000483,1736,1856,-120
105000484,2055,3113,-1058
105000485,1433,3126,-1693
105000486,3340,2210,1130
105000488,9745,5161,4584
105000489,742,661,81
105000549,127,138,-11
105000550,523,1399,-876
105000551,35,116,-81
105000552,2449,1509,940
105000555,1398,911,487
105000556,49,47,2
105000557,62,192,-130
105900001,13,1461,-1448
105900002,949,661,288
105900003,14,87,-73
105900004,204,123,81
105900005,19,184,-165
105900006,19,99,-80
105900007,103,27,76
105900008,75,442,-367
105900009,36,6,30
105900011,97,34,63
105900012,337,82,255
105900013,1,28,-27
105900014,5,53,-48
105900015,140,279,-139
105900016,346,304,42
105900017,945,35,910
105900018,184,144,40
105900019,71,204,-133
105900020,31,58,-27
105900021,23,180,-157
105900022,206,130,76
105900023,4,98,-94
105900024,12,140,-128
105900025,159,17,142
105900026,194,20,174
105900027,6758,4781,1977
105900028,739,326,413
105900029,1201,304,897
105900030,127,206,-79
105900031,378,171,207
105900032,63,145,-82
105900033,92,101,-9
105900034,221,142,79
105900035,119,126,-7
105900036,110,94,16
105900037,80,70,10
105900038,149,236,-87
105900039,136,92,44
105900040,49,75,-26
105900041,160,148,12
105900042,52,157,-105
105900043,939,44,895
105900044,3,201,-198
105900045,3,604,-601
105900046,7,314,-307
105900047,11,52,-41
105900048,85,385,-300
105900050,4443,3614,829
105900051,31,736,-705
105900052,379,240,139
105900053,2027,2209,-182
105900054,306,108,198
105900056,488,329,159
105900057,32,99,-67
105900058,9,18,-9
105900059,2,34,-32
106000001,3941,2193,1748
106000002,1924,4771,-2847
106000003,2631,2938,-307
106000004,1446,2420,-974
106000005,2974,4677,-1703
106000006,4924,3326,1598
106000007,537,612,-75
106000008,479,323,156
106000009,532,364,168
106000010,541,564,-23
106000011,991,884,107
106000012,826,1084,-258
106000013,1425,1584,-159
106000014,1647,1342,305
106000015,1596,1174,422
106000016,1071,1620,-549
106000017,522,607,-85
106000018,587,464,123
106000019,338,428,-90
106000020,324,304,20
106000021,324,380,-56
106000022,286,193,93
106000023,530,363,167
106000024,438,379,59
106000025,142,143,-1
106000026,125,275,-150
106000027,1353,1144,209
106000028,489,378,111
106000029,638,876,-238
106000030,483,475,8
106000034,183,521,-338
106000035,954,1827,-873
106000036,201,379,-178
106000037,1695,1278,417
106000038,347,99,248
106000039,114,79,35
106000040,106,737,-631
106000041,615,438,177
106000043,532,227,305
106000046,322,60,262
106000047,56,454,-398
106000049,972,169,803
106000050,292,569,-277
106000051,668,411,257
106000052,85,541,-456
106000053,342,99,243
106000054,308,420,-112
106000055,935,725,210
106000056,295,362,-67
106000057,387,250,137
106000058,135,158,-23
106000059,291,240,51
106000060,283,470,-187
106000061,227,411,-184
106000062,130,444,-314
106000063,599,499,100
106000064,34,277,-243
106000065,282,259,23
106000066,85,275,-190
106000067,361,76,285
106000068,49,502,-453
106000069,199,40,159
106000070,398,653,-255
106000071,821,324,497
106000072,2174,1352,822
106000073,1331,2647,-1316
106000074,557,536,21
106000075,295,1336,-1041
106000076,1693,1686,7
106000077,2984,1278,1706
106000078,896,867,29
106000079,626,698,-72
106000080,1059,516,543
106000081,552,1002,-450
106000082,1920,800,1120
106000083,417,1374,-957
106000084,1067,660,407
106000085,1116,1280,-164
106000086,627,751,-124
106000087,877,522,355
106000088,371,682,-311
106000089,835,316,519
106000090,232,541,-309
106000091,263,414,-151
106000092,568,195,373
106000093,311,90,221
106000094,112,239,-127
106000095,692,601,91
106000096,792,596,196
106000097,967,683,284
106000098,759,787,-28
106000099,254,809,-555
106000100,1242,193,1049
106000101,1590,332,1258
106000102,367,611,-244
106000103,267,522,-255
106000104,922,373,549
106000105,439,537,-98
106000106,546,449,97
106000107,175,253,-78
106000108,352,329,23
106000109,213,300,-87
106000110,239,291,-52
106000111,193,372,-179
106000112,209,458,-249
106000113,624,423,201
106000114,540,544,-4
106000115,223,398,-175
106000116,274,175,99
106000117,1012,502,510
106000118,1111,1137,-26
106000119,1195,780,415
106000120,697,1060,-363
106000121,178,127,51
106000122,91,181,-90
106000123,468,116,352
106000124,74,176,-102
106000125,20,175,-155
106000126,281,92,189
106000127,715,628,87
106000128,762,186,576
106000129,415,459,-44
106000130,663,253,410
106000131,168,636,-468
106000132,538,135,403
106000133,1452,1067,385
106000134,463,1807,-1344
106000135,206,490,-284
106000136,523,881,-358
106000137,76,563,-487
106000138,915,110,805
106000139,56,83,-27
106000140,41,48,-7
106000141,94,37,57
106000142,67,79,-12
106000143,33,44,-11
106000144,55,74,-19
106000145,205,223,-18
106000146,383,135,248
106000147,678,551,127
106000148,853,900,-47
106000149,484,426,58
106000150,438,1574,-1136
106000151,3150,730,2420
106000152,1039,1584,-545
106000153,86,1409,-1323
106000154,1242,197,1045
106000155,116,284,-168
106000156,599,197,402
106000157,541,1224,-683
106000158,1784,762,1022
106000159,2076,1541,535
106000160,423,2208,-1785
106000161,1190,290,900
106000162,239,843,-604
106000163,350,300,50
106000164,330,268,62
106000165,174,384,-210
106000166,650,300,350
106000167,387,756,-369
106000168,458,194,264
106000169,230,508,-278
106000170,862,241,621
106000171,397,958,-561
106000172,2273,1348,925
106000173,1010,2097,-1087
106000174,991,323,668
106000175,239,635,-396
106000176,1269,831,438
106000177,684,1873,-1189
106000178,2820,1729,1091
106000179,881,1839,-958
106000180,730,887,-157
106000181,692,1346,-654
106000182,1205,657,548
106000183,1099,514,585
106000184,1624,559,1065
106000185,774,988,-214
106000186,792,132,660
106000187,187,786,-599
106000188,6,2,4
106000189,22,39,-17
106000190,33,0,33
106000191,571,176,395
106000192,2,20,-18
106000193,418,168,250
106000194,173,302,-129
106000195,767,128,639
106000196,132,312,-180
106000197,578,208,370
106000198,176,216,-40
106000199,1033,573,460
106000200,188,231,-43
106000201,451,2042,-1591
106000202,2860,517,2343
106000203,70,161,-91
106000204,126,11,115
106000205,20,131,-111
106000206,92,21,71
106000207,41,681,-640
106000208,1192,171,1021
106000209,1279,348,931
106000210,422,753,-331
106000211,242,815,-573
106000212,628,346,282
106000213,503,1601,-1098
106000214,2040,537,1503
106000215,235,404,-169
106000216,337,316,21
106000217,261,343,-82
106000218,439,344,95
106000219,175,268,-93
106000220,415,226,189
106000221,169,212,-43
106000222,61,80,-19
106000223,230,70,160
106000224,200,191,9
106000225,96,106,-10
106000226,114,215,-101
106000228,32,86,-54
106000229,123,707,-584
106000231,803,110,693
106000232,100,306,-206
106000233,480,80,400
106000234,253,157,96
106000235,517,127,390
106000236,242,80,162
106000237,5,11,-6
106000238,30,19,11
106000239,2,82,-80
106000240,56,2,54
106000241,15,549,-534
106000242,290,55,235
106000249,50,63,-13
106000250,44,451,-407
106000251,124,19,105
106000252,60,56,4
106000253,40,59,-19
106000254,55,41,14
106000255,21,144,-123
106000256,42,56,-14
106000257,147,181,-34
106000258,224,29,195
106000259,11,48,-37
106000260,32,7,25
106000261,3,42,-39
106000262,74,10,64
106000263,14,35,-21
106000264,153,5,148
106000265,8,149,-141
106000266,140,21,119
106000267,2,74,-72
106000268,427,38,389
106000269,58,32,26
106000270,102,431,-329
106000271,91,176,-85
106000272,212,44,168
106000273,9,241,-232
106000274,147,24,123
106000275,130,220,-90
106000276,137,38,99
106000277,118,266,-148
106000278,145,43,102
106000279,13,33,-20
106000280,74,73,1
106000281,69,56,13
106000282,64,85,-21
106000283,117,50,67
106000284,63,88,-25
106000285,106,82,24
106000286,92,121,-29
106000287,87,57,30
106000288,72,144,-72
106000289,80,70,10
106000290,61,99,-38
106000291,104,70,34
106000292,60,93,-33
106000293,111,91,20
106000294,113,93,20
106000295,45,33,12
106000296,39,88,-49
106000297,62,192,-130
106000298,110,76,34
106000299,91,107,-16
106000300,68,82,-14
106000301,52,102,-50
106000303,17,72,-55
106000304,36,37,-1
106000305,43,44,-1
106000306,39,37,2
106000307,39,28,11
106000308,25,94,-69
106000309,15,72,-57
106000310,283,413,-130
106000311,309,171,138
106000312,89,138,-49
106000313,206,172,34
106000318,89,435,-346
106000319,931,250,681
106000320,8,66,-58
106000321,286,99,187
106000322,157,99,58
106000324,15,112,-97
106000325,1400,789,611
106000326,858,1451,-593
106000327,168,118,50
106000328,49,108,-59
106000329,370,209,161
106000330,124,64,60
106000428,103,187,-84
106000429,157,469,-312
106000430,350,1049,-699
106000431,2090,390,1700
106000432,1850,2413,-563
106000433,2297,1497,800
106000434,2758,1388,1370
106000435,1275,2105,-830
106000436,15,193,-178
106000437,275,65,210
106000438,367,158,209
106000439,69,397,-328
106000440,279,484,-205
106000441,1,2,-1
106000442,195,15,180
106000443,161,232,-71
106000450,5,136,-131
106000451,31,62,-31
106000454,5,182,-177
106000455,12,209,-197
106000456,110,26,84
106000457,8,788,-780
106000458,648,101,547
106000459,196,257,-61
106000460,1399,23,1376
106000461,82,855,-773
106000462,0,25,-25
106000463,2,13,-11
106000464,0,405,-405
106000465,684,3,681
106000466,4,406,-402
106000467,246,368,-122
106000468,62,118,-56
106000469,147,1,146
106000470,266,1393,-1127
106000471,22,473,-451
106000472,159,29,130
106000473,45,7,38
106000474,453,411,42
106000475,386,214,172
106000476,170,242,-72
106000477,30,127,-97
106000480,0,264,-264
106900001,0,10,-10
106900002,2,269,-267
106900003,243,931,-688
106900004,2,18,-16
106900006,0,6,-6
106900007,0,8,-8
106900008,251,147,104
106900009,247,224,23
106900010,224,182,42
106900012,1039,1732,-693
106900013,586,122,464
106900014,31,3,28
106900015,16,5,11
106900016,222,22,200
106900017,3,1,2
106900018,0,0,0
106900019,33,0,33
106900020,1927,1168,759
106900021,117,78,39
106900022,515,1,514
106900023,314,271,43
106900024,543,44,499
106900025,38,436,-398
106900026,1,400,-399
106900027,824,3,821
107000001,3746,3261,485
107000002,2642,4060,-1418
107000003,5416,5850,-434
107000004,3823,3809,14
107000005,4560,5179,-619
107000006,4445,3559,886
107000007,5322,9194,-3872
107000008,9180,6602,2578
107000009,7127,7251,-124
107000010,8125,8034,91
107000011,1249,1205,44
107000012,3508,2530,978
107000013,72,92,-20
107000014,53,278,-225
107000015,583,798,-215
107000016,626,618,8
107000017,2450,1456,994
107000018,5,951,-946
107000020,1694,1445,249
107000021,1249,462,787
107000022,775,1339,-564
107000023,2790,283,2507
107000024,550,1280,-730
107000025,214,441,-227
107000026,325,432,-107
107000027,1411,1161,250
107000028,1271,1185,86
107000029,3308,3024,284
107000030,3084,2665,419
107000031,3916,2678,1238
107000032,496,893,-397
107000033,2395,3610,-1215
107000034,2845,1403,1442
107000035,299,207,92
107000036,386,1173,-787
107000037,84,697,-613
107000038,225,281,-56
107000039,791,802,-11
107000040,172,278,-106
107000041,1219,657,562
107000042,651,1679,-1028
107000043,2187,1164,1023
107000044,470,303,167
107000045,117,260,-143
107000046,811,383,428
107000047,381,712,-331
107000048,765,321,444
107000049,627,710,-83
107000050,1110,509,601
107000051,346,326,20
107000052,1136,934,202
107000053,313,193,120
107000054,80,264,-184
107000055,360,108,252
107000056,613,766,-153
107000057,1686,284,1402
107000058,2132,2247,-115
107000059,1970,3126,-1156
107000060,3876,4744,-868
107000061,4291,3095,1196
107000062,4221,2742,1479
107000063,3717,4120,-403
107000064,4261,2176,2085
107000065,4291,3693,598
107000066,1780,2490,-710
107000067,1200,1230,-30
107000068,1330,765,565
107000069,873,620,253
107000070,1471,5,1466
107000071,3110,48,3062
107000072,67,2612,-2545
107000073,759,357,402
107000074,143,891,-748
107000075,1705,582,1123
107000076,676,1259,-583
107000077,3510,1487,2023
107000078,2649,2608,41
107000079,2542,1061,1481
107000080,1137,2693,-1556
107000081,1726,590,1136
107000082,524,1439,-915
107000083,1297,433,864
107000084,319,1535,-1216
107000085,2679,2941,-262
107000086,3260,3205,55
107000087,2870,1858,1012
107000088,3020,3320,-300
107000089,1505,1592,-87
107000090,985,976,9
107000091,1408,758,650
107000092,755,916,-161
107000093,1196,789,407
107000094,1004,1023,-19
107000095,592,577,15
107000096,523,770,-247
107000097,869,421,448
107000098,757,621,136
107000099,534,267,267
107000100,281,401,-120
107000101,46,155,-109
107000102,208,312,-104
107000103,272,156,116
107000104,184,252,-68
107000105,335,131,204
107000106,480,247,233
107000107,536,200,336
107000108,192,451,-259
107000109,687,209,478
107000110,65,525,-460
107000111,361,41,320
107000112,47,271,-224
107000113,642,137,505
107000114,125,476,-351
107000115,557,173,384
107000116,113,602,-489
107000117,121,547,-426
107000118,117,161,-44
107000119,1212,1384,-172
107000120,1045,408,637
107000121,849,688,161
107000122,1193,716,477
107000123,517,567,-50
107000124,472,722,-250
107000125,956,569,387
107000126,919,696,223
107000129,188,645,-457
107000130,597,228,369
107000131,339,497,-158
107000132,514,327,187
107000133,666,108,558
107000134,291,0,291
107000135,2,315,-313
107000136,838,10,828
107000137,9,454,-445
107000138,388,29,359
107000139,15,437,-422
107000140,1446,98,1348
107000141,184,722,-538
107000142,524,128,396
107000143,62,576,-514
107000144,683,424,259
107000145,177,410,-233
107000146,223,293,-70
107000147,4218,1196,3022
107000150,521,2541,-2020
107000151,39,104,-65
107000152,402,1402,-1000
107000153,179,320,-141
107000154,250,301,-51
107000155,837,29,808
107000156,1048,27,1021
107000157,88,1160,-1072
107000158,667,38,629
107000159,51,811,-760
107000160,984,158,826
107000161,83,1242,-1159
107000162,269,561,-292
107000163,247,5,242
107000164,819,1,818
107000165,934,12,922
107000166,47,1039,-992
107000167,562,224,338
107000168,909,479,430
107000169,729,778,-49
107000170,1850,874,976
107000171,736,1541,-805
107000172,1140,1345,-205
107000173,628,747,-119
107000174,974,4471,-3497
107000175,5615,1407,4208
107000176,1,0,1
107000177,1,3,-2
107000178,14,32,-18
107000179,268,1692,-1424
107000180,1293,302,991
107000181,411,968,-557
107000182,1720,837,883
107000183,126,627,-501
107000184,1092,659,433
107000185,388,1053,-665
107000186,992,394,598
107000187,1214,1123,91
107000188,623,601,22
107000189,459,960,-501
107000190,508,628,-120
107000191,833,1121,-288
107000192,1494,676,818
107000193,346,408,-62
107000194,874,563,311
107000197,915,225,690
107000198,309,658,-349
107000199,627,587,40
107000200,563,628,-65
107000201,469,296,173
107000202,323,459,-136
107000203,770,820,-50
107000204,1006,1174,-168
107000205,1960,839,1121
107000206,776,1294,-518
107000207,661,879,-218
107000208,927,493,434
107000209,1316,1194,122
107000210,693,388,305
107000211,2,60,-58
107000212,14,249,-235
107000213,5,26,-21
107000214,11,123,-112
107000215,315,221,94
107000216,352,271,81
107000217,131,110,21
107000219,70,113,-43
107000220,180,158,22
107000222,237,581,-344
107000224,498,101,397
107000225,1178,361,817
107000226,358,115,243
107000227,216,238,-22
107000228,96,256,-160
107000229,148,139,9
107000230,984,378,606
107000231,1530,1789,-259
107000232,152,42,110
107000233,1319,887,432
107000234,1,38,-37
107000235,76,10,66
107000236,31,435,-404
107000237,15,1,14
107000238,63,1,62
107000239,3148,415,2733
107000240,135,981,-846
107000243,0,45,-45
107000244,5,57,-52
107000246,0,967,-967
107000249,3,1198,-1195
107000251,2,549,-547
107000252,3,1040,-1037
107000255,228,45,183
107000257,1,365,-364
107000258,0,84,-84
107000259,1,145,-144
107000260,688,12,676
107000262,11,493,-482
107000263,246,32,214
107000266,11,14,-3
107000267,95,133,-38
107000268,108,118,-10
107000269,489,118,371
107000270,4,22,-18
107000271,21,510,-489
107000272,20,87,-67
107000273,15,309,-294
107000274,1370,12,1358
107000275,789,2064,-1275
107000280,816,36,780
107000281,49,779,-730
107000282,84,819,-735
107000290,5,40,-35
107000291,26,4,22
107000292,1,77,-76
107000293,65,10,55
107000294,0,36,-36
107000295,93,2,91
107000296,0,18,-18
107000444,451,4,447
107000496,2,23,-21
107000497,1277,1881,-604
107000500,320,297,23
107000501,101,112,-11
107000502,181,301,-120
107000505,329,696,-367
107000506,1,56,-55
107000508,7,669,-662
107000509,268,759,-491
107000510,33,24,9
107000514,63,339,-276
107000515,14,171,-157
107000516,390,221,169
107000518,1072,1323,-251
107000519,1447,818,629
107000520,88,30,58
107000521,576,460,116
107000522,1151,570,581
107900001,51,163,-112
107900002,61,6,55
107900003,89,26,63
107900004,4,0,4
107900005,1188,7,1181
107900006,116,2,114
107900007,255,44,211
107900008,103,26,77
107900009,113,8,105
107900010,30,4,26
107900012,200,29,171
107900013,164,33,131
107900014,28,5,23
107900015,735,13,722
107900016,317,51,266
107900017,8,1,7
107900018,55,113,-58
107900019,31,58,-27
107900020,59,32,27
107900021,83,109,-26
107900023,0,2,-2
107900024,0,34,-34
107900025,145,114,31
107900026,57,39,18
107900027,51,51,0
107900028,82,50,32
107900030,185,32,153
107900031,44,73,-29
107900032,26,3,23
107900033,19,4,15
107900034,319,13,306
107900035,628,33,595
107900036,75,13,62
107900037,1,36,-35
107900038,113,192,-79
107900039,27,30,-3
107900040,80,150,-70
107900041,3,3,0
107900043,40,75,-35
107900044,5,16,-11
107900045,72,40,32
107900046,138,147,-9
107900047,30,66,-36
107900048,166,17,149
107900049,351,907,-556
107900050,149,275,-126
107900051,72,38,34
107900052,71,55,16
107900053,48,76,-28
107900055,448,157,291
107900056,98,59,39
107900057,2,0,2
107900058,28,413,-385
107900060,162,44,118
107900061,14,5,9
107900063,64,106,-42
107900064,198,117,81
107900065,128,10,118
107900066,21,5,16
107900067,0,0,0
107900068,97,418,-321
107900069,30,1703,-1673
107900070,116,38,78
107900071,24,436,-412
107900072,106,135,-29
107900073,209,94,115
107900074,640,266,374
107900076,103,28,75
107900077,68,5,63
107900079,9,18,-9
107900080,180,704,-524
107900081,61,71,-10
107900082,22,14,8
107900083,317,142,175
107900084,109,119,-10
107900086,73,144,-71
107900087,487,152,335
107900088,30,6,24
107900089,209,643,-434
107900090,546,1997,-1451
107900091,178,282,-104
107900093,72,90,-18
107900095,2551,1892,659
107900097,18,29,-11
107900098,45,145,-100
107900100,816,1045,-229
107900101,703,174,529
107900102,39,9,30
107900103,43,132,-89
107900104,253,11,242
107900105,0,344,-344
107900106,3,774,-771
107900107,1114,454,660
107900108,209,160,49
107900109,1182,15,1167
107900110,57,86,-29
107900111,6,575,-569
107900112,66,261,-195
107900113,209,98,111
107900114,170,115,55
107900115,1,33,-32
107900116,147,127,20
107900117,325,258,67
107900118,67,143,-76
107900119,69,218,-149
107900120,23,27,-4
107900121,11,147,-136
107900122,1,97,-96
107900123,2,33,-31
107900124,17,48,-31
107900125,33,163,-130
107900126,6,35,-29
107900127,366,282,84
107900128,70,81,-11
107900129,97,49,48
107900130,62,33,29
107900131,687,300,387
107900132,131,268,-137
107900133,3,52,-49
107900134,45,92,-47
107900135,7,143,-136
107900136,39,40,-1
107900137,98,107,-9
107900138,81,104,-23
107900139,62,80,-18
107900141,24,40,-16
107900142,69,500,-431
107900143,137,20,117
107900144,3,108,-105
107900145,13,72,-59
107900146,30,86,-56
107900147,42,35,7
107900148,126,99,27
107900149,663,184,479
107900150,48,507,-459
107900151,39,70,-31
107900152,9,113,-104
107900153,124,226,-102
107900154,47,25,22
107900155,66,66,0
107900156,0,261,-261
107900157,41,47,-6
107900158,729,22,707
107900159,29,575,-546
107900160,139,235,-96
107900161,17,141,-124
107900162,0,37,-37
107900163,29,48,-19
107900164,8,53,-45
107900165,44,103,-59
107900166,11,155,-144
107900167,23,40,-17
107900168,35,32,3
107900169,103,146,-43
107900171,9,892,-883
107900172,2,238,-236
107900173,17,112,-95
107900174,126,5,121
107900175,64,67,-3
107900176,34,27,7
107900177,0,108,-108
107900178,0,126,-126
107900179,16,134,-118
107900180,416,501,-85
107900181,744,232,512
107900182,407,881,-474
107900183,50,183,-133
107900184,120,241,-121
107900185,128,3,125
107900186,21,34,-13
107900187,0,116,-116
107900188,565,108,457
107900189,10,76,-66
107900190,61,175,-114
107900191,62,101,-39
107900193,40,105,-65
107900194,142,11,131
107900195,1808,302,1506
107900196,145,118,27
107900197,745,397,348
107900199,3,994,-991
107900201,45,78,-33
107900203,51,77,-26
107900204,176,169,7
107900206,737,269,468
107900207,3,516,-513
107900208,8,462,-454
107900209,309,87,222
107900210,67,94,-27
107900213,351,417,-66
107900214,16,101,-85
107900215,127,245,-118
107900216,144,54,90
107900217,45,80,-35
107900218,18,1248,-1230
107900219,18,83,-65
107900220,177,203,-26
107900221,157,159,-2
107900223,86,411,-325
107900224,89,320,-231
107900225,2,489,-487
107900226,126,68,58
107900227,117,325,-208
107900228,10,101,-91
107900229,2,266,-264
107900230,24,86,-62
107900231,11,131,-120
107900232,89,118,-29
107900233,7,101,-94
107900234,71,119,-48
107900235,39,105,-66
107900236,103,106,-3
107900237,53,342,-289
107900238,23,69,-46
107900239,654,439,215
107900240,61,92,-31
107900241,15,51,-36
107900242,17,209,-192
107900243,2,50,-48
107900244,294,5,289
107900245,531,36,495
107900246,186,8,178
107900248,435,271,164
107900249,603,43,560
107900250,0,380,-380
107900251,92,1174,-1082
107900252,843,23,820
107900253,166,2,164
107900254,58,231,-173
107900255,213,83,130
107900256,1038,1178,-140
107900257,149,87,62
107900258,83,179,-96
107900259,87,1675,-1588
107900261,2,160,-158
107900262,122,92,30
107900264,402,4,398
107900265,215,126,89
107900267,232,18,214
107900268,40,5,35
107900269,0,7,-7
107900270,0,1,-1
107900271,2,14,-12
107900272,107,16,91
107900273,55,49,6
107900274,57,0,57
107900275,46,0,46
107900276,0,71,-71
107900277,0,194,-194
107900278,332,326,6
107900279,69,170,-101
107900280,1866,1773,93
107900281,1053,2150,-1097
107900282,24,359,-335
107900283,757,478,279
107900284,290,346,-56
107900285,116,49,67
107900286,84,63,21
107900287,210,161,49
107900290,1,112,-111
107900291,385,30,355
107900292,117,140,-23
107900293,66,401,-335
107900295,40,39,1
107900297,0,319,-319
107900298,655,760,-105
107900299,2663,2100,563
107900301,616,698,-82
107900302,78,25,53
107900303,224,252,-28
107900304,285,291,-6
107900305,266,7,259
107900306,18,21,-3
107900307,63,231,-168
107900308,170,114,56
107900309,66,4,62
107900310,521,4,517
107900311,8,681,-673
107900312,72,0,72
107900313,1,214,-213
107900314,2,51,-49
107900315,0,42,-42
107900316,21,1,20
107900317,67,13,54
107900318,27,121,-94
107900319,4,115,-111
107900320,0,114,-114
107900321,106,7,99
107900322,5,134,-129
107900323,4,118,-114
107900324,106,7,99
107900325,119,2,117
107900326,287,183,104
107900327,2,53,-51
107900328,138,3,135
107900329,78,94,-16
107900330,5,231,-226
107900331,219,25,194
107900332,224,28,196
107900333,51,18,33
107900334,25,99,-74
107900335,56,40,16
107900336,67,47,20
107900337,860,812,48
107900338,9,177,-168
107900339,5,12,-7
107900340,1,53,-52
107900341,46,0,46
107900342,162,171,-9
107900343,32,1,31
107900344,19,43,-24
107900345,77,12,65
107900346,15,0,15
107900347,25,4,21
107900348,2,3,-1
107900349,23,8,15
107900350,22,225,-203
107900351,2,115,-113
107900352,2,14,-12
107900353,19,7,12
107900354,6,59,-53
108000001,2764,3433,-669
108000002,1926,2210,-284
108000003,3246,3267,-21
108000004,10924,12442,-1518
108000005,7692,6505,1187
108000006,7620,6832,788
108000007,4825,4056,769
108000008,3880,5244,-1364
108000009,3339,4283,-944
108000010,2827,3546,-719
108000011,11436,11441,-5
108000012,14623,13907,716
108000014,1380,759,621
108000015,888,288,600
108000016,270,829,-559
108000017,951,336,615
108000018,2382,648,1734
108000019,2065,992,1073
108000020,1277,581,696
108000021,304,1768,-1464
108000022,440,1175,-735
108000023,1113,217,896
108000024,383,570,-187
108000025,269,276,-7
108000026,951,409,542
108000027,849,603,246
108000028,920,257,663
108000029,615,667,-52
108000030,531,206,325
108000031,218,523,-305
108000032,1513,764,749
108000033,705,947,-242
108000034,1491,526,965
108000035,668,1890,-1222
108000036,336,870,-534
108000037,1621,472,1149
108000038,2362,666,1696
108000039,508,1567,-1059
108000040,1678,920,758
108000041,693,1884,-1191
108000042,300,238,62
108000043,188,255,-67
108000044,493,201,292
108000045,254,445,-191
108000046,1346,384,962
108000047,381,774,-393
108000048,167,271,-104
108000049,971,262,709
108000050,168,464,-296
108000051,364,160,204
108000052,202,509,-307
108000053,372,253,119
108000054,415,769,-354
108000055,948,501,447
108000056,1162,1226,-64
108000057,548,1098,-550
108000058,1821,3276,-1455
108000059,3022,1813,1209
108000060,208,671,-463
108000061,308,439,-131
108000062,773,543,230
108000063,413,389,24
108000064,266,221,45
108000065,568,437,131
108000066,1294,717,577
108000067,1537,586,951
108000068,647,403,244
108000069,222,898,-676
108000070,1790,782,1008
108000071,702,1262,-560
108000072,1604,1187,417
108000073,1273,1455,-182
108000074,591,384,207
108000075,345,714,-369
108000076,808,608,200
108000077,497,543,-46
108000078,1914,1257,657
108000079,773,1304,-531
108000080,1304,604,700
108000081,689,1326,-637
108000082,838,1464,-626
108000083,1665,1028,637
108000084,388,936,-548
108000085,795,501,294
108000086,716,563,153
108000087,154,1834,-1680
108000088,598,187,411
108000089,246,277,-31
108000091,205,369,-164
108000092,189,59,130
108000093,197,475,-278
108000094,476,94,382
108000095,153,297,-144
108000096,306,162,144
108000097,180,360,-180
108000098,1449,1105,344
108000099,1251,378,873
108000100,144,446,-302
108000101,1387,1319,68
108000102,1550,3355,-1805
108000106,1435,4,1431
108000107,1,787,-786
108000108,996,49,947
108000109,6,714,-708
108000110,217,270,-53
108000111,118,514,-396
108000112,46,145,-99
108000113,468,225,243
108000115,302,222,80
108000117,577,324,253
108000118,542,1607,-1065
108000119,595,337,258
108000120,135,673,-538
108000121,183,371,-188
108000122,557,331,226
108000123,1472,199,1273
108000124,553,471,82
108000125,433,288,145
108000126,189,378,-189
108000127,584,378,206
108000128,547,472,75
108000129,336,873,-537
108000130,457,213,244
108000131,837,595,242
108000132,1644,1131,513
108000133,764,569,195
108000134,477,467,10
108000135,1021,415,606
108000136,369,793,-424
108000137,520,322,198
108000138,358,847,-489
108000139,531,321,210
108000140,129,21,108
108000141,25,61,-36
108000142,60,67,-7
108000143,17,373,-356
108000144,326,59,267
108000145,55,13,42
108000146,590,48,542
108000147,48,19,29
108000148,552,131,421
108000149,16,7,9
108000150,36,18,18
108000151,386,123,263
108000152,146,479,-333
108000153,492,146,346
108000154,69,13,56
108000155,36,10,26
108000156,810,381,429
108000157,144,911,-767
108000158,115,822,-707
108000159,479,218,261
108000160,2473,1040,1433
108000161,1892,2064,-172
108000165,6,138,-132
108000172,6,262,-256
108000173,1475,1800,-325
108000175,537,128,409
108000178,320,280,40
108000179,178,804,-626
108000181,75,48,27
108000182,201,104,97
108000183,108,626,-518
108000184,846,2056,-1210
108000185,207,326,-119
108000186,347,400,-53
108000187,152,457,-305
108000188,616,188,428
108000189,1778,7169,-5391
108000190,46,97,-51
108000192,213,506,-293
108000193,794,25,769
108000194,66,12,54
108000195,1,753,-752
108000196,425,170,255
108000198,656,326,330
108000199,0,227,-227
108000200,420,384,36
108000203,125,557,-432
108000204,165,69,96
108000205,296,330,-34
108000339,1122,397,725
108000364,260,701,-441
108000365,89,271,-182
108000367,122,245,-123
108000368,41,50,-9
108000369,686,223,463
108000371,10,597,-587
108000372,818,14,804
108000373,262,175,87
108000376,94,27,67
108000377,445,252,193
108000378,8274,9247,-973
108000379,6,186,-180
108000381,70,26,44
108000382,239,5,234
108000383,1,234,-233
108900001,69,916,-847
108900002,147,73,74
108900003,218,488,-270
108900004,427,429,-2
108900007,219,197,22
108900008,100,124,-24
108900009,103,124,-21
108900010,236,154,82
108900011,502,307,195
108900012,300,351,-51
108900013,164,226,-62
108900014,9,118,-109
108900015,30,126,-96
108900016,0,292,-292
108900017,282,312,-30
108900018,148,288,-140
108900019,41,556,-515
108900020,40,154,-114
108900021,171,189,-18
108900022,85,4,81
108900023,2,26,-24
108900024,32,133,-101
108900025,114,109,5
108900026,24,111,-87
108900027,0,69,-69
108900028,83,265,-182
108900029,85,200,-115
108900030,0,64,-64
108900031,123,255,-132
108900032,9,124,-115
108900033,1,72,-71
108900034,1,200,-199
108900035,339,1014,-675
108900038,0,201,-201
108900039,0,320,-320
108900040,7,110,-103
108900041,4027,2772,1255
108900042,6,304,-298
108900043,63,360,-297
108900044,4,351,-347
108900045,75,384,-309
108900046,37,528,-491
108900047,9,104,-95
108900048,77,650,-573
108900049,2376,1044,1332
108900050,1,161,-160
108900051,0,153,-153
108900052,24,138,-114
108900053,57,142,-85
108900054,71,163,-92
108900055,42,268,-226
108900056,0,117,-117
108900057,4,111,-107
108900058,49,288,-239
108900059,363,33,330
108900060,60,145,-85
108900061,66,17,49
108900062,3,176,-173
108900063,14,222,-208
108900064,172,54,118
108900065,14,197,-183
108900066,372,118,254
108900067,11,157,-146
108900068,8,132,-124
108900069,74,59,15
108900070,35,84,-49
108900071,93,54,39
108900072,1604,679,925
108900073,29,251,-222
108900074,190,276,-86
108900075,59,58,1
108900076,266,65,201
108900077,118,356,-238
108900078,30,114,-84
108900079,675,158,517
108900080,25,682,-657
108900081,39,163,-124
108900082,73,97,-24
108900083,15,268,-253
108900085,1874,123,1751
108900086,134,157,-23
108900087,108,133,-25
108900088,815,461,354
108900089,18,139,-121
108900090,42,203,-161
108900091,111,69,42
108900092,417,289,128
108900093,80,81,-1
108900094,226,91,135
108900095,32,278,-246
108900096,253,13,240
108900097,266,170,96
108900098,1789,690,1099
108900099,365,183,182
108900100,61,90,-29
108900101,164,153,11
108900102,80,795,-715
108900103,95,183,-88
108900105,3,1046,-1043
108900106,464,253,211
108900108,335,72,263
108900109,290,76,214
108900110,230,295,-65
108900111,482,435,47
108900113,48,60,-12
108900114,71,15,56
108900115,97,66,31
108900116,65,17,48
108900117,161,15,146
108900118,504,15,489
108900119,221,23,198
108900120,264,159,105
108900121,261,93,168
108900122,149,21,128
108900123,135,121,14
108900124,400,231,169
108900125,361,5,356
108900126,93,36,57
108900127,140,19,121
108900128,127,46,81
108900129,705,143,562
108900130,263,1,262
108900131,325,3,322
108900132,485,55,430
108900133,190,72,118
108900134,348,193,155
108900135,105,18,87
108900136,56,1,55
108900137,167,4,163
108900138,727,42,685
108900140,309,193,116
108900141,340,37,303
108900142,139,6,133
108900143,72,0,72
108900144,84,4,80
108900145,194,13,181
108900146,75,0,75
108900147,235,0,235
108900148,73,34,39
108900150,213,11,202
108900151,260,3,257
108900152,248,15,233
108900153,137,221,-84
108900154,3980,372,3608
108900156,65,9,56
108900157,95,382,-287
108900158,396,34,362
108900159,7,196,-189
108900160,9,194,-185
108900161,6,347,-341
108900162,120,1,119
108900163,7,222,-215
108900164,68,90,-22
108900168,6088,2211,3877
108900169,57,93,-36
108900171,5066,2425,2641
108900172,149,36,113
108900173,133,248,-115
108900174,792,529,263
108900176,92,369,-277
108900177,3901,4518,-617
108900178,2943,2922,21
108900180,75,283,-208
108900183,188,151,37
108900184,422,205,217
108900185,162,230,-68
108900186,43,293,-250
108900189,310,120,190
108900190,41,2010,-1969
108900192,99,194,-95
108900195,91,188,-97
108900196,40,277,-237
108900199,229,309,-80
108900200,548,387,161
108900201,409,1214,-805
108900203,394,160,234
108900204,363,9,354
108900205,162,18,144
108900206,386,54,332
108900207,184,88,96
108900208,17,232,-215
108900209,246,456,-210
108900210,144,194,-50
108900211,162,453,-291
108900212,520,1211,-691
108900215,94,335,-241
108900216,624,255,369
108900217,233,2,231
108900218,148,24,124
108900221,56,165,-109
108900224,29,201,-172
108900225,0,204,-204
108900227,81,268,-187
108900230,157,199,-42
108900232,1,137,-136
108900233,303,116,187
108900234,306,178,128
108900235,196,440,-244
108900236,46,203,-157
108900240,109,101,8
108900241,27,31,-4
108900245,7,1127,-1120
108900250,202,102,100
108900258,11,181,-170
108900259,90,65,25
108900260,11,97,-86
108900261,115,131,-16
108900262,156,140,16
108900263,28,131,-103
108900264,624,226,398
108900265,685,333,352
108900266,593,568,25
108900267,5,69,-64
108900268,18,4,14
108900269,105,17,88
108900270,73,7,66
108900271,52,18,34
108900272,185,12,173
108900273,808,828,-20
108900274,81,58,23
109000001,3089,1415,1674
109000002,1639,1843,-204
109000003,2332,446,1886
109000004,496,1861,-1365
109000005,2455,636,1819
109000006,750,1958,-1208
109000007,1219,640,579
109000008,374,1400,-1026
109000009,3304,1324,1980
109000010,1294,2905,-1611
109000011,2910,2000,910
109000012,1612,2521,-909
109000013,2986,2758,228
109000014,1660,2397,-737
109000015,4593,8228,-3635
109000016,5062,3010,2052
109000017,2337,1254,1083
109000018,877,2329,-1452
109000019,2445,1393,1052
109000020,981,1701,-720
109000023,260,33,227
109000024,6,164,-158
109000025,307,489,-182
109000026,746,294,452
109000027,84,277,-193
109000028,138,85,53
109000029,81,146,-65
109000030,92,478,-386
109000031,147,205,-58
109000032,139,402,-263
109000033,332,202,130
109000034,80,59,21
109000035,13,59,-46
109000036,75,268,-193
109000037,201,1188,-987
109000038,437,293,144
109000039,806,602,204
109000040,2297,5460,-3163
109000041,2280,1535,745
109000042,471,993,-522
109000044,471,182,289
109000045,99,323,-224
109000046,247,77,170
109000047,92,339,-247
109000048,1232,476,756
109000049,246,449,-203
109000050,528,587,-59
109000051,284,255,29
109000052,479,696,-217
109000053,749,209,540
109000054,120,354,-234
109000055,300,272,28
109000056,362,455,-93
109000057,498,415,83
109000058,1680,517,1163
109000059,741,1266,-525
109000060,642,402,240
109000061,659,809,-150
109000062,126,273,-147
109000063,209,143,66
109000064,474,140,334
109000065,120,172,-52
109000066,317,52,265
109000067,59,183,-124
109000068,3760,30,3730
109000069,1280,55,1225
109000070,16,1482,-1466
109000071,417,106,311
109000072,121,502,-381
109000073,47,69,-22
109000074,44,143,-99
109000075,91,340,-249
109000076,189,268,-79
109000077,340,304,36
109000078,74,137,-63
109000079,220,160,60
109000080,193,120,73
109000081,129,440,-311
109000082,646,162,484
109000083,227,608,-381
109000088,83,318,-235
109000089,275,45,230
109000090,138,314,-176
109000091,242,162,80
109000092,290,420,-130
109000093,173,158,15
109000094,458,3,455
109000095,107,329,-222
109000096,545,315,230
109000097,94,137,-43
109000098,62,171,-109
109000099,1075,279,796
109000100,308,561,-253
109000101,1464,557,907
109000102,310,602,-292
109000103,787,539,248
109000104,1580,481,1099
109000105,394,881,-487
109000106,1757,763,994
109000107,503,1454,-951
109000108,1659,513,1146
109000109,403,1299,-896
109000110,1033,576,457
109000111,751,1513,-762
109000112,365,96,269
109000113,280,119,161
109000114,126,311,-185
109000115,1025,112,913
109000116,25,601,-576
109000117,208,87,121
109000118,18,277,-259
109000119,1041,252,789
109000120,163,603,-440
109000121,706,107,599
109000122,105,525,-420
109000123,49,158,-109
109000124,599,371,228
109000125,711,283,428
109000126,423,599,-176
109000127,1383,292,1091
109000128,434,1085,-651
109000129,1854,712,1142
109000130,781,1797,-1016
109000131,1384,930,454
109000132,1102,2201,-1099
109000133,331,861,-530
109000134,700,1138,-438
109000135,1130,1716,-586
109000136,299,265,34
109000137,316,315,1
109000138,579,282,297
109000139,480,416,64
109000140,220,525,-305
109000141,732,478,254
109000142,148,380,-232
109000143,130,73,57
109000145,124,360,-236
109000146,123,94,29
109000148,2301,1161,1140
109000149,19,47,-28
109000150,148,236,-88
109000155,749,562,187
109000156,853,521,332
109000158,99,238,-139
109000159,109,424,-315
109000160,872,225,647
109000161,264,779,-515
109000162,1691,598,1093
109000163,924,1263,-339
109000164,1333,2238,-905
109000165,1124,482,642
109000166,685,83,602
109000167,151,419,-268
109000170,32,53,-21
109000171,66,69,-3
109000172,53,93,-40
109000173,37,73,-36
109000174,111,58,53
109000175,137,296,-159
109000176,236,208,28
109000177,24,84,-60
109000178,596,324,272
109000179,2991,3426,-435
109000180,3626,2853,773
109000181,16,28,-12
109000182,36,21,15
109000183,60,21,39
109000184,27,16,11
109000185,16,43,-27
109000188,377,1408,-1031
109000189,1996,783,1213
109000190,509,415,94
109000191,302,326,-24
109000192,451,252,199
109000193,163,234,-71
109000194,257,144,113
109000195,129,239,-110
109000196,312,102,210
109000197,180,341,-161
109000198,326,66,260
109000199,133,323,-190
109000206,197,29,168
109000207,119,32,87
109000208,73,49,24
109000209,126,124,2
109000210,221,431,-210
109000211,570,344,226
109000214,485,641,-156
109000215,191,81,110
109000216,279,304,-25
109000217,265,93,172
109000218,322,164,158
109000221,462,901,-439
109000222,945,260,685
109000223,326,237,89
109000224,41,128,-87
109000225,82,27,55
109000226,69,213,-144
109000227,831,828,3
109000228,3,1670,-1667
109000231,0,206,-206
109000232,335,291,44
109000236,259,639,-380
109000241,2083,1755,328
109000242,1682,1178,504
109000293,143,229,-86
109000361,169,193,-24
109000364,190,359,-169
109000396,2,391,-389
109000397,488,4,484
109000399,143,372,-229
109000400,65,233,-168
109000403,189,1710,-1521
109000406,350,5,345
109000407,211,158,53
109000408,0,402,-402
109000410,898,243,655
109000411,204,40,164
109900001,99,1,98
109900002,740,16,724
109900003,272,1,271
109900005,40,3,37
109900006,310,124,186
109900007,714,389,325
109900008,1,40,-39
109900009,111,374,-263
109900010,475,19,456
109900011,126,55,71
109900012,306,185,121
109900013,250,174,76
109900015,365,229,136
109900017,38,32,6
109900018,166,29,137
109900019,263,45,218
109900020,45,74,-29
109900021,31,28,3
109900022,176,177,-1
109900023,18,5,13
109900024,27,4,23
109900025,19,45,-26
109900027,29,73,-44
109900028,1088,1011,77
109900029,3,183,-180
109900030,57,10,47
109900031,1,91,-90
109900032,14,233,-219
109900033,4,380,-376
109900034,40,4,36
109900035,38,20,18
109900036,18,45,-27
109900037,22,335,-313
109900038,131,198,-67
109900039,15,0,15
109900040,29,418,-389
109900041,46,252,-206
109900042,70,482,-412
109900044,93,227,-134
109900045,388,177,211
109900046,122,83,39
109900047,325,320,5
109900048,6,107,-101
109900049,12,31,-19
109900050,0,108,-108
109900051,0,35,-35
109900052,69,256,-187
109900053,1,217,-216
109900054,537,179,358
109900055,62,181,-119
109900056,43,260,-217
109900057,9,128,-119
109900058,0,78,-78
109900060,370,137,233
109900061,60,229,-169
109900062,0,120,-120
109900064,469,203,266
109900065,103,102,1
109900066,315,628,-313
109900067,9,200,-191
109900068,50,1,49
109900069,3,31,-28
109900071,3,20,-17
109900072,20,97,-77
109900073,328,286,42
109900074,8,32,-24
109900075,20,25,-5
109900076,27,240,-213
109900077,37,29,8
109900078,93,172,-79
109900080,94,235,-141
109900081,17,219,-202
109900082,42,242,-200
109900083,37,51,-14
109900084,68,111,-43
109900085,169,449,-280
109900086,143,462,-319
109900087,354,425,-71
109900089,655,227,428
109900092,631,32,599
109900093,918,158,760
109900094,103,111,-8
109900095,149,133,16
109900096,36,6,30
109900097,69,2,67
109900098,362,42,320
109900099,197,1,196
109900100,39,0,39
109900101,454,7,447
109900102,398,21,377
109900103,315,88,227
109900104,519,548,-29
109900105,455,11,444
109900106,353,87,266
109900107,598,100,498
109900108,104,296,-192
109900109,27,138,-111
109900111,208,572,-364
109900114,849,862,-13
109900115,248,83,165
109900117,815,124,691
109900121,618,813,-195
109900123,15,106,-91
109900125,1,107,-106
109900126,219,84,135
109900130,4517,1891,2626
109900131,46,91,-45
109900132,35,122,-87
109900134,79,78,1
109900135,307,81,226
109900137,84,255,-171
109900140,223,133,90
109900149,42,59,-17
109900150,7,109,-102
109900151,12,47,-35
109900152,7,46,-39
109900153,0,63,-63
109900154,50,0,50
109900155,73,33,40
109900157,59,170,-111
109900159,393,92,301
109900161,202,50,152
109900162,310,249,61
109900163,515,183,332
109900164,54,157,-103
109900165,217,3,214
109900166,0,119,-119
109900167,168,333,-165
109900168,207,522,-315
109900169,202,147,55
109900170,223,677,-454
109900171,110,86,24
109900172,194,212,-18
109900173,2138,2166,-28
109900174,60,97,-37
109900175,66,62,4
109900176,150,156,-6
109900177,62,162,-100
109900178,27,178,-151
109900179,150,19,131
109900180,5,20,-15
110000001,873,473,400
110000002,578,808,-230
110000003,762,613,149
110000004,402,640,-238
110000005,401,1528,-1127
110000006,322,329,-7
110000007,98,74,24
110000008,10,47,-37
110000009,37,20,17
110000010,61,72,-11
110000011,43,53,-10
110000012,483,305,178
110000013,42,590,-548
110000014,624,398,226
110000015,246,673,-427
110000016,207,1445,-1238
110000017,2583,267,2316
110000018,2081,385,1696
110000019,12,82,-70
110000020,369,169,200
110000021,611,388,223
110000022,630,178,452
110000023,18,117,-99
110000024,577,385,192
110000025,346,8,338
110000026,10,232,-222
110000027,954,926,28
110000028,714,569,145
110000029,496,600,-104
110000030,243,383,-140
110000031,271,386,-115
110000032,592,388,204
110000033,312,113,199
110000034,441,546,-105
110000035,856,524,332
110000036,692,616,76
110000037,223,497,-274
110000038,213,585,-372
110000039,665,2642,-1977
110000040,291,328,-37
110000041,321,1299,-978
110000042,134,497,-363
110000043,890,341,549
110000044,138,615,-477
110000045,965,173,792
110000046,15,42,-27
110000047,56,59,-3
110000048,25,98,-73
110000049,129,21,108
110000050,10,39,-29
110000051,58,12,46
110000052,23,35,-12
110000053,80,19,61
110000054,163,331,-168
110000055,537,58,479
110000056,258,114,144
110000057,350,476,-126
110000058,1005,485,520
110000059,948,528,420
110000060,730,868,-138
110000061,749,560,189
110000062,540,886,-346
110000063,37,74,-37
110000064,78,51,27
110000065,65,53,12
110000066,90,28,62
110000067,76,131,-55
110000068,275,142,133
110000069,226,70,156
110000071,124,98,26
110000073,12,14,-2
110000075,13,83,-70
110000076,291,322,-31
110000077,339,914,-575
110000078,27,27,0
110000080,236,514,-278
110000081,75,256,-181
110000082,68,299,-231
110000083,211,609,-398
110000084,1182,800,382
110000085,1540,1468,72
110000086,1305,2051,-746
110000087,6,55,-49
110000088,64,180,-116
110000089,367,76,291
110000090,590,191,399
110000091,837,241,596
110000092,18,39,-21
110000093,92,10,82
110000094,403,225,178
110000095,176,464,-288
110000096,1623,1764,-141
110000097,1059,1214,-155
110000098,1897,639,1258
110000099,777,1416,-639
110000100,787,420,367
110000101,38,277,-239
110000102,108,24,84
110000104,409,148,261
110000105,62,254,-192
110000106,619,410,209
110000107,251,360,-109
110000108,133,84,49
110000109,183,210,-27
110000110,2311,3563,-1252
110000111,4348,2424,1924
110000112,1098,1198,-100
110000113,255,2107,-1852
110000114,155,481,-326
110000115,380,270,110
110000116,62,63,-1
110000117,230,233,-3
110000118,317,190,127
110000119,202,224,-22
110000120,307,194,113
110000121,85,335,-250
110000122,341,444,-103
110000123,483,633,-150
110000124,0,748,-748
110000125,1032,25,1007
110000126,343,39,304
110000127,1100,61,1039
110000128,28,1018,-990
110000129,4,513,-509
110000130,379,182,197
110000131,158,370,-212
110000132,1,574,-573
110000133,31,563,-532
110000134,14,294,-280
110000135,157,32,125
110000136,56,211,-155
110000137,405,424,-19
110000138,639,525,114
110000139,713,888,-175
110000140,894,606,288
110000143,569,343,226
110000144,4947,1966,2981
110000145,1797,1135,662
110000146,1267,676,591
110000147,404,541,-137
110000148,503,193,310
110000151,794,825,-31
110000152,619,343,276
110000153,75,28,47
110000154,12,16,-4
110000155,1087,4090,-3003
110000156,998,2203,-1205
110000157,1499,2095,-596
110000160,406,226,180
110000161,196,189,7
110000166,471,95,376
110000167,676,454,222
110000168,913,495,418
110000169,909,331,578
110000170,145,51,94
110000171,542,131,411
110000172,150,656,-506
110000173,929,927,2
110000174,152,592,-440
110000175,585,70,515
110000176,619,302,317
110000177,212,672,-460
110000178,378,1405,-1027
110000179,946,281,665
110000180,153,198,-45
110000181,365,505,-140
110000182,315,121,194
110000183,6383,6178,205
110000184,331,2167,-1836
110000185,1202,684,518
110000186,708,639,69
110000191,962,263,699
110000192,672,19,653
110000193,1189,14,1175
110000194,8,760,-752
110000195,345,357,-12
110000196,375,268,107
110000197,89,129,-40
110000198,140,57,83
110000199,123,113,10
110000200,1249,450,799
110000201,932,819,113
110000202,1125,465,660
110000203,641,580,61
110000204,7,170,-163
110000205,109,43,66
110000206,550,1006,-456
110000207,946,352,594
110000208,183,185,-2
110000209,163,827,-664
110000210,1028,383,645
110000211,766,653,113
110000212,394,935,-541
110000213,150,82,68
110000214,246,95,151
110000215,184,240,-56
110000216,86,238,-152
110000217,257,162,95
110000218,167,193,-26
110000219,285,64,221
110000220,85,170,-85
110000221,298,74,224
110000222,78,166,-88
110000223,2,198,-196
110000224,77,13,64
110000225,236,572,-336
110000226,208,40,168
110000227,668,658,10
110000228,262,185,77
110000229,2,192,-190
110000230,528,594,-66
110000231,158,197,-39
110000232,684,252,432
110000233,300,220,80
110000234,879,979,-100
110000235,860,1002,-142
110000236,589,522,67
110000237,1830,1052,778
110000238,1150,1338,-188
110000239,1747,1123,624
110000240,0,63,-63
110000242,0,10,-10
110000243,110,100,10
110000244,109,368,-259
110000245,39,348,-309
110000246,700,433,267
110000247,889,3726,-2837
110000248,1606,1280,326
110000249,85,16,69
110000250,40,136,-96
110000251,314,425,-111
110000252,199,176,23
110000253,1068,596,472
110000254,570,1003,-433
110000255,239,834,-595
110000256,360,254,106
110000257,621,415,206
110000258,13,290,-277
110000259,119,22,97
110000260,23,168,-145
110000263,373,62,311
110000264,272,325,-53
110000265,1075,1671,-596
110000266,1847,2650,-803
110000267,17,151,-134
110000268,214,354,-140
110000269,3,55,-52
110000270,60,5,55
110000271,1072,208,864
110000272,1017,1049,-32
110000273,3048,1621,1427
110000274,140,1104,-964
110000275,1506,429,1077
110000276,240,294,-54
110000277,267,281,-14
110000278,425,558,-133
110000279,656,704,-48
110000280,381,409,-28
110000281,52,388,-336
110000282,254,29,225
110000283,68,127,-59
110000284,53,71,-18
110000285,3,534,-531
110000286,29,0,29
110000287,57,2,55
110000288,5,121,-116
110000289,390,1621,-1231
110000290,763,533,230
110000291,3439,1131,2308
110000292,1148,3526,-2378
110000293,567,518,49
110000294,970,932,38
110000295,247,639,-392
110000296,413,299,114
110000297,2004,321,1683
110000298,217,539,-322
110000299,244,105,139
110000301,381,34,347
110000302,432,662,-230
110000303,454,8,446
110000304,194,225,-31
110000305,848,23,825
110000306,146,852,-706
110000307,1272,10,1262
110000308,482,6,476
110000309,6,616,-610
110000310,630,53,577
110000311,20,463,-443
110000312,367,72,295
110000313,1885,2724,-839
110000314,0,189,-189
110000315,2676,2584,92
110000316,609,1341,-732
110000317,416,650,-234
110000318,2,53,-51
110000319,39,17,22
110000320,50,27,23
110000321,12,31,-19
110000322,304,304,0
110000323,419,160,259
110000324,2829,1628,1201
110000325,2251,2542,-291
110000327,355,240,115
110000328,152,345,-193
110000333,819,600,219
110000334,646,1239,-593
110000335,698,399,299
110000336,723,885,-162
110000337,1497,566,931
110000338,460,194,266
110000339,324,227,97
110000340,103,150,-47
110000341,427,421,6
110000342,358,7,351
110000343,0,11,-11
110000344,643,159,484
110000345,769,163,606
110000346,2029,1863,166
110000347,1024,672,352
110000348,9,14,-5
110000349,2,9,-7
110000350,62,1,61
110000351,916,737,179
110000352,614,1326,-712
110000353,2385,625,1760
110000354,983,2613,-1630
110000355,74,59,15
110000356,820,13,807
110000357,295,15,280
110000361,2,44,-42
110000362,46,15,31
110000363,347,117,230
110000364,199,328,-129
110000365,123,3,120
110000366,1,65,-64
110000367,282,163,119
110000368,2,50,-48
110000369,50,1,49
110000373,11,211,-200
110000374,232,20,212
110000375,105,1223,-1118
110000376,33,112,-79
110000377,84,499,-415
110000378,14,336,-322
110000379,2324,1618,706
110000380,64,13,51
110000383,4,1161,-1157
110000384,1933,1114,819
110000385,0,123,-123
110000387,76,4,72
110000388,32,188,-156
110000389,781,9,772
110000391,693,281,412
110000396,151,166,-15
110000397,180,134,46
110000398,1,34,-33
110000399,112,0,112
110000587,152,60,92
110000589,270,195,75
110000640,206,82,124
110000652,20,169,-149
110000653,327,434,-107
110000654,251,740,-489
110000656,1,496,-495
110000674,23,17,6
110000675,19,9,10
110000676,27,44,-17
110000679,359,1303,-944
110000682,124,165,-41
110000683,304,446,-142
110000684,7,46,-39
110000685,7,8,-1
110000686,1,20,-19
110000687,37,3,34
110000688,67,816,-749
110000689,29,14,15
110000692,41,144,-103
110000693,73,219,-146
110000694,1,141,-140
110000695,210,546,-336
110000696,75,65,10
110900001,144,14,130
110900002,306,147,159
110900003,641,356,285
110900004,442,117,325
110900005,1873,2015,-142
110900006,71,11,60
110900007,81,20,61
110900008,12,50,-38
110900009,374,84,290
110900010,12,59,-47
110900011,18,82,-64
110900012,7,67,-60
110900013,844,126,718
110900014,487,29,458
110900015,407,586,-179
110900016,48,98,-50
110900017,345,28,317
110900018,381,54,327
110900019,145,33,112
110900020,85,246,-161
110900021,80,379,-299
110900022,128,198,-70
110900023,85,460,-375
110900024,15,241,-226
110900025,6,72,-66
110900027,40,133,-93
110900028,33,82,-49
110900029,17,230,-213
110900030,34,151,-117
110900031,145,151,-6
110900032,0,67,-67
110900033,52,110,-58
110900035,21,450,-429
110900036,107,19,88
110900037,75,27,48
110900038,658,201,457
110900039,6,207,-201
110900040,185,34,151
110900041,51,107,-56
110900042,130,57,73
110900043,3,82,-79
110900044,176,32,144
110900045,45,277,-232
110900046,23,181,-158
110900047,415,269,146
110900049,67,67,0
110900050,27,2,25
110900051,38,222,-184
110900052,3,112,-109
110900053,158,22,136
110900054,57,153,-96
110900055,28,3,25
110900056,48,87,-39
110900057,0,106,-106
110900058,199,157,42
110900059,500,431,69
110900060,430,126,304
110900061,21,53,-32
110900062,165,159,6
110900063,30,118,-88
110900064,16,0,16
110900065,319,137,182
110900066,6,41,-35
110900067,233,455,-222
110900068,239,159,80
110900069,159,196,-37
110900070,128,87,41
110900071,185,501,-316
110900073,2,15,-13
110900074,318,86,232
110900075,297,61,236
110900077,893,545,348
110900078,47,52,-5
110900079,2182,1318,864
110900080,107,82,25
110900081,5,55,-50
110900082,150,91,59
110900083,90,53,37
110900084,48,82,-34
110900085,36,193,-157
110900086,65,277,-212
110900087,337,54,283
110900088,14,0,14
110900090,35,41,-6
110900091,2,49,-47
110900093,232,103,129
110900095,53,30,23
110900097,10,17,-7
110900098,32,89,-57
110900099,40,284,-244
110900100,0,16,-16
110900102,44,26,18
110900105,648,204,444
110900108,13,37,-24
110900111,310,135,175
110900112,764,6,758
110900113,358,40,318
110900115,11,54,-43
110900116,511,1121,-610
110900118,183,2762,-2579
110900119,2366,236,2130
110900120,9,29,-20
110900121,114,2,112
110900122,367,153,214
110900125,399,419,-20
110900127,576,1201,-625
110900128,330,500,-170
110900129,315,793,-478
110900130,912,688,224
110900131,337,42,295
110900132,268,38,230
110900133,231,126,105
110900135,32,189,-157
110900136,320,28,292
110900138,0,0,0
110900139,38,1,37
110900140,9,0,9
110900141,496,350,146
110900142,60,141,-81
110900143,178,105,73
110900144,3,484,-481
110900145,282,35,247
110900146,288,136,152
110900147,97,306,-209
110900148,2,269,-267
110900149,0,45,-45
110900150,41,24,17
110900151,3,61,-58
110900152,33,168,-135
110900153,125,25,100
111000001,684,604,80
111000002,744,665,79
111000003,1246,633,613
111000004,426,986,-560
111000005,1385,1074,311
111000006,800,1642,-842
111000007,3444,2506,938
111000008,1788,2670,-882
111000009,488,958,-470
111000010,807,270,537
111000011,423,1282,-859
111000012,746,359,387
111000013,547,1169,-622
111000014,1481,575,906
111000017,173,953,-780
111000018,297,373,-76
111000020,809,2219,-1410
111000021,75,93,-18
111000023,80,67,13
111000025,3553,3875,-322
111000029,51,121,-70
111000030,33,106,-73
111000031,1974,1391,583
111000032,533,434,99
111000033,267,462,-195
111000034,193,206,-13
111000037,1333,918,415
111000038,3289,1856,1433
111000039,1701,1776,-75
111000040,1659,2194,-535
111000041,1583,1535,48
111000042,2586,2103,483
111000043,1663,3098,-1435
111000044,1799,1229,570
111000045,2096,2208,-112
111000046,1233,1524,-291
111000047,2120,3600,-1480
111000049,459,437,22
111000050,1269,1272,-3
111000051,399,879,-480
111000052,558,1426,-868
111000053,343,697,-354
111000054,375,656,-281
111000055,999,1442,-443
111000056,138,395,-257
111000057,94,425,-331
111000058,419,68,351
111000059,553,309,244
111000060,3560,990,2570
111000061,538,337,201
111000062,741,301,440
111000063,1603,864,739
111000064,601,545,56
111000065,963,820,143
111000066,448,365,83
111000067,428,586,-158
111000068,667,931,-264
111000069,1605,1643,-38
111000070,1154,924,230
111000071,217,554,-337
111000072,1182,497,685
111000073,296,937,-641
111000074,1361,1399,-38
111000075,1081,591,490
111000076,436,549,-113
111000077,1650,1576,74
111000078,2607,1358,1249
111000079,1363,727,636
111000080,459,596,-137
111000081,1483,3523,-2040
111000082,674,629,45
111000084,771,562,209
111000085,916,1031,-115
111000086,2157,1030,1127
111000087,727,545,182
111000088,3609,1720,1889
111000089,738,806,-68
111000090,833,1290,-457
111000091,751,425,326
111000092,1187,804,383
111000093,673,984,-311
111000094,1560,967,593
111000095,585,1865,-1280
111000096,1544,6715,-5171
111000097,4009,1679,2330
111000098,711,1042,-331
111000099,588,1451,-863
111000100,435,1141,-706
111000101,473,670,-197
111000102,252,415,-163
111000104,525,171,354
111000107,167,543,-376
111000109,582,301,281
111000110,1367,672,695
111000111,2853,559,2294
111000112,2203,613,1590
111000113,935,1461,-526
111000114,2045,3361,-1316
111000115,4770,1058,3712
111000116,795,717,78
111000117,421,756,-335
111000118,1199,704,495
111000119,980,900,80
111000120,460,535,-75
111000121,335,597,-262
111000122,480,989,-509
111000123,949,2029,-1080
111000124,429,1959,-1530
111000125,239,1046,-807
111000126,128,722,-594
111000127,1022,140,882
111000128,2060,300,1760
111000129,2397,467,1930
111000130,1817,593,1224
111000131,1552,477,1075
111000132,1383,740,643
111000133,203,140,63
111000134,143,125,18
111000135,41,129,-88
111000136,342,344,-2
111000138,17,6,11
111000140,1,12,-11
111000141,221,417,-196
111000142,26,141,-115
111000143,8,249,-241
111000144,70,654,-584
111000145,2646,41,2605
111000146,152,19,133
111000147,379,100,279
111000148,190,97,93
111000149,3,30,-27
111000150,20,5,15
111000151,4,19,-15
111000153,612,696,-84
111000154,780,217,563
111000155,109,144,-35
111000156,482,622,-140
111000157,252,1048,-796
111000158,910,729,181
111000159,2379,751,1628
111000160,531,408,123
111000161,20,262,-242
111000162,133,194,-61
111000163,728,916,-188
111000164,550,3472,-2922
111000165,926,487,439
111000166,1803,344,1459
111000167,149,359,-210
111000168,227,408,-181
111000169,327,651,-324
111000170,488,441,47
111000171,475,536,-61
111000172,165,384,-219
111000173,359,726,-367
111000174,220,298,-78
111000175,52,263,-211
111000176,358,124,234
111000177,323,183,140
111000178,1125,326,799
111000179,256,154,102
111000180,207,497,-290
111000181,1065,209,856
111000182,173,132,41
111000183,367,286,81
111000184,356,178,178
111000185,381,394,-13
111000186,460,214,246
111000187,141,153,-12
111000188,204,303,-99
111000189,946,622,324
111000190,180,315,-135
111000191,157,244,-87
111000192,167,466,-299
111000193,318,303,15
111000194,55,316,-261
111000195,235,279,-44
111000196,70,204,-134
111000197,533,137,396
111000198,1536,119,1417
111000199,216,128,88
111000200,343,346,-3
111000201,607,292,315
111000202,307,264,43
111000203,347,476,-129
111000204,477,1318,-841
111000213,221,482,-261
111000214,1418,1245,173
111000215,1175,1184,-9
111000217,1281,796,485
111000218,1129,848,281
111000219,446,214,232
111000220,1111,589,522
111000221,657,84,573
111000224,53,288,-235
111000225,509,321,188
111000226,94,4,90
111000227,40,7,33
111000228,25,329,-304
111000229,54,815,-761
111000230,218,250,-32
111000231,1084,626,458
111000232,538,784,-246
111000233,937,823,114
111000234,105,347,-242
111000239,109,95,14
111000240,46,214,-168
111000241,33,253,-220
111000242,139,55,84
111000243,425,523,-98
111000244,522,95,427
111000245,1222,422,800
111000246,506,332,174
111000247,288,749,-461
111000248,641,395,246
111000249,443,535,-92
111000250,38,43,-5
111000251,28,107,-79
111000253,19,17,2
111000255,51,10,41
111000257,33,24,9
111000260,82,1122,-1040
111000261,1238,136,1102
111000271,60,276,-216
111000273,2522,1255,1267
111000274,1211,2045,-834
111000275,214,63,151
111000276,256,1465,-1209
111000277,210,332,-122
111000278,638,216,422
111000291,778,5035,-4257
111000298,452,193,259
111000299,571,158,413
111000300,115,510,-395
111000302,276,78,198
111000303,73,163,-90
111000312,58,68,-10
111000315,12,126,-114
111000320,273,585,-312
111000321,290,122,168
111000322,326,422,-96
111000323,226,21,205
111000324,473,325,148
111000325,46,54,-8
111000326,195,293,-98
111000327,592,301,291
111000328,277,452,-175
111000329,3,34,-31
111000330,66,5,61
111000331,23,2,21
111000332,463,1131,-668
111000334,359,1016,-657
111000335,1537,282,1255
111000337,1160,402,758
111000338,44,99,-55
111000339,467,249,218
111000340,458,540,-82
111000341,1196,768,428
111000342,460,1612,-1152
111000344,938,595,343
111000345,368,148,220
111000346,30,127,-97
111000347,158,8,150
111000350,244,133,111
111000351,94,306,-212
111000352,141,132,9
111000353,108,224,-116
111000354,493,179,314
111000355,259,544,-285
111000358,204,776,-572
111000360,191,481,-290
111000361,158,190,-32
111000546,995,489,506
111000547,399,380,19
111000548,117,295,-178
111000549,299,316,-17
111000550,81,893,-812
111000551,594,236,358
111000552,2614,302,2312
111000907,491,15,476
111000908,41,3,38
111000916,1569,286,1283
111000917,38,423,-385
111000918,236,555,-319
111000920,581,10,571
111000921,10,167,-157
111000922,512,242,270
111000924,55,581,-526
111000925,2266,1812,454
111000926,1067,1622,-555
111000927,2903,3986,-1083
111000928,3831,2710,1121
111000929,1131,1502,-371
111000930,723,1880,-1157
111000931,1651,2753,-1102
111000932,3605,1934,1671
111000933,3546,2389,1157
111000934,1848,3136,-1288
111000935,1498,1144,354
111000936,1151,1820,-669
111000937,991,1438,-447
111000938,1415,1477,-62
111000939,460,52,408
111000940,412,144,268
111000941,391,325,66
111000943,463,235,228
111000944,172,318,-146
111000945,70,1150,-1080
111001109,404,288,116
111001110,119,449,-330
111001111,64,10,54
111001112,119,6,113
111001113,10,193,-183
111001114,788,131,657
111001115,61,405,-344
111001116,4265,4013,252
111001117,626,2489,-1863
111001120,118,214,-96
111001121,203,250,-47
111001122,208,435,-227
111001123,298,122,176
111001124,117,175,-58
111001125,0,177,-177
111001126,3,0,3
111001127,2,26,-24
111001128,459,534,-75
111900001,7,205,-198
111900002,3,465,-462
111900003,2,244,-242
111900004,45,85,-40
111900006,16,36,-20
111900007,61,6,55
111900008,134,1,133
111900009,80,2,78
111900010,253,278,-25
111900012,62,66,-4
111900013,18,52,-34
111900014,3736,3386,350
111900015,0,64,-64
111900016,0,89,-89
111900017,0,79,-79
111900018,230,12,218
111900019,3,112,-109
111900020,3,65,-62
111900021,20,89,-69
111900022,9,36,-27
111900023,84,80,4
111900024,17,59,-42
111900025,0,30,-30
111900026,0,63,-63
111900027,8,118,-110
111900028,25,283,-258
111900029,1,49,-48
111900030,24,294,-270
111900032,0,245,-245
111900033,7,72,-65
111900034,257,421,-164
111900035,68,163,-95
111900036,1,210,-209
111900038,221,461,-240
111900039,51,332,-281
111900040,0,373,-373
111900042,11,104,-93
111900043,4,275,-271
111900044,312,157,155
111900046,48,122,-74
111900048,168,451,-283
111900049,30,171,-141
111900050,123,28,95
111900051,1,157,-156
111900052,367,350,17
111900053,882,1320,-438
111900054,140,7,133
111900055,11,289,-278
111900056,147,308,-161
111900057,123,74,49
111900058,316,463,-147
111900059,1272,594,678
111900060,403,1,402
111900061,14,114,-100
111900062,16,45,-29
111900063,445,189,256
111900064,85,136,-51
111900065,84,25,59
111900066,98,125,-27
111900067,0,260,-260
111900068,66,45,21
111900069,66,30,36
111900070,178,94,84
111900071,0,159,-159
111900072,65,32,33
111900073,692,130,562
111900074,15,116,-101
111900075,75,14,61
111900076,131,61,70
111900077,29,2,27
111900078,261,10,251
111900079,53,36,17
111900080,211,265,-54
111900082,128,24,104
111900083,119,17,102
111900084,95,11,84
111900085,38,101,-63
111900086,28,13,15
111900087,48,1,47
111900088,417,16,401
111900089,144,4,140
111900090,66,42,24
111900091,210,5,205
111900092,105,1,104
111900093,427,6,421
111900094,151,2,149
111900095,222,18,204
111900096,166,25,141
111900097,57,0,57
111900098,216,4,212
111900099,81,0,81
111900100,87,3,84
111900101,70,27,43
111900102,540,390,150
111900103,55,68,-13
111900104,143,42,101
111900105,290,201,89
111900106,681,21,660
111900110,1299,387,912
111900111,207,112,95
111900112,376,2376,-2000
111900113,232,81,151
111900118,322,93,229
111900119,313,129,184
111900122,178,64,114
111900123,22,17,5
111900124,20,61,-41
111900125,435,22,413
111900126,241,5,236
111900127,1,406,-405
111900128,3,360,-357
111900129,205,8,197
111900130,125,25,100
111900131,533,3,530
111900132,17,696,-679
111900133,45,329,-284
111900134,8,125,-117
111900135,11,31,-20
111900136,72,161,-89
111900137,59,49,10
111900138,7,56,-49
111900139,11,110,-99
111900140,79,10,69
111900141,54,14,40
111900142,83,50,33
111900143,86,137,-51
111900144,1,83,-82
111900145,0,286,-286
111900146,2,210,-208
111900147,101,318,-217
111900148,27,462,-435
111900149,14,227,-213
111900150,14,106,-92
111900151,2,25,-23
111900152,58,66,-8
111900153,1082,540,542
111900154,9,182,-173
111900155,43,75,-32
111900156,35,48,-13
111900157,130,16,114
111900158,525,50,475
111900159,235,10,225
111900160,279,1,278
111900161,134,4,130
111900162,406,354,52
111900163,28,177,-149
111900164,100,54,46
111901113,332,119,213
111901114,166,170,-4
111901115,48,12,36
111901116,41,1,40
111901117,15,21,-6
111901118,69,146,-77
111901119,442,46,396
111901121,116,123,-7
111901122,3,324,-321
111901123,160,221,-61
111901124,185,2,183
111901125,379,204,175
111901127,416,313,103
111901129,8,59,-51
111901130,28,206,-178
111901131,1,214,-213
111901132,107,40,67
111901133,35,1,34
111901134,59,9,50
111901135,27,15,12
111901136,21,53,-32
111901138,159,35,124
111901139,73,18,55
111901140,8,51,-43
111901141,16,97,-81
111901142,17,143,-126
111901143,8,180,-172
111901144,50,35,15
111901145,133,270,-137
111901146,257,16,241
111901147,441,183,258
111901148,12,47,-35
111901149,14,3,11
111901150,41,0,41
111901151,0,0,0
111901152,3,30,-27
112000001,1517,607,910
112000002,564,1728,-1164
112000003,1315,964,351
112000004,615,770,-155
112000005,2895,3236,-341
112000006,1978,1539,439
112000007,2770,2059,711
112000008,2420,3772,-1352
112000009,2768,2554,214
112000010,2354,3067,-713
112000011,1415,1468,-53
112000012,3376,4053,-677
112000013,3619,2593,1026
112000014,2369,2225,144
112000015,3417,3017,400
112000016,3481,1437,2044
112000017,1704,2491,-787
112000024,2068,929,1139
112000026,2854,3618,-764
112000027,804,655,149
112000028,1094,1328,-234
112000029,384,651,-267
112000030,195,66,129
112000031,1165,4060,-2895
112000032,347,52,295
112000033,1573,1727,-154
112000034,309,68,241
112000035,92,380,-288
112000036,753,943,-190
112000037,892,715,177
112000038,1141,860,281
112000039,104,104,0
112000040,81,255,-174
112000041,513,405,108
112000042,962,377,585
112000050,1135,1148,-13
112000051,989,1258,-269
112000054,1377,1531,-154
112000057,475,433,42
112000058,328,541,-213
112000059,525,781,-256
112000061,2413,1791,622
112000062,1152,647,505
112000063,800,1299,-499
112000064,3326,4651,-1325
112000065,1677,2165,-488
112000066,3313,1410,1903
112000067,765,659,106
112000068,3089,2376,713
112000069,687,1447,-760
112000070,1649,839,810
112000071,999,2179,-1180
112000072,2175,834,1341
112000073,1516,1869,-353
112000074,1467,1051,416
112000075,1353,1145,208
112000076,3220,2252,968
112000077,755,434,321
112000078,1749,632,1117
112000079,1386,1188,198
112000080,758,745,13
112000081,1326,2233,-907
112000082,1273,803,470
112000083,574,1094,-520
112000084,1163,828,335
112000085,1116,907,209
112000086,1642,1246,396
112000087,474,531,-57
112000088,857,520,337
112000089,270,262,8
112000090,275,234,41
112000091,605,805,-200
112000092,1771,1036,735
112000093,1462,817,645
112000094,703,775,-72
112000095,587,732,-145
112000096,559,542,17
112000097,1252,827,425
112000098,732,812,-80
112000099,663,1591,-928
112000100,1612,715,897
112000101,513,719,-206
112000102,1087,497,590
112000103,293,769,-476
112000105,622,1306,-684
112000106,1796,468,1328
112000107,90,198,-108
112000108,345,1338,-993
112000109,198,161,37
112000110,1861,740,1121
112000111,946,3068,-2122
112000112,3857,638,3219
112000113,679,1331,-652
112000114,2407,854,1553
112000115,313,425,-112
112000116,656,818,-162
112000117,1092,849,243
112000118,910,721,189
112000119,459,649,-190
112000120,102,265,-163
112000121,125,359,-234
112000122,297,117,180
112000123,761,163,598
112000124,411,77,334
112000125,280,264,16
112000126,231,451,-220
112000127,1915,1942,-27
112000128,750,542,208
112000129,131,87,44
112000130,172,70,102
112000131,49,218,-169
112000132,115,224,-109
112000133,343,147,196
112000134,421,362,59
112000135,1792,649,1143
112000136,1251,1234,17
112000137,2205,1630,575
112000138,1780,1131,649
112000139,914,578,336
112000140,1140,1220,-80
112000141,764,347,417
112000142,185,563,-378
112000143,982,204,778
112000144,330,994,-664
112000145,2290,538,1752
112000146,519,1619,-1100
112000147,2557,1704,853
112000148,1518,1985,-467
112000149,472,518,-46
112000150,300,528,-228
112000151,402,268,134
112000152,379,385,-6
112000153,168,241,-73
112000154,122,182,-60
112000155,125,116,9
112000157,785,494,291
112000158,289,338,-49
112000159,448,308,140
112000167,334,84,250
112000169,347,423,-76
112000173,598,178,420
112000175,347,309,38
112000176,2426,1834,592
112000177,644,201,443
112000178,79,358,-279
112000179,238,105,133
112000180,262,360,-98
112000181,1140,1483,-343
112000182,1104,1136,-32
112000183,31,45,-14
112000184,471,231,240
112000185,476,464,12
112000187,3524,2255,1269
112000195,108,14,94
112000196,263,2,261
112000197,208,231,-23
112000198,79,209,-130
112000199,944,875,69
112000202,380,1,379
112000216,81,226,-145
112000230,109,5,104
112000231,0,218,-218
112000256,55,223,-168
112000313,67,114,-47
112000314,50,24,26
112000337,324,475,-151
112000352,351,310,41
112000392,1051,1003,48
112000398,1299,861,438
112000399,1351,1902,-551
112000400,1579,2472,-893
112000401,2441,2023,418
112000402,2883,3230,-347
112000403,1579,2729,-1150
112000404,865,862,3
112000405,1833,2569,-736
112000406,2834,2114,720
112000407,6857,7412,-555
112000408,6803,5621,1182
112000409,1389,3580,-2191
112000410,385,291,94
112000411,2975,1416,1559
112000412,1261,536,725
112000413,6247,5154,1093
112000414,82,85,-3
112000415,96,56,40
112000416,2377,1265,1112
112000417,281,72,209
112000421,43,177,-134
112000422,339,260,79
112000424,1792,2528,-736
112000425,364,699,-335
112000426,142,288,-146
112000427,0,20,-20
112000428,210,300,-90
112000429,2008,2216,-208
112000430,2387,2545,-158
112000431,100,173,-73
112000432,555,968,-413
112000433,382,727,-345
112000437,67,179,-112
112900001,53,2,51
112900002,478,798,-320
112900003,81,316,-235
112900004,65,248,-183
112900005,219,172,47
112900007,30,146,-116
112900008,4,78,-74
112900009,346,92,254
112900010,338,758,-420
112900011,185,173,12
112900012,1,60,-59
112900013,5,123,-118
112900014,2,351,-349
112900015,309,528,-219
112900016,10,168,-158
112900017,40,142,-102
112900018,210,470,-260
112900019,38,144,-106
112900020,284,926,-642
112900021,7,272,-265
112900022,4,53,-49
112900023,1,162,-161
112900024,17,175,-158
112900025,68,182,-114
112900026,20,195,-175
112900027,8,892,-884
112900028,33,131,-98
112900029,17,454,-437
112900030,125,137,-12
112900031,17,311,-294
112900032,211,239,-28
112900034,0,35,-35
112900035,10,341,-331
112900036,96,131,-35
112900037,159,230,-71
112900038,542,134,408
112900039,10,219,-209
112900040,6,480,-474
112900041,556,898,-342
112900042,81,247,-166
112900043,32,39,-7
112900044,442,398,44
112900045,279,244,35
112900046,148,65,83
112900047,7,19,-12
112900049,190,53,137
112900050,29,365,-336
112900051,319,469,-150
112900052,17,674,-657
112900053,632,100,532
112900054,189,35,154
112900055,114,33,81
112900056,308,204,104
112900057,37,407,-370
112900058,342,295,47
112900059,180,104,76
112900060,9,125,-116
112900061,92,77,15
112900062,68,114,-46
112900063,146,16,130
112900064,134,152,-18
112900065,38,22,16
112900066,211,228,-17
112900067,373,157,216
112900068,37,52,-15
112900069,1526,753,773
112900071,32,11,21
112900072,139,1604,-1465
112900073,424,83,341
112900074,93,278,-185
112900075,1113,778,335
112900076,80,52,28
112900078,341,363,-22
112900079,269,51,218
112900080,78,9,69
112900081,52,186,-134
112900082,542,64,478
112900083,161,111,50
112900084,218,112,106
112900086,143,1,142
112900087,584,128,456
112900088,161,13,148
112900089,807,40,767
112900090,69,24,45
112900091,305,3,302
112900092,253,293,-40
112900093,1254,32,1222
112900095,38,0,38
112900096,486,161,325
112900097,87,215,-128
112900098,138,2,136
112900099,764,12,752
112900100,61,3,58
112900101,517,5,512
112900102,111,19,92
112900103,169,9,160
112900104,529,2,527
112900105,18,1,17
112900106,379,150,229
112900107,9,3,6
112900108,32,0,32
112900109,75,1,74
112900110,1262,31,1231
112900111,645,3,642
112900112,351,0,351
112900113,0,8,-8
112900114,155,49,106
112900115,1337,1,1336
112900116,151,44,107
112900117,118,92,26
112900118,21,85,-64
112900119,200,5,195
112900120,812,278,534
112900121,106,158,-52
112900122,41,122,-81
112900123,136,22,114
112900124,10,89,-79
112900125,43,368,-325
112900126,208,174,34
112900127,351,108,243
112900128,379,614,-235
112900129,2,608,-606
112900130,252,68,184
112900131,58,228,-170
112900132,238,529,-291
112900133,32,1036,-1004
112900134,0,186,-186
112900135,139,46,93
112900137,2,431,-429
112900138,4,170,-166
112900139,149,897,-748
112900141,637,29,608
112900142,60,170,-110
112900143,27,354,-327
112900144,10,643,-633
112900145,39,410,-371
112900146,5,1005,-1000
112900147,1,1454,-1453
112900148,56,7,49
112900149,202,538,-336
112900151,17,60,-43
112900152,3360,657,2703
112900153,1602,2261,-659
112900154,1,115,-114
112900155,157,33,124
112900156,244,981,-737
112900157,462,285,177
112900158,72,26,46
112900159,176,101,75
112900160,75,244,-169
112900161,128,44,84
112900162,31,20,11
112900163,78,37,41
112900164,40,196,-156
112900165,339,36,303
112900166,18,53,-35
112900167,3,73,-70
112900168,7,4,3
112900169,18,12,6
112900170,83,61,22
112900172,30,16,14
112900173,176,74,102
112900174,240,48,192
112900175,111,154,-43
112900176,2,45,-43
112900177,332,83,249
112900178,702,2223,-1521
112900179,41,401,-360
112900180,1658,1319,339
112900181,542,12,530
112900182,58,866,-808
112900183,146,262,-116
112900184,360,395,-35
112900185,214,604,-390
112900186,1151,898,253
112900187,78,518,-440
112900188,500,460,40
112900189,2,10,-8
112900190,12,26,-14
112900192,538,620,-82
112900193,1041,335,706
112900194,51,53,-2
112900195,796,39,757
112900196,175,246,-71
112900197,174,301,-127
112900199,393,238,155
112900200,401,170,231
112900201,169,106,63
112900202,378,576,-198
112900203,225,187,38
112900204,848,618,230
112900205,49,47,2
112900206,39,119,-80
112900207,23,0,23
112900208,96,325,-229
112900209,486,297,189
112900210,0,26,-26
112900211,64,40,24
112900212,0,131,-131
112900213,72,9,63
112900214,13,15,-2
112900215,7,179,-172
112900216,37,53,-16
112900217,0,80,-80
112900218,62,6,56
112900219,69,6,63
112900220,5,1,4
112900221,33,124,-91
112900222,0,19,-19
112900223,888,9,879
112900224,248,384,-136
112900225,422,298,124
112900226,201,247,-46
112900227,486,525,-39
112900228,49,39,10
112900229,156,50,106
112900230,5445,3654,1791
112900232,240,264,-24
112900233,56,119,-63
112900234,13,62,-49
112900235,99,38,61
112900236,197,8,189
112900237,247,191,56
112900238,6,18,-12
112900239,649,405,244
112900240,4,67,-63
112900241,23,67,-44
112900242,13,115,-102
112900243,10,121,-111
112900244,16,80,-64
112900245,1,42,-41
112900246,2,24,-22
112900247,252,27,225
112900248,6,1,5
112900249,27,2,25
112900250,48,20,28
112900251,39,18,21
112900252,50,17,33
112900253,33,7,26
112900254,11,6,5
112900255,0,58,-58
112900256,2,51,-49
112900257,9,41,-32
112900258,24,20,4
113000001,5440,3952,1488
113000002,3312,3240,72
113000003,1854,1336,518
113000004,1533,2094,-561
113000005,1517,865,652
113000006,890,1254,-364
113000007,1943,1026,917
113000008,1394,1689,-295
113000009,1067,715,352
113000010,1208,1343,-135
113000011,677,1389,-712
113000012,1725,571,1154
113000013,1582,818,764
113000014,1607,1913,-306
113000015,406,227,179
113000016,365,1091,-726
113000017,45,401,-356
113000018,423,90,333
113000019,148,316,-168
113000020,523,95,428
113000021,1018,514,504
113000022,700,963,-263
113000025,255,639,-384
113000026,401,376,25
113000027,497,593,-96
113000028,547,535,12
113000029,826,769,57
113000030,391,604,-213
113000031,271,305,-34
113000032,303,317,-14
113000033,306,410,-104
113000034,338,304,34
113000035,21,51,-30
113000036,22,53,-31
113000037,55,31,24
113000038,11,61,-50
113000039,75,307,-232
113000040,60,110,-50
113000042,672,598,74
113000051,717,2094,-1377
113000052,1715,710,1005
113000053,406,352,54
113000054,302,649,-347
113000055,1063,573,490
113000056,957,873,84
113000058,724,885,-161
113000059,1084,638,446
113000060,221,498,-277
113000061,603,884,-281
113000062,648,225,423
113000063,161,81,80
113000064,43,249,-206
113000065,132,603,-471
113000066,627,124,503
113000067,1915,1069,846
113000068,340,1061,-721
113000069,587,958,-371
113000070,2290,1005,1285
113000071,382,544,-162
113000072,744,404,340
113000073,307,1108,-801
113000074,874,377,497
113000075,2038,705,1333
113000076,544,1930,-1386
113000077,1090,799,291
113000078,698,1951,-1253
113000079,739,843,-104
113000080,784,733,51
113000081,847,743,104
113000082,1342,715,627
113000083,552,838,-286
113000084,1513,1042,471
113000085,728,650,78
113000086,1109,1014,95
113000087,1278,836,442
113000088,1912,1106,806
113000089,836,1462,-626
113000090,201,553,-352
113000091,471,348,123
113000094,1084,186,898
113000095,198,680,-482
113000096,160,615,-455
113000097,929,329,600
113000098,117,33,84
113000099,738,309,429
113000100,128,306,-178
113000101,309,539,-230
113000102,514,434,80
113000103,1758,417,1341
113000104,521,1906,-1385
113000105,722,407,315
113000106,301,377,-76
113000107,865,725,140
113000108,636,966,-330
113000109,605,1606,-1001
113000110,1576,365,1211
113000111,184,524,-340
113000112,332,369,-37
113000113,1270,391,879
113000114,269,1213,-944
113000116,609,287,322
113000117,766,107,659
113000118,107,425,-318
113000119,301,319,-18
113000120,73,215,-142
113000121,521,778,-257
113000124,284,138,146
113000125,62,718,-656
113000127,2386,266,2120
113000128,496,391,105
113000129,486,608,-122
113000133,1639,1378,261
113000134,6,878,-872
113000135,3630,4244,-614
113000137,1562,3074,-1512
113000139,354,191,163
113000140,111,175,-64
113000141,199,225,-26
113000142,463,1030,-567
113000143,270,230,40
113000144,269,640,-371
113000145,90,141,-51
113000146,146,85,61
113000147,186,87,99
113000148,176,126,50
113000149,101,131,-30
113000150,483,243,240
113000151,62,55,7
113000152,31,119,-88
113000153,1191,448,743
113000154,673,1366,-693
113000155,354,557,-203
113000156,120,380,-260
113000157,277,754,-477
113000158,635,256,379
113000159,785,674,111
113000160,650,943,-293
113000161,264,385,-121
113000162,680,361,319
113000163,100,85,15
113000164,29,82,-53
113000166,144,110,34
113000167,37,119,-82
113000168,88,98,-10
113000169,199,64,135
113000170,75,101,-26
113000171,74,101,-27
113000172,254,59,195
113000173,68,34,34
113000174,111,450,-339
113000175,387,127,260
113000176,481,191,290
113000177,219,493,-274
113000178,215,317,-102
113000179,280,203,77
113000180,539,1039,-500
113000181,1186,903,283
113000182,161,366,-205
113000183,112,547,-435
113000184,21,95,-74
113000189,352,746,-394
113000190,833,482,351
113000192,1032,2079,-1047
113000193,2843,1715,1128
113000194,1517,1083,434
113000195,2000,892,1108
113000196,205,99,106
113000197,1966,1054,912
113000198,62,293,-231
113000199,1261,323,938
113000201,198,291,-93
113000202,3065,830,2235
113000203,210,174,36
113000204,1071,2104,-1033
113000205,16,16,0
113000206,10,51,-41
113000207,68,28,40
113000208,44,63,-19
113000209,12,24,-12
113000210,5,20,-15
113000211,200,276,-76
113000212,83,27,56
113000213,53,129,-76
113000214,213,302,-89
113000234,159,716,-557
113000410,241,293,-52
113000411,2265,4093,-1828
113000412,5982,2592,3390
113000413,2202,2750,-548
113000414,5340,12051,-6711
113000415,1806,2611,-805
113000416,7036,3728,3308
113000417,2141,2657,-516
113000418,4502,3479,1023
113000419,1464,1800,-336
113000420,4047,5333,-1286
113000421,3748,5831,-2083
113000422,10583,10102,481
113000423,1959,4876,-2917
113000424,2958,8883,-5925
113000425,6,66,-60
113000428,64,48,16
113000430,14,211,-197
113000432,2129,185,1944
113000433,78,635,-557
113000434,36,132,-96
113000435,33,490,-457
113000436,32,918,-886
113000437,943,38,905
113000438,313,13,300
113000439,47,83,-36
113000440,145,34,111
113000441,240,189,51
113000442,153,123,30
113000443,257,136,121
113000444,164,175,-11
113000445,152,106,46
113000446,33,83,-50
113000448,201,138,63
113000449,137,819,-682
113000450,400,1598,-1198
113000451,988,181,807
113000452,316,351,-35
113000453,73,294,-221
113000454,591,105,486
113000455,57,275,-218
113000456,3037,2543,494
113000468,1404,135,1269
113000469,81,56,25
113000470,298,15,283
113000471,18,382,-364
113000472,99,248,-149
113000474,723,551,172
113000475,1392,1415,-23
113000476,1283,1746,-463
113000477,3210,1904,1306
113000478,3587,4935,-1348
113000479,48,178,-130
113000484,0,1,-1
113000485,0,0,0
113000486,25,0,25
113000487,1,1,0
113000488,2,1,1
113000489,0,23,-23
113000490,0,4,-4
113000491,23,14,9
113000492,12,1,11
113000493,2,0,2
113000495,164,130,34
113000496,138,148,-10
113000499,0,0,0
113900001,0,196,-196
113900002,0,53,-53
113900003,0,36,-36
113900004,2,26,-24
113900005,2,38,-36
113900006,1,21,-20
113900007,10,0,10
113900008,7,1,6
113900009,57,8,49
113900010,37,2,35
113900011,17,0,17
113900012,23,0,23
113900013,120,0,120
113900014,476,0,476
113900015,3,64,-61
113900016,51,0,51
113900017,3,27,-24
113900018,322,218,104
113900019,85,42,43
113900020,143,1,142
113900022,20,0,20
113900023,38,0,38
113900024,102,51,51
113900025,234,13,221
113900026,53,0,53
113900027,4,44,-40
113900028,20,363,-343
113900029,54,193,-139
113900030,193,0,193
113900031,7,1,6
113900032,18,1,17
113900033,95,63,32
113900035,56,0,56
113900036,14,59,-45
113900037,122,375,-253
113900038,76,86,-10
113900039,120,14,106
113900040,5,10,-5
113900041,3,3,0
113900042,75,24,51
113900043,102,87,15
113900044,375,323,52
113900045,83,3,80
113900046,201,498,-297
113900047,29,102,-73
113900048,184,93,91
113900049,419,266,153
113900050,161,223,-62
113900051,206,263,-57
113900052,137,111,26
113900053,522,474,48
113900054,23,2,21
113900055,113,324,-211
113900056,34,140,-106
113900057,27,70,-43
113900058,47,114,-67
113900059,233,309,-76
113900060,106,131,-25
113900061,708,238,470
113900062,106,4,102
113900063,60,117,-57
113900064,17,109,-92
113900065,421,11,410
113900066,311,222,89
113900067,148,158,-10
113900068,412,359,53
113900069,33,24,9
113900070,133,396,-263
113900071,65,60,5
113900072,62,142,-80
113900073,228,289,-61
113900074,127,283,-156
113900075,1211,919,292
113900076,130,19,111
113900077,50,147,-97
113900078,26,61,-35
113900079,0,45,-45
113900080,376,185,191
113900081,57,182,-125
113900082,99,186,-87
113900083,238,315,-77
113900084,235,104,131
113900085,43,236,-193
113900086,28,9,19
113900087,67,141,-74
113900088,87,126,-39
113900089,366,27,339
113900090,483,347,136
113900091,11,9,2
113900092,41,92,-51
113900093,63,627,-564
113900094,416,369,47
113900095,150,71,79
113900096,222,83,139
113900097,16,77,-61
113900098,585,71,514
113900099,0,30,-30
113900100,0,1,-1
113900101,18,56,-38
113900102,125,156,-31
113900103,301,276,25
113900104,110,220,-110
113900105,114,184,-70
113900106,1,36,-35
113900107,0,25,-25
113900108,191,234,-43
113900109,350,192,158
113900110,38,19,19
113900111,124,93,31
113900112,232,105,127
113900113,786,399,387
113900114,0,37,-37
113900115,0,70,-70
113900116,86,122,-36
113900117,64,27,37
113900118,197,283,-86
113900119,201,475,-274
113900120,71,40,31
113900121,34,96,-62
113900122,326,1903,-1577
113900123,426,213,213
113900124,0,40,-40
113900125,628,100,528
113900126,151,34,117
113900127,281,629,-348
113900128,146,78,68
113900129,19,148,-129
113900130,0,29,-29
113900131,268,86,182
113900132,42,64,-22
113900133,16,64,-48
113900135,310,305,5
113900136,98,54,44
113900137,305,212,93
113900138,29,167,-138
113900139,217,137,80
113900140,194,328,-134
113900141,489,212,277
113900142,121,67,54
113900143,14,30,-16
113900144,172,198,-26
113900145,377,169,208
113900146,133,34,99
113900148,144,300,-156
113900149,105,74,31
113900150,411,376,35
113900151,399,148,251
113900152,25,37,-12
113900153,281,460,-179
113900154,2,86,-84
113900155,155,161,-6
113900156,201,340,-139
113900157,35,338,-303
113900158,198,331,-133
113900159,27,190,-163
113900160,460,470,-10
113900161,52,228,-176
113900162,363,672,-309
113900163,261,278,-17
113900164,210,52,158
113900165,1095,336,759
113900166,141,149,-8
113900167,257,51,206
113900168,92,99,-7
113900169,185,279,-94
113900171,161,67,94
113900172,12,164,-152
113900173,50,500,-450
113900174,481,485,-4
113900175,301,125,176
113900176,351,476,-125
113900177,354,156,198
113900178,362,100,262
113900179,20,335,-315
113900180,105,69,36
113900181,452,103,349
113900182,834,844,-10
113900183,30,58,-28
113900184,12,519,-507
113900185,147,69,78
113900186,39,50,-11
113900187,25,108,-83
113900188,58,125,-67
113900189,226,128,98
113900190,243,95,148
113900191,112,184,-72
113900192,1131,1210,-79
113900193,24,150,-126
113900194,1214,966,248
113900195,273,345,-72
113900196,9,161,-152
113900197,0,132,-132
113900198,38,271,-233
113900199,133,518,-385
113900200,21,183,-162
113900201,0,110,-110
113900202,28,226,-198
113900203,8,97,-89
113900204,35,357,-322
113900205,12,169,-157
113900206,10,152,-142
113900207,0,56,-56
113900208,0,60,-60
113900209,1,86,-85
113900210,480,608,-128
113900211,147,54,93
113900212,159,342,-183
113900214,373,358,15
113900215,85,110,-25
113900216,74,655,-581
113900217,62,197,-135
113900218,173,100,73
113900219,85,308,-223
113900220,93,86,7
113900221,361,244,117
113900222,891,534,357
113900223,148,646,-498
113900224,63,78,-15
113900225,416,198,218
113900226,339,96,243
113900227,393,174,219
113900228,245,440,-195
113900229,71,748,-677
113900230,2796,2920,-124
113900231,141,123,18
113900232,84,76,8
113900233,75,62,13
113900234,233,369,-136
113900235,109,26,83
113900236,126,232,-106
113900237,158,12,146
113900238,224,488,-264
113900239,41,88,-47
113900240,5,188,-183
113900241,103,48,55
113900242,51,114,-63
113900243,101,311,-210
113900244,272,173,99
113900245,1002,264,738
113900246,15,20,-5
113900247,120,367,-247
113900248,1966,1582,384
113900249,609,343,266
113900250,42,97,-55
113900251,503,184,319
113900252,497,17,480
113900253,603,47,556
113900254,894,106,788
113900255,382,19,363
113900256,374,16,358
113900257,32,529,-497
113900258,20,320,-300
113900259,471,149,322
113900260,124,1,123
113900261,45,83,-38
113900262,157,417,-260
113900263,152,544,-392
113900264,10,372,-362
113900265,230,255,-25
113900266,40,147,-107
113900267,81,341,-260
113900268,243,353,-110
113900269,69,117,-48
113900270,240,604,-364
113900271,555,890,-335
113900273,71,8,63
113900274,71,17,54
113900275,29,87,-58
113900276,0,123,-123
113900277,106,4,102
113900278,193,108,85
113900279,84,93,-9
113900280,1362,572,790
113900281,506,1129,-623
113900282,892,659,233
113900283,399,446,-47
113900284,676,223,453
113900285,142,74,68
113900286,12,86,-74
113900287,35,29,6
113900288,0,146,-146
113900289,698,120,578
113900290,255,158,97
113900291,105,125,-20
113900292,11,4,7
113900293,8,157,-149
113900294,383,19,364
113900295,342,298,44
113900296,887,211,676
113900297,2356,39,2317
113900298,60,1478,-1418
113900299,106,131,-25
113900300,2413,1701,712
113900301,699,268,431
113900302,2064,777,1287
113900303,328,293,35
113900304,5,89,-84
113900305,97,1,96
113900306,37,0,37
113900307,16,0,16
113900308,82,90,-8
113900309,0,687,-687
113900310,3,5,-2
113900311,3,0,3
113900312,204,228,-24
113900313,17,6,11
113900314,5,8,-3
113900315,37,0,37
114000001,773,2077,-1304
114000002,314,288,26
114000003,203,771,-568
114000004,284,344,-60
114000005,193,231,-38
114000006,1868,1818,50
114000007,511,891,-380
114000008,1124,1543,-419
114000009,601,208,393
114000011,2401,2142,259
114000012,2173,1469,704
114000013,1470,1201,269
114000014,541,459,82
114000015,1707,343,1364
114000016,203,231,-28
114000017,87,245,-158
114000018,185,46,139
114000026,1660,1023,637
114000027,2801,1826,975
114000028,2171,2351,-180
114000038,231,124,107
114000039,223,190,33
114000040,111,179,-68
114000042,148,157,-9
114000043,291,206,85
114000044,394,169,225
114000045,52,62,-10
114000046,3093,4219,-1126
114000047,9,77,-68
114000048,142,131,11
114000049,1299,1417,-118
114000050,1404,1948,-544
114000051,2399,1833,566
114000052,3483,1693,1790
114000053,82,590,-508
114000054,188,679,-491
114000055,218,28,190
114000056,886,834,52
114000057,3851,1921,1930
114000058,461,1161,-700
114000059,197,289,-92
114000060,455,777,-322
114000061,2803,2790,13
114000062,1809,1315,494
114000063,2315,1414,901
114000064,4623,3175,1448
114000065,1361,1998,-637
114000066,439,554,-115
114000067,15,664,-649
114000068,471,660,-189
114000069,750,474,276
114000070,1967,1679,288
114000071,573,385,188
114000072,585,184,401
114000073,9,56,-47
114000074,40,17,23
114000075,54,48,6
114000076,24,59,-35
114000077,10,18,-8
114000078,642,540,102
114000079,121,22,99
114000080,75,55,20
114000081,66,100,-34
114000082,33,386,-353
114000083,83,182,-99
114000084,259,102,157
114000085,77,431,-354
114000086,214,319,-105
114000087,124,107,17
114000088,25,33,-8
114000089,628,275,353
114000090,840,801,39
114000091,1124,803,321
114000092,883,439,444
114000093,1208,715,493
114000094,332,355,-23
114000095,207,138,69
114000096,126,320,-194
114000097,128,451,-323
114000098,514,81,433
114000099,563,452,111
114000100,1276,481,795
114000101,404,601,-197
114000102,648,309,339
114000103,197,293,-96
114000104,269,185,84
114000105,176,75,101
114000106,645,766,-121
114000107,343,125,218
114000108,1786,988,798
114000109,547,1496,-949
114000110,446,1256,-810
114000111,1535,716,819
114000112,494,1890,-1396
114000113,1667,491,1176
114000114,1113,1379,-266
114000115,2323,1057,1266
114000116,969,1411,-442
114000117,2523,359,2164
114000118,2238,424,1814
114000119,1481,381,1100
114000120,456,590,-134
114000121,436,676,-240
114000122,374,291,83
114000123,1754,440,1314
114000124,811,242,569
114000125,800,993,-193
114000126,1966,220,1746
114000127,314,150,164
114000128,741,351,390
114000130,490,471,19
114000131,309,99,210
114000132,492,407,85
114000133,702,1074,-372
114000134,54,120,-66
114000138,40,149,-109
114000139,388,265,123
114000144,705,575,130
114000145,76,120,-44
114000146,84,212,-128
114000147,1293,1984,-691
114000148,1699,1718,-19
114000149,413,282,131
114000150,1385,1399,-14
114000151,1312,1866,-554
114000152,166,37,129
114000153,869,2208,-1339
114000154,896,852,44
114000155,1756,2010,-254
114000156,750,546,204
114000157,396,910,-514
114000158,1366,678,688
114000159,232,439,-207
114000160,89,427,-338
114000161,1333,2723,-1390
114000162,933,2298,-1365
114000163,15,86,-71
114000165,585,280,305
114000166,681,329,352
114000167,2486,1337,1149
114000168,674,547,127
114000169,1384,1193,191
114000170,1212,1225,-13
114000171,1026,3102,-2076
114000174,244,396,-152
114000176,406,436,-30
114000177,1563,708,855
114000178,38,35,3
114000179,1115,739,376
114000180,373,619,-246
114000181,1391,3191,-1800
114000182,2073,2045,28
114000183,827,860,-33
114000184,2676,898,1778
114000185,1296,787,509
114000189,865,111,754
114000190,2517,287,2230
114000191,50,58,-8
114000192,176,969,-793
114000193,494,1975,-1481
114000194,1254,820,434
114000195,143,16,127
114000196,1,201,-200
114000197,1006,60,946
114000198,754,347,407
114000199,1727,1595,132
114000200,575,1317,-742
114000201,155,651,-496
114000202,899,443,456
114000203,596,647,-51
114000204,153,424,-271
114000205,222,1238,-1016
114000206,537,1137,-600
114000207,555,1229,-674
114000208,377,1793,-1416
114000209,446,1757,-1311
114000210,229,851,-622
114000211,953,1174,-221
114000212,585,737,-152
114000213,1279,582,697
114000214,78,114,-36
114000215,213,45,168
114000216,1388,314,1074
114000217,347,246,101
114000218,108,249,-141
114000219,1194,198,996
114000220,34,733,-699
114000221,777,152,625
114000222,142,815,-673
114000223,461,133,328
114000224,138,421,-283
114000225,191,439,-248
114000226,140,214,-74
114000227,860,474,386
114000228,681,735,-54
114000229,967,984,-17
114000230,1507,988,519
114000231,791,1127,-336
114000232,654,146,508
114000233,1953,112,1841
114000234,1085,830,255
114000235,963,1279,-316
114000236,0,375,-375
114000237,112,617,-505
114000238,168,178,-10
114000239,151,798,-647
114000240,736,708,28
114000241,268,774,-506
114000242,745,681,64
114000243,1303,809,494
114000244,497,333,164
114000245,379,671,-292
114000246,120,44,76
114000247,555,512,43
114000248,1956,470,1486
114000249,440,430,10
114000250,447,562,-115
114000251,300,213,87
114000252,69,47,22
114000253,96,112,-16
114000254,25,42,-17
114000255,406,199,207
114000256,1299,1732,-433
114000257,545,1147,-602
114000258,245,324,-79
114000259,124,199,-75
114000260,0,30,-30
114000261,26,33,-7
114000262,345,92,253
114000263,15,0,15
114000264,883,335,548
114000265,0,1,-1
114000267,2,1423,-1421
114000268,2,980,-978
114000270,109,6,103
114000271,367,41,326
114000283,1260,317,943
114000285,19,122,-103
114000288,88,278,-190
114000289,1191,207,984
114000293,169,427,-258
114000294,161,235,-74
114000395,1327,30,1297
114000396,492,495,-3
114000402,480,218,262
114000403,261,273,-12
114000405,156,416,-260
114000423,282,326,-44
114000424,443,159,284
114000425,719,300,419
114000426,282,765,-483
114000427,63,56,7
114000428,214,160,54
114000429,13,136,-123
114000432,81,95,-14
114000434,33,62,-29
114000435,1,140,-139
114900001,569,804,-235
114900002,671,62,609
114900003,605,1014,-409
114900004,183,318,-135
114900005,535,524,11
114900006,72,37,35
114900007,223,18,205
114900008,144,104,40
114900010,1514,1594,-80
114900011,113,132,-19
114900013,216,154,62
114900018,580,29,551
114900020,141,74,67
114900022,38,436,-398
114900025,353,159,194
114900026,122,132,-10
114900029,117,28,89
114900030,297,181,116
114900031,356,46,310
114900032,300,22,278
114900034,58,134,-76
114900035,96,197,-101
114900036,198,463,-265
114900039,436,351,85
114900040,59,85,-26
114900041,574,393,181
114900042,658,498,160
114900044,133,28,105
114900047,183,1647,-1464
114900048,84,220,-136
114900049,34,190,-156
114900050,55,325,-270
114900051,25,336,-311
114900052,103,216,-113
114900053,105,236,-131
114900054,31,71,-40
114900057,161,7,154
114900058,0,65,-65
114900059,83,47,36
114900063,77,133,-56
114900064,1251,327,924
114900065,356,550,-194
114900067,143,353,-210
114900068,50,186,-136
114900069,125,93,32
114900070,402,365,37
114900072,3,233,-230
114900073,1,133,-132
114900074,589,465,124
114900075,217,6,211
114900076,4,228,-224
114900080,1498,286,1212
114900082,2874,1895,979
114900083,866,935,-69
114900090,273,241,32
114900091,174,157,17
114900097,133,1,132
114900098,4,193,-189
114900099,181,19,162
115000001,4947,3360,1587
115000002,3680,3709,-29
115000003,4036,2639,1397
115000004,3718,5157,-1439
115000005,1345,1744,-399
115000006,902,1359,-457
115000007,181,180,1
115000008,512,492,20
115000009,126,221,-95
115000010,244,139,105
115000013,71,219,-148
115000015,103,353,-250
115000016,85,297,-212
115000019,30,405,-375
115000020,98,528,-430
115000021,235,495,-260
115000022,447,333,114
115000023,325,532,-207
115000024,835,449,386
115000025,716,605,111
115000026,166,374,-208
115000027,243,280,-37
115000028,159,753,-594
115000029,505,88,417
115000030,599,1004,-405
115000031,1177,200,977
115000032,6,256,-250
115000033,217,29,188
115000034,84,923,-839
115000035,1101,61,1040
115000036,1,394,-393
115000037,502,12,490
115000038,51,173,-122
115000039,3058,3035,23
115000040,4631,2617,2014
115000041,1404,3032,-1628
115000042,777,566,211
115000043,3890,2459,1431
115000044,3654,3198,456
115000045,2498,1544,954
115000046,2283,2370,-87
115000047,2079,1429,650
115000048,1507,1939,-432
115000049,1408,2702,-1294
115000050,2833,2050,783
115000051,1479,2773,-1294
115000052,1808,1682,126
115000053,1680,1559,121
115000054,616,973,-357
115000055,181,810,-629
115000056,230,515,-285
115000057,631,1204,-573
115000058,565,366,199
115000059,198,149,49
115000061,192,191,1
115000062,191,256,-65
115000063,243,317,-74
115000064,181,114,67
115000065,45,454,-409
115000067,195,52,143
115000069,81,271,-190
115000070,31,720,-689
115000071,139,25,114
115000072,10,67,-57
115000073,1182,54,1128
115000075,88,50,38
115000076,2596,2171,425
115000077,2317,1875,442
115000078,1192,1009,183
115000079,1349,1484,-135
115000080,2040,1906,134
115000081,440,822,-382
115000082,3350,3083,267
115000083,1795,1659,136
115000084,2057,994,1063
115000085,690,785,-95
115000086,1128,682,446
115000087,434,1275,-841
115000088,1672,616,1056
115000089,1368,1118,250
115000090,435,705,-270
115000091,218,797,-579
115000092,591,294,297
115000093,540,0,540
115000094,5199,4821,378
115000095,3698,4947,-1249
115000096,739,1101,-362
115000097,858,767,91
115000098,960,689,271
115000099,2280,2055,225
115000100,920,273,647
115000101,300,1192,-892
115000102,463,200,263
115000103,253,498,-245
115000105,84,146,-62
115000106,591,257,334
115000107,149,371,-222
115000108,2438,2050,388
115000109,3473,3765,-292
115000110,1270,1340,-70
115000111,557,1349,-792
115000112,590,662,-72
115000113,493,712,-219
115000114,1664,686,978
115000116,3029,1854,1175
115000117,3066,3011,55
115000118,1732,1502,230
115000119,1554,2106,-552
115000120,467,1226,-759
115000121,1208,870,338
115000122,3130,1264,1866
115000123,1217,2077,-860
115000124,700,817,-117
115000125,433,682,-249
115000126,139,342,-203
115000127,355,86,269
115000128,509,916,-407
115000129,253,304,-51
115000130,413,490,-77
115000131,670,253,417
115000132,242,303,-61
115000133,443,260,183
115000134,266,285,-19
115000135,212,148,64
115000136,277,297,-20
115000137,121,171,-50
115000138,298,261,37
115000139,227,183,44
115000140,321,145,176
115000141,175,211,-36
115000142,173,199,-26
115000143,687,502,185
115000144,522,189,333
115000145,268,262,6
115000146,513,302,211
115000147,574,440,134
115000148,275,831,-556
115000149,529,187,342
115000150,569,733,-164
115000151,974,509,465
115000152,634,745,-111
115000153,1015,565,450
115000154,749,310,439
115000155,594,745,-151
115000156,994,576,418
115000157,659,647,12
115000158,477,365,112
115000159,740,481,259
115000160,414,331,83
115000161,168,393,-225
115000162,697,671,26
115000163,570,764,-194
115000164,660,595,65
115000165,334,509,-175
115000167,178,76,102
115000168,577,339,238
115000169,590,308,282
115000170,127,200,-73
115000171,363,267,96
115000172,980,559,421
115000173,282,397,-115
115000174,108,280,-172
115000175,186,172,14
115000176,113,79,34
115000177,88,126,-38
115000178,10,182,-172
115000179,40,31,9
115000180,129,460,-331
115000181,571,162,409
115000182,681,203,478
115000183,329,721,-392
115000186,616,198,418
115000187,179,617,-438
115000188,412,455,-43
115000189,177,432,-255
115000190,589,341,248
115000191,120,416,-296
115000194,119,190,-71
115000195,212,324,-112
115000196,258,104,154
115000197,369,212,157
115000198,312,120,192
115000199,227,178,49
115000200,446,112,334
115000201,171,214,-43
115000206,418,48,370
115000207,144,223,-79
115000208,345,573,-228
115000209,748,321,427
115000210,117,135,-18
115000211,317,188,129
115000212,1352,365,987
115000224,380,69,311
115000225,79,83,-4
115000229,188,97,91
115000230,88,344,-256
115000231,252,1215,-963
115000232,1442,202,1240
115000233,102,152,-50
115000234,34,271,-237
115000241,92,258,-166
115000242,80,279,-199
115000243,52,186,-134
115000244,9,110,-101
115000246,95,55,40
115000247,7,4,3
115000248,4,2,2
115000249,6,5,1
115000250,258,118,140
115000251,508,415,93
115000252,341,373,-32
115000253,26,273,-247
115000258,365,365,0
115000259,384,123,261
115000261,7,6,1
115000262,15,21,-6
115000263,5,51,-46
115000264,94,75,19
115000267,84,61,23
115000268,30,107,-77
115000269,113,64,49
115000270,6,20,-14
115000272,76,117,-41
115000273,284,30,254
115000280,2898,192,2706
115000281,558,930,-372
115000282,487,542,-55
115000284,314,153,161
115000296,1089,17,1072
115000297,128,101,27
115000298,44,449,-405
115000300,219,144,75
115000302,567,107,460
115000303,593,98,495
115000304,584,53,531
115000305,115,471,-356
115000306,129,283,-154
115000307,75,197,-122
115000308,21,35,-14
115000310,903,692,211
115000311,886,1009,-123
115000313,138,485,-347
115000314,351,116,235
115000315,823,607,216
115000316,67,98,-31
115000317,129,373,-244
115000318,683,231,452
115000319,43,268,-225
115000320,9,317,-308
115000321,301,12,289
115000322,55,184,-129
115000449,198,168,30
115000557,1,977,-976
115000558,448,109,339
115000587,495,294,201
115000588,1954,2446,-492
115000589,3045,2135,910
115000590,1133,1170,-37
115000591,1514,725,789
115000592,579,1710,-1131
115000593,1280,596,684
115000594,846,2463,-1617
115000609,154,223,-69
115000617,1519,2886,-1367
115000624,239,55,184
115000633,350,1752,-1402
115000634,2444,707,1737
115000635,589,200,389
115000638,596,585,11
115000641,78,129,-51
115000642,410,337,73
115000643,167,515,-348
115000644,179,434,-255
115000646,860,1492,-632
115000647,174,467,-293
115000648,1678,1597,81
115000893,2724,1556,1168
115000894,115,962,-847
115000895,423,999,-576
115000896,1306,442,864
115000897,449,158,291
115000898,509,165,344
115000899,584,1039,-455
115000900,77,296,-219
115000901,52,120,-68
115000912,434,93,341
115000913,2,22,-20
115000915,19,0,19
115000916,6,1,5
115000917,0,1,-1
115000918,39,249,-210
115000919,10,4,6
115000920,10,38,-28
115000921,431,71,360
115000922,1020,754,266
115000923,384,1225,-841
115000925,107,83,24
115000927,126,143,-17
115000933,238,290,-52
115000934,131,148,-17
115000935,111,83,28
115000936,23,497,-474
115000937,818,157,661
115000938,192,240,-48
115000939,265,313,-48
115000940,42,15,27
115000941,12,12,0
115000942,21,111,-90
115000943,30,41,-11
115000944,3,29,-26
115900001,79,27,52
115900002,79,94,-15
115900003,171,85,86
115900004,1,39,-38
115900005,126,9,117
115900006,137,183,-46
115900008,52,10,42
115900009,67,174,-107
115900010,292,129,163
115900011,395,181,214
115900012,148,61,87
115900013,289,97,192
115900014,138,122,16
115900015,115,50,65
115900016,90,26,64
115900017,8,9,-1
115900018,154,36,118
115900019,71,7,64
115900020,59,1,58
115900021,913,178,735
115900022,1053,6,1047
115900023,46,9,37
115900025,21,180,-159
115900026,676,215,461
115900027,1,244,-243
115900028,629,44,585
115900029,35,373,-338
115900030,22,22,0
115900031,215,199,16
115900032,514,655,-141
115900033,1,36,-35
115900034,34,255,-221
115900035,20,27,-7
115900036,69,636,-567
115900037,29,236,-207
115900038,24,19,5
115900039,148,204,-56
115900041,413,554,-141
115900042,19,2,17
115900043,104,54,50
115900044,234,196,38
115900046,223,217,6
115900047,159,126,33
115900049,156,198,-42
115900051,0,31,-31
115900052,25,178,-153
115900053,161,157,4
115900054,211,34,177
115900055,11,103,-92
115900056,182,187,-5
115900057,44,3,41
115900058,32,52,-20
115900060,64,140,-76
115900061,206,3,203
115900062,17,147,-130
115900063,46,10,36
115900064,133,239,-106
115900065,118,105,13
115900066,150,80,70
115900067,6,444,-438
115900068,2498,854,1644
115900069,58,140,-82
115900070,206,152,54
115900071,0,291,-291
115900072,39,140,-101
115900073,61,77,-16
115900074,1,242,-241
115900075,21,144,-123
115900076,5,42,-37
115900077,3,213,-210
115900078,83,93,-10
115900079,156,21,135
115900080,429,182,247
115900081,11,56,-45
115900082,92,109,-17
115900084,458,15,443
115900085,37,95,-58
115900086,1076,553,523
115900088,6,58,-52
115900089,336,563,-227
115900090,365,16,349
115900091,2,20,-18
115900092,37,134,-97
115900093,11,17,-6
115900094,3,252,-249
115900096,0,8,-8
115900097,10,257,-247
115900098,150,214,-64
115900099,148,66,82
115900100,14,414,-400
115900101,120,198,-78
115900102,69,71,-2
115900103,271,122,149
115900104,61,90,-29
115900105,242,400,-158
115900106,69,27,42
115900107,61,84,-23
115900108,101,57,44
115900109,38,288,-250
115900110,1,4,-3
115900111,1,87,-86
115900112,17,571,-554
115900113,38,52,-14
115900114,2,98,-96
115900115,43,154,-111
115900116,63,612,-549
115900117,80,33,47
115900118,2,197,-195
115900119,82,78,4
115900120,35,203,-168
115900121,171,253,-82
115900124,599,590,9
115900125,342,41,301
115900126,538,60,478
115900127,536,57,479
115900128,3,156,-153
115900129,577,49,528
115900130,28,210,-182
115900131,397,20,377
115900132,482,4,478
115900134,260,5,255
115900135,428,1006,-578
115900137,43,11,32
115900139,54,84,-30
115900140,221,33,188
115900141,7,63,-56
115900142,13,40,-27
115900143,189,317,-128
115900144,82,149,-67
115900146,13,71,-58
115900147,189,189,0
115900148,95,5,90
115900149,107,16,91
115900150,61,18,43
115900151,26,112,-86
115900152,88,212,-124
115900153,82,165,-83
115900154,304,337,-33
115900155,0,34,-34
115900156,605,775,-170
115900157,167,414,-247
115900158,20,9,11
115900159,130,187,-57
115900160,14,16,-2
115900161,40,182,-142
115900163,173,119,54
115900164,475,37,438
115900166,174,106,68
115900168,98,98,0
115900171,59,328,-269
115900172,49,90,-41
115900173,231,93,138
115900174,246,201,45
115900175,107,204,-97
115900178,9,446,-437
115900179,229,24,205
115900180,79,95,-16
115900181,149,160,-11
115900182,340,155,185
115900183,50,35,15
115900184,1526,6,1520
115900187,10,101,-91
115900189,2,230,-228
115900190,92,1028,-936
115900191,33,235,-202
115900192,6,114,-108
115900193,300,109,191
115900194,538,84,454
115900195,521,1751,-1230
115900198,189,266,-77
115900199,211,223,-12
115900200,200,391,-191
115900201,613,413,200
115900202,7,46,-39
115900203,4,10,-6
115900204,0,16,-16
115900205,77,27,50
115900206,174,126,48
115900207,38,36,2
115900208,201,122,79
115900209,2,139,-137
115900210,2,117,-115
115900211,2,144,-142
115900212,119,192,-73
115900213,157,86,71
115900214,434,258,176
115900215,24,105,-81
115900216,5,90,-85
115900217,12,33,-21
115900218,5,24,-19
115900219,110,4,106
115900220,118,26,92
115900221,87,10,77
115900222,44,31,13
115900223,6,329,-323
115900224,745,919,-174
115900225,51,27,24
115900226,17,40,-23
115900227,16,27,-11
115900228,11,22,-11
115900229,2,47,-45
115900230,49,99,-50
115900231,111,2,109
115900232,34,6,28
115900233,110,21,89
115900234,52,20,32
115900235,23,17,6
115900236,136,40,96
115900237,51,28,23
115900238,28,13,15
115900239,20,32,-12
115900240,9,30,-21
115900241,202,116,86
115900242,262,352,-90
115900243,16,6,10
115900244,23,18,5
115900245,40,6,34
115900246,43,13,30
115900247,36,13,23
115900248,11,2,9
115900249,3,12,-9
115900250,5,24,-19
115900251,5,11,-6
115900252,2,1,1
115900253,11,18,-7
115900254,4,23,-19
115900255,3,9,-6
115900256,21,71,-50
115900257,4,6,-2
115900258,0,5,-5
115900259,6,3,3
115900260,10,0,10
115900261,16,1,15
115900262,8,0,8
115900263,12,0,12
115900264,7,7,0
115900265,4,12,-8
115900266,5,12,-7
115900267,13,11,2
115900268,0,1,-1
115900269,341,341,0
115900270,360,269,91
115900271,74,0,74
115900272,23,2,21
115900273,9,8,1
115900274,1,15,-14
115900275,1,15,-14
115900276,2,14,-12
115900277,1,44,-43
115900278,30,85,-55
115900279,30,141,-111
115900280,18,334,-316
115900281,329,223,106
115900282,22,9,13
115900283,8,25,-17
115900284,13,8,5
116000001,8755,4042,4713
116000002,4302,8956,-4654
116000003,1378,1446,-68
116000004,2161,2960,-799
116000005,2829,3208,-379
116000006,2891,2709,182
116000007,2612,3026,-414
116000008,3596,2325,1271
116000009,1503,2088,-585
116000010,2107,1369,738
116000011,854,1722,-868
116000012,1573,977,596
116000013,6543,3212,3331
116000014,8789,9593,-804
116000015,200,873,-673
116000016,4053,2588,1465
116000017,33,594,-561
116000018,624,220,404
116000019,462,236,226
116000020,454,629,-175
116000021,310,281,29
116000022,319,291,28
116000023,834,576,258
116000024,559,634,-75
116000025,645,674,-29
116000026,1628,2218,-590
116000027,492,579,-87
116000028,426,760,-334
116000029,565,557,8
116000030,834,363,471
116000031,163,259,-96
116000032,390,164,226
116000033,246,358,-112
116000034,559,584,-25
116000035,272,521,-249
116000036,1580,1074,506
116000037,519,461,58
116000038,445,441,4
116000039,600,342,258
116000040,648,385,263
116000041,177,346,-169
116000042,622,247,375
116000043,46,708,-662
116000044,34,111,-77
116000045,1722,1124,598
116000046,922,1493,-571
116000047,1357,1909,-552
116000048,1558,1665,-107
116000049,1119,2948,-1829
116000050,1295,1088,207
116000051,5758,2679,3079
116000052,5120,4593,527
116000053,1836,803,1033
116000054,736,2460,-1724
116000055,654,825,-171
116000056,815,1045,-230
116000057,2566,1712,854
116000058,2755,2597,158
116000059,3366,4350,-984
116000060,1875,932,943
116000061,724,976,-252
116000062,556,207,349
116000063,592,943,-351
116000066,278,487,-209
116000067,203,363,-160
116000068,232,271,-39
116000069,238,325,-87
116000078,588,971,-383
116000080,1604,827,777
116000082,7,58,-51
116000083,1551,386,1165
116000084,1764,3190,-1426
116000085,1950,1686,264
116000086,1774,1167,607
116000087,1878,1340,538
116000088,727,850,-123
116000089,228,99,129
116000090,110,166,-56
116000091,358,247,111
116000093,577,278,299
116000094,485,537,-52
116000095,643,405,238
116000096,628,1036,-408
116000097,724,531,193
116000098,139,4809,-4670
116000099,4668,219,4449
116000100,255,24,231
116000101,837,765,72
116000102,239,1192,-953
116000103,502,255,247
116000104,127,1027,-900
116000105,975,179,796
116000106,451,863,-412
116000107,1858,346,1512
116000108,348,116,232
116000111,107,28,79
116000113,112,123,-11
116000114,46,131,-85
116000115,286,100,186
116000116,256,448,-192
116000117,1216,1354,-138
116000118,1020,1014,6
116000119,2802,1671,1131
116000120,2567,2995,-428
116000121,777,558,219
116000122,1039,1376,-337
116000123,987,421,566
116000124,295,727,-432
116000125,2528,699,1829
116000126,262,1242,-980
116000127,832,1039,-207
116000128,1620,794,826
116000129,1107,210,897
116000130,553,426,127
116000133,985,753,232
116000134,1614,1631,-17
116000135,2191,1449,742
116000136,1057,1814,-757
116000137,1032,663,369
116000138,767,605,162
116000139,1493,2166,-673
116000140,139,172,-33
116000141,248,515,-267
116000142,2704,2271,433
116000143,1624,1553,71
116000144,1371,1830,-459
116000145,1712,1030,682
116000146,440,160,280
116000147,188,162,26
116000148,436,430,6
116000149,583,472,111
116000151,528,435,93
116000153,94,259,-165
116000155,165,183,-18
116000156,445,834,-389
116000157,73,18,55
116000158,390,307,83
116000159,14,15,-1
116000160,12,69,-57
116000161,5,92,-87
116000162,94,89,5
116000163,20,9,11
116000164,2,18,-16
116000177,344,108,236
116000194,117,331,-214
116000195,1250,581,669
116000196,9,3,6
116000197,9,18,-9
116000198,2203,861,1342
116000200,632,456,176
116000201,616,610,6
116000202,7,265,-258
116000203,1,96,-95
116000204,11,79,-68
116000205,0,141,-141
116000206,2,127,-125
116000207,12,61,-49
116000233,155,300,-145
116000287,132,363,-231
116000288,266,174,92
116000292,48,93,-45
116000296,32,349,-317
116000297,150,24,126
116000304,96,30,66
116000305,53,67,-14
116000346,126,85,41
116000352,53,35,18
116000354,24,18,6
116000357,9,36,-27
116000358,414,48,366
116000361,286,0,286
116000372,4114,3478,636
116000381,93,3,90
116000388,8,58,-50
116000389,877,471,406
116000445,382,456,-74
116000446,647,487,160
116000447,15,439,-424
116000448,475,149,326
116000563,1084,843,241
116000565,32,311,-279
116000568,58,129,-71
116000579,22,98,-76
116000583,85,54,31
116000584,15,7,8
116000585,19,26,-7
116000586,45,143,-98
116000587,491,578,-87
116000589,102,90,12
116000590,67,69,-2
116000591,255,199,56
116000592,10,92,-82
116000593,8,28,-20
116000594,537,420,117
116000595,676,121,555
116000596,80,3,77
116000597,347,63,284
116000598,22,151,-129
116000605,475,106,369
116000606,103,213,-110
116000607,3,23,-20
116000609,182,692,-510
116000611,128,397,-269
116000612,729,1587,-858
116000613,629,301,328
116000614,388,487,-99
116000615,2,359,-357
116000616,49,54,-5
116000617,85,30,55
116000618,2,49,-47
116000619,38,62,-24
116000620,137,411,-274
116000621,53,99,-46
116000622,65,147,-82
116000624,210,97,113
116000627,58,57,1
116000628,92,275,-183
116000629,29,196,-167
116000630,298,32,266
116000631,110,58,52
116000632,645,57,588
116000633,138,207,-69
116000634,324,142,182
116000635,2596,2109,487
116000636,991,1262,-271
116000637,368,82,286
116000638,140,260,-120
116000639,121,5,116
116000640,17,22,-5
116000641,30,146,-116
116000643,1,163,-162
116000644,18,455,-437
116000645,17,11,6
116900001,198,210,-12
116900002,250,7,243
116900003,53,43,10
116900004,29,28,1
116900005,224,82,142
116900006,101,202,-101
116900007,106,134,-28
116900008,353,226,127
116900009,11,2,9
116900010,206,900,-694
116900011,17,36,-19
116900012,275,192,83
116900013,1,99,-98
116900014,93,215,-122
116900015,299,32,267
116900016,213,2,211
116900017,5,321,-316
116900018,67,56,11
116900019,4,209,-205
116900020,793,778,15
116900023,46,21,25
116900024,487,30,457
116900025,891,617,274
116900026,78,447,-369
116900027,15,35,-20
116900028,6,65,-59
116900029,0,37,-37
116900031,1,6,-5
116900032,6,303,-297
116900033,11,3,8
116900034,16,61,-45
116900035,165,149,16
116900036,10,90,-80
116900038,21,2,19
116900041,40,26,14
116900042,465,203,262
116900043,12,40,-28
116900047,36,124,-88
116900049,21,253,-232
116900050,91,341,-250
116900051,133,148,-15
116900052,182,64,118
116900055,0,10,-10
116900057,26,203,-177
116900058,40,281,-241
116900059,2,116,-114
116900060,158,139,19
116900062,2,15,-13
116900064,86,534,-448
116900065,53,92,-39
116900067,85,55,30
116900068,98,128,-30
116900070,4,0,4
116900072,23,278,-255
116900073,16,107,-91
116900074,3,38,-35
116900076,7,49,-42
116900077,9,95,-86
116900078,192,101,91
116900079,56,162,-106
116900080,9,22,-13
116900081,326,994,-668
116900082,300,748,-448
116900083,29,31,-2
116900084,128,49,79
116900085,42,155,-113
116900086,41,128,-87
116900088,260,110,150
116900090,104,52,52
116900091,301,25,276
116900092,69,517,-448
116900093,1210,1463,-253
116900094,2743,2721,22
116900095,174,93,81
116900096,72,285,-213
116900097,2279,2422,-143
116900098,775,349,426
116900099,702,621,81
116900100,578,20,558
116900101,290,377,-87
116900103,1,0,1
116900104,87,73,14
116900105,216,79,137
116900106,1205,59,1146
116900107,2739,2111,628
116900110,9,0,9
116900111,507,463,44
116900112,252,769,-517
116900113,1342,1166,176
116900116,135,568,-433
116900117,135,107,28
116900118,583,703,-120
116900120,269,62,207
116900121,162,14,148
116900122,771,557,214
116900123,210,509,-299
116900124,147,739,-592
116900125,322,171,151
116900126,112,442,-330
116900128,0,43,-43
116900129,1,320,-319
116900130,534,2888,-2354
116900131,109,343,-234
116900132,43,79,-36
116900133,135,147,-12
116900134,220,238,-18
116900136,225,171,54
116900137,282,117,165
116900138,164,162,2
116900139,113,379,-266
116900140,151,113,38
116900141,753,369,384
116900142,5,68,-63
116900143,293,297,-4
116900144,21,67,-46
116900145,91,147,-56
116900147,469,400,69
116900148,8,30,-22
116900149,71,238,-167
116900150,10,16,-6
116900151,43,20,23
116900153,116,58,58
116900154,359,466,-107
116900155,94,70,24
116900157,438,218,220
116900158,120,219,-99
116900159,51,215,-164
116900160,667,645,22
116900161,4646,4866,-220
116900162,5,80,-75
116900163,134,106,28
116900164,86,59,27
116900165,265,260,5
116900166,54,53,1
116900167,355,91,264
116900168,293,49,244
116900169,392,437,-45
116900170,351,525,-174
116900171,35,113,-78
116900172,189,288,-99
116900173,145,18,127
116900174,47,51,-4
116900175,147,140,7
116900178,52,92,-40
116900179,78,268,-190
116900180,77,20,57
116900182,381,211,170
116900183,144,96,48
116900185,24,40,-16
116900186,79,146,-67
116900187,100,50,50
116900188,159,17,142
116900189,109,1,108
116900191,346,643,-297
116900192,253,94,159
116900194,169,1113,-944
116900195,52,15,37
116900196,15,57,-42
116900197,93,35,58
116900198,150,203,-53
116900200,60,27,33
116900201,95,6,89
116900202,76,30,46
116900203,111,11,100
116900204,69,81,-12
116900206,19,21,-2
116900207,26,36,-10
116900208,5,141,-136
116900209,50,90,-40
116900210,455,267,188
116900211,195,6,189
116900212,54,59,-5
116900213,226,135,91
116900214,170,119,51
116900215,34,54,-20
116900216,231,159,72
116900218,1,163,-162
116900219,1053,319,734
116900220,87,140,-53
116900221,96,320,-224
116900222,357,280,77
116900223,79,281,-202
116900226,70,51,19
116900227,131,68,63
116900228,270,177,93
116900230,43,245,-202
116900231,19,255,-236
116900232,8,339,-331
116900233,247,95,152
116900234,17,5,12
116900235,420,270,150
116900238,1480,289,1191
116900239,0,691,-691
116900240,4166,2902,1264
116900241,84,107,-23
116900242,824,543,281
116900243,2,14,-12
116900245,32,20,12
116900246,144,8,136
116900247,570,99,471
116900248,72,25,47
116900249,229,66,163
116900250,477,49,428
116900251,406,525,-119
116900252,165,555,-390
116900254,22,95,-73
116900255,180,94,86
116900256,383,118,265
116900257,13,353,-340
116900258,8,187,-179
116900259,217,6,211
116900260,1,108,-107
116900261,47,6,41
116900262,392,159,233
116900263,0,10,-10
116900264,61,33,28
116900265,31,1,30
116900266,18,24,-6
116900267,3,1,2
116900268,143,106,37
116900269,265,467,-202
116900271,978,161,817
116900272,371,239,132
116900273,129,51,78
116900274,110,72,38
116900275,127,82,45
116900276,385,124,261
116900277,426,16,410
116900278,12,5,7
116900279,0,24,-24
116900280,31,33,-2
116900281,3968,3267,701
116900282,1,86,-85
116900283,15,83,-68
116900284,11,155,-144
116900285,212,180,32
116900286,173,24,149
116900287,9,35,-26
116900288,78,103,-25
116900289,17,1,16
116900290,7,12,-5
116900291,10,6,4
116900292,12,16,-4
116900293,43,59,-16
116900294,17,135,-118
116900295,95,45,50
116900296,77,68,9
116900297,5,67,-62
116900298,73,61,12
116900299,23,53,-30
116900300,0,39,-39
116900301,44,130,-86
116900302,85,48,37
116900303,322,67,255
116900304,0,127,-127
116900305,28,39,-11
116900306,149,94,55
116900307,74,0,74
116900308,0,115,-115
116900309,59,40,19
116900310,29,39,-10
117000001,1730,1368,362
117000002,1715,3322,-1607
117000003,5442,2844,2598
117000004,3160,3861,-701
117000005,1990,1709,281
117000006,1013,2591,-1578
117000007,3500,1104,2396
117000008,955,2767,-1812
117000009,4460,1759,2701
117000010,2309,3102,-793
117000011,2050,1430,620
117000012,1095,1093,2
117000013,1703,723,980
117000014,1104,1816,-712
117000015,2012,1085,927
117000016,302,112,190
117000017,190,78,112
117000018,136,458,-322
117000019,83,30,53
117000020,451,1088,-637
117000021,1394,554,840
117000022,340,125,215
117000023,235,190,45
117000024,215,171,44
117000025,412,890,-478
117000026,1867,1097,770
117000027,2305,5211,-2906
117000028,3868,2019,1849
117000030,583,436,147
117000031,382,270,112
117000032,1332,1004,328
117000033,953,651,302
117000034,356,252,104
117000035,319,307,12
117000036,462,296,166
117000037,256,232,24
117000038,217,509,-292
117000039,412,182,230
117000040,225,658,-433
117000041,806,175,631
117000044,19,694,-675
117000045,393,51,342
117000046,373,694,-321
117000047,776,543,233
117000048,1559,772,787
117000049,102,508,-406
117000050,127,1511,-1384
117000051,2013,149,1864
117000052,90,264,-174
117000053,578,65,513
117000054,1405,6,1399
117000055,73,2273,-2200
117000056,625,18,607
117000057,641,1784,-1143
117000060,469,1026,-557
117000061,1366,825,541
117000062,261,553,-292
117000063,1668,972,696
117000064,755,750,5
117000066,753,763,-10
117000067,124,494,-370
117000074,140,165,-25
117000076,166,56,110
117000077,188,142,46
117000078,139,565,-426
117000079,435,204,231
117000080,0,289,-289
117000081,1180,129,1051
117000082,17,76,-59
117000083,713,224,489
117000084,189,1,188
117000085,256,634,-378
117000086,812,431,381
117000087,82,384,-302
117000088,284,203,81
117000089,1351,254,1097
117000090,242,1039,-797
117000091,767,252,515
117000092,361,1053,-692
117000093,1036,704,332
117000094,1133,2207,-1074
117000095,3367,866,2501
117000096,655,1918,-1263
117000097,1383,1100,283
117000098,2192,3501,-1309
117000099,3096,1183,1913
117000100,174,282,-108
117000101,173,808,-635
117000102,1547,658,889
117000103,676,1318,-642
117000104,1298,624,674
117000105,747,1241,-494
117000106,1073,662,411
117000107,517,1460,-943
117000108,1579,811,768
117000109,1243,1964,-721
117000110,1278,934,344
117000111,3050,3680,-630
117000112,2658,1576,1082
117000113,230,214,16
117000114,183,133,50
117000115,204,94,110
117000116,116,231,-115
117000117,1400,900,500
117000118,247,125,122
117000119,181,148,33
117000120,149,506,-357
117000121,134,1167,-1033
117000122,281,623,-342
117000123,1237,41,1196
117000124,740,71,669
117000125,292,78,214
117000126,57,19,38
117000127,135,250,-115
117000128,484,638,-154
117000129,375,738,-363
117000130,114,2,112
117000131,1,115,-114
117000132,2719,36,2683
117000133,1284,71,1213
117000134,1,60,-59
117000135,3,63,-60
117000136,2,40,-38
117000137,102,127,-25
117000138,5,537,-532
117000140,364,1217,-853
117000141,1531,507,1024
117000181,390,235,155
117000182,347,474,-127
117000195,166,873,-707
117000196,282,118,164
117000225,173,29,144
117000226,5,118,-113
117000276,286,13,273
117000277,2,281,-279
117000310,1276,1883,-607
117000315,33,542,-509
117000320,91,0,91
117000906,323,12,311
117000907,10,246,-236
117000909,52,23,29
117000910,178,159,19
117000911,109,207,-98
117000915,8,420,-412
117000916,32,0,32
117000917,1054,36,1018
117000918,73,51,22
117000919,9,89,-80
117000920,1,1051,-1050
117000921,2,952,-950
117000922,43,112,-69
117000924,378,685,-307
117000926,678,114,564
117000927,1650,1102,548
117000928,1,106,-105
117000929,259,328,-69
117000930,201,14,187
117000931,426,198,228
117900002,99,330,-231
117900003,654,306,348
117900005,5,49,-44
117900006,0,56,-56
117900007,153,97,56
117900008,0,25,-25
117900010,220,76,144
117900011,17,78,-61
117900012,58,71,-13
117900013,0,152,-152
117900014,541,101,440
117900015,24,74,-50
117900016,888,732,156
117900017,591,282,309
117900018,157,76,81
117900019,304,228,76
117900020,66,409,-343
117900021,32,57,-25
117900023,531,155,376
117900024,54,65,-11
117900025,53,8,45
117900026,327,231,96
117900028,42,1,41
117900029,168,558,-390
117900031,179,85,94
117900032,967,506,461
117900033,231,409,-178
117900034,64,31,33
117900035,287,99,188
117900036,185,303,-118
117900037,119,74,45
117900038,23,343,-320
117900039,4,56,-52
117900040,143,383,-240
117900041,3,34,-31
117900042,2824,253,2571
117900043,38,49,-11
117900044,41,2648,-2607
117900045,146,131,15
117900048,311,225,86
117900049,228,373,-145
117900050,5,47,-42
117900051,33,0,33
117900052,42,289,-247
117900053,1650,625,1025
117900054,0,48,-48
117900055,125,165,-40
117900056,266,48,218
117900057,1149,1102,47
117900058,80,51,29
117900059,293,97,196
117900060,2428,5277,-2849
117900061,32,218,-186
117900063,247,125,122
117900065,1291,1310,-19
117900066,6,66,-60
117900067,363,142,221
117900069,723,242,481
117900070,185,27,158
117900071,96,100,-4
117900073,384,206,178
117900074,114,48,66
117900075,92,84,8
117900076,16,67,-51
117900077,365,127,238
117900078,279,733,-454
117900080,113,46,67
117900081,476,264,212
117900082,327,326,1
117900083,251,312,-61
117900086,145,37,108
117900087,130,69,61
117900088,3006,1593,1413
117900089,1905,682,1223
117900090,454,365,89
117900091,258,167,91
117900092,71,33,38
117900093,65,93,-28
117900094,47,23,24
117900095,297,435,-138
117900096,84,205,-121
117900097,230,135,95
117900098,40,7,33
117900099,141,187,-46
117900100,175,1,174
117900101,408,1578,-1170
117900102,54,41,13
117900103,53,4,49
117900104,15,84,-69
117900105,187,194,-7
117900106,105,55,50
117900107,36,0,36
117900109,499,360,139
117900110,130,2,128
117900111,516,12,504
117900112,104,15,89
117900113,2080,1363,717
117900114,22,0,22
117900115,257,47,210
117900116,794,671,123
117900117,480,258,222
117900118,70,1,69
117900119,122,148,-26
117900120,181,41,140
117900121,100,39,61
117900122,1110,3187,-2077
117900123,529,324,205
117900124,1294,780,514
117900125,1715,1907,-192
117900126,274,429,-155
117900127,439,370,69
117900128,297,423,-126
117900129,65,2,63
117900130,1287,363,924
117900131,1,141,-140
117900132,12,86,-74
117900133,33,94,-61
117900134,84,220,-136
117900135,21,161,-140
117900136,1,34,-33
117900137,48,272,-224
117900138,0,44,-44
117900139,95,75,20
117900140,2585,175,2410
117900141,149,180,-31
117900142,107,52,55
117900144,46,104,-58
117900145,18,37,-19
117900146,175,123,52
117900147,76,41,35
117900148,2150,1405,745
117900149,172,145,27
117900150,46,34,12
117900151,24,64,-40
117900152,143,59,84
117900153,27,97,-70
117900154,346,440,-94
117900156,809,684,125
117900157,77,509,-432
117900158,208,145,63
117900160,640,756,-116
117900161,2084,1545,539
117900162,374,400,-26
117900163,78,92,-14
117900165,0,15,-15
117900166,108,502,-394
117900168,53,178,-125
117900169,2,104,-102
117900170,0,24,-24
117900171,10,19,-9
117900172,13,35,-22
117900173,112,70,42
117900174,19,101,-82
117900175,10,38,-28
117900176,13,29,-16
117900177,72,39,33
117900178,201,48,153
117900180,229,36,193
117900181,99,266,-167
117900182,3,22,-19
117900183,57,181,-124
117900184,37,67,-30
117900185,39,53,-14
117900186,52,13,39
117900187,14,12,2
117900188,229,60,169
117900189,69,48,21
117900190,28,2,26
117900191,78,1,77
117900192,201,2,199
117900193,36,72,-36
117900194,4,11,-7
117900195,28,67,-39
117900196,41,27,14
117900207,108,113,-5
117900208,26,33,-7
117900209,199,184,15
117900210,109,179,-70
117900211,2,161,-159
117900212,104,116,-12
117900213,31,13,18
117900214,3,27,-24
117900215,54,43,11
117900216,31,11,20
117900217,80,302,-222
117900218,151,125,26
117900219,3,99,-96
117900220,75,76,-1
117900222,211,242,-31
117900223,154,298,-144
118000001,602,813,-211
118000002,614,1501,-887
118000003,2080,2856,-776
118000004,2473,2145,328
118000005,4318,5079,-761
118000006,4916,8684,-3768
118000007,4591,3334,1257
118000008,4429,3438,991
118000009,1517,2160,-643
118000010,4220,3318,902
118000011,1243,1741,-498
118000012,826,1794,-968
118000013,2031,2005,26
118000014,1905,2487,-582
118000016,208,346,-138
118000017,422,322,100
118000018,356,408,-52
118000019,2045,1495,550
118000020,1210,2944,-1734
118000021,587,2756,-2169
118000022,1524,732,792
118000023,940,304,636
118000024,1389,1084,305
118000027,12431,11416,1015
118000029,937,733,204
118000032,1108,3690,-2582
118000033,2423,5365,-2942
118000034,4443,2370,2073
118000035,1605,2733,-1128
118000036,915,1189,-274
118000037,591,731,-140
118000038,147,64,83
118000039,58,182,-124
118000040,1514,1117,397
118000041,1926,1120,806
118000045,496,135,361
118000046,1309,591,718
118000047,888,822,66
118000048,2542,1687,855
118000051,1966,1092,874
118000052,1342,555,787
118000053,293,394,-101
118000054,1563,1364,199
118000055,1191,1468,-277
118000056,466,351,115
118000057,250,408,-158
118000058,2268,1523,745
118000059,1444,1088,356
118000060,1013,468,545
118000061,1202,1222,-20
118000062,391,220,171
118000063,280,604,-324
118000064,733,964,-231
118000065,3306,1295,2011
118000066,617,1295,-678
118000067,1115,783,332
118000068,1687,3688,-2001
118000069,3589,894,2695
118000070,4502,1675,2827
118000071,2748,5430,-2682
118000072,1450,1169,281
118000073,1952,545,1407
118000074,421,539,-118
118000075,714,288,426
118000076,1430,2179,-749
118000077,1147,1211,-64
118000078,1663,2030,-367
118000079,212,336,-124
118000080,878,868,10
118000081,1698,1166,532
118000082,276,958,-682
118000083,1398,1406,-8
118000084,2858,1394,1464
118000086,188,468,-280
118000087,3991,2309,1682
118000088,1666,1585,81
118000089,3045,1848,1197
118000090,1314,2194,-880
118000091,983,1949,-966
118000092,922,464,458
118000093,104,601,-497
118000096,419,604,-185
118000097,757,595,162
118000098,252,189,63
118000099,490,642,-152
118000101,960,294,666
118000102,389,946,-557
118000107,1399,488,911
118000108,622,1700,-1078
118000110,2,15,-13
118000111,1,254,-253
118000112,604,2,602
118000113,3,489,-486
118000114,428,18,410
118000115,14,8,6
118000116,61,0,61
118000117,980,611,369
118000118,706,843,-137
118000119,768,1024,-256
118000120,1363,1010,353
118000121,115,710,-595
118000122,1340,386,954
118000123,47,276,-229
118000125,1567,788,779
118000126,728,1310,-582
118000127,1517,601,916
118000128,598,945,-347
118000129,907,572,335
118000130,1821,2453,-632
118000131,569,1065,-496
118000132,2411,1840,571
118000133,984,475,509
118000135,499,363,136
118000136,114,426,-312
118000137,609,72,537
118000138,480,454,26
118000139,378,114,264
118000140,2208,3580,-1372
118000141,1873,1578,295
118000142,1636,1237,399
118000143,1700,1019,681
118000144,1099,672,427
118000145,1382,1447,-65
118000146,1009,690,319
118000147,764,1331,-567
118000148,508,1044,-536
118000149,972,830,142
118000150,384,296,88
118000151,413,384,29
118000153,1145,966,179
118000154,1313,1269,44
118000155,1066,1151,-85
118000156,1517,2031,-514
118000157,524,323,201
118000158,207,364,-157
118000159,38,73,-35
118000160,407,359,48
118000161,440,523,-83
118000162,1389,837,552
118000163,813,674,139
118000164,1605,1131,474
118000168,774,405,369
118000169,1006,913,93
118000170,3339,4699,-1360
118000171,267,665,-398
118000172,103,275,-172
118000173,854,1054,-200
118000175,270,315,-45
118000176,255,352,-97
118000177,250,540,-290
118000178,43,46,-3
118000179,1112,1234,-122
118000180,723,635,88
118000181,692,288,404
118000182,278,199,79
118000183,192,244,-52
118000184,748,595,153
118000185,1123,1092,31
118000186,660,1024,-364
118000187,1199,532,667
118000188,350,131,219
118000189,444,402,42
118000190,10,4,6
118000191,17,17,0
118000192,344,423,-79
118000193,203,461,-258
118000194,1111,750,361
118000195,850,849,1
118000196,270,163,107
118000197,180,139,41
118000198,424,644,-220
118000199,367,319,48
118000200,82,161,-79
118000201,348,442,-94
118000202,28,53,-25
118000203,1015,570,445
118000204,155,357,-202
118000205,145,288,-143
118000206,217,166,51
118000207,0,44,-44
118000208,1089,1380,-291
118000209,1679,1384,295
118000210,58,52,6
118000211,42,39,3
118000213,887,1149,-262
118000214,448,465,-17
118000215,287,129,158
118000216,1225,1457,-232
118000217,25,92,-67
118000218,67,106,-39
118000219,352,200,152
118000220,1,36,-35
118000221,177,201,-24
118000222,54,16,38
118000223,43,41,2
118000224,91,109,-18
118000225,141,494,-353
118000226,738,134,604
118000227,702,309,393
118000228,98,177,-79
118000229,150,50,100
118000230,107,146,-39
118000231,72,175,-103
118000232,660,689,-29
118000233,970,757,213
118000234,321,148,173
118000236,313,221,92
118000237,90,274,-184
118000238,196,138,58
118000239,201,240,-39
118000240,335,148,187
118000241,104,139,-35
118000242,251,392,-141
118000243,256,125,131
118000244,36,118,-82
118000246,1,24,-23
118000255,81,264,-183
118000256,137,250,-113
118000259,5,38,-33
118000260,160,64,96
118000261,29,28,1
118000263,75,101,-26
118000266,114,157,-43
118000267,0,96,-96
118000268,350,53,297
118000270,84,20,64
118000271,191,236,-45
118000272,89,26,63
118000273,120,59,61
118000274,73,174,-101
118000276,444,296,148
118000295,7,77,-70
118000298,84,218,-134
118000299,72,151,-79
118000301,0,37,-37
118000302,64,59,5
118000311,406,92,314
118000312,263,135,128
118000313,30,82,-52
118000314,63,41,22
118000315,23,36,-13
118000316,593,405,188
118000325,48,41,7
118000326,15,34,-19
118000331,17,29,-12
118000332,14,34,-20
118000333,24,67,-43
118000335,283,1,282
118000336,0,134,-134
118000407,113,48,65
118000457,6,36,-30
118000465,3162,3858,-696
118000480,33,76,-43
118000489,56,337,-281
118000490,55,342,-287
118000492,337,162,175
118000510,48,13,35
118000514,153,236,-83
118000515,620,501,119
118000517,313,172,141
118000524,274,236,38
118000525,614,680,-66
118000530,16,47,-31
118000531,353,297,56
118000532,210,234,-24
118000533,278,103,175
118000534,374,352,22
118000535,270,170,100
118000536,569,1392,-823
118000537,25,135,-110
118000538,55,59,-4
118000539,17,70,-53
118000540,219,91,128
118000541,154,49,105
118000542,73,125,-52
118000543,127,143,-16
118000546,62,25,37
118000553,0,0,0
118000560,1908,1678,230
118000562,17,135,-118
118000563,1179,1099,80
118000576,213,161,52
118000577,159,145,14
118000578,194,118,76
118000579,561,955,-394
118000583,0,0,0
118000595,248,113,135
118000596,1,40,-39
118000597,163,138,25
118000598,3,0,3
118000599,67,49,18
118000600,2,6,-4
118000601,5,0,5
118000602,0,5,-5
118000603,0,26,-26
118000605,57,181,-124
118000606,40,33,7
118900001,436,990,-554
118900002,621,657,-36
118900003,343,6,337
118900004,60,52,8
118900005,85,5,80
118900006,112,8,104
118900007,6,3,3
118900008,1410,38,1372
118900009,40,35,5
118900010,56,9,47
118900011,130,25,105
118900012,395,147,248
118900013,394,130,264
118900015,138,48,90
118900016,14,13,1
118900017,200,265,-65
118900018,612,35,577
118900019,29,23,6
118900020,183,96,87
118900021,156,232,-76
118900022,161,98,63
118900023,111,71,40
118900024,78,90,-12
118900025,57,26,31
118900026,82,59,23
118900027,346,155,191
118900028,119,136,-17
118900029,248,290,-42
118900030,320,36,284
118900031,118,78,40
118900032,163,193,-30
118900033,307,305,2
118900034,127,11,116
118900035,128,132,-4
118900036,940,620,320
118900037,240,231,9
118900038,281,156,125
118900039,330,112,218
118900040,162,139,23
118900041,509,155,354
118900042,128,93,35
118900045,281,141,140
118900046,748,385,363
118900047,409,207,202
118900048,149,162,-13
118900049,52,39,13
118900050,36,107,-71
118900051,138,127,11
118900052,205,168,37
118900053,33,95,-62
118900054,101,48,53
118900055,61,49,12
118900056,37,258,-221
118900057,724,414,310
118900058,262,217,45
118900059,10,62,-52
118900060,253,142,111
118900062,318,156,162
118900064,475,482,-7
118900065,43,85,-42
118900066,83,77,6
118900067,3352,2773,579
118900068,7,154,-147
118900069,335,226,109
118900071,9,64,-55
118900072,324,289,35
118900073,124,100,24
118900074,120,149,-29
118900075,40,59,-19
118900076,118,96,22
118900077,169,150,19
118900078,39,15,24
118900079,43,173,-130
118900080,11,80,-69
118900081,65,37,28
118900082,616,181,435
118900083,33,4,29
118900084,12,18,-6
118900085,621,669,-48
118900086,44,66,-22
118900087,16,167,-151
118900088,0,6,-6
118900089,27,20,7
118900090,401,300,101
118900091,114,140,-26
118900092,102,75,27
118900093,127,23,104
118900096,97,133,-36
118900097,183,345,-162
118900099,70,152,-82
118900100,124,178,-54
118900101,67,378,-311
118900102,26,81,-55
118900103,23,78,-55
118900104,153,113,40
118900105,167,86,81
118900107,98,58,40
118900108,76,76,0
118900110,915,607,308
118900111,500,387,113
118900112,69,126,-57
118900113,135,324,-189
118900114,15,49,-34
118900115,68,288,-220
118900116,97,190,-93
118900117,136,156,-20
118900118,227,252,-25
118900119,140,197,-57
118900120,92,274,-182
118900121,13,120,-107
118900122,18,772,-754
118900123,138,202,-64
118900124,36,153,-117
118900126,14,349,-335
118900129,202,199,3
118900130,84,187,-103
118900131,182,178,4
118900132,248,172,76
118900133,12,100,-88
118900135,206,213,-7
118900136,148,414,-266
118900137,19,28,-9
118900139,172,278,-106
118900140,391,463,-72
118900141,120,89,31
118900144,128,324,-196
118900145,260,81,179
118900146,267,531,-264
118900147,147,128,19
118900148,67,37,30
118900150,289,558,-269
118900152,417,690,-273
118900157,68,149,-81
118900158,61,36,25
118900159,0,155,-155
118900161,60,9,51
118900163,98,137,-39
118900164,4,159,-155
118900165,46,133,-87
118900166,39,3,36
118900167,47,77,-30
118900168,20,140,-120
118900169,99,191,-92
118900170,100,68,32
118900171,25,37,-12
118900174,49,38,11
118900175,350,428,-78
118900176,122,230,-108
118900177,29,22,7
118900178,32,137,-105
118900179,3,35,-32
118900181,78,62,16
118900182,40,20,20
118900183,26,110,-84
118900184,166,67,99
118900185,157,108,49
118900186,85,94,-9
118900187,171,201,-30
118900188,230,232,-2
118900189,45,612,-567
118900190,8,187,-179
118900191,115,54,61
118900192,159,11,148
118900193,402,6,396
118900195,201,389,-188
118900196,31,111,-80
118900197,109,29,80
118900198,26,14,12
118900199,83,23,60
118900200,8,11,-3
118900201,23,16,7
118900202,7,46,-39
118900203,9,26,-17
118900204,16,25,-9
118900205,0,11,-11
118900206,2,12,-10
119000001,1163,1497,-334
119000002,3038,2511,527
119000003,2052,962,1090
119000004,1982,1110,872
119000005,1533,1576,-43
119000006,2619,1384,1235
119000007,2827,2612,215
119000008,1658,1506,152
119000009,3034,3963,-929
119000010,5041,3614,1427
119000011,3323,2448,875
119000012,2438,2975,-537
119000013,2394,1529,865
119000014,1512,2376,-864
119000019,204,112,92
119000020,1678,1182,496
119000021,3847,1955,1892
119000022,1702,1952,-250
119000023,325,261,64
119000024,1573,8771,-7198
119000025,5112,1030,4082
119000026,146,423,-277
119000027,242,376,-134
119000028,1424,806,618
119000029,95,302,-207
119000030,583,1012,-429
119000031,853,607,246
119000032,1571,2124,-553
119000033,1888,1158,730
119000034,919,879,40
119000035,24,277,-253
119000036,1586,652,934
119000037,1118,1303,-185
119000038,117,632,-515
119000039,336,240,96
119000040,654,514,140
119000041,607,965,-358
119000048,2711,2432,279
119000049,1623,1859,-236
119000050,1545,1650,-105
119000051,1818,885,933
119000052,1638,2578,-940
119000053,1824,1048,776
119000054,2859,2643,216
119000055,4043,2858,1185
119000056,2308,1775,533
119000057,1382,1614,-232
119000058,1764,1465,299
119000059,1047,1225,-178
119000060,1389,941,448
119000061,896,729,167
119000062,1018,1155,-137
119000063,496,467,29
119000064,834,992,-158
119000065,1716,2942,-1226
119000066,1896,1041,855
119000067,1635,1821,-186
119000068,1471,1007,464
119000069,1362,1843,-481
119000070,2106,955,1151
119000071,542,575,-33
119000072,4033,2613,1420
119000073,3978,6015,-2037
119000074,1132,1995,-863
119000075,2140,1911,229
119000076,343,1044,-701
119000077,682,539,143
119000078,369,289,80
119000079,319,692,-373
119000080,384,132,252
119000081,225,402,-177
119000082,706,204,502
119000083,527,315,212
119000084,267,406,-139
119000085,498,184,314
119000086,230,415,-185
119000087,1437,802,635
119000088,342,228,114
119000089,84,166,-82
119000090,173,140,33
119000091,106,359,-253
119000092,424,168,256
119000093,2906,2227,679
119000094,2668,4575,-1907
119000095,1572,2591,-1019
119000097,1859,1080,779
119000098,917,2160,-1243
119000099,2041,1346,695
119000100,3154,2574,580
119000101,3397,1684,1713
119000102,770,1052,-282
119000103,1307,533,774
119000104,1892,946,946
119000105,864,1784,-920
119000106,320,1020,-700
119000107,768,406,362
119000108,380,758,-378
119000109,93,428,-335
119000110,353,305,48
119000111,25,640,-615
119000112,177,91,86
119000113,1776,253,1523
119000114,811,676,135
119000115,158,119,39
119000116,68,82,-14
119000117,90,261,-171
119000118,2,2,0
119000123,3530,1874,1656
119000124,630,216,414
119000125,3233,584,2649
119000126,1117,647,470
119000127,556,400,156
119000128,27,2,25
119000131,826,559,267
119000132,1,0,1
119000133,0,7,-7
119000134,1648,510,1138
119000135,108,175,-67
119000136,190,171,19
119000137,171,247,-76
119000138,361,214,147
119000139,242,158,84
119000140,265,261,4
119000284,1209,2286,-1077
119000285,1773,1867,-94
119000286,5829,4710,1119
119000287,1387,2106,-719
119000288,1647,1245,402
119000289,1579,2519,-940
119000290,177,340,-163
119000291,13,235,-222
119000293,107,173,-66
119000294,45,38,7
119000295,1133,309,824
119000296,262,169,93
119000297,0,0,0
119000302,2048,1106,942
119000303,47,141,-94
119000310,0,0,0
119000314,1265,9114,-7849
119000315,0,354,-354
119000316,117,124,-7
119000317,85,228,-143
119000319,423,193,230
119900001,196,1074,-878
119900002,121,205,-84
119900003,50,774,-724
119900004,270,832,-562
119900005,157,101,56
119900006,188,321,-133
119900007,1027,223,804
119900008,158,32,126
119900009,651,609,42
119900010,581,897,-316
119900011,29,75,-46
119900012,26,84,-58
119900013,1728,1014,714
119900014,397,169,228
119900015,59,31,28
119900016,30,59,-29
119900017,55,46,9
119900018,1528,799,729
119900019,39,13,26
119900020,150,180,-30
119900021,150,120,30
119900022,104,556,-452
119900023,427,1236,-809
119900025,146,20,126
119900026,536,137,399
119900027,48,13,35
119900028,236,122,114
119900029,4,6,-2
119900030,457,430,27
119900031,60,416,-356
119900033,1986,257,1729
119900034,331,108,223
119900037,157,21,136
119900038,39,257,-218
119900039,45,8,37
119900040,102,26,76
119900041,90,42,48
119900042,322,219,103
119900043,91,159,-68
119900044,110,723,-613
119900046,128,55,73
119900047,228,66,162
119900049,142,7,135
119900050,87,68,19
119900051,1021,19,1002
119900052,56,51,5
119900053,165,125,40
119900054,137,7,130
119900055,1122,348,774
119900057,214,53,161
119900058,185,3,182
119900059,125,54,71
119900060,247,14,233
119900061,232,6,226
119900062,78,20,58
119900063,12,40,-28
119900065,192,6,186
119900067,80,19,61
119900068,448,5,443
119900069,106,13,93
119900070,705,10,695
119900071,527,7,520
119900073,1645,715,930
119900074,37,31,6
119900075,3676,2106,1570
119900076,507,281,226
119900077,736,914,-178
119900078,547,856,-309
119900079,377,178,199
119900080,339,253,86
119900081,502,122,380
119900082,800,117,683
119900083,384,99,285
119900084,540,286,254
119900085,47,57,-10
119900086,467,853,-386
119900087,424,252,172
119900088,36,52,-16
119900089,28,408,-380
119900090,162,48,114
119900091,52,718,-666
119900092,52,240,-188
119900093,884,194,690
119900094,76,243,-167
119900095,150,81,69
119900096,30,97,-67
119900097,466,178,288
119900098,41,38,3
119900099,33,165,-132
119900100,1596,2064,-468
119900101,161,978,-817
119900102,44,182,-138
119900103,40,214,-174
119900104,26,103,-77
119900105,492,1933,-1441
119900106,16,127,-111
119900107,217,1953,-1736
119900108,2241,551,1690
119900109,24,131,-107
119900110,607,454,153
119900111,87,232,-145
119900112,1198,500,698
119900113,88,215,-127
119900114,285,924,-639
119900115,277,840,-563
119900116,119,402,-283
119900117,266,498,-232
119900118,69,649,-580
119900119,251,215,36
119900120,506,471,35
119900121,360,760,-400
119900122,437,267,170
119900123,172,256,-84
119900124,233,676,-443
119900125,49,240,-191
119900126,2997,260,2737
119900127,1786,935,851
119900128,415,672,-257
119900129,207,446,-239
119900130,19,210,-191
119900131,54,186,-132
119900132,2,219,-217
119900133,33,79,-46
119900134,1280,168,1112
119900135,1,264,-263
119900136,153,260,-107
119900138,298,388,-90
119900139,24,105,-81
119900140,0,125,-125
119900141,69,514,-445
119900142,0,22,-22
119900143,29,217,-188
119900144,1139,162,977
119900145,104,137,-33
119900146,115,197,-82
119900147,4,119,-115
119900148,171,60,111
119900149,868,3250,-2382
119900150,150,118,32
119900151,1177,495,682
119900152,96,323,-227
119900153,121,83,38
119900154,21,555,-534
119900155,31,53,-22
119900156,20,10,10
119900157,92,178,-86
119900158,151,89,62
119900159,5,1018,-1013
119900160,22,108,-86
119900161,164,138,26
119900162,748,676,72
119900163,116,168,-52
119900164,1,10,-9
119900165,131,121,10
119900166,64,46,18
119900167,86,70,16
119900168,744,438,306
119900169,99,268,-169
119900170,199,241,-42
119900171,962,336,626
119900172,111,13,98
119900173,3,284,-281
119900174,7,121,-114
119900175,1035,569,466
119900177,28,171,-143
119900178,11,100,-89
119900179,75,513,-438
119900180,801,744,57
119900181,74,105,-31
119900182,8,298,-290
119900183,101,542,-441
119900184,1781,422,1359
119900185,34,165,-131
119900186,62,793,-731
119900187,8,284,-276
119900188,88,274,-186
119900189,428,370,58
119900190,56,289,-233
119900191,304,240,64
119900192,26,108,-82
119900193,276,142,134
119900194,19,64,-45
119900195,19,120,-101
119900196,835,315,520
119900197,156,165,-9
119900198,211,209,2
119900199,148,19,129
119900200,524,600,-76
119900201,277,102,175
119900202,108,215,-107
119900203,146,466,-320
119900204,265,229,36
119900205,690,482,208
119900206,184,110,74
119900208,132,172,-40
119900209,390,995,-605
119900210,22,44,-22
119900211,76,10,66
119900212,196,231,-35
119900213,7,46,-39
119900214,35,87,-52
119900215,50,67,-17
119900216,10,53,-43
119900217,8,47,-39
119900218,17,58,-41
119900219,12,121,-109
119900220,8,74,-66
119900221,15,194,-179
119900222,11,134,-123
119900223,13,52,-39
119900224,9,11,-2
119900225,592,41,551
119900226,442,1438,-996
119900227,878,212,666
119900228,171,197,-26
119900229,332,265,67
119900230,1125,407,718
119900231,237,173,64
119900232,196,98,98
119900233,54,7,47
119900234,12,52,-40
119900235,16,62,-46
119900236,31,168,-137
119900237,34,310,-276
119900238,2,43,-41
119900240,59,109,-50
119900241,151,197,-46
119900242,996,1073,-77
119900244,494,1088,-594
119900245,139,160,-21
119900246,241,467,-226
119900247,26,94,-68
119900248,79,214,-135
119900249,217,57,160
119900253,1945,319,1626
119900254,70,652,-582
119900255,106,505,-399
119900256,474,611,-137
119900257,66,1,65
119900258,90,12,78
119900259,10,101,-91
119900260,92,9,83
119900261,259,134,125
119900262,2,167,-165
119900263,947,333,614
119900264,79,151,-72
119900265,541,370,171
119900266,310,200,110
119900267,231,417,-186
119900268,234,155,79
119900269,1189,849,340
119900271,26,72,-46
119900272,330,195,135
119900275,95,29,66
119900276,67,8,59
119900277,6,2,4
119900278,157,66,91
119900279,95,225,-130
119900280,619,138,481
119900281,0,172,-172
119900282,58,144,-86
119900283,18,196,-178
119900284,40,151,-111
119900285,10,46,-36
119900286,0,7,-7
119900288,4,14,-10
119900289,2,36,-34
119900290,7,20,-13
119900291,0,42,-42
119900292,48,63,-15
119900293,17,70,-53
119900294,24,98,-74
119900295,33,41,-8
119900296,39,147,-108
119900297,3,17,-14
119900298,5,8,-3
119900299,58,178,-120
119900300,301,96,205
119900301,28,33,-5
119900302,44,43,1
119900303,241,191,50
119900304,146,60,86
119900305,9,85,-76
119900306,14,1,13
119900307,68,64,4
119900308,15,15,0
119900309,14,73,-59
119900310,255,224,31
119900311,68,69,-1
119900312,97,82,15
119900313,277,234,43
119900314,154,340,-186
119900315,1620,1875,-255
119900318,13,26,-13
119900319,0,212,-212
119900320,153,364,-211
119900321,53,3,50
120000001,4514,12568,-8054
120000002,2581,2449,132
120000003,2957,1491,1466
120000004,2594,1839,755
120000005,3778,1867,1911
120000006,1161,1219,-58
120000007,2986,2817,169
120000008,1034,1203,-169
120000009,2362,896,1466
120000010,1657,2190,-533
120000011,1018,1331,-313
120000012,1333,2107,-774
120000013,2671,2326,345
120000014,633,1294,-661
120000015,2106,1350,756
120000016,3275,2187,1088
120000017,2425,2038,387
120000018,3268,9389,-6121
120000019,989,1294,-305
120000020,2764,2790,-26
120000021,1780,2066,-286
120000022,2739,3698,-959
120000023,1039,1579,-540
120000024,1571,2385,-814
120000025,2440,1819,621
120000026,1818,1673,145
120000027,2052,2005,47
120000028,834,1515,-681
120000029,3154,1126,2028
120000030,735,1007,-272
120000031,1964,5539,-3575
120000032,6814,3729,3085
120000033,4408,1916,2492
120000034,1699,1543,156
120000035,1799,1687,112
120000036,2713,4324,-1611
120000037,655,1441,-786
120000038,5154,3020,2134
120000039,658,749,-91
120000040,263,410,-147
120000041,2515,1664,851
120000042,2715,1990,725
120000043,4336,1496,2840
120000044,4539,1523,3016
120000045,5248,1147,4101
120000046,2654,2510,144
120000047,760,3889,-3129
120000048,5890,3844,2046
120000049,3083,2752,331
120000050,3464,3580,-116
120000051,2608,3757,-1149
120000052,7173,1952,5221
120000053,1323,2119,-796
120000054,1251,3249,-1998
120000055,1496,3897,-2401
120000056,3623,2962,661
120000057,3287,1020,2267
120000058,5014,1230,3784
120000059,35,1565,-1530
120000061,184,487,-303
120000062,220,308,-88
120000063,1401,2278,-877
120000064,237,964,-727
120000065,541,1244,-703
120000066,243,441,-198
120000067,57,438,-381
120000068,235,724,-489
120000069,634,864,-230
120000070,80,614,-534
120000071,428,132,296
120000072,763,462,301
120000073,747,82,665
120000074,243,87,156
120000075,944,307,637
120000076,1911,455,1456
120000077,1721,610,1111
120000078,3144,1142,2002
120000079,407,477,-70
120000080,254,304,-50
120000081,409,177,232
120000082,277,335,-58
120000083,170,761,-591
120000084,359,313,46
120000085,252,303,-51
120000086,311,438,-127
120000087,202,470,-268
120000088,917,895,22
120000089,1078,578,500
120000090,759,494,265
120000091,995,950,45
120000092,1100,619,481
120000093,425,469,-44
120000094,175,764,-589
120000095,1046,417,629
120000096,204,641,-437
120000098,821,856,-35
120000099,431,670,-239
120000100,742,807,-65
120000101,457,317,140
120000102,485,763,-278
120000103,1480,832,648
120000104,1880,465,1415
120000105,2796,732,2064
120000106,2050,670,1380
120000107,3436,574,2862
120000108,1271,119,1152
120000109,973,68,905
120000110,74,791,-717
120000111,394,871,-477
120000112,776,2041,-1265
120000113,764,1668,-904
120000114,902,2124,-1222
120000115,304,1589,-1285
120000116,599,1587,-988
120000117,836,1097,-261
120000118,68,41,27
120000119,17,60,-43
120000120,82,82,0
120000121,40,52,-12
120000122,221,300,-79
120000123,3466,4884,-1418
120000124,445,356,89
120000125,455,515,-60
120000126,324,908,-584
120000127,2494,1023,1471
120000128,3117,3965,-848
120000129,303,264,39
120000130,709,439,270
120000131,272,591,-319
120000134,358,903,-545
120000135,427,556,-129
120000137,258,1089,-831
120000138,987,390,597
120000139,265,669,-404
120000140,784,427,357
120000141,1185,629,556
120000142,1038,658,380
120000143,1,100,-99
120000144,125,3,122
120000145,392,0,392
120000146,1149,823,326
120000149,623,1067,-444
120000150,2880,10898,-8018
120000151,361,390,-29
120000152,420,160,260
120000153,154,475,-321
120000154,461,452,9
120000155,152,222,-70
120000156,825,863,-38
120000157,875,540,335
120000158,760,711,49
120000159,1842,2316,-474
120000160,2336,1533,803
120000161,1972,1975,-3
120000162,90,283,-193
120000163,616,1304,-688
120000164,453,448,5
120000165,615,594,21
120000166,1326,473,853
120000167,113,139,-26
120000168,12,387,-375
120000169,60,1069,-1009
120000170,37,758,-721
120000171,13,321,-308
120000172,44,287,-243
120000173,3614,1138,2476
120000174,482,29,453
120000175,252,41,211
120000176,342,22,320
120000177,968,104,864
120000178,68,14,54
120000179,158,54,104
120000180,637,88,549
120000181,134,872,-738
120000182,68,538,-470
120000183,12,376,-364
120000184,129,964,-835
120000186,59,401,-342
120000187,63,273,-210
120000188,140,465,-325
120000190,927,55,872
120000191,613,50,563
120000192,683,21,662
120000193,186,3,183
120000195,85,5,80
120000196,252,32,220
120000197,107,109,-2
120000198,156,72,84
120000199,95,0,95
120000200,98,0,98
120000201,20,35,-15
120000202,0,32,-32
120000203,45,132,-87
120000207,3,55,-52
120000208,20,165,-145
120000209,6,84,-78
120000210,60,69,-9
120000211,107,1,106
120000212,152,0,152
120000213,151,238,-87
120000214,1,238,-237
120000215,1,118,-117
120000216,56,9,47
120000217,497,862,-365
120000218,167,605,-438
120000219,6,370,-364
120000220,34,1289,-1255
120000225,1429,3,1426
120000226,278,0,278
120000227,704,51,653
120000228,8109,2686,5423
120000230,336,16,320
120000231,1163,1730,-567
120000233,335,57,278
120000235,231,519,-288
120000236,909,2,907
120000237,0,1108,-1108
120000238,0,638,-638
120000241,1066,2696,-1630
120000412,628,13,615
120000413,177,182,-5
120000414,111,1,110
120000415,5,76,-71
120000416,151,1,150
120000417,6,74,-68
120000418,97,18,79
120000419,5,278,-273
120000420,39,34,5
120000421,7961,4929,3032
120000422,114,1045,-931
120000423,4,36,-32
120000424,45,97,-52
120000436,154,601,-447
120000437,130,121,9
120000438,2046,269,1777
120000439,166,485,-319
120000443,196,2,194
120000444,1194,437,757
120000445,1311,943,368
120000446,605,202,403
120000447,157,11,146
120000449,105,3,102
120000450,7,208,-201
120000451,109,204,-95
120000452,78,4,74
120000453,0,250,-250
120000454,66,41,25
120000455,83,44,39
120000456,1892,3046,-1154
120000457,710,414,296
120000458,448,704,-256
120000459,78,48,30
120000665,805,309,496
120000668,129,897,-768
120000669,52,158,-106
120000670,202,839,-637
120000671,1466,440,1026
120000672,93,522,-429
120900001,48,92,-44
120900002,326,447,-121
120900003,179,27,152
120900004,8,75,-67
120900005,20,866,-846
120900006,400,214,186
120900007,132,48,84
120900008,247,984,-737
120900009,623,53,570
120900010,411,105,306
120900011,193,198,-5
120900012,203,810,-607
120900013,256,90,166
120900014,1,397,-396
120900015,613,91,522
120900016,742,54,688
120900017,1949,72,1877
120900018,134,352,-218
120900019,547,367,180
120900020,715,1109,-394
120900021,705,196,509
120900022,31,254,-223
120900023,275,30,245
120900024,1586,444,1142
120900025,1454,1051,403
120900026,126,150,-24
120900027,746,18,728
120900028,382,125,257
120900029,160,432,-272
120900030,1022,679,343
120900031,229,99,130
120900032,974,83,891
120900033,874,94,780
120900034,22,2054,-2032
120900035,38,39,-1
120900037,193,7,186
120900038,60,310,-250
120900039,93,36,57
120900040,277,2,275
120900041,129,28,101
120900042,444,32,412
120900043,67,38,29
120900044,17,302,-285
120900045,119,60,59
120900046,396,7,389
120900047,160,119,41
120900048,148,29,119
120900049,423,5,418
120900050,1750,1235,515
120900051,375,77,298
120900052,506,11,495
120900053,266,67,199
120900054,1435,430,1005
120900055,439,3,436
120900056,526,27,499
120900057,143,17,126
120900058,554,3,551
120900059,86,1,85
120900060,55,28,27
120900061,219,145,74
120900062,256,6,250
120900063,569,6,563
120900064,536,1,535
120900065,467,2,465
120900066,265,242,23
120900067,181,58,123
120900068,232,0,232
120900069,193,32,161
120900071,1,1,0
120900072,730,4,726
120900073,492,58,434
120900074,509,14,495
120900076,279,1,278
120900077,1935,225,1710
120900078,729,650,79
120900079,777,103,674
120900080,817,1689,-872
120900081,881,572,309
120900082,477,341,136
120900083,91,5,86
120900084,248,344,-96
120900085,121,132,-11
120900086,97,283,-186
120900087,328,329,-1
120900088,130,305,-175
120900089,2536,2456,80
120900090,252,132,120
120900091,689,762,-73
120900092,1083,379,704
120900093,1890,160,1730
120900094,499,192,307
120900095,372,18,354
120900096,30,176,-146
120900097,609,555,54
120900098,248,134,114
120900099,70,39,31
120900100,81,236,-155
120900101,610,231,379
120900102,52,89,-37
120900103,50,207,-157
120900104,15,34,-19
120900105,51,395,-344
120900106,1171,431,740
120900107,223,116,107
120900108,19,550,-531
120900109,54,484,-430
120900110,7,750,-743
120900111,194,316,-122
120900112,10,699,-689
120900113,27,630,-603
120900114,32,117,-85
120900115,137,283,-146
120900116,291,282,9
120900117,0,433,-433
120900118,17,565,-548
120900119,4600,4501,99
120900120,67,402,-335
120900121,129,385,-256
120900122,451,375,76
120900123,14,341,-327
120900124,6,508,-502
120900125,6,461,-455
120900126,1358,752,606
120900127,12,396,-384
120900128,1062,1164,-102
120900129,44,193,-149
120900130,3,396,-393
120900131,74,66,8
120900132,929,194,735
120900133,132,632,-500
120900134,800,351,449
120900135,8,438,-430
120900136,77,80,-3
120900137,179,79,100
120900138,23,212,-189
120900139,6,502,-496
120900140,8,75,-67
120900141,97,193,-96
120900142,12,367,-355
120900143,0,642,-642
120900144,0,127,-127
120900145,181,637,-456
120900146,1,755,-754
120900147,1,340,-339
120900148,84,120,-36
120900149,0,198,-198
120900150,32,454,-422
120900151,16,449,-433
120900152,1,32,-31
120900153,30,80,-50
120900154,0,234,-234
120900155,174,952,-778
120900156,88,264,-176
120900157,68,255,-187
120900158,69,483,-414
120900159,225,535,-310
120900160,22,588,-566
120900161,80,431,-351
120900162,76,663,-587
120900163,105,607,-502
120900164,0,44,-44
120900165,102,187,-85
120900166,65,436,-371
120900167,257,153,104
120900169,73,245,-172
120900170,908,2207,-1299
120900171,782,216,566
120900172,719,1153,-434
120900173,4,50,-46
120900174,13,89,-76
120900175,285,87,198
120900176,14,334,-320
120900177,0,1090,-1090
120900178,20,281,-261
120900179,729,344,385
120900180,93,164,-71
120900181,138,47,91
120900182,24,337,-313
120900183,501,56,445
120900184,291,57,234
120900185,14,337,-323
120900186,0,410,-410
120900187,438,1273,-835
120900188,156,11,145
120900189,84,1225,-1141
120900190,72,5,67
120900191,5,43,-38
120900192,7500,6195,1305
120900194,61,60,1
120900195,112,226,-114
120900196,738,31,707
120900197,596,146,450
120900198,241,400,-159
120900199,306,355,-49
120900200,85,139,-54
120900201,308,99,209
120900202,3,124,-121
120900203,33,74,-41
120900204,129,171,-42
120900205,57,39,18
120900206,16,45,-29
120900207,45,925,-880
121000001,532,943,-411
121000002,1902,1106,796
121000003,2216,1598,618
121000004,2215,2678,-463
121000005,1658,2460,-802
121000006,2979,1506,1473
121000007,2112,2603,-491
121000008,4308,2754,1554
121000009,4380,4891,-511
121000010,7060,4646,2414
121000011,7082,10115,-3033
121000012,13681,8760,4921
121000013,4393,6155,-1762
121000014,5608,4795,813
121000015,3582,6575,-2993
121000016,4043,3136,907
121000017,1683,3318,-1635
121000018,2284,1584,700
121000019,15345,11479,3866
121000020,12957,15235,-2278
121000021,3695,2688,1007
121000022,2257,2978,-721
121000023,4191,2608,1583
121000024,4269,4151,118
121000025,464,1255,-791
121000026,365,172,193
121000027,1576,1132,444
121000028,792,520,272
121000029,850,543,307
121000030,581,330,251
121000031,545,547,-2
121000032,202,120,82
121000034,381,198,183
121000035,128,188,-60
121000036,959,665,294
121000037,517,668,-151
121000038,459,845,-386
121000039,249,370,-121
121000041,462,407,55
121000042,250,341,-91
121000043,690,550,140
121000044,1254,813,441
121000045,346,243,103
121000046,521,720,-199
121000047,234,272,-38
121000049,1171,529,642
121000050,292,1192,-900
121000051,628,250,378
121000052,402,571,-169
121000053,374,112,262
121000054,50,344,-294
121000055,995,1103,-108
121000056,766,974,-208
121000057,373,447,-74
121000058,407,232,175
121000059,2199,1259,940
121000060,612,889,-277
121000061,86,339,-253
121000062,174,346,-172
121000063,915,785,130
121000064,724,860,-136
121000065,467,496,-29
121000066,681,523,158
121000067,601,582,19
121000068,712,332,380
121000069,476,742,-266
121000070,1962,1124,838
121000071,1538,1213,325
121000072,1626,671,955
121000073,973,855,118
121000074,197,144,53
121000075,51,279,-228
121000076,856,351,505
121000077,149,145,4
121000078,187,177,10
121000080,1853,523,1330
121000081,2446,2740,-294
121000082,118,257,-139
121000083,212,152,60
121000084,188,118,70
121000085,323,436,-113
121000086,242,731,-489
121000087,54,351,-297
121000088,497,536,-39
121000089,294,345,-51
121000090,384,346,38
121000091,1184,813,371
121000092,185,74,111
121000093,199,207,-8
121000094,563,648,-85
121000095,343,623,-280
121000096,2290,1976,314
121000097,719,1845,-1126
121000098,583,1115,-532
121000099,735,753,-18
121000100,956,458,498
121000101,418,297,121
121000102,287,254,33
121000103,147,210,-63
121000104,213,140,73
121000105,468,218,250
121000106,369,387,-18
121000107,1661,2722,-1061
121000109,1041,918,123
121000110,284,705,-421
121000114,2505,1879,626
121000115,684,695,-11
121000116,234,780,-546
121000117,791,259,532
121000118,1499,205,1294
121000119,256,390,-134
121000120,220,447,-227
121000121,552,1147,-595
121000123,1341,620,721
121000127,111,103,8
121000128,1153,513,640
121000129,868,577,291
121000130,632,901,-269
121000131,2311,1782,529
121000132,1635,1748,-113
121000135,461,449,12
121000136,1107,909,198
121000137,464,290,174
121000138,961,1545,-584
121000139,424,546,-122
121000141,135,111,24
121000142,663,1049,-386
121000143,153,27,126
121000144,904,1592,-688
121000145,556,1118,-562
121000146,1210,972,238
121000147,961,480,481
121000148,842,1039,-197
121000149,2021,1212,809
121000152,420,526,-106
121000153,1784,589,1195
121000154,1050,509,541
121000155,1306,1079,227
121000156,459,934,-475
121000157,976,1501,-525
121000158,431,477,-46
121000159,166,363,-197
121000160,326,375,-49
121000161,193,243,-50
121000162,98,173,-75
121000165,1428,1833,-405
121000166,17,461,-444
121000168,331,246,85
121000169,80,169,-89
121000170,288,105,183
121000171,103,183,-80
121000172,664,572,92
121000173,1135,935,200
121000174,347,433,-86
121000175,852,316,536
121000176,339,276,63
121000177,723,559,164
121000178,137,69,68
121000179,122,104,18
121000181,411,362,49
121000182,143,221,-78
121000183,146,105,41
121000184,66,119,-53
121000185,60,169,-109
121000186,248,589,-341
121000187,131,196,-65
121000188,175,239,-64
121000192,924,371,553
121000193,572,525,47
121000194,2042,1829,213
121000195,211,792,-581
121000196,586,230,356
121000197,186,536,-350
121000198,160,103,57
121000199,126,318,-192
121000200,487,76,411
121000201,6,167,-161
121000202,574,86,488
121000203,688,1533,-845
121000204,2224,688,1536
121000205,164,185,-21
121000206,148,49,99
121000207,1657,325,1332
121000208,9,256,-247
121000209,478,270,208
121000210,561,339,222
121000211,218,117,101
121000212,347,443,-96
121000213,7541,2335,5206
121000214,642,1944,-1302
121000215,933,864,69
121000216,492,603,-111
121000217,3393,2439,954
121000218,414,1512,-1098
121000219,1252,422,830
121000220,171,56,115
121000221,100,208,-108
121000222,2215,2018,197
121000223,592,392,200
121000224,452,233,219
121000225,1058,1429,-371
121000226,1960,1135,825
121000227,16,159,-143
121000228,21,515,-494
121000229,262,265,-3
121000230,75,1284,-1209
121000231,785,21,764
121000232,376,267,109
121000233,490,287,203
121000234,41,56,-15
121000235,74,98,-24
121000236,8,69,-61
121000237,78,16,62
121000238,3,75,-72
121000239,79,2,77
121000240,14,156,-142
121000241,112,24,88
121000242,102,472,-370
121000243,787,345,442
121000244,15,100,-85
121000245,157,67,90
121000246,3,90,-87
121000247,86,7,79
121000248,1956,654,1302
121000249,90,203,-113
121000250,507,226,281
121000251,36,290,-254
121000252,92,65,27
121000253,280,304,-24
121000254,599,210,389
121000255,149,170,-21
121000256,244,142,102
121000257,68,78,-10
121000258,119,69,50
121000259,73,48,25
121000260,75,83,-8
121000261,100,82,18
121000262,833,592,241
121000263,649,417,232
121000271,261,1235,-974
121000273,33,5,28
121000274,17,50,-33
121000275,0,12,-12
121000276,3,12,-9
121000278,50,23,27
121000279,30,13,17
121000280,34,55,-21
121000289,224,19,205
121000290,1101,928,173
121000294,127,89,38
121000297,789,940,-151
121000299,151,393,-242
121000300,744,420,324
121000302,96,1053,-957
121000303,491,395,96
121000304,471,52,419
121000305,156,45,111
121000306,100,127,-27
121000308,143,237,-94
121000309,343,393,-50
121000310,91,295,-204
121000311,86,620,-534
121000312,333,217,116
121000313,265,327,-62
121000314,109,133,-24
121000315,61,174,-113
121000530,1349,1166,183
121000531,1685,1343,342
121000532,5692,6756,-1064
121000533,3063,3132,-69
121000918,59,117,-58
121000919,52,65,-13
121000938,185,286,-101
121000939,234,266,-32
121000956,1296,1065,231
121000957,1,14,-13
121000958,33,44,-11
121000959,726,553,173
121000960,1269,1505,-236
121000961,293,160,133
121000962,343,573,-230
121000963,0,0,0
121000973,0,153,-153
121000976,14,186,-172
121000979,450,144,306
121000981,564,341,223
121000982,362,128,234
121000983,374,296,78
121000984,29,80,-51
121000985,664,309,355
121000986,219,142,77
121000987,210,727,-517
121000988,698,100,598
121001302,235,113,122
121001308,0,13,-13
121001309,59,79,-20
121001311,0,0,0
121001313,156,169,-13
121001314,1784,2320,-536
121001315,4096,2357,1739
121001326,582,372,210
121900001,159,179,-20
121900002,31,48,-17
121900003,416,6,410
121900004,87,253,-166
121900005,17,11,6
121900006,63,14,49
121900007,1602,1698,-96
121900008,607,328,279
121900009,508,18,490
121900010,232,3,229
121900011,146,287,-141
121900012,7,1,6
121900013,1220,112,1108
121900014,1024,272,752
121900015,208,166,42
121900016,4,34,-30
121900017,1092,407,685
121900018,293,2,291
121900019,535,183,352
121900020,33,1,32
121900021,954,40,914
121900022,254,226,28
121900023,114,236,-122
121900024,298,84,214
121900025,579,335,244
121900026,291,52,239
121900027,262,112,150
121900028,198,17,181
121900029,80,170,-90
121900030,382,459,-77
121900031,673,5015,-4342
121900032,67,51,16
121900033,185,171,14
121900034,214,63,151
121900035,2146,1835,311
121900036,83,300,-217
121900037,147,937,-790
121900038,26,100,-74
121900039,357,48,309
121900040,67,83,-16
121900041,87,163,-76
121900042,263,143,120
121900043,8,10,-2
121900044,108,40,68
121900046,192,344,-152
121900047,184,83,101
121900048,25,76,-51
121900050,28,56,-28
121900051,140,189,-49
121900052,129,40,89
121900053,597,239,358
121900054,433,835,-402
121900055,1,11,-10
121900058,164,140,24
121900059,343,134,209
121900060,172,285,-113
121900062,108,82,26
121900063,1052,404,648
121900064,213,487,-274
121900066,65,27,38
121900067,31,61,-30
121900069,188,107,81
121900070,162,76,86
121900071,365,258,107
121900072,68,161,-93
121900073,281,184,97
121900074,598,775,-177
121900075,410,384,26
121900076,340,466,-126
121900078,61,29,32
121900079,0,0,0
121900080,626,281,345
121900082,83,112,-29
121900084,14,102,-88
121900086,16,39,-23
121900087,160,86,74
121900088,1460,2352,-892
121900089,154,316,-162
121900090,38,71,-33
121900091,76,106,-30
121900092,87,70,17
121900093,96,63,33
121900094,18,3,15
121900095,230,150,80
121900096,1064,919,145
121900097,494,303,191
121900098,6,0,6
121900099,204,61,143
121900100,233,541,-308
121900101,106,92,14
121900102,2,131,-129
121900103,400,260,140
121900104,1224,362,862
121900105,229,151,78
121900106,1,6,-5
121900107,45,27,18
121900108,5,31,-26
121900109,260,141,119
121900110,508,686,-178
121900111,547,203,344
121900112,152,149,3
121900113,40,271,-231
121900114,45,51,-6
121900117,137,75,62
121900118,1430,535,895
121900119,268,95,173
121900120,47,1110,-1063
121900121,463,53,410
121900122,29,56,-27
121900123,186,328,-142
121900124,197,144,53
121900125,1168,801,367
121900127,17,109,-92
121900128,68,67,1
121900129,496,145,351
121900130,113,237,-124
121900131,210,86,124
121900132,53,49,4
121900133,97,989,-892
121900134,30,191,-161
121900135,2450,317,2133
121900136,928,335,593
121900137,42,244,-202
121900138,63,119,-56
121900139,333,585,-252
121900140,62,185,-123
121900141,101,50,51
121900142,155,141,14
121900143,8,105,-97
121900144,139,223,-84
121900145,166,215,-49
121900146,474,808,-334
121900147,56,148,-92
121900148,157,250,-93
121900149,233,590,-357
121900150,75,144,-69
121900151,66,221,-155
121900152,87,117,-30
121900153,83,626,-543
121900154,24,207,-183
121900155,1,163,-162
121900156,139,84,55
121900157,1,279,-278
121900158,74,83,-9
121900159,2,169,-167
121900160,50,226,-176
121900161,308,332,-24
121900162,110,121,-11
121900163,216,406,-190
121900164,425,199,226
121900165,549,158,391
121900166,231,148,83
121900167,80,98,-18
121900168,145,274,-129
121900169,1,192,-191
121900170,2,153,-151
121900171,631,376,255
121900172,459,158,301
121900173,635,227,408
121900174,37,53,-16
121900175,130,177,-47
121900176,581,1119,-538
121900177,142,74,68
121900178,34,28,6
121900179,456,142,314
121900180,2730,3249,-519
121900182,602,285,317
121900183,457,1301,-844
121900184,88,487,-399
121900186,5,269,-264
121900187,31,164,-133
121900188,461,302,159
121900189,26,95,-69
121900190,228,398,-170
121900191,131,227,-96
121900192,272,682,-410
121900193,45,141,-96
121900194,12,131,-119
121900195,64,62,2
121900196,695,747,-52
121900197,279,1061,-782
121900198,1070,864,206
121900199,4,31,-27
121900200,63,248,-185
121900201,765,699,66
121900202,134,589,-455
121900203,168,756,-588
121900204,654,1031,-377
121900205,23,74,-51
121900206,20,33,-13
121900207,93,31,62
121900208,112,242,-130
121900209,61,30,31
121900210,1045,879,166
121900211,464,521,-57
121900212,153,120,33
121900213,169,60,109
121900214,7,377,-370
121900215,42,98,-56
121900216,40,187,-147
121900217,195,128,67
121900218,162,322,-160
121900220,107,9,98
121900221,222,488,-266
121900222,156,101,55
121900223,205,39,166
121900224,106,29,77
121900225,97,83,14
121900226,255,242,13
121900227,232,498,-266
121900228,168,240,-72
121900230,158,164,-6
121900231,404,935,-531
121900232,207,364,-157
121900233,193,200,-7
121900234,263,210,53
121900235,396,126,270
121900236,319,130,189
121900237,204,224,-20
121900238,176,214,-38
121900239,239,30,209
121900240,266,88,178
121900241,49,58,-9
121900242,9,0,9
121900243,8,0,8
121900244,64,2,62
121900245,178,75,103
121900246,1873,208,1665
121900248,1182,1096,86
121900250,191,289,-98
121900251,437,47,390
121900252,481,118,363
121900253,160,757,-597
121900254,481,246,235
121900255,325,70,255
121900258,2749,1662,1087
121900259,348,546,-198
121900260,61,113,-52
121900261,194,513,-319
121900262,319,696,-377
121900263,240,222,18
121900264,1402,1041,361
121900265,219,200,19
121900266,492,149,343
121900267,43,30,13
121900269,184,591,-407
121900270,17,141,-124
121900271,31,113,-82
121900273,483,1474,-991
121900274,254,175,79
121900277,417,974,-557
121900278,85,709,-624
121900279,107,171,-64
121900280,148,286,-138
121900281,291,299,-8
121900284,59,4,55
121900286,117,116,1
121900287,13,15,-2
121900288,4,6,-2
121900290,211,311,-100
121900291,382,506,-124
121900292,148,137,11
121900293,960,2299,-1339
121900294,210,4,206
121900295,95,177,-82
121900296,43,136,-93
121900298,206,669,-463
121900299,1,13,-12
121900300,96,10,86
121900301,104,8,96
121900302,1,37,-36
121900303,263,289,-26
121900304,3,13,-10
121900305,2,8,-6
121900306,153,3,150
121900307,82,10,72
121900308,25,254,-229
121900309,11,208,-197
121900310,21,364,-343
121900311,441,16,425
121900312,283,18,265
121900313,367,11,356
121900314,2,38,-36
121900315,29,0,29
121900316,1,37,-36
121900317,9,5,4
121900318,0,31,-31
121900319,49,75,-26
121900320,69,76,-7
121900321,9,2,7
121900322,1,8,-7
121900323,24,21,3
121900324,3,36,-33
121900325,26,0,26
121900326,9,19,-10
121900327,6,52,-46
121900328,0,20,-20
121900329,0,102,-102
121900330,0,50,-50
121900331,11,13,-2
121900332,80,25,55
121900333,31,0,31
121900334,61,60,1
122000001,1988,5140,-3152
122000002,3855,1511,2344
122000003,1883,2650,-767
122000004,2843,1467,1376
122000005,2252,1680,572
122000006,1510,982,528
122000007,990,1823,-833
122000008,3137,4091,-954
122000009,372,423,-51
122000010,1961,2722,-761
122000011,2861,1426,1435
122000012,1240,1692,-452
122000013,1246,896,350
122000014,1465,1067,398
122000015,1265,1007,258
122000016,580,797,-217
122000017,1114,967,147
122000018,1253,1279,-26
122000019,751,988,-237
122000020,197,201,-4
122000021,282,382,-100
122000022,1118,935,183
122000023,643,1411,-768
122000024,739,1200,-461
122000025,1136,1499,-363
122000026,999,1043,-44
122000027,556,1757,-1201
122000028,911,425,486
122000029,420,439,-19
122000030,240,124,116
122000031,348,293,55
122000032,1552,1627,-75
122000033,634,1196,-562
122000034,721,579,142
122000035,264,673,-409
122000036,541,556,-15
122000037,373,261,112
122000038,288,369,-81
122000039,657,436,221
122000040,259,279,-20
122000041,471,586,-115
122000042,302,567,-265
122000043,107,159,-52
122000044,127,144,-17
122000045,1052,433,619
122000046,700,644,56
122000047,243,213,30
122000048,3363,3684,-321
122000049,4654,3185,1469
122000050,1163,805,358
122000051,357,301,56
122000052,423,351,72
122000053,216,853,-637
122000054,2217,1751,466
122000055,2111,3045,-934
122000056,4350,3136,1214
122000057,3153,3312,-159
122000058,2485,1375,1110
122000059,2627,1870,757
122000060,617,597,20
122000061,415,493,-78
122000062,1006,306,700
122000063,946,609,337
122000064,2957,2772,185
122000065,3219,2248,971
122000066,530,421,109
122000067,1141,1011,130
122000068,908,869,39
122000069,891,688,203
122000070,685,1223,-538
122000071,1381,999,382
122000072,350,398,-48
122000073,410,694,-284
122000074,2440,1524,916
122000075,781,1105,-324
122000076,2314,1083,1231
122000077,1028,831,197
122000078,2002,2693,-691
122000079,990,1100,-110
122000080,680,395,285
122000081,184,326,-142
122000082,660,861,-201
122000083,1155,1447,-292
122000084,1022,663,359
122000085,211,807,-596
122000086,1941,4027,-2086
122000087,336,208,128
122000088,218,320,-102
122000089,4075,1911,2164
122000090,192,421,-229
122000091,146,85,61
122000092,125,18,107
122000093,1531,1822,-291
122000094,4552,2193,2359
122000095,1981,2827,-846
122000096,1790,1380,410
122000098,2842,2100,742
122000099,1434,629,805
122000100,976,467,509
122000101,375,739,-364
122000102,1776,1121,655
122000103,1757,1673,84
122000104,323,182,141
122000105,467,277,190
122000106,492,580,-88
122000107,851,409,442
122000108,416,706,-290
122000109,457,283,174
122000110,430,477,-47
122000111,2514,1178,1336
122000112,928,1141,-213
122000113,657,673,-16
122000114,2328,1267,1061
122000115,1780,1144,636
122000116,464,517,-53
122000117,1418,448,970
122000118,519,970,-451
122000119,3064,2208,856
122000120,1724,4050,-2326
122000121,1787,3205,-1418
122000122,772,1902,-1130
122000123,1384,1792,-408
122000124,825,554,271
122000125,648,727,-79
122000126,609,1089,-480
122000127,993,1368,-375
122000128,463,752,-289
122000129,552,1201,-649
122000130,2789,1520,1269
122000131,1158,1314,-156
122000132,528,639,-111
122000133,837,1235,-398
122000134,887,844,43
122000135,662,874,-212
122000136,855,696,159
122000137,1425,946,479
122000139,1169,2898,-1729
122000140,850,615,235
122000141,3530,782,2748
122000142,354,738,-384
122000143,414,492,-78
122000144,1213,1331,-118
122000145,1644,795,849
122000146,2473,1077,1396
122000147,771,534,237
122000148,1525,1785,-260
122000149,2039,1651,388
122000150,1047,1024,23
122000151,166,342,-176
122000152,326,381,-55
122000153,342,304,38
122000154,251,324,-73
122000155,1983,2158,-175
122000156,2133,2333,-200
122000157,1277,2034,-757
122000158,390,582,-192
122000159,677,1478,-801
122000160,2867,2511,356
122000161,1020,1086,-66
122000162,1806,1671,135
122000163,210,96,114
122000164,39,71,-32
122000165,788,653,135
122000166,881,951,-70
122000167,262,218,44
122000168,233,616,-383
122000169,362,159,203
122000170,297,197,100
122000171,64,89,-25
122000172,1433,1195,238
122000173,1211,1991,-780
122000174,1899,776,1123
122000175,859,264,595
122000176,323,669,-346
122000177,1151,1302,-151
122000178,2542,1889,653
122000179,1382,2107,-725
122000180,1585,1251,334
122000181,1478,2701,-1223
122000182,1419,1174,245
122000183,1766,901,865
122000184,2745,2098,647
122000185,1363,1496,-133
122000186,454,703,-249
122000187,1557,863,694
122000188,398,196,202
122000189,294,260,34
122000190,929,1044,-115
122000191,756,547,209
122000192,956,339,617
122000193,357,623,-266
122000194,521,154,367
122000195,171,479,-308
122000196,946,593,353
122000197,446,616,-170
122000198,409,760,-351
122000199,324,329,-5
122000200,917,590,327
122000201,1243,1473,-230
122000202,1235,1382,-147
122000203,3283,1247,2036
122000204,1352,1845,-493
122000205,1341,1324,17
122000206,2226,881,1345
122000207,1743,1229,514
122000208,1909,1164,745
122000209,1642,345,1297
122000210,2056,1545,511
122000211,1336,1054,282
122000212,805,502,303
122000213,1152,1173,-21
122000214,1974,1610,364
122000215,1915,1509,406
122000217,1533,1231,302
122000218,737,92,645
122000219,1213,830,383
122000220,388,677,-289
122000221,90,404,-314
122000222,657,152,505
122000223,1397,537,860
122000225,722,272,450
122000226,2093,1548,545
122000227,302,2094,-1792
122000228,425,415,10
122000229,56,473,-417
122000230,106,434,-328
122000231,1238,745,493
122000232,620,902,-282
122000233,1,94,-93
122000234,388,89,299
122000235,683,150,533
122000236,1086,83,1003
122000237,117,72,45
122000238,423,249,174
122000239,1586,165,1421
122000240,1114,659,455
122000241,1608,483,1125
122000242,700,172,528
122000243,320,96,224
122000244,80,340,-260
122000245,159,264,-105
122000246,394,212,182
122000247,937,627,310
122000248,930,1496,-566
122000249,2084,903,1181
122000250,1976,1144,832
122000251,203,422,-219
122000252,418,194,224
122000253,61,194,-133
122000254,237,125,112
122000255,673,1417,-744
122000256,514,761,-247
122000257,253,235,18
122000258,336,309,27
122000259,30,430,-400
122000260,164,513,-349
122000261,16,208,-192
122000262,0,78,-78
122000263,332,162,170
122000264,1177,342,835
122000265,2032,815,1217
122000266,3843,666,3177
122000267,135,127,8
122000268,125,435,-310
122000269,759,302,457
122000270,530,159,371
122000271,234,942,-708
122000272,409,856,-447
122000273,400,372,28
122000274,220,217,3
122000275,183,229,-46
122000276,636,537,99
122000277,1315,1620,-305
122000278,1719,975,744
122000279,222,408,-186
122000280,915,568,347
122000281,646,799,-153
122000282,235,637,-402
122000283,308,148,160
122000284,212,119,93
122000285,293,93,200
122000286,69,197,-128
122000287,1112,1365,-253
122000288,484,342,142
122000291,1826,700,1126
122000293,262,226,36
122000294,182,252,-70
122000295,1463,181,1282
122000296,50,494,-444
122000297,2297,2834,-537
122000299,555,358,197
122000300,536,510,26
122000301,8407,3028,5379
122000302,490,1198,-708
122000303,2464,1041,1423
122000304,56,220,-164
122000305,1000,615,385
122000306,52,734,-682
122000307,111,173,-62
122000309,88,52,36
122000310,22,110,-88
122000311,197,100,97
122000312,125,176,-51
122000313,129,89,40
122000314,114,228,-114
122000315,266,45,221
122000316,696,176,520
122000317,1404,273,1131
122000318,288,436,-148
122000319,193,317,-124
122000320,397,1298,-901
122000321,83,155,-72
122000322,2030,2014,16
122000323,1348,1935,-587
122000324,1018,1071,-53
122000325,899,1492,-593
122000326,109,86,23
122000327,394,773,-379
122000328,773,632,141
122000330,1727,730,997
122000333,18,118,-100
122000337,1046,1397,-351
122000338,382,340,42
122000340,327,465,-138
122000342,1425,888,537
122000343,440,949,-509
122000344,85,21,64
122000345,18,42,-24
122000346,336,436,-100
122000348,619,616,3
122000349,112,564,-452
122000351,117,193,-76
122000352,317,166,151
122000353,95,82,13
122000355,182,297,-115
122000356,1120,1059,61
122000357,71,40,31
122000358,0,47,-47
122000359,0,20,-20
122000360,0,41,-41
122000362,11,80,-69
122000364,131,288,-157
122000365,4,39,-35
122000366,26,3,23
122000368,438,606,-168
122000370,30,29,1
122000371,21,0,21
122000372,14,0,14
122000381,96,321,-225
122000382,77,292,-215
122000384,2258,1009,1249
122000385,86,1,85
122000386,327,974,-647
122000387,437,595,-158
122000388,1073,714,359
122000389,126,565,-439
122000390,332,197,135
122000391,264,359,-95
122000392,187,213,-26
122000393,167,260,-93
122000394,485,317,168
122000395,111,147,-36
122000396,284,115,169
122000397,44,54,-10
122000398,60,42,18
122000399,175,64,111
122000400,144,462,-318
122000401,109,86,23
122000402,273,126,147
122000403,452,676,-224
122000404,187,225,-38
122000408,917,1080,-163
122000503,17,112,-95
122000524,676,126,550
122000544,80,1730,-1650
122000614,413,350,63
122000616,274,2,272
122000640,64,120,-56
122000641,140,247,-107
122000642,1040,733,307
122000643,51,149,-98
122000644,145,40,105
122000645,139,157,-18
122000651,1178,811,367
122000664,140,22,118
122000665,1188,552,636
122000666,600,978,-378
122000673,24,221,-197
122000674,171,54,117
122000675,1593,789,804
122000686,638,985,-347
122000687,1472,364,1108
122000688,242,530,-288
122000689,892,332,560
122000690,1938,429,1509
122000691,1406,1278,128
122000692,1204,370,834
122000693,339,1491,-1152
122000695,255,344,-89
122000696,351,166,185
122000698,395,768,-373
122000699,211,64,147
122000701,1258,279,979
122000702,459,907,-448
122000703,138,43,95
122000712,0,0,0
122000717,50,62,-12
122000718,525,1547,-1022
122000719,119,74,45
122000720,535,184,351
122000724,731,288,443
122900001,57,13,44
122900002,899,3807,-2908
122900003,293,38,255
122900004,879,48,831
122900005,84,56,28
122900006,426,451,-25
122900007,484,52,432
122900008,316,89,227
122900009,635,331,304
122900010,230,121,109
122900012,223,353,-130
122900014,179,270,-91
122900015,1448,829,619
122900016,100,166,-66
122900017,297,723,-426
122900018,188,10,178
122900020,182,350,-168
122900021,140,327,-187
122900022,770,881,-111
122900023,246,103,143
122900024,124,87,37
122900025,11,308,-297
122900026,44,352,-308
122900027,51,749,-698
122900028,102,144,-42
122900029,3609,2448,1161
122900030,834,485,349
122900031,58,241,-183
122900032,102,328,-226
122900033,198,116,82
122900034,3459,4052,-593
122900035,9,18,-9
122900036,67,107,-40
122900037,320,121,199
122900038,69,2069,-2000
122900039,98,459,-361
122900040,232,355,-123
122900041,236,275,-39
122900042,151,274,-123
122900043,262,203,59
122900044,99,262,-163
122900045,110,84,26
122900046,213,176,37
122900047,124,187,-63
122900048,61,173,-112
122900049,1492,117,1375
122900051,79,109,-30
122900052,105,145,-40
122900053,56,20,36
122900055,265,130,135
122900057,171,55,116
122900061,392,140,252
122900062,534,413,121
122900063,124,243,-119
122900064,645,295,350
122900065,475,249,226
122900066,696,377,319
122900067,1003,652,351
122900069,481,954,-473
122900070,314,47,267
122900071,124,365,-241
122900073,35,172,-137
122900074,535,427,108
122900075,2,61,-59
122900076,10,189,-179
122900077,4,139,-135
122900078,189,51,138
122900080,71,35,36
122900081,128,186,-58
122900082,835,417,418
122900083,154,348,-194
122900084,9,214,-205
122900086,14,100,-86
122900087,253,627,-374
122900088,25,165,-140
122900089,84,232,-148
122900090,11,355,-344
122900091,198,1,197
122900092,121,173,-52
122900093,0,206,-206
122900094,4,185,-181
122900095,98,8,90
122900096,143,114,29
122900097,23,22,1
122900098,120,84,36
122900099,68,10,58
122900100,125,193,-68
122900101,451,229,222
122900102,14,28,-14
122900103,128,9,119
122900104,157,6,151
122900105,17,7,10
122900106,4,58,-54
122900107,3,140,-137
122900108,3,183,-180
122900109,169,86,83
123000001,1238,470,768
123000002,3194,4862,-1668
123000003,3267,3262,5
123000004,2587,3519,-932
123000005,2272,2779,-507
123000006,1903,2164,-261
123000007,4262,2645,1617
123000008,3161,2938,223
123000009,4032,2566,1466
123000010,3072,3119,-47
123000011,2395,810,1585
123000012,776,2053,-1277
123000013,3131,838,2293
123000014,818,2962,-2144
123000015,3433,1123,2310
123000016,4033,3985,48
123000017,3082,1692,1390
123000018,66,91,-25
123000019,293,123,170
123000020,148,94,54
123000021,88,177,-89
123000022,266,1857,-1591
123000023,1537,1527,10
123000024,1529,690,839
123000025,250,143,107
123000026,127,109,18
123000027,315,506,-191
123000028,1298,844,454
123000029,1319,1233,86
123000030,244,271,-27
123000031,206,174,32
123000032,343,125,218
123000033,233,72,161
123000034,1067,710,357
123000035,371,340,31
123000036,232,771,-539
123000037,279,355,-76
123000038,72,237,-165
123000039,367,1468,-1101
123000040,725,325,400
123000041,1193,1135,58
123000042,1277,545,732
123000043,1624,5334,-3710
123000044,4265,2288,1977
123000045,5133,2358,2775
123000046,702,1538,-836
123000047,874,572,302
123000048,72,739,-667
123000049,3514,6398,-2884
123000050,1180,1199,-19
123000051,104,192,-88
123000052,671,2883,-2212
123000053,2195,2812,-617
123000054,1405,1377,28
123000055,1166,1868,-702
123000056,1109,1665,-556
123000057,6354,3759,2595
123000058,386,277,109
123000059,138,206,-68
123000060,556,289,267
123000061,174,429,-255
123000063,627,819,-192
123000064,1526,937,589
123000065,4566,1868,2698
123000066,513,485,28
123000067,831,592,239
123000068,2433,2500,-67
123000069,5306,2902,2404
123000070,147,116,31
123000071,1396,880,516
123000072,1130,805,325
123000073,988,594,394
123000074,750,791,-41
123000075,531,955,-424
123000076,1079,581,498
123000077,2408,2642,-234
123000078,1307,1410,-103
123000079,1555,1773,-218
123000080,2246,1586,660
123000081,251,505,-254
123000082,564,1349,-785
123000083,877,441,436
123000084,1804,1050,754
123000085,1795,1340,455
123000086,708,618,90
123000087,479,324,155
123000088,1554,682,872
123000089,490,940,-450
123000090,1081,856,225
123000091,1310,1278,32
123000092,1077,1111,-34
123000094,633,516,117
123000095,437,497,-60
123000096,600,284,316
123000097,431,568,-137
123000098,706,533,173
123000099,580,677,-97
123000100,455,571,-116
123000101,430,604,-174
123000102,530,611,-81
123000104,319,441,-122
123000105,531,450,81
123000106,541,389,152
123000107,392,538,-146
123000108,758,962,-204
123000111,1256,1267,-11
123000112,804,748,56
123000113,707,1184,-477
123000114,357,595,-238
123000115,268,262,6
123000116,40,127,-87
123000117,1383,1294,89
123000118,461,626,-165
123000119,256,673,-417
123000120,796,893,-97
123000121,526,660,-134
123000122,299,324,-25
123000123,428,596,-168
123000124,465,561,-96
123000125,774,995,-221
123000126,897,2504,-1607
123000127,779,672,107
123000128,303,380,-77
123000129,603,174,429
123000130,556,88,468
123000131,604,500,104
123000132,386,850,-464
123000133,192,443,-251
123000134,325,178,147
123000135,1741,3043,-1302
123000136,238,573,-335
123000137,115,246,-131
123000138,99,311,-212
123000139,493,107,386
123000140,91,545,-454
123000141,771,165,606
123000142,981,1173,-192
123000143,1059,1646,-587
123000144,79,17,62
123000145,241,103,138
123000146,34,69,-35
123000147,76,114,-38
123000149,479,494,-15
123000150,187,313,-126
123000151,346,504,-158
123000152,134,311,-177
123000153,469,716,-247
123000154,1554,2001,-447
123000155,1954,1061,893
123000156,50,133,-83
123000157,629,838,-209
123000158,521,766,-245
123000159,2307,2675,-368
123000160,1321,1080,241
123000161,1187,943,244
123000162,537,926,-389
123000163,669,252,417
123000164,939,380,559
123000165,366,841,-475
123000166,48,118,-70
123000167,114,234,-120
123000168,189,159,30
123000169,635,136,499
123000170,102,147,-45
123000171,529,32,497
123000172,230,432,-202
123000173,427,260,167
123000174,846,386,460
123000175,543,998,-455
123000176,785,329,456
123000177,389,737,-348
123000178,728,492,236
123000179,34,242,-208
123000180,1430,329,1101
123000181,267,1208,-941
123000182,246,232,14
123000183,153,566,-413
123000184,253,427,-174
123000185,572,303,269
123000186,2,515,-513
123000187,540,3,537
123000188,265,2,263
123000189,32,153,-121
123000190,6,54,-48
123000192,40,524,-484
123000193,72,884,-812
123000194,408,318,90
123000195,601,110,491
123000196,145,39,106
123000197,60,31,29
123000198,24,377,-353
123000199,3,387,-384
123000200,620,9,611
123000201,479,12,467
123000202,8,522,-514
123000203,820,44,776
123000204,53,559,-506
123000205,521,1514,-993
123000206,2437,355,2082
123000207,82,789,-707
123000208,646,580,66
123000209,2574,992,1582
123000210,319,1468,-1149
123000211,421,1804,-1383
123000212,3036,628,2408
123000213,885,153,732
123000215,103,258,-155
123000216,158,1010,-852
123000217,200,35,165
123000218,62,516,-454
123000219,827,42,785
123000220,528,87,441
123000221,200,81,119
123000222,317,262,55
123000223,220,224,-4
123000224,395,381,14
123000225,268,91,177
123000226,44,249,-205
123000227,52,215,-163
123000228,221,47,174
123000229,941,1254,-313
123000232,130,443,-313
123000233,641,152,489
123000234,122,529,-407
123000235,935,286,649
123000236,210,569,-359
123000237,291,74,217
123000238,65,354,-289
123000239,344,1025,-681
123000240,24,328,-304
123000241,460,82,378
123000242,90,155,-65
123000243,629,729,-100
123000244,856,674,182
123000245,43,138,-95
123000249,614,466,148
123000252,692,191,501
123000253,1055,521,534
123000254,560,847,-287
123000255,1002,886,116
123000256,142,510,-368
123000257,1689,1597,92
123000258,1179,970,209
123000259,363,359,4
123000260,412,335,77
123000261,189,91,98
123000262,128,140,-12
123000263,406,120,286
123000264,237,105,132
123000265,84,124,-40
123000266,681,634,47
123000267,530,333,197
123000268,70,53,17
123000269,55,79,-24
123000270,52,72,-20
123000271,85,62,23
123000272,697,296,401
123000273,214,589,-375
123000274,1126,545,581
123000275,247,700,-453
123000278,2731,2389,342
123000279,123,87,36
123000280,323,309,14
123000281,239,105,134
123000282,118,246,-128
123000283,117,77,40
123000284,46,89,-43
123000286,204,316,-112
123000287,473,253,220
123000288,1237,656,581
123000289,444,898,-454
123000291,197,736,-539
123000294,226,303,-77
123000295,933,732,201
123000296,565,350,215
123000297,749,574,175
123000298,589,364,225
123000299,153,243,-90
123000300,1526,1149,377
123000301,126,213,-87
123000302,68,128,-60
123000303,97,170,-73
123000305,898,1146,-248
123000306,142,131,11
123000309,46,64,-18
123000310,40,37,3
123000311,479,161,318
123000312,534,608,-74
123000313,477,365,112
123000315,95,247,-152
123000316,894,335,559
123000317,210,71,139
123000318,76,186,-110
123000329,6,12,-6
123000337,1538,539,999
123000338,314,63,251
123000339,237,211,26
123000340,107,380,-273
123000342,104,150,-46
123000343,31,5,26
123000344,1008,496,512
123000345,268,636,-368
123000346,381,49,332
123000352,1026,768,258
123000353,38,96,-58
123000354,405,13,392
123000355,0,321,-321
123000356,267,7,260
123000357,1,116,-115
123000359,4,100,-96
123000360,162,27,135
123000361,207,240,-33
123000362,278,94,184
123000363,63,121,-58
123000364,545,517,28
123000365,17,334,-317
123000366,380,1474,-1094
123000367,545,1367,-822
123000370,33,295,-262
123000371,731,31,700
123000372,282,15,267
123000373,11,260,-249
123000374,86,154,-68
123000375,513,27,486
123000376,785,584,201
123000377,258,12,246
123000378,2,190,-188
123000379,4,165,-161
123000380,43,393,-350
123000381,124,68,56
123000382,969,86,883
123000383,164,1067,-903
123000384,428,101,327
123000385,127,412,-285
123000436,41,831,-790
123000507,135,259,-124
123000508,230,974,-744
123000517,261,45,216
123000518,63,258,-195
123000519,153,54,99
123000520,63,215,-152
123000521,320,78,242
123000522,132,313,-181
123000541,15,4,11
123000542,1,11,-10
123000565,807,54,753
123000566,265,509,-244
123000567,129,194,-65
123000573,27,647,-620
123000574,555,66,489
123000575,1070,969,101
123000576,601,1186,-585
123000577,41,497,-456
123000578,407,47,360
123000579,2359,5006,-2647
123000580,176,32,144
123000582,266,23,243
123000583,17,229,-212
123000584,200,304,-104
123000585,0,120,-120
123000586,116,4,112
123000596,81,76,5
123000597,63,149,-86
123000602,29,4,25
123000603,605,541,64
123000604,521,716,-195
123000605,817,34,783
123000606,0,370,-370
123000609,19,280,-261
123000610,172,111,61
123000613,40,180,-140
123000614,163,57,106
123000615,50,145,-95
123000616,526,53,473
123000617,86,388,-302
123000618,83,523,-440
123000619,518,53,465
123000620,22,312,-290
123000622,347,19,328
123000624,136,41,95
123000630,1001,302,699
123000631,251,1019,-768
123000632,1378,1101,277
123000633,0,302,-302
123000634,59,120,-61
123000635,86,127,-41
123000636,59,394,-335
123000637,240,35,205
123000638,434,26,408
123000639,716,3449,-2733
123000640,38,497,-459
123000648,1209,814,395
123000649,307,922,-615
123000650,115,58,57
123000651,19,116,-97
123000652,136,3,133
123000653,0,0,0
123900001,1047,32,1015
123900002,26,973,-947
123900003,233,325,-92
123900005,170,115,55
123900006,286,44,242
124000001,1658,145,1513
124000002,72,1213,-1141
124000003,749,164,585
124000004,92,400,-308
124000005,858,281,577
124000006,244,796,-552
124000007,392,97,295
124000008,9,383,-374
124000009,615,228,387
124000010,167,424,-257
124000011,749,275,474
124000012,237,420,-183
124000017,186,130,56
124000018,125,97,28
124000019,116,120,-4
124000020,48,141,-93
124000021,79,89,-10
124000022,84,159,-75
124000023,652,148,504
124000024,845,392,453
124000025,658,455,203
124000026,682,365,317
124000027,1189,823,366
124000028,1971,752,1219
124000031,1299,2186,-887
124000032,1675,959,716
124000033,914,483,431
124000034,442,1025,-583
124000035,346,220,126
124000036,166,612,-446
124000037,379,1123,-744
124000038,37,131,-94
124000039,865,505,360
124000040,475,922,-447
124000041,408,80,328
124000042,216,329,-113
124000043,87,83,4
124000044,77,173,-96
124000045,682,499,183
124000046,227,583,-356
124000047,1387,713,674
124000048,988,1001,-13
124000049,1531,532,999
124000050,662,1284,-622
124000051,869,486,383
124000052,612,715,-103
124000053,479,1329,-850
124000054,831,452,379
124000055,1382,2257,-875
124000056,1803,1308,495
124000057,998,462,536
124000058,450,1048,-598
124000059,574,1066,-492
124000060,1034,560,474
124000061,1367,4909,-3542
124000062,4879,1688,3191
124000063,1109,1574,-465
124000064,1663,1084,579
124000065,157,529,-372
124000066,294,115,179
124000067,177,106,71
124000068,84,94,-10
124000069,631,173,458
124000070,220,408,-188
124000071,281,97,184
124000072,197,331,-134
124000073,846,176,670
124000074,203,528,-325
124000075,255,34,221
124000076,55,164,-109
124000077,1413,765,648
124000078,2346,1411,935
124000079,428,1112,-684
124000080,660,164,496
124000081,288,429,-141
124000082,88,189,-101
124000083,117,120,-3
124000084,128,448,-320
124000085,88,70,18
124000086,49,89,-40
124000087,246,66,180
124000088,153,339,-186
124000089,711,266,445
124000090,130,297,-167
124000091,464,130,334
124000092,114,561,-447
124000093,131,103,28
124000094,99,338,-239
124000095,113,106,7
124000096,114,216,-102
124000097,116,128,-12
124000098,81,90,-9
124000099,232,101,131
124000100,41,133,-92
124000101,70,79,-9
124000102,129,48,81
124000103,111,112,-1
124000104,81,37,44
124000105,81,113,-32
124000106,144,52,92
124000107,7,180,-173
124000108,47,23,24
124000109,132,150,-18
124000110,225,106,119
124000111,203,141,62
124000112,576,619,-43
124000113,68,69,-1
124000114,228,356,-128
124000115,384,560,-176
124000116,110,189,-79
124000117,65,75,-10
124000118,39,68,-29
124000119,667,446,221
124000120,455,435,20
124000121,1739,842,897
124000122,542,1142,-600
124000123,863,447,416
124000124,348,863,-515
124000125,304,392,-88
124000126,208,531,-323
124000127,789,352,437
124000128,517,738,-221
124000129,1850,1379,471
124000130,706,572,134
124000131,923,505,418
124000132,702,754,-52
124000133,780,649,131
124000134,763,625,138
124000135,1476,1344,132
124000136,926,934,-8
124000137,984,604,380
124000138,1098,984,114
124000139,797,83,714
124000140,80,494,-414
124000141,747,55,692
124000142,53,440,-387
124000143,108,10,98
124000144,15,191,-176
124000145,124,41,83
124000146,63,79,-16
124000148,104,105,-1
124000149,1169,426,743
124000150,397,595,-198
124000151,853,393,460
124000152,673,1036,-363
124000153,732,629,103
124000154,285,535,-250
124000155,1276,918,358
124000156,1344,821,523
124000169,185,323,-138
124000170,384,389,-5
124000171,290,173,117
124000172,300,371,-71
124000173,428,188,240
124000174,352,449,-97
124000175,14,102,-88
124000176,37,22,15
124000177,13,50,-37
124000178,42,42,0
124000185,39,15,24
124000186,7,31,-24
124000187,5,52,-47
124000188,56,7,49
124000190,106,43,63
124000191,147,201,-54
124000192,1248,320,928
124000193,353,707,-354
124000194,375,388,-13
124000195,271,516,-245
124000196,904,864,40
124000197,60,55,5
124000198,22,38,-16
124000201,169,647,-478
124000202,577,321,256
124000203,466,420,46
124000204,700,233,467
124000205,147,304,-157
124000206,778,313,465
124000207,0,44,-44
124000209,178,287,-109
124000210,456,171,285
124000211,597,7,590
124000212,2,266,-264
124000213,384,246,138
124000214,345,370,-25
124000215,332,22,310
124000216,5,294,-289
124000329,202,1059,-857
124000338,131,513,-382
124000339,803,75,728
124000341,1231,68,1163
124000344,75,19,56
124000357,1435,2871,-1436
124000358,1373,2384,-1011
124000359,1080,798,282
124000360,880,553,327
124000361,1473,659,814
124000362,908,1262,-354
124000363,238,354,-116
124000364,499,775,-276
124000365,610,1015,-405
124000366,1493,1451,42
124000367,116,367,-251
124000368,480,329,151
124000369,130,104,26
124000370,73,407,-334
124000402,44,17,27
124000403,125,29,96
124000404,18,81,-63
124000405,890,695,195
124000406,608,660,-52
124000407,4,38,-34
124000411,13,196,-183
124000412,470,10,460
124000413,176,21,155
124000414,69,119,-50
124000415,62,100,-38
124000416,131,162,-31
124000417,160,114,46
124000418,169,78,91
124000419,78,106,-28
124000420,60,67,-7
124000421,39,136,-97
124000422,25,11,14
124000423,106,39,67
124000424,9,104,-95
124000425,126,8,118
124000426,6,146,-140
124000427,184,3,181
124000428,10,43,-33
124000429,72,59,13
124000430,567,356,211
124000431,260,404,-144
124000432,194,640,-446
124000439,8,13,-5
124000443,0,8,-8
124000445,397,1023,-626
124000446,1178,263,915
124000447,47,142,-95
124000448,106,11,95
124000449,102,19,83
124000450,11,152,-141
124000451,3,92,-89
124000452,281,77,204
124000453,2465,3604,-1139
124000454,2320,4964,-2644
124900001,526,324,202
124900002,129,219,-90
124900003,1084,545,539
124900004,669,256,413
124900005,187,135,52
124900006,656,260,396
124900008,1059,498,561
124900009,130,302,-172
124900010,171,96,75
124900011,417,188,229
124900012,388,123,265
124900013,462,158,304
124900014,360,59,301
124900015,131,264,-133
124900016,95,88,7
124900017,417,1220,-803
124900018,50,11,39
124900020,66,40,26
124900021,199,23,176
124900022,46,6,40
124900024,196,3,193
124900026,142,4,138
124900027,94,345,-251
124900028,327,83,244
124900029,16,393,-377
124900030,14,60,-46
124900031,49,217,-168
124900032,223,173,50
124900033,102,217,-115
124900034,7,100,-93
124900035,153,331,-178
124900036,3,86,-83
124900037,150,159,-9
124900038,171,234,-63
124900039,5,176,-171
124900040,136,76,60
124900041,206,733,-527
124900042,184,4,180
124900043,511,812,-301
124900044,81,1,80
124900045,370,907,-537
124900047,150,130,20
124900048,165,67,98
124900050,168,134,34
124900052,154,266,-112
124900053,151,262,-111
124900054,1166,363,803
124900055,2,125,-123
124900057,13,121,-108
124900060,55,172,-117
124900061,76,4,72
124900062,268,17,251
124900066,0,14,-14
124900067,7,117,-110
124900068,249,481,-232
124900070,72,178,-106
124900072,118,35,83
124900075,164,215,-51
124900076,40,989,-949
124900077,30,74,-44
124900078,70,8,62
124900079,349,183,166
124900080,251,519,-268
124900081,921,279,642
124900082,298,689,-391
124900083,238,433,-195
124900085,1016,402,614
124900086,47,1259,-1212
124900087,625,96,529
124900088,443,92,351
124900089,987,27,960
124900090,205,206,-1
124900091,243,266,-23
124900092,200,187,13
124900093,233,106,127
124900094,342,199,143
124900095,85,306,-221
124900096,364,216,148
124900097,256,51,205
124900098,126,214,-88
124900099,387,347,40
124900100,227,32,195
124900101,82,248,-166
124900102,206,9,197
124900103,130,159,-29
124900104,84,142,-58
124900105,121,104,17
124900106,330,33,297
124900107,107,21,86
124900108,120,75,45
124900111,1,170,-169
124900112,75,391,-316
124900113,80,256,-176
124900114,167,188,-21
124900115,102,43,59
124900116,183,145,38
124900117,341,205,136
124900118,165,279,-114
124900119,307,178,129
124900120,47,289,-242
124900121,91,297,-206
124900122,181,157,24
124900123,268,119,149
124900124,119,312,-193
124900125,170,6,164
124900126,0,105,-105
204000001,103,16,87
204000002,13,9,4
204000003,21,5,16
204000004,9,0,9
204000005,610,604,6
204000006,1223,1191,32
204000011,19,36,-17
204000012,74,133,-59
204000019,653,519,134
204000020,564,727,-163
204000021,1882,755,1127
204000022,615,421,194
204000023,528,666,-138
204000031,120,15,105
204000032,370,29,341
204000034,41,153,-112
204000035,1,6,-5
204000036,7,23,-16
204000037,7,29,-22
204000038,0,14,-14
204000039,4,23,-19
204000040,3,14,-11
204000041,3,14,-11
204000042,44,20,24
204000043,44,8,36
204000044,24,10,14
204000045,38,4,34
204000046,4,1,3
204000057,2,7,-5
204000062,25,92,-67
204000068,32,219,-187
204000069,51,316,-265
204000070,83,70,13
204000080,51,74,-23
204000085,1882,1364,518
204000086,2050,1626,424
204000087,37,10,27
204000088,5,114,-109
204000090,71,242,-171
204000093,341,72,269
204000096,753,1021,-268
204000097,378,31,347
204000099,1027,1392,-365
204000100,1350,1757,-407
204000105,2066,1142,924
204000110,556,1294,-738
204000111,457,699,-242
204000112,1262,1137,125
204000113,465,838,-373
204000114,605,668,-63
204000115,550,317,233
204000116,2081,901,1180
204000119,1716,2449,-733
204000132,710,350,360
204000133,870,189,681
204000134,243,86,157
204000135,868,71,797
204000136,941,217,724
204000138,456,649,-193
204000140,232,178,54
204000141,161,108,53
204000144,16,25,-9
204000145,438,24,414
204000146,15,323,-308
204000147,41,154,-113
204000148,236,28,208
204000154,17,1,16
204000155,2,5,-3
204000177,82,24,58
204000179,13,6,7
204000180,0,43,-43
204000222,0,5,-5
204000235,10,4,6
204000236,55,225,-170
204000238,18,26,-8
204000240,332,48,284
204000263,659,950,-291
204000268,979,713,266
204000308,158,23,135
204000317,22,47,-25
204000322,5,26,-21
204000323,11,6,5
204000328,241,76,165
204000329,79,172,-93
204000330,179,97,82
204000331,149,101,48
205000001,908,1480,-572
205000013,7,42,-35
205000014,11,70,-59
205000015,25,152,-127
205000016,15,129,-114
205000017,11,57,-46
205000022,282,776,-494
205000025,1294,1205,89
205000029,247,12,235
205000045,158,531,-373
205000046,131,726,-595
205000047,69,438,-369
205000048,332,994,-662
205000049,213,772,-559
205000050,741,307,434
205000059,0,166,-166
205000060,0,94,-94
205000061,7,64,-57
205000062,0,62,-62
205000063,18,112,-94
205000064,14,94,-80
205000065,67,490,-423
205000066,114,642,-528
205000067,26,678,-652
205000069,261,19,242
205000082,186,156,30
205000110,71,215,-144
205000111,250,210,40
205000112,172,184,-12
205000113,153,300,-147
205000121,205,38,167
205000123,25,165,-140
205000126,416,60,356
205000127,805,135,670
205000128,426,50,376
205000129,639,76,563
205000130,188,27,161
205000131,135,8,127
205000132,179,4,175
205000133,103,0,103
205000134,253,3,250
205000137,42,134,-92
205000138,98,311,-213
205000139,17,131,-114
205000144,86,88,-2
205000145,285,179,106
205000151,141,21,120
205000152,196,11,185
205000153,204,25,179
205000154,76,36,40
205000155,106,7,99
205000207,12,203,-191
205000233,16,1,15
205000234,0,1,-1
205000243,1,0,1
205000244,0,3,-3
205000245,4,141,-137
205000249,0,13,-13
205000250,3,0,3
205000264,4,99,-95
206000027,4,2,2
206000028,3,1,2
206000043,15,58,-43
206000053,1,2,-1
206000054,15,13,2
206000055,1,15,-14
206000075,9,23,-14
206000076,16,16,0
206000077,18,7,11
206000078,41,7,34
206000079,12,7,5
206000082,336,45,291
206000100,53,354,-301
206000103,3,14,-11
206000104,8,21,-13
206000105,8,10,-2
206000106,7,20,-13
206000125,45,0,45
206000157,39,490,-451
206000170,0,142,-142
206000171,2,190,-188
206000172,6,282,-276
206000173,0,157,-157
206000174,6,59,-53
206000175,1,83,-82
206000176,21,104,-83
206000177,1,93,-92
206000178,4,163,-159
206000179,0,79,-79
206000180,11,117,-106
206000181,3,106,-103
206000182,2,101,-99
206000183,11,398,-387
206000184,6,236,-230
206000185,12,121,-109
206000186,101,702,-601
206000223,6,171,-165
206000226,15,3,12
206000227,22,1,21
206000237,38,232,-194
206000238,29,410,-381
206000239,220,1454,-1234
206000240,3,54,-51
206000241,0,45,-45
206000242,11,193,-182
206000243,5,129,-124
206000244,57,444,-387
206000245,690,57,633
206000246,204,23,181
206000247,168,5,163
206000248,350,10,340
206000252,51,39,12
206000258,28,42,-14
206000315,25,12,13
206000317,477,91,386
206000318,527,51,476
206000319,1250,69,1181
206000320,169,39,130
206000321,205,10,195
206000322,395,14,381
206000323,156,9,147
206000324,130,18,112
206000325,139,15,124
206000326,134,10,124
206000327,158,5,153
206000328,142,4,138
206000329,230,5,225
206000330,45,7,38
206000331,196,5,191
206000332,44,0,44
206000333,512,0,512
206000334,274,4,270
206000335,0,17,-17
206000361,4,157,-153
206000392,1,22,-21
206000405,141,0,141
206000441,24,13,11
206000498,30,3,27
206000515,85,31,54
206000530,267,43,224
206000531,212,187,25
206000532,1744,258,1486
206000535,206,1549,-1343
206000536,16,172,-156
206000537,21,119,-98
206000613,1507,162,1345
206000784,488,28,460
207000001,133,643,-510
207000002,103,331,-228
207000003,166,157,9
207000007,965,256,709
207000008,114,10,104
207000009,57,36,21
207000010,359,340,19
207000012,325,199,126
207000015,237,995,-758
207000019,217,79,138
207000021,471,145,326
207000022,165,87,78
207000023,209,39,170
207000024,8,17,-9
207000025,16,93,-77
207000026,87,41,46
207000027,21,57,-36
207000028,75,166,-91
207000029,214,374,-160
207000033,209,433,-224
207000034,256,69,187
207000039,311,92,219
207000040,364,83,281
207000041,88,34,54
207000042,158,50,108
207000043,225,182,43
207000051,119,186,-67
207000052,67,127,-60
207000053,387,475,-88
207000054,52,85,-33
207000055,174,101,73
207000056,290,258,32
207000057,127,235,-108
207000058,178,253,-75
207000059,101,373,-272
207000060,77,185,-108
207000061,277,500,-223
207000062,362,56,306
207000063,331,113,218
207000064,407,121,286
207000065,350,182,168
207000066,178,142,36
207000067,55,86,-31
207000068,136,90,46
207000069,664,315,349
207000082,8,232,-224
207000083,63,185,-122
207000084,266,264,2
207000085,205,17,188
207000086,193,5,188
207000106,38,27,11
207000107,57,14,43
207000108,49,14,35
207000109,47,9,38
207000110,57,69,-12
207000111,83,61,22
207000112,117,610,-493
207000114,18,32,-14
207000115,18,40,-22
207000116,28,298,-270
207000117,16,65,-49
207000118,5,69,-64
207000119,31,77,-46
207000123,164,9,155
207000124,63,29,34
207000125,50,39,11
207000126,54,48,6
207000134,62,157,-95
207000135,21,169,-148
207000148,55,269,-214
207000149,60,48,12
207000152,152,349,-197
207000153,832,1181,-349
207000154,464,153,311
207000159,118,149,-31
207000160,131,309,-178
207000238,0,230,-230
207000242,2,112,-110
207000248,79,20,59
207000249,113,31,82
207000250,562,72,490
207000251,89,73,16
207000252,136,60,76
207000278,88,63,25
207000279,39,95,-56
207000280,591,65,526
207000281,125,733,-608
207000282,206,150,56
207000283,113,263,-150
207000284,72,224,-152
207000285,99,89,10
207000291,15,113,-98
207000304,100,87,13
207000306,68,299,-231
207000310,70,45,25
207000353,295,6,289
207000356,22,29,-7
207000357,13,14,-1
207000358,15,15,0
207000415,14,148,-134
207000417,35,3,32
207000418,147,140,7
207000438,0,1,-1
207000439,797,715,82
207000446,143,4,139
207000460,43,6,37
207000466,180,132,48
207000467,208,81,127
207000468,40,251,-211
207000476,17,61,-44
207000477,653,74,579
207000478,2,53,-51
207000523,0,12,-12
207000524,88,0,88
207000527,157,140,17
207000530,378,15,363
207000531,308,9,299
207000532,61,14,47
207000534,368,58,310
207000535,40,285,-245
207000537,31,91,-60
207000540,3,144,-141
207000541,2,270,-268
207000548,18,167,-149
207000549,339,18,321
207000561,128,157,-29
207000562,30,184,-154
207000567,167,186,-19
207000568,502,80,422
207000569,584,787,-203
207000584,255,181,74
207000585,50,300,-250
207000587,204,29,175
207000616,0,111,-111
207000617,107,0,107
207000624,73,21,52
207000631,8,65,-57
207900008,275,144,131
208000001,504,963,-459
208000002,655,472,183
208000003,1179,371,808
208000004,1201,660,541
208000005,6,20,-14
208000019,554,914,-360
208000020,121,470,-349
208000021,310,266,44
208000022,1171,398,773
208000028,1266,953,313
208000033,596,478,118
208000034,1057,1064,-7
208000037,233,12,221
208000040,154,152,2
208000041,783,451,332
208000042,1358,529,829
208000047,124,204,-80
208000064,2094,1372,722
208000066,1357,2169,-812
208000070,301,293,8
208000071,340,689,-349
208000072,373,1045,-672
208000080,303,260,43
208000081,379,122,257
208000082,300,202,98
208000083,115,360,-245
208000084,20,16,4
208000085,856,522,334
208000086,383,1046,-663
208000087,372,701,-329
208000089,1181,320,861
208000090,921,503,418
208000093,131,152,-21
208000094,514,335,179
208000095,624,434,190
208000104,821,756,65
208000105,629,893,-264
208000114,108,301,-193
208000115,413,248,165
208000116,445,977,-532
208000117,88,167,-79
208000118,117,127,-10
208000155,553,983,-430
208000158,1391,3556,-2165
208000186,3207,4034,-827
208000204,600,856,-256
208000205,1103,832,271
208000282,4940,2983,1957
209000004,359,163,196
209000005,47,29,18
209000006,365,150,215
209000007,227,296,-69
209000010,349,121,228
209000011,154,213,-59
209000012,202,120,82
209000013,195,233,-38
209000014,427,662,-235
209000025,291,69,222
209000026,602,137,465
209000027,409,531,-122
209000028,258,464,-206
209000029,445,526,-81
209000030,393,872,-479
209000031,2029,1623,406
209000034,155,211,-56
209000035,123,187,-64
209000036,208,111,97
209000037,239,207,32
209000038,86,165,-79
209000039,75,139,-64
209000040,195,418,-223
209000041,163,427,-264
209000042,195,360,-165
209000043,560,853,-293
209000044,183,746,-563
209000045,1217,352,865
209000046,486,360,126
209000047,369,189,180
209000048,543,246,297
209000049,97,77,20
209000050,220,149,71
209000051,247,247,0
209000052,154,232,-78
209000062,36,56,-20
209000063,52,56,-4
209000064,42,53,-11
209000065,86,42,44
209000066,54,25,29
209000067,118,49,69
209000080,27,173,-146
209000082,77,29,48
209000091,42,77,-35
209000093,28,23,5
209000094,186,152,34
209000110,36,128,-92
209000111,410,1225,-815
209000112,750,455,295
209000113,1266,427,839
209000114,563,376,187
209000115,51,71,-20
209000116,409,327,82
209000118,12,36,-24
209000119,21,16,5
209000121,148,368,-220
209000135,71,201,-130
209000142,693,1321,-628
209000143,62,39,23
209000144,47,106,-59
209000229,237,140,97
209000240,34,197,-163
209000259,76,117,-41
209000260,40,642,-602
209000261,1,347,-346
209000262,2,294,-292
209000263,0,157,-157
209000264,0,108,-108
209000265,449,12,437
209000266,135,1,134
209000267,804,7,797
209000268,513,31,482
210000037,95,28,67
210000047,54,10,44
210000048,92,17,75
210000049,48,23,25
210000052,40,44,-4
210000053,37,37,0
210000054,64,70,-6
210000070,110,7,103
210000071,75,0,75
210000072,20,0,20
210000073,1,35,-34
210000074,0,80,-80
210000075,0,115,-115
210000076,7,114,-107
210000077,8,44,-36
210000078,29,20,9
210000079,8,22,-14
210000080,63,63,0
210000081,177,25,152
210000082,143,3,140
210000083,65,3,62
210000084,15,0,15
210000085,0,35,-35
210000086,0,51,-51
210000099,40,200,-160
210000100,45,128,-83
210000101,55,159,-104
210000105,32,149,-117
210000159,0,192,-192
210000163,113,224,-111
210000164,294,164,130
210000168,141,65,76
210000187,0,23,-23
210000188,1,18,-17
210000214,13,1,12
210000219,37,45,-8
210000220,75,41,34
210000232,3,19,-16
210000233,36,59,-23
210000234,14,101,-87
210000235,57,44,13
210000245,0,60,-60
210000246,50,10,40
210000258,10,76,-66
210000259,308,59,249
210000282,64,162,-98
210000285,1,92,-91
210000286,8,107,-99
210000290,3,19,-16
210000295,45,92,-47
210000296,27,40,-13
210000320,186,45,141
210000321,109,43,66
210000338,77,54,23
210000339,271,1054,-783
210000340,96,297,-201
210000341,168,215,-47
210000342,172,169,3
210000343,133,176,-43
210000344,147,81,66
210000345,129,172,-43
210000346,57,82,-25
210000347,70,37,33
210000348,114,13,101
210000349,37,27,10
210000350,130,49,81
210000351,145,84,61
210000352,73,50,23
210000353,41,75,-34
210000354,73,83,-10
210000355,53,91,-38
210000356,57,45,12
210000357,50,37,13
210000358,166,102,64
210000359,96,73,23
210000360,164,116,48
210000361,198,108,90
210000362,255,186,69
210000363,674,243,431
210000364,126,128,-2
210000365,116,69,47
210000366,90,40,50
210000367,79,23,56
210000368,138,33,105
210000369,26,24,2
210000370,32,24,8
210000372,24,46,-22
210000373,23,28,-5
210000374,66,20,46
210000375,53,68,-15
210000376,65,82,-17
210000404,46,110,-64
210000439,19,25,-6
210000472,96,0,96
210000482,63,87,-24
210000564,345,223,122
210000567,1,26,-25
210000568,287,1,286
211000092,24,44,-20
211000094,27,7,20
211000169,176,12,164
211000172,7,243,-236
211000209,0,17,-17
211000226,7,60,-53
211000270,65,19,46
211000275,13,22,-9
211000276,57,20,37
211000279,6,37,-31
211000281,60,38,22
211000302,26,80,-54
211507980,3,49,-46
211977296,48,2,46
212000003,116,49,67
212000004,24,35,-11
212000005,32,19,13
212000006,27,30,-3
212000008,167,103,64
212000009,21,121,-100
212000012,80,70,10
212000013,36,46,-10
212000014,271,149,122
212000015,279,259,20
212000016,450,465,-15
212000027,490,459,31
212000028,320,402,-82
212000029,214,274,-60
212000030,80,13,67
212000031,54,44,10
212000048,35,120,-85
212000049,14,110,-96
212000050,13,4,9
212000051,184,148,36
212000052,192,229,-37
212000053,375,375,0
212000054,258,99,159
212000055,231,190,41
212000056,15,33,-18
212000057,15,17,-2
212000058,225,29,196
212000070,119,159,-40
212000077,125,443,-318
212000099,208,236,-28
212000108,147,142,5
212000111,177,93,84
212000120,104,49,55
212000138,120,28,92
212000156,1,75,-74
212000158,11,12,-1
212000159,426,51,375
212000160,559,307,252
212000161,81,8,73
212000310,38,18,20
212000311,30,63,-33
212000374,29,4,25
213000001,31,294,-263
213000005,345,149,196
213000006,869,307,562
213000007,153,14,139
213000009,720,487,233
213000010,150,298,-148
213000011,214,93,121
213000012,108,286,-178
213000014,132,19,113
213000015,218,5,213
213000016,386,3,383
213000017,120,0,120
213000018,2,130,-128
213000019,2,159,-157
213000020,118,268,-150
213000021,4,111,-107
213000023,323,183,140
213000033,343,1482,-1139
213000034,738,207,531
213000035,123,210,-87
213000045,165,233,-68
213000046,187,158,29
213000047,654,1213,-559
213000056,83,39,44
213000069,109,3,106
213000073,2,46,-44
213000074,87,356,-269
213000075,512,19,493
213000076,51,1,50
213000085,3,47,-44
213000086,17,146,-129
213000091,168,21,147
213000092,128,15,113
213000099,161,1104,-943
213000100,1043,299,744
213000101,327,97,230
213000102,420,216,204
213000103,890,666,224
213000104,71,335,-264
213000105,4,195,-191
213000106,50,111,-61
213000107,154,415,-261
213000108,50,398,-348
213000109,7,225,-218
213000110,27,102,-75
213000111,17,66,-49
213000112,182,98,84
213000115,71,10,61
213000116,48,281,-233
213000117,6,521,-515
213000118,305,229,76
213000119,35,520,-485
213000120,143,381,-238
213000122,134,486,-352
213000123,356,1064,-708
213000124,107,1026,-919
213000125,100,21,79
213000126,70,133,-63
213000127,101,232,-131
213000128,398,970,-572
213000129,293,593,-300
213000130,656,308,348
213000132,349,79,270
213000133,631,87,544
213000134,708,21,687
213000136,461,22,439
213000137,682,97,585
213000139,384,33,351
213000147,103,11,92
213000148,27,5,22
213000149,28,12,16
213000150,0,114,-114
213000151,4,90,-86
213000152,5,105,-100
213000153,0,119,-119
213000154,34,197,-163
213000155,31,154,-123
213000156,108,360,-252
213000157,452,338,114
213000158,251,761,-510
213000159,363,489,-126
213000163,867,89,778
213000165,844,275,569
213000171,72,115,-43
213000172,68,252,-184
213000173,37,185,-148
213000174,1,94,-93
213000175,54,59,-5
213000176,12,108,-96
213000177,62,15,47
213000178,133,19,114
213000179,187,47,140
213000180,226,49,177
213000184,101,314,-213
213000188,282,98,184
213000189,317,29,288
213000190,756,769,-13
213000191,261,364,-103
213000192,186,281,-95
213000193,745,257,488
213000194,1,88,-87
213000195,22,345,-323
213000196,242,1051,-809
213000197,332,432,-100
213000198,75,13,62
213000200,113,719,-606
213000201,56,49,7
213000202,13,496,-483
213000203,2781,648,2133
213000204,667,102,565
213000205,250,94,156
213000206,381,54,327
213000207,167,14,153
213000208,98,3,95
213000209,211,5,206
213000210,365,2,363
213000211,17,21,-4
213000212,26,29,-3
213000213,19,74,-55
213000218,189,389,-200
213000219,404,18,386
213000220,390,19,371
213000223,162,250,-88
213000224,52,47,5
213000225,93,11,82
213000226,68,23,45
213000227,830,216,614
213000228,347,103,244
213000229,250,36,214
213000230,503,25,478
213000232,66,1012,-946
213000233,16,114,-98
213000234,11,48,-37
213000293,27,50,-23
213000294,127,21,106
213000295,17,100,-83
213000296,46,24,22
213000297,7,56,-49
213000298,22,44,-22
213000299,82,30,52
213000300,32,6,26
213000303,9,26,-17
213000304,2,16,-14
213000305,4,14,-10
213000306,41,39,2
213000307,175,58,117
213000308,77,169,-92
213000309,149,55,94
213000310,334,186,148
213000311,268,620,-352
213000315,62,86,-24
213000316,144,41,103
213000322,55,41,14
213000323,38,39,-1
213000340,162,428,-266
213000341,570,84,486
213000346,174,240,-66
213000347,677,340,337
213000348,15,123,-108
213000349,39,19,20
213000350,293,691,-398
213000366,81,217,-136
213000367,256,31,225
213000379,108,68,40
213000386,18,273,-255
213000406,74,323,-249
213000417,1061,385,676
213000425,144,29,115
213000426,154,82,72
213000427,64,143,-79
213000428,49,124,-75
213000429,18,3,15
213000430,82,424,-342
213000431,81,1,80
213000432,3,124,-121
213000433,23,86,-63
213000434,113,71,42
213000435,103,88,15
213000439,56,18,38
213000441,3,2,1
213000443,281,323,-42
213000445,0,74,-74
213000446,0,163,-163
213000447,6,50,-44
213000448,2,124,-122
213000449,322,5,317
213000450,21,46,-25
213000451,163,69,94
213000452,15,19,-4
213000453,35,246,-211
213000455,599,15,584
213000456,2,304,-302
213000481,6,9,-3
213000482,44,6,38
213000489,270,67,203
213000491,0,222,-222
213000492,241,2,239
213000493,1,117,-116
213000494,231,102,129
213000495,0,73,-73
213000496,307,104,203
213000497,42,214,-172
213000498,139,149,-10
213000499,161,354,-193
213000500,412,64,348
213000501,105,17,88
213000502,195,108,87
213000503,0,58,-58
213000504,15,73,-58
213000505,8,22,-14
213000506,0,9,-9
213000507,1,121,-120
213900244,37,0,37
213900245,0,22,-22
218000003,25,46,-21
218000004,41,31,10
218000005,42,54,-12
218000006,61,27,34
218000007,10,14,-4
218000012,203,167,36
218000013,133,135,-2
218000014,324,377,-53
218000019,784,533,251
218000020,276,408,-132
218000040,3,8,-5
218000046,36,103,-67
218000047,9,117,-108
218000048,43,106,-63
218000049,109,104,5
218000050,266,251,15
218000051,57,216,-159
218000052,7,92,-85
218000053,2,19,-17
218000054,17,56,-39
218000055,6,30,-24
218000056,12,17,-5
218000057,2,23,-21
218000064,2,16,-14
218000065,73,43,30
218000066,10,49,-39
218000067,48,84,-36
218000068,111,90,21
218000069,229,133,96
218000070,211,207,4
218000071,196,157,39
218000072,257,189,68
218000078,900,612,288
218000079,107,64,43
218000080,148,61,87
218000081,425,176,249
218000082,32,86,-54
218000083,77,35,42
218000084,145,94,51
218000085,152,240,-88
218000086,65,121,-56
218000087,176,123,53
218000090,21,86,-65
218000091,987,461,526
218000092,97,156,-59
218000093,72,50,22
218000094,402,560,-158
218000099,285,636,-351
218000100,273,261,12
218000101,258,139,119
218000102,403,178,225
218000103,84,95,-11
218000104,78,24,54
218000105,25,13,12
218000106,7,6,1
218000107,46,38,8
218000108,9,30,-21
218000112,52,21,31
218000117,62,46,16
218000134,455,450,5
218000135,25,77,-52
218000136,205,107,98
218000137,201,131,70
218000138,44,101,-57
218000139,157,286,-129
218000140,343,250,93
218000141,79,44,35
218000142,217,128,89
218000143,151,167,-16
218000144,70,110,-40
218000145,333,278,55
218000146,58,151,-93
218000151,2,22,-20
218000152,74,35,39
218000170,7,29,-22
218000171,35,8,27
218000172,11,7,4
218000173,88,10,78
218000174,31,5,26
218000176,105,36,69
218000177,212,170,42
218000178,38,183,-145
218000179,71,40,31
218000180,52,28,24
218000181,108,48,60
218000187,13,24,-11
218000188,33,51,-18
218000189,28,81,-53
218000190,5,13,-8
218000191,183,61,122
218000192,175,146,29
218000193,330,280,50
218000194,56,213,-157
218000195,111,69,42
218000196,245,241,4
218000197,244,228,16
218000198,34,126,-92
218000199,59,28,31
218000200,92,44,48
218000201,18,16,2
218000202,83,261,-178
218000207,6,28,-22
218000208,26,46,-20
218000211,104,18,86
218000213,85,86,-1
218000214,10,22,-12
218000215,28,57,-29
218000217,2,91,-89
218000218,138,67,71
218000219,15,14,1
218000220,79,287,-208
218000221,412,189,223
218000222,7,32,-25
218000223,12,277,-265
218000224,15,94,-79
218000225,97,26,71
218000226,82,46,36
218000232,36,54,-18
218000239,301,26,275
218000240,52,11,41
218000241,80,4,76
218000242,148,14,134
218000243,308,7,301
218000244,110,11,99
218000245,24,4,20
218000246,23,1,22
218000247,4,0,4
218000248,1,16,-15
218000249,0,9,-9
218000250,0,11,-11
218000251,12,39,-27
218000252,5,75,-70
218000253,13,44,-31
218000254,2,39,-37
218000255,1,33,-32
218000256,18,92,-74
218000267,481,945,-464
218000268,18,44,-26
218000269,3,20,-17
218000270,96,65,31
218000271,24,78,-54
218000273,17,7,10
218000274,14,6,8
218000275,25,47,-22
218000276,8,40,-32
218000278,24,34,-10
218000279,98,58,40
218000280,8,43,-35
218000281,17,24,-7
218000282,504,421,83
218000284,81,5,76
218000301,104,110,-6
218000302,82,42,40
218000303,45,64,-19
218000316,612,750,-138
218000317,989,878,111
218000318,639,647,-8
218000319,1091,781,310
218000320,761,498,263
218000338,51,27,24
218000345,91,82,9
218000346,42,177,-135
218000459,18,228,-210
218000490,40,51,-11
218000501,82,34,48
218000502,26,101,-75
218000503,83,16,67
218000504,192,25,167
218000505,41,193,-152
218000506,54,331,-277
218000508,5,3,2
218000510,177,7,170
218000520,89,90,-1
218000521,29,54,-25
218000522,1,133,-132
218000523,158,5,153
218000524,60,170,-110
218000525,169,13,156
218000526,28,164,-136
218000529,50,129,-79
218000531,8,24,-16
218000532,26,16,10
218000534,122,10,112
218000537,37,49,-12
218000538,111,212,-101
218000540,204,74,130
218000543,142,56,86
218000544,59,78,-19
218000545,38,42,-4
218000546,37,58,-21
218000547,75,144,-69
218000548,136,135,1
218000549,359,503,-144
218000550,194,281,-87
218000551,94,1035,-941
218000552,427,49,378
218000553,70,112,-42
218000554,35,33,2
218000555,28,48,-20
218000556,187,196,-9
218000557,249,183,66
218000558,55,0,55
218000559,2,33,-31
218000560,0,33,-33
218000561,14,0,14
218000562,28,161,-133
218000563,213,10,203
218000564,7,128,-121
218000565,169,25,144
218000566,584,23,561
218000567,2,92,-90
218000568,52,6,46
218000569,14,141,-127
218000570,233,21,212
218000571,17,124,-107
218000572,120,0,120
218000573,17,261,-244
218000574,259,45,214
218000575,113,0,113
218000576,4,80,-76
218000577,100,0,100
218000578,1,74,-73
218000579,27,16,11
218000581,3,38,-35
218000582,35,0,35
218000583,12,1,11
218000584,0,28,-28
218000585,29,2,27
218000586,5,31,-26
218000587,2,0,2
218000588,6,2,4
218000589,1,5,-4
218000590,4,0,4
218000591,8,21,-13
218000592,10,1,9
218000593,4,4,0
218000594,9,1,8
218000597,6,0,6
218000598,0,0,0
218000599,1,0,1
218000600,3,0,3
218000601,0,2,-2
218000602,0,7,-7
218000603,0,2,-2
218000604,20,0,20
218000605,1,61,-60
218000606,129,1,128
218000607,10,27,-17
218000608,70,25,45
218000609,3,40,-37
218000610,78,7,71
218000611,33,0,33
218000612,0,25,-25
218000613,29,0,29
218000614,0,39,-39
218000615,144,1,143
218000616,5,88,-83
218000617,29,0,29
218000618,0,19,-19
218000619,40,34,6
218000620,5,11,-6
218000621,0,2,-2
218000622,0,8,-8
218000623,299,4,295
218000624,17,13,4
218000625,12,1,11
218000626,1,6,-5
218000628,127,44,83
218000631,58,11,47
218000632,0,88,-88
218000633,108,2,106
218000634,10,13,-3
218000635,22,13,9
218000636,749,783,-34
218000637,916,384,532
218000638,151,35,116
218000639,13,129,-116
218000640,238,24,214
218000641,56,228,-172
218000652,41,54,-13
218000653,120,27,93
218000663,8,247,-239
218000675,100,56,44
218000680,198,332,-134
218000681,370,109,261
218000691,147,177,-30
218000693,222,156,66
218000718,428,1155,-727
218000719,796,776,20
218000720,21,381,-360
218000721,428,47,381
218001147,1,159,-158
218001214,11,42,-31
218001258,292,8,284
218001329,129,126,3
218001330,122,92,30
218001351,20,21,-1
218001352,15,22,-7
218001353,26,15,11
218001354,8,36,-28
218001355,27,246,-219
218001356,330,16,314
218001357,48,169,-121
218001358,313,22,291
218001361,389,18,371
218001362,0,150,-150
219000001,48,38,10
219000002,69,32,37
219000003,43,29,14
219000004,38,44,-6
219000017,73,35,38
219000020,96,109,-13
219000022,155,8,147
219000023,200,0,200
219000029,0,81,-81
219000034,31,29,2
219000039,83,101,-18
219000040,64,73,-9
219000041,113,20,93
219000051,0,28,-28
219000052,0,15,-15
219000053,0,81,-81
219000055,211,1,210
219000056,7,0,7
219000057,66,2,64
219000062,17,63,-46
219000063,78,12,66
219000064,4,44,-40
219000110,436,68,368
219000111,104,58,46
219000112,163,67,96
219000113,139,67,72
219000114,194,182,12
219000116,98,56,42
219000117,125,39,86
219000118,356,63,293
219000123,209,72,137
219000124,67,51,16
219000125,13,15,-2
219000126,76,117,-41
219000127,0,2,-2
219000128,11,112,-101
219000129,18,114,-96
219000130,454,442,12
219000131,576,941,-365
219000133,47,48,-1
219000134,19,30,-11
219000135,26,53,-27
219000136,77,180,-103
219000138,58,15,43
219000139,15,41,-26
219000140,35,1,34
219000141,22,107,-85
219000142,18,64,-46
219000143,11,63,-52
219000145,20,48,-28
219000146,3,23,-20
219000147,2,31,-29
219000148,15,20,-5
219000149,9,63,-54
219000150,5,57,-52
219000151,6,36,-30
219000157,169,105,64
219000158,185,239,-54
219000161,107,15,92
219000163,1152,504,648
219000166,107,197,-90
219000167,98,163,-65
219000168,262,117,145
219000174,407,93,314
219000175,67,1,66
219000176,81,8,73
219000177,23,0,23
219000178,43,1,42
219000179,9,14,-5
219000180,30,34,-4
219000182,171,7,164
219000183,58,29,29
219000184,126,8,118
219000185,3,31,-28
219000186,73,36,37
219000187,26,48,-22
219000189,80,189,-109
219000190,72,185,-113
219000191,806,1291,-485
219000192,208,128,80
219000193,186,156,30
219000195,2,37,-35
219000196,7,100,-93
219000198,11,73,-62
219000199,55,207,-152
219000200,42,158,-116
219000201,72,202,-130
219000203,34,135,-101
219000204,94,218,-124
219000205,38,130,-92
219000207,167,219,-52
219000209,28,81,-53
219000210,31,69,-38
219000213,12,106,-94
219000239,162,197,-35
219000240,184,342,-158
219000241,122,137,-15
219000242,83,119,-36
219000243,72,223,-151
219000244,9,85,-76
219000245,43,53,-10
219000246,71,40,31
219000247,135,38,97
219000248,471,405,66
219000249,118,113,5
219000250,96,73,23
219000251,461,183,278
219000252,209,155,54
219000253,418,150,268
219000255,119,120,-1
219000256,204,103,101
219000257,98,1,97
219000262,114,122,-8
219000263,58,127,-69
219000267,3,62,-59
219000268,0,1,-1
219000269,3,3,0
219000270,19,0,19
219000271,140,0,140
219000278,14,7,7
219000279,8,3,5
219000283,0,14,-14
219000295,10,82,-72
219000296,63,347,-284
219000297,18,97,-79
219000298,16,85,-69
219000299,371,50,321
219000300,24,161,-137
219000301,238,285,-47
219000302,33,232,-199
219000307,45,31,14
219000308,51,30,21
219000311,225,52,173
219000312,623,183,440
219000313,337,47,290
219000314,62,315,-253
219000315,271,32,239
219000316,432,51,381
219000317,125,7,118
219000320,0,42,-42
219000321,0,11,-11
219000323,2,33,-31
219000325,2,17,-15
219000326,71,63,8
219000327,60,31,29
219000328,35,49,-14
219000329,298,99,199
219000330,36,25,11
219000331,31,57,-26
219000332,114,64,50
219000333,31,1,30
219000335,67,9,58
219000337,21,1,20
219000338,45,1,44
219000344,32,53,-21
219000345,45,74,-29
219000346,26,107,-81
219000348,147,62,85
219000349,51,145,-94
219000350,90,232,-142
219000351,5,9,-4
219000352,338,98,240
219000353,101,53,48
219000354,129,76,53
219000355,140,61,79
219000356,1025,1442,-417
219000363,249,71,178
219000364,82,45,37
219000365,103,20,83
219000366,227,359,-132
219000368,323,530,-207
219000370,1008,590,418
219000371,23,36,-13
219000382,12,27,-15
219000383,613,1048,-435
219000385,354,483,-129
219000386,663,1385,-722
219000387,5,15,-10
219000390,11,4,7
219000391,9,0,9
219000397,50,65,-15
219000398,53,74,-21
219000401,8,78,-70
219000402,21,78,-57
219000403,170,297,-127
219000404,17,125,-108
219000407,6,19,-13
219000409,52,32,20
219000410,91,34,57
219000411,76,13,63
219000446,111,277,-166
219000447,6,26,-20
219000448,18,8,10
219000452,114,94,20
219000453,77,179,-102
219000454,189,302,-113
219000556,220,91,129
219000558,137,128,9
219000590,23,113,-90
219000591,88,108,-20
219000592,92,316,-224
219000595,4,20,-16
219000635,164,53,111
219000636,39,87,-48
219000657,17,22,-5
219000658,20,112,-92
219000673,0,22,-22
219000676,28,0,28
219000679,31,8,23
219000684,85,1,84
219000685,1,34,-33
219000686,2,9,-7
219000688,0,66,-66
219000689,24,144,-120
219000690,129,14,115
219000691,63,159,-96
219000692,191,18,173
219000693,1,22,-21
219000694,6,0,6
219000695,23,3,20
219000698,36,2,34
219000699,0,11,-11
219000727,1,85,-84
219000728,117,1,116
219000770,28,1,27
219000771,2,20,-18
219000788,347,292,55
219001150,2,19,-17
219001151,1,0,1
219001166,49,25,24
219001167,5,53,-48
219001178,50,0,50
220000001,49,78,-29
220000002,13,83,-70
220000003,321,223,98
220000004,447,349,98
220000005,1111,1366,-255
220000006,242,694,-452
220000007,372,382,-10
220000008,328,667,-339
220000009,222,310,-88
220000010,233,81,152
220000011,520,2768,-2248
220000012,116,180,-64
220000014,111,57,54
220000015,80,222,-142
220000017,76,191,-115
220000018,3003,661,2342
220000019,90,278,-188
220000020,467,235,232
220000021,728,174,554
220000022,661,412,249
220000023,395,138,257
220000024,1408,472,936
220000025,569,1048,-479
220000026,245,332,-87
220000027,55,105,-50
220000028,55,52,3
220000029,64,93,-29
220000030,104,103,1
220000031,394,316,78
220000064,17,788,-771
221000046,6,0,6
221000047,0,1,-1
221000048,1,3,-2
221000049,0,9,-9
221000050,30,0,30
221000055,38,42,-4
221000068,250,128,122
221000069,262,61,201
221000070,209,30,179
221000071,91,6,85
221000072,224,13,211
221000073,138,45,93
221000074,0,13,-13
221000075,18,27,-9
221000076,4,29,-25
221000077,32,136,-104
221000081,62,13,49
221000082,84,6,78
221000083,28,10,18
221000084,7,3,4
221000085,15,45,-30
221000086,7,92,-85
221000087,4,131,-127
221000088,12,154,-142
221000089,27,206,-179
221000090,145,475,-330
221000098,87,17,70
221000099,157,20,137
221000100,109,9,100
221000101,305,19,286
221000103,7,16,-9
221000104,2,49,-47
221000107,54,9,45
221000108,39,24,15
221000111,25,200,-175
221000112,1,182,-181
221000113,11,168,-157
221000114,6,151,-145
221000120,26,33,-7
221000121,1,41,-40
221000122,44,33,11
221000123,11,22,-11
221000124,35,181,-146
221000155,61,6,55
221000156,71,32,39
221000175,0,14,-14
221000176,4,9,-5
221000182,58,17,41
221000241,614,277,337
221000242,143,398,-255
221000243,557,180,377
221000244,229,481,-252
221000245,91,135,-44
221000246,58,289,-231
221000247,97,124,-27
221000248,143,126,17
221000267,49,519,-470
221000325,103,71,32
221000331,18,44,-26
221000338,17,18,-1
221000378,151,32,119
221000381,41,46,-5
222000282,10,2,8
222000296,6,20,-14
222000568,275,18,257
222000569,146,52,94
222000570,105,31,74
222000571,273,17,256
222000577,9,123,-114
222000578,31,121,-90
222000579,46,126,-80
222000580,71,558,-487
222000599,0,95,-95
222000600,3,220,-217
222000601,3,668,-665
222000603,17,41,-24
222000604,12,36,-24
222000605,17,32,-15
222000606,4,15,-11
222000607,8,8,0
222000608,32,8,24
222000609,43,149,-106
222000616,280,19,261
222000617,26,20,6
222000618,14,5,9
222000620,33,13,20
222000621,79,17,62
222000623,534,13,521
222000624,328,6,322
222000625,504,9,495
222000636,74,5,69
222000686,80,25,55
222000687,44,16,28
222001066,196,0,196
222001067,17,0,17
222001068,28,16,12
222001069,31,13,18
222001082,9,31,-22
222001083,19,40,-21
222001084,0,42,-42
222001085,0,98,-98
222001111,26,118,-92
222001112,88,20,68
222001313,79,8,71
222001314,13,104,-91
222001464,179,70,109
222001465,43,112,-69
222001484,96,55,41
222001485,19,33,-14
222001494,405,145,260
222001495,88,202,-114
222001496,270,89,181
222001497,104,284,-180
222001502,22,68,-46
222001503,83,36,47
222001504,23,220,-197
222001505,293,13,280
222001506,43,301,-258
222001507,251,18,233
222001510,347,26,321
222001511,48,269,-221
222001514,495,124,371
222001515,180,427,-247
222001518,253,41,212
222001519,42,174,-132
222001527,162,53,109
222001528,34,158,-124
222001529,201,39,162
222001530,63,196,-133
222001533,82,227,-145
222001534,255,71,184
222001535,229,257,-28
222001536,74,185,-111
222001537,283,44,239
222001538,64,327,-263
222001563,722,74,648
222001564,68,450,-382
222001568,446,113,333
222001576,0,3,-3
222001579,2,9,-7
222001583,14,103,-89
222001584,89,17,72
222001596,585,981,-396
222001597,1761,348,1413
222001626,0,77,-77
222001650,94,97,-3
222001651,100,168,-68
222001914,155,61,94
222001915,43,192,-149
222001968,485,282,203
222001969,332,531,-199
222001970,180,233,-53
222001971,26,3,23
222001972,2,11,-9
225000001,354,141,213
225000002,462,130,332
225000003,470,61,409
225000004,296,135,161
225000005,88,57,31
225000006,0,164,-164
225000007,1132,1093,39
225000010,292,10,282
225000011,306,715,-409
225000012,190,422,-232
225000013,83,98,-15
225000014,602,74,528
225000015,77,123,-46
225000021,501,132,369
225000027,145,335,-190
225000032,579,85,494
225000042,58,469,-411
225000049,48,55,-7
225000050,82,14,68
225000053,5,267,-262
225000058,579,154,425
225000067,164,127,37
225000068,75,252,-177
225000069,107,379,-272
225000070,69,306,-237
225000071,35,118,-83
225000075,10,445,-435
225000076,64,104,-40
225000078,61,43,18
225000085,67,138,-71
225000086,219,76,143
225000087,116,5,111
225000088,12,149,-137
225000089,181,774,-593
225000090,64,298,-234
225000091,162,97,65
225000092,36,70,-34
225000093,123,235,-112
225000094,11,200,-189
225000095,262,322,-60
225000096,265,364,-99
225000098,517,285,232
225000099,305,153,152
225000100,263,142,121
225000104,105,327,-222
225000110,11,257,-246
225000111,204,718,-514
225000112,205,826,-621
225000113,157,534,-377
225000114,46,212,-166
225000115,1161,523,638
225000116,783,201,582
225000117,733,205,528
225000118,789,188,601
225000119,190,66,124
225000120,603,35,568
225000121,211,23,188
225000123,479,17,462
225000125,340,169,171
225000126,597,135,462
225000127,623,835,-212
225000128,517,587,-70
225000132,256,22,234
225000133,181,22,159
225000134,561,109,452
225000135,38,13,25
225000136,238,11,227
225000137,233,61,172
225000138,307,66,241
225000143,46,143,-97
225000144,3,229,-226
225000145,32,38,-6
225000146,33,86,-53
225000147,28,196,-168
225000148,5,138,-133
225000149,49,317,-268
225000151,43,134,-91
225000155,354,388,-34
225000156,160,689,-529
225000157,204,289,-85
225000158,78,198,-120
225000171,8,144,-136
225000180,78,36,42
225000181,0,51,-51
225000182,95,8,87
225000185,3,332,-329
225000187,33,315,-282
225000191,91,4,87
225000194,0,7,-7
225000208,1,24,-23
225000209,87,8,79
225000210,5,173,-168
225000217,0,11,-11
225000218,41,0,41
225000223,0,48,-48
225000224,136,1,135
225000225,0,29,-29
225000226,29,1,28
225000227,15,80,-65
225000228,14,6,8
225000229,0,53,-53
225000230,11,0,11
225000231,0,52,-52
225000232,124,1,123
225000241,89,5,84
225000242,1,35,-34
225000249,9,1,8
225000250,23,497,-474
225000251,310,18,292
226000042,253,383,-130
226000043,63,215,-152
226000044,126,374,-248
226000045,43,237,-194
226000046,297,93,204
226000047,331,134,197
226000048,287,90,197
226000049,285,167,118
226000070,0,40,-40
226000071,0,93,-93
226000072,0,23,-23
226000073,0,7,-7
226000074,0,4,-4
226000084,2,57,-55
226000085,1,9,-8
226000086,8,18,-10
226000087,4,5,-1
226000088,16,8,8
226000090,284,85,199
226000091,17,35,-18
226000092,11,3,8
226000093,33,6,27
226000094,17,6,11
226000095,13,14,-1
226000105,6,9,-3
226000106,7,0,7
226000107,2,1,1
226000108,43,0,43
226000109,66,1,65
226000124,113,52,61
226000134,624,452,172
226000135,1046,478,568
226000136,363,334,29
226000137,9,284,-275
226000138,12,197,-185
226000139,1,18,-17
226000156,164,3,161
226000157,163,9,154
226000163,112,137,-25
226000202,16,211,-195
226000231,417,6,411
226000232,27,3,24
227000033,346,88,258
227000036,258,50,208
227000037,276,38,238
227000038,305,38,267
227000049,0,17,-17
227000050,3,55,-52
227000055,104,1,103
227000056,44,0,44
227000084,2,50,-48
227000085,4,38,-34
227000088,43,1,42
227000089,151,8,143
227000090,36,5,31
227000091,32,6,26
227000093,152,0,152
227000094,39,1,38
227000130,40,76,-36
227000131,16,142,-126
227000132,9,151,-142
227000133,10,142,-132
227000134,17,211,-194
227000152,0,9,-9
227000153,0,66,-66
227000155,0,15,-15
227000156,1,15,-14
227000165,4,46,-42
227000196,220,158,62
227000199,225,228,-3
227000230,11,213,-202
227000232,283,10,273
227000242,55,359,-304
227000243,379,100,279
227000245,22,202,-180
227000246,106,342,-236
227000247,306,80,226
227000248,158,30,128
227000249,37,184,-147
227000250,415,211,204
227000251,94,200,-106
227000252,23,242,-219
227000253,133,19,114
227000262,289,61,228
227000266,892,34,858
227000267,32,869,-837
227000282,5,121,-116
227000284,295,23,272
227000286,2,50,-48
227000287,11,56,-45
227000291,20,265,-245
227000484,129,11,118
227000485,9,501,-492
227000655,123,7,116
227000656,383,17,366
227000657,73,13,60
227000661,130,13,117
227000680,115,52,63
229000265,11,33,-22
229000296,3,12,-9
229000297,2,16,-14
229000298,8,92,-84
229000320,6,6,0
229000321,49,3,46
229000412,18,41,-23
229000414,13,49,-36
229000415,21,3,18
229000416,1,4,-3
229000417,0,31,-31
229000419,108,214,-106
229000440,342,56,286
229000442,34,1,33
229000443,7,1,6
229000444,2,22,-20
229000445,45,9,36
229000446,43,20,23
229000847,59,3,56
229000848,17,0,17
229000849,156,5,151
229000851,33,0,33
229000854,0,19,-19
229000856,1,44,-43
229000857,0,18,-18
229000858,2,27,-25
229000919,20,61,-41
229000930,17,219,-202
229000937,90,9,81
229000966,44,25,19
229000981,22,33,-11
229000985,5,15,-10
229000986,1,3,-2
229000987,0,0,0
229000988,0,6,-6
229000989,5,5,0
229000990,0,1,-1
229000991,5,0,5
229000992,15,5,10
229000993,106,24,82
229000998,5,38,-33
229000999,64,14,50
229001034,1,5,-4
229001035,11,0,11
229001037,34,10,24
229001042,26,7,19
229001047,7,23,-16
229001050,29,25,4
229001200,11,1,10
229001338,6,34,-28
229001394,199,5,194
229001422,107,19,88
229001423,26,105,-79
229001431,49,47,2
229001432,41,47,-6
229001444,143,36,107
229001445,47,119,-72
229001503,179,99,80
229001504,109,147,-38
229001505,87,46,41
229001506,51,116,-65
229001509,33,13,20
229001545,71,7,64
229001546,17,99,-82
229001553,74,21,53
229001554,27,65,-38
229001559,4,7,-3
229001560,4,15,-11
229001630,31,9,22
229001631,17,19,-2
229001635,0,9,-9
229001636,9,1,8
229001658,2,126,-124
229001659,52,3,49
229001660,17,5,12
229001661,5,16,-11
229001662,23,0,23
229001663,0,32,-32
229002584,125,133,-8
229002831,113,103,10
229002841,8,20,-12
229002842,17,15,2
229002843,81,14,67
229002844,41,40,1
229002845,20,62,-42
229002846,32,14,18
229002847,3,6,-3
229002848,13,10,3
229002849,2,70,-68
229002850,7,4,3
229002851,16,101,-85
229002852,197,23,174
229002853,160,9,151
229002854,27,46,-19
229002855,12,26,-14
229002856,32,24,8
229002857,11,90,-79
229002858,25,8,17
229002859,17,76,-59
229002860,333,21,312
229002861,20,20,0
229002862,29,13,16
229002863,15,8,7
229002864,21,27,-6
229002865,16,7,9
229002866,22,12,10
229002867,5,7,-2
229002868,8,10,-2
229002869,15,92,-77
229002870,44,6,38
235000066,350,55,295
235000067,124,104,20
235000072,23,46,-23
235000073,63,271,-208
235000074,24,70,-46
235000080,19,99,-80
235000081,83,120,-37
235000082,200,55,145
235000083,150,82,68
235000084,47,52,-5
235000085,170,66,104
235000089,22,31,-9
235000092,19,117,-98
235000093,14,9,5
235000097,6,7,-1
235000098,65,13,52
235000099,16,9,7
235000116,55,17,38
235000117,598,8,590
235000133,10,347,-337
235000134,14,152,-138
235000206,9,4,5
235000207,2,1,1
235000208,7,6,1
235000209,9,1,8
235000210,7,2,5
235000212,5,22,-17
235000213,4,14,-10
235000220,1,8,-7
235000221,54,18,36
235000238,16,108,-92
235000239,6,27,-21
235000242,305,556,-251
235000245,633,142,491
235000246,12,47,-35
235000284,20,113,-93
235000295,209,10,199
235000305,288,28,260
235000306,236,15,221
235000307,20,2,18
235000308,26,1,25
235000309,55,1,54
235000310,17,0,17
235000311,107,9,98
235000322,1,18,-17
235000323,1,37,-36
235000324,1,28,-27
235000325,0,11,-11
235000326,6,144,-138
235000351,6,50,-44
235000352,13,17,-4
235000353,4,25,-21
235000354,8,35,-27
235000355,15,44,-29
235000356,149,9,140
235000357,47,7,40
235000358,302,15,287
235000359,24,7,17
235000360,37,23,14
235000361,85,16,69
235000381,58,168,-110
235000382,157,37,120
235000390,23,1,22
235000391,134,11,123
235000392,135,282,-147
235000393,75,125,-50
235000395,107,37,70
235000396,381,39,342
235000400,53,57,-4
235000401,24,125,-101
235000405,62,193,-131
235000406,47,232,-185
235000407,48,83,-35
235000409,196,134,62
235000410,34,225,-191
235000411,5,72,-67
235000485,0,4,-4
235000486,11,0,11
235000549,67,107,-40
235000550,122,178,-56
235000599,111,41,70
235000600,8,25,-17
235000601,20,21,-1
235000602,63,64,-1
235000614,3,2,1
235000648,0,9,-9
235000649,53,20,33
235000685,0,3,-3
235000815,24,53,-29
235000834,0,9,-9
235000855,37,96,-59
235000862,35,120,-85
235000891,0,7,-7
235000892,15,5,10
235000901,66,70,-4
235000907,2,18,-16
235001010,57,49,8
235001029,412,316,96
235001030,314,192,122
235001078,85,78,7
235001079,76,72,4
235001147,22,36,-14
235001166,19,58,-39
235001167,37,47,-10
235001169,24,274,-250
235001188,2,9,-7
235001189,5,1,4
235001197,17,30,-13
235001200,47,45,2
235001207,304,40,264
235001210,88,180,-92
235001215,44,204,-160
235001239,0,57,-57
235001244,0,6,-6
235016267,0,45,-45
277102712,2,1,1
277103813,2,2,0
277103814,0,0,0
277104249,0,3,-3
277104250,0,4,-4
277104251,0,6,-6
277104252,0,0,0
990011530,1,174,-173
990014944,2,351,-349
990015176,45,8,37
990015618,20,154,-134
990016032,0,251,-251
990032570,2,34,-32
990070001,65,2,63
990070103,0,9,-9
990070601,0,21,-21
990070751,673,1,672
990070766,0,366,-366
990071180,410,121,289
990071343,18,2,16
990071387,3,22,-19
990071823,2,1,1
990072600,3,842,-839
990072964,1,285,-284
990073285,0,3,-3
990074393,0,485,-485
990074870,1593,25,1568
990075106,1859,15,1844
990075746,543,7,536
990076437,1032,3,1029
990076458,1,527,-526
997000007,1010,18,992
997000041,1,126,-125
997000058,52,4,48
997000062,71,49,22
997000069,0,1,-1
997000070,0,19,-19
997000100,26,1,25
997000141,6,2175,-2169
997000198,309,2015,-1706
998000475,0,43,-43
998000736,0,137,-137
998000965,0,3,-3
998001031,0,82,-82
998001700,0,3,-3
998001899,0,2,-2
998001900,14,3,11
998003073,858,7,851
998101900,0,0,0
998102850,0,296,-296
998501927,1274,762,512
998501929,96,6,90
998501930,44,0,44
998501931,143,5,138
998501932,8,1,7
998501933,34,0,34
998501937,8,3,5
998501944,6,0,6
998501950,0,1,-1
998501970,58,2,56
998501971,0,81,-81
998501973,1,47,-46
998501974,1,220,-219
998501975,79,2,77
998501976,132,2,130
998501977,0,31,-31
998501978,9,1,8
998501979,0,6,-6
998501980,33,1,32
998501981,62,3,59
998501982,0,63,-63
998501983,0,6,-6
998502006,0,0,0
998502024,0,9,-9
998502032,0,0,0
998502062,18,0,18
998502063,0,0,0
998502173,108,0,108
998502269,0,1,-1
998502546,0,157,-157
998502578,0,3,-3
998502599,34,245,-211
998502621,0,3,-3
998601159,1,148,-147
998601292,0,21,-21
999033574,1,340,-339
999800001,107,65,42
999800002,0,5,-5
999800003,5,2,3
999800004,0,2,-2
999800005,0,0,0
