ID,insum,outsum,diff
100000001,531,871,-340
100000002,5404,971,4433
100000003,5639,3103,2536
100000004,1767,1106,661
100000005,2391,4149,-1758
100000006,824,129,695
100000007,2846,701,2145
100000008,318,452,-134
100000009,692,224,468
100000010,85,66,19
100000011,1170,97,1073
100000012,156,850,-694
100000013,48,170,-122
100000014,415,251,164
100000015,2146,2412,-266
100000016,1246,1312,-66
100000017,898,784,114
100000018,1680,508,1172
100000019,5200,2247,2953
100000020,1821,6265,-4444
100000021,5300,2285,3015
100000022,2688,1578,1110
100000023,6004,1425,4579
100000025,3181,907,2274
100000028,2615,900,1715
100000029,280,222,58
100000030,466,52,414
100000031,6417,7439,-1022
100000032,3108,4538,-1430
100000033,1219,2792,-1573
100000034,727,405,322
100000035,2089,1034,1055
100000036,2892,1465,1427
100000037,534,604,-70
100000038,2197,1126,1071
100000039,844,214,630
100000040,201,162,39
100000041,1084,458,626
100000042,1336,475,861
100000043,1337,476,861
100000044,566,814,-248
100000045,776,1217,-441
100000046,733,1183,-450
100000047,354,755,-401
100000048,689,651,38
100000049,2026,2114,-88
100000051,568,1136,-568
100000053,245,11,234
100000054,645,48,597
100000055,1896,229,1667
100000056,679,441,238
100000057,1969,694,1275
100000058,1019,1172,-153
100000059,33,96,-63
100000060,386,360,26
100000061,2309,612,1697
100000062,2003,662,1341
100000063,865,258,607
100000064,1648,351,1297
100000065,578,912,-334
100000066,448,701,-253
100000067,572,746,-174
100000068,537,1628,-1091
100000069,578,1652,-1074
100000072,388,1173,-785
100000073,1438,1232,206
100000075,846,282,564
100000076,5559,2635,2924
100000077,475,155,320
100000078,111,48,63
100000079,41,73,-32
100000080,37,50,-13
100000081,118,111,7
100000102,4160,1594,2566
100000103,6801,1030,5771
100000104,5243,2196,3047
100000105,3843,1217,2626
100000106,2740,2196,544
100000107,870,831,39
100000108,1317,979,338
100000109,4978,1182,3796
100000116,1943,890,1053
100000117,130,73,57
100000118,2642,791,1851
100000119,845,622,223
100000121,284,468,-184
100000122,1937,945,992
100000123,3860,5224,-1364
100000124,6302,7521,-1219
100000125,2860,1078,1782
100000126,1161,328,833
100000127,2427,374,2053
100000128,2269,1380,889
100000129,467,438,29
100000130,369,638,-269
100000131,2625,3325,-700
100000132,1241,2634,-1393
100000133,5931,2596,3335
100000135,507,869,-362
100000139,549,242,307
100000140,660,295,365
100000142,440,564,-124
100000143,1623,718,905
100000144,3949,772,3177
100000147,1066,2595,-1529
100000150,54,320,-266
100000151,1010,857,153
100000153,481,332,149
100000154,268,144,124
100000155,34,58,-24
100000156,357,160,197
100000157,102,81,21
100000158,271,61,210
100000159,724,438,286
100000165,1789,759,1030
100000169,875,391,484
100000174,1586,419,1167
100000179,125,599,-474
100000180,2828,1026,1802
100000181,568,249,319
100000188,69,299,-230
100000189,1094,302,792
100000190,1320,645,675
100000191,670,451,219
100000192,95,169,-74
100000193,217,147,70
100000330,1935,780,1155
100000355,439,555,-116
100000362,5783,3752,2031
100000363,3692,5005,-1313
100000364,376,170,206
100000365,4705,5089,-384
100000366,7173,2927,4246
100000367,5033,4474,559
100000368,2733,1737,996
100000369,1176,2038,-862
100000370,194,658,-464
100000376,202,114,88
100000379,4886,1426,3460
100000380,8479,2634,5845
100000384,6933,4559,2374
100000385,5638,3887,1751
100000386,9890,5387,4503
100000387,8407,4965,3442
100000388,9584,6301,3283
100000389,8947,6138,2809
100000390,9090,5200,3890
100000391,6501,6646,-145
100000392,5669,2837,2832
100000393,3236,3350,-114
100000394,11236,6055,5181
100000395,5551,2725,2826
100000396,11235,2942,8293
100000397,7193,3642,3551
100000398,12880,8391,4489
100000413,38,27,11
100900002,3,49,-46
100900003,287,179,108
100900004,16,528,-512
100900005,138,7,131
100900006,25,135,-110
100900007,426,11,415
100900008,4,316,-312
100900009,50,54,-4
100900010,65,124,-59
100900011,169,291,-122
100900012,2,204,-202
100900013,821,17,804
100900014,4,8,-4
100900015,128,99,29
100900016,7,39,-32
100900017,774,53,721
100900018,5,16,-11
100900019,17,115,-98
100900020,335,8,327
100900021,417,0,417
100900022,13,25,-12
100900023,7,32,-25
100900024,1001,4,997
100900025,5,19,-14
100900026,111,122,-11
100900027,349,2557,-2208
100900028,130,158,-28
100900029,72,10,62
100900030,2,25,-23
100900031,501,29,472
100900032,220,1,219
100900033,209,143,66
100900034,402,0,402
100900035,863,3,860
100900036,46,0,46
100900037,91,240,-149
100900038,248,27,221
100900039,326,690,-364
100900040,378,681,-303
100900041,622,725,-103
100900042,1092,261,831
100900043,0,17,-17
100900044,2571,569,2002
100900045,80,4,76
100900046,1068,13,1055
100900047,836,194,642
100900048,199,36,163
100900049,68,212,-144
100900050,0,23,-23
100900051,75,59,16
100900052,246,44,202
100900053,261,28,233
100900054,32,82,-50
100900055,255,567,-312
100900056,164,271,-107
100900057,452,1322,-870
100900058,312,38,274
100900059,119,2,117
100900060,120,12,108
100900061,435,346,89
100900062,3,57,-54
100900063,166,578,-412
100900064,733,22,711
100900065,140,79,61
100900066,115,163,-48
100900067,1,15,-14
100900068,113,82,31
100900069,1181,5,1176
100900070,209,4,205
100900071,740,318,422
100900072,5,58,-53
100900073,83,342,-259
100900074,8,6,2
100900075,1402,382,1020
100900076,9,25,-16
100900077,26,87,-61
100900078,134,428,-294
100900079,14,26,-12
100900080,34,183,-149
100900081,119,203,-84
100900082,74,674,-600
100900083,14,30,-16
100900085,11,64,-53
100900086,279,1079,-800
100900088,99,602,-503
100900089,0,21,-21
100900090,128,351,-223
100900091,0,19,-19
100900092,301,235,66
100900093,169,383,-214
100900094,88,537,-449
100900095,4,34,-30
100900096,26,89,-63
100900097,1,8,-7
100900098,31,11,20
100900099,36,642,-606
100900100,19,336,-317
100900101,347,62,285
100900102,7,34,-27
100900103,23,47,-24
100900104,9,180,-171
100900105,17,234,-217
100900106,58,0,58
100900107,1638,590,1048
100900108,5,6,-1
100900109,45,52,-7
100900110,6,31,-25
100900111,53,181,-128
100900112,2,11,-9
100900113,17,28,-11
100900114,11,17,-6
100900115,3,50,-47
100900116,634,972,-338
100900117,267,663,-396
100900118,33,42,-9
100900119,25,19,6
100900120,7,16,-9
100900121,184,751,-567
100900122,168,200,-32
100900123,109,154,-45
100900124,16,5,11
100900125,29,78,-49
100900126,132,161,-29
100900127,4,5,-1
100900128,75,176,-101
100900129,1,108,-107
100900131,67,223,-156
100900133,108,44,64
100900134,0,9,-9
100900135,0,118,-118
100900137,292,173,119
100900138,473,380,93
100900139,22,2,20
100900140,6,626,-620
100900141,2,332,-330
100900142,0,24,-24
100900143,759,365,394
100900144,13,4,9
100900145,33,137,-104
100900146,14,76,-62
100900147,26,221,-195
100900148,35,737,-702
100900149,25,100,-75
100900150,6,55,-49
100900151,130,418,-288
100900152,67,5,62
100900153,4,146,-142
100900154,9,24,-15
100900155,13,9,4
100900156,17,7,10
100900157,3,125,-122
100900159,1,17,-16
100900160,15,16,-1
100900161,98,9,89
100900162,29,244,-215
100900163,170,258,-88
100900164,31,57,-26
100900165,18,68,-50
100900166,28,5,23
100900167,26,74,-48
100900168,35,120,-85
100900169,141,789,-648
100900170,28,17,11
100900171,12,546,-534
100900172,0,11,-11
100900173,13,486,-473
100900174,556,46,510
100900176,1392,204,1188
100900177,672,368,304
100900178,523,106,417
100900179,100,103,-3
100900180,5,3,2
100900181,114,71,43
100900182,46,29,17
100900184,8,181,-173
100900186,620,580,40
100900187,7,146,-139
100900188,44,16,28
100900189,745,180,565
100900191,1455,980,475
100900192,443,278,165
100900195,196,105,91
100900197,19,63,-44
100900198,15,196,-181
100900199,5,7,-2
100900200,582,423,159
100900201,31,524,-493
100900202,57,1,56
100900203,8,86,-78
100900204,563,200,363
100900205,159,431,-272
100900206,118,69,49
100900207,200,108,92
100900210,77,638,-561
100900211,369,141,228
100900213,38,21,17
100900214,721,178,543
100900215,7,46,-39
100900217,129,120,9
101000001,5905,2545,3360
101000002,4248,4449,-201
101000003,786,1852,-1066
101000004,9355,8268,1087
101000005,4485,4888,-403
101000006,7028,7772,-744
101000007,2074,3222,-1148
101000008,6204,3118,3086
101000009,2041,1962,79
101000010,1106,1397,-291
101000011,2197,659,1538
101000012,1782,735,1047
101000013,607,1036,-429
101000014,629,790,-161
101000015,1194,852,342
101000016,559,417,142
101000017,703,467,236
101000018,5655,2734,2921
101000020,4520,1070,3450
101000021,1987,390,1597
101000022,385,73,312
101000023,2630,832,1798
101000025,229,399,-170
101000026,841,23,818
101000027,2685,1918,767
101000028,1347,229,1118
101000029,227,1134,-907
101000030,2017,89,1928
101000031,850,249,601
101000032,12015,3145,8870
101000033,3576,2783,793
101000034,4507,1489,3018
101000035,1146,376,770
101000036,2460,680,1780
101000037,5112,1600,3512
101000039,3404,2073,1331
101000040,4403,3375,1028
101000041,12058,5772,6286
101000042,837,890,-53
101000043,7991,5008,2983
101000045,2190,667,1523
101000046,5077,817,4260
101000047,2847,1552,1295
101000048,1055,873,182
101000049,1022,1159,-137
101000050,1855,1221,634
101000051,2412,1701,711
101000052,2322,677,1645
101000053,1478,2033,-555
101000054,1866,1457,409
101000055,1717,1501,216
101000056,73,152,-79
101000057,3028,850,2178
101000058,2005,1055,950
101000059,4886,1767,3119
101000060,2084,679,1405
101000061,1247,1373,-126
101000062,1003,711,292
101000063,1048,832,216
101000064,2008,787,1221
101000065,587,405,182
101000066,907,556,351
101000067,1420,607,813
101000068,604,369,235
101000069,703,70,633
101000070,1504,789,715
101000071,2097,880,1217
101000072,927,3874,-2947
101000073,861,674,187
101000074,6793,2972,3821
101000075,6270,2738,3532
101000077,967,839,128
101000078,887,2096,-1209
101000079,688,434,254
101000080,750,402,348
101000081,1416,1437,-21
101000082,3998,3566,432
101000083,2245,2341,-96
101000084,1439,1155,284
101000085,1581,1277,304
101000086,1057,1161,-104
101000087,910,1388,-478
101000088,945,1203,-258
101000089,925,1604,-679
101000090,2293,1648,645
101000091,436,1425,-989
101000092,814,1292,-478
101000093,1578,903,675
101000094,722,1446,-724
101000095,296,767,-471
101000096,428,607,-179
101000097,1797,363,1434
101000098,1092,547,545
101000099,1596,1529,67
101000100,1291,735,556
101000101,442,341,101
101000102,1745,460,1285
101000103,1197,501,696
101000104,364,574,-210
101000105,1397,399,998
101000106,1157,541,616
101000107,151,386,-235
101000108,1067,448,619
101000109,251,55,196
101000110,38,695,-657
101000111,208,221,-13
101000113,268,774,-506
101000114,9648,2684,6964
101000115,257,321,-64
101000116,227,313,-86
101000117,887,440,447
101000119,158,59,99
101000120,290,42,248
101000121,91,44,47
101000122,203,79,124
101000123,114,58,56
101000124,441,160,281
101000125,307,546,-239
101000128,1404,345,1059
101000130,282,306,-24
101000131,766,617,149
101000132,530,1475,-945
101000135,114,27,87
101000136,704,95,609
101000137,31,338,-307
101000141,2517,2804,-287
101000147,1054,607,447
101000148,2632,28,2604
101000149,276,258,18
101000150,65,814,-749
101000151,173,54,119
101000152,330,414,-84
101000153,524,375,149
101000154,247,1318,-1071
101000155,176,147,29
101000156,30,244,-214
101000157,43,24,19
101000160,145,116,29
101000163,284,166,118
101000164,665,464,201
101000165,261,397,-136
101000166,290,402,-112
101000168,861,353,508
101000252,1811,1060,751
101000254,597,41,556
101000258,36,7,29
101000261,173,15,158
101000262,1270,1450,-180
101000263,263,723,-460
101000265,84,690,-606
101000266,507,278,229
101000269,139,13,126
101000290,1781,3198,-1417
101000293,14,99,-85
101000294,574,494,80
101000295,153,612,-459
101000301,997,368,629
101000304,2425,2653,-228
101000305,3614,1875,1739
101000328,179,410,-231
101900001,42,74,-32
101900002,0,22,-22
101900003,72,93,-21
101900004,12,42,-30
101900005,4889,1604,3285
101900006,811,34,777
101900007,702,114,588
101900008,148,302,-154
101900009,58,539,-481
101900010,991,663,328
101900011,343,1651,-1308
101900012,127,396,-269
101900013,1303,158,1145
101900017,29,117,-88
101900018,1616,281,1335
101900019,282,111,171
101900020,60,69,-9
101900021,4,51,-47
101900022,115,1269,-1154
101900023,112,204,-92
101900026,104,37,67
101900027,21,90,-69
102000001,4523,4165,358
102000002,3648,1342,2306
102000003,3835,6061,-2226
102000004,8234,3193,5041
102000005,1634,2404,-770
102000006,2006,2087,-81
102000007,1758,5086,-3328
102000008,6154,2042,4112
102000009,5742,7708,-1966
102000010,6045,4558,1487
102000011,3321,2541,780
102000012,4301,4001,300
102000018,3137,3006,131
102000019,2817,1810,1007
102000026,317,1027,-710
102000029,311,242,69
102000030,110,351,-241
102000031,69,195,-126
102000032,412,411,1
102000033,212,444,-232
102000034,493,474,19
102000035,845,655,190
102000036,24,406,-382
102000037,254,101,153
102000038,235,246,-11
102000039,235,82,153
102000040,635,167,468
102000041,250,357,-107
102000042,336,201,135
102000043,481,227,254
102000044,884,576,308
102000045,809,1284,-475
102000046,1110,651,459
102000047,713,1365,-652
102000048,275,920,-645
102000049,1105,749,356
102000050,1220,1233,-13
102000051,470,743,-273
102000052,1780,881,899
102000053,1061,950,111
102000054,569,874,-305
102000055,894,999,-105
102000056,720,1733,-1013
102000057,1635,694,941
102000058,1102,1925,-823
102000059,1673,1839,-166
102000060,1691,1055,636
102000061,1666,2206,-540
102000062,1547,1254,293
102000063,1187,1620,-433
102000064,690,847,-157
102000065,31,124,-93
102000066,1135,1329,-194
102000067,2720,3851,-1131
102000068,11904,3638,8266
102000069,73,2001,-1928
102000070,2677,46,2631
102000071,10365,10751,-386
102000072,3787,5500,-1713
102000073,1338,1477,-139
102000074,992,859,133
102000075,218,395,-177
102000076,313,600,-287
102000077,496,1300,-804
102000078,930,1131,-201
102000079,149,329,-180
102000080,287,311,-24
102000081,365,826,-461
102000082,775,336,439
102000083,532,424,108
102000084,225,355,-130
102000085,1629,1232,397
102000086,973,1353,-380
102000087,916,1753,-837
102000088,364,274,90
102000089,1085,456,629
102000090,476,1293,-817
102000091,1826,521,1305
102000092,451,1227,-776
102000093,834,876,-42
102000094,1095,731,364
102000095,1115,1185,-70
102000096,959,979,-20
102000097,909,992,-83
102000098,671,994,-323
102000099,989,660,329
102000100,1004,1297,-293
102000101,1391,744,647
102000102,376,2400,-2024
102000103,1418,321,1097
102000104,937,324,613
102000105,280,679,-399
102000106,644,811,-167
102000107,1124,592,532
102000108,669,268,401
102000109,722,649,73
102000110,780,1651,-871
102000111,9,334,-325
102000112,173,101,72
102000113,21,50,-29
102000114,923,371,552
102000115,197,279,-82
102000116,870,344,526
102000117,358,518,-160
102000118,1781,1134,647
102000119,2310,733,1577
102000120,283,373,-90
102000121,965,465,500
102000122,438,866,-428
102000123,1451,979,472
102000124,962,1117,-155
102000125,762,1163,-401
102000126,634,623,11
102000127,1112,796,316
102000128,692,743,-51
102000129,1617,759,858
102000130,742,490,252
102000131,1447,569,878
102000132,678,478,200
102000133,1460,2001,-541
102000134,532,681,-149
102000135,761,1004,-243
102000136,974,581,393
102000137,860,662,198
102000138,213,391,-178
102000139,163,326,-163
102000140,683,202,481
102000141,179,466,-287
102000142,180,352,-172
102000143,120,420,-300
102000144,233,395,-162
102000145,356,450,-94
102000146,330,247,83
102000147,384,397,-13
102000148,170,366,-196
102000149,136,511,-375
102000150,224,175,49
102000151,134,311,-177
102000152,157,227,-70
102000153,1129,475,654
102000154,387,691,-304
102000155,97,314,-217
102000156,405,82,323
102000157,129,249,-120
102000158,570,458,112
102000159,1249,421,828
102000161,3712,1753,1959
102000162,240,142,98
102000163,77,456,-379
102000164,998,1094,-96
102000165,287,108,179
102000166,62,160,-98
102000167,241,168,73
102000168,211,114,97
102000169,108,676,-568
102000170,698,157,541
102000171,235,95,140
102000172,264,329,-65
102000173,530,246,284
102000174,73,84,-11
102000175,133,135,-2
102000176,63,33,30
102000178,453,493,-40
102000179,636,254,382
102000180,719,526,193
102000181,577,581,-4
102000182,479,582,-103
102000183,1431,1851,-420
102000184,1644,899,745
102000185,2168,1514,654
102000186,1031,2044,-1013
102000187,743,1581,-838
102000188,687,1416,-729
102000189,2549,1052,1497
102000190,623,2767,-2144
102000191,1204,582,622
102000192,1070,1392,-322
102000193,54,158,-104
102000194,90,171,-81
102000195,510,522,-12
102000196,186,441,-255
102000197,604,390,214
102000198,226,803,-577
102000199,741,329,412
102000200,293,990,-697
102000201,785,430,355
102000202,3,99,-96
102000203,404,259,145
102000204,402,893,-491
102000205,1020,591,429
102000206,835,671,164
102000207,1290,475,815
102000208,505,487,18
102000209,64,44,20
102000210,262,491,-229
102000211,652,349,303
102000212,304,7,297
102000213,12,320,-308
102000214,175,7,168
102000215,4,384,-380
102000216,52,60,-8
102000217,14,141,-127
102000218,235,133,102
102000219,381,274,107
102000225,841,757,84
102000226,4046,1201,2845
102000227,113,2,111
102000228,1,107,-106
102000229,12,25,-13
102000230,297,548,-251
102000231,224,483,-259
102000232,21,265,-244
102000233,502,984,-482
102000234,83,1161,-1078
102000236,277,85,192
102000237,855,150,705
102000238,188,327,-139
102000240,768,637,131
102000241,190,119,71
102000243,29,90,-61
102000245,45,167,-122
102000246,32,34,-2
102000247,1349,1063,286
102000248,796,964,-168
102000249,127,197,-70
102000250,84,489,-405
102000254,95,342,-247
102000266,25,170,-145
102000271,18,0,18
102000286,426,413,13
102000297,1784,1124,660
102000299,0,0,0
102000301,0,0,0
102000303,0,0,0
102000305,0,0,0
102000307,0,6,-6
102900001,1073,1079,-6
102900002,388,42,346
102900003,61,206,-145
102900005,274,402,-128
102900006,501,207,294
102900007,470,46,424
102900008,221,60,161
102900009,566,197,369
102900010,681,512,169
102900011,1977,319,1658
102900012,370,73,297
102900013,23,74,-51
102900015,638,343,295
102900016,49,119,-70
102900017,124,591,-467
102900018,25,157,-132
102900019,277,410,-133
102900020,94,33,61
102900021,19,160,-141
102900022,595,102,493
102900023,12,62,-50
102900024,20,52,-32
102900025,282,126,156
102900026,556,1738,-1182
102900027,64,85,-21
102900028,191,756,-565
102900029,107,150,-43
102900030,477,337,140
102900031,171,146,25
102900032,56,93,-37
102900033,83,184,-101
102900034,437,115,322
102900035,124,298,-174
102900036,273,595,-322
102900037,272,697,-425
102900038,449,671,-222
102900039,12,467,-455
102900040,96,270,-174
102900041,78,228,-150
102900042,149,332,-183
102900043,126,252,-126
102900044,616,2083,-1467
102900045,115,530,-415
102900046,149,227,-78
102900047,79,573,-494
102900048,656,710,-54
102900049,105,336,-231
102900050,257,376,-119
102900051,215,178,37
102900053,404,795,-391
102900054,785,958,-173
102900055,88,165,-77
102900056,158,472,-314
102900057,5,48,-43
102900058,226,66,160
102900059,17,52,-35
102900060,116,437,-321
102900061,147,509,-362
102900062,141,1062,-921
102900063,1227,432,795
102900064,159,409,-250
102900065,1968,544,1424
102900066,347,35,312
102900068,116,97,19
102900070,136,556,-420
102900072,18,42,-24
102900073,148,12,136
102900075,48,29,19
102900076,306,78,228
102900077,33,42,-9
102900078,38,77,-39
102900079,186,20,166
102900080,358,60,298
102900081,70,186,-116
102900082,10,234,-224
102900083,280,19,261
102900084,7,23,-16
102900085,287,118,169
102900086,17,56,-39
102900087,88,127,-39
102900088,35,20,15
102900089,343,144,199
102900090,1,342,-341
102900091,169,3,166
102900092,244,872,-628
102900094,0,64,-64
102900095,81,1,80
102900096,29,14,15
102900097,6,130,-124
103000001,2524,3244,-720
103000002,2843,2744,99
103000003,4243,3078,1165
103000004,945,835,110
103000005,2120,3716,-1596
103000006,732,1757,-1025
103000007,425,818,-393
103000008,1262,930,332
103000009,1221,1149,72
103000010,209,154,55
103000011,1626,1457,169
103000012,1208,1609,-401
103000013,5802,2409,3393
103000014,1271,2791,-1520
103000015,2069,779,1290
103000016,534,1525,-991
103000017,232,471,-239
103000018,960,478,482
103000019,241,272,-31
103000020,3250,1545,1705
103000021,1953,1574,379
103000022,1078,1226,-148
103000023,603,1882,-1279
103000024,76,249,-173
103000025,103,704,-601
103000026,1524,180,1344
103000027,332,529,-197
103000028,515,453,62
103000029,264,266,-2
103000030,1926,807,1119
103000031,1756,2399,-643
103000032,2056,2191,-135
103000033,2835,3173,-338
103000034,1717,1132,585
103000035,420,1583,-1163
103000036,429,603,-174
103000037,680,539,141
103000038,459,1214,-755
103000039,388,552,-164
103000040,540,1186,-646
103000041,1802,2945,-1143
103000042,1289,692,597
103000043,497,1174,-677
103000044,143,224,-81
103000046,213,506,-293
103000047,656,736,-80
103000048,142,190,-48
103000049,72,214,-142
103000050,702,545,157
103000051,427,578,-151
103000052,803,360,443
103000053,198,634,-436
103000054,2452,1307,1145
103000055,2026,2363,-337
103000056,669,2217,-1548
103000057,521,358,163
103000058,541,828,-287
103000059,473,818,-345
103000060,1081,727,354
103000061,470,1010,-540
103000062,947,635,312
103000063,631,801,-170
103000064,164,253,-89
103000065,4,417,-413
103000066,194,10,184
103000069,372,514,-142
103000070,914,1002,-88
103000071,931,471,460
103000072,126,790,-664
103000073,536,150,386
103000074,639,92,547
103000075,105,753,-648
103000076,457,342,115
103000077,87,377,-290
103000078,2110,583,1527
103000079,1288,709,579
103000080,1600,444,1156
103000081,724,1123,-399
103000082,500,206,294
103000083,114,323,-209
103000084,179,7,172
103000085,2,158,-156
103000086,1056,479,577
103000087,199,697,-498
103000088,537,387,150
103000089,324,585,-261
103000090,1951,783,1168
103000091,619,526,93
103000092,313,317,-4
103000093,286,498,-212
103000094,190,79,111
103000095,55,395,-340
103000096,635,58,577
103000097,105,768,-663
103000098,1264,169,1095
103000099,540,572,-32
103000100,98,779,-681
103000101,861,126,735
103000102,83,685,-602
103000103,671,197,474
103000104,42,110,-68
103000105,159,139,20
103000106,8,104,-96
103000107,249,93,156
103000108,1165,616,549
103000109,457,347,110
103000110,421,389,32
103000111,641,402,239
103000112,481,272,209
103000113,1143,697,446
103000114,2247,414,1833
103000115,489,516,-27
103000116,478,516,-38
103000117,292,460,-168
103000118,1189,942,247
103000119,1739,739,1000
103000120,209,153,56
103000121,1117,1011,106
103000122,929,746,183
103000125,6,338,-332
103000126,514,6,508
103000127,0,180,-180
103000128,148,3,145
103000129,1,95,-94
103000130,61,28,33
103000131,127,79,48
103000132,94,137,-43
103000133,12,63,-51
103000134,939,826,113
103000135,683,371,312
103000136,897,511,386
103000137,730,695,35
103000138,950,848,102
103000139,4,60,-56
103000140,157,27,130
103000141,55,133,-78
103000142,167,76,91
103000143,93,249,-156
103000144,266,78,188
103000145,64,27,37
103000150,67,63,4
103000152,386,248,138
103000153,341,192,149
103000156,4,404,-400
103000157,339,8,331
103000159,225,66,159
103000162,193,49,144
103000163,46,51,-5
103000164,74,17,57
103000165,140,416,-276
103000166,204,288,-84
103000167,194,104,90
103000168,88,184,-96
103000169,165,509,-344
103000170,683,576,107
103000171,35,90,-55
103000172,359,393,-34
103000173,365,587,-222
103000174,149,363,-214
103000175,191,372,-181
103000176,809,558,251
103000177,591,511,80
103000178,232,382,-150
103000179,96,54,42
103000183,78,24,54
103000185,95,72,23
103000186,141,213,-72
103000187,403,563,-160
103000188,5,79,-74
103000189,1571,879,692
103000191,591,652,-61
103000292,1912,1445,467
103000293,994,1778,-784
103000295,132,90,42
103000296,441,3,438
103000297,70,18,52
103000504,78,7,71
103000505,14,16,-2
103000506,2,282,-280
103000507,188,0,188
103000508,89,45,44
103000509,230,601,-371
103900001,5,340,-335
103900002,1645,155,1490
103900003,1890,157,1733
103900004,81,2,79
103900005,0,243,-243
103900006,0,1,-1
103900007,38,10,28
103900008,28,1,27
103900009,254,428,-174
103900010,169,297,-128
103900011,221,174,47
103900012,8,14,-6
103900013,34,87,-53
103900014,31,24,7
103900015,53,10,43
103900016,232,189,43
103900017,30,92,-62
103900018,722,199,523
103900019,41,260,-219
103900020,205,421,-216
103900021,854,95,759
103900022,1026,689,337
103900023,117,0,117
103900024,104,421,-317
103900025,12,43,-31
103900026,63,0,63
103900027,677,303,374
103900028,17,275,-258
103900029,1093,166,927
103900030,443,75,368
103900031,24,4,20
103900032,80,67,13
103900033,168,9,159
103900034,18,184,-166
103900035,54,47,7
103900036,30,13,17
103900037,79,55,24
103900038,71,207,-136
103900039,53,386,-333
103900040,13,211,-198
103900041,36,43,-7
103900042,32,363,-331
103900043,120,64,56
103900044,161,268,-107
103900045,293,203,90
103900047,58,18,40
103900048,90,27,63
103900049,199,1190,-991
103900050,11,93,-82
103900051,0,20,-20
103900052,184,481,-297
103900053,176,810,-634
103900054,103,537,-434
103900055,459,235,224
103900056,31,57,-26
103900057,39,235,-196
103900058,248,755,-507
103900059,0,5,-5
103900060,62,242,-180
103900061,113,36,77
103900062,212,87,125
103900063,16,1,15
103900064,104,2,102
103900065,728,411,317
103900066,139,18,121
103900067,124,4,120
103900068,12,0,12
103900069,99,8,91
103900070,136,236,-100
103900071,13,116,-103
103900072,9,219,-210
103900073,25,28,-3
103900074,66,143,-77
103900075,200,120,80
103900076,316,676,-360
103900077,75,124,-49
103900078,280,150,130
103900079,91,212,-121
103900080,6,27,-21
103900081,119,29,90
103900082,6,125,-119
103900083,1813,1006,807
103900084,61,122,-61
103900085,63,125,-62
103900086,523,301,222
103900088,354,429,-75
103900089,28,165,-137
103900090,2,216,-214
103900091,1165,267,898
103900092,961,410,551
103900093,107,309,-202
103900094,8,142,-134
103900095,642,201,441
103900096,22,231,-209
103900097,1,520,-519
103900098,196,122,74
103900099,57,263,-206
103900100,157,487,-330
103900101,56,1241,-1185
103900102,2,36,-34
103900104,1,35,-34
103900105,108,193,-85
103900106,0,19,-19
103900107,87,273,-186
103900108,38,362,-324
103900109,64,110,-46
103900110,221,54,167
103900111,82,618,-536
103900112,7,56,-49
103900113,104,220,-116
103900114,463,259,204
103900115,224,198,26
103900116,5866,2403,3463
103900117,132,111,21
103900119,26,69,-43
103900120,42,87,-45
103900122,79,245,-166
103900123,1753,640,1113
103900124,44,541,-497
103900125,135,101,34
103900126,425,567,-142
103900127,146,489,-343
103900128,80,161,-81
103900131,38,136,-98
103900133,903,59,844
103900134,0,3,-3
103900135,4,4,0
103900137,0,44,-44
103900138,76,344,-268
103900139,253,1392,-1139
103900140,10,78,-68
103900141,253,74,179
103900142,135,159,-24
103900143,29,5,24
103900144,0,46,-46
103900145,153,311,-158
103900146,315,280,35
103900147,487,119,368
103900148,191,210,-19
103900149,230,720,-490
103900150,6943,3360,3583
103900151,44,138,-94
103900152,454,518,-64
103900153,15,0,15
103900154,1006,1800,-794
103900155,29,249,-220
103900156,28,173,-145
103900157,26,289,-263
103900158,59,185,-126
103900159,145,57,88
103900160,70,36,34
103900161,83,204,-121
103900162,57,193,-136
103900163,3,492,-489
103900167,8,93,-85
103900168,112,110,2
103900169,42,39,3
103900170,1,136,-135
103900171,1,42,-41
103900172,10,23,-13
103900173,14,20,-6
103900174,108,73,35
103900175,42,40,2
103900176,15,32,-17
103900177,11,49,-38
103900178,48,79,-31
103900179,33,147,-114
103900180,16,72,-56
103900181,73,43,30
103900182,48,18,30
103900184,460,74,386
103900185,260,240,20
103900187,31,60,-29
103900188,33,23,10
103900189,84,0,84
103900190,60,53,7
103900191,22,47,-25
103900192,16,54,-38
103900193,105,134,-29
103900194,77,244,-167
103900195,11,91,-80
103900196,23,34,-11
103900197,4,17,-13
103900198,8,49,-41
103900199,121,50,71
103900200,123,122,1
103900201,127,181,-54
103900202,2,33,-31
103900203,41,36,5
103900204,0,126,-126
103900207,1,108,-107
103900208,82,0,82
103900209,26,87,-61
103900210,36,20,16
103900211,431,506,-75
103900212,64,426,-362
103900213,161,279,-118
103900214,334,187,147
103900215,599,383,216
103900216,10,398,-388
103900217,407,81,326
103900218,1,434,-433
103900219,207,371,-164
103900233,55,1,54
103900235,54,22,32
103900236,26,0,26
103900242,20,37,-17
103900243,11,13,-2
103900244,75,331,-256
103900245,56,194,-138
103900246,87,60,27
103900247,57,113,-56
103900248,72,75,-3
103900249,70,44,26
103900250,81,31,50
103900251,3,43,-40
103900253,97,92,5
103900254,22,57,-35
103900255,88,37,51
103900256,58,107,-49
103900257,206,340,-134
103900258,68,5,63
103900259,164,3,161
103900261,4,4,0
103900262,39,5,34
103900263,62,97,-35
103900264,81,58,23
103900265,167,56,111
103900266,3,61,-58
103900267,2,57,-55
103900268,13,90,-77
103900269,129,43,86
103900270,46,160,-114
103900271,27,151,-124
103900272,79,89,-10
103900273,24,72,-48
103900274,58,12,46
103900275,30,6,24
103900276,4,92,-88
103900277,5,96,-91
103900278,11,52,-41
103900279,5,23,-18
103900280,2,110,-108
104000001,2262,2140,122
104000002,1915,3527,-1612
104000003,2501,2453,48
104000004,3010,3243,-233
104000005,1365,2016,-651
104000006,3403,3263,140
104000007,4759,4666,93
104000008,418,438,-20
104000009,169,155,14
104000010,157,238,-81
104000011,695,403,292
104000012,161,424,-263
104000013,218,164,54
104000014,293,741,-448
104000015,294,171,123
104000016,577,494,83
104000018,667,220,447
104000019,587,160,427
104000020,198,672,-474
104000021,351,732,-381
104000022,172,287,-115
104000023,522,460,62
104000024,194,448,-254
104000026,71,421,-350
104000027,338,437,-99
104000028,431,306,125
104000029,527,544,-17
104000030,307,266,41
104000031,1001,378,623
104000032,213,358,-145
104000033,533,537,-4
104000034,312,378,-66
104000035,856,475,381
104000036,773,610,163
104000037,227,266,-39
104000038,338,413,-75
104000039,185,325,-140
104000040,323,452,-129
104000041,590,379,211
104000042,271,455,-184
104000043,347,490,-143
104000044,290,811,-521
104000045,1197,1214,-17
104000046,1488,1698,-210
104000047,913,1280,-367
104000048,977,1801,-824
104000049,580,367,213
104000050,178,700,-522
104000051,153,636,-483
104000052,1445,1781,-336
104000053,915,700,215
104000054,518,556,-38
104000055,4408,2668,1740
104000056,1508,193,1315
104000057,158,481,-323
104000058,788,862,-74
104000059,620,1276,-656
104000060,1162,1295,-133
104000061,1841,1186,655
104000062,273,156,117
104000064,577,400,177
104000065,181,617,-436
104000069,1552,987,565
104000070,76,448,-372
104000071,144,482,-338
104000072,428,245,183
104000075,52,255,-203
104000076,526,68,458
104000082,2293,3312,-1019
104000083,751,211,540
104000084,156,563,-407
104000085,297,258,39
104000086,202,434,-232
104000087,492,1454,-962
104000090,652,1510,-858
104000092,941,2651,-1710
104000094,872,1908,-1036
104000095,2103,1497,606
104000096,1523,319,1204
104000097,1756,957,799
104000098,1502,1168,334
104000100,1493,640,853
104000101,1203,2329,-1126
104000106,96,626,-530
104000107,535,587,-52
104000108,353,534,-181
104000109,263,95,168
104000110,947,1143,-196
104000111,4073,2287,1786
104000112,2373,655,1718
104000116,1,1299,-1298
104000117,123,758,-635
104000118,584,295,289
104000119,467,245,222
104000120,186,823,-637
104000121,216,732,-516
104000122,590,805,-215
104000123,1042,1270,-228
104000124,950,2939,-1989
104000125,3939,3751,188
104000126,343,455,-112
104000127,1699,3495,-1796
104000128,730,467,263
104000129,454,26,428
104000130,16,294,-278
104000131,907,560,347
104000132,913,753,160
104000133,1231,957,274
104000134,950,1863,-913
104000135,446,1708,-1262
104000136,761,3224,-2463
104000137,1515,398,1117
104000138,1114,478,636
104000139,6993,3182,3811
104000141,1264,1618,-354
104000142,792,844,-52
104000143,570,597,-27
104000144,82,216,-134
104000145,357,209,148
104000146,390,724,-334
104000147,140,378,-238
104000148,237,146,91
104000149,154,371,-217
104000150,922,460,462
104000151,432,509,-77
104000152,526,608,-82
104000153,483,528,-45
104000154,1151,725,426
104000155,377,492,-115
104000157,1141,1643,-502
104000158,510,422,88
104000159,698,463,235
104000160,1653,1818,-165
104000161,240,191,49
104000162,58,129,-71
104000165,1414,1163,251
104000167,526,919,-393
104000168,528,14,514
104000169,84,42,42
104000170,580,577,3
104000248,306,799,-493
104000251,88,324,-236
104000272,0,0,0
104000273,0,0,0
104000274,0,0,0
104000275,0,0,0
104000279,652,463,189
104000290,137,354,-217
104000291,826,1275,-449
104000293,886,703,183
104000294,17,0,17
104000295,818,895,-77
104000296,417,904,-487
104000297,919,1847,-928
104000298,2042,917,1125
104000299,700,1746,-1046
104900001,149,423,-274
104900002,21,158,-137
104900003,71,297,-226
104900004,79,307,-228
104900005,224,191,33
104900006,213,73,140
104900007,221,202,19
104900009,156,386,-230
104900010,45,42,3
104900011,19,4,15
104900012,198,42,156
104900013,110,20,90
104900014,3214,381,2833
104900015,127,6,121
104900016,194,234,-40
104900017,244,153,91
104900018,12,181,-169
104900019,448,2653,-2205
104900020,44,210,-166
104900021,0,285,-285
104900022,5,134,-129
104900023,1,128,-127
104900024,32,101,-69
104900025,45,274,-229
104900026,1,131,-130
104900027,420,273,147
104900028,10,114,-104
104900029,46,115,-69
104900030,577,221,356
104900031,129,277,-148
104900032,26,146,-120
104900033,118,271,-153
104900034,353,117,236
104900035,274,134,140
104900036,185,62,123
104900037,65,264,-199
104900038,506,632,-126
104900039,958,390,568
104900040,336,78,258
104900041,214,189,25
104900042,145,278,-133
104900043,10,104,-94
104900044,371,232,139
104900045,411,55,356
104900046,123,82,41
104900047,298,123,175
104900048,196,71,125
104900049,24,32,-8
104900050,267,73,194
104900051,252,47,205
104900052,38,2,36
104900053,391,93,298
104900054,98,36,62
104900055,56,0,56
104900056,146,21,125
104900057,33,1,32
104900058,677,124,553
104900059,226,45,181
104900060,0,433,-433
104900061,219,611,-392
104900063,0,102,-102
104900064,0,88,-88
104900065,1,183,-182
104900066,1,232,-231
104900067,6,342,-336
104900068,16,255,-239
104900070,210,277,-67
104900071,2,673,-671
104900072,51,289,-238
104900073,28,177,-149
104900074,46,226,-180
104900075,33,43,-10
104900076,83,291,-208
104900077,1083,137,946
104900078,180,590,-410
104900079,109,453,-344
104900080,98,452,-354
104900082,14,427,-413
104900085,1,225,-224
104900087,353,3,350
104900089,131,3,128
104900090,666,504,162
104900091,464,600,-136
104900093,238,593,-355
104900097,2549,1562,987
104900098,76,52,24
104900099,277,600,-323
104900100,519,242,277
104900102,20,193,-173
104900103,389,61,328
104900104,2862,1459,1403
104900106,59,150,-91
104900107,65,240,-175
104900108,16,254,-238
104900109,96,258,-162
104900110,5,63,-58
104900111,99,86,13
104900112,208,810,-602
104900113,539,361,178
104900114,309,464,-155
104900115,539,441,98
104900116,201,239,-38
104900118,11,74,-63
104900119,0,30,-30
104900120,63,153,-90
104900121,0,84,-84
104900122,11,94,-83
104900123,47,14,33
104900124,50,0,50
104900125,496,2,494
104900126,62,46,16
104900127,32,91,-59
104900128,106,222,-116
104900129,2231,1691,540
105000001,2765,1803,962
105000002,2486,1889,597
105000003,4009,3744,265
105000004,618,1263,-645
105000005,831,1248,-417
105000006,1228,1605,-377
105000007,1301,1556,-255
105000008,2149,2997,-848
105000009,2037,3301,-1264
105000010,3311,2904,407
105000011,2557,2503,54
105000012,4561,3487,1074
105000013,888,1227,-339
105000014,1614,2332,-718
105000015,8728,9915,-1187
105000016,4045,2383,1662
105000017,2119,1071,1048
105000018,1603,1744,-141
105000019,1889,1133,756
105000020,268,459,-191
105000021,622,145,477
105000022,273,87,186
105000023,454,273,181
105000028,57,174,-117
105000029,552,1064,-512
105000030,4915,3401,1514
105000031,0,10,-10
105000033,1318,2353,-1035
105000034,184,651,-467
105000037,627,379,248
105000038,1712,1551,161
105000039,2893,1888,1005
105000040,709,1001,-292
105000041,489,1199,-710
105000042,2684,1438,1246
105000043,1940,1912,28
105000044,474,395,79
105000045,408,863,-455
105000046,809,398,411
105000047,510,1450,-940
105000048,731,221,510
105000049,244,643,-399
105000050,700,485,215
105000051,210,604,-394
105000052,540,989,-449
105000053,260,164,96
105000054,320,884,-564
105000055,606,309,297
105000056,1143,2614,-1471
105000057,1160,827,333
105000058,1603,1539,64
105000059,628,774,-146
105000060,620,748,-128
105000061,589,521,68
105000062,979,1113,-134
105000063,366,638,-272
105000064,1185,850,335
105000065,475,846,-371
105000066,1274,1930,-656
105000067,1171,797,374
105000068,850,970,-120
105000069,2722,1425,1297
105000070,959,751,208
105000071,446,742,-296
105000072,1142,1934,-792
105000073,849,546,303
105000074,1093,895,198
105000075,874,893,-19
105000076,1821,1152,669
105000077,2701,929,1772
105000078,1568,1199,369
105000079,2030,2672,-642
105000080,1664,1136,528
105000081,3502,1191,2311
105000082,1379,1152,227
105000083,3739,1870,1869
105000084,918,1060,-142
105000085,1758,1458,300
105000086,621,1093,-472
105000087,2068,2187,-119
105000088,1713,1688,25
105000089,3397,2296,1101
105000090,1088,893,195
105000091,1816,1713,103
105000092,899,1083,-184
105000093,404,239,165
105000094,246,181,65
105000095,113,634,-521
105000096,1392,890,502
105000097,1466,723,743
105000098,1611,688,923
105000099,1754,786,968
105000100,1116,1386,-270
105000101,2082,1916,166
105000102,1359,1564,-205
105000103,1477,2123,-646
105000104,1985,1043,942
105000105,1154,2179,-1025
105000106,1430,1694,-264
105000107,1150,1059,91
105000108,1142,1675,-533
105000109,1384,1887,-503
105000110,613,889,-276
105000111,731,817,-86
105000112,1085,924,161
105000113,422,708,-286
105000114,3409,1314,2095
105000115,348,1140,-792
105000116,747,480,267
105000117,1034,1390,-356
105000118,469,360,109
105000119,519,1154,-635
105000120,1060,603,457
105000121,1052,1224,-172
105000122,321,632,-311
105000123,1302,1482,-180
105000124,1613,886,727
105000125,833,2099,-1266
105000126,1806,2102,-296
105000127,2461,2335,126
105000128,565,1320,-755
105000129,990,394,596
105000130,334,2073,-1739
105000131,990,458,532
105000132,610,552,58
105000133,459,1038,-579
105000134,552,509,43
105000135,474,765,-291
105000136,147,435,-288
105000137,463,286,177
105000138,193,463,-270
105000139,1074,1090,-16
105000140,262,585,-323
105000141,280,663,-383
105000142,166,538,-372
105000143,208,688,-480
105000144,372,901,-529
105000145,577,488,89
105000146,585,954,-369
105000147,619,404,215
105000148,1090,645,445
105000149,2013,1996,17
105000150,2046,1664,382
105000151,481,395,86
105000152,136,570,-434
105000153,494,620,-126
105000154,570,670,-100
105000155,361,739,-378
105000156,902,798,104
105000157,781,1649,-868
105000158,1845,815,1030
105000159,270,1108,-838
105000160,1495,636,859
105000161,642,1323,-681
105000162,668,1547,-879
105000163,1472,984,488
105000164,163,285,-122
105000165,1499,4687,-3188
105000166,6452,673,5779
105000167,2849,1312,1537
105000168,312,718,-406
105000169,453,339,114
105000170,176,1276,-1100
105000171,1159,300,859
105000172,107,29,78
105000173,140,19,121
105000174,85,33,52
105000175,60,148,-88
105000176,253,109,144
105000177,275,162,113
105000178,91,552,-461
105000179,391,162,229
105000180,127,124,3
105000181,66,384,-318
105000182,26,48,-22
105000183,2505,1551,954
105000184,1485,890,595
105000185,1592,781,811
105000186,603,844,-241
105000187,780,155,625
105000188,350,77,273
105000189,337,513,-176
105000190,248,335,-87
105000191,413,329,84
105000192,234,73,161
105000193,174,148,26
105000194,295,78,217
105000195,317,859,-542
105000196,61,170,-109
105000197,229,618,-389
105000198,524,356,168
105000199,316,470,-154
105000200,175,179,-4
105000201,138,42,96
105000203,12,231,-219
105000204,67,99,-32
105000205,118,222,-104
105000207,673,199,474
105000208,223,465,-242
105000209,231,319,-88
105000211,84,9,75
105000212,1218,1348,-130
105000213,224,199,25
105000214,104,271,-167
105000215,245,244,1
105000216,145,268,-123
105000217,160,323,-163
105000218,1097,1125,-28
105000221,174,255,-81
105000222,276,47,229
105000223,238,170,68
105000226,63,295,-232
105000227,62,188,-126
105000228,224,1203,-979
105000229,165,318,-153
105000231,309,321,-12
105000233,738,649,89
105000234,449,1287,-838
105000235,381,698,-317
105000237,670,83,587
105000243,43,60,-17
105000248,145,63,82
105000262,245,1430,-1185
105000269,97,201,-104
105000270,363,56,307
105000271,0,278,-278
105000282,93,68,25
105000287,390,103,287
105000288,417,477,-60
105000289,3100,1610,1490
105000290,57,3,54
105000402,3875,2770,1105
105000426,598,618,-20
105000438,3734,1188,2546
105000440,7,14,-7
105000446,13000,5652,7348
105000447,7926,3399,4527
105000454,335,855,-520
105000455,310,225,85
105000474,11,2,9
105000477,224,389,-165
105000478,1589,3054,-1465
105000479,175,138,37
105000480,7471,4196,3275
105000481,3731,2998,733
105000482,6056,6261,-205
105000483,1365,1737,-372
105000484,2803,3169,-366
105000485,1704,2331,-627
105000486,4915,3364,1551
105000488,9174,5731,3443
105000489,794,817,-23
105000549,98,146,-48
105000550,625,1484,-859
105000551,27,146,-119
105000552,3826,2360,1466
105000555,1286,943,343
105000556,17,22,-5
105000557,19,121,-102
105900001,6,952,-946
105900002,1321,584,737
105900003,13,153,-140
105900004,241,108,133
105900005,9,259,-250
105900006,3,65,-62
105900007,50,16,34
105900008,72,720,-648
105900009,12,4,8
105900011,174,23,151
105900012,440,107,333
105900013,2,18,-16
105900014,9,75,-66
105900015,118,387,-269
105900016,293,505,-212
105900017,957,49,908
105900018,136,235,-99
105900019,75,360,-285
105900020,38,60,-22
105900021,33,184,-151
105900022,257,295,-38
105900023,3,72,-69
105900024,6,88,-82
105900025,154,30,124
105900026,279,35,244
105900027,4071,6827,-2756
105900028,192,154,38
105900029,1801,387,1414
105900030,281,289,-8
105900031,367,159,208
105900032,51,125,-74
105900033,285,113,172
105900034,178,213,-35
105900035,163,149,14
105900036,55,128,-73
105900037,46,50,-4
105900038,131,367,-236
105900039,117,104,13
105900040,98,71,27
105900041,189,324,-135
105900042,53,118,-65
105900043,1944,53,1891
105900044,2,354,-352
105900045,6,624,-618
105900046,0,204,-204
105900047,14,56,-42
105900048,129,694,-565
105900050,5608,854,4754
105900051,7,971,-964
105900052,558,268,290
105900053,3753,2003,1750
105900054,388,239,149
105900056,567,269,298
105900057,14,91,-77
105900058,3,19,-16
105900059,0,37,-37
106000001,4028,2178,1850
106000002,2434,5485,-3051
106000003,3298,3756,-458
106000004,2402,3249,-847
106000005,2652,5626,-2974
106000006,6278,5494,784
106000007,415,565,-150
106000008,428,353,75
106000009,475,469,6
106000010,579,609,-30
106000011,754,1069,-315
106000012,799,1746,-947
106000013,1461,1954,-493
106000014,1652,1919,-267
106000015,1358,1172,186
106000016,1338,2612,-1274
106000017,682,713,-31
106000018,615,559,56
106000019,371,426,-55
106000020,292,477,-185
106000021,249,430,-181
106000022,418,302,116
106000023,697,363,334
106000024,551,796,-245
106000025,140,249,-109
106000026,173,343,-170
106000027,1082,1431,-349
106000028,558,630,-72
106000029,1159,1337,-178
106000030,639,397,242
106000034,246,697,-451
106000035,1109,1663,-554
106000036,263,356,-93
106000037,2079,1612,467
106000038,401,100,301
106000039,150,68,82
106000040,174,865,-691
106000041,918,401,517
106000043,562,178,384
106000046,402,53,349
106000047,47,375,-328
106000049,985,200,785
106000050,313,914,-601
106000051,650,366,284
106000052,106,752,-646
106000053,244,143,101
106000054,329,553,-224
106000055,757,1141,-384
106000056,250,486,-236
106000057,220,336,-116
106000058,134,209,-75
106000059,238,260,-22
106000060,404,573,-169
106000061,229,569,-340
106000062,127,540,-413
106000063,655,722,-67
106000064,38,392,-354
106000065,366,268,98
106000066,122,378,-256
106000067,316,115,201
106000068,53,684,-631
106000069,203,73,130
106000070,493,824,-331
106000071,926,363,563
106000072,4046,1864,2182
106000073,2004,3072,-1068
106000074,560,800,-240
106000075,349,1570,-1221
106000076,1853,2190,-337
106000077,3595,1571,2024
106000078,749,1135,-386
106000079,548,1080,-532
106000080,1216,772,444
106000081,535,1354,-819
106000082,2365,1010,1355
106000083,292,1588,-1296
106000084,1180,766,414
106000085,1506,1726,-220
106000086,625,905,-280
106000087,777,589,188
106000088,371,800,-429
106000089,910,431,479
106000090,273,608,-335
106000091,266,693,-427
106000092,728,247,481
106000093,358,115,243
106000094,93,303,-210
106000095,602,1047,-445
106000096,985,682,303
106000097,805,1054,-249
106000098,598,956,-358
106000099,204,846,-642
106000100,1154,297,857
106000101,1024,212,812
106000102,200,597,-397
106000103,232,558,-326
106000104,775,454,321
106000105,444,785,-341
106000106,598,523,75
106000107,125,494,-369
106000108,312,296,16
106000109,146,400,-254
106000110,241,322,-81
106000111,174,522,-348
106000112,185,490,-305
106000113,837,593,244
106000114,529,497,32
106000115,224,531,-307
106000116,284,260,24
106000117,907,720,187
106000118,1049,1397,-348
106000119,1913,1110,803
106000120,753,1119,-366
106000121,211,135,76
106000122,113,292,-179
106000123,286,174,112
106000124,60,283,-223
106000125,49,320,-271
106000126,283,118,165
106000127,869,1053,-184
106000128,664,203,461
106000129,476,654,-178
106000130,568,383,185
106000131,150,853,-703
106000132,618,175,443
106000133,2684,1506,1178
106000134,711,1636,-925
106000135,299,799,-500
106000136,569,973,-404
106000137,92,1096,-1004
106000138,1022,107,915
106000139,59,108,-49
106000140,44,78,-34
106000141,97,110,-13
106000142,97,62,35
106000143,54,73,-19
106000144,52,83,-31
106000145,238,296,-58
106000146,318,203,115
106000147,463,511,-48
106000148,669,876,-207
106000149,513,356,157
106000150,488,2049,-1561
106000151,4210,775,3435
106000152,1374,1823,-449
106000153,111,1791,-1680
106000154,1425,242,1183
106000155,118,282,-164
106000156,668,271,397
106000157,572,1948,-1376
106000158,2712,845,1867
106000159,3711,1910,1801
106000160,395,2578,-2183
106000161,1517,466,1051
106000162,207,947,-740
106000163,251,487,-236
106000164,361,365,-4
106000165,175,610,-435
106000166,666,237,429
106000167,326,1278,-952
106000168,352,244,108
106000169,191,703,-512
106000170,602,202,400
106000171,142,1018,-876
106000172,2595,1191,1404
106000173,903,2801,-1898
106000174,929,428,501
106000175,318,1038,-720
106000176,1198,682,516
106000177,784,2394,-1610
106000178,2812,1735,1077
106000179,1041,2387,-1346
106000180,721,1604,-883
106000181,584,1755,-1171
106000182,859,740,119
106000183,920,794,126
106000184,1963,802,1161
106000185,1432,1028,404
106000186,979,131,848
106000187,243,1131,-888
106000188,1,2,-1
106000189,8,54,-46
106000190,21,1,20
106000191,596,237,359
106000192,19,17,2
106000193,325,191,134
106000194,148,329,-181
106000195,194,90,104
106000196,81,306,-225
106000197,325,276,49
106000198,112,267,-155
106000199,838,714,124
106000200,238,194,44
106000201,486,2685,-2199
106000202,4789,600,4189
106000203,99,259,-160
106000204,106,11,95
106000205,25,230,-205
106000206,112,36,76
106000207,56,764,-708
106000208,1076,146,930
106000209,1151,346,805
106000210,226,1120,-894
106000211,355,1283,-928
106000212,796,381,415
106000213,779,1615,-836
106000214,2537,521,2016
106000215,298,529,-231
106000216,275,457,-182
106000217,314,609,-295
106000218,539,387,152
106000219,130,421,-291
106000220,412,294,118
106000221,112,286,-174
106000222,29,116,-87
106000223,157,129,28
106000224,218,294,-76
106000225,107,80,27
106000226,130,318,-188
106000228,28,116,-88
106000229,134,596,-462
106000231,772,165,607
106000232,67,404,-337
106000233,545,144,401
106000234,114,197,-83
106000235,383,131,252
106000236,124,58,66
106000237,2,13,-11
106000238,203,18,185
106000239,1,132,-131
106000240,79,14,65
106000241,19,797,-778
106000242,394,34,360
106000249,36,106,-70
106000250,54,621,-567
106000251,66,30,36
106000252,11,78,-67
106000253,30,92,-62
106000254,22,38,-16
106000255,12,167,-155
106000256,70,65,5
106000257,91,237,-146
106000258,200,48,152
106000259,9,56,-47
106000260,32,6,26
106000261,7,42,-35
106000262,73,12,61
106000263,11,61,-50
106000264,183,6,177
106000265,14,161,-147
106000266,138,21,117
106000267,3,104,-101
106000268,527,74,453
106000269,53,54,-1
106000270,136,561,-425
106000271,69,205,-136
106000272,180,52,128
106000273,5,261,-256
106000274,203,50,153
106000275,179,188,-9
106000276,181,46,135
106000277,129,201,-72
106000278,205,44,161
106000279,28,50,-22
106000280,99,126,-27
106000281,59,80,-21
106000282,60,56,4
106000283,115,92,23
106000284,56,109,-53
106000285,129,140,-11
106000286,54,135,-81
106000287,134,83,51
106000288,93,179,-86
106000289,84,80,4
106000290,61,91,-30
106000291,70,106,-36
106000292,93,112,-19
106000293,92,100,-8
106000294,108,123,-15
106000295,52,40,12
106000296,49,96,-47
106000297,55,249,-194
106000298,149,66,83
106000299,69,139,-70
106000300,38,85,-47
106000301,63,108,-45
106000303,22,63,-41
106000304,36,24,12
106000305,30,51,-21
106000306,25,56,-31
106000307,54,15,39
106000308,40,115,-75
106000309,14,52,-38
106000310,297,569,-272
106000311,302,135,167
106000312,54,185,-131
106000313,133,172,-39
106000318,157,283,-126
106000319,1222,209,1013
106000320,7,53,-46
106000321,361,54,307
106000322,114,189,-75
106000324,11,177,-166
106000325,1453,1008,445
106000326,942,2077,-1135
106000327,159,104,55
106000328,13,104,-91
106000329,49,294,-245
106000330,25,57,-32
106000428,126,231,-105
106000429,160,554,-394
106000430,413,1415,-1002
106000431,2090,446,1644
106000432,1980,3449,-1469
106000433,2074,1336,738
106000434,3145,1400,1745
106000435,2071,3207,-1136
106000436,8,270,-262
106000437,397,35,362
106000438,791,137,654
106000439,38,415,-377
106000440,236,554,-318
106000441,9,6,3
106000442,263,10,253
106000443,101,393,-292
106000450,7,174,-167
106000451,49,61,-12
106000454,5,150,-145
106000455,12,191,-179
106000456,129,40,89
106000457,7,989,-982
106000458,563,148,415
106000459,194,439,-245
106000460,1217,49,1168
106000461,93,1273,-1180
106000462,1,39,-38
106000463,0,17,-17
106000464,4,459,-455
106000465,553,4,549
106000466,3,699,-696
106000467,473,475,-2
106000468,71,211,-140
106000469,221,1,220
106000470,234,1816,-1582
106000471,32,662,-630
106000472,143,14,129
106000473,21,30,-9
106000474,366,681,-315
106000475,321,207,114
106000476,185,202,-17
106000477,49,134,-85
106000480,0,266,-266
106900001,0,8,-8
106900002,4,503,-499
106900003,221,772,-551
106900004,1,68,-67
106900006,1,9,-8
106900007,0,13,-13
106900008,318,250,68
106900009,278,356,-78
106900010,222,264,-42
106900012,1825,1874,-49
106900013,531,114,417
106900014,28,5,23
106900015,19,0,19
106900016,271,8,263
106900017,5,1,4
106900018,0,0,0
106900019,25,0,25
106900020,2519,1334,1185
106900021,190,77,113
106900022,657,14,643
106900023,76,257,-181
106900024,429,40,389
106900025,55,597,-542
106900026,5,705,-700
106900027,939,4,935
107000001,4169,2864,1305
107000002,3905,5259,-1354
107000003,4807,6994,-2187
107000004,5524,6191,-667
107000005,3661,5348,-1687
107000006,4440,6091,-1651
107000007,4770,10340,-5570
107000008,13438,10720,2718
107000009,6155,7329,-1174
107000010,12243,12707,-464
107000011,1134,1443,-309
107000012,4674,3462,1212
107000013,69,131,-62
107000014,75,335,-260
107000015,851,959,-108
107000016,754,1019,-265
107000017,4588,1054,3534
107000018,14,364,-350
107000020,3095,493,2602
107000021,1434,675,759
107000022,1014,1113,-99
107000023,1959,413,1546
107000024,576,1607,-1031
107000025,309,603,-294
107000026,203,645,-442
107000027,1402,1378,24
107000028,1396,1801,-405
107000029,2866,2500,366
107000030,3056,3622,-566
107000031,3752,2435,1317
107000032,491,1082,-591
107000033,3412,5934,-2522
107000034,3878,1949,1929
107000035,343,360,-17
107000036,508,1689,-1181
107000037,81,863,-782
107000038,273,307,-34
107000039,859,887,-28
107000040,196,370,-174
107000041,1657,732,925
107000042,828,1918,-1090
107000043,2538,1121,1417
107000044,654,334,320
107000045,124,294,-170
107000046,703,427,276
107000047,438,951,-513
107000048,616,320,296
107000049,523,829,-306
107000050,1103,630,473
107000051,525,461,64
107000052,1416,1096,320
107000053,380,202,178
107000054,74,357,-283
107000055,395,209,186
107000056,541,909,-368
107000057,1713,252,1461
107000058,2137,2243,-106
107000059,2494,4230,-1736
107000060,3624,5441,-1817
107000061,5913,4232,1681
107000062,3654,3057,597
107000063,4580,6132,-1552
107000064,4555,2121,2434
107000065,4658,5576,-918
107000066,2013,2620,-607
107000067,1115,1196,-81
107000068,1607,732,875
107000069,709,568,141
107000070,1257,13,1244
107000071,2741,65,2676
107000072,43,3393,-3350
107000073,763,354,409
107000074,214,1153,-939
107000075,1560,483,1077
107000076,685,1666,-981
107000077,3022,1188,1834
107000078,2671,3577,-906
107000079,2507,967,1540
107000080,1305,3502,-2197
107000081,1566,606,960
107000082,600,1990,-1390
107000083,1108,501,607
107000084,451,2052,-1601
107000085,3043,3665,-622
107000086,3722,3860,-138
107000087,2638,2199,439
107000088,3282,3858,-576
107000089,1419,2078,-659
107000090,1038,1386,-348
107000091,1074,827,247
107000092,844,1379,-535
107000093,1045,808,237
107000094,1297,1468,-171
107000095,691,720,-29
107000096,617,971,-354
107000097,764,432,332
107000098,631,806,-175
107000099,481,336,145
107000100,295,335,-40
107000101,70,219,-149
107000102,452,435,17
107000103,394,275,119
107000104,257,448,-191
107000105,427,203,224
107000106,253,436,-183
107000107,770,208,562
107000108,248,774,-526
107000109,901,213,688
107000110,93,564,-471
107000111,426,50,376
107000112,32,413,-381
107000113,593,131,462
107000114,89,814,-725
107000115,535,129,406
107000116,100,1045,-945
107000117,116,638,-522
107000118,119,292,-173
107000119,1638,1828,-190
107000120,2221,502,1719
107000121,670,766,-96
107000122,1090,1057,33
107000123,370,791,-421
107000124,576,998,-422
107000125,775,793,-18
107000126,925,853,72
107000129,486,936,-450
107000130,997,281,716
107000131,412,751,-339
107000132,621,333,288
107000133,1131,112,1019
107000134,272,4,268
107000135,4,250,-246
107000136,849,8,841
107000137,18,395,-377
107000138,442,25,417
107000139,12,383,-371
107000140,1420,118,1302
107000141,119,814,-695
107000142,500,107,393
107000143,83,826,-743
107000144,437,546,-109
107000145,135,589,-454
107000146,125,411,-286
107000147,4232,1215,3017
107000150,644,2202,-1558
107000151,37,94,-57
107000152,550,1081,-531
107000153,298,425,-127
107000154,270,203,67
107000155,705,13,692
107000156,1036,19,1017
107000157,21,1833,-1812
107000158,606,41,565
107000159,45,1420,-1375
107000160,745,110,635
107000161,72,1593,-1521
107000162,213,391,-178
107000163,240,4,236
107000164,505,1,504
107000165,789,3,786
107000166,47,1232,-1185
107000167,494,231,263
107000168,903,441,462
107000169,906,988,-82
107000170,1642,745,897
107000171,460,2178,-1718
107000172,917,1427,-510
107000173,722,1214,-492
107000174,796,4061,-3265
107000175,7100,2007,5093
107000176,0,0,0
107000177,2,1,1
107000178,8,40,-32
107000179,250,2826,-2576
107000180,1014,341,673
107000181,400,1461,-1061
107000182,1389,968,421
107000183,132,943,-811
107000184,917,712,205
107000185,428,1390,-962
107000186,1007,368,639
107000187,1042,1334,-292
107000188,606,631,-25
107000189,381,1064,-683
107000190,624,867,-243
107000191,721,1309,-588
107000192,1545,841,704
107000193,420,465,-45
107000194,1058,745,313
107000197,803,236,567
107000198,318,766,-448
107000199,572,995,-423
107000200,896,765,131
107000201,421,175,246
107000202,273,539,-266
107000203,1187,486,701
107000204,1950,582,1368
107000205,2199,1035,1164
107000206,972,1253,-281
107000207,727,1133,-406
107000208,1183,451,732
107000209,2182,1148,1034
107000210,777,389,388
107000211,8,43,-35
107000212,12,416,-404
107000213,7,32,-25
107000214,15,298,-283
107000215,324,459,-135
107000216,327,374,-47
107000217,155,117,38
107000219,65,109,-44
107000220,179,226,-47
107000222,237,863,-626
107000224,314,115,199
107000225,164,529,-365
107000226,276,75,201
107000227,92,320,-228
107000228,60,255,-195
107000229,282,200,82
107000230,1265,629,636
107000231,1837,1115,722
107000232,101,73,28
107000233,1428,853,575
107000234,1,51,-50
107000235,73,6,67
107000236,15,386,-371
107000237,8,2,6
107000238,32,0,32
107000239,3896,585,3311
107000240,84,1010,-926
107000243,0,60,-60
107000244,11,55,-44
107000246,4,1260,-1256
107000249,1,1119,-1118
107000251,2,250,-248
107000252,0,924,-924
107000255,432,78,354
107000257,3,523,-520
107000258,0,118,-118
107000259,1,192,-191
107000260,529,5,524
107000262,10,545,-535
107000263,214,5,209
107000266,10,6,4
107000267,83,114,-31
107000268,153,195,-42
107000269,707,54,653
107000270,2,5,-3
107000271,9,870,-861
107000272,10,154,-144
107000273,3,238,-235
107000274,861,176,685
107000275,83,514,-431
107000280,619,23,596
107000281,30,1119,-1089
107000282,17,965,-948
107000290,7,22,-15
107000291,47,12,35
107000292,2,48,-46
107000293,211,2,209
107000294,0,76,-76
107000295,32,1,31
107000296,0,10,-10
107000444,297,4,293
107000496,1,29,-28
107000497,1474,2740,-1266
107000500,374,215,159
107000501,95,159,-64
107000502,298,268,30
107000505,600,941,-341
107000506,0,11,-11
107000508,7,594,-587
107000509,263,862,-599
107000510,14,19,-5
107000514,34,333,-299
107000515,7,203,-196
107000516,301,248,53
107000518,1054,1039,15
107000519,2652,1082,1570
107000520,94,25,69
107000521,622,516,106
107000522,802,664,138
107900001,43,176,-133
107900002,45,7,38
107900003,243,14,229
107900004,14,1,13
107900005,976,2,974
107900006,200,0,200
107900007,250,27,223
107900008,58,29,29
107900009,208,5,203
107900010,25,0,25
107900012,239,16,223
107900013,235,59,176
107900014,41,0,41
107900015,791,6,785
107900016,427,60,367
107900017,4,0,4
107900018,41,88,-47
107900019,11,46,-35
107900020,101,10,91
107900021,43,120,-77
107900023,5,1,4
107900024,0,27,-27
107900025,186,277,-91
107900026,46,103,-57
107900027,42,39,3
107900028,43,58,-15
107900030,114,13,101
107900031,48,130,-82
107900032,29,2,27
107900033,23,3,20
107900034,294,20,274
107900035,679,32,647
107900036,44,17,27
107900037,1,54,-53
107900038,161,171,-10
107900039,21,82,-61
107900040,34,109,-75
107900041,5,1,4
107900043,37,131,-94
107900044,8,9,-1
107900045,64,48,16
107900046,108,112,-4
107900047,13,65,-52
107900048,174,3,171
107900049,316,1029,-713
107900050,131,323,-192
107900051,81,76,5
107900052,34,31,3
107900053,15,67,-52
107900055,521,164,357
107900056,104,40,64
107900057,2,0,2
107900058,43,700,-657
107900060,30,33,-3
107900061,14,3,11
107900063,84,114,-30
107900064,316,141,175
107900065,124,8,116
107900066,11,9,2
107900067,0,0,0
107900068,220,228,-8
107900069,31,1683,-1652
107900070,95,33,62
107900071,37,823,-786
107900072,78,146,-68
107900073,82,103,-21
107900074,772,211,561
107900076,78,52,26
107900077,29,3,26
107900079,6,15,-9
107900080,377,258,119
107900081,27,130,-103
107900082,22,15,7
107900083,319,173,146
107900084,90,92,-2
107900086,61,119,-58
107900087,620,91,529
107900088,16,10,6
107900089,252,887,-635
107900090,442,2104,-1662
107900091,196,443,-247
107900093,84,65,19
107900095,3553,1877,1676
107900097,14,72,-58
107900098,40,160,-120
107900100,925,1011,-86
107900101,1108,185,923
107900102,23,3,20
107900103,38,172,-134
107900104,243,10,233
107900105,1,446,-445
107900106,1,1466,-1465
107900107,852,457,395
107900108,379,112,267
107900109,1098,6,1092
107900110,30,69,-39
107900111,5,972,-967
107900112,136,422,-286
107900113,184,158,26
107900114,157,147,10
107900115,3,25,-22
107900116,97,157,-60
107900117,558,347,211
107900118,83,139,-56
107900119,67,188,-121
107900120,15,14,1
107900121,2,124,-122
107900122,6,47,-41
107900123,1,39,-38
107900124,19,6,13
107900125,42,184,-142
107900126,3,73,-70
107900127,363,283,80
107900128,72,61,11
107900129,37,25,12
107900130,61,31,30
107900131,582,153,429
107900132,119,364,-245
107900133,4,78,-74
107900134,26,47,-21
107900135,1,162,-161
107900136,31,29,2
107900137,91,104,-13
107900138,29,37,-8
107900139,27,69,-42
107900141,61,49,12
107900142,68,928,-860
107900143,47,26,21
107900144,2,141,-139
107900145,3,75,-72
107900146,13,130,-117
107900147,44,31,13
107900148,165,152,13
107900149,1225,208,1017
107900150,95,769,-674
107900151,36,132,-96
107900152,13,170,-157
107900153,187,248,-61
107900154,46,27,19
107900155,59,63,-4
107900156,2,310,-308
107900157,42,63,-21
107900158,529,17,512
107900159,31,892,-861
107900160,81,184,-103
107900161,10,163,-153
107900162,1,51,-50
107900163,80,27,53
107900164,2,32,-30
107900165,35,119,-84
107900166,8,186,-178
107900167,37,30,7
107900168,12,39,-27
107900169,0,164,-164
107900171,14,1409,-1395
107900172,0,303,-303
107900173,13,155,-142
107900174,90,16,74
107900175,21,20,1
107900176,15,32,-17
107900177,1,86,-85
107900178,0,201,-201
107900179,14,126,-112
107900180,675,433,242
107900181,362,383,-21
107900182,2,1289,-1287
107900183,29,252,-223
107900184,81,208,-127
107900185,126,2,124
107900186,15,49,-34
107900187,0,83,-83
107900188,774,135,639
107900189,7,91,-84
107900190,92,81,11
107900191,65,138,-73
107900193,15,63,-48
107900194,266,10,256
107900195,3406,462,2944
107900196,49,79,-30
107900197,883,204,679
107900199,6,1050,-1044
107900201,93,118,-25
107900203,50,101,-51
107900204,207,199,8
107900206,969,152,817
107900207,1,546,-545
107900208,4,641,-637
107900209,298,129,169
107900210,78,126,-48
107900213,511,427,84
107900214,5,96,-91
107900215,146,254,-108
107900216,138,98,40
107900217,20,65,-45
107900218,16,1311,-1295
107900219,18,105,-87
107900220,205,243,-38
107900221,137,178,-41
107900223,74,540,-466
107900224,93,282,-189
107900225,12,746,-734
107900226,101,129,-28
107900227,125,447,-322
107900228,14,112,-98
107900229,0,261,-261
107900230,12,100,-88
107900231,11,223,-212
107900232,61,209,-148
107900233,22,150,-128
107900234,83,114,-31
107900235,14,82,-68
107900236,83,66,17
107900237,76,403,-327
107900238,28,114,-86
107900239,999,366,633
107900240,45,107,-62
107900241,14,65,-51
107900242,17,287,-270
107900243,2,53,-51
107900244,255,2,253
107900245,632,40,592
107900246,141,16,125
107900248,168,426,-258
107900249,483,15,468
107900250,4,576,-572
107900251,77,1169,-1092
107900252,651,12,639
107900253,113,0,113
107900254,59,392,-333
107900255,259,86,173
107900256,1362,365,997
107900257,133,83,50
107900258,69,316,-247
107900259,72,1727,-1655
107900261,21,507,-486
107900262,52,125,-73
107900264,220,6,214
107900265,76,126,-50
107900267,190,31,159
107900268,35,11,24
107900269,0,8,-8
107900270,0,1,-1
107900271,2,9,-7
107900272,111,9,102
107900273,40,97,-57
107900274,32,0,32
107900275,14,0,14
107900276,0,69,-69
107900277,0,198,-198
107900278,240,341,-101
107900279,129,194,-65
107900280,1489,1901,-412
107900281,1995,2217,-222
107900282,41,340,-299
107900283,1305,461,844
107900284,556,700,-144
107900285,91,71,20
107900286,162,118,44
107900287,126,183,-57
107900290,0,96,-96
107900291,368,11,357
107900292,107,218,-111
107900293,90,562,-472
107900295,36,95,-59
107900297,0,285,-285
107900298,1177,784,393
107900299,3181,1884,1297
107900301,609,568,41
107900302,69,34,35
107900303,167,286,-119
107900304,169,427,-258
107900305,262,11,251
107900306,14,9,5
107900307,42,204,-162
107900308,140,42,98
107900309,160,0,160
107900310,373,6,367
107900311,1,127,-126
107900312,121,2,119
107900313,3,110,-107
107900314,0,37,-37
107900315,0,43,-43
107900316,19,0,19
107900317,135,20,115
107900318,8,165,-157
107900319,5,191,-186
107900320,1,190,-189
107900321,104,7,97
107900322,4,129,-125
107900323,7,166,-159
107900324,153,6,147
107900325,106,0,106
107900326,294,329,-35
107900327,5,31,-26
107900328,245,5,240
107900329,229,76,153
107900330,5,388,-383
107900331,192,25,167
107900332,155,32,123
107900333,53,14,39
107900334,8,186,-178
107900335,52,66,-14
107900336,41,65,-24
107900337,1390,843,547
107900338,3,180,-177
107900339,4,43,-39
107900340,1,49,-48
107900341,49,2,47
107900342,156,139,17
107900343,96,2,94
107900344,1,53,-52
107900345,97,26,71
107900346,16,0,16
107900347,17,3,14
107900348,0,1,-1
107900349,32,4,28
107900350,36,232,-196
107900351,10,261,-251
107900352,5,32,-27
107900353,9,8,1
107900354,47,50,-3
108000001,2645,3925,-1280
108000002,2584,3360,-776
108000003,3186,3111,75
108000004,15889,18440,-2551
108000005,7435,5371,2064
108000006,8686,8302,384
108000007,4857,4338,519
108000008,5365,7453,-2088
108000009,3454,4225,-771
108000010,3375,5416,-2041
108000011,10607,11465,-858
108000012,18711,18525,186
108000014,1399,688,711
108000015,779,318,461
108000016,289,760,-471
108000017,829,443,386
108000018,1473,541,932
108000019,1890,776,1114
108000020,1364,530,834
108000021,474,1796,-1322
108000022,433,1488,-1055
108000023,1221,245,976
108000024,333,597,-264
108000025,253,253,0
108000026,623,480,143
108000027,681,733,-52
108000028,571,305,266
108000029,462,891,-429
108000030,816,226,590
108000031,366,611,-245
108000032,1313,520,793
108000033,682,1320,-638
108000034,1514,432,1082
108000035,730,2474,-1744
108000036,357,1249,-892
108000037,1479,390,1089
108000038,2190,449,1741
108000039,592,2403,-1811
108000040,1606,861,745
108000041,674,2727,-2053
108000042,239,300,-61
108000043,215,289,-74
108000044,367,206,161
108000045,257,662,-405
108000046,1233,354,879
108000047,398,1063,-665
108000048,139,412,-273
108000049,790,264,526
108000050,129,812,-683
108000051,211,121,90
108000052,243,744,-501
108000053,320,179,141
108000054,434,1015,-581
108000055,1089,425,664
108000056,1316,1276,40
108000057,628,1077,-449
108000058,2024,3466,-1442
108000059,3559,2383,1176
108000060,201,610,-409
108000061,264,516,-252
108000062,643,527,116
108000063,332,472,-140
108000064,216,296,-80
108000065,698,489,209
108000066,1657,826,831
108000067,1512,505,1007
108000068,654,439,215
108000069,238,1105,-867
108000070,1534,671,863
108000071,583,1673,-1090
108000072,1487,1081,406
108000073,1438,2037,-599
108000074,502,350,152
108000075,319,816,-497
108000076,675,574,101
108000077,664,743,-79
108000078,1855,1390,465
108000079,843,1996,-1153
108000080,1047,594,453
108000081,546,1946,-1400
108000082,1019,2022,-1003
108000083,1539,956,583
108000084,466,1330,-864
108000085,646,448,198
108000086,768,782,-14
108000087,90,1571,-1481
108000088,707,210,497
108000089,305,289,16
108000091,180,579,-399
108000092,157,127,30
108000093,178,685,-507
108000094,506,130,376
108000095,136,483,-347
108000096,271,201,70
108000097,149,522,-373
108000098,1320,1420,-100
108000099,1764,347,1417
108000100,156,513,-357
108000101,1099,1550,-451
108000102,1636,3223,-1587
108000106,1001,1,1000
108000107,0,654,-654
108000108,941,47,894
108000109,8,760,-752
108000110,178,336,-158
108000111,171,759,-588
108000112,55,146,-91
108000113,520,274,246
108000115,354,333,21
108000117,737,344,393
108000118,551,1457,-906
108000119,731,452,279
108000120,128,687,-559
108000121,186,504,-318
108000122,413,344,69
108000123,534,251,283
108000124,230,637,-407
108000125,286,330,-44
108000126,176,507,-331
108000127,543,376,167
108000128,529,645,-116
108000129,286,1287,-1001
108000130,324,314,10
108000131,934,557,377
108000132,2421,1643,778
108000133,790,491,299
108000134,539,617,-78
108000135,1019,476,543
108000136,511,951,-440
108000137,315,475,-160
108000138,349,1131,-782
108000139,344,339,5
108000140,63,32,31
108000141,29,108,-79
108000142,83,122,-39
108000143,31,502,-471
108000144,418,123,295
108000145,40,25,15
108000146,524,53,471
108000147,49,43,6
108000148,536,80,456
108000149,35,28,7
108000150,33,12,21
108000151,717,89,628
108000152,114,553,-439
108000153,387,140,247
108000154,57,13,44
108000155,33,19,14
108000156,761,560,201
108000157,146,742,-596
108000158,89,644,-555
108000159,705,175,530
108000160,3901,1063,2838
108000161,3331,2153,1178
108000165,4,116,-112
108000172,4,280,-276
108000173,2494,1732,762
108000175,424,128,296
108000178,444,374,70
108000179,199,701,-502
108000181,87,39,48
108000182,344,110,234
108000183,168,512,-344
108000184,1056,1686,-630
108000185,231,529,-298
108000186,350,602,-252
108000187,85,663,-578
108000188,477,279,198
108000189,2275,6411,-4136
108000190,46,131,-85
108000192,258,726,-468
108000193,984,26,958
108000194,43,14,29
108000195,7,1212,-1205
108000196,163,224,-61
108000198,811,458,353
108000199,1,318,-317
108000200,403,612,-209
108000203,133,744,-611
108000204,113,40,73
108000205,365,498,-133
108000339,1460,454,1006
108000364,323,793,-470
108000365,78,320,-242
108000367,146,400,-254
108000368,15,82,-67
108000369,1420,207,1213
108000371,5,557,-552
108000372,670,15,655
108000373,368,196,172
108000376,63,19,44
108000377,327,286,41
108000378,9144,10634,-1490
108000379,22,227,-205
108000381,67,15,52
108000382,249,2,247
108000383,0,201,-201
108900001,128,1091,-963
108900002,177,35,142
108900003,323,722,-399
108900004,1586,529,1057
108900007,167,171,-4
108900008,65,157,-92
108900009,75,107,-32
108900010,176,159,17
108900011,371,421,-50
108900012,253,383,-130
108900013,84,237,-153
108900014,16,95,-79
108900015,0,44,-44
108900016,1,250,-249
108900017,221,260,-39
108900018,88,435,-347
108900019,74,864,-790
108900020,37,206,-169
108900021,112,199,-87
108900022,162,6,156
108900023,10,34,-24
108900024,19,145,-126
108900025,97,135,-38
108900026,16,90,-74
108900027,0,57,-57
108900028,57,410,-353
108900029,57,322,-265
108900030,0,112,-112
108900031,68,441,-373
108900032,11,220,-209
108900033,1,74,-73
108900034,3,217,-214
108900035,293,1615,-1322
108900038,1,357,-356
108900039,1,477,-476
108900040,8,106,-98
108900041,5024,2770,2254
108900042,8,305,-297
108900043,45,476,-431
108900044,4,518,-514
108900045,55,688,-633
108900046,52,916,-864
108900047,0,118,-118
108900048,100,995,-895
108900049,4581,1112,3469
108900050,3,244,-241
108900051,2,223,-221
108900052,18,236,-218
108900053,83,144,-61
108900054,64,207,-143
108900055,60,381,-321
108900056,2,178,-176
108900057,0,165,-165
108900058,31,392,-361
108900059,368,24,344
108900060,102,142,-40
108900061,74,30,44
108900062,4,342,-338
108900063,8,338,-330
108900064,176,92,84
108900065,12,265,-253
108900066,209,88,121
108900067,17,206,-189
108900068,3,186,-183
108900069,34,125,-91
108900070,46,135,-89
108900071,74,61,13
108900072,2209,537,1672
108900073,19,391,-372
108900074,127,447,-320
108900075,62,39,23
108900076,193,64,129
108900077,182,535,-353
108900078,28,222,-194
108900079,917,197,720
108900080,19,773,-754
108900081,52,308,-256
108900082,45,100,-55
108900083,37,286,-249
108900085,2210,186,2024
108900086,74,268,-194
108900087,110,191,-81
108900088,960,405,555
108900089,12,115,-103
108900090,37,341,-304
108900091,102,107,-5
108900092,424,394,30
108900093,63,84,-21
108900094,187,81,106
108900095,45,446,-401
108900096,442,29,413
108900097,250,257,-7
108900098,2728,459,2269
108900099,263,257,6
108900100,63,145,-82
108900101,189,135,54
108900102,75,831,-756
108900103,61,97,-36
108900105,4,1023,-1019
108900106,277,372,-95
108900108,646,67,579
108900109,326,57,269
108900110,159,442,-283
108900111,394,689,-295
108900113,53,52,1
108900114,51,7,44
108900115,55,63,-8
108900116,64,18,46
108900117,99,27,72
108900118,501,18,483
108900119,202,53,149
108900120,239,201,38
108900121,281,84,197
108900122,121,34,87
108900123,117,110,7
108900124,411,130,281
108900125,260,4,256
108900126,93,19,74
108900127,154,28,126
108900128,93,26,67
108900129,603,136,467
108900130,227,2,225
108900131,379,3,376
108900132,410,67,343
108900133,150,49,101
108900134,263,284,-21
108900135,126,12,114
108900136,43,1,42
108900137,131,1,130
108900138,506,36,470
108900140,222,222,0
108900141,227,10,217
108900142,116,5,111
108900143,35,0,35
108900144,46,0,46
108900145,98,3,95
108900146,75,0,75
108900147,180,1,179
108900148,81,32,49
108900150,203,3,200
108900151,183,2,181
108900152,119,15,104
108900153,136,431,-295
108900154,3972,448,3524
108900156,102,12,90
108900157,17,583,-566
108900158,298,32,266
108900159,7,289,-282
108900160,15,274,-259
108900161,8,445,-437
108900162,50,2,48
108900163,6,248,-242
108900164,57,104,-47
108900168,8858,2300,6558
108900169,59,106,-47
108900171,6314,2718,3596
108900172,160,41,119
108900173,207,379,-172
108900174,659,618,41
108900176,128,571,-443
108900177,6670,3812,2858
108900178,4788,2724,2064
108900180,66,253,-187
108900183,177,209,-32
108900184,361,195,166
108900185,55,292,-237
108900186,43,332,-289
108900189,222,129,93
108900190,52,3050,-2998
108900192,78,208,-130
108900195,125,317,-192
108900196,23,419,-396
108900199,230,317,-87
108900200,986,375,611
108900201,408,1382,-974
108900203,387,78,309
108900204,290,16,274
108900205,151,34,117
108900206,401,23,378
108900207,157,64,93
108900208,22,342,-320
108900209,297,576,-279
108900210,157,192,-35
108900211,162,447,-285
108900212,678,1113,-435
108900215,109,495,-386
108900216,547,133,414
108900217,102,1,101
108900218,129,9,120
108900221,54,125,-71
108900224,22,136,-114
108900225,0,165,-165
108900227,99,193,-94
108900230,330,329,1
108900232,1,343,-342
108900233,297,62,235
108900234,243,145,98
108900235,177,606,-429
108900236,39,311,-272
108900240,124,86,38
108900241,24,28,-4
108900245,8,1245,-1237
108900250,224,140,84
108900258,5,218,-213
108900259,35,87,-52
108900260,18,106,-88
108900261,95,137,-42
108900262,217,151,66
108900263,52,143,-91
108900264,569,246,323
108900265,893,256,637
108900266,1012,461,551
108900267,8,68,-60
108900268,4,2,2
108900269,74,7,67
108900270,45,11,34
108900271,38,12,26
108900272,159,13,146
108900273,1071,514,557
108900274,66,72,-6
109000001,4184,1394,2790
109000002,2409,1754,655
109000003,2644,632,2012
109000004,547,2681,-2134
109000005,2769,884,1885
109000006,929,2466,-1537
109000007,1406,702,704
109000008,575,2263,-1688
109000009,3393,1442,1951
109000010,1755,4337,-2582
109000011,2976,2202,774
109000012,2054,4010,-1956
109000013,3067,2794,273
109000014,1695,3677,-1982
109000015,3403,6786,-3383
109000016,8944,4670,4274
109000017,2156,1366,790
109000018,1209,3924,-2715
109000019,2980,1501,1479
109000020,1500,2401,-901
109000023,232,54,178
109000024,12,181,-169
109000025,451,518,-67
109000026,926,374,552
109000027,92,289,-197
109000028,88,115,-27
109000029,151,189,-38
109000030,73,608,-535
109000031,182,117,65
109000032,130,552,-422
109000033,472,163,309
109000034,68,54,14
109000035,34,43,-9
109000036,91,367,-276
109000037,219,986,-767
109000038,594,329,265
109000039,835,518,317
109000040,4429,6166,-1737
109000041,4200,1480,2720
109000042,797,1162,-365
109000044,330,72,258
109000045,89,373,-284
109000046,285,58,227
109000047,126,403,-277
109000048,836,151,685
109000049,318,503,-185
109000050,386,257,129
109000051,322,268,54
109000052,397,1161,-764
109000053,179,51,128
109000054,77,449,-372
109000055,206,214,-8
109000056,234,396,-162
109000057,412,345,67
109000058,952,250,702
109000059,1008,1329,-321
109000060,525,329,196
109000061,1160,824,336
109000062,112,298,-186
109000063,174,163,11
109000064,173,162,11
109000065,115,227,-112
109000066,277,98,179
109000067,59,318,-259
109000068,2716,19,2697
109000069,1054,53,1001
109000070,3,1126,-1123
109000071,422,74,348
109000072,113,410,-297
109000073,74,123,-49
109000074,34,220,-186
109000075,109,368,-259
109000076,105,223,-118
109000077,330,271,59
109000078,89,200,-111
109000079,163,187,-24
109000080,139,116,23
109000081,118,512,-394
109000082,508,263,245
109000083,261,656,-395
109000088,113,474,-361
109000089,216,49,167
109000090,163,427,-264
109000091,258,170,88
109000092,328,519,-191
109000093,179,196,-17
109000094,397,1,396
109000095,115,472,-357
109000096,438,275,163
109000097,72,183,-111
109000098,73,119,-46
109000099,967,449,518
109000100,226,691,-465
109000101,1124,765,359
109000102,283,815,-532
109000103,367,653,-286
109000104,1211,618,593
109000105,442,1182,-740
109000106,1772,786,986
109000107,611,1948,-1337
109000108,1541,593,948
109000109,422,1890,-1468
109000110,1170,507,663
109000111,1016,2098,-1082
109000112,406,133,273
109000113,498,211,287
109000114,157,373,-216
109000115,1372,130,1242
109000116,13,257,-244
109000117,151,94,57
109000118,11,326,-315
109000119,931,353,578
109000120,148,922,-774
109000121,375,65,310
109000122,76,833,-757
109000123,26,76,-50
109000124,547,490,57
109000125,689,436,253
109000126,453,824,-371
109000127,623,255,368
109000128,542,1947,-1405
109000129,1684,669,1015
109000130,541,2504,-1963
109000131,702,448,254
109000132,597,1969,-1372
109000133,377,984,-607
109000134,950,1609,-659
109000135,1182,1542,-360
109000136,374,342,32
109000137,278,378,-100
109000138,493,282,211
109000139,394,435,-41
109000140,184,473,-289
109000141,449,446,3
109000142,111,505,-394
109000143,78,94,-16
109000145,110,368,-258
109000146,135,130,5
109000148,3873,1305,2568
109000149,31,85,-54
109000150,190,162,28
109000155,582,637,-55
109000156,1365,740,625
109000158,95,300,-205
109000159,133,535,-402
109000160,937,228,709
109000161,370,1235,-865
109000162,1688,646,1042
109000163,940,1913,-973
109000164,1191,2658,-1467
109000165,1066,610,456
109000166,621,136,485
109000167,141,705,-564
109000170,46,53,-7
109000171,53,46,7
109000172,33,67,-34
109000173,39,75,-36
109000174,101,65,36
109000175,54,97,-43
109000176,242,192,50
109000177,30,155,-125
109000178,442,375,67
109000179,5351,3948,1403
109000180,5297,3034,2263
109000181,23,29,-6
109000182,44,39,5
109000183,42,36,6
109000184,44,30,14
109000185,23,75,-52
109000188,440,2300,-1860
109000189,2021,977,1044
109000190,411,516,-105
109000191,300,470,-170
109000192,313,239,74
109000193,157,344,-187
109000194,187,140,47
109000195,114,422,-308
109000196,237,84,153
109000197,114,430,-316
109000198,205,64,141
109000199,118,484,-366
109000206,238,21,217
109000207,107,31,76
109000208,101,70,31
109000209,146,127,19
109000210,167,517,-350
109000211,503,481,22
109000214,348,380,-32
109000215,168,79,89
109000216,360,198,162
109000217,139,95,44
109000218,309,148,161
109000221,516,1226,-710
109000222,857,266,591
109000223,289,226,63
109000224,47,176,-129
109000225,67,53,14
109000226,62,271,-209
109000227,850,1136,-286
109000228,1,544,-543
109000231,0,414,-414
109000232,300,454,-154
109000236,242,876,-634
109000241,2005,2114,-109
109000242,1712,1544,168
109000293,23,67,-44
109000361,144,242,-98
109000364,125,472,-347
109000396,8,608,-600
109000397,390,11,379
109000399,139,469,-330
109000400,106,300,-194
109000403,98,643,-545
109000406,538,30,508
109000407,200,245,-45
109000408,1,690,-689
109000410,953,284,669
109000411,193,34,159
109900001,77,0,77
109900002,745,9,736
109900003,254,1,253
109900004,903,165,738
109900005,35,3,32
109900006,286,226,60
109900007,562,707,-145
109900008,0,40,-40
109900009,100,581,-481
109900010,431,17,414
109900011,119,33,86
109900012,218,174,44
109900013,321,116,205
109900014,317,50,267
109900015,431,196,235
109900016,99,39,60
109900017,119,160,-41
109900018,207,64,143
109900019,157,77,80
109900020,20,68,-48
109900021,71,19,52
109900022,76,248,-172
109900023,17,10,7
109900024,14,3,11
109900025,24,64,-40
109900026,7,173,-166
109900027,36,60,-24
109900028,1760,729,1031
109900029,5,406,-401
109900030,32,8,24
109900031,2,84,-82
109900032,5,259,-254
109900033,2,470,-468
109900034,25,4,21
109900035,7,17,-10
109900036,12,75,-63
109900037,30,558,-528
109900038,31,241,-210
109900039,8,0,8
109900040,14,698,-684
109900041,76,345,-269
109900042,25,388,-363
109900044,85,264,-179
109900045,224,45,179
109900046,52,113,-61
109900047,280,341,-61
109900048,6,103,-97
109900049,10,30,-20
109900050,0,233,-233
109900051,2,39,-37
109900052,55,274,-219
109900053,4,401,-397
109900054,459,189,270
109900055,45,330,-285
109900056,28,159,-131
109900057,4,216,-212
109900058,0,109,-109
109900059,418,75,343
109900060,395,128,267
109900061,56,309,-253
109900062,0,206,-206
109900063,6,314,-308
109900064,560,240,320
109900065,88,114,-26
109900066,400,953,-553
109900067,1,339,-338
109900068,56,4,52
109900069,2,38,-36
109900070,38,352,-314
109900071,5,33,-28
109900072,24,175,-151
109900073,255,503,-248
109900074,10,50,-40
109900075,25,36,-11
109900076,14,467,-453
109900077,44,42,2
109900078,113,242,-129
109900080,84,308,-224
109900081,20,134,-114
109900082,31,375,-344
109900083,11,58,-47
109900084,90,170,-80
109900085,251,755,-504
109900086,108,340,-232
109900087,312,411,-99
109900089,507,220,287
109900090,445,1056,-611
109900091,264,113,151
109900092,585,21,564
109900093,623,135,488
109900094,100,109,-9
109900095,95,254,-159
109900096,23,3,20
109900097,83,0,83
109900098,416,25,391
109900099,120,1,119
109900100,57,0,57
109900101,342,11,331
109900102,379,25,354
109900103,51,40,11
109900104,487,926,-439
109900105,507,36,471
109900106,219,47,172
109900107,335,60,275
109900108,94,330,-236
109900109,27,149,-122
109900110,66,367,-301
109900111,250,1100,-850
109900112,338,732,-394
109900113,562,378,184
109900114,1181,322,859
109900115,117,87,30
109900117,719,127,592
109900118,260,416,-156
109900119,603,264,339
109900120,61,31,30
109900121,305,307,-2
109900122,352,5,347
109900123,6,197,-191
109900124,31,645,-614
109900125,1,186,-185
109900126,185,118,67
109900128,150,39,111
109900130,8642,2041,6601
109900131,55,162,-107
109900132,35,190,-155
109900133,57,285,-228
109900134,65,56,9
109900135,476,87,389
109900136,35,151,-116
109900137,103,358,-255
109900140,200,243,-43
109900142,986,293,693
109900145,4,354,-350
109900146,479,30,449
109900148,53,90,-37
109900149,48,53,-5
109900150,12,79,-67
109900151,4,53,-49
109900152,0,46,-46
109900153,1,55,-54
109900154,52,0,52
109900155,55,20,35
109900157,57,221,-164
109900158,62,148,-86
109900159,146,34,112
109900160,131,46,85
109900161,162,81,81
109900162,154,129,25
109900163,633,263,370
109900164,36,262,-226
109900165,179,4,175
109900166,4,157,-153
109900167,166,468,-302
109900168,175,653,-478
109900169,185,224,-39
109900170,285,730,-445
109900171,125,73,52
109900172,164,196,-32
109900173,3591,1963,1628
109900174,28,108,-80
109900175,73,80,-7
109900176,64,140,-76
109900177,42,257,-215
109900178,4,112,-108
109900179,59,29,30
109900180,19,6,13
110000001,981,574,407
110000002,644,678,-34
110000003,919,846,73
110000004,577,616,-39
110000005,587,1735,-1148
110000006,533,376,157
110000007,129,139,-10
110000008,24,50,-26
110000009,80,36,44
110000010,33,49,-16
110000011,60,88,-28
110000012,686,409,277
110000013,44,660,-616
110000014,595,432,163
110000015,297,544,-247
110000016,260,1624,-1364
110000017,3089,214,2875
110000018,2968,466,2502
110000019,8,119,-111
110000020,319,224,95
110000021,578,474,104
110000022,650,185,465
110000023,5,106,-101
110000024,716,423,293
110000025,247,2,245
110000026,6,315,-309
110000027,1287,315,972
110000028,942,716,226
110000029,667,900,-233
110000030,214,384,-170
110000031,379,615,-236
110000032,713,425,288
110000033,485,92,393
110000034,391,586,-195
110000035,914,577,337
110000036,1112,590,522
110000037,322,451,-129
110000038,230,644,-414
110000039,711,3008,-2297
110000040,330,341,-11
110000041,313,1399,-1086
110000042,111,231,-120
110000043,912,384,528
110000044,185,103,82
110000045,1098,145,953
110000046,13,14,-1
110000047,149,20,129
110000048,32,14,18
110000049,132,18,114
110000050,15,23,-8
110000051,108,13,95
110000052,39,41,-2
110000053,230,16,214
110000054,187,228,-41
110000055,829,34,795
110000056,278,55,223
110000057,433,701,-268
110000058,1510,546,964
110000059,827,481,346
110000060,658,1023,-365
110000061,894,841,53
110000062,697,943,-246
110000063,37,117,-80
110000064,138,96,42
110000065,62,70,-8
110000066,86,26,60
110000067,138,243,-105
110000068,397,307,90
110000069,186,91,95
110000071,107,128,-21
110000073,4,33,-29
110000075,4,98,-94
110000076,318,293,25
110000077,489,950,-461
110000078,21,37,-16
110000080,285,789,-504
110000081,33,265,-232
110000082,83,346,-263
110000083,326,707,-381
110000084,979,710,269
110000085,2243,1691,552
110000086,1349,1893,-544
110000087,5,58,-53
110000088,67,273,-206
110000089,217,135,82
110000090,117,271,-154
110000091,1349,388,961
110000092,24,86,-62
110000093,53,7,46
110000094,522,238,284
110000095,154,648,-494
110000096,2547,1935,612
110000097,1093,1279,-186
110000098,2085,682,1403
110000099,911,1698,-787
110000100,778,523,255
110000101,16,360,-344
110000102,61,52,9
110000104,358,133,225
110000105,96,262,-166
110000106,706,372,334
110000107,340,380,-40
110000108,143,50,93
110000109,269,275,-6
110000110,3421,4185,-764
110000111,6364,2825,3539
110000112,1216,939,277
110000113,494,1877,-1383
110000114,111,550,-439
110000115,277,268,9
110000116,28,54,-26
110000117,170,361,-191
110000118,341,181,160
110000119,202,352,-150
110000120,304,165,139
110000121,88,338,-250
110000122,375,592,-217
110000123,482,589,-107
110000124,3,851,-848
110000125,993,8,985
110000126,224,15,209
110000127,999,42,957
110000128,19,1252,-1233
110000129,2,456,-454
110000130,375,169,206
110000131,79,347,-268
110000132,4,700,-696
110000133,40,456,-416
110000134,26,372,-346
110000135,183,30,153
110000136,57,328,-271
110000137,648,602,46
110000138,654,693,-39
110000139,634,1221,-587
110000140,1199,638,561
110000143,702,391,311
110000144,4933,1420,3513
110000145,1808,687,1121
110000146,1595,658,937
110000147,352,651,-299
110000148,443,278,165
110000151,791,642,149
110000152,831,422,409
110000153,71,54,17
110000154,6,14,-8
110000155,1468,3604,-2136
110000156,1110,2300,-1190
110000157,1596,1668,-72
110000160,289,320,-31
110000161,153,343,-190
110000166,360,100,260
110000167,796,618,178
110000168,790,450,340
110000169,699,360,339
110000170,95,72,23
110000171,633,146,487
110000172,144,886,-742
110000173,1028,1381,-353
110000174,199,1179,-980
110000175,484,73,411
110000176,55,259,-204
110000177,140,918,-778
110000178,425,1069,-644
110000179,1307,399,908
110000180,194,306,-112
110000181,385,427,-42
110000182,329,225,104
110000183,10445,6238,4207
110000184,675,2014,-1339
110000185,1102,689,413
110000186,688,963,-275
110000191,539,396,143
110000192,397,5,392
110000193,848,4,844
110000194,14,1199,-1185
110000195,382,322,60
110000196,274,335,-61
110000197,75,157,-82
110000198,156,81,75
110000199,71,125,-54
110000200,1162,492,670
110000201,681,821,-140
110000202,1163,542,621
110000203,751,789,-38
110000204,2,254,-252
110000205,120,74,46
110000206,577,1313,-736
110000207,632,340,292
110000208,155,162,-7
110000209,96,785,-689
110000210,659,573,86
110000211,689,765,-76
110000212,344,862,-518
110000213,168,48,120
110000214,199,106,93
110000215,187,384,-197
110000216,103,424,-321
110000217,288,235,53
110000218,140,384,-244
110000219,239,64,175
110000220,119,307,-188
110000221,227,72,155
110000222,92,229,-137
110000223,5,121,-116
110000224,65,5,60
110000225,184,679,-495
110000226,214,69,145
110000227,612,675,-63
110000228,370,278,92
110000229,0,236,-236
110000230,491,682,-191
110000231,134,171,-37
110000232,183,190,-7
110000233,142,284,-142
110000234,617,390,227
110000235,1012,1030,-18
110000236,513,869,-356
110000237,1983,1281,702
110000238,1218,1483,-265
110000239,1798,1323,475
110000240,1,82,-81
110000242,0,10,-10
110000243,74,117,-43
110000244,101,324,-223
110000245,54,379,-325
110000246,678,533,145
110000247,1280,5775,-4495
110000248,2125,1908,217
110000249,66,6,60
110000250,34,278,-244
110000251,235,872,-637
110000252,208,222,-14
110000253,1164,795,369
110000254,602,1492,-890
110000255,240,996,-756
110000256,449,269,180
110000257,654,443,211
110000258,5,535,-530
110000259,101,15,86
110000260,19,318,-299
110000263,539,143,396
110000264,253,458,-205
110000265,883,1701,-818
110000266,1777,2233,-456
110000267,22,167,-145
110000268,254,442,-188
110000269,0,53,-53
110000270,51,1,50
110000271,1885,281,1604
110000272,1037,916,121
110000273,3609,1251,2358
110000274,199,1135,-936
110000275,2106,439,1667
110000276,244,275,-31
110000277,200,349,-149
110000278,233,712,-479
110000279,745,600,145
110000280,288,364,-76
110000281,30,238,-208
110000282,214,50,164
110000283,61,87,-26
110000284,68,54,14
110000285,1,324,-323
110000286,21,0,21
110000287,49,3,46
110000288,0,74,-74
110000289,463,1570,-1107
110000290,940,589,351
110000291,5888,1279,4609
110000292,1283,3606,-2323
110000293,503,660,-157
110000294,822,964,-142
110000295,130,892,-762
110000296,354,320,34
110000297,2475,378,2097
110000298,256,727,-471
110000299,433,80,353
110000301,212,23,189
110000302,233,990,-757
110000303,348,15,333
110000304,129,276,-147
110000305,975,17,958
110000306,129,1414,-1285
110000307,1348,11,1337
110000308,554,4,550
110000309,10,868,-858
110000310,560,80,480
110000311,34,712,-678
110000312,460,88,372
110000313,2595,4473,-1878
110000314,1,337,-336
110000315,3700,2208,1492
110000316,560,1190,-630
110000317,441,286,155
110000318,4,89,-85
110000319,5,17,-12
110000320,63,39,24
110000321,5,41,-36
110000322,292,363,-71
110000323,357,181,176
110000324,3816,1309,2507
110000325,2534,2216,318
110000327,506,332,174
110000328,228,401,-173
110000333,716,493,223
110000334,658,1328,-670
110000335,727,445,282
110000336,565,1067,-502
110000337,1151,479,672
110000338,333,198,135
110000339,181,207,-26
110000340,49,187,-138
110000341,369,462,-93
110000342,462,8,454
110000343,0,14,-14
110000344,74,130,-56
110000345,167,73,94
110000346,2230,1819,411
110000347,1018,687,331
110000348,47,25,22
110000349,17,30,-13
110000350,28,1,27
110000351,839,796,43
110000352,573,1691,-1118
110000353,2860,736,2124
110000354,1358,2625,-1267
110000355,100,76,24
110000356,622,6,616
110000357,279,14,265
110000361,4,49,-45
110000362,29,27,2
110000363,279,107,172
110000364,181,326,-145
110000365,157,2,155
110000366,0,127,-127
110000367,307,217,90
110000368,8,65,-57
110000369,27,5,22
110000373,3,299,-296
110000374,158,20,138
110000375,96,870,-774
110000376,36,126,-90
110000377,56,580,-524
110000378,17,351,-334
110000379,3212,1500,1712
110000380,46,8,38
110000383,1,960,-959
110000384,2080,578,1502
110000385,0,177,-177
110000387,136,49,87
110000388,35,240,-205
110000389,781,19,762
110000391,427,373,54
110000396,140,127,13
110000397,83,175,-92
110000398,5,45,-40
110000399,194,1,193
110000587,136,25,111
110000589,199,159,40
110000640,235,72,163
110000652,32,97,-65
110000653,338,361,-23
110000654,141,50,91
110000656,2,645,-643
110000674,51,14,37
110000675,13,9,4
110000676,5,28,-23
110000679,398,1132,-734
110000682,87,165,-78
110000683,356,615,-259
110000684,3,37,-34
110000685,16,16,0
110000686,8,31,-23
110000687,40,1,39
110000688,69,829,-760
110000689,49,51,-2
110000692,64,162,-98
110000693,157,214,-57
110000694,0,184,-184
110000695,180,589,-409
110000696,110,153,-43
110900001,267,11,256
110900002,435,220,215
110900003,622,694,-72
110900004,298,178,120
110900005,3221,1772,1449
110900006,43,15,28
110900007,109,18,91
110900008,10,80,-70
110900009,364,87,277
110900010,6,47,-41
110900011,15,95,-80
110900012,6,87,-81
110900013,876,184,692
110900014,266,8,258
110900015,648,511,137
110900016,29,163,-134
110900017,316,45,271
110900018,416,55,361
110900019,210,16,194
110900020,43,289,-246
110900021,50,525,-475
110900022,92,290,-198
110900023,79,468,-389
110900024,25,446,-421
110900025,9,92,-83
110900027,37,216,-179
110900028,53,149,-96
110900029,20,312,-292
110900030,43,296,-253
110900031,0,158,-158
110900032,2,72,-70
110900033,11,179,-168
110900035,34,547,-513
110900036,68,10,58
110900037,67,18,49
110900038,1128,187,941
110900039,20,276,-256
110900040,180,34,146
110900041,10,103,-93
110900042,121,67,54
110900043,1,131,-130
110900044,229,17,212
110900045,30,510,-480
110900046,46,304,-258
110900047,606,256,350
110900049,40,67,-27
110900050,19,3,16
110900051,29,174,-145
110900052,4,160,-156
110900053,95,34,61
110900054,34,224,-190
110900055,20,1,19
110900056,43,82,-39
110900057,13,211,-198
110900058,220,229,-9
110900059,542,567,-25
110900060,365,117,248
110900061,21,41,-20
110900062,123,238,-115
110900063,52,108,-56
110900064,14,0,14
110900065,384,131,253
110900066,13,95,-82
110900067,359,578,-219
110900068,251,203,48
110900069,5,29,-24
110900070,116,56,60
110900071,281,471,-190
110900073,0,33,-33
110900074,251,86,165
110900075,362,89,273
110900077,584,521,63
110900078,8,50,-42
110900079,2343,1077,1266
110900080,102,72,30
110900081,3,32,-29
110900082,106,150,-44
110900083,101,45,56
110900084,27,67,-40
110900085,34,412,-378
110900086,43,238,-195
110900087,244,68,176
110900088,12,0,12
110900090,35,31,4
110900091,1,62,-61
110900093,235,92,143
110900095,61,49,12
110900097,6,10,-4
110900098,44,95,-51
110900099,28,441,-413
110900100,0,21,-21
110900102,86,24,62
110900105,439,339,100
110900108,12,91,-79
110900111,316,116,200
110900112,674,6,668
110900113,548,26,522
110900115,5,84,-79
110900116,535,1915,-1380
110900118,151,2573,-2422
110900119,3990,350,3640
110900120,14,244,-230
110900121,107,2,105
110900122,336,168,168
110900125,259,367,-108
110900127,484,1243,-759
110900128,360,392,-32
110900129,380,651,-271
110900130,1128,610,518
110900131,160,56,104
110900132,206,32,174
110900133,65,216,-151
110900135,77,349,-272
110900136,248,5,243
110900138,0,0,0
110900139,17,0,17
110900140,1,0,1
110900141,496,134,362
110900142,28,210,-182
110900143,150,72,78
110900144,4,672,-668
110900145,152,24,128
110900146,415,121,294
110900147,128,368,-240
110900148,1,321,-320
110900149,20,111,-91
110900150,50,25,25
110900151,5,71,-66
110900152,33,275,-242
110900153,66,32,34
111000001,1053,610,443
111000002,882,775,107
111000003,1152,1077,75
111000004,734,1173,-439
111000005,1285,1457,-172
111000006,1170,1615,-445
111000007,4502,3612,890
111000008,3358,3981,-623
111000009,393,916,-523
111000010,818,309,509
111000011,445,1037,-592
111000012,773,580,193
111000013,362,963,-601
111000014,1328,768,560
111000017,145,855,-710
111000018,254,388,-134
111000020,1432,3008,-1576
111000021,92,132,-40
111000023,87,92,-5
111000025,5453,3253,2200
111000029,71,116,-45
111000030,48,98,-50
111000031,1902,1302,600
111000032,628,327,301
111000033,292,282,10
111000034,293,277,16
111000037,2429,1440,989
111000038,3774,2636,1138
111000039,2059,2636,-577
111000040,1566,2829,-1263
111000041,1819,2123,-304
111000042,4281,2901,1380
111000043,1710,2808,-1098
111000044,1507,1049,458
111000045,1959,1888,71
111000046,1323,1475,-152
111000047,2055,3403,-1348
111000049,452,589,-137
111000050,1997,1664,333
111000051,488,1327,-839
111000052,527,1960,-1433
111000053,389,1043,-654
111000054,403,1098,-695
111000055,1236,2064,-828
111000056,107,639,-532
111000057,102,708,-606
111000058,285,95,190
111000059,438,302,136
111000060,3158,1150,2008
111000061,499,359,140
111000062,579,341,238
111000063,1679,952,727
111000064,492,601,-109
111000065,976,871,105
111000066,447,369,78
111000067,569,794,-225
111000068,570,1043,-473
111000069,1617,2148,-531
111000070,1811,1179,632
111000071,278,726,-448
111000072,836,501,335
111000073,240,787,-547
111000074,1481,1605,-124
111000075,893,614,279
111000076,478,588,-110
111000077,1585,1818,-233
111000078,2749,1494,1255
111000079,1451,923,528
111000080,555,761,-206
111000081,1711,4390,-2679
111000082,706,719,-13
111000084,977,620,357
111000085,1210,1765,-555
111000086,2827,1472,1355
111000087,765,859,-94
111000088,5596,2107,3489
111000089,808,924,-116
111000090,1193,1553,-360
111000091,737,635,102
111000092,1140,933,207
111000093,563,1045,-482
111000094,1600,1220,380
111000095,534,2445,-1911
111000096,2029,7708,-5679
111000097,5080,1625,3455
111000098,809,1369,-560
111000099,561,2242,-1681
111000100,317,1881,-1564
111000101,344,737,-393
111000102,194,582,-388
111000104,573,193,380
111000107,81,616,-535
111000109,407,255,152
111000110,1542,760,782
111000111,1917,553,1364
111000112,1561,605,956
111000113,937,1475,-538
111000114,2371,3557,-1186
111000115,6686,1268,5418
111000116,851,1145,-294
111000117,482,1184,-702
111000118,1378,975,403
111000119,1013,1261,-248
111000120,488,678,-190
111000121,331,698,-367
111000122,637,1027,-390
111000123,1013,2841,-1828
111000124,572,3017,-2445
111000125,265,1773,-1508
111000126,111,888,-777
111000127,715,194,521
111000128,1354,350,1004
111000129,2544,426,2118
111000130,1567,690,877
111000131,1255,642,613
111000132,971,640,331
111000133,172,170,2
111000134,121,118,3
111000135,35,104,-69
111000136,332,313,19
111000138,11,17,-6
111000140,3,8,-5
111000141,304,408,-104
111000142,28,124,-96
111000143,16,144,-128
111000144,65,202,-137
111000145,2817,34,2783
111000146,107,26,81
111000147,376,61,315
111000148,405,91,314
111000149,12,39,-27
111000150,258,12,246
111000151,3,45,-42
111000153,597,580,17
111000154,883,206,677
111000155,127,198,-71
111000156,362,493,-131
111000157,204,851,-647
111000158,1054,797,257
111000159,2739,704,2035
111000160,403,321,82
111000161,28,260,-232
111000162,72,225,-153
111000163,690,1071,-381
111000164,875,4171,-3296
111000165,1319,639,680
111000166,2154,450,1704
111000167,170,561,-391
111000168,216,527,-311
111000169,358,673,-315
111000170,513,530,-17
111000171,445,753,-308
111000172,156,564,-408
111000173,483,1178,-695
111000174,192,468,-276
111000175,60,259,-199
111000176,310,157,153
111000177,258,257,1
111000178,1148,283,865
111000179,175,188,-13
111000180,253,407,-154
111000181,720,265,455
111000182,144,284,-140
111000183,230,381,-151
111000184,337,316,21
111000185,309,508,-199
111000186,241,336,-95
111000187,90,264,-174
111000188,188,435,-247
111000189,1186,555,631
111000190,204,447,-243
111000191,151,430,-279
111000192,225,654,-429
111000193,307,359,-52
111000194,39,353,-314
111000195,150,360,-210
111000196,38,217,-179
111000197,290,123,167
111000198,426,95,331
111000199,149,131,18
111000200,259,324,-65
111000201,405,246,159
111000202,186,216,-30
111000203,217,200,17
111000204,502,725,-223
111000213,168,412,-244
111000214,1523,1710,-187
111000215,1000,1547,-547
111000217,1367,1080,287
111000218,1298,1004,294
111000219,450,205,245
111000220,2054,645,1409
111000221,866,90,776
111000224,110,425,-315
111000225,363,261,102
111000226,196,5,191
111000227,50,4,46
111000228,13,327,-314
111000229,36,656,-620
111000230,271,418,-147
111000231,961,1024,-63
111000232,412,838,-426
111000233,637,756,-119
111000234,123,308,-185
111000239,116,158,-42
111000240,24,182,-158
111000241,18,313,-295
111000242,107,70,37
111000243,84,569,-485
111000244,301,128,173
111000245,950,542,408
111000246,396,499,-103
111000247,232,976,-744
111000248,641,461,180
111000249,416,801,-385
111000250,33,86,-53
111000251,69,99,-30
111000253,4,21,-17
111000255,19,8,11
111000257,12,14,-2
111000260,60,1120,-1060
111000261,1040,106,934
111000271,59,263,-204
111000273,5519,1656,3863
111000274,1113,2209,-1096
111000275,132,69,63
111000276,296,1958,-1662
111000277,252,350,-98
111000278,620,260,360
111000291,726,4924,-4198
111000298,668,262,406
111000299,637,107,530
111000300,78,673,-595
111000302,209,83,126
111000303,56,215,-159
111000312,35,69,-34
111000315,25,264,-239
111000320,338,704,-366
111000321,324,110,214
111000322,318,420,-102
111000323,120,23,97
111000324,326,228,98
111000325,34,58,-24
111000326,169,432,-263
111000327,426,553,-127
111000328,207,489,-282
111000329,2,44,-42
111000330,71,24,47
111000331,11,9,2
111000332,457,1460,-1003
111000334,305,1529,-1224
111000335,690,274,416
111000337,948,462,486
111000338,50,99,-49
111000339,397,448,-51
111000340,92,670,-578
111000341,1123,731,392
111000342,399,581,-182
111000344,856,805,51
111000345,443,90,353
111000346,39,142,-103
111000347,189,3,186
111000350,185,162,23
111000351,147,219,-72
111000352,137,75,62
111000353,141,256,-115
111000354,482,120,362
111000355,295,550,-255
111000358,139,1357,-1218
111000360,168,689,-521
111000361,99,297,-198
111000546,523,645,-122
111000547,267,525,-258
111000548,74,242,-168
111000549,215,310,-95
111000550,78,658,-580
111000551,599,177,422
111000552,2871,148,2723
111000907,674,6,668
111000908,34,0,34
111000916,1354,357,997
111000917,51,590,-539
111000918,119,929,-810
111000920,488,33,455
111000921,7,302,-295
111000922,299,333,-34
111000924,30,891,-861
111000925,1842,2440,-598
111000926,850,2317,-1467
111000927,2412,5543,-3131
111000928,4936,4457,479
111000929,959,1206,-247
111000930,745,2742,-1997
111000931,1621,2655,-1034
111000932,4363,2750,1613
111000933,3566,2008,1558
111000934,2335,3454,-1119
111000935,1308,977,331
111000936,1194,2492,-1298
111000937,970,1308,-338
111000938,1787,2352,-565
111000939,362,75,287
111000940,375,192,183
111000941,235,487,-252
111000943,291,234,57
111000944,121,426,-305
111000945,104,1707,-1603
111001109,504,285,219
111001110,220,667,-447
111001111,39,16,23
111001112,184,15,169
111001113,3,223,-220
111001114,1250,136,1114
111001115,116,314,-198
111001116,4835,3770,1065
111001117,582,2611,-2029
111001120,111,289,-178
111001121,204,350,-146
111001122,166,577,-411
111001123,244,127,117
111001124,131,272,-141
111001125,3,65,-62
111001126,15,133,-118
111900001,0,116,-116
111900002,4,683,-679
111900003,1,364,-363
111900004,21,163,-142
111900006,4,34,-30
111900007,49,4,45
111900008,120,0,120
111900009,102,69,33
111900010,378,663,-285
111900012,125,117,8
111900013,15,47,-32
111900014,6029,2760,3269
111900015,4,73,-69
111900016,0,161,-161
111900017,1,145,-144
111900018,246,6,240
111900019,3,74,-71
111900020,6,28,-22
111900021,30,117,-87
111900022,3,84,-81
111900023,109,94,15
111900024,19,61,-42
111900025,0,48,-48
111900026,0,102,-102
111900027,2,188,-186
111900028,2,334,-332
111900029,3,118,-115
111900030,61,322,-261
111900031,12,40,-28
111900032,3,353,-350
111900033,5,118,-113
111900034,440,547,-107
111900035,29,234,-205
111900036,1,339,-338
111900038,295,676,-381
111900039,64,467,-403
111900040,3,641,-638
111900042,24,125,-101
111900043,3,382,-379
111900044,351,269,82
111900046,33,191,-158
111900048,95,549,-454
111900049,30,298,-268
111900050,103,29,74
111900051,3,177,-174
111900052,494,706,-212
111900053,1074,790,284
111900054,123,3,120
111900055,16,262,-246
111900056,166,146,20
111900057,50,58,-8
111900058,307,685,-378
111900059,2168,446,1722
111900060,260,2,258
111900061,8,125,-117
111900062,14,59,-45
111900063,299,213,86
111900064,126,151,-25
111900065,23,20,3
111900066,89,158,-69
111900067,0,348,-348
111900068,51,31,20
111900069,40,11,29
111900070,103,112,-9
111900071,2,196,-194
111900072,17,9,8
111900073,658,103,555
111900074,12,147,-135
111900075,53,2,51
111900076,110,55,55
111900077,23,1,22
111900078,170,13,157
111900079,30,30,0
111900080,264,175,89
111900082,60,21,39
111900083,113,11,102
111900084,71,15,56
111900085,28,96,-68
111900086,20,1,19
111900087,38,1,37
111900088,397,4,393
111900089,56,2,54
111900090,62,15,47
111900091,86,3,83
111900092,74,0,74
111900093,291,3,288
111900094,97,1,96
111900095,111,22,89
111900096,86,0,86
111900097,26,0,26
111900098,140,2,138
111900099,52,0,52
111900100,48,2,46
111900101,77,22,55
111900102,321,655,-334
111900103,76,59,17
111900104,84,66,18
111900105,263,173,90
111900106,1041,56,985
111900110,2083,346,1737
111900111,103,138,-35
111900112,629,1582,-953
111900113,256,60,196
111900118,298,79,219
111900119,281,124,157
111900122,88,52,36
111900123,16,14,2
111900124,22,114,-92
111900125,400,26,374
111900126,230,4,226
111900127,3,766,-763
111900128,0,561,-561
111900129,265,46,219
111900130,198,27,171
111900131,362,1,361
111900132,34,1023,-989
111900133,6,349,-343
111900134,8,256,-248
111900135,5,9,-4
111900136,87,125,-38
111900137,58,97,-39
111900138,17,112,-95
111900139,15,193,-178
111900140,55,9,46
111900141,45,10,35
111900142,46,16,30
111900143,56,220,-164
111900144,1,75,-74
111900145,1,480,-479
111900146,1,264,-263
111900147,161,452,-291
111900148,28,735,-707
111900149,11,328,-317
111900150,10,160,-150
111900151,6,37,-31
111900152,87,68,19
111900153,1560,387,1173
111900154,6,113,-107
111900155,46,64,-18
111900156,38,46,-8
111900157,55,18,37
111900158,365,21,344
111900159,167,4,163
111900160,190,1,189
111900161,71,2,69
111900162,88,164,-76
111900163,27,234,-207
111900164,100,59,41
111901113,270,215,55
111901114,100,211,-111
111901115,49,2,47
111901116,36,0,36
111901117,16,14,2
111901118,100,126,-26
111901119,1052,54,998
111901121,242,291,-49
111901122,6,625,-619
111901123,131,383,-252
111901124,134,3,131
111901125,292,305,-13
111901127,613,428,185
111901128,20,81,-61
111901129,7,104,-97
111901130,2,197,-195
111901131,5,217,-212
111901132,80,17,63
111901133,37,4,33
111901134,36,3,33
111901135,13,8,5
111901136,16,32,-16
111901137,0,3,-3
111901138,174,55,119
111901139,17,47,-30
111901140,3,125,-122
111901141,10,222,-212
111901142,7,142,-135
111901143,1,64,-63
111901144,46,49,-3
111901145,160,304,-144
111901146,499,23,476
111901147,645,92,553
111901148,11,52,-41
111901149,3,5,-2
112000001,1709,843,866
112000002,785,2535,-1750
112000003,1069,950,119
112000004,719,1257,-538
112000005,2612,2648,-36
112000006,2184,2171,13
112000007,2261,1587,674
112000008,2474,3862,-1388
112000009,3974,3867,107
112000010,3033,2968,65
112000011,2411,2228,183
112000012,5348,3146,2202
112000013,6374,3308,3066
112000014,4190,871,3319
112000015,4644,2992,1652
112000016,7980,895,7085
112000017,3542,1400,2142
112000024,2499,966,1533
112000026,4421,5424,-1003
112000027,1046,595,451
112000028,1835,1755,80
112000029,350,711,-361
112000030,211,107,104
112000031,1610,4335,-2725
112000032,514,52,462
112000033,2318,1067,1251
112000034,455,45,410
112000035,103,231,-128
112000036,1415,669,746
112000037,1306,632,674
112000038,1298,720,578
112000039,62,71,-9
112000040,102,238,-136
112000041,597,546,51
112000042,1182,379,803
112000050,1331,1890,-559
112000051,951,1148,-197
112000054,1908,2570,-662
112000057,436,406,30
112000058,356,598,-242
112000059,597,999,-402
112000061,3893,2640,1253
112000062,1729,646,1083
112000063,1537,1839,-302
112000064,4429,5935,-1506
112000065,2304,2566,-262
112000066,3757,1577,2180
112000067,854,697,157
112000068,3383,2168,1215
112000069,858,1941,-1083
112000070,2049,855,1194
112000071,1007,2468,-1461
112000072,1975,948,1027
112000073,1901,1862,39
112000074,1742,970,772
112000075,1622,1305,317
112000076,3698,2635,1063
112000077,529,655,-126
112000078,1557,686,871
112000079,1146,1214,-68
112000080,642,924,-282
112000081,1632,2273,-641
112000082,1519,972,547
112000083,717,1379,-662
112000084,1174,914,260
112000085,1204,1172,32
112000086,1859,1652,207
112000087,341,419,-78
112000088,542,708,-166
112000089,274,361,-87
112000090,252,363,-111
112000091,658,1206,-548
112000092,1496,1205,291
112000093,1495,1005,490
112000094,540,933,-393
112000095,612,848,-236
112000096,404,827,-423
112000097,1006,478,528
112000098,873,1161,-288
112000099,661,1081,-420
112000100,1366,922,444
112000101,504,985,-481
112000102,972,562,410
112000103,311,1188,-877
112000105,640,1815,-1175
112000106,1560,435,1125
112000107,74,176,-102
112000108,261,1895,-1634
112000109,116,101,15
112000110,1856,649,1207
112000111,1126,3092,-1966
112000112,3468,617,2851
112000113,901,1639,-738
112000114,2385,1024,1361
112000115,416,421,-5
112000116,375,935,-560
112000117,1104,901,203
112000118,1250,907,343
112000119,444,871,-427
112000120,83,421,-338
112000121,94,570,-476
112000122,226,140,86
112000123,523,185,338
112000124,298,80,218
112000125,169,155,14
112000126,159,651,-492
112000127,2220,1678,542
112000128,958,606,352
112000129,146,119,27
112000130,170,61,109
112000131,47,376,-329
112000132,114,272,-158
112000133,401,285,116
112000134,381,352,29
112000135,937,596,341
112000136,1171,1112,59
112000137,1581,1384,197
112000138,2050,1216,834
112000139,1072,524,548
112000140,1134,1193,-59
112000141,673,398,275
112000142,263,665,-402
112000143,1055,290,765
112000144,346,1358,-1012
112000145,2066,614,1452
112000146,582,2376,-1794
112000147,1933,1755,178
112000148,1848,2541,-693
112000149,352,708,-356
112000150,246,646,-400
112000151,341,468,-127
112000152,226,495,-269
112000153,223,265,-42
112000154,93,163,-70
112000155,190,86,104
112000157,833,558,275
112000158,199,599,-400
112000159,484,368,116
112000167,323,94,229
112000169,437,439,-2
112000173,539,196,343
112000175,344,433,-89
112000176,3599,2407,1192
112000177,559,112,447
112000178,85,501,-416
112000179,154,112,42
112000180,233,408,-175
112000181,1335,2056,-721
112000182,892,1954,-1062
112000183,50,70,-20
112000184,314,475,-161
112000185,411,566,-155
112000187,3705,2261,1444
112000195,165,20,145
112000196,207,3,204
112000197,178,111,67
112000198,37,289,-252
112000199,1226,1041,185
112000202,371,14,357
112000216,82,252,-170
112000230,83,10,73
112000231,9,237,-228
112000256,36,222,-186
112000313,99,106,-7
112000314,64,21,43
112000337,233,527,-294
112000352,470,316,154
112000392,1428,1627,-199
112000398,1135,880,255
112000399,3808,2075,1733
112000400,1631,4005,-2374
112000401,3005,2973,32
112000402,2560,2448,112
112000403,2962,2784,178
112000404,707,705,2
112000405,1595,2684,-1089
112000406,3815,3111,704
112000407,5627,7379,-1752
112000408,8750,7778,972
112000409,1870,5644,-3774
112000410,444,188,256
112000411,3996,1235,2761
112000412,1301,425,876
112000413,9196,4275,4921
112000414,72,112,-40
112000415,101,40,61
112000416,2078,1341,737
112000417,215,66,149
112000421,35,118,-83
112000422,347,406,-59
112000424,2521,2437,84
112000425,389,1126,-737
112000426,102,330,-228
112000427,1,9,-8
112000428,241,404,-163
112000429,2427,3183,-756
112000430,2984,3248,-264
112000431,106,153,-47
112000432,583,1627,-1044
112000433,459,833,-374
112000437,54,253,-199
112900001,46,4,42
112900002,326,1162,-836
112900003,52,408,-356
112900004,57,249,-192
112900005,179,277,-98
112900006,11,332,-321
112900007,42,213,-171
112900008,1,22,-21
112900009,328,70,258
112900010,289,773,-484
112900011,194,275,-81
112900012,0,44,-44
112900013,2,117,-115
112900014,3,216,-213
112900015,301,756,-455
112900016,0,285,-285
112900017,21,213,-192
112900018,2,262,-260
112900019,46,156,-110
112900020,337,1123,-786
112900021,1,243,-242
112900022,4,76,-72
112900023,1,230,-229
112900024,34,220,-186
112900025,74,367,-293
112900026,3,248,-245
112900027,10,1268,-1258
112900028,36,109,-73
112900029,6,654,-648
112900030,210,200,10
112900031,8,507,-499
112900032,124,247,-123
112900034,1,71,-70
112900035,5,443,-438
112900036,36,126,-90
112900037,155,141,14
112900038,426,92,334
112900039,34,294,-260
112900040,6,262,-256
112900041,929,992,-63
112900042,50,289,-239
112900043,24,28,-4
112900044,492,442,50
112900045,426,306,120
112900046,196,57,139
112900047,14,16,-2
112900049,162,78,84
112900050,58,548,-490
112900051,318,605,-287
112900052,7,765,-758
112900053,285,108,177
112900054,178,37,141
112900055,148,24,124
112900056,328,130,198
112900057,20,502,-482
112900058,260,306,-46
112900059,78,135,-57
112900060,12,164,-152
112900061,62,151,-89
112900062,57,157,-100
112900063,162,15,147
112900064,180,252,-72
112900065,26,18,8
112900066,167,112,55
112900067,344,170,174
112900068,40,45,-5
112900069,2100,657,1443
112900071,14,7,7
112900072,244,1522,-1278
112900073,248,56,192
112900074,59,209,-150
112900075,1568,818,750
112900076,101,22,79
112900078,232,405,-173
112900079,186,29,157
112900080,35,8,27
112900081,42,135,-93
112900082,509,23,486
112900083,110,72,38
112900084,165,94,71
112900086,52,1,51
112900087,536,105,431
112900088,100,21,79
112900089,620,24,596
112900090,26,12,14
112900091,154,6,148
112900092,112,183,-71
112900093,1106,21,1085
112900095,31,0,31
112900096,339,127,212
112900097,57,326,-269
112900098,69,1,68
112900099,659,18,641
112900100,53,2,51
112900101,202,5,197
112900102,87,3,84
112900103,182,2,180
112900104,481,6,475
112900105,15,0,15
112900106,361,109,252
112900107,2,1,1
112900108,107,0,107
112900109,60,1,59
112900110,770,7,763
112900111,694,4,690
112900112,224,0,224
112900113,0,12,-12
112900114,101,29,72
112900115,901,2,899
112900116,119,39,80
112900117,73,124,-51
112900118,25,90,-65
112900119,123,1,122
112900120,716,232,484
112900121,149,227,-78
112900122,26,105,-79
112900123,147,19,128
112900124,11,99,-88
112900125,45,336,-291
112900126,183,199,-16
112900127,399,88,311
112900128,323,737,-414
112900129,1,908,-907
112900130,217,56,161
112900131,36,238,-202
112900132,112,373,-261
112900133,26,1000,-974
112900134,1,216,-215
112900135,113,26,87
112900137,2,645,-643
112900138,2,366,-364
112900139,224,1117,-893
112900141,650,26,624
112900142,75,117,-42
112900143,40,506,-466
112900144,2,284,-282
112900145,43,498,-455
112900146,7,1333,-1326
112900147,3,1843,-1840
112900148,67,1,66
112900149,206,449,-243
112900151,14,108,-94
112900152,4034,944,3090
112900153,1941,1737,204
112900154,1,146,-145
112900155,197,29,168
112900156,180,1370,-1190
112900157,328,88,240
112900158,50,24,26
112900159,206,66,140
112900160,66,217,-151
112900161,99,30,69
112900162,26,13,13
112900163,119,36,83
112900164,31,172,-141
112900165,92,59,33
112900166,16,44,-28
112900167,1,25,-24
112900168,2,3,-1
112900169,10,10,0
112900170,44,113,-69
112900172,80,16,64
112900173,210,107,103
112900174,273,49,224
112900175,140,126,14
112900176,15,28,-13
112900177,225,53,172
112900178,657,2643,-1986
112900179,34,483,-449
112900180,1891,1562,329
112900181,370,4,366
112900182,51,1161,-1110
112900183,112,226,-114
112900184,485,346,139
112900185,269,492,-223
112900186,1380,772,608
112900187,66,441,-375
112900188,844,240,604
112900189,6,27,-21
112900190,5,57,-52
112900192,524,550,-26
112900193,1095,303,792
112900194,58,136,-78
112900195,908,38,870
112900196,203,401,-198
112900197,159,304,-145
112900199,522,564,-42
112900200,373,249,124
112900201,51,78,-27
112900202,261,868,-607
112900203,150,308,-158
112900204,903,458,445
112900205,12,19,-7
112900206,10,82,-72
112900207,5,0,5
112900208,80,284,-204
112900209,517,363,154
112900210,0,35,-35
112900211,49,89,-40
112900212,1,111,-110
112900213,32,17,15
112900214,14,14,0
112900215,11,189,-178
112900216,37,67,-30
112900217,2,46,-44
112900218,52,29,23
112900219,64,11,53
112900220,1,0,1
112900221,18,98,-80
112900222,0,15,-15
112900223,942,7,935
112900224,253,530,-277
112900225,332,366,-34
112900226,163,268,-105
112900227,389,1507,-1118
112900228,24,26,-2
112900229,104,87,17
112900230,6423,3600,2823
112900232,208,242,-34
112900233,64,153,-89
112900234,3,123,-120
112900235,124,28,96
112900236,172,11,161
112900237,177,265,-88
112900238,4,55,-51
112900239,969,371,598
112900240,5,106,-101
112900241,55,134,-79
112900242,7,139,-132
112900243,7,144,-137
112900244,6,78,-72
112900245,1,50,-49
112900246,0,8,-8
112900247,105,24,81
112900248,13,1,12
112900249,27,7,20
112900250,40,23,17
112900251,40,20,20
112900252,25,33,-8
112900253,13,9,4
112900254,10,6,4
112900255,1,20,-19
112900256,3,26,-23
112900257,7,39,-32
112900258,2,0,2
113000001,5177,7103,-1926
113000002,3677,4211,-534
113000003,1945,3034,-1089
113000004,2066,3004,-938
113000005,1811,1270,541
113000006,1235,1868,-633
113000007,2187,1498,689
113000008,2076,2093,-17
113000009,827,1067,-240
113000010,1088,1844,-756
113000011,640,1418,-778
113000012,1374,998,376
113000013,1899,667,1232
113000014,1790,1314,476
113000015,640,212,428
113000016,533,526,7
113000017,32,259,-227
113000018,525,79,446
113000019,108,238,-130
113000020,395,42,353
113000021,2046,714,1332
113000022,654,1107,-453
113000025,194,341,-147
113000026,446,371,75
113000027,1207,417,790
113000028,1130,300,830
113000029,761,746,15
113000030,431,705,-274
113000031,267,350,-83
113000032,283,354,-71
113000033,300,529,-229
113000034,417,366,51
113000035,30,28,2
113000036,18,39,-21
113000037,68,35,33
113000038,8,51,-43
113000039,56,664,-608
113000040,64,94,-30
113000042,919,634,285
113000051,887,3074,-2187
113000052,1987,1259,728
113000053,349,569,-220
113000054,268,1036,-768
113000055,1129,791,338
113000056,810,1169,-359
113000058,884,956,-72
113000059,1242,769,473
113000060,242,632,-390
113000061,472,942,-470
113000062,1180,326,854
113000063,149,160,-11
113000064,45,364,-319
113000065,190,997,-807
113000066,626,111,515
113000067,1707,1471,236
113000068,406,1687,-1281
113000069,499,1506,-1007
113000070,1989,1040,949
113000071,311,676,-365
113000072,682,441,241
113000073,467,1533,-1066
113000074,1000,521,479
113000075,2086,802,1284
113000076,1173,1872,-699
113000077,1419,543,876
113000078,962,2536,-1574
113000079,946,858,88
113000080,854,575,279
113000081,755,919,-164
113000082,1212,844,368
113000083,578,1021,-443
113000084,1675,1407,268
113000085,921,781,140
113000086,1274,1604,-330
113000087,1032,1010,22
113000088,2690,1440,1250
113000089,891,1769,-878
113000090,269,631,-362
113000091,511,414,97
113000094,1503,232,1271
113000095,332,908,-576
113000096,164,756,-592
113000097,1214,332,882
113000098,111,28,83
113000099,1109,353,756
113000100,174,375,-201
113000101,399,521,-122
113000102,527,412,115
113000103,2975,573,2402
113000104,417,3043,-2626
113000105,569,519,50
113000106,328,523,-195
113000107,889,1016,-127
113000108,1114,1603,-489
113000109,730,5088,-4358
113000110,1636,546,1090
113000111,213,1015,-802
113000112,478,536,-58
113000113,1536,498,1038
113000114,400,1948,-1548
113000116,710,264,446
113000117,776,121,655
113000118,203,620,-417
113000119,405,327,78
113000120,106,312,-206
113000121,740,795,-55
113000124,208,124,84
113000125,46,713,-667
113000127,3003,484,2519
113000128,431,631,-200
113000129,537,1189,-652
113000133,2705,1666,1039
113000134,8,1335,-1327
113000135,3548,4459,-911
113000137,1936,2972,-1036
113000139,342,248,94
113000140,148,284,-136
113000141,260,185,75
113000142,715,976,-261
113000143,289,193,96
113000144,372,776,-404
113000145,58,114,-56
113000146,126,85,41
113000147,117,101,16
113000148,135,116,19
113000149,108,144,-36
113000150,548,375,173
113000151,104,83,21
113000152,32,100,-68
113000153,1492,561,931
113000154,641,1610,-969
113000155,330,493,-163
113000156,119,437,-318
113000157,346,1010,-664
113000158,646,240,406
113000159,790,711,79
113000160,739,1380,-641
113000161,239,492,-253
113000162,663,456,207
113000163,87,58,29
113000164,32,92,-60
113000166,153,105,48
113000167,30,136,-106
113000168,53,156,-103
113000169,176,59,117
113000170,93,133,-40
113000171,79,107,-28
113000172,316,59,257
113000173,69,27,42
113000174,105,510,-405
113000175,338,150,188
113000176,476,147,329
113000177,152,526,-374
113000178,169,378,-209
113000179,348,243,105
113000180,796,1601,-805
113000181,1688,1321,367
113000182,257,566,-309
113000183,171,595,-424
113000184,14,111,-97
113000189,530,1075,-545
113000190,1044,618,426
113000192,2610,1574,1036
113000193,5432,1343,4089
113000194,2592,1013,1579
113000195,2741,765,1976
113000196,388,102,286
113000197,2100,1140,960
113000198,87,264,-177
113000199,1317,315,1002
113000201,1672,334,1338
113000202,3801,3832,-31
113000203,332,251,81
113000204,2032,1406,626
113000205,35,30,5
113000206,9,23,-14
113000207,57,31,26
113000208,20,42,-22
113000209,47,24,23
113000210,4,33,-29
113000211,337,302,35
113000212,202,25,177
113000213,49,284,-235
113000214,207,358,-151
113000234,181,1040,-859
113000410,445,222,223
113000411,3054,4865,-1811
113000412,9286,3101,6185
113000413,3914,3476,438
113000414,8611,13044,-4433
113000415,2576,3489,-913
113000416,9229,4757,4472
113000417,2866,3562,-696
113000418,4227,3056,1171
113000419,1563,1864,-301
113000420,3740,5372,-1632
113000421,3944,6216,-2272
113000422,12861,12370,491
113000423,2402,5366,-2964
113000424,3818,11011,-7193
113000425,30,162,-132
113000428,219,56,163
113000430,51,82,-31
113000432,2413,216,2197
113000433,105,852,-747
113000434,33,187,-154
113000435,27,547,-520
113000436,58,1080,-1022
113000437,736,15,721
113000438,269,16,253
113000439,40,141,-101
113000440,145,33,112
113000441,215,308,-93
113000442,128,191,-63
113000443,194,254,-60
113000444,191,230,-39
113000445,111,136,-25
113000446,31,126,-95
113000448,229,199,30
113000449,273,1633,-1360
113000450,645,6012,-5367
113000451,1282,210,1072
113000452,633,982,-349
113000453,155,305,-150
113000454,2892,89,2803
113000455,91,176,-85
113000456,3664,2729,935
113000468,2169,312,1857
113000469,256,110,146
113000470,458,39,419
113000471,18,462,-444
113000472,94,316,-222
113000474,431,774,-343
113000475,1536,1945,-409
113000476,1124,1840,-716
113000477,2512,2143,369
113000478,4457,6848,-2391
113000479,52,290,-238
113000485,9,0,9
113000486,6,0,6
113000487,1,14,-13
113000488,0,0,0
113000489,0,0,0
113000490,0,0,0
113000491,2,8,-6
113000492,3,3,0
113000493,2,0,2
113000495,234,212,22
113000496,131,120,11
113000497,0,0,0
113000499,0,0,0
113900001,2,266,-264
113900002,2,162,-160
113900003,0,157,-157
113900004,3,87,-84
113900005,2,105,-103
113900006,5,26,-21
113900007,504,51,453
113900008,406,1,405
113900009,595,5,590
113900010,770,5,765
113900011,105,4,101
113900012,46,3,43
113900013,2644,23,2621
113900014,776,2,774
113900015,2,49,-47
113900016,29,0,29
113900017,2,38,-36
113900018,424,171,253
113900019,97,50,47
113900020,130,2,128
113900022,8,0,8
113900023,41,0,41
113900024,51,69,-18
113900025,291,11,280
113900026,37,1,36
113900027,1,61,-60
113900028,20,444,-424
113900029,48,164,-116
113900030,191,1,190
113900031,4,1,3
113900032,9,0,9
113900033,112,86,26
113900035,52,1,51
113900036,14,69,-55
113900037,94,481,-387
113900038,89,100,-11
113900039,123,13,110
113900040,5,4,1
113900041,10,4,6
113900042,78,38,40
113900043,266,115,151
113900044,368,271,97
113900045,80,0,80
113900046,263,679,-416
113900047,78,108,-30
113900048,286,89,197
113900049,613,342,271
113900050,180,317,-137
113900051,222,399,-177
113900052,121,154,-33
113900053,487,632,-145
113900054,24,4,20
113900055,75,474,-399
113900056,55,168,-113
113900057,10,74,-64
113900058,69,155,-86
113900059,170,304,-134
113900060,67,189,-122
113900061,862,258,604
113900062,87,18,69
113900063,76,85,-9
113900064,17,109,-92
113900065,709,24,685
113900066,289,361,-72
113900067,75,222,-147
113900068,486,444,42
113900069,85,19,66
113900070,140,453,-313
113900071,74,52,22
113900072,84,202,-118
113900073,252,495,-243
113900074,45,301,-256
113900075,1361,1131,230
113900076,149,2,147
113900077,58,212,-154
113900078,53,42,11
113900079,0,38,-38
113900080,419,162,257
113900081,61,176,-115
113900082,130,260,-130
113900083,175,415,-240
113900084,282,136,146
113900085,39,259,-220
113900086,27,9,18
113900087,44,126,-82
113900088,46,100,-54
113900089,393,44,349
113900090,571,341,230
113900091,28,26,2
113900092,47,118,-71
113900093,72,736,-664
113900094,264,343,-79
113900095,141,89,52
113900096,185,51,134
113900097,40,119,-79
113900098,517,108,409
113900099,2,73,-71
113900100,14,3,11
113900101,14,68,-54
113900102,142,116,26
113900103,333,186,147
113900104,135,192,-57
113900105,78,295,-217
113900106,0,52,-52
113900107,0,13,-13
113900108,263,185,78
113900109,328,142,186
113900110,56,24,32
113900111,135,108,27
113900112,98,68,30
113900113,848,472,376
113900114,1,92,-91
113900115,0,74,-74
113900116,90,143,-53
113900117,125,20,105
113900118,212,241,-29
113900119,225,511,-286
113900120,63,37,26
113900121,56,103,-47
113900122,275,1781,-1506
113900123,416,221,195
113900124,1,94,-93
113900125,1100,129,971
113900126,121,47,74
113900127,246,535,-289
113900128,164,66,98
113900129,16,133,-117
113900130,4,24,-20
113900131,161,88,73
113900132,80,47,33
113900133,15,61,-46
113900135,334,390,-56
113900136,104,76,28
113900137,500,278,222
113900138,49,100,-51
113900139,353,109,244
113900140,317,303,14
113900141,413,381,32
113900142,103,74,29
113900143,3,28,-25
113900144,375,206,169
113900145,338,159,179
113900146,141,46,95
113900148,175,329,-154
113900149,145,81,64
113900150,812,562,250
113900151,302,196,106
113900152,21,41,-20
113900153,365,585,-220
113900154,2,143,-141
113900155,156,115,41
113900156,250,450,-200
113900157,32,262,-230
113900158,410,371,39
113900159,9,227,-218
113900160,510,524,-14
113900161,55,217,-162
113900162,553,639,-86
113900163,411,268,143
113900164,243,55,188
113900165,567,496,71
113900166,170,119,51
113900167,197,31,166
113900168,143,114,29
113900169,254,341,-87
113900171,158,62,96
113900172,6,185,-179
113900173,40,570,-530
113900174,388,560,-172
113900175,328,123,205
113900176,291,655,-364
113900177,315,185,130
113900178,255,89,166
113900179,11,535,-524
113900180,139,79,60
113900181,540,84,456
113900182,690,984,-294
113900183,84,82,2
113900184,13,527,-514
113900185,204,81,123
113900186,40,40,0
113900187,47,119,-72
113900188,73,130,-57
113900189,250,100,150
113900190,355,136,219
113900191,81,169,-88
113900192,9,354,-345
113900193,30,252,-222
113900194,1794,1044,750
113900195,336,412,-76
113900196,5,85,-80
113900197,2,240,-238
113900198,15,174,-159
113900199,112,724,-612
113900200,11,219,-208
113900201,0,202,-202
113900202,32,329,-297
113900203,2,111,-109
113900204,40,539,-499
113900205,5,154,-149
113900206,8,182,-174
113900207,1,87,-86
113900208,1,50,-49
113900209,0,80,-80
113900210,588,668,-80
113900211,155,46,109
113900212,235,455,-220
113900214,409,408,1
113900215,65,118,-53
113900216,67,1025,-958
113900217,63,263,-200
113900218,114,55,59
113900219,95,354,-259
113900220,177,122,55
113900221,347,136,211
113900222,227,389,-162
113900223,95,947,-852
113900224,85,59,26
113900225,488,205,283
113900226,275,76,199
113900227,311,234,77
113900228,267,404,-137
113900229,37,535,-498
113900230,4232,2578,1654
113900231,225,227,-2
113900232,53,88,-35
113900233,102,43,59
113900234,284,489,-205
113900235,88,31,57
113900236,70,326,-256
113900237,106,2,104
113900238,208,598,-390
113900239,91,88,3
113900240,3,149,-146
113900241,118,54,64
113900242,48,167,-119
113900243,94,350,-256
113900244,415,180,235
113900245,1261,251,1010
113900246,16,23,-7
113900247,178,372,-194
113900248,3032,1723,1309
113900249,878,396,482
113900250,59,186,-127
113900251,557,217,340
113900252,493,17,476
113900253,707,44,663
113900254,790,125,665
113900255,413,16,397
113900256,416,31,385
113900257,33,624,-591
113900258,10,439,-429
113900259,466,202,264
113900260,193,13,180
113900261,15,99,-84
113900262,142,651,-509
113900263,159,567,-408
113900264,6,553,-547
113900265,124,259,-135
113900266,36,169,-133
113900267,116,429,-313
113900268,242,419,-177
113900269,77,147,-70
113900270,343,461,-118
113900271,623,1156,-533
113900273,75,6,69
113900274,108,37,71
113900275,24,45,-21
113900276,6,204,-198
113900277,111,4,107
113900278,237,178,59
113900279,85,120,-35
113900280,1515,437,1078
113900281,604,1358,-754
113900282,683,461,222
113900283,364,400,-36
113900284,967,161,806
113900285,117,22,95
113900286,9,92,-83
113900287,30,40,-10
113900288,3,121,-118
113900289,1062,102,960
113900290,350,175,175
113900291,111,205,-94
113900292,6,0,6
113900293,1,256,-255
113900294,463,24,439
113900295,405,430,-25
113900296,1981,338,1643
113900297,1966,36,1930
113900298,21,1661,-1640
113900299,76,209,-133
113900300,5218,2959,2259
113900301,757,399,358
113900302,2349,959,1390
113900303,599,448,151
113900304,1,132,-131
113900305,82,0,82
113900306,22,0,22
113900307,104,0,104
113900308,77,114,-37
113900309,3,782,-779
113900310,11,11,0
113900311,7,5,2
113900312,174,161,13
113900313,22,4,18
114000001,986,3297,-2311
114000002,210,330,-120
114000003,32,198,-166
114000004,291,335,-44
114000005,178,184,-6
114000006,3076,2407,669
114000007,526,1336,-810
114000008,1625,1818,-193
114000009,565,202,363
114000011,2449,3267,-818
114000012,2108,2085,23
114000013,1511,1828,-317
114000014,427,266,161
114000015,1697,426,1271
114000016,214,308,-94
114000017,102,232,-130
114000018,274,53,221
114000026,1476,1489,-13
114000027,2804,2022,782
114000028,2203,2559,-356
114000038,221,149,72
114000039,88,42,46
114000040,96,166,-70
114000042,141,239,-98
114000043,86,110,-24
114000044,159,45,114
114000045,46,56,-10
114000046,3290,5477,-2187
114000047,56,92,-36
114000048,68,36,32
114000049,1507,1742,-235
114000050,1761,2574,-813
114000051,3282,1878,1404
114000052,4747,1411,3336
114000053,87,595,-508
114000054,176,976,-800
114000055,509,21,488
114000056,1058,839,219
114000057,7455,2222,5233
114000058,457,1251,-794
114000059,251,276,-25
114000060,783,902,-119
114000061,4049,2321,1728
114000062,2257,1076,1181
114000063,2975,1784,1191
114000064,6275,3555,2720
114000065,1730,2743,-1013
114000066,461,688,-227
114000067,19,657,-638
114000068,502,623,-121
114000069,946,509,437
114000070,2064,1585,479
114000071,599,505,94
114000072,361,250,111
114000073,22,73,-51
114000074,36,19,17
114000075,38,146,-108
114000076,9,115,-106
114000077,7,43,-36
114000078,218,582,-364
114000079,120,32,88
114000080,108,114,-6
114000081,54,89,-35
114000082,54,449,-395
114000083,61,186,-125
114000084,286,71,215
114000085,94,566,-472
114000086,199,386,-187
114000087,73,197,-124
114000088,43,50,-7
114000089,1073,310,763
114000090,673,619,54
114000091,1295,774,521
114000092,840,449,391
114000093,1096,777,319
114000094,480,427,53
114000095,213,110,103
114000096,151,418,-267
114000097,158,700,-542
114000098,460,61,399
114000099,480,698,-218
114000100,1128,661,467
114000101,316,884,-568
114000102,469,339,130
114000103,152,466,-314
114000104,6,265,-259
114000105,119,75,44
114000106,862,771,91
114000107,243,126,117
114000108,2135,1156,979
114000109,370,1020,-650
114000110,535,1494,-959
114000111,1309,673,636
114000112,511,2041,-1530
114000113,1275,496,779
114000114,1143,1460,-317
114000115,2149,821,1328
114000116,688,1363,-675
114000117,2556,466,2090
114000118,2098,391,1707
114000119,1551,415,1136
114000120,535,858,-323
114000121,471,773,-302
114000122,536,321,215
114000123,1594,426,1168
114000124,798,277,521
114000125,770,1452,-682
114000126,1300,244,1056
114000127,208,188,20
114000128,806,521,285
114000130,624,541,83
114000131,210,109,101
114000132,523,607,-84
114000133,771,1380,-609
114000134,48,148,-100
114000138,48,173,-125
114000139,548,212,336
114000144,704,417,287
114000145,52,182,-130
114000146,114,280,-166
114000147,1258,1484,-226
114000148,2101,1797,304
114000149,478,313,165
114000150,668,583,85
114000151,682,1119,-437
114000152,193,35,158
114000153,848,1701,-853
114000154,790,617,173
114000155,1161,2386,-1225
114000156,938,482,456
114000157,349,972,-623
114000158,1638,729,909
114000159,203,413,-210
114000160,113,278,-165
114000161,1733,2629,-896
114000162,933,1841,-908
114000163,8,100,-92
114000165,449,217,232
114000166,605,278,327
114000167,3643,1351,2292
114000168,714,582,132
114000169,1632,1114,518
114000170,1152,1006,146
114000171,987,2969,-1982
114000174,253,493,-240
114000176,697,393,304
114000177,2113,860,1253
114000178,50,55,-5
114000179,1293,755,538
114000180,462,624,-162
114000181,1546,3235,-1689
114000182,5070,2480,2590
114000183,879,1078,-199
114000184,5522,1364,4158
114000185,975,764,211
114000189,756,114,642
114000190,2138,271,1867
114000191,42,59,-17
114000192,270,1627,-1357
114000193,748,3400,-2652
114000194,1374,1065,309
114000195,164,17,147
114000196,2,245,-243
114000197,1044,48,996
114000198,1313,437,876
114000199,2080,1633,447
114000200,763,1783,-1020
114000201,216,891,-675
114000202,928,634,294
114000203,536,813,-277
114000204,191,500,-309
114000205,186,1498,-1312
114000206,547,1389,-842
114000207,707,1908,-1201
114000208,434,2926,-2492
114000209,536,2873,-2337
114000210,291,1596,-1305
114000211,1140,1605,-465
114000212,679,792,-113
114000213,1250,645,605
114000214,89,203,-114
114000215,247,107,140
114000216,1601,347,1254
114000217,230,294,-64
114000218,104,283,-179
114000219,1270,233,1037
114000220,47,1191,-1144
114000221,688,148,540
114000222,140,1115,-975
114000223,403,93,310
114000224,71,610,-539
114000225,219,635,-416
114000226,132,222,-90
114000227,947,479,468
114000228,676,889,-213
114000229,947,1273,-326
114000230,1444,1251,193
114000231,725,1268,-543
114000232,646,120,526
114000233,1603,124,1479
114000234,1445,902,543
114000235,1193,1552,-359
114000236,2,499,-497
114000237,97,929,-832
114000238,138,256,-118
114000239,159,1305,-1146
114000240,739,734,5
114000241,217,1033,-816
114000242,1046,974,72
114000243,1395,944,451
114000244,708,431,277
114000245,321,582,-261
114000246,291,32,259
114000247,742,638,104
114000248,1040,630,410
114000249,461,531,-70
114000250,435,711,-276
114000251,249,320,-71
114000252,78,69,9
114000253,67,135,-68
114000254,39,65,-26
114000255,674,218,456
114000256,1842,1556,286
114000257,469,1460,-991
114000258,277,321,-44
114000259,99,209,-110
114000260,0,26,-26
114000261,59,34,25
114000262,136,142,-6
114000263,14,6,8
114000264,947,482,465
114000265,0,1,-1
114000267,1,1659,-1658
114000268,4,1640,-1636
114000270,173,2,171
114000271,653,59,594
114000283,1040,373,667
114000285,31,240,-209
114000288,79,322,-243
114000289,1155,162,993
114000293,136,514,-378
114000294,149,319,-170
114000395,1863,58,1805
114000396,441,466,-25
114000402,382,297,85
114000403,300,469,-169
114000405,116,516,-400
114000423,310,411,-101
114000424,331,153,178
114000425,551,460,91
114000426,305,838,-533
114000427,47,103,-56
114000428,265,188,77
114000429,13,184,-171
114000432,72,149,-77
114000434,57,79,-22
114000435,0,120,-120
114900001,625,1133,-508
114900002,469,82,387
114900003,504,1527,-1023
114900004,183,452,-269
114900005,486,832,-346
114900006,43,34,9
114900007,219,27,192
114900008,153,102,51
114900010,2272,2123,149
114900011,173,167,6
114900013,273,131,142
114900015,74,427,-353
114900018,799,19,780
114900020,243,94,149
114900022,10,594,-584
114900024,313,149,164
114900025,503,222,281
114900026,94,85,9
114900027,251,237,14
114900029,96,19,77
114900030,389,247,142
114900031,399,46,353
114900032,343,49,294
114900033,1135,590,545
114900034,60,216,-156
114900035,177,267,-90
114900036,282,797,-515
114900037,130,198,-68
114900038,143,645,-502
114900039,465,555,-90
114900040,72,182,-110
114900041,589,562,27
114900042,663,703,-40
114900043,677,225,452
114900044,128,34,94
114900046,47,101,-54
114900047,193,1694,-1501
114900048,84,250,-166
114900049,32,208,-176
114900050,56,420,-364
114900051,17,366,-349
114900052,38,174,-136
114900053,63,323,-260
114900054,29,139,-110
114900057,278,7,271
114900058,0,57,-57
114900059,55,50,5
114900060,1387,843,544
114900061,111,174,-63
114900062,262,247,15
114900063,57,221,-164
114900064,1041,462,579
114900065,334,719,-385
114900067,65,407,-342
114900068,56,199,-143
114900069,181,113,68
114900070,517,511,6
114900072,9,295,-286
114900073,1,163,-162
114900074,389,729,-340
114900075,151,4,147
114900076,10,309,-299
114900080,2077,393,1684
114900082,3764,1766,1998
114900083,1243,1118,125
114900090,274,295,-21
114900091,101,183,-82
114900095,277,122,155
114900096,494,621,-127
114900097,148,2,146
114900098,4,258,-254
114900099,181,6,175
115000001,7953,5714,2239
115000002,3686,4145,-459
115000003,4954,4325,629
115000004,4049,5550,-1501
115000005,1628,2703,-1075
115000006,1151,1739,-588
115000007,156,213,-57
115000008,499,573,-74
115000009,238,377,-139
115000010,294,166,128
115000013,67,231,-164
115000015,123,399,-276
115000016,67,236,-169
115000019,43,475,-432
115000020,135,582,-447
115000021,249,488,-239
115000022,462,322,140
115000023,324,491,-167
115000024,988,467,521
115000025,807,651,156
115000026,149,430,-281
115000027,279,255,24
115000028,200,871,-671
115000029,595,118,477
115000030,603,946,-343
115000031,1127,198,929
115000032,7,275,-268
115000033,135,34,101
115000034,119,1114,-995
115000035,1066,70,996
115000036,0,375,-375
115000037,556,12,544
115000038,47,180,-133
115000039,4009,2659,1350
115000040,6259,3979,2280
115000041,1263,2889,-1626
115000042,837,696,141
115000043,3087,2316,771
115000044,3419,4170,-751
115000045,2462,2161,301
115000046,1778,2415,-637
115000047,1885,1702,183
115000048,1625,2825,-1200
115000049,1652,3745,-2093
115000050,3164,1924,1240
115000051,1741,2786,-1045
115000052,2903,2032,871
115000053,1669,1721,-52
115000054,694,1328,-634
115000055,126,439,-313
115000056,236,445,-209
115000057,660,731,-71
115000058,368,163,205
115000059,210,144,66
115000061,374,125,249
115000062,227,282,-55
115000063,256,302,-46
115000064,345,102,243
115000065,51,373,-322
115000067,243,41,202
115000069,61,312,-251
115000070,27,1059,-1032
115000071,224,27,197
115000072,13,69,-56
115000073,1553,62,1491
115000075,100,101,-1
115000076,3837,3128,709
115000077,1782,2651,-869
115000078,1146,1801,-655
115000079,1004,2043,-1039
115000080,1961,2573,-612
115000081,417,907,-490
115000082,3246,3680,-434
115000083,1977,2320,-343
115000084,1724,1190,534
115000085,691,1002,-311
115000086,953,764,189
115000087,467,1642,-1175
115000088,1714,609,1105
115000089,1623,1337,286
115000090,495,832,-337
115000091,274,1039,-765
115000092,431,372,59
115000093,493,2,491
115000094,6995,4925,2070
115000095,5480,5223,257
115000096,563,1660,-1097
115000097,762,933,-171
115000098,971,918,53
115000099,2339,2998,-659
115000100,932,467,465
115000101,508,1533,-1025
115000102,386,240,146
115000103,312,712,-400
115000105,34,147,-113
115000106,514,307,207
115000107,138,470,-332
115000108,3749,2603,1146
115000109,4654,3563,1091
115000110,1438,1343,95
115000111,685,1857,-1172
115000112,591,625,-34
115000113,514,844,-330
115000114,1321,885,436
115000116,3422,1862,1560
115000117,3495,2744,751
115000118,1883,1831,52
115000119,1605,2251,-646
115000120,494,1080,-586
115000121,1643,851,792
115000122,3942,1611,2331
115000123,1424,1810,-386
115000124,1143,980,163
115000125,509,598,-89
115000126,181,266,-85
115000127,523,90,433
115000128,600,844,-244
115000129,462,292,170
115000130,359,900,-541
115000131,734,299,435
115000132,172,365,-193
115000133,396,315,81
115000134,186,171,15
115000135,212,242,-30
115000136,335,255,80
115000137,160,173,-13
115000138,277,309,-32
115000139,245,237,8
115000140,304,185,119
115000141,180,306,-126
115000142,164,325,-161
115000143,568,532,36
115000144,533,79,454
115000145,223,390,-167
115000146,486,301,185
115000147,448,509,-61
115000148,305,1335,-1030
115000149,651,241,410
115000150,623,1171,-548
115000151,1263,472,791
115000152,542,1496,-954
115000153,1171,442,729
115000154,883,289,594
115000155,554,1100,-546
115000156,1474,603,871
115000157,880,882,-2
115000158,727,319,408
115000159,903,436,467
115000160,583,308,275
115000161,148,556,-408
115000162,662,646,16
115000163,558,598,-40
115000164,656,587,69
115000165,490,413,77
115000167,198,73,125
115000168,707,341,366
115000169,759,299,460
115000170,251,129,122
115000171,424,253,171
115000172,1317,612,705
115000173,375,428,-53
115000174,128,297,-169
115000175,300,72,228
115000176,192,58,134
115000177,126,63,63
115000178,41,261,-220
115000179,68,27,41
115000180,121,565,-444
115000181,620,129,491
115000182,778,377,401
115000183,267,899,-632
115000186,664,253,411
115000187,200,805,-605
115000188,422,591,-169
115000189,249,490,-241
115000190,758,565,193
115000191,357,495,-138
115000194,180,169,11
115000195,262,342,-80
115000196,108,105,3
115000197,259,259,0
115000198,224,168,56
115000199,273,234,39
115000200,287,108,179
115000201,156,371,-215
115000206,357,61,296
115000207,90,304,-214
115000208,416,668,-252
115000209,484,224,260
115000210,166,115,51
115000211,236,196,40
115000212,1695,231,1464
115000224,442,58,384
115000225,42,87,-45
115000229,155,154,1
115000230,86,331,-245
115000231,363,2200,-1837
115000232,1285,281,1004
115000233,130,165,-35
115000234,25,268,-243
115000241,68,239,-171
115000242,69,313,-244
115000243,27,231,-204
115000244,6,86,-80
115000246,62,13,49
115000247,47,17,30
115000248,35,25,10
115000249,34,23,11
115000250,338,44,294
115000251,214,150,64
115000252,66,232,-166
115000253,12,359,-347
115000258,295,183,112
115000259,272,144,128
115000261,19,9,10
115000262,13,18,-5
115000263,18,45,-27
115000264,22,32,-10
115000267,79,70,9
115000268,43,128,-85
115000269,107,58,49
115000270,19,35,-16
115000272,46,156,-110
115000273,360,40,320
115000280,1845,149,1696
115000281,432,492,-60
115000282,852,655,197
115000284,447,180,267
115000296,1112,23,1089
115000297,267,94,173
115000298,50,382,-332
115000300,256,168,88
115000302,555,176,379
115000303,558,152,406
115000304,550,81,469
115000305,62,888,-826
115000306,109,397,-288
115000307,63,149,-86
115000308,16,8,8
115000309,11,40,-29
115000310,798,937,-139
115000311,661,1255,-594
115000313,88,697,-609
115000314,370,117,253
115000315,1096,516,580
115000316,35,83,-48
115000317,149,484,-335
115000318,808,340,468
115000319,38,317,-279
115000320,14,207,-193
115000321,528,8,520
115000322,37,245,-208
115000449,166,198,-32
115000557,6,962,-956
115000558,615,81,534
115000587,576,248,328
115000588,2804,3342,-538
115000589,3844,2834,1010
115000590,1076,1298,-222
115000591,1401,644,757
115000592,835,1848,-1013
115000593,1558,554,1004
115000594,945,2534,-1589
115000609,267,300,-33
115000617,1922,2959,-1037
115000624,206,49,157
115000633,402,2236,-1834
115000634,2955,771,2184
115000635,576,158,418
115000638,992,741,251
115000641,62,133,-71
115000642,269,238,31
115000643,155,454,-299
115000644,110,397,-287
115000646,797,1420,-623
115000647,164,431,-267
115000648,1544,1755,-211
115000893,3790,1780,2010
115000894,185,1301,-1116
115000895,639,964,-325
115000896,1709,377,1332
115000897,560,117,443
115000898,623,277,346
115000899,723,1354,-631
115000900,125,437,-312
115000901,69,117,-48
115000912,368,103,265
115000913,1,17,-16
115000915,76,0,76
115000916,5,0,5
115000917,0,14,-14
115000918,51,309,-258
115000919,19,9,10
115000920,103,52,51
115000921,783,131,652
115000922,2241,762,1479
115000923,723,1117,-394
115000925,74,74,0
115000927,48,51,-3
115000933,439,229,210
115000934,128,153,-25
115000935,73,85,-12
115000936,32,562,-530
115000937,1047,192,855
115000938,196,183,13
115000939,229,189,40
115000940,60,16,44
115000941,19,13,6
115000942,234,105,129
115000943,84,16,68
115000944,12,5,7
115900001,75,51,24
115900002,94,168,-74
115900003,148,133,15
115900004,0,73,-73
115900005,110,8,102
115900006,120,268,-148
115900008,55,12,43
115900009,71,225,-154
115900010,249,160,89
115900011,377,216,161
115900012,93,81,12
115900013,447,139,308
115900014,106,134,-28
115900015,80,88,-8
115900016,77,20,57
115900017,5,7,-2
115900018,225,84,141
115900019,248,12,236
115900020,41,0,41
115900021,1366,174,1192
115900022,1743,6,1737
115900023,79,4,75
115900025,32,238,-206
115900026,868,209,659
115900027,1,282,-281
115900028,653,48,605
115900029,10,409,-399
115900030,53,25,28
115900031,443,230,213
115900032,440,748,-308
115900033,1,46,-45
115900034,29,436,-407
115900035,81,18,63
115900036,122,592,-470
115900037,38,378,-340
115900038,35,12,23
115900039,144,224,-80
115900041,462,466,-4
115900042,37,3,34
115900043,76,84,-8
115900044,231,272,-41
115900046,170,284,-114
115900047,126,89,37
115900049,123,230,-107
115900051,2,35,-33
115900052,10,250,-240
115900053,197,222,-25
115900054,188,51,137
115900055,15,135,-120
115900056,173,271,-98
115900057,56,5,51
115900058,35,68,-33
115900060,72,115,-43
115900061,262,1,261
115900062,20,196,-176
115900063,53,10,43
115900064,145,209,-64
115900065,104,92,12
115900066,158,154,4
115900067,6,693,-687
115900068,3280,638,2642
115900069,37,188,-151
115900070,161,169,-8
115900071,1,422,-421
115900072,44,164,-120
115900073,39,57,-18
115900074,2,348,-346
115900075,17,228,-211
115900076,2,73,-71
115900077,5,254,-249
115900078,39,99,-60
115900079,110,15,95
115900080,572,207,365
115900081,15,67,-52
115900082,123,129,-6
115900084,301,24,277
115900085,48,69,-21
115900086,1492,499,993
115900088,11,59,-48
115900089,244,643,-399
115900090,262,13,249
115900091,2,25,-23
115900092,17,199,-182
115900093,11,18,-7
115900094,3,368,-365
115900096,4,9,-5
115900097,11,479,-468
115900098,140,423,-283
115900099,62,63,-1
115900100,7,465,-458
115900101,172,314,-142
115900102,59,66,-7
115900103,216,211,5
115900104,44,134,-90
115900105,149,556,-407
115900106,46,21,25
115900107,56,101,-45
115900108,96,50,46
115900109,43,417,-374
115900110,9,38,-29
115900111,0,93,-93
115900112,28,928,-900
115900113,37,23,14
115900114,2,143,-141
115900115,80,189,-109
115900116,59,735,-676
115900117,72,40,32
115900118,4,329,-325
115900119,103,115,-12
115900120,23,289,-266
115900121,126,214,-88
115900124,134,427,-293
115900125,211,26,185
115900126,492,102,390
115900127,540,46,494
115900128,7,72,-65
115900129,596,28,568
115900130,14,224,-210
115900131,280,18,262
115900132,405,10,395
115900134,200,13,187
115900135,547,974,-427
115900137,25,2,23
115900139,64,63,1
115900140,170,26,144
115900141,26,44,-18
115900142,3,22,-19
115900143,241,239,2
115900144,74,173,-99
115900146,3,104,-101
115900147,240,256,-16
115900148,44,4,40
115900149,48,18,30
115900150,114,73,41
115900151,7,88,-81
115900152,102,322,-220
115900153,111,230,-119
115900154,509,311,198
115900155,0,51,-51
115900156,568,678,-110
115900157,138,428,-290
115900158,26,20,6
115900159,103,215,-112
115900160,9,6,3
115900161,70,149,-79
115900163,141,101,40
115900164,439,28,411
115900166,182,186,-4
115900168,106,182,-76
115900171,105,337,-232
115900172,65,145,-80
115900173,230,146,84
115900174,283,198,85
115900175,89,187,-98
115900178,0,612,-612
115900179,187,11,176
115900180,23,195,-172
115900181,135,188,-53
115900182,244,267,-23
115900183,67,30,37
115900184,1721,11,1710
115900187,17,158,-141
115900189,1,172,-171
115900190,239,1054,-815
115900191,52,416,-364
115900192,3,60,-57
115900193,84,82,2
115900194,610,54,556
115900195,562,1489,-927
115900198,184,369,-185
115900199,131,214,-83
115900200,211,249,-38
115900201,309,280,29
115900202,1,78,-77
115900203,11,12,-1
115900204,10,6,4
115900205,156,29,127
115900206,135,118,17
115900207,25,16,9
115900208,113,170,-57
115900209,1,164,-163
115900210,1,134,-133
115900211,6,149,-143
115900212,125,255,-130
115900213,152,70,82
115900214,372,268,104
115900215,19,81,-62
115900216,4,74,-70
115900217,2,31,-29
115900218,2,24,-22
115900219,78,9,69
115900220,93,17,76
115900221,81,22,59
115900222,38,23,15
115900223,1,212,-211
115900224,1258,828,430
115900225,64,19,45
115900226,19,50,-31
115900227,17,47,-30
115900228,11,38,-27
115900229,8,47,-39
115900230,57,114,-57
115900231,89,3,86
115900232,58,2,56
115900233,49,9,40
115900234,49,26,23
115900235,76,37,39
115900236,57,11,46
115900237,27,24,3
115900238,17,26,-9
115900239,10,28,-18
115900240,6,61,-55
115900241,137,101,36
115900242,274,280,-6
115900243,3,10,-7
115900244,6,14,-8
115900245,31,15,16
115900246,5,5,0
115900247,23,11,12
115900248,12,7,5
115900249,3,5,-2
115900250,12,21,-9
115900251,0,11,-11
115900252,5,1,4
115900253,8,7,1
115900254,23,23,0
115900255,11,32,-21
115900256,20,34,-14
115900257,2,4,-2
115900258,0,0,0
115900259,12,2,10
115900260,8,1,7
115900261,10,2,8
115900262,2,1,1
115900263,12,5,7
115900264,2,4,-2
115900265,0,14,-14
115900266,1,10,-9
115900267,13,19,-6
115900268,2,7,-5
115900269,295,360,-65
115900270,277,467,-190
115900271,108,0,108
115900272,24,1,23
115900273,11,15,-4
115900274,4,12,-8
115900275,1,16,-15
115900276,0,33,-33
115900277,0,62,-62
115900278,34,115,-81
115900279,10,152,-142
115900280,17,275,-258
115900281,534,288,246
115900282,39,8,31
115900283,8,17,-9
115900284,13,18,-5
116000001,12993,5482,7511
116000002,4354,9578,-5224
116000003,1719,1928,-209
116000004,2236,2884,-648
116000005,3731,3160,571
116000006,3622,1794,1828
116000007,3215,3541,-326
116000008,3851,1893,1958
116000009,1898,2740,-842
116000010,2496,1381,1115
116000011,998,1955,-957
116000012,1139,915,224
116000013,15059,5214,9845
116000014,17301,12360,4941
116000015,330,1310,-980
116000016,6952,3354,3598
116000017,30,728,-698
116000018,575,363,212
116000019,962,367,595
116000020,476,944,-468
116000021,398,356,42
116000022,375,424,-49
116000023,988,902,86
116000024,634,1003,-369
116000025,952,668,284
116000026,1985,2362,-377
116000027,1301,631,670
116000028,606,728,-122
116000029,1290,608,682
116000030,700,493,207
116000031,124,230,-106
116000032,322,284,38
116000033,318,536,-218
116000034,1291,1176,115
116000035,635,1136,-501
116000036,1758,711,1047
116000037,684,585,99
116000038,783,347,436
116000039,618,248,370
116000040,1798,223,1575
116000041,245,437,-192
116000042,433,201,232
116000043,54,552,-498
116000044,32,99,-67
116000045,2057,1439,618
116000046,1468,1565,-97
116000047,2984,4317,-1333
116000048,2807,1802,1005
116000049,992,2334,-1342
116000050,1273,2010,-737
116000051,5372,2198,3174
116000052,5852,5015,837
116000053,2807,1259,1548
116000054,1299,2782,-1483
116000055,543,1571,-1028
116000056,919,1506,-587
116000057,4367,1820,2547
116000058,3103,2012,1091
116000059,2466,4248,-1782
116000060,2782,953,1829
116000061,845,1014,-169
116000062,1117,259,858
116000063,893,1256,-363
116000066,249,566,-317
116000067,177,582,-405
116000068,221,314,-93
116000069,234,346,-112
116000078,415,1147,-732
116000080,1753,1025,728
116000082,7,76,-69
116000083,1572,354,1218
116000084,1963,4095,-2132
116000085,2005,1382,623
116000086,2131,1590,541
116000087,1565,1319,246
116000088,710,1001,-291
116000089,168,102,66
116000090,145,221,-76
116000091,262,300,-38
116000093,382,383,-1
116000094,533,642,-109
116000095,618,539,79
116000096,724,1297,-573
116000097,728,813,-85
116000098,156,4945,-4789
116000099,8151,333,7818
116000100,175,13,162
116000101,622,1010,-388
116000102,271,1394,-1123
116000103,365,277,88
116000104,215,1577,-1362
116000105,900,191,709
116000106,382,1016,-634
116000107,1453,417,1036
116000108,241,170,71
116000111,207,41,166
116000113,82,94,-12
116000114,61,160,-99
116000115,227,81,146
116000116,231,497,-266
116000117,1337,2346,-1009
116000118,1344,1502,-158
116000119,2602,2037,565
116000120,2677,4392,-1715
116000121,709,546,163
116000122,1311,1794,-483
116000123,645,450,195
116000124,313,936,-623
116000125,2068,667,1401
116000126,201,1647,-1446
116000127,1056,1468,-412
116000128,1195,854,341
116000129,803,194,609
116000130,565,264,301
116000133,634,1069,-435
116000134,1769,2349,-580
116000135,1937,1352,585
116000136,1142,2119,-977
116000137,1145,711,434
116000138,760,553,207
116000139,2021,2475,-454
116000140,232,210,22
116000141,390,910,-520
116000142,3936,3887,49
116000143,2057,1973,84
116000144,1356,2630,-1274
116000145,1772,1480,292
116000146,387,307,80
116000147,545,123,422
116000148,455,463,-8
116000149,508,531,-23
116000151,864,832,32
116000153,84,852,-768
116000155,237,329,-92
116000156,308,980,-672
116000157,54,17,37
116000158,333,445,-112
116000159,14,10,4
116000160,6,61,-55
116000161,2,81,-79
116000162,56,104,-48
116000163,21,8,13
116000164,17,21,-4
116000177,162,102,60
116000194,105,335,-230
116000195,1941,699,1242
116000196,0,0,0
116000197,0,0,0
116000198,2581,1158,1423
116000200,762,358,404
116000201,644,709,-65
116000202,11,287,-276
116000203,1,103,-102
116000204,5,52,-47
116000205,1,148,-147
116000206,0,90,-90
116000207,7,40,-33
116000233,210,599,-389
116000287,109,524,-415
116000288,200,264,-64
116000292,119,151,-32
116000296,53,208,-155
116000297,138,37,101
116000304,115,51,64
116000305,23,67,-44
116000346,1,3,-2
116000352,0,0,0
116000354,0,0,0
116000357,0,0,0
116000358,241,63,178
116000361,529,9,520
116000372,9753,3917,5836
116000381,118,3,115
116000388,3,47,-44
116000389,772,513,259
116000445,255,623,-368
116000446,443,880,-437
116000447,9,508,-499
116000448,678,256,422
116000563,793,791,2
116000565,41,390,-349
116000568,57,229,-172
116000579,23,105,-82
116000583,16,11,5
116000584,27,6,21
116000585,24,13,11
116000586,129,93,36
116000587,612,600,12
116000589,47,63,-16
116000590,70,70,0
116000591,157,279,-122
116000592,17,79,-62
116000593,0,45,-45
116000594,461,444,17
116000595,515,144,371
116000596,99,7,92
116000597,303,46,257
116000598,12,157,-145
116000605,273,108,165
116000606,70,195,-125
116000607,12,79,-67
116000609,224,829,-605
116000611,114,558,-444
116000612,763,2138,-1375
116000613,457,382,75
116000614,479,669,-190
116000615,3,253,-250
116000616,91,88,3
116000617,62,77,-15
116000618,5,182,-177
116000619,22,38,-16
116000620,64,61,3
116000621,54,113,-59
116000622,53,174,-121
116000624,122,94,28
116000627,47,101,-54
116000628,88,687,-599
116000629,34,478,-444
116000630,344,16,328
116000631,185,50,135
116000632,568,133,435
116000633,127,292,-165
116000634,303,236,67
116000635,4235,2047,2188
116000636,1748,1229,519
116000637,343,79,264
116000638,74,452,-378
116000640,19,23,-4
116000641,88,153,-65
116000644,31,794,-763
116900001,176,167,9
116900002,212,2,210
116900003,29,56,-27
116900004,40,38,2
116900005,226,51,175
116900006,164,122,42
116900007,83,174,-91
116900008,294,355,-61
116900009,13,4,9
116900010,0,1312,-1312
116900011,10,38,-28
116900012,95,185,-90
116900013,2,142,-140
116900014,54,319,-265
116900015,260,53,207
116900016,127,1,126
116900017,2,600,-598
116900018,60,48,12
116900019,13,344,-331
116900020,1353,743,610
116900023,52,15,37
116900024,376,51,325
116900025,752,793,-41
116900026,145,625,-480
116900027,23,80,-57
116900028,2,73,-71
116900029,1,38,-37
116900031,1,7,-6
116900032,52,314,-262
116900033,13,16,-3
116900034,14,74,-60
116900035,142,196,-54
116900036,0,106,-106
116900038,13,4,9
116900041,47,17,30
116900042,756,286,470
116900043,23,65,-42
116900047,79,94,-15
116900049,37,317,-280
116900050,92,482,-390
116900051,66,227,-161
116900052,256,72,184
116900055,1,4,-3
116900057,13,238,-225
116900058,26,384,-358
116900059,1,113,-112
116900060,224,242,-18
116900062,1,5,-4
116900064,59,755,-696
116900065,16,115,-99
116900067,87,160,-73
116900068,132,248,-116
116900070,0,6,-6
116900072,14,399,-385
116900073,3,131,-128
116900074,5,35,-30
116900076,10,27,-17
116900077,25,160,-135
116900078,253,101,152
116900079,51,282,-231
116900080,13,16,-3
116900081,318,1312,-994
116900082,445,932,-487
116900083,59,77,-18
116900084,260,47,213
116900085,59,161,-102
116900086,81,207,-126
116900088,388,68,320
116900090,162,69,93
116900091,220,66,154
116900092,66,814,-748
116900093,1519,2381,-862
116900094,5176,4471,705
116900095,371,153,218
116900096,50,174,-124
116900097,3882,2138,1744
116900098,838,251,587
116900099,716,517,199
116900100,779,29,750
116900101,268,634,-366
116900103,7,0,7
116900104,60,86,-26
116900105,240,76,164
116900106,1414,410,1004
116900107,4231,2229,2002
116900110,18,0,18
116900111,389,854,-465
116900112,167,1081,-914
116900113,2440,1279,1161
116900116,167,311,-144
116900117,113,101,12
116900118,735,711,24
116900120,162,118,44
116900121,58,33,25
116900122,492,668,-176
116900123,130,730,-600
116900124,148,1023,-875
116900125,210,213,-3
116900126,204,567,-363
116900128,0,75,-75
116900129,0,329,-329
116900130,782,2901,-2119
116900131,77,207,-130
116900132,44,78,-34
116900133,91,79,12
116900134,221,236,-15
116900136,121,130,-9
116900137,325,140,185
116900138,176,176,0
116900139,111,391,-280
116900140,188,204,-16
116900141,614,371,243
116900142,4,50,-46
116900143,244,437,-193
116900144,22,59,-37
116900145,156,326,-170
116900147,836,337,499
116900148,3,33,-30
116900149,28,195,-167
116900150,7,7,0
116900151,39,12,27
116900153,81,71,10
116900154,761,396,365
116900155,63,71,-8
116900157,392,347,45
116900158,775,172,603
116900159,30,324,-294
116900160,2468,366,2102
116900161,7008,4849,2159
116900162,59,121,-62
116900163,217,157,60
116900164,159,33,126
116900165,193,153,40
116900166,27,82,-55
116900167,305,63,242
116900168,314,73,241
116900169,1273,310,963
116900170,192,402,-210
116900171,29,197,-168
116900172,204,211,-7
116900173,158,41,117
116900174,24,63,-39
116900175,202,148,54
116900178,14,137,-123
116900179,125,209,-84
116900180,114,32,82
116900182,347,213,134
116900183,168,72,96
116900185,32,31,1
116900186,74,224,-150
116900187,35,43,-8
116900188,95,15,80
116900189,109,3,106
116900191,380,394,-14
116900192,188,139,49
116900194,122,847,-725
116900195,33,19,14
116900196,18,130,-112
116900197,94,8,86
116900198,163,171,-8
116900200,25,41,-16
116900201,57,14,43
116900202,148,52,96
116900203,112,9,103
116900204,31,82,-51
116900206,5,31,-26
116900207,32,34,-2
116900208,13,116,-103
116900209,46,123,-77
116900210,444,267,177
116900211,172,7,165
116900212,50,70,-20
116900213,176,199,-23
116900214,185,150,35
116900215,28,77,-49
116900216,345,220,125
116900218,4,257,-253
116900219,1244,453,791
116900220,100,187,-87
116900221,56,296,-240
116900222,352,360,-8
116900223,88,209,-121
116900226,53,62,-9
116900227,251,65,186
116900228,243,243,0
116900230,41,288,-247
116900231,28,416,-388
116900232,13,420,-407
116900233,174,84,90
116900234,34,16,18
116900235,160,266,-106
116900238,1454,385,1069
116900239,1,1053,-1052
116900240,6086,3831,2255
116900241,51,137,-86
116900242,1182,355,827
116900243,1,23,-22
116900245,11,15,-4
116900246,156,32,124
116900247,499,31,468
116900248,83,47,36
116900249,269,104,165
116900250,265,51,214
116900251,484,325,159
116900252,90,899,-809
116900253,107,77,30
116900254,23,90,-67
116900255,96,51,45
116900256,171,115,56
116900257,10,488,-478
116900258,3,251,-248
116900259,135,8,127
116900260,1,149,-148
116900261,31,4,27
116900262,173,133,40
116900263,0,9,-9
116900264,63,59,4
116900265,22,1,21
116900266,11,38,-27
116900267,1,3,-2
116900268,76,8,68
116900269,270,508,-238
116900271,1209,170,1039
116900272,523,541,-18
116900273,340,59,281
116900274,75,79,-4
116900275,116,127,-11
116900276,539,100,439
116900277,515,35,480
116900278,1,8,-7
116900279,0,21,-21
116900280,13,26,-13
116900281,6928,3464,3464
116900282,2,107,-105
116900283,11,95,-84
116900284,12,151,-139
116900285,313,333,-20
116900286,195,21,174
116900287,8,66,-58
116900288,44,139,-95
116900289,19,26,-7
116900290,2,39,-37
116900291,12,6,6
116900292,0,22,-22
116900293,13,82,-69
116900294,43,130,-87
116900295,614,22,592
116900296,310,63,247
116900297,8,87,-79
116900298,158,43,115
116900299,230,52,178
116900300,4,75,-71
116900301,193,86,107
116900302,107,68,39
116900303,526,105,421
116900304,0,225,-225
116900305,39,133,-94
116900306,122,126,-4
116900307,67,1,66
116900308,0,160,-160
116900309,87,183,-96
117000001,2070,2106,-36
117000002,2689,6223,-3534
117000003,8464,3724,4740
117000004,5038,6602,-1564
117000005,2426,2230,196
117000006,1568,4715,-3147
117000007,3904,1518,2386
117000008,1345,5710,-4365
117000009,5128,2370,2758
117000010,3200,5145,-1945
117000011,2050,2211,-161
117000012,1360,1785,-425
117000013,2243,1166,1077
117000014,1908,3083,-1175
117000015,4033,1536,2497
117000016,648,80,568
117000017,1157,113,1044
117000018,364,375,-11
117000019,482,41,441
117000020,429,1385,-956
117000021,2821,808,2013
117000022,722,74,648
117000023,1338,225,1113
117000024,659,128,531
117000025,1726,481,1245
117000026,5303,979,4324
117000027,2377,2314,63
117000028,4549,1147,3402
117000030,875,530,345
117000031,386,295,91
117000032,2783,1406,1377
117000033,1526,1044,482
117000034,496,393,103
117000035,323,302,21
117000036,413,464,-51
117000037,286,255,31
117000038,261,657,-396
117000039,490,292,198
117000040,191,1047,-856
117000041,955,210,745
117000044,24,1086,-1062
117000045,680,79,601
117000046,645,818,-173
117000047,1063,817,246
117000048,2360,1795,565
117000049,107,678,-571
117000050,156,2341,-2185
117000051,2171,170,2001
117000052,49,486,-437
117000053,499,99,400
117000054,1512,3,1509
117000055,13,3523,-3510
117000056,575,12,563
117000057,635,2450,-1815
117000060,535,2019,-1484
117000061,1984,1019,965
117000062,336,683,-347
117000063,1914,1088,826
117000064,866,967,-101
117000066,1189,749,440
117000067,219,434,-215
117000074,134,260,-126
117000076,54,53,1
117000077,153,142,11
117000078,145,743,-598
117000079,313,258,55
117000080,1,427,-426
117000081,1026,109,917
117000082,30,67,-37
117000083,200,16,184
117000084,500,4,496
117000085,234,736,-502
117000086,1010,588,422
117000087,108,605,-497
117000088,311,273,38
117000089,1340,272,1068
117000090,227,1627,-1400
117000091,841,334,507
117000092,362,1672,-1310
117000093,1078,785,293
117000094,1229,3242,-2013
117000095,2946,832,2114
117000096,530,2868,-2338
117000097,1214,1258,-44
117000098,2570,5436,-2866
117000099,2822,1254,1568
117000100,153,234,-81
117000101,223,1243,-1020
117000102,1524,751,773
117000103,820,1913,-1093
117000104,1336,669,667
117000105,877,1887,-1010
117000106,1024,860,164
117000107,549,2177,-1628
117000108,1422,968,454
117000109,2263,2978,-715
117000110,1480,974,506
117000111,4076,5825,-1749
117000112,2878,2249,629
117000113,120,270,-150
117000114,141,124,17
117000115,75,136,-61
117000116,92,219,-127
117000117,2047,634,1413
117000118,468,178,290
117000119,1417,170,1247
117000120,836,418,418
117000121,160,1159,-999
117000122,557,1435,-878
117000123,2439,25,2414
117000124,812,32,780
117000125,761,83,678
117000126,164,16,148
117000127,197,293,-96
117000128,517,605,-88
117000129,943,608,335
117000130,167,1,166
117000131,0,107,-107
117000132,2193,31,2162
117000133,1165,64,1101
117000134,0,43,-43
117000135,7,33,-26
117000136,2,27,-25
117000137,57,90,-33
117000138,1,608,-607
117000140,480,1691,-1211
117000141,1443,573,870
117000181,498,224,274
117000182,433,411,22
117000195,147,1136,-989
117000196,162,87,75
117000225,420,16,404
117000226,3,160,-157
117000276,225,13,212
117000277,2,449,-447
117000310,2728,3332,-604
117000315,56,1916,-1860
117000320,118,0,118
117000906,249,16,233
117000907,12,416,-404
117000909,63,26,37
117000910,207,155,52
117000911,76,218,-142
117000915,6,608,-602
117000916,42,3,39
117000917,941,25,916
117000918,56,64,-8
117000919,8,148,-140
117000920,3,1299,-1296
117000921,3,1628,-1625
117000922,49,123,-74
117000924,789,1212,-423
117000926,1145,75,1070
117000927,2224,509,1715
117000928,1,167,-166
117000929,198,603,-405
117000930,191,18,173
117000931,431,115,316
117900002,253,448,-195
117900003,745,347,398
117900005,12,160,-148
117900006,0,15,-15
117900007,181,108,73
117900008,0,42,-42
117900010,597,107,490
117900011,51,32,19
117900012,70,123,-53
117900013,0,306,-306
117900014,1057,137,920
117900015,23,123,-100
117900016,1329,585,744
117900017,758,418,340
117900018,270,71,199
117900019,423,343,80
117900020,79,400,-321
117900021,48,85,-37
117900022,5,8,-3
117900023,481,651,-170
117900024,134,87,47
117900025,43,13,30
117900026,301,351,-50
117900028,266,6,260
117900029,211,951,-740
117900030,410,325,85
117900031,569,116,453
117900032,711,738,-27
117900033,197,1042,-845
117900034,69,61,8
117900035,157,106,51
117900036,217,644,-427
117900037,102,125,-23
117900038,17,348,-331
117900039,2,55,-53
117900040,102,506,-404
117900041,4,52,-48
117900042,4340,427,3913
117900043,41,32,9
117900044,29,4935,-4906
117900045,308,124,184
117900048,216,374,-158
117900049,242,778,-536
117900050,11,43,-32
117900051,270,2,268
117900052,41,329,-288
117900053,1225,713,512
117900054,1,7,-6
117900055,119,430,-311
117900056,555,32,523
117900057,1251,1351,-100
117900058,151,15,136
117900059,541,93,448
117900060,1584,5454,-3870
117900061,32,390,-358
117900063,379,251,128
117900065,620,1213,-593
117900066,6,79,-73
117900067,408,239,169
117900069,861,364,497
117900070,615,19,596
117900071,132,141,-9
117900073,396,501,-105
117900074,933,29,904
117900075,67,100,-33
117900076,24,63,-39
117900077,291,98,193
117900078,238,587,-349
117900080,300,46,254
117900081,521,399,122
117900082,340,348,-8
117900083,259,552,-293
117900086,206,29,177
117900087,102,59,43
117900088,3021,2219,802
117900089,1509,515,994
117900090,832,644,188
117900091,221,171,50
117900092,95,38,57
117900093,50,75,-25
117900094,26,9,17
117900095,694,512,182
117900096,80,263,-183
117900097,131,57,74
117900098,17,3,14
117900099,178,252,-74
117900100,161,0,161
117900101,367,1240,-873
117900102,33,73,-40
117900103,47,1,46
117900104,19,94,-75
117900105,105,240,-135
117900106,68,53,15
117900107,16,0,16
117900109,489,353,136
117900110,59,0,59
117900111,330,9,321
117900112,49,13,36
117900113,5028,1883,3145
117900114,24,0,24
117900115,282,42,240
117900116,951,938,13
117900117,330,334,-4
117900118,38,0,38
117900119,104,250,-146
117900120,178,100,78
117900121,56,9,47
117900122,1201,2505,-1304
117900123,972,583,389
117900124,658,659,-1
117900125,1570,1417,153
117900126,223,628,-405
117900127,471,624,-153
117900128,329,739,-410
117900129,70,1,69
117900130,870,402,468
117900131,2,136,-134
117900132,10,123,-113
117900133,6,138,-132
117900134,33,148,-115
117900135,22,163,-141
117900136,0,50,-50
117900137,25,279,-254
117900138,0,41,-41
117900139,140,118,22
117900140,5423,665,4758
117900141,448,270,178
117900142,330,77,253
117900144,180,91,89
117900145,39,24,15
117900146,530,118,412
117900147,51,65,-14
117900148,3301,1152,2149
117900149,90,131,-41
117900150,43,62,-19
117900151,56,74,-18
117900152,166,51,115
117900153,34,119,-85
117900154,628,750,-122
117900156,927,992,-65
117900157,104,520,-416
117900158,134,116,18
117900160,527,540,-13
117900161,2776,2498,278
117900162,361,591,-230
117900163,186,35,151
117900165,1,12,-11
117900166,122,401,-279
117900168,16,156,-140
117900169,0,125,-125
117900170,1,43,-42
117900171,2,18,-16
117900172,15,33,-18
117900173,163,81,82
117900174,31,68,-37
117900175,3,38,-35
117900176,14,59,-45
117900177,16,42,-26
117900178,96,28,68
117900180,314,42,272
117900181,102,210,-108
117900182,10,21,-11
117900183,57,193,-136
117900184,13,48,-35
117900185,45,51,-6
117900186,37,17,20
117900187,12,3,9
117900188,169,43,126
117900189,49,34,15
117900190,27,3,24
117900191,82,0,82
117900192,175,2,173
117900193,6,94,-88
117900194,11,7,4
117900195,11,44,-33
117900196,14,25,-11
117900207,174,95,79
117900208,37,27,10
117900209,185,194,-9
117900210,122,157,-35
117900211,6,171,-165
117900212,82,230,-148
117900213,15,27,-12
117900214,3,39,-36
117900215,43,46,-3
117900216,102,19,83
117900217,168,234,-66
117900218,321,527,-206
117900219,44,59,-15
117900220,353,150,203
117900222,174,289,-115
117900223,174,306,-132
118000001,1120,863,257
118000002,1556,2271,-715
118000003,4933,2880,2053
118000004,4946,2348,2598
118000005,5152,5315,-163
118000006,6955,11601,-4646
118000007,11050,2852,8198
118000008,8404,3706,4698
118000009,2717,3293,-576
118000010,5142,4422,720
118000011,1223,2455,-1232
118000012,1307,2479,-1172
118000013,3635,3231,404
118000014,1954,3175,-1221
118000016,212,450,-238
118000017,341,606,-265
118000018,590,538,52
118000019,2564,1409,1155
118000020,1465,2497,-1032
118000021,980,2660,-1680
118000022,2283,870,1413
118000023,1349,335,1014
118000024,1673,852,821
118000027,15501,11267,4234
118000029,1005,710,295
118000032,1465,3169,-1704
118000033,3673,3943,-270
118000034,6112,2508,3604
118000035,1826,2349,-523
118000036,1597,1032,565
118000037,1083,810,273
118000038,114,82,32
118000039,104,389,-285
118000040,1725,1544,181
118000041,2727,1411,1316
118000045,1234,161,1073
118000046,3278,614,2664
118000047,4338,625,3713
118000048,6690,1549,5141
118000051,2848,915,1933
118000052,2251,457,1794
118000053,1091,597,494
118000054,2947,2074,873
118000055,2439,2208,231
118000056,282,273,9
118000057,383,458,-75
118000058,3837,1067,2770
118000059,3037,648,2389
118000060,1201,555,646
118000061,1040,1486,-446
118000062,839,273,566
118000063,451,397,54
118000064,1320,1192,128
118000065,5737,1843,3894
118000066,904,1384,-480
118000067,1912,828,1084
118000068,2851,4636,-1785
118000069,5666,1456,4210
118000070,8472,2139,6333
118000071,4708,6923,-2215
118000072,4616,1008,3608
118000073,4518,583,3935
118000074,1104,778,326
118000075,1300,253,1047
118000076,2132,1885,247
118000077,1787,1401,386
118000078,2106,2039,67
118000079,270,378,-108
118000080,1772,1004,768
118000081,2323,1146,1177
118000082,371,1248,-877
118000083,1940,1731,209
118000084,3160,2035,1125
118000086,425,655,-230
118000087,6011,2748,3263
118000088,2022,2143,-121
118000089,3763,2268,1495
118000090,2440,3117,-677
118000091,1273,3006,-1733
118000092,1311,684,627
118000093,121,786,-665
118000096,728,655,73
118000097,983,750,233
118000098,369,233,136
118000099,418,817,-399
118000101,1169,433,736
118000102,412,1348,-936
118000107,2392,518,1874
118000108,634,2581,-1947
118000110,0,21,-21
118000111,3,418,-415
118000112,431,8,423
118000113,4,726,-722
118000114,283,13,270
118000115,17,24,-7
118000116,102,0,102
118000117,1625,913,712
118000118,1117,779,338
118000119,964,1072,-108
118000120,1986,1382,604
118000121,173,583,-410
118000122,2082,313,1769
118000123,75,287,-212
118000125,2457,1038,1419
118000126,1693,1589,104
118000127,1861,741,1120
118000128,846,1264,-418
118000129,1971,536,1435
118000130,3409,4889,-1480
118000131,1479,1148,331
118000132,2919,1887,1032
118000133,1495,544,951
118000135,729,437,292
118000136,142,614,-472
118000137,917,99,818
118000138,408,604,-196
118000139,436,120,316
118000140,2469,4363,-1894
118000141,2032,2611,-579
118000142,1781,2393,-612
118000143,1796,1246,550
118000144,1494,1030,464
118000145,1750,2782,-1032
118000146,1389,1231,158
118000147,1194,1794,-600
118000148,701,1609,-908
118000149,890,1143,-253
118000150,361,370,-9
118000151,285,469,-184
118000153,1249,1589,-340
118000154,1227,1888,-661
118000155,941,1666,-725
118000156,2845,2699,146
118000157,573,451,122
118000158,190,493,-303
118000159,16,102,-86
118000160,389,462,-73
118000161,415,833,-418
118000162,1959,947,1012
118000163,746,1056,-310
118000164,2430,1746,684
118000168,1257,429,828
118000169,1422,1509,-87
118000170,4949,6253,-1304
118000171,333,578,-245
118000172,97,293,-196
118000173,1235,1039,196
118000175,355,366,-11
118000176,279,493,-214
118000177,199,554,-355
118000178,95,43,52
118000179,1419,1092,327
118000180,767,815,-48
118000181,949,360,589
118000182,370,333,37
118000183,253,300,-47
118000184,689,1032,-343
118000185,1023,910,113
118000186,780,922,-142
118000187,1069,814,255
118000188,839,200,639
118000189,415,760,-345
118000190,28,16,12
118000191,18,28,-10
118000192,735,493,242
118000193,749,539,210
118000194,2745,1112,1633
118000195,1509,855,654
118000196,910,129,781
118000197,1214,121,1093
118000198,1115,544,571
118000199,2424,502,1922
118000200,65,166,-101
118000201,902,389,513
118000202,87,59,28
118000203,2840,453,2387
118000204,325,405,-80
118000205,371,417,-46
118000206,277,235,42
118000207,0,71,-71
118000208,1422,1729,-307
118000209,1917,1988,-71
118000210,41,29,12
118000211,31,26,5
118000213,1467,965,502
118000214,866,748,118
118000215,299,675,-376
118000216,1440,4803,-3363
118000217,38,88,-50
118000218,53,110,-57
118000219,512,359,153
118000220,4,30,-26
118000221,127,267,-140
118000222,48,14,34
118000223,57,72,-15
118000224,286,91,195
118000225,159,792,-633
118000226,1446,174,1272
118000227,896,411,485
118000228,171,166,5
118000229,431,64,367
118000230,119,214,-95
118000231,80,179,-99
118000232,660,960,-300
118000233,883,777,106
118000234,305,216,89
118000236,510,326,184
118000237,89,562,-473
118000238,182,188,-6
118000239,335,335,0
118000240,524,151,373
118000241,180,294,-114
118000242,304,606,-302
118000243,175,162,13
118000244,40,159,-119
118000246,0,8,-8
118000255,103,296,-193
118000256,129,256,-127
118000259,6,62,-56
118000260,252,102,150
118000261,23,94,-71
118000263,69,227,-158
118000266,1152,429,723
118000267,0,74,-74
118000268,872,6,866
118000270,107,31,76
118000271,152,319,-167
118000272,97,39,58
118000273,98,82,16
118000274,102,278,-176
118000276,318,315,3
118000295,5,83,-78
118000298,115,448,-333
118000299,70,216,-146
118000301,0,66,-66
118000302,62,96,-34
118000311,318,100,218
118000312,214,178,36
118000313,31,191,-160
118000314,62,58,4
118000315,17,72,-55
118000316,626,578,48
118000325,25,56,-31
118000326,28,47,-19
118000331,12,50,-38
118000332,7,22,-15
118000333,39,57,-18
118000335,204,2,202
118000336,0,290,-290
118000407,161,68,93
118000457,9,52,-43
118000465,3762,4341,-579
118000480,35,145,-110
118000489,199,387,-188
118000490,170,513,-343
118000492,245,243,2
118000510,82,20,62
118000514,196,312,-116
118000515,702,691,11
118000517,417,318,99
118000524,748,245,503
118000525,946,823,123
118000530,14,97,-83
118000531,211,315,-104
118000532,207,269,-62
118000533,408,168,240
118000534,771,438,333
118000535,227,147,80
118000536,803,1083,-280
118000537,59,85,-26
118000538,30,72,-42
118000539,6,67,-61
118000540,293,116,177
118000541,255,55,200
118000542,157,146,11
118000543,156,165,-9
118000546,44,18,26
118000553,0,2,-2
118000557,12,19,-7
118000560,3089,1535,1554
118000562,21,225,-204
118000563,2476,1465,1011
118000576,174,253,-79
118000577,213,173,40
118000578,234,121,113
118000579,751,1111,-360
118000583,0,3,-3
118000595,162,112,50
118000596,0,50,-50
118000597,137,176,-39
118000598,4,0,4
118000599,73,62,11
118000600,0,8,-8
118000601,4,0,4
118000602,0,1,-1
118000603,1,46,-45
118000605,68,488,-420
118900001,880,1381,-501
118900002,952,795,157
118900003,303,12,291
118900004,49,44,5
118900005,76,3,73
118900006,209,20,189
118900007,12,2,10
118900008,1335,53,1282
118900009,31,41,-10
118900010,65,4,61
118900011,99,31,68
118900012,454,237,217
118900013,414,119,295
118900015,192,20,172
118900016,5,13,-8
118900017,333,229,104
118900018,875,18,857
118900019,35,17,18
118900020,231,132,99
118900021,184,282,-98
118900022,132,113,19
118900023,172,95,77
118900024,118,134,-16
118900025,62,37,25
118900026,70,86,-16
118900027,429,384,45
118900028,174,144,30
118900029,355,368,-13
118900030,269,87,182
118900031,130,119,11
118900032,170,216,-46
118900033,793,443,350
118900034,134,15,119
118900035,167,216,-49
118900036,809,707,102
118900037,873,228,645
118900038,349,219,130
118900039,354,230,124
118900040,232,185,47
118900041,466,177,289
118900042,159,89,70
118900045,245,172,73
118900046,890,340,550
118900047,594,304,290
118900048,451,134,317
118900049,74,32,42
118900050,19,143,-124
118900051,90,90,0
118900052,583,179,404
118900053,63,90,-27
118900054,140,48,92
118900055,43,84,-41
118900056,119,242,-123
118900057,579,402,177
118900058,612,299,313
118900059,19,96,-77
118900060,50,142,-92
118900062,190,174,16
118900064,640,560,80
118900065,52,310,-258
118900066,78,64,14
118900067,5479,3969,1510
118900068,6,600,-594
118900069,311,267,44
118900071,4,69,-65
118900072,381,387,-6
118900073,71,91,-20
118900074,127,184,-57
118900075,86,79,7
118900076,333,76,257
118900077,192,171,21
118900078,39,9,30
118900079,48,226,-178
118900080,28,104,-76
118900081,70,17,53
118900082,559,170,389
118900083,27,11,16
118900084,8,21,-13
118900085,521,1081,-560
118900086,22,60,-38
118900087,9,217,-208
118900088,0,9,-9
118900089,39,16,23
118900090,444,474,-30
118900091,172,169,3
118900092,104,86,18
118900093,164,20,144
118900096,101,107,-6
118900097,266,654,-388
118900099,46,235,-189
118900100,120,226,-106
118900101,102,476,-374
118900102,32,83,-51
118900103,29,103,-74
118900104,167,161,6
118900105,183,108,75
118900107,109,77,32
118900108,102,121,-19
118900110,1548,864,684
118900111,374,593,-219
118900112,65,165,-100
118900113,71,534,-463
118900114,31,101,-70
118900115,90,291,-201
118900116,66,137,-71
118900117,116,171,-55
118900118,213,423,-210
118900119,110,234,-124
118900120,116,318,-202
118900121,43,219,-176
118900122,6,838,-832
118900123,92,218,-126
118900124,80,202,-122
118900126,16,293,-277
118900129,205,155,50
118900130,86,161,-75
118900131,89,275,-186
118900132,579,171,408
118900133,14,122,-108
118900135,229,192,37
118900136,235,667,-432
118900137,8,37,-29
118900139,311,470,-159
118900140,429,775,-346
118900141,71,187,-116
118900144,177,614,-437
118900145,24,109,-85
118900146,264,756,-492
118900147,326,178,148
118900148,102,41,61
118900150,147,630,-483
118900152,382,888,-506
118900157,103,185,-82
118900158,81,90,-9
118900159,0,162,-162
118900161,106,13,93
118900163,212,70,142
118900164,3,119,-116
118900165,50,210,-160
118900166,17,0,17
118900167,46,115,-69
118900168,3,76,-73
118900169,90,395,-305
118900170,88,106,-18
118900171,16,30,-14
118900174,58,60,-2
118900175,314,480,-166
118900176,132,249,-117
118900177,44,44,0
118900178,56,143,-87
118900179,5,25,-20
118900181,71,111,-40
118900182,73,51,22
118900183,21,111,-90
118900184,384,54,330
118900185,89,113,-24
118900186,81,76,5
118900187,238,305,-67
118900188,294,228,66
118900189,18,748,-730
118900190,6,401,-395
118900191,156,39,117
118900192,219,24,195
118900193,430,9,421
118900195,325,892,-567
118900196,41,203,-162
118900197,89,83,6
118900198,31,10,21
118900199,37,48,-11
118900200,16,12,4
118900201,21,19,2
118900202,20,80,-60
118900203,5,37,-32
118900204,14,39,-25
118900205,3,11,-8
118900206,3,22,-19
119000001,1500,1437,63
119000002,4050,2631,1419
119000003,2209,1347,862
119000004,2515,1756,759
119000005,1792,2270,-478
119000006,2453,2018,435
119000007,3571,3526,45
119000008,2249,2054,195
119000009,3604,4443,-839
119000010,8316,4363,3953
119000011,4593,2657,1936
119000012,3671,3593,78
119000013,2080,1362,718
119000014,2742,3740,-998
119000019,216,150,66
119000020,1897,1451,446
119000021,3854,2397,1457
119000022,2939,2114,825
119000023,360,270,90
119000024,1960,9144,-7184
119000025,10636,1446,9190
119000026,183,330,-147
119000027,422,413,9
119000028,2310,1477,833
119000029,126,277,-151
119000030,549,1105,-556
119000031,1033,842,191
119000032,1892,2365,-473
119000033,2476,1822,654
119000034,1192,1023,169
119000035,24,308,-284
119000036,1453,1029,424
119000037,1095,1912,-817
119000038,159,1089,-930
119000039,254,328,-74
119000040,1183,656,527
119000041,1078,1415,-337
119000048,3526,3885,-359
119000049,1725,2908,-1183
119000050,1610,2782,-1172
119000051,1798,1065,733
119000052,1925,3378,-1453
119000053,1874,1135,739
119000054,2629,4000,-1371
119000055,3094,3690,-596
119000056,1971,2222,-251
119000057,1296,2483,-1187
119000058,1844,2319,-475
119000059,1087,1914,-827
119000060,1350,1000,350
119000061,1001,912,89
119000062,1112,1281,-169
119000063,372,492,-120
119000064,1644,1846,-202
119000065,1846,3172,-1326
119000066,1891,1087,804
119000067,2035,2694,-659
119000068,1521,1287,234
119000069,1538,2659,-1121
119000070,1926,1174,752
119000071,471,774,-303
119000072,6944,3490,3454
119000073,5219,6301,-1082
119000074,1200,3643,-2443
119000075,1635,2642,-1007
119000076,514,802,-288
119000077,930,456,474
119000078,453,238,215
119000079,189,681,-492
119000080,394,269,125
119000081,317,356,-39
119000082,792,232,560
119000083,534,336,198
119000084,304,434,-130
119000085,439,290,149
119000086,207,436,-229
119000087,1730,949,781
119000088,272,241,31
119000089,85,245,-160
119000090,198,169,29
119000091,93,310,-217
119000092,494,262,232
119000093,4133,3533,600
119000094,2730,6815,-4085
119000095,1443,2883,-1440
119000097,2785,1741,1044
119000098,732,2269,-1537
119000099,2313,2081,232
119000100,2912,2709,203
119000101,3844,1733,2111
119000102,1087,780,307
119000103,1805,439,1366
119000104,2775,1402,1373
119000105,867,1480,-613
119000106,309,1581,-1272
119000107,585,434,151
119000108,368,1141,-773
119000109,119,249,-130
119000110,418,203,215
119000111,66,524,-458
119000112,288,62,226
119000113,2242,263,1979
119000114,659,991,-332
119000115,118,228,-110
119000116,129,104,25
119000117,94,329,-235
119000118,0,2,-2
119000123,5257,648,4609
119000124,738,213,525
119000125,2740,1032,1708
119000126,933,950,-17
119000127,540,671,-131
119000128,10,5,5
119000131,908,796,112
119000132,0,15,-15
119000133,2,7,-5
119000134,2956,714,2242
119000135,111,196,-85
119000136,209,191,18
119000137,149,366,-217
119000138,341,355,-14
119000139,236,244,-8
119000140,179,352,-173
119000284,1371,3315,-1944
119000285,2450,2464,-14
119000286,7720,6167,1553
119000287,1416,2416,-1000
119000288,2105,1611,494
119000289,2966,4094,-1128
119000290,141,516,-375
119000291,2,454,-452
119000293,105,202,-97
119000294,46,21,25
119000295,2077,508,1569
119000296,173,123,50
119000302,3422,1604,1818
119000303,51,207,-156
119000304,0,0,0
119000310,0,0,0
119000314,1443,7850,-6407
119000315,2,492,-490
119000316,117,120,-3
119000317,63,355,-292
119900001,203,1166,-963
119900002,113,321,-208
119900003,35,1131,-1096
119900004,316,642,-326
119900005,129,142,-13
119900006,156,389,-233
119900007,946,154,792
119900008,36,18,18
119900009,555,566,-11
119900010,912,845,67
119900011,27,64,-37
119900012,30,87,-57
119900013,1585,759,826
119900014,570,199,371
119900015,87,18,69
119900016,22,80,-58
119900017,28,40,-12
119900018,2281,609,1672
119900019,42,3,39
119900020,143,211,-68
119900021,139,70,69
119900022,150,414,-264
119900023,832,1196,-364
119900025,89,29,60
119900026,740,88,652
119900027,26,47,-21
119900028,224,76,148
119900029,6,7,-1
119900030,343,476,-133
119900031,50,298,-248
119900033,1940,208,1732
119900034,238,106,132
119900037,172,40,132
119900038,40,258,-218
119900039,27,12,15
119900040,125,9,116
119900041,80,28,52
119900042,67,186,-119
119900043,79,171,-92
119900044,235,641,-406
119900046,60,68,-8
119900047,207,52,155
119900048,144,68,76
119900049,105,7,98
119900050,134,91,43
119900051,667,10,657
119900052,43,42,1
119900053,155,192,-37
119900054,89,9,80
119900055,965,374,591
119900057,153,63,90
119900058,182,0,182
119900059,221,46,175
119900060,194,16,178
119900061,143,4,139
119900062,32,17,15
119900063,7,44,-37
119900065,266,6,260
119900066,1,1,0
119900067,54,24,30
119900068,329,3,326
119900069,86,18,68
119900070,704,1,703
119900071,528,18,510
119900073,1830,554,1276
119900074,42,28,14
119900075,5665,2338,3327
119900076,358,403,-45
119900077,644,1252,-608
119900078,495,1036,-541
119900079,539,242,297
119900080,315,352,-37
119900081,338,143,195
119900082,1108,349,759
119900083,337,122,215
119900084,1140,210,930
119900085,112,78,34
119900086,425,1093,-668
119900087,923,345,578
119900088,25,63,-38
119900089,32,609,-577
119900090,202,92,110
119900091,53,1067,-1014
119900092,39,393,-354
119900093,912,174,738
119900094,75,188,-113
119900095,179,95,84
119900096,62,145,-83
119900097,708,154,554
119900098,25,47,-22
119900099,29,225,-196
119900100,2423,2180,243
119900101,138,939,-801
119900102,47,268,-221
119900103,24,398,-374
119900104,32,239,-207
119900105,659,954,-295
119900106,24,215,-191
119900107,400,3656,-3256
119900108,1946,678,1268
119900109,34,270,-236
119900110,513,800,-287
119900111,46,356,-310
119900112,2701,530,2171
119900113,87,341,-254
119900114,198,1572,-1374
119900115,212,1361,-1149
119900116,120,435,-315
119900117,215,805,-590
119900118,37,1164,-1127
119900119,176,314,-138
119900120,620,634,-14
119900121,291,1305,-1014
119900122,677,386,291
119900123,203,358,-155
119900124,174,1034,-860
119900125,51,366,-315
119900126,4882,333,4549
119900127,2427,1053,1374
119900128,367,864,-497
119900129,211,676,-465
119900130,15,286,-271
119900131,46,333,-287
119900132,4,260,-256
119900133,31,69,-38
119900134,2375,239,2136
119900135,0,471,-471
119900136,144,476,-332
119900138,329,688,-359
119900139,51,59,-8
119900140,3,157,-154
119900141,142,675,-533
119900142,4,39,-35
119900143,23,231,-208
119900144,2420,276,2144
119900145,117,205,-88
119900146,164,177,-13
119900147,3,152,-149
119900148,176,56,120
119900149,1856,3124,-1268
119900150,146,176,-30
119900151,1799,692,1107
119900152,64,464,-400
119900153,156,62,94
119900154,11,473,-462
119900155,36,40,-4
119900156,20,3,17
119900157,90,258,-168
119900158,112,68,44
119900159,5,1818,-1813
119900160,24,147,-123
119900161,240,256,-16
119900162,719,882,-163
119900163,105,154,-49
119900164,1,3,-2
119900165,102,278,-176
119900166,56,35,21
119900167,107,98,9
119900168,630,447,183
119900169,85,425,-340
119900170,155,219,-64
119900171,818,443,375
119900172,96,24,72
119900173,12,459,-447
119900174,1,171,-170
119900175,967,761,206
119900177,35,248,-213
119900178,4,118,-114
119900179,83,355,-272
119900180,887,760,127
119900181,51,99,-48
119900182,6,398,-392
119900183,122,857,-735
119900184,2711,639,2072
119900185,42,165,-123
119900186,61,598,-537
119900187,10,468,-458
119900188,52,338,-286
119900189,395,338,57
119900190,53,195,-142
119900191,381,102,279
119900192,33,207,-174
119900193,203,185,18
119900194,25,54,-29
119900195,19,175,-156
119900196,1273,384,889
119900197,144,115,29
119900198,78,360,-282
119900199,107,25,82
119900200,489,593,-104
119900201,365,182,183
119900202,100,182,-82
119900203,135,437,-302
119900204,246,326,-80
119900205,442,697,-255
119900206,120,193,-73
119900208,127,152,-25
119900209,453,940,-487
119900210,38,38,0
119900211,85,15,70
119900212,234,421,-187
119900213,2,57,-55
119900214,25,124,-99
119900215,81,105,-24
119900216,18,98,-80
119900217,11,92,-81
119900218,15,69,-54
119900219,7,169,-162
119900220,8,119,-111
119900221,26,348,-322
119900222,19,246,-227
119900223,12,91,-79
119900224,15,24,-9
119900225,1099,44,1055
119900226,711,1471,-760
119900227,1183,363,820
119900228,39,184,-145
119900229,331,593,-262
119900230,1699,681,1018
119900231,169,176,-7
119900232,179,80,99
119900233,55,4,51
119900234,21,42,-21
119900235,18,28,-10
119900236,25,219,-194
119900237,29,408,-379
119900238,4,92,-88
119900240,83,159,-76
119900241,165,255,-90
119900242,1291,2388,-1097
119900244,742,1312,-570
119900245,93,149,-56
119900246,223,445,-222
119900247,21,77,-56
119900248,65,131,-66
119900249,165,120,45
119900253,3486,334,3152
119900254,89,519,-430
119900255,65,538,-473
119900256,342,928,-586
119900257,37,2,35
119900258,76,9,67
119900259,23,117,-94
119900260,52,2,50
119900261,230,206,24
119900262,1,247,-246
119900263,1017,423,594
119900264,91,193,-102
119900265,221,350,-129
119900266,206,290,-84
119900267,281,478,-197
119900268,73,248,-175
119900269,698,1143,-445
119900271,35,82,-47
119900272,339,69,270
119900275,82,7,75
119900276,42,0,42
119900277,17,2,15
119900278,222,58,164
119900279,117,235,-118
119900280,985,204,781
119900281,0,174,-174
119900282,45,37,8
119900283,10,292,-282
119900284,42,186,-144
119900285,25,39,-14
119900286,5,22,-17
119900288,4,51,-47
119900289,0,38,-38
119900290,0,40,-40
119900291,3,59,-56
119900292,31,40,-9
119900293,14,99,-85
119900294,15,72,-57
119900295,20,51,-31
119900296,28,284,-256
119900297,1,16,-15
119900298,0,8,-8
119900299,47,173,-126
119900300,178,195,-17
119900301,76,14,62
119900302,21,39,-18
119900303,147,160,-13
119900304,110,16,94
119900305,16,102,-86
119900306,22,5,17
119900307,22,75,-53
119900308,4,29,-25
119900309,46,101,-55
119900310,312,302,10
119900311,55,141,-86
119900312,106,78,28
119900313,293,299,-6
119900314,161,300,-139
119900315,1078,2152,-1074
119900318,3,17,-14
119900319,57,277,-220
119900320,75,605,-530
119900321,43,1,42
120000001,7896,14793,-6897
120000002,2649,3437,-788
120000003,3561,1977,1584
120000004,3065,2582,483
120000005,4958,2413,2545
120000006,1346,1715,-369
120000007,3857,3215,642
120000008,1298,1597,-299
120000009,4005,1196,2809
120000010,1810,2970,-1160
120000011,1124,2256,-1132
120000012,1637,3202,-1565
120000013,2786,2872,-86
120000014,700,1789,-1089
120000015,3173,1881,1292
120000016,3518,2878,640
120000017,2675,2541,134
120000018,4516,10191,-5675
120000019,932,1606,-674
120000020,3214,3537,-323
120000021,1846,2506,-660
120000022,2504,4159,-1655
120000023,976,1854,-878
120000024,1408,2670,-1262
120000025,2389,2550,-161
120000026,1354,2073,-719
120000027,1478,2228,-750
120000028,1225,640,585
120000029,4674,618,4056
120000030,185,1218,-1033
120000031,1732,8196,-6464
120000032,9278,4340,4938
120000033,4638,1999,2639
120000034,1702,2201,-499
120000035,1677,2542,-865
120000036,2557,5323,-2766
120000037,716,1575,-859
120000038,8500,3548,4952
120000039,511,885,-374
120000040,96,179,-83
120000041,1803,1654,149
120000042,1584,2962,-1378
120000043,4555,2390,2165
120000044,4404,1702,2702
120000045,4480,1172,3308
120000046,2218,2657,-439
120000047,1701,4819,-3118
120000048,7940,4402,3538
120000049,4400,3078,1322
120000050,4556,5314,-758
120000051,3263,5132,-1869
120000052,12302,2819,9483
120000053,1114,3552,-2438
120000054,1394,5746,-4352
120000055,1781,5989,-4208
120000056,3449,4388,-939
120000057,2574,648,1926
120000058,3728,363,3365
120000059,31,1498,-1467
120000061,154,845,-691
120000062,234,404,-170
120000063,1952,3102,-1150
120000064,237,1489,-1252
120000065,634,1903,-1269
120000066,258,544,-286
120000067,79,521,-442
120000068,220,947,-727
120000069,722,1362,-640
120000070,55,1025,-970
120000071,409,299,110
120000072,607,609,-2
120000073,573,107,466
120000074,178,92,86
120000075,845,370,475
120000076,1376,467,909
120000077,1508,747,761
120000078,3442,1269,2173
120000079,301,446,-145
120000080,168,323,-155
120000081,270,217,53
120000082,220,244,-24
120000083,120,525,-405
120000084,422,428,-6
120000085,267,348,-81
120000086,320,636,-316
120000087,202,836,-634
120000088,752,1420,-668
120000089,973,765,208
120000090,659,505,154
120000091,736,1101,-365
120000092,1044,667,377
120000093,310,520,-210
120000094,134,653,-519
120000095,843,527,316
120000096,235,963,-728
120000098,753,864,-111
120000099,265,803,-538
120000100,716,1094,-378
120000101,367,533,-166
120000102,405,757,-352
120000103,1231,726,505
120000104,1421,453,968
120000105,2287,654,1633
120000106,1704,559,1145
120000107,3037,634,2403
120000108,1072,128,944
120000109,1320,77,1243
120000110,102,1183,-1081
120000111,148,1406,-1258
120000112,880,3795,-2915
120000113,648,2793,-2145
120000114,934,3294,-2360
120000115,280,2730,-2450
120000116,694,2393,-1699
120000117,1417,1620,-203
120000118,48,33,15
120000119,25,87,-62
120000120,65,67,-2
120000121,66,66,0
120000122,309,431,-122
120000123,6499,4844,1655
120000124,355,446,-91
120000125,406,861,-455
120000126,544,899,-355
120000127,2893,974,1919
120000128,4875,2710,2165
120000129,282,327,-45
120000130,825,710,115
120000131,328,565,-237
120000134,343,1182,-839
120000135,339,452,-113
120000137,204,1886,-1682
120000138,721,521,200
120000139,262,876,-614
120000140,620,555,65
120000141,218,552,-334
120000142,360,610,-250
120000143,0,118,-118
120000144,68,0,68
120000145,343,2,341
120000146,2531,1126,1405
120000149,549,1089,-540
120000150,3869,10224,-6355
120000151,360,678,-318
120000152,347,216,131
120000153,147,729,-582
120000154,448,584,-136
120000155,99,326,-227
120000156,1468,741,727
120000157,908,580,328
120000158,901,1238,-337
120000159,1963,2717,-754
120000160,2436,1603,833
120000161,1871,2990,-1119
120000162,92,283,-191
120000163,570,1529,-959
120000164,447,424,23
120000165,513,924,-411
120000166,1223,593,630
120000167,36,31,5
120000168,9,116,-107
120000169,27,456,-429
120000170,36,283,-247
120000171,13,88,-75
120000172,54,68,-14
120000173,3788,317,3471
120000174,793,24,769
120000175,1005,25,980
120000176,621,25,596
120000177,1701,141,1560
120000178,136,8,128
120000179,688,22,666
120000180,555,65,490
120000181,90,191,-101
120000182,87,87,0
120000183,12,121,-109
120000184,137,609,-472
120000186,96,121,-25
120000187,136,73,63
120000188,585,114,471
120000190,1500,14,1486
120000191,1554,35,1519
120000192,1154,52,1102
120000193,447,11,436
120000195,83,3,80
120000196,289,43,246
120000197,95,191,-96
120000198,113,84,29
120000199,75,1,74
120000200,65,1,64
120000201,10,13,-3
120000202,0,51,-51
120000203,33,253,-220
120000207,0,69,-69
120000208,9,322,-313
120000209,10,97,-87
120000210,101,83,18
120000211,84,1,83
120000212,133,1,132
120000213,94,295,-201
120000214,0,373,-373
120000215,3,166,-163
120000216,65,7,58
120000217,755,1213,-458
120000218,264,955,-691
120000219,7,559,-552
120000220,10,2033,-2023
120000225,992,2,990
120000226,316,3,313
120000227,710,23,687
120000228,5504,2626,2878
120000230,243,6,237
120000231,814,2241,-1427
120000233,212,23,189
120000235,185,887,-702
120000236,793,2,791
120000237,4,1910,-1906
120000238,1,188,-187
120000241,1189,3856,-2667
120000412,1470,9,1461
120000413,198,442,-244
120000414,120,1,119
120000415,1,240,-239
120000416,62,9,53
120000417,2,125,-123
120000418,81,10,71
120000419,8,406,-398
120000420,52,42,10
120000421,12824,6477,6347
120000422,167,768,-601
120000423,2,50,-48
120000424,58,164,-106
120000436,134,575,-441
120000437,194,190,4
120000438,4437,428,4009
120000439,156,412,-256
120000443,192,0,192
120000444,1139,840,299
120000445,1477,1475,2
120000446,1052,389,663
120000447,137,5,132
120000449,69,8,61
120000450,2,344,-342
120000451,67,228,-161
120000452,129,3,126
120000453,2,482,-480
120000454,115,42,73
120000455,92,98,-6
120000456,2571,3889,-1318
120000457,981,746,235
120000458,535,835,-300
120000459,71,86,-15
120000665,1832,187,1645
120000668,152,241,-89
120000669,64,279,-215
120000670,352,367,-15
120000671,1025,470,555
120000672,152,606,-454
120900001,76,100,-24
120900002,873,371,502
120900003,412,39,373
120900004,8,94,-86
120900005,43,1592,-1549
120900006,305,146,159
120900007,131,133,-2
120900008,213,1263,-1050
120900009,902,45,857
120900010,422,71,351
120900011,322,127,195
120900012,600,886,-286
120900013,290,66,224
120900014,1,496,-495
120900015,607,54,553
120900016,737,42,695
120900017,3128,115,3013
120900018,94,453,-359
120900019,460,184,276
120900020,738,1046,-308
120900021,598,127,471
120900022,103,356,-253
120900023,144,36,108
120900024,1674,411,1263
120900025,2000,1216,784
120900026,247,206,41
120900027,1015,27,988
120900028,265,68,197
120900029,119,355,-236
120900030,957,633,324
120900031,180,84,96
120900032,823,151,672
120900033,809,50,759
120900034,26,2404,-2378
120900035,17,84,-67
120900037,162,8,154
120900038,42,180,-138
120900039,60,23,37
120900040,171,3,168
120900041,142,31,111
120900042,331,52,279
120900043,49,27,22
120900044,9,425,-416
120900045,104,118,-14
120900046,293,3,290
120900047,125,79,46
120900048,84,15,69
120900049,286,1,285
120900050,2711,1129,1582
120900051,256,116,140
120900052,528,7,521
120900053,176,93,83
120900054,1533,728,805
120900055,253,4,249
120900056,343,12,331
120900057,86,15,71
120900058,294,0,294
120900059,66,4,62
120900060,50,28,22
120900061,249,403,-154
120900062,159,1,158
120900063,449,5,444
120900064,423,4,419
120900065,314,1,313
120900066,221,337,-116
120900067,177,50,127
120900068,212,0,212
120900069,175,54,121
120900071,19,0,19
120900072,582,5,577
120900073,326,241,85
120900074,334,4,330
120900076,235,0,235
120900077,3750,341,3409
120900078,641,1231,-590
120900079,572,124,448
120900080,559,2232,-1673
120900081,766,571,195
120900082,603,401,202
120900083,96,7,89
120900084,232,281,-49
120900085,119,161,-42
120900086,118,300,-182
120900087,381,307,74
120900088,193,317,-124
120900089,4341,1868,2473
120900090,147,169,-22
120900091,625,684,-59
120900092,1493,791,702
120900093,3175,266,2909
120900094,552,192,360
120900095,533,47,486
120900096,46,228,-182
120900097,629,923,-294
120900098,320,214,106
120900099,44,98,-54
120900100,124,314,-190
120900101,814,316,498
120900102,16,175,-159
120900103,28,185,-157
120900104,24,59,-35
120900105,31,664,-633
120900106,1524,624,900
120900107,309,191,118
120900108,10,742,-732
120900109,51,709,-658
120900110,5,1104,-1099
120900111,188,404,-216
120900112,7,1064,-1057
120900113,17,981,-964
120900114,54,184,-130
120900115,208,268,-60
120900116,243,524,-281
120900117,0,685,-685
120900118,3,1035,-1032
120900119,2874,6530,-3656
120900120,69,704,-635
120900121,98,546,-448
120900122,319,651,-332
120900123,2,443,-441
120900124,0,739,-739
120900125,5,933,-928
120900126,1661,1232,429
120900127,14,485,-471
120900128,1261,1519,-258
120900129,51,346,-295
120900130,0,347,-347
120900131,34,46,-12
120900132,536,321,215
120900133,143,1200,-1057
120900134,1073,486,587
120900135,6,633,-627
120900136,34,61,-27
120900137,216,97,119
120900138,30,220,-190
120900139,5,827,-822
120900140,6,52,-46
120900141,159,162,-3
120900142,20,668,-648
120900143,2,915,-913
120900144,2,143,-141
120900145,92,815,-723
120900146,7,1079,-1072
120900147,2,476,-474
120900148,94,204,-110
120900149,1,330,-329
120900150,47,715,-668
120900151,3,746,-743
120900152,0,58,-58
120900153,10,55,-45
120900154,0,278,-278
120900155,175,1310,-1135
120900156,25,416,-391
120900157,55,316,-261
120900158,45,705,-660
120900159,124,421,-297
120900160,33,634,-601
120900161,33,490,-457
120900162,14,557,-543
120900163,24,298,-274
120900164,7,4,3
120900165,13,21,-8
120900166,209,172,37
120900167,660,89,571
120900169,78,569,-491
120900170,2114,2104,10
120900171,1177,452,725
120900172,1717,353,1364
120900173,0,74,-74
120900174,5,128,-123
120900175,290,226,64
120900176,7,331,-324
120900177,1,753,-752
120900178,0,319,-319
120900179,1177,497,680
120900180,136,130,6
120900181,153,101,52
120900182,24,806,-782
120900183,306,260,46
120900184,112,69,43
120900185,4,289,-285
120900186,1,458,-457
120900187,462,798,-336
120900188,154,23,131
120900189,141,739,-598
120900190,38,9,29
120900191,3,28,-25
120900192,12824,5177,7647
120900194,34,78,-44
120900195,104,262,-158
120900196,1219,29,1190
120900197,519,100,419
120900198,251,585,-334
120900199,269,375,-106
120900200,116,151,-35
120900201,564,164,400
120900202,1,214,-213
120900203,31,71,-40
120900204,220,316,-96
120900205,69,81,-12
120900206,6,21,-15
120900207,69,1533,-1464
121000001,1637,1138,499
121000002,4302,2589,1713
121000003,3781,2139,1642
121000004,3471,8654,-5183
121000005,2794,3034,-240
121000006,4012,1894,2118
121000007,4177,2752,1425
121000008,9479,4254,5225
121000009,7323,6213,1110
121000010,11639,7352,4287
121000011,9127,14608,-5481
121000012,16913,12243,4670
121000013,5832,8572,-2740
121000014,7800,7589,211
121000015,6266,8017,-1751
121000016,5689,5185,504
121000017,2149,4102,-1953
121000018,2435,1876,559
121000019,18706,12021,6685
121000020,12424,13148,-724
121000021,3806,3093,713
121000022,2112,2215,-103
121000023,3828,3353,475
121000024,3861,4778,-917
121000025,692,1757,-1065
121000026,302,172,130
121000027,1695,1250,445
121000028,810,515,295
121000029,1179,636,543
121000030,688,336,352
121000031,892,697,195
121000032,225,97,128
121000034,903,235,668
121000035,430,116,314
121000036,2343,1152,1191
121000037,1037,486,551
121000038,971,869,102
121000039,544,551,-7
121000041,755,486,269
121000042,350,324,26
121000043,925,580,345
121000044,2223,803,1420
121000045,401,259,142
121000046,607,706,-99
121000047,566,87,479
121000049,2883,652,2231
121000050,408,1168,-760
121000051,1047,308,739
121000052,713,612,101
121000053,432,93,339
121000054,45,338,-293
121000055,1534,1124,410
121000056,897,1094,-197
121000057,395,455,-60
121000058,366,143,223
121000059,2095,1533,562
121000060,551,1124,-573
121000061,305,141,164
121000062,207,413,-206
121000063,811,670,141
121000064,832,947,-115
121000065,588,367,221
121000066,779,530,249
121000067,1293,336,957
121000068,1035,372,663
121000069,851,436,415
121000070,2787,1181,1606
121000071,1796,1211,585
121000072,1492,756,736
121000073,1561,739,822
121000074,84,143,-59
121000075,79,115,-36
121000076,1403,345,1058
121000077,163,137,26
121000078,132,180,-48
121000080,2491,680,1811
121000081,2422,3598,-1176
121000082,176,272,-96
121000083,280,117,163
121000084,216,140,76
121000085,310,516,-206
121000086,167,859,-692
121000087,58,252,-194
121000088,506,618,-112
121000089,389,309,80
121000090,630,364,266
121000091,1721,815,906
121000092,202,113,89
121000093,174,196,-22
121000094,435,676,-241
121000095,406,508,-102
121000096,2051,2581,-530
121000097,1018,2097,-1079
121000098,737,1052,-315
121000099,768,803,-35
121000100,1096,522,574
121000101,408,235,173
121000102,289,271,18
121000103,228,256,-28
121000104,288,153,135
121000105,358,268,90
121000106,307,377,-70
121000107,2706,3722,-1016
121000109,1664,1183,481
121000110,325,920,-595
121000114,3146,2078,1068
121000115,1105,777,328
121000116,445,908,-463
121000117,980,323,657
121000118,1484,256,1228
121000119,476,449,27
121000120,234,393,-159
121000121,730,1027,-297
121000123,1604,518,1086
121000127,223,101,122
121000128,1121,474,647
121000129,685,519,166
121000130,548,834,-286
121000131,2667,1774,893
121000132,1719,1406,313
121000135,323,301,22
121000136,2174,652,1522
121000137,452,229,223
121000138,1649,695,954
121000139,879,88,791
121000141,372,110,262
121000142,878,780,98
121000143,98,25,73
121000144,975,1449,-474
121000145,777,1256,-479
121000146,1366,700,666
121000147,1101,474,627
121000148,1081,1030,51
121000149,2561,1307,1254
121000152,576,812,-236
121000153,1719,842,877
121000154,934,1058,-124
121000155,1175,1543,-368
121000156,384,1181,-797
121000157,1165,2572,-1407
121000158,467,708,-241
121000159,238,600,-362
121000160,331,593,-262
121000161,165,370,-205
121000162,73,230,-157
121000165,1564,1759,-195
121000166,17,762,-745
121000168,542,265,277
121000169,71,185,-114
121000170,310,181,129
121000171,44,147,-103
121000172,643,564,79
121000173,1158,1010,148
121000174,318,440,-122
121000175,1081,462,619
121000176,419,307,112
121000177,1346,655,691
121000178,203,39,164
121000179,92,51,41
121000181,536,486,50
121000182,74,166,-92
121000183,73,71,2
121000184,138,79,59
121000185,47,146,-99
121000186,213,298,-85
121000187,144,223,-79
121000188,186,208,-22
121000192,828,343,485
121000193,714,568,146
121000194,2406,2302,104
121000195,412,973,-561
121000196,1266,279,987
121000197,508,576,-68
121000198,563,100,463
121000199,312,344,-32
121000200,1156,76,1080
121000201,8,240,-232
121000202,1149,89,1060
121000203,1006,1975,-969
121000204,3500,709,2791
121000205,327,274,53
121000206,211,34,177
121000207,2401,433,1968
121000208,1,378,-377
121000209,352,360,-8
121000210,494,459,35
121000211,319,119,200
121000212,324,683,-359
121000213,7931,3106,4825
121000214,691,4357,-3666
121000215,1361,852,509
121000216,790,1179,-389
121000217,6652,4594,2058
121000218,750,1948,-1198
121000219,2854,594,2260
121000220,490,58,432
121000221,166,297,-131
121000222,3475,2707,768
121000223,1376,429,947
121000224,605,150,455
121000225,4839,1406,3433
121000226,12161,1689,10472
121000227,8,163,-155
121000228,13,593,-580
121000229,300,338,-38
121000230,78,1597,-1519
121000231,965,42,923
121000232,332,315,17
121000233,740,395,345
121000234,76,65,11
121000235,135,85,50
121000236,13,88,-75
121000237,56,13,43
121000238,6,114,-108
121000239,77,3,74
121000240,6,391,-385
121000241,135,16,119
121000242,84,295,-211
121000243,693,194,499
121000244,13,66,-53
121000245,193,34,159
121000246,4,93,-89
121000247,104,7,97
121000248,1671,729,942
121000249,178,349,-171
121000250,800,159,641
121000251,27,565,-538
121000252,115,62,53
121000253,1048,507,541
121000254,1791,345,1446
121000255,243,155,88
121000256,702,166,536
121000257,183,69,114
121000258,605,48,557
121000259,181,49,132
121000260,282,156,126
121000261,397,64,333
121000262,948,1505,-557
121000263,383,464,-81
121000271,281,1902,-1621
121000273,370,7,363
121000274,24,63,-39
121000275,5,15,-10
121000276,8,28,-20
121000278,233,55,178
121000279,75,8,67
121000280,108,39,69
121000289,326,38,288
121000290,1308,743,565
121000294,161,150,11
121000297,1200,1565,-365
121000299,943,336,607
121000300,548,723,-175
121000302,181,1142,-961
121000303,658,388,270
121000304,438,39,399
121000305,189,40,149
121000306,104,92,12
121000308,155,508,-353
121000309,493,734,-241
121000310,136,370,-234
121000311,55,916,-861
121000312,284,253,31
121000313,373,669,-296
121000314,241,172,69
121000315,70,122,-52
121000530,1382,1338,44
121000531,1356,1588,-232
121000532,6257,6246,11
121000533,2869,3037,-168
121000918,176,197,-21
121000919,97,45,52
121000938,680,419,261
121000939,799,352,447
121000956,1159,1503,-344
121000957,12,12,0
121000958,279,37,242
121000959,746,766,-20
121000960,2670,1957,713
121000961,298,156,142
121000962,400,1461,-1061
121000963,0,0,0
121000973,0,135,-135
121000976,11,233,-222
121000979,369,116,253
121000981,520,327,193
121000982,543,171,372
121000983,566,361,205
121000984,90,57,33
121000985,690,592,98
121000986,774,273,501
121000987,259,1302,-1043
121000988,872,159,713
121001302,334,105,229
121001308,6,16,-10
121001309,196,78,118
121001313,540,276,264
121001314,3261,3951,-690
121001315,4661,2644,2017
121001326,26,64,-38
121900001,124,210,-86
121900002,172,27,145
121900003,522,9,513
121900004,140,306,-166
121900005,41,9,32
121900006,110,17,93
121900007,1673,3173,-1500
121900008,1248,165,1083
121900009,480,9,471
121900010,265,4,261
121900011,158,311,-153
121900012,6,2,4
121900013,1872,50,1822
121900014,1231,396,835
121900015,193,182,11
121900016,7,45,-38
121900017,378,440,-62
121900018,293,16,277
121900019,355,220,135
121900020,29,5,24
121900021,670,8,662
121900022,246,207,39
121900023,94,217,-123
121900024,318,80,238
121900025,476,332,144
121900026,368,34,334
121900027,287,84,203
121900028,142,11,131
121900029,140,103,37
121900030,640,807,-167
121900031,1077,7949,-6872
121900032,98,74,24
121900033,119,148,-29
121900034,622,77,545
121900035,2037,2157,-120
121900036,74,315,-241
121900037,149,517,-368
121900038,19,168,-149
121900039,493,30,463
121900040,62,71,-9
121900041,64,116,-52
121900042,393,111,282
121900043,7,7,0
121900044,184,66,118
121900046,276,223,53
121900047,155,57,98
121900048,39,150,-111
121900050,35,32,3
121900051,153,130,23
121900052,130,40,90
121900053,425,442,-17
121900054,502,854,-352
121900055,4,10,-6
121900058,256,167,89
121900059,386,156,230
121900060,133,322,-189
121900061,684,121,563
121900062,145,101,44
121900063,2089,277,1812
121900064,318,571,-253
121900066,33,31,2
121900067,28,29,-1
121900069,173,117,56
121900070,281,94,187
121900071,270,205,65
121900072,29,160,-131
121900073,322,186,136
121900074,622,952,-330
121900075,1104,399,705
121900076,1142,489,653
121900077,31,57,-26
121900078,67,25,42
121900079,0,0,0
121900080,751,350,401
121900082,60,107,-47
121900084,9,232,-223
121900085,2,12,-10
121900086,23,37,-14
121900087,202,86,116
121900088,1560,3215,-1655
121900089,202,371,-169
121900090,21,88,-67
121900091,39,129,-90
121900092,76,77,-1
121900093,63,68,-5
121900094,7,2,5
121900095,222,106,116
121900096,1522,538,984
121900097,530,146,384
121900098,2,17,-15
121900099,226,50,176
121900100,278,298,-20
121900101,100,123,-23
121900102,12,115,-103
121900103,1224,190,1034
121900104,1576,349,1227
121900105,203,119,84
121900106,3,5,-2
121900107,52,30,22
121900108,0,8,-8
121900109,424,147,277
121900110,311,1026,-715
121900111,1435,132,1303
121900112,231,94,137
121900113,86,612,-526
121900117,171,39,132
121900118,2209,566,1643
121900119,130,138,-8
121900120,29,1642,-1613
121900121,612,45,567
121900122,30,47,-17
121900123,115,530,-415
121900124,103,187,-84
121900125,757,1137,-380
121900127,7,73,-66
121900128,78,77,1
121900129,573,143,430
121900130,91,196,-105
121900131,291,66,225
121900132,74,106,-32
121900133,64,448,-384
121900134,31,113,-82
121900135,1916,228,1688
121900136,197,389,-192
121900137,31,403,-372
121900138,97,127,-30
121900139,409,340,69
121900140,72,134,-62
121900141,48,22,26
121900142,108,119,-11
121900143,4,153,-149
121900144,109,280,-171
121900145,125,194,-69
121900146,646,732,-86
121900147,71,170,-99
121900148,180,259,-79
121900149,312,610,-298
121900150,67,131,-64
121900151,63,201,-138
121900152,76,131,-55
121900153,106,545,-439
121900154,16,188,-172
121900155,2,82,-80
121900156,111,96,15
121900157,1,387,-386
121900158,106,87,19
121900159,0,215,-215
121900160,38,236,-198
121900161,381,311,70
121900162,145,116,29
121900163,231,557,-326
121900164,449,130,319
121900165,279,143,136
121900166,326,124,202
121900167,184,89,95
121900168,183,192,-9
121900169,2,246,-244
121900170,5,194,-189
121900171,524,501,23
121900172,522,241,281
121900173,972,302,670
121900174,50,72,-22
121900175,340,143,197
121900176,648,1342,-694
121900177,133,52,81
121900178,52,56,-4
121900179,337,122,215
121900180,4371,3924,447
121900182,885,260,625
121900183,693,595,98
121900184,62,401,-339
121900186,5,234,-229
121900187,46,137,-91
121900188,443,604,-161
121900189,25,93,-68
121900190,209,566,-357
121900191,102,228,-126
121900192,385,567,-182
121900193,61,141,-80
121900194,3,107,-104
121900195,79,79,0
121900196,1024,1255,-231
121900197,261,1523,-1262
121900198,933,1450,-517
121900199,4,21,-17
121900200,202,259,-57
121900201,1044,691,353
121900202,100,460,-360
121900203,171,1011,-840
121900204,830,1425,-595
121900205,16,88,-72
121900206,19,18,1
121900207,188,23,165
121900208,258,283,-25
121900209,59,44,15
121900210,1652,1105,547
121900211,317,625,-308
121900212,117,103,14
121900213,118,85,33
121900214,5,517,-512
121900215,71,75,-4
121900216,59,110,-51
121900217,203,104,99
121900218,267,436,-169
121900220,119,13,106
121900221,292,864,-572
121900222,211,143,68
121900223,257,35,222
121900224,106,36,70
121900225,336,133,203
121900226,229,584,-355
121900227,128,402,-274
121900228,205,383,-178
121900230,151,97,54
121900231,467,567,-100
121900232,328,407,-79
121900233,230,178,52
121900234,457,258,199
121900235,482,219,263
121900236,308,126,182
121900237,191,256,-65
121900238,125,277,-152
121900239,150,24,126
121900240,159,91,68
121900241,20,74,-54
121900242,64,91,-27
121900245,202,83,119
121900246,2019,301,1718
121900247,136,168,-32
121900248,1221,1015,206
121900250,252,210,42
121900251,271,36,235
121900252,543,117,426
121900253,258,1081,-823
121900254,518,197,321
121900255,203,75,128
121900258,2580,2123,457
121900259,329,680,-351
121900260,112,229,-117
121900261,195,653,-458
121900262,351,1140,-789
121900263,185,341,-156
121900264,1944,1691,253
121900265,248,242,6
121900266,384,169,215
121900267,64,44,20
121900269,132,522,-390
121900270,17,214,-197
121900271,51,112,-61
121900273,688,2272,-1584
121900274,256,177,79
121900277,453,878,-425
121900278,120,805,-685
121900279,174,151,23
121900280,263,247,16
121900281,564,165,399
121900284,23,10,13
121900286,155,79,76
121900287,16,28,-12
121900288,31,2,29
121900290,167,215,-48
121900291,321,696,-375
121900292,218,126,92
121900293,989,2718,-1729
121900294,213,1,212
121900295,121,258,-137
121900296,108,42,66
121900298,457,661,-204
121900299,0,0,0
121900300,53,1,52
121900301,141,1,140
121900302,2,45,-43
121900303,656,298,358
121900304,5,14,-9
121900305,0,1,-1
121900306,51,0,51
121900307,20,7,13
121900308,22,266,-244
121900309,13,219,-206
121900310,17,375,-358
121900311,352,29,323
121900312,147,28,119
121900313,609,21,588
121900314,13,56,-43
121900315,6,1,5
121900316,0,14,-14
121900317,29,6,23
121900318,1,15,-14
121900319,26,247,-221
121900320,47,151,-104
121900321,15,0,15
121900322,0,23,-23
121900323,8,15,-7
121900324,2,62,-60
121900325,10,0,10
121900326,1,14,-13
121900327,4,76,-72
121900328,2,28,-26
121900329,0,160,-160
121900330,0,97,-97
121900331,19,5,14
121900332,89,39,50
121900333,39,4,35
121900334,141,67,74
122000001,2710,4445,-1735
122000002,5500,1709,3791
122000003,2116,2330,-214
122000004,3172,1722,1450
122000005,2586,1677,909
122000006,2099,720,1379
122000007,1558,1701,-143
122000008,5177,5583,-406
122000009,606,415,191
122000010,2307,3214,-907
122000011,3051,1433,1618
122000012,1243,1220,23
122000013,2762,1361,1401
122000014,1610,1997,-387
122000015,1672,1068,604
122000016,700,918,-218
122000017,1149,1049,100
122000018,1563,1180,383
122000019,790,1156,-366
122000020,208,189,19
122000021,528,434,94
122000022,1530,1394,136
122000023,753,2767,-2014
122000024,904,890,14
122000025,2405,1404,1001
122000026,1567,888,679
122000027,563,4895,-4332
122000028,821,417,404
122000029,513,372,141
122000030,460,178,282
122000031,191,334,-143
122000032,2017,3829,-1812
122000033,1026,950,76
122000034,1036,697,339
122000035,304,978,-674
122000036,608,560,48
122000037,332,269,63
122000038,271,340,-69
122000039,902,642,260
122000040,397,605,-208
122000041,598,569,29
122000042,472,442,30
122000043,166,132,34
122000044,161,177,-16
122000045,2027,438,1589
122000046,947,1157,-210
122000047,328,205,123
122000048,3984,4954,-970
122000049,6140,2885,3255
122000050,2039,708,1331
122000051,486,372,114
122000052,631,374,257
122000053,245,699,-454
122000054,3049,2040,1009
122000055,3730,3208,522
122000056,5489,4080,1409
122000057,3559,3676,-117
122000058,3791,1262,2529
122000059,3588,1611,1977
122000060,1038,650,388
122000061,690,518,172
122000062,1823,338,1485
122000063,1861,751,1110
122000064,4125,2349,1776
122000065,6280,2481,3799
122000066,1541,890,651
122000067,2596,1369,1227
122000068,1621,1865,-244
122000069,689,579,110
122000070,771,4022,-3251
122000071,1157,1595,-438
122000072,383,375,8
122000073,470,491,-21
122000074,2910,1603,1307
122000075,639,1622,-983
122000076,2083,1117,966
122000077,2200,786,1414
122000078,3147,2290,857
122000079,3001,1034,1967
122000080,1501,412,1089
122000081,252,335,-83
122000082,1545,718,827
122000083,1463,4051,-2588
122000084,1281,821,460
122000085,321,1885,-1564
122000086,2560,6056,-3496
122000087,362,177,185
122000088,376,398,-22
122000089,6979,3248,3731
122000090,332,603,-271
122000091,545,56,489
122000092,299,13,286
122000093,2553,1030,1523
122000094,7811,1783,6028
122000095,2921,2962,-41
122000096,2114,2129,-15
122000098,3247,1664,1583
122000099,5251,682,4569
122000100,1539,796,743
122000101,252,1388,-1136
122000102,1643,1103,540
122000103,2104,1529,575
122000104,474,163,311
122000105,528,241,287
122000106,622,514,108
122000107,1150,502,648
122000108,491,736,-245
122000109,396,548,-152
122000110,448,454,-6
122000111,2805,1294,1511
122000112,915,1632,-717
122000113,638,600,38
122000114,6518,1897,4621
122000115,2083,2577,-494
122000116,484,501,-17
122000117,1248,418,830
122000118,482,725,-243
122000119,3263,2394,869
122000120,2550,4562,-2012
122000121,2655,2898,-243
122000122,864,1426,-562
122000123,2120,1778,342
122000124,1063,420,643
122000125,586,641,-55
122000126,649,930,-281
122000127,1239,1420,-181
122000128,561,710,-149
122000129,470,1497,-1027
122000130,3161,1466,1695
122000131,1740,1690,50
122000132,753,639,114
122000133,1006,1453,-447
122000134,931,767,164
122000135,737,681,56
122000136,802,637,165
122000137,1379,925,454
122000139,2137,3107,-970
122000140,1729,608,1121
122000141,4124,973,3151
122000142,522,636,-114
122000143,477,670,-193
122000144,1603,1575,28
122000145,1607,829,778
122000146,622,1275,-653
122000147,975,507,468
122000148,3028,1507,1521
122000149,2135,1503,632
122000150,1356,1108,248
122000151,267,427,-160
122000152,504,457,47
122000153,433,438,-5
122000154,391,232,159
122000155,1614,2992,-1378
122000156,2210,2046,164
122000157,2524,1324,1200
122000158,434,592,-158
122000159,921,2034,-1113
122000160,4236,3171,1065
122000161,1327,1154,173
122000162,1981,1905,76
122000163,211,74,137
122000164,20,76,-56
122000165,1175,696,479
122000166,1961,1300,661
122000167,262,196,66
122000168,197,462,-265
122000169,769,214,555
122000170,323,250,73
122000171,46,83,-37
122000172,1454,1675,-221
122000173,1326,2437,-1111
122000174,3125,830,2295
122000175,1709,380,1329
122000176,287,681,-394
122000177,2133,1446,687
122000178,3840,3422,418
122000179,1619,2822,-1203
122000180,1787,1388,399
122000181,2039,3507,-1468
122000182,2076,1692,384
122000183,1782,1403,379
122000184,2478,2311,167
122000185,1133,1244,-111
122000186,586,799,-213
122000187,2280,1049,1231
122000188,440,152,288
122000189,255,401,-146
122000190,1534,1090,444
122000191,1610,838,772
122000192,1507,333,1174
122000193,489,530,-41
122000194,1043,221,822
122000195,228,424,-196
122000196,1259,538,721
122000197,505,473,32
122000198,578,755,-177
122000199,523,306,217
122000200,2063,739,1324
122000201,1562,1277,285
122000202,1585,1152,433
122000203,2303,1596,707
122000204,1559,1918,-359
122000205,1353,1599,-246
122000206,2308,721,1587
122000207,2109,964,1145
122000208,3410,1254,2156
122000209,3378,419,2959
122000210,2707,1547,1160
122000211,2028,951,1077
122000212,959,585,374
122000213,1236,1636,-400
122000214,2040,1847,193
122000215,1962,1707,255
122000217,2589,1359,1230
122000218,947,116,831
122000219,1297,1029,268
122000220,413,602,-189
122000221,65,511,-446
122000222,805,142,663
122000223,1569,413,1156
122000225,1191,229,962
122000226,2787,2029,758
122000227,327,3212,-2885
122000228,323,335,-12
122000229,19,403,-384
122000230,83,483,-400
122000231,344,726,-382
122000232,695,860,-165
122000233,0,90,-90
122000234,590,138,452
122000235,939,164,775
122000236,957,163,794
122000237,126,77,49
122000238,367,320,47
122000239,514,168,346
122000240,1195,480,715
122000241,1513,621,892
122000242,690,114,576
122000243,229,63,166
122000244,61,380,-319
122000245,122,211,-89
122000246,365,213,152
122000247,587,693,-106
122000248,1237,1939,-702
122000249,1194,885,309
122000250,2369,1343,1026
122000251,238,435,-197
122000252,571,109,462
122000253,39,257,-218
122000254,288,93,195
122000255,683,1521,-838
122000256,450,1271,-821
122000257,225,237,-12
122000258,251,291,-40
122000259,11,461,-450
122000260,1,94,-93
122000261,6,204,-198
122000262,1,68,-67
122000263,258,100,158
122000264,1318,513,805
122000265,3445,834,2611
122000266,7901,720,7181
122000267,96,74,22
122000268,176,363,-187
122000269,1203,262,941
122000270,2046,138,1908
122000271,502,945,-443
122000272,352,931,-579
122000273,511,376,135
122000274,195,220,-25
122000275,88,198,-110
122000276,653,447,206
122000277,1478,1334,144
122000278,1916,807,1109
122000279,199,469,-270
122000280,1345,801,544
122000281,893,733,160
122000282,321,120,201
122000283,1154,77,1077
122000284,194,90,104
122000285,723,99,624
122000286,346,156,190
122000287,1794,1439,355
122000288,1125,259,866
122000291,1719,786,933
122000293,349,321,28
122000294,143,222,-79
122000295,1443,187,1256
122000296,64,892,-828
122000297,2520,2975,-455
122000299,393,369,24
122000300,506,630,-124
122000301,11298,3583,7715
122000302,1129,1495,-366
122000303,4023,1456,2567
122000304,134,306,-172
122000305,1070,320,750
122000306,30,847,-817
122000307,157,146,11
122000309,201,61,140
122000310,77,75,2
122000311,371,219,152
122000312,214,129,85
122000313,173,80,93
122000314,154,264,-110
122000315,398,56,342
122000316,713,242,471
122000317,1250,295,955
122000318,447,765,-318
122000319,290,574,-284
122000320,490,2117,-1627
122000321,107,200,-93
122000322,2611,3071,-460
122000323,1810,2235,-425
122000324,1622,1341,281
122000325,1141,1449,-308
122000326,76,151,-75
122000327,631,1144,-513
122000328,1268,644,624
122000330,2240,726,1514
122000332,310,409,-99
122000333,4,130,-126
122000337,981,1550,-569
122000338,426,252,174
122000340,517,341,176
122000342,1955,1033,922
122000343,455,1161,-706
122000344,62,32,30
122000345,276,44,232
122000346,271,531,-260
122000348,627,643,-16
122000349,80,615,-535
122000351,139,193,-54
122000352,510,144,366
122000353,80,116,-36
122000355,188,164,24
122000356,2346,1017,1329
122000357,137,27,110
122000358,0,48,-48
122000359,0,21,-21
122000360,0,32,-32
122000362,9,80,-71
122000364,138,279,-141
122000365,4,34,-30
122000366,5,5,0
122000368,409,584,-175
122000370,20,79,-59
122000371,65,0,65
122000372,18,0,18
122000381,46,344,-298
122000382,78,221,-143
122000384,5186,2123,3063
122000385,51,0,51
122000386,789,1408,-619
122000387,1085,464,621
122000388,1929,741,1188
122000389,267,574,-307
122000390,693,198,495
122000391,583,124,459
122000392,209,167,42
122000393,648,160,488
122000394,544,272,272
122000395,232,150,82
122000396,414,135,279
122000397,92,99,-7
122000398,33,87,-54
122000399,217,65,152
122000400,266,430,-164
122000401,142,91,51
122000402,257,142,115
122000403,451,964,-513
122000404,113,343,-230
122000408,1086,1483,-397
122000503,13,156,-143
122000524,135,88,47
122000544,100,4827,-4727
122000616,340,4,336
122000640,85,190,-105
122000641,134,399,-265
122000642,2074,958,1116
122000643,46,159,-113
122000644,248,22,226
122000645,116,398,-282
122000651,2683,733,1950
122000664,154,48,106
122000665,1292,477,815
122000666,690,1094,-404
122000673,40,375,-335
122000674,205,55,150
122000675,2016,1301,715
122000686,349,1050,-701
122000687,1933,340,1593
122000688,197,713,-516
122000689,970,766,204
122000690,1359,725,634
122000691,403,2282,-1879
122000692,1189,326,863
122000693,344,1471,-1127
122000695,265,441,-176
122000696,334,327,7
122000698,271,703,-432
122000699,227,56,171
122000701,1480,417,1063
122000702,527,1774,-1247
122000703,151,75,76
122000712,0,0,0
122000717,160,59,101
122000718,359,866,-507
122000719,181,114,67
122000720,408,308,100
122000724,214,203,11
122900001,17,7,10
122900002,1270,5027,-3757
122900003,432,48,384
122900004,511,46,465
122900005,73,32,41
122900006,1713,180,1533
122900007,210,66,144
122900008,1001,88,913
122900009,802,422,380
122900010,239,227,12
122900012,237,250,-13
122900014,192,321,-129
122900015,1908,671,1237
122900016,213,268,-55
122900017,391,794,-403
122900018,202,20,182
122900019,4,156,-152
122900020,854,312,542
122900021,47,1023,-976
122900022,688,880,-192
122900023,426,244,182
122900024,122,110,12
122900025,19,152,-133
122900026,103,293,-190
122900027,43,772,-729
122900028,149,154,-5
122900029,4278,3165,1113
122900030,1220,461,759
122900031,145,333,-188
122900032,72,493,-421
122900033,411,135,276
122900034,3504,6401,-2897
122900035,18,19,-1
122900036,62,212,-150
122900037,623,120,503
122900038,174,3941,-3767
122900039,98,629,-531
122900040,345,303,42
122900041,307,204,103
122900042,161,253,-92
122900043,632,168,464
122900044,109,350,-241
122900045,103,94,9
122900046,371,95,276
122900047,402,227,175
122900048,43,441,-398
122900049,1415,123,1292
122900051,77,98,-21
122900052,162,216,-54
122900053,24,35,-11
122900055,476,104,372
122900057,420,55,365
122900061,523,194,329
122900062,466,722,-256
122900063,231,334,-103
122900064,1947,453,1494
122900065,727,164,563
122900066,555,325,230
122900067,1233,682,551
122900068,46,75,-29
122900069,273,2030,-1757
122900070,377,39,338
122900071,112,495,-383
122900072,13,606,-593
122900073,15,230,-215
122900074,903,618,285
122900075,0,81,-81
122900076,4,202,-198
122900077,9,163,-154
122900078,116,97,19
122900080,59,24,35
122900081,331,183,148
122900082,693,175,518
122900083,122,124,-2
122900084,9,273,-264
122900086,7,74,-67
122900087,359,402,-43
122900088,62,95,-33
122900089,64,111,-47
122900090,11,668,-657
122900091,214,2,212
122900092,0,186,-186
122900093,0,218,-218
122900094,3,244,-241
122900095,164,3,161
122900096,204,195,9
122900097,48,41,7
122900098,80,97,-17
122900099,51,13,38
122900100,1023,141,882
122900101,1076,275,801
122900102,15,22,-7
122900103,132,3,129
122900104,127,5,122
122900105,9,4,5
122900106,0,97,-97
122900107,2,200,-198
122900108,1,229,-228
123000001,2165,443,1722
123000002,5351,4108,1243
123000003,4075,4069,6
123000004,3485,5029,-1544
123000005,2944,3504,-560
123000006,2780,3060,-280
123000007,3800,3311,489
123000008,2636,3726,-1090
123000009,5282,3517,1765
123000010,3819,3697,122
123000011,5557,1063,4494
123000012,1336,2518,-1182
123000013,4173,1132,3041
123000014,1399,4091,-2692
123000015,4290,1060,3230
123000016,5307,4025,1282
123000017,3263,1951,1312
123000018,55,125,-70
123000019,201,301,-100
123000020,118,149,-31
123000021,75,391,-316
123000022,346,3564,-3218
123000023,1634,1590,44
123000024,1968,678,1290
123000025,278,292,-14
123000026,17,66,-49
123000027,1235,241,994
123000028,1959,189,1770
123000029,2697,314,2383
123000030,438,372,66
123000031,146,300,-154
123000032,273,239,34
123000033,372,62,310
123000034,1521,1377,144
123000035,303,425,-122
123000036,250,945,-695
123000037,234,238,-4
123000038,145,295,-150
123000039,471,1294,-823
123000040,930,335,595
123000041,1624,931,693
123000042,1583,526,1057
123000043,3604,7656,-4052
123000044,5096,2447,2649
123000045,8921,2603,6318
123000046,784,1421,-637
123000047,2422,1304,1118
123000048,81,578,-497
123000049,6748,7452,-704
123000050,1224,1458,-234
123000051,175,229,-54
123000052,759,3662,-2903
123000053,2995,3565,-570
123000054,1419,1310,109
123000055,1063,1969,-906
123000056,1426,1942,-516
123000057,14483,6309,8174
123000058,678,852,-174
123000059,480,519,-39
123000060,746,268,478
123000061,277,744,-467
123000063,733,1012,-279
123000064,875,248,627
123000065,6110,3345,2765
123000066,947,784,163
123000067,929,774,155
123000068,3056,3287,-231
123000069,6786,4146,2640
123000070,353,870,-517
123000071,942,1165,-223
123000072,1077,1177,-100
123000073,1138,886,252
123000074,1123,1701,-578
123000075,355,1027,-672
123000076,678,913,-235
123000077,2298,3444,-1146
123000078,1430,1905,-475
123000079,1373,2222,-849
123000080,2237,2314,-77
123000081,152,454,-302
123000082,352,1040,-688
123000083,913,222,691
123000084,584,811,-227
123000085,254,85,169
123000086,404,265,139
123000087,311,379,-68
123000088,1002,980,22
123000089,522,1326,-804
123000090,1312,1170,142
123000091,1574,2068,-494
123000092,1100,1381,-281
123000094,479,246,233
123000095,449,658,-209
123000096,721,449,272
123000097,455,871,-416
123000098,652,641,11
123000099,538,790,-252
123000100,587,845,-258
123000101,637,636,1
123000102,555,724,-169
123000104,387,493,-106
123000105,454,530,-76
123000106,621,524,97
123000107,434,676,-242
123000108,764,1318,-554
123000111,810,380,430
123000112,975,616,359
123000113,602,1541,-939
123000114,471,740,-269
123000115,280,303,-23
123000116,30,165,-135
123000117,1503,1994,-491
123000118,451,827,-376
123000119,262,910,-648
123000120,390,787,-397
123000121,535,819,-284
123000122,589,264,325
123000123,437,763,-326
123000124,600,563,37
123000125,1480,1352,128
123000126,1662,3396,-1734
123000127,1132,695,437
123000128,374,414,-40
123000129,519,233,286
123000130,461,82,379
123000131,746,751,-5
123000132,422,629,-207
123000133,315,414,-99
123000134,479,251,228
123000135,1900,1227,673
123000136,210,960,-750
123000137,89,356,-267
123000138,92,407,-315
123000139,412,149,263
123000140,81,691,-610
123000141,731,139,592
123000142,1013,1047,-34
123000143,2293,2804,-511
123000144,28,20,8
123000145,305,98,207
123000146,63,98,-35
123000147,218,110,108
123000149,452,560,-108
123000150,356,322,34
123000151,455,508,-53
123000152,112,463,-351
123000153,182,601,-419
123000154,2094,2015,79
123000155,2343,951,1392
123000156,58,158,-100
123000157,686,854,-168
123000158,637,1063,-426
123000159,3625,2271,1354
123000160,892,691,201
123000161,1436,1234,202
123000162,868,1864,-996
123000163,517,93,424
123000164,1501,344,1157
123000165,466,1697,-1231
123000166,50,180,-130
123000167,224,304,-80
123000168,209,281,-72
123000169,723,128,595
123000170,128,203,-75
123000171,478,24,454
123000172,166,560,-394
123000173,491,233,258
123000174,941,372,569
123000175,601,1318,-717
123000176,695,271,424
123000177,216,919,-703
123000178,931,163,768
123000179,79,628,-549
123000180,1484,333,1151
123000181,355,1565,-1210
123000182,164,352,-188
123000183,184,583,-399
123000184,72,608,-536
123000185,451,492,-41
123000186,1,643,-642
123000187,554,8,546
123000188,199,2,197
123000189,170,155,15
123000190,53,67,-14
123000192,29,409,-380
123000193,70,872,-802
123000194,457,280,177
123000195,249,27,222
123000196,273,52,221
123000197,44,217,-173
123000198,217,254,-37
123000199,7,628,-621
123000200,474,15,459
123000201,851,45,806
123000202,17,1344,-1327
123000203,898,79,819
123000204,73,1115,-1042
123000205,467,1779,-1312
123000206,1936,236,1700
123000207,99,817,-718
123000208,618,155,463
123000209,2128,571,1557
123000210,542,1893,-1351
123000211,561,2535,-1974
123000212,2825,439,2386
123000213,691,103,588
123000215,348,182,166
123000216,235,956,-721
123000217,172,24,148
123000218,109,459,-350
123000219,936,200,736
123000220,459,81,378
123000221,294,96,198
123000222,546,394,152
123000223,175,364,-189
123000224,390,594,-204
123000225,242,72,170
123000226,55,293,-238
123000227,132,295,-163
123000228,209,78,131
123000229,1193,1784,-591
123000232,88,691,-603
123000233,700,197,503
123000234,142,753,-611
123000235,747,279,468
123000236,197,764,-567
123000237,377,112,265
123000238,73,580,-507
123000239,436,1530,-1094
123000240,42,473,-431
123000241,684,129,555
123000242,99,222,-123
123000243,909,1044,-135
123000244,937,764,173
123000245,60,196,-136
123000249,575,969,-394
123000252,896,257,639
123000253,985,393,592
123000254,549,906,-357
123000255,1087,873,214
123000256,33,197,-164
123000257,3108,2355,753
123000258,939,1036,-97
123000259,338,360,-22
123000260,381,456,-75
123000261,161,147,14
123000262,79,247,-168
123000263,366,106,260
123000264,182,107,75
123000265,41,154,-113
123000266,451,727,-276
123000267,433,323,110
123000268,29,67,-38
123000269,50,69,-19
123000270,22,49,-27
123000271,111,81,30
123000272,733,316,417
123000273,289,592,-303
123000274,1215,591,624
123000275,267,951,-684
123000278,2988,2634,354
123000279,116,143,-27
123000280,368,332,36
123000281,294,97,197
123000282,134,295,-161
123000283,146,82,64
123000284,62,159,-97
123000286,291,285,6
123000287,642,296,346
123000288,1264,746,518
123000289,582,994,-412
123000291,296,834,-538
123000294,251,296,-45
123000295,1066,840,226
123000296,611,433,178
123000297,554,1024,-470
123000298,670,559,111
123000299,61,279,-218
123000300,917,858,59
123000301,177,210,-33
123000302,45,219,-174
123000303,169,88,81
123000305,1210,1026,184
123000306,106,240,-134
123000309,46,67,-21
123000310,65,47,18
123000311,2,66,-64
123000312,772,886,-114
123000313,412,423,-11
123000315,71,345,-274
123000316,1892,314,1578
123000317,264,74,190
123000318,59,227,-168
123000329,34,16,18
123000337,1170,238,932
123000338,1255,61,1194
123000339,170,181,-11
123000340,261,528,-267
123000342,31,120,-89
123000343,77,5,72
123000344,1368,501,867
123000345,353,551,-198
123000346,376,69,307
123000352,1661,830,831
123000353,19,136,-117
123000354,620,3,617
123000355,1,582,-581
123000356,286,7,279
123000357,1,226,-225
123000359,1,156,-155
123000360,200,182,18
123000361,432,305,127
123000362,235,104,131
123000363,86,131,-45
123000364,468,528,-60
123000365,24,311,-287
123000366,397,1966,-1569
123000367,302,1111,-809
123000370,75,232,-157
123000371,244,24,220
123000372,358,22,336
123000373,7,399,-392
123000374,3,214,-211
123000375,254,40,214
123000376,999,774,225
123000377,301,11,290
123000378,14,280,-266
123000379,6,217,-211
123000380,70,339,-269
123000381,219,42,177
123000382,1186,114,1072
123000383,198,1238,-1040
123000384,538,89,449
123000385,469,817,-348
123000436,49,1190,-1141
123000507,234,381,-147
123000508,353,805,-452
123000517,332,34,298
123000518,17,348,-331
123000519,132,95,37
123000520,47,260,-213
123000521,299,110,189
123000522,133,436,-303
123000541,6,2,4
123000542,0,31,-31
123000565,683,40,643
123000566,223,653,-430
123000567,73,266,-193
123000573,29,740,-711
123000574,625,57,568
123000575,1290,1140,150
123000576,763,1604,-841
123000577,95,725,-630
123000578,743,70,673
123000579,4350,4839,-489
123000580,94,21,73
123000582,526,20,506
123000583,8,355,-347
123000584,222,341,-119
123000585,0,182,-182
123000586,81,1,80
123000596,98,144,-46
123000597,56,212,-156
123000602,19,10,9
123000603,634,865,-231
123000604,487,891,-404
123000605,1056,168,888
123000606,0,319,-319
123000609,27,376,-349
123000610,168,158,10
123000613,61,191,-130
123000614,216,40,176
123000615,91,183,-92
123000616,487,41,446
123000617,62,343,-281
123000618,86,516,-430
123000619,708,44,664
123000620,11,440,-429
123000622,342,17,325
123000624,113,87,26
123000630,945,459,486
123000631,252,1756,-1504
123000632,1121,1069,52
123000633,0,262,-262
123000634,81,103,-22
123000635,157,89,68
123000636,130,647,-517
123000637,206,25,181
123000638,729,87,642
123000639,975,3849,-2874
123000640,20,785,-765
123000648,391,94,297
123000649,54,578,-524
123900001,1230,41,1189
123900002,44,1896,-1852
123900003,385,633,-248
123900005,301,155,146
123900006,399,47,352
124000001,1963,171,1792
124000002,124,1899,-1775
124000003,670,154,516
124000004,77,586,-509
124000005,1007,507,500
124000006,248,1267,-1019
124000007,584,150,434
124000008,27,952,-925
124000009,687,305,382
124000010,154,691,-537
124000011,1701,342,1359
124000012,511,804,-293
124000017,205,170,35
124000018,111,109,2
124000019,172,172,0
124000020,55,232,-177
124000021,148,90,58
124000022,108,284,-176
124000023,1702,1580,122
124000024,1101,634,467
124000025,1543,1800,-257
124000026,1070,1215,-145
124000027,4493,5173,-680
124000028,2499,4932,-2433
124000030,3200,1465,1735
124000031,1576,3301,-1725
124000032,4341,1231,3110
124000033,1003,841,162
124000034,1185,1253,-68
124000035,354,187,167
124000036,125,659,-534
124000037,370,1045,-675
124000038,38,102,-64
124000039,1019,501,518
124000040,676,1241,-565
124000041,325,60,265
124000042,71,502,-431
124000043,213,116,97
124000044,130,240,-110
124000045,812,555,257
124000046,346,885,-539
124000047,1351,882,469
124000048,1017,1634,-617
124000049,1563,676,887
124000050,806,1987,-1181
124000051,828,529,299
124000052,700,1155,-455
124000053,537,1535,-998
124000054,926,626,300
124000055,1476,2335,-859
124000056,3090,1788,1302
124000057,875,551,324
124000058,568,1590,-1022
124000059,570,1064,-494
124000060,1256,865,391
124000061,1447,4660,-3213
124000062,7797,2298,5499
124000063,1726,2186,-460
124000064,2813,1754,1059
124000065,190,430,-240
124000066,398,123,275
124000067,154,192,-38
124000068,41,144,-103
124000069,683,173,510
124000070,279,521,-242
124000071,110,105,5
124000072,222,501,-279
124000073,893,158,735
124000074,258,710,-452
124000075,222,25,197
124000076,18,205,-187
124000077,2257,688,1569
124000078,3411,1363,2048
124000079,516,1175,-659
124000080,356,157,199
124000081,156,724,-568
124000082,45,139,-94
124000083,165,130,35
124000084,109,621,-512
124000085,156,62,94
124000086,89,95,-6
124000087,299,114,185
124000088,163,294,-131
124000089,773,333,440
124000090,124,375,-251
124000091,417,118,299
124000092,148,709,-561
124000093,122,113,9
124000094,112,523,-411
124000095,72,97,-25
124000096,121,269,-148
124000097,109,185,-76
124000098,73,99,-26
124000099,251,131,120
124000100,73,132,-59
124000101,84,111,-27
124000102,104,69,35
124000103,86,137,-51
124000104,178,78,100
124000105,73,79,-6
124000106,145,86,59
124000107,24,167,-143
124000108,76,37,39
124000109,119,125,-6
124000110,308,128,180
124000111,175,185,-10
124000112,635,775,-140
124000113,95,128,-33
124000114,283,473,-190
124000115,519,765,-246
124000116,168,129,39
124000117,78,105,-27
124000118,45,107,-62
124000119,1265,510,755
124000120,699,377,322
124000121,2200,943,1257
124000122,605,1408,-803
124000123,954,752,202
124000124,534,1038,-504
124000125,374,526,-152
124000126,404,675,-271
124000127,768,400,368
124000128,641,1032,-391
124000129,1831,1448,383
124000130,784,711,73
124000131,942,511,431
124000132,1008,899,109
124000133,781,863,-82
124000134,892,762,130
124000135,1562,1649,-87
124000136,1003,1244,-241
124000137,1199,534,665
124000138,1506,1383,123
124000139,838,53,785
124000140,37,455,-418
124000141,583,24,559
124000142,42,403,-361
124000143,151,10,141
124000144,5,212,-207
124000145,94,45,49
124000146,20,110,-90
124000148,27,161,-134
124000149,1067,505,562
124000150,286,655,-369
124000151,738,465,273
124000152,784,1327,-543
124000153,529,628,-99
124000154,364,755,-391
124000155,1239,1078,161
124000156,1883,1016,867
124000169,246,482,-236
124000170,621,451,170
124000171,293,245,48
124000172,397,558,-161
124000173,534,250,284
124000174,513,585,-72
124000175,12,136,-124
124000176,88,6,82
124000177,9,46,-37
124000178,39,48,-9
124000190,103,65,38
124000191,698,128,570
124000192,4498,414,4084
124000193,1075,1105,-30
124000194,395,539,-144
124000195,278,678,-400
124000196,1218,1270,-52
124000197,54,48,6
124000198,14,65,-51
124000201,301,1027,-726
124000202,593,254,339
124000203,274,900,-626
124000204,841,392,449
124000205,65,523,-458
124000206,400,396,4
124000207,0,41,-41
124000209,201,610,-409
124000210,407,184,223
124000211,440,1,439
124000212,1,451,-450
124000213,272,394,-122
124000214,286,565,-279
124000215,518,30,488
124000216,0,451,-451
124000329,141,2190,-2049
124000338,83,988,-905
124000339,706,134,572
124000341,1275,61,1214
124000344,26,2,24
124000357,1101,3266,-2165
124000358,838,1971,-1133
124000359,917,877,40
124000360,774,749,25
124000361,3070,856,2214
124000362,1957,2419,-462
124000363,338,342,-4
124000364,754,889,-135
124000365,822,1168,-346
124000366,1934,947,987
124000367,163,662,-499
124000368,555,471,84
124000369,313,250,63
124000370,122,820,-698
124000402,38,12,26
124000403,127,16,111
124000404,18,148,-130
124000405,917,862,55
124000406,841,900,-59
124000407,1,41,-40
124000411,3,326,-323
124000412,470,13,457
124000413,911,31,880
124000414,49,131,-82
124000415,41,187,-146
124000416,180,257,-77
124000417,119,96,23
124000418,116,173,-57
124000419,70,170,-100
124000420,67,84,-17
124000421,50,286,-236
124000422,34,22,12
124000423,186,31,155
124000424,3,137,-134
124000425,138,17,121
124000426,3,190,-187
124000427,121,13,108
124000428,57,29,28
124000429,54,37,17
124000430,630,508,122
124000431,452,527,-75
124000432,208,1067,-859
124000439,1,12,-11
124000443,1,5,-4
124000445,1078,1834,-756
124000446,2607,93,2514
124000447,3,208,-205
124900001,469,360,109
124900002,130,404,-274
124900003,949,661,288
124900004,493,333,160
124900005,247,213,34
124900006,551,363,188
124900008,1189,551,638
124900009,158,300,-142
124900010,166,95,71
124900011,541,261,280
124900012,420,134,286
124900013,546,164,382
124900014,261,66,195
124900015,167,324,-157
124900016,48,84,-36
124900017,577,1296,-719
124900018,27,3,24
124900020,70,42,28
124900021,199,57,142
124900022,196,22,174
124900024,225,81,144
124900026,402,29,373
124900027,156,324,-168
124900028,513,108,405
124900029,4,391,-387
124900030,11,121,-110
124900031,23,353,-330
124900032,174,180,-6
124900033,109,276,-167
124900034,2,106,-104
124900035,178,392,-214
124900036,0,30,-30
124900037,142,254,-112
124900038,270,438,-168
124900039,1,31,-30
124900040,154,93,61
124900041,352,1128,-776
124900042,119,2,117
124900043,589,1239,-650
124900044,67,0,67
124900045,639,1174,-535
124900047,154,151,3
124900048,229,164,65
124900050,204,247,-43
124900052,111,314,-203
124900053,90,421,-331
124900054,1919,415,1504
124900055,1,141,-140
124900057,21,62,-41
124900060,60,174,-114
124900061,51,8,43
124900062,95,23,72
124900066,0,10,-10
124900067,7,148,-141
124900068,219,409,-190
124900070,30,25,5
124900072,84,44,40
124900075,180,216,-36
124900076,21,966,-945
124900077,27,113,-86
124900078,76,13,63
124900079,688,213,475
124900080,241,848,-607
124900081,826,282,544
124900082,388,1059,-671
124900083,283,640,-357
124900085,996,352,644
124900086,69,1139,-1070
124900087,705,105,600
124900088,661,125,536
124900089,1589,42,1547
124900090,257,230,27
124900091,289,447,-158
124900092,212,312,-100
124900093,234,188,46
124900094,295,289,6
124900095,112,375,-263
124900096,541,238,303
124900097,263,75,188
124900098,115,415,-300
124900099,624,444,180
124900100,259,76,183
124900101,69,255,-186
124900102,193,64,129
124900103,179,228,-49
124900104,78,142,-64
124900105,108,117,-9
124900106,335,40,295
124900107,59,15,44
124900108,210,84,126
124900111,0,91,-91
124900112,56,397,-341
124900113,132,270,-138
124900114,295,134,161
124900115,48,23,25
124900116,163,161,2
124900117,532,136,396
124900118,266,246,20
124900119,334,157,177
124900120,54,374,-320
124900121,109,329,-220
124900122,326,206,120
124900123,315,112,203
124900124,116,390,-274
204000001,176,21,155
204000002,26,8,18
204000003,55,0,55
204000004,37,1,36
204000005,809,638,171
204000006,1483,2044,-561
204000011,20,67,-47
204000012,79,133,-54
204000019,682,506,176
204000020,802,639,163
204000021,1906,816,1090
204000022,642,506,136
204000023,564,1203,-639
204000031,97,20,77
204000032,510,56,454
204000034,27,187,-160
204000035,3,2,1
204000036,10,20,-10
204000037,7,13,-6
204000038,1,14,-13
204000039,16,29,-13
204000040,10,20,-10
204000041,45,37,8
204000042,32,11,21
204000043,38,4,34
204000044,51,1,50
204000045,40,1,39
204000046,19,0,19
204000057,1,17,-16
204000062,47,66,-19
204000068,69,313,-244
204000069,48,330,-282
204000070,61,94,-33
204000080,54,101,-47
204000085,2134,1943,191
204000086,3177,2767,410
204000087,80,14,66
204000088,10,109,-99
204000090,71,317,-246
204000093,286,87,199
204000096,1026,1079,-53
204000097,284,47,237
204000099,1141,2006,-865
204000100,1170,2029,-859
204000105,2415,1582,833
204000110,944,1404,-460
204000111,603,943,-340
204000112,1232,706,526
204000113,625,769,-144
204000114,698,740,-42
204000115,591,332,259
204000116,1270,440,830
204000119,2306,2763,-457
204000132,583,306,277
204000133,713,367,346
204000134,218,161,57
204000135,627,116,511
204000136,673,217,456
204000138,388,414,-26
204000140,234,124,110
204000141,196,67,129
204000144,11,14,-3
204000145,504,28,476
204000146,14,292,-278
204000147,32,199,-167
204000148,443,42,401
204000154,11,2,9
204000155,5,11,-6
204000177,54,71,-17
204000179,14,9,5
204000180,0,47,-47
204000222,3,3,0
204000235,12,10,2
204000236,46,269,-223
204000238,10,38,-28
204000240,381,70,311
204000263,718,1220,-502
204000268,1122,886,236
204000308,231,32,199
204000317,13,101,-88
204000322,4,25,-21
204000323,26,17,9
204000328,163,110,53
204000329,75,147,-72
204000330,235,78,157
204000331,82,133,-51
205000001,1183,1945,-762
205000013,6,69,-63
205000014,21,74,-53
205000015,27,220,-193
205000016,24,176,-152
205000017,24,60,-36
205000022,408,959,-551
205000025,1485,1432,53
205000029,231,2,229
205000045,188,248,-60
205000046,101,572,-471
205000047,50,536,-486
205000048,307,1243,-936
205000049,150,1004,-854
205000050,1055,346,709
205000059,1,320,-319
205000060,1,127,-126
205000061,4,73,-69
205000062,7,47,-40
205000063,30,179,-149
205000064,42,145,-103
205000065,67,560,-493
205000066,139,991,-852
205000067,41,1136,-1095
205000069,237,23,214
205000082,167,379,-212
205000110,67,288,-221
205000111,171,357,-186
205000112,143,202,-59
205000113,220,377,-157
205000121,192,175,17
205000123,79,281,-202
205000126,538,274,264
205000127,799,490,309
205000128,927,259,668
205000129,911,326,585
205000130,1170,101,1069
205000131,1153,26,1127
205000132,1048,3,1045
205000133,1312,1,1311
205000134,579,3,576
205000137,90,181,-91
205000138,144,310,-166
205000139,52,98,-46
205000144,77,75,2
205000145,262,261,1
205000151,170,85,85
205000152,172,50,122
205000153,241,109,132
205000154,103,166,-63
205000155,153,45,108
205000207,13,196,-183
205000233,77,0,77
205000234,0,0,0
205000243,0,0,0
205000244,0,2,-2
205000245,17,246,-229
205000249,0,53,-53
205000250,27,0,27
205000264,10,91,-81
206000027,19,2,17
206000028,2,0,2
206000043,4,92,-88
206000053,8,5,3
206000054,4,33,-29
206000055,0,18,-18
206000075,8,10,-2
206000076,25,6,19
206000077,39,8,31
206000078,29,5,24
206000079,19,8,11
206000082,611,34,577
206000100,33,767,-734
206000103,2,13,-11
206000104,18,20,-2
206000105,14,13,1
206000106,11,18,-7
206000125,65,1,64
206000157,40,600,-560
206000170,1,177,-176
206000171,2,205,-203
206000172,9,630,-621
206000173,4,263,-259
206000174,8,98,-90
206000175,0,138,-138
206000176,23,246,-223
206000177,0,148,-148
206000178,4,149,-145
206000179,11,64,-53
206000180,27,178,-151
206000181,3,247,-244
206000182,11,280,-269
206000183,16,821,-805
206000184,2,347,-345
206000185,12,244,-232
206000186,131,1152,-1021
206000223,7,184,-177
206000226,9,4,5
206000227,18,0,18
206000237,18,355,-337
206000238,36,614,-578
206000239,344,2261,-1917
206000240,4,52,-48
206000241,0,127,-127
206000242,11,327,-316
206000243,6,229,-223
206000244,56,691,-635
206000245,588,55,533
206000246,118,7,111
206000247,126,11,115
206000248,268,27,241
206000252,87,31,56
206000258,21,41,-20
206000315,31,8,23
206000317,573,84,489
206000318,443,70,373
206000319,915,132,783
206000320,141,62,79
206000321,140,15,125
206000322,413,23,390
206000323,149,24,125
206000324,150,12,138
206000325,161,10,151
206000326,131,12,119
206000327,717,13,704
206000328,127,2,125
206000329,222,4,218
206000330,33,3,30
206000331,132,1,131
206000332,35,3,32
206000333,441,3,438
206000334,214,3,211
206000335,0,9,-9
206000361,8,258,-250
206000392,2,22,-20
206000405,175,0,175
206000441,25,23,2
206000498,34,1,33
206000515,107,37,70
206000530,201,77,124
206000531,190,184,6
206000532,3014,267,2747
206000535,223,2650,-2427
206000536,30,227,-197
206000537,18,173,-155
206000613,1590,292,1298
206000784,494,35,459
207000001,217,606,-389
207000002,181,322,-141
207000003,189,234,-45
207000007,771,261,510
207000008,64,20,44
207000009,46,30,16
207000010,436,490,-54
207000012,244,255,-11
207000015,323,1411,-1088
207000019,393,120,273
207000021,680,197,483
207000022,176,142,34
207000023,246,45,201
207000024,7,10,-3
207000025,30,78,-48
207000026,123,49,74
207000027,32,102,-70
207000028,80,221,-141
207000029,302,544,-242
207000033,317,369,-52
207000034,372,93,279
207000039,293,155,138
207000040,279,98,181
207000041,66,35,31
207000042,299,82,217
207000043,298,233,65
207000051,178,360,-182
207000052,34,241,-207
207000053,434,661,-227
207000054,52,156,-104
207000055,202,224,-22
207000056,407,508,-101
207000057,160,333,-173
207000058,170,382,-212
207000059,100,765,-665
207000060,134,243,-109
207000061,351,477,-126
207000062,362,60,302
207000063,288,146,142
207000064,472,195,277
207000065,399,273,126
207000066,198,194,4
207000067,34,145,-111
207000068,140,96,44
207000069,700,511,189
207000082,14,255,-241
207000083,112,360,-248
207000084,163,194,-31
207000085,149,9,140
207000086,124,2,122
207000106,44,56,-12
207000107,110,24,86
207000108,68,18,50
207000109,65,17,48
207000110,62,110,-48
207000111,63,66,-3
207000112,266,574,-308
207000114,36,49,-13
207000115,12,68,-56
207000116,19,398,-379
207000117,4,154,-150
207000118,3,106,-103
207000119,57,97,-40
207000123,219,25,194
207000124,43,33,10
207000125,70,54,16
207000126,56,106,-50
207000134,74,148,-74
207000135,19,271,-252
207000148,60,219,-159
207000149,64,59,5
207000152,175,401,-226
207000153,1047,1397,-350
207000154,547,200,347
207000159,121,229,-108
207000160,118,591,-473
207000238,2,138,-136
207000242,12,183,-171
207000248,16,39,-23
207000249,208,51,157
207000250,755,74,681
207000251,115,62,53
207000252,40,61,-21
207000278,93,117,-24
207000279,24,211,-187
207000280,500,58,442
207000281,118,1108,-990
207000282,254,77,177
207000283,168,240,-72
207000284,132,159,-27
207000285,178,63,115
207000291,8,121,-113
207000304,184,91,93
207000306,85,467,-382
207000310,93,98,-5
207000353,288,6,282
207000356,22,36,-14
207000357,27,15,12
207000358,31,30,1
207000415,4,170,-166
207000417,43,15,28
207000418,141,178,-37
207000438,0,4,-4
207000439,1198,540,658
207000446,138,13,125
207000460,31,9,22
207000466,269,218,51
207000467,170,124,46
207000468,71,442,-371
207000476,9,85,-76
207000477,637,92,545
207000478,1,26,-25
207000523,0,27,-27
207000524,62,1,61
207000527,127,276,-149
207000530,425,9,416
207000531,329,14,315
207000532,69,14,55
207000534,601,52,549
207000535,45,410,-365
207000537,10,87,-77
207000540,8,254,-246
207000541,3,330,-327
207000548,12,270,-258
207000549,309,13,296
207000561,123,182,-59
207000562,58,169,-111
207000567,178,329,-151
207000568,132,63,69
207000569,357,690,-333
207000584,287,211,76
207000585,116,355,-239
207000587,55,13,42
207000616,1,170,-169
207000617,122,1,121
207000624,45,31,14
207000631,9,73,-64
207900008,203,110,93
208000001,705,975,-270
208000002,927,528,399
208000003,1269,586,683
208000004,1600,964,636
208000005,38,42,-4
208000019,666,1038,-372
208000020,186,597,-411
208000021,196,571,-375
208000022,1049,667,382
208000028,1949,1122,827
208000033,499,663,-164
208000034,1267,1871,-604
208000037,496,30,466
208000040,248,174,74
208000041,1136,577,559
208000042,1972,659,1313
208000047,160,351,-191
208000064,2731,1747,984
208000066,1901,1998,-97
208000070,348,418,-70
208000071,388,821,-433
208000072,357,1279,-922
208000080,283,515,-232
208000081,425,178,247
208000082,514,388,126
208000083,184,486,-302
208000084,77,15,62
208000085,1518,773,745
208000086,764,1056,-292
208000087,583,832,-249
208000089,1063,654,409
208000090,982,995,-13
208000093,224,163,61
208000094,654,546,108
208000095,850,358,492
208000104,933,1265,-332
208000105,714,1317,-603
208000114,130,285,-155
208000115,559,419,140
208000116,842,1133,-291
208000117,206,179,27
208000118,126,161,-35
208000155,1191,952,239
208000158,1739,3408,-1669
208000186,3646,4185,-539
208000204,590,1133,-543
208000205,1241,1341,-100
208000282,5190,2818,2372
209000004,292,209,83
209000005,43,38,5
209000006,506,200,306
209000007,451,304,147
209000010,611,140,471
209000011,216,305,-89
209000012,209,233,-24
209000013,284,450,-166
209000014,719,1211,-492
209000025,357,64,293
209000026,751,154,597
209000027,547,929,-382
209000028,369,897,-528
209000029,981,743,238
209000030,801,1565,-764
209000031,3397,2880,517
209000034,225,338,-113
209000035,130,194,-64
209000036,216,137,79
209000037,266,323,-57
209000038,84,241,-157
209000039,110,235,-125
209000040,250,548,-298
209000041,162,457,-295
209000042,209,468,-259
209000043,828,900,-72
209000044,190,790,-600
209000045,1613,467,1146
209000046,504,474,30
209000047,508,210,298
209000048,723,315,408
209000049,111,180,-69
209000050,197,231,-34
209000051,339,495,-156
209000052,232,452,-220
209000062,50,169,-119
209000063,65,138,-73
209000064,71,153,-82
209000065,70,42,28
209000066,57,71,-14
209000067,69,61,8
209000080,33,204,-171
209000082,69,69,0
209000091,56,156,-100
209000093,69,45,24
209000094,287,275,12
209000110,65,112,-47
209000111,392,1459,-1067
209000112,836,624,212
209000113,1858,459,1399
209000114,584,338,246
209000115,108,213,-105
209000116,936,695,241
209000118,78,64,14
209000119,157,16,141
209000121,245,689,-444
209000135,86,227,-141
209000142,643,1349,-706
209000143,187,126,61
209000144,165,121,44
209000229,334,177,157
209000240,25,460,-435
209000259,117,161,-44
209000260,52,1111,-1059
209000261,6,505,-499
209000262,2,406,-404
209000263,0,128,-128
209000264,0,85,-85
209000265,409,3,406
209000266,104,1,103
209000267,709,7,702
209000268,623,33,590
210000037,64,25,39
210000047,100,23,77
210000048,85,23,62
210000049,54,12,42
210000052,55,109,-54
210000053,38,61,-23
210000054,102,95,7
210000070,109,3,106
210000071,56,0,56
210000072,31,0,31
210000073,0,23,-23
210000074,0,126,-126
210000075,7,87,-80
210000076,8,172,-164
210000077,117,42,75
210000078,63,41,22
210000079,87,7,80
210000080,265,68,197
210000081,214,14,200
210000082,186,0,186
210000083,99,0,99
210000084,26,0,26
210000085,0,81,-81
210000086,5,116,-111
210000099,42,263,-221
210000100,43,229,-186
210000101,98,247,-149
210000105,69,375,-306
210000159,0,200,-200
210000163,128,207,-79
210000164,377,180,197
210000168,129,20,109
210000187,0,5,-5
210000188,1,14,-13
210000214,23,1,22
210000219,33,61,-28
210000220,78,53,25
210000232,1,26,-25
210000233,19,58,-39
210000234,32,143,-111
210000235,49,99,-50
210000245,0,35,-35
210000246,32,1,31
210000258,8,82,-74
210000259,295,39,256
210000282,79,285,-206
210000285,4,158,-154
210000286,5,199,-194
210000290,2,8,-6
210000295,53,227,-174
210000296,89,86,3
210000320,137,101,36
210000321,101,68,33
210000338,172,88,84
210000339,383,1285,-902
210000340,130,424,-294
210000341,262,350,-88
210000342,241,215,26
210000343,252,248,4
210000344,392,129,263
210000345,283,438,-155
210000346,222,221,1
210000347,497,59,438
210000348,400,12,388
210000349,319,20,299
210000350,151,99,52
210000351,167,139,28
210000352,77,111,-34
210000353,43,141,-98
210000354,73,111,-38
210000355,173,109,64
210000356,185,57,128
210000357,175,50,125
210000358,412,133,279
210000359,275,100,175
210000360,224,111,113
210000361,261,160,101
210000362,328,192,136
210000363,891,236,655
210000364,168,138,30
210000365,169,59,110
210000366,129,58,71
210000367,86,28,58
210000368,189,39,150
210000369,49,19,30
210000370,76,38,38
210000372,96,31,65
210000373,131,20,111
210000374,81,10,71
210000375,36,108,-72
210000376,123,157,-34
210000404,62,159,-97
210000439,13,48,-35
210000472,136,7,129
210000482,143,86,57
210000564,449,261,188
210000567,1,29,-28
210000568,509,10,499
211000092,39,47,-8
211000094,37,11,26
211000169,236,16,220
211000172,11,284,-273
211000209,2,20,-18
211000226,6,18,-12
211000270,29,24,5
211000275,24,10,14
211000276,92,26,66
211000279,55,32,23
211000281,45,37,8
211000302,23,100,-77
211507980,2,43,-41
211977296,52,0,52
212000003,243,66,177
212000004,197,32,165
212000005,51,40,11
212000006,92,83,9
212000008,217,186,31
212000009,29,169,-140
212000012,87,97,-10
212000013,27,56,-29
212000014,275,209,66
212000015,295,316,-21
212000016,486,612,-126
212000027,496,505,-9
212000028,360,529,-169
212000029,294,397,-103
212000030,42,41,1
212000031,66,85,-19
212000048,27,160,-133
212000049,25,106,-81
212000050,26,11,15
212000051,179,232,-53
212000052,190,401,-211
212000053,468,742,-274
212000054,176,166,10
212000055,216,277,-61
212000056,14,59,-45
212000057,16,42,-26
212000058,363,29,334
212000070,123,277,-154
212000077,167,833,-666
212000099,213,361,-148
212000108,426,254,172
212000111,242,167,75
212000120,352,92,260
212000138,245,34,211
212000156,15,161,-146
212000158,24,15,9
212000159,352,78,274
212000160,465,308,157
212000161,87,9,78
212000310,46,13,33
212000311,15,76,-61
212000374,27,14,13
213000001,35,453,-418
213000005,436,159,277
213000006,1192,317,875
213000007,337,13,324
213000009,682,451,231
213000010,163,342,-179
213000011,357,108,249
213000012,100,245,-145
213000014,76,5,71
213000015,181,6,175
213000016,391,2,389
213000017,85,0,85
213000018,2,148,-146
213000019,2,149,-147
213000020,90,352,-262
213000021,3,156,-153
213000023,302,258,44
213000033,310,1651,-1341
213000034,784,396,388
213000035,104,465,-361
213000045,149,321,-172
213000046,211,255,-44
213000047,745,1074,-329
213000056,114,106,8
213000069,237,9,228
213000073,2,28,-26
213000074,85,364,-279
213000075,650,11,639
213000076,67,5,62
213000085,6,39,-33
213000086,17,151,-134
213000091,126,9,117
213000092,99,16,83
213000099,156,1135,-979
213000100,1394,287,1107
213000101,283,121,162
213000102,295,273,22
213000103,803,939,-136
213000104,84,461,-377
213000105,3,146,-143
213000106,20,171,-151
213000107,192,622,-430
213000108,30,584,-554
213000109,9,304,-295
213000110,6,66,-60
213000111,20,73,-53
213000112,203,118,85
213000115,32,8,24
213000116,52,689,-637
213000117,16,976,-960
213000118,421,473,-52
213000119,55,660,-605
213000120,88,572,-484
213000122,243,568,-325
213000123,478,1320,-842
213000124,91,1087,-996
213000125,146,19,127
213000126,58,112,-54
213000127,161,193,-32
213000128,612,1164,-552
213000129,420,714,-294
213000130,390,316,74
213000132,274,105,169
213000133,400,109,291
213000134,791,21,770
213000136,461,33,428
213000137,656,120,536
213000139,950,28,922
213000147,211,29,182
213000148,150,39,111
213000149,77,14,63
213000150,0,101,-101
213000151,4,77,-73
213000152,10,85,-75
213000153,5,83,-78
213000154,14,207,-193
213000155,29,267,-238
213000156,128,913,-785
213000157,710,505,205
213000158,397,1033,-636
213000159,417,728,-311
213000163,558,88,470
213000165,513,248,265
213000171,0,133,-133
213000172,2,354,-352
213000173,2,248,-246
213000174,1,142,-141
213000175,11,73,-62
213000176,34,16,18
213000177,34,2,32
213000178,81,3,78
213000179,139,3,136
213000180,115,1,114
213000184,63,452,-389
213000188,381,93,288
213000189,279,48,231
213000190,801,710,91
213000191,337,375,-38
213000192,210,440,-230
213000193,883,159,724
213000194,10,80,-70
213000195,12,543,-531
213000196,285,1281,-996
213000197,325,1143,-818
213000198,176,5,171
213000200,138,1023,-885
213000201,61,39,22
213000202,1,559,-558
213000203,3508,969,2539
213000204,906,124,782
213000205,282,204,78
213000206,450,131,319
213000207,312,41,271
213000208,408,6,402
213000209,317,5,312
213000210,1071,7,1064
213000211,42,19,23
213000212,100,11,89
213000213,102,45,57
213000218,294,942,-648
213000219,459,24,435
213000220,485,6,479
213000223,343,334,9
213000224,117,85,32
213000225,123,24,99
213000226,92,5,87
213000227,949,360,589
213000228,414,144,270
213000229,686,85,601
213000230,818,44,774
213000232,105,794,-689
213000233,11,55,-44
213000234,3,28,-25
213000293,46,46,0
213000294,393,19,374
213000295,25,71,-46
213000296,52,25,27
213000297,3,102,-99
213000298,26,128,-102
213000299,64,45,19
213000300,12,2,10
213000303,8,36,-28
213000304,7,10,-3
213000305,14,12,2
213000306,157,44,113
213000307,722,70,652
213000308,123,230,-107
213000309,189,84,105
213000310,316,83,233
213000311,369,693,-324
213000315,109,108,1
213000316,166,86,80
213000322,132,145,-13
213000323,64,82,-18
213000324,46,35,11
213000325,35,101,-66
213000326,11,16,-5
213000327,16,51,-35
213000328,15,135,-120
213000329,89,42,47
213000340,112,661,-549
213000341,426,120,306
213000346,199,157,42
213000347,794,379,415
213000348,30,142,-112
213000349,17,15,2
213000350,301,1381,-1080
213000366,70,427,-357
213000367,189,44,145
213000379,125,103,22
213000386,15,234,-219
213000406,72,365,-293
213000417,1320,635,685
213000425,90,37,53
213000426,132,77,55
213000427,49,283,-234
213000428,30,146,-116
213000429,62,6,56
213000430,77,547,-470
213000431,151,3,148
213000432,0,52,-52
213000433,28,181,-153
213000434,38,132,-94
213000435,68,96,-28
213000436,45,53,-8
213000437,0,15,-15
213000438,102,83,19
213000439,91,24,67
213000440,2,336,-334
213000441,1,2,-1
213000442,0,46,-46
213000443,551,511,40
213000444,57,38,19
213000445,2,101,-99
213000446,3,43,-40
213000447,6,48,-42
213000448,13,125,-112
213000449,193,5,188
213000450,13,42,-29
213000451,193,89,104
213000452,16,19,-3
213000453,46,289,-243
213000455,479,2,477
213000456,4,257,-253
213000481,213,10,203
213000482,51,9,42
213000489,438,90,348
213000491,2,251,-249
213000492,1157,4,1153
213000493,0,233,-233
213000494,274,129,145
213000495,0,130,-130
213000496,361,212,149
213000497,73,241,-168
213000498,89,124,-35
213000499,106,455,-349
213000500,414,43,371
213000501,106,20,86
213000502,356,53,303
213000503,3,56,-53
213000504,9,100,-91
213000505,11,9,2
213000506,0,10,-10
213000507,6,126,-120
213900244,33,0,33
213900245,0,30,-30
218000003,58,18,40
218000004,70,25,45
218000005,86,41,45
218000006,70,47,23
218000007,9,9,0
218000012,289,211,78
218000013,116,165,-49
218000014,384,525,-141
218000019,783,725,58
218000020,227,626,-399
218000021,41,90,-49
218000022,8,38,-30
218000023,3,40,-37
218000024,0,26,-26
218000025,19,17,2
218000026,8,37,-29
218000027,2,18,-16
218000028,5,5,0
218000029,1,2,-1
218000030,25,45,-20
218000031,3,27,-24
218000032,2,26,-24
218000040,15,1,14
218000046,66,102,-36
218000047,16,128,-112
218000048,51,126,-75
218000049,78,135,-57
218000050,280,240,40
218000051,108,320,-212
218000052,5,87,-82
218000053,3,15,-12
218000054,24,28,-4
218000055,4,11,-7
218000056,17,25,-8
218000057,4,25,-21
218000064,4,10,-6
218000065,111,84,27
218000066,11,96,-85
218000067,53,73,-20
218000068,94,74,20
218000069,214,162,52
218000070,225,259,-34
218000071,218,170,48
218000072,315,308,7
218000078,893,1173,-280
218000079,76,80,-4
218000080,71,80,-9
218000081,287,231,56
218000082,39,122,-83
218000083,63,101,-38
218000084,125,182,-57
218000085,168,417,-249
218000086,46,183,-137
218000087,159,243,-84
218000090,14,127,-113
218000091,1038,501,537
218000092,62,161,-99
218000093,128,83,45
218000094,678,863,-185
218000099,309,821,-512
218000100,280,360,-80
218000101,616,191,425
218000102,401,307,94
218000103,91,146,-55
218000104,94,37,57
218000105,35,23,12
218000106,10,8,2
218000107,69,88,-19
218000108,3,37,-34
218000112,48,19,29
218000117,48,60,-12
218000134,526,865,-339
218000135,197,107,90
218000136,242,119,123
218000137,259,112,147
218000138,52,92,-40
218000139,125,355,-230
218000140,287,275,12
218000141,157,60,97
218000142,196,147,49
218000143,133,253,-120
218000144,133,95,38
218000145,367,377,-10
218000146,74,174,-100
218000151,13,42,-29
218000152,224,84,140
218000153,9,2,7
218000154,9,3,6
218000155,19,2,17
218000156,24,12,12
218000157,26,15,11
218000158,6,11,-5
218000159,3,4,-1
218000160,1,2,-1
218000161,19,3,16
218000162,37,4,33
218000163,7,1,6
218000164,22,5,17
218000165,36,21,15
218000170,8,67,-59
218000171,130,20,110
218000172,37,16,21
218000173,59,19,40
218000174,50,7,43
218000176,211,32,179
218000177,314,234,80
218000178,85,272,-187
218000179,106,117,-11
218000180,74,44,30
218000181,231,85,146
218000187,9,12,-3
218000188,46,40,6
218000189,32,55,-23
218000190,27,11,16
218000191,148,53,95
218000192,177,296,-119
218000193,337,490,-153
218000194,92,421,-329
218000195,87,59,28
218000196,264,275,-11
218000197,230,330,-100
218000198,31,115,-84
218000199,35,22,13
218000200,83,56,27
218000201,9,5,4
218000202,130,323,-193
218000207,6,51,-45
218000208,70,47,23
218000211,81,17,64
218000212,1,4,-3
218000213,123,59,64
218000214,8,19,-11
218000215,47,74,-27
218000217,2,163,-161
218000218,183,87,96
218000219,82,13,69
218000220,208,260,-52
218000221,1597,207,1390
218000222,97,28,69
218000223,138,454,-316
218000224,24,182,-158
218000225,213,44,169
218000226,171,55,116
218000230,1,11,-10
218000232,39,84,-45
218000239,442,11,431
218000240,37,0,37
218000241,42,2,40
218000242,203,2,201
218000243,192,3,189
218000244,89,3,86
218000245,35,2,33
218000246,5,4,1
218000247,7,0,7
218000248,3,22,-19
218000249,2,2,0
218000250,15,43,-28
218000251,4,29,-25
218000252,7,28,-21
218000253,0,41,-41
218000254,1,22,-21
218000255,1,10,-9
218000256,12,70,-58
218000267,759,1276,-517
218000268,21,52,-31
218000269,13,13,0
218000270,97,64,33
218000271,40,66,-26
218000273,20,15,5
218000274,17,10,7
218000275,9,49,-40
218000276,7,42,-35
218000278,32,34,-2
218000279,85,58,27
218000280,18,49,-31
218000281,27,30,-3
218000282,671,490,181
218000284,126,12,114
218000301,103,121,-18
218000302,125,52,73
218000303,64,73,-9
218000316,694,1480,-786
218000317,1038,1578,-540
218000318,606,1010,-404
218000319,1086,1573,-487
218000320,1113,986,127
218000338,123,22,101
218000345,111,57,54
218000346,58,138,-80
218000459,47,294,-247
218000490,59,39,20
218000501,113,29,84
218000502,36,76,-40
218000503,127,25,102
218000504,200,22,178
218000505,28,121,-93
218000506,19,242,-223
218000508,9,1,8
218000510,221,15,206
218000520,140,88,52
218000521,12,44,-32
218000522,0,138,-138
218000523,225,11,214
218000524,33,236,-203
218000525,283,14,269
218000526,25,180,-155
218000529,70,159,-89
218000530,22,6,16
218000531,7,39,-32
218000532,44,15,29
218000534,155,23,132
218000537,40,54,-14
218000538,142,179,-37
218000540,300,73,227
218000543,124,69,55
218000544,39,95,-56
218000545,63,62,1
218000546,35,84,-49
218000547,189,141,48
218000548,204,118,86
218000549,464,227,237
218000550,289,379,-90
218000551,171,665,-494
218000552,596,53,543
218000553,66,169,-103
218000554,59,37,22
218000555,35,51,-16
218000556,222,381,-159
218000557,327,266,61
218000558,138,1,137
218000559,0,44,-44
218000560,0,44,-44
218000561,47,0,47
218000562,32,200,-168
218000563,349,30,319
218000564,14,110,-96
218000565,258,25,233
218000566,411,38,373
218000567,1,67,-66
218000568,30,7,23
218000569,11,145,-134
218000570,199,13,186
218000571,0,151,-151
218000572,219,1,218
218000573,24,121,-97
218000574,184,53,131
218000575,196,0,196
218000576,0,88,-88
218000577,179,13,166
218000578,0,62,-62
218000579,33,26,7
218000581,12,38,-26
218000582,91,4,87
218000583,12,0,12
218000584,1,17,-16
218000585,28,2,26
218000586,6,48,-42
218000587,10,1,9
218000588,4,4,0
218000589,3,5,-2
218000590,3,0,3
218000591,5,2,3
218000592,23,3,20
218000593,22,3,19
218000594,0,0,0
218000597,6,0,6
218000598,0,0,0
218000599,5,0,5
218000600,39,0,39
218000601,0,0,0
218000602,0,9,-9
218000603,0,4,-4
218000604,49,39,10
218000605,1,118,-117
218000606,249,0,249
218000607,25,58,-33
218000608,98,18,80
218000609,8,74,-66
218000610,66,14,52
218000611,44,2,42
218000612,1,26,-25
218000613,17,0,17
218000614,1,32,-31
218000615,296,0,296
218000616,7,116,-109
218000617,54,0,54
218000618,0,13,-13
218000619,134,55,79
218000620,5,14,-9
218000621,0,0,0
218000622,0,18,-18
218000623,256,0,256
218000624,19,15,4
218000625,21,2,19
218000626,1,11,-10
218000628,175,42,133
218000631,74,31,43
218000632,0,85,-85
218000633,117,0,117
218000634,7,25,-18
218000635,18,9,9
218000636,949,1539,-590
218000637,818,717,101
218000638,132,62,70
218000639,12,172,-160
218000640,202,35,167
218000641,93,291,-198
218000652,84,118,-34
218000653,181,81,100
218000663,13,151,-138
218000675,133,51,82
218000676,6,23,-17
218000677,4,6,-2
218000680,231,481,-250
218000681,450,168,282
218000691,121,365,-244
218000693,191,172,19
218000703,8,46,-38
218000718,635,774,-139
218000719,1172,348,824
218000720,54,141,-87
218000721,400,23,377
218000725,10,15,-5
218001147,0,157,-157
218001214,27,36,-9
218001258,158,2,156
218001329,210,201,9
218001330,167,135,32
218001351,66,15,51
218001352,8,34,-26
218001353,36,15,21
218001354,12,16,-4
218001355,24,346,-322
218001356,328,25,303
218001357,52,254,-202
218001358,267,13,254
218001361,291,20,271
218001362,2,274,-272
219000001,30,57,-27
219000002,56,82,-26
219000003,44,22,22
219000004,72,64,8
219000017,256,14,242
219000020,105,35,70
219000022,142,4,138
219000023,102,2,100
219000029,0,88,-88
219000034,130,31,99
219000039,117,61,56
219000040,69,16,53
219000041,103,38,65
219000051,0,45,-45
219000052,0,21,-21
219000053,1,116,-115
219000054,25,102,-77
219000055,121,6,115
219000056,34,2,32
219000057,139,7,132
219000062,32,123,-91
219000063,51,7,44
219000064,1,78,-77
219000110,695,35,660
219000111,106,52,54
219000112,178,101,77
219000113,141,73,68
219000114,219,116,103
219000116,95,47,48
219000117,121,91,30
219000118,200,51,149
219000123,242,93,149
219000124,81,47,34
219000125,20,20,0
219000126,97,121,-24
219000127,0,7,-7
219000128,19,112,-93
219000129,33,143,-110
219000130,753,755,-2
219000131,740,963,-223
219000133,106,36,70
219000134,7,18,-11
219000135,26,52,-26
219000136,108,177,-69
219000138,79,14,65
219000139,30,42,-12
219000140,48,3,45
219000141,14,116,-102
219000142,19,123,-104
219000143,29,120,-91
219000145,17,81,-64
219000146,4,44,-40
219000147,5,40,-35
219000148,2,36,-34
219000149,13,98,-85
219000150,1,78,-77
219000151,3,61,-58
219000157,212,173,39
219000158,164,290,-126
219000161,135,14,121
219000163,1708,598,1110
219000166,99,194,-95
219000167,107,258,-151
219000168,382,196,186
219000174,387,102,285
219000175,66,1,65
219000176,63,8,55
219000177,62,0,62
219000178,47,2,45
219000179,8,3,5
219000180,29,25,4
219000182,143,24,119
219000183,67,34,33
219000184,111,12,99
219000185,0,62,-62
219000186,43,69,-26
219000187,27,107,-80
219000189,169,206,-37
219000190,136,241,-105
219000191,1322,1364,-42
219000192,160,146,14
219000193,351,156,195
219000195,1,84,-83
219000196,21,144,-123
219000198,27,171,-144
219000199,77,340,-263
219000200,52,285,-233
219000201,119,241,-122
219000203,54,163,-109
219000204,287,238,49
219000205,64,208,-144
219000207,228,328,-100
219000209,28,75,-47
219000210,103,114,-11
219000213,15,193,-178
219000239,215,400,-185
219000240,304,404,-100
219000241,100,253,-153
219000242,106,209,-103
219000243,181,342,-161
219000244,81,101,-20
219000245,38,28,10
219000246,64,31,33
219000247,192,26,166
219000248,883,355,528
219000249,166,77,89
219000250,133,125,8
219000251,548,137,411
219000252,245,158,87
219000253,332,60,272
219000255,160,99,61
219000256,225,73,152
219000257,236,1,235
219000262,71,183,-112
219000263,93,224,-131
219000267,1,130,-129
219000268,1,3,-2
219000269,11,3,8
219000270,20,1,19
219000271,137,7,130
219000278,0,3,-3
219000279,2,6,-4
219000283,0,19,-19
219000295,5,109,-104
219000296,46,611,-565
219000297,10,167,-157
219000298,11,189,-178
219000299,371,72,299
219000300,21,219,-198
219000301,195,365,-170
219000302,45,202,-157
219000307,42,54,-12
219000308,55,32,23
219000311,145,32,113
219000312,517,122,395
219000313,340,60,280
219000314,62,597,-535
219000315,268,70,198
219000316,408,63,345
219000317,107,15,92
219000320,1,41,-40
219000321,0,18,-18
219000323,5,87,-82
219000325,1,33,-32
219000326,78,114,-36
219000327,69,38,31
219000328,26,52,-26
219000329,354,115,239
219000330,61,43,18
219000331,63,33,30
219000332,78,84,-6
219000333,9,10,-1
219000335,81,1,80
219000337,42,2,40
219000338,124,1,123
219000344,12,73,-61
219000345,62,100,-38
219000346,45,93,-48
219000348,129,102,27
219000349,53,228,-175
219000350,146,160,-14
219000351,13,2,11
219000352,347,58,289
219000353,111,53,58
219000354,149,134,15
219000355,168,65,103
219000356,1562,1046,516
219000363,288,51,237
219000364,128,28,100
219000365,158,10,148
219000366,212,360,-148
219000368,538,512,26
219000370,1180,370,810
219000371,22,42,-20
219000382,17,18,-1
219000383,801,979,-178
219000385,657,599,58
219000386,898,1613,-715
219000387,10,5,5
219000390,16,2,14
219000391,3,3,0
219000397,65,55,10
219000398,73,54,19
219000401,11,102,-91
219000402,36,152,-116
219000403,162,344,-182
219000404,24,141,-117
219000407,7,30,-23
219000409,50,45,5
219000410,76,38,38
219000411,62,17,45
219000446,178,334,-156
219000447,1,23,-22
219000448,16,14,2
219000452,129,66,63
219000453,106,199,-93
219000454,342,245,97
219000556,275,83,192
219000558,213,222,-9
219000590,34,168,-134
219000591,83,96,-13
219000592,111,431,-320
219000595,1,25,-24
219000635,145,74,71
219000636,30,90,-60
219000657,19,5,14
219000658,21,51,-30
219000673,0,7,-7
219000676,10,2,8
219000679,59,7,52
219000684,121,1,120
219000685,4,69,-65
219000686,6,2,4
219000688,0,74,-74
219000689,19,254,-235
219000690,126,18,108
219000691,42,227,-185
219000692,166,25,141
219000693,0,28,-28
219000694,4,0,4
219000695,13,2,11
219000698,88,1,87
219000699,0,19,-19
219000727,7,157,-150
219000728,46,7,39
219000770,48,4,44
219000771,1,28,-27
219000788,561,174,387
219001150,2,26,-24
219001151,6,7,-1
219001166,24,18,6
219001167,2,119,-117
219001178,45,0,45
220000001,187,69,118
220000002,39,155,-116
220000003,535,261,274
220000004,1065,521,544
220000005,1622,1469,153
220000006,337,884,-547
220000007,396,727,-331
220000008,387,1181,-794
220000009,221,570,-349
220000010,198,202,-4
220000011,848,3962,-3114
220000012,91,444,-353
220000014,159,54,105
220000015,105,186,-81
220000017,46,319,-273
220000018,5020,2363,2657
220000019,135,353,-218
220000020,386,221,165
220000021,633,195,438
220000022,585,471,114
220000023,333,146,187
220000024,1516,389,1127
220000025,1051,787,264
220000026,229,204,25
220000027,60,84,-24
220000028,69,52,17
220000029,90,199,-109
220000030,150,89,61
220000031,361,391,-30
220000064,8,598,-590
221000046,14,1,13
221000047,0,0,0
221000048,0,1,-1
221000049,0,10,-10
221000050,19,0,19
221000055,51,56,-5
221000057,79,3,76
221000068,206,116,90
221000069,245,60,185
221000070,235,26,209
221000071,98,9,89
221000072,239,16,223
221000073,164,56,108
221000074,0,18,-18
221000075,18,20,-2
221000076,18,49,-31
221000077,18,131,-113
221000081,23,14,9
221000082,68,4,64
221000083,55,3,52
221000084,5,8,-3
221000085,20,73,-53
221000086,21,108,-87
221000087,5,189,-184
221000088,14,181,-167
221000089,23,297,-274
221000090,100,530,-430
221000098,125,24,101
221000099,204,19,185
221000100,124,8,116
221000101,294,25,269
221000102,109,25,84
221000109,4,82,-78
221000110,17,121,-104
221000111,19,245,-226
221000112,10,186,-176
221000113,12,186,-174
221000114,13,184,-171
221000120,78,17,61
221000121,3,28,-25
221000122,80,32,48
221000123,19,28,-9
221000124,82,237,-155
221000155,140,13,127
221000156,89,44,45
221000175,27,11,16
221000176,14,1,13
221000182,46,11,35
221000241,625,196,429
221000242,210,583,-373
221000243,865,145,720
221000244,296,649,-353
221000245,132,197,-65
221000246,59,374,-315
221000247,122,217,-95
221000248,143,228,-85
221000267,85,761,-676
221000325,120,71,49
221000331,35,98,-63
221000338,14,22,-8
221000378,218,52,166
221000381,54,76,-22
222000282,37,1,36
222000296,9,21,-12
222000568,275,20,255
222000569,239,20,219
222000570,140,13,127
222000571,208,9,199
222000577,13,200,-187
222000578,19,214,-195
222000579,23,179,-156
222000580,90,983,-893
222000599,0,115,-115
222000600,1,326,-325
222000601,5,950,-945
222000603,40,32,8
222000604,11,36,-25
222000605,54,27,27
222000606,12,9,3
222000607,9,7,2
222000608,47,10,37
222000609,77,265,-188
222000616,269,30,239
222000617,36,14,22
222000618,14,3,11
222000620,25,11,14
222000621,112,13,99
222000623,567,11,556
222000624,331,3,328
222000625,487,22,465
222000636,51,3,48
222000686,38,15,23
222000687,62,29,33
222001066,239,1,238
222001067,9,2,7
222001068,20,24,-4
222001069,21,30,-9
222001082,6,29,-23
222001083,11,51,-40
222001084,0,59,-59
222001085,0,77,-77
222001111,25,147,-122
222001112,89,25,64
222001313,70,7,63
222001314,9,128,-119
222001464,145,53,92
222001465,38,194,-156
222001484,149,48,101
222001485,31,49,-18
222001494,288,189,99
222001495,179,367,-188
222001496,297,109,188
222001497,168,527,-359
222001502,20,79,-59
222001503,79,63,16
222001504,32,233,-201
222001505,211,17,194
222001506,24,309,-285
222001507,212,21,191
222001510,310,19,291
222001511,22,340,-318
222001514,496,116,380
222001515,214,550,-336
222001518,222,44,178
222001519,59,229,-170
222001527,243,55,188
222001528,59,179,-120
222001529,237,54,183
222001530,43,203,-160
222001533,115,315,-200
222001534,214,80,134
222001535,197,230,-33
222001536,111,280,-169
222001537,224,16,208
222001538,72,460,-388
222001563,486,76,410
222001564,51,677,-626
222001568,471,129,342
222001576,3,1,2
222001579,0,8,-8
222001583,26,175,-149
222001584,64,39,25
222001596,556,1200,-644
222001597,1658,267,1391
222001626,0,148,-148
222001650,51,69,-18
222001651,74,111,-37
222001914,152,45,107
222001915,52,173,-121
222001968,420,327,93
222001969,432,772,-340
222001970,184,236,-52
222001971,11,17,-6
222001972,2,23,-21
225000001,433,231,202
225000002,993,206,787
225000003,476,129,347
225000004,348,278,70
225000005,144,55,89
225000006,0,178,-178
225000007,2352,1830,522
225000010,297,18,279
225000011,489,1332,-843
225000012,211,621,-410
225000013,140,159,-19
225000014,1598,95,1503
225000015,84,209,-125
225000021,781,279,502
225000027,258,545,-287
225000032,671,180,491
225000042,112,783,-671
225000049,31,58,-27
225000050,112,20,92
225000053,8,321,-313
225000058,924,137,787
225000067,183,227,-44
225000068,146,346,-200
225000069,117,467,-350
225000070,60,410,-350
225000071,50,231,-181
225000075,50,1595,-1545
225000076,127,137,-10
225000078,43,50,-7
225000085,55,135,-80
225000086,260,56,204
225000087,341,31,310
225000088,15,171,-156
225000089,435,1095,-660
225000090,53,415,-362
225000091,165,195,-30
225000092,23,83,-60
225000093,176,333,-157
225000094,18,295,-277
225000095,342,547,-205
225000096,407,593,-186
225000098,646,309,337
225000099,347,194,153
225000100,251,163,88
225000104,128,553,-425
225000110,16,422,-406
225000111,337,1226,-889
225000112,590,1267,-677
225000113,267,655,-388
225000114,76,340,-264
225000115,2309,782,1527
225000116,1080,231,849
225000117,1071,370,701
225000118,930,357,573
225000119,225,116,109
225000120,637,76,561
225000121,275,43,232
225000123,1162,20,1142
225000125,506,244,262
225000126,1189,267,922
225000127,1070,1219,-149
225000128,607,778,-171
225000132,273,37,236
225000133,232,40,192
225000134,616,125,491
225000135,29,7,22
225000136,204,22,182
225000137,254,72,182
225000138,468,76,392
225000143,98,243,-145
225000144,4,340,-336
225000145,40,61,-21
225000146,47,154,-107
225000147,26,337,-311
225000148,6,230,-224
225000149,79,469,-390
225000151,29,244,-215
225000155,532,621,-89
225000156,307,1105,-798
225000157,315,495,-180
225000158,105,341,-236
225000171,9,185,-176
225000180,142,44,98
225000181,0,81,-81
225000182,166,26,140
225000185,11,399,-388
225000187,60,346,-286
225000191,139,3,136
225000194,0,20,-20
225000208,0,46,-46
225000209,99,14,85
225000210,6,373,-367
225000217,0,28,-28
225000218,29,3,26
225000223,0,55,-55
225000224,611,0,611
225000225,1,155,-154
225000226,99,1,98
225000227,49,184,-135
225000228,9,16,-7
225000229,0,96,-96
225000230,12,0,12
225000231,1,109,-108
225000232,158,1,157
225000241,248,1,247
225000242,0,58,-58
225000249,21,0,21
225000250,38,954,-916
225000251,455,41,414
226000042,544,394,150
226000043,121,264,-143
226000044,247,674,-427
226000045,121,437,-316
226000046,385,114,271
226000047,396,137,259
226000048,412,145,267
226000049,257,180,77
226000070,1,57,-56
226000071,0,68,-68
226000072,1,17,-16
226000073,0,22,-22
226000074,0,19,-19
226000084,0,81,-81
226000085,8,19,-11
226000086,4,10,-6
226000087,2,14,-12
226000088,99,15,84
226000090,192,100,92
226000091,10,27,-17
226000092,15,4,11
226000093,64,6,58
226000094,40,1,39
226000095,82,8,74
226000105,45,0,45
226000106,17,0,17
226000107,7,0,7
226000108,93,0,93
226000109,102,2,100
226000124,158,102,56
226000134,492,460,32
226000135,914,697,217
226000136,322,372,-50
226000137,7,581,-574
226000138,25,431,-406
226000139,7,21,-14
226000156,166,2,164
226000157,204,7,197
226000163,85,27,58
226000202,15,431,-416
226000231,444,20,424
226000232,76,7,69
227000033,336,124,212
227000036,343,38,305
227000037,243,30,213
227000038,420,57,363
227000049,1,31,-30
227000050,3,56,-53
227000055,153,3,150
227000056,79,0,79
227000084,4,103,-99
227000085,2,41,-39
227000088,158,6,152
227000089,158,4,154
227000090,115,0,115
227000091,53,6,47
227000093,221,0,221
227000094,28,0,28
227000130,34,79,-45
227000131,22,216,-194
227000132,18,212,-194
227000133,22,200,-178
227000134,27,407,-380
227000152,0,2,-2
227000153,0,60,-60
227000155,1,13,-12
227000156,3,31,-28
227000165,5,19,-14
227000196,265,233,32
227000199,216,610,-394
227000230,7,575,-568
227000232,661,17,644
227000242,43,524,-481
227000243,448,86,362
227000245,17,416,-399
227000246,123,607,-484
227000247,363,135,228
227000248,388,51,337
227000249,32,243,-211
227000250,805,280,525
227000251,236,276,-40
227000252,23,444,-421
227000253,121,24,97
227000262,351,55,296
227000266,1155,11,1144
227000267,24,1867,-1843
227000282,5,217,-212
227000284,493,22,471
227000286,3,74,-71
227000287,11,107,-96
227000291,28,619,-591
227000484,478,8,470
227000485,18,1100,-1082
227000655,124,14,110
227000656,630,18,612
227000657,85,9,76
227000661,475,23,452
227000680,399,54,345
229000265,25,41,-16
229000296,1,19,-18
229000297,3,53,-50
229000298,4,163,-159
229000320,11,7,4
229000321,8,8,0
229000412,33,53,-20
229000414,14,95,-81
229000415,42,0,42
229000416,3,2,1
229000417,2,10,-8
229000419,111,337,-226
229000440,339,80,259
229000442,14,9,5
229000443,4,6,-2
229000444,19,20,-1
229000445,88,18,70
229000446,65,15,50
229000491,1,13,-12
229000492,5,50,-45
229000493,5,65,-60
229000494,8,2,6
229000495,44,5,39
229000496,14,2,12
229000507,0,35,-35
229000508,0,18,-18
229000509,0,40,-40
229000510,1,13,-12
229000511,9,19,-10
229000512,0,27,-27
229000513,0,2,-2
229000514,0,2,-2
229000517,1,6,-5
229000518,7,21,-14
229000519,6,20,-14
229000520,15,42,-27
229000521,22,9,13
229000522,17,1,16
229000523,3,0,3
229000524,3,3,0
229000527,4,1,3
229000528,0,0,0
229000529,6,0,6
229000530,34,3,31
229000531,14,0,14
229000532,22,2,20
229000533,44,0,44
229000534,45,0,45
229000564,18,0,18
229000565,15,0,15
229000566,0,8,-8
229000567,0,47,-47
229000582,49,1,48
229000583,6,3,3
229000584,0,31,-31
229000585,3,53,-50
229000718,0,3,-3
229000719,0,0,0
229000720,0,2,-2
229000721,0,6,-6
229000722,0,5,-5
229000723,0,6,-6
229000724,0,2,-2
229000725,0,0,0
229000738,1,0,1
229000739,0,0,0
229000740,0,0,0
229000741,4,0,4
229000742,2,0,2
229000743,13,0,13
229000744,3,0,3
229000745,0,0,0
229000746,4,0,4
229000847,32,0,32
229000848,24,0,24
229000849,104,0,104
229000851,22,0,22
229000854,0,34,-34
229000856,2,101,-99
229000857,0,23,-23
229000858,0,44,-44
229000919,12,67,-55
229000930,2,199,-197
229000937,91,15,76
229000966,40,11,29
229000981,19,53,-34
229000985,3,39,-36
229000986,8,9,-1
229000987,0,0,0
229000988,10,1,9
229000989,20,3,17
229000990,35,0,35
229000991,5,2,3
229000992,10,4,6
229000993,176,14,162
229000998,4,83,-79
229000999,68,18,50
229001034,0,17,-17
229001035,19,0,19
229001037,52,7,45
229001042,5,8,-3
229001047,6,54,-48
229001050,26,37,-11
229001168,0,10,-10
229001200,4,2,2
229001338,3,29,-26
229001394,174,4,170
229001422,105,25,80
229001423,35,137,-102
229001431,50,28,22
229001432,47,53,-6
229001444,139,62,77
229001445,60,213,-153
229001479,3,1,2
229001503,161,81,80
229001504,117,183,-66
229001505,110,28,82
229001506,63,178,-115
229001509,38,23,15
229001545,74,11,63
229001546,16,70,-54
229001553,71,14,57
229001554,22,89,-67
229001559,0,25,-25
229001560,5,26,-21
229001630,54,7,47
229001631,5,48,-43
229001635,3,6,-3
229001636,13,0,13
229001658,1,87,-86
229001659,77,6,71
229001660,7,6,1
229001661,36,32,4
229001662,65,0,65
229001663,0,13,-13
229002584,165,196,-31
229002831,200,176,24
229002841,4,26,-22
229002842,39,14,25
229002843,150,13,137
229002844,100,35,65
229002845,26,49,-23
229002846,52,15,37
229002847,18,12,6
229002848,6,15,-9
229002849,57,62,-5
229002850,18,4,14
229002851,87,69,18
229002852,217,9,208
229002853,162,19,143
229002854,83,23,60
229002855,41,23,18
229002856,238,14,224
229002857,25,35,-10
229002858,56,5,51
229002859,54,23,31
229002860,165,9,156
229002861,73,33,40
229002862,60,14,46
229002863,55,19,36
229002864,61,21,40
229002865,2,10,-8
229002866,13,15,-2
229002867,11,16,-5
229002868,38,9,29
229002869,53,178,-125
229002870,45,6,39
235000066,490,100,390
235000067,108,144,-36
235000072,33,60,-27
235000073,44,284,-240
235000074,58,58,0
235000080,27,88,-61
235000081,91,131,-40
235000082,189,74,115
235000083,183,112,71
235000084,59,65,-6
235000085,74,118,-44
235000089,29,31,-2
235000092,43,141,-98
235000093,6,3,3
235000097,7,4,3
235000098,53,17,36
235000099,55,22,33
235000116,115,19,96
235000117,937,37,900
235000133,11,349,-338
235000134,10,190,-180
235000206,8,2,6
235000207,6,6,0
235000208,14,3,11
235000209,35,2,33
235000210,9,1,8
235000212,1,22,-21
235000213,3,6,-3
235000220,3,0,3
235000221,69,3,66
235000238,22,65,-43
235000239,2,11,-9
235000242,310,486,-176
235000245,735,179,556
235000246,13,80,-67
235000284,6,144,-138
235000295,211,14,197
235000305,376,30,346
235000306,157,12,145
235000307,12,20,-8
235000308,39,0,39
235000309,124,0,124
235000310,22,0,22
235000311,179,106,73
235000322,0,37,-37
235000323,3,49,-46
235000324,0,21,-21
235000325,1,9,-8
235000326,7,190,-183
235000351,0,86,-86
235000352,21,23,-2
235000353,0,18,-18
235000354,5,28,-23
235000355,13,61,-48
235000356,86,7,79
235000357,41,8,33
235000358,56,7,49
235000359,4,8,-4
235000360,58,2,56
235000361,71,3,68
235000381,96,220,-124
235000382,163,60,103
235000390,19,3,16
235000391,91,23,68
235000392,129,246,-117
235000393,87,138,-51
235000395,112,43,69
235000396,299,88,211
235000400,102,81,21
235000401,59,193,-134
235000405,78,259,-181
235000406,41,233,-192
235000407,67,102,-35
235000409,159,155,4
235000410,33,249,-216
235000411,2,68,-66
235000485,0,6,-6
235000486,9,0,9
235000549,63,113,-50
235000550,65,155,-90
235000599,80,41,39
235000600,8,15,-7
235000601,21,45,-24
235000602,94,110,-16
235000614,1,4,-3
235000648,1,18,-17
235000649,46,1,45
235000685,5,5,0
235000815,8,27,-19
235000834,0,14,-14
235000855,48,94,-46
235000862,38,135,-97
235000891,0,12,-12
235000892,36,8,28
235000901,44,73,-29
235000907,8,18,-10
235001010,63,91,-28
235001029,441,376,65
235001030,358,259,99
235001078,101,88,13
235001079,82,104,-22
235001147,18,69,-51
235001166,30,91,-61
235001167,84,43,41
235001169,34,263,-229
235001188,2,7,-5
235001189,1,1,0
235001197,15,29,-14
235001200,32,32,0
235001207,316,36,280
235001210,69,153,-84
235001215,43,145,-102
235001239,0,49,-49
235001244,1,6,-5
235016267,1,190,-189
277101746,0,1,-1
277102712,0,1,-1
277103813,0,1,-1
277103814,0,0,0
277103898,0,1,-1
277104249,0,3,-3
277104250,0,20,-20
277104251,0,14,-14
277104252,0,3,-3
990011530,1,195,-194
990014944,2,468,-466
990015176,123,47,76
990015618,2,212,-210
990016032,2,450,-448
990032570,0,52,-52
990070001,138,8,130
990070103,0,4,-4
990070601,1,51,-50
990070751,475,3,472
990070766,0,456,-456
990071180,612,213,399
990071343,40,2,38
990071387,0,13,-13
990071823,449,12,437
990072600,1,806,-805
990072964,1,348,-347
990073285,0,1,-1
990074393,4,838,-834
990074870,1130,10,1120
990075106,1504,4,1500
990075746,459,4,455
990076437,980,33,947
990076458,1,845,-844
997000007,742,4,738
997000041,1,104,-103
997000058,28,0,28
997000062,71,2,69
997000069,0,0,0
997000070,0,40,-40
997000100,18,1,17
997000141,2,687,-685
997000198,727,1494,-767
998000475,0,31,-31
998000736,1,188,-187
998000965,0,28,-28
998001031,0,83,-83
998001700,0,27,-27
998001899,0,1,-1
998001900,6,0,6
998003073,1000,33,967
998101900,0,0,0
998102850,0,94,-94
998501927,1075,416,659
998501929,67,5,62
998501930,66,0,66
998501931,132,10,122
998501932,1,1,0
998501933,59,4,55
998501937,19,1,18
998501944,6,1,5
998501950,0,4,-4
998501970,35,5,30
998501971,0,76,-76
998501973,0,38,-38
998501974,1,275,-274
998501975,611,2,609
998501976,139,1,138
998501977,0,21,-21
998501978,40,0,40
998501979,0,22,-22
998501980,98,24,74
998501981,10,0,10
998501982,0,79,-79
998501983,0,7,-7
998502024,0,21,-21
998502032,0,2,-2
998502062,19,1,18
998502063,0,0,0
998502173,32,1,31
998502269,0,2,-2
998502546,0,167,-167
998502578,3,10,-7
998502599,140,130,10
998601159,1,157,-156
998601292,0,23,-23
999033574,0,702,-702
999800001,30,5,25
999800002,0,3,-3
999800003,3,2,1
999800004,0,6,-6
999800005,0,10,-10
