ID,insum,outsum,diff
100000001,624,763,-139
100000002,3165,1243,1922
100000003,4625,3230,1395
100000004,1272,1042,230
100000005,1756,3937,-2181
100000006,504,138,366
100000007,1639,625,1014
100000008,167,487,-320
100000009,444,523,-79
100000010,51,99,-48
100000011,766,98,668
100000012,116,520,-404
100000013,75,149,-74
100000014,356,269,87
100000015,1436,1645,-209
100000016,865,1254,-389
100000017,603,678,-75
100000018,1304,508,796
100000019,3857,1732,2125
100000020,1572,4429,-2857
100000021,4205,1828,2377
100000022,1583,1653,-70
100000023,4106,1404,2702
100000025,1618,1119,499
100000028,1868,838,1030
100000029,206,280,-74
100000030,240,63,177
100000031,3785,4506,-721
100000032,2183,2789,-606
100000033,787,1767,-980
100000034,458,441,17
100000035,1504,1167,337
100000036,1997,1073,924
100000037,638,445,193
100000038,1674,870,804
100000039,553,211,342
100000040,148,121,27
100000041,1059,473,586
100000042,1261,494,767
100000043,766,384,382
100000044,371,597,-226
100000045,468,1293,-825
100000046,1018,813,205
100000047,298,570,-272
100000048,385,538,-153
100000049,1530,1731,-201
100000051,490,881,-391
100000053,244,10,234
100000054,583,45,538
100000055,1610,289,1321
100000056,542,423,119
100000057,1833,655,1178
100000058,941,1131,-190
100000059,13,124,-111
100000060,298,293,5
100000061,1925,430,1495
100000062,1824,492,1332
100000063,748,179,569
100000064,1405,262,1143
100000065,478,817,-339
100000066,176,528,-352
100000067,457,669,-212
100000068,519,1565,-1046
100000069,263,1262,-999
100000072,301,672,-371
100000073,967,1007,-40
100000075,630,250,380
100000076,1976,2130,-154
100000077,392,200,192
100000078,39,36,3
100000079,57,39,18
100000080,30,45,-15
100000081,134,191,-57
100000102,2412,1823,589
100000103,3361,1303,2058
100000104,3817,2187,1630
100000105,3097,1228,1869
100000106,2222,1739,483
100000107,567,709,-142
100000108,965,963,2
100000109,3107,1300,1807
100000116,1293,931,362
100000117,91,95,-4
100000118,1461,950,511
100000119,511,592,-81
100000121,194,433,-239
100000122,823,819,4
100000123,3028,3799,-771
100000124,5837,5883,-46
100000125,2989,1195,1794
100000126,775,329,446
100000127,1352,326,1026
100000128,1857,1520,337
100000129,375,298,77
100000130,322,427,-105
100000131,2310,2361,-51
100000132,1083,2375,-1292
100000133,4547,2462,2085
100000135,603,946,-343
100000139,395,287,108
100000140,350,306,44
100000142,454,467,-13
100000143,1225,569,656
100000144,2904,763,2141
100000147,934,2346,-1412
100000150,40,336,-296
100000151,1011,838,173
100000153,220,342,-122
100000154,60,160,-100
100000155,23,36,-13
100000156,436,451,-15
100000157,93,118,-25
100000158,270,89,181
100000159,371,419,-48
100000165,1340,794,546
100000169,246,434,-188
100000174,690,408,282
100000179,102,528,-426
100000180,1276,1103,173
100000181,539,229,310
100000188,52,194,-142
100000189,628,378,250
100000190,806,783,23
100000191,707,521,186
100000192,81,124,-43
100000193,370,232,138
100000330,1270,735,535
100000355,298,509,-211
100000362,5041,3037,2004
100000363,3323,4122,-799
100000364,259,262,-3
100000365,4900,5310,-410
100000366,5667,2770,2897
100000367,4565,4746,-181
100000368,3052,1602,1450
100000369,989,1473,-484
100000370,172,617,-445
100000376,130,135,-5
100000379,2057,1273,784
100000380,4222,3055,1167
100000384,5525,4352,1173
100000385,4188,3601,587
100000386,8492,4264,4228
100000387,5497,4632,865
100000388,7635,5520,2115
100000389,6901,5424,1477
100000390,9522,5843,3679
100000391,6375,6750,-375
100000392,3946,3249,697
100000393,2872,4070,-1198
100000394,7920,7059,861
100000395,4959,3400,1559
100000396,8197,3282,4915
100000397,5154,5696,-542
100000398,9811,7642,2169
100000413,9,16,-7
100900002,9,34,-25
100900003,240,140,100
100900004,24,500,-476
100900005,140,25,115
100900006,15,104,-89
100900007,378,6,372
100900008,4,308,-304
100900009,108,173,-65
100900010,81,53,28
100900011,131,181,-50
100900012,0,186,-186
100900013,707,7,700
100900014,1,7,-6
100900015,97,75,22
100900016,0,40,-40
100900017,588,56,532
100900018,0,16,-16
100900019,20,106,-86
100900020,235,7,228
100900021,314,1,313
100900022,16,45,-29
100900023,0,43,-43
100900024,530,3,527
100900025,28,16,12
100900026,74,80,-6
100900027,521,2023,-1502
100900028,125,164,-39
100900029,55,8,47
100900030,3,50,-47
100900031,557,40,517
100900032,161,0,161
100900033,206,213,-7
100900034,413,2,411
100900035,363,1,362
100900036,7,0,7
100900037,73,154,-81
100900038,96,40,56
100900039,211,455,-244
100900040,278,630,-352
100900041,582,530,52
100900042,1326,648,678
100900043,1,24,-23
100900044,1965,464,1501
100900045,37,3,34
100900046,878,14,864
100900047,766,231,535
100900048,193,37,156
100900049,94,175,-81
100900050,2,11,-9
100900051,37,70,-33
100900052,412,42,370
100900053,348,19,329
100900054,8,66,-58
100900055,228,550,-322
100900056,156,164,-8
100900057,675,1045,-370
100900058,245,39,206
100900059,108,4,104
100900060,163,5,158
100900061,340,208,132
100900062,3,41,-38
100900063,186,526,-340
100900064,608,10,598
100900065,87,113,-26
100900066,103,160,-57
100900067,10,15,-5
100900068,74,73,1
100900069,396,14,382
100900070,264,4,260
100900071,652,256,396
100900072,5,38,-33
100900073,113,368,-255
100900074,9,6,3
100900075,1293,392,901
100900076,21,31,-10
100900077,31,91,-60
100900078,100,288,-188
100900079,7,14,-7
100900080,27,179,-152
100900081,44,106,-62
100900082,120,410,-290
100900083,7,28,-21
100900085,19,172,-153
100900086,152,586,-434
100900088,133,494,-361
100900089,2,22,-20
100900090,91,369,-278
100900091,3,18,-15
100900092,230,176,54
100900093,225,260,-35
100900094,121,402,-281
100900095,10,26,-16
100900096,42,115,-73
100900097,1,7,-6
100900098,19,22,-3
100900099,40,419,-379
100900100,15,406,-391
100900101,276,39,237
100900102,73,118,-45
100900103,8,13,-5
100900104,5,145,-140
100900105,30,375,-345
100900106,35,2,33
100900107,1568,721,847
100900108,14,44,-30
100900109,11,25,-14
100900110,1,22,-21
100900111,34,115,-81
100900112,10,16,-6
100900113,14,25,-11
100900114,14,15,-1
100900115,13,35,-22
100900116,588,528,60
100900117,260,633,-373
100900118,106,85,21
100900119,12,19,-7
100900120,4,6,-2
100900121,258,488,-230
100900122,132,152,-20
100900123,48,146,-98
100900124,17,6,11
100900125,20,73,-53
100900126,143,158,-15
100900127,3,3,0
100900128,64,140,-76
100900129,0,106,-106
100900131,43,234,-191
100900133,55,45,10
100900134,12,6,6
100900135,0,124,-124
100900137,282,171,111
100900138,424,434,-10
100900139,11,5,6
100900140,4,411,-407
100900141,0,367,-367
100900142,4,12,-8
100900143,782,370,412
100900144,26,7,19
100900145,91,211,-120
100900146,6,59,-53
100900147,7,279,-272
100900148,41,551,-510
100900149,30,190,-160
100900150,2,51,-49
100900151,148,390,-242
100900152,110,5,105
100900153,4,126,-122
100900154,14,46,-32
100900155,4,11,-7
100900156,32,6,26
100900157,3,156,-153
100900159,3,23,-20
100900160,20,8,12
100900161,61,6,55
100900162,27,272,-245
100900163,203,210,-7
100900164,47,36,11
100900165,6,41,-35
100900166,22,6,16
100900167,12,43,-31
100900168,28,115,-87
100900169,122,753,-631
100900170,26,5,21
100900171,35,403,-368
100900172,0,17,-17
100900173,6,297,-291
100900174,361,28,333
100900176,1008,152,856
100900177,576,247,329
100900178,217,126,91
100900179,145,275,-130
100900180,15,7,8
100900181,93,80,13
100900182,40,28,12
100900184,20,154,-134
100900186,525,431,94
100900187,11,95,-84
100900188,36,11,25
100900189,839,173,666
100900191,996,943,53
100900192,273,346,-73
100900195,118,132,-14
100900197,14,75,-61
100900198,20,160,-140
100900199,8,12,-4
100900200,522,391,131
100900201,34,508,-474
100900202,64,0,64
100900203,1,62,-61
100900204,236,402,-166
100900205,186,472,-286
100900206,147,64,83
100900207,210,111,99
100900210,48,454,-406
100900211,357,139,218
100900213,70,25,45
100900214,569,128,441
100900215,9,44,-35
100900217,133,112,21
101000001,3173,2060,1113
101000002,4560,3925,635
101000003,533,1286,-753
101000004,7027,5609,1418
101000005,3168,3911,-743
101000006,5541,5182,359
101000007,2552,3041,-489
101000008,3308,2347,961
101000009,1887,1173,714
101000010,847,1047,-200
101000011,1386,563,823
101000012,1207,600,607
101000013,514,976,-462
101000014,462,559,-97
101000015,891,765,126
101000016,367,368,-1
101000017,624,489,135
101000018,4130,2292,1838
101000020,3134,1003,2131
101000021,936,414,522
101000022,234,76,158
101000023,1664,568,1096
101000025,173,320,-147
101000026,230,18,212
101000027,1761,1842,-81
101000028,833,224,609
101000029,319,1536,-1217
101000030,1477,101,1376
101000031,659,437,222
101000032,7305,3889,3416
101000033,2400,2752,-352
101000034,2050,1353,697
101000035,880,327,553
101000036,1873,876,997
101000037,3384,1676,1708
101000039,2598,1924,674
101000040,3425,2932,493
101000041,8140,5264,2876
101000042,466,946,-480
101000043,6563,4849,1714
101000045,1470,776,694
101000046,3302,1285,2017
101000047,2280,2465,-185
101000048,693,594,99
101000049,788,1353,-565
101000050,1791,1811,-20
101000051,1954,2219,-265
101000052,1514,850,664
101000053,1152,1267,-115
101000054,1542,1074,468
101000055,1378,1216,162
101000056,64,126,-62
101000057,2241,1017,1224
101000058,1315,1005,310
101000059,2658,1756,902
101000060,1840,482,1358
101000061,869,1013,-144
101000062,910,577,333
101000063,554,765,-211
101000064,1470,900,570
101000065,330,346,-16
101000066,908,735,173
101000067,1326,831,495
101000068,407,336,71
101000069,328,106,222
101000070,1525,971,554
101000071,1793,864,929
101000072,839,2682,-1843
101000073,809,797,12
101000074,5092,2988,2104
101000075,4570,4133,437
101000077,1370,1087,283
101000078,913,2032,-1119
101000079,581,374,207
101000080,608,385,223
101000081,1750,1391,359
101000082,3193,3120,73
101000083,2386,1984,402
101000084,1282,836,446
101000085,1463,1158,305
101000086,1063,1027,36
101000087,944,1003,-59
101000088,955,1036,-81
101000089,942,1459,-517
101000090,1744,1167,577
101000091,345,893,-548
101000092,733,1006,-273
101000093,1409,775,634
101000094,810,957,-147
101000095,396,605,-209
101000096,339,537,-198
101000097,428,367,61
101000098,401,504,-103
101000099,1109,992,117
101000100,883,687,196
101000101,286,425,-139
101000102,894,468,426
101000103,955,506,449
101000104,380,604,-224
101000105,623,287,336
101000106,558,438,120
101000107,205,299,-94
101000108,807,264,543
101000109,296,51,245
101000110,40,398,-358
101000111,89,174,-85
101000113,174,553,-379
101000114,7046,4358,2688
101000115,143,93,50
101000116,162,120,42
101000117,999,220,779
101000119,84,46,38
101000120,164,55,109
101000121,78,43,35
101000122,157,74,83
101000123,75,94,-19
101000124,621,197,424
101000125,212,409,-197
101000128,433,317,116
101000130,229,288,-59
101000131,658,518,140
101000132,507,897,-390
101000135,55,38,17
101000136,551,155,396
101000137,37,348,-311
101000141,1671,2074,-403
101000147,879,479,400
101000148,810,29,781
101000149,108,158,-50
101000150,83,580,-497
101000151,169,62,107
101000152,219,250,-31
101000153,479,293,186
101000154,212,990,-778
101000155,238,148,90
101000156,17,268,-251
101000157,48,35,13
101000160,29,24,5
101000163,268,311,-43
101000164,449,325,124
101000165,237,372,-135
101000166,286,332,-46
101000168,760,350,410
101000252,1625,845,780
101000254,371,67,304
101000258,37,10,27
101000261,136,23,113
101000262,986,1625,-639
101000263,313,853,-540
101000265,62,637,-575
101000266,319,231,88
101000269,41,2,39
101000290,1185,1852,-667
101000293,34,67,-33
101000294,635,418,217
101000295,140,383,-243
101000301,867,346,521
101000304,1835,2379,-544
101000305,2908,1339,1569
101000328,100,369,-269
101900001,60,84,-24
101900002,0,16,-16
101900003,53,82,-29
101900004,5,67,-62
101900005,3588,1915,1673
101900006,803,56,747
101900007,671,176,495
101900008,55,282,-227
101900009,44,374,-330
101900010,941,685,256
101900011,226,940,-714
101900012,232,265,-33
101900013,827,139,688
101900017,9,149,-140
101900018,1138,215,923
101900019,229,171,58
101900020,74,49,25
101900021,2,60,-58
101900022,103,948,-845
101900023,88,216,-128
101900026,96,48,48
101900027,17,103,-86
102000001,2165,3589,-1424
102000002,2393,957,1436
102000003,3082,6110,-3028
102000004,6127,2786,3341
102000005,1194,1716,-522
102000006,1277,1617,-340
102000007,1429,3725,-2296
102000008,4261,1569,2692
102000009,4954,6706,-1752
102000010,5170,2953,2217
102000011,2847,2372,475
102000012,3300,2808,492
102000018,2622,2410,212
102000019,2035,1544,491
102000026,202,472,-270
102000029,257,233,24
102000030,121,328,-207
102000031,66,173,-107
102000032,366,310,56
102000033,230,350,-120
102000034,435,378,57
102000035,827,677,150
102000036,8,213,-205
102000037,146,54,92
102000038,181,309,-128
102000039,223,79,144
102000040,558,297,261
102000041,184,326,-142
102000042,259,251,8
102000043,371,206,165
102000044,332,405,-73
102000045,697,814,-117
102000046,902,534,368
102000047,750,893,-143
102000048,348,710,-362
102000049,936,637,299
102000050,1137,1167,-30
102000051,381,680,-299
102000052,1232,749,483
102000053,858,983,-125
102000054,463,812,-349
102000055,891,714,177
102000056,634,896,-262
102000057,1200,549,651
102000058,1013,1469,-456
102000059,1661,1406,255
102000060,1129,916,213
102000061,1454,1826,-372
102000062,1539,963,576
102000063,1090,1257,-167
102000064,585,655,-70
102000065,44,111,-67
102000066,779,877,-98
102000067,2183,2577,-394
102000068,7923,2451,5472
102000069,68,1408,-1340
102000070,1509,47,1462
102000071,5980,7486,-1506
102000072,3076,3828,-752
102000073,893,788,105
102000074,644,747,-103
102000075,142,272,-130
102000076,177,430,-253
102000077,473,911,-438
102000078,785,780,5
102000079,122,230,-108
102000080,243,162,81
102000081,309,692,-383
102000082,778,303,475
102000083,484,299,185
102000084,260,288,-28
102000085,1620,1013,607
102000086,984,965,19
102000087,878,1496,-618
102000088,361,349,12
102000089,1134,332,802
102000090,533,1025,-492
102000091,1199,508,691
102000092,405,711,-306
102000093,478,615,-137
102000094,1070,665,405
102000095,1101,1144,-43
102000096,829,841,-12
102000097,812,897,-85
102000098,662,900,-238
102000099,867,778,89
102000100,883,1309,-426
102000101,1115,822,293
102000102,538,1430,-892
102000103,1301,377,924
102000104,658,319,339
102000105,298,470,-172
102000106,759,553,206
102000107,1044,485,559
102000108,560,184,376
102000109,445,483,-38
102000110,792,1109,-317
102000111,15,243,-228
102000112,135,100,35
102000113,22,36,-14
102000114,706,349,357
102000115,214,291,-77
102000116,546,299,247
102000117,290,474,-184
102000118,1370,1079,291
102000119,1951,758,1193
102000120,201,374,-173
102000121,1041,460,581
102000122,637,797,-160
102000123,1138,1082,56
102000124,1356,947,409
102000125,835,838,-3
102000126,775,699,76
102000127,1121,727,394
102000128,669,912,-243
102000129,1292,715,577
102000130,604,704,-100
102000131,2093,919,1174
102000132,775,1321,-546
102000133,1573,1699,-126
102000134,660,691,-31
102000135,652,734,-82
102000136,908,579,329
102000137,872,839,33
102000138,272,423,-151
102000139,109,413,-304
102000140,263,294,-31
102000141,254,432,-178
102000142,256,316,-60
102000143,158,341,-183
102000144,248,351,-103
102000145,336,408,-72
102000146,363,309,54
102000147,516,371,145
102000148,239,333,-94
102000149,109,354,-245
102000150,358,97,261
102000151,85,286,-201
102000152,173,129,44
102000153,1048,488,560
102000154,289,574,-285
102000155,131,326,-195
102000156,360,131,229
102000157,125,368,-243
102000158,564,460,104
102000159,930,431,499
102000161,3097,1777,1320
102000162,192,177,15
102000163,123,471,-348
102000164,979,977,2
102000165,295,160,135
102000166,66,123,-57
102000167,266,208,58
102000168,272,178,94
102000169,115,462,-347
102000170,465,162,303
102000171,247,217,30
102000172,173,350,-177
102000173,486,269,217
102000174,59,80,-21
102000175,125,109,16
102000176,49,31,18
102000178,198,387,-189
102000179,286,219,67
102000180,739,404,335
102000181,603,493,110
102000182,494,599,-105
102000183,1489,1504,-15
102000184,1671,793,878
102000185,2348,1196,1152
102000186,1048,1823,-775
102000187,697,1473,-776
102000188,816,1182,-366
102000189,2072,763,1309
102000190,662,2433,-1771
102000191,1149,509,640
102000192,838,1247,-409
102000193,75,160,-85
102000194,77,138,-61
102000195,368,425,-57
102000196,179,391,-212
102000197,622,361,261
102000198,160,647,-487
102000199,880,338,542
102000200,330,849,-519
102000201,828,449,379
102000202,4,86,-82
102000203,352,193,159
102000204,326,613,-287
102000205,992,363,629
102000206,615,615,0
102000207,613,460,153
102000208,298,393,-95
102000209,62,63,-1
102000210,300,393,-93
102000211,474,269,205
102000212,193,19,174
102000213,6,253,-247
102000214,218,10,208
102000215,4,312,-308
102000216,52,51,1
102000217,9,130,-121
102000218,269,162,107
102000219,420,246,174
102000225,718,540,178
102000226,2213,619,1594
102000227,138,2,136
102000228,1,115,-114
102000229,33,71,-38
102000230,219,424,-205
102000231,323,379,-56
102000232,36,167,-131
102000233,353,562,-209
102000234,91,963,-872
102000236,266,81,185
102000237,474,120,354
102000238,134,222,-88
102000240,527,622,-95
102000241,163,138,25
102000243,37,91,-54
102000245,11,140,-129
102000246,18,21,-3
102000247,784,829,-45
102000248,478,754,-276
102000249,124,105,19
102000250,77,389,-312
102000254,115,242,-127
102000266,50,291,-241
102000271,35,0,35
102000286,396,334,62
102000297,1683,952,731
102000301,0,0,0
102000303,0,0,0
102000307,0,9,-9
102900001,1272,776,496
102900002,313,45,268
102900003,59,223,-164
102900005,358,271,87
102900006,443,125,318
102900007,398,41,357
102900008,243,60,183
102900009,626,275,351
102900010,587,610,-23
102900011,1807,323,1484
102900012,316,83,233
102900013,21,51,-30
102900015,566,429,137
102900016,53,94,-41
102900017,162,557,-395
102900018,36,127,-91
102900019,517,374,143
102900020,145,19,126
102900021,27,84,-57
102900022,643,173,470
102900023,53,43,10
102900024,43,36,7
102900025,203,95,108
102900026,394,1813,-1419
102900027,88,49,39
102900028,148,677,-529
102900029,178,161,17
102900030,345,291,54
102900031,185,144,41
102900032,82,99,-17
102900033,97,181,-84
102900034,482,111,371
102900035,116,308,-192
102900036,254,385,-131
102900037,248,421,-173
102900038,401,437,-36
102900039,33,470,-437
102900040,164,276,-112
102900041,74,175,-101
102900042,176,236,-60
102900043,200,232,-32
102900044,472,1709,-1237
102900045,145,576,-431
102900046,82,231,-149
102900047,99,522,-423
102900048,563,558,5
102900049,130,298,-168
102900050,205,317,-112
102900051,208,179,29
102900052,45,63,-18
102900053,393,602,-209
102900054,724,974,-250
102900055,72,171,-99
102900056,121,397,-276
102900057,11,48,-37
102900058,280,64,216
102900059,33,53,-20
102900060,85,432,-347
102900061,122,372,-250
102900062,196,814,-618
102900063,1048,421,627
102900064,120,393,-273
102900065,1383,663,720
102900066,323,29,294
102900068,134,86,48
102900070,166,512,-346
102900072,15,48,-33
102900073,172,16,156
102900075,14,40,-26
102900076,182,131,51
102900077,48,49,-1
102900078,40,59,-19
102900079,166,32,134
102900080,350,59,291
102900081,82,237,-155
102900082,5,170,-165
102900083,204,17,187
102900084,12,28,-16
102900085,329,143,186
102900086,7,56,-49
102900087,90,62,28
102900088,40,36,4
102900089,256,127,129
102900090,0,260,-260
102900091,139,2,137
102900092,386,767,-381
102900093,250,257,-7
102900094,0,89,-89
102900095,100,1,99
102900096,62,22,40
102900097,6,120,-114
102900098,43,13,30
103000001,2360,2338,22
103000002,1992,2423,-431
103000003,3501,2774,727
103000004,892,700,192
103000005,1610,2498,-888
103000006,619,1325,-706
103000007,404,693,-289
103000008,952,713,239
103000009,970,879,91
103000010,126,81,45
103000011,1491,1333,158
103000012,1129,1421,-292
103000013,3790,2047,1743
103000014,1229,2212,-983
103000015,1555,640,915
103000016,452,1064,-612
103000017,217,341,-124
103000018,608,410,198
103000019,245,227,18
103000020,2590,1502,1088
103000021,1697,1624,73
103000022,849,1162,-313
103000023,584,1324,-740
103000024,115,186,-71
103000025,89,464,-375
103000026,1142,154,988
103000027,294,436,-142
103000028,306,382,-76
103000029,261,259,2
103000030,1500,848,652
103000031,1187,1598,-411
103000032,2346,1920,426
103000033,2682,2302,380
103000034,1460,1151,309
103000035,425,1227,-802
103000036,414,552,-138
103000037,646,481,165
103000038,524,991,-467
103000039,428,378,50
103000040,487,884,-397
103000041,1582,2317,-735
103000042,1243,590,653
103000043,532,902,-370
103000044,215,162,53
103000046,283,463,-180
103000047,563,619,-56
103000048,111,183,-72
103000049,81,142,-61
103000050,548,462,86
103000051,402,484,-82
103000052,830,397,433
103000053,187,632,-445
103000054,2562,1583,979
103000055,2066,2237,-171
103000056,627,1535,-908
103000057,467,264,203
103000058,615,853,-238
103000059,384,749,-365
103000060,847,605,242
103000061,392,1033,-641
103000062,1079,536,543
103000063,632,857,-225
103000064,179,173,6
103000065,0,414,-414
103000066,178,10,168
103000069,349,360,-11
103000070,991,809,182
103000071,1004,401,603
103000072,104,655,-551
103000073,467,121,346
103000074,590,93,497
103000075,119,566,-447
103000076,314,297,17
103000077,28,303,-275
103000078,935,560,375
103000079,827,553,274
103000080,1070,349,721
103000081,483,974,-491
103000082,415,187,228
103000083,96,274,-178
103000084,111,4,107
103000085,6,116,-110
103000086,639,358,281
103000087,119,503,-384
103000088,305,311,-6
103000089,231,385,-154
103000090,1791,847,944
103000091,601,409,192
103000092,209,261,-52
103000093,276,364,-88
103000094,180,84,96
103000095,50,329,-279
103000096,596,107,489
103000097,92,618,-526
103000098,892,187,705
103000099,332,540,-208
103000100,89,705,-616
103000101,790,137,653
103000102,105,527,-422
103000103,630,202,428
103000104,48,69,-21
103000105,125,104,21
103000106,7,141,-134
103000107,243,45,198
103000108,553,491,62
103000109,315,294,21
103000110,434,351,83
103000111,519,429,90
103000112,333,212,121
103000113,854,596,258
103000114,1201,445,756
103000115,393,412,-19
103000116,510,407,103
103000117,298,451,-153
103000118,820,706,114
103000119,1079,645,434
103000120,96,127,-31
103000121,275,503,-228
103000122,396,434,-38
103000125,7,234,-227
103000126,515,2,513
103000127,5,155,-150
103000128,164,2,162
103000129,2,93,-91
103000130,39,26,13
103000131,135,86,49
103000132,82,108,-26
103000133,23,75,-52
103000134,599,697,-98
103000135,552,303,249
103000136,758,457,301
103000137,604,633,-29
103000138,821,716,105
103000139,7,61,-54
103000140,147,28,119
103000141,67,143,-76
103000142,100,76,24
103000143,46,205,-159
103000144,211,92,119
103000145,24,66,-42
103000150,66,37,29
103000152,246,214,32
103000153,215,139,76
103000156,5,317,-312
103000157,321,0,321
103000159,126,77,49
103000162,79,26,53
103000163,19,32,-13
103000164,11,9,2
103000165,90,259,-169
103000166,157,237,-80
103000167,151,72,79
103000168,67,172,-105
103000169,222,346,-124
103000170,653,366,287
103000171,51,63,-12
103000172,432,252,180
103000173,446,537,-91
103000174,154,253,-99
103000175,301,266,35
103000176,815,569,246
103000177,480,424,56
103000178,308,322,-14
103000179,147,49,98
103000183,115,17,98
103000185,83,52,31
103000186,135,141,-6
103000187,456,384,72
103000188,12,69,-57
103000189,888,733,155
103000191,586,580,6
103000292,1488,1329,159
103000293,940,1842,-902
103000295,95,88,7
103000296,228,5,223
103000297,43,31,12
103000504,111,19,92
103000505,7,17,-10
103000506,4,232,-228
103000507,177,2,175
103000508,51,37,14
103000509,177,571,-394
103900001,10,209,-199
103900002,1171,190,981
103900003,1381,105,1276
103900004,124,1,123
103900005,4,168,-164
103900006,2,1,1
103900007,48,2,46
103900008,11,3,8
103900009,240,498,-258
103900010,159,336,-177
103900011,254,214,40
103900012,8,22,-14
103900013,68,58,10
103900014,61,16,45
103900015,35,11,24
103900016,243,158,85
103900017,30,75,-45
103900018,761,200,561
103900019,67,320,-253
103900020,215,440,-225
103900021,499,168,331
103900022,1179,708,471
103900023,138,1,137
103900024,68,334,-266
103900025,17,37,-20
103900026,58,1,57
103900027,654,305,349
103900028,18,272,-254
103900029,989,166,823
103900030,299,90,209
103900031,28,0,28
103900032,72,73,-1
103900033,89,19,70
103900034,42,153,-111
103900035,48,56,-8
103900036,47,41,6
103900037,65,54,11
103900038,97,184,-87
103900039,54,306,-252
103900040,4,170,-166
103900041,48,51,-3
103900042,68,334,-266
103900043,120,49,71
103900044,98,235,-137
103900045,239,124,115
103900047,62,28,34
103900048,54,17,37
103900049,183,1057,-874
103900050,8,115,-107
103900051,1,41,-40
103900052,214,324,-110
103900053,183,572,-389
103900054,97,352,-255
103900055,370,193,177
103900056,51,56,-5
103900057,21,157,-136
103900058,205,623,-418
103900059,1,7,-6
103900060,55,179,-124
103900061,115,74,41
103900062,216,73,143
103900063,12,0,12
103900064,142,5,137
103900065,790,380,410
103900066,127,31,96
103900067,121,10,111
103900068,9,1,8
103900069,64,35,29
103900070,127,203,-76
103900071,18,90,-72
103900072,13,221,-208
103900073,35,44,-9
103900074,79,83,-4
103900075,171,57,114
103900076,413,513,-100
103900077,58,119,-61
103900078,269,90,179
103900079,162,148,14
103900080,18,23,-5
103900081,107,15,92
103900082,7,125,-118
103900083,1276,847,429
103900084,69,93,-24
103900085,67,127,-60
103900086,493,385,108
103900088,375,451,-76
103900089,64,143,-79
103900090,3,95,-92
103900091,1146,364,782
103900092,532,431,101
103900093,67,302,-235
103900094,13,83,-70
103900095,305,201,104
103900096,18,195,-177
103900097,19,494,-475
103900098,170,98,72
103900099,62,133,-71
103900100,165,329,-164
103900101,75,999,-924
103900102,1,33,-32
103900104,1,34,-33
103900105,89,192,-103
103900106,0,31,-31
103900107,95,194,-99
103900108,56,250,-194
103900109,95,76,19
103900110,182,47,135
103900111,70,539,-469
103900112,70,105,-35
103900113,122,215,-93
103900114,374,288,86
103900115,252,204,48
103900116,4539,2301,2238
103900117,167,88,79
103900119,28,78,-50
103900120,53,108,-55
103900122,98,259,-161
103900123,1377,609,768
103900124,52,450,-398
103900125,101,85,16
103900126,400,390,10
103900127,146,343,-197
103900128,153,127,26
103900131,40,117,-77
103900133,841,49,792
103900134,2,6,-4
103900135,6,6,0
103900137,1,26,-25
103900138,78,187,-109
103900139,356,1632,-1276
103900140,3,96,-93
103900141,312,98,214
103900142,86,92,-6
103900143,66,4,62
103900144,2,54,-52
103900145,183,202,-19
103900146,317,236,81
103900147,299,126,173
103900148,226,228,-2
103900149,265,526,-261
103900150,5048,2922,2126
103900151,42,129,-87
103900152,493,417,76
103900153,10,6,4
103900154,789,1432,-643
103900155,40,192,-152
103900156,25,144,-119
103900157,34,150,-116
103900158,69,141,-72
103900159,129,90,39
103900160,46,41,5
103900161,90,179,-89
103900162,59,138,-79
103900163,13,423,-410
103900167,17,94,-77
103900168,60,76,-16
103900169,53,52,1
103900170,8,113,-105
103900171,2,57,-55
103900172,4,24,-20
103900173,15,9,6
103900174,138,61,77
103900175,35,43,-8
103900176,19,28,-9
103900177,6,67,-61
103900178,35,65,-30
103900179,43,135,-92
103900180,32,124,-92
103900181,64,46,18
103900182,35,14,21
103900184,481,79,402
103900185,174,288,-114
103900187,26,62,-36
103900188,43,21,22
103900189,79,6,73
103900190,80,46,34
103900191,44,48,-4
103900192,23,81,-58
103900193,132,193,-61
103900194,58,225,-167
103900195,9,65,-56
103900196,89,31,58
103900197,12,19,-7
103900198,9,47,-38
103900199,110,53,57
103900200,141,86,55
103900201,164,152,12
103900202,16,51,-35
103900203,23,26,-3
103900204,2,96,-94
103900207,0,125,-125
103900208,122,3,119
103900209,17,96,-79
103900210,28,22,6
103900211,450,361,89
103900212,122,313,-191
103900213,136,289,-153
103900214,255,182,73
103900215,555,353,202
103900216,12,301,-289
103900217,333,61,272
103900218,1,256,-255
103900219,133,298,-165
103900233,51,2,49
103900235,37,17,20
103900236,12,0,12
103900242,10,12,-2
103900243,6,5,1
103900244,103,200,-97
103900245,79,187,-108
103900246,64,19,45
103900247,41,101,-60
103900248,7,46,-39
103900249,22,60,-38
103900250,24,27,-3
103900251,0,33,-33
103900253,25,50,-25
103900254,10,15,-5
103900255,3,25,-22
103900256,12,38,-26
103900257,112,105,7
103900258,36,5,31
103900259,53,11,42
103900261,8,4,4
103900262,18,5,13
103900263,37,32,5
103900264,72,42,30
103900265,52,18,34
103900266,2,76,-74
103900267,16,85,-69
103900268,6,60,-54
103900269,167,36,131
103900270,50,119,-69
103900271,13,107,-94
103900272,61,82,-21
103900273,14,66,-52
103900274,81,13,68
103900275,25,12,13
103900276,15,69,-54
103900277,1,50,-49
103900278,10,44,-34
103900279,3,39,-36
103900280,1,59,-58
104000001,1910,1868,42
104000002,1431,2258,-827
104000003,1983,1969,14
104000004,2487,2353,134
104000005,1261,1687,-426
104000006,2544,2534,10
104000007,3589,3450,139
104000008,189,317,-128
104000009,176,150,26
104000010,118,229,-111
104000011,443,328,115
104000012,144,362,-218
104000013,193,161,32
104000014,185,700,-515
104000015,292,155,137
104000016,573,377,196
104000018,686,187,499
104000019,518,165,353
104000020,179,690,-511
104000021,243,683,-440
104000022,129,266,-137
104000023,557,289,268
104000024,212,328,-116
104000026,33,360,-327
104000027,216,336,-120
104000028,277,230,47
104000029,344,543,-199
104000030,266,199,67
104000031,1063,420,643
104000032,250,254,-4
104000033,575,507,68
104000034,286,269,17
104000035,765,403,362
104000036,671,547,124
104000037,260,255,5
104000038,394,274,120
104000039,227,289,-62
104000040,284,402,-118
104000041,466,337,129
104000042,233,364,-131
104000043,218,377,-159
104000044,264,546,-282
104000045,864,1057,-193
104000046,1157,1534,-377
104000047,725,1136,-411
104000048,1095,1649,-554
104000049,426,269,157
104000050,145,483,-338
104000051,99,492,-393
104000052,1170,1529,-359
104000053,750,492,258
104000054,614,425,189
104000055,3899,2597,1302
104000056,1201,202,999
104000057,121,500,-379
104000058,687,624,63
104000059,459,941,-482
104000060,1004,1075,-71
104000061,1267,1134,133
104000062,343,91,252
104000064,423,279,144
104000065,322,616,-294
104000069,1144,900,244
104000070,94,416,-322
104000071,99,432,-333
104000072,527,171,356
104000075,66,284,-218
104000076,456,83,373
104000082,2209,3031,-822
104000083,768,156,612
104000084,134,501,-367
104000085,249,216,33
104000086,156,365,-209
104000087,358,1549,-1191
104000090,718,1110,-392
104000092,1044,2037,-993
104000094,733,1502,-769
104000095,1573,1325,248
104000096,1140,172,968
104000097,1410,814,596
104000098,1841,994,847
104000100,1271,624,647
104000101,1082,1469,-387
104000106,68,529,-461
104000107,602,428,174
104000108,261,393,-132
104000109,270,71,199
104000110,651,988,-337
104000111,3525,2099,1426
104000112,1971,501,1470
104000116,0,871,-871
104000117,129,513,-384
104000118,526,204,322
104000119,494,214,280
104000120,241,610,-369
104000121,124,663,-539
104000122,573,716,-143
104000123,784,1079,-295
104000124,876,2126,-1250
104000125,2691,3466,-775
104000126,364,392,-28
104000127,1449,2951,-1502
104000128,498,414,84
104000129,245,30,215
104000130,6,152,-146
104000131,709,423,286
104000132,526,565,-39
104000133,1369,807,562
104000134,857,1413,-556
104000135,407,1558,-1151
104000136,788,3681,-2893
104000137,1507,365,1142
104000138,781,253,528
104000139,5910,2781,3129
104000141,987,1215,-228
104000142,524,755,-231
104000143,552,568,-16
104000144,89,168,-79
104000145,333,240,93
104000146,348,544,-196
104000147,132,329,-197
104000148,272,131,141
104000149,135,289,-154
104000150,760,374,386
104000151,306,521,-215
104000152,530,553,-23
104000153,594,462,132
104000154,1030,628,402
104000155,436,489,-53
104000157,912,1279,-367
104000158,381,374,7
104000159,723,423,300
104000160,1622,1689,-67
104000161,184,213,-29
104000162,64,110,-46
104000165,1026,1053,-27
104000167,584,765,-181
104000168,479,10,469
104000169,82,48,34
104000170,516,497,19
104000248,257,626,-369
104000251,61,231,-170
104000272,0,0,0
104000273,0,0,0
104000274,0,0,0
104000275,0,0,0
104000279,626,400,226
104000290,114,283,-169
104000291,667,975,-308
104000293,596,717,-121
104000294,29,0,29
104000295,551,700,-149
104000296,305,647,-342
104000297,705,1484,-779
104000298,1689,693,996
104000299,643,1248,-605
104900001,230,428,-198
104900002,53,136,-83
104900003,75,298,-223
104900004,103,270,-167
104900005,194,195,-1
104900006,297,96,201
104900007,242,163,79
104900009,128,327,-199
104900010,63,41,22
104900011,9,13,-4
104900012,208,32,176
104900013,188,23,165
104900014,2821,354,2467
104900015,85,6,79
104900016,178,199,-21
104900017,148,135,13
104900018,5,169,-164
104900019,324,2207,-1883
104900020,49,236,-187
104900021,1,130,-129
104900022,3,99,-96
104900023,0,72,-72
104900024,23,46,-23
104900025,64,244,-180
104900026,3,92,-89
104900027,459,279,180
104900028,39,72,-33
104900029,65,104,-39
104900030,455,187,268
104900031,92,208,-116
104900032,27,85,-58
104900033,148,298,-150
104900034,340,133,207
104900035,271,152,119
104900036,162,55,107
104900037,93,190,-97
104900038,392,632,-240
104900039,712,275,437
104900040,350,78,272
104900041,243,161,82
104900042,128,192,-64
104900043,22,111,-89
104900044,524,203,321
104900045,381,54,327
104900046,145,98,47
104900047,304,131,173
104900048,233,81,152
104900049,32,21,11
104900050,232,97,135
104900051,255,53,202
104900052,47,2,45
104900053,404,125,279
104900054,158,28,130
104900055,65,0,65
104900056,120,28,92
104900057,24,0,24
104900058,679,308,371
104900059,117,51,66
104900060,3,415,-412
104900061,218,475,-257
104900063,0,98,-98
104900064,1,92,-91
104900065,3,150,-147
104900066,0,244,-244
104900067,4,308,-304
104900068,16,241,-225
104900070,184,237,-53
104900071,3,437,-434
104900072,56,271,-215
104900073,62,158,-96
104900074,66,206,-140
104900075,78,43,35
104900076,128,345,-217
104900077,895,237,658
104900078,184,462,-278
104900079,98,398,-300
104900080,81,455,-374
104900082,20,350,-330
104900085,3,211,-208
104900087,314,2,312
104900089,144,0,144
104900090,681,567,114
104900091,595,608,-13
104900093,247,521,-274
104900097,2195,1814,381
104900098,104,24,80
104900099,47,466,-419
104900100,452,279,173
104900102,23,127,-104
104900103,397,53,344
104900104,2746,1813,933
104900106,83,112,-29
104900107,101,163,-62
104900108,41,190,-149
104900109,99,203,-104
104900110,4,34,-30
104900111,122,130,-8
104900112,251,646,-395
104900113,625,354,271
104900114,300,383,-83
104900115,546,377,169
104900116,216,174,42
104900118,29,40,-11
104900119,3,30,-27
104900120,57,167,-110
104900121,1,77,-76
104900122,3,104,-101
104900123,40,16,24
104900124,36,0,36
104900125,437,5,432
104900126,64,60,4
104900127,40,64,-24
104900128,115,181,-66
104900129,1468,1458,10
105000001,2186,1380,806
105000002,2206,1466,740
105000003,3072,3296,-224
105000004,535,875,-340
105000005,687,836,-149
105000006,1234,1447,-213
105000007,1040,1146,-106
105000008,1566,2379,-813
105000009,1810,2670,-860
105000010,2921,2113,808
105000011,2846,2302,544
105000012,3776,2736,1040
105000013,816,1003,-187
105000014,1423,2078,-655
105000015,8166,10878,-2712
105000016,2775,1863,912
105000017,1656,804,852
105000018,1132,1283,-151
105000019,1157,795,362
105000020,163,373,-210
105000021,207,104,103
105000022,288,88,200
105000023,583,384,199
105000028,76,129,-53
105000029,609,1163,-554
105000030,3992,2589,1403
105000033,929,1668,-739
105000034,125,768,-643
105000037,589,303,286
105000038,1725,1675,50
105000039,2403,1734,669
105000040,860,1119,-259
105000041,637,1148,-511
105000042,2865,1471,1394
105000043,1748,1872,-124
105000044,494,420,74
105000045,339,748,-409
105000046,954,340,614
105000047,484,1284,-800
105000048,495,191,304
105000049,219,502,-283
105000050,636,338,298
105000051,145,457,-312
105000052,605,661,-56
105000053,103,173,-70
105000054,318,725,-407
105000055,641,280,361
105000056,1103,1842,-739
105000057,1057,769,288
105000058,1247,1181,66
105000059,623,540,83
105000060,423,644,-221
105000061,515,524,-9
105000062,684,821,-137
105000063,288,479,-191
105000064,1167,721,446
105000065,375,528,-153
105000066,1027,1467,-440
105000067,1366,623,743
105000068,481,834,-353
105000069,1709,1453,256
105000070,617,822,-205
105000071,209,639,-430
105000072,939,1666,-727
105000073,742,547,195
105000074,1163,807,356
105000075,463,749,-286
105000076,1152,1012,140
105000077,2325,1038,1287
105000078,1297,1236,61
105000079,1463,2985,-1522
105000080,1570,1233,337
105000081,3285,1284,2001
105000082,1043,1374,-331
105000083,3849,2830,1019
105000084,551,835,-284
105000085,1478,1582,-104
105000086,507,852,-345
105000087,1332,1561,-229
105000088,1283,1332,-49
105000089,2541,1955,586
105000090,998,788,210
105000091,1164,1402,-238
105000092,650,835,-185
105000093,268,218,50
105000094,258,191,67
105000095,116,358,-242
105000096,1014,817,197
105000097,1141,676,465
105000098,741,621,120
105000099,875,608,267
105000100,1131,899,232
105000101,1757,1761,-4
105000102,1432,1217,215
105000103,1287,1940,-653
105000104,1827,942,885
105000105,1000,1785,-785
105000106,1210,1416,-206
105000107,1150,896,254
105000108,1311,1437,-126
105000109,1369,1490,-121
105000110,702,575,127
105000111,617,738,-121
105000112,1189,718,471
105000113,344,679,-335
105000114,2507,992,1515
105000115,299,956,-657
105000116,642,396,246
105000117,783,869,-86
105000118,415,373,42
105000119,539,878,-339
105000120,804,490,314
105000121,774,951,-177
105000122,310,623,-313
105000123,1012,1215,-203
105000124,1598,734,864
105000125,766,1708,-942
105000126,1769,1666,103
105000127,2191,1764,427
105000128,533,939,-406
105000129,685,290,395
105000130,307,2351,-2044
105000131,538,412,126
105000132,717,537,180
105000133,534,832,-298
105000134,630,538,92
105000135,477,547,-70
105000136,107,368,-261
105000137,327,228,99
105000138,214,341,-127
105000139,1081,869,212
105000140,312,526,-214
105000141,277,531,-254
105000142,159,438,-279
105000143,232,592,-360
105000144,268,782,-514
105000145,568,405,163
105000146,436,827,-391
105000147,562,342,220
105000148,1250,536,714
105000149,1922,1801,121
105000150,1931,1343,588
105000151,431,363,68
105000152,176,454,-278
105000153,487,591,-104
105000154,600,519,81
105000155,310,836,-526
105000156,790,561,229
105000157,860,1436,-576
105000158,1657,622,1035
105000159,246,865,-619
105000160,1465,537,928
105000161,590,855,-265
105000162,562,1341,-779
105000163,1018,765,253
105000164,231,243,-12
105000165,884,4073,-3189
105000166,4217,709,3508
105000167,1683,1211,472
105000168,412,575,-163
105000169,445,337,108
105000170,177,1207,-1030
105000171,954,202,752
105000172,171,33,138
105000173,135,26,109
105000174,53,38,15
105000175,85,145,-60
105000176,306,77,229
105000177,232,167,65
105000178,128,387,-259
105000179,445,127,318
105000180,95,128,-33
105000181,82,232,-150
105000182,50,61,-11
105000183,1905,1605,300
105000184,1288,811,477
105000185,1407,828,579
105000186,445,638,-193
105000187,722,143,579
105000188,335,94,241
105000189,234,379,-145
105000190,227,282,-55
105000191,352,245,107
105000192,238,72,166
105000193,106,155,-49
105000194,306,98,208
105000195,312,790,-478
105000196,63,196,-133
105000197,278,575,-297
105000198,554,316,238
105000199,270,536,-266
105000200,157,243,-86
105000201,114,24,90
105000203,10,220,-210
105000204,103,71,32
105000205,105,257,-152
105000207,480,225,255
105000208,243,437,-194
105000209,170,357,-187
105000212,1070,1059,11
105000213,185,219,-34
105000214,165,207,-42
105000215,272,188,84
105000216,138,330,-192
105000217,154,280,-126
105000218,996,971,25
105000221,144,167,-23
105000222,622,113,509
105000223,292,183,109
105000226,106,234,-128
105000227,62,131,-69
105000228,233,1541,-1308
105000229,118,463,-345
105000231,366,276,90
105000233,762,546,216
105000234,410,1041,-631
105000235,339,471,-132
105000237,542,80,462
105000243,29,50,-21
105000248,56,59,-3
105000262,322,1120,-798
105000269,101,205,-104
105000270,466,52,414
105000271,1,180,-179
105000282,73,44,29
105000287,338,90,248
105000288,499,372,127
105000289,2844,1846,998
105000290,19,8,11
105000402,3332,3384,-52
105000426,503,568,-65
105000438,3559,1520,2039
105000446,10090,5018,5072
105000447,6120,2739,3381
105000454,394,649,-255
105000455,272,213,59
105000474,23,1,22
105000477,359,482,-123
105000478,1385,3362,-1977
105000479,126,127,-1
105000480,7688,5573,2115
105000481,3957,2736,1221
105000482,5313,6791,-1478
105000483,1375,1591,-216
105000484,2130,2804,-674
105000485,1339,2327,-988
105000486,3522,2251,1271
105000488,8676,4917,3759
105000489,747,744,3
105000549,140,109,31
105000550,606,1399,-793
105000551,34,101,-67
105000552,2611,1658,953
105000555,979,774,205
105900001,10,935,-925
105900002,1120,535,585
105900003,7,88,-81
105900004,235,112,123
105900005,5,167,-162
105900006,20,143,-123
105900007,87,29,58
105900008,76,577,-501
105900009,16,10,6
105900011,173,38,135
105900012,513,132,381
105900013,2,38,-36
105900014,16,57,-41
105900015,139,297,-158
105900016,377,469,-92
105900017,958,41,917
105900018,201,179,22
105900019,120,356,-236
105900020,39,69,-30
105900021,37,217,-180
105900022,259,181,78
105900023,6,72,-66
105900024,12,141,-129
105900025,141,37,104
105900026,248,26,222
105900027,5683,6638,-955
105900028,691,265,426
105900029,1352,327,1025
105900030,184,185,-1
105900031,290,186,104
105900032,56,102,-46
105900033,82,99,-17
105900034,160,172,-12
105900035,141,150,-9
105900036,87,93,-6
105900037,72,51,21
105900038,151,212,-61
105900039,113,118,-5
105900040,71,90,-19
105900041,153,198,-45
105900042,46,123,-77
105900043,1148,58,1090
105900044,6,255,-249
105900045,4,559,-555
105900046,5,199,-194
105900047,19,40,-21
105900048,96,430,-334
105900050,5322,2601,2721
105900051,29,881,-852
105900052,595,227,368
105900053,2579,2185,394
105900054,303,175,128
105900056,631,384,247
105900057,60,114,-54
105900058,16,29,-13
105900059,0,18,-18
106000001,3952,2123,1829
106000002,2222,4877,-2655
106000003,2305,3128,-823
106000004,1671,2483,-812
106000005,2624,4851,-2227
106000006,5273,3755,1518
106000007,450,542,-92
106000008,367,299,68
106000009,545,353,192
106000010,567,587,-20
106000011,852,985,-133
106000012,742,1185,-443
106000013,1480,1937,-457
106000014,1719,1480,239
106000015,1440,1120,320
106000016,1054,1923,-869
106000017,511,632,-121
106000018,551,526,25
106000019,352,433,-81
106000020,231,369,-138
106000021,321,434,-113
106000022,304,226,78
106000023,473,295,178
106000024,517,536,-19
106000025,122,147,-25
106000026,100,229,-129
106000027,1090,1136,-46
106000028,498,511,-13
106000029,794,1207,-413
106000030,484,400,84
106000034,193,532,-339
106000035,1036,1677,-641
106000036,215,417,-202
106000037,1661,1270,391
106000038,340,94,246
106000039,144,88,56
106000040,135,806,-671
106000041,669,475,194
106000043,613,231,382
106000046,333,56,277
106000047,49,346,-297
106000049,752,134,618
106000050,270,671,-401
106000051,643,387,256
106000052,101,519,-418
106000053,321,132,189
106000054,335,448,-113
106000055,903,949,-46
106000056,328,333,-5
106000057,267,251,16
106000058,126,157,-31
106000059,273,282,-9
106000060,336,455,-119
106000061,187,458,-271
106000062,151,493,-342
106000063,546,478,68
106000064,40,380,-340
106000065,296,286,10
106000066,114,302,-188
106000067,274,103,171
106000068,58,582,-524
106000069,193,73,120
106000070,391,723,-332
106000071,957,311,646
106000072,2321,1431,890
106000073,1510,2543,-1033
106000074,542,618,-76
106000075,305,1352,-1047
106000076,1607,1849,-242
106000077,3093,1333,1760
106000078,846,860,-14
106000079,641,802,-161
106000080,1111,635,476
106000081,535,1023,-488
106000082,2200,833,1367
106000083,392,1413,-1021
106000084,1020,684,336
106000085,1174,1396,-222
106000086,602,845,-243
106000087,900,599,301
106000088,404,733,-329
106000089,835,384,451
106000090,249,477,-228
106000091,275,518,-243
106000092,609,247,362
106000093,240,146,94
106000094,92,239,-147
106000095,614,704,-90
106000096,706,598,108
106000097,895,774,121
106000098,630,760,-130
106000099,162,663,-501
106000100,957,225,732
106000101,761,253,508
106000102,142,483,-341
106000103,267,391,-124
106000104,593,397,196
106000105,371,572,-201
106000106,476,434,42
106000107,124,307,-183
106000108,257,283,-26
106000109,149,285,-136
106000110,227,256,-29
106000111,206,356,-150
106000112,214,445,-231
106000113,623,455,168
106000114,442,515,-73
106000115,210,410,-200
106000116,250,161,89
106000117,1006,621,385
106000118,898,1163,-265
106000119,1348,873,475
106000120,804,944,-140
106000121,157,141,16
106000122,80,202,-122
106000123,343,120,223
106000124,58,241,-183
106000125,24,225,-201
106000126,229,115,114
106000127,765,689,76
106000128,591,206,385
106000129,422,517,-95
106000130,581,284,297
106000131,129,724,-595
106000132,405,173,232
106000133,1583,1032,551
106000134,550,1288,-738
106000135,230,590,-360
106000136,539,737,-198
106000137,69,689,-620
106000138,786,68,718
106000139,27,98,-71
106000140,28,66,-38
106000141,83,61,22
106000142,59,54,5
106000143,48,75,-27
106000144,23,40,-17
106000145,186,199,-13
106000146,249,140,109
106000147,390,357,33
106000148,489,655,-166
106000149,449,297,152
106000150,410,1594,-1184
106000151,3107,707,2400
106000152,1134,1578,-444
106000153,91,1302,-1211
106000154,1011,183,828
106000155,101,208,-107
106000156,610,274,336
106000157,565,1343,-778
106000158,2062,914,1148
106000159,2610,1533,1077
106000160,315,2149,-1834
106000161,1408,327,1081
106000162,177,770,-593
106000163,336,297,39
106000164,293,315,-22
106000165,194,467,-273
106000166,540,299,241
106000167,309,857,-548
106000168,386,268,118
106000169,162,530,-368
106000170,620,205,415
106000171,161,1115,-954
106000172,2565,1320,1245
106000173,994,2509,-1515
106000174,882,454,428
106000175,279,699,-420
106000176,1219,718,501
106000177,753,1880,-1127
106000178,2879,1593,1286
106000179,1025,1884,-859
106000180,804,1033,-229
106000181,639,1354,-715
106000182,1062,660,402
106000183,1111,541,570
106000184,1858,561,1297
106000185,980,1041,-61
106000186,790,122,668
106000187,253,905,-652
106000188,0,1,-1
106000189,6,29,-23
106000190,12,0,12
106000191,577,190,387
106000192,0,19,-19
106000193,370,189,181
106000194,153,295,-142
106000195,400,158,242
106000196,174,372,-198
106000197,433,270,163
106000198,174,242,-68
106000199,606,624,-18
106000200,176,200,-24
106000201,418,2014,-1596
106000202,3289,514,2775
106000203,64,184,-120
106000204,80,14,66
106000205,18,93,-75
106000206,113,22,91
106000207,71,512,-441
106000208,1264,195,1069
106000209,1189,365,824
106000210,313,868,-555
106000211,342,971,-629
106000212,684,339,345
106000213,738,1751,-1013
106000214,2423,748,1675
106000215,190,424,-234
106000216,257,328,-71
106000217,254,414,-160
106000218,409,355,54
106000219,109,269,-160
106000220,342,212,130
106000221,106,195,-89
106000222,36,86,-50
106000223,175,113,62
106000224,198,175,23
106000225,72,98,-26
106000226,83,243,-160
106000228,43,99,-56
106000229,72,601,-529
106000231,744,79,665
106000232,73,311,-238
106000233,554,76,478
106000234,114,147,-33
106000235,295,87,208
106000236,139,41,98
106000237,0,14,-14
106000238,26,11,15
106000239,2,109,-107
106000240,41,5,36
106000241,9,529,-520
106000242,224,33,191
106000249,59,54,5
106000250,99,520,-421
106000251,79,36,43
106000252,23,61,-38
106000253,24,55,-31
106000254,58,34,24
106000255,19,147,-128
106000256,47,34,13
106000257,136,182,-46
106000258,158,19,139
106000259,2,35,-33
106000260,24,6,18
106000261,3,43,-40
106000262,69,8,61
106000263,6,56,-50
106000264,115,13,102
106000265,6,128,-122
106000266,98,23,75
106000267,10,60,-50
106000268,488,46,442
106000269,54,41,13
106000270,112,433,-321
106000271,49,216,-167
106000272,187,43,144
106000273,10,227,-217
106000274,162,47,115
106000275,154,225,-71
106000276,165,46,119
106000277,110,230,-120
106000278,159,40,119
106000279,23,29,-6
106000280,83,90,-7
106000281,67,59,8
106000282,64,70,-6
106000283,101,59,42
106000284,68,89,-21
106000285,100,77,23
106000286,80,145,-65
106000287,72,80,-8
106000288,62,140,-78
106000289,85,53,32
106000290,44,82,-38
106000291,78,76,2
106000292,89,101,-12
106000293,129,65,64
106000294,109,89,20
106000295,47,42,5
106000296,55,70,-15
106000297,75,214,-139
106000298,134,76,58
106000299,75,119,-44
106000300,45,86,-41
106000301,76,118,-42
106000303,26,66,-40
106000304,17,32,-15
106000305,41,46,-5
106000306,21,41,-20
106000307,40,29,11
106000308,20,114,-94
106000309,14,61,-47
106000310,299,442,-143
106000311,316,178,138
106000312,101,158,-57
106000313,172,195,-23
106000318,80,371,-291
106000319,871,204,667
106000320,3,67,-64
106000321,291,99,192
106000322,159,118,41
106000324,12,96,-84
106000325,1429,795,634
106000326,836,1666,-830
106000327,127,139,-12
106000328,21,108,-87
106000329,59,217,-158
106000330,29,56,-27
106000428,102,167,-65
106000429,118,389,-271
106000430,307,1180,-873
106000431,1629,341,1288
106000432,1786,2551,-765
106000433,2076,1297,779
106000434,2694,1229,1465
106000435,1475,2316,-841
106000436,16,140,-124
106000437,271,28,243
106000438,411,137,274
106000439,113,319,-206
106000440,214,394,-180
106000441,1,1,0
106000442,102,9,93
106000443,162,317,-155
106000450,9,148,-139
106000451,25,42,-17
106000454,8,98,-90
106000455,3,174,-171
106000456,126,43,83
106000457,29,815,-786
106000458,591,86,505
106000459,175,349,-174
106000460,1262,19,1243
106000461,132,1051,-919
106000462,1,27,-26
106000463,2,19,-17
106000464,11,397,-386
106000465,515,4,511
106000466,3,462,-459
106000467,309,406,-97
106000468,55,145,-90
106000469,152,1,151
106000470,264,1467,-1203
106000471,33,522,-489
106000472,151,9,142
106000473,34,11,23
106000474,284,526,-242
106000475,206,170,36
106000476,167,183,-16
106000477,43,113,-70
106000480,1,321,-320
106900001,0,15,-15
106900002,1,434,-433
106900003,223,710,-487
106900004,0,31,-31
106900006,0,7,-7
106900007,0,14,-14
106900008,251,206,45
106900009,269,235,34
106900010,249,241,8
106900012,1454,1766,-312
106900013,469,140,329
106900014,12,1,11
106900015,12,0,12
106900016,246,4,242
106900017,5,0,5
106900018,0,2,-2
106900019,28,0,28
106900020,1824,1249,575
106900021,89,80,9
106900022,604,6,598
106900023,47,185,-138
106900024,490,34,456
106900025,70,512,-442
106900026,2,500,-498
106900027,556,20,536
107000001,3636,3366,270
107000002,3451,4803,-1352
107000003,4520,5530,-1010
107000004,4611,4617,-6
107000005,3426,4451,-1025
107000006,3728,4278,-550
107000007,4487,7876,-3389
107000008,10027,8016,2011
107000009,5802,6410,-608
107000010,9807,9271,536
107000011,1086,1299,-213
107000012,4037,3114,923
107000013,52,81,-29
107000014,40,171,-131
107000015,460,649,-189
107000016,576,818,-242
107000017,2463,1107,1356
107000018,15,687,-672
107000020,1275,902,373
107000021,1102,469,633
107000022,678,1232,-554
107000023,1483,196,1287
107000024,482,1279,-797
107000025,162,363,-201
107000026,206,490,-284
107000027,1264,875,389
107000028,1174,1338,-164
107000029,2836,2342,494
107000030,2578,2717,-139
107000031,3528,2426,1102
107000032,506,903,-397
107000033,2661,3628,-967
107000034,2844,1436,1408
107000035,254,205,49
107000036,345,994,-649
107000037,66,749,-683
107000038,252,271,-19
107000039,881,727,154
107000040,192,356,-164
107000041,1574,836,738
107000042,795,1827,-1032
107000043,2289,1132,1157
107000044,542,344,198
107000045,76,273,-197
107000046,621,353,268
107000047,365,837,-472
107000048,661,247,414
107000049,635,773,-138
107000050,1222,551,671
107000051,397,382,15
107000052,1066,962,104
107000053,291,188,103
107000054,60,267,-207
107000055,349,138,211
107000056,393,712,-319
107000057,1170,202,968
107000058,1824,1996,-172
107000059,1939,3086,-1147
107000060,3709,4876,-1167
107000061,4727,3331,1396
107000062,3402,2697,705
107000063,4042,4686,-644
107000064,3619,1922,1697
107000065,3745,4364,-619
107000066,1675,2273,-598
107000067,934,998,-64
107000068,1165,657,508
107000069,791,486,305
107000070,1174,2,1172
107000071,2763,54,2709
107000072,47,2512,-2465
107000073,622,300,322
107000074,139,795,-656
107000075,1561,561,1000
107000076,621,1416,-795
107000077,3058,1432,1626
107000078,2752,3194,-442
107000079,2263,1042,1221
107000080,1105,2849,-1744
107000081,1344,616,728
107000082,592,1563,-971
107000083,1151,380,771
107000084,331,1637,-1306
107000085,2494,3045,-551
107000086,2999,3084,-85
107000087,2395,1878,517
107000088,3106,3241,-135
107000089,1254,1589,-335
107000090,994,1035,-41
107000091,1253,811,442
107000092,716,973,-257
107000093,999,761,238
107000094,899,1047,-148
107000095,619,628,-9
107000096,548,792,-244
107000097,679,351,328
107000098,628,678,-50
107000099,406,327,79
107000100,253,315,-62
107000101,94,187,-93
107000102,215,343,-128
107000103,281,188,93
107000104,162,254,-92
107000105,364,149,215
107000106,250,276,-26
107000107,522,166,356
107000108,170,595,-425
107000109,602,123,479
107000110,70,431,-361
107000111,305,51,254
107000112,33,225,-192
107000113,529,118,411
107000114,82,506,-424
107000115,462,111,351
107000116,148,708,-560
107000117,94,480,-386
107000118,110,173,-63
107000119,1239,1427,-188
107000120,1204,420,784
107000121,828,710,118
107000122,1057,937,120
107000123,407,641,-234
107000124,474,832,-358
107000125,877,522,355
107000126,942,739,203
107000129,243,649,-406
107000130,608,243,365
107000131,402,499,-97
107000132,491,351,140
107000133,867,69,798
107000134,293,3,290
107000135,9,253,-244
107000136,707,6,701
107000137,11,344,-333
107000138,322,34,288
107000139,23,365,-342
107000140,1184,99,1085
107000141,121,587,-466
107000142,459,91,368
107000143,76,673,-597
107000144,396,408,-12
107000145,170,420,-250
107000146,185,268,-83
107000147,2430,768,1662
107000150,631,2467,-1836
107000151,44,106,-62
107000152,427,1044,-617
107000153,206,392,-186
107000154,259,259,0
107000155,700,13,687
107000156,1059,24,1035
107000157,43,1389,-1346
107000158,602,42,560
107000159,47,838,-791
107000160,906,143,763
107000161,83,1232,-1149
107000162,209,488,-279
107000163,177,1,176
107000164,548,2,546
107000165,811,3,808
107000166,64,969,-905
107000167,554,279,275
107000168,877,459,418
107000169,739,871,-132
107000170,1857,684,1173
107000171,497,1608,-1111
107000172,796,1206,-410
107000173,596,770,-174
107000174,921,4189,-3268
107000175,5438,1551,3887
107000176,2,0,2
107000177,2,4,-2
107000178,15,40,-25
107000179,269,2076,-1807
107000180,1222,324,898
107000181,356,1090,-734
107000182,1437,845,592
107000183,150,792,-642
107000184,891,699,192
107000185,415,1257,-842
107000186,1041,406,635
107000187,1175,1236,-61
107000188,492,557,-65
107000189,406,1031,-625
107000190,498,674,-176
107000191,593,919,-326
107000192,1536,721,815
107000193,378,460,-82
107000194,800,621,179
107000197,836,261,575
107000198,371,688,-317
107000199,557,653,-96
107000200,550,599,-49
107000201,330,284,46
107000202,273,461,-188
107000203,1135,710,425
107000204,1204,809,395
107000205,2120,892,1228
107000206,817,1160,-343
107000207,682,1015,-333
107000208,964,460,504
107000209,1658,1054,604
107000210,708,308,400
107000211,6,48,-42
107000212,49,310,-261
107000213,5,23,-18
107000214,20,122,-102
107000215,371,247,124
107000216,357,308,49
107000217,137,86,51
107000219,95,151,-56
107000220,160,183,-23
107000222,300,721,-421
107000224,338,74,264
107000225,112,382,-270
107000226,340,74,266
107000227,64,197,-133
107000228,63,210,-147
107000229,113,108,5
107000230,1003,456,547
107000231,1557,1608,-51
107000232,119,43,76
107000233,1434,814,620
107000234,4,40,-36
107000235,70,6,64
107000236,17,394,-377
107000237,28,2,26
107000238,58,2,56
107000239,2669,526,2143
107000240,124,775,-651
107000243,0,37,-37
107000244,9,48,-39
107000246,3,942,-939
107000249,0,880,-880
107000251,0,245,-245
107000252,3,952,-949
107000255,427,101,326
107000257,3,376,-373
107000258,1,136,-135
107000259,15,166,-151
107000260,541,3,538
107000262,7,518,-511
107000263,214,5,209
107000266,7,7,0
107000267,75,113,-38
107000268,102,132,-30
107000269,696,54,642
107000270,0,7,-7
107000271,9,522,-513
107000272,14,131,-117
107000273,1,189,-188
107000274,1421,222,1199
107000275,59,747,-688
107000280,665,31,634
107000281,38,835,-797
107000282,28,765,-737
107000290,7,21,-14
107000291,16,15,1
107000292,1,45,-44
107000293,110,1,109
107000294,1,42,-41
107000295,60,2,58
107000296,0,36,-36
107000444,174,12,162
107000496,4,18,-14
107000497,1489,2075,-586
107000500,275,317,-42
107000501,105,150,-45
107000502,164,258,-94
107000505,366,747,-381
107000506,0,16,-16
107000508,8,480,-472
107000509,239,756,-517
107000510,19,15,4
107000514,47,272,-225
107000515,13,133,-120
107000516,238,301,-63
107000518,912,994,-82
107000519,1561,790,771
107000520,60,25,35
107000521,515,342,173
107000522,811,544,267
107900001,54,155,-101
107900002,33,11,22
107900003,391,8,383
107900004,44,0,44
107900005,1149,5,1144
107900006,122,0,122
107900007,248,46,202
107900008,100,23,77
107900009,137,3,134
107900010,41,1,40
107900012,296,41,255
107900013,225,32,193
107900014,20,9,11
107900015,900,3,897
107900016,298,60,238
107900017,21,3,18
107900018,59,132,-73
107900019,24,44,-20
107900020,49,10,39
107900021,43,100,-57
107900023,0,2,-2
107900024,0,33,-33
107900025,179,210,-31
107900026,78,44,34
107900027,21,41,-20
107900028,69,54,15
107900030,151,33,118
107900031,56,123,-67
107900032,19,6,13
107900033,31,11,20
107900034,322,17,305
107900035,650,43,607
107900036,44,8,36
107900037,0,33,-33
107900038,127,232,-105
107900039,26,41,-15
107900040,73,203,-130
107900041,2,1,1
107900043,32,96,-64
107900044,7,4,3
107900045,109,46,63
107900046,103,175,-72
107900047,42,77,-35
107900048,142,15,127
107900049,296,1256,-960
107900050,151,247,-96
107900051,65,50,15
107900052,18,30,-12
107900053,31,94,-63
107900055,609,216,393
107900056,128,50,78
107900057,2,0,2
107900058,29,474,-445
107900060,37,42,-5
107900061,13,6,7
107900063,90,118,-28
107900064,259,96,163
107900065,165,13,152
107900066,31,2,29
107900067,1,0,1
107900068,129,341,-212
107900069,39,1362,-1323
107900070,83,34,49
107900071,28,597,-569
107900072,79,137,-58
107900073,140,78,62
107900074,778,281,497
107900076,106,59,47
107900077,61,2,59
107900078,164,42,122
107900079,7,22,-15
107900080,326,487,-161
107900081,65,96,-31
107900082,18,12,6
107900083,301,180,121
107900084,104,155,-51
107900086,62,169,-107
107900087,654,189,465
107900088,21,11,10
107900089,213,701,-488
107900090,532,1829,-1297
107900091,235,348,-113
107900092,1501,401,1100
107900093,68,73,-5
107900095,2886,1795,1091
107900097,30,41,-11
107900098,85,209,-124
107900100,866,1086,-220
107900101,891,202,689
107900102,35,5,30
107900103,43,145,-102
107900104,164,6,158
107900105,1,291,-290
107900106,2,883,-881
107900107,895,362,533
107900108,255,123,132
107900109,1010,14,996
107900110,36,78,-42
107900111,3,715,-712
107900112,101,304,-203
107900113,142,78,64
107900114,185,124,61
107900115,3,23,-20
107900116,123,192,-69
107900117,423,285,138
107900118,108,161,-53
107900119,46,226,-180
107900120,32,17,15
107900121,1,81,-80
107900122,5,93,-88
107900123,2,34,-32
107900124,12,16,-4
107900125,29,176,-147
107900126,4,48,-44
107900127,434,258,176
107900128,90,69,21
107900129,33,25,8
107900130,64,11,53
107900131,553,253,300
107900132,126,283,-157
107900133,1,59,-58
107900134,26,77,-51
107900135,6,154,-148
107900136,32,24,8
107900137,96,91,5
107900138,56,58,-2
107900139,26,39,-13
107900141,48,45,3
107900142,60,612,-552
107900143,57,38,19
107900144,0,128,-128
107900145,9,66,-57
107900146,34,116,-82
107900147,36,51,-15
107900148,141,106,35
107900149,761,207,554
107900150,79,510,-431
107900151,38,109,-71
107900152,7,136,-129
107900153,121,233,-112
107900154,53,21,32
107900155,66,35,31
107900156,5,284,-279
107900157,33,63,-30
107900158,716,27,689
107900159,31,770,-739
107900160,102,140,-38
107900161,18,157,-139
107900162,5,79,-74
107900163,63,62,1
107900164,13,36,-23
107900165,12,93,-81
107900166,23,165,-142
107900167,14,17,-3
107900168,23,50,-27
107900169,0,113,-113
107900171,14,1031,-1017
107900172,4,258,-254
107900173,15,148,-133
107900174,110,6,104
107900175,19,44,-25
107900176,13,37,-24
107900177,1,111,-110
107900178,0,133,-133
107900179,16,109,-93
107900180,520,403,117
107900181,456,266,190
107900182,2,960,-958
107900183,45,239,-194
107900184,64,177,-113
107900185,98,3,95
107900186,45,52,-7
107900187,1,86,-85
107900188,512,111,401
107900189,18,94,-76
107900190,82,123,-41
107900191,48,112,-64
107900193,1,28,-27
107900194,168,11,157
107900195,2099,370,1729
107900196,62,85,-23
107900197,746,321,425
107900199,6,718,-712
107900201,75,73,2
107900203,46,65,-19
107900204,185,168,17
107900205,198,390,-192
107900206,956,281,675
107900207,3,543,-540
107900208,6,425,-419
107900209,384,105,279
107900210,81,128,-47
107900213,542,438,104
107900214,23,140,-117
107900215,150,291,-141
107900216,220,81,139
107900217,47,85,-38
107900218,11,1139,-1128
107900219,32,75,-43
107900220,238,231,7
107900221,158,160,-2
107900223,66,406,-340
107900224,108,333,-225
107900225,8,491,-483
107900226,85,91,-6
107900227,130,439,-309
107900228,10,84,-74
107900229,1,211,-210
107900230,16,74,-58
107900231,14,179,-165
107900232,41,73,-32
107900233,12,129,-117
107900234,64,102,-38
107900235,12,88,-76
107900236,95,58,37
107900237,69,375,-306
107900238,20,79,-59
107900239,835,495,340
107900240,21,106,-85
107900241,11,66,-55
107900242,31,224,-193
107900243,3,64,-61
107900244,230,0,230
107900245,544,47,497
107900246,208,13,195
107900248,252,318,-66
107900249,430,22,408
107900250,1,394,-393
107900251,97,1087,-990
107900252,896,18,878
107900253,123,1,122
107900254,59,271,-212
107900255,232,62,170
107900256,1263,789,474
107900257,167,93,74
107900258,95,188,-93
107900259,67,1661,-1594
107900261,0,294,-294
107900262,84,65,19
107900264,207,9,198
107900265,104,104,0
107900267,220,17,203
107900268,15,3,12
107900269,1,4,-3
107900270,0,0,0
107900271,3,37,-34
107900272,157,20,137
107900273,28,113,-85
107900274,53,1,52
107900275,29,0,29
107900276,1,85,-84
107900277,0,170,-170
107900278,278,320,-42
107900279,97,190,-93
107900280,1401,1743,-342
107900281,1230,2124,-894
107900282,52,436,-384
107900283,866,453,413
107900284,505,604,-99
107900285,75,82,-7
107900286,150,95,55
107900287,145,178,-33
107900290,0,98,-98
107900291,406,11,395
107900292,140,195,-55
107900293,70,330,-260
107900295,63,69,-6
107900297,3,270,-267
107900298,718,698,20
107900299,2545,1992,553
107900300,49,276,-227
107900301,443,583,-140
107900302,94,63,31
107900303,157,248,-91
107900304,214,406,-192
107900305,246,10,236
107900306,13,18,-5
107900307,48,224,-176
107900308,186,122,64
107900309,113,0,113
107900310,293,2,291
107900311,7,191,-184
107900312,50,1,49
107900313,0,94,-94
107900314,0,50,-50
107900315,2,62,-60
107900316,31,0,31
107900317,56,2,54
107900318,5,148,-143
107900319,6,159,-153
107900320,0,125,-125
107900321,103,3,100
107900322,1,119,-118
107900323,0,154,-154
107900324,166,0,166
107900325,75,1,74
107900326,313,188,125
107900327,0,67,-67
107900328,132,0,132
107900329,96,83,13
107900330,15,304,-289
107900331,153,40,113
107900332,232,32,200
107900333,51,12,39
107900334,3,146,-143
107900335,63,38,25
107900336,21,72,-51
107900337,910,630,280
107900338,3,113,-110
107900339,1,28,-27
107900340,1,51,-50
107900341,42,2,40
107900342,112,107,5
107900343,36,2,34
107900344,5,43,-38
107900345,92,17,75
107900346,30,1,29
107900347,23,0,23
107900348,5,3,2
107900349,13,7,6
107900350,28,195,-167
107900351,7,165,-158
107900352,4,19,-15
107900353,7,5,2
107900354,36,28,8
108000001,2743,3686,-943
108000002,2140,2430,-290
108000003,3276,3171,105
108000004,11747,14345,-2598
108000005,7058,5756,1302
108000006,7584,7535,49
108000007,4443,3892,551
108000008,4323,6225,-1902
108000009,3122,4006,-884
108000010,2714,4202,-1488
108000011,10754,11159,-405
108000012,16289,15161,1128
108000014,791,620,171
108000015,679,291,388
108000016,247,598,-351
108000017,1014,397,617
108000018,1718,609,1109
108000019,1821,812,1009
108000020,1343,501,842
108000021,390,1545,-1155
108000022,378,1116,-738
108000023,1079,212,867
108000024,260,432,-172
108000025,231,240,-9
108000026,655,420,235
108000027,622,394,228
108000028,425,193,232
108000029,363,504,-141
108000030,537,219,318
108000031,233,545,-312
108000032,1361,637,724
108000033,764,1083,-319
108000034,1460,453,1007
108000035,663,2109,-1446
108000036,310,873,-563
108000037,1508,382,1126
108000038,2104,601,1503
108000039,551,1743,-1192
108000040,1795,882,913
108000041,628,2197,-1569
108000042,209,250,-41
108000043,223,224,-1
108000044,444,182,262
108000045,266,508,-242
108000046,1238,386,852
108000047,429,844,-415
108000048,131,385,-254
108000049,731,235,496
108000050,73,398,-325
108000051,310,132,178
108000052,216,639,-423
108000053,426,186,240
108000054,492,986,-494
108000055,986,532,454
108000056,939,1129,-190
108000057,523,997,-474
108000058,1795,3271,-1476
108000059,3008,1886,1122
108000060,149,389,-240
108000061,133,276,-143
108000062,601,540,61
108000063,429,498,-69
108000064,150,258,-108
108000065,480,503,-23
108000066,1315,734,581
108000067,1524,539,985
108000068,626,366,260
108000069,193,881,-688
108000070,1487,711,776
108000071,509,1355,-846
108000072,1396,1192,204
108000073,1235,1750,-515
108000074,502,430,72
108000075,379,857,-478
108000076,663,591,72
108000077,622,656,-34
108000078,1844,1461,383
108000079,893,1565,-672
108000080,1025,504,521
108000081,637,1599,-962
108000082,960,1715,-755
108000083,1725,939,786
108000084,379,1073,-694
108000085,582,431,151
108000086,738,664,74
108000087,163,1699,-1536
108000088,154,14,140
108000089,349,301,48
108000090,421,208,213
108000091,333,442,-109
108000092,119,88,31
108000093,144,549,-405
108000094,456,103,353
108000095,159,338,-179
108000096,228,115,113
108000097,133,383,-250
108000098,1367,1201,166
108000099,212,77,135
108000100,45,172,-127
108000101,916,1324,-408
108000102,1436,2712,-1276
108000106,976,3,973
108000107,1,618,-617
108000108,689,55,634
108000109,1,613,-612
108000110,185,285,-100
108000111,176,546,-370
108000112,64,163,-99
108000113,424,271,153
108000115,312,258,54
108000117,646,348,298
108000118,91,231,-140
108000119,610,318,292
108000120,153,695,-542
108000121,221,391,-170
108000122,438,306,132
108000123,594,229,365
108000124,302,460,-158
108000125,365,250,115
108000126,122,346,-224
108000127,548,300,248
108000128,588,518,70
108000129,258,1009,-751
108000130,336,195,141
108000131,796,554,242
108000132,2006,1381,625
108000133,727,527,200
108000134,540,549,-9
108000135,972,390,582
108000136,387,918,-531
108000137,416,300,116
108000138,394,863,-469
108000139,454,294,160
108000140,141,16,125
108000141,38,62,-24
108000142,66,70,-4
108000143,55,23,32
108000144,33,13,20
108000145,38,15,23
108000146,46,8,38
108000147,26,35,-9
108000148,54,14,40
108000149,20,11,9
108000150,25,8,17
108000151,16,11,5
108000152,120,401,-281
108000153,473,139,334
108000154,50,5,45
108000155,31,28,3
108000156,269,81,188
108000157,142,776,-634
108000158,75,767,-692
108000159,519,225,294
108000160,2765,1050,1715
108000161,2213,2275,-62
108000165,4,160,-156
108000172,11,267,-256
108000173,1821,1683,138
108000175,468,124,344
108000178,368,340,28
108000179,202,747,-545
108000181,68,29,39
108000182,102,17,85
108000183,34,6,28
108000184,959,1889,-930
108000185,236,456,-220
108000186,199,58,141
108000187,114,455,-341
108000188,566,194,372
108000189,502,1149,-647
108000190,49,107,-58
108000192,151,563,-412
108000193,649,31,618
108000194,34,4,30
108000195,2,897,-895
108000196,173,167,6
108000198,450,303,147
108000199,1,144,-143
108000200,350,383,-33
108000203,114,566,-452
108000204,132,65,67
108000205,271,441,-170
108000339,1195,341,854
108000364,136,272,-136
108000365,68,351,-283
108000367,189,276,-87
108000368,5,50,-45
108000369,967,191,776
108000371,2,484,-482
108000372,562,3,559
108000373,198,128,70
108000376,82,25,57
108000377,392,240,152
108000378,8297,9276,-979
108000379,30,234,-204
108000381,68,7,61
108000382,135,2,133
108000383,0,138,-138
108900001,82,1001,-919
108900002,188,56,132
108900003,329,608,-279
108900004,150,344,-194
108900005,62,366,-304
108900006,717,168,549
108900007,181,192,-11
108900008,84,161,-77
108900009,66,154,-88
108900010,218,193,25
108900011,467,424,43
108900012,252,416,-164
108900013,142,212,-70
108900014,15,134,-119
108900015,0,47,-47
108900016,2,231,-229
108900017,282,392,-110
108900018,122,414,-292
108900019,31,714,-683
108900020,36,183,-147
108900021,93,207,-114
108900022,134,9,125
108900023,10,43,-33
108900024,31,119,-88
108900025,91,102,-11
108900026,15,74,-59
108900027,0,93,-93
108900028,68,286,-218
108900029,73,225,-152
108900030,0,94,-94
108900031,121,329,-208
108900032,6,210,-204
108900033,0,92,-92
108900034,1,204,-203
108900035,380,1163,-783
108900036,193,262,-69
108900037,64,303,-239
108900038,1,277,-276
108900039,2,336,-334
108900040,6,100,-94
108900041,4770,2909,1861
108900042,5,288,-283
108900043,34,369,-335
108900044,1,462,-461
108900045,44,468,-424
108900046,46,625,-579
108900047,0,108,-108
108900048,83,755,-672
108900049,2924,1003,1921
108900050,0,217,-217
108900051,0,167,-167
108900052,28,175,-147
108900053,76,153,-77
108900054,65,172,-107
108900055,57,322,-265
108900056,1,150,-149
108900057,3,143,-140
108900058,26,318,-292
108900059,346,37,309
108900060,75,143,-68
108900061,85,36,49
108900062,8,198,-190
108900063,6,201,-195
108900064,144,39,105
108900065,17,176,-159
108900066,328,114,214
108900067,17,154,-137
108900068,6,115,-109
108900069,54,62,-8
108900070,33,91,-58
108900071,68,81,-13
108900072,1711,584,1127
108900073,36,313,-277
108900074,191,302,-111
108900075,51,41,10
108900076,245,74,171
108900077,147,426,-279
108900078,17,129,-112
108900079,874,182,692
108900080,27,752,-725
108900081,70,201,-131
108900082,72,97,-25
108900083,30,251,-221
108900084,354,122,232
108900085,1933,121,1812
108900086,112,251,-139
108900087,127,151,-24
108900088,933,389,544
108900089,28,141,-113
108900090,29,250,-221
108900091,113,91,22
108900092,489,354,135
108900093,89,135,-46
108900094,221,63,158
108900095,36,298,-262
108900096,323,14,309
108900097,231,217,14
108900098,1782,532,1250
108900099,402,204,198
108900100,156,119,37
108900101,218,137,81
108900102,93,788,-695
108900103,86,115,-29
108900104,136,295,-159
108900105,4,1104,-1100
108900106,461,313,148
108900108,451,35,416
108900109,297,66,231
108900110,206,384,-178
108900111,456,523,-67
108900112,240,39,201
108900113,25,58,-33
108900114,62,9,53
108900115,60,78,-18
108900116,67,13,54
108900117,148,20,128
108900118,464,21,443
108900119,207,29,178
108900120,196,147,49
108900121,253,89,164
108900122,93,17,76
108900123,134,122,12
108900124,436,213,223
108900125,376,6,370
108900126,95,19,76
108900127,138,13,125
108900128,109,36,73
108900129,651,149,502
108900130,276,0,276
108900131,381,4,377
108900132,438,57,381
108900133,179,65,114
108900134,310,216,94
108900135,142,4,138
108900136,34,0,34
108900137,139,3,136
108900138,608,31,577
108900139,387,75,312
108900140,249,212,37
108900141,288,13,275
108900142,59,7,52
108900143,46,0,46
108900144,63,0,63
108900145,142,3,139
108900146,54,1,53
108900147,202,1,201
108900148,86,38,48
108900149,545,293,252
108900150,242,5,237
108900151,342,5,337
108900152,168,17,151
108900153,152,297,-145
108900154,3888,507,3381
108900155,259,80,179
108900156,91,9,82
108900157,24,373,-349
108900158,296,32,264
108900159,6,265,-259
108900160,24,235,-211
108900161,8,321,-313
108900162,76,0,76
108900163,22,246,-224
108900164,40,80,-40
108900165,180,84,96
108900167,1427,5115,-3688
108900168,6951,2306,4645
108900169,38,90,-52
108900171,6259,2389,3870
108900172,174,39,135
108900173,142,336,-194
108900174,698,591,107
108900176,114,464,-350
108900177,4553,3997,556
108900178,3380,2884,496
108900179,505,1521,-1016
108900180,79,261,-182
108900182,44,268,-224
108900183,199,240,-41
108900184,296,168,128
108900185,106,343,-237
108900186,59,389,-330
108900187,364,48,316
108900188,456,52,404
108900189,528,186,342
108900190,45,2531,-2486
108900191,173,37,136
108900192,63,224,-161
108900193,150,39,111
108900194,20,291,-271
108900195,103,247,-144
108900196,58,271,-213
108900198,12,383,-371
108900199,245,355,-110
108900200,723,302,421
108900201,504,1435,-931
108900203,384,91,293
108900204,324,5,319
108900205,154,29,125
108900206,309,52,257
108900207,164,74,90
108900208,16,267,-251
108900209,206,435,-229
108900210,174,177,-3
108900211,168,464,-296
108900212,595,1315,-720
108900215,84,310,-226
108900216,368,122,246
108900217,131,0,131
108900218,152,110,42
108900219,77,12,65
108900220,60,19,41
108900221,48,75,-27
108900222,213,16,197
108900223,12,110,-98
108900224,47,184,-137
108900225,1,122,-121
108900226,16,2,14
108900227,91,244,-153
108900230,226,235,-9
108900231,28,158,-130
108900232,1,235,-234
108900233,282,92,190
108900234,343,148,195
108900235,169,522,-353
108900236,28,243,-215
108900237,87,178,-91
108900240,196,80,116
108900241,48,44,4
108900245,8,1228,-1220
108900249,132,30,102
108900250,196,111,85
108900257,183,423,-240
108900258,16,190,-174
108900259,105,71,34
108900260,6,70,-64
108900261,103,130,-27
108900262,131,139,-8
108900263,45,137,-92
108900264,566,284,282
108900265,710,341,369
108900266,747,480,267
108900267,10,95,-85
108900268,25,3,22
108900269,87,32,55
108900270,62,13,49
108900271,30,16,14
108900272,196,11,185
108900273,913,666,247
108900274,57,48,9
109000001,2616,1262,1354
109000002,1551,1356,195
109000003,2239,420,1819
109000004,495,1955,-1460
109000005,2234,584,1650
109000006,683,1852,-1169
109000007,1316,599,717
109000008,473,1600,-1127
109000009,3418,1292,2126
109000010,1398,3438,-2040
109000011,2914,2089,825
109000012,1734,3164,-1430
109000013,3125,2636,489
109000014,1798,2851,-1053
109000015,3384,6088,-2704
109000016,5859,3594,2265
109000017,2059,1121,938
109000018,894,2565,-1671
109000019,2533,1260,1273
109000020,993,1902,-909
109000023,259,35,224
109000024,7,150,-143
109000025,296,381,-85
109000026,618,339,279
109000027,76,275,-199
109000028,161,60,101
109000029,82,161,-79
109000030,52,428,-376
109000031,162,163,-1
109000032,123,368,-245
109000033,311,168,143
109000034,80,43,37
109000035,22,85,-63
109000036,133,311,-178
109000037,257,1006,-749
109000038,540,369,171
109000039,809,593,216
109000040,3737,6508,-2771
109000041,2992,1541,1451
109000042,561,1085,-524
109000044,332,77,255
109000045,90,336,-246
109000046,375,103,272
109000047,89,415,-326
109000048,820,249,571
109000049,264,578,-314
109000050,305,240,65
109000051,249,237,12
109000052,529,873,-344
109000053,222,70,152
109000054,150,410,-260
109000055,163,324,-161
109000056,426,405,21
109000057,559,388,171
109000058,1013,273,740
109000059,780,1168,-388
109000060,356,243,113
109000061,860,989,-129
109000062,139,335,-196
109000063,200,154,46
109000064,230,187,43
109000065,96,178,-82
109000066,357,78,279
109000067,48,284,-236
109000068,2092,8,2084
109000069,852,19,833
109000070,5,961,-956
109000071,385,59,326
109000072,104,341,-237
109000073,44,75,-31
109000074,26,192,-166
109000075,97,341,-244
109000076,97,205,-108
109000077,334,290,44
109000078,71,185,-114
109000079,119,215,-96
109000080,202,109,93
109000081,122,461,-339
109000082,568,190,378
109000083,221,596,-375
109000088,100,462,-362
109000089,286,56,230
109000090,154,383,-229
109000091,294,208,86
109000092,308,467,-159
109000093,210,230,-20
109000094,391,3,388
109000095,99,396,-297
109000096,546,256,290
109000097,96,147,-51
109000098,37,146,-109
109000099,1037,258,779
109000100,203,515,-312
109000101,1451,662,789
109000102,327,760,-433
109000103,351,543,-192
109000104,1516,582,934
109000105,463,1101,-638
109000106,1851,755,1096
109000107,615,1927,-1312
109000108,1650,528,1122
109000109,438,1828,-1390
109000110,1099,486,613
109000111,794,1927,-1133
109000112,375,100,275
109000113,467,196,271
109000114,187,353,-166
109000115,1148,53,1095
109000116,2,263,-261
109000117,214,74,140
109000118,12,290,-278
109000119,1084,247,837
109000120,187,798,-611
109000121,398,51,347
109000122,122,675,-553
109000123,39,55,-16
109000124,588,376,212
109000125,736,338,398
109000126,414,759,-345
109000127,736,223,513
109000128,439,1283,-844
109000129,1789,804,985
109000130,678,1768,-1090
109000131,781,553,228
109000132,779,1661,-882
109000133,461,933,-472
109000134,748,1260,-512
109000135,1070,1444,-374
109000136,333,285,48
109000137,272,355,-83
109000138,449,248,201
109000139,440,406,34
109000140,164,360,-196
109000141,367,416,-49
109000142,137,418,-281
109000143,113,65,48
109000145,118,259,-141
109000146,63,113,-50
109000148,3321,1805,1516
109000149,13,61,-48
109000150,104,280,-176
109000155,693,502,191
109000156,1008,693,315
109000158,100,236,-136
109000159,90,453,-363
109000160,758,205,553
109000161,231,1016,-785
109000162,1639,756,883
109000163,934,1706,-772
109000164,1141,2417,-1276
109000165,1078,506,572
109000166,550,116,434
109000167,126,525,-399
109000170,50,48,2
109000171,56,40,16
109000172,55,80,-25
109000173,50,87,-37
109000174,62,67,-5
109000175,45,103,-58
109000176,262,223,39
109000177,45,118,-73
109000178,836,377,459
109000179,4259,4293,-34
109000180,4646,3255,1391
109000181,21,32,-11
109000182,34,17,17
109000183,42,32,10
109000184,53,25,28
109000185,6,72,-66
109000188,652,1647,-995
109000189,2543,940,1603
109000190,538,372,166
109000191,299,448,-149
109000192,262,187,75
109000193,148,254,-106
109000194,293,96,197
109000195,120,319,-199
109000196,298,110,188
109000197,162,356,-194
109000198,292,66,226
109000199,126,445,-319
109000206,197,29,168
109000207,85,39,46
109000208,76,57,19
109000209,160,129,31
109000210,203,501,-298
109000211,467,447,20
109000214,387,354,33
109000215,170,62,108
109000216,215,264,-49
109000217,243,105,138
109000218,308,165,143
109000221,527,1037,-510
109000222,850,275,575
109000223,302,271,31
109000224,51,157,-106
109000225,57,44,13
109000226,49,199,-150
109000227,882,982,-100
109000228,1,773,-772
109000231,4,263,-259
109000232,319,310,9
109000236,250,696,-446
109000241,1950,2060,-110
109000242,1784,1316,468
109000293,22,61,-39
109000361,104,249,-145
109000364,239,443,-204
109000396,5,471,-466
109000397,430,6,424
109000399,138,400,-262
109000400,69,205,-136
109000403,108,740,-632
109000406,388,25,363
109000407,248,208,40
109000408,1,411,-410
109000410,1111,338,773
109000411,209,26,183
109900001,77,1,76
109900002,775,12,763
109900003,256,2,254
109900004,855,120,735
109900005,30,5,25
109900006,345,199,146
109900007,663,397,266
109900008,0,36,-36
109900009,90,453,-363
109900010,486,21,465
109900011,93,59,34
109900012,266,218,48
109900013,373,202,171
109900014,410,71,339
109900015,443,225,218
109900016,183,19,164
109900017,165,201,-36
109900018,239,65,174
109900019,234,47,187
109900020,30,44,-14
109900021,35,19,16
109900022,99,197,-98
109900023,18,4,14
109900024,37,6,31
109900025,14,60,-46
109900026,4,126,-122
109900027,50,34,16
109900028,1218,755,463
109900029,1,255,-254
109900030,46,6,40
109900031,0,66,-66
109900032,9,253,-244
109900033,3,397,-394
109900034,22,1,21
109900035,10,10,0
109900036,9,64,-55
109900037,23,454,-431
109900038,61,214,-153
109900039,18,0,18
109900040,23,488,-465
109900041,53,336,-283
109900042,28,376,-348
109900044,93,176,-83
109900045,160,52,108
109900046,34,71,-37
109900047,340,320,20
109900048,2,82,-80
109900049,12,31,-19
109900050,1,124,-123
109900051,2,64,-62
109900052,125,296,-171
109900053,2,235,-233
109900054,510,211,299
109900055,43,321,-278
109900056,6,159,-153
109900057,10,157,-147
109900058,0,69,-69
109900059,536,112,424
109900060,371,113,258
109900061,43,245,-202
109900062,1,141,-140
109900063,3,381,-378
109900064,433,229,204
109900065,76,128,-52
109900066,268,795,-527
109900067,1,183,-182
109900068,65,6,59
109900069,3,39,-36
109900070,40,288,-248
109900071,2,33,-31
109900072,29,119,-90
109900073,339,440,-101
109900074,12,41,-29
109900075,28,28,0
109900076,11,154,-143
109900077,26,53,-27
109900078,88,179,-91
109900080,133,292,-159
109900081,37,225,-188
109900082,58,345,-287
109900083,26,49,-23
109900084,65,113,-48
109900085,213,613,-400
109900086,129,340,-211
109900087,327,521,-194
109900089,651,235,416
109900090,495,954,-459
109900091,226,68,158
109900092,409,10,399
109900093,763,170,593
109900094,66,91,-25
109900095,203,172,31
109900096,22,3,19
109900097,71,2,69
109900098,320,39,281
109900099,189,2,187
109900100,39,0,39
109900101,351,10,341
109900102,515,23,492
109900103,24,35,-11
109900104,491,690,-199
109900105,449,49,400
109900106,267,59,208
109900107,400,69,331
109900108,87,289,-202
109900109,34,146,-112
109900110,82,306,-224
109900111,302,666,-364
109900112,297,536,-239
109900113,617,481,136
109900114,1254,716,538
109900115,147,88,59
109900117,894,151,743
109900118,231,430,-199
109900119,594,297,297
109900120,74,28,46
109900121,425,504,-79
109900122,396,10,386
109900123,17,113,-96
109900124,32,460,-428
109900125,1,127,-126
109900126,286,104,182
109900128,218,46,172
109900130,5649,2171,3478
109900131,52,130,-78
109900132,24,140,-116
109900133,83,266,-183
109900134,104,83,21
109900135,389,98,291
109900136,65,165,-100
109900137,147,258,-111
109900140,214,144,70
109900142,1033,291,742
109900145,6,443,-437
109900146,453,37,416
109900148,47,89,-42
109900149,29,76,-47
109900150,11,102,-91
109900151,5,49,-44
109900152,1,28,-27
109900153,2,48,-46
109900154,54,1,53
109900155,52,27,25
109900157,59,183,-124
109900158,61,118,-57
109900159,163,33,130
109900160,170,54,116
109900161,215,69,146
109900162,215,133,82
109900163,622,292,330
109900164,36,140,-104
109900165,255,5,250
109900166,5,98,-93
109900167,143,471,-328
109900168,228,613,-385
109900169,169,173,-4
109900170,244,594,-350
109900171,156,90,66
109900172,174,219,-45
109900173,2460,2129,331
109900174,41,103,-62
109900175,44,78,-34
109900176,75,150,-75
109900177,40,182,-142
109900178,29,120,-91
109900179,107,7,100
109900180,3,20,-17
110000001,844,492,352
110000002,483,777,-294
110000003,837,649,188
110000004,606,630,-24
110000005,436,1464,-1028
110000006,240,337,-97
110000007,112,108,4
110000008,13,48,-35
110000009,60,26,34
110000010,34,76,-42
110000011,64,64,0
110000012,499,353,146
110000013,42,433,-391
110000014,551,418,133
110000015,202,539,-337
110000016,231,1305,-1074
110000017,2355,224,2131
110000018,2000,355,1645
110000019,11,86,-75
110000020,326,228,98
110000021,389,420,-31
110000022,876,243,633
110000023,4,114,-110
110000024,677,323,354
110000025,379,4,375
110000026,5,242,-237
110000027,1051,621,430
110000028,841,680,161
110000029,545,612,-67
110000030,243,351,-108
110000031,219,435,-216
110000032,660,505,155
110000033,401,67,334
110000034,462,613,-151
110000035,776,425,351
110000036,831,579,252
110000037,227,401,-174
110000038,225,598,-373
110000039,567,2309,-1742
110000040,254,308,-54
110000041,273,1127,-854
110000042,84,256,-172
110000043,609,250,359
110000044,134,163,-29
110000045,734,71,663
110000046,7,14,-7
110000047,42,32,10
110000048,7,16,-9
110000049,39,8,31
110000050,4,110,-106
110000051,19,5,14
110000052,36,24,12
110000053,255,137,118
110000054,161,184,-23
110000055,429,88,341
110000056,249,69,180
110000057,389,494,-105
110000058,1079,449,630
110000059,956,463,493
110000060,658,953,-295
110000061,870,717,153
110000062,710,978,-268
110000063,30,95,-65
110000064,130,53,77
110000065,57,80,-23
110000066,53,48,5
110000067,93,160,-67
110000068,301,154,147
110000069,174,88,86
110000071,118,129,-11
110000073,4,26,-22
110000075,14,77,-63
110000076,234,359,-125
110000077,340,1169,-829
110000078,29,48,-19
110000080,264,669,-405
110000081,37,261,-224
110000082,65,366,-301
110000083,231,633,-402
110000084,1011,806,205
110000085,1858,1620,238
110000086,1353,2267,-914
110000087,13,69,-56
110000088,68,242,-174
110000089,238,107,131
110000090,164,225,-61
110000091,1059,280,779
110000092,21,70,-49
110000093,70,26,44
110000094,440,221,219
110000095,145,485,-340
110000096,1979,1828,151
110000097,1019,1046,-27
110000098,1896,607,1289
110000099,776,1367,-591
110000100,761,375,386
110000101,32,329,-297
110000102,63,22,41
110000104,340,146,194
110000105,52,265,-213
110000106,542,390,152
110000107,258,336,-78
110000108,102,88,14
110000109,284,271,13
110000110,2951,4781,-1830
110000111,4976,2570,2406
110000112,1328,1260,68
110000113,409,1945,-1536
110000114,154,593,-439
110000115,264,348,-84
110000116,37,27,10
110000117,146,263,-117
110000118,341,122,219
110000119,183,226,-43
110000120,294,126,168
110000121,87,265,-178
110000122,359,527,-168
110000123,545,681,-136
110000124,2,837,-835
110000125,861,27,834
110000126,256,23,233
110000127,1134,68,1066
110000128,41,1199,-1158
110000129,4,440,-436
110000130,267,151,116
110000131,96,324,-228
110000132,1,607,-606
110000133,25,395,-370
110000134,24,318,-294
110000135,176,42,134
110000136,52,232,-180
110000137,417,526,-109
110000138,667,617,50
110000139,686,1000,-314
110000140,926,621,305
110000143,564,324,240
110000144,5292,1909,3383
110000145,2073,992,1081
110000146,2110,864,1246
110000147,312,489,-177
110000148,398,256,142
110000151,1047,1063,-16
110000152,868,351,517
110000153,76,40,36
110000154,38,34,4
110000155,2098,4408,-2310
110000156,985,2429,-1444
110000157,2132,2060,72
110000160,319,224,95
110000161,158,249,-91
110000166,432,101,331
110000167,757,522,235
110000168,901,478,423
110000169,835,386,449
110000170,83,84,-1
110000171,637,177,460
110000172,107,718,-611
110000173,1025,1051,-26
110000174,159,727,-568
110000175,514,57,457
110000176,143,230,-87
110000177,133,761,-628
110000178,412,1166,-754
110000179,1042,391,651
110000180,166,226,-60
110000181,333,476,-143
110000182,372,121,251
110000183,7253,5464,1789
110000184,375,1766,-1391
110000185,773,566,207
110000186,744,698,46
110000191,886,284,602
110000192,462,11,451
110000193,997,9,988
110000194,22,958,-936
110000195,439,315,124
110000196,340,300,40
110000197,113,180,-67
110000198,174,68,106
110000199,91,135,-44
110000200,1197,522,675
110000201,803,931,-128
110000202,1137,543,594
110000203,649,724,-75
110000204,3,212,-209
110000205,100,43,57
110000206,690,1297,-607
110000207,837,328,509
110000208,173,195,-22
110000209,142,805,-663
110000210,880,455,425
110000211,746,572,174
110000212,363,882,-519
110000213,175,71,104
110000214,242,108,134
110000215,172,326,-154
110000216,108,302,-194
110000217,230,121,109
110000218,143,294,-151
110000219,287,63,224
110000220,51,226,-175
110000221,209,73,136
110000222,76,169,-93
110000223,3,112,-109
110000224,77,9,68
110000225,228,590,-362
110000226,192,72,120
110000227,524,576,-52
110000228,266,131,135
110000229,1,218,-217
110000230,495,561,-66
110000231,156,178,-22
110000232,166,181,-15
110000233,143,210,-67
110000234,570,606,-36
110000235,832,1080,-248
110000236,541,723,-182
110000237,1820,1090,730
110000238,1218,1339,-121
110000239,1699,1113,586
110000240,0,65,-65
110000242,0,12,-12
110000243,90,151,-61
110000244,125,316,-191
110000245,37,354,-317
110000246,736,468,268
110000247,1259,4381,-3122
110000248,1949,1409,540
110000249,82,7,75
110000250,32,190,-158
110000251,251,556,-305
110000252,190,179,11
110000253,1261,595,666
110000254,636,1127,-491
110000255,206,825,-619
110000256,450,275,175
110000257,697,384,313
110000258,8,292,-284
110000259,96,31,65
110000260,16,182,-166
110000263,551,135,416
110000264,282,407,-125
110000265,908,1466,-558
110000266,1870,2668,-798
110000267,34,204,-170
110000268,335,417,-82
110000269,8,80,-72
110000270,77,7,70
110000271,1309,241,1068
110000272,1248,908,340
110000273,3452,1370,2082
110000274,150,1162,-1012
110000275,1620,426,1194
110000276,262,304,-42
110000277,330,323,7
110000278,270,632,-362
110000279,808,707,101
110000280,389,393,-4
110000281,36,303,-267
110000282,314,40,274
110000283,50,110,-60
110000284,64,58,6
110000285,1,459,-458
110000286,29,3,26
110000287,56,2,54
110000288,4,87,-83
110000289,406,1447,-1041
110000290,806,536,270
110000291,3809,1190,2619
110000292,1292,3560,-2268
110000293,603,521,82
110000294,749,920,-171
110000295,119,702,-583
110000296,326,269,57
110000297,2250,308,1942
110000298,244,542,-298
110000299,253,75,178
110000301,205,10,195
110000302,378,793,-415
110000303,272,7,265
110000304,145,254,-109
110000305,937,15,922
110000306,147,1001,-854
110000307,1620,5,1615
110000308,463,6,457
110000309,5,600,-595
110000310,658,71,587
110000311,15,568,-553
110000312,465,128,337
110000313,2496,3305,-809
110000314,2,276,-274
110000315,3264,2273,991
110000316,493,1119,-626
110000317,441,342,99
110000318,3,61,-58
110000319,14,24,-10
110000320,65,37,28
110000321,15,42,-27
110000322,289,287,2
110000323,328,165,163
110000324,2677,1448,1229
110000325,2384,2294,90
110000327,570,243,327
110000328,183,360,-177
110000333,650,557,93
110000334,819,1177,-358
110000335,738,565,173
110000336,616,967,-351
110000337,1026,517,509
110000338,436,192,244
110000339,285,244,41
110000340,59,163,-104
110000341,413,441,-28
110000342,396,4,392
110000343,0,20,-20
110000344,66,116,-50
110000345,98,103,-5
110000346,2245,1778,467
110000347,1147,754,393
110000348,44,18,26
110000349,20,11,9
110000350,49,16,33
110000351,811,652,159
110000352,585,1229,-644
110000353,2037,650,1387
110000354,1059,2324,-1265
110000355,96,69,27
110000356,582,8,574
110000357,276,15,261
110000361,20,51,-31
110000362,90,67,23
110000363,341,101,240
110000364,106,289,-183
110000365,148,10,138
110000366,2,96,-94
110000367,349,184,165
110000368,2,47,-45
110000369,38,5,33
110000373,5,288,-283
110000374,166,8,158
110000375,162,705,-543
110000376,25,79,-54
110000377,83,404,-321
110000378,29,268,-239
110000379,2431,1435,996
110000380,84,11,73
110000383,0,853,-853
110000384,1763,781,982
110000385,0,211,-211
110000387,60,16,44
110000388,45,160,-115
110000389,728,18,710
110000391,511,297,214
110000396,160,133,27
110000397,125,146,-21
110000398,6,26,-20
110000399,133,0,133
110000587,92,64,28
110000589,201,159,42
110000640,137,56,81
110000652,56,288,-232
110000653,272,346,-74
110000654,76,117,-41
110000656,2,594,-592
110000674,34,13,21
110000675,14,4,10
110000676,1,19,-18
110000679,341,1030,-689
110000682,97,152,-55
110000683,304,523,-219
110000684,9,37,-28
110000685,20,13,7
110000686,3,37,-34
110000687,32,4,28
110000688,58,666,-608
110000689,46,32,14
110000692,49,121,-72
110000693,88,231,-143
110000694,0,139,-139
110000695,208,558,-350
110000696,83,49,34
110900001,265,13,252
110900002,216,150,66
110900003,555,551,4
110900004,375,158,217
110900005,2105,1687,418
110900006,37,13,24
110900007,95,18,77
110900008,13,48,-35
110900009,396,85,311
110900010,7,69,-62
110900011,18,73,-55
110900012,6,68,-62
110900013,827,134,693
110900014,176,8,168
110900015,467,624,-157
110900016,28,102,-74
110900017,368,40,328
110900018,368,47,321
110900019,174,17,157
110900020,56,230,-174
110900021,64,548,-484
110900022,68,275,-207
110900023,69,350,-281
110900024,13,400,-387
110900025,1,48,-47
110900027,35,209,-174
110900028,44,104,-60
110900029,27,271,-244
110900030,32,210,-178
110900031,1,109,-108
110900032,0,60,-60
110900033,54,161,-107
110900035,12,431,-419
110900036,85,20,65
110900037,50,13,37
110900038,849,251,598
110900039,20,226,-206
110900040,205,49,156
110900041,5,74,-69
110900042,112,72,40
110900043,1,100,-99
110900044,264,11,253
110900045,42,440,-398
110900046,35,223,-188
110900047,502,214,288
110900049,51,57,-6
110900050,23,6,17
110900051,35,209,-174
110900052,3,118,-115
110900053,97,26,71
110900054,30,168,-138
110900055,47,5,42
110900056,72,110,-38
110900057,4,118,-114
110900058,189,172,17
110900059,530,468,62
110900060,435,127,308
110900061,25,50,-25
110900062,148,213,-65
110900063,55,100,-45
110900064,5,1,4
110900065,333,140,193
110900066,8,56,-48
110900067,277,529,-252
110900068,232,252,-20
110900069,9,22,-13
110900070,106,63,43
110900071,252,422,-170
110900073,0,21,-21
110900074,322,71,251
110900075,371,71,300
110900077,653,576,77
110900078,32,42,-10
110900079,1873,1499,374
110900080,135,81,54
110900081,5,39,-34
110900082,129,92,37
110900083,114,49,65
110900084,39,61,-22
110900085,42,210,-168
110900086,61,322,-261
110900087,327,89,238
110900088,13,0,13
110900090,54,26,28
110900091,0,46,-46
110900093,195,85,110
110900095,42,55,-13
110900097,4,10,-6
110900098,29,76,-47
110900099,75,329,-254
110900100,0,21,-21
110900102,75,20,55
110900105,483,218,265
110900108,6,66,-60
110900111,445,106,339
110900112,847,8,839
110900113,502,49,453
110900115,4,49,-45
110900116,665,1559,-894
110900118,86,2120,-2034
110900119,3238,341,2897
110900120,4,51,-47
110900121,134,2,132
110900122,374,188,186
110900125,406,398,8
110900127,653,1371,-718
110900128,258,276,-18
110900129,430,831,-401
110900130,1022,608,414
110900131,180,51,129
110900132,249,63,186
110900133,99,177,-78
110900135,70,276,-206
110900136,272,12,260
110900137,46,4,42
110900138,906,218,688
110900139,7,52,-45
110900140,44,5,39
110900141,25,93,-68
110900142,75,198,-123
110900143,113,72,41
110900144,2,639,-637
110900145,182,27,155
110900146,335,126,209
110900147,138,286,-148
110900148,4,301,-297
110900149,1,92,-91
110900150,50,36,14
110900151,5,65,-60
110900152,44,213,-169
110900153,146,60,86
111000001,461,480,-19
111000002,762,567,195
111000003,984,666,318
111000004,491,907,-416
111000005,1035,1147,-112
111000006,879,1513,-634
111000007,3801,2777,1024
111000008,2048,3013,-965
111000009,324,661,-337
111000010,708,214,494
111000011,392,889,-497
111000012,621,378,243
111000013,363,896,-533
111000014,1500,448,1052
111000017,124,888,-764
111000018,254,373,-119
111000020,846,2261,-1415
111000021,45,83,-38
111000023,84,86,-2
111000025,3749,3173,576
111000029,120,135,-15
111000030,36,162,-126
111000031,1687,1189,498
111000032,459,303,156
111000033,252,258,-6
111000034,201,175,26
111000037,1617,1102,515
111000038,3861,2394,1467
111000039,1983,2070,-87
111000040,1981,2293,-312
111000041,1745,1679,66
111000042,3017,2318,699
111000043,1625,2659,-1034
111000044,1531,1098,433
111000045,1894,2066,-172
111000046,1402,1673,-271
111000047,2043,3507,-1464
111000049,403,410,-7
111000050,1328,1282,46
111000051,506,1146,-640
111000052,618,1654,-1036
111000053,359,939,-580
111000054,289,776,-487
111000055,975,1571,-596
111000056,106,476,-370
111000057,81,515,-434
111000058,345,64,281
111000059,402,199,203
111000060,2988,841,2147
111000061,449,359,90
111000062,671,240,431
111000063,1758,839,919
111000064,561,531,30
111000065,949,837,112
111000066,378,386,-8
111000067,464,598,-134
111000068,595,991,-396
111000069,1672,1928,-256
111000070,1360,1008,352
111000071,236,598,-362
111000072,1018,427,591
111000073,292,741,-449
111000074,1373,1647,-274
111000075,1036,597,439
111000076,408,535,-127
111000077,1667,1729,-62
111000078,2746,1661,1085
111000079,1362,733,629
111000080,457,606,-149
111000081,1472,3465,-1993
111000082,576,662,-86
111000084,593,500,93
111000085,951,1330,-379
111000086,2335,1234,1101
111000087,662,730,-68
111000088,4187,2048,2139
111000089,725,760,-35
111000090,818,1294,-476
111000091,751,469,282
111000092,1128,831,297
111000093,593,893,-300
111000094,1577,1002,575
111000095,573,1931,-1358
111000096,1721,6689,-4968
111000097,4186,1654,2532
111000098,919,1262,-343
111000099,532,1632,-1100
111000100,283,1403,-1120
111000101,364,710,-346
111000102,242,472,-230
111000104,584,160,424
111000107,117,583,-466
111000109,531,212,319
111000110,1177,559,618
111000111,1915,519,1396
111000112,1404,608,796
111000113,952,1373,-421
111000114,2078,3038,-960
111000115,5092,1332,3760
111000116,949,906,43
111000117,442,827,-385
111000118,1391,819,572
111000119,889,1020,-131
111000120,361,599,-238
111000121,238,603,-365
111000122,541,1045,-504
111000123,1008,2674,-1666
111000124,442,2393,-1951
111000125,214,1223,-1009
111000126,99,788,-689
111000127,799,139,660
111000128,1470,290,1180
111000129,2353,435,1918
111000130,1866,593,1273
111000131,1284,541,743
111000132,1198,629,569
111000133,192,153,39
111000134,128,117,11
111000135,28,133,-105
111000136,322,329,-7
111000138,6,7,-1
111000140,0,13,-13
111000141,186,268,-82
111000142,18,98,-80
111000143,5,108,-103
111000144,29,264,-235
111000145,1468,15,1453
111000146,169,15,154
111000147,300,21,279
111000148,145,54,91
111000149,1,30,-29
111000150,28,5,23
111000151,1,17,-16
111000153,617,673,-56
111000154,729,207,522
111000155,87,163,-76
111000156,386,561,-175
111000157,262,944,-682
111000158,770,612,158
111000159,2052,663,1389
111000160,360,245,115
111000161,14,251,-237
111000162,129,134,-5
111000163,713,779,-66
111000164,649,3431,-2782
111000165,1047,525,522
111000166,1914,431,1483
111000167,169,435,-266
111000168,192,430,-238
111000169,330,581,-251
111000170,501,357,144
111000171,451,544,-93
111000172,194,392,-198
111000173,365,816,-451
111000174,186,293,-107
111000175,33,265,-232
111000176,313,125,188
111000177,262,203,59
111000178,1091,334,757
111000179,151,185,-34
111000180,214,369,-155
111000181,803,220,583
111000182,166,177,-11
111000183,431,314,117
111000184,345,251,94
111000185,314,400,-86
111000186,280,261,19
111000187,128,191,-63
111000188,186,336,-150
111000189,973,505,468
111000190,167,284,-117
111000191,163,349,-186
111000192,214,551,-337
111000193,239,255,-16
111000194,55,253,-198
111000195,128,271,-143
111000196,58,192,-134
111000197,308,163,145
111000198,459,103,356
111000199,172,117,55
111000200,372,271,101
111000201,584,219,365
111000202,244,180,64
111000203,297,212,85
111000204,404,970,-566
111000213,199,459,-260
111000214,1423,1326,97
111000215,955,1388,-433
111000217,1382,979,403
111000218,1073,1111,-38
111000219,362,169,193
111000220,1491,526,965
111000221,818,108,710
111000224,43,322,-279
111000225,342,218,124
111000226,118,2,116
111000227,22,4,18
111000228,23,309,-286
111000229,44,632,-588
111000230,285,337,-52
111000231,950,707,243
111000232,460,777,-317
111000233,785,735,50
111000234,101,330,-229
111000239,139,105,34
111000240,33,161,-128
111000241,28,248,-220
111000242,168,63,105
111000243,70,529,-459
111000244,395,71,324
111000245,975,415,560
111000246,426,364,62
111000247,243,720,-477
111000248,551,488,63
111000249,462,634,-172
111000250,30,73,-43
111000251,56,75,-19
111000253,12,8,4
111000255,27,17,10
111000257,30,18,12
111000260,85,885,-800
111000261,1096,100,996
111000271,35,240,-205
111000273,3257,1371,1886
111000274,1057,1970,-913
111000275,117,59,58
111000276,232,1759,-1527
111000277,155,373,-218
111000278,602,246,356
111000291,581,4444,-3863
111000298,495,201,294
111000299,558,154,404
111000300,101,517,-416
111000302,220,57,163
111000303,80,218,-138
111000312,47,56,-9
111000315,10,129,-119
111000320,321,691,-370
111000321,367,113,254
111000322,322,435,-113
111000323,196,28,168
111000324,355,276,79
111000325,54,77,-23
111000326,197,340,-143
111000327,351,417,-66
111000328,245,480,-235
111000329,2,24,-22
111000330,53,3,50
111000331,20,4,16
111000332,411,1215,-804
111000334,317,1183,-866
111000335,769,251,518
111000337,963,342,621
111000338,104,117,-13
111000339,606,348,258
111000340,152,445,-293
111000341,1001,578,423
111000342,240,757,-517
111000344,918,722,196
111000345,219,58,161
111000346,14,119,-105
111000347,111,35,76
111000350,168,82,86
111000351,149,304,-155
111000352,205,67,138
111000353,101,211,-110
111000354,536,84,452
111000355,554,461,93
111000358,160,1002,-842
111000360,167,572,-405
111000361,96,225,-129
111000546,629,522,107
111000547,358,462,-104
111000548,140,271,-131
111000549,267,280,-13
111000550,125,809,-684
111000551,790,180,610
111000552,1905,138,1767
111000907,472,8,464
111000908,26,0,26
111000916,1383,281,1102
111000917,51,372,-321
111000918,202,675,-473
111000920,451,21,430
111000921,9,190,-181
111000922,536,283,253
111000924,37,612,-575
111000925,2065,1690,375
111000926,808,1505,-697
111000927,2504,3687,-1183
111000928,3740,3393,347
111000929,911,963,-52
111000930,661,2267,-1606
111000931,1662,2318,-656
111000932,3547,2131,1416
111000933,2990,1984,1006
111000934,1777,3106,-1329
111000935,1098,967,131
111000936,1023,1856,-833
111000937,747,1248,-501
111000938,1358,1402,-44
111000939,452,39,413
111000940,368,145,223
111000941,275,356,-81
111000943,313,227,86
111000944,139,310,-171
111000945,127,1259,-1132
111001109,450,266,184
111001110,135,440,-305
111001111,79,7,72
111001112,145,5,140
111001113,1,158,-157
111001114,953,137,816
111001115,109,455,-346
111001116,3977,3231,746
111001117,522,2145,-1623
111001120,120,239,-119
111001121,224,263,-39
111001122,166,452,-286
111001123,205,91,114
111001124,80,193,-113
111001125,9,100,-91
111900001,20,113,-93
111900002,14,571,-557
111900003,2,253,-251
111900004,45,70,-25
111900006,11,59,-48
111900007,106,4,102
111900008,149,2,147
111900009,133,134,-1
111900010,363,434,-71
111900012,50,96,-46
111900013,22,67,-45
111900014,4377,2969,1408
111900015,0,54,-54
111900016,0,96,-96
111900017,0,85,-85
111900018,162,11,151
111900019,2,89,-87
111900020,3,32,-29
111900021,35,85,-50
111900022,8,77,-69
111900023,112,89,23
111900024,26,67,-41
111900025,0,22,-22
111900026,1,65,-64
111900027,3,125,-122
111900028,0,312,-312
111900029,14,94,-80
111900030,33,306,-273
111900031,0,16,-16
111900032,2,296,-294
111900033,1,109,-108
111900034,303,442,-139
111900035,23,203,-180
111900036,1,240,-239
111900038,300,571,-271
111900039,57,347,-290
111900040,5,445,-440
111900042,51,103,-52
111900043,0,259,-259
111900044,325,172,153
111900046,49,124,-75
111900048,184,534,-350
111900049,36,199,-163
111900050,93,32,61
111900051,3,170,-167
111900052,461,365,96
111900053,968,1035,-67
111900054,93,5,88
111900055,27,331,-304
111900056,188,280,-92
111900057,106,30,76
111900058,314,533,-219
111900059,1360,404,956
111900060,311,9,302
111900061,11,167,-156
111900062,17,68,-51
111900063,381,187,194
111900064,114,178,-64
111900065,66,45,21
111900066,129,135,-6
111900067,2,339,-337
111900068,45,34,11
111900069,49,24,25
111900070,109,143,-34
111900071,1,223,-222
111900072,36,29,7
111900073,636,135,501
111900074,17,149,-132
111900075,54,6,48
111900076,133,53,80
111900077,20,2,18
111900078,190,19,171
111900079,53,47,6
111900080,183,242,-59
111900082,99,33,66
111900083,89,14,75
111900084,84,15,69
111900085,28,136,-108
111900086,20,2,18
111900087,46,0,46
111900088,466,4,462
111900089,94,5,89
111900090,49,38,11
111900091,202,2,200
111900092,81,2,79
111900093,297,5,292
111900094,108,2,106
111900095,252,21,231
111900096,135,0,135
111900097,59,0,59
111900098,156,3,153
111900099,52,0,52
111900100,89,0,89
111900101,88,29,59
111900102,371,477,-106
111900103,50,68,-18
111900104,118,49,69
111900105,262,128,134
111900106,756,40,716
111900110,1419,332,1087
111900111,214,156,58
111900112,486,1757,-1271
111900113,225,107,118
111900118,288,87,201
111900119,278,127,151
111900122,119,82,37
111900123,29,37,-8
111900124,30,93,-63
111900125,402,39,363
111900126,278,6,272
111900127,4,593,-589
111900128,1,415,-414
111900129,308,5,303
111900130,260,28,232
111900131,377,3,374
111900132,27,688,-661
111900133,15,283,-268
111900134,4,177,-173
111900135,4,35,-31
111900136,65,142,-77
111900137,59,76,-17
111900138,10,64,-54
111900139,26,107,-81
111900140,90,23,67
111900141,102,16,86
111900142,107,29,78
111900143,10,150,-140
111900144,0,68,-68
111900145,1,299,-298
111900146,4,174,-170
111900147,134,379,-245
111900148,35,505,-470
111900149,7,223,-216
111900150,12,120,-108
111900151,0,30,-30
111900152,78,67,11
111900153,1228,399,829
111900154,7,187,-180
111900155,53,66,-13
111900156,20,50,-30
111900157,70,16,54
111900158,383,45,338
111900159,249,16,233
111900160,205,1,204
111900161,128,3,125
111900162,69,156,-87
111900163,58,211,-153
111900164,98,72,26
111901113,295,171,124
111901114,200,241,-41
111901115,84,0,84
111901116,34,2,32
111901117,20,25,-5
111901118,58,174,-116
111901119,628,55,573
111901121,175,190,-15
111901122,5,416,-411
111901123,147,292,-145
111901124,140,2,138
111901125,291,161,130
111901127,482,370,112
111901128,9,66,-57
111901129,5,102,-97
111901130,5,168,-163
111901131,2,164,-162
111901132,104,18,86
111901133,26,3,23
111901134,44,6,38
111901135,14,6,8
111901136,36,43,-7
111901137,0,24,-24
111901138,209,20,189
111901139,17,36,-19
111901140,4,72,-68
111901141,7,133,-126
111901142,6,73,-67
111901143,1,54,-53
111901144,35,55,-20
111901145,130,218,-88
111901146,431,16,415
111901147,74,24,50
111901148,5,9,-4
112000001,1781,731,1050
112000002,656,2096,-1440
112000003,1112,921,191
112000004,636,870,-234
112000005,2653,2965,-312
112000006,2158,1812,346
112000007,2345,1687,658
112000008,1978,3354,-1376
112000009,3187,2824,363
112000010,2246,2699,-453
112000011,1534,1516,18
112000012,3711,3530,181
112000013,4496,2794,1702
112000014,2816,1611,1205
112000015,3828,2758,1070
112000016,4094,1117,2977
112000017,2049,2016,33
112000024,2366,1168,1198
112000026,3577,4363,-786
112000027,826,547,279
112000028,1394,1579,-185
112000029,417,593,-176
112000030,163,104,59
112000031,1316,3877,-2561
112000032,414,56,358
112000033,1596,1404,192
112000034,311,50,261
112000035,101,260,-159
112000036,793,744,49
112000037,723,614,109
112000038,1141,777,364
112000039,62,67,-5
112000040,119,224,-105
112000041,452,413,39
112000042,1041,418,623
112000050,1022,1160,-138
112000051,841,1011,-170
112000054,1588,1688,-100
112000057,350,341,9
112000058,274,530,-256
112000059,452,645,-193
112000061,2993,1948,1045
112000062,1611,664,947
112000063,1057,1254,-197
112000064,4017,5034,-1017
112000065,1785,2255,-470
112000066,3382,1319,2063
112000067,768,699,69
112000068,2624,2092,532
112000069,686,1652,-966
112000070,1812,734,1078
112000071,863,2546,-1683
112000072,2013,798,1215
112000073,1630,2130,-500
112000074,1455,1068,387
112000075,1294,1174,120
112000076,2913,2511,402
112000077,480,509,-29
112000078,1604,644,960
112000079,1439,1090,349
112000080,696,726,-30
112000081,1311,2139,-828
112000082,1381,805,576
112000083,529,1184,-655
112000084,1039,834,205
112000085,929,899,30
112000086,1562,1236,326
112000087,426,347,79
112000088,679,533,146
112000089,281,228,53
112000090,242,222,20
112000091,587,1030,-443
112000092,1713,1169,544
112000093,1491,943,548
112000094,591,889,-298
112000095,576,912,-336
112000096,578,598,-20
112000097,1038,760,278
112000098,1086,1013,73
112000099,570,1424,-854
112000100,1503,757,746
112000101,603,974,-371
112000102,936,525,411
112000103,299,948,-649
112000105,464,1416,-952
112000106,1144,467,677
112000107,30,168,-138
112000108,222,1492,-1270
112000109,153,75,78
112000110,1845,665,1180
112000111,1026,3010,-1984
112000112,3865,604,3261
112000113,756,1617,-861
112000114,2584,936,1648
112000115,355,404,-49
112000116,565,992,-427
112000117,846,776,70
112000118,884,753,131
112000119,506,789,-283
112000120,87,357,-270
112000121,109,431,-322
112000122,263,150,113
112000123,543,184,359
112000124,300,83,217
112000125,218,265,-47
112000126,197,420,-223
112000127,2033,1860,173
112000128,937,551,386
112000129,123,103,20
112000130,210,57,153
112000131,43,271,-228
112000132,122,233,-111
112000133,362,159,203
112000134,361,352,9
112000135,1236,654,582
112000136,1095,1209,-114
112000137,1565,1413,152
112000138,1493,1257,236
112000139,873,555,318
112000140,1129,1080,49
112000141,693,339,354
112000142,177,574,-397
112000143,958,181,777
112000144,272,1226,-954
112000145,2255,529,1726
112000146,599,1843,-1244
112000147,2257,1885,372
112000148,1834,2116,-282
112000149,432,524,-92
112000150,221,551,-330
112000151,307,371,-64
112000152,329,394,-65
112000153,182,301,-119
112000154,93,174,-81
112000155,121,104,17
112000157,813,502,311
112000158,254,348,-94
112000159,468,378,90
112000167,308,57,251
112000169,347,449,-102
112000173,659,249,410
112000175,387,329,58
112000176,2915,2132,783
112000177,518,181,337
112000178,72,284,-212
112000179,259,98,161
112000180,229,348,-119
112000181,1393,1877,-484
112000182,1029,1551,-522
112000183,37,62,-25
112000184,378,347,31
112000185,477,530,-53
112000187,3369,2223,1146
112000195,125,16,109
112000196,226,2,224
112000197,123,155,-32
112000198,30,247,-217
112000199,1115,815,300
112000202,302,0,302
112000216,62,296,-234
112000230,60,5,55
112000231,0,194,-194
112000256,49,153,-104
112000313,57,116,-59
112000314,44,48,-4
112000337,378,491,-113
112000352,339,342,-3
112000392,1185,1094,91
112000398,1090,700,390
112000399,1438,1630,-192
112000400,1467,2641,-1174
112000401,2755,2180,575
112000402,2293,2719,-426
112000403,1650,2577,-927
112000404,652,714,-62
112000405,1457,2336,-879
112000406,3077,2374,703
112000407,5908,7045,-1137
112000408,7387,6810,577
112000409,1642,4493,-2851
112000410,441,225,216
112000411,3505,1339,2166
112000412,1281,576,705
112000413,7300,4438,2862
112000414,66,82,-16
112000415,130,41,89
112000416,2075,1328,747
112000417,217,71,146
112000421,44,106,-62
112000422,448,301,147
112000424,1830,2249,-419
112000425,421,669,-248
112000426,144,336,-192
112000427,1,15,-14
112000428,188,298,-110
112000429,2086,2195,-109
112000430,2359,2548,-189
112000431,70,130,-60
112000432,653,1030,-377
112000433,447,852,-405
112000437,54,222,-168
112900001,50,1,49
112900002,347,847,-500
112900003,67,327,-260
112900004,45,238,-193
112900005,191,176,15
112900006,3,285,-282
112900007,29,194,-165
112900008,4,24,-20
112900009,416,92,324
112900010,388,677,-289
112900011,169,229,-60
112900012,0,43,-43
112900013,4,137,-133
112900014,3,234,-231
112900015,417,687,-270
112900016,2,214,-212
112900017,28,148,-120
112900018,5,255,-250
112900019,34,194,-160
112900020,375,1055,-680
112900021,3,247,-244
112900022,8,62,-54
112900023,2,170,-168
112900024,14,195,-181
112900025,72,194,-122
112900026,14,212,-198
112900027,6,975,-969
112900028,28,97,-69
112900029,14,487,-473
112900030,146,169,-23
112900031,5,476,-471
112900032,178,254,-76
112900034,2,38,-36
112900035,2,325,-323
112900036,33,117,-84
112900037,162,170,-8
112900038,579,163,416
112900039,19,264,-245
112900040,7,254,-247
112900041,898,1027,-129
112900042,36,304,-268
112900043,25,26,-1
112900044,524,420,104
112900045,298,285,13
112900046,251,84,167
112900047,10,18,-8
112900049,181,107,74
112900050,52,456,-404
112900051,323,518,-195
112900052,6,780,-774
112900053,318,112,206
112900054,165,65,100
112900055,130,30,100
112900056,363,149,214
112900057,17,493,-476
112900058,287,326,-39
112900059,114,125,-11
112900060,17,131,-114
112900061,97,112,-15
112900062,68,120,-52
112900063,183,8,175
112900064,173,194,-21
112900065,24,32,-8
112900066,199,153,46
112900067,398,161,237
112900068,56,47,9
112900069,1598,770,828
112900071,23,6,17
112900072,136,1617,-1481
112900073,279,61,218
112900074,80,187,-107
112900075,1214,698,516
112900076,92,30,62
112900078,249,314,-65
112900079,225,35,190
112900080,52,1,51
112900081,36,156,-120
112900082,563,22,541
112900083,117,99,18
112900084,215,86,129
112900086,90,0,90
112900087,676,123,553
112900088,125,23,102
112900089,776,40,736
112900090,39,16,23
112900091,175,9,166
112900092,190,228,-38
112900093,1254,27,1227
112900095,55,0,55
112900096,407,146,261
112900097,92,274,-182
112900098,102,3,99
112900099,644,18,626
112900100,64,0,64
112900101,275,4,271
112900102,191,13,178
112900103,196,3,193
112900104,157,8,149
112900105,15,0,15
112900106,345,124,221
112900107,8,0,8
112900108,33,1,32
112900109,97,1,96
112900110,1015,16,999
112900111,588,4,584
112900112,281,0,281
112900113,0,17,-17
112900114,142,22,120
112900115,1155,4,1151
112900116,108,32,76
112900117,96,84,12
112900118,27,57,-30
112900119,210,1,209
112900120,714,251,463
112900121,110,176,-66
112900122,18,117,-99
112900123,107,31,76
112900124,13,100,-87
112900125,84,480,-396
112900126,165,217,-52
112900127,321,122,199
112900128,274,698,-424
112900129,1,856,-855
112900130,243,81,162
112900131,34,207,-173
112900132,94,349,-255
112900133,24,928,-904
112900134,1,218,-217
112900135,72,49,23
112900137,2,504,-502
112900138,3,259,-256
112900139,229,1015,-786
112900141,646,63,583
112900142,83,154,-71
112900143,34,411,-377
112900144,1,261,-260
112900145,31,484,-453
112900146,5,957,-952
112900147,4,1660,-1656
112900148,73,5,68
112900149,255,502,-247
112900151,21,61,-40
112900152,3126,857,2269
112900153,1754,1932,-178
112900154,1,115,-114
112900155,163,24,139
112900156,323,1103,-780
112900157,276,116,160
112900158,48,18,30
112900159,186,88,98
112900160,42,268,-226
112900161,109,42,67
112900162,24,12,12
112900163,85,42,43
112900164,35,178,-143
112900165,147,40,107
112900166,13,54,-41
112900167,4,81,-77
112900168,5,5,0
112900169,16,18,-2
112900170,57,70,-13
112900172,40,8,32
112900173,184,101,83
112900174,275,56,219
112900175,145,167,-22
112900176,12,45,-33
112900177,195,59,136
112900178,810,2075,-1265
112900179,38,424,-386
112900180,1592,1341,251
112900181,464,8,456
112900182,40,891,-851
112900183,151,329,-178
112900184,381,411,-30
112900185,269,572,-303
112900186,1435,936,499
112900187,98,554,-456
112900188,692,401,291
112900189,4,24,-20
112900190,9,45,-36
112900192,611,578,33
112900193,1083,337,746
112900194,49,78,-29
112900195,816,45,771
112900196,181,296,-115
112900197,240,351,-111
112900199,550,387,163
112900200,406,237,169
112900201,129,87,42
112900202,319,724,-405
112900203,219,218,1
112900204,950,596,354
112900205,5,6,-1
112900206,31,78,-47
112900207,17,1,16
112900208,87,256,-169
112900209,506,325,181
112900210,2,15,-13
112900211,107,37,70
112900212,0,94,-94
112900213,93,28,65
112900214,39,14,25
112900215,13,165,-152
112900216,18,79,-61
112900217,1,46,-45
112900218,55,18,37
112900219,62,15,47
112900220,5,0,5
112900221,51,87,-36
112900222,1,22,-21
112900223,956,30,926
112900224,231,399,-168
112900225,402,336,66
112900226,282,372,-90
112900227,552,1057,-505
112900228,42,30,12
112900229,193,49,144
112900230,5903,3595,2308
112900232,224,260,-36
112900233,61,138,-77
112900234,16,104,-88
112900235,84,38,46
112900236,229,15,214
112900237,180,214,-34
112900238,4,34,-30
112900239,595,303,292
112900240,2,9,-7
112900241,3,17,-14
112900242,0,16,-16
112900243,1,11,-10
112900244,5,10,-5
112900245,0,9,-9
112900246,0,4,-4
112900247,10,2,8
112900248,2,0,2
112900249,6,1,5
112900250,6,1,5
112900251,6,1,5
112900252,7,3,4
112900253,3,0,3
112900254,4,1,3
112900255,1,7,-6
112900256,0,5,-5
112900257,3,8,-5
113000001,5240,4103,1137
113000002,3241,3063,178
113000003,1805,1425,380
113000004,1688,2103,-415
113000005,1448,897,551
113000006,872,1150,-278
113000007,1972,1159,813
113000008,1685,1625,60
113000009,910,754,156
113000010,976,1242,-266
113000011,641,1562,-921
113000012,1683,762,921
113000013,1296,625,671
113000014,1478,1365,113
113000015,449,252,197
113000016,330,756,-426
113000017,43,265,-222
113000018,391,42,349
113000019,172,348,-176
113000020,470,79,391
113000021,1566,547,1019
113000022,728,1105,-377
113000025,105,322,-217
113000026,387,467,-80
113000027,764,585,179
113000028,958,406,552
113000029,806,669,137
113000030,360,621,-261
113000031,299,332,-33
113000032,311,342,-31
113000033,254,383,-129
113000034,393,307,86
113000035,43,41,2
113000036,26,63,-37
113000037,50,43,7
113000038,19,73,-54
113000039,88,308,-220
113000040,65,81,-16
113000042,771,511,260
113000051,806,2059,-1253
113000052,1660,857,803
113000053,331,373,-42
113000054,347,712,-365
113000055,1077,526,551
113000056,763,895,-132
113000058,702,847,-145
113000059,979,653,326
113000060,209,499,-290
113000061,529,800,-271
113000062,762,227,535
113000063,138,104,34
113000064,55,257,-202
113000065,126,780,-654
113000066,583,106,477
113000067,1748,1365,383
113000068,339,1136,-797
113000069,529,1024,-495
113000070,2282,1174,1108
113000071,405,604,-199
113000072,724,483,241
113000073,418,1230,-812
113000074,1080,423,657
113000075,1933,751,1182
113000076,663,1637,-974
113000077,1278,564,714
113000078,751,2317,-1566
113000079,784,776,8
113000080,663,659,4
113000081,811,937,-126
113000082,1193,834,359
113000083,491,885,-394
113000084,1544,1314,230
113000085,767,628,139
113000086,976,1116,-140
113000087,868,797,71
113000088,2339,1350,989
113000089,878,1530,-652
113000090,292,504,-212
113000091,587,353,234
113000094,977,177,800
113000095,202,762,-560
113000096,136,688,-552
113000097,940,458,482
113000098,128,25,103
113000099,783,348,435
113000100,92,337,-245
113000101,407,603,-196
113000102,557,454,103
113000103,1841,526,1315
113000104,440,1719,-1279
113000105,571,408,163
113000106,301,437,-136
113000107,717,736,-19
113000108,565,1087,-522
113000109,395,1624,-1229
113000110,1372,369,1003
113000111,148,450,-302
113000112,299,321,-22
113000113,1188,325,863
113000114,376,1284,-908
113000116,611,275,336
113000117,697,131,566
113000118,102,407,-305
113000119,397,281,116
113000120,114,186,-72
113000121,526,787,-261
113000124,158,115,43
113000125,60,610,-550
113000127,2242,303,1939
113000128,460,679,-219
113000129,553,781,-228
113000133,1945,1620,325
113000134,5,981,-976
113000135,3817,3821,-4
113000137,1808,3116,-1308
113000139,316,228,88
113000140,128,276,-148
113000141,290,179,111
113000142,545,1057,-512
113000143,253,207,46
113000144,338,616,-278
113000145,79,153,-74
113000146,140,93,47
113000147,184,86,98
113000148,121,111,10
113000149,99,100,-1
113000150,483,308,175
113000151,60,37,23
113000152,22,83,-61
113000153,1379,636,743
113000154,851,1497,-646
113000155,336,539,-203
113000156,138,407,-269
113000157,316,954,-638
113000158,658,239,419
113000159,964,739,225
113000160,713,1045,-332
113000161,266,482,-216
113000162,842,516,326
113000163,102,66,36
113000164,18,60,-42
113000166,132,97,35
113000167,38,117,-79
113000168,94,116,-22
113000169,149,57,92
113000170,102,110,-8
113000171,55,103,-48
113000172,204,61,143
113000173,46,19,27
113000174,128,432,-304
113000175,370,118,252
113000176,469,135,334
113000177,158,448,-290
113000178,216,356,-140
113000179,281,185,96
113000180,647,1010,-363
113000181,1185,892,293
113000182,140,358,-218
113000183,145,578,-433
113000184,22,119,-97
113000189,446,714,-268
113000190,971,594,377
113000192,1644,1810,-166
113000193,4026,1344,2682
113000194,1628,1141,487
113000195,2163,820,1343
113000196,242,73,169
113000197,1375,922,453
113000198,102,329,-227
113000199,1155,300,855
113000201,239,230,9
113000202,2841,1220,1621
113000203,342,88,254
113000204,1380,1806,-426
113000205,17,25,-8
113000206,9,36,-27
113000207,71,10,61
113000208,35,62,-27
113000209,30,16,14
113000210,3,26,-23
113000211,196,206,-10
113000212,135,32,103
113000213,23,116,-93
113000214,152,268,-116
113000234,183,805,-622
113000410,195,279,-84
113000411,2401,4142,-1741
113000412,6239,2175,4064
113000413,2586,2934,-348
113000414,6221,12578,-6357
113000415,2228,2932,-704
113000416,8324,4009,4315
113000417,3109,3144,-35
113000418,3748,2815,933
113000419,1636,2043,-407
113000420,3727,5459,-1732
113000421,3822,6001,-2179
113000422,11164,10577,587
113000423,2243,4984,-2741
113000424,3237,8144,-4907
113000425,8,98,-90
113000428,20,26,-6
113000430,15,72,-57
113000432,1893,198,1695
113000433,143,699,-556
113000434,17,134,-117
113000435,26,518,-492
113000436,50,1031,-981
113000437,1007,17,990
113000438,236,16,220
113000439,22,129,-107
113000440,104,31,73
113000441,218,205,13
113000442,139,192,-53
113000443,180,176,4
113000444,162,192,-30
113000445,142,101,41
113000446,36,65,-29
113000448,182,124,58
113000449,182,762,-580
113000450,469,1839,-1370
113000451,905,184,721
113000452,355,375,-20
113000453,70,278,-208
113000454,786,68,718
113000455,73,251,-178
113000456,3447,2516,931
113000468,1329,202,1127
113000469,113,64,49
113000470,300,23,277
113000471,15,342,-327
113000472,93,294,-201
113000474,469,532,-63
113000475,1367,1416,-49
113000476,1032,1728,-696
113000477,2446,1860,586
113000478,3428,4934,-1506
113000479,106,215,-109
113000483,0,0,0
113000484,0,0,0
113000485,0,0,0
113000486,0,0,0
113000487,0,2,-2
113000488,0,0,0
113000489,0,5,-5
113000490,0,1,-1
113000491,0,0,0
113000492,0,0,0
113000493,0,0,0
113000495,170,162,8
113000496,116,117,-1
113000497,0,0,0
113000499,0,0,0
113900001,0,74,-74
113900002,0,61,-61
113900003,2,39,-37
113900004,1,36,-35
113900005,0,43,-43
113900006,1,8,-7
113900007,55,26,29
113900008,52,1,51
113900009,203,5,198
113900010,116,1,115
113900011,44,0,44
113900012,25,5,20
113900013,306,4,302
113900014,485,3,482
113900015,3,82,-79
113900016,28,0,28
113900017,4,55,-51
113900018,402,182,220
113900019,165,49,116
113900020,125,1,124
113900022,21,0,21
113900023,26,0,26
113900024,63,56,7
113900025,250,20,230
113900026,47,0,47
113900027,6,63,-57
113900028,20,417,-397
113900029,51,156,-105
113900030,194,0,194
113900031,8,0,8
113900032,11,0,11
113900033,66,66,0
113900035,47,0,47
113900036,41,96,-55
113900037,133,439,-306
113900038,71,113,-42
113900039,111,25,86
113900040,7,8,-1
113900041,2,7,-5
113900042,98,34,64
113900043,141,141,0
113900044,296,325,-29
113900045,89,1,88
113900046,233,698,-465
113900047,29,114,-85
113900048,174,100,74
113900049,458,243,215
113900050,216,283,-67
113900051,313,331,-18
113900052,176,130,46
113900053,635,485,150
113900054,16,4,12
113900055,115,400,-285
113900056,52,227,-175
113900057,13,66,-53
113900058,38,135,-97
113900059,211,295,-84
113900060,81,190,-109
113900061,862,236,626
113900062,78,17,61
113900063,105,104,1
113900064,31,132,-101
113900065,324,17,307
113900066,306,282,24
113900067,122,169,-47
113900068,517,450,67
113900069,90,13,77
113900070,197,443,-246
113900071,53,69,-16
113900072,50,164,-114
113900073,221,334,-113
113900074,67,292,-225
113900075,1256,955,301
113900076,140,14,126
113900077,43,186,-143
113900078,43,50,-7
113900079,3,31,-28
113900080,458,211,247
113900081,75,185,-110
113900082,89,229,-140
113900083,300,377,-77
113900084,249,99,150
113900085,46,241,-195
113900086,22,10,12
113900087,54,127,-73
113900088,48,77,-29
113900089,410,48,362
113900090,510,423,87
113900091,21,14,7
113900092,41,86,-45
113900093,111,665,-554
113900094,421,386,35
113900095,110,120,-10
113900096,241,45,196
113900097,15,81,-66
113900098,523,101,422
113900099,0,36,-36
113900100,0,5,-5
113900101,14,66,-52
113900102,154,169,-15
113900103,355,266,89
113900104,118,213,-95
113900105,93,163,-70
113900106,0,28,-28
113900107,0,28,-28
113900108,254,209,45
113900109,426,171,255
113900110,42,26,16
113900111,163,105,58
113900112,105,61,44
113900113,774,456,318
113900114,3,57,-54
113900115,1,72,-71
113900116,69,109,-40
113900117,109,40,69
113900118,200,285,-85
113900119,207,505,-298
113900120,82,43,39
113900121,53,93,-40
113900122,311,1615,-1304
113900123,408,206,202
113900124,1,53,-52
113900125,754,115,639
113900126,143,63,80
113900127,326,645,-319
113900128,164,81,83
113900129,8,154,-146
113900130,4,21,-17
113900131,270,104,166
113900132,30,51,-21
113900133,13,59,-46
113900135,346,327,19
113900136,127,84,43
113900137,365,218,147
113900138,66,168,-102
113900139,232,130,102
113900140,272,306,-34
113900141,548,280,268
113900142,138,104,34
113900143,13,32,-19
113900144,218,195,23
113900145,387,148,239
113900146,128,47,81
113900148,171,289,-118
113900149,128,46,82
113900150,599,446,153
113900151,406,177,229
113900152,27,52,-25
113900153,306,496,-190
113900154,6,160,-154
113900155,167,150,17
113900156,248,360,-112
113900157,34,296,-262
113900158,355,365,-10
113900159,15,284,-269
113900160,491,410,81
113900161,52,258,-206
113900162,459,623,-164
113900163,268,310,-42
113900164,252,56,196
113900165,569,425,144
113900166,198,149,49
113900167,271,57,214
113900168,100,73,27
113900169,258,350,-92
113900171,132,81,51
113900172,10,123,-113
113900173,41,471,-430
113900174,462,578,-116
113900175,294,138,156
113900176,324,526,-202
113900177,336,202,134
113900178,181,114,67
113900179,20,422,-402
113900180,159,76,83
113900181,548,121,427
113900182,744,989,-245
113900183,64,82,-18
113900184,12,314,-302
113900185,186,106,80
113900186,37,24,13
113900187,39,158,-119
113900188,50,149,-99
113900189,246,124,122
113900190,264,126,138
113900191,110,210,-100
113900192,8,424,-416
113900193,20,183,-163
113900194,1408,1097,311
113900195,252,398,-146
113900196,7,125,-118
113900197,1,165,-164
113900198,46,182,-136
113900199,146,736,-590
113900200,13,271,-258
113900201,0,154,-154
113900202,47,279,-232
113900203,3,91,-88
113900204,41,509,-468
113900205,14,184,-170
113900206,13,132,-119
113900207,0,66,-66
113900208,0,64,-64
113900209,0,64,-64
113900210,621,690,-69
113900211,181,64,117
113900212,146,403,-257
113900214,406,343,63
113900215,54,100,-46
113900216,65,693,-628
113900217,62,221,-159
113900218,176,53,123
113900219,74,282,-208
113900220,156,101,55
113900221,440,153,287
113900222,280,464,-184
113900223,96,690,-594
113900224,74,64,10
113900225,463,191,272
113900226,319,100,219
113900227,387,236,151
113900228,302,382,-80
113900229,42,621,-579
113900230,3633,3225,408
113900231,196,135,61
113900232,91,112,-21
113900233,58,60,-2
113900234,309,471,-162
113900235,105,26,79
113900236,118,289,-171
113900237,131,6,125
113900238,251,562,-311
113900239,54,79,-25
113900240,6,187,-181
113900241,120,58,62
113900242,33,113,-80
113900243,110,462,-352
113900244,334,210,124
113900245,1236,286,950
113900246,13,42,-29
113900247,136,438,-302
113900248,2424,1632,792
113900249,695,319,376
113900250,37,152,-115
113900251,584,154,430
113900252,536,18,518
113900253,678,51,627
113900254,786,126,660
113900255,383,25,358
113900256,324,12,312
113900257,18,475,-457
113900258,42,309,-267
113900259,454,129,325
113900260,185,7,178
113900261,20,74,-54
113900262,164,462,-298
113900263,137,647,-510
113900264,16,427,-411
113900265,142,262,-120
113900266,44,152,-108
113900267,92,483,-391
113900268,313,484,-171
113900269,88,135,-47
113900270,329,661,-332
113900271,670,1006,-336
113900273,25,14,11
113900274,42,49,-7
113900275,50,50,0
113900276,1,156,-155
113900277,97,3,94
113900278,293,193,100
113900279,55,73,-18
113900280,1590,502,1088
113900281,607,1338,-731
113900282,706,572,134
113900283,348,450,-102
113900284,719,172,547
113900285,110,44,66
113900286,10,88,-78
113900287,32,83,-51
113900288,2,136,-134
113900289,741,99,642
113900290,250,173,77
113900291,134,198,-64
113900292,9,2,7
113900293,4,248,-244
113900294,421,17,404
113900295,363,365,-2
113900296,1677,418,1259
113900297,2460,37,2423
113900298,14,1804,-1790
113900299,65,134,-69
113900300,4241,2779,1462
113900301,704,348,356
113900302,2277,881,1396
113900303,386,363,23
113900304,1,97,-96
113900305,98,0,98
113900306,47,0,47
113900307,50,0,50
113900308,96,112,-16
113900309,4,584,-580
113900310,0,4,-4
113900311,5,0,5
113900312,201,234,-33
113900313,8,4,4
114000001,955,2645,-1690
114000002,276,343,-67
114000003,36,248,-212
114000004,331,351,-20
114000005,214,238,-24
114000006,2729,1790,939
114000007,733,1123,-390
114000008,1387,1751,-364
114000009,627,246,381
114000011,2464,2448,16
114000012,2050,1668,382
114000013,1439,1416,23
114000014,450,287,163
114000015,1823,416,1407
114000016,250,388,-138
114000017,93,257,-164
114000018,235,38,197
114000026,1482,1143,339
114000027,2497,1862,635
114000028,2187,2391,-204
114000038,317,140,177
114000039,86,51,35
114000040,75,216,-141
114000042,161,123,38
114000043,74,74,0
114000044,181,45,136
114000045,64,81,-17
114000046,3866,4233,-367
114000047,19,60,-41
114000048,79,33,46
114000049,1353,1415,-62
114000050,1434,2009,-575
114000051,2882,1886,996
114000052,4184,1301,2883
114000053,139,505,-366
114000054,271,723,-452
114000055,249,49,200
114000056,1118,844,274
114000057,5233,2277,2956
114000058,554,1465,-911
114000059,250,350,-100
114000060,645,888,-243
114000061,2928,2701,227
114000062,2476,1676,800
114000063,2953,1582,1371
114000064,6027,3426,2601
114000065,1613,2279,-666
114000066,414,564,-150
114000067,23,602,-579
114000068,509,628,-119
114000069,854,496,358
114000070,2072,1632,440
114000071,647,443,204
114000072,314,201,113
114000073,34,67,-33
114000074,42,12,30
114000075,40,68,-28
114000076,10,91,-81
114000077,8,34,-26
114000078,283,499,-216
114000079,109,21,88
114000080,57,94,-37
114000081,61,70,-9
114000082,38,375,-337
114000083,105,248,-143
114000084,315,90,225
114000085,139,552,-413
114000086,169,380,-211
114000087,92,175,-83
114000088,34,52,-18
114000089,739,384,355
114000090,787,831,-44
114000091,1562,840,722
114000092,948,476,472
114000093,1218,789,429
114000094,399,370,29
114000095,253,134,119
114000096,124,396,-272
114000097,136,571,-435
114000098,476,106,370
114000099,581,468,113
114000100,1208,653,555
114000101,342,742,-400
114000102,465,288,177
114000103,156,329,-173
114000104,14,210,-196
114000105,88,82,6
114000106,716,909,-193
114000107,273,118,155
114000108,1272,1029,243
114000109,382,961,-579
114000110,656,1469,-813
114000111,1494,750,744
114000112,540,1786,-1246
114000113,1003,484,519
114000114,1436,1369,67
114000115,1758,937,821
114000116,705,1235,-530
114000117,2558,443,2115
114000118,1984,501,1483
114000119,1330,402,928
114000120,472,733,-261
114000121,397,638,-241
114000122,362,306,56
114000123,1805,353,1452
114000124,762,281,481
114000125,699,1163,-464
114000126,1600,245,1355
114000127,200,166,34
114000128,809,371,438
114000130,450,469,-19
114000131,216,117,99
114000132,576,519,57
114000133,1003,1302,-299
114000134,87,146,-59
114000138,67,240,-173
114000139,405,219,186
114000144,760,434,326
114000145,84,182,-98
114000146,106,217,-111
114000147,1269,1613,-344
114000148,1907,1770,137
114000149,336,247,89
114000150,549,659,-110
114000151,753,1177,-424
114000152,229,32,197
114000153,769,2330,-1561
114000154,771,719,52
114000155,1491,2074,-583
114000156,772,622,150
114000157,357,1008,-651
114000158,1525,713,812
114000159,164,520,-356
114000160,107,394,-287
114000161,1233,2740,-1507
114000162,940,2036,-1096
114000163,19,88,-69
114000165,550,291,259
114000166,890,379,511
114000167,3070,1583,1487
114000168,784,746,38
114000169,1340,1198,142
114000170,920,1109,-189
114000171,1025,2620,-1595
114000174,203,557,-354
114000176,600,466,134
114000177,1812,1038,774
114000178,37,75,-38
114000179,1161,660,501
114000180,447,773,-326
114000181,1658,3251,-1593
114000182,2949,2302,647
114000183,829,1011,-182
114000184,3372,1076,2296
114000185,955,676,279
114000189,866,129,737
114000190,2226,323,1903
114000191,49,69,-20
114000192,287,1361,-1074
114000193,752,2793,-2041
114000194,1075,890,185
114000195,132,33,99
114000196,2,177,-175
114000197,977,66,911
114000198,789,315,474
114000199,1622,1500,122
114000200,609,1517,-908
114000201,119,741,-622
114000202,1002,525,477
114000203,428,546,-118
114000204,147,453,-306
114000205,161,1407,-1246
114000206,458,1170,-712
114000207,584,1648,-1064
114000208,435,2442,-2007
114000209,630,2037,-1407
114000210,241,1365,-1124
114000211,796,1336,-540
114000212,655,770,-115
114000213,1068,519,549
114000214,129,224,-95
114000215,293,104,189
114000216,1373,312,1061
114000217,312,165,147
114000218,86,185,-99
114000219,986,233,753
114000220,19,818,-799
114000221,700,144,556
114000222,133,875,-742
114000223,509,134,375
114000224,105,495,-390
114000225,206,597,-391
114000226,150,213,-63
114000227,655,444,211
114000228,697,756,-59
114000229,951,1092,-141
114000230,1395,1255,140
114000231,673,1197,-524
114000232,473,113,360
114000233,1646,154,1492
114000234,961,872,89
114000235,826,1314,-488
114000236,1,423,-422
114000237,105,816,-711
114000238,110,148,-38
114000239,144,997,-853
114000240,605,666,-61
114000241,283,942,-659
114000242,917,845,72
114000243,1293,816,477
114000244,456,438,18
114000245,299,549,-250
114000246,126,32,94
114000247,497,707,-210
114000248,920,510,410
114000249,434,397,37
114000250,591,769,-178
114000251,424,216,208
114000252,100,58,42
114000253,50,119,-69
114000254,29,72,-43
114000255,566,205,361
114000256,1848,2130,-282
114000257,359,1177,-818
114000258,247,356,-109
114000259,75,230,-155
114000260,0,31,-31
114000261,43,22,21
114000262,147,175,-28
114000263,9,0,9
114000264,914,376,538
114000265,0,1,-1
114000267,4,1244,-1240
114000268,4,1458,-1454
114000270,117,3,114
114000271,318,41,277
114000283,1132,390,742
114000285,36,204,-168
114000288,88,333,-245
114000289,1026,98,928
114000293,162,347,-185
114000294,135,229,-94
114000395,1208,47,1161
114000396,539,444,95
114000402,408,293,115
114000403,252,286,-34
114000405,127,404,-277
114000423,319,328,-9
114000424,475,129,346
114000425,711,334,377
114000426,277,726,-449
114000427,57,99,-42
114000428,206,203,3
114000429,19,200,-181
114000432,64,93,-29
114000434,33,97,-64
114000435,5,180,-175
114900001,563,875,-312
114900002,558,149,409
114900003,598,1123,-525
114900004,226,440,-214
114900005,476,633,-157
114900006,76,69,7
114900007,231,36,195
114900008,135,88,47
114900010,1719,1795,-76
114900011,227,147,80
114900013,231,139,92
114900015,89,401,-312
114900018,611,21,590
114900020,196,70,126
114900022,50,541,-491
114900024,283,114,169
114900025,438,174,264
114900026,63,131,-68
114900027,215,192,23
114900029,38,24,14
114900030,285,193,92
114900031,367,27,340
114900032,426,34,392
114900033,810,587,223
114900034,54,200,-146
114900035,180,257,-77
114900036,267,602,-335
114900037,120,164,-44
114900038,188,547,-359
114900039,458,443,15
114900040,106,123,-17
114900041,572,508,64
114900042,694,733,-39
114900043,523,261,262
114900044,146,27,119
114900046,43,115,-72
114900047,237,1615,-1378
114900048,155,274,-119
114900049,12,137,-125
114900050,44,360,-316
114900051,46,370,-324
114900052,75,218,-143
114900053,112,267,-155
114900054,57,144,-87
114900057,207,8,199
114900058,0,58,-58
114900059,50,45,5
114900060,1284,785,499
114900061,155,205,-50
114900062,269,345,-76
114900063,53,191,-138
114900064,1193,452,741
114900065,366,676,-310
114900067,85,373,-288
114900068,65,163,-98
114900069,196,142,54
114900070,512,364,148
114900072,6,350,-344
114900073,1,152,-151
114900074,532,520,12
114900075,338,6,332
114900076,13,344,-331
114900080,1562,342,1220
114900082,3037,1828,1209
114900083,1063,1132,-69
114900090,261,224,37
114900091,107,197,-90
114900095,319,112,207
114900096,534,652,-118
114900097,177,3,174
114900098,6,216,-210
114900099,169,11,158
115000001,5769,3785,1984
115000002,3165,3430,-265
115000003,4405,3022,1383
115000004,3301,4941,-1640
115000005,1386,1912,-526
115000006,821,1470,-649
115000007,152,149,3
115000008,385,508,-123
115000009,179,204,-25
115000010,266,160,106
115000013,83,171,-88
115000015,92,269,-177
115000016,80,209,-129
115000019,26,401,-375
115000020,122,718,-596
115000021,291,448,-157
115000022,492,414,78
115000023,348,507,-159
115000024,1067,553,514
115000025,764,672,92
115000026,144,430,-286
115000027,253,299,-46
115000028,220,871,-651
115000029,416,108,308
115000030,705,1170,-465
115000031,1274,220,1054
115000032,2,316,-314
115000033,197,28,169
115000034,85,993,-908
115000035,952,67,885
115000036,0,373,-373
115000037,510,12,498
115000038,43,160,-117
115000039,3290,3109,181
115000040,5683,3237,2446
115000041,1207,2959,-1752
115000042,798,626,172
115000043,3090,1907,1183
115000044,3390,3650,-260
115000045,2233,1649,584
115000046,1787,2178,-391
115000047,1807,1374,433
115000048,1424,2161,-737
115000049,1614,3158,-1544
115000050,2928,1717,1211
115000051,1474,2389,-915
115000052,2337,1734,603
115000053,1555,1441,114
115000054,706,1311,-605
115000055,174,559,-385
115000056,253,530,-277
115000057,675,1069,-394
115000058,669,266,403
115000059,218,171,47
115000061,163,131,32
115000062,171,227,-56
115000063,289,280,9
115000064,216,116,100
115000065,38,381,-343
115000067,198,24,174
115000069,70,348,-278
115000070,43,754,-711
115000071,129,25,104
115000072,8,107,-99
115000073,1032,50,982
115000075,98,109,-11
115000076,2945,2679,266
115000077,1892,1964,-72
115000078,1143,1256,-113
115000079,1146,1582,-436
115000080,1989,2200,-211
115000081,523,938,-415
115000082,3401,3384,17
115000083,2031,2448,-417
115000084,1847,1069,778
115000085,702,1068,-366
115000086,988,700,288
115000087,487,1417,-930
115000088,1615,613,1002
115000089,1336,1153,183
115000090,447,741,-294
115000091,211,915,-704
115000092,479,288,191
115000093,413,6,407
115000094,6204,4867,1337
115000095,4175,5012,-837
115000096,670,1358,-688
115000097,761,855,-94
115000098,977,779,198
115000099,2215,2524,-309
115000100,850,397,453
115000101,379,1439,-1060
115000102,379,209,170
115000103,328,659,-331
115000105,63,170,-107
115000106,512,294,218
115000107,209,472,-263
115000108,2969,2248,721
115000109,3865,3632,233
115000110,1342,1292,50
115000111,694,1610,-916
115000112,762,723,39
115000113,730,843,-113
115000114,1657,690,967
115000116,3885,2110,1775
115000117,3745,3064,681
115000118,1979,1663,316
115000119,2005,2294,-289
115000120,545,1146,-601
115000121,1603,963,640
115000122,3498,1348,2150
115000123,1322,1899,-577
115000124,1245,983,262
115000125,350,568,-218
115000126,118,283,-165
115000127,359,93,266
115000128,512,805,-293
115000129,274,333,-59
115000130,411,757,-346
115000131,819,273,546
115000132,251,376,-125
115000133,510,238,272
115000134,257,265,-8
115000135,238,164,74
115000136,209,257,-48
115000137,101,137,-36
115000138,299,273,26
115000139,219,213,6
115000140,331,279,52
115000141,143,277,-134
115000142,136,251,-115
115000143,670,553,117
115000144,527,69,458
115000145,231,303,-72
115000146,351,287,64
115000147,460,480,-20
115000148,273,1036,-763
115000149,578,195,383
115000150,696,836,-140
115000151,1079,490,589
115000152,624,952,-328
115000153,914,506,408
115000154,689,294,395
115000155,700,911,-211
115000156,973,626,347
115000157,722,819,-97
115000158,572,374,198
115000159,683,560,123
115000160,512,333,179
115000161,140,519,-379
115000162,764,720,44
115000163,611,676,-65
115000164,717,576,141
115000165,401,502,-101
115000167,133,80,53
115000168,590,331,259
115000169,456,315,141
115000170,160,139,21
115000171,250,226,24
115000172,1152,633,519
115000173,318,429,-111
115000174,136,273,-137
115000175,227,117,110
115000176,206,126,80
115000177,161,169,-8
115000178,34,269,-235
115000179,65,27,38
115000180,121,539,-418
115000181,667,123,544
115000182,784,302,482
115000183,291,683,-392
115000186,729,294,435
115000187,213,736,-523
115000188,443,450,-7
115000189,206,397,-191
115000190,726,362,364
115000191,168,436,-268
115000194,137,208,-71
115000195,253,315,-62
115000196,106,89,17
115000197,207,228,-21
115000198,261,203,58
115000199,342,173,169
115000200,299,136,163
115000201,125,337,-212
115000206,335,62,273
115000207,107,270,-163
115000208,339,613,-274
115000209,610,263,347
115000210,125,127,-2
115000211,236,214,22
115000212,1468,314,1154
115000224,378,51,327
115000225,33,109,-76
115000229,194,137,57
115000230,118,377,-259
115000231,287,1670,-1383
115000232,1329,279,1050
115000233,120,184,-64
115000234,41,300,-259
115000241,69,186,-117
115000242,118,238,-120
115000243,33,236,-203
115000244,10,102,-92
115000246,43,14,29
115000247,22,19,3
115000248,29,26,3
115000249,41,20,21
115000250,255,48,207
115000251,245,102,143
115000252,92,182,-90
115000253,26,412,-386
115000258,237,170,67
115000259,287,113,174
115000261,28,17,11
115000262,20,23,-3
115000263,11,66,-55
115000264,24,39,-15
115000267,79,62,17
115000268,30,151,-121
115000269,121,61,60
115000270,7,19,-12
115000272,56,134,-78
115000273,429,39,390
115000280,1954,197,1757
115000281,622,554,68
115000282,1724,557,1167
115000284,380,153,227
115000296,1323,17,1306
115000297,220,93,127
115000298,131,330,-199
115000300,163,165,-2
115000302,600,167,433
115000303,639,112,527
115000304,607,86,521
115000305,81,657,-576
115000306,183,287,-104
115000307,103,202,-99
115000308,32,14,18
115000309,20,24,-4
115000310,866,913,-47
115000311,778,1105,-327
115000313,135,596,-461
115000314,401,109,292
115000315,1003,426,577
115000316,65,123,-58
115000317,155,437,-282
115000318,693,248,445
115000319,31,290,-259
115000320,11,276,-265
115000321,290,8,282
115000322,48,207,-159
115000449,230,157,73
115000557,1,1046,-1045
115000558,462,109,353
115000587,415,314,101
115000588,2055,2489,-434
115000589,2939,2304,635
115000590,1049,1248,-199
115000591,1463,690,773
115000592,684,1618,-934
115000593,1437,554,883
115000594,964,2086,-1122
115000609,136,233,-97
115000617,1404,2471,-1067
115000624,259,66,193
115000633,380,1772,-1392
115000634,2380,802,1578
115000635,397,134,263
115000638,697,734,-37
115000641,73,122,-49
115000642,280,234,46
115000643,140,465,-325
115000644,166,372,-206
115000646,868,1584,-716
115000647,180,437,-257
115000648,1349,1891,-542
115000893,2889,1711,1178
115000894,120,1049,-929
115000895,402,722,-320
115000896,1116,399,717
115000897,547,135,412
115000898,619,224,395
115000899,443,1006,-563
115000900,135,383,-248
115000901,57,111,-54
115000912,381,104,277
115000913,1,19,-18
115000915,25,0,25
115000916,4,1,3
115000917,0,22,-22
115000918,95,258,-163
115000919,8,11,-3
115000920,107,36,71
115000921,533,85,448
115000922,1023,668,355
115000923,499,884,-385
115000925,127,47,80
115000927,58,62,-4
115000933,284,177,107
115000934,160,201,-41
115000935,139,123,16
115000936,43,553,-510
115000937,764,142,622
115000938,137,206,-69
115000939,159,163,-4
115000940,56,29,27
115000941,9,14,-5
115000942,17,139,-122
115000943,13,8,5
115000944,24,31,-7
115900001,83,25,58
115900002,77,98,-21
115900003,168,127,41
115900004,0,53,-53
115900005,139,14,125
115900006,153,216,-63
115900008,51,11,40
115900009,123,189,-66
115900010,266,173,93
115900011,366,223,143
115900012,180,52,128
115900013,377,146,231
115900014,93,161,-68
115900015,89,67,22
115900016,86,28,58
115900017,11,7,4
115900018,197,70,127
115900019,165,18,147
115900020,48,1,47
115900021,1109,126,983
115900022,1220,12,1208
115900023,41,7,34
115900025,78,248,-170
115900026,781,215,566
115900027,0,208,-208
115900028,535,52,483
115900029,13,283,-270
115900030,32,42,-10
115900031,395,318,77
115900032,457,676,-219
115900033,1,38,-37
115900034,34,354,-320
115900035,29,23,6
115900036,80,571,-491
115900037,62,325,-263
115900038,22,11,11
115900039,159,176,-17
115900041,482,504,-22
115900042,20,9,11
115900043,121,69,52
115900044,171,233,-62
115900046,236,209,27
115900047,159,121,38
115900049,164,173,-9
115900051,5,33,-28
115900052,10,207,-197
115900053,218,182,36
115900054,190,45,145
115900055,20,126,-106
115900056,195,261,-66
115900057,26,7,19
115900058,33,57,-24
115900060,65,95,-30
115900061,240,1,239
115900062,47,271,-224
115900063,77,11,66
115900064,170,268,-98
115900065,118,87,31
115900066,187,134,53
115900067,6,493,-487
115900068,2719,640,2079
115900069,63,202,-139
115900070,183,134,49
115900071,4,391,-387
115900072,47,141,-94
115900073,69,71,-2
115900074,2,248,-246
115900075,22,209,-187
115900076,2,49,-47
115900077,6,221,-215
115900078,63,92,-29
115900079,180,14,166
115900080,371,238,133
115900081,12,68,-56
115900082,163,139,24
115900084,338,20,318
115900085,49,131,-82
115900086,1600,600,1000
115900088,16,93,-77
115900089,349,654,-305
115900090,276,20,256
115900091,10,28,-18
115900092,11,157,-146
115900093,10,23,-13
115900094,5,282,-277
115900096,10,14,-4
115900097,8,334,-326
115900098,162,300,-138
115900099,66,44,22
115900100,3,506,-503
115900101,128,242,-114
115900102,53,67,-14
115900103,310,193,117
115900104,53,90,-37
115900105,169,510,-341
115900106,59,29,30
115900107,57,99,-42
115900108,92,28,64
115900109,79,396,-317
115900110,5,12,-7
115900111,7,97,-90
115900112,37,817,-780
115900113,51,33,18
115900114,3,118,-115
115900115,68,200,-132
115900116,89,795,-706
115900117,44,24,20
115900118,0,246,-246
115900119,131,105,26
115900120,49,241,-192
115900121,139,188,-49
115900124,158,589,-431
115900125,255,54,201
115900126,663,111,552
115900127,633,76,557
115900128,13,85,-72
115900129,717,53,664
115900130,33,262,-229
115900131,281,41,240
115900132,597,11,586
115900134,370,12,358
115900135,428,1043,-615
115900137,57,2,55
115900139,36,51,-15
115900140,195,34,161
115900141,5,31,-26
115900142,9,18,-9
115900143,166,261,-95
115900144,91,194,-103
115900146,2,103,-101
115900147,230,227,3
115900148,90,8,82
115900149,71,22,49
115900150,60,30,30
115900151,19,88,-69
115900152,94,261,-167
115900153,127,193,-66
115900154,390,367,23
115900155,0,44,-44
115900156,569,815,-246
115900157,133,455,-322
115900158,17,7,10
115900159,121,214,-93
115900160,15,10,5
115900161,45,129,-84
115900163,155,122,33
115900164,461,16,445
115900166,250,157,93
115900168,92,126,-34
115900171,139,351,-212
115900172,66,116,-50
115900173,225,161,64
115900174,198,224,-26
115900175,154,207,-53
115900178,3,530,-527
115900179,241,9,232
115900180,19,136,-117
115900181,139,166,-27
115900182,356,153,203
115900183,73,45,28
115900184,1717,26,1691
115900187,13,119,-106
115900189,1,196,-195
115900190,258,1248,-990
115900191,38,364,-326
115900192,11,87,-76
115900193,204,128,76
115900194,650,87,563
115900195,522,1845,-1323
115900198,185,319,-134
115900199,179,211,-32
115900200,217,287,-70
115900201,519,347,172
115900202,1,47,-46
115900203,11,12,-1
115900204,1,1,0
115900205,102,30,72
115900206,160,175,-15
115900207,28,28,0
115900208,121,117,4
115900209,9,133,-124
115900210,2,119,-117
115900211,4,211,-207
115900212,127,202,-75
115900213,120,65,55
115900214,351,282,69
115900215,34,99,-65
115900216,4,92,-88
115900217,3,56,-53
115900218,6,22,-16
115900219,76,7,69
115900220,134,10,124
115900221,71,12,59
115900222,51,36,15
115900223,11,308,-297
115900224,953,842,111
115900225,54,36,18
115900226,32,33,-1
115900227,6,44,-38
115900228,8,30,-22
115900229,3,39,-36
115900230,32,105,-73
115900231,84,4,80
115900232,58,2,56
115900233,64,11,53
115900234,42,26,16
115900235,14,34,-20
115900236,19,24,-5
115900237,27,36,-9
115900238,27,20,7
115900239,8,27,-19
115900240,15,47,-32
115900241,199,115,84
115900242,183,254,-71
115900243,3,6,-3
115900244,17,15,2
115900245,34,11,23
115900246,15,3,12
115900247,40,17,23
115900248,10,3,7
115900249,6,16,-10
115900250,5,14,-9
115900251,1,11,-10
115900252,2,6,-4
115900253,5,11,-6
115900254,11,28,-17
115900255,16,9,7
115900256,17,16,1
115900257,7,10,-3
115900258,0,2,-2
115900259,8,2,6
115900260,16,1,15
115900261,7,2,5
115900262,1,3,-2
115900263,9,5,4
115900264,8,0,8
115900265,0,9,-9
115900266,3,26,-23
115900267,11,11,0
115900268,7,8,-1
115900269,369,370,-1
115900270,400,389,11
115900271,90,0,90
115900272,18,9,9
115900273,13,19,-6
115900274,2,8,-6
115900275,4,22,-18
115900276,0,35,-35
115900277,1,44,-43
115900278,36,96,-60
115900279,13,166,-153
115900280,15,315,-300
115900281,398,159,239
115900282,7,8,-1
115900283,8,28,-20
115900284,18,8,10
116000001,11209,4623,6586
116000002,4395,8675,-4280
116000003,1802,1809,-7
116000004,2203,3014,-811
116000005,2458,2975,-517
116000006,2446,1968,478
116000007,2536,3341,-805
116000008,3066,1818,1248
116000009,1712,2675,-963
116000010,1853,1373,480
116000011,892,1887,-995
116000012,1271,994,277
116000013,8079,3820,4259
116000014,10585,8296,2289
116000015,251,1080,-829
116000016,5263,2732,2531
116000017,31,655,-624
116000018,634,258,376
116000019,691,297,394
116000020,516,730,-214
116000021,363,277,86
116000022,318,337,-19
116000023,902,635,267
116000024,653,783,-130
116000025,692,660,32
116000026,1585,2130,-545
116000027,888,529,359
116000028,323,546,-223
116000029,629,580,49
116000030,604,380,224
116000031,151,322,-171
116000032,381,163,218
116000033,317,450,-133
116000034,507,768,-261
116000035,316,594,-278
116000036,1916,928,988
116000037,642,470,172
116000038,453,395,58
116000039,621,313,308
116000040,748,242,506
116000041,166,390,-224
116000042,485,224,261
116000043,91,585,-494
116000044,9,86,-77
116000045,1309,963,346
116000046,810,1262,-452
116000047,1394,1907,-513
116000048,1500,1440,60
116000049,1112,2362,-1250
116000050,1090,1103,-13
116000051,5102,2274,2828
116000052,5165,4383,782
116000053,1693,711,982
116000054,655,2149,-1494
116000055,504,862,-358
116000056,789,1050,-261
116000057,2025,1594,431
116000058,2295,2018,277
116000059,2564,3542,-978
116000060,1733,969,764
116000061,576,664,-88
116000062,658,197,461
116000063,592,940,-348
116000066,277,497,-220
116000067,247,495,-248
116000068,204,282,-78
116000069,200,362,-162
116000078,497,1008,-511
116000080,1599,1020,579
116000082,2,68,-66
116000083,1429,346,1083
116000084,2207,3974,-1767
116000085,2180,1768,412
116000086,1868,1400,468
116000087,1537,1379,158
116000088,688,918,-230
116000089,227,84,143
116000090,100,196,-96
116000091,244,248,-4
116000093,952,431,521
116000094,773,611,162
116000095,679,495,184
116000096,599,1196,-597
116000097,748,631,117
116000098,133,4730,-4597
116000099,5093,241,4852
116000100,188,15,173
116000101,946,825,121
116000102,276,1028,-752
116000103,423,274,149
116000104,198,1060,-862
116000105,930,174,756
116000106,360,647,-287
116000107,1598,286,1312
116000108,139,113,26
116000111,127,32,95
116000113,134,106,28
116000114,41,132,-91
116000115,273,120,153
116000116,308,524,-216
116000117,1399,1981,-582
116000118,1357,1225,132
116000119,3121,1953,1168
116000120,2918,4174,-1256
116000121,726,489,237
116000122,1061,1638,-577
116000123,953,468,485
116000124,347,985,-638
116000125,2514,699,1815
116000126,237,1538,-1301
116000127,946,1117,-171
116000128,1435,856,579
116000129,1072,224,848
116000130,450,394,56
116000133,845,776,69
116000134,1847,2143,-296
116000135,2151,1411,740
116000136,1022,1971,-949
116000137,821,594,227
116000138,750,589,161
116000139,1540,1653,-113
116000140,120,169,-49
116000141,366,604,-238
116000142,2594,2618,-24
116000143,1448,1291,157
116000144,1359,1846,-487
116000145,1349,1119,230
116000146,361,256,105
116000147,210,91,119
116000148,365,482,-117
116000149,720,696,24
116000151,640,508,132
116000153,110,352,-242
116000155,215,254,-39
116000156,777,1115,-338
116000157,65,26,39
116000158,362,237,125
116000159,18,11,7
116000160,12,60,-48
116000161,9,71,-62
116000162,55,83,-28
116000163,19,9,10
116000164,12,30,-18
116000177,139,73,66
116000194,85,416,-331
116000195,1374,699,675
116000196,12,6,6
116000197,12,9,3
116000198,2040,837,1203
116000200,531,326,205
116000201,538,592,-54
116000202,8,220,-212
116000203,1,103,-102
116000204,14,73,-59
116000205,1,167,-166
116000206,2,100,-98
116000207,4,40,-36
116000233,250,434,-184
116000287,111,403,-292
116000288,226,205,21
116000292,35,116,-81
116000296,19,166,-147
116000297,130,24,106
116000304,91,34,57
116000305,43,50,-7
116000346,126,107,19
116000352,53,30,23
116000354,32,8,24
116000357,29,18,11
116000358,356,65,291
116000361,251,16,235
116000372,4989,3223,1766
116000381,100,2,98
116000388,1,52,-51
116000389,1001,567,434
116000445,288,506,-218
116000446,457,583,-126
116000447,14,516,-502
116000448,502,238,264
116000563,831,648,183
116000565,40,364,-324
116000568,43,293,-250
116000579,41,122,-81
116000584,17,16,1
116000585,23,7,16
116000586,77,85,-8
116000587,337,545,-208
116000589,27,70,-43
116000590,71,62,9
116000591,186,222,-36
116000592,10,84,-74
116000593,0,30,-30
116000594,434,491,-57
116000595,515,183,332
116000596,72,2,70
116000597,373,96,277
116000598,30,172,-142
116000602,43,147,-104
116000605,218,128,90
116000606,124,214,-90
116000607,1,27,-26
116000609,157,788,-631
116000611,111,469,-358
116000612,612,1610,-998
116000613,448,312,136
116000614,382,509,-127
116000615,2,220,-218
116000616,53,76,-23
116000617,89,50,39
116000618,2,80,-78
116000619,48,68,-20
116000620,65,83,-18
116000621,37,89,-52
116000622,51,139,-88
116000624,141,45,96
116000627,33,42,-9
116000628,77,357,-280
116000629,29,260,-231
116000630,449,15,434
116000631,225,39,186
116000632,590,96,494
116000633,156,257,-101
116000634,295,136,159
116000635,2565,1645,920
116000636,771,949,-178
116000637,441,78,363
116000638,85,302,-217
116000640,4,16,-12
116000641,30,100,-70
116000644,26,415,-389
116900001,228,158,70
116900002,190,3,187
116900003,16,54,-38
116900004,34,41,-7
116900005,233,46,187
116900006,91,142,-51
116900007,120,156,-36
116900008,378,336,42
116900009,6,11,-5
116900010,0,1065,-1065
116900011,16,28,-12
116900012,127,164,-37
116900013,0,165,-165
116900014,64,191,-127
116900015,353,49,304
116900016,174,1,173
116900017,1,440,-439
116900018,58,39,19
116900019,10,278,-268
116900020,841,661,180
116900023,36,21,15
116900024,425,45,380
116900025,797,765,32
116900026,174,518,-344
116900027,37,56,-19
116900028,5,86,-81
116900029,0,50,-50
116900031,1,8,-7
116900032,6,301,-295
116900033,10,20,-10
116900034,14,57,-43
116900035,146,156,-10
116900036,5,89,-84
116900038,18,1,17
116900041,21,28,-7
116900042,555,250,305
116900043,20,65,-45
116900047,40,101,-61
116900049,13,235,-222
116900050,121,403,-282
116900051,74,152,-78
116900052,178,62,116
116900055,2,10,-8
116900057,14,192,-178
116900058,30,295,-265
116900059,0,117,-117
116900060,200,161,39
116900062,0,18,-18
116900064,86,541,-455
116900065,18,96,-78
116900067,107,96,11
116900068,120,175,-55
116900070,1,4,-3
116900072,16,269,-253
116900073,18,91,-73
116900074,1,42,-41
116900076,3,14,-11
116900077,6,94,-88
116900078,285,114,171
116900079,44,181,-137
116900080,31,15,16
116900081,336,1059,-723
116900082,432,754,-322
116900083,62,29,33
116900084,125,52,73
116900085,56,178,-122
116900086,55,179,-124
116900088,349,109,240
116900090,151,38,113
116900091,392,38,354
116900092,84,590,-506
116900093,1547,1820,-273
116900094,3755,2740,1015
116900095,189,69,120
116900096,98,345,-247
116900097,2571,2113,458
116900098,756,295,461
116900099,712,599,113
116900100,741,25,716
116900101,290,478,-188
116900103,9,0,9
116900104,75,81,-6
116900105,218,116,102
116900106,1498,148,1350
116900107,2726,1929,797
116900110,34,0,34
116900111,416,567,-151
116900112,221,806,-585
116900113,1684,1211,473
116900116,141,452,-311
116900117,101,96,5
116900118,631,800,-169
116900120,381,99,282
116900121,111,31,80
116900122,593,612,-19
116900123,159,653,-494
116900124,217,801,-584
116900125,325,174,151
116900126,170,524,-354
116900128,2,35,-33
116900129,3,321,-318
116900130,586,2609,-2023
116900131,103,329,-226
116900132,51,115,-64
116900133,113,127,-14
116900134,196,182,14
116900136,143,202,-59
116900137,253,154,99
116900138,152,171,-19
116900139,166,425,-259
116900140,155,142,13
116900141,591,456,135
116900142,2,65,-63
116900143,305,441,-136
116900144,24,77,-53
116900145,115,221,-106
116900147,446,378,68
116900148,4,37,-33
116900149,41,201,-160
116900150,5,12,-7
116900151,27,16,11
116900153,114,85,29
116900154,568,439,129
116900155,70,59,11
116900157,485,247,238
116900158,150,258,-108
116900159,126,264,-138
116900160,870,518,352
116900161,5113,4794,319
116900162,12,102,-90
116900163,136,126,10
116900164,65,72,-7
116900165,202,198,4
116900166,27,49,-22
116900167,363,62,301
116900168,313,101,212
116900169,602,388,214
116900170,262,465,-203
116900171,33,134,-101
116900172,185,238,-53
116900173,201,27,174
116900174,38,46,-8
116900175,150,151,-1
116900178,26,110,-84
116900179,81,263,-182
116900180,83,25,58
116900182,348,232,116
116900183,115,129,-14
116900185,22,55,-33
116900186,58,199,-141
116900187,60,39,21
116900188,148,33,115
116900189,53,1,52
116900191,347,572,-225
116900192,210,150,60
116900194,139,1141,-1002
116900195,36,12,24
116900196,14,93,-79
116900197,92,7,85
116900198,165,170,-5
116900200,66,24,42
116900201,94,4,90
116900202,132,33,99
116900203,141,1,140
116900204,46,68,-22
116900206,13,18,-5
116900207,23,19,4
116900208,9,75,-66
116900209,18,106,-88
116900210,463,258,205
116900211,146,9,137
116900212,38,61,-23
116900213,206,167,39
116900214,174,149,25
116900215,32,60,-28
116900216,229,199,30
116900218,13,192,-179
116900219,1186,339,847
116900220,96,235,-139
116900221,79,284,-205
116900222,331,302,29
116900223,94,233,-139
116900226,46,61,-15
116900227,182,99,83
116900228,284,182,102
116900230,55,208,-153
116900231,19,321,-302
116900232,5,344,-339
116900233,152,82,70
116900234,6,7,-1
116900235,164,272,-108
116900238,1528,338,1190
116900239,28,1388,-1360
116900240,4339,2268,2071
116900241,50,117,-67
116900242,625,479,146
116900243,3,27,-24
116900245,24,12,12
116900246,86,18,68
116900247,578,9,569
116900248,58,31,27
116900249,295,80,215
116900250,380,47,333
116900251,400,365,35
116900252,106,727,-621
116900253,94,93,1
116900254,34,74,-40
116900255,113,35,78
116900256,270,108,162
116900257,22,383,-361
116900258,3,208,-205
116900259,153,4,149
116900260,3,122,-119
116900261,48,5,43
116900262,144,146,-2
116900263,2,19,-17
116900264,42,45,-3
116900265,36,1,35
116900266,12,36,-24
116900267,4,3,1
116900268,163,80,83
116900269,304,519,-215
116900271,990,205,785
116900272,359,262,97
116900273,195,81,114
116900274,115,62,53
116900275,190,98,92
116900276,481,122,359
116900277,455,33,422
116900278,10,8,2
116900279,4,27,-23
116900280,36,32,4
116900281,4670,3147,1523
116900282,9,80,-71
116900283,15,119,-104
116900284,21,170,-149
116900285,257,149,108
116900286,267,61,206
116900287,5,36,-31
116900288,57,95,-38
116900289,6,12,-6
116900290,5,24,-19
116900291,16,9,7
116900292,0,11,-11
116900293,31,54,-23
116900294,22,125,-103
116900295,83,52,31
116900296,70,49,21
116900297,12,81,-69
116900298,107,43,64
116900299,33,45,-12
116900300,3,84,-81
116900301,55,81,-26
116900302,54,60,-6
116900303,265,83,182
116900304,0,156,-156
116900305,45,48,-3
116900306,127,94,33
116900307,43,2,41
116900308,2,125,-123
116900309,77,101,-24
117000001,1434,1255,179
117000002,1624,3553,-1929
117000003,5553,2870,2683
117000004,3424,4553,-1129
117000005,1819,1677,142
117000006,1250,3111,-1861
117000007,3137,1088,2049
117000008,1007,3444,-2437
117000009,4663,1749,2914
117000010,2743,4110,-1367
117000011,1756,1467,289
117000012,1142,1353,-211
117000013,1712,715,997
117000014,1007,1964,-957
117000015,2013,1040,973
117000016,341,74,267
117000017,414,90,324
117000018,164,422,-258
117000019,109,18,91
117000020,420,1109,-689
117000021,1809,566,1243
117000022,571,120,451
117000023,388,191,197
117000024,268,184,84
117000025,612,840,-228
117000026,2347,1083,1264
117000027,2383,2922,-539
117000028,2917,1366,1551
117000030,489,426,63
117000031,380,222,158
117000032,1686,931,755
117000033,1072,597,475
117000034,307,306,1
117000035,292,214,78
117000036,333,304,29
117000037,215,179,36
117000038,286,449,-163
117000039,394,217,177
117000040,183,959,-776
117000041,850,168,682
117000044,28,753,-725
117000045,485,109,376
117000046,368,666,-298
117000047,680,638,42
117000048,1894,978,916
117000049,106,449,-343
117000050,93,1751,-1658
117000051,1754,125,1629
117000052,37,322,-285
117000053,407,33,374
117000054,1560,4,1556
117000055,17,2714,-2697
117000056,608,18,590
117000057,609,2210,-1601
117000060,432,1256,-824
117000061,1364,718,646
117000062,273,618,-345
117000063,1424,828,596
117000064,653,849,-196
117000066,854,752,102
117000067,135,500,-365
117000074,140,166,-26
117000076,61,35,26
117000077,161,197,-36
117000078,104,579,-475
117000079,267,233,34
117000080,2,288,-286
117000081,871,127,744
117000082,28,68,-40
117000083,133,9,124
117000084,166,4,162
117000085,239,626,-387
117000086,705,423,282
117000087,94,456,-362
117000088,239,136,103
117000089,1287,225,1062
117000090,292,1107,-815
117000091,638,232,406
117000092,397,1101,-704
117000093,893,634,259
117000094,1343,2670,-1327
117000095,3115,818,2297
117000096,548,2146,-1598
117000097,1134,1030,104
117000098,2404,4178,-1774
117000099,2846,1121,1725
117000100,113,301,-188
117000101,188,988,-800
117000102,1282,696,586
117000103,638,1582,-944
117000104,1042,572,470
117000105,768,1496,-728
117000106,938,656,282
117000107,495,1729,-1234
117000108,1251,787,464
117000109,1421,2251,-830
117000110,1120,838,282
117000111,3402,3841,-439
117000112,2811,1568,1243
117000113,148,253,-105
117000114,177,130,47
117000115,76,101,-25
117000116,130,186,-56
117000117,1289,827,462
117000118,253,140,113
117000119,290,153,137
117000120,172,354,-182
117000121,101,843,-742
117000122,296,611,-315
117000123,1373,29,1344
117000124,657,54,603
117000125,320,97,223
117000126,83,13,70
117000127,184,276,-92
117000128,417,659,-242
117000129,308,466,-158
117000130,132,2,130
117000131,0,112,-112
117000132,1953,20,1933
117000133,1307,51,1256
117000134,1,50,-49
117000135,6,42,-36
117000136,2,28,-26
117000137,69,147,-78
117000138,2,568,-566
117000140,409,1442,-1033
117000141,1192,511,681
117000181,518,638,-120
117000182,357,392,-35
117000195,197,987,-790
117000196,192,97,95
117000225,160,24,136
117000226,8,161,-153
117000276,220,17,203
117000277,1,319,-318
117000310,1457,1926,-469
117000315,54,711,-657
117000320,104,0,104
117000906,297,9,288
117000907,14,287,-273
117000909,44,32,12
117000910,153,141,12
117000911,72,174,-102
117000915,8,474,-466
117000916,24,2,22
117000917,864,21,843
117000918,49,51,-2
117000919,14,90,-76
117000920,1,1161,-1160
117000921,3,1055,-1052
117000922,37,103,-66
117000924,298,698,-400
117000926,754,110,644
117000927,1505,701,804
117000928,0,143,-143
117000929,227,281,-54
117000930,220,22,198
117000931,431,135,296
117900002,120,399,-279
117900003,681,371,310
117900005,6,59,-53
117900006,0,51,-51
117900007,118,113,5
117900008,0,19,-19
117900010,225,89,136
117900011,113,94,19
117900012,48,87,-39
117900013,1,191,-190
117900014,431,121,310
117900015,19,103,-84
117900016,946,722,224
117900017,476,270,206
117900018,349,105,244
117900019,345,204,141
117900020,47,373,-326
117900021,30,73,-43
117900022,38,11,27
117900023,734,145,589
117900024,91,71,20
117900025,35,7,28
117900026,276,200,76
117900028,68,9,59
117900029,165,566,-401
117900030,444,297,147
117900031,162,113,49
117900032,702,456,246
117900033,162,433,-271
117900034,43,40,3
117900035,115,84,31
117900036,186,299,-113
117900037,107,81,26
117900038,28,301,-273
117900039,2,55,-53
117900040,92,426,-334
117900041,7,58,-51
117900042,3041,322,2719
117900043,40,51,-11
117900044,48,2405,-2357
117900045,154,108,46
117900048,271,345,-74
117900049,147,328,-181
117900050,9,77,-68
117900051,34,1,33
117900052,33,297,-264
117900053,1430,648,782
117900054,1,32,-31
117900055,204,167,37
117900056,266,40,226
117900057,1122,1086,36
117900058,288,18,270
117900059,290,81,209
117900060,1804,4550,-2746
117900061,27,199,-172
117900063,246,175,71
117900065,539,1146,-607
117900066,5,44,-39
117900067,354,174,180
117900069,503,241,262
117900070,237,21,216
117900071,70,108,-38
117900073,385,255,130
117900074,185,34,151
117900075,66,53,13
117900076,28,42,-14
117900077,365,142,223
117900078,248,811,-563
117900080,97,34,63
117900081,546,350,196
117900082,402,381,21
117900083,219,378,-159
117900086,106,22,84
117900087,136,37,99
117900088,3450,2110,1340
117900089,1789,689,1100
117900090,297,340,-43
117900091,138,220,-82
117900092,60,23,37
117900093,55,50,5
117900094,34,10,24
117900095,252,296,-44
117900096,96,201,-105
117900097,109,54,55
117900098,17,9,8
117900099,109,177,-68
117900100,175,4,171
117900101,377,1360,-983
117900102,42,38,4
117900103,38,0,38
117900104,34,93,-59
117900105,141,174,-33
117900106,83,41,42
117900107,28,1,27
117900109,487,345,142
117900110,99,2,97
117900111,237,27,210
117900112,38,14,24
117900113,2788,1316,1472
117900114,22,0,22
117900115,282,36,246
117900116,867,829,38
117900117,468,278,190
117900118,62,0,62
117900119,176,184,-8
117900120,165,83,82
117900121,98,16,82
117900122,1170,2619,-1449
117900123,648,386,262
117900124,700,628,72
117900125,1621,1807,-186
117900126,231,502,-271
117900127,421,390,31
117900128,394,518,-124
117900129,51,1,50
117900130,784,372,412
117900131,1,99,-98
117900132,17,113,-96
117900133,14,107,-93
117900134,36,191,-155
117900135,54,218,-164
117900136,0,40,-40
117900137,29,287,-258
117900138,0,25,-25
117900139,104,139,-35
117900140,2653,196,2457
117900141,296,203,93
117900142,109,26,83
117900144,94,204,-110
117900145,111,36,75
117900146,174,189,-15
117900147,61,53,8
117900148,2170,1291,879
117900149,109,197,-88
117900150,46,41,5
117900151,34,82,-48
117900152,75,76,-1
117900153,19,96,-77
117900154,373,537,-164
117900156,921,838,83
117900157,85,542,-457
117900158,237,97,140
117900160,546,614,-68
117900161,2560,2057,503
117900162,273,368,-95
117900163,114,80,34
117900165,1,13,-12
117900166,132,403,-271
117900168,14,96,-82
117900169,2,94,-92
117900170,2,33,-31
117900171,1,30,-29
117900172,11,29,-18
117900173,124,109,15
117900174,30,50,-20
117900175,4,37,-33
117900176,21,39,-18
117900177,27,46,-19
117900178,90,31,59
117900180,268,39,229
117900181,74,261,-187
117900182,10,50,-40
117900183,60,179,-119
117900184,20,53,-33
117900185,33,58,-25
117900186,29,28,1
117900187,11,11,0
117900188,163,72,91
117900189,44,31,13
117900190,20,0,20
117900191,121,2,119
117900192,204,2,202
117900193,25,35,-10
117900194,7,2,5
117900195,20,51,-31
117900196,6,26,-20
117900207,170,101,69
117900208,25,18,7
117900209,182,189,-7
117900210,148,176,-28
117900211,10,158,-148
117900212,82,134,-52
117900213,24,12,12
117900214,5,17,-12
117900215,15,34,-19
117900216,24,29,-5
117900217,98,209,-111
117900218,150,153,-3
117900219,7,87,-80
117900220,133,107,26
117900222,225,255,-30
117900223,146,277,-131
118000001,721,781,-60
118000002,997,1879,-882
118000003,2166,2628,-462
118000004,3530,2783,747
118000005,4377,4824,-447
118000006,5909,9570,-3661
118000007,4931,3112,1819
118000008,5305,3137,2168
118000009,1721,3413,-1692
118000010,6193,4102,2091
118000011,1134,1970,-836
118000012,1139,1722,-583
118000013,2442,2219,223
118000014,1819,2277,-458
118000016,159,413,-254
118000017,445,365,80
118000018,346,489,-143
118000019,2418,1311,1107
118000020,1469,2894,-1425
118000021,784,2732,-1948
118000022,1703,779,924
118000023,952,309,643
118000024,1698,1065,633
118000027,13407,11161,2246
118000029,965,636,329
118000032,1136,3169,-2033
118000033,2935,4840,-1905
118000034,5213,2431,2782
118000035,1582,2457,-875
118000036,1074,989,85
118000037,679,717,-38
118000038,150,99,51
118000039,138,185,-47
118000040,1594,1107,487
118000041,2140,1304,836
118000045,901,195,706
118000046,1385,473,912
118000047,951,722,229
118000048,3828,1515,2313
118000051,2294,1085,1209
118000052,1502,671,831
118000053,528,383,145
118000054,1221,1012,209
118000055,1056,1429,-373
118000056,341,353,-12
118000057,223,370,-147
118000058,4501,1408,3093
118000059,2059,807,1252
118000060,783,474,309
118000061,975,1026,-51
118000062,636,341,295
118000063,379,488,-109
118000064,725,1135,-410
118000065,4281,1769,2512
118000066,709,1323,-614
118000067,1412,711,701
118000068,2081,3732,-1651
118000069,2963,1079,1884
118000070,5015,1869,3146
118000071,3265,5377,-2112
118000072,1875,1108,767
118000073,2796,552,2244
118000074,529,542,-13
118000075,600,282,318
118000076,1616,1927,-311
118000077,1339,1143,196
118000078,1524,1879,-355
118000079,254,316,-62
118000080,1119,944,175
118000081,1742,1060,682
118000082,327,1096,-769
118000083,1616,1636,-20
118000084,3340,1501,1839
118000086,345,556,-211
118000087,4506,2410,2096
118000088,1842,1567,275
118000089,2911,1774,1137
118000090,1257,2445,-1188
118000091,926,2078,-1152
118000092,1092,523,569
118000093,108,616,-508
118000096,432,638,-206
118000097,768,612,156
118000098,293,168,125
118000099,427,583,-156
118000101,956,330,626
118000102,351,1292,-941
118000107,1585,405,1180
118000108,582,1669,-1087
118000110,1,26,-25
118000111,2,254,-252
118000112,356,2,354
118000113,2,501,-499
118000114,295,7,288
118000115,12,17,-5
118000116,40,1,39
118000117,1262,708,554
118000118,802,857,-55
118000119,930,986,-56
118000120,1522,1147,375
118000121,102,640,-538
118000122,1238,318,920
118000123,64,260,-196
118000125,1622,863,759
118000126,641,1324,-683
118000127,1553,568,985
118000128,707,1042,-335
118000129,857,310,547
118000130,2166,2806,-640
118000131,635,686,-51
118000132,2119,1663,456
118000133,857,361,496
118000135,491,359,132
118000136,144,418,-274
118000137,594,118,476
118000138,344,476,-132
118000139,288,94,194
118000140,2181,3331,-1150
118000141,1740,1695,45
118000142,1505,1283,222
118000143,1858,1063,795
118000144,989,835,154
118000145,1399,1919,-520
118000146,1095,818,277
118000147,732,1558,-826
118000148,430,995,-565
118000149,943,885,58
118000150,345,259,86
118000151,340,345,-5
118000153,1131,1010,121
118000154,1102,1360,-258
118000155,1158,1131,27
118000156,1757,2234,-477
118000157,447,336,111
118000158,130,375,-245
118000159,19,84,-65
118000160,412,313,99
118000161,366,680,-314
118000162,1734,739,995
118000163,685,641,44
118000164,1644,1247,397
118000168,1018,500,518
118000169,1040,1139,-99
118000170,4219,4973,-754
118000171,263,600,-337
118000172,78,266,-188
118000173,901,1094,-193
118000175,254,225,29
118000176,213,332,-119
118000177,171,380,-209
118000178,22,42,-20
118000179,986,817,169
118000180,680,547,133
118000181,618,247,371
118000182,214,201,13
118000183,171,263,-92
118000184,745,630,115
118000185,824,792,32
118000186,670,879,-209
118000187,944,618,326
118000188,564,148,416
118000189,463,658,-195
118000190,8,16,-8
118000191,37,16,21
118000192,148,183,-35
118000193,97,263,-166
118000194,1071,788,283
118000195,1265,761,504
118000196,454,174,280
118000197,406,136,270
118000198,591,585,6
118000199,465,320,145
118000200,122,222,-100
118000201,403,375,28
118000202,61,53,8
118000203,1359,479,880
118000204,178,283,-105
118000205,208,297,-89
118000206,198,152,46
118000207,1,50,-49
118000208,1133,1376,-243
118000209,1553,1559,-6
118000210,81,38,43
118000211,26,29,-3
118000213,1019,1173,-154
118000214,589,509,80
118000215,272,170,102
118000216,1553,2918,-1365
118000217,18,136,-118
118000218,76,133,-57
118000219,405,303,102
118000220,4,28,-24
118000221,179,283,-104
118000222,78,10,68
118000223,46,50,-4
118000224,158,92,66
118000225,70,508,-438
118000226,805,162,643
118000227,760,303,457
118000228,156,231,-75
118000229,228,73,155
118000230,113,191,-78
118000231,89,191,-102
118000232,673,739,-66
118000233,882,694,188
118000234,462,169,293
118000236,362,274,88
118000237,100,349,-249
118000238,233,150,83
118000239,207,233,-26
118000240,332,148,184
118000241,95,168,-73
118000242,295,631,-336
118000243,255,178,77
118000244,37,142,-105
118000246,0,18,-18
118000255,73,229,-156
118000256,117,222,-105
118000259,14,36,-22
118000260,147,86,61
118000261,27,37,-10
118000263,64,134,-70
118000266,110,259,-149
118000267,0,89,-89
118000268,381,4,377
118000270,89,31,58
118000271,191,220,-29
118000272,78,23,55
118000273,139,76,63
118000274,85,305,-220
118000276,376,279,97
118000295,9,105,-96
118000298,69,252,-183
118000299,59,164,-105
118000301,0,51,-51
118000302,87,72,15
118000311,384,89,295
118000312,248,184,64
118000313,46,127,-81
118000314,60,60,0
118000315,21,45,-24
118000316,633,419,214
118000325,34,58,-24
118000326,24,28,-4
118000331,32,73,-41
118000332,13,53,-40
118000333,25,74,-49
118000335,250,0,250
118000336,0,214,-214
118000407,128,67,61
118000457,17,29,-12
118000465,3367,3695,-328
118000480,31,90,-59
118000489,48,230,-182
118000490,30,199,-169
118000492,202,159,43
118000510,81,20,61
118000514,142,288,-146
118000515,590,477,113
118000517,297,190,107
118000524,276,184,92
118000525,802,649,153
118000530,12,66,-54
118000531,183,238,-55
118000532,181,270,-89
118000533,302,95,207
118000534,379,417,-38
118000535,259,123,136
118000536,658,1190,-532
118000537,39,107,-68
118000538,20,36,-16
118000539,9,48,-39
118000540,247,84,163
118000541,151,54,97
118000542,59,107,-48
118000543,173,121,52
118000546,42,16,26
118000553,0,2,-2
118000560,2322,1739,583
118000562,20,95,-75
118000563,1262,1107,155
118000576,200,154,46
118000577,110,200,-90
118000578,223,141,82
118000579,532,910,-378
118000583,0,0,0
118000595,168,81,87
118000596,0,70,-70
118000597,111,133,-22
118000598,8,0,8
118000599,53,41,12
118000600,4,11,-7
118000601,6,0,6
118000602,1,5,-4
118000603,0,19,-19
118000605,44,224,-180
118900001,574,1363,-789
118900002,720,563,157
118900003,268,10,258
118900004,37,43,-6
118900005,95,4,91
118900006,147,12,135
118900007,10,5,5
118900008,1005,43,962
118900009,49,27,22
118900010,67,6,61
118900011,219,34,185
118900012,300,162,138
118900013,400,110,290
118900015,202,57,145
118900016,10,7,3
118900017,234,308,-74
118900018,635,34,601
118900019,41,24,17
118900020,219,160,59
118900021,99,237,-138
118900022,123,92,31
118900023,129,90,39
118900024,116,116,0
118900025,37,20,17
118900026,43,71,-28
118900027,359,206,153
118900028,115,121,-6
118900029,345,267,78
118900030,255,78,177
118900031,91,96,-5
118900032,182,191,-9
118900033,376,373,3
118900034,165,28,137
118900035,97,161,-64
118900036,1104,644,460
118900037,338,239,99
118900038,319,180,139
118900039,357,141,216
118900040,175,147,28
118900041,435,131,304
118900042,195,91,104
118900045,246,142,104
118900046,784,322,462
118900047,439,212,227
118900048,170,169,1
118900049,62,34,28
118900050,19,92,-73
118900051,64,76,-12
118900052,392,172,220
118900053,23,87,-64
118900054,89,55,34
118900055,64,120,-56
118900056,77,234,-157
118900057,583,408,175
118900058,388,293,95
118900059,18,79,-61
118900060,46,83,-37
118900062,451,158,293
118900064,536,380,156
118900065,57,146,-89
118900066,53,74,-21
118900067,3574,2650,924
118900068,25,186,-161
118900069,316,206,110
118900071,7,80,-73
118900072,362,270,92
118900073,88,100,-12
118900074,113,166,-53
118900075,49,67,-18
118900076,155,100,55
118900077,181,148,33
118900078,41,9,32
118900079,35,154,-119
118900080,17,148,-131
118900081,62,35,27
118900082,451,116,335
118900083,17,19,-2
118900084,10,15,-5
118900085,451,756,-305
118900086,30,75,-45
118900087,14,159,-145
118900088,1,21,-20
118900089,36,19,17
118900090,333,288,45
118900091,149,159,-10
118900092,121,92,29
118900093,114,19,95
118900096,94,108,-14
118900097,219,486,-267
118900099,43,169,-126
118900100,103,215,-112
118900101,125,387,-262
118900102,53,99,-46
118900103,48,124,-76
118900104,240,138,102
118900105,202,94,108
118900107,129,61,68
118900108,64,100,-36
118900110,1214,561,653
118900111,329,417,-88
118900112,46,150,-104
118900113,102,387,-285
118900114,13,65,-52
118900115,132,418,-286
118900116,105,162,-57
118900117,88,179,-91
118900118,242,273,-31
118900119,103,174,-71
118900120,75,284,-209
118900121,8,145,-137
118900122,11,577,-566
118900123,126,172,-46
118900124,61,146,-85
118900126,27,298,-271
118900129,202,223,-21
118900130,81,155,-74
118900131,121,139,-18
118900132,212,227,-15
118900133,16,104,-88
118900135,177,177,0
118900136,201,424,-223
118900137,7,33,-26
118900139,138,237,-99
118900140,309,494,-185
118900141,124,132,-8
118900144,106,356,-250
118900145,35,110,-75
118900146,298,613,-315
118900147,198,151,47
118900148,79,45,34
118900150,134,353,-219
118900152,569,719,-150
118900157,84,104,-20
118900158,73,59,14
118900159,2,124,-122
118900161,75,7,68
118900163,101,87,14
118900164,3,87,-84
118900165,31,134,-103
118900166,20,1,19
118900167,91,93,-2
118900168,15,156,-141
118900169,106,284,-178
118900170,101,89,12
118900171,25,47,-22
118900174,59,51,8
118900175,309,360,-51
118900176,113,174,-61
118900177,56,68,-12
118900178,62,186,-124
118900179,8,34,-26
118900181,76,146,-70
118900182,80,45,35
118900183,27,107,-80
118900184,287,99,188
118900185,70,86,-16
118900186,63,95,-32
118900187,218,238,-20
118900188,233,184,49
118900189,30,553,-523
118900190,10,246,-236
118900191,96,40,56
118900192,121,14,107
118900193,370,6,364
118900195,282,501,-219
118900196,34,150,-116
118900197,73,33,40
118900198,11,23,-12
118900199,70,39,31
118900200,24,11,13
118900201,31,25,6
118900202,9,39,-30
118900203,7,30,-23
118900204,9,26,-17
118900205,2,12,-10
118900206,6,13,-7
119000001,1146,1466,-320
119000002,3794,3223,571
119000003,1997,985,1012
119000004,1796,1076,720
119000005,1436,1559,-123
119000006,2300,1342,958
119000007,2794,2677,117
119000008,1836,1754,82
119000009,3088,3543,-455
119000010,5525,3793,1732
119000011,3542,2338,1204
119000012,2941,3148,-207
119000013,2022,1247,775
119000014,1877,3120,-1243
119000019,277,125,152
119000020,1943,1183,760
119000021,3481,1947,1534
119000022,2589,1903,686
119000023,286,235,51
119000024,1512,8045,-6533
119000025,6078,1126,4952
119000026,177,376,-199
119000027,244,385,-141
119000028,1803,893,910
119000029,102,247,-145
119000030,429,793,-364
119000031,711,737,-26
119000032,1719,2240,-521
119000033,1776,1259,517
119000034,888,898,-10
119000035,28,352,-324
119000036,1500,717,783
119000037,1000,1503,-503
119000038,121,755,-634
119000039,272,242,30
119000040,745,450,295
119000041,634,953,-319
119000048,2845,3061,-216
119000049,1533,2323,-790
119000050,1531,1731,-200
119000051,1546,1014,532
119000052,1685,2614,-929
119000053,1700,1050,650
119000054,2788,3005,-217
119000055,3466,2916,550
119000056,1984,1825,159
119000057,1294,1855,-561
119000058,1734,1670,64
119000059,1206,1578,-372
119000060,1406,1043,363
119000061,895,809,86
119000062,1067,1295,-228
119000063,371,362,9
119000064,844,1022,-178
119000065,2058,3226,-1168
119000066,1806,1020,786
119000067,1638,1966,-328
119000068,1324,1054,270
119000069,1317,2123,-806
119000070,2128,913,1215
119000071,444,712,-268
119000072,4511,2600,1911
119000073,3780,5445,-1665
119000074,1079,2129,-1050
119000075,1779,2069,-290
119000076,362,754,-392
119000077,567,408,159
119000078,342,194,148
119000079,110,525,-415
119000080,395,180,215
119000081,249,377,-128
119000082,736,220,516
119000083,477,288,189
119000084,290,410,-120
119000085,506,187,319
119000086,237,402,-165
119000087,1507,852,655
119000088,328,271,57
119000089,70,190,-120
119000090,152,154,-2
119000091,102,339,-237
119000092,492,179,313
119000093,3251,2720,531
119000094,2399,4968,-2569
119000095,1542,2360,-818
119000097,2047,1366,681
119000098,725,2048,-1323
119000099,2217,1594,623
119000100,3035,2561,474
119000101,3514,1755,1759
119000102,963,1076,-113
119000103,1578,496,1082
119000104,2309,1321,988
119000105,902,1674,-772
119000106,297,1239,-942
119000107,621,380,241
119000108,369,922,-553
119000109,165,386,-221
119000110,464,365,99
119000111,45,563,-518
119000112,200,102,98
119000113,1933,249,1684
119000114,829,924,-95
119000115,118,132,-14
119000116,108,85,23
119000117,130,333,-203
119000118,7,0,7
119000123,4542,1390,3152
119000124,573,210,363
119000125,3109,808,2301
119000126,999,651,348
119000127,414,487,-73
119000128,25,8,17
119000131,856,739,117
119000132,1,5,-4
119000133,2,5,-3
119000134,1865,523,1342
119000135,118,232,-114
119000136,225,179,46
119000137,134,330,-196
119000138,320,262,58
119000139,249,213,36
119000140,187,322,-135
119000284,1194,2490,-1296
119000285,2258,2112,146
119000286,6791,5103,1688
119000287,1141,1869,-728
119000288,1727,1229,498
119000289,1827,2686,-859
119000290,168,402,-234
119000291,3,213,-210
119000293,77,151,-74
119000294,32,32,0
119000295,1201,366,835
119000296,170,127,43
119000302,2328,1210,1118
119000303,58,91,-33
119000310,0,0,0
119000314,1378,7852,-6474
119000315,0,398,-398
119000316,113,102,11
119000317,51,308,-257
119900001,207,992,-785
119900002,158,252,-94
119900003,53,970,-917
119900004,267,870,-603
119900005,169,118,51
119900006,217,374,-157
119900007,1228,194,1034
119900008,30,30,0
119900009,539,646,-107
119900010,896,917,-21
119900011,18,106,-88
119900012,14,105,-91
119900013,1719,829,890
119900014,521,180,341
119900015,79,28,51
119900016,37,89,-52
119900017,45,38,7
119900018,1917,664,1253
119900019,43,10,33
119900020,269,188,81
119900021,142,84,58
119900022,128,569,-441
119900023,543,1288,-745
119900025,146,31,115
119900026,770,166,604
119900027,25,14,11
119900028,208,140,68
119900029,1,8,-7
119900030,557,427,130
119900031,53,334,-281
119900033,2119,272,1847
119900034,388,94,294
119900037,211,28,183
119900038,53,276,-223
119900039,80,18,62
119900040,73,18,55
119900041,111,40,71
119900042,86,108,-22
119900043,76,143,-67
119900044,229,840,-611
119900046,80,65,15
119900047,228,81,147
119900048,28,29,-1
119900049,143,7,136
119900050,105,100,5
119900051,371,20,351
119900052,57,51,6
119900053,209,162,47
119900054,107,10,97
119900055,1171,443,728
119900057,165,59,106
119900058,234,6,228
119900059,117,33,84
119900060,217,21,196
119900062,45,26,19
119900063,19,61,-42
119900065,192,13,179
119900066,0,0,0
119900067,89,17,72
119900068,401,4,397
119900069,49,51,-2
119900070,698,5,693
119900071,524,22,502
119900073,1497,573,924
119900074,53,42,11
119900075,4266,2390,1876
119900076,473,318,155
119900077,789,855,-66
119900078,505,804,-299
119900079,201,266,-65
119900080,1438,1298,140
119900081,365,37,328
119900082,950,130,820
119900083,405,219,186
119900084,738,314,424
119900085,62,89,-27
119900087,681,335,346
119900088,34,41,-7
119900089,29,415,-386
119900090,126,68,58
119900091,49,726,-677
119900092,64,318,-254
119900093,1067,214,853
119900094,57,152,-95
119900095,245,102,143
119900096,45,114,-69
119900097,482,186,296
119900098,36,64,-28
119900099,29,228,-199
119900100,2062,2218,-156
119900101,143,1016,-873
119900102,96,217,-121
119900103,38,298,-260
119900104,44,172,-128
119900105,732,1611,-879
119900106,15,154,-139
119900107,321,2660,-2339
119900108,1930,610,1320
119900109,39,170,-131
119900110,605,537,68
119900111,80,277,-197
119900112,1611,559,1052
119900113,54,226,-172
119900114,237,1072,-835
119900115,280,861,-581
119900116,154,378,-224
119900117,357,522,-165
119900118,77,727,-650
119900119,218,213,5
119900120,707,518,189
119900121,332,904,-572
119900122,517,338,179
119900123,226,316,-90
119900124,182,831,-649
119900125,59,305,-246
119900126,3394,309,3085
119900127,1925,991,934
119900128,408,696,-288
119900129,253,472,-219
119900130,16,209,-193
119900131,61,238,-177
119900132,8,192,-184
119900133,57,106,-49
119900134,1614,255,1359
119900135,1,329,-328
119900136,219,307,-88
119900138,370,507,-137
119900139,11,103,-92
119900140,6,124,-118
119900141,133,651,-518
119900142,16,40,-24
119900143,10,125,-115
119900144,1581,235,1346
119900145,116,147,-31
119900146,142,158,-16
119900147,4,188,-184
119900148,147,88,59
119900149,990,3075,-2085
119900150,143,153,-10
119900151,1535,691,844
119900152,104,314,-210
119900153,126,84,42
119900154,25,245,-220
119900155,51,51,0
119900156,23,7,16
119900157,131,235,-104
119900158,107,88,19
119900159,7,1300,-1293
119900160,19,139,-120
119900161,167,209,-42
119900162,810,938,-128
119900163,134,150,-16
119900164,0,0,0
119900165,114,247,-133
119900166,73,60,13
119900167,95,102,-7
119900168,696,459,237
119900169,110,332,-222
119900170,196,285,-89
119900171,995,401,594
119900172,158,16,142
119900173,9,397,-388
119900174,14,146,-132
119900175,968,686,282
119900177,26,215,-189
119900178,23,142,-119
119900179,77,365,-288
119900180,803,817,-14
119900181,47,89,-42
119900182,9,302,-293
119900183,157,667,-510
119900184,2019,561,1458
119900185,46,167,-121
119900186,50,630,-580
119900187,17,365,-348
119900188,98,354,-256
119900189,475,501,-26
119900190,41,239,-198
119900191,329,193,136
119900192,52,156,-104
119900193,320,174,146
119900194,22,85,-63
119900195,62,158,-96
119900196,1194,461,733
119900197,208,140,68
119900198,124,251,-127
119900199,133,7,126
119900200,565,697,-132
119900201,400,207,193
119900202,98,188,-90
119900203,201,548,-347
119900204,232,303,-71
119900205,650,475,175
119900206,130,127,3
119900208,178,139,39
119900209,499,1202,-703
119900210,30,23,7
119900211,79,12,67
119900212,235,308,-73
119900213,11,76,-65
119900214,18,73,-55
119900215,46,62,-16
119900216,21,74,-53
119900217,9,51,-42
119900218,22,77,-55
119900219,11,102,-91
119900220,8,76,-68
119900221,28,309,-281
119900222,13,198,-185
119900223,14,82,-68
119900224,13,34,-21
119900225,869,64,805
119900226,591,1510,-919
119900227,999,355,644
119900228,34,268,-234
119900229,342,440,-98
119900230,1622,648,974
119900231,198,141,57
119900232,248,103,145
119900233,79,7,72
119900234,15,67,-52
119900235,46,36,10
119900236,30,183,-153
119900237,46,551,-505
119900238,7,70,-63
119900240,89,142,-53
119900241,152,271,-119
119900242,1437,1617,-180
119900244,609,1295,-686
119900245,146,180,-34
119900246,273,506,-233
119900247,46,117,-71
119900248,83,179,-96
119900249,217,100,117
119900253,2431,372,2059
119900254,106,530,-424
119900255,94,509,-415
119900256,571,868,-297
119900257,42,6,36
119900258,116,6,110
119900259,12,83,-71
119900260,97,8,89
119900261,225,123,102
119900262,1,218,-217
119900263,917,353,564
119900264,109,138,-29
119900265,288,321,-33
119900266,302,287,15
119900267,289,526,-237
119900268,127,168,-41
119900269,836,971,-135
119900271,26,82,-56
119900272,363,148,215
119900275,129,17,112
119900276,65,3,62
119900277,7,15,-8
119900278,232,84,148
119900279,132,246,-114
119900280,612,154,458
119900281,0,187,-187
119900282,59,101,-42
119900283,18,226,-208
119900284,44,247,-203
119900285,15,36,-21
119900286,3,20,-17
119900288,8,27,-19
119900289,0,21,-21
119900290,5,15,-10
119900291,0,77,-77
119900292,39,28,11
119900293,25,1,24
119900294,20,0,20
119900295,0,0,0
119900296,1,0,1
119900299,45,166,-121
119900300,161,162,-1
119900301,48,74,-26
119900302,109,73,36
119900303,163,155,8
119900304,183,45,138
119900305,13,121,-108
119900306,39,8,31
119900307,80,90,-10
119900308,3,34,-31
119900309,36,105,-69
119900310,298,308,-10
119900311,75,106,-31
119900312,97,68,29
119900313,270,280,-10
119900314,146,362,-216
119900315,1584,1997,-413
119900318,13,27,-14
119900319,10,274,-264
119900320,222,580,-358
119900321,64,4,60
119900322,13,101,-88
119900323,7,169,-162
119900324,1,51,-50
119900325,152,342,-190
119900326,104,82,22
120000001,6082,11776,-5694
120000002,2444,2853,-409
120000003,3436,1778,1658
120000004,2836,2289,547
120000005,4358,2040,2318
120000006,1170,1436,-266
120000007,3564,2852,712
120000008,1101,1387,-286
120000009,3197,945,2252
120000010,1561,2555,-994
120000011,911,1787,-876
120000012,1465,2764,-1299
120000013,2638,2502,136
120000014,605,1283,-678
120000015,2162,1405,757
120000016,3290,2011,1279
120000017,2279,1994,285
120000018,3663,9549,-5886
120000019,899,1263,-364
120000020,2728,2848,-120
120000021,1638,2054,-416
120000022,2633,3640,-1007
120000023,1011,1543,-532
120000024,1426,2290,-864
120000025,2176,1959,217
120000026,1450,1802,-352
120000027,1845,2038,-193
120000028,710,621,89
120000029,2929,714,2215
120000030,291,842,-551
120000031,1869,4757,-2888
120000032,7689,4324,3365
120000033,4867,2043,2824
120000034,1393,1852,-459
120000035,1737,1874,-137
120000036,2633,4668,-2035
120000037,698,1398,-700
120000038,6124,3414,2710
120000039,554,733,-179
120000040,96,268,-172
120000041,1261,1255,6
120000042,1597,2409,-812
120000043,4229,1847,2382
120000044,4231,1650,2581
120000045,4694,1013,3681
120000046,2539,2115,424
120000047,1091,4141,-3050
120000048,6491,3936,2555
120000049,2599,2593,6
120000050,3853,3744,109
120000051,2745,4007,-1262
120000052,8164,2532,5632
120000053,1268,2645,-1377
120000054,1235,4054,-2819
120000055,1776,4825,-3049
120000056,3735,3460,275
120000057,2510,634,1876
120000058,2764,478,2286
120000059,27,1411,-1384
120000061,97,582,-485
120000062,199,223,-24
120000063,1621,2386,-765
120000064,238,1105,-867
120000065,497,1629,-1132
120000066,320,534,-214
120000067,62,464,-402
120000068,227,816,-589
120000069,482,1014,-532
120000070,83,641,-558
120000071,388,179,209
120000072,592,355,237
120000073,754,104,650
120000074,119,102,17
120000075,797,306,491
120000076,1540,371,1169
120000077,1522,650,872
120000078,2871,1232,1639
120000079,324,336,-12
120000080,179,266,-87
120000081,330,162,168
120000082,208,285,-77
120000083,165,717,-552
120000084,393,333,60
120000085,270,288,-18
120000086,308,490,-182
120000087,154,601,-447
120000088,617,1076,-459
120000089,964,643,321
120000090,643,551,92
120000091,755,974,-219
120000092,1151,605,546
120000093,372,472,-100
120000094,176,642,-466
120000095,1030,547,483
120000096,277,713,-436
120000098,958,860,98
120000099,364,903,-539
120000100,737,993,-256
120000101,444,446,-2
120000102,451,744,-293
120000103,1232,786,446
120000104,1364,449,915
120000105,2688,753,1935
120000106,1889,705,1184
120000107,3219,663,2556
120000108,1087,141,946
120000109,892,55,837
120000110,54,827,-773
120000111,128,1054,-926
120000112,817,2815,-1998
120000113,659,2072,-1413
120000114,994,2813,-1819
120000115,308,2361,-2053
120000116,709,1906,-1197
120000117,1169,1353,-184
120000118,44,17,27
120000119,24,75,-51
120000120,50,53,-3
120000121,30,66,-36
120000122,267,290,-23
120000123,5137,4454,683
120000124,383,308,75
120000125,400,688,-288
120000126,318,787,-469
120000127,2771,877,1894
120000128,3496,3239,257
120000129,178,276,-98
120000130,666,486,180
120000131,243,564,-321
120000134,467,1074,-607
120000135,445,409,36
120000137,214,1148,-934
120000138,673,389,284
120000139,252,670,-418
120000140,673,542,131
120000141,260,450,-190
120000142,541,572,-31
120000143,0,78,-78
120000144,109,4,105
120000145,296,3,293
120000146,1367,919,448
120000149,615,1092,-477
120000150,3564,10091,-6527
120000151,365,464,-99
120000152,388,160,228
120000153,298,502,-204
120000154,450,379,71
120000155,97,258,-161
120000156,902,785,117
120000157,886,566,320
120000158,828,786,42
120000159,2047,2710,-663
120000160,2363,1242,1121
120000161,1715,2109,-394
120000162,102,247,-145
120000163,600,1257,-657
120000164,447,355,92
120000165,491,787,-296
120000166,1272,515,757
120000167,105,138,-33
120000168,19,448,-429
120000169,57,1367,-1310
120000170,56,625,-569
120000171,24,248,-224
120000172,33,93,-60
120000173,2337,531,1806
120000174,416,56,360
120000175,332,42,290
120000176,381,48,333
120000177,1156,151,1005
120000178,109,12,97
120000179,330,53,277
120000180,722,67,655
120000181,108,676,-568
120000182,84,349,-265
120000183,15,291,-276
120000184,117,877,-760
120000186,112,329,-217
120000187,56,154,-98
120000188,148,242,-94
120000190,1085,39,1046
120000191,1068,96,972
120000192,1227,24,1203
120000193,694,19,675
120000195,86,5,81
120000196,346,59,287
120000197,129,105,24
120000198,129,88,41
120000199,70,0,70
120000200,125,1,124
120000201,11,31,-20
120000202,8,48,-40
120000203,35,185,-150
120000207,3,51,-48
120000208,13,177,-164
120000209,7,62,-55
120000210,85,96,-11
120000211,147,3,144
120000212,138,6,132
120000213,82,262,-180
120000214,0,299,-299
120000215,6,130,-124
120000216,75,6,69
120000217,635,964,-329
120000218,135,644,-509
120000219,6,442,-436
120000220,5,1502,-1497
120000225,1303,7,1296
120000226,339,5,334
120000227,770,48,722
120000228,7117,2932,4185
120000230,312,18,294
120000231,1074,2089,-1015
120000233,222,19,203
120000235,261,679,-418
120000236,693,3,690
120000237,0,1230,-1230
120000238,1,469,-468
120000241,1110,3140,-2030
120000412,986,9,977
120000413,226,276,-50
120000414,67,3,64
120000415,0,122,-122
120000416,70,5,65
120000417,12,84,-72
120000418,122,21,101
120000419,11,287,-276
120000420,52,29,23
120000421,10106,6023,4083
120000422,158,1040,-882
120000423,2,49,-47
120000424,72,131,-59
120000436,137,528,-391
120000437,97,146,-49
120000438,2493,278,2215
120000439,188,446,-258
120000443,198,1,197
120000444,1257,490,767
120000445,1245,924,321
120000446,706,220,486
120000447,147,1,146
120000449,130,3,127
120000450,8,199,-191
120000451,155,195,-40
120000452,143,1,142
120000453,0,278,-278
120000454,61,34,27
120000455,101,48,53
120000456,2297,3312,-1015
120000457,1055,557,498
120000458,451,586,-135
120000459,48,31,17
120000665,858,215,643
120000668,156,457,-301
120000669,47,127,-80
120000670,260,426,-166
120000671,1077,385,692
120000672,124,557,-433
120900001,56,77,-21
120900002,383,491,-108
120900003,305,29,276
120900004,14,55,-41
120900005,97,842,-745
120900006,331,199,132
120900007,148,94,54
120900008,189,1147,-958
120900009,460,27,433
120900010,391,95,296
120900011,257,160,97
120900012,360,1008,-648
120900013,314,87,227
120900014,7,494,-487
120900015,629,78,551
120900016,732,48,684
120900017,2186,82,2104
120900018,84,404,-320
120900019,606,315,291
120900020,746,1164,-418
120900021,628,200,428
120900022,28,336,-308
120900023,234,28,206
120900024,1913,609,1304
120900025,1672,1062,610
120900026,223,126,97
120900027,639,15,624
120900028,276,105,171
120900029,197,346,-149
120900030,1048,656,392
120900031,237,107,130
120900032,855,105,750
120900033,891,79,812
120900034,31,2185,-2154
120900035,47,77,-30
120900037,200,7,193
120900038,43,216,-173
120900039,69,51,18
120900040,236,6,230
120900041,145,40,105
120900042,452,47,405
120900043,39,41,-2
120900044,10,333,-323
120900045,164,99,65
120900046,317,2,315
120900047,135,93,42
120900048,78,25,53
120900049,397,4,393
120900050,1986,1123,863
120900051,304,109,195
120900052,562,8,554
120900053,269,76,193
120900054,1592,587,1005
120900055,336,2,334
120900056,480,17,463
120900057,115,18,97
120900058,436,1,435
120900059,83,6,77
120900060,60,33,27
120900061,274,217,57
120900062,220,0,220
120900063,439,3,436
120900064,469,3,466
120900065,383,9,374
120900066,302,337,-35
120900067,193,123,70
120900068,232,0,232
120900069,198,41,157
120900071,17,1,16
120900072,606,9,597
120900073,428,180,248
120900074,475,19,456
120900076,297,2,295
120900077,2773,319,2454
120900078,660,852,-192
120900079,607,85,522
120900080,536,1617,-1081
120900081,767,819,-52
120900082,557,376,181
120900083,89,3,86
120900084,260,403,-143
120900085,78,134,-56
120900086,110,289,-179
120900087,386,327,59
120900088,140,357,-217
120900089,3138,2182,956
120900090,172,120,52
120900091,623,767,-144
120900092,1378,503,875
120900093,2140,184,1956
120900094,503,153,350
120900095,488,23,465
120900096,37,166,-129
120900097,591,747,-156
120900098,308,152,156
120900099,69,73,-4
120900100,128,261,-133
120900101,787,277,510
120900102,29,102,-73
120900103,53,216,-163
120900104,27,52,-25
120900105,20,473,-453
120900106,1436,551,885
120900107,228,165,63
120900108,10,620,-610
120900109,65,648,-583
120900110,5,623,-618
120900111,171,367,-196
120900112,10,793,-783
120900113,15,786,-771
120900114,36,160,-124
120900115,179,214,-35
120900116,321,399,-78
120900117,5,469,-464
120900118,16,721,-705
120900119,3384,4227,-843
120900120,66,544,-478
120900121,199,524,-325
120900122,406,438,-32
120900123,1,404,-403
120900124,3,570,-567
120900125,4,628,-624
120900126,1761,1352,409
120900127,8,404,-396
120900128,1385,1574,-189
120900129,49,362,-313
120900130,13,338,-325
120900131,30,78,-48
120900132,741,267,474
120900133,186,846,-660
120900134,840,350,490
120900135,14,558,-544
120900136,71,39,32
120900137,215,93,122
120900138,36,220,-184
120900139,1,608,-607
120900140,1,56,-55
120900141,148,203,-55
120900142,28,496,-468
120900143,3,856,-853
120900144,0,161,-161
120900145,104,790,-686
120900146,7,1066,-1059
120900147,2,470,-468
120900148,100,112,-12
120900149,0,250,-250
120900150,47,540,-493
120900151,2,538,-536
120900152,0,41,-41
120900153,27,79,-52
120900154,0,235,-235
120900155,147,1056,-909
120900156,51,245,-194
120900157,105,224,-119
120900158,49,522,-473
120900159,135,316,-181
120900160,31,578,-547
120900161,26,466,-440
120900162,19,570,-551
120900163,33,551,-518
120900164,22,8,14
120900165,2,31,-29
120900166,123,400,-277
120900167,414,144,270
120900169,79,396,-317
120900170,1178,2147,-969
120900171,1184,371,813
120900172,961,765,196
120900173,0,58,-58
120900174,4,102,-98
120900175,232,149,83
120900176,17,324,-307
120900177,1,923,-922
120900178,2,406,-404
120900179,988,543,445
120900180,108,164,-56
120900181,101,55,46
120900182,19,277,-258
120900183,288,57,231
120900184,209,75,134
120900185,4,310,-306
120900186,2,410,-408
120900187,485,933,-448
120900188,189,15,174
120900189,125,908,-783
120900190,45,12,33
120900191,3,26,-23
120900192,10089,5461,4628
120900194,48,72,-24
120900195,157,273,-116
120900196,648,23,625
120900197,534,138,396
120900198,240,533,-293
120900199,266,362,-96
120900200,91,110,-19
120900201,530,186,344
120900202,0,195,-195
120900203,68,100,-32
120900204,146,228,-82
120900205,54,69,-15
120900206,19,19,0
120900207,65,1354,-1289
121000001,778,910,-132
121000002,2164,1018,1146
121000003,2748,1691,1057
121000004,2819,3041,-222
121000005,1841,2532,-691
121000006,3551,1496,2055
121000007,2588,2551,37
121000008,5143,3056,2087
121000009,5011,5010,1
121000010,7791,5120,2671
121000011,8444,11162,-2718
121000012,15643,9375,6268
121000013,4752,6260,-1508
121000014,6004,5508,496
121000015,3835,6175,-2340
121000016,4335,3259,1076
121000017,1842,3534,-1692
121000018,2382,1570,812
121000019,15850,11206,4644
121000020,11401,12708,-1307
121000021,2790,2535,255
121000022,2132,2504,-372
121000023,3558,2681,877
121000024,3861,4332,-471
121000025,587,1338,-751
121000026,266,130,136
121000027,1503,1085,418
121000028,769,455,314
121000029,1045,649,396
121000030,583,371,212
121000031,569,661,-92
121000032,219,85,134
121000034,536,197,339
121000035,152,132,20
121000036,1283,876,407
121000037,543,501,42
121000038,521,811,-290
121000039,273,453,-180
121000041,597,475,122
121000042,259,354,-95
121000043,689,552,137
121000044,1342,826,516
121000045,395,292,103
121000046,616,771,-155
121000047,127,94,33
121000049,1627,583,1044
121000050,261,1013,-752
121000051,677,318,359
121000052,318,571,-253
121000053,333,81,252
121000054,60,335,-275
121000055,1049,1128,-79
121000056,705,960,-255
121000057,313,415,-102
121000058,453,244,209
121000059,1986,1180,806
121000060,553,793,-240
121000061,139,274,-135
121000062,439,367,72
121000063,680,692,-12
121000064,591,748,-157
121000065,450,443,7
121000066,653,498,155
121000067,766,548,218
121000068,720,427,293
121000069,844,957,-113
121000070,1929,1172,757
121000071,1326,1151,175
121000072,1296,663,633
121000073,938,821,117
121000074,116,155,-39
121000075,85,478,-393
121000076,1364,498,866
121000077,156,217,-61
121000078,152,175,-23
121000080,2235,634,1601
121000081,3442,2587,855
121000082,117,257,-140
121000083,205,155,50
121000084,161,155,6
121000085,316,412,-96
121000086,249,655,-406
121000087,68,289,-221
121000088,391,498,-107
121000089,401,375,26
121000090,481,353,128
121000091,1551,878,673
121000092,201,83,118
121000093,138,228,-90
121000094,511,654,-143
121000095,345,519,-174
121000096,2227,2199,28
121000097,984,2113,-1129
121000098,580,887,-307
121000099,638,749,-111
121000100,836,421,415
121000101,365,277,88
121000102,217,283,-66
121000103,236,246,-10
121000104,241,147,94
121000105,412,227,185
121000106,312,316,-4
121000107,1801,3084,-1283
121000109,1258,1034,224
121000110,368,589,-221
121000114,2513,1849,664
121000115,901,731,170
121000116,273,798,-525
121000117,769,218,551
121000118,1167,204,963
121000119,256,330,-74
121000120,239,370,-131
121000121,542,945,-403
121000123,1575,523,1052
121000127,154,97,57
121000128,814,374,440
121000129,751,528,223
121000130,515,668,-153
121000131,2291,1684,607
121000132,1561,1365,196
121000135,414,337,77
121000136,2007,844,1163
121000137,512,270,242
121000138,1165,917,248
121000139,642,313,329
121000141,206,104,102
121000142,755,862,-107
121000143,121,29,92
121000144,893,1495,-602
121000145,560,910,-350
121000146,1067,796,271
121000147,914,447,467
121000148,846,939,-93
121000149,1820,1248,572
121000152,555,486,69
121000153,1576,589,987
121000154,767,583,184
121000155,1360,986,374
121000156,394,838,-444
121000157,978,1680,-702
121000158,353,513,-160
121000159,205,433,-228
121000160,315,406,-91
121000161,200,277,-77
121000162,95,164,-69
121000165,1471,1684,-213
121000166,25,476,-451
121000168,340,216,124
121000169,76,159,-83
121000170,265,80,185
121000171,87,169,-82
121000172,649,483,166
121000173,1170,994,176
121000174,360,401,-41
121000175,831,340,491
121000176,333,214,119
121000177,1041,581,460
121000178,143,64,79
121000179,70,47,23
121000181,570,410,160
121000182,127,230,-103
121000183,62,56,6
121000184,41,52,-11
121000185,33,132,-99
121000186,151,494,-343
121000187,135,181,-46
121000188,176,173,3
121000192,799,376,423
121000193,535,526,9
121000194,2258,1934,324
121000195,371,800,-429
121000196,825,272,553
121000197,224,571,-347
121000198,207,113,94
121000199,81,301,-220
121000200,362,64,298
121000201,5,166,-161
121000202,676,95,581
121000203,911,1977,-1066
121000204,2271,699,1572
121000205,192,208,-16
121000206,193,34,159
121000207,1836,316,1520
121000208,11,247,-236
121000209,373,297,76
121000210,437,310,127
121000211,290,143,147
121000212,355,448,-93
121000213,7633,2774,4859
121000214,671,1866,-1195
121000215,957,826,131
121000216,522,582,-60
121000217,3444,2196,1248
121000218,408,1301,-893
121000219,1246,382,864
121000220,153,61,92
121000221,125,179,-54
121000222,2217,2222,-5
121000223,919,388,531
121000224,366,198,168
121000225,1686,1555,131
121000226,2665,962,1703
121000227,11,178,-167
121000228,19,578,-559
121000229,233,289,-56
121000230,76,1334,-1258
121000231,785,41,744
121000232,367,322,45
121000233,494,374,120
121000234,31,41,-10
121000235,65,55,10
121000236,18,31,-13
121000237,45,18,27
121000238,8,52,-44
121000239,54,6,48
121000240,17,170,-153
121000241,72,18,54
121000242,44,224,-180
121000243,395,188,207
121000244,20,59,-39
121000245,77,24,53
121000246,1,99,-98
121000247,59,9,50
121000248,1416,368,1048
121000249,101,218,-117
121000250,461,161,300
121000251,25,415,-390
121000252,90,76,14
121000253,477,354,123
121000254,534,193,341
121000255,239,130,109
121000256,383,131,252
121000257,93,74,19
121000258,123,40,83
121000259,99,64,35
121000260,115,116,-1
121000261,120,41,79
121000262,807,689,118
121000263,407,455,-48
121000271,291,1414,-1123
121000273,45,8,37
121000274,7,26,-19
121000275,5,9,-4
121000276,19,11,8
121000278,41,58,-17
121000279,57,15,42
121000280,39,37,2
121000289,202,15,187
121000290,1092,796,296
121000294,161,135,26
121000297,1057,952,105
121000299,237,361,-124
121000300,841,576,265
121000302,48,814,-766
121000303,351,274,77
121000304,418,51,367
121000305,173,45,128
121000306,95,124,-29
121000308,163,307,-144
121000309,343,446,-103
121000310,80,377,-297
121000311,92,820,-728
121000312,271,203,68
121000313,303,448,-145
121000314,140,121,19
121000315,61,150,-89
121000530,1283,1129,154
121000531,1324,1363,-39
121000532,5910,6595,-685
121000533,2769,3240,-471
121000918,74,183,-109
121000919,33,52,-19
121000938,114,156,-42
121000939,196,148,48
121000956,1251,956,295
121000957,23,19,4
121000958,73,33,40
121000959,631,697,-66
121000960,1760,1844,-84
121000961,244,139,105
121000962,212,500,-288
121000973,1,125,-124
121000976,15,205,-190
121000979,389,153,236
121000981,390,255,135
121000982,323,132,191
121000983,443,354,89
121000984,40,74,-34
121000985,593,394,199
121000986,308,207,101
121000987,316,880,-564
121000988,620,105,515
121001302,311,112,199
121001308,5,15,-10
121001309,69,52,17
121001313,241,207,34
121001314,2308,2574,-266
121001315,4114,2395,1719
121900001,90,195,-105
121900002,40,36,4
121900003,404,11,393
121900004,128,243,-115
121900005,33,4,29
121900006,111,17,94
121900007,1756,2110,-354
121900008,1749,678,1071
121900009,437,15,422
121900010,286,2,284
121900011,357,323,34
121900012,11,2,9
121900013,1532,93,1439
121900014,1063,405,658
121900015,196,203,-7
121900016,4,28,-24
121900017,366,352,14
121900018,323,5,318
121900019,413,177,236
121900020,25,2,23
121900021,763,29,734
121900022,272,217,55
121900023,113,298,-185
121900024,301,106,195
121900025,576,363,213
121900026,336,46,290
121900027,308,125,183
121900028,231,9,222
121900029,101,161,-60
121900030,433,537,-104
121900031,953,4748,-3795
121900032,96,116,-20
121900033,155,149,6
121900034,293,69,224
121900035,2248,1819,429
121900036,72,267,-195
121900037,130,617,-487
121900038,31,125,-94
121900039,393,81,312
121900040,62,75,-13
121900041,115,146,-31
121900042,345,177,168
121900043,1,4,-3
121900044,166,60,106
121900046,210,294,-84
121900047,124,58,66
121900048,50,120,-70
121900050,41,48,-7
121900051,123,149,-26
121900052,133,42,91
121900053,524,247,277
121900054,384,878,-494
121900055,10,8,2
121900058,217,139,78
121900059,436,184,252
121900060,90,327,-237
121900061,269,193,76
121900062,139,95,44
121900063,982,380,602
121900064,275,460,-185
121900066,50,19,31
121900067,29,37,-8
121900069,198,133,65
121900070,188,79,109
121900071,291,203,88
121900072,42,135,-93
121900073,322,216,106
121900074,536,818,-282
121900075,441,410,31
121900076,318,483,-165
121900077,21,21,0
121900078,74,36,38
121900079,1,0,1
121900080,939,400,539
121900082,50,71,-21
121900084,23,177,-154
121900085,1,8,-7
121900086,14,34,-20
121900087,184,111,73
121900088,1753,2860,-1107
121900089,172,336,-164
121900090,27,82,-55
121900091,38,87,-49
121900092,65,58,7
121900093,60,54,6
121900094,14,13,1
121900095,244,121,123
121900096,1129,683,446
121900097,484,139,345
121900098,14,4,10
121900099,208,76,132
121900100,225,428,-203
121900101,116,99,17
121900102,4,166,-162
121900103,495,240,255
121900104,1397,431,966
121900105,230,137,93
121900106,7,6,1
121900107,30,35,-5
121900108,0,25,-25
121900109,286,129,157
121900110,390,799,-409
121900111,850,170,680
121900112,151,100,51
121900113,66,303,-237
121900114,72,97,-25
121900117,333,73,260
121900118,1828,605,1223
121900119,169,114,55
121900120,46,1297,-1251
121900121,527,49,478
121900122,35,65,-30
121900123,168,394,-226
121900124,118,161,-43
121900125,1571,954,617
121900127,5,65,-60
121900128,64,94,-30
121900129,639,215,424
121900130,87,215,-128
121900131,218,66,152
121900132,48,56,-8
121900133,106,672,-566
121900134,44,177,-133
121900135,1807,242,1565
121900136,238,286,-48
121900137,64,318,-254
121900138,145,140,5
121900139,419,461,-42
121900140,65,173,-108
121900141,52,30,22
121900142,145,101,44
121900143,13,128,-115
121900144,141,260,-119
121900145,145,211,-66
121900146,577,691,-114
121900147,65,156,-91
121900148,220,290,-70
121900149,278,662,-384
121900150,71,125,-54
121900151,79,253,-174
121900152,65,140,-75
121900153,114,587,-473
121900154,22,189,-167
121900155,5,174,-169
121900156,156,103,53
121900157,5,356,-351
121900158,57,91,-34
121900159,0,218,-218
121900160,31,209,-178
121900161,409,337,72
121900162,108,144,-36
121900163,191,450,-259
121900164,436,193,243
121900165,175,141,34
121900166,152,134,18
121900167,124,97,27
121900168,166,201,-35
121900169,4,203,-199
121900170,7,139,-132
121900171,700,478,222
121900172,476,244,232
121900173,929,260,669
121900174,37,66,-29
121900175,181,220,-39
121900176,494,1360,-866
121900177,191,63,128
121900178,27,49,-22
121900179,295,136,159
121900180,3387,3559,-172
121900182,527,262,265
121900183,733,755,-22
121900184,91,354,-263
121900186,13,230,-217
121900187,27,130,-103
121900188,424,471,-47
121900189,47,113,-66
121900190,247,510,-263
121900191,80,160,-80
121900192,352,678,-326
121900193,57,157,-100
121900194,2,105,-103
121900195,59,76,-17
121900196,817,804,13
121900197,292,1381,-1089
121900198,1129,882,247
121900199,0,25,-25
121900200,130,237,-107
121900201,757,623,134
121900202,103,538,-435
121900203,213,851,-638
121900204,834,1018,-184
121900205,38,88,-50
121900206,10,33,-23
121900207,116,41,75
121900208,173,226,-53
121900209,59,48,11
121900210,1127,974,153
121900211,236,308,-72
121900212,119,91,28
121900213,140,76,64
121900214,4,438,-434
121900215,64,91,-27
121900216,44,146,-102
121900217,197,142,55
121900218,184,375,-191
121900220,116,10,106
121900221,242,545,-303
121900222,173,163,10
121900223,214,55,159
121900224,80,35,45
121900225,118,78,40
121900226,245,792,-547
121900227,227,470,-243
121900228,197,302,-105
121900230,100,231,-131
121900231,405,1975,-1570
121900232,216,363,-147
121900233,203,200,3
121900234,300,222,78
121900235,473,167,306
121900236,322,180,142
121900237,173,236,-63
121900238,178,311,-133
121900239,202,28,174
121900240,266,103,163
121900241,27,55,-28
121900242,10,0,10
121900243,18,0,18
121900244,29,0,29
121900245,178,89,89
121900246,1895,306,1589
121900247,224,227,-3
121900248,1233,1042,191
121900250,223,278,-55
121900251,304,51,253
121900252,502,137,365
121900253,210,857,-647
121900254,528,242,286
121900255,252,75,177
121900258,2766,2035,731
121900259,340,490,-150
121900260,120,173,-53
121900261,218,559,-341
121900262,325,717,-392
121900263,233,209,24
121900264,1640,1335,305
121900265,253,285,-32
121900266,335,163,172
121900267,57,28,29
121900269,188,516,-328
121900270,29,165,-136
121900271,32,128,-96
121900273,436,1405,-969
121900274,236,232,4
121900277,520,1023,-503
121900278,120,880,-760
121900279,130,189,-59
121900280,121,293,-172
121900281,383,502,-119
121900284,80,10,70
121900286,125,92,33
121900287,9,17,-8
121900288,5,5,0
121900290,268,332,-64
121900291,445,585,-140
121900292,161,163,-2
121900293,1121,2626,-1505
121900294,279,0,279
121900295,160,245,-85
121900296,51,127,-76
121900298,263,627,-364
121900299,0,2,-2
121900300,198,8,190
121900301,57,14,43
121900302,2,52,-50
121900303,317,311,6
121900304,5,85,-80
121900305,2,26,-24
121900306,290,3,287
121900307,80,20,60
121900308,13,287,-274
121900309,6,206,-200
121900310,35,383,-348
121900311,455,24,431
121900312,291,14,277
121900313,305,12,293
121900314,5,60,-55
121900315,7,0,7
121900316,0,12,-12
121900317,17,8,9
121900318,0,22,-22
121900319,26,94,-68
121900320,33,67,-34
121900321,20,5,15
121900322,1,21,-20
121900323,10,11,-1
121900324,5,30,-25
121900325,13,0,13
121900326,10,12,-2
121900327,10,48,-38
121900328,0,33,-33
121900329,1,184,-183
121900330,1,44,-43
121900331,42,13,29
121900332,101,47,54
121900333,24,3,21
121900334,61,45,16
122000001,2074,4199,-2125
122000002,3795,1462,2333
122000003,1948,2416,-468
122000004,2749,1508,1241
122000005,2220,1602,618
122000006,1834,816,1018
122000007,1129,1756,-627
122000008,3880,4466,-586
122000009,420,354,66
122000010,2125,2636,-511
122000011,3270,1561,1709
122000012,1320,1424,-104
122000013,1322,860,462
122000014,1391,1160,231
122000015,1329,971,358
122000016,569,922,-353
122000017,1203,1013,190
122000018,1409,1242,167
122000019,663,1020,-357
122000020,170,230,-60
122000021,332,489,-157
122000022,1236,1021,215
122000023,680,1423,-743
122000024,883,1153,-270
122000025,1348,1539,-191
122000026,1323,984,339
122000027,580,2200,-1620
122000028,968,431,537
122000029,487,383,104
122000030,405,143,262
122000031,232,266,-34
122000032,1713,1985,-272
122000033,711,1227,-516
122000034,811,645,166
122000035,350,832,-482
122000036,555,479,76
122000037,303,227,76
122000038,263,297,-34
122000039,635,378,257
122000040,301,265,36
122000041,449,468,-19
122000042,321,405,-84
122000043,93,102,-9
122000044,147,176,-29
122000045,1175,439,736
122000046,676,656,20
122000047,328,234,94
122000048,3093,4159,-1066
122000049,5144,2923,2221
122000050,1506,717,789
122000051,272,315,-43
122000052,538,305,233
122000053,128,693,-565
122000054,2313,2026,287
122000055,2235,2643,-408
122000056,4431,3335,1096
122000057,3131,3131,0
122000058,2647,1181,1466
122000059,2880,1780,1100
122000060,665,563,102
122000061,494,474,20
122000062,1413,302,1111
122000063,1350,724,626
122000064,3344,2695,649
122000065,4174,2256,1918
122000066,1260,940,320
122000067,1404,1100,304
122000068,1303,946,357
122000069,777,576,201
122000070,818,1660,-842
122000071,1278,1211,67
122000072,421,414,7
122000073,417,640,-223
122000074,2638,1520,1118
122000075,764,1152,-388
122000076,2189,1129,1060
122000077,1192,718,474
122000078,2393,2392,1
122000079,1314,1219,95
122000080,946,402,544
122000081,190,287,-97
122000082,860,835,25
122000083,1230,2039,-809
122000084,1284,789,495
122000085,231,1034,-803
122000086,2023,4215,-2192
122000087,387,175,212
122000088,281,369,-88
122000089,5034,2184,2850
122000090,213,344,-131
122000091,169,70,99
122000092,144,24,120
122000093,1901,1650,251
122000094,5122,1996,3126
122000095,2170,3151,-981
122000096,1820,1699,121
122000098,2817,1945,872
122000099,1976,557,1419
122000100,876,488,388
122000101,416,605,-189
122000102,1838,1179,659
122000103,1922,1580,342
122000104,371,190,181
122000105,627,273,354
122000106,478,571,-93
122000107,976,430,546
122000108,481,727,-246
122000109,414,297,117
122000110,462,593,-131
122000111,2588,1191,1397
122000112,870,1249,-379
122000113,659,657,2
122000114,2778,1304,1474
122000115,1839,1116,723
122000116,447,489,-42
122000117,1148,394,754
122000118,505,758,-253
122000119,3002,2298,704
122000120,2114,4095,-1981
122000121,2251,2821,-570
122000122,810,1690,-880
122000123,1881,1847,34
122000124,1105,689,416
122000125,666,770,-104
122000126,659,1474,-815
122000127,1076,1453,-377
122000128,593,741,-148
122000129,460,1127,-667
122000130,3030,1389,1641
122000131,1321,1302,19
122000132,610,703,-93
122000133,1007,1293,-286
122000134,914,706,208
122000135,761,688,73
122000136,785,622,163
122000137,1337,947,390
122000139,1354,2865,-1511
122000140,1208,620,588
122000141,3203,925,2278
122000142,428,688,-260
122000143,501,523,-22
122000144,1434,1333,101
122000145,1146,762,384
122000146,548,999,-451
122000147,756,452,304
122000148,2370,1806,564
122000149,2105,1469,636
122000150,1123,831,292
122000151,174,359,-185
122000152,368,443,-75
122000153,421,365,56
122000154,286,177,109
122000155,1465,2168,-703
122000156,2339,2260,79
122000157,1716,1758,-42
122000158,373,662,-289
122000159,966,1469,-503
122000160,3327,2435,892
122000161,1042,919,123
122000162,1928,1575,353
122000163,242,77,165
122000164,38,74,-36
122000165,1144,686,458
122000166,1106,930,176
122000167,249,261,-12
122000168,234,492,-258
122000169,444,157,287
122000170,342,241,101
122000171,37,90,-53
122000172,1334,1387,-53
122000173,1303,2127,-824
122000174,2232,861,1371
122000175,1281,300,981
122000176,432,702,-270
122000177,1384,1457,-73
122000178,2606,2033,573
122000179,1551,2285,-734
122000180,1590,1287,303
122000181,1921,2697,-776
122000182,1784,1446,338
122000183,1796,833,963
122000184,3009,1927,1082
122000185,1586,1457,129
122000186,422,718,-296
122000187,1609,867,742
122000188,410,192,218
122000189,242,301,-59
122000190,894,982,-88
122000191,743,647,96
122000192,1107,292,815
122000193,347,632,-285
122000194,603,182,421
122000195,203,475,-272
122000196,1098,635,463
122000197,515,545,-30
122000198,521,800,-279
122000199,379,349,30
122000200,995,591,404
122000201,1640,1573,67
122000202,1328,1323,5
122000203,2264,1257,1007
122000204,1708,1743,-35
122000205,1386,1339,47
122000206,1955,758,1197
122000207,1839,1062,777
122000208,2069,1270,799
122000209,1747,354,1393
122000210,2088,1439,649
122000211,1374,1055,319
122000212,769,420,349
122000213,1016,1204,-188
122000214,1806,1490,316
122000215,1628,1658,-30
122000217,1736,1202,534
122000218,703,92,611
122000219,1151,848,303
122000220,393,595,-202
122000221,96,349,-253
122000222,519,111,408
122000223,1240,452,788
122000225,736,287,449
122000226,2286,1578,708
122000227,344,2041,-1697
122000228,489,322,167
122000229,28,490,-462
122000230,74,438,-364
122000231,290,761,-471
122000232,699,967,-268
122000233,0,84,-84
122000234,354,90,264
122000235,561,137,424
122000236,972,105,867
122000237,161,90,71
122000238,301,278,23
122000239,569,167,402
122000240,1124,720,404
122000241,1595,444,1151
122000242,671,144,527
122000243,220,48,172
122000244,56,412,-356
122000245,100,221,-121
122000246,348,169,179
122000247,512,676,-164
122000248,1140,1583,-443
122000249,993,775,218
122000250,2036,963,1073
122000251,285,439,-154
122000252,604,128,476
122000253,58,254,-196
122000254,299,115,184
122000255,768,1456,-688
122000256,444,889,-445
122000257,195,239,-44
122000258,202,259,-57
122000259,39,427,-388
122000260,5,66,-61
122000261,13,206,-193
122000262,2,72,-70
122000263,392,108,284
122000264,1119,356,763
122000265,2154,894,1260
122000266,4086,712,3374
122000267,170,123,47
122000268,117,361,-244
122000269,766,330,436
122000270,648,171,477
122000271,354,975,-621
122000272,366,839,-473
122000273,423,340,83
122000274,197,177,20
122000275,106,198,-92
122000276,808,542,266
122000277,1195,1381,-186
122000278,1514,801,713
122000279,262,458,-196
122000280,842,721,121
122000281,807,699,108
122000282,262,231,31
122000283,525,130,395
122000284,180,97,83
122000285,481,87,394
122000286,113,162,-49
122000287,1221,1239,-18
122000288,488,242,246
122000291,1551,649,902
122000293,221,239,-18
122000294,170,178,-8
122000295,1260,200,1060
122000296,47,536,-489
122000297,2067,2336,-269
122000299,471,343,128
122000300,454,573,-119
122000301,8113,3209,4904
122000302,821,1318,-497
122000303,3015,1284,1731
122000304,95,199,-104
122000305,987,216,771
122000306,28,636,-608
122000307,159,136,23
122000309,78,44,34
122000310,26,108,-82
122000311,340,133,207
122000312,176,126,50
122000313,179,86,93
122000314,116,176,-60
122000315,205,56,149
122000316,703,226,477
122000317,1132,274,858
122000318,255,652,-397
122000319,221,367,-146
122000320,391,1230,-839
122000321,159,189,-30
122000322,2381,2226,155
122000323,1694,2063,-369
122000324,1170,1078,92
122000325,818,1426,-608
122000326,42,98,-56
122000327,564,868,-304
122000328,839,592,247
122000330,1795,707,1088
122000332,224,397,-173
122000333,7,90,-83
122000337,959,1290,-331
122000338,418,394,24
122000340,391,444,-53
122000342,1580,845,735
122000343,370,976,-606
122000344,42,12,30
122000345,55,34,21
122000346,348,393,-45
122000348,654,700,-46
122000349,113,680,-567
122000351,126,194,-68
122000352,395,128,267
122000353,90,146,-56
122000355,160,249,-89
122000356,1341,1145,196
122000357,110,29,81
122000358,1,60,-59
122000359,1,27,-26
122000360,2,47,-45
122000362,10,65,-55
122000364,173,298,-125
122000365,0,68,-68
122000366,7,5,2
122000368,382,547,-165
122000370,29,49,-20
122000371,52,1,51
122000372,14,1,13
122000381,78,292,-214
122000382,86,212,-126
122000384,2539,1204,1335
122000385,72,1,71
122000386,445,1009,-564
122000387,577,546,31
122000388,1494,593,901
122000389,136,557,-421
122000390,442,204,238
122000391,366,167,199
122000392,155,169,-14
122000393,136,163,-27
122000394,568,275,293
122000395,132,158,-26
122000396,264,118,146
122000397,121,54,67
122000398,23,53,-30
122000399,142,90,52
122000400,158,478,-320
122000401,125,74,51
122000402,206,92,114
122000403,460,671,-211
122000404,128,207,-79
122000408,770,968,-198
122000503,6,72,-66
122000524,230,129,101
122000544,109,1893,-1784
122000616,343,1,342
122000640,82,120,-38
122000641,91,288,-197
122000642,1115,1154,-39
122000643,40,84,-44
122000644,95,39,56
122000645,141,164,-23
122000651,1495,786,709
122000664,150,41,109
122000665,1188,485,703
122000666,716,1096,-380
122000673,30,243,-213
122000674,137,72,65
122000675,1889,965,924
122000686,435,861,-426
122000687,1133,356,777
122000688,228,559,-331
122000689,858,379,479
122000690,1644,495,1149
122000691,578,1550,-972
122000692,1437,459,978
122000693,499,1446,-947
122000695,299,363,-64
122000696,342,272,70
122000698,318,500,-182
122000699,224,59,165
122000701,1109,322,787
122000702,465,1143,-678
122000703,172,84,88
122000712,0,0,0
122000717,170,59,111
122000718,419,589,-170
122000719,114,108,6
122000720,345,203,142
122000724,118,20,98
122900001,51,8,43
122900002,1141,4110,-2969
122900003,359,39,320
122900004,524,43,481
122900005,100,17,83
122900006,944,204,740
122900007,193,51,142
122900008,593,46,547
122900009,705,392,313
122900010,234,140,94
122900012,245,353,-108
122900014,136,278,-142
122900015,1545,709,836
122900016,81,244,-163
122900017,373,630,-257
122900018,193,26,167
122900019,32,109,-77
122900020,326,407,-81
122900021,40,508,-468
122900022,910,735,175
122900023,478,251,227
122900024,157,135,22
122900025,15,287,-272
122900026,71,320,-249
122900027,54,551,-497
122900028,127,203,-76
122900029,3825,2600,1225
122900030,886,547,339
122900031,113,193,-80
122900032,111,335,-224
122900033,249,157,92
122900034,3738,4439,-701
122900035,7,15,-8
122900036,72,115,-43
122900037,406,112,294
122900038,140,2338,-2198
122900039,108,516,-408
122900040,298,442,-144
122900041,368,262,106
122900042,125,279,-154
122900043,410,216,194
122900044,119,300,-181
122900045,112,81,31
122900046,272,199,73
122900047,146,175,-29
122900048,83,227,-144
122900049,1320,140,1180
122900051,74,111,-37
122900052,95,172,-77
122900053,22,22,0
122900055,369,114,255
122900057,230,100,130
122900061,417,190,227
122900062,503,663,-160
122900063,186,303,-117
122900064,1136,367,769
122900065,528,246,282
122900066,605,398,207
122900067,1089,655,434
122900068,150,288,-138
122900069,358,1277,-919
122900070,376,74,302
122900071,130,347,-217
122900072,19,521,-502
122900073,31,214,-183
122900074,693,653,40
122900075,1,48,-47
122900076,5,155,-150
122900077,6,154,-148
122900078,166,107,59
122900080,43,37,6
122900081,169,184,-15
122900082,724,267,457
122900083,242,200,42
122900084,12,159,-147
122900086,9,109,-100
122900087,242,460,-218
122900088,45,167,-122
122900089,41,117,-76
122900090,16,365,-349
122900091,181,3,178
122900092,0,146,-146
122900093,0,214,-214
122900094,4,185,-181
122900095,135,15,120
122900096,384,131,253
122900097,19,43,-24
122900098,87,124,-37
122900099,66,13,53
122900100,326,140,186
122900101,475,218,257
122900102,24,52,-28
122900103,110,8,102
122900104,127,6,121
122900105,20,27,-7
122900106,3,61,-58
122900107,3,175,-172
122900108,3,119,-116
123000001,1620,354,1266
123000002,3380,3986,-606
123000003,3339,3168,171
123000004,2589,3486,-897
123000005,2253,2448,-195
123000006,2009,2189,-180
123000007,3257,2506,751
123000008,2529,2834,-305
123000009,4154,2446,1708
123000010,3091,3051,40
123000011,2306,670,1636
123000012,837,1863,-1026
123000013,2944,793,2151
123000014,951,2877,-1926
123000015,3151,858,2293
123000016,3673,3409,264
123000017,2861,1802,1059
123000018,67,114,-47
123000019,235,150,85
123000020,136,85,51
123000021,79,213,-134
123000022,345,1796,-1451
123000023,1284,1371,-87
123000024,1263,577,686
123000025,255,141,114
123000026,28,53,-25
123000027,343,435,-92
123000028,1729,395,1334
123000029,1578,870,708
123000030,211,307,-96
123000031,166,266,-100
123000032,284,156,128
123000033,203,71,132
123000034,1096,886,210
123000035,327,317,10
123000036,251,812,-561
123000037,166,244,-78
123000038,61,207,-146
123000039,377,1154,-777
123000040,736,303,433
123000041,1111,1005,106
123000042,960,596,364
123000043,2865,7477,-4612
123000044,4338,2344,1994
123000045,6877,2284,4593
123000046,760,1256,-496
123000047,2204,889,1315
123000048,49,593,-544
123000049,5875,7497,-1622
123000050,1118,1214,-96
123000051,93,195,-102
123000052,682,3108,-2426
123000053,2243,3221,-978
123000054,1166,1197,-31
123000055,1212,1750,-538
123000056,1192,1577,-385
123000057,10372,6438,3934
123000058,680,902,-222
123000059,480,478,2
123000060,800,329,471
123000061,215,610,-395
123000063,703,833,-130
123000064,891,284,607
123000065,4582,2591,1991
123000066,657,518,139
123000067,829,573,256
123000068,2499,2535,-36
123000069,6248,3000,3248
123000070,358,630,-272
123000071,882,934,-52
123000072,1042,939,103
123000073,956,705,251
123000074,925,1142,-217
123000075,384,891,-507
123000076,734,610,124
123000077,2047,2612,-565
123000078,1491,1661,-170
123000079,1159,1802,-643
123000080,1968,1709,259
123000081,141,334,-193
123000082,371,894,-523
123000083,832,197,635
123000084,551,516,35
123000085,257,97,160
123000086,464,189,275
123000087,234,233,1
123000088,977,813,164
123000089,490,1018,-528
123000090,1091,971,120
123000091,1414,1266,148
123000092,873,1098,-225
123000094,488,219,269
123000095,449,565,-116
123000096,508,338,170
123000097,412,617,-205
123000098,615,477,138
123000099,578,625,-47
123000100,625,703,-78
123000101,632,549,83
123000102,559,582,-23
123000104,359,400,-41
123000105,497,440,57
123000106,475,332,143
123000107,423,452,-29
123000108,686,954,-268
123000111,789,314,475
123000112,901,531,370
123000113,550,1171,-621
123000114,320,623,-303
123000115,246,251,-5
123000116,20,88,-68
123000117,1379,1576,-197
123000118,406,831,-425
123000119,226,714,-488
123000120,350,701,-351
123000121,381,487,-106
123000122,264,266,-2
123000123,389,545,-156
123000124,539,454,85
123000125,960,969,-9
123000126,1262,3314,-2052
123000127,759,607,152
123000128,321,206,115
123000129,503,185,318
123000130,516,91,425
123000131,716,615,101
123000132,319,515,-196
123000133,334,268,66
123000134,344,146,198
123000135,2000,1152,848
123000136,216,802,-586
123000137,159,259,-100
123000138,75,393,-318
123000139,414,105,309
123000140,107,718,-611
123000141,721,153,568
123000142,925,931,-6
123000143,1278,1777,-499
123000144,13,23,-10
123000145,144,108,36
123000146,50,65,-15
123000147,107,72,35
123000149,298,378,-80
123000150,141,233,-92
123000151,257,371,-114
123000152,69,407,-338
123000153,195,581,-386
123000154,1433,1753,-320
123000155,1870,1050,820
123000156,27,127,-100
123000157,564,737,-173
123000158,600,705,-105
123000159,2866,2159,707
123000160,872,626,246
123000161,1366,925,441
123000162,850,1603,-753
123000163,393,71,322
123000164,1344,343,1001
123000165,382,1495,-1113
123000166,46,132,-86
123000167,137,264,-127
123000168,256,217,39
123000169,646,164,482
123000170,93,193,-100
123000171,486,23,463
123000172,202,503,-301
123000173,609,246,363
123000174,839,358,481
123000175,592,1222,-630
123000176,814,241,573
123000177,289,804,-515
123000178,723,129,594
123000179,41,541,-500
123000180,1387,296,1091
123000181,298,1343,-1045
123000182,195,390,-195
123000183,200,544,-344
123000184,87,506,-419
123000185,520,314,206
123000186,3,570,-567
123000187,529,9,520
123000188,208,1,207
123000189,154,131,23
123000190,56,65,-9
123000192,23,409,-386
123000193,78,995,-917
123000194,476,317,159
123000195,267,45,222
123000196,274,38,236
123000197,60,109,-49
123000198,62,320,-258
123000199,16,477,-461
123000200,458,11,447
123000201,960,34,926
123000202,9,954,-945
123000203,876,79,797
123000204,96,1054,-958
123000205,445,1574,-1129
123000206,1883,233,1650
123000207,79,775,-696
123000208,443,206,237
123000209,1914,586,1328
123000210,521,2110,-1589
123000211,555,2381,-1826
123000212,2586,464,2122
123000213,678,88,590
123000215,93,190,-97
123000216,132,494,-362
123000217,149,40,109
123000218,93,588,-495
123000219,874,65,809
123000220,420,61,359
123000221,249,98,151
123000222,395,331,64
123000223,267,303,-36
123000224,376,524,-148
123000225,324,63,261
123000226,78,255,-177
123000227,94,240,-146
123000228,227,57,170
123000229,1214,1417,-203
123000232,87,535,-448
123000233,575,189,386
123000234,155,547,-392
123000235,797,348,449
123000236,235,612,-377
123000237,275,92,183
123000238,87,427,-340
123000239,454,1186,-732
123000240,55,388,-333
123000241,701,91,610
123000242,148,176,-28
123000243,720,760,-40
123000244,833,658,175
123000245,32,162,-130
123000249,240,617,-377
123000252,741,211,530
123000253,911,478,433
123000254,774,925,-151
123000255,1029,801,228
123000256,36,228,-192
123000257,2485,1919,566
123000258,857,746,111
123000259,288,361,-73
123000260,358,378,-20
123000261,165,147,18
123000262,112,181,-69
123000263,310,85,225
123000264,205,88,117
123000265,44,156,-112
123000266,507,678,-171
123000267,507,320,187
123000268,50,72,-22
123000269,53,59,-6
123000270,21,57,-36
123000271,69,62,7
123000272,646,275,371
123000273,198,565,-367
123000274,994,512,482
123000275,299,777,-478
123000278,2430,2339,91
123000279,120,111,9
123000280,331,322,9
123000281,371,83,288
123000282,160,302,-142
123000283,159,67,92
123000284,53,98,-45
123000286,288,300,-12
123000287,572,261,311
123000288,1409,654,755
123000289,430,798,-368
123000291,275,730,-455
123000294,197,211,-14
123000295,853,725,128
123000296,612,365,247
123000297,618,579,39
123000298,590,396,194
123000299,48,176,-128
123000300,822,763,59
123000301,123,190,-67
123000302,77,160,-83
123000303,101,150,-49
123000305,708,644,64
123000306,103,111,-8
123000309,55,80,-25
123000310,43,55,-12
123000311,1,108,-107
123000312,516,773,-257
123000313,459,259,200
123000315,77,306,-229
123000316,1078,179,899
123000317,205,75,130
123000318,72,197,-125
123000329,5,12,-7
123000337,801,206,595
123000338,605,48,557
123000339,209,182,27
123000340,153,376,-223
123000342,11,116,-105
123000343,38,10,28
123000344,1106,425,681
123000345,346,587,-241
123000346,303,44,259
123000352,1263,680,583
123000353,12,153,-141
123000354,291,3,288
123000355,0,378,-378
123000356,284,8,276
123000357,2,152,-150
123000359,6,159,-153
123000360,197,42,155
123000361,307,271,36
123000362,303,95,208
123000363,110,156,-46
123000364,442,429,13
123000365,12,313,-301
123000366,405,1639,-1234
123000367,260,952,-692
123000370,38,188,-150
123000371,434,31,403
123000372,289,13,276
123000373,7,302,-295
123000374,14,174,-160
123000375,283,28,255
123000376,712,559,153
123000377,282,17,265
123000378,11,201,-190
123000379,5,201,-196
123000380,43,325,-282
123000381,143,49,94
123000382,953,85,868
123000383,143,1055,-912
123000384,411,108,303
123000385,194,426,-232
123000436,27,780,-753
123000507,143,285,-142
123000508,141,674,-533
123000517,313,26,287
123000518,27,202,-175
123000519,133,62,71
123000520,45,226,-181
123000521,303,100,203
123000522,146,324,-178
123000541,4,0,4
123000542,0,12,-12
123000565,620,30,590
123000566,241,508,-267
123000567,57,177,-120
123000573,37,618,-581
123000574,604,60,544
123000575,1259,1005,254
123000576,633,1217,-584
123000577,68,531,-463
123000578,445,69,376
123000579,2702,3884,-1182
123000580,110,42,68
123000582,334,51,283
123000583,26,271,-245
123000584,108,207,-99
123000585,0,79,-79
123000586,70,1,69
123000596,78,88,-10
123000597,63,103,-40
123000602,25,5,20
123000603,579,548,31
123000604,390,679,-289
123000605,685,96,589
123000606,3,276,-273
123000609,13,245,-232
123000610,166,116,50
123000613,48,212,-164
123000614,209,38,171
123000615,47,122,-75
123000616,461,62,399
123000617,122,237,-115
123000618,87,414,-327
123000619,470,58,412
123000620,24,367,-343
123000622,329,20,309
123000624,153,81,72
123000630,907,441,466
123000631,267,1240,-973
123000632,735,757,-22
123000633,1,159,-158
123000634,56,115,-59
123000635,93,83,10
123000636,46,492,-446
123000637,135,31,104
123000638,410,52,358
123000639,859,3225,-2366
123000640,27,685,-658
123000648,299,92,207
123000649,61,417,-356
123900001,976,65,911
123900002,35,1113,-1078
123900003,297,363,-66
123900005,196,162,34
123900006,217,41,176
124000001,1746,177,1569
124000002,80,1491,-1411
124000003,710,122,588
124000004,88,482,-394
124000005,849,341,508
124000006,252,930,-678
124000007,342,94,248
124000008,14,413,-399
124000009,515,199,316
124000010,193,416,-223
124000011,922,304,618
124000012,336,473,-137
124000017,136,136,0
124000018,113,68,45
124000019,143,121,22
124000020,71,168,-97
124000021,97,83,14
124000022,90,193,-103
124000023,1338,1364,-26
124000024,940,429,511
124000025,1204,1578,-374
124000026,900,1023,-123
124000027,4358,4473,-115
124000028,2002,3686,-1684
124000030,2873,1373,1500
124000031,992,2340,-1348
124000032,2070,763,1307
124000033,760,554,206
124000034,1046,838,208
124000035,287,206,81
124000036,149,462,-313
124000037,628,1221,-593
124000038,43,148,-105
124000039,934,470,464
124000040,566,1203,-637
124000041,396,90,306
124000042,90,443,-353
124000043,125,108,17
124000044,83,170,-87
124000045,573,558,15
124000046,385,662,-277
124000047,1327,818,509
124000048,956,1083,-127
124000049,1429,765,664
124000050,849,1633,-784
124000051,789,474,315
124000052,560,995,-435
124000053,454,1265,-811
124000054,945,478,467
124000055,1312,2009,-697
124000056,2077,1549,528
124000057,802,537,265
124000058,486,1200,-714
124000059,516,1002,-486
124000060,1218,637,581
124000061,1299,4619,-3320
124000062,5646,2110,3536
124000063,1429,1802,-373
124000064,2255,1433,822
124000065,102,358,-256
124000066,263,94,169
124000067,168,164,4
124000068,63,131,-68
124000069,752,233,519
124000070,233,494,-261
124000071,100,86,14
124000072,145,381,-236
124000073,909,175,734
124000074,224,701,-477
124000075,221,27,194
124000076,3,172,-169
124000077,1701,838,863
124000078,2879,1345,1534
124000079,416,1202,-786
124000080,381,171,210
124000081,153,427,-274
124000082,38,103,-65
124000083,65,78,-13
124000084,76,349,-273
124000085,101,43,58
124000086,55,74,-19
124000087,132,78,54
124000088,237,351,-114
124000089,970,342,628
124000090,112,324,-212
124000091,473,117,356
124000092,101,584,-483
124000093,150,113,37
124000094,146,412,-266
124000095,60,88,-28
124000096,156,249,-93
124000097,82,158,-76
124000098,41,98,-57
124000099,196,108,88
124000100,47,120,-73
124000101,74,107,-33
124000102,99,63,36
124000103,68,101,-33
124000104,120,52,68
124000105,55,67,-12
124000106,153,52,101
124000107,17,114,-97
124000108,62,27,35
124000109,99,117,-18
124000110,193,129,64
124000111,199,116,83
124000112,591,667,-76
124000113,70,74,-4
124000114,263,376,-113
124000115,458,657,-199
124000116,120,202,-82
124000117,20,93,-73
124000118,37,74,-37
124000119,874,509,365
124000120,505,354,151
124000121,1476,671,805
124000122,591,1051,-460
124000123,849,405,444
124000124,439,1105,-666
124000125,350,399,-49
124000126,293,644,-351
124000127,707,370,337
124000128,557,931,-374
124000129,2077,1399,678
124000130,779,607,172
124000131,843,610,233
124000132,975,725,250
124000133,671,755,-84
124000134,865,516,349
124000135,1413,1782,-369
124000136,851,876,-25
124000137,1335,667,668
124000138,1582,1203,379
124000139,537,41,496
124000140,27,442,-415
124000141,475,32,443
124000142,49,394,-345
124000143,99,21,78
124000144,10,104,-94
124000145,198,47,151
124000146,87,82,5
124000148,12,148,-136
124000149,1020,453,567
124000150,362,643,-281
124000151,805,428,377
124000152,910,1292,-382
124000153,647,683,-36
124000154,432,690,-258
124000155,1414,939,475
124000156,1640,1046,594
124000169,178,355,-177
124000170,442,409,33
124000171,207,186,21
124000172,336,475,-139
124000173,376,226,150
124000174,363,490,-127
124000175,6,99,-93
124000176,31,5,26
124000177,7,24,-17
124000178,41,46,-5
124000190,113,26,87
124000191,164,106,58
124000192,1896,332,1564
124000193,337,818,-481
124000194,391,457,-66
124000195,229,690,-461
124000196,1214,986,228
124000197,26,41,-15
124000198,27,50,-23
124000201,390,717,-327
124000202,648,364,284
124000203,489,505,-16
124000204,660,280,380
124000205,109,473,-364
124000206,542,313,229
124000207,0,48,-48
124000209,224,443,-219
124000210,364,220,144
124000211,544,7,537
124000212,1,366,-365
124000213,414,258,156
124000214,262,474,-212
124000215,374,20,354
124000216,5,329,-324
124000329,187,1257,-1070
124000338,157,639,-482
124000339,909,165,744
124000341,1321,149,1172
124000344,65,19,46
124000357,887,1787,-900
124000358,730,1205,-475
124000359,897,638,259
124000360,697,472,225
124000361,1573,861,712
124000362,1142,1653,-511
124000363,223,281,-58
124000364,527,786,-259
124000365,693,954,-261
124000366,1475,792,683
124000367,106,393,-287
124000368,565,385,180
124000369,154,107,47
124000370,70,526,-456
124000402,33,16,17
124000403,127,14,113
124000404,6,153,-147
124000405,1005,828,177
124000406,694,753,-59
124000407,1,37,-36
124000411,7,335,-328
124000412,515,4,511
124000413,305,30,275
124000414,69,95,-26
124000415,42,132,-90
124000416,183,230,-47
124000417,133,114,19
124000418,157,125,32
124000419,106,99,7
124000420,70,52,18
124000421,38,166,-128
124000422,33,25,8
124000423,132,24,108
124000424,0,130,-130
124000425,181,68,113
124000426,13,175,-162
124000427,101,12,89
124000428,11,71,-60
124000429,57,66,-9
124000430,515,415,100
124000431,243,482,-239
124000432,174,627,-453
124000439,1,8,-7
124000443,0,5,-5
124000445,452,819,-367
124000446,1205,83,1122
124900001,467,390,77
124900002,128,264,-136
124900003,878,569,309
124900004,582,302,280
124900005,221,151,70
124900006,613,341,272
124900008,1235,666,569
124900009,179,362,-183
124900010,140,129,11
124900011,479,208,271
124900012,443,113,330
124900013,402,142,260
124900014,213,65,148
124900015,121,322,-201
124900016,50,77,-27
124900017,472,1150,-678
124900018,77,21,56
124900020,72,61,11
124900021,264,30,234
124900022,125,7,118
124900024,209,10,199
124900026,107,13,94
124900027,80,417,-337
124900028,362,89,273
124900029,16,497,-481
124900030,1,83,-82
124900031,50,274,-224
124900032,174,209,-35
124900033,111,275,-164
124900034,14,113,-99
124900035,176,384,-208
124900036,2,53,-51
124900037,217,277,-60
124900038,315,379,-64
124900039,1,38,-37
124900040,104,73,31
124900041,271,1071,-800
124900042,83,3,80
124900043,453,960,-507
124900044,68,3,65
124900045,685,1100,-415
124900046,663,205,458
124900047,184,207,-23
124900048,211,100,111
124900050,173,194,-21
124900052,80,366,-286
124900053,87,367,-280
124900054,1337,350,987
124900055,4,134,-130
124900057,4,35,-31
124900060,96,140,-44
124900061,85,4,81
124900062,137,33,104
124900066,0,14,-14
124900067,9,120,-111
124900068,254,474,-220
124900070,78,37,41
124900072,90,35,55
124900075,209,218,-9
124900076,20,970,-950
124900077,26,119,-93
124900078,90,15,75
124900079,481,108,373
124900080,235,609,-374
124900081,854,309,545
124900082,411,794,-383
124900083,271,504,-233
124900085,1153,486,667
124900086,76,1157,-1081
124900087,620,120,500
124900088,615,127,488
124900089,1182,22,1160
124900090,250,249,1
124900091,305,262,43
124900092,217,237,-20
124900093,285,202,83
124900094,308,260,48
124900095,74,371,-297
124900096,494,210,284
124900097,257,62,195
124900098,152,299,-147
124900099,584,419,165
124900100,356,53,303
124900101,43,494,-451
124900102,218,16,202
124900103,158,147,11
124900104,82,144,-62
124900105,75,111,-36
124900106,287,46,241
124900107,126,12,114
124900108,138,75,63
124900111,0,81,-81
124900112,45,475,-430
124900113,106,374,-268
124900114,188,111,77
124900115,111,33,78
124900116,158,119,39
124900117,396,111,285
124900118,228,190,38
124900119,363,185,178
124900120,53,368,-315
124900121,129,339,-210
124900122,288,233,55
124900123,341,112,229
124900124,158,353,-195
204000001,69,13,56
204000002,9,9,0
204000003,18,7,11
204000004,8,1,7
204000005,595,497,98
204000006,1144,1071,73
204000011,6,35,-29
204000012,39,85,-46
204000019,457,431,26
204000020,556,458,98
204000021,1026,629,397
204000022,420,435,-15
204000023,474,781,-307
204000031,152,31,121
204000032,531,47,484
204000034,32,182,-150
204000035,0,3,-3
204000036,6,34,-28
204000037,1,16,-15
204000038,2,12,-10
204000039,7,19,-12
204000040,5,13,-8
204000041,8,27,-19
204000042,32,9,23
204000043,28,6,22
204000044,18,1,17
204000045,41,2,39
204000046,8,0,8
204000057,2,11,-9
204000062,30,53,-23
204000068,20,203,-183
204000069,46,307,-261
204000070,81,43,38
204000080,43,57,-14
204000085,1897,1859,38
204000086,2595,1759,836
204000087,27,9,18
204000088,5,80,-75
204000090,29,269,-240
204000093,255,77,178
204000096,715,1002,-287
204000097,333,21,312
204000099,938,1287,-349
204000100,1200,1686,-486
204000105,2071,1341,730
204000110,403,885,-482
204000111,412,470,-58
204000112,980,502,478
204000113,394,640,-246
204000114,753,501,252
204000115,428,242,186
204000116,764,390,374
204000119,1634,2525,-891
204000132,657,320,337
204000133,782,287,495
204000134,189,115,74
204000135,506,91,415
204000136,607,191,416
204000138,333,377,-44
204000140,212,129,83
204000141,166,51,115
204000144,26,26,0
204000145,483,39,444
204000146,28,315,-287
204000147,50,149,-99
204000148,211,25,186
204000154,6,8,-2
204000155,9,5,4
204000177,51,25,26
204000179,16,6,10
204000180,2,52,-50
204000222,0,10,-10
204000235,3,14,-11
204000236,66,221,-155
204000238,32,17,15
204000240,295,62,233
204000263,659,1102,-443
204000268,1060,676,384
204000308,170,15,155
204000317,5,74,-69
204000322,3,29,-26
204000323,7,12,-5
204000328,173,65,108
204000329,82,181,-99
204000330,144,33,111
204000331,38,151,-113
205000001,876,1651,-775
205000013,6,72,-66
205000014,16,90,-74
205000015,20,207,-187
205000016,9,142,-133
205000017,25,95,-70
205000022,281,811,-530
205000025,1215,1076,139
205000029,174,6,168
205000045,164,387,-223
205000046,80,479,-399
205000047,53,425,-372
205000048,359,1117,-758
205000049,158,822,-664
205000050,757,315,442
205000059,1,225,-224
205000060,1,75,-74
205000061,5,54,-49
205000062,2,39,-37
205000063,17,65,-48
205000064,10,71,-61
205000065,53,448,-395
205000066,94,661,-567
205000067,42,775,-733
205000069,158,11,147
205000082,151,154,-3
205000110,89,240,-151
205000111,188,229,-41
205000112,188,191,-3
205000113,208,356,-148
205000121,179,46,133
205000123,35,203,-168
205000126,458,74,384
205000127,731,191,540
205000128,425,85,340
205000129,499,89,410
205000130,290,31,259
205000131,159,7,152
205000132,282,2,280
205000133,156,1,155
205000134,263,1,262
205000137,64,131,-67
205000138,123,292,-169
205000139,31,99,-68
205000144,69,65,4
205000145,325,136,189
205000151,138,34,104
205000152,154,19,135
205000153,196,24,172
205000154,96,30,66
205000155,143,10,133
205000207,6,119,-113
205000233,18,0,18
205000234,0,0,0
205000243,0,1,-1
205000244,0,2,-2
205000245,22,138,-116
205000249,1,34,-33
205000250,4,0,4
205000264,4,78,-74
206000027,11,2,9
206000028,1,1,0
206000043,7,37,-30
206000053,2,8,-6
206000054,1,21,-20
206000055,0,23,-23
206000075,15,5,10
206000076,15,22,-7
206000077,10,9,1
206000078,45,7,38
206000079,7,6,1
206000082,300,25,275
206000100,22,440,-418
206000103,14,22,-8
206000104,14,26,-12
206000105,9,8,1
206000106,6,19,-13
206000108,491,29,462
206000125,57,0,57
206000157,39,481,-442
206000170,1,130,-129
206000171,2,147,-145
206000172,7,332,-325
206000173,1,163,-162
206000174,3,60,-57
206000175,2,92,-90
206000176,9,147,-138
206000177,1,125,-124
206000178,5,126,-121
206000179,5,94,-89
206000180,16,110,-94
206000181,3,112,-109
206000182,18,107,-89
206000183,6,459,-453
206000184,4,203,-199
206000185,3,113,-110
206000186,73,733,-660
206000223,6,164,-158
206000226,11,1,10
206000227,16,1,15
206000237,20,228,-208
206000238,19,378,-359
206000239,222,1371,-1149
206000240,1,55,-54
206000241,1,81,-80
206000242,11,191,-180
206000243,3,107,-104
206000244,40,439,-399
206000245,564,50,514
206000246,149,5,144
206000247,119,6,113
206000248,215,17,198
206000252,92,31,61
206000258,21,25,-4
206000315,14,7,7
206000317,342,78,264
206000318,357,39,318
206000319,942,81,861
206000320,119,40,79
206000321,143,9,134
206000322,322,11,311
206000323,148,2,146
206000324,116,12,104
206000325,161,12,149
206000326,135,10,125
206000327,183,7,176
206000328,110,3,107
206000329,201,6,195
206000330,35,5,30
206000331,118,6,112
206000332,29,3,26
206000333,382,5,377
206000334,166,1,165
206000335,1,15,-14
206000361,2,130,-128
206000392,3,22,-19
206000405,116,1,115
206000441,20,16,4
206000498,37,1,36
206000515,83,37,46
206000530,167,41,126
206000531,151,136,15
206000532,1237,240,997
206000535,229,1184,-955
206000536,13,122,-109
206000537,14,101,-87
206000613,1010,167,843
207000001,154,572,-418
207000002,124,306,-182
207000003,168,163,5
207000007,744,225,519
207000008,71,11,60
207000009,74,48,26
207000010,436,338,98
207000012,252,221,31
207000015,266,1079,-813
207000019,214,59,155
207000021,483,128,355
207000022,148,87,61
207000023,163,31,132
207000024,6,16,-10
207000025,34,58,-24
207000026,66,39,27
207000027,18,63,-45
207000028,51,181,-130
207000029,207,402,-195
207000033,152,392,-240
207000034,283,73,210
207000039,261,161,100
207000040,311,81,230
207000041,161,41,120
207000042,194,63,131
207000043,204,212,-8
207000051,130,239,-109
207000052,20,150,-130
207000053,450,496,-46
207000054,68,92,-24
207000055,141,111,30
207000056,353,328,25
207000057,150,235,-85
207000058,153,290,-137
207000059,76,483,-407
207000060,66,164,-98
207000061,135,400,-265
207000062,285,37,248
207000063,276,109,167
207000064,331,106,225
207000065,398,220,178
207000066,193,160,33
207000067,69,107,-38
207000068,122,48,74
207000069,691,337,354
207000082,13,187,-174
207000083,76,240,-164
207000084,147,209,-62
207000085,193,14,179
207000086,160,3,157
207000106,45,31,14
207000107,69,23,46
207000108,56,12,44
207000109,59,7,52
207000110,55,77,-22
207000111,65,71,-6
207000112,141,501,-360
207000114,26,39,-13
207000115,12,107,-95
207000116,21,370,-349
207000117,5,90,-85
207000118,5,75,-70
207000119,44,70,-26
207000123,204,17,187
207000124,59,28,31
207000125,66,40,26
207000126,57,63,-6
207000134,78,129,-51
207000135,23,179,-156
207000148,45,257,-212
207000149,77,39,38
207000152,113,337,-224
207000153,930,1322,-392
207000154,365,141,224
207000159,113,156,-43
207000160,132,398,-266
207000238,0,139,-139
207000242,11,154,-143
207000248,28,20,8
207000249,189,27,162
207000250,604,72,532
207000251,125,71,54
207000252,65,70,-5
207000278,65,74,-9
207000279,32,136,-104
207000280,425,60,365
207000281,118,796,-678
207000282,139,84,55
207000283,124,146,-22
207000284,77,159,-82
207000285,86,37,49
207000291,27,108,-81
207000304,123,41,82
207000306,86,305,-219
207000310,75,87,-12
207000353,304,5,299
207000356,33,19,14
207000357,26,14,12
207000358,16,21,-5
207000415,2,168,-166
207000417,44,2,42
207000418,110,123,-13
207000438,0,0,0
207000439,962,722,240
207000446,139,7,132
207000460,18,14,4
207000466,187,131,56
207000467,197,98,99
207000468,59,302,-243
207000476,4,41,-37
207000477,608,44,564
207000478,0,20,-20
207000523,0,12,-12
207000524,47,0,47
207000527,86,154,-68
207000530,443,15,428
207000531,361,13,348
207000532,92,20,72
207000534,473,54,419
207000535,53,385,-332
207000537,17,95,-78
207000540,4,205,-201
207000541,2,269,-267
207000548,15,243,-228
207000549,283,13,270
207000561,163,142,21
207000562,44,207,-163
207000567,161,232,-71
207000568,157,74,83
207000569,330,674,-344
207000584,371,179,192
207000585,51,339,-288
207000587,43,10,33
207000616,0,142,-142
207000617,128,0,128
207000624,31,36,-5
207000631,11,60,-49
207900008,178,80,98
208000001,601,746,-145
208000002,606,369,237
208000003,1136,417,719
208000004,1070,575,495
208000005,4,20,-16
208000019,503,891,-388
208000020,137,437,-300
208000021,255,323,-68
208000022,892,424,468
208000028,988,678,310
208000033,531,463,68
208000034,990,1175,-185
208000037,226,12,214
208000040,176,179,-3
208000041,800,497,303
208000042,1122,575,547
208000047,111,182,-71
208000064,2068,1418,650
208000066,1559,1937,-378
208000070,249,312,-63
208000071,318,663,-345
208000072,279,1124,-845
208000080,280,287,-7
208000081,355,150,205
208000082,320,281,39
208000083,130,403,-273
208000084,11,21,-10
208000085,838,654,184
208000086,446,1045,-599
208000087,337,797,-460
208000089,970,322,648
208000090,940,545,395
208000093,224,168,56
208000094,481,412,69
208000095,588,354,234
208000104,757,891,-134
208000105,598,902,-304
208000114,92,293,-201
208000115,420,319,101
208000116,413,894,-481
208000117,239,165,74
208000118,91,144,-53
208000155,799,973,-174
208000158,1130,3081,-1951
208000186,3255,4036,-781
208000204,602,863,-261
208000205,1188,855,333
208000282,5455,2764,2691
209000004,283,126,157
209000005,54,27,27
209000006,361,143,218
209000007,229,226,3
209000010,395,109,286
209000011,133,256,-123
209000012,149,163,-14
209000013,214,251,-37
209000014,522,809,-287
209000025,215,49,166
209000026,520,126,394
209000027,536,676,-140
209000028,395,508,-113
209000029,561,565,-4
209000030,644,1094,-450
209000031,2114,1748,366
209000034,171,201,-30
209000035,121,131,-10
209000036,183,115,68
209000037,250,214,36
209000038,83,148,-65
209000039,62,127,-65
209000040,207,468,-261
209000041,133,376,-243
209000042,190,339,-149
209000043,570,767,-197
209000044,162,685,-523
209000045,1540,531,1009
209000046,663,496,167
209000047,422,179,243
209000048,523,285,238
209000049,94,138,-44
209000050,233,174,59
209000051,332,269,63
209000052,206,277,-71
209000062,26,73,-47
209000063,37,66,-29
209000064,28,72,-44
209000065,89,30,59
209000066,47,42,5
209000067,69,41,28
209000080,26,210,-184
209000082,70,26,44
209000091,27,105,-78
209000093,41,27,14
209000094,240,198,42
209000110,40,100,-60
209000111,355,958,-603
209000112,682,430,252
209000113,1104,377,727
209000114,492,335,157
209000115,82,162,-80
209000116,507,441,66
209000118,23,38,-15
209000119,50,16,34
209000121,144,522,-378
209000135,92,166,-74
209000142,624,1003,-379
209000143,98,49,49
209000144,39,109,-70
209000229,347,139,208
209000240,25,329,-304
209000259,118,98,20
209000260,32,783,-751
209000261,4,403,-399
209000262,3,371,-368
209000263,0,147,-147
209000264,0,73,-73
209000265,417,4,413
209000266,91,1,90
209000267,721,3,718
209000268,579,28,551
210000037,46,29,17
210000047,65,31,34
210000048,121,24,97
210000049,46,6,40
210000052,51,74,-23
210000053,22,36,-14
210000054,37,62,-25
210000070,155,4,151
210000071,83,0,83
210000072,28,0,28
210000073,1,15,-14
210000074,0,101,-101
210000075,1,79,-78
210000076,9,158,-149
210000077,15,59,-44
210000078,33,30,3
210000079,27,13,14
210000080,142,40,102
210000081,210,26,184
210000082,191,4,187
210000083,68,1,67
210000084,21,0,21
210000085,0,57,-57
210000086,2,87,-85
210000099,31,233,-202
210000100,59,177,-118
210000101,78,184,-106
210000105,30,171,-141
210000159,1,159,-158
210000163,112,179,-67
210000164,269,181,88
210000168,111,55,56
210000187,0,15,-15
210000188,0,21,-21
210000214,113,0,113
210000219,29,23,6
210000220,69,34,35
210000232,5,21,-16
210000233,32,45,-13
210000234,26,107,-81
210000235,39,56,-17
210000245,1,23,-22
210000246,25,1,24
210000258,10,69,-59
210000259,302,70,232
210000282,86,180,-94
210000285,0,87,-87
210000286,11,118,-107
210000290,2,16,-14
210000295,21,84,-63
210000296,28,32,-4
210000320,118,45,73
210000321,129,38,91
210000338,48,81,-33
210000339,306,954,-648
210000340,117,258,-141
210000341,185,211,-26
210000342,201,149,52
210000343,128,163,-35
210000344,202,81,121
210000345,140,171,-31
210000346,48,104,-56
210000347,79,24,55
210000348,123,14,109
210000349,48,19,29
210000350,91,48,43
210000351,111,109,2
210000352,60,63,-3
210000353,30,86,-56
210000354,69,68,1
210000355,45,67,-22
210000356,38,48,-10
210000357,41,39,2
210000358,241,116,125
210000359,93,65,28
210000360,139,111,28
210000361,173,116,57
210000362,243,143,100
210000363,668,208,460
210000364,108,148,-40
210000365,102,70,32
210000366,104,47,57
210000367,56,26,30
210000368,117,41,76
210000369,14,17,-3
210000370,38,50,-12
210000372,18,35,-17
210000373,37,21,16
210000374,75,13,62
210000375,29,65,-36
210000376,51,100,-49
210000404,37,109,-72
210000439,19,45,-26
210000472,76,6,70
210000482,65,72,-7
210000564,256,251,5
210000567,3,24,-21
210000568,264,0,264
211000092,30,51,-21
211000094,22,15,7
211000169,196,7,189
211000172,18,245,-227
211000209,1,15,-14
211000226,8,49,-41
211000270,42,9,33
211000275,27,19,8
211000276,63,25,38
211000279,6,37,-31
211000281,46,38,8
211507980,6,30,-24
211977296,28,8,20
212000003,98,41,57
212000004,40,20,20
212000005,21,15,6
212000006,31,44,-13
212000008,182,207,-25
212000009,28,125,-97
212000012,67,66,1
212000013,11,42,-31
212000014,246,135,111
212000015,243,257,-14
212000016,402,509,-107
212000027,418,389,29
212000028,275,361,-86
212000029,203,238,-35
212000030,41,16,25
212000031,40,50,-10
212000048,16,126,-110
212000049,13,84,-71
212000050,29,5,24
212000051,156,177,-21
212000052,124,289,-165
212000053,361,521,-160
212000054,174,87,87
212000055,217,178,39
212000056,17,32,-15
212000057,9,26,-17
212000058,217,31,186
212000070,101,184,-83
212000077,123,595,-472
212000099,182,225,-43
212000108,164,141,23
212000111,163,115,48
212000120,65,74,-9
212000138,120,14,106
212000156,9,126,-117
212000158,12,8,4
212000159,292,43,249
212000160,494,199,295
212000161,50,6,44
212000310,35,20,15
212000311,9,47,-38
212000374,26,6,20
213000001,26,330,-304
213000005,275,139,136
213000006,934,280,654
213000007,202,10,192
213000009,648,481,167
213000010,178,295,-117
213000011,161,104,57
213000012,157,316,-159
213000014,56,10,46
213000015,216,4,212
213000016,396,1,395
213000017,123,1,122
213000018,3,131,-128
213000019,2,151,-149
213000020,135,387,-252
213000021,4,127,-123
213000023,236,151,85
213000033,326,1381,-1055
213000034,685,219,466
213000035,106,204,-98
213000045,186,255,-69
213000046,230,185,45
213000047,685,1145,-460
213000056,78,41,37
213000069,96,4,92
213000073,1,32,-31
213000074,55,306,-251
213000075,530,12,518
213000076,36,1,35
213000085,2,37,-35
213000086,13,157,-144
213000091,162,7,155
213000092,84,9,75
213000099,168,1084,-916
213000100,1203,216,987
213000101,324,112,212
213000102,380,293,87
213000103,771,822,-51
213000104,50,330,-280
213000105,5,177,-172
213000106,32,121,-89
213000107,149,536,-387
213000108,32,456,-424
213000109,17,255,-238
213000110,4,81,-77
213000111,18,81,-63
213000112,180,90,90
213000115,79,10,69
213000116,54,348,-294
213000117,7,578,-571
213000118,349,204,145
213000119,47,586,-539
213000120,133,443,-310
213000122,177,547,-370
213000123,386,1430,-1044
213000124,92,1220,-1128
213000125,116,36,80
213000126,63,132,-69
213000127,164,193,-29
213000128,516,1159,-643
213000129,314,527,-213
213000130,426,283,143
213000132,276,89,187
213000133,429,125,304
213000134,676,29,647
213000136,401,46,355
213000137,533,86,447
213000139,311,22,289
213000147,47,11,36
213000148,23,11,12
213000149,69,10,59
213000150,0,109,-109
213000151,3,80,-77
213000152,9,85,-76
213000153,5,84,-79
213000154,37,279,-242
213000155,34,222,-188
213000156,131,537,-406
213000157,583,387,196
213000158,273,792,-519
213000159,507,470,37
213000163,671,113,558
213000165,713,279,434
213000171,0,87,-87
213000172,4,314,-310
213000173,4,275,-271
213000174,1,162,-161
213000175,21,89,-68
213000176,32,25,7
213000177,75,8,67
213000178,131,4,127
213000179,189,5,184
213000180,152,0,152
213000184,104,392,-288
213000188,279,109,170
213000189,313,43,270
213000190,862,766,96
213000191,274,473,-199
213000192,203,363,-160
213000193,783,266,517
213000194,1,58,-57
213000195,34,386,-352
213000196,256,1088,-832
213000197,349,525,-176
213000198,75,5,70
213000200,132,933,-801
213000201,79,46,33
213000202,12,481,-469
213000203,2858,641,2217
213000204,647,63,584
213000205,272,85,187
213000206,464,82,382
213000207,132,12,120
213000208,87,3,84
213000209,163,2,161
213000210,376,2,374
213000211,4,16,-12
213000212,11,20,-9
213000213,38,55,-17
213000218,195,544,-349
213000219,477,23,454
213000220,343,20,323
213000223,236,232,4
213000224,38,50,-12
213000225,234,15,219
213000226,68,11,57
213000227,763,248,515
213000228,319,109,210
213000229,355,26,329
213000230,396,21,375
213000232,103,824,-721
213000233,13,256,-243
213000234,1,39,-38
213000293,17,80,-63
213000294,166,25,141
213000295,10,83,-73
213000296,40,19,21
213000297,4,106,-102
213000298,25,120,-95
213000299,56,62,-6
213000300,29,4,25
213000303,17,27,-10
213000304,1,2,-1
213000305,12,8,4
213000306,61,27,34
213000307,130,94,36
213000308,102,185,-83
213000309,112,46,66
213000310,476,158,318
213000311,362,646,-284
213000315,90,80,10
213000316,122,57,65
213000322,114,134,-20
213000323,81,73,8
213000324,44,44,0
213000325,47,80,-33
213000326,24,26,-2
213000327,27,36,-9
213000328,36,156,-120
213000329,76,35,41
213000340,176,515,-339
213000341,370,85,285
213000346,240,235,5
213000347,700,413,287
213000348,17,79,-62
213000349,39,8,31
213000350,325,954,-629
213000366,65,275,-210
213000367,276,27,249
213000379,197,56,141
213000386,19,256,-237
213000406,77,288,-211
213000417,1123,475,648
213000425,117,33,84
213000426,115,65,50
213000427,26,209,-183
213000428,46,174,-128
213000429,27,4,23
213000430,91,652,-561
213000431,206,7,199
213000432,5,63,-58
213000433,22,135,-113
213000434,77,83,-6
213000435,103,58,45
213000436,19,62,-43
213000437,1,13,-12
213000438,167,66,101
213000439,38,10,28
213000440,9,337,-328
213000441,1,0,1
213000442,1,25,-24
213000443,407,334,73
213000444,28,48,-20
213000445,0,80,-80
213000446,1,80,-79
213000447,1,40,-39
213000448,4,118,-114
213000449,277,4,273
213000450,18,44,-26
213000451,205,72,133
213000452,13,21,-8
213000453,43,250,-207
213000455,529,2,527
213000456,0,333,-333
213000481,9,5,4
213000482,97,4,93
213000489,348,65,283
213000491,0,150,-150
213000492,244,3,241
213000493,0,102,-102
213000494,190,100,90
213000495,0,109,-109
213000496,419,169,250
213000497,76,269,-193
213000498,121,167,-46
213000499,143,486,-343
213000500,378,59,319
213000501,94,30,64
213000502,224,113,111
213000503,0,68,-68
213000504,7,106,-99
213000505,6,21,-15
213000506,0,11,-11
213000507,2,130,-128
213900244,32,0,32
213900245,0,28,-28
218000003,22,30,-8
218000004,25,8,17
218000005,27,26,1
218000006,58,20,38
218000007,7,11,-4
218000012,119,140,-21
218000013,155,118,37
218000014,363,379,-16
218000019,662,575,87
218000020,226,385,-159
218000021,24,24,0
218000022,4,10,-6
218000023,4,20,-16
218000024,0,7,-7
218000025,11,19,-8
218000026,3,16,-13
218000027,0,5,-5
218000028,2,5,-3
218000029,3,2,1
218000030,11,8,3
218000031,3,22,-19
218000032,1,7,-6
218000040,5,6,-1
218000046,37,57,-20
218000047,8,76,-68
218000048,51,74,-23
218000049,93,73,20
218000050,296,164,132
218000051,54,175,-121
218000052,0,79,-79
218000053,5,7,-2
218000054,9,24,-15
218000055,4,4,0
218000056,16,15,1
218000057,0,14,-14
218000064,1,2,-1
218000065,85,48,37
218000066,16,53,-37
218000067,40,85,-45
218000068,111,94,17
218000069,186,124,62
218000070,226,192,34
218000071,138,158,-20
218000072,264,204,60
218000078,759,745,14
218000079,46,71,-25
218000080,122,72,50
218000081,313,228,85
218000082,43,92,-49
218000083,47,47,0
218000084,119,108,11
218000085,135,308,-173
218000086,77,133,-56
218000087,182,160,22
218000090,13,87,-74
218000091,853,425,428
218000092,62,151,-89
218000093,70,56,14
218000094,490,624,-134
218000099,244,636,-392
218000100,217,268,-51
218000101,289,127,162
218000102,338,227,111
218000103,74,123,-49
218000104,93,22,71
218000105,23,25,-2
218000106,12,11,1
218000107,42,56,-14
218000108,13,48,-35
218000112,49,38,11
218000117,98,50,48
218000134,530,554,-24
218000135,30,100,-70
218000136,200,90,110
218000137,187,155,32
218000138,35,115,-80
218000139,226,331,-105
218000140,574,233,341
218000141,86,73,13
218000142,232,124,108
218000143,76,217,-141
218000144,63,69,-6
218000145,299,314,-15
218000146,63,201,-138
218000151,5,13,-8
218000152,87,39,48
218000153,8,1,7
218000154,8,0,8
218000155,9,2,7
218000156,46,0,46
218000157,16,6,10
218000158,4,3,1
218000159,3,3,0
218000160,3,0,3
218000161,21,3,18
218000162,23,6,17
218000163,11,0,11
218000164,31,7,24
218000165,28,24,4
218000170,8,33,-25
218000171,38,20,18
218000172,14,11,3
218000173,67,10,57
218000174,15,1,14
218000176,130,36,94
218000177,277,185,92
218000178,54,177,-123
218000179,68,81,-13
218000180,61,26,35
218000181,123,54,69
218000187,8,21,-13
218000188,41,39,2
218000189,22,46,-24
218000190,15,10,5
218000191,87,52,35
218000192,134,211,-77
218000193,307,310,-3
218000194,72,242,-170
218000195,111,62,49
218000196,254,242,12
218000197,276,340,-64
218000198,30,160,-130
218000199,42,41,1
218000200,83,14,69
218000201,13,13,0
218000202,62,226,-164
218000207,4,17,-13
218000208,53,32,21
218000211,43,18,25
218000212,1,6,-5
218000213,51,43,8
218000214,4,13,-9
218000215,36,55,-19
218000217,7,72,-65
218000218,115,45,70
218000219,29,11,18
218000220,71,304,-233
218000221,551,126,425
218000222,7,26,-19
218000223,22,186,-164
218000224,12,132,-120
218000225,129,25,104
218000226,92,35,57
218000230,0,3,-3
218000232,37,64,-27
218000239,150,6,144
218000240,42,1,41
218000241,43,0,43
218000242,88,8,80
218000243,70,5,65
218000244,74,7,67
218000245,17,1,16
218000246,1,0,1
218000247,18,0,18
218000248,0,10,-10
218000249,2,1,1
218000250,1,6,-5
218000251,7,22,-15
218000252,2,26,-24
218000253,6,21,-15
218000254,0,19,-19
218000255,2,10,-8
218000256,16,55,-39
218000267,373,882,-509
218000268,11,56,-45
218000269,2,8,-6
218000270,56,55,1
218000271,12,59,-47
218000273,19,7,12
218000274,10,11,-1
218000275,20,42,-22
218000276,7,44,-37
218000278,6,35,-29
218000279,50,59,-9
218000280,8,32,-24
218000281,18,11,7
218000282,438,353,85
218000284,85,9,76
218000301,63,89,-26
218000302,123,61,62
218000303,30,27,3
218000316,748,985,-237
218000317,907,1129,-222
218000318,575,864,-289
218000319,937,984,-47
218000320,589,608,-19
218000338,56,33,23
218000345,119,57,62
218000346,28,129,-101
218000459,29,227,-198
218000490,37,23,14
218000501,51,39,12
218000502,25,77,-52
218000503,49,26,23
218000504,119,26,93
218000505,49,129,-80
218000506,43,270,-227
218000508,5,6,-1
218000510,138,16,122
218000520,106,77,29
218000521,9,48,-39
218000522,0,146,-146
218000523,105,1,104
218000524,29,108,-79
218000525,91,8,83
218000526,54,133,-79
218000529,40,128,-88
218000530,13,2,11
218000531,10,21,-11
218000532,30,12,18
218000534,99,15,84
218000537,18,38,-20
218000538,132,143,-11
218000540,179,61,118
218000543,130,41,89
218000544,58,71,-13
218000545,27,47,-20
218000546,43,51,-8
218000547,71,125,-54
218000548,192,106,86
218000549,399,313,86
218000550,242,259,-17
218000551,105,698,-593
218000552,349,34,315
218000553,67,88,-21
218000554,35,12,23
218000555,32,42,-10
218000556,153,182,-29
218000557,210,124,86
218000558,70,2,68
218000559,0,23,-23
218000560,0,32,-32
218000561,38,0,38
218000562,28,149,-121
218000563,178,19,159
218000564,5,128,-123
218000565,178,10,168
218000566,453,24,429
218000567,0,73,-73
218000568,10,2,8
218000569,13,80,-67
218000570,89,7,82
218000571,1,99,-98
218000572,130,3,127
218000573,11,94,-83
218000574,85,36,49
218000575,70,0,70
218000576,0,66,-66
218000577,99,0,99
218000578,0,76,-76
218000579,22,10,12
218000581,1,34,-33
218000582,58,3,55
218000583,6,0,6
218000584,0,13,-13
218000585,31,4,27
218000586,16,50,-34
218000587,7,3,4
218000588,3,5,-2
218000589,0,2,-2
218000590,17,0,17
218000591,5,3,2
218000592,30,0,30
218000593,4,2,2
218000594,0,0,0
218000597,0,0,0
218000598,0,0,0
218000599,1,0,1
218000600,13,2,11
218000601,0,0,0
218000602,0,12,-12
218000603,0,4,-4
218000604,5,0,5
218000605,0,36,-36
218000606,83,1,82
218000607,11,38,-27
218000608,38,22,16
218000609,6,48,-42
218000610,40,7,33
218000611,17,3,14
218000612,1,33,-32
218000613,58,0,58
218000614,0,38,-38
218000615,210,0,210
218000616,3,128,-125
218000617,28,1,27
218000618,0,16,-16
218000619,23,24,-1
218000620,5,9,-4
218000621,0,4,-4
218000622,0,3,-3
218000623,137,0,137
218000624,6,17,-11
218000625,15,1,14
218000626,0,5,-5
218000628,122,14,108
218000631,29,14,15
218000632,0,86,-86
218000633,101,0,101
218000634,9,21,-12
218000635,15,7,8
218000636,654,961,-307
218000637,829,530,299
218000638,144,45,99
218000639,11,186,-175
218000640,207,40,167
218000641,72,235,-163
218000652,57,56,1
218000653,86,45,41
218000663,7,184,-177
218000675,116,38,78
218000676,2,13,-11
218000677,8,4,4
218000680,200,281,-81
218000681,320,123,197
218000691,196,223,-27
218000693,207,179,28
218000703,3,30,-27
218000718,442,837,-395
218000719,760,479,281
218000720,26,101,-75
218000721,219,16,203
218000725,4,4,0
218001147,0,103,-103
218001214,6,42,-36
218001258,52,5,47
218001329,131,124,7
218001330,118,76,42
218001351,49,13,36
218001352,18,23,-5
218001353,19,10,9
218001354,4,16,-12
218001355,5,229,-224
218001356,323,16,307
218001357,69,171,-102
218001358,216,6,210
218001361,181,4,177
218001362,2,179,-177
219000001,66,35,31
219000002,39,46,-7
219000003,56,24,32
219000004,60,59,1
219000017,83,29,54
219000020,98,42,56
219000022,117,6,111
219000023,104,4,100
219000029,2,69,-67
219000034,42,27,15
219000039,99,92,7
219000040,58,39,19
219000041,118,23,95
219000051,0,31,-31
219000052,0,14,-14
219000053,1,88,-87
219000054,25,62,-37
219000055,167,5,162
219000056,15,0,15
219000057,54,0,54
219000062,10,53,-43
219000063,55,13,42
219000064,0,52,-52
219000110,509,56,453
219000111,98,31,67
219000112,165,53,112
219000113,91,41,50
219000114,182,67,115
219000116,93,37,56
219000117,158,32,126
219000118,116,39,77
219000123,186,48,138
219000124,76,40,36
219000125,9,15,-6
219000126,59,99,-40
219000127,0,6,-6
219000128,25,89,-64
219000129,14,88,-74
219000130,443,408,35
219000131,641,827,-186
219000133,69,44,25
219000134,10,9,1
219000135,30,56,-26
219000136,55,164,-109
219000138,46,20,26
219000139,22,54,-32
219000140,47,0,47
219000141,24,115,-91
219000142,19,98,-79
219000143,24,82,-58
219000145,38,28,10
219000146,0,17,-17
219000147,3,23,-20
219000148,3,18,-15
219000149,6,54,-48
219000150,0,51,-51
219000151,3,33,-30
219000157,152,167,-15
219000158,191,255,-64
219000161,96,16,80
219000163,1398,425,973
219000166,156,186,-30
219000167,123,158,-35
219000168,267,101,166
219000174,363,137,226
219000175,66,4,62
219000176,97,5,92
219000177,25,6,19
219000178,25,1,24
219000179,12,5,7
219000180,24,33,-9
219000182,153,24,129
219000183,60,37,23
219000184,116,6,110
219000185,0,49,-49
219000186,40,32,8
219000187,10,61,-51
219000189,89,128,-39
219000190,75,212,-137
219000191,934,1045,-111
219000192,154,110,44
219000193,195,122,73
219000195,1,49,-48
219000196,7,122,-115
219000198,24,112,-88
219000199,47,220,-173
219000200,43,200,-157
219000201,84,178,-94
219000203,30,112,-82
219000204,196,195,1
219000205,41,152,-111
219000207,143,234,-91
219000209,18,51,-33
219000210,76,77,-1
219000213,6,105,-99
219000239,276,278,-2
219000240,220,344,-124
219000241,142,162,-20
219000242,134,109,25
219000243,80,162,-82
219000244,23,63,-40
219000245,41,32,9
219000246,31,18,13
219000247,132,35,97
219000248,473,309,164
219000249,127,93,34
219000250,104,92,12
219000251,447,199,248
219000252,249,164,85
219000253,370,87,283
219000255,114,99,15
219000256,220,83,137
219000257,78,0,78
219000262,64,104,-40
219000263,45,133,-88
219000267,2,76,-74
219000268,3,2,1
219000269,2,3,-1
219000270,11,0,11
219000271,81,4,77
219000278,2,6,-4
219000279,1,4,-3
219000283,0,7,-7
219000295,15,82,-67
219000296,67,430,-363
219000297,8,101,-93
219000298,13,130,-117
219000299,446,57,389
219000300,21,179,-158
219000301,247,318,-71
219000302,31,245,-214
219000307,24,38,-14
219000308,38,38,0
219000311,172,60,112
219000312,524,109,415
219000313,302,40,262
219000314,54,338,-284
219000315,268,31,237
219000316,448,56,392
219000317,80,29,51
219000320,1,87,-86
219000321,1,25,-24
219000323,7,47,-40
219000325,0,8,-8
219000326,80,50,30
219000327,61,23,38
219000328,28,49,-21
219000329,365,98,267
219000330,26,32,-6
219000331,39,42,-3
219000332,94,68,26
219000333,15,5,10
219000335,34,0,34
219000337,17,0,17
219000338,50,0,50
219000344,16,56,-40
219000345,53,78,-25
219000346,28,90,-62
219000348,119,73,46
219000349,43,142,-99
219000350,141,202,-61
219000351,1,3,-2
219000352,558,76,482
219000353,103,49,54
219000354,87,76,11
219000355,154,75,79
219000356,1178,1218,-40
219000363,185,53,132
219000364,68,32,36
219000365,120,10,110
219000366,161,231,-70
219000368,437,500,-63
219000370,1088,470,618
219000371,20,18,2
219000382,28,22,6
219000383,647,828,-181
219000385,397,394,3
219000386,633,1158,-525
219000387,3,11,-8
219000390,3,0,3
219000391,2,2,0
219000397,83,51,32
219000398,90,37,53
219000401,14,99,-85
219000402,24,81,-57
219000403,140,291,-151
219000404,43,101,-58
219000407,8,28,-20
219000409,46,52,-6
219000410,60,47,13
219000411,59,9,50
219000446,166,285,-119
219000447,7,14,-7
219000448,11,7,4
219000452,165,86,79
219000453,90,161,-71
219000454,156,251,-95
219000556,245,98,147
219000558,150,178,-28
219000590,38,128,-90
219000591,60,46,14
219000592,109,277,-168
219000595,2,15,-13
219000635,178,51,127
219000636,22,64,-42
219000657,83,15,68
219000658,30,84,-54
219000673,0,9,-9
219000676,9,2,7
219000679,34,14,20
219000684,72,1,71
219000685,1,44,-43
219000686,2,4,-2
219000688,2,78,-76
219000689,27,243,-216
219000690,156,21,135
219000691,48,190,-142
219000692,151,26,125
219000693,0,23,-23
219000694,3,0,3
219000695,16,5,11
219000698,17,0,17
219000699,0,18,-18
219000727,1,73,-72
219000728,62,1,61
219000770,64,1,63
219000771,0,31,-31
219000788,396,163,233
219001150,0,21,-21
219001151,1,2,-1
219001166,37,31,6
219001167,0,86,-86
219001178,25,0,25
220000001,52,60,-8
220000002,13,91,-78
220000003,290,180,110
220000004,549,391,158
220000005,1378,1677,-299
220000006,182,627,-445
220000007,331,422,-91
220000008,283,755,-472
220000009,234,311,-77
220000010,237,100,137
220000011,488,2371,-1883
220000012,108,303,-195
220000014,111,49,62
220000015,71,174,-103
220000017,30,154,-124
220000018,3044,1523,1521
220000019,66,191,-125
220000020,312,240,72
220000021,506,172,334
220000022,598,346,252
220000023,283,146,137
220000024,1810,329,1481
220000025,1015,879,136
220000026,214,205,9
220000027,70,74,-4
220000028,32,29,3
220000029,75,134,-59
220000030,83,79,4
220000031,333,229,104
220000064,12,683,-671
221000046,2,0,2
221000047,0,1,-1
221000048,0,7,-7
221000049,0,9,-9
221000050,21,0,21
221000055,38,36,2
221000057,66,12,54
221000068,272,123,149
221000069,255,58,197
221000070,156,25,131
221000071,57,14,43
221000072,169,13,156
221000073,120,36,84
221000074,3,26,-23
221000075,21,19,2
221000076,7,18,-11
221000077,27,80,-53
221000081,33,4,29
221000082,41,1,40
221000083,34,1,33
221000084,4,1,3
221000085,2,58,-56
221000086,12,94,-82
221000087,6,118,-112
221000088,7,134,-127
221000089,31,244,-213
221000090,116,430,-314
221000098,85,19,66
221000099,151,13,138
221000100,67,6,61
221000101,215,25,190
221000102,97,12,85
221000109,3,72,-69
221000110,4,83,-79
221000111,10,142,-132
221000112,8,117,-109
221000113,7,150,-143
221000114,10,134,-124
221000120,30,24,6
221000121,5,24,-19
221000122,73,33,40
221000123,18,16,2
221000124,24,116,-92
221000155,68,15,53
221000156,39,24,15
221000175,0,8,-8
221000176,7,5,2
221000182,34,5,29
221000241,623,233,390
221000242,191,431,-240
221000243,489,123,366
221000244,295,442,-147
221000245,55,79,-24
221000246,24,222,-198
221000247,55,117,-62
221000248,96,118,-22
221000267,41,402,-361
221000325,99,53,46
221000331,5,40,-35
221000338,8,14,-6
221000378,161,23,138
221000381,42,53,-11
222000282,16,1,15
222000296,1,16,-15
222000568,235,18,217
222000569,142,44,98
222000570,99,20,79
222000571,211,21,190
222000577,18,130,-112
222000578,26,143,-117
222000579,23,142,-119
222000580,80,646,-566
222000599,1,123,-122
222000600,5,295,-290
222000601,3,744,-741
222000603,9,28,-19
222000604,12,28,-16
222000605,13,24,-11
222000606,3,9,-6
222000607,5,1,4
222000608,26,14,12
222000609,107,174,-67
222000616,265,50,215
222000617,11,25,-14
222000618,6,3,3
222000620,20,7,13
222000621,70,6,64
222000623,714,6,708
222000624,323,2,321
222000625,511,15,496
222000636,29,3,26
222000686,21,7,14
222000687,38,26,12
222001066,149,3,146
222001067,10,3,7
222001068,44,11,33
222001069,27,39,-12
222001082,9,22,-13
222001083,24,30,-6
222001084,0,46,-46
222001085,1,80,-79
222001111,16,108,-92
222001112,100,20,80
222001313,28,8,20
222001314,8,99,-91
222001464,116,52,64
222001465,32,91,-59
222001484,122,95,27
222001485,31,55,-24
222001494,391,147,244
222001495,187,240,-53
222001496,215,131,84
222001497,135,373,-238
222001502,28,70,-42
222001503,90,40,50
222001504,25,287,-262
222001505,252,10,242
222001506,33,317,-284
222001507,275,23,252
222001510,257,26,231
222001511,42,260,-218
222001514,533,180,353
222001515,213,451,-238
222001518,200,68,132
222001519,71,175,-104
222001527,184,41,143
222001528,69,138,-69
222001529,162,37,125
222001530,46,138,-92
222001533,131,197,-66
222001534,210,60,150
222001535,154,226,-72
222001536,116,202,-86
222001537,253,46,207
222001538,82,417,-335
222001563,551,65,486
222001564,62,434,-372
222001568,302,106,196
222001576,0,3,-3
222001579,0,4,-4
222001583,34,113,-79
222001584,75,16,59
222001596,507,871,-364
222001597,1403,250,1153
222001626,1,93,-92
222001650,182,86,96
222001651,141,110,31
222001914,147,67,80
222001915,48,184,-136
222001968,412,319,93
222001969,462,514,-52
222001970,108,154,-46
222001971,18,10,8
222001972,0,19,-19
225000001,303,186,117
225000002,519,128,391
225000003,479,67,412
225000004,314,163,151
225000005,47,57,-10
225000006,1,128,-127
225000007,1054,1143,-89
225000010,259,14,245
225000011,308,631,-323
225000012,184,383,-199
225000013,87,90,-3
225000014,563,64,499
225000015,58,115,-57
225000021,582,119,463
225000027,193,356,-163
225000032,502,101,401
225000042,52,531,-479
225000049,25,41,-16
225000050,51,11,40
225000053,4,258,-254
225000058,482,119,363
225000067,139,130,9
225000068,85,230,-145
225000069,136,378,-242
225000070,76,285,-209
225000071,26,135,-109
225000075,15,598,-583
225000076,52,92,-40
225000078,54,40,14
225000085,46,120,-74
225000086,165,41,124
225000087,172,10,162
225000088,6,118,-112
225000089,245,798,-553
225000090,42,291,-249
225000091,170,103,67
225000092,12,52,-40
225000093,170,226,-56
225000094,14,211,-197
225000095,223,313,-90
225000096,300,432,-132
225000098,517,264,253
225000099,253,155,98
225000100,260,101,159
225000104,98,273,-175
225000110,10,297,-287
225000111,205,762,-557
225000112,222,913,-691
225000113,196,440,-244
225000114,56,195,-139
225000115,1196,533,663
225000116,794,176,618
225000117,603,219,384
225000118,773,204,569
225000119,190,51,139
225000120,571,35,536
225000121,176,22,154
225000123,429,15,414
225000125,290,141,149
225000126,568,119,449
225000127,546,720,-174
225000128,384,515,-131
225000132,218,16,202
225000133,197,17,180
225000134,427,150,277
225000135,34,8,26
225000136,242,14,228
225000137,131,39,92
225000138,285,55,230
225000143,37,161,-124
225000144,6,312,-306
225000145,28,35,-7
225000146,28,89,-61
225000147,13,181,-168
225000148,7,170,-163
225000149,49,400,-351
225000151,33,136,-103
225000155,312,352,-40
225000156,133,724,-591
225000157,193,297,-104
225000158,86,272,-186
225000171,5,130,-125
225000180,26,3,23
225000181,0,70,-70
225000182,76,5,71
225000185,16,257,-241
225000187,21,196,-175
225000191,84,4,80
225000194,0,19,-19
225000208,1,37,-36
225000209,131,27,104
225000210,5,202,-197
225000217,0,22,-22
225000218,26,1,25
225000223,0,33,-33
225000224,117,2,115
225000225,0,60,-60
225000226,32,4,28
225000227,33,90,-57
225000228,25,15,10
225000229,0,61,-61
225000230,9,0,9
225000231,0,43,-43
225000232,121,0,121
225000241,96,1,95
225000242,0,46,-46
225000249,6,0,6
225000250,39,586,-547
225000251,257,18,239
225000256,0,0,0
225000257,0,0,0
226000042,288,424,-136
226000043,67,294,-227
226000044,94,463,-369
226000045,42,317,-275
226000046,261,99,162
226000047,322,95,227
226000048,301,84,217
226000049,210,143,67
226000070,0,33,-33
226000071,0,57,-57
226000072,0,14,-14
226000073,0,8,-8
226000074,0,6,-6
226000084,1,53,-52
226000085,0,10,-10
226000086,3,11,-8
226000087,0,5,-5
226000088,42,24,18
226000090,131,62,69
226000091,23,26,-3
226000092,1,7,-6
226000093,36,0,36
226000094,15,0,15
226000095,23,2,21
226000105,10,3,7
226000106,6,1,5
226000107,4,0,4
226000108,21,0,21
226000109,69,4,65
226000124,85,74,11
226000134,466,339,127
226000135,997,378,619
226000136,316,245,71
226000137,7,293,-286
226000138,9,163,-154
226000139,3,15,-12
226000156,141,5,136
226000157,123,1,122
226000163,67,68,-1
226000202,8,236,-228
226000231,260,5,255
226000232,22,0,22
227000033,225,57,168
227000036,228,24,204
227000037,243,27,216
227000038,172,14,158
227000084,1,61,-60
227000085,0,37,-37
227000088,40,0,40
227000089,116,1,115
227000090,55,0,55
227000091,16,0,16
227000092,62,1,61
227000093,102,0,102
227000094,12,0,12
227000130,13,62,-49
227000131,23,162,-139
227000132,10,161,-151
227000133,9,162,-153
227000134,15,286,-271
227000152,0,7,-7
227000153,1,46,-45
227000154,0,23,-23
227000155,0,17,-17
227000156,2,11,-9
227000165,2,12,-10
227000196,271,224,47
227000199,213,397,-184
227000230,30,337,-307
227000232,353,16,337
227000242,59,449,-390
227000243,368,82,286
227000245,23,248,-225
227000246,106,462,-356
227000247,303,79,224
227000248,86,29,57
227000249,26,168,-142
227000250,471,147,324
227000251,157,225,-68
227000252,20,318,-298
227000253,152,8,144
227000262,280,42,238
227000266,836,13,823
227000267,33,1161,-1128
227000282,8,118,-110
227000284,407,12,395
227000286,3,67,-64
227000287,11,95,-84
227000291,14,453,-439
227000484,295,16,279
227000485,21,770,-749
227000655,111,10,101
227000656,490,18,472
227000657,72,6,66
227000661,215,16,199
227000680,151,40,111
229000265,10,40,-30
229000296,4,5,-1
229000297,1,19,-18
229000298,3,108,-105
229000320,17,8,9
229000321,10,7,3
229000412,11,36,-25
229000414,7,31,-24
229000415,22,3,19
229000416,0,6,-6
229000417,5,12,-7
229000419,86,209,-123
229000440,261,46,215
229000442,8,2,6
229000443,17,0,17
229000444,1,16,-15
229000445,64,1,63
229000446,48,6,42
229000491,2,11,-9
229000492,4,39,-35
229000493,2,38,-36
229000494,32,1,31
229000495,63,2,61
229000496,32,1,31
229000507,0,36,-36
229000508,0,21,-21
229000509,0,30,-30
229000510,0,18,-18
229000511,1,22,-21
229000512,1,14,-13
229000513,1,4,-3
229000514,0,7,-7
229000517,1,4,-3
229000518,3,14,-11
229000519,1,1,0
229000520,7,12,-5
229000521,32,13,19
229000522,3,9,-6
229000523,4,8,-4
229000524,1,4,-3
229000527,2,0,2
229000528,0,0,0
229000529,4,0,4
229000530,33,0,33
229000531,33,2,31
229000532,9,2,7
229000533,29,0,29
229000534,29,2,27
229000564,23,0,23
229000565,6,0,6
229000566,0,2,-2
229000567,1,26,-25
229000582,40,4,36
229000583,2,2,0
229000584,0,23,-23
229000585,2,35,-33
229000718,0,2,-2
229000719,0,3,-3
229000720,0,7,-7
229000721,0,6,-6
229000722,0,9,-9
229000723,1,6,-5
229000724,0,1,-1
229000725,0,3,-3
229000738,0,0,0
229000739,2,0,2
229000740,2,0,2
229000741,11,0,11
229000742,1,0,1
229000743,7,0,7
229000744,1,0,1
229000745,1,0,1
229000746,15,2,13
229000847,27,0,27
229000848,11,0,11
229000849,28,1,27
229000851,6,0,6
229000854,0,12,-12
229000856,3,64,-61
229000857,0,26,-26
229000858,0,44,-44
229000919,11,75,-64
229000930,0,170,-170
229000937,69,19,50
229000966,38,17,21
229000981,25,28,-3
229000985,3,26,-23
229000986,0,3,-3
229000987,0,1,-1
229000988,0,3,-3
229000989,6,2,4
229000990,1,1,0
229000991,0,1,-1
229000992,5,14,-9
229000993,109,20,89
229000998,12,56,-44
229000999,49,20,29
229001034,2,10,-8
229001035,5,0,5
229001037,46,9,37
229001042,6,24,-18
229001047,1,37,-36
229001050,44,32,12
229001168,0,11,-11
229001200,10,2,8
229001338,12,17,-5
229001394,169,1,168
229001422,83,23,60
229001423,27,119,-92
229001431,41,53,-12
229001432,32,87,-55
229001444,114,24,90
229001445,30,92,-62
229001479,9,1,8
229001503,154,88,66
229001504,111,148,-37
229001505,76,46,30
229001506,67,96,-29
229001509,34,18,16
229001545,89,9,80
229001546,7,92,-85
229001553,45,14,31
229001554,28,74,-46
229001559,2,4,-2
229001560,4,30,-26
229001630,38,9,29
229001631,1,23,-22
229001635,0,8,-8
229001636,3,1,2
229001658,0,97,-97
229001659,53,13,40
229001660,6,4,2
229001661,1,17,-16
229001662,38,0,38
229001663,0,24,-24
229002584,106,125,-19
229002831,111,118,-7
229002841,4,13,-9
229002842,16,6,10
229002843,44,11,33
229002844,37,55,-18
229002845,4,48,-44
229002846,23,12,11
229002847,0,3,-3
229002848,5,9,-4
229002849,1,54,-53
229002850,16,0,16
229002851,25,92,-67
229002852,145,14,131
229002853,92,14,78
229002854,24,41,-17
229002855,6,7,-1
229002856,61,17,44
229002857,5,46,-41
229002858,15,14,1
229002859,19,28,-9
229002860,144,9,135
229002861,35,40,-5
229002862,33,16,17
229002863,15,6,9
229002864,20,24,-4
229002865,16,8,8
229002866,12,11,1
229002867,2,10,-8
229002868,14,7,7
229002869,20,107,-87
229002870,40,5,35
235000066,394,61,333
235000067,145,73,72
235000072,26,94,-68
235000073,63,300,-237
235000074,35,80,-45
235000080,16,62,-46
235000081,119,115,4
235000082,107,51,56
235000083,175,120,55
235000084,31,54,-23
235000085,122,43,79
235000089,23,37,-14
235000092,12,134,-122
235000093,11,2,9
235000097,3,4,-1
235000098,70,11,59
235000099,26,14,12
235000116,45,15,30
235000117,457,9,448
235000133,6,292,-286
235000134,10,139,-129
235000206,6,0,6
235000207,3,1,2
235000208,0,4,-4
235000209,7,1,6
235000210,4,1,3
235000212,3,15,-12
235000213,1,14,-13
235000220,0,2,-2
235000221,109,18,91
235000238,9,62,-53
235000239,1,7,-6
235000242,280,340,-60
235000245,411,157,254
235000246,7,53,-46
235000284,30,98,-68
235000295,105,2,103
235000305,202,11,191
235000306,170,6,164
235000307,11,1,10
235000308,18,0,18
235000309,37,0,37
235000310,25,0,25
235000311,86,15,71
235000322,0,37,-37
235000323,1,51,-50
235000324,0,24,-24
235000325,1,10,-9
235000326,3,140,-137
235000351,8,39,-31
235000352,19,26,-7
235000353,2,12,-10
235000354,5,19,-14
235000355,2,30,-28
235000356,71,2,69
235000357,36,14,22
235000358,69,5,64
235000359,8,3,5
235000360,69,17,52
235000361,39,15,24
235000381,80,159,-79
235000382,138,37,101
235000390,17,0,17
235000391,206,14,192
235000392,127,236,-109
235000393,70,143,-73
235000395,108,21,87
235000396,387,42,345
235000400,82,45,37
235000401,12,105,-93
235000405,95,225,-130
235000406,51,220,-169
235000407,58,86,-28
235000409,149,109,40
235000410,44,202,-158
235000411,3,71,-68
235000485,0,6,-6
235000486,6,0,6
235000549,57,62,-5
235000550,96,140,-44
235000599,92,50,42
235000600,4,13,-9
235000601,17,13,4
235000602,71,61,10
235000614,1,2,-1
235000648,0,25,-25
235000649,33,4,29
235000685,1,1,0
235000815,13,14,-1
235000834,0,6,-6
235000855,30,81,-51
235000862,26,92,-66
235000891,0,4,-4
235000892,9,3,6
235000901,57,56,1
235000907,6,6,0
235001010,80,54,26
235001029,407,372,35
235001030,325,259,66
235001078,67,75,-8
235001079,68,69,-1
235001147,3,33,-30
235001166,6,44,-38
235001167,21,52,-31
235001169,30,199,-169
235001188,2,5,-3
235001189,1,0,1
235001197,14,6,8
235001200,36,24,12
235001207,124,20,104
235001210,9,59,-50
235001215,17,80,-63
235001239,1,28,-27
235001244,0,1,-1
235016267,0,36,-36
277101746,0,0,0
277102712,0,0,0
277103813,0,0,0
277103898,0,2,-2
277104249,0,4,-4
277104250,0,3,-3
277104251,0,7,-7
277104252,0,2,-2
990011530,2,182,-180
990014944,1,398,-397
990015176,18,3,15
990015618,0,144,-144
990016032,0,183,-183
990032570,1,25,-24
990070001,66,3,63
990070103,0,1,-1
990070601,0,26,-26
990070751,633,9,624
990070766,0,380,-380
990071180,433,146,287
990071343,12,0,12
990071387,0,14,-14
990071823,495,3,492
990072600,2,655,-653
990072964,1,245,-244
990073285,0,2,-2
990074393,0,672,-672
990074870,1219,9,1210
990075106,1198,8,1190
990075746,459,4,455
990076437,923,8,915
990076458,1,616,-615
997000007,486,56,430
997000041,0,156,-156
997000058,52,1,51
997000062,42,1,41
997000069,0,2,-2
997000070,0,23,-23
997000100,21,1,20
997000141,2,479,-477
997000198,180,1030,-850
998000475,2,16,-14
998000736,1,114,-113
998000965,0,15,-15
998001031,1,52,-51
998001700,0,17,-17
998001899,0,2,-2
998001900,26,12,14
998003073,715,1,714
998101900,0,0,0
998102850,0,200,-200
998501927,831,470,361
998501929,122,45,77
998501930,48,0,48
998501931,283,3,280
998501932,3,1,2
998501933,41,2,39
998501937,23,0,23
998501944,4,1,3
998501950,5,65,-60
998501970,53,3,50
998501971,0,87,-87
998501973,1,41,-40
998501974,2,269,-267
998501975,93,0,93
998501976,105,1,104
998501977,0,25,-25
998501978,9,0,9
998501979,0,12,-12
998501980,72,1,71
998501981,25,0,25
998501982,0,88,-88
998501983,0,36,-36
998502006,0,0,0
998502024,0,5,-5
998502032,0,3,-3
998502062,20,0,20
998502063,0,0,0
998502173,39,0,39
998502269,0,0,0
998502546,2,142,-140
998502578,2,1,1
998502599,40,154,-114
998601159,0,119,-119
998601292,0,20,-20
999033574,0,317,-317
999800001,35,16,19
999800002,0,7,-7
999800003,1,1,0
999800004,0,3,-3
999800005,0,8,-8
