ID,insum,outsum,diff
100000001,629,729,-100
100000002,3633,1007,2626
100000003,5458,3290,2168
100000004,1404,1089,315
100000005,1990,4167,-2177
100000006,822,146,676
100000007,1970,661,1309
100000008,206,428,-222
100000009,586,630,-44
100000010,84,71,13
100000011,683,82,601
100000012,103,580,-477
100000013,111,155,-44
100000014,389,234,155
100000015,1542,1820,-278
100000016,881,1234,-353
100000017,697,704,-7
100000018,1368,494,874
100000019,3930,1788,2142
100000020,1635,5312,-3677
100000021,4333,1851,2482
100000022,1721,1635,86
100000023,4511,1409,3102
100000025,2009,852,1157
100000028,1958,829,1129
100000029,236,236,0
100000030,248,53,195
100000031,4568,4957,-389
100000032,2324,3058,-734
100000033,854,2039,-1185
100000034,510,366,144
100000035,1453,1050,403
100000036,2207,1177,1030
100000037,674,478,196
100000038,1940,922,1018
100000039,573,174,399
100000040,144,140,4
100000041,1044,474,570
100000042,1435,467,968
100000043,954,395,559
100000044,343,550,-207
100000045,615,1100,-485
100000046,699,915,-216
100000047,318,584,-266
100000048,504,629,-125
100000049,1642,2009,-367
100000051,486,909,-423
100000053,244,11,233
100000054,676,56,620
100000055,1689,206,1483
100000056,707,453,254
100000057,1850,627,1223
100000058,1017,1168,-151
100000059,26,122,-96
100000060,339,335,4
100000061,2116,468,1648
100000062,1959,561,1398
100000063,699,276,423
100000064,1383,342,1041
100000065,350,827,-477
100000066,197,617,-420
100000067,409,800,-391
100000068,496,1566,-1070
100000069,336,1256,-920
100000072,319,838,-519
100000073,1093,1126,-33
100000075,687,308,379
100000076,1863,2020,-157
100000077,290,180,110
100000078,50,53,-3
100000079,51,58,-7
100000080,34,61,-27
100000081,123,170,-47
100000102,2756,1675,1081
100000103,3168,1059,2109
100000104,4289,2123,2166
100000105,2712,1344,1368
100000106,2216,1962,254
100000107,625,635,-10
100000108,927,974,-47
100000109,3377,1271,2106
100000116,1490,931,559
100000117,90,121,-31
100000118,1775,781,994
100000119,673,543,130
100000121,225,464,-239
100000122,816,852,-36
100000123,2900,3947,-1047
100000124,7395,6562,833
100000125,3427,1153,2274
100000126,1036,293,743
100000127,1617,364,1253
100000128,1984,1382,602
100000129,396,333,63
100000130,412,465,-53
100000131,2497,2693,-196
100000132,1308,2631,-1323
100000133,5579,2636,2943
100000135,621,953,-332
100000139,442,217,225
100000140,477,291,186
100000142,465,504,-39
100000143,1366,635,731
100000144,3470,868,2602
100000147,919,2525,-1606
100000150,40,354,-314
100000151,1038,807,231
100000153,299,380,-81
100000154,122,141,-19
100000155,24,71,-47
100000156,455,325,130
100000157,103,76,27
100000158,231,63,168
100000159,309,420,-111
100000165,1491,799,692
100000169,366,416,-50
100000174,801,360,441
100000179,117,531,-414
100000180,1732,1062,670
100000181,572,223,349
100000188,49,208,-159
100000189,832,342,490
100000190,1029,599,430
100000191,748,459,289
100000192,65,112,-47
100000193,237,152,85
100000330,1322,699,623
100000355,240,480,-240
100000362,5529,3315,2214
100000363,3326,4746,-1420
100000364,258,180,78
100000365,4752,5014,-262
100000366,6156,2900,3256
100000367,4632,4166,466
100000368,2999,1718,1281
100000369,1117,1644,-527
100000370,223,610,-387
100000376,122,105,17
100000379,3069,1313,1756
100000380,5197,2791,2406
100000384,5816,4217,1599
100000385,4800,3891,909
100000386,8016,4459,3557
100000387,5446,4834,612
100000388,7776,5726,2050
100000389,7817,5814,2003
100000390,9934,5428,4506
100000391,6866,6446,420
100000392,3959,2938,1021
100000393,2720,3668,-948
100000394,8924,6540,2384
100000395,5258,2940,2318
100000396,8863,2900,5963
100000397,5336,4346,990
100000398,10709,7297,3412
100000413,30,15,15
100900002,6,51,-45
100900003,238,174,64
100900004,18,555,-537
100900005,134,34,100
100900006,17,150,-133
100900007,406,1,405
100900008,1,315,-314
100900009,68,126,-58
100900010,68,89,-21
100900011,92,221,-129
100900012,1,150,-149
100900013,733,20,713
100900014,7,7,0
100900015,104,89,15
100900016,4,35,-31
100900017,638,39,599
100900018,0,22,-22
100900019,33,96,-63
100900020,287,16,271
100900021,318,3,315
100900022,28,19,9
100900023,1,29,-28
100900024,638,3,635
100900025,21,19,2
100900026,116,133,-17
100900027,569,2208,-1639
100900028,127,153,-26
100900029,67,15,52
100900030,2,27,-25
100900031,612,40,572
100900032,153,2,151
100900033,264,142,122
100900034,389,5,384
100900035,543,3,540
100900036,20,5,15
100900037,74,184,-110
100900038,92,33,59
100900039,269,465,-196
100900040,303,635,-332
100900041,620,581,39
100900042,1283,365,918
100900043,0,8,-8
100900044,2261,515,1746
100900045,115,2,113
100900046,883,9,874
100900047,830,196,634
100900048,191,37,154
100900049,116,182,-66
100900050,5,19,-14
100900051,33,73,-40
100900052,360,39,321
100900053,282,20,262
100900054,18,89,-71
100900055,212,497,-285
100900056,190,167,23
100900057,578,1156,-578
100900058,209,79,130
100900059,145,9,136
100900060,126,8,118
100900061,440,258,182
100900062,2,57,-55
100900063,225,504,-279
100900064,627,17,610
100900065,90,109,-19
100900066,89,138,-49
100900067,5,14,-9
100900068,88,76,12
100900069,621,3,618
100900070,275,4,271
100900071,851,264,587
100900072,0,42,-42
100900073,122,495,-373
100900074,9,14,-5
100900075,1413,341,1072
100900076,15,28,-13
100900077,25,112,-87
100900078,81,264,-183
100900079,8,29,-21
100900080,35,159,-124
100900081,31,141,-110
100900082,102,605,-503
100900083,22,21,1
100900085,16,100,-84
100900086,116,739,-623
100900088,110,583,-473
100900089,4,26,-22
100900090,126,377,-251
100900091,2,11,-9
100900092,279,193,86
100900093,202,315,-113
100900094,112,432,-320
100900095,7,22,-15
100900096,13,129,-116
100900097,3,3,0
100900098,26,17,9
100900099,42,492,-450
100900100,23,343,-320
100900101,355,53,302
100900102,80,88,-8
100900103,7,27,-20
100900104,15,156,-141
100900105,17,304,-287
100900106,57,3,54
100900107,1508,735,773
100900108,24,26,-2
100900109,29,37,-8
100900110,3,31,-28
100900111,57,129,-72
100900112,4,10,-6
100900113,17,28,-11
100900114,13,16,-3
100900115,1,38,-37
100900116,662,655,7
100900117,270,616,-346
100900118,69,119,-50
100900119,31,19,12
100900120,5,10,-5
100900121,270,531,-261
100900122,150,193,-43
100900123,67,205,-138
100900124,2,2,0
100900125,18,90,-72
100900126,148,229,-81
100900127,4,10,-6
100900128,82,143,-61
100900129,0,103,-103
100900131,72,233,-161
100900133,77,58,19
100900134,10,2,8
100900135,0,97,-97
100900137,341,186,155
100900138,527,439,88
100900139,6,11,-5
100900140,5,512,-507
100900141,2,349,-347
100900142,0,16,-16
100900143,686,340,346
100900144,25,3,22
100900145,68,159,-91
100900146,14,68,-54
100900147,19,246,-227
100900148,54,592,-538
100900149,9,133,-124
100900150,4,60,-56
100900151,112,402,-290
100900152,97,7,90
100900153,9,190,-181
100900154,6,31,-25
100900155,8,16,-8
100900156,30,7,23
100900157,15,176,-161
100900159,13,22,-9
100900160,21,11,10
100900161,78,7,71
100900162,24,263,-239
100900163,182,191,-9
100900164,22,55,-33
100900165,7,62,-55
100900166,31,7,24
100900167,16,64,-48
100900168,35,131,-96
100900169,131,779,-648
100900170,33,5,28
100900171,18,461,-443
100900172,0,4,-4
100900173,8,399,-391
100900174,548,40,508
100900176,1192,158,1034
100900177,685,236,449
100900178,296,146,150
100900179,166,205,-39
100900180,6,4,2
100900181,95,89,6
100900182,30,26,4
100900184,17,142,-125
100900186,648,529,119
100900187,20,109,-89
100900188,25,9,16
100900189,806,182,624
100900191,1169,997,172
100900192,294,281,13
100900195,93,111,-18
100900197,8,81,-73
100900198,15,211,-196
100900199,12,25,-13
100900200,583,348,235
100900201,57,603,-546
100900202,49,0,49
100900203,2,72,-70
100900204,313,383,-70
100900205,158,432,-274
100900206,132,89,43
100900207,235,123,112
100900210,55,444,-389
100900211,377,121,256
100900213,41,46,-5
100900214,679,192,487
100900215,5,59,-54
100900217,152,93,59
101000001,3403,2450,953
101000002,4441,3953,488
101000003,554,1514,-960
101000004,8048,6137,1911
101000005,3427,3917,-490
101000006,6073,5920,153
101000007,2355,2890,-535
101000008,3743,2585,1158
101000009,2164,1427,737
101000010,898,1017,-119
101000011,1634,605,1029
101000012,1328,726,602
101000013,547,989,-442
101000014,498,569,-71
101000015,927,731,196
101000016,471,412,59
101000017,595,449,146
101000018,3481,2408,1073
101000020,3384,1026,2358
101000021,855,340,515
101000022,351,83,268
101000023,1723,642,1081
101000025,173,313,-140
101000026,318,15,303
101000027,1865,1814,51
101000028,930,194,736
101000029,262,1362,-1100
101000030,1953,108,1845
101000031,728,333,395
101000032,9350,3394,5956
101000033,2326,2837,-511
101000034,2318,1267,1051
101000035,821,315,506
101000036,1606,711,895
101000037,3194,1568,1626
101000039,2574,1896,678
101000040,2918,2861,57
101000041,8410,5042,3368
101000042,559,910,-351
101000043,7112,4710,2402
101000045,1571,768,803
101000046,4348,1015,3333
101000047,2827,2045,782
101000048,720,673,47
101000049,775,1305,-530
101000050,2092,1734,358
101000051,2265,2045,220
101000052,1596,806,790
101000053,1101,1624,-523
101000054,1982,1305,677
101000055,1459,1193,266
101000056,82,113,-31
101000057,1962,912,1050
101000058,1420,1040,380
101000059,2595,1874,721
101000060,1581,525,1056
101000061,991,1119,-128
101000062,773,590,183
101000063,592,789,-197
101000064,1266,773,493
101000065,317,371,-54
101000066,925,646,279
101000067,1198,684,514
101000068,407,363,44
101000069,517,89,428
101000070,1358,799,559
101000071,1736,829,907
101000072,892,2740,-1848
101000073,844,649,195
101000074,5712,3018,2694
101000075,5048,3266,1782
101000077,1217,981,236
101000078,925,2066,-1141
101000079,662,366,296
101000080,713,370,343
101000081,1567,1339,228
101000082,3458,3133,325
101000083,2343,2180,163
101000084,1336,870,466
101000085,1558,1251,307
101000086,1060,1072,-12
101000087,929,1158,-229
101000088,1025,1087,-62
101000089,765,1586,-821
101000090,2058,1251,807
101000091,367,1070,-703
101000092,758,937,-179
101000093,1395,869,526
101000094,832,1218,-386
101000095,442,603,-161
101000096,324,563,-239
101000097,457,347,110
101000098,485,516,-31
101000099,1104,1213,-109
101000100,908,613,295
101000101,357,379,-22
101000102,917,505,412
101000103,1135,510,625
101000104,393,574,-181
101000105,1305,280,1025
101000106,836,375,461
101000107,186,324,-138
101000108,887,271,616
101000109,277,73,204
101000110,44,480,-436
101000111,109,200,-91
101000113,165,576,-411
101000114,8508,3454,5054
101000115,175,73,102
101000116,185,167,18
101000117,1064,273,791
101000119,83,40,43
101000120,140,41,99
101000121,67,23,44
101000122,173,84,89
101000123,88,71,17
101000124,595,165,430
101000125,202,474,-272
101000128,568,328,240
101000130,297,239,58
101000131,596,530,66
101000132,539,1112,-573
101000135,86,22,64
101000136,561,119,442
101000137,71,290,-219
101000141,1539,2184,-645
101000147,866,508,358
101000148,1017,29,988
101000149,96,123,-27
101000150,89,668,-579
101000151,140,67,73
101000152,287,293,-6
101000153,474,332,142
101000154,246,1174,-928
101000155,321,129,192
101000156,37,251,-214
101000157,31,14,17
101000160,55,31,24
101000163,268,272,-4
101000164,462,388,74
101000165,234,302,-68
101000166,194,372,-178
101000168,760,351,409
101000252,1592,886,706
101000254,386,47,339
101000258,32,10,22
101000261,162,49,113
101000262,1129,1383,-254
101000263,266,723,-457
101000265,59,715,-656
101000266,320,297,23
101000269,45,12,33
101000290,1360,2233,-873
101000293,25,42,-17
101000294,600,359,241
101000295,95,577,-482
101000301,654,312,342
101000304,2124,2351,-227
101000305,3088,1515,1573
101000328,132,350,-218
101900001,44,76,-32
101900002,0,24,-24
101900003,65,96,-31
101900004,3,50,-47
101900005,3943,1789,2154
101900006,703,42,661
101900007,622,174,448
101900008,69,264,-195
101900009,52,514,-462
101900010,901,656,245
101900011,246,1230,-984
101900012,233,314,-81
101900013,880,138,742
101900017,13,116,-103
101900018,1351,247,1104
101900019,332,141,191
101900020,77,84,-7
101900021,2,59,-57
101900022,153,1120,-967
101900023,129,228,-99
101900026,79,57,22
101900027,29,83,-54
102000001,3065,3725,-660
102000002,3001,1174,1827
102000003,3321,6236,-2915
102000004,7866,3018,4848
102000005,1251,2070,-819
102000006,1317,1697,-380
102000007,1534,4225,-2691
102000008,4741,1681,3060
102000009,5389,7231,-1842
102000010,5856,3457,2399
102000011,2864,2418,446
102000012,3446,3053,393
102000018,3103,2514,589
102000019,2525,1620,905
102000026,188,526,-338
102000029,242,182,60
102000030,103,326,-223
102000031,87,136,-49
102000032,411,329,82
102000033,302,345,-43
102000034,532,449,83
102000035,895,682,213
102000036,9,245,-236
102000037,164,59,105
102000038,223,271,-48
102000039,204,59,145
102000040,620,231,389
102000041,237,300,-63
102000042,257,244,13
102000043,425,197,228
102000044,434,421,13
102000045,650,910,-260
102000046,928,637,291
102000047,810,980,-170
102000048,329,714,-385
102000049,857,664,193
102000050,1100,1198,-98
102000051,438,652,-214
102000052,1494,761,733
102000053,800,898,-98
102000054,543,947,-404
102000055,983,820,163
102000056,695,1104,-409
102000057,1460,638,822
102000058,1064,1714,-650
102000059,2460,1746,714
102000060,1345,952,393
102000061,1598,2130,-532
102000062,1452,1007,445
102000063,1039,1277,-238
102000064,491,705,-214
102000065,33,105,-72
102000066,1042,987,55
102000067,2303,3008,-705
102000068,8561,2768,5793
102000069,69,1461,-1392
102000070,1824,31,1793
102000071,6843,8769,-1926
102000072,3432,4159,-727
102000073,1630,876,754
102000074,910,823,87
102000075,137,307,-170
102000076,292,506,-214
102000077,410,917,-507
102000078,914,880,34
102000079,177,241,-64
102000080,262,161,101
102000081,376,728,-352
102000082,733,305,428
102000083,641,392,249
102000084,228,397,-169
102000085,1563,1136,427
102000086,1053,1309,-256
102000087,995,1891,-896
102000088,278,304,-26
102000089,1074,428,646
102000090,540,1274,-734
102000091,1468,550,918
102000092,367,1050,-683
102000093,459,665,-206
102000094,1120,685,435
102000095,1060,1207,-147
102000096,926,969,-43
102000097,921,904,17
102000098,602,953,-351
102000099,1014,721,293
102000100,881,1241,-360
102000101,1310,783,527
102000102,500,1798,-1298
102000103,1341,396,945
102000104,656,278,378
102000105,213,572,-359
102000106,709,663,46
102000107,974,560,414
102000108,610,229,381
102000109,505,538,-33
102000110,876,1304,-428
102000111,24,296,-272
102000112,135,108,27
102000113,16,34,-18
102000114,834,362,472
102000115,218,256,-38
102000116,813,325,488
102000117,518,444,74
102000118,1683,1152,531
102000119,2136,744,1392
102000120,196,451,-255
102000121,918,518,400
102000122,643,794,-151
102000123,1258,1063,195
102000124,1453,998,455
102000125,862,906,-44
102000126,785,645,140
102000127,1409,696,713
102000128,663,942,-279
102000129,1153,748,405
102000130,612,644,-32
102000131,1361,784,577
102000132,501,1156,-655
102000133,1598,1762,-164
102000134,506,675,-169
102000135,639,780,-141
102000136,829,517,312
102000137,976,743,233
102000138,323,454,-131
102000139,145,344,-199
102000140,449,192,257
102000141,356,423,-67
102000142,409,317,92
102000143,122,422,-300
102000144,268,336,-68
102000145,276,385,-109
102000146,398,280,118
102000147,416,391,25
102000148,221,408,-187
102000149,105,384,-279
102000150,325,102,223
102000151,128,293,-165
102000152,210,134,76
102000153,1047,447,600
102000154,361,655,-294
102000155,152,334,-182
102000156,324,104,220
102000157,128,319,-191
102000158,605,463,142
102000159,1094,374,720
102000161,3532,1886,1646
102000162,187,111,76
102000163,84,509,-425
102000164,1059,1157,-98
102000165,310,144,166
102000166,71,150,-79
102000167,319,230,89
102000168,278,139,139
102000169,118,507,-389
102000170,512,165,347
102000171,286,139,147
102000172,193,323,-130
102000173,546,296,250
102000174,61,79,-18
102000175,163,97,66
102000176,41,37,4
102000178,244,458,-214
102000179,353,209,144
102000180,659,439,220
102000181,606,565,41
102000182,494,582,-88
102000183,1513,1715,-202
102000184,1610,849,761
102000185,2330,1446,884
102000186,1254,1983,-729
102000187,829,1584,-755
102000188,827,1453,-626
102000189,2295,901,1394
102000190,724,2629,-1905
102000191,1273,514,759
102000192,998,1192,-194
102000193,54,179,-125
102000194,70,118,-48
102000195,364,403,-39
102000196,176,428,-252
102000197,583,373,210
102000198,198,757,-559
102000199,705,306,399
102000200,350,936,-586
102000201,918,462,456
102000202,11,85,-74
102000203,416,205,211
102000204,373,731,-358
102000205,927,490,437
102000206,581,582,-1
102000207,657,412,245
102000208,307,454,-147
102000209,67,63,4
102000210,342,455,-113
102000211,517,314,203
102000212,264,14,250
102000213,4,285,-281
102000214,168,11,157
102000215,5,367,-362
102000216,39,53,-14
102000217,9,151,-142
102000218,200,122,78
102000219,408,323,85
102000225,712,692,20
102000226,2731,954,1777
102000227,127,1,126
102000228,0,126,-126
102000229,34,50,-16
102000230,243,507,-264
102000231,254,437,-183
102000232,32,172,-140
102000233,431,606,-175
102000234,112,1153,-1041
102000236,373,103,270
102000237,446,150,296
102000238,170,251,-81
102000240,601,590,11
102000241,193,108,85
102000243,45,83,-38
102000245,10,139,-129
102000246,10,14,-4
102000247,748,888,-140
102000248,520,663,-143
102000249,134,125,9
102000250,83,355,-272
102000254,99,373,-274
102000266,51,229,-178
102000271,28,0,28
102000286,419,343,76
102000297,1744,1118,626
102000301,0,0,0
102000303,0,1,-1
102000307,0,7,-7
102900001,1186,851,335
102900002,334,36,298
102900003,58,192,-134
102900005,318,294,24
102900006,493,171,322
102900007,438,33,405
102900008,193,77,116
102900009,567,281,286
102900010,662,462,200
102900011,2004,373,1631
102900012,392,95,297
102900013,22,88,-66
102900015,737,481,256
102900016,65,144,-79
102900017,186,620,-434
102900018,25,117,-92
102900019,432,513,-81
102900020,118,27,91
102900021,21,103,-82
102900022,653,188,465
102900023,36,48,-12
102900024,31,41,-10
102900025,289,90,199
102900026,541,1648,-1107
102900027,70,60,10
102900028,186,651,-465
102900029,184,184,0
102900030,448,286,162
102900031,185,120,65
102900032,74,97,-23
102900033,80,192,-112
102900034,447,119,328
102900035,166,344,-178
102900036,325,464,-139
102900037,264,473,-209
102900038,420,511,-91
102900039,29,480,-451
102900040,157,250,-93
102900041,79,187,-108
102900042,215,307,-92
102900043,196,299,-103
102900044,601,2016,-1415
102900045,124,591,-467
102900046,115,325,-210
102900047,85,620,-535
102900048,587,652,-65
102900049,123,379,-256
102900050,265,325,-60
102900051,240,217,23
102900052,42,66,-24
102900053,450,709,-259
102900054,897,1110,-213
102900055,107,184,-77
102900056,109,505,-396
102900057,16,69,-53
102900058,268,77,191
102900059,34,71,-37
102900060,116,432,-316
102900061,148,410,-262
102900062,232,856,-624
102900063,988,418,570
102900064,159,406,-247
102900065,1552,774,778
102900066,357,38,319
102900068,127,83,44
102900070,263,484,-221
102900072,19,86,-67
102900073,172,12,160
102900075,65,54,11
102900076,190,100,90
102900077,40,56,-16
102900078,39,89,-50
102900079,139,17,122
102900080,292,52,240
102900081,88,252,-164
102900082,11,219,-208
102900083,296,24,272
102900084,18,23,-5
102900085,341,134,207
102900086,15,50,-35
102900087,107,77,30
102900088,22,19,3
102900089,299,139,160
102900090,1,339,-338
102900091,170,1,169
102900092,273,899,-626
102900093,199,280,-81
102900094,3,75,-72
102900095,82,0,82
102900096,78,21,57
102900097,3,101,-98
102900098,45,16,29
103000001,2300,2741,-441
103000002,2130,2515,-385
103000003,3811,3073,738
103000004,887,736,151
103000005,1679,2734,-1055
103000006,558,1403,-845
103000007,357,750,-393
103000008,915,714,201
103000009,1035,1002,33
103000010,148,96,52
103000011,1577,1258,319
103000012,1120,1548,-428
103000013,4563,2069,2494
103000014,1295,2545,-1250
103000015,1798,725,1073
103000016,461,1192,-731
103000017,186,398,-212
103000018,690,452,238
103000019,263,264,-1
103000020,2917,1439,1478
103000021,1847,1617,230
103000022,778,1069,-291
103000023,571,1482,-911
103000024,80,162,-82
103000025,100,626,-526
103000026,1227,131,1096
103000027,337,533,-196
103000028,504,378,126
103000029,324,299,25
103000030,1773,814,959
103000031,1512,1656,-144
103000032,2129,1954,175
103000033,2773,2735,38
103000034,1527,1160,367
103000035,424,1297,-873
103000036,394,493,-99
103000037,650,452,198
103000038,509,1072,-563
103000039,309,464,-155
103000040,453,973,-520
103000041,1616,2385,-769
103000042,1178,490,688
103000043,590,993,-403
103000044,126,182,-56
103000046,280,506,-226
103000047,529,572,-43
103000048,142,166,-24
103000049,106,132,-26
103000050,639,551,88
103000051,398,503,-105
103000052,863,391,472
103000053,177,682,-505
103000054,2518,1587,931
103000055,2115,2238,-123
103000056,554,1610,-1056
103000057,440,259,181
103000058,573,843,-270
103000059,425,787,-362
103000060,902,727,175
103000061,468,953,-485
103000062,1030,587,443
103000063,725,807,-82
103000064,133,199,-66
103000065,8,422,-414
103000066,206,14,192
103000069,330,472,-142
103000070,965,840,125
103000071,932,476,456
103000072,125,735,-610
103000073,505,133,372
103000074,622,83,539
103000075,123,712,-589
103000076,266,292,-26
103000077,38,337,-299
103000078,1285,635,650
103000079,965,548,417
103000080,1099,422,677
103000081,540,947,-407
103000082,494,133,361
103000083,95,346,-251
103000084,148,6,142
103000085,4,87,-83
103000086,670,354,316
103000087,154,600,-446
103000088,301,318,-17
103000089,229,451,-222
103000090,1653,781,872
103000091,645,448,197
103000092,242,306,-64
103000093,294,417,-123
103000094,180,87,93
103000095,82,356,-274
103000096,501,76,425
103000097,76,715,-639
103000098,918,175,743
103000099,316,664,-348
103000100,129,677,-548
103000101,792,125,667
103000102,103,582,-479
103000103,674,198,476
103000104,74,104,-30
103000105,110,92,18
103000106,14,137,-123
103000107,254,49,205
103000108,718,599,119
103000109,340,357,-17
103000110,463,400,63
103000111,509,413,96
103000112,339,197,142
103000113,910,659,251
103000114,1528,462,1066
103000115,556,511,45
103000116,505,401,104
103000117,310,436,-126
103000118,976,817,159
103000119,1400,673,727
103000120,77,133,-56
103000121,371,624,-253
103000122,517,475,42
103000125,6,295,-289
103000126,601,11,590
103000127,0,175,-175
103000128,184,4,180
103000129,2,110,-108
103000130,66,46,20
103000131,119,130,-11
103000132,118,132,-14
103000133,15,65,-50
103000134,744,867,-123
103000135,621,264,357
103000136,725,442,283
103000137,628,569,59
103000138,834,711,123
103000139,5,76,-71
103000140,116,38,78
103000141,38,135,-97
103000142,168,78,90
103000143,80,209,-129
103000144,237,68,169
103000145,48,47,1
103000150,102,57,45
103000152,188,205,-17
103000153,247,153,94
103000156,4,365,-361
103000157,320,2,318
103000159,143,78,65
103000162,100,25,75
103000163,14,33,-19
103000164,24,20,4
103000165,92,326,-234
103000166,220,245,-25
103000167,212,108,104
103000168,76,195,-119
103000169,190,380,-190
103000170,653,378,275
103000171,44,87,-43
103000172,540,314,226
103000173,443,554,-111
103000174,167,328,-161
103000175,230,379,-149
103000176,818,548,270
103000177,566,538,28
103000178,281,351,-70
103000179,157,48,109
103000183,119,14,105
103000185,99,54,45
103000186,117,166,-49
103000187,457,392,65
103000188,11,90,-79
103000189,780,746,34
103000191,596,680,-84
103000292,1673,1504,169
103000293,930,1777,-847
103000295,106,102,4
103000296,420,9,411
103000297,105,32,73
103000504,26,5,21
103000505,10,5,5
103000506,4,311,-307
103000507,198,8,190
103000508,60,44,16
103000509,185,596,-411
103900001,14,237,-223
103900002,1298,214,1084
103900003,1451,60,1391
103900004,75,1,74
103900005,3,269,-266
103900006,1,1,0
103900007,45,0,45
103900008,15,2,13
103900009,264,505,-241
103900010,157,325,-168
103900011,246,182,64
103900012,3,23,-20
103900013,63,104,-41
103900014,40,16,24
103900015,48,9,39
103900016,208,188,20
103900017,32,83,-51
103900018,673,193,480
103900019,74,313,-239
103900020,201,460,-259
103900021,619,167,452
103900022,1143,751,392
103900023,126,1,125
103900024,98,315,-217
103900025,14,38,-24
103900026,80,0,80
103900027,672,292,380
103900028,7,244,-237
103900029,1035,170,865
103900030,357,75,282
103900031,25,1,24
103900032,71,60,11
103900033,110,24,86
103900034,38,164,-126
103900035,66,74,-8
103900036,37,35,2
103900037,99,61,38
103900038,97,213,-116
103900039,68,342,-274
103900040,7,120,-113
103900041,50,65,-15
103900042,59,340,-281
103900043,156,81,75
103900044,108,221,-113
103900045,335,180,155
103900047,85,22,63
103900048,69,22,47
103900049,228,1171,-943
103900050,6,111,-105
103900051,1,40,-39
103900052,225,385,-160
103900053,188,638,-450
103900054,94,371,-277
103900055,424,200,224
103900056,57,53,4
103900057,22,214,-192
103900058,219,705,-486
103900059,0,6,-6
103900060,37,194,-157
103900061,128,62,66
103900062,187,71,116
103900063,6,0,6
103900064,109,9,100
103900065,808,418,390
103900066,169,29,140
103900067,145,4,141
103900068,10,1,9
103900069,84,12,72
103900070,174,247,-73
103900071,16,114,-98
103900072,10,238,-228
103900073,36,25,11
103900074,86,99,-13
103900075,237,78,159
103900076,372,562,-190
103900077,48,84,-36
103900078,332,127,205
103900079,120,227,-107
103900080,19,47,-28
103900081,87,14,73
103900082,7,137,-130
103900083,1597,889,708
103900084,61,126,-65
103900085,93,128,-35
103900086,493,357,136
103900088,387,426,-39
103900089,51,156,-105
103900090,20,168,-148
103900091,1123,264,859
103900092,706,405,301
103900093,102,307,-205
103900094,27,127,-100
103900095,427,213,214
103900096,20,215,-195
103900097,21,492,-471
103900098,169,105,64
103900099,49,162,-113
103900100,171,393,-222
103900101,66,998,-932
103900102,3,18,-15
103900104,4,37,-33
103900105,96,197,-101
103900106,0,20,-20
103900107,109,266,-157
103900108,41,332,-291
103900109,95,95,0
103900110,219,47,172
103900111,87,534,-447
103900112,47,95,-48
103900113,104,190,-86
103900114,381,281,100
103900115,299,197,102
103900116,5229,2377,2852
103900117,161,95,66
103900119,28,56,-28
103900120,72,132,-60
103900122,88,260,-172
103900123,1477,602,875
103900124,64,478,-414
103900125,118,73,45
103900126,396,437,-41
103900127,151,453,-302
103900128,106,160,-54
103900131,49,91,-42
103900133,991,84,907
103900134,1,2,-1
103900135,9,6,3
103900137,1,31,-30
103900138,41,240,-199
103900139,246,1684,-1438
103900140,10,69,-59
103900141,318,79,239
103900142,119,114,5
103900143,14,5,9
103900144,1,46,-45
103900145,173,244,-71
103900146,317,235,82
103900147,349,135,214
103900148,194,256,-62
103900149,225,632,-407
103900150,5882,3199,2683
103900151,36,155,-119
103900152,428,551,-123
103900153,8,1,7
103900154,960,1576,-616
103900155,37,235,-198
103900156,48,163,-115
103900157,38,208,-170
103900158,60,161,-101
103900159,124,75,49
103900160,72,36,36
103900161,78,204,-126
103900162,58,173,-115
103900163,6,444,-438
103900167,34,136,-102
103900168,89,117,-28
103900169,35,36,-1
103900170,3,129,-126
103900171,2,45,-43
103900172,19,17,2
103900173,7,11,-4
103900174,124,58,66
103900175,51,50,1
103900176,21,32,-11
103900177,15,69,-54
103900178,38,64,-26
103900179,77,148,-71
103900180,9,64,-55
103900181,63,46,17
103900182,40,23,17
103900184,443,67,376
103900185,169,330,-161
103900187,38,47,-9
103900188,48,17,31
103900189,134,12,122
103900190,89,66,23
103900191,41,48,-7
103900192,33,82,-49
103900193,139,175,-36
103900194,50,188,-138
103900195,5,58,-53
103900196,83,40,43
103900197,5,30,-25
103900198,14,46,-32
103900199,136,39,97
103900200,135,127,8
103900201,131,201,-70
103900202,11,44,-33
103900203,38,23,15
103900204,4,110,-106
103900207,2,82,-80
103900208,113,0,113
103900209,14,87,-73
103900210,41,23,18
103900211,455,445,10
103900212,97,343,-246
103900213,69,311,-242
103900214,320,147,173
103900215,532,364,168
103900216,11,439,-428
103900217,361,57,304
103900218,2,265,-263
103900219,112,262,-150
103900233,71,5,66
103900235,23,26,-3
103900236,34,3,31
103900242,10,20,-10
103900243,12,11,1
103900244,96,205,-109
103900245,91,215,-124
103900246,39,27,12
103900247,35,143,-108
103900248,8,28,-20
103900249,51,48,3
103900250,27,28,-1
103900251,2,14,-12
103900253,39,63,-24
103900254,10,20,-10
103900255,7,13,-6
103900256,20,42,-22
103900257,111,154,-43
103900258,55,7,48
103900259,77,7,70
103900261,12,2,10
103900262,12,2,10
103900263,45,53,-8
103900264,69,51,18
103900265,52,16,36
103900266,4,79,-75
103900267,10,99,-89
103900268,11,88,-77
103900269,143,44,99
103900270,69,125,-56
103900271,8,99,-91
103900272,52,71,-19
103900273,28,76,-48
103900274,84,16,68
103900275,32,5,27
103900276,2,69,-67
103900277,3,60,-57
103900278,10,58,-48
103900279,1,33,-32
103900280,2,116,-114
104000001,2035,1935,100
104000002,1515,2456,-941
104000003,2181,2039,142
104000004,2901,2523,378
104000005,1513,1882,-369
104000006,2766,2794,-28
104000007,4028,4044,-16
104000008,237,328,-91
104000009,126,110,16
104000010,171,234,-63
104000011,465,360,105
104000012,147,427,-280
104000013,165,185,-20
104000014,183,708,-525
104000015,257,170,87
104000016,629,414,215
104000018,715,165,550
104000019,453,176,277
104000020,144,671,-527
104000021,258,671,-413
104000022,120,305,-185
104000023,704,328,376
104000024,244,379,-135
104000026,52,412,-360
104000027,258,378,-120
104000028,394,284,110
104000029,447,553,-106
104000030,295,235,60
104000031,1177,415,762
104000032,228,327,-99
104000033,546,476,70
104000034,282,336,-54
104000035,766,471,295
104000036,716,544,172
104000037,266,206,60
104000038,378,304,74
104000039,204,334,-130
104000040,386,392,-6
104000041,641,367,274
104000042,270,392,-122
104000043,377,421,-44
104000044,246,577,-331
104000045,1026,1144,-118
104000046,1276,1641,-365
104000047,852,1208,-356
104000048,954,1766,-812
104000049,580,312,268
104000050,191,592,-401
104000051,147,598,-451
104000052,1362,1513,-151
104000053,832,506,326
104000054,564,508,56
104000055,3701,2593,1108
104000056,1258,228,1030
104000057,130,448,-318
104000058,787,704,83
104000059,559,1056,-497
104000060,1008,1099,-91
104000061,1586,1194,392
104000062,330,127,203
104000064,460,375,85
104000065,268,660,-392
104000069,1142,979,163
104000070,54,467,-413
104000071,143,445,-302
104000072,644,180,464
104000075,71,272,-201
104000076,489,94,395
104000082,2227,3250,-1023
104000083,799,166,633
104000084,106,572,-466
104000085,280,254,26
104000086,178,459,-281
104000087,449,1599,-1150
104000090,682,1367,-685
104000092,1105,2250,-1145
104000094,782,1544,-762
104000095,1747,1221,526
104000096,1339,245,1094
104000097,1533,929,604
104000098,1760,1116,644
104000100,1468,722,746
104000101,1206,1680,-474
104000106,58,567,-509
104000107,640,499,141
104000108,327,477,-150
104000109,255,96,159
104000110,862,998,-136
104000111,3660,2087,1573
104000112,2372,625,1747
104000116,2,1030,-1028
104000117,118,594,-476
104000118,465,229,236
104000119,582,264,318
104000120,217,701,-484
104000121,166,669,-503
104000122,569,748,-179
104000123,879,1103,-224
104000124,944,2272,-1328
104000125,3289,3740,-451
104000126,390,391,-1
104000127,1487,2820,-1333
104000128,717,450,267
104000129,351,27,324
104000130,9,190,-181
104000131,763,545,218
104000132,588,553,35
104000133,1308,844,464
104000134,922,1311,-389
104000135,455,1560,-1105
104000136,879,3484,-2605
104000137,1493,379,1114
104000138,927,322,605
104000139,6492,2975,3517
104000141,980,1241,-261
104000142,616,722,-106
104000143,522,557,-35
104000144,71,189,-118
104000145,387,216,171
104000146,340,596,-256
104000147,129,376,-247
104000148,316,139,177
104000149,170,362,-192
104000150,984,484,500
104000151,493,518,-25
104000152,585,661,-76
104000153,606,495,111
104000154,1046,681,365
104000155,427,491,-64
104000157,978,1414,-436
104000158,573,354,219
104000159,670,435,235
104000160,1559,1800,-241
104000161,175,199,-24
104000162,92,133,-41
104000165,1123,1128,-5
104000167,624,891,-267
104000168,440,12,428
104000169,75,39,36
104000170,564,509,55
104000248,209,732,-523
104000251,89,272,-183
104000272,0,0,0
104000273,0,0,0
104000274,0,0,0
104000275,0,0,0
104000279,571,401,170
104000290,98,279,-181
104000291,736,1119,-383
104000293,696,726,-30
104000294,23,2,21
104000295,566,782,-216
104000296,359,752,-393
104000297,777,1782,-1005
104000298,1943,799,1144
104000299,713,1438,-725
104900001,184,406,-222
104900002,29,167,-138
104900003,36,306,-270
104900004,107,313,-206
104900005,252,172,80
104900006,304,69,235
104900007,254,191,63
104900009,169,386,-217
104900010,41,46,-5
104900011,17,6,11
104900012,210,24,186
104900013,149,21,128
104900014,3089,328,2761
104900015,80,6,74
104900016,192,210,-18
104900017,180,165,15
104900018,10,212,-202
104900019,355,2429,-2074
104900020,49,286,-237
104900021,0,162,-162
104900022,3,116,-113
104900023,2,78,-76
104900024,39,85,-46
104900025,69,263,-194
104900026,0,57,-57
104900027,455,304,151
104900028,30,77,-47
104900029,38,70,-32
104900030,479,258,221
104900031,94,255,-161
104900032,35,125,-90
104900033,89,203,-114
104900034,368,175,193
104900035,314,182,132
104900036,188,73,115
104900037,101,242,-141
104900038,612,619,-7
104900039,567,239,328
104900040,355,98,257
104900041,199,112,87
104900042,152,216,-64
104900043,14,86,-72
104900044,499,253,246
104900045,423,67,356
104900046,141,123,18
104900047,335,112,223
104900048,217,94,123
104900049,34,20,14
104900050,279,94,185
104900051,302,53,249
104900052,43,0,43
104900053,423,97,326
104900054,149,26,123
104900055,65,0,65
104900056,174,21,153
104900057,36,0,36
104900058,719,261,458
104900059,181,75,106
104900060,2,498,-496
104900061,212,609,-397
104900063,1,106,-105
104900064,0,78,-78
104900065,0,219,-219
104900066,1,198,-197
104900067,8,331,-323
104900068,26,280,-254
104900070,246,274,-28
104900071,0,516,-516
104900072,74,307,-233
104900073,56,163,-107
104900074,82,245,-163
104900075,65,61,4
104900076,147,391,-244
104900077,873,208,665
104900078,194,467,-273
104900079,118,448,-330
104900080,92,483,-391
104900082,15,477,-462
104900085,2,203,-201
104900087,336,6,330
104900089,160,1,159
104900090,692,625,67
104900091,506,648,-142
104900093,264,602,-338
104900097,2491,2057,434
104900098,113,34,79
104900099,59,456,-397
104900100,389,262,127
104900102,23,136,-113
104900103,431,65,366
104900104,3188,1813,1375
104900106,69,123,-54
104900107,104,189,-85
104900108,42,198,-156
104900109,85,189,-104
104900110,8,54,-46
104900111,86,116,-30
104900112,257,710,-453
104900113,559,322,237
104900114,331,452,-121
104900115,621,448,173
104900116,188,237,-49
104900118,20,73,-53
104900119,6,45,-39
104900120,32,180,-148
104900121,0,79,-79
104900122,5,49,-44
104900123,21,13,8
104900124,48,1,47
104900125,409,1,408
104900126,79,49,30
104900127,45,65,-20
104900128,111,187,-76
104900129,1876,1503,373
105000001,2248,1587,661
105000002,2171,1613,558
105000003,3241,3523,-282
105000004,581,1093,-512
105000005,823,934,-111
105000006,1272,1435,-163
105000007,1073,1152,-79
105000008,1761,2242,-481
105000009,1759,2951,-1192
105000010,3173,2426,747
105000011,2721,2270,451
105000012,4265,3275,990
105000013,925,1062,-137
105000014,1548,2060,-512
105000015,8284,10344,-2060
105000016,3328,2030,1298
105000017,1828,803,1025
105000018,1173,1350,-177
105000019,1275,931,344
105000020,167,387,-220
105000021,322,122,200
105000022,283,90,193
105000023,536,354,182
105000028,90,149,-59
105000029,519,1062,-543
105000030,4063,2914,1149
105000033,1139,1975,-836
105000034,110,766,-656
105000037,623,348,275
105000038,1798,1628,170
105000039,2733,1730,1003
105000040,758,940,-182
105000041,498,1258,-760
105000042,2918,1435,1483
105000043,1808,2129,-321
105000044,492,397,95
105000045,364,894,-530
105000046,996,347,649
105000047,500,1327,-827
105000048,730,220,510
105000049,244,627,-383
105000050,594,348,246
105000051,199,475,-276
105000052,583,764,-181
105000053,122,166,-44
105000054,317,803,-486
105000055,618,286,332
105000056,1072,2077,-1005
105000057,1068,868,200
105000058,1347,1341,6
105000059,659,601,58
105000060,492,672,-180
105000061,570,535,35
105000062,677,933,-256
105000063,290,629,-339
105000064,1103,790,313
105000065,328,687,-359
105000066,1122,1664,-542
105000067,1026,741,285
105000068,463,920,-457
105000069,2136,1389,747
105000070,724,773,-49
105000071,263,680,-417
105000072,844,1806,-962
105000073,686,517,169
105000074,1201,892,309
105000075,606,839,-233
105000076,1128,1081,47
105000077,2509,954,1555
105000078,1395,1319,76
105000079,1622,2764,-1142
105000080,1766,1210,556
105000081,3261,1168,2093
105000082,1143,1326,-183
105000083,3718,2226,1492
105000084,769,901,-132
105000085,1655,1410,245
105000086,588,1000,-412
105000087,1615,1734,-119
105000088,1358,1521,-163
105000089,3133,2095,1038
105000090,1087,780,307
105000091,1569,1531,38
105000092,680,952,-272
105000093,283,202,81
105000094,243,211,32
105000095,119,385,-266
105000096,1116,760,356
105000097,1006,674,332
105000098,891,733,158
105000099,988,690,298
105000100,1057,993,64
105000101,1779,1814,-35
105000102,1573,1400,173
105000103,1525,2041,-516
105000104,2038,987,1051
105000105,1032,2004,-972
105000106,1315,1631,-316
105000107,1106,976,130
105000108,1237,1636,-399
105000109,1261,1634,-373
105000110,708,674,34
105000111,646,731,-85
105000112,1094,714,380
105000113,417,720,-303
105000114,2864,1184,1680
105000115,349,1105,-756
105000116,640,479,161
105000117,796,1081,-285
105000118,464,358,106
105000119,605,997,-392
105000120,814,453,361
105000121,765,1071,-306
105000122,385,684,-299
105000123,1223,1337,-114
105000124,1546,824,722
105000125,705,1949,-1244
105000126,1865,1869,-4
105000127,2131,2023,108
105000128,664,1046,-382
105000129,800,288,512
105000130,285,2092,-1807
105000131,777,405,372
105000132,773,528,245
105000133,494,966,-472
105000134,561,581,-20
105000135,518,596,-78
105000136,160,318,-158
105000137,407,268,139
105000138,200,403,-203
105000139,1003,897,106
105000140,303,652,-349
105000141,267,602,-335
105000142,147,527,-380
105000143,227,652,-425
105000144,307,895,-588
105000145,580,478,102
105000146,440,943,-503
105000147,503,346,157
105000148,1235,563,672
105000149,2141,1819,322
105000150,1962,1503,459
105000151,432,347,85
105000152,157,528,-371
105000153,526,568,-42
105000154,631,588,43
105000155,359,867,-508
105000156,964,663,301
105000157,799,1536,-737
105000158,1727,719,1008
105000159,247,1050,-803
105000160,1642,606,1036
105000161,604,1113,-509
105000162,456,1573,-1117
105000163,1252,900,352
105000164,221,275,-54
105000165,1092,4273,-3181
105000166,5338,744,4594
105000167,2113,1299,814
105000168,303,657,-354
105000169,421,327,94
105000170,211,1316,-1105
105000171,990,234,756
105000172,118,35,83
105000173,149,32,117
105000174,49,28,21
105000175,49,135,-86
105000176,285,95,190
105000177,239,197,42
105000178,106,450,-344
105000179,419,141,278
105000180,105,148,-43
105000181,91,319,-228
105000182,65,41,24
105000183,2020,1578,442
105000184,1407,851,556
105000185,1293,778,515
105000186,590,724,-134
105000187,780,192,588
105000188,395,96,299
105000189,266,402,-136
105000190,311,363,-52
105000191,397,308,89
105000192,322,70,252
105000193,122,141,-19
105000194,254,117,137
105000195,273,768,-495
105000196,38,145,-107
105000197,252,573,-321
105000198,591,300,291
105000199,293,469,-176
105000200,192,227,-35
105000201,182,31,151
105000203,11,248,-237
105000204,72,90,-18
105000205,106,202,-96
105000207,535,275,260
105000208,260,454,-194
105000209,232,420,-188
105000212,1063,1205,-142
105000213,200,207,-7
105000214,169,310,-141
105000215,266,206,60
105000216,143,283,-140
105000217,143,289,-146
105000218,1050,1135,-85
105000221,139,189,-50
105000222,557,79,478
105000223,269,180,89
105000226,69,277,-208
105000227,106,201,-95
105000228,342,1441,-1099
105000229,149,375,-226
105000231,307,261,46
105000233,821,649,172
105000234,538,1241,-703
105000235,396,564,-168
105000237,657,76,581
105000243,46,83,-37
105000248,63,81,-18
105000262,293,1269,-976
105000269,121,226,-105
105000270,413,59,354
105000271,0,255,-255
105000282,91,53,38
105000287,342,92,250
105000288,634,357,277
105000289,2771,1701,1070
105000290,63,4,59
105000402,3417,3143,274
105000426,497,677,-180
105000438,3626,1467,2159
105000446,11104,5338,5766
105000447,7199,2801,4398
105000454,371,717,-346
105000455,287,221,66
105000474,31,6,25
105000477,314,487,-173
105000478,1437,3287,-1850
105000479,167,151,16
105000480,7531,4697,2834
105000481,3931,2940,991
105000482,5746,6288,-542
105000483,1235,1565,-330
105000484,2165,2957,-792
105000485,1400,2236,-836
105000486,3526,2583,943
105000488,8838,4896,3942
105000489,863,837,26
105000549,139,130,9
105000550,573,1488,-915
105000551,44,144,-100
105000552,2873,1846,1027
105000555,1025,845,180
105900001,11,1038,-1027
105900002,1172,614,558
105900003,7,110,-103
105900004,255,130,125
105900005,4,239,-235
105900006,22,89,-67
105900007,77,30,47
105900008,80,637,-557
105900009,20,23,-3
105900011,191,53,138
105900012,700,174,526
105900013,2,38,-36
105900014,11,76,-65
105900015,153,297,-144
105900016,351,486,-135
105900017,958,39,919
105900018,168,169,-1
105900019,76,572,-496
105900020,45,47,-2
105900021,30,249,-219
105900022,268,197,71
105900023,3,97,-94
105900024,4,137,-133
105900025,133,44,89
105900026,258,35,223
105900027,5032,6505,-1473
105900028,559,164,395
105900029,1453,324,1129
105900030,223,266,-43
105900031,367,203,164
105900032,86,162,-76
105900033,139,126,13
105900034,153,136,17
105900035,196,141,55
105900036,57,113,-56
105900037,97,58,39
105900038,127,310,-183
105900039,74,112,-38
105900040,85,79,6
105900041,157,203,-46
105900042,43,115,-72
105900043,1301,42,1259
105900044,1,281,-280
105900045,3,633,-630
105900046,13,200,-187
105900047,3,36,-33
105900048,88,539,-451
105900050,5067,1611,3456
105900051,11,932,-921
105900052,494,229,265
105900053,2920,2290,630
105900054,349,204,145
105900056,743,364,379
105900057,77,123,-46
105900058,6,23,-17
105900059,0,16,-16
106000001,4359,2281,2078
106000002,2497,5192,-2695
106000003,2464,3360,-896
106000004,1795,2637,-842
106000005,2704,5143,-2439
106000006,5466,4182,1284
106000007,463,567,-104
106000008,399,323,76
106000009,482,363,119
106000010,583,572,11
106000011,822,937,-115
106000012,732,1389,-657
106000013,1473,1928,-455
106000014,1900,1710,190
106000015,1460,1146,314
106000016,1274,2244,-970
106000017,590,711,-121
106000018,556,520,36
106000019,377,483,-106
106000020,266,405,-139
106000021,253,484,-231
106000022,377,246,131
106000023,567,350,217
106000024,436,624,-188
106000025,90,178,-88
106000026,135,289,-154
106000027,1165,1205,-40
106000028,606,567,39
106000029,794,1319,-525
106000030,674,373,301
106000034,219,629,-410
106000035,977,1657,-680
106000036,250,459,-209
106000037,2001,1583,418
106000038,446,104,342
106000039,170,98,72
106000040,184,722,-538
106000041,752,411,341
106000043,520,197,323
106000046,400,59,341
106000047,56,405,-349
106000049,819,183,636
106000050,299,745,-446
106000051,592,395,197
106000052,90,599,-509
106000053,310,147,163
106000054,351,531,-180
106000055,874,1003,-129
106000056,254,399,-145
106000057,224,276,-52
106000058,110,200,-90
106000059,257,286,-29
106000060,367,590,-223
106000061,173,497,-324
106000062,139,591,-452
106000063,650,531,119
106000064,53,428,-375
106000065,322,314,8
106000066,95,341,-246
106000067,314,114,200
106000068,75,642,-567
106000069,201,86,115
106000070,428,822,-394
106000071,891,343,548
106000072,3191,1482,1709
106000073,1613,2712,-1099
106000074,506,660,-154
106000075,363,1398,-1035
106000076,1564,2009,-445
106000077,3411,1435,1976
106000078,917,948,-31
106000079,631,1001,-370
106000080,1121,695,426
106000081,623,1178,-555
106000082,2283,851,1432
106000083,344,1451,-1107
106000084,1112,694,418
106000085,1268,1461,-193
106000086,676,875,-199
106000087,812,590,222
106000088,416,765,-349
106000089,771,425,346
106000090,256,538,-282
106000091,225,565,-340
106000092,566,261,305
106000093,317,104,213
106000094,104,266,-162
106000095,618,798,-180
106000096,748,682,66
106000097,915,926,-11
106000098,668,940,-272
106000099,161,718,-557
106000100,1075,241,834
106000101,1127,230,897
106000102,180,463,-283
106000103,294,474,-180
106000104,758,395,363
106000105,405,641,-236
106000106,497,512,-15
106000107,144,379,-235
106000108,265,285,-20
106000109,133,343,-210
106000110,202,302,-100
106000111,176,500,-324
106000112,165,424,-259
106000113,713,557,156
106000114,416,498,-82
106000115,216,475,-259
106000116,322,218,104
106000117,1005,712,293
106000118,992,1239,-247
106000119,1599,1091,508
106000120,773,1011,-238
106000121,161,132,29
106000122,114,236,-122
106000123,350,145,205
106000124,72,251,-179
106000125,18,267,-249
106000126,201,142,59
106000127,756,854,-98
106000128,642,225,417
106000129,435,629,-194
106000130,623,351,272
106000131,162,806,-644
106000132,547,159,388
106000133,2031,1103,928
106000134,645,1458,-813
106000135,244,647,-403
106000136,581,782,-201
106000137,97,908,-811
106000138,913,98,815
106000139,49,135,-86
106000140,59,46,13
106000141,92,84,8
106000142,57,48,9
106000143,81,64,17
106000144,55,41,14
106000145,174,239,-65
106000146,309,170,139
106000147,445,366,79
106000148,651,809,-158
106000149,488,315,173
106000150,465,1742,-1277
106000151,3211,668,2543
106000152,1221,1663,-442
106000153,119,1295,-1176
106000154,1180,204,976
106000155,102,231,-129
106000156,561,293,268
106000157,592,1578,-986
106000158,2150,926,1224
106000159,3135,1691,1444
106000160,376,2376,-2000
106000161,1344,434,910
106000162,214,746,-532
106000163,358,416,-58
106000164,300,304,-4
106000165,201,588,-387
106000166,525,288,237
106000167,345,1102,-757
106000168,395,238,157
106000169,167,618,-451
106000170,668,244,424
106000171,175,1137,-962
106000172,2608,1288,1320
106000173,1181,2643,-1462
106000174,976,417,559
106000175,268,925,-657
106000176,1615,729,886
106000177,727,2327,-1600
106000178,3048,1636,1412
106000179,1312,2310,-998
106000180,820,1302,-482
106000181,599,1677,-1078
106000182,1017,567,450
106000183,1134,563,571
106000184,1661,592,1069
106000185,957,1042,-85
106000186,896,130,766
106000187,292,1146,-854
106000188,0,4,-4
106000189,12,45,-33
106000190,8,0,8
106000191,540,183,357
106000192,1,20,-19
106000193,322,227,95
106000194,167,363,-196
106000195,432,149,283
106000196,154,384,-230
106000197,423,290,133
106000198,113,261,-148
106000199,659,690,-31
106000200,214,218,-4
106000201,461,2339,-1878
106000202,3887,646,3241
106000203,72,191,-119
106000204,95,7,88
106000205,9,147,-138
106000206,55,34,21
106000207,38,674,-636
106000208,1259,178,1081
106000209,1227,308,919
106000210,338,1089,-751
106000211,362,1225,-863
106000212,704,283,421
106000213,836,1726,-890
106000214,2808,754,2054
106000215,191,435,-244
106000216,349,409,-60
106000217,258,433,-175
106000218,525,446,79
106000219,141,349,-208
106000220,310,248,62
106000221,197,236,-39
106000222,59,103,-44
106000223,183,113,70
106000224,163,217,-54
106000225,90,79,11
106000226,111,287,-176
106000228,65,100,-35
106000229,100,612,-512
106000231,742,106,636
106000232,69,319,-250
106000233,501,95,406
106000234,84,185,-101
106000235,432,96,336
106000236,164,64,100
106000237,17,11,6
106000238,214,16,198
106000239,9,135,-126
106000240,99,12,87
106000241,12,646,-634
106000242,228,50,178
106000249,50,84,-34
106000250,72,517,-445
106000251,65,40,25
106000252,18,94,-76
106000253,27,66,-39
106000254,39,37,2
106000255,22,124,-102
106000256,54,83,-29
106000257,150,206,-56
106000258,202,24,178
106000259,3,35,-32
106000260,16,2,14
106000261,4,36,-32
106000262,86,6,80
106000263,8,77,-69
106000264,170,14,156
106000265,3,118,-115
106000266,107,25,82
106000267,8,67,-59
106000268,562,32,530
106000269,69,48,21
106000270,136,481,-345
106000271,50,291,-241
106000272,193,66,127
106000273,9,223,-214
106000274,152,48,104
106000275,129,261,-132
106000276,201,46,155
106000277,136,202,-66
106000278,173,43,130
106000279,10,29,-19
106000280,80,77,3
106000281,61,45,16
106000282,59,61,-2
106000283,60,59,1
106000284,68,75,-7
106000285,80,83,-3
106000286,85,135,-50
106000287,154,69,85
106000288,96,173,-77
106000289,99,52,47
106000290,86,94,-8
106000291,93,86,7
106000292,105,83,22
106000293,149,64,85
106000294,122,148,-26
106000295,65,48,17
106000296,47,130,-83
106000297,73,231,-158
106000298,154,76,78
106000299,62,148,-86
106000300,63,133,-70
106000301,68,109,-41
106000303,43,73,-30
106000304,27,37,-10
106000305,42,35,7
106000306,33,53,-20
106000307,58,19,39
106000308,34,112,-78
106000309,16,49,-33
106000310,323,505,-182
106000311,310,161,149
106000312,100,188,-88
106000313,158,188,-30
106000318,110,385,-275
106000319,892,230,662
106000320,2,58,-56
106000321,267,93,174
106000322,134,181,-47
106000324,5,124,-119
106000325,1489,846,643
106000326,988,1875,-887
106000327,126,117,9
106000328,27,113,-86
106000329,56,233,-177
106000330,43,69,-26
106000428,76,186,-110
106000429,158,409,-251
106000430,324,1367,-1043
106000431,1656,384,1272
106000432,1928,3040,-1112
106000433,1806,1214,592
106000434,2862,1407,1455
106000435,1660,2692,-1032
106000436,12,215,-203
106000437,250,33,217
106000438,395,179,216
106000439,94,410,-316
106000440,300,414,-114
106000441,2,1,1
106000442,125,6,119
106000443,119,294,-175
106000450,5,200,-195
106000451,27,42,-15
106000454,4,136,-132
106000455,22,194,-172
106000456,125,67,58
106000457,24,930,-906
106000458,609,129,480
106000459,307,385,-78
106000460,1331,24,1307
106000461,111,1227,-1116
106000462,0,38,-38
106000463,5,25,-20
106000464,4,416,-412
106000465,558,4,554
106000466,7,483,-476
106000467,397,516,-119
106000468,73,126,-53
106000469,198,1,197
106000470,304,1753,-1449
106000471,42,520,-478
106000472,128,15,113
106000473,29,21,8
106000474,293,589,-296
106000475,266,134,132
106000476,191,192,-1
106000477,35,141,-106
106000480,2,394,-392
106900001,1,7,-6
106900002,2,461,-459
106900003,257,764,-507
106900004,0,20,-20
106900006,0,6,-6
106900007,0,15,-15
106900008,276,262,14
106900009,291,343,-52
106900010,268,284,-16
106900012,1846,1924,-78
106900013,512,117,395
106900014,12,0,12
106900015,16,3,13
106900016,262,5,257
106900017,2,1,1
106900018,2,0,2
106900019,24,0,24
106900020,2122,1272,850
106900021,117,78,39
106900022,585,1,584
106900023,39,254,-215
106900024,506,30,476
106900025,68,532,-464
106900026,3,609,-606
106900027,1297,9,1288
107000001,3794,3125,669
107000002,4043,5225,-1182
107000003,4592,5747,-1155
107000004,5218,5065,153
107000005,3431,4456,-1025
107000006,4237,4792,-555
107000007,4583,8652,-4069
107000008,10745,8980,1765
107000009,5651,6313,-662
107000010,10503,10549,-46
107000011,1126,1324,-198
107000012,4526,3475,1051
107000013,70,107,-37
107000014,61,257,-196
107000015,494,815,-321
107000016,692,944,-252
107000017,4004,969,3035
107000018,24,485,-461
107000020,2218,740,1478
107000021,1277,525,752
107000022,906,1153,-247
107000023,1540,229,1311
107000024,535,1428,-893
107000025,190,364,-174
107000026,273,424,-151
107000027,1095,1000,95
107000028,1182,1490,-308
107000029,2890,2387,503
107000030,2788,3038,-250
107000031,3491,2298,1193
107000032,553,1037,-484
107000033,3292,4866,-1574
107000034,3432,1788,1644
107000035,321,233,88
107000036,348,1200,-852
107000037,70,850,-780
107000038,241,275,-34
107000039,741,701,40
107000040,190,362,-172
107000041,1543,782,761
107000042,861,1966,-1105
107000043,2625,1132,1493
107000044,609,361,248
107000045,69,258,-189
107000046,719,409,310
107000047,469,906,-437
107000048,555,287,268
107000049,661,841,-180
107000050,1071,596,475
107000051,488,429,59
107000052,1138,1033,105
107000053,385,215,170
107000054,58,318,-260
107000055,362,167,195
107000056,476,858,-382
107000057,1545,324,1221
107000058,2111,2068,43
107000059,2207,3328,-1121
107000060,3488,4988,-1500
107000061,5192,3760,1432
107000062,3277,2812,465
107000063,3931,5515,-1584
107000064,3865,2119,1746
107000065,4024,4862,-838
107000066,1698,2457,-759
107000067,1057,1195,-138
107000068,1354,631,723
107000069,651,446,205
107000070,1062,5,1057
107000071,2739,45,2694
107000072,79,2849,-2770
107000073,652,275,377
107000074,165,990,-825
107000075,1388,484,904
107000076,695,1630,-935
107000077,3177,1263,1914
107000078,2782,3662,-880
107000079,2347,881,1466
107000080,1160,3358,-2198
107000081,1523,577,946
107000082,605,1993,-1388
107000083,1180,458,722
107000084,348,1767,-1419
107000085,2499,3315,-816
107000086,3616,3508,108
107000087,2373,2031,342
107000088,3373,3662,-289
107000089,1214,1762,-548
107000090,924,1128,-204
107000091,1250,833,417
107000092,770,1154,-384
107000093,1049,791,258
107000094,1149,1315,-166
107000095,691,646,45
107000096,554,928,-374
107000097,821,366,455
107000098,669,714,-45
107000099,423,341,82
107000100,254,332,-78
107000101,92,207,-115
107000102,279,366,-87
107000103,320,210,110
107000104,196,348,-152
107000105,359,145,214
107000106,183,302,-119
107000107,575,180,395
107000108,290,641,-351
107000109,577,187,390
107000110,87,392,-305
107000111,423,53,370
107000112,42,277,-235
107000113,539,112,427
107000114,86,610,-524
107000115,439,127,312
107000116,89,753,-664
107000117,141,584,-443
107000118,103,225,-122
107000119,1412,1603,-191
107000120,1507,512,995
107000121,711,721,-10
107000122,1103,1043,60
107000123,390,684,-294
107000124,550,952,-402
107000125,778,629,149
107000126,839,830,9
107000129,545,744,-199
107000130,752,266,486
107000131,469,557,-88
107000132,627,346,281
107000133,985,98,887
107000134,261,4,257
107000135,7,268,-261
107000136,745,5,740
107000137,18,360,-342
107000138,383,36,347
107000139,28,363,-335
107000140,1231,83,1148
107000141,131,684,-553
107000142,372,108,264
107000143,80,725,-645
107000144,452,467,-15
107000145,147,444,-297
107000146,185,382,-197
107000147,2493,804,1689
107000150,718,2325,-1607
107000151,55,111,-56
107000152,519,986,-467
107000153,170,346,-176
107000154,269,261,8
107000155,751,19,732
107000156,1033,29,1004
107000157,38,1453,-1415
107000158,692,30,662
107000159,34,1052,-1018
107000160,818,121,697
107000161,117,1464,-1347
107000162,230,408,-178
107000163,209,7,202
107000164,562,6,556
107000165,787,6,781
107000166,74,1049,-975
107000167,468,240,228
107000168,708,449,259
107000169,776,871,-95
107000170,1565,664,901
107000171,525,1776,-1251
107000172,901,1111,-210
107000173,618,939,-321
107000174,919,3929,-3010
107000175,6392,1824,4568
107000176,1,5,-4
107000177,11,0,11
107000178,25,48,-23
107000179,322,2464,-2142
107000180,1118,337,781
107000181,397,1270,-873
107000182,1381,907,474
107000183,142,898,-756
107000184,928,718,210
107000185,454,1388,-934
107000186,1013,416,597
107000187,1222,1164,58
107000188,488,643,-155
107000189,418,1033,-615
107000190,655,752,-97
107000191,551,1019,-468
107000192,1661,815,846
107000193,346,477,-131
107000194,748,617,131
107000197,881,280,601
107000198,375,876,-501
107000199,524,846,-322
107000200,592,687,-95
107000201,354,235,119
107000202,331,456,-125
107000203,1451,597,854
107000204,1753,635,1118
107000205,2313,893,1420
107000206,892,1090,-198
107000207,754,1091,-337
107000208,1222,408,814
107000209,1895,1008,887
107000210,769,341,428
107000211,1,31,-30
107000212,37,351,-314
107000213,2,17,-15
107000214,7,157,-150
107000215,318,337,-19
107000216,359,349,10
107000217,112,116,-4
107000219,51,97,-46
107000220,194,211,-17
107000222,238,767,-529
107000224,302,69,233
107000225,150,472,-322
107000226,395,106,289
107000227,86,269,-183
107000228,66,198,-132
107000229,132,130,2
107000230,1057,590,467
107000231,1606,1336,270
107000232,97,45,52
107000233,1349,789,560
107000234,3,37,-34
107000235,50,7,43
107000236,17,535,-518
107000237,14,5,9
107000238,24,2,22
107000239,2875,513,2362
107000240,72,848,-776
107000243,0,85,-85
107000244,0,67,-67
107000246,2,1077,-1075
107000249,4,889,-885
107000251,0,223,-223
107000252,4,947,-943
107000255,421,84,337
107000257,3,381,-378
107000258,0,143,-143
107000259,11,199,-188
107000260,574,6,568
107000262,13,530,-517
107000263,221,9,212
107000266,13,9,4
107000267,78,143,-65
107000268,157,123,34
107000269,456,36,420
107000270,2,13,-11
107000271,6,696,-690
107000272,17,177,-160
107000273,5,161,-156
107000274,1012,157,855
107000275,45,630,-585
107000280,585,27,558
107000281,53,779,-726
107000282,19,775,-756
107000290,11,27,-16
107000291,27,12,15
107000292,1,48,-47
107000293,163,5,158
107000294,0,37,-37
107000295,56,2,54
107000296,0,38,-38
107000444,237,2,235
107000496,10,20,-10
107000497,1457,2405,-948
107000500,317,297,20
107000501,116,164,-48
107000502,204,307,-103
107000505,523,784,-261
107000506,0,26,-26
107000508,5,511,-506
107000509,234,875,-641
107000510,36,28,8
107000514,104,265,-161
107000515,14,212,-198
107000516,293,252,41
107000518,942,1089,-147
107000519,1956,979,977
107000520,58,21,37
107000521,599,476,123
107000522,758,521,237
107900001,45,194,-149
107900002,54,7,47
107900003,440,16,424
107900004,27,0,27
107900005,1079,4,1075
107900006,122,2,120
107900007,248,38,210
107900008,115,26,89
107900009,106,13,93
107900010,41,4,37
107900012,288,21,267
107900013,213,76,137
107900014,27,3,24
107900015,762,14,748
107900016,357,91,266
107900017,26,8,18
107900018,57,111,-54
107900019,13,46,-33
107900020,81,6,75
107900021,67,146,-79
107900023,2,2,0
107900024,0,9,-9
107900025,138,251,-113
107900026,53,81,-28
107900027,117,31,86
107900028,70,73,-3
107900030,143,22,121
107900031,67,88,-21
107900032,16,3,13
107900033,14,5,9
107900034,320,16,304
107900035,756,40,716
107900036,60,11,49
107900037,0,16,-16
107900038,133,213,-80
107900039,31,67,-36
107900040,70,84,-14
107900041,0,2,-2
107900043,23,100,-77
107900044,9,5,4
107900045,89,39,50
107900046,132,157,-25
107900047,8,33,-25
107900048,128,6,122
107900049,273,1289,-1016
107900050,109,335,-226
107900051,68,72,-4
107900052,16,16,0
107900053,33,76,-43
107900055,562,181,381
107900056,180,47,133
107900057,0,0,0
107900058,40,531,-491
107900060,29,29,0
107900061,20,14,6
107900063,65,133,-68
107900064,326,94,232
107900065,157,10,147
107900066,11,6,5
107900067,0,0,0
107900068,254,256,-2
107900069,28,1482,-1454
107900070,140,25,115
107900071,28,550,-522
107900072,85,175,-90
107900073,131,118,13
107900074,853,241,612
107900076,122,59,63
107900077,50,0,50
107900078,182,41,141
107900079,9,13,-4
107900080,269,311,-42
107900081,29,160,-131
107900082,15,16,-1
107900083,316,153,163
107900084,79,120,-41
107900086,70,142,-72
107900087,719,127,592
107900088,32,12,20
107900089,248,847,-599
107900090,500,2042,-1542
107900091,242,480,-238
107900092,1546,447,1099
107900093,81,95,-14
107900095,3347,2018,1329
107900097,33,52,-19
107900098,57,159,-102
107900100,998,1083,-85
107900101,1036,184,852
107900102,28,10,18
107900103,41,183,-142
107900104,166,9,157
107900105,4,353,-349
107900106,6,1151,-1145
107900107,856,419,437
107900108,313,125,188
107900109,987,16,971
107900110,30,74,-44
107900111,4,791,-787
107900112,117,412,-295
107900113,203,107,96
107900114,159,142,17
107900115,1,45,-44
107900116,138,153,-15
107900117,341,372,-31
107900118,80,149,-69
107900119,83,194,-111
107900120,23,22,1
107900121,8,106,-98
107900122,8,64,-56
107900123,3,37,-34
107900124,33,18,15
107900125,33,152,-119
107900126,4,63,-59
107900127,370,269,101
107900128,106,64,42
107900129,64,15,49
107900130,54,39,15
107900131,536,227,309
107900132,102,329,-227
107900133,0,73,-73
107900134,32,55,-23
107900135,4,152,-148
107900136,39,24,15
107900137,128,109,19
107900138,67,60,7
107900139,34,66,-32
107900141,45,27,18
107900142,62,754,-692
107900143,48,25,23
107900144,2,159,-157
107900145,8,67,-59
107900146,48,120,-72
107900147,51,42,9
107900148,102,127,-25
107900149,1054,219,835
107900150,84,599,-515
107900151,36,133,-97
107900152,7,149,-142
107900153,138,276,-138
107900154,52,26,26
107900155,68,49,19
107900156,4,329,-325
107900157,46,64,-18
107900158,683,27,656
107900159,28,876,-848
107900160,98,184,-86
107900161,20,228,-208
107900162,1,78,-77
107900163,175,34,141
107900164,11,40,-29
107900165,20,85,-65
107900166,19,238,-219
107900167,16,21,-5
107900168,17,33,-16
107900169,0,137,-137
107900171,13,1266,-1253
107900172,2,344,-342
107900173,15,180,-165
107900174,115,10,105
107900175,26,9,17
107900176,19,30,-11
107900177,2,104,-102
107900178,0,160,-160
107900179,9,101,-92
107900180,619,435,184
107900181,343,348,-5
107900182,3,1104,-1101
107900183,34,353,-319
107900184,81,214,-133
107900185,76,6,70
107900186,34,53,-19
107900187,0,109,-109
107900188,601,135,466
107900189,30,101,-71
107900190,76,95,-19
107900191,43,108,-65
107900193,2,55,-53
107900194,153,12,141
107900195,2602,444,2158
107900196,27,68,-41
107900197,881,378,503
107900199,3,850,-847
107900201,82,89,-7
107900203,54,72,-18
107900204,238,191,47
107900205,178,375,-197
107900206,862,166,696
107900207,4,606,-602
107900208,12,494,-482
107900209,354,115,239
107900210,100,103,-3
107900213,535,417,118
107900214,18,115,-97
107900215,155,309,-154
107900216,157,63,94
107900217,41,88,-47
107900218,25,1253,-1228
107900219,33,77,-44
107900220,248,175,73
107900221,186,215,-29
107900223,81,463,-382
107900224,98,322,-224
107900225,9,616,-607
107900226,84,116,-32
107900227,121,445,-324
107900228,12,91,-79
107900229,1,263,-262
107900230,14,130,-116
107900231,13,196,-183
107900232,45,138,-93
107900233,12,174,-162
107900234,86,123,-37
107900235,21,102,-81
107900236,114,70,44
107900237,68,487,-419
107900238,17,98,-81
107900239,938,413,525
107900240,21,150,-129
107900241,10,73,-63
107900242,24,272,-248
107900243,3,71,-68
107900244,289,14,275
107900245,591,61,530
107900246,151,9,142
107900248,157,386,-229
107900249,538,39,499
107900250,2,537,-535
107900251,107,1114,-1007
107900252,895,19,876
107900253,153,8,145
107900254,48,340,-292
107900255,277,90,187
107900256,1318,631,687
107900257,218,114,104
107900258,94,210,-116
107900259,96,1445,-1349
107900261,3,328,-325
107900262,45,109,-64
107900264,214,9,205
107900265,100,125,-25
107900267,172,13,159
107900268,8,3,5
107900269,1,4,-3
107900270,0,0,0
107900271,1,3,-2
107900272,82,11,71
107900273,27,125,-98
107900274,42,1,41
107900275,31,0,31
107900276,1,70,-69
107900277,0,199,-199
107900278,259,366,-107
107900279,141,164,-23
107900280,1442,2072,-630
107900281,1433,2060,-627
107900282,37,319,-282
107900283,1061,478,583
107900284,495,624,-129
107900285,98,83,15
107900286,157,77,80
107900287,134,206,-72
107900290,0,93,-93
107900291,393,14,379
107900292,102,227,-125
107900293,53,454,-401
107900295,51,70,-19
107900297,5,288,-283
107900298,691,709,-18
107900299,2863,2113,750
107900300,47,266,-219
107900301,554,571,-17
107900302,111,52,59
107900303,168,283,-115
107900304,182,472,-290
107900305,343,17,326
107900306,25,28,-3
107900307,59,258,-199
107900308,159,87,72
107900309,231,2,229
107900310,274,9,265
107900311,5,200,-195
107900312,92,0,92
107900313,2,100,-98
107900314,0,55,-55
107900315,1,44,-43
107900316,44,0,44
107900317,109,4,105
107900318,14,156,-142
107900319,3,158,-155
107900320,2,138,-136
107900321,113,1,112
107900322,2,125,-123
107900323,8,163,-155
107900324,159,2,157
107900325,64,0,64
107900326,274,217,57
107900327,1,61,-60
107900328,129,2,127
107900329,194,87,107
107900330,8,305,-297
107900331,143,24,119
107900332,193,40,153
107900333,39,19,20
107900334,8,183,-175
107900335,78,44,34
107900336,48,67,-19
107900337,1125,758,367
107900338,1,138,-137
107900339,2,28,-26
107900340,1,62,-61
107900341,51,2,49
107900342,130,102,28
107900343,82,1,81
107900344,4,46,-42
107900345,76,21,55
107900346,30,0,30
107900347,31,1,30
107900348,9,2,7
107900349,24,7,17
107900350,26,249,-223
107900351,3,159,-156
107900352,1,24,-23
107900353,10,3,7
107900354,90,25,65
108000001,2716,3518,-802
108000002,2120,2863,-743
108000003,3388,3118,270
108000004,13754,17213,-3459
108000005,7342,5460,1882
108000006,8705,8435,270
108000007,4637,4116,521
108000008,4826,7013,-2187
108000009,3007,4142,-1135
108000010,3000,5292,-2292
108000011,10616,10851,-235
108000012,17621,17300,321
108000014,812,597,215
108000015,686,312,374
108000016,345,698,-353
108000017,1013,382,631
108000018,1711,607,1104
108000019,1986,831,1155
108000020,1334,510,824
108000021,433,1725,-1292
108000022,491,1262,-771
108000023,1091,221,870
108000024,224,541,-317
108000025,275,259,16
108000026,510,473,37
108000027,620,450,170
108000028,453,236,217
108000029,540,588,-48
108000030,554,255,299
108000031,272,611,-339
108000032,1257,683,574
108000033,815,1231,-416
108000034,1258,466,792
108000035,773,2402,-1629
108000036,349,1025,-676
108000037,1430,386,1044
108000038,2082,526,1556
108000039,610,2165,-1555
108000040,1567,827,740
108000041,665,2503,-1838
108000042,239,285,-46
108000043,207,320,-113
108000044,409,178,231
108000045,258,612,-354
108000046,1205,356,849
108000047,426,1046,-620
108000048,174,436,-262
108000049,781,312,469
108000050,101,483,-382
108000051,314,119,195
108000052,224,648,-424
108000053,406,171,235
108000054,568,1072,-504
108000055,1007,489,518
108000056,860,1323,-463
108000057,645,1081,-436
108000058,1962,3356,-1394
108000059,3378,2217,1161
108000060,122,395,-273
108000061,133,287,-154
108000062,691,524,167
108000063,373,491,-118
108000064,180,256,-76
108000065,515,541,-26
108000066,1418,749,669
108000067,1469,509,960
108000068,533,338,195
108000069,243,1040,-797
108000070,1578,740,838
108000071,696,1696,-1000
108000072,1443,1155,288
108000073,1384,2001,-617
108000074,529,358,171
108000075,429,956,-527
108000076,582,548,34
108000077,641,769,-128
108000078,1937,1301,636
108000079,1048,1883,-835
108000080,998,493,505
108000081,534,1889,-1355
108000082,999,1912,-913
108000083,1685,994,691
108000084,380,1199,-819
108000085,614,378,236
108000086,840,754,86
108000087,132,1585,-1453
108000088,148,8,140
108000089,341,339,2
108000090,406,176,230
108000091,308,492,-184
108000092,132,97,35
108000093,163,685,-522
108000094,543,98,445
108000095,154,411,-257
108000096,235,173,62
108000097,142,428,-286
108000098,1334,1340,-6
108000099,257,102,155
108000100,46,212,-166
108000101,890,1352,-462
108000102,1500,2530,-1030
108000106,866,0,866
108000107,2,701,-699
108000108,603,57,546
108000109,6,659,-653
108000110,200,306,-106
108000111,154,616,-462
108000112,53,121,-68
108000113,575,242,333
108000115,357,303,54
108000117,800,337,463
108000118,81,206,-125
108000119,751,413,338
108000120,165,652,-487
108000121,218,469,-251
108000122,608,334,274
108000123,643,207,436
108000124,540,568,-28
108000125,471,293,178
108000126,261,460,-199
108000127,493,343,150
108000128,621,528,93
108000129,458,1156,-698
108000130,326,256,70
108000131,890,424,466
108000132,2101,1481,620
108000133,781,552,229
108000134,566,614,-48
108000135,870,506,364
108000136,468,956,-488
108000137,347,342,5
108000138,369,977,-608
108000139,437,362,75
108000140,66,27,39
108000141,30,90,-60
108000142,43,77,-34
108000143,33,30,3
108000144,38,4,34
108000145,37,6,31
108000146,46,13,33
108000147,31,31,0
108000148,51,8,43
108000149,25,16,9
108000150,30,4,26
108000151,30,11,19
108000152,123,449,-326
108000153,470,147,323
108000154,47,15,32
108000155,46,15,31
108000156,252,76,176
108000157,176,759,-583
108000158,80,760,-680
108000159,596,199,397
108000160,3442,1114,2328
108000161,2840,2290,550
108000165,6,173,-167
108000172,6,303,-297
108000173,2046,1827,219
108000175,470,115,355
108000178,432,338,94
108000179,167,717,-550
108000181,75,42,33
108000182,102,19,83
108000183,32,18,14
108000184,1104,2173,-1069
108000185,231,572,-341
108000186,150,36,114
108000187,133,617,-484
108000188,557,225,332
108000189,602,1205,-603
108000190,38,143,-105
108000192,228,548,-320
108000193,799,35,764
108000194,44,15,29
108000195,1,1013,-1012
108000196,158,171,-13
108000198,528,345,183
108000199,0,137,-137
108000200,408,452,-44
108000203,155,738,-583
108000204,118,36,82
108000205,329,469,-140
108000339,1398,341,1057
108000364,140,332,-192
108000365,79,295,-216
108000367,148,326,-178
108000368,9,73,-64
108000369,1055,291,764
108000371,1,546,-545
108000372,523,4,519
108000373,163,161,2
108000376,68,30,38
108000377,335,293,42
108000378,8654,9560,-906
108000379,27,201,-174
108000381,59,10,49
108000382,134,0,134
108000383,1,156,-155
108900001,102,974,-872
108900002,149,50,99
108900003,325,821,-496
108900004,112,309,-197
108900005,64,338,-274
108900006,743,150,593
108900007,171,187,-16
108900008,118,179,-61
108900009,63,114,-51
108900010,215,170,45
108900011,468,500,-32
108900012,221,435,-214
108900013,138,238,-100
108900014,16,139,-123
108900015,0,29,-29
108900016,0,226,-226
108900017,277,364,-87
108900018,114,466,-352
108900019,31,764,-733
108900020,37,276,-239
108900021,100,273,-173
108900022,80,3,77
108900023,8,42,-34
108900024,33,110,-77
108900025,132,131,1
108900026,14,92,-78
108900027,0,76,-76
108900028,86,377,-291
108900029,67,276,-209
108900030,0,101,-101
108900031,110,476,-366
108900032,14,210,-196
108900033,0,79,-79
108900034,1,231,-230
108900035,290,1434,-1144
108900036,185,244,-59
108900037,63,329,-266
108900038,0,306,-306
108900039,0,444,-444
108900040,3,116,-113
108900041,5435,2841,2594
108900042,3,300,-297
108900043,52,428,-376
108900044,3,482,-479
108900045,35,522,-487
108900046,57,669,-612
108900047,0,87,-87
108900048,98,897,-799
108900049,3586,1120,2466
108900050,1,221,-220
108900051,1,177,-176
108900052,21,250,-229
108900053,77,159,-82
108900054,62,216,-154
108900055,62,303,-241
108900056,0,161,-161
108900057,0,132,-132
108900058,40,375,-335
108900059,388,26,362
108900060,61,131,-70
108900061,73,43,30
108900062,3,278,-275
108900063,11,347,-336
108900064,190,67,123
108900065,12,227,-215
108900066,296,137,159
108900067,10,196,-186
108900068,12,171,-159
108900069,35,115,-80
108900070,40,119,-79
108900071,79,66,13
108900072,1874,522,1352
108900073,50,311,-261
108900074,174,438,-264
108900075,71,54,17
108900076,234,70,164
108900077,176,487,-311
108900078,19,179,-160
108900079,1003,262,741
108900080,20,773,-753
108900081,50,219,-169
108900082,59,90,-31
108900083,22,247,-225
108900084,339,129,210
108900085,1974,184,1790
108900086,70,229,-159
108900087,125,211,-86
108900088,1017,367,650
108900089,34,184,-150
108900090,27,310,-283
108900091,111,100,11
108900092,494,402,92
108900093,93,80,13
108900094,180,74,106
108900095,57,390,-333
108900096,373,24,349
108900097,205,185,20
108900098,2372,558,1814
108900099,325,252,73
108900100,80,154,-74
108900101,201,139,62
108900102,118,771,-653
108900103,90,98,-8
108900104,139,332,-193
108900105,2,1037,-1035
108900106,396,410,-14
108900108,460,44,416
108900109,317,72,245
108900110,181,457,-276
108900111,429,617,-188
108900112,235,22,213
108900113,27,57,-30
108900114,46,10,36
108900115,50,81,-31
108900116,110,8,102
108900117,163,17,146
108900118,428,31,397
108900119,164,20,144
108900120,244,172,72
108900121,253,127,126
108900122,108,27,81
108900123,105,137,-32
108900124,393,177,216
108900125,321,3,318
108900126,99,24,75
108900127,139,22,117
108900128,115,38,77
108900129,594,169,425
108900130,354,3,351
108900131,384,4,380
108900132,432,64,368
108900133,177,68,109
108900134,287,276,11
108900135,157,10,147
108900136,44,0,44
108900137,119,2,117
108900138,599,41,558
108900139,367,98,269
108900140,254,240,14
108900141,252,12,240
108900142,60,19,41
108900143,48,1,47
108900144,66,1,65
108900145,135,10,125
108900146,61,0,61
108900147,172,1,171
108900148,54,37,17
108900149,478,342,136
108900150,250,6,244
108900151,218,5,213
108900152,214,25,189
108900153,136,373,-237
108900154,4302,518,3784
108900155,234,91,143
108900156,66,6,60
108900157,24,433,-409
108900158,303,28,275
108900159,13,268,-255
108900160,14,297,-283
108900161,3,398,-395
108900162,68,4,64
108900163,5,215,-210
108900164,49,67,-18
108900165,186,93,93
108900167,1443,5063,-3620
108900168,8275,2533,5742
108900169,32,149,-117
108900171,7315,2493,4822
108900172,161,47,114
108900173,207,336,-129
108900174,652,601,51
108900176,98,492,-394
108900177,5643,3953,1690
108900178,4060,2882,1178
108900179,511,1294,-783
108900180,88,260,-172
108900182,40,228,-188
108900183,175,234,-59
108900184,403,197,206
108900185,108,377,-269
108900186,54,343,-289
108900187,324,48,276
108900188,492,42,450
108900189,386,192,194
108900190,46,2812,-2766
108900191,224,53,171
108900192,71,232,-161
108900193,239,69,170
108900194,20,280,-260
108900195,80,317,-237
108900196,32,354,-322
108900198,8,426,-418
108900199,245,395,-150
108900200,558,320,238
108900201,490,1436,-946
108900203,406,72,334
108900204,338,8,330
108900205,160,29,131
108900206,322,32,290
108900207,155,67,88
108900208,14,308,-294
108900209,246,630,-384
108900210,158,215,-57
108900211,161,434,-273
108900212,679,1084,-405
108900215,143,478,-335
108900216,429,137,292
108900217,99,3,96
108900218,103,44,59
108900219,70,4,66
108900220,42,16,26
108900221,40,114,-74
108900222,198,23,175
108900223,3,98,-95
108900224,25,185,-160
108900225,0,128,-128
108900226,13,1,12
108900227,97,222,-125
108900230,199,274,-75
108900231,29,190,-161
108900232,2,245,-243
108900233,285,99,186
108900234,314,143,171
108900235,230,613,-383
108900236,40,282,-242
108900237,77,200,-123
108900240,110,110,0
108900241,40,49,-9
108900245,21,1144,-1123
108900249,98,43,55
108900250,165,101,64
108900257,161,428,-267
108900258,4,216,-212
108900259,59,91,-32
108900260,7,86,-79
108900261,78,125,-47
108900262,216,163,53
108900263,36,146,-110
108900264,552,231,321
108900265,731,254,477
108900266,922,463,459
108900267,2,72,-70
108900268,23,2,21
108900269,62,4,58
108900270,57,12,45
108900271,27,13,14
108900272,178,9,169
108900273,1036,661,375
108900274,49,46,3
109000001,2790,1199,1591
109000002,1707,1408,299
109000003,2235,478,1757
109000004,510,2128,-1618
109000005,2168,694,1474
109000006,691,2103,-1412
109000007,1434,635,799
109000008,473,1817,-1344
109000009,3368,1233,2135
109000010,1498,4047,-2549
109000011,3024,1903,1121
109000012,1851,3539,-1688
109000013,2942,2636,306
109000014,1723,3334,-1611
109000015,3352,6512,-3160
109000016,7043,4069,2974
109000017,2011,1176,835
109000018,893,3164,-2271
109000019,2412,1287,1125
109000020,1106,2087,-981
109000023,217,25,192
109000024,4,197,-193
109000025,341,449,-108
109000026,704,377,327
109000027,107,331,-224
109000028,152,104,48
109000029,85,175,-90
109000030,91,561,-470
109000031,207,188,19
109000032,98,524,-426
109000033,396,162,234
109000034,69,48,21
109000035,22,68,-46
109000036,113,370,-257
109000037,199,1056,-857
109000038,630,429,201
109000039,833,487,346
109000040,4156,6703,-2547
109000041,3730,1772,1958
109000042,669,1208,-539
109000044,357,80,277
109000045,112,403,-291
109000046,393,68,325
109000047,84,437,-353
109000048,866,211,655
109000049,314,643,-329
109000050,378,291,87
109000051,310,255,55
109000052,479,1114,-635
109000053,232,109,123
109000054,181,547,-366
109000055,242,281,-39
109000056,308,486,-178
109000057,529,442,87
109000058,978,268,710
109000059,981,1168,-187
109000060,438,235,203
109000061,1072,1002,70
109000062,117,287,-170
109000063,230,209,21
109000064,199,155,44
109000065,118,211,-93
109000066,341,111,230
109000067,71,319,-248
109000068,1940,7,1933
109000069,895,22,873
109000070,5,1078,-1073
109000071,407,92,315
109000072,82,326,-244
109000073,46,99,-53
109000074,36,214,-178
109000075,75,349,-274
109000076,128,232,-104
109000077,324,273,51
109000078,85,193,-108
109000079,149,196,-47
109000080,149,117,32
109000081,91,462,-371
109000082,552,243,309
109000083,264,716,-452
109000088,106,528,-422
109000089,273,44,229
109000090,169,433,-264
109000091,313,172,141
109000092,353,476,-123
109000093,238,262,-24
109000094,458,2,456
109000095,133,476,-343
109000096,611,291,320
109000097,89,181,-92
109000098,31,112,-81
109000099,889,300,589
109000100,254,555,-301
109000101,1332,798,534
109000102,310,732,-422
109000103,449,669,-220
109000104,1394,653,741
109000105,552,1251,-699
109000106,2047,832,1215
109000107,666,2069,-1403
109000108,1515,624,891
109000109,418,1815,-1397
109000110,1207,580,627
109000111,977,2057,-1080
109000112,384,131,253
109000113,422,205,217
109000114,239,404,-165
109000115,1126,46,1080
109000116,6,258,-252
109000117,181,59,122
109000118,9,348,-339
109000119,1136,248,888
109000120,189,973,-784
109000121,443,62,381
109000122,92,820,-728
109000123,33,58,-25
109000124,567,422,145
109000125,747,349,398
109000126,443,820,-377
109000127,754,211,543
109000128,443,1584,-1141
109000129,1867,792,1075
109000130,678,2129,-1451
109000131,821,535,286
109000132,777,1860,-1083
109000133,428,1114,-686
109000134,752,1581,-829
109000135,1178,1429,-251
109000136,395,326,69
109000137,234,338,-104
109000138,520,348,172
109000139,537,454,83
109000140,184,411,-227
109000141,417,437,-20
109000142,110,510,-400
109000143,88,48,40
109000145,116,220,-104
109000146,56,98,-42
109000148,3382,1785,1597
109000149,32,59,-27
109000150,82,251,-169
109000155,745,553,192
109000156,1111,680,431
109000158,109,255,-146
109000159,109,442,-333
109000160,884,238,646
109000161,310,1105,-795
109000162,1687,716,971
109000163,923,1762,-839
109000164,1121,2441,-1320
109000165,1078,534,544
109000166,593,132,461
109000167,113,670,-557
109000170,55,57,-2
109000171,74,52,22
109000172,53,75,-22
109000173,34,80,-46
109000174,96,55,41
109000175,41,102,-61
109000176,275,268,7
109000177,20,126,-106
109000178,900,432,468
109000179,5103,4187,916
109000180,5059,3393,1666
109000181,17,32,-15
109000182,25,39,-14
109000183,34,63,-29
109000184,47,14,33
109000185,34,62,-28
109000188,617,2053,-1436
109000189,2599,920,1679
109000190,454,472,-18
109000191,285,494,-209
109000192,308,242,66
109000193,128,292,-164
109000194,293,108,185
109000195,105,378,-273
109000196,312,100,212
109000197,135,394,-259
109000198,398,64,334
109000199,136,497,-361
109000206,208,30,178
109000207,126,33,93
109000208,67,61,6
109000209,159,96,63
109000210,185,501,-316
109000211,562,466,96
109000214,387,399,-12
109000215,170,93,77
109000216,217,218,-1
109000217,238,145,93
109000218,327,206,121
109000221,545,1249,-704
109000222,1076,261,815
109000223,317,319,-2
109000224,46,167,-121
109000225,88,51,37
109000226,59,202,-143
109000227,896,1001,-105
109000228,1,530,-529
109000231,4,337,-333
109000232,265,342,-77
109000236,292,792,-500
109000241,2020,2168,-148
109000242,1777,1466,311
109000293,23,61,-38
109000361,101,247,-146
109000364,196,533,-337
109000396,4,601,-597
109000397,414,6,408
109000399,117,447,-330
109000400,96,253,-157
109000403,114,728,-614
109000406,414,25,389
109000407,299,246,53
109000408,1,469,-468
109000410,1044,268,776
109000411,176,40,136
109900001,85,0,85
109900002,798,18,780
109900003,223,0,223
109900004,991,171,820
109900005,21,15,6
109900006,420,206,214
109900007,656,603,53
109900008,0,44,-44
109900009,112,501,-389
109900010,457,12,445
109900011,94,45,49
109900012,297,232,65
109900013,349,206,143
109900014,398,43,355
109900015,513,196,317
109900016,130,21,109
109900017,175,222,-47
109900018,184,74,110
109900019,222,69,153
109900020,40,48,-8
109900021,23,8,15
109900022,87,240,-153
109900023,19,4,15
109900024,50,4,46
109900025,16,92,-76
109900026,1,128,-127
109900027,34,24,10
109900028,1472,857,615
109900029,4,325,-321
109900030,39,22,17
109900031,0,63,-63
109900032,14,326,-312
109900033,5,391,-386
109900034,15,1,14
109900035,4,32,-28
109900036,33,83,-50
109900037,22,469,-447
109900038,60,194,-134
109900039,6,0,6
109900040,23,529,-506
109900041,75,354,-279
109900042,17,397,-380
109900044,117,269,-152
109900045,153,40,113
109900046,27,61,-34
109900047,274,344,-70
109900048,5,102,-97
109900049,9,34,-25
109900050,0,174,-174
109900051,1,54,-53
109900052,107,301,-194
109900053,5,306,-301
109900054,472,198,274
109900055,43,326,-283
109900056,21,144,-123
109900057,11,166,-155
109900058,0,87,-87
109900059,524,111,413
109900060,359,147,212
109900061,57,317,-260
109900062,0,236,-236
109900063,10,395,-385
109900064,526,252,274
109900065,85,167,-82
109900066,364,912,-548
109900067,0,259,-259
109900068,39,3,36
109900069,4,59,-55
109900070,24,312,-288
109900071,1,44,-43
109900072,36,162,-126
109900073,324,537,-213
109900074,10,37,-27
109900075,25,23,2
109900076,15,173,-158
109900077,39,61,-22
109900078,105,216,-111
109900080,106,312,-206
109900081,33,190,-157
109900082,34,330,-296
109900083,19,69,-50
109900084,73,160,-87
109900085,241,629,-388
109900086,118,341,-223
109900087,334,493,-159
109900089,620,196,424
109900090,521,895,-374
109900091,256,64,192
109900092,552,10,542
109900093,734,147,587
109900094,70,108,-38
109900095,115,201,-86
109900096,41,8,33
109900097,81,4,77
109900098,344,47,297
109900099,139,2,137
109900100,35,0,35
109900101,417,11,406
109900102,357,31,326
109900103,37,29,8
109900104,470,811,-341
109900105,374,29,345
109900106,393,67,326
109900107,354,78,276
109900108,86,308,-222
109900109,23,130,-107
109900110,86,321,-235
109900111,360,781,-421
109900112,391,607,-216
109900113,612,494,118
109900114,950,616,334
109900115,172,89,83
109900117,913,131,782
109900118,266,468,-202
109900119,580,303,277
109900120,67,38,29
109900121,372,417,-45
109900122,307,11,296
109900123,16,139,-123
109900124,52,513,-461
109900125,0,127,-127
109900126,191,124,67
109900128,176,34,142
109900130,6890,2174,4716
109900131,41,127,-86
109900132,25,141,-116
109900133,73,289,-216
109900134,62,72,-10
109900135,392,73,319
109900136,31,179,-148
109900137,93,276,-183
109900140,205,195,10
109900142,1176,257,919
109900145,8,441,-433
109900146,441,31,410
109900148,47,85,-38
109900149,33,73,-40
109900150,8,104,-96
109900151,4,55,-51
109900152,0,33,-33
109900153,0,68,-68
109900154,78,1,77
109900155,43,20,23
109900157,77,245,-168
109900158,54,138,-84
109900159,131,25,106
109900160,148,64,84
109900161,176,73,103
109900162,228,110,118
109900163,538,334,204
109900164,83,215,-132
109900165,191,15,176
109900166,2,130,-128
109900167,165,506,-341
109900168,139,566,-427
109900169,209,204,5
109900170,230,598,-368
109900171,185,94,91
109900172,186,275,-89
109900173,2956,2169,787
109900174,62,123,-61
109900175,86,98,-12
109900176,90,165,-75
109900177,44,242,-198
109900178,1,105,-104
109900179,74,18,56
109900180,7,13,-6
110000001,953,492,461
110000002,579,678,-99
110000003,841,710,131
110000004,474,679,-205
110000005,439,1569,-1130
110000006,338,336,2
110000007,102,117,-15
110000008,21,44,-23
110000009,56,31,25
110000010,22,60,-38
110000011,46,100,-54
110000012,572,377,195
110000013,33,439,-406
110000014,648,453,195
110000015,267,573,-306
110000016,285,1375,-1090
110000017,2324,239,2085
110000018,2359,435,1924
110000019,11,65,-54
110000020,321,183,138
110000021,611,496,115
110000022,852,210,642
110000023,2,152,-150
110000024,719,346,373
110000025,257,5,252
110000026,15,302,-287
110000027,1064,389,675
110000028,894,732,162
110000029,509,705,-196
110000030,203,420,-217
110000031,268,534,-266
110000032,762,485,277
110000033,317,62,255
110000034,526,681,-155
110000035,896,575,321
110000036,933,736,197
110000037,198,471,-273
110000038,262,691,-429
110000039,681,2599,-1918
110000040,373,363,10
110000041,296,1242,-946
110000042,125,236,-111
110000043,683,269,414
110000044,131,119,12
110000045,869,92,777
110000046,36,20,16
110000047,87,17,70
110000048,14,11,3
110000049,72,11,61
110000050,13,41,-28
110000051,37,5,32
110000052,16,23,-7
110000053,310,17,293
110000054,132,181,-49
110000055,412,43,369
110000056,205,65,140
110000057,378,625,-247
110000058,1036,504,532
110000059,850,553,297
110000060,696,992,-296
110000061,825,808,17
110000062,659,901,-242
110000063,27,78,-51
110000064,119,86,33
110000065,91,68,23
110000066,66,31,35
110000067,88,232,-144
110000068,345,250,95
110000069,195,110,85
110000071,120,131,-11
110000073,9,34,-25
110000075,13,84,-71
110000076,287,409,-122
110000077,401,1187,-786
110000078,41,54,-13
110000080,247,677,-430
110000081,43,279,-236
110000082,56,365,-309
110000083,224,597,-373
110000084,998,838,160
110000085,1995,1608,387
110000086,1334,2143,-809
110000087,13,73,-60
110000088,62,220,-158
110000089,217,124,93
110000090,111,215,-104
110000091,1260,340,920
110000092,33,70,-37
110000093,47,7,40
110000094,575,267,308
110000095,116,622,-506
110000096,2314,1713,601
110000097,957,1188,-231
110000098,1839,605,1234
110000099,849,1546,-697
110000100,716,395,321
110000101,33,440,-407
110000102,57,34,23
110000104,481,124,357
110000105,52,248,-196
110000106,507,424,83
110000107,330,383,-53
110000108,127,92,35
110000109,272,277,-5
110000110,3039,4645,-1606
110000111,6156,2821,3335
110000112,1390,1142,248
110000113,530,2136,-1606
110000114,164,674,-510
110000115,316,353,-37
110000116,44,34,10
110000117,167,393,-226
110000118,298,148,150
110000119,220,337,-117
110000120,326,171,155
110000121,89,377,-288
110000122,404,605,-201
110000123,504,664,-160
110000124,4,1000,-996
110000125,955,15,940
110000126,285,45,240
110000127,1025,71,954
110000128,36,1447,-1411
110000129,7,484,-477
110000130,273,186,87
110000131,90,316,-226
110000132,7,656,-649
110000133,61,416,-355
110000134,29,333,-304
110000135,139,22,117
110000136,68,335,-267
110000137,553,529,24
110000138,628,700,-72
110000139,672,1200,-528
110000140,955,571,384
110000143,649,411,238
110000144,5516,1559,3957
110000145,2043,815,1228
110000146,1848,763,1085
110000147,326,573,-247
110000148,476,257,219
110000151,993,820,173
110000152,931,423,508
110000153,102,42,60
110000154,58,28,30
110000155,2011,4113,-2102
110000156,1078,2278,-1200
110000157,1788,1758,30
110000160,347,298,49
110000161,195,270,-75
110000166,499,102,397
110000167,828,555,273
110000168,879,494,385
110000169,710,441,269
110000170,126,72,54
110000171,640,170,470
110000172,153,746,-593
110000173,1124,1233,-109
110000174,157,979,-822
110000175,482,75,407
110000176,101,270,-169
110000177,176,863,-687
110000178,493,1108,-615
110000179,1191,436,755
110000180,150,293,-143
110000181,389,439,-50
110000182,364,180,184
110000183,8898,5665,3233
110000184,452,1946,-1494
110000185,1230,701,529
110000186,678,849,-171
110000191,700,371,329
110000192,504,7,497
110000193,946,7,939
110000194,16,1134,-1118
110000195,404,285,119
110000196,343,363,-20
110000197,113,188,-75
110000198,117,72,45
110000199,81,113,-32
110000200,1141,488,653
110000201,775,853,-78
110000202,1178,614,564
110000203,641,800,-159
110000204,5,264,-259
110000205,102,64,38
110000206,623,1276,-653
110000207,752,403,349
110000208,177,177,0
110000209,129,892,-763
110000210,864,544,320
110000211,731,715,16
110000212,346,917,-571
110000213,178,69,109
110000214,235,126,109
110000215,176,391,-215
110000216,104,342,-238
110000217,233,201,32
110000218,113,353,-240
110000219,264,65,199
110000220,69,265,-196
110000221,293,60,233
110000222,61,216,-155
110000223,10,101,-91
110000224,52,9,43
110000225,218,655,-437
110000226,192,67,125
110000227,526,634,-108
110000228,277,294,-17
110000229,1,285,-284
110000230,480,571,-91
110000231,198,211,-13
110000232,193,190,3
110000233,229,237,-8
110000234,770,502,268
110000235,872,968,-96
110000236,508,747,-239
110000237,1789,1205,584
110000238,1150,1401,-251
110000239,1876,1214,662
110000240,0,63,-63
110000242,0,5,-5
110000243,118,147,-29
110000244,97,347,-250
110000245,40,350,-310
110000246,921,550,371
110000247,1354,4497,-3143
110000248,2435,1621,814
110000249,111,13,98
110000250,65,202,-137
110000251,366,567,-201
110000252,213,207,6
110000253,1541,604,937
110000254,721,1265,-544
110000255,210,991,-781
110000256,382,321,61
110000257,631,442,189
110000258,9,363,-354
110000259,106,15,91
110000260,21,269,-248
110000263,781,132,649
110000264,245,435,-190
110000265,1013,1797,-784
110000266,1792,2573,-781
110000267,31,248,-217
110000268,311,461,-150
110000269,1,103,-102
110000270,74,3,71
110000271,1452,300,1152
110000272,950,850,100
110000273,3505,1469,2036
110000274,224,1377,-1153
110000275,1756,451,1305
110000276,224,292,-68
110000277,238,315,-77
110000278,248,673,-425
110000279,627,739,-112
110000280,481,411,70
110000281,33,261,-228
110000282,285,23,262
110000283,44,104,-60
110000284,82,41,41
110000285,1,422,-421
110000286,24,1,23
110000287,63,0,63
110000288,0,79,-79
110000289,430,1557,-1127
110000290,1021,558,463
110000291,4404,1307,3097
110000292,1264,4132,-2868
110000293,589,732,-143
110000294,720,1064,-344
110000295,102,771,-669
110000296,383,331,52
110000297,2728,305,2423
110000298,317,515,-198
110000299,420,86,334
110000301,271,17,254
110000302,347,984,-637
110000303,409,7,402
110000304,165,246,-81
110000305,1346,26,1320
110000306,120,1259,-1139
110000307,1542,7,1535
110000308,500,5,495
110000309,4,763,-759
110000310,703,75,628
110000311,18,625,-607
110000312,532,122,410
110000313,3041,3197,-156
110000314,3,289,-286
110000315,3232,2137,1095
110000316,504,1197,-693
110000317,434,263,171
110000318,6,90,-84
110000319,4,21,-17
110000320,53,41,12
110000321,9,65,-56
110000322,342,388,-46
110000323,378,184,194
110000324,3396,1418,1978
110000325,2627,2612,15
110000327,533,250,283
110000328,199,421,-222
110000333,947,696,251
110000334,973,1392,-419
110000335,854,563,291
110000336,644,1024,-380
110000337,1076,605,471
110000338,492,200,292
110000339,320,234,86
110000340,84,177,-93
110000341,461,545,-84
110000342,523,3,520
110000343,1,19,-18
110000344,92,153,-61
110000345,209,96,113
110000346,2330,1673,657
110000347,1057,780,277
110000348,18,20,-2
110000349,13,29,-16
110000350,42,12,30
110000351,813,756,57
110000352,632,1397,-765
110000353,2170,734,1436
110000354,1115,2566,-1451
110000355,88,96,-8
110000356,538,11,527
110000357,476,17,459
110000361,28,51,-23
110000362,69,115,-46
110000363,337,126,211
110000364,170,321,-151
110000365,130,5,125
110000366,0,77,-77
110000367,290,184,106
110000368,3,58,-55
110000369,82,3,79
110000373,2,251,-249
110000374,251,20,231
110000375,104,916,-812
110000376,32,121,-89
110000377,59,414,-355
110000378,25,349,-324
110000379,2962,1625,1337
110000380,45,8,37
110000383,1,832,-831
110000384,2007,654,1353
110000385,0,182,-182
110000387,49,11,38
110000388,33,245,-212
110000389,606,4,602
110000391,445,379,66
110000396,129,149,-20
110000397,99,157,-58
110000398,1,34,-33
110000399,142,2,140
110000587,84,55,29
110000589,183,133,50
110000640,221,59,162
110000652,38,191,-153
110000653,214,378,-164
110000654,67,64,3
110000656,4,651,-647
110000674,48,10,38
110000675,38,11,27
110000676,5,18,-13
110000679,347,980,-633
110000682,133,209,-76
110000683,423,563,-140
110000684,4,74,-70
110000685,7,13,-6
110000686,4,40,-36
110000687,32,2,30
110000688,47,701,-654
110000689,44,57,-13
110000692,175,125,50
110000693,89,232,-143
110000694,0,174,-174
110000695,243,604,-361
110000696,86,98,-12
110900001,246,12,234
110900002,405,207,198
110900003,613,664,-51
110900004,375,196,179
110900005,2830,1784,1046
110900006,39,10,29
110900007,105,17,88
110900008,5,49,-44
110900009,380,87,293
110900010,16,69,-53
110900011,28,83,-55
110900012,6,114,-108
110900013,963,148,815
110900014,180,9,171
110900015,517,521,-4
110900016,42,139,-97
110900017,352,50,302
110900018,421,56,365
110900019,165,15,150
110900020,82,300,-218
110900021,82,570,-488
110900022,114,315,-201
110900023,103,437,-334
110900024,26,394,-368
110900025,1,47,-46
110900027,50,166,-116
110900028,46,134,-88
110900029,27,323,-296
110900030,23,242,-219
110900031,1,115,-114
110900032,0,89,-89
110900033,47,157,-110
110900035,18,510,-492
110900036,75,12,63
110900037,31,13,18
110900038,953,246,707
110900039,9,262,-253
110900040,166,36,130
110900041,8,111,-103
110900042,101,61,40
110900043,5,139,-134
110900044,300,30,270
110900045,43,403,-360
110900046,49,289,-240
110900047,595,276,319
110900049,69,64,5
110900050,22,11,11
110900051,53,211,-158
110900052,8,138,-130
110900053,79,39,40
110900054,44,213,-169
110900055,23,9,14
110900056,69,121,-52
110900057,11,133,-122
110900058,243,188,55
110900059,682,606,76
110900060,457,116,341
110900061,19,44,-25
110900062,121,240,-119
110900063,35,103,-68
110900064,10,2,8
110900065,382,137,245
110900066,12,65,-53
110900067,320,657,-337
110900068,189,238,-49
110900069,3,25,-22
110900070,99,52,47
110900071,360,495,-135
110900073,0,26,-26
110900074,271,91,180
110900075,294,69,225
110900077,605,567,38
110900078,16,66,-50
110900079,1996,1170,826
110900080,80,62,18
110900081,1,57,-56
110900082,106,114,-8
110900083,108,41,67
110900084,51,109,-58
110900085,40,303,-263
110900086,65,253,-188
110900087,302,73,229
110900088,16,2,14
110900090,32,43,-11
110900091,0,49,-49
110900093,265,99,166
110900095,44,51,-7
110900097,7,18,-11
110900098,27,96,-69
110900099,72,418,-346
110900100,0,26,-26
110900102,169,57,112
110900105,524,285,239
110900108,10,73,-63
110900111,387,125,262
110900112,772,7,765
110900113,510,45,465
110900115,4,78,-74
110900116,662,1636,-974
110900118,103,2323,-2220
110900119,3776,326,3450
110900120,9,102,-93
110900121,90,2,88
110900122,336,172,164
110900125,357,377,-20
110900127,633,1144,-511
110900128,279,235,44
110900129,451,622,-171
110900130,1129,580,549
110900131,233,37,196
110900132,267,48,219
110900133,82,212,-130
110900135,76,303,-227
110900136,265,19,246
110900137,71,1,70
110900138,696,193,503
110900139,7,53,-46
110900140,70,2,68
110900141,27,82,-55
110900142,77,218,-141
110900143,98,71,27
110900144,4,733,-729
110900145,143,32,111
110900146,349,125,224
110900147,150,278,-128
110900148,4,316,-312
110900149,1,86,-85
110900150,66,25,41
110900151,13,72,-59
110900152,38,270,-232
110900153,111,46,65
111000001,495,478,17
111000002,857,687,170
111000003,1051,666,385
111000004,501,1038,-537
111000005,1231,1165,66
111000006,978,1622,-644
111000007,4164,3111,1053
111000008,2517,3618,-1101
111000009,359,817,-458
111000010,765,280,485
111000011,409,961,-552
111000012,644,364,280
111000013,324,934,-610
111000014,1188,543,645
111000017,100,857,-757
111000018,274,354,-80
111000020,1073,2635,-1562
111000021,72,101,-29
111000023,71,87,-16
111000025,4562,3335,1227
111000029,56,89,-33
111000030,27,129,-102
111000031,1771,1285,486
111000032,569,320,249
111000033,279,312,-33
111000034,239,231,8
111000037,2024,1153,871
111000038,4068,2553,1515
111000039,1924,2295,-371
111000040,1916,2447,-531
111000041,1931,1798,133
111000042,3773,2900,873
111000043,1618,2737,-1119
111000044,1328,850,478
111000045,1899,2058,-159
111000046,1377,1451,-74
111000047,1957,3230,-1273
111000049,543,493,50
111000050,1560,1588,-28
111000051,447,1251,-804
111000052,571,1885,-1314
111000053,398,995,-597
111000054,326,980,-654
111000055,1177,2046,-869
111000056,135,567,-432
111000057,80,651,-571
111000058,301,66,235
111000059,338,242,96
111000060,3086,822,2264
111000061,468,310,158
111000062,686,305,381
111000063,1581,841,740
111000064,578,507,71
111000065,882,836,46
111000066,420,361,59
111000067,623,767,-144
111000068,599,1102,-503
111000069,1995,2230,-235
111000070,1496,1169,327
111000071,270,761,-491
111000072,939,442,497
111000073,275,769,-494
111000074,1489,1492,-3
111000075,1026,681,345
111000076,528,556,-28
111000077,1659,1764,-105
111000078,2840,1857,983
111000079,1355,813,542
111000080,562,638,-76
111000081,1640,3799,-2159
111000082,661,800,-139
111000084,796,568,228
111000085,1057,1712,-655
111000086,2544,1331,1213
111000087,695,806,-111
111000088,4841,2313,2528
111000089,636,916,-280
111000090,950,1528,-578
111000091,711,555,156
111000092,1154,1054,100
111000093,600,1060,-460
111000094,1779,1111,668
111000095,597,2154,-1557
111000096,1902,6797,-4895
111000097,4715,1604,3111
111000098,841,1303,-462
111000099,591,1875,-1284
111000100,414,1643,-1229
111000101,388,767,-379
111000102,245,491,-246
111000104,588,159,429
111000107,115,685,-570
111000109,479,239,240
111000110,1188,661,527
111000111,1800,431,1369
111000112,1455,500,955
111000113,934,1345,-411
111000114,2097,3225,-1128
111000115,6106,1172,4934
111000116,786,971,-185
111000117,443,893,-450
111000118,1421,855,566
111000119,899,1131,-232
111000120,348,560,-212
111000121,240,660,-420
111000122,671,1223,-552
111000123,1053,2955,-1902
111000124,475,2986,-2511
111000125,289,1550,-1261
111000126,81,931,-850
111000127,747,154,593
111000128,1434,341,1093
111000129,2469,428,2041
111000130,1616,611,1005
111000131,1306,519,787
111000132,1111,652,459
111000133,163,167,-4
111000134,193,107,86
111000135,76,147,-71
111000136,307,351,-44
111000138,20,13,7
111000140,3,6,-3
111000141,201,317,-116
111000142,16,99,-83
111000143,5,93,-88
111000144,26,180,-154
111000145,1712,16,1696
111000146,122,7,115
111000147,287,36,251
111000148,165,72,93
111000149,4,41,-37
111000150,49,9,40
111000151,4,19,-15
111000153,607,726,-119
111000154,774,205,569
111000155,85,155,-70
111000156,310,478,-168
111000157,205,886,-681
111000158,842,729,113
111000159,2234,705,1529
111000160,355,313,42
111000161,13,251,-238
111000162,68,142,-74
111000163,672,857,-185
111000164,717,3718,-3001
111000165,1143,581,562
111000166,2143,455,1688
111000167,196,497,-301
111000168,259,423,-164
111000169,355,556,-201
111000170,526,431,95
111000171,509,756,-247
111000172,170,490,-320
111000173,535,936,-401
111000174,166,347,-181
111000175,40,283,-243
111000176,386,142,244
111000177,233,251,-18
111000178,1320,275,1045
111000179,138,157,-19
111000180,260,472,-212
111000181,768,269,499
111000182,196,222,-26
111000183,288,279,9
111000184,347,269,78
111000185,404,503,-99
111000186,291,313,-22
111000187,142,259,-117
111000188,194,401,-207
111000189,1094,550,544
111000190,146,426,-280
111000191,162,383,-221
111000192,245,529,-284
111000193,305,301,4
111000194,40,266,-226
111000195,136,338,-202
111000196,56,227,-171
111000197,340,108,232
111000198,440,98,342
111000199,181,122,59
111000200,350,278,72
111000201,461,201,260
111000202,218,172,46
111000203,282,244,38
111000204,418,910,-492
111000213,182,460,-278
111000214,1525,1423,102
111000215,1160,1414,-254
111000217,1197,1090,107
111000218,1421,1199,222
111000219,491,231,260
111000220,2014,562,1452
111000221,767,99,668
111000224,90,374,-284
111000225,288,220,68
111000226,134,4,130
111000227,31,2,29
111000228,14,277,-263
111000229,30,709,-679
111000230,315,428,-113
111000231,913,957,-44
111000232,414,880,-466
111000233,856,783,73
111000234,104,298,-194
111000239,114,145,-31
111000240,37,209,-172
111000241,46,309,-263
111000242,142,87,55
111000243,121,556,-435
111000244,470,114,356
111000245,1117,541,576
111000246,495,442,53
111000247,298,952,-654
111000248,641,514,127
111000249,439,731,-292
111000250,41,90,-49
111000251,44,127,-83
111000253,14,3,11
111000255,33,14,19
111000257,33,18,15
111000260,62,904,-842
111000261,1093,94,999
111000271,67,246,-179
111000273,3971,1501,2470
111000274,1097,2274,-1177
111000275,139,65,74
111000276,289,2062,-1773
111000277,192,407,-215
111000278,652,218,434
111000291,711,4749,-4038
111000298,455,252,203
111000299,547,145,402
111000300,87,501,-414
111000302,243,104,139
111000303,90,247,-157
111000312,54,78,-24
111000315,18,174,-156
111000320,357,785,-428
111000321,337,101,236
111000322,430,502,-72
111000323,186,28,158
111000324,287,288,-1
111000325,48,70,-22
111000326,164,366,-202
111000327,426,470,-44
111000328,203,618,-415
111000329,0,15,-15
111000330,56,3,53
111000331,13,4,9
111000332,461,1279,-818
111000334,364,1419,-1055
111000335,763,297,466
111000337,991,426,565
111000338,113,109,4
111000339,486,388,98
111000340,109,516,-407
111000341,1069,593,476
111000342,258,498,-240
111000344,812,734,78
111000345,204,41,163
111000346,21,112,-91
111000347,103,14,89
111000350,134,118,16
111000351,104,305,-201
111000352,168,114,54
111000353,148,298,-150
111000354,454,85,369
111000355,323,485,-162
111000358,149,1179,-1030
111000360,139,665,-526
111000361,86,294,-208
111000546,640,606,34
111000547,287,461,-174
111000548,87,271,-184
111000549,215,340,-125
111000550,114,802,-688
111000551,759,171,588
111000552,2133,117,2016
111000907,467,19,448
111000908,19,3,16
111000916,1647,317,1330
111000917,33,435,-402
111000918,196,873,-677
111000920,345,12,333
111000921,1,210,-209
111000922,433,312,121
111000924,58,766,-708
111000925,1882,1829,53
111000926,918,1875,-957
111000927,2870,4204,-1334
111000928,4516,4046,470
111000929,974,1041,-67
111000930,677,2497,-1820
111000931,1660,2217,-557
111000932,3874,2521,1353
111000933,3097,1975,1122
111000934,2083,3279,-1196
111000935,1092,917,175
111000936,1101,2132,-1031
111000937,682,1288,-606
111000938,1525,1825,-300
111000939,471,46,425
111000940,312,133,179
111000941,305,428,-123
111000943,358,260,98
111000944,199,386,-187
111000945,104,1556,-1452
111001109,400,288,112
111001110,157,614,-457
111001111,67,9,58
111001112,177,1,176
111001113,1,204,-203
111001114,1025,152,873
111001115,111,430,-319
111001116,4351,3369,982
111001117,607,2295,-1688
111001120,112,272,-160
111001121,172,301,-129
111001122,222,531,-309
111001123,259,115,144
111001124,115,256,-141
111001125,3,81,-78
111900001,12,124,-112
111900002,14,606,-592
111900003,1,352,-351
111900004,47,114,-67
111900006,12,48,-36
111900007,60,13,47
111900008,132,5,127
111900009,150,193,-43
111900010,396,519,-123
111900012,57,105,-48
111900013,24,110,-86
111900014,5498,3108,2390
111900015,0,84,-84
111900016,1,147,-146
111900017,1,146,-145
111900018,207,3,204
111900019,14,151,-137
111900020,7,84,-77
111900021,57,146,-89
111900022,15,74,-59
111900023,106,69,37
111900024,9,71,-62
111900025,0,40,-40
111900026,0,98,-98
111900027,5,171,-166
111900028,3,340,-337
111900029,6,88,-82
111900030,37,306,-269
111900031,0,22,-22
111900032,4,325,-321
111900033,6,93,-87
111900034,358,526,-168
111900035,29,172,-143
111900036,0,246,-246
111900038,326,572,-246
111900039,53,374,-321
111900040,3,534,-531
111900042,29,97,-68
111900043,1,383,-382
111900044,301,212,89
111900046,45,175,-130
111900048,137,667,-530
111900049,34,237,-203
111900050,109,44,65
111900051,5,219,-214
111900052,457,485,-28
111900053,1210,1011,199
111900054,110,0,110
111900055,18,417,-399
111900056,207,239,-32
111900057,88,51,37
111900058,355,606,-251
111900059,1698,472,1226
111900060,239,0,239
111900061,14,211,-197
111900062,9,78,-69
111900063,373,237,136
111900064,137,255,-118
111900065,42,35,7
111900066,86,134,-48
111900067,1,341,-340
111900068,44,62,-18
111900069,59,27,32
111900070,122,132,-10
111900071,1,156,-155
111900072,38,23,15
111900073,609,141,468
111900074,7,136,-129
111900075,69,6,63
111900076,123,47,76
111900077,34,3,31
111900078,207,16,191
111900079,30,22,8
111900080,223,206,17
111900082,93,28,65
111900083,115,6,109
111900084,66,10,56
111900085,45,117,-72
111900086,30,10,20
111900087,60,0,60
111900088,425,11,414
111900089,122,4,118
111900090,68,28,40
111900091,177,3,174
111900092,86,4,82
111900093,327,4,323
111900094,93,1,92
111900095,141,19,122
111900096,116,2,114
111900097,54,1,53
111900098,161,1,160
111900099,49,0,49
111900100,82,3,79
111900101,53,27,26
111900102,344,513,-169
111900103,93,41,52
111900104,136,55,81
111900105,291,172,119
111900106,862,43,819
111900110,1580,325,1255
111900111,223,206,17
111900112,519,1757,-1238
111900113,257,106,151
111900118,271,117,154
111900119,291,161,130
111900122,107,77,30
111900123,37,28,9
111900124,34,91,-57
111900125,416,29,387
111900126,218,1,217
111900127,5,671,-666
111900128,6,496,-490
111900129,232,3,229
111900130,216,20,196
111900131,483,1,482
111900132,19,978,-959
111900133,10,278,-268
111900134,8,236,-228
111900135,10,33,-23
111900136,64,107,-43
111900137,77,58,19
111900138,23,61,-38
111900139,20,122,-102
111900140,72,30,42
111900141,41,12,29
111900142,83,41,42
111900143,5,117,-112
111900144,0,82,-82
111900145,1,386,-385
111900146,3,205,-202
111900147,144,396,-252
111900148,16,533,-517
111900149,10,244,-234
111900150,12,136,-124
111900151,3,19,-16
111900152,63,102,-39
111900153,1302,340,962
111900154,10,178,-168
111900155,40,78,-38
111900156,38,81,-43
111900157,65,19,46
111900158,419,45,374
111900159,232,19,213
111900160,240,0,240
111900161,153,2,151
111900162,59,107,-48
111900163,23,187,-164
111900164,95,73,22
111901113,391,281,110
111901114,240,280,-40
111901115,71,0,71
111901116,55,3,52
111901117,16,46,-30
111901118,58,237,-179
111901119,962,84,878
111901121,196,223,-27
111901122,3,525,-522
111901123,138,315,-177
111901124,122,3,119
111901125,374,205,169
111901127,665,430,235
111901128,18,83,-65
111901129,6,138,-132
111901130,9,163,-154
111901131,7,272,-265
111901132,95,18,77
111901133,40,5,35
111901134,45,3,42
111901135,16,16,0
111901136,21,34,-13
111901137,0,25,-25
111901138,190,28,162
111901139,20,38,-18
111901140,5,83,-78
111901141,11,136,-125
111901142,8,100,-92
111901143,4,88,-84
111901144,39,38,1
111901145,169,290,-121
111901146,390,14,376
111901147,92,26,66
111901148,6,13,-7
112000001,1581,743,838
112000002,683,2791,-2108
112000003,1118,819,299
112000004,679,1076,-397
112000005,2664,2974,-310
112000006,2485,2142,343
112000007,2273,1693,580
112000008,2136,3727,-1591
112000009,3565,3674,-109
112000010,2427,2761,-334
112000011,1809,1864,-55
112000012,4290,3286,1004
112000013,6267,3042,3225
112000014,3900,1141,2759
112000015,5599,3113,2486
112000016,5011,1021,3990
112000017,2888,1722,1166
112000024,2703,1247,1456
112000026,4580,5512,-932
112000027,866,508,358
112000028,1689,1568,121
112000029,462,599,-137
112000030,224,95,129
112000031,1503,4057,-2554
112000032,494,60,434
112000033,2190,1205,985
112000034,349,49,300
112000035,164,273,-109
112000036,1106,700,406
112000037,887,615,272
112000038,1069,667,402
112000039,48,64,-16
112000040,99,271,-172
112000041,548,479,69
112000042,1246,372,874
112000050,1021,1450,-429
112000051,827,1093,-266
112000054,1685,2030,-345
112000057,460,354,106
112000058,422,639,-217
112000059,503,778,-275
112000061,3263,2209,1054
112000062,1675,566,1109
112000063,1331,1332,-1
112000064,4077,5673,-1596
112000065,2030,2443,-413
112000066,3423,1348,2075
112000067,762,712,50
112000068,2885,2121,764
112000069,788,1852,-1064
112000070,1986,797,1189
112000071,1054,2691,-1637
112000072,2306,859,1447
112000073,1719,2242,-523
112000074,1611,1113,498
112000075,1354,1171,183
112000076,3280,2617,663
112000077,546,498,48
112000078,1667,571,1096
112000079,1185,1178,7
112000080,680,724,-44
112000081,1530,2289,-759
112000082,1387,856,531
112000083,602,1250,-648
112000084,1171,942,229
112000085,999,987,12
112000086,1555,1403,152
112000087,393,397,-4
112000088,609,545,64
112000089,299,356,-57
112000090,228,240,-12
112000091,632,1282,-650
112000092,1615,1224,391
112000093,1598,1128,470
112000094,625,941,-316
112000095,672,1068,-396
112000096,457,656,-199
112000097,1186,636,550
112000098,1049,1281,-232
112000099,598,1274,-676
112000100,1418,885,533
112000101,535,1067,-532
112000102,1067,503,564
112000103,276,1115,-839
112000105,600,1624,-1024
112000106,1354,416,938
112000107,28,181,-153
112000108,256,1686,-1430
112000109,164,74,90
112000110,2089,666,1423
112000111,1333,3270,-1937
112000112,3842,702,3140
112000113,886,1745,-859
112000114,2482,1028,1454
112000115,340,485,-145
112000116,603,1006,-403
112000117,992,829,163
112000118,976,869,107
112000119,477,738,-261
112000120,66,327,-261
112000121,139,490,-351
112000122,258,154,104
112000123,517,229,288
112000124,306,72,234
112000125,193,213,-20
112000126,211,448,-237
112000127,2446,1905,541
112000128,1292,659,633
112000129,137,107,30
112000130,160,59,101
112000131,57,364,-307
112000132,111,233,-122
112000133,303,237,66
112000134,418,357,61
112000135,1296,666,630
112000136,1063,1191,-128
112000137,1567,1427,140
112000138,1739,1328,411
112000139,849,488,361
112000140,1057,1135,-78
112000141,712,311,401
112000142,199,596,-397
112000143,953,240,713
112000144,311,1194,-883
112000145,2194,624,1570
112000146,625,2136,-1511
112000147,2269,1940,329
112000148,1913,2450,-537
112000149,379,617,-238
112000150,250,685,-435
112000151,295,418,-123
112000152,350,467,-117
112000153,211,305,-94
112000154,120,219,-99
112000155,192,141,51
112000157,649,465,184
112000158,276,563,-287
112000159,451,367,84
112000167,283,62,221
112000169,306,400,-94
112000173,666,259,407
112000175,448,344,104
112000176,3217,2248,969
112000177,541,147,394
112000178,104,354,-250
112000179,212,106,106
112000180,200,348,-148
112000181,1406,2184,-778
112000182,955,2012,-1057
112000183,31,80,-49
112000184,343,399,-56
112000185,532,671,-139
112000187,3372,2125,1247
112000195,114,24,90
112000196,207,1,206
112000197,164,121,43
112000198,34,257,-223
112000199,1077,979,98
112000202,390,0,390
112000216,52,298,-246
112000230,91,6,85
112000231,5,196,-191
112000256,54,215,-161
112000313,75,139,-64
112000314,42,26,16
112000337,312,557,-245
112000352,324,299,25
112000392,1305,1312,-7
112000398,1085,841,244
112000399,1865,1775,90
112000400,1698,3052,-1354
112000401,2983,2434,549
112000402,2318,2650,-332
112000403,1705,2518,-813
112000404,614,692,-78
112000405,1562,2502,-940
112000406,3437,2722,715
112000407,5837,6905,-1068
112000408,8003,6941,1062
112000409,1611,4733,-3122
112000410,462,208,254
112000411,4179,1381,2798
112000412,1523,571,952
112000413,8203,4388,3815
112000414,79,107,-28
112000415,126,55,71
112000416,2146,1368,778
112000417,200,61,139
112000421,66,121,-55
112000422,375,394,-19
112000424,2218,2358,-140
112000425,498,907,-409
112000426,114,382,-268
112000427,4,12,-8
112000428,210,329,-119
112000429,1947,2499,-552
112000430,2225,2841,-616
112000431,56,136,-80
112000432,586,1146,-560
112000433,599,881,-282
112000437,52,214,-162
112900001,71,5,66
112900002,294,1031,-737
112900003,55,397,-342
112900004,44,301,-257
112900005,197,207,-10
112900006,7,413,-406
112900007,41,259,-218
112900008,0,32,-32
112900009,369,99,270
112900010,305,860,-555
112900011,209,234,-25
112900012,2,35,-33
112900013,3,114,-111
112900014,2,242,-240
112900015,402,799,-397
112900016,5,300,-295
112900017,29,173,-144
112900018,4,329,-325
112900019,45,223,-178
112900020,402,1237,-835
112900021,4,280,-276
112900022,15,81,-66
112900023,0,229,-229
112900024,34,204,-170
112900025,64,307,-243
112900026,10,270,-260
112900027,8,1055,-1047
112900028,22,92,-70
112900029,5,591,-586
112900030,175,220,-45
112900031,4,466,-462
112900032,218,240,-22
112900034,1,59,-58
112900035,19,432,-413
112900036,32,139,-107
112900037,121,161,-40
112900038,555,153,402
112900039,14,348,-334
112900040,6,359,-353
112900041,970,1069,-99
112900042,30,397,-367
112900043,45,49,-4
112900044,553,453,100
112900045,384,315,69
112900046,155,86,69
112900047,22,20,2
112900049,190,91,99
112900050,46,510,-464
112900051,288,616,-328
112900052,4,812,-808
112900053,227,100,127
112900054,164,23,141
112900055,171,31,140
112900056,363,186,177
112900057,19,576,-557
112900058,306,321,-15
112900059,93,113,-20
112900060,19,139,-120
112900061,107,97,10
112900062,70,139,-69
112900063,115,12,103
112900064,214,195,19
112900065,40,27,13
112900066,232,161,71
112900067,360,208,152
112900068,46,43,3
112900069,1729,705,1024
112900071,37,7,30
112900072,198,1775,-1577
112900073,313,57,256
112900074,68,238,-170
112900075,1443,719,724
112900076,88,26,62
112900078,268,425,-157
112900079,305,23,282
112900080,35,1,34
112900081,49,228,-179
112900082,521,17,504
112900083,102,67,35
112900084,213,96,117
112900086,81,1,80
112900087,732,141,591
112900088,99,14,85
112900089,717,29,688
112900090,52,21,31
112900091,218,10,208
112900092,177,225,-48
112900093,1085,21,1064
112900095,29,0,29
112900096,433,155,278
112900097,75,296,-221
112900098,70,7,63
112900099,847,20,827
112900100,47,1,46
112900101,294,3,291
112900102,137,12,125
112900103,169,2,167
112900104,638,8,630
112900105,12,0,12
112900106,420,129,291
112900107,2,1,1
112900108,23,1,22
112900109,77,2,75
112900110,1076,8,1068
112900111,585,3,582
112900112,253,0,253
112900113,0,22,-22
112900114,118,42,76
112900115,948,7,941
112900116,110,24,86
112900117,79,72,7
112900118,36,74,-38
112900119,153,5,148
112900120,854,326,528
112900121,135,166,-31
112900122,15,115,-100
112900123,120,18,102
112900124,24,102,-78
112900125,73,397,-324
112900126,207,202,5
112900127,333,102,231
112900128,333,762,-429
112900129,4,934,-930
112900130,237,70,167
112900131,22,242,-220
112900132,92,396,-304
112900133,34,1021,-987
112900134,1,280,-279
112900135,70,45,25
112900137,2,578,-576
112900138,12,315,-303
112900139,242,1313,-1071
112900141,573,63,510
112900142,82,109,-27
112900143,53,487,-434
112900144,2,252,-250
112900145,28,483,-455
112900146,3,1053,-1050
112900147,4,1785,-1781
112900148,93,2,91
112900149,286,448,-162
112900151,17,58,-41
112900152,3652,1075,2577
112900153,1948,1924,24
112900154,1,124,-123
112900155,154,17,137
112900156,304,1186,-882
112900157,311,109,202
112900158,39,28,11
112900159,205,83,122
112900160,81,258,-177
112900161,117,40,77
112900162,39,21,18
112900163,105,27,78
112900164,19,194,-175
112900165,133,49,84
112900166,29,61,-32
112900167,5,39,-34
112900168,0,3,-3
112900169,12,10,2
112900170,48,77,-29
112900172,57,12,45
112900173,255,95,160
112900174,254,42,212
112900175,162,161,1
112900176,3,25,-22
112900177,205,54,151
112900178,677,2410,-1733
112900179,30,428,-398
112900180,1737,1593,144
112900181,446,24,422
112900182,49,1129,-1080
112900183,159,288,-129
112900184,418,419,-1
112900185,282,480,-198
112900186,1640,924,716
112900187,90,480,-390
112900188,846,330,516
112900189,8,44,-36
112900190,6,60,-54
112900192,557,541,16
112900193,1223,353,870
112900194,68,134,-66
112900195,837,35,802
112900196,229,353,-124
112900197,280,363,-83
112900199,547,488,59
112900200,469,267,202
112900201,104,97,7
112900202,267,784,-517
112900203,238,260,-22
112900204,967,509,458
112900205,9,17,-8
112900206,14,99,-85
112900207,15,0,15
112900208,86,227,-141
112900209,547,391,156
112900210,1,69,-68
112900211,80,73,7
112900212,1,114,-113
112900213,37,11,26
112900214,30,8,22
112900215,12,184,-172
112900216,40,90,-50
112900217,0,59,-59
112900218,48,12,36
112900219,65,30,35
112900220,1,0,1
112900221,72,103,-31
112900222,1,20,-19
112900223,820,29,791
112900224,287,505,-218
112900225,342,369,-27
112900226,227,343,-116
112900227,452,1358,-906
112900228,59,32,27
112900229,142,63,79
112900230,6585,3841,2744
112900232,235,256,-21
112900233,87,164,-77
112900234,18,123,-105
112900235,114,23,91
112900236,185,24,161
112900237,348,247,101
112900238,1,56,-55
112900239,922,312,610
112900240,1,14,-13
112900241,6,26,-20
112900242,2,29,-27
112900243,3,27,-24
112900244,1,11,-10
112900245,0,8,-8
112900246,1,4,-3
112900247,14,11,3
112900248,1,0,1
112900249,2,2,0
112900250,15,4,11
112900251,17,4,13
112900252,11,3,8
112900253,3,0,3
112900254,2,0,2
112900255,5,8,-3
112900256,0,5,-5
112900257,4,5,-1
113000001,4992,4794,198
113000002,2894,3394,-500
113000003,1694,1710,-16
113000004,1680,2554,-874
113000005,1472,890,582
113000006,989,1336,-347
113000007,2020,1155,865
113000008,1744,1645,99
113000009,991,732,259
113000010,1029,1396,-367
113000011,774,1694,-920
113000012,1676,867,809
113000013,1485,675,810
113000014,1646,1492,154
113000015,672,240,432
113000016,378,656,-278
113000017,35,348,-313
113000018,453,43,410
113000019,186,246,-60
113000020,538,55,483
113000021,1282,546,736
113000022,600,1108,-508
113000025,133,338,-205
113000026,531,532,-1
113000027,786,631,155
113000028,968,418,550
113000029,761,632,129
113000030,374,691,-317
113000031,326,342,-16
113000032,247,291,-44
113000033,246,398,-152
113000034,404,378,26
113000035,19,40,-21
113000036,24,50,-26
113000037,62,52,10
113000038,15,38,-23
113000039,76,513,-437
113000040,86,98,-12
113000042,790,686,104
113000051,758,2338,-1580
113000052,1730,984,746
113000053,335,407,-72
113000054,315,812,-497
113000055,1141,646,495
113000056,850,1048,-198
113000058,770,960,-190
113000059,1040,667,373
113000060,193,500,-307
113000061,450,896,-446
113000062,876,273,603
113000063,137,122,15
113000064,49,294,-245
113000065,181,850,-669
113000066,674,125,549
113000067,1810,1317,493
113000068,367,1496,-1129
113000069,644,1184,-540
113000070,2321,1117,1204
113000071,387,611,-224
113000072,662,475,187
113000073,525,1578,-1053
113000074,1140,520,620
113000075,1848,805,1043
113000076,901,1997,-1096
113000077,1515,576,939
113000078,893,2332,-1439
113000079,793,767,26
113000080,679,668,11
113000081,818,851,-33
113000082,1270,793,477
113000083,544,927,-383
113000084,1533,1374,159
113000085,840,828,12
113000086,1166,1329,-163
113000087,1034,869,165
113000088,2389,1408,981
113000089,858,1493,-635
113000090,246,589,-343
113000091,551,393,158
113000094,1060,201,859
113000095,284,871,-587
113000096,171,651,-480
113000097,1154,408,746
113000098,121,26,95
113000099,966,311,655
113000100,142,413,-271
113000101,391,567,-176
113000102,572,426,146
113000103,2041,687,1354
113000104,444,2006,-1562
113000105,576,379,197
113000106,319,561,-242
113000107,760,759,1
113000108,802,1377,-575
113000109,556,2357,-1801
113000110,1370,347,1023
113000111,156,567,-411
113000112,366,328,38
113000113,1302,326,976
113000114,356,1424,-1068
113000116,593,267,326
113000117,705,127,578
113000118,129,484,-355
113000119,527,294,233
113000120,138,253,-115
113000121,637,744,-107
113000124,216,148,68
113000125,87,616,-529
113000127,2609,507,2102
113000128,472,687,-215
113000129,626,945,-319
113000133,2253,1731,522
113000134,4,1159,-1155
113000135,3861,3951,-90
113000137,2009,3032,-1023
113000139,329,239,90
113000140,162,274,-112
113000141,253,218,35
113000142,671,1130,-459
113000143,276,196,80
113000144,377,574,-197
113000145,57,120,-63
113000146,141,98,43
113000147,192,125,67
113000148,89,108,-19
113000149,78,109,-31
113000150,468,389,79
113000151,111,44,67
113000152,26,63,-37
113000153,1519,703,816
113000154,861,1591,-730
113000155,397,539,-142
113000156,158,455,-297
113000157,345,1100,-755
113000158,680,275,405
113000159,949,754,195
113000160,755,1262,-507
113000161,235,547,-312
113000162,802,428,374
113000163,98,55,43
113000164,23,100,-77
113000166,156,105,51
113000167,68,122,-54
113000168,70,137,-67
113000169,151,61,90
113000170,80,101,-21
113000171,49,104,-55
113000172,250,64,186
113000173,55,23,32
113000174,117,507,-390
113000175,402,118,284
113000176,587,151,436
113000177,166,464,-298
113000178,209,370,-161
113000179,321,216,105
113000180,822,1203,-381
113000181,1308,927,381
113000182,177,422,-245
113000183,186,588,-402
113000184,18,140,-122
113000189,473,781,-308
113000190,1081,495,586
113000192,1992,1948,44
113000193,4276,1338,2938
113000194,1698,1250,448
113000195,2486,869,1617
113000196,256,96,160
113000197,1830,1003,827
113000198,60,331,-271
113000199,1299,300,999
113000201,652,295,357
113000202,3495,1586,1909
113000203,275,191,84
113000204,1983,1820,163
113000205,19,21,-2
113000206,3,19,-16
113000207,89,28,61
113000208,14,32,-18
113000209,28,27,1
113000210,1,3,-2
113000211,183,193,-10
113000212,150,32,118
113000213,44,145,-101
113000214,135,212,-77
113000234,207,979,-772
113000410,245,258,-13
113000411,2873,4482,-1609
113000412,6789,2616,4173
113000413,3104,3133,-29
113000414,7527,13173,-5646
113000415,2588,3115,-527
113000416,9123,4243,4880
113000417,3231,3454,-223
113000418,4134,2802,1332
113000419,1828,1978,-150
113000420,4084,5587,-1503
113000421,3855,5849,-1994
113000422,12288,10483,1805
113000423,2247,5192,-2945
113000424,3313,8828,-5515
113000425,10,114,-104
113000428,65,28,37
113000430,10,58,-48
113000432,2076,198,1878
113000433,129,762,-633
113000434,30,166,-136
113000435,66,678,-612
113000436,48,1233,-1185
113000437,1023,32,991
113000438,205,12,193
113000439,29,91,-62
113000440,115,44,71
113000441,202,234,-32
113000442,134,216,-82
113000443,212,224,-12
113000444,214,260,-46
113000445,93,122,-29
113000446,32,110,-78
113000448,200,177,23
113000449,203,1113,-910
113000450,482,2541,-2059
113000451,1155,181,974
113000452,382,570,-188
113000453,116,339,-223
113000454,1233,86,1147
113000455,59,228,-169
113000456,4148,2621,1527
113000468,1764,253,1511
113000469,178,63,115
113000470,410,48,362
113000471,8,376,-368
113000472,88,383,-295
113000474,519,579,-60
113000475,1599,1497,102
113000476,1127,1807,-680
113000477,2591,2039,552
113000478,3756,5380,-1624
113000479,91,196,-105
113000483,0,0,0
113000484,0,0,0
113000485,0,0,0
113000486,0,0,0
113000487,0,0,0
113000488,4,2,2
113000489,0,1,-1
113000490,0,0,0
113000491,6,6,0
113000492,0,0,0
113000493,2,2,0
113000495,196,196,0
113000496,118,105,13
113000497,0,0,0
113000499,0,0,0
113900001,5,204,-199
113900002,1,139,-138
113900003,2,84,-82
113900004,2,41,-39
113900005,2,86,-84
113900006,1,27,-26
113900007,188,14,174
113900008,79,1,78
113900009,250,1,249
113900010,198,2,196
113900011,56,0,56
113900012,25,2,23
113900013,547,11,536
113900014,548,1,547
113900015,0,94,-94
113900016,31,0,31
113900017,1,38,-37
113900018,351,196,155
113900019,91,49,42
113900020,89,0,89
113900022,21,0,21
113900023,27,0,27
113900024,58,55,3
113900025,252,20,232
113900026,91,0,91
113900027,0,36,-36
113900028,24,456,-432
113900029,44,241,-197
113900030,181,7,174
113900031,12,0,12
113900032,27,0,27
113900033,88,83,5
113900035,60,1,59
113900036,20,106,-86
113900037,134,471,-337
113900038,166,87,79
113900039,151,14,137
113900040,2,11,-9
113900041,3,3,0
113900042,74,36,38
113900043,152,135,17
113900044,311,359,-48
113900045,104,3,101
113900046,235,534,-299
113900047,12,40,-28
113900048,198,110,88
113900049,555,332,223
113900050,231,278,-47
113900051,241,349,-108
113900052,187,130,57
113900053,653,507,146
113900054,20,3,17
113900055,79,361,-282
113900056,13,88,-75
113900057,15,90,-75
113900058,63,147,-84
113900059,215,353,-138
113900060,91,207,-116
113900061,894,371,523
113900062,79,20,59
113900063,40,57,-17
113900064,27,117,-90
113900065,356,19,337
113900066,247,387,-140
113900067,110,277,-167
113900068,435,469,-34
113900069,96,48,48
113900070,160,629,-469
113900071,38,27,11
113900072,62,154,-92
113900073,227,376,-149
113900074,110,312,-202
113900075,1242,1143,99
113900076,137,15,122
113900077,89,221,-132
113900078,38,41,-3
113900079,1,31,-30
113900080,476,203,273
113900081,87,218,-131
113900082,141,255,-114
113900083,221,372,-151
113900084,246,118,128
113900085,43,296,-253
113900086,13,17,-4
113900087,59,136,-77
113900088,53,112,-59
113900089,436,55,381
113900090,629,366,263
113900091,26,14,12
113900092,57,104,-47
113900093,68,651,-583
113900094,360,377,-17
113900095,104,127,-23
113900096,230,47,183
113900097,46,82,-36
113900098,580,78,502
113900099,2,39,-37
113900100,0,2,-2
113900101,30,77,-47
113900102,135,150,-15
113900103,338,275,63
113900104,122,236,-114
113900105,92,200,-108
113900106,0,58,-58
113900107,2,33,-31
113900108,247,261,-14
113900109,337,177,160
113900110,52,12,40
113900111,136,117,19
113900112,108,86,22
113900113,978,458,520
113900114,4,144,-140
113900115,2,96,-94
113900116,99,141,-42
113900117,122,29,93
113900118,178,247,-69
113900119,201,431,-230
113900120,34,44,-10
113900121,60,92,-32
113900122,308,1611,-1303
113900123,448,195,253
113900124,3,62,-59
113900125,981,140,841
113900126,132,55,77
113900127,233,567,-334
113900128,127,50,77
113900129,19,130,-111
113900130,1,20,-19
113900131,190,115,75
113900132,47,59,-12
113900133,30,82,-52
113900135,234,340,-106
113900136,124,83,41
113900137,369,282,87
113900138,61,172,-111
113900139,339,162,177
113900140,306,379,-73
113900141,459,319,140
113900142,134,64,70
113900143,10,31,-21
113900144,225,205,20
113900145,316,189,127
113900146,139,51,88
113900148,175,314,-139
113900149,163,105,58
113900150,742,650,92
113900151,335,213,122
113900152,30,43,-13
113900153,399,582,-183
113900154,4,121,-117
113900155,211,140,71
113900156,224,440,-216
113900157,47,240,-193
113900158,381,378,3
113900159,26,240,-214
113900160,539,555,-16
113900161,33,213,-180
113900162,474,753,-279
113900163,238,259,-21
113900164,251,66,185
113900165,726,463,263
113900166,209,158,51
113900167,211,50,161
113900168,127,98,29
113900169,266,406,-140
113900171,245,60,185
113900172,7,153,-146
113900173,61,513,-452
113900174,495,575,-80
113900175,323,148,175
113900176,278,554,-276
113900177,297,187,110
113900178,309,122,187
113900179,18,448,-430
113900180,141,88,53
113900181,526,164,362
113900182,759,1003,-244
113900183,62,77,-15
113900184,11,409,-398
113900185,239,113,126
113900186,34,39,-5
113900187,48,146,-98
113900188,43,159,-116
113900189,260,126,134
113900190,319,133,186
113900191,99,193,-94
113900192,10,434,-424
113900193,31,219,-188
113900194,1348,1175,173
113900195,285,465,-180
113900196,8,115,-107
113900197,0,207,-207
113900198,36,210,-174
113900199,147,694,-547
113900200,15,285,-270
113900201,1,182,-181
113900202,23,351,-328
113900203,2,115,-113
113900204,60,462,-402
113900205,10,171,-161
113900206,7,144,-137
113900207,2,54,-52
113900208,1,68,-67
113900209,0,82,-82
113900210,570,734,-164
113900211,157,65,92
113900212,200,473,-273
113900214,449,367,82
113900215,61,141,-80
113900216,92,798,-706
113900217,79,267,-188
113900218,153,51,102
113900219,64,306,-242
113900220,130,121,9
113900221,367,192,175
113900222,217,488,-271
113900223,121,844,-723
113900224,116,68,48
113900225,391,220,171
113900226,333,106,227
113900227,279,204,75
113900228,230,402,-172
113900229,65,632,-567
113900230,4221,2816,1405
113900231,126,157,-31
113900232,110,105,5
113900233,90,65,25
113900234,253,467,-214
113900235,123,33,90
113900236,117,319,-202
113900237,144,5,139
113900238,242,634,-392
113900239,43,89,-46
113900240,10,165,-155
113900241,125,53,72
113900242,55,134,-79
113900243,102,457,-355
113900244,374,215,159
113900245,1123,276,847
113900246,23,22,1
113900247,148,407,-259
113900248,2612,1782,830
113900249,860,342,518
113900250,55,132,-77
113900251,599,226,373
113900252,544,17,527
113900253,733,56,677
113900254,804,142,662
113900255,386,26,360
113900256,328,39,289
113900257,36,535,-499
113900258,16,349,-333
113900259,498,179,319
113900260,172,12,160
113900261,29,80,-51
113900262,169,616,-447
113900263,205,598,-393
113900264,2,534,-532
113900265,149,291,-142
113900266,29,172,-143
113900267,129,475,-346
113900268,329,409,-80
113900269,71,150,-79
113900270,372,636,-264
113900271,648,1153,-505
113900273,86,12,74
113900274,42,34,8
113900275,31,60,-29
113900276,2,187,-185
113900277,113,3,110
113900278,296,158,138
113900279,92,72,20
113900280,1413,489,924
113900281,705,1247,-542
113900282,776,557,219
113900283,347,502,-155
113900284,767,105,662
113900285,148,22,126
113900286,6,87,-81
113900287,52,33,19
113900288,5,196,-191
113900289,831,136,695
113900290,285,163,122
113900291,124,186,-62
113900292,30,9,21
113900293,2,255,-253
113900294,348,31,317
113900295,393,348,45
113900296,1891,407,1484
113900297,2619,58,2561
113900298,28,1601,-1573
113900299,54,223,-169
113900300,4719,2864,1855
113900301,587,206,381
113900302,2431,903,1528
113900303,530,378,152
113900304,2,138,-136
113900305,94,1,93
113900306,34,0,34
113900307,24,0,24
113900308,94,130,-36
113900309,0,725,-725
113900310,0,20,-20
113900311,2,0,2
113900312,186,192,-6
113900313,27,9,18
114000001,922,2782,-1860
114000002,280,366,-86
114000003,34,250,-216
114000004,342,351,-9
114000005,225,212,13
114000006,3537,2137,1400
114000007,696,1394,-698
114000008,1660,1887,-227
114000009,617,280,337
114000011,2317,2682,-365
114000012,1994,1787,207
114000013,1508,1607,-99
114000014,443,306,137
114000015,1740,474,1266
114000016,215,388,-173
114000017,106,256,-150
114000018,253,56,197
114000026,1589,1291,298
114000027,2825,1935,890
114000028,2417,2494,-77
114000038,305,133,172
114000039,98,53,45
114000040,90,222,-132
114000042,156,172,-16
114000043,101,100,1
114000044,169,31,138
114000045,36,65,-29
114000046,3410,4277,-867
114000047,15,65,-50
114000048,73,46,27
114000049,1717,1577,140
114000050,1709,2199,-490
114000051,3590,1718,1872
114000052,4555,1264,3291
114000053,83,485,-402
114000054,210,721,-511
114000055,304,24,280
114000056,1272,976,296
114000057,5962,2153,3809
114000058,594,1429,-835
114000059,321,296,25
114000060,686,1005,-319
114000061,3208,2589,619
114000062,2599,1458,1141
114000063,3261,1784,1477
114000064,6649,3437,3212
114000065,1689,2487,-798
114000066,434,573,-139
114000067,21,615,-594
114000068,517,597,-80
114000069,830,446,384
114000070,2170,1734,436
114000071,804,496,308
114000072,333,239,94
114000073,34,81,-47
114000074,32,23,9
114000075,29,113,-84
114000076,21,118,-97
114000077,4,39,-35
114000078,292,557,-265
114000079,102,24,78
114000080,71,78,-7
114000081,74,84,-10
114000082,37,487,-450
114000083,62,242,-180
114000084,278,100,178
114000085,112,638,-526
114000086,239,430,-191
114000087,115,169,-54
114000088,59,50,9
114000089,929,424,505
114000090,796,741,55
114000091,1674,814,860
114000092,879,478,401
114000093,1248,678,570
114000094,467,373,94
114000095,286,151,135
114000096,124,434,-310
114000097,206,698,-492
114000098,433,92,341
114000099,583,637,-54
114000100,1099,663,436
114000101,548,897,-349
114000102,474,297,177
114000103,159,453,-294
114000104,11,293,-282
114000105,114,49,65
114000106,770,796,-26
114000107,325,126,199
114000108,1635,1143,492
114000109,408,1004,-596
114000110,676,1593,-917
114000111,1425,761,664
114000112,666,1971,-1305
114000113,1215,489,726
114000114,1416,1474,-58
114000115,1666,864,802
114000116,733,1318,-585
114000117,2411,445,1966
114000118,2210,496,1714
114000119,1446,377,1069
114000120,497,880,-383
114000121,378,771,-393
114000122,434,264,170
114000123,1747,346,1401
114000124,806,255,551
114000125,735,1312,-577
114000126,1316,214,1102
114000127,194,156,38
114000128,832,391,441
114000130,559,524,35
114000131,259,90,169
114000132,615,594,21
114000133,992,1281,-289
114000134,63,174,-111
114000138,52,259,-207
114000139,423,194,229
114000144,793,462,331
114000145,90,223,-133
114000146,93,293,-200
114000147,1219,1535,-316
114000148,2117,1827,290
114000149,371,266,105
114000150,630,591,39
114000151,633,1011,-378
114000152,245,39,206
114000153,898,2037,-1139
114000154,786,655,131
114000155,1351,2071,-720
114000156,780,572,208
114000157,232,903,-671
114000158,1769,699,1070
114000159,215,484,-269
114000160,127,366,-239
114000161,1485,2697,-1212
114000162,915,2014,-1099
114000163,10,122,-112
114000165,562,246,316
114000166,813,325,488
114000167,3156,1616,1540
114000168,812,657,155
114000169,1487,1071,416
114000170,1143,976,167
114000171,932,2826,-1894
114000174,230,523,-293
114000176,682,484,198
114000177,1964,1106,858
114000178,57,46,11
114000179,1225,674,551
114000180,445,872,-427
114000181,1601,3145,-1544
114000182,3773,2413,1360
114000183,821,1087,-266
114000184,4269,1322,2947
114000185,1126,768,358
114000189,810,125,685
114000190,2076,318,1758
114000191,37,69,-32
114000192,308,1558,-1250
114000193,908,3354,-2446
114000194,1253,952,301
114000195,207,27,180
114000196,1,269,-268
114000197,1122,145,977
114000198,1146,325,821
114000199,1874,1503,371
114000200,613,1816,-1203
114000201,166,855,-689
114000202,1083,524,559
114000203,466,697,-231
114000204,209,363,-154
114000205,236,1663,-1427
114000206,558,1264,-706
114000207,638,1833,-1195
114000208,462,2864,-2402
114000209,693,2395,-1702
114000210,293,1507,-1214
114000211,916,1452,-536
114000212,689,719,-30
114000213,1214,622,592
114000214,89,228,-139
114000215,199,90,109
114000216,1156,294,862
114000217,231,227,4
114000218,111,280,-169
114000219,1235,276,959
114000220,39,1008,-969
114000221,763,170,593
114000222,186,972,-786
114000223,501,100,401
114000224,101,587,-486
114000225,243,691,-448
114000226,106,223,-117
114000227,769,445,324
114000228,707,773,-66
114000229,992,1264,-272
114000230,1614,1279,335
114000231,916,1175,-259
114000232,591,113,478
114000233,1608,127,1481
114000234,953,953,0
114000235,971,1349,-378
114000236,1,467,-466
114000237,117,1042,-925
114000238,98,147,-49
114000239,124,1244,-1120
114000240,620,682,-62
114000241,281,1116,-835
114000242,1023,926,97
114000243,1189,772,417
114000244,479,475,4
114000245,325,766,-441
114000246,207,44,163
114000247,514,649,-135
114000248,1024,481,543
114000249,447,421,26
114000250,467,836,-369
114000251,287,287,0
114000252,115,72,43
114000253,72,141,-69
114000254,30,87,-57
114000255,530,178,352
114000256,1924,1806,118
114000257,420,1459,-1039
114000258,228,436,-208
114000259,76,249,-173
114000260,0,25,-25
114000261,43,30,13
114000262,120,173,-53
114000263,7,4,3
114000264,840,445,395
114000265,0,5,-5
114000267,1,1530,-1529
114000268,2,1679,-1677
114000270,99,5,94
114000271,525,83,442
114000283,1093,440,653
114000285,32,235,-203
114000288,77,298,-221
114000289,1141,120,1021
114000293,162,444,-282
114000294,142,339,-197
114000395,1549,75,1474
114000396,501,482,19
114000402,404,259,145
114000403,270,398,-128
114000405,83,495,-412
114000423,290,411,-121
114000424,354,179,175
114000425,566,378,188
114000426,304,783,-479
114000427,32,85,-53
114000428,269,138,131
114000429,13,200,-187
114000432,71,121,-50
114000434,30,85,-55
114000435,15,202,-187
114900001,651,980,-329
114900002,484,112,372
114900003,659,1499,-840
114900004,262,484,-222
114900005,537,860,-323
114900006,89,70,19
114900007,226,22,204
114900008,151,77,74
114900010,2112,1901,211
114900011,193,120,73
114900013,283,112,171
114900015,60,383,-323
114900018,675,36,639
114900020,236,89,147
114900022,33,602,-569
114900024,336,162,174
114900025,464,203,261
114900026,91,116,-25
114900027,250,189,61
114900029,57,26,31
114900030,333,193,140
114900031,314,24,290
114900032,360,27,333
114900033,913,586,327
114900034,61,194,-133
114900035,148,242,-94
114900036,184,708,-524
114900037,114,202,-88
114900038,143,624,-481
114900039,519,584,-65
114900040,73,152,-79
114900041,596,568,28
114900042,593,741,-148
114900043,619,262,357
114900044,100,28,72
114900046,72,142,-70
114900047,227,1521,-1294
114900048,116,277,-161
114900049,21,212,-191
114900050,36,463,-427
114900051,23,433,-410
114900052,59,244,-185
114900053,91,260,-169
114900054,48,172,-124
114900057,261,18,243
114900058,0,66,-66
114900059,68,45,23
114900060,1335,754,581
114900061,139,162,-23
114900062,258,294,-36
114900063,64,235,-171
114900064,1056,567,489
114900065,335,715,-380
114900067,79,498,-419
114900068,59,129,-70
114900069,245,141,104
114900070,513,341,172
114900072,8,328,-320
114900073,0,164,-164
114900074,488,693,-205
114900075,255,6,249
114900076,9,394,-385
114900080,1872,430,1442
114900082,3214,1843,1371
114900083,1232,1305,-73
114900090,359,179,180
114900091,114,232,-118
114900095,368,138,230
114900096,527,630,-103
114900097,146,1,145
114900098,9,230,-221
114900099,190,9,181
115000001,6274,4544,1730
115000002,3155,3486,-331
115000003,4694,3510,1184
115000004,3444,5177,-1733
115000005,1600,2325,-725
115000006,867,1515,-648
115000007,142,146,-4
115000008,415,559,-144
115000009,190,265,-75
115000010,304,145,159
115000013,65,187,-122
115000015,125,356,-231
115000016,60,190,-130
115000019,24,429,-405
115000020,136,632,-496
115000021,276,476,-200
115000022,552,402,150
115000023,389,477,-88
115000024,1189,611,578
115000025,779,591,188
115000026,160,515,-355
115000027,215,266,-51
115000028,177,949,-772
115000029,487,117,370
115000030,728,1151,-423
115000031,1145,241,904
115000032,14,297,-283
115000033,167,81,86
115000034,99,1069,-970
115000035,1167,45,1122
115000036,3,430,-427
115000037,510,14,496
115000038,45,178,-133
115000039,3515,3059,456
115000040,5898,3526,2372
115000041,1107,2682,-1575
115000042,867,637,230
115000043,3199,2069,1130
115000044,3810,3965,-155
115000045,2656,1916,740
115000046,1925,2284,-359
115000047,1888,1470,418
115000048,1481,2486,-1005
115000049,1684,3617,-1933
115000050,2906,1804,1102
115000051,1705,2385,-680
115000052,2938,1934,1004
115000053,1501,1452,49
115000054,711,1377,-666
115000055,219,633,-414
115000056,217,568,-351
115000057,761,827,-66
115000058,708,242,466
115000059,222,166,56
115000061,281,101,180
115000062,173,245,-72
115000063,305,316,-11
115000064,245,94,151
115000065,21,323,-302
115000067,185,15,170
115000069,80,280,-200
115000070,24,768,-744
115000071,120,27,93
115000072,16,85,-69
115000073,1067,47,1020
115000075,100,60,40
115000076,3283,2848,435
115000077,1772,2355,-583
115000078,1068,1554,-486
115000079,1107,1844,-737
115000080,1915,2265,-350
115000081,474,1019,-545
115000082,3495,3354,141
115000083,2118,2535,-417
115000084,1932,1132,800
115000085,644,1017,-373
115000086,845,718,127
115000087,453,1511,-1058
115000088,1590,525,1065
115000089,1527,1340,187
115000090,540,851,-311
115000091,271,1026,-755
115000092,476,303,173
115000093,450,4,446
115000094,6926,4988,1938
115000095,4777,5439,-662
115000096,626,1756,-1130
115000097,833,931,-98
115000098,1000,799,201
115000099,2191,3026,-835
115000100,960,456,504
115000101,492,1539,-1047
115000102,425,237,188
115000103,327,678,-351
115000105,41,193,-152
115000106,501,300,201
115000107,161,497,-336
115000108,3462,2510,952
115000109,4355,3667,688
115000110,1406,1199,207
115000111,732,1911,-1179
115000112,577,608,-31
115000113,683,867,-184
115000114,1748,790,958
115000116,3883,2008,1875
115000117,4123,3075,1048
115000118,2265,1758,507
115000119,1988,2372,-384
115000120,713,1222,-509
115000121,1535,997,538
115000122,3641,1351,2290
115000123,1529,2049,-520
115000124,970,1023,-53
115000125,360,713,-353
115000126,170,277,-107
115000127,389,103,286
115000128,492,776,-284
115000129,281,334,-53
115000130,433,853,-420
115000131,798,280,518
115000132,226,345,-119
115000133,531,303,228
115000134,312,224,88
115000135,263,213,50
115000136,329,266,63
115000137,180,167,13
115000138,233,255,-22
115000139,246,215,31
115000140,277,259,18
115000141,175,300,-125
115000142,161,290,-129
115000143,625,555,70
115000144,538,110,428
115000145,247,375,-128
115000146,416,262,154
115000147,430,530,-100
115000148,292,1177,-885
115000149,494,189,305
115000150,666,1021,-355
115000151,1021,470,551
115000152,668,1279,-611
115000153,924,446,478
115000154,742,298,444
115000155,586,1021,-435
115000156,973,567,406
115000157,685,783,-98
115000158,614,310,304
115000159,684,426,258
115000160,484,316,168
115000161,144,484,-340
115000162,728,665,63
115000163,573,717,-144
115000164,816,710,106
115000165,317,424,-107
115000167,146,77,69
115000168,496,355,141
115000169,555,334,221
115000170,139,156,-17
115000171,311,184,127
115000172,1282,629,653
115000173,319,439,-120
115000174,156,332,-176
115000175,254,94,160
115000176,142,114,28
115000177,140,121,19
115000178,41,252,-211
115000179,54,41,13
115000180,125,650,-525
115000181,514,126,388
115000182,752,355,397
115000183,260,883,-623
115000186,722,300,422
115000187,221,816,-595
115000188,351,461,-110
115000189,199,451,-252
115000190,743,406,337
115000191,180,522,-342
115000194,151,227,-76
115000195,348,291,57
115000196,129,129,0
115000197,242,243,-1
115000198,225,184,41
115000199,349,232,117
115000200,284,93,191
115000201,153,301,-148
115000206,337,88,249
115000207,116,339,-223
115000208,439,641,-202
115000209,659,292,367
115000210,124,113,11
115000211,198,173,25
115000212,1438,263,1175
115000224,512,51,461
115000225,51,98,-47
115000229,187,167,20
115000230,149,410,-261
115000231,273,2007,-1734
115000232,1304,300,1004
115000233,122,187,-65
115000234,36,343,-307
115000241,83,250,-167
115000242,95,359,-264
115000243,51,247,-196
115000244,13,101,-88
115000246,56,27,29
115000247,39,17,22
115000248,40,20,20
115000249,66,21,45
115000250,249,55,194
115000251,229,115,114
115000252,91,194,-103
115000253,11,381,-370
115000258,222,169,53
115000259,303,128,175
115000261,12,43,-31
115000262,10,16,-6
115000263,13,52,-39
115000264,26,43,-17
115000267,89,77,12
115000268,57,161,-104
115000269,105,45,60
115000270,3,29,-26
115000272,71,162,-91
115000273,412,45,367
115000280,1467,185,1282
115000281,399,625,-226
115000282,1311,721,590
115000284,424,165,259
115000296,1254,10,1244
115000297,206,82,124
115000298,79,376,-297
115000300,139,192,-53
115000302,568,158,410
115000303,597,116,481
115000304,626,95,531
115000305,82,776,-694
115000306,125,373,-248
115000307,76,206,-130
115000308,48,23,25
115000309,12,25,-13
115000310,830,965,-135
115000311,692,1121,-429
115000313,117,656,-539
115000314,388,128,260
115000315,1135,542,593
115000316,50,128,-78
115000317,178,480,-302
115000318,748,312,436
115000319,74,328,-254
115000320,5,288,-283
115000321,461,10,451
115000322,38,218,-180
115000449,238,196,42
115000557,3,1148,-1145
115000558,541,57,484
115000587,507,287,220
115000588,2532,2950,-418
115000589,3171,2404,767
115000590,1132,1212,-80
115000591,1455,672,783
115000592,671,1725,-1054
115000593,1332,559,773
115000594,1115,2268,-1153
115000609,179,216,-37
115000617,1684,2832,-1148
115000624,250,84,166
115000633,436,2048,-1612
115000634,2283,810,1473
115000635,474,155,319
115000638,846,849,-3
115000641,53,155,-102
115000642,387,339,48
115000643,110,572,-462
115000644,130,402,-272
115000646,850,1425,-575
115000647,200,477,-277
115000648,1569,1880,-311
115000893,3302,1614,1688
115000894,136,1200,-1064
115000895,566,824,-258
115000896,1443,338,1105
115000897,581,116,465
115000898,729,231,498
115000899,507,1058,-551
115000900,142,340,-198
115000901,144,120,24
115000912,424,108,316
115000913,3,12,-9
115000915,30,0,30
115000916,5,0,5
115000917,0,7,-7
115000918,105,229,-124
115000919,4,21,-17
115000920,53,50,3
115000921,604,149,455
115000922,1320,722,598
115000923,630,1057,-427
115000925,115,77,38
115000927,48,59,-11
115000933,309,215,94
115000934,118,212,-94
115000935,133,100,33
115000936,42,552,-510
115000937,795,151,644
115000938,137,217,-80
115000939,120,149,-29
115000940,126,30,96
115000941,13,11,2
115000942,50,150,-100
115000943,96,24,72
115000944,2,5,-3
115900001,87,45,42
115900002,76,158,-82
115900003,174,106,68
115900004,0,61,-61
115900005,126,3,123
115900006,131,242,-111
115900008,51,18,33
115900009,88,232,-144
115900010,230,181,49
115900011,457,229,228
115900012,115,90,25
115900013,418,153,265
115900014,94,170,-76
115900015,90,67,23
115900016,156,31,125
115900017,8,7,1
115900018,226,87,139
115900019,133,21,112
115900020,37,1,36
115900021,1201,111,1090
115900022,1616,11,1605
115900023,23,0,23
115900025,61,282,-221
115900026,776,318,458
115900027,0,224,-224
115900028,609,57,552
115900029,17,401,-384
115900030,23,23,0
115900031,375,276,99
115900032,471,770,-299
115900033,0,41,-41
115900034,57,449,-392
115900035,29,12,17
115900036,105,539,-434
115900037,47,378,-331
115900038,41,21,20
115900039,192,203,-11
115900041,489,476,13
115900042,29,4,25
115900043,96,70,26
115900044,223,287,-64
115900046,221,247,-26
115900047,170,108,62
115900049,123,233,-110
115900051,1,72,-71
115900052,19,280,-261
115900053,220,215,5
115900054,172,88,84
115900055,12,150,-138
115900056,210,288,-78
115900057,20,27,-7
115900058,36,64,-28
115900060,119,127,-8
115900061,176,0,176
115900062,18,278,-260
115900063,94,17,77
115900064,160,245,-85
115900065,147,103,44
115900066,206,129,77
115900067,20,603,-583
115900068,3356,594,2762
115900069,65,172,-107
115900070,182,193,-11
115900071,1,409,-408
115900072,68,186,-118
115900073,64,68,-4
115900074,5,319,-314
115900075,26,232,-206
115900076,7,63,-56
115900077,11,312,-301
115900078,41,95,-54
115900079,146,18,128
115900080,539,293,246
115900081,16,75,-59
115900082,181,167,14
115900084,331,20,311
115900085,56,41,15
115900086,1568,561,1007
115900088,5,52,-47
115900089,263,682,-419
115900090,282,38,244
115900091,8,19,-11
115900092,25,196,-171
115900093,12,24,-12
115900094,4,338,-334
115900096,3,10,-7
115900097,4,449,-445
115900098,181,320,-139
115900099,75,51,24
115900100,15,544,-529
115900101,114,355,-241
115900102,49,58,-9
115900103,323,205,118
115900104,28,137,-109
115900105,191,534,-343
115900106,45,39,6
115900107,40,145,-105
115900108,97,66,31
115900109,41,392,-351
115900110,2,26,-24
115900111,1,110,-109
115900112,71,865,-794
115900113,39,37,2
115900114,5,147,-142
115900115,64,251,-187
115900116,107,882,-775
115900117,47,20,27
115900118,1,280,-279
115900119,116,147,-31
115900120,27,368,-341
115900121,135,200,-65
115900124,224,524,-300
115900125,251,51,200
115900126,586,110,476
115900127,607,47,560
115900128,14,97,-83
115900129,660,51,609
115900130,31,269,-238
115900131,304,33,271
115900132,449,9,440
115900134,297,13,284
115900135,527,1062,-535
115900137,29,3,26
115900139,50,55,-5
115900140,208,12,196
115900141,2,32,-30
115900142,7,16,-9
115900143,219,268,-49
115900144,53,178,-125
115900146,3,115,-112
115900147,251,226,25
115900148,56,5,51
115900149,81,50,31
115900150,64,57,7
115900151,22,113,-91
115900152,109,345,-236
115900153,106,194,-88
115900154,434,380,54
115900155,1,60,-59
115900156,622,733,-111
115900157,169,442,-273
115900158,21,14,7
115900159,95,305,-210
115900160,23,18,5
115900161,63,180,-117
115900163,166,117,49
115900164,511,20,491
115900166,203,238,-35
115900168,128,125,3
115900171,105,458,-353
115900172,48,117,-69
115900173,194,119,75
115900174,253,256,-3
115900175,79,186,-107
115900178,10,659,-649
115900179,221,12,209
115900180,38,170,-132
115900181,113,172,-59
115900182,316,184,132
115900183,58,30,28
115900184,1714,15,1699
115900187,14,121,-107
115900189,2,175,-173
115900190,370,1197,-827
115900191,53,390,-337
115900192,9,134,-125
115900193,172,119,53
115900194,593,62,531
115900195,607,1783,-1176
115900198,168,302,-134
115900199,167,224,-57
115900200,290,290,0
115900201,429,373,56
115900202,1,27,-26
115900203,7,6,1
115900204,0,3,-3
115900205,119,17,102
115900206,183,145,38
115900207,25,18,7
115900208,148,186,-38
115900209,4,206,-202
115900210,7,138,-131
115900211,1,216,-215
115900212,160,210,-50
115900213,126,75,51
115900214,374,229,145
115900215,42,86,-44
115900216,5,83,-78
115900217,2,49,-47
115900218,4,36,-32
115900219,79,7,72
115900220,129,17,112
115900221,51,22,29
115900222,44,23,21
115900223,15,217,-202
115900224,1179,748,431
115900225,57,34,23
115900226,16,55,-39
115900227,8,47,-39
115900228,6,27,-21
115900229,3,53,-50
115900230,53,157,-104
115900231,118,6,112
115900232,74,3,71
115900233,57,19,38
115900234,42,21,21
115900235,40,36,4
115900236,48,24,24
115900237,17,32,-15
115900238,25,27,-2
115900239,18,27,-9
115900240,3,51,-48
115900241,190,123,67
115900242,239,290,-51
115900243,7,18,-11
115900244,15,13,2
115900245,61,12,49
115900246,20,7,13
115900247,31,6,25
115900248,13,5,8
115900249,4,15,-11
115900250,5,29,-24
115900251,1,11,-10
115900252,6,1,5
115900253,7,10,-3
115900254,13,37,-24
115900255,5,18,-13
115900256,10,18,-8
115900257,7,1,6
115900258,0,2,-2
115900259,4,1,3
115900260,10,1,9
115900261,8,3,5
115900262,4,2,2
115900263,7,1,6
115900264,10,1,9
115900265,2,13,-11
115900266,5,9,-4
115900267,11,14,-3
115900268,5,12,-7
115900269,368,380,-12
115900270,328,322,6
115900271,75,0,75
115900272,11,3,8
115900273,9,17,-8
115900274,1,13,-12
115900275,5,20,-15
115900276,0,32,-32
115900277,0,70,-70
115900278,19,107,-88
115900279,17,152,-135
115900280,11,312,-301
115900281,357,237,120
115900282,7,10,-3
115900283,9,14,-5
115900284,16,2,14
116000001,13434,5392,8042
116000002,4513,8913,-4400
116000003,1759,1744,15
116000004,2502,3088,-586
116000005,2738,3114,-376
116000006,2678,1834,844
116000007,2905,3849,-944
116000008,3475,1825,1650
116000009,2051,2955,-904
116000010,2286,1314,972
116000011,1028,2133,-1105
116000012,1256,872,384
116000013,10438,4142,6296
116000014,13034,9635,3399
116000015,337,1206,-869
116000016,6459,3021,3438
116000017,26,627,-601
116000018,631,331,300
116000019,754,286,468
116000020,472,874,-402
116000021,319,274,45
116000022,307,323,-16
116000023,999,637,362
116000024,575,886,-311
116000025,735,636,99
116000026,1714,2285,-571
116000027,842,489,353
116000028,384,611,-227
116000029,666,627,39
116000030,582,386,196
116000031,135,305,-170
116000032,338,150,188
116000033,301,490,-189
116000034,536,871,-335
116000035,315,676,-361
116000036,1809,938,871
116000037,680,498,182
116000038,526,521,5
116000039,517,312,205
116000040,1063,275,788
116000041,232,411,-179
116000042,563,196,367
116000043,99,531,-432
116000044,15,125,-110
116000045,1375,1036,339
116000046,1043,1241,-198
116000047,1695,2097,-402
116000048,1807,1626,181
116000049,1094,2098,-1004
116000050,1249,1299,-50
116000051,4970,1974,2996
116000052,4979,4182,797
116000053,1685,880,805
116000054,657,2394,-1737
116000055,535,1088,-553
116000056,864,1040,-176
116000057,2523,1675,848
116000058,2524,1875,649
116000059,2519,3761,-1242
116000060,2051,842,1209
116000061,675,953,-278
116000062,734,203,531
116000063,539,930,-391
116000066,255,553,-298
116000067,289,495,-206
116000068,190,240,-50
116000069,297,402,-105
116000078,446,1080,-634
116000080,1920,1163,757
116000082,6,91,-85
116000083,1392,344,1048
116000084,2139,4106,-1967
116000085,2165,1436,729
116000086,1970,1595,375
116000087,1492,1314,178
116000088,705,1055,-350
116000089,144,112,32
116000090,102,173,-71
116000091,266,282,-16
116000093,680,400,280
116000094,540,674,-134
116000095,648,517,131
116000096,702,1280,-578
116000097,658,672,-14
116000098,167,5439,-5272
116000099,5745,244,5501
116000100,157,20,137
116000101,973,905,68
116000102,240,1200,-960
116000103,390,240,150
116000104,243,1386,-1143
116000105,981,185,796
116000106,573,822,-249
116000107,2014,414,1600
116000108,318,171,147
116000111,141,39,102
116000113,126,97,29
116000114,56,177,-121
116000115,244,110,134
116000116,341,635,-294
116000117,1381,2064,-683
116000118,1292,1336,-44
116000119,2693,1972,721
116000120,3000,4506,-1506
116000121,769,512,257
116000122,1277,1882,-605
116000123,841,482,359
116000124,360,1221,-861
116000125,2616,732,1884
116000126,318,1734,-1416
116000127,1061,1341,-280
116000128,1180,809,371
116000129,1250,205,1045
116000130,473,441,32
116000133,765,922,-157
116000134,1830,2441,-611
116000135,1868,1498,370
116000136,1154,2273,-1119
116000137,842,642,200
116000138,800,596,204
116000139,1706,1805,-99
116000140,230,218,12
116000141,354,717,-363
116000142,3069,3123,-54
116000143,1797,1586,211
116000144,1411,2142,-731
116000145,1427,1325,102
116000146,448,258,190
116000147,306,120,186
116000148,372,491,-119
116000149,604,591,13
116000151,709,597,112
116000153,100,411,-311
116000155,210,264,-54
116000156,488,1105,-617
116000157,36,11,25
116000158,285,276,9
116000159,10,9,1
116000160,7,81,-74
116000161,8,74,-66
116000162,51,82,-31
116000163,28,15,13
116000164,7,13,-6
116000177,249,74,175
116000194,110,443,-333
116000195,1350,718,632
116000196,23,5,18
116000197,15,13,2
116000198,2426,937,1489
116000200,570,391,179
116000201,602,529,73
116000202,12,280,-268
116000203,0,101,-101
116000204,10,77,-67
116000205,1,185,-184
116000206,2,118,-116
116000207,8,47,-39
116000233,225,542,-317
116000287,178,413,-235
116000288,243,253,-10
116000292,69,155,-86
116000296,21,192,-171
116000297,91,37,54
116000304,164,39,125
116000305,17,65,-48
116000346,179,169,10
116000352,109,35,74
116000354,50,18,32
116000357,48,47,1
116000358,286,60,226
116000361,381,11,370
116000372,6608,3252,3356
116000381,121,1,120
116000388,5,58,-53
116000389,932,620,312
116000445,278,650,-372
116000446,519,552,-33
116000447,16,480,-464
116000448,615,212,403
116000563,802,634,168
116000565,61,481,-420
116000568,44,276,-232
116000579,30,126,-96
116000584,23,11,12
116000585,38,16,22
116000586,75,88,-13
116000587,391,517,-126
116000589,31,65,-34
116000590,73,54,19
116000591,177,224,-47
116000592,27,107,-80
116000593,1,25,-24
116000594,441,433,8
116000595,621,157,464
116000596,109,6,103
116000597,384,73,311
116000598,27,252,-225
116000602,68,190,-122
116000605,280,120,160
116000606,71,227,-156
116000607,2,63,-61
116000609,168,778,-610
116000611,77,545,-468
116000612,727,1836,-1109
116000613,457,387,70
116000614,410,557,-147
116000615,3,215,-212
116000616,22,77,-55
116000617,72,38,34
116000618,1,110,-109
116000619,84,59,25
116000620,82,82,0
116000621,63,87,-24
116000622,48,147,-99
116000624,136,85,51
116000627,32,60,-28
116000628,107,579,-472
116000629,48,417,-369
116000630,303,29,274
116000631,209,53,156
116000632,618,123,495
116000633,129,260,-131
116000634,418,181,237
116000635,2662,1723,939
116000636,853,876,-23
116000637,454,82,372
116000638,100,336,-236
116000640,2,8,-6
116000641,35,150,-115
116000644,20,591,-571
116900001,179,156,23
116900002,214,4,210
116900003,11,61,-50
116900004,41,73,-32
116900005,224,77,147
116900006,157,125,32
116900007,107,142,-35
116900008,408,354,54
116900009,19,9,10
116900010,2,1390,-1388
116900011,7,28,-21
116900012,161,184,-23
116900013,2,173,-171
116900014,69,251,-182
116900015,253,61,192
116900016,165,1,164
116900017,4,589,-585
116900018,53,59,-6
116900019,10,282,-272
116900020,1056,882,174
116900023,37,7,30
116900024,493,61,432
116900025,961,811,150
116900026,141,528,-387
116900027,56,68,-12
116900028,2,99,-97
116900029,0,49,-49
116900031,0,5,-5
116900032,6,382,-376
116900033,23,8,15
116900034,11,52,-41
116900035,151,206,-55
116900036,8,82,-74
116900038,25,0,25
116900041,36,10,26
116900042,620,241,379
116900043,19,57,-38
116900047,23,117,-94
116900049,46,316,-270
116900050,133,410,-277
116900051,71,168,-97
116900052,125,55,70
116900055,3,4,-1
116900057,19,235,-216
116900058,31,418,-387
116900059,5,151,-146
116900060,168,182,-14
116900062,0,15,-15
116900064,111,645,-534
116900065,31,107,-76
116900067,76,96,-20
116900068,153,202,-49
116900070,1,2,-1
116900072,19,329,-310
116900073,13,109,-96
116900074,9,26,-17
116900076,8,24,-16
116900077,4,118,-114
116900078,250,94,156
116900079,39,213,-174
116900080,38,22,16
116900081,332,1130,-798
116900082,442,801,-359
116900083,97,49,48
116900084,149,50,99
116900085,34,154,-120
116900086,62,178,-116
116900088,406,92,314
116900090,186,74,112
116900091,304,34,270
116900092,67,630,-563
116900093,1445,1661,-216
116900094,4376,3173,1203
116900095,216,94,122
116900096,89,362,-273
116900097,2968,2319,649
116900098,766,276,490
116900099,720,484,236
116900100,857,37,820
116900101,276,545,-269
116900103,4,0,4
116900104,110,81,29
116900105,288,120,168
116900106,1600,134,1466
116900107,3466,2161,1305
116900110,16,0,16
116900111,368,771,-403
116900112,250,959,-709
116900113,2054,1339,715
116900116,106,405,-299
116900117,113,90,23
116900118,777,717,60
116900120,263,114,149
116900121,91,31,60
116900122,635,762,-127
116900123,104,739,-635
116900124,214,838,-624
116900125,330,149,181
116900126,126,532,-406
116900128,6,40,-34
116900129,3,357,-354
116900130,757,2782,-2025
116900131,88,259,-171
116900132,49,110,-61
116900133,113,124,-11
116900134,200,214,-14
116900136,202,179,23
116900137,300,150,150
116900138,167,172,-5
116900139,144,397,-253
116900140,175,167,8
116900141,620,420,200
116900142,3,64,-61
116900143,235,326,-91
116900144,19,73,-54
116900145,100,224,-124
116900147,510,344,166
116900148,13,37,-24
116900149,54,249,-195
116900150,4,12,-8
116900151,56,12,44
116900153,98,63,35
116900154,506,463,43
116900155,67,61,6
116900157,396,322,74
116900158,622,282,340
116900159,60,221,-161
116900160,1048,417,631
116900161,5867,5060,807
116900162,34,126,-92
116900163,119,172,-53
116900164,240,73,167
116900165,207,123,84
116900166,36,83,-47
116900167,381,70,311
116900168,441,84,357
116900169,566,351,215
116900170,195,369,-174
116900171,15,138,-123
116900172,257,290,-33
116900173,114,36,78
116900174,65,55,10
116900175,184,130,54
116900178,13,119,-106
116900179,119,281,-162
116900180,74,33,41
116900182,334,214,120
116900183,156,114,42
116900185,17,45,-28
116900186,100,273,-173
116900187,99,33,66
116900188,95,25,70
116900189,63,0,63
116900191,346,549,-203
116900192,234,125,109
116900194,136,1189,-1053
116900195,60,20,40
116900196,35,87,-52
116900197,93,10,83
116900198,178,213,-35
116900200,42,38,4
116900201,73,8,65
116900202,141,44,97
116900203,164,9,155
116900204,47,90,-43
116900206,5,15,-10
116900207,27,45,-18
116900208,9,89,-80
116900209,80,91,-11
116900210,441,250,191
116900211,158,15,143
116900212,60,68,-8
116900213,186,160,26
116900214,165,155,10
116900215,36,84,-48
116900216,256,244,12
116900218,13,202,-189
116900219,1222,399,823
116900220,86,232,-146
116900221,61,293,-232
116900222,265,266,-1
116900223,97,279,-182
116900226,60,55,5
116900227,196,87,109
116900228,280,187,93
116900230,62,195,-133
116900231,35,392,-357
116900232,8,380,-372
116900233,206,138,68
116900234,12,5,7
116900235,188,272,-84
116900238,1625,355,1270
116900239,27,1333,-1306
116900240,4990,2911,2079
116900241,54,150,-96
116900242,779,425,354
116900243,4,42,-38
116900245,21,14,7
116900246,106,17,89
116900247,675,31,644
116900248,60,40,20
116900249,297,110,187
116900250,349,66,283
116900251,445,425,20
116900252,122,874,-752
116900253,126,96,30
116900254,37,75,-38
116900255,85,38,47
116900256,277,70,207
116900257,15,427,-412
116900258,3,272,-269
116900259,161,8,153
116900260,4,143,-139
116900261,45,1,44
116900262,138,186,-48
116900263,0,12,-12
116900264,24,32,-8
116900265,46,0,46
116900266,15,48,-33
116900267,6,2,4
116900268,161,51,110
116900269,235,522,-287
116900271,1357,211,1146
116900272,332,275,57
116900273,158,66,92
116900274,95,70,25
116900275,203,129,74
116900276,521,111,410
116900277,482,24,458
116900278,7,5,2
116900279,3,26,-23
116900280,17,35,-18
116900281,5496,3595,1901
116900282,4,82,-78
116900283,18,90,-72
116900284,14,238,-224
116900285,251,183,68
116900286,207,24,183
116900287,3,56,-53
116900288,65,79,-14
116900289,12,20,-8
116900290,4,38,-34
116900291,13,12,1
116900292,0,12,-12
116900293,19,61,-42
116900294,54,159,-105
116900295,201,41,160
116900296,185,41,144
116900297,17,97,-80
116900298,110,52,58
116900299,142,39,103
116900300,14,99,-85
116900301,82,107,-25
116900302,79,57,22
116900303,344,85,259
116900304,0,139,-139
116900305,18,71,-53
116900306,136,92,44
116900307,41,0,41
116900308,1,140,-139
116900309,130,162,-32
117000001,1544,1411,133
117000002,1968,4433,-2465
117000003,6202,2976,3226
117000004,3817,5366,-1549
117000005,1960,1757,203
117000006,1311,3815,-2504
117000007,3387,1193,2194
117000008,1182,4085,-2903
117000009,4775,1811,2964
117000010,2885,4515,-1630
117000011,1957,1734,223
117000012,1171,1397,-226
117000013,1742,867,875
117000014,1351,2453,-1102
117000015,2641,1255,1386
117000016,347,90,257
117000017,520,118,402
117000018,256,463,-207
117000019,107,28,79
117000020,443,1143,-700
117000021,2071,610,1461
117000022,464,85,379
117000023,360,247,113
117000024,387,142,245
117000025,529,672,-143
117000026,2881,905,1976
117000027,2676,2730,-54
117000028,3223,1229,1994
117000030,546,444,102
117000031,317,215,102
117000032,1801,1074,727
117000033,1429,719,710
117000034,372,308,64
117000035,274,239,35
117000036,467,307,160
117000037,298,187,111
117000038,253,574,-321
117000039,380,214,166
117000040,216,1180,-964
117000041,787,190,597
117000044,26,894,-868
117000045,454,63,391
117000046,465,762,-297
117000047,754,631,123
117000048,1954,1161,793
117000049,138,532,-394
117000050,109,1865,-1756
117000051,1848,159,1689
117000052,41,399,-358
117000053,451,48,403
117000054,1418,4,1414
117000055,19,3218,-3199
117000056,588,12,576
117000057,585,2304,-1719
117000060,487,1470,-983
117000061,1425,877,548
117000062,249,733,-484
117000063,1735,843,892
117000064,879,958,-79
117000066,1043,785,258
117000067,132,425,-293
117000074,203,196,7
117000076,79,47,32
117000077,189,132,57
117000078,132,670,-538
117000079,311,220,91
117000080,2,358,-356
117000081,791,97,694
117000082,13,100,-87
117000083,112,8,104
117000084,253,1,252
117000085,257,625,-368
117000086,797,518,279
117000087,84,498,-414
117000088,250,184,66
117000089,1344,268,1076
117000090,262,1316,-1054
117000091,731,276,455
117000092,403,1381,-978
117000093,963,631,332
117000094,1295,3048,-1753
117000095,3055,788,2267
117000096,589,2565,-1976
117000097,1168,1178,-10
117000098,2668,5164,-2496
117000099,2948,1214,1734
117000100,134,246,-112
117000101,204,1218,-1014
117000102,1211,580,631
117000103,767,1842,-1075
117000104,1200,613,587
117000105,782,1757,-975
117000106,1009,808,201
117000107,511,2032,-1521
117000108,1335,804,531
117000109,1603,2426,-823
117000110,1197,866,331
117000111,3489,4432,-943
117000112,3076,1750,1326
117000113,104,262,-158
117000114,179,132,47
117000115,72,132,-60
117000116,127,247,-120
117000117,1654,822,832
117000118,269,157,112
117000119,974,133,841
117000120,267,288,-21
117000121,103,888,-785
117000122,322,766,-444
117000123,1557,48,1509
117000124,659,52,607
117000125,378,84,294
117000126,92,29,63
117000127,152,234,-82
117000128,487,618,-131
117000129,396,546,-150
117000130,225,3,222
117000131,0,141,-141
117000132,2274,15,2259
117000133,1222,99,1123
117000134,1,65,-64
117000135,5,36,-31
117000136,1,25,-24
117000137,77,109,-32
117000138,4,614,-610
117000140,471,1634,-1163
117000141,1263,452,811
117000181,692,488,204
117000182,370,381,-11
117000195,195,1116,-921
117000196,242,123,119
117000225,138,18,120
117000226,13,137,-124
117000276,190,25,165
117000277,3,423,-420
117000310,1790,2339,-549
117000315,28,971,-943
117000320,85,0,85
117000906,308,18,290
117000907,8,359,-351
117000909,40,34,6
117000910,159,150,9
117000911,99,234,-135
117000915,13,566,-553
117000916,13,4,9
117000917,752,41,711
117000918,41,62,-21
117000919,8,154,-146
117000920,3,1356,-1353
117000921,4,1409,-1405
117000922,72,100,-28
117000924,445,844,-399
117000926,903,84,819
117000927,1566,614,952
117000928,1,179,-178
117000929,196,365,-169
117000930,147,20,127
117000931,441,125,316
117900002,127,342,-215
117900003,719,375,344
117900005,9,35,-26
117900006,0,33,-33
117900007,127,112,15
117900008,0,32,-32
117900010,264,78,186
117900011,45,76,-31
117900012,50,110,-60
117900013,0,243,-243
117900014,471,131,340
117900015,12,91,-79
117900016,1032,662,370
117900017,828,331,497
117900018,185,92,93
117900019,351,288,63
117900020,76,361,-285
117900021,25,72,-47
117900022,28,26,2
117900023,681,255,426
117900024,54,72,-18
117900025,37,7,30
117900026,322,268,54
117900028,91,6,85
117900029,208,646,-438
117900030,341,260,81
117900031,247,89,158
117900032,821,435,386
117900033,198,564,-366
117900034,58,55,3
117900035,223,105,118
117900036,263,386,-123
117900037,113,97,16
117900038,27,351,-324
117900039,1,44,-43
117900040,105,448,-343
117900041,8,38,-30
117900042,3402,301,3101
117900043,26,51,-25
117900044,6,3450,-3444
117900045,126,103,23
117900048,229,345,-116
117900049,191,479,-288
117900050,7,49,-42
117900051,31,2,29
117900052,28,328,-300
117900053,1288,601,687
117900054,0,16,-16
117900055,184,206,-22
117900056,333,42,291
117900057,1027,1255,-228
117900058,104,28,76
117900059,310,79,231
117900060,1662,5269,-3607
117900061,25,202,-177
117900063,351,167,184
117900065,733,1192,-459
117900066,12,47,-35
117900067,345,159,186
117900069,610,257,353
117900070,236,18,218
117900071,90,142,-52
117900073,371,293,78
117900074,242,37,205
117900075,69,81,-12
117900076,14,55,-41
117900077,300,150,150
117900078,332,600,-268
117900080,96,32,64
117900081,501,373,128
117900082,362,339,23
117900083,250,418,-168
117900086,106,29,77
117900087,196,42,154
117900088,3340,1911,1429
117900089,1676,558,1118
117900090,423,448,-25
117900091,126,174,-48
117900092,55,27,28
117900093,62,71,-9
117900094,46,22,24
117900095,357,413,-56
117900096,95,208,-113
117900097,143,44,99
117900098,35,14,21
117900099,227,215,12
117900100,202,3,199
117900101,412,1388,-976
117900102,49,42,7
117900103,105,2,103
117900104,37,104,-67
117900105,135,205,-70
117900106,83,43,40
117900107,38,3,35
117900109,476,353,123
117900110,101,2,99
117900111,304,14,290
117900112,42,23,19
117900113,3338,1608,1730
117900114,25,0,25
117900115,245,58,187
117900116,941,799,142
117900117,440,383,57
117900118,41,1,40
117900119,113,195,-82
117900120,142,67,75
117900121,152,31,121
117900122,1199,2871,-1672
117900123,668,473,195
117900124,792,679,113
117900125,1619,1502,117
117900126,248,545,-297
117900127,419,464,-45
117900128,305,559,-254
117900129,70,2,68
117900130,755,365,390
117900131,2,138,-136
117900132,10,108,-98
117900133,7,125,-118
117900134,51,130,-79
117900135,38,184,-146
117900136,0,44,-44
117900137,79,310,-231
117900138,0,30,-30
117900139,89,137,-48
117900140,3326,288,3038
117900141,194,221,-27
117900142,264,17,247
117900144,106,125,-19
117900145,46,20,26
117900146,212,138,74
117900147,71,56,15
117900148,2218,1173,1045
117900149,89,196,-107
117900150,45,42,3
117900151,39,99,-60
117900152,73,51,22
117900153,17,102,-85
117900154,482,576,-94
117900156,869,872,-3
117900157,94,534,-440
117900158,229,75,154
117900160,483,550,-67
117900161,2739,2281,458
117900162,243,392,-149
117900163,198,80,118
117900165,1,16,-15
117900166,151,360,-209
117900168,65,137,-72
117900169,2,97,-95
117900170,0,39,-39
117900171,2,15,-13
117900172,9,35,-26
117900173,122,70,52
117900174,31,55,-24
117900175,3,55,-52
117900176,15,37,-22
117900177,20,49,-29
117900178,109,31,78
117900180,248,52,196
117900181,140,319,-179
117900182,11,38,-27
117900183,38,189,-151
117900184,8,51,-43
117900185,37,47,-10
117900186,41,18,23
117900187,25,12,13
117900188,179,55,124
117900189,62,28,34
117900190,29,4,25
117900191,88,2,86
117900192,219,1,218
117900193,1,47,-46
117900194,10,5,5
117900195,32,67,-35
117900196,10,29,-19
117900207,201,121,80
117900208,25,27,-2
117900209,177,168,9
117900210,128,191,-63
117900211,10,194,-184
117900212,100,210,-110
117900213,35,25,10
117900214,7,40,-33
117900215,16,22,-6
117900216,36,17,19
117900217,188,189,-1
117900218,178,210,-32
117900219,3,68,-65
117900220,142,83,59
117900222,222,319,-97
117900223,161,255,-94
118000001,885,768,117
118000002,1152,2056,-904
118000003,2379,2642,-263
118000004,3567,2716,851
118000005,4802,4579,223
118000006,7353,9358,-2005
118000007,5820,2776,3044
118000008,5996,3381,2615
118000009,2217,3623,-1406
118000010,5562,4140,1422
118000011,1144,2142,-998
118000012,1062,2051,-989
118000013,2633,2494,139
118000014,2006,2581,-575
118000016,126,327,-201
118000017,338,394,-56
118000018,439,435,4
118000019,2458,1341,1117
118000020,1830,2619,-789
118000021,903,2497,-1594
118000022,2041,788,1253
118000023,1037,282,755
118000024,2149,1074,1075
118000027,15650,10401,5249
118000029,949,640,309
118000032,1477,3175,-1698
118000033,3073,4274,-1201
118000034,5804,2373,3431
118000035,1891,2282,-391
118000036,1282,995,287
118000037,829,768,61
118000038,143,71,72
118000039,93,246,-153
118000040,1553,1231,322
118000041,2197,1345,852
118000045,545,137,408
118000046,1814,490,1324
118000047,1309,608,701
118000048,3483,1482,2001
118000051,3190,934,2256
118000052,2489,525,1964
118000053,555,440,115
118000054,1793,1384,409
118000055,1262,1442,-180
118000056,264,345,-81
118000057,201,334,-133
118000058,3376,1505,1871
118000059,2240,842,1398
118000060,881,486,395
118000061,1120,1246,-126
118000062,739,306,433
118000063,430,568,-138
118000064,799,1220,-421
118000065,4153,1676,2477
118000066,719,1371,-652
118000067,1116,731,385
118000068,1707,4105,-2398
118000069,3334,1176,2158
118000070,5432,1593,3839
118000071,3301,5934,-2633
118000072,2032,990,1042
118000073,3562,555,3007
118000074,774,523,251
118000075,715,234,481
118000076,1167,1764,-597
118000077,1476,1256,220
118000078,1852,1906,-54
118000079,310,349,-39
118000080,1404,972,432
118000081,1658,1121,537
118000082,303,1198,-895
118000083,1646,1621,25
118000084,3190,1586,1604
118000086,307,727,-420
118000087,4826,2610,2216
118000088,1711,1707,4
118000089,3189,1783,1406
118000090,1437,2708,-1271
118000091,944,2159,-1215
118000092,1053,505,548
118000093,114,741,-627
118000096,532,660,-128
118000097,852,558,294
118000098,279,187,92
118000099,452,714,-262
118000101,937,340,597
118000102,329,1220,-891
118000107,1883,522,1361
118000108,636,1908,-1272
118000110,0,13,-13
118000111,0,361,-361
118000112,369,4,365
118000113,8,648,-640
118000114,308,12,296
118000115,21,13,8
118000116,43,0,43
118000117,1254,795,459
118000118,939,796,143
118000119,836,1128,-292
118000120,1488,1228,260
118000121,105,616,-511
118000122,1478,365,1113
118000123,64,287,-223
118000125,1769,940,829
118000126,826,1501,-675
118000127,1490,651,839
118000128,678,1140,-462
118000129,868,369,499
118000130,2712,3728,-1016
118000131,583,729,-146
118000132,2390,1720,670
118000133,1180,465,715
118000135,558,375,183
118000136,116,446,-330
118000137,620,88,532
118000138,344,538,-194
118000139,325,115,210
118000140,2193,3684,-1491
118000141,1882,1868,14
118000142,1430,1581,-151
118000143,1820,1024,796
118000144,1038,837,201
118000145,1447,2147,-700
118000146,1058,971,87
118000147,768,1612,-844
118000148,604,1108,-504
118000149,746,950,-204
118000150,305,265,40
118000151,408,388,20
118000153,1199,1077,122
118000154,1247,1457,-210
118000155,1102,1212,-110
118000156,2205,2459,-254
118000157,485,361,124
118000158,131,446,-315
118000159,24,95,-71
118000160,432,382,50
118000161,400,782,-382
118000162,1621,832,789
118000163,743,745,-2
118000164,1947,1334,613
118000168,1194,460,734
118000169,1140,1252,-112
118000170,4058,5025,-967
118000171,319,546,-227
118000172,114,267,-153
118000173,943,964,-21
118000175,311,259,52
118000176,171,291,-120
118000177,175,378,-203
118000178,45,45,0
118000179,1126,816,310
118000180,663,586,77
118000181,761,305,456
118000182,291,249,42
118000183,199,251,-52
118000184,664,661,3
118000185,835,866,-31
118000186,682,793,-111
118000187,960,683,277
118000188,597,174,423
118000189,512,718,-206
118000190,28,12,16
118000191,49,27,22
118000192,221,187,34
118000193,156,330,-174
118000194,1476,935,541
118000195,816,708,108
118000196,370,138,232
118000197,706,120,586
118000198,801,540,261
118000199,1085,295,790
118000200,100,243,-143
118000201,435,391,44
118000202,59,63,-4
118000203,1193,553,640
118000204,234,287,-53
118000205,224,284,-60
118000206,181,204,-23
118000207,0,60,-60
118000208,1153,1383,-230
118000209,2015,1749,266
118000210,45,46,-1
118000211,29,32,-3
118000213,1146,1027,119
118000214,580,510,70
118000215,212,270,-58
118000216,1613,3060,-1447
118000217,13,134,-121
118000218,64,99,-35
118000219,508,355,153
118000220,5,31,-26
118000221,169,286,-117
118000222,44,10,34
118000223,30,38,-8
118000224,187,96,91
118000225,93,628,-535
118000226,992,155,837
118000227,753,378,375
118000228,145,193,-48
118000229,166,53,113
118000230,166,199,-33
118000231,53,217,-164
118000232,631,835,-204
118000233,868,660,208
118000234,335,207,128
118000236,338,290,48
118000237,117,419,-302
118000238,300,161,139
118000239,305,222,83
118000240,329,143,186
118000241,145,191,-46
118000242,319,673,-354
118000243,229,230,-1
118000244,35,89,-54
118000246,0,11,-11
118000255,62,267,-205
118000256,130,232,-102
118000259,5,47,-42
118000260,214,104,110
118000261,34,71,-37
118000263,75,204,-129
118000266,223,283,-60
118000267,0,118,-118
118000268,345,3,342
118000270,121,32,89
118000271,174,237,-63
118000272,81,49,32
118000273,116,92,24
118000274,119,297,-178
118000276,348,245,103
118000295,12,114,-102
118000298,111,306,-195
118000299,77,195,-118
118000301,1,48,-47
118000302,99,72,27
118000311,350,98,252
118000312,227,178,49
118000313,42,137,-95
118000314,65,45,20
118000315,24,83,-59
118000316,609,476,133
118000325,50,50,0
118000326,20,40,-20
118000331,36,49,-13
118000332,7,36,-29
118000333,43,69,-26
118000335,284,0,284
118000336,2,299,-297
118000407,122,81,41
118000457,6,48,-42
118000465,3770,3823,-53
118000480,36,129,-93
118000489,45,255,-210
118000490,53,292,-239
118000492,192,191,1
118000510,77,16,61
118000514,206,263,-57
118000515,607,578,29
118000517,338,225,113
118000524,371,173,198
118000525,761,723,38
118000530,18,77,-59
118000531,211,250,-39
118000532,180,245,-65
118000533,283,106,177
118000534,595,355,240
118000535,208,115,93
118000536,847,1178,-331
118000537,54,93,-39
118000538,23,59,-36
118000539,10,62,-52
118000540,216,159,57
118000541,192,45,147
118000542,124,113,11
118000543,133,133,0
118000546,30,17,13
118000553,0,3,-3
118000560,2773,1760,1013
118000562,15,203,-188
118000563,1442,1184,258
118000576,196,194,2
118000577,194,177,17
118000578,188,126,62
118000579,489,830,-341
118000583,0,0,0
118000595,140,99,41
118000596,0,54,-54
118000597,125,106,19
118000598,13,0,13
118000599,41,59,-18
118000600,4,6,-2
118000601,2,0,2
118000602,3,3,0
118000603,0,17,-17
118000605,39,299,-260
118900001,636,1028,-392
118900002,852,605,247
118900003,352,28,324
118900004,38,62,-24
118900005,60,3,57
118900006,215,12,203
118900007,8,3,5
118900008,901,27,874
118900009,31,36,-5
118900010,71,3,68
118900011,157,31,126
118900012,367,163,204
118900013,429,110,319
118900015,173,47,126
118900016,12,10,2
118900017,251,269,-18
118900018,731,29,702
118900019,60,11,49
118900020,208,126,82
118900021,118,267,-149
118900022,141,86,55
118900023,132,88,44
118900024,97,137,-40
118900025,52,26,26
118900026,41,81,-40
118900027,358,261,97
118900028,112,120,-8
118900029,270,298,-28
118900030,310,119,191
118900031,123,91,32
118900032,139,195,-56
118900033,472,333,139
118900034,169,29,140
118900035,124,176,-52
118900036,977,667,310
118900037,492,215,277
118900038,322,192,130
118900039,380,220,160
118900040,213,143,70
118900041,605,160,445
118900042,188,69,119
118900045,216,158,58
118900046,849,266,583
118900047,506,229,277
118900048,247,203,44
118900049,59,39,20
118900050,14,101,-87
118900051,106,109,-3
118900052,270,186,84
118900053,35,103,-68
118900054,114,54,60
118900055,62,90,-28
118900056,92,252,-160
118900057,576,373,203
118900058,369,267,102
118900059,19,82,-63
118900060,117,82,35
118900062,322,150,172
118900064,594,463,131
118900065,43,192,-149
118900066,52,102,-50
118900067,4636,3197,1439
118900068,10,190,-180
118900069,320,209,111
118900071,2,66,-64
118900072,398,338,60
118900073,87,81,6
118900074,139,213,-74
118900075,36,76,-40
118900076,246,105,141
118900077,184,164,20
118900078,37,3,34
118900079,60,245,-185
118900080,15,130,-115
118900081,87,23,64
118900082,475,151,324
118900083,48,11,37
118900084,9,22,-13
118900085,463,871,-408
118900086,23,76,-53
118900087,8,141,-133
118900088,0,8,-8
118900089,26,12,14
118900090,308,352,-44
118900091,185,181,4
118900092,95,95,0
118900093,147,22,125
118900096,72,90,-18
118900097,193,551,-358
118900099,45,208,-163
118900100,150,250,-100
118900101,87,403,-316
118900102,39,93,-54
118900103,39,123,-84
118900104,227,163,64
118900105,222,84,138
118900107,123,78,45
118900108,97,124,-27
118900110,1406,793,613
118900111,348,519,-171
118900112,74,184,-110
118900113,99,416,-317
118900114,21,81,-60
118900115,139,360,-221
118900116,115,133,-18
118900117,100,141,-41
118900118,251,321,-70
118900119,101,202,-101
118900120,64,277,-213
118900121,9,167,-158
118900122,10,593,-583
118900123,104,184,-80
118900124,63,158,-95
118900126,14,242,-228
118900129,191,171,20
118900130,82,206,-124
118900131,89,171,-82
118900132,282,206,76
118900133,14,112,-98
118900135,147,190,-43
118900136,188,471,-283
118900137,7,35,-28
118900139,184,356,-172
118900140,313,509,-196
118900141,75,153,-78
118900144,93,473,-380
118900145,32,101,-69
118900146,238,585,-347
118900147,219,135,84
118900148,69,50,19
118900150,189,590,-401
118900152,463,771,-308
118900157,66,156,-90
118900158,64,70,-6
118900159,0,139,-139
118900161,100,13,87
118900163,141,105,36
118900164,11,105,-94
118900165,42,208,-166
118900166,28,12,16
118900167,69,112,-43
118900168,3,89,-86
118900169,111,389,-278
118900170,108,97,11
118900171,25,36,-11
118900174,59,52,7
118900175,266,372,-106
118900176,127,219,-92
118900177,30,64,-34
118900178,59,119,-60
118900179,19,31,-12
118900181,81,111,-30
118900182,91,59,32
118900183,26,151,-125
118900184,280,104,176
118900185,135,111,24
118900186,90,77,13
118900187,179,274,-95
118900188,245,203,42
118900189,18,535,-517
118900190,4,330,-326
118900191,114,47,67
118900192,171,25,146
118900193,373,10,363
118900195,312,635,-323
118900196,41,155,-114
118900197,118,29,89
118900198,13,18,-5
118900199,50,32,18
118900200,20,13,7
118900201,26,31,-5
118900202,14,53,-39
118900203,7,29,-22
118900204,16,40,-24
118900205,1,14,-13
118900206,3,28,-25
119000001,1272,1300,-28
119000002,3941,2753,1188
119000003,2216,1194,1022
119000004,2198,1269,929
119000005,1662,1802,-140
119000006,2515,1608,907
119000007,2987,2980,7
119000008,1892,1896,-4
119000009,2957,3685,-728
119000010,6355,4206,2149
119000011,4176,2701,1475
119000012,3428,3388,40
119000013,2108,1311,797
119000014,2137,3302,-1165
119000019,217,118,99
119000020,2142,1216,926
119000021,3940,2220,1720
119000022,2748,2271,477
119000023,277,266,11
119000024,1489,8238,-6749
119000025,7623,1311,6312
119000026,152,267,-115
119000027,338,469,-131
119000028,2077,1031,1046
119000029,123,287,-164
119000030,490,947,-457
119000031,801,739,62
119000032,1944,2580,-636
119000033,2061,1473,588
119000034,966,1060,-94
119000035,32,374,-342
119000036,1377,821,556
119000037,906,1835,-929
119000038,131,860,-729
119000039,293,264,29
119000040,940,493,447
119000041,769,1042,-273
119000048,3283,3279,4
119000049,1694,2586,-892
119000050,1581,2197,-616
119000051,1769,945,824
119000052,1962,2948,-986
119000053,1981,1174,807
119000054,2915,3441,-526
119000055,3463,3268,195
119000056,2020,2063,-43
119000057,1356,2131,-775
119000058,1893,1987,-94
119000059,1196,1629,-433
119000060,1381,1177,204
119000061,946,732,214
119000062,1228,1281,-53
119000063,407,322,85
119000064,1093,1273,-180
119000065,2138,3354,-1216
119000066,1879,963,916
119000067,1911,2205,-294
119000068,1496,1090,406
119000069,1370,2391,-1021
119000070,2083,970,1113
119000071,486,660,-174
119000072,5274,2727,2547
119000073,4396,6125,-1729
119000074,1214,2767,-1553
119000075,1645,2250,-605
119000076,409,753,-344
119000077,851,373,478
119000078,436,163,273
119000079,146,524,-378
119000080,496,151,345
119000081,291,298,-7
119000082,803,208,595
119000083,404,336,68
119000084,323,389,-66
119000085,446,236,210
119000086,197,378,-181
119000087,1673,944,729
119000088,306,245,61
119000089,79,185,-106
119000090,119,139,-20
119000091,119,336,-217
119000092,465,188,277
119000093,3611,2776,835
119000094,2734,5611,-2877
119000095,1537,2648,-1111
119000097,2030,1568,462
119000098,830,2189,-1359
119000099,2475,1793,682
119000100,3033,2731,302
119000101,3599,1811,1788
119000102,943,964,-21
119000103,1588,417,1171
119000104,2601,1335,1266
119000105,914,1619,-705
119000106,328,1447,-1119
119000107,693,468,225
119000108,408,932,-524
119000109,141,379,-238
119000110,611,319,292
119000111,88,532,-444
119000112,310,100,210
119000113,2507,319,2188
119000114,773,928,-155
119000115,102,113,-11
119000116,136,76,60
119000117,116,365,-249
119000118,0,1,-1
119000123,4536,1050,3486
119000124,626,202,424
119000125,2991,904,2087
119000126,928,792,136
119000127,443,608,-165
119000128,28,3,25
119000131,814,888,-74
119000132,2,5,-3
119000133,1,3,-2
119000134,1917,613,1304
119000135,82,202,-120
119000136,217,238,-21
119000137,163,448,-285
119000138,344,355,-11
119000139,265,283,-18
119000140,180,379,-199
119000284,1331,2958,-1627
119000285,2326,2312,14
119000286,7583,5795,1788
119000287,1366,2229,-863
119000288,1902,1449,453
119000289,1961,3119,-1158
119000290,155,434,-279
119000291,8,292,-284
119000293,99,141,-42
119000294,44,24,20
119000295,1554,444,1110
119000296,214,133,81
119000302,2869,1444,1425
119000303,60,140,-80
119000310,0,0,0
119000314,1356,7904,-6548
119000315,2,424,-422
119000316,97,120,-23
119000317,80,371,-291
119900001,216,1143,-927
119900002,194,336,-142
119900003,57,1190,-1133
119900004,351,924,-573
119900005,143,114,29
119900006,193,397,-204
119900007,1125,179,946
119900008,122,34,88
119900009,640,698,-58
119900010,1324,915,409
119900011,26,99,-73
119900012,30,67,-37
119900013,1667,793,874
119900014,549,181,368
119900015,109,29,80
119900016,36,90,-54
119900017,29,48,-19
119900018,2029,686,1343
119900019,39,7,32
119900020,199,219,-20
119900021,115,80,35
119900022,139,475,-336
119900023,629,1181,-552
119900025,139,19,120
119900026,821,155,666
119900027,20,16,4
119900028,284,122,162
119900029,3,6,-3
119900030,593,528,65
119900031,92,321,-229
119900033,2015,297,1718
119900034,371,125,246
119900037,181,41,140
119900038,59,285,-226
119900039,43,13,30
119900040,135,24,111
119900041,95,56,39
119900042,119,161,-42
119900043,97,167,-70
119900044,249,673,-424
119900046,90,68,22
119900047,246,63,183
119900048,97,38,59
119900049,145,24,121
119900050,125,115,10
119900051,450,24,426
119900052,38,45,-7
119900053,154,161,-7
119900054,133,9,124
119900055,1158,437,721
119900057,206,69,137
119900058,209,4,205
119900059,144,61,83
119900060,271,29,242
119900062,47,36,11
119900063,12,64,-52
119900065,253,12,241
119900066,1,1,0
119900067,124,29,95
119900068,417,0,417
119900069,94,74,20
119900070,714,6,708
119900071,582,18,564
119900073,1745,535,1210
119900074,71,42,29
119900075,5167,2541,2626
119900076,282,355,-73
119900077,689,1010,-321
119900078,563,928,-365
119900079,202,277,-75
119900080,1483,1430,53
119900081,289,47,242
119900082,1126,290,836
119900083,378,196,182
119900084,746,274,472
119900085,90,61,29
119900087,648,346,302
119900088,42,72,-30
119900089,27,508,-481
119900090,130,61,69
119900091,47,970,-923
119900092,71,314,-243
119900093,960,227,733
119900094,50,149,-99
119900095,182,105,77
119900096,63,139,-76
119900097,551,158,393
119900098,29,46,-17
119900099,31,249,-218
119900100,2355,2279,76
119900101,300,947,-647
119900102,32,265,-233
119900103,48,343,-295
119900104,50,246,-196
119900105,896,1364,-468
119900106,15,212,-197
119900107,381,3042,-2661
119900108,1846,653,1193
119900109,43,252,-209
119900110,528,577,-49
119900111,73,367,-294
119900112,1908,545,1363
119900113,51,296,-245
119900114,265,1081,-816
119900115,259,1154,-895
119900116,199,473,-274
119900117,296,668,-372
119900118,62,980,-918
119900119,221,234,-13
119900120,607,614,-7
119900121,321,1119,-798
119900122,717,441,276
119900123,217,326,-109
119900124,193,886,-693
119900125,49,372,-323
119900126,3796,331,3465
119900127,2328,1045,1283
119900128,401,907,-506
119900129,261,539,-278
119900130,27,233,-206
119900131,34,243,-209
119900132,0,248,-248
119900133,47,91,-44
119900134,1808,248,1560
119900135,2,412,-410
119900136,169,368,-199
119900138,369,519,-150
119900139,37,93,-56
119900140,2,119,-117
119900141,160,702,-542
119900142,10,47,-37
119900143,14,168,-154
119900144,1667,209,1458
119900145,109,209,-100
119900146,221,219,2
119900147,1,122,-121
119900148,193,76,117
119900149,1330,3307,-1977
119900150,169,193,-24
119900151,1485,708,777
119900152,90,352,-262
119900153,186,97,89
119900154,32,272,-240
119900155,46,43,3
119900156,32,6,26
119900157,122,222,-100
119900158,174,98,76
119900159,31,1470,-1439
119900160,22,196,-174
119900161,225,205,20
119900162,771,1049,-278
119900163,166,129,37
119900164,0,1,-1
119900165,190,268,-78
119900166,72,46,26
119900167,91,104,-13
119900168,639,517,122
119900169,152,352,-200
119900170,198,265,-67
119900171,997,424,573
119900172,144,27,117
119900173,7,438,-431
119900174,11,220,-209
119900175,1062,736,326
119900177,36,208,-172
119900178,22,143,-121
119900179,76,365,-289
119900180,907,738,169
119900181,77,75,2
119900182,7,377,-370
119900183,169,628,-459
119900184,2393,596,1797
119900185,40,169,-129
119900186,62,772,-710
119900187,19,464,-445
119900188,83,427,-344
119900189,566,493,73
119900190,66,229,-163
119900191,361,172,189
119900192,70,178,-108
119900193,277,206,71
119900194,24,85,-61
119900195,58,195,-137
119900196,1444,469,975
119900197,191,143,48
119900198,152,244,-92
119900199,122,12,110
119900200,638,630,8
119900201,418,217,201
119900202,146,198,-52
119900203,214,495,-281
119900204,246,282,-36
119900205,583,538,45
119900206,131,146,-15
119900208,186,157,29
119900209,480,1117,-637
119900210,25,21,4
119900211,71,6,65
119900212,184,352,-168
119900213,4,73,-69
119900214,22,92,-70
119900215,43,86,-43
119900216,12,64,-52
119900217,8,65,-57
119900218,24,75,-51
119900219,3,155,-152
119900220,6,97,-91
119900221,22,341,-319
119900222,9,243,-234
119900223,27,81,-54
119900224,13,35,-22
119900225,1021,53,968
119900226,636,1767,-1131
119900227,1138,356,782
119900228,110,231,-121
119900229,384,420,-36
119900230,1715,762,953
119900231,161,189,-28
119900232,236,93,143
119900233,82,5,77
119900234,21,62,-41
119900235,15,68,-53
119900236,33,275,-242
119900237,48,482,-434
119900238,15,80,-65
119900240,97,151,-54
119900241,180,236,-56
119900242,1415,1553,-138
119900244,699,1406,-707
119900245,168,179,-11
119900246,303,513,-210
119900247,40,100,-60
119900248,67,161,-94
119900249,238,89,149
119900253,2730,381,2349
119900254,64,517,-453
119900255,140,501,-361
119900256,503,969,-466
119900257,44,9,35
119900258,123,21,102
119900259,5,131,-126
119900260,99,11,88
119900261,219,147,72
119900262,0,296,-296
119900263,932,431,501
119900264,103,223,-120
119900265,269,321,-52
119900266,306,302,4
119900267,269,502,-233
119900268,114,183,-69
119900269,845,1118,-273
119900271,12,79,-67
119900272,347,116,231
119900275,145,36,109
119900276,60,0,60
119900277,3,11,-8
119900278,258,96,162
119900279,169,292,-123
119900280,686,188,498
119900281,2,191,-189
119900282,72,73,-1
119900283,12,282,-270
119900284,49,246,-197
119900285,24,67,-43
119900286,8,56,-48
119900288,9,21,-12
119900289,1,29,-28
119900290,4,32,-28
119900291,3,87,-84
119900292,54,46,8
119900293,28,3,25
119900294,88,0,88
119900295,0,0,0
119900296,3,0,3
119900299,54,180,-126
119900300,239,150,89
119900301,110,54,56
119900302,169,72,97
119900303,188,192,-4
119900304,172,46,126
119900305,22,123,-101
119900306,18,3,15
119900307,33,102,-69
119900308,16,29,-13
119900309,35,121,-86
119900310,290,303,-13
119900311,61,153,-92
119900312,92,96,-4
119900313,256,362,-106
119900314,137,445,-308
119900315,1293,2130,-837
119900318,11,24,-13
119900319,2,287,-285
119900320,221,727,-506
119900321,72,0,72
119900322,43,101,-58
119900323,1,187,-186
119900324,23,45,-22
119900325,233,423,-190
119900326,148,91,57
120000001,6350,12330,-5980
120000002,2635,3156,-521
120000003,3474,1868,1606
120000004,2990,2688,302
120000005,5019,2247,2772
120000006,1287,1593,-306
120000007,4064,3265,799
120000008,1052,1390,-338
120000009,4023,1115,2908
120000010,1755,2823,-1068
120000011,1016,2069,-1053
120000012,1570,3251,-1681
120000013,2864,2862,2
120000014,645,1535,-890
120000015,2328,1594,734
120000016,3398,2390,1008
120000017,2650,2235,415
120000018,3986,9719,-5733
120000019,917,1367,-450
120000020,3073,3002,71
120000021,1731,2270,-539
120000022,2883,3961,-1078
120000023,918,1751,-833
120000024,1425,2389,-964
120000025,2170,2244,-74
120000026,1524,1794,-270
120000027,1802,2251,-449
120000028,715,572,143
120000029,3038,618,2420
120000030,275,763,-488
120000031,1938,5773,-3835
120000032,8419,4214,4205
120000033,4964,2114,2850
120000034,1575,1914,-339
120000035,1556,1967,-411
120000036,2555,5042,-2487
120000037,699,1501,-802
120000038,7384,3564,3820
120000039,506,864,-358
120000040,67,238,-171
120000041,1209,1386,-177
120000042,1703,2919,-1216
120000043,4562,2340,2222
120000044,4406,1772,2634
120000045,4810,1120,3690
120000046,2633,2356,277
120000047,1287,4781,-3494
120000048,7363,3785,3578
120000049,2952,2785,167
120000050,3645,4312,-667
120000051,2978,4362,-1384
120000052,9861,2648,7213
120000053,1115,3034,-1919
120000054,1329,4965,-3636
120000055,1662,5286,-3624
120000056,3626,3766,-140
120000057,2751,620,2131
120000058,2512,374,2138
120000059,35,1873,-1838
120000061,148,660,-512
120000062,175,284,-109
120000063,1812,2582,-770
120000064,201,1253,-1052
120000065,659,1763,-1104
120000066,482,586,-104
120000067,144,521,-377
120000068,239,969,-730
120000069,597,1327,-730
120000070,69,788,-719
120000071,397,208,189
120000072,679,434,245
120000073,702,80,622
120000074,198,109,89
120000075,1244,393,851
120000076,1625,430,1195
120000077,1645,667,978
120000078,3130,1151,1979
120000079,306,343,-37
120000080,214,318,-104
120000081,334,216,118
120000082,200,236,-36
120000083,146,689,-543
120000084,338,375,-37
120000085,225,307,-82
120000086,310,565,-255
120000087,161,710,-549
120000088,708,1361,-653
120000089,1025,715,310
120000090,654,556,98
120000091,772,1049,-277
120000092,1133,586,547
120000093,407,550,-143
120000094,110,602,-492
120000095,1024,550,474
120000096,241,799,-558
120000098,849,943,-94
120000099,408,932,-524
120000100,676,1151,-475
120000101,465,555,-90
120000102,457,762,-305
120000103,1294,798,496
120000104,1408,474,934
120000105,2354,722,1632
120000106,2057,649,1408
120000107,3260,663,2597
120000108,1091,144,947
120000109,917,58,859
120000110,71,1054,-983
120000111,175,1332,-1157
120000112,921,3457,-2536
120000113,638,2512,-1874
120000114,1136,3402,-2266
120000115,382,2707,-2325
120000116,818,2248,-1430
120000117,1353,1632,-279
120000118,33,19,14
120000119,35,58,-23
120000120,55,62,-7
120000121,40,44,-4
120000122,290,329,-39
120000123,5546,4359,1187
120000124,333,340,-7
120000125,419,791,-372
120000126,418,717,-299
120000127,2783,794,1989
120000128,3448,2926,522
120000129,198,341,-143
120000130,875,618,257
120000131,265,638,-373
120000134,400,1094,-694
120000135,453,431,22
120000137,243,1491,-1248
120000138,682,492,190
120000139,302,810,-508
120000140,617,564,53
120000141,267,507,-240
120000142,498,580,-82
120000143,0,98,-98
120000144,63,2,61
120000145,391,3,388
120000146,1621,805,816
120000149,649,1224,-575
120000150,3669,10982,-7313
120000151,427,505,-78
120000152,461,170,291
120000153,165,538,-373
120000154,480,461,19
120000155,79,302,-223
120000156,1012,753,259
120000157,934,624,310
120000158,946,916,30
120000159,2049,2879,-830
120000160,2321,1378,943
120000161,1729,2350,-621
120000162,107,253,-146
120000163,722,1483,-761
120000164,424,384,40
120000165,495,1007,-512
120000166,1387,687,700
120000167,59,101,-42
120000168,16,314,-298
120000169,41,861,-820
120000170,57,388,-331
120000171,10,147,-137
120000172,28,72,-44
120000173,2368,426,1942
120000174,821,20,801
120000175,481,26,455
120000176,450,28,422
120000177,1262,117,1145
120000178,122,12,110
120000179,505,32,473
120000180,781,90,691
120000181,114,478,-364
120000182,66,246,-180
120000183,18,253,-235
120000184,131,859,-728
120000186,86,185,-99
120000187,42,112,-70
120000188,271,144,127
120000190,1073,23,1050
120000191,1437,49,1388
120000192,1492,30,1462
120000193,641,8,633
120000195,82,1,81
120000196,407,43,364
120000197,105,141,-36
120000198,139,107,32
120000199,112,0,112
120000200,83,6,77
120000201,23,20,3
120000202,3,47,-44
120000203,35,238,-203
120000207,1,65,-64
120000208,8,251,-243
120000209,4,74,-70
120000210,140,103,37
120000211,77,3,74
120000212,148,0,148
120000213,79,375,-296
120000214,6,400,-394
120000215,2,152,-150
120000216,65,19,46
120000217,635,1095,-460
120000218,184,808,-624
120000219,5,492,-487
120000220,9,1730,-1721
120000225,1394,3,1391
120000226,341,4,337
120000227,765,30,735
120000228,6410,2966,3444
120000230,312,15,297
120000231,1094,2130,-1036
120000233,325,37,288
120000235,232,851,-619
120000236,940,2,938
120000237,3,1413,-1410
120000238,1,429,-428
120000241,1303,3459,-2156
120000412,1148,37,1111
120000413,177,190,-13
120000414,109,3,106
120000415,2,135,-133
120000416,96,4,92
120000417,6,51,-45
120000418,90,4,86
120000419,8,283,-275
120000420,27,52,-25
120000421,11983,6256,5727
120000422,141,927,-786
120000423,4,38,-34
120000424,74,179,-105
120000436,155,558,-403
120000437,141,159,-18
120000438,3465,361,3104
120000439,155,458,-303
120000443,246,1,245
120000444,1400,590,810
120000445,1389,1093,296
120000446,703,227,476
120000447,216,4,212
120000449,68,8,60
120000450,2,202,-200
120000451,134,200,-66
120000452,113,1,112
120000453,0,312,-312
120000454,85,34,51
120000455,119,50,69
120000456,2505,3452,-947
120000457,993,712,281
120000458,663,888,-225
120000459,66,60,6
120000665,1110,183,927
120000668,137,364,-227
120000669,45,176,-131
120000670,225,337,-112
120000671,958,380,578
120000672,122,681,-559
120900001,49,89,-40
120900002,354,399,-45
120900003,347,20,327
120900004,13,90,-77
120900005,56,778,-722
120900006,345,189,156
120900007,141,107,34
120900008,225,1301,-1076
120900009,567,40,527
120900010,361,75,286
120900011,322,177,145
120900012,473,1078,-605
120900013,307,93,214
120900014,3,492,-489
120900015,797,93,704
120900016,704,37,667
120900017,2491,132,2359
120900018,107,509,-402
120900019,537,251,286
120900020,810,1261,-451
120900021,547,198,349
120900022,24,319,-295
120900023,272,65,207
120900024,1796,599,1197
120900025,1877,1030,847
120900026,206,200,6
120900027,842,26,816
120900028,274,86,188
120900029,220,374,-154
120900030,1025,696,329
120900031,212,106,106
120900032,905,155,750
120900033,1013,68,945
120900034,33,2243,-2210
120900035,26,99,-73
120900037,249,8,241
120900038,97,208,-111
120900039,75,52,23
120900040,246,4,242
120900041,225,137,88
120900042,539,64,475
120900043,87,34,53
120900044,8,297,-289
120900045,168,124,44
120900046,318,7,311
120900047,147,82,65
120900048,104,24,80
120900049,369,8,361
120900050,1923,1173,750
120900051,289,108,181
120900052,572,9,563
120900053,243,105,138
120900054,1630,643,987
120900055,269,5,264
120900056,370,12,358
120900057,103,13,90
120900058,424,2,422
120900059,84,1,83
120900060,43,30,13
120900061,241,261,-20
120900062,221,4,217
120900063,443,6,437
120900064,463,2,461
120900065,411,0,411
120900066,270,415,-145
120900067,308,208,100
120900068,233,0,233
120900069,189,68,121
120900071,16,3,13
120900072,598,1,597
120900073,420,224,196
120900074,626,67,559
120900076,273,0,273
120900077,3217,353,2864
120900078,562,864,-302
120900079,598,136,462
120900080,550,2014,-1464
120900081,807,879,-72
120900082,650,514,136
120900083,101,30,71
120900084,261,372,-111
120900085,88,154,-66
120900086,109,273,-164
120900087,337,294,43
120900088,192,352,-160
120900089,3903,2030,1873
120900090,157,143,14
120900091,585,795,-210
120900092,1640,641,999
120900093,2568,218,2350
120900094,506,183,323
120900095,488,31,457
120900096,41,201,-160
120900097,769,807,-38
120900098,407,200,207
120900099,80,68,12
120900100,124,286,-162
120900101,953,361,592
120900102,43,95,-52
120900103,65,228,-163
120900104,22,62,-40
120900105,33,662,-629
120900106,1645,589,1056
120900107,304,174,130
120900108,4,773,-769
120900109,53,761,-708
120900110,8,818,-810
120900111,189,402,-213
120900112,13,997,-984
120900113,36,939,-903
120900114,68,197,-129
120900115,163,242,-79
120900116,297,497,-200
120900117,4,566,-562
120900118,7,910,-903
120900119,3248,5440,-2192
120900120,77,665,-588
120900121,217,591,-374
120900122,383,565,-182
120900123,2,494,-492
120900124,0,689,-689
120900125,18,950,-932
120900126,1936,1393,543
120900127,9,468,-459
120900128,1437,1690,-253
120900129,48,369,-321
120900130,14,501,-487
120900131,67,71,-4
120900132,626,319,307
120900133,227,1092,-865
120900134,920,439,481
120900135,6,700,-694
120900136,47,55,-8
120900137,205,98,107
120900138,44,230,-186
120900139,4,762,-758
120900140,6,72,-66
120900141,225,174,51
120900142,32,667,-635
120900143,5,914,-909
120900144,0,173,-173
120900145,252,889,-637
120900146,6,1227,-1221
120900147,0,481,-481
120900148,109,124,-15
120900149,0,412,-412
120900150,56,710,-654
120900151,1,642,-641
120900152,0,48,-48
120900153,26,98,-72
120900154,1,317,-316
120900155,186,1196,-1010
120900156,18,191,-173
120900157,49,259,-210
120900158,71,660,-589
120900159,135,345,-210
120900160,40,696,-656
120900161,20,517,-497
120900162,11,576,-565
120900163,21,398,-377
120900164,3,1,2
120900165,2,14,-12
120900166,118,239,-121
120900167,333,163,170
120900169,70,486,-416
120900170,1677,2231,-554
120900171,1180,363,817
120900172,1601,533,1068
120900173,0,43,-43
120900174,6,117,-111
120900175,318,204,114
120900176,11,312,-301
120900177,1,920,-919
120900178,0,401,-401
120900179,1225,581,644
120900180,115,126,-11
120900181,91,58,33
120900182,16,280,-264
120900183,225,63,162
120900184,151,63,88
120900185,5,326,-321
120900186,1,548,-547
120900187,434,924,-490
120900188,118,23,95
120900189,157,1080,-923
120900190,69,25,44
120900191,3,25,-22
120900192,11622,5644,5978
120900194,24,85,-61
120900195,155,291,-136
120900196,644,26,618
120900197,578,125,453
120900198,293,588,-295
120900199,344,432,-88
120900200,56,134,-78
120900201,551,186,365
120900202,1,168,-167
120900203,54,102,-48
120900204,182,295,-113
120900205,51,65,-14
120900206,17,34,-17
120900207,81,1416,-1335
121000001,756,979,-223
121000002,2228,1486,742
121000003,2943,1846,1097
121000004,2907,4174,-1267
121000005,2094,2666,-572
121000006,3469,1547,1922
121000007,2644,2665,-21
121000008,5662,3185,2477
121000009,5735,5582,153
121000010,8661,5549,3112
121000011,9326,11939,-2613
121000012,17038,10145,6893
121000013,4811,7055,-2244
121000014,6458,6258,200
121000015,4414,6736,-2322
121000016,4561,3365,1196
121000017,2156,3748,-1592
121000018,2410,1630,780
121000019,17415,11795,5620
121000020,11789,13350,-1561
121000021,3362,2875,487
121000022,2413,2347,66
121000023,4642,3042,1600
121000024,4146,4650,-504
121000025,552,1384,-832
121000026,299,133,166
121000027,1365,1107,258
121000028,739,490,249
121000029,1173,667,506
121000030,622,392,230
121000031,625,625,0
121000032,228,95,133
121000034,497,206,291
121000035,206,104,102
121000036,1088,935,153
121000037,566,491,75
121000038,668,804,-136
121000039,368,496,-128
121000041,680,485,195
121000042,280,370,-90
121000043,798,543,255
121000044,1563,889,674
121000045,427,298,129
121000046,669,874,-205
121000047,521,86,435
121000049,2173,536,1637
121000050,370,1022,-652
121000051,858,299,559
121000052,614,568,46
121000053,381,87,294
121000054,37,367,-330
121000055,1172,1081,91
121000056,739,1015,-276
121000057,326,489,-163
121000058,413,219,194
121000059,2101,1497,604
121000060,636,1140,-504
121000061,167,270,-103
121000062,217,307,-90
121000063,945,716,229
121000064,644,874,-230
121000065,439,540,-101
121000066,738,571,167
121000067,854,515,339
121000068,782,463,319
121000069,1052,723,329
121000070,2169,1230,939
121000071,1497,1205,292
121000072,1569,721,848
121000073,1238,855,383
121000074,136,157,-21
121000075,80,391,-311
121000076,1585,403,1182
121000077,127,158,-31
121000078,111,156,-45
121000080,2261,622,1639
121000081,3872,2878,994
121000082,107,279,-172
121000083,206,175,31
121000084,178,156,22
121000085,270,551,-281
121000086,181,762,-581
121000087,67,302,-235
121000088,429,640,-211
121000089,440,356,84
121000090,514,354,160
121000091,1624,897,727
121000092,206,98,108
121000093,172,245,-73
121000094,508,698,-190
121000095,333,569,-236
121000096,2224,2387,-163
121000097,1123,1970,-847
121000098,591,1009,-418
121000099,719,765,-46
121000100,921,466,455
121000101,329,270,59
121000102,346,296,50
121000103,169,250,-81
121000104,173,166,7
121000105,348,244,104
121000106,331,350,-19
121000107,2062,3292,-1230
121000109,1419,1099,320
121000110,455,640,-185
121000114,2623,2047,576
121000115,966,730,236
121000116,303,829,-526
121000117,774,277,497
121000118,1257,258,999
121000119,364,398,-34
121000120,279,429,-150
121000121,665,939,-274
121000123,1861,529,1332
121000127,164,97,67
121000128,907,491,416
121000129,780,526,254
121000130,583,765,-182
121000131,2468,1727,741
121000132,1755,1501,254
121000135,380,288,92
121000136,2075,727,1348
121000137,503,254,249
121000138,1433,826,607
121000139,749,194,555
121000141,248,152,96
121000142,989,873,116
121000143,137,26,111
121000144,920,1683,-763
121000145,605,1061,-456
121000146,1221,720,501
121000147,996,458,538
121000148,948,1017,-69
121000149,2053,1293,760
121000152,467,531,-64
121000153,1595,651,944
121000154,788,690,98
121000155,1296,1105,191
121000156,490,955,-465
121000157,1181,2156,-975
121000158,374,532,-158
121000159,183,511,-328
121000160,277,520,-243
121000161,182,342,-160
121000162,123,218,-95
121000165,1465,1779,-314
121000166,34,901,-867
121000168,384,267,117
121000169,106,168,-62
121000170,240,107,133
121000171,80,133,-53
121000172,665,548,117
121000173,1278,1122,156
121000174,361,485,-124
121000175,858,438,420
121000176,417,273,144
121000177,946,579,367
121000178,134,75,59
121000179,165,64,101
121000181,466,475,-9
121000182,125,199,-74
121000183,52,75,-23
121000184,187,78,109
121000185,24,145,-121
121000186,231,428,-197
121000187,164,207,-43
121000188,176,210,-34
121000192,751,332,419
121000193,670,483,187
121000194,2437,2144,293
121000195,253,883,-630
121000196,712,234,478
121000197,307,567,-260
121000198,222,81,141
121000199,112,310,-198
121000200,401,80,321
121000201,2,201,-199
121000202,831,112,719
121000203,936,2002,-1066
121000204,2373,740,1633
121000205,224,236,-12
121000206,143,47,96
121000207,2317,375,1942
121000208,6,316,-310
121000209,354,331,23
121000210,507,355,152
121000211,265,134,131
121000212,299,607,-308
121000213,7754,2803,4951
121000214,675,2280,-1605
121000215,1058,794,264
121000216,466,567,-101
121000217,4621,2705,1916
121000218,465,1432,-967
121000219,1814,383,1431
121000220,245,61,184
121000221,198,181,17
121000222,2549,2100,449
121000223,785,386,399
121000224,411,200,211
121000225,2118,1257,861
121000226,5275,1060,4215
121000227,13,172,-159
121000228,34,563,-529
121000229,280,332,-52
121000230,77,1504,-1427
121000231,829,53,776
121000232,332,285,47
121000233,553,335,218
121000234,17,38,-21
121000235,67,75,-8
121000236,17,47,-30
121000237,63,11,52
121000238,6,96,-90
121000239,50,3,47
121000240,17,173,-156
121000241,171,12,159
121000242,47,204,-157
121000243,375,133,242
121000244,11,59,-48
121000245,92,26,66
121000246,8,66,-58
121000247,123,9,114
121000248,1288,406,882
121000249,140,231,-91
121000250,800,138,662
121000251,16,468,-452
121000252,84,43,41
121000253,544,430,114
121000254,624,225,399
121000255,312,143,169
121000256,688,191,497
121000257,77,72,5
121000258,138,38,100
121000259,82,55,27
121000260,175,103,72
121000261,225,71,154
121000262,947,1075,-128
121000263,521,523,-2
121000271,272,1503,-1231
121000273,139,4,135
121000274,23,31,-8
121000275,2,18,-16
121000276,3,9,-6
121000278,40,47,-7
121000279,88,17,71
121000280,96,43,53
121000289,220,24,196
121000290,1175,862,313
121000294,182,116,66
121000297,896,1179,-283
121000299,326,315,11
121000300,677,639,38
121000302,85,821,-736
121000303,407,327,80
121000304,420,53,367
121000305,156,42,114
121000306,88,95,-7
121000308,159,341,-182
121000309,440,546,-106
121000310,89,290,-201
121000311,66,790,-724
121000312,253,162,91
121000313,322,534,-212
121000314,135,126,9
121000315,73,148,-75
121000530,1363,1268,95
121000531,1799,1394,405
121000532,6100,6559,-459
121000533,2811,3143,-332
121000918,123,185,-62
121000919,70,48,22
121000938,178,147,31
121000939,237,146,91
121000956,1379,1181,198
121000957,6,16,-10
121000958,133,29,104
121000959,687,818,-131
121000960,2916,2029,887
121000961,228,128,100
121000962,183,626,-443
121000973,1,121,-120
121000976,38,181,-143
121000979,328,123,205
121000981,362,271,91
121000982,296,122,174
121000983,476,435,41
121000984,48,58,-10
121000985,663,576,87
121000986,281,206,75
121000987,214,1043,-829
121000988,605,100,505
121001302,354,114,240
121001308,4,13,-9
121001309,73,103,-30
121001313,204,235,-31
121001314,2634,3320,-686
121001315,3956,2348,1608
121900001,88,172,-84
121900002,59,27,32
121900003,411,18,393
121900004,146,310,-164
121900005,68,36,32
121900006,108,34,74
121900007,1766,2590,-824
121900008,2192,738,1454
121900009,461,26,435
121900010,252,8,244
121900011,276,359,-83
121900012,7,0,7
121900013,1512,71,1441
121900014,1069,410,659
121900015,215,183,32
121900016,10,53,-43
121900017,402,400,2
121900018,385,14,371
121900019,358,241,117
121900020,15,0,15
121900021,744,29,715
121900022,266,210,56
121900023,150,269,-119
121900024,376,133,243
121900025,597,406,191
121900026,342,63,279
121900027,293,128,165
121900028,180,18,162
121900029,118,189,-71
121900030,416,491,-75
121900031,1020,5481,-4461
121900032,103,114,-11
121900033,152,172,-20
121900034,318,105,213
121900035,2460,1990,470
121900036,65,301,-236
121900037,153,560,-407
121900038,23,135,-112
121900039,382,58,324
121900040,59,83,-24
121900041,84,175,-91
121900042,341,110,231
121900043,1,0,1
121900044,148,46,102
121900046,281,258,23
121900047,163,50,113
121900048,39,150,-111
121900050,39,52,-13
121900051,122,177,-55
121900052,143,37,106
121900053,476,312,164
121900054,448,838,-390
121900055,14,19,-5
121900058,165,156,9
121900059,361,159,202
121900060,121,271,-150
121900061,786,152,634
121900062,174,89,85
121900063,1115,365,750
121900064,280,550,-270
121900066,53,18,35
121900067,42,47,-5
121900069,184,147,37
121900070,260,87,173
121900071,300,229,71
121900072,54,208,-154
121900073,270,209,61
121900074,600,831,-231
121900075,575,473,102
121900076,370,492,-122
121900077,12,31,-19
121900078,142,15,127
121900079,0,0,0
121900080,837,402,435
121900082,64,104,-40
121900084,10,178,-168
121900085,1,15,-14
121900086,21,35,-14
121900087,172,88,84
121900088,1950,3052,-1102
121900089,181,334,-153
121900090,28,91,-63
121900091,41,151,-110
121900092,62,78,-16
121900093,63,75,-12
121900094,23,6,17
121900095,196,117,79
121900096,1269,621,648
121900097,541,134,407
121900098,8,5,3
121900099,194,56,138
121900100,261,405,-144
121900101,110,137,-27
121900102,18,158,-140
121900103,883,202,681
121900104,1318,318,1000
121900105,229,131,98
121900106,11,5,6
121900107,36,31,5
121900108,4,32,-28
121900109,293,139,154
121900110,357,876,-519
121900111,1117,169,948
121900112,202,110,92
121900113,61,296,-235
121900114,73,104,-31
121900117,382,58,324
121900118,1753,541,1212
121900119,159,133,26
121900120,39,1535,-1496
121900121,553,42,511
121900122,28,57,-29
121900123,176,429,-253
121900124,106,142,-36
121900125,1609,1113,496
121900127,6,82,-76
121900128,83,110,-27
121900129,719,220,499
121900130,134,273,-139
121900131,276,97,179
121900132,45,86,-41
121900133,71,634,-563
121900134,33,130,-97
121900135,1900,287,1613
121900136,242,365,-123
121900137,47,339,-292
121900138,84,147,-63
121900139,319,398,-79
121900140,58,153,-95
121900141,53,37,16
121900142,156,110,46
121900143,9,146,-137
121900144,148,287,-139
121900145,149,216,-67
121900146,622,779,-157
121900147,83,202,-119
121900148,207,281,-74
121900149,285,590,-305
121900150,48,133,-85
121900151,87,250,-163
121900152,82,143,-61
121900153,97,606,-509
121900154,36,195,-159
121900155,1,160,-159
121900156,167,114,53
121900157,8,415,-407
121900158,89,110,-21
121900159,0,272,-272
121900160,49,244,-195
121900161,465,376,89
121900162,87,148,-61
121900163,256,564,-308
121900164,489,199,290
121900165,306,164,142
121900166,273,155,118
121900167,108,92,16
121900168,161,183,-22
121900169,0,219,-219
121900170,4,214,-210
121900171,721,570,151
121900172,492,270,222
121900173,931,210,721
121900174,40,65,-25
121900175,184,156,28
121900176,559,1372,-813
121900177,192,62,130
121900178,58,47,11
121900179,261,153,108
121900180,3877,4060,-183
121900182,680,266,414
121900183,709,733,-24
121900184,56,514,-458
121900186,4,243,-239
121900187,44,168,-124
121900188,426,521,-95
121900189,32,146,-114
121900190,273,466,-193
121900191,76,197,-121
121900192,373,642,-269
121900193,54,138,-84
121900194,2,107,-105
121900195,78,95,-17
121900196,844,1060,-216
121900197,297,1511,-1214
121900198,1094,899,195
121900199,3,20,-17
121900200,90,248,-158
121900201,965,711,254
121900202,168,586,-418
121900203,229,964,-735
121900204,901,1064,-163
121900205,13,102,-89
121900206,6,17,-11
121900207,131,33,98
121900208,319,231,88
121900209,80,32,48
121900210,1115,1002,113
121900211,259,393,-134
121900212,116,109,7
121900213,152,98,54
121900214,5,494,-489
121900215,38,77,-39
121900216,51,126,-75
121900217,216,142,74
121900218,169,398,-229
121900220,164,6,158
121900221,228,715,-487
121900222,169,171,-2
121900223,162,39,123
121900224,64,45,19
121900225,140,68,72
121900226,241,1202,-961
121900227,180,481,-301
121900228,208,314,-106
121900230,76,279,-203
121900231,551,1963,-1412
121900232,262,339,-77
121900233,174,199,-25
121900234,252,203,49
121900235,555,163,392
121900236,345,160,185
121900237,191,262,-71
121900238,133,239,-106
121900239,156,40,116
121900240,260,111,149
121900241,29,66,-37
121900242,8,0,8
121900243,10,4,6
121900244,40,6,34
121900245,174,87,87
121900246,1801,374,1427
121900247,256,241,15
121900248,1220,983,237
121900250,308,300,8
121900251,259,35,224
121900252,505,116,389
121900253,253,944,-691
121900254,574,230,344
121900255,294,73,221
121900258,2879,2271,608
121900259,384,599,-215
121900260,131,153,-22
121900261,212,535,-323
121900262,406,894,-488
121900263,240,225,15
121900264,1704,1522,182
121900265,249,266,-17
121900266,387,137,250
121900267,61,22,39
121900269,191,519,-328
121900270,21,177,-156
121900271,41,156,-115
121900273,439,1701,-1262
121900274,223,241,-18
121900277,509,982,-473
121900278,127,782,-655
121900279,132,162,-30
121900280,201,268,-67
121900281,544,492,52
121900284,73,14,59
121900286,185,134,51
121900287,10,29,-19
121900288,5,0,5
121900290,215,304,-89
121900291,367,591,-224
121900292,126,102,24
121900293,965,2720,-1755
121900294,263,6,257
121900295,140,215,-75
121900296,78,144,-66
121900298,209,580,-371
121900299,0,2,-2
121900300,192,8,184
121900301,75,7,68
121900302,0,33,-33
121900303,391,289,102
121900304,3,13,-10
121900305,9,4,5
121900306,113,1,112
121900307,82,10,72
121900308,31,260,-229
121900309,16,219,-203
121900310,40,410,-370
121900311,327,37,290
121900312,303,11,292
121900313,351,25,326
121900314,7,39,-32
121900315,3,1,2
121900316,0,7,-7
121900317,6,4,2
121900318,2,20,-18
121900319,30,113,-83
121900320,40,95,-55
121900321,21,6,15
121900322,4,37,-33
121900323,15,17,-2
121900324,7,55,-48
121900325,11,6,5
121900326,2,22,-20
121900327,15,65,-50
121900328,0,43,-43
121900329,0,256,-256
121900330,0,14,-14
121900331,60,6,54
121900332,71,32,39
121900333,38,3,35
121900334,63,68,-5
122000001,2251,4228,-1977
122000002,4355,1648,2707
122000003,2142,2540,-398
122000004,3269,1586,1683
122000005,2605,1642,963
122000006,2023,868,1155
122000007,1422,1840,-418
122000008,4689,4964,-275
122000009,463,336,127
122000010,2124,2658,-534
122000011,3369,1518,1851
122000012,1317,1418,-101
122000013,1503,1025,478
122000014,1465,1302,163
122000015,1479,1051,428
122000016,529,858,-329
122000017,1066,1084,-18
122000018,1429,1114,315
122000019,745,1115,-370
122000020,207,224,-17
122000021,392,457,-65
122000022,1137,1103,34
122000023,698,1857,-1159
122000024,767,1142,-375
122000025,1307,1534,-227
122000026,1391,974,417
122000027,606,2637,-2031
122000028,909,540,369
122000029,455,434,21
122000030,342,131,211
122000031,190,251,-61
122000032,1615,2042,-427
122000033,798,1201,-403
122000034,835,652,183
122000035,303,839,-536
122000036,533,512,21
122000037,322,218,104
122000038,199,324,-125
122000039,697,444,253
122000040,291,330,-39
122000041,546,535,11
122000042,349,395,-46
122000043,101,94,7
122000044,139,149,-10
122000045,1260,441,819
122000046,744,776,-32
122000047,267,248,19
122000048,3451,4213,-762
122000049,5598,2697,2901
122000050,1626,808,818
122000051,347,307,40
122000052,485,350,135
122000053,171,676,-505
122000054,2346,1844,502
122000055,2442,2599,-157
122000056,4785,3650,1135
122000057,3451,3339,112
122000058,3126,1172,1954
122000059,2932,1650,1282
122000060,814,659,155
122000061,648,459,189
122000062,1220,336,884
122000063,1453,692,761
122000064,3325,2473,852
122000065,4436,2391,2045
122000066,1073,918,155
122000067,1640,1081,559
122000068,1231,1067,164
122000069,728,624,104
122000070,691,2022,-1331
122000071,1279,1160,119
122000072,326,364,-38
122000073,400,590,-190
122000074,2697,1530,1167
122000075,757,1279,-522
122000076,2288,1143,1145
122000077,1280,720,560
122000078,2618,2352,266
122000079,1668,1045,623
122000080,1022,423,599
122000081,213,269,-56
122000082,1023,848,175
122000083,1339,2389,-1050
122000084,1270,843,427
122000085,289,1271,-982
122000086,1955,4463,-2508
122000087,437,182,255
122000088,374,400,-26
122000089,5497,2347,3150
122000090,201,397,-196
122000091,307,55,252
122000092,220,28,192
122000093,1856,1291,565
122000094,5695,1858,3837
122000095,2745,3108,-363
122000096,2167,1625,542
122000098,3122,1871,1251
122000099,2113,612,1501
122000100,897,637,260
122000101,361,691,-330
122000102,1809,1111,698
122000103,2176,1552,624
122000104,399,177,222
122000105,623,278,345
122000106,480,590,-110
122000107,937,435,502
122000108,510,748,-238
122000109,399,306,93
122000110,469,571,-102
122000111,2669,1222,1447
122000112,836,1323,-487
122000113,596,603,-7
122000114,3276,1293,1983
122000115,1896,1287,609
122000116,513,627,-114
122000117,1144,498,646
122000118,475,734,-259
122000119,3499,2364,1135
122000120,2516,4329,-1813
122000121,2929,2795,134
122000122,758,1754,-996
122000123,2096,2134,-38
122000124,1080,750,330
122000125,747,876,-129
122000126,645,1561,-916
122000127,1260,1437,-177
122000128,552,724,-172
122000129,420,1285,-865
122000130,3166,1527,1639
122000131,1694,1457,237
122000132,807,603,204
122000133,913,1264,-351
122000134,897,745,152
122000135,757,734,23
122000136,868,698,170
122000137,1419,889,530
122000139,1333,3134,-1801
122000140,1069,667,402
122000141,3714,847,2867
122000142,342,683,-341
122000143,566,599,-33
122000144,1963,1460,503
122000145,1534,924,610
122000146,602,1011,-409
122000147,789,431,358
122000148,2250,1815,435
122000149,2179,1556,623
122000150,1247,914,333
122000151,227,400,-173
122000152,409,451,-42
122000153,436,281,155
122000154,287,146,141
122000155,1418,2270,-852
122000156,2463,2272,191
122000157,1642,1691,-49
122000158,446,638,-192
122000159,1034,1526,-492
122000160,4488,2524,1964
122000161,1259,1000,259
122000162,2248,1960,288
122000163,290,92,198
122000164,38,73,-35
122000165,880,632,248
122000166,1073,967,106
122000167,273,253,20
122000168,196,482,-286
122000169,557,181,376
122000170,330,272,58
122000171,52,101,-49
122000172,1462,1340,122
122000173,1471,2277,-806
122000174,2576,790,1786
122000175,1262,374,888
122000176,339,742,-403
122000177,1514,1471,43
122000178,2760,2237,523
122000179,1509,2309,-800
122000180,1803,1238,565
122000181,1973,3176,-1203
122000182,2036,1528,508
122000183,1937,962,975
122000184,2994,1953,1041
122000185,1436,1379,57
122000186,498,779,-281
122000187,1504,948,556
122000188,369,192,177
122000189,264,302,-38
122000190,956,983,-27
122000191,755,635,120
122000192,1086,306,780
122000193,433,572,-139
122000194,693,196,497
122000195,158,512,-354
122000196,1106,512,594
122000197,530,584,-54
122000198,486,851,-365
122000199,367,337,30
122000200,1063,559,504
122000201,1402,1309,93
122000202,1366,1350,16
122000203,2575,1358,1217
122000204,1749,1968,-219
122000205,1564,1372,192
122000206,2124,779,1345
122000207,1951,1138,813
122000208,2243,1402,841
122000209,1709,392,1317
122000210,2242,1470,772
122000211,1383,875,508
122000212,797,534,263
122000213,1111,1439,-328
122000214,1946,1634,312
122000215,1695,1572,123
122000217,1640,1248,392
122000218,621,58,563
122000219,1255,898,357
122000220,422,739,-317
122000221,70,355,-285
122000222,580,148,432
122000223,1391,532,859
122000225,726,297,429
122000226,2555,1638,917
122000227,342,2275,-1933
122000228,489,362,127
122000229,41,533,-492
122000230,116,462,-346
122000231,313,814,-501
122000232,722,958,-236
122000233,1,91,-90
122000234,419,122,297
122000235,1205,190,1015
122000236,1103,154,949
122000237,159,76,83
122000238,406,340,66
122000239,656,155,501
122000240,1029,617,412
122000241,1570,493,1077
122000242,827,136,691
122000243,368,66,302
122000244,99,448,-349
122000245,87,262,-175
122000246,361,159,202
122000247,576,650,-74
122000248,1186,1743,-557
122000249,1068,817,251
122000250,2167,1183,984
122000251,282,577,-295
122000252,608,145,463
122000253,55,274,-219
122000254,260,131,129
122000255,842,1705,-863
122000256,442,1096,-654
122000257,202,292,-90
122000258,284,270,14
122000259,12,386,-374
122000260,2,93,-91
122000261,10,226,-216
122000262,0,59,-59
122000263,358,133,225
122000264,1044,443,601
122000265,2237,823,1414
122000266,4485,637,3848
122000267,153,118,35
122000268,156,318,-162
122000269,893,288,605
122000270,842,197,645
122000271,338,877,-539
122000272,366,925,-559
122000273,608,395,213
122000274,210,193,17
122000275,183,220,-37
122000276,876,500,376
122000277,1167,1339,-172
122000278,1752,793,959
122000279,214,512,-298
122000280,808,754,54
122000281,792,686,106
122000282,250,178,72
122000283,764,93,671
122000284,191,75,116
122000285,822,107,715
122000286,145,184,-39
122000287,1488,1346,142
122000288,686,238,448
122000291,1616,718,898
122000293,256,317,-61
122000294,136,232,-96
122000295,1301,225,1076
122000296,46,592,-546
122000297,2350,2612,-262
122000299,437,341,96
122000300,440,501,-61
122000301,9308,3048,6260
122000302,812,1482,-670
122000303,3131,1507,1624
122000304,114,267,-153
122000305,1020,292,728
122000306,23,719,-696
122000307,161,155,6
122000309,70,74,-4
122000310,32,91,-59
122000311,294,157,137
122000312,182,121,61
122000313,157,44,113
122000314,89,202,-113
122000315,284,60,224
122000316,672,257,415
122000317,1218,254,964
122000318,274,701,-427
122000319,223,371,-148
122000320,482,1599,-1117
122000321,89,199,-110
122000322,2296,2101,195
122000323,1566,2014,-448
122000324,1105,1145,-40
122000325,879,1577,-698
122000326,72,120,-48
122000327,557,931,-374
122000328,1065,755,310
122000330,1870,797,1073
122000332,264,415,-151
122000333,9,96,-87
122000337,936,1454,-518
122000338,386,430,-44
122000340,356,358,-2
122000342,1692,964,728
122000343,454,1061,-607
122000344,63,20,43
122000345,213,48,165
122000346,365,549,-184
122000348,666,683,-17
122000349,114,661,-547
122000351,112,153,-41
122000352,487,131,356
122000353,107,94,13
122000355,181,234,-53
122000356,1395,1049,346
122000357,114,29,85
122000358,1,55,-54
122000359,0,41,-41
122000360,0,40,-40
122000362,12,84,-72
122000364,153,326,-173
122000365,3,69,-66
122000366,14,3,11
122000368,452,675,-223
122000370,39,52,-13
122000371,43,0,43
122000372,15,1,14
122000381,88,303,-215
122000382,89,235,-146
122000384,3041,1476,1565
122000385,78,0,78
122000386,504,1161,-657
122000387,581,531,50
122000388,1381,640,741
122000389,193,598,-405
122000390,487,257,230
122000391,369,157,212
122000392,156,175,-19
122000393,434,166,268
122000394,661,329,332
122000395,207,218,-11
122000396,361,111,250
122000397,47,65,-18
122000398,23,50,-27
122000399,165,73,92
122000400,157,392,-235
122000401,137,96,41
122000402,230,98,132
122000403,479,877,-398
122000404,146,343,-197
122000408,906,1066,-160
122000503,23,69,-46
122000524,163,124,39
122000544,91,2685,-2594
122000616,395,2,393
122000640,68,159,-91
122000641,116,358,-242
122000642,1565,1081,484
122000643,56,143,-87
122000644,168,28,140
122000645,117,219,-102
122000651,1625,819,806
122000664,155,66,89
122000665,1249,582,667
122000666,662,1080,-418
122000673,66,281,-215
122000674,178,105,73
122000675,1858,1015,843
122000686,489,1009,-520
122000687,1485,372,1113
122000688,352,633,-281
122000689,923,570,353
122000690,1740,645,1095
122000691,549,1870,-1321
122000692,1369,463,906
122000693,498,1572,-1074
122000695,331,373,-42
122000696,359,308,51
122000698,331,636,-305
122000699,231,59,172
122000701,1312,357,955
122000702,489,1288,-799
122000703,132,45,87
122000712,0,0,0
122000717,134,60,74
122000718,340,687,-347
122000719,123,101,22
122000720,466,310,156
122000724,134,22,112
122900001,35,10,25
122900002,1268,4255,-2987
122900003,423,67,356
122900004,535,37,498
122900005,123,30,93
122900006,1309,248,1061
122900007,152,102,50
122900008,848,55,793
122900009,812,441,371
122900010,217,157,60
122900012,186,290,-104
122900014,192,315,-123
122900015,1735,790,945
122900016,137,229,-92
122900017,395,693,-298
122900018,170,14,156
122900019,9,128,-119
122900020,418,372,46
122900021,25,605,-580
122900022,770,801,-31
122900023,530,241,289
122900024,173,126,47
122900025,31,188,-157
122900026,55,308,-253
122900027,77,698,-621
122900028,173,186,-13
122900029,4101,2673,1428
122900030,1014,605,409
122900031,100,251,-151
122900032,100,391,-291
122900033,341,129,212
122900034,3703,4624,-921
122900035,17,25,-8
122900036,75,84,-9
122900037,338,126,212
122900038,148,2899,-2751
122900039,129,467,-338
122900040,377,391,-14
122900041,361,228,133
122900042,179,265,-86
122900043,351,168,183
122900044,89,331,-242
122900045,116,89,27
122900046,215,126,89
122900047,201,185,16
122900048,53,215,-162
122900049,1413,138,1275
122900051,90,104,-14
122900052,89,203,-114
122900053,29,25,4
122900055,391,142,249
122900057,281,71,210
122900061,517,219,298
122900062,550,803,-253
122900063,192,339,-147
122900064,1295,440,855
122900065,509,262,247
122900066,671,397,274
122900067,1041,722,319
122900068,139,285,-146
122900069,277,1794,-1517
122900070,409,47,362
122900071,164,399,-235
122900072,19,544,-525
122900073,38,251,-213
122900074,812,645,167
122900075,0,79,-79
122900076,12,190,-178
122900077,7,170,-163
122900078,248,121,127
122900080,47,51,-4
122900081,312,177,135
122900082,833,258,575
122900083,245,210,35
122900084,7,200,-193
122900086,7,97,-90
122900087,331,430,-99
122900088,35,184,-149
122900089,27,104,-77
122900090,16,405,-389
122900091,217,2,215
122900092,0,154,-154
122900093,0,248,-248
122900094,3,176,-173
122900095,162,9,153
122900096,286,161,125
122900097,42,40,2
122900098,95,94,1
122900099,54,13,41
122900100,659,174,485
122900101,587,273,314
122900102,22,31,-9
122900103,130,12,118
122900104,129,20,109
122900105,17,12,5
122900106,6,84,-78
122900107,4,217,-213
122900108,5,215,-210
123000001,1520,382,1138
123000002,3716,4124,-408
123000003,3584,3287,297
123000004,3023,3846,-823
123000005,2506,2624,-118
123000006,2382,2414,-32
123000007,3570,2620,950
123000008,2500,3031,-531
123000009,4515,2948,1567
123000010,3253,3509,-256
123000011,2465,760,1705
123000012,888,2089,-1201
123000013,3429,894,2535
123000014,1004,3239,-2235
123000015,3842,1091,2751
123000016,4426,3412,1014
123000017,2968,1980,988
123000018,50,165,-115
123000019,247,250,-3
123000020,139,93,46
123000021,69,350,-281
123000022,370,2694,-2324
123000023,1373,1426,-53
123000024,1363,572,791
123000025,215,220,-5
123000026,40,59,-19
123000027,815,356,459
123000028,1908,352,1556
123000029,2194,534,1660
123000030,322,384,-62
123000031,149,291,-142
123000032,288,209,79
123000033,265,85,180
123000034,1293,1188,105
123000035,386,376,10
123000036,263,780,-517
123000037,234,241,-7
123000038,76,240,-164
123000039,387,1085,-698
123000040,842,308,534
123000041,1273,1050,223
123000042,966,656,310
123000043,3029,7110,-4081
123000044,4532,2408,2124
123000045,8345,2680,5665
123000046,755,1150,-395
123000047,2226,1128,1098
123000048,61,497,-436
123000049,6052,7135,-1083
123000050,1268,1386,-118
123000051,112,188,-76
123000052,796,3041,-2245
123000053,2698,3227,-529
123000054,1193,1327,-134
123000055,1062,1681,-619
123000056,1268,1597,-329
123000057,12615,6549,6066
123000058,682,821,-139
123000059,470,468,2
123000060,800,365,435
123000061,206,605,-399
123000063,802,931,-129
123000064,878,232,646
123000065,4946,2813,2133
123000066,784,610,174
123000067,982,659,323
123000068,2456,2885,-429
123000069,6833,3368,3465
123000070,321,637,-316
123000071,855,1028,-173
123000072,979,993,-14
123000073,1005,698,307
123000074,1031,1309,-278
123000075,272,995,-723
123000076,759,833,-74
123000077,2077,2883,-806
123000078,1644,1826,-182
123000079,1263,1928,-665
123000080,2001,2005,-4
123000081,152,366,-214
123000082,429,957,-528
123000083,943,202,741
123000084,572,568,4
123000085,213,94,119
123000086,521,254,267
123000087,270,387,-117
123000088,1052,845,207
123000089,450,1060,-610
123000090,1130,1017,113
123000091,1496,1513,-17
123000092,998,1180,-182
123000094,491,283,208
123000095,480,552,-72
123000096,613,376,237
123000097,482,784,-302
123000098,660,549,111
123000099,548,741,-193
123000100,581,646,-65
123000101,640,585,55
123000102,531,526,5
123000104,372,444,-72
123000105,467,528,-61
123000106,488,396,92
123000107,360,566,-206
123000108,633,1246,-613
123000111,800,310,490
123000112,974,633,341
123000113,577,1332,-755
123000114,477,585,-108
123000115,276,287,-11
123000116,27,104,-77
123000117,1547,1843,-296
123000118,406,881,-475
123000119,262,855,-593
123000120,440,756,-316
123000121,515,564,-49
123000122,281,217,64
123000123,461,576,-115
123000124,448,475,-27
123000125,988,1060,-72
123000126,1366,3185,-1819
123000127,913,680,233
123000128,323,295,28
123000129,620,189,431
123000130,520,103,417
123000131,690,668,22
123000132,389,556,-167
123000133,348,339,9
123000134,374,156,218
123000135,1895,1154,741
123000136,268,896,-628
123000137,99,296,-197
123000138,93,407,-314
123000139,385,111,274
123000140,115,775,-660
123000141,755,123,632
123000142,965,997,-32
123000143,1488,2068,-580
123000144,27,24,3
123000145,229,150,79
123000146,30,97,-67
123000147,80,116,-36
123000149,388,343,45
123000150,158,199,-41
123000151,297,421,-124
123000152,117,423,-306
123000153,160,590,-430
123000154,1847,1864,-17
123000155,2382,1029,1353
123000156,34,124,-90
123000157,649,839,-190
123000158,742,773,-31
123000159,2980,2333,647
123000160,974,620,354
123000161,1358,1103,255
123000162,830,1727,-897
123000163,380,133,247
123000164,1343,411,932
123000165,413,1657,-1244
123000166,46,165,-119
123000167,135,296,-161
123000168,235,293,-58
123000169,631,155,476
123000170,106,250,-144
123000171,499,41,458
123000172,201,528,-327
123000173,472,306,166
123000174,840,395,445
123000175,684,1325,-641
123000176,843,231,612
123000177,275,923,-648
123000178,719,147,572
123000179,31,579,-548
123000180,1368,329,1039
123000181,264,1440,-1176
123000182,136,373,-237
123000183,163,497,-334
123000184,69,547,-478
123000185,494,393,101
123000186,7,646,-639
123000187,540,9,531
123000188,175,1,174
123000189,187,144,43
123000190,87,48,39
123000192,27,366,-339
123000193,80,958,-878
123000194,446,305,141
123000195,275,25,250
123000196,279,55,224
123000197,46,132,-86
123000198,191,273,-82
123000199,29,574,-545
123000200,480,6,474
123000201,985,23,962
123000202,13,1060,-1047
123000203,914,78,836
123000204,126,1220,-1094
123000205,592,2106,-1514
123000206,1839,225,1614
123000207,93,891,-798
123000208,544,154,390
123000209,1938,601,1337
123000210,543,2195,-1652
123000211,560,2637,-2077
123000212,2827,482,2345
123000213,675,101,574
123000215,141,184,-43
123000216,184,563,-379
123000217,219,58,161
123000218,70,573,-503
123000219,909,122,787
123000220,452,96,356
123000221,167,117,50
123000222,470,390,80
123000223,282,351,-69
123000224,426,511,-85
123000225,250,131,119
123000226,105,312,-207
123000227,136,364,-228
123000228,251,88,163
123000229,1002,1655,-653
123000232,73,646,-573
123000233,646,172,474
123000234,185,659,-474
123000235,769,308,461
123000236,270,818,-548
123000237,337,86,251
123000238,121,553,-432
123000239,540,1465,-925
123000240,46,404,-358
123000241,512,75,437
123000242,139,173,-34
123000243,876,755,121
123000244,1092,695,397
123000245,56,197,-141
123000249,269,626,-357
123000252,711,220,491
123000253,957,564,393
123000254,658,994,-336
123000255,1173,868,305
123000256,30,253,-223
123000257,2842,2054,788
123000258,930,830,100
123000259,314,354,-40
123000260,402,408,-6
123000261,206,154,52
123000262,120,184,-64
123000263,408,108,300
123000264,184,90,94
123000265,48,161,-113
123000266,551,765,-214
123000267,561,324,237
123000268,51,60,-9
123000269,49,53,-4
123000270,34,66,-32
123000271,90,56,34
123000272,617,274,343
123000273,242,621,-379
123000274,1007,517,490
123000275,299,829,-530
123000278,2704,2574,130
123000279,92,123,-31
123000280,330,275,55
123000281,281,91,190
123000282,114,258,-144
123000283,84,76,8
123000284,77,147,-70
123000286,276,291,-15
123000287,623,302,321
123000288,1318,656,662
123000289,395,905,-510
123000291,302,760,-458
123000294,179,238,-59
123000295,947,883,64
123000296,596,359,237
123000297,574,676,-102
123000298,567,504,63
123000299,43,180,-137
123000300,865,811,54
123000301,93,230,-137
123000302,66,210,-144
123000303,139,101,38
123000305,808,826,-18
123000306,130,176,-46
123000309,37,73,-36
123000310,36,51,-15
123000311,0,115,-115
123000312,624,828,-204
123000313,432,349,83
123000315,45,305,-260
123000316,1201,193,1008
123000317,296,89,207
123000318,78,203,-125
123000329,10,7,3
123000337,917,248,669
123000338,990,36,954
123000339,200,118,82
123000340,164,423,-259
123000342,15,113,-98
123000343,68,5,63
123000344,1326,486,840
123000345,377,570,-193
123000346,346,56,290
123000352,1371,814,557
123000353,13,146,-133
123000354,479,5,474
123000355,2,454,-452
123000356,374,5,369
123000357,3,174,-171
123000359,5,173,-168
123000360,180,96,84
123000361,355,341,14
123000362,340,105,235
123000363,150,191,-41
123000364,457,470,-13
123000365,29,324,-295
123000366,396,1822,-1426
123000367,310,1011,-701
123000370,54,206,-152
123000371,561,33,528
123000372,424,18,406
123000373,9,388,-379
123000374,16,215,-199
123000375,322,44,278
123000376,803,564,239
123000377,340,27,313
123000378,19,275,-256
123000379,3,220,-217
123000380,49,334,-285
123000381,129,55,74
123000382,1088,130,958
123000383,216,1198,-982
123000384,470,82,388
123000385,455,537,-82
123000436,45,928,-883
123000507,142,225,-83
123000508,181,699,-518
123000517,274,17,257
123000518,12,290,-278
123000519,181,67,114
123000520,32,211,-179
123000521,281,96,185
123000522,139,370,-231
123000541,7,1,6
123000542,0,21,-21
123000565,667,35,632
123000566,232,602,-370
123000567,100,221,-121
123000573,42,649,-607
123000574,693,98,595
123000575,1289,1113,176
123000576,824,1547,-723
123000577,76,617,-541
123000578,604,62,542
123000579,3126,4279,-1153
123000580,112,25,87
123000582,333,42,291
123000583,27,351,-324
123000584,151,238,-87
123000585,0,124,-124
123000586,68,0,68
123000596,84,137,-53
123000597,68,98,-30
123000602,29,7,22
123000603,547,634,-87
123000604,552,786,-234
123000605,1014,140,874
123000606,1,332,-331
123000609,30,268,-238
123000610,206,108,98
123000613,42,238,-196
123000614,222,39,183
123000615,81,186,-105
123000616,569,53,516
123000617,94,280,-186
123000618,96,460,-364
123000619,549,45,504
123000620,16,381,-365
123000622,342,20,322
123000624,133,60,73
123000630,1037,515,522
123000631,220,1401,-1181
123000632,824,896,-72
123000633,0,246,-246
123000634,89,119,-30
123000635,142,96,46
123000636,71,495,-424
123000637,203,52,151
123000638,604,74,530
123000639,902,3432,-2530
123000640,48,751,-703
123000648,327,92,235
123000649,42,485,-443
123900001,1186,75,1111
123900002,38,1409,-1371
123900003,316,491,-175
123900005,231,121,110
123900006,253,52,201
124000001,1902,206,1696
124000002,105,1716,-1611
124000003,844,212,632
124000004,107,552,-445
124000005,1091,544,547
124000006,301,1072,-771
124000007,450,122,328
124000008,14,542,-528
124000009,563,287,276
124000010,226,477,-251
124000011,980,336,644
124000012,353,602,-249
124000017,153,148,5
124000018,89,74,15
124000019,134,116,18
124000020,56,216,-160
124000021,106,70,36
124000022,82,263,-181
124000023,1463,1356,107
124000024,986,506,480
124000025,1332,1604,-272
124000026,1042,1048,-6
124000027,4683,4785,-102
124000028,2490,4242,-1752
124000030,3257,1474,1783
124000031,1141,2775,-1634
124000032,2648,878,1770
124000033,792,655,137
124000034,1298,858,440
124000035,335,165,170
124000036,170,549,-379
124000037,594,1056,-462
124000038,37,189,-152
124000039,1161,461,700
124000040,699,1189,-490
124000041,449,76,373
124000042,121,418,-297
124000043,131,79,52
124000044,93,155,-62
124000045,799,530,269
124000046,351,705,-354
124000047,1242,860,382
124000048,935,1395,-460
124000049,1489,670,819
124000050,826,1758,-932
124000051,775,547,228
124000052,643,985,-342
124000053,476,1423,-947
124000054,992,594,398
124000055,1190,2063,-873
124000056,2418,1672,746
124000057,868,541,327
124000058,434,1343,-909
124000059,609,937,-328
124000060,1139,671,468
124000061,1544,4526,-2982
124000062,6393,1954,4439
124000063,1607,1756,-149
124000064,2382,1529,853
124000065,126,423,-297
124000066,333,107,226
124000067,165,202,-37
124000068,73,155,-82
124000069,693,238,455
124000070,242,540,-298
124000071,164,97,67
124000072,184,442,-258
124000073,884,157,727
124000074,260,807,-547
124000075,270,24,246
124000076,11,164,-153
124000077,1903,820,1083
124000078,2885,1276,1609
124000079,466,1099,-633
124000080,520,172,348
124000081,184,474,-290
124000082,36,131,-95
124000083,63,95,-32
124000084,56,351,-295
124000085,97,48,49
124000086,64,83,-19
124000087,137,81,56
124000088,164,398,-234
124000089,946,378,568
124000090,156,388,-232
124000091,446,135,311
124000092,118,690,-572
124000093,85,115,-30
124000094,129,549,-420
124000095,88,90,-2
124000096,162,273,-111
124000097,79,192,-113
124000098,61,91,-30
124000099,258,172,86
124000100,52,120,-68
124000101,70,103,-33
124000102,118,50,68
124000103,122,145,-23
124000104,136,66,70
124000105,75,80,-5
124000106,142,79,63
124000107,25,133,-108
124000108,51,35,16
124000109,94,106,-12
124000110,327,155,172
124000111,193,144,49
124000112,653,714,-61
124000113,84,83,1
124000114,277,474,-197
124000115,426,680,-254
124000116,124,158,-34
124000117,52,95,-43
124000118,39,80,-41
124000119,816,467,349
124000120,488,406,82
124000121,1457,704,753
124000122,569,1274,-705
124000123,973,549,424
124000124,423,1144,-721
124000125,426,463,-37
124000126,245,708,-463
124000127,628,393,235
124000128,579,904,-325
124000129,2002,1311,691
124000130,704,718,-14
124000131,916,593,323
124000132,738,755,-17
124000133,682,733,-51
124000134,865,586,279
124000135,1491,1580,-89
124000136,869,1071,-202
124000137,1218,656,562
124000138,1399,1338,61
124000139,775,52,723
124000140,47,454,-407
124000141,583,28,555
124000142,32,390,-358
124000143,121,22,99
124000144,12,133,-121
124000145,124,39,85
124000146,31,107,-76
124000148,24,133,-109
124000149,1062,562,500
124000150,403,608,-205
124000151,883,489,394
124000152,769,1262,-493
124000153,641,800,-159
124000154,309,683,-374
124000155,1452,1108,344
124000156,1855,1139,716
124000169,185,451,-266
124000170,475,486,-11
124000171,281,251,30
124000172,379,604,-225
124000173,413,240,173
124000174,404,538,-134
124000175,14,104,-90
124000176,78,8,70
124000177,14,32,-18
124000178,19,46,-27
124000190,150,45,105
124000191,250,84,166
124000192,2440,371,2069
124000193,501,1009,-508
124000194,402,492,-90
124000195,254,613,-359
124000196,1003,1108,-105
124000197,40,43,-3
124000198,32,37,-5
124000201,442,996,-554
124000202,767,359,408
124000203,392,618,-226
124000204,781,374,407
124000205,108,491,-383
124000206,694,437,257
124000207,0,45,-45
124000209,312,585,-273
124000210,370,251,119
124000211,505,2,503
124000212,6,435,-429
124000213,451,337,114
124000214,283,588,-305
124000215,917,20,897
124000216,3,393,-390
124000329,206,1697,-1491
124000338,146,886,-740
124000339,950,168,782
124000341,1363,116,1247
124000344,19,4,15
124000357,948,2165,-1217
124000358,715,1373,-658
124000359,950,787,163
124000360,634,519,115
124000361,2163,815,1348
124000362,1524,1926,-402
124000363,259,290,-31
124000364,635,777,-142
124000365,710,1121,-411
124000366,1508,800,708
124000367,149,462,-313
124000368,610,389,221
124000369,181,148,33
124000370,90,663,-573
124000402,52,20,32
124000403,139,5,134
124000404,19,144,-125
124000405,954,824,130
124000406,752,837,-85
124000407,4,32,-28
124000411,10,365,-355
124000412,456,4,452
124000413,383,46,337
124000414,80,104,-24
124000415,63,149,-86
124000416,195,279,-84
124000417,133,112,21
124000418,147,152,-5
124000419,112,138,-26
124000420,97,96,1
124000421,64,183,-119
124000422,23,13,10
124000423,126,27,99
124000424,2,150,-148
124000425,118,55,63
124000426,9,203,-194
124000427,124,17,107
124000428,25,72,-47
124000429,52,91,-39
124000430,522,457,65
124000431,315,506,-191
124000432,169,742,-573
124000439,4,7,-3
124000443,0,9,-9
124000445,417,988,-571
124000446,1490,101,1389
124900001,471,378,93
124900002,169,345,-176
124900003,1005,659,346
124900004,560,360,200
124900005,302,168,134
124900006,656,371,285
124900008,1276,722,554
124900009,199,281,-82
124900010,150,94,56
124900011,508,198,310
124900012,549,79,470
124900013,510,182,328
124900014,289,82,207
124900015,145,333,-188
124900016,41,98,-57
124900017,471,1418,-947
124900018,52,18,34
124900020,84,74,10
124900021,267,55,212
124900022,360,8,352
124900024,235,21,214
124900026,351,13,338
124900027,101,353,-252
124900028,394,99,295
124900029,13,434,-421
124900030,4,117,-113
124900031,46,295,-249
124900032,165,234,-69
124900033,121,319,-198
124900034,7,101,-94
124900035,207,458,-251
124900036,1,42,-41
124900037,175,261,-86
124900038,352,400,-48
124900039,4,31,-27
124900040,132,56,76
124900041,316,1083,-767
124900042,88,1,87
124900043,490,1138,-648
124900044,101,4,97
124900045,751,1276,-525
124900046,670,245,425
124900047,193,185,8
124900048,233,127,106
124900050,175,237,-62
124900052,117,424,-307
124900053,121,425,-304
124900054,1874,427,1447
124900055,3,195,-192
124900057,4,64,-60
124900060,88,204,-116
124900061,97,7,90
124900062,151,21,130
124900066,0,24,-24
124900067,2,148,-146
124900068,205,493,-288
124900070,54,32,22
124900072,102,48,54
124900075,170,268,-98
124900076,28,1017,-989
124900077,12,72,-60
124900078,113,18,95
124900079,552,175,377
124900080,321,715,-394
124900081,916,349,567
124900082,454,1045,-591
124900083,288,537,-249
124900085,1260,435,825
124900086,95,1190,-1095
124900087,681,106,575
124900088,768,151,617
124900089,1326,35,1291
124900090,241,236,5
124900091,282,426,-144
124900092,220,302,-82
124900093,255,190,65
124900094,292,283,9
124900095,92,404,-312
124900096,531,256,275
124900097,286,84,202
124900098,102,393,-291
124900099,662,438,224
124900100,310,73,237
124900101,95,366,-271
124900102,176,30,146
124900103,207,221,-14
124900104,92,159,-67
124900105,88,127,-39
124900106,333,49,284
124900107,88,9,79
124900108,178,51,127
124900111,2,69,-67
124900112,66,524,-458
124900113,139,309,-170
124900114,207,145,62
124900115,59,38,21
124900116,190,146,44
124900117,465,106,359
124900118,272,282,-10
124900119,420,178,242
124900120,96,359,-263
124900121,146,408,-262
124900122,360,252,108
124900123,345,155,190
124900124,144,374,-230
204000001,97,8,89
204000002,31,5,26
204000003,21,4,17
204000004,9,1,8
204000005,616,450,166
204000006,1287,1228,59
204000011,10,56,-46
204000012,46,164,-118
204000019,499,452,47
204000020,581,501,80
204000021,1445,726,719
204000022,553,413,140
204000023,503,889,-386
204000031,105,13,92
204000032,553,47,506
204000034,35,185,-150
204000035,3,7,-4
204000036,9,29,-20
204000037,0,25,-25
204000038,1,6,-5
204000039,3,33,-30
204000040,8,16,-8
204000041,10,31,-21
204000042,57,12,45
204000043,23,2,21
204000044,45,0,45
204000045,43,4,39
204000046,13,1,12
204000057,3,17,-14
204000062,35,45,-10
204000068,34,274,-240
204000069,65,317,-252
204000070,64,129,-65
204000080,57,63,-6
204000085,1893,1889,4
204000086,2844,2029,815
204000087,36,21,15
204000088,2,100,-98
204000090,61,314,-253
204000093,275,62,213
204000096,732,1012,-280
204000097,330,18,312
204000099,902,1332,-430
204000100,1203,1861,-658
204000105,2043,1541,502
204000110,1054,1027,27
204000111,358,607,-249
204000112,607,577,30
204000113,600,602,-2
204000114,971,564,407
204000115,471,295,176
204000116,628,353,275
204000119,1714,2496,-782
204000132,548,341,207
204000133,765,445,320
204000134,251,163,88
204000135,546,87,459
204000136,671,233,438
204000138,333,450,-117
204000140,195,119,76
204000141,166,63,103
204000144,17,24,-7
204000145,535,29,506
204000146,34,310,-276
204000147,47,242,-195
204000148,362,40,322
204000154,3,6,-3
204000155,3,7,-4
204000177,53,43,10
204000179,27,18,9
204000180,1,49,-48
204000222,5,7,-2
204000235,12,21,-9
204000236,79,249,-170
204000238,23,24,-1
204000240,380,69,311
204000263,596,1144,-548
204000268,1148,725,423
204000308,164,32,132
204000317,4,59,-55
204000322,17,32,-15
204000323,18,19,-1
204000328,214,92,122
204000329,45,202,-157
204000330,178,36,142
204000331,87,149,-62
205000001,1109,1695,-586
205000013,5,63,-58
205000014,19,70,-51
205000015,32,162,-130
205000016,14,203,-189
205000017,12,92,-80
205000022,356,850,-494
205000025,1321,1205,116
205000029,177,8,169
205000045,146,300,-154
205000046,145,525,-380
205000047,58,512,-454
205000048,401,1247,-846
205000049,148,897,-749
205000050,856,364,492
205000059,0,308,-308
205000060,0,87,-87
205000061,4,86,-82
205000062,2,81,-79
205000063,8,67,-59
205000064,18,99,-81
205000065,49,421,-372
205000066,122,805,-683
205000067,14,916,-902
205000069,182,23,159
205000082,126,152,-26
205000110,93,281,-188
205000111,168,295,-127
205000112,171,239,-68
205000113,213,337,-124
205000121,262,70,192
205000123,42,225,-183
205000126,440,120,320
205000127,613,199,414
205000128,580,67,513
205000129,581,114,467
205000130,410,38,372
205000131,173,16,157
205000132,266,1,265
205000133,242,4,238
205000134,282,1,281
205000137,94,148,-54
205000138,143,313,-170
205000139,34,139,-105
205000144,84,73,11
205000145,351,179,172
205000151,165,73,92
205000152,170,33,137
205000153,226,34,192
205000154,81,56,25
205000155,126,16,110
205000207,7,151,-144
205000233,41,0,41
205000234,0,2,-2
205000243,0,0,0
205000244,0,7,-7
205000245,5,164,-159
205000249,0,25,-25
205000250,2,0,2
205000264,7,86,-79
206000027,5,6,-1
206000028,0,1,-1
206000043,6,75,-69
206000053,1,7,-6
206000054,1,16,-15
206000055,3,37,-34
206000075,12,7,5
206000076,22,7,15
206000077,17,1,16
206000078,32,3,29
206000079,14,4,10
206000082,329,25,304
206000100,27,521,-494
206000103,8,9,-1
206000104,19,21,-2
206000105,3,5,-2
206000106,4,19,-15
206000108,496,43,453
206000125,53,0,53
206000157,56,612,-556
206000170,1,163,-162
206000171,4,156,-152
206000172,11,380,-369
206000173,2,206,-204
206000174,5,64,-59
206000175,0,97,-97
206000176,15,167,-152
206000177,0,163,-163
206000178,0,101,-101
206000179,7,99,-92
206000180,14,153,-139
206000181,8,155,-147
206000182,10,167,-157
206000183,17,645,-628
206000184,2,270,-268
206000185,8,144,-136
206000186,79,910,-831
206000223,3,226,-223
206000226,14,8,6
206000227,12,3,9
206000237,20,262,-242
206000238,31,423,-392
206000239,245,1422,-1177
206000240,4,42,-38
206000241,2,104,-102
206000242,6,239,-233
206000243,3,174,-171
206000244,48,507,-459
206000245,651,40,611
206000246,140,7,133
206000247,166,7,159
206000248,255,6,249
206000252,60,26,34
206000258,27,28,-1
206000315,28,4,24
206000317,392,72,320
206000318,297,71,226
206000319,940,96,844
206000320,119,28,91
206000321,149,9,140
206000322,354,13,341
206000323,139,9,130
206000324,112,8,104
206000325,134,8,126
206000326,123,6,117
206000327,336,6,330
206000328,121,3,118
206000329,207,5,202
206000330,43,3,40
206000331,121,7,114
206000332,34,8,26
206000333,452,4,448
206000334,204,1,203
206000335,0,12,-12
206000361,3,175,-172
206000392,0,40,-40
206000405,105,0,105
206000441,36,15,21
206000498,24,3,21
206000515,60,31,29
206000530,195,66,129
206000531,127,136,-9
206000532,1510,217,1293
206000535,235,1491,-1256
206000536,19,129,-110
206000537,15,109,-94
206000613,1028,199,829
207000001,166,526,-360
207000002,140,293,-153
207000003,177,191,-14
207000007,828,279,549
207000008,90,17,73
207000009,59,40,19
207000010,520,426,94
207000012,298,258,40
207000015,283,1222,-939
207000019,315,85,230
207000021,667,190,477
207000022,155,111,44
207000023,218,59,159
207000024,8,13,-5
207000025,48,56,-8
207000026,99,54,45
207000027,25,72,-47
207000028,48,213,-165
207000029,192,407,-215
207000033,227,329,-102
207000034,328,89,239
207000039,345,177,168
207000040,257,88,169
207000041,115,38,77
207000042,298,64,234
207000043,243,211,32
207000051,196,243,-47
207000052,18,166,-148
207000053,421,596,-175
207000054,58,102,-44
207000055,164,150,14
207000056,342,322,20
207000057,125,258,-133
207000058,154,312,-158
207000059,108,643,-535
207000060,71,204,-133
207000061,169,340,-171
207000062,306,40,266
207000063,292,109,183
207000064,373,169,204
207000065,318,256,62
207000066,187,184,3
207000067,48,103,-55
207000068,137,62,75
207000069,630,427,203
207000082,13,223,-210
207000083,119,249,-130
207000084,183,225,-42
207000085,177,23,154
207000086,155,3,152
207000106,41,40,1
207000107,68,31,37
207000108,62,18,44
207000109,62,15,47
207000110,58,82,-24
207000111,71,79,-8
207000112,203,488,-285
207000114,42,40,2
207000115,24,73,-49
207000116,18,362,-344
207000117,7,123,-116
207000118,7,86,-79
207000119,56,74,-18
207000123,195,24,171
207000124,57,22,35
207000125,64,68,-4
207000126,73,90,-17
207000134,88,117,-29
207000135,14,193,-179
207000148,69,232,-163
207000149,115,32,83
207000152,129,404,-275
207000153,1146,1298,-152
207000154,499,125,374
207000159,132,201,-69
207000160,157,402,-245
207000238,0,121,-121
207000242,8,185,-177
207000248,26,36,-10
207000249,131,41,90
207000250,763,73,690
207000251,134,98,36
207000252,63,57,6
207000278,92,118,-26
207000279,28,157,-129
207000280,458,58,400
207000281,95,931,-836
207000282,172,69,103
207000283,123,160,-37
207000284,67,145,-78
207000285,103,38,65
207000291,22,106,-84
207000304,124,46,78
207000306,78,389,-311
207000310,57,91,-34
207000353,371,13,358
207000356,15,33,-18
207000357,16,11,5
207000358,16,21,-5
207000415,8,229,-221
207000417,31,2,29
207000418,115,165,-50
207000438,0,3,-3
207000439,938,581,357
207000446,139,8,131
207000460,29,5,24
207000466,199,147,52
207000467,232,110,122
207000468,48,388,-340
207000476,11,76,-65
207000477,552,77,475
207000478,2,17,-15
207000523,0,34,-34
207000524,82,1,81
207000527,111,218,-107
207000530,457,12,445
207000531,300,21,279
207000532,77,24,53
207000534,561,59,502
207000535,44,328,-284
207000537,19,122,-103
207000540,8,250,-242
207000541,1,343,-342
207000548,14,318,-304
207000549,229,16,213
207000561,200,179,21
207000562,39,230,-191
207000567,193,268,-75
207000568,150,89,61
207000569,377,744,-367
207000584,397,208,189
207000585,98,339,-241
207000587,55,20,35
207000616,0,140,-140
207000617,148,1,147
207000624,46,46,0
207000631,4,62,-58
207900008,220,103,117
208000001,584,874,-290
208000002,1081,474,607
208000003,1027,430,597
208000004,1155,555,600
208000005,19,18,1
208000019,526,954,-428
208000020,174,473,-299
208000021,219,350,-131
208000022,927,514,413
208000028,1126,912,214
208000033,533,432,101
208000034,1114,1310,-196
208000037,326,28,298
208000040,178,171,7
208000041,866,573,293
208000042,1306,666,640
208000047,147,248,-101
208000064,2574,1497,1077
208000066,1832,1917,-85
208000070,291,376,-85
208000071,300,857,-557
208000072,341,1323,-982
208000080,284,299,-15
208000081,306,201,105
208000082,292,319,-27
208000083,116,420,-304
208000084,32,12,20
208000085,963,682,281
208000086,486,950,-464
208000087,714,805,-91
208000089,864,459,405
208000090,869,656,213
208000093,191,100,91
208000094,475,395,80
208000095,690,376,314
208000104,860,1075,-215
208000105,644,1123,-479
208000114,95,275,-180
208000115,539,416,123
208000116,587,1092,-505
208000117,150,125,25
208000118,110,106,4
208000155,742,995,-253
208000158,1460,3180,-1720
208000186,3883,3866,17
208000204,591,918,-327
208000205,1095,1177,-82
208000282,5826,2783,3043
209000004,209,156,53
209000005,47,22,25
209000006,381,148,233
209000007,213,221,-8
209000010,505,134,371
209000011,209,275,-66
209000012,138,205,-67
209000013,242,389,-147
209000014,554,1143,-589
209000025,252,45,207
209000026,653,116,537
209000027,544,821,-277
209000028,454,706,-252
209000029,626,579,47
209000030,524,1344,-820
209000031,2653,2301,352
209000034,190,215,-25
209000035,125,153,-28
209000036,148,104,44
209000037,241,206,35
209000038,86,181,-95
209000039,58,150,-92
209000040,274,607,-333
209000041,165,417,-252
209000042,192,397,-205
209000043,700,897,-197
209000044,180,791,-611
209000045,1586,500,1086
209000046,441,499,-58
209000047,472,193,279
209000048,533,343,190
209000049,97,149,-52
209000050,209,200,9
209000051,312,471,-159
209000052,192,408,-216
209000062,24,126,-102
209000063,39,96,-57
209000064,31,110,-79
209000065,63,33,30
209000066,45,21,24
209000067,72,38,34
209000080,26,256,-230
209000082,85,33,52
209000091,34,101,-67
209000093,55,25,30
209000094,219,214,5
209000110,21,85,-64
209000111,420,1117,-697
209000112,850,419,431
209000113,1466,362,1104
209000114,640,333,307
209000115,58,182,-124
209000116,726,563,163
209000118,43,46,-3
209000119,42,12,30
209000121,142,551,-409
209000135,82,167,-85
209000142,653,1183,-530
209000143,105,99,6
209000144,44,90,-46
209000229,300,178,122
209000240,29,347,-318
209000259,78,170,-92
209000260,52,906,-854
209000261,1,492,-491
209000262,0,436,-436
209000263,1,156,-155
209000264,0,71,-71
209000265,325,1,324
209000266,69,3,66
209000267,800,5,795
209000268,631,35,596
210000037,41,22,19
210000047,75,27,48
210000048,72,18,54
210000049,48,7,41
210000052,60,61,-1
210000053,34,40,-6
210000054,40,76,-36
210000070,106,1,105
210000071,58,0,58
210000072,17,0,17
210000073,1,29,-28
210000074,1,104,-103
210000075,4,85,-81
210000076,12,138,-126
210000077,23,35,-12
210000078,26,31,-5
210000079,24,7,17
210000080,111,52,59
210000081,203,14,189
210000082,146,2,144
210000083,82,2,80
210000084,26,0,26
210000085,1,60,-59
210000086,2,94,-92
210000099,35,220,-185
210000100,32,149,-117
210000101,62,178,-116
210000105,45,155,-110
210000159,1,146,-145
210000163,146,194,-48
210000164,233,99,134
210000168,120,31,89
210000187,0,18,-18
210000188,0,16,-16
210000214,72,2,70
210000219,21,48,-27
210000220,77,70,7
210000232,5,20,-15
210000233,24,65,-41
210000234,16,101,-85
210000235,41,83,-42
210000245,0,29,-29
210000246,39,1,38
210000258,7,57,-50
210000259,358,50,308
210000282,87,244,-157
210000285,1,100,-99
210000286,13,144,-131
210000290,4,10,-6
210000295,51,123,-72
210000296,31,29,2
210000320,189,89,100
210000321,101,52,49
210000338,51,63,-12
210000339,304,869,-565
210000340,122,300,-178
210000341,200,230,-30
210000342,171,144,27
210000343,141,188,-47
210000344,180,82,98
210000345,153,177,-24
210000346,77,111,-34
210000347,123,39,84
210000348,144,14,130
210000349,107,19,88
210000350,100,63,37
210000351,121,134,-13
210000352,43,61,-18
210000353,32,102,-70
210000354,50,83,-33
210000355,58,119,-61
210000356,30,54,-24
210000357,72,47,25
210000358,311,133,178
210000359,108,77,31
210000360,139,127,12
210000361,177,142,35
210000362,319,221,98
210000363,681,221,460
210000364,86,154,-68
210000365,119,58,61
210000366,136,45,91
210000367,116,36,80
210000368,173,46,127
210000369,20,21,-1
210000370,41,29,12
210000372,23,34,-11
210000373,42,12,30
210000374,31,5,26
210000375,26,74,-48
210000376,74,156,-82
210000404,45,136,-91
210000439,19,38,-19
210000472,89,4,85
210000482,83,64,19
210000564,365,256,109
210000567,6,32,-26
210000568,277,5,272
211000092,26,64,-38
211000094,11,11,0
211000169,256,11,245
211000172,36,242,-206
211000209,5,13,-8
211000226,10,21,-11
211000270,20,9,11
211000275,30,20,10
211000276,84,31,53
211000279,13,35,-22
211000281,34,40,-6
211507980,2,39,-37
211977296,28,1,27
212000003,115,44,71
212000004,29,17,12
212000005,23,29,-6
212000006,58,50,8
212000008,111,176,-65
212000009,15,112,-97
212000012,65,114,-49
212000013,38,63,-25
212000014,240,153,87
212000015,233,250,-17
212000016,471,550,-79
212000027,501,429,72
212000028,250,390,-140
212000029,167,257,-90
212000030,39,22,17
212000031,37,59,-22
212000048,32,126,-94
212000049,16,101,-85
212000050,28,4,24
212000051,159,245,-86
212000052,123,304,-181
212000053,330,796,-466
212000054,187,139,48
212000055,227,234,-7
212000056,19,51,-32
212000057,16,34,-18
212000058,251,29,222
212000070,114,248,-134
212000077,136,829,-693
212000099,219,305,-86
212000108,146,144,2
212000111,132,94,38
212000120,103,92,11
212000138,108,29,79
212000156,11,146,-135
212000158,9,11,-2
212000159,270,43,227
212000160,504,248,256
212000161,41,9,32
212000310,45,14,31
212000311,8,64,-56
212000374,43,21,22
213000001,35,469,-434
213000005,370,124,246
213000006,943,274,669
213000007,218,7,211
213000009,780,489,291
213000010,163,276,-113
213000011,313,108,205
213000012,142,368,-226
213000014,82,5,77
213000015,214,13,201
213000016,401,1,400
213000017,79,1,78
213000018,3,232,-229
213000019,2,187,-185
213000020,126,392,-266
213000021,10,121,-111
213000023,271,160,111
213000033,335,1540,-1205
213000034,747,301,446
213000035,130,342,-212
213000045,190,269,-79
213000046,260,221,39
213000047,660,1226,-566
213000056,81,33,48
213000069,92,3,89
213000073,0,25,-25
213000074,69,378,-309
213000075,441,14,427
213000076,75,0,75
213000085,11,30,-19
213000086,10,135,-125
213000091,135,12,123
213000092,95,15,80
213000099,210,1110,-900
213000100,1163,235,928
213000101,250,117,133
213000102,358,349,9
213000103,861,867,-6
213000104,56,411,-355
213000105,3,145,-142
213000106,23,143,-120
213000107,162,604,-442
213000108,27,496,-469
213000109,14,297,-283
213000110,15,81,-66
213000111,10,61,-51
213000112,158,97,61
213000115,54,16,38
213000116,60,461,-401
213000117,12,730,-718
213000118,347,278,69
213000119,61,665,-604
213000120,151,538,-387
213000122,177,657,-480
213000123,495,1334,-839
213000124,118,1267,-1149
213000125,155,24,131
213000126,109,126,-17
213000127,169,204,-35
213000128,632,1087,-455
213000129,386,569,-183
213000130,473,275,198
213000132,265,106,159
213000133,446,123,323
213000134,685,28,657
213000136,373,28,345
213000137,556,98,458
213000139,701,28,673
213000147,86,7,79
213000148,21,11,10
213000149,28,7,21
213000150,0,96,-96
213000151,1,68,-67
213000152,2,78,-76
213000153,2,66,-64
213000154,29,341,-312
213000155,43,307,-264
213000156,114,667,-553
213000157,589,422,167
213000158,357,984,-627
213000159,606,623,-17
213000163,683,78,605
213000165,756,301,455
213000171,3,123,-120
213000172,8,393,-385
213000173,0,299,-299
213000174,4,234,-230
213000175,7,127,-120
213000176,31,28,3
213000177,68,4,64
213000178,120,5,115
213000179,161,1,160
213000180,149,0,149
213000184,83,371,-288
213000188,320,105,215
213000189,320,37,283
213000190,830,804,26
213000191,279,482,-203
213000192,233,424,-191
213000193,917,287,630
213000194,4,51,-47
213000195,13,483,-470
213000196,314,1188,-874
213000197,337,670,-333
213000198,84,6,78
213000200,131,981,-850
213000201,96,43,53
213000202,8,529,-521
213000203,3061,664,2397
213000204,643,57,586
213000205,274,89,185
213000206,643,51,592
213000207,170,10,160
213000208,164,4,160
213000209,248,0,248
213000210,483,5,478
213000211,4,10,-6
213000212,26,21,5
213000213,31,60,-29
213000218,214,613,-399
213000219,455,20,435
213000220,359,15,344
213000223,185,187,-2
213000224,39,36,3
213000225,109,8,101
213000226,81,10,71
213000227,827,311,516
213000228,272,82,190
213000229,501,46,455
213000230,571,25,546
213000232,100,790,-690
213000233,12,194,-182
213000234,2,44,-42
213000293,4,51,-47
213000294,166,11,155
213000295,6,62,-56
213000296,73,27,46
213000297,8,148,-140
213000298,19,94,-75
213000299,71,53,18
213000300,8,1,7
213000303,11,27,-16
213000304,1,9,-8
213000305,11,5,6
213000306,95,20,75
213000307,222,90,132
213000308,178,187,-9
213000309,166,90,76
213000310,447,92,355
213000311,336,630,-294
213000315,74,120,-46
213000316,177,61,116
213000322,116,134,-18
213000323,70,98,-28
213000324,42,36,6
213000325,36,89,-53
213000326,20,25,-5
213000327,28,36,-8
213000328,22,137,-115
213000329,76,33,43
213000340,147,636,-489
213000341,397,112,285
213000346,180,204,-24
213000347,808,356,452
213000348,4,163,-159
213000349,36,14,22
213000350,285,1082,-797
213000366,86,301,-215
213000367,196,34,162
213000379,147,76,71
213000386,17,263,-246
213000406,63,335,-272
213000417,1022,451,571
213000425,119,43,76
213000426,121,56,65
213000427,58,223,-165
213000428,31,193,-162
213000429,30,7,23
213000430,78,743,-665
213000431,136,0,136
213000432,4,19,-15
213000433,26,170,-144
213000434,65,128,-63
213000435,73,101,-28
213000436,11,72,-61
213000437,0,25,-25
213000438,147,64,83
213000439,44,14,30
213000440,14,276,-262
213000441,1,1,0
213000442,2,27,-25
213000443,423,414,9
213000444,49,43,6
213000445,4,85,-81
213000446,0,15,-15
213000447,7,45,-38
213000448,4,108,-104
213000449,236,9,227
213000450,16,55,-39
213000451,216,105,111
213000452,29,25,4
213000453,41,316,-275
213000455,485,6,479
213000456,1,259,-258
213000481,51,2,49
213000482,43,2,41
213000489,338,92,246
213000491,0,116,-116
213000492,370,1,369
213000493,0,86,-86
213000494,237,164,73
213000495,0,136,-136
213000496,507,165,342
213000497,67,297,-230
213000498,103,191,-88
213000499,199,494,-295
213000500,356,76,280
213000501,89,26,63
213000502,191,109,82
213000503,1,68,-67
213000504,4,120,-116
213000505,6,12,-6
213000506,0,11,-11
213000507,3,121,-118
213900244,28,0,28
213900245,0,38,-38
218000003,17,17,0
218000004,40,19,21
218000005,59,21,38
218000006,72,22,50
218000007,10,13,-3
218000012,210,134,76
218000013,72,127,-55
218000014,340,418,-78
218000019,757,676,81
218000020,212,410,-198
218000021,13,29,-16
218000022,9,20,-11
218000023,8,19,-11
218000024,1,15,-14
218000025,5,10,-5
218000026,8,26,-18
218000027,0,9,-9
218000028,1,5,-4
218000029,11,6,5
218000030,13,25,-12
218000031,4,23,-19
218000032,1,14,-13
218000040,6,4,2
218000046,50,74,-24
218000047,13,129,-116
218000048,70,116,-46
218000049,84,91,-7
218000050,296,217,79
218000051,62,231,-169
218000052,0,101,-101
218000053,3,9,-6
218000054,7,36,-29
218000055,2,8,-6
218000056,9,26,-17
218000057,0,24,-24
218000064,2,4,-2
218000065,63,35,28
218000066,14,53,-39
218000067,46,99,-53
218000068,100,83,17
218000069,177,153,24
218000070,169,211,-42
218000071,170,155,15
218000072,238,168,70
218000078,714,1010,-296
218000079,78,103,-25
218000080,96,87,9
218000081,285,250,35
218000082,50,115,-65
218000083,48,55,-7
218000084,128,137,-9
218000085,131,390,-259
218000086,47,175,-128
218000087,120,166,-46
218000090,15,105,-90
218000091,899,472,427
218000092,71,159,-88
218000093,55,80,-25
218000094,362,705,-343
218000099,250,568,-318
218000100,186,301,-115
218000101,236,127,109
218000102,319,219,100
218000103,89,140,-51
218000104,76,33,43
218000105,15,11,4
218000106,13,11,2
218000107,57,85,-28
218000108,5,42,-37
218000112,37,21,16
218000117,78,48,30
218000134,436,641,-205
218000135,51,84,-33
218000136,176,87,89
218000137,251,158,93
218000138,35,116,-81
218000139,222,367,-145
218000140,509,234,275
218000141,71,68,3
218000142,190,139,51
218000143,72,223,-151
218000144,68,67,1
218000145,322,311,11
218000146,65,185,-120
218000151,11,42,-31
218000152,154,71,83
218000153,7,5,2
218000154,7,0,7
218000155,18,2,16
218000156,39,11,28
218000157,15,6,9
218000158,4,6,-2
218000159,3,2,1
218000160,5,2,3
218000161,16,0,16
218000162,20,11,9
218000163,1,0,1
218000164,17,4,13
218000165,38,11,27
218000170,6,61,-55
218000171,49,16,33
218000172,26,12,14
218000173,72,12,60
218000174,25,4,21
218000176,170,31,139
218000177,287,218,69
218000178,67,188,-121
218000179,86,96,-10
218000180,100,43,57
218000181,148,41,107
218000187,9,21,-12
218000188,13,32,-19
218000189,34,47,-13
218000190,23,17,6
218000191,139,65,74
218000192,160,310,-150
218000193,333,362,-29
218000194,59,307,-248
218000195,84,50,34
218000196,232,212,20
218000197,243,272,-29
218000198,34,100,-66
218000199,34,30,4
218000200,40,35,5
218000201,11,10,1
218000202,68,234,-166
218000207,1,31,-30
218000208,53,37,16
218000211,61,10,51
218000212,2,15,-13
218000213,116,66,50
218000214,3,9,-6
218000215,48,41,7
218000217,2,75,-73
218000218,158,61,97
218000219,33,17,16
218000220,72,324,-252
218000221,653,167,486
218000222,49,11,38
218000223,33,217,-184
218000224,7,147,-140
218000225,119,50,69
218000226,124,76,48
218000230,0,2,-2
218000232,31,29,2
218000239,207,12,195
218000240,19,9,10
218000241,44,0,44
218000242,101,3,98
218000243,79,0,79
218000244,43,4,39
218000245,25,1,24
218000246,0,0,0
218000247,0,0,0
218000248,3,17,-14
218000249,1,0,1
218000250,6,2,4
218000251,7,20,-13
218000252,2,34,-32
218000253,4,21,-17
218000254,5,5,0
218000255,0,19,-19
218000256,4,61,-57
218000267,496,939,-443
218000268,16,45,-29
218000269,5,4,1
218000270,80,56,24
218000271,23,65,-42
218000273,6,3,3
218000274,7,10,-3
218000275,21,46,-25
218000276,12,49,-37
218000278,38,33,5
218000279,58,61,-3
218000280,19,39,-20
218000281,22,16,6
218000282,493,389,104
218000284,71,8,63
218000301,76,144,-68
218000302,109,59,50
218000303,57,36,21
218000316,640,1040,-400
218000317,1041,1103,-62
218000318,475,834,-359
218000319,802,1119,-317
218000320,607,621,-14
218000338,55,46,9
218000345,125,78,47
218000346,43,150,-107
218000459,49,237,-188
218000490,60,33,27
218000501,82,21,61
218000502,33,78,-45
218000503,99,17,82
218000504,161,15,146
218000505,48,149,-101
218000506,36,287,-251
218000508,10,1,9
218000510,141,11,130
218000520,125,91,34
218000521,12,64,-52
218000522,1,141,-140
218000523,170,6,164
218000524,43,131,-88
218000525,187,17,170
218000526,50,121,-71
218000529,82,141,-59
218000530,7,1,6
218000531,15,18,-3
218000532,42,24,18
218000534,131,19,112
218000537,42,43,-1
218000538,124,194,-70
218000540,196,62,134
218000543,131,56,75
218000544,37,81,-44
218000545,62,82,-20
218000546,40,62,-22
218000547,103,105,-2
218000548,136,115,21
218000549,457,295,162
218000550,256,334,-78
218000551,163,599,-436
218000552,564,49,515
218000553,36,71,-35
218000554,21,26,-5
218000555,25,36,-11
218000556,179,314,-135
218000557,191,174,17
218000558,99,0,99
218000559,0,46,-46
218000560,0,16,-16
218000561,33,0,33
218000562,22,131,-109
218000563,169,27,142
218000564,17,119,-102
218000565,177,22,155
218000566,321,19,302
218000567,3,59,-56
218000568,7,1,6
218000569,9,85,-76
218000570,86,8,78
218000571,0,173,-173
218000572,199,0,199
218000573,17,117,-100
218000574,106,33,73
218000575,70,2,68
218000576,0,54,-54
218000577,95,18,77
218000578,0,71,-71
218000579,27,26,1
218000581,1,59,-58
218000582,39,3,36
218000583,19,0,19
218000584,0,18,-18
218000585,37,1,36
218000586,9,36,-27
218000587,18,0,18
218000588,2,2,0
218000589,1,5,-4
218000590,5,0,5
218000591,10,1,9
218000592,37,0,37
218000593,77,5,72
218000594,0,1,-1
218000597,0,0,0
218000598,1,0,1
218000599,1,1,0
218000600,87,5,82
218000601,0,0,0
218000602,0,32,-32
218000603,0,3,-3
218000604,31,0,31
218000605,1,164,-163
218000606,420,1,419
218000607,15,47,-32
218000608,52,18,34
218000609,7,51,-44
218000610,55,1,54
218000611,23,0,23
218000612,0,30,-30
218000613,25,0,25
218000614,0,53,-53
218000615,199,1,198
218000616,4,174,-170
218000617,19,0,19
218000618,1,22,-21
218000619,14,33,-19
218000620,8,4,4
218000621,0,2,-2
218000622,0,39,-39
218000623,381,2,379
218000624,35,15,20
218000625,47,0,47
218000626,2,2,0
218000628,144,33,111
218000631,31,20,11
218000632,1,109,-108
218000633,110,2,108
218000634,9,24,-15
218000635,20,7,13
218000636,759,1253,-494
218000637,795,560,235
218000638,104,28,76
218000639,17,135,-118
218000640,207,25,182
218000641,76,275,-199
218000652,74,82,-8
218000653,131,83,48
218000663,12,149,-137
218000675,86,56,30
218000676,2,15,-13
218000677,8,2,6
218000680,216,425,-209
218000681,364,154,210
218000691,186,262,-76
218000693,248,184,64
218000703,3,35,-32
218000718,609,677,-68
218000719,988,479,509
218000720,13,113,-100
218000721,250,23,227
218000725,10,7,3
218001147,2,108,-106
218001214,7,25,-18
218001258,199,5,194
218001329,182,121,61
218001330,156,103,53
218001351,48,19,29
218001352,13,14,-1
218001353,15,11,4
218001354,10,21,-11
218001355,13,309,-296
218001356,272,16,256
218001357,49,155,-106
218001358,308,19,289
218001361,226,12,214
218001362,1,207,-206
219000001,36,26,10
219000002,49,40,9
219000003,61,21,40
219000004,43,57,-14
219000017,93,16,77
219000020,110,32,78
219000022,112,5,107
219000023,74,2,72
219000029,0,66,-66
219000034,56,13,43
219000039,69,71,-2
219000040,55,45,10
219000041,87,38,49
219000051,0,37,-37
219000052,0,20,-20
219000053,1,112,-111
219000054,15,82,-67
219000055,140,3,137
219000056,10,1,9
219000057,88,0,88
219000062,28,66,-38
219000063,56,10,46
219000064,3,61,-58
219000110,510,36,474
219000111,108,39,69
219000112,171,58,113
219000113,116,32,84
219000114,227,65,162
219000116,67,41,26
219000117,150,83,67
219000118,162,56,106
219000123,186,82,104
219000124,85,63,22
219000125,16,20,-4
219000126,87,86,1
219000127,0,6,-6
219000128,8,80,-72
219000129,30,120,-90
219000130,476,503,-27
219000131,585,783,-198
219000133,84,39,45
219000134,7,13,-6
219000135,27,51,-24
219000136,87,173,-86
219000138,65,19,46
219000139,34,58,-24
219000140,32,1,31
219000141,12,128,-116
219000142,16,78,-62
219000143,29,105,-76
219000145,30,49,-19
219000146,6,22,-16
219000147,1,28,-27
219000148,1,31,-30
219000149,7,59,-52
219000150,1,59,-58
219000151,2,34,-32
219000157,156,126,30
219000158,152,222,-70
219000161,89,6,83
219000163,1274,451,823
219000166,151,165,-14
219000167,131,198,-67
219000168,274,121,153
219000174,424,139,285
219000175,56,4,52
219000176,84,7,77
219000177,32,2,30
219000178,31,3,28
219000179,14,2,12
219000180,32,31,1
219000182,120,6,114
219000183,96,23,73
219000184,79,7,72
219000185,1,55,-54
219000186,55,52,3
219000187,21,90,-69
219000189,90,113,-23
219000190,72,194,-122
219000191,993,1038,-45
219000192,120,100,20
219000193,255,112,143
219000195,1,44,-43
219000196,9,109,-100
219000198,18,87,-69
219000199,93,200,-107
219000200,37,181,-144
219000201,52,195,-143
219000203,24,98,-74
219000204,102,212,-110
219000205,65,151,-86
219000207,173,268,-95
219000209,26,85,-59
219000210,34,100,-66
219000213,15,139,-124
219000239,249,327,-78
219000240,248,342,-94
219000241,98,156,-58
219000242,57,139,-82
219000243,103,254,-151
219000244,50,77,-27
219000245,21,46,-25
219000246,42,24,18
219000247,164,25,139
219000248,691,272,419
219000249,120,87,33
219000250,84,109,-25
219000251,451,187,264
219000252,172,165,7
219000253,352,70,282
219000255,122,93,29
219000256,176,67,109
219000257,101,3,98
219000262,115,140,-25
219000263,52,129,-77
219000267,3,107,-104
219000268,1,7,-6
219000269,7,5,2
219000270,7,1,6
219000271,87,4,83
219000278,0,6,-6
219000279,0,2,-2
219000283,0,15,-15
219000295,15,63,-48
219000296,80,509,-429
219000297,23,134,-111
219000298,10,162,-152
219000299,404,88,316
219000300,19,222,-203
219000301,224,337,-113
219000302,41,227,-186
219000307,27,40,-13
219000308,35,29,6
219000311,163,68,95
219000312,452,77,375
219000313,267,35,232
219000314,52,448,-396
219000315,216,36,180
219000316,438,65,373
219000317,68,14,54
219000320,1,59,-58
219000321,0,18,-18
219000323,4,70,-66
219000325,1,18,-17
219000326,47,69,-22
219000327,89,33,56
219000328,32,60,-28
219000329,252,112,140
219000330,56,24,32
219000331,35,37,-2
219000332,85,62,23
219000333,18,1,17
219000335,43,4,39
219000337,37,0,37
219000338,57,0,57
219000344,31,74,-43
219000345,44,90,-46
219000346,45,129,-84
219000348,108,96,12
219000349,40,183,-143
219000350,72,162,-90
219000351,5,5,0
219000352,294,47,247
219000353,88,51,37
219000354,162,101,61
219000355,154,50,104
219000356,1242,1153,89
219000363,185,36,149
219000364,58,32,26
219000365,100,13,87
219000366,182,226,-44
219000368,334,483,-149
219000370,1099,436,663
219000371,10,24,-14
219000382,11,14,-3
219000383,583,708,-125
219000385,481,400,81
219000386,713,1209,-496
219000387,2,5,-3
219000390,4,2,2
219000391,2,0,2
219000397,88,76,12
219000398,70,62,8
219000401,13,105,-92
219000402,21,150,-129
219000403,171,241,-70
219000404,32,118,-86
219000407,4,18,-14
219000409,49,32,17
219000410,54,36,18
219000411,45,11,34
219000446,180,281,-101
219000447,0,35,-35
219000448,12,3,9
219000452,108,79,29
219000453,80,134,-54
219000454,212,225,-13
219000556,210,73,137
219000558,185,154,31
219000590,30,113,-83
219000591,61,71,-10
219000592,145,315,-170
219000595,4,20,-16
219000635,166,39,127
219000636,30,111,-81
219000657,26,14,12
219000658,17,54,-37
219000673,1,11,-10
219000676,31,4,27
219000679,41,6,35
219000684,90,0,90
219000685,1,55,-54
219000686,1,1,0
219000688,1,62,-61
219000689,17,257,-240
219000690,133,17,116
219000691,48,237,-189
219000692,123,26,97
219000693,0,10,-10
219000694,5,0,5
219000695,27,3,24
219000698,40,0,40
219000699,0,12,-12
219000727,1,112,-111
219000728,138,1,137
219000770,47,1,46
219000771,0,36,-36
219000788,407,144,263
219001150,0,16,-16
219001151,0,0,0
219001166,46,28,18
219001167,3,123,-120
219001178,30,0,30
220000001,64,58,6
220000002,16,113,-97
220000003,831,224,607
220000004,890,420,470
220000005,1516,1678,-162
220000006,439,760,-321
220000007,441,520,-79
220000008,333,865,-532
220000009,185,395,-210
220000010,163,141,22
220000011,532,2904,-2372
220000012,64,321,-257
220000014,112,40,72
220000015,56,161,-105
220000017,34,201,-167
220000018,3650,2064,1586
220000019,74,247,-173
220000020,325,282,43
220000021,592,194,398
220000022,616,452,164
220000023,280,162,118
220000024,1638,311,1327
220000025,805,828,-23
220000026,238,210,28
220000027,82,91,-9
220000028,48,45,3
220000029,88,152,-64
220000030,150,79,71
220000031,395,338,57
220000064,26,847,-821
221000046,5,0,5
221000047,0,0,0
221000048,0,4,-4
221000049,0,10,-10
221000050,19,0,19
221000055,41,42,-1
221000057,59,6,53
221000068,254,104,150
221000069,253,55,198
221000070,170,34,136
221000071,51,8,43
221000072,184,10,174
221000073,142,42,100
221000074,0,12,-12
221000075,20,13,7
221000076,9,46,-37
221000077,24,76,-52
221000081,10,5,5
221000082,36,2,34
221000083,40,5,35
221000084,2,2,0
221000085,14,53,-39
221000086,24,108,-84
221000087,6,137,-131
221000088,13,189,-176
221000089,44,279,-235
221000090,134,418,-284
221000098,87,16,71
221000099,122,17,105
221000100,65,5,60
221000101,178,12,166
221000102,102,17,85
221000109,7,76,-69
221000110,7,85,-78
221000111,13,210,-197
221000112,4,164,-160
221000113,17,189,-172
221000114,9,130,-121
221000120,50,15,35
221000121,2,16,-14
221000122,55,18,37
221000123,17,6,11
221000124,43,192,-149
221000155,86,9,77
221000156,52,23,29
221000175,25,6,19
221000176,5,1,4
221000182,33,6,27
221000241,610,200,410
221000242,181,458,-277
221000243,441,117,324
221000244,268,420,-152
221000245,70,93,-23
221000246,34,240,-206
221000247,71,111,-40
221000248,109,190,-81
221000267,50,620,-570
221000325,133,42,91
221000331,12,79,-67
221000338,11,24,-13
221000378,213,22,191
221000381,34,64,-30
222000282,11,0,11
222000296,2,17,-15
222000568,197,25,172
222000569,108,35,73
222000570,72,9,63
222000571,184,25,159
222000577,10,120,-110
222000578,24,180,-156
222000579,19,110,-91
222000580,96,791,-695
222000599,0,125,-125
222000600,6,391,-385
222000601,10,1043,-1033
222000603,24,30,-6
222000604,12,31,-19
222000605,22,29,-7
222000606,6,11,-5
222000607,2,4,-2
222000608,23,12,11
222000609,137,236,-99
222000616,250,53,197
222000617,13,25,-12
222000618,9,17,-8
222000620,36,13,23
222000621,98,10,88
222000623,510,7,503
222000624,364,3,361
222000625,519,29,490
222000636,32,4,28
222000686,34,23,11
222000687,55,33,22
222001066,269,2,267
222001067,9,2,7
222001068,31,45,-14
222001069,17,37,-20
222001082,11,39,-28
222001083,15,55,-40
222001084,0,51,-51
222001085,4,72,-68
222001111,22,102,-80
222001112,56,24,32
222001313,19,8,11
222001314,8,115,-107
222001464,150,61,89
222001465,23,117,-94
222001484,113,63,50
222001485,25,55,-30
222001494,373,204,169
222001495,139,239,-100
222001496,278,126,152
222001497,151,481,-330
222001502,11,73,-62
222001503,223,67,156
222001504,18,260,-242
222001505,247,14,233
222001506,46,346,-300
222001507,345,13,332
222001510,286,29,257
222001511,30,342,-312
222001514,537,205,332
222001515,245,492,-247
222001518,201,87,114
222001519,45,217,-172
222001527,237,73,164
222001528,87,157,-70
222001529,185,53,132
222001530,49,150,-101
222001533,101,254,-153
222001534,271,83,188
222001535,212,289,-77
222001536,104,232,-128
222001537,316,40,276
222001538,58,484,-426
222001563,453,82,371
222001564,55,546,-491
222001568,351,94,257
222001576,2,0,2
222001579,0,3,-3
222001583,27,149,-122
222001584,74,36,38
222001596,544,1103,-559
222001597,1413,218,1195
222001626,0,171,-171
222001650,83,107,-24
222001651,65,80,-15
222001914,201,71,130
222001915,90,211,-121
222001968,419,328,91
222001969,542,669,-127
222001970,137,198,-61
222001971,14,14,0
222001972,2,16,-14
225000001,421,155,266
225000002,543,133,410
225000003,571,63,508
225000004,317,213,104
225000005,64,34,30
225000006,0,156,-156
225000007,1497,1251,246
225000010,261,9,252
225000011,399,875,-476
225000012,155,467,-312
225000013,54,75,-21
225000014,768,72,696
225000015,76,156,-80
225000021,611,148,463
225000027,212,428,-216
225000032,582,117,465
225000042,79,543,-464
225000049,31,34,-3
225000050,54,9,45
225000053,5,304,-299
225000058,570,141,429
225000067,155,138,17
225000068,146,266,-120
225000069,144,396,-252
225000070,84,324,-240
225000071,29,159,-130
225000075,22,994,-972
225000076,80,101,-21
225000078,60,52,8
225000085,52,114,-62
225000086,172,49,123
225000087,180,26,154
225000088,5,132,-127
225000089,277,912,-635
225000090,22,393,-371
225000091,143,149,-6
225000092,23,63,-40
225000093,181,225,-44
225000094,19,240,-221
225000095,269,358,-89
225000096,311,436,-125
225000098,550,263,287
225000099,257,131,126
225000100,299,146,153
225000104,114,342,-228
225000110,12,402,-390
225000111,241,1013,-772
225000112,360,1115,-755
225000113,220,411,-191
225000114,75,236,-161
225000115,1532,562,970
225000116,916,224,692
225000117,712,307,405
225000118,763,232,531
225000119,196,57,139
225000120,585,29,556
225000121,236,11,225
225000123,586,15,571
225000125,315,204,111
225000126,686,159,527
225000127,602,888,-286
225000128,399,546,-147
225000132,249,29,220
225000133,218,24,194
225000134,425,122,303
225000135,45,9,36
225000136,206,17,189
225000137,167,48,119
225000138,307,61,246
225000143,76,200,-124
225000144,4,363,-359
225000145,29,41,-12
225000146,68,116,-48
225000147,34,276,-242
225000148,5,231,-226
225000149,56,470,-414
225000151,54,225,-171
225000155,370,427,-57
225000156,150,749,-599
225000157,185,322,-137
225000158,65,313,-248
225000171,4,160,-156
225000180,22,1,21
225000181,0,70,-70
225000182,68,23,45
225000185,5,314,-309
225000187,24,280,-256
225000191,108,1,107
225000194,0,4,-4
225000208,0,51,-51
225000209,94,14,80
225000210,7,195,-188
225000217,0,29,-29
225000218,43,1,42
225000223,0,43,-43
225000224,167,0,167
225000225,1,92,-91
225000226,51,1,50
225000227,55,150,-95
225000228,12,7,5
225000229,0,66,-66
225000230,41,0,41
225000231,2,71,-69
225000232,144,1,143
225000241,74,4,70
225000242,0,45,-45
225000249,61,0,61
225000250,55,838,-783
225000251,318,29,289
225000256,0,0,0
225000257,0,0,0
226000042,311,429,-118
226000043,76,264,-188
226000044,127,577,-450
226000045,85,457,-372
226000046,268,48,220
226000047,328,91,237
226000048,260,89,171
226000049,193,123,70
226000070,0,42,-42
226000071,0,58,-58
226000072,0,10,-10
226000073,0,10,-10
226000074,1,16,-15
226000084,4,79,-75
226000085,1,13,-12
226000086,3,17,-14
226000087,10,19,-9
226000088,27,23,4
226000090,83,46,37
226000091,22,29,-7
226000092,52,2,50
226000093,16,0,16
226000094,21,4,17
226000095,32,17,15
226000105,9,0,9
226000106,10,0,10
226000107,8,0,8
226000108,33,0,33
226000109,86,0,86
226000124,123,49,74
226000134,500,374,126
226000135,956,411,545
226000136,400,285,115
226000137,1,322,-321
226000138,9,192,-183
226000139,0,24,-24
226000156,128,17,111
226000157,164,20,144
226000163,65,58,7
226000202,9,333,-324
226000231,308,17,291
226000232,29,5,24
227000033,282,46,236
227000036,282,24,258
227000037,210,30,180
227000038,189,14,175
227000084,0,106,-106
227000085,0,40,-40
227000088,28,5,23
227000089,135,1,134
227000090,44,1,43
227000091,17,0,17
227000092,38,0,38
227000093,93,0,93
227000094,19,0,19
227000130,22,57,-35
227000131,21,229,-208
227000132,18,237,-219
227000133,13,255,-242
227000134,19,358,-339
227000152,0,6,-6
227000153,1,57,-56
227000154,0,27,-27
227000155,0,18,-18
227000156,1,19,-18
227000165,10,28,-18
227000196,289,228,61
227000199,222,492,-270
227000230,27,362,-335
227000232,437,19,418
227000242,54,630,-576
227000243,363,45,318
227000245,16,409,-393
227000246,160,545,-385
227000247,292,67,225
227000248,289,46,243
227000249,20,224,-204
227000250,492,159,333
227000251,153,271,-118
227000252,34,371,-337
227000253,109,21,88
227000262,244,33,211
227000266,900,25,875
227000267,29,1285,-1256
227000282,6,160,-154
227000284,485,7,478
227000286,1,86,-85
227000287,9,104,-95
227000291,7,510,-503
227000484,301,17,284
227000485,35,830,-795
227000655,135,12,123
227000656,535,33,502
227000657,80,7,73
227000661,314,8,306
227000680,204,51,153
229000265,22,28,-6
229000296,2,15,-13
229000297,4,23,-19
229000298,3,102,-99
229000320,11,9,2
229000321,24,18,6
229000412,16,28,-12
229000414,9,38,-29
229000415,34,0,34
229000416,1,4,-3
229000417,2,15,-13
229000419,92,195,-103
229000440,247,55,192
229000442,11,3,8
229000443,2,10,-8
229000444,7,13,-6
229000445,87,13,74
229000446,56,6,50
229000491,0,11,-11
229000492,6,77,-71
229000493,3,57,-54
229000494,11,0,11
229000495,72,5,67
229000496,24,0,24
229000507,1,39,-38
229000508,0,24,-24
229000509,0,43,-43
229000510,0,29,-29
229000511,0,37,-37
229000512,0,31,-31
229000513,0,2,-2
229000514,0,1,-1
229000517,0,9,-9
229000518,11,14,-3
229000519,0,9,-9
229000520,9,24,-15
229000521,21,3,18
229000522,3,3,0
229000523,10,3,7
229000524,4,2,2
229000527,0,0,0
229000528,0,0,0
229000529,4,0,4
229000530,29,1,28
229000531,20,1,19
229000532,13,0,13
229000533,49,0,49
229000534,29,0,29
229000564,21,0,21
229000565,8,0,8
229000566,0,9,-9
229000567,0,22,-22
229000582,35,1,34
229000583,3,5,-2
229000584,0,27,-27
229000585,2,45,-43
229000718,0,4,-4
229000719,0,0,0
229000720,0,7,-7
229000721,1,2,-1
229000722,0,14,-14
229000723,0,10,-10
229000724,0,1,-1
229000725,0,3,-3
229000738,3,0,3
229000739,0,0,0
229000740,4,0,4
229000741,8,0,8
229000742,1,0,1
229000743,2,0,2
229000744,1,0,1
229000745,0,0,0
229000746,9,1,8
229000847,35,0,35
229000848,20,0,20
229000849,66,0,66
229000851,28,0,28
229000854,0,15,-15
229000856,2,82,-80
229000857,0,27,-27
229000858,0,45,-45
229000919,20,128,-108
229000930,7,201,-194
229000937,69,11,58
229000966,35,12,23
229000981,16,42,-26
229000985,2,24,-22
229000986,1,3,-2
229000987,0,2,-2
229000988,2,14,-12
229000989,6,15,-9
229000990,2,0,2
229000991,0,0,0
229000992,1,5,-4
229000993,98,19,79
229000998,5,56,-51
229000999,62,10,52
229001034,2,14,-12
229001035,2,0,2
229001037,57,5,52
229001042,19,13,6
229001047,4,43,-39
229001050,33,34,-1
229001168,0,12,-12
229001200,10,5,5
229001338,5,42,-37
229001394,155,0,155
229001422,102,18,84
229001423,23,176,-153
229001431,61,41,20
229001432,42,76,-34
229001444,169,46,123
229001445,37,122,-85
229001479,8,3,5
229001503,167,65,102
229001504,139,162,-23
229001505,86,61,25
229001506,76,114,-38
229001509,50,11,39
229001545,67,3,64
229001546,4,105,-101
229001553,91,21,70
229001554,30,89,-59
229001559,3,21,-18
229001560,15,39,-24
229001630,41,12,29
229001631,3,14,-11
229001635,0,7,-7
229001636,8,0,8
229001658,0,98,-98
229001659,91,0,91
229001660,4,5,-1
229001661,8,14,-6
229001662,10,0,10
229001663,0,17,-17
229002584,173,127,46
229002831,123,153,-30
229002841,4,14,-10
229002842,22,11,11
229002843,104,19,85
229002844,37,36,1
229002845,17,82,-65
229002846,16,17,-1
229002847,0,2,-2
229002848,4,17,-13
229002849,2,58,-56
229002850,18,1,17
229002851,46,86,-40
229002852,147,14,133
229002853,93,22,71
229002854,26,54,-28
229002855,3,7,-4
229002856,26,21,5
229002857,7,42,-35
229002858,18,9,9
229002859,39,31,8
229002860,124,9,115
229002861,56,30,26
229002862,44,8,36
229002863,17,16,1
229002864,35,27,8
229002865,8,9,-1
229002866,6,13,-7
229002867,4,23,-19
229002868,12,10,2
229002869,9,116,-107
229002870,34,9,25
235000066,391,77,314
235000067,138,121,17
235000072,20,65,-45
235000073,75,300,-225
235000074,27,60,-33
235000080,47,81,-34
235000081,118,102,16
235000082,104,46,58
235000083,163,75,88
235000084,50,43,7
235000085,96,61,35
235000089,25,22,3
235000092,29,115,-86
235000093,1,1,0
235000097,1,7,-6
235000098,36,12,24
235000099,28,17,11
235000116,60,31,29
235000117,694,8,686
235000133,6,397,-391
235000134,14,138,-124
235000206,9,2,7
235000207,5,0,5
235000208,2,0,2
235000209,39,0,39
235000210,20,3,17
235000212,9,30,-21
235000213,1,4,-3
235000220,0,0,0
235000221,76,18,58
235000238,4,45,-41
235000239,0,26,-26
235000242,309,333,-24
235000245,472,149,323
235000246,17,51,-34
235000284,11,86,-75
235000295,132,9,123
235000305,234,10,224
235000306,148,10,138
235000307,26,6,20
235000308,11,3,8
235000309,39,0,39
235000310,58,0,58
235000311,118,41,77
235000322,0,27,-27
235000323,0,49,-49
235000324,0,28,-28
235000325,1,17,-16
235000326,19,190,-171
235000351,4,59,-55
235000352,11,35,-24
235000353,1,16,-15
235000354,0,25,-25
235000355,10,36,-26
235000356,153,14,139
235000357,15,9,6
235000358,38,5,33
235000359,5,2,3
235000360,49,6,43
235000361,39,8,31
235000381,84,162,-78
235000382,130,42,88
235000390,15,2,13
235000391,101,18,83
235000392,146,275,-129
235000393,114,124,-10
235000395,85,29,56
235000396,283,62,221
235000400,75,24,51
235000401,31,182,-151
235000405,103,259,-156
235000406,29,277,-248
235000407,66,98,-32
235000409,164,113,51
235000410,35,260,-225
235000411,0,80,-80
235000485,0,5,-5
235000486,6,0,6
235000549,84,97,-13
235000550,59,188,-129
235000599,116,86,30
235000600,9,11,-2
235000601,3,34,-31
235000602,84,98,-14
235000614,6,3,3
235000648,0,12,-12
235000649,41,3,38
235000685,0,3,-3
235000815,11,23,-12
235000834,0,10,-10
235000855,28,59,-31
235000862,31,132,-101
235000891,0,5,-5
235000892,25,3,22
235000901,74,73,1
235000907,9,18,-9
235001010,74,83,-9
235001029,535,424,111
235001030,367,241,126
235001078,68,84,-16
235001079,56,116,-60
235001147,7,64,-57
235001166,2,56,-54
235001167,35,59,-24
235001169,32,279,-247
235001188,0,8,-8
235001189,2,2,0
235001197,6,16,-10
235001200,47,38,9
235001207,200,11,189
235001210,23,59,-36
235001215,33,103,-70
235001239,2,36,-34
235001244,0,5,-5
235016267,0,80,-80
277101746,0,0,0
277102712,3,0,3
277103813,0,1,-1
277103898,0,0,0
277104249,0,3,-3
277104250,0,2,-2
277104251,0,8,-8
277104252,1,5,-4
990011530,1,224,-223
990014944,0,469,-469
990015176,68,0,68
990015618,0,274,-274
990016032,1,311,-310
990032570,0,26,-26
990070001,92,3,89
990070103,0,4,-4
990070601,0,59,-59
990070751,680,7,673
990070766,3,447,-444
990071180,439,157,282
990071343,15,1,14
990071387,3,24,-21
990071823,418,4,414
990072600,2,733,-731
990072964,3,314,-311
990073285,0,5,-5
990074393,3,812,-809
990074870,1092,7,1085
990075106,1187,7,1180
990075746,438,7,431
990076437,940,4,936
990076458,1,774,-773
997000007,692,25,667
997000041,0,132,-132
997000058,49,0,49
997000062,44,0,44
997000069,0,2,-2
997000070,0,21,-21
997000100,23,0,23
997000141,2,493,-491
997000198,286,1271,-985
998000475,4,33,-29
998000736,1,139,-138
998000965,0,15,-15
998001031,0,78,-78
998001700,0,21,-21
998001899,0,2,-2
998001900,5,4,1
998003073,913,4,909
998101900,0,0,0
998102850,2,118,-116
998501927,799,428,371
998501929,98,34,64
998501930,76,14,62
998501931,118,4,114
998501932,13,1,12
998501933,29,2,27
998501937,22,3,19
998501944,10,1,9
998501950,1,46,-45
998501970,59,1,58
998501971,0,76,-76
998501973,0,55,-55
998501974,0,223,-223
998501975,186,3,183
998501976,103,0,103
998501977,0,26,-26
998501978,42,0,42
998501979,0,13,-13
998501980,209,2,207
998501981,50,3,47
998501982,0,75,-75
998501983,0,39,-39
998502006,0,0,0
998502024,0,10,-10
998502032,0,2,-2
998502062,5,1,4
998502063,0,0,0
998502173,11,0,11
998502269,0,5,-5
998502546,1,151,-150
998502578,2,7,-5
998502599,58,202,-144
998601159,0,133,-133
998601292,5,15,-10
999033574,1,405,-404
999800001,33,4,29
999800002,0,7,-7
999800003,2,2,0
999800004,0,7,-7
999800005,0,1,-1
