dong,insum,outsum,diff
강남구 개포1동,176,428,-252
강남구 개포2동,3137,6033,-2896
강남구 개포4동,1416,3637,-2221
강남구 논현1동,13190,10067,3123
강남구 논현2동,6573,6566,7
강남구 대치1동,6322,4505,1817
강남구 대치2동,7841,6784,1057
강남구 대치4동,7912,5552,2360
강남구 도곡1동,4179,4512,-333
강남구 도곡2동,2483,1732,751
강남구 삼성1동,8637,7025,1612
강남구 삼성2동,4477,4434,43
강남구 세곡동,3543,11608,-8065
강남구 수서동,9878,2839,7039
강남구 신사동,7601,4005,3596
강남구 압구정동,13407,8743,4664
강남구 역삼1동,25997,14402,11595
강남구 역삼2동,5763,5665,98
강남구 일원1동,2641,3109,-468
강남구 일원2동,1213,847,366
강남구 일원본동,2131,3757,-1626
강남구 청담동,8206,8552,-346
강동구 강일동,1381,7894,-6513
강동구 고덕제1동,1386,3548,-2162
강동구 고덕제2동,2460,2799,-339
강동구 길동,3748,4597,-849
강동구 둔촌제1동,25,91,-66
강동구 둔촌제2동,3526,3559,-33
강동구 명일제1동,4473,5186,-713
강동구 명일제2동,3024,2561,463
강동구 상일동,6528,6255,273
강동구 성내제1동,2677,3965,-1288
강동구 성내제2동,4346,3927,419
강동구 성내제3동,3727,4021,-294
강동구 암사제1동,1477,5156,-3679
강동구 암사제2동,830,622,208
강동구 암사제3동,295,288,7
강동구 천호제1동,1332,4554,-3222
강동구 천호제2동,10107,6004,4103
강동구 천호제3동,4039,2156,1883
강북구 미아동,6543,5534,1009
강북구 번1동,21659,13881,7778
강북구 번2동,1822,5920,-4098
강북구 번3동,2268,8618,-6350
강북구 삼각산동,1730,3907,-2177
강북구 삼양동,2809,8273,-5464
강북구 송중동,28917,22124,6793
강북구 송천동,5837,7572,-1735
강북구 수유1동,2504,5852,-3348
강북구 수유2동,2395,6257,-3862
강북구 수유3동,15582,8451,7131
강북구 우이동,2413,4914,-2501
강북구 월곡제1동,200,186,14
강북구 인수동,2374,8079,-5705
강서구 가양제1동,5633,4251,1382
강서구 가양제2동,589,1306,-717
강서구 가양제3동,517,1505,-988
강서구 공항동,2078,3568,-1490
강서구 등촌제1동,5173,7476,-2303
강서구 등촌제2동,2205,5294,-3089
강서구 등촌제3동,5987,6635,-648
강서구 발산제1동,4682,6842,-2160
강서구 방화제1동,2343,4363,-2020
강서구 방화제2동,887,1226,-339
강서구 방화제3동,122,713,-591
강서구 염창동,2219,5091,-2872
강서구 우장산동,3903,5980,-2077
강서구 화곡본동,1772,3951,-2179
강서구 화곡제1동,11219,13458,-2239
강서구 화곡제2동,781,3511,-2730
강서구 화곡제3동,4376,3542,834
강서구 화곡제4동,1806,4401,-2595
강서구 화곡제6동,6452,6456,-4
강서구 화곡제8동,6413,4229,2184
관악구 낙성대동,10623,13657,-3034
관악구 난곡동,1663,9194,-7531
관악구 난향동,1165,4407,-3242
관악구 남현동,5496,5066,430
관악구 대학동,9944,12873,-2929
관악구 미성동,4085,10266,-6181
관악구 보라매동,4047,7258,-3211
관악구 삼성동,3588,13764,-10176
관악구 서림동,5250,11833,-6583
관악구 서원동,25411,13902,11509
관악구 성현동,2100,8712,-6612
관악구 신림동,25620,12166,13454
관악구 신사동,3355,6641,-3286
관악구 신원동,800,2865,-2065
관악구 은천동,6213,8374,-2161
관악구 인헌동,3907,5312,-1405
관악구 조원동,12700,7815,4885
관악구 중앙동,3695,2717,978
관악구 청룡동,13473,5654,7819
관악구 청림동,599,2962,-2363
관악구 행운동,17057,12286,4771
광진구 광장동,1449,1877,-428
광진구 구의제1동,4190,4586,-396
광진구 구의제2동,3063,5413,-2350
광진구 구의제3동,4016,2010,2006
광진구 군자동,4706,6642,-1936
광진구 능동,4127,4682,-555
광진구 자양제1동,1094,1445,-351
광진구 자양제2동,4020,8012,-3992
광진구 자양제3동,1388,2319,-931
광진구 자양제4동,8511,6725,1786
광진구 중곡제1동,1892,3172,-1280
광진구 중곡제2동,2101,3554,-1453
광진구 중곡제3동,1848,3751,-1903
광진구 중곡제4동,1220,3165,-1945
광진구 화양동,9670,6088,3582
구로구 가리봉동,2688,2893,-205
구로구 개봉제1동,9658,10763,-1105
구로구 개봉제2동,7216,7264,-48
구로구 개봉제3동,994,3870,-2876
구로구 고척제1동,4199,7633,-3434
구로구 고척제2동,2918,8588,-5670
구로구 구로제1동,1666,3934,-2268
구로구 구로제2동,8103,9287,-1184
구로구 구로제3동,28275,7179,21096
구로구 구로제4동,4905,3851,1054
구로구 구로제5동,9447,6230,3217
구로구 수궁동,6561,7513,-952
구로구 신도림동,14701,6759,7942
구로구 오류제1동,3611,5167,-1556
구로구 오류제2동,3025,4027,-1002
구로구 항동,344,2778,-2434
금천구 가산동,11555,10082,1473
금천구 독산제1동,8446,17288,-8842
금천구 독산제2동,2926,6974,-4048
금천구 독산제3동,3573,7891,-4318
금천구 독산제4동,2293,2552,-259
금천구 미성동,21,196,-175
금천구 시흥제1동,10096,13294,-3198
금천구 시흥제2동,1755,6585,-4830
금천구 시흥제3동,2695,3264,-569
금천구 시흥제4동,1039,3470,-2431
금천구 시흥제5동,3385,6751,-3366
노원구 공릉1동,6809,6231,578
노원구 공릉2동,5192,6564,-1372
노원구 상계10동,5400,2025,3375
노원구 상계1동,5142,6256,-1114
노원구 상계2동,8471,4373,4098
노원구 상계3.4동,485,2096,-1611
노원구 상계5동,3935,4348,-413
노원구 상계6.7동,6212,4232,1980
노원구 상계8동,791,2184,-1393
노원구 상계9동,1770,3348,-1578
노원구 월계1동,13879,8612,5267
노원구 월계2동,2023,6003,-3980
노원구 월계3동,2372,4107,-1735
노원구 중계1동,2172,4699,-2527
노원구 중계2.3동,4077,4630,-553
노원구 중계4동,3686,2753,933
노원구 중계본동,2465,5572,-3107
노원구 하계1동,4434,5852,-1418
노원구 하계2동,3545,3824,-279
도봉구 도봉제1동,2620,4309,-1689
도봉구 도봉제2동,6199,6378,-179
도봉구 방학제1동,4127,8248,-4121
도봉구 방학제2동,962,5513,-4551
도봉구 방학제3동,1377,5382,-4005
도봉구 쌍문제1동,1796,7994,-6198
도봉구 쌍문제2동,2552,4987,-2435
도봉구 쌍문제3동,3202,2369,833
도봉구 쌍문제4동,1027,5594,-4567
도봉구 창제1동,14835,5584,9251
도봉구 창제2동,1860,5784,-3924
도봉구 창제3동,1943,5557,-3614
도봉구 창제4동,8251,6349,1902
도봉구 창제5동,6394,6854,-460
동대문구 답십리제1동,4080,5670,-1590
동대문구 답십리제2동,4538,6436,-1898
동대문구 면목제5동,4,19,-15
동대문구 용신동,16215,15491,724
동대문구 이문제1동,2794,4725,-1931
동대문구 이문제2동,1695,2399,-704
동대문구 장안제1동,9687,8694,993
동대문구 장안제2동,4751,9489,-4738
동대문구 전농제1동,5592,8759,-3167
동대문구 전농제2동,2538,5364,-2826
동대문구 제기동,8099,8419,-320
동대문구 청량리동,13314,8833,4481
동대문구 회기동,1363,1931,-568
동대문구 휘경제1동,6630,4275,2355
동대문구 휘경제2동,4826,6384,-1558
동작구 노량진제1동,24323,13694,10629
동작구 노량진제2동,9364,5828,3536
동작구 대방동,9981,14118,-4137
동작구 사당제1동,7714,7183,531
동작구 사당제2동,10809,7724,3085
동작구 사당제3동,1244,5099,-3855
동작구 사당제4동,309,446,-137
동작구 사당제5동,1490,4408,-2918
동작구 상도제1동,13390,18650,-5260
동작구 상도제2동,5476,8566,-3090
동작구 상도제3동,3533,7319,-3786
동작구 상도제4동,1542,8198,-6656
동작구 신대방제1동,1740,1768,-28
동작구 신대방제2동,6096,8215,-2119
동작구 흑석동,8820,10389,-1569
마포구 공덕동,4804,6740,-1936
마포구 대흥동,6681,5948,733
마포구 도화동,3565,2974,591
마포구 망원제1동,2415,5313,-2898
마포구 망원제2동,1883,3517,-1634
마포구 상암동,11764,11582,182
마포구 서강동,2590,3211,-621
마포구 서교동,48104,18274,29830
마포구 성산제1동,2743,6124,-3381
마포구 성산제2동,3608,8818,-5210
마포구 신수동,598,1951,-1353
마포구 아현동,5645,6381,-736
마포구 연남동,1492,2328,-836
마포구 염리동,889,1776,-887
마포구 용강동,4544,4324,220
마포구 합정동,6951,4981,1970
서대문구 남가좌제1동,2643,4216,-1573
서대문구 남가좌제2동,3648,9487,-5839
서대문구 북가좌제1동,1076,3182,-2106
서대문구 북가좌제2동,3260,7438,-4178
서대문구 북아현동,4635,5192,-557
서대문구 신촌동,38453,15965,22488
서대문구 연희동,15441,23395,-7954
서대문구 천연동,4699,6050,-1351
서대문구 충현동,8338,11674,-3336
서대문구 홍은제1동,3415,7585,-4170
서대문구 홍은제2동,5592,13904,-8312
서대문구 홍제제1동,7142,5392,1750
서대문구 홍제제2동,5868,7005,-1137
서대문구 홍제제3동,4536,4522,14
서초구 내곡동,1892,3940,-2048
서초구 반포1동,8408,6216,2192
서초구 반포2동,1927,1763,164
서초구 반포3동,6724,3959,2765
서초구 반포4동,6051,3619,2432
서초구 반포본동,2439,3161,-722
서초구 방배1동,4910,2764,2146
서초구 방배2동,4855,4183,672
서초구 방배3동,1691,2891,-1200
서초구 방배4동,3360,3889,-529
서초구 방배본동,2207,3102,-895
서초구 서초1동,3462,2918,544
서초구 서초2동,10665,9349,1316
서초구 서초3동,6217,5507,710
서초구 서초4동,12315,6703,5612
서초구 양재1동,14384,15704,-1320
서초구 양재2동,5621,8701,-3080
서초구 잠원동,5280,9075,-3795
성동구 금호1가동,1513,3382,-1869
성동구 금호2.3가동,2777,3709,-932
성동구 금호4가동,2153,3173,-1020
성동구 마장동,2295,3101,-806
성동구 사근동,3517,1587,1930
성동구 성수1가제1동,1781,2000,-219
성동구 성수1가제2동,1504,1330,174
성동구 성수2가제1동,1415,2331,-916
성동구 성수2가제3동,2538,1926,612
성동구 송정동,829,2079,-1250
성동구 옥수동,3454,4464,-1010
성동구 왕십리도선동,6000,3648,2352
성동구 왕십리제2동,2651,4668,-2017
성동구 용답동,4261,3593,668
성동구 응봉동,751,3864,-3113
성동구 행당제1동,6962,2822,4140
성동구 행당제2동,3397,4067,-670
성북구 길음제1동,6854,8818,-1964
성북구 길음제2동,3260,6106,-2846
성북구 돈암제1동,9741,7083,2658
성북구 돈암제2동,689,4812,-4123
성북구 동선동,18161,9987,8174
성북구 보문동,3400,3924,-524
성북구 삼선동,14093,12959,1134
성북구 석관동,2591,4902,-2311
성북구 성북동,7023,6627,396
성북구 안암동,5425,4366,1059
성북구 월곡제1동,4433,6529,-2096
성북구 월곡제2동,4170,3567,603
성북구 장위제1동,1593,7698,-6105
성북구 장위제2동,3255,4585,-1330
성북구 장위제3동,1507,3389,-1882
성북구 정릉제1동,3062,6596,-3534
성북구 정릉제2동,3270,12467,-9197
성북구 정릉제3동,2156,3919,-1763
성북구 정릉제4동,3374,8757,-5383
성북구 종암동,7374,12131,-4757
송파구 가락1동,1538,1738,-200
송파구 가락2동,3841,6454,-2613
송파구 가락본동,6382,6850,-468
송파구 거여1동,1214,1690,-476
송파구 거여2동,301,538,-237
송파구 마천1동,828,2528,-1700
송파구 마천2동,1858,5972,-4114
송파구 문정1동,1184,2865,-1681
송파구 문정2동,7156,7932,-776
송파구 방이1동,1551,3361,-1810
송파구 방이2동,7108,5604,1504
송파구 삼전동,3543,7028,-3485
송파구 석촌동,8269,10430,-2161
송파구 송파1동,5072,5474,-402
송파구 송파2동,1025,1777,-752
송파구 오금동,4425,7509,-3084
송파구 오륜동,2945,2286,659
송파구 위례동,1674,6558,-4884
송파구 잠실2동,1797,1697,100
송파구 잠실3동,16885,6884,10001
송파구 잠실4동,184,387,-203
송파구 잠실6동,6627,2946,3681
송파구 잠실7동,3477,1692,1785
송파구 잠실본동,11370,8118,3252
송파구 장지동,2123,3816,-1693
송파구 풍납1동,2020,1840,180
송파구 풍납2동,3039,4114,-1075
양천구 목1동,16242,6428,9814
양천구 목2동,9282,10757,-1475
양천구 목3동,4823,7033,-2210
양천구 목4동,3153,8276,-5123
양천구 목5동,5448,7341,-1893
양천구 신월1동,843,2211,-1368
양천구 신월2동,977,4244,-3267
양천구 신월3동,1459,3205,-1746
양천구 신월4동,1474,5064,-3590
양천구 신월5동,1332,3889,-2557
양천구 신월6동,709,1577,-868
양천구 신월7동,2224,7718,-5494
양천구 신정1동,2112,2229,-117
양천구 신정2동,1284,2022,-738
양천구 신정3동,5570,11786,-6216
양천구 신정4동,11150,6577,4573
양천구 신정6동,1062,1894,-832
양천구 신정7동,2216,4428,-2212
영등포구 당산제1동,4595,3333,1262
영등포구 당산제2동,13145,6838,6307
영등포구 대림제1동,1428,3451,-2023
영등포구 대림제2동,1281,1490,-209
영등포구 대림제3동,2301,4372,-2071
영등포구 도림동,1252,5718,-4466
영등포구 문래동,4857,4960,-103
영등포구 신길제1동,1300,2943,-1643
영등포구 신길제3동,1989,4781,-2792
영등포구 신길제4동,635,1908,-1273
영등포구 신길제5동,2471,2886,-415
영등포구 신길제6동,2759,5943,-3184
영등포구 신길제7동,2420,4508,-2088
영등포구 양평제1동,1969,2370,-401
영등포구 양평제2동,2768,4029,-1261
영등포구 여의동,20213,11059,9154
영등포구 영등포동,20992,11739,9253
영등포구 영등포본동,5158,4435,723
용산구 남영동,11875,7738,4137
용산구 보광동,1140,2448,-1308
용산구 서빙고동,1486,3314,-1828
용산구 용문동,792,1526,-734
용산구 용산2가동,1956,4659,-2703
용산구 원효로제1동,3053,3538,-485
용산구 원효로제2동,1142,3371,-2229
용산구 이촌제1동,2632,2773,-141
용산구 이촌제2동,390,1630,-1240
용산구 이태원제1동,4807,3842,965
용산구 이태원제2동,1549,2371,-822
용산구 청파동,3527,5232,-1705
용산구 필동,99,11,88
용산구 한강로동,15237,8218,7019
용산구 한남동,13925,11829,2096
용산구 효창동,1480,3604,-2124
용산구 후암동,1250,3760,-2510
은평구 갈현제1동,1590,6187,-4597
은평구 갈현제2동,7158,7188,-30
은평구 구산동,1292,5163,-3871
은평구 녹번동,8650,7382,1268
은평구 대조동,12008,9652,2356
은평구 불광제1동,13773,9336,4437
은평구 불광제2동,3890,7420,-3530
은평구 수색동,1938,3799,-1861
은평구 신사제1동,4504,7239,-2735
은평구 신사제2동,3649,5725,-2076
은평구 역촌동,6076,7856,-1780
은평구 응암제1동,3999,6626,-2627
은평구 응암제2동,1185,3747,-2562
은평구 응암제3동,3198,5115,-1917
은평구 증산동,6308,4823,1485
은평구 진관동,7715,12300,-4585
종로구 가회동,190,674,-484
종로구 교남동,1969,2021,-52
종로구 무악동,1222,1990,-768
종로구 부암동,2017,4980,-2963
종로구 사직동,12614,6701,5913
종로구 삼청동,538,668,-130
종로구 숭인제1동,321,1263,-942
종로구 숭인제2동,3880,3792,88
종로구 이화동,7977,4026,3951
종로구 종로1.2.3.4가동,34816,12664,22152
종로구 종로5.6가동,5655,3443,2212
종로구 창신제1동,7305,4945,2360
종로구 창신제2동,1521,3977,-2456
종로구 창신제3동,990,1818,-828
종로구 청운효자동,854,3115,-2261
종로구 충현동,783,512,271
종로구 평창동,2272,4724,-2452
종로구 혜화동,12388,7715,4673
중구 광희동,8245,3993,4252
중구 다산동,1688,2432,-744
중구 동화동,809,772,37
중구 명동,10377,3834,6543
중구 소공동,11796,4162,7634
중구 신당동,2493,4537,-2044
중구 신당제5동,5122,2622,2500
중구 약수동,1788,1747,41
중구 을지로동,2243,476,1767
중구 장충동,913,863,50
중구 중림동,2419,1704,715
중구 청구동,2172,1643,529
중구 필동,1681,845,836
중구 황학동,1958,1719,239
중구 회현동,14192,9172,5020
중랑구 망우본동,4848,7772,-2924
중랑구 망우제3동,867,3470,-2603
중랑구 면목본동,7059,6718,341
중랑구 면목제2동,1517,3361,-1844
중랑구 면목제3.8동,5380,7137,-1757
중랑구 면목제4동,2248,3713,-1465
중랑구 면목제5동,1439,3288,-1849
중랑구 면목제7동,802,2792,-1990
중랑구 묵제1동,4688,5121,-433
중랑구 묵제2동,967,1530,-563
중랑구 상봉제1동,2708,3395,-687
중랑구 상봉제2동,8879,7650,1229
중랑구 신내1동,2786,10843,-8057
중랑구 신내2동,5663,4983,680
중랑구 중화제1동,1897,3500,-1603
중랑구 중화제2동,5706,5164,542
NA,121671,209743,-88072
