ID,insum,outsum,diff
100000001,648,405,243
100000002,1682,699,983
100000003,7100,1643,5457
100000004,1848,730,1118
100000005,1935,1835,100
100000006,227,69,158
100000007,744,251,493
100000008,83,542,-459
100000009,183,119,64
100000010,16,29,-13
100000011,308,68,240
100000012,37,669,-632
100000013,23,179,-156
100000014,164,334,-170
100000015,1425,769,656
100000016,1069,1401,-332
100000017,636,1105,-469
100000018,1235,460,775
100000019,5424,1420,4004
100000020,1797,2244,-447
100000021,7297,1969,5328
100000022,1447,652,795
100000023,6399,757,5642
100000025,3245,371,2874
100000028,2010,710,1300
100000029,262,153,109
100000030,800,65,735
100000031,5352,3506,1846
100000032,2935,2237,698
100000033,565,1365,-800
100000034,881,248,633
100000035,1559,516,1043
100000036,2606,759,1847
100000037,268,353,-85
100000038,949,699,250
100000039,401,147,254
100000040,99,73,26
100000041,431,313,118
100000042,423,209,214
100000043,552,188,364
100000044,387,731,-344
100000045,427,1314,-887
100000046,562,1242,-680
100000047,210,761,-551
100000048,317,579,-262
100000049,1488,2512,-1024
100000051,246,1036,-790
100000053,22,4,18
100000054,94,29,65
100000055,313,235,78
100000056,145,430,-285
100000057,1237,639,598
100000058,717,1369,-652
100000059,3,100,-97
100000060,210,247,-37
100000061,973,423,550
100000062,1124,381,743
100000063,318,144,174
100000064,536,257,279
100000065,262,1061,-799
100000066,114,907,-793
100000067,417,778,-361
100000068,464,1564,-1100
100000069,194,1657,-1463
100000072,372,1059,-687
100000073,1070,1157,-87
100000075,351,248,103
100000076,1602,1177,425
100000077,677,64,613
100000078,135,18,117
100000079,37,25,12
100000080,6,11,-5
100000081,35,22,13
100000102,2037,917,1120
100000103,3225,689,2536
100000104,5329,1056,4273
100000105,4654,523,4131
100000106,2672,964,1708
100000107,629,258,371
100000108,969,1037,-68
100000109,3429,1149,2280
100000116,1054,389,665
100000117,23,19,4
100000118,987,566,421
100000119,416,401,15
100000121,146,648,-502
100000122,756,709,47
100000123,3933,3504,429
100000124,8509,4396,4113
100000125,3572,543,3029
100000126,574,220,354
100000127,1530,323,1207
100000128,1060,891,169
100000129,419,278,141
100000130,358,464,-106
100000131,4353,2173,2180
100000132,2214,1046,1168
100000133,10578,2703,7875
100000135,378,442,-64
100000139,128,117,11
100000140,164,241,-77
100000142,264,467,-203
100000143,1649,972,677
100000144,3893,1017,2876
100000147,691,1526,-835
100000150,17,489,-472
100000151,546,318,228
100000153,301,255,46
100000154,115,66,49
100000155,10,35,-25
100000156,67,62,5
100000157,46,132,-86
100000158,38,75,-37
100000159,338,404,-66
100000165,974,661,313
100000169,746,217,529
100000174,2020,326,1694
100000179,73,475,-402
100000180,1017,927,90
100000181,142,295,-153
100000188,59,306,-247
100000189,443,223,220
100000190,303,324,-21
100000191,441,321,120
100000192,118,60,58
100000193,107,137,-30
100000330,2311,353,1958
100000355,124,434,-310
100000362,4586,3577,1009
100000363,1782,2700,-918
100000364,324,129,195
100000365,2807,3703,-896
100000366,3562,2329,1233
100000367,2140,2514,-374
100000368,1853,1877,-24
100000369,891,945,-54
100000370,125,240,-115
100000376,58,68,-10
100000379,2201,958,1243
100000380,3379,1328,2051
100000384,6352,1904,4448
100000385,6785,2673,4112
100000386,10433,2218,8215
100000387,8579,2572,6007
100000388,14551,2869,11682
100000389,12639,2774,9865
100000390,14798,2252,12546
100000391,7962,2824,5138
100000392,2860,985,1875
100000393,1162,937,225
100000394,6105,2398,3707
100000395,3277,786,2491
100000396,4040,1482,2558
100000397,2164,1356,808
100000398,10126,7191,2935
100000413,3,0,3
100900002,1,64,-63
100900003,184,119,65
100900004,11,937,-926
100900005,104,4,100
100900006,10,240,-230
100900007,331,6,325
100900008,3,546,-543
100900009,39,33,6
100900010,58,135,-77
100900011,23,295,-272
100900012,2,278,-276
100900013,256,3,253
100900014,0,7,-7
100900015,128,91,37
100900016,0,34,-34
100900017,730,43,687
100900018,0,10,-10
100900019,15,61,-46
100900020,173,1,172
100900021,498,1,497
100900022,5,14,-9
100900023,0,21,-21
100900024,705,0,705
100900025,8,10,-2
100900026,18,154,-136
100900027,594,1924,-1330
100900028,79,127,-48
100900029,75,14,61
100900030,9,16,-7
100900031,206,72,134
100900032,88,0,88
100900033,221,75,146
100900034,266,0,266
100900035,796,2,794
100900036,12,2,10
100900037,29,288,-259
100900038,36,4,32
100900039,265,616,-351
100900040,198,938,-740
100900041,190,1037,-847
100900042,367,150,217
100900043,0,17,-17
100900044,2920,254,2666
100900045,71,0,71
100900046,687,5,682
100900047,761,60,701
100900048,38,7,31
100900049,26,276,-250
100900050,1,22,-21
100900051,62,39,23
100900052,82,18,64
100900053,109,18,91
100900054,0,98,-98
100900055,158,236,-78
100900056,66,201,-135
100900057,445,446,-1
100900058,141,30,111
100900059,26,1,25
100900060,52,6,46
100900061,208,224,-16
100900062,0,69,-69
100900063,94,360,-266
100900064,458,7,451
100900065,91,42,49
100900066,25,40,-15
100900067,6,8,-2
100900068,24,134,-110
100900069,257,6,251
100900070,89,4,85
100900071,583,229,354
100900072,0,71,-71
100900073,77,620,-543
100900074,0,2,-2
100900075,2597,242,2355
100900076,41,29,12
100900077,5,130,-125
100900078,38,116,-78
100900079,1,24,-23
100900080,80,129,-49
100900081,8,43,-35
100900082,31,795,-764
100900083,4,40,-36
100900085,0,70,-70
100900086,80,394,-314
100900088,25,784,-759
100900089,2,22,-20
100900090,125,431,-306
100900091,1,20,-19
100900092,103,84,19
100900093,66,117,-51
100900094,32,729,-697
100900095,1,29,-28
100900096,11,91,-80
100900097,2,9,-7
100900098,3,19,-16
100900099,25,569,-544
100900100,4,244,-240
100900101,338,26,312
100900102,98,27,71
100900103,0,9,-9
100900104,12,126,-114
100900105,3,58,-55
100900106,74,0,74
100900107,1684,441,1243
100900108,0,3,-3
100900109,10,24,-14
100900110,1,35,-34
100900111,48,133,-85
100900112,2,1,1
100900113,2,14,-12
100900114,0,21,-21
100900115,0,13,-13
100900116,639,249,390
100900117,202,324,-122
100900118,114,63,51
100900119,7,20,-13
100900120,2,9,-7
100900121,236,206,30
100900122,130,185,-55
100900123,65,65,0
100900124,0,4,-4
100900125,15,91,-76
100900126,47,230,-183
100900127,0,4,-4
100900128,92,114,-22
100900129,0,102,-102
100900131,21,85,-64
100900133,24,58,-34
100900134,1,2,-1
100900135,0,132,-132
100900137,248,215,33
100900138,335,242,93
100900139,1,3,-2
100900140,5,934,-929
100900141,2,259,-257
100900142,0,7,-7
100900143,963,242,721
100900144,5,3,2
100900145,12,113,-101
100900146,9,12,-3
100900147,5,253,-248
100900148,36,1049,-1013
100900149,18,80,-62
100900150,4,14,-10
100900151,70,510,-440
100900152,65,3,62
100900153,3,165,-162
100900154,2,21,-19
100900155,1,4,-3
100900156,39,2,37
100900157,1,81,-80
100900159,0,6,-6
100900160,10,17,-7
100900161,166,4,162
100900162,3,140,-137
100900163,114,214,-100
100900164,10,18,-8
100900165,19,50,-31
100900166,30,2,28
100900167,13,93,-80
100900168,14,114,-100
100900169,172,1208,-1036
100900170,12,8,4
100900171,12,736,-724
100900172,0,7,-7
100900173,1,626,-625
100900174,262,60,202
100900176,1148,45,1103
100900177,1067,204,863
100900178,181,148,33
100900179,76,35,41
100900180,1,0,1
100900181,70,22,48
100900182,7,6,1
100900184,2,117,-115
100900186,1003,513,490
100900187,6,248,-242
100900188,42,8,34
100900189,634,127,507
100900191,1043,671,372
100900192,214,148,66
100900195,68,142,-74
100900197,10,111,-101
100900198,8,229,-221
100900199,4,14,-10
100900200,584,326,258
100900201,80,850,-770
100900202,1,0,1
100900203,1,43,-42
100900204,240,124,116
100900205,86,209,-123
100900206,40,26,14
100900207,146,43,103
100900210,53,887,-834
100900211,247,59,188
100900213,29,8,21
100900214,818,33,785
100900215,1,27,-26
100900217,99,44,55
101000001,4450,2239,2211
101000002,3351,2370,981
101000003,811,1393,-582
101000004,10343,5725,4618
101000005,5354,4191,1163
101000006,9323,5540,3783
101000007,2307,2357,-50
101000008,3093,2437,656
101000009,1233,2176,-943
101000010,700,1558,-858
101000011,2500,747,1753
101000012,1927,355,1572
101000013,513,685,-172
101000014,410,556,-146
101000015,721,737,-16
101000016,318,335,-17
101000017,443,461,-18
101000018,4025,2342,1683
101000020,3966,1114,2852
101000021,1134,248,886
101000022,436,61,375
101000023,1716,677,1039
101000025,93,288,-195
101000026,363,21,342
101000027,1288,1214,74
101000028,632,144,488
101000029,19,745,-726
101000030,571,57,514
101000031,419,316,103
101000032,4982,1799,3183
101000033,2531,1581,950
101000034,2717,998,1719
101000035,1184,232,952
101000036,1415,251,1164
101000037,4960,795,4165
101000039,4288,750,3538
101000040,4940,1942,2998
101000041,13146,2586,10560
101000042,951,397,554
101000043,10270,2030,8240
101000045,1312,278,1034
101000046,1778,660,1118
101000047,1002,940,62
101000048,809,878,-69
101000049,862,561,301
101000050,3058,1629,1429
101000051,3988,963,3025
101000052,1496,415,1081
101000053,1038,1478,-440
101000054,1537,1609,-72
101000055,1547,731,816
101000056,49,44,5
101000057,3335,471,2864
101000058,2272,554,1718
101000059,3741,1130,2611
101000060,2016,195,1821
101000061,1322,607,715
101000062,1375,308,1067
101000063,359,281,78
101000064,1056,298,758
101000065,156,272,-116
101000066,287,175,112
101000067,531,343,188
101000068,167,120,47
101000069,200,82,118
101000070,1636,687,949
101000071,1834,554,1280
101000072,1050,2744,-1694
101000073,651,408,243
101000074,4306,2116,2190
101000075,6231,2577,3654
101000077,941,948,-7
101000078,865,1619,-754
101000079,280,473,-193
101000080,362,439,-77
101000081,934,814,120
101000082,3239,2233,1006
101000083,1405,1224,181
101000084,1304,1206,98
101000085,1461,880,581
101000086,1056,999,57
101000087,720,1170,-450
101000088,741,842,-101
101000089,785,1282,-497
101000090,2481,1544,937
101000091,292,1555,-1263
101000092,777,1169,-392
101000093,1237,697,540
101000094,451,1053,-602
101000095,243,798,-555
101000096,205,580,-375
101000097,514,225,289
101000098,504,491,13
101000099,952,964,-12
101000100,821,437,384
101000101,345,380,-35
101000102,766,288,478
101000103,857,464,393
101000104,221,289,-68
101000105,704,130,574
101000106,475,466,9
101000107,82,222,-140
101000108,1410,379,1031
101000109,131,53,78
101000110,22,750,-728
101000111,109,168,-59
101000113,82,555,-473
101000114,2302,1071,1231
101000115,81,71,10
101000116,70,156,-86
101000117,366,281,85
101000119,166,27,139
101000120,215,17,198
101000121,70,9,61
101000122,72,21,51
101000123,30,25,5
101000124,179,198,-19
101000125,114,358,-244
101000128,946,379,567
101000130,281,235,46
101000131,355,662,-307
101000132,253,1600,-1347
101000135,56,19,37
101000136,228,90,138
101000137,29,177,-148
101000141,2669,1296,1373
101000147,688,503,185
101000148,2715,25,2690
101000149,63,21,42
101000150,33,1092,-1059
101000151,83,67,16
101000152,304,303,1
101000153,472,478,-6
101000154,87,1798,-1711
101000155,135,138,-3
101000156,23,262,-239
101000157,42,31,11
101000160,25,75,-50
101000163,114,83,31
101000164,523,352,171
101000165,188,327,-139
101000166,241,542,-301
101000168,555,272,283
101000252,1062,601,461
101000254,419,15,404
101000258,29,12,17
101000261,74,110,-36
101000262,654,841,-187
101000263,240,1150,-910
101000265,48,463,-415
101000266,235,224,11
101000269,129,5,124
101000290,1884,1593,291
101000293,23,62,-39
101000294,430,416,14
101000295,90,468,-378
101000301,876,180,696
101000304,1657,2140,-483
101000305,2452,1716,736
101000328,42,327,-285
101900001,32,97,-65
101900002,0,26,-26
101900003,74,90,-16
101900004,5,30,-25
101900005,5724,832,4892
101900006,906,18,888
101900007,390,53,337
101900008,125,211,-86
101900009,42,309,-267
101900010,1014,352,662
101900011,315,1175,-860
101900012,119,220,-101
101900013,1371,126,1245
101900017,24,63,-39
101900018,2210,145,2065
101900019,143,53,90
101900020,78,91,-13
101900021,0,22,-22
101900022,39,1490,-1451
101900023,34,318,-284
101900026,79,42,37
101900027,1,84,-83
102000001,1882,3191,-1309
102000002,2714,1157,1557
102000003,3999,3474,525
102000004,11040,2285,8755
102000005,1376,1667,-291
102000006,2012,1407,605
102000007,1331,3395,-2064
102000008,6790,1633,5157
102000009,5322,6192,-870
102000010,6535,3113,3422
102000011,2124,2079,45
102000012,2969,3211,-242
102000018,3561,2111,1450
102000019,2649,1304,1345
102000026,264,412,-148
102000029,390,195,195
102000030,71,246,-175
102000031,20,262,-242
102000032,242,342,-100
102000033,117,381,-264
102000034,440,341,99
102000035,961,543,418
102000036,2,169,-167
102000037,126,69,57
102000038,137,78,59
102000039,95,41,54
102000040,440,92,348
102000041,148,189,-41
102000042,181,68,113
102000043,296,173,123
102000044,235,417,-182
102000045,606,976,-370
102000046,737,358,379
102000047,684,1176,-492
102000048,167,667,-500
102000049,601,449,152
102000050,918,1061,-143
102000051,267,566,-299
102000052,930,830,100
102000053,562,741,-179
102000054,226,720,-494
102000055,517,1010,-493
102000056,422,1385,-963
102000057,1226,571,655
102000058,921,1774,-853
102000059,1012,1224,-212
102000060,920,984,-64
102000061,951,2719,-1768
102000062,739,1384,-645
102000063,968,1406,-438
102000064,355,475,-120
102000065,21,118,-97
102000066,1495,990,505
102000067,2738,2558,180
102000068,7914,2275,5639
102000069,36,1786,-1750
102000070,2302,62,2240
102000071,5927,8933,-3006
102000072,2749,4336,-1587
102000073,1314,1027,287
102000074,736,917,-181
102000075,128,229,-101
102000076,208,480,-272
102000077,180,1270,-1090
102000078,523,950,-427
102000079,51,224,-173
102000080,112,229,-117
102000081,277,834,-557
102000082,648,341,307
102000083,188,703,-515
102000084,110,421,-311
102000085,1371,1307,64
102000086,826,1206,-380
102000087,563,2197,-1634
102000088,174,333,-159
102000089,763,514,249
102000090,388,1144,-756
102000091,1340,439,901
102000092,462,682,-220
102000093,483,507,-24
102000094,1210,387,823
102000095,834,1034,-200
102000096,1390,782,608
102000097,1619,1230,389
102000098,692,1017,-325
102000099,1044,495,549
102000100,1120,625,495
102000101,1504,284,1220
102000102,349,1385,-1036
102000103,1417,302,1115
102000104,1124,378,746
102000105,123,879,-756
102000106,547,1014,-467
102000107,508,529,-21
102000108,449,300,149
102000109,262,597,-335
102000110,353,1562,-1209
102000111,9,294,-285
102000112,98,83,15
102000113,10,29,-19
102000114,973,322,651
102000115,175,156,19
102000116,509,285,224
102000117,263,423,-160
102000118,1715,944,771
102000119,2518,480,2038
102000120,90,469,-379
102000121,891,519,372
102000122,354,681,-327
102000123,1428,948,480
102000124,937,708,229
102000125,931,760,171
102000126,464,578,-114
102000127,988,641,347
102000128,431,1087,-656
102000129,986,851,135
102000130,331,682,-351
102000131,1969,550,1419
102000132,742,532,210
102000133,844,2664,-1820
102000134,307,680,-373
102000135,1212,571,641
102000136,1121,346,775
102000137,1188,779,409
102000138,262,438,-176
102000139,46,345,-299
102000140,172,221,-49
102000141,180,518,-338
102000142,106,388,-282
102000143,61,473,-412
102000144,70,506,-436
102000145,167,497,-330
102000146,205,284,-79
102000147,275,261,14
102000148,207,157,50
102000149,102,662,-560
102000150,149,253,-104
102000151,82,370,-288
102000152,93,179,-86
102000153,708,240,468
102000154,382,581,-199
102000155,83,224,-141
102000156,349,38,311
102000157,67,101,-34
102000158,360,276,84
102000159,1611,159,1452
102000161,5402,1195,4207
102000162,193,116,77
102000163,123,385,-262
102000164,1261,622,639
102000165,214,131,83
102000166,52,84,-32
102000167,173,165,8
102000168,188,84,104
102000169,67,319,-252
102000170,612,101,511
102000171,90,59,31
102000172,44,160,-116
102000173,193,184,9
102000174,21,54,-33
102000175,89,152,-63
102000176,28,38,-10
102000178,138,568,-430
102000179,162,150,12
102000180,370,574,-204
102000181,418,755,-337
102000182,350,686,-336
102000183,992,2002,-1010
102000184,892,864,28
102000185,1415,1645,-230
102000186,607,2057,-1450
102000187,443,1958,-1515
102000188,441,1404,-963
102000189,3122,978,2144
102000190,704,2291,-1587
102000191,1295,567,728
102000192,569,908,-339
102000193,20,193,-173
102000194,45,142,-97
102000195,284,528,-244
102000196,109,654,-545
102000197,232,546,-314
102000198,83,1017,-934
102000199,292,445,-153
102000200,178,1321,-1143
102000201,365,553,-188
102000202,0,190,-190
102000203,105,298,-193
102000204,206,1075,-869
102000205,430,695,-265
102000206,361,720,-359
102000207,551,419,132
102000208,155,593,-438
102000209,23,45,-22
102000210,163,629,-466
102000211,209,485,-276
102000212,81,9,72
102000213,1,386,-385
102000214,91,12,79
102000215,3,672,-669
102000216,17,29,-12
102000217,7,262,-255
102000218,74,58,16
102000219,343,421,-78
102000225,810,765,45
102000226,5732,352,5380
102000227,92,2,90
102000228,1,87,-86
102000229,41,22,19
102000230,199,659,-460
102000231,155,405,-250
102000232,9,127,-118
102000233,328,546,-218
102000234,100,1490,-1390
102000236,386,75,311
102000237,365,192,173
102000238,176,325,-149
102000240,699,494,205
102000241,228,102,126
102000243,5,36,-31
102000245,8,143,-135
102000246,10,28,-18
102000247,1376,996,380
102000248,604,422,182
102000249,79,180,-101
102000250,37,437,-400
102000254,32,491,-459
102000266,66,132,-66
102000271,17,0,17
102000286,491,276,215
102000297,1603,773,830
102000299,0,0,0
102000301,0,0,0
102000305,0,0,0
102000307,0,0,0
102900001,987,795,192
102900002,217,24,193
102900003,28,335,-307
102900005,192,285,-93
102900006,384,224,160
102900007,547,46,501
102900008,189,74,115
102900009,599,170,429
102900010,616,503,113
102900011,2286,276,2010
102900012,409,53,356
102900013,14,74,-60
102900015,711,160,551
102900016,35,96,-61
102900017,67,713,-646
102900018,4,150,-146
102900019,377,584,-207
102900020,77,41,36
102900021,3,128,-125
102900022,367,59,308
102900023,11,49,-38
102900024,14,61,-47
102900025,287,107,180
102900026,595,1100,-505
102900027,38,71,-33
102900028,80,335,-255
102900029,105,78,27
102900030,264,183,81
102900031,54,147,-93
102900032,25,133,-108
102900033,81,172,-91
102900034,193,128,65
102900035,50,519,-469
102900036,144,723,-579
102900037,115,874,-759
102900038,329,686,-357
102900039,12,392,-380
102900040,140,214,-74
102900041,41,174,-133
102900042,165,354,-189
102900043,88,275,-187
102900044,527,1923,-1396
102900045,60,541,-481
102900046,58,346,-288
102900047,60,664,-604
102900048,424,889,-465
102900049,74,387,-313
102900050,209,431,-222
102900051,146,195,-49
102900052,60,25,35
102900053,260,771,-511
102900054,884,748,136
102900055,62,114,-52
102900056,173,559,-386
102900057,1,20,-19
102900058,242,44,198
102900059,9,58,-49
102900060,50,450,-400
102900061,61,465,-404
102900062,79,1593,-1514
102900063,510,469,41
102900064,148,406,-258
102900065,1592,789,803
102900066,296,50,246
102900068,41,96,-55
102900070,88,790,-702
102900072,15,31,-16
102900073,119,7,112
102900075,13,25,-12
102900076,294,36,258
102900077,32,31,1
102900078,46,77,-31
102900079,190,11,179
102900080,262,24,238
102900081,59,212,-153
102900082,21,239,-218
102900083,287,6,281
102900084,4,26,-22
102900085,88,51,37
102900086,5,25,-20
102900087,54,124,-70
102900088,13,38,-25
102900089,279,132,147
102900090,3,495,-492
102900091,40,1,39
102900092,105,1071,-966
102900093,169,158,11
102900094,0,56,-56
102900095,37,1,36
102900096,19,11,8
102900097,5,136,-131
102900098,21,6,15
103000001,2200,2430,-230
103000002,1749,1964,-215
103000003,3002,2341,661
103000004,918,585,333
103000005,2048,2021,27
103000006,485,1275,-790
103000007,385,870,-485
103000008,802,997,-195
103000009,664,699,-35
103000010,101,100,1
103000011,1659,837,822
103000012,950,1147,-197
103000013,7191,1775,5416
103000014,1231,1342,-111
103000015,2530,728,1802
103000016,554,690,-136
103000017,90,252,-162
103000018,1092,396,696
103000019,172,140,32
103000020,1733,1284,449
103000021,1120,1251,-131
103000022,807,1194,-387
103000023,306,992,-686
103000024,120,158,-38
103000025,46,253,-207
103000026,1875,126,1749
103000027,300,309,-9
103000028,856,316,540
103000029,460,120,340
103000030,2013,523,1490
103000031,1312,948,364
103000032,1657,1568,89
103000033,2268,1986,282
103000034,1771,885,886
103000035,427,798,-371
103000036,393,398,-5
103000037,769,427,342
103000038,491,673,-182
103000039,229,434,-205
103000040,226,1230,-1004
103000041,1205,2828,-1623
103000042,575,707,-132
103000043,254,1180,-926
103000044,113,275,-162
103000046,177,268,-91
103000047,386,681,-295
103000048,91,149,-58
103000049,78,198,-120
103000050,474,716,-242
103000051,226,551,-325
103000052,692,421,271
103000053,114,389,-275
103000054,1480,1047,433
103000055,1279,1323,-44
103000056,421,2321,-1900
103000057,391,299,92
103000058,278,882,-604
103000059,236,749,-513
103000060,586,748,-162
103000061,360,676,-316
103000062,883,815,68
103000063,546,609,-63
103000064,79,238,-159
103000065,6,374,-368
103000066,89,15,74
103000069,82,383,-301
103000070,529,1203,-674
103000071,544,332,212
103000072,92,1027,-935
103000073,225,112,113
103000074,400,67,333
103000075,84,931,-847
103000076,148,196,-48
103000077,50,369,-319
103000078,1203,255,948
103000079,1519,385,1134
103000080,1105,157,948
103000081,497,573,-76
103000082,277,192,85
103000083,67,356,-289
103000084,188,4,184
103000085,5,83,-78
103000086,493,222,271
103000087,104,320,-216
103000088,313,304,9
103000089,151,230,-79
103000090,1282,961,321
103000091,470,357,113
103000092,186,306,-120
103000093,286,541,-255
103000094,148,145,3
103000095,20,419,-399
103000096,699,107,592
103000097,63,693,-630
103000098,964,159,805
103000099,412,625,-213
103000100,55,1028,-973
103000101,464,122,342
103000102,95,695,-600
103000103,372,223,149
103000104,38,146,-108
103000105,76,129,-53
103000106,8,103,-95
103000107,222,63,159
103000108,407,497,-90
103000109,308,302,6
103000110,294,409,-115
103000111,463,401,62
103000112,208,237,-29
103000113,674,589,85
103000114,775,352,423
103000115,302,396,-94
103000116,354,499,-145
103000117,120,478,-358
103000118,1195,1097,98
103000119,1924,602,1322
103000120,58,78,-20
103000121,113,439,-326
103000122,192,178,14
103000125,6,600,-594
103000126,236,9,227
103000127,0,250,-250
103000128,78,4,74
103000129,0,156,-156
103000130,28,18,10
103000131,218,71,147
103000132,59,89,-30
103000133,2,237,-235
103000134,696,473,223
103000135,970,212,758
103000136,831,282,549
103000137,590,499,91
103000138,937,603,334
103000139,2,43,-41
103000140,95,9,86
103000141,17,93,-76
103000142,104,74,30
103000143,26,219,-193
103000144,97,77,20
103000145,12,30,-18
103000150,46,58,-12
103000152,163,207,-44
103000153,92,131,-39
103000156,2,532,-530
103000157,150,0,150
103000159,112,108,4
103000162,61,35,26
103000163,5,17,-12
103000164,3,6,-3
103000165,120,408,-288
103000166,92,149,-57
103000167,108,111,-3
103000168,46,171,-125
103000169,141,238,-97
103000170,401,457,-56
103000171,26,94,-68
103000172,186,271,-85
103000173,166,849,-683
103000174,92,297,-205
103000175,92,500,-408
103000176,644,205,439
103000177,730,376,354
103000178,377,250,127
103000179,79,29,50
103000183,43,34,9
103000185,29,61,-32
103000186,39,161,-122
103000187,164,742,-578
103000188,15,90,-75
103000189,786,970,-184
103000191,633,801,-168
103000292,2835,659,2176
103000293,1677,967,710
103000295,70,74,-4
103000296,63,5,58
103000297,88,12,76
103000504,88,12,76
103000505,9,4,5
103000506,1,245,-244
103000507,97,6,91
103000508,62,25,37
103000509,186,507,-321
103900001,1,389,-388
103900002,1877,172,1705
103900003,1803,76,1727
103900004,13,1,12
103900005,2,258,-256
103900006,9,0,9
103900007,12,14,-2
103900008,1,0,1
103900009,154,262,-108
103900010,97,229,-132
103900011,77,250,-173
103900012,9,13,-4
103900013,22,89,-67
103900014,25,20,5
103900015,32,19,13
103900016,155,326,-171
103900017,10,88,-78
103900018,690,156,534
103900019,41,158,-117
103900020,104,245,-141
103900021,882,55,827
103900022,794,570,224
103900023,88,0,88
103900024,78,722,-644
103900025,4,62,-58
103900026,0,0,0
103900027,360,323,37
103900028,6,188,-182
103900029,657,111,546
103900030,105,22,83
103900031,2,0,2
103900032,28,39,-11
103900033,91,6,85
103900034,19,280,-261
103900035,25,55,-30
103900036,28,18,10
103900037,42,13,29
103900038,52,82,-30
103900039,21,472,-451
103900040,1,225,-224
103900041,5,17,-12
103900042,24,455,-431
103900043,48,129,-81
103900044,297,127,170
103900045,137,169,-32
103900047,23,29,-6
103900048,48,19,29
103900049,194,1140,-946
103900050,2,53,-51
103900051,0,26,-26
103900052,88,727,-639
103900053,65,1198,-1133
103900054,36,643,-607
103900055,238,241,-3
103900056,14,62,-48
103900057,7,353,-346
103900058,74,828,-754
103900059,0,2,-2
103900060,16,226,-210
103900061,75,37,38
103900062,127,38,89
103900063,0,0,0
103900064,22,3,19
103900065,792,315,477
103900066,53,5,48
103900067,49,2,47
103900068,0,0,0
103900069,47,3,44
103900070,86,278,-192
103900071,21,217,-196
103900072,4,366,-362
103900073,36,13,23
103900074,39,103,-64
103900075,140,104,36
103900076,178,906,-728
103900077,83,45,38
103900078,71,115,-44
103900079,56,259,-203
103900080,3,18,-15
103900081,102,15,87
103900082,0,68,-68
103900083,2296,384,1912
103900084,27,101,-74
103900085,66,95,-29
103900086,242,258,-16
103900088,343,195,148
103900089,42,200,-158
103900090,3,210,-207
103900091,754,235,519
103900092,226,545,-319
103900093,114,522,-408
103900094,3,187,-184
103900095,147,164,-17
103900096,11,382,-371
103900097,2,474,-472
103900098,130,55,75
103900099,22,328,-306
103900100,90,376,-286
103900101,46,950,-904
103900102,0,51,-51
103900104,1,25,-24
103900105,75,200,-125
103900106,0,10,-10
103900107,40,196,-156
103900108,25,514,-489
103900109,36,89,-53
103900110,186,42,144
103900111,16,906,-890
103900112,0,39,-39
103900113,114,151,-37
103900114,599,338,261
103900115,222,64,158
103900116,8060,1180,6880
103900117,221,143,78
103900119,18,24,-6
103900120,16,103,-87
103900122,47,462,-415
103900123,1498,524,974
103900124,32,661,-629
103900125,47,93,-46
103900126,204,532,-328
103900127,91,852,-761
103900128,32,251,-219
103900131,19,167,-148
103900133,652,10,642
103900134,0,1,-1
103900135,17,4,13
103900137,2,57,-55
103900138,36,499,-463
103900139,250,873,-623
103900140,3,34,-31
103900141,214,92,122
103900142,67,159,-92
103900143,25,2,23
103900144,0,87,-87
103900145,134,369,-235
103900146,175,375,-200
103900147,222,155,67
103900148,100,212,-112
103900149,71,841,-770
103900150,7960,1678,6282
103900151,22,179,-157
103900152,162,814,-652
103900153,2,1,1
103900154,1426,713,713
103900155,11,262,-251
103900156,13,182,-169
103900157,14,285,-271
103900158,15,173,-158
103900159,45,82,-37
103900160,8,12,-4
103900161,51,233,-182
103900162,68,227,-159
103900163,8,348,-340
103900167,7,42,-35
103900168,36,167,-131
103900169,6,35,-29
103900170,2,84,-82
103900171,2,82,-80
103900172,15,22,-7
103900173,2,4,-2
103900174,45,54,-9
103900175,21,28,-7
103900176,4,6,-2
103900177,7,57,-50
103900178,22,92,-70
103900179,27,224,-197
103900180,6,130,-124
103900181,59,31,28
103900182,12,14,-2
103900184,578,25,553
103900185,241,92,149
103900187,104,30,74
103900188,22,13,9
103900189,85,7,78
103900190,37,37,0
103900191,22,43,-21
103900192,29,82,-53
103900193,209,111,98
103900194,34,400,-366
103900195,1,26,-25
103900196,15,18,-3
103900197,8,29,-21
103900198,14,56,-42
103900199,63,94,-31
103900200,122,161,-39
103900201,34,186,-152
103900202,4,33,-29
103900203,8,19,-11
103900204,5,110,-105
103900207,1,179,-178
103900208,26,0,26
103900209,9,105,-96
103900210,10,25,-15
103900211,298,683,-385
103900212,28,561,-533
103900213,106,234,-128
103900214,165,78,87
103900215,661,234,427
103900216,5,484,-479
103900217,301,13,288
103900218,0,189,-189
103900219,43,278,-235
103900233,55,2,53
103900235,25,9,16
103900236,24,1,23
103900242,1,7,-6
103900243,0,4,-4
103900244,43,385,-342
103900245,33,332,-299
103900246,49,62,-13
103900247,31,127,-96
103900248,3,15,-12
103900249,13,33,-20
103900250,18,12,6
103900251,3,29,-26
103900253,21,24,-3
103900254,2,6,-4
103900255,8,6,2
103900256,6,6,0
103900257,49,45,4
103900258,20,1,19
103900259,57,4,53
103900261,4,1,3
103900262,20,2,18
103900263,44,33,11
103900264,56,15,41
103900265,33,3,30
103900266,0,30,-30
103900267,7,54,-47
103900268,3,144,-141
103900269,57,34,23
103900270,9,123,-114
103900271,25,223,-198
103900272,57,101,-44
103900273,13,66,-53
103900274,16,10,6
103900275,24,19,5
103900276,4,157,-153
103900277,3,180,-177
103900278,11,53,-42
103900279,2,13,-11
103900280,0,121,-121
104000001,1639,2142,-503
104000002,1187,2453,-1266
104000003,2140,2166,-26
104000004,3429,2354,1075
104000005,814,1892,-1078
104000006,2235,2992,-757
104000007,3614,3517,97
104000008,206,550,-344
104000009,77,133,-56
104000010,98,157,-59
104000011,723,540,183
104000012,152,550,-398
104000013,81,114,-33
104000014,144,825,-681
104000015,209,135,74
104000016,468,470,-2
104000018,428,136,292
104000019,348,120,228
104000020,169,1080,-911
104000021,225,868,-643
104000022,101,329,-228
104000023,337,333,4
104000024,159,393,-234
104000026,37,320,-283
104000027,236,436,-200
104000028,184,226,-42
104000029,363,661,-298
104000030,197,239,-42
104000031,504,239,265
104000032,162,403,-241
104000033,340,338,2
104000034,301,460,-159
104000035,431,474,-43
104000036,353,722,-369
104000037,218,351,-133
104000038,221,266,-45
104000039,193,510,-317
104000040,520,523,-3
104000041,281,342,-61
104000042,193,490,-297
104000043,218,370,-152
104000044,132,873,-741
104000045,681,1298,-617
104000046,1486,1656,-170
104000047,543,1474,-931
104000048,1194,2211,-1017
104000049,259,303,-44
104000050,135,503,-368
104000051,100,799,-699
104000052,802,1328,-526
104000053,609,690,-81
104000054,357,741,-384
104000055,4146,3154,992
104000056,1823,212,1611
104000057,108,601,-493
104000058,465,767,-302
104000059,411,1167,-756
104000060,539,1021,-482
104000061,856,1407,-551
104000062,190,146,44
104000064,658,291,367
104000065,115,346,-231
104000069,1614,605,1009
104000070,45,338,-293
104000071,102,436,-334
104000072,604,212,392
104000075,58,284,-226
104000076,393,98,295
104000082,2004,2225,-221
104000083,672,195,477
104000084,124,484,-360
104000085,187,219,-32
104000086,122,447,-325
104000087,425,914,-489
104000090,579,1792,-1213
104000092,552,2955,-2403
104000094,685,2417,-1732
104000095,1145,1374,-229
104000096,688,522,166
104000097,1071,1302,-231
104000098,1032,1543,-511
104000100,859,740,119
104000101,710,2375,-1665
104000106,89,567,-478
104000107,605,629,-24
104000108,326,676,-350
104000109,224,57,167
104000110,710,875,-165
104000111,6169,1609,4560
104000112,2845,526,2319
104000116,5,1457,-1452
104000117,74,1153,-1079
104000118,297,274,23
104000119,308,233,75
104000120,149,1237,-1088
104000121,113,688,-575
104000122,379,750,-371
104000123,853,1653,-800
104000124,2000,3015,-1015
104000125,5677,2778,2899
104000126,231,474,-243
104000127,1727,4699,-2972
104000128,835,553,282
104000129,336,27,309
104000130,10,179,-169
104000131,1075,677,398
104000132,672,972,-300
104000133,999,787,212
104000134,754,1393,-639
104000135,366,814,-448
104000136,877,1991,-1114
104000137,1836,207,1629
104000138,1321,371,950
104000139,10781,3061,7720
104000141,1355,1947,-592
104000142,554,1315,-761
104000143,447,910,-463
104000144,43,206,-163
104000145,331,170,161
104000146,496,648,-152
104000147,91,395,-304
104000148,173,152,21
104000149,217,514,-297
104000150,486,410,76
104000151,253,838,-585
104000152,425,943,-518
104000153,255,352,-97
104000154,1255,792,463
104000155,230,398,-168
104000157,1073,1915,-842
104000158,159,233,-74
104000159,488,325,163
104000160,1520,1332,188
104000161,163,146,17
104000162,21,113,-92
104000165,1396,1077,319
104000167,348,521,-173
104000168,508,6,502
104000169,24,52,-28
104000170,1064,285,779
104000248,163,864,-701
104000251,39,393,-354
104000272,0,0,0
104000273,0,0,0
104000274,0,0,0
104000275,0,0,0
104000279,682,558,124
104000290,30,357,-327
104000291,624,1008,-384
104000293,586,668,-82
104000294,6,0,6
104000295,402,757,-355
104000296,207,741,-534
104000297,837,1356,-519
104000298,2056,934,1122
104000299,561,1292,-731
104900001,60,396,-336
104900002,11,86,-75
104900003,21,455,-434
104900004,62,413,-351
104900005,134,211,-77
104900006,109,71,38
104900007,150,278,-128
104900009,101,601,-500
104900010,18,9,9
104900011,1,0,1
104900012,101,11,90
104900013,54,7,47
104900014,4442,442,4000
104900015,77,3,74
104900016,95,364,-269
104900017,48,188,-140
104900018,4,201,-197
104900019,234,1025,-791
104900020,29,292,-263
104900021,1,319,-318
104900022,11,173,-162
104900023,1,171,-170
104900024,26,127,-101
104900025,43,423,-380
104900026,1,147,-146
104900027,162,215,-53
104900028,24,101,-77
104900029,28,71,-43
104900030,229,152,77
104900031,166,220,-54
104900032,50,203,-153
104900033,98,160,-62
104900034,190,86,104
104900035,123,104,19
104900036,78,67,11
104900037,74,388,-314
104900038,650,320,330
104900039,853,190,663
104900040,184,76,108
104900041,157,127,30
104900042,65,494,-429
104900043,17,30,-13
104900044,302,157,145
104900045,270,40,230
104900046,42,130,-88
104900047,161,140,21
104900048,155,106,49
104900049,9,3,6
104900050,71,98,-27
104900051,108,40,68
104900052,53,1,52
104900053,262,61,201
104900054,175,37,138
104900055,13,2,11
104900056,81,8,73
104900057,7,0,7
104900058,892,164,728
104900059,27,47,-20
104900060,1,330,-329
104900061,264,738,-474
104900063,1,132,-131
104900064,0,121,-121
104900065,0,97,-97
104900066,2,222,-220
104900067,2,244,-242
104900068,8,286,-278
104900070,72,305,-233
104900071,5,767,-762
104900072,30,214,-184
104900073,18,314,-296
104900074,31,251,-220
104900075,25,82,-57
104900076,73,485,-412
104900077,1326,70,1256
104900078,103,925,-822
104900079,110,164,-54
104900080,32,627,-595
104900082,9,371,-362
104900085,1,203,-202
104900087,259,4,255
104900089,85,0,85
104900090,314,462,-148
104900091,427,1043,-616
104900093,230,563,-333
104900097,3698,1151,2547
104900098,41,33,8
104900099,64,321,-257
104900100,717,263,454
104900102,18,258,-240
104900103,538,126,412
104900104,3926,1032,2894
104900106,23,144,-121
104900107,52,372,-320
104900108,8,324,-316
104900109,38,183,-145
104900110,2,42,-40
104900111,126,73,53
104900112,178,1151,-973
104900113,461,531,-70
104900114,151,794,-643
104900115,352,649,-297
104900116,89,380,-291
104900118,22,51,-29
104900119,0,28,-28
104900120,104,60,44
104900121,1,133,-132
104900122,1,96,-95
104900123,12,2,10
104900124,18,0,18
104900125,424,9,415
104900126,77,54,23
104900127,12,20,-8
104900128,50,196,-146
104900129,2854,804,2050
105000001,1800,1724,76
105000002,1620,1811,-191
105000003,2181,4024,-1843
105000004,386,1012,-626
105000005,547,1271,-724
105000006,827,1411,-584
105000007,610,1093,-483
105000008,607,1354,-747
105000009,985,2418,-1433
105000010,3126,2562,564
105000011,1567,1866,-299
105000012,4201,3092,1109
105000013,526,820,-294
105000014,961,1648,-687
105000015,7311,4549,2762
105000016,3418,1695,1723
105000017,1546,1088,458
105000018,1281,780,501
105000019,1366,1012,354
105000020,146,261,-115
105000021,238,139,99
105000022,138,33,105
105000023,285,223,62
105000028,42,135,-93
105000029,262,655,-393
105000030,3611,3653,-42
105000033,856,2050,-1194
105000034,98,497,-399
105000037,601,582,19
105000038,1296,950,346
105000039,3486,1850,1636
105000040,480,561,-81
105000041,702,1204,-502
105000042,2035,885,1150
105000043,2293,2257,36
105000044,254,354,-100
105000045,256,866,-610
105000046,408,307,101
105000047,392,1499,-1107
105000048,345,170,175
105000049,208,668,-460
105000050,292,349,-57
105000051,230,461,-231
105000052,290,940,-650
105000053,96,184,-88
105000054,143,957,-814
105000055,221,407,-186
105000056,624,2565,-1941
105000057,776,1019,-243
105000058,1183,1424,-241
105000059,432,462,-30
105000060,314,608,-294
105000061,287,402,-115
105000062,675,1082,-407
105000063,265,718,-453
105000064,644,598,46
105000065,300,1105,-805
105000066,842,2301,-1459
105000067,637,513,124
105000068,378,1015,-637
105000069,2849,515,2334
105000070,863,763,100
105000071,107,341,-234
105000072,717,850,-133
105000073,587,532,55
105000074,722,896,-174
105000075,499,851,-352
105000076,1088,1110,-22
105000077,1659,689,970
105000078,1413,1031,382
105000079,1804,1761,43
105000080,1422,752,670
105000081,936,638,298
105000082,403,379,24
105000083,924,516,408
105000084,394,1239,-845
105000085,923,895,28
105000086,494,797,-303
105000087,2434,1685,749
105000088,1249,1176,73
105000089,3075,2287,788
105000090,1124,933,191
105000091,1919,1938,-19
105000092,556,1283,-727
105000093,299,167,132
105000094,233,235,-2
105000095,58,419,-361
105000096,709,623,86
105000097,947,575,372
105000098,509,470,39
105000099,641,937,-296
105000100,711,1105,-394
105000101,1540,2197,-657
105000102,1133,1388,-255
105000103,1172,2298,-1126
105000104,1033,952,81
105000105,735,1766,-1031
105000106,731,1375,-644
105000107,565,880,-315
105000108,712,1801,-1089
105000109,804,1573,-769
105000110,446,914,-468
105000111,366,613,-247
105000112,872,941,-69
105000113,373,512,-139
105000114,3718,925,2793
105000115,252,691,-439
105000116,369,416,-47
105000117,654,1570,-916
105000118,176,342,-166
105000119,299,1410,-1111
105000120,464,556,-92
105000121,603,1116,-513
105000122,187,372,-185
105000123,974,1669,-695
105000124,975,900,75
105000125,460,1880,-1420
105000126,1449,2187,-738
105000127,1793,1909,-116
105000128,236,1450,-1214
105000129,472,316,156
105000130,62,841,-779
105000131,454,399,55
105000132,561,340,221
105000133,264,1027,-763
105000134,366,522,-156
105000135,336,740,-404
105000136,90,366,-276
105000137,284,234,50
105000138,306,392,-86
105000139,739,1032,-293
105000140,168,491,-323
105000141,172,607,-435
105000142,96,514,-418
105000143,200,655,-455
105000144,197,618,-421
105000145,321,497,-176
105000146,432,687,-255
105000147,295,293,2
105000148,984,628,356
105000149,1372,1632,-260
105000150,2529,1416,1113
105000151,282,293,-11
105000152,151,712,-561
105000153,385,416,-31
105000154,740,940,-200
105000155,231,584,-353
105000156,865,1003,-138
105000157,1171,2037,-866
105000158,1685,868,817
105000159,328,1501,-1173
105000160,1095,569,526
105000161,537,2221,-1684
105000162,362,1147,-785
105000163,1350,1375,-25
105000164,202,320,-118
105000165,1648,3045,-1397
105000166,8732,301,8431
105000167,3062,1064,1998
105000168,180,992,-812
105000169,249,518,-269
105000170,78,1155,-1077
105000171,946,328,618
105000172,42,52,-10
105000173,36,20,16
105000174,28,18,10
105000175,79,131,-52
105000176,59,47,12
105000177,64,96,-32
105000178,84,751,-667
105000179,108,117,-9
105000180,64,96,-32
105000181,45,548,-503
105000182,25,46,-21
105000183,3140,1210,1930
105000184,1433,686,747
105000185,1167,554,613
105000186,429,988,-559
105000187,490,249,241
105000188,355,99,256
105000189,183,569,-386
105000190,136,372,-236
105000191,239,503,-264
105000192,96,67,29
105000193,44,142,-98
105000194,126,117,9
105000195,219,1195,-976
105000196,16,54,-38
105000197,185,866,-681
105000198,522,261,261
105000199,171,180,-9
105000200,79,271,-192
105000201,77,25,52
105000203,7,310,-303
105000204,55,87,-32
105000205,64,200,-136
105000207,720,267,453
105000208,228,278,-50
105000209,151,406,-255
105000212,720,1521,-801
105000213,240,144,96
105000214,48,220,-172
105000215,87,290,-203
105000216,62,356,-294
105000217,163,386,-223
105000218,531,1044,-513
105000221,93,287,-194
105000222,41,59,-18
105000223,82,162,-80
105000226,8,426,-418
105000227,35,259,-224
105000228,200,604,-404
105000229,55,163,-108
105000231,110,233,-123
105000233,479,503,-24
105000234,442,1167,-725
105000235,226,419,-193
105000237,462,50,412
105000243,10,238,-228
105000248,96,35,61
105000262,206,1893,-1687
105000269,97,186,-89
105000270,178,93,85
105000271,0,314,-314
105000282,101,45,56
105000287,318,171,147
105000288,338,354,-16
105000289,878,770,108
105000290,7,4,3
105000402,5227,1446,3781
105000426,262,486,-224
105000438,691,493,198
105000446,13072,4316,8756
105000447,7363,2552,4811
105000454,148,1035,-887
105000455,228,218,10
105000474,11,3,8
105000477,209,332,-123
105000478,956,1574,-618
105000479,73,103,-30
105000480,1531,1701,-170
105000481,1713,1847,-134
105000482,4147,2735,1412
105000483,762,1057,-295
105000484,2099,2586,-487
105000485,920,1111,-191
105000486,3043,2248,795
105000488,2628,2434,194
105000489,465,658,-193
105000549,21,127,-106
105000550,473,1072,-599
105000551,15,110,-95
105000552,3476,1957,1519
105000555,425,488,-63
105900001,9,840,-831
105900002,1680,291,1389
105900003,27,74,-47
105900004,295,149,146
105900005,2,200,-198
105900006,3,40,-37
105900007,39,6,33
105900008,43,762,-719
105900009,4,10,-6
105900011,90,63,27
105900012,438,214,224
105900013,1,33,-32
105900014,3,93,-90
105900015,101,301,-200
105900016,129,963,-834
105900017,552,53,499
105900018,216,263,-47
105900019,140,556,-416
105900020,18,64,-46
105900021,16,370,-354
105900022,195,288,-93
105900023,2,132,-130
105900024,3,160,-157
105900025,31,36,-5
105900026,157,47,110
105900027,4866,3357,1509
105900028,34,145,-111
105900029,2092,305,1787
105900030,120,282,-162
105900031,381,193,188
105900032,32,162,-130
105900033,108,124,-16
105900034,82,236,-154
105900035,158,148,10
105900036,30,149,-119
105900037,63,80,-17
105900038,115,283,-168
105900039,46,176,-130
105900040,35,90,-55
105900041,155,430,-275
105900042,22,97,-75
105900043,1751,92,1659
105900044,2,129,-127
105900045,2,558,-556
105900046,6,210,-204
105900047,43,27,16
105900048,42,401,-359
105900050,2410,869,1541
105900051,9,1319,-1310
105900052,297,101,196
105900053,3798,1117,2681
105900054,206,280,-74
105900056,1038,174,864
105900057,29,148,-119
105900058,5,27,-22
105900059,1,15,-14
106000001,3785,1255,2530
106000002,3066,3604,-538
106000003,2437,2240,197
106000004,2220,2210,10
106000005,1970,4482,-2512
106000006,5501,4662,839
106000007,373,498,-125
106000008,390,264,126
106000009,382,324,58
106000010,469,569,-100
106000011,576,889,-313
106000012,571,1591,-1020
106000013,1260,1670,-410
106000014,1860,1937,-77
106000015,893,946,-53
106000016,1013,2459,-1446
106000017,565,675,-110
106000018,424,641,-217
106000019,231,375,-144
106000020,204,470,-266
106000021,173,458,-285
106000022,222,372,-150
106000023,408,367,41
106000024,481,883,-402
106000025,73,155,-82
106000026,152,379,-227
106000027,638,1254,-616
106000028,339,862,-523
106000029,757,1596,-839
106000030,953,333,620
106000034,113,563,-450
106000035,634,832,-198
106000036,384,305,79
106000037,1490,1469,21
106000038,515,103,412
106000039,174,36,138
106000040,199,565,-366
106000041,780,265,515
106000043,415,82,333
106000046,370,28,342
106000047,42,344,-302
106000049,454,113,341
106000050,243,855,-612
106000051,360,330,30
106000052,50,689,-639
106000053,149,110,39
106000054,325,505,-180
106000055,505,707,-202
106000056,236,529,-293
106000057,156,175,-19
106000058,112,201,-89
106000059,143,217,-74
106000060,498,672,-174
106000061,129,353,-224
106000062,147,632,-485
106000063,387,388,-1
106000064,33,419,-386
106000065,168,154,14
106000066,86,405,-319
106000067,162,78,84
106000068,63,719,-656
106000069,117,86,31
106000070,278,860,-582
106000071,571,260,311
106000072,4582,1271,3311
106000073,1713,1922,-209
106000074,217,636,-419
106000075,236,966,-730
106000076,1059,1525,-466
106000077,2789,1137,1652
106000078,535,866,-331
106000079,500,1147,-647
106000080,723,815,-92
106000081,396,1061,-665
106000082,2076,997,1079
106000083,249,1217,-968
106000084,905,668,237
106000085,1478,1033,445
106000086,582,619,-37
106000087,619,555,64
106000088,343,686,-343
106000089,592,480,112
106000090,213,611,-398
106000091,218,729,-511
106000092,486,247,239
106000093,243,74,169
106000094,106,347,-241
106000095,325,1211,-886
106000096,418,785,-367
106000097,522,1486,-964
106000098,428,1021,-593
106000099,135,814,-679
106000100,481,277,204
106000101,445,279,166
106000102,73,524,-451
106000103,187,599,-412
106000104,469,407,62
106000105,298,1029,-731
106000106,312,453,-141
106000107,92,573,-481
106000108,117,357,-240
106000109,64,404,-340
106000110,118,352,-234
106000111,159,700,-541
106000112,119,318,-199
106000113,1084,757,327
106000114,363,419,-56
106000115,165,678,-513
106000116,148,224,-76
106000117,859,854,5
106000118,778,905,-127
106000119,2470,1132,1338
106000120,759,741,18
106000121,160,157,3
106000122,106,296,-190
106000123,125,261,-136
106000124,24,397,-373
106000125,15,451,-436
106000126,69,225,-156
106000127,351,919,-568
106000128,313,320,-7
106000129,275,759,-484
106000130,344,412,-68
106000131,78,631,-553
106000132,817,134,683
106000133,3933,941,2992
106000134,789,649,140
106000135,201,867,-666
106000136,413,378,35
106000137,61,1548,-1487
106000138,453,75,378
106000139,38,138,-100
106000140,21,117,-96
106000141,33,173,-140
106000142,55,93,-38
106000143,14,132,-118
106000144,19,85,-66
106000145,96,427,-331
106000146,149,199,-50
106000147,307,466,-159
106000148,655,681,-26
106000149,327,429,-102
106000150,292,1521,-1229
106000151,4845,759,4086
106000152,1347,894,453
106000153,75,1348,-1273
106000154,1464,274,1190
106000155,34,182,-148
106000156,451,329,122
106000157,492,1820,-1328
106000158,3287,696,2591
106000159,4816,1245,3571
106000160,141,1618,-1477
106000161,1279,535,744
106000162,155,676,-521
106000163,172,587,-415
106000164,168,403,-235
106000165,160,828,-668
106000166,271,320,-49
106000167,203,1627,-1424
106000168,131,255,-124
106000169,121,1000,-879
106000170,287,229,58
106000171,93,938,-845
106000172,2214,761,1453
106000173,852,2633,-1781
106000174,889,283,606
106000175,318,1067,-749
106000176,820,563,257
106000177,538,2337,-1799
106000178,2376,1233,1143
106000179,1103,2138,-1035
106000180,814,1878,-1064
106000181,341,2178,-1837
106000182,481,663,-182
106000183,508,1072,-564
106000184,728,1196,-468
106000185,425,1073,-648
106000186,706,145,561
106000187,227,835,-608
106000188,0,3,-3
106000189,1,59,-58
106000190,7,1,6
106000191,399,167,232
106000192,4,25,-21
106000193,181,137,44
106000194,133,280,-147
106000195,428,76,352
106000196,117,322,-205
106000197,177,272,-95
106000198,76,327,-251
106000199,867,381,486
106000200,497,156,341
106000201,465,1048,-583
106000202,7140,601,6539
106000203,277,181,96
106000204,27,3,24
106000205,17,154,-137
106000206,38,9,29
106000207,82,883,-801
106000208,480,90,390
106000209,979,246,733
106000210,232,1376,-1144
106000211,359,1671,-1312
106000212,397,145,252
106000213,796,1002,-206
106000214,2696,444,2252
106000215,139,438,-299
106000216,314,359,-45
106000217,210,487,-277
106000218,352,313,39
106000219,73,237,-164
106000220,273,275,-2
106000221,64,270,-206
106000222,24,150,-126
106000223,51,166,-115
106000224,117,424,-307
106000225,56,53,3
106000226,113,329,-216
106000228,17,143,-126
106000229,69,924,-855
106000231,374,100,274
106000232,58,519,-461
106000233,234,121,113
106000234,35,273,-238
106000235,145,73,72
106000236,98,53,45
106000237,0,6,-6
106000238,5,8,-3
106000239,7,48,-41
106000240,33,3,30
106000241,8,849,-841
106000242,109,15,94
106000249,41,57,-16
106000250,20,435,-415
106000251,36,21,15
106000252,11,115,-104
106000253,12,24,-12
106000254,66,51,15
106000255,9,47,-38
106000256,84,130,-46
106000257,107,353,-246
106000258,97,3,94
106000259,1,31,-30
106000260,3,4,-1
106000261,0,39,-39
106000262,13,27,-14
106000263,2,87,-85
106000264,233,10,223
106000265,14,146,-132
106000266,107,8,99
106000267,10,91,-81
106000268,448,15,433
106000269,52,76,-24
106000270,121,434,-313
106000271,32,191,-159
106000272,67,23,44
106000273,8,192,-184
106000274,144,35,109
106000275,90,159,-69
106000276,151,65,86
106000277,124,124,0
106000278,145,37,108
106000279,3,66,-63
106000280,38,190,-152
106000281,98,70,28
106000282,45,65,-20
106000283,54,99,-45
106000284,39,115,-76
106000285,146,117,29
106000286,58,138,-80
106000287,64,108,-44
106000288,77,176,-99
106000289,58,90,-32
106000290,46,107,-61
106000291,59,113,-54
106000292,70,146,-76
106000293,59,104,-45
106000294,82,172,-90
106000295,37,41,-4
106000296,67,123,-56
106000297,63,156,-93
106000298,182,60,122
106000299,48,136,-88
106000300,48,125,-77
106000301,64,98,-34
106000303,17,48,-31
106000304,92,32,60
106000305,21,51,-30
106000306,46,75,-29
106000307,25,17,8
106000308,18,153,-135
106000309,22,91,-69
106000310,156,570,-414
106000311,182,92,90
106000312,66,211,-145
106000313,79,179,-100
106000318,210,218,-8
106000319,393,50,343
106000320,1,36,-35
106000321,268,38,230
106000322,62,247,-185
106000324,6,184,-178
106000325,872,885,-13
106000326,743,1938,-1195
106000327,51,174,-123
106000328,24,105,-81
106000329,13,319,-306
106000330,50,60,-10
106000428,44,207,-163
106000429,68,508,-440
106000430,271,1564,-1293
106000431,957,364,593
106000432,1433,2645,-1212
106000433,1162,748,414
106000434,2474,869,1605
106000435,2177,2516,-339
106000436,21,302,-281
106000437,89,44,45
106000438,238,97,141
106000439,42,721,-679
106000440,118,469,-351
106000441,0,0,0
106000442,121,3,118
106000443,58,655,-597
106000450,3,235,-232
106000451,10,25,-15
106000454,7,63,-56
106000455,26,195,-169
106000456,145,38,107
106000457,6,1156,-1150
106000458,208,209,-1
106000459,33,423,-390
106000460,466,38,428
106000461,26,2087,-2061
106000462,0,11,-11
106000463,2,30,-28
106000464,3,677,-674
106000465,124,1,123
106000466,3,805,-802
106000467,592,575,17
106000468,38,181,-143
106000469,300,7,293
106000470,207,1270,-1063
106000471,35,713,-678
106000472,51,14,37
106000473,7,36,-29
106000474,251,819,-568
106000475,174,142,32
106000476,158,129,29
106000477,19,152,-133
106000480,0,58,-58
106900001,0,7,-7
106900002,1,642,-641
106900003,223,808,-585
106900004,0,57,-57
106900006,1,20,-19
106900007,0,12,-12
106900008,111,299,-188
106900009,168,466,-298
106900010,117,285,-168
106900012,1956,1006,950
106900013,250,31,219
106900014,16,2,14
106900015,5,3,2
106900016,100,2,98
106900017,4,1,3
106900018,0,0,0
106900019,33,1,32
106900020,2957,633,2324
106900021,14,17,-3
106900022,134,0,134
106900023,5,306,-301
106900024,177,15,162
106900025,61,643,-582
106900026,3,921,-918
106900027,237,3,234
107000001,1750,1308,442
107000002,2841,3548,-707
107000003,3013,3977,-964
107000004,4625,6206,-1581
107000005,1391,3199,-1808
107000006,2826,6897,-4071
107000007,4140,4796,-656
107000008,20333,11684,8649
107000009,3418,3685,-267
107000010,10120,12688,-2568
107000011,1195,1310,-115
107000012,4372,4046,326
107000013,40,159,-119
107000014,17,279,-262
107000015,288,926,-638
107000016,310,1238,-928
107000017,2054,708,1346
107000018,8,235,-227
107000020,1055,305,750
107000021,633,914,-281
107000022,539,1419,-880
107000023,970,344,626
107000024,290,2050,-1760
107000025,99,370,-271
107000026,109,662,-553
107000027,838,795,43
107000028,1118,1584,-466
107000029,1259,1326,-67
107000030,2976,3374,-398
107000031,1891,1490,401
107000032,255,884,-629
107000033,3638,3327,311
107000034,5049,2174,2875
107000035,231,141,90
107000036,304,861,-557
107000037,36,540,-504
107000038,180,245,-65
107000039,471,457,14
107000040,109,324,-215
107000041,1149,519,630
107000042,587,1537,-950
107000043,2847,774,2073
107000044,772,393,379
107000045,107,302,-195
107000046,332,300,32
107000047,337,879,-542
107000048,438,318,120
107000049,667,782,-115
107000050,634,473,161
107000051,377,287,90
107000052,832,598,234
107000053,279,110,169
107000054,98,257,-159
107000055,211,151,60
107000056,328,763,-435
107000057,1375,175,1200
107000058,1231,1737,-506
107000059,2211,3008,-797
107000060,2605,4126,-1521
107000061,5268,3910,1358
107000062,2048,2537,-489
107000063,3173,6293,-3120
107000064,1927,1693,234
107000065,2771,5556,-2785
107000066,1318,1764,-446
107000067,525,878,-353
107000068,1238,508,730
107000069,442,336,106
107000070,190,2,188
107000071,1069,11,1058
107000072,47,4206,-4159
107000073,221,128,93
107000074,149,947,-798
107000075,810,221,589
107000076,713,1927,-1214
107000077,1567,508,1059
107000078,1676,3523,-1847
107000079,1314,441,873
107000080,1032,3450,-2418
107000081,668,439,229
107000082,503,3060,-2557
107000083,667,256,411
107000084,440,2855,-2415
107000085,2380,2908,-528
107000086,3584,2643,941
107000087,1941,1849,92
107000088,2452,3046,-594
107000089,1008,1677,-669
107000090,804,1123,-319
107000091,709,1036,-327
107000092,559,1160,-601
107000093,619,788,-169
107000094,685,1480,-795
107000095,367,627,-260
107000096,427,930,-503
107000097,388,296,92
107000098,326,832,-506
107000099,309,232,77
107000100,312,344,-32
107000101,55,132,-77
107000102,294,291,3
107000103,253,124,129
107000104,226,306,-80
107000105,199,126,73
107000106,120,322,-202
107000107,227,140,87
107000108,79,862,-783
107000109,202,119,83
107000110,53,519,-466
107000111,93,36,57
107000112,19,369,-350
107000113,240,70,170
107000114,80,745,-665
107000115,184,54,130
107000116,61,1143,-1082
107000117,73,167,-94
107000118,145,338,-193
107000119,2002,845,1157
107000120,2721,357,2364
107000121,340,737,-397
107000122,806,846,-40
107000123,201,936,-735
107000124,287,889,-602
107000125,403,969,-566
107000126,457,1271,-814
107000129,95,1234,-1139
107000130,177,171,6
107000131,290,845,-555
107000132,343,350,-7
107000133,808,114,694
107000134,264,1,263
107000135,7,221,-214
107000136,412,1,411
107000137,11,329,-318
107000138,367,12,355
107000139,14,289,-275
107000140,629,24,605
107000141,88,914,-826
107000142,237,43,194
107000143,47,1086,-1039
107000144,228,363,-135
107000145,107,653,-546
107000146,140,226,-86
107000147,2793,589,2204
107000150,957,1206,-249
107000151,22,37,-15
107000152,572,375,197
107000153,340,249,91
107000154,188,60,128
107000155,370,11,359
107000156,513,15,498
107000157,29,2912,-2883
107000158,306,10,296
107000159,22,1584,-1562
107000160,393,58,335
107000161,64,2208,-2144
107000162,90,175,-85
107000163,24,0,24
107000164,124,0,124
107000165,278,2,276
107000166,51,1554,-1503
107000167,273,256,17
107000168,426,177,249
107000169,1026,1066,-40
107000170,793,402,391
107000171,594,3392,-2798
107000172,496,524,-28
107000173,856,1474,-618
107000174,804,1698,-894
107000175,11662,1649,10013
107000176,0,0,0
107000177,3,0,3
107000178,1,47,-46
107000179,176,3601,-3425
107000180,576,362,214
107000181,200,1466,-1266
107000182,773,848,-75
107000183,101,1071,-970
107000184,404,786,-382
107000185,275,1326,-1051
107000186,386,285,101
107000187,982,1113,-131
107000188,375,438,-63
107000189,287,807,-520
107000190,308,693,-385
107000191,337,776,-439
107000192,1179,971,208
107000193,341,340,1
107000194,916,817,99
107000197,328,227,101
107000198,150,799,-649
107000199,598,723,-125
107000200,920,473,447
107000201,267,234,33
107000202,135,422,-287
107000203,609,530,79
107000204,671,681,-10
107000205,2638,1064,1574
107000206,726,786,-60
107000207,663,965,-302
107000208,1352,303,1049
107000209,2400,604,1796
107000210,1599,247,1352
107000211,9,20,-11
107000212,24,207,-183
107000213,35,27,8
107000214,11,136,-125
107000215,241,550,-309
107000216,103,522,-419
107000217,82,151,-69
107000219,58,178,-120
107000220,99,391,-292
107000222,191,710,-519
107000224,188,41,147
107000225,159,801,-642
107000226,138,72,66
107000227,89,574,-485
107000228,93,97,-4
107000229,265,129,136
107000230,897,493,404
107000231,806,387,419
107000232,55,62,-7
107000233,621,278,343
107000234,0,20,-20
107000235,51,8,43
107000236,11,383,-372
107000237,5,0,5
107000238,17,0,17
107000239,5751,482,5269
107000240,47,1368,-1321
107000241,140,42,98
107000242,656,51,605
107000243,0,54,-54
107000244,12,61,-49
107000246,4,1302,-1298
107000249,4,1083,-1079
107000251,1,271,-270
107000252,5,1516,-1511
107000255,688,90,598
107000257,2,612,-610
107000258,1,177,-176
107000259,6,275,-269
107000260,187,0,187
107000262,4,1002,-998
107000263,147,1,146
107000266,2,1,1
107000267,66,219,-153
107000268,133,217,-84
107000269,208,72,136
107000270,1,10,-9
107000271,11,1023,-1012
107000272,3,240,-237
107000273,3,242,-239
107000274,511,233,278
107000275,9,623,-614
107000280,283,31,252
107000281,16,1320,-1304
107000282,17,1528,-1511
107000290,2,19,-17
107000291,3,12,-9
107000292,2,26,-24
107000293,29,3,26
107000294,1,40,-39
107000295,19,2,17
107000296,0,5,-5
107000444,109,3,106
107000496,1,6,-5
107000497,1199,3670,-2471
107000500,284,348,-64
107000501,41,212,-171
107000502,129,440,-311
107000505,613,845,-232
107000506,0,19,-19
107000508,6,798,-792
107000509,200,669,-469
107000510,16,22,-6
107000514,15,216,-201
107000515,8,350,-342
107000516,138,168,-30
107000518,497,409,88
107000519,4038,1177,2861
107000520,36,3,33
107000521,215,499,-284
107000522,288,789,-501
107900001,17,328,-311
107900002,21,1,20
107900003,159,6,153
107900004,15,0,15
107900005,256,2,254
107900006,31,0,31
107900007,117,11,106
107900008,32,34,-2
107900009,62,6,56
107900010,7,0,7
107900012,214,15,199
107900013,213,44,169
107900014,16,3,13
107900015,281,4,277
107900016,548,109,439
107900017,7,1,6
107900018,28,41,-13
107900019,20,86,-66
107900020,38,11,27
107900021,25,166,-141
107900023,0,0,0
107900024,0,22,-22
107900025,208,437,-229
107900026,13,136,-123
107900027,1,98,-97
107900028,18,107,-89
107900030,120,12,108
107900031,37,255,-218
107900032,0,3,-3
107900033,9,3,6
107900034,165,6,159
107900035,325,5,320
107900036,18,2,16
107900037,1,44,-43
107900038,122,79,43
107900039,3,68,-65
107900040,28,35,-7
107900041,0,0,0
107900043,40,166,-126
107900044,4,1,3
107900045,35,38,-3
107900046,53,31,22
107900047,4,86,-82
107900048,53,3,50
107900049,287,348,-61
107900050,71,330,-259
107900051,33,88,-55
107900052,27,7,20
107900053,15,69,-54
107900055,307,150,157
107900056,62,8,54
107900057,0,0,0
107900058,28,847,-819
107900060,2,43,-41
107900061,31,9,22
107900063,36,88,-52
107900064,260,45,215
107900065,65,8,57
107900066,11,3,8
107900067,0,0,0
107900068,62,251,-189
107900069,20,486,-466
107900070,37,8,29
107900071,9,1077,-1068
107900072,25,195,-170
107900073,31,107,-76
107900074,1086,84,1002
107900076,59,76,-17
107900077,21,1,20
107900078,218,11,207
107900079,3,13,-10
107900080,72,190,-118
107900081,9,63,-54
107900082,30,4,26
107900083,161,116,45
107900084,42,114,-72
107900086,59,79,-20
107900087,295,52,243
107900088,6,6,0
107900089,264,1027,-763
107900090,397,787,-390
107900091,96,560,-464
107900092,2109,445,1664
107900093,54,59,-5
107900095,3080,949,2131
107900097,15,39,-24
107900098,57,134,-77
107900100,1099,545,554
107900101,1094,123,971
107900102,25,3,22
107900103,35,190,-155
107900104,76,15,61
107900105,1,558,-557
107900106,3,1811,-1808
107900107,1461,176,1285
107900108,295,59,236
107900109,408,3,405
107900110,19,90,-71
107900111,7,1426,-1419
107900112,105,213,-108
107900113,66,111,-45
107900114,59,292,-233
107900115,2,55,-53
107900116,22,260,-238
107900117,185,428,-243
107900118,55,145,-90
107900119,25,54,-29
107900120,38,5,33
107900121,0,94,-94
107900122,1,56,-55
107900123,1,13,-12
107900124,4,52,-48
107900125,42,177,-135
107900126,0,34,-34
107900127,503,87,416
107900128,106,43,63
107900129,22,34,-12
107900130,17,28,-11
107900131,205,30,175
107900132,92,448,-356
107900133,1,77,-76
107900134,15,18,-3
107900135,2,177,-175
107900136,53,26,27
107900137,50,81,-31
107900138,20,27,-7
107900139,13,37,-24
107900140,19,12,7
107900141,31,10,21
107900142,41,1090,-1049
107900143,24,39,-15
107900144,0,183,-183
107900145,11,117,-106
107900146,45,112,-67
107900147,29,12,17
107900148,114,142,-28
107900149,1838,132,1706
107900150,32,773,-741
107900151,6,111,-105
107900152,6,348,-342
107900153,98,153,-55
107900154,17,8,9
107900155,18,19,-1
107900156,5,503,-498
107900157,36,81,-45
107900158,241,5,236
107900159,38,1161,-1123
107900160,38,178,-140
107900161,5,230,-225
107900162,0,117,-117
107900163,45,26,19
107900164,2,23,-21
107900165,13,50,-37
107900166,3,290,-287
107900167,22,14,8
107900168,11,45,-34
107900169,1,173,-172
107900171,6,1892,-1886
107900172,1,353,-352
107900173,8,239,-231
107900174,33,7,26
107900175,5,5,0
107900176,4,31,-27
107900177,0,142,-142
107900178,1,290,-289
107900179,1,135,-134
107900180,1062,148,914
107900181,414,518,-104
107900182,2,1738,-1736
107900183,10,423,-413
107900184,35,232,-197
107900185,21,3,18
107900186,14,23,-9
107900187,0,148,-148
107900188,800,62,738
107900189,16,138,-122
107900190,127,45,82
107900191,31,153,-122
107900193,1,23,-22
107900194,149,0,149
107900195,4431,459,3972
107900196,40,54,-14
107900197,421,71,350
107900199,3,1204,-1201
107900201,34,153,-119
107900203,10,88,-78
107900204,219,220,-1
107900205,181,435,-254
107900206,243,169,74
107900207,3,626,-623
107900208,9,876,-867
107900209,307,91,216
107900210,69,128,-59
107900213,253,350,-97
107900214,2,184,-182
107900215,161,305,-144
107900216,95,46,49
107900217,7,52,-45
107900218,14,1622,-1608
107900219,17,179,-162
107900220,180,113,67
107900221,158,236,-78
107900223,62,606,-544
107900224,169,324,-155
107900225,2,890,-888
107900226,53,183,-130
107900227,67,517,-450
107900228,16,105,-89
107900229,3,343,-340
107900230,3,204,-201
107900231,11,196,-185
107900232,35,265,-230
107900233,7,155,-148
107900234,44,200,-156
107900235,37,99,-62
107900236,24,119,-95
107900237,118,522,-404
107900238,8,125,-117
107900239,1323,409,914
107900240,6,177,-171
107900241,5,123,-118
107900242,9,407,-398
107900243,5,50,-45
107900244,97,2,95
107900245,157,28,129
107900246,41,8,33
107900248,51,589,-538
107900249,207,2,205
107900250,0,563,-563
107900251,47,1294,-1247
107900252,301,4,297
107900253,47,0,47
107900254,54,107,-53
107900255,394,68,326
107900256,328,563,-235
107900257,53,26,27
107900258,59,172,-113
107900259,99,565,-466
107900261,0,442,-442
107900262,31,148,-117
107900264,69,1,68
107900265,55,236,-181
107900267,59,17,42
107900268,38,7,31
107900269,1,3,-2
107900270,0,0,0
107900271,3,0,3
107900272,149,5,144
107900273,13,62,-49
107900274,15,3,12
107900275,1,0,1
107900276,0,50,-50
107900277,0,204,-204
107900278,102,355,-253
107900279,118,72,46
107900280,2246,961,1285
107900281,3406,754,2652
107900282,45,149,-104
107900283,1290,375,915
107900284,107,738,-631
107900285,28,110,-82
107900286,83,65,18
107900287,92,123,-31
107900290,1,45,-44
107900291,199,4,195
107900292,67,264,-197
107900293,23,606,-583
107900295,18,125,-107
107900297,1,246,-245
107900298,642,934,-292
107900299,4146,1205,2941
107900300,19,167,-148
107900301,333,196,137
107900302,79,27,52
107900303,27,252,-225
107900304,77,574,-497
107900305,108,12,96
107900306,14,7,7
107900307,30,326,-296
107900308,169,32,137
107900309,6,1,5
107900310,0,0,0
107900311,130,89,41
107900312,0,0,0
107900313,0,92,-92
107900314,0,37,-37
107900315,0,51,-51
107900316,17,0,17
107900317,30,1,29
107900318,1,139,-138
107900319,4,207,-203
107900320,2,182,-180
107900321,47,0,47
107900322,3,239,-236
107900323,11,146,-135
107900324,80,0,80
107900325,36,0,36
107900326,104,408,-304
107900327,1,0,1
107900328,0,0,0
107900329,0,1,-1
107900330,4,568,-564
107900331,60,33,27
107900332,68,24,44
107900333,22,2,20
107900334,6,267,-261
107900335,50,42,8
107900336,13,21,-8
107900337,1396,359,1037
107900338,1,114,-113
107900339,0,22,-22
107900340,0,45,-45
107900341,19,1,18
107900342,94,130,-36
107900343,9,1,8
107900344,4,114,-110
107900345,42,18,24
107900346,10,0,10
107900347,27,1,26
107900348,4,1,3
107900349,11,4,7
107900350,41,275,-234
107900351,2,276,-274
107900352,2,33,-31
107900353,3,3,0
107900354,6,52,-46
108000001,1881,2727,-846
108000002,2453,3342,-889
108000003,2525,1473,1052
108000004,17468,15768,1700
108000005,3638,2370,1268
108000006,5067,5874,-807
108000007,3158,2690,468
108000008,4656,5706,-1050
108000009,2111,2570,-459
108000010,2384,5026,-2642
108000011,8684,6587,2097
108000012,18090,16062,2028
108000014,413,420,-7
108000015,290,302,-12
108000016,127,652,-525
108000017,518,327,191
108000018,955,391,564
108000019,1148,499,649
108000020,799,397,402
108000021,390,1635,-1245
108000022,453,1545,-1092
108000023,656,133,523
108000024,124,824,-700
108000025,88,231,-143
108000026,195,650,-455
108000027,267,545,-278
108000028,167,285,-118
108000029,166,551,-385
108000030,243,236,7
108000031,151,578,-427
108000032,611,451,160
108000033,458,1296,-838
108000034,851,326,525
108000035,800,2712,-1912
108000036,305,1562,-1257
108000037,1121,288,833
108000038,1332,304,1028
108000039,383,2742,-2359
108000040,873,542,331
108000041,654,3189,-2535
108000042,97,273,-176
108000043,107,310,-203
108000044,189,175,14
108000045,141,777,-636
108000046,695,204,491
108000047,296,1169,-873
108000048,89,434,-345
108000049,278,168,110
108000050,90,522,-432
108000051,138,88,50
108000052,293,826,-533
108000053,199,104,95
108000054,502,995,-493
108000055,746,276,470
108000056,845,1012,-167
108000057,438,598,-160
108000058,1650,1897,-247
108000059,3855,1769,2086
108000060,68,323,-255
108000061,130,291,-161
108000062,343,318,25
108000063,371,679,-308
108000064,78,194,-116
108000065,293,656,-363
108000066,1429,735,694
108000067,972,334,638
108000068,403,279,124
108000069,130,1257,-1127
108000070,776,550,226
108000071,473,2077,-1604
108000072,880,774,106
108000073,1283,2055,-772
108000074,171,274,-103
108000075,224,930,-706
108000076,420,353,67
108000077,533,885,-352
108000078,1352,1063,289
108000079,911,1915,-1004
108000080,442,477,-35
108000081,460,2900,-2440
108000082,961,1718,-757
108000083,1135,579,556
108000084,374,1363,-989
108000085,285,229,56
108000086,989,908,81
108000087,180,1020,-840
108000088,84,6,78
108000089,234,245,-11
108000090,235,104,131
108000091,133,555,-422
108000092,45,88,-43
108000093,85,841,-756
108000094,350,103,247
108000095,81,466,-385
108000096,119,161,-42
108000097,83,590,-507
108000098,548,1218,-670
108000099,106,74,32
108000100,13,159,-146
108000101,547,640,-93
108000102,851,1329,-478
108000106,657,2,655
108000107,1,715,-714
108000108,387,40,347
108000109,7,807,-800
108000110,95,192,-97
108000111,100,643,-543
108000112,36,77,-41
108000113,477,314,163
108000115,458,344,114
108000117,716,243,473
108000118,83,108,-25
108000119,729,468,261
108000120,59,398,-339
108000121,190,574,-384
108000122,161,217,-56
108000123,329,320,9
108000124,138,605,-467
108000125,109,412,-303
108000126,82,685,-603
108000127,144,447,-303
108000128,232,937,-705
108000129,109,1570,-1461
108000130,88,300,-212
108000131,493,172,321
108000132,1509,1259,250
108000133,441,324,117
108000134,613,793,-180
108000135,423,221,202
108000136,801,1115,-314
108000137,144,423,-279
108000138,159,1088,-929
108000139,125,395,-270
108000140,19,24,-5
108000141,10,183,-173
108000142,29,107,-78
108000143,17,19,-2
108000144,18,19,-1
108000145,18,35,-17
108000146,18,5,13
108000147,24,69,-45
108000148,10,4,6
108000149,10,26,-16
108000150,12,4,8
108000151,6,4,2
108000152,65,704,-639
108000153,158,100,58
108000154,32,7,25
108000155,20,6,14
108000156,304,90,214
108000157,95,356,-261
108000158,81,368,-287
108000159,738,166,572
108000160,5558,640,4918
108000161,4888,1131,3757
108000165,0,95,-95
108000172,1,135,-134
108000173,3156,1003,2153
108000175,74,61,13
108000178,387,304,83
108000179,162,496,-334
108000181,44,32,12
108000182,166,10,156
108000183,14,13,1
108000184,1237,1138,99
108000185,54,704,-650
108000186,35,41,-6
108000187,40,985,-945
108000188,156,234,-78
108000189,441,537,-96
108000190,32,101,-69
108000192,62,623,-561
108000193,581,43,538
108000194,29,8,21
108000195,2,1301,-1299
108000196,124,127,-3
108000198,278,372,-94
108000199,1,129,-128
108000200,140,830,-690
108000202,0,95,-95
108000203,56,1055,-999
108000204,44,24,20
108000205,452,562,-110
108000339,1636,216,1420
108000364,204,124,80
108000365,31,400,-369
108000367,107,384,-277
108000368,7,50,-43
108000369,1763,85,1678
108000371,1,619,-618
108000372,285,2,283
108000373,68,118,-50
108000376,52,19,33
108000377,153,299,-146
108000378,8061,6697,1364
108000379,26,140,-114
108000381,26,12,14
108000382,53,0,53
108000383,0,118,-118
108900001,130,1206,-1076
108900002,149,45,104
108900003,352,1112,-760
108900004,55,103,-48
108900005,28,97,-69
108900006,275,154,121
108900007,59,174,-115
108900008,40,164,-124
108900009,15,119,-104
108900010,95,178,-83
108900011,209,393,-184
108900012,119,606,-487
108900013,61,315,-254
108900014,7,59,-52
108900015,0,18,-18
108900016,1,198,-197
108900017,102,144,-42
108900018,50,650,-600
108900019,11,1330,-1319
108900020,24,334,-310
108900021,64,337,-273
108900022,41,5,36
108900023,6,49,-43
108900024,2,201,-199
108900025,31,122,-91
108900026,7,103,-96
108900027,0,139,-139
108900028,25,582,-557
108900029,22,309,-287
108900030,1,135,-134
108900031,33,734,-701
108900032,3,279,-276
108900033,0,71,-71
108900034,0,294,-294
108900035,172,2010,-1838
108900036,174,437,-263
108900037,20,547,-527
108900038,3,436,-433
108900039,2,673,-671
108900040,3,106,-103
108900041,6514,1766,4748
108900042,1,235,-234
108900043,31,598,-567
108900044,3,836,-833
108900045,19,807,-788
108900046,71,1183,-1112
108900047,2,95,-93
108900048,85,1115,-1030
108900049,5796,584,5212
108900050,1,349,-348
108900051,2,274,-272
108900052,3,343,-340
108900053,91,119,-28
108900054,35,221,-186
108900055,84,554,-470
108900056,0,203,-203
108900057,1,196,-195
108900058,17,566,-549
108900059,166,9,157
108900060,48,70,-22
108900061,20,13,7
108900062,5,459,-454
108900063,10,471,-461
108900064,51,74,-23
108900065,8,346,-338
108900066,97,79,18
108900067,19,258,-239
108900068,4,280,-276
108900069,18,123,-105
108900070,19,181,-162
108900071,66,67,-1
108900072,2682,254,2428
108900073,16,580,-564
108900074,56,464,-408
108900075,43,101,-58
108900076,143,76,67
108900077,196,686,-490
108900078,12,227,-215
108900079,796,221,575
108900080,17,303,-286
108900081,56,307,-251
108900082,11,125,-114
108900083,9,129,-120
108900084,343,97,246
108900085,2490,196,2294
108900086,28,438,-410
108900087,147,218,-71
108900088,456,171,285
108900089,7,67,-60
108900090,14,552,-538
108900091,185,131,54
108900092,212,215,-3
108900093,35,41,-6
108900094,137,66,71
108900095,57,740,-683
108900096,510,43,467
108900097,158,216,-58
108900098,3336,296,3040
108900099,219,364,-145
108900100,37,147,-110
108900101,134,48,86
108900102,184,385,-201
108900103,51,34,17
108900104,190,232,-42
108900105,9,437,-428
108900106,147,717,-570
108900108,198,33,165
108900109,128,29,99
108900110,91,549,-458
108900111,148,758,-610
108900112,75,18,57
108900113,21,20,1
108900114,28,19,9
108900115,66,47,19
108900116,55,9,46
108900117,64,30,34
108900118,238,6,232
108900119,98,48,50
108900120,125,79,46
108900121,162,19,143
108900122,28,27,1
108900123,46,34,12
108900124,208,75,133
108900125,115,0,115
108900126,28,5,23
108900127,65,15,50
108900128,37,13,24
108900129,360,60,300
108900130,123,0,123
108900131,128,0,128
108900132,185,50,135
108900133,97,28,69
108900134,101,243,-142
108900135,62,1,61
108900136,9,0,9
108900137,41,1,40
108900138,231,4,227
108900139,117,42,75
108900140,57,232,-175
108900141,104,7,97
108900142,30,0,30
108900143,12,0,12
108900144,6,0,6
108900145,68,1,67
108900146,14,0,14
108900147,79,0,79
108900148,71,33,38
108900149,517,367,150
108900150,97,4,93
108900151,16,2,14
108900152,54,9,45
108900153,57,542,-485
108900154,2531,341,2190
108900155,107,74,33
108900156,60,52,8
108900157,11,624,-613
108900158,74,24,50
108900159,14,383,-369
108900160,10,294,-284
108900161,2,511,-509
108900162,19,2,17
108900163,12,144,-132
108900164,36,79,-43
108900165,242,64,178
108900167,1682,1874,-192
108900168,11458,1629,9829
108900169,23,178,-155
108900171,9374,1205,8169
108900172,192,21,171
108900173,207,354,-147
108900174,338,403,-65
108900176,180,885,-705
108900177,9705,1762,7943
108900178,5851,1462,4389
108900179,316,670,-354
108900180,44,121,-77
108900182,30,142,-112
108900183,143,197,-54
108900184,239,162,77
108900185,36,319,-283
108900186,48,388,-340
108900187,119,53,66
108900188,190,32,158
108900189,219,147,72
108900190,22,3277,-3255
108900191,121,19,102
108900192,43,309,-266
108900193,85,21,64
108900194,7,336,-329
108900195,31,354,-323
108900196,6,665,-659
108900198,2,659,-657
108900199,97,323,-226
108900200,208,350,-142
108900201,254,1221,-967
108900203,216,26,190
108900204,196,4,192
108900205,96,3,93
108900206,140,19,121
108900207,73,32,41
108900208,25,370,-345
108900209,201,546,-345
108900210,127,217,-90
108900211,99,263,-164
108900212,743,589,154
108900215,78,722,-644
108900216,434,38,396
108900217,26,0,26
108900218,62,3,59
108900219,49,4,45
108900220,18,8,10
108900221,27,49,-22
108900222,66,4,62
108900223,8,41,-33
108900224,24,107,-83
108900225,1,150,-149
108900226,82,5,77
108900227,53,86,-33
108900230,457,355,102
108900231,75,270,-195
108900232,3,465,-462
108900233,183,35,148
108900234,190,45,145
108900235,188,743,-555
108900236,18,413,-395
108900237,29,295,-266
108900240,50,74,-24
108900241,9,15,-6
108900245,1,464,-463
108900249,57,11,46
108900250,254,282,-28
108900257,42,701,-659
108900258,9,292,-283
108900259,13,76,-63
108900260,2,113,-111
108900261,103,179,-76
108900262,319,104,215
108900263,39,332,-293
108900264,341,279,62
108900265,1667,198,1469
108900266,1309,245,1064
108900267,1,65,-64
108900268,4,4,0
108900269,29,4,25
108900270,15,2,13
108900271,10,0,10
108900272,64,3,61
108900273,891,367,524
108900274,16,40,-24
109000001,2450,894,1556
109000002,3012,1384,1628
109000003,1675,508,1167
109000004,491,2860,-2369
109000005,1296,671,625
109000006,609,2357,-1748
109000007,673,602,71
109000008,301,2203,-1902
109000009,2751,893,1858
109000010,1488,3979,-2491
109000011,1693,1263,430
109000012,1516,4196,-2680
109000013,2134,1699,435
109000014,1374,4076,-2702
109000015,2813,3028,-215
109000016,10624,4317,6307
109000017,1417,870,547
109000018,563,3548,-2985
109000019,1690,935,755
109000020,1134,2303,-1169
109000023,116,18,98
109000024,3,121,-118
109000025,289,279,10
109000026,637,219,418
109000027,42,213,-171
109000028,85,85,0
109000029,120,91,29
109000030,95,722,-627
109000031,90,79,11
109000032,55,558,-503
109000033,235,94,141
109000034,55,22,33
109000035,21,38,-17
109000036,109,346,-237
109000037,133,507,-374
109000038,521,375,146
109000039,512,277,235
109000040,5831,2837,2994
109000041,5667,948,4719
109000042,922,956,-34
109000044,148,63,85
109000045,55,447,-392
109000046,157,74,83
109000047,60,439,-379
109000048,806,88,718
109000049,223,591,-368
109000050,260,171,89
109000051,284,353,-69
109000052,328,2005,-1677
109000053,63,44,19
109000054,273,797,-524
109000055,99,137,-38
109000056,211,793,-582
109000057,274,180,94
109000058,641,231,410
109000059,431,812,-381
109000060,480,176,304
109000061,1548,375,1173
109000062,102,203,-101
109000063,166,201,-35
109000064,82,154,-72
109000065,45,379,-334
109000066,204,119,85
109000067,17,417,-400
109000068,223,2,221
109000069,400,10,390
109000070,6,777,-771
109000071,213,84,129
109000072,70,311,-241
109000073,41,72,-31
109000074,15,226,-211
109000075,37,473,-436
109000076,44,137,-93
109000077,311,301,10
109000078,30,99,-69
109000079,65,234,-169
109000080,64,85,-21
109000081,40,624,-584
109000082,231,275,-44
109000083,134,1007,-873
109000088,117,498,-381
109000089,156,16,140
109000090,162,512,-350
109000091,163,60,103
109000092,378,677,-299
109000093,122,103,19
109000094,129,2,127
109000095,83,689,-606
109000096,249,117,132
109000097,63,112,-49
109000098,37,50,-13
109000099,513,311,202
109000100,101,464,-363
109000101,657,798,-141
109000102,140,893,-753
109000103,191,582,-391
109000104,832,548,284
109000105,315,1761,-1446
109000106,1065,518,547
109000107,433,2169,-1736
109000108,854,384,470
109000109,408,2112,-1704
109000110,956,334,622
109000111,898,2358,-1460
109000112,199,136,63
109000113,175,178,-3
109000114,115,376,-261
109000115,848,40,808
109000116,4,223,-219
109000117,64,95,-31
109000118,10,303,-293
109000119,348,319,29
109000120,102,1364,-1262
109000121,176,61,115
109000122,57,1289,-1232
109000123,8,111,-103
109000124,223,316,-93
109000125,312,337,-25
109000126,189,1123,-934
109000127,349,158,191
109000128,318,2798,-2480
109000129,960,311,649
109000130,531,2976,-2445
109000131,412,204,208
109000132,587,1924,-1337
109000133,261,1042,-781
109000134,574,1576,-1002
109000135,799,1208,-409
109000136,166,409,-243
109000137,97,258,-161
109000138,233,554,-321
109000139,224,386,-162
109000140,49,610,-561
109000141,189,421,-232
109000142,76,648,-572
109000143,44,35,9
109000145,46,95,-49
109000146,37,109,-72
109000148,4631,844,3787
109000149,28,30,-2
109000150,43,125,-82
109000155,343,507,-164
109000156,1034,999,35
109000158,115,268,-153
109000159,132,722,-590
109000160,397,292,105
109000161,188,1630,-1442
109000162,1064,994,70
109000163,558,1877,-1319
109000164,694,2745,-2051
109000165,667,604,63
109000166,332,158,174
109000167,65,944,-879
109000170,56,56,0
109000171,54,45,9
109000172,43,30,13
109000173,17,45,-28
109000174,34,70,-36
109000175,15,116,-101
109000176,117,323,-206
109000177,12,123,-111
109000178,334,485,-151
109000179,8419,2267,6152
109000180,5696,2590,3106
109000181,4,31,-27
109000182,22,45,-23
109000183,22,37,-15
109000184,19,24,-5
109000185,13,63,-50
109000188,325,3023,-2698
109000189,1293,889,404
109000190,345,531,-186
109000191,228,693,-465
109000192,121,271,-150
109000193,124,433,-309
109000194,72,144,-72
109000195,88,518,-430
109000196,126,72,54
109000197,127,554,-427
109000198,134,57,77
109000199,84,560,-476
109000206,102,33,69
109000207,48,35,13
109000208,96,54,42
109000209,118,60,58
109000210,148,525,-377
109000211,154,368,-214
109000214,173,701,-528
109000215,71,77,-6
109000216,190,127,63
109000217,218,53,165
109000218,133,90,43
109000221,244,1162,-918
109000222,490,86,404
109000223,135,149,-14
109000224,26,413,-387
109000225,48,49,-1
109000226,30,294,-264
109000227,539,1464,-925
109000228,1,244,-243
109000231,2,534,-532
109000232,117,480,-363
109000236,147,867,-720
109000241,1119,1829,-710
109000242,851,1269,-418
109000293,17,34,-17
109000361,45,276,-231
109000364,195,676,-481
109000396,7,1042,-1035
109000397,170,1,169
109000399,113,585,-472
109000400,31,277,-246
109000403,43,206,-163
109000406,117,14,103
109000407,158,268,-110
109000408,2,705,-703
109000410,505,144,361
109000411,38,18,20
109900001,57,0,57
109900002,268,9,259
109900003,81,0,81
109900004,462,298,164
109900005,5,5,0
109900006,177,269,-92
109900007,263,1001,-738
109900008,0,31,-31
109900009,107,1002,-895
109900010,167,11,156
109900011,23,40,-17
109900012,129,140,-11
109900013,198,90,108
109900014,154,35,119
109900015,327,91,236
109900016,54,81,-27
109900017,53,57,-4
109900018,114,151,-37
109900019,63,82,-19
109900020,6,20,-14
109900021,9,6,3
109900022,61,364,-303
109900023,5,0,5
109900024,11,0,11
109900025,7,81,-74
109900026,2,172,-170
109900027,27,5,22
109900028,2895,349,2546
109900029,5,598,-593
109900030,11,0,11
109900031,0,52,-52
109900032,7,310,-303
109900033,4,531,-527
109900034,7,0,7
109900035,10,17,-7
109900036,6,102,-96
109900037,13,668,-655
109900038,26,260,-234
109900039,4,0,4
109900040,18,789,-771
109900041,28,543,-515
109900042,8,517,-509
109900044,40,332,-292
109900045,23,15,8
109900046,9,43,-34
109900047,352,351,1
109900048,1,56,-55
109900049,8,31,-23
109900050,4,390,-386
109900051,0,76,-76
109900052,55,233,-178
109900053,2,636,-634
109900054,268,101,167
109900055,40,248,-208
109900056,19,48,-29
109900057,2,262,-260
109900058,0,119,-119
109900059,235,69,166
109900060,172,157,15
109900061,82,327,-245
109900062,1,285,-284
109900063,2,365,-363
109900064,212,273,-61
109900065,80,104,-24
109900066,228,1021,-793
109900067,3,588,-585
109900068,24,3,21
109900069,5,39,-34
109900070,53,333,-280
109900071,1,38,-37
109900072,13,157,-144
109900073,101,902,-801
109900074,3,46,-43
109900075,8,13,-5
109900076,8,303,-295
109900077,22,40,-18
109900078,77,258,-181
109900080,101,371,-270
109900081,14,82,-68
109900082,29,485,-456
109900083,13,22,-9
109900084,33,162,-129
109900085,190,1308,-1118
109900086,70,139,-69
109900087,218,311,-93
109900089,269,75,194
109900090,452,1288,-836
109900091,112,53,59
109900092,192,10,182
109900093,337,97,240
109900094,20,84,-64
109900095,148,252,-104
109900096,5,1,4
109900097,64,1,63
109900098,133,14,119
109900099,42,1,41
109900100,17,1,16
109900101,122,3,119
109900102,191,15,176
109900103,10,41,-31
109900104,156,1318,-1162
109900105,234,16,218
109900106,132,67,65
109900107,169,61,108
109900108,53,673,-620
109900109,14,188,-174
109900110,33,494,-461
109900111,234,1339,-1105
109900112,394,1070,-676
109900113,377,220,157
109900114,681,297,384
109900115,89,72,17
109900117,291,103,188
109900118,183,490,-307
109900119,559,245,314
109900120,28,4,24
109900121,303,134,169
109900122,175,1,174
109900123,3,213,-210
109900124,45,866,-821
109900125,1,246,-245
109900126,71,253,-182
109900128,76,56,20
109900130,12617,1031,11586
109900131,45,146,-101
109900132,35,236,-201
109900133,33,477,-444
109900134,60,29,31
109900135,440,60,380
109900136,47,113,-66
109900137,43,359,-316
109900140,88,389,-301
109900142,366,206,160
109900145,1,99,-98
109900146,324,38,286
109900148,27,73,-46
109900149,25,53,-28
109900150,6,82,-76
109900151,3,61,-58
109900152,0,28,-28
109900153,0,54,-54
109900154,3,0,3
109900155,12,5,7
109900157,25,282,-257
109900158,59,121,-62
109900159,57,17,40
109900160,65,39,26
109900161,116,33,83
109900162,69,43,26
109900163,754,303,451
109900164,76,200,-124
109900165,86,5,81
109900166,0,217,-217
109900167,73,783,-710
109900168,64,628,-564
109900169,60,109,-49
109900170,197,386,-189
109900171,72,62,10
109900172,56,154,-98
109900173,4888,885,4003
109900174,34,179,-145
109900175,20,60,-40
109900176,45,229,-184
109900177,20,357,-337
109900178,2,79,-77
109900179,2,16,-14
109900180,1,8,-7
110000001,589,578,11
110000002,417,403,14
110000003,838,596,242
110000004,463,464,-1
110000005,679,867,-188
110000006,642,307,335
110000007,95,183,-88
110000008,13,47,-34
110000009,18,35,-17
110000010,16,44,-28
110000011,23,67,-44
110000012,611,450,161
110000013,37,322,-285
110000014,580,393,187
110000015,344,391,-47
110000016,355,826,-471
110000017,4197,294,3903
110000018,3382,470,2912
110000019,10,202,-192
110000020,574,262,312
110000021,365,324,41
110000022,581,144,437
110000023,5,209,-204
110000024,560,353,207
110000025,110,4,106
110000026,4,640,-636
110000027,492,299,193
110000028,595,609,-14
110000029,413,896,-483
110000030,125,259,-134
110000031,162,687,-525
110000032,396,353,43
110000033,82,117,-35
110000034,123,766,-643
110000035,267,1111,-844
110000036,268,772,-504
110000037,85,808,-723
110000038,156,564,-408
110000039,512,1209,-697
110000040,221,515,-294
110000041,111,631,-520
110000042,107,317,-210
110000043,445,150,295
110000044,60,55,5
110000045,207,45,162
110000046,1,1,0
110000047,2,13,-11
110000048,3,12,-9
110000049,5,2,3
110000050,1,12,-11
110000051,3,0,3
110000052,27,38,-11
110000053,28,4,24
110000054,76,171,-95
110000055,140,8,132
110000056,216,42,174
110000057,355,781,-426
110000058,508,650,-142
110000059,521,572,-51
110000060,407,800,-393
110000061,895,858,37
110000062,661,704,-43
110000063,20,80,-60
110000064,64,140,-76
110000065,22,72,-50
110000066,48,44,4
110000067,43,322,-279
110000068,91,498,-407
110000069,60,143,-83
110000071,71,182,-111
110000073,4,16,-12
110000075,3,62,-59
110000076,260,181,79
110000077,474,475,-1
110000078,11,56,-45
110000080,198,684,-486
110000081,6,238,-232
110000082,15,205,-190
110000083,171,513,-342
110000084,502,391,111
110000085,3133,1448,1685
110000086,1391,782,609
110000087,4,72,-68
110000088,21,238,-217
110000089,142,167,-25
110000090,41,311,-270
110000091,1787,256,1531
110000092,13,97,-84
110000093,35,7,28
110000094,398,223,175
110000095,89,395,-306
110000096,4238,1591,2647
110000097,764,837,-73
110000098,1442,475,967
110000099,908,1418,-510
110000100,229,1015,-786
110000101,14,738,-724
110000102,39,43,-4
110000104,99,64,35
110000105,31,276,-245
110000106,318,186,132
110000107,350,398,-48
110000108,173,32,141
110000109,327,266,61
110000110,5487,2856,2631
110000111,9438,1759,7679
110000112,1374,267,1107
110000113,1008,781,227
110000114,75,274,-199
110000115,154,316,-162
110000116,18,41,-23
110000117,145,606,-461
110000118,189,273,-84
110000119,119,383,-264
110000120,184,165,19
110000121,80,291,-211
110000122,216,561,-345
110000123,269,383,-114
110000124,7,857,-850
110000125,596,8,588
110000126,136,16,120
110000127,455,28,427
110000128,36,1949,-1913
110000129,0,548,-548
110000130,84,110,-26
110000131,84,393,-309
110000132,2,850,-848
110000133,52,215,-163
110000134,25,333,-308
110000135,149,47,102
110000136,29,322,-293
110000137,287,826,-539
110000138,383,959,-576
110000139,463,1632,-1169
110000140,581,332,249
110000143,647,345,302
110000144,4579,907,3672
110000145,1291,644,647
110000146,3075,934,2141
110000147,191,637,-446
110000148,300,370,-70
110000151,1258,474,784
110000152,910,268,642
110000153,28,40,-12
110000154,51,16,35
110000155,2088,1814,274
110000156,755,1075,-320
110000157,1719,1418,301
110000160,249,447,-198
110000161,112,478,-366
110000166,179,149,30
110000167,455,442,13
110000168,558,272,286
110000169,234,283,-49
110000170,68,57,11
110000171,355,187,168
110000172,109,985,-876
110000173,1138,1452,-314
110000174,94,1376,-1282
110000175,239,67,172
110000176,26,192,-166
110000177,112,682,-570
110000178,462,616,-154
110000179,1534,397,1137
110000180,78,340,-262
110000181,170,390,-220
110000182,341,279,62
110000183,12863,3843,9020
110000184,611,1411,-800
110000185,736,629,107
110000186,651,534,117
110000191,224,454,-230
110000192,147,1,146
110000193,247,2,245
110000194,5,1413,-1408
110000195,139,497,-358
110000196,131,535,-404
110000197,35,215,-180
110000198,60,76,-16
110000199,30,88,-58
110000200,1337,691,646
110000201,331,458,-127
110000202,760,372,388
110000203,534,804,-270
110000204,2,356,-354
110000205,44,71,-27
110000206,469,1661,-1192
110000207,308,278,30
110000208,86,115,-29
110000209,73,760,-687
110000210,405,556,-151
110000211,331,691,-360
110000212,178,654,-476
110000213,35,47,-12
110000214,77,99,-22
110000215,48,667,-619
110000216,32,737,-705
110000217,115,206,-91
110000218,60,512,-452
110000219,153,76,77
110000220,24,494,-470
110000221,137,97,40
110000222,24,389,-365
110000223,5,79,-74
110000224,60,11,49
110000225,111,482,-371
110000226,112,39,73
110000227,421,343,78
110000228,237,322,-85
110000229,0,280,-280
110000230,278,529,-251
110000231,99,132,-33
110000232,94,202,-108
110000233,101,241,-140
110000234,459,349,110
110000235,1014,882,132
110000236,193,956,-763
110000237,995,1119,-124
110000238,701,1275,-574
110000239,870,1356,-486
110000240,0,158,-158
110000242,0,15,-15
110000243,31,203,-172
110000244,121,270,-149
110000245,30,466,-436
110000246,304,665,-361
110000247,1816,3983,-2167
110000248,2856,1369,1487
110000249,51,5,46
110000250,10,212,-202
110000251,76,451,-375
110000252,136,336,-200
110000253,702,352,350
110000254,701,1402,-701
110000255,243,1256,-1013
110000256,447,172,275
110000257,651,412,239
110000258,12,523,-511
110000259,51,24,27
110000260,6,433,-427
110000263,634,94,540
110000264,122,665,-543
110000265,913,1506,-593
110000266,1957,1871,86
110000267,12,199,-187
110000268,241,536,-295
110000269,0,111,-111
110000270,35,3,32
110000271,2230,343,1887
110000272,796,836,-40
110000273,3071,1138,1933
110000274,147,862,-715
110000275,3112,438,2674
110000276,89,215,-126
110000277,73,423,-350
110000278,193,919,-726
110000279,558,583,-25
110000280,134,387,-253
110000281,10,138,-128
110000282,263,33,230
110000283,36,47,-11
110000284,31,25,6
110000285,1,169,-168
110000286,30,0,30
110000287,20,4,16
110000288,1,85,-84
110000289,292,1167,-875
110000290,1460,600,860
110000291,6385,1373,5012
110000292,1153,3255,-2102
110000293,261,1124,-863
110000294,386,791,-405
110000295,44,881,-837
110000296,151,361,-210
110000297,2846,282,2564
110000298,394,473,-79
110000299,815,25,790
110000301,134,9,125
110000302,196,1408,-1212
110000303,190,6,184
110000304,67,295,-228
110000305,457,27,430
110000306,92,2120,-2028
110000307,542,3,539
110000308,255,9,246
110000309,11,1475,-1464
110000310,379,61,318
110000311,34,937,-903
110000312,480,35,445
110000313,4084,1655,2429
110000314,0,235,-235
110000315,2771,1428,1343
110000316,528,1075,-547
110000317,558,203,355
110000318,1,69,-68
110000319,9,20,-11
110000320,33,55,-22
110000321,22,53,-31
110000322,129,585,-456
110000323,208,304,-96
110000324,5231,1053,4178
110000325,1892,1705,187
110000327,464,212,252
110000328,241,488,-247
110000333,650,430,220
110000334,596,1369,-773
110000335,766,570,196
110000336,325,1319,-994
110000337,611,541,70
110000338,143,272,-129
110000339,54,240,-186
110000340,11,172,-161
110000341,195,626,-431
110000342,440,5,435
110000343,0,9,-9
110000344,18,226,-208
110000345,77,66,11
110000346,2148,1117,1031
110000347,867,721,146
110000348,4,27,-23
110000349,5,26,-21
110000350,31,1,30
110000351,379,885,-506
110000352,296,1266,-970
110000353,3163,899,2264
110000354,595,1381,-786
110000355,63,93,-30
110000356,531,7,524
110000357,224,17,207
110000361,14,69,-55
110000362,33,225,-192
110000363,155,113,42
110000364,65,394,-329
110000365,95,0,95
110000366,1,120,-119
110000367,287,254,33
110000368,1,85,-84
110000369,24,3,21
110000373,5,316,-311
110000374,30,1,29
110000375,114,736,-622
110000376,37,136,-99
110000377,31,280,-249
110000378,20,278,-258
110000379,3795,815,2980
110000380,40,33,7
110000383,0,615,-615
110000384,1828,418,1410
110000385,3,155,-152
110000387,36,10,26
110000388,25,258,-233
110000389,343,6,337
110000391,159,375,-216
110000396,61,170,-109
110000397,47,205,-158
110000398,4,31,-27
110000399,125,0,125
110000587,25,41,-16
110000589,131,138,-7
110000640,114,140,-26
110000652,13,135,-122
110000653,109,436,-327
110000654,0,12,-12
110000656,1,696,-695
110000674,17,4,13
110000675,7,8,-1
110000676,6,30,-24
110000679,589,407,182
110000682,105,101,4
110000683,365,492,-127
110000684,5,72,-67
110000685,24,10,14
110000686,2,23,-21
110000687,61,1,60
110000688,55,417,-362
110000689,23,58,-35
110000692,53,263,-210
110000693,92,231,-139
110000694,1,111,-110
110000695,81,716,-635
110000696,140,120,20
110900001,125,8,117
110900002,550,231,319
110900003,223,1217,-994
110900004,121,269,-148
110900005,4661,910,3751
110900006,23,7,16
110900007,46,13,33
110900008,1,47,-46
110900009,247,52,195
110900010,1,111,-110
110900011,8,83,-75
110900012,3,124,-121
110900013,471,223,248
110900014,75,8,67
110900015,797,213,584
110900016,12,217,-205
110900017,158,57,101
110900018,338,53,285
110900019,57,6,51
110900020,33,547,-514
110900021,39,691,-652
110900022,36,497,-461
110900023,65,443,-378
110900024,37,586,-549
110900025,0,42,-42
110900027,22,338,-316
110900028,18,188,-170
110900029,46,559,-513
110900030,14,380,-366
110900031,1,170,-169
110900032,0,112,-112
110900033,21,304,-283
110900035,24,435,-411
110900036,46,20,26
110900037,15,22,-7
110900038,1455,245,1210
110900039,9,236,-227
110900040,120,21,99
110900041,11,192,-181
110900042,38,40,-2
110900043,2,208,-206
110900044,234,18,216
110900045,31,810,-779
110900046,117,385,-268
110900047,808,80,728
110900049,36,29,7
110900050,8,0,8
110900051,37,207,-170
110900052,2,275,-273
110900053,43,47,-4
110900054,21,380,-359
110900055,5,0,5
110900056,92,119,-27
110900057,2,347,-345
110900058,67,302,-235
110900059,498,828,-330
110900060,244,70,174
110900061,36,40,-4
110900062,46,284,-238
110900063,17,121,-104
110900064,2,0,2
110900065,483,109,374
110900066,5,88,-83
110900067,622,417,205
110900068,196,299,-103
110900069,0,31,-31
110900070,87,34,53
110900071,264,302,-38
110900073,0,14,-14
110900074,169,63,106
110900075,151,83,68
110900077,226,363,-137
110900078,8,178,-170
110900079,2436,450,1986
110900080,37,54,-17
110900081,1,127,-126
110900082,23,247,-224
110900083,60,28,32
110900084,13,217,-204
110900085,31,319,-288
110900086,54,146,-92
110900087,99,59,40
110900088,5,0,5
110900090,16,22,-6
110900091,1,79,-78
110900093,162,64,98
110900095,37,55,-18
110900097,4,16,-12
110900098,14,96,-82
110900099,50,538,-488
110900100,0,20,-20
110900102,6,15,-9
110900105,453,359,94
110900108,6,122,-116
110900111,166,72,94
110900112,276,9,267
110900113,571,34,537
110900115,6,90,-84
110900116,244,2962,-2718
110900118,139,1011,-872
110900119,6659,280,6379
110900120,2,125,-123
110900121,53,0,53
110900122,167,156,11
110900125,180,220,-40
110900127,657,552,105
110900128,247,156,91
110900129,218,262,-44
110900130,1160,272,888
110900131,84,64,20
110900132,169,43,126
110900133,38,376,-338
110900135,113,520,-407
110900136,141,5,136
110900137,65,1,64
110900138,267,307,-40
110900139,4,33,-29
110900140,32,3,29
110900141,1,53,-52
110900142,47,234,-187
110900143,51,61,-10
110900144,2,723,-721
110900145,68,10,58
110900146,267,45,222
110900147,185,198,-13
110900148,4,311,-307
110900149,2,68,-66
110900150,26,18,8
110900151,2,78,-76
110900152,22,484,-462
110900153,85,7,78
111000001,170,296,-126
111000002,492,696,-204
111000003,414,415,-1
111000004,433,1125,-692
111000005,720,603,117
111000006,706,1157,-451
111000007,3930,1366,2564
111000008,3404,3732,-328
111000009,219,799,-580
111000010,402,246,156
111000011,354,763,-409
111000012,562,321,241
111000013,270,1430,-1160
111000014,917,538,379
111000017,110,408,-298
111000018,181,322,-141
111000020,2639,1903,736
111000021,67,135,-68
111000023,108,166,-58
111000025,8111,1818,6293
111000029,92,110,-18
111000030,27,100,-73
111000031,2057,593,1464
111000032,452,182,270
111000033,280,136,144
111000034,258,152,106
111000037,3048,1364,1684
111000038,3135,2540,595
111000039,1208,2380,-1172
111000040,1420,2574,-1154
111000041,1702,1535,167
111000042,6793,2829,3964
111000043,1595,1315,280
111000044,939,563,376
111000045,1101,1337,-236
111000046,921,922,-1
111000047,1361,1704,-343
111000049,340,546,-206
111000050,1852,1906,-54
111000051,343,1201,-858
111000052,479,1468,-989
111000053,280,1091,-811
111000054,223,1034,-811
111000055,979,2142,-1163
111000056,58,802,-744
111000057,47,895,-848
111000058,117,103,14
111000059,135,294,-159
111000060,2042,876,1166
111000061,302,298,4
111000062,554,199,355
111000063,1383,687,696
111000064,293,473,-180
111000065,613,686,-73
111000066,227,232,-5
111000067,279,659,-380
111000068,217,627,-410
111000069,1727,1835,-108
111000070,2389,1353,1036
111000071,214,884,-670
111000072,462,258,204
111000073,121,398,-277
111000074,1295,1175,120
111000075,521,658,-137
111000076,259,868,-609
111000077,1014,1064,-50
111000078,1536,1021,515
111000079,1192,742,450
111000080,327,656,-329
111000081,2312,2700,-388
111000082,492,752,-260
111000084,444,496,-52
111000085,563,1576,-1013
111000086,3288,1281,2007
111000087,693,995,-302
111000088,6580,1855,4725
111000089,476,858,-382
111000090,1106,1472,-366
111000091,613,845,-232
111000092,738,1288,-550
111000093,321,689,-368
111000094,1214,751,463
111000095,672,1531,-859
111000096,3158,5117,-1959
111000097,6649,1072,5577
111000098,376,1550,-1174
111000099,306,2549,-2243
111000100,222,2545,-2323
111000101,329,816,-487
111000102,78,965,-887
111000104,185,206,-21
111000107,46,846,-800
111000109,196,176,20
111000110,767,497,270
111000111,764,467,297
111000112,1018,221,797
111000113,590,473,117
111000114,1326,1212,114
111000115,8426,859,7567
111000116,808,643,165
111000117,454,746,-292
111000118,1455,954,501
111000119,808,1780,-972
111000120,254,554,-300
111000121,163,570,-407
111000122,407,1075,-668
111000123,590,3585,-2995
111000124,357,4168,-3811
111000125,154,2227,-2073
111000126,57,1099,-1042
111000127,386,170,216
111000128,676,344,332
111000129,1119,404,715
111000130,761,622,139
111000131,589,570,19
111000132,498,322,176
111000133,92,143,-51
111000134,107,121,-14
111000135,30,148,-118
111000136,166,296,-130
111000138,7,12,-5
111000140,1,3,-2
111000141,148,291,-143
111000142,13,150,-137
111000143,0,82,-82
111000144,3,88,-85
111000145,40,1,39
111000146,15,1,14
111000147,271,10,261
111000148,112,161,-49
111000149,0,28,-28
111000150,5,4,1
111000151,2,20,-18
111000153,557,567,-10
111000154,775,227,548
111000155,91,155,-64
111000156,334,285,49
111000157,144,424,-280
111000158,802,472,330
111000159,2515,571,1944
111000160,129,419,-290
111000161,4,256,-252
111000162,3,182,-179
111000163,234,784,-550
111000164,781,1861,-1080
111000165,1479,415,1064
111000166,1426,316,1110
111000167,174,577,-403
111000168,244,391,-147
111000169,303,571,-268
111000170,442,430,12
111000171,346,1025,-679
111000172,80,634,-554
111000173,134,1472,-1338
111000174,68,571,-503
111000175,23,267,-244
111000176,82,186,-104
111000177,60,253,-193
111000178,421,355,66
111000179,50,173,-123
111000180,103,219,-116
111000181,392,286,106
111000182,75,161,-86
111000183,142,221,-79
111000184,243,207,36
111000185,245,474,-229
111000186,159,387,-228
111000187,60,369,-309
111000188,91,511,-420
111000189,1891,556,1335
111000190,145,611,-466
111000191,116,512,-396
111000192,133,753,-620
111000193,396,463,-67
111000194,22,485,-463
111000195,83,559,-476
111000196,28,374,-346
111000197,156,216,-60
111000198,145,134,11
111000199,53,137,-84
111000200,97,279,-182
111000201,206,187,19
111000202,80,153,-73
111000203,188,119,69
111000204,227,370,-143
111000213,148,345,-197
111000214,1053,1806,-753
111000215,631,1485,-854
111000217,699,962,-263
111000218,782,928,-146
111000219,359,189,170
111000220,3111,498,2613
111000221,613,285,328
111000224,79,267,-188
111000225,160,105,55
111000226,97,1,96
111000227,45,1,44
111000228,18,161,-143
111000229,23,312,-289
111000230,147,538,-391
111000231,349,1442,-1093
111000232,179,962,-783
111000233,244,840,-596
111000234,37,145,-108
111000239,164,249,-85
111000240,24,78,-54
111000241,20,542,-522
111000242,47,37,10
111000243,65,1023,-958
111000244,151,71,80
111000245,323,622,-299
111000246,163,683,-520
111000247,73,1282,-1209
111000248,216,361,-145
111000249,363,874,-511
111000250,18,154,-136
111000251,29,143,-114
111000253,6,8,-2
111000255,17,5,12
111000257,23,14,9
111000260,53,1426,-1373
111000261,406,91,315
111000271,36,325,-289
111000273,6607,1244,5363
111000274,1050,1541,-491
111000275,65,79,-14
111000276,259,2637,-2378
111000277,95,528,-433
111000278,451,251,200
111000291,368,2268,-1900
111000298,265,266,-1
111000299,535,79,456
111000300,100,691,-591
111000302,160,54,106
111000303,53,297,-244
111000312,77,59,18
111000315,13,230,-217
111000320,322,700,-378
111000321,185,51,134
111000322,113,609,-496
111000323,59,26,33
111000324,312,329,-17
111000325,21,104,-83
111000326,56,469,-413
111000327,409,628,-219
111000328,113,400,-287
111000329,1,11,-10
111000330,9,9,0
111000331,6,5,1
111000332,501,1122,-621
111000334,402,1790,-1388
111000335,198,117,81
111000337,272,415,-143
111000338,7,152,-145
111000339,151,1000,-849
111000340,48,995,-947
111000341,505,190,315
111000342,46,264,-218
111000344,651,711,-60
111000345,252,33,219
111000346,13,99,-86
111000347,31,2,29
111000350,120,123,-3
111000351,54,280,-226
111000352,107,90,17
111000353,79,200,-121
111000354,399,100,299
111000355,419,676,-257
111000358,52,2030,-1978
111000360,94,1121,-1027
111000361,51,475,-424
111000546,195,763,-568
111000547,123,831,-708
111000548,53,176,-123
111000549,112,515,-403
111000550,76,346,-270
111000551,678,145,533
111000552,366,53,313
111000907,128,14,114
111000908,16,1,15
111000916,432,207,225
111000917,41,296,-255
111000918,91,1221,-1130
111000920,166,7,159
111000921,3,497,-494
111000922,156,370,-214
111000924,17,1275,-1258
111000925,1227,1602,-375
111000926,818,2737,-1919
111000927,2912,2934,-22
111000928,6324,3754,2570
111000929,492,768,-276
111000930,464,2452,-1988
111000931,1086,1427,-341
111000932,3560,2301,1259
111000933,2689,1440,1249
111000934,2262,2580,-318
111000935,631,1074,-443
111000936,666,2310,-1644
111000937,455,940,-485
111000938,1479,2538,-1059
111000939,130,101,29
111000940,175,254,-79
111000941,109,768,-659
111000943,149,206,-57
111000944,62,630,-568
111000945,20,2395,-2375
111001109,227,108,119
111001110,153,714,-561
111001111,18,15,3
111001112,45,1,44
111001113,14,79,-65
111001114,1261,62,1199
111001115,175,258,-83
111001116,6252,1227,5025
111001117,561,511,50
111001120,69,355,-286
111001121,135,412,-277
111001122,147,774,-627
111001123,62,123,-61
111001124,41,447,-406
111001125,1,9,-8
111900001,7,212,-205
111900002,9,951,-942
111900003,1,518,-517
111900004,21,252,-231
111900006,9,11,-2
111900007,45,10,35
111900008,36,2,34
111900009,59,192,-133
111900010,226,628,-402
111900012,124,101,23
111900013,3,90,-87
111900014,8467,1544,6923
111900015,1,43,-42
111900016,1,184,-183
111900017,1,184,-183
111900018,41,0,41
111900019,1,68,-67
111900020,5,24,-19
111900021,30,46,-16
111900022,3,57,-54
111900023,115,53,62
111900024,1,70,-69
111900025,0,62,-62
111900026,0,81,-81
111900027,3,234,-231
111900028,1,498,-497
111900029,4,120,-116
111900030,40,472,-432
111900031,21,169,-148
111900032,10,459,-449
111900033,3,115,-112
111900034,190,708,-518
111900035,6,228,-222
111900036,5,415,-410
111900038,334,685,-351
111900039,33,434,-401
111900040,2,850,-848
111900042,31,88,-57
111900043,9,530,-521
111900044,261,289,-28
111900046,68,281,-213
111900048,47,1014,-967
111900049,32,363,-331
111900050,53,13,40
111900051,3,282,-279
111900052,472,748,-276
111900053,1373,253,1120
111900054,35,1,34
111900055,11,726,-715
111900056,167,52,115
111900057,37,30,7
111900058,124,924,-800
111900059,2420,215,2205
111900060,141,1,140
111900061,3,274,-271
111900062,8,22,-14
111900063,100,246,-146
111900064,123,268,-145
111900065,19,13,6
111900066,52,107,-55
111900067,0,438,-438
111900068,22,21,1
111900069,28,5,23
111900070,81,161,-80
111900071,1,389,-388
111900072,19,8,11
111900073,218,55,163
111900074,5,275,-270
111900075,19,3,16
111900076,43,17,26
111900077,5,1,4
111900078,92,6,86
111900079,5,3,2
111900080,176,79,97
111900082,50,9,41
111900083,29,3,26
111900084,33,1,32
111900085,27,46,-19
111900086,26,2,24
111900087,20,0,20
111900088,181,0,181
111900089,20,2,18
111900090,75,13,62
111900091,52,2,50
111900092,23,1,22
111900093,105,4,101
111900094,15,0,15
111900095,58,14,44
111900096,91,0,91
111900097,9,0,9
111900098,58,0,58
111900099,11,0,11
111900100,19,5,14
111900101,28,8,20
111900102,129,715,-586
111900103,40,41,-1
111900104,46,54,-8
111900105,166,99,67
111900106,1742,66,1676
111900110,3823,212,3611
111900111,25,208,-183
111900112,898,770,128
111900113,323,64,259
111900118,154,21,133
111900119,156,36,120
111900122,37,25,12
111900123,8,14,-6
111900124,19,112,-93
111900125,172,6,166
111900126,73,1,72
111900127,2,791,-789
111900128,8,714,-706
111900129,51,1,50
111900130,101,5,96
111900131,116,0,116
111900132,19,1480,-1461
111900133,9,387,-378
111900134,30,376,-346
111900135,2,6,-4
111900136,56,71,-15
111900137,39,31,8
111900138,15,69,-54
111900139,8,167,-159
111900140,19,15,4
111900141,13,11,2
111900142,32,10,22
111900143,11,420,-409
111900144,0,116,-116
111900145,6,803,-797
111900146,2,427,-425
111900147,175,614,-439
111900148,29,1022,-993
111900149,9,477,-468
111900150,14,262,-248
111900151,1,37,-36
111900152,86,47,39
111900153,1701,174,1527
111900154,10,97,-87
111900155,63,28,35
111900156,21,20,1
111900157,28,5,23
111900158,163,23,140
111900159,77,3,74
111900160,75,0,75
111900161,41,1,40
111900162,125,111,14
111900163,51,287,-236
111900164,77,16,61
111901113,107,202,-95
111901114,29,560,-531
111901115,16,0,16
111901116,5,0,5
111901117,4,4,0
111901118,122,31,91
111901119,1337,71,1266
111901121,202,367,-165
111901122,4,702,-698
111901123,74,515,-441
111901124,61,0,61
111901125,117,187,-70
111901127,1018,182,836
111901128,4,103,-99
111901129,4,158,-154
111901130,13,331,-318
111901131,2,229,-227
111901132,32,1,31
111901133,23,4,19
111901134,17,1,16
111901135,16,1,15
111901136,18,11,7
111901137,1,17,-16
111901138,49,29,20
111901139,18,50,-32
111901140,2,190,-188
111901141,3,288,-285
111901142,3,180,-177
111901143,0,102,-102
111901144,23,13,10
111901145,225,145,80
111901146,246,4,242
112000001,1115,704,411
112000002,654,2475,-1821
112000003,377,688,-311
112000004,479,1687,-1208
112000005,1204,1046,158
112000006,1328,2053,-725
112000007,1163,1082,81
112000008,1710,2729,-1019
112000009,4110,3461,649
112000010,1587,1966,-379
112000011,1571,2374,-803
112000012,5419,1789,3630
112000013,6462,3038,3424
112000014,2236,830,1406
112000015,2740,2174,566
112000016,3374,990,2384
112000017,1597,1259,338
112000024,1894,690,1204
112000026,4880,5513,-633
112000027,672,349,323
112000028,1697,1880,-183
112000029,254,469,-215
112000030,197,110,87
112000031,1264,2207,-943
112000032,604,69,535
112000033,1882,804,1078
112000034,276,40,236
112000035,77,238,-161
112000036,754,647,107
112000037,621,931,-310
112000038,614,984,-370
112000039,20,121,-101
112000040,146,331,-185
112000041,526,555,-29
112000042,965,282,683
112000050,386,1241,-855
112000051,441,568,-127
112000054,1553,2564,-1011
112000057,569,311,258
112000058,251,404,-153
112000059,898,390,508
112000061,6860,1431,5429
112000062,3363,505,2858
112000063,2416,637,1779
112000064,6121,6261,-140
112000065,2664,2707,-43
112000066,2795,717,2078
112000067,691,647,44
112000068,1610,858,752
112000069,672,2436,-1764
112000070,1251,444,807
112000071,670,3477,-2807
112000072,719,740,-21
112000073,1186,1683,-497
112000074,738,638,100
112000075,749,853,-104
112000076,2908,2660,248
112000077,256,757,-501
112000078,848,679,169
112000079,977,1374,-397
112000080,327,987,-660
112000081,868,1806,-938
112000082,864,554,310
112000083,396,1734,-1338
112000084,809,609,200
112000085,737,1331,-594
112000086,941,1526,-585
112000087,111,570,-459
112000088,196,639,-443
112000089,130,319,-189
112000090,116,476,-360
112000091,667,1454,-787
112000092,984,695,289
112000093,1190,1216,-26
112000094,268,715,-447
112000095,373,773,-400
112000096,230,650,-420
112000097,400,473,-73
112000098,752,1982,-1230
112000099,408,463,-55
112000100,802,880,-78
112000101,274,1123,-849
112000102,382,493,-111
112000103,202,1458,-1256
112000105,312,2199,-1887
112000106,482,378,104
112000107,5,120,-115
112000108,135,1868,-1733
112000109,56,56,0
112000110,793,389,404
112000111,1214,4730,-3516
112000112,2224,452,1772
112000113,877,2358,-1481
112000114,1303,759,544
112000115,116,654,-538
112000116,367,1031,-664
112000117,452,649,-197
112000118,738,921,-183
112000119,361,1147,-786
112000120,47,411,-364
112000121,33,771,-738
112000122,115,123,-8
112000123,256,126,130
112000124,89,64,25
112000125,61,92,-31
112000126,121,840,-719
112000127,2700,895,1805
112000128,1442,480,962
112000129,65,108,-43
112000130,48,45,3
112000131,24,413,-389
112000132,33,339,-306
112000133,135,268,-133
112000134,274,461,-187
112000135,387,626,-239
112000136,627,1282,-655
112000137,648,1211,-563
112000138,1077,1539,-462
112000139,725,184,541
112000140,861,1079,-218
112000141,251,174,77
112000142,83,1060,-977
112000143,546,213,333
112000144,174,2055,-1881
112000145,1250,639,611
112000146,580,2494,-1914
112000147,1048,1371,-323
112000148,1307,2237,-930
112000149,167,851,-684
112000150,88,710,-622
112000151,175,776,-601
112000152,175,323,-148
112000153,168,359,-191
112000154,86,116,-30
112000155,86,49,37
112000157,580,446,134
112000158,151,702,-551
112000159,183,332,-149
112000167,111,34,77
112000169,274,307,-33
112000173,346,266,80
112000175,175,362,-187
112000176,5883,1613,4270
112000177,209,81,128
112000178,32,532,-500
112000179,97,190,-93
112000180,223,239,-16
112000181,1014,2036,-1022
112000182,435,2505,-2070
112000183,28,45,-17
112000184,169,833,-664
112000185,160,586,-426
112000187,2214,2073,141
112000195,40,20,20
112000196,181,1,180
112000197,140,121,19
112000198,34,467,-433
112000199,730,913,-183
112000202,120,1,119
112000216,46,183,-137
112000230,26,5,21
112000231,4,488,-484
112000256,24,76,-52
112000313,121,214,-93
112000314,3,16,-13
112000337,160,545,-385
112000352,260,146,114
112000392,2013,934,1079
112000398,631,707,-76
112000399,2369,1199,1170
112000400,1675,4425,-2750
112000401,2457,2992,-535
112000402,1073,1694,-621
112000403,1919,1350,569
112000404,221,502,-281
112000405,1049,1970,-921
112000406,3296,3429,-133
112000407,3218,4566,-1348
112000408,8397,7493,904
112000409,1479,5137,-3658
112000410,175,75,100
112000411,5673,548,5125
112000412,939,238,701
112000413,10450,1864,8586
112000414,38,98,-60
112000415,53,54,-1
112000416,1204,1204,0
112000417,118,75,43
112000421,15,150,-135
112000422,232,574,-342
112000424,2469,1235,1234
112000425,260,1156,-896
112000426,47,262,-215
112000427,1,10,-9
112000428,57,486,-429
112000429,1644,2958,-1314
112000430,1718,3079,-1361
112000431,38,76,-38
112000432,518,2439,-1921
112000433,633,558,75
112000437,14,312,-298
112900001,32,0,32
112900002,129,1401,-1272
112900003,18,261,-243
112900004,15,467,-452
112900005,69,295,-226
112900006,7,543,-536
112900007,8,264,-256
112900008,0,10,-10
112900009,334,68,266
112900010,154,966,-812
112900011,325,300,25
112900012,0,36,-36
112900013,0,144,-144
112900014,1,397,-396
112900015,331,1092,-761
112900016,0,217,-217
112900017,28,225,-197
112900018,0,425,-425
112900019,85,249,-164
112900020,542,1735,-1193
112900021,1,380,-379
112900022,3,76,-73
112900023,0,319,-319
112900024,17,235,-218
112900025,55,233,-178
112900026,2,319,-317
112900027,4,1445,-1441
112900028,19,130,-111
112900029,6,738,-732
112900030,272,173,99
112900031,2,607,-605
112900032,63,218,-155
112900034,0,64,-64
112900035,6,567,-561
112900036,26,128,-102
112900037,142,71,71
112900038,214,137,77
112900039,3,406,-403
112900040,3,319,-316
112900041,1597,638,959
112900042,26,473,-447
112900043,9,38,-29
112900044,548,407,141
112900045,519,302,217
112900046,268,57,211
112900047,29,14,15
112900049,54,80,-26
112900050,64,822,-758
112900051,273,775,-502
112900052,14,1148,-1134
112900053,280,108,172
112900054,278,17,261
112900055,120,11,109
112900056,275,83,192
112900057,6,823,-817
112900058,239,92,147
112900059,70,133,-63
112900060,21,260,-239
112900061,59,139,-80
112900062,43,147,-104
112900063,59,7,52
112900064,184,104,80
112900065,62,13,49
112900066,100,49,51
112900067,519,123,396
112900068,25,10,15
112900069,2915,286,2629
112900071,7,2,5
112900072,189,496,-307
112900073,167,31,136
112900074,31,60,-29
112900075,2529,329,2200
112900076,46,5,41
112900078,109,148,-39
112900079,51,5,46
112900080,21,0,21
112900081,33,90,-57
112900082,236,6,230
112900083,38,45,-7
112900084,106,48,58
112900086,13,0,13
112900087,304,58,246
112900088,44,6,38
112900089,407,15,392
112900090,7,8,-1
112900091,61,0,61
112900092,110,98,12
112900093,463,14,449
112900095,11,0,11
112900096,211,52,159
112900097,27,457,-430
112900098,169,1,168
112900099,207,14,193
112900100,28,0,28
112900101,103,0,103
112900102,29,6,23
112900103,53,2,51
112900104,16,2,14
112900105,5,1,4
112900106,207,40,167
112900107,3,0,3
112900108,29,0,29
112900109,23,0,23
112900110,311,7,304
112900111,142,1,141
112900112,98,0,98
112900113,0,22,-22
112900114,26,11,15
112900115,303,1,302
112900116,30,25,5
112900117,87,144,-57
112900118,9,74,-65
112900119,67,1,66
112900120,652,164,488
112900121,232,173,59
112900122,7,192,-185
112900123,132,15,117
112900124,1,206,-205
112900125,60,282,-222
112900126,127,269,-142
112900127,99,49,50
112900128,524,719,-195
112900129,2,1047,-1045
112900130,114,69,45
112900131,31,224,-193
112900132,30,429,-399
112900133,18,1524,-1506
112900134,0,283,-283
112900135,24,17,7
112900137,3,969,-966
112900138,3,533,-530
112900139,161,1182,-1021
112900141,435,111,324
112900142,53,37,16
112900143,33,682,-649
112900144,1,384,-383
112900145,36,510,-474
112900146,10,1743,-1733
112900147,8,2564,-2556
112900148,19,0,19
112900149,165,529,-364
112900151,16,37,-21
112900152,5783,1089,4694
112900153,1429,799,630
112900154,0,83,-83
112900155,47,20,27
112900156,134,2041,-1907
112900157,74,156,-82
112900158,12,9,3
112900159,161,62,99
112900160,17,257,-240
112900161,24,43,-19
112900162,28,7,21
112900163,112,11,101
112900164,30,65,-35
112900165,74,27,47
112900166,7,29,-22
112900167,4,11,-7
112900168,2,2,0
112900169,3,6,-3
112900170,18,92,-74
112900172,52,1,51
112900173,315,106,209
112900174,136,24,112
112900175,148,36,112
112900176,5,11,-6
112900177,71,30,41
112900178,374,738,-364
112900179,24,602,-578
112900180,622,2680,-2058
112900181,194,14,180
112900182,33,1810,-1777
112900183,142,198,-56
112900184,300,258,42
112900185,238,296,-58
112900186,1860,546,1314
112900187,49,149,-100
112900188,644,286,358
112900189,32,40,-8
112900190,1,59,-58
112900192,347,179,168
112900193,959,184,775
112900194,14,113,-99
112900195,355,12,343
112900196,191,595,-404
112900197,115,438,-323
112900199,206,729,-523
112900200,210,331,-121
112900201,46,83,-37
112900202,104,1116,-1012
112900203,60,382,-322
112900204,784,296,488
112900205,0,9,-9
112900206,3,57,-54
112900207,2,0,2
112900208,98,91,7
112900209,285,428,-143
112900210,0,22,-22
112900211,14,37,-23
112900212,0,48,-48
112900213,2,8,-6
112900214,16,2,14
112900215,1,255,-254
112900216,20,42,-22
112900217,0,86,-86
112900218,6,4,2
112900219,12,20,-8
112900220,1,0,1
112900221,5,100,-95
112900222,0,10,-10
112900223,390,4,386
112900224,109,811,-702
112900225,233,656,-423
112900226,352,205,147
112900227,165,1670,-1505
112900228,22,23,-1
112900229,36,47,-11
112900230,8774,2448,6326
112900232,127,136,-9
112900233,25,199,-174
112900234,3,145,-142
112900235,38,10,28
112900236,74,8,66
112900237,22,401,-379
112900238,4,57,-53
112900239,378,227,151
113000001,4431,4550,-119
113000002,3382,3371,11
113000003,1779,1741,38
113000004,1771,2167,-396
113000005,1101,1064,37
113000006,900,1261,-361
113000007,1161,1327,-166
113000008,1208,1947,-739
113000009,563,864,-301
113000010,718,1794,-1076
113000011,644,1874,-1230
113000012,924,725,199
113000013,870,387,483
113000014,1719,1282,437
113000015,791,220,571
113000016,279,293,-14
113000017,65,279,-214
113000018,135,40,95
113000019,36,205,-169
113000020,41,15,26
113000021,568,586,-18
113000022,306,1133,-827
113000025,39,221,-182
113000026,168,428,-260
113000027,586,356,230
113000028,1143,352,791
113000029,802,515,287
113000030,600,560,40
113000031,367,181,186
113000032,237,214,23
113000033,339,275,64
113000034,489,313,176
113000035,18,15,3
113000036,16,37,-21
113000037,62,19,43
113000038,12,51,-39
113000039,122,439,-317
113000040,47,65,-18
113000042,798,704,94
113000051,564,1655,-1091
113000052,2360,1208,1152
113000053,247,705,-458
113000054,162,800,-638
113000055,711,1033,-322
113000056,437,1494,-1057
113000058,683,901,-218
113000059,1166,816,350
113000060,77,672,-595
113000061,715,919,-204
113000062,1285,153,1132
113000063,76,247,-171
113000064,15,423,-408
113000065,127,1261,-1134
113000066,268,120,148
113000067,986,1019,-33
113000068,223,2187,-1964
113000069,338,1578,-1240
113000070,854,690,164
113000071,207,801,-594
113000072,216,386,-170
113000073,530,1594,-1064
113000074,996,284,712
113000075,2036,402,1634
113000076,1260,1516,-256
113000077,1853,319,1534
113000078,1228,1416,-188
113000079,725,584,141
113000080,705,491,214
113000081,876,861,15
113000082,1078,685,393
113000083,538,713,-175
113000084,1287,955,332
113000085,826,553,273
113000086,833,968,-135
113000087,1131,769,362
113000088,2078,1134,944
113000089,784,1168,-384
113000090,235,330,-95
113000091,879,202,677
113000094,656,150,506
113000095,224,1213,-989
113000096,154,1063,-909
113000097,548,264,284
113000098,57,16,41
113000099,834,208,626
113000100,130,485,-355
113000101,357,534,-177
113000102,401,196,205
113000103,2405,548,1857
113000104,300,2067,-1767
113000105,615,392,223
113000106,350,606,-256
113000107,409,740,-331
113000108,760,1588,-828
113000109,571,2739,-2168
113000110,1288,335,953
113000111,137,519,-382
113000112,244,281,-37
113000113,1849,241,1608
113000114,394,906,-512
113000116,675,212,463
113000117,713,151,562
113000118,97,215,-118
113000119,143,420,-277
113000120,28,154,-126
113000121,380,876,-496
113000124,110,145,-35
113000125,23,442,-419
113000127,3862,652,3210
113000128,438,501,-63
113000129,658,1126,-468
113000133,4391,725,3666
113000134,9,641,-632
113000135,2855,1947,908
113000137,2674,1353,1321
113000139,430,130,300
113000140,200,297,-97
113000141,491,118,373
113000142,815,802,13
113000143,280,135,145
113000144,356,529,-173
113000145,50,117,-67
113000146,69,77,-8
113000147,84,169,-85
113000148,80,148,-68
113000149,55,126,-71
113000150,489,416,73
113000151,126,53,73
113000152,39,142,-103
113000153,2220,479,1741
113000154,687,1189,-502
113000155,216,344,-128
113000156,153,412,-259
113000157,277,842,-565
113000158,462,206,256
113000159,699,437,262
113000160,572,1254,-682
113000161,190,843,-653
113000162,550,341,209
113000163,47,31,16
113000164,42,88,-46
113000166,44,77,-33
113000167,30,217,-187
113000168,54,214,-160
113000169,125,47,78
113000170,62,62,0
113000171,87,104,-17
113000172,183,68,115
113000173,32,16,16
113000174,123,564,-441
113000175,319,124,195
113000176,333,103,230
113000177,110,403,-293
113000178,183,439,-256
113000179,161,111,50
113000180,510,1338,-828
113000181,553,967,-414
113000182,184,254,-70
113000183,214,542,-328
113000184,27,114,-87
113000189,511,578,-67
113000190,1767,353,1414
113000192,2584,1257,1327
113000193,4821,713,4108
113000194,1824,1068,756
113000195,2469,447,2022
113000196,42,111,-69
113000197,1198,815,383
113000198,20,301,-281
113000199,665,392,273
113000201,274,196,78
113000202,3438,1769,1669
113000203,494,108,386
113000204,1680,1050,630
113000205,12,25,-13
113000206,2,25,-23
113000207,24,20,4
113000208,20,50,-30
113000209,24,19,5
113000210,6,30,-24
113000211,354,142,212
113000212,290,25,265
113000213,28,92,-64
113000214,63,168,-105
113000234,95,1531,-1436
113000410,50,134,-84
113000411,2432,3625,-1193
113000412,11229,1477,9752
113000413,4672,1950,2722
113000414,12803,7784,5019
113000415,3082,2154,928
113000416,10678,2960,7718
113000417,4499,2529,1970
113000418,3032,2148,884
113000419,2221,1467,754
113000420,4114,2916,1198
113000421,4309,3817,492
113000422,18860,6232,12628
113000423,2922,3036,-114
113000424,4634,5524,-890
113000425,3,100,-97
113000428,30,1,29
113000430,9,7,2
113000432,763,75,688
113000433,152,1165,-1013
113000434,10,423,-413
113000435,11,1138,-1127
113000436,39,1689,-1650
113000437,229,18,211
113000438,95,9,86
113000439,17,217,-200
113000440,45,19,26
113000441,126,258,-132
113000442,123,368,-245
113000443,67,357,-290
113000444,70,385,-315
113000445,58,175,-117
113000446,12,108,-96
113000448,158,111,47
113000449,284,834,-550
113000450,784,2191,-1407
113000451,1585,113,1472
113000452,472,368,104
113000453,222,255,-33
113000454,822,34,788
113000455,92,87,5
113000456,3956,1559,2397
113000468,2912,361,2551
113000469,386,134,252
113000470,549,69,480
113000471,8,365,-357
113000472,79,272,-193
113000474,216,665,-449
113000475,1190,1617,-427
113000476,738,1958,-1220
113000477,1471,2079,-608
113000478,2969,6077,-3108
113000479,70,327,-257
113000480,105,80,25
113000484,0,0,0
113000485,0,0,0
113000486,0,0,0
113000487,0,0,0
113000488,0,0,0
113000489,0,0,0
113000490,0,0,0
113000491,0,0,0
113000492,0,0,0
113000493,0,0,0
113000495,198,261,-63
113000496,59,95,-36
113000499,0,0,0
113900001,0,36,-36
113900002,0,119,-119
113900003,0,51,-51
113900004,2,24,-22
113900005,0,14,-14
113900006,0,11,-11
113900007,30,13,17
113900008,61,0,61
113900009,346,0,346
113900010,199,0,199
113900011,14,2,12
113900012,5,0,5
113900013,578,7,571
113900014,352,2,350
113900015,1,46,-45
113900016,20,0,20
113900017,0,47,-47
113900018,475,64,411
113900019,53,53,0
113900020,33,1,32
113900022,7,0,7
113900023,0,0,0
113900024,28,111,-83
113900025,388,27,361
113900026,35,0,35
113900027,1,56,-55
113900028,11,471,-460
113900029,18,352,-334
113900030,65,3,62
113900031,1,0,1
113900032,6,0,6
113900033,54,106,-52
113900035,19,0,19
113900036,15,110,-95
113900037,29,591,-562
113900038,115,34,81
113900039,63,3,60
113900040,3,6,-3
113900041,1,0,1
113900042,33,43,-10
113900043,180,119,61
113900044,113,38,75
113900045,25,1,24
113900046,296,831,-535
113900047,21,171,-150
113900048,312,47,265
113900049,977,141,836
113900050,107,371,-264
113900051,179,554,-375
113900052,161,161,0
113900053,443,91,352
113900054,4,2,2
113900055,121,660,-539
113900056,48,186,-138
113900057,10,119,-109
113900058,34,222,-188
113900059,85,353,-268
113900060,122,299,-177
113900061,893,77,816
113900062,52,6,46
113900063,66,177,-111
113900064,25,154,-129
113900065,262,19,243
113900066,124,519,-395
113900067,39,484,-445
113900068,318,377,-59
113900069,174,19,155
113900070,362,605,-243
113900071,45,56,-11
113900072,37,214,-177
113900073,74,392,-318
113900074,32,581,-549
113900075,707,705,2
113900076,92,5,87
113900077,23,333,-310
113900078,78,50,28
113900079,2,70,-68
113900080,252,155,97
113900081,17,274,-257
113900082,158,203,-45
113900083,101,821,-720
113900084,170,56,114
113900085,27,406,-379
113900086,14,25,-11
113900087,27,187,-160
113900088,13,77,-64
113900089,268,40,228
113900090,298,217,81
113900091,7,23,-16
113900092,20,37,-17
113900093,49,426,-377
113900094,112,508,-396
113900095,65,90,-25
113900096,153,47,106
113900097,5,142,-137
113900098,392,40,352
113900099,1,69,-68
113900100,0,1,-1
113900101,9,41,-32
113900102,115,85,30
113900103,191,213,-22
113900104,106,91,15
113900105,25,398,-373
113900106,0,111,-111
113900107,0,16,-16
113900108,242,167,75
113900109,331,113,218
113900110,31,10,21
113900111,35,103,-68
113900112,38,73,-35
113900113,406,384,22
113900114,0,130,-130
113900115,0,75,-75
113900116,94,104,-10
113900117,62,13,49
113900118,110,187,-77
113900119,359,227,132
113900120,31,23,8
113900121,16,83,-67
113900122,196,969,-773
113900123,252,178,74
113900124,0,33,-33
113900125,1411,145,1266
113900126,67,29,38
113900127,179,362,-183
113900128,107,45,62
113900129,7,80,-73
113900130,1,3,-2
113900131,57,63,-6
113900132,27,39,-12
113900133,22,53,-31
113900135,139,442,-303
113900136,68,90,-22
113900137,273,129,144
113900138,58,145,-87
113900139,532,75,457
113900140,511,126,385
113900141,174,519,-345
113900142,66,93,-27
113900143,6,8,-2
113900144,343,78,265
113900145,177,223,-46
113900146,32,75,-43
113900148,107,135,-28
113900149,113,25,88
113900150,1452,575,877
113900151,147,179,-32
113900152,14,69,-55
113900153,552,400,152
113900154,6,105,-99
113900155,236,85,151
113900156,199,591,-392
113900157,29,217,-188
113900158,459,94,365
113900159,7,236,-229
113900160,290,712,-422
113900161,39,181,-142
113900162,597,452,145
113900163,180,229,-49
113900164,154,32,122
113900165,519,1080,-561
113900166,312,93,219
113900167,169,23,146
113900168,129,93,36
113900169,223,457,-234
113900171,65,40,25
113900172,5,219,-214
113900173,45,814,-769
113900174,346,754,-408
113900175,186,76,110
113900176,136,825,-689
113900177,228,234,-6
113900178,178,100,78
113900179,19,712,-693
113900180,169,116,53
113900181,432,166,266
113900182,347,1004,-657
113900183,25,81,-56
113900184,8,582,-574
113900185,115,103,12
113900186,24,38,-14
113900187,39,166,-127
113900188,23,147,-124
113900189,213,54,159
113900190,340,99,241
113900191,79,244,-165
113900192,5,274,-269
113900193,22,271,-249
113900194,2115,1009,1106
113900195,295,413,-118
113900196,2,118,-116
113900197,4,348,-344
113900198,11,103,-92
113900199,196,801,-605
113900200,7,302,-295
113900201,2,320,-318
113900202,24,266,-242
113900203,2,257,-255
113900204,31,669,-638
113900205,6,131,-125
113900206,9,124,-115
113900207,1,54,-53
113900208,0,52,-52
113900209,2,76,-74
113900210,460,483,-23
113900211,79,15,64
113900212,64,705,-641
113900214,448,309,139
113900215,13,109,-96
113900216,40,1452,-1412
113900217,14,359,-345
113900218,64,36,28
113900219,93,540,-447
113900220,78,36,42
113900221,238,120,118
113900222,317,207,110
113900223,65,1197,-1132
113900224,136,68,68
113900225,851,252,599
113900226,234,131,103
113900227,287,154,133
113900228,424,296,128
113900229,27,435,-408
113900230,5461,1310,4151
113900231,88,232,-144
113900232,43,109,-66
113900233,26,41,-15
113900234,132,264,-132
113900235,52,32,20
113900236,30,419,-389
113900237,51,15,36
113900238,196,250,-54
113900239,65,54,11
113900240,10,79,-69
113900241,86,62,24
113900242,23,149,-126
113900243,159,435,-276
113900244,584,152,432
113900245,1463,273,1190
113900246,12,11,1
113900247,137,139,-2
113900248,4731,891,3840
113900249,1311,156,1155
113900250,24,66,-42
113900251,287,147,140
113900252,315,14,301
113900253,419,20,399
113900254,341,71,270
113900255,242,18,224
113900256,218,28,190
113900257,34,753,-719
113900258,12,671,-659
113900259,199,227,-28
113900260,76,13,63
113900261,19,144,-125
113900262,78,901,-823
113900263,73,499,-426
113900264,8,687,-679
113900265,132,325,-193
113900266,24,270,-246
113900267,78,567,-489
113900268,156,245,-89
113900269,49,102,-53
113900270,168,256,-88
113900271,386,1734,-1348
113900273,7,2,5
113900274,15,5,10
113900275,17,42,-25
113900276,2,334,-332
113900277,32,0,32
113900278,299,174,125
113900279,93,85,8
113900280,1137,691,446
113900281,271,868,-597
113900282,844,382,462
113900283,256,317,-61
113900284,441,117,324
113900285,44,20,24
113900286,7,143,-136
113900287,13,37,-24
113900288,1,44,-43
113900289,1657,63,1594
113900290,439,74,365
113900291,140,230,-90
113900292,6,2,4
113900293,0,195,-195
113900294,212,21,191
113900295,471,210,261
113900296,2851,318,2533
113900297,431,26,405
113900298,9,1361,-1352
113900299,9,113,-104
113900300,7448,2095,5353
113900301,974,321,653
113900302,2618,555,2063
113900303,594,120,474
113900304,4,164,-160
113900305,53,0,53
113900306,7,0,7
113900307,14,0,14
113900308,104,91,13
113900309,2,926,-924
113900310,1,25,-24
113900311,0,0,0
113900312,84,69,15
113900313,10,10,0
114000001,969,3582,-2613
114000002,108,471,-363
114000003,44,333,-289
114000004,178,423,-245
114000005,119,251,-132
114000006,3504,2025,1479
114000007,468,1531,-1063
114000008,1328,924,404
114000009,230,203,27
114000011,1975,3307,-1332
114000012,1173,2849,-1676
114000013,977,2354,-1377
114000014,323,460,-137
114000015,586,623,-37
114000016,152,424,-272
114000017,79,171,-92
114000018,453,88,365
114000026,690,1864,-1174
114000027,1290,1997,-707
114000028,1391,1697,-306
114000038,112,181,-69
114000039,52,126,-74
114000040,52,151,-99
114000042,69,187,-118
114000043,16,202,-186
114000044,61,74,-13
114000045,28,100,-72
114000046,2243,4634,-2391
114000047,4,65,-61
114000048,65,93,-28
114000049,1338,998,340
114000050,1409,957,452
114000051,3268,1477,1791
114000052,2589,1267,1322
114000053,24,470,-446
114000054,59,1622,-1563
114000055,144,25,119
114000056,1650,601,1049
114000057,8926,2380,6546
114000058,595,496,99
114000059,267,155,112
114000060,360,711,-351
114000061,3450,1129,2321
114000062,2421,644,1777
114000063,4073,1589,2484
114000064,9706,2356,7350
114000065,1943,2028,-85
114000066,246,591,-345
114000067,18,283,-265
114000068,429,376,53
114000069,1061,445,616
114000070,2455,1244,1211
114000071,414,699,-285
114000072,118,485,-367
114000073,14,169,-155
114000074,9,18,-9
114000075,20,225,-205
114000076,22,254,-232
114000077,11,83,-72
114000078,78,1383,-1305
114000079,55,30,25
114000080,69,90,-21
114000081,23,63,-40
114000082,38,617,-579
114000083,18,404,-386
114000084,75,64,11
114000085,136,917,-781
114000086,110,777,-667
114000087,18,346,-328
114000088,70,80,-10
114000089,1636,540,1096
114000090,467,454,13
114000091,1492,297,1195
114000092,875,227,648
114000093,622,456,166
114000094,226,369,-143
114000095,75,93,-18
114000096,95,657,-562
114000097,113,1263,-1150
114000098,200,60,140
114000099,154,944,-790
114000100,421,801,-380
114000101,228,1535,-1307
114000102,127,302,-175
114000103,100,583,-483
114000104,9,380,-371
114000105,21,45,-24
114000106,944,340,604
114000107,59,116,-57
114000108,2279,1331,948
114000109,249,412,-163
114000110,448,1890,-1442
114000111,707,444,263
114000112,240,1971,-1731
114000113,364,386,-22
114000114,1091,1610,-519
114000115,902,569,333
114000116,283,715,-432
114000117,1099,359,740
114000118,974,252,722
114000119,648,199,449
114000120,496,1082,-586
114000121,342,546,-204
114000122,280,268,12
114000123,645,248,397
114000124,294,269,25
114000125,651,1967,-1316
114000126,574,197,377
114000127,38,197,-159
114000128,494,514,-20
114000130,330,463,-133
114000131,91,31,60
114000132,546,790,-244
114000133,1178,1400,-222
114000134,26,281,-255
114000138,31,225,-194
114000139,255,88,167
114000144,469,252,217
114000145,59,209,-150
114000146,74,454,-380
114000147,821,768,53
114000148,2258,973,1285
114000149,249,146,103
114000150,994,370,624
114000151,625,651,-26
114000152,117,15,102
114000153,980,1103,-123
114000154,675,461,214
114000155,1019,1156,-137
114000156,573,362,211
114000157,195,665,-470
114000158,2793,594,2199
114000159,235,329,-94
114000160,145,157,-12
114000161,1203,962,241
114000162,868,805,63
114000163,7,173,-166
114000165,157,105,52
114000166,675,177,498
114000167,4456,1197,3259
114000168,797,648,149
114000169,1648,648,1000
114000170,785,488,297
114000171,515,1089,-574
114000174,170,459,-289
114000176,545,356,189
114000177,2223,828,1395
114000178,13,73,-60
114000179,1103,556,547
114000180,362,524,-162
114000181,1320,1646,-326
114000182,5439,2000,3439
114000183,1172,1022,150
114000184,6756,1701,5055
114000185,658,792,-134
114000189,418,46,372
114000190,1163,148,1015
114000191,15,37,-22
114000192,343,1672,-1329
114000193,976,3452,-2476
114000194,1113,1190,-77
114000195,61,9,52
114000196,5,309,-304
114000197,454,21,433
114000198,1260,364,896
114000199,1631,1001,630
114000200,455,2684,-2229
114000201,128,1264,-1136
114000202,782,927,-145
114000203,374,919,-545
114000204,74,393,-319
114000205,203,1835,-1632
114000206,350,1273,-923
114000207,529,2567,-2038
114000208,364,3666,-3302
114000209,633,3602,-2969
114000210,296,1976,-1680
114000211,788,1514,-726
114000212,484,867,-383
114000213,828,586,242
114000214,78,252,-174
114000215,56,79,-23
114000216,628,196,432
114000217,72,286,-214
114000218,63,368,-305
114000219,556,299,257
114000220,11,1611,-1600
114000221,261,114,147
114000222,184,1344,-1160
114000223,256,71,185
114000224,124,834,-710
114000225,100,543,-443
114000226,46,237,-191
114000227,434,496,-62
114000228,468,997,-529
114000229,645,1179,-534
114000230,1257,1553,-296
114000231,740,1190,-450
114000232,295,113,182
114000233,1121,135,986
114000234,764,1146,-382
114000235,594,1575,-981
114000236,3,537,-534
114000237,62,1189,-1127
114000238,16,141,-125
114000239,121,1627,-1506
114000240,539,648,-109
114000241,250,1294,-1044
114000242,983,1057,-74
114000243,923,692,231
114000244,388,379,9
114000245,285,621,-336
114000246,124,36,88
114000247,404,745,-341
114000248,649,477,172
114000249,338,477,-139
114000250,364,547,-183
114000251,141,339,-198
114000252,54,126,-72
114000253,22,223,-201
114000254,6,103,-97
114000255,499,123,376
114000256,2386,500,1886
114000257,497,2054,-1557
114000258,93,529,-436
114000259,33,291,-258
114000260,0,24,-24
114000261,40,19,21
114000262,21,179,-158
114000263,16,6,10
114000264,282,867,-585
114000265,0,1,-1
114000267,2,993,-991
114000268,10,2251,-2241
114000270,45,1,44
114000271,229,103,126
114000283,420,482,-62
114000285,35,313,-278
114000288,31,401,-370
114000289,766,53,713
114000293,53,428,-375
114000294,149,344,-195
114000395,745,67,678
114000396,172,284,-112
114000402,223,335,-112
114000403,200,638,-438
114000405,79,668,-589
114000423,115,597,-482
114000424,175,238,-63
114000425,187,674,-487
114000426,241,421,-180
114000427,53,96,-43
114000428,302,92,210
114000429,22,228,-206
114000432,64,134,-70
114000434,19,126,-107
114000435,1,151,-150
114900001,284,1763,-1479
114900002,356,95,261
114900003,265,2328,-2063
114900004,120,188,-68
114900005,252,1124,-872
114900006,15,21,-6
114900007,92,12,80
114900008,51,34,17
114900010,3149,1474,1675
114900011,58,67,-9
114900013,96,57,39
114900015,25,184,-159
114900018,695,38,657
114900020,70,43,27
114900022,3,654,-651
114900024,114,141,-27
114900025,185,257,-72
114900026,31,46,-15
114900027,111,219,-108
114900029,24,19,5
114900030,89,210,-121
114900031,92,24,68
114900032,115,46,69
114900033,1409,215,1194
114900034,28,297,-269
114900035,166,250,-84
114900036,166,1209,-1043
114900037,61,306,-245
114900038,129,1176,-1047
114900039,333,761,-428
114900040,63,255,-192
114900041,213,823,-610
114900042,379,1022,-643
114900043,876,360,516
114900044,66,12,54
114900046,41,209,-168
114900047,118,1063,-945
114900048,62,254,-192
114900049,11,223,-212
114900050,18,696,-678
114900051,23,672,-649
114900052,139,212,-73
114900053,44,198,-154
114900054,42,154,-112
114900057,186,11,175
114900058,1,67,-66
114900059,26,15,11
114900060,1685,319,1366
114900061,71,242,-171
114900062,288,262,26
114900063,43,270,-227
114900064,578,849,-271
114900065,198,619,-421
114900067,17,351,-334
114900068,80,195,-115
114900069,201,210,-9
114900070,191,699,-508
114900072,5,289,-284
114900073,1,162,-161
114900074,157,1033,-876
114900075,90,3,87
114900076,0,379,-379
114900080,3671,449,3222
114900082,4075,1231,2844
114900083,564,722,-158
114900090,156,105,51
114900091,94,250,-156
114900095,412,101,311
114900096,504,616,-112
114900097,42,0,42
114900098,3,224,-221
114900099,73,2,71
115000001,9923,6923,3000
115000002,2406,2640,-234
115000003,3720,4666,-946
115000004,1934,3620,-1686
115000005,1076,3208,-2132
115000006,389,1264,-875
115000007,43,113,-70
115000008,306,406,-100
115000009,106,315,-209
115000010,167,150,17
115000013,142,129,13
115000015,82,126,-44
115000016,198,190,8
115000019,8,363,-355
115000020,126,263,-137
115000021,210,338,-128
115000022,445,362,83
115000023,251,340,-89
115000024,1202,534,668
115000025,598,459,139
115000026,124,402,-278
115000027,137,241,-104
115000028,118,671,-553
115000029,314,155,159
115000030,290,847,-557
115000031,665,254,411
115000032,6,292,-286
115000033,73,14,59
115000034,94,1055,-961
115000035,730,23,707
115000036,3,436,-433
115000037,189,2,187
115000038,38,170,-132
115000039,2681,1667,1014
115000040,6876,2709,4167
115000041,739,1920,-1181
115000042,623,686,-63
115000043,2739,2836,-97
115000044,3256,4848,-1592
115000045,1912,2933,-1021
115000046,1082,2400,-1318
115000047,1192,1975,-783
115000048,1185,3187,-2002
115000049,1419,2967,-1548
115000050,2312,1812,500
115000051,2238,1415,823
115000052,4000,1979,2021
115000053,1108,1148,-40
115000054,923,1479,-556
115000055,95,395,-300
115000056,189,234,-45
115000057,259,610,-351
115000058,188,132,56
115000059,133,206,-73
115000061,125,75,50
115000062,100,322,-222
115000063,165,289,-124
115000064,176,186,-10
115000065,25,199,-174
115000067,206,43,163
115000069,44,270,-226
115000070,54,620,-566
115000071,63,7,56
115000072,23,61,-38
115000073,1269,35,1234
115000075,29,58,-29
115000076,3032,3607,-575
115000077,1044,4175,-3131
115000078,459,2058,-1599
115000079,843,2443,-1600
115000080,1217,2773,-1556
115000081,422,913,-491
115000082,2345,2593,-248
115000083,1482,3862,-2380
115000084,821,1150,-329
115000085,353,1063,-710
115000086,509,983,-474
115000087,431,1519,-1088
115000088,1408,653,755
115000089,1604,1591,13
115000090,810,518,292
115000091,247,1462,-1215
115000092,292,324,-32
115000093,392,2,390
115000094,8440,4291,4149
115000095,7346,4063,3283
115000096,467,2367,-1900
115000097,328,753,-425
115000098,439,999,-560
115000099,1322,3627,-2305
115000100,554,496,58
115000101,318,1715,-1397
115000102,282,157,125
115000103,333,934,-601
115000105,44,188,-144
115000106,235,240,-5
115000107,115,716,-601
115000108,4282,3107,1175
115000109,6139,2272,3867
115000110,1103,677,426
115000111,796,1530,-734
115000112,627,409,218
115000113,1036,971,65
115000114,1808,854,954
115000116,2930,1203,1727
115000117,3746,1681,2065
115000118,1389,1286,103
115000119,1578,1622,-44
115000120,440,591,-151
115000121,1839,787,1052
115000122,4779,819,3960
115000123,2573,1008,1565
115000124,731,617,114
115000125,334,598,-264
115000126,158,359,-201
115000127,282,155,127
115000128,1284,782,502
115000129,153,127,26
115000130,206,1359,-1153
115000131,264,240,24
115000132,95,627,-532
115000133,164,335,-171
115000134,174,222,-48
115000135,72,221,-149
115000136,58,207,-149
115000137,45,234,-189
115000138,136,215,-79
115000139,110,286,-176
115000140,98,209,-111
115000141,73,400,-327
115000142,63,398,-335
115000143,219,434,-215
115000144,267,85,182
115000145,163,527,-364
115000146,179,199,-20
115000147,253,573,-320
115000148,364,1700,-1336
115000149,300,188,112
115000150,609,1546,-937
115000151,417,498,-81
115000152,487,1920,-1433
115000153,361,415,-54
115000154,367,297,70
115000155,345,1325,-980
115000156,846,586,260
115000157,967,914,53
115000158,701,368,333
115000159,682,414,268
115000160,598,559,39
115000161,490,590,-100
115000162,611,475,136
115000163,553,471,82
115000164,544,438,106
115000165,315,286,29
115000167,65,59,6
115000168,594,245,349
115000169,530,345,185
115000170,61,105,-44
115000171,173,111,62
115000172,2033,517,1516
115000173,220,255,-35
115000174,42,166,-124
115000175,71,65,6
115000176,188,31,157
115000177,225,51,174
115000178,10,329,-319
115000179,23,13,10
115000180,43,772,-729
115000181,254,107,147
115000182,331,461,-130
115000183,132,1149,-1017
115000186,430,250,180
115000187,142,639,-497
115000188,414,497,-83
115000189,192,457,-265
115000190,635,418,217
115000191,225,399,-174
115000194,169,91,78
115000195,252,180,72
115000196,32,141,-109
115000197,111,488,-377
115000198,107,275,-168
115000199,149,370,-221
115000200,222,126,96
115000201,60,432,-372
115000206,153,87,66
115000207,59,386,-327
115000208,545,709,-164
115000209,374,135,239
115000210,74,115,-41
115000211,158,197,-39
115000212,1595,316,1279
115000224,108,49,59
115000225,59,61,-2
115000229,256,191,65
115000230,74,417,-343
115000231,264,3000,-2736
115000232,754,343,411
115000233,56,251,-195
115000234,14,232,-218
115000241,46,308,-262
115000242,35,342,-307
115000243,17,250,-233
115000244,4,76,-72
115000246,29,19,10
115000247,8,9,-1
115000248,33,6,27
115000249,21,7,14
115000250,220,45,175
115000251,108,167,-59
115000252,17,142,-125
115000253,12,167,-155
115000258,166,220,-54
115000259,259,139,120
115000261,6,25,-19
115000262,3,19,-16
115000263,4,42,-38
115000264,2,51,-49
115000267,26,72,-46
115000268,38,101,-63
115000269,50,79,-29
115000270,2,23,-21
115000272,55,146,-91
115000273,170,19,151
115000280,3367,68,3299
115000281,1012,122,890
115000282,1303,500,803
115000284,425,85,340
115000296,421,9,412
115000297,71,46,25
115000298,36,113,-77
115000300,54,266,-212
115000302,176,268,-92
115000303,300,196,104
115000304,294,94,200
115000305,54,1361,-1307
115000306,63,670,-607
115000307,27,365,-338
115000308,77,16,61
115000309,19,18,1
115000310,514,1486,-972
115000311,298,1507,-1209
115000313,87,864,-777
115000314,178,42,136
115000315,1350,279,1071
115000316,46,54,-8
115000317,148,682,-534
115000318,494,218,276
115000319,71,260,-189
115000320,13,157,-144
115000321,398,3,395
115000322,28,274,-246
115000449,299,96,203
115000557,1,460,-459
115000558,142,75,67
115000587,209,340,-131
115000588,2096,4246,-2150
115000589,2395,2599,-204
115000590,727,1517,-790
115000591,1079,781,298
115000592,705,1396,-691
115000593,1191,552,639
115000594,964,1348,-384
115000609,82,212,-130
115000617,2006,1277,729
115000624,90,90,0
115000633,353,1781,-1428
115000634,2364,683,1681
115000635,195,129,66
115000638,1430,742,688
115000641,105,79,26
115000642,396,217,179
115000643,65,415,-350
115000644,156,418,-262
115000646,595,901,-306
115000647,116,392,-276
115000648,836,1624,-788
115000893,3731,903,2828
115000894,54,1148,-1094
115000895,294,766,-472
115000896,798,329,469
115000897,482,53,429
115000898,699,224,475
115000899,1038,918,120
115000900,93,286,-193
115000901,74,55,19
115000912,133,59,74
115000913,1,42,-41
115000915,27,0,27
115000916,1,0,1
115000917,0,1,-1
115000918,70,149,-79
115000919,23,10,13
115000920,6,30,-24
115000921,1430,88,1342
115000922,1111,393,718
115000923,482,620,-138
115000925,35,76,-41
115000927,16,19,-3
115000933,325,124,201
115000934,78,199,-121
115000935,66,145,-79
115000936,43,194,-151
115000937,1012,117,895
115000938,141,87,54
115000939,101,91,10
115900001,19,82,-63
115900002,91,183,-92
115900003,74,192,-118
115900004,2,82,-80
115900005,69,2,67
115900006,63,461,-398
115900008,18,9,9
115900009,62,335,-273
115900010,118,254,-136
115900011,243,342,-99
115900012,23,125,-102
115900013,350,181,169
115900014,84,187,-103
115900015,21,104,-83
115900016,90,33,57
115900017,0,0,0
115900018,200,121,79
115900019,277,23,254
115900020,15,0,15
115900021,2194,127,2067
115900022,3020,15,3005
115900023,4,0,4
115900025,112,184,-72
115900026,928,393,535
115900027,0,453,-453
115900028,581,53,528
115900029,5,666,-661
115900030,31,13,18
115900031,471,140,331
115900032,342,893,-551
115900033,0,41,-41
115900034,27,677,-650
115900035,20,141,-121
115900036,260,317,-57
115900037,20,578,-558
115900038,21,11,10
115900039,83,402,-319
115900041,323,307,16
115900042,11,2,9
115900043,28,168,-140
115900044,202,277,-75
115900046,107,345,-238
115900047,54,46,8
115900049,87,207,-120
115900051,0,112,-112
115900052,12,330,-318
115900053,53,355,-302
115900054,66,61,5
115900055,13,168,-155
115900056,120,468,-348
115900057,20,0,20
115900058,33,86,-53
115900060,28,140,-112
115900061,78,1,77
115900062,13,376,-363
115900063,30,12,18
115900064,177,273,-96
115900065,32,163,-131
115900066,168,217,-49
115900067,9,907,-898
115900068,4171,131,4040
115900069,72,279,-207
115900070,79,298,-219
115900071,2,737,-735
115900072,79,269,-190
115900073,19,20,-1
115900074,8,399,-391
115900075,13,384,-371
115900076,2,121,-119
115900077,3,368,-365
115900078,28,150,-122
115900079,71,14,57
115900080,406,163,243
115900081,8,85,-77
115900082,141,145,-4
115900084,124,48,76
115900085,54,35,19
115900086,1675,450,1225
115900088,29,34,-5
115900089,136,856,-720
115900090,122,23,99
115900091,1,28,-27
115900092,32,287,-255
115900093,2,72,-70
115900094,3,450,-447
115900096,0,18,-18
115900097,12,685,-673
115900098,67,526,-459
115900099,10,90,-80
115900100,7,614,-607
115900101,109,482,-373
115900102,18,85,-67
115900103,158,292,-134
115900104,12,176,-164
115900105,51,767,-716
115900106,17,27,-10
115900107,15,203,-188
115900108,43,61,-18
115900109,58,414,-356
115900110,0,11,-11
115900111,0,62,-62
115900112,19,960,-941
115900113,16,15,1
115900114,0,179,-179
115900115,33,162,-129
115900116,75,1192,-1117
115900117,24,15,9
115900118,4,424,-420
115900119,59,83,-24
115900120,18,442,-424
115900121,65,212,-147
115900124,115,331,-216
115900125,129,29,100
115900126,335,54,281
115900127,463,40,423
115900128,5,38,-33
115900129,473,22,451
115900130,44,203,-159
115900131,148,18,130
115900132,164,6,158
115900134,122,2,120
115900135,587,500,87
115900137,3,0,3
115900139,74,70,4
115900140,171,10,161
115900141,10,61,-51
115900142,10,17,-7
115900143,82,264,-182
115900144,29,177,-148
115900146,5,161,-156
115900147,210,250,-40
115900148,9,15,-6
115900149,16,22,-6
115900150,9,61,-52
115900151,15,53,-38
115900152,28,393,-365
115900153,39,243,-204
115900154,558,268,290
115900155,1,68,-67
115900156,476,758,-282
115900157,52,374,-322
115900158,42,7,35
115900159,18,281,-263
115900160,7,4,3
115900161,3,167,-164
115900163,103,107,-4
115900164,148,47,101
115900166,150,256,-106
115900168,18,190,-172
115900171,37,401,-364
115900172,18,148,-130
115900173,151,162,-11
115900174,327,308,19
115900175,63,206,-143
115900178,5,834,-829
115900179,86,10,76
115900180,30,378,-348
115900181,68,293,-225
115900182,159,350,-191
115900183,137,22,115
115900184,1945,20,1925
115900187,5,110,-105
115900189,0,76,-76
115900190,397,394,3
115900191,43,560,-517
115900192,10,54,-44
115900193,62,28,34
115900194,276,30,246
115900195,385,905,-520
115900198,140,242,-102
115900199,169,263,-94
115900200,245,315,-70
115900201,351,174,177
115900202,0,2,-2
115900203,2,1,1
115900204,0,1,-1
115900205,21,8,13
115900206,54,153,-99
115900207,9,34,-25
115900208,37,448,-411
115900209,2,152,-150
115900210,6,151,-145
115900211,3,205,-202
115900212,66,237,-171
115900213,31,34,-3
115900214,195,332,-137
115900215,20,24,-4
115900216,4,64,-60
115900217,3,70,-67
115900218,2,38,-36
115900219,30,3,27
115900220,48,5,43
115900221,24,12,12
115900222,28,9,19
115900223,9,60,-51
115900224,1639,291,1348
115900225,111,36,75
115900226,21,29,-8
115900227,14,42,-28
115900228,2,33,-31
115900229,3,52,-49
115900230,46,88,-42
115900231,52,6,46
115900232,11,0,11
115900233,50,5,45
115900234,27,14,13
115900235,4,16,-12
115900236,9,11,-2
115900237,5,26,-21
115900238,6,21,-15
115900239,1,38,-37
115900240,9,48,-39
115900241,75,80,-5
115900242,147,117,30
115900243,4,6,-2
115900244,3,10,-7
115900245,9,13,-4
115900246,7,7,0
115900247,8,3,5
115900248,7,5,2
115900249,4,8,-4
115900250,1,9,-8
115900251,1,6,-5
115900252,1,1,0
115900253,4,14,-10
115900254,10,18,-8
115900255,5,11,-6
115900256,32,8,24
115900257,3,3,0
115900258,0,4,-4
115900259,2,5,-3
115900260,3,0,3
115900261,5,1,4
115900262,2,1,1
115900263,3,7,-4
115900264,18,5,13
115900265,2,5,-3
115900266,3,1,2
115900267,3,4,-1
115900268,1,8,-7
115900269,170,408,-238
115900270,144,949,-805
115900271,43,0,43
115900272,10,0,10
115900273,1,4,-3
115900274,1,17,-16
115900275,0,37,-37
115900276,0,83,-83
115900277,0,182,-182
115900278,3,94,-91
115900279,6,177,-171
115900280,13,167,-154
115900281,496,121,375
115900282,19,4,15
115900283,4,3,1
115900284,4,11,-7
116000001,21366,5060,16306
116000002,3970,4527,-557
116000003,1494,2006,-512
116000004,1357,1686,-329
116000005,2527,3429,-902
116000006,1642,996,646
116000007,3524,4395,-871
116000008,4286,1416,2870
116000009,1830,2849,-1019
116000010,1415,785,630
116000011,641,1911,-1270
116000012,546,547,-1
116000013,18202,4335,13867
116000014,23462,5925,17537
116000015,552,849,-297
116000016,9427,1776,7651
116000017,31,396,-365
116000018,740,429,311
116000019,952,259,693
116000020,340,1320,-980
116000021,151,221,-70
116000022,297,504,-207
116000023,544,448,96
116000024,857,1698,-841
116000025,634,457,177
116000026,1682,2634,-952
116000027,455,560,-105
116000028,266,508,-242
116000029,1103,543,560
116000030,296,296,0
116000031,134,165,-31
116000032,289,333,-44
116000033,230,538,-308
116000034,438,958,-520
116000035,318,577,-259
116000036,1903,424,1479
116000037,627,454,173
116000038,478,254,224
116000039,653,240,413
116000040,751,327,424
116000041,299,592,-293
116000042,314,279,35
116000043,90,485,-395
116000044,9,82,-73
116000045,1167,998,169
116000046,1043,794,249
116000047,1894,1695,199
116000048,1797,1514,283
116000049,616,1844,-1228
116000050,1072,1358,-286
116000051,2004,1632,372
116000052,2521,3002,-481
116000053,1280,1141,139
116000054,524,2562,-2038
116000055,330,1636,-1306
116000056,441,875,-434
116000057,3053,2326,727
116000058,2714,1885,829
116000059,2217,3493,-1276
116000060,3129,922,2207
116000061,485,779,-294
116000062,464,248,216
116000063,526,1085,-559
116000066,103,274,-171
116000067,248,684,-436
116000068,136,191,-55
116000069,206,529,-323
116000078,179,985,-806
116000080,948,1092,-144
116000082,11,135,-124
116000083,825,307,518
116000084,2319,4094,-1775
116000085,1542,893,649
116000086,2186,1514,672
116000087,870,877,-7
116000088,744,1522,-778
116000089,110,90,20
116000090,102,147,-45
116000091,99,74,25
116000093,1169,827,342
116000094,338,695,-357
116000095,392,749,-357
116000096,448,1171,-723
116000097,340,858,-518
116000098,406,3266,-2860
116000099,10073,373,9700
116000100,48,9,39
116000101,262,1752,-1490
116000102,179,1390,-1211
116000103,270,210,60
116000104,111,1639,-1528
116000105,371,183,188
116000106,119,1328,-1209
116000107,693,469,224
116000108,22,160,-138
116000111,39,8,31
116000113,103,41,62
116000114,43,148,-105
116000115,190,55,135
116000116,224,617,-393
116000117,872,1949,-1077
116000118,979,1668,-689
116000119,1448,1626,-178
116000120,2293,5140,-2847
116000121,457,371,86
116000122,1397,2615,-1218
116000123,285,374,-89
116000124,280,1333,-1053
116000125,1159,464,695
116000126,252,1770,-1518
116000127,971,1702,-731
116000128,945,730,215
116000129,530,188,342
116000130,188,223,-35
116000133,296,946,-650
116000134,1130,3081,-1951
116000135,1052,1117,-65
116000136,976,2631,-1655
116000137,560,508,52
116000138,1441,431,1010
116000139,1449,2144,-695
116000140,80,221,-141
116000141,367,1165,-798
116000142,3980,4490,-510
116000143,1697,1312,385
116000144,1017,3395,-2378
116000145,1125,1452,-327
116000146,209,509,-300
116000147,205,97,108
116000148,204,351,-147
116000149,314,521,-207
116000151,398,1137,-739
116000153,47,405,-358
116000155,168,216,-48
116000156,1475,1380,95
116000157,33,15,18
116000158,302,441,-139
116000159,13,3,10
116000160,19,156,-137
116000161,8,119,-111
116000162,71,49,22
116000163,12,7,5
116000164,6,8,-2
116000177,48,116,-68
116000194,55,464,-409
116000195,1154,574,580
116000196,10,13,-3
116000197,0,12,-12
116000198,2346,1030,1316
116000200,746,187,559
116000201,493,657,-164
116000202,2,358,-356
116000203,3,72,-69
116000204,22,42,-20
116000205,0,147,-147
116000206,0,94,-94
116000207,0,38,-38
116000233,115,1005,-890
116000287,57,680,-623
116000288,56,267,-211
116000292,45,231,-186
116000296,3,285,-282
116000297,43,10,33
116000304,33,81,-48
116000305,8,149,-141
116000346,100,255,-155
116000352,79,58,21
116000354,20,22,-2
116000357,5,19,-14
116000358,117,34,83
116000361,94,4,90
116000372,9923,1996,7927
116000381,60,6,54
116000388,1,54,-53
116000389,541,560,-19
116000445,127,887,-760
116000446,162,1152,-990
116000447,10,510,-500
116000448,472,240,232
116000563,880,595,285
116000565,87,479,-392
116000568,40,167,-127
116000579,22,100,-78
116000584,2,14,-12
116000585,9,9,0
116000586,202,68,134
116000587,266,548,-282
116000589,17,92,-75
116000590,41,29,12
116000591,68,278,-210
116000592,11,181,-170
116000593,0,53,-53
116000594,200,647,-447
116000595,325,196,129
116000596,29,9,20
116000597,90,32,58
116000598,9,232,-223
116000602,93,197,-104
116000605,181,168,13
116000606,23,99,-76
116000607,7,94,-87
116000609,214,552,-338
116000611,53,623,-570
116000612,500,1599,-1099
116000613,184,282,-98
116000614,422,969,-547
116000615,3,101,-98
116000616,38,150,-112
116000617,30,155,-125
116000618,5,255,-250
116000619,10,29,-19
116000620,41,39,2
116000621,12,64,-52
116000622,18,120,-102
116000624,33,76,-43
116000627,17,35,-18
116000628,22,1135,-1113
116000629,38,663,-625
116000630,152,134,18
116000631,36,125,-89
116000632,130,627,-497
116000633,15,904,-889
116000634,121,39,82
116000635,3035,1299,1736
116000636,1680,818,862
116000637,84,10,74
116000638,11,678,-667
116900001,158,124,34
116900002,263,2,261
116900003,8,74,-66
116900004,13,30,-17
116900005,100,52,48
116900006,172,107,65
116900007,66,192,-126
116900008,145,636,-491
116900009,13,4,9
116900010,6,2241,-2235
116900011,14,37,-23
116900012,87,210,-123
116900013,6,202,-196
116900014,47,444,-397
116900015,95,62,33
116900016,59,4,55
116900017,5,936,-931
116900018,31,24,7
116900019,4,461,-457
116900020,2088,254,1834
116900023,26,6,20
116900024,251,107,144
116900025,336,1194,-858
116900026,202,856,-654
116900027,10,36,-26
116900028,3,148,-145
116900029,0,10,-10
116900031,0,10,-10
116900032,11,402,-391
116900033,4,6,-2
116900034,4,80,-76
116900035,62,218,-156
116900036,2,132,-130
116900038,10,3,7
116900041,54,18,36
116900042,1080,245,835
116900043,6,72,-66
116900047,81,33,48
116900049,49,270,-221
116900050,52,447,-395
116900051,22,361,-339
116900052,121,93,28
116900055,0,8,-8
116900057,8,353,-345
116900058,15,418,-403
116900059,1,246,-245
116900060,113,267,-154
116900062,0,4,-4
116900064,49,1292,-1243
116900065,4,88,-84
116900067,69,148,-79
116900068,114,494,-380
116900070,0,0,0
116900072,13,580,-567
116900073,13,219,-206
116900074,3,50,-47
116900076,7,19,-12
116900077,5,240,-235
116900078,175,142,33
116900079,11,377,-366
116900080,4,25,-21
116900081,249,1631,-1382
116900082,162,1210,-1048
116900083,45,78,-33
116900084,124,40,84
116900085,19,167,-148
116900086,34,271,-237
116900088,396,62,334
116900090,113,59,54
116900091,116,138,-22
116900092,53,967,-914
116900093,1961,1654,307
116900094,8268,1963,6305
116900095,144,180,-36
116900096,56,67,-11
116900097,4592,1430,3162
116900098,1159,221,938
116900099,506,344,162
116900100,323,33,290
116900101,298,852,-554
116900103,11,1,10
116900104,41,85,-44
116900105,212,43,169
116900106,693,311,382
116900107,5018,984,4034
116900110,12,0,12
116900111,103,1368,-1265
116900112,105,1071,-966
116900113,3371,827,2544
116900116,87,193,-106
116900117,25,102,-77
116900118,1422,564,858
116900120,90,166,-76
116900121,34,54,-20
116900122,264,1040,-776
116900123,54,1147,-1093
116900124,133,904,-771
116900125,75,224,-149
116900126,263,475,-212
116900128,0,35,-35
116900129,1,363,-362
116900130,1221,1759,-538
116900131,73,171,-98
116900132,37,71,-34
116900133,51,96,-45
116900134,175,211,-36
116900136,110,161,-51
116900137,236,190,46
116900138,141,240,-99
116900139,43,519,-476
116900140,75,216,-141
116900141,385,364,21
116900142,0,12,-12
116900143,129,602,-473
116900144,7,54,-47
116900145,86,404,-318
116900147,541,244,297
116900148,5,50,-45
116900149,19,123,-104
116900150,5,7,-2
116900151,98,13,85
116900153,49,62,-13
116900154,588,126,462
116900155,62,19,43
116900157,165,306,-141
116900158,39,74,-35
116900159,32,141,-109
116900160,422,245,177
116900161,10795,3787,7008
116900162,5,193,-188
116900163,49,165,-116
116900164,24,28,-4
116900165,93,77,16
116900166,7,120,-113
116900167,199,50,149
116900168,112,103,9
116900169,585,176,409
116900170,112,146,-34
116900171,18,235,-217
116900172,218,57,161
116900173,64,57,7
116900174,12,21,-9
116900175,102,71,31
116900178,19,241,-222
116900179,64,89,-25
116900180,100,25,75
116900182,226,189,37
116900183,98,80,18
116900185,15,19,-4
116900186,49,360,-311
116900187,8,20,-12
116900188,60,13,47
116900189,18,0,18
116900191,219,347,-128
116900192,125,160,-35
116900194,20,403,-383
116900195,24,3,21
116900196,36,140,-104
116900197,43,3,40
116900198,353,153,200
116900200,8,46,-38
116900201,30,9,21
116900202,176,81,95
116900203,66,0,66
116900204,27,45,-18
116900205,0,0,0
116900206,1,42,-41
116900207,6,13,-7
116900208,8,203,-195
116900209,14,172,-158
116900210,267,175,92
116900211,155,7,148
116900212,20,96,-76
116900213,179,249,-70
116900214,71,147,-76
116900215,48,113,-65
116900216,158,441,-283
116900218,13,383,-370
116900219,763,407,356
116900220,57,180,-123
116900221,44,289,-245
116900222,308,276,32
116900223,72,169,-97
116900226,25,56,-31
116900227,80,70,10
116900228,145,327,-182
116900230,21,413,-392
116900231,14,605,-591
116900232,3,694,-691
116900233,95,79,16
116900234,8,11,-3
116900235,122,436,-314
116900238,1426,411,1015
116900239,45,759,-714
116900240,7353,2268,5085
116900241,21,390,-369
116900242,394,165,229
116900243,0,50,-50
116900245,68,25,43
116900246,23,2,21
116900247,154,8,146
116900248,52,22,30
116900249,128,140,-12
116900250,117,38,79
116900251,499,167,332
116900252,21,1086,-1065
116900253,48,73,-25
116900254,6,79,-73
116900255,68,22,46
116900256,112,95,17
116900257,10,755,-745
116900258,3,404,-401
116900259,36,1,35
116900260,1,163,-162
116900261,8,2,6
116900262,50,138,-88
116900263,0,14,-14
116900264,0,2,-2
116900265,14,1,13
116900266,4,87,-83
116900267,1,4,-3
116900268,14,11,3
116900269,281,502,-221
116900271,2780,92,2688
116900272,559,737,-178
116900273,246,40,206
116900274,30,81,-51
116900275,73,193,-120
116900276,1651,33,1618
116900277,827,16,811
116900278,3,25,-22
116900279,0,13,-13
116900280,9,48,-39
116900281,9560,1822,7738
116900282,4,159,-155
116900283,19,150,-131
116900284,26,240,-214
116900285,458,126,332
116900286,258,14,244
116900287,0,111,-111
116900288,29,157,-128
116900289,2,60,-58
116900290,1,72,-71
116900291,2,7,-5
116900292,1,0,1
116900293,11,89,-78
116900294,20,121,-101
116900295,106,88,18
116900296,38,112,-74
116900297,8,67,-59
116900298,137,41,96
116900299,36,99,-63
116900300,21,363,-342
116900301,76,88,-12
116900302,51,35,16
116900303,475,44,431
116900304,1,151,-150
116900305,17,36,-19
116900306,36,155,-119
117000001,964,1075,-111
117000002,1437,4234,-2797
117000003,5857,2471,3386
117000004,4867,5804,-937
117000005,1054,1304,-250
117000006,900,4714,-3814
117000007,2016,1219,797
117000008,1205,4658,-3453
117000009,4114,1473,2641
117000010,2838,4720,-1882
117000011,975,2063,-1088
117000012,1013,2018,-1005
117000013,822,1425,-603
117000014,766,2670,-1904
117000015,2652,1339,1313
117000016,506,64,442
117000017,362,192,170
117000018,179,348,-169
117000019,233,1,232
117000020,946,997,-51
117000021,3948,466,3482
117000022,544,46,498
117000023,513,99,414
117000024,615,82,533
117000025,936,620,316
117000026,2681,681,2000
117000027,5333,988,4345
117000028,5225,581,4644
117000030,1164,646,518
117000031,426,199,227
117000032,1928,1418,510
117000033,876,694,182
117000034,307,373,-66
117000035,247,176,71
117000036,301,326,-25
117000037,195,199,-4
117000038,237,420,-183
117000039,320,306,14
117000040,91,1644,-1553
117000041,461,133,328
117000044,25,1458,-1433
117000045,257,49,208
117000046,380,933,-553
117000047,509,424,85
117000048,1989,1509,480
117000049,137,427,-290
117000050,81,2784,-2703
117000051,1195,166,1029
117000052,12,765,-753
117000053,91,54,37
117000054,1104,1,1103
117000055,15,3935,-3920
117000056,407,18,389
117000057,724,2321,-1597
117000060,335,2282,-1947
117000061,1058,681,377
117000062,157,628,-471
117000063,1122,636,486
117000064,921,913,8
117000066,1180,693,487
117000067,93,309,-216
117000074,157,138,19
117000076,62,53,9
117000077,126,79,47
117000078,65,616,-551
117000079,137,194,-57
117000080,4,463,-459
117000081,503,111,392
117000082,8,43,-35
117000083,71,2,69
117000084,324,1,323
117000085,129,540,-411
117000086,1237,680,557
117000087,88,533,-445
117000088,189,187,2
117000089,974,281,693
117000090,228,1578,-1350
117000091,382,335,47
117000092,293,1988,-1695
117000093,635,704,-69
117000094,618,2911,-2293
117000095,1647,799,848
117000096,470,2807,-2337
117000097,734,1146,-412
117000098,2810,6654,-3844
117000099,1583,798,785
117000100,88,156,-68
117000101,235,1704,-1469
117000102,822,505,317
117000103,890,2258,-1368
117000104,1044,467,577
117000105,736,2385,-1649
117000106,694,818,-124
117000107,388,2977,-2589
117000108,982,741,241
117000109,1719,3555,-1836
117000110,1016,657,359
117000111,3517,4906,-1389
117000112,1908,1976,-68
117000113,89,499,-410
117000114,87,168,-81
117000115,29,190,-161
117000116,57,264,-207
117000117,1426,409,1017
117000118,246,143,103
117000119,222,49,173
117000120,460,77,383
117000121,394,303,91
117000122,692,749,-57
117000123,2052,20,2032
117000124,1237,33,1204
117000125,477,46,431
117000126,62,61,1
117000127,177,388,-211
117000128,446,622,-176
117000129,634,290,344
117000130,107,1,106
117000131,1,292,-291
117000132,917,85,832
117000133,461,188,273
117000134,0,64,-64
117000135,4,42,-38
117000136,0,52,-52
117000137,32,54,-22
117000138,8,762,-754
117000140,385,2004,-1619
117000141,1091,536,555
117000181,1301,371,930
117000182,222,177,45
117000195,185,1541,-1356
117000196,85,46,39
117000225,144,9,135
117000226,5,146,-141
117000276,73,8,65
117000277,2,556,-554
117000310,2214,2628,-414
117000315,25,568,-543
117000320,58,1,57
117000906,101,10,91
117000907,5,562,-557
117000908,137,21,116
117000909,91,19,72
117000910,190,132,58
117000911,116,305,-189
117000915,8,659,-651
117000916,13,2,11
117000917,529,11,518
117000918,11,40,-29
117000919,15,167,-152
117000920,4,1962,-1958
117000921,8,2466,-2458
117000922,52,171,-119
117000924,250,685,-435
117000926,1585,89,1496
117000927,2964,237,2727
117000928,1,344,-343
117000929,109,575,-466
117000930,60,15,45
117000931,971,57,914
117900002,124,336,-212
117900003,1007,290,717
117900005,21,14,7
117900006,0,42,-42
117900007,75,212,-137
117900008,0,47,-47
117900010,194,182,12
117900011,31,37,-6
117900012,31,228,-197
117900013,2,455,-453
117900014,332,304,28
117900015,13,291,-278
117900016,1352,346,1006
117900017,245,615,-370
117900018,294,39,255
117900019,284,674,-390
117900020,65,216,-151
117900021,23,107,-84
117900022,12,6,6
117900023,949,121,828
117900024,61,153,-92
117900025,33,9,24
117900026,256,477,-221
117900028,36,2,34
117900029,158,1266,-1108
117900030,154,192,-38
117900031,112,95,17
117900032,394,304,90
117900033,96,1158,-1062
117900034,21,77,-56
117900035,77,37,40
117900036,129,904,-775
117900037,45,161,-116
117900038,27,462,-435
117900039,4,111,-107
117900040,92,672,-580
117900041,7,56,-49
117900042,5258,466,4792
117900043,24,57,-33
117900044,28,2118,-2090
117900045,94,76,18
117900048,94,419,-325
117900049,83,958,-875
117900050,9,47,-38
117900051,25,2,23
117900052,72,216,-144
117900053,619,789,-170
117900054,0,13,-13
117900055,126,123,3
117900056,660,25,635
117900057,679,1358,-679
117900058,68,5,63
117900059,217,60,157
117900060,663,6044,-5381
117900061,30,162,-132
117900063,133,242,-109
117900065,664,1307,-643
117900066,7,40,-33
117900067,240,412,-172
117900069,394,638,-244
117900070,218,4,214
117900071,65,132,-67
117900073,190,520,-330
117900074,105,3,102
117900075,40,80,-40
117900076,10,55,-45
117900077,127,119,8
117900078,196,315,-119
117900080,154,55,99
117900081,532,473,59
117900082,174,213,-39
117900083,192,850,-658
117900086,57,62,-5
117900087,23,50,-27
117900088,2843,1890,953
117900089,1021,261,760
117900090,153,1122,-969
117900091,145,145,0
117900092,22,43,-21
117900093,22,53,-31
117900094,7,4,3
117900095,171,866,-695
117900096,39,277,-238
117900097,194,59,135
117900098,6,2,4
117900099,95,535,-440
117900100,92,0,92
117900101,317,815,-498
117900102,43,42,1
117900103,8,0,8
117900104,8,183,-175
117900105,179,208,-29
117900106,51,47,4
117900107,11,0,11
117900109,211,321,-110
117900110,46,0,46
117900111,131,5,126
117900112,16,25,-9
117900113,4522,1550,2972
117900114,1,0,1
117900115,365,26,339
117900116,904,905,-1
117900117,289,347,-58
117900118,9,0,9
117900119,65,318,-253
117900120,80,114,-34
117900121,70,32,38
117900122,1080,1314,-234
117900123,424,975,-551
117900124,512,578,-66
117900125,990,682,308
117900126,310,667,-357
117900127,239,745,-506
117900128,123,1097,-974
117900129,25,1,24
117900130,583,300,283
117900131,1,108,-107
117900132,4,134,-130
117900133,3,137,-134
117900134,45,229,-184
117900135,14,348,-334
117900136,0,86,-86
117900137,13,411,-398
117900138,0,51,-51
117900139,32,147,-115
117900140,6390,92,6298
117900141,191,257,-66
117900142,27,11,16
117900144,74,86,-12
117900145,85,4,81
117900146,146,91,55
117900147,19,82,-63
117900148,3075,878,2197
117900149,31,208,-177
117900150,23,75,-52
117900151,30,154,-124
117900152,66,97,-31
117900153,21,146,-125
117900154,245,711,-466
117900156,659,692,-33
117900157,52,439,-387
117900158,139,75,64
117900160,303,220,83
117900161,2854,2571,283
117900162,150,485,-335
117900163,56,10,46
117900165,0,11,-11
117900166,97,230,-133
117900168,28,194,-166
117900169,2,126,-124
117900170,0,41,-41
117900171,0,14,-14
117900172,21,37,-16
117900173,180,56,124
117900174,30,58,-28
117900175,4,29,-25
117900176,2,70,-68
117900177,8,74,-66
117900178,103,36,67
117900180,340,28,312
117900181,198,157,41
117900182,1,21,-20
117900183,19,162,-143
117900184,2,55,-53
117900185,11,14,-3
117900186,14,10,4
117900187,18,4,14
117900188,162,17,145
117900189,17,7,10
117900190,9,0,9
117900191,26,0,26
117900192,106,1,105
117900193,12,56,-44
117900194,16,1,15
117900195,10,8,2
117900196,6,21,-15
117900207,105,72,33
117900208,18,43,-25
117900209,209,138,71
117900210,178,179,-1
117900211,7,213,-206
117900212,94,201,-107
117900213,8,17,-9
117900214,2,46,-44
117900215,4,53,-49
117900216,65,7,58
117900217,237,40,197
117900218,381,172,209
117900219,6,30,-24
117900220,87,57,30
117900222,168,267,-99
117900223,112,130,-18
118000001,720,389,331
118000002,1526,2006,-480
118000003,1772,1145,627
118000004,3160,2264,896
118000005,6370,1843,4527
118000006,10294,7064,3230
118000007,6796,1960,4836
118000008,5732,2576,3156
118000009,2001,3308,-1307
118000010,4484,4383,101
118000011,630,3036,-2406
118000012,953,3206,-2253
118000013,3144,3080,64
118000014,2118,3485,-1367
118000016,280,714,-434
118000017,146,371,-225
118000018,189,859,-670
118000019,1717,1206,511
118000020,1180,1184,-4
118000021,697,1635,-938
118000022,1943,520,1423
118000023,1016,236,780
118000024,1804,586,1218
118000027,21821,4807,17014
118000029,1404,537,867
118000032,1917,1462,455
118000033,2916,2016,900
118000034,5529,1907,3622
118000035,1559,1362,197
118000036,1177,903,274
118000037,554,874,-320
118000038,87,135,-48
118000039,79,465,-386
118000040,1508,2300,-792
118000041,1749,1548,201
118000045,966,142,824
118000046,1953,600,1353
118000047,1753,520,1233
118000048,4487,1140,3347
118000051,2732,560,2172
118000052,1721,403,1318
118000053,396,436,-40
118000054,1303,1165,138
118000055,928,1383,-455
118000056,234,242,-8
118000057,374,289,85
118000058,3801,1255,2546
118000059,1996,837,1159
118000060,518,745,-227
118000061,458,1150,-692
118000062,415,214,201
118000063,362,390,-28
118000064,869,1214,-345
118000065,6362,1492,4870
118000066,898,1017,-119
118000067,1568,883,685
118000068,1985,2704,-719
118000069,3818,1263,2555
118000070,9463,1538,7925
118000071,4437,4088,349
118000072,1976,974,1002
118000073,3459,531,2928
118000074,277,316,-39
118000075,681,264,417
118000076,1267,1150,117
118000077,1172,1037,135
118000078,1564,1633,-69
118000079,299,283,16
118000080,1136,807,329
118000081,1268,1011,257
118000082,287,737,-450
118000083,2657,1104,1553
118000084,3001,1336,1665
118000086,170,506,-336
118000087,7061,2332,4729
118000088,2091,1595,496
118000089,4207,2166,2041
118000090,2214,2266,-52
118000091,1667,1458,209
118000092,1326,307,1019
118000093,127,660,-533
118000096,481,511,-30
118000097,460,499,-39
118000098,228,245,-17
118000099,301,1155,-854
118000101,586,335,251
118000102,282,1859,-1577
118000107,4138,414,3724
118000108,637,961,-324
118000110,2,34,-32
118000111,8,712,-704
118000112,164,3,161
118000113,8,1149,-1141
118000114,116,3,113
118000115,9,5,4
118000116,25,0,25
118000117,1196,947,249
118000118,724,596,128
118000119,816,975,-159
118000120,1532,1513,19
118000121,69,336,-267
118000122,921,207,714
118000123,54,265,-211
118000125,1644,1310,334
118000126,596,1382,-786
118000127,1594,578,1016
118000128,733,1152,-419
118000129,453,243,210
118000130,2978,4489,-1511
118000131,353,1025,-672
118000132,1714,1303,411
118000133,381,377,4
118000135,309,252,57
118000136,93,613,-520
118000137,582,82,500
118000138,221,877,-656
118000139,112,124,-12
118000140,1928,2865,-937
118000141,1407,2158,-751
118000142,1128,2280,-1152
118000143,1120,953,167
118000144,1656,1213,443
118000145,1325,3668,-2343
118000146,888,2028,-1140
118000147,647,1962,-1315
118000148,260,1314,-1054
118000149,625,1419,-794
118000150,245,196,49
118000151,232,468,-236
118000153,589,1276,-687
118000154,519,1604,-1085
118000155,594,1334,-740
118000156,2423,1990,433
118000157,401,306,95
118000158,124,531,-407
118000159,18,66,-48
118000160,207,458,-251
118000161,260,1080,-820
118000162,916,766,150
118000163,361,629,-268
118000164,2320,1322,998
118000168,1726,190,1536
118000169,918,2035,-1117
118000170,4005,7591,-3586
118000171,153,764,-611
118000172,90,292,-202
118000173,721,1141,-420
118000175,229,315,-86
118000176,175,462,-287
118000177,136,545,-409
118000178,52,36,16
118000179,1726,706,1020
118000180,703,772,-69
118000181,684,394,290
118000182,248,316,-68
118000183,177,218,-41
118000184,374,1243,-869
118000185,1115,781,334
118000186,488,896,-408
118000187,681,1099,-418
118000188,327,265,62
118000189,231,1019,-788
118000190,16,7,9
118000191,23,45,-22
118000192,37,88,-51
118000193,19,204,-185
118000194,1851,1128,723
118000195,1410,377,1033
118000196,441,112,329
118000197,195,60,135
118000198,663,224,439
118000199,416,234,182
118000200,135,234,-99
118000201,514,270,244
118000202,44,51,-7
118000203,1855,358,1497
118000204,194,170,24
118000205,405,310,95
118000206,121,203,-82
118000207,0,109,-109
118000208,1012,1558,-546
118000209,1118,1795,-677
118000210,23,21,2
118000211,17,19,-2
118000213,886,642,244
118000214,683,259,424
118000215,163,353,-190
118000216,1201,4148,-2947
118000217,16,186,-170
118000218,55,140,-85
118000219,475,391,84
118000220,0,12,-12
118000221,58,272,-214
118000222,73,24,49
118000223,12,19,-7
118000224,232,161,71
118000225,85,996,-911
118000226,554,79,475
118000227,1065,294,771
118000228,229,122,107
118000229,323,43,280
118000230,63,341,-278
118000231,86,211,-125
118000232,560,1157,-597
118000233,531,949,-418
118000234,198,376,-178
118000236,204,461,-257
118000237,40,778,-738
118000238,108,343,-235
118000239,170,298,-128
118000240,605,65,540
118000241,76,349,-273
118000242,282,866,-584
118000243,76,225,-149
118000244,21,233,-212
118000246,0,7,-7
118000255,23,173,-150
118000256,74,193,-119
118000259,6,45,-39
118000260,113,133,-20
118000261,12,113,-101
118000263,83,250,-167
118000266,120,546,-426
118000267,0,112,-112
118000268,205,1,204
118000270,27,38,-11
118000271,89,236,-147
118000272,45,37,8
118000273,90,93,-3
118000274,114,502,-388
118000276,164,321,-157
118000295,3,61,-58
118000298,161,560,-399
118000299,49,288,-239
118000301,1,81,-80
118000302,62,96,-34
118000311,103,135,-32
118000312,86,230,-144
118000313,48,218,-170
118000314,35,99,-64
118000315,28,91,-63
118000316,311,643,-332
118000325,10,82,-72
118000326,24,54,-30
118000331,5,79,-74
118000332,12,63,-51
118000333,16,65,-49
118000335,100,0,100
118000336,0,474,-474
118000407,57,96,-39
118000457,10,42,-32
118000465,4625,2407,2218
118000480,19,205,-186
118000489,24,98,-74
118000490,35,445,-410
118000492,149,171,-22
118000510,85,14,71
118000514,135,340,-205
118000515,588,348,240
118000517,483,176,307
118000524,744,128,616
118000525,764,1057,-293
118000530,12,129,-117
118000531,93,296,-203
118000532,164,342,-178
118000533,240,157,83
118000534,443,439,4
118000535,81,81,0
118000536,1116,430,686
118000537,29,70,-41
118000538,20,87,-67
118000539,8,70,-62
118000540,233,320,-87
118000541,128,164,-36
118000542,63,165,-102
118000543,154,236,-82
118000546,24,29,-5
118000553,0,7,-7
118000557,0,0,0
118000560,4403,694,3709
118000562,16,521,-505
118000563,1963,1583,380
118000576,109,249,-140
118000577,127,109,18
118000578,163,89,74
118000579,817,886,-69
118000583,0,0,0
118000595,91,68,23
118000596,1,81,-80
118000597,87,133,-46
118000598,0,0,0
118000599,15,63,-48
118000600,0,12,-12
118000601,0,0,0
118000602,0,6,-6
118000603,1,47,-46
118900001,1375,712,663
118900002,1501,520,981
118900003,108,13,95
118900004,36,77,-41
118900005,71,4,67
118900006,42,2,40
118900007,5,9,-4
118900008,1153,35,1118
118900009,12,16,-4
118900010,15,2,13
118900011,122,11,111
118900012,244,224,20
118900013,696,37,659
118900015,83,16,67
118900016,9,30,-21
118900017,134,112,22
118900018,1322,10,1312
118900019,54,9,45
118900020,150,109,41
118900021,100,362,-262
118900022,94,156,-62
118900023,50,96,-46
118900024,22,207,-185
118900025,20,27,-7
118900026,47,109,-62
118900027,368,167,201
118900028,58,206,-148
118900029,109,544,-435
118900030,72,73,-1
118900031,65,141,-76
118900032,80,276,-196
118900033,236,963,-727
118900034,63,4,59
118900035,74,306,-232
118900036,582,697,-115
118900037,158,368,-210
118900038,191,436,-245
118900039,180,354,-174
118900040,159,158,1
118900041,130,155,-25
118900042,124,106,18
118900045,156,170,-14
118900046,740,145,595
118900047,873,170,703
118900048,109,183,-74
118900049,66,28,38
118900050,9,173,-164
118900051,39,49,-10
118900052,123,345,-222
118900053,52,62,-10
118900054,40,87,-47
118900055,25,193,-168
118900056,12,120,-108
118900057,206,288,-82
118900058,264,613,-349
118900059,8,82,-74
118900060,26,103,-77
118900062,70,247,-177
118900064,733,312,421
118900065,16,124,-108
118900066,43,106,-63
118900067,7639,2012,5627
118900068,0,125,-125
118900069,200,276,-76
118900071,2,49,-47
118900072,263,382,-119
118900073,26,98,-72
118900074,41,183,-142
118900075,24,81,-57
118900076,174,51,123
118900077,528,216,312
118900078,39,3,36
118900079,29,164,-135
118900080,14,97,-83
118900081,58,25,33
118900082,421,176,245
118900083,12,21,-9
118900084,7,11,-4
118900085,548,1217,-669
118900086,7,38,-31
118900087,43,125,-82
118900088,0,28,-28
118900089,36,11,25
118900090,339,537,-198
118900091,180,99,81
118900092,62,97,-35
118900093,119,7,112
118900096,25,11,14
118900097,117,866,-749
118900099,99,311,-212
118900100,107,265,-158
118900101,30,723,-693
118900102,9,66,-57
118900103,26,31,-5
118900104,60,150,-90
118900105,110,67,43
118900107,220,100,120
118900108,38,91,-53
118900110,1704,373,1331
118900111,163,825,-662
118900112,34,100,-66
118900113,76,772,-696
118900114,6,97,-91
118900115,67,344,-277
118900116,70,199,-129
118900117,59,214,-155
118900118,183,584,-401
118900119,63,358,-295
118900120,62,297,-235
118900121,2,314,-312
118900122,5,429,-424
118900123,86,252,-166
118900124,54,217,-163
118900126,6,323,-317
118900129,90,148,-58
118900130,36,70,-34
118900131,94,284,-190
118900132,256,156,100
118900133,18,59,-41
118900135,111,273,-162
118900136,233,938,-705
118900137,6,14,-8
118900139,66,729,-663
118900140,295,993,-698
118900141,47,384,-337
118900144,66,787,-721
118900145,28,195,-167
118900146,219,950,-731
118900147,97,111,-14
118900148,27,51,-24
118900150,114,331,-217
118900152,392,1092,-700
118900157,89,117,-28
118900158,51,141,-90
118900159,1,304,-303
118900161,94,4,90
118900163,265,60,205
118900164,0,168,-168
118900165,23,401,-378
118900166,16,11,5
118900167,36,228,-192
118900168,2,70,-68
118900169,52,491,-439
118900170,34,107,-73
118900171,9,14,-5
118900174,21,42,-21
118900175,146,390,-244
118900176,36,187,-151
118900177,12,67,-55
118900178,15,81,-66
118900179,0,46,-46
118900181,33,93,-60
118900182,83,30,53
118900183,3,57,-54
118900184,156,30,126
118900185,38,134,-96
118900186,70,95,-25
118900187,114,331,-217
118900188,157,356,-199
118900189,13,430,-417
118900190,7,786,-779
118900191,67,48,19
118900192,46,38,8
118900193,160,12,148
118900195,430,1132,-702
118900196,16,271,-255
118900197,65,139,-74
118900198,6,65,-59
118900199,14,76,-62
118900200,7,3,4
118900201,13,12,1
118900202,5,83,-78
118900203,4,82,-78
118900204,5,71,-66
118900205,6,23,-17
118900206,1,40,-39
119000001,832,1288,-456
119000002,2776,3032,-256
119000003,1229,1813,-584
119000004,1484,1491,-7
119000005,1379,1505,-126
119000006,1285,1344,-59
119000007,2356,2905,-549
119000008,1388,2257,-869
119000009,3715,2423,1292
119000010,9783,3658,6125
119000011,6869,1772,5097
119000012,6327,2990,3337
119000013,1995,1128,867
119000014,2304,3790,-1486
119000019,170,195,-25
119000020,908,1373,-465
119000021,2275,2123,152
119000022,4023,1278,2745
119000023,366,159,207
119000024,2450,5114,-2664
119000025,14215,1521,12694
119000026,336,240,96
119000027,696,456,240
119000028,1922,1349,573
119000029,102,289,-187
119000030,321,1241,-920
119000031,485,825,-340
119000032,2375,2288,87
119000033,1524,1813,-289
119000034,838,969,-131
119000035,33,441,-408
119000036,809,1367,-558
119000037,812,2661,-1849
119000038,84,1298,-1214
119000039,131,356,-225
119000040,979,408,571
119000041,858,924,-66
119000048,3852,4430,-578
119000049,961,4249,-3288
119000050,1392,2420,-1028
119000051,1609,985,624
119000052,2036,2940,-904
119000053,1659,1143,516
119000054,2422,4426,-2004
119000055,2156,3939,-1783
119000056,1573,2115,-542
119000057,1308,2906,-1598
119000058,1493,2583,-1090
119000059,869,1741,-872
119000060,797,774,23
119000061,595,823,-228
119000062,817,1336,-519
119000063,228,232,-4
119000064,913,1661,-748
119000065,1875,3679,-1804
119000066,1096,1036,60
119000067,1427,2888,-1461
119000068,783,1022,-239
119000069,1074,2838,-1764
119000070,1230,1283,-53
119000071,428,950,-522
119000072,6377,3768,2609
119000073,4244,4815,-571
119000074,658,4105,-3447
119000075,594,2437,-1843
119000076,313,861,-548
119000077,526,483,43
119000078,188,301,-113
119000079,61,670,-609
119000080,111,247,-136
119000081,113,439,-326
119000082,279,248,31
119000083,234,303,-69
119000084,234,582,-348
119000085,556,340,216
119000086,187,256,-69
119000087,1623,1094,529
119000088,188,239,-51
119000089,45,142,-97
119000090,159,169,-10
119000091,141,260,-119
119000092,755,209,546
119000093,4151,4160,-9
119000094,1677,5085,-3408
119000095,966,3339,-2373
119000097,2910,1904,1006
119000098,572,1339,-767
119000099,2073,2035,38
119000100,1967,2043,-76
119000101,2217,2349,-132
119000102,667,532,135
119000103,1171,498,673
119000104,3650,1678,1972
119000105,526,770,-244
119000106,179,2512,-2333
119000107,311,539,-228
119000108,189,1580,-1391
119000109,88,396,-308
119000110,321,467,-146
119000111,47,444,-397
119000112,156,140,16
119000113,2835,320,2515
119000114,635,545,90
119000115,167,119,48
119000116,108,70,38
119000117,99,349,-250
119000118,0,3,-3
119000123,2414,728,1686
119000124,316,302,14
119000125,1445,1379,66
119000126,391,1124,-733
119000127,234,1081,-847
119000128,48,9,39
119000131,466,1361,-895
119000132,1,4,-3
119000133,1,4,-3
119000134,3090,549,2541
119000135,33,216,-183
119000136,79,405,-326
119000137,67,699,-632
119000138,148,608,-460
119000139,94,364,-270
119000140,119,207,-88
119000284,1715,2897,-1182
119000285,2929,2272,657
119000286,7065,4746,2319
119000287,1159,2240,-1081
119000288,1490,2121,-631
119000289,2375,4652,-2277
119000290,125,546,-421
119000291,4,360,-356
119000293,53,188,-135
119000294,22,27,-5
119000295,2295,741,1554
119000296,112,101,11
119000299,0,0,0
119000302,5008,1455,3553
119000303,25,178,-153
119000314,1598,4876,-3278
119000315,6,786,-780
119000316,28,184,-156
119000317,26,648,-622
119900001,176,525,-349
119900002,56,291,-235
119900003,52,1702,-1650
119900004,285,346,-61
119900005,58,186,-128
119900006,115,285,-170
119900007,589,54,535
119900008,13,25,-12
119900009,296,511,-215
119900010,836,1079,-243
119900011,16,30,-14
119900012,5,39,-34
119900013,1484,554,930
119900014,533,171,362
119900015,41,19,22
119900016,17,117,-100
119900017,3,29,-26
119900018,1105,159,946
119900019,15,6,9
119900020,51,144,-93
119900021,86,54,32
119900022,113,281,-168
119900023,833,483,350
119900025,56,42,14
119900026,1073,47,1026
119900027,8,21,-13
119900028,105,23,82
119900029,2,7,-5
119900030,462,376,86
119900031,9,198,-189
119900033,2231,141,2090
119900034,105,146,-41
119900037,42,33,9
119900038,53,161,-108
119900039,73,6,67
119900040,15,6,9
119900041,57,67,-10
119900042,35,141,-106
119900043,24,202,-178
119900044,146,295,-149
119900046,35,94,-59
119900047,120,79,41
119900048,2,32,-30
119900049,23,4,19
119900050,72,52,20
119900051,146,7,139
119900052,10,84,-74
119900053,47,228,-181
119900054,61,2,59
119900055,585,263,322
119900057,74,94,-20
119900058,82,3,79
119900059,81,40,41
119900060,147,3,144
119900062,25,30,-5
119900063,11,32,-21
119900065,119,15,104
119900066,0,1,-1
119900067,19,27,-8
119900068,125,4,121
119900069,30,26,4
119900070,222,1,221
119900071,187,15,172
119900073,1850,453,1397
119900074,22,11,11
119900075,7115,1883,5232
119900076,151,686,-535
119900077,248,1776,-1528
119900078,180,875,-695
119900079,65,411,-346
119900080,505,1463,-958
119900081,74,34,40
119900082,308,41,267
119900083,341,90,251
119900084,581,127,454
119900085,177,42,135
119900087,195,141,54
119900088,50,66,-16
119900089,15,533,-518
119900090,172,53,119
119900091,15,1269,-1254
119900092,119,580,-461
119900093,645,92,553
119900094,17,223,-206
119900095,173,87,86
119900096,32,119,-87
119900097,384,237,147
119900098,16,33,-17
119900099,15,349,-334
119900100,3068,1381,1687
119900101,202,777,-575
119900102,17,374,-357
119900103,24,588,-564
119900104,29,301,-272
119900105,401,1355,-954
119900106,10,312,-302
119900107,380,4323,-3943
119900108,1830,796,1034
119900109,13,347,-334
119900110,291,771,-480
119900111,29,436,-407
119900112,3469,407,3062
119900113,49,628,-579
119900114,133,2182,-2049
119900115,116,1489,-1373
119900116,142,207,-65
119900117,104,1297,-1193
119900118,32,1520,-1488
119900119,45,267,-222
119900120,728,901,-173
119900121,131,1841,-1710
119900122,242,488,-246
119900123,191,268,-77
119900124,73,1290,-1217
119900125,62,492,-430
119900126,6566,248,6318
119900127,3072,889,2183
119900128,180,1025,-845
119900129,92,1148,-1056
119900130,45,328,-283
119900131,19,449,-430
119900132,4,475,-471
119900133,9,39,-30
119900134,2479,289,2190
119900135,3,701,-698
119900136,165,708,-543
119900138,428,823,-395
119900139,7,90,-83
119900140,3,214,-211
119900141,176,337,-161
119900142,6,14,-8
119900143,9,247,-238
119900144,2777,307,2470
119900145,96,340,-244
119900146,154,149,5
119900147,3,132,-129
119900148,54,55,-1
119900149,2040,1703,337
119900150,206,230,-24
119900151,1606,787,819
119900152,43,544,-501
119900153,50,54,-4
119900154,7,388,-381
119900155,19,19,0
119900156,6,9,-3
119900157,29,302,-273
119900158,47,53,-6
119900159,5,2097,-2092
119900160,24,397,-373
119900161,151,403,-252
119900162,617,639,-22
119900163,149,93,56
119900164,0,1,-1
119900165,44,283,-239
119900166,31,28,3
119900167,67,154,-87
119900168,264,417,-153
119900169,137,194,-57
119900170,153,177,-24
119900171,439,643,-204
119900172,58,9,49
119900173,9,677,-668
119900174,1,334,-333
119900175,526,728,-202
119900177,19,317,-298
119900178,7,294,-287
119900179,37,174,-137
119900180,611,548,63
119900181,60,61,-1
119900182,2,639,-637
119900183,121,1094,-973
119900184,3640,553,3087
119900185,22,86,-64
119900186,48,256,-208
119900187,7,713,-706
119900188,21,327,-306
119900189,355,167,188
119900190,42,113,-71
119900191,313,119,194
119900192,13,251,-238
119900193,98,207,-109
119900194,2,46,-44
119900195,11,263,-252
119900196,2579,545,2034
119900197,80,93,-13
119900198,30,528,-498
119900199,143,19,124
119900200,244,631,-387
119900201,408,180,228
119900202,167,75,92
119900203,108,235,-127
119900204,124,465,-341
119900205,212,832,-620
119900206,39,173,-134
119900208,74,121,-47
119900209,233,516,-283
119900210,20,35,-15
119900211,82,12,70
119900212,66,332,-266
119900213,4,49,-45
119900214,8,122,-114
119900215,14,112,-98
119900216,2,111,-109
119900217,7,69,-62
119900218,6,50,-44
119900219,3,140,-137
119900220,4,201,-197
119900221,10,603,-593
119900222,12,408,-396
119900223,10,153,-143
119900224,19,56,-37
119900225,1740,46,1694
119900226,1265,970,295
119900227,1973,456,1517
119900228,17,336,-319
119900229,276,495,-219
119900230,1436,702,734
119900231,71,249,-178
119900232,156,43,113
119900233,19,3,16
119900234,8,45,-37
119900235,9,20,-11
119900236,18,279,-261
119900237,49,634,-585
119900238,2,111,-109
119900240,34,149,-115
119900241,79,280,-201
119900242,1949,849,1100
119900244,744,1066,-322
119900245,37,140,-103
119900246,225,205,20
119900247,15,38,-23
119900248,42,51,-9
119900249,127,41,86
119900253,4628,307,4321
119900254,20,205,-185
119900255,98,556,-458
119900256,155,1809,-1654
119900257,18,2,16
119900258,49,7,42
119900259,2,308,-306
119900260,35,0,35
119900261,94,219,-125
119900262,3,354,-351
119900263,989,457,532
119900264,42,262,-220
119900265,79,400,-321
119900266,123,439,-316
119900267,83,531,-448
119900268,68,249,-181
119900269,235,1568,-1333
119900271,19,81,-62
119900272,99,38,61
119900275,45,2,43
119900276,13,0,13
119900277,7,5,2
119900278,284,43,241
119900279,127,159,-32
119900280,1062,268,794
119900281,0,58,-58
119900282,86,26,60
119900283,10,494,-484
119900284,59,235,-176
119900285,24,34,-10
119900286,6,15,-9
119900288,2,44,-42
119900289,0,59,-59
119900290,7,35,-28
119900291,0,32,-32
119900292,45,8,37
119900293,11,1,10
119900294,14,0,14
119900295,0,0,0
119900296,0,0,0
119900299,16,339,-323
119900300,83,267,-184
119900301,68,14,54
119900302,19,59,-40
119900303,242,425,-183
119900304,62,10,52
119900305,31,146,-115
119900306,15,1,14
119900307,19,239,-220
119900308,13,10,3
119900309,7,36,-29
119900310,193,372,-179
119900311,18,204,-186
119900312,42,117,-75
119900313,94,394,-300
119900314,55,239,-184
119900315,664,3612,-2948
119900318,4,19,-15
119900319,2,450,-448
119900320,153,925,-772
119900321,18,0,18
119900322,49,48,1
119900323,5,178,-173
119900324,5,62,-57
119900325,51,592,-541
119900326,273,49,224
120000001,9282,8366,916
120000002,2013,3592,-1579
120000003,3733,2085,1648
120000004,3138,2726,412
120000005,5782,2316,3466
120000006,1152,1423,-271
120000007,3887,2444,1443
120000008,1093,1551,-458
120000009,6304,1032,5272
120000010,1495,3840,-2345
120000011,1103,2581,-1478
120000012,1625,3816,-2191
120000013,1873,3365,-1492
120000014,484,1915,-1431
120000015,2889,1768,1121
120000016,3010,2324,686
120000017,1698,1885,-187
120000018,5615,6982,-1367
120000019,952,1073,-121
120000020,2882,2364,518
120000021,1787,1745,42
120000022,2987,2972,15
120000023,806,1658,-852
120000024,1429,2217,-788
120000025,1521,2469,-948
120000026,772,1993,-1221
120000027,1364,1768,-404
120000028,477,281,196
120000029,2842,446,2396
120000030,101,524,-423
120000031,2106,4624,-2518
120000032,12246,3613,8633
120000033,2428,1872,556
120000034,968,2796,-1828
120000035,1184,2709,-1525
120000036,2054,3889,-1835
120000037,533,894,-361
120000038,12357,3165,9192
120000039,419,1068,-649
120000040,38,138,-100
120000041,325,2103,-1778
120000042,1286,5220,-3934
120000043,4274,2942,1332
120000044,2645,1227,1418
120000045,2875,1053,1822
120000046,1410,1638,-228
120000047,2395,2729,-334
120000048,9992,3338,6654
120000049,2368,2903,-535
120000050,2619,4956,-2337
120000051,4299,4136,163
120000052,17328,2872,14456
120000053,801,5194,-4393
120000054,1386,8040,-6654
120000055,908,5207,-4299
120000056,2897,5657,-2760
120000057,1274,963,311
120000058,285,206,79
120000059,70,1082,-1012
120000061,79,1192,-1113
120000062,334,265,69
120000063,1851,3751,-1900
120000064,165,1947,-1782
120000065,300,2119,-1819
120000066,118,596,-478
120000067,60,765,-705
120000068,135,1370,-1235
120000069,404,1821,-1417
120000070,15,1204,-1189
120000071,115,197,-82
120000072,184,479,-295
120000073,239,104,135
120000074,110,82,28
120000075,210,217,-7
120000076,684,324,360
120000077,750,396,354
120000078,3076,573,2503
120000079,104,87,17
120000080,54,109,-55
120000081,134,96,38
120000082,120,125,-5
120000083,60,204,-144
120000084,474,756,-282
120000085,345,552,-207
120000086,215,905,-690
120000087,181,1592,-1411
120000088,586,1679,-1093
120000089,847,656,191
120000090,312,516,-204
120000091,466,932,-466
120000092,787,494,293
120000093,170,587,-417
120000094,102,500,-398
120000095,698,862,-164
120000096,215,1433,-1218
120000098,526,1322,-796
120000099,231,903,-672
120000100,527,1211,-684
120000101,390,608,-218
120000102,432,461,-29
120000103,816,385,431
120000104,1050,241,809
120000105,1133,224,909
120000106,1090,305,785
120000107,1423,334,1089
120000108,498,102,396
120000109,553,50,503
120000110,82,1132,-1050
120000111,107,1762,-1655
120000112,629,5402,-4773
120000113,423,3782,-3359
120000114,560,3202,-2642
120000115,291,2891,-2600
120000116,683,2494,-1811
120000117,1353,1965,-612
120000118,34,19,15
120000119,66,45,21
120000120,59,39,20
120000121,29,43,-14
120000122,246,255,-9
120000123,7921,2778,5143
120000124,270,614,-344
120000125,226,727,-501
120000126,226,739,-513
120000127,1431,584,847
120000128,2945,1688,1257
120000129,159,256,-97
120000130,667,857,-190
120000131,273,462,-189
120000134,279,1768,-1489
120000135,143,321,-178
120000137,156,2808,-2652
120000138,223,556,-333
120000139,123,1319,-1196
120000140,210,765,-555
120000141,72,631,-559
120000142,129,667,-538
120000143,0,125,-125
120000144,31,0,31
120000145,118,5,113
120000146,2736,850,1886
120000149,483,1085,-602
120000150,6914,7384,-470
120000151,396,509,-113
120000152,134,298,-164
120000153,59,899,-840
120000154,476,381,95
120000155,118,209,-91
120000156,2058,380,1678
120000157,943,739,204
120000158,705,1097,-392
120000159,2079,2653,-574
120000160,2001,1302,699
120000161,864,2987,-2123
120000162,87,202,-115
120000163,202,1686,-1484
120000164,187,587,-400
120000165,198,1138,-940
120000166,412,786,-374
120000167,7,24,-17
120000168,8,63,-55
120000169,163,215,-52
120000170,182,136,46
120000171,27,31,-4
120000172,15,23,-8
120000173,1989,151,1838
120000174,321,5,316
120000175,515,10,505
120000176,210,80,130
120000177,1305,496,809
120000178,75,4,71
120000179,307,32,275
120000180,469,77,392
120000181,116,95,21
120000182,71,49,22
120000183,3,140,-137
120000184,57,1584,-1527
120000186,75,51,24
120000187,72,37,35
120000188,228,47,181
120000190,940,10,930
120000191,1720,10,1710
120000192,2242,13,2229
120000193,719,2,717
120000195,83,0,83
120000196,381,23,358
120000197,84,116,-32
120000198,81,246,-165
120000199,52,1,51
120000200,38,0,38
120000201,2,10,-8
120000202,2,71,-69
120000203,20,638,-618
120000207,0,131,-131
120000208,11,349,-338
120000209,6,178,-172
120000210,224,154,70
120000211,39,3,36
120000212,68,0,68
120000213,48,652,-604
120000214,3,590,-587
120000215,5,196,-191
120000216,44,10,34
120000217,1009,1679,-670
120000218,298,1680,-1382
120000219,13,1056,-1043
120000220,19,3636,-3617
120000225,548,4,544
120000226,161,7,154
120000227,605,37,568
120000228,9039,1630,7409
120000230,116,23,93
120000231,475,2984,-2509
120000233,63,12,51
120000235,82,1004,-922
120000236,569,6,563
120000237,6,2803,-2797
120000238,0,87,-87
120000241,1156,3275,-2119
120000412,2284,26,2258
120000413,84,579,-495
120000414,35,4,31
120000415,0,209,-209
120000416,14,11,3
120000417,10,109,-99
120000418,32,10,22
120000419,7,608,-601
120000420,98,41,57
120000421,19106,6895,12211
120000422,309,432,-123
120000423,1,40,-39
120000424,30,319,-289
120000436,113,305,-192
120000437,218,261,-43
120000438,5856,431,5425
120000439,132,232,-100
120000443,108,0,108
120000444,470,816,-346
120000445,1476,1217,259
120000446,1184,362,822
120000447,86,2,84
120000449,41,3,38
120000450,7,588,-581
120000451,150,195,-45
120000452,90,4,86
120000453,2,371,-369
120000454,56,19,37
120000455,53,73,-20
120000456,3671,2319,1352
120000457,1551,1190,361
120000458,525,706,-181
120000459,38,78,-40
120000665,913,139,774
120000668,76,184,-108
120000669,59,528,-469
120000670,229,364,-135
120000671,476,247,229
120000672,81,659,-578
120900001,28,32,-4
120900002,167,247,-80
120900003,121,20,101
120900004,11,35,-24
120900005,27,1515,-1488
120900006,115,226,-111
120900007,54,184,-130
120900008,104,1474,-1370
120900009,249,66,183
120900010,217,65,152
120900011,381,130,251
120900012,1340,659,681
120900013,187,21,166
120900014,2,1030,-1028
120900015,197,82,115
120900016,326,29,297
120900017,3638,115,3523
120900018,47,585,-538
120900019,333,104,229
120900020,661,497,164
120900021,292,40,252
120900022,16,487,-471
120900023,74,37,37
120900024,1438,480,958
120900025,2529,825,1704
120900026,65,168,-103
120900027,363,91,272
120900028,140,25,115
120900029,83,179,-96
120900030,670,404,266
120900031,98,28,70
120900032,312,165,147
120900033,405,39,366
120900034,30,1473,-1443
120900035,21,70,-49
120900037,52,1,51
120900038,27,83,-56
120900039,37,29,8
120900040,103,1,102
120900041,119,52,67
120900042,90,81,9
120900043,18,14,4
120900044,5,461,-456
120900045,112,179,-67
120900046,147,1,146
120900047,99,30,69
120900048,38,10,28
120900049,160,0,160
120900050,4894,864,4030
120900051,117,106,11
120900052,259,2,257
120900053,76,82,-6
120900054,1286,965,321
120900055,111,1,110
120900056,175,1,174
120900057,61,19,42
120900058,198,2,196
120900059,29,2,27
120900060,39,37,2
120900061,193,369,-176
120900062,61,0,61
120900063,172,1,171
120900064,140,0,140
120900065,124,0,124
120900066,87,435,-348
120900067,126,23,103
120900068,89,1,88
120900069,78,111,-33
120900071,4,0,4
120900072,233,1,232
120900073,185,338,-153
120900074,306,48,258
120900076,109,0,109
120900077,4592,246,4346
120900078,402,958,-556
120900079,221,80,141
120900080,250,3321,-3071
120900081,197,1783,-1586
120900082,610,233,377
120900083,36,5,31
120900084,118,161,-43
120900085,191,89,102
120900086,219,161,58
120900087,208,70,138
120900088,183,171,12
120900089,5870,1144,4726
120900090,31,225,-194
120900091,289,216,73
120900092,982,1018,-36
120900093,5905,364,5541
120900094,495,283,212
120900095,197,23,174
120900096,17,124,-107
120900097,587,1576,-989
120900098,278,212,66
120900099,48,123,-75
120900100,65,484,-419
120900101,447,458,-11
120900102,16,81,-65
120900103,20,146,-126
120900104,116,50,66
120900105,27,1292,-1265
120900106,1546,782,764
120900107,509,225,284
120900108,3,1524,-1521
120900109,20,1038,-1018
120900110,7,502,-495
120900111,115,448,-333
120900112,5,1857,-1852
120900113,14,1286,-1272
120900114,29,312,-283
120900115,132,131,1
120900116,96,825,-729
120900117,0,791,-791
120900118,4,1251,-1247
120900119,4610,3353,1257
120900120,45,1031,-986
120900121,56,558,-502
120900122,132,825,-693
120900123,2,750,-748
120900124,1,985,-984
120900125,6,1467,-1461
120900126,1234,886,348
120900127,5,764,-759
120900128,1037,1186,-149
120900129,54,586,-532
120900130,5,369,-364
120900131,13,62,-49
120900132,300,460,-160
120900133,200,1647,-1447
120900134,296,630,-334
120900135,8,897,-889
120900136,15,14,1
120900137,82,114,-32
120900138,12,292,-280
120900139,6,1095,-1089
120900140,0,48,-48
120900141,37,89,-52
120900142,15,1179,-1164
120900143,4,1352,-1348
120900144,0,308,-308
120900145,57,1109,-1052
120900146,4,1476,-1472
120900147,3,459,-456
120900148,68,117,-49
120900149,4,521,-517
120900150,10,788,-778
120900151,6,921,-915
120900152,1,73,-72
120900153,5,109,-104
120900154,1,389,-388
120900155,67,1533,-1466
120900156,14,448,-434
120900157,25,372,-347
120900158,23,669,-646
120900159,28,717,-689
120900160,27,452,-425
120900161,15,1244,-1229
120900162,8,1225,-1217
120900163,7,105,-98
120900164,0,0,0
120900165,5,3,2
120900166,44,99,-55
120900167,138,69,69
120900169,36,765,-729
120900170,3213,1291,1922
120900171,1490,521,969
120900172,1388,81,1307
120900173,0,53,-53
120900174,6,127,-121
120900175,212,231,-19
120900176,12,207,-195
120900177,0,351,-351
120900178,0,258,-258
120900179,773,500,273
120900180,101,89,12
120900181,34,46,-12
120900182,8,342,-334
120900183,422,67,355
120900184,185,80,105
120900185,3,485,-482
120900186,3,610,-607
120900187,239,464,-225
120900188,73,6,67
120900189,115,348,-233
120900190,17,19,-2
120900191,2,32,-30
120900192,18558,2222,16336
120900194,22,71,-49
120900195,188,479,-291
120900196,377,59,318
120900197,321,42,279
120900198,167,815,-648
120900199,210,141,69
120900200,118,86,32
120900201,870,241,629
120900202,1,254,-253
120900203,10,37,-27
120900204,369,498,-129
120900205,61,136,-75
120900206,6,15,-9
120900207,57,1637,-1580
121000001,995,1194,-199
121000002,1880,1023,857
121000003,4828,2101,2727
121000004,2706,3187,-481
121000005,2347,2518,-171
121000006,3107,1176,1931
121000007,3424,2953,471
121000008,5128,2437,2691
121000009,9291,5326,3965
121000010,10864,3472,7392
121000011,15728,9844,5884
121000012,21175,7059,14116
121000013,5774,6131,-357
121000014,7636,5832,1804
121000015,4460,5267,-807
121000016,4675,3401,1274
121000017,1788,3642,-1854
121000018,2027,1769,258
121000019,20631,7734,12897
121000020,13072,7478,5594
121000021,3179,2976,203
121000022,1578,1386,192
121000023,4515,3098,1417
121000024,2773,2808,-35
121000025,570,715,-145
121000026,237,113,124
121000027,1455,790,665
121000028,695,437,258
121000029,878,771,107
121000030,466,349,117
121000031,438,633,-195
121000032,144,68,76
121000034,299,125,174
121000035,135,52,83
121000036,1095,736,359
121000037,510,605,-95
121000038,539,466,73
121000039,320,385,-65
121000041,394,473,-79
121000042,211,320,-109
121000043,1006,568,438
121000044,2269,661,1608
121000045,388,339,49
121000046,290,765,-475
121000047,28,96,-68
121000049,1974,632,1342
121000050,263,1035,-772
121000051,517,425,92
121000052,182,498,-316
121000053,352,47,305
121000054,34,185,-151
121000055,1773,921,852
121000056,1024,958,66
121000057,147,333,-186
121000058,369,88,281
121000059,2174,905,1269
121000060,404,634,-230
121000061,73,174,-101
121000062,93,177,-84
121000063,640,413,227
121000064,438,605,-167
121000065,443,336,107
121000066,615,522,93
121000067,1195,279,916
121000068,522,390,132
121000069,611,195,416
121000070,1853,1349,504
121000071,782,758,24
121000072,1043,751,292
121000073,794,722,72
121000074,96,87,9
121000075,67,29,38
121000076,1206,247,959
121000077,181,70,111
121000078,78,71,7
121000080,3145,614,2531
121000081,2752,1642,1110
121000082,145,224,-79
121000083,259,123,136
121000084,228,89,139
121000085,375,423,-48
121000086,146,869,-723
121000087,54,215,-161
121000088,282,613,-331
121000089,632,233,399
121000090,446,338,108
121000091,2108,662,1446
121000092,87,71,16
121000093,144,185,-41
121000094,365,363,2
121000095,304,477,-173
121000096,2568,2210,358
121000097,1785,1583,202
121000098,270,1404,-1134
121000099,364,938,-574
121000100,371,678,-307
121000101,124,312,-188
121000102,70,435,-365
121000103,61,321,-260
121000104,78,218,-140
121000105,266,304,-38
121000106,157,438,-281
121000107,2150,4172,-2022
121000109,1731,1008,723
121000110,414,368,46
121000114,2492,2396,96
121000115,846,814,32
121000116,503,859,-356
121000117,1410,249,1161
121000118,1166,282,884
121000119,159,337,-178
121000120,169,447,-278
121000121,419,939,-520
121000123,1486,726,760
121000126,124,276,-152
121000127,164,95,69
121000128,283,598,-315
121000129,340,438,-98
121000130,296,1256,-960
121000131,2651,1034,1617
121000132,1243,1069,174
121000135,604,493,111
121000136,907,527,380
121000137,608,147,461
121000138,818,880,-62
121000139,585,172,413
121000141,199,98,101
121000142,937,496,441
121000143,143,20,123
121000144,1176,811,365
121000145,309,1314,-1005
121000146,882,800,82
121000147,496,448,48
121000148,681,1013,-332
121000149,1482,1046,436
121000152,352,577,-225
121000153,1580,526,1054
121000154,658,492,166
121000155,995,999,-4
121000156,403,884,-481
121000157,1457,1980,-523
121000158,391,585,-194
121000159,141,612,-471
121000160,220,757,-537
121000161,67,457,-390
121000162,26,425,-399
121000165,1982,1479,503
121000166,35,432,-397
121000168,145,215,-70
121000169,46,181,-135
121000170,161,74,87
121000171,41,157,-116
121000172,413,410,3
121000173,1049,615,434
121000174,174,406,-232
121000175,481,553,-72
121000176,325,257,68
121000177,528,596,-68
121000178,64,65,-1
121000179,53,59,-6
121000181,417,382,35
121000182,56,142,-86
121000183,31,76,-45
121000184,26,104,-78
121000185,10,143,-133
121000186,108,258,-150
121000187,106,309,-203
121000188,80,312,-232
121000192,500,337,163
121000193,536,363,173
121000194,2812,2235,577
121000195,497,1045,-548
121000196,774,212,562
121000197,178,815,-637
121000198,151,71,80
121000199,131,499,-368
121000200,194,62,132
121000201,5,182,-177
121000202,340,89,251
121000203,573,2954,-2381
121000204,1250,578,672
121000205,125,328,-203
121000206,149,23,126
121000207,1155,538,617
121000208,12,489,-477
121000209,99,496,-397
121000210,187,595,-408
121000211,125,121,4
121000212,233,911,-678
121000213,10235,2405,7830
121000214,820,1542,-722
121000215,1326,719,607
121000216,355,451,-96
121000217,4585,2087,2498
121000218,443,1799,-1356
121000219,1067,273,794
121000220,373,73,300
121000221,135,208,-73
121000222,2588,2395,193
121000223,513,306,207
121000224,219,104,115
121000225,1190,973,217
121000226,2012,598,1414
121000227,8,225,-217
121000228,18,890,-872
121000229,78,567,-489
121000230,70,2049,-1979
121000231,328,18,310
121000232,454,184,270
121000233,420,309,111
121000234,4,26,-22
121000235,78,73,5
121000236,1,29,-28
121000237,25,29,-4
121000238,1,82,-81
121000239,8,4,4
121000240,9,204,-195
121000241,57,9,48
121000242,15,100,-85
121000243,238,67,171
121000244,2,61,-59
121000245,4,13,-9
121000246,1,91,-90
121000247,17,4,13
121000248,622,453,169
121000249,48,265,-217
121000250,160,96,64
121000251,14,743,-729
121000252,29,23,6
121000253,157,731,-574
121000254,329,275,54
121000255,131,193,-62
121000256,169,150,19
121000257,55,55,0
121000258,101,81,20
121000259,18,41,-23
121000260,43,102,-59
121000261,16,31,-15
121000262,1228,616,612
121000263,281,519,-238
121000271,252,1665,-1413
121000273,56,15,41
121000274,9,36,-27
121000275,6,32,-26
121000276,3,8,-5
121000278,45,77,-32
121000279,26,21,5
121000280,21,34,-13
121000289,137,27,110
121000290,1057,682,375
121000294,51,260,-209
121000297,888,648,240
121000299,114,176,-62
121000300,667,485,182
121000302,58,597,-539
121000303,458,348,110
121000304,371,36,335
121000305,118,31,87
121000306,28,93,-65
121000308,120,347,-227
121000309,363,691,-328
121000310,61,477,-416
121000311,83,829,-746
121000312,321,167,154
121000313,578,508,70
121000314,162,98,64
121000315,36,65,-29
121000530,815,1530,-715
121000531,874,1367,-493
121000532,5279,3902,1377
121000533,2313,2293,20
121000918,12,275,-263
121000919,16,66,-50
121000938,381,147,234
121000939,353,106,247
121000956,395,1367,-972
121000957,6,8,-2
121000958,69,43,26
121000959,167,1154,-987
121000960,1174,2495,-1321
121000961,138,25,113
121000962,278,654,-376
121000973,1,236,-235
121000976,4,153,-149
121000979,265,42,223
121000981,358,60,298
121000982,154,249,-95
121000983,234,477,-243
121000984,14,35,-21
121000985,223,846,-623
121000986,112,454,-342
121000987,198,1753,-1555
121000988,330,99,231
121001302,422,120,302
121001308,0,9,-9
121001309,118,46,72
121001311,0,0,0
121001313,80,428,-348
121001314,4761,4253,508
121001315,3943,1612,2331
121001318,0,0,0
121900001,45,167,-122
121900002,42,18,24
121900003,245,9,236
121900004,94,391,-297
121900005,14,11,3
121900006,62,15,47
121900007,2037,2388,-351
121900008,1938,109,1829
121900009,504,23,481
121900010,269,8,261
121900011,251,400,-149
121900012,0,0,0
121900013,950,35,915
121900014,930,468,462
121900015,110,144,-34
121900016,2,17,-15
121900017,230,478,-248
121900018,270,4,266
121900019,150,218,-68
121900020,23,0,23
121900021,620,16,604
121900022,145,161,-16
121900023,70,407,-337
121900024,422,54,368
121900025,444,279,165
121900026,221,52,169
121900027,164,112,52
121900028,174,14,160
121900029,126,216,-90
121900030,473,498,-25
121900031,1074,3398,-2324
121900032,90,71,19
121900033,111,133,-22
121900034,248,129,119
121900035,2558,1334,1224
121900036,34,299,-265
121900037,107,664,-557
121900038,21,113,-92
121900039,347,19,328
121900040,34,119,-85
121900041,89,96,-7
121900042,254,157,97
121900043,1,4,-3
121900044,317,39,278
121900046,196,164,32
121900047,155,47,108
121900048,15,152,-137
121900050,20,39,-19
121900051,63,137,-74
121900052,72,36,36
121900053,184,171,13
121900054,398,782,-384
121900055,0,14,-14
121900058,105,301,-196
121900059,214,122,92
121900060,42,306,-264
121900061,113,101,12
121900062,132,46,86
121900063,462,288,174
121900064,110,815,-705
121900066,19,17,2
121900067,17,19,-2
121900069,216,147,69
121900070,227,101,126
121900071,55,254,-199
121900072,6,136,-130
121900073,233,163,70
121900074,541,441,100
121900075,446,184,262
121900076,197,532,-335
121900077,2,28,-26
121900078,26,42,-16
121900079,0,0,0
121900080,458,487,-29
121900082,18,106,-88
121900084,7,253,-246
121900085,2,12,-10
121900086,6,56,-50
121900087,223,87,136
121900088,3053,1721,1332
121900089,48,402,-354
121900090,7,135,-128
121900091,7,134,-127
121900092,34,120,-86
121900093,42,62,-20
121900094,17,5,12
121900095,149,81,68
121900096,1558,350,1208
121900097,164,106,58
121900098,0,3,-3
121900099,82,83,-1
121900100,133,153,-20
121900101,51,98,-47
121900102,6,99,-93
121900103,427,180,247
121900104,702,187,515
121900105,49,54,-5
121900106,2,1,1
121900107,9,38,-29
121900108,1,15,-14
121900109,398,87,311
121900110,111,1379,-1268
121900111,716,104,612
121900112,281,83,198
121900113,29,136,-107
121900114,14,55,-41
121900117,142,12,130
121900118,2293,279,2014
121900119,59,149,-90
121900120,29,1592,-1563
121900121,580,68,512
121900122,12,29,-17
121900123,226,426,-200
121900124,100,223,-123
121900125,996,1136,-140
121900127,6,72,-66
121900128,30,157,-127
121900129,1371,81,1290
121900130,74,207,-133
121900131,106,107,-1
121900132,19,179,-160
121900133,71,163,-92
121900134,10,124,-114
121900135,2361,224,2137
121900136,93,512,-419
121900137,27,274,-247
121900138,52,222,-170
121900139,363,466,-103
121900140,36,151,-115
121900141,8,26,-18
121900142,48,140,-92
121900143,2,89,-87
121900144,218,402,-184
121900145,138,175,-37
121900146,584,767,-183
121900147,45,174,-129
121900148,132,253,-121
121900149,339,716,-377
121900150,63,147,-84
121900151,51,185,-134
121900152,64,156,-92
121900153,80,410,-330
121900154,8,120,-112
121900155,1,88,-87
121900156,114,81,33
121900157,11,541,-530
121900158,45,67,-22
121900159,1,193,-192
121900160,48,202,-154
121900161,503,302,201
121900162,115,90,25
121900163,61,826,-765
121900164,393,169,224
121900165,130,180,-50
121900166,81,180,-99
121900167,126,66,60
121900168,288,101,187
121900169,1,273,-272
121900170,5,166,-161
121900171,503,563,-60
121900172,179,304,-125
121900173,883,163,720
121900174,7,21,-14
121900175,59,168,-109
121900176,521,1731,-1210
121900177,160,41,119
121900178,23,56,-33
121900179,155,134,21
121900180,6568,2361,4207
121900182,488,310,178
121900183,345,582,-237
121900184,43,526,-483
121900186,16,363,-347
121900187,23,110,-87
121900188,570,260,310
121900189,23,87,-64
121900190,168,636,-468
121900191,79,91,-12
121900192,466,488,-22
121900193,23,204,-181
121900194,1,137,-136
121900195,110,66,44
121900196,696,764,-68
121900197,255,2202,-1947
121900198,1057,1049,8
121900199,2,19,-17
121900200,63,180,-117
121900201,1057,440,617
121900202,114,310,-196
121900203,323,739,-416
121900204,1210,680,530
121900205,2,83,-81
121900206,3,5,-2
121900207,166,22,144
121900208,131,286,-155
121900209,33,31,2
121900210,1047,1033,14
121900211,102,238,-136
121900212,115,105,10
121900213,72,101,-29
121900214,4,397,-393
121900215,35,67,-32
121900216,25,68,-43
121900217,215,79,136
121900218,270,382,-112
121900220,143,19,124
121900221,190,583,-393
121900222,57,205,-148
121900223,89,82,7
121900224,69,70,-1
121900225,76,55,21
121900226,200,1145,-945
121900227,81,321,-240
121900228,230,271,-41
121900230,80,56,24
121900231,387,230,157
121900232,232,324,-92
121900233,255,281,-26
121900234,130,358,-228
121900235,220,282,-62
121900236,201,148,53
121900237,125,183,-58
121900238,110,177,-67
121900239,84,40,44
121900240,161,129,32
121900241,29,67,-38
121900242,0,0,0
121900243,3,0,3
121900244,1,0,1
121900245,153,168,-15
121900246,1153,369,784
121900247,287,265,22
121900248,1192,624,568
121900250,334,239,95
121900251,275,8,267
121900252,822,114,708
121900253,112,725,-613
121900254,732,221,511
121900255,99,80,19
121900258,2464,1696,768
121900259,393,403,-10
121900260,32,194,-162
121900261,113,281,-168
121900262,371,534,-163
121900263,120,239,-119
121900264,2384,1078,1306
121900265,227,335,-108
121900266,182,195,-13
121900267,14,15,-1
121900269,121,294,-173
121900270,12,145,-133
121900271,32,140,-108
121900273,349,1046,-697
121900274,118,230,-112
121900277,264,1482,-1218
121900278,93,814,-721
121900279,221,317,-96
121900280,155,296,-141
121900281,582,61,521
121900284,95,13,82
121900286,58,221,-163
121900287,9,15,-6
121900288,0,0,0
121900290,191,204,-13
121900291,476,491,-15
121900292,102,70,32
121900293,961,3063,-2102
121900294,272,0,272
121900295,59,264,-205
121900296,35,26,9
121900298,333,372,-39
121900299,0,0,0
121900300,9,0,9
121900301,10,22,-12
121900302,0,60,-60
121900303,113,433,-320
121900304,0,2,-2
121900305,0,1,-1
121900306,32,0,32
121900307,16,17,-1
121900308,10,400,-390
121900309,13,262,-249
121900310,50,525,-475
121900311,148,9,139
121900312,86,8,78
121900313,172,13,159
121900314,2,74,-72
121900315,4,1,3
121900316,0,12,-12
121900317,0,1,-1
121900318,0,9,-9
121900319,7,38,-31
121900320,74,63,11
121900321,0,0,0
121900322,0,24,-24
121900323,15,9,6
121900324,2,21,-19
121900325,1,1,0
121900326,0,32,-32
121900327,1,59,-58
121900328,0,40,-40
121900329,0,210,-210
121900330,0,56,-56
121900331,141,11,130
121900332,66,34,32
121900333,6,5,1
121900334,34,44,-10
122000001,2645,2783,-138
122000002,5381,1083,4298
122000003,2172,1211,961
122000004,3001,879,2122
122000005,2973,902,2071
122000006,2299,399,1900
122000007,1081,864,217
122000008,6943,3338,3605
122000009,580,176,404
122000010,2144,2151,-7
122000011,3438,774,2664
122000012,1084,878,206
122000013,1822,1147,675
122000014,1349,1815,-466
122000015,1226,849,377
122000016,350,643,-293
122000017,1034,1005,29
122000018,1158,969,189
122000019,616,1441,-825
122000020,201,153,48
122000021,658,337,321
122000022,1291,1422,-131
122000023,452,2743,-2291
122000024,1157,733,424
122000025,2369,922,1447
122000026,2170,621,1549
122000027,623,4303,-3680
122000028,745,329,416
122000029,398,224,174
122000030,390,68,322
122000031,106,154,-48
122000032,1296,2766,-1470
122000033,736,622,114
122000034,499,526,-27
122000035,357,651,-294
122000036,380,587,-207
122000037,320,220,100
122000038,232,330,-98
122000039,592,463,129
122000040,354,239,115
122000041,431,410,21
122000042,195,320,-125
122000043,96,96,0
122000044,122,145,-23
122000045,1299,566,733
122000046,635,999,-364
122000047,273,179,94
122000048,2635,3169,-534
122000049,4785,2009,2776
122000050,1306,498,808
122000051,292,291,1
122000052,505,165,340
122000053,102,435,-333
122000054,2132,1428,704
122000055,2097,1942,155
122000056,4482,2847,1635
122000057,3117,1961,1156
122000058,4162,1030,3132
122000059,3517,1113,2404
122000060,997,454,543
122000061,828,225,603
122000062,1141,287,854
122000063,1164,413,751
122000064,3457,2787,670
122000065,5361,3082,2279
122000066,1342,1041,301
122000067,1293,1303,-10
122000068,874,1145,-271
122000069,553,772,-219
122000070,437,3085,-2648
122000071,739,1750,-1011
122000072,373,261,112
122000073,348,337,11
122000074,1834,1293,541
122000075,413,1209,-796
122000076,1497,1003,494
122000077,1189,656,533
122000078,2940,1422,1518
122000079,1243,642,601
122000080,742,291,451
122000081,136,223,-87
122000082,1232,692,540
122000083,1153,3610,-2457
122000084,738,725,13
122000085,209,1859,-1650
122000086,1945,3611,-1666
122000087,466,138,328
122000088,381,210,171
122000089,7137,2916,4221
122000090,301,326,-25
122000091,374,74,300
122000092,129,9,120
122000093,1588,1031,557
122000094,7887,1422,6465
122000095,3831,1574,2257
122000096,3497,944,2553
122000098,3808,1198,2610
122000099,2500,548,1952
122000100,1752,569,1183
122000101,219,939,-720
122000102,1467,1125,342
122000103,1538,1269,269
122000104,259,211,48
122000105,230,265,-35
122000106,615,494,121
122000107,813,506,307
122000108,319,751,-432
122000109,235,261,-26
122000110,322,485,-163
122000111,2538,1017,1521
122000112,595,1209,-614
122000113,371,543,-172
122000114,3134,1467,1667
122000115,1744,1161,583
122000116,373,450,-77
122000117,928,292,636
122000118,279,461,-182
122000119,2866,1393,1473
122000120,4328,2331,1997
122000121,4774,2226,2548
122000122,697,1208,-511
122000123,2322,1395,927
122000124,1141,449,692
122000125,543,598,-55
122000126,792,668,124
122000127,1750,847,903
122000128,685,927,-242
122000129,287,619,-332
122000130,2143,500,1643
122000131,2409,538,1871
122000132,1442,443,999
122000133,1043,2207,-1164
122000134,390,507,-117
122000135,456,892,-436
122000136,357,202,155
122000137,901,652,249
122000139,1366,2680,-1314
122000140,1116,391,725
122000141,5840,741,5099
122000142,598,523,75
122000143,714,217,497
122000144,2595,845,1750
122000145,1926,666,1260
122000146,1238,931,307
122000147,932,378,554
122000148,2912,1206,1706
122000149,1983,956,1027
122000150,1152,759,393
122000151,401,357,44
122000152,549,328,221
122000153,453,263,190
122000154,361,171,190
122000155,1506,1858,-352
122000156,2570,1650,920
122000157,2032,1122,910
122000158,336,443,-107
122000159,1466,1510,-44
122000160,7279,758,6521
122000161,1639,617,1022
122000162,2032,1386,646
122000163,296,44,252
122000164,42,52,-10
122000165,765,656,109
122000166,902,942,-40
122000167,173,191,-18
122000168,180,413,-233
122000169,475,158,317
122000170,187,251,-64
122000171,36,73,-37
122000172,1559,1426,133
122000173,1577,1821,-244
122000174,1758,727,1031
122000175,1218,323,895
122000176,292,580,-288
122000177,1703,1184,519
122000178,3373,2196,1177
122000179,2183,2342,-159
122000180,1965,830,1135
122000181,1995,2320,-325
122000182,2833,817,2016
122000183,1803,856,947
122000184,3633,1465,2168
122000185,1484,1010,474
122000186,623,780,-157
122000187,1366,1217,149
122000188,514,211,303
122000189,310,299,11
122000190,935,950,-15
122000191,961,471,490
122000192,1121,297,824
122000193,390,744,-354
122000194,499,132,367
122000195,123,433,-310
122000196,863,587,276
122000197,399,678,-279
122000198,457,898,-441
122000199,297,306,-9
122000200,1272,495,777
122000201,1371,1541,-170
122000202,1050,1052,-2
122000203,2885,1384,1501
122000204,1422,1687,-265
122000205,1480,901,579
122000206,1878,1051,827
122000207,973,1302,-329
122000208,1852,1477,375
122000209,2284,329,1955
122000210,1283,2248,-965
122000211,1181,1356,-175
122000212,481,412,69
122000213,893,932,-39
122000214,1608,1458,150
122000215,1886,1242,644
122000217,1808,1359,449
122000218,587,76,511
122000219,1663,1129,534
122000220,385,881,-496
122000221,98,366,-268
122000222,554,72,482
122000223,944,510,434
122000225,569,245,324
122000226,1211,1822,-611
122000227,239,1829,-1590
122000228,289,428,-139
122000229,20,371,-351
122000230,48,813,-765
122000231,260,751,-491
122000232,535,1042,-507
122000233,2,111,-109
122000234,110,217,-107
122000235,322,226,96
122000236,394,225,169
122000237,90,62,28
122000238,77,186,-109
122000239,442,110,332
122000240,789,346,443
122000241,595,390,205
122000242,332,105,227
122000243,111,66,45
122000244,36,563,-527
122000245,52,372,-320
122000246,152,141,11
122000247,426,1123,-697
122000248,1380,2315,-935
122000249,360,462,-102
122000250,1324,518,806
122000251,250,306,-56
122000252,573,74,499
122000253,26,270,-244
122000254,125,70,55
122000255,538,2002,-1464
122000256,313,1644,-1331
122000257,69,437,-368
122000258,49,259,-210
122000259,11,715,-704
122000260,3,119,-116
122000261,8,179,-171
122000262,2,86,-84
122000263,122,128,-6
122000264,440,383,57
122000265,1664,724,940
122000266,4314,524,3790
122000267,63,85,-22
122000268,102,331,-229
122000269,603,221,382
122000270,534,114,420
122000271,268,1122,-854
122000272,233,1096,-863
122000273,267,484,-217
122000274,86,178,-92
122000275,28,145,-117
122000276,332,661,-329
122000277,478,1360,-882
122000278,491,1167,-676
122000279,111,637,-526
122000280,556,833,-277
122000281,599,695,-96
122000282,85,268,-183
122000283,166,60,106
122000284,61,60,1
122000285,327,81,246
122000286,74,186,-112
122000287,634,1330,-696
122000288,191,198,-7
122000291,736,438,298
122000293,320,336,-16
122000294,88,138,-50
122000295,1074,164,910
122000296,27,435,-408
122000297,3125,1839,1286
122000299,388,457,-69
122000300,825,542,283
122000301,15129,2294,12835
122000302,1179,666,513
122000303,4550,1142,3408
122000304,54,128,-74
122000305,631,303,328
122000306,12,846,-834
122000307,207,109,98
122000309,26,63,-37
122000310,18,16,2
122000311,36,51,-15
122000312,81,44,37
122000313,21,38,-17
122000314,72,212,-140
122000315,117,12,105
122000316,272,193,79
122000317,694,152,542
122000318,377,434,-57
122000319,390,552,-162
122000320,263,2377,-2114
122000321,91,336,-245
122000322,2543,1941,602
122000323,1762,1270,492
122000324,1525,1091,434
122000325,801,989,-188
122000326,10,212,-202
122000327,218,405,-187
122000328,1378,1234,144
122000330,2087,604,1483
122000332,168,298,-130
122000333,10,197,-187
122000337,537,2391,-1854
122000338,302,442,-140
122000340,400,194,206
122000342,2857,1156,1701
122000343,392,1754,-1362
122000344,15,38,-23
122000345,16,61,-45
122000346,241,754,-513
122000348,514,785,-271
122000349,119,673,-554
122000351,79,226,-147
122000352,277,61,216
122000353,41,113,-72
122000355,105,165,-60
122000356,1657,773,884
122000357,18,17,1
122000358,1,110,-109
122000359,0,60,-60
122000360,2,84,-82
122000362,8,118,-110
122000364,100,547,-447
122000365,2,24,-22
122000366,5,9,-4
122000368,399,963,-564
122000370,9,87,-78
122000371,2,0,2
122000372,3,0,3
122000381,43,389,-346
122000382,58,265,-207
122000384,4379,2110,2269
122000385,6,0,6
122000386,587,788,-201
122000387,461,625,-164
122000388,1648,349,1299
122000389,205,898,-693
122000390,356,250,106
122000391,264,101,163
122000392,162,219,-57
122000393,8,244,-236
122000394,285,317,-32
122000395,93,219,-126
122000396,261,141,120
122000397,17,101,-84
122000398,11,69,-58
122000399,40,103,-63
122000400,230,254,-24
122000401,71,109,-38
122000402,161,66,95
122000403,267,1350,-1083
122000404,106,323,-217
122000408,746,1122,-376
122000503,10,79,-69
122000524,284,112,172
122000544,40,1632,-1592
122000616,760,4,756
122000640,18,216,-198
122000641,64,458,-394
122000642,710,1407,-697
122000643,19,112,-93
122000644,192,25,167
122000645,91,156,-65
122000651,1949,615,1334
122000664,119,40,79
122000665,993,523,470
122000666,440,1061,-621
122000673,13,392,-379
122000674,54,55,-1
122000675,961,1146,-185
122000686,222,1434,-1212
122000687,595,395,200
122000688,117,839,-722
122000689,303,752,-449
122000690,499,770,-271
122000691,254,2963,-2709
122000692,747,404,343
122000693,364,1884,-1520
122000695,158,579,-421
122000696,175,456,-281
122000698,124,1206,-1082
122000699,143,119,24
122000701,876,363,513
122000702,479,2450,-1971
122000703,169,43,126
122000712,0,0,0
122000717,214,73,141
122000718,391,349,42
122000719,43,43,0
122000720,94,315,-221
122000724,136,34,102
122900001,12,3,9
122900002,1139,1724,-585
122900003,222,22,200
122900004,969,13,956
122900005,46,71,-25
122900006,350,428,-78
122900007,162,4,158
122900008,460,119,341
122900009,899,230,669
122900010,161,151,10
122900012,308,375,-67
122900014,144,295,-151
122900015,2929,332,2597
122900016,41,380,-339
122900017,419,855,-436
122900018,214,10,204
122900019,10,176,-166
122900020,281,416,-135
122900021,25,581,-556
122900022,305,1191,-886
122900023,211,380,-169
122900024,81,78,3
122900025,36,163,-127
122900026,153,386,-233
122900027,69,607,-538
122900028,91,170,-79
122900029,4949,1852,3097
122900030,1390,373,1017
122900031,96,126,-30
122900032,135,236,-101
122900033,118,198,-80
122900034,3808,3488,320
122900035,8,4,4
122900036,12,98,-86
122900037,253,141,112
122900038,103,1543,-1440
122900039,78,444,-366
122900040,220,503,-283
122900041,194,237,-43
122900042,116,326,-210
122900043,388,207,181
122900044,78,256,-178
122900045,55,93,-38
122900046,83,132,-49
122900047,211,110,101
122900048,39,156,-117
122900049,1807,106,1701
122900051,106,133,-27
122900052,23,146,-123
122900053,5,13,-8
122900055,193,128,65
122900057,275,17,258
122900061,459,131,328
122900062,330,305,25
122900063,102,498,-396
122900064,905,708,197
122900065,231,123,108
122900066,352,195,157
122900067,2119,867,1252
122900068,257,496,-239
122900069,199,796,-597
122900070,145,29,116
122900071,75,492,-417
122900072,12,617,-605
122900073,54,294,-240
122900074,146,953,-807
122900075,0,51,-51
122900076,4,170,-166
122900077,1,195,-194
122900078,36,105,-69
122900080,85,17,68
122900081,113,136,-23
122900082,519,188,331
122900083,244,102,142
122900084,7,268,-261
122900086,9,31,-22
122900087,55,652,-597
122900088,65,82,-17
122900089,6,285,-279
122900090,9,625,-616
122900091,62,1,61
122900092,1,253,-252
122900093,2,426,-424
122900094,2,249,-247
122900095,67,1,66
122900096,81,318,-237
122900097,17,6,11
122900098,76,93,-17
122900099,3,9,-6
122900100,253,186,67
122900101,892,199,693
122900102,10,16,-6
122900103,31,4,27
122900104,46,3,43
122900105,2,3,-1
122900106,1,100,-99
122900107,3,249,-246
122900108,13,233,-220
123000001,2159,278,1881
123000002,6562,2189,4373
123000003,3936,2266,1670
123000004,3598,4458,-860
123000005,2206,2154,52
123000006,3359,3113,246
123000007,2625,2224,401
123000008,2565,4281,-1716
123000009,4440,3080,1360
123000010,3873,4168,-295
123000011,2907,874,2033
123000012,1251,2444,-1193
123000013,3227,878,2349
123000014,1418,4002,-2584
123000015,4987,644,4343
123000016,7668,2553,5115
123000017,3497,1746,1751
123000018,53,72,-19
123000019,74,479,-405
123000020,47,188,-141
123000021,65,154,-89
123000022,443,954,-511
123000023,1103,1196,-93
123000024,818,507,311
123000025,32,72,-40
123000026,11,96,-85
123000027,356,480,-124
123000028,575,756,-181
123000029,807,632,175
123000030,105,911,-806
123000031,172,510,-338
123000032,216,306,-90
123000033,147,66,81
123000034,558,502,56
123000035,139,256,-117
123000036,189,444,-255
123000037,150,299,-149
123000038,66,279,-213
123000039,580,810,-230
123000040,1167,352,815
123000041,953,514,439
123000042,851,438,413
123000043,4208,4106,102
123000044,7222,2013,5209
123000045,13045,1485,11560
123000046,1044,623,421
123000047,3125,1093,2032
123000048,73,293,-220
123000049,8166,3334,4832
123000050,679,919,-240
123000051,88,139,-51
123000052,475,1950,-1475
123000053,2492,2618,-126
123000054,1334,978,356
123000055,826,1073,-247
123000056,1134,1887,-753
123000057,19516,4681,14835
123000058,587,560,27
123000059,404,438,-34
123000060,625,338,287
123000061,129,761,-632
123000063,749,630,119
123000064,695,215,480
123000065,7568,3247,4321
123000066,1385,786,599
123000067,336,689,-353
123000068,3292,3327,-35
123000069,10550,3738,6812
123000070,305,868,-563
123000071,488,1377,-889
123000072,890,1681,-791
123000073,673,891,-218
123000074,848,2347,-1499
123000075,485,796,-311
123000076,396,1285,-889
123000077,2048,4017,-1969
123000078,902,1904,-1002
123000079,838,2176,-1338
123000080,1584,2984,-1400
123000081,258,632,-374
123000082,448,1333,-885
123000083,818,164,654
123000084,279,751,-472
123000085,81,155,-74
123000086,148,547,-399
123000087,72,644,-572
123000088,694,1668,-974
123000089,399,1402,-1003
123000090,1129,1389,-260
123000091,1784,1441,343
123000092,1321,1164,157
123000094,348,261,87
123000095,265,667,-402
123000096,360,497,-137
123000097,202,1308,-1106
123000098,496,605,-109
123000099,474,1013,-539
123000100,431,556,-125
123000101,647,417,230
123000102,598,562,36
123000104,404,305,99
123000105,728,593,135
123000106,637,272,365
123000107,481,516,-35
123000108,1246,1269,-23
123000111,472,245,227
123000112,442,628,-186
123000113,638,2256,-1618
123000114,377,417,-40
123000115,157,311,-154
123000116,37,184,-147
123000117,1364,2583,-1219
123000118,389,1103,-714
123000119,182,1176,-994
123000120,359,1042,-683
123000121,346,543,-197
123000122,375,255,120
123000123,446,564,-118
123000124,667,655,12
123000125,1333,822,511
123000126,2243,1832,411
123000127,1731,824,907
123000128,254,436,-182
123000129,287,193,94
123000130,367,61,306
123000131,462,421,41
123000132,441,596,-155
123000133,636,375,261
123000134,594,219,375
123000135,1130,1202,-72
123000136,195,1731,-1536
123000137,104,515,-411
123000138,43,543,-500
123000139,295,107,188
123000140,161,783,-622
123000141,923,102,821
123000142,891,1222,-331
123000143,1111,2635,-1524
123000144,20,16,4
123000145,201,167,34
123000146,104,95,9
123000147,65,122,-57
123000149,277,289,-12
123000150,209,241,-32
123000151,266,392,-126
123000152,59,359,-300
123000153,159,483,-324
123000154,1969,1374,595
123000155,2561,818,1743
123000156,50,73,-23
123000157,588,859,-271
123000158,758,489,269
123000159,2860,1652,1208
123000160,493,449,44
123000161,1115,790,325
123000162,373,1257,-884
123000163,199,48,151
123000164,774,253,521
123000165,344,2300,-1956
123000166,18,149,-131
123000167,129,361,-232
123000168,186,374,-188
123000169,353,111,242
123000170,28,409,-381
123000171,165,83,82
123000172,276,823,-547
123000173,483,157,326
123000174,615,194,421
123000175,999,1599,-600
123000176,709,115,594
123000177,409,1179,-770
123000178,496,72,424
123000179,39,835,-796
123000180,1073,283,790
123000181,318,1659,-1341
123000182,161,555,-394
123000183,178,148,30
123000184,55,976,-921
123000185,286,404,-118
123000186,7,813,-806
123000187,279,3,276
123000188,121,1,120
123000189,153,252,-99
123000190,29,59,-30
123000192,23,402,-379
123000193,32,611,-579
123000194,497,239,258
123000195,182,10,172
123000196,209,3,206
123000197,28,127,-99
123000198,6,233,-227
123000199,4,573,-569
123000200,243,13,230
123000201,425,24,401
123000202,25,1634,-1609
123000203,501,34,467
123000204,52,1508,-1456
123000205,359,2346,-1987
123000206,1176,150,1026
123000207,78,1122,-1044
123000208,162,92,70
123000209,944,230,714
123000210,420,1715,-1295
123000211,704,3179,-2475
123000212,1545,333,1212
123000213,261,59,202
123000215,141,98,43
123000216,155,290,-135
123000217,128,29,99
123000218,85,276,-191
123000219,1118,29,1089
123000220,386,91,295
123000221,111,177,-66
123000222,279,740,-461
123000223,92,740,-648
123000224,311,830,-519
123000225,293,82,211
123000226,134,463,-329
123000227,68,464,-396
123000228,167,70,97
123000229,1101,2040,-939
123000232,78,659,-581
123000233,456,121,335
123000234,116,749,-633
123000235,292,305,-13
123000236,114,1052,-938
123000237,162,48,114
123000238,57,814,-757
123000239,439,2296,-1857
123000240,30,296,-266
123000241,1121,127,994
123000242,84,202,-118
123000243,340,1097,-757
123000244,738,424,314
123000245,63,131,-68
123000249,386,661,-275
123000252,645,144,501
123000253,548,314,234
123000254,411,1063,-652
123000255,658,694,-36
123000256,28,291,-263
123000257,3628,2560,1068
123000258,920,1349,-429
123000259,154,416,-262
123000260,339,796,-457
123000261,89,283,-194
123000262,112,309,-197
123000263,272,91,181
123000264,199,59,140
123000265,72,175,-103
123000266,399,654,-255
123000267,253,231,22
123000268,11,74,-63
123000269,17,66,-49
123000270,12,48,-36
123000271,38,104,-66
123000272,656,185,471
123000273,179,429,-250
123000274,883,313,570
123000275,318,1162,-844
123000278,3391,2372,1019
123000279,30,87,-57
123000280,213,359,-146
123000281,164,92,72
123000282,55,281,-226
123000283,74,35,39
123000284,61,136,-75
123000286,272,229,43
123000287,649,283,366
123000288,808,529,279
123000289,364,618,-254
123000291,430,803,-373
123000294,173,229,-56
123000295,832,1222,-390
123000296,214,586,-372
123000297,210,1010,-800
123000298,252,997,-745
123000299,26,345,-319
123000300,606,607,-1
123000301,75,185,-110
123000302,142,234,-92
123000303,20,206,-186
123000305,925,797,128
123000306,35,360,-325
123000309,79,57,22
123000310,64,24,40
123000311,0,155,-155
123000312,809,1182,-373
123000313,128,228,-100
123000315,188,459,-271
123000316,1965,40,1925
123000317,208,45,163
123000318,78,334,-256
123000329,3,10,-7
123000337,141,282,-141
123000338,477,106,371
123000339,56,325,-269
123000340,210,612,-402
123000342,0,172,-172
123000343,42,0,42
123000344,958,382,576
123000345,395,615,-220
123000346,187,74,113
123000352,2491,879,1612
123000353,24,141,-117
123000354,116,0,116
123000355,1,441,-440
123000356,117,9,108
123000357,2,391,-389
123000359,3,299,-296
123000360,130,2,128
123000361,649,323,326
123000362,110,131,-21
123000363,54,219,-165
123000364,479,307,172
123000365,17,222,-205
123000366,207,1321,-1114
123000367,221,1222,-1001
123000370,25,371,-346
123000371,125,17,108
123000372,146,16,130
123000373,6,561,-555
123000374,13,265,-252
123000375,191,11,180
123000376,487,590,-103
123000377,190,9,181
123000378,9,488,-479
123000379,0,248,-248
123000380,83,193,-110
123000381,133,52,81
123000382,1399,38,1361
123000383,273,667,-394
123000384,597,115,482
123000385,460,705,-245
123000436,57,753,-696
123000507,107,341,-234
123000508,110,312,-202
123000517,378,14,364
123000518,45,276,-231
123000519,153,79,74
123000520,63,216,-153
123000521,262,105,157
123000522,210,624,-414
123000541,1,1,0
123000542,0,51,-51
123000565,165,20,145
123000566,50,898,-848
123000567,105,278,-173
123000573,27,975,-948
123000574,282,80,202
123000575,1167,1341,-174
123000576,522,2139,-1617
123000577,121,551,-430
123000578,792,120,672
123000579,5776,2374,3402
123000580,70,12,58
123000582,258,29,229
123000583,21,558,-537
123000584,89,228,-139
123000585,0,135,-135
123000586,28,0,28
123000596,107,150,-43
123000597,30,63,-33
123000602,3,4,-1
123000603,234,799,-565
123000604,265,1271,-1006
123000605,576,105,471
123000606,1,191,-190
123000609,19,439,-420
123000610,55,87,-32
123000613,35,98,-63
123000614,131,61,70
123000615,42,138,-96
123000616,269,58,211
123000617,38,581,-543
123000618,34,870,-836
123000619,548,23,525
123000620,10,725,-715
123000622,256,21,235
123000624,100,39,61
123000630,498,428,70
123000631,196,2293,-2097
123000632,1139,1409,-270
123000633,0,191,-191
123000634,69,29,40
123000635,364,141,223
123000636,14,769,-755
123000637,65,116,-51
123000638,312,118,194
123000639,1164,1921,-757
123000640,61,1188,-1127
123000648,113,60,53
123000649,27,748,-721
123900001,1778,74,1704
123900002,12,761,-749
123900003,325,658,-333
123900005,107,89,18
123900006,209,31,178
124000001,1419,124,1295
124000002,114,1878,-1764
124000003,394,155,239
124000004,50,829,-779
124000005,641,211,430
124000006,234,1848,-1614
124000007,571,99,472
124000008,8,464,-456
124000009,163,320,-157
124000010,107,651,-544
124000011,492,315,177
124000012,323,1071,-748
124000017,33,94,-61
124000018,79,149,-70
124000019,39,50,-11
124000020,69,326,-257
124000021,64,50,14
124000022,124,307,-183
124000023,917,1078,-161
124000024,1084,724,360
124000025,958,1130,-172
124000026,1165,992,173
124000027,5586,3494,2092
124000028,3681,3769,-88
124000030,4078,1318,2760
124000031,513,791,-278
124000032,5131,1057,4074
124000033,293,267,26
124000034,2426,983,1443
124000035,95,80,15
124000036,132,726,-594
124000037,568,337,231
124000038,40,110,-70
124000039,1143,238,905
124000040,787,533,254
124000041,120,55,65
124000042,44,358,-314
124000043,219,75,144
124000044,94,279,-185
124000045,378,496,-118
124000046,183,849,-666
124000047,699,738,-39
124000048,504,2203,-1699
124000049,770,654,116
124000050,411,2948,-2537
124000051,326,504,-178
124000052,463,1700,-1237
124000053,496,807,-311
124000054,720,861,-141
124000055,1062,1114,-52
124000056,4468,1431,3037
124000057,569,418,151
124000058,282,1599,-1317
124000059,349,553,-204
124000060,1121,1014,107
124000061,1267,2475,-1208
124000062,9310,1917,7393
124000063,1385,1715,-330
124000064,2914,2051,863
124000065,107,225,-118
124000066,295,59,236
124000067,53,231,-178
124000068,36,112,-76
124000069,235,309,-74
124000070,156,649,-493
124000071,49,44,5
124000072,169,669,-500
124000073,546,94,452
124000074,213,1164,-951
124000075,98,21,77
124000076,6,323,-317
124000077,1559,837,722
124000078,2525,398,2127
124000079,704,969,-265
124000080,141,169,-28
124000081,161,991,-830
124000082,11,103,-92
124000083,27,199,-172
124000084,82,239,-157
124000085,142,65,77
124000086,80,69,11
124000087,73,62,11
124000088,187,305,-118
124000089,340,385,-45
124000090,69,585,-516
124000091,301,126,175
124000092,110,943,-833
124000093,108,75,33
124000094,246,373,-127
124000095,72,51,21
124000096,72,333,-261
124000097,55,94,-39
124000098,38,94,-56
124000099,199,81,118
124000100,61,184,-123
124000101,30,112,-82
124000102,59,96,-37
124000103,43,81,-38
124000104,60,102,-42
124000105,29,65,-36
124000106,96,119,-23
124000107,10,68,-58
124000108,61,37,24
124000109,99,53,46
124000110,88,78,10
124000111,153,173,-20
124000112,389,674,-285
124000113,36,56,-20
124000114,160,697,-537
124000115,286,838,-552
124000116,69,56,13
124000117,74,93,-19
124000118,32,68,-36
124000119,961,596,365
124000120,406,495,-89
124000121,1445,501,944
124000122,701,938,-237
124000123,725,291,434
124000124,593,1030,-437
124000125,350,318,32
124000126,404,545,-141
124000127,548,319,229
124000128,576,1048,-472
124000129,1535,1089,446
124000130,853,674,179
124000131,854,460,394
124000132,854,751,103
124000133,611,839,-228
124000134,896,734,162
124000135,1209,1225,-16
124000136,1077,1095,-18
124000137,1288,445,843
124000138,2193,913,1280
124000139,336,16,320
124000140,28,325,-297
124000141,160,21,139
124000142,36,240,-204
124000143,12,16,-4
124000144,5,95,-90
124000145,29,30,-1
124000146,6,156,-150
124000148,14,28,-14
124000149,644,274,370
124000150,312,512,-200
124000151,460,224,236
124000152,628,1096,-468
124000153,960,404,556
124000154,1012,921,91
124000155,1149,571,578
124000156,1525,1050,475
124000169,185,274,-89
124000170,728,447,281
124000171,220,206,14
124000172,406,725,-319
124000173,178,275,-97
124000174,210,939,-729
124000175,5,188,-183
124000176,41,15,26
124000177,25,62,-37
124000178,10,11,-1
124000190,238,37,201
124000191,361,98,263
124000192,2174,278,1896
124000193,451,1288,-837
124000194,436,627,-191
124000195,196,460,-264
124000196,883,1398,-515
124000197,53,61,-8
124000198,19,36,-17
124000201,274,1267,-993
124000202,374,151,223
124000203,109,1195,-1086
124000204,198,590,-392
124000205,42,696,-654
124000206,160,438,-278
124000207,0,50,-50
124000209,213,703,-490
124000210,122,211,-89
124000211,179,2,177
124000212,6,605,-599
124000213,124,384,-260
124000214,163,899,-736
124000215,82,2,80
124000216,1,693,-692
124000329,88,2753,-2665
124000338,35,1454,-1419
124000339,320,93,227
124000341,385,60,325
124000344,22,5,17
124000357,776,1503,-727
124000358,741,1047,-306
124000359,802,458,344
124000360,421,416,5
124000361,1294,687,607
124000362,1681,2348,-667
124000363,286,529,-243
124000364,482,1107,-625
124000365,732,1324,-592
124000366,2240,1068,1172
124000367,122,692,-570
124000368,191,149,42
124000369,131,91,40
124000370,83,792,-709
124000402,26,3,23
124000403,24,11,13
124000404,7,105,-98
124000405,1033,598,435
124000406,1072,848,224
124000407,4,20,-16
124000411,7,439,-432
124000412,128,15,113
124000413,358,68,290
124000414,19,117,-98
124000415,31,222,-191
124000416,82,388,-306
124000417,79,132,-53
124000418,46,141,-95
124000419,52,216,-164
124000420,37,86,-49
124000421,20,367,-347
124000422,26,7,19
124000423,101,39,62
124000424,0,156,-156
124000425,23,23,0
124000426,2,162,-160
124000427,17,14,3
124000428,15,26,-11
124000429,24,77,-53
124000430,372,798,-426
124000431,382,744,-362
124000432,89,794,-705
124000439,0,8,-8
124000443,0,6,-6
124000445,213,473,-260
124000446,2784,114,2670
124900001,300,251,49
124900002,111,606,-495
124900003,464,587,-123
124900004,232,394,-162
124900005,209,252,-43
124900006,314,385,-71
124900008,1156,510,646
124900009,101,126,-25
124900010,106,44,62
124900011,174,91,83
124900012,375,70,305
124900013,235,102,133
124900014,118,63,55
124900015,143,146,-3
124900016,17,62,-45
124900017,515,299,216
124900018,10,3,7
124900020,43,42,1
124900021,75,24,51
124900022,25,1,24
124900024,124,0,124
124900026,49,5,44
124900027,95,184,-89
124900028,704,138,566
124900029,10,370,-360
124900030,1,144,-143
124900031,31,466,-435
124900032,243,201,42
124900033,35,506,-471
124900034,8,162,-154
124900035,97,436,-339
124900036,0,46,-46
124900037,119,342,-223
124900038,281,473,-192
124900039,0,27,-27
124900040,19,95,-76
124900041,204,1638,-1434
124900042,22,0,22
124900043,334,1395,-1061
124900044,55,0,55
124900045,651,853,-202
124900046,1758,283,1475
124900047,131,193,-62
124900048,117,199,-82
124900050,133,356,-223
124900052,110,433,-323
124900053,29,449,-420
124900054,3460,334,3126
124900055,0,97,-97
124900057,1,103,-102
124900060,69,255,-186
124900061,15,0,15
124900062,32,8,24
124900066,1,17,-16
124900067,2,208,-206
124900068,174,229,-55
124900070,21,20,1
124900072,46,18,28
124900075,114,261,-147
124900076,24,417,-393
124900077,18,113,-95
124900078,81,32,49
124900079,763,41,722
124900080,174,938,-764
124900081,506,244,262
124900082,317,1206,-889
124900083,173,634,-461
124900085,1665,261,1404
124900086,54,623,-569
124900087,645,70,575
124900088,755,86,669
124900089,1584,24,1560
124900090,140,206,-66
124900091,200,739,-539
124900092,166,530,-364
124900093,110,177,-67
124900094,170,248,-78
124900095,55,328,-273
124900096,635,125,510
124900097,176,52,124
124900098,120,483,-363
124900099,525,286,239
124900100,155,21,134
124900101,9,540,-531
124900102,104,4,100
124900103,85,288,-203
124900104,34,223,-189
124900105,56,176,-120
124900106,265,19,246
124900107,45,16,29
124900108,133,36,97
124900111,0,45,-45
124900112,50,921,-871
124900113,117,118,-1
124900114,263,76,187
124900115,38,47,-9
124900116,76,101,-25
124900117,722,141,581
124900118,103,84,19
124900119,253,89,164
124900120,32,396,-364
124900121,113,172,-59
124900122,584,250,334
124900123,534,60,474
124900124,191,177,14
204000001,19,20,-1
204000002,8,22,-14
204000003,49,2,47
204000004,12,1,11
204000005,332,288,44
204000006,814,734,80
204000011,5,77,-72
204000012,38,103,-65
204000019,482,464,18
204000020,324,834,-510
204000021,1894,826,1068
204000022,312,475,-163
204000023,301,1354,-1053
204000031,113,32,81
204000032,527,49,478
204000034,14,337,-323
204000035,0,2,-2
204000036,6,23,-17
204000037,2,11,-9
204000038,1,32,-31
204000039,6,90,-84
204000040,5,51,-46
204000041,6,67,-61
204000042,25,19,6
204000043,18,1,17
204000044,30,2,28
204000045,27,4,23
204000046,13,12,1
204000057,8,61,-53
204000062,6,156,-150
204000068,22,130,-108
204000069,15,135,-120
204000070,35,102,-67
204000080,12,64,-52
204000085,1193,1871,-678
204000086,3044,2226,818
204000087,37,17,20
204000088,3,78,-75
204000090,6,432,-426
204000093,166,54,112
204000096,442,558,-116
204000097,153,13,140
204000099,831,1248,-417
204000100,608,932,-324
204000105,1774,1488,286
204000110,585,1303,-718
204000111,302,781,-479
204000112,503,974,-471
204000113,543,919,-376
204000114,582,362,220
204000115,285,382,-97
204000116,400,517,-117
204000119,1562,1434,128
204000132,302,167,135
204000133,437,248,189
204000134,158,129,29
204000135,151,95,56
204000136,127,228,-101
204000138,135,186,-51
204000140,93,59,34
204000141,77,52,25
204000144,2,29,-27
204000145,631,22,609
204000146,28,379,-351
204000147,22,133,-111
204000148,382,34,348
204000154,0,0,0
204000155,1,12,-11
204000177,68,56,12
204000179,5,4,1
204000180,0,43,-43
204000222,6,37,-31
204000235,7,18,-11
204000236,134,353,-219
204000238,25,24,1
204000240,340,76,264
204000263,434,1353,-919
204000268,1020,414,606
204000308,154,18,136
204000317,6,103,-97
204000322,3,41,-38
204000323,20,10,10
204000328,176,45,131
204000329,105,74,31
204000330,154,36,118
204000331,15,145,-130
204010341,14,301,-287
205000001,1330,1264,66
205000013,9,103,-94
205000014,13,150,-137
205000015,20,290,-270
205000016,19,210,-191
205000017,36,80,-44
205000022,322,541,-219
205000025,1413,893,520
205000029,173,7,166
205000045,53,214,-161
205000046,62,595,-533
205000047,36,569,-533
205000048,152,1180,-1028
205000049,109,862,-753
205000050,1362,303,1059
205000059,0,308,-308
205000060,0,62,-62
205000061,1,32,-31
205000062,2,53,-51
205000063,9,84,-75
205000064,11,148,-137
205000065,85,791,-706
205000066,75,830,-755
205000067,77,1126,-1049
205000069,211,14,197
205000082,170,188,-18
205000110,69,222,-153
205000111,154,331,-177
205000112,73,176,-103
205000113,271,238,33
205000121,217,25,192
205000123,91,176,-85
205000126,383,86,297
205000127,448,198,250
205000128,409,73,336
205000129,334,96,238
205000130,256,17,239
205000131,182,8,174
205000132,302,1,301
205000133,110,0,110
205000134,122,0,122
205000137,133,141,-8
205000138,218,312,-94
205000139,21,95,-74
205000144,46,48,-2
205000145,383,117,266
205000151,123,19,104
205000152,109,17,92
205000153,94,27,67
205000154,41,43,-2
205000155,64,9,55
205000207,15,132,-117
205000233,11,0,11
205000234,0,0,0
205000243,0,2,-2
205000244,0,8,-8
205000245,18,330,-312
205000249,0,34,-34
205000250,0,0,0
205000264,7,98,-91
206000027,9,3,6
206000028,1,1,0
206000043,13,139,-126
206000053,6,16,-10
206000054,5,40,-35
206000055,2,36,-34
206000075,5,2,3
206000076,14,5,9
206000077,18,5,13
206000078,12,7,5
206000079,9,2,7
206000082,389,18,371
206000100,67,725,-658
206000103,5,25,-20
206000104,7,32,-25
206000105,16,24,-8
206000106,25,31,-6
206000108,576,25,551
206000125,41,0,41
206000157,105,862,-757
206000170,0,235,-235
206000171,1,253,-252
206000172,5,1166,-1161
206000173,4,363,-359
206000174,5,206,-201
206000175,3,274,-271
206000176,9,454,-445
206000177,2,328,-326
206000178,4,226,-222
206000179,5,124,-119
206000180,34,280,-246
206000181,8,437,-429
206000182,27,421,-394
206000183,19,1352,-1333
206000184,5,483,-478
206000185,4,376,-372
206000186,127,1964,-1837
206000223,1,354,-353
206000226,11,1,10
206000227,24,1,23
206000237,41,444,-403
206000238,48,800,-752
206000239,526,2573,-2047
206000240,1,46,-45
206000241,0,171,-171
206000242,6,581,-575
206000243,19,481,-462
206000244,67,1215,-1148
206000245,289,43,246
206000246,44,12,32
206000247,87,13,74
206000248,153,9,144
206000252,80,26,54
206000258,14,54,-40
206000315,26,7,19
206000317,239,98,141
206000318,126,44,82
206000319,446,50,396
206000320,42,34,8
206000321,80,11,69
206000322,152,5,147
206000323,89,4,85
206000324,80,16,64
206000325,73,12,61
206000326,112,11,101
206000327,140,8,132
206000328,44,0,44
206000329,79,14,65
206000330,31,12,19
206000331,75,5,70
206000332,20,7,13
206000333,189,7,182
206000334,108,1,107
206000335,0,21,-21
206000361,3,223,-220
206000392,4,53,-49
206000405,153,1,152
206000441,21,14,7
206000498,26,5,21
206000515,119,23,96
206000530,61,43,18
206000531,144,55,89
206000532,2282,95,2187
206000535,320,2152,-1832
206000536,16,285,-269
206000537,7,174,-167
206000613,1233,169,1064
207000001,160,395,-235
207000002,71,290,-219
207000003,108,224,-116
207000007,541,209,332
207000008,37,7,30
207000009,84,37,47
207000010,518,739,-221
207000012,214,159,55
207000015,363,2069,-1706
207000019,107,65,42
207000021,555,172,383
207000022,52,97,-45
207000023,76,59,17
207000024,1,6,-5
207000025,21,51,-30
207000026,93,44,49
207000027,17,94,-77
207000028,27,266,-239
207000029,251,470,-219
207000033,166,190,-24
207000034,194,65,129
207000039,243,138,105
207000040,112,123,-11
207000041,32,49,-17
207000042,154,102,52
207000043,172,143,29
207000051,104,409,-305
207000052,8,243,-235
207000053,462,656,-194
207000054,32,154,-122
207000055,61,162,-101
207000056,243,446,-203
207000057,123,351,-228
207000058,87,570,-483
207000059,47,1119,-1072
207000060,34,386,-352
207000061,61,137,-76
207000062,89,47,42
207000063,113,128,-15
207000064,227,194,33
207000065,229,248,-19
207000066,59,159,-100
207000067,57,132,-75
207000068,86,63,23
207000069,627,384,243
207000082,46,436,-390
207000083,77,453,-376
207000084,123,163,-40
207000085,125,18,107
207000086,80,8,72
207000106,24,41,-17
207000107,33,26,7
207000108,30,11,19
207000109,25,13,12
207000110,53,39,14
207000111,79,65,14
207000112,148,298,-150
207000114,12,28,-16
207000115,7,109,-102
207000116,6,272,-266
207000117,11,126,-115
207000118,0,95,-95
207000119,18,143,-125
207000123,173,13,160
207000124,52,21,31
207000125,35,25,10
207000126,57,36,21
207000134,25,296,-271
207000135,13,347,-334
207000148,68,150,-82
207000149,54,44,10
207000152,156,396,-240
207000153,1278,1009,269
207000154,321,148,173
207000159,70,344,-274
207000160,76,812,-736
207000238,0,73,-73
207000242,2,193,-191
207000248,27,14,13
207000249,148,78,70
207000250,775,52,723
207000251,51,70,-19
207000252,62,73,-11
207000278,39,62,-23
207000279,8,269,-261
207000280,149,79,70
207000281,54,1482,-1428
207000282,187,49,138
207000283,175,284,-109
207000284,59,77,-18
207000285,170,47,123
207000291,11,144,-133
207000304,113,59,54
207000306,73,395,-322
207000310,26,59,-33
207000353,188,2,186
207000356,8,16,-8
207000357,11,5,6
207000358,67,17,50
207000415,5,187,-182
207000417,28,6,22
207000418,109,199,-90
207000438,1,2,-1
207000439,1304,279,1025
207000446,137,6,131
207000460,9,6,3
207000466,173,217,-44
207000467,105,95,10
207000468,23,651,-628
207000476,1,102,-101
207000477,238,140,98
207000478,12,13,-1
207000523,0,13,-13
207000524,23,0,23
207000527,75,141,-66
207000530,157,12,145
207000531,169,9,160
207000532,84,13,71
207000534,634,36,598
207000535,57,190,-133
207000537,22,133,-111
207000540,13,198,-185
207000541,2,384,-382
207000548,5,393,-388
207000549,136,11,125
207000561,86,93,-7
207000562,53,228,-175
207000567,189,282,-93
207000568,42,101,-59
207000569,122,1617,-1495
207000584,545,164,381
207000585,95,198,-103
207000587,19,17,2
207000616,0,266,-266
207000617,100,0,100
207000624,19,3,16
207000631,4,26,-22
207900008,86,312,-226
208000001,379,634,-255
208000002,365,439,-74
208000003,628,536,92
208000004,784,667,117
208000005,21,19,2
208000019,505,917,-412
208000020,127,418,-291
208000021,96,528,-432
208000022,433,786,-353
208000028,980,738,242
208000033,321,667,-346
208000034,1048,1539,-491
208000037,460,74,386
208000040,158,190,-32
208000041,1451,528,923
208000042,722,570,152
208000047,55,363,-308
208000064,3078,1278,1800
208000066,1265,780,485
208000070,198,502,-304
208000071,263,975,-712
208000072,351,1374,-1023
208000080,150,364,-214
208000081,152,255,-103
208000082,195,308,-113
208000083,67,440,-373
208000084,14,11,3
208000085,765,602,163
208000086,430,832,-402
208000087,317,725,-408
208000089,589,722,-133
208000090,456,1097,-641
208000093,92,100,-8
208000094,282,583,-301
208000095,589,380,209
208000104,794,1046,-252
208000105,446,1173,-727
208000114,42,174,-132
208000115,478,399,79
208000116,176,990,-814
208000117,125,128,-3
208000118,78,89,-11
208000155,496,1022,-526
208000158,1807,2327,-520
208000186,3386,1802,1584
208000204,318,985,-667
208000205,738,1369,-631
208000282,3857,1248,2609
209000004,93,148,-55
209000005,13,17,-4
209000006,378,107,271
209000007,210,183,27
209000010,480,165,315
209000011,150,210,-60
209000012,137,219,-82
209000013,141,690,-549
209000014,787,1822,-1035
209000025,165,44,121
209000026,390,80,310
209000027,233,1107,-874
209000028,329,1184,-855
209000029,650,961,-311
209000030,383,1905,-1522
209000031,4179,2989,1190
209000034,167,171,-4
209000035,73,121,-48
209000036,79,101,-22
209000037,144,185,-41
209000038,64,123,-59
209000039,55,127,-72
209000040,302,495,-193
209000041,123,399,-276
209000042,163,393,-230
209000043,757,655,102
209000044,161,517,-356
209000045,805,439,366
209000046,233,414,-181
209000047,293,212,81
209000048,350,273,77
209000049,100,194,-94
209000050,196,277,-81
209000051,238,436,-198
209000052,105,470,-365
209000062,36,247,-211
209000063,33,150,-117
209000064,19,195,-176
209000065,16,36,-20
209000066,50,32,18
209000067,31,68,-37
209000080,14,136,-122
209000082,45,41,4
209000091,48,105,-57
209000093,94,41,53
209000094,239,119,120
209000110,25,46,-21
209000111,534,936,-402
209000112,413,443,-30
209000113,992,414,578
209000114,234,243,-9
209000115,81,232,-151
209000116,1023,607,416
209000118,21,58,-37
209000119,18,5,13
209000121,158,780,-622
209000135,56,71,-15
209000142,791,718,73
209000143,101,78,23
209000144,39,65,-26
209000229,138,181,-43
209000240,29,460,-431
209000259,196,128,68
209000260,57,1064,-1007
209000261,6,716,-710
209000262,3,619,-616
209000263,0,135,-135
209000264,0,56,-56
209000265,521,4,517
209000266,40,17,23
209000267,309,19,290
209000268,817,53,764
210000037,48,21,27
210000047,40,20,20
210000048,53,26,27
210000049,48,30,18
210000052,22,138,-116
210000053,10,91,-81
210000054,56,77,-21
210000070,60,1,59
210000071,18,0,18
210000072,5,0,5
210000073,1,23,-22
210000074,1,110,-109
210000075,0,59,-59
210000076,2,158,-156
210000077,48,24,24
210000078,55,21,34
210000079,26,7,19
210000080,86,55,31
210000081,106,7,99
210000082,51,0,51
210000083,62,2,60
210000084,15,0,15
210000085,0,87,-87
210000086,2,153,-151
210000099,27,276,-249
210000100,26,247,-221
210000101,58,261,-203
210000105,43,181,-138
210000159,0,74,-74
210000163,192,219,-27
210000164,364,94,270
210000168,137,19,118
210000187,0,10,-10
210000188,2,21,-19
210000214,37,0,37
210000219,17,37,-20
210000220,53,73,-20
210000232,0,25,-25
210000233,14,56,-42
210000234,33,188,-155
210000235,30,156,-126
210000245,6,31,-25
210000246,22,1,21
210000258,12,116,-104
210000259,173,8,165
210000282,54,223,-169
210000285,0,97,-97
210000286,8,231,-223
210000290,1,9,-8
210000295,35,145,-110
210000296,58,38,20
210000320,94,136,-42
210000321,59,88,-29
210000338,72,88,-16
210000339,691,872,-181
210000340,119,250,-131
210000341,156,242,-86
210000342,150,187,-37
210000343,131,170,-39
210000344,225,103,122
210000345,208,155,53
210000346,61,96,-35
210000347,210,28,182
210000348,108,16,92
210000349,123,23,100
210000350,61,53,8
210000351,67,117,-50
210000352,39,98,-59
210000353,28,148,-120
210000354,33,114,-81
210000355,59,105,-46
210000356,42,49,-7
210000357,41,50,-9
210000358,303,122,181
210000359,94,50,44
210000360,138,120,18
210000361,99,162,-63
210000362,132,162,-30
210000363,943,120,823
210000364,96,107,-11
210000365,45,35,10
210000366,99,33,66
210000367,57,15,42
210000368,120,24,96
210000369,38,33,5
210000370,35,78,-43
210000372,30,32,-2
210000373,43,8,35
210000374,34,31,3
210000375,20,96,-76
210000376,37,150,-113
210000404,108,136,-28
210000439,26,70,-44
210000472,58,3,55
210000482,44,38,6
210000564,689,185,504
210000567,2,9,-7
210000568,452,4,448
211000092,31,70,-39
211000094,76,18,58
211000169,181,12,169
211000172,17,204,-187
211000209,1,23,-22
211000226,9,29,-20
211000270,12,15,-3
211000275,10,21,-11
211000276,71,45,26
211000279,3,59,-56
211000281,24,76,-52
211507980,0,16,-16
211977296,3,3,0
212000003,83,42,41
212000004,72,26,46
212000005,18,29,-11
212000006,30,70,-40
212000008,108,218,-110
212000009,10,154,-144
212000012,49,84,-35
212000013,9,53,-44
212000014,169,147,22
212000015,175,265,-90
212000016,352,582,-230
212000027,378,409,-31
212000028,181,316,-135
212000029,89,227,-138
212000030,28,23,5
212000031,29,51,-22
212000048,27,71,-44
212000049,10,77,-67
212000050,13,7,6
212000051,134,252,-118
212000052,114,460,-346
212000053,244,603,-359
212000054,110,174,-64
212000055,116,262,-146
212000056,7,37,-30
212000057,2,33,-31
212000058,272,22,250
212000070,58,340,-282
212000077,63,820,-757
212000099,158,222,-64
212000108,141,174,-33
212000111,94,150,-56
212000120,125,109,16
212000138,82,32,50
212000156,4,156,-152
212000158,5,20,-15
212000159,153,56,97
212000160,246,176,70
212000161,29,10,19
212000310,29,20,9
212000311,5,57,-52
212000374,18,12,6
213000001,24,723,-699
213000005,306,91,215
213000006,1171,127,1044
213000007,49,9,40
213000009,526,171,355
213000010,163,171,-8
213000011,249,109,140
213000012,117,493,-376
213000014,41,8,33
213000015,177,3,174
213000016,171,1,170
213000017,15,0,15
213000018,2,250,-248
213000019,4,202,-198
213000020,46,367,-321
213000021,4,134,-130
213000023,236,225,11
213000033,199,692,-493
213000034,416,332,84
213000035,92,114,-22
213000045,82,237,-155
213000046,95,176,-81
213000047,461,647,-186
213000056,27,23,4
213000069,55,0,55
213000073,0,11,-11
213000074,162,603,-441
213000075,448,9,439
213000076,5,3,2
213000085,2,39,-37
213000086,6,316,-310
213000091,76,8,68
213000092,82,20,62
213000099,121,822,-701
213000100,1490,204,1286
213000101,133,165,-32
213000102,157,457,-300
213000103,661,814,-153
213000104,30,477,-447
213000105,3,60,-57
213000106,13,200,-187
213000107,91,790,-699
213000108,11,615,-604
213000109,2,327,-325
213000110,5,78,-73
213000111,19,46,-27
213000112,241,153,88
213000115,15,4,11
213000116,101,833,-732
213000117,2,906,-904
213000118,215,276,-61
213000119,39,970,-931
213000120,63,935,-872
213000122,293,1137,-844
213000123,791,2323,-1532
213000124,88,2066,-1978
213000125,90,11,79
213000126,60,81,-21
213000127,232,131,101
213000128,819,598,221
213000129,574,335,239
213000130,253,148,105
213000132,102,92,10
213000133,165,102,63
213000134,504,65,439
213000136,222,24,198
213000137,416,70,346
213000139,486,7,479
213000147,7,2,5
213000148,16,17,-1
213000149,30,5,25
213000150,0,84,-84
213000151,1,65,-64
213000152,0,55,-55
213000153,0,39,-39
213000154,10,288,-278
213000155,23,423,-400
213000156,45,688,-643
213000157,817,666,151
213000158,240,803,-563
213000159,363,623,-260
213000163,333,94,239
213000165,580,166,414
213000171,1,209,-208
213000172,0,418,-418
213000173,2,359,-357
213000174,2,254,-252
213000175,4,169,-165
213000176,16,15,1
213000177,6,4,2
213000178,32,1,31
213000179,93,1,92
213000180,29,1,28
213000184,45,426,-381
213000188,416,87,329
213000189,162,35,127
213000190,705,906,-201
213000191,167,792,-625
213000192,88,877,-789
213000193,1393,207,1186
213000194,14,30,-16
213000195,5,502,-497
213000196,142,939,-797
213000197,230,244,-14
213000198,21,2,19
213000200,114,1228,-1114
213000201,148,57,91
213000202,11,834,-823
213000203,2947,328,2619
213000204,474,19,455
213000205,148,28,120
213000206,170,46,124
213000207,23,15,8
213000208,69,4,65
213000209,74,0,74
213000210,177,2,175
213000211,2,6,-4
213000212,10,19,-9
213000213,7,25,-18
213000218,133,1112,-979
213000219,366,15,351
213000220,379,7,372
213000223,265,103,162
213000224,84,39,45
213000225,17,6,11
213000226,13,5,8
213000227,444,221,223
213000228,125,57,68
213000229,850,22,828
213000230,238,8,230
213000232,91,335,-244
213000233,0,21,-21
213000234,1,40,-39
213000293,10,58,-48
213000294,83,16,67
213000295,4,91,-87
213000296,76,19,57
213000297,10,89,-79
213000298,19,103,-84
213000299,58,42,16
213000300,23,2,21
213000303,15,31,-16
213000304,1,9,-8
213000305,0,9,-9
213000306,44,43,1
213000307,221,59,162
213000308,128,310,-182
213000309,75,63,12
213000310,200,135,65
213000311,404,562,-158
213000315,42,158,-116
213000316,49,59,-10
213000322,58,164,-106
213000323,39,95,-56
213000324,26,79,-53
213000325,11,101,-90
213000326,11,27,-16
213000327,7,80,-73
213000328,12,91,-79
213000329,21,55,-34
213000340,126,1089,-963
213000341,210,85,125
213000346,161,119,42
213000347,1076,173,903
213000348,100,173,-73
213000349,140,19,121
213000350,209,1609,-1400
213000366,24,304,-280
213000367,111,29,82
213000379,208,218,-10
213000386,0,251,-251
213000406,109,449,-340
213000417,770,395,375
213000425,45,73,-28
213000426,53,100,-47
213000427,20,426,-406
213000428,16,264,-248
213000429,53,0,53
213000430,45,1361,-1316
213000431,99,1,98
213000432,0,16,-16
213000433,4,148,-144
213000434,28,94,-66
213000435,61,103,-42
213000436,7,100,-93
213000437,0,33,-33
213000438,102,99,3
213000439,13,8,5
213000440,4,212,-208
213000441,2,0,2
213000442,1,56,-55
213000443,517,309,208
213000444,19,69,-50
213000445,0,104,-104
213000446,0,4,-4
213000447,1,56,-55
213000448,5,68,-63
213000449,101,2,99
213000450,16,32,-16
213000451,72,113,-41
213000452,15,18,-3
213000453,47,315,-268
213000455,719,2,717
213000456,1,444,-443
213000481,25,5,20
213000482,115,0,115
213000489,671,37,634
213000491,0,84,-84
213000492,123,1,122
213000493,0,41,-41
213000494,73,170,-97
213000495,2,146,-144
213000496,173,233,-60
213000497,30,426,-396
213000498,65,286,-221
213000499,101,850,-749
213000500,171,103,68
213000501,35,27,8
213000502,103,41,62
213000503,2,77,-75
213000504,6,294,-288
213000505,4,14,-10
213000506,0,12,-12
213000507,2,185,-183
213900244,2,0,2
213900245,0,48,-48
218000003,27,16,11
218000004,12,23,-11
218000005,31,34,-3
218000006,57,17,40
218000007,2,3,-1
218000012,263,105,158
218000013,54,130,-76
218000014,505,392,113
218000019,891,429,462
218000020,206,330,-124
218000021,19,105,-86
218000022,10,55,-45
218000023,1,51,-50
218000024,2,26,-24
218000025,8,55,-47
218000026,7,76,-69
218000027,3,14,-11
218000028,1,3,-2
218000029,0,5,-5
218000030,12,39,-27
218000031,5,76,-71
218000032,4,51,-47
218000040,3,0,3
218000046,35,146,-111
218000047,19,194,-175
218000048,45,211,-166
218000049,102,149,-47
218000050,311,269,42
218000051,78,335,-257
218000052,2,83,-81
218000053,13,7,6
218000054,36,18,18
218000055,8,8,0
218000056,6,49,-43
218000057,3,41,-38
218000064,1,4,-3
218000065,22,67,-45
218000066,24,54,-30
218000067,24,109,-85
218000068,74,100,-26
218000069,79,197,-118
218000070,65,264,-199
218000071,99,250,-151
218000072,356,251,105
218000078,495,1376,-881
218000079,31,63,-32
218000080,44,98,-54
218000081,185,306,-121
218000082,14,146,-132
218000083,27,64,-37
218000084,103,223,-120
218000085,91,520,-429
218000086,30,157,-127
218000087,133,269,-136
218000090,5,69,-64
218000091,818,451,367
218000092,44,155,-111
218000093,75,112,-37
218000094,464,837,-373
218000099,331,432,-101
218000100,185,307,-122
218000101,84,158,-74
218000102,157,367,-210
218000103,81,186,-105
218000104,33,63,-30
218000105,20,1,19
218000106,15,4,11
218000107,26,98,-72
218000108,9,55,-46
218000112,61,14,47
218000117,28,65,-37
218000134,490,886,-396
218000135,5,85,-80
218000136,143,50,93
218000137,133,133,0
218000138,22,88,-66
218000139,95,398,-303
218000140,205,225,-20
218000141,16,75,-59
218000142,88,234,-146
218000143,32,195,-163
218000144,14,45,-31
218000145,186,423,-237
218000146,45,139,-94
218000151,6,17,-11
218000152,29,47,-18
218000153,4,7,-3
218000154,4,2,2
218000155,6,5,1
218000156,27,24,3
218000157,10,18,-8
218000158,6,5,1
218000159,0,1,-1
218000160,0,4,-4
218000161,14,5,9
218000162,5,10,-5
218000163,1,3,-2
218000164,13,8,5
218000165,22,24,-2
218000170,2,36,-34
218000171,35,4,31
218000172,19,23,-4
218000173,67,17,50
218000174,6,1,5
218000176,74,18,56
218000177,228,78,150
218000178,30,76,-46
218000179,35,33,2
218000180,37,17,20
218000181,68,23,45
218000187,5,13,-8
218000188,28,34,-6
218000189,7,88,-81
218000190,5,28,-23
218000191,54,105,-51
218000192,94,525,-431
218000193,284,561,-277
218000194,51,513,-462
218000195,87,92,-5
218000196,168,242,-74
218000197,149,361,-212
218000198,1,132,-131
218000199,14,18,-4
218000200,46,30,16
218000201,3,4,-1
218000202,99,160,-61
218000207,4,56,-52
218000208,25,70,-45
218000211,40,8,32
218000212,5,6,-1
218000213,87,46,41
218000214,3,15,-12
218000215,40,98,-58
218000217,1,95,-94
218000218,204,49,155
218000219,11,2,9
218000220,81,314,-233
218000221,566,155,411
218000222,54,17,37
218000223,19,69,-50
218000224,1,54,-53
218000225,136,17,119
218000226,29,53,-24
218000230,0,3,-3
218000232,42,46,-4
218000239,46,0,46
218000240,5,2,3
218000241,2,0,2
218000242,8,0,8
218000243,51,0,51
218000244,5,1,4
218000245,3,1,2
218000246,0,2,-2
218000247,0,0,0
218000248,0,65,-65
218000249,0,3,-3
218000250,0,17,-17
218000251,1,8,-7
218000252,0,18,-18
218000253,7,4,3
218000254,0,17,-17
218000255,1,14,-13
218000256,4,38,-34
218000267,784,1263,-479
218000268,1,80,-79
218000269,3,8,-5
218000270,41,80,-39
218000271,48,88,-40
218000273,6,2,4
218000274,8,10,-2
218000275,12,27,-15
218000276,5,38,-33
218000278,16,28,-12
218000279,21,89,-68
218000280,27,31,-4
218000281,45,15,30
218000282,446,168,278
218000284,73,5,68
218000301,27,95,-68
218000302,59,69,-10
218000303,18,53,-35
218000316,510,1263,-753
218000317,660,1305,-645
218000318,257,1019,-762
218000319,529,1621,-1092
218000320,512,691,-179
218000338,43,16,27
218000345,138,45,93
218000346,39,155,-116
218000459,65,262,-197
218000490,39,70,-31
218000501,27,25,2
218000502,10,118,-108
218000503,29,18,11
218000504,78,3,75
218000505,32,197,-165
218000506,31,215,-184
218000508,30,1,29
218000510,146,0,146
218000520,105,86,19
218000521,3,70,-67
218000522,0,165,-165
218000523,89,0,89
218000524,65,89,-24
218000525,158,15,143
218000526,173,90,83
218000529,28,280,-252
218000530,4,3,1
218000531,3,17,-14
218000532,6,16,-10
218000534,41,14,27
218000537,10,48,-38
218000538,65,139,-74
218000540,213,53,160
218000543,55,48,7
218000544,44,143,-99
218000545,25,70,-45
218000546,49,141,-92
218000547,51,114,-63
218000548,57,232,-175
218000549,366,115,251
218000550,275,558,-283
218000551,251,260,-9
218000552,688,22,666
218000553,71,74,-3
218000554,21,25,-4
218000555,14,71,-57
218000556,73,484,-411
218000557,149,162,-13
218000558,81,0,81
218000559,0,24,-24
218000560,0,13,-13
218000561,34,0,34
218000562,13,170,-157
218000563,128,28,100
218000564,2,117,-115
218000565,308,21,287
218000566,1049,26,1023
218000567,2,48,-46
218000568,1,1,0
218000569,10,55,-45
218000570,189,9,180
218000571,0,92,-92
218000572,47,1,46
218000573,10,29,-19
218000574,148,68,80
218000575,57,0,57
218000576,1,96,-95
218000577,24,0,24
218000578,0,121,-121
218000579,20,2,18
218000581,1,89,-88
218000582,13,2,11
218000583,2,0,2
218000584,0,18,-18
218000585,10,1,9
218000586,4,54,-50
218000587,2,2,0
218000588,0,5,-5
218000589,0,4,-4
218000590,0,0,0
218000591,1,6,-5
218000592,2,0,2
218000593,0,0,0
218000594,0,0,0
218000597,0,0,0
218000598,0,0,0
218000599,0,0,0
218000600,0,0,0
218000601,0,0,0
218000602,0,0,0
218000603,0,3,-3
218000604,4,0,4
218000605,0,16,-16
218000606,31,0,31
218000607,7,29,-22
218000608,23,5,18
218000609,1,48,-47
218000610,17,3,14
218000611,8,1,7
218000612,2,30,-28
218000613,4,3,1
218000614,1,52,-51
218000615,32,2,30
218000616,3,149,-146
218000617,1,1,0
218000618,0,18,-18
218000619,12,25,-13
218000620,1,33,-32
218000621,0,1,-1
218000622,0,3,-3
218000623,4,2,2
218000624,1,21,-20
218000625,0,1,-1
218000626,0,8,-8
218000628,57,27,30
218000631,33,17,16
218000632,1,39,-38
218000633,38,0,38
218000634,1,11,-10
218000635,2,2,0
218000636,516,1594,-1078
218000637,656,653,3
218000638,41,15,26
218000639,24,249,-225
218000640,57,25,32
218000641,41,421,-380
218000652,124,108,16
218000653,90,54,36
218000663,4,99,-95
218000675,88,54,34
218000676,4,49,-45
218000677,2,10,-8
218000680,197,562,-365
218000681,257,111,146
218000691,61,392,-331
218000693,72,90,-18
218000703,5,77,-72
218000718,1225,284,941
218000719,1534,67,1467
218000720,2,32,-30
218000721,32,7,25
218000725,4,14,-10
218001147,1,209,-208
218001214,10,17,-7
218001258,26,5,21
218001329,82,96,-14
218001330,208,90,118
218001351,37,14,23
218001352,1,26,-25
218001353,12,11,1
218001354,2,28,-26
218001355,13,650,-637
218001356,154,3,151
218001357,15,318,-303
218001358,92,2,90
218001361,49,6,43
218001362,0,327,-327
219000001,16,69,-53
219000002,23,60,-37
219000003,51,19,32
219000004,41,33,8
219000017,104,18,86
219000020,38,11,27
219000022,71,3,68
219000023,92,1,91
219000029,0,87,-87
219000034,13,9,4
219000039,22,71,-49
219000040,23,29,-6
219000041,66,45,21
219000051,0,64,-64
219000052,0,33,-33
219000053,2,244,-242
219000054,14,186,-172
219000055,39,1,38
219000056,3,0,3
219000057,35,0,35
219000062,10,238,-228
219000063,36,12,24
219000064,1,47,-46
219000110,248,20,228
219000111,70,17,53
219000112,151,41,110
219000113,71,25,46
219000114,257,36,221
219000116,50,28,22
219000117,141,82,59
219000118,48,67,-19
219000123,239,83,156
219000124,56,45,11
219000125,6,19,-13
219000126,53,93,-40
219000127,0,8,-8
219000128,20,72,-52
219000129,38,102,-64
219000130,1151,719,432
219000131,912,768,144
219000133,96,19,77
219000134,9,11,-2
219000135,14,39,-25
219000136,115,145,-30
219000138,65,26,39
219000139,16,48,-32
219000140,15,0,15
219000141,7,150,-143
219000142,11,115,-104
219000143,8,116,-108
219000145,15,44,-29
219000146,14,98,-84
219000147,0,58,-58
219000148,2,72,-70
219000149,23,192,-169
219000150,6,135,-129
219000151,6,114,-108
219000157,99,108,-9
219000158,65,205,-140
219000161,88,12,76
219000163,1646,511,1135
219000166,60,132,-72
219000167,67,237,-170
219000168,304,62,242
219000174,205,112,93
219000175,34,3,31
219000176,40,5,35
219000177,9,1,8
219000178,18,0,18
219000179,6,4,2
219000180,28,26,2
219000182,42,22,20
219000183,19,48,-29
219000184,34,1,33
219000185,1,114,-113
219000186,14,46,-32
219000187,18,180,-162
219000189,112,96,16
219000190,120,200,-80
219000191,1694,714,980
219000192,130,98,32
219000193,506,116,390
219000195,2,52,-50
219000196,2,115,-113
219000198,14,160,-146
219000199,82,200,-118
219000200,32,247,-215
219000201,89,210,-121
219000203,13,82,-69
219000204,88,183,-95
219000205,37,222,-185
219000207,172,238,-66
219000209,21,98,-77
219000210,45,128,-83
219000213,14,259,-245
219000239,172,252,-80
219000240,156,307,-151
219000241,128,259,-131
219000242,87,203,-116
219000243,50,271,-221
219000244,16,106,-90
219000245,17,44,-27
219000246,21,10,11
219000247,70,34,36
219000248,303,221,82
219000249,119,35,84
219000250,108,94,14
219000251,435,124,311
219000252,158,139,19
219000253,142,33,109
219000255,60,82,-22
219000256,59,54,5
219000257,54,0,54
219000262,45,303,-258
219000263,41,297,-256
219000267,2,99,-97
219000268,2,11,-9
219000269,3,0,3
219000270,15,0,15
219000271,65,10,55
219000278,1,3,-2
219000279,0,3,-3
219000283,0,8,-8
219000295,9,110,-101
219000296,55,676,-621
219000297,17,172,-155
219000298,26,254,-228
219000299,416,50,366
219000300,11,366,-355
219000301,171,313,-142
219000302,14,203,-189
219000307,34,60,-26
219000308,32,28,4
219000311,83,37,46
219000312,261,29,232
219000313,151,22,129
219000314,93,626,-533
219000315,50,38,12
219000316,254,25,229
219000317,54,17,37
219000320,1,58,-57
219000321,1,25,-24
219000323,4,72,-68
219000325,0,64,-64
219000326,66,137,-71
219000327,36,33,3
219000328,22,44,-22
219000329,229,114,115
219000330,30,24,6
219000331,40,32,8
219000332,88,60,28
219000333,2,0,2
219000335,71,1,70
219000337,10,1,9
219000338,63,1,62
219000344,25,76,-51
219000345,82,133,-51
219000346,22,212,-190
219000348,56,147,-91
219000349,29,310,-281
219000350,51,85,-34
219000351,4,2,2
219000352,174,66,108
219000353,66,40,26
219000354,100,119,-19
219000355,56,35,21
219000356,1625,377,1248
219000363,228,21,207
219000364,89,11,78
219000365,89,12,77
219000366,231,138,93
219000368,457,294,163
219000370,1074,184,890
219000371,6,11,-5
219000382,2,13,-11
219000383,815,540,275
219000385,623,402,221
219000386,1041,1221,-180
219000387,1,4,-3
219000390,0,0,0
219000391,4,0,4
219000397,75,126,-51
219000398,79,43,36
219000401,10,99,-89
219000402,13,73,-60
219000403,38,161,-123
219000404,12,93,-81
219000407,0,23,-23
219000409,41,60,-19
219000410,30,23,7
219000411,32,15,17
219000446,277,391,-114
219000447,3,25,-22
219000448,9,2,7
219000452,69,55,14
219000453,67,82,-15
219000454,255,153,102
219000556,95,62,33
219000558,99,314,-215
219000590,15,168,-153
219000591,19,49,-30
219000592,85,390,-305
219000595,1,38,-37
219000635,57,22,35
219000636,36,127,-91
219000657,42,14,28
219000658,27,48,-21
219000673,0,15,-15
219000676,7,0,7
219000679,5,7,-2
219000684,45,1,44
219000685,1,84,-83
219000686,5,1,4
219000688,0,87,-87
219000689,89,207,-118
219000690,234,33,201
219000691,60,125,-65
219000692,164,31,133
219000693,0,24,-24
219000694,6,0,6
219000695,3,1,2
219000698,5,0,5
219000699,0,8,-8
219000727,3,188,-185
219000728,101,5,96
219000770,31,0,31
219000771,3,31,-28
219000788,304,188,116
219001150,0,15,-15
219001151,1,2,-1
219001166,17,7,10
219001167,2,62,-60
219001178,9,1,8
220000001,14,58,-44
220000002,5,240,-235
220000003,278,313,-35
220000004,669,677,-8
220000005,1822,1518,304
220000006,128,780,-652
220000007,219,871,-652
220000008,259,1217,-958
220000009,171,709,-538
220000010,175,122,53
220000011,571,1836,-1265
220000012,230,279,-49
220000014,29,66,-37
220000015,35,187,-152
220000017,30,443,-413
220000018,5685,1142,4543
220000019,55,272,-217
220000020,216,217,-1
220000021,395,207,188
220000022,284,510,-226
220000023,173,180,-7
220000024,1631,235,1396
220000025,1151,438,713
220000026,134,138,-4
220000027,8,92,-84
220000028,27,21,6
220000029,43,195,-152
220000030,143,62,81
220000031,192,294,-102
220000064,18,983,-965
221000046,3,0,3
221000047,0,2,-2
221000048,0,0,0
221000049,0,12,-12
221000050,8,0,8
221000055,43,38,5
221000057,60,8,52
221000068,295,90,205
221000069,229,38,191
221000070,115,19,96
221000071,49,13,36
221000072,97,13,84
221000073,96,68,28
221000074,1,28,-27
221000075,57,12,45
221000076,7,35,-28
221000077,32,65,-33
221000081,13,7,6
221000082,36,5,31
221000083,73,8,65
221000084,1,7,-6
221000085,13,74,-61
221000086,12,104,-92
221000087,7,194,-187
221000088,18,151,-133
221000089,25,188,-163
221000090,129,432,-303
221000098,65,10,55
221000099,94,14,80
221000100,48,9,39
221000101,198,8,190
221000102,102,13,89
221000109,3,77,-74
221000110,13,123,-110
221000111,18,138,-120
221000112,4,133,-129
221000113,10,189,-179
221000114,26,192,-166
221000120,11,19,-8
221000121,1,20,-19
221000122,9,24,-15
221000123,4,14,-10
221000124,11,276,-265
221000155,89,7,82
221000156,14,38,-24
221000175,1,6,-5
221000176,1,4,-3
221000182,25,4,21
221000241,623,171,452
221000242,237,342,-105
221000243,468,96,372
221000244,278,419,-141
221000245,49,127,-78
221000246,19,258,-239
221000247,52,125,-73
221000248,52,158,-106
221000267,53,749,-696
221000325,51,41,10
221000331,1,63,-62
221000338,5,19,-14
221000378,95,33,62
221000381,55,98,-43
222000282,3,0,3
222000296,0,10,-10
222000568,180,9,171
222000569,66,20,46
222000570,93,9,84
222000571,116,10,106
222000577,4,233,-229
222000578,9,241,-232
222000579,45,136,-91
222000580,133,851,-718
222000599,1,148,-147
222000600,1,282,-281
222000601,9,863,-854
222000603,21,12,9
222000604,38,41,-3
222000605,13,26,-13
222000606,0,14,-14
222000607,0,4,-4
222000608,7,10,-3
222000609,26,381,-355
222000616,85,44,41
222000617,6,11,-5
222000618,5,2,3
222000620,46,6,40
222000621,94,11,83
222000623,343,4,339
222000624,170,2,168
222000625,228,71,157
222000636,25,2,23
222000686,8,8,0
222000687,19,36,-17
222001066,208,0,208
222001067,7,2,5
222001068,19,42,-23
222001069,12,60,-48
222001082,10,53,-43
222001083,4,85,-81
222001084,0,53,-53
222001085,0,108,-108
222001111,16,252,-236
222001112,19,32,-13
222001313,24,3,21
222001314,0,112,-112
222001464,48,38,10
222001465,54,142,-88
222001484,40,50,-10
222001485,11,80,-69
222001494,120,83,37
222001495,103,411,-308
222001496,89,54,35
222001497,75,693,-618
222001502,26,109,-83
222001503,29,33,-4
222001504,22,279,-257
222001505,153,11,142
222001506,38,264,-226
222001507,207,17,190
222001510,161,29,132
222001511,33,400,-367
222001514,550,98,452
222001515,264,688,-424
222001518,82,45,37
222001519,37,434,-397
222001527,114,51,63
222001528,79,195,-116
222001529,96,28,68
222001530,35,234,-199
222001533,94,457,-363
222001534,97,46,51
222001535,65,131,-66
222001536,70,398,-328
222001537,338,22,316
222001538,34,454,-420
222001563,190,104,86
222001564,29,811,-782
222001568,231,107,124
222001576,0,0,0
222001579,0,5,-5
222001583,27,227,-200
222001584,24,23,1
222001596,436,1462,-1026
222001597,1078,213,865
222001626,0,207,-207
222001650,70,82,-12
222001651,127,104,23
222001914,243,76,167
222001915,104,230,-126
222001968,466,216,250
222001969,441,918,-477
222001970,100,191,-91
222001971,3,32,-29
222001972,1,34,-33
225000001,241,91,150
225000002,190,69,121
225000003,174,66,108
225000004,214,205,9
225000005,12,53,-41
225000006,0,109,-109
225000007,3405,1057,2348
225000010,150,4,146
225000011,411,509,-98
225000012,87,392,-305
225000013,67,193,-126
225000014,391,79,312
225000015,73,245,-172
225000021,675,138,537
225000027,226,560,-334
225000032,639,131,508
225000042,56,724,-668
225000049,19,50,-31
225000050,32,11,21
225000053,3,174,-171
225000058,479,149,330
225000067,149,235,-86
225000068,73,543,-470
225000069,154,564,-410
225000070,48,554,-506
225000071,16,325,-309
225000075,22,743,-721
225000076,92,137,-45
225000078,45,17,28
225000085,18,64,-46
225000086,57,25,32
225000087,150,18,132
225000088,5,136,-131
225000089,421,647,-226
225000090,26,400,-374
225000091,67,262,-195
225000092,7,76,-69
225000093,158,433,-275
225000094,10,532,-522
225000095,280,619,-339
225000096,138,389,-251
225000098,283,99,184
225000099,152,96,56
225000100,91,115,-24
225000104,50,359,-309
225000110,5,464,-459
225000111,173,1205,-1032
225000112,185,1007,-822
225000113,123,620,-497
225000114,36,274,-238
225000115,2964,553,2411
225000116,1063,64,999
225000117,880,242,638
225000118,561,190,371
225000119,71,50,21
225000120,557,26,531
225000121,263,17,246
225000123,677,16,661
225000125,223,327,-104
225000126,929,222,707
225000127,995,412,583
225000128,327,292,35
225000132,183,26,157
225000133,167,22,145
225000134,361,62,299
225000135,19,11,8
225000136,84,6,78
225000137,55,40,15
225000138,228,17,211
225000143,61,167,-106
225000144,1,339,-338
225000145,10,40,-30
225000146,39,137,-98
225000147,8,397,-389
225000148,7,263,-256
225000149,58,436,-378
225000151,44,245,-201
225000155,259,340,-81
225000156,134,621,-487
225000157,94,354,-260
225000158,42,344,-302
225000171,4,177,-173
225000180,10,1,9
225000181,0,46,-46
225000182,106,10,96
225000185,14,254,-240
225000187,64,419,-355
225000191,49,1,48
225000194,0,7,-7
225000208,0,44,-44
225000209,22,20,2
225000210,1,161,-160
225000217,1,10,-9
225000218,7,1,6
225000223,0,34,-34
225000224,55,0,55
225000225,3,11,-8
225000226,27,0,27
225000227,25,51,-26
225000228,7,0,7
225000229,0,58,-58
225000230,2,0,2
225000231,0,100,-100
225000232,40,0,40
225000241,51,0,51
225000242,3,28,-25
225000249,1,0,1
225000250,48,891,-843
225000251,267,20,247
225000254,2,1,1
225000256,1,7,-6
225000257,0,2,-2
226000042,364,352,12
226000043,96,318,-222
226000044,133,696,-563
226000045,49,413,-364
226000046,298,58,240
226000047,217,61,156
226000048,279,41,238
226000049,174,84,90
226000070,0,48,-48
226000071,0,66,-66
226000072,0,13,-13
226000073,0,11,-11
226000074,0,19,-19
226000084,0,58,-58
226000085,4,3,1
226000086,17,12,5
226000087,0,24,-24
226000088,63,6,57
226000090,120,22,98
226000091,17,4,13
226000092,0,1,-1
226000093,85,1,84
226000094,7,2,5
226000095,9,5,4
226000105,5,0,5
226000106,9,0,9
226000107,3,0,3
226000108,18,0,18
226000109,37,0,37
226000124,86,51,35
226000134,276,347,-71
226000135,575,531,44
226000136,158,253,-95
226000137,10,424,-414
226000138,11,266,-255
226000139,0,8,-8
226000156,42,2,40
226000157,70,8,62
226000163,38,46,-8
226000202,7,472,-465
226000231,125,6,119
226000232,16,3,13
227000033,308,30,278
227000036,155,11,144
227000037,118,14,104
227000038,135,16,119
227000084,0,53,-53
227000085,0,47,-47
227000088,49,3,46
227000089,82,0,82
227000090,22,0,22
227000091,2,0,2
227000092,12,0,12
227000093,20,0,20
227000094,5,0,5
227000130,30,64,-34
227000131,7,285,-278
227000132,24,297,-273
227000133,4,310,-306
227000134,15,514,-499
227000152,0,1,-1
227000153,1,42,-41
227000154,0,31,-31
227000155,0,31,-31
227000156,0,24,-24
227000165,4,23,-19
227000196,150,436,-286
227000199,66,599,-533
227000230,18,602,-584
227000232,133,13,120
227000242,59,476,-417
227000243,513,51,462
227000245,8,390,-382
227000246,94,537,-443
227000247,214,69,145
227000248,94,38,56
227000249,24,224,-200
227000250,316,121,195
227000251,167,247,-80
227000252,5,464,-459
227000253,69,43,26
227000262,363,22,341
227000266,377,15,362
227000267,34,2333,-2299
227000282,5,257,-252
227000284,155,22,133
227000286,1,121,-120
227000287,11,214,-203
227000291,13,668,-655
227000296,346,272,74
227000484,237,28,209
227000485,21,606,-585
227000655,46,25,21
227000656,557,26,531
227000657,22,24,-2
227000661,135,9,126
227000680,76,31,45
229000265,10,26,-16
229000296,1,30,-29
229000297,2,51,-49
229000298,3,142,-139
229000320,5,4,1
229000321,8,1,7
229000412,22,55,-33
229000414,9,39,-30
229000415,11,6,5
229000416,0,1,-1
229000417,9,8,1
229000419,76,238,-162
229000440,144,65,79
229000442,11,2,9
229000443,0,2,-2
229000444,1,32,-31
229000445,13,6,7
229000446,45,9,36
229000491,0,27,-27
229000492,13,132,-119
229000493,5,111,-106
229000494,18,1,17
229000495,68,8,60
229000496,20,4,16
229000507,0,13,-13
229000508,1,14,-13
229000509,0,33,-33
229000510,1,41,-40
229000511,4,67,-63
229000512,0,36,-36
229000513,1,6,-5
229000514,4,6,-2
229000517,1,1,0
229000518,4,20,-16
229000519,1,19,-18
229000520,1,37,-36
229000521,12,9,3
229000522,2,10,-8
229000523,3,11,-8
229000524,1,5,-4
229000527,4,0,4
229000528,0,1,-1
229000529,2,1,1
229000530,66,4,62
229000531,24,3,21
229000532,11,3,8
229000533,97,0,97
229000534,47,1,46
229000564,28,0,28
229000565,1,0,1
229000566,0,25,-25
229000567,1,81,-80
229000582,117,0,117
229000583,4,0,4
229000584,0,34,-34
229000585,3,50,-47
229000718,0,2,-2
229000719,0,5,-5
229000720,0,14,-14
229000721,0,8,-8
229000722,0,27,-27
229000723,0,27,-27
229000724,0,4,-4
229000725,0,3,-3
229000738,2,0,2
229000739,0,0,0
229000740,0,0,0
229000741,2,0,2
229000742,0,1,-1
229000743,7,0,7
229000744,3,0,3
229000745,4,0,4
229000746,27,0,27
229000847,5,0,5
229000848,5,0,5
229000849,30,0,30
229000851,4,0,4
229000854,0,91,-91
229000856,5,163,-158
229000857,1,62,-61
229000858,0,122,-122
229000919,6,67,-61
229000930,5,163,-158
229000937,50,26,24
229000966,36,20,16
229000981,19,51,-32
229000985,4,36,-32
229000986,0,6,-6
229000987,0,0,0
229000988,1,85,-84
229000989,2,10,-8
229000990,0,2,-2
229000991,0,0,0
229000992,9,1,8
229000993,116,12,104
229000998,14,48,-34
229000999,40,13,27
229001034,0,7,-7
229001035,2,0,2
229001037,17,16,1
229001042,15,8,7
229001047,1,57,-56
229001050,19,29,-10
229001168,0,5,-5
229001200,4,3,1
229001338,17,19,-2
229001394,203,1,202
229001422,77,37,40
229001423,46,131,-85
229001431,24,39,-15
229001432,32,57,-25
229001444,67,32,35
229001445,24,162,-138
229001479,2,6,-4
229001503,55,62,-7
229001504,74,195,-121
229001505,76,39,37
229001506,43,161,-118
229001509,29,30,-1
229001545,45,6,39
229001546,2,72,-70
229001553,39,12,27
229001554,16,90,-74
229001559,0,14,-14
229001560,6,14,-8
229001630,34,8,26
229001631,6,23,-17
229001635,1,2,-1
229001636,0,0,0
229001658,3,93,-90
229001659,73,3,70
229001660,0,0,0
229001661,0,28,-28
229001662,43,0,43
229001663,0,26,-26
229002584,174,85,89
229002831,229,135,94
229002841,1,31,-30
229002842,12,13,-1
229002843,7,20,-13
229002844,17,67,-50
229002845,4,74,-70
229002846,11,7,4
229002847,16,4,12
229002848,0,9,-9
229002849,1,48,-47
229002850,1,0,1
229002851,17,103,-86
229002852,55,18,37
229002853,21,16,5
229002854,17,48,-31
229002855,1,35,-34
229002856,11,2,9
229002857,1,37,-36
229002858,5,9,-4
229002859,13,22,-9
229002860,27,61,-34
229002861,10,3,7
229002862,5,39,-34
229002863,6,26,-20
229002864,1,17,-16
229002865,6,7,-1
229002866,3,14,-11
229002867,0,21,-21
229002868,3,12,-9
229002869,5,107,-102
229002870,8,5,3
235000066,293,28,265
235000067,110,97,13
235000072,21,47,-26
235000073,59,231,-172
235000074,7,106,-99
235000080,17,82,-65
235000081,48,168,-120
235000082,55,36,19
235000083,53,76,-23
235000084,33,62,-29
235000085,52,91,-39
235000089,28,44,-16
235000092,4,148,-144
235000093,5,0,5
235000097,2,9,-7
235000098,24,9,15
235000099,12,20,-8
235000116,34,14,20
235000117,687,7,680
235000133,7,230,-223
235000134,9,71,-62
235000206,16,2,14
235000207,2,3,-1
235000208,0,0,0
235000209,4,0,4
235000210,3,3,0
235000212,3,18,-15
235000213,2,7,-5
235000220,0,0,0
235000221,16,9,7
235000238,8,17,-9
235000239,0,6,-6
235000242,177,186,-9
235000245,751,178,573
235000246,5,55,-50
235000284,1,78,-77
235000295,102,4,98
235000305,38,9,29
235000306,31,2,29
235000307,6,0,6
235000308,17,0,17
235000309,15,1,14
235000310,41,0,41
235000311,15,5,10
235000322,1,23,-22
235000323,4,62,-58
235000324,0,16,-16
235000325,0,7,-7
235000326,7,301,-294
235000351,1,33,-32
235000352,16,45,-29
235000353,0,37,-37
235000354,2,47,-45
235000355,6,121,-115
235000356,20,22,-2
235000357,4,14,-10
235000358,32,3,29
235000359,6,2,4
235000360,35,5,30
235000361,32,4,28
235000381,29,271,-242
235000382,90,46,44
235000390,25,4,21
235000391,60,12,48
235000392,39,119,-80
235000393,66,66,0
235000395,41,23,18
235000396,169,22,147
235000400,61,20,41
235000401,24,157,-133
235000405,79,328,-249
235000406,33,267,-234
235000407,49,120,-71
235000409,141,137,4
235000410,34,192,-158
235000411,1,65,-64
235000485,0,6,-6
235000486,2,0,2
235000549,35,82,-47
235000550,29,216,-187
235000599,48,101,-53
235000600,1,4,-3
235000601,25,53,-28
235000602,39,166,-127
235000614,0,1,-1
235000648,0,23,-23
235000649,16,1,15
235000685,0,2,-2
235000815,1,22,-21
235000834,0,7,-7
235000855,10,38,-28
235000862,4,165,-161
235000891,0,4,-4
235000892,31,5,26
235000901,33,107,-74
235000907,5,5,0
235001010,19,61,-42
235001029,459,359,100
235001030,325,162,163
235001078,50,88,-38
235001079,91,111,-20
235001147,88,27,61
235001166,4,68,-64
235001167,4,83,-79
235001169,29,314,-285
235001188,0,5,-5
235001189,0,1,-1
235001197,63,7,56
235001200,36,20,16
235001207,123,12,111
235001210,117,104,13
235001215,29,113,-84
235001239,0,22,-22
235001244,1,4,-3
235016267,0,21,-21
277101746,0,1,-1
277102712,0,0,0
277103813,0,0,0
277103814,0,1,-1
277103898,0,2,-2
277104249,0,3,-3
277104250,0,10,-10
277104251,0,13,-13
277104252,0,2,-2
990011530,0,262,-262
990014944,2,547,-545
990015176,22,2,20
990015618,1,101,-100
990016032,0,313,-313
990032570,0,34,-34
990070001,41,4,37
990070103,0,1,-1
990070601,1,53,-52
990070751,190,63,127
990070766,2,893,-891
990071180,283,162,121
990071343,42,2,40
990071387,2,3,-1
990071823,217,6,211
990072600,3,613,-610
990072964,1,589,-588
990073285,0,2,-2
990074393,2,1257,-1255
990074870,403,51,352
990075106,272,6,266
990075746,113,4,109
990076437,268,3,265
990076458,5,1325,-1320
997000007,111,1,110
997000041,0,114,-114
997000058,28,1,27
997000062,13,0,13
997000069,0,4,-4
997000070,1,53,-52
997000100,9,0,9
997000141,0,964,-964
997000198,707,418,289
998000475,0,14,-14
998000736,0,333,-333
998000965,0,3,-3
998001031,0,52,-52
998001700,0,23,-23
998001899,0,3,-3
998001900,40,18,22
998003073,310,0,310
998101900,0,0,0
998102850,4,113,-109
998501927,348,299,49
998501929,120,25,95
998501930,42,0,42
998501931,61,7,54
998501932,17,15,2
998501933,23,0,23
998501937,7,3,4
998501944,1,1,0
998501950,0,43,-43
998501970,7,5,2
998501971,1,70,-69
998501973,0,81,-81
998501974,1,331,-330
998501975,84,0,84
998501976,41,0,41
998501977,0,31,-31
998501978,22,0,22
998501979,0,8,-8
998501980,215,3,212
998501981,24,8,16
998501982,1,95,-94
998501983,0,13,-13
998502006,0,0,0
998502024,0,0,0
998502032,0,1,-1
998502062,4,2,2
998502063,0,0,0
998502173,30,0,30
998502269,0,2,-2
998502546,1,136,-135
998502578,0,0,0
998601159,3,317,-314
998601292,0,17,-17
999033574,2,719,-717
999800001,24,3,21
999800002,0,2,-2
999800003,2,4,-2
999800004,0,5,-5
999800005,0,9,-9
