ID,insum,outsum,diff
100000001,463,562,-99
100000002,2629,1841,788
100000003,2971,3241,-270
100000004,455,694,-239
100000005,1496,3232,-1736
100000006,415,153,262
100000007,1419,528,891
100000008,121,323,-202
100000009,239,186,53
100000010,38,57,-19
100000011,567,117,450
100000012,86,646,-560
100000013,11,150,-139
100000014,167,227,-60
100000015,1075,1490,-415
100000016,464,886,-422
100000017,333,517,-184
100000018,790,412,378
100000019,2079,1557,522
100000020,931,3530,-2599
100000021,2757,1558,1199
100000022,615,1784,-1169
100000023,2902,1091,1811
100000025,471,934,-463
100000028,664,760,-96
100000029,79,302,-223
100000030,75,23,52
100000031,1922,4067,-2145
100000032,1098,2515,-1417
100000033,784,1859,-1075
100000034,148,597,-449
100000035,768,960,-192
100000036,785,1053,-268
100000037,525,334,191
100000038,1591,672,919
100000039,235,204,31
100000040,155,125,30
100000041,969,413,556
100000042,679,351,328
100000043,580,456,124
100000044,245,517,-272
100000045,334,624,-290
100000046,397,468,-71
100000047,146,333,-187
100000048,181,333,-152
100000049,965,884,81
100000051,375,556,-181
100000053,99,12,87
100000054,282,28,254
100000055,567,261,306
100000056,465,464,1
100000057,1374,448,926
100000058,546,685,-139
100000059,14,144,-130
100000060,309,216,93
100000061,1722,346,1376
100000062,1220,375,845
100000063,720,246,474
100000064,895,275,620
100000065,235,520,-285
100000066,125,442,-317
100000067,232,408,-176
100000068,302,774,-472
100000069,197,773,-576
100000072,210,416,-206
100000073,709,694,15
100000075,575,212,363
100000076,1030,2448,-1418
100000077,116,277,-161
100000078,16,38,-22
100000079,19,45,-26
100000080,18,65,-47
100000081,89,196,-107
100000102,2177,2737,-560
100000103,1283,1144,139
100000104,1833,1943,-110
100000105,1181,1467,-286
100000106,1249,2074,-825
100000107,183,942,-759
100000108,312,566,-254
100000109,1137,940,197
100000116,679,717,-38
100000117,48,153,-105
100000118,822,1191,-369
100000119,488,717,-229
100000121,386,360,26
100000122,1025,825,200
100000123,1274,2100,-826
100000124,2726,3263,-537
100000125,2384,1145,1239
100000126,400,339,61
100000127,876,306,570
100000128,1197,1391,-194
100000129,249,430,-181
100000130,348,235,113
100000131,1096,1371,-275
100000132,558,1533,-975
100000133,1846,1341,505
100000135,499,1083,-584
100000139,291,480,-189
100000140,222,288,-66
100000142,457,416,41
100000143,914,340,574
100000144,2158,628,1530
100000147,949,2591,-1642
100000150,68,423,-355
100000151,657,1445,-788
100000153,158,454,-296
100000154,58,197,-139
100000155,14,55,-41
100000156,339,390,-51
100000157,291,162,129
100000158,240,155,85
100000159,242,454,-212
100000165,724,652,72
100000169,92,779,-687
100000174,282,604,-322
100000179,88,384,-296
100000180,655,1777,-1122
100000181,267,189,78
100000188,47,120,-73
100000189,596,341,255
100000190,524,1201,-677
100000191,594,592,2
100000192,22,81,-59
100000193,231,225,6
100000330,584,689,-105
100000355,120,533,-413
100000362,2375,1496,879
100000363,3599,3573,26
100000364,120,220,-100
100000365,4455,7191,-2736
100000366,2917,2020,897
100000367,3791,5385,-1594
100000368,2302,888,1414
100000369,468,1526,-1058
100000370,102,783,-681
100000376,64,163,-99
100000379,1260,1087,173
100000380,3332,3493,-161
100000384,3712,4469,-757
100000385,1805,2410,-605
100000386,3994,4258,-264
100000387,2678,4295,-1617
100000388,2765,4455,-1690
100000389,3115,4678,-1563
100000390,3789,4961,-1172
100000391,2818,5578,-2760
100000392,2047,3856,-1809
100000393,1662,4170,-2508
100000394,4746,7548,-2802
100000395,3130,4681,-1551
100000396,5119,3540,1579
100000397,3073,7065,-3992
100000398,7377,5587,1790
100000413,13,5,8
100900002,6,23,-17
100900003,272,179,93
100900004,15,608,-593
100900005,58,24,34
100900006,15,62,-47
100900007,142,2,140
100900008,1,267,-266
100900009,33,173,-140
100900010,44,27,17
100900011,133,169,-36
100900012,0,144,-144
100900013,609,4,605
100900014,2,4,-2
100900015,57,47,10
100900016,1,32,-31
100900017,518,35,483
100900018,0,11,-11
100900019,14,41,-27
100900020,233,6,227
100900021,280,3,277
100900022,4,27,-23
100900023,0,17,-17
100900024,253,3,250
100900025,13,5,8
100900026,93,74,19
100900027,298,1496,-1198
100900028,102,156,-54
100900029,38,7,31
100900030,6,90,-84
100900031,530,29,501
100900032,232,1,231
100900033,136,152,-16
100900034,601,1,600
100900035,167,0,167
100900036,16,1,15
100900037,136,93,43
100900038,115,36,79
100900039,141,308,-167
100900040,518,358,160
100900041,505,416,89
100900042,1305,913,392
100900043,0,6,-6
100900044,1024,435,589
100900045,47,2,45
100900046,671,9,662
100900047,437,114,323
100900048,91,45,46
100900049,50,82,-32
100900050,3,9,-6
100900051,20,41,-21
100900052,211,23,188
100900053,409,9,400
100900054,18,50,-32
100900055,126,480,-354
100900056,43,57,-14
100900057,808,1006,-198
100900058,120,26,94
100900059,69,4,65
100900060,199,6,193
100900061,275,131,144
100900062,10,17,-7
100900063,163,533,-370
100900064,425,19,406
100900065,61,128,-67
100900066,113,164,-51
100900067,4,10,-6
100900068,61,116,-55
100900069,401,7,394
100900070,288,5,283
100900071,498,160,338
100900072,3,43,-40
100900073,92,208,-116
100900074,5,0,5
100900075,926,199,727
100900076,5,27,-22
100900077,18,45,-27
100900078,58,183,-125
100900079,3,11,-8
100900080,40,108,-68
100900081,19,94,-75
100900082,151,329,-178
100900083,18,10,8
100900085,25,201,-176
100900086,67,383,-316
100900088,112,245,-133
100900089,4,8,-4
100900090,51,306,-255
100900091,3,18,-15
100900092,93,138,-45
100900093,232,132,100
100900094,115,225,-110
100900095,1,18,-17
100900096,62,72,-10
100900097,22,0,22
100900098,13,41,-28
100900099,30,351,-321
100900100,12,408,-396
100900101,204,47,157
100900102,2,34,-32
100900103,2,10,-8
100900104,7,130,-123
100900105,13,485,-472
100900106,26,13,13
100900107,1082,559,523
100900108,4,7,-3
100900109,21,47,-26
100900110,1,12,-11
100900111,37,186,-149
100900112,9,10,-1
100900113,21,20,1
100900114,15,5,10
100900115,3,6,-3
100900116,586,386,200
100900117,236,741,-505
100900118,10,31,-21
100900119,11,15,-4
100900120,11,9,2
100900121,212,263,-51
100900122,116,95,21
100900123,64,116,-52
100900124,4,26,-22
100900125,13,61,-48
100900126,154,67,87
100900127,5,12,-7
100900128,83,103,-20
100900129,0,166,-166
100900131,43,119,-76
100900133,45,29,16
100900134,1,5,-4
100900135,1,123,-122
100900137,228,144,84
100900138,243,312,-69
100900139,4,8,-4
100900140,2,259,-257
100900141,2,402,-400
100900142,0,5,-5
100900143,330,289,41
100900144,9,8,1
100900145,33,134,-101
100900146,5,36,-31
100900147,3,308,-305
100900148,25,360,-335
100900149,60,172,-112
100900150,1,19,-18
100900151,116,246,-130
100900152,107,5,102
100900153,1,99,-98
100900154,4,51,-47
100900155,14,10,4
100900156,17,4,13
100900157,2,164,-162
100900159,2,22,-20
100900160,20,3,17
100900161,24,3,21
100900162,10,191,-181
100900163,111,123,-12
100900164,48,22,26
100900165,20,15,5
100900166,11,1,10
100900167,13,21,-8
100900168,23,103,-80
100900169,105,649,-544
100900170,6,6,0
100900171,13,314,-301
100900172,0,20,-20
100900173,6,138,-132
100900174,114,16,98
100900176,1274,123,1151
100900177,446,174,272
100900178,125,92,33
100900179,137,220,-83
100900180,1,4,-3
100900181,38,35,3
100900182,41,39,2
100900184,7,106,-99
100900186,357,271,86
100900187,16,47,-31
100900188,26,13,13
100900189,1282,179,1103
100900191,647,961,-314
100900192,210,364,-154
100900195,130,91,39
100900197,4,25,-21
100900198,20,137,-117
100900199,2,8,-6
100900200,532,271,261
100900201,32,325,-293
100900202,38,3,35
100900203,1,176,-175
100900204,131,964,-833
100900205,123,491,-368
100900206,166,72,94
100900207,216,121,95
100900210,41,272,-231
100900211,360,121,239
100900213,137,34,103
100900214,334,99,235
100900215,13,30,-17
100900217,56,83,-27
101000001,1635,1482,153
101000002,3828,4345,-517
101000003,288,642,-354
101000004,4127,4117,10
101000005,1326,2238,-912
101000006,3626,4365,-739
101000007,1859,2585,-726
101000008,1714,1496,218
101000009,1441,683,758
101000010,619,610,9
101000011,795,340,455
101000012,616,532,84
101000013,520,661,-141
101000014,286,383,-97
101000015,1184,616,568
101000016,258,290,-32
101000017,358,301,57
101000018,1490,1442,48
101000020,1602,807,795
101000021,559,258,301
101000022,45,47,-2
101000023,867,450,417
101000025,239,302,-63
101000026,203,16,187
101000027,1576,2370,-794
101000028,702,239,463
101000029,140,1283,-1143
101000030,985,120,865
101000031,347,796,-449
101000032,3369,3655,-286
101000033,1498,2442,-944
101000034,1134,1297,-163
101000035,461,290,171
101000036,1266,911,355
101000037,1493,1502,-9
101000039,1381,2177,-796
101000040,1850,3222,-1372
101000041,3472,6187,-2715
101000042,201,839,-638
101000043,3260,5797,-2537
101000045,705,963,-258
101000046,1566,1714,-148
101000047,1231,3435,-2204
101000048,430,298,132
101000049,431,1497,-1066
101000050,855,1482,-627
101000051,833,2129,-1296
101000052,977,858,119
101000053,696,1035,-339
101000054,1354,729,625
101000055,814,1076,-262
101000056,33,102,-69
101000057,1055,958,97
101000058,627,847,-220
101000059,1445,1550,-105
101000060,1415,566,849
101000061,425,1162,-737
101000062,451,723,-272
101000063,389,921,-532
101000064,867,1051,-184
101000065,293,575,-282
101000066,835,1142,-307
101000067,1047,1090,-43
101000068,191,485,-294
101000069,233,76,157
101000070,668,859,-191
101000071,1407,824,583
101000072,419,2079,-1660
101000073,676,937,-261
101000074,3010,2965,45
101000075,2442,3954,-1512
101000077,1062,1001,61
101000078,564,1258,-694
101000079,1463,546,917
101000080,1125,718,407
101000081,1274,1297,-23
101000082,2085,2271,-186
101000083,2129,2090,39
101000084,899,635,264
101000085,1105,974,131
101000086,900,831,69
101000087,693,711,-18
101000088,992,1027,-35
101000089,773,1326,-553
101000090,1361,811,550
101000091,346,416,-70
101000092,897,637,260
101000093,1052,544,508
101000094,760,713,47
101000095,416,351,65
101000096,378,351,27
101000097,301,370,-69
101000098,323,381,-58
101000099,474,733,-259
101000100,557,718,-161
101000101,174,269,-95
101000102,493,454,39
101000103,613,404,209
101000104,230,606,-376
101000105,232,444,-212
101000106,438,888,-450
101000107,257,275,-18
101000108,443,186,257
101000109,380,57,323
101000110,23,211,-188
101000111,101,160,-59
101000113,186,456,-270
101000114,4509,7245,-2736
101000115,159,52,107
101000116,53,68,-15
101000117,1188,171,1017
101000119,62,53,9
101000120,106,53,53
101000121,61,66,-5
101000122,92,103,-11
101000123,32,98,-66
101000124,1152,348,804
101000125,154,342,-188
101000128,169,372,-203
101000130,134,218,-84
101000131,800,363,437
101000132,614,474,140
101000135,37,44,-7
101000136,334,194,140
101000137,13,295,-282
101000141,645,2686,-2041
101000147,729,327,402
101000148,500,9,491
101000149,237,365,-128
101000150,75,407,-332
101000151,209,28,181
101000152,194,226,-32
101000153,300,210,90
101000154,220,528,-308
101000155,283,114,169
101000156,20,248,-228
101000157,37,24,13
101000160,45,28,17
101000163,142,403,-261
101000164,308,199,109
101000165,237,260,-23
101000166,250,224,26
101000168,653,391,262
101000252,1618,782,836
101000254,92,107,-15
101000258,53,9,44
101000261,191,58,133
101000262,1159,1986,-827
101000263,206,838,-632
101000265,74,564,-490
101000266,197,189,8
101000269,17,8,9
101000290,554,1630,-1076
101000293,43,43,0
101000294,434,290,144
101000295,147,260,-113
101000301,278,425,-147
101000304,1621,1845,-224
101000305,2170,852,1318
101000328,100,291,-191
101900001,53,86,-33
101900002,0,10,-10
101900003,44,78,-34
101900004,0,53,-53
101900005,1960,2045,-85
101900006,916,48,868
101900007,522,142,380
101900008,43,157,-114
101900009,28,267,-239
101900010,547,519,28
101900011,120,552,-432
101900012,155,72,83
101900013,429,157,272
101900017,6,144,-138
101900018,754,205,549
101900019,274,113,161
101900020,51,31,20
101900021,1,31,-30
101900022,90,758,-668
101900023,88,120,-32
101900026,106,24,82
101900027,42,72,-30
102000001,2034,3123,-1089
102000002,1609,660,949
102000003,1873,4761,-2888
102000004,2682,1640,1042
102000005,957,1967,-1010
102000006,627,1274,-647
102000007,1077,3165,-2088
102000008,2272,1063,1209
102000009,4457,5970,-1513
102000010,2826,2178,648
102000011,2889,2337,552
102000012,2300,1979,321
102000018,1840,1956,-116
102000019,1579,1099,480
102000026,132,369,-237
102000029,169,183,-14
102000030,90,240,-150
102000031,60,135,-75
102000032,390,205,185
102000033,216,232,-16
102000034,356,237,119
102000035,753,412,341
102000036,24,185,-161
102000037,93,33,60
102000038,172,321,-149
102000039,150,62,88
102000040,291,201,90
102000041,134,389,-255
102000042,124,261,-137
102000043,108,127,-19
102000044,307,341,-34
102000045,440,578,-138
102000046,755,453,302
102000047,469,619,-150
102000048,266,486,-220
102000049,801,581,220
102000050,662,813,-151
102000051,290,552,-262
102000052,794,502,292
102000053,534,631,-97
102000054,545,780,-235
102000055,905,340,565
102000056,730,435,295
102000057,982,372,610
102000058,784,684,100
102000059,998,856,142
102000060,706,626,80
102000061,1157,1054,103
102000062,1293,684,609
102000063,794,910,-116
102000064,440,489,-49
102000065,53,160,-107
102000066,656,493,163
102000067,1389,2004,-615
102000068,6043,1787,4256
102000069,54,1849,-1795
102000070,1042,36,1006
102000071,5097,6089,-992
102000072,1997,2433,-436
102000073,554,419,135
102000074,340,441,-101
102000075,68,124,-56
102000076,209,214,-5
102000077,410,437,-27
102000078,736,403,333
102000079,127,168,-41
102000080,190,138,52
102000081,204,632,-428
102000082,458,319,139
102000083,508,156,352
102000084,297,169,128
102000085,1294,610,684
102000086,860,621,239
102000087,510,935,-425
102000088,274,198,76
102000089,990,257,733
102000090,294,703,-409
102000091,1005,375,630
102000092,207,333,-126
102000093,468,598,-130
102000094,639,464,175
102000095,727,855,-128
102000096,353,637,-284
102000097,449,459,-10
102000098,363,469,-106
102000099,558,757,-199
102000100,340,1000,-660
102000101,446,584,-138
102000102,255,818,-563
102000103,972,267,705
102000104,406,237,169
102000105,234,345,-111
102000106,615,296,319
102000107,1217,316,901
102000108,498,105,393
102000109,489,311,178
102000110,954,593,361
102000111,8,176,-168
102000112,89,93,-4
102000113,19,12,7
102000114,527,290,237
102000115,143,238,-95
102000116,237,344,-107
102000117,131,409,-278
102000118,661,1006,-345
102000119,990,711,279
102000120,156,387,-231
102000121,686,330,356
102000122,482,649,-167
102000123,737,688,49
102000124,736,800,-64
102000125,490,600,-110
102000126,465,534,-69
102000127,792,429,363
102000128,526,535,-9
102000129,1088,465,623
102000130,549,510,39
102000131,810,374,436
102000132,279,403,-124
102000133,1761,1117,644
102000134,716,562,154
102000135,514,541,-27
102000136,651,394,257
102000137,459,651,-192
102000138,156,244,-88
102000139,63,346,-283
102000140,140,586,-446
102000141,167,222,-55
102000142,181,188,-7
102000143,145,182,-37
102000144,314,185,129
102000145,361,266,95
102000146,306,201,105
102000147,345,287,58
102000148,134,314,-180
102000149,151,179,-28
102000150,310,89,221
102000151,98,133,-35
102000152,177,115,62
102000153,933,538,395
102000154,215,473,-258
102000155,49,260,-211
102000156,220,145,75
102000157,81,413,-332
102000158,331,376,-45
102000159,613,502,111
102000161,1464,1421,43
102000162,103,103,0
102000163,67,411,-344
102000164,471,754,-283
102000165,194,96,98
102000166,57,112,-55
102000167,147,146,1
102000168,257,143,114
102000169,70,339,-269
102000170,279,111,168
102000171,112,63,49
102000172,54,220,-166
102000173,306,206,100
102000174,52,57,-5
102000175,62,64,-2
102000176,57,11,46
102000178,184,248,-64
102000179,288,182,106
102000180,765,269,496
102000181,608,389,219
102000182,443,344,99
102000183,1366,981,385
102000184,1622,413,1209
102000185,2551,841,1710
102000186,1117,1002,115
102000187,739,864,-125
102000188,893,922,-29
102000189,1235,426,809
102000190,393,1703,-1310
102000191,991,244,747
102000192,969,1080,-111
102000193,41,88,-47
102000194,44,69,-25
102000195,281,273,8
102000196,163,188,-25
102000197,608,149,459
102000198,179,380,-201
102000199,950,148,802
102000200,225,560,-335
102000201,860,252,608
102000202,9,78,-69
102000203,270,104,166
102000204,350,315,35
102000205,730,224,506
102000206,380,250,130
102000207,385,341,44
102000208,222,222,0
102000209,20,47,-27
102000210,301,193,108
102000211,470,124,346
102000212,274,4,270
102000213,2,157,-155
102000214,330,8,322
102000215,4,176,-172
102000216,50,53,-3
102000217,7,53,-46
102000218,251,185,66
102000219,230,148,82
102000225,415,411,4
102000226,655,833,-178
102000227,122,3,119
102000228,0,50,-50
102000229,35,54,-19
102000230,230,231,-1
102000231,186,249,-63
102000232,32,127,-95
102000233,323,376,-53
102000234,92,849,-757
102000236,123,52,71
102000237,304,119,185
102000238,118,178,-60
102000240,382,527,-145
102000241,108,81,27
102000243,25,38,-13
102000245,7,88,-81
102000246,13,35,-22
102000247,378,491,-113
102000248,376,699,-323
102000249,85,79,6
102000250,47,240,-193
102000254,101,168,-67
102000266,9,320,-311
102000271,21,3,18
102000286,237,273,-36
102000297,1235,618,617
102000301,0,0,0
102000303,0,0,0
102000305,0,0,0
102000307,1,6,-5
102900001,712,411,301
102900002,346,34,312
102900003,51,140,-89
102900005,274,111,163
102900006,388,75,313
102900007,341,24,317
102900008,149,20,129
102900009,431,209,222
102900010,278,682,-404
102900011,1077,218,859
102900012,318,76,242
102900013,35,45,-10
102900015,359,401,-42
102900016,44,72,-28
102900017,148,355,-207
102900018,35,81,-46
102900019,216,224,-8
102900020,123,24,99
102900021,12,66,-54
102900022,511,167,344
102900023,16,40,-24
102900024,34,38,-4
102900025,184,64,120
102900026,216,1321,-1105
102900027,59,43,16
102900028,109,523,-414
102900029,123,154,-31
102900030,268,253,15
102900031,204,66,138
102900032,76,63,13
102900033,62,104,-42
102900034,406,46,360
102900035,126,186,-60
102900036,249,229,20
102900037,236,212,24
102900038,360,272,88
102900039,6,345,-339
102900040,86,154,-68
102900041,82,114,-32
102900042,129,181,-52
102900043,132,155,-23
102900044,321,1166,-845
102900045,98,329,-231
102900046,131,184,-53
102900047,118,332,-214
102900048,430,321,109
102900049,88,235,-147
102900050,134,215,-81
102900051,126,121,5
102900053,294,363,-69
102900054,291,602,-311
102900055,54,164,-110
102900056,101,260,-159
102900057,3,44,-41
102900058,248,65,183
102900059,26,64,-38
102900060,82,339,-257
102900061,144,249,-105
102900062,223,493,-270
102900063,977,271,706
102900064,48,274,-226
102900065,759,280,479
102900066,209,13,196
102900068,72,80,-8
102900070,207,309,-102
102900072,7,38,-31
102900073,81,10,71
102900075,15,70,-55
102900076,54,91,-37
102900077,33,36,-3
102900078,21,57,-36
102900079,133,13,120
102900080,307,31,276
102900081,66,201,-135
102900082,5,158,-153
102900083,144,8,136
102900084,0,21,-21
102900085,290,121,169
102900086,21,42,-21
102900087,104,86,18
102900088,39,16,23
102900089,164,105,59
102900090,1,191,-190
102900091,149,3,146
102900092,315,454,-139
102900094,1,100,-99
102900095,119,1,118
102900096,39,10,29
102900097,36,106,-70
103000001,1562,1636,-74
103000002,1384,1708,-324
103000003,2064,1881,183
103000004,714,607,107
103000005,1456,2300,-844
103000006,604,1140,-536
103000007,269,433,-164
103000008,752,464,288
103000009,1037,783,254
103000010,170,99,71
103000011,1203,849,354
103000012,1157,1056,101
103000013,1780,1019,761
103000014,1039,1934,-895
103000015,1044,458,586
103000016,510,1097,-587
103000017,179,299,-120
103000018,403,199,204
103000019,271,174,97
103000020,1585,1074,511
103000021,1628,1964,-336
103000022,818,931,-113
103000023,559,1409,-850
103000024,55,121,-66
103000025,89,419,-330
103000026,525,89,436
103000027,243,452,-209
103000028,192,190,2
103000029,102,177,-75
103000030,994,741,253
103000031,783,1299,-516
103000032,1727,963,764
103000033,2142,2042,100
103000034,940,707,233
103000035,270,909,-639
103000036,282,340,-58
103000037,375,353,22
103000038,340,584,-244
103000039,418,213,205
103000040,353,492,-139
103000041,1308,981,327
103000042,981,318,663
103000043,510,550,-40
103000044,208,105,103
103000046,304,272,32
103000047,470,349,121
103000048,142,121,21
103000049,78,90,-12
103000050,495,210,285
103000051,463,301,162
103000052,523,202,321
103000053,140,312,-172
103000054,2229,1069,1160
103000055,1760,1584,176
103000056,611,777,-166
103000057,607,174,433
103000058,401,580,-179
103000059,423,516,-93
103000060,524,314,210
103000061,317,594,-277
103000062,744,332,412
103000063,609,679,-70
103000064,125,112,13
103000065,1,315,-314
103000066,247,17,230
103000069,332,176,156
103000070,747,436,311
103000071,973,358,615
103000072,89,372,-283
103000073,439,93,346
103000074,424,72,352
103000075,93,341,-248
103000076,248,277,-29
103000077,23,225,-202
103000078,538,464,74
103000079,366,459,-93
103000080,431,273,158
103000081,232,774,-542
103000082,332,182,150
103000083,81,239,-158
103000084,89,5,84
103000085,2,79,-77
103000086,261,264,-3
103000087,57,432,-375
103000088,180,266,-86
103000089,229,367,-138
103000090,1729,743,986
103000091,455,366,89
103000092,191,166,25
103000093,283,302,-19
103000094,129,69,60
103000095,40,236,-196
103000096,417,38,379
103000097,64,574,-510
103000098,437,148,289
103000099,170,668,-498
103000100,103,390,-287
103000101,646,83,563
103000102,72,311,-239
103000103,493,104,389
103000104,37,79,-42
103000105,126,78,48
103000106,19,93,-74
103000107,108,59,49
103000108,765,594,171
103000109,270,362,-92
103000110,354,418,-64
103000111,263,346,-83
103000112,253,177,76
103000113,375,502,-127
103000114,935,357,578
103000115,489,358,131
103000116,568,259,309
103000117,427,341,86
103000118,320,371,-51
103000119,618,292,326
103000120,36,75,-39
103000121,242,385,-143
103000122,293,430,-137
103000125,24,120,-96
103000126,545,0,545
103000127,1,104,-103
103000128,133,1,132
103000129,1,87,-86
103000130,58,22,36
103000131,70,92,-22
103000132,70,105,-35
103000133,27,56,-29
103000134,200,531,-331
103000135,408,184,224
103000136,460,365,95
103000137,353,426,-73
103000138,338,459,-121
103000139,2,57,-55
103000140,157,22,135
103000141,28,79,-51
103000142,57,62,-5
103000143,24,166,-142
103000144,86,38,48
103000145,18,75,-57
103000150,90,27,63
103000152,146,208,-62
103000153,201,123,78
103000156,6,159,-153
103000157,318,0,318
103000159,58,15,43
103000162,39,11,28
103000163,6,9,-3
103000164,4,10,-6
103000165,52,104,-52
103000166,196,189,7
103000167,134,89,45
103000168,72,111,-39
103000169,125,285,-160
103000170,647,226,421
103000171,50,83,-33
103000172,390,211,179
103000173,492,220,272
103000174,180,239,-59
103000175,297,118,179
103000176,651,509,142
103000177,349,242,107
103000178,110,196,-86
103000179,149,27,122
103000183,127,18,109
103000185,101,39,62
103000186,115,128,-13
103000187,594,144,450
103000188,19,56,-37
103000189,555,578,-23
103000191,283,307,-24
103000292,659,1248,-589
103000293,556,1497,-941
103000295,40,105,-65
103000296,185,2,183
103000297,3,12,-9
103000504,52,15,37
103000505,6,31,-25
103000506,1,178,-177
103000507,182,3,179
103000508,54,48,6
103000509,206,469,-263
103900001,1,85,-84
103900002,531,112,419
103900003,728,319,409
103900004,109,3,106
103900005,8,92,-84
103900006,32,18,14
103900007,71,5,66
103900008,7,0,7
103900009,221,457,-236
103900010,93,255,-162
103900011,343,80,263
103900012,4,26,-22
103900013,51,25,26
103900014,50,7,43
103900015,54,13,41
103900016,158,105,53
103900017,25,64,-39
103900018,408,149,259
103900019,57,274,-217
103900020,168,414,-246
103900021,222,79,143
103900022,761,445,316
103900023,149,3,146
103900024,64,201,-137
103900025,17,33,-16
103900026,36,0,36
103900027,688,158,530
103900028,17,174,-157
103900029,911,130,781
103900030,225,88,137
103900031,50,1,49
103900032,83,68,15
103900033,83,17,66
103900034,45,80,-35
103900035,36,18,18
103900036,32,26,6
103900037,54,43,11
103900038,56,188,-132
103900039,57,169,-112
103900040,16,85,-69
103900041,45,47,-2
103900042,68,209,-141
103900043,167,35,132
103900044,30,166,-136
103900045,219,90,129
103900047,89,17,72
103900048,19,18,1
103900049,126,677,-551
103900050,8,131,-123
103900051,0,36,-36
103900052,167,182,-15
103900053,185,304,-119
103900054,100,154,-54
103900055,436,149,287
103900056,37,42,-5
103900057,46,61,-15
103900058,202,317,-115
103900059,0,15,-15
103900060,53,115,-62
103900061,168,38,130
103900062,235,83,152
103900063,3,0,3
103900064,101,0,101
103900065,623,258,365
103900066,140,20,120
103900067,154,14,140
103900068,10,0,10
103900069,36,13,23
103900070,104,111,-7
103900071,8,63,-55
103900072,23,122,-99
103900073,27,61,-34
103900074,79,63,16
103900075,169,44,125
103900076,489,251,238
103900077,42,71,-29
103900078,201,60,141
103900079,169,111,58
103900080,9,29,-20
103900081,121,60,61
103900082,9,91,-82
103900083,580,825,-245
103900084,34,64,-30
103900085,43,116,-73
103900086,553,257,296
103900088,209,435,-226
103900089,34,86,-52
103900090,2,77,-75
103900091,799,184,615
103900092,573,217,356
103900093,45,141,-96
103900094,8,73,-65
103900095,203,134,69
103900096,17,77,-60
103900097,9,231,-222
103900098,182,101,81
103900099,61,51,10
103900100,195,194,1
103900101,77,652,-575
103900102,1,22,-21
103900104,4,17,-13
103900105,54,110,-56
103900106,0,57,-57
103900107,131,131,0
103900108,64,122,-58
103900109,135,53,82
103900110,160,30,130
103900111,81,310,-229
103900112,27,45,-18
103900113,75,221,-146
103900114,229,197,32
103900115,200,169,31
103900116,2239,2066,173
103900117,77,45,32
103900119,37,46,-9
103900120,44,68,-24
103900122,102,136,-34
103900123,811,438,373
103900124,62,282,-220
103900125,102,63,39
103900126,421,233,188
103900127,213,235,-22
103900128,92,84,8
103900131,25,70,-45
103900133,720,24,696
103900134,0,11,-11
103900135,3,4,-1
103900137,0,21,-21
103900138,130,105,25
103900139,155,1271,-1116
103900140,1,148,-147
103900141,200,55,145
103900142,174,89,85
103900143,55,1,54
103900144,0,18,-18
103900145,125,139,-14
103900146,176,156,20
103900147,235,86,149
103900148,223,130,93
103900149,264,287,-23
103900150,2837,2925,-88
103900151,33,91,-58
103900152,446,190,256
103900153,6,2,4
103900154,479,1289,-810
103900155,69,151,-82
103900156,98,87,11
103900157,47,107,-60
103900158,91,66,25
103900159,162,58,104
103900160,35,28,7
103900161,75,117,-42
103900162,77,81,-4
103900163,5,272,-267
103900167,12,89,-77
103900168,81,35,46
103900169,30,26,4
103900170,1,58,-57
103900171,3,29,-26
103900172,5,18,-13
103900173,10,17,-7
103900174,172,56,116
103900175,25,59,-34
103900176,3,44,-41
103900177,14,77,-63
103900178,52,44,8
103900179,60,51,9
103900180,5,26,-21
103900181,52,31,21
103900182,40,7,33
103900184,300,110,190
103900185,94,388,-294
103900187,3,69,-66
103900188,53,41,12
103900189,103,6,97
103900190,61,35,26
103900191,22,41,-19
103900192,27,63,-36
103900193,101,130,-29
103900194,42,124,-82
103900195,4,93,-89
103900196,28,23,5
103900197,15,14,1
103900198,14,25,-11
103900199,93,42,51
103900200,133,53,80
103900201,68,86,-18
103900202,7,42,-35
103900203,30,11,19
103900204,1,42,-41
103900207,0,35,-35
103900208,89,1,88
103900209,8,63,-55
103900210,46,27,19
103900211,517,205,312
103900212,94,188,-94
103900213,46,157,-111
103900214,200,202,-2
103900215,129,242,-113
103900216,13,170,-157
103900217,317,36,281
103900218,7,187,-180
103900219,128,122,6
103900233,23,2,21
103900235,14,20,-6
103900236,5,4,1
103900242,4,4,0
103900243,0,3,-3
103900244,95,74,21
103900245,73,103,-30
103900246,31,28,3
103900247,48,62,-14
103900248,7,62,-55
103900249,2,44,-42
103900250,20,35,-15
103900251,3,21,-18
103900253,7,64,-57
103900254,0,12,-12
103900255,2,10,-8
103900256,9,8,1
103900257,66,65,1
103900258,7,8,-1
103900259,37,7,30
103900261,13,1,12
103900262,14,1,13
103900263,31,22,9
103900264,25,17,8
103900265,42,3,39
103900266,2,72,-70
103900267,2,38,-36
103900268,17,32,-15
103900269,126,24,102
103900270,56,86,-30
103900271,54,55,-1
103900272,39,38,1
103900273,17,11,6
103900274,76,6,70
103900275,34,3,31
103900276,8,31,-23
103900277,1,30,-29
103900278,2,28,-26
103900279,2,26,-24
103900280,1,30,-29
104000001,1314,940,374
104000002,1216,1479,-263
104000003,1691,1309,382
104000004,1795,1708,87
104000005,1207,1197,10
104000006,2171,1787,384
104000007,2642,2921,-279
104000008,126,115,11
104000009,162,64,98
104000010,136,272,-136
104000011,274,135,139
104000012,95,191,-96
104000013,164,155,9
104000014,190,407,-217
104000015,195,88,107
104000016,447,252,195
104000018,631,145,486
104000019,532,188,344
104000020,88,265,-177
104000021,250,259,-9
104000022,117,208,-91
104000023,685,231,454
104000024,247,202,45
104000026,72,239,-167
104000027,172,113,59
104000028,291,165,126
104000029,326,237,89
104000030,238,130,108
104000031,972,323,649
104000032,214,166,48
104000033,459,517,-58
104000034,241,160,81
104000035,845,241,604
104000036,638,347,291
104000037,259,120,139
104000038,450,222,228
104000039,193,123,70
104000040,162,276,-114
104000041,425,234,191
104000042,87,228,-141
104000043,119,191,-72
104000044,166,259,-93
104000045,646,496,150
104000046,629,863,-234
104000047,466,630,-164
104000048,657,645,12
104000049,456,219,237
104000050,96,401,-305
104000051,85,344,-259
104000052,976,950,26
104000053,629,298,331
104000054,214,133,81
104000055,2213,1279,934
104000056,939,262,677
104000057,195,287,-92
104000058,523,578,-55
104000059,329,655,-326
104000060,733,865,-132
104000061,711,617,94
104000062,417,97,320
104000064,215,147,68
104000065,118,525,-407
104000069,191,480,-289
104000070,61,293,-232
104000071,185,227,-42
104000072,386,170,216
104000075,49,160,-111
104000076,295,33,262
104000082,1633,2128,-495
104000083,599,142,457
104000084,99,324,-225
104000085,240,243,-3
104000086,166,310,-144
104000087,284,1057,-773
104000090,685,590,95
104000092,940,999,-59
104000094,510,671,-161
104000095,1263,900,363
104000096,990,36,954
104000097,1123,421,702
104000098,1788,375,1413
104000100,1239,298,941
104000101,804,882,-78
104000106,86,535,-449
104000107,443,195,248
104000108,126,251,-125
104000109,222,56,166
104000110,573,536,37
104000111,1493,1298,195
104000112,865,358,507
104000116,0,489,-489
104000117,167,266,-99
104000118,568,121,447
104000119,363,142,221
104000120,186,306,-120
104000121,158,459,-301
104000122,533,593,-60
104000123,415,405,10
104000124,409,828,-419
104000125,1608,2889,-1281
104000126,250,262,-12
104000127,644,1006,-362
104000128,396,248,148
104000129,342,20,322
104000130,6,135,-129
104000131,308,325,-17
104000132,283,277,6
104000133,1116,528,588
104000134,551,958,-407
104000135,306,1107,-801
104000136,472,2346,-1874
104000137,1120,220,900
104000138,481,166,315
104000139,2743,1612,1131
104000141,613,625,-12
104000142,442,305,137
104000143,422,244,178
104000144,54,139,-85
104000145,296,157,139
104000146,232,337,-105
104000147,88,230,-142
104000148,259,137,122
104000149,138,167,-29
104000150,747,388,359
104000151,221,166,55
104000152,378,251,127
104000153,453,364,89
104000154,660,337,323
104000155,383,483,-100
104000157,658,793,-135
104000158,173,255,-82
104000159,604,366,238
104000160,1183,1256,-73
104000161,119,127,-8
104000162,70,113,-43
104000165,595,518,77
104000167,521,821,-300
104000168,368,0,368
104000169,85,37,48
104000170,219,298,-79
104000248,216,324,-108
104000251,63,148,-85
104000272,0,0,0
104000273,0,0,0
104000274,0,0,0
104000275,0,0,0
104000279,469,272,197
104000290,57,178,-121
104000291,401,751,-350
104000293,636,528,108
104000294,42,0,42
104000295,333,441,-108
104000296,372,426,-54
104000297,494,1076,-582
104000298,1148,578,570
104000299,445,907,-462
104000302,80,52,28
104000303,134,110,24
104900001,121,186,-65
104900002,47,108,-61
104900003,59,176,-117
104900004,73,114,-41
104900005,190,158,32
104900006,259,57,202
104900007,232,131,101
104900009,78,182,-104
104900010,40,34,6
104900011,16,21,-5
104900012,140,22,118
104900013,83,10,73
104900014,683,146,537
104900015,78,3,75
104900016,155,102,53
104900017,96,93,3
104900018,12,66,-54
104900019,176,2027,-1851
104900020,31,139,-108
104900021,1,100,-99
104900022,5,72,-67
104900023,0,34,-34
104900024,10,70,-60
104900025,43,95,-52
104900026,0,47,-47
104900027,327,216,111
104900028,23,48,-25
104900029,21,29,-8
104900030,336,139,197
104900031,70,117,-47
104900032,19,61,-42
104900033,104,188,-84
104900034,222,84,138
104900035,307,145,162
104900036,177,76,101
104900037,124,86,38
104900038,165,543,-378
104900039,348,315,33
104900040,305,77,228
104900041,152,110,42
104900042,100,84,16
104900043,26,160,-134
104900044,440,119,321
104900045,291,48,243
104900046,128,44,84
104900047,245,84,161
104900048,222,35,187
104900049,45,31,14
104900050,177,41,136
104900051,239,24,215
104900052,65,4,61
104900053,285,60,225
104900054,114,8,106
104900055,112,1,111
104900056,157,9,148
104900057,48,0,48
104900058,332,111,221
104900059,146,205,-59
104900060,55,174,-119
104900061,114,181,-67
104900063,16,72,-56
104900064,0,49,-49
104900065,0,118,-118
104900066,0,57,-57
104900067,3,146,-143
104900068,14,78,-64
104900070,118,131,-13
104900071,0,217,-217
104900072,20,155,-135
104900073,29,55,-26
104900074,25,105,-80
104900075,33,12,21
104900076,45,102,-57
104900077,285,201,84
104900078,98,185,-87
104900079,56,261,-205
104900080,64,354,-290
104900082,4,283,-279
104900085,77,211,-134
104900087,190,7,183
104900089,219,0,219
104900090,585,458,127
104900091,356,198,158
104900093,140,238,-98
104900097,1084,1367,-283
104900098,87,24,63
104900099,70,390,-320
104900100,189,137,52
104900102,37,65,-28
104900103,253,23,230
104900104,1258,1198,60
104900106,106,66,40
104900107,81,70,11
104900108,25,103,-78
104900109,59,106,-47
104900110,5,31,-26
104900111,105,48,57
104900112,227,301,-74
104900113,445,188,257
104900114,289,188,101
104900115,430,190,240
104900116,214,107,107
104900118,14,16,-2
104900119,5,46,-41
104900120,42,276,-234
104900121,0,24,-24
104900122,1,15,-14
104900123,76,13,63
104900124,39,0,39
104900125,230,2,228
104900126,43,23,20
104900127,11,35,-24
104900128,61,52,9
104900129,594,1376,-782
105000001,1298,771,527
105000002,1740,967,773
105000003,2564,2367,197
105000004,447,520,-73
105000005,1030,869,161
105000006,942,1297,-355
105000007,992,1287,-295
105000008,1058,2653,-1595
105000009,2034,2101,-67
105000010,1980,1137,843
105000011,2813,1859,954
105000012,2605,1762,843
105000013,758,683,75
105000014,1561,1826,-265
105000015,6535,11826,-5291
105000016,1439,1224,215
105000017,1169,570,599
105000018,728,1050,-322
105000019,761,670,91
105000020,159,358,-199
105000021,249,69,180
105000022,221,99,122
105000023,455,320,135
105000028,58,83,-25
105000029,513,977,-464
105000030,2306,1551,755
105000031,3,17,-14
105000033,677,1068,-391
105000034,121,620,-499
105000037,485,194,291
105000038,953,1032,-79
105000039,1243,881,362
105000040,589,737,-148
105000041,225,711,-486
105000042,1744,1153,591
105000043,983,1153,-170
105000044,501,353,148
105000045,260,395,-135
105000046,801,240,561
105000047,387,717,-330
105000048,407,144,263
105000049,128,249,-121
105000050,545,294,251
105000051,99,231,-132
105000052,467,578,-111
105000053,82,78,4
105000054,380,535,-155
105000055,525,227,298
105000056,891,1130,-239
105000057,820,400,420
105000058,758,647,111
105000059,599,476,123
105000060,343,334,9
105000061,622,336,286
105000062,414,432,-18
105000063,232,221,11
105000064,1132,553,579
105000065,320,337,-17
105000066,679,671,8
105000067,1109,605,504
105000068,236,458,-222
105000069,1002,1228,-226
105000070,375,704,-329
105000071,212,676,-464
105000072,871,1644,-773
105000073,628,440,188
105000074,615,444,171
105000075,317,483,-166
105000076,696,617,79
105000077,1435,817,618
105000078,760,1117,-357
105000079,771,2241,-1470
105000080,1204,1242,-38
105000081,2846,2253,593
105000082,886,2334,-1448
105000083,4627,4513,114
105000084,1497,945,552
105000085,1244,2470,-1226
105000086,485,656,-171
105000087,778,1198,-420
105000088,1004,1157,-153
105000089,1631,1303,328
105000090,744,530,214
105000091,739,890,-151
105000092,450,543,-93
105000093,209,205,4
105000094,221,161,60
105000095,71,358,-287
105000096,1008,955,53
105000097,764,681,83
105000098,724,550,174
105000099,448,462,-14
105000100,998,721,277
105000101,1316,1249,67
105000102,1017,904,113
105000103,774,1318,-544
105000104,1621,646,975
105000105,715,1285,-570
105000106,981,973,8
105000107,1244,511,733
105000108,1297,867,430
105000109,1220,930,290
105000110,598,326,272
105000111,660,441,219
105000112,884,397,487
105000113,322,473,-151
105000114,1468,915,553
105000115,288,907,-619
105000116,610,320,290
105000117,541,465,76
105000118,379,264,115
105000119,410,426,-16
105000120,702,342,360
105000121,547,511,36
105000122,306,508,-202
105000123,705,689,16
105000124,1394,442,952
105000125,609,1103,-494
105000126,1519,809,710
105000127,1655,1181,474
105000128,414,614,-200
105000129,613,208,405
105000130,351,2872,-2521
105000131,539,228,311
105000132,796,586,210
105000133,462,531,-69
105000134,667,436,231
105000135,295,356,-61
105000136,74,204,-130
105000137,480,139,341
105000138,160,202,-42
105000139,609,564,45
105000140,404,310,94
105000141,290,324,-34
105000142,221,297,-76
105000143,190,333,-143
105000144,162,508,-346
105000145,503,215,288
105000146,315,523,-208
105000147,618,240,378
105000148,849,443,406
105000149,1721,1339,382
105000150,1203,743,460
105000151,346,215,131
105000152,133,262,-129
105000153,403,330,73
105000154,469,249,220
105000155,288,505,-217
105000156,438,340,98
105000157,495,743,-248
105000158,1198,549,649
105000159,232,559,-327
105000160,1492,493,999
105000161,486,505,-19
105000162,355,1166,-811
105000163,549,482,67
105000164,156,191,-35
105000165,417,3562,-3145
105000166,2426,709,1717
105000167,816,1176,-360
105000168,318,365,-47
105000169,402,168,234
105000170,191,710,-519
105000171,737,132,605
105000172,116,14,102
105000173,155,21,134
105000174,61,19,42
105000175,72,67,5
105000176,285,54,231
105000177,271,152,119
105000178,184,176,8
105000179,526,90,436
105000180,114,67,47
105000181,73,107,-34
105000182,53,54,-1
105000183,1169,1369,-200
105000184,1048,626,422
105000185,884,769,115
105000186,359,431,-72
105000187,616,159,457
105000188,148,95,53
105000189,103,337,-234
105000190,267,218,49
105000191,259,217,42
105000192,287,41,246
105000193,32,63,-31
105000194,526,102,424
105000195,203,361,-158
105000196,99,299,-200
105000197,215,377,-162
105000198,393,252,141
105000199,235,696,-461
105000200,93,227,-134
105000201,53,28,25
105000203,14,139,-125
105000204,94,37,57
105000205,79,149,-70
105000207,238,130,108
105000208,111,357,-246
105000209,198,243,-45
105000211,331,13,318
105000212,885,618,267
105000213,71,127,-56
105000214,89,140,-51
105000215,236,107,129
105000216,159,170,-11
105000217,108,173,-65
105000218,1292,743,549
105000221,114,107,7
105000222,386,144,242
105000223,224,151,73
105000226,74,97,-23
105000227,44,72,-28
105000228,157,1590,-1433
105000229,115,362,-247
105000231,321,219,102
105000233,741,400,341
105000234,367,717,-350
105000235,262,404,-142
105000237,528,42,486
105000243,30,15,15
105000248,59,55,4
105000262,309,630,-321
105000269,172,171,1
105000270,303,30,273
105000271,0,95,-95
105000282,58,32,26
105000287,308,67,241
105000288,470,403,67
105000289,2676,1891,785
105000290,25,7,18
105000402,2101,2896,-795
105000426,328,367,-39
105000438,4271,1881,2390
105000440,40,21,19
105000446,5484,3442,2042
105000447,2922,1535,1387
105000454,452,365,87
105000455,186,112,74
105000474,42,0,42
105000477,342,381,-39
105000478,1357,3669,-2312
105000479,64,108,-44
105000480,9458,7441,2017
105000481,3982,2794,1188
105000482,3355,7090,-3735
105000483,1373,1699,-326
105000484,1338,2519,-1181
105000485,972,2455,-1483
105000486,1780,1768,12
105000488,9955,3826,6129
105000489,638,539,99
105000549,94,76,18
105000550,336,935,-599
105000551,37,82,-45
105000552,1512,1006,506
105000555,1060,836,224
105000556,56,23,33
105000557,70,141,-71
105900001,6,890,-884
105900002,655,540,115
105900003,16,58,-42
105900004,105,85,20
105900005,6,124,-118
105900006,13,60,-47
105900007,26,12,14
105900008,61,338,-277
105900009,11,15,-4
105900011,76,14,62
105900012,314,56,258
105900013,1,29,-28
105900014,11,48,-37
105900015,122,194,-72
105900016,308,206,102
105900017,908,25,883
105900018,128,89,39
105900019,44,138,-94
105900020,28,32,-4
105900021,13,140,-127
105900022,140,110,30
105900023,7,47,-40
105900024,4,73,-69
105900025,174,17,157
105900026,117,7,110
105900027,4126,4492,-366
105900028,323,344,-21
105900029,1005,227,778
105900030,128,233,-105
105900031,186,137,49
105900032,64,98,-34
105900033,89,80,9
105900034,142,70,72
105900035,94,108,-14
105900036,99,65,34
105900037,52,57,-5
105900038,127,131,-4
105900039,114,70,44
105900040,43,60,-17
105900041,117,97,20
105900042,48,93,-45
105900043,700,37,663
105900044,4,159,-155
105900045,5,447,-442
105900046,4,176,-172
105900047,1,31,-30
105900048,70,297,-227
105900050,3909,2243,1666
105900051,40,644,-604
105900052,357,206,151
105900053,1478,1798,-320
105900054,269,111,158
105900056,303,213,90
105900057,18,58,-40
105900058,36,9,27
105900059,0,47,-47
106000001,2755,1529,1226
106000002,1200,3324,-2124
106000003,1969,2409,-440
106000004,1060,1792,-732
106000005,2635,3321,-686
106000006,3643,1999,1644
106000007,445,403,42
106000008,291,180,111
106000009,518,316,202
106000010,367,352,15
106000011,958,812,146
106000012,570,763,-193
106000013,1452,1273,179
106000014,1065,1003,62
106000015,1439,867,572
106000016,829,1235,-406
106000017,479,545,-66
106000018,435,304,131
106000019,322,262,60
106000020,245,274,-29
106000021,258,338,-80
106000022,218,150,68
106000023,435,291,144
106000024,308,213,95
106000025,112,144,-32
106000026,49,100,-51
106000027,1189,873,316
106000028,424,273,151
106000029,487,555,-68
106000030,269,408,-139
106000034,148,420,-272
106000035,741,1722,-981
106000036,111,302,-191
106000037,1516,942,574
106000038,173,89,84
106000039,58,60,-2
106000040,110,551,-441
106000041,451,332,119
106000043,435,195,240
106000046,198,54,144
106000047,38,322,-284
106000049,800,121,679
106000050,181,351,-170
106000051,462,328,134
106000052,126,290,-164
106000053,283,106,177
106000054,223,248,-25
106000055,817,497,320
106000056,207,230,-23
106000057,310,175,135
106000058,89,93,-4
106000059,262,184,78
106000060,210,313,-103
106000061,147,368,-221
106000062,117,307,-190
106000063,638,409,229
106000064,24,191,-167
106000065,289,212,77
106000066,79,188,-109
106000067,293,104,189
106000068,58,381,-323
106000069,204,63,141
106000070,364,415,-51
106000071,821,193,628
106000072,1496,1092,404
106000073,1051,2196,-1145
106000074,465,502,-37
106000075,291,1095,-804
106000076,1416,1369,47
106000077,2234,947,1287
106000078,679,670,9
106000079,569,583,-14
106000080,911,379,532
106000081,469,768,-299
106000082,1487,506,981
106000083,334,978,-644
106000084,895,432,463
106000085,876,1092,-216
106000086,431,652,-221
106000087,653,357,296
106000088,365,525,-160
106000089,786,218,568
106000090,240,384,-144
106000091,202,293,-91
106000092,435,190,245
106000093,327,90,237
106000094,61,69,-8
106000095,634,386,248
106000096,656,374,282
106000097,779,385,394
106000098,475,509,-34
106000099,157,406,-249
106000100,836,128,708
106000101,582,173,409
106000102,109,271,-162
106000103,204,245,-41
106000104,571,269,302
106000105,336,368,-32
106000106,479,286,193
106000107,131,171,-40
106000108,324,225,99
106000109,146,126,20
106000110,182,215,-33
106000111,175,182,-7
106000112,199,399,-200
106000113,382,307,75
106000114,331,440,-109
106000115,159,206,-47
106000116,248,115,133
106000117,564,348,216
106000118,830,908,-78
106000119,774,482,292
106000120,639,956,-317
106000121,191,102,89
106000122,146,87,59
106000123,401,112,289
106000124,92,96,-4
106000125,13,134,-121
106000126,234,68,166
106000127,718,471,247
106000128,552,142,410
106000129,374,297,77
106000130,588,210,378
106000131,100,538,-438
106000132,440,111,329
106000133,818,823,-5
106000134,382,1123,-741
106000135,165,362,-197
106000136,473,706,-233
106000137,109,457,-348
106000138,802,99,703
106000139,41,60,-19
106000140,46,33,13
106000141,56,37,19
106000142,52,37,15
106000143,38,36,2
106000144,70,59,11
106000145,224,139,85
106000146,369,120,249
106000147,498,422,76
106000148,700,508,192
106000149,469,336,133
106000150,320,1456,-1136
106000151,2099,565,1534
106000152,746,1361,-615
106000153,111,1116,-1005
106000154,722,173,549
106000155,111,188,-77
106000156,601,139,462
106000157,389,897,-508
106000158,1267,650,617
106000159,1389,1209,180
106000160,349,1707,-1358
106000161,947,206,741
106000162,243,690,-447
106000163,321,216,105
106000164,348,197,151
106000165,190,297,-107
106000166,600,174,426
106000167,279,447,-168
106000168,399,140,259
106000169,174,357,-183
106000170,559,182,377
106000171,218,778,-560
106000172,1868,824,1044
106000173,849,1420,-571
106000174,834,245,589
106000175,188,428,-240
106000176,1152,613,539
106000177,393,1257,-864
106000178,2041,1024,1017
106000179,631,1119,-488
106000180,465,648,-183
106000181,619,902,-283
106000182,1130,369,761
106000183,1089,297,792
106000184,1391,274,1117
106000185,690,673,17
106000186,500,72,428
106000187,129,618,-489
106000188,4,0,4
106000189,4,23,-19
106000190,20,3,17
106000191,392,131,261
106000192,0,13,-13
106000193,247,127,120
106000194,75,175,-100
106000195,213,54,159
106000196,57,167,-110
106000197,392,135,257
106000198,112,146,-34
106000199,441,483,-42
106000200,74,150,-76
106000201,333,2032,-1699
106000202,1546,324,1222
106000203,18,142,-124
106000204,73,7,66
106000205,10,97,-87
106000206,74,9,65
106000207,24,293,-269
106000208,978,121,857
106000209,1063,285,778
106000210,220,371,-151
106000211,159,669,-510
106000212,593,360,233
106000213,366,1110,-744
106000214,1472,434,1038
106000215,209,241,-32
106000216,306,237,69
106000217,257,226,31
106000218,345,295,50
106000219,126,215,-89
106000220,335,141,194
106000221,182,129,53
106000222,60,63,-3
106000223,185,94,91
106000224,131,101,30
106000225,56,65,-9
106000226,74,179,-105
106000228,30,68,-38
106000229,49,394,-345
106000231,625,66,559
106000232,43,156,-113
106000233,300,52,248
106000234,29,118,-89
106000235,179,52,127
106000236,55,60,-5
106000237,0,11,-11
106000238,8,14,-6
106000239,3,56,-53
106000240,10,0,10
106000241,8,328,-320
106000242,193,26,167
106000249,44,47,-3
106000250,52,357,-305
106000251,71,16,55
106000252,8,53,-45
106000253,51,25,26
106000254,31,19,12
106000255,13,96,-83
106000256,56,25,31
106000257,105,100,5
106000258,91,22,69
106000259,1,33,-32
106000260,25,5,20
106000261,1,17,-16
106000262,43,4,39
106000263,19,36,-17
106000264,87,5,82
106000265,9,60,-51
106000266,55,19,36
106000267,3,36,-33
106000268,278,40,238
106000269,46,21,25
106000270,56,209,-153
106000271,75,107,-32
106000272,99,37,62
106000273,4,141,-137
106000274,106,17,89
106000275,95,175,-80
106000276,78,25,53
106000277,85,174,-89
106000278,134,25,109
106000279,14,25,-11
106000280,59,31,28
106000281,102,36,66
106000282,42,41,1
106000283,107,41,66
106000284,53,86,-33
106000285,96,47,49
106000286,48,71,-23
106000287,102,51,51
106000288,70,106,-36
106000289,63,43,20
106000290,47,47,0
106000291,66,66,0
106000292,66,64,2
106000293,109,72,37
106000294,129,72,57
106000295,28,31,-3
106000296,19,63,-44
106000297,46,171,-125
106000298,77,43,34
106000299,73,99,-26
106000300,60,74,-14
106000301,48,63,-15
106000303,19,24,-5
106000304,22,22,0
106000305,48,40,8
106000306,21,30,-9
106000307,43,13,30
106000308,14,56,-42
106000309,19,36,-17
106000310,276,296,-20
106000311,305,102,203
106000312,129,89,40
106000313,155,139,16
106000318,33,282,-249
106000319,706,191,515
106000320,4,47,-43
106000321,182,86,96
106000322,129,97,32
106000324,12,68,-56
106000325,1332,680,652
106000326,652,1044,-392
106000327,191,54,137
106000328,38,92,-54
106000329,90,175,-85
106000330,32,44,-12
106000428,73,118,-45
106000429,117,342,-225
106000430,272,742,-470
106000431,1670,287,1383
106000432,1399,1806,-407
106000433,2125,1310,815
106000434,2304,1069,1235
106000435,778,1567,-789
106000436,7,90,-83
106000437,138,33,105
106000438,359,134,225
106000439,50,175,-125
106000440,138,328,-190
106000441,2,1,1
106000442,81,6,75
106000443,165,142,23
106000450,3,100,-97
106000451,17,43,-26
106000454,2,60,-58
106000455,5,112,-107
106000456,79,16,63
106000457,13,405,-392
106000458,766,39,727
106000459,147,170,-23
106000460,1202,18,1184
106000461,69,468,-399
106000462,3,19,-16
106000463,4,11,-7
106000464,6,264,-258
106000465,632,1,631
106000466,5,267,-262
106000467,185,223,-38
106000468,84,92,-8
106000469,65,0,65
106000470,194,1304,-1110
106000471,15,240,-225
106000472,147,10,137
106000473,26,11,15
106000474,360,306,54
106000475,394,200,194
106000476,109,223,-114
106000477,32,74,-42
106000480,0,221,-221
106900001,0,15,-15
106900002,1,240,-239
106900003,150,442,-292
106900004,0,24,-24
106900006,0,16,-16
106900007,0,8,-8
106900008,258,78,180
106900009,302,129,173
106900010,183,136,47
106900012,729,1481,-752
106900013,320,140,180
106900014,35,1,34
106900015,14,0,14
106900016,244,15,229
106900017,5,0,5
106900018,0,0,0
106900019,23,2,21
106900020,1171,1198,-27
106900021,146,135,11
106900022,629,5,624
106900023,75,185,-110
106900024,367,51,316
106900025,49,332,-283
106900026,0,256,-256
106900027,632,2,630
107000001,2498,2633,-135
107000002,1580,2475,-895
107000003,4175,4312,-137
107000004,2728,1883,845
107000005,4081,4027,54
107000006,2523,1718,805
107000007,3850,6419,-2569
107000008,4800,3583,1217
107000009,5742,5639,103
107000010,5075,4222,853
107000011,734,714,20
107000012,2514,1599,915
107000013,107,49,58
107000014,58,125,-67
107000015,348,447,-99
107000016,598,446,152
107000017,1053,1250,-197
107000018,7,1153,-1146
107000020,831,1272,-441
107000021,779,296,483
107000022,512,1193,-681
107000023,1472,138,1334
107000024,481,820,-339
107000025,145,216,-71
107000026,230,284,-54
107000027,1084,580,504
107000028,1033,674,359
107000029,2632,2071,561
107000030,1962,1749,213
107000031,3624,1743,1881
107000032,409,633,-224
107000033,1597,2047,-450
107000034,2279,785,1494
107000035,297,127,170
107000036,289,800,-511
107000037,65,567,-502
107000038,124,188,-64
107000039,571,532,39
107000040,158,184,-26
107000041,885,492,393
107000042,464,1329,-865
107000043,1363,754,609
107000044,324,222,102
107000045,62,182,-120
107000046,588,356,232
107000047,343,593,-250
107000048,484,204,280
107000049,609,457,152
107000050,748,482,266
107000051,194,250,-56
107000052,800,787,13
107000053,274,194,80
107000054,38,190,-152
107000055,341,125,216
107000056,384,533,-149
107000057,1084,182,902
107000058,1596,1777,-181
107000059,718,1236,-518
107000060,3789,3796,-7
107000061,2949,2350,599
107000062,3963,1939,2024
107000063,2934,2623,311
107000064,3671,1738,1933
107000065,3026,3391,-365
107000066,1368,2226,-858
107000067,869,981,-112
107000068,843,694,149
107000069,762,407,355
107000070,899,11,888
107000071,3046,52,2994
107000072,37,1587,-1550
107000073,522,353,169
107000074,109,563,-454
107000075,1572,528,1044
107000076,536,805,-269
107000077,3081,1429,1652
107000078,2232,1909,323
107000079,2127,859,1268
107000080,832,1857,-1025
107000081,1509,477,1032
107000082,430,766,-336
107000083,1013,360,653
107000084,173,684,-511
107000085,2185,2295,-110
107000086,2465,2247,218
107000087,2276,1507,769
107000088,2451,2302,149
107000089,1390,1173,217
107000090,750,740,10
107000091,1329,702,627
107000092,597,678,-81
107000093,1138,616,522
107000094,634,804,-170
107000095,619,358,261
107000096,349,401,-52
107000097,577,224,353
107000098,324,340,-16
107000099,335,178,157
107000100,163,170,-7
107000101,61,106,-45
107000102,125,164,-39
107000103,226,138,88
107000104,124,165,-41
107000105,362,68,294
107000106,122,137,-15
107000107,339,77,262
107000108,84,291,-207
107000109,473,134,339
107000110,35,287,-252
107000111,245,34,211
107000112,42,166,-124
107000113,582,88,494
107000114,74,309,-235
107000115,499,143,356
107000116,80,435,-355
107000117,80,529,-449
107000118,87,121,-34
107000119,911,1139,-228
107000120,601,383,218
107000121,856,485,371
107000122,923,516,407
107000123,421,398,23
107000124,428,560,-132
107000125,843,353,490
107000126,736,439,297
107000129,141,345,-204
107000130,504,146,358
107000131,244,350,-106
107000132,394,253,141
107000133,321,96,225
107000134,152,2,150
107000135,1,234,-233
107000136,558,5,553
107000137,6,364,-358
107000138,166,22,144
107000139,18,405,-387
107000140,975,61,914
107000141,127,490,-363
107000142,358,84,274
107000143,50,420,-370
107000144,398,377,21
107000145,135,302,-167
107000146,130,177,-47
107000147,3444,784,2660
107000150,338,1845,-1507
107000151,25,66,-41
107000152,335,1028,-693
107000153,90,200,-110
107000154,165,215,-50
107000155,564,16,548
107000156,775,16,759
107000157,71,667,-596
107000158,576,20,556
107000159,40,491,-451
107000160,1052,112,940
107000161,61,656,-595
107000162,161,415,-254
107000163,223,1,222
107000164,642,2,640
107000165,939,8,931
107000166,49,559,-510
107000167,520,144,376
107000168,775,373,402
107000169,501,533,-32
107000170,1769,527,1242
107000171,501,793,-292
107000172,979,1132,-153
107000173,488,449,39
107000174,957,3766,-2809
107000175,3396,911,2485
107000176,0,0,0
107000177,1,1,0
107000178,10,23,-13
107000179,216,1063,-847
107000180,1158,157,1001
107000181,306,632,-326
107000182,1516,533,983
107000183,108,401,-293
107000184,977,362,615
107000185,363,716,-353
107000186,840,269,571
107000187,896,843,53
107000188,444,345,99
107000189,458,625,-167
107000190,470,374,96
107000191,641,675,-34
107000192,1187,480,707
107000193,296,332,-36
107000194,625,441,184
107000197,691,226,465
107000198,305,467,-162
107000199,600,413,187
107000200,404,450,-46
107000201,364,193,171
107000202,246,318,-72
107000203,732,679,53
107000204,778,957,-179
107000205,1333,599,734
107000206,440,929,-489
107000207,482,721,-239
107000208,550,459,91
107000209,1001,1071,-70
107000210,304,153,151
107000211,3,34,-31
107000212,11,237,-226
107000213,1,27,-26
107000214,26,118,-92
107000215,293,227,66
107000216,344,252,92
107000217,157,70,87
107000219,49,117,-68
107000220,130,87,43
107000222,190,349,-159
107000224,373,70,303
107000225,127,211,-84
107000226,417,91,326
107000227,71,116,-45
107000228,102,315,-213
107000229,62,56,6
107000230,666,298,368
107000231,882,1235,-353
107000232,92,22,70
107000233,676,725,-49
107000234,1,40,-39
107000235,51,5,46
107000236,13,267,-254
107000237,17,0,17
107000238,20,1,19
107000239,1979,274,1705
107000240,59,505,-446
107000243,0,30,-30
107000244,3,46,-43
107000246,4,946,-942
107000249,4,1068,-1064
107000251,1,371,-370
107000252,2,470,-468
107000255,164,108,56
107000257,1,313,-312
107000258,1,134,-133
107000259,1,81,-80
107000260,1230,27,1203
107000262,6,257,-251
107000263,326,5,321
107000266,3,12,-9
107000267,43,71,-28
107000268,66,78,-12
107000269,91,8,83
107000270,92,24,68
107000271,7,58,-51
107000272,61,14,47
107000273,6,246,-240
107000274,599,35,564
107000275,386,1804,-1418
107000280,646,26,620
107000281,38,387,-349
107000282,59,400,-341
107000290,17,27,-10
107000291,9,6,3
107000292,2,146,-144
107000293,21,4,17
107000294,0,44,-44
107000295,37,3,34
107000296,1,14,-13
107000444,286,4,282
107000496,1,12,-11
107000497,1143,1193,-50
107000500,230,184,46
107000501,72,87,-15
107000502,92,155,-63
107000505,239,476,-237
107000506,0,3,-3
107000508,2,319,-317
107000509,178,357,-179
107000510,18,23,-5
107000514,31,299,-268
107000515,6,101,-95
107000516,385,170,215
107000518,886,1304,-418
107000519,856,499,357
107000520,77,46,31
107000521,584,201,383
107000522,837,283,554
107900001,49,68,-19
107900002,57,7,50
107900003,57,11,46
107900004,7,0,7
107900005,1163,1,1162
107900006,158,1,157
107900007,231,24,207
107900008,51,16,35
107900009,84,8,76
107900010,39,6,33
107900012,229,47,182
107900013,128,16,112
107900014,42,3,39
107900015,693,7,686
107900016,198,33,165
107900017,14,2,12
107900018,66,163,-97
107900019,24,20,4
107900020,31,13,18
107900021,61,70,-9
107900023,12,0,12
107900024,0,5,-5
107900025,134,142,-8
107900026,39,20,19
107900027,29,33,-4
107900028,86,51,35
107900030,138,21,117
107900031,50,40,10
107900032,13,3,10
107900033,27,4,23
107900034,230,17,213
107900035,610,29,581
107900036,49,19,30
107900037,0,10,-10
107900038,108,193,-85
107900039,47,19,28
107900040,30,108,-78
107900041,2,2,0
107900043,57,63,-6
107900044,10,4,6
107900045,65,41,24
107900046,94,128,-34
107900047,22,5,17
107900048,159,7,152
107900049,271,511,-240
107900050,87,175,-88
107900051,59,37,22
107900052,23,29,-6
107900053,41,60,-19
107900055,365,148,217
107900056,93,49,44
107900057,0,0,0
107900058,13,286,-273
107900060,11,20,-9
107900061,6,4,2
107900063,66,89,-23
107900064,205,142,63
107900065,169,5,164
107900066,33,5,28
107900067,0,0,0
107900068,93,383,-290
107900069,36,1693,-1657
107900070,126,39,87
107900071,33,287,-254
107900072,104,96,8
107900073,84,84,0
107900074,398,298,100
107900076,102,20,82
107900077,108,1,107
107900079,12,17,-5
107900080,230,475,-245
107900081,61,70,-9
107900082,12,9,3
107900083,225,107,118
107900084,71,59,12
107900086,56,104,-48
107900087,445,169,276
107900088,23,8,15
107900089,155,524,-369
107900090,357,1563,-1206
107900091,105,197,-92
107900093,50,34,16
107900095,2059,1767,292
107900097,32,38,-6
107900098,42,112,-70
107900100,617,878,-261
107900101,572,113,459
107900102,11,9,2
107900103,29,85,-56
107900104,115,2,113
107900105,4,189,-185
107900106,2,530,-528
107900107,736,396,340
107900108,122,75,47
107900109,1330,35,1295
107900110,41,47,-6
107900111,7,323,-316
107900112,51,245,-194
107900113,184,29,155
107900114,174,78,96
107900115,1,20,-19
107900116,161,66,95
107900117,191,146,45
107900118,45,84,-39
107900119,73,182,-109
107900120,26,22,4
107900121,3,70,-67
107900122,2,91,-89
107900123,2,37,-35
107900124,20,22,-2
107900125,23,123,-100
107900126,20,56,-36
107900127,333,276,57
107900128,55,56,-1
107900129,56,17,39
107900130,56,13,43
107900131,331,288,43
107900132,58,182,-124
107900133,1,51,-50
107900134,8,56,-48
107900135,10,93,-83
107900136,31,28,3
107900137,66,75,-9
107900138,46,23,23
107900139,36,19,17
107900141,15,17,-2
107900142,36,370,-334
107900143,38,17,21
107900144,0,126,-126
107900145,12,36,-24
107900146,44,65,-21
107900147,23,42,-19
107900148,76,60,16
107900149,389,123,266
107900150,54,253,-199
107900151,59,89,-30
107900152,6,54,-48
107900153,89,263,-174
107900154,43,16,27
107900155,57,36,21
107900156,1,129,-128
107900157,22,28,-6
107900158,503,17,486
107900159,20,345,-325
107900160,101,143,-42
107900161,43,97,-54
107900162,0,18,-18
107900163,40,21,19
107900164,16,38,-22
107900165,34,89,-55
107900166,20,94,-74
107900167,8,17,-9
107900168,50,18,32
107900169,6,96,-90
107900171,3,576,-573
107900172,0,163,-163
107900173,9,68,-59
107900174,145,7,138
107900175,17,35,-18
107900176,32,21,11
107900177,0,57,-57
107900178,0,90,-90
107900179,8,63,-55
107900180,275,497,-222
107900181,201,153,48
107900182,2,508,-506
107900183,40,99,-59
107900184,90,154,-64
107900185,113,9,104
107900186,19,37,-18
107900187,0,62,-62
107900188,362,97,265
107900189,6,47,-41
107900190,25,98,-73
107900191,37,86,-49
107900193,9,52,-43
107900194,168,13,155
107900195,1034,232,802
107900196,69,70,-1
107900197,298,271,27
107900199,1,583,-582
107900201,31,56,-25
107900203,26,34,-8
107900204,158,130,28
107900206,806,220,586
107900207,2,306,-304
107900208,2,223,-221
107900209,228,91,137
107900210,53,63,-10
107900213,304,295,9
107900214,6,67,-61
107900215,104,235,-131
107900216,151,37,114
107900217,12,88,-76
107900218,12,840,-828
107900219,22,39,-17
107900220,146,218,-72
107900221,80,115,-35
107900223,83,306,-223
107900224,68,272,-204
107900225,5,359,-354
107900226,108,65,43
107900227,71,208,-137
107900228,28,62,-34
107900229,1,124,-123
107900230,9,33,-24
107900231,10,113,-103
107900232,72,44,28
107900233,3,57,-54
107900234,113,43,70
107900235,22,61,-39
107900236,136,32,104
107900237,27,189,-162
107900238,23,80,-57
107900239,393,373,20
107900240,22,51,-29
107900241,9,26,-17
107900242,18,86,-68
107900243,0,50,-50
107900244,255,14,241
107900245,472,24,448
107900246,185,9,176
107900248,405,160,245
107900249,577,29,548
107900250,0,203,-203
107900251,75,653,-578
107900252,593,19,574
107900253,160,3,157
107900254,38,158,-120
107900255,126,51,75
107900256,541,794,-253
107900257,134,78,56
107900258,85,121,-36
107900259,72,1594,-1522
107900261,6,163,-157
107900262,27,84,-57
107900264,296,4,292
107900265,135,85,50
107900267,240,7,233
107900268,4,1,3
107900269,0,0,0
107900270,0,1,-1
107900271,1,17,-16
107900272,28,5,23
107900273,32,61,-29
107900274,83,0,83
107900275,24,0,24
107900276,0,48,-48
107900277,0,109,-109
107900278,262,244,18
107900279,35,93,-58
107900280,1516,1487,29
107900281,486,2066,-1580
107900282,63,299,-236
107900283,506,366,140
107900284,519,371,148
107900285,96,36,60
107900286,87,72,15
107900287,194,154,40
107900290,0,149,-149
107900291,373,22,351
107900292,67,89,-22
107900293,55,228,-173
107900295,35,30,5
107900297,5,145,-140
107900298,480,363,117
107900299,1549,1856,-307
107900301,390,604,-214
107900302,63,28,35
107900303,152,144,8
107900304,313,221,92
107900305,197,9,188
107900306,8,25,-17
107900307,68,192,-124
107900308,128,78,50
107900309,51,0,51
107900310,349,2,347
107900311,8,791,-783
107900312,53,0,53
107900313,2,160,-158
107900314,0,41,-41
107900315,3,21,-18
107900316,35,5,30
107900317,64,11,53
107900318,8,87,-79
107900319,4,67,-63
107900320,0,59,-59
107900321,97,5,92
107900322,4,66,-62
107900323,1,64,-63
107900324,63,1,62
107900325,91,10,81
107900326,368,129,239
107900327,2,47,-45
107900328,58,2,56
107900329,36,61,-25
107900330,4,130,-126
107900331,213,14,199
107900332,274,10,264
107900333,55,8,47
107900334,2,56,-54
107900335,30,26,4
107900336,39,34,5
107900337,438,684,-246
107900338,8,83,-75
107900339,0,15,-15
107900340,0,55,-55
107900341,50,2,48
107900342,93,92,1
107900343,27,1,26
107900344,8,33,-25
107900345,64,27,37
107900346,16,0,16
107900347,14,2,12
107900348,4,1,3
107900349,25,8,17
107900350,8,172,-164
107900351,3,77,-74
107900352,2,14,-12
107900353,10,1,9
107900354,9,23,-14
108000001,2412,2643,-231
108000002,1111,1003,108
108000003,2666,2855,-189
108000004,6961,7855,-894
108000005,6569,5762,807
108000006,6428,5167,1261
108000007,4074,3080,994
108000008,3275,3912,-637
108000009,2821,3295,-474
108000010,2000,2717,-717
108000011,9315,8504,811
108000012,10072,9157,915
108000014,568,690,-122
108000015,693,188,505
108000016,241,684,-443
108000017,811,250,561
108000018,1247,426,821
108000019,1256,517,739
108000020,1028,378,650
108000021,227,1079,-852
108000022,253,815,-562
108000023,953,131,822
108000024,259,301,-42
108000025,238,177,61
108000026,822,220,602
108000027,588,407,181
108000028,753,122,631
108000029,416,459,-43
108000030,397,144,253
108000031,129,351,-222
108000032,1395,524,871
108000033,607,611,-4
108000034,1257,330,927
108000035,453,1176,-723
108000036,309,614,-305
108000037,1345,275,1070
108000038,2034,409,1625
108000039,425,1159,-734
108000040,1418,654,764
108000041,521,1250,-729
108000042,287,134,153
108000043,193,159,34
108000044,453,131,322
108000045,245,311,-66
108000046,1078,214,864
108000047,261,539,-278
108000048,134,220,-86
108000049,655,202,453
108000050,118,415,-297
108000051,323,150,173
108000052,135,395,-260
108000053,347,183,164
108000054,376,738,-362
108000055,815,460,355
108000056,983,955,28
108000057,526,1049,-523
108000058,1557,2710,-1153
108000059,2182,1264,918
108000060,184,520,-336
108000061,328,298,30
108000062,820,529,291
108000063,435,285,150
108000064,164,202,-38
108000065,412,278,134
108000066,1037,545,492
108000067,1704,482,1222
108000068,625,345,280
108000069,191,497,-306
108000070,1599,524,1075
108000071,465,793,-328
108000072,1531,857,674
108000073,858,989,-131
108000074,472,287,185
108000075,277,479,-202
108000076,683,417,266
108000077,453,353,100
108000078,1816,913,903
108000079,607,693,-86
108000080,1037,340,697
108000081,396,754,-358
108000082,668,1060,-392
108000083,1563,780,783
108000084,316,605,-289
108000085,636,361,275
108000086,488,381,107
108000087,114,1606,-1492
108000088,595,123,472
108000089,248,213,35
108000091,222,243,-21
108000092,116,76,40
108000093,158,233,-75
108000094,467,87,380
108000095,127,155,-28
108000096,245,123,122
108000097,141,214,-73
108000098,1425,826,599
108000099,747,227,520
108000100,124,315,-191
108000101,918,1099,-181
108000102,1186,2733,-1547
108000106,784,0,784
108000107,1,479,-478
108000108,393,28,365
108000109,4,537,-533
108000110,193,195,-2
108000111,85,304,-219
108000112,47,133,-86
108000113,312,113,199
108000115,163,198,-35
108000117,479,264,215
108000118,445,1573,-1128
108000119,379,227,152
108000120,174,621,-447
108000121,125,314,-189
108000122,494,243,251
108000123,495,87,408
108000124,245,303,-58
108000125,380,144,236
108000126,131,238,-107
108000127,493,139,354
108000128,447,240,207
108000129,294,489,-195
108000130,500,155,345
108000131,827,461,366
108000132,1455,757,698
108000133,808,406,402
108000134,376,289,87
108000135,862,306,556
108000136,194,457,-263
108000137,409,165,244
108000138,362,541,-179
108000139,430,193,237
108000140,75,27,48
108000141,20,21,-1
108000142,53,64,-11
108000143,53,200,-147
108000144,374,59,315
108000145,33,5,28
108000146,645,61,584
108000147,24,8,16
108000148,490,50,440
108000149,14,8,6
108000150,30,8,22
108000151,101,44,57
108000152,108,261,-153
108000153,537,119,418
108000154,42,6,36
108000155,31,18,13
108000156,452,283,169
108000157,101,847,-746
108000158,71,603,-532
108000159,330,140,190
108000160,1505,779,726
108000161,1135,1845,-710
108000165,6,136,-130
108000172,2,236,-234
108000173,877,1315,-438
108000175,565,86,479
108000178,293,173,120
108000179,126,697,-571
108000181,42,31,11
108000182,169,59,110
108000183,33,225,-192
108000184,516,1681,-1165
108000185,144,173,-29
108000186,275,248,27
108000187,110,306,-196
108000188,545,193,352
108000189,905,6753,-5848
108000190,33,79,-46
108000192,165,314,-149
108000193,310,18,292
108000194,19,2,17
108000195,0,566,-566
108000196,157,85,72
108000198,606,154,452
108000199,0,189,-189
108000200,334,215,119
108000203,90,261,-171
108000204,129,40,89
108000205,177,240,-63
108000339,624,286,338
108000364,220,467,-247
108000365,31,197,-166
108000367,127,203,-76
108000368,6,27,-21
108000369,325,118,207
108000371,4,488,-484
108000372,446,8,438
108000373,160,88,72
108000376,67,32,35
108000377,444,202,242
108000378,6494,7243,-749
108000379,9,164,-155
108000381,56,7,49
108000382,116,0,116
108000383,0,190,-190
108900001,78,553,-475
108900002,105,64,41
108900003,189,329,-140
108900004,474,450,24
108900007,344,138,206
108900008,133,98,35
108900009,94,124,-30
108900010,292,132,160
108900011,588,332,256
108900012,324,342,-18
108900013,169,245,-76
108900014,9,82,-73
108900015,0,126,-126
108900016,1,215,-214
108900017,202,304,-102
108900018,131,183,-52
108900019,18,266,-248
108900020,35,100,-65
108900021,159,138,21
108900022,100,16,84
108900023,2,28,-26
108900024,20,49,-29
108900025,175,88,87
108900026,13,50,-37
108900027,0,36,-36
108900028,65,151,-86
108900029,44,138,-94
108900030,0,73,-73
108900031,120,166,-46
108900032,8,141,-133
108900033,0,118,-118
108900034,0,117,-117
108900035,261,664,-403
108900038,1,236,-235
108900039,3,236,-233
108900040,7,67,-60
108900041,2973,2290,683
108900042,5,298,-293
108900043,42,246,-204
108900044,3,228,-225
108900045,85,227,-142
108900046,40,372,-332
108900047,0,95,-95
108900048,73,467,-394
108900049,1241,1029,212
108900050,2,132,-130
108900051,0,82,-82
108900052,13,95,-82
108900053,54,145,-91
108900054,60,127,-67
108900055,65,234,-169
108900056,1,90,-89
108900057,0,104,-104
108900058,20,151,-131
108900059,371,46,325
108900060,70,91,-21
108900061,105,31,74
108900062,2,144,-142
108900063,24,144,-120
108900064,174,28,146
108900065,15,98,-83
108900066,396,105,291
108900067,7,105,-98
108900068,5,75,-70
108900069,49,72,-23
108900070,28,58,-30
108900071,86,62,24
108900072,1243,342,901
108900073,18,145,-127
108900074,163,134,29
108900075,30,25,5
108900076,253,37,216
108900077,77,213,-136
108900078,45,82,-37
108900079,496,118,378
108900080,20,488,-468
108900081,47,132,-85
108900082,78,84,-6
108900083,18,195,-177
108900085,1102,146,956
108900086,145,128,17
108900087,64,116,-52
108900088,698,330,368
108900089,23,110,-87
108900090,56,116,-60
108900091,87,24,63
108900092,384,263,121
108900093,91,66,25
108900094,153,69,84
108900095,26,157,-131
108900096,192,12,180
108900097,268,115,153
108900098,1011,577,434
108900099,367,115,252
108900100,81,77,4
108900101,163,172,-9
108900102,64,925,-861
108900103,87,118,-31
108900105,5,993,-988
108900106,442,155,287
108900108,271,39,232
108900109,312,54,258
108900110,223,207,16
108900111,374,228,146
108900113,49,49,0
108900114,71,9,62
108900115,66,42,24
108900116,42,9,33
108900117,121,11,110
108900118,499,21,478
108900119,272,17,255
108900120,237,147,90
108900121,243,113,130
108900122,155,12,143
108900123,126,118,8
108900124,417,156,261
108900125,386,4,382
108900126,119,38,81
108900127,142,25,117
108900128,112,27,85
108900129,609,117,492
108900130,323,2,321
108900131,288,9,279
108900132,398,44,354
108900133,208,36,172
108900134,393,175,218
108900135,168,7,161
108900136,34,0,34
108900137,128,2,126
108900138,811,46,765
108900140,322,151,171
108900141,299,5,294
108900142,91,8,83
108900143,75,1,74
108900144,92,3,89
108900145,247,28,219
108900146,73,0,73
108900147,166,0,166
108900148,50,16,34
108900150,183,13,170
108900151,125,9,116
108900152,242,21,221
108900153,165,198,-33
108900154,3560,420,3140
108900156,54,6,48
108900157,22,198,-176
108900158,326,43,283
108900159,4,118,-114
108900160,9,151,-142
108900161,7,242,-235
108900162,112,3,109
108900163,4,228,-224
108900164,46,43,3
108900168,3882,1988,1894
108900169,47,61,-14
108900171,2778,2205,573
108900172,148,33,115
108900173,118,198,-80
108900174,822,490,332
108900176,70,234,-164
108900177,2250,3837,-1587
108900178,2239,2642,-403
108900180,109,240,-131
108900183,130,159,-29
108900184,338,126,212
108900185,69,209,-140
108900186,52,216,-164
108900189,259,69,190
108900190,31,1173,-1142
108900192,88,154,-66
108900195,80,117,-37
108900196,21,146,-125
108900199,196,265,-69
108900200,454,301,153
108900201,424,927,-503
108900203,383,124,259
108900204,310,12,298
108900205,148,21,127
108900206,313,46,267
108900207,166,69,97
108900208,13,158,-145
108900209,168,347,-179
108900210,127,174,-47
108900211,125,407,-282
108900212,385,1016,-631
108900215,64,222,-158
108900216,232,296,-64
108900217,109,2,107
108900218,59,10,49
108900221,41,125,-84
108900224,30,104,-74
108900225,0,156,-156
108900227,101,246,-145
108900230,124,178,-54
108900232,1,139,-138
108900233,262,70,192
108900234,182,127,55
108900235,160,341,-181
108900236,35,157,-122
108900240,85,96,-11
108900241,25,36,-11
108900245,15,896,-881
108900250,178,42,136
108900258,7,124,-117
108900259,23,34,-11
108900260,1,45,-44
108900261,44,71,-27
108900262,78,147,-69
108900263,22,76,-54
108900264,487,246,241
108900265,498,382,116
108900266,497,601,-104
108900267,1,123,-122
108900268,4,3,1
108900269,84,7,77
108900270,89,3,86
108900271,38,8,30
108900272,197,33,164
108900273,552,702,-150
108900274,65,35,30
109000001,1609,1333,276
109000002,704,1669,-965
109000003,1910,344,1566
109000004,409,1202,-793
109000005,1932,462,1470
109000006,575,1336,-761
109000007,1126,420,706
109000008,481,1137,-656
109000009,2455,953,1502
109000010,930,2406,-1476
109000011,2534,1471,1063
109000012,1018,1250,-232
109000013,2949,2232,717
109000014,1498,1542,-44
109000015,3071,5806,-2735
109000016,3286,1826,1460
109000017,2082,842,1240
109000018,1594,2101,-507
109000019,2029,1116,913
109000020,865,1231,-366
109000023,211,12,199
109000024,32,144,-112
109000025,239,469,-230
109000026,435,196,239
109000027,75,238,-163
109000028,149,41,108
109000029,88,135,-47
109000030,78,211,-133
109000031,169,131,38
109000032,198,628,-430
109000033,245,119,126
109000034,47,35,12
109000035,24,37,-13
109000036,73,233,-160
109000037,219,1261,-1042
109000038,315,243,72
109000039,703,610,93
109000040,1801,6851,-5050
109000041,1419,1333,86
109000042,394,974,-580
109000044,392,125,267
109000045,192,266,-74
109000046,280,61,219
109000047,40,267,-227
109000048,900,311,589
109000049,190,365,-175
109000050,355,391,-36
109000051,196,153,43
109000052,395,411,-16
109000053,962,142,820
109000054,195,204,-9
109000055,193,151,42
109000056,299,150,149
109000057,461,399,62
109000058,1348,224,1124
109000059,723,1326,-603
109000060,554,366,188
109000061,493,549,-56
109000062,70,232,-162
109000063,130,79,51
109000064,214,96,118
109000065,94,95,-1
109000066,239,37,202
109000067,43,167,-124
109000068,1148,16,1132
109000069,504,26,478
109000070,14,1542,-1528
109000071,236,45,191
109000072,103,377,-274
109000073,50,62,-12
109000074,15,127,-112
109000075,46,259,-213
109000076,154,247,-93
109000077,237,249,-12
109000078,97,125,-28
109000079,118,96,22
109000080,190,69,121
109000081,112,284,-172
109000082,670,165,505
109000083,209,312,-103
109000088,92,315,-223
109000089,173,38,135
109000090,88,223,-135
109000091,226,107,119
109000092,214,227,-13
109000093,274,127,147
109000094,469,1,468
109000095,81,228,-147
109000096,564,257,307
109000097,100,103,-3
109000098,46,104,-58
109000099,593,194,399
109000100,169,507,-338
109000101,1133,355,778
109000102,251,457,-206
109000103,655,379,276
109000104,1332,310,1022
109000105,356,567,-211
109000106,1358,484,874
109000107,418,907,-489
109000108,1366,363,1003
109000109,318,862,-544
109000110,839,375,464
109000111,780,1311,-531
109000112,231,81,150
109000113,213,78,135
109000114,96,182,-86
109000115,731,59,672
109000116,16,424,-408
109000117,276,34,242
109000118,12,190,-178
109000119,1035,127,908
109000120,156,359,-203
109000121,641,68,573
109000122,119,324,-205
109000123,33,129,-96
109000124,640,287,353
109000125,518,207,311
109000126,350,364,-14
109000127,1294,177,1117
109000128,385,620,-235
109000129,1876,498,1378
109000130,566,1025,-459
109000131,1231,882,349
109000132,875,1402,-527
109000133,238,490,-252
109000134,490,796,-306
109000135,599,1045,-446
109000136,185,142,43
109000137,227,206,21
109000138,376,159,217
109000139,379,269,110
109000140,212,299,-87
109000141,638,316,322
109000142,107,268,-161
109000143,108,65,43
109000145,79,285,-206
109000146,64,81,-17
109000148,1525,828,697
109000149,19,66,-47
109000150,115,207,-92
109000155,683,503,180
109000156,639,375,264
109000158,52,194,-142
109000159,56,241,-185
109000160,780,128,652
109000161,281,494,-213
109000162,1413,406,1007
109000163,803,994,-191
109000164,978,1609,-631
109000165,988,388,600
109000166,592,80,512
109000167,78,212,-134
109000170,54,36,18
109000171,67,60,7
109000172,61,72,-11
109000173,33,80,-47
109000174,77,39,38
109000175,117,186,-69
109000176,245,137,108
109000177,28,72,-44
109000178,662,178,484
109000179,2061,3477,-1416
109000180,2183,2298,-115
109000181,21,14,7
109000182,14,26,-12
109000183,39,9,30
109000184,20,17,3
109000185,12,15,-3
109000188,273,785,-512
109000189,1459,503,956
109000190,424,247,177
109000191,313,225,88
109000192,357,112,245
109000193,133,141,-8
109000194,212,47,165
109000195,103,157,-54
109000196,225,70,155
109000197,168,176,-8
109000198,251,65,186
109000199,99,281,-182
109000206,216,29,187
109000207,107,18,89
109000208,66,68,-2
109000209,111,90,21
109000210,133,305,-172
109000211,463,265,198
109000214,356,387,-31
109000215,108,62,46
109000216,231,190,41
109000217,100,83,17
109000218,301,116,185
109000221,493,696,-203
109000222,763,255,508
109000223,297,251,46
109000224,22,61,-39
109000225,82,31,51
109000226,47,96,-49
109000227,806,470,336
109000228,3,2277,-2274
109000231,4,133,-129
109000232,319,171,148
109000236,204,511,-307
109000241,1722,1311,411
109000242,1667,889,778
109000293,47,119,-72
109000361,131,163,-32
109000364,99,283,-184
109000396,2,222,-220
109000397,406,11,395
109000399,148,202,-54
109000400,52,124,-72
109000403,99,1121,-1022
109000406,296,2,294
109000407,192,99,93
109000408,1,307,-306
109000410,729,130,599
109000411,138,17,121
109900001,79,0,79
109900002,838,19,819
109900003,218,2,216
109900004,75,9,66
109900005,24,0,24
109900006,276,77,199
109900007,629,201,428
109900008,0,18,-18
109900009,101,248,-147
109900010,438,9,429
109900011,70,35,35
109900012,244,142,102
109900013,249,130,119
109900014,339,42,297
109900015,362,184,178
109900016,125,11,114
109900017,127,181,-54
109900018,142,16,126
109900019,163,28,135
109900020,31,58,-27
109900021,20,10,10
109900022,120,155,-35
109900023,27,4,23
109900024,16,4,12
109900025,16,33,-17
109900026,0,5,-5
109900027,28,33,-5
109900028,562,875,-313
109900029,2,108,-106
109900030,35,8,27
109900031,0,89,-89
109900032,13,158,-145
109900033,4,271,-267
109900034,54,2,52
109900035,31,18,13
109900036,16,36,-20
109900037,23,242,-219
109900038,65,145,-80
109900039,13,1,12
109900040,23,276,-253
109900041,54,212,-158
109900042,24,291,-267
109900044,80,117,-37
109900045,162,192,-30
109900046,71,46,25
109900047,149,179,-30
109900048,12,59,-47
109900049,6,29,-23
109900050,0,61,-61
109900051,1,31,-30
109900052,48,152,-104
109900053,0,109,-109
109900054,559,129,430
109900055,64,166,-102
109900056,12,142,-130
109900057,5,85,-80
109900058,0,46,-46
109900059,54,5,49
109900060,431,85,346
109900061,43,199,-156
109900062,2,64,-62
109900063,0,21,-21
109900064,425,160,265
109900065,39,97,-58
109900066,225,425,-200
109900067,1,104,-103
109900068,54,5,49
109900069,1,20,-19
109900070,0,21,-21
109900071,5,19,-14
109900072,11,108,-97
109900073,260,214,46
109900074,11,19,-8
109900075,25,20,5
109900076,28,128,-100
109900077,37,36,1
109900078,68,119,-51
109900080,91,157,-66
109900081,20,198,-178
109900082,21,161,-140
109900083,35,53,-18
109900084,42,57,-15
109900085,178,347,-169
109900086,111,362,-251
109900087,251,327,-76
109900089,586,166,420
109900090,34,77,-43
109900091,20,3,17
109900092,200,13,187
109900093,746,100,646
109900094,74,78,-4
109900095,92,159,-67
109900096,37,2,35
109900097,61,3,58
109900098,417,26,391
109900099,166,2,164
109900100,42,0,42
109900101,408,6,402
109900102,337,23,314
109900103,24,20,4
109900104,492,261,231
109900105,420,11,409
109900106,200,28,172
109900107,360,51,309
109900108,76,123,-47
109900109,18,48,-30
109900110,8,14,-6
109900111,173,359,-186
109900112,22,24,-2
109900113,63,46,17
109900114,941,603,338
109900115,134,31,103
109900117,744,85,659
109900118,19,28,-9
109900119,66,30,36
109900120,3,4,-1
109900121,236,355,-119
109900122,27,0,27
109900123,5,85,-80
109900124,0,16,-16
109900125,0,109,-109
109900126,218,47,171
109900128,27,6,21
109900130,2942,2082,860
109900131,61,160,-99
109900132,49,135,-86
109900133,9,15,-6
109900134,45,55,-10
109900135,238,49,189
109900136,5,10,-5
109900137,102,150,-48
109900140,175,93,82
109900142,83,27,56
109900145,1,56,-55
109900146,32,6,26
109900148,8,8,0
109900149,36,59,-23
109900150,12,77,-65
109900151,18,36,-18
109900152,1,24,-23
109900153,0,49,-49
109900154,62,0,62
109900155,43,13,30
109900157,50,157,-107
109900158,2,5,-3
109900159,125,16,109
109900160,13,8,5
109900161,155,53,102
109900162,137,91,46
109900163,340,180,160
109900164,54,157,-103
109900165,184,3,181
109900166,1,89,-88
109900167,87,235,-148
109900168,178,317,-139
109900169,103,78,25
109900170,145,688,-543
109900171,153,77,76
109900172,125,157,-32
109900173,1219,1588,-369
109900174,33,66,-33
109900175,48,38,10
109900176,79,95,-16
109900177,28,77,-49
109900178,7,83,-76
109900179,26,13,13
109900180,4,12,-8
110000001,676,338,338
110000002,418,524,-106
110000003,536,530,6
110000004,318,463,-145
110000005,231,1073,-842
110000006,161,235,-74
110000007,74,58,16
110000008,17,40,-23
110000009,32,14,18
110000010,14,31,-17
110000011,41,45,-4
110000012,355,233,122
110000013,21,437,-416
110000014,447,254,193
110000015,174,459,-285
110000016,170,1092,-922
110000017,1500,135,1365
110000018,1277,237,1040
110000019,3,54,-51
110000020,257,133,124
110000021,258,266,-8
110000022,447,113,334
110000023,5,105,-100
110000024,410,222,188
110000025,383,9,374
110000026,11,138,-127
110000027,820,466,354
110000028,775,451,324
110000029,276,345,-69
110000030,237,257,-20
110000031,196,267,-71
110000032,551,236,315
110000033,224,96,128
110000034,343,304,39
110000035,392,265,127
110000036,640,315,325
110000037,91,213,-122
110000038,143,363,-220
110000039,718,2142,-1424
110000040,197,196,1
110000041,227,1162,-935
110000042,80,228,-148
110000043,520,163,357
110000044,29,286,-257
110000045,217,102,115
110000046,5,27,-22
110000047,12,25,-13
110000048,8,25,-17
110000049,37,11,26
110000050,9,11,-2
110000051,28,12,16
110000052,13,36,-23
110000053,23,4,19
110000054,69,222,-153
110000055,195,63,132
110000056,86,78,8
110000057,253,422,-169
110000058,534,217,317
110000059,551,333,218
110000060,739,626,113
110000061,473,492,-19
110000062,425,600,-175
110000063,49,99,-50
110000064,42,28,14
110000065,65,38,27
110000066,52,11,41
110000067,36,59,-23
110000068,142,64,78
110000069,224,24,200
110000071,147,33,114
110000073,28,8,20
110000075,4,36,-32
110000076,195,246,-51
110000077,250,602,-352
110000078,24,32,-8
110000080,225,459,-234
110000081,46,134,-88
110000082,36,236,-200
110000083,201,436,-235
110000084,975,562,413
110000085,859,957,-98
110000086,697,1343,-646
110000087,12,34,-22
110000088,98,134,-36
110000089,206,61,145
110000090,80,141,-61
110000091,523,173,350
110000092,12,43,-31
110000093,51,8,43
110000094,318,148,170
110000095,133,405,-272
110000096,1012,1216,-204
110000097,729,1000,-271
110000098,1371,433,938
110000099,530,1015,-485
110000100,730,231,499
110000101,28,131,-103
110000102,68,32,36
110000104,301,101,200
110000105,32,183,-151
110000106,408,352,56
110000107,162,233,-71
110000108,116,67,49
110000109,196,181,15
110000110,1300,2541,-1241
110000111,2526,1898,628
110000112,610,881,-271
110000113,164,1552,-1388
110000114,147,357,-210
110000115,291,153,138
110000116,45,44,1
110000117,186,124,62
110000118,347,62,285
110000119,200,177,23
110000120,240,92,148
110000121,57,250,-193
110000122,365,351,14
110000123,484,506,-22
110000124,3,537,-534
110000125,679,4,675
110000126,199,30,169
110000127,803,37,766
110000128,31,596,-565
110000129,2,349,-347
110000130,235,135,100
110000131,58,228,-170
110000132,1,349,-348
110000133,31,274,-243
110000134,3,263,-260
110000135,113,18,95
110000136,30,172,-142
110000137,423,329,94
110000138,515,337,178
110000139,574,513,61
110000140,555,550,5
110000143,349,229,120
110000144,3729,1210,2519
110000145,1714,707,1007
110000146,1116,440,676
110000147,304,382,-78
110000148,345,159,186
110000151,681,758,-77
110000152,509,297,212
110000153,113,28,85
110000154,11,26,-15
110000155,904,2509,-1605
110000156,889,1765,-876
110000157,1325,1405,-80
110000160,297,173,124
110000161,135,156,-21
110000166,310,52,258
110000167,493,414,79
110000168,783,384,399
110000169,654,251,403
110000170,119,38,81
110000171,446,106,340
110000172,107,456,-349
110000173,685,678,7
110000174,119,441,-322
110000175,522,33,489
110000176,59,263,-204
110000177,123,653,-530
110000178,271,978,-707
110000179,595,211,384
110000180,180,130,50
110000181,367,174,193
110000182,192,69,123
110000183,4032,4598,-566
110000184,202,1597,-1395
110000185,432,428,4
110000186,475,484,-9
110000191,1015,166,849
110000192,494,6,488
110000193,881,12,869
110000194,13,445,-432
110000195,345,137,208
110000196,246,131,115
110000197,85,54,31
110000198,69,27,42
110000199,36,143,-107
110000200,567,287,280
110000201,515,760,-245
110000202,885,526,359
110000203,410,393,17
110000204,4,113,-109
110000205,122,55,67
110000206,372,605,-233
110000207,952,216,736
110000208,141,147,-6
110000209,73,490,-417
110000210,1114,251,863
110000211,560,361,199
110000212,300,729,-429
110000213,172,50,122
110000214,278,68,210
110000215,115,166,-51
110000216,127,153,-26
110000217,292,111,181
110000218,161,151,10
110000219,247,35,212
110000220,48,113,-65
110000221,274,35,239
110000222,53,128,-75
110000223,4,127,-123
110000224,36,3,33
110000225,193,493,-300
110000226,249,36,213
110000227,541,523,18
110000228,164,113,51
110000229,1,130,-129
110000230,332,336,-4
110000231,92,125,-33
110000232,202,119,83
110000233,149,136,13
110000234,401,429,-28
110000235,561,609,-48
110000236,430,337,93
110000237,1391,739,652
110000238,838,830,8
110000239,1369,716,653
110000240,1,44,-43
110000242,0,1,-1
110000243,104,76,28
110000244,80,216,-136
110000245,46,228,-182
110000246,545,255,290
110000247,562,1722,-1160
110000248,1036,681,355
110000249,77,10,67
110000250,11,49,-38
110000251,194,182,12
110000252,194,118,76
110000253,805,311,494
110000254,331,477,-146
110000255,158,547,-389
110000256,330,189,141
110000257,405,269,136
110000258,5,127,-122
110000259,108,13,95
110000260,24,99,-75
110000263,260,28,232
110000264,254,159,95
110000265,854,1158,-304
110000266,1028,1554,-526
110000267,11,90,-79
110000268,194,229,-35
110000269,5,39,-34
110000270,55,1,54
110000271,775,142,633
110000272,817,618,199
110000273,1274,798,476
110000274,101,1010,-909
110000275,816,398,418
110000276,241,233,8
110000277,257,228,29
110000278,255,420,-165
110000279,650,517,133
110000280,362,246,116
110000281,46,161,-115
110000282,170,19,151
110000283,49,58,-9
110000284,28,30,-2
110000285,1,290,-289
110000286,9,0,9
110000287,38,4,34
110000288,5,46,-41
110000289,388,1307,-919
110000290,448,418,30
110000291,1949,840,1109
110000292,838,3034,-2196
110000293,430,417,13
110000294,861,658,203
110000295,101,355,-254
110000296,314,181,133
110000297,1382,154,1228
110000298,106,239,-133
110000299,103,51,52
110000301,277,15,262
110000302,404,428,-24
110000303,321,8,313
110000304,128,142,-14
110000305,879,9,870
110000306,111,656,-545
110000307,1119,3,1116
110000308,288,7,281
110000309,0,360,-360
110000310,521,50,471
110000311,13,310,-297
110000312,272,60,212
110000313,1168,1435,-267
110000314,2,80,-78
110000315,1674,1486,188
110000316,304,847,-543
110000317,125,379,-254
110000318,5,22,-17
110000319,14,17,-3
110000320,15,23,-8
110000321,1,21,-20
110000322,153,166,-13
110000323,269,81,188
110000324,1577,955,622
110000325,1463,2107,-644
110000327,258,165,93
110000328,99,173,-74
110000333,574,439,135
110000334,408,698,-290
110000335,582,226,356
110000336,515,508,7
110000337,1210,338,872
110000338,372,114,258
110000339,193,134,59
110000340,25,138,-113
110000341,361,339,22
110000342,145,0,145
110000343,0,7,-7
110000344,158,236,-78
110000345,384,149,235
110000346,1400,1279,121
110000347,894,562,332
110000348,10,9,1
110000349,4,10,-6
110000350,43,2,41
110000351,792,509,283
110000352,458,973,-515
110000353,1390,433,957
110000354,600,1923,-1323
110000355,63,40,23
110000356,477,12,465
110000357,332,8,324
110000361,12,30,-18
110000362,102,7,95
110000363,344,84,260
110000364,170,155,15
110000365,129,2,127
110000366,2,67,-65
110000367,228,108,120
110000368,1,40,-39
110000369,48,4,44
110000373,2,176,-174
110000374,35,9,26
110000375,86,584,-498
110000376,13,50,-37
110000377,68,305,-237
110000378,10,254,-244
110000379,1517,1290,227
110000380,46,8,38
110000383,6,1114,-1108
110000384,1241,854,387
110000385,0,112,-112
110000387,58,7,51
110000388,29,97,-68
110000389,650,8,642
110000391,490,126,364
110000396,123,97,26
110000397,134,65,69
110000398,2,20,-18
110000399,110,3,107
110000587,115,71,44
110000589,158,85,73
110000640,144,38,106
110000652,12,116,-104
110000653,276,232,44
110000654,16,852,-836
110000656,1,227,-226
110000674,17,13,4
110000675,7,12,-5
110000676,1,28,-27
110000679,171,833,-662
110000682,83,90,-7
110000683,172,269,-97
110000684,1,26,-25
110000685,9,6,3
110000686,13,10,3
110000687,13,1,12
110000688,43,662,-619
110000689,30,21,9
110000692,32,78,-46
110000693,34,167,-133
110000694,1,68,-67
110000695,106,303,-197
110000696,56,36,20
110900001,150,5,145
110900002,378,115,263
110900003,498,213,285
110900004,303,90,213
110900005,1234,1759,-525
110900006,51,16,35
110900007,85,27,58
110900008,6,36,-30
110900009,271,98,173
110900010,16,38,-22
110900011,11,29,-18
110900012,28,49,-21
110900013,600,101,499
110900014,178,11,167
110900015,266,433,-167
110900016,65,106,-41
110900017,269,22,247
110900018,315,45,270
110900019,216,17,199
110900020,90,127,-37
110900021,57,192,-135
110900022,62,137,-75
110900023,39,284,-245
110900024,25,149,-124
110900025,1,27,-26
110900027,20,120,-100
110900028,27,64,-37
110900029,11,121,-110
110900030,34,101,-67
110900031,104,108,-4
110900032,1,45,-44
110900033,32,86,-54
110900035,16,316,-300
110900036,97,17,80
110900037,62,17,45
110900038,477,155,322
110900039,10,164,-154
110900040,150,28,122
110900041,30,47,-17
110900042,88,44,44
110900043,5,36,-31
110900044,146,13,133
110900045,60,175,-115
110900046,16,106,-90
110900047,191,218,-27
110900049,64,53,11
110900050,15,4,11
110900051,30,151,-121
110900052,3,84,-81
110900053,64,13,51
110900054,18,91,-73
110900055,12,2,10
110900056,37,112,-75
110900057,1,72,-71
110900058,198,80,118
110900059,330,230,100
110900060,332,79,253
110900061,16,27,-11
110900062,123,119,4
110900063,28,80,-52
110900064,14,0,14
110900065,179,116,63
110900066,12,47,-35
110900067,146,435,-289
110900068,161,133,28
110900069,6,10,-4
110900070,99,63,36
110900071,150,419,-269
110900073,0,9,-9
110900074,300,62,238
110900075,241,37,204
110900077,632,358,274
110900078,45,18,27
110900079,1430,935,495
110900080,116,45,71
110900081,11,28,-17
110900082,107,56,51
110900083,103,50,53
110900084,49,59,-10
110900085,42,144,-102
110900086,38,257,-219
110900087,260,47,213
110900088,3,0,3
110900090,29,46,-17
110900091,2,33,-31
110900093,154,68,86
110900095,46,22,24
110900097,20,22,-2
110900098,30,54,-24
110900099,24,188,-164
110900100,0,14,-14
110900102,36,11,25
110900105,464,107,357
110900108,27,20,7
110900111,316,79,237
110900112,593,10,583
110900113,238,44,194
110900115,4,34,-30
110900116,635,765,-130
110900118,74,2090,-2016
110900119,1237,146,1091
110900120,11,50,-39
110900121,98,2,96
110900122,301,132,169
110900125,357,324,33
110900127,396,950,-554
110900128,276,346,-70
110900129,261,589,-328
110900130,659,533,126
110900131,128,13,115
110900132,256,40,216
110900133,37,99,-62
110900135,26,92,-66
110900136,277,7,270
110900138,1,0,1
110900139,24,0,24
110900140,5,0,5
110900141,257,206,51
110900142,49,63,-14
110900143,125,51,74
110900144,0,350,-350
110900145,126,53,73
110900146,156,157,-1
110900147,70,179,-109
110900148,2,135,-133
110900149,1,44,-43
110900150,14,11,3
110900151,1,31,-30
110900152,26,98,-72
110900153,149,30,119
111000001,513,389,124
111000002,500,399,101
111000003,1148,552,596
111000004,326,613,-287
111000005,1106,880,226
111000006,671,1235,-564
111000007,2720,2086,634
111000008,1197,1961,-764
111000009,382,537,-155
111000010,659,224,435
111000011,299,731,-432
111000012,548,256,292
111000013,371,682,-311
111000014,1111,371,740
111000017,125,630,-505
111000018,218,257,-39
111000020,641,1187,-546
111000021,60,58,2
111000023,69,73,-4
111000025,3532,2426,1106
111000029,76,81,-5
111000030,22,75,-53
111000031,1380,738,642
111000032,426,232,194
111000033,180,213,-33
111000034,111,222,-111
111000037,672,351,321
111000038,2296,1226,1070
111000039,1361,1257,104
111000040,1319,1327,-8
111000041,1180,1011,169
111000042,1436,1494,-58
111000043,1246,2630,-1384
111000044,1441,1021,420
111000045,2027,1774,253
111000046,1279,1172,107
111000047,2080,3153,-1073
111000049,335,246,89
111000050,803,770,33
111000051,401,597,-196
111000052,404,888,-484
111000053,278,602,-324
111000054,221,489,-268
111000055,951,948,3
111000056,194,257,-63
111000057,97,285,-188
111000058,433,69,364
111000059,512,261,251
111000060,3005,733,2272
111000061,484,247,237
111000062,750,281,469
111000063,1292,742,550
111000064,611,449,162
111000065,902,682,220
111000066,420,274,146
111000067,572,406,166
111000068,630,748,-118
111000069,1311,1273,38
111000070,799,720,79
111000071,287,422,-135
111000072,1096,402,694
111000073,275,764,-489
111000074,1116,1290,-174
111000075,905,477,428
111000076,405,396,9
111000077,1390,1428,-38
111000078,2403,1035,1368
111000079,809,394,415
111000080,450,456,-6
111000081,1063,2830,-1767
111000082,504,472,32
111000084,586,351,235
111000085,583,699,-116
111000086,1314,648,666
111000087,501,309,192
111000088,2570,1709,861
111000089,577,548,29
111000090,505,964,-459
111000091,570,261,309
111000092,1023,521,502
111000093,556,720,-164
111000094,1291,639,652
111000095,444,1471,-1027
111000096,933,5058,-4125
111000097,3471,1321,2150
111000098,771,744,27
111000099,539,1021,-482
111000100,295,837,-542
111000101,307,492,-185
111000102,184,273,-89
111000104,443,101,342
111000107,78,384,-306
111000109,488,154,334
111000110,1178,424,754
111000111,2022,297,1725
111000112,1648,478,1170
111000113,815,1294,-479
111000114,1919,2628,-709
111000115,2832,818,2014
111000116,807,544,263
111000117,310,587,-277
111000118,895,561,334
111000119,959,577,382
111000120,437,408,29
111000121,240,536,-296
111000122,442,724,-282
111000123,742,1336,-594
111000124,306,1095,-789
111000125,199,653,-454
111000126,93,484,-391
111000127,884,126,758
111000128,1574,181,1393
111000129,2245,349,1896
111000130,1794,428,1366
111000131,1604,378,1226
111000132,1311,750,561
111000133,151,75,76
111000134,102,38,64
111000135,54,109,-55
111000136,342,192,150
111000138,12,4,8
111000140,0,4,-4
111000141,126,347,-221
111000142,32,219,-187
111000143,8,394,-386
111000144,55,2157,-2102
111000145,420,18,402
111000146,117,11,106
111000147,140,21,119
111000148,100,82,18
111000149,3,26,-23
111000150,20,6,14
111000151,3,15,-12
111000153,449,635,-186
111000154,557,189,368
111000155,87,136,-49
111000156,422,508,-86
111000157,219,780,-561
111000158,587,521,66
111000159,2116,722,1394
111000160,363,373,-10
111000161,10,320,-310
111000162,28,124,-96
111000163,570,442,128
111000164,416,1725,-1309
111000165,635,306,329
111000166,1286,282,1004
111000167,134,215,-81
111000168,159,271,-112
111000169,306,470,-164
111000170,312,239,73
111000171,336,328,8
111000172,129,228,-99
111000173,329,361,-32
111000174,149,149,0
111000175,38,150,-112
111000176,294,59,235
111000177,304,138,166
111000178,1132,137,995
111000179,261,78,183
111000180,189,289,-100
111000181,1122,138,984
111000182,212,112,100
111000183,194,155,39
111000184,246,122,124
111000185,239,217,22
111000186,187,123,64
111000187,108,104,4
111000188,274,282,-8
111000189,642,402,240
111000190,176,210,-34
111000191,127,169,-42
111000192,161,276,-115
111000193,248,203,45
111000194,54,189,-135
111000195,129,198,-69
111000196,65,114,-49
111000197,417,91,326
111000198,603,70,533
111000199,201,90,111
111000200,442,205,237
111000201,629,189,440
111000202,268,182,86
111000203,328,205,123
111000204,360,1049,-689
111000213,203,323,-120
111000214,1133,841,292
111000215,958,821,137
111000217,1231,575,656
111000218,847,696,151
111000219,287,162,125
111000220,687,383,304
111000221,417,85,332
111000224,42,171,-129
111000225,308,210,98
111000226,71,4,67
111000227,37,9,28
111000228,23,297,-274
111000229,37,716,-679
111000230,151,155,-4
111000231,888,355,533
111000232,489,481,8
111000233,725,468,257
111000234,122,319,-197
111000239,65,99,-34
111000240,37,153,-116
111000241,28,190,-162
111000242,167,53,114
111000243,98,261,-163
111000244,389,77,312
111000245,766,239,527
111000246,547,175,372
111000247,261,503,-242
111000248,571,239,332
111000249,407,374,33
111000250,46,51,-5
111000251,34,63,-29
111000253,3,8,-5
111000255,49,6,43
111000257,38,11,27
111000260,35,843,-808
111000261,1013,56,957
111000271,50,196,-146
111000273,1628,750,878
111000274,1011,1519,-508
111000275,137,48,89
111000276,217,792,-575
111000277,145,217,-72
111000278,499,143,356
111000291,772,4744,-3972
111000298,423,131,292
111000299,498,105,393
111000300,92,348,-256
111000302,260,45,215
111000303,65,127,-62
111000312,47,52,-5
111000315,8,46,-38
111000320,201,396,-195
111000321,275,104,171
111000322,327,302,25
111000323,260,23,237
111000324,250,161,89
111000325,42,55,-13
111000326,180,162,18
111000327,264,215,49
111000328,239,351,-112
111000329,0,23,-23
111000330,55,5,50
111000331,20,2,18
111000332,433,941,-508
111000334,252,743,-491
111000335,689,166,523
111000337,1102,247,855
111000338,21,56,-35
111000339,406,108,298
111000340,100,299,-199
111000341,944,382,562
111000342,124,1372,-1248
111000344,819,529,290
111000345,144,137,7
111000346,42,229,-187
111000347,90,3,87
111000350,118,67,51
111000351,77,172,-95
111000352,163,49,114
111000353,116,149,-33
111000354,326,77,249
111000355,184,310,-126
111000358,135,510,-375
111000360,150,271,-121
111000361,110,101,9
111000546,429,332,97
111000547,297,211,86
111000548,78,219,-141
111000549,235,170,65
111000550,89,569,-480
111000551,581,136,445
111000552,608,180,428
111000907,343,7,336
111000908,39,1,38
111000916,1500,191,1309
111000917,27,232,-205
111000918,167,321,-154
111000920,468,15,453
111000921,4,110,-106
111000922,362,191,171
111000924,36,373,-337
111000925,2238,1451,787
111000926,875,941,-66
111000927,2053,3091,-1038
111000928,3270,1709,1561
111000929,1126,930,196
111000930,658,1233,-575
111000931,1689,2063,-374
111000932,3055,1303,1752
111000933,2330,1850,480
111000934,1174,1934,-760
111000935,1251,562,689
111000936,839,1237,-398
111000937,852,875,-23
111000938,991,927,64
111000939,469,29,440
111000940,314,60,254
111000941,301,197,104
111000943,457,197,260
111000944,108,182,-74
111000945,65,741,-676
111001109,405,377,28
111001110,164,327,-163
111001111,49,1,48
111001112,73,2,71
111001113,1,94,-93
111001114,430,136,294
111001115,32,608,-576
111001116,2450,2627,-177
111001117,329,1724,-1395
111001120,123,107,16
111001121,124,149,-25
111001122,208,257,-49
111001123,288,44,244
111001124,142,78,64
111001125,1,101,-100
111001126,5,0,5
111001127,0,25,-25
111001128,415,343,72
111900001,2,128,-126
111900002,4,305,-301
111900003,0,177,-177
111900004,18,64,-46
111900006,11,24,-13
111900007,73,6,67
111900008,149,3,146
111900009,116,0,116
111900010,284,258,26
111900012,42,70,-28
111900013,24,35,-11
111900014,2268,3425,-1157
111900015,0,46,-46
111900016,1,54,-53
111900017,0,40,-40
111900018,114,2,112
111900019,2,57,-55
111900020,3,34,-31
111900021,35,60,-25
111900022,3,26,-23
111900023,43,47,-4
111900024,13,73,-60
111900025,0,28,-28
111900026,1,52,-51
111900027,5,84,-79
111900028,0,155,-155
111900029,2,43,-41
111900030,19,195,-176
111900031,4,2,2
111900032,1,147,-146
111900033,10,58,-48
111900034,285,248,37
111900035,49,117,-68
111900036,0,149,-149
111900038,208,321,-113
111900039,38,236,-198
111900040,1,224,-223
111900042,9,113,-104
111900043,1,152,-151
111900044,216,109,107
111900046,27,104,-77
111900048,234,315,-81
111900049,26,136,-110
111900050,65,26,39
111900051,2,168,-166
111900052,296,235,61
111900053,526,1302,-776
111900054,71,0,71
111900055,9,176,-167
111900056,127,336,-209
111900057,89,24,65
111900058,482,265,217
111900059,836,478,358
111900060,260,4,256
111900061,4,81,-77
111900062,15,37,-22
111900063,236,277,-41
111900064,95,117,-22
111900065,113,20,93
111900066,107,130,-23
111900067,3,239,-236
111900068,41,21,20
111900069,76,12,64
111900070,149,78,71
111900071,1,175,-174
111900072,53,14,39
111900073,671,152,519
111900074,14,110,-96
111900075,44,3,41
111900076,152,52,100
111900077,26,0,26
111900078,274,26,248
111900079,39,28,11
111900080,171,221,-50
111900082,157,33,124
111900083,174,12,162
111900084,92,3,89
111900085,17,125,-108
111900086,58,2,56
111900087,60,0,60
111900088,495,9,486
111900089,132,0,132
111900090,28,49,-21
111900091,236,0,236
111900092,78,0,78
111900093,378,3,375
111900094,124,0,124
111900095,205,21,184
111900096,146,0,146
111900097,51,1,50
111900098,223,4,219
111900099,80,0,80
111900100,101,5,96
111900101,70,27,43
111900102,523,228,295
111900103,32,48,-16
111900104,106,39,67
111900105,246,132,114
111900106,397,34,363
111900110,761,230,531
111900111,134,72,62
111900112,254,2216,-1962
111900113,150,94,56
111900118,270,65,205
111900119,220,137,83
111900122,86,106,-20
111900123,8,32,-24
111900124,19,47,-28
111900125,446,27,419
111900126,224,1,223
111900127,3,412,-409
111900128,2,276,-274
111900129,233,5,228
111900130,138,12,126
111900131,441,2,439
111900132,22,399,-377
111900133,3,173,-170
111900134,3,116,-113
111900135,13,34,-21
111900136,77,131,-54
111900137,43,40,3
111900138,11,68,-57
111900139,13,53,-40
111900140,100,14,86
111900141,44,4,40
111900142,69,22,47
111900143,49,88,-39
111900144,6,62,-56
111900145,2,215,-213
111900146,1,121,-120
111900147,101,179,-78
111900148,10,351,-341
111900149,8,144,-136
111900150,11,91,-80
111900151,6,24,-18
111900152,78,68,10
111900153,771,622,149
111900154,24,229,-205
111900155,36,51,-15
111900156,71,44,27
111900157,125,15,110
111900158,367,53,314
111900159,267,18,249
111900160,293,2,291
111900161,179,2,177
111900162,101,137,-36
111900163,21,133,-112
111900164,74,37,37
111901113,392,79,313
111901114,205,143,62
111901115,70,3,67
111901116,40,2,38
111901117,18,14,4
111901118,31,189,-158
111901119,387,31,356
111901121,131,136,-5
111901122,5,319,-314
111901123,147,193,-46
111901124,182,1,181
111901125,372,162,210
111901127,204,307,-103
111901128,5,26,-21
111901129,0,40,-40
111901130,4,66,-62
111901131,7,176,-169
111901132,109,28,81
111901133,24,1,23
111901134,61,0,61
111901135,42,10,32
111901136,5,43,-38
111901138,251,31,220
111901139,24,13,11
111901140,15,45,-30
111901141,7,72,-65
111901142,4,75,-71
111901143,0,42,-42
111901144,53,28,25
111901145,108,240,-132
111901146,269,29,240
111901147,209,182,27
111901148,6,54,-48
111901149,7,1,6
111901150,18,0,18
111901151,0,0,0
112000001,1182,409,773
112000002,448,1244,-796
112000003,1146,744,402
112000004,422,402,20
112000005,2793,3126,-333
112000006,1640,918,722
112000007,2608,1852,756
112000008,1832,2986,-1154
112000009,1792,1401,391
112000010,2107,2613,-506
112000011,1077,879,198
112000012,2227,2990,-763
112000013,2029,1928,101
112000014,1440,1639,-199
112000015,2289,1900,389
112000016,2139,1401,738
112000017,961,1842,-881
112000024,1704,599,1105
112000026,1661,1934,-273
112000027,521,548,-27
112000028,642,778,-136
112000029,429,475,-46
112000030,146,37,109
112000031,870,2814,-1944
112000032,138,28,110
112000033,1181,1403,-222
112000034,117,25,92
112000035,49,259,-210
112000036,447,648,-201
112000037,541,617,-76
112000038,729,781,-52
112000039,110,40,70
112000040,44,147,-103
112000041,373,245,128
112000042,725,292,433
112000050,989,955,34
112000051,867,998,-131
112000054,1042,950,92
112000057,368,222,146
112000058,141,260,-119
112000059,266,430,-164
112000061,1550,934,616
112000062,864,557,307
112000063,476,1455,-979
112000064,1948,2752,-804
112000065,1114,1397,-283
112000066,2321,1125,1196
112000067,486,435,51
112000068,2310,2125,185
112000069,332,1015,-683
112000070,1050,744,306
112000071,739,1326,-587
112000072,1835,647,1188
112000073,1002,1192,-190
112000074,1151,868,283
112000075,1228,967,261
112000076,2275,1646,629
112000077,694,319,375
112000078,1262,327,935
112000079,1101,875,226
112000080,621,473,148
112000081,1122,1693,-571
112000082,936,526,410
112000083,467,664,-197
112000084,890,553,337
112000085,823,487,336
112000086,1159,576,583
112000087,469,424,45
112000088,720,249,471
112000089,300,224,76
112000090,154,150,4
112000091,490,556,-66
112000092,1533,804,729
112000093,1196,610,586
112000094,575,583,-8
112000095,495,497,-2
112000096,486,403,83
112000097,1070,543,527
112000098,674,431,243
112000099,504,1290,-786
112000100,1566,570,996
112000101,397,467,-70
112000102,1072,377,695
112000103,274,501,-227
112000105,546,749,-203
112000106,1581,330,1251
112000107,112,127,-15
112000108,252,806,-554
112000109,153,96,57
112000110,1332,479,853
112000111,496,1506,-1010
112000112,1747,399,1348
112000113,507,884,-377
112000114,1581,612,969
112000115,285,272,13
112000116,383,494,-111
112000117,806,503,303
112000118,756,463,293
112000119,320,396,-76
112000120,56,173,-117
112000121,141,217,-76
112000122,247,122,125
112000123,695,124,571
112000124,326,64,262
112000125,221,209,12
112000126,250,184,66
112000127,1098,1532,-434
112000128,407,354,53
112000129,108,67,41
112000130,207,74,133
112000131,37,166,-129
112000132,88,161,-73
112000133,328,109,219
112000134,315,228,87
112000135,881,430,451
112000136,612,606,6
112000137,1222,912,310
112000138,943,634,309
112000139,568,577,-9
112000140,560,706,-146
112000141,728,288,440
112000142,147,284,-137
112000143,973,202,771
112000144,177,574,-397
112000145,2177,437,1740
112000146,444,1048,-604
112000147,2383,1369,1014
112000148,1255,1157,98
112000149,329,289,40
112000150,173,350,-177
112000151,316,203,113
112000152,359,255,104
112000153,91,138,-47
112000154,105,137,-32
112000155,91,72,19
112000157,398,380,18
112000158,245,180,65
112000159,393,188,205
112000167,238,103,135
112000169,316,337,-21
112000173,580,145,435
112000175,290,230,60
112000176,1217,1139,78
112000177,557,151,406
112000178,70,165,-95
112000179,265,78,187
112000180,166,252,-86
112000181,1042,1002,40
112000182,1082,700,382
112000183,22,30,-8
112000184,348,173,175
112000185,541,284,257
112000187,2695,1671,1024
112000195,86,11,75
112000196,174,3,171
112000197,140,131,9
112000198,30,170,-140
112000199,683,613,70
112000202,383,1,382
112000216,31,152,-121
112000230,76,2,74
112000231,3,135,-132
112000256,87,177,-90
112000313,57,62,-5
112000314,40,43,-3
112000337,149,366,-217
112000352,127,316,-189
112000392,903,855,48
112000398,1165,589,576
112000399,1192,1573,-381
112000400,1016,1087,-71
112000401,1951,1190,761
112000402,2464,2571,-107
112000403,1033,2384,-1351
112000404,873,678,195
112000405,1498,2102,-604
112000406,1922,1171,751
112000407,6044,6259,-215
112000408,4559,2897,1662
112000409,1407,2312,-905
112000410,217,333,-116
112000411,1925,1276,649
112000412,1141,488,653
112000413,4369,4712,-343
112000414,107,46,61
112000415,72,24,48
112000416,2127,1080,1047
112000417,254,50,204
112000421,57,45,12
112000422,219,129,90
112000424,1199,2221,-1022
112000425,278,468,-190
112000426,147,206,-59
112000427,3,23,-20
112000428,225,228,-3
112000429,1429,1422,7
112000430,1911,1896,15
112000431,79,90,-11
112000432,402,479,-77
112000433,175,337,-162
112000437,41,74,-33
112900001,42,3,39
112900002,424,460,-36
112900003,64,201,-137
112900004,37,115,-78
112900005,229,130,99
112900007,47,197,-150
112900008,0,51,-51
112900009,260,118,142
112900010,461,552,-91
112900011,108,120,-12
112900012,0,37,-37
112900013,3,84,-81
112900014,0,106,-106
112900015,215,382,-167
112900016,4,198,-194
112900017,42,132,-90
112900018,232,360,-128
112900019,25,121,-96
112900020,241,609,-368
112900021,1,127,-126
112900022,6,32,-26
112900023,3,69,-66
112900024,30,151,-121
112900025,44,164,-120
112900026,7,111,-104
112900027,5,519,-514
112900028,22,73,-51
112900029,14,319,-305
112900030,72,107,-35
112900031,6,227,-221
112900032,146,176,-30
112900034,0,20,-20
112900035,2,231,-229
112900036,21,128,-107
112900037,197,172,25
112900038,520,98,422
112900039,7,189,-182
112900040,5,275,-270
112900041,331,669,-338
112900042,79,163,-84
112900043,25,34,-9
112900044,373,314,59
112900045,126,189,-63
112900046,100,39,61
112900047,4,13,-9
112900049,247,64,183
112900050,16,317,-301
112900051,175,277,-102
112900052,3,406,-403
112900053,148,92,56
112900054,122,46,76
112900055,66,34,32
112900056,224,176,48
112900057,22,348,-326
112900058,224,277,-53
112900059,99,95,4
112900060,19,101,-82
112900061,82,60,22
112900062,58,70,-12
112900063,76,16,60
112900064,100,146,-46
112900065,28,30,-2
112900066,158,142,16
112900067,186,107,79
112900068,41,35,6
112900069,982,627,355
112900071,35,12,23
112900072,88,1703,-1615
112900073,282,67,215
112900074,63,234,-171
112900075,689,688,1
112900076,56,25,31
112900078,260,352,-92
112900079,151,19,132
112900080,66,1,65
112900081,43,161,-118
112900082,480,16,464
112900083,116,111,5
112900084,190,103,87
112900086,125,0,125
112900087,589,107,482
112900088,114,12,102
112900089,613,25,588
112900090,92,24,68
112900091,232,2,230
112900092,75,342,-267
112900093,741,10,731
112900095,44,0,44
112900096,388,129,259
112900097,48,151,-103
112900098,73,0,73
112900099,663,19,644
112900100,82,1,81
112900101,310,4,306
112900102,79,6,73
112900103,158,5,153
112900104,487,3,484
112900105,13,0,13
112900106,325,78,247
112900107,6,2,4
112900108,14,0,14
112900109,115,0,115
112900110,1146,28,1118
112900111,533,1,532
112900112,354,2,352
112900113,0,10,-10
112900114,176,12,164
112900115,1337,1,1336
112900116,108,52,56
112900117,71,28,43
112900118,25,51,-26
112900119,152,5,147
112900120,553,182,371
112900121,51,87,-36
112900122,5,62,-57
112900123,97,13,84
112900124,19,42,-23
112900125,24,239,-215
112900126,148,125,23
112900127,252,114,138
112900128,111,431,-320
112900129,1,373,-372
112900130,177,71,106
112900131,24,166,-142
112900132,47,284,-237
112900133,25,575,-550
112900134,0,121,-121
112900135,69,32,37
112900137,0,305,-305
112900138,6,104,-98
112900139,124,666,-542
112900141,505,37,468
112900142,49,140,-91
112900143,20,231,-211
112900144,1,415,-414
112900145,18,267,-249
112900146,3,582,-579
112900147,2,735,-733
112900148,57,0,57
112900149,220,312,-92
112900151,19,45,-26
112900152,2496,462,2034
112900153,1397,1869,-472
112900154,0,68,-68
112900155,182,18,164
112900156,262,633,-371
112900157,374,52,322
112900158,74,12,62
112900159,163,126,37
112900160,71,177,-106
112900161,90,40,50
112900162,24,16,8
112900163,74,40,34
112900164,32,145,-113
112900165,66,22,44
112900166,10,75,-65
112900167,9,47,-38
112900168,3,3,0
112900169,18,11,7
112900170,125,96,29
112900172,22,11,11
112900173,122,55,67
112900174,198,38,160
112900175,102,120,-18
112900176,25,50,-25
112900177,178,47,131
112900178,422,2038,-1616
112900179,23,269,-246
112900180,1520,850,670
112900181,568,9,559
112900182,41,450,-409
112900183,75,172,-97
112900184,263,300,-37
112900185,153,351,-198
112900186,600,703,-103
112900187,70,330,-260
112900188,492,635,-143
112900189,14,6,8
112900190,8,20,-12
112900192,459,535,-76
112900193,767,260,507
112900194,42,40,2
112900195,707,39,668
112900196,189,222,-33
112900197,118,197,-79
112900199,508,349,159
112900200,367,129,238
112900201,129,58,71
112900202,384,487,-103
112900203,200,145,55
112900204,616,467,149
112900205,7,9,-2
112900206,22,94,-72
112900207,15,0,15
112900208,79,324,-245
112900209,408,243,165
112900210,2,20,-18
112900211,54,12,42
112900212,0,75,-75
112900213,48,8,40
112900214,22,20,2
112900215,14,127,-113
112900216,29,28,1
112900217,0,36,-36
112900218,43,13,30
112900219,113,19,94
112900220,1,0,1
112900221,58,57,1
112900222,0,26,-26
112900223,711,22,689
112900224,265,212,53
112900225,365,178,187
112900226,111,166,-55
112900227,429,350,79
112900228,64,18,46
112900229,209,20,189
112900230,3418,2235,1183
112900232,217,274,-57
112900233,37,88,-51
112900234,15,53,-38
112900235,125,29,96
112900236,271,8,263
112900237,178,131,47
112900238,4,11,-7
112900239,395,376,19
112900240,1,29,-28
112900241,2,48,-46
112900242,2,49,-47
112900243,11,45,-34
112900244,6,48,-42
112900245,2,20,-18
112900246,0,7,-7
112900247,88,16,72
112900248,4,1,3
112900249,29,5,24
112900250,58,17,41
112900251,46,4,42
112900252,71,14,57
112900253,33,5,28
112900254,16,3,13
112900255,1,29,-28
112900256,0,34,-34
112900257,13,26,-13
112900258,29,18,11
113000001,4337,3361,976
113000002,2400,2275,125
113000003,1438,1099,339
113000004,999,1646,-647
113000005,1329,734,595
113000006,782,1011,-229
113000007,1612,808,804
113000008,1248,1092,156
113000009,830,527,303
113000010,775,782,-7
113000011,623,841,-218
113000012,1418,448,970
113000013,890,600,290
113000014,948,1051,-103
113000015,262,109,153
113000016,161,564,-403
113000017,19,212,-193
113000018,325,37,288
113000019,128,193,-65
113000020,466,43,423
113000021,790,384,406
113000022,534,673,-139
113000025,83,293,-210
113000026,313,317,-4
113000027,446,543,-97
113000028,381,447,-66
113000029,594,512,82
113000030,185,403,-218
113000031,163,239,-76
113000032,134,252,-118
113000033,156,327,-171
113000034,177,203,-26
113000035,35,32,3
113000036,9,35,-26
113000037,57,25,32
113000038,9,34,-25
113000039,41,240,-199
113000040,44,53,-9
113000042,600,424,176
113000051,628,1576,-948
113000052,1545,505,1040
113000053,324,221,103
113000054,278,503,-225
113000055,997,322,675
113000056,862,621,241
113000058,404,606,-202
113000059,825,357,468
113000060,206,406,-200
113000061,378,591,-213
113000062,450,233,217
113000063,191,42,149
113000064,45,143,-98
113000065,124,373,-249
113000066,612,75,537
113000067,1799,650,1149
113000068,280,524,-244
113000069,467,511,-44
113000070,1845,628,1217
113000071,303,256,47
113000072,653,287,366
113000073,190,789,-599
113000074,644,255,389
113000075,1178,544,634
113000076,461,1530,-1069
113000077,591,546,45
113000078,424,1265,-841
113000079,333,619,-286
113000080,382,622,-240
113000081,459,506,-47
113000082,640,443,197
113000083,412,568,-156
113000084,971,644,327
113000085,611,547,64
113000086,619,608,11
113000087,640,629,11
113000088,1427,820,607
113000089,655,1031,-376
113000090,202,473,-271
113000091,285,255,30
113000094,921,161,760
113000095,153,435,-282
113000096,78,421,-343
113000097,744,250,494
113000098,58,32,26
113000099,577,293,284
113000100,76,217,-141
113000101,207,362,-155
113000102,465,451,14
113000103,1152,289,863
113000104,316,1522,-1206
113000105,604,282,322
113000106,209,212,-3
113000107,660,514,146
113000108,524,557,-33
113000109,465,912,-447
113000110,1126,285,841
113000111,166,356,-190
113000112,281,213,68
113000113,735,250,485
113000114,245,852,-607
113000116,428,211,217
113000117,534,89,445
113000118,50,288,-238
113000119,262,215,47
113000120,55,180,-125
113000121,316,586,-270
113000124,185,108,77
113000125,37,544,-507
113000127,1277,143,1134
113000128,449,241,208
113000129,303,472,-169
113000133,1080,694,386
113000134,4,830,-826
113000135,2832,3184,-352
113000137,946,2371,-1425
113000139,152,197,-45
113000140,75,145,-70
113000141,73,129,-56
113000142,201,524,-323
113000143,133,125,8
113000144,180,338,-158
113000145,55,99,-44
113000146,110,39,71
113000147,153,67,86
113000148,167,81,86
113000149,102,78,24
113000150,373,212,161
113000151,58,33,25
113000152,28,48,-20
113000153,707,301,406
113000154,434,1023,-589
113000155,238,514,-276
113000156,93,205,-112
113000157,164,489,-325
113000158,489,186,303
113000159,564,475,89
113000160,441,517,-76
113000161,184,173,11
113000162,654,260,394
113000163,80,44,36
113000164,19,39,-20
113000166,140,53,87
113000167,39,59,-20
113000168,62,66,-4
113000169,200,46,154
113000170,91,76,15
113000171,34,67,-33
113000172,187,34,153
113000173,86,33,53
113000174,85,271,-186
113000175,288,83,205
113000176,376,138,238
113000177,144,304,-160
113000178,125,160,-35
113000179,240,126,114
113000180,368,701,-333
113000181,929,471,458
113000182,102,235,-133
113000183,79,341,-262
113000184,30,53,-23
113000189,219,481,-262
113000190,344,336,8
113000192,640,2132,-1492
113000193,1451,1859,-408
113000194,586,730,-144
113000195,800,1000,-200
113000196,136,56,80
113000197,699,807,-108
113000198,46,144,-98
113000199,823,196,627
113000201,163,291,-128
113000202,2647,499,2148
113000203,89,131,-42
113000204,516,1992,-1476
113000205,5,11,-6
113000206,4,14,-10
113000207,80,15,65
113000208,25,32,-7
113000209,17,14,3
113000210,3,17,-14
113000211,121,226,-105
113000212,43,27,16
113000213,20,104,-84
113000214,129,206,-77
113000234,106,442,-336
113000410,106,205,-99
113000411,1277,2407,-1130
113000412,3065,1469,1596
113000413,1051,2044,-993
113000414,2587,7639,-5052
113000415,1259,1435,-176
113000416,3736,2223,1513
113000417,1114,1519,-405
113000418,2978,2567,411
113000419,983,1166,-183
113000420,2658,3947,-1289
113000421,2821,4362,-1541
113000422,6072,6277,-205
113000423,1112,3412,-2300
113000424,1396,6651,-5255
113000425,0,60,-60
113000428,34,19,15
113000430,1,63,-62
113000432,1466,107,1359
113000433,60,387,-327
113000434,38,48,-10
113000435,30,191,-161
113000436,23,463,-440
113000437,942,18,924
113000438,258,8,250
113000439,28,45,-17
113000440,128,19,109
113000441,190,153,37
113000442,109,93,16
113000443,226,89,137
113000444,193,81,112
113000445,115,61,54
113000446,34,80,-46
113000448,168,99,69
113000449,104,516,-412
113000450,362,1241,-879
113000451,909,138,771
113000452,140,311,-171
113000453,43,357,-314
113000454,319,65,254
113000455,24,293,-269
113000456,1982,1561,421
113000468,665,76,589
113000469,41,49,-8
113000470,341,20,321
113000471,11,291,-280
113000472,80,182,-102
113000474,676,436,240
113000475,838,941,-103
113000476,1165,1297,-132
113000477,2722,1233,1489
113000478,2294,2852,-558
113000479,63,92,-29
113000485,0,0,0
113000486,0,0,0
113000487,0,0,0
113000488,0,0,0
113000489,0,3,-3
113000490,0,1,-1
113000491,2,0,2
113000492,0,0,0
113000493,0,0,0
113000495,120,98,22
113000496,94,77,17
113000499,0,0,0
113900001,2,213,-211
113900002,0,36,-36
113900003,0,36,-36
113900004,3,49,-46
113900005,1,48,-47
113900006,0,25,-25
113900007,10,0,10
113900008,17,0,17
113900009,42,0,42
113900010,26,3,23
113900011,31,0,31
113900012,26,2,24
113900013,64,3,61
113900014,359,2,357
113900015,0,24,-24
113900016,18,0,18
113900017,0,31,-31
113900018,267,228,39
113900019,148,35,113
113900020,97,0,97
113900022,30,0,30
113900023,26,1,25
113900024,53,23,30
113900025,126,17,109
113900026,26,0,26
113900027,4,26,-22
113900028,29,316,-287
113900029,77,96,-19
113900030,210,3,207
113900031,20,0,20
113900032,43,1,42
113900033,65,39,26
113900035,57,3,54
113900036,30,46,-16
113900037,160,277,-117
113900038,36,86,-50
113900039,99,11,88
113900040,9,17,-8
113900041,5,3,2
113900042,40,15,25
113900043,105,67,38
113900044,261,298,-37
113900045,43,1,42
113900046,152,359,-207
113900047,27,58,-31
113900048,104,85,19
113900049,301,303,-2
113900050,171,191,-20
113900051,166,148,18
113900052,85,75,10
113900053,427,398,29
113900054,11,3,8
113900055,76,213,-137
113900056,26,79,-53
113900057,11,59,-48
113900058,59,63,-4
113900059,172,168,4
113900060,64,124,-60
113900061,347,204,143
113900062,95,11,84
113900063,81,70,11
113900064,18,65,-47
113900065,278,13,265
113900066,251,161,90
113900067,135,101,34
113900068,252,376,-124
113900069,27,19,8
113900070,118,240,-122
113900071,19,27,-8
113900072,48,93,-45
113900073,226,212,14
113900074,67,138,-71
113900075,791,1007,-216
113900076,72,7,65
113900077,39,93,-54
113900078,23,43,-20
113900079,0,18,-18
113900080,353,112,241
113900081,39,84,-45
113900082,95,109,-14
113900083,268,157,111
113900084,131,73,58
113900085,32,136,-104
113900086,21,13,8
113900087,75,105,-30
113900088,51,93,-42
113900089,222,19,203
113900090,388,248,140
113900091,22,14,8
113900092,18,31,-13
113900093,51,565,-514
113900094,277,144,133
113900095,113,87,26
113900096,186,39,147
113900097,35,34,1
113900098,516,62,454
113900099,3,47,-44
113900100,0,0,0
113900101,16,42,-26
113900102,77,108,-31
113900103,252,188,64
113900104,86,200,-114
113900105,113,91,22
113900106,0,26,-26
113900107,0,13,-13
113900108,124,168,-44
113900109,222,187,35
113900110,28,13,15
113900111,162,71,91
113900112,118,52,66
113900113,554,280,274
113900114,1,28,-27
113900115,1,40,-39
113900116,72,92,-20
113900117,44,15,29
113900118,128,276,-148
113900119,104,285,-181
113900120,73,45,28
113900121,42,64,-22
113900122,182,1541,-1359
113900123,340,166,174
113900124,0,31,-31
113900125,388,88,300
113900126,70,41,29
113900127,253,515,-262
113900128,92,44,48
113900129,16,160,-144
113900130,6,46,-40
113900131,199,67,132
113900132,59,63,-4
113900133,19,95,-76
113900135,237,200,37
113900136,91,55,36
113900137,206,211,-5
113900138,46,94,-48
113900139,135,127,8
113900140,77,209,-132
113900141,337,125,212
113900142,126,33,93
113900143,17,27,-10
113900144,112,126,-14
113900145,282,76,206
113900146,100,28,72
113900148,76,242,-166
113900149,124,74,50
113900150,175,231,-56
113900151,278,79,199
113900152,47,39,8
113900153,118,301,-183
113900154,2,97,-95
113900155,149,171,-22
113900156,138,210,-72
113900157,33,229,-196
113900158,110,253,-143
113900159,15,214,-199
113900160,225,261,-36
113900161,31,179,-148
113900162,175,430,-255
113900163,107,129,-22
113900164,242,48,194
113900165,408,251,157
113900166,56,103,-47
113900167,228,32,196
113900168,54,50,4
113900169,126,172,-46
113900171,162,52,110
113900172,2,90,-88
113900173,13,242,-229
113900174,347,338,9
113900175,214,101,113
113900176,209,222,-13
113900177,254,141,113
113900178,182,70,112
113900179,12,160,-148
113900180,114,43,71
113900181,435,78,357
113900182,493,485,8
113900183,44,37,7
113900184,2,170,-168
113900185,122,35,87
113900186,28,21,7
113900187,15,66,-51
113900188,17,80,-63
113900189,186,76,110
113900190,131,47,84
113900191,58,90,-32
113900192,3,300,-297
113900193,15,85,-70
113900194,784,559,225
113900195,181,217,-36
113900196,1,63,-62
113900197,0,82,-82
113900198,25,208,-183
113900199,36,406,-370
113900200,15,125,-110
113900201,0,57,-57
113900202,28,174,-146
113900203,0,35,-35
113900204,23,242,-219
113900205,6,81,-75
113900206,1,63,-62
113900207,0,25,-25
113900208,0,19,-19
113900209,0,49,-49
113900210,273,441,-168
113900211,148,40,108
113900212,142,217,-75
113900214,163,263,-100
113900215,57,55,2
113900216,116,340,-224
113900217,67,113,-46
113900218,131,85,46
113900219,75,211,-136
113900220,88,104,-16
113900221,209,180,29
113900222,142,402,-260
113900223,164,406,-242
113900224,44,42,2
113900225,276,131,145
113900226,224,62,162
113900227,179,140,39
113900228,212,309,-97
113900229,37,551,-514
113900230,1860,2111,-251
113900231,96,91,5
113900232,81,40,41
113900233,52,31,21
113900234,226,220,6
113900235,88,11,77
113900236,189,195,-6
113900237,97,7,90
113900238,157,376,-219
113900239,29,67,-38
113900240,7,173,-166
113900241,105,29,76
113900242,31,117,-86
113900243,36,245,-209
113900244,125,117,8
113900245,641,189,452
113900246,13,25,-12
113900247,97,360,-263
113900248,1341,1152,189
113900249,517,459,58
113900250,35,92,-57
113900251,543,75,468
113900252,443,17,426
113900253,378,39,339
113900254,730,91,639
113900255,372,15,357
113900256,231,14,217
113900257,12,233,-221
113900258,9,146,-137
113900259,394,63,331
113900260,141,10,131
113900261,12,35,-23
113900262,95,278,-183
113900263,88,405,-317
113900264,2,213,-211
113900265,104,135,-31
113900266,35,70,-35
113900267,63,268,-205
113900268,192,245,-53
113900269,52,67,-15
113900270,189,458,-269
113900271,417,411,6
113900273,36,14,22
113900274,80,24,56
113900275,10,40,-30
113900276,0,40,-40
113900277,101,2,99
113900278,164,134,30
113900279,70,53,17
113900280,1049,405,644
113900281,454,924,-470
113900282,413,402,11
113900283,344,428,-84
113900284,516,91,425
113900285,99,39,60
113900286,19,59,-40
113900287,43,20,23
113900288,0,71,-71
113900289,346,73,273
113900290,124,158,-34
113900291,72,102,-30
113900292,3,3,0
113900293,2,127,-125
113900294,349,11,338
113900295,245,221,24
113900296,1124,370,754
113900297,1809,28,1781
113900298,11,820,-809
113900299,140,70,70
113900300,2213,2167,46
113900301,436,247,189
113900302,1512,758,754
113900303,252,347,-95
113900304,1,64,-63
113900305,113,1,112
113900306,47,0,47
113900307,6,0,6
113900308,42,52,-10
113900309,1,244,-243
113900310,0,8,-8
113900311,5,0,5
113900312,184,205,-21
113900313,5,1,4
113900314,0,2,-2
113900315,26,2,24
114000001,661,1396,-735
114000002,232,148,84
114000003,131,375,-244
114000004,253,151,102
114000005,182,127,55
114000006,1052,798,254
114000007,341,540,-199
114000008,713,1106,-393
114000009,522,129,393
114000011,2170,1390,780
114000012,2045,967,1078
114000013,1245,802,443
114000014,383,209,174
114000015,1338,159,1179
114000016,121,110,11
114000017,73,206,-133
114000018,72,16,56
114000026,1494,621,873
114000027,2712,1202,1510
114000028,1606,2043,-437
114000038,150,66,84
114000039,151,87,64
114000040,81,111,-30
114000042,116,90,26
114000043,285,140,145
114000044,215,81,134
114000045,34,31,3
114000046,1573,2078,-505
114000047,7,41,-34
114000048,47,87,-40
114000049,958,768,190
114000050,926,937,-11
114000051,1664,1129,535
114000052,2650,1107,1543
114000053,61,345,-284
114000054,116,389,-273
114000055,109,13,96
114000056,348,817,-469
114000057,2765,1379,1386
114000058,181,988,-807
114000059,104,213,-109
114000060,318,442,-124
114000061,1459,1944,-485
114000062,786,831,-45
114000063,1109,771,338
114000064,2115,2089,26
114000065,1090,1207,-117
114000066,280,378,-98
114000067,17,493,-476
114000068,288,413,-125
114000069,644,268,376
114000070,1517,1272,245
114000071,408,248,160
114000072,307,130,177
114000073,9,36,-27
114000074,51,9,42
114000075,34,46,-12
114000076,13,29,-16
114000077,7,10,-3
114000078,228,224,4
114000079,95,15,80
114000080,28,48,-20
114000081,48,50,-2
114000082,25,223,-198
114000083,39,98,-59
114000084,182,44,138
114000085,53,251,-198
114000086,127,170,-43
114000087,98,70,28
114000088,31,20,11
114000089,322,165,157
114000090,610,555,55
114000091,778,458,320
114000092,509,214,295
114000093,711,360,351
114000094,286,205,81
114000095,154,114,40
114000096,76,125,-49
114000097,84,167,-83
114000098,445,63,382
114000099,522,254,268
114000100,1114,284,830
114000101,356,278,78
114000102,453,217,236
114000103,103,215,-112
114000104,24,143,-119
114000105,77,50,27
114000106,431,766,-335
114000107,374,94,280
114000108,1024,693,331
114000109,533,1322,-789
114000110,416,772,-356
114000111,1315,641,674
114000112,503,1285,-782
114000113,1404,421,983
114000114,878,823,55
114000115,1784,914,870
114000116,587,1521,-934
114000117,2258,358,1900
114000118,1898,376,1522
114000119,1384,320,1064
114000120,343,336,7
114000121,366,563,-197
114000122,236,231,5
114000123,1324,231,1093
114000124,656,177,479
114000125,567,596,-29
114000126,1080,148,932
114000127,211,72,139
114000128,669,186,483
114000130,355,363,-8
114000131,216,42,174
114000132,311,226,85
114000133,455,602,-147
114000134,49,38,11
114000138,27,83,-56
114000139,317,218,99
114000144,577,443,134
114000145,47,68,-21
114000146,55,80,-25
114000147,1061,1733,-672
114000148,1398,1388,10
114000149,196,238,-42
114000150,775,988,-213
114000151,798,1616,-818
114000152,64,34,30
114000153,541,1381,-840
114000154,518,434,84
114000155,870,1659,-789
114000156,593,394,199
114000157,187,662,-475
114000158,756,409,347
114000159,129,199,-70
114000160,66,309,-243
114000161,756,2045,-1289
114000162,724,1864,-1140
114000163,18,30,-12
114000165,461,285,176
114000166,512,212,300
114000167,1598,908,690
114000168,402,422,-20
114000169,916,973,-57
114000170,889,826,63
114000171,926,3109,-2183
114000174,140,242,-102
114000176,315,304,11
114000177,1151,469,682
114000178,26,32,-6
114000179,890,560,330
114000180,287,446,-159
114000181,1268,2605,-1337
114000182,1121,1431,-310
114000183,542,594,-52
114000184,1324,523,801
114000185,868,487,381
114000189,824,91,733
114000190,2416,373,2043
114000191,43,84,-41
114000192,97,562,-465
114000193,373,1054,-681
114000194,974,505,469
114000195,222,30,192
114000196,3,92,-89
114000197,1159,51,1108
114000198,541,201,340
114000199,1391,1423,-32
114000200,389,739,-350
114000201,101,359,-258
114000202,578,233,345
114000203,570,342,228
114000204,120,300,-180
114000205,129,644,-515
114000206,447,825,-378
114000207,418,748,-330
114000208,305,979,-674
114000209,293,1040,-747
114000210,171,727,-556
114000211,806,876,-70
114000212,474,489,-15
114000213,981,363,618
114000214,60,77,-17
114000215,119,33,86
114000216,920,178,742
114000217,323,132,191
114000218,124,137,-13
114000219,986,95,891
114000220,11,438,-427
114000221,678,116,562
114000222,88,539,-451
114000223,434,129,305
114000224,53,335,-282
114000225,201,332,-131
114000226,163,176,-13
114000227,664,345,319
114000228,601,408,193
114000229,846,717,129
114000230,1183,647,536
114000231,754,841,-87
114000232,623,141,482
114000233,1575,83,1492
114000234,820,480,340
114000235,766,864,-98
114000236,0,284,-284
114000237,110,420,-310
114000238,107,139,-32
114000239,130,527,-397
114000240,505,585,-80
114000241,199,490,-291
114000242,523,474,49
114000243,1137,587,550
114000244,433,219,214
114000245,278,473,-195
114000246,65,31,34
114000247,542,346,196
114000248,880,356,524
114000249,357,330,27
114000250,511,402,109
114000251,346,141,205
114000252,27,33,-6
114000253,31,46,-15
114000254,35,39,-4
114000255,285,107,178
114000256,500,1434,-934
114000257,344,657,-313
114000258,200,174,26
114000259,77,168,-91
114000260,0,27,-27
114000261,30,37,-7
114000262,173,55,118
114000263,7,3,4
114000264,717,272,445
114000265,0,0,0
114000267,2,1037,-1035
114000268,0,659,-659
114000270,121,4,117
114000271,216,27,189
114000283,930,227,703
114000285,18,110,-92
114000288,72,185,-113
114000289,897,115,782
114000293,120,316,-196
114000294,92,137,-45
114000395,869,29,840
114000396,505,426,79
114000402,414,196,218
114000403,255,169,86
114000405,165,211,-46
114000423,307,167,140
114000424,321,75,246
114000425,655,125,530
114000426,234,648,-414
114000427,48,40,8
114000428,139,88,51
114000429,6,95,-89
114000432,66,68,-2
114000434,14,28,-14
114000435,1,98,-97
114900001,451,393,58
114900002,253,57,196
114900003,435,509,-74
114900004,233,248,-15
114900005,410,390,20
114900006,53,51,2
114900007,258,10,248
114900008,123,70,53
114900010,750,1049,-299
114900011,143,80,63
114900013,166,85,81
114900020,120,34,86
114900025,384,119,265
114900026,74,108,-34
114900029,122,25,97
114900030,184,107,77
114900031,299,25,274
114900032,258,13,245
114900034,33,84,-51
114900035,98,147,-49
114900036,120,265,-145
114900039,293,189,104
114900040,43,53,-10
114900041,621,197,424
114900042,741,212,529
114900044,115,24,91
114900047,187,1575,-1388
114900048,72,158,-86
114900049,16,107,-91
114900050,37,190,-153
114900051,13,167,-154
114900052,23,135,-112
114900053,40,228,-188
114900054,36,47,-11
114900057,137,12,125
114900058,1,50,-49
114900059,69,64,5
114900063,53,45,8
114900064,1315,173,1142
114900065,375,396,-21
114900067,32,238,-206
114900068,43,109,-66
114900069,116,65,51
114900070,290,154,136
114900072,2,192,-190
114900073,1,91,-90
114900074,469,294,175
114900075,240,5,235
114900076,4,161,-157
114900080,782,240,542
114900082,1897,1771,126
114900083,605,706,-101
114900090,246,98,148
114900091,69,120,-51
114900097,104,1,103
114900098,3,93,-90
114900099,143,9,134
115000001,2771,1731,1040
115000002,2537,3279,-742
115000003,3099,1386,1713
115000004,3062,4087,-1025
115000005,1104,1208,-104
115000006,895,1020,-125
115000007,191,153,38
115000008,322,425,-103
115000009,188,162,26
115000010,175,136,39
115000013,28,151,-123
115000015,61,202,-141
115000016,38,132,-94
115000019,39,274,-235
115000020,72,663,-591
115000021,168,288,-120
115000022,421,299,122
115000023,261,478,-217
115000024,734,330,404
115000025,623,578,45
115000026,119,282,-163
115000027,218,246,-28
115000028,164,560,-396
115000029,428,65,363
115000030,667,856,-189
115000031,1172,215,957
115000032,10,184,-174
115000033,113,32,81
115000034,56,746,-690
115000035,795,53,742
115000036,0,247,-247
115000037,419,11,408
115000038,35,118,-83
115000039,2167,2158,9
115000040,2742,1863,879
115000041,1010,2543,-1533
115000042,402,354,48
115000043,3354,1905,1449
115000044,3363,2326,1037
115000045,1938,875,1063
115000046,1867,1823,44
115000047,1653,954,699
115000048,1251,1173,78
115000049,1132,1929,-797
115000050,2469,1123,1346
115000051,1208,2110,-902
115000052,1162,1071,91
115000053,1278,1265,13
115000054,452,671,-219
115000055,126,564,-438
115000056,206,458,-252
115000057,464,811,-347
115000058,459,311,148
115000059,247,188,59
115000061,139,116,23
115000062,175,160,15
115000063,288,163,125
115000064,201,40,161
115000065,63,363,-300
115000067,151,13,138
115000069,89,208,-119
115000070,23,582,-559
115000071,63,5,58
115000072,12,50,-38
115000073,908,70,838
115000075,86,60,26
115000076,1822,1584,238
115000077,1221,972,249
115000078,952,653,299
115000079,816,819,-3
115000080,1645,1095,550
115000081,337,492,-155
115000082,3117,2502,615
115000083,1467,1012,455
115000084,1787,711,1076
115000085,588,457,131
115000086,937,430,507
115000087,247,827,-580
115000088,1172,509,663
115000089,927,704,223
115000090,317,649,-332
115000091,176,532,-356
115000092,616,303,313
115000093,365,1,364
115000094,3866,4236,-370
115000095,2601,4451,-1850
115000096,596,712,-116
115000097,905,560,345
115000098,838,428,410
115000099,1779,1533,246
115000100,865,282,583
115000101,353,821,-468
115000102,371,188,183
115000103,216,402,-186
115000105,81,51,30
115000106,490,256,234
115000107,131,188,-57
115000108,1760,1413,347
115000109,2324,3311,-987
115000110,946,1204,-258
115000111,512,848,-336
115000112,578,495,83
115000113,420,443,-23
115000114,1040,424,616
115000116,2505,1610,895
115000117,2335,2135,200
115000118,1348,1190,158
115000119,1177,1471,-294
115000120,348,947,-599
115000121,797,489,308
115000122,1307,1067,240
115000123,660,1374,-714
115000124,570,648,-78
115000125,280,446,-166
115000126,82,225,-143
115000127,269,74,195
115000128,234,557,-323
115000129,185,257,-72
115000130,304,364,-60
115000131,660,174,486
115000132,260,164,96
115000133,449,187,262
115000134,226,137,89
115000135,136,76,60
115000136,242,180,62
115000137,96,118,-22
115000138,306,199,107
115000139,186,126,60
115000140,376,192,184
115000141,179,146,33
115000142,134,133,1
115000143,638,434,204
115000144,439,60,379
115000145,235,155,80
115000146,401,256,145
115000147,219,277,-58
115000148,208,407,-199
115000149,390,160,230
115000150,438,333,105
115000151,720,288,432
115000152,427,320,107
115000153,700,286,414
115000154,612,173,439
115000155,463,470,-7
115000156,682,553,129
115000157,422,562,-140
115000158,318,368,-50
115000159,404,416,-12
115000160,334,276,58
115000161,78,293,-215
115000162,447,516,-69
115000163,392,506,-114
115000164,639,474,165
115000165,266,384,-118
115000167,140,41,99
115000168,277,196,81
115000169,293,287,6
115000170,103,136,-33
115000171,183,223,-40
115000172,513,437,76
115000173,285,461,-176
115000174,75,287,-212
115000175,153,58,95
115000176,71,39,32
115000177,36,43,-7
115000178,13,114,-101
115000179,11,10,1
115000180,75,292,-217
115000181,419,87,332
115000182,628,201,427
115000183,323,411,-88
115000186,482,166,316
115000187,159,457,-298
115000188,279,368,-89
115000189,114,326,-212
115000190,468,268,200
115000191,71,387,-316
115000194,98,112,-14
115000195,169,163,6
115000196,142,49,93
115000197,187,135,52
115000198,296,114,182
115000199,303,104,199
115000200,359,52,307
115000201,131,165,-34
115000206,256,29,227
115000207,115,207,-92
115000208,203,336,-133
115000209,415,209,206
115000210,93,63,30
115000211,145,148,-3
115000212,800,241,559
115000224,346,52,294
115000225,51,83,-32
115000229,93,90,3
115000230,58,219,-161
115000231,201,691,-490
115000232,1334,209,1125
115000233,85,91,-6
115000234,26,256,-230
115000241,90,141,-51
115000242,87,148,-61
115000243,56,123,-67
115000244,14,82,-68
115000246,60,15,45
115000247,7,16,-9
115000248,35,14,21
115000249,19,12,7
115000250,247,24,223
115000251,213,58,155
115000252,82,138,-56
115000253,12,324,-312
115000258,236,64,172
115000259,211,80,131
115000261,14,14,0
115000262,20,24,-4
115000263,7,33,-26
115000264,55,22,33
115000267,83,62,21
115000268,52,81,-29
115000269,86,52,34
115000270,3,8,-5
115000272,49,96,-47
115000273,360,18,342
115000280,1557,183,1374
115000281,252,726,-474
115000282,333,379,-46
115000284,189,108,81
115000296,825,11,814
115000297,127,127,0
115000298,87,373,-286
115000300,186,118,68
115000302,408,56,352
115000303,483,51,432
115000304,500,51,449
115000305,79,281,-202
115000306,104,121,-17
115000307,61,104,-43
115000308,22,14,8
115000310,873,365,508
115000311,802,682,120
115000313,81,317,-236
115000314,375,110,265
115000315,532,507,25
115000316,61,101,-40
115000317,103,262,-159
115000318,465,203,262
115000319,61,266,-205
115000320,10,247,-237
115000321,219,6,213
115000322,55,148,-93
115000449,152,112,40
115000557,0,875,-875
115000558,349,68,281
115000587,449,187,262
115000588,1388,1481,-93
115000589,2681,1531,1150
115000590,912,783,129
115000591,967,523,444
115000592,321,1001,-680
115000593,939,440,499
115000594,499,1922,-1423
115000609,120,144,-24
115000617,663,2112,-1449
115000624,205,43,162
115000633,293,1241,-948
115000634,2005,557,1448
115000635,524,87,437
115000638,375,361,14
115000641,34,115,-81
115000642,199,157,42
115000643,75,221,-146
115000644,91,231,-140
115000646,618,1187,-569
115000647,141,276,-135
115000648,1501,1008,493
115000893,1500,973,527
115000894,91,695,-604
115000895,252,680,-428
115000896,862,281,581
115000897,300,117,183
115000898,269,145,124
115000899,196,811,-615
115000900,54,281,-227
115000901,21,72,-51
115000912,237,56,181
115000913,5,4,1
115000915,14,0,14
115000916,2,0,2
115000917,0,7,-7
115000918,24,302,-278
115000919,8,4,4
115000920,8,45,-37
115000921,264,79,185
115000922,539,603,-64
115000923,208,1120,-912
115000925,86,69,17
115000927,46,67,-21
115000933,147,295,-148
115000934,157,152,5
115000935,109,59,50
115000936,7,491,-484
115000937,471,126,345
115000938,124,205,-81
115000939,126,132,-6
115000940,9,9,0
115000941,4,21,-17
115000942,11,79,-68
115000943,18,22,-4
115000944,1,1,0
115900001,114,19,95
115900002,56,45,11
115900003,176,45,131
115900004,1,31,-30
115900005,137,6,131
115900006,55,128,-73
115900008,54,3,51
115900009,56,82,-26
115900010,248,112,136
115900011,318,108,210
115900012,173,21,152
115900013,179,102,77
115900014,134,75,59
115900015,161,40,121
115900016,89,17,72
115900017,23,8,15
115900018,129,44,85
115900019,56,7,49
115900020,94,4,90
115900021,524,167,357
115900022,509,7,502
115900023,21,7,14
115900025,12,109,-97
115900026,494,97,397
115900027,0,138,-138
115900028,378,42,336
115900029,5,131,-126
115900030,33,27,6
115900031,157,183,-26
115900032,461,381,80
115900033,0,21,-21
115900034,23,147,-124
115900035,45,17,28
115900036,35,749,-714
115900037,19,154,-135
115900038,54,9,45
115900039,92,69,23
115900041,308,579,-271
115900042,39,3,36
115900043,56,20,36
115900044,115,129,-14
115900046,237,110,127
115900047,173,157,16
115900049,134,87,47
115900051,2,22,-20
115900052,7,144,-137
115900053,210,116,94
115900054,227,24,203
115900055,14,86,-72
115900056,94,77,17
115900057,25,17,8
115900058,31,34,-3
115900060,47,40,7
115900061,236,3,233
115900062,26,156,-130
115900063,80,9,71
115900064,106,149,-43
115900065,106,25,81
115900066,54,54,0
115900067,3,249,-246
115900068,1644,778,866
115900069,38,95,-57
115900070,159,55,104
115900071,1,130,-129
115900072,31,76,-45
115900073,66,77,-11
115900074,5,134,-129
115900075,24,124,-100
115900076,4,26,-22
115900077,4,109,-105
115900078,34,82,-48
115900079,252,8,244
115900080,252,131,121
115900081,14,28,-14
115900082,87,98,-11
115900084,425,6,419
115900085,22,32,-10
115900086,862,335,527
115900088,8,40,-32
115900089,259,357,-98
115900090,399,6,393
115900091,0,18,-18
115900092,36,63,-27
115900093,10,5,5
115900094,3,117,-114
115900096,3,3,0
115900097,7,207,-200
115900098,131,172,-41
115900099,39,31,8
115900100,7,293,-286
115900101,151,123,28
115900102,62,38,24
115900103,227,79,148
115900104,71,46,25
115900105,195,250,-55
115900106,96,23,73
115900107,50,46,4
115900108,119,26,93
115900109,36,154,-118
115900110,2,13,-11
115900111,3,36,-33
115900112,27,311,-284
115900113,65,11,54
115900114,3,74,-71
115900115,53,108,-55
115900116,85,413,-328
115900117,94,9,85
115900118,2,145,-143
115900119,96,74,22
115900120,30,138,-108
115900121,123,113,10
115900124,188,482,-294
115900125,283,40,243
115900126,506,66,440
115900127,522,37,485
115900128,11,47,-36
115900129,423,43,380
115900130,12,143,-131
115900131,199,17,182
115900132,478,10,468
115900134,242,34,208
115900135,224,706,-482
115900137,40,3,37
115900139,29,53,-24
115900140,224,22,202
115900141,7,36,-29
115900142,7,21,-14
115900143,178,176,2
115900144,130,128,2
115900146,7,27,-20
115900147,203,219,-16
115900148,70,4,66
115900149,106,13,93
115900150,67,23,44
115900151,5,80,-75
115900152,111,159,-48
115900153,108,115,-7
115900154,271,280,-9
115900155,0,28,-28
115900156,458,562,-104
115900157,171,352,-181
115900158,15,9,6
115900159,91,148,-57
115900160,4,14,-10
115900161,30,77,-47
115900163,168,44,124
115900164,494,34,460
115900166,104,80,24
115900168,91,56,35
115900171,49,233,-184
115900172,37,62,-25
115900173,252,84,168
115900174,168,141,27
115900175,94,107,-13
115900178,2,239,-237
115900179,235,6,229
115900180,23,58,-35
115900181,150,82,68
115900182,371,91,280
115900183,35,45,-10
115900184,826,5,821
115900187,3,118,-115
115900189,0,153,-153
115900190,89,806,-717
115900191,31,131,-100
115900192,6,67,-61
115900193,81,49,32
115900194,450,60,390
115900195,447,1519,-1072
115900198,149,184,-35
115900199,137,94,43
115900200,143,175,-32
115900201,423,390,33
115900202,0,59,-59
115900203,4,14,-10
115900204,0,9,-9
115900205,68,18,50
115900206,153,67,86
115900207,36,15,21
115900208,51,59,-8
115900209,12,107,-95
115900210,3,88,-85
115900211,3,94,-91
115900212,124,92,32
115900213,56,88,-32
115900214,466,103,363
115900215,23,168,-145
115900216,1,86,-85
115900217,1,35,-34
115900218,0,23,-23
115900219,115,4,111
115900220,172,1,171
115900221,91,7,84
115900222,58,42,16
115900223,4,378,-374
115900224,442,939,-497
115900225,29,36,-7
115900226,19,28,-9
115900227,4,46,-42
115900228,9,32,-23
115900229,14,27,-13
115900230,36,75,-39
115900231,79,4,75
115900232,38,0,38
115900233,56,13,43
115900234,46,17,29
115900235,22,24,-2
115900236,30,48,-18
115900237,16,25,-9
115900238,22,17,5
115900239,13,27,-14
115900240,9,26,-17
115900241,120,47,73
115900242,128,250,-122
115900243,4,5,-1
115900244,6,9,-3
115900245,51,5,46
115900246,6,15,-9
115900247,32,15,17
115900248,9,4,5
115900249,10,11,-1
115900250,14,11,3
115900251,0,11,-11
115900252,2,1,1
115900253,5,12,-7
115900254,5,23,-18
115900255,4,15,-11
115900256,24,69,-45
115900257,5,12,-7
115900258,0,0,0
115900259,2,3,-1
115900260,7,0,7
115900261,9,2,7
115900262,0,0,0
115900263,9,1,8
115900264,3,1,2
115900265,1,4,-3
115900266,7,19,-12
115900267,11,13,-2
115900268,3,1,2
115900269,348,158,190
115900270,247,138,109
115900271,86,2,84
115900272,31,4,27
115900273,8,12,-4
115900274,2,2,0
115900275,0,8,-8
115900276,0,3,-3
115900277,0,32,-32
115900278,27,46,-19
115900279,14,142,-128
115900280,14,341,-327
115900281,169,252,-83
115900282,11,9,2
115900283,18,18,0
115900284,32,4,28
116000001,4129,2199,1930
116000002,3181,8014,-4833
116000003,839,825,14
116000004,1839,2638,-799
116000005,1202,2030,-828
116000006,1870,1933,-63
116000007,1725,1764,-39
116000008,2686,1630,1056
116000009,820,1209,-389
116000010,1922,1150,772
116000011,707,1193,-486
116000012,1281,971,310
116000013,4189,2576,1613
116000014,5717,8685,-2968
116000015,73,1042,-969
116000016,2899,2585,314
116000017,25,639,-614
116000018,540,166,374
116000019,699,233,466
116000020,537,408,129
116000021,452,221,231
116000022,327,209,118
116000023,773,518,255
116000024,414,518,-104
116000025,565,601,-36
116000026,1304,1701,-397
116000027,484,496,-12
116000028,389,848,-459
116000029,392,617,-225
116000030,700,433,267
116000031,149,328,-179
116000032,276,144,132
116000033,272,376,-104
116000034,578,605,-27
116000035,285,580,-295
116000036,1027,1263,-236
116000037,422,339,83
116000038,183,373,-190
116000039,320,475,-155
116000040,367,390,-23
116000041,100,294,-194
116000042,573,273,300
116000043,54,495,-441
116000044,8,50,-42
116000045,1502,1136,366
116000046,905,1299,-394
116000047,1226,1670,-444
116000048,1328,1637,-309
116000049,1128,2656,-1528
116000050,1197,1031,166
116000051,5598,2238,3360
116000052,5155,3930,1225
116000053,1539,631,908
116000054,703,1790,-1087
116000055,623,618,5
116000056,737,888,-151
116000057,2082,1239,843
116000058,2229,2257,-28
116000059,2169,3566,-1397
116000060,1283,838,445
116000061,476,823,-347
116000062,355,192,163
116000063,438,888,-450
116000066,159,436,-277
116000067,177,237,-60
116000068,174,208,-34
116000069,137,257,-120
116000078,436,835,-399
116000080,1558,608,950
116000082,5,20,-15
116000083,1446,373,1073
116000084,1281,1965,-684
116000085,1695,1408,287
116000086,1302,738,564
116000087,1853,1254,599
116000088,520,547,-27
116000089,119,68,51
116000090,62,134,-72
116000091,190,233,-43
116000093,483,175,308
116000094,510,390,120
116000095,660,286,374
116000096,464,927,-463
116000097,744,306,438
116000098,54,4022,-3968
116000099,2872,184,2688
116000100,230,10,220
116000101,706,332,374
116000102,255,578,-323
116000103,402,196,206
116000104,168,751,-583
116000105,879,95,784
116000106,344,888,-544
116000107,1711,329,1382
116000108,187,143,44
116000111,97,19,78
116000113,111,64,47
116000114,53,96,-43
116000115,252,73,179
116000116,256,203,53
116000117,1045,1006,39
116000118,989,698,291
116000119,2493,1468,1025
116000120,2166,2059,107
116000121,742,440,302
116000122,804,804,0
116000123,892,309,583
116000124,301,437,-136
116000125,1599,371,1228
116000126,210,833,-623
116000127,750,710,40
116000128,1670,649,1021
116000129,726,141,585
116000130,440,318,122
116000133,826,548,278
116000134,1360,895,465
116000135,1905,1121,784
116000136,613,1048,-435
116000137,875,431,444
116000138,543,454,89
116000139,1119,1576,-457
116000140,105,118,-13
116000141,199,324,-125
116000142,2004,1458,546
116000143,1469,1245,224
116000144,1083,1054,29
116000145,1477,784,693
116000146,481,56,425
116000147,144,93,51
116000148,407,441,-34
116000149,492,406,86
116000151,377,307,70
116000153,82,225,-143
116000155,112,173,-61
116000156,230,505,-275
116000157,83,17,66
116000158,297,316,-19
116000159,12,12,0
116000160,10,26,-16
116000161,6,43,-37
116000162,59,68,-9
116000163,27,2,25
116000164,3,31,-28
116000177,70,91,-21
116000194,83,280,-197
116000195,1063,488,575
116000196,7,5,2
116000197,5,12,-7
116000198,1577,849,728
116000200,431,393,38
116000201,487,452,35
116000202,7,149,-142
116000203,0,70,-70
116000204,17,36,-19
116000205,1,93,-92
116000206,6,130,-124
116000207,8,65,-57
116000233,116,220,-104
116000287,153,251,-98
116000288,259,129,130
116000292,36,42,-6
116000296,14,165,-151
116000297,86,20,66
116000304,100,19,81
116000305,11,42,-31
116000346,111,40,71
116000352,89,13,76
116000354,12,9,3
116000357,1,17,-16
116000358,246,54,192
116000361,133,1,132
116000372,2206,3081,-875
116000381,62,5,57
116000388,1,34,-33
116000389,549,393,156
116000445,346,212,134
116000446,516,317,199
116000447,22,441,-419
116000448,367,122,245
116000563,623,801,-178
116000565,46,205,-159
116000568,26,116,-90
116000579,22,99,-77
116000584,11,0,11
116000585,30,26,4
116000586,48,107,-59
116000587,509,576,-67
116000589,26,32,-6
116000590,59,49,10
116000591,264,174,90
116000592,4,61,-57
116000593,0,22,-22
116000594,492,257,235
116000595,416,62,354
116000596,93,2,91
116000597,299,97,202
116000598,22,77,-55
116000605,171,72,99
116000606,44,186,-142
116000607,6,15,-9
116000609,136,739,-603
116000611,98,253,-155
116000612,716,1469,-753
116000613,478,262,216
116000614,319,319,0
116000615,1,222,-221
116000616,28,65,-37
116000617,113,19,94
116000618,4,36,-32
116000619,39,54,-15
116000620,158,398,-240
116000621,53,66,-13
116000622,53,130,-77
116000624,227,80,147
116000627,85,14,71
116000628,24,145,-121
116000629,20,92,-72
116000630,184,16,168
116000631,125,34,91
116000632,615,54,561
116000633,100,110,-10
116000634,293,87,206
116000635,1618,1770,-152
116000636,493,1088,-595
116000637,332,34,298
116000638,135,165,-30
116000639,70,0,70
116000640,27,16,11
116000641,27,76,-49
116000643,3,83,-80
116000644,16,182,-166
116000645,16,5,11
116900001,208,111,97
116900002,175,3,172
116900003,25,23,2
116900004,34,41,-7
116900005,219,42,177
116900006,76,114,-38
116900007,90,111,-21
116900008,294,149,145
116900009,10,7,3
116900010,1,527,-526
116900011,7,25,-18
116900012,195,149,46
116900013,1,58,-57
116900014,130,96,34
116900015,457,55,402
116900016,207,1,206
116900017,0,247,-247
116900019,2,143,-141
116900020,441,723,-282
116900023,53,6,47
116900024,596,151,445
116900025,844,356,488
116900026,69,317,-248
116900027,73,27,46
116900028,3,60,-57
116900029,0,45,-45
116900031,1,1,0
116900032,0,176,-176
116900033,18,22,-4
116900034,2,49,-47
116900035,102,76,26
116900036,2,56,-54
116900038,27,0,27
116900041,18,4,14
116900042,312,165,147
116900043,15,27,-12
116900047,19,131,-112
116900049,29,160,-131
116900050,89,230,-141
116900051,97,66,31
116900052,119,49,70
116900055,1,6,-5
116900057,16,99,-83
116900058,13,213,-200
116900059,1,66,-65
116900060,130,127,3
116900062,1,13,-12
116900064,55,263,-208
116900065,12,53,-41
116900067,76,30,46
116900068,106,121,-15
116900070,1,1,0
116900072,26,187,-161
116900073,14,58,-44
116900074,6,19,-13
116900076,6,27,-21
116900077,11,46,-35
116900078,182,53,129
116900079,25,89,-64
116900080,3,12,-9
116900081,280,733,-453
116900082,365,623,-258
116900083,41,15,26
116900084,90,72,18
116900085,53,91,-38
116900086,27,110,-83
116900088,203,66,137
116900090,99,42,57
116900091,259,7,252
116900092,87,421,-334
116900093,1427,1137,290
116900094,1946,2609,-663
116900095,178,65,113
116900096,75,264,-189
116900097,1760,2293,-533
116900098,629,315,314
116900099,330,480,-150
116900100,777,27,750
116900101,210,266,-56
116900103,5,0,5
116900104,50,73,-23
116900105,273,123,150
116900106,1571,127,1444
116900107,1665,1761,-96
116900110,14,1,13
116900111,467,123,344
116900112,165,341,-176
116900113,508,710,-202
116900116,69,626,-557
116900117,85,70,15
116900118,527,600,-73
116900120,229,49,180
116900121,88,15,73
116900122,688,318,370
116900123,191,376,-185
116900124,158,629,-471
116900125,304,92,212
116900126,64,360,-296
116900128,0,28,-28
116900129,1,183,-182
116900130,297,2286,-1989
116900131,47,184,-137
116900132,39,67,-28
116900133,88,97,-9
116900134,137,149,-12
116900136,154,142,12
116900137,158,99,59
116900138,132,119,13
116900139,100,263,-163
116900140,130,99,31
116900141,662,332,330
116900142,5,48,-43
116900143,235,190,45
116900144,23,56,-33
116900145,51,114,-63
116900147,239,626,-387
116900148,7,28,-21
116900149,50,248,-198
116900150,8,11,-3
116900151,30,19,11
116900153,133,50,83
116900154,233,452,-219
116900155,37,41,-4
116900157,443,129,314
116900158,129,250,-121
116900159,52,221,-169
116900160,648,505,143
116900161,2796,4705,-1909
116900163,104,75,29
116900164,54,63,-9
116900165,183,117,66
116900166,13,60,-47
116900167,354,31,323
116900168,298,38,260
116900169,248,580,-332
116900170,243,443,-200
116900171,31,40,-9
116900172,119,327,-208
116900173,152,31,121
116900174,54,39,15
116900175,159,206,-47
116900178,26,58,-32
116900179,56,250,-194
116900180,62,15,47
116900182,385,147,238
116900183,147,54,93
116900185,38,56,-18
116900186,28,63,-35
116900187,43,21,22
116900188,116,26,90
116900189,36,0,36
116900191,337,475,-138
116900192,227,58,169
116900194,270,1324,-1054
116900195,33,30,3
116900196,53,97,-44
116900197,84,7,77
116900198,90,150,-60
116900200,74,27,47
116900201,110,3,107
116900202,89,69,20
116900203,132,3,129
116900204,36,78,-42
116900206,9,4,5
116900207,25,19,6
116900208,8,55,-47
116900209,37,75,-38
116900210,382,217,165
116900211,186,2,184
116900212,57,31,26
116900213,163,78,85
116900214,150,98,52
116900215,24,46,-22
116900216,202,113,89
116900218,1,89,-88
116900219,1075,264,811
116900220,107,132,-25
116900221,97,233,-136
116900222,363,328,35
116900223,100,191,-91
116900226,64,21,43
116900227,122,37,85
116900228,219,84,135
116900230,82,349,-267
116900231,22,371,-349
116900232,721,101,620
116900233,646,395,251
116900234,21,4,17
116900235,382,221,161
116900238,1113,221,892
116900239,0,701,-701
116900240,2861,2386,475
116900241,99,57,42
116900242,366,496,-130
116900243,9,17,-8
116900245,28,44,-16
116900246,72,16,56
116900247,692,16,676
116900248,86,21,65
116900249,280,89,191
116900250,265,17,248
116900251,333,482,-149
116900252,137,654,-517
116900254,219,265,-46
116900255,110,37,73
116900256,263,81,182
116900257,18,186,-168
116900258,2,117,-115
116900259,204,9,195
116900260,3,51,-48
116900261,66,1,65
116900262,158,110,48
116900263,0,9,-9
116900264,94,24,70
116900265,32,0,32
116900266,15,14,1
116900267,17,0,17
116900268,121,83,38
116900269,257,473,-216
116900271,431,196,235
116900272,245,201,44
116900273,83,65,18
116900274,104,36,68
116900275,207,112,95
116900276,222,111,111
116900277,260,34,226
116900278,9,6,3
116900279,1,9,-8
116900280,36,13,23
116900281,2754,3430,-676
116900282,2,25,-23
116900283,9,49,-40
116900284,27,108,-81
116900285,130,136,-6
116900286,126,16,110
116900287,20,37,-17
116900288,45,69,-24
116900289,12,17,-5
116900290,8,14,-6
116900291,19,9,10
116900292,0,16,-16
116900293,49,15,34
116900294,13,72,-59
116900295,81,82,-1
116900296,32,64,-32
116900297,7,85,-78
116900298,53,86,-33
116900299,10,36,-26
116900300,1,51,-50
116900301,30,118,-88
116900302,30,56,-26
116900303,82,46,36
116900304,0,110,-110
116900305,11,23,-12
116900306,181,52,129
116900307,66,1,65
116900308,0,58,-58
116900309,51,41,10
116900310,13,28,-15
117000001,1468,1135,333
117000002,1408,2743,-1335
117000003,4912,2357,2555
117000004,2173,3407,-1234
117000005,1961,1442,519
117000006,1019,1981,-962
117000007,3209,913,2296
117000008,689,2056,-1367
117000009,3340,1448,1892
117000010,1809,2106,-297
117000011,1634,1056,578
117000012,833,826,7
117000013,1504,612,892
117000014,834,1630,-796
117000015,1595,867,728
117000016,185,136,49
117000017,112,98,14
117000018,80,402,-322
117000019,65,31,34
117000020,307,1008,-701
117000021,792,589,203
117000022,178,168,10
117000023,92,317,-225
117000024,137,231,-94
117000025,232,999,-767
117000026,1388,1248,140
117000027,907,2959,-2052
117000028,1194,1380,-186
117000030,245,319,-74
117000031,352,238,114
117000032,927,859,68
117000033,898,551,347
117000034,399,248,151
117000035,431,303,128
117000036,342,228,114
117000037,305,206,99
117000038,118,455,-337
117000039,373,180,193
117000040,213,455,-242
117000041,689,136,553
117000044,7,396,-389
117000045,454,73,381
117000046,340,792,-452
117000047,1250,507,743
117000048,1160,511,649
117000049,79,413,-334
117000050,110,977,-867
117000051,1685,80,1605
117000052,48,175,-127
117000053,424,30,394
117000054,1232,7,1225
117000055,40,1426,-1386
117000056,450,28,422
117000057,338,1450,-1112
117000060,377,697,-320
117000061,1397,718,679
117000062,231,421,-190
117000063,1465,841,624
117000064,493,438,55
117000066,477,647,-170
117000067,90,408,-318
117000074,76,154,-78
117000076,32,16,16
117000077,97,141,-44
117000078,65,488,-423
117000079,307,147,160
117000080,1,247,-246
117000081,757,88,669
117000082,6,66,-60
117000083,523,162,361
117000084,123,1,122
117000085,221,588,-367
117000086,429,232,197
117000087,104,379,-275
117000088,194,108,86
117000089,1280,156,1124
117000090,245,684,-439
117000091,678,195,483
117000092,297,688,-391
117000093,1058,579,479
117000094,989,1747,-758
117000095,3102,680,2422
117000096,487,1439,-952
117000097,1288,726,562
117000098,1539,2396,-857
117000099,2895,916,1979
117000100,171,255,-84
117000101,151,533,-382
117000102,1479,528,951
117000103,536,946,-410
117000104,1173,439,734
117000105,694,860,-166
117000106,1004,511,493
117000107,351,1077,-726
117000108,1425,696,729
117000109,788,1445,-657
117000110,1219,787,432
117000111,2574,2903,-329
117000112,2293,1135,1158
117000113,115,137,-22
117000114,162,55,107
117000115,85,71,14
117000116,112,147,-35
117000117,944,778,166
117000118,177,132,45
117000119,120,172,-52
117000120,73,412,-339
117000121,39,720,-681
117000122,246,546,-300
117000123,1051,43,1008
117000124,182,86,96
117000125,87,116,-29
117000126,27,15,12
117000127,121,188,-67
117000128,308,553,-245
117000129,242,919,-677
117000130,130,2,128
117000131,1,66,-65
117000132,2049,17,2032
117000133,1648,17,1631
117000134,1,54,-53
117000135,1,65,-64
117000136,0,3,-3
117000137,93,107,-14
117000138,4,492,-488
117000140,354,993,-639
117000141,1590,483,1107
117000181,191,147,44
117000182,478,460,18
117000195,105,511,-406
117000196,186,100,86
117000225,97,37,60
117000226,1,104,-103
117000276,278,20,258
117000277,0,162,-162
117000310,865,1525,-660
117000315,52,541,-489
117000320,77,1,76
117000906,330,15,315
117000907,5,184,-179
117000909,44,36,8
117000910,170,137,33
117000911,75,93,-18
117000915,4,240,-236
117000916,64,1,63
117000917,1058,23,1035
117000918,97,68,29
117000919,2,38,-36
117000920,3,534,-531
117000921,2,529,-527
117000922,23,49,-26
117000924,311,566,-255
117000926,384,99,285
117000927,539,606,-67
117000928,0,92,-92
117000929,273,173,100
117000930,245,15,230
117000931,106,104,2
117900002,65,271,-206
117900003,396,270,126
117900005,22,56,-34
117900006,0,32,-32
117900007,99,60,39
117900008,0,26,-26
117900010,194,46,148
117900011,21,103,-82
117900012,39,29,10
117900013,0,78,-78
117900014,392,115,277
117900015,16,74,-58
117900016,698,596,102
117900017,488,295,193
117900018,118,115,3
117900019,344,164,180
117900020,36,386,-350
117900021,22,25,-3
117900023,564,71,493
117900024,30,40,-10
117900025,62,10,52
117900026,332,151,181
117900028,24,1,23
117900029,219,308,-89
117900031,94,72,22
117900032,684,594,90
117900033,248,284,-36
117900034,54,15,39
117900035,114,110,4
117900036,161,197,-36
117900037,146,67,79
117900038,58,137,-79
117900039,0,32,-32
117900040,83,207,-124
117900041,3,26,-23
117900042,2176,195,1981
117900043,21,36,-15
117900044,13,2291,-2278
117900045,112,108,4
117900048,270,206,64
117900049,220,247,-27
117900050,7,86,-79
117900051,11,1,10
117900052,43,258,-215
117900053,1194,394,800
117900054,14,20,-6
117900055,240,180,60
117900056,44,39,5
117900057,682,765,-83
117900058,37,33,4
117900059,163,89,74
117900060,2060,2912,-852
117900061,11,213,-202
117900063,282,109,173
117900065,355,717,-362
117900066,1,74,-73
117900067,357,112,245
117900069,578,168,410
117900070,111,59,52
117900071,45,89,-44
117900073,349,159,190
117900074,83,75,8
117900075,50,49,1
117900076,45,42,3
117900077,285,81,204
117900078,231,573,-342
117900080,116,24,92
117900081,305,285,20
117900082,317,288,29
117900083,259,221,38
117900086,123,20,103
117900087,122,31,91
117900088,2271,1273,998
117900089,1673,545,1128
117900090,384,212,172
117900091,67,113,-46
117900092,45,10,35
117900093,88,20,68
117900094,43,26,17
117900095,231,394,-163
117900096,65,173,-108
117900097,216,13,203
117900098,37,9,28
117900099,107,163,-56
117900100,237,3,234
117900101,357,1331,-974
117900102,80,19,61
117900103,31,1,30
117900104,9,95,-86
117900105,88,148,-60
117900106,92,21,71
117900107,26,2,24
117900109,489,270,219
117900110,97,0,97
117900111,286,5,281
117900112,58,6,52
117900113,1150,1090,60
117900114,20,0,20
117900115,108,54,54
117900116,513,539,-26
117900117,394,169,225
117900118,44,1,43
117900119,124,50,74
117900120,193,32,161
117900121,53,7,46
117900122,900,2471,-1571
117900123,580,240,340
117900124,422,450,-28
117900125,1381,1439,-58
117900126,181,285,-104
117900127,347,182,165
117900128,280,264,16
117900129,68,0,68
117900130,496,270,226
117900131,0,105,-105
117900132,9,80,-71
117900133,4,65,-61
117900134,24,145,-121
117900135,20,84,-64
117900136,0,23,-23
117900137,27,182,-155
117900138,0,20,-20
117900139,124,60,64
117900140,2132,251,1881
117900141,62,146,-84
117900142,104,80,24
117900144,36,216,-180
117900145,23,32,-9
117900146,83,124,-41
117900147,76,43,33
117900148,1479,1143,336
117900149,114,124,-10
117900150,26,22,4
117900151,28,54,-26
117900152,62,44,18
117900153,15,68,-53
117900154,352,378,-26
117900156,727,514,213
117900157,50,431,-381
117900158,175,108,67
117900160,570,518,52
117900161,1758,1182,576
117900162,321,293,28
117900163,32,147,-115
117900165,0,8,-8
117900166,87,441,-354
117900168,64,138,-74
117900169,4,81,-77
117900170,2,24,-22
117900171,1,8,-7
117900172,16,20,-4
117900173,115,86,29
117900174,14,38,-24
117900175,14,13,1
117900176,23,23,0
117900177,19,25,-6
117900178,75,26,49
117900180,166,27,139
117900181,40,262,-222
117900182,2,25,-23
117900183,49,143,-94
117900184,19,54,-35
117900185,33,48,-15
117900186,37,28,9
117900187,22,12,10
117900188,170,41,129
117900189,37,32,5
117900190,29,0,29
117900191,63,0,63
117900192,188,1,187
117900193,23,42,-19
117900194,6,7,-1
117900195,9,31,-22
117900196,32,22,10
117900207,128,131,-3
117900208,13,13,0
117900209,150,119,31
117900210,66,133,-67
117900211,2,98,-96
117900212,66,93,-27
117900213,20,8,12
117900214,3,25,-22
117900215,58,32,26
117900216,30,25,5
117900217,51,176,-125
117900218,97,127,-30
117900219,8,70,-62
117900220,65,116,-51
117900222,115,136,-21
117900223,100,188,-88
118000001,414,815,-401
118000002,360,1052,-692
118000003,1583,2298,-715
118000004,1709,1537,172
118000005,2015,3355,-1340
118000006,2283,5403,-3120
118000007,3213,2976,237
118000008,2222,2331,-109
118000009,1240,1645,-405
118000010,4489,2326,2163
118000011,1026,938,88
118000012,680,794,-114
118000013,1327,1217,110
118000014,1455,1314,141
118000016,175,171,4
118000017,331,258,73
118000018,222,208,14
118000019,1434,1186,248
118000020,697,1794,-1097
118000021,517,2101,-1584
118000022,985,569,416
118000023,572,208,364
118000024,682,815,-133
118000027,6658,7939,-1281
118000029,410,651,-241
118000032,470,2350,-1880
118000033,2139,4368,-2229
118000034,3036,1960,1076
118000035,1402,2094,-692
118000036,646,846,-200
118000037,466,560,-94
118000038,199,69,130
118000039,65,117,-52
118000040,1178,881,297
118000041,1641,863,778
118000045,328,112,216
118000046,729,459,270
118000047,482,763,-281
118000048,1457,1443,14
118000051,858,726,132
118000052,449,443,6
118000053,160,215,-55
118000054,811,483,328
118000055,721,759,-38
118000056,165,220,-55
118000057,167,264,-97
118000058,2187,1107,1080
118000059,1183,723,460
118000060,882,331,551
118000061,828,817,11
118000062,394,241,153
118000063,243,464,-221
118000064,497,752,-255
118000065,1657,1451,206
118000066,559,1192,-633
118000067,496,463,33
118000068,919,3518,-2599
118000069,1463,750,713
118000070,2828,1200,1628
118000071,1626,4739,-3113
118000072,860,987,-127
118000073,641,475,166
118000074,309,391,-82
118000075,356,185,171
118000076,1231,1919,-688
118000077,935,1008,-73
118000078,1279,1715,-436
118000079,163,328,-165
118000080,707,758,-51
118000081,1431,1029,402
118000082,212,831,-619
118000083,811,1233,-422
118000084,1941,1105,836
118000086,201,373,-172
118000087,2336,1629,707
118000088,1117,1083,34
118000089,2265,1662,603
118000090,880,1773,-893
118000091,556,1737,-1181
118000092,642,320,322
118000093,62,512,-450
118000096,386,453,-67
118000097,678,500,178
118000098,205,116,89
118000099,570,466,104
118000101,825,236,589
118000102,369,662,-293
118000107,759,314,445
118000108,354,1472,-1118
118000110,0,26,-26
118000111,3,143,-140
118000112,474,7,467
118000113,3,236,-233
118000114,344,4,340
118000115,3,5,-2
118000116,14,0,14
118000117,578,501,77
118000118,621,951,-330
118000119,640,861,-221
118000120,1158,813,345
118000121,82,492,-410
118000122,1059,314,745
118000123,40,232,-192
118000125,846,551,295
118000126,422,1029,-607
118000127,861,542,319
118000128,331,773,-442
118000129,627,330,297
118000130,1200,1575,-375
118000131,268,394,-126
118000132,2013,1518,495
118000133,868,351,517
118000135,374,368,6
118000136,84,321,-237
118000137,347,65,282
118000138,307,311,-4
118000139,326,75,251
118000140,1628,3671,-2043
118000141,1452,1006,446
118000142,1401,886,515
118000143,1641,975,666
118000144,686,471,215
118000145,1201,844,357
118000146,1088,434,654
118000147,644,756,-112
118000148,403,686,-283
118000149,878,503,375
118000150,328,341,-13
118000151,436,293,143
118000153,925,793,132
118000154,1047,1140,-93
118000155,1136,1037,99
118000156,1040,1423,-383
118000157,394,285,109
118000158,214,309,-95
118000159,27,75,-48
118000160,424,303,121
118000161,415,424,-9
118000162,1235,622,613
118000163,587,537,50
118000164,1241,953,288
118000168,465,389,76
118000169,643,538,105
118000170,1937,2223,-286
118000171,244,328,-84
118000172,95,151,-56
118000173,705,715,-10
118000175,204,376,-172
118000176,186,498,-312
118000177,204,539,-335
118000178,43,42,1
118000179,900,1221,-321
118000180,603,648,-45
118000181,618,235,383
118000182,278,232,46
118000183,187,245,-58
118000184,722,503,219
118000185,993,1047,-54
118000186,709,958,-249
118000187,1159,405,754
118000188,435,48,387
118000189,483,232,251
118000190,6,13,-7
118000191,13,10,3
118000192,56,114,-58
118000193,63,238,-175
118000194,758,594,164
118000195,250,839,-589
118000196,195,155,40
118000197,95,112,-17
118000198,325,553,-228
118000199,280,258,22
118000200,32,138,-106
118000201,240,459,-219
118000202,39,37,2
118000203,449,435,14
118000204,55,337,-282
118000205,136,240,-104
118000206,182,154,28
118000207,0,32,-32
118000208,902,873,29
118000209,1537,892,645
118000210,42,29,13
118000211,8,30,-22
118000213,417,1208,-791
118000214,244,437,-193
118000215,287,91,196
118000216,1306,672,634
118000217,24,82,-58
118000218,52,55,-3
118000219,252,141,111
118000220,1,35,-34
118000221,186,234,-48
118000222,44,6,38
118000223,23,42,-19
118000224,73,66,7
118000225,95,347,-252
118000226,582,137,445
118000227,385,417,-32
118000228,68,167,-99
118000229,68,76,-8
118000230,89,140,-51
118000231,44,126,-82
118000232,648,370,278
118000233,874,479,395
118000234,337,98,239
118000236,223,158,65
118000237,53,89,-36
118000238,143,58,85
118000239,196,162,34
118000240,151,100,51
118000241,151,64,87
118000242,266,211,55
118000243,160,113,47
118000244,27,42,-15
118000246,0,18,-18
118000255,37,153,-116
118000256,106,150,-44
118000259,3,16,-13
118000260,136,50,86
118000261,23,8,15
118000263,51,56,-5
118000266,49,124,-75
118000267,0,72,-72
118000268,166,2,164
118000270,66,15,51
118000271,194,172,22
118000272,71,14,57
118000273,100,38,62
118000274,86,157,-71
118000276,376,237,139
118000295,16,79,-63
118000298,53,137,-84
118000299,65,72,-7
118000301,1,49,-48
118000302,74,34,40
118000311,455,67,388
118000312,199,113,86
118000313,24,49,-25
118000314,107,30,77
118000315,26,23,3
118000316,441,328,113
118000325,52,16,36
118000326,22,22,0
118000331,38,14,24
118000332,9,5,4
118000333,21,39,-18
118000335,252,1,251
118000336,0,93,-93
118000407,92,29,63
118000457,17,24,-7
118000465,1184,2502,-1318
118000480,17,28,-11
118000489,20,241,-221
118000490,16,129,-113
118000492,215,135,80
118000510,32,13,19
118000514,74,185,-111
118000515,499,464,35
118000517,187,143,44
118000524,182,225,-43
118000525,443,454,-11
118000530,8,49,-41
118000531,240,209,31
118000532,212,139,73
118000533,307,93,214
118000534,442,245,197
118000535,235,121,114
118000536,188,802,-614
118000537,19,131,-112
118000538,43,84,-41
118000539,5,75,-70
118000540,184,73,111
118000541,149,35,114
118000542,66,125,-59
118000543,118,140,-22
118000546,30,15,15
118000553,0,1,-1
118000560,1014,1382,-368
118000562,21,45,-24
118000563,1035,821,214
118000576,168,59,109
118000577,223,186,37
118000578,107,45,62
118000579,451,835,-384
118000583,0,1,-1
118000595,177,91,86
118000596,0,77,-77
118000597,198,131,67
118000598,4,1,3
118000599,76,27,49
118000600,2,4,-2
118000601,0,0,0
118000602,8,18,-10
118000603,0,14,-14
118000605,57,118,-61
118000606,19,31,-12
118900001,309,961,-652
118900002,476,650,-174
118900003,272,8,264
118900004,37,35,2
118900005,69,4,65
118900006,84,1,83
118900007,4,2,2
118900008,1133,52,1081
118900009,63,44,19
118900010,36,3,33
118900011,126,10,116
118900012,284,164,120
118900013,356,122,234
118900015,152,33,119
118900016,6,9,-3
118900017,244,281,-37
118900018,648,26,622
118900019,44,16,28
118900020,115,121,-6
118900021,128,181,-53
118900022,128,89,39
118900023,101,74,27
118900024,68,82,-14
118900025,26,14,12
118900026,55,70,-15
118900027,236,147,89
118900028,136,99,37
118900029,211,317,-106
118900030,349,28,321
118900031,141,72,69
118900032,166,138,28
118900033,263,250,13
118900034,124,12,112
118900035,86,117,-31
118900036,843,455,388
118900037,254,237,17
118900038,297,104,193
118900039,341,92,249
118900040,146,135,11
118900041,361,100,261
118900042,149,59,90
118900045,224,116,108
118900046,651,361,290
118900047,247,207,40
118900048,102,222,-120
118900049,47,47,0
118900050,22,44,-22
118900051,77,86,-9
118900052,172,161,11
118900053,17,84,-67
118900054,120,28,92
118900055,49,30,19
118900056,18,240,-222
118900057,491,368,123
118900058,344,180,164
118900059,27,63,-36
118900060,30,111,-81
118900062,338,109,229
118900064,244,386,-142
118900065,30,83,-53
118900066,42,45,-3
118900067,1764,2404,-640
118900068,4,113,-109
118900069,322,170,152
118900071,6,43,-37
118900072,338,184,154
118900073,113,72,41
118900074,126,77,49
118900075,48,33,15
118900076,158,81,77
118900077,140,94,46
118900078,33,6,27
118900079,38,83,-45
118900080,15,72,-57
118900081,50,19,31
118900082,705,130,575
118900083,15,0,15
118900084,15,10,5
118900085,470,438,32
118900086,22,76,-54
118900087,29,172,-143
118900088,0,2,-2
118900089,21,11,10
118900090,426,239,187
118900091,98,136,-38
118900092,134,39,95
118900093,72,15,57
118900096,115,145,-30
118900097,225,235,-10
118900099,62,95,-33
118900100,85,125,-40
118900101,62,116,-54
118900102,26,35,-9
118900103,17,44,-27
118900104,93,40,53
118900105,117,61,56
118900107,71,36,35
118900108,69,53,16
118900110,807,611,196
118900111,322,213,109
118900112,51,112,-61
118900113,91,207,-116
118900114,33,40,-7
118900115,64,228,-164
118900116,116,200,-84
118900117,91,141,-50
118900118,197,175,22
118900119,128,134,-6
118900120,61,212,-151
118900121,9,72,-63
118900122,14,904,-890
118900123,108,125,-17
118900124,76,83,-7
118900126,14,304,-290
118900129,202,189,13
118900130,35,207,-172
118900131,157,122,35
118900132,241,198,43
118900133,12,64,-52
118900135,137,134,3
118900136,176,292,-116
118900137,3,14,-11
118900139,163,131,32
118900140,351,324,27
118900141,36,57,-21
118900144,96,200,-104
118900145,23,59,-36
118900146,326,375,-49
118900147,134,86,48
118900148,49,36,13
118900150,102,405,-303
118900152,470,406,64
118900157,56,116,-60
118900158,78,33,45
118900159,1,81,-80
118900161,28,5,23
118900163,41,66,-25
118900164,1,55,-54
118900165,36,65,-29
118900166,44,2,42
118900167,71,108,-37
118900168,11,89,-78
118900169,73,88,-15
118900170,116,26,90
118900171,15,42,-27
118900174,34,35,-1
118900175,376,451,-75
118900176,131,205,-74
118900177,59,40,19
118900178,30,89,-59
118900179,1,10,-9
118900181,62,53,9
118900182,65,24,41
118900183,25,55,-30
118900184,256,37,219
118900185,137,71,66
118900186,124,73,51
118900187,148,176,-28
118900188,215,131,84
118900189,29,679,-650
118900190,10,110,-100
118900191,165,25,140
118900192,165,9,156
118900193,433,7,426
118900195,168,296,-128
118900196,35,75,-40
118900197,97,33,64
118900198,18,0,18
118900199,56,23,33
118900200,11,8,3
118900201,13,34,-21
118900202,8,30,-22
118900203,4,7,-3
118900204,4,13,-9
118900205,0,6,-6
118900206,4,6,-2
119000001,866,1190,-324
119000002,2896,2066,830
119000003,1735,559,1176
119000004,1367,824,543
119000005,1109,1276,-167
119000006,2330,1060,1270
119000007,2296,2067,229
119000008,1158,914,244
119000009,2727,3375,-648
119000010,3805,3016,789
119000011,1766,1735,31
119000012,1172,1992,-820
119000013,2008,1292,716
119000014,977,1453,-476
119000019,174,87,87
119000020,1948,911,1037
119000021,3041,1534,1507
119000022,931,1579,-648
119000023,280,186,94
119000024,1112,7623,-6511
119000025,2683,685,1998
119000026,63,241,-178
119000027,140,223,-83
119000028,1087,398,689
119000029,79,192,-113
119000030,345,465,-120
119000031,573,446,127
119000032,1222,1341,-119
119000033,1467,763,704
119000034,570,446,124
119000035,23,174,-151
119000036,1396,517,879
119000037,906,732,174
119000038,317,478,-161
119000039,399,222,177
119000040,491,394,97
119000041,364,680,-316
119000048,1922,1454,468
119000049,1443,1095,348
119000050,898,957,-59
119000051,1279,642,637
119000052,1052,1642,-590
119000053,1126,717,409
119000054,2375,1534,841
119000055,3661,1830,1831
119000056,2009,1326,683
119000057,1083,1060,23
119000058,1250,950,300
119000059,906,841,65
119000060,1083,737,346
119000061,802,488,314
119000062,750,842,-92
119000063,418,346,72
119000064,608,604,4
119000065,1204,1821,-617
119000066,1384,760,624
119000067,1317,1242,75
119000068,1308,653,655
119000069,1086,1155,-69
119000070,1952,579,1373
119000071,350,374,-24
119000072,2623,1786,837
119000073,2445,4572,-2127
119000074,963,1128,-165
119000075,2010,1418,592
119000076,182,871,-689
119000077,425,481,-56
119000078,299,202,97
119000079,184,505,-321
119000080,224,21,203
119000081,211,290,-79
119000082,544,145,399
119000083,485,250,235
119000084,194,326,-132
119000085,404,127,277
119000086,231,231,0
119000087,991,502,489
119000088,263,215,48
119000090,97,76,21
119000091,67,198,-131
119000092,317,126,191
119000093,2237,1310,927
119000094,2494,3260,-766
119000095,1289,1468,-179
119000097,1358,721,637
119000098,685,1979,-1294
119000099,1800,890,910
119000100,2728,2145,583
119000101,2530,971,1559
119000102,538,827,-289
119000103,1031,372,659
119000104,1309,644,665
119000105,707,1636,-929
119000106,226,594,-368
119000107,736,346,390
119000108,296,476,-180
119000109,81,395,-314
119000110,238,298,-60
119000111,20,431,-411
119000112,117,84,33
119000113,1064,200,864
119000114,595,817,-222
119000115,133,97,36
119000116,77,74,3
119000117,105,203,-98
119000118,9,0,9
119000123,2955,1074,1881
119000124,545,134,411
119000125,2784,428,2356
119000126,945,430,515
119000127,379,259,120
119000128,17,1,16
119000131,581,305,276
119000132,0,1,-1
119000133,1,1,0
119000134,1276,409,867
119000135,176,132,44
119000136,205,98,107
119000137,212,227,-15
119000138,435,138,297
119000139,179,91,88
119000140,205,227,-22
119000284,829,1538,-709
119000285,1206,1106,100
119000286,4235,2939,1296
119000287,870,1071,-201
119000288,1293,616,677
119000289,1043,1316,-273
119000290,146,177,-31
119000291,8,153,-145
119000293,224,131,93
119000294,85,21,64
119000295,698,131,567
119000296,396,247,149
119000302,1080,774,306
119000303,111,74,37
119000310,0,0,0
119000314,867,7031,-6164
119000315,0,171,-171
119000316,131,64,67
119000317,92,144,-52
119000319,186,100,86
119900001,170,1087,-917
119900002,101,158,-57
119900003,23,450,-427
119900004,213,988,-775
119900005,147,70,77
119900006,122,257,-135
119900007,973,246,727
119900008,68,32,36
119900009,538,452,86
119900010,404,696,-292
119900011,17,81,-64
119900012,19,83,-64
119900013,1457,936,521
119900014,320,141,179
119900015,95,27,68
119900016,20,48,-28
119900017,57,25,32
119900018,1269,686,583
119900019,31,4,27
119900020,103,135,-32
119900021,115,50,65
119900022,77,560,-483
119900023,342,1304,-962
119900025,152,8,144
119900026,414,119,295
119900027,36,18,18
119900028,228,104,124
119900029,3,5,-2
119900030,335,251,84
119900031,28,324,-296
119900033,1307,251,1056
119900034,369,69,300
119900037,171,29,142
119900038,11,219,-208
119900039,38,20,18
119900040,104,10,94
119900041,85,18,67
119900042,150,198,-48
119900043,66,110,-44
119900044,108,578,-470
119900046,137,35,102
119900047,209,80,129
119900048,174,28,146
119900049,136,6,130
119900050,54,68,-14
119900051,729,7,722
119900052,48,15,33
119900053,156,106,50
119900054,154,6,148
119900055,929,346,583
119900057,221,45,176
119900058,189,7,182
119900059,65,40,25
119900060,214,16,198
119900061,198,5,193
119900062,72,10,62
119900063,4,46,-42
119900065,125,9,116
119900067,53,11,42
119900068,436,2,434
119900069,84,20,64
119900070,727,8,719
119900071,444,20,424
119900073,1139,440,699
119900074,24,53,-29
119900075,2230,1703,527
119900076,689,183,506
119900077,681,424,257
119900078,483,602,-119
119900079,416,85,331
119900080,269,142,127
119900081,473,72,401
119900082,1211,210,1001
119900083,222,62,160
119900084,377,215,162
119900085,29,51,-22
119900086,397,572,-175
119900087,561,283,278
119900088,34,25,9
119900089,22,275,-253
119900090,105,37,68
119900091,33,504,-471
119900092,28,223,-195
119900093,765,150,615
119900094,42,120,-78
119900095,166,69,97
119900096,54,70,-16
119900097,381,133,248
119900098,24,27,-3
119900099,21,102,-81
119900100,1217,1747,-530
119900101,108,798,-690
119900102,23,165,-142
119900103,19,160,-141
119900104,28,89,-61
119900105,436,1729,-1293
119900106,18,72,-54
119900107,215,1189,-974
119900108,1977,402,1575
119900109,8,94,-86
119900110,518,250,268
119900111,71,213,-142
119900112,659,355,304
119900113,60,144,-84
119900114,206,501,-295
119900115,249,645,-396
119900116,90,293,-203
119900117,301,277,24
119900118,71,523,-452
119900119,173,82,91
119900120,382,269,113
119900121,294,440,-146
119900122,434,279,155
119900123,131,210,-79
119900124,153,386,-233
119900125,42,170,-128
119900126,1833,164,1669
119900127,1523,812,711
119900128,302,287,15
119900129,175,205,-30
119900130,14,148,-134
119900131,30,105,-75
119900132,0,89,-89
119900133,36,68,-32
119900134,737,148,589
119900135,2,192,-190
119900136,189,207,-18
119900138,225,347,-122
119900139,8,66,-58
119900140,1,65,-64
119900141,45,449,-404
119900142,0,22,-22
119900143,21,138,-117
119900144,898,147,751
119900145,52,75,-23
119900146,83,98,-15
119900147,1,135,-134
119900148,176,33,143
119900149,463,3079,-2616
119900150,132,80,52
119900151,773,348,425
119900152,88,123,-35
119900153,153,45,108
119900154,9,287,-278
119900155,41,26,15
119900156,34,2,32
119900157,87,121,-34
119900158,137,54,83
119900159,1,604,-603
119900160,17,54,-37
119900161,131,95,36
119900162,726,599,127
119900163,53,103,-50
119900164,1,2,-1
119900165,93,115,-22
119900166,74,50,24
119900167,80,40,40
119900168,763,328,435
119900169,33,192,-159
119900170,158,194,-36
119900171,565,197,368
119900172,90,22,68
119900173,7,200,-193
119900174,1,77,-76
119900175,1060,387,673
119900177,14,103,-89
119900178,2,83,-81
119900179,81,376,-295
119900180,797,577,220
119900181,51,103,-52
119900182,1,128,-127
119900183,107,365,-258
119900184,986,322,664
119900185,29,151,-122
119900186,26,662,-636
119900187,3,166,-163
119900188,70,203,-133
119900189,308,277,31
119900190,56,212,-156
119900191,185,165,20
119900192,34,93,-59
119900193,286,120,166
119900194,17,66,-49
119900195,28,89,-61
119900196,494,225,269
119900197,147,105,42
119900198,114,147,-33
119900199,111,17,94
119900200,455,366,89
119900201,151,87,64
119900202,58,209,-151
119900203,126,299,-173
119900204,223,171,52
119900205,556,308,248
119900206,159,72,87
119900208,114,132,-18
119900209,342,866,-524
119900210,33,18,15
119900211,38,5,33
119900212,177,152,25
119900213,5,57,-52
119900214,24,59,-35
119900215,50,33,17
119900216,14,27,-13
119900217,28,36,-8
119900218,8,39,-31
119900219,14,67,-53
119900220,6,47,-41
119900221,17,138,-121
119900222,8,98,-90
119900223,11,36,-25
119900224,7,10,-3
119900225,534,34,500
119900226,297,1104,-807
119900227,455,146,309
119900228,41,138,-97
119900229,275,252,23
119900230,780,268,512
119900231,222,94,128
119900232,113,98,15
119900233,38,2,36
119900234,84,25,59
119900235,8,23,-15
119900236,13,61,-48
119900237,35,172,-137
119900238,7,51,-44
119900240,88,98,-10
119900241,154,151,3
119900242,610,1069,-459
119900244,334,775,-441
119900245,73,114,-41
119900246,189,470,-281
119900247,24,104,-80
119900248,51,186,-135
119900249,155,68,87
119900253,1028,282,746
119900254,70,607,-537
119900255,76,475,-399
119900256,473,358,115
119900257,85,2,83
119900258,127,7,120
119900259,11,58,-47
119900260,79,1,78
119900261,182,105,77
119900262,0,100,-100
119900263,798,192,606
119900264,105,86,19
119900265,378,245,133
119900266,234,164,70
119900267,241,261,-20
119900268,145,75,70
119900269,824,525,299
119900271,28,61,-33
119900272,359,156,203
119900275,117,35,82
119900276,55,6,49
119900277,10,7,3
119900278,89,81,8
119900279,78,207,-129
119900280,379,100,279
119900281,1,172,-171
119900282,32,87,-55
119900283,11,137,-126
119900284,21,132,-111
119900285,4,36,-32
119900286,2,5,-3
119900288,4,12,-8
119900289,0,19,-19
119900290,6,12,-6
119900291,0,44,-44
119900292,41,66,-25
119900293,30,55,-25
119900294,22,49,-27
119900295,34,46,-12
119900296,55,94,-39
119900297,0,24,-24
119900298,2,9,-7
119900299,44,70,-26
119900300,163,73,90
119900301,16,17,-1
119900302,30,31,-1
119900303,192,99,93
119900304,177,18,159
119900305,3,54,-51
119900306,20,2,18
119900307,48,28,20
119900308,3,11,-8
119900309,14,96,-82
119900310,178,168,10
119900311,71,53,18
119900312,51,58,-7
119900313,181,112,69
119900314,129,266,-137
119900315,1101,832,269
119900318,4,43,-39
119900319,35,117,-82
119900320,132,261,-129
119900321,60,1,59
120000001,3787,11565,-7778
120000002,1889,1632,257
120000003,1878,1059,819
120000004,1715,1053,662
120000005,2279,1192,1087
120000006,860,780,80
120000007,2092,2271,-179
120000008,789,889,-100
120000009,1472,718,754
120000010,1480,1532,-52
120000011,698,823,-125
120000012,1112,1337,-225
120000013,2331,1843,488
120000014,559,834,-275
120000015,1757,1089,668
120000016,2587,1537,1050
120000017,2135,1794,341
120000018,2293,7942,-5649
120000019,840,1077,-237
120000020,2362,2388,-26
120000021,1432,1599,-167
120000022,1954,2834,-880
120000023,896,1332,-436
120000024,896,1852,-956
120000025,1972,1383,589
120000026,1750,1351,399
120000027,1682,1444,238
120000028,548,2678,-2130
120000029,1024,1010,14
120000030,141,556,-415
120000031,1337,3230,-1893
120000032,4369,2546,1823
120000033,4392,1314,3078
120000034,1599,1154,445
120000035,1705,1227,478
120000036,2386,3605,-1219
120000037,469,965,-496
120000038,2895,2367,528
120000039,542,601,-59
120000040,55,339,-284
120000041,763,869,-106
120000042,1284,1100,184
120000043,3019,803,2216
120000044,4009,1098,2911
120000045,4644,794,3850
120000046,3163,1796,1367
120000047,470,3739,-3269
120000048,3828,2827,1001
120000049,2598,1850,748
120000050,2679,2301,378
120000051,2004,2456,-452
120000052,4545,1268,3277
120000053,1184,1356,-172
120000054,1214,2116,-902
120000055,1663,2553,-890
120000056,2847,2403,444
120000057,2427,1250,1177
120000058,1511,1900,-389
120000059,6,1082,-1076
120000061,90,302,-212
120000062,146,260,-114
120000063,937,1425,-488
120000064,176,544,-368
120000065,338,820,-482
120000066,145,396,-251
120000067,54,390,-336
120000068,179,422,-243
120000069,462,441,21
120000070,58,381,-323
120000071,481,69,412
120000072,650,355,295
120000073,752,92,660
120000074,148,102,46
120000075,726,180,546
120000076,1528,252,1276
120000077,1486,477,1009
120000078,2206,1064,1142
120000079,497,237,260
120000080,273,219,54
120000081,296,113,183
120000082,325,218,107
120000083,122,606,-484
120000084,285,238,47
120000085,198,263,-65
120000086,268,313,-45
120000087,174,305,-131
120000088,630,698,-68
120000089,840,342,498
120000090,589,298,291
120000091,716,618,98
120000092,954,505,449
120000093,380,361,19
120000094,160,576,-416
120000095,680,252,428
120000096,176,370,-194
120000098,442,375,67
120000099,189,445,-256
120000100,537,546,-9
120000101,526,343,183
120000102,499,685,-186
120000103,1147,693,454
120000104,1431,347,1084
120000105,2647,675,1972
120000106,1843,578,1265
120000107,3438,503,2935
120000108,1145,107,1038
120000109,933,77,856
120000110,94,605,-511
120000111,113,624,-511
120000112,687,1431,-744
120000113,657,1129,-472
120000114,917,1499,-582
120000115,216,1231,-1015
120000116,534,1168,-634
120000117,637,867,-230
120000118,70,41,29
120000119,15,43,-28
120000120,93,54,39
120000121,28,29,-1
120000122,174,179,-5
120000123,2253,4960,-2707
120000124,353,457,-104
120000125,551,373,178
120000126,324,557,-233
120000127,1563,676,887
120000128,1948,2511,-563
120000129,222,286,-64
120000130,727,461,266
120000131,347,414,-67
120000134,238,569,-331
120000135,543,341,202
120000137,222,584,-362
120000138,851,292,559
120000139,184,272,-88
120000140,692,278,414
120000141,382,265,117
120000142,699,461,238
120000143,2,70,-68
120000144,101,3,98
120000145,357,0,357
120000146,648,674,-26
120000149,518,656,-138
120000150,1530,7309,-5779
120000151,297,311,-14
120000152,375,143,232
120000153,141,291,-150
120000154,327,265,62
120000155,197,286,-89
120000156,509,988,-479
120000157,617,412,205
120000158,689,482,207
120000159,1581,1399,182
120000160,1977,1132,845
120000161,1939,1481,458
120000162,57,236,-179
120000163,593,765,-172
120000164,524,252,272
120000165,520,408,112
120000166,1057,349,708
120000167,93,101,-8
120000168,18,314,-296
120000169,38,1163,-1125
120000170,20,1079,-1059
120000171,14,448,-434
120000172,22,414,-392
120000173,877,1494,-617
120000174,104,28,76
120000175,125,31,94
120000176,96,37,59
120000177,532,71,461
120000178,30,9,21
120000179,109,35,74
120000180,134,48,86
120000181,63,789,-726
120000182,29,451,-422
120000183,9,242,-233
120000184,139,603,-464
120000186,45,673,-628
120000187,19,295,-276
120000188,61,419,-358
120000190,249,73,176
120000191,297,66,231
120000192,294,18,276
120000193,76,4,72
120000195,10,0,10
120000196,80,11,69
120000197,24,27,-3
120000198,167,21,146
120000199,77,5,72
120000200,115,2,113
120000201,17,29,-12
120000202,6,27,-21
120000203,42,96,-54
120000207,1,37,-36
120000208,8,141,-133
120000209,9,57,-48
120000210,206,264,-58
120000211,100,3,97
120000212,129,2,127
120000213,59,86,-27
120000214,1,97,-96
120000215,3,75,-72
120000216,56,12,44
120000217,455,616,-161
120000218,101,424,-323
120000219,3,256,-253
120000220,9,731,-722
120000225,1488,0,1488
120000226,288,4,284
120000227,702,40,662
120000228,7883,2418,5465
120000230,388,11,377
120000231,1119,1419,-300
120000233,227,15,212
120000235,248,367,-119
120000236,738,1,737
120000237,0,525,-525
120000238,3,778,-775
120000241,898,2378,-1480
120000412,344,2,342
120000413,241,96,145
120000414,157,1,156
120000415,2,43,-41
120000416,91,4,87
120000417,10,73,-63
120000418,181,9,172
120000419,13,125,-112
120000420,175,64,111
120000421,5239,3347,1892
120000422,49,887,-838
120000423,5,58,-53
120000424,66,62,4
120000436,90,459,-369
120000437,118,73,45
120000438,1343,158,1185
120000439,177,434,-257
120000443,123,1,122
120000444,1176,249,927
120000445,1333,728,605
120000446,530,276,254
120000447,180,1,179
120000449,111,2,109
120000450,1,93,-92
120000451,78,86,-8
120000452,33,0,33
120000453,0,71,-71
120000454,69,113,-44
120000455,71,32,39
120000456,1720,2521,-801
120000457,444,329,115
120000458,335,442,-107
120000459,74,62,12
120000665,475,166,309
120000668,127,744,-617
120000669,101,111,-10
120000670,90,1040,-950
120000671,1216,403,813
120000672,66,383,-317
120900001,58,118,-60
120900002,225,356,-131
120900003,107,14,93
120900004,24,71,-47
120900005,36,468,-432
120900006,423,160,263
120900007,145,55,90
120900008,297,898,-601
120900009,507,26,481
120900010,400,97,303
120900011,100,159,-59
120900012,83,754,-671
120900013,273,88,185
120900014,8,229,-221
120900015,548,83,465
120900016,655,47,608
120900017,1229,59,1170
120900018,101,326,-225
120900019,405,350,55
120900020,663,1130,-467
120900021,628,173,455
120900022,17,153,-136
120900023,264,24,240
120900024,1211,351,860
120900025,1069,729,340
120900026,119,110,9
120900027,659,20,639
120900028,383,121,262
120900029,107,459,-352
120900030,1123,550,573
120900031,213,87,126
120900032,1053,91,962
120900033,706,75,631
120900034,18,1709,-1691
120900035,25,89,-64
120900037,208,7,201
120900038,55,285,-230
120900039,114,42,72
120900040,280,3,277
120900041,90,23,67
120900042,617,23,594
120900043,67,19,48
120900044,5,212,-207
120900045,163,48,115
120900046,456,5,451
120900047,151,93,58
120900048,121,16,105
120900049,445,0,445
120900050,908,1210,-302
120900051,326,64,262
120900052,542,7,535
120900053,308,52,256
120900054,1302,308,994
120900055,390,4,386
120900056,443,19,424
120900057,147,10,137
120900058,516,0,516
120900059,97,2,95
120900060,57,18,39
120900061,214,135,79
120900062,231,7,224
120900063,511,2,509
120900064,646,1,645
120900065,507,2,505
120900066,311,166,145
120900067,179,85,94
120900068,209,0,209
120900069,290,28,262
120900071,39,1,38
120900072,624,6,618
120900073,558,84,474
120900074,409,7,402
120900076,359,2,357
120900077,1428,263,1165
120900078,679,490,189
120900079,659,86,573
120900080,702,854,-152
120900081,979,442,537
120900082,403,316,87
120900083,73,3,70
120900084,305,467,-162
120900085,55,147,-92
120900086,56,272,-216
120900087,370,424,-54
120900088,141,355,-214
120900089,1461,2273,-812
120900090,252,51,201
120900091,615,760,-145
120900092,1051,285,766
120900093,1049,109,940
120900094,324,107,217
120900095,219,10,209
120900096,52,142,-90
120900097,399,388,11
120900098,200,123,77
120900099,35,29,6
120900100,63,155,-92
120900101,458,153,305
120900102,48,66,-18
120900103,34,125,-91
120900104,20,36,-16
120900105,45,240,-195
120900106,844,276,568
120900107,148,97,51
120900108,5,256,-251
120900109,47,321,-274
120900110,8,343,-335
120900111,123,219,-96
120900112,10,368,-358
120900113,16,510,-494
120900114,12,93,-81
120900115,129,204,-75
120900116,315,215,100
120900117,2,222,-220
120900118,9,377,-368
120900119,4390,2432,1958
120900120,66,239,-173
120900121,35,245,-210
120900122,430,236,194
120900123,5,188,-183
120900124,3,335,-332
120900125,3,275,-272
120900126,1462,634,828
120900127,11,269,-258
120900128,1208,933,275
120900129,39,154,-115
120900130,3,302,-299
120900131,124,22,102
120900132,998,109,889
120900133,75,345,-270
120900134,929,235,694
120900135,7,294,-287
120900136,47,62,-15
120900137,162,25,137
120900138,24,133,-109
120900139,0,381,-381
120900140,0,31,-31
120900141,100,146,-46
120900142,15,209,-194
120900143,0,534,-534
120900144,0,65,-65
120900145,149,615,-466
120900146,1,579,-578
120900147,5,226,-221
120900148,73,111,-38
120900149,0,106,-106
120900150,43,409,-366
120900151,1,443,-442
120900152,0,21,-21
120900153,78,47,31
120900154,0,82,-82
120900155,144,691,-547
120900156,57,223,-166
120900157,55,176,-121
120900158,43,411,-368
120900159,247,269,-22
120900160,30,572,-542
120900161,57,271,-214
120900162,59,385,-326
120900163,123,494,-371
120900164,0,78,-78
120900165,18,534,-516
120900166,47,298,-251
120900167,138,82,56
120900169,68,181,-113
120900170,510,2245,-1735
120900171,507,200,307
120900172,216,992,-776
120900173,1,47,-46
120900174,2,100,-98
120900175,198,98,100
120900176,11,269,-258
120900177,1,888,-887
120900178,1,280,-279
120900179,736,253,483
120900180,46,150,-104
120900181,78,21,57
120900182,31,186,-155
120900183,456,75,381
120900184,175,37,138
120900185,27,155,-128
120900186,0,257,-257
120900187,345,754,-409
120900188,190,5,185
120900189,59,1167,-1108
120900190,80,7,73
120900191,9,7,2
120900192,4585,6305,-1720
120900194,54,74,-20
120900195,70,149,-79
120900196,526,35,491
120900197,523,142,381
120900198,210,406,-196
120900199,261,365,-104
120900200,34,112,-78
120900201,305,94,211
120900202,0,70,-70
120900203,26,74,-48
120900204,98,135,-37
120900205,39,21,18
120900206,49,12,37
120900207,45,684,-639
121000001,405,756,-351
121000002,1354,984,370
121000003,1837,1107,730
121000004,1638,2097,-459
121000005,1170,1653,-483
121000006,2013,1512,501
121000007,1457,2186,-729
121000008,2983,2601,382
121000009,2495,3625,-1130
121000010,4611,3654,957
121000011,3826,6203,-2377
121000012,7751,5686,2065
121000013,3306,3977,-671
121000014,3885,3415,470
121000015,2483,4844,-2361
121000016,2718,2130,588
121000017,1339,2224,-885
121000018,1566,1017,549
121000019,7297,7007,290
121000020,7377,11149,-3772
121000021,1611,1470,141
121000022,1454,2025,-571
121000023,1779,1251,528
121000024,2853,3023,-170
121000025,378,894,-516
121000026,231,144,87
121000027,997,877,120
121000028,629,282,347
121000029,553,438,115
121000030,450,298,152
121000031,359,433,-74
121000032,166,123,43
121000034,208,157,51
121000035,139,149,-10
121000036,642,577,65
121000037,424,381,43
121000038,272,520,-248
121000039,174,217,-43
121000041,323,282,41
121000042,182,223,-41
121000043,460,449,11
121000044,808,607,201
121000045,259,179,80
121000046,440,531,-91
121000047,100,144,-44
121000049,829,392,437
121000050,168,850,-682
121000051,378,200,178
121000052,251,507,-256
121000053,201,83,118
121000054,46,255,-209
121000055,633,903,-270
121000056,608,747,-139
121000057,376,336,40
121000058,228,142,86
121000059,1352,836,516
121000060,383,775,-392
121000061,83,195,-112
121000062,157,248,-91
121000063,559,616,-57
121000064,501,564,-63
121000065,191,282,-91
121000066,425,404,21
121000067,305,320,-15
121000068,383,221,162
121000069,130,486,-356
121000070,1120,713,407
121000071,1040,958,82
121000072,681,378,303
121000073,674,608,66
121000074,52,105,-53
121000075,18,84,-66
121000076,287,156,131
121000077,124,126,-2
121000078,90,135,-45
121000080,1108,389,719
121000081,1408,2224,-816
121000082,86,231,-145
121000083,106,101,5
121000084,122,136,-14
121000085,251,280,-29
121000086,253,455,-202
121000087,50,178,-128
121000088,218,344,-126
121000089,212,217,-5
121000090,262,263,-1
121000091,631,524,107
121000092,98,59,39
121000093,115,166,-51
121000094,267,490,-223
121000095,311,489,-178
121000096,1824,1320,504
121000097,470,1378,-908
121000098,432,484,-52
121000099,477,395,82
121000100,692,204,488
121000101,219,150,69
121000102,221,123,98
121000103,141,136,5
121000104,200,63,137
121000105,248,117,131
121000106,218,162,56
121000107,1344,1811,-467
121000109,777,751,26
121000110,145,474,-329
121000114,2196,1523,673
121000115,826,484,342
121000116,219,530,-311
121000117,332,169,163
121000118,992,152,840
121000119,620,407,213
121000120,175,313,-138
121000121,348,849,-501
121000123,711,416,295
121000127,103,74,29
121000128,643,179,464
121000129,743,330,413
121000130,491,407,84
121000131,1217,1170,47
121000132,892,1271,-379
121000135,158,267,-109
121000136,821,607,214
121000137,289,206,83
121000138,520,732,-212
121000139,417,267,150
121000141,145,59,86
121000142,345,538,-193
121000143,78,28,50
121000144,420,1195,-775
121000145,356,496,-140
121000146,910,788,122
121000147,706,324,382
121000148,638,611,27
121000149,1208,911,297
121000152,285,258,27
121000153,1099,344,755
121000154,757,340,417
121000155,868,726,142
121000156,257,635,-378
121000157,511,750,-239
121000158,323,272,51
121000159,204,225,-21
121000160,186,195,-9
121000161,182,186,-4
121000162,105,94,11
121000165,719,1404,-685
121000166,25,302,-277
121000168,244,144,100
121000169,57,82,-25
121000170,245,59,186
121000171,25,98,-73
121000172,553,331,222
121000173,705,700,5
121000174,241,306,-65
121000175,750,266,484
121000176,263,197,66
121000177,524,301,223
121000178,78,21,57
121000179,35,37,-2
121000181,332,265,67
121000182,69,220,-151
121000183,56,65,-9
121000184,47,70,-23
121000185,34,168,-134
121000186,184,269,-85
121000187,122,72,50
121000188,109,75,34
121000192,588,266,322
121000193,367,334,33
121000194,1257,1353,-96
121000195,145,642,-497
121000196,457,221,236
121000197,75,420,-345
121000198,108,95,13
121000199,95,146,-51
121000200,394,44,350
121000201,4,125,-121
121000202,499,88,411
121000203,647,1175,-528
121000204,2006,460,1546
121000205,92,149,-57
121000206,92,27,65
121000207,1288,603,685
121000208,3,206,-203
121000209,339,84,255
121000210,477,228,249
121000211,273,84,189
121000212,427,304,123
121000213,6807,1767,5040
121000214,469,1242,-773
121000215,670,607,63
121000216,349,412,-63
121000217,2453,2187,266
121000218,293,1048,-755
121000219,875,385,490
121000220,100,31,69
121000221,101,221,-120
121000222,1675,1618,57
121000223,352,386,-34
121000224,188,285,-97
121000225,836,1963,-1127
121000226,2267,957,1310
121000227,2,51,-49
121000228,15,317,-302
121000229,251,221,30
121000230,52,1025,-973
121000231,857,28,829
121000232,301,226,75
121000233,472,264,208
121000234,28,46,-18
121000235,57,99,-42
121000236,16,78,-62
121000237,27,20,7
121000238,9,107,-98
121000239,58,8,50
121000240,8,115,-107
121000241,115,10,105
121000242,56,588,-532
121000243,316,89,227
121000244,11,105,-94
121000245,46,15,31
121000246,1,107,-106
121000247,84,8,76
121000248,439,828,-389
121000249,54,165,-111
121000250,331,248,83
121000251,14,215,-201
121000252,99,72,27
121000253,209,205,4
121000254,539,145,394
121000255,89,154,-65
121000256,182,128,54
121000257,23,83,-60
121000258,89,72,17
121000259,32,34,-2
121000260,46,44,2
121000261,40,67,-27
121000262,572,280,292
121000263,282,314,-32
121000271,276,840,-564
121000273,20,5,15
121000274,13,28,-15
121000275,6,10,-4
121000276,9,16,-7
121000278,28,23,5
121000279,25,18,7
121000280,21,42,-21
121000289,95,1,94
121000290,740,656,84
121000294,121,56,65
121000297,420,854,-434
121000299,165,404,-239
121000300,435,303,132
121000302,34,583,-549
121000303,401,186,215
121000304,333,57,276
121000305,121,28,93
121000306,98,74,24
121000308,113,179,-66
121000309,229,261,-32
121000310,101,209,-108
121000311,69,376,-307
121000312,200,158,42
121000313,164,217,-53
121000314,48,87,-39
121000315,27,66,-39
121000530,1097,875,222
121000531,1035,899,136
121000532,4302,5579,-1277
121000533,2169,2403,-234
121000918,41,56,-15
121000919,45,56,-11
121000938,102,106,-4
121000939,83,128,-45
121000956,1030,783,247
121000957,1,7,-6
121000958,11,15,-4
121000959,620,373,247
121000960,815,1237,-422
121000961,199,44,155
121000962,443,355,88
121000963,0,0,0
121000973,0,112,-112
121000976,7,137,-130
121000979,322,75,247
121000981,209,99,110
121000982,310,79,231
121000983,322,151,171
121000984,12,47,-35
121000985,517,189,328
121000986,224,71,153
121000987,206,382,-176
121000988,601,82,519
121001302,138,60,78
121001308,1,4,-3
121001309,27,235,-208
121001313,107,65,42
121001314,1043,1455,-412
121001315,3494,2082,1412
121001326,275,287,-12
121900001,57,100,-43
121900002,43,26,17
121900003,306,3,303
121900004,39,122,-83
121900005,14,4,10
121900006,72,19,53
121900007,1098,1141,-43
121900008,104,113,-9
121900009,295,8,287
121900010,139,1,138
121900011,108,113,-5
121900012,7,0,7
121900013,822,114,708
121900014,830,260,570
121900015,145,132,13
121900016,6,21,-15
121900017,336,257,79
121900018,307,8,299
121900019,318,111,207
121900020,28,2,26
121900021,657,12,645
121900022,197,199,-2
121900023,97,161,-64
121900024,213,105,108
121900025,402,291,111
121900026,203,24,179
121900027,228,88,140
121900028,144,6,138
121900029,54,129,-75
121900030,294,408,-114
121900031,548,3876,-3328
121900032,49,42,7
121900033,128,218,-90
121900034,189,51,138
121900035,1421,1373,48
121900036,51,236,-185
121900037,74,641,-567
121900038,18,60,-42
121900039,209,34,175
121900040,36,63,-27
121900041,61,152,-91
121900042,215,100,115
121900043,5,9,-4
121900044,87,38,49
121900046,189,197,-8
121900047,127,39,88
121900048,31,63,-32
121900050,25,40,-15
121900051,106,137,-31
121900052,109,31,78
121900053,235,179,56
121900054,233,566,-333
121900055,0,5,-5
121900058,152,100,52
121900059,235,122,113
121900060,83,283,-200
121900062,85,81,4
121900063,926,267,659
121900064,160,279,-119
121900066,44,27,17
121900067,49,25,24
121900069,109,77,32
121900070,130,75,55
121900071,320,130,190
121900072,81,98,-17
121900073,121,160,-39
121900074,348,642,-294
121900075,301,392,-91
121900076,352,371,-19
121900078,47,28,19
121900079,0,1,-1
121900080,500,240,260
121900082,44,78,-34
121900084,20,89,-69
121900086,10,48,-38
121900087,75,79,-4
121900088,925,1423,-498
121900089,141,155,-14
121900090,25,62,-37
121900091,87,81,6
121900092,50,81,-31
121900093,49,65,-16
121900094,29,14,15
121900095,247,122,125
121900096,666,408,258
121900097,409,120,289
121900098,5,0,5
121900099,131,35,96
121900100,90,321,-231
121900101,67,87,-20
121900102,1,82,-81
121900103,261,171,90
121900104,990,212,778
121900105,246,117,129
121900106,7,3,4
121900107,39,18,21
121900108,0,12,-12
121900109,164,107,57
121900110,446,344,102
121900111,465,104,361
121900112,101,91,10
121900113,50,296,-246
121900114,49,40,9
121900117,84,51,33
121900118,980,391,589
121900119,122,63,59
121900120,37,683,-646
121900121,292,15,277
121900122,19,51,-32
121900123,113,243,-130
121900124,94,97,-3
121900125,796,553,243
121900127,7,64,-57
121900128,43,61,-18
121900129,208,92,116
121900130,80,153,-73
121900131,190,45,145
121900132,38,38,0
121900133,85,1055,-970
121900134,27,134,-107
121900135,1927,257,1670
121900136,229,179,50
121900137,30,209,-179
121900138,43,65,-22
121900139,236,702,-466
121900140,60,90,-30
121900141,54,14,40
121900142,123,65,58
121900143,3,81,-78
121900144,97,178,-81
121900145,131,191,-60
121900146,355,386,-31
121900147,75,156,-81
121900148,112,172,-60
121900149,169,270,-101
121900150,46,120,-74
121900151,55,129,-74
121900152,64,54,10
121900153,42,438,-396
121900154,14,229,-215
121900155,0,81,-81
121900156,112,103,9
121900157,1,176,-175
121900158,51,61,-10
121900159,1,136,-135
121900160,67,185,-118
121900161,198,259,-61
121900162,76,103,-27
121900163,210,208,2
121900164,229,134,95
121900165,178,72,106
121900166,94,96,-2
121900167,58,73,-15
121900168,84,156,-72
121900169,5,105,-100
121900170,7,116,-109
121900171,502,332,170
121900172,316,126,190
121900173,439,131,308
121900174,34,50,-16
121900175,108,106,2
121900176,317,832,-515
121900177,128,45,83
121900178,56,43,13
121900179,259,114,145
121900180,1483,2811,-1328
121900182,468,230,238
121900183,486,590,-104
121900184,58,357,-299
121900186,5,337,-332
121900187,15,85,-70
121900188,274,183,91
121900189,16,53,-37
121900190,222,320,-98
121900191,32,221,-189
121900192,263,780,-517
121900193,34,121,-87
121900194,2,182,-180
121900195,15,55,-40
121900196,414,643,-229
121900197,251,594,-343
121900198,952,719,233
121900199,1,36,-35
121900200,60,141,-81
121900201,411,527,-116
121900202,63,412,-349
121900203,74,578,-504
121900204,396,631,-235
121900205,16,74,-58
121900206,53,17,36
121900207,47,19,28
121900208,95,197,-102
121900209,46,36,10
121900210,846,697,149
121900211,343,266,77
121900212,74,74,0
121900213,162,24,138
121900214,6,265,-259
121900215,60,91,-31
121900216,27,99,-72
121900217,129,105,24
121900218,145,290,-145
121900220,83,12,71
121900221,182,317,-135
121900222,122,66,56
121900223,105,22,83
121900224,59,27,32
121900225,96,148,-52
121900226,159,51,108
121900227,176,313,-137
121900228,111,152,-41
121900230,85,119,-34
121900231,125,318,-193
121900232,100,191,-91
121900233,99,108,-9
121900234,211,101,110
121900235,268,81,187
121900236,186,99,87
121900237,194,227,-33
121900238,104,173,-69
121900239,116,20,96
121900240,175,69,106
121900241,51,32,19
121900242,10,0,10
121900243,5,0,5
121900244,17,5,12
121900245,131,46,85
121900246,1931,141,1790
121900248,675,709,-34
121900250,129,243,-114
121900251,261,42,219
121900252,270,98,172
121900253,69,543,-474
121900254,272,190,82
121900255,275,62,213
121900258,2480,1235,1245
121900259,237,450,-213
121900260,64,105,-41
121900261,133,431,-298
121900262,305,548,-243
121900263,178,135,43
121900264,872,747,125
121900265,275,143,132
121900266,349,85,264
121900267,66,17,49
121900269,149,461,-312
121900270,25,145,-120
121900271,35,109,-74
121900273,294,1074,-780
121900274,220,120,100
121900277,296,517,-221
121900278,85,596,-511
121900279,120,108,12
121900280,69,210,-141
121900281,101,149,-48
121900284,47,9,38
121900286,119,77,42
121900287,9,24,-15
121900288,1,0,1
121900290,164,311,-147
121900291,260,603,-343
121900292,80,96,-16
121900293,684,1942,-1258
121900294,176,2,174
121900295,112,129,-17
121900296,43,70,-27
121900298,140,527,-387
121900299,2,22,-20
121900300,51,3,48
121900301,116,2,114
121900302,5,58,-53
121900303,280,194,86
121900304,2,19,-17
121900305,1,6,-5
121900306,190,1,189
121900307,60,12,48
121900308,5,128,-123
121900309,5,104,-99
121900310,18,242,-224
121900311,321,14,307
121900312,227,5,222
121900313,258,23,235
121900314,1,44,-43
121900315,12,0,12
121900316,1,15,-14
121900317,15,0,15
121900318,7,8,-1
121900319,33,70,-37
121900320,39,45,-6
121900321,8,0,8
121900322,1,13,-12
121900323,31,23,8
121900324,5,38,-33
121900325,11,3,8
121900326,2,18,-16
121900327,4,20,-16
121900328,0,24,-24
121900329,0,114,-114
121900330,1,103,-102
121900331,7,6,1
121900332,39,10,29
121900333,23,2,21
121900334,43,52,-9
122000001,889,3545,-2656
122000002,1735,768,967
122000003,900,1890,-990
122000004,1457,968,489
122000005,1966,1413,553
122000006,875,857,18
122000007,517,1167,-650
122000008,1188,2548,-1360
122000009,255,256,-1
122000010,1431,1901,-470
122000011,2387,1052,1335
122000012,649,1501,-852
122000013,588,771,-183
122000014,1471,832,639
122000015,813,719,94
122000016,335,625,-290
122000017,757,729,28
122000018,1016,990,26
122000019,603,836,-233
122000020,143,173,-30
122000021,103,272,-169
122000022,774,710,64
122000023,546,982,-436
122000024,344,1138,-794
122000025,534,1514,-980
122000026,401,1038,-637
122000027,480,969,-489
122000028,688,351,337
122000029,314,305,9
122000031,90,297,-207
122000032,1558,1271,287
122000033,350,1285,-935
122000034,254,326,-72
122000035,168,528,-360
122000036,349,315,34
122000037,271,175,96
122000038,171,229,-58
122000039,115,201,-86
122000040,328,350,-22
122000041,372,438,-66
122000042,279,377,-98
122000043,75,86,-11
122000044,80,89,-9
122000045,937,379,558
122000046,581,481,100
122000047,129,145,-16
122000048,1934,2650,-716
122000049,3564,2213,1351
122000050,789,631,158
122000051,147,320,-173
122000052,294,351,-57
122000053,99,761,-662
122000054,1375,1253,122
122000055,1282,2602,-1320
122000056,2272,2256,16
122000057,1915,2915,-1000
122000058,1023,1402,-379
122000059,1082,2017,-935
122000060,362,610,-248
122000061,230,419,-189
122000062,527,255,272
122000063,529,631,-102
122000064,1935,2581,-646
122000065,1718,1405,313
122000066,232,370,-138
122000067,898,821,77
122000068,766,623,143
122000069,650,584,66
122000070,531,733,-202
122000071,1210,855,355
122000072,264,289,-25
122000073,279,782,-503
122000074,1973,1069,904
122000075,514,799,-285
122000076,2835,997,1838
122000077,541,1024,-483
122000078,937,2802,-1865
122000079,405,1207,-802
122000080,393,353,40
122000081,126,131,-5
122000082,297,880,-583
122000083,1175,842,333
122000084,1070,498,572
122000085,188,459,-271
122000086,1208,2945,-1737
122000087,182,163,19
122000088,188,227,-39
122000089,2812,1277,1535
122000090,123,362,-239
122000091,92,95,-3
122000092,57,21,36
122000093,1225,1600,-375
122000094,3048,1701,1347
122000095,737,2013,-1276
122000096,557,1013,-456
122000098,1554,2138,-584
122000099,933,625,308
122000100,608,373,235
122000101,245,336,-91
122000102,1270,682,588
122000103,1324,1126,198
122000104,389,121,268
122000105,293,211,82
122000106,272,536,-264
122000107,710,302,408
122000108,316,551,-235
122000109,359,226,133
122000110,328,447,-119
122000111,2192,1004,1188
122000112,797,883,-86
122000113,520,528,-8
122000114,1462,1359,103
122000115,1316,886,430
122000116,327,336,-9
122000117,674,233,441
122000118,376,543,-167
122000119,1434,1063,371
122000120,705,1639,-934
122000121,700,1594,-894
122000122,456,821,-365
122000123,982,1022,-40
122000124,584,436,148
122000125,330,437,-107
122000126,279,573,-294
122000127,529,623,-94
122000128,246,325,-79
122000129,380,942,-562
122000130,1672,875,797
122000131,638,526,112
122000132,150,247,-97
122000133,624,672,-48
122000134,596,536,60
122000135,471,373,98
122000136,548,434,114
122000137,1030,540,490
122000139,614,1810,-1196
122000140,482,400,82
122000141,1915,670,1245
122000142,144,600,-456
122000143,218,239,-21
122000144,708,521,187
122000145,518,467,51
122000146,481,728,-247
122000147,352,321,31
122000148,891,1303,-412
122000149,1336,1031,305
122000150,777,604,173
122000151,92,237,-145
122000152,181,255,-74
122000153,209,156,53
122000154,183,194,-11
122000155,889,1537,-648
122000156,1641,2024,-383
122000157,797,1738,-941
122000158,224,389,-165
122000159,338,709,-371
122000160,1330,1048,282
122000161,652,621,31
122000162,900,1060,-160
122000163,195,79,116
122000164,37,74,-37
122000165,590,443,147
122000166,538,782,-244
122000167,200,197,3
122000168,149,482,-333
122000169,345,148,197
122000170,280,196,84
122000171,32,72,-40
122000172,1020,854,166
122000173,967,1628,-661
122000174,1517,759,758
122000175,318,203,115
122000176,283,584,-301
122000177,927,1167,-240
122000178,1956,1535,421
122000179,1029,1775,-746
122000180,1031,976,55
122000181,914,1944,-1030
122000182,953,806,147
122000183,1343,651,692
122000184,1714,1709,5
122000185,903,1387,-484
122000186,317,656,-339
122000187,1250,697,553
122000188,260,144,116
122000189,150,239,-89
122000190,578,879,-301
122000191,534,467,67
122000192,374,149,225
122000193,280,436,-156
122000194,768,268,500
122000195,124,373,-249
122000196,667,416,251
122000197,315,516,-201
122000198,323,750,-427
122000199,144,182,-38
122000200,646,422,224
122000201,1044,1199,-155
122000202,853,1303,-450
122000203,1588,890,698
122000204,780,1058,-278
122000205,764,857,-93
122000206,1695,561,1134
122000207,1390,726,664
122000208,1457,928,529
122000209,1113,330,783
122000210,1213,1017,196
122000211,778,744,34
122000212,554,348,206
122000213,635,869,-234
122000214,1144,1218,-74
122000215,1361,1181,180
122000217,987,1053,-66
122000218,572,62,510
122000219,596,547,49
122000220,286,432,-146
122000221,50,264,-214
122000222,128,47,81
122000223,756,311,445
122000225,477,198,279
122000226,978,923,55
122000227,161,1250,-1089
122000228,156,230,-74
122000229,17,333,-316
122000230,35,244,-209
122000231,177,469,-292
122000232,427,477,-50
122000233,1,65,-64
122000234,253,34,219
122000235,252,48,204
122000236,1079,133,946
122000237,39,44,-5
122000238,271,331,-60
122000239,418,62,356
122000240,774,278,496
122000241,1145,304,841
122000242,327,50,277
122000243,193,52,141
122000244,53,117,-64
122000245,79,132,-53
122000246,347,109,238
122000247,285,279,6
122000248,512,689,-177
122000249,777,620,157
122000250,1225,722,503
122000251,122,226,-104
122000252,278,87,191
122000253,78,285,-207
122000254,223,47,176
122000255,499,679,-180
122000256,237,382,-145
122000257,111,146,-35
122000258,180,146,34
122000259,20,225,-205
122000261,22,157,-135
122000262,0,20,-20
122000263,178,180,-2
122000264,940,229,711
122000265,1545,674,871
122000266,2588,475,2113
122000267,100,78,22
122000268,114,181,-67
122000269,617,191,426
122000270,402,124,278
122000271,210,668,-458
122000272,239,558,-319
122000273,177,232,-55
122000274,136,101,35
122000275,33,120,-87
122000276,482,351,131
122000277,766,981,-215
122000278,1131,378,753
122000279,164,214,-50
122000280,582,347,235
122000281,567,460,107
122000282,241,287,-46
122000283,210,105,105
122000284,162,63,99
122000285,307,47,260
122000286,77,103,-26
122000287,774,864,-90
122000288,330,221,109
122000291,1406,421,985
122000293,148,148,0
122000294,116,218,-102
122000295,734,152,582
122000296,26,398,-372
122000297,1177,2553,-1376
122000299,319,236,83
122000300,358,356,2
122000301,4460,1855,2605
122000302,215,821,-606
122000303,1489,842,647
122000304,41,86,-45
122000305,806,327,479
122000306,49,276,-227
122000307,64,99,-35
122000309,26,33,-7
122000310,16,77,-61
122000311,117,88,29
122000312,80,149,-69
122000313,108,51,57
122000314,89,132,-43
122000315,142,47,95
122000316,501,145,356
122000317,869,191,678
122000318,264,359,-95
122000319,120,175,-55
122000320,293,924,-631
122000321,52,99,-47
122000322,1139,1451,-312
122000323,738,1681,-943
122000324,861,875,-14
122000325,606,1676,-1070
122000326,71,84,-13
122000327,237,391,-154
122000328,363,284,79
122000330,890,524,366
122000332,113,119,-6
122000333,20,108,-88
122000337,774,513,261
122000338,287,209,78
122000340,234,503,-269
122000342,849,572,277
122000343,329,520,-191
122000344,67,9,58
122000345,108,23,85
122000346,189,217,-28
122000348,441,346,95
122000349,109,312,-203
122000351,100,204,-104
122000352,559,204,355
122000353,145,51,94
122000355,138,246,-108
122000356,735,752,-17
122000357,69,26,43
122000358,0,25,-25
122000359,0,11,-11
122000360,0,11,-11
122000362,9,40,-31
122000364,137,184,-47
122000365,3,31,-28
122000366,4,2,2
122000368,305,395,-90
122000370,10,19,-9
122000371,22,0,22
122000372,5,0,5
122000381,89,226,-137
122000382,73,182,-109
122000384,1040,824,216
122000385,46,0,46
122000386,175,867,-692
122000387,309,465,-156
122000388,730,421,309
122000389,150,518,-368
122000390,356,230,126
122000391,199,236,-37
122000392,103,185,-82
122000393,14,29,-15
122000394,373,106,267
122000395,82,67,15
122000396,215,89,126
122000397,10,23,-13
122000398,24,26,-2
122000399,133,88,45
122000400,75,447,-372
122000401,205,84,121
122000402,237,108,129
122000403,259,375,-116
122000404,100,86,14
122000408,435,636,-201
122000503,12,75,-63
122000524,96,81,15
122000544,60,1184,-1124
122000614,318,249,69
122000616,166,0,166
122000640,64,87,-23
122000641,90,139,-49
122000642,760,504,256
122000643,31,127,-96
122000644,59,16,43
122000645,77,146,-69
122000651,578,872,-294
122000664,95,16,79
122000665,640,387,253
122000666,439,755,-316
122000673,20,100,-80
122000674,119,59,60
122000675,1252,402,850
122000686,259,500,-241
122000687,1077,154,923
122000688,172,249,-77
122000689,688,227,461
122000690,1862,198,1664
122000691,518,747,-229
122000692,832,133,699
122000693,220,763,-543
122000695,216,239,-23
122000696,322,116,206
122000698,262,273,-11
122000699,144,35,109
122000701,1050,178,872
122000702,312,558,-246
122000703,135,43,92
122000712,0,0,0
122000717,46,40,6
122000718,661,1186,-525
122000719,157,50,107
122000720,418,89,329
122000724,191,200,-9
122900001,29,5,24
122900002,665,3449,-2784
122900003,229,25,204
122900004,687,33,654
122900005,110,46,64
122900006,393,335,58
122900007,51,62,-11
122900008,261,66,195
122900009,328,223,105
122900010,150,91,59
122900012,158,265,-107
122900014,104,130,-26
122900015,506,537,-31
122900016,102,154,-52
122900017,154,417,-263
122900018,92,8,84
122900019,45,80,-35
122900020,133,194,-61
122900021,27,253,-226
122900024,130,107,23
122900025,8,172,-164
122900026,26,135,-109
122900027,40,308,-268
122900028,113,93,20
122900029,2810,1889,921
122900030,720,407,313
122900031,30,178,-148
122900032,63,231,-168
122900033,187,81,106
122900034,2511,3161,-650
122900035,9,16,-7
122900036,34,39,-5
122900037,209,62,147
122900038,66,1756,-1690
122900039,95,285,-190
122900040,187,247,-60
122900041,248,230,18
122900042,88,192,-104
122900043,166,158,8
122900044,64,232,-168
122900045,91,78,13
122900046,81,146,-65
122900047,105,163,-58
122900048,54,132,-78
122900049,967,92,875
122900051,49,101,-52
122900052,109,167,-58
122900053,14,17,-3
122900055,191,61,130
122900057,117,39,78
122900061,277,127,150
122900062,328,313,15
122900063,118,117,1
122900064,524,212,312
122900065,310,68,242
122900066,445,363,82
122900067,558,264,294
122900069,312,931,-619
122900070,267,143,124
122900071,96,176,-80
122900073,13,81,-68
122900074,508,259,249
122900075,2,49,-47
122900076,4,129,-125
122900077,8,95,-87
122900078,109,0,109
122900080,25,40,-15
122900081,89,113,-24
122900082,705,107,598
122900083,87,90,-3
122900084,4,100,-96
122900086,4,85,-81
122900087,197,247,-50
122900088,25,185,-160
122900089,57,126,-69
122900090,9,215,-206
122900091,233,14,219
122900092,167,100,67
122900093,0,96,-96
122900094,40,126,-86
122900095,111,21,90
122900096,106,18,88
122900097,30,47,-17
122900098,47,67,-20
122900099,53,12,41
122900100,114,212,-98
122900101,229,131,98
122900102,16,7,9
122900103,125,2,123
122900104,129,2,127
122900105,7,5,2
122900106,1,20,-19
122900107,2,51,-49
122900108,2,61,-59
122900109,514,263,251
123000001,751,339,412
123000002,1840,3700,-1860
123000003,2609,2825,-216
123000004,2199,2727,-528
123000005,1876,2024,-148
123000006,1483,1392,91
123000007,2890,2015,875
123000008,1663,1994,-331
123000009,3399,1936,1463
123000010,2601,2519,82
123000011,1352,753,599
123000012,522,1489,-967
123000013,2414,627,1787
123000014,536,2067,-1531
123000015,1549,726,823
123000016,1816,2481,-665
123000017,2248,1260,988
123000018,46,92,-46
123000019,289,79,210
123000020,145,39,106
123000021,84,101,-17
123000022,193,1204,-1011
123000023,1076,1206,-130
123000024,1211,524,687
123000025,245,99,146
123000026,28,60,-32
123000027,97,364,-267
123000028,1090,568,522
123000029,585,670,-85
123000030,179,116,63
123000031,204,130,74
123000032,308,100,208
123000033,255,108,147
123000034,763,548,215
123000035,261,300,-39
123000036,186,624,-438
123000037,139,107,32
123000038,39,178,-139
123000039,323,1043,-720
123000040,441,176,265
123000041,676,806,-130
123000042,481,541,-60
123000043,1552,6926,-5374
123000044,2177,1441,736
123000045,2788,1669,1119
123000046,368,899,-531
123000047,827,608,219
123000048,48,622,-574
123000049,3542,5794,-2252
123000050,1070,1019,51
123000051,60,135,-75
123000052,487,2192,-1705
123000053,1562,2017,-455
123000054,1001,939,62
123000055,962,1760,-798
123000056,727,905,-178
123000057,4067,3740,327
123000058,433,724,-291
123000059,232,314,-82
123000060,525,241,284
123000061,169,477,-308
123000063,486,617,-131
123000064,684,198,486
123000065,2268,1340,928
123000066,302,306,-4
123000067,530,300,230
123000068,1346,1606,-260
123000069,3469,1605,1864
123000070,155,439,-284
123000071,840,504,336
123000072,784,410,374
123000073,1037,499,538
123000074,724,460,264
123000075,261,753,-492
123000076,497,288,209
123000077,1431,1255,176
123000078,1273,1005,268
123000079,1182,1032,150
123000080,1435,741,694
123000081,109,177,-68
123000082,184,503,-319
123000083,677,177,500
123000084,449,279,170
123000085,278,37,241
123000086,410,76,334
123000087,239,117,122
123000088,734,335,399
123000089,503,668,-165
123000090,907,518,389
123000091,1035,899,136
123000092,661,772,-111
123000094,341,121,220
123000095,386,409,-23
123000096,518,239,279
123000097,351,324,27
123000098,602,296,306
123000099,518,437,81
123000100,354,567,-213
123000101,353,437,-84
123000102,379,507,-128
123000104,308,324,-16
123000105,303,304,-1
123000106,327,280,47
123000107,237,344,-107
123000108,336,575,-239
123000111,636,256,380
123000112,818,312,506
123000113,369,571,-202
123000114,266,463,-197
123000115,204,192,12
123000116,50,66,-16
123000117,1174,797,377
123000118,304,424,-120
123000119,207,417,-210
123000120,192,414,-222
123000121,294,341,-47
123000122,204,201,3
123000123,353,422,-69
123000124,260,296,-36
123000125,816,836,-20
123000126,746,2628,-1882
123000127,478,374,104
123000128,197,127,70
123000129,562,143,419
123000130,531,47,484
123000131,796,549,247
123000132,148,295,-147
123000133,101,203,-102
123000134,150,69,81
123000135,1467,568,899
123000136,136,386,-250
123000137,52,130,-78
123000138,79,126,-47
123000139,350,78,272
123000140,57,296,-239
123000141,376,86,290
123000142,584,542,42
123000143,982,1306,-324
123000144,12,11,1
123000147,54,76,-22
123000149,212,197,15
123000150,87,174,-87
123000151,142,329,-187
123000152,15,176,-161
123000153,70,458,-388
123000154,575,997,-422
123000155,904,510,394
123000156,18,68,-50
123000157,418,543,-125
123000158,300,463,-163
123000159,1810,1761,49
123000160,705,493,212
123000161,1083,779,304
123000162,843,1107,-264
123000163,366,52,314
123000164,619,133,486
123000165,262,482,-220
123000167,1,95,-94
123000168,226,132,94
123000169,677,72,605
123000170,107,56,51
123000171,537,7,530
123000172,275,402,-127
123000173,447,306,141
123000174,750,384,366
123000175,375,593,-218
123000176,575,143,432
123000177,219,394,-175
123000178,612,108,504
123000179,43,263,-220
123000180,968,140,828
123000181,124,531,-407
123000182,122,99,23
123000183,72,219,-147
123000184,67,239,-172
123000185,516,214,302
123000186,0,243,-243
123000187,441,12,429
123000188,204,1,203
123000189,75,94,-19
123000190,30,107,-77
123000192,22,287,-265
123000193,80,537,-457
123000194,152,92,60
123000195,296,50,246
123000196,257,21,236
123000197,50,83,-33
123000198,27,834,-807
123000199,4,452,-448
123000200,307,13,294
123000201,472,9,463
123000202,12,470,-458
123000203,543,49,494
123000204,57,507,-450
123000205,366,822,-456
123000206,1264,95,1169
123000207,214,612,-398
123000208,600,161,439
123000209,2463,734,1729
123000210,602,1737,-1135
123000211,460,1125,-665
123000212,1944,393,1551
123000213,525,76,449
123000215,49,163,-114
123000216,110,364,-254
123000217,142,23,119
123000218,57,392,-335
123000219,345,52,293
123000220,373,57,316
123000221,140,47,93
123000222,243,166,77
123000223,230,111,119
123000224,364,206,158
123000225,156,38,118
123000226,36,199,-163
123000227,55,159,-104
123000228,190,32,158
123000229,603,703,-100
123000232,93,374,-281
123000233,525,96,429
123000234,103,325,-222
123000235,770,181,589
123000236,132,391,-259
123000237,204,62,142
123000238,76,266,-190
123000239,296,484,-188
123000240,38,364,-326
123000241,196,42,154
123000242,89,100,-11
123000243,639,995,-356
123000244,955,528,427
123000245,26,99,-73
123000249,201,311,-110
123000252,632,187,445
123000253,881,333,548
123000254,480,453,27
123000255,766,632,134
123000256,17,106,-89
123000257,1520,915,605
123000258,615,419,196
123000259,318,290,28
123000260,362,172,190
123000261,162,51,111
123000263,263,160,103
123000264,148,96,52
123000265,48,138,-90
123000266,398,385,13
123000267,386,260,126
123000268,36,62,-26
123000269,136,55,81
123000270,89,65,24
123000271,37,59,-22
123000272,582,226,356
123000273,178,536,-358
123000274,820,396,424
123000275,168,414,-246
123000278,1316,1616,-300
123000279,103,72,31
123000280,222,216,6
123000281,172,69,103
123000282,70,161,-91
123000283,36,29,7
123000284,44,61,-17
123000286,218,204,14
123000287,591,288,303
123000288,873,572,301
123000289,309,615,-306
123000291,192,554,-362
123000294,185,246,-61
123000295,853,1046,-193
123000296,808,647,161
123000297,558,300,258
123000298,867,525,342
123000299,309,212,97
123000300,847,541,306
123000301,101,190,-89
123000302,49,72,-23
123000303,58,151,-93
123000305,534,540,-6
123000306,116,48,68
123000309,34,59,-25
123000310,26,45,-19
123000311,0,60,-60
123000312,269,288,-19
123000313,396,222,174
123000315,99,137,-38
123000316,513,300,213
123000317,262,68,194
123000318,66,199,-133
123000329,3,10,-7
123000337,762,690,72
123000338,200,131,69
123000339,207,82,125
123000340,184,267,-83
123000342,21,64,-43
123000343,20,10,10
123000344,755,221,534
123000345,278,292,-14
123000346,295,37,258
123000352,673,635,38
123000353,30,73,-43
123000354,118,1,117
123000355,0,130,-130
123000356,274,5,269
123000357,1,47,-46
123000359,4,91,-87
123000360,169,52,117
123000361,105,157,-52
123000362,223,71,152
123000363,56,85,-29
123000364,287,340,-53
123000365,10,274,-264
123000366,260,1412,-1152
123000367,198,477,-279
123000370,30,150,-120
123000371,386,21,365
123000372,211,15,196
123000373,7,188,-181
123000374,9,87,-78
123000375,269,24,245
123000376,860,576,284
123000377,245,17,228
123000378,10,134,-124
123000379,3,63,-60
123000380,29,308,-279
123000381,79,66,13
123000382,426,76,350
123000383,86,607,-521
123000384,392,56,336
123000385,76,318,-242
123000436,24,635,-611
123000507,104,134,-30
123000508,137,710,-573
123000517,188,24,164
123000518,35,151,-116
123000519,123,56,67
123000520,25,123,-98
123000521,299,81,218
123000522,108,195,-87
123000541,6,0,6
123000542,0,8,-8
123000565,730,35,695
123000566,226,286,-60
123000567,138,117,21
123000573,49,342,-293
123000574,587,45,542
123000575,814,497,317
123000576,546,605,-59
123000577,54,348,-294
123000578,235,62,173
123000579,937,3814,-2877
123000580,185,41,144
123000582,267,21,246
123000583,9,173,-164
123000584,138,140,-2
123000585,0,53,-53
123000586,60,16,44
123000596,235,152,83
123000597,105,143,-38
123000602,40,13,27
123000603,628,253,375
123000604,419,247,172
123000605,519,8,511
123000606,0,323,-323
123000609,14,159,-145
123000610,114,67,47
123000613,56,108,-52
123000614,185,36,149
123000615,47,97,-50
123000616,464,44,420
123000617,62,120,-58
123000618,38,321,-283
123000619,255,23,232
123000620,31,190,-159
123000622,285,21,264
123000624,121,41,80
123000630,1020,262,758
123000631,185,587,-402
123000632,447,411,36
123000633,0,147,-147
123000634,48,101,-53
123000635,66,74,-8
123000636,27,210,-183
123000637,116,27,89
123000638,366,12,354
123000639,519,2667,-2148
123000640,27,283,-256
123000648,383,69,314
123000649,62,216,-154
123000650,57,32,25
123000651,12,84,-72
123900001,688,24,664
123900002,17,914,-897
123900003,136,206,-70
123900005,170,117,53
123900006,238,37,201
124000001,1047,90,957
124000002,21,590,-569
124000003,664,107,557
124000004,48,234,-186
124000005,645,205,440
124000006,157,485,-328
124000007,323,78,245
124000008,19,260,-241
124000009,531,165,366
124000010,151,206,-55
124000011,666,182,484
124000012,136,203,-67
124000017,100,82,18
124000018,103,48,55
124000019,97,85,12
124000020,32,67,-35
124000021,69,54,15
124000022,66,91,-25
124000023,571,221,350
124000024,81,195,-114
124000025,582,439,143
124000026,186,185,1
124000027,1375,787,588
124000028,1266,717,549
124000031,957,2363,-1406
124000032,877,487,390
124000033,741,405,336
124000034,298,564,-266
124000035,246,102,144
124000036,110,364,-254
124000037,213,742,-529
124000038,19,50,-31
124000039,527,325,202
124000040,315,588,-273
124000041,331,59,272
124000042,59,243,-184
124000043,74,59,15
124000044,65,92,-27
124000045,582,291,291
124000046,139,345,-206
124000047,1151,453,698
124000048,565,496,69
124000049,1264,415,849
124000050,612,722,-110
124000051,793,352,441
124000052,338,429,-91
124000053,360,1224,-864
124000054,546,268,278
124000055,931,2014,-1083
124000056,1050,793,257
124000057,837,359,478
124000058,304,738,-434
124000059,481,838,-357
124000060,550,364,186
124000061,1050,4018,-2968
124000062,1671,1036,635
124000063,890,911,-21
124000064,1264,705,559
124000065,11,35,-24
124000066,113,66,47
124000067,143,114,29
124000068,57,167,-110
124000069,430,84,346
124000070,172,284,-112
124000071,111,45,66
124000072,7,24,-17
124000073,345,65,280
124000074,170,394,-224
124000075,193,10,183
124000076,12,69,-57
124000077,960,449,511
124000078,1605,781,824
124000079,145,591,-446
124000080,404,116,288
124000081,166,214,-48
124000082,45,149,-104
124000083,59,76,-17
124000084,102,356,-254
124000085,70,35,35
124000086,126,81,45
124000088,43,187,-144
124000089,636,176,460
124000090,95,163,-68
124000091,384,100,284
124000092,118,356,-238
124000093,69,52,17
124000094,52,224,-172
124000095,87,64,23
124000096,83,113,-30
124000097,88,119,-31
124000098,37,75,-38
124000099,175,71,104
124000100,33,88,-55
124000101,75,93,-18
124000102,68,28,40
124000103,98,95,3
124000104,46,21,25
124000105,106,74,32
124000106,103,26,77
124000107,10,138,-128
124000108,28,21,7
124000109,115,73,42
124000110,190,66,124
124000111,168,95,73
124000112,558,419,139
124000113,78,53,25
124000114,234,285,-51
124000115,301,370,-69
124000116,85,91,-6
124000117,38,62,-24
124000118,36,53,-17
124000119,433,277,156
124000120,265,275,-10
124000121,819,442,377
124000122,350,757,-407
124000123,637,298,339
124000124,304,631,-327
124000125,285,278,7
124000126,234,357,-123
124000127,614,207,407
124000128,317,517,-200
124000129,1469,1010,459
124000130,564,406,158
124000131,638,429,209
124000132,586,487,99
124000133,706,482,224
124000134,285,175,110
124000135,1687,1318,369
124000136,398,353,45
124000137,857,599,258
124000138,689,995,-306
124000139,372,49,323
124000140,30,347,-317
124000141,556,38,518
124000142,47,252,-205
124000143,73,4,69
124000144,5,95,-90
124000145,83,30,53
124000146,15,49,-34
124000148,7,61,-54
124000149,818,253,565
124000150,173,391,-218
124000151,451,105,346
124000152,355,546,-191
124000153,510,396,114
124000154,165,394,-229
124000155,835,581,254
124000156,851,605,246
124000169,130,332,-202
124000170,305,269,36
124000171,208,164,44
124000172,185,308,-123
124000173,442,123,319
124000174,284,320,-36
124000175,14,46,-32
124000176,69,12,57
124000177,12,19,-7
124000178,18,35,-17
124000185,33,12,21
124000186,5,36,-31
124000187,5,25,-20
124000188,58,12,46
124000190,53,37,16
124000191,42,158,-116
124000192,597,268,329
124000193,154,464,-310
124000194,243,233,10
124000195,220,439,-219
124000196,806,523,283
124000197,31,27,4
124000198,49,39,10
124000201,249,387,-138
124000202,412,72,340
124000203,220,202,18
124000204,678,3,675
124000205,78,222,-144
124000206,643,59,584
124000207,0,19,-19
124000209,135,189,-54
124000210,359,114,245
124000211,530,1,529
124000212,0,171,-171
124000213,363,162,201
124000214,308,303,5
124000215,316,28,288
124000216,1,158,-157
124000329,6,333,-327
124000338,102,594,-492
124000339,807,80,727
124000341,1154,36,1118
124000344,43,16,27
124000357,1485,2488,-1003
124000358,1031,1540,-509
124000359,910,489,421
124000360,685,304,381
124000361,1146,678,468
124000362,628,850,-222
124000363,201,234,-33
124000364,461,470,-9
124000365,497,754,-257
124000366,1122,917,205
124000367,82,214,-132
124000368,326,283,43
124000369,84,55,29
124000370,36,284,-248
124000402,15,24,-9
124000403,70,9,61
124000404,13,26,-13
124000405,655,503,152
124000406,443,453,-10
124000407,0,24,-24
124000411,5,147,-142
124000412,288,16,272
124000413,95,29,66
124000414,60,81,-21
124000415,45,51,-6
124000416,112,128,-16
124000417,166,97,69
124000418,181,64,117
124000419,110,66,44
124000420,101,27,74
124000421,48,67,-19
124000422,15,7,8
124000423,68,16,52
124000424,3,58,-55
124000425,90,3,87
124000426,2,95,-93
124000427,129,8,121
124000428,8,37,-29
124000429,65,32,33
124000430,396,171,225
124000431,333,228,105
124000432,164,343,-179
124000439,10,1,9
124000443,0,6,-6
124000445,333,798,-465
124000446,540,179,361
124000447,19,98,-79
124000448,105,7,98
124000449,163,16,147
124000450,12,67,-55
124000451,2,27,-25
124000452,187,84,103
124000453,2042,2936,-894
124000454,935,2292,-1357
124900001,509,323,186
124900002,117,128,-11
124900003,634,261,373
124900004,582,252,330
124900005,120,55,65
124900006,642,202,440
124900008,861,497,364
124900009,166,267,-101
124900010,150,178,-28
124900011,409,168,241
124900012,333,86,247
124900013,432,147,285
124900014,379,86,293
124900015,88,192,-104
124900016,59,57,2
124900017,489,1292,-803
124900018,274,27,247
124900020,50,24,26
124900021,243,17,226
124900024,232,4,228
124900026,128,2,126
124900027,98,295,-197
124900028,197,43,154
124900030,2,45,-43
124900031,22,108,-86
124900033,61,143,-82
124900035,98,201,-103
124900036,4,48,-44
124900037,72,106,-34
124900039,0,68,-68
124900040,27,49,-22
124900042,88,31,57
124900043,151,463,-312
124900044,105,2,103
124900045,384,582,-198
124900047,375,265,110
124900050,209,233,-24
124900052,130,209,-79
124900053,231,439,-208
124900054,459,427,32
124900055,13,189,-176
124900057,13,82,-69
124900060,422,280,142
124900061,116,12,104
124900062,134,20,114
124900066,0,150,-150
124900067,12,178,-166
124900068,172,360,-188
124900070,55,176,-121
124900072,255,72,183
124900075,343,325,18
124900076,53,1330,-1277
124900077,134,151,-17
124900078,90,3,87
124900080,303,499,-196
124900081,815,258,557
124900082,438,692,-254
124900083,461,656,-195
124900085,1086,841,245
124900086,36,783,-747
124900087,843,81,762
124900088,507,176,331
124900089,1022,143,879
124900090,300,125,175
124900091,212,126,86
124900092,154,104,50
124900093,231,93,138
124900094,297,159,138
124900095,63,339,-276
124900096,351,124,227
124900097,254,33,221
124900098,67,147,-80
124900099,272,287,-15
124900100,209,39,170
124900101,37,8,29
124900102,198,12,186
124900103,86,95,-9
124900104,46,72,-26
124900105,55,47,8
124900106,234,16,218
124900107,51,20,31
124900108,205,121,84
124900111,8,177,-169
124900112,207,270,-63
124900113,53,116,-63
124900114,66,79,-13
124900115,46,30,16
124900116,141,124,17
124900117,105,128,-23
124900118,164,351,-187
124900119,249,84,165
124900120,46,205,-159
124900121,224,152,72
124900122,162,142,20
124900123,312,278,34
124900124,222,262,-40
124900125,42,4,38
124900126,0,32,-32
204000001,135,9,126
204000002,13,4,9
204000003,9,2,7
204000004,2,2,0
204000005,606,455,151
204000006,1015,1013,2
204000011,12,23,-11
204000012,40,76,-36
204000019,587,333,254
204000020,491,373,118
204000021,786,569,217
204000022,459,305,154
204000023,419,439,-20
204000031,63,13,50
204000032,246,19,227
204000034,48,69,-21
204000035,0,1,-1
204000036,3,11,-8
204000037,0,34,-34
204000038,0,3,-3
204000039,4,11,-7
204000040,5,12,-7
204000041,6,12,-6
204000042,17,13,4
204000043,34,4,30
204000044,17,1,16
204000045,16,2,14
204000046,6,0,6
204000057,2,3,-1
204000062,17,32,-15
204000068,23,188,-165
204000069,42,270,-228
204000070,47,49,-2
204000080,40,47,-7
204000085,1696,995,701
204000086,1619,1081,538
204000087,38,8,30
204000088,11,84,-73
204000090,79,157,-78
204000093,298,66,232
204000096,735,908,-173
204000097,366,15,351
204000099,779,1117,-338
204000100,1264,1588,-324
204000105,1643,743,900
204000110,316,712,-396
204000111,405,363,42
204000112,618,340,278
204000113,221,347,-126
204000114,418,389,29
204000115,457,149,308
204000116,412,404,8
204000119,1543,2108,-565
204000132,657,277,380
204000133,776,160,616
204000134,153,75,78
204000135,522,46,476
204000136,547,137,410
204000138,352,362,-10
204000140,193,127,66
204000141,156,54,102
204000144,7,16,-9
204000145,308,25,283
204000146,29,173,-144
204000147,30,105,-75
204000148,157,20,137
204000154,3,3,0
204000155,4,5,-1
204000177,42,20,22
204000179,52,7,45
204000180,0,33,-33
204000222,1,3,-2
204000235,14,10,4
204000236,39,167,-128
204000238,6,10,-4
204000240,283,68,215
204000263,618,595,23
204000268,761,457,304
204000308,83,12,71
204000317,13,53,-40
204000322,4,24,-20
204000323,2,4,-2
204000328,170,81,89
204000329,58,89,-31
204000330,178,28,150
204000331,118,112,6
205000001,628,1120,-492
205000013,4,32,-28
205000014,21,56,-35
205000015,23,99,-76
205000016,17,102,-85
205000017,24,71,-47
205000022,260,565,-305
205000025,1084,724,360
205000029,197,4,193
205000045,93,598,-505
205000046,89,548,-459
205000047,32,362,-330
205000048,364,623,-259
205000049,123,575,-452
205000050,555,260,295
205000059,0,154,-154
205000060,0,68,-68
205000061,5,88,-83
205000062,1,122,-121
205000063,35,120,-85
205000064,17,76,-59
205000065,40,378,-338
205000066,108,443,-335
205000067,24,516,-492
205000069,246,26,220
205000082,132,105,27
205000110,67,203,-136
205000111,158,158,0
205000112,171,138,33
205000113,135,267,-132
205000121,223,25,198
205000123,33,118,-85
205000126,330,70,260
205000127,789,145,644
205000128,328,49,279
205000129,569,67,502
205000130,142,21,121
205000131,52,5,47
205000132,99,2,97
205000133,62,0,62
205000134,235,0,235
205000137,34,82,-48
205000138,61,155,-94
205000139,18,78,-60
205000144,84,63,21
205000145,254,125,129
205000151,96,24,72
205000152,151,14,137
205000153,222,19,203
205000154,49,21,28
205000155,95,10,85
205000207,4,134,-130
205000233,23,0,23
205000234,0,1,-1
205000243,0,0,0
205000244,0,7,-7
205000245,10,67,-57
205000249,0,8,-8
205000250,1,0,1
205000264,7,67,-60
206000027,5,2,3
206000028,2,5,-3
206000043,1,25,-24
206000053,1,6,-5
206000054,0,8,-8
206000055,1,7,-6
206000075,5,8,-3
206000076,10,11,-1
206000077,17,9,8
206000078,20,5,15
206000079,24,4,20
206000082,251,29,222
206000100,16,212,-196
206000103,5,9,-4
206000104,11,16,-5
206000105,3,5,-2
206000106,1,7,-6
206000125,79,0,79
206000157,26,235,-209
206000170,1,72,-71
206000171,1,105,-104
206000172,4,128,-124
206000173,2,73,-71
206000174,6,24,-18
206000175,0,31,-31
206000176,7,43,-36
206000177,0,41,-41
206000178,1,98,-97
206000179,2,24,-22
206000180,4,55,-51
206000181,4,35,-31
206000182,2,52,-50
206000183,12,107,-95
206000184,6,100,-94
206000185,5,39,-34
206000186,85,275,-190
206000223,1,106,-105
206000226,5,1,4
206000227,26,1,25
206000237,39,149,-110
206000238,9,227,-218
206000239,114,868,-754
206000240,0,62,-62
206000241,0,27,-27
206000242,6,75,-69
206000243,3,49,-46
206000244,21,180,-159
206000245,622,55,567
206000246,222,6,216
206000247,209,7,202
206000248,300,11,289
206000252,56,24,32
206000258,27,22,5
206000315,27,3,24
206000317,482,77,405
206000318,585,31,554
206000319,1222,52,1170
206000320,224,34,190
206000321,213,7,206
206000322,345,8,337
206000323,169,8,161
206000324,160,7,153
206000325,110,10,100
206000326,123,19,104
206000327,83,5,78
206000328,148,3,145
206000329,235,3,232
206000330,44,7,37
206000331,188,0,188
206000332,49,2,47
206000333,578,0,578
206000334,223,0,223
206000335,0,4,-4
206000361,4,123,-119
206000392,1,3,-2
206000405,137,1,136
206000441,25,17,8
206000498,28,0,28
206000515,47,31,16
206000530,331,53,278
206000531,197,223,-26
206000532,1233,202,1031
206000535,110,1085,-975
206000536,10,58,-48
206000537,10,119,-109
206000613,1206,126,1080
206000784,371,17,354
207000001,119,401,-282
207000002,77,309,-232
207000003,114,94,20
207000007,1009,223,786
207000008,98,7,91
207000009,58,49,9
207000010,236,173,63
207000012,339,143,196
207000015,172,467,-295
207000019,163,70,93
207000021,343,140,203
207000022,175,121,54
207000023,155,67,88
207000024,3,12,-9
207000025,17,41,-24
207000026,66,32,34
207000027,13,40,-27
207000028,48,122,-74
207000029,185,249,-64
207000033,163,392,-229
207000034,202,99,103
207000039,406,91,315
207000040,415,63,352
207000041,39,27,12
207000042,176,29,147
207000043,158,107,51
207000051,101,113,-12
207000052,24,81,-57
207000053,254,323,-69
207000054,55,48,7
207000055,122,58,64
207000056,218,200,18
207000057,105,154,-49
207000058,171,179,-8
207000059,98,229,-131
207000060,63,126,-63
207000061,137,480,-343
207000062,336,33,303
207000063,315,82,233
207000064,248,82,166
207000065,334,123,211
207000066,230,114,116
207000067,40,44,-4
207000068,105,33,72
207000069,592,187,405
207000082,6,124,-118
207000083,58,101,-43
207000084,198,176,22
207000085,182,13,169
207000086,220,13,207
207000106,33,22,11
207000107,54,14,40
207000108,83,11,72
207000109,34,8,26
207000110,43,34,9
207000111,84,89,-5
207000112,102,474,-372
207000114,22,18,4
207000115,42,31,11
207000116,21,209,-188
207000117,15,58,-43
207000118,6,33,-27
207000119,22,34,-12
207000123,131,16,115
207000124,61,17,44
207000125,47,35,12
207000126,60,41,19
207000134,105,88,17
207000135,30,134,-104
207000148,72,238,-166
207000149,79,17,62
207000152,84,306,-222
207000153,516,825,-309
207000154,291,151,140
207000159,60,89,-29
207000160,120,150,-30
207000238,0,211,-211
207000242,9,102,-93
207000248,23,21,2
207000249,89,23,66
207000250,336,54,282
207000251,81,61,20
207000252,31,36,-5
207000278,89,82,7
207000279,21,67,-46
207000280,602,52,550
207000281,77,382,-305
207000282,106,107,-1
207000283,82,149,-67
207000284,31,268,-237
207000285,67,63,4
207000291,19,56,-37
207000304,91,40,51
207000306,42,241,-199
207000310,75,53,22
207000353,250,3,247
207000356,33,23,10
207000357,11,15,-4
207000358,3,6,-3
207000415,8,82,-74
207000417,45,8,37
207000418,107,77,30
207000438,0,4,-4
207000439,479,472,7
207000446,154,10,144
207000460,29,12,17
207000466,93,118,-25
207000467,222,54,168
207000468,36,139,-103
207000476,6,40,-34
207000477,401,56,345
207000478,0,23,-23
207000523,0,16,-16
207000524,87,1,86
207000527,104,107,-3
207000530,393,5,388
207000531,251,8,243
207000532,67,23,44
207000534,240,47,193
207000535,37,195,-158
207000537,15,54,-39
207000540,8,88,-80
207000541,4,210,-206
207000548,13,150,-137
207000549,239,11,228
207000561,123,162,-39
207000562,34,80,-46
207000567,86,165,-79
207000568,233,40,193
207000569,433,280,153
207000584,191,92,99
207000585,49,214,-165
207000587,154,10,144
207000616,2,95,-93
207000617,107,0,107
207000624,51,44,7
207000631,5,59,-54
207900008,297,68,229
208000001,449,999,-550
208000002,580,428,152
208000003,1092,267,825
208000004,847,533,314
208000005,6,12,-6
208000019,505,673,-168
208000020,121,399,-278
208000021,234,239,-5
208000022,870,279,591
208000028,576,864,-288
208000033,435,357,78
208000034,862,896,-34
208000037,183,10,173
208000040,130,95,35
208000041,530,470,60
208000042,684,495,189
208000047,139,163,-24
208000064,1504,1132,372
208000066,1373,2327,-954
208000070,314,282,32
208000071,443,451,-8
208000072,320,852,-532
208000080,292,251,41
208000081,328,136,192
208000082,218,136,82
208000083,136,287,-151
208000084,8,12,-4
208000085,613,411,202
208000086,395,771,-376
208000087,247,631,-384
208000089,955,247,708
208000090,912,339,573
208000093,185,122,63
208000094,381,243,138
208000095,598,367,231
208000104,797,645,152
208000105,546,717,-171
208000114,98,340,-242
208000115,419,228,191
208000116,447,736,-289
208000117,158,120,38
208000118,113,114,-1
208000155,566,780,-214
208000158,1034,2699,-1665
208000186,2477,3192,-715
208000204,581,755,-174
208000205,1003,666,337
208000282,3618,2299,1319
209000004,377,153,224
209000005,49,24,25
209000006,351,184,167
209000007,190,272,-82
209000010,226,79,147
209000011,102,193,-91
209000012,109,89,20
209000013,148,135,13
209000014,332,406,-74
209000025,309,57,252
209000026,484,109,375
209000027,338,433,-95
209000028,221,262,-41
209000029,230,303,-73
209000030,295,561,-266
209000031,1370,965,405
209000034,163,194,-31
209000035,74,146,-72
209000036,163,70,93
209000037,266,133,133
209000038,123,106,17
209000039,55,109,-54
209000040,233,353,-120
209000041,138,282,-144
209000042,193,248,-55
209000043,538,718,-180
209000044,174,750,-576
209000045,1093,287,806
209000046,477,297,180
209000047,297,123,174
209000048,526,204,322
209000049,83,49,34
209000050,205,75,130
209000051,238,136,102
209000052,137,117,20
209000062,46,54,-8
209000063,60,41,19
209000064,46,43,3
209000065,79,19,60
209000066,68,3,65
209000067,84,25,59
209000080,15,133,-118
209000082,80,28,52
209000091,24,67,-43
209000093,41,27,14
209000094,100,129,-29
209000110,25,106,-81
209000111,321,1079,-758
209000112,792,391,401
209000113,1096,340,756
209000114,518,268,250
209000115,36,44,-8
209000116,347,173,174
209000118,17,24,-7
209000119,10,5,5
209000121,87,248,-161
209000135,34,155,-121
209000142,451,1094,-643
209000143,23,33,-10
209000144,33,108,-75
209000229,217,117,100
209000240,24,123,-99
209000259,60,44,16
209000260,33,536,-503
209000261,3,254,-251
209000262,2,165,-163
209000263,0,170,-170
209000264,0,129,-129
209000265,242,0,242
209000266,73,1,72
209000267,785,11,774
209000268,527,37,490
210000037,58,13,45
210000047,79,11,68
210000048,75,8,67
210000049,61,5,56
210000052,49,53,-4
210000053,37,28,9
210000054,67,43,24
210000070,112,1,111
210000071,73,0,73
210000072,18,0,18
210000073,0,21,-21
210000074,2,84,-82
210000075,1,91,-90
210000076,6,108,-102
210000077,9,41,-32
210000078,11,50,-39
210000079,24,8,16
210000080,70,53,17
210000081,113,28,85
210000082,142,4,138
210000083,77,0,77
210000084,37,0,37
210000085,0,32,-32
210000086,1,40,-39
210000099,19,211,-192
210000100,41,125,-84
210000101,64,108,-44
210000105,35,113,-78
210000159,1,182,-181
210000163,104,129,-25
210000164,181,126,55
210000168,90,36,54
210000187,0,12,-12
210000188,1,12,-11
210000214,28,0,28
210000219,31,35,-4
210000220,89,23,66
210000232,4,19,-15
210000233,35,44,-9
210000234,36,95,-59
210000235,49,65,-16
210000245,0,29,-29
210000246,19,1,18
210000258,10,47,-37
210000259,257,56,201
210000282,76,148,-72
210000285,0,79,-79
210000286,15,103,-88
210000290,8,12,-4
210000295,36,77,-41
210000296,36,24,12
210000320,144,47,97
210000321,119,38,81
210000338,41,47,-6
210000339,149,798,-649
210000340,90,286,-196
210000341,203,236,-33
210000342,153,178,-25
210000343,149,127,22
210000344,149,95,54
210000345,107,135,-28
210000346,51,70,-19
210000347,30,36,-6
210000348,75,14,61
210000349,25,13,12
210000350,132,37,95
210000351,130,65,65
210000352,63,42,21
210000353,42,56,-14
210000354,54,55,-1
210000355,42,63,-21
210000356,11,46,-35
210000357,32,46,-14
210000358,161,124,37
210000359,65,58,7
210000360,134,103,31
210000361,147,129,18
210000362,210,139,71
210000363,464,207,257
210000364,63,89,-26
210000365,130,81,49
210000366,88,47,41
210000367,53,29,24
210000368,121,33,88
210000369,21,32,-11
210000370,36,20,16
210000372,7,21,-14
210000373,16,20,-4
210000374,36,22,14
210000375,33,52,-19
210000376,58,59,-1
210000404,39,77,-38
210000439,20,42,-22
210000472,49,2,47
210000482,45,87,-42
210000564,152,151,1
210000567,2,27,-25
210000568,240,1,239
211000092,37,24,13
211000094,13,8,5
211000169,151,8,143
211000172,10,87,-77
211000209,0,22,-22
211000226,4,13,-9
211000270,40,9,31
211000275,20,6,14
211000276,70,8,62
211000279,15,13,2
211000281,49,10,39
211000302,25,33,-8
211507980,0,47,-47
211977296,36,5,31
212000003,102,42,60
212000004,18,25,-7
212000005,25,19,6
212000006,17,38,-21
212000008,123,58,65
212000009,24,81,-57
212000012,63,54,9
212000013,30,46,-16
212000014,186,109,77
212000015,316,157,159
212000016,387,355,32
212000027,486,258,228
212000028,311,245,66
212000029,209,153,56
212000030,43,19,24
212000031,49,21,28
212000048,28,129,-101
212000049,25,123,-98
212000050,14,9,5
212000051,147,111,36
212000052,161,110,51
212000053,345,270,75
212000054,249,74,175
212000055,244,147,97
212000056,15,28,-13
212000057,7,18,-11
212000058,125,26,99
212000070,113,92,21
212000077,110,268,-158
212000099,176,191,-15
212000108,138,106,32
212000111,162,66,96
212000120,95,42,53
212000138,110,19,91
212000156,5,69,-64
212000158,15,14,1
212000159,345,19,326
212000160,553,191,362
212000161,43,5,38
212000310,38,11,27
212000311,10,33,-23
212000374,31,18,13
213000001,29,198,-169
213000005,301,80,221
213000006,626,239,387
213000007,79,17,62
213000009,511,440,71
213000010,166,268,-102
213000011,165,71,94
213000012,124,211,-87
213000014,86,13,73
213000015,207,4,203
213000016,343,0,343
213000017,90,0,90
213000018,4,73,-69
213000019,0,83,-83
213000020,79,241,-162
213000021,0,85,-85
213000023,303,154,149
213000033,274,1499,-1225
213000034,628,178,450
213000035,109,160,-51
213000045,121,189,-68
213000046,160,116,44
213000047,504,1015,-511
213000056,78,13,65
213000069,82,3,79
213000073,2,29,-27
213000074,43,284,-241
213000075,421,3,418
213000076,35,0,35
213000085,7,38,-31
213000086,13,130,-117
213000091,146,22,124
213000092,65,6,59
213000099,157,880,-723
213000100,889,188,701
213000101,323,66,257
213000102,376,142,234
213000103,519,521,-2
213000104,66,254,-188
213000105,3,174,-171
213000106,31,69,-38
213000107,128,251,-123
213000108,40,280,-240
213000109,16,157,-141
213000110,7,44,-37
213000111,8,32,-24
213000112,144,81,63
213000115,43,3,40
213000116,42,227,-185
213000117,9,377,-368
213000118,372,184,188
213000119,30,399,-369
213000120,59,281,-222
213000122,105,274,-169
213000123,239,594,-355
213000124,129,651,-522
213000125,115,35,80
213000126,39,72,-33
213000127,91,133,-42
213000128,243,626,-383
213000129,199,616,-417
213000130,465,265,200
213000132,363,77,286
213000133,479,71,408
213000134,792,31,761
213000136,419,26,393
213000137,479,58,421
213000139,227,19,208
213000147,48,10,38
213000148,9,9,0
213000149,21,11,10
213000150,1,164,-163
213000151,1,118,-117
213000152,3,122,-119
213000153,8,110,-102
213000154,45,96,-51
213000155,34,108,-74
213000156,105,301,-196
213000157,433,238,195
213000158,295,687,-392
213000159,342,336,6
213000163,732,97,635
213000165,574,162,412
213000171,38,57,-19
213000172,67,145,-78
213000173,48,150,-102
213000174,28,108,-80
213000175,35,37,-2
213000176,21,116,-95
213000177,68,14,54
213000178,184,19,165
213000179,240,39,201
213000180,222,66,156
213000184,79,285,-206
213000188,255,95,160
213000189,225,40,185
213000190,703,506,197
213000191,308,235,73
213000192,213,228,-15
213000193,492,170,322
213000194,3,100,-97
213000195,13,303,-290
213000196,217,1039,-822
213000197,305,369,-64
213000198,77,6,71
213000200,113,514,-401
213000201,36,37,-1
213000202,16,382,-366
213000203,2279,571,1708
213000204,643,60,583
213000205,165,74,91
213000206,373,43,330
213000207,130,9,121
213000208,62,4,58
213000209,112,4,108
213000210,267,3,264
213000211,8,29,-21
213000212,15,37,-22
213000213,17,80,-63
213000218,158,301,-143
213000219,352,10,342
213000220,304,5,299
213000223,157,209,-52
213000224,46,55,-9
213000225,59,11,48
213000226,36,6,30
213000227,665,168,497
213000228,333,64,269
213000229,77,16,61
213000230,374,11,363
213000232,62,606,-544
213000233,8,79,-71
213000234,0,36,-36
213000293,35,86,-51
213000294,82,24,58
213000295,26,90,-64
213000296,52,9,43
213000297,9,53,-44
213000298,22,56,-34
213000299,40,24,16
213000300,20,8,12
213000303,8,21,-13
213000304,5,5,0
213000305,0,16,-16
213000306,22,40,-18
213000307,64,50,14
213000308,48,70,-22
213000309,121,52,69
213000310,388,120,268
213000311,189,508,-319
213000315,71,62,9
213000316,151,37,114
213000322,40,42,-2
213000323,46,36,10
213000340,113,268,-155
213000341,425,93,332
213000346,160,221,-61
213000347,475,421,54
213000348,3,153,-150
213000349,38,11,27
213000350,293,528,-235
213000366,91,134,-43
213000367,250,15,235
213000379,44,64,-20
213000386,13,226,-213
213000406,80,235,-155
213000417,952,356,596
213000425,166,22,144
213000426,107,36,71
213000427,53,107,-54
213000428,24,92,-68
213000429,8,4,4
213000430,84,232,-148
213000431,28,0,28
213000432,0,33,-33
213000433,13,114,-101
213000435,79,79,0
213000439,41,8,33
213000441,13,2,11
213000443,263,176,87
213000445,0,51,-51
213000446,0,19,-19
213000447,4,28,-24
213000448,103,247,-144
213000449,409,8,401
213000450,82,47,35
213000451,47,35,12
213000452,180,67,113
213000453,34,165,-131
213000455,183,4,179
213000456,5,228,-223
213000481,14,2,12
213000482,25,2,23
213000489,171,44,127
213000491,0,183,-183
213000492,99,6,93
213000493,2,97,-95
213000494,211,54,157
213000495,0,46,-46
213000496,224,122,102
213000497,36,155,-119
213000498,96,90,6
213000499,168,253,-85
213000500,483,51,432
213000501,156,14,142
213000502,129,76,53
213000503,0,28,-28
213000504,25,39,-14
213000505,7,9,-2
213000506,0,7,-7
213000507,3,45,-42
213900244,27,0,27
213900245,0,9,-9
218000003,48,15,33
218000004,15,16,-1
218000005,24,23,1
218000006,49,23,26
218000007,15,19,-4
218000012,82,96,-14
218000013,120,116,4
218000014,252,252,0
218000019,441,335,106
218000020,208,220,-12
218000040,15,1,14
218000046,44,35,9
218000047,5,68,-63
218000048,30,71,-41
218000049,79,60,19
218000050,237,129,108
218000051,50,119,-69
218000052,2,60,-58
218000053,1,17,-16
218000054,3,24,-21
218000055,1,10,-9
218000056,9,13,-4
218000057,2,19,-17
218000064,3,5,-2
218000065,79,17,62
218000066,11,25,-14
218000067,66,53,13
218000068,57,38,19
218000069,201,63,138
218000070,145,104,41
218000071,162,75,87
218000072,143,104,39
218000078,641,367,274
218000079,116,65,51
218000080,79,42,37
218000081,349,125,224
218000082,56,88,-32
218000083,52,36,16
218000084,79,52,27
218000085,101,152,-51
218000086,47,65,-18
218000087,138,92,46
218000090,9,65,-56
218000091,845,329,516
218000092,70,136,-66
218000093,65,48,17
218000094,312,366,-54
218000099,257,445,-188
218000100,211,175,36
218000101,259,92,167
218000102,292,114,178
218000103,51,52,-1
218000104,48,30,18
218000105,4,15,-11
218000106,11,7,4
218000107,51,24,27
218000108,3,22,-19
218000112,43,20,23
218000117,51,35,16
218000134,327,314,13
218000135,14,72,-58
218000136,142,92,50
218000137,115,110,5
218000138,33,67,-34
218000139,156,226,-70
218000140,414,196,218
218000141,69,48,21
218000142,183,123,60
218000143,64,216,-152
218000144,54,80,-26
218000145,342,195,147
218000146,84,140,-56
218000151,10,9,1
218000152,105,36,69
218000170,10,24,-14
218000171,24,12,12
218000172,10,7,3
218000173,17,6,11
218000174,21,4,17
218000176,176,18,158
218000177,302,156,146
218000178,51,147,-96
218000179,139,32,107
218000180,62,10,52
218000181,149,38,111
218000187,3,42,-39
218000188,30,53,-23
218000189,28,54,-26
218000190,3,8,-5
218000191,141,41,100
218000192,149,108,41
218000193,275,183,92
218000194,70,173,-103
218000195,85,49,36
218000196,278,164,114
218000197,321,198,123
218000198,23,80,-57
218000199,40,22,18
218000200,51,30,21
218000201,20,8,12
218000202,78,243,-165
218000207,4,26,-22
218000208,29,16,13
218000211,22,26,-4
218000213,51,100,-49
218000214,8,30,-22
218000215,29,23,6
218000217,2,84,-82
218000218,138,51,87
218000219,6,10,-4
218000220,37,243,-206
218000221,331,146,185
218000222,4,54,-50
218000223,23,237,-214
218000224,12,72,-60
218000225,153,16,137
218000226,144,32,112
218000232,18,19,-1
218000239,94,11,83
218000240,3,2,1
218000241,20,0,20
218000242,14,2,12
218000243,20,8,12
218000244,20,6,14
218000245,5,2,3
218000246,0,1,-1
218000247,2,0,2
218000248,1,41,-40
218000249,0,10,-10
218000250,1,15,-14
218000251,1,67,-66
218000252,1,269,-268
218000253,2,226,-224
218000254,1,73,-72
218000255,1,62,-61
218000256,18,136,-118
218000267,258,614,-356
218000268,4,23,-19
218000269,5,12,-7
218000270,102,35,67
218000271,8,38,-30
218000273,14,6,8
218000274,19,3,16
218000275,23,25,-2
218000276,15,12,3
218000278,16,34,-18
218000279,80,27,53
218000280,1,14,-13
218000281,10,10,0
218000282,405,374,31
218000284,63,8,55
218000301,47,93,-46
218000302,72,50,22
218000303,18,48,-30
218000316,536,513,23
218000317,1039,536,503
218000318,748,387,361
218000319,723,426,297
218000320,733,314,419
218000338,53,25,28
218000345,56,59,-3
218000346,26,122,-96
218000459,16,151,-135
218000490,25,31,-6
218000501,75,17,58
218000502,45,31,14
218000503,66,20,46
218000504,158,23,135
218000505,33,92,-59
218000506,30,240,-210
218000508,0,0,0
218000510,113,10,103
218000520,86,81,5
218000521,14,41,-27
218000522,0,113,-113
218000523,121,2,119
218000524,9,208,-199
218000525,107,12,95
218000526,13,164,-151
218000529,26,93,-67
218000531,13,6,7
218000532,27,12,15
218000534,126,15,111
218000537,23,61,-38
218000538,114,200,-86
218000540,111,59,52
218000543,115,43,72
218000544,17,42,-25
218000545,51,51,0
218000546,44,29,15
218000547,64,106,-42
218000548,59,66,-7
218000549,311,291,20
218000550,106,164,-58
218000551,80,564,-484
218000552,218,47,171
218000553,30,108,-78
218000554,14,34,-20
218000555,25,36,-11
218000556,149,94,55
218000557,215,100,115
218000558,54,1,53
218000559,0,45,-45
218000560,0,32,-32
218000561,17,0,17
218000562,25,120,-95
218000563,199,28,171
218000564,6,92,-86
218000565,87,29,58
218000566,93,40,53
218000567,2,83,-81
218000568,65,3,62
218000569,6,190,-184
218000570,80,10,70
218000571,0,109,-109
218000572,140,3,137
218000573,10,206,-196
218000574,56,44,12
218000575,115,0,115
218000576,1,49,-48
218000577,78,1,77
218000578,3,56,-53
218000579,16,12,4
218000581,4,28,-24
218000582,33,1,32
218000583,15,1,14
218000584,0,19,-19
218000585,31,2,29
218000586,6,36,-30
218000587,0,7,-7
218000588,2,12,-10
218000589,2,13,-11
218000590,3,3,0
218000591,5,5,0
218000592,0,6,-6
218000593,5,1,4
218000594,1,2,-1
218000597,3,2,1
218000598,1,0,1
218000599,2,0,2
218000600,3,1,2
218000601,1,1,0
218000602,1,3,-2
218000603,0,2,-2
218000604,4,0,4
218000605,0,56,-56
218000606,81,1,80
218000607,4,24,-20
218000608,39,18,21
218000609,8,50,-42
218000610,58,5,53
218000611,22,0,22
218000612,0,7,-7
218000613,20,0,20
218000614,0,18,-18
218000615,95,1,94
218000616,4,79,-75
218000617,12,2,10
218000618,0,28,-28
218000619,85,13,72
218000620,3,22,-19
218000621,0,1,-1
218000622,0,40,-40
218000623,14,0,14
218000624,0,45,-45
218000625,1,7,-6
218000626,0,9,-9
218000628,150,34,116
218000631,22,24,-2
218000632,0,88,-88
218000633,70,0,70
218000634,1,27,-26
218000635,9,14,-5
218000636,531,545,-14
218000637,735,267,468
218000638,181,21,160
218000639,6,93,-87
218000640,217,31,186
218000641,43,99,-56
218000652,32,31,1
218000653,159,23,136
218000663,6,129,-123
218000675,65,31,34
218000680,155,197,-42
218000681,265,116,149
218000691,164,85,79
218000693,219,127,92
218000718,74,571,-497
218000719,180,310,-130
218000720,14,268,-254
218000721,131,17,114
218001147,3,74,-71
218001214,4,59,-55
218001258,224,9,215
218001329,109,97,12
218001330,78,63,15
218001351,40,21,19
218001352,9,24,-15
218001353,10,6,4
218001354,18,29,-11
218001355,17,101,-84
218001356,304,30,274
218001357,51,65,-14
218001358,222,29,193
218001361,330,6,324
218001362,0,85,-85
219000001,41,26,15
219000002,23,24,-1
219000003,35,21,14
219000004,86,39,47
219000017,41,25,16
219000020,134,16,118
219000022,129,1,128
219000023,52,1,51
219000029,0,54,-54
219000034,32,12,20
219000039,96,71,25
219000040,44,52,-8
219000041,103,22,81
219000051,0,36,-36
219000052,0,16,-16
219000053,0,80,-80
219000055,167,0,167
219000056,8,3,5
219000057,45,0,45
219000062,15,48,-33
219000063,60,5,55
219000064,1,51,-50
219000110,379,102,277
219000111,88,47,41
219000112,133,39,94
219000113,123,42,81
219000114,104,46,58
219000116,107,35,72
219000117,77,34,43
219000118,80,27,53
219000123,132,59,73
219000124,42,34,8
219000125,15,8,7
219000126,66,90,-24
219000127,0,3,-3
219000128,19,105,-86
219000129,11,102,-91
219000130,240,341,-101
219000131,463,676,-213
219000133,47,85,-38
219000134,11,42,-31
219000135,18,53,-35
219000136,90,166,-76
219000138,52,11,41
219000139,21,25,-4
219000140,47,0,47
219000141,36,57,-21
219000142,15,45,-30
219000143,23,55,-32
219000145,15,21,-6
219000146,1,15,-14
219000147,4,14,-10
219000148,0,13,-13
219000149,5,30,-25
219000150,0,23,-23
219000151,0,13,-13
219000157,165,92,73
219000158,119,141,-22
219000161,89,12,77
219000163,693,294,399
219000166,102,129,-27
219000167,86,83,3
219000168,146,66,80
219000174,336,91,245
219000175,85,4,81
219000176,121,6,115
219000177,30,0,30
219000178,30,0,30
219000179,16,7,9
219000180,22,30,-8
219000182,117,8,109
219000183,60,12,48
219000184,72,3,69
219000185,2,23,-21
219000186,52,16,36
219000187,13,32,-19
219000189,56,144,-88
219000190,43,151,-108
219000191,319,852,-533
219000192,137,103,34
219000193,176,147,29
219000195,0,39,-39
219000196,7,62,-55
219000198,9,49,-40
219000199,29,103,-74
219000200,26,68,-42
219000201,61,100,-39
219000203,21,77,-56
219000204,60,171,-111
219000205,43,144,-101
219000207,84,132,-48
219000209,28,39,-11
219000210,47,75,-28
219000213,5,64,-59
219000239,150,156,-6
219000240,158,216,-58
219000241,97,71,26
219000242,41,79,-38
219000243,59,149,-90
219000244,14,62,-48
219000245,26,39,-13
219000246,23,18,5
219000247,137,37,100
219000248,342,346,-4
219000249,75,84,-9
219000250,104,57,47
219000251,366,199,167
219000252,160,163,-3
219000253,484,83,401
219000255,101,71,30
219000256,190,62,128
219000257,69,2,67
219000262,67,57,10
219000263,60,65,-5
219000267,1,44,-43
219000268,3,3,0
219000269,6,3,3
219000270,13,1,12
219000271,135,4,131
219000278,0,6,-6
219000279,1,4,-3
219000283,0,9,-9
219000295,14,49,-35
219000296,50,212,-162
219000297,11,89,-78
219000298,10,50,-40
219000299,265,50,215
219000300,18,83,-65
219000301,208,239,-31
219000302,31,171,-140
219000307,20,31,-11
219000308,25,42,-17
219000311,118,55,63
219000312,468,148,320
219000313,295,52,243
219000314,32,160,-128
219000315,257,21,236
219000316,379,34,345
219000317,89,6,83
219000320,0,47,-47
219000321,0,18,-18
219000323,8,21,-13
219000325,1,7,-6
219000326,49,47,2
219000327,48,28,20
219000328,12,30,-18
219000329,222,103,119
219000330,25,20,5
219000331,21,21,0
219000332,113,97,16
219000333,23,2,21
219000335,42,1,41
219000337,11,0,11
219000338,27,0,27
219000344,15,55,-40
219000345,26,33,-7
219000346,31,68,-37
219000348,114,36,78
219000349,45,106,-61
219000350,91,158,-67
219000351,3,2,1
219000352,373,52,321
219000353,85,25,60
219000354,151,91,60
219000355,178,47,131
219000356,546,1017,-471
219000363,133,58,75
219000364,84,56,28
219000365,122,25,97
219000366,211,345,-134
219000368,241,381,-140
219000370,700,403,297
219000371,4,18,-14
219000382,8,26,-18
219000383,318,780,-462
219000385,240,327,-87
219000386,411,987,-576
219000387,0,18,-18
219000390,3,1,2
219000391,0,0,0
219000397,55,51,4
219000398,37,21,16
219000401,18,70,-52
219000402,24,39,-15
219000403,143,281,-138
219000404,6,101,-95
219000407,9,17,-8
219000409,43,24,19
219000410,80,49,31
219000411,51,14,37
219000446,71,178,-107
219000447,1,21,-20
219000448,6,5,1
219000452,72,61,11
219000453,62,123,-61
219000454,104,248,-144
219000556,196,64,132
219000558,101,58,43
219000590,28,113,-85
219000591,80,56,24
219000592,69,213,-144
219000595,0,11,-11
219000635,133,20,113
219000636,16,49,-33
219000657,14,12,2
219000658,20,57,-37
219000673,0,11,-11
219000676,4,1,3
219000679,37,9,28
219000684,81,6,75
219000685,0,28,-28
219000686,1,2,-1
219000688,0,25,-25
219000689,19,116,-97
219000690,118,4,114
219000691,20,108,-88
219000692,126,12,114
219000693,0,13,-13
219000694,4,0,4
219000695,40,3,37
219000698,11,0,11
219000699,0,7,-7
219000727,0,81,-81
219000728,65,1,64
219000770,34,0,34
219000771,1,18,-17
219000788,279,220,59
219001150,1,18,-17
219001151,5,6,-1
219001166,26,39,-13
219001167,3,42,-39
219001178,46,1,45
220000001,35,71,-36
220000002,9,63,-54
220000003,215,137,78
220000004,241,200,41
220000005,594,902,-308
220000006,101,430,-329
220000007,320,212,108
220000008,245,416,-171
220000009,210,249,-39
220000010,148,74,74
220000011,279,2342,-2063
220000012,59,146,-87
220000014,76,35,41
220000015,39,216,-177
220000017,36,111,-75
220000018,2425,452,1973
220000019,63,255,-192
220000020,304,178,126
220000021,520,97,423
220000022,638,227,411
220000023,320,105,215
220000024,1083,343,740
220000025,461,830,-369
220000026,178,267,-89
220000027,15,77,-62
220000028,23,41,-18
220000029,22,69,-47
220000030,43,50,-7
220000031,333,222,111
220000064,24,688,-664
221000046,1,0,1
221000047,0,1,-1
221000048,0,0,0
221000049,0,7,-7
221000050,4,0,4
221000055,22,43,-21
221000068,268,116,152
221000069,224,56,168
221000070,157,30,127
221000071,80,8,72
221000072,180,16,164
221000073,123,30,93
221000074,1,15,-14
221000075,4,12,-8
221000076,5,19,-14
221000077,17,49,-32
221000081,128,22,106
221000082,49,2,47
221000083,17,2,15
221000084,5,0,5
221000085,13,34,-21
221000086,11,46,-35
221000087,2,89,-87
221000088,7,96,-89
221000089,26,166,-140
221000090,96,336,-240
221000098,59,17,42
221000099,156,10,146
221000100,86,5,81
221000101,272,14,258
221000102,0,0,0
221000107,11,5,6
221000108,12,4,8
221000109,3,12,-9
221000110,6,98,-92
221000111,28,104,-76
221000112,6,84,-78
221000113,10,101,-91
221000114,5,108,-103
221000120,36,29,7
221000121,2,29,-27
221000122,38,29,9
221000123,15,18,-3
221000124,23,55,-32
221000155,70,13,57
221000156,46,24,22
221000175,0,14,-14
221000176,0,1,-1
221000182,41,4,37
221000241,498,198,300
221000242,95,295,-200
221000243,419,151,268
221000244,265,335,-70
221000245,70,110,-40
221000246,38,178,-140
221000247,120,109,11
221000248,109,98,11
221000267,35,334,-299
221000325,61,36,25
221000331,8,24,-16
221000338,15,29,-14
221000378,139,24,115
221000381,41,25,16
222000282,20,6,14
222000296,2,13,-11
222000568,233,25,208
222000569,141,53,88
222000570,95,34,61
222000571,286,12,274
222000577,8,89,-81
222000578,42,101,-59
222000579,31,66,-35
222000580,59,413,-354
222000599,2,72,-70
222000600,3,164,-161
222000601,7,469,-462
222000603,16,38,-22
222000604,2,49,-47
222000605,14,56,-42
222000606,3,31,-28
222000607,8,16,-8
222000608,27,30,-3
222000609,31,66,-35
222000616,299,31,268
222000617,31,21,10
222000618,4,12,-8
222000620,22,22,0
222000621,25,17,8
222000623,423,3,420
222000624,332,0,332
222000625,438,8,430
222000636,32,3,29
222000686,86,16,70
222000687,27,13,14
222001066,139,1,138
222001067,14,0,14
222001068,35,7,28
222001069,52,12,40
222001082,27,27,0
222001083,9,24,-15
222001084,1,21,-20
222001085,0,80,-80
222001111,35,71,-36
222001112,155,12,143
222001313,16,6,10
222001314,14,100,-86
222001464,215,39,176
222001465,11,69,-58
222001484,120,25,95
222001485,33,33,0
222001494,398,105,293
222001495,51,85,-34
222001496,278,65,213
222001497,90,174,-84
222001502,23,71,-48
222001503,102,22,80
222001504,20,186,-166
222001505,250,17,233
222001506,38,233,-195
222001507,207,8,199
222001510,486,33,453
222001511,31,134,-103
222001514,447,88,359
222001515,151,271,-120
222001518,301,32,269
222001519,46,110,-64
222001527,89,21,68
222001528,18,80,-62
222001529,268,19,249
222001530,57,108,-51
222001533,95,131,-36
222001534,300,27,273
222001535,179,177,2
222001536,27,109,-82
222001537,260,30,230
222001538,50,217,-167
222001563,613,77,536
222001564,45,224,-179
222001568,143,102,41
222001576,4,3,1
222001579,0,9,-9
222001583,14,58,-44
222001584,65,13,52
222001596,311,536,-225
222001597,947,269,678
222001626,0,82,-82
222001650,15,104,-89
222001651,25,162,-137
222001914,127,31,96
222001915,29,102,-73
222001968,382,168,214
222001969,324,240,84
222001970,110,196,-86
222001971,23,3,20
222001972,0,7,-7
225000001,314,111,203
225000002,436,101,335
225000003,548,38,510
225000004,303,97,206
225000005,57,35,22
225000006,1,122,-121
225000007,667,836,-169
225000010,183,16,167
225000011,219,756,-537
225000012,187,452,-265
225000013,47,134,-87
225000014,551,71,480
225000015,68,96,-28
225000021,527,116,411
225000027,153,214,-61
225000032,472,73,399
225000042,47,283,-236
225000049,38,30,8
225000050,109,17,92
225000053,12,146,-134
225000058,577,160,417
225000067,112,142,-30
225000068,50,214,-164
225000069,54,238,-184
225000070,65,176,-111
225000071,17,66,-49
225000075,23,415,-392
225000076,58,92,-34
225000078,42,43,-1
225000085,86,119,-33
225000086,190,51,139
225000087,77,12,65
225000088,7,122,-115
225000089,147,624,-477
225000090,34,239,-205
225000091,143,83,60
225000092,14,56,-42
225000093,121,154,-33
225000094,6,120,-114
225000095,281,181,100
225000096,283,266,17
225000098,637,248,389
225000099,261,137,124
225000100,437,141,296
225000104,170,536,-366
225000110,10,416,-406
225000111,368,1014,-646
225000112,382,1408,-1026
225000113,332,756,-424
225000114,258,332,-74
225000115,1352,752,600
225000116,1178,308,870
225000117,1144,388,756
225000118,1590,360,1230
225000119,340,116,224
225000120,992,54,938
225000121,432,22,410
225000123,810,18,792
225000125,632,228,404
225000126,1146,284,862
225000127,934,1848,-914
225000128,872,1240,-368
225000132,536,56,480
225000133,386,58,328
225000134,990,152,838
225000135,80,28,52
225000136,484,12,472
225000137,420,90,330
225000138,612,90,522
225000143,78,216,-138
225000144,0,358,-358
225000145,36,34,2
225000146,98,68,30
225000147,44,246,-202
225000148,6,210,-204
225000149,102,442,-340
225000151,62,194,-132
225000155,784,576,208
225000156,204,1022,-818
225000157,292,400,-108
225000158,56,218,-162
225000171,2,194,-192
225000180,46,0,46
225000181,0,106,-106
225000182,96,2,94
225000185,8,560,-552
225000187,56,498,-442
225000191,120,6,114
225000194,0,22,-22
225000208,2,46,-44
225000209,130,24,106
225000210,6,216,-210
225000217,0,28,-28
225000218,34,0,34
225000223,0,104,-104
225000224,80,0,80
225000225,0,28,-28
225000226,54,0,54
225000227,66,116,-50
225000228,26,8,18
225000229,0,82,-82
225000230,24,0,24
225000231,0,78,-78
225000232,190,0,190
225000241,88,2,86
225000242,2,104,-102
225000249,14,2,12
225000250,94,684,-590
225000251,734,48,686
226000042,328,392,-64
226000043,118,396,-278
226000044,140,482,-342
226000045,58,374,-316
226000046,702,108,594
226000047,680,158,522
226000048,602,146,456
226000049,388,274,114
226000070,0,42,-42
226000071,0,102,-102
226000072,0,20,-20
226000073,0,6,-6
226000074,0,32,-32
226000084,4,70,-66
226000085,0,8,-8
226000086,0,42,-42
226000087,4,32,-28
226000088,40,32,8
226000090,340,116,224
226000091,26,52,-26
226000092,20,10,10
226000093,34,0,34
226000094,14,2,12
226000095,20,2,18
226000105,14,20,-6
226000106,22,0,22
226000107,8,0,8
226000108,18,0,18
226000109,182,0,182
226000124,126,92,34
226000134,1166,584,582
226000135,1974,980,994
226000136,686,698,-12
226000137,40,326,-286
226000138,44,144,-100
226000139,4,36,-32
226000156,320,38,282
226000157,272,16,256
226000163,142,134,8
226000202,10,244,-234
226000231,742,20,722
226000232,84,28,56
227000033,548,126,422
227000036,616,64,552
227000037,570,82,488
227000038,252,60,192
227000049,0,82,-82
227000050,0,102,-102
227000055,194,4,190
227000056,34,2,32
227000084,2,124,-122
227000085,8,60,-52
227000088,46,4,42
227000089,206,8,198
227000090,34,6,28
227000091,66,2,64
227000093,206,2,204
227000094,28,0,28
227000130,26,276,-250
227000131,40,236,-196
227000132,30,226,-196
227000133,10,178,-168
227000134,40,346,-306
227000152,0,44,-44
227000153,0,184,-184
227000155,0,24,-24
227000156,0,26,-26
227000165,4,216,-212
227000196,338,170,168
227000199,540,286,254
227000230,10,220,-210
227000232,514,22,492
227000242,126,600,-474
227000243,626,160,466
227000245,34,382,-348
227000246,204,460,-256
227000247,528,138,390
227000248,254,74,180
227000249,52,184,-132
227000250,504,304,200
227000251,136,392,-256
227000252,44,242,-198
227000253,368,66,302
227000262,668,102,566
227000266,1436,48,1388
227000267,44,1026,-982
227000282,12,78,-66
227000284,720,38,682
227000286,10,42,-32
227000287,10,82,-72
227000291,10,282,-272
227000484,262,12,250
227000485,30,562,-532
227000655,168,6,162
227000656,616,24,592
227000657,118,8,110
227000661,96,10,86
227000680,500,150,350
229000265,36,38,-2
229000296,0,24,-24
229000297,8,32,-24
229000298,8,106,-98
229000320,14,14,0
229000321,18,6,12
229000412,26,72,-46
229000414,16,64,-48
229000415,20,4,16
229000416,0,28,-28
229000417,0,10,-10
229000419,72,356,-284
229000440,398,86,312
229000442,30,4,26
229000443,4,6,-2
229000444,12,44,-32
229000445,84,26,58
229000446,74,38,36
229000847,140,4,136
229000848,44,0,44
229000849,182,2,180
229000851,52,0,52
229000854,0,10,-10
229000856,0,34,-34
229000857,0,16,-16
229000858,0,20,-20
229000919,22,72,-50
229000930,4,292,-288
229000937,128,8,120
229000966,84,28,56
229000981,24,44,-20
229000985,14,26,-12
229000986,0,14,-14
229000987,0,0,0
229000988,2,2,0
229000989,14,8,6
229000990,0,4,-4
229000991,6,0,6
229000992,16,8,8
229000993,198,28,170
229000998,20,50,-30
229000999,170,10,160
229001034,2,10,-8
229001035,8,2,6
229001037,72,12,60
229001042,22,50,-28
229001047,26,34,-8
229001050,82,44,38
229001200,30,8,22
229001338,0,16,-16
229001394,264,2,262
229001422,164,42,122
229001423,40,136,-96
229001431,76,80,-4
229001432,46,78,-32
229001444,262,48,214
229001445,32,148,-116
229001503,412,82,330
229001504,208,184,24
229001505,174,32,142
229001506,72,118,-46
229001509,38,16,22
229001545,204,2,202
229001546,12,100,-88
229001553,112,24,88
229001554,18,64,-46
229001559,8,6,2
229001560,6,40,-34
229001630,90,16,74
229001631,0,38,-38
229001635,2,46,-44
229001636,10,2,8
229001658,0,90,-90
229001659,86,8,78
229001660,18,2,16
229001661,2,28,-26
229001662,26,0,26
229001663,0,18,-18
229002584,190,214,-24
229002831,154,200,-46
229002841,18,46,-28
229002842,32,20,12
229002843,68,22,46
229002844,46,58,-12
229002845,12,210,-198
229002846,52,28,24
229002847,0,6,-6
229002848,10,20,-10
229002849,2,232,-230
229002850,16,0,16
229002851,40,356,-316
229002852,304,24,280
229002853,270,40,230
229002854,24,146,-122
229002855,16,32,-16
229002856,36,24,12
229002857,16,378,-362
229002858,38,22,16
229002859,38,302,-264
229002860,384,24,360
229002861,30,14,16
229002862,34,18,16
229002863,36,20,16
229002864,26,24,2
229002865,12,20,-8
229002866,6,34,-28
229002867,6,40,-34
229002868,4,20,-16
229002869,54,134,-80
229002870,80,14,66
235000066,376,78,298
235000067,142,82,60
235000072,38,76,-38
235000073,138,366,-228
235000074,42,40,2
235000080,16,132,-116
235000081,188,102,86
235000082,378,54,324
235000083,380,122,258
235000084,60,72,-12
235000085,292,108,184
235000089,32,30,2
235000092,44,150,-106
235000093,2,40,-38
235000097,0,14,-14
235000098,70,14,56
235000099,22,28,-6
235000116,88,34,54
235000117,710,26,684
235000133,16,738,-722
235000134,28,294,-266
235000206,6,2,4
235000207,6,6,0
235000208,0,2,-2
235000209,16,6,10
235000210,16,2,14
235000212,4,28,-24
235000213,0,8,-8
235000220,2,2,0
235000221,64,40,24
235000238,22,194,-172
235000239,8,46,-38
235000242,548,1246,-698
235000245,758,278,480
235000246,10,102,-92
235000284,20,260,-240
235000295,134,18,116
235000305,266,36,230
235000306,458,22,436
235000307,30,2,28
235000308,18,2,16
235000309,130,0,130
235000310,32,0,32
235000311,84,14,70
235000322,0,50,-50
235000323,0,60,-60
235000324,0,18,-18
235000325,2,26,-24
235000326,8,176,-168
235000351,10,118,-108
235000352,12,66,-54
235000353,4,54,-50
235000354,28,48,-20
235000355,18,152,-134
235000356,82,8,74
235000357,50,10,40
235000358,112,22,90
235000359,32,16,16
235000360,68,10,58
235000361,96,4,92
235000381,136,142,-6
235000382,202,46,156
235000390,32,12,20
235000391,294,26,268
235000392,282,364,-82
235000393,178,252,-74
235000395,238,44,194
235000396,738,144,594
235000400,92,120,-28
235000401,14,182,-168
235000405,122,248,-126
235000406,68,246,-178
235000407,68,96,-28
235000409,234,114,120
235000410,48,214,-166
235000411,4,74,-70
235000485,0,14,-14
235000486,16,0,16
235000549,124,78,46
235000550,146,126,20
235000599,242,52,190
235000600,20,38,-18
235000601,20,58,-38
235000602,94,60,34
235000614,4,10,-6
235000648,2,34,-32
235000649,36,2,34
235000685,0,14,-14
235000815,64,220,-156
235000834,0,14,-14
235000855,72,64,8
235000862,42,152,-110
235000891,0,14,-14
235000892,26,2,24
235000901,84,64,20
235000907,0,22,-22
235001010,100,52,48
235001029,484,416,68
235001030,496,202,294
235001078,106,130,-24
235001079,84,100,-16
235001147,52,84,-32
235001166,28,74,-46
235001167,90,44,46
235001169,48,634,-586
235001188,4,12,-8
235001189,24,4,20
235001197,8,34,-26
235001200,88,56,32
235001207,632,88,544
235001210,138,142,-4
235001215,22,172,-150
235001239,0,34,-34
235001244,0,14,-14
235016267,0,64,-64
277102712,6,0,6
277103813,0,0,0
277103814,0,0,0
277104249,0,2,-2
277104250,0,10,-10
277104251,0,8,-8
277104252,0,0,0
990011530,0,184,-184
990014944,2,406,-404
990015176,52,6,46
990015618,0,50,-50
990016032,0,198,-198
990032570,0,38,-38
990070001,106,0,106
990070103,0,8,-8
990070601,0,40,-40
990070751,1848,2,1846
990070766,0,492,-492
990071180,724,222,502
990071343,32,0,32
990071387,6,24,-18
990071823,32,0,32
990072600,10,1824,-1814
990072964,4,528,-524
990073285,0,6,-6
990074393,4,684,-680
990074870,2434,40,2394
990075106,1452,10,1442
990075746,890,4,886
990076437,2122,6,2116
990076458,4,672,-668
997000007,920,44,876
997000041,0,186,-186
997000058,56,6,50
997000062,28,4,24
997000069,0,4,-4
997000070,0,20,-20
997000100,48,2,46
997000141,2,1096,-1094
997000198,228,1682,-1454
998000475,0,8,-8
998000736,2,158,-156
998000965,0,12,-12
998001031,0,86,-86
998001700,0,4,-4
998001899,0,4,-4
998001900,20,0,20
998003073,1156,6,1150
998101900,0,0,0
998102850,0,506,-506
998501927,1132,1626,-494
998501929,90,2,88
998501930,102,0,102
998501931,206,42,164
998501932,10,0,10
998501933,104,18,86
998501937,48,2,46
998501944,8,0,8
998501950,0,20,-20
998501970,102,40,62
998501971,0,104,-104
998501973,0,40,-40
998501974,0,310,-310
998501975,174,4,170
998501976,358,2,356
998501977,0,34,-34
998501978,14,0,14
998501979,0,20,-20
998501980,88,0,88
998501981,46,0,46
998501982,0,120,-120
998501983,0,8,-8
998502006,0,0,0
998502024,0,6,-6
998502032,0,4,-4
998502062,60,32,28
998502063,0,0,0
998502173,52,0,52
998502269,0,10,-10
998502546,0,166,-166
998502578,2,0,2
998502599,52,490,-438
998502621,0,0,0
998601159,0,106,-106
998601292,0,14,-14
999033574,0,320,-320
999800001,88,2,86
999800002,0,4,-4
999800003,2,2,0
999800004,0,4,-4
999800005,0,14,-14
