ID,insum,outsum,diff
100000001,658,801,-143
100000002,2278,1935,343
100000003,3856,3942,-86
100000004,919,999,-80
100000005,1816,4075,-2259
100000006,470,136,334
100000007,1509,517,992
100000008,216,436,-220
100000009,384,172,212
100000010,103,51,52
100000011,536,75,461
100000012,47,566,-519
100000013,297,168,129
100000014,326,245,81
100000015,1244,1681,-437
100000016,606,939,-333
100000017,409,692,-283
100000018,1018,457,561
100000019,2712,1629,1083
100000020,1429,4847,-3418
100000021,3359,1705,1654
100000022,791,1910,-1119
100000023,2361,1241,1120
100000025,647,1019,-372
100000028,916,861,55
100000029,151,305,-154
100000030,114,45,69
100000031,2252,4628,-2376
100000032,1414,2884,-1470
100000033,799,1843,-1044
100000034,166,544,-378
100000035,872,1187,-315
100000036,1195,1123,72
100000037,600,352,248
100000038,1880,803,1077
100000039,453,275,178
100000040,214,156,58
100000041,1173,466,707
100000042,865,402,463
100000043,678,453,225
100000044,324,626,-302
100000045,328,785,-457
100000046,562,580,-18
100000047,251,326,-75
100000048,344,394,-50
100000049,1197,1165,32
100000051,400,671,-271
100000053,117,8,109
100000054,312,26,286
100000055,772,245,527
100000056,417,378,39
100000057,1632,520,1112
100000058,765,832,-67
100000059,15,117,-102
100000060,369,256,113
100000061,2137,376,1761
100000062,2458,461,1997
100000063,757,220,537
100000064,1042,251,791
100000065,274,643,-369
100000066,198,524,-326
100000067,377,576,-199
100000068,399,1084,-685
100000069,289,846,-557
100000072,218,505,-287
100000073,677,727,-50
100000075,557,247,310
100000076,1227,2394,-1167
100000077,100,179,-79
100000078,28,51,-23
100000079,30,37,-7
100000080,20,62,-42
100000081,84,167,-83
100000102,2201,2609,-408
100000103,1883,1344,539
100000104,2520,2152,368
100000105,1546,1343,203
100000106,1465,2098,-633
100000107,288,974,-686
100000108,500,736,-236
100000109,1438,986,452
100000116,699,770,-71
100000117,51,103,-52
100000118,811,1061,-250
100000119,534,665,-131
100000121,242,381,-139
100000122,732,975,-243
100000123,1533,2985,-1452
100000124,2887,4716,-1829
100000125,2671,1510,1161
100000126,472,393,79
100000127,913,422,491
100000128,1065,1963,-898
100000129,310,473,-163
100000130,410,324,86
100000131,1401,2018,-617
100000132,841,2358,-1517
100000133,2719,1890,829
100000135,535,920,-385
100000139,279,312,-33
100000140,333,342,-9
100000142,447,451,-4
100000143,1178,537,641
100000144,2658,598,2060
100000147,920,2704,-1784
100000150,50,304,-254
100000151,849,1179,-330
100000153,172,443,-271
100000154,47,285,-238
100000155,20,46,-26
100000156,287,498,-211
100000157,284,118,166
100000158,270,66,204
100000159,196,471,-275
100000165,942,772,170
100000169,128,671,-543
100000174,370,606,-236
100000179,82,430,-348
100000180,947,1423,-476
100000181,435,232,203
100000188,65,116,-51
100000189,875,306,569
100000190,529,997,-468
100000191,747,551,196
100000192,56,69,-13
100000193,289,173,116
100000330,712,727,-15
100000355,170,622,-452
100000362,3040,1735,1305
100000363,3790,3713,77
100000364,118,194,-76
100000365,4751,6200,-1449
100000366,3239,2076,1163
100000367,4344,5339,-995
100000368,2032,965,1067
100000369,708,1771,-1063
100000370,183,735,-552
100000376,70,124,-54
100000379,1478,1300,178
100000380,3097,3736,-639
100000384,4096,4590,-494
100000385,2312,3430,-1118
100000386,4144,4375,-231
100000387,3307,4739,-1432
100000388,4603,5735,-1132
100000389,5246,5756,-510
100000390,6756,5726,1030
100000391,4539,7554,-3015
100000392,2176,3397,-1221
100000393,1876,4247,-2371
100000394,4667,6903,-2236
100000395,3545,4246,-701
100000396,4823,2908,1915
100000397,3289,5974,-2685
100000398,8549,5708,2841
100000413,18,7,11
100900002,10,31,-21
100900003,321,191,130
100900004,22,603,-581
100900005,108,18,90
100900006,16,79,-63
100900007,226,13,213
100900008,5,280,-275
100900009,74,124,-50
100900010,49,57,-8
100900011,160,137,23
100900012,0,87,-87
100900013,569,8,561
100900014,7,4,3
100900015,89,59,30
100900016,4,15,-11
100900017,639,56,583
100900018,0,9,-9
100900019,27,111,-84
100900020,249,4,245
100900021,429,2,427
100900022,7,17,-10
100900023,0,24,-24
100900024,428,5,423
100900025,16,9,7
100900026,87,66,21
100900027,468,2030,-1562
100900028,104,181,-77
100900029,19,3,16
100900030,1,82,-81
100900031,614,32,582
100900032,270,1,269
100900033,162,199,-37
100900034,630,2,628
100900035,276,1,275
100900036,14,3,11
100900037,88,97,-9
100900038,81,32,49
100900039,211,263,-52
100900040,360,421,-61
100900041,738,323,415
100900042,940,1039,-99
100900043,0,8,-8
100900044,1167,562,605
100900045,8,2,6
100900046,827,18,809
100900047,582,153,429
100900048,158,35,123
100900049,96,110,-14
100900050,2,7,-5
100900051,36,79,-43
100900052,276,39,237
100900053,428,21,407
100900054,9,37,-28
100900055,193,653,-460
100900056,58,102,-44
100900057,1093,916,177
100900058,355,48,307
100900059,138,1,137
100900060,194,5,189
100900061,326,130,196
100900062,12,12,0
100900063,218,582,-364
100900064,619,15,604
100900065,47,117,-70
100900066,131,114,17
100900067,3,8,-5
100900068,215,80,135
100900069,272,11,261
100900070,398,9,389
100900071,611,146,465
100900072,1,31,-30
100900073,144,289,-145
100900074,0,3,-3
100900075,1239,264,975
100900076,6,22,-16
100900077,23,46,-23
100900078,52,260,-208
100900079,7,17,-10
100900080,34,116,-82
100900081,34,119,-85
100900082,149,381,-232
100900083,8,13,-5
100900085,7,208,-201
100900086,145,508,-363
100900088,98,339,-241
100900089,3,14,-11
100900090,97,452,-355
100900091,1,10,-9
100900092,157,131,26
100900093,263,212,51
100900094,146,259,-113
100900095,3,20,-17
100900096,35,99,-64
100900097,0,5,-5
100900098,16,25,-9
100900099,23,354,-331
100900100,10,455,-445
100900101,172,25,147
100900102,124,126,-2
100900103,9,3,6
100900104,2,120,-118
100900105,26,275,-249
100900106,27,3,24
100900107,1293,599,694
100900108,8,50,-42
100900109,16,10,6
100900110,10,33,-23
100900111,27,94,-67
100900112,2,9,-7
100900113,16,19,-3
100900114,7,8,-1
100900115,18,16,2
100900116,754,519,235
100900117,244,836,-592
100900118,130,102,28
100900119,17,7,10
100900120,10,11,-1
100900121,284,440,-156
100900122,109,116,-7
100900123,92,138,-46
100900124,3,13,-10
100900125,10,50,-40
100900126,222,235,-13
100900127,3,5,-2
100900128,66,147,-81
100900129,0,134,-134
100900131,133,182,-49
100900133,53,68,-15
100900134,0,5,-5
100900135,0,158,-158
100900137,276,141,135
100900138,377,427,-50
100900139,9,9,0
100900140,6,241,-235
100900141,0,469,-469
100900142,4,7,-3
100900143,444,422,22
100900144,13,5,8
100900145,106,141,-35
100900146,3,50,-47
100900147,17,507,-490
100900148,22,403,-381
100900149,16,237,-221
100900150,1,34,-33
100900151,106,276,-170
100900152,164,7,157
100900153,7,154,-147
100900154,6,43,-37
100900155,4,10,-6
100900156,37,1,36
100900157,5,190,-185
100900159,0,29,-29
100900160,25,9,16
100900161,36,5,31
100900162,17,281,-264
100900163,116,129,-13
100900164,51,41,10
100900165,33,32,1
100900166,19,1,18
100900167,18,53,-35
100900168,65,106,-41
100900169,118,674,-556
100900170,30,14,16
100900171,20,371,-351
100900172,0,23,-23
100900173,5,199,-194
100900174,135,25,110
100900176,822,126,696
100900177,411,181,230
100900178,269,102,167
100900179,235,203,32
100900180,7,4,3
100900181,90,65,25
100900182,53,43,10
100900184,17,94,-77
100900186,516,331,185
100900187,21,70,-49
100900188,15,13,2
100900189,1064,192,872
100900191,599,827,-228
100900192,188,340,-152
100900195,106,120,-14
100900197,9,38,-29
100900198,21,132,-111
100900199,8,16,-8
100900200,520,311,209
100900201,53,421,-368
100900202,39,0,39
100900203,0,106,-106
100900204,125,579,-454
100900205,147,492,-345
100900206,187,79,108
100900207,237,146,91
100900210,90,270,-180
100900211,425,172,253
100900213,107,51,56
100900214,524,134,390
100900215,38,37,1
100900217,83,84,-1
101000001,2249,1799,450
101000002,5010,4637,373
101000003,397,887,-490
101000004,5363,4763,600
101000005,3316,3787,-471
101000006,4357,5344,-987
101000007,2245,3032,-787
101000008,1814,1828,-14
101000009,2260,716,1544
101000010,767,638,129
101000011,1054,376,678
101000012,674,491,183
101000013,628,770,-142
101000014,309,396,-87
101000015,1124,627,497
101000016,287,413,-126
101000017,458,382,76
101000018,1581,1759,-178
101000020,1515,745,770
101000021,605,380,225
101000022,136,102,34
101000023,968,524,444
101000025,221,382,-161
101000026,170,18,152
101000027,1599,2192,-593
101000028,946,180,766
101000029,150,1425,-1275
101000030,1253,93,1160
101000031,502,637,-135
101000032,4264,3614,650
101000033,1557,3167,-1610
101000034,1228,1379,-151
101000035,623,316,307
101000036,973,818,155
101000037,1451,1493,-42
101000039,1381,2272,-891
101000040,1859,3431,-1572
101000041,4094,5388,-1294
101000042,233,893,-660
101000043,3590,5159,-1569
101000045,860,816,44
101000046,1947,1516,431
101000047,1514,3132,-1618
101000048,468,462,6
101000049,533,1342,-809
101000050,1116,1694,-578
101000051,1073,2261,-1188
101000052,1172,996,176
101000053,699,1174,-475
101000054,1449,828,621
101000055,1003,1122,-119
101000056,31,86,-55
101000057,1118,1117,1
101000058,789,1085,-296
101000059,1454,1776,-322
101000060,1431,571,860
101000061,529,1152,-623
101000062,399,562,-163
101000063,380,899,-519
101000064,720,821,-101
101000065,290,407,-117
101000066,632,854,-222
101000067,740,830,-90
101000068,214,398,-184
101000069,184,41,143
101000070,660,746,-86
101000071,1546,784,762
101000072,581,2454,-1873
101000073,654,966,-312
101000074,3433,3170,263
101000075,2676,3779,-1103
101000077,1411,1082,329
101000078,885,1398,-513
101000079,1470,407,1063
101000080,1511,500,1011
101000081,1452,1430,22
101000082,2297,2313,-16
101000083,2218,1876,342
101000084,1001,659,342
101000085,1252,994,258
101000086,827,964,-137
101000087,842,713,129
101000088,994,988,6
101000089,794,1402,-608
101000090,1515,886,629
101000091,328,519,-191
101000092,954,635,319
101000093,1294,615,679
101000094,861,780,81
101000095,426,393,33
101000096,434,329,105
101000097,408,352,56
101000098,375,470,-95
101000099,610,779,-169
101000100,816,688,128
101000101,247,320,-73
101000102,624,404,220
101000103,537,430,107
101000104,268,598,-330
101000105,279,471,-192
101000106,378,905,-527
101000107,244,297,-53
101000108,642,218,424
101000109,375,80,295
101000110,38,281,-243
101000111,50,172,-122
101000113,180,479,-299
101000114,4727,5347,-620
101000115,51,89,-38
101000116,80,114,-34
101000117,838,171,667
101000119,44,57,-13
101000120,111,43,68
101000121,49,48,1
101000122,92,112,-20
101000123,58,91,-33
101000124,1337,234,1103
101000125,145,414,-269
101000128,255,454,-199
101000130,178,230,-52
101000131,857,457,400
101000132,664,589,75
101000135,25,31,-6
101000136,342,144,198
101000137,12,336,-324
101000141,820,2518,-1698
101000147,822,379,443
101000148,538,25,513
101000149,69,117,-48
101000150,112,408,-296
101000151,220,45,175
101000152,289,289,0
101000153,410,208,202
101000154,263,661,-398
101000155,312,127,185
101000156,19,291,-272
101000157,31,21,10
101000160,14,35,-21
101000163,152,308,-156
101000164,290,310,-20
101000165,256,292,-36
101000166,170,241,-71
101000168,657,387,270
101000252,1961,836,1125
101000254,138,68,70
101000258,82,7,75
101000261,145,31,114
101000262,968,2096,-1128
101000263,225,879,-654
101000265,60,708,-648
101000266,377,361,16
101000269,18,12,6
101000290,737,1844,-1107
101000293,39,17,22
101000294,558,325,233
101000295,132,349,-217
101000301,388,413,-25
101000304,1637,1898,-261
101000305,2340,1005,1335
101000328,99,461,-362
101900001,23,45,-22
101900002,1,11,-10
101900003,29,69,-40
101900004,5,48,-43
101900005,2190,2252,-62
101900006,803,49,754
101900007,584,138,446
101900008,77,214,-137
101900009,31,310,-279
101900010,691,582,109
101900011,169,740,-571
101900012,244,120,124
101900013,416,130,286
101900017,12,97,-85
101900018,945,269,676
101900019,157,84,73
101900020,47,45,2
101900021,0,30,-30
101900022,139,748,-609
101900023,129,119,10
101900026,106,31,75
101900027,23,97,-74
102000001,2061,3670,-1609
102000002,1840,798,1042
102000003,2124,5618,-3494
102000004,3495,2165,1330
102000005,1014,1998,-984
102000006,820,1426,-606
102000007,1239,3957,-2718
102000008,3094,1365,1729
102000009,4961,6592,-1631
102000010,3995,2440,1555
102000011,2573,2414,159
102000012,2606,2325,281
102000018,2005,2113,-108
102000019,1695,1313,382
102000026,196,378,-182
102000029,179,143,36
102000030,108,252,-144
102000031,60,93,-33
102000032,417,216,201
102000033,248,277,-29
102000034,352,368,-16
102000035,858,665,193
102000036,9,205,-196
102000037,107,41,66
102000038,162,262,-100
102000039,105,63,42
102000040,334,188,146
102000041,122,336,-214
102000042,136,300,-164
102000043,185,184,1
102000044,307,433,-126
102000045,595,592,3
102000046,923,506,417
102000047,725,629,96
102000048,293,660,-367
102000049,819,725,94
102000050,805,801,4
102000051,339,544,-205
102000052,990,577,413
102000053,760,743,17
102000054,607,874,-267
102000055,1084,472,612
102000056,911,700,211
102000057,1090,407,683
102000058,877,958,-81
102000059,1055,1065,-10
102000060,911,791,120
102000061,1391,1348,43
102000062,1590,891,699
102000063,918,1143,-225
102000064,525,598,-73
102000065,69,121,-52
102000066,715,715,0
102000067,1582,2174,-592
102000068,7671,2111,5560
102000069,75,1789,-1714
102000070,1086,35,1051
102000071,5393,6423,-1030
102000072,2266,3002,-736
102000073,1705,717,988
102000074,716,1258,-542
102000075,131,407,-276
102000076,317,221,96
102000077,527,569,-42
102000078,792,433,359
102000079,117,173,-56
102000080,185,158,27
102000081,233,836,-603
102000082,570,355,215
102000083,692,276,416
102000084,405,214,191
102000085,1552,683,869
102000086,1143,691,452
102000087,726,1213,-487
102000088,369,253,116
102000089,1189,321,868
102000090,434,842,-408
102000091,1047,523,524
102000092,264,517,-253
102000093,391,523,-132
102000094,916,651,265
102000095,824,976,-152
102000096,552,709,-157
102000097,595,711,-116
102000098,432,717,-285
102000099,609,744,-135
102000100,394,1303,-909
102000101,514,671,-157
102000102,269,1127,-858
102000103,1122,314,808
102000104,421,235,186
102000105,212,368,-156
102000106,750,412,338
102000107,1163,439,724
102000108,553,117,436
102000109,486,492,-6
102000110,1109,659,450
102000111,13,195,-182
102000112,123,103,20
102000113,16,21,-5
102000114,591,254,337
102000115,231,264,-33
102000116,259,342,-83
102000117,131,395,-264
102000118,837,1018,-181
102000119,1066,670,396
102000120,163,385,-222
102000121,928,501,427
102000122,682,831,-149
102000123,1048,981,67
102000124,1070,962,108
102000125,759,865,-106
102000126,795,639,156
102000127,1106,579,527
102000128,681,641,40
102000129,1252,568,684
102000130,753,571,182
102000131,1734,545,1189
102000132,652,817,-165
102000133,1902,1278,624
102000134,721,579,142
102000135,583,667,-84
102000136,883,453,430
102000137,650,904,-254
102000138,225,413,-188
102000139,63,416,-353
102000140,172,430,-258
102000141,195,447,-252
102000142,312,297,15
102000143,153,271,-118
102000144,308,241,67
102000145,236,350,-114
102000146,386,255,131
102000147,404,382,22
102000148,221,548,-327
102000149,133,196,-63
102000150,396,104,292
102000151,93,163,-70
102000152,144,101,43
102000153,837,485,352
102000154,199,385,-186
102000155,70,232,-162
102000156,223,124,99
102000157,101,320,-219
102000158,407,443,-36
102000159,495,444,51
102000161,1975,1608,367
102000162,125,115,10
102000163,91,387,-296
102000164,629,843,-214
102000165,219,120,99
102000166,67,135,-68
102000167,227,170,57
102000168,278,96,182
102000169,107,439,-332
102000170,357,150,207
102000171,107,144,-37
102000172,65,321,-256
102000173,363,223,140
102000174,59,87,-28
102000175,119,78,41
102000176,54,25,29
102000178,242,284,-42
102000179,393,218,175
102000180,850,315,535
102000181,658,439,219
102000182,551,386,165
102000183,1534,1178,356
102000184,1620,575,1045
102000185,2424,799,1625
102000186,1153,1112,41
102000187,749,868,-119
102000188,927,1033,-106
102000189,1556,546,1010
102000190,473,2276,-1803
102000191,999,335,664
102000192,998,1190,-192
102000193,73,91,-18
102000194,45,91,-46
102000195,354,321,33
102000196,184,232,-48
102000197,649,239,410
102000198,179,400,-221
102000199,895,181,714
102000200,306,626,-320
102000201,934,355,579
102000202,4,59,-55
102000203,405,138,267
102000204,411,471,-60
102000205,985,349,636
102000206,646,418,228
102000207,571,390,181
102000208,345,380,-35
102000209,68,51,17
102000210,375,306,69
102000211,476,160,316
102000212,337,20,317
102000213,9,176,-167
102000214,272,13,259
102000215,17,204,-187
102000216,54,58,-4
102000217,7,69,-62
102000218,246,139,107
102000219,246,122,124
102000225,467,447,20
102000226,1244,832,412
102000227,137,1,136
102000228,1,76,-75
102000229,38,49,-11
102000230,267,297,-30
102000231,203,273,-70
102000232,15,85,-70
102000233,393,471,-78
102000234,101,858,-757
102000236,208,57,151
102000237,345,123,222
102000238,134,192,-58
102000240,378,587,-209
102000241,139,131,8
102000243,13,22,-9
102000245,16,108,-92
102000246,8,43,-35
102000247,336,446,-110
102000248,377,640,-263
102000249,148,62,86
102000250,75,259,-184
102000254,146,156,-10
102000266,24,250,-226
102000271,12,0,12
102000286,307,252,55
102000297,1513,761,752
102000301,0,0,0
102000303,0,0,0
102000307,0,3,-3
102900001,1094,571,523
102900002,349,30,319
102900003,46,143,-97
102900005,416,239,177
102900006,456,111,345
102900007,457,22,435
102900008,237,28,209
102900009,462,224,238
102900010,306,918,-612
102900011,1251,288,963
102900012,369,90,279
102900013,28,54,-26
102900015,490,360,130
102900016,71,79,-8
102900017,185,306,-121
102900018,57,76,-19
102900019,340,352,-12
102900020,119,25,94
102900021,29,79,-50
102900022,426,153,273
102900023,32,30,2
102900024,24,30,-6
102900025,142,82,60
102900026,336,1786,-1450
102900027,126,56,70
102900028,157,733,-576
102900029,126,170,-44
102900030,362,309,53
102900031,211,108,103
102900032,82,67,15
102900033,78,110,-32
102900034,531,60,471
102900035,159,172,-13
102900036,286,281,5
102900037,380,227,153
102900038,406,265,141
102900039,19,469,-450
102900040,159,260,-101
102900041,97,141,-44
102900042,272,183,89
102900043,161,150,11
102900044,492,1286,-794
102900045,149,423,-274
102900046,138,178,-40
102900047,136,463,-327
102900048,477,317,160
102900049,131,291,-160
102900050,182,228,-46
102900051,190,120,70
102900052,24,60,-36
102900053,325,473,-148
102900054,859,1080,-221
102900055,86,213,-127
102900056,101,266,-165
102900057,7,51,-44
102900058,312,62,250
102900059,26,67,-41
102900060,103,334,-231
102900061,132,331,-199
102900062,211,520,-309
102900063,1173,410,763
102900064,105,312,-207
102900065,937,605,332
102900066,286,18,268
102900068,94,63,31
102900070,181,398,-217
102900072,33,34,-1
102900073,128,8,120
102900075,20,44,-24
102900076,93,159,-66
102900077,33,28,5
102900078,29,48,-19
102900079,175,7,168
102900080,388,37,351
102900081,85,188,-103
102900082,11,169,-158
102900083,118,13,105
102900084,7,35,-28
102900085,283,85,198
102900086,19,47,-28
102900087,126,80,46
102900088,36,22,14
102900089,241,117,124
102900090,3,247,-244
102900091,140,4,136
102900092,359,506,-147
102900093,224,176,48
102900094,4,121,-117
102900095,81,0,81
102900096,66,15,51
102900097,7,96,-89
102900098,22,15,7
103000001,2014,1793,221
103000002,1556,1940,-384
103000003,2612,2355,257
103000004,733,622,111
103000005,1410,2493,-1083
103000006,655,1171,-516
103000007,358,570,-212
103000008,752,498,254
103000009,1307,915,392
103000010,116,76,40
103000011,1431,1049,382
103000012,1193,1067,126
103000013,2642,1347,1295
103000014,1095,2203,-1108
103000015,1092,478,614
103000016,423,1106,-683
103000017,155,339,-184
103000018,485,219,266
103000019,255,223,32
103000020,1669,1056,613
103000021,1543,1713,-170
103000022,586,722,-136
103000023,529,1536,-1007
103000024,87,109,-22
103000025,101,647,-546
103000026,607,119,488
103000027,195,487,-292
103000028,223,257,-34
103000029,159,217,-58
103000030,1083,811,272
103000031,806,1523,-717
103000032,1765,1215,550
103000033,2652,2327,325
103000034,1053,954,99
103000035,338,948,-610
103000036,290,447,-157
103000037,439,420,19
103000038,375,786,-411
103000039,368,273,95
103000040,371,581,-210
103000041,1370,1273,97
103000042,1163,378,785
103000043,562,638,-76
103000044,214,119,95
103000046,330,385,-55
103000047,549,434,115
103000048,145,142,3
103000049,90,106,-16
103000050,595,326,269
103000051,457,364,93
103000052,624,244,380
103000053,159,489,-330
103000054,2065,1045,1020
103000055,1637,1505,132
103000056,626,898,-272
103000057,603,173,430
103000058,546,554,-8
103000059,431,627,-196
103000060,633,467,166
103000061,390,695,-305
103000062,948,330,618
103000063,628,756,-128
103000064,155,140,15
103000065,1,256,-255
103000066,154,11,143
103000069,398,252,146
103000070,858,514,344
103000071,1094,393,701
103000072,127,459,-332
103000073,542,124,418
103000074,627,130,497
103000075,124,459,-335
103000076,248,336,-88
103000077,14,217,-203
103000078,665,604,61
103000079,465,486,-21
103000080,581,324,257
103000081,306,935,-629
103000082,419,172,247
103000083,84,236,-152
103000084,80,5,75
103000085,3,104,-101
103000086,389,299,90
103000087,132,447,-315
103000088,177,225,-48
103000089,228,381,-153
103000090,1922,765,1157
103000091,548,377,171
103000092,189,170,19
103000093,240,317,-77
103000094,212,86,126
103000095,62,254,-192
103000096,545,76,469
103000097,79,473,-394
103000098,572,130,442
103000099,196,546,-350
103000100,85,429,-344
103000101,798,92,706
103000102,88,347,-259
103000103,652,123,529
103000104,61,102,-41
103000105,127,52,75
103000106,15,119,-104
103000107,185,40,145
103000108,792,527,265
103000109,344,291,53
103000110,382,383,-1
103000111,334,342,-8
103000112,258,188,70
103000113,419,478,-59
103000114,844,348,496
103000115,549,405,144
103000116,559,367,192
103000117,424,314,110
103000118,413,362,51
103000119,747,344,403
103000120,34,96,-62
103000121,162,323,-161
103000122,271,305,-34
103000125,11,153,-142
103000126,586,0,586
103000127,1,107,-106
103000128,174,6,168
103000129,0,76,-76
103000130,50,18,32
103000131,108,88,20
103000132,78,135,-57
103000133,14,96,-82
103000134,299,757,-458
103000135,393,272,121
103000136,463,432,31
103000137,361,524,-163
103000138,574,547,27
103000139,1,63,-62
103000140,115,26,89
103000141,55,131,-76
103000142,124,44,80
103000143,53,163,-110
103000144,146,29,117
103000145,13,65,-52
103000150,80,33,47
103000152,140,205,-65
103000153,178,126,52
103000156,8,198,-190
103000157,352,1,351
103000159,177,36,141
103000162,57,8,49
103000163,16,19,-3
103000164,17,15,2
103000165,80,169,-89
103000166,184,260,-76
103000167,173,81,92
103000168,105,140,-35
103000169,153,287,-134
103000170,858,278,580
103000171,48,61,-13
103000172,434,223,211
103000173,584,340,244
103000174,174,247,-73
103000175,299,163,136
103000176,725,545,180
103000177,358,316,42
103000178,176,189,-13
103000179,170,25,145
103000183,140,8,132
103000185,83,23,60
103000186,162,141,21
103000187,608,228,380
103000188,13,61,-48
103000189,549,495,54
103000191,479,450,29
103000292,755,1171,-416
103000293,750,2088,-1338
103000295,66,94,-28
103000296,143,1,142
103000297,19,48,-29
103000504,66,9,57
103000505,2,9,-7
103000506,3,168,-165
103000507,175,3,172
103000508,63,67,-4
103000509,197,482,-285
103900001,10,96,-86
103900002,790,123,667
103900003,1088,176,912
103900004,114,2,112
103900005,2,110,-108
103900006,1,0,1
103900007,96,8,88
103900008,9,0,9
103900009,270,414,-144
103900010,126,311,-185
103900011,351,139,212
103900012,26,16,10
103900013,90,44,46
103900014,62,12,50
103900015,56,12,44
103900016,436,120,316
103900017,43,55,-12
103900018,514,151,363
103900019,81,345,-264
103900020,180,393,-213
103900021,334,158,176
103900022,1027,510,517
103900023,170,0,170
103900024,56,271,-215
103900025,25,27,-2
103900026,80,0,80
103900027,654,164,490
103900028,35,311,-276
103900029,915,156,759
103900030,230,120,110
103900031,43,4,39
103900032,72,68,4
103900033,80,12,68
103900034,39,93,-54
103900035,82,37,45
103900036,34,31,3
103900037,61,61,0
103900038,112,215,-103
103900039,104,187,-83
103900040,6,138,-132
103900041,62,51,11
103900042,64,176,-112
103900043,121,57,64
103900044,92,206,-114
103900045,482,167,315
103900047,84,24,60
103900048,13,16,-3
103900049,156,804,-648
103900050,10,121,-111
103900051,1,31,-30
103900052,198,280,-82
103900053,275,350,-75
103900054,108,202,-94
103900055,430,139,291
103900056,40,57,-17
103900057,48,102,-54
103900058,243,390,-147
103900059,0,16,-16
103900060,29,125,-96
103900061,129,35,94
103900062,309,84,225
103900063,12,0,12
103900064,132,4,128
103900065,651,298,353
103900066,188,46,142
103900067,161,10,151
103900068,4,0,4
103900069,44,13,31
103900070,182,174,8
103900071,19,65,-46
103900072,14,138,-124
103900073,24,27,-3
103900074,58,55,3
103900075,209,47,162
103900076,489,355,134
103900077,34,107,-73
103900078,303,82,221
103900079,116,144,-28
103900080,5,18,-13
103900081,39,17,22
103900082,5,118,-113
103900083,948,1037,-89
103900084,52,90,-38
103900085,66,108,-42
103900086,706,306,400
103900088,300,489,-189
103900089,59,115,-56
103900090,2,95,-93
103900091,812,178,634
103900092,498,356,142
103900093,58,189,-131
103900094,8,65,-57
103900095,162,181,-19
103900096,31,125,-94
103900097,8,325,-317
103900098,220,82,138
103900099,80,75,5
103900100,257,191,66
103900101,96,831,-735
103900102,1,13,-12
103900104,2,18,-16
103900105,114,103,11
103900106,0,80,-80
103900107,138,123,15
103900108,44,162,-118
103900109,96,74,22
103900110,158,32,126
103900111,88,340,-252
103900112,34,78,-44
103900113,99,190,-91
103900114,345,237,108
103900115,190,157,33
103900116,2650,2347,303
103900117,93,53,40
103900119,30,81,-51
103900120,37,85,-48
103900122,123,140,-17
103900123,893,487,406
103900124,77,269,-192
103900125,123,54,69
103900126,516,257,259
103900127,209,238,-29
103900128,165,110,55
103900131,46,97,-51
103900133,872,61,811
103900134,0,12,-12
103900135,5,1,4
103900137,1,15,-14
103900138,93,89,4
103900139,161,1840,-1679
103900140,3,154,-151
103900141,195,54,141
103900142,236,76,160
103900143,117,3,114
103900144,0,42,-42
103900145,205,171,34
103900146,280,162,118
103900147,339,119,220
103900148,229,268,-39
103900149,222,373,-151
103900150,3479,3250,229
103900151,27,146,-119
103900152,578,244,334
103900153,6,4,2
103900154,537,1500,-963
103900155,53,153,-100
103900156,58,112,-54
103900157,55,99,-44
103900158,139,81,58
103900159,161,49,112
103900160,34,29,5
103900161,96,156,-60
103900162,86,113,-27
103900163,7,309,-302
103900167,9,90,-81
103900168,88,56,32
103900169,44,44,0
103900170,2,89,-87
103900171,0,20,-20
103900172,0,20,-20
103900173,13,9,4
103900174,178,36,142
103900175,44,71,-27
103900176,9,46,-37
103900177,8,91,-83
103900178,57,49,8
103900179,47,54,-7
103900180,17,59,-42
103900181,55,37,18
103900182,16,22,-6
103900184,381,105,276
103900185,99,344,-245
103900187,22,62,-40
103900188,35,26,9
103900189,97,9,88
103900190,84,36,48
103900191,20,38,-18
103900192,30,62,-32
103900193,93,90,3
103900194,46,140,-94
103900195,4,87,-83
103900196,32,40,-8
103900197,22,13,9
103900198,14,35,-21
103900199,124,43,81
103900200,135,69,66
103900201,95,130,-35
103900202,9,24,-15
103900203,25,33,-8
103900204,0,61,-61
103900207,0,57,-57
103900208,84,1,83
103900209,8,58,-50
103900210,29,22,7
103900211,394,251,143
103900212,115,227,-112
103900213,46,175,-129
103900214,202,171,31
103900215,162,301,-139
103900216,4,240,-236
103900217,349,52,297
103900218,1,169,-168
103900219,100,160,-60
103900233,57,5,52
103900235,24,25,-1
103900236,11,3,8
103900242,7,4,3
103900243,0,2,-2
103900244,85,144,-59
103900245,102,104,-2
103900246,52,17,35
103900247,38,104,-66
103900248,4,35,-31
103900249,13,44,-31
103900250,20,27,-7
103900251,7,26,-19
103900253,16,90,-74
103900254,5,11,-6
103900255,5,12,-7
103900256,23,30,-7
103900257,93,100,-7
103900258,6,5,1
103900259,49,6,43
103900261,2,2,0
103900262,11,0,11
103900263,15,13,2
103900264,18,53,-35
103900265,14,4,10
103900266,1,85,-84
103900267,14,49,-35
103900268,12,32,-20
103900269,120,18,102
103900270,61,74,-13
103900271,6,60,-54
103900272,73,39,34
103900273,31,24,7
103900274,101,2,99
103900275,51,16,35
103900276,7,22,-15
103900277,3,30,-27
103900278,8,22,-14
103900279,1,32,-31
103900280,1,31,-30
104000001,1947,1672,275
104000002,1390,1558,-168
104000003,1818,1493,325
104000004,2051,1897,154
104000005,1394,1327,67
104000006,2283,1900,383
104000007,3053,3231,-178
104000008,154,165,-11
104000009,171,87,84
104000010,117,195,-78
104000011,263,149,114
104000012,131,162,-31
104000013,197,164,33
104000014,201,364,-163
104000015,274,99,175
104000016,423,214,209
104000018,738,152,586
104000019,582,174,408
104000020,91,272,-181
104000021,233,276,-43
104000022,105,222,-117
104000023,974,276,698
104000024,178,240,-62
104000026,44,221,-177
104000027,220,166,54
104000028,393,206,187
104000029,284,183,101
104000030,291,184,107
104000031,1223,294,929
104000032,186,163,23
104000033,662,393,269
104000034,289,177,112
104000035,886,359,527
104000036,690,367,323
104000037,255,146,109
104000038,413,232,181
104000039,251,117,134
104000040,165,255,-90
104000041,804,290,514
104000042,181,219,-38
104000043,297,270,27
104000044,268,384,-116
104000045,701,644,57
104000046,785,1025,-240
104000047,572,747,-175
104000048,843,878,-35
104000049,423,233,190
104000050,111,416,-305
104000051,99,408,-309
104000052,1214,1268,-54
104000053,714,301,413
104000054,530,260,270
104000055,2635,1702,933
104000056,723,166,557
104000057,114,285,-171
104000058,739,550,189
104000059,447,715,-268
104000060,878,963,-85
104000061,1009,646,363
104000062,285,104,181
104000064,448,238,210
104000065,154,521,-367
104000069,587,882,-295
104000070,46,393,-347
104000071,113,293,-180
104000072,560,184,376
104000075,51,227,-176
104000076,402,64,338
104000082,1838,2829,-991
104000083,646,150,496
104000084,108,355,-247
104000085,291,247,44
104000086,180,302,-122
104000087,309,1423,-1114
104000090,730,800,-70
104000092,1111,1154,-43
104000094,691,866,-175
104000095,1469,1042,427
104000096,1287,97,1190
104000097,1474,587,887
104000098,2151,544,1607
104000100,1503,479,1024
104000101,986,1087,-101
104000106,41,492,-451
104000107,454,296,158
104000108,162,344,-182
104000109,276,60,216
104000110,643,896,-253
104000111,2299,1981,318
104000112,1113,408,705
104000116,0,575,-575
104000117,140,352,-212
104000118,567,161,406
104000119,564,221,343
104000120,200,442,-242
104000121,145,449,-304
104000122,573,570,3
104000123,566,665,-99
104000124,461,1266,-805
104000125,2120,3602,-1482
104000126,347,327,20
104000127,997,1346,-349
104000128,468,299,169
104000129,292,18,274
104000130,5,137,-132
104000131,313,288,25
104000132,326,306,20
104000133,1229,594,635
104000134,898,1288,-390
104000135,324,1427,-1103
104000136,628,3130,-2502
104000137,1309,371,938
104000138,708,247,461
104000139,3209,2127,1082
104000141,710,824,-114
104000142,516,398,118
104000143,460,350,110
104000144,106,171,-65
104000145,435,185,250
104000146,229,407,-178
104000147,143,255,-112
104000148,344,121,223
104000149,123,180,-57
104000150,725,433,292
104000151,267,269,-2
104000152,512,361,151
104000153,605,503,102
104000154,639,351,288
104000155,364,454,-90
104000157,835,1007,-172
104000158,236,491,-255
104000159,760,419,341
104000160,1456,1626,-170
104000161,141,165,-24
104000162,62,123,-61
104000165,614,700,-86
104000167,537,892,-355
104000168,573,4,569
104000169,110,18,92
104000170,256,457,-201
104000248,254,351,-97
104000251,61,145,-84
104000272,0,0,0
104000273,0,0,0
104000274,0,0,0
104000275,0,0,0
104000279,502,310,192
104000290,65,176,-111
104000291,445,846,-401
104000293,674,563,111
104000294,51,3,48
104000295,520,566,-46
104000296,371,578,-207
104000297,711,1465,-754
104000298,1367,708,659
104000299,579,1043,-464
104900001,136,239,-103
104900002,60,146,-86
104900003,39,282,-243
104900004,53,176,-123
104900005,266,179,87
104900006,334,63,271
104900007,275,147,128
104900009,143,197,-54
104900010,52,51,1
104900011,67,10,57
104900012,209,17,192
104900013,88,12,76
104900014,1702,234,1468
104900015,67,6,61
104900016,214,119,95
104900017,136,117,19
104900018,11,122,-111
104900019,188,2695,-2507
104900020,34,158,-124
104900021,0,103,-103
104900022,2,82,-80
104900023,1,40,-39
104900024,21,72,-51
104900025,70,136,-66
104900026,5,39,-34
104900027,490,253,237
104900028,47,77,-30
104900029,38,51,-13
104900030,488,203,285
104900031,80,149,-69
104900032,50,74,-24
104900033,126,224,-98
104900034,309,190,119
104900035,317,211,106
104900036,259,82,177
104900037,121,182,-61
104900038,243,620,-377
104900039,286,265,21
104900040,508,74,434
104900041,232,136,96
104900042,184,145,39
104900043,17,99,-82
104900044,648,188,460
104900045,434,49,385
104900046,219,72,147
104900047,335,125,210
104900048,321,74,247
104900049,32,25,7
104900050,277,70,207
104900051,315,37,278
104900052,50,3,47
104900053,415,88,327
104900054,176,23,153
104900055,85,0,85
104900056,325,13,312
104900057,46,2,44
104900058,453,291,162
104900059,146,70,76
104900060,1,272,-271
104900061,138,372,-234
104900063,0,74,-74
104900064,0,44,-44
104900065,2,172,-170
104900066,1,119,-118
104900067,3,250,-247
104900068,18,170,-152
104900070,143,175,-32
104900071,0,315,-315
104900072,35,191,-156
104900073,50,119,-69
104900074,52,132,-80
104900075,46,26,20
104900076,96,181,-85
104900077,543,218,325
104900078,190,286,-96
104900079,73,452,-379
104900080,91,419,-328
104900082,8,272,-264
104900085,0,108,-108
104900087,463,4,459
104900089,219,1,218
104900090,706,568,138
104900091,545,356,189
104900093,179,336,-157
104900097,1470,1758,-288
104900098,132,32,100
104900099,137,459,-322
104900100,271,161,110
104900102,31,86,-55
104900103,271,35,236
104900104,1732,1678,54
104900106,86,110,-24
104900107,125,141,-16
104900108,32,147,-115
104900109,75,132,-57
104900110,4,28,-24
104900111,140,89,51
104900112,224,356,-132
104900113,628,225,403
104900114,280,311,-31
104900115,592,239,353
104900116,229,120,109
104900118,12,48,-36
104900119,3,23,-20
104900120,22,161,-139
104900121,0,57,-57
104900122,1,31,-30
104900123,63,12,51
104900124,40,0,40
104900125,392,1,391
104900126,50,40,10
104900127,17,52,-35
104900128,104,175,-71
104900129,980,1793,-813
105000001,2322,1096,1226
105000002,1769,1155,614
105000003,2416,3123,-707
105000004,526,628,-102
105000005,894,818,76
105000006,1075,1357,-282
105000007,1097,1263,-166
105000008,1096,2630,-1534
105000009,2086,2562,-476
105000010,2366,1312,1054
105000011,3104,2278,826
105000012,3277,1857,1420
105000013,831,948,-117
105000014,1958,2187,-229
105000015,7188,11414,-4226
105000016,1666,1470,196
105000017,1136,689,447
105000018,929,1136,-207
105000019,1097,660,437
105000020,115,397,-282
105000021,193,116,77
105000022,202,72,130
105000023,415,242,173
105000028,50,96,-46
105000029,564,1058,-494
105000030,3229,1768,1461
105000033,861,1191,-330
105000034,139,818,-679
105000037,524,166,358
105000038,1356,1480,-124
105000039,1774,1088,686
105000040,825,1084,-259
105000041,522,928,-406
105000042,2324,1581,743
105000043,1159,1620,-461
105000044,667,413,254
105000045,309,470,-161
105000046,1076,263,813
105000047,510,864,-354
105000048,628,175,453
105000049,195,414,-219
105000050,675,374,301
105000051,116,392,-276
105000052,652,736,-84
105000053,138,127,11
105000054,336,574,-238
105000055,596,260,336
105000056,1561,1468,93
105000057,1192,627,565
105000058,1189,931,258
105000059,743,537,206
105000060,374,478,-104
105000061,653,473,180
105000062,478,559,-81
105000063,273,267,6
105000064,1414,577,837
105000065,327,366,-39
105000066,792,943,-151
105000067,1313,623,690
105000068,318,627,-309
105000069,1313,1754,-441
105000070,476,749,-273
105000071,169,832,-663
105000072,956,2051,-1095
105000073,760,511,249
105000074,717,550,167
105000075,382,596,-214
105000076,867,719,148
105000077,1766,996,770
105000078,840,1039,-199
105000079,915,2361,-1446
105000080,1419,1069,350
105000081,2196,1051,1145
105000082,855,1537,-682
105000083,3019,2841,178
105000084,503,588,-85
105000085,1484,1616,-132
105000086,503,684,-181
105000087,1035,1238,-203
105000088,1118,1292,-174
105000089,1840,1509,331
105000090,775,630,145
105000091,865,1092,-227
105000092,578,637,-59
105000093,228,246,-18
105000094,256,254,2
105000095,87,372,-285
105000096,984,849,135
105000097,687,588,99
105000098,881,552,329
105000099,577,583,-6
105000100,1136,828,308
105000101,1751,1397,354
105000102,1248,1138,110
105000103,1056,1637,-581
105000104,2009,827,1182
105000105,1113,1372,-259
105000106,1247,1034,213
105000107,1222,703,519
105000108,1366,994,372
105000109,1491,1078,413
105000110,722,389,333
105000111,845,502,343
105000112,1031,472,559
105000113,409,549,-140
105000114,1793,960,833
105000115,293,1076,-783
105000116,696,367,329
105000117,650,537,113
105000118,483,388,95
105000119,559,512,47
105000120,908,479,429
105000121,663,548,115
105000122,403,613,-210
105000123,956,762,194
105000124,1600,666,934
105000125,766,1240,-474
105000126,1883,1145,738
105000127,2151,1289,862
105000128,899,701,198
105000129,801,236,565
105000130,284,2365,-2081
105000131,465,260,205
105000132,789,556,233
105000133,442,733,-291
105000134,690,480,210
105000135,385,424,-39
105000136,144,188,-44
105000137,520,162,358
105000138,204,218,-14
105000139,843,610,233
105000140,379,414,-35
105000141,306,312,-6
105000142,221,346,-125
105000143,192,350,-158
105000144,237,597,-360
105000145,690,296,394
105000146,365,608,-243
105000147,599,314,285
105000148,974,543,431
105000149,2195,1858,337
105000150,1399,991,408
105000151,449,337,112
105000152,176,351,-175
105000153,510,553,-43
105000154,524,384,140
105000155,312,750,-438
105000156,622,461,161
105000157,692,1041,-349
105000158,1600,641,959
105000159,201,711,-510
105000160,1751,542,1209
105000161,503,744,-241
105000162,460,1495,-1035
105000163,858,572,286
105000164,207,183,24
105000165,529,4420,-3891
105000166,3378,893,2485
105000167,1091,1464,-373
105000168,510,447,63
105000169,504,217,287
105000170,287,1065,-778
105000171,932,160,772
105000172,148,32,116
105000173,209,45,164
105000174,80,46,34
105000175,81,74,7
105000176,460,94,366
105000177,290,179,111
105000178,159,334,-175
105000179,665,143,522
105000180,129,78,51
105000181,148,197,-49
105000182,52,36,16
105000183,1467,1607,-140
105000184,947,774,173
105000185,1055,821,234
105000186,423,528,-105
105000187,768,175,593
105000188,214,116,98
105000189,103,320,-217
105000190,228,288,-60
105000191,359,202,157
105000192,315,52,263
105000193,65,122,-57
105000194,352,64,288
105000195,273,517,-244
105000196,54,203,-149
105000197,292,397,-105
105000198,417,228,189
105000199,157,421,-264
105000200,121,243,-122
105000201,120,20,100
105000203,16,149,-133
105000204,64,55,9
105000205,71,152,-81
105000207,363,146,217
105000208,192,492,-300
105000209,200,254,-54
105000212,1077,796,281
105000213,86,166,-80
105000214,181,198,-17
105000215,327,151,176
105000216,133,228,-95
105000217,158,226,-68
105000218,1229,961,268
105000221,156,137,19
105000222,430,236,194
105000223,243,215,28
105000226,107,158,-51
105000227,48,115,-67
105000228,153,1535,-1382
105000229,145,387,-242
105000231,354,272,82
105000233,691,598,93
105000234,417,800,-383
105000235,401,501,-100
105000237,666,80,586
105000243,37,25,12
105000248,45,68,-23
105000262,355,613,-258
105000269,105,172,-67
105000270,432,47,385
105000271,0,119,-119
105000282,38,47,-9
105000287,316,56,260
105000288,651,366,285
105000289,1701,1549,152
105000290,22,17,5
105000402,2075,3103,-1028
105000426,302,527,-225
105000438,2621,1216,1405
105000446,6425,3848,2577
105000447,3604,1865,1739
105000454,522,454,68
105000455,198,89,109
105000474,41,1,40
105000477,387,533,-146
105000478,1617,3778,-2161
105000479,69,108,-39
105000480,6150,5539,611
105000481,3507,2749,758
105000482,3308,5064,-1756
105000483,1440,1730,-290
105000484,1651,2207,-556
105000485,1428,2547,-1119
105000486,2428,1859,569
105000488,6049,3188,2861
105000489,800,663,137
105000549,132,162,-30
105000550,338,1161,-823
105000551,24,90,-66
105000552,1843,1069,774
105000555,737,866,-129
105900001,11,1268,-1257
105900002,728,616,112
105900003,12,73,-61
105900004,212,115,97
105900005,11,163,-152
105900006,12,132,-120
105900007,51,37,14
105900008,55,373,-318
105900009,23,16,7
105900011,149,28,121
105900012,537,160,377
105900013,2,33,-31
105900014,10,60,-50
105900015,166,257,-91
105900016,407,258,149
105900017,1405,41,1364
105900018,147,124,23
105900019,70,536,-466
105900020,33,43,-10
105900021,23,233,-210
105900022,216,151,65
105900023,12,54,-42
105900024,5,125,-120
105900025,183,24,159
105900026,191,12,179
105900027,6888,4850,2038
105900028,332,399,-67
105900029,1233,247,986
105900030,174,181,-7
105900031,274,139,135
105900032,83,124,-41
105900033,99,125,-26
105900034,226,175,51
105900035,182,129,53
105900036,103,90,13
105900037,94,43,51
105900038,124,166,-42
105900039,123,68,55
105900040,53,64,-11
105900041,116,210,-94
105900042,44,77,-33
105900043,992,58,934
105900044,2,221,-219
105900045,4,651,-647
105900046,4,224,-220
105900047,6,57,-51
105900048,120,406,-286
105900050,3364,2878,486
105900051,29,834,-805
105900052,557,163,394
105900053,1818,2517,-699
105900054,275,133,142
105900056,528,305,223
105900057,23,104,-81
105900058,17,9,8
105900059,0,34,-34
106000001,3060,2225,835
106000002,1307,4137,-2830
106000003,2320,3044,-724
106000004,1387,2081,-694
106000005,3023,3893,-870
106000006,4019,2317,1702
106000007,453,454,-1
106000008,383,242,141
106000009,544,325,219
106000010,479,460,19
106000011,989,891,98
106000012,748,800,-52
106000013,1417,1588,-171
106000014,1422,1053,369
106000015,1649,901,748
106000016,1070,1300,-230
106000017,488,557,-69
106000018,445,313,132
106000019,333,331,2
106000020,299,215,84
106000021,282,341,-59
106000022,285,147,138
106000023,544,199,345
106000024,498,311,187
106000025,118,122,-4
106000026,63,138,-75
106000027,1379,1091,288
106000028,550,281,269
106000029,577,644,-67
106000030,259,385,-126
106000034,184,429,-245
106000035,766,1528,-762
106000036,118,353,-235
106000037,1489,944,545
106000038,202,137,65
106000039,83,94,-11
106000040,131,651,-520
106000041,573,492,81
106000043,439,204,235
106000046,372,57,315
106000047,41,286,-245
106000049,954,132,822
106000050,237,427,-190
106000051,611,384,227
106000052,109,393,-284
106000053,389,97,292
106000054,264,300,-36
106000055,930,708,222
106000056,225,198,27
106000057,290,238,52
106000058,89,101,-12
106000059,317,271,46
106000060,271,324,-53
106000061,235,462,-227
106000062,109,405,-296
106000063,720,507,213
106000064,34,264,-230
106000065,299,266,33
106000066,84,225,-141
106000067,500,95,405
106000068,52,434,-382
106000069,246,38,208
106000070,440,517,-77
106000071,887,236,651
106000072,1672,1167,505
106000073,1035,2568,-1533
106000074,466,466,0
106000075,256,1109,-853
106000076,1457,1504,-47
106000077,2365,1034,1331
106000078,1007,691,316
106000079,643,644,-1
106000080,1162,521,641
106000081,651,850,-199
106000082,1861,709,1152
106000083,356,1090,-734
106000084,929,472,457
106000085,1112,1169,-57
106000086,517,609,-92
106000087,798,390,408
106000088,355,549,-194
106000089,816,300,516
106000090,283,474,-191
106000091,251,351,-100
106000092,596,219,377
106000093,261,96,165
106000094,60,197,-137
106000095,707,497,210
106000096,803,530,273
106000097,967,570,397
106000098,734,702,32
106000099,201,388,-187
106000100,982,224,758
106000101,762,180,582
106000102,140,363,-223
106000103,252,298,-46
106000104,642,314,328
106000105,449,385,64
106000106,625,343,282
106000107,193,192,1
106000108,248,218,30
106000109,191,156,35
106000110,217,228,-11
106000111,162,261,-99
106000112,172,425,-253
106000113,419,410,9
106000114,342,507,-165
106000115,183,291,-108
106000116,232,146,86
106000117,830,508,322
106000118,942,1082,-140
106000119,942,726,216
106000120,709,942,-233
106000121,161,105,56
106000122,119,99,20
106000123,468,105,363
106000124,43,160,-117
106000125,11,178,-167
106000126,294,78,216
106000127,746,485,261
106000128,838,144,694
106000129,456,341,115
106000130,700,237,463
106000131,121,498,-377
106000132,427,115,312
106000133,1074,848,226
106000134,423,1330,-907
106000135,139,320,-181
106000136,521,886,-365
106000137,63,446,-383
106000138,986,79,907
106000139,52,93,-41
106000140,41,33,8
106000141,107,29,78
106000142,88,49,39
106000143,27,44,-17
106000144,25,69,-44
106000145,237,144,93
106000146,339,112,227
106000147,314,300,14
106000148,398,635,-237
106000149,517,255,262
106000150,395,1453,-1058
106000151,2628,619,2009
106000152,868,1482,-614
106000153,70,1299,-1229
106000154,826,155,671
106000155,81,244,-163
106000156,836,178,658
106000157,482,1110,-628
106000158,1540,690,850
106000159,1965,1485,480
106000160,401,2269,-1868
106000161,1160,220,940
106000162,339,912,-573
106000163,360,214,146
106000164,396,248,148
106000165,213,325,-112
106000166,732,225,507
106000167,376,548,-172
106000168,568,223,345
106000169,191,423,-232
106000170,644,180,464
106000171,169,800,-631
106000172,2092,1013,1079
106000173,782,1945,-1163
106000174,1079,341,738
106000175,267,574,-307
106000176,1595,630,965
106000177,668,1482,-814
106000178,2518,1206,1312
106000179,828,1473,-645
106000180,681,764,-83
106000181,797,1136,-339
106000182,1317,552,765
106000183,1314,371,943
106000184,1376,403,973
106000185,1096,879,217
106000186,701,110,591
106000187,162,975,-813
106000188,0,2,-2
106000189,20,32,-12
106000190,14,3,11
106000191,563,175,388
106000192,3,9,-6
106000193,317,147,170
106000194,129,266,-137
106000195,532,119,413
106000196,168,328,-160
106000197,526,190,336
106000198,147,188,-41
106000199,524,666,-142
106000200,135,191,-56
106000201,351,2380,-2029
106000202,2180,497,1683
106000203,41,138,-97
106000204,116,10,106
106000205,10,101,-91
106000206,76,16,60
106000207,43,492,-449
106000208,1314,153,1161
106000209,1389,315,1074
106000210,332,661,-329
106000211,283,834,-551
106000212,810,325,485
106000213,463,1521,-1058
106000214,1777,644,1133
106000215,287,391,-104
106000216,348,263,85
106000217,208,253,-45
106000218,340,321,19
106000219,140,198,-58
106000220,343,152,191
106000221,228,148,80
106000222,42,66,-24
106000223,248,86,162
106000224,211,107,104
106000225,96,99,-3
106000226,76,158,-82
106000228,51,55,-4
106000229,79,409,-330
106000231,793,81,712
106000232,105,217,-112
106000233,524,77,447
106000234,163,150,13
106000235,510,92,418
106000236,209,51,158
106000237,4,6,-2
106000238,41,18,23
106000239,20,93,-73
106000240,64,4,60
106000241,13,433,-420
106000242,243,25,218
106000249,86,46,40
106000250,73,560,-487
106000251,117,19,98
106000252,18,55,-37
106000253,46,60,-14
106000254,40,16,24
106000255,22,118,-96
106000256,33,33,0
106000257,118,175,-57
106000258,234,13,221
106000259,1,32,-31
106000260,50,4,46
106000261,8,52,-44
106000262,101,14,87
106000263,9,38,-29
106000264,206,11,195
106000265,8,74,-66
106000266,109,24,85
106000267,3,53,-50
106000268,317,58,259
106000269,30,24,6
106000270,116,310,-194
106000271,72,151,-79
106000272,158,49,109
106000273,9,169,-160
106000274,153,26,127
106000275,101,193,-92
106000276,126,25,101
106000277,94,189,-95
106000278,135,31,104
106000279,11,23,-12
106000280,51,42,9
106000281,61,35,26
106000282,60,53,7
106000283,84,48,36
106000284,92,56,36
106000285,108,58,50
106000286,90,94,-4
106000287,90,53,37
106000288,63,101,-38
106000289,69,44,25
106000290,62,44,18
106000291,78,87,-9
106000292,52,62,-10
106000293,128,66,62
106000294,96,91,5
106000295,43,44,-1
106000296,36,53,-17
106000297,43,163,-120
106000298,84,40,44
106000299,56,101,-45
106000300,54,66,-12
106000301,49,88,-39
106000303,21,87,-66
106000304,22,23,-1
106000305,52,52,0
106000306,30,31,-1
106000307,52,23,29
106000308,23,69,-46
106000309,23,59,-36
106000310,262,323,-61
106000311,311,119,192
106000312,100,110,-10
106000313,180,184,-4
106000318,63,372,-309
106000319,902,220,682
106000320,3,41,-38
106000321,170,106,64
106000322,175,93,82
106000324,11,76,-65
106000325,1363,774,589
106000326,775,1199,-424
106000327,123,60,63
106000328,51,122,-71
106000329,63,166,-103
106000330,33,57,-24
106000428,66,108,-42
106000429,115,270,-155
106000430,297,771,-474
106000431,2258,337,1921
106000432,1364,1898,-534
106000433,2166,1093,1073
106000434,2625,1383,1242
106000435,1072,1803,-731
106000436,6,104,-98
106000437,248,47,201
106000438,280,153,127
106000439,49,289,-240
106000440,166,295,-129
106000441,2,5,-3
106000442,128,9,119
106000443,154,173,-19
106000450,0,94,-94
106000451,33,60,-27
106000454,2,157,-155
106000455,5,106,-101
106000456,80,23,57
106000457,13,541,-528
106000458,725,92,633
106000459,140,178,-38
106000460,1446,14,1432
106000461,119,664,-545
106000462,0,27,-27
106000463,1,18,-17
106000464,3,233,-230
106000465,637,5,632
106000466,8,291,-283
106000467,251,392,-141
106000468,88,131,-43
106000469,138,0,138
106000470,224,1380,-1156
106000471,13,422,-409
106000472,103,11,92
106000473,30,9,21
106000474,218,292,-74
106000475,276,182,94
106000476,106,215,-109
106000477,31,66,-35
106000480,0,258,-258
106900001,0,8,-8
106900002,2,214,-212
106900003,149,647,-498
106900004,0,16,-16
106900006,0,6,-6
106900007,0,7,-7
106900008,402,129,273
106900009,297,200,97
106900010,202,167,35
106900012,974,1810,-836
106900013,461,141,320
106900014,25,4,21
106900015,18,2,16
106900016,338,12,326
106900017,4,0,4
106900018,5,0,5
106900019,36,1,35
106900020,1298,1402,-104
106900021,109,71,38
106900022,803,4,799
106900023,40,148,-108
106900024,454,49,405
106900025,34,350,-316
106900026,0,299,-299
106900027,677,3,674
107000001,2978,3611,-633
107000002,1983,3160,-1177
107000003,5665,5629,36
107000004,3584,2951,633
107000005,4658,4647,11
107000006,3037,2515,522
107000007,4913,7732,-2819
107000008,6549,4893,1656
107000009,6831,6594,237
107000010,7116,5683,1433
107000011,824,973,-149
107000012,3219,1979,1240
107000013,82,79,3
107000014,48,107,-59
107000015,400,457,-57
107000016,657,519,138
107000017,1270,1445,-175
107000018,3,1122,-1119
107000020,913,1386,-473
107000021,1009,319,690
107000022,563,1163,-600
107000023,1712,132,1580
107000024,599,999,-400
107000025,193,302,-109
107000026,257,298,-41
107000027,1259,758,501
107000028,1093,844,249
107000029,3111,2533,578
107000030,2229,1835,394
107000031,3856,2116,1740
107000032,321,660,-339
107000033,2144,2797,-653
107000034,2829,1128,1701
107000035,386,218,168
107000036,297,1017,-720
107000037,87,638,-551
107000038,170,207,-37
107000039,653,607,46
107000040,170,242,-72
107000041,1065,619,446
107000042,557,1676,-1119
107000043,1837,927,910
107000044,450,284,166
107000045,49,231,-182
107000046,654,377,277
107000047,437,721,-284
107000048,602,203,399
107000049,490,687,-197
107000050,947,455,492
107000051,221,250,-29
107000052,908,897,11
107000053,283,207,76
107000054,68,229,-161
107000055,352,131,221
107000056,399,608,-209
107000057,1099,220,879
107000058,1853,1986,-133
107000059,1589,2357,-768
107000060,3987,4252,-265
107000061,3807,2343,1464
107000062,4457,2446,2011
107000063,3574,3034,540
107000064,4053,2101,1952
107000065,2818,3001,-183
107000066,1447,2395,-948
107000067,936,1162,-226
107000068,1038,761,277
107000069,906,535,371
107000070,957,10,947
107000071,3212,44,3168
107000072,29,1714,-1685
107000073,774,401,373
107000074,130,667,-537
107000075,1796,442,1354
107000076,546,1033,-487
107000077,3385,1136,2249
107000078,2207,2048,159
107000079,2459,974,1485
107000080,927,1986,-1059
107000081,1932,576,1356
107000082,530,1085,-555
107000083,1227,444,783
107000084,280,956,-676
107000085,2331,2598,-267
107000086,2615,2418,197
107000087,2581,1747,834
107000088,2676,2687,-11
107000089,1364,1394,-30
107000090,1005,768,237
107000091,1245,778,467
107000092,688,703,-15
107000093,1103,667,436
107000094,782,834,-52
107000095,799,569,230
107000096,514,550,-36
107000097,673,243,430
107000098,490,408,82
107000099,402,248,154
107000100,172,202,-30
107000101,59,169,-110
107000102,211,235,-24
107000103,262,164,98
107000104,191,223,-32
107000105,404,123,281
107000106,175,188,-13
107000107,693,151,542
107000108,116,408,-292
107000109,536,142,394
107000110,37,274,-237
107000111,361,53,308
107000112,29,188,-159
107000113,644,118,526
107000114,77,315,-238
107000115,556,170,386
107000116,95,512,-417
107000117,121,644,-523
107000118,113,135,-22
107000119,1074,1390,-316
107000120,789,461,328
107000121,852,550,302
107000122,1102,599,503
107000123,445,448,-3
107000124,586,575,11
107000125,983,391,592
107000126,886,513,373
107000129,280,394,-114
107000130,649,227,422
107000131,377,348,29
107000132,513,300,213
107000133,458,82,376
107000134,281,3,278
107000135,0,253,-253
107000136,730,3,727
107000137,10,354,-344
107000138,231,33,198
107000139,12,373,-361
107000140,1656,117,1539
107000141,135,494,-359
107000142,432,105,327
107000143,52,468,-416
107000144,451,449,2
107000145,116,331,-215
107000146,180,261,-81
107000147,1987,640,1347
107000150,485,2424,-1939
107000151,26,91,-65
107000152,340,1318,-978
107000153,132,289,-157
107000154,145,197,-52
107000155,976,36,940
107000156,1117,13,1104
107000157,42,876,-834
107000158,719,18,701
107000159,38,603,-565
107000160,1155,129,1026
107000161,64,799,-735
107000162,211,441,-230
107000163,145,2,143
107000164,758,2,756
107000165,1180,11,1169
107000166,36,747,-711
107000167,627,166,461
107000168,898,480,418
107000169,574,571,3
107000170,2192,638,1554
107000171,540,1187,-647
107000172,1087,1224,-137
107000173,485,578,-93
107000174,933,4396,-3463
107000175,4155,975,3180
107000176,0,0,0
107000177,3,0,3
107000178,17,32,-15
107000179,277,1266,-989
107000180,1376,263,1113
107000181,458,703,-245
107000182,1780,690,1090
107000183,160,504,-344
107000184,1046,532,514
107000185,441,1012,-571
107000186,1183,317,866
107000187,1264,1015,249
107000188,608,411,197
107000189,525,858,-333
107000190,588,488,100
107000191,650,789,-139
107000192,1466,537,929
107000193,319,418,-99
107000194,648,480,168
107000197,920,257,663
107000198,289,530,-241
107000199,519,537,-18
107000200,513,537,-24
107000201,411,251,160
107000202,284,343,-59
107000203,696,705,-9
107000204,765,880,-115
107000205,1339,847,492
107000206,702,1266,-564
107000207,472,949,-477
107000208,639,533,106
107000209,1212,1113,99
107000210,390,201,189
107000211,4,43,-39
107000212,10,214,-204
107000213,3,18,-15
107000214,11,93,-82
107000215,417,193,224
107000216,462,263,199
107000217,151,86,65
107000219,105,155,-50
107000220,149,130,19
107000222,214,431,-217
107000224,464,106,358
107000225,333,249,84
107000226,513,110,403
107000227,109,113,-4
107000228,83,293,-210
107000229,107,112,-5
107000230,968,471,497
107000231,942,1453,-511
107000232,95,31,64
107000233,760,731,29
107000234,1,49,-48
107000235,69,14,55
107000236,14,393,-379
107000237,17,0,17
107000238,30,2,28
107000239,1852,435,1417
107000240,102,564,-462
107000243,0,38,-38
107000244,2,76,-74
107000246,8,930,-922
107000249,1,901,-900
107000251,1,204,-203
107000252,3,651,-648
107000255,343,88,255
107000257,0,260,-260
107000258,0,87,-87
107000259,4,108,-104
107000260,660,17,643
107000262,7,277,-270
107000263,253,7,246
107000266,6,19,-13
107000267,68,77,-9
107000268,93,83,10
107000269,681,46,635
107000270,15,22,-7
107000271,20,361,-341
107000272,41,93,-52
107000273,8,133,-125
107000274,1109,243,866
107000275,29,912,-883
107000280,874,18,856
107000281,35,561,-526
107000282,60,433,-373
107000290,5,20,-15
107000291,24,2,22
107000292,1,64,-63
107000293,25,5,20
107000294,0,36,-36
107000295,70,2,68
107000296,0,12,-12
107000444,231,6,225
107000496,4,13,-9
107000497,1145,1393,-248
107000500,321,221,100
107000501,115,122,-7
107000502,157,235,-78
107000505,234,623,-389
107000506,1,16,-15
107000508,2,373,-371
107000509,193,637,-444
107000510,19,22,-3
107000514,60,228,-168
107000515,9,95,-86
107000516,462,234,228
107000518,886,1395,-509
107000519,995,608,387
107000520,79,28,51
107000521,541,225,316
107000522,848,383,465
107900001,70,85,-15
107900002,44,7,37
107900003,162,8,154
107900004,42,0,42
107900005,1388,9,1379
107900006,172,0,172
107900007,301,51,250
107900008,62,5,57
107900009,143,11,132
107900010,49,13,36
107900012,274,38,236
107900013,150,19,131
107900014,33,4,29
107900015,990,12,978
107900016,314,66,248
107900017,17,0,17
107900018,58,160,-102
107900019,25,16,9
107900020,51,12,39
107900021,75,86,-11
107900023,1,4,-3
107900024,0,20,-20
107900025,202,180,22
107900026,63,39,24
107900027,12,22,-10
107900028,93,49,44
107900030,170,32,138
107900031,57,56,1
107900032,32,5,27
107900033,25,11,14
107900034,314,21,293
107900035,797,61,736
107900036,51,23,28
107900037,1,28,-27
107900038,79,211,-132
107900039,40,43,-3
107900040,41,147,-106
107900041,4,0,4
107900043,80,76,4
107900044,6,7,-1
107900045,122,54,68
107900046,149,162,-13
107900047,52,45,7
107900048,152,13,139
107900049,188,773,-585
107900050,68,204,-136
107900051,81,49,32
107900052,19,41,-22
107900053,73,43,30
107900055,587,231,356
107900056,117,77,40
107900057,3,1,2
107900058,31,331,-300
107900060,62,35,27
107900061,20,8,12
107900063,78,116,-38
107900064,281,174,107
107900065,221,13,208
107900066,15,7,8
107900067,1,0,1
107900068,101,397,-296
107900069,25,1907,-1882
107900070,122,61,61
107900071,19,352,-333
107900072,88,93,-5
107900073,117,48,69
107900074,440,277,163
107900076,161,33,128
107900077,82,0,82
107900078,200,38,162
107900079,4,22,-18
107900080,149,426,-277
107900081,37,63,-26
107900082,18,14,4
107900083,305,141,164
107900084,96,142,-46
107900086,48,139,-91
107900087,328,127,201
107900088,41,5,36
107900089,175,813,-638
107900090,451,2276,-1825
107900091,161,296,-135
107900092,1185,266,919
107900093,64,59,5
107900095,2144,1663,481
107900097,23,46,-23
107900098,54,161,-107
107900100,705,1288,-583
107900101,607,143,464
107900102,30,5,25
107900103,40,137,-97
107900104,159,2,157
107900105,25,195,-170
107900106,16,630,-614
107900107,980,429,551
107900108,212,119,93
107900109,1521,39,1482
107900110,55,39,16
107900111,5,421,-416
107900112,86,327,-241
107900113,215,47,168
107900114,177,87,90
107900115,3,27,-24
107900116,175,82,93
107900117,238,223,15
107900118,46,112,-66
107900119,78,194,-116
107900120,34,27,7
107900121,0,122,-122
107900122,1,81,-80
107900123,2,35,-33
107900124,11,27,-16
107900125,23,164,-141
107900126,8,56,-48
107900127,358,272,86
107900128,73,70,3
107900129,71,24,47
107900130,68,11,57
107900131,314,242,72
107900132,84,178,-94
107900133,0,72,-72
107900134,29,75,-46
107900135,4,96,-92
107900136,25,37,-12
107900137,101,105,-4
107900138,64,30,34
107900139,40,49,-9
107900141,43,33,10
107900142,76,406,-330
107900143,50,15,35
107900144,2,97,-95
107900145,11,65,-54
107900146,32,154,-122
107900147,49,27,22
107900148,155,87,68
107900149,612,121,491
107900150,37,328,-291
107900151,30,54,-24
107900152,9,102,-93
107900153,104,243,-139
107900154,60,19,41
107900155,112,60,52
107900156,3,181,-178
107900157,39,30,9
107900158,759,28,731
107900159,22,457,-435
107900160,107,113,-6
107900161,45,101,-56
107900162,0,37,-37
107900163,51,22,29
107900164,15,34,-19
107900165,18,109,-91
107900166,19,92,-73
107900167,40,21,19
107900168,43,39,4
107900169,3,102,-99
107900171,5,695,-690
107900172,1,225,-224
107900173,13,83,-70
107900174,134,5,129
107900175,22,28,-6
107900176,24,42,-18
107900177,0,115,-115
107900178,0,93,-93
107900179,39,87,-48
107900180,451,674,-223
107900181,273,230,43
107900182,0,604,-604
107900183,72,154,-82
107900184,93,173,-80
107900185,141,2,139
107900186,29,32,-3
107900187,3,70,-67
107900188,391,113,278
107900189,8,92,-84
107900190,35,105,-70
107900191,62,70,-8
107900193,1,52,-51
107900194,194,8,186
107900195,1228,250,978
107900196,52,66,-14
107900197,441,304,137
107900199,2,513,-511
107900201,79,52,27
107900203,17,42,-25
107900204,142,156,-14
107900205,190,295,-105
107900206,628,195,433
107900207,9,307,-298
107900208,14,282,-268
107900209,306,132,174
107900210,43,80,-37
107900213,439,369,70
107900214,15,72,-57
107900215,105,337,-232
107900216,136,64,72
107900217,14,102,-88
107900218,10,1123,-1113
107900219,27,70,-43
107900220,133,217,-84
107900221,115,164,-49
107900223,94,303,-209
107900224,124,346,-222
107900225,10,341,-331
107900226,78,75,3
107900227,99,241,-142
107900228,19,85,-66
107900229,0,149,-149
107900230,12,62,-50
107900231,12,149,-137
107900232,69,77,-8
107900233,3,67,-64
107900234,119,65,54
107900235,21,58,-37
107900236,98,40,58
107900237,41,266,-225
107900238,24,78,-54
107900239,507,446,61
107900240,32,61,-29
107900241,14,36,-22
107900242,18,110,-92
107900243,1,31,-30
107900244,253,6,247
107900245,660,29,631
107900246,391,10,381
107900248,574,271,303
107900249,720,25,695
107900250,2,269,-267
107900251,74,793,-719
107900252,884,26,858
107900253,155,12,143
107900254,37,164,-127
107900255,175,61,114
107900256,579,952,-373
107900257,189,119,70
107900258,91,132,-41
107900259,46,1919,-1873
107900261,7,216,-209
107900262,44,69,-25
107900264,158,3,155
107900265,81,76,5
107900267,291,11,280
107900268,26,9,17
107900269,0,5,-5
107900270,0,0,0
107900271,3,23,-20
107900272,71,35,36
107900273,62,70,-8
107900274,76,0,76
107900275,12,0,12
107900276,1,76,-75
107900277,0,161,-161
107900278,286,220,66
107900279,68,162,-94
107900280,1416,1347,69
107900281,678,2624,-1946
107900282,28,404,-376
107900283,594,471,123
107900284,487,384,103
107900285,132,36,96
107900286,114,69,45
107900287,221,124,97
107900290,0,120,-120
107900291,423,17,406
107900292,143,97,46
107900293,89,216,-127
107900295,36,53,-17
107900297,2,274,-272
107900298,551,501,50
107900299,1787,2283,-496
107900300,92,320,-228
107900301,737,679,58
107900302,112,31,81
107900303,222,234,-12
107900304,325,260,65
107900305,254,10,244
107900306,12,31,-19
107900307,48,170,-122
107900308,158,127,31
107900309,62,0,62
107900310,431,3,428
107900311,5,304,-299
107900312,69,3,66
107900313,1,98,-97
107900314,2,22,-20
107900315,0,34,-34
107900316,66,3,63
107900317,73,14,59
107900318,5,92,-87
107900319,4,84,-80
107900320,0,81,-81
107900321,158,1,157
107900322,0,55,-55
107900323,9,99,-90
107900324,146,1,145
107900325,119,0,119
107900326,255,115,140
107900327,1,56,-55
107900328,49,0,49
107900329,65,61,4
107900330,8,155,-147
107900331,257,12,245
107900332,293,18,275
107900333,55,13,42
107900334,6,105,-99
107900335,96,39,57
107900336,44,58,-14
107900337,595,809,-214
107900338,3,112,-109
107900339,0,12,-12
107900340,1,33,-32
107900341,59,2,57
107900342,105,66,39
107900343,58,1,57
107900344,4,43,-39
107900345,66,28,38
107900346,22,0,22
107900347,7,1,6
107900348,2,0,2
107900349,8,6,2
107900350,16,147,-131
107900351,0,97,-97
107900352,1,14,-13
107900353,10,7,3
107900354,7,20,-13
108000001,2839,3198,-359
108000002,1479,1702,-223
108000003,3097,2924,173
108000004,8831,10134,-1303
108000005,6581,5275,1306
108000006,5444,5126,318
108000007,4553,3357,1196
108000008,3161,4006,-845
108000009,3265,3826,-561
108000010,2099,3037,-938
108000011,10405,10286,119
108000012,11235,10488,747
108000014,544,766,-222
108000015,702,234,468
108000016,321,629,-308
108000017,1018,341,677
108000018,1963,646,1317
108000019,1551,842,709
108000020,1163,485,678
108000021,365,1292,-927
108000022,419,984,-565
108000023,1145,227,918
108000024,187,366,-179
108000025,280,257,23
108000026,709,328,381
108000027,773,378,395
108000028,606,219,387
108000029,490,387,103
108000030,497,194,303
108000031,170,428,-258
108000032,1471,642,829
108000033,672,667,5
108000034,1391,408,983
108000035,559,1439,-880
108000036,352,701,-349
108000037,1658,400,1258
108000038,2413,572,1841
108000039,392,1245,-853
108000040,1820,811,1009
108000041,617,1538,-921
108000042,367,172,195
108000043,277,175,102
108000044,566,170,396
108000045,297,261,36
108000046,1396,306,1090
108000047,361,609,-248
108000048,193,222,-29
108000049,1029,241,788
108000050,72,239,-167
108000051,336,144,192
108000052,181,456,-275
108000053,377,222,155
108000054,360,829,-469
108000055,951,564,387
108000056,653,948,-295
108000057,545,1115,-570
108000058,1793,3154,-1361
108000059,2265,1527,738
108000060,213,359,-146
108000061,117,214,-97
108000062,845,436,409
108000063,428,323,105
108000064,236,207,29
108000065,467,279,188
108000066,1341,647,694
108000067,1742,620,1122
108000068,658,276,382
108000069,182,639,-457
108000070,1794,614,1180
108000071,547,1012,-465
108000072,1547,850,697
108000073,1112,1087,25
108000074,647,346,301
108000075,320,518,-198
108000076,854,514,340
108000077,466,364,102
108000078,2433,958,1475
108000079,800,932,-132
108000080,1295,450,845
108000081,504,940,-436
108000082,797,1146,-349
108000083,1849,832,1017
108000084,347,722,-375
108000085,800,407,393
108000086,570,458,112
108000087,136,1916,-1780
108000088,182,10,172
108000089,289,329,-40
108000090,382,133,249
108000091,172,406,-234
108000092,132,64,68
108000093,188,274,-86
108000094,599,88,511
108000095,195,225,-30
108000096,308,185,123
108000097,135,236,-101
108000098,1721,934,787
108000099,229,61,168
108000100,75,167,-92
108000101,1382,1342,40
108000102,1352,2679,-1327
108000106,715,4,711
108000107,1,564,-563
108000108,598,46,552
108000109,16,592,-576
108000110,202,292,-90
108000111,142,437,-295
108000112,43,127,-84
108000113,388,168,220
108000115,294,230,64
108000117,558,307,251
108000118,64,233,-169
108000119,438,237,201
108000120,121,652,-531
108000121,143,303,-160
108000122,574,267,307
108000123,857,178,679
108000124,447,379,68
108000125,437,203,234
108000126,156,280,-124
108000127,440,222,218
108000128,642,346,296
108000129,320,600,-280
108000130,444,174,270
108000131,833,409,424
108000132,1602,830,772
108000133,980,433,547
108000134,515,366,149
108000135,1038,434,604
108000136,212,577,-365
108000137,397,203,194
108000138,358,627,-269
108000139,466,236,230
108000140,106,29,77
108000141,22,33,-11
108000142,35,24,11
108000143,29,11,18
108000144,48,13,35
108000145,45,9,36
108000146,64,5,59
108000147,26,10,16
108000148,64,12,52
108000149,20,3,17
108000150,27,4,23
108000151,9,7,2
108000152,114,294,-180
108000153,597,129,468
108000154,53,2,51
108000155,30,25,5
108000156,225,89,136
108000157,144,1005,-861
108000158,42,816,-774
108000159,315,158,157
108000160,1762,1042,720
108000161,1606,2255,-649
108000165,2,189,-187
108000172,2,209,-207
108000173,954,1878,-924
108000175,580,115,465
108000178,356,243,113
108000179,125,752,-627
108000181,70,20,50
108000182,97,21,76
108000183,7,11,-4
108000184,631,2243,-1612
108000185,177,268,-91
108000186,225,34,191
108000187,144,319,-175
108000188,681,172,509
108000189,440,948,-508
108000190,46,128,-82
108000192,187,362,-175
108000193,659,34,625
108000194,18,10,8
108000195,2,600,-598
108000196,358,104,254
108000198,461,197,264
108000199,0,185,-185
108000200,471,292,179
108000203,152,413,-261
108000204,110,65,45
108000205,155,293,-138
108000339,817,239,578
108000364,122,227,-105
108000365,67,254,-187
108000367,106,239,-133
108000368,10,34,-24
108000369,504,198,306
108000371,1,443,-442
108000372,597,4,593
108000373,172,135,37
108000376,104,32,72
108000377,470,155,315
108000378,7868,9226,-1358
108000379,16,193,-177
108000381,65,15,50
108000382,95,1,94
108000383,1,137,-136
108900001,63,584,-521
108900002,167,42,125
108900003,262,453,-191
108900004,94,323,-229
108900005,58,394,-336
108900006,592,145,447
108900007,325,185,140
108900008,143,140,3
108900009,106,121,-15
108900010,282,167,115
108900011,674,431,243
108900012,362,350,12
108900013,212,197,15
108900014,18,84,-66
108900015,0,95,-95
108900016,2,188,-186
108900017,222,362,-140
108900018,178,289,-111
108900019,24,382,-358
108900020,68,165,-97
108900021,149,186,-37
108900022,191,9,182
108900023,17,28,-11
108900024,42,60,-18
108900025,127,87,40
108900026,24,83,-59
108900027,1,54,-53
108900028,131,188,-57
108900029,59,166,-107
108900030,0,53,-53
108900031,158,247,-89
108900032,6,160,-154
108900033,0,72,-72
108900034,0,86,-86
108900035,217,720,-503
108900036,192,209,-17
108900037,48,241,-193
108900038,0,191,-191
108900039,1,225,-224
108900040,7,48,-41
108900041,3753,2893,860
108900042,13,365,-352
108900043,47,376,-329
108900044,4,278,-274
108900045,65,261,-196
108900046,39,402,-363
108900047,0,121,-121
108900048,107,566,-459
108900049,1545,1388,157
108900050,0,155,-155
108900051,0,87,-87
108900052,30,119,-89
108900053,64,197,-133
108900054,95,150,-55
108900055,39,274,-235
108900056,0,81,-81
108900057,1,106,-105
108900058,27,218,-191
108900059,557,42,515
108900060,89,130,-41
108900061,67,24,43
108900062,5,145,-140
108900063,19,168,-149
108900064,229,38,191
108900065,14,124,-110
108900066,385,122,263
108900067,12,113,-101
108900068,4,83,-79
108900069,63,40,23
108900070,25,59,-34
108900071,112,56,56
108900072,1294,396,898
108900073,38,216,-178
108900074,240,185,55
108900075,47,26,21
108900076,367,88,279
108900077,97,317,-220
108900078,33,87,-54
108900079,633,150,483
108900080,12,660,-648
108900081,65,180,-115
108900082,95,72,23
108900083,16,243,-227
108900084,279,89,190
108900085,1353,139,1214
108900086,129,180,-51
108900087,76,111,-35
108900088,932,337,595
108900089,28,109,-81
108900090,65,154,-89
108900091,122,51,71
108900092,486,280,206
108900093,97,84,13
108900094,195,87,108
108900095,28,199,-171
108900096,283,4,279
108900097,248,168,80
108900098,1290,674,616
108900099,372,148,224
108900100,92,107,-15
108900101,198,195,3
108900102,84,907,-823
108900103,105,117,-12
108900104,102,274,-172
108900105,5,1208,-1203
108900106,586,226,360
108900108,207,27,180
108900109,392,62,330
108900110,245,245,0
108900111,444,308,136
108900112,253,16,237
108900113,28,73,-45
108900114,51,7,44
108900115,96,62,34
108900116,59,12,47
108900117,215,21,194
108900118,529,14,515
108900119,265,28,237
108900120,334,176,158
108900121,266,103,163
108900122,141,24,117
108900123,140,113,27
108900124,420,136,284
108900125,410,12,398
108900126,112,47,65
108900127,177,21,156
108900128,136,39,97
108900129,873,119,754
108900130,377,7,370
108900131,411,12,399
108900132,494,37,457
108900133,271,74,197
108900134,403,189,214
108900135,129,11,118
108900136,50,4,46
108900137,188,2,186
108900138,871,92,779
108900139,525,88,437
108900140,340,178,162
108900141,357,45,312
108900142,79,6,73
108900143,90,2,88
108900144,145,0,145
108900145,228,19,209
108900146,69,1,68
108900147,306,1,305
108900148,60,24,36
108900149,361,202,159
108900150,214,14,200
108900151,88,31,57
108900152,332,15,317
108900153,206,223,-17
108900154,4162,412,3750
108900155,245,62,183
108900156,91,15,76
108900157,19,368,-349
108900158,416,15,401
108900159,5,166,-161
108900160,10,155,-145
108900161,4,253,-249
108900162,133,5,128
108900163,9,266,-257
108900164,65,50,15
108900165,144,77,67
108900167,886,6802,-5916
108900168,4826,2069,2757
108900169,73,101,-28
108900171,3762,2655,1107
108900172,188,36,152
108900173,111,268,-157
108900174,841,528,313
108900176,120,336,-216
108900177,2969,4655,-1686
108900178,2378,3280,-902
108900179,387,1634,-1247
108900180,146,263,-117
108900182,48,323,-275
108900183,276,159,117
108900184,523,205,318
108900185,105,262,-157
108900186,70,292,-222
108900187,389,42,347
108900188,647,37,610
108900189,299,127,172
108900190,37,1619,-1582
108900191,155,40,115
108900192,111,198,-87
108900193,83,46,37
108900194,12,205,-193
108900195,129,183,-54
108900196,51,204,-153
108900198,3,303,-300
108900199,246,295,-49
108900200,523,320,203
108900201,418,1061,-643
108900203,422,135,287
108900204,289,20,269
108900205,181,32,149
108900206,527,89,438
108900207,196,87,109
108900208,10,215,-205
108900209,164,331,-167
108900210,244,150,94
108900211,152,483,-331
108900212,426,1155,-729
108900215,65,252,-187
108900216,292,210,82
108900217,90,2,88
108900218,86,27,59
108900219,61,3,58
108900220,47,15,32
108900221,31,186,-155
108900222,244,13,231
108900223,7,133,-126
108900224,21,118,-97
108900225,1,120,-119
108900226,28,0,28
108900227,119,315,-196
108900230,142,206,-64
108900231,23,131,-108
108900232,3,160,-157
108900233,324,74,250
108900234,281,103,178
108900235,157,375,-218
108900236,42,197,-155
108900237,69,119,-50
108900240,127,66,61
108900241,36,44,-8
108900245,12,1355,-1343
108900249,143,24,119
108900250,222,102,120
108900257,234,258,-24
108900258,12,121,-109
108900259,83,49,34
108900260,7,45,-38
108900261,63,77,-14
108900262,108,126,-18
108900263,36,121,-85
108900264,372,193,179
108900265,523,423,100
108900266,476,658,-182
108900267,4,159,-155
108900268,12,17,-5
108900269,85,41,44
108900270,118,20,98
108900271,46,30,16
108900272,264,29,235
108900273,511,673,-162
108900274,61,34,27
109000001,1921,1669,252
109000002,917,1549,-632
109000003,2281,341,1940
109000004,494,1536,-1042
109000005,1867,486,1381
109000006,553,1498,-945
109000007,1404,467,937
109000008,483,1263,-780
109000009,3615,1075,2540
109000010,1057,2527,-1470
109000011,3201,1463,1738
109000012,1452,2085,-633
109000013,3501,2600,901
109000014,1543,1879,-336
109000015,3157,6827,-3670
109000016,3929,2320,1609
109000017,2363,1024,1339
109000018,782,1804,-1022
109000019,2267,1155,1112
109000020,856,1253,-397
109000023,198,23,175
109000024,7,156,-149
109000025,280,419,-139
109000026,450,255,195
109000027,98,279,-181
109000028,110,52,58
109000029,82,154,-72
109000030,45,300,-255
109000031,205,126,79
109000032,137,345,-208
109000033,290,166,124
109000034,52,34,18
109000035,6,40,-34
109000036,67,247,-180
109000037,241,1422,-1181
109000038,319,332,-13
109000039,903,623,280
109000040,2808,8852,-6044
109000041,1546,1648,-102
109000042,432,1096,-664
109000044,371,45,326
109000045,87,254,-167
109000046,359,63,296
109000047,58,316,-258
109000048,650,199,451
109000049,197,430,-233
109000050,334,184,150
109000051,229,179,50
109000052,526,559,-33
109000053,210,56,154
109000054,270,286,-16
109000055,222,195,27
109000056,311,326,-15
109000057,669,386,283
109000058,665,193,472
109000059,530,1059,-529
109000060,292,291,1
109000061,529,972,-443
109000062,115,303,-188
109000063,201,128,73
109000064,406,137,269
109000065,116,139,-23
109000066,409,69,340
109000067,61,182,-121
109000068,1199,16,1183
109000069,621,23,598
109000070,7,1369,-1362
109000071,340,71,269
109000072,82,272,-190
109000073,48,70,-22
109000074,30,148,-118
109000075,55,251,-196
109000076,147,197,-50
109000077,333,185,148
109000078,124,143,-19
109000079,143,119,24
109000080,238,72,166
109000081,132,285,-153
109000082,650,145,505
109000083,231,374,-143
109000088,139,352,-213
109000089,257,49,208
109000090,142,279,-137
109000091,272,230,42
109000092,259,328,-69
109000093,242,205,37
109000094,628,1,627
109000095,91,268,-177
109000096,649,225,424
109000097,80,129,-49
109000098,41,91,-50
109000099,762,274,488
109000100,242,517,-275
109000101,1435,599,836
109000102,367,613,-246
109000103,464,424,40
109000104,1648,479,1169
109000105,458,843,-385
109000106,1749,749,1000
109000107,544,1422,-878
109000108,1652,537,1115
109000109,479,1199,-720
109000110,1019,521,498
109000111,668,1395,-727
109000112,287,105,182
109000113,392,173,219
109000114,147,304,-157
109000115,868,31,837
109000116,6,194,-188
109000117,272,36,236
109000118,13,223,-210
109000119,1203,160,1043
109000120,125,536,-411
109000121,511,35,476
109000122,145,455,-310
109000123,32,36,-4
109000124,632,263,369
109000125,773,249,524
109000126,390,527,-137
109000127,1012,186,826
109000128,432,776,-344
109000129,2259,707,1552
109000130,537,923,-386
109000131,792,461,331
109000132,590,1053,-463
109000133,328,708,-380
109000134,731,1023,-292
109000135,898,1155,-257
109000136,252,249,3
109000137,244,337,-93
109000138,483,195,288
109000139,430,273,157
109000140,188,216,-28
109000141,486,359,127
109000142,139,347,-208
109000143,74,64,10
109000145,105,187,-82
109000146,32,75,-43
109000148,2314,1704,610
109000149,7,55,-48
109000150,45,275,-230
109000155,844,537,307
109000156,693,464,229
109000158,67,180,-113
109000159,62,300,-238
109000160,1014,161,853
109000161,310,657,-347
109000162,1873,638,1235
109000163,1031,1263,-232
109000164,1155,1748,-593
109000165,1211,382,829
109000166,745,116,629
109000167,125,313,-188
109000170,45,37,8
109000171,65,38,27
109000172,53,65,-12
109000173,15,89,-74
109000174,85,24,61
109000175,48,60,-12
109000176,287,204,83
109000177,53,85,-32
109000178,1240,314,926
109000179,3078,4726,-1648
109000180,3493,2970,523
109000181,16,12,4
109000182,39,29,10
109000183,37,11,26
109000184,30,18,12
109000185,19,24,-5
109000188,468,1141,-673
109000189,2321,645,1676
109000190,682,400,282
109000191,378,289,89
109000192,439,196,243
109000193,208,172,36
109000194,274,87,187
109000195,162,220,-58
109000196,274,108,166
109000197,172,227,-55
109000198,407,67,340
109000199,120,290,-170
109000206,161,37,124
109000207,114,34,80
109000208,66,82,-16
109000209,137,82,55
109000210,151,322,-171
109000211,629,360,269
109000214,304,189,115
109000215,146,52,94
109000216,276,213,63
109000217,193,167,26
109000218,357,163,194
109000221,388,674,-286
109000222,795,214,581
109000223,327,296,31
109000224,48,81,-33
109000225,82,29,53
109000226,31,115,-84
109000227,1184,628,556
109000228,2,1113,-1111
109000231,2,182,-180
109000232,353,217,136
109000236,277,531,-254
109000241,1854,1453,401
109000242,1629,887,742
109000293,16,53,-37
109000361,92,168,-76
109000364,192,442,-250
109000396,5,322,-317
109000397,562,6,556
109000399,126,280,-154
109000400,54,218,-164
109000403,72,751,-679
109000406,250,8,242
109000407,251,151,100
109000408,0,219,-219
109000410,848,187,661
109000411,193,18,175
109900001,101,1,100
109900002,694,14,680
109900003,244,0,244
109900004,654,88,566
109900005,22,3,19
109900006,418,99,319
109900007,809,238,571
109900008,0,22,-22
109900009,96,310,-214
109900010,465,12,453
109900011,61,39,22
109900012,286,162,124
109900013,319,156,163
109900014,346,44,302
109900015,388,179,209
109900016,160,13,147
109900017,182,196,-14
109900018,195,50,145
109900019,274,27,247
109900020,45,59,-14
109900021,32,22,10
109900022,139,161,-22
109900023,20,6,14
109900024,40,3,37
109900025,18,36,-18
109900026,2,111,-109
109900027,40,29,11
109900028,618,1122,-504
109900029,0,155,-155
109900030,31,17,14
109900031,0,106,-106
109900032,10,242,-232
109900033,3,343,-340
109900034,43,2,41
109900035,10,27,-17
109900036,32,39,-7
109900037,40,283,-243
109900038,79,176,-97
109900039,9,0,9
109900040,18,282,-264
109900041,59,197,-138
109900042,23,338,-315
109900044,101,164,-63
109900045,147,59,88
109900046,26,45,-19
109900047,252,250,2
109900048,6,78,-72
109900049,14,30,-16
109900050,2,95,-93
109900051,0,21,-21
109900052,98,242,-144
109900053,2,150,-148
109900054,705,208,497
109900055,54,201,-147
109900056,15,211,-196
109900057,2,111,-109
109900058,0,64,-64
109900059,767,108,659
109900060,489,94,395
109900061,42,185,-143
109900062,0,94,-94
109900063,15,311,-296
109900064,465,184,281
109900065,53,128,-75
109900066,221,515,-294
109900067,0,115,-115
109900068,54,4,50
109900069,3,37,-34
109900070,23,235,-212
109900071,6,20,-14
109900072,10,112,-102
109900073,389,289,100
109900074,7,23,-16
109900075,28,16,12
109900076,9,121,-112
109900077,33,43,-10
109900078,76,170,-94
109900080,116,241,-125
109900081,23,178,-155
109900082,34,214,-180
109900083,17,55,-38
109900084,58,88,-30
109900085,192,441,-249
109900086,125,378,-253
109900087,216,374,-158
109900089,579,159,420
109900090,388,730,-342
109900091,397,78,319
109900092,364,7,357
109900093,941,145,796
109900094,50,62,-12
109900095,99,191,-92
109900096,28,1,27
109900097,124,5,119
109900098,483,31,452
109900099,187,0,187
109900100,42,0,42
109900101,597,10,587
109900102,359,15,344
109900103,23,24,-1
109900104,630,368,262
109900105,495,20,475
109900106,399,27,372
109900107,503,71,432
109900108,94,177,-83
109900109,47,98,-51
109900110,54,207,-153
109900111,242,599,-357
109900112,302,305,-3
109900113,732,457,275
109900114,815,636,179
109900115,167,68,99
109900117,1137,92,1045
109900118,169,316,-147
109900119,492,223,269
109900120,83,22,61
109900121,291,394,-103
109900122,462,9,453
109900123,13,109,-96
109900124,44,262,-218
109900125,1,94,-93
109900126,367,75,292
109900128,286,41,245
109900130,3936,2466,1470
109900131,44,124,-80
109900132,14,86,-72
109900133,76,160,-84
109900134,49,68,-19
109900135,222,40,182
109900136,30,104,-74
109900137,125,218,-93
109900140,184,135,49
109900142,1167,182,985
109900145,11,384,-373
109900146,289,20,269
109900148,37,58,-21
109900149,29,47,-18
109900150,7,66,-59
109900151,3,66,-63
109900152,0,37,-37
109900153,0,54,-54
109900154,36,0,36
109900155,44,23,21
109900157,70,174,-104
109900158,48,113,-65
109900159,96,33,63
109900160,149,40,109
109900161,200,77,123
109900162,197,91,106
109900163,452,240,212
109900164,69,209,-140
109900165,278,6,272
109900166,2,108,-106
109900167,138,331,-193
109900168,198,441,-243
109900169,197,137,60
109900170,177,879,-702
109900171,180,89,91
109900172,302,225,77
109900173,1628,2131,-503
109900174,50,58,-8
109900175,63,56,7
109900176,123,123,0
109900177,48,152,-104
109900178,5,89,-84
109900179,29,13,16
109900180,1,11,-10
110000001,738,371,367
110000002,508,607,-99
110000003,593,551,42
110000004,433,584,-151
110000005,299,1254,-955
110000006,201,263,-62
110000007,115,73,42
110000008,22,61,-39
110000009,38,21,17
110000010,30,38,-8
110000011,59,42,17
110000012,394,227,167
110000013,32,385,-353
110000014,433,345,88
110000015,189,478,-289
110000016,169,1263,-1094
110000017,2016,195,1821
110000018,1747,263,1484
110000019,11,62,-51
110000020,330,170,160
110000021,290,367,-77
110000022,920,185,735
110000023,8,100,-92
110000024,581,311,270
110000025,425,7,418
110000026,13,168,-155
110000027,601,591,10
110000028,798,485,313
110000029,523,457,66
110000030,199,320,-121
110000031,252,318,-66
110000032,693,241,452
110000033,228,101,127
110000034,412,465,-53
110000035,827,315,512
110000036,865,462,403
110000037,212,346,-134
110000038,222,522,-300
110000039,560,2733,-2173
110000040,276,245,31
110000041,254,1413,-1159
110000042,100,277,-177
110000043,689,266,423
110000044,79,369,-290
110000045,423,89,334
110000046,3,36,-33
110000047,27,39,-12
110000048,10,13,-3
110000049,23,6,17
110000050,8,73,-65
110000051,22,11,11
110000052,29,8,21
110000053,123,24,99
110000054,136,298,-162
110000055,411,59,352
110000056,158,90,68
110000057,341,453,-112
110000058,1048,339,709
110000059,875,366,509
110000060,812,872,-60
110000061,767,552,215
110000062,584,695,-111
110000063,46,100,-54
110000064,103,51,52
110000065,55,74,-19
110000066,47,29,18
110000067,83,107,-24
110000068,321,75,246
110000069,344,50,294
110000071,192,78,114
110000073,14,11,3
110000075,7,57,-50
110000076,271,264,7
110000077,269,826,-557
110000078,39,38,1
110000080,245,513,-268
110000081,54,225,-171
110000082,69,313,-244
110000083,188,435,-247
110000084,1214,807,407
110000085,1166,1265,-99
110000086,935,2116,-1181
110000087,12,49,-37
110000088,78,189,-111
110000089,222,61,161
110000090,96,228,-132
110000091,738,213,525
110000092,29,33,-4
110000093,46,7,39
110000094,431,154,277
110000095,121,525,-404
110000096,1314,1544,-230
110000097,952,1113,-161
110000098,1829,542,1287
110000099,666,1351,-685
110000100,1104,326,778
110000101,28,232,-204
110000102,78,19,59
110000104,377,113,264
110000105,58,198,-140
110000106,591,392,199
110000107,208,221,-13
110000108,94,73,21
110000109,258,167,91
110000110,1851,4270,-2419
110000111,3974,2493,1481
110000112,754,1209,-455
110000113,254,2076,-1822
110000114,212,587,-375
110000115,333,243,90
110000116,43,41,2
110000117,227,159,68
110000118,432,110,322
110000119,264,159,105
110000120,266,124,142
110000121,60,294,-234
110000122,322,438,-116
110000123,550,569,-19
110000124,4,648,-644
110000125,897,8,889
110000126,289,15,274
110000127,1045,54,991
110000128,36,891,-855
110000129,4,392,-388
110000130,276,199,77
110000131,68,239,-171
110000132,1,402,-401
110000133,30,331,-301
110000134,13,325,-312
110000135,155,31,124
110000136,56,205,-149
110000137,491,379,112
110000138,748,407,341
110000139,933,678,255
110000140,878,662,216
110000143,501,321,180
110000144,3734,1495,2239
110000145,1577,834,743
110000146,1629,589,1040
110000147,365,550,-185
110000148,429,179,250
110000151,642,737,-95
110000152,599,359,240
110000153,151,22,129
110000154,32,27,5
110000155,1274,3404,-2130
110000156,886,2008,-1122
110000157,1414,1642,-228
110000160,399,202,197
110000161,194,177,17
110000166,552,120,432
110000167,887,496,391
110000168,1028,497,531
110000169,811,343,468
110000170,121,66,55
110000171,622,130,492
110000172,126,582,-456
110000173,777,734,43
110000174,109,483,-374
110000175,619,74,545
110000176,88,346,-258
110000177,180,788,-608
110000178,346,1379,-1033
110000179,730,269,461
110000180,170,172,-2
110000181,416,349,67
110000182,280,98,182
110000183,5352,5648,-296
110000184,299,1964,-1665
110000185,593,556,37
110000186,566,611,-45
110000191,1156,235,921
110000192,600,16,584
110000193,1163,10,1153
110000194,6,620,-614
110000195,421,229,192
110000196,446,221,225
110000197,110,116,-6
110000198,168,33,135
110000199,78,120,-42
110000200,967,377,590
110000201,1031,963,68
110000202,1088,485,603
110000203,535,562,-27
110000204,3,139,-136
110000205,144,30,114
110000206,468,746,-278
110000207,1114,318,796
110000208,176,154,22
110000209,118,575,-457
110000210,1279,406,873
110000211,737,506,231
110000212,384,827,-443
110000213,272,39,233
110000214,307,92,215
110000215,153,199,-46
110000216,79,200,-121
110000217,317,79,238
110000218,147,194,-47
110000219,359,62,297
110000220,60,168,-108
110000221,330,50,280
110000222,46,144,-98
110000223,6,98,-92
110000224,16,3,13
110000225,186,525,-339
110000226,270,40,230
110000227,557,618,-61
110000228,187,68,119
110000229,0,187,-187
110000230,507,446,61
110000231,141,170,-29
110000232,294,139,155
110000233,256,214,42
110000234,508,546,-38
110000235,720,807,-87
110000236,557,445,112
110000237,1738,1007,731
110000238,1028,1022,6
110000239,1782,839,943
110000240,0,33,-33
110000242,0,8,-8
110000243,131,91,40
110000244,95,254,-159
110000245,24,248,-224
110000246,838,332,506
110000247,1111,4107,-2996
110000248,1773,1322,451
110000249,74,9,65
110000250,48,170,-122
110000251,348,462,-114
110000252,220,133,87
110000253,1340,568,772
110000254,601,857,-256
110000255,143,788,-645
110000256,392,277,115
110000257,495,369,126
110000258,2,384,-382
110000259,172,25,147
110000260,45,162,-117
110000263,433,76,357
110000264,258,260,-2
110000265,1073,1492,-419
110000266,1119,2255,-1136
110000267,30,149,-119
110000268,248,305,-57
110000269,2,58,-56
110000270,46,2,44
110000271,953,192,761
110000272,992,755,237
110000273,2144,1261,883
110000274,209,1489,-1280
110000275,1587,593,994
110000276,241,334,-93
110000277,346,353,-7
110000278,320,566,-246
110000279,721,740,-19
110000280,530,350,180
110000281,38,324,-286
110000282,207,12,195
110000283,34,82,-48
110000284,32,29,3
110000285,2,532,-530
110000286,13,0,13
110000287,59,1,58
110000288,12,73,-61
110000289,399,1720,-1321
110000290,523,528,-5
110000291,3771,1034,2737
110000292,1209,4431,-3222
110000293,667,421,246
110000294,916,944,-28
110000295,108,625,-517
110000296,438,284,154
110000297,2202,316,1886
110000298,166,400,-234
110000299,227,54,173
110000301,313,27,286
110000302,420,651,-231
110000303,422,14,408
110000304,261,180,81
110000305,1476,27,1449
110000306,187,827,-640
110000307,1672,6,1666
110000308,597,6,591
110000309,7,619,-612
110000310,716,75,641
110000311,12,544,-532
110000312,394,120,274
110000313,2336,2953,-617
110000314,0,187,-187
110000315,2166,2046,120
110000316,486,1130,-644
110000317,320,363,-43
110000318,10,30,-20
110000319,14,27,-13
110000320,45,30,15
110000321,17,27,-10
110000322,232,285,-53
110000323,398,135,263
110000324,2616,1471,1145
110000325,1869,2780,-911
110000327,380,249,131
110000328,195,362,-167
110000333,865,592,273
110000334,843,1011,-168
110000335,940,529,411
110000336,688,688,0
110000337,1231,518,713
110000338,454,191,263
110000339,294,170,124
110000340,49,146,-97
110000341,393,424,-31
110000342,240,5,235
110000343,0,15,-15
110000344,81,107,-26
110000345,133,109,24
110000346,1674,1576,98
110000347,1014,609,405
110000348,30,18,12
110000349,10,6,4
110000350,58,6,52
110000351,939,565,374
110000352,608,1187,-579
110000353,2023,610,1413
110000354,1120,2491,-1371
110000355,111,65,46
110000356,481,8,473
110000357,435,19,416
110000361,36,21,15
110000362,68,30,38
110000363,439,62,377
110000364,255,182,73
110000365,156,0,156
110000366,5,78,-73
110000367,330,122,208
110000368,4,48,-44
110000369,66,1,65
110000373,5,199,-194
110000374,96,20,76
110000375,91,754,-663
110000376,15,56,-41
110000377,87,425,-338
110000378,23,261,-238
110000379,1743,1578,165
110000380,56,8,48
110000383,3,823,-820
110000384,1033,541,492
110000385,0,127,-127
110000387,61,8,53
110000388,28,135,-107
110000389,708,3,705
110000391,751,219,532
110000396,163,94,69
110000397,122,109,13
110000398,4,32,-28
110000399,127,0,127
110000587,94,45,49
110000589,188,85,103
110000640,215,38,177
110000652,84,201,-117
110000653,352,291,61
110000654,45,422,-377
110000656,0,292,-292
110000674,22,7,15
110000675,13,20,-7
110000676,7,32,-25
110000679,178,1013,-835
110000682,138,158,-20
110000683,189,338,-149
110000684,7,21,-14
110000685,4,16,-12
110000686,3,38,-35
110000687,102,4,98
110000688,50,832,-782
110000689,21,21,0
110000692,48,91,-43
110000693,32,182,-150
110000694,0,133,-133
110000695,244,518,-274
110000696,72,58,14
110900001,242,23,219
110900002,309,150,159
110900003,833,316,517
110900004,371,91,280
110900005,1516,2049,-533
110900006,31,19,12
110900007,127,49,78
110900008,14,49,-35
110900009,476,139,337
110900010,26,40,-14
110900011,28,24,4
110900012,21,55,-34
110900013,958,99,859
110900014,195,16,179
110900015,380,708,-328
110900016,54,84,-30
110900017,395,26,369
110900018,397,57,340
110900019,187,24,163
110900020,105,131,-26
110900021,72,329,-257
110900022,90,160,-70
110900023,93,338,-245
110900024,29,209,-180
110900025,5,31,-26
110900027,38,178,-140
110900028,33,78,-45
110900029,10,218,-208
110900030,32,134,-102
110900031,3,115,-112
110900032,0,61,-61
110900033,34,148,-114
110900035,21,406,-385
110900036,62,13,49
110900037,61,14,47
110900038,548,160,388
110900039,15,246,-231
110900040,166,38,128
110900041,21,46,-25
110900042,133,61,72
110900043,1,46,-45
110900044,143,14,129
110900045,38,249,-211
110900046,19,127,-108
110900047,320,239,81
110900049,67,57,10
110900050,26,2,24
110900051,25,152,-127
110900052,2,140,-138
110900053,92,33,59
110900054,35,164,-129
110900055,28,5,23
110900056,81,109,-28
110900057,3,67,-64
110900058,225,131,94
110900059,486,329,157
110900060,457,95,362
110900061,20,43,-23
110900062,156,164,-8
110900063,29,129,-100
110900064,14,0,14
110900065,281,94,187
110900066,9,73,-64
110900067,227,625,-398
110900068,172,157,15
110900069,10,12,-2
110900070,91,36,55
110900071,239,600,-361
110900073,1,15,-14
110900074,394,64,330
110900075,380,77,303
110900077,717,528,189
110900078,28,30,-2
110900079,1180,1200,-20
110900080,128,73,55
110900081,7,34,-27
110900082,107,74,33
110900083,142,46,96
110900084,59,40,19
110900085,47,193,-146
110900086,77,331,-254
110900087,319,102,217
110900088,5,0,5
110900090,42,56,-14
110900091,2,68,-66
110900093,249,77,172
110900095,35,42,-7
110900097,14,8,6
110900098,24,38,-14
110900099,54,326,-272
110900100,0,19,-19
110900102,39,10,29
110900105,565,184,381
110900108,10,22,-12
110900111,333,80,253
110900112,838,7,831
110900113,331,50,281
110900115,4,34,-30
110900116,725,1029,-304
110900118,95,2625,-2530
110900119,2122,218,1904
110900120,13,37,-24
110900121,149,1,148
110900122,523,133,390
110900125,369,373,-4
110900127,384,1044,-660
110900128,162,200,-38
110900129,327,831,-504
110900130,657,588,69
110900131,202,117,85
110900132,269,39,230
110900133,61,149,-88
110900135,57,225,-168
110900136,289,16,273
110900137,28,1,27
110900138,436,320,116
110900139,6,96,-90
110900140,31,1,30
110900141,39,148,-109
110900142,71,112,-41
110900143,148,71,77
110900144,0,458,-458
110900145,198,45,153
110900146,249,210,39
110900147,107,279,-172
110900148,4,166,-162
110900149,5,45,-40
110900150,57,10,47
110900151,9,60,-51
110900152,40,107,-67
110900153,156,47,109
111000001,522,391,131
111000002,712,466,246
111000003,1172,540,632
111000004,381,767,-386
111000005,971,966,5
111000006,737,1272,-535
111000007,3498,2853,645
111000008,1645,2289,-644
111000009,286,609,-323
111000010,771,192,579
111000011,234,821,-587
111000012,518,258,260
111000013,401,807,-406
111000014,1265,371,894
111000017,65,721,-656
111000018,175,294,-119
111000020,599,1602,-1003
111000021,64,82,-18
111000023,80,83,-3
111000025,2883,2978,-95
111000029,71,85,-14
111000030,52,89,-37
111000031,1568,928,640
111000032,475,258,217
111000033,211,249,-38
111000034,77,237,-160
111000037,1013,532,481
111000038,2373,1539,834
111000039,1462,1440,22
111000040,1600,1370,230
111000041,1232,1040,192
111000042,1974,1649,325
111000043,1531,3250,-1719
111000044,1484,1014,470
111000045,2238,1722,516
111000046,1383,1271,112
111000047,1993,3364,-1371
111000049,386,361,25
111000050,962,837,125
111000051,398,699,-301
111000052,511,1137,-626
111000053,278,570,-292
111000054,315,490,-175
111000055,886,1168,-282
111000056,129,292,-163
111000057,72,295,-223
111000058,425,36,389
111000059,495,209,286
111000060,3460,741,2719
111000061,529,223,306
111000062,795,273,522
111000063,1643,819,824
111000064,699,467,232
111000065,988,725,263
111000066,518,344,174
111000067,582,467,115
111000068,560,672,-112
111000069,1506,1458,48
111000070,868,776,92
111000071,228,483,-255
111000072,1180,508,672
111000073,259,786,-527
111000074,1383,1181,202
111000075,804,481,323
111000076,477,433,44
111000077,1467,1303,164
111000078,2299,1092,1207
111000079,1108,571,537
111000080,454,498,-44
111000081,1238,3335,-2097
111000082,600,486,114
111000084,828,459,369
111000085,734,781,-47
111000086,1766,671,1095
111000087,640,385,255
111000088,3189,1958,1231
111000089,676,622,54
111000090,683,1039,-356
111000091,759,381,378
111000092,1247,705,542
111000093,667,886,-219
111000094,1733,918,815
111000095,557,1951,-1394
111000096,1233,6656,-5423
111000097,3110,1236,1874
111000098,630,859,-229
111000099,451,1258,-807
111000100,361,985,-624
111000101,323,576,-253
111000102,264,376,-112
111000104,648,140,508
111000107,115,469,-354
111000109,588,160,428
111000110,1197,524,673
111000111,2213,418,1795
111000112,1753,510,1243
111000113,837,1354,-517
111000114,1684,3183,-1499
111000115,3776,980,2796
111000116,734,708,26
111000117,365,710,-345
111000118,1183,601,582
111000119,1152,717,435
111000120,439,507,-68
111000121,283,596,-313
111000122,564,815,-251
111000123,919,1664,-745
111000124,383,1569,-1186
111000125,260,865,-605
111000126,116,559,-443
111000127,922,124,798
111000128,1887,247,1640
111000129,2585,396,2189
111000130,2169,481,1688
111000131,1570,379,1191
111000132,1546,811,735
111000133,146,89,57
111000134,135,89,46
111000135,50,119,-69
111000136,351,255,96
111000138,11,4,7
111000140,1,6,-5
111000141,146,245,-99
111000142,8,155,-147
111000143,6,172,-166
111000144,10,670,-660
111000145,341,4,337
111000146,90,8,82
111000147,153,23,130
111000148,117,76,41
111000149,4,29,-25
111000150,23,5,18
111000151,5,19,-14
111000153,454,612,-158
111000154,445,199,246
111000155,103,149,-46
111000156,404,450,-46
111000157,155,761,-606
111000158,644,650,-6
111000159,2033,583,1450
111000160,388,258,130
111000161,12,269,-257
111000162,72,108,-36
111000163,612,555,57
111000164,463,2198,-1735
111000165,675,316,359
111000166,1083,277,806
111000167,163,246,-83
111000168,160,351,-191
111000169,240,492,-252
111000170,336,275,61
111000171,476,337,139
111000172,162,279,-117
111000173,385,481,-96
111000174,191,205,-14
111000175,46,231,-185
111000176,376,96,280
111000177,382,187,195
111000178,1192,185,1007
111000179,213,118,95
111000180,213,361,-148
111000181,1062,152,910
111000182,193,159,34
111000183,333,327,6
111000184,280,165,115
111000185,335,301,34
111000186,337,199,138
111000187,130,109,21
111000188,252,271,-19
111000189,649,408,241
111000190,163,217,-54
111000191,134,192,-58
111000192,142,343,-201
111000193,232,181,51
111000194,48,180,-132
111000195,121,221,-100
111000196,69,99,-30
111000197,448,117,331
111000198,485,77,408
111000199,190,108,82
111000200,366,279,87
111000201,511,141,370
111000202,314,147,167
111000203,362,209,153
111000204,390,1088,-698
111000213,172,391,-219
111000214,1282,967,315
111000215,979,839,140
111000217,1340,704,636
111000218,1241,846,395
111000219,324,170,154
111000220,1054,444,610
111000221,452,70,382
111000224,30,173,-143
111000225,386,282,104
111000226,106,2,104
111000227,39,7,32
111000228,25,312,-287
111000229,35,763,-728
111000230,229,219,10
111000231,948,459,489
111000232,468,552,-84
111000233,990,543,447
111000234,112,357,-245
111000239,66,92,-26
111000240,67,185,-118
111000241,18,184,-166
111000242,199,61,138
111000243,124,294,-170
111000244,479,72,407
111000245,937,282,655
111000246,509,221,288
111000247,430,505,-75
111000248,636,312,324
111000249,376,380,-4
111000250,48,40,8
111000251,42,62,-20
111000253,22,14,8
111000255,41,12,29
111000257,74,26,48
111000260,117,711,-594
111000261,1194,87,1107
111000271,42,236,-194
111000273,2038,869,1169
111000274,1161,1987,-826
111000275,152,34,118
111000276,261,990,-729
111000277,136,221,-85
111000278,488,212,276
111000291,595,5561,-4966
111000298,465,183,282
111000299,594,143,451
111000300,108,456,-348
111000302,257,50,207
111000303,62,129,-67
111000312,41,50,-9
111000315,5,67,-62
111000320,190,469,-279
111000321,409,116,293
111000322,296,266,30
111000323,265,19,246
111000324,266,132,134
111000325,39,40,-1
111000326,171,192,-21
111000327,419,226,193
111000328,268,491,-223
111000329,1,25,-24
111000330,62,6,56
111000331,17,0,17
111000332,507,1048,-541
111000334,277,798,-521
111000335,866,199,667
111000337,1238,265,973
111000338,53,81,-28
111000339,599,186,413
111000340,119,304,-185
111000341,1257,543,714
111000342,134,630,-496
111000344,978,481,497
111000345,130,56,74
111000346,25,158,-133
111000347,127,6,121
111000350,220,106,114
111000351,99,223,-124
111000352,145,56,89
111000353,110,192,-82
111000354,424,73,351
111000355,262,423,-161
111000358,140,658,-518
111000360,165,314,-149
111000361,156,170,-14
111000546,717,412,305
111000547,356,284,72
111000548,109,223,-114
111000549,295,135,160
111000550,77,790,-713
111000551,610,102,508
111000552,670,131,539
111000907,455,8,447
111000908,36,2,34
111000916,1675,184,1491
111000917,74,254,-180
111000918,231,450,-219
111000920,527,15,512
111000921,5,120,-115
111000922,446,172,274
111000924,46,404,-358
111000925,2774,1505,1269
111000926,813,1134,-321
111000927,2493,3543,-1050
111000928,3067,2179,888
111000929,1486,914,572
111000930,743,1412,-669
111000931,1786,2107,-321
111000932,2782,1317,1465
111000933,2740,1927,813
111000934,1333,2003,-670
111000935,1364,763,601
111000936,857,1339,-482
111000937,1031,1131,-100
111000938,1198,1022,176
111000939,528,30,498
111000940,452,105,347
111000941,346,240,106
111000943,510,184,326
111000944,138,181,-43
111000945,94,839,-745
111001109,483,376,107
111001110,184,373,-189
111001111,75,0,75
111001112,75,13,62
111001113,4,111,-107
111001114,531,182,349
111001115,57,507,-450
111001116,2604,3037,-433
111001117,388,2003,-1615
111001120,132,157,-25
111001121,185,144,41
111001122,155,260,-105
111001123,265,49,216
111001124,78,75,3
111001125,9,112,-103
111900001,13,65,-52
111900002,40,359,-319
111900003,2,148,-146
111900004,36,62,-26
111900006,21,48,-27
111900007,188,10,178
111900008,210,8,202
111900009,158,111,47
111900010,239,299,-60
111900012,54,74,-20
111900013,25,19,6
111900014,2774,3870,-1096
111900015,0,30,-30
111900016,0,58,-58
111900017,0,60,-60
111900018,168,3,165
111900019,0,92,-92
111900020,1,21,-20
111900021,28,70,-42
111900022,9,32,-23
111900023,62,57,5
111900024,0,39,-39
111900025,0,48,-48
111900026,1,29,-28
111900027,3,64,-61
111900028,0,207,-207
111900029,7,40,-33
111900030,35,243,-208
111900031,3,15,-12
111900032,0,186,-186
111900033,5,56,-51
111900034,249,372,-123
111900035,61,175,-114
111900036,2,146,-144
111900038,216,404,-188
111900039,46,300,-254
111900040,3,240,-237
111900042,43,72,-29
111900043,2,150,-148
111900044,226,124,102
111900046,33,88,-55
111900048,135,262,-127
111900049,16,120,-104
111900050,97,24,73
111900051,0,104,-104
111900052,283,282,1
111900053,481,1153,-672
111900054,160,2,158
111900055,15,162,-147
111900056,127,196,-69
111900057,124,27,97
111900058,509,318,191
111900059,981,495,486
111900060,350,3,347
111900061,6,81,-75
111900062,17,39,-22
111900063,301,230,71
111900064,88,91,-3
111900065,58,15,43
111900066,96,130,-34
111900067,8,235,-227
111900068,33,51,-18
111900069,52,15,37
111900070,141,89,52
111900071,2,140,-138
111900072,39,27,12
111900073,1025,167,858
111900074,7,127,-120
111900075,69,14,55
111900076,170,61,109
111900077,35,1,34
111900078,320,31,289
111900079,71,25,46
111900080,217,218,-1
111900082,131,23,108
111900083,166,24,142
111900084,124,6,118
111900085,37,138,-101
111900086,19,5,14
111900087,89,0,89
111900088,519,9,510
111900089,92,4,88
111900090,49,42,7
111900091,188,1,187
111900092,120,1,119
111900093,462,10,452
111900094,86,3,83
111900095,216,38,178
111900096,125,3,122
111900097,68,0,68
111900098,264,2,262
111900099,97,0,97
111900100,154,6,148
111900101,86,35,51
111900102,515,280,235
111900103,64,71,-7
111900104,107,52,55
111900105,229,163,66
111900106,547,34,513
111900110,1164,324,840
111900111,156,80,76
111900112,346,2672,-2326
111900113,156,74,82
111900118,366,88,278
111900119,306,162,144
111900122,54,49,5
111900123,14,18,-4
111900124,7,32,-25
111900125,492,53,439
111900126,295,4,291
111900127,1,406,-405
111900128,2,319,-317
111900129,207,10,197
111900130,192,52,140
111900131,526,4,522
111900132,13,570,-557
111900133,11,168,-157
111900134,6,106,-100
111900135,12,26,-14
111900136,63,118,-55
111900137,47,27,20
111900138,10,33,-23
111900139,24,48,-24
111900140,104,33,71
111900141,62,9,53
111900142,67,36,31
111900143,2,104,-102
111900144,0,62,-62
111900145,0,227,-227
111900146,1,112,-111
111900147,135,270,-135
111900148,18,343,-325
111900149,5,132,-127
111900150,5,98,-93
111900151,7,18,-11
111900152,69,52,17
111900153,804,538,266
111900154,12,296,-284
111900155,52,68,-16
111900156,52,46,6
111900157,123,14,109
111900158,532,61,471
111900159,285,22,263
111900160,287,1,286
111900161,199,6,193
111900162,74,167,-93
111900163,19,149,-130
111900164,122,54,68
111901113,469,134,335
111901114,207,189,18
111901115,111,1,110
111901116,37,2,35
111901117,32,45,-13
111901118,49,231,-182
111901119,446,42,404
111901121,82,97,-15
111901122,3,263,-260
111901123,200,186,14
111901124,224,1,223
111901125,480,166,314
111901127,398,694,-296
111901128,9,53,-44
111901129,7,75,-68
111901130,5,124,-119
111901131,1,146,-145
111901132,66,21,45
111901133,29,0,29
111901134,76,0,76
111901135,28,4,24
111901136,43,55,-12
111901137,1,27,-26
111901138,180,34,146
111901139,37,31,6
111901140,9,45,-36
111901141,7,80,-73
111901142,3,91,-88
111901143,1,60,-59
111901144,25,52,-27
111901145,123,232,-109
111901146,244,13,231
111901147,38,34,4
111901148,9,7,2
112000001,1558,598,960
112000002,609,1512,-903
112000003,1438,932,506
112000004,593,483,110
112000005,3159,3037,122
112000006,1521,1055,466
112000007,3200,2053,1147
112000008,2139,3190,-1051
112000009,2376,1894,482
112000010,2435,2828,-393
112000011,1247,1082,165
112000012,3142,4340,-1198
112000013,2508,2388,120
112000014,1872,2237,-365
112000015,2191,2723,-532
112000016,3047,1321,1726
112000017,1151,2672,-1521
112000024,1588,665,923
112000026,2105,2315,-210
112000027,670,609,61
112000028,794,1005,-211
112000029,618,653,-35
112000030,99,59,40
112000031,1063,4065,-3002
112000032,175,44,131
112000033,1378,1829,-451
112000034,128,36,92
112000035,43,387,-344
112000036,463,850,-387
112000037,709,616,93
112000038,1119,835,284
112000039,82,59,23
112000040,67,183,-116
112000041,357,358,-1
112000042,776,369,407
112000050,1081,1086,-5
112000051,894,1209,-315
112000054,1095,1083,12
112000057,399,287,112
112000058,213,475,-262
112000059,486,546,-60
112000061,1876,1429,447
112000062,1259,845,414
112000063,802,1870,-1068
112000064,2418,3583,-1165
112000065,1321,1665,-344
112000066,3416,1382,2034
112000067,645,507,138
112000068,2933,2397,536
112000069,460,1313,-853
112000070,1714,912,802
112000071,829,1779,-950
112000072,2490,752,1738
112000073,1209,1583,-374
112000074,1333,946,387
112000075,1303,990,313
112000076,2665,1639,1026
112000077,896,331,565
112000078,1752,531,1221
112000079,1250,1070,180
112000080,712,598,114
112000081,1103,1798,-695
112000082,1324,651,673
112000083,536,892,-356
112000084,1343,569,774
112000085,956,622,334
112000086,1747,755,992
112000087,520,295,225
112000088,777,338,439
112000089,242,189,53
112000090,162,161,1
112000091,486,686,-200
112000092,1903,881,1022
112000093,1399,708,691
112000094,628,640,-12
112000095,642,640,2
112000096,561,449,112
112000097,1376,610,766
112000098,786,596,190
112000099,727,1518,-791
112000100,1756,578,1178
112000101,464,525,-61
112000102,1352,405,947
112000103,407,551,-144
112000105,486,856,-370
112000106,1573,372,1201
112000107,23,131,-108
112000108,271,1063,-792
112000109,174,65,109
112000110,1981,614,1367
112000111,712,2323,-1611
112000112,2580,561,2019
112000113,690,1106,-416
112000114,1968,782,1186
112000115,325,338,-13
112000116,622,695,-73
112000117,899,565,334
112000118,878,488,390
112000119,344,503,-159
112000120,67,276,-209
112000121,158,292,-134
112000122,295,138,157
112000123,713,139,574
112000124,380,63,317
112000125,266,195,71
112000126,272,236,36
112000127,1720,2042,-322
112000128,674,632,42
112000129,119,77,42
112000130,173,68,105
112000131,47,206,-159
112000132,140,185,-45
112000133,375,119,256
112000134,380,252,128
112000135,1099,473,626
112000136,785,810,-25
112000137,1322,1214,108
112000138,1279,872,407
112000139,675,633,42
112000140,611,855,-244
112000141,791,336,455
112000142,136,324,-188
112000143,1050,192,858
112000144,242,675,-433
112000145,2415,453,1962
112000146,456,1093,-637
112000147,2496,1531,965
112000148,1295,1368,-73
112000149,427,421,6
112000150,234,401,-167
112000151,268,237,31
112000152,351,283,68
112000153,150,182,-32
112000154,125,197,-72
112000155,112,112,0
112000157,463,469,-6
112000158,313,233,80
112000159,535,241,294
112000167,363,115,248
112000169,232,345,-113
112000173,802,151,651
112000175,398,311,87
112000176,1754,1667,87
112000177,681,182,499
112000178,57,223,-166
112000179,256,80,176
112000180,283,223,60
112000181,1070,1175,-105
112000182,1315,865,450
112000183,25,21,4
112000184,397,279,118
112000185,586,315,271
112000187,3377,1945,1432
112000195,146,20,126
112000196,212,7,205
112000197,222,133,89
112000198,29,224,-195
112000199,730,633,97
112000202,431,3,428
112000216,42,160,-118
112000230,110,3,107
112000231,3,156,-153
112000256,54,148,-94
112000313,35,96,-61
112000314,38,38,0
112000337,206,450,-244
112000352,177,296,-119
112000392,1198,1203,-5
112000398,1264,670,594
112000399,1119,1787,-668
112000400,1341,1558,-217
112000401,1828,1166,662
112000402,2637,2661,-24
112000403,1270,2565,-1295
112000404,873,678,195
112000405,1780,2402,-622
112000406,2178,1249,929
112000407,6619,7067,-448
112000408,5385,3504,1881
112000409,1130,2525,-1395
112000410,431,267,164
112000411,2441,1413,1028
112000412,1154,411,743
112000413,5041,5735,-694
112000414,63,45,18
112000415,147,41,106
112000416,2360,1139,1221
112000417,292,72,220
112000421,51,45,6
112000422,256,170,86
112000424,1301,2254,-953
112000425,417,492,-75
112000426,143,288,-145
112000427,4,9,-5
112000428,344,211,133
112000429,1668,1486,182
112000430,1800,2069,-269
112000431,106,116,-10
112000432,576,724,-148
112000433,359,650,-291
112000437,63,95,-32
112900001,81,2,79
112900002,459,568,-109
112900003,97,243,-146
112900004,38,144,-106
112900005,205,189,16
112900006,11,242,-231
112900007,70,113,-43
112900008,0,31,-31
112900009,418,138,280
112900010,438,558,-120
112900011,88,118,-30
112900012,2,36,-34
112900013,3,135,-132
112900014,5,155,-150
112900015,332,558,-226
112900016,3,200,-197
112900017,44,140,-96
112900018,1,148,-147
112900019,25,146,-121
112900020,350,752,-402
112900021,3,171,-168
112900022,6,50,-44
112900023,4,93,-89
112900024,6,129,-123
112900025,63,176,-113
112900026,4,137,-133
112900027,3,602,-599
112900028,16,66,-50
112900029,11,361,-350
112900030,67,96,-29
112900031,2,244,-242
112900032,145,177,-32
112900034,0,30,-30
112900035,9,227,-218
112900036,26,101,-75
112900037,112,176,-64
112900038,671,123,548
112900039,8,243,-235
112900040,14,320,-306
112900041,599,915,-316
112900042,67,175,-108
112900043,38,40,-2
112900044,352,323,29
112900045,211,259,-48
112900046,120,42,78
112900047,10,25,-15
112900049,341,67,274
112900050,33,398,-365
112900051,202,334,-132
112900052,1,559,-558
112900053,171,86,85
112900054,144,46,98
112900055,129,41,88
112900056,351,185,166
112900057,18,317,-299
112900058,233,300,-67
112900059,117,72,45
112900060,21,109,-88
112900061,63,77,-14
112900062,66,94,-28
112900063,66,23,43
112900064,118,191,-73
112900065,30,16,14
112900066,257,214,43
112900067,304,87,217
112900068,39,57,-18
112900069,1154,802,352
112900071,39,8,31
112900072,97,2135,-2038
112900073,351,100,251
112900074,98,276,-178
112900075,853,902,-49
112900076,67,34,33
112900078,266,384,-118
112900079,265,22,243
112900080,62,5,57
112900081,53,195,-142
112900082,527,24,503
112900083,99,102,-3
112900084,253,125,128
112900086,109,0,109
112900087,818,147,671
112900088,181,20,161
112900089,810,28,782
112900090,53,28,25
112900091,261,6,255
112900092,125,387,-262
112900093,1295,22,1273
112900095,49,0,49
112900096,477,177,300
112900097,73,225,-152
112900098,129,4,125
112900099,763,19,744
112900100,87,0,87
112900101,312,2,310
112900102,113,12,101
112900103,211,1,210
112900104,138,7,131
112900105,18,1,17
112900106,312,181,131
112900107,4,0,4
112900108,11,1,10
112900109,150,0,150
112900110,1274,13,1261
112900111,681,4,677
112900112,341,2,339
112900113,1,8,-7
112900114,169,17,152
112900115,1396,3,1393
112900116,97,25,72
112900117,76,33,43
112900118,20,57,-37
112900119,186,3,183
112900120,577,200,377
112900121,54,94,-40
112900122,9,95,-86
112900123,93,30,63
112900124,8,54,-46
112900125,73,376,-303
112900126,166,117,49
112900127,400,96,304
112900128,201,495,-294
112900129,0,420,-420
112900130,230,80,150
112900131,22,189,-167
112900132,238,284,-46
112900133,20,669,-649
112900134,0,172,-172
112900135,58,34,24
112900137,2,369,-367
112900138,8,156,-148
112900139,181,769,-588
112900141,690,36,654
112900142,48,171,-123
112900143,20,307,-287
112900144,0,196,-196
112900145,38,315,-277
112900146,5,604,-599
112900147,1,990,-989
112900148,27,1,26
112900149,184,398,-214
112900151,25,34,-9
112900152,2437,550,1887
112900153,1229,2077,-848
112900154,0,98,-98
112900155,150,14,136
112900156,426,710,-284
112900157,344,55,289
112900158,99,13,86
112900159,247,152,95
112900160,48,214,-166
112900161,115,38,77
112900162,26,13,13
112900163,45,35,10
112900164,19,213,-194
112900165,83,38,45
112900166,17,81,-64
112900167,8,97,-89
112900168,5,6,-1
112900169,7,15,-8
112900170,159,79,80
112900172,41,23,18
112900173,217,75,142
112900174,244,64,180
112900175,154,173,-19
112900176,7,60,-53
112900177,235,52,183
112900178,758,2018,-1260
112900179,28,278,-250
112900180,1732,1022,710
112900181,608,7,601
112900182,76,563,-487
112900183,125,291,-166
112900184,303,357,-54
112900185,165,494,-329
112900186,1013,884,129
112900187,77,661,-584
112900188,545,860,-315
112900189,13,16,-3
112900190,7,40,-33
112900192,574,756,-182
112900193,1173,381,792
112900194,64,61,3
112900195,866,33,833
112900196,179,276,-97
112900197,172,270,-98
112900199,681,363,318
112900200,529,160,369
112900201,182,78,104
112900202,430,488,-58
112900203,264,192,72
112900204,694,488,206
112900205,5,12,-7
112900206,17,72,-55
112900207,21,0,21
112900208,79,278,-199
112900209,343,285,58
112900210,2,22,-20
112900211,74,12,62
112900212,1,92,-91
112900213,55,17,38
112900214,18,6,12
112900215,13,123,-110
112900216,20,43,-23
112900217,1,61,-60
112900218,50,6,44
112900219,171,27,144
112900220,3,0,3
112900221,26,61,-35
112900222,0,34,-34
112900223,912,18,894
112900224,424,313,111
112900225,474,275,199
112900226,237,285,-48
112900227,611,563,48
112900228,71,26,45
112900229,197,44,153
112900230,4893,3348,1545
112900232,213,244,-31
112900233,35,118,-83
112900234,12,47,-35
112900235,83,25,58
112900236,266,17,249
112900237,203,178,25
112900238,2,23,-21
112900239,480,378,102
112900240,0,7,-7
112900241,1,15,-14
112900242,4,12,-8
112900243,2,12,-10
112900244,1,5,-4
112900245,0,3,-3
112900246,0,0,0
112900247,3,5,-2
112900248,2,0,2
112900249,6,0,6
112900250,11,3,8
112900251,10,1,9
112900252,8,2,6
112900253,8,0,8
112900254,9,0,9
112900255,2,3,-1
112900256,2,11,-9
112900257,2,5,-3
113000001,4571,3417,1154
113000002,3115,2594,521
113000003,1455,1177,278
113000004,1286,1707,-421
113000005,1407,713,694
113000006,837,1011,-174
113000007,1568,761,807
113000008,1338,1168,170
113000009,1020,539,481
113000010,954,913,41
113000011,743,986,-243
113000012,1630,605,1025
113000013,987,597,390
113000014,1142,1113,29
113000015,228,188,40
113000016,348,684,-336
113000017,29,233,-204
113000018,341,33,308
113000019,99,292,-193
113000020,362,81,281
113000021,979,372,607
113000022,658,992,-334
113000025,81,253,-172
113000026,453,491,-38
113000027,467,624,-157
113000028,564,518,46
113000029,772,544,228
113000030,280,474,-194
113000031,189,207,-18
113000032,250,239,11
113000033,214,366,-152
113000034,299,221,78
113000035,42,20,22
113000036,19,56,-37
113000037,37,19,18
113000038,14,41,-27
113000039,68,324,-256
113000040,63,61,2
113000042,636,457,179
113000051,706,1787,-1081
113000052,1448,637,811
113000053,361,269,92
113000054,357,536,-179
113000055,1111,372,739
113000056,876,727,149
113000058,620,646,-26
113000059,1001,408,593
113000060,232,418,-186
113000061,334,631,-297
113000062,532,270,262
113000063,180,50,130
113000064,47,191,-144
113000065,134,507,-373
113000066,723,89,634
113000067,2230,854,1376
113000068,370,816,-446
113000069,565,738,-173
113000070,2470,807,1663
113000071,456,465,-9
113000072,840,351,489
113000073,335,1122,-787
113000074,907,402,505
113000075,1473,633,840
113000076,538,1839,-1301
113000077,964,607,357
113000078,635,1931,-1296
113000079,466,734,-268
113000080,589,673,-84
113000081,755,789,-34
113000082,1034,763,271
113000083,454,755,-301
113000084,1352,1041,311
113000085,748,680,68
113000086,1179,1142,37
113000087,957,897,60
113000088,1695,1145,550
113000089,658,1294,-636
113000090,176,487,-311
113000091,315,299,16
113000094,1041,176,865
113000095,201,457,-256
113000096,107,413,-306
113000097,972,356,616
113000098,118,26,92
113000099,1010,360,650
113000100,136,289,-153
113000101,281,478,-197
113000102,536,422,114
113000103,1382,331,1051
113000104,457,1760,-1303
113000105,688,280,408
113000106,274,319,-45
113000107,918,590,328
113000108,658,760,-102
113000109,503,1386,-883
113000110,1800,338,1462
113000111,120,510,-390
113000112,352,251,101
113000113,1025,248,777
113000114,236,1247,-1011
113000116,576,213,363
113000117,600,142,458
113000118,84,307,-223
113000119,389,287,102
113000120,64,184,-120
113000121,445,716,-271
113000124,246,85,161
113000125,62,785,-723
113000127,1596,224,1372
113000128,629,463,166
113000129,441,622,-181
113000133,1242,1181,61
113000134,5,804,-799
113000135,3435,3959,-524
113000137,1276,3112,-1836
113000139,304,255,49
113000140,84,215,-131
113000141,133,157,-24
113000142,298,878,-580
113000143,247,185,62
113000144,234,503,-269
113000145,72,98,-26
113000146,105,46,59
113000147,135,53,82
113000148,133,89,44
113000149,103,82,21
113000150,384,235,149
113000151,33,39,-6
113000152,21,93,-72
113000153,1123,477,646
113000154,702,1267,-565
113000155,297,617,-320
113000156,109,376,-267
113000157,243,655,-412
113000158,581,237,344
113000159,833,544,289
113000160,616,786,-170
113000161,277,322,-45
113000162,847,245,602
113000163,95,30,65
113000164,28,66,-38
113000166,182,81,101
113000167,38,69,-31
113000168,70,82,-12
113000169,171,60,111
113000170,85,83,2
113000171,43,55,-12
113000172,178,50,128
113000173,86,19,67
113000174,74,321,-247
113000175,285,99,186
113000176,415,130,285
113000177,184,326,-142
113000178,153,171,-18
113000179,268,141,127
113000180,551,930,-379
113000181,1038,642,396
113000182,139,301,-162
113000183,81,476,-395
113000184,14,98,-84
113000189,344,747,-403
113000190,507,351,156
113000192,771,2533,-1762
113000193,2058,1956,102
113000194,971,1001,-30
113000195,1470,1087,383
113000196,187,69,118
113000197,972,978,-6
113000198,97,218,-121
113000199,1124,323,801
113000201,220,296,-76
113000202,3386,786,2600
113000203,151,100,51
113000204,841,2148,-1307
113000205,13,13,0
113000206,7,35,-28
113000207,56,11,45
113000208,34,49,-15
113000209,12,20,-8
113000210,3,24,-21
113000211,129,213,-84
113000212,51,9,42
113000213,27,122,-95
113000214,122,201,-79
113000234,160,591,-431
113000410,98,208,-110
113000411,1811,3243,-1432
113000412,3783,1711,2072
113000413,1509,2546,-1037
113000414,3667,10699,-7032
113000415,1829,2119,-290
113000416,5324,3041,2283
113000417,2294,2239,55
113000418,3667,2838,829
113000419,1531,1699,-168
113000420,3226,5147,-1921
113000421,3307,5727,-2420
113000422,8018,9019,-1001
113000423,1575,4648,-3073
113000424,2141,8285,-6144
113000425,2,84,-82
113000428,10,11,-1
113000430,4,33,-29
113000432,1835,141,1694
113000433,119,530,-411
113000434,25,127,-102
113000435,26,354,-328
113000436,49,680,-631
113000437,1054,27,1027
113000438,263,16,247
113000439,20,73,-53
113000440,125,21,104
113000441,225,146,79
113000442,152,83,69
113000443,263,114,149
113000444,156,98,58
113000445,111,66,45
113000446,49,59,-10
113000448,179,133,46
113000449,136,673,-537
113000450,430,1569,-1139
113000451,999,173,826
113000452,198,387,-189
113000453,65,285,-220
113000454,405,90,315
113000455,33,301,-268
113000456,2779,2098,681
113000468,964,131,833
113000469,54,70,-16
113000470,352,19,333
113000471,8,308,-300
113000472,76,250,-174
113000474,613,457,156
113000475,1243,1102,141
113000476,1249,1452,-203
113000477,3005,1498,1507
113000478,2974,3112,-138
113000479,70,114,-44
113000483,0,0,0
113000484,0,0,0
113000485,0,0,0
113000486,0,0,0
113000487,0,0,0
113000488,0,0,0
113000489,0,0,0
113000490,0,1,-1
113000491,2,0,2
113000492,0,0,0
113000493,0,0,0
113000495,95,106,-11
113000496,118,96,22
113000497,0,0,0
113000499,0,0,0
113900001,0,128,-128
113900002,4,49,-45
113900003,0,33,-33
113900004,0,80,-80
113900005,0,69,-69
113900006,2,18,-16
113900007,33,29,4
113900008,12,0,12
113900009,43,0,43
113900010,62,1,61
113900011,69,0,69
113900012,44,2,42
113900013,126,2,124
113900014,487,4,483
113900015,1,57,-56
113900016,26,0,26
113900017,3,36,-33
113900018,209,220,-11
113900019,117,38,79
113900020,119,2,117
113900022,13,0,13
113900023,26,0,26
113900024,67,24,43
113900025,241,17,224
113900026,56,0,56
113900027,5,47,-42
113900028,27,278,-251
113900029,60,134,-74
113900030,280,1,279
113900031,13,2,11
113900032,21,0,21
113900033,103,35,68
113900035,50,3,47
113900036,30,61,-31
113900037,126,296,-170
113900038,80,105,-25
113900039,184,11,173
113900040,11,11,0
113900041,5,4,1
113900042,63,21,42
113900043,122,80,42
113900044,176,268,-92
113900045,46,0,46
113900046,301,462,-161
113900047,38,89,-51
113900048,134,81,53
113900049,341,263,78
113900050,190,232,-42
113900051,260,263,-3
113900052,78,103,-25
113900053,526,412,114
113900054,32,4,28
113900055,98,265,-167
113900056,46,127,-81
113900057,9,46,-37
113900058,46,70,-24
113900059,182,221,-39
113900060,87,182,-95
113900061,482,151,331
113900062,80,12,68
113900063,86,64,22
113900064,15,65,-50
113900065,391,21,370
113900066,346,180,166
113900067,153,234,-81
113900068,458,467,-9
113900069,68,20,48
113900070,125,333,-208
113900071,56,52,4
113900072,62,125,-63
113900073,279,259,20
113900074,249,513,-264
113900075,997,1225,-228
113900076,170,10,160
113900077,34,137,-103
113900078,31,65,-34
113900079,3,16,-13
113900080,446,139,307
113900081,42,123,-81
113900082,95,140,-45
113900083,381,200,181
113900084,238,133,105
113900085,40,190,-150
113900086,44,14,30
113900087,79,80,-1
113900088,70,86,-16
113900089,286,42,244
113900090,532,293,239
113900091,21,7,14
113900092,17,70,-53
113900093,48,692,-644
113900094,399,226,173
113900095,139,148,-9
113900096,221,44,177
113900097,48,78,-30
113900098,655,107,548
113900099,0,38,-38
113900100,0,1,-1
113900101,12,74,-62
113900102,86,141,-55
113900103,282,272,10
113900104,120,198,-78
113900105,118,120,-2
113900106,0,26,-26
113900107,0,12,-12
113900108,157,215,-58
113900109,296,193,103
113900110,44,32,12
113900111,148,77,71
113900112,120,44,76
113900113,938,388,550
113900114,2,68,-66
113900115,0,59,-59
113900116,73,119,-46
113900117,54,18,36
113900118,160,378,-218
113900119,161,396,-235
113900120,84,44,40
113900121,69,63,6
113900122,337,1936,-1599
113900123,411,198,213
113900124,1,54,-53
113900125,599,91,508
113900126,147,34,113
113900127,256,536,-280
113900128,150,55,95
113900129,7,127,-120
113900130,1,87,-86
113900131,258,59,199
113900132,71,54,17
113900133,16,71,-55
113900135,263,236,27
113900136,80,35,45
113900137,288,212,76
113900138,37,166,-129
113900139,211,138,73
113900140,145,273,-128
113900141,441,186,255
113900142,123,78,45
113900143,6,44,-38
113900144,167,195,-28
113900145,319,123,196
113900146,137,40,97
113900148,110,298,-188
113900149,145,70,75
113900150,312,434,-122
113900151,349,150,199
113900152,32,43,-11
113900153,174,506,-332
113900154,0,111,-111
113900155,175,128,47
113900156,236,292,-56
113900157,30,259,-229
113900158,206,443,-237
113900159,15,198,-183
113900160,464,391,73
113900161,47,160,-113
113900162,259,661,-402
113900163,226,196,30
113900164,270,51,219
113900165,604,292,312
113900166,91,94,-3
113900167,285,41,244
113900168,102,64,38
113900169,170,261,-91
113900171,211,94,117
113900172,9,79,-70
113900173,32,317,-285
113900174,427,467,-40
113900175,330,165,165
113900176,323,366,-43
113900177,297,126,171
113900178,369,104,265
113900179,39,304,-265
113900180,98,59,39
113900181,670,93,577
113900182,658,692,-34
113900183,33,47,-14
113900184,8,163,-155
113900185,138,64,74
113900186,35,34,1
113900187,39,96,-57
113900188,47,113,-66
113900189,208,125,83
113900190,174,116,58
113900191,77,169,-92
113900192,2,578,-576
113900193,21,148,-127
113900194,1033,619,414
113900195,232,271,-39
113900196,5,108,-103
113900197,1,102,-101
113900198,33,221,-188
113900199,128,517,-389
113900200,11,190,-179
113900201,0,113,-113
113900202,26,230,-204
113900203,0,60,-60
113900204,27,348,-321
113900205,2,123,-121
113900206,4,137,-133
113900207,1,29,-28
113900208,0,55,-55
113900209,0,63,-63
113900210,543,596,-53
113900211,159,52,107
113900212,191,313,-122
113900214,311,366,-55
113900215,34,103,-69
113900216,105,379,-274
113900217,84,133,-49
113900218,133,64,69
113900219,97,285,-188
113900220,120,115,5
113900221,344,220,124
113900222,189,438,-249
113900223,146,378,-232
113900224,57,45,12
113900225,508,141,367
113900226,291,90,201
113900227,397,215,182
113900228,227,416,-189
113900229,67,723,-656
113900230,2679,2721,-42
113900231,128,134,-6
113900232,77,62,15
113900233,96,58,38
113900234,282,383,-101
113900235,99,28,71
113900236,192,158,34
113900237,151,6,145
113900238,203,547,-344
113900239,46,90,-44
113900240,5,163,-158
113900241,110,36,74
113900242,40,165,-125
113900243,69,311,-242
113900244,263,162,101
113900245,827,239,588
113900246,10,30,-20
113900247,110,368,-258
113900248,1721,1601,120
113900249,562,391,171
113900250,70,153,-83
113900251,677,117,560
113900252,574,16,558
113900253,619,46,573
113900254,706,131,575
113900255,453,21,432
113900256,353,32,321
113900257,19,324,-305
113900258,29,229,-200
113900259,470,104,366
113900260,183,22,161
113900261,47,89,-42
113900262,122,340,-218
113900263,96,434,-338
113900264,3,294,-291
113900265,122,214,-92
113900266,22,114,-92
113900267,99,389,-290
113900268,331,313,18
113900269,66,125,-59
113900270,212,601,-389
113900271,586,711,-125
113900273,61,14,47
113900274,47,61,-14
113900275,22,71,-49
113900276,1,95,-94
113900277,169,5,164
113900278,164,145,19
113900279,37,58,-21
113900280,1207,420,787
113900281,555,1082,-527
113900282,554,541,13
113900283,321,362,-41
113900284,730,100,630
113900285,100,26,74
113900286,14,65,-51
113900287,81,30,51
113900288,4,94,-90
113900289,386,87,299
113900290,146,208,-62
113900291,87,100,-13
113900292,6,3,3
113900293,0,164,-164
113900294,494,20,474
113900295,292,324,-32
113900296,1350,287,1063
113900297,1898,38,1860
113900298,31,1464,-1433
113900299,118,83,35
113900300,3130,3140,-10
113900301,596,319,277
113900302,1674,859,815
113900303,301,454,-153
113900304,1,85,-84
113900305,106,0,106
113900306,64,1,63
113900307,10,0,10
113900308,85,69,16
113900309,0,376,-376
113900310,0,3,-3
113900311,7,4,3
113900312,200,186,14
113900313,11,10,1
114000001,825,1578,-753
114000002,312,264,48
114000003,47,247,-200
114000004,371,296,75
114000005,248,190,58
114000006,2129,1853,276
114000007,588,929,-341
114000008,1119,1840,-721
114000009,832,236,596
114000011,2401,1723,678
114000012,2661,1324,1337
114000013,1520,1052,468
114000014,425,214,211
114000015,1868,283,1585
114000016,222,174,48
114000017,88,319,-231
114000018,143,22,121
114000026,1875,842,1033
114000027,3037,1681,1356
114000028,2010,2204,-194
114000038,263,134,129
114000039,73,26,47
114000040,132,193,-61
114000042,213,101,112
114000043,47,36,11
114000044,239,28,211
114000045,38,66,-28
114000046,2851,3870,-1019
114000047,5,58,-53
114000048,64,23,41
114000049,1346,1390,-44
114000050,1425,2023,-598
114000051,2659,1837,822
114000052,3415,1644,1771
114000053,132,739,-607
114000054,190,668,-478
114000055,228,25,203
114000056,492,965,-473
114000057,3341,1496,1845
114000058,321,1393,-1072
114000059,135,364,-229
114000060,475,760,-285
114000061,2447,2883,-436
114000062,1342,1739,-397
114000063,1733,1225,508
114000064,3518,3395,123
114000065,1198,1814,-616
114000066,437,506,-69
114000067,18,593,-575
114000068,502,624,-122
114000069,811,512,299
114000070,1883,1498,385
114000071,744,394,350
114000072,553,185,368
114000073,13,45,-32
114000074,50,15,35
114000075,51,43,8
114000076,9,64,-55
114000077,2,18,-16
114000078,402,378,24
114000079,157,11,146
114000080,62,72,-10
114000081,80,69,11
114000082,37,238,-201
114000083,80,195,-115
114000084,338,77,261
114000085,106,383,-277
114000086,210,225,-15
114000087,103,95,8
114000088,30,37,-7
114000089,490,267,223
114000090,813,786,27
114000091,1077,774,303
114000092,739,506,233
114000093,1377,629,748
114000094,444,341,103
114000095,249,154,95
114000096,96,262,-166
114000097,139,308,-169
114000098,633,82,551
114000099,698,267,431
114000100,1545,444,1101
114000101,439,397,42
114000102,651,275,376
114000103,131,244,-113
114000104,27,143,-116
114000105,138,53,85
114000106,577,1098,-521
114000107,441,77,364
114000108,873,741,132
114000109,631,1042,-411
114000110,568,826,-258
114000111,1906,712,1194
114000112,445,1194,-749
114000113,1088,466,622
114000114,974,863,111
114000115,1905,884,1021
114000116,796,1644,-848
114000117,2805,416,2389
114000118,2519,439,2080
114000119,1662,379,1283
114000120,518,507,11
114000121,324,543,-219
114000122,374,227,147
114000123,1983,284,1699
114000124,880,223,657
114000125,714,796,-82
114000126,1726,223,1503
114000127,203,124,79
114000128,728,239,489
114000130,441,396,45
114000131,264,108,156
114000132,605,297,308
114000133,655,930,-275
114000134,68,81,-13
114000138,38,130,-92
114000139,465,223,242
114000144,824,469,355
114000145,92,108,-16
114000146,93,161,-68
114000147,1278,1773,-495
114000148,1380,1542,-162
114000149,327,299,28
114000150,380,560,-180
114000151,554,1327,-773
114000152,114,32,82
114000153,573,1816,-1243
114000154,452,500,-48
114000155,1387,2306,-919
114000156,593,525,68
114000157,227,838,-611
114000158,1007,573,434
114000159,152,328,-176
114000160,79,319,-240
114000161,1057,2625,-1568
114000162,995,2325,-1330
114000163,14,77,-63
114000165,439,294,145
114000166,481,428,53
114000167,2169,1326,843
114000168,572,447,125
114000169,1262,1253,9
114000170,1016,1017,-1
114000171,1030,3652,-2622
114000174,130,378,-248
114000176,292,398,-106
114000177,1217,604,613
114000178,35,36,-1
114000179,1001,642,359
114000180,317,385,-68
114000181,1336,3331,-1995
114000182,1510,1844,-334
114000183,619,663,-44
114000184,1936,629,1307
114000185,915,637,278
114000189,1160,124,1036
114000190,2810,386,2424
114000191,78,76,2
114000192,126,785,-659
114000193,416,1350,-934
114000194,1165,556,609
114000195,145,26,119
114000196,2,108,-106
114000197,1303,24,1279
114000198,550,270,280
114000199,1311,1438,-127
114000200,431,980,-549
114000201,132,483,-351
114000202,832,321,511
114000203,446,400,46
114000204,130,289,-159
114000205,143,855,-712
114000206,481,918,-437
114000207,419,1021,-602
114000208,383,1479,-1096
114000209,509,1333,-824
114000210,201,679,-478
114000211,936,1253,-317
114000212,668,623,45
114000213,1242,469,773
114000214,84,151,-67
114000215,233,68,165
114000216,1494,400,1094
114000217,336,180,156
114000218,171,144,27
114000219,1147,154,993
114000220,37,547,-510
114000221,744,125,619
114000222,111,627,-516
114000223,505,118,387
114000224,76,385,-309
114000225,227,445,-218
114000226,191,179,12
114000227,706,380,326
114000228,812,489,323
114000229,1107,811,296
114000230,1515,730,785
114000231,885,870,15
114000232,765,153,612
114000233,2135,126,2009
114000234,822,551,271
114000235,884,908,-24
114000236,1,240,-239
114000237,106,497,-391
114000238,188,159,29
114000239,129,665,-536
114000240,627,616,11
114000241,234,605,-371
114000242,729,585,144
114000243,1623,647,976
114000244,762,175,587
114000245,351,661,-310
114000246,71,50,21
114000247,654,409,245
114000248,956,414,542
114000249,462,411,51
114000250,547,526,21
114000251,358,173,185
114000252,54,29,25
114000253,51,79,-28
114000254,48,57,-9
114000255,486,175,311
114000256,857,2171,-1314
114000257,261,759,-498
114000258,294,258,36
114000259,137,174,-37
114000260,0,21,-21
114000261,29,35,-6
114000262,247,100,147
114000263,5,2,3
114000264,1154,299,855
114000265,0,0,0
114000267,2,1417,-1415
114000268,1,803,-802
114000270,178,3,175
114000271,329,46,283
114000283,1313,349,964
114000285,26,132,-106
114000288,124,213,-89
114000289,1431,99,1332
114000293,182,384,-202
114000294,155,243,-88
114000395,1276,25,1251
114000396,623,467,156
114000402,510,202,308
114000403,282,200,82
114000405,156,228,-72
114000423,305,219,86
114000424,486,96,390
114000425,712,198,514
114000426,271,801,-530
114000427,61,58,3
114000428,145,159,-14
114000429,8,152,-144
114000432,114,52,62
114000434,30,63,-33
114000435,19,112,-93
114900001,674,524,150
114900002,616,112,504
114900003,684,744,-60
114900004,171,405,-234
114900005,487,468,19
114900006,84,77,7
114900007,256,21,235
114900008,184,78,106
114900010,1325,1517,-192
114900011,235,124,111
114900013,228,123,105
114900015,73,437,-364
114900018,728,32,696
114900020,205,96,109
114900022,15,442,-427
114900024,308,160,148
114900025,452,154,298
114900026,80,126,-46
114900027,231,165,66
114900029,18,19,-1
114900030,314,157,157
114900031,401,29,372
114900032,363,20,343
114900033,570,761,-191
114900034,58,173,-115
114900035,134,246,-112
114900036,179,416,-237
114900037,103,127,-24
114900038,153,335,-182
114900039,468,288,180
114900040,75,86,-11
114900041,797,297,500
114900042,839,431,408
114900043,435,171,264
114900044,131,20,111
114900046,28,72,-44
114900047,178,1993,-1815
114900048,101,160,-59
114900049,8,110,-102
114900050,60,235,-175
114900051,35,311,-276
114900052,80,169,-89
114900053,101,185,-84
114900054,51,84,-33
114900057,154,15,139
114900058,0,59,-59
114900059,93,59,34
114900060,705,771,-66
114900061,137,116,21
114900062,183,256,-73
114900063,58,129,-71
114900064,1481,325,1156
114900065,440,581,-141
114900067,57,314,-257
114900068,37,111,-74
114900069,159,80,79
114900070,564,228,336
114900072,3,251,-248
114900073,1,113,-112
114900074,621,405,216
114900075,328,7,321
114900076,7,294,-287
114900080,1172,238,934
114900082,2521,1840,681
114900083,761,787,-26
114900090,316,181,135
114900091,111,130,-19
114900095,219,93,126
114900096,288,514,-226
114900097,184,1,183
114900098,10,144,-134
114900099,194,9,185
115000001,3678,2246,1432
115000002,3665,4005,-340
115000003,3389,1735,1654
115000004,3898,5153,-1255
115000005,1264,1392,-128
115000006,963,1211,-248
115000007,231,177,54
115000008,329,436,-107
115000009,166,202,-36
115000010,235,160,75
115000013,76,215,-139
115000015,73,333,-260
115000016,45,192,-147
115000019,31,350,-319
115000020,98,575,-477
115000021,214,340,-126
115000022,410,301,109
115000023,330,522,-192
115000024,776,323,453
115000025,775,516,259
115000026,157,309,-152
115000027,241,259,-18
115000028,205,598,-393
115000029,588,68,520
115000030,711,849,-138
115000031,1307,193,1114
115000032,10,264,-254
115000033,157,39,118
115000034,49,887,-838
115000035,911,77,834
115000036,0,240,-240
115000037,522,13,509
115000038,55,135,-80
115000039,2934,2860,74
115000040,3675,2271,1404
115000041,1294,3096,-1802
115000042,895,442,453
115000043,3206,1788,1418
115000044,2853,2314,539
115000045,2156,1082,1074
115000046,2448,1727,721
115000047,2208,1038,1170
115000048,1307,1502,-195
115000049,1305,2111,-806
115000050,2615,1341,1274
115000051,1331,2895,-1564
115000052,1467,1367,100
115000053,1555,1513,42
115000054,479,868,-389
115000055,174,1041,-867
115000056,249,390,-141
115000057,392,1078,-686
115000058,242,396,-154
115000059,161,103,58
115000061,124,141,-17
115000062,189,188,1
115000063,415,190,225
115000064,181,52,129
115000065,108,406,-298
115000067,177,18,159
115000069,59,198,-139
115000070,31,590,-559
115000071,67,7,60
115000072,8,72,-64
115000073,1118,44,1074
115000075,83,59,24
115000076,2218,1815,403
115000077,1707,1359,348
115000078,1201,878,323
115000079,1180,1139,41
115000080,2403,1308,1095
115000081,378,570,-192
115000082,3436,3084,352
115000083,1717,1248,469
115000084,2307,960,1347
115000085,760,619,141
115000086,1082,585,497
115000087,358,1100,-742
115000088,1597,633,964
115000089,1100,1055,45
115000090,487,775,-288
115000091,184,657,-473
115000092,562,332,230
115000093,413,3,410
115000094,4144,4770,-626
115000095,3201,5315,-2114
115000096,680,787,-107
115000097,1014,814,200
115000098,1108,510,598
115000099,2170,1542,628
115000100,1060,319,741
115000101,357,978,-621
115000102,496,198,298
115000103,218,475,-257
115000105,50,84,-34
115000106,633,243,390
115000107,147,322,-175
115000108,2122,1598,524
115000109,2971,3891,-920
115000110,1155,1317,-162
115000111,511,1156,-645
115000112,646,593,53
115000113,675,600,75
115000114,1499,559,940
115000116,3173,1959,1214
115000117,2871,2548,323
115000118,1884,1570,314
115000119,1583,1895,-312
115000120,488,1225,-737
115000121,900,711,189
115000122,1976,1304,672
115000123,881,1937,-1056
115000124,556,808,-252
115000125,296,452,-156
115000126,114,224,-110
115000127,284,65,219
115000128,377,656,-279
115000129,228,335,-107
115000130,409,522,-113
115000131,782,233,549
115000132,296,245,51
115000133,583,230,353
115000134,277,241,36
115000135,246,112,134
115000136,233,246,-13
115000137,127,113,14
115000138,302,252,50
115000139,239,152,87
115000140,347,208,139
115000141,215,160,55
115000142,181,159,22
115000143,795,457,338
115000144,392,42,350
115000145,247,185,62
115000146,430,271,159
115000147,298,274,24
115000148,262,532,-270
115000149,568,170,398
115000150,515,458,57
115000151,1207,406,801
115000152,514,579,-65
115000153,1129,390,739
115000154,846,198,648
115000155,598,630,-32
115000156,948,475,473
115000157,451,560,-109
115000158,333,279,54
115000159,548,511,37
115000160,412,298,114
115000161,90,377,-287
115000162,499,618,-119
115000163,419,568,-149
115000164,597,476,121
115000165,284,370,-86
115000167,142,46,96
115000168,410,259,151
115000169,404,270,134
115000170,79,105,-26
115000171,214,233,-19
115000172,918,497,421
115000173,308,524,-216
115000174,77,322,-245
115000175,157,136,21
115000176,151,128,23
115000177,181,162,19
115000178,13,179,-166
115000179,20,28,-8
115000180,94,405,-311
115000181,671,113,558
115000182,900,212,688
115000183,343,574,-231
115000186,691,188,503
115000187,189,517,-328
115000188,369,334,35
115000189,176,403,-227
115000190,539,324,215
115000191,108,469,-361
115000194,153,159,-6
115000195,224,259,-35
115000196,173,67,106
115000197,186,154,32
115000198,401,137,264
115000199,353,81,272
115000200,305,96,209
115000201,122,295,-173
115000206,439,50,389
115000207,195,261,-66
115000208,245,444,-199
115000209,482,284,198
115000210,115,105,10
115000211,177,196,-19
115000212,974,240,734
115000224,354,61,293
115000225,47,68,-21
115000229,131,134,-3
115000230,97,243,-146
115000231,232,773,-541
115000232,1564,207,1357
115000233,121,121,0
115000234,23,221,-198
115000241,60,127,-67
115000242,100,160,-60
115000243,42,115,-73
115000244,12,72,-60
115000246,37,14,23
115000247,41,20,21
115000248,22,17,5
115000249,24,13,11
115000250,265,37,228
115000251,213,73,140
115000252,86,161,-75
115000253,19,332,-313
115000258,290,117,173
115000259,259,70,189
115000261,19,15,4
115000262,8,23,-15
115000263,21,22,-1
115000264,18,30,-12
115000267,62,52,10
115000268,31,101,-70
115000269,96,62,34
115000270,8,9,-1
115000272,66,90,-24
115000273,438,29,409
115000280,1290,410,880
115000281,389,1052,-663
115000282,567,787,-220
115000284,222,98,124
115000296,989,7,982
115000297,102,247,-145
115000298,41,420,-379
115000300,151,139,12
115000302,596,80,516
115000303,810,98,712
115000304,733,54,679
115000305,100,429,-329
115000306,152,160,-8
115000307,101,179,-78
115000308,33,28,5
115000309,10,47,-37
115000310,1004,565,439
115000311,1021,887,134
115000313,75,350,-275
115000314,412,115,297
115000315,729,507,222
115000316,44,90,-46
115000317,166,252,-86
115000318,721,236,485
115000319,63,205,-142
115000320,23,196,-173
115000321,233,13,220
115000322,40,129,-89
115000449,164,174,-10
115000557,4,1355,-1351
115000558,206,93,113
115000587,517,232,285
115000588,1711,1622,89
115000589,3149,1766,1383
115000590,1018,1045,-27
115000591,1476,543,933
115000592,476,1489,-1013
115000593,1301,497,804
115000594,555,2093,-1538
115000609,206,244,-38
115000617,776,2340,-1564
115000624,257,50,207
115000633,343,1311,-968
115000634,2064,541,1523
115000635,431,111,320
115000638,492,516,-24
115000641,50,101,-51
115000642,285,216,69
115000643,127,395,-268
115000644,101,260,-159
115000646,783,1345,-562
115000647,136,393,-257
115000648,1795,1156,639
115000893,1954,1263,691
115000894,123,777,-654
115000895,268,649,-381
115000896,928,337,591
115000897,409,153,256
115000898,427,178,249
115000899,264,971,-707
115000900,51,311,-260
115000901,37,137,-100
115000912,404,72,332
115000913,9,13,-4
115000915,9,3,6
115000916,5,0,5
115000917,0,4,-4
115000918,48,425,-377
115000919,6,11,-5
115000920,15,53,-38
115000921,345,63,282
115000922,673,673,0
115000923,238,924,-686
115000925,117,68,49
115000927,35,51,-16
115000933,167,180,-13
115000934,131,129,2
115000935,89,56,33
115000936,25,607,-582
115000937,519,127,392
115000938,59,236,-177
115000939,67,137,-70
115000940,14,38,-24
115000941,2,14,-12
115000942,10,109,-99
115000943,11,18,-7
115000944,8,9,-1
115900001,137,31,106
115900002,91,109,-18
115900003,170,61,109
115900004,0,35,-35
115900005,226,15,211
115900006,167,166,1
115900008,71,6,65
115900009,92,153,-61
115900010,332,101,231
115900011,415,132,283
115900012,197,37,160
115900013,270,123,147
115900014,144,96,48
115900015,117,38,79
115900016,109,27,82
115900017,10,3,7
115900018,135,46,89
115900019,116,12,104
115900020,75,0,75
115900021,814,183,631
115900022,804,8,796
115900023,10,6,4
115900025,39,274,-235
115900026,636,132,504
115900027,1,161,-160
115900028,369,39,330
115900029,20,171,-151
115900030,29,16,13
115900031,242,281,-39
115900032,397,402,-5
115900033,0,42,-42
115900034,30,182,-152
115900035,60,18,42
115900036,44,791,-747
115900037,17,199,-182
115900038,64,11,53
115900039,219,122,97
115900041,285,581,-296
115900042,32,9,23
115900043,108,57,51
115900044,233,220,13
115900046,319,171,148
115900047,154,162,-8
115900049,140,158,-18
115900051,1,44,-43
115900052,8,83,-75
115900053,245,143,102
115900054,213,39,174
115900055,23,81,-58
115900056,192,136,56
115900057,12,6,6
115900058,29,50,-21
115900060,65,81,-16
115900061,238,3,235
115900062,23,153,-130
115900063,62,5,57
115900064,115,221,-106
115900065,124,62,62
115900066,125,82,43
115900067,10,344,-334
115900068,1782,938,844
115900069,37,138,-101
115900070,135,107,28
115900071,1,256,-255
115900072,24,98,-74
115900073,60,95,-35
115900074,1,180,-179
115900075,33,167,-134
115900076,1,39,-38
115900077,6,152,-146
115900078,108,125,-17
115900079,210,8,202
115900080,208,169,39
115900081,19,51,-32
115900082,153,113,40
115900084,362,13,349
115900085,31,68,-37
115900086,1139,403,736
115900088,35,63,-28
115900089,317,418,-101
115900090,432,15,417
115900091,4,63,-59
115900092,23,69,-46
115900093,12,26,-14
115900094,1,154,-153
115900096,7,5,2
115900097,6,167,-161
115900098,219,225,-6
115900099,133,49,84
115900100,20,310,-290
115900101,179,181,-2
115900102,119,56,63
115900103,256,105,151
115900104,72,71,1
115900105,232,287,-55
115900106,73,15,58
115900107,73,77,-4
115900108,122,20,102
115900109,31,272,-241
115900110,2,8,-6
115900111,2,57,-55
115900112,33,613,-580
115900113,68,22,46
115900114,4,92,-88
115900115,65,183,-118
115900116,68,566,-498
115900117,97,22,75
115900118,4,167,-163
115900119,128,119,9
115900120,28,165,-137
115900121,229,173,56
115900124,298,628,-330
115900125,371,54,317
115900126,688,87,601
115900127,650,79,571
115900128,4,79,-75
115900129,599,63,536
115900130,25,169,-144
115900131,419,19,400
115900132,527,6,521
115900134,365,9,356
115900135,310,1006,-696
115900137,18,5,13
115900139,42,75,-33
115900140,254,40,214
115900141,3,35,-32
115900142,7,20,-13
115900143,293,272,21
115900144,91,132,-41
115900146,16,45,-29
115900147,189,214,-25
115900148,38,6,32
115900149,101,20,81
115900150,47,18,29
115900151,16,107,-91
115900152,170,230,-60
115900153,124,176,-52
115900154,293,249,44
115900155,0,25,-25
115900156,565,770,-205
115900157,188,406,-218
115900158,14,3,11
115900159,108,135,-27
115900160,4,8,-4
115900161,42,106,-64
115900163,209,84,125
115900164,510,16,494
115900166,180,98,82
115900168,132,127,5
115900171,90,279,-189
115900172,42,97,-55
115900173,143,101,42
115900174,214,157,57
115900175,141,164,-23
115900178,3,313,-310
115900179,270,5,265
115900180,20,85,-65
115900181,174,128,46
115900182,440,111,329
115900183,66,70,-4
115900184,845,10,835
115900187,14,103,-89
115900189,3,178,-175
115900190,198,1105,-907
115900191,23,258,-235
115900192,16,150,-134
115900193,351,98,253
115900194,710,46,664
115900195,432,1881,-1449
115900198,203,264,-61
115900199,193,159,34
115900200,173,321,-148
115900201,344,229,115
115900202,1,40,-39
115900203,7,15,-8
115900204,1,3,-2
115900205,55,12,43
115900206,238,124,114
115900207,49,21,28
115900208,113,77,36
115900209,4,123,-119
115900210,4,124,-120
115900211,2,139,-137
115900212,177,166,11
115900213,58,114,-56
115900214,568,141,427
115900215,24,174,-150
115900216,13,68,-55
115900217,27,21,6
115900218,4,29,-25
115900219,126,5,121
115900220,195,13,182
115900221,74,9,65
115900222,53,23,30
115900223,5,308,-303
115900224,705,1085,-380
115900225,69,36,33
115900226,15,35,-20
115900227,12,42,-30
115900228,11,32,-21
115900229,17,31,-14
115900230,48,85,-37
115900231,87,2,85
115900232,61,1,60
115900233,55,12,43
115900234,59,20,39
115900235,40,15,25
115900236,94,15,79
115900237,51,24,27
115900238,51,9,42
115900239,10,26,-16
115900240,8,38,-30
115900241,238,76,162
115900242,218,251,-33
115900243,8,6,2
115900244,17,3,14
115900245,57,3,54
115900246,8,25,-17
115900247,19,6,13
115900248,2,5,-3
115900249,3,6,-3
115900250,8,16,-8
115900251,1,9,-8
115900252,4,2,2
115900253,11,10,1
115900254,5,34,-29
115900255,2,11,-9
115900256,12,15,-3
115900257,6,4,2
115900258,0,0,0
115900259,9,1,8
115900260,6,4,2
115900261,4,2,2
115900262,1,1,0
115900263,9,0,9
115900264,8,2,6
115900265,1,2,-1
115900266,1,8,-7
115900267,7,17,-10
115900268,9,8,1
115900269,477,304,173
115900270,400,176,224
115900271,150,2,148
115900272,30,3,27
115900273,7,26,-19
115900274,1,3,-2
115900275,4,11,-7
115900276,1,16,-15
115900277,0,49,-49
115900278,46,70,-24
115900279,13,142,-129
115900280,20,446,-426
115900281,215,214,1
115900282,5,10,-5
115900283,32,9,23
115900284,23,4,19
116000001,6083,3043,3040
116000002,3992,10607,-6615
116000003,1420,1179,241
116000004,2746,3520,-774
116000005,1276,1973,-697
116000006,2173,2286,-113
116000007,1805,1982,-177
116000008,3262,1796,1466
116000009,1158,1365,-207
116000010,2220,1256,964
116000011,725,1291,-566
116000012,1364,866,498
116000013,4954,2764,2190
116000014,6469,10279,-3810
116000015,149,1167,-1018
116000016,3761,3017,744
116000017,40,604,-564
116000018,491,191,300
116000019,794,238,556
116000020,391,440,-49
116000021,416,208,208
116000022,273,267,6
116000023,1077,632,445
116000024,446,558,-112
116000025,751,570,181
116000026,1208,1725,-517
116000027,546,485,61
116000028,360,536,-176
116000029,352,406,-54
116000030,583,335,248
116000031,122,239,-117
116000032,298,125,173
116000033,262,289,-27
116000034,431,573,-142
116000035,269,469,-200
116000036,974,1020,-46
116000037,398,401,-3
116000038,274,421,-147
116000039,385,325,60
116000040,518,369,149
116000041,133,315,-182
116000042,511,243,268
116000043,89,436,-347
116000044,7,68,-61
116000045,1176,1029,147
116000046,712,1034,-322
116000047,1214,1589,-375
116000048,1561,1265,296
116000049,1051,2116,-1065
116000050,1102,930,172
116000051,4498,1735,2763
116000052,4232,3339,893
116000053,1784,577,1207
116000054,726,1764,-1038
116000055,592,631,-39
116000056,906,814,92
116000057,1800,1027,773
116000058,2091,1935,156
116000059,2057,2843,-786
116000060,1658,807,851
116000061,497,854,-357
116000062,527,159,368
116000063,451,972,-521
116000066,279,527,-248
116000067,192,421,-229
116000068,190,265,-75
116000069,222,246,-24
116000078,596,868,-272
116000080,1525,638,887
116000082,7,29,-22
116000083,1564,384,1180
116000084,1602,2323,-721
116000085,1815,1748,67
116000086,1352,792,560
116000087,1964,1581,383
116000088,630,731,-101
116000089,155,74,81
116000090,101,149,-48
116000091,316,294,22
116000093,931,625,306
116000094,738,415,323
116000095,823,480,343
116000096,717,1254,-537
116000097,904,544,360
116000098,88,6398,-6310
116000099,4493,222,4271
116000100,211,10,201
116000101,862,523,339
116000102,220,886,-666
116000103,459,225,234
116000104,213,878,-665
116000105,1121,138,983
116000106,937,624,313
116000107,3163,269,2894
116000108,349,136,213
116000111,149,47,102
116000113,109,98,11
116000114,33,113,-80
116000115,336,134,202
116000116,252,273,-21
116000117,1274,1427,-153
116000118,1270,756,514
116000119,3062,1457,1605
116000120,2408,2509,-101
116000121,880,466,414
116000122,967,970,-3
116000123,1054,423,631
116000124,311,596,-285
116000125,2657,629,2028
116000126,278,834,-556
116000127,853,733,120
116000128,1592,715,877
116000129,1524,220,1304
116000130,542,440,102
116000133,1006,650,356
116000134,1481,1090,391
116000135,2440,1107,1333
116000136,830,1302,-472
116000137,1010,553,457
116000138,718,539,179
116000139,1239,1571,-332
116000140,144,191,-47
116000141,246,477,-231
116000142,2225,1759,466
116000143,1662,1367,295
116000144,1265,1337,-72
116000145,1531,868,663
116000146,652,117,535
116000147,186,107,79
116000148,454,461,-7
116000149,562,596,-34
116000151,457,369,88
116000153,90,270,-180
116000155,136,224,-88
116000156,572,812,-240
116000157,80,20,60
116000158,284,223,61
116000159,8,15,-7
116000160,15,33,-18
116000161,6,38,-32
116000162,34,82,-48
116000163,27,8,19
116000164,1,9,-8
116000177,442,106,336
116000194,105,297,-192
116000195,1058,497,561
116000196,11,1,10
116000197,14,18,-4
116000198,1505,673,832
116000200,449,461,-12
116000201,448,443,5
116000202,10,196,-186
116000203,1,79,-78
116000204,11,48,-37
116000205,0,118,-118
116000206,3,59,-56
116000207,10,27,-17
116000233,163,287,-124
116000287,198,264,-66
116000288,232,163,69
116000292,78,56,22
116000296,18,150,-132
116000297,103,19,84
116000304,109,33,76
116000305,21,48,-27
116000346,140,31,109
116000352,76,35,41
116000354,22,22,0
116000357,48,63,-15
116000358,423,64,359
116000361,123,7,116
116000372,3049,4210,-1161
116000381,129,1,128
116000388,2,32,-30
116000389,712,440,272
116000445,409,377,32
116000446,573,340,233
116000447,19,438,-419
116000448,421,150,271
116000563,635,678,-43
116000565,35,267,-232
116000568,55,313,-258
116000579,25,89,-64
116000584,12,5,7
116000585,29,11,18
116000586,46,54,-8
116000587,313,375,-62
116000589,24,37,-13
116000590,73,68,5
116000591,234,142,92
116000592,10,65,-55
116000593,2,37,-35
116000594,638,298,340
116000595,478,108,370
116000596,88,2,86
116000597,472,118,354
116000598,22,134,-112
116000602,44,151,-107
116000605,143,78,65
116000606,65,252,-187
116000607,2,18,-16
116000609,122,838,-716
116000611,164,295,-131
116000612,915,1539,-624
116000613,504,274,230
116000614,368,325,43
116000615,0,237,-237
116000616,38,51,-13
116000617,89,24,65
116000618,1,37,-36
116000619,48,80,-32
116000620,142,92,50
116000621,78,81,-3
116000622,93,111,-18
116000624,234,59,175
116000627,61,16,45
116000628,47,226,-179
116000629,24,168,-144
116000630,440,23,417
116000631,223,38,185
116000632,939,54,885
116000633,175,154,21
116000634,501,84,417
116000635,1764,1887,-123
116000636,453,846,-393
116000637,425,37,388
116000638,139,243,-104
116000640,4,7,-3
116000641,21,71,-50
116000644,27,227,-200
116900001,192,93,99
116900002,161,2,159
116900003,27,27,0
116900004,37,40,-3
116900005,283,51,232
116900006,108,130,-22
116900007,84,125,-41
116900008,339,196,143
116900009,18,6,12
116900010,4,694,-690
116900011,13,21,-8
116900012,135,136,-1
116900013,0,83,-83
116900014,95,139,-44
116900015,445,32,413
116900016,213,4,209
116900017,1,371,-370
116900018,89,40,49
116900019,6,158,-152
116900020,520,887,-367
116900023,137,12,125
116900024,567,51,516
116900025,886,491,395
116900026,87,389,-302
116900027,28,39,-11
116900028,7,92,-85
116900029,0,35,-35
116900031,1,0,1
116900032,5,175,-170
116900033,12,9,3
116900034,29,46,-17
116900035,115,71,44
116900036,2,84,-82
116900038,24,2,22
116900041,37,5,32
116900042,347,192,155
116900043,22,42,-20
116900047,21,136,-115
116900049,34,220,-186
116900050,90,260,-170
116900051,132,138,-6
116900052,107,43,64
116900055,1,11,-10
116900057,28,135,-107
116900058,21,206,-185
116900059,1,110,-109
116900060,154,147,7
116900062,0,27,-27
116900064,86,376,-290
116900065,20,76,-56
116900067,72,71,1
116900068,98,141,-43
116900070,3,2,1
116900072,42,238,-196
116900073,14,64,-50
116900074,4,29,-25
116900076,16,22,-6
116900077,8,67,-59
116900078,189,55,134
116900079,39,143,-104
116900080,7,19,-12
116900081,330,682,-352
116900082,316,640,-324
116900083,18,17,1
116900084,81,25,56
116900085,36,95,-59
116900086,55,133,-78
116900088,294,86,208
116900090,97,41,56
116900091,313,30,283
116900092,78,435,-357
116900093,1182,1285,-103
116900094,2361,3418,-1057
116900095,169,84,85
116900096,113,275,-162
116900097,1541,2626,-1085
116900098,639,277,362
116900099,431,517,-86
116900100,1002,33,969
116900101,258,296,-38
116900103,6,2,4
116900104,58,76,-18
116900105,230,131,99
116900106,1760,143,1617
116900107,1978,2134,-156
116900110,25,0,25
116900111,477,445,32
116900112,270,696,-426
116900113,1268,1420,-152
116900116,75,547,-472
116900117,145,90,55
116900118,465,669,-204
116900120,323,46,277
116900121,122,26,96
116900122,782,417,365
116900123,159,433,-274
116900124,198,594,-396
116900125,375,132,243
116900126,78,458,-380
116900128,1,37,-36
116900129,2,321,-319
116900130,449,3196,-2747
116900131,103,269,-166
116900132,43,97,-54
116900133,140,116,24
116900134,215,231,-16
116900136,169,156,13
116900137,155,119,36
116900138,159,139,20
116900139,158,302,-144
116900140,126,105,21
116900141,648,299,349
116900142,4,49,-45
116900143,249,197,52
116900144,26,66,-40
116900145,71,122,-51
116900147,263,378,-115
116900148,6,31,-25
116900149,41,230,-189
116900150,9,11,-2
116900151,53,11,42
116900153,104,75,29
116900154,266,461,-195
116900155,48,62,-14
116900157,553,154,399
116900158,98,244,-146
116900159,36,200,-164
116900160,812,530,282
116900161,3217,5899,-2682
116900162,14,83,-69
116900163,121,80,41
116900164,90,72,18
116900165,245,160,85
116900166,22,24,-2
116900167,375,52,323
116900168,407,52,355
116900169,313,508,-195
116900170,305,403,-98
116900171,42,101,-59
116900172,133,384,-251
116900173,195,27,168
116900174,61,54,7
116900175,167,186,-19
116900178,34,80,-46
116900179,71,363,-292
116900180,64,19,45
116900182,393,198,195
116900183,125,85,40
116900185,18,47,-29
116900186,90,143,-53
116900187,40,53,-13
116900188,125,24,101
116900189,42,1,41
116900191,336,409,-73
116900192,253,84,169
116900194,147,1240,-1093
116900195,34,22,12
116900196,10,86,-76
116900197,117,10,107
116900198,113,219,-106
116900200,86,13,73
116900201,85,5,80
116900202,75,32,43
116900203,164,6,158
116900204,37,66,-29
116900206,20,5,15
116900207,22,11,11
116900208,27,57,-30
116900209,16,76,-60
116900210,445,236,209
116900211,141,6,135
116900212,84,27,57
116900213,148,118,30
116900214,170,103,67
116900215,73,63,10
116900216,262,139,123
116900218,7,168,-161
116900219,991,206,785
116900220,107,240,-133
116900221,98,234,-136
116900222,368,269,99
116900223,105,182,-77
116900226,92,24,68
116900227,174,57,117
116900228,201,116,85
116900230,60,154,-94
116900231,37,197,-160
116900232,6,237,-231
116900233,200,80,120
116900234,20,6,14
116900235,100,158,-58
116900238,1098,219,879
116900239,18,1079,-1061
116900240,3352,2425,927
116900241,61,80,-19
116900242,394,493,-99
116900243,3,30,-27
116900245,21,16,5
116900246,111,21,90
116900247,811,25,786
116900248,79,33,46
116900249,414,93,321
116900250,381,28,353
116900251,341,481,-140
116900252,164,648,-484
116900253,134,67,67
116900254,42,78,-36
116900255,138,97,41
116900256,358,83,275
116900257,34,309,-275
116900258,6,136,-130
116900259,257,6,251
116900260,3,81,-78
116900261,63,2,61
116900262,258,127,131
116900263,0,8,-8
116900264,58,35,23
116900265,51,1,50
116900266,25,23,2
116900267,4,1,3
116900268,116,183,-67
116900269,196,349,-153
116900271,905,289,616
116900272,248,155,93
116900273,71,64,7
116900274,125,51,74
116900275,129,57,72
116900276,434,133,301
116900277,386,24,362
116900278,7,7,0
116900279,1,14,-13
116900280,28,12,16
116900281,3560,3964,-404
116900282,6,55,-49
116900283,9,75,-66
116900284,16,127,-111
116900285,192,190,2
116900286,139,17,122
116900287,5,30,-25
116900288,90,80,10
116900289,12,7,5
116900290,4,17,-13
116900291,11,15,-4
116900292,0,27,-27
116900293,58,28,30
116900294,35,122,-87
116900295,119,82,37
116900296,44,60,-16
116900297,4,97,-93
116900298,54,84,-30
116900299,18,33,-15
116900300,1,69,-68
116900301,34,106,-72
116900302,15,47,-32
116900303,111,58,53
116900304,1,165,-164
116900305,11,38,-27
116900306,149,43,106
116900307,24,0,24
116900308,0,48,-48
116900309,79,79,0
117000001,1758,1283,475
117000002,1519,2691,-1172
117000003,4965,2629,2336
117000004,2509,3775,-1266
117000005,1930,1508,422
117000006,927,2199,-1272
117000007,3640,931,2709
117000008,803,2198,-1395
117000009,4206,1533,2673
117000010,1918,2707,-789
117000011,2163,1324,839
117000012,1205,833,372
117000013,1742,610,1132
117000014,932,1566,-634
117000015,1812,954,858
117000016,171,130,41
117000017,169,108,61
117000018,114,520,-406
117000019,84,31,53
117000020,433,1113,-680
117000021,942,555,387
117000022,196,155,41
117000023,115,257,-142
117000024,117,196,-79
117000025,319,1152,-833
117000026,1425,1372,53
117000027,1211,3136,-1925
117000028,1282,1599,-317
117000030,285,282,3
117000031,278,201,77
117000032,1208,822,386
117000033,981,488,493
117000034,239,225,14
117000035,275,234,41
117000036,429,218,211
117000037,225,140,85
117000038,142,402,-260
117000039,319,170,149
117000040,191,671,-480
117000041,985,179,806
117000044,10,525,-515
117000045,584,93,491
117000046,327,601,-274
117000047,766,669,97
117000048,1467,673,794
117000049,99,412,-313
117000050,123,1107,-984
117000051,2040,86,1954
117000052,53,205,-152
117000053,560,20,540
117000054,1627,11,1616
117000055,9,1746,-1737
117000056,571,32,539
117000057,454,1653,-1199
117000060,320,741,-421
117000061,1394,698,696
117000062,209,454,-245
117000063,1477,645,832
117000064,520,533,-13
117000066,571,598,-27
117000067,89,491,-402
117000074,120,188,-68
117000076,100,36,64
117000077,112,149,-37
117000078,108,545,-437
117000079,300,184,116
117000080,1,223,-222
117000081,944,91,853
117000082,19,59,-40
117000083,94,5,89
117000084,155,0,155
117000085,293,718,-425
117000086,647,327,320
117000087,83,401,-318
117000088,297,136,161
117000089,1563,213,1350
117000090,275,830,-555
117000091,786,192,594
117000092,313,817,-504
117000093,1099,664,435
117000094,1031,1628,-597
117000095,3017,649,2368
117000096,670,1453,-783
117000097,1539,917,622
117000098,1925,2517,-592
117000099,3255,1026,2229
117000100,199,222,-23
117000101,167,688,-521
117000102,1886,501,1385
117000103,506,942,-436
117000104,1398,461,937
117000105,673,902,-229
117000106,1146,533,613
117000107,414,1018,-604
117000108,1761,764,997
117000109,1005,1410,-405
117000110,1365,903,462
117000111,2909,3049,-140
117000112,3082,1233,1849
117000113,94,144,-50
117000114,215,98,117
117000115,62,55,7
117000116,132,189,-57
117000117,1182,869,313
117000118,228,88,140
117000119,172,184,-12
117000120,117,504,-387
117000121,34,740,-706
117000122,283,613,-330
117000123,1386,43,1343
117000124,236,119,117
117000125,110,119,-9
117000126,58,12,46
117000127,131,273,-142
117000128,209,776,-567
117000129,284,661,-377
117000130,154,1,153
117000131,1,90,-89
117000132,2912,22,2890
117000133,1816,70,1746
117000134,0,52,-52
117000135,4,57,-53
117000136,3,17,-14
117000137,111,83,28
117000138,1,524,-523
117000140,350,889,-539
117000141,1377,444,933
117000181,327,161,166
117000182,396,590,-194
117000195,176,638,-462
117000196,290,119,171
117000225,77,50,27
117000226,10,109,-99
117000276,366,18,348
117000277,0,234,-234
117000310,1085,1653,-568
117000315,31,504,-473
117000320,72,0,72
117000906,423,14,409
117000907,12,196,-184
117000909,47,23,24
117000910,158,158,0
117000911,60,139,-79
117000915,10,325,-315
117000916,25,10,15
117000917,1180,50,1130
117000918,72,49,23
117000919,6,39,-33
117000920,0,735,-735
117000921,3,754,-751
117000922,29,66,-37
117000924,406,637,-231
117000926,431,100,331
117000927,567,863,-296
117000928,0,102,-102
117000929,232,247,-15
117000930,204,9,195
117000931,144,124,20
117900002,78,296,-218
117900003,377,283,94
117900005,22,39,-17
117900006,0,50,-50
117900007,123,74,49
117900008,0,29,-29
117900010,239,57,182
117900011,19,149,-130
117900012,43,51,-8
117900013,0,89,-89
117900014,484,81,403
117900015,27,62,-35
117900016,721,665,56
117900017,431,169,262
117900018,127,108,19
117900019,487,153,334
117900020,54,392,-338
117900021,19,52,-33
117900022,63,10,53
117900023,651,57,594
117900024,35,31,4
117900025,48,17,31
117900026,389,162,227
117900028,41,2,39
117900029,200,305,-105
117900030,369,192,177
117900031,94,70,24
117900032,1004,539,465
117900033,224,297,-73
117900034,36,18,18
117900035,228,123,105
117900036,168,217,-49
117900037,191,71,120
117900038,24,167,-143
117900039,10,33,-23
117900040,127,234,-107
117900041,0,33,-33
117900042,1982,213,1769
117900043,20,23,-3
117900044,2,2515,-2513
117900045,120,83,37
117900048,326,171,155
117900049,114,265,-151
117900050,4,146,-142
117900051,19,2,17
117900052,59,287,-228
117900053,1679,439,1240
117900054,1,32,-31
117900055,248,154,94
117900056,59,60,-1
117900057,870,857,13
117900058,42,23,19
117900059,156,91,65
117900060,2212,3577,-1365
117900061,16,160,-144
117900063,346,106,240
117900065,894,841,53
117900066,9,57,-48
117900067,398,103,295
117900069,626,167,459
117900070,109,21,88
117900071,104,106,-2
117900073,402,165,237
117900074,77,62,15
117900075,47,40,7
117900076,30,48,-18
117900077,445,133,312
117900078,320,707,-387
117900080,86,23,63
117900081,461,277,184
117900082,310,329,-19
117900083,385,242,143
117900086,102,24,78
117900087,78,37,41
117900088,2246,1243,1003
117900089,1798,690,1108
117900090,395,247,148
117900091,101,111,-10
117900092,58,17,41
117900093,74,38,36
117900094,48,45,3
117900095,332,265,67
117900096,68,169,-101
117900097,139,41,98
117900098,57,18,39
117900099,109,138,-29
117900100,261,1,260
117900101,368,1454,-1086
117900102,63,18,45
117900103,56,2,54
117900104,16,92,-76
117900105,93,136,-43
117900106,79,24,55
117900107,31,1,30
117900109,612,381,231
117900110,108,1,107
117900111,509,20,489
117900112,36,13,23
117900113,1427,1391,36
117900114,28,1,27
117900115,122,67,55
117900116,646,557,89
117900117,561,236,325
117900118,61,0,61
117900119,229,96,133
117900120,238,21,217
117900121,88,27,61
117900122,742,3055,-2313
117900123,520,265,255
117900124,758,520,238
117900125,1404,1513,-109
117900126,173,365,-192
117900127,318,199,119
117900128,322,309,13
117900129,89,2,87
117900130,666,282,384
117900131,5,70,-65
117900132,12,75,-63
117900133,17,77,-60
117900134,42,182,-140
117900135,29,129,-100
117900136,0,14,-14
117900137,29,195,-166
117900138,34,66,-32
117900139,142,103,39
117900140,2028,173,1855
117900141,124,136,-12
117900142,26,68,-42
117900144,37,160,-123
117900145,27,30,-3
117900146,157,155,2
117900147,56,49,7
117900148,1754,1554,200
117900149,120,117,3
117900150,25,24,1
117900151,28,60,-32
117900152,69,48,21
117900153,29,43,-14
117900154,361,352,9
117900156,679,513,166
117900157,59,393,-334
117900158,312,82,230
117900160,655,729,-74
117900161,1933,1324,609
117900162,394,266,128
117900163,20,138,-118
117900165,0,11,-11
117900166,101,397,-296
117900168,26,142,-116
117900169,1,84,-83
117900170,0,7,-7
117900171,0,19,-19
117900172,16,19,-3
117900173,141,65,76
117900174,35,47,-12
117900175,12,27,-15
117900176,5,17,-12
117900177,21,28,-7
117900178,79,30,49
117900180,169,48,121
117900181,41,360,-319
117900182,7,48,-41
117900183,72,151,-79
117900184,9,42,-33
117900185,41,34,7
117900186,67,24,43
117900187,29,9,20
117900188,222,36,186
117900189,39,37,2
117900190,23,1,22
117900191,56,0,56
117900192,242,1,241
117900193,0,84,-84
117900194,7,8,-1
117900195,27,44,-17
117900196,18,41,-23
117900207,110,86,24
117900208,20,33,-13
117900209,124,132,-8
117900210,88,148,-60
117900211,3,129,-126
117900212,87,90,-3
117900213,22,7,15
117900214,2,30,-28
117900215,17,42,-25
117900216,13,23,-10
117900217,56,210,-154
117900218,97,96,1
117900219,7,120,-113
117900220,51,110,-59
117900222,183,214,-31
117900223,88,209,-121
118000001,737,913,-176
118000002,526,1227,-701
118000003,1566,2606,-1040
118000004,1468,1478,-10
118000005,3050,4355,-1305
118000006,2983,6675,-3692
118000007,3451,3332,119
118000008,2189,2834,-645
118000009,1206,2714,-1508
118000010,5013,2990,2023
118000011,1317,1451,-134
118000012,878,1385,-507
118000013,2092,1660,432
118000014,2307,1798,509
118000016,169,232,-63
118000017,329,313,16
118000018,262,294,-32
118000019,1434,1103,331
118000020,821,2779,-1958
118000021,483,2612,-2129
118000022,1203,640,563
118000023,552,193,359
118000024,916,1110,-194
118000027,8255,9381,-1126
118000029,608,537,71
118000032,666,2894,-2228
118000033,2070,4727,-2657
118000034,3296,1991,1305
118000035,1422,2308,-886
118000036,700,1025,-325
118000037,659,609,50
118000038,212,64,148
118000039,72,155,-83
118000040,1365,1008,357
118000041,2183,1068,1115
118000045,218,174,44
118000046,960,645,315
118000047,633,877,-244
118000048,1525,1634,-109
118000051,2855,1740,1115
118000052,2345,1106,1239
118000053,228,379,-151
118000054,1055,801,254
118000055,1033,1007,26
118000056,259,359,-100
118000057,210,260,-50
118000058,1913,1477,436
118000059,1310,1035,275
118000060,853,409,444
118000061,1167,878,289
118000062,550,308,242
118000063,390,587,-197
118000064,662,975,-313
118000065,2334,1312,1022
118000066,673,1367,-694
118000067,434,500,-66
118000068,948,3769,-2821
118000069,1450,826,624
118000070,3870,1561,2309
118000071,2270,5670,-3400
118000072,739,1199,-460
118000073,685,554,131
118000074,453,438,15
118000075,598,220,378
118000076,1009,2302,-1293
118000077,1021,980,41
118000078,1302,1717,-415
118000079,202,354,-152
118000080,651,702,-51
118000081,1423,1020,403
118000082,265,910,-645
118000083,1333,1262,71
118000084,2040,1437,603
118000086,205,467,-262
118000087,3081,2057,1024
118000088,1325,1323,2
118000089,2579,1839,740
118000090,953,2192,-1239
118000091,734,2208,-1474
118000092,678,435,243
118000093,71,566,-495
118000096,399,448,-49
118000097,564,516,48
118000098,336,109,227
118000099,484,454,30
118000101,1107,226,881
118000102,322,651,-329
118000107,1018,363,655
118000108,497,2064,-1567
118000110,1,23,-22
118000111,2,182,-180
118000112,459,6,453
118000113,0,228,-228
118000114,427,22,405
118000115,7,3,4
118000116,19,0,19
118000117,758,488,270
118000118,837,870,-33
118000119,679,1078,-399
118000120,1503,791,712
118000121,67,536,-469
118000122,1116,289,827
118000123,59,252,-193
118000125,1378,654,724
118000126,639,1234,-595
118000127,1346,616,730
118000128,461,858,-397
118000129,815,300,515
118000130,1525,1988,-463
118000131,337,421,-84
118000132,2344,1781,563
118000133,935,333,602
118000135,450,382,68
118000136,113,329,-216
118000137,432,57,375
118000138,292,342,-50
118000139,394,98,296
118000140,2149,3786,-1637
118000141,1966,1329,637
118000142,1588,1057,531
118000143,2084,886,1198
118000144,819,453,366
118000145,1408,999,409
118000146,958,490,468
118000147,754,902,-148
118000148,455,884,-429
118000149,842,630,212
118000150,381,193,188
118000151,461,283,178
118000153,1251,828,423
118000154,1171,1013,158
118000155,1190,960,230
118000156,1283,1893,-610
118000157,435,325,110
118000158,196,327,-131
118000159,19,74,-55
118000160,404,244,160
118000161,393,437,-44
118000162,1339,614,725
118000163,760,622,138
118000164,1491,924,567
118000168,690,604,86
118000169,758,719,39
118000170,2705,3242,-537
118000171,297,666,-369
118000172,100,208,-108
118000173,703,812,-109
118000175,212,249,-37
118000176,194,264,-70
118000177,222,462,-240
118000178,41,25,16
118000179,657,874,-217
118000180,553,413,140
118000181,499,188,311
118000182,216,221,-5
118000183,141,171,-30
118000184,821,442,379
118000185,604,922,-318
118000186,620,695,-75
118000187,1072,413,659
118000188,606,103,503
118000189,573,429,144
118000190,6,11,-5
118000191,17,13,4
118000192,39,84,-45
118000193,26,208,-182
118000194,875,579,296
118000195,330,930,-600
118000196,192,191,1
118000197,71,131,-60
118000198,327,741,-414
118000199,278,290,-12
118000200,116,210,-94
118000201,352,436,-84
118000202,49,49,0
118000203,390,517,-127
118000204,91,399,-308
118000205,124,183,-59
118000206,166,139,27
118000207,0,41,-41
118000208,1246,1161,85
118000209,1681,884,797
118000210,54,22,32
118000211,20,22,-2
118000213,1211,1708,-497
118000214,387,455,-68
118000215,299,81,218
118000216,1771,1580,191
118000217,24,60,-36
118000218,80,66,14
118000219,347,250,97
118000220,3,30,-27
118000221,219,248,-29
118000222,58,2,56
118000223,29,51,-22
118000224,118,75,43
118000225,86,400,-314
118000226,639,143,496
118000227,543,338,205
118000228,76,187,-111
118000229,137,69,68
118000230,100,153,-53
118000231,110,151,-41
118000232,698,468,230
118000233,1039,485,554
118000234,368,145,223
118000236,248,243,5
118000237,53,234,-181
118000238,243,117,126
118000239,224,205,19
118000240,176,130,46
118000241,164,96,68
118000242,321,346,-25
118000243,214,140,74
118000244,40,85,-45
118000246,0,15,-15
118000255,62,190,-128
118000256,119,150,-31
118000259,8,51,-43
118000260,165,47,118
118000261,24,23,1
118000263,106,118,-12
118000266,99,143,-44
118000267,0,104,-104
118000268,221,3,218
118000270,87,30,57
118000271,213,171,42
118000272,68,59,9
118000273,149,45,104
118000274,86,177,-91
118000276,407,188,219
118000295,6,85,-79
118000298,86,137,-51
118000299,46,86,-40
118000301,0,52,-52
118000302,96,38,58
118000311,510,68,442
118000312,227,128,99
118000313,48,31,17
118000314,80,37,43
118000315,22,20,2
118000316,552,347,205
118000325,34,30,4
118000326,18,35,-17
118000331,17,21,-4
118000332,12,20,-8
118000333,22,40,-18
118000335,391,1,390
118000336,0,147,-147
118000407,178,52,126
118000457,7,26,-19
118000465,1634,2826,-1192
118000480,37,43,-6
118000489,19,286,-267
118000490,14,143,-129
118000492,309,144,165
118000510,38,19,19
118000514,125,202,-77
118000515,488,541,-53
118000517,189,129,60
118000524,187,310,-123
118000525,542,487,55
118000530,16,117,-101
118000531,263,191,72
118000532,186,172,14
118000533,228,81,147
118000534,367,256,111
118000535,314,120,194
118000536,263,1067,-804
118000537,20,132,-112
118000538,21,37,-16
118000539,18,97,-79
118000540,188,125,63
118000541,147,37,110
118000542,90,156,-66
118000543,151,129,22
118000546,20,12,8
118000553,2,13,-11
118000560,1319,1823,-504
118000562,23,98,-75
118000563,1000,866,134
118000576,153,92,61
118000577,133,124,9
118000578,121,87,34
118000579,382,974,-592
118000583,0,0,0
118000595,217,49,168
118000596,1,81,-80
118000597,108,93,15
118000598,3,0,3
118000599,41,49,-8
118000600,4,7,-3
118000601,3,0,3
118000602,0,4,-4
118000603,0,9,-9
118000605,49,118,-69
118900001,386,1015,-629
118900002,544,680,-136
118900003,351,13,338
118900004,41,35,6
118900005,80,5,75
118900006,117,3,114
118900007,10,0,10
118900008,918,37,881
118900009,52,53,-1
118900010,58,8,50
118900011,166,33,133
118900012,297,128,169
118900013,447,142,305
118900015,226,69,157
118900016,8,6,2
118900017,178,217,-39
118900018,807,32,775
118900019,17,14,3
118900020,170,146,24
118900021,133,241,-108
118900022,145,48,97
118900023,156,57,99
118900024,61,123,-62
118900025,25,23,2
118900026,66,34,32
118900027,304,160,144
118900028,129,88,41
118900029,209,333,-124
118900030,343,67,276
118900031,124,63,61
118900032,204,150,54
118900033,305,381,-76
118900034,129,19,110
118900035,114,95,19
118900036,1189,453,736
118900037,283,190,93
118900038,446,111,335
118900039,538,108,430
118900040,151,121,30
118900041,479,121,358
118900042,188,59,129
118900045,216,121,95
118900046,572,319,253
118900047,274,223,51
118900048,150,160,-10
118900049,49,25,24
118900050,38,61,-23
118900051,49,92,-43
118900052,243,165,78
118900053,31,80,-49
118900054,108,38,70
118900055,108,59,49
118900056,36,273,-237
118900057,623,351,272
118900058,370,294,76
118900059,23,57,-34
118900060,122,77,45
118900062,281,179,102
118900064,317,365,-48
118900065,59,118,-59
118900066,58,70,-12
118900067,2928,3075,-147
118900068,10,184,-174
118900069,358,184,174
118900071,11,47,-36
118900072,421,249,172
118900073,188,101,87
118900074,122,89,33
118900075,62,37,25
118900076,188,79,109
118900077,257,165,92
118900078,30,2,28
118900079,31,106,-75
118900080,29,103,-74
118900081,42,41,1
118900082,769,142,627
118900083,40,5,35
118900084,11,13,-2
118900085,509,504,5
118900086,21,81,-60
118900087,16,205,-189
118900088,0,13,-13
118900089,19,16,3
118900090,308,230,78
118900091,141,187,-46
118900092,174,79,95
118900093,87,20,67
118900096,52,76,-24
118900097,185,277,-92
118900099,102,98,4
118900100,102,160,-58
118900101,115,233,-118
118900102,52,88,-36
118900103,48,115,-67
118900104,243,112,131
118900105,154,87,67
118900107,99,54,45
118900108,91,106,-15
118900110,942,709,233
118900111,431,298,133
118900112,82,143,-61
118900113,87,252,-165
118900114,27,40,-13
118900115,113,206,-93
118900116,88,154,-66
118900117,101,119,-18
118900118,245,232,13
118900119,95,125,-30
118900120,76,190,-114
118900121,12,95,-83
118900122,7,575,-568
118900123,132,146,-14
118900124,68,158,-90
118900126,24,257,-233
118900129,186,154,32
118900130,48,182,-134
118900131,164,134,30
118900132,279,168,111
118900133,15,98,-83
118900135,138,146,-8
118900136,197,249,-52
118900137,7,38,-31
118900139,189,180,9
118900140,253,299,-46
118900141,69,62,7
118900144,167,211,-44
118900145,32,81,-49
118900146,292,434,-142
118900147,174,121,53
118900148,56,44,12
118900150,116,400,-284
118900152,415,398,17
118900157,63,128,-65
118900158,96,56,40
118900159,1,108,-107
118900161,81,7,74
118900163,74,83,-9
118900164,1,84,-83
118900165,36,91,-55
118900166,19,6,13
118900167,66,90,-24
118900168,9,133,-124
118900169,123,138,-15
118900170,175,103,72
118900171,25,47,-22
118900174,52,54,-2
118900175,327,347,-20
118900176,155,148,7
118900177,62,33,29
118900178,52,115,-63
118900179,2,26,-24
118900181,113,92,21
118900182,85,32,53
118900183,30,105,-75
118900184,322,113,209
118900185,107,60,47
118900186,49,104,-55
118900187,153,176,-23
118900188,223,194,29
118900189,23,494,-471
118900190,22,199,-177
118900191,196,38,158
118900192,250,9,241
118900193,525,7,518
118900195,236,322,-86
118900196,23,83,-60
118900197,127,30,97
118900198,35,11,24
118900199,107,21,86
118900200,23,15,8
118900201,20,37,-17
118900202,11,32,-21
118900203,13,24,-11
118900204,15,19,-4
118900205,2,5,-3
118900206,1,11,-10
119000001,1059,1228,-169
119000002,3772,2330,1442
119000003,2434,740,1694
119000004,2120,1111,1009
119000005,1596,1475,121
119000006,2652,1372,1280
119000007,2959,2677,282
119000008,1548,1359,189
119000009,2883,4460,-1577
119000010,4145,3236,909
119000011,2935,3103,-168
119000012,1969,2790,-821
119000013,2321,1357,964
119000014,1326,1840,-514
119000019,279,108,171
119000020,1922,1375,547
119000021,3909,2023,1886
119000022,1540,2382,-842
119000023,182,230,-48
119000024,1383,10355,-8972
119000025,3719,930,2789
119000026,92,410,-318
119000027,201,356,-155
119000028,1161,633,528
119000029,77,237,-160
119000030,440,689,-249
119000031,680,543,137
119000032,1428,1682,-254
119000033,1868,1037,831
119000034,870,693,177
119000035,14,198,-184
119000036,1805,573,1232
119000037,1135,1100,35
119000038,128,510,-382
119000039,377,249,128
119000040,600,493,107
119000041,574,975,-401
119000048,2215,1771,444
119000049,1733,1363,370
119000050,1465,1252,213
119000051,2152,716,1436
119000052,1391,2034,-643
119000053,1711,823,888
119000054,2572,1768,804
119000055,4150,2102,2048
119000056,2501,1505,996
119000057,1311,1161,150
119000058,1602,1127,475
119000059,1042,990,52
119000060,1228,825,403
119000061,930,502,428
119000062,944,960,-16
119000063,514,346,168
119000064,688,734,-46
119000065,1530,2237,-707
119000066,1926,989,937
119000067,1446,1350,96
119000068,1496,824,672
119000069,1348,1425,-77
119000070,2328,648,1680
119000071,444,499,-55
119000072,3801,2098,1703
119000073,3478,5801,-2323
119000074,1209,1426,-217
119000075,2113,1685,428
119000076,263,741,-478
119000077,560,412,148
119000078,358,155,203
119000079,211,402,-191
119000080,406,132,274
119000081,208,310,-102
119000082,704,180,524
119000083,512,328,184
119000084,227,334,-107
119000085,417,164,253
119000086,339,394,-55
119000087,1158,611,547
119000088,415,191,224
119000089,81,159,-78
119000090,108,105,3
119000091,102,314,-212
119000092,348,153,195
119000093,2639,1610,1029
119000094,2981,3871,-890
119000095,1660,1779,-119
119000097,1382,833,549
119000098,802,2383,-1581
119000099,1941,1007,934
119000100,3315,2313,1002
119000101,2963,1410,1553
119000102,652,939,-287
119000103,1028,464,564
119000104,1678,971,707
119000105,828,1878,-1050
119000106,302,814,-512
119000107,936,434,502
119000108,283,610,-327
119000109,85,450,-365
119000110,314,343,-29
119000111,23,519,-496
119000112,112,88,24
119000113,1383,281,1102
119000114,778,931,-153
119000115,92,115,-23
119000116,55,48,7
119000117,138,221,-83
119000118,3,1,2
119000123,2697,1434,1263
119000124,714,145,569
119000125,3426,481,2945
119000126,1376,548,828
119000127,476,312,164
119000128,10,0,10
119000131,829,369,460
119000132,3,2,1
119000133,1,3,-2
119000134,1264,470,794
119000135,131,127,4
119000136,206,110,96
119000137,227,179,48
119000138,445,179,266
119000139,230,107,123
119000140,298,235,63
119000284,978,2105,-1127
119000285,1603,1498,105
119000286,4979,3906,1073
119000287,1264,1484,-220
119000288,1447,957,490
119000289,1255,1818,-563
119000290,183,274,-91
119000291,12,164,-152
119000293,121,142,-21
119000294,43,30,13
119000295,922,239,683
119000296,250,120,130
119000302,1340,943,397
119000303,42,83,-41
119000310,0,0,0
119000314,1185,8927,-7742
119000315,1,240,-239
119000316,144,67,77
119000317,116,142,-26
119900001,184,1031,-847
119900002,128,223,-95
119900003,28,575,-547
119900004,284,1045,-761
119900005,189,73,116
119900006,200,307,-107
119900007,932,216,716
119900008,448,51,397
119900009,552,481,71
119900010,717,727,-10
119900011,29,119,-90
119900012,21,124,-103
119900013,1592,1029,563
119900014,391,180,211
119900015,116,17,99
119900016,41,42,-1
119900017,47,22,25
119900018,1441,792,649
119900019,51,12,39
119900020,166,174,-8
119900021,144,77,67
119900022,89,709,-620
119900023,424,1416,-992
119900025,181,24,157
119900026,529,107,422
119900027,76,18,58
119900028,142,131,11
119900029,4,16,-12
119900030,740,338,402
119900031,52,412,-360
119900033,1357,251,1106
119900034,360,82,278
119900037,177,32,145
119900038,32,347,-315
119900039,75,7,68
119900040,92,15,77
119900041,124,22,102
119900042,528,150,378
119900043,81,91,-10
119900044,151,762,-611
119900046,163,36,127
119900047,318,101,217
119900048,51,20,31
119900049,128,7,121
119900050,163,114,49
119900051,455,7,448
119900052,44,34,10
119900053,210,106,104
119900054,150,5,145
119900055,1253,342,911
119900057,212,37,175
119900058,236,0,236
119900059,85,29,56
119900060,298,24,274
119900062,86,17,69
119900063,19,57,-38
119900065,249,9,240
119900066,0,4,-4
119900067,71,16,55
119900068,505,1,504
119900069,117,33,84
119900070,771,5,766
119900071,699,20,679
119900073,1259,603,656
119900074,26,35,-9
119900075,2875,1800,1075
119900076,658,239,419
119900077,844,516,328
119900078,541,600,-59
119900079,284,145,139
119900080,1397,866,531
119900081,356,23,333
119900082,1297,141,1156
119900083,343,90,253
119900084,484,318,166
119900085,46,35,11
119900087,391,327,64
119900088,34,26,8
119900089,45,373,-328
119900090,116,32,84
119900091,28,531,-503
119900092,131,319,-188
119900093,939,221,718
119900094,35,179,-144
119900095,163,94,69
119900096,32,98,-66
119900097,351,129,222
119900098,53,51,2
119900099,19,181,-162
119900100,1347,2039,-692
119900101,127,1174,-1047
119900102,50,191,-141
119900103,47,190,-143
119900104,52,119,-67
119900105,782,1851,-1069
119900106,15,93,-78
119900107,274,1496,-1222
119900108,2367,533,1834
119900109,9,134,-125
119900110,610,421,189
119900111,108,201,-93
119900112,901,433,468
119900113,33,169,-136
119900114,237,722,-485
119900115,327,600,-273
119900116,164,352,-188
119900117,266,445,-179
119900118,92,444,-352
119900119,264,177,87
119900120,622,458,164
119900121,367,539,-172
119900122,337,249,88
119900123,220,251,-31
119900124,187,508,-321
119900125,37,258,-221
119900126,2464,308,2156
119900127,1320,729,591
119900128,524,440,84
119900129,186,294,-108
119900130,16,131,-115
119900131,46,152,-106
119900132,8,134,-126
119900133,72,98,-26
119900134,813,162,651
119900135,1,203,-202
119900136,159,247,-88
119900138,262,335,-73
119900139,158,116,42
119900140,7,60,-53
119900141,66,564,-498
119900142,16,29,-13
119900143,18,105,-87
119900144,983,161,822
119900145,69,91,-22
119900146,163,140,23
119900147,1,159,-158
119900148,221,52,169
119900149,594,3685,-3091
119900150,127,132,-5
119900151,1402,637,765
119900152,101,212,-111
119900153,188,59,129
119900154,24,178,-154
119900155,40,27,13
119900156,23,4,19
119900157,118,136,-18
119900158,191,74,117
119900159,2,782,-780
119900160,16,101,-85
119900161,119,121,-2
119900162,934,1068,-134
119900163,116,170,-54
119900164,0,2,-2
119900165,126,127,-1
119900166,112,51,61
119900167,62,42,20
119900168,783,400,383
119900169,94,262,-168
119900170,190,246,-56
119900171,1229,259,970
119900172,160,15,145
119900173,5,275,-270
119900174,19,148,-129
119900175,1302,467,835
119900177,16,151,-135
119900178,23,107,-84
119900179,92,474,-382
119900180,915,649,266
119900181,61,107,-46
119900182,2,223,-221
119900183,106,516,-410
119900184,1249,340,909
119900185,43,198,-155
119900186,31,780,-749
119900187,2,257,-255
119900188,102,219,-117
119900189,287,333,-46
119900190,70,267,-197
119900191,197,196,1
119900192,56,107,-51
119900193,362,160,202
119900194,33,69,-36
119900195,81,123,-42
119900196,875,299,576
119900197,231,180,51
119900198,99,156,-57
119900199,121,22,99
119900200,686,599,87
119900201,322,153,169
119900202,120,250,-130
119900203,168,589,-421
119900204,273,205,68
119900205,848,352,496
119900206,184,133,51
119900208,211,147,64
119900209,410,1153,-743
119900210,33,10,23
119900211,64,3,61
119900212,237,201,36
119900213,7,56,-49
119900214,31,35,-4
119900215,46,57,-11
119900216,16,44,-28
119900217,10,59,-49
119900218,8,30,-22
119900219,6,62,-56
119900220,4,56,-52
119900221,26,154,-128
119900222,20,133,-113
119900223,24,68,-44
119900224,15,14,1
119900225,570,27,543
119900226,338,1590,-1252
119900227,754,295,459
119900228,526,206,320
119900229,317,298,19
119900230,1019,444,575
119900231,277,120,157
119900232,186,87,99
119900233,57,3,54
119900234,13,79,-66
119900235,8,64,-56
119900236,27,162,-135
119900237,48,296,-248
119900238,33,54,-21
119900240,77,75,2
119900241,102,185,-83
119900242,908,1205,-297
119900244,542,899,-357
119900245,94,148,-54
119900246,281,523,-242
119900247,26,106,-80
119900248,69,215,-146
119900249,161,84,77
119900253,1456,277,1179
119900254,94,698,-604
119900255,101,618,-517
119900256,798,751,47
119900257,110,2,108
119900258,115,6,109
119900259,9,126,-117
119900260,106,4,102
119900261,262,101,161
119900262,2,141,-139
119900263,996,271,725
119900264,110,113,-3
119900265,577,239,338
119900266,314,173,141
119900267,231,297,-66
119900268,359,111,248
119900269,816,729,87
119900271,25,67,-42
119900272,251,149,102
119900275,142,31,111
119900276,39,0,39
119900277,10,5,5
119900278,220,122,98
119900279,146,231,-85
119900280,508,99,409
119900281,1,221,-220
119900282,46,84,-38
119900283,14,126,-112
119900284,52,164,-112
119900285,13,61,-48
119900286,4,19,-15
119900288,3,10,-7
119900289,0,16,-16
119900290,10,9,1
119900291,2,65,-63
119900292,56,48,8
119900293,19,5,14
119900294,22,1,21
119900295,0,0,0
119900296,0,0,0
119900299,51,116,-65
119900300,247,97,150
119900301,64,95,-31
119900302,70,93,-23
119900303,271,279,-8
119900304,181,43,138
119900305,7,69,-62
119900306,23,2,21
119900307,38,58,-20
119900308,7,19,-12
119900309,46,154,-108
119900310,214,175,39
119900311,110,81,29
119900312,90,59,31
119900313,238,200,38
119900314,172,395,-223
119900315,1879,1381,498
119900318,10,38,-28
119900319,0,176,-176
119900320,261,359,-98
119900321,94,2,92
119900322,14,62,-48
119900323,2,68,-66
119900324,4,28,-24
119900325,189,168,21
119900326,44,78,-34
120000001,4634,14275,-9641
120000002,2263,2083,180
120000003,2471,1305,1166
120000004,2082,1395,687
120000005,2784,1622,1162
120000006,1135,913,222
120000007,2490,2574,-84
120000008,747,975,-228
120000009,1573,777,796
120000010,1671,1817,-146
120000011,949,1059,-110
120000012,1315,1797,-482
120000013,2576,2223,353
120000014,637,1119,-482
120000015,2060,1072,988
120000016,3436,1869,1567
120000017,3591,2265,1326
120000018,3010,11285,-8275
120000019,943,1269,-326
120000020,2418,2726,-308
120000021,1711,2003,-292
120000022,2475,3513,-1038
120000023,974,1416,-442
120000024,1303,2201,-898
120000025,2351,1531,820
120000026,2142,1443,699
120000027,1903,1876,27
120000028,559,1176,-617
120000029,1421,882,539
120000030,1154,737,417
120000031,1583,4645,-3062
120000032,5735,3003,2732
120000033,4120,1363,2757
120000034,1848,1290,558
120000035,2150,1409,741
120000036,2694,4003,-1309
120000037,514,1432,-918
120000038,3949,3206,743
120000039,587,750,-163
120000040,239,519,-280
120000041,819,966,-147
120000042,1747,1897,-150
120000043,4151,1297,2854
120000044,4714,1294,3420
120000045,5745,848,4897
120000046,3245,2380,865
120000047,749,5199,-4450
120000048,5052,3287,1765
120000049,2808,2279,529
120000050,2942,2924,18
120000051,2251,3148,-897
120000052,6079,2094,3985
120000053,1355,1502,-147
120000054,1176,2693,-1517
120000055,1467,3371,-1904
120000056,4309,2968,1341
120000057,3673,844,2829
120000058,1873,855,1018
120000059,5,1414,-1409
120000061,90,480,-390
120000062,179,270,-91
120000063,1135,2003,-868
120000064,187,709,-522
120000065,483,995,-512
120000066,234,401,-167
120000067,43,307,-264
120000068,232,504,-272
120000069,514,638,-124
120000070,99,409,-310
120000071,567,76,491
120000072,840,311,529
120000073,962,77,885
120000074,144,101,43
120000075,962,308,654
120000076,2112,350,1762
120000077,1938,653,1285
120000078,3164,1196,1968
120000079,294,213,81
120000080,161,256,-95
120000081,427,164,263
120000082,272,274,-2
120000083,115,779,-664
120000084,346,280,66
120000085,332,273,59
120000086,287,373,-86
120000087,238,381,-143
120000088,692,816,-124
120000089,1003,490,513
120000090,779,372,407
120000091,1034,821,213
120000092,1122,435,687
120000093,477,370,107
120000094,172,554,-382
120000095,912,302,610
120000096,281,460,-179
120000098,951,607,344
120000099,447,638,-191
120000100,737,679,58
120000101,571,358,213
120000102,627,823,-196
120000103,1403,844,559
120000104,1763,472,1291
120000105,2912,616,2296
120000106,2522,614,1908
120000107,3941,578,3363
120000108,1368,128,1240
120000109,1070,68,1002
120000110,42,643,-601
120000111,184,691,-507
120000112,721,1528,-807
120000113,603,1201,-598
120000114,803,1441,-638
120000115,265,1342,-1077
120000116,633,1320,-687
120000117,745,898,-153
120000118,42,31,11
120000119,13,47,-34
120000120,89,70,19
120000121,10,49,-39
120000122,210,352,-142
120000123,2637,5761,-3124
120000124,404,293,111
120000125,430,489,-59
120000126,259,790,-531
120000127,1442,804,638
120000128,2134,3180,-1046
120000129,146,195,-49
120000130,723,421,302
120000131,333,558,-225
120000134,329,574,-245
120000135,503,489,14
120000137,233,668,-435
120000138,1056,397,659
120000139,318,404,-86
120000140,869,438,431
120000141,542,310,232
120000142,706,448,258
120000143,3,64,-61
120000144,109,4,105
120000145,415,3,412
120000146,745,771,-26
120000149,601,759,-158
120000150,2203,9907,-7704
120000151,410,348,62
120000152,547,143,404
120000153,245,357,-112
120000154,432,388,44
120000155,115,209,-94
120000156,524,986,-462
120000157,1009,685,324
120000158,933,586,347
120000159,1770,1752,18
120000160,2130,1272,858
120000161,2075,1773,302
120000162,81,269,-188
120000163,647,885,-238
120000164,578,306,272
120000165,589,531,58
120000166,1530,407,1123
120000167,190,165,25
120000168,24,603,-579
120000169,55,2058,-2003
120000170,51,1162,-1111
120000171,21,390,-369
120000172,13,294,-281
120000173,1008,1425,-417
120000174,200,85,115
120000175,165,41,124
120000176,164,35,129
120000177,1030,101,929
120000178,74,17,57
120000179,136,48,88
120000180,417,93,324
120000181,70,1281,-1211
120000182,47,516,-469
120000183,9,265,-256
120000184,140,1099,-959
120000186,42,625,-583
120000187,26,288,-262
120000188,56,452,-396
120000190,352,67,285
120000191,423,102,321
120000192,603,66,537
120000193,277,15,262
120000195,47,6,41
120000196,194,22,172
120000197,59,61,-2
120000198,227,63,164
120000199,123,1,122
120000200,87,0,87
120000201,19,27,-8
120000202,4,48,-44
120000203,73,172,-99
120000207,4,34,-30
120000208,15,156,-141
120000209,7,32,-25
120000210,45,44,1
120000211,203,4,199
120000212,231,0,231
120000213,173,169,4
120000214,0,148,-148
120000215,1,96,-95
120000216,146,21,125
120000217,398,999,-601
120000218,124,523,-399
120000219,4,267,-263
120000220,5,814,-809
120000225,1631,0,1631
120000226,451,5,446
120000227,937,74,863
120000228,8479,3257,5222
120000230,454,21,433
120000231,1417,1611,-194
120000233,433,30,403
120000235,288,520,-232
120000236,1057,40,1017
120000237,1,870,-869
120000238,3,882,-879
120000241,972,3181,-2209
120000412,502,4,498
120000413,214,200,14
120000414,102,0,102
120000415,1,73,-72
120000416,64,3,61
120000417,11,55,-44
120000418,143,15,128
120000419,9,146,-137
120000420,48,29,19
120000421,6546,4271,2275
120000422,79,1253,-1174
120000423,1,62,-61
120000424,127,93,34
120000436,88,609,-521
120000437,83,107,-24
120000438,1460,183,1277
120000439,183,487,-304
120000443,212,1,211
120000444,1408,337,1071
120000445,2197,871,1326
120000446,517,154,363
120000447,197,1,196
120000449,112,6,106
120000450,11,122,-111
120000451,117,268,-151
120000452,337,6,331
120000453,1,216,-215
120000454,61,61,0
120000455,64,33,31
120000456,1997,3304,-1307
120000457,770,352,418
120000458,393,488,-95
120000459,85,49,36
120000665,650,198,452
120000668,131,938,-807
120000669,128,153,-25
120000670,105,736,-631
120000671,1138,370,768
120000672,81,435,-354
120900001,79,85,-6
120900002,234,434,-200
120900003,217,23,194
120900004,37,65,-28
120900005,3,668,-665
120900006,456,213,243
120900007,176,64,112
120900008,238,729,-491
120900009,543,17,526
120900010,412,90,322
120900011,191,198,-7
120900012,175,1236,-1061
120900013,343,118,225
120900014,37,323,-286
120900015,805,70,735
120900016,938,74,864
120900017,1569,59,1510
120900018,108,276,-168
120900019,623,349,274
120900020,627,1217,-590
120900021,757,217,540
120900022,20,242,-222
120900023,346,25,321
120900024,1798,383,1415
120900025,1215,816,399
120900026,223,133,90
120900027,929,18,911
120900028,411,114,297
120900029,95,486,-391
120900030,1319,681,638
120900031,284,105,179
120900032,1102,101,1001
120900033,1134,121,1013
120900034,12,2192,-2180
120900035,37,55,-18
120900037,310,13,297
120900038,92,304,-212
120900039,160,53,107
120900040,374,4,370
120900041,111,23,88
120900042,569,37,532
120900043,122,65,57
120900044,12,276,-264
120900045,150,56,94
120900046,608,5,603
120900047,166,109,57
120900048,115,26,89
120900049,563,1,562
120900050,1337,1406,-69
120900051,310,102,208
120900052,683,6,677
120900053,360,72,288
120900054,1416,411,1005
120900055,456,3,453
120900056,572,21,551
120900057,225,9,216
120900058,610,0,610
120900059,93,4,89
120900060,70,34,36
120900061,137,154,-17
120900062,256,4,252
120900063,730,5,725
120900064,729,0,729
120900065,491,2,489
120900066,406,151,255
120900067,192,54,138
120900068,292,0,292
120900069,247,17,230
120900071,13,1,12
120900072,873,1,872
120900073,627,107,520
120900074,683,28,655
120900076,389,0,389
120900077,1746,235,1511
120900078,765,481,284
120900079,830,48,782
120900080,858,1019,-161
120900081,977,492,485
120900082,445,355,90
120900083,77,1,76
120900084,367,409,-42
120900085,80,131,-51
120900086,64,309,-245
120900087,439,368,71
120900088,184,472,-288
120900089,1845,2818,-973
120900090,313,66,247
120900091,598,850,-252
120900092,877,366,511
120900093,1215,125,1090
120900094,391,150,241
120900095,264,4,260
120900096,52,152,-100
120900097,589,463,126
120900098,223,128,95
120900099,90,55,35
120900100,91,138,-47
120900101,432,174,258
120900102,39,72,-33
120900103,50,197,-147
120900104,33,43,-10
120900105,44,306,-262
120900106,1025,293,732
120900107,191,100,91
120900108,5,338,-333
120900109,39,338,-299
120900110,15,438,-423
120900111,181,238,-57
120900112,12,511,-499
120900113,18,493,-475
120900114,49,88,-39
120900115,137,227,-90
120900116,389,252,137
120900117,6,301,-295
120900118,15,548,-533
120900119,5430,3459,1971
120900120,64,308,-244
120900121,225,386,-161
120900122,544,272,272
120900123,3,252,-249
120900124,1,367,-366
120900125,3,325,-322
120900126,1277,662,615
120900127,21,286,-265
120900128,1014,1084,-70
120900129,33,170,-137
120900130,1,335,-334
120900131,89,46,43
120900132,879,119,760
120900133,147,553,-406
120900134,568,277,291
120900135,11,350,-339
120900136,62,37,25
120900137,266,75,191
120900138,21,146,-125
120900139,1,396,-395
120900140,1,88,-87
120900141,175,202,-27
120900142,16,247,-231
120900143,0,530,-530
120900144,1,91,-90
120900145,136,591,-455
120900146,0,637,-637
120900147,6,421,-415
120900148,139,145,-6
120900149,0,166,-166
120900150,63,331,-268
120900151,1,394,-393
120900152,1,19,-18
120900153,50,119,-69
120900154,0,163,-163
120900155,176,639,-463
120900156,73,281,-208
120900157,85,340,-255
120900158,76,434,-358
120900159,161,467,-306
120900160,34,535,-501
120900161,38,458,-420
120900162,64,510,-446
120900163,115,700,-585
120900164,5,54,-49
120900165,2,144,-142
120900166,81,414,-333
120900167,323,125,198
120900169,61,177,-116
120900170,654,2568,-1914
120900171,641,204,437
120900172,366,1111,-745
120900173,1,51,-50
120900174,14,85,-71
120900175,251,93,158
120900176,15,369,-354
120900177,3,1193,-1190
120900178,3,452,-449
120900179,623,333,290
120900180,56,174,-118
120900181,65,26,39
120900182,33,321,-288
120900183,649,90,559
120900184,254,66,188
120900185,4,421,-417
120900186,0,237,-237
120900187,539,747,-208
120900188,246,8,238
120900189,83,1649,-1566
120900190,99,9,90
120900191,15,22,-7
120900192,5605,7729,-2124
120900194,53,90,-37
120900195,91,279,-188
120900196,996,26,970
120900197,725,121,604
120900198,248,378,-130
120900199,374,381,-7
120900200,89,130,-41
120900201,461,118,343
120900202,0,97,-97
120900203,38,82,-44
120900204,91,159,-68
120900205,55,24,31
120900206,22,25,-3
120900207,87,815,-728
121000001,623,740,-117
121000002,1950,1093,857
121000003,2304,1336,968
121000004,1811,2711,-900
121000005,1378,1991,-613
121000006,2543,1455,1088
121000007,1995,2288,-293
121000008,3934,3207,727
121000009,4016,4702,-686
121000010,6116,4879,1237
121000011,6209,9411,-3202
121000012,11603,8174,3429
121000013,3862,5522,-1660
121000014,4862,4288,574
121000015,3164,5551,-2387
121000016,3333,2574,759
121000017,1869,2766,-897
121000018,2403,1363,1040
121000019,10816,8980,1836
121000020,10386,13328,-2942
121000021,2568,2020,548
121000022,2395,2476,-81
121000023,2950,2233,717
121000024,4236,4521,-285
121000025,454,1096,-642
121000026,342,141,201
121000027,1106,993,113
121000028,765,395,370
121000029,771,538,233
121000030,565,301,264
121000031,461,544,-83
121000032,198,118,80
121000034,263,156,107
121000035,118,155,-37
121000036,722,711,11
121000037,545,424,121
121000038,399,969,-570
121000039,212,324,-112
121000041,473,416,57
121000042,271,273,-2
121000043,521,424,97
121000044,1240,899,341
121000045,375,217,158
121000046,596,727,-131
121000047,35,73,-38
121000049,1012,475,537
121000050,264,923,-659
121000051,483,263,220
121000052,342,508,-166
121000053,229,83,146
121000054,40,297,-257
121000055,973,1023,-50
121000056,578,871,-293
121000057,159,366,-207
121000058,309,162,147
121000059,1600,980,620
121000060,408,928,-520
121000061,57,296,-239
121000062,90,338,-248
121000063,753,684,69
121000064,611,743,-132
121000065,263,368,-105
121000066,565,454,111
121000067,371,572,-201
121000068,544,308,236
121000069,351,766,-415
121000070,1476,890,586
121000071,1348,1110,238
121000072,1617,594,1023
121000073,1176,825,351
121000074,170,134,36
121000075,41,355,-314
121000076,445,398,47
121000077,94,183,-89
121000078,67,113,-46
121000080,1440,498,942
121000081,3375,2501,874
121000082,87,189,-102
121000083,132,94,38
121000084,144,130,14
121000085,218,339,-121
121000086,342,544,-202
121000087,49,237,-188
121000088,442,429,13
121000089,326,444,-118
121000090,354,422,-68
121000091,1148,895,253
121000092,168,91,77
121000093,150,200,-50
121000094,444,640,-196
121000095,257,475,-218
121000096,2143,1891,252
121000097,628,1965,-1337
121000098,589,764,-175
121000099,681,550,131
121000100,785,286,499
121000101,479,231,248
121000102,284,210,74
121000103,232,213,19
121000104,203,84,119
121000105,411,189,222
121000106,360,315,45
121000107,1518,2268,-750
121000109,968,882,86
121000110,284,621,-337
121000114,2342,1668,674
121000115,981,473,508
121000116,190,665,-475
121000117,479,218,261
121000118,1238,202,1036
121000119,247,372,-125
121000120,257,388,-131
121000121,410,1040,-630
121000123,1138,602,536
121000127,98,83,15
121000128,835,306,529
121000129,1111,424,687
121000130,679,584,95
121000131,1505,1592,-87
121000132,1163,1927,-764
121000135,241,335,-94
121000136,1038,874,164
121000137,434,302,132
121000138,716,939,-223
121000139,412,337,75
121000141,215,120,95
121000142,611,827,-216
121000143,102,24,78
121000144,598,1365,-767
121000145,417,694,-277
121000146,1145,912,233
121000147,935,431,504
121000148,667,714,-47
121000149,1881,1198,683
121000152,421,350,71
121000153,1589,472,1117
121000154,862,432,430
121000155,1298,712,586
121000156,405,744,-339
121000157,720,1267,-547
121000158,340,324,16
121000159,237,311,-74
121000160,260,256,4
121000161,211,228,-17
121000162,104,133,-29
121000165,1111,1688,-577
121000166,15,340,-325
121000168,365,171,194
121000169,58,97,-39
121000170,340,76,264
121000171,53,112,-59
121000172,691,483,208
121000173,1059,1007,52
121000174,389,411,-22
121000175,958,292,666
121000176,316,199,117
121000177,613,430,183
121000178,124,39,85
121000179,96,43,53
121000181,510,263,247
121000182,122,188,-66
121000183,88,106,-18
121000184,35,95,-60
121000185,47,202,-155
121000186,192,585,-393
121000187,213,104,109
121000188,189,121,68
121000192,798,355,443
121000193,523,351,172
121000194,1588,1456,132
121000195,201,643,-442
121000196,459,157,302
121000197,121,463,-342
121000198,168,84,84
121000199,86,254,-168
121000200,408,68,340
121000201,8,135,-127
121000202,644,122,522
121000203,726,1279,-553
121000204,2426,604,1822
121000205,74,179,-105
121000206,97,49,48
121000207,2031,336,1695
121000208,10,203,-193
121000209,392,170,222
121000210,703,216,487
121000211,312,102,210
121000212,404,367,37
121000213,6814,2191,4623
121000214,636,1319,-683
121000215,758,779,-21
121000216,415,406,9
121000217,2794,2166,628
121000218,280,1032,-752
121000219,1106,407,699
121000220,133,55,78
121000221,86,226,-140
121000222,1702,1766,-64
121000223,319,371,-52
121000224,216,201,15
121000225,747,1974,-1227
121000226,1690,963,727
121000227,13,135,-122
121000228,14,390,-376
121000229,327,253,74
121000230,43,982,-939
121000231,917,51,866
121000232,296,270,26
121000233,529,255,274
121000234,13,19,-6
121000235,57,75,-18
121000236,6,37,-31
121000237,49,8,41
121000238,7,54,-47
121000239,41,1,40
121000240,5,175,-170
121000241,85,16,69
121000242,41,319,-278
121000243,263,89,174
121000244,3,62,-59
121000245,51,19,32
121000246,0,93,-93
121000247,88,3,85
121000248,506,475,31
121000249,76,156,-80
121000250,455,191,264
121000251,15,305,-290
121000252,76,57,19
121000253,341,282,59
121000254,621,146,475
121000255,121,208,-87
121000256,241,173,68
121000257,24,47,-23
121000258,44,72,-28
121000259,31,40,-9
121000260,59,78,-19
121000261,76,46,30
121000262,870,527,343
121000263,338,283,55
121000271,253,1013,-760
121000273,32,2,30
121000274,8,60,-52
121000275,1,39,-38
121000276,9,41,-32
121000278,61,26,35
121000279,35,20,15
121000280,21,52,-31
121000289,227,18,209
121000290,821,726,95
121000294,175,79,96
121000297,506,884,-378
121000299,61,572,-511
121000300,638,427,211
121000302,34,642,-608
121000303,316,212,104
121000304,385,52,333
121000305,193,40,153
121000306,116,111,5
121000308,144,242,-98
121000309,278,313,-35
121000310,100,226,-126
121000311,79,603,-524
121000312,279,177,102
121000313,222,367,-145
121000314,64,121,-57
121000315,31,88,-57
121000530,1453,1063,390
121000531,1731,1256,475
121000532,5247,6411,-1164
121000533,2745,2957,-212
121000918,36,81,-45
121000919,42,58,-16
121000938,33,108,-75
121000939,40,191,-151
121000956,1418,744,674
121000957,1,10,-9
121000958,29,38,-9
121000959,790,467,323
121000960,1352,1287,65
121000961,231,42,189
121000962,252,327,-75
121000973,0,200,-200
121000976,16,136,-120
121000979,392,104,288
121000981,292,107,185
121000982,291,113,178
121000983,399,301,98
121000984,17,53,-36
121000985,556,294,262
121000986,362,141,221
121000987,182,490,-308
121000988,751,93,658
121001302,187,98,89
121001308,1,21,-20
121001309,28,111,-83
121001313,166,95,71
121001314,1295,1914,-619
121001315,4284,2464,1820
121900001,75,107,-32
121900002,24,28,-4
121900003,281,9,272
121900004,68,273,-205
121900005,23,9,14
121900006,95,14,81
121900007,1508,1302,206
121900008,582,528,54
121900009,463,14,449
121900010,199,5,194
121900011,263,242,21
121900012,8,0,8
121900013,690,63,627
121900014,875,314,561
121900015,207,149,58
121900016,1,27,-26
121900017,556,353,203
121900018,317,7,310
121900019,383,167,216
121900020,26,0,26
121900021,820,14,806
121900022,249,213,36
121900023,162,257,-95
121900024,253,64,189
121900025,568,300,268
121900026,263,26,237
121900027,303,158,145
121900028,174,15,159
121900029,116,194,-78
121900030,351,456,-105
121900031,731,4800,-4069
121900032,68,67,1
121900033,154,224,-70
121900034,220,49,171
121900035,2446,1727,719
121900036,67,239,-172
121900037,119,936,-817
121900038,25,109,-84
121900039,302,59,243
121900040,63,94,-31
121900041,158,227,-69
121900042,288,105,183
121900043,18,3,15
121900044,76,43,33
121900046,188,207,-19
121900047,165,59,106
121900048,52,96,-44
121900050,20,54,-34
121900051,133,175,-42
121900052,143,30,113
121900053,413,276,137
121900054,433,710,-277
121900055,3,15,-12
121900058,247,97,150
121900059,313,154,159
121900060,128,351,-223
121900061,140,119,21
121900062,120,110,10
121900063,1235,342,893
121900064,216,444,-228
121900066,45,28,17
121900067,16,29,-13
121900069,133,134,-1
121900070,149,159,-10
121900071,321,213,108
121900072,21,107,-86
121900073,316,200,116
121900074,489,706,-217
121900075,344,504,-160
121900076,346,555,-209
121900077,13,15,-2
121900078,92,43,49
121900079,0,0,0
121900080,699,338,361
121900082,51,51,0
121900084,24,86,-62
121900085,0,3,-3
121900086,18,66,-48
121900087,121,143,-22
121900088,1415,2184,-769
121900089,142,194,-52
121900090,25,54,-29
121900091,73,62,11
121900092,75,113,-38
121900093,65,55,10
121900094,10,5,5
121900095,233,119,114
121900096,949,588,361
121900097,500,194,306
121900098,12,7,5
121900099,207,51,156
121900100,139,407,-268
121900101,168,106,62
121900102,2,143,-141
121900103,309,166,143
121900104,1316,205,1111
121900105,234,173,61
121900106,3,18,-15
121900107,39,22,17
121900108,1,21,-20
121900109,190,141,49
121900110,428,468,-40
121900111,544,208,336
121900112,111,97,14
121900113,54,320,-266
121900114,52,42,10
121900117,182,117,65
121900118,1466,522,944
121900119,173,76,97
121900120,34,883,-849
121900121,362,32,330
121900122,17,34,-17
121900123,204,350,-146
121900124,177,131,46
121900125,1338,788,550
121900127,11,63,-52
121900128,60,85,-25
121900129,364,136,228
121900130,78,157,-79
121900131,188,72,116
121900132,51,74,-23
121900133,26,953,-927
121900134,30,124,-94
121900135,2428,339,2089
121900136,373,227,146
121900137,32,272,-240
121900138,60,123,-63
121900139,269,498,-229
121900140,60,114,-54
121900141,82,13,69
121900142,103,85,18
121900143,9,119,-110
121900144,115,227,-112
121900145,194,231,-37
121900146,534,577,-43
121900147,48,159,-111
121900148,139,240,-101
121900149,295,433,-138
121900150,47,114,-67
121900151,71,236,-165
121900152,53,107,-54
121900153,62,506,-444
121900154,23,226,-203
121900155,2,113,-111
121900156,156,102,54
121900157,2,291,-289
121900158,48,89,-41
121900159,2,218,-216
121900160,88,203,-115
121900161,210,269,-59
121900162,82,152,-70
121900163,276,454,-178
121900164,328,151,177
121900165,185,134,51
121900166,132,110,22
121900167,104,94,10
121900168,95,169,-74
121900169,5,127,-122
121900170,7,123,-116
121900171,675,511,164
121900172,487,156,331
121900173,590,184,406
121900174,45,67,-22
121900175,271,182,89
121900176,415,1032,-617
121900177,181,81,100
121900178,36,30,6
121900179,478,186,292
121900180,1971,4133,-2162
121900182,549,245,304
121900183,498,955,-457
121900184,57,424,-367
121900186,6,250,-244
121900187,26,104,-78
121900188,363,251,112
121900189,31,79,-48
121900190,157,320,-163
121900191,92,169,-77
121900192,221,688,-467
121900193,43,145,-102
121900194,8,163,-155
121900195,70,81,-11
121900196,511,643,-132
121900197,299,951,-652
121900198,991,939,52
121900199,2,21,-19
121900200,69,181,-112
121900201,695,568,127
121900202,89,663,-574
121900203,150,941,-791
121900204,575,1105,-530
121900205,10,67,-57
121900206,16,26,-10
121900207,84,41,43
121900208,98,217,-119
121900209,77,36,41
121900210,1244,910,334
121900211,233,280,-47
121900212,104,90,14
121900213,179,44,135
121900214,7,338,-331
121900215,63,71,-8
121900216,30,230,-200
121900217,254,128,126
121900218,130,336,-206
121900220,116,13,103
121900221,204,435,-231
121900222,101,88,13
121900223,146,33,113
121900224,73,32,41
121900225,80,111,-31
121900226,264,282,-18
121900227,250,451,-201
121900228,127,211,-84
121900230,60,276,-216
121900231,205,1766,-1561
121900232,146,230,-84
121900233,158,160,-2
121900234,284,160,124
121900235,462,103,359
121900236,318,133,185
121900237,104,179,-75
121900238,119,217,-98
121900239,158,24,134
121900240,226,122,104
121900241,62,38,24
121900242,5,0,5
121900243,11,1,10
121900244,37,7,30
121900245,234,44,190
121900246,2505,274,2231
121900247,206,188,18
121900248,781,1059,-278
121900250,149,254,-105
121900251,344,27,317
121900252,384,97,287
121900253,194,810,-616
121900254,357,202,155
121900255,354,100,254
121900258,3023,1511,1512
121900259,329,429,-100
121900260,120,97,23
121900261,152,470,-318
121900262,291,812,-521
121900263,252,228,24
121900264,1293,884,409
121900265,286,214,72
121900266,479,108,371
121900267,79,47,32
121900269,188,631,-443
121900270,30,145,-115
121900271,30,71,-41
121900273,325,1362,-1037
121900274,275,211,64
121900277,265,736,-471
121900278,104,649,-545
121900279,110,141,-31
121900280,72,279,-207
121900281,255,503,-248
121900284,55,3,52
121900286,82,87,-5
121900287,6,14,-8
121900288,1,1,0
121900290,215,317,-102
121900291,304,562,-258
121900292,118,88,30
121900293,773,2031,-1258
121900294,229,2,227
121900295,120,163,-43
121900296,63,176,-113
121900298,197,721,-524
121900299,0,5,-5
121900300,88,7,81
121900301,37,3,34
121900302,5,28,-23
121900303,258,265,-7
121900304,1,20,-19
121900305,0,4,-4
121900306,258,2,256
121900307,125,5,120
121900308,21,228,-207
121900309,6,123,-117
121900310,23,274,-251
121900311,448,8,440
121900312,252,13,239
121900313,344,12,332
121900314,1,30,-29
121900315,9,0,9
121900316,0,4,-4
121900317,15,6,9
121900318,1,12,-11
121900319,31,71,-40
121900320,23,66,-43
121900321,14,4,10
121900322,2,15,-13
121900323,21,17,4
121900324,3,22,-19
121900325,15,1,14
121900326,2,19,-17
121900327,3,34,-31
121900328,1,23,-22
121900329,1,81,-80
121900330,1,50,-49
121900331,37,58,-21
121900332,65,14,51
121900333,27,0,27
121900334,59,81,-22
122000001,1468,4174,-2706
122000002,2598,1150,1448
122000003,1455,2395,-940
122000004,2199,1183,1016
122000005,1980,1656,324
122000006,1205,851,354
122000007,779,1419,-640
122000008,2050,3375,-1325
122000009,396,365,31
122000010,1846,2361,-515
122000011,2370,1255,1115
122000012,871,1427,-556
122000013,916,987,-71
122000014,1545,843,702
122000015,1025,900,125
122000016,460,726,-266
122000017,956,863,93
122000018,1115,1105,10
122000019,619,783,-164
122000020,154,211,-57
122000021,172,357,-185
122000022,913,828,85
122000023,681,1176,-495
122000024,550,1114,-564
122000025,719,1465,-746
122000026,576,1158,-582
122000027,493,1328,-835
122000028,802,373,429
122000029,305,383,-78
122000030,182,119,63
122000031,147,274,-127
122000032,1821,1652,169
122000033,510,1298,-788
122000034,477,504,-27
122000035,239,582,-343
122000036,509,396,113
122000037,330,239,91
122000038,174,275,-101
122000039,457,328,129
122000040,203,219,-16
122000041,450,496,-46
122000042,260,370,-110
122000043,98,97,1
122000044,132,112,20
122000045,1109,440,669
122000046,698,561,137
122000047,143,162,-19
122000048,2355,3334,-979
122000049,4137,2627,1510
122000050,930,624,306
122000051,170,328,-158
122000052,348,427,-79
122000053,128,696,-568
122000054,1537,1434,103
122000055,1628,2525,-897
122000056,2989,2740,249
122000057,2225,2970,-745
122000058,1341,1352,-11
122000059,1525,1807,-282
122000060,328,666,-338
122000061,316,476,-160
122000062,594,271,323
122000063,771,618,153
122000064,2500,2846,-346
122000065,2386,1887,499
122000066,829,819,10
122000067,1194,908,286
122000068,1419,800,619
122000069,631,603,28
122000070,718,990,-272
122000071,1573,776,797
122000072,303,444,-141
122000073,272,706,-434
122000074,2019,1140,879
122000075,631,928,-297
122000076,2842,1139,1703
122000077,693,926,-233
122000078,1253,2439,-1186
122000079,690,1128,-438
122000080,544,298,246
122000081,143,183,-40
122000082,393,898,-505
122000083,1518,1083,435
122000084,1317,684,633
122000085,221,758,-537
122000086,2032,4115,-2083
122000087,254,209,45
122000088,243,365,-122
122000089,3364,1748,1616
122000090,128,509,-381
122000091,117,92,25
122000092,60,21,39
122000093,1199,1719,-520
122000094,3542,2017,1525
122000095,1057,2751,-1694
122000096,929,1227,-298
122000098,1964,2072,-108
122000099,1056,644,412
122000100,548,494,54
122000101,249,474,-225
122000102,1597,852,745
122000103,1403,1234,169
122000104,542,130,412
122000105,556,218,338
122000106,452,569,-117
122000107,841,298,543
122000108,399,636,-237
122000109,346,244,102
122000110,431,516,-85
122000111,2236,1097,1139
122000112,887,1092,-205
122000113,602,539,63
122000114,1959,1314,645
122000115,1395,978,417
122000116,513,589,-76
122000117,1382,395,987
122000118,541,748,-207
122000119,2961,2363,598
122000120,1737,4782,-3045
122000121,1825,2893,-1068
122000122,581,1303,-722
122000123,1785,1514,271
122000124,901,571,330
122000125,516,664,-148
122000126,518,1032,-514
122000127,968,1064,-96
122000128,425,532,-107
122000129,502,1276,-774
122000130,3032,1487,1545
122000131,1285,1467,-182
122000132,553,505,48
122000133,845,842,3
122000134,925,662,263
122000135,542,568,-26
122000136,855,607,248
122000137,1454,773,681
122000139,767,2620,-1853
122000140,527,501,26
122000141,2605,868,1737
122000142,188,697,-509
122000143,426,590,-164
122000144,1352,1422,-70
122000145,787,652,135
122000146,595,1260,-665
122000147,549,437,112
122000148,1012,1528,-516
122000149,1788,1370,418
122000150,1023,918,105
122000151,119,418,-299
122000152,300,387,-87
122000153,336,340,-4
122000154,233,224,9
122000155,1116,2072,-956
122000156,1929,2164,-235
122000157,852,1986,-1134
122000158,302,687,-385
122000159,649,1948,-1299
122000160,3511,2888,623
122000161,1257,968,289
122000162,1396,1642,-246
122000163,222,73,149
122000164,48,64,-16
122000165,606,557,49
122000166,778,785,-7
122000167,243,253,-10
122000168,150,549,-399
122000169,225,142,83
122000170,299,178,121
122000171,24,71,-47
122000172,1425,1046,379
122000173,1212,1868,-656
122000174,1748,784,964
122000175,765,263,502
122000176,255,751,-496
122000177,1208,1170,38
122000178,2266,1787,479
122000179,1161,1910,-749
122000180,1270,1087,183
122000181,1155,2458,-1303
122000182,1411,1320,91
122000183,1597,894,703
122000184,2230,2052,178
122000185,971,1601,-630
122000186,346,676,-330
122000187,1579,822,757
122000188,355,223,132
122000189,235,288,-53
122000190,632,977,-345
122000191,665,584,81
122000192,857,326,531
122000193,316,563,-247
122000194,387,144,243
122000195,128,426,-298
122000196,959,511,448
122000197,423,627,-204
122000198,436,796,-360
122000199,251,262,-11
122000200,657,478,179
122000201,986,1397,-411
122000202,928,1196,-268
122000203,2264,1319,945
122000204,1235,1612,-377
122000205,958,1109,-151
122000206,2010,907,1103
122000207,1710,1200,510
122000208,1704,1197,507
122000209,1537,369,1168
122000210,1924,1288,636
122000211,1146,959,187
122000212,670,457,213
122000213,874,1128,-254
122000214,1676,1473,203
122000215,1681,1305,376
122000217,1478,1184,294
122000218,654,76,578
122000219,858,693,165
122000220,286,630,-344
122000221,48,274,-226
122000222,452,116,336
122000223,1306,494,812
122000225,688,266,422
122000226,1663,1343,320
122000227,251,1753,-1502
122000228,346,265,81
122000229,48,403,-355
122000230,146,321,-175
122000231,335,459,-124
122000232,470,575,-105
122000233,0,83,-83
122000234,313,42,271
122000235,429,102,327
122000236,1138,64,1074
122000237,101,57,44
122000238,403,320,83
122000239,767,149,618
122000240,1030,453,577
122000241,1665,392,1273
122000242,586,92,494
122000243,331,37,294
122000244,87,306,-219
122000245,97,179,-82
122000246,408,128,280
122000247,440,494,-54
122000248,832,1110,-278
122000249,1197,798,399
122000250,2270,1008,1262
122000251,217,418,-201
122000252,449,104,345
122000253,75,212,-137
122000254,317,101,216
122000255,553,950,-397
122000256,234,587,-353
122000257,182,200,-18
122000258,285,192,93
122000259,16,304,-288
122000260,9,41,-32
122000261,8,164,-156
122000262,0,35,-35
122000263,327,144,183
122000264,1345,287,1058
122000265,1770,690,1080
122000266,2968,598,2370
122000267,140,97,43
122000268,114,332,-218
122000269,720,216,504
122000270,448,134,314
122000271,248,774,-526
122000272,310,669,-359
122000273,370,322,48
122000274,191,152,39
122000275,46,160,-114
122000276,1067,454,613
122000277,1162,1447,-285
122000278,1790,597,1193
122000279,170,313,-143
122000280,758,532,226
122000281,749,516,233
122000282,206,306,-100
122000283,226,101,125
122000284,211,78,133
122000285,295,43,252
122000286,55,121,-66
122000287,1129,1127,2
122000288,533,238,295
122000291,1782,581,1201
122000293,198,162,36
122000294,131,233,-102
122000295,1039,131,908
122000296,28,392,-364
122000297,1746,2662,-916
122000299,519,310,209
122000300,382,512,-130
122000301,5902,2554,3348
122000302,499,1605,-1106
122000303,2074,956,1118
122000304,99,170,-71
122000305,1097,192,905
122000306,31,348,-317
122000307,71,100,-29
122000309,43,45,-2
122000310,19,118,-99
122000311,226,162,64
122000312,115,151,-36
122000313,201,79,122
122000314,114,169,-55
122000315,220,29,191
122000316,852,173,679
122000317,1208,228,980
122000318,259,778,-519
122000319,164,217,-53
122000320,253,770,-517
122000321,74,105,-31
122000322,1504,1749,-245
122000323,864,1930,-1066
122000324,879,1015,-136
122000325,758,1627,-869
122000326,108,96,12
122000327,491,849,-358
122000328,699,502,197
122000330,1860,751,1109
122000332,188,341,-153
122000333,5,58,-53
122000337,1048,889,159
122000338,440,321,119
122000340,280,437,-157
122000342,1071,672,399
122000343,367,746,-379
122000344,112,24,88
122000345,28,22,6
122000346,329,246,83
122000348,745,480,265
122000349,120,424,-304
122000351,185,172,13
122000352,257,133,124
122000353,115,43,72
122000355,124,278,-154
122000356,829,916,-87
122000357,80,17,63
122000358,2,41,-39
122000359,1,23,-22
122000360,0,32,-32
122000362,3,87,-84
122000364,180,223,-43
122000365,5,23,-18
122000366,17,7,10
122000368,323,444,-121
122000370,21,43,-22
122000371,26,0,26
122000372,19,0,19
122000381,126,273,-147
122000382,71,156,-85
122000384,1824,919,905
122000385,76,16,60
122000386,230,1034,-804
122000387,427,527,-100
122000388,1123,624,499
122000389,120,537,-417
122000390,241,212,29
122000391,222,178,44
122000392,149,140,9
122000393,25,80,-55
122000394,493,208,285
122000395,134,86,48
122000396,247,97,150
122000397,24,35,-11
122000398,15,38,-23
122000399,148,74,74
122000400,80,488,-408
122000401,135,45,90
122000402,272,123,149
122000403,344,514,-170
122000404,138,135,3
122000408,566,819,-253
122000503,8,93,-85
122000524,269,132,137
122000544,65,1640,-1575
122000616,282,4,278
122000640,93,63,30
122000641,137,189,-52
122000642,879,641,238
122000643,55,124,-69
122000644,124,32,92
122000645,80,135,-55
122000651,827,854,-27
122000664,112,30,82
122000665,1065,481,584
122000666,520,933,-413
122000673,43,160,-117
122000674,191,42,149
122000675,1511,519,992
122000686,402,667,-265
122000687,1285,270,1015
122000688,247,377,-130
122000689,901,275,626
122000690,2087,259,1828
122000691,769,942,-173
122000692,1301,295,1006
122000693,411,1010,-599
122000695,271,284,-13
122000696,396,149,247
122000698,380,354,26
122000699,169,43,126
122000701,1411,241,1170
122000702,431,734,-303
122000703,173,73,100
122000712,0,0,0
122000717,83,57,26
122000718,294,773,-479
122000719,109,60,49
122000720,530,132,398
122000724,108,14,94
122900001,44,15,29
122900002,930,4754,-3824
122900003,325,38,287
122900004,1135,62,1073
122900005,113,65,48
122900006,391,509,-118
122900007,101,41,60
122900008,390,204,186
122900009,548,384,164
122900010,140,119,21
122900012,190,391,-201
122900014,107,207,-100
122900015,914,810,104
122900016,119,245,-126
122900017,271,548,-277
122900018,113,22,91
122900019,5,97,-92
122900020,156,309,-153
122900021,30,322,-292
122900022,817,626,191
122900023,488,112,376
122900024,117,84,33
122900025,9,238,-229
122900026,23,218,-195
122900027,57,438,-381
122900028,121,146,-25
122900029,3187,2079,1108
122900030,738,441,297
122900031,27,195,-168
122900032,86,302,-216
122900033,205,120,85
122900034,3319,3589,-270
122900035,16,11,5
122900036,45,69,-24
122900037,324,122,202
122900038,79,2160,-2081
122900039,100,503,-403
122900040,201,372,-171
122900041,231,273,-42
122900042,145,197,-52
122900043,272,230,42
122900044,110,274,-164
122900045,111,96,15
122900046,126,227,-101
122900047,94,202,-108
122900048,42,169,-127
122900049,1066,147,919
122900051,63,109,-46
122900052,100,138,-38
122900053,18,39,-21
122900055,291,94,197
122900057,215,57,158
122900061,439,185,254
122900062,525,534,-9
122900063,158,230,-72
122900064,712,373,339
122900065,443,181,262
122900066,636,280,356
122900067,889,470,419
122900068,167,226,-59
122900069,340,1150,-810
122900070,314,47,267
122900071,147,224,-77
122900072,9,309,-300
122900073,14,123,-109
122900074,756,360,396
122900075,0,56,-56
122900076,3,116,-113
122900077,5,94,-89
122900078,212,45,167
122900080,25,61,-36
122900081,173,148,25
122900082,722,226,496
122900083,138,125,13
122900084,4,124,-120
122900086,11,85,-74
122900087,216,369,-153
122900088,45,208,-163
122900089,22,144,-122
122900090,8,230,-222
122900091,232,0,232
122900092,0,97,-97
122900093,2,146,-144
122900094,3,99,-96
122900095,138,22,116
122900096,267,63,204
122900097,24,38,-14
122900098,49,85,-36
122900099,71,17,54
122900100,146,226,-80
122900101,451,223,228
122900102,23,23,0
122900103,163,11,152
122900104,196,8,188
122900105,26,10,16
122900106,6,51,-45
122900107,6,111,-105
122900108,1,106,-105
123000001,929,348,581
123000002,2111,4086,-1975
123000003,3128,3198,-70
123000004,2262,2955,-693
123000005,2246,2291,-45
123000006,1809,1653,156
123000007,3067,2142,925
123000008,2091,2192,-101
123000009,3518,2147,1371
123000010,2273,2396,-123
123000011,1661,682,979
123000012,527,1623,-1096
123000013,2759,743,2016
123000014,697,2549,-1852
123000015,1764,934,830
123000016,2539,3016,-477
123000017,2798,1476,1322
123000018,110,75,35
123000019,413,112,301
123000020,225,34,191
123000021,149,155,-6
123000022,318,1302,-984
123000023,1516,1440,76
123000024,1415,596,819
123000025,225,90,135
123000026,26,77,-51
123000027,108,476,-368
123000028,841,771,70
123000029,474,1099,-625
123000030,245,209,36
123000031,239,183,56
123000032,420,74,346
123000033,234,89,145
123000034,804,582,222
123000035,316,300,16
123000036,245,768,-523
123000037,208,209,-1
123000038,57,168,-111
123000039,360,1165,-805
123000040,560,253,307
123000041,1065,906,159
123000042,570,541,29
123000043,1883,8906,-7023
123000044,2913,1882,1031
123000045,3717,2000,1717
123000046,476,1186,-710
123000047,980,818,162
123000048,50,811,-761
123000049,4420,7564,-3144
123000050,1435,1367,68
123000051,79,172,-93
123000052,702,2636,-1934
123000053,2513,2454,59
123000054,1375,1160,215
123000055,1198,2165,-967
123000056,939,1135,-196
123000057,5389,4968,421
123000058,508,839,-331
123000059,344,410,-66
123000060,949,370,579
123000061,284,585,-301
123000063,912,797,115
123000064,969,247,722
123000065,3067,1774,1293
123000066,509,463,46
123000067,973,625,348
123000068,1859,2007,-148
123000069,4946,2011,2935
123000070,228,536,-308
123000071,1104,669,435
123000072,875,527,348
123000073,1307,652,655
123000074,1026,679,347
123000075,341,1077,-736
123000076,672,489,183
123000077,1583,1536,47
123000078,1662,1068,594
123000079,1562,1391,171
123000080,1714,1048,666
123000081,114,253,-139
123000082,279,787,-508
123000083,807,212,595
123000084,559,425,134
123000085,290,43,247
123000086,571,88,483
123000087,317,177,140
123000088,981,533,448
123000089,664,828,-164
123000090,888,679,209
123000091,1268,1091,177
123000092,792,956,-164
123000094,402,172,230
123000095,522,581,-59
123000096,735,223,512
123000097,495,434,61
123000098,788,352,436
123000099,570,440,130
123000100,378,580,-202
123000101,460,465,-5
123000102,376,556,-180
123000104,382,352,30
123000105,421,345,76
123000106,492,321,171
123000107,285,418,-133
123000108,426,846,-420
123000111,837,280,557
123000112,1136,420,716
123000113,499,730,-231
123000114,282,527,-245
123000115,285,246,39
123000116,62,140,-78
123000117,1569,1032,537
123000118,382,533,-151
123000119,220,491,-271
123000120,249,539,-290
123000121,463,335,128
123000122,247,193,54
123000123,441,331,110
123000124,336,294,42
123000125,961,1134,-173
123000126,1032,3243,-2211
123000127,548,465,83
123000128,268,228,40
123000129,780,182,598
123000130,649,60,589
123000131,845,649,196
123000132,274,421,-147
123000133,169,296,-127
123000134,240,125,115
123000135,2114,971,1143
123000136,153,449,-296
123000137,85,154,-69
123000138,75,267,-192
123000139,445,81,364
123000140,84,450,-366
123000141,699,149,550
123000142,787,744,43
123000143,828,1259,-431
123000144,19,26,-7
123000145,126,86,40
123000146,17,57,-40
123000147,64,58,6
123000149,256,343,-87
123000150,119,217,-98
123000151,194,352,-158
123000152,87,308,-221
123000153,197,562,-365
123000154,1168,1575,-407
123000155,1536,1021,515
123000156,16,81,-65
123000157,549,609,-60
123000158,490,746,-256
123000159,2375,2245,130
123000160,867,617,250
123000161,1831,966,865
123000162,1171,1467,-296
123000163,444,91,353
123000164,1406,257,1149
123000165,364,891,-527
123000166,34,87,-53
123000167,168,174,-6
123000168,230,123,107
123000169,697,120,577
123000170,131,88,43
123000171,710,16,694
123000172,154,327,-173
123000173,513,242,271
123000174,808,385,423
123000175,425,733,-308
123000176,1034,200,834
123000177,239,560,-321
123000178,733,134,599
123000179,30,341,-311
123000180,1399,249,1150
123000181,257,795,-538
123000182,244,215,29
123000183,136,443,-307
123000184,121,256,-135
123000185,622,300,322
123000186,3,340,-337
123000187,488,3,485
123000188,194,0,194
123000189,133,81,52
123000190,56,80,-24
123000192,28,264,-236
123000193,62,522,-460
123000194,404,225,179
123000195,241,29,212
123000196,252,30,222
123000197,62,77,-15
123000198,31,514,-483
123000199,11,506,-495
123000200,546,10,536
123000201,1109,16,1093
123000202,17,622,-605
123000203,965,56,909
123000204,57,646,-589
123000205,356,1039,-683
123000206,1945,217,1728
123000207,55,547,-492
123000208,405,164,241
123000209,1807,611,1196
123000210,374,1266,-892
123000211,466,1302,-836
123000212,2742,393,2349
123000213,509,58,451
123000215,85,199,-114
123000216,129,488,-359
123000217,181,30,151
123000218,30,549,-519
123000219,493,55,438
123000220,444,69,375
123000221,161,80,81
123000222,420,264,156
123000223,390,190,200
123000224,363,268,95
123000225,276,58,218
123000226,67,230,-163
123000227,48,207,-159
123000228,252,59,193
123000229,610,967,-357
123000232,107,447,-340
123000233,636,119,517
123000234,115,425,-310
123000235,1067,258,809
123000236,244,434,-190
123000237,271,85,186
123000238,71,323,-252
123000239,380,753,-373
123000240,38,463,-425
123000241,297,85,212
123000242,178,169,9
123000243,509,620,-111
123000244,678,508,170
123000245,54,126,-72
123000249,211,485,-274
123000252,778,251,527
123000253,1165,486,679
123000254,673,654,19
123000255,995,733,262
123000256,21,111,-90
123000257,1831,1237,594
123000258,1124,521,603
123000259,333,311,22
123000260,514,260,254
123000261,244,128,116
123000262,103,92,11
123000263,403,70,333
123000264,165,65,100
123000265,41,92,-51
123000266,500,476,24
123000267,699,317,382
123000268,37,52,-15
123000269,36,52,-16
123000270,20,38,-18
123000271,41,50,-9
123000272,521,246,275
123000273,224,506,-282
123000274,924,464,460
123000275,224,568,-344
123000278,1634,1868,-234
123000279,167,80,87
123000280,267,272,-5
123000281,324,62,262
123000282,110,167,-57
123000283,133,39,94
123000284,42,74,-32
123000286,136,294,-158
123000287,323,233,90
123000288,910,813,97
123000289,316,918,-602
123000291,198,637,-439
123000294,171,164,7
123000295,870,785,85
123000296,598,334,264
123000297,654,337,317
123000298,638,276,362
123000299,79,140,-61
123000300,916,745,171
123000301,133,232,-99
123000302,84,81,3
123000303,129,173,-44
123000305,656,671,-15
123000306,112,90,22
123000309,22,44,-22
123000310,28,32,-4
123000311,0,82,-82
123000312,424,396,28
123000313,470,261,209
123000315,134,199,-65
123000316,711,163,548
123000317,150,77,73
123000318,39,122,-83
123000329,6,14,-8
123000337,638,353,285
123000338,258,86,172
123000339,223,57,166
123000340,82,184,-102
123000342,31,94,-63
123000343,43,15,28
123000344,852,303,549
123000345,287,525,-238
123000346,379,54,325
123000352,944,684,260
123000353,24,77,-53
123000354,186,1,185
123000355,0,191,-191
123000356,345,5,340
123000357,0,94,-94
123000359,6,98,-92
123000360,153,52,101
123000361,136,223,-87
123000362,431,43,388
123000363,102,107,-5
123000364,432,477,-45
123000365,30,250,-220
123000366,325,1656,-1331
123000367,206,579,-373
123000370,14,172,-158
123000371,628,36,592
123000372,326,21,305
123000373,18,228,-210
123000374,6,119,-113
123000375,348,38,310
123000376,759,526,233
123000377,355,7,348
123000378,15,168,-153
123000379,3,126,-123
123000380,36,254,-218
123000381,76,95,-19
123000382,618,84,534
123000383,96,971,-875
123000384,362,80,282
123000385,131,360,-229
123000436,34,871,-837
123000507,63,142,-79
123000508,93,694,-601
123000517,182,23,159
123000518,30,177,-147
123000519,129,50,79
123000520,26,167,-141
123000521,313,72,241
123000522,132,276,-144
123000541,7,1,6
123000542,0,8,-8
123000565,637,35,602
123000566,253,336,-83
123000567,74,133,-59
123000573,60,536,-476
123000574,998,64,934
123000575,1355,696,659
123000576,830,827,3
123000577,51,443,-392
123000578,348,72,276
123000579,1201,4519,-3318
123000580,79,45,34
123000582,459,30,429
123000583,17,257,-240
123000584,103,224,-121
123000585,0,49,-49
123000586,58,0,58
123000596,68,68,0
123000597,66,139,-73
123000602,48,6,42
123000603,727,447,280
123000604,438,427,11
123000605,613,102,511
123000606,2,337,-335
123000609,11,207,-196
123000610,160,69,91
123000613,49,177,-128
123000614,205,27,178
123000615,38,108,-70
123000616,606,48,558
123000617,97,165,-68
123000618,48,520,-472
123000619,490,52,438
123000620,19,333,-314
123000622,405,23,382
123000624,121,67,54
123000630,1205,449,756
123000631,248,638,-390
123000632,490,492,-2
123000633,2,119,-117
123000634,35,144,-109
123000635,67,66,1
123000636,37,408,-371
123000637,137,29,108
123000638,427,37,390
123000639,565,3807,-3242
123000640,25,381,-356
123000648,358,78,280
123000649,35,258,-223
123900001,839,52,787
123900002,36,977,-941
123900003,200,328,-128
123900005,192,156,36
123900006,265,42,223
124000001,1647,132,1515
124000002,60,1063,-1003
124000003,849,112,737
124000004,103,341,-238
124000005,1134,553,581
124000006,184,632,-448
124000007,317,85,232
124000008,9,380,-371
124000009,662,237,425
124000010,220,298,-78
124000011,1087,288,799
124000012,270,327,-57
124000017,174,101,73
124000018,99,53,46
124000019,184,91,93
124000020,40,139,-99
124000021,123,63,60
124000022,68,154,-86
124000023,1156,1240,-84
124000024,818,310,508
124000025,883,1507,-624
124000026,656,696,-40
124000027,3863,4208,-345
124000028,1369,3142,-1773
124000030,1775,1040,735
124000031,1087,3521,-2434
124000032,1479,534,945
124000033,702,539,163
124000034,782,600,182
124000035,285,194,91
124000036,126,387,-261
124000037,480,1093,-613
124000038,17,104,-87
124000039,733,422,311
124000040,402,871,-469
124000041,476,70,406
124000042,123,255,-132
124000043,91,74,17
124000044,70,138,-68
124000045,838,439,399
124000046,281,499,-218
124000047,1656,701,955
124000048,744,790,-46
124000049,1607,501,1106
124000050,705,958,-253
124000051,911,438,473
124000052,454,509,-55
124000053,392,1469,-1077
124000054,603,322,281
124000055,1135,2512,-1377
124000056,1434,920,514
124000057,942,442,500
124000058,322,777,-455
124000059,592,985,-393
124000060,771,399,372
124000061,1123,5087,-3964
124000062,3570,1409,2161
124000063,784,1131,-347
124000064,1413,888,525
124000065,71,405,-334
124000066,249,101,148
124000067,232,138,94
124000068,67,141,-74
124000069,639,167,472
124000070,262,348,-86
124000071,199,92,107
124000072,180,318,-138
124000073,846,180,666
124000074,210,589,-379
124000075,245,23,222
124000076,29,127,-98
124000077,1068,694,374
124000078,2028,1085,943
124000079,296,985,-689
124000080,571,202,369
124000081,247,403,-156
124000082,47,112,-65
124000083,58,59,-1
124000084,52,416,-364
124000085,60,30,30
124000086,30,91,-61
124000087,83,65,18
124000088,182,395,-213
124000089,836,268,568
124000090,118,235,-117
124000091,433,78,355
124000092,93,423,-330
124000093,177,107,70
124000094,211,360,-149
124000095,84,91,-7
124000096,127,180,-53
124000097,91,140,-49
124000098,46,58,-12
124000099,275,113,162
124000100,42,101,-59
124000101,94,114,-20
124000102,89,36,53
124000103,98,129,-31
124000104,68,32,36
124000105,89,97,-8
124000106,67,31,36
124000107,11,146,-135
124000108,29,21,8
124000109,130,100,30
124000110,148,56,92
124000111,191,141,50
124000112,689,395,294
124000113,77,86,-9
124000114,262,280,-18
124000115,270,381,-111
124000116,118,161,-43
124000117,41,72,-31
124000118,36,82,-46
124000119,730,402,328
124000120,450,366,84
124000121,1310,582,728
124000122,472,924,-452
124000123,724,387,337
124000124,406,851,-445
124000125,362,408,-46
124000126,273,516,-243
124000127,779,294,485
124000128,460,627,-167
124000129,1791,1041,750
124000130,649,431,218
124000131,665,485,180
124000132,672,528,144
124000133,740,643,97
124000134,1199,385,814
124000135,1286,1441,-155
124000136,695,617,78
124000137,848,668,180
124000138,1219,895,324
124000139,727,32,695
124000140,25,300,-275
124000141,505,26,479
124000142,63,244,-181
124000143,93,12,81
124000144,13,93,-80
124000145,231,47,184
124000146,102,67,35
124000148,32,118,-86
124000149,1082,418,664
124000150,296,519,-223
124000151,801,352,449
124000152,602,992,-390
124000153,968,704,264
124000154,709,558,151
124000155,1375,878,497
124000156,1370,889,481
124000169,154,378,-224
124000170,379,341,38
124000171,273,198,75
124000172,315,331,-16
124000173,446,169,277
124000174,366,337,29
124000175,11,79,-68
124000176,64,26,38
124000177,4,16,-12
124000178,29,52,-23
124000190,75,61,14
124000191,100,148,-48
124000192,1636,366,1270
124000193,410,786,-376
124000194,276,318,-42
124000195,331,557,-226
124000196,631,630,1
124000197,34,27,7
124000198,34,34,0
124000201,307,576,-269
124000202,561,285,276
124000203,481,318,163
124000204,880,243,637
124000205,106,217,-111
124000206,636,255,381
124000207,1,29,-28
124000209,202,287,-85
124000210,529,152,377
124000211,639,1,638
124000212,0,206,-206
124000213,461,155,306
124000214,344,371,-27
124000215,417,31,386
124000216,3,240,-237
124000329,166,919,-753
124000338,108,482,-374
124000339,1046,116,930
124000341,1466,97,1369
124000344,18,6,12
124000357,1010,1962,-952
124000358,673,1212,-539
124000359,1034,530,504
124000360,758,384,374
124000361,1860,885,975
124000362,868,1050,-182
124000363,230,237,-7
124000364,408,463,-55
124000365,429,729,-300
124000366,1063,601,462
124000367,75,349,-274
124000368,420,490,-70
124000369,127,93,34
124000370,62,446,-384
124000402,19,21,-2
124000403,145,28,117
124000404,10,82,-72
124000405,887,588,299
124000406,528,616,-88
124000407,2,23,-21
124000411,7,204,-197
124000412,435,4,431
124000413,139,26,113
124000414,63,80,-17
124000415,39,56,-17
124000416,94,133,-39
124000417,186,111,75
124000418,178,68,110
124000419,95,79,16
124000420,128,48,80
124000421,48,72,-24
124000422,5,13,-8
124000423,94,26,68
124000424,1,93,-92
124000425,118,53,65
124000426,14,130,-116
124000427,122,6,116
124000428,10,44,-34
124000429,66,40,26
124000430,644,333,311
124000431,193,307,-114
124000432,252,590,-338
124000439,2,4,-2
124000443,3,6,-3
124000445,178,1092,-914
124000446,809,137,672
124900001,661,400,261
124900002,154,184,-30
124900003,987,534,453
124900004,698,301,397
124900005,228,115,113
124900006,825,261,564
124900008,1158,524,634
124900009,205,321,-116
124900010,223,121,102
124900011,558,222,336
124900012,464,119,345
124900013,507,111,396
124900014,228,41,187
124900015,140,338,-198
124900016,83,83,0
124900017,398,1436,-1038
124900018,53,14,39
124900020,59,64,-5
124900021,297,36,261
124900022,43,5,38
124900024,259,18,241
124900026,133,9,124
124900027,152,485,-333
124900028,348,81,267
124900029,29,539,-510
124900030,4,62,-58
124900031,39,177,-138
124900032,101,210,-109
124900033,114,193,-79
124900034,7,74,-67
124900035,203,270,-67
124900036,1,25,-24
124900037,200,191,9
124900038,207,216,-9
124900039,2,34,-32
124900040,110,73,37
124900041,304,675,-371
124900042,79,1,78
124900043,531,656,-125
124900044,82,2,80
124900045,623,1009,-386
124900046,495,170,325
124900047,112,141,-29
124900048,170,75,95
124900050,103,149,-46
124900052,112,295,-183
124900053,125,287,-162
124900054,988,383,605
124900055,0,156,-156
124900057,4,47,-43
124900060,73,130,-57
124900061,72,12,60
124900062,195,31,164
124900066,0,14,-14
124900067,3,110,-107
124900068,232,506,-274
124900070,67,26,41
124900072,112,29,83
124900075,248,232,16
124900076,20,1056,-1036
124900077,31,80,-49
124900078,82,10,72
124900079,374,157,217
124900080,292,391,-99
124900081,1094,332,762
124900082,357,589,-232
124900083,246,347,-101
124900085,731,484,247
124900086,60,1312,-1252
124900087,486,111,375
124900088,350,73,277
124900089,955,13,942
124900090,356,218,138
124900091,229,204,25
124900092,203,163,40
124900093,335,158,177
124900094,386,229,157
124900095,82,413,-331
124900096,412,207,205
124900097,291,46,245
124900098,93,168,-75
124900099,370,342,28
124900100,328,47,281
124900101,49,368,-319
124900102,216,30,186
124900103,120,121,-1
124900104,31,116,-85
124900105,67,61,6
124900106,330,46,284
124900107,109,9,100
124900108,137,88,49
124900111,1,74,-73
124900112,68,356,-288
124900113,98,261,-163
124900114,125,121,4
124900115,97,30,67
124900116,260,200,60
124900117,237,146,91
124900118,188,344,-156
124900119,378,181,197
124900120,51,246,-195
124900121,100,342,-242
124900122,255,228,27
124900123,197,109,88
124900124,120,284,-164
204000001,144,13,131
204000002,15,5,10
204000003,22,4,18
204000004,6,4,2
204000005,565,376,189
204000006,1030,965,65
204000011,8,28,-20
204000012,42,88,-46
204000019,605,340,265
204000020,636,577,59
204000021,928,634,294
204000022,567,324,243
204000023,482,391,91
204000031,55,24,31
204000032,321,25,296
204000034,35,101,-66
204000035,1,2,-1
204000036,6,13,-7
204000037,0,11,-11
204000038,0,3,-3
204000039,1,13,-12
204000040,4,12,-8
204000041,4,21,-17
204000042,39,9,30
204000043,34,2,32
204000044,29,1,28
204000045,64,2,62
204000046,13,0,13
204000057,9,14,-5
204000062,28,15,13
204000068,23,198,-175
204000069,66,312,-246
204000070,53,53,0
204000080,24,41,-17
204000085,1659,965,694
204000086,1913,1058,855
204000087,47,8,39
204000088,4,50,-46
204000090,51,215,-164
204000093,373,81,292
204000096,916,789,127
204000097,455,18,437
204000099,846,1288,-442
204000100,1325,1422,-97
204000105,1674,933,741
204000110,359,599,-240
204000111,362,428,-66
204000112,450,404,46
204000113,520,558,-38
204000114,920,618,302
204000115,495,259,236
204000116,501,574,-73
204000119,1597,2087,-490
204000132,610,307,303
204000133,853,196,657
204000134,216,74,142
204000135,595,42,553
204000136,632,128,504
204000138,317,447,-130
204000140,205,140,65
204000141,183,67,116
204000144,6,15,-9
204000145,455,39,416
204000146,23,214,-191
204000147,19,123,-104
204000148,160,17,143
204000154,18,3,15
204000155,2,4,-2
204000177,55,47,8
204000179,32,2,30
204000180,1,39,-38
204000222,2,5,-3
204000235,38,10,28
204000236,58,142,-84
204000238,16,24,-8
204000240,358,53,305
204000263,508,626,-118
204000268,800,586,214
204000308,110,9,101
204000317,4,72,-68
204000322,8,42,-34
204000323,11,5,6
204000328,219,46,173
204000329,53,111,-58
204000330,189,23,166
204000331,49,89,-40
205000001,622,1215,-593
205000013,14,71,-57
205000014,10,86,-76
205000015,30,167,-137
205000016,18,130,-112
205000017,31,62,-31
205000022,211,642,-431
205000025,975,780,195
205000029,168,9,159
205000045,152,538,-386
205000046,120,444,-324
205000047,53,332,-279
205000048,301,645,-344
205000049,143,548,-405
205000050,490,185,305
205000059,1,151,-150
205000060,0,83,-83
205000061,8,162,-154
205000062,2,173,-171
205000063,28,156,-128
205000064,40,71,-31
205000065,78,392,-314
205000066,159,456,-297
205000067,68,659,-591
205000069,135,14,121
205000082,120,155,-35
205000110,78,196,-118
205000111,185,192,-7
205000112,153,203,-50
205000113,176,277,-101
205000121,200,70,130
205000123,42,174,-132
205000126,390,54,336
205000127,566,91,475
205000128,332,48,284
205000129,607,61,546
205000130,157,25,132
205000131,72,5,67
205000132,120,4,116
205000133,75,2,73
205000134,240,0,240
205000137,57,128,-71
205000138,187,274,-87
205000139,23,95,-72
205000144,83,67,16
205000145,326,142,184
205000151,128,18,110
205000152,142,9,133
205000153,191,21,170
205000154,75,29,46
205000155,133,9,124
205000207,7,88,-81
205000233,27,0,27
205000234,0,0,0
205000243,2,3,-1
205000244,0,1,-1
205000245,13,98,-85
205000249,1,15,-14
205000250,2,0,2
205000264,3,66,-63
206000027,13,2,11
206000028,3,2,1
206000043,3,27,-24
206000053,2,11,-9
206000054,1,12,-11
206000055,2,11,-9
206000075,7,15,-8
206000076,17,24,-7
206000077,24,11,13
206000078,24,13,11
206000079,23,8,15
206000082,347,43,304
206000100,15,266,-251
206000103,0,15,-15
206000104,27,24,3
206000105,9,6,3
206000106,2,9,-7
206000108,464,23,441
206000125,52,0,52
206000157,44,333,-289
206000170,0,94,-94
206000171,6,139,-133
206000172,8,182,-174
206000173,0,102,-102
206000174,17,24,-7
206000175,3,54,-51
206000176,6,107,-101
206000177,0,78,-78
206000178,1,116,-115
206000179,3,45,-42
206000180,7,79,-72
206000181,3,57,-54
206000182,3,71,-68
206000183,8,239,-231
206000184,12,153,-141
206000185,13,53,-40
206000186,79,342,-263
206000223,3,99,-96
206000226,23,0,23
206000227,14,1,13
206000237,16,168,-152
206000238,14,215,-201
206000239,142,996,-854
206000240,1,39,-38
206000241,0,48,-48
206000242,8,72,-64
206000243,8,62,-54
206000244,49,214,-165
206000245,793,67,726
206000246,281,9,272
206000247,274,9,265
206000248,395,14,381
206000252,52,23,29
206000258,10,14,-4
206000315,31,11,20
206000317,491,104,387
206000318,550,59,491
206000319,1601,113,1488
206000320,235,23,212
206000321,209,7,202
206000322,623,22,601
206000323,194,10,184
206000324,203,7,196
206000325,173,10,163
206000326,211,6,205
206000327,110,7,103
206000328,218,4,214
206000329,297,6,291
206000330,43,12,31
206000331,213,4,209
206000332,42,0,42
206000333,756,5,751
206000334,350,7,343
206000335,0,20,-20
206000361,6,112,-106
206000392,1,11,-10
206000405,135,3,132
206000441,25,18,7
206000498,32,1,31
206000515,58,41,17
206000530,285,66,219
206000531,224,188,36
206000532,1370,280,1090
206000535,114,979,-865
206000536,8,69,-61
206000537,20,105,-85
206000613,1268,229,1039
207000001,121,483,-362
207000002,101,251,-150
207000003,160,94,66
207000007,1030,240,790
207000008,104,10,94
207000009,33,51,-18
207000010,384,250,134
207000012,459,271,188
207000015,149,607,-458
207000019,225,74,151
207000021,524,160,364
207000022,226,113,113
207000023,185,44,141
207000024,1,10,-9
207000025,22,54,-32
207000026,70,42,28
207000027,12,52,-40
207000028,48,130,-82
207000029,187,319,-132
207000033,170,406,-236
207000034,253,130,123
207000039,484,91,393
207000040,448,57,391
207000041,135,18,117
207000042,245,43,202
207000043,191,160,31
207000051,150,151,-1
207000052,55,95,-40
207000053,347,335,12
207000054,19,83,-64
207000055,184,109,75
207000056,304,262,42
207000057,108,208,-100
207000058,159,192,-33
207000059,65,274,-209
207000060,45,119,-74
207000061,177,580,-403
207000062,344,37,307
207000063,365,80,285
207000064,369,105,264
207000065,378,172,206
207000066,210,160,50
207000067,39,86,-47
207000068,107,45,62
207000069,612,253,359
207000082,7,104,-97
207000083,75,151,-76
207000084,330,229,101
207000085,207,33,174
207000086,209,8,201
207000106,39,23,16
207000107,82,14,68
207000108,62,20,42
207000109,55,13,42
207000110,46,62,-16
207000111,80,97,-17
207000112,118,616,-498
207000114,22,24,-2
207000115,12,51,-39
207000116,17,316,-299
207000117,11,72,-61
207000118,5,34,-29
207000119,40,55,-15
207000123,166,20,146
207000124,71,30,41
207000125,91,51,40
207000126,51,75,-24
207000134,111,110,1
207000135,23,132,-109
207000148,75,292,-217
207000149,68,32,36
207000152,118,304,-186
207000153,607,1051,-444
207000154,305,126,179
207000159,89,101,-12
207000160,124,220,-96
207000238,1,118,-117
207000242,3,115,-112
207000248,32,30,2
207000249,91,19,72
207000250,436,59,377
207000251,88,54,34
207000252,62,46,16
207000278,135,61,74
207000279,31,81,-50
207000280,614,59,555
207000281,133,448,-315
207000282,111,104,7
207000283,24,149,-125
207000284,22,256,-234
207000285,40,60,-20
207000291,12,88,-76
207000304,120,51,69
207000306,61,285,-224
207000310,87,56,31
207000353,255,0,255
207000356,11,25,-14
207000357,6,10,-4
207000358,9,13,-4
207000415,3,130,-127
207000417,55,3,52
207000418,84,92,-8
207000438,0,1,-1
207000439,576,701,-125
207000446,185,9,176
207000460,44,5,39
207000466,125,68,57
207000467,321,87,234
207000468,41,170,-129
207000476,12,46,-34
207000477,672,38,634
207000478,0,26,-26
207000523,0,8,-8
207000524,80,3,77
207000527,118,138,-20
207000530,619,10,609
207000531,398,16,382
207000532,96,30,66
207000534,282,47,235
207000535,38,311,-273
207000537,9,62,-53
207000540,5,144,-139
207000541,1,219,-218
207000548,14,166,-152
207000549,266,12,254
207000561,184,210,-26
207000562,40,133,-93
207000567,111,177,-66
207000568,234,36,198
207000569,559,364,195
207000584,218,120,98
207000585,63,284,-221
207000587,113,14,99
207000616,0,78,-78
207000617,168,0,168
207000624,33,35,-2
207000631,5,90,-85
207900008,273,49,224
208000001,530,833,-303
208000002,798,330,468
208000003,1002,303,699
208000004,861,602,259
208000005,7,11,-4
208000019,554,733,-179
208000020,194,397,-203
208000021,250,212,38
208000022,875,363,512
208000028,689,955,-266
208000033,550,459,91
208000034,799,974,-175
208000037,175,24,151
208000040,172,135,37
208000041,654,442,212
208000042,804,516,288
208000047,125,176,-51
208000064,1841,1274,567
208000066,1250,1839,-589
208000070,343,249,94
208000071,429,531,-102
208000072,407,877,-470
208000080,211,293,-82
208000081,337,115,222
208000082,298,189,109
208000083,137,258,-121
208000084,30,13,17
208000085,529,517,12
208000086,426,753,-327
208000087,417,599,-182
208000089,1021,281,740
208000090,957,435,522
208000093,213,206,7
208000094,757,324,433
208000095,682,321,361
208000104,849,692,157
208000105,619,769,-150
208000114,102,318,-216
208000115,453,300,153
208000116,550,854,-304
208000117,157,180,-23
208000118,103,143,-40
208000155,589,776,-187
208000158,936,2975,-2039
208000186,2457,3448,-991
208000204,550,832,-282
208000205,1038,577,461
208000282,3531,2341,1190
209000004,325,151,174
209000005,38,36,2
209000006,319,135,184
209000007,235,219,16
209000010,291,91,200
209000011,148,169,-21
209000012,90,82,8
209000013,206,149,57
209000014,329,547,-218
209000025,321,38,283
209000026,662,114,548
209000027,337,452,-115
209000028,379,340,39
209000029,318,354,-36
209000030,302,740,-438
209000031,1563,1111,452
209000034,209,206,3
209000035,141,158,-17
209000036,188,104,84
209000037,296,184,112
209000038,139,132,7
209000039,92,119,-27
209000040,273,424,-151
209000041,173,295,-122
209000042,236,339,-103
209000043,640,659,-19
209000044,198,707,-509
209000045,1037,374,663
209000046,510,368,142
209000047,369,200,169
209000048,516,285,231
209000049,81,72,9
209000050,189,67,122
209000051,220,174,46
209000052,132,134,-2
209000062,33,49,-16
209000063,34,54,-20
209000064,32,48,-16
209000065,92,19,73
209000066,99,11,88
209000067,71,23,48
209000080,13,110,-97
209000082,53,33,20
209000091,35,75,-40
209000093,72,17,55
209000094,84,120,-36
209000110,39,114,-75
209000111,438,1220,-782
209000112,880,352,528
209000113,1358,313,1045
209000114,733,315,418
209000115,79,55,24
209000116,382,218,164
209000118,19,21,-2
209000119,37,13,24
209000121,122,309,-187
209000135,61,136,-75
209000142,659,1325,-666
209000143,35,42,-7
209000144,37,99,-62
209000229,263,113,150
209000240,20,148,-128
209000259,55,83,-28
209000260,30,688,-658
209000261,2,334,-332
209000262,2,247,-245
209000263,0,159,-159
209000264,0,198,-198
209000265,301,0,301
209000266,137,2,135
209000267,846,8,838
209000268,586,53,533
210000037,59,37,22
210000047,70,14,56
210000048,83,18,65
210000049,44,2,42
210000052,72,59,13
210000053,13,36,-23
210000054,38,45,-7
210000070,110,1,109
210000071,57,0,57
210000072,34,0,34
210000073,1,17,-16
210000074,1,88,-87
210000075,2,70,-68
210000076,8,93,-85
210000077,3,48,-45
210000078,24,52,-28
210000079,28,9,19
210000080,65,76,-11
210000081,126,18,108
210000082,57,2,55
210000083,93,1,92
210000084,73,1,72
210000085,2,36,-34
210000086,1,60,-59
210000099,32,172,-140
210000100,39,150,-111
210000101,55,124,-69
210000105,27,175,-148
210000159,0,173,-173
210000163,102,200,-98
210000164,273,167,106
210000168,106,19,87
210000187,0,16,-16
210000188,0,16,-16
210000214,17,0,17
210000219,39,42,-3
210000220,118,29,89
210000232,5,18,-13
210000233,20,38,-18
210000234,15,97,-82
210000235,67,36,31
210000245,0,27,-27
210000246,28,0,28
210000258,19,79,-60
210000259,249,59,190
210000282,93,131,-38
210000285,0,102,-102
210000286,11,103,-92
210000290,1,3,-2
210000295,42,109,-67
210000296,43,30,13
210000320,175,40,135
210000321,80,33,47
210000338,66,56,10
210000339,198,799,-601
210000340,77,268,-191
210000341,200,194,6
210000342,167,122,45
210000343,127,150,-23
210000344,112,92,20
210000345,122,169,-47
210000346,75,72,3
210000347,42,27,15
210000348,84,28,56
210000349,39,32,7
210000350,116,45,71
210000351,161,77,84
210000352,69,47,22
210000353,60,62,-2
210000354,122,51,71
210000355,64,52,12
210000356,23,54,-31
210000357,36,55,-19
210000358,182,124,58
210000359,62,56,6
210000360,136,109,27
210000361,135,107,28
210000362,212,133,79
210000363,501,184,317
210000364,94,107,-13
210000365,85,50,35
210000366,129,21,108
210000367,109,28,81
210000368,131,40,91
210000369,40,21,19
210000370,39,29,10
210000372,24,22,2
210000373,17,15,2
210000374,35,22,13
210000375,43,49,-6
210000376,76,75,1
210000404,49,62,-13
210000439,24,22,2
210000472,58,0,58
210000482,32,87,-55
210000564,174,222,-48
210000567,1,36,-35
210000568,191,4,187
211000092,30,33,-3
211000094,20,7,13
211000169,184,7,177
211000172,11,166,-155
211000209,2,17,-15
211000226,8,22,-14
211000270,25,7,18
211000275,16,11,5
211000276,79,19,60
211000279,29,28,1
211000281,60,45,15
211507980,1,37,-36
211977296,20,2,18
212000003,139,49,90
212000004,20,26,-6
212000005,20,36,-16
212000006,23,44,-21
212000008,173,98,75
212000009,29,68,-39
212000012,83,74,9
212000013,22,26,-4
212000014,234,115,119
212000015,242,176,66
212000016,399,394,5
212000027,434,293,141
212000028,302,259,43
212000029,199,191,8
212000030,46,27,19
212000031,51,54,-3
212000048,16,151,-135
212000049,13,106,-93
212000050,17,9,8
212000051,162,118,44
212000052,142,242,-100
212000053,294,311,-17
212000054,268,67,201
212000055,250,116,134
212000056,19,30,-11
212000057,12,11,1
212000058,144,22,122
212000070,92,151,-59
212000077,103,359,-256
212000099,207,195,12
212000108,198,154,44
212000111,209,76,133
212000120,112,63,49
212000138,93,25,68
212000156,9,78,-69
212000158,3,13,-10
212000159,417,27,390
212000160,640,167,473
212000161,50,18,32
212000310,48,14,34
212000311,8,38,-30
212000374,30,16,14
213000001,30,273,-243
213000005,374,93,281
213000006,921,301,620
213000007,87,8,79
213000009,510,397,113
213000010,213,280,-67
213000011,186,112,74
213000012,132,193,-61
213000014,61,10,51
213000015,251,9,242
213000016,377,0,377
213000017,99,2,97
213000018,3,97,-94
213000019,1,129,-128
213000020,91,255,-164
213000021,6,86,-80
213000023,292,162,130
213000033,301,1145,-844
213000034,610,218,392
213000035,94,172,-78
213000045,152,248,-96
213000046,171,139,32
213000047,481,1056,-575
213000056,106,14,92
213000069,65,2,63
213000073,0,26,-26
213000074,50,233,-183
213000075,523,8,515
213000076,19,3,16
213000085,4,43,-39
213000086,28,133,-105
213000091,244,10,234
213000092,94,12,82
213000099,189,999,-810
213000100,1088,251,837
213000101,416,95,321
213000102,515,208,307
213000103,879,579,300
213000104,42,317,-275
213000105,3,120,-117
213000106,33,59,-26
213000107,139,345,-206
213000108,33,291,-258
213000109,14,171,-157
213000110,22,50,-28
213000111,7,45,-38
213000112,126,81,45
213000115,84,4,80
213000116,40,236,-196
213000117,4,492,-488
213000118,487,238,249
213000119,51,460,-409
213000120,110,344,-234
213000122,119,355,-236
213000123,294,726,-432
213000124,104,962,-858
213000125,129,31,98
213000126,61,132,-71
213000127,97,191,-94
213000128,311,878,-567
213000129,308,675,-367
213000130,654,352,302
213000132,556,151,405
213000133,557,115,442
213000134,888,25,863
213000136,515,18,497
213000137,649,68,581
213000139,204,16,188
213000147,43,8,35
213000148,20,8,12
213000149,36,7,29
213000150,1,142,-141
213000151,12,117,-105
213000152,3,67,-64
213000153,1,98,-97
213000154,34,397,-363
213000155,63,196,-133
213000156,127,335,-208
213000157,603,285,318
213000158,365,736,-371
213000159,561,384,177
213000163,861,95,766
213000165,788,221,567
213000171,1,56,-55
213000172,2,127,-125
213000173,0,103,-103
213000174,4,92,-88
213000175,13,53,-40
213000176,51,32,19
213000177,102,1,101
213000178,204,4,200
213000179,231,0,231
213000180,187,1,186
213000184,85,307,-222
213000188,354,111,243
213000189,468,46,422
213000190,838,616,222
213000191,437,290,147
213000192,220,203,17
213000193,616,244,372
213000194,1,99,-98
213000195,24,273,-249
213000196,241,861,-620
213000197,450,378,72
213000198,46,4,42
213000200,119,637,-518
213000201,40,21,19
213000202,10,427,-417
213000203,2059,495,1564
213000204,714,48,666
213000205,343,43,300
213000206,431,35,396
213000207,60,6,54
213000208,78,4,74
213000209,91,3,88
213000210,230,2,228
213000211,4,13,-9
213000212,11,14,-3
213000213,9,30,-21
213000218,202,324,-122
213000219,568,8,560
213000220,404,11,393
213000223,180,204,-24
213000224,49,65,-16
213000225,96,12,84
213000226,50,6,44
213000227,855,194,661
213000228,377,69,308
213000229,88,17,71
213000230,403,24,379
213000232,40,756,-716
213000233,5,619,-614
213000234,3,63,-60
213000293,14,80,-66
213000294,121,14,107
213000295,7,59,-52
213000296,31,29,2
213000297,5,66,-61
213000298,24,65,-41
213000299,38,35,3
213000300,9,8,1
213000303,0,31,-31
213000304,0,11,-11
213000305,2,11,-9
213000306,44,33,11
213000307,105,59,46
213000308,99,110,-11
213000309,164,43,121
213000310,401,158,243
213000311,204,694,-490
213000315,94,68,26
213000316,162,35,127
213000322,85,73,12
213000323,126,54,72
213000324,69,31,38
213000325,41,48,-7
213000326,29,15,14
213000327,37,24,13
213000328,27,109,-82
213000329,107,29,78
213000340,167,363,-196
213000341,574,116,458
213000346,243,260,-17
213000347,536,407,129
213000348,2,99,-97
213000349,21,9,12
213000350,242,639,-397
213000366,74,235,-161
213000367,226,11,215
213000379,52,48,4
213000386,19,247,-228
213000406,61,322,-261
213000417,1127,368,759
213000425,239,38,201
213000426,136,46,90
213000427,40,140,-100
213000428,42,93,-51
213000429,6,2,4
213000430,114,465,-351
213000431,50,2,48
213000432,1,32,-31
213000433,9,97,-88
213000434,77,83,-6
213000435,106,78,28
213000436,35,57,-22
213000437,0,7,-7
213000438,180,51,129
213000439,33,9,24
213000440,10,224,-214
213000441,0,2,-2
213000442,2,17,-15
213000443,343,270,73
213000444,40,29,11
213000445,2,54,-52
213000446,1,19,-18
213000447,4,31,-27
213000448,10,143,-133
213000449,490,6,484
213000450,19,24,-5
213000451,238,77,161
213000452,13,13,0
213000453,42,200,-158
213000455,184,1,183
213000456,1,288,-287
213000481,9,2,7
213000482,48,2,46
213000489,163,45,118
213000491,0,143,-143
213000492,116,2,114
213000493,1,70,-69
213000494,338,109,229
213000495,0,66,-66
213000496,345,149,196
213000497,58,211,-153
213000498,140,114,26
213000499,229,285,-56
213000500,478,44,434
213000501,151,40,111
213000502,132,110,22
213000503,1,45,-44
213000504,13,64,-51
213000505,6,8,-2
213000506,0,11,-11
213000507,4,102,-98
213900244,33,0,33
213900245,0,21,-21
218000003,14,19,-5
218000004,15,28,-13
218000005,22,34,-12
218000006,43,39,4
218000007,13,10,3
218000012,111,101,10
218000013,94,114,-20
218000014,321,320,1
218000019,512,418,94
218000020,266,298,-32
218000021,21,17,4
218000022,4,9,-5
218000023,0,7,-7
218000024,2,1,1
218000025,6,4,2
218000026,4,13,-9
218000027,1,5,-4
218000028,1,4,-3
218000029,0,4,-4
218000030,8,11,-3
218000031,2,11,-9
218000032,0,7,-7
218000040,2,1,1
218000046,35,60,-25
218000047,13,95,-82
218000048,42,60,-18
218000049,63,59,4
218000050,257,134,123
218000051,62,155,-93
218000052,0,56,-56
218000053,2,12,-10
218000054,6,55,-49
218000055,7,18,-11
218000056,15,21,-6
218000057,5,12,-7
218000064,5,4,1
218000065,100,23,77
218000066,10,22,-12
218000067,37,65,-28
218000068,88,55,33
218000069,232,96,136
218000070,155,143,12
218000071,185,124,61
218000072,169,165,4
218000078,790,457,333
218000079,108,57,51
218000080,123,57,66
218000081,396,165,231
218000082,55,88,-33
218000083,42,44,-2
218000084,135,76,59
218000085,130,183,-53
218000086,99,108,-9
218000087,166,100,66
218000090,16,90,-74
218000091,873,387,486
218000092,59,92,-33
218000093,99,34,65
218000094,376,421,-45
218000099,211,593,-382
218000100,247,200,47
218000101,292,116,176
218000102,336,133,203
218000103,97,75,22
218000104,90,21,69
218000105,19,16,3
218000106,1,5,-4
218000107,50,25,25
218000108,11,28,-17
218000112,35,17,18
218000117,36,39,-3
218000134,533,357,176
218000135,26,69,-43
218000136,143,78,65
218000137,176,111,65
218000138,39,72,-33
218000139,208,284,-76
218000140,389,232,157
218000141,42,41,1
218000142,200,156,44
218000143,62,252,-190
218000144,26,85,-59
218000145,401,272,129
218000146,77,153,-76
218000151,3,9,-6
218000152,67,24,43
218000153,5,3,2
218000154,7,2,5
218000155,15,3,12
218000156,48,10,38
218000157,18,5,13
218000158,8,9,-1
218000159,2,3,-1
218000160,2,5,-3
218000161,32,6,26
218000162,24,4,20
218000163,6,5,1
218000164,31,1,30
218000165,47,13,34
218000170,2,30,-28
218000171,26,5,21
218000172,7,7,0
218000173,13,14,-1
218000174,21,11,10
218000176,152,33,119
218000177,216,141,75
218000178,46,131,-85
218000179,72,51,21
218000180,59,13,46
218000181,137,33,104
218000187,15,26,-11
218000188,25,25,0
218000189,17,39,-22
218000190,21,10,11
218000191,142,38,104
218000192,186,125,61
218000193,318,188,130
218000194,95,171,-76
218000195,134,62,72
218000196,356,178,178
218000197,385,203,182
218000198,24,70,-46
218000199,28,14,14
218000200,84,11,73
218000201,17,4,13
218000202,52,216,-164
218000207,6,14,-8
218000208,18,25,-7
218000211,34,24,10
218000212,0,6,-6
218000213,75,66,9
218000214,1,15,-14
218000215,28,30,-2
218000217,1,50,-49
218000218,87,29,58
218000219,11,11,0
218000220,51,352,-301
218000221,452,118,334
218000222,1,13,-12
218000223,36,240,-204
218000224,4,143,-139
218000225,141,18,123
218000226,113,37,76
218000230,0,2,-2
218000232,34,41,-7
218000239,96,8,88
218000240,3,0,3
218000241,16,1,15
218000242,14,1,13
218000243,17,4,13
218000244,40,1,39
218000245,17,4,13
218000246,0,0,0
218000247,0,0,0
218000248,1,17,-16
218000249,0,1,-1
218000250,3,7,-4
218000251,4,29,-25
218000252,0,51,-51
218000253,0,63,-63
218000254,0,27,-27
218000255,1,22,-21
218000256,8,75,-67
218000267,207,628,-421
218000268,5,32,-27
218000269,7,10,-3
218000270,92,40,52
218000271,27,24,3
218000273,16,7,9
218000274,21,6,15
218000275,22,40,-18
218000276,14,25,-11
218000278,11,31,-20
218000279,96,56,40
218000280,7,14,-7
218000281,17,23,-6
218000282,437,507,-70
218000284,59,5,54
218000301,75,99,-24
218000302,86,39,47
218000303,22,24,-2
218000316,669,699,-30
218000317,1226,611,615
218000318,742,464,278
218000319,931,647,284
218000320,629,410,219
218000338,23,28,-5
218000345,76,49,27
218000346,23,125,-102
218000459,31,161,-130
218000490,16,48,-32
218000501,116,32,84
218000502,33,52,-19
218000503,92,10,82
218000504,162,18,144
218000505,35,108,-73
218000506,34,203,-169
218000508,4,21,-17
218000510,114,9,105
218000520,124,63,61
218000521,2,22,-20
218000522,0,129,-129
218000523,86,2,84
218000524,17,255,-238
218000525,106,22,84
218000526,24,91,-67
218000529,41,73,-32
218000530,7,4,3
218000531,12,15,-3
218000532,22,14,8
218000534,188,16,172
218000537,25,45,-20
218000538,89,180,-91
218000540,125,63,62
218000543,158,43,115
218000544,21,41,-20
218000545,82,54,28
218000546,29,32,-3
218000547,83,101,-18
218000548,96,67,29
218000549,379,399,-20
218000550,153,160,-7
218000551,84,578,-494
218000552,212,39,173
218000553,33,66,-33
218000554,25,25,0
218000555,33,46,-13
218000556,174,136,38
218000557,242,118,124
218000558,51,3,48
218000559,1,49,-48
218000560,0,27,-27
218000561,18,0,18
218000562,53,121,-68
218000563,123,23,100
218000564,6,93,-87
218000565,103,28,75
218000566,124,46,78
218000567,0,48,-48
218000568,26,5,21
218000569,6,162,-156
218000570,66,9,57
218000571,0,103,-103
218000572,129,2,127
218000573,4,156,-152
218000574,41,19,22
218000575,100,0,100
218000576,2,69,-67
218000577,99,1,98
218000578,0,55,-55
218000579,7,15,-8
218000581,1,38,-37
218000582,21,5,16
218000583,2,0,2
218000584,1,10,-9
218000585,36,4,32
218000586,6,24,-18
218000587,0,0,0
218000588,2,4,-2
218000589,1,8,-7
218000590,3,2,1
218000591,0,5,-5
218000592,7,3,4
218000593,3,0,3
218000594,2,2,0
218000597,0,1,-1
218000598,0,0,0
218000599,1,0,1
218000600,0,1,-1
218000601,0,0,0
218000602,0,2,-2
218000603,0,2,-2
218000604,3,0,3
218000605,1,17,-16
218000606,45,0,45
218000607,15,45,-30
218000608,67,16,51
218000609,5,34,-29
218000610,65,6,59
218000611,23,0,23
218000612,0,27,-27
218000613,51,1,50
218000614,1,40,-39
218000615,155,1,154
218000616,7,159,-152
218000617,29,1,28
218000618,1,8,-7
218000619,10,12,-2
218000620,6,9,-3
218000621,0,2,-2
218000622,1,4,-3
218000623,68,0,68
218000624,8,5,3
218000625,4,0,4
218000626,0,4,-4
218000628,140,31,109
218000631,21,7,14
218000632,3,84,-81
218000633,126,2,124
218000634,3,12,-9
218000635,5,0,5
218000636,724,682,42
218000637,980,354,626
218000638,170,21,149
218000639,19,90,-71
218000640,221,21,200
218000641,88,169,-81
218000652,25,33,-8
218000653,101,36,65
218000663,4,99,-95
218000675,60,65,-5
218000676,3,13,-10
218000677,12,2,10
218000680,189,224,-35
218000681,326,129,197
218000691,193,89,104
218000693,328,168,160
218000703,3,17,-14
218000718,136,624,-488
218000719,265,454,-189
218000720,13,184,-171
218000721,95,16,79
218000725,8,3,5
218001147,2,53,-51
218001214,5,47,-42
218001258,95,3,92
218001329,81,101,-20
218001330,57,50,7
218001351,36,17,19
218001352,7,18,-11
218001353,16,3,13
218001354,2,11,-9
218001355,4,125,-121
218001356,450,19,431
218001357,23,82,-59
218001358,306,14,292
218001361,315,5,310
218001362,0,50,-50
219000001,25,40,-15
219000002,56,37,19
219000003,66,23,43
219000004,47,53,-6
219000017,43,39,4
219000020,128,26,102
219000022,138,6,132
219000023,70,1,69
219000029,1,37,-36
219000034,31,22,9
219000039,50,98,-48
219000040,29,62,-33
219000041,141,29,112
219000051,0,54,-54
219000052,0,18,-18
219000053,1,69,-68
219000054,14,48,-34
219000055,202,1,201
219000056,3,3,0
219000057,51,0,51
219000062,17,57,-40
219000063,68,9,59
219000064,1,65,-64
219000110,316,98,218
219000111,154,37,117
219000112,172,46,126
219000113,154,58,96
219000114,187,68,119
219000116,76,69,7
219000117,103,36,67
219000118,122,33,89
219000123,167,42,125
219000124,72,44,28
219000125,13,5,8
219000126,42,95,-53
219000127,0,3,-3
219000128,11,65,-54
219000129,19,82,-63
219000130,227,353,-126
219000131,480,748,-268
219000133,38,43,-5
219000134,15,24,-9
219000135,29,37,-8
219000136,73,150,-77
219000138,64,24,40
219000139,35,34,1
219000140,59,4,55
219000141,33,64,-31
219000142,12,49,-37
219000143,8,49,-41
219000145,18,51,-33
219000146,1,13,-12
219000147,3,15,-12
219000148,3,12,-9
219000149,10,52,-42
219000150,4,28,-24
219000151,1,12,-11
219000157,207,86,121
219000158,142,172,-30
219000161,91,7,84
219000163,860,378,482
219000166,77,157,-80
219000167,112,124,-12
219000168,246,116,130
219000174,391,139,252
219000175,81,2,79
219000176,93,3,90
219000177,50,3,47
219000178,32,1,31
219000179,23,5,18
219000180,42,41,1
219000182,122,6,116
219000183,56,31,25
219000184,86,27,59
219000185,1,33,-32
219000186,55,10,45
219000187,27,42,-15
219000189,37,106,-69
219000190,64,129,-65
219000191,406,1031,-625
219000192,120,103,17
219000193,170,96,74
219000195,3,45,-42
219000196,5,80,-75
219000198,27,69,-42
219000199,50,234,-184
219000200,40,142,-102
219000201,60,156,-96
219000203,30,102,-72
219000204,133,217,-84
219000205,60,143,-83
219000207,145,176,-31
219000209,35,61,-26
219000210,53,104,-51
219000213,1,107,-106
219000239,185,140,45
219000240,177,258,-81
219000241,100,78,22
219000242,49,93,-44
219000243,93,135,-42
219000244,16,41,-25
219000245,12,31,-19
219000246,17,23,-6
219000247,200,30,170
219000248,440,355,85
219000249,134,71,63
219000250,171,79,92
219000251,533,178,355
219000252,171,142,29
219000253,375,88,287
219000255,129,91,38
219000256,243,75,168
219000257,118,4,114
219000262,101,82,19
219000263,38,103,-65
219000267,3,50,-47
219000268,2,0,2
219000269,3,2,1
219000270,12,0,12
219000271,121,8,113
219000278,1,8,-7
219000279,0,2,-2
219000283,0,4,-4
219000295,11,60,-49
219000296,42,280,-238
219000297,12,81,-69
219000298,20,101,-81
219000299,387,51,336
219000300,19,112,-93
219000301,153,247,-94
219000302,25,131,-106
219000307,20,19,1
219000308,59,36,23
219000311,164,55,109
219000312,536,120,416
219000313,345,37,308
219000314,58,209,-151
219000315,313,32,281
219000316,518,58,460
219000317,124,15,109
219000320,1,41,-40
219000321,1,9,-8
219000323,1,63,-62
219000325,2,10,-8
219000326,44,42,2
219000327,65,30,35
219000328,25,53,-28
219000329,199,103,96
219000330,45,42,3
219000331,55,34,21
219000332,144,50,94
219000333,29,1,28
219000335,57,5,52
219000337,23,1,22
219000338,40,0,40
219000344,12,81,-69
219000345,64,47,17
219000346,27,56,-29
219000348,151,45,106
219000349,57,94,-37
219000350,59,212,-153
219000351,4,11,-7
219000352,338,47,291
219000353,104,62,42
219000354,194,40,154
219000355,120,56,64
219000356,625,1109,-484
219000363,168,58,110
219000364,96,33,63
219000365,115,22,93
219000366,145,244,-99
219000368,265,483,-218
219000370,717,569,148
219000371,5,24,-19
219000382,8,15,-7
219000383,397,948,-551
219000385,311,319,-8
219000386,509,1242,-733
219000387,4,8,-4
219000390,5,2,3
219000391,3,0,3
219000397,49,25,24
219000398,91,56,35
219000401,10,88,-78
219000402,19,62,-43
219000403,102,185,-83
219000404,23,95,-72
219000407,10,19,-9
219000409,73,30,43
219000410,85,30,55
219000411,68,12,56
219000446,98,267,-169
219000447,2,23,-21
219000448,9,6,3
219000452,128,53,75
219000453,54,152,-98
219000454,134,260,-126
219000556,267,73,194
219000558,104,80,24
219000590,34,85,-51
219000591,98,68,30
219000592,85,202,-117
219000595,0,9,-9
219000635,173,46,127
219000636,41,42,-1
219000657,48,6,42
219000658,29,90,-61
219000673,0,16,-16
219000676,31,12,19
219000679,32,7,25
219000684,76,3,73
219000685,0,41,-41
219000686,1,1,0
219000688,0,32,-32
219000689,25,145,-120
219000690,142,11,131
219000691,41,142,-101
219000692,103,24,79
219000693,0,9,-9
219000694,9,0,9
219000695,37,0,37
219000698,12,0,12
219000699,0,24,-24
219000727,1,67,-66
219000728,80,2,78
219000770,72,1,71
219000771,1,49,-48
219000788,234,151,83
219001150,0,21,-21
219001151,0,4,-4
219001166,25,25,0
219001167,1,51,-50
219001178,45,1,44
220000001,38,58,-20
220000002,17,76,-59
220000003,269,164,105
220000004,367,311,56
220000005,704,1118,-414
220000006,144,482,-338
220000007,378,252,126
220000008,276,419,-143
220000009,228,273,-45
220000010,133,69,64
220000011,277,2056,-1779
220000012,40,195,-155
220000014,114,33,81
220000015,52,177,-125
220000017,48,153,-105
220000018,2684,1376,1308
220000019,112,276,-164
220000020,318,179,139
220000021,569,121,448
220000022,749,345,404
220000023,291,147,144
220000024,1459,339,1120
220000025,703,959,-256
220000026,279,301,-22
220000027,17,92,-75
220000028,64,46,18
220000029,48,64,-16
220000030,34,75,-41
220000031,442,267,175
220000064,14,641,-627
221000046,6,0,6
221000047,0,3,-3
221000048,0,1,-1
221000049,0,5,-5
221000050,14,0,14
221000055,27,38,-11
221000057,69,10,59
221000068,264,111,153
221000069,295,42,253
221000070,174,20,154
221000071,89,9,80
221000072,180,10,170
221000073,112,29,83
221000074,1,10,-9
221000075,8,9,-1
221000076,6,17,-11
221000077,17,54,-37
221000081,15,7,8
221000082,55,4,51
221000083,20,4,16
221000084,5,1,4
221000085,12,29,-17
221000086,12,77,-65
221000087,6,78,-72
221000088,14,117,-103
221000089,32,193,-161
221000090,64,355,-291
221000098,118,10,108
221000099,280,10,270
221000100,71,7,64
221000101,136,11,125
221000102,116,13,103
221000109,1,69,-68
221000110,3,50,-47
221000111,12,132,-120
221000112,8,90,-82
221000113,19,88,-69
221000114,9,72,-63
221000120,18,27,-9
221000121,6,51,-45
221000122,54,51,3
221000123,18,16,2
221000124,30,100,-70
221000155,101,8,93
221000156,60,30,30
221000175,3,8,-5
221000176,1,2,-1
221000182,44,9,35
221000241,440,229,211
221000242,102,329,-227
221000243,450,121,329
221000244,224,313,-89
221000245,70,70,0
221000246,33,188,-155
221000247,124,105,19
221000248,115,82,33
221000267,77,446,-369
221000325,38,50,-12
221000331,17,27,-10
221000338,12,29,-17
221000378,228,36,192
221000381,62,56,6
222000282,10,4,6
222000296,1,20,-19
222000568,292,31,261
222000569,221,56,165
222000570,127,24,103
222000571,300,17,283
222000577,8,81,-73
222000578,18,121,-103
222000579,19,85,-66
222000580,54,486,-432
222000599,0,72,-72
222000600,1,208,-207
222000601,7,648,-641
222000603,5,28,-23
222000604,3,44,-41
222000605,25,17,8
222000606,3,12,-9
222000607,6,5,1
222000608,15,5,10
222000609,82,111,-29
222000616,377,30,347
222000617,4,35,-31
222000618,2,4,-2
222000620,15,23,-8
222000621,19,15,4
222000623,531,3,528
222000624,373,0,373
222000625,478,16,462
222000636,36,4,32
222000686,8,30,-22
222000687,42,22,20
222001066,256,3,253
222001067,32,7,25
222001068,45,19,26
222001069,35,22,13
222001082,28,16,12
222001083,17,21,-4
222001084,0,46,-46
222001085,1,124,-123
222001111,60,87,-27
222001112,136,22,114
222001313,18,7,11
222001314,4,78,-74
222001464,167,50,117
222001465,40,49,-9
222001484,133,31,102
222001485,58,28,30
222001494,643,163,480
222001495,134,143,-9
222001496,294,102,192
222001497,107,213,-106
222001502,16,45,-29
222001503,137,44,93
222001504,34,211,-177
222001505,341,17,324
222001506,43,292,-249
222001507,256,38,218
222001510,484,33,451
222001511,44,184,-140
222001514,581,127,454
222001515,171,258,-87
222001518,307,57,250
222001519,59,99,-40
222001527,186,47,139
222001528,41,96,-55
222001529,228,49,179
222001530,33,118,-85
222001533,131,152,-21
222001534,306,79,227
222001535,240,241,-1
222001536,102,123,-21
222001537,335,39,296
222001538,64,260,-196
222001563,773,60,713
222001564,51,261,-210
222001568,185,139,46
222001576,0,3,-3
222001579,0,23,-23
222001583,12,70,-58
222001584,113,13,100
222001596,362,850,-488
222001597,1348,268,1080
222001626,0,94,-94
222001650,53,113,-60
222001651,86,381,-295
222001914,136,64,72
222001915,43,124,-81
222001968,429,281,148
222001969,356,378,-22
222001970,131,137,-6
222001971,27,9,18
222001972,5,7,-2
225000001,334,165,169
225000002,489,141,348
225000003,494,57,437
225000004,389,166,223
225000005,42,49,-7
225000006,0,74,-74
225000007,855,879,-24
225000010,262,13,249
225000011,249,743,-494
225000012,178,422,-244
225000013,51,50,1
225000014,587,46,541
225000015,73,104,-31
225000021,555,114,441
225000027,192,304,-112
225000032,506,92,414
225000042,45,404,-359
225000049,22,52,-30
225000050,95,9,86
225000053,4,158,-154
225000058,475,99,376
225000067,183,106,77
225000068,109,198,-89
225000069,99,281,-182
225000070,111,218,-107
225000071,35,76,-41
225000075,20,545,-525
225000076,50,111,-61
225000078,53,31,22
225000085,78,100,-22
225000086,277,63,214
225000087,175,12,163
225000088,5,166,-161
225000089,196,807,-611
225000090,31,276,-245
225000091,132,88,44
225000092,38,40,-2
225000093,183,193,-10
225000094,12,149,-137
225000095,298,208,90
225000096,190,259,-69
225000098,698,213,485
225000099,327,91,236
225000100,347,104,243
225000104,111,235,-124
225000110,6,270,-264
225000111,163,616,-453
225000112,216,741,-525
225000113,139,391,-252
225000114,46,177,-131
225000115,895,412,483
225000116,720,142,578
225000117,536,189,347
225000118,806,163,643
225000119,173,52,121
225000120,562,26,536
225000121,128,18,110
225000123,379,19,360
225000125,355,122,233
225000126,469,128,341
225000127,478,1117,-639
225000128,439,649,-210
225000132,186,29,157
225000133,170,28,142
225000134,493,100,393
225000135,56,13,43
225000136,251,9,242
225000137,201,37,164
225000138,354,64,290
225000143,28,117,-89
225000144,1,211,-210
225000145,31,29,2
225000146,43,63,-20
225000147,19,148,-129
225000148,8,96,-88
225000149,48,281,-233
225000151,23,122,-99
225000155,255,211,44
225000156,92,555,-463
225000157,172,228,-56
225000158,57,188,-131
225000171,5,112,-107
225000180,19,7,12
225000181,0,61,-61
225000182,46,7,39
225000185,8,315,-307
225000187,28,232,-204
225000191,41,0,41
225000194,0,6,-6
225000208,0,41,-41
225000209,96,14,82
225000210,1,152,-151
225000217,1,18,-17
225000218,18,2,16
225000223,2,34,-32
225000224,49,0,49
225000225,1,24,-23
225000226,53,1,52
225000227,18,58,-40
225000228,5,2,3
225000229,0,44,-44
225000230,11,1,10
225000231,1,32,-31
225000232,140,1,139
225000241,48,0,48
225000242,0,24,-24
225000249,12,1,11
225000250,46,365,-319
225000251,273,29,244
225000256,0,0,0
225000257,0,0,0
226000042,196,242,-46
226000043,53,221,-168
226000044,95,315,-220
226000045,45,191,-146
226000046,366,69,297
226000047,323,73,250
226000048,340,72,268
226000049,197,126,71
226000070,0,26,-26
226000071,0,46,-46
226000072,0,21,-21
226000073,0,3,-3
226000074,0,13,-13
226000084,1,41,-40
226000085,5,5,0
226000086,8,8,0
226000087,3,13,-10
226000088,19,23,-4
226000090,120,103,17
226000091,18,61,-43
226000092,2,15,-13
226000093,31,3,28
226000094,6,5,1
226000095,10,7,3
226000105,6,0,6
226000106,5,1,4
226000107,6,0,6
226000108,22,0,22
226000109,75,1,74
226000124,125,69,56
226000134,681,364,317
226000135,1237,429,808
226000136,453,321,132
226000137,4,186,-182
226000138,11,92,-81
226000139,0,25,-25
226000156,166,1,165
226000157,131,18,113
226000163,96,75,21
226000202,9,181,-172
226000231,459,11,448
226000232,26,11,15
227000033,312,50,262
227000036,359,36,323
227000037,315,26,289
227000038,169,19,150
227000084,1,55,-54
227000085,0,38,-38
227000088,51,2,49
227000089,77,4,73
227000090,24,2,22
227000091,18,1,17
227000092,39,1,38
227000093,158,0,158
227000094,12,0,12
227000130,15,71,-56
227000131,17,111,-94
227000132,8,98,-90
227000133,11,120,-109
227000134,21,201,-180
227000152,0,2,-2
227000153,0,46,-46
227000154,0,23,-23
227000155,0,14,-14
227000156,0,10,-10
227000165,4,31,-27
227000196,313,131,182
227000199,292,272,20
227000230,16,206,-190
227000232,474,19,455
227000242,72,324,-252
227000243,439,62,377
227000245,13,243,-230
227000246,79,267,-188
227000247,394,60,334
227000248,114,26,88
227000249,15,108,-93
227000250,347,146,201
227000251,82,156,-74
227000252,23,189,-166
227000253,146,22,124
227000262,422,43,379
227000266,1248,29,1219
227000267,33,917,-884
227000282,4,67,-63
227000284,506,6,500
227000286,3,38,-35
227000287,10,59,-49
227000291,10,318,-308
227000484,180,9,171
227000485,14,639,-625
227000655,201,7,194
227000656,491,27,464
227000657,83,3,80
227000661,300,17,283
227000680,123,42,81
229000265,12,15,-3
229000296,10,7,3
229000297,4,16,-12
229000298,1,104,-103
229000320,5,3,2
229000321,13,2,11
229000412,13,45,-32
229000414,2,27,-25
229000415,14,3,11
229000416,0,9,-9
229000417,2,4,-2
229000419,63,247,-184
229000440,277,40,237
229000442,6,3,3
229000443,13,2,11
229000444,1,16,-15
229000445,35,1,34
229000446,42,9,33
229000491,2,14,-12
229000492,2,37,-35
229000493,2,26,-24
229000494,33,0,33
229000495,77,0,77
229000496,41,3,38
229000507,0,38,-38
229000508,0,12,-12
229000509,1,41,-40
229000510,3,16,-13
229000511,3,16,-13
229000512,0,19,-19
229000513,0,1,-1
229000514,1,2,-1
229000517,1,6,-5
229000518,8,6,2
229000519,0,7,-7
229000520,7,14,-7
229000521,32,5,27
229000522,8,2,6
229000523,12,1,11
229000524,12,1,11
229000527,1,0,1
229000528,4,1,3
229000529,7,0,7
229000530,30,1,29
229000531,18,0,18
229000532,6,0,6
229000533,35,0,35
229000534,23,0,23
229000564,53,0,53
229000565,10,0,10
229000566,0,1,-1
229000567,0,8,-8
229000582,45,0,45
229000583,5,2,3
229000584,0,11,-11
229000585,1,31,-30
229000718,0,0,0
229000719,0,3,-3
229000720,0,3,-3
229000721,0,1,-1
229000722,0,3,-3
229000723,0,2,-2
229000724,0,1,-1
229000725,0,0,0
229000738,1,0,1
229000739,1,0,1
229000740,0,0,0
229000741,14,0,14
229000742,15,0,15
229000743,8,1,7
229000744,1,0,1
229000745,1,0,1
229000746,9,1,8
229000847,40,1,39
229000848,15,0,15
229000849,86,1,85
229000851,41,0,41
229000854,0,3,-3
229000856,0,19,-19
229000857,0,12,-12
229000858,0,9,-9
229000919,19,47,-28
229000930,5,204,-199
229000937,76,15,61
229000966,53,16,37
229000981,26,23,3
229000985,18,9,9
229000986,0,7,-7
229000987,1,0,1
229000988,1,5,-4
229000989,4,9,-5
229000990,1,1,0
229000991,1,0,1
229000992,3,3,0
229000993,97,1,96
229000998,9,33,-24
229000999,34,3,31
229001034,0,9,-9
229001035,2,0,2
229001037,32,8,24
229001042,7,9,-2
229001047,2,30,-28
229001050,21,42,-21
229001168,0,4,-4
229001200,15,0,15
229001338,4,19,-15
229001394,172,4,168
229001422,102,18,84
229001423,24,90,-66
229001431,52,32,20
229001432,54,47,7
229001444,150,40,110
229001445,16,88,-72
229001479,23,1,22
229001503,204,63,141
229001504,113,89,24
229001505,109,32,77
229001506,61,74,-13
229001509,21,14,7
229001545,91,5,86
229001546,7,60,-53
229001553,75,12,63
229001554,28,57,-29
229001559,5,9,-4
229001560,7,14,-7
229001630,30,4,26
229001631,7,18,-11
229001635,0,10,-10
229001636,4,0,4
229001658,2,71,-69
229001659,52,2,50
229001660,40,2,38
229001661,13,14,-1
229001662,8,1,7
229001663,0,20,-20
229002584,122,95,27
229002831,116,103,13
229002841,8,8,0
229002842,13,9,4
229002843,37,5,32
229002844,44,25,19
229002845,8,58,-50
229002846,12,15,-3
229002847,0,19,-19
229002848,6,9,-3
229002849,2,50,-48
229002850,15,0,15
229002851,54,89,-35
229002852,140,24,116
229002853,88,11,77
229002854,39,40,-1
229002855,7,19,-12
229002856,25,10,15
229002857,4,91,-87
229002858,9,1,8
229002859,15,53,-38
229002860,119,13,106
229002861,28,11,17
229002862,33,21,12
229002863,21,8,13
229002864,26,15,11
229002865,8,4,4
229002866,17,21,-4
229002867,2,11,-9
229002868,8,14,-6
229002869,19,79,-60
229002870,58,14,44
235000066,293,41,252
235000067,67,54,13
235000072,36,57,-21
235000073,113,308,-195
235000074,51,40,11
235000080,13,75,-62
235000081,102,93,9
235000082,147,30,117
235000083,223,58,165
235000084,42,25,17
235000085,159,34,125
235000089,18,27,-9
235000092,44,105,-61
235000093,11,2,9
235000097,2,5,-3
235000098,87,21,66
235000099,56,20,36
235000116,30,22,8
235000117,448,10,438
235000133,11,528,-517
235000134,21,178,-157
235000206,25,8,17
235000207,4,3,1
235000208,2,4,-2
235000209,1,1,0
235000210,10,1,9
235000212,3,14,-11
235000213,3,8,-5
235000220,1,2,-1
235000221,29,18,11
235000238,11,57,-46
235000239,1,24,-23
235000242,285,624,-339
235000245,420,130,290
235000246,5,59,-54
235000284,12,91,-79
235000295,72,16,56
235000305,177,10,167
235000306,240,9,231
235000307,11,1,10
235000308,7,0,7
235000309,41,0,41
235000310,18,0,18
235000311,49,6,43
235000322,0,28,-28
235000323,1,21,-20
235000324,0,19,-19
235000325,0,7,-7
235000326,3,88,-85
235000351,9,53,-44
235000352,13,37,-24
235000353,4,14,-10
235000354,5,33,-28
235000355,7,48,-41
235000356,59,4,55
235000357,32,3,29
235000358,50,7,43
235000359,8,9,-1
235000360,46,16,30
235000361,37,10,27
235000381,99,89,10
235000382,204,26,178
235000390,7,4,3
235000391,171,22,149
235000392,198,258,-60
235000393,120,122,-2
235000395,132,38,94
235000396,453,81,372
235000400,68,59,9
235000401,19,99,-80
235000405,94,162,-68
235000406,34,164,-130
235000407,43,60,-17
235000409,190,88,102
235000410,50,198,-148
235000411,1,48,-47
235000485,0,8,-8
235000486,3,1,2
235000549,102,61,41
235000550,125,142,-17
235000599,216,47,169
235000600,9,18,-9
235000601,24,19,5
235000602,152,64,88
235000614,1,5,-4
235000648,0,14,-14
235000649,33,4,29
235000685,0,8,-8
235000815,8,53,-45
235000834,0,8,-8
235000855,33,43,-10
235000862,25,95,-70
235000891,0,17,-17
235000892,14,0,14
235000901,62,47,15
235000907,18,11,7
235001010,117,53,64
235001029,403,250,153
235001030,433,212,221
235001078,100,59,41
235001079,55,68,-13
235001147,4,39,-35
235001166,10,41,-31
235001167,65,39,26
235001169,15,178,-163
235001188,1,5,-4
235001189,5,2,3
235001197,4,18,-14
235001200,63,33,30
235001207,158,60,98
235001210,16,90,-74
235001215,18,86,-68
235001239,2,32,-30
235001244,0,10,-10
235016267,0,21,-21
277101746,0,0,0
277102712,0,0,0
277103813,0,0,0
277103898,0,1,-1
277104249,0,2,-2
277104250,0,5,-5
277104251,0,4,-4
277104252,0,0,0
990011530,0,147,-147
990014944,0,291,-291
990015176,75,0,75
990015618,0,91,-91
990016032,1,220,-219
990032570,1,17,-16
990070001,40,2,38
990070103,0,2,-2
990070601,0,23,-23
990070751,1058,10,1048
990070766,3,195,-192
990071180,364,114,250
990071343,16,2,14
990071387,3,12,-9
990071823,350,1,349
990072600,4,788,-784
990072964,0,243,-243
990073285,0,4,-4
990074393,1,541,-540
990074870,1172,8,1164
990075106,1024,6,1018
990075746,454,6,448
990076437,1293,3,1290
990076458,7,331,-324
997000007,420,5,415
997000041,0,171,-171
997000058,53,0,53
997000062,17,0,17
997000069,0,5,-5
997000070,0,18,-18
997000100,57,1,56
997000141,0,307,-307
997000198,77,650,-573
998000475,2,30,-28
998000736,0,145,-145
998000965,0,5,-5
998001031,0,73,-73
998001700,0,1,-1
998001899,0,1,-1
998001900,5,2,3
998003073,719,4,715
998101900,0,0,0
998102850,2,160,-158
998501927,737,678,59
998501929,141,41,100
998501930,56,0,56
998501931,78,2,76
998501932,2,1,1
998501933,77,30,47
998501937,8,0,8
998501944,0,3,-3
998501950,0,68,-68
998501970,73,1,72
998501971,0,87,-87
998501973,0,19,-19
998501974,1,128,-127
998501975,70,0,70
998501976,135,1,134
998501977,0,22,-22
998501978,23,0,23
998501979,0,16,-16
998501980,84,2,82
998501981,32,1,31
998501982,0,81,-81
998501983,2,53,-51
998502006,0,0,0
998502024,0,3,-3
998502032,0,4,-4
998502062,7,0,7
998502063,0,0,0
998502173,42,0,42
998502269,0,5,-5
998502546,0,157,-157
998502578,6,2,4
998502599,44,204,-160
998601159,0,62,-62
998601292,0,22,-22
999033574,0,205,-205
999800001,61,23,38
999800002,0,3,-3
999800003,1,0,1
999800004,0,2,-2
999800005,0,5,-5
