ID,insum,outsum,diff
100000001,970,847,123
100000002,4617,6316,-1699
100000003,4309,6262,-1953
100000004,335,1375,-1040
100000005,2661,4426,-1765
100000006,475,328,147
100000007,2432,922,1510
100000008,85,700,-615
100000009,458,335,123
100000010,15,74,-59
100000011,571,146,425
100000012,33,961,-928
100000013,19,268,-249
100000014,179,266,-87
100000015,1445,2106,-661
100000016,455,1563,-1108
100000017,594,1338,-744
100000018,880,839,41
100000019,3658,2915,743
100000020,1371,6288,-4917
100000021,4605,1985,2620
100000022,888,4338,-3450
100000023,4132,1787,2345
100000025,452,2225,-1773
100000028,435,1983,-1548
100000029,58,897,-839
100000030,49,47,2
100000031,2165,7382,-5217
100000032,1877,4441,-2564
100000033,1093,3579,-2486
100000034,135,1707,-1572
100000035,761,1646,-885
100000036,648,2082,-1434
100000037,702,509,193
100000038,2447,1137,1310
100000039,280,345,-65
100000040,373,197,176
100000041,1618,676,942
100000042,1113,509,604
100000043,851,696,155
100000044,272,928,-656
100000045,297,721,-424
100000046,367,520,-153
100000047,180,378,-198
100000048,224,653,-429
100000049,1310,895,415
100000051,512,464,48
100000053,92,12,80
100000054,298,29,269
100000055,514,387,127
100000056,421,931,-510
100000057,1957,566,1391
100000058,649,704,-55
100000059,16,245,-229
100000060,572,352,220
100000061,2006,484,1522
100000062,1357,741,616
100000063,941,387,554
100000064,1182,710,472
100000065,270,757,-487
100000066,156,531,-375
100000067,176,641,-465
100000068,385,1132,-747
100000069,296,1009,-713
100000072,169,389,-220
100000073,878,829,49
100000075,883,222,661
100000076,1288,5576,-4288
100000077,79,516,-437
100000078,9,74,-65
100000079,11,65,-54
100000080,25,96,-71
100000081,64,255,-191
100000102,3330,7286,-3956
100000103,1494,1985,-491
100000104,3123,2705,418
100000105,1168,2251,-1083
100000106,776,4370,-3594
100000107,120,1838,-1718
100000108,276,996,-720
100000109,688,1646,-958
100000116,407,618,-211
100000117,97,261,-164
100000118,497,1379,-882
100000119,779,1305,-526
100000121,202,637,-435
100000122,479,2356,-1877
100000123,1059,2818,-1759
100000124,2086,2867,-781
100000125,5848,2253,3595
100000126,543,965,-422
100000127,913,940,-27
100000128,796,2735,-1939
100000129,254,969,-715
100000130,590,223,367
100000131,893,1906,-1013
100000132,882,1688,-806
100000133,1364,865,499
100000135,718,1345,-627
100000139,174,563,-389
100000140,163,313,-150
100000142,607,632,-25
100000143,1157,412,745
100000144,1330,488,842
100000147,1640,4270,-2630
100000150,60,616,-556
100000151,670,2722,-2052
100000153,110,665,-555
100000154,23,643,-620
100000155,9,85,-76
100000156,257,379,-122
100000157,611,303,308
100000158,212,299,-87
100000159,106,1353,-1247
100000165,536,597,-61
100000169,24,1653,-1629
100000174,267,1282,-1015
100000179,73,896,-823
100000180,467,2245,-1778
100000181,285,440,-155
100000188,57,221,-164
100000189,898,537,361
100000190,493,2000,-1507
100000191,803,781,22
100000192,16,189,-173
100000193,202,236,-34
100000330,565,1058,-493
100000355,186,799,-613
100000362,2238,1194,1044
100000363,6462,7480,-1018
100000364,120,390,-270
100000365,6542,11195,-4653
100000366,1699,1334,365
100000367,5125,7590,-2465
100000368,2260,863,1397
100000369,588,2720,-2132
100000370,144,1161,-1017
100000376,46,207,-161
100000379,791,2688,-1897
100000380,3397,7912,-4515
100000384,5563,8336,-2773
100000385,1070,4757,-3687
100000386,2273,8981,-6708
100000387,2793,8351,-5558
100000388,1794,7415,-5621
100000389,3279,9403,-6124
100000390,2968,5937,-2969
100000391,2148,12063,-9915
100000392,960,3368,-2408
100000393,776,6881,-6105
100000394,2802,7341,-4539
100000395,1342,6145,-4803
100000396,2122,3072,-950
100000397,2213,8893,-6680
100000398,6232,4668,1564
100000413,6,0,6
100900002,16,8,8
100900003,347,277,70
100900004,16,771,-755
100900005,162,44,118
100900006,30,35,-5
100900007,231,8,223
100900008,2,318,-316
100900009,26,109,-83
100900010,56,12,44
100900011,160,70,90
100900012,0,76,-76
100900013,1053,9,1044
100900014,4,0,4
100900015,26,49,-23
100900016,3,30,-27
100900017,961,41,920
100900018,0,9,-9
100900019,25,64,-39
100900020,295,5,290
100900021,396,3,393
100900022,16,30,-14
100900023,0,42,-42
100900024,413,7,406
100900025,6,6,0
100900026,130,53,77
100900027,444,2054,-1610
100900028,158,404,-246
100900029,65,2,63
100900030,3,297,-294
100900031,689,33,656
100900032,356,1,355
100900033,128,412,-284
100900034,1037,4,1033
100900035,187,1,186
100900036,7,0,7
100900037,191,84,107
100900038,46,139,-93
100900039,185,177,8
100900040,560,247,313
100900041,1418,238,1180
100900042,779,2168,-1389
100900043,0,30,-30
100900044,986,629,357
100900045,4,0,4
100900046,922,19,903
100900047,644,159,485
100900048,109,63,46
100900049,68,74,-6
100900050,4,10,-6
100900051,30,124,-94
100900052,236,24,212
100900053,708,14,694
100900054,15,35,-20
100900055,266,1030,-764
100900056,24,58,-34
100900057,2122,755,1367
100900058,97,82,15
100900059,95,7,88
100900060,204,8,196
100900061,160,179,-19
100900062,1,62,-61
100900063,271,809,-538
100900064,472,16,456
100900065,49,163,-114
100900066,197,180,17
100900067,7,6,1
100900068,79,60,19
100900069,185,1,184
100900070,440,10,430
100900071,217,111,106
100900072,5,53,-48
100900073,134,207,-73
100900074,2,28,-26
100900075,1493,103,1390
100900076,5,11,-6
100900077,80,8,72
100900078,35,207,-172
100900079,14,35,-21
100900080,47,89,-42
100900081,37,85,-48
100900082,176,146,30
100900083,4,45,-41
100900085,10,489,-479
100900086,64,285,-221
100900088,178,120,58
100900089,0,11,-11
100900090,110,673,-563
100900091,4,7,-3
100900092,73,94,-21
100900093,315,400,-85
100900094,123,129,-6
100900095,8,48,-40
100900096,19,283,-264
100900097,4,2,2
100900098,18,40,-22
100900099,7,309,-302
100900100,8,514,-506
100900101,154,38,116
100900102,19,113,-94
100900103,10,55,-45
100900104,11,193,-182
100900105,14,571,-557
100900106,17,1,16
100900107,1848,901,947
100900108,6,37,-31
100900109,9,29,-20
100900110,4,15,-11
100900111,20,235,-215
100900112,4,22,-18
100900113,18,18,0
100900114,5,24,-19
100900115,10,18,-8
100900116,832,356,476
100900117,169,1199,-1030
100900118,9,8,1
100900119,8,32,-24
100900120,31,2,29
100900121,268,385,-117
100900122,50,109,-59
100900123,125,90,35
100900124,1,9,-8
100900125,7,52,-45
100900126,365,65,300
100900127,0,5,-5
100900128,52,385,-333
100900129,0,395,-395
100900131,20,158,-138
100900133,84,48,36
100900134,3,0,3
100900135,4,757,-753
100900137,265,169,96
100900138,265,331,-66
100900139,3,15,-12
100900140,1,184,-183
100900141,1,660,-659
100900142,0,3,-3
100900143,286,571,-285
100900144,1,4,-3
100900145,64,138,-74
100900146,4,48,-44
100900147,8,1092,-1084
100900148,47,138,-91
100900149,41,365,-324
100900150,1,26,-25
100900151,117,313,-196
100900152,117,8,109
100900153,4,220,-216
100900154,3,111,-108
100900155,21,4,17
100900156,15,7,8
100900157,16,1026,-1010
100900159,0,18,-18
100900160,21,27,-6
100900161,34,4,30
100900162,13,371,-358
100900163,69,87,-18
100900164,99,19,80
100900165,10,43,-33
100900166,5,0,5
100900167,19,43,-24
100900168,24,149,-125
100900169,62,638,-576
100900170,4,1,3
100900171,22,403,-381
100900172,1,69,-68
100900173,29,81,-52
100900174,32,10,22
100900176,1624,203,1421
100900177,336,157,179
100900178,125,260,-135
100900179,375,282,93
100900180,5,1,4
100900181,76,72,4
100900182,35,34,1
100900184,9,74,-65
100900186,315,280,35
100900187,17,47,-30
100900188,17,14,3
100900189,2115,153,1962
100900191,318,1313,-995
100900192,106,581,-475
100900195,73,205,-132
100900197,25,71,-46
100900198,17,53,-36
100900199,16,3,13
100900200,594,334,260
100900201,123,500,-377
100900202,58,0,58
100900203,1,163,-162
100900204,31,493,-462
100900205,144,587,-443
100900206,230,152,78
100900207,251,171,80
100900210,73,151,-78
100900211,392,193,199
100900213,145,40,105
100900214,344,132,212
100900215,33,41,-8
100900217,96,127,-31
101000001,1702,1817,-115
101000002,6538,7587,-1049
101000003,335,821,-486
101000004,5460,5507,-47
101000005,3735,5249,-1514
101000006,4632,9489,-4857
101000007,2851,5209,-2358
101000008,1349,3078,-1729
101000009,2893,733,2160
101000010,869,536,333
101000011,1250,266,984
101000012,292,548,-256
101000013,512,1235,-723
101000014,263,345,-82
101000015,2071,1355,716
101000016,235,828,-593
101000017,225,506,-281
101000018,1310,4832,-3522
101000020,1169,704,465
101000021,445,974,-529
101000022,42,297,-255
101000023,754,1070,-316
101000025,328,604,-276
101000026,279,43,236
101000027,1570,4555,-2985
101000028,770,339,431
101000029,76,1435,-1359
101000030,635,120,515
101000031,79,903,-824
101000032,1808,5036,-3228
101000033,981,5006,-4025
101000034,745,2857,-2112
101000035,380,360,20
101000036,699,2461,-1762
101000037,1049,3946,-2897
101000039,1631,3767,-2136
101000040,2360,6643,-4283
101000041,1823,6550,-4727
101000042,77,1001,-924
101000043,2641,7949,-5308
101000045,209,858,-649
101000046,816,2656,-1840
101000047,819,4461,-3642
101000048,443,324,119
101000049,597,2394,-1797
101000050,566,1942,-1376
101000051,588,2626,-2038
101000052,1133,1600,-467
101000053,434,1359,-925
101000054,1686,843,843
101000055,800,1661,-861
101000056,26,184,-158
101000057,699,2297,-1598
101000058,680,1867,-1187
101000059,1824,2743,-919
101000060,1725,1281,444
101000061,331,2145,-1814
101000062,227,699,-472
101000063,239,1874,-1635
101000064,402,1180,-778
101000065,205,1123,-918
101000066,457,1528,-1071
101000067,375,1111,-736
101000068,92,468,-376
101000069,94,62,32
101000070,402,814,-412
101000071,2541,1221,1320
101000072,463,2643,-2180
101000073,482,1352,-870
101000074,1807,3058,-1251
101000075,1615,3707,-2092
101000077,1472,1553,-81
101000078,497,1044,-547
101000079,992,1196,-204
101000080,973,1332,-359
101000081,1735,1492,243
101000082,1818,1763,55
101000083,3653,2209,1444
101000084,898,533,365
101000085,1218,1191,27
101000086,938,1201,-263
101000087,743,889,-146
101000088,1790,1090,700
101000089,1013,1676,-663
101000090,1553,774,779
101000091,595,481,114
101000092,2643,738,1905
101000093,1573,580,993
101000094,1178,865,313
101000095,536,469,67
101000096,781,308,473
101000097,376,813,-437
101000098,349,813,-464
101000099,539,1016,-477
101000100,822,1155,-333
101000101,187,557,-370
101000102,447,1078,-631
101000103,442,842,-400
101000104,256,1046,-790
101000105,211,637,-426
101000106,231,1563,-1332
101000107,294,471,-177
101000108,469,91,378
101000109,700,101,599
101000110,23,126,-103
101000111,46,132,-86
101000113,150,836,-686
101000114,2400,8996,-6596
101000115,26,19,7
101000116,3,30,-27
101000117,1179,190,989
101000119,27,80,-53
101000120,77,109,-32
101000121,38,64,-26
101000122,72,106,-34
101000123,51,130,-79
101000124,710,581,129
101000125,133,196,-63
101000128,175,1045,-870
101000130,125,188,-63
101000131,1504,328,1176
101000132,846,630,216
101000135,15,25,-10
101000136,168,250,-82
101000137,30,602,-572
101000141,499,4508,-4009
101000147,1182,374,808
101000148,905,4,901
101000149,53,139,-86
101000150,120,205,-85
101000151,353,24,329
101000152,364,297,67
101000153,367,123,244
101000154,501,412,89
101000155,537,181,356
101000156,38,439,-401
101000157,96,55,41
101000160,6,10,-4
101000163,111,555,-444
101000164,230,114,116
101000165,291,505,-214
101000166,221,238,-17
101000168,932,700,232
101000252,2745,1211,1534
101000254,40,70,-30
101000258,65,17,48
101000261,99,117,-18
101000262,1128,5187,-4059
101000263,190,1481,-1291
101000265,68,735,-667
101000266,195,200,-5
101000269,11,28,-17
101000290,352,3274,-2922
101000293,23,84,-61
101000294,711,555,156
101000295,294,264,30
101000301,233,608,-375
101000304,2177,3039,-862
101000305,2561,987,1574
101000328,97,598,-501
101900001,13,39,-26
101900002,0,3,-3
101900003,20,137,-117
101900004,1,287,-286
101900005,1203,3655,-2452
101900006,1687,120,1567
101900007,484,289,195
101900008,38,288,-250
101900009,24,458,-434
101900010,502,695,-193
101900011,83,1106,-1023
101900012,315,64,251
101900013,304,90,214
101900017,10,118,-108
101900018,623,293,330
101900019,37,216,-179
101900020,53,22,31
101900021,3,63,-60
101900022,188,429,-241
101900023,249,116,133
101900026,207,34,173
101900027,25,133,-108
102000001,3458,6440,-2982
102000002,2326,1290,1036
102000003,2248,7183,-4935
102000004,2714,2496,218
102000005,1181,3902,-2721
102000006,699,1598,-899
102000007,1987,4663,-2676
102000008,3821,1412,2409
102000009,7604,9207,-1603
102000010,3087,2527,560
102000011,4764,4542,222
102000012,3260,2470,790
102000018,2660,2988,-328
102000019,2057,1678,379
102000026,477,431,46
102000029,289,266,23
102000030,203,365,-162
102000031,74,100,-26
102000032,714,360,354
102000033,471,336,135
102000034,459,317,142
102000035,1314,514,800
102000036,20,207,-187
102000037,278,59,219
102000038,128,797,-669
102000039,84,268,-184
102000040,165,471,-306
102000041,39,1157,-1118
102000042,104,655,-551
102000043,49,553,-504
102000044,409,1458,-1049
102000045,600,918,-318
102000046,1190,804,386
102000047,682,820,-138
102000048,570,576,-6
102000049,1026,1300,-274
102000050,1007,1318,-311
102000051,240,937,-697
102000052,1164,1341,-177
102000053,738,1732,-994
102000054,989,1000,-11
102000055,1590,252,1338
102000056,1719,250,1469
102000057,1878,442,1436
102000058,1020,701,319
102000059,925,1109,-184
102000060,900,776,124
102000061,1670,1311,359
102000062,2300,895,1405
102000063,1104,1295,-191
102000064,484,519,-35
102000065,43,151,-108
102000066,791,898,-107
102000067,4544,3591,953
102000068,9914,3628,6286
102000069,78,3241,-3163
102000070,1983,55,1928
102000071,7976,10655,-2679
102000072,2501,4711,-2210
102000073,604,576,28
102000074,835,853,-18
102000075,165,182,-17
102000076,330,137,193
102000077,773,338,435
102000078,1527,298,1229
102000079,163,128,35
102000080,348,207,141
102000081,227,764,-537
102000082,675,262,413
102000083,899,187,712
102000084,599,191,408
102000085,2207,669,1538
102000086,1540,772,768
102000087,740,1135,-395
102000088,463,241,222
102000089,1585,343,1242
102000090,316,1004,-688
102000091,1345,449,896
102000092,324,443,-119
102000093,1092,525,567
102000094,620,343,277
102000095,600,879,-279
102000096,426,408,18
102000097,412,423,-11
102000098,359,522,-163
102000099,804,966,-162
102000100,195,1439,-1244
102000101,463,606,-143
102000102,632,964,-332
102000103,3750,405,3345
102000104,709,266,443
102000105,237,449,-212
102000106,867,423,444
102000107,2132,271,1861
102000108,718,216,502
102000109,719,353,366
102000110,1804,575,1229
102000111,12,357,-345
102000112,78,165,-87
102000113,35,27,8
102000114,684,323,361
102000115,238,386,-148
102000116,244,705,-461
102000117,61,1142,-1081
102000118,809,1829,-1020
102000119,1000,1947,-947
102000120,208,444,-236
102000121,917,341,576
102000122,628,1040,-412
102000123,1058,718,340
102000124,1157,1423,-266
102000125,430,541,-111
102000126,385,902,-517
102000127,984,395,589
102000128,699,1073,-374
102000129,1202,400,802
102000130,684,673,11
102000131,741,493,248
102000132,370,609,-239
102000133,3216,1398,1818
102000134,1041,741,300
102000135,777,557,220
102000136,1117,480,637
102000137,389,973,-584
102000138,212,329,-117
102000139,51,694,-643
102000140,104,1332,-1228
102000141,187,305,-118
102000142,381,195,186
102000143,395,201,194
102000144,386,180,206
102000145,369,287,82
102000146,376,286,90
102000147,492,351,141
102000148,264,610,-346
102000149,234,158,76
102000150,758,75,683
102000151,145,114,31
102000152,305,149,156
102000153,798,765,33
102000154,170,458,-288
102000155,30,704,-674
102000156,258,186,72
102000157,42,1309,-1267
102000158,273,414,-141
102000159,1714,1181,533
102000161,1979,1823,156
102000162,138,205,-67
102000163,105,439,-334
102000164,570,720,-150
102000165,181,221,-40
102000166,43,162,-119
102000167,214,342,-128
102000168,243,242,1
102000169,92,655,-563
102000170,836,127,709
102000171,117,69,48
102000172,29,302,-273
102000173,408,258,150
102000174,150,57,93
102000175,44,71,-27
102000176,55,23,32
102000178,212,447,-235
102000179,374,191,183
102000180,1143,292,851
102000181,977,253,724
102000182,583,305,278
102000183,1985,966,1019
102000184,2437,609,1828
102000185,3250,721,2529
102000186,2388,928,1460
102000187,1270,855,415
102000188,1290,1069,221
102000189,1867,323,1544
102000190,532,2215,-1683
102000191,885,330,555
102000192,2558,2031,527
102000193,86,92,-6
102000194,53,185,-132
102000195,516,324,192
102000196,246,181,65
102000197,1045,235,810
102000198,169,467,-298
102000199,1485,148,1337
102000200,239,365,-126
102000201,1405,314,1091
102000202,8,162,-154
102000203,480,138,342
102000204,616,451,165
102000205,1325,451,874
102000206,666,357,309
102000207,652,434,218
102000208,414,504,-90
102000209,67,44,23
102000210,575,347,228
102000211,585,172,413
102000212,368,19,349
102000213,4,141,-137
102000214,429,16,413
102000215,8,173,-165
102000216,68,99,-31
102000217,3,52,-49
102000218,275,157,118
102000219,179,127,52
102000225,366,563,-197
102000226,199,349,-150
102000227,128,0,128
102000228,0,116,-116
102000229,55,68,-13
102000230,372,309,63
102000231,257,284,-27
102000232,83,219,-136
102000233,1029,405,624
102000234,104,960,-856
102000236,265,93,172
102000237,594,407,187
102000238,275,368,-93
102000240,418,1066,-648
102000241,189,96,93
102000243,29,31,-2
102000245,10,106,-96
102000246,19,82,-63
102000247,298,392,-94
102000248,369,878,-509
102000249,180,111,69
102000250,49,142,-93
102000254,252,163,89
102000266,2,625,-623
102000271,36,0,36
102000286,406,271,135
102000297,2180,1132,1048
102000299,1,0,1
102000301,0,0,0
102000303,0,0,0
102000305,0,0,0
102000307,0,7,-7
102900001,977,512,465
102900002,297,32,265
102900003,113,142,-29
102900005,412,200,212
102900006,533,59,474
102900007,662,7,655
102900008,318,16,302
102900009,300,460,-160
102900010,166,1067,-901
102900011,919,423,496
102900012,516,131,385
102900013,38,30,8
102900015,603,551,52
102900016,90,51,39
102900017,308,158,150
102900018,77,70,7
102900019,377,351,26
102900020,276,19,257
102900021,63,30,33
102900022,188,96,92
102900023,14,29,-15
102900024,62,45,17
102900025,70,73,-3
102900026,365,2170,-1805
102900027,111,55,56
102900028,254,926,-672
102900029,96,351,-255
102900030,329,261,68
102900031,339,97,242
102900032,141,46,95
102900033,64,149,-85
102900034,606,49,557
102900035,231,192,39
102900036,434,187,247
102900037,351,174,177
102900038,488,196,292
102900039,8,675,-667
102900040,173,267,-94
102900041,130,133,-3
102900042,301,151,150
102900043,258,102,156
102900044,625,1153,-528
102900045,280,325,-45
102900046,282,90,192
102900047,156,574,-418
102900048,606,194,412
102900049,95,368,-273
102900050,202,314,-112
102900051,221,145,76
102900053,323,440,-117
102900054,211,1512,-1301
102900055,176,242,-66
102900056,122,295,-173
102900057,3,53,-50
102900058,522,69,453
102900059,25,16,9
102900060,97,326,-229
102900061,141,224,-83
102900062,347,420,-73
102900063,1773,267,1506
102900064,134,407,-273
102900065,738,238,500
102900066,315,9,306
102900068,47,107,-60
102900070,233,355,-122
102900072,5,42,-37
102900073,70,5,65
102900075,7,92,-85
102900076,37,131,-94
102900077,37,14,23
102900078,6,26,-20
102900079,231,8,223
102900080,433,30,403
102900081,62,251,-189
102900082,11,249,-238
102900083,155,20,135
102900084,3,55,-52
102900085,226,90,136
102900086,23,82,-59
102900087,226,119,107
102900088,54,39,15
102900089,158,137,21
102900090,1,173,-172
102900091,172,2,170
102900092,430,178,252
102900094,4,324,-320
102900095,81,0,81
102900096,90,9,81
102900097,2,20,-18
103000001,2200,2386,-186
103000002,2486,2693,-207
103000003,2974,3093,-119
103000004,846,638,208
103000005,1800,4540,-2740
103000006,1167,1467,-300
103000007,428,505,-77
103000008,911,848,63
103000009,2110,1139,971
103000010,174,87,87
103000011,1117,821,296
103000012,1416,1844,-428
103000013,2487,1577,910
103000014,1322,3213,-1891
103000015,1519,761,758
103000016,526,1873,-1347
103000017,315,682,-367
103000018,784,240,544
103000019,375,618,-243
103000020,1335,1483,-148
103000021,1815,2578,-763
103000022,730,992,-262
103000023,746,2637,-1891
103000024,72,52,20
103000025,157,1269,-1112
103000026,436,57,379
103000027,171,561,-390
103000028,146,208,-62
103000029,100,151,-51
103000030,1427,1477,-50
103000031,693,2437,-1744
103000032,1895,1175,720
103000033,2928,2947,-19
103000034,1033,811,222
103000035,253,1203,-950
103000036,242,321,-79
103000037,429,414,15
103000038,422,984,-562
103000039,730,282,448
103000040,696,516,180
103000041,2005,1166,839
103000042,1969,214,1755
103000043,1058,527,531
103000044,293,55,238
103000046,401,415,-14
103000047,740,228,512
103000048,230,106,124
103000049,92,121,-29
103000050,779,164,615
103000051,650,412,238
103000052,807,161,646
103000053,240,349,-109
103000054,1870,749,1121
103000055,1855,1404,451
103000056,834,740,94
103000057,1589,169,1420
103000058,692,480,212
103000059,779,498,281
103000060,829,183,646
103000061,551,595,-44
103000062,743,288,455
103000063,1045,868,177
103000064,143,93,50
103000065,3,154,-151
103000066,234,13,221
103000069,302,93,209
103000070,757,445,312
103000071,1734,584,1150
103000072,122,409,-287
103000073,1132,85,1047
103000074,728,155,573
103000075,105,488,-383
103000076,278,834,-556
103000077,19,283,-264
103000078,926,1535,-609
103000079,455,1051,-596
103000080,476,332,144
103000081,217,1252,-1035
103000082,529,169,360
103000083,122,429,-307
103000084,107,8,99
103000085,0,190,-190
103000086,361,570,-209
103000087,155,671,-516
103000088,220,365,-145
103000089,290,821,-531
103000090,5524,1354,4170
103000091,1540,562,978
103000092,449,267,182
103000093,306,661,-355
103000094,261,119,142
103000095,66,329,-263
103000096,494,35,459
103000097,62,737,-675
103000098,616,121,495
103000099,124,602,-478
103000100,160,316,-156
103000101,1264,89,1175
103000102,97,252,-155
103000103,824,97,727
103000104,99,47,52
103000105,239,66,173
103000106,11,118,-107
103000107,287,151,136
103000108,1769,1028,741
103000109,818,661,157
103000110,1022,595,427
103000111,266,820,-554
103000112,253,512,-259
103000113,436,1236,-800
103000114,1635,1393,242
103000115,806,649,157
103000116,809,357,452
103000117,623,448,175
103000118,332,343,-11
103000119,876,246,630
103000120,72,142,-70
103000121,76,212,-136
103000122,289,333,-44
103000125,35,60,-25
103000126,705,2,703
103000127,9,46,-37
103000128,167,3,164
103000129,1,53,-52
103000130,116,38,78
103000131,67,98,-31
103000132,57,120,-63
103000133,29,86,-57
103000134,182,1017,-835
103000135,555,213,342
103000136,437,526,-89
103000137,464,833,-369
103000138,594,745,-151
103000139,1,81,-80
103000140,157,24,133
103000141,37,212,-175
103000142,87,113,-26
103000143,46,213,-167
103000144,136,98,38
103000145,15,112,-97
103000150,75,26,49
103000152,247,360,-113
103000153,215,374,-159
103000156,2,77,-75
103000157,486,0,486
103000159,223,82,141
103000162,28,14,14
103000163,14,24,-10
103000164,5,9,-4
103000165,54,135,-81
103000166,298,562,-264
103000167,269,218,51
103000168,226,110,116
103000169,170,746,-576
103000170,1113,179,934
103000171,21,105,-84
103000172,842,150,692
103000173,882,118,764
103000174,330,199,131
103000175,330,111,219
103000176,868,798,70
103000177,270,336,-66
103000178,98,228,-130
103000179,121,23,98
103000183,360,5,355
103000185,222,28,194
103000186,257,77,180
103000187,936,135,801
103000188,17,82,-65
103000189,733,509,224
103000191,494,512,-18
103000292,501,1680,-1179
103000293,432,3321,-2889
103000295,86,129,-43
103000296,76,1,75
103000297,2,62,-60
103000504,11,4,7
103000505,1,51,-50
103000506,0,81,-81
103000507,215,6,209
103000508,103,54,49
103000509,225,617,-392
103900001,19,47,-28
103900002,557,106,451
103900003,891,184,707
103900004,142,1,141
103900005,1,76,-75
103900006,1,1,0
103900007,112,2,110
103900008,31,3,28
103900009,446,255,191
103900010,298,149,149
103900011,642,72,570
103900012,8,27,-19
103900013,94,16,78
103900014,95,17,78
103900015,111,7,104
103900016,233,136,97
103900017,73,60,13
103900018,290,78,212
103900019,31,342,-311
103900020,281,518,-237
103900021,100,26,74
103900022,589,426,163
103900023,290,0,290
103900024,94,208,-114
103900025,12,17,-5
103900026,6,0,6
103900027,462,229,233
103900028,63,347,-284
103900029,1218,118,1100
103900030,482,220,262
103900031,78,0,78
103900032,87,113,-26
103900033,89,45,44
103900034,68,34,34
103900035,23,15,8
103900036,68,44,24
103900037,145,38,107
103900038,54,242,-188
103900039,171,91,80
103900040,15,85,-70
103900041,50,21,29
103900042,155,63,92
103900043,330,34,296
103900044,32,696,-664
103900045,293,159,134
103900047,112,7,105
103900048,12,50,-38
103900049,100,1427,-1327
103900050,15,170,-155
103900051,0,47,-47
103900052,228,289,-61
103900053,456,144,312
103900054,210,167,43
103900055,493,187,306
103900056,53,47,6
103900057,128,41,87
103900058,424,219,205
103900059,0,23,-23
103900060,89,40,49
103900061,282,13,269
103900062,640,213,427
103900063,1,0,1
103900064,264,1,263
103900065,258,296,-38
103900066,358,93,265
103900067,253,7,246
103900068,5,0,5
103900069,86,20,66
103900070,111,148,-37
103900071,20,41,-21
103900072,37,81,-44
103900073,37,48,-11
103900074,114,28,86
103900075,412,46,366
103900076,823,161,662
103900077,46,244,-198
103900078,327,46,281
103900079,136,145,-9
103900080,5,22,-17
103900081,13,30,-17
103900082,75,130,-55
103900083,1066,1940,-874
103900084,37,135,-98
103900085,62,62,0
103900086,1205,283,922
103900088,247,455,-208
103900089,42,109,-67
103900090,2,27,-25
103900091,837,141,696
103900092,585,591,-6
103900093,38,311,-273
103900094,4,40,-36
103900095,268,370,-102
103900096,89,99,-10
103900097,14,266,-252
103900098,376,109,267
103900099,209,26,183
103900100,472,141,331
103900101,107,820,-713
103900102,0,28,-28
103900104,2,13,-11
103900105,28,63,-35
103900106,0,72,-72
103900107,193,51,142
103900108,71,111,-40
103900109,212,35,177
103900110,288,46,242
103900111,154,180,-26
103900112,34,80,-46
103900113,33,223,-190
103900114,661,166,495
103900115,175,206,-31
103900116,1309,2386,-1077
103900117,80,56,24
103900119,39,126,-87
103900120,113,34,79
103900122,219,46,173
103900123,343,669,-326
103900124,63,135,-72
103900125,223,53,170
103900126,715,130,585
103900127,193,208,-15
103900128,204,25,179
103900131,24,101,-77
103900133,1124,15,1109
103900134,1,9,-8
103900135,2,1,1
103900137,0,6,-6
103900138,270,38,232
103900139,173,3620,-3447
103900140,6,331,-325
103900141,188,30,158
103900142,341,75,266
103900143,122,1,121
103900144,1,29,-28
103900145,117,129,-12
103900146,226,120,106
103900147,598,61,537
103900148,374,119,255
103900149,353,242,111
103900150,3495,5741,-2246
103900151,7,77,-70
103900152,1275,130,1145
103900153,8,5,3
103900154,250,2294,-2044
103900155,59,59,0
103900156,96,20,76
103900157,88,39,49
103900158,225,17,208
103900159,209,12,197
103900160,78,32,46
103900161,84,156,-72
103900162,82,67,15
103900163,2,305,-303
103900167,4,98,-94
103900168,88,69,19
103900169,12,57,-45
103900170,0,37,-37
103900171,8,31,-23
103900172,9,3,6
103900173,20,14,6
103900174,291,18,273
103900175,19,89,-70
103900176,11,27,-16
103900177,26,19,7
103900178,64,8,56
103900179,72,19,53
103900180,4,17,-13
103900181,13,30,-17
103900182,10,23,-13
103900184,128,123,5
103900185,35,676,-641
103900187,25,141,-116
103900188,99,75,24
103900189,149,6,143
103900190,102,36,66
103900191,30,77,-47
103900192,21,65,-44
103900193,40,123,-83
103900194,87,95,-8
103900195,5,187,-182
103900196,58,35,23
103900197,3,14,-11
103900198,17,27,-10
103900199,144,66,78
103900200,209,47,162
103900201,84,94,-10
103900202,2,42,-40
103900203,36,34,2
103900204,1,25,-24
103900207,2,13,-11
103900208,179,2,177
103900209,7,70,-63
103900210,51,17,34
103900211,690,73,617
103900212,222,115,107
103900213,58,287,-229
103900214,200,279,-79
103900215,130,344,-214
103900216,8,114,-106
103900217,219,51,168
103900218,0,331,-331
103900219,193,111,82
103900233,131,18,113
103900235,13,197,-184
103900236,4,20,-16
103900242,2,2,0
103900243,3,1,2
103900244,114,97,17
103900245,118,71,47
103900246,35,31,4
103900247,8,49,-41
103900248,1,72,-71
103900249,0,50,-50
103900250,33,52,-19
103900251,0,24,-24
103900253,2,32,-30
103900254,12,32,-20
103900255,3,11,-8
103900256,23,14,9
103900257,258,196,62
103900258,20,1,19
103900259,27,1,26
103900261,23,2,21
103900262,24,1,23
103900263,21,77,-56
103900264,10,7,3
103900265,13,1,12
103900266,0,63,-63
103900267,2,67,-65
103900268,35,32,3
103900269,244,18,226
103900270,77,65,12
103900271,16,23,-7
103900272,40,11,29
103900273,69,7,62
103900274,238,4,234
103900275,99,5,94
103900276,7,4,3
103900277,4,4,0
103900278,1,26,-25
103900279,4,43,-39
103900280,0,12,-12
104000001,3201,2010,1191
104000002,1920,1734,186
104000003,2414,1959,455
104000004,2197,2403,-206
104000005,2578,2082,496
104000006,3215,2305,910
104000007,3999,4135,-136
104000008,175,179,-4
104000009,291,137,154
104000010,218,433,-215
104000011,244,230,14
104000012,118,205,-87
104000013,354,322,32
104000014,237,297,-60
104000015,458,122,336
104000016,325,218,107
104000018,1024,202,822
104000019,650,273,377
104000020,109,266,-157
104000021,387,233,154
104000022,187,302,-115
104000023,1248,419,829
104000024,240,230,10
104000026,88,214,-126
104000027,347,213,134
104000028,484,261,223
104000029,315,203,112
104000030,320,226,94
104000031,1383,285,1098
104000032,174,100,74
104000033,705,477,228
104000034,358,131,227
104000035,1295,385,910
104000036,1321,346,975
104000037,251,107,144
104000038,646,337,309
104000039,179,92,87
104000040,97,413,-316
104000041,551,320,231
104000042,159,161,-2
104000043,254,197,57
104000044,269,294,-25
104000045,792,528,264
104000046,544,897,-353
104000047,532,808,-276
104000048,755,801,-46
104000049,812,277,535
104000050,140,706,-566
104000051,350,521,-171
104000052,2229,1657,572
104000053,1181,339,842
104000054,749,157,592
104000055,2903,1946,957
104000056,648,191,457
104000057,224,215,9
104000058,908,724,184
104000059,717,910,-193
104000060,1367,1356,11
104000061,1082,624,458
104000062,254,112,142
104000064,637,362,275
104000065,119,607,-488
104000069,647,1830,-1183
104000070,60,530,-470
104000071,146,275,-129
104000072,460,189,271
104000075,56,185,-129
104000076,423,59,364
104000082,2260,3967,-1707
104000083,590,173,417
104000084,100,329,-229
104000085,519,254,265
104000086,260,350,-90
104000087,299,1664,-1365
104000090,1263,702,561
104000092,1712,1109,603
104000094,870,755,115
104000095,3458,1257,2201
104000096,2022,97,1925
104000097,2860,499,2361
104000098,3839,509,3330
104000100,2463,662,1801
104000101,1443,1258,185
104000106,18,620,-602
104000107,646,221,425
104000108,187,232,-45
104000109,365,142,223
104000110,678,881,-203
104000111,2000,2931,-931
104000112,771,370,401
104000116,1,494,-493
104000117,316,301,15
104000118,1114,108,1006
104000119,897,205,692
104000120,270,266,4
104000121,275,420,-145
104000122,1072,669,403
104000123,738,545,193
104000124,443,955,-512
104000125,2215,4885,-2670
104000126,704,591,113
104000127,1193,1244,-51
104000128,619,160,459
104000129,352,3,349
104000130,9,229,-220
104000131,241,312,-71
104000132,259,389,-130
104000133,1544,616,928
104000134,1174,1213,-39
104000135,586,1492,-906
104000136,878,3031,-2153
104000137,2378,253,2125
104000138,1049,310,739
104000139,2471,2161,310
104000141,955,623,332
104000142,655,310,345
104000143,708,223,485
104000144,157,179,-22
104000145,579,194,385
104000146,143,422,-279
104000147,133,299,-166
104000148,474,149,325
104000149,216,86,130
104000150,1090,457,633
104000151,274,196,78
104000152,702,234,468
104000153,748,596,152
104000154,697,258,439
104000155,475,812,-337
104000157,1349,835,514
104000158,143,469,-326
104000159,922,650,272
104000160,1650,2385,-735
104000161,247,121,126
104000162,123,113,10
104000165,594,756,-162
104000167,821,1719,-898
104000168,732,16,716
104000169,245,41,204
104000170,239,407,-168
104000248,389,425,-36
104000251,95,109,-14
104000272,0,0,0
104000273,0,0,0
104000274,0,0,0
104000275,0,0,0
104000279,532,377,155
104000290,93,219,-126
104000291,532,1051,-519
104000293,1512,1171,341
104000294,102,1,101
104000295,635,754,-119
104000296,650,566,84
104000297,675,1782,-1107
104000298,1974,879,1095
104000299,795,1241,-446
104900001,119,209,-90
104900002,97,285,-188
104900003,46,220,-174
104900004,93,129,-36
104900005,514,351,163
104900006,808,82,726
104900007,438,206,232
104900009,156,148,8
104900010,72,43,29
104900011,17,38,-21
104900012,215,35,180
104900013,105,15,90
104900014,1391,349,1042
104900015,119,5,114
104900016,233,149,84
104900017,122,118,4
104900018,25,119,-94
104900019,173,5885,-5712
104900020,28,239,-211
104900021,0,33,-33
104900022,10,164,-154
104900023,0,17,-17
104900024,25,197,-172
104900025,92,104,-12
104900026,0,70,-70
104900027,721,402,319
104900028,13,129,-116
104900029,13,27,-14
104900030,622,202,420
104900031,51,314,-263
104900032,28,48,-20
104900033,277,221,56
104900034,440,177,263
104900035,493,189,304
104900036,349,70,279
104900037,160,136,24
104900038,138,1039,-901
104900039,321,331,-10
104900040,599,91,508
104900041,490,146,344
104900042,227,249,-22
104900043,29,293,-264
104900044,1031,167,864
104900045,480,68,412
104900046,389,93,296
104900047,582,106,476
104900048,506,64,442
104900049,49,36,13
104900050,330,42,288
104900051,381,67,314
104900052,185,2,183
104900053,653,86,567
104900054,138,16,122
104900055,230,1,229
104900056,280,28,252
104900057,59,0,59
104900058,345,323,22
104900059,84,55,29
104900060,0,241,-241
104900061,161,257,-96
104900063,0,220,-220
104900064,2,118,-116
104900065,2,430,-428
104900066,0,98,-98
104900067,4,232,-228
104900068,116,89,27
104900070,137,155,-18
104900071,0,407,-407
104900072,37,146,-109
104900073,79,53,26
104900074,79,111,-32
104900075,30,8,22
104900076,158,134,24
104900077,317,208,109
104900078,220,225,-5
104900079,76,1095,-1019
104900080,92,399,-307
104900082,16,227,-211
104900085,9,107,-98
104900087,326,2,324
104900089,409,0,409
104900090,1341,805,536
104900091,471,346,125
104900093,185,326,-141
104900097,1126,3301,-2175
104900098,360,50,310
104900099,193,1175,-982
104900100,314,156,158
104900102,40,82,-42
104900103,378,48,330
104900104,1504,1834,-330
104900106,290,111,179
104900107,87,113,-26
104900108,30,120,-90
104900109,83,85,-2
104900110,11,54,-43
104900111,388,50,338
104900112,411,217,194
104900113,827,203,624
104900114,681,258,423
104900115,881,150,731
104900116,737,85,652
104900118,12,11,1
104900119,0,54,-54
104900120,18,591,-573
104900121,0,29,-29
104900122,26,56,-30
104900123,91,12,79
104900124,45,0,45
104900125,537,10,527
104900126,17,25,-8
104900127,10,47,-37
104900128,85,94,-9
104900129,875,2584,-1709
105000001,3155,1391,1764
105000002,2835,1593,1242
105000003,3051,4091,-1040
105000004,851,738,113
105000005,1644,1123,521
105000006,1353,2086,-733
105000007,1764,2786,-1022
105000008,946,4442,-3496
105000009,3066,3486,-420
105000010,2364,918,1446
105000011,3608,3397,211
105000012,2232,1560,672
105000013,1163,1250,-87
105000014,3165,4169,-1004
105000015,7970,13981,-6011
105000016,977,1042,-65
105000017,1231,692,539
105000018,805,2187,-1382
105000019,794,1179,-385
105000020,92,559,-467
105000021,223,229,-6
105000022,141,201,-60
105000023,669,211,458
105000028,50,59,-9
105000029,549,1642,-1093
105000030,2746,1597,1149
105000031,5,25,-20
105000033,860,983,-123
105000034,125,1056,-931
105000037,521,177,344
105000038,1209,1757,-548
105000039,1031,782,249
105000040,834,1391,-557
105000041,213,691,-478
105000042,1935,1749,186
105000043,794,1036,-242
105000044,729,376,353
105000045,195,265,-70
105000046,1073,279,794
105000047,566,370,196
105000048,799,248,551
105000049,192,357,-165
105000050,897,468,429
105000051,185,250,-65
105000052,709,762,-53
105000053,90,90,0
105000054,399,655,-256
105000055,768,165,603
105000056,1460,1397,63
105000057,1217,349,868
105000058,1030,555,475
105000059,913,586,327
105000060,470,367,103
105000061,1335,627,708
105000062,504,411,93
105000063,333,252,81
105000064,2294,704,1590
105000065,319,474,-155
105000066,852,1053,-201
105000067,1746,990,756
105000068,278,658,-380
105000069,1388,2766,-1378
105000070,345,1343,-998
105000071,281,1752,-1471
105000072,1260,4838,-3578
105000073,1040,692,348
105000074,482,413,69
105000075,492,435,57
105000076,996,866,130
105000077,1812,886,926
105000078,759,1166,-407
105000079,799,2961,-2162
105000080,1827,1459,368
105000081,1501,1190,311
105000082,607,1884,-1277
105000083,1908,3234,-1326
105000084,539,516,23
105000085,2295,2186,109
105000086,804,827,-23
105000087,1290,1254,36
105000088,1769,2136,-367
105000089,1493,1194,299
105000090,588,522,66
105000091,634,1071,-437
105000092,445,970,-525
105000093,365,411,-46
105000094,197,188,9
105000095,109,606,-497
105000096,1305,1935,-630
105000097,585,629,-44
105000098,1422,1188,234
105000099,670,836,-166
105000100,1967,1000,967
105000101,2507,1235,1272
105000102,1729,1377,352
105000103,1138,1513,-375
105000104,2286,788,1498
105000105,1025,1408,-383
105000106,1429,898,531
105000107,1578,614,964
105000108,1660,1085,575
105000109,2449,959,1490
105000110,970,422,548
105000111,1528,368,1160
105000112,1183,567,616
105000113,582,692,-110
105000114,1444,1383,61
105000115,322,1676,-1354
105000116,1327,535,792
105000117,952,686,266
105000118,846,291,555
105000119,386,365,21
105000120,1602,478,1124
105000121,676,493,183
105000122,496,570,-74
105000123,646,811,-165
105000124,2408,636,1772
105000125,818,981,-163
105000126,2247,1157,1090
105000127,2903,1060,1843
105000128,773,957,-184
105000129,1265,183,1082
105000130,174,3492,-3318
105000131,425,153,272
105000132,1437,707,730
105000133,486,567,-81
105000134,1419,666,753
105000135,401,522,-121
105000136,140,159,-19
105000137,893,242,651
105000138,201,172,29
105000139,837,408,429
105000140,668,315,353
105000141,376,262,114
105000142,397,319,78
105000143,220,322,-102
105000144,250,390,-140
105000145,809,220,589
105000146,355,569,-214
105000147,739,319,420
105000148,1005,673,332
105000149,2807,2505,302
105000150,1235,812,423
105000151,667,417,250
105000152,191,348,-157
105000153,850,660,190
105000154,652,397,255
105000155,559,691,-132
105000156,353,519,-166
105000157,597,1260,-663
105000158,2084,765,1319
105000159,320,794,-474
105000160,3597,865,2732
105000161,702,1194,-492
105000162,907,2901,-1994
105000163,1051,831,220
105000164,162,293,-131
105000165,681,8711,-8030
105000166,4118,1312,2806
105000167,1107,2994,-1887
105000168,353,290,63
105000169,931,107,824
105000170,364,1148,-784
105000171,1201,133,1068
105000172,255,16,239
105000173,319,24,295
105000174,111,38,73
105000175,125,54,71
105000176,635,41,594
105000177,417,220,197
105000178,335,292,43
105000179,1009,71,938
105000180,284,42,242
105000181,203,138,65
105000182,89,19,70
105000183,1609,2721,-1112
105000184,536,764,-228
105000185,658,1054,-396
105000186,459,458,1
105000187,733,198,535
105000188,132,153,-21
105000189,72,442,-370
105000190,243,247,-4
105000191,315,302,13
105000192,384,42,342
105000193,51,73,-22
105000194,1013,102,911
105000195,232,576,-344
105000196,103,364,-261
105000197,175,468,-293
105000198,253,205,48
105000199,117,742,-625
105000200,74,321,-247
105000201,55,44,11
105000203,23,87,-64
105000204,83,57,26
105000205,81,152,-71
105000207,199,111,88
105000208,120,562,-442
105000209,176,149,27
105000211,443,8,435
105000212,1167,524,643
105000213,113,240,-127
105000214,135,176,-41
105000215,295,153,142
105000216,204,89,115
105000217,303,162,141
105000218,1927,1006,921
105000221,174,231,-57
105000222,243,162,81
105000223,457,133,324
105000226,118,91,27
105000227,62,79,-17
105000228,73,2095,-2022
105000229,183,508,-325
105000231,618,364,254
105000233,814,655,159
105000234,398,570,-172
105000235,447,493,-46
105000237,1330,110,1220
105000243,67,28,39
105000248,39,72,-33
105000262,450,371,79
105000269,172,129,43
105000270,665,27,638
105000271,0,133,-133
105000282,34,65,-31
105000287,279,83,196
105000288,753,345,408
105000289,894,1891,-997
105000290,19,23,-4
105000402,1696,3724,-2028
105000426,204,401,-197
105000438,1349,1028,321
105000440,26,14,12
105000446,5503,3983,1520
105000447,1897,1334,563
105000454,937,222,715
105000455,213,111,102
105000474,49,0,49
105000477,655,553,102
105000478,2594,5894,-3300
105000479,105,170,-65
105000480,5174,8270,-3096
105000481,4843,4892,-49
105000482,2235,3818,-1583
105000483,1969,3476,-1507
105000484,1214,1828,-614
105000485,1103,3591,-2488
105000486,1393,2347,-954
105000488,3681,2238,1443
105000489,1307,921,386
105000549,71,108,-37
105000550,341,1148,-807
105000551,49,57,-8
105000552,1828,953,875
105000555,825,1359,-534
105000556,63,18,45
105000557,61,103,-42
105900001,4,1847,-1843
105900002,644,916,-272
105900003,16,101,-85
105900004,180,68,112
105900005,31,96,-65
105900006,8,84,-76
105900007,23,23,0
105900008,125,288,-163
105900009,24,12,12
105900011,96,26,70
105900012,371,69,302
105900013,3,44,-41
105900014,2,56,-54
105900015,80,304,-224
105900016,566,213,353
105900017,1449,27,1422
105900018,142,126,16
105900019,77,127,-50
105900020,35,58,-23
105900021,27,167,-140
105900022,197,109,88
105900023,3,77,-74
105900024,5,324,-319
105900025,263,10,253
105900026,212,9,203
105900027,9529,3628,5901
105900028,184,455,-271
105900029,1952,387,1565
105900030,216,286,-70
105900031,287,189,98
105900032,138,164,-26
105900033,56,77,-21
105900034,293,136,157
105900035,287,127,160
105900036,139,59,80
105900037,161,36,125
105900038,195,149,46
105900039,141,50,91
105900040,135,93,42
105900041,147,105,42
105900042,65,171,-106
105900043,829,76,753
105900044,2,324,-322
105900045,2,990,-988
105900046,1,193,-192
105900047,4,31,-27
105900048,112,325,-213
105900050,2498,5367,-2869
105900051,65,1059,-994
105900052,593,146,447
105900053,1531,3122,-1591
105900054,192,104,88
105900056,316,424,-108
105900057,7,88,-81
105900058,15,9,6
105900059,1,64,-63
106000001,1711,2025,-314
106000002,880,2915,-2035
106000003,2797,4009,-1212
106000004,1239,1984,-745
106000005,4186,4323,-137
106000006,4049,1664,2385
106000007,631,357,274
106000008,483,277,206
106000009,534,341,193
106000010,473,486,-13
106000011,1935,1036,899
106000012,894,869,25
106000013,2026,1700,326
106000014,1630,1083,547
106000015,2468,1159,1309
106000016,1221,1167,54
106000017,595,774,-179
106000018,484,465,19
106000019,415,454,-39
106000020,439,284,155
106000021,337,412,-75
106000022,412,140,272
106000023,733,257,476
106000024,490,292,198
106000025,184,147,37
106000026,66,143,-77
106000027,2010,1386,624
106000028,631,225,406
106000029,583,532,51
106000030,208,496,-288
106000034,159,343,-184
106000035,933,1892,-959
106000036,108,330,-222
106000037,1035,1016,19
106000038,99,140,-41
106000039,49,185,-136
106000040,73,816,-743
106000041,583,423,160
106000043,585,255,330
106000046,311,60,251
106000047,46,498,-452
106000049,1228,164,1064
106000050,339,352,-13
106000051,999,654,345
106000052,111,228,-117
106000053,541,223,318
106000054,310,184,126
106000055,998,551,447
106000056,200,160,40
106000057,544,157,387
106000058,97,93,4
106000059,466,273,193
106000060,252,268,-16
106000061,179,600,-421
106000062,161,261,-100
106000063,1060,724,336
106000064,15,180,-165
106000065,471,205,266
106000066,115,167,-52
106000067,482,84,398
106000068,92,403,-311
106000069,355,67,288
106000070,369,396,-27
106000071,745,241,504
106000072,2442,1476,966
106000073,1338,4618,-3280
106000074,683,776,-93
106000075,417,1038,-621
106000076,1468,1264,204
106000077,1810,820,990
106000078,1426,571,855
106000079,1014,540,474
106000080,1325,345,980
106000081,1111,746,365
106000082,1902,502,1400
106000083,518,1101,-583
106000084,958,584,374
106000085,1368,1198,170
106000086,481,634,-153
106000087,886,406,480
106000088,431,692,-261
106000089,1176,267,909
106000090,390,597,-207
106000091,235,330,-95
106000092,1180,211,969
106000093,427,86,341
106000094,89,228,-139
106000095,1152,609,543
106000096,1230,381,849
106000097,1558,572,986
106000098,919,504,415
106000099,198,426,-228
106000100,1309,159,1150
106000101,681,199,482
106000102,97,414,-317
106000103,227,323,-96
106000104,1107,296,811
106000105,406,336,70
106000106,902,235,667
106000107,157,146,11
106000108,557,143,414
106000109,186,146,40
106000110,432,130,302
106000111,190,175,15
106000112,332,639,-307
106000113,509,463,46
106000114,487,826,-339
106000115,296,340,-44
106000116,423,191,232
106000117,654,375,279
106000118,1515,1269,246
106000119,1026,500,526
106000120,1008,1623,-615
106000121,326,192,134
106000122,275,109,166
106000123,842,91,751
106000124,166,69,97
106000125,23,144,-121
106000126,497,60,437
106000127,1244,462,782
106000128,1082,107,975
106000129,693,309,384
106000130,1156,212,944
106000131,128,691,-563
106000132,498,168,330
106000133,1375,1527,-152
106000134,417,2917,-2500
106000135,108,494,-386
106000136,723,1212,-489
106000137,62,483,-421
106000138,1887,66,1821
106000139,51,25,26
106000140,72,46,26
106000141,144,33,111
106000142,127,44,83
106000143,27,44,-17
106000144,33,66,-33
106000145,427,106,321
106000146,485,73,412
106000147,279,224,55
106000148,377,383,-6
106000149,680,244,436
106000150,688,2034,-1346
106000151,2667,621,2046
106000152,695,2624,-1929
106000153,119,1760,-1641
106000154,998,112,886
106000155,189,334,-145
106000156,1582,137,1445
106000157,726,1382,-656
106000158,1379,718,661
106000159,1979,2173,-194
106000160,602,4005,-3403
106000161,1053,211,842
106000162,469,1432,-963
106000163,364,213,151
106000164,803,228,575
106000165,302,218,84
106000166,1234,216,1018
106000167,351,585,-234
106000168,998,190,808
106000169,275,291,-16
106000170,1301,148,1153
106000171,235,964,-729
106000172,2551,1155,1396
106000173,852,2201,-1349
106000174,1218,340,878
106000175,221,455,-234
106000176,2098,696,1402
106000177,707,1426,-719
106000178,2811,1189,1622
106000179,530,1096,-566
106000180,597,504,93
106000181,1063,975,88
106000182,2050,469,1581
106000183,1873,335,1538
106000184,1482,361,1121
106000185,1103,1032,71
106000186,499,44,455
106000187,48,882,-834
106000188,0,2,-2
106000189,7,27,-20
106000190,49,3,46
106000191,605,69,536
106000192,1,24,-23
106000193,325,152,173
106000194,86,236,-150
106000195,221,66,155
106000196,64,203,-139
106000197,660,143,517
106000198,226,81,145
106000199,509,798,-289
106000200,227,201,26
106000201,445,3876,-3431
106000202,1786,372,1414
106000203,41,205,-164
106000204,124,7,117
106000205,14,136,-122
106000206,132,24,108
106000207,14,277,-263
106000208,1717,244,1473
106000209,1961,472,1489
106000210,253,612,-359
106000211,156,1008,-852
106000212,1167,461,706
106000213,158,846,-688
106000214,966,280,686
106000215,327,337,-10
106000216,495,310,185
106000217,199,271,-72
106000218,381,291,90
106000219,146,206,-60
106000220,603,134,469
106000221,252,100,152
106000222,132,85,47
106000223,522,142,380
106000224,270,70,200
106000225,139,151,-12
106000226,78,138,-60
106000228,89,116,-27
106000229,151,469,-318
106000231,1179,79,1100
106000232,90,179,-89
106000233,502,74,428
106000234,73,223,-150
106000235,249,138,111
106000236,42,91,-49
106000237,0,11,-11
106000238,8,45,-37
106000239,5,128,-123
106000240,44,4,40
106000241,25,508,-483
106000242,302,23,279
106000249,94,44,50
106000250,30,480,-450
106000251,138,12,126
106000252,24,53,-29
106000253,58,73,-15
106000254,99,20,79
106000255,33,168,-135
106000256,39,27,12
106000257,89,114,-25
106000258,124,52,72
106000259,2,44,-42
106000260,35,4,31
106000261,3,43,-40
106000262,90,15,75
106000263,11,17,-6
106000264,177,17,160
106000265,10,85,-75
106000266,137,19,118
106000267,2,70,-68
106000268,250,56,194
106000269,20,37,-17
106000270,95,226,-131
106000271,117,138,-21
106000272,104,24,80
106000273,43,245,-202
106000274,113,25,88
106000275,173,143,30
106000276,47,17,30
106000277,90,201,-111
106000278,89,15,74
106000279,10,21,-11
106000280,63,33,30
106000281,133,69,64
106000282,69,24,45
106000283,112,48,64
106000284,145,45,100
106000285,101,56,45
106000286,145,90,55
106000287,145,43,102
106000288,71,110,-39
106000289,94,69,25
106000290,74,31,43
106000291,133,78,55
106000292,68,44,24
106000293,141,79,62
106000294,58,44,14
106000295,28,63,-35
106000296,32,63,-31
106000297,58,249,-191
106000298,87,88,-1
106000299,62,98,-36
106000300,48,94,-46
106000301,47,114,-67
106000303,30,50,-20
106000304,46,9,37
106000305,71,27,44
106000306,50,31,19
106000307,106,22,84
106000308,37,71,-34
106000309,9,57,-48
106000310,379,290,89
106000311,559,146,413
106000312,157,97,60
106000313,385,136,249
106000318,46,403,-357
106000319,1284,270,1014
106000320,2,49,-47
106000321,114,108,6
106000322,315,41,274
106000324,10,63,-53
106000325,2400,846,1554
106000326,986,1029,-43
106000327,277,47,230
106000328,21,46,-25
106000329,79,131,-52
106000330,54,84,-30
106000428,78,174,-96
106000429,156,203,-47
106000430,385,764,-379
106000431,2660,414,2246
106000432,1030,2107,-1077
106000433,2543,1359,1184
106000434,3275,1151,2124
106000435,856,1723,-867
106000436,24,139,-115
106000437,370,42,328
106000438,245,242,3
106000439,44,343,-299
106000440,185,369,-184
106000441,1,1,0
106000442,226,17,209
106000443,255,168,87
106000450,1,51,-50
106000451,13,102,-89
106000454,6,108,-102
106000455,4,162,-158
106000456,63,17,46
106000457,42,262,-220
106000458,1023,49,974
106000459,278,87,191
106000460,1618,16,1602
106000461,272,293,-21
106000462,1,75,-74
106000463,5,8,-3
106000464,3,113,-110
106000465,838,1,837
106000466,4,184,-180
106000467,110,210,-100
106000468,101,97,4
106000469,70,1,69
106000470,214,2120,-1906
106000471,4,299,-295
106000472,108,6,102
106000473,36,12,24
106000474,342,257,85
106000475,422,122,300
106000476,126,276,-150
106000477,57,69,-12
106000480,1,524,-523
106900001,0,14,-14
106900002,0,169,-169
106900003,92,585,-493
106900004,0,5,-5
106900006,0,3,-3
106900007,0,10,-10
106900008,615,83,532
106900009,424,95,329
106900010,310,128,182
106900012,749,3009,-2260
106900013,451,199,252
106900014,52,4,48
106900015,16,2,14
106900016,510,16,494
106900017,15,0,15
106900018,14,0,14
106900019,129,3,126
106900020,1143,2204,-1061
106900021,172,106,66
106900022,1393,5,1388
106900023,29,145,-116
106900024,644,46,598
106900025,28,383,-355
106900026,0,168,-168
106900027,931,2,929
107000001,2858,5986,-3128
107000002,1386,2368,-982
107000003,7825,6448,1377
107000004,3167,1818,1349
107000005,8089,6622,1467
107000006,3023,1353,1670
107000007,5776,9153,-3377
107000008,4093,2892,1201
107000009,10262,8557,1705
107000010,5246,4007,1239
107000011,495,707,-212
107000012,1777,1480,297
107000013,136,42,94
107000014,49,107,-58
107000015,492,344,148
107000016,928,326,602
107000017,580,2554,-1974
107000018,7,2359,-2352
107000020,628,2355,-1727
107000021,975,399,576
107000022,893,1619,-726
107000023,1655,200,1455
107000024,665,1305,-640
107000025,237,281,-44
107000026,394,313,81
107000027,1664,728,936
107000028,1289,679,610
107000029,4087,3319,768
107000030,1855,1462,393
107000031,5410,2361,3049
107000032,296,635,-339
107000033,2018,3087,-1069
107000034,4126,1010,3116
107000035,411,193,218
107000036,476,1223,-747
107000037,133,667,-534
107000038,191,145,46
107000039,1039,718,321
107000040,256,138,118
107000041,1160,672,488
107000042,456,2030,-1574
107000043,1505,962,543
107000044,323,178,145
107000045,90,200,-110
107000046,976,400,576
107000047,502,498,4
107000048,671,295,376
107000049,550,655,-105
107000050,914,443,471
107000051,199,285,-86
107000052,1079,1295,-216
107000053,391,303,88
107000054,80,185,-105
107000055,429,149,280
107000056,542,474,68
107000057,1277,144,1133
107000058,2049,2620,-571
107000059,1768,2299,-531
107000060,5302,5215,87
107000061,3663,1942,1721
107000062,6804,2922,3882
107000063,3630,2313,1317
107000064,6046,2856,3190
107000065,2511,2389,122
107000066,1798,3090,-1292
107000067,1434,1537,-103
107000068,917,1373,-456
107000069,1084,730,354
107000070,1159,10,1149
107000071,3999,71,3928
107000072,23,1071,-1048
107000073,1328,669,659
107000074,148,551,-403
107000075,2353,489,1864
107000076,312,645,-333
107000077,4074,1364,2710
107000078,1057,1404,-347
107000079,2926,999,1927
107000080,527,1493,-966
107000081,2820,544,2276
107000082,574,557,17
107000083,1602,591,1011
107000084,239,702,-463
107000085,3219,3187,32
107000086,2457,2206,251
107000087,3380,2382,998
107000088,2407,2572,-165
107000089,2103,2037,66
107000090,1165,721,444
107000091,2122,1233,889
107000092,999,678,321
107000093,1528,1111,417
107000094,884,667,217
107000095,939,518,421
107000096,533,378,155
107000097,864,245,619
107000098,370,348,22
107000099,497,357,140
107000100,267,167,100
107000101,162,229,-67
107000102,197,219,-22
107000103,334,215,119
107000104,167,256,-89
107000105,453,117,336
107000106,163,189,-26
107000107,639,98,541
107000108,132,340,-208
107000109,823,116,707
107000110,51,205,-154
107000111,524,48,476
107000112,43,120,-77
107000113,974,106,868
107000114,70,298,-228
107000115,1045,418,627
107000116,106,473,-367
107000117,222,1630,-1408
107000118,52,119,-67
107000119,1223,1774,-551
107000120,783,736,47
107000121,1018,649,369
107000122,948,541,407
107000123,637,556,81
107000124,692,345,347
107000125,1508,452,1056
107000126,1326,227,1099
107000129,224,277,-53
107000130,922,240,682
107000131,335,387,-52
107000132,596,244,352
107000133,301,323,-22
107000134,261,2,259
107000135,1,490,-489
107000136,584,7,577
107000137,6,623,-617
107000138,187,26,161
107000139,19,699,-680
107000140,1722,66,1656
107000141,97,645,-548
107000142,570,111,459
107000143,58,487,-429
107000144,666,585,81
107000145,128,278,-150
107000146,175,278,-103
107000147,4459,690,3769
107000150,305,3767,-3462
107000151,34,44,-10
107000152,1043,2274,-1231
107000153,67,214,-147
107000154,38,379,-341
107000155,1080,4,1076
107000156,1492,14,1478
107000157,45,462,-417
107000158,1312,19,1293
107000159,26,332,-306
107000160,1838,175,1663
107000161,45,324,-279
107000162,281,645,-364
107000163,144,3,141
107000164,957,1,956
107000165,1574,5,1569
107000166,14,249,-235
107000167,1031,197,834
107000168,1153,521,632
107000169,467,385,82
107000170,3460,631,2829
107000171,504,559,-55
107000172,1648,1922,-274
107000173,300,383,-83
107000174,1167,6816,-5649
107000175,2794,834,1960
107000176,0,3,-3
107000177,4,1,3
107000178,26,2,24
107000179,325,696,-371
107000180,2230,138,2092
107000181,549,513,36
107000182,2660,463,2197
107000183,210,458,-248
107000184,1620,393,1227
107000185,305,812,-507
107000186,1439,328,1111
107000187,1262,1104,158
107000188,607,447,160
107000189,698,676,22
107000190,670,603,67
107000191,1102,1067,35
107000192,1647,436,1211
107000193,382,572,-190
107000194,827,449,378
107000197,922,266,656
107000198,307,475,-168
107000199,1061,534,527
107000200,673,693,-20
107000201,452,491,-39
107000202,406,422,-16
107000203,646,1702,-1056
107000204,640,1840,-1200
107000205,952,588,364
107000206,430,1714,-1284
107000207,497,1310,-813
107000208,507,456,51
107000209,609,1080,-471
107000210,121,204,-83
107000211,3,57,-54
107000212,8,179,-171
107000213,10,28,-18
107000214,10,74,-64
107000215,565,160,405
107000216,534,250,284
107000217,162,78,84
107000219,114,292,-178
107000220,210,111,99
107000222,219,346,-127
107000224,550,64,486
107000225,152,205,-53
107000226,517,83,434
107000227,106,93,13
107000228,236,393,-157
107000229,68,113,-45
107000230,1082,325,757
107000231,470,2228,-1758
107000232,168,13,155
107000233,213,1125,-912
107000234,2,105,-103
107000235,85,23,62
107000236,7,366,-359
107000237,19,2,17
107000238,30,2,28
107000239,2156,510,1646
107000240,65,255,-190
107000243,0,33,-33
107000244,5,55,-50
107000246,4,922,-918
107000249,5,937,-932
107000251,0,238,-238
107000252,3,399,-396
107000255,190,224,-34
107000257,0,231,-231
107000258,6,148,-142
107000259,2,113,-111
107000260,2105,12,2093
107000262,2,198,-196
107000263,528,10,518
107000266,31,11,20
107000267,50,62,-12
107000268,100,45,55
107000269,61,2,59
107000270,346,75,271
107000271,5,1,4
107000272,205,0,205
107000273,8,256,-248
107000274,430,462,-32
107000275,12,1717,-1705
107000280,1272,18,1254
107000281,17,261,-244
107000282,58,354,-296
107000290,18,32,-14
107000291,35,10,25
107000292,1,228,-227
107000293,37,12,25
107000294,0,40,-40
107000295,28,3,25
107000296,0,13,-13
107000444,237,0,237
107000496,3,4,-1
107000497,907,931,-24
107000500,363,263,100
107000501,141,171,-30
107000502,176,218,-42
107000505,244,632,-388
107000506,0,1,-1
107000508,2,151,-149
107000509,161,648,-487
107000510,61,65,-4
107000514,74,407,-333
107000515,33,63,-30
107000516,648,384,264
107000518,1606,2760,-1154
107000519,1125,522,603
107000520,121,57,64
107000521,861,142,719
107000522,1410,347,1063
107900001,141,50,91
107900002,68,13,55
107900003,568,10,558
107900004,35,0,35
107900005,2268,4,2264
107900006,215,3,212
107900007,487,32,455
107900008,35,3,32
107900009,129,10,119
107900010,65,14,51
107900012,366,87,279
107900013,170,11,159
107900014,76,3,73
107900015,1432,18,1414
107900016,364,75,289
107900017,22,0,22
107900018,97,275,-178
107900019,19,14,5
107900020,26,17,9
107900021,121,27,94
107900023,4,1,3
107900024,0,4,-4
107900025,228,154,74
107900026,67,16,51
107900027,14,30,-16
107900028,195,41,154
107900030,332,55,277
107900031,137,64,73
107900032,16,5,11
107900033,22,4,18
107900034,248,18,230
107900035,1623,61,1562
107900036,93,38,55
107900037,1,5,-4
107900038,66,282,-216
107900039,44,25,19
107900040,2,221,-219
107900041,3,1,2
107900043,70,101,-31
107900044,32,7,25
107900045,141,56,85
107900046,333,187,146
107900047,52,16,36
107900048,370,32,338
107900049,205,872,-667
107900050,52,108,-56
107900051,52,25,27
107900052,4,77,-73
107900053,96,27,69
107900055,462,263,199
107900056,139,79,60
107900057,8,0,8
107900058,29,297,-268
107900060,6,26,-20
107900061,3,12,-9
107900063,84,113,-29
107900064,235,330,-95
107900065,396,19,377
107900066,45,5,40
107900067,0,0,0
107900068,108,1108,-1000
107900069,28,3232,-3204
107900070,214,109,105
107900071,24,255,-231
107900072,243,63,180
107900073,114,44,70
107900074,190,349,-159
107900076,186,18,168
107900077,169,7,162
107900079,15,19,-4
107900080,155,981,-826
107900081,81,69,12
107900082,4,3,1
107900083,476,184,292
107900084,120,114,6
107900086,52,247,-195
107900087,176,124,52
107900088,119,32,87
107900089,212,575,-363
107900090,306,1977,-1671
107900091,118,74,44
107900093,81,50,31
107900095,1208,1652,-444
107900097,44,62,-18
107900098,81,157,-76
107900100,829,1313,-484
107900101,322,51,271
107900102,43,7,36
107900103,78,85,-7
107900104,163,5,158
107900105,22,72,-50
107900106,0,339,-339
107900107,440,364,76
107900108,142,79,63
107900109,2112,39,2073
107900110,52,18,34
107900111,11,195,-184
107900112,76,612,-536
107900113,231,46,185
107900114,334,63,271
107900115,0,8,-8
107900116,239,67,172
107900117,204,77,127
107900118,27,62,-35
107900119,115,193,-78
107900120,40,49,-9
107900121,1,103,-102
107900122,1,152,-151
107900123,4,36,-32
107900124,9,65,-56
107900125,21,169,-148
107900126,26,39,-13
107900127,218,330,-112
107900128,107,67,40
107900129,112,5,107
107900130,94,8,86
107900131,97,615,-518
107900132,53,178,-125
107900133,1,25,-24
107900134,29,132,-103
107900135,7,98,-91
107900136,5,22,-17
107900137,98,117,-19
107900138,71,17,54
107900139,73,17,56
107900141,17,22,-5
107900142,18,385,-367
107900143,20,10,10
107900144,4,83,-79
107900145,7,35,-28
107900146,26,98,-72
107900147,37,36,1
107900148,163,59,104
107900149,360,71,289
107900150,22,203,-181
107900151,98,45,53
107900152,11,35,-24
107900153,65,261,-196
107900154,40,34,6
107900155,92,51,41
107900156,0,67,-67
107900157,22,27,-5
107900158,932,20,912
107900159,20,241,-221
107900160,234,97,137
107900161,40,25,15
107900162,1,30,-29
107900163,13,57,-44
107900164,33,31,2
107900165,9,143,-134
107900166,32,32,0
107900167,7,84,-77
107900168,69,7,62
107900169,7,56,-49
107900171,0,182,-182
107900172,1,79,-78
107900173,22,41,-19
107900174,206,2,204
107900175,4,77,-73
107900176,84,7,77
107900177,1,44,-43
107900178,1,42,-41
107900179,17,60,-43
107900180,328,1060,-732
107900181,211,186,25
107900182,0,196,-196
107900183,61,30,31
107900184,104,77,27
107900185,192,5,187
107900186,38,25,13
107900187,3,61,-58
107900188,238,103,135
107900189,22,71,-49
107900190,26,160,-134
107900191,71,64,7
107900193,5,55,-50
107900194,179,17,162
107900195,617,132,485
107900196,106,26,80
107900197,134,337,-203
107900199,2,275,-273
107900201,96,37,59
107900203,25,28,-3
107900204,158,165,-7
107900206,451,490,-39
107900207,13,160,-147
107900208,27,128,-101
107900209,144,92,52
107900210,15,28,-13
107900213,206,329,-123
107900214,15,37,-22
107900215,84,392,-308
107900216,47,35,12
107900217,52,57,-5
107900218,13,848,-835
107900219,18,10,8
107900220,55,183,-128
107900221,85,131,-46
107900223,152,109,43
107900224,60,351,-291
107900225,7,239,-232
107900226,30,37,-7
107900227,55,165,-110
107900228,52,61,-9
107900229,1,49,-48
107900230,32,7,25
107900231,18,46,-28
107900232,94,23,71
107900233,28,49,-21
107900234,141,98,43
107900235,4,86,-82
107900236,376,43,333
107900237,11,200,-189
107900238,56,27,29
107900239,178,485,-307
107900240,34,33,1
107900241,6,17,-11
107900242,24,52,-28
107900243,1,17,-16
107900244,408,2,406
107900245,949,32,917
107900246,252,33,219
107900248,286,93,193
107900249,1117,71,1046
107900250,7,192,-185
107900251,21,868,-847
107900252,740,52,688
107900253,233,17,216
107900254,54,108,-54
107900255,71,76,-5
107900256,264,519,-255
107900257,291,100,191
107900258,133,87,46
107900259,38,3337,-3299
107900261,1,68,-67
107900262,32,29,3
107900264,472,27,445
107900265,120,90,30
107900267,494,6,488
107900268,8,0,8
107900269,0,0,0
107900270,1,0,1
107900271,0,30,-30
107900272,27,34,-7
107900273,42,76,-34
107900274,203,0,203
107900275,48,1,47
107900276,0,42,-42
107900277,1,65,-64
107900278,483,113,370
107900279,50,77,-27
107900280,2363,1110,1253
107900281,458,5322,-4864
107900282,23,878,-855
107900283,576,840,-264
107900284,789,261,528
107900285,100,21,79
107900286,17,36,-19
107900287,394,160,234
107900290,1,393,-392
107900291,665,55,610
107900292,119,57,62
107900293,87,130,-43
107900295,66,30,36
107900297,1,192,-191
107900298,369,258,111
107900299,1297,3111,-1814
107900301,737,821,-84
107900302,124,44,80
107900303,297,96,201
107900304,509,71,438
107900305,361,18,343
107900306,7,59,-52
107900307,29,152,-123
107900308,141,168,-27
107900309,37,0,37
107900310,45,2,43
107900311,9,341,-332
107900312,50,1,49
107900313,1,144,-143
107900314,0,78,-78
107900315,0,44,-44
107900316,30,0,30
107900317,76,5,71
107900318,2,160,-158
107900319,12,63,-51
107900320,2,58,-56
107900321,212,2,210
107900322,0,38,-38
107900323,4,60,-56
107900324,108,0,108
107900325,182,1,181
107900326,380,112,268
107900327,1,180,-179
107900328,29,1,28
107900329,69,194,-125
107900330,6,74,-68
107900331,466,15,451
107900332,536,8,528
107900333,92,26,66
107900334,4,29,-25
107900335,25,17,8
107900336,18,68,-50
107900337,387,1195,-808
107900338,4,56,-52
107900339,2,12,-10
107900340,0,79,-79
107900341,72,0,72
107900342,156,100,56
107900343,41,6,35
107900344,17,23,-6
107900345,85,28,57
107900346,15,0,15
107900347,9,2,7
107900348,1,2,-1
107900349,30,6,24
107900350,6,105,-99
107900351,7,69,-62
107900352,2,8,-6
107900353,35,11,24
107900354,29,18,11
108000001,4356,3765,591
108000002,1900,1286,614
108000003,2857,3707,-850
108000004,9450,9989,-539
108000005,7709,5883,1826
108000006,3804,4025,-221
108000007,5170,5276,-106
108000008,2990,3537,-547
108000009,5467,5847,-380
108000010,2755,3047,-292
108000011,12878,11422,1456
108000012,8522,8255,267
108000014,530,1436,-906
108000015,1096,215,881
108000016,253,869,-616
108000017,1320,354,966
108000018,1979,508,1471
108000019,998,781,217
108000020,1352,438,914
108000021,248,1000,-752
108000022,320,659,-339
108000023,1747,276,1471
108000024,353,259,94
108000025,490,140,350
108000026,1248,211,1037
108000027,871,245,626
108000028,1359,128,1231
108000029,791,392,399
108000030,527,102,425
108000031,186,340,-154
108000032,2513,552,1961
108000033,618,496,122
108000034,2028,506,1522
108000035,526,990,-464
108000036,334,594,-260
108000037,2438,313,2125
108000038,3721,440,3281
108000039,397,1049,-652
108000040,2482,980,1502
108000041,431,1431,-1000
108000042,506,150,356
108000043,219,109,110
108000044,870,121,749
108000045,413,146,267
108000046,2078,299,1779
108000047,273,400,-127
108000048,118,157,-39
108000049,986,157,829
108000050,57,334,-277
108000051,461,213,248
108000052,107,289,-182
108000053,515,275,240
108000054,294,670,-376
108000055,1104,671,433
108000056,697,1287,-590
108000057,652,1538,-886
108000058,2037,4887,-2850
108000059,1753,1155,598
108000060,278,1042,-764
108000061,157,353,-196
108000062,1237,604,633
108000063,331,273,58
108000064,298,162,136
108000065,607,339,268
108000066,1255,722,533
108000067,2141,646,1495
108000068,1058,491,567
108000069,134,391,-257
108000070,2547,816,1731
108000071,432,877,-445
108000072,1949,812,1137
108000073,759,869,-110
108000074,755,369,386
108000075,296,401,-105
108000076,1169,468,701
108000077,452,328,124
108000078,2448,879,1569
108000079,528,673,-145
108000080,1790,458,1332
108000081,490,667,-177
108000082,594,1031,-437
108000083,1959,1063,896
108000084,321,542,-221
108000085,1419,646,773
108000086,463,362,101
108000087,225,2396,-2171
108000088,1102,228,874
108000089,340,254,86
108000091,186,308,-122
108000092,228,60,168
108000093,262,349,-87
108000094,822,74,748
108000095,203,196,7
108000096,507,139,368
108000097,201,214,-13
108000098,2258,930,1328
108000099,1167,216,951
108000100,241,704,-463
108000101,1659,1709,-50
108000102,1675,4048,-2373
108000106,948,3,945
108000107,1,622,-621
108000108,696,78,618
108000109,5,561,-556
108000110,453,253,200
108000111,199,389,-190
108000112,69,157,-88
108000113,272,152,120
108000115,218,274,-56
108000117,380,400,-20
108000118,339,2355,-2016
108000119,436,206,230
108000120,223,937,-714
108000121,178,203,-25
108000122,802,374,428
108000123,675,119,556
108000124,393,311,82
108000125,792,118,674
108000126,279,190,89
108000127,678,148,530
108000128,718,167,551
108000129,346,343,3
108000130,485,129,356
108000131,882,475,407
108000132,551,728,-177
108000133,1152,426,726
108000134,541,205,336
108000135,1282,565,717
108000136,208,300,-92
108000137,590,127,463
108000138,477,365,112
108000139,638,154,484
108000140,456,34,422
108000141,44,30,14
108000142,67,49,18
108000143,55,160,-105
108000144,729,75,654
108000145,73,1,72
108000146,1138,42,1096
108000147,45,5,40
108000148,850,42,808
108000149,30,10,20
108000150,71,15,56
108000151,52,52,0
108000152,125,194,-69
108000153,855,115,740
108000154,53,5,48
108000155,76,41,35
108000156,593,337,256
108000157,180,1918,-1738
108000158,120,1045,-925
108000159,225,317,-92
108000160,1260,1249,11
108000161,1202,4097,-2895
108000165,14,286,-272
108000172,2,311,-309
108000173,717,2542,-1825
108000175,972,122,850
108000178,244,267,-23
108000179,161,1024,-863
108000181,122,36,86
108000182,141,66,75
108000183,7,216,-209
108000184,552,3479,-2927
108000185,281,157,124
108000186,526,111,415
108000187,132,134,-2
108000188,851,118,733
108000189,1135,13735,-12600
108000190,20,54,-34
108000192,359,169,190
108000193,306,11,295
108000194,61,46,15
108000195,1,422,-421
108000196,113,88,25
108000198,1005,104,901
108000199,0,361,-361
108000200,503,108,395
108000203,181,185,-4
108000204,243,102,141
108000205,135,134,1
108000339,841,371,470
108000364,146,519,-373
108000365,64,197,-133
108000367,245,139,106
108000368,9,53,-44
108000369,355,138,217
108000371,4,561,-557
108000372,733,4,729
108000373,249,49,200
108000376,126,36,90
108000377,779,92,687
108000378,8746,13301,-4555
108000379,39,127,-88
108000381,153,9,144
108000382,148,20,128
108000383,2,289,-287
108900001,37,249,-212
108900002,155,87,68
108900003,187,464,-277
108900004,375,551,-176
108900007,372,132,240
108900008,196,102,94
108900009,134,82,52
108900010,388,118,270
108900011,1055,310,745
108900012,472,260,212
108900013,232,184,48
108900014,30,87,-57
108900015,0,195,-195
108900016,2,224,-222
108900017,200,458,-258
108900018,175,181,-6
108900019,23,171,-148
108900020,68,70,-2
108900021,167,123,44
108900022,142,5,137
108900023,6,60,-54
108900024,59,33,26
108900025,338,56,282
108900026,10,31,-21
108900027,1,21,-20
108900028,142,51,91
108900029,88,99,-11
108900030,1,26,-25
108900031,198,93,105
108900032,2,70,-68
108900033,0,39,-39
108900034,1,71,-70
108900035,267,317,-50
108900038,0,80,-80
108900039,0,100,-100
108900040,5,43,-38
108900041,2639,3194,-555
108900042,3,357,-354
108900043,30,172,-142
108900044,0,103,-103
108900045,108,132,-24
108900046,19,150,-131
108900047,0,315,-315
108900048,110,284,-174
108900049,887,2428,-1541
108900050,1,70,-69
108900051,1,78,-77
108900052,11,82,-71
108900053,53,354,-301
108900054,59,76,-17
108900055,15,304,-289
108900056,3,37,-34
108900057,0,55,-55
108900058,33,118,-85
108900059,862,36,826
108900060,76,196,-120
108900061,58,21,37
108900062,4,84,-80
108900063,8,64,-56
108900064,389,6,383
108900065,10,48,-38
108900066,463,80,383
108900067,6,132,-126
108900068,4,39,-35
108900069,73,25,48
108900070,28,32,-4
108900071,197,31,166
108900072,1047,408,639
108900073,29,76,-47
108900074,413,58,355
108900075,15,22,-7
108900076,524,59,465
108900077,72,160,-88
108900078,75,38,37
108900079,275,87,188
108900080,18,1055,-1037
108900081,61,194,-133
108900082,149,35,114
108900083,21,284,-263
108900085,847,97,750
108900086,227,53,174
108900087,48,142,-94
108900088,793,317,476
108900089,11,171,-160
108900090,117,42,75
108900091,131,36,95
108900092,565,238,327
108900093,82,99,-17
108900094,352,82,270
108900095,18,139,-121
108900096,173,9,164
108900097,359,71,288
108900098,859,971,-112
108900099,548,87,461
108900100,68,82,-14
108900101,226,266,-40
108900102,34,1297,-1263
108900103,146,218,-72
108900105,7,1966,-1959
108900106,543,106,437
108900108,436,10,426
108900109,676,71,605
108900110,245,159,86
108900111,530,206,324
108900113,43,75,-32
108900114,107,15,92
108900115,133,106,27
108900116,155,4,151
108900117,278,19,259
108900118,894,26,868
108900119,374,26,348
108900120,320,254,66
108900121,283,136,147
108900122,247,17,230
108900123,234,160,74
108900124,1014,264,750
108900125,866,6,860
108900126,242,52,190
108900127,302,17,285
108900128,237,69,168
108900129,1311,184,1127
108900130,597,1,596
108900131,519,10,509
108900132,676,37,639
108900133,386,36,350
108900134,967,97,870
108900135,406,21,385
108900136,35,2,33
108900137,352,7,345
108900138,1198,67,1131
108900140,636,59,577
108900141,554,6,548
108900142,107,3,104
108900143,150,0,150
108900144,126,1,125
108900145,296,34,262
108900146,94,1,93
108900147,385,0,385
108900148,91,28,63
108900150,291,6,285
108900151,58,5,53
108900152,199,37,162
108900153,299,81,218
108900154,5605,700,4905
108900156,112,10,102
108900157,26,161,-135
108900158,634,82,552
108900159,1,92,-91
108900160,19,114,-95
108900161,4,194,-190
108900162,245,1,244
108900163,6,458,-452
108900164,57,34,23
108900168,2776,2508,268
108900169,90,116,-26
108900171,1725,3486,-1761
108900172,249,67,182
108900173,70,235,-165
108900174,1435,419,1016
108900176,156,281,-125
108900177,2400,8485,-6085
108900178,1919,4899,-2980
108900180,92,280,-188
108900183,143,156,-13
108900184,543,143,400
108900185,81,228,-147
108900186,58,226,-168
108900189,485,97,388
108900190,44,1254,-1210
108900192,70,131,-61
108900195,110,82,28
108900196,53,119,-66
108900199,151,213,-62
108900200,625,301,324
108900201,384,759,-375
108900203,570,227,343
108900204,442,14,428
108900205,323,39,284
108900206,387,93,294
108900207,266,260,6
108900208,22,243,-221
108900209,189,380,-191
108900210,105,145,-40
108900211,160,777,-617
108900212,168,1922,-1754
108900215,65,310,-245
108900216,180,415,-235
108900217,35,1,34
108900218,67,11,56
108900221,50,70,-20
108900224,33,123,-90
108900225,1,157,-156
108900227,165,447,-282
108900230,73,126,-53
108900232,1,111,-110
108900233,504,129,375
108900234,263,159,104
108900235,96,183,-87
108900236,59,104,-45
108900240,117,107,10
108900241,47,46,1
108900245,3,1587,-1584
108900250,251,81,170
108900258,3,53,-50
108900259,22,10,12
108900260,8,23,-15
108900261,27,44,-17
108900262,63,99,-36
108900263,28,128,-100
108900264,169,274,-105
108900265,418,544,-126
108900266,265,1167,-902
108900267,3,263,-260
108900268,6,12,-6
108900269,145,25,120
108900270,173,14,159
108900271,60,10,50
108900272,356,29,327
108900273,250,874,-624
108900274,107,31,76
109000001,2998,2666,332
109000002,757,2366,-1609
109000003,3451,467,2984
109000004,612,1709,-1097
109000005,2538,593,1945
109000006,799,1650,-851
109000007,2175,717,1458
109000008,786,1467,-681
109000009,3751,1289,2462
109000010,942,2445,-1503
109000011,4723,2176,2547
109000012,1683,2204,-521
109000013,4921,4123,798
109000014,1763,1791,-28
109000015,3960,10830,-6870
109000016,4572,1957,2615
109000017,3554,1338,2216
109000018,1208,1585,-377
109000019,3015,1557,1458
109000020,1002,1697,-695
109000023,266,20,246
109000024,8,88,-80
109000025,345,656,-311
109000026,613,361,252
109000027,144,490,-346
109000028,156,57,99
109000029,114,442,-328
109000030,21,339,-318
109000031,231,116,115
109000032,143,409,-266
109000033,461,149,312
109000034,40,82,-42
109000035,4,46,-42
109000036,44,257,-213
109000037,377,2593,-2216
109000038,257,228,29
109000039,1102,830,272
109000040,2486,14103,-11617
109000041,1454,2467,-1013
109000042,460,1386,-926
109000044,394,97,297
109000045,57,305,-248
109000046,510,63,447
109000047,57,328,-271
109000048,551,258,293
109000049,169,381,-212
109000050,388,214,174
109000051,130,83,47
109000052,556,396,160
109000053,309,55,254
109000054,116,212,-96
109000055,207,200,7
109000056,353,183,170
109000057,787,457,330
109000058,371,94,277
109000059,257,1348,-1091
109000060,237,523,-286
109000061,394,1356,-962
109000062,125,441,-316
109000063,197,68,129
109000064,333,139,194
109000065,232,75,157
109000066,553,41,512
109000067,67,105,-38
109000068,713,2,711
109000069,600,25,575
109000070,110,1658,-1548
109000071,540,64,476
109000072,87,255,-168
109000073,115,89,26
109000074,22,128,-106
109000075,74,219,-145
109000076,139,314,-175
109000077,251,123,128
109000078,134,139,-5
109000079,94,50,44
109000080,359,77,282
109000081,155,237,-82
109000082,1179,115,1064
109000083,357,306,51
109000088,219,232,-13
109000089,283,57,226
109000090,153,247,-94
109000091,425,131,294
109000092,305,263,42
109000093,375,165,210
109000094,1022,3,1019
109000095,168,223,-55
109000096,1069,210,859
109000097,70,100,-30
109000098,51,117,-66
109000099,728,156,572
109000100,382,562,-180
109000101,1732,357,1375
109000102,576,447,129
109000103,799,372,427
109000104,2391,404,1987
109000105,535,629,-94
109000106,2040,527,1513
109000107,528,939,-411
109000108,2405,543,1862
109000109,435,782,-347
109000110,1503,496,1007
109000111,703,1593,-890
109000112,246,60,186
109000113,286,94,192
109000114,153,238,-85
109000115,946,73,873
109000116,15,214,-199
109000117,300,23,277
109000118,11,185,-174
109000119,1587,95,1492
109000120,301,215,86
109000121,722,18,704
109000122,162,151,11
109000123,54,43,11
109000124,1003,167,836
109000125,1007,225,782
109000126,528,283,245
109000127,1364,150,1214
109000128,648,563,85
109000129,3037,523,2514
109000130,302,571,-269
109000131,874,682,192
109000132,410,866,-456
109000133,240,511,-271
109000134,597,715,-118
109000135,654,827,-173
109000136,188,175,13
109000137,458,331,127
109000138,604,118,486
109000139,720,204,516
109000140,250,114,136
109000141,671,218,453
109000142,150,365,-215
109000143,67,87,-20
109000145,103,434,-331
109000146,77,71,6
109000148,1226,1398,-172
109000149,16,110,-94
109000150,100,378,-278
109000155,1103,684,419
109000156,762,246,516
109000158,94,154,-60
109000159,57,243,-186
109000160,1338,109,1229
109000161,528,534,-6
109000162,2319,370,1949
109000163,1395,946,449
109000164,1621,1583,38
109000165,1567,381,1186
109000166,1199,55,1144
109000167,142,250,-108
109000170,41,32,9
109000171,150,41,109
109000172,8,51,-43
109000173,34,119,-85
109000174,227,25,202
109000175,46,37,9
109000176,595,120,475
109000177,34,47,-13
109000178,1018,183,835
109000179,1958,5564,-3606
109000180,2649,2940,-291
109000181,20,14,6
109000182,82,11,71
109000183,76,14,62
109000184,56,13,43
109000185,54,30,24
109000188,371,743,-372
109000189,2585,373,2212
109000190,810,341,469
109000191,427,342,85
109000192,565,82,483
109000193,296,73,223
109000194,379,35,344
109000195,161,63,98
109000196,299,60,239
109000197,145,192,-47
109000198,374,21,353
109000199,167,223,-56
109000206,266,24,242
109000207,256,37,219
109000208,127,125,2
109000209,178,97,81
109000210,109,280,-171
109000211,868,285,583
109000214,476,146,330
109000215,166,52,114
109000216,412,326,86
109000217,78,103,-25
109000218,231,172,59
109000221,228,635,-407
109000222,700,229,471
109000223,481,376,105
109000224,82,44,38
109000225,213,27,186
109000226,64,162,-98
109000227,1576,366,1210
109000228,6,2517,-2511
109000231,2,97,-95
109000232,604,126,478
109000236,226,441,-215
109000241,1903,1045,858
109000242,1437,651,786
109000293,27,47,-20
109000361,106,155,-49
109000364,103,220,-117
109000396,2,250,-248
109000397,821,9,812
109000399,106,262,-156
109000400,128,119,9
109000403,27,967,-940
109000406,501,5,496
109000407,297,129,168
109000408,1,288,-287
109000410,951,155,796
109000411,340,25,315
109900001,168,2,166
109900002,906,19,887
109900003,500,0,500
109900004,325,35,290
109900005,33,1,32
109900006,506,158,348
109900007,1291,179,1112
109900008,0,15,-15
109900009,94,163,-69
109900010,676,10,666
109900011,64,46,18
109900012,298,169,129
109900013,350,134,216
109900014,468,60,408
109900015,137,120,17
109900016,190,5,185
109900017,171,342,-171
109900018,236,33,203
109900019,334,19,315
109900020,52,31,21
109900021,16,8,8
109900022,174,202,-28
109900023,29,4,25
109900024,19,2,17
109900025,38,18,20
109900026,2,119,-117
109900027,43,32,11
109900028,337,1741,-1404
109900029,3,118,-115
109900030,42,6,36
109900031,0,176,-176
109900032,10,188,-178
109900033,1,342,-341
109900034,49,3,46
109900035,20,28,-8
109900036,19,11,8
109900037,13,305,-292
109900038,127,170,-43
109900039,16,0,16
109900040,35,262,-227
109900041,48,128,-80
109900042,7,474,-467
109900044,102,95,7
109900045,97,136,-39
109900046,114,54,60
109900047,128,173,-45
109900048,1,31,-30
109900049,17,11,6
109900050,0,88,-88
109900051,1,9,-8
109900052,39,84,-45
109900053,0,61,-61
109900054,1052,112,940
109900055,79,118,-39
109900056,21,426,-405
109900057,4,76,-72
109900058,0,40,-40
109900059,1277,84,1193
109900060,920,65,855
109900061,25,174,-149
109900062,0,37,-37
109900063,6,221,-215
109900064,738,152,586
109900065,52,103,-51
109900066,260,287,-27
109900067,0,71,-71
109900068,79,5,74
109900069,27,10,17
109900070,26,153,-127
109900071,4,10,-6
109900072,4,73,-69
109900073,409,74,335
109900074,24,17,7
109900075,41,15,26
109900076,8,93,-85
109900077,33,30,3
109900078,44,195,-151
109900080,92,105,-13
109900081,29,224,-195
109900082,46,130,-84
109900083,18,25,-7
109900084,62,88,-26
109900085,74,220,-146
109900086,120,687,-567
109900087,81,316,-235
109900089,950,235,715
109900090,207,441,-234
109900091,418,46,372
109900092,225,21,204
109900093,1326,140,1186
109900094,193,61,132
109900095,40,127,-87
109900096,110,8,102
109900097,146,4,142
109900098,795,17,778
109900099,439,2,437
109900100,74,0,74
109900101,730,20,710
109900102,549,35,514
109900103,36,19,17
109900104,1157,171,986
109900105,656,27,629
109900106,392,23,369
109900107,659,25,634
109900108,199,85,114
109900109,32,49,-17
109900110,68,121,-53
109900111,101,188,-87
109900112,146,175,-29
109900113,936,518,418
109900114,639,1106,-467
109900115,178,63,115
109900117,1241,54,1187
109900118,60,172,-112
109900119,318,259,59
109900120,43,23,20
109900121,262,326,-64
109900122,802,4,798
109900123,24,43,-19
109900124,42,166,-124
109900125,0,123,-123
109900126,385,14,371
109900128,395,11,384
109900130,2122,3020,-898
109900131,17,97,-80
109900132,22,113,-91
109900133,106,147,-41
109900134,27,85,-58
109900135,187,23,164
109900136,32,70,-38
109900137,198,109,89
109900140,250,29,221
109900142,1532,148,1384
109900145,3,507,-504
109900146,223,50,173
109900148,45,70,-25
109900149,41,46,-5
109900150,14,50,-36
109900151,15,22,-7
109900152,1,28,-27
109900153,0,60,-60
109900154,36,0,36
109900155,104,24,80
109900157,58,127,-69
109900158,48,169,-121
109900159,223,30,193
109900160,128,54,74
109900161,349,98,251
109900162,250,194,56
109900163,228,118,110
109900164,42,210,-168
109900165,333,6,327
109900166,1,69,-68
109900167,187,174,13
109900168,281,336,-55
109900169,198,71,127
109900170,181,1320,-1139
109900171,226,71,155
109900172,237,323,-86
109900173,827,2708,-1881
109900174,36,82,-46
109900175,120,47,73
109900176,109,113,-4
109900177,51,62,-11
109900178,6,154,-148
109900179,18,14,4
109900180,15,11,4
110000001,591,415,176
110000002,550,695,-145
110000003,614,714,-100
110000004,419,613,-194
110000005,268,1802,-1534
110000006,240,265,-25
110000007,105,83,22
110000008,14,91,-77
110000009,41,28,13
110000010,49,90,-41
110000011,42,47,-5
110000012,638,166,472
110000013,59,896,-837
110000014,532,344,188
110000015,199,566,-367
110000016,194,1671,-1477
110000017,2504,220,2284
110000018,1761,224,1537
110000019,9,85,-76
110000020,513,201,312
110000021,196,345,-149
110000022,940,142,798
110000023,6,117,-111
110000024,463,251,212
110000025,538,6,532
110000026,6,190,-184
110000027,495,1153,-658
110000028,1030,452,578
110000029,518,650,-132
110000030,332,285,47
110000031,311,265,46
110000032,845,259,586
110000033,175,193,-18
110000034,431,306,125
110000035,579,357,222
110000036,1080,291,789
110000037,236,235,1
110000038,189,549,-360
110000039,928,4651,-3723
110000040,242,155,87
110000041,250,2048,-1798
110000042,83,333,-250
110000043,664,318,346
110000044,17,417,-400
110000045,82,99,-17
110000046,4,109,-105
110000047,20,107,-87
110000048,4,41,-37
110000049,29,19,10
110000050,4,63,-59
110000051,19,11,8
110000052,56,40,16
110000053,32,10,22
110000054,136,691,-555
110000055,124,49,75
110000056,88,124,-36
110000057,303,473,-170
110000058,797,336,461
110000059,841,376,465
110000060,1139,737,402
110000061,488,538,-50
110000062,673,802,-129
110000063,101,200,-99
110000064,120,52,68
110000065,100,106,-6
110000066,81,27,54
110000067,60,151,-91
110000068,302,70,232
110000069,378,41,337
110000071,344,24,320
110000073,43,4,39
110000075,24,57,-33
110000076,308,303,5
110000077,228,758,-530
110000078,56,10,46
110000080,255,434,-179
110000081,55,170,-115
110000082,43,288,-245
110000083,250,325,-75
110000084,1365,989,376
110000085,747,1184,-437
110000086,970,2588,-1618
110000087,15,33,-18
110000088,97,198,-101
110000089,389,35,354
110000090,47,130,-83
110000091,697,125,572
110000092,30,25,5
110000093,69,25,44
110000094,403,123,280
110000095,168,758,-590
110000096,1136,1813,-677
110000097,948,1817,-869
110000098,1825,683,1142
110000099,692,1354,-662
110000100,1370,161,1209
110000101,30,90,-60
110000102,144,33,111
110000104,461,211,250
110000105,58,123,-65
110000106,545,574,-29
110000107,201,231,-30
110000108,138,95,43
110000109,150,197,-47
110000110,1334,3330,-1996
110000111,2863,3121,-258
110000112,197,1113,-916
110000113,76,2416,-2340
110000114,321,612,-291
110000115,461,225,236
110000116,74,44,30
110000117,357,163,194
110000118,515,132,383
110000119,278,143,135
110000120,327,126,201
110000121,44,254,-210
110000122,281,298,-17
110000123,632,550,82
110000124,0,563,-563
110000125,1237,4,1233
110000126,336,26,310
110000127,1354,89,1265
110000128,46,447,-401
110000129,4,264,-260
110000130,358,293,65
110000131,97,242,-145
110000132,2,288,-286
110000133,37,368,-331
110000134,18,301,-283
110000135,252,17,235
110000136,141,205,-64
110000137,789,289,500
110000138,928,452,476
110000139,1121,319,802
110000140,892,789,103
110000143,393,286,107
110000144,2289,2213,76
110000145,1430,1460,-30
110000146,986,542,444
110000147,437,579,-142
110000148,729,158,571
110000151,612,1426,-814
110000152,547,596,-49
110000153,151,6,145
110000154,14,20,-6
110000155,431,3219,-2788
110000156,803,2345,-1542
110000157,1204,2339,-1135
110000160,340,325,15
110000161,168,135,33
110000166,711,41,670
110000167,990,561,429
110000168,854,592,262
110000169,863,328,535
110000170,220,52,168
110000171,666,106,560
110000172,242,414,-172
110000173,594,640,-46
110000174,105,462,-357
110000175,948,25,923
110000176,36,530,-494
110000177,213,1246,-1033
110000178,421,2221,-1800
110000179,672,189,483
110000180,221,129,92
110000181,916,390,526
110000182,227,69,158
110000183,4562,7378,-2816
110000184,266,2535,-2269
110000185,432,659,-227
110000186,628,731,-103
110000191,1678,180,1498
110000192,595,15,580
110000193,1414,17,1397
110000194,9,435,-426
110000195,676,132,544
110000196,492,55,437
110000197,131,64,67
110000198,62,37,25
110000199,51,75,-24
110000200,569,210,359
110000201,865,1151,-286
110000202,1053,516,537
110000203,371,358,13
110000204,9,163,-154
110000205,297,45,252
110000206,413,471,-58
110000207,1338,235,1103
110000208,192,245,-53
110000209,53,405,-352
110000210,1761,319,1442
110000211,839,436,403
110000212,464,1157,-693
110000213,351,68,283
110000214,403,35,368
110000215,180,126,54
110000216,136,94,42
110000217,455,78,377
110000218,241,108,133
110000219,603,17,586
110000220,58,133,-75
110000221,485,23,462
110000222,73,240,-167
110000223,9,174,-165
110000224,5,8,-3
110000225,197,635,-438
110000226,336,49,287
110000227,673,851,-178
110000228,337,93,244
110000229,0,61,-61
110000230,516,503,13
110000231,234,214,20
110000232,139,140,-1
110000233,169,172,-3
110000234,374,772,-398
110000235,812,743,69
110000236,675,336,339
110000237,2338,1058,1280
110000238,1011,902,109
110000239,2062,749,1313
110000240,0,16,-16
110000242,0,9,-9
110000243,196,35,161
110000244,103,246,-143
110000245,20,209,-189
110000246,711,246,465
110000247,770,3007,-2237
110000248,1012,1220,-208
110000249,71,3,68
110000250,12,137,-125
110000251,459,253,206
110000252,299,108,191
110000253,1485,361,1124
110000254,411,512,-101
110000255,113,525,-412
110000256,382,142,240
110000257,483,271,212
110000258,0,264,-264
110000259,207,12,195
110000260,20,72,-52
110000263,405,67,338
110000264,500,167,333
110000265,1225,1635,-410
110000266,936,2061,-1125
110000267,22,111,-89
110000268,216,252,-36
110000269,2,34,-32
110000270,136,5,131
110000271,1202,146,1056
110000272,1195,871,324
110000273,1288,947,341
110000274,146,2109,-1963
110000275,1144,429,715
110000276,310,466,-156
110000277,355,200,155
110000278,264,535,-271
110000279,798,501,297
110000280,677,425,252
110000281,74,209,-135
110000282,175,14,161
110000283,52,46,6
110000284,19,13,6
110000285,6,536,-530
110000286,5,0,5
110000287,119,0,119
110000288,2,45,-43
110000289,516,2731,-2215
110000290,377,512,-135
110000291,2999,785,2214
110000292,850,5526,-4676
110000293,572,396,176
110000294,1429,1036,393
110000295,158,483,-325
110000296,557,175,382
110000297,2039,198,1841
110000298,93,442,-349
110000299,82,58,24
110000301,255,21,234
110000302,473,430,43
110000303,439,10,429
110000304,172,135,37
110000305,1363,13,1350
110000306,209,813,-604
110000307,1786,6,1780
110000308,516,4,512
110000309,3,492,-489
110000310,969,31,938
110000311,12,426,-414
110000312,392,91,301
110000313,1429,2159,-730
110000314,0,178,-178
110000315,1438,1821,-383
110000316,477,917,-440
110000317,84,752,-668
110000318,6,48,-42
110000319,8,15,-7
110000320,82,49,33
110000321,33,41,-8
110000322,238,170,68
110000323,614,74,540
110000324,2276,1355,921
110000325,1278,3488,-2210
110000327,277,254,23
110000328,183,273,-90
110000333,857,830,27
110000334,406,989,-583
110000335,728,362,366
110000336,676,727,-51
110000337,1895,478,1417
110000338,525,190,335
110000339,354,169,185
110000340,6,94,-88
110000341,584,282,302
110000342,92,3,89
110000343,0,12,-12
110000344,57,97,-40
110000345,73,158,-85
110000346,1118,1569,-451
110000347,1378,526,852
110000348,32,5,27
110000349,8,5,3
110000350,84,4,80
110000351,1302,441,861
110000352,838,1531,-693
110000353,2106,366,1740
110000354,986,3716,-2730
110000355,98,37,61
110000356,504,13,491
110000357,582,8,574
110000361,20,8,12
110000362,72,2,70
110000363,819,72,747
110000364,289,159,130
110000365,132,0,132
110000366,1,104,-103
110000367,459,102,357
110000368,14,59,-45
110000369,62,4,58
110000373,1,172,-171
110000374,108,40,68
110000375,82,846,-764
110000376,15,67,-52
110000377,80,407,-327
110000378,20,383,-363
110000379,1568,2247,-679
110000380,84,6,78
110000383,1,974,-973
110000384,572,438,134
110000385,0,217,-217
110000387,65,1,64
110000388,43,110,-67
110000389,1221,2,1219
110000391,955,120,835
110000396,207,59,148
110000397,154,24,130
110000398,3,24,-21
110000399,184,0,184
110000587,130,41,89
110000589,211,85,126
110000640,173,15,158
110000652,7,400,-393
110000653,290,232,58
110000654,18,993,-975
110000656,0,129,-129
110000674,34,8,26
110000675,13,9,4
110000676,1,31,-30
110000679,107,943,-836
110000682,86,240,-154
110000683,202,427,-225
110000684,1,12,-11
110000685,11,16,-5
110000686,1,41,-40
110000687,23,0,23
110000688,40,1379,-1339
110000689,67,23,44
110000692,15,96,-81
110000693,38,306,-268
110000694,1,90,-89
110000695,83,392,-309
110000696,51,64,-13
110900001,300,21,279
110900002,282,417,-135
110900003,1024,168,856
110900004,592,44,548
110900005,1104,3735,-2631
110900006,89,39,50
110900007,192,43,149
110900008,4,21,-17
110900009,367,217,150
110900010,13,25,-12
110900011,15,88,-73
110900012,13,35,-22
110900013,1195,91,1104
110900014,240,19,221
110900015,299,630,-331
110900016,93,42,51
110900017,663,23,640
110900018,387,29,358
110900019,344,13,331
110900020,172,101,71
110900021,95,216,-121
110900022,61,68,-7
110900023,34,383,-349
110900024,35,132,-97
110900025,12,73,-61
110900027,30,125,-95
110900028,20,62,-42
110900029,13,104,-91
110900030,22,58,-36
110900031,1,98,-97
110900032,0,31,-31
110900033,41,135,-94
110900035,12,450,-438
110900036,127,8,119
110900037,90,11,79
110900038,435,173,262
110900039,4,270,-266
110900040,321,16,305
110900041,46,37,9
110900042,119,81,38
110900043,4,37,-33
110900044,181,14,167
110900045,88,105,-17
110900046,17,102,-85
110900047,191,298,-107
110900049,153,84,69
110900050,58,2,56
110900051,34,135,-101
110900052,2,42,-40
110900053,106,7,99
110900054,20,68,-48
110900055,16,2,14
110900056,18,123,-105
110900057,3,48,-45
110900058,299,76,223
110900059,384,128,256
110900060,378,127,251
110900061,3,42,-39
110900062,122,61,61
110900063,25,51,-26
110900064,17,0,17
110900065,72,78,-6
110900066,4,13,-9
110900067,104,621,-517
110900068,251,129,122
110900069,4,2,2
110900070,138,30,108
110900071,149,851,-702
110900073,2,9,-7
110900074,525,70,455
110900075,476,28,448
110900077,1245,390,855
110900078,73,11,62
110900079,1082,1416,-334
110900080,220,36,184
110900081,5,12,-7
110900082,163,42,121
110900083,137,40,97
110900084,113,22,91
110900085,34,110,-76
110900086,63,329,-266
110900087,420,74,346
110900088,16,2,14
110900090,75,72,3
110900091,1,17,-16
110900093,252,64,188
110900095,72,50,22
110900097,19,10,9
110900098,14,69,-55
110900099,16,208,-192
110900100,0,9,-9
110900102,52,11,41
110900105,653,101,552
110900108,10,9,1
110900111,287,62,225
110900112,743,9,734
110900113,202,68,134
110900115,2,39,-37
110900116,1219,482,737
110900118,56,3898,-3842
110900119,1061,125,936
110900120,50,41,9
110900121,133,1,132
110900122,743,161,582
110900125,442,505,-63
110900127,280,1274,-994
110900128,226,521,-295
110900129,193,1118,-925
110900130,447,694,-247
110900131,327,23,304
110900132,487,50,437
110900133,26,72,-46
110900135,56,158,-102
110900136,374,2,372
110900139,4,0,4
110900140,1,0,1
110900141,230,237,-7
110900142,50,68,-18
110900143,183,50,133
110900144,0,162,-162
110900145,161,97,64
110900146,174,318,-144
110900147,55,229,-174
110900148,1,152,-151
110900149,7,66,-59
110900150,39,11,28
110900151,3,55,-52
110900152,46,34,12
110900153,335,44,291
111000001,1030,555,475
111000002,848,390,458
111000003,1957,1026,931
111000004,526,652,-126
111000005,1040,1707,-667
111000006,868,1882,-1014
111000007,3909,4147,-238
111000008,2394,2687,-293
111000009,342,631,-289
111000010,989,240,749
111000011,213,811,-598
111000012,404,376,28
111000013,337,930,-593
111000014,1558,385,1173
111000017,119,798,-679
111000018,166,308,-142
111000020,463,1264,-801
111000021,29,81,-52
111000023,98,40,58
111000025,4819,3526,1293
111000029,108,80,28
111000030,42,108,-66
111000031,1660,668,992
111000032,647,269,378
111000033,242,136,106
111000034,52,222,-170
111000037,1057,388,669
111000038,1945,1680,265
111000039,1723,1701,22
111000040,1573,1243,330
111000041,555,533,22
111000042,1616,1743,-127
111000043,2307,4663,-2356
111000044,2007,863,1144
111000045,3478,2630,848
111000046,2660,2222,438
111000047,3155,6193,-3038
111000049,362,322,40
111000050,838,634,204
111000051,510,635,-125
111000052,440,1015,-575
111000053,259,549,-290
111000054,276,596,-320
111000055,1674,1158,516
111000056,242,204,38
111000057,161,385,-224
111000058,855,77,778
111000059,729,204,525
111000060,4497,806,3691
111000061,1007,268,739
111000062,1204,408,796
111000063,1494,1029,465
111000064,1133,500,633
111000065,1410,689,721
111000066,735,349,386
111000067,920,373,547
111000068,683,589,94
111000069,1404,1383,21
111000070,772,502,270
111000071,160,373,-213
111000072,1454,748,706
111000073,341,1149,-808
111000074,1640,1406,234
111000075,741,517,224
111000076,760,404,356
111000077,1175,1163,12
111000078,1829,824,1005
111000079,893,533,360
111000080,653,405,248
111000081,1626,4430,-2804
111000082,1109,433,676
111000084,1034,393,641
111000085,1044,844,200
111000086,1618,787,831
111000087,762,380,382
111000088,3416,3204,212
111000089,711,551,160
111000090,559,888,-329
111000091,709,280,429
111000092,1907,551,1356
111000093,805,1052,-247
111000094,1851,1137,714
111000095,821,2792,-1971
111000096,718,7880,-7162
111000097,2973,1070,1903
111000098,389,699,-310
111000099,407,1086,-679
111000100,381,685,-304
111000101,317,521,-204
111000102,188,324,-136
111000104,762,81,681
111000107,109,315,-206
111000109,610,148,462
111000110,1552,474,1078
111000111,3966,270,3696
111000112,2649,388,2261
111000113,933,2110,-1177
111000114,1373,4300,-2927
111000115,2897,845,2052
111000116,815,612,203
111000117,278,692,-414
111000118,774,557,217
111000119,1461,631,830
111000120,790,496,294
111000121,295,660,-365
111000122,619,700,-81
111000123,1172,1178,-6
111000124,542,1112,-570
111000125,289,499,-210
111000126,155,335,-180
111000127,1433,100,1333
111000128,3253,210,3043
111000129,3516,439,3077
111000130,2825,361,2464
111000131,3000,422,2578
111000132,2419,1369,1050
111000133,283,63,220
111000134,205,96,109
111000135,68,118,-50
111000136,454,250,204
111000138,29,13,16
111000140,1,0,1
111000141,135,438,-303
111000142,13,313,-300
111000143,10,515,-505
111000144,135,3047,-2912
111000145,141,18,123
111000146,100,35,65
111000147,124,46,78
111000148,116,107,9
111000149,11,6,5
111000150,49,20,29
111000151,1,4,-3
111000153,503,441,62
111000154,340,172,168
111000155,178,134,44
111000156,765,432,333
111000157,202,820,-618
111000158,790,920,-130
111000159,3854,1120,2734
111000160,498,408,90
111000161,9,610,-601
111000162,12,115,-103
111000163,1085,730,355
111000164,461,2453,-1992
111000165,523,266,257
111000166,428,133,295
111000167,120,219,-99
111000168,254,303,-49
111000169,317,340,-23
111000170,244,235,9
111000171,457,412,45
111000172,297,188,109
111000173,328,490,-162
111000174,301,131,170
111000175,44,167,-123
111000176,430,38,392
111000177,754,105,649
111000178,2285,155,2130
111000179,406,80,326
111000180,413,437,-24
111000181,1926,123,1803
111000182,262,126,136
111000183,215,177,38
111000184,349,136,213
111000185,371,191,180
111000186,266,92,174
111000187,257,82,175
111000188,428,239,189
111000189,393,416,-23
111000190,153,197,-44
111000191,147,121,26
111000192,134,202,-68
111000193,316,130,186
111000194,91,211,-120
111000195,136,162,-26
111000196,78,108,-30
111000197,779,131,648
111000198,767,103,664
111000199,375,148,227
111000200,715,266,449
111000201,959,112,847
111000202,464,150,314
111000203,522,293,229
111000204,325,1760,-1435
111000213,210,415,-205
111000214,1373,753,620
111000215,1288,835,453
111000217,2106,762,1344
111000218,2097,873,1224
111000219,212,147,65
111000220,575,585,-10
111000221,295,56,239
111000224,25,128,-103
111000225,561,320,241
111000226,74,6,68
111000227,12,0,12
111000228,5,733,-728
111000229,32,1445,-1413
111000230,139,131,8
111000231,1123,221,902
111000232,933,367,566
111000233,1594,468,1126
111000234,205,630,-425
111000239,74,27,47
111000240,70,332,-262
111000241,60,125,-65
111000242,339,61,278
111000243,121,174,-53
111000244,862,36,826
111000245,1160,132,1028
111000246,681,137,544
111000247,736,260,476
111000248,690,277,413
111000249,533,162,371
111000250,74,33,41
111000251,52,33,19
111000253,39,23,16
111000255,70,10,60
111000257,105,6,99
111000260,33,605,-572
111000261,1498,39,1459
111000271,28,227,-199
111000273,2438,925,1513
111000274,1702,2717,-1015
111000275,180,39,141
111000276,289,735,-446
111000277,211,169,42
111000278,453,149,304
111000291,1222,11991,-10769
111000298,493,196,297
111000299,730,171,559
111000300,41,435,-394
111000302,320,62,258
111000303,159,63,96
111000312,28,70,-42
111000315,1,71,-70
111000320,118,280,-162
111000321,563,166,397
111000322,357,165,192
111000323,446,20,426
111000324,413,122,291
111000325,35,35,0
111000326,181,176,5
111000327,357,254,103
111000328,362,464,-102
111000329,0,24,-24
111000330,100,20,80
111000331,24,7,17
111000332,612,835,-223
111000334,238,546,-308
111000335,1392,148,1244
111000337,1857,138,1719
111000338,70,37,33
111000339,882,83,799
111000340,115,278,-163
111000341,1583,613,970
111000342,37,984,-947
111000344,1218,544,674
111000345,74,95,-21
111000346,40,384,-344
111000347,164,7,157
111000350,252,63,189
111000351,120,234,-114
111000352,193,65,128
111000353,155,114,41
111000354,504,131,373
111000355,275,305,-30
111000358,116,392,-276
111000360,238,147,91
111000361,187,78,109
111000546,710,216,494
111000547,363,190,173
111000548,159,239,-80
111000549,300,135,165
111000550,21,786,-765
111000551,364,163,201
111000552,378,163,215
111000907,817,24,793
111000908,114,0,114
111000916,2308,142,2166
111000917,41,308,-267
111000918,266,224,42
111000920,772,5,767
111000921,12,67,-55
111000922,688,155,533
111000924,44,239,-195
111000925,4520,2124,2396
111000926,1151,965,186
111000927,2701,4556,-1855
111000928,3071,1640,1431
111000929,2101,1250,851
111000930,843,1202,-359
111000931,2269,2638,-369
111000932,2387,1136,1251
111000933,3501,3342,159
111000934,1600,1954,-354
111000935,2894,994,1900
111000936,1202,1272,-70
111000937,1451,1261,190
111000938,1230,755,475
111000939,761,28,733
111000940,683,31,652
111000941,333,167,166
111000943,800,317,483
111000944,169,132,37
111000945,211,587,-376
111001109,534,759,-225
111001110,234,313,-79
111001111,109,12,97
111001112,87,34,53
111001113,2,175,-173
111001114,471,271,200
111001115,17,1515,-1498
111001116,1615,4910,-3295
111001117,296,2458,-2162
111001120,121,136,-15
111001121,125,131,-6
111001122,293,141,152
111001123,453,107,346
111001124,135,46,89
111001125,7,297,-290
111001126,13,3,10
111900001,3,28,-25
111900002,7,133,-126
111900003,1,95,-94
111900004,10,32,-22
111900006,16,69,-53
111900007,277,5,272
111900008,410,2,408
111900009,222,3,219
111900010,97,258,-161
111900012,28,45,-17
111900013,0,14,-14
111900014,1785,6584,-4799
111900015,1,10,-9
111900016,1,11,-10
111900017,0,20,-20
111900018,236,3,233
111900019,0,93,-93
111900020,3,29,-26
111900021,12,28,-16
111900022,5,19,-14
111900023,55,25,30
111900024,102,32,70
111900025,0,16,-16
111900026,0,19,-19
111900027,5,35,-30
111900028,2,81,-79
111900029,5,11,-6
111900030,14,162,-148
111900031,4,16,-12
111900032,0,65,-65
111900033,6,50,-44
111900034,66,257,-191
111900035,76,76,0
111900036,0,69,-69
111900038,97,336,-239
111900039,33,124,-91
111900040,1,132,-131
111900042,7,51,-44
111900043,1,77,-76
111900044,71,143,-72
111900046,10,45,-35
111900048,509,214,295
111900049,10,93,-83
111900050,76,18,58
111900051,0,96,-96
111900052,92,196,-104
111900053,369,2304,-1935
111900054,152,4,148
111900055,2,169,-167
111900056,60,382,-322
111900057,175,8,167
111900058,850,174,676
111900059,1097,917,180
111900060,263,9,254
111900061,4,69,-65
111900062,39,66,-27
111900063,304,336,-32
111900064,60,95,-35
111900065,120,9,111
111900066,208,183,25
111900067,3,233,-230
111900068,45,77,-32
111900069,80,20,60
111900070,341,53,288
111900071,0,84,-84
111900072,84,39,45
111900073,1373,244,1129
111900074,8,127,-119
111900075,137,14,123
111900076,349,100,249
111900077,59,7,52
111900078,543,50,493
111900079,63,52,11
111900080,123,183,-60
111900082,228,67,161
111900083,276,27,249
111900084,225,7,218
111900085,24,95,-71
111900086,115,15,100
111900087,123,1,122
111900088,837,13,824
111900089,166,16,150
111900090,56,59,-3
111900091,649,6,643
111900092,247,6,241
111900093,602,7,595
111900094,156,1,155
111900095,375,34,341
111900096,450,4,446
111900097,155,1,154
111900098,411,6,405
111900099,99,0,99
111900100,222,6,216
111900101,100,36,64
111900102,759,170,589
111900103,45,45,0
111900104,154,38,116
111900105,248,226,22
111900106,249,12,237
111900110,938,189,749
111900111,210,17,193
111900112,379,4653,-4274
111900113,221,92,129
111900118,436,81,355
111900119,361,174,187
111900122,85,107,-22
111900123,16,23,-7
111900124,20,17,3
111900125,561,65,496
111900126,375,1,374
111900127,1,150,-149
111900128,2,144,-142
111900129,270,6,264
111900130,260,68,192
111900131,824,3,821
111900132,17,294,-277
111900133,3,138,-135
111900134,1,93,-92
111900135,17,43,-26
111900136,56,148,-92
111900137,15,38,-23
111900138,10,38,-28
111900139,9,39,-30
111900140,134,26,108
111900141,103,5,98
111900142,68,20,48
111900143,38,53,-15
111900144,0,15,-15
111900145,0,103,-103
111900146,2,43,-41
111900147,26,170,-144
111900148,9,268,-259
111900149,7,95,-88
111900150,17,71,-54
111900151,1,30,-29
111900152,73,80,-7
111900153,417,852,-435
111900154,29,706,-677
111900155,106,145,-39
111900156,116,57,59
111900157,344,24,320
111900158,930,115,815
111900159,471,69,402
111900160,463,2,461
111900161,389,0,389
111900162,108,275,-167
111900163,27,119,-92
111900164,120,38,82
111901113,679,45,634
111901114,233,62,171
111901115,164,2,162
111901116,54,0,54
111901117,39,65,-26
111901118,29,342,-313
111901119,279,63,216
111901121,25,50,-25
111901122,2,100,-98
111901123,396,81,315
111901124,418,3,415
111901125,839,189,650
111901127,141,1297,-1156
111901128,16,59,-43
111901129,1,60,-59
111901130,3,43,-40
111901131,0,151,-151
111901132,54,30,24
111901133,80,0,80
111901134,197,6,191
111901135,75,11,64
111901136,3,38,-35
111901138,37,22,15
111901139,5,6,-1
111901140,2,26,-24
111901141,3,37,-34
111901142,0,25,-25
111901143,0,49,-49
111901144,62,35,27
111901145,69,349,-280
111901146,54,5,49
111901147,94,210,-116
111901148,22,78,-56
111901149,10,4,6
112000001,2444,682,1762
112000002,792,1438,-646
112000003,2705,1049,1656
112000004,826,270,556
112000005,4205,4079,126
112000006,849,630,219
112000007,5322,3485,1837
112000008,3581,4557,-976
112000009,2577,1337,1240
112000010,3955,5492,-1537
112000011,1595,989,606
112000012,3934,6478,-2544
112000013,1833,3242,-1409
112000014,1258,3905,-2647
112000015,1587,3232,-1645
112000016,2021,2965,-944
112000017,473,3767,-3294
112000024,910,424,486
112000026,1665,1563,102
112000027,723,592,131
112000028,658,788,-130
112000029,701,864,-163
112000030,139,29,110
112000031,1455,4633,-3178
112000032,128,22,106
112000033,1308,3709,-2401
112000034,112,32,80
112000035,51,820,-769
112000036,222,1351,-1129
112000037,592,804,-212
112000038,980,1570,-590
112000039,91,42,49
112000040,39,130,-91
112000041,306,353,-47
112000042,617,272,345
112000050,1390,988,402
112000051,1332,2428,-1096
112000054,1220,1398,-178
112000057,676,223,453
112000058,158,377,-219
112000059,392,737,-345
112000061,2035,920,1115
112000062,541,1223,-682
112000063,264,3622,-3358
112000064,2382,2734,-352
112000065,884,2059,-1175
112000066,2930,1580,1350
112000067,459,455,4
112000068,3811,3513,298
112000069,500,1550,-1050
112000070,1971,954,1017
112000071,991,1436,-445
112000072,2757,882,1875
112000073,1288,1676,-388
112000074,1149,895,254
112000075,1390,1268,122
112000076,2951,1875,1076
112000077,1256,309,947
112000078,2421,556,1865
112000079,1863,1021,842
112000080,933,516,417
112000081,894,1746,-852
112000082,1138,513,625
112000083,825,706,119
112000084,1324,470,854
112000085,1546,625,921
112000086,1925,553,1372
112000087,749,226,523
112000088,872,158,714
112000089,286,258,28
112000090,158,127,31
112000091,729,462,267
112000092,2666,963,1703
112000093,1454,375,1079
112000094,861,731,130
112000095,915,431,484
112000096,715,435,280
112000097,1954,731,1223
112000098,415,413,2
112000099,606,2136,-1530
112000100,2408,533,1875
112000101,531,341,190
112000102,1928,385,1543
112000103,408,363,45
112000105,415,433,-18
112000106,2932,396,2536
112000107,123,79,44
112000108,575,645,-70
112000109,348,54,294
112000110,2141,520,1621
112000111,430,1705,-1275
112000112,2438,476,1962
112000113,541,759,-218
112000114,2741,735,2006
112000115,452,309,143
112000116,588,466,122
112000117,1095,441,654
112000118,698,558,140
112000119,367,397,-30
112000120,39,178,-139
112000121,197,235,-38
112000122,409,84,325
112000123,1064,100,964
112000124,758,77,681
112000125,356,262,94
112000126,418,162,256
112000127,1806,2920,-1114
112000128,485,487,-2
112000129,75,108,-33
112000130,259,131,128
112000131,42,76,-34
112000132,231,145,86
112000133,411,69,342
112000134,554,250,304
112000135,1121,696,425
112000136,737,1003,-266
112000137,1481,1630,-149
112000138,920,837,83
112000139,634,849,-215
112000140,253,917,-664
112000141,1142,487,655
112000142,120,355,-235
112000143,1634,168,1466
112000144,253,527,-274
112000145,3105,454,2651
112000146,516,874,-358
112000147,3226,1652,1574
112000148,946,962,-16
112000149,546,297,249
112000150,420,213,207
112000151,343,142,201
112000152,1016,249,767
112000153,153,170,-17
112000154,161,328,-167
112000155,148,159,-11
112000157,427,974,-547
112000158,294,174,120
112000159,940,221,719
112000167,398,167,231
112000169,191,623,-432
112000173,1217,200,1017
112000175,435,208,227
112000176,790,1331,-541
112000177,1076,282,794
112000178,74,180,-106
112000179,316,56,260
112000180,273,286,-13
112000181,1156,767,389
112000182,1988,479,1509
112000183,26,13,13
112000184,516,159,357
112000185,1224,207,1017
112000187,3895,2445,1450
112000195,151,10,141
112000196,119,1,118
112000197,115,175,-60
112000198,48,215,-167
112000199,449,493,-44
112000202,719,2,717
112000216,46,156,-110
112000230,157,1,156
112000231,5,91,-86
112000256,113,311,-198
112000313,20,53,-33
112000314,76,79,-3
112000337,163,455,-292
112000352,113,308,-195
112000392,1660,888,772
112000398,2180,600,1580
112000399,1195,6831,-5636
112000400,1123,1040,83
112000401,1345,901,444
112000402,4852,5410,-558
112000403,1221,6509,-5288
112000404,1739,1211,528
112000405,3327,3428,-101
112000406,1843,914,929
112000407,10051,8254,1797
112000408,4612,2483,2129
112000409,1240,1560,-320
112000410,322,395,-73
112000411,1437,1559,-122
112000412,420,384,36
112000413,2965,8607,-5642
112000414,130,44,86
112000415,122,32,90
112000416,4158,1108,3050
112000417,292,84,208
112000421,101,21,80
112000422,254,113,141
112000424,738,3574,-2836
112000425,438,306,132
112000426,226,185,41
112000427,0,20,-20
112000428,340,107,233
112000429,2204,2102,102
112000430,2853,3705,-852
112000431,124,130,-6
112000432,385,400,-15
112000433,310,492,-182
112000437,68,77,-9
112900001,69,3,66
112900002,833,243,590
112900003,72,78,-6
112900004,99,74,25
112900005,315,46,269
112900006,4,110,-106
112900007,64,77,-13
112900008,1,121,-120
112900009,540,164,376
112900010,541,257,284
112900011,61,184,-123
112900012,4,18,-14
112900013,2,118,-116
112900014,6,45,-39
112900015,131,484,-353
112900016,4,129,-125
112900017,36,73,-37
112900018,0,39,-39
112900019,20,156,-136
112900020,245,568,-323
112900021,2,74,-72
112900022,20,34,-14
112900023,4,29,-25
112900024,14,97,-83
112900025,91,89,2
112900026,0,42,-42
112900027,1,208,-207
112900028,11,65,-54
112900029,7,129,-122
112900030,33,31,2
112900031,10,119,-109
112900032,214,142,72
112900034,1,17,-16
112900035,1,106,-105
112900036,20,80,-60
112900037,303,214,89
112900038,695,82,613
112900039,5,104,-99
112900040,13,403,-390
112900041,262,1056,-794
112900042,79,101,-22
112900043,58,59,-1
112900044,218,175,43
112900045,77,118,-41
112900046,105,70,35
112900047,6,11,-5
112900049,421,37,384
112900050,18,465,-447
112900051,117,245,-128
112900052,3,225,-222
112900053,101,187,-86
112900054,109,47,62
112900055,85,29,56
112900056,328,242,86
112900057,21,110,-89
112900058,299,342,-43
112900059,123,357,-234
112900060,49,32,17
112900061,106,121,-15
112900062,86,84,2
112900063,29,8,21
112900064,34,201,-167
112900065,18,50,-32
112900066,243,240,3
112900067,247,39,208
112900068,52,53,-1
112900069,1293,1354,-61
112900071,48,14,34
112900072,42,3966,-3924
112900073,436,149,287
112900074,110,442,-332
112900075,553,1510,-957
112900076,11,22,-11
112900078,310,524,-214
112900079,199,31,168
112900080,133,2,131
112900081,64,423,-359
112900082,828,68,760
112900083,188,169,19
112900084,436,274,162
112900086,137,1,136
112900087,1543,148,1395
112900088,326,9,317
112900089,912,59,853
112900090,119,79,40
112900091,434,15,419
112900092,65,687,-622
112900093,1306,29,1277
112900095,91,0,91
112900096,722,166,556
112900097,132,160,-28
112900098,75,2,73
112900099,1165,26,1139
112900100,149,8,141
112900101,427,9,418
112900102,94,19,75
112900103,206,12,194
112900104,175,6,169
112900105,37,0,37
112900106,420,104,316
112900107,1,2,-1
112900108,1,0,1
112900109,284,3,281
112900110,1964,16,1948
112900111,1235,14,1221
112900112,395,2,393
112900113,0,2,-2
112900114,296,8,288
112900115,2127,3,2124
112900116,96,20,76
112900117,38,20,18
112900118,8,93,-85
112900119,281,4,277
112900120,284,221,63
112900121,47,47,0
112900122,3,52,-49
112900123,114,18,96
112900124,4,27,-23
112900125,30,304,-274
112900126,88,82,6
112900127,425,102,323
112900128,53,281,-228
112900129,0,329,-329
112900130,216,85,131
112900131,31,170,-139
112900132,54,146,-92
112900133,12,576,-564
112900134,0,135,-135
112900135,111,70,41
112900137,1,299,-298
112900138,2,62,-60
112900139,93,453,-360
112900141,960,20,940
112900142,52,282,-230
112900143,23,189,-166
112900144,1,117,-116
112900145,12,273,-261
112900146,0,302,-302
112900147,0,464,-464
112900148,63,4,59
112900149,143,199,-56
112900151,6,56,-50
112900152,2175,325,1850
112900153,392,3167,-2775
112900154,0,33,-33
112900155,225,17,208
112900156,577,384,193
112900157,635,30,605
112900158,92,3,89
112900159,116,188,-72
112900160,35,138,-103
112900161,195,63,132
112900162,11,31,-20
112900163,25,51,-26
112900164,103,146,-43
112900165,27,49,-22
112900166,10,100,-90
112900167,9,56,-47
112900168,5,7,-2
112900169,9,23,-14
112900170,89,38,51
112900172,37,25,12
112900173,107,79,28
112900174,303,52,251
112900175,129,188,-59
112900176,10,33,-23
112900177,224,64,160
112900178,541,3284,-2743
112900179,29,242,-213
112900180,2202,1291,911
112900181,1086,8,1078
112900182,42,241,-199
112900183,50,199,-149
112900184,368,512,-144
112900185,132,483,-351
112900186,695,1069,-374
112900187,45,543,-498
112900188,562,2549,-1987
112900189,8,9,-1
112900190,16,15,1
112900192,686,608,78
112900193,908,305,603
112900194,62,5,57
112900195,780,48,732
112900196,320,272,48
112900197,118,288,-170
112900199,979,240,739
112900200,526,65,461
112900201,167,98,69
112900202,617,383,234
112900203,395,71,324
112900204,408,414,-6
112900205,11,17,-6
112900206,27,43,-16
112900207,24,1,23
112900208,71,353,-282
112900209,184,227,-43
112900210,2,12,-10
112900211,91,2,89
112900212,4,57,-53
112900213,68,9,59
112900214,15,20,-5
112900215,14,29,-15
112900216,9,16,-7
112900217,0,48,-48
112900218,98,9,89
112900219,152,2,150
112900220,0,0,0
112900221,52,81,-29
112900222,0,27,-27
112900223,1073,35,1038
112900224,593,186,407
112900225,515,147,368
112900226,92,276,-184
112900227,1111,318,793
112900228,89,35,54
112900229,533,8,525
112900230,6475,2529,3946
112900232,356,332,24
112900233,79,96,-17
112900234,33,6,27
112900235,22,19,3
112900236,516,18,498
112900237,409,67,342
112900238,4,1,3
112900239,397,743,-346
112900240,15,16,-1
112900241,2,26,-24
112900242,5,48,-43
112900243,5,67,-62
112900244,7,12,-5
112900245,10,8,2
112900246,1,4,-3
112900247,18,9,9
112900248,1,0,1
112900249,5,1,4
112900250,72,0,72
112900251,116,0,116
112900252,50,1,49
112900253,59,1,58
112900254,20,1,19
112900255,16,20,-4
112900256,2,31,-29
112900257,18,51,-33
112900258,17,2,15
113000001,5876,5112,764
113000002,4894,3711,1183
113000003,2039,1826,213
113000004,1929,1975,-46
113000005,1974,1359,615
113000006,1219,1511,-292
113000007,2661,1312,1349
113000008,1888,1918,-30
113000009,1641,714,927
113000010,1484,987,497
113000011,1270,765,505
113000012,1395,653,742
113000013,774,529,245
113000014,916,1440,-524
113000015,136,199,-63
113000016,321,577,-256
113000017,14,333,-319
113000018,246,18,228
113000019,76,179,-103
113000020,369,49,320
113000021,1220,864,356
113000022,720,2268,-1548
113000025,154,314,-160
113000026,494,713,-219
113000027,435,1465,-1030
113000028,417,1554,-1137
113000029,878,727,151
113000030,216,354,-138
113000031,131,137,-6
113000032,182,426,-244
113000033,246,343,-97
113000034,120,122,-2
113000035,15,23,-8
113000036,17,72,-55
113000037,27,11,16
113000038,9,100,-91
113000039,31,262,-231
113000040,40,169,-129
113000042,645,534,111
113000051,1939,2531,-592
113000052,2392,496,1896
113000053,637,399,238
113000054,690,791,-101
113000055,2123,513,1610
113000056,1727,964,763
113000058,534,920,-386
113000059,859,374,485
113000060,364,563,-199
113000061,521,707,-186
113000062,415,324,91
113000063,418,57,361
113000064,76,119,-43
113000065,189,355,-166
113000066,1111,97,1014
113000067,3068,829,2239
113000068,502,440,62
113000069,630,437,193
113000070,2718,741,1977
113000071,507,318,189
113000072,1221,297,924
113000073,335,1432,-1097
113000074,1000,359,641
113000075,1604,784,820
113000076,488,3584,-3096
113000077,609,1259,-650
113000078,379,1989,-1610
113000079,320,1167,-847
113000080,518,986,-468
113000081,727,756,-29
113000082,754,649,105
113000083,649,791,-142
113000084,1711,925,786
113000085,963,643,320
113000086,894,1043,-149
113000087,848,1165,-317
113000088,1615,1312,303
113000089,757,1733,-976
113000090,178,793,-615
113000091,253,467,-214
113000094,1432,300,1132
113000095,209,800,-591
113000096,163,876,-713
113000097,1114,549,565
113000098,80,59,21
113000099,1255,551,704
113000100,121,562,-441
113000101,211,816,-605
113000102,702,774,-72
113000103,2638,295,2343
113000104,722,3245,-2523
113000105,887,456,431
113000106,434,238,196
113000107,1062,927,135
113000108,1012,721,291
113000109,507,1199,-692
113000110,6917,927,5990
113000111,299,657,-358
113000112,620,423,197
113000113,1631,394,1237
113000114,232,1289,-1057
113000116,373,239,134
113000117,874,89,785
113000118,37,648,-611
113000119,344,304,40
113000120,53,350,-297
113000121,365,812,-447
113000124,375,114,261
113000125,45,1088,-1043
113000127,1583,185,1398
113000128,1692,213,1479
113000129,306,691,-385
113000133,2786,600,2186
113000134,2,1393,-1391
113000135,4637,4705,-68
113000137,782,3816,-3034
113000139,341,189,152
113000140,44,97,-53
113000141,68,166,-98
113000142,181,372,-191
113000143,233,121,112
113000144,222,347,-125
113000145,72,87,-15
113000146,156,33,123
113000147,108,47,61
113000148,273,97,176
113000149,177,172,5
113000150,314,340,-26
113000151,46,21,25
113000152,32,183,-151
113000153,971,263,708
113000154,424,1533,-1109
113000155,313,567,-254
113000156,198,245,-47
113000157,266,331,-65
113000158,516,157,359
113000159,926,406,520
113000160,492,317,175
113000161,488,130,358
113000162,824,212,612
113000163,149,42,107
113000164,11,32,-21
113000166,267,73,194
113000167,54,69,-15
113000168,73,96,-23
113000169,244,36,208
113000170,108,69,39
113000171,35,63,-28
113000172,349,31,318
113000173,78,15,63
113000174,153,80,73
113000175,594,63,531
113000176,565,51,514
113000177,182,100,82
113000178,129,144,-15
113000179,347,109,238
113000180,624,1459,-835
113000181,1217,678,539
113000182,137,341,-204
113000183,173,642,-469
113000184,13,93,-80
113000189,241,624,-383
113000190,117,185,-68
113000192,638,6819,-6181
113000193,1515,5457,-3942
113000194,691,4220,-3529
113000195,977,3592,-2615
113000196,280,97,183
113000197,905,2635,-1730
113000198,144,201,-57
113000199,1565,256,1309
113000201,447,776,-329
113000202,13438,2675,10763
113000203,146,977,-831
113000204,434,7173,-6739
113000205,15,14,1
113000206,7,53,-46
113000207,39,14,25
113000208,23,63,-40
113000209,8,13,-5
113000210,5,25,-20
113000211,103,428,-325
113000212,56,78,-22
113000213,10,140,-130
113000214,107,270,-163
113000234,238,674,-436
113000410,35,200,-165
113000411,1299,2624,-1325
113000412,4491,1430,3061
113000413,736,2702,-1966
113000414,3351,11558,-8207
113000415,1700,1339,361
113000416,2147,2099,48
113000417,886,1432,-546
113000418,4639,4030,609
113000419,1313,2167,-854
113000420,2191,5875,-3684
113000421,4394,7094,-2700
113000422,7042,8719,-1677
113000423,1097,5542,-4445
113000424,1600,10523,-8923
113000425,25,81,-56
113000428,169,26,143
113000430,12,122,-110
113000432,2722,230,2492
113000433,66,405,-339
113000434,22,77,-55
113000435,26,132,-106
113000436,12,453,-441
113000437,1360,45,1315
113000438,365,19,346
113000439,21,35,-14
113000440,159,27,132
113000441,202,151,51
113000442,231,29,202
113000443,396,88,308
113000444,325,51,274
113000445,143,59,84
113000446,69,87,-18
113000448,970,241,729
113000449,160,1010,-850
113000450,915,2423,-1508
113000451,3682,330,3352
113000452,111,668,-557
113000453,34,769,-735
113000454,370,186,184
113000455,14,2258,-2244
113000456,1890,2199,-309
113000468,910,71,839
113000469,59,85,-26
113000470,544,25,519
113000471,6,271,-265
113000472,43,204,-161
113000474,1561,798,763
113000475,1268,953,315
113000476,2599,1941,658
113000477,4714,1782,2932
113000478,2750,2320,430
113000479,163,82,81
113000484,0,0,0
113000485,0,0,0
113000486,0,0,0
113000487,0,0,0
113000488,0,0,0
113000489,0,0,0
113000490,0,0,0
113000491,0,0,0
113000492,0,0,0
113000493,0,0,0
113000495,316,91,225
113000496,324,107,217
113000499,0,0,0
113900001,16,2145,-2129
113900002,2,142,-140
113900003,2,327,-325
113900004,5,390,-385
113900005,7,934,-927
113900006,0,76,-76
113900007,40,35,5
113900008,10,0,10
113900009,84,0,84
113900010,97,2,95
113900011,182,2,180
113900012,64,6,58
113900013,86,0,86
113900014,762,3,759
113900015,0,20,-20
113900016,50,0,50
113900017,0,81,-81
113900018,129,227,-98
113900019,147,35,112
113900020,166,8,158
113900022,105,1,104
113900023,66,0,66
113900024,41,44,-3
113900025,141,5,136
113900026,133,0,133
113900027,4,99,-95
113900028,56,135,-79
113900029,131,108,23
113900030,382,11,371
113900031,71,5,66
113900032,52,0,52
113900033,49,41,8
113900035,40,1,39
113900036,41,77,-36
113900037,332,120,212
113900038,32,149,-117
113900039,222,40,182
113900040,11,39,-28
113900041,20,5,15
113900042,81,22,59
113900043,159,47,112
113900044,113,283,-170
113900045,87,3,84
113900046,306,1386,-1080
113900047,70,74,-4
113900048,110,84,26
113900049,155,316,-161
113900050,228,382,-154
113900051,275,199,76
113900052,98,73,25
113900053,690,706,-16
113900054,34,0,34
113900055,117,251,-134
113900056,55,115,-60
113900057,13,34,-21
113900058,79,51,28
113900059,264,145,119
113900060,58,66,-8
113900061,402,111,291
113900062,179,10,169
113900063,121,99,22
113900064,32,44,-12
113900065,529,7,522
113900066,592,153,439
113900067,262,76,186
113900068,424,767,-343
113900069,31,27,4
113900070,67,172,-105
113900071,90,39,51
113900072,58,53,5
113900073,416,349,67
113900074,166,130,36
113900075,897,2021,-1124
113900076,107,12,95
113900077,79,66,13
113900078,33,18,15
113900079,0,18,-18
113900080,483,140,343
113900081,47,74,-27
113900082,125,162,-37
113900083,354,98,256
113900084,173,139,34
113900085,63,105,-42
113900086,72,9,63
113900087,110,77,33
113900088,115,91,24
113900089,416,64,352
113900090,460,253,207
113900091,10,7,3
113900092,10,52,-42
113900093,56,1003,-947
113900094,579,276,303
113900095,121,187,-66
113900096,253,63,190
113900097,15,42,-27
113900098,889,135,754
113900099,0,21,-21
113900100,4,4,0
113900101,2,67,-65
113900102,51,122,-71
113900103,168,489,-321
113900104,104,268,-164
113900105,239,32,207
113900106,1,27,-26
113900107,0,8,-8
113900108,79,301,-222
113900109,277,242,35
113900110,43,14,29
113900111,267,130,137
113900112,178,34,144
113900113,925,328,597
113900114,2,9,-7
113900115,0,20,-20
113900116,44,152,-108
113900117,36,35,1
113900118,138,418,-280
113900119,52,371,-319
113900120,61,46,15
113900121,88,55,33
113900122,261,3314,-3053
113900123,423,206,217
113900124,1,77,-76
113900125,844,159,685
113900126,76,44,32
113900127,356,700,-344
113900128,207,35,172
113900129,3,177,-174
113900130,0,157,-157
113900131,257,43,214
113900132,37,72,-35
113900133,3,36,-33
113900135,242,322,-80
113900136,83,58,25
113900137,332,389,-57
113900138,35,179,-144
113900139,160,227,-67
113900140,26,202,-176
113900141,640,186,454
113900142,148,55,93
113900143,10,38,-28
113900144,65,195,-130
113900145,301,106,195
113900146,159,37,122
113900148,53,238,-185
113900149,162,99,63
113900150,205,183,22
113900151,381,108,273
113900152,22,57,-35
113900153,73,356,-283
113900154,6,96,-90
113900155,66,166,-100
113900156,233,202,31
113900157,51,360,-309
113900158,57,261,-204
113900159,8,189,-181
113900160,334,230,104
113900161,150,243,-93
113900162,115,383,-268
113900163,235,163,72
113900164,426,51,375
113900165,536,258,278
113900166,39,56,-17
113900167,329,11,318
113900168,61,36,25
113900169,172,254,-82
113900171,193,39,154
113900172,8,64,-56
113900173,10,246,-236
113900174,427,432,-5
113900175,272,90,182
113900176,187,163,24
113900177,295,150,145
113900178,200,168,32
113900179,21,206,-185
113900180,115,84,31
113900181,1113,198,915
113900182,451,382,69
113900183,88,57,31
113900184,9,205,-196
113900185,107,70,37
113900186,43,10,33
113900187,24,96,-72
113900188,10,59,-49
113900189,274,255,19
113900190,153,97,56
113900191,47,86,-39
113900192,3,591,-588
113900193,7,79,-72
113900194,997,415,582
113900195,190,426,-236
113900196,1,101,-100
113900197,3,60,-57
113900198,32,597,-565
113900199,25,400,-375
113900200,20,82,-62
113900201,0,46,-46
113900202,23,115,-92
113900203,0,29,-29
113900204,11,171,-160
113900205,5,61,-56
113900206,6,43,-37
113900207,0,44,-44
113900208,0,25,-25
113900209,0,13,-13
113900210,464,477,-13
113900211,182,50,132
113900212,298,224,74
113900214,280,563,-283
113900215,104,80,24
113900216,147,352,-205
113900217,151,93,58
113900218,106,77,29
113900219,110,888,-778
113900220,113,202,-89
113900221,212,331,-119
113900222,74,596,-522
113900223,216,233,-17
113900224,79,86,-7
113900225,281,70,211
113900226,326,64,262
113900227,229,152,77
113900228,147,516,-369
113900229,35,838,-803
113900230,1620,2677,-1057
113900231,175,91,84
113900232,181,38,143
113900233,86,39,47
113900234,408,391,17
113900235,118,18,100
113900236,344,144,200
113900237,177,5,172
113900238,220,582,-362
113900239,36,174,-138
113900240,7,158,-151
113900241,51,71,-20
113900242,17,267,-250
113900243,32,217,-185
113900244,129,142,-13
113900245,524,251,273
113900246,7,33,-26
113900247,88,658,-570
113900248,1945,1701,244
113900249,386,557,-171
113900250,21,225,-204
113900251,1194,71,1123
113900252,947,16,931
113900253,660,41,619
113900254,509,182,327
113900255,689,12,677
113900256,467,30,437
113900257,24,292,-268
113900258,25,302,-277
113900259,761,54,707
113900260,281,9,272
113900261,27,37,-10
113900262,194,251,-57
113900263,31,236,-205
113900264,1,182,-181
113900265,60,184,-124
113900266,48,115,-67
113900267,60,964,-904
113900268,230,291,-61
113900269,126,117,9
113900270,114,430,-316
113900271,645,377,268
113900273,8,11,-3
113900274,40,20,20
113900275,13,156,-143
113900276,3,96,-93
113900277,127,5,122
113900278,168,144,24
113900279,36,21,15
113900280,1024,487,537
113900281,181,1169,-988
113900282,204,403,-199
113900283,422,627,-205
113900284,926,123,803
113900285,103,49,54
113900286,34,25,9
113900287,86,25,61
113900288,2,104,-102
113900289,264,111,153
113900290,250,259,-9
113900291,50,70,-20
113900292,10,1,9
113900293,4,146,-142
113900294,537,20,517
113900295,350,319,31
113900296,1725,325,1400
113900297,2151,61,2090
113900298,19,924,-905
113900299,185,43,142
113900300,4272,3945,327
113900301,613,484,129
113900302,970,985,-15
113900303,149,734,-585
113900304,1,87,-86
113900305,127,5,122
113900306,115,1,114
113900307,4,0,4
113900308,42,77,-35
113900309,0,259,-259
113900310,0,5,-5
113900311,15,1,14
113900312,111,213,-102
113900313,12,3,9
114000001,840,1580,-740
114000002,359,224,135
114000003,68,152,-84
114000004,447,464,-17
114000005,323,128,195
114000006,1033,1402,-369
114000007,523,892,-369
114000008,1209,2038,-829
114000009,1018,278,740
114000011,3325,1665,1660
114000012,3873,1149,2724
114000013,2223,849,1374
114000014,415,130,285
114000015,1837,104,1733
114000016,275,86,189
114000017,64,578,-514
114000018,114,25,89
114000026,3189,842,2347
114000027,4680,1937,2743
114000028,1918,3241,-1323
114000038,290,71,219
114000039,54,19,35
114000040,136,207,-71
114000042,229,110,119
114000043,67,23,44
114000044,293,4,289
114000045,46,20,26
114000046,1283,3895,-2612
114000047,13,85,-72
114000048,90,57,33
114000049,1504,1448,56
114000050,1495,1880,-385
114000051,2457,2066,391
114000052,3083,2129,954
114000053,62,714,-652
114000054,115,540,-425
114000055,217,44,173
114000056,114,1319,-1205
114000057,3229,1696,1533
114000058,49,844,-795
114000059,26,534,-508
114000060,468,698,-230
114000061,2191,3199,-1008
114000062,360,1346,-986
114000063,1042,1021,21
114000064,1478,3212,-1734
114000065,770,1925,-1155
114000066,591,679,-88
114000067,9,899,-890
114000068,407,695,-288
114000069,762,616,146
114000070,1718,2068,-350
114000071,613,468,145
114000072,512,101,411
114000073,14,16,-2
114000074,91,10,81
114000075,58,16,42
114000076,9,35,-26
114000077,5,6,-1
114000078,227,265,-38
114000079,294,29,265
114000080,53,59,-6
114000081,61,68,-7
114000082,34,144,-110
114000083,70,43,27
114000084,247,128,119
114000085,63,143,-80
114000086,214,100,114
114000087,187,26,161
114000088,20,15,5
114000089,329,161,168
114000090,952,1245,-293
114000091,994,949,45
114000092,503,288,215
114000093,1167,519,648
114000094,454,315,139
114000095,196,193,3
114000096,71,172,-101
114000097,116,233,-117
114000098,558,136,422
114000099,957,84,873
114000100,1582,350,1232
114000101,504,240,264
114000102,610,323,287
114000103,111,125,-14
114000104,15,145,-130
114000105,135,96,39
114000106,713,1930,-1217
114000107,669,115,554
114000108,505,591,-86
114000109,755,1966,-1211
114000110,427,622,-195
114000111,2445,1064,1381
114000112,325,903,-578
114000113,1860,511,1349
114000114,454,623,-169
114000115,2412,1051,1361
114000116,1152,4206,-3054
114000117,4744,729,4015
114000118,3738,449,3289
114000119,3015,482,2533
114000120,521,552,-31
114000121,539,620,-81
114000122,422,262,160
114000123,2455,421,2034
114000124,1292,405,887
114000125,1052,816,236
114000126,1790,250,1540
114000127,270,72,198
114000128,1078,182,896
114000130,470,461,9
114000131,360,100,260
114000132,534,335,199
114000133,472,902,-430
114000134,51,32,19
114000138,13,128,-115
114000139,386,510,-124
114000144,648,677,-29
114000145,40,56,-16
114000146,78,63,15
114000147,1356,2876,-1520
114000148,946,1672,-726
114000149,278,418,-140
114000150,267,529,-262
114000151,466,1895,-1429
114000152,85,29,56
114000153,406,1785,-1379
114000154,538,440,98
114000155,973,2907,-1934
114000156,726,663,63
114000157,295,1556,-1261
114000158,823,501,322
114000159,151,401,-250
114000160,56,574,-518
114000161,940,2904,-1964
114000162,1345,2650,-1305
114000163,14,37,-23
114000165,430,468,-38
114000166,555,573,-18
114000167,1911,1162,749
114000168,295,252,43
114000169,972,1531,-559
114000170,1053,1476,-423
114000171,1500,9266,-7766
114000174,114,259,-145
114000176,198,424,-226
114000177,693,320,373
114000178,29,67,-38
114000179,930,898,32
114000180,208,251,-43
114000181,1338,5551,-4213
114000182,789,2513,-1724
114000183,470,519,-49
114000184,1778,461,1317
114000185,1287,716,571
114000189,1466,122,1344
114000190,4077,457,3620
114000191,82,258,-176
114000192,87,591,-504
114000193,173,889,-716
114000194,1586,639,947
114000195,261,141,120
114000196,3,52,-49
114000197,2455,34,2421
114000198,464,239,225
114000199,1155,1536,-381
114000200,371,767,-396
114000201,158,457,-299
114000202,838,431,407
114000203,668,501,167
114000204,192,376,-184
114000205,125,650,-525
114000206,718,915,-197
114000207,325,652,-327
114000208,415,903,-488
114000209,261,1009,-748
114000210,136,530,-394
114000211,1393,993,400
114000212,771,851,-80
114000213,1917,372,1545
114000214,42,58,-16
114000215,197,83,114
114000216,1666,293,1373
114000217,466,166,300
114000218,278,55,223
114000219,1729,113,1616
114000220,39,310,-271
114000221,1264,154,1110
114000222,124,368,-244
114000223,809,141,668
114000224,31,314,-283
114000225,352,232,120
114000226,259,160,99
114000227,1066,477,589
114000228,1007,421,586
114000229,1568,1066,502
114000230,1743,706,1037
114000231,1249,1266,-17
114000232,1127,160,967
114000233,2722,61,2661
114000234,1335,472,863
114000235,1464,1043,421
114000236,1,298,-297
114000237,165,538,-373
114000238,80,303,-223
114000239,147,712,-565
114000240,1028,973,55
114000241,292,557,-265
114000242,574,428,146
114000243,2093,875,1218
114000244,503,283,220
114000245,483,727,-244
114000246,106,17,89
114000247,505,446,59
114000248,1707,563,1144
114000249,635,377,258
114000250,748,276,472
114000251,442,118,324
114000252,72,16,56
114000253,20,38,-18
114000254,115,20,95
114000255,519,173,346
114000256,325,1718,-1393
114000257,192,677,-485
114000258,265,102,163
114000259,82,205,-123
114000260,0,19,-19
114000261,34,17,17
114000262,230,68,162
114000263,1,1,0
114000264,1201,287,914
114000265,0,0,0
114000267,1,1417,-1416
114000268,6,318,-312
114000270,173,3,170
114000271,224,82,142
114000283,1481,235,1246
114000285,11,93,-82
114000288,131,205,-74
114000289,2022,107,1915
114000293,215,379,-164
114000294,186,191,-5
114000395,1054,15,1039
114000396,632,761,-129
114000402,1034,165,869
114000403,384,160,224
114000405,280,178,102
114000423,435,106,329
114000424,465,51,414
114000425,1018,84,934
114000426,375,854,-479
114000427,105,61,44
114000428,80,180,-100
114000429,11,86,-75
114000432,164,30,134
114000434,16,50,-34
114000435,0,49,-49
114900001,622,261,361
114900002,313,100,213
114900003,978,275,703
114900004,223,415,-192
114900005,671,225,446
114900006,59,86,-27
114900007,361,29,332
114900008,176,137,39
114900010,884,1486,-602
114900011,223,107,116
114900013,232,107,125
114900015,116,662,-546
114900018,800,33,767
114900020,121,72,49
114900022,18,486,-468
114900024,193,107,86
114900025,478,106,372
114900026,87,97,-10
114900027,191,163,28
114900029,166,27,139
114900030,259,206,53
114900031,598,26,572
114900032,448,32,416
114900033,510,1398,-888
114900034,22,31,-9
114900035,61,241,-180
114900036,121,221,-100
114900037,96,67,29
114900038,235,237,-2
114900039,564,141,423
114900040,90,38,52
114900041,1156,132,1024
114900042,1569,147,1422
114900043,247,104,143
114900044,167,38,129
114900046,11,42,-31
114900047,253,3576,-3323
114900048,40,144,-104
114900049,40,71,-31
114900050,61,84,-23
114900051,14,109,-95
114900052,11,186,-175
114900053,40,136,-96
114900054,12,32,-20
114900057,262,15,247
114900058,0,23,-23
114900059,84,84,0
114900060,232,723,-491
114900061,99,36,63
114900062,159,318,-159
114900063,68,63,5
114900064,2510,127,2383
114900065,623,666,-43
114900067,24,333,-309
114900068,29,120,-91
114900069,107,38,69
114900070,553,198,355
114900072,1,143,-142
114900073,3,29,-26
114900074,859,140,719
114900075,283,8,275
114900076,4,100,-96
114900080,689,116,573
114900082,1601,2995,-1394
114900083,339,728,-389
114900090,496,160,336
114900091,72,119,-47
114900095,141,53,88
114900096,176,316,-140
114900097,201,2,199
114900098,2,67,-65
114900099,271,10,261
115000001,3895,2000,1895
115000002,4824,5892,-1068
115000003,3907,1566,2341
115000004,5544,6345,-801
115000005,1893,1912,-19
115000006,1324,1493,-169
115000007,632,187,445
115000008,468,565,-97
115000009,497,240,257
115000010,302,187,115
115000013,49,210,-161
115000015,27,378,-351
115000016,47,309,-262
115000019,16,401,-385
115000020,160,1077,-917
115000021,264,333,-69
115000022,499,227,272
115000023,351,481,-130
115000024,838,279,559
115000025,939,612,327
115000026,208,256,-48
115000027,375,186,189
115000028,150,556,-406
115000029,866,59,807
115000030,615,879,-264
115000031,916,136,780
115000032,3,216,-213
115000033,222,31,191
115000034,59,816,-757
115000035,1137,70,1067
115000036,0,349,-349
115000037,557,29,528
115000038,72,136,-64
115000039,3490,3866,-376
115000040,3170,2386,784
115000041,2133,4769,-2636
115000042,349,575,-226
115000043,4194,3102,1092
115000044,3079,3317,-238
115000045,2537,1145,1392
115000046,3444,3153,291
115000047,3355,1805,1550
115000048,2273,1636,637
115000049,962,2582,-1620
115000050,3671,1382,2289
115000051,1753,4400,-2647
115000052,1087,1260,-173
115000053,2693,2430,263
115000054,590,643,-53
115000055,146,805,-659
115000056,118,399,-281
115000057,564,1444,-880
115000058,217,356,-139
115000059,266,366,-100
115000061,142,343,-201
115000062,215,381,-166
115000063,413,405,8
115000064,249,158,91
115000065,64,431,-367
115000067,317,38,279
115000069,112,184,-72
115000070,53,1034,-981
115000071,92,28,64
115000072,12,66,-54
115000073,1557,92,1465
115000075,106,49,57
115000076,2127,1814,313
115000077,2083,1150,933
115000078,1817,706,1111
115000079,1760,887,873
115000080,3482,1157,2325
115000081,325,528,-203
115000082,5361,4481,880
115000083,2027,846,1181
115000084,3366,980,2386
115000085,1161,600,561
115000086,1462,515,947
115000087,430,1358,-928
115000088,1682,514,1168
115000089,1154,788,366
115000090,428,896,-468
115000091,241,439,-198
115000092,863,640,223
115000093,750,3,747
115000094,4623,7535,-2912
115000095,3322,7066,-3744
115000096,1167,768,399
115000097,1951,1222,729
115000098,1934,591,1343
115000099,2944,1417,1527
115000100,1568,274,1294
115000101,570,673,-103
115000102,717,247,470
115000103,325,425,-100
115000105,92,80,12
115000106,968,422,546
115000107,204,258,-54
115000108,1602,1702,-100
115000109,3001,5661,-2660
115000110,1651,1902,-251
115000111,396,1009,-613
115000112,586,670,-84
115000113,374,616,-242
115000114,1190,379,811
115000116,2140,1488,652
115000117,1734,1841,-107
115000118,1809,1569,240
115000119,1223,1467,-244
115000120,532,1491,-959
115000121,620,574,46
115000122,537,1238,-701
115000123,783,2012,-1229
115000124,602,1072,-470
115000125,397,1052,-655
115000126,104,420,-316
115000127,291,138,153
115000128,216,1000,-784
115000129,197,538,-341
115000130,436,398,38
115000131,976,214,762
115000132,309,246,63
115000133,753,134,619
115000134,204,239,-35
115000135,143,149,-6
115000136,279,172,107
115000137,92,169,-77
115000138,470,173,297
115000139,205,151,54
115000140,499,160,339
115000141,317,120,197
115000142,247,85,162
115000143,999,544,455
115000144,605,84,521
115000145,318,158,160
115000146,503,361,142
115000147,364,326,38
115000148,295,553,-258
115000149,741,222,519
115000150,494,368,126
115000151,1560,397,1163
115000152,726,883,-157
115000153,1475,357,1118
115000154,1140,248,892
115000155,652,925,-273
115000156,695,947,-252
115000157,331,1137,-806
115000158,124,384,-260
115000159,399,552,-153
115000160,296,346,-50
115000161,155,390,-235
115000162,475,814,-339
115000163,483,666,-183
115000164,515,872,-357
115000165,199,747,-548
115000167,87,71,16
115000168,455,557,-102
115000169,230,870,-640
115000170,49,184,-135
115000171,155,423,-268
115000172,601,608,-7
115000173,342,739,-397
115000174,46,409,-363
115000175,153,109,44
115000176,48,76,-28
115000177,69,93,-24
115000178,9,178,-169
115000179,16,41,-25
115000180,59,240,-181
115000181,830,117,713
115000182,1172,191,981
115000183,447,363,84
115000186,663,142,521
115000187,189,425,-236
115000188,377,509,-132
115000189,245,314,-69
115000190,746,412,334
115000191,214,478,-264
115000194,63,153,-90
115000195,120,316,-196
115000196,189,68,121
115000197,244,152,92
115000198,525,89,436
115000199,526,137,389
115000200,359,104,255
115000201,213,168,45
115000206,363,23,340
115000207,239,149,90
115000208,223,477,-254
115000209,522,267,255
115000210,118,134,-16
115000211,270,239,31
115000212,1066,307,759
115000224,267,57,210
115000225,103,67,36
115000229,238,52,186
115000230,154,603,-449
115000231,310,641,-331
115000232,2798,331,2467
115000233,137,188,-51
115000234,34,299,-265
115000241,97,116,-19
115000242,184,108,76
115000243,118,56,62
115000244,8,109,-101
115000246,74,24,50
115000247,30,6,24
115000248,52,14,38
115000249,6,15,-9
115000250,267,25,242
115000251,370,60,310
115000252,108,215,-107
115000253,5,344,-339
115000258,460,66,394
115000259,240,110,130
115000261,26,15,11
115000262,10,38,-28
115000263,17,31,-14
115000264,12,24,-12
115000267,90,59,31
115000268,64,138,-74
115000269,102,48,54
115000270,6,20,-14
115000272,55,54,1
115000273,687,26,661
115000280,1404,167,1237
115000281,200,550,-350
115000282,760,683,77
115000284,109,157,-48
115000296,700,4,696
115000297,116,146,-30
115000298,27,434,-407
115000300,222,109,113
115000302,611,72,539
115000303,1071,57,1014
115000304,772,76,696
115000305,118,249,-131
115000306,165,85,80
115000307,91,109,-18
115000308,23,20,3
115000309,22,56,-34
115000310,1925,403,1522
115000311,1705,1040,665
115000313,98,251,-153
115000314,652,251,401
115000315,838,1033,-195
115000316,153,143,10
115000317,146,360,-214
115000318,645,247,398
115000319,69,174,-105
115000320,25,499,-474
115000321,209,5,204
115000322,78,120,-42
115000449,152,174,-22
115000557,2,1779,-1777
115000558,235,93,142
115000587,719,255,464
115000588,2330,2480,-150
115000589,4090,2596,1494
115000590,844,1821,-977
115000591,1272,941,331
115000592,354,2010,-1656
115000593,1502,1015,487
115000594,330,3129,-2799
115000609,252,194,58
115000617,496,2348,-1852
115000624,425,21,404
115000633,285,1099,-814
115000634,3227,672,2555
115000635,741,173,568
115000638,253,375,-122
115000641,22,316,-294
115000642,161,185,-24
115000643,70,200,-130
115000644,138,220,-82
115000646,583,1265,-682
115000647,118,432,-314
115000648,2773,845,1928
115000893,1816,1518,298
115000894,94,727,-633
115000895,207,1375,-1168
115000896,1246,666,580
115000897,443,154,289
115000898,367,328,39
115000899,287,1509,-1222
115000900,55,630,-575
115000901,87,294,-207
115000912,495,101,394
115000913,6,28,-22
115000915,41,0,41
115000916,9,1,8
115000917,0,3,-3
115000918,15,505,-490
115000919,3,25,-22
115000920,16,98,-82
115000921,237,74,163
115000922,424,1288,-864
115000923,94,2466,-2372
115000925,135,187,-52
115000927,40,48,-8
115000933,65,753,-688
115000934,117,93,24
115000935,184,48,136
115000936,66,759,-693
115000937,1132,359,773
115000938,49,362,-313
115000939,28,186,-158
115000940,5,24,-19
115000941,1,25,-24
115000942,9,163,-154
115000943,0,116,-116
115000944,13,2,11
115900001,191,15,176
115900002,75,74,1
115900003,209,51,158
115900004,0,9,-9
115900005,251,20,231
115900006,87,126,-39
115900008,117,1,116
115900009,72,194,-122
115900010,426,36,390
115900011,328,212,116
115900012,324,30,294
115900013,230,107,123
115900014,198,105,93
115900015,234,25,209
115900016,92,44,48
115900017,26,9,17
115900018,128,19,109
115900019,47,13,34
115900020,113,1,112
115900021,583,304,279
115900022,713,4,709
115900023,11,6,5
115900025,34,131,-97
115900026,538,96,442
115900027,1,130,-129
115900028,274,34,240
115900029,6,120,-114
115900030,62,22,40
115900031,129,225,-96
115900032,308,676,-368
115900033,0,34,-34
115900034,22,90,-68
115900035,41,38,3
115900036,41,2109,-2068
115900037,22,95,-73
115900038,44,5,39
115900039,169,154,15
115900041,125,937,-812
115900042,52,4,48
115900043,115,51,64
115900044,145,254,-109
115900046,620,85,535
115900047,103,224,-121
115900049,171,120,51
115900051,10,17,-7
115900052,5,78,-73
115900053,269,56,213
115900054,417,26,391
115900055,40,67,-27
115900056,222,76,146
115900057,26,13,13
115900058,18,35,-17
115900060,65,113,-48
115900061,279,1,278
115900062,23,89,-66
115900063,39,4,35
115900064,173,242,-69
115900065,136,50,86
115900066,42,40,2
115900067,18,101,-83
115900068,974,1457,-483
115900069,75,160,-85
115900070,159,54,105
115900071,0,129,-129
115900072,40,96,-56
115900073,201,158,43
115900074,7,105,-98
115900075,17,111,-94
115900076,27,31,-4
115900077,3,49,-46
115900078,22,87,-65
115900079,310,13,297
115900080,127,78,49
115900081,56,14,42
115900082,86,109,-23
115900084,689,18,671
115900085,59,95,-36
115900086,763,370,393
115900088,5,85,-80
115900089,539,260,279
115900090,717,5,712
115900091,0,21,-21
115900092,45,60,-15
115900093,17,28,-11
115900094,3,65,-62
115900096,10,4,6
115900097,13,81,-68
115900098,310,144,166
115900099,21,17,4
115900100,24,160,-136
115900101,293,88,205
115900102,191,10,181
115900103,432,103,329
115900104,145,27,118
115900105,277,197,80
115900106,96,5,91
115900107,132,35,97
115900108,154,18,136
115900109,25,168,-143
115900110,5,5,0
115900111,2,41,-39
115900112,46,567,-521
115900113,42,12,30
115900114,3,80,-77
115900115,84,170,-86
115900116,90,435,-345
115900117,104,11,93
115900118,4,58,-54
115900119,152,105,47
115900120,23,121,-98
115900121,217,101,116
115900124,247,808,-561
115900125,390,34,356
115900126,957,74,883
115900127,1116,53,1063
115900128,1,75,-74
115900129,465,49,416
115900130,6,451,-445
115900131,275,27,248
115900132,854,8,846
115900134,318,15,303
115900135,513,1000,-487
115900137,37,2,35
115900139,14,155,-141
115900140,549,62,487
115900141,1,74,-73
115900142,8,60,-52
115900143,301,333,-32
115900144,203,174,29
115900146,21,29,-8
115900147,212,249,-37
115900148,92,3,89
115900149,223,16,207
115900150,103,10,93
115900151,26,74,-48
115900152,226,171,55
115900153,208,80,128
115900154,360,392,-32
115900155,0,12,-12
115900156,780,922,-142
115900157,349,512,-163
115900158,4,2,2
115900159,163,145,18
115900160,2,3,-1
115900161,33,72,-39
115900163,290,98,192
115900164,699,8,691
115900166,104,95,9
115900168,211,42,169
115900171,90,322,-232
115900172,59,134,-75
115900173,244,73,171
115900174,211,406,-195
115900175,185,123,62
115900178,5,149,-144
115900179,455,6,449
115900180,67,87,-20
115900181,230,61,169
115900182,645,61,584
115900183,8,128,-120
115900184,471,18,453
115900187,10,262,-252
115900189,0,151,-151
115900190,99,1272,-1173
115900191,20,124,-104
115900192,18,100,-82
115900193,110,57,53
115900194,991,61,930
115900195,333,2907,-2574
115900198,218,200,18
115900199,280,99,181
115900200,193,99,94
115900201,206,304,-98
115900202,0,58,-58
115900203,14,28,-14
115900204,0,9,-9
115900205,25,8,17
115900206,318,49,269
115900207,60,7,53
115900208,99,39,60
115900209,4,81,-77
115900210,1,59,-58
115900211,1,54,-53
115900212,174,76,98
115900213,67,139,-72
115900214,758,79,679
115900215,18,279,-261
115900216,10,61,-51
115900217,2,25,-23
115900218,1,8,-7
115900219,160,5,155
115900220,311,9,302
115900221,131,11,120
115900222,111,35,76
115900223,8,688,-680
115900224,424,1818,-1394
115900225,40,25,15
115900226,18,38,-20
115900227,8,77,-69
115900228,24,41,-17
115900229,1,38,-37
115900230,17,61,-44
115900231,161,2,159
115900232,86,1,85
115900233,128,4,124
115900234,49,24,25
115900235,28,38,-10
115900236,14,22,-8
115900237,9,14,-5
115900238,26,28,-2
115900239,8,16,-8
115900240,18,9,9
115900241,249,32,217
115900242,322,411,-89
115900243,28,6,22
115900244,9,7,2
115900245,82,1,81
115900246,5,8,-3
115900247,13,11,2
115900248,19,2,17
115900249,31,8,23
115900250,12,17,-5
115900251,7,1,6
115900252,3,3,0
115900253,16,10,6
115900254,8,52,-44
115900255,11,42,-31
115900256,12,32,-20
115900257,2,9,-7
115900258,1,2,-1
115900259,0,1,-1
115900260,4,1,3
115900261,6,1,5
115900262,0,0,0
115900263,12,0,12
115900264,5,1,4
115900265,4,21,-17
115900266,3,14,-11
115900267,2,11,-9
115900268,2,8,-6
115900269,594,102,492
115900270,281,90,191
115900271,190,0,190
115900272,77,4,73
115900273,18,50,-32
115900274,0,3,-3
115900275,0,13,-13
115900276,2,18,-16
115900277,0,53,-53
115900278,52,98,-46
115900279,29,244,-215
115900280,15,841,-826
115900281,115,344,-229
115900282,31,39,-8
115900283,16,5,11
115900284,21,13,8
116000001,6056,1874,4182
116000002,4987,15661,-10674
116000003,1022,1488,-466
116000004,3604,6329,-2725
116000005,789,2949,-2160
116000006,2730,4293,-1563
116000007,1359,1574,-215
116000008,5511,2876,2635
116000009,800,1159,-359
116000010,3166,1749,1417
116000011,491,864,-373
116000012,2214,1214,1000
116000013,3760,4574,-814
116000014,9897,23224,-13327
116000015,118,1687,-1569
116000016,4194,5043,-849
116000017,21,640,-619
116000018,448,326,122
116000019,1235,279,956
116000020,746,1075,-329
116000021,743,277,466
116000022,489,307,182
116000023,2092,1113,979
116000024,545,839,-294
116000025,995,892,103
116000026,1478,3156,-1678
116000027,470,756,-286
116000028,462,1144,-682
116000029,377,478,-101
116000030,570,620,-50
116000031,79,198,-119
116000032,259,115,144
116000033,589,378,211
116000034,794,702,92
116000035,419,366,53
116000036,449,3787,-3338
116000037,314,490,-176
116000038,146,1429,-1283
116000039,287,1538,-1251
116000040,524,1302,-778
116000041,100,1051,-951
116000042,1048,887,161
116000043,152,454,-302
116000044,16,32,-16
116000045,1875,1389,486
116000046,894,1957,-1063
116000047,1796,2677,-881
116000048,2499,1297,1202
116000049,1622,3023,-1401
116000050,1502,1102,400
116000051,4437,3131,1306
116000052,4228,4084,144
116000053,2556,579,1977
116000054,1188,2511,-1323
116000055,933,839,94
116000056,1730,893,837
116000057,2563,1375,1188
116000058,3614,2737,877
116000059,2338,3785,-1447
116000060,2401,1138,1263
116000061,579,1451,-872
116000062,455,277,178
116000063,571,1998,-1427
116000066,301,670,-369
116000067,318,351,-33
116000068,166,429,-263
116000069,359,197,162
116000078,651,967,-316
116000080,1766,545,1221
116000082,24,15,9
116000083,2210,387,1823
116000084,1070,1820,-750
116000085,1875,1782,93
116000086,743,640,103
116000087,3081,1766,1315
116000088,832,609,223
116000089,209,82,127
116000090,124,102,22
116000091,291,571,-280
116000093,686,375,311
116000094,726,282,444
116000095,944,458,486
116000096,1280,1345,-65
116000097,1107,545,562
116000098,64,7922,-7858
116000099,3733,286,3447
116000100,323,9,314
116000101,983,304,679
116000102,334,645,-311
116000103,445,303,142
116000104,207,585,-378
116000105,1617,103,1514
116000106,389,395,-6
116000107,2605,180,2425
116000108,49,105,-56
116000111,182,52,130
116000113,211,84,127
116000114,35,115,-80
116000115,667,522,145
116000116,163,153,10
116000117,1615,1299,316
116000118,2066,811,1255
116000119,4012,1535,2477
116000120,2626,2165,461
116000121,988,602,386
116000122,785,680,105
116000123,1351,479,872
116000124,409,359,50
116000125,3299,669,2630
116000126,303,560,-257
116000127,680,541,139
116000128,2163,681,1482
116000129,1664,243,1421
116000130,1069,596,473
116000133,1653,636,1017
116000134,1465,796,669
116000135,3319,1265,2054
116000136,733,1225,-492
116000137,1366,674,692
116000138,1388,1072,316
116000139,2086,3939,-1853
116000140,186,192,-6
116000141,451,302,149
116000142,3235,1857,1378
116000143,2373,1619,754
116000144,1773,1400,373
116000145,2836,808,2028
116000146,1120,76,1044
116000147,244,292,-48
116000148,985,1381,-396
116000149,847,694,153
116000151,562,498,64
116000153,123,274,-151
116000155,181,380,-199
116000156,605,576,29
116000157,92,26,66
116000158,488,220,268
116000159,11,5,6
116000160,33,35,-2
116000161,6,47,-41
116000162,54,229,-175
116000163,67,9,58
116000164,14,24,-10
116000177,72,112,-40
116000194,69,276,-207
116000195,1346,450,896
116000196,35,0,35
116000197,12,19,-7
116000198,1997,927,1070
116000200,665,681,-16
116000201,556,459,97
116000202,16,101,-85
116000203,4,27,-23
116000204,3,27,-24
116000205,0,64,-64
116000206,2,62,-60
116000207,7,25,-18
116000233,142,333,-191
116000287,193,198,-5
116000288,377,94,283
116000292,62,94,-32
116000296,15,104,-89
116000297,169,25,144
116000304,206,17,189
116000305,18,93,-75
116000346,110,86,24
116000352,98,83,15
116000354,21,11,10
116000357,2,12,-10
116000358,386,75,311
116000361,127,4,123
116000372,3420,8286,-4866
116000381,85,1,84
116000388,1,26,-25
116000389,745,250,495
116000445,758,185,573
116000446,786,234,552
116000447,25,529,-504
116000448,523,121,402
116000563,663,742,-79
116000565,36,197,-161
116000568,61,634,-573
116000579,17,67,-50
116000583,175,20,155
116000584,30,6,24
116000585,33,33,0
116000586,34,45,-11
116000587,449,383,66
116000589,95,71,24
116000590,144,88,56
116000591,327,132,195
116000592,10,26,-16
116000593,0,20,-20
116000594,1070,130,940
116000595,786,55,731
116000596,199,10,189
116000597,625,203,422
116000598,17,89,-72
116000605,142,70,72
116000606,40,361,-321
116000607,5,119,-114
116000609,104,1183,-1079
116000611,147,163,-16
116000612,1658,2227,-569
116000613,838,300,538
116000614,457,217,240
116000615,2,672,-670
116000616,133,46,87
116000617,150,11,139
116000618,11,25,-14
116000619,47,89,-42
116000620,210,94,116
116000621,123,78,45
116000622,169,63,106
116000624,231,47,184
116000627,178,36,142
116000628,53,152,-99
116000629,50,129,-79
116000630,983,7,976
116000631,442,11,431
116000632,1133,22,1111
116000633,280,119,161
116000634,573,39,534
116000635,2138,4109,-1971
116000636,488,2141,-1653
116000637,760,31,729
116000638,152,145,7
116000640,60,45,15
116000641,0,1,-1
116000644,46,123,-77
116900001,397,124,273
116900002,320,2,318
116900003,73,22,51
116900004,59,98,-39
116900005,328,56,272
116900006,42,90,-48
116900007,119,228,-109
116900008,606,68,538
116900009,15,6,9
116900010,1,478,-477
116900011,15,6,9
116900012,226,304,-78
116900013,1,30,-29
116900014,283,52,231
116900015,745,44,701
116900016,296,6,290
116900017,2,484,-482
116900018,89,61,28
116900019,6,87,-81
116900020,252,1592,-1340
116900023,33,5,28
116900024,944,27,917
116900025,1427,306,1121
116900026,34,416,-382
116900027,28,62,-34
116900028,1,56,-55
116900029,1,111,-110
116900031,0,2,-2
116900032,11,102,-91
116900033,41,8,33
116900034,4,35,-31
116900035,116,120,-4
116900036,7,91,-84
116900038,14,2,12
116900041,48,12,36
116900042,177,239,-62
116900043,15,29,-14
116900047,10,163,-153
116900049,15,183,-168
116900050,73,233,-160
116900051,179,32,147
116900052,184,32,152
116900055,0,7,-7
116900057,20,43,-23
116900058,20,237,-217
116900059,2,43,-41
116900060,96,307,-211
116900062,3,13,-10
116900064,165,167,-2
116900065,42,77,-35
116900067,144,35,109
116900068,174,80,94
116900070,1,1,0
116900072,37,124,-87
116900073,20,62,-42
116900074,4,33,-29
116900076,6,62,-56
116900077,0,14,-14
116900078,121,31,90
116900079,44,99,-55
116900080,14,21,-7
116900081,182,540,-358
116900082,187,775,-588
116900083,5,11,-6
116900084,72,68,4
116900085,23,79,-56
116900086,41,105,-64
116900088,152,31,121
116900090,37,9,28
116900091,385,32,353
116900092,73,405,-332
116900093,3099,1248,1851
116900094,2974,6420,-3446
116900095,192,622,-430
116900096,87,446,-359
116900097,1329,3700,-2371
116900098,741,522,219
116900099,252,1012,-760
116900100,1146,65,1081
116900101,166,575,-409
116900103,4,0,4
116900104,37,177,-140
116900105,345,170,175
116900106,2868,43,2825
116900107,1376,2872,-1496
116900110,23,2,21
116900111,952,191,761
116900112,239,427,-188
116900113,875,3027,-2152
116900116,58,1340,-1282
116900117,247,82,165
116900118,1557,987,570
116900120,451,50,401
116900121,208,16,192
116900122,1043,165,878
116900123,351,198,153
116900124,145,529,-384
116900125,588,69,519
116900126,44,522,-478
116900128,0,56,-56
116900129,1,125,-124
116900130,1168,4535,-3367
116900131,15,102,-87
116900132,56,87,-31
116900133,215,139,76
116900134,243,184,59
116900136,198,110,88
116900137,204,104,100
116900138,172,73,99
116900139,87,218,-131
116900140,104,63,41
116900141,343,161,182
116900142,5,88,-83
116900143,251,120,131
116900144,61,62,-1
116900145,43,90,-47
116900147,185,2082,-1897
116900148,24,39,-15
116900149,63,219,-156
116900150,12,16,-4
116900151,107,51,56
116900153,124,73,51
116900154,151,457,-306
116900155,47,92,-45
116900157,767,63,704
116900158,83,313,-230
116900159,59,630,-571
116900160,998,1218,-220
116900161,3558,9917,-6359
116900162,16,48,-32
116900163,286,27,259
116900164,95,69,26
116900165,632,502,130
116900166,60,29,31
116900167,477,24,453
116900168,475,30,445
116900169,212,2169,-1957
116900170,627,546,81
116900171,37,68,-31
116900172,95,456,-361
116900173,264,13,251
116900174,99,99,0
116900175,277,595,-318
116900178,49,59,-10
116900179,96,500,-404
116900180,100,17,83
116900182,1459,333,1126
116900183,207,57,150
116900185,103,124,-21
116900186,110,64,46
116900187,36,88,-52
116900188,117,30,87
116900189,70,3,67
116900191,241,305,-64
116900192,312,126,186
116900194,96,1916,-1820
116900195,30,33,-3
116900196,19,22,-3
116900197,120,19,101
116900198,47,390,-343
116900200,153,8,145
116900201,178,24,154
116900202,68,16,52
116900203,160,22,138
116900204,22,197,-175
116900206,37,1,36
116900207,9,24,-15
116900208,18,44,-26
116900209,40,37,3
116900210,794,338,456
116900211,240,3,237
116900212,120,24,96
116900213,256,62,194
116900214,328,199,129
116900215,5,13,-8
116900216,317,181,136
116900218,0,209,-209
116900219,608,190,418
116900220,199,237,-38
116900221,168,250,-82
116900222,441,290,151
116900223,63,213,-150
116900226,143,29,114
116900227,271,37,234
116900228,330,138,192
116900230,59,103,-44
116900231,105,133,-28
116900232,34,152,-118
116900233,305,86,219
116900234,29,21,8
116900235,138,225,-87
116900238,740,159,581
116900239,35,867,-832
116900240,3162,3308,-146
116900241,149,31,118
116900242,428,1067,-639
116900243,0,11,-11
116900245,43,42,1
116900246,191,16,175
116900247,993,48,945
116900248,88,22,66
116900249,581,31,550
116900250,414,41,373
116900251,267,880,-613
116900252,205,413,-208
116900254,30,75,-45
116900255,179,135,44
116900256,697,88,609
116900257,3,99,-96
116900258,0,57,-57
116900259,361,5,356
116900260,3,40,-37
116900261,117,3,114
116900262,178,42,136
116900263,1,24,-23
116900264,0,11,-11
116900265,132,1,131
116900266,25,9,16
116900267,7,0,7
116900268,168,150,18
116900269,360,1018,-658
116900271,546,424,122
116900272,569,317,252
116900273,38,576,-538
116900274,209,19,190
116900275,225,34,191
116900276,284,341,-57
116900277,165,20,145
116900278,0,1,-1
116900279,6,15,-9
116900280,21,9,12
116900281,2915,6015,-3100
116900282,4,54,-50
116900283,3,39,-36
116900284,19,84,-65
116900285,137,298,-161
116900286,97,19,78
116900287,13,10,3
116900288,142,50,92
116900289,30,2,28
116900290,24,4,20
116900291,36,19,17
116900292,1,51,-50
116900293,78,8,70
116900294,14,92,-78
116900295,165,498,-333
116900296,49,365,-316
116900297,5,70,-65
116900298,90,400,-310
116900299,33,470,-437
116900300,8,170,-162
116900301,37,1045,-1008
116900302,4,156,-152
116900303,131,230,-99
116900304,1,320,-319
116900305,13,33,-20
116900306,382,47,335
116900307,132,3,129
116900308,13,50,-37
116900309,182,28,154
117000001,3219,3296,-77
117000002,2190,3830,-1640
117000003,6599,3923,2676
117000004,2319,5118,-2799
117000005,4436,2556,1880
117000006,1196,1956,-760
117000007,7146,1267,5879
117000008,1056,2356,-1300
117000009,5031,1837,3194
117000010,1551,2599,-1048
117000011,3330,1327,2003
117000012,1812,811,1001
117000013,2597,1016,1581
117000014,1316,2195,-879
117000015,3226,1602,1624
117000016,410,547,-137
117000017,73,1366,-1293
117000018,95,1183,-1088
117000019,98,160,-62
117000020,745,2355,-1610
117000021,2197,1044,1153
117000022,262,671,-409
117000023,106,1429,-1323
117000024,88,1381,-1293
117000025,143,4385,-4242
117000026,1786,4581,-2795
117000027,1196,4527,-3331
117000028,1027,3521,-2494
117000030,389,367,22
117000031,403,433,-30
117000032,1537,1635,-98
117000033,1918,922,996
117000034,350,236,114
117000035,373,472,-99
117000036,469,251,218
117000037,374,233,141
117000038,360,538,-178
117000039,383,346,37
117000040,219,561,-342
117000041,1393,120,1273
117000044,6,716,-710
117000045,1032,176,856
117000046,530,914,-384
117000047,1174,799,375
117000048,1508,800,708
117000049,34,405,-371
117000050,315,1220,-905
117000051,3297,71,3226
117000052,55,187,-132
117000053,873,36,837
117000054,2257,8,2249
117000055,10,1044,-1034
117000056,720,23,697
117000057,351,1344,-993
117000060,457,1072,-615
117000061,2907,1549,1358
117000062,166,878,-712
117000063,2392,980,1412
117000064,649,702,-53
117000066,559,701,-142
117000067,152,732,-580
117000074,28,173,-145
117000076,48,50,-2
117000077,215,175,40
117000078,152,462,-310
117000079,415,233,182
117000080,3,440,-437
117000081,1068,190,878
117000082,39,72,-33
117000083,180,4,176
117000084,136,3,133
117000085,397,787,-390
117000086,687,283,404
117000087,82,534,-452
117000088,388,144,244
117000089,2444,197,2247
117000090,294,689,-395
117000091,1373,175,1198
117000092,538,640,-102
117000093,2149,626,1523
117000094,994,1249,-255
117000095,4193,640,3553
117000096,638,1181,-543
117000097,2530,908,1622
117000098,1524,2169,-645
117000099,5563,1042,4521
117000100,265,352,-87
117000101,129,581,-452
117000102,2766,650,2116
117000103,407,800,-393
117000104,2137,679,1458
117000105,502,853,-351
117000106,2184,541,1643
117000107,541,910,-369
117000108,3195,1032,2163
117000109,829,1241,-412
117000110,2537,2127,410
117000111,4449,3743,706
117000112,4008,1343,2665
117000113,147,69,78
117000114,328,90,238
117000115,78,39,39
117000116,218,150,68
117000117,1865,1030,835
117000118,497,246,251
117000119,189,839,-650
117000120,95,2218,-2123
117000121,31,1320,-1289
117000122,1077,1796,-719
117000123,3020,60,2960
117000124,128,310,-182
117000125,96,986,-890
117000126,47,22,25
117000127,84,484,-400
117000128,89,1562,-1473
117000129,358,2158,-1800
117000130,241,7,234
117000131,0,66,-66
117000132,4193,65,4128
117000133,3027,26,3001
117000134,0,238,-238
117000135,2,236,-234
117000136,1,111,-110
117000137,267,159,108
117000138,1,1097,-1096
117000140,321,739,-418
117000141,2862,507,2355
117000181,305,236,69
117000182,2671,1068,1603
117000195,136,469,-333
117000196,344,167,177
117000225,52,310,-258
117000226,5,397,-392
117000276,388,26,362
117000277,0,105,-105
117000310,1180,2231,-1051
117000315,173,785,-612
117000320,85,0,85
117000906,600,13,587
117000907,12,181,-169
117000909,100,74,26
117000910,301,149,152
117000911,78,131,-53
117000915,6,165,-159
117000916,79,3,76
117000917,1965,35,1930
117000918,260,68,192
117000919,36,32,4
117000920,0,563,-563
117000921,0,317,-317
117000922,14,47,-33
117000924,876,861,15
117000926,664,584,80
117000927,202,825,-623
117000928,1,125,-124
117000929,411,98,313
117000930,683,12,671
117000931,79,177,-98
117900002,51,1000,-949
117900003,117,178,-61
117900005,13,308,-295
117900006,0,10,-10
117900007,193,69,124
117900008,0,5,-5
117900010,549,100,449
117900011,18,813,-795
117900012,92,57,35
117900013,0,148,-148
117900014,902,198,704
117900015,15,82,-67
117900016,785,849,-64
117900017,1064,592,472
117900018,387,1317,-930
117900019,1091,188,903
117900020,32,419,-387
117900021,60,119,-59
117900023,3420,94,3326
117900024,85,64,21
117900025,24,3,21
117900026,590,177,413
117900028,64,7,57
117900029,442,499,-57
117900030,585,299,286
117900031,219,620,-401
117900032,792,557,235
117900033,709,422,287
117900034,53,17,36
117900035,255,73,182
117900036,523,197,326
117900037,156,53,103
117900038,23,61,-38
117900039,0,15,-15
117900040,115,134,-19
117900041,1,26,-25
117900042,2219,248,1971
117900043,4,22,-18
117900044,11,5526,-5515
117900045,321,110,211
117900048,374,68,306
117900049,586,300,286
117900050,16,1280,-1264
117900051,24,1,23
117900052,78,585,-507
117900053,1732,165,1567
117900054,5,15,-10
117900055,2776,385,2391
117900056,35,173,-138
117900057,902,753,149
117900058,22,117,-95
117900059,119,101,18
117900060,2960,1830,1130
117900061,35,588,-553
117900063,623,150,473
117900065,267,663,-396
117900066,6,95,-89
117900067,1193,122,1071
117900069,1216,211,1005
117900070,83,244,-161
117900071,295,102,193
117900073,927,168,759
117900074,44,627,-583
117900075,77,35,42
117900076,75,118,-43
117900077,593,97,496
117900078,462,627,-165
117900080,262,47,215
117900081,268,219,49
117900082,683,333,350
117900083,752,283,469
117900086,393,42,351
117900087,196,19,177
117900088,1052,1085,-33
117900089,2662,543,2119
117900090,707,368,339
117900091,120,33,87
117900092,125,30,95
117900093,101,42,59
117900094,54,29,25
117900095,614,1637,-1023
117900096,222,456,-234
117900097,232,32,200
117900098,90,10,80
117900099,273,689,-416
117900100,596,8,588
117900101,909,2598,-1689
117900102,137,13,124
117900103,90,3,87
117900104,5,379,-374
117900105,77,142,-65
117900106,103,44,59
117900107,30,0,30
117900109,902,318,584
117900110,208,2,206
117900111,658,44,614
117900112,48,9,39
117900113,1057,2168,-1111
117900114,59,0,59
117900115,228,379,-151
117900116,585,533,52
117900117,843,126,717
117900118,93,1,92
117900119,212,28,184
117900120,741,33,708
117900121,134,5,129
117900122,880,5221,-4341
117900123,1283,254,1029
117900124,387,370,17
117900125,1441,1604,-163
117900126,152,303,-151
117900127,496,194,302
117900128,403,219,184
117900129,149,1,148
117900130,549,289,260
117900131,12,54,-42
117900132,14,63,-49
117900133,20,53,-33
117900134,40,135,-95
117900135,18,44,-26
117900136,0,12,-12
117900137,36,107,-71
117900138,1,11,-10
117900139,119,69,50
117900140,5082,547,4535
117900141,78,295,-217
117900142,18,486,-468
117900144,49,1678,-1629
117900145,7,209,-202
117900146,203,352,-149
117900147,142,88,54
117900148,2887,2813,74
117900149,131,101,30
117900150,98,110,-12
117900151,42,235,-193
117900152,134,106,28
117900153,27,168,-141
117900154,646,420,226
117900156,523,556,-33
117900157,67,442,-375
117900158,356,97,259
117900160,812,695,117
117900161,886,1002,-116
117900162,1091,501,590
117900163,14,835,-821
117900165,1,5,-4
117900166,61,516,-455
117900168,67,95,-28
117900169,2,26,-24
117900170,3,9,-6
117900171,6,9,-3
117900172,13,4,9
117900173,52,59,-7
117900174,6,37,-31
117900175,4,13,-9
117900176,13,19,-6
117900177,13,17,-4
117900178,67,24,43
117900180,168,24,144
117900181,43,363,-320
117900182,2,27,-25
117900183,83,137,-54
117900184,25,24,1
117900185,79,9,70
117900186,26,8,18
117900187,14,9,5
117900188,105,23,82
117900189,50,27,23
117900190,10,2,8
117900191,108,1,107
117900192,153,3,150
117900193,3,42,-39
117900194,13,1,12
117900195,9,42,-33
117900196,16,12,4
117900207,79,111,-32
117900208,22,15,7
117900209,156,94,62
117900210,103,94,9
117900211,5,64,-59
117900212,142,158,-16
117900213,55,2,53
117900214,4,7,-3
117900215,41,37,4
117900216,29,106,-77
117900217,73,367,-294
117900218,116,175,-59
117900219,3,287,-284
117900220,33,632,-599
117900222,195,106,89
117900223,118,279,-161
118000001,637,2638,-2001
118000002,291,1215,-924
118000003,2535,6036,-3501
118000004,1775,5180,-3405
118000005,4251,3948,303
118000006,3855,5474,-1619
118000007,4490,9701,-5211
118000008,1138,4990,-3852
118000009,1341,2944,-1603
118000010,3929,3404,525
118000011,1989,1005,984
118000012,1144,1244,-100
118000013,2278,1994,284
118000014,1786,1277,509
118000016,355,199,156
118000017,950,453,497
118000018,400,213,187
118000019,1362,2382,-1020
118000020,619,2951,-2332
118000021,490,3599,-3109
118000022,1042,786,256
118000023,393,379,14
118000024,512,1027,-515
118000027,9025,8219,806
118000029,449,853,-404
118000032,240,2525,-2285
118000033,1936,5629,-3693
118000034,3175,3959,-784
118000035,2152,3045,-893
118000036,897,1243,-346
118000037,668,1724,-1056
118000038,884,117,767
118000039,114,76,38
118000040,1849,1542,307
118000041,3514,1457,2057
118000045,286,154,132
118000046,1014,2243,-1229
118000047,553,4114,-3561
118000048,1218,4667,-3449
118000051,683,5510,-4827
118000052,366,2952,-2586
118000053,339,546,-207
118000054,2498,668,1830
118000055,2701,1857,844
118000056,129,546,-417
118000057,133,335,-202
118000058,1563,4328,-2765
118000059,1358,2471,-1113
118000060,1203,479,724
118000061,1012,1099,-87
118000062,432,271,161
118000063,353,1044,-691
118000064,558,1315,-757
118000065,1418,1552,-134
118000066,1438,4204,-2766
118000067,461,595,-134
118000068,765,8955,-8190
118000069,1135,1344,-209
118000070,4929,2257,2672
118000071,3492,10060,-6568
118000072,682,3446,-2764
118000073,450,1670,-1220
118000074,542,714,-172
118000075,474,347,127
118000076,2030,6715,-4685
118000077,1110,2374,-1264
118000078,1781,3429,-1648
118000079,226,501,-275
118000080,602,1577,-975
118000081,1383,2704,-1321
118000082,315,1309,-994
118000083,1429,1892,-463
118000084,1915,2411,-496
118000086,210,529,-319
118000087,3754,2450,1304
118000088,1166,1926,-760
118000089,3831,3034,797
118000090,949,3542,-2593
118000091,1109,4557,-3448
118000092,838,771,67
118000093,88,763,-675
118000096,575,860,-285
118000097,508,793,-285
118000098,228,378,-150
118000099,1122,495,627
118000101,2144,398,1746
118000102,463,529,-66
118000107,2327,727,1600
118000108,676,3910,-3234
118000110,2,60,-58
118000111,0,144,-144
118000112,987,3,984
118000113,18,209,-191
118000114,736,10,726
118000115,5,4,1
118000116,16,0,16
118000117,689,865,-176
118000118,1083,2177,-1094
118000119,989,2191,-1202
118000120,1362,1379,-17
118000121,24,761,-737
118000122,569,248,321
118000123,51,343,-292
118000125,990,1638,-648
118000126,499,2197,-1698
118000127,1171,1103,68
118000128,303,1962,-1659
118000129,1531,756,775
118000130,2061,2728,-667
118000131,259,711,-452
118000132,3291,2458,833
118000133,1555,695,860
118000135,476,1115,-639
118000136,219,901,-682
118000137,464,99,365
118000138,341,462,-121
118000139,446,117,329
118000140,4042,8242,-4200
118000141,3215,1653,1562
118000142,2995,1597,1398
118000143,3617,1321,2296
118000144,838,521,317
118000145,1420,1105,315
118000146,1604,420,1184
118000147,1161,860,301
118000148,804,1153,-349
118000149,1077,528,549
118000150,723,294,429
118000151,941,315,626
118000153,2301,876,1425
118000154,1650,1181,469
118000155,3264,1129,2135
118000156,1792,3112,-1320
118000157,667,290,377
118000158,349,476,-127
118000159,42,70,-28
118000160,939,287,652
118000161,726,277,449
118000162,1264,950,314
118000163,1254,986,268
118000164,1963,1423,540
118000168,350,820,-470
118000169,1084,795,289
118000170,2654,2069,585
118000171,544,320,224
118000172,143,114,29
118000173,878,979,-101
118000175,229,297,-68
118000176,402,561,-159
118000177,377,703,-326
118000178,64,39,25
118000179,814,1026,-212
118000180,803,579,224
118000181,807,213,594
118000182,293,220,73
118000183,292,254,38
118000184,1295,480,815
118000185,664,2008,-1344
118000186,575,1184,-609
118000187,2432,404,2028
118000188,925,54,871
118000189,890,298,592
118000190,8,9,-1
118000191,15,25,-10
118000192,28,125,-97
118000193,6,191,-185
118000194,1587,808,779
118000195,253,5892,-5639
118000196,112,755,-643
118000197,60,197,-137
118000198,284,1569,-1285
118000199,290,1231,-941
118000200,64,721,-657
118000201,132,791,-659
118000202,17,319,-302
118000203,305,1195,-890
118000204,51,565,-514
118000205,50,267,-217
118000206,267,294,-27
118000207,0,43,-43
118000208,1440,1493,-53
118000209,2747,901,1846
118000210,187,53,134
118000211,106,66,40
118000213,345,5550,-5205
118000214,254,812,-558
118000215,605,80,525
118000216,5851,1409,4442
118000217,15,63,-48
118000218,77,45,32
118000219,261,263,-2
118000220,17,70,-53
118000221,527,430,97
118000222,65,20,45
118000223,111,55,56
118000224,141,66,75
118000225,131,1514,-1383
118000226,1065,189,876
118000227,813,409,404
118000228,29,406,-377
118000229,56,629,-573
118000230,146,173,-27
118000231,77,269,-192
118000232,1096,325,771
118000233,1345,536,809
118000234,587,150,437
118000236,262,309,-47
118000237,174,156,18
118000238,223,110,113
118000239,414,237,177
118000240,136,62,74
118000241,201,88,113
118000242,459,177,282
118000243,298,116,182
118000244,110,32,78
118000246,0,30,-30
118000255,82,249,-167
118000256,224,205,19
118000259,18,59,-41
118000260,235,53,182
118000261,72,4,68
118000263,90,144,-54
118000266,134,199,-65
118000267,1,324,-323
118000268,225,3,222
118000270,108,4,104
118000271,316,177,139
118000272,96,19,77
118000273,343,41,302
118000274,96,212,-116
118000276,625,200,425
118000295,41,86,-45
118000298,77,134,-57
118000299,81,99,-18
118000301,0,184,-184
118000302,134,25,109
118000311,1021,52,969
118000312,348,87,261
118000313,46,32,14
118000314,151,26,125
118000315,39,22,17
118000316,1057,388,669
118000325,93,12,81
118000326,42,21,21
118000331,31,11,20
118000332,13,12,1
118000333,13,27,-14
118000335,532,1,531
118000336,1,129,-128
118000407,297,33,264
118000457,9,159,-150
118000465,579,2830,-2251
118000480,29,26,3
118000489,4,492,-488
118000490,4,197,-193
118000492,467,164,303
118000510,30,32,-2
118000514,79,651,-572
118000515,482,946,-464
118000517,262,156,106
118000524,148,389,-241
118000525,539,672,-133
118000530,8,144,-136
118000531,517,178,339
118000532,318,208,110
118000533,220,108,112
118000534,659,294,365
118000535,363,112,251
118000536,52,533,-481
118000537,37,88,-51
118000538,17,93,-76
118000539,3,84,-81
118000540,144,204,-60
118000541,52,72,-20
118000542,83,199,-116
118000543,139,280,-141
118000546,38,17,21
118000553,0,2,-2
118000557,0,0,0
118000560,994,2327,-1333
118000562,48,112,-64
118000563,1232,866,366
118000576,265,37,228
118000577,172,166,6
118000578,225,56,169
118000579,767,1774,-1007
118000583,0,0,0
118000595,271,95,176
118000596,1,508,-507
118000597,123,108,15
118000598,2,0,2
118000599,175,34,141
118000600,2,6,-4
118000601,1,0,1
118000602,1,2,-1
118000603,0,9,-9
118000605,50,125,-75
118900001,352,1048,-696
118900002,540,1061,-521
118900003,537,5,532
118900004,42,17,25
118900005,85,16,69
118900006,241,3,238
118900007,1,1,0
118900008,915,57,858
118900009,44,86,-42
118900010,76,12,64
118900011,156,22,134
118900012,270,221,49
118900013,804,306,498
118900015,292,38,254
118900016,8,5,3
118900017,41,256,-215
118900018,1150,18,1132
118900019,5,37,-32
118900020,32,303,-271
118900021,144,427,-283
118900022,141,44,97
118900023,64,135,-71
118900024,124,133,-9
118900025,35,22,13
118900026,79,30,49
118900027,455,134,321
118900028,197,111,86
118900029,177,400,-223
118900030,570,57,513
118900031,119,30,89
118900032,398,103,295
118900033,276,686,-410
118900034,148,8,140
118900035,118,50,68
118900036,1301,446,855
118900037,240,583,-343
118900038,590,67,523
118900039,693,82,611
118900040,240,100,140
118900041,670,245,425
118900042,146,76,70
118900045,187,222,-35
118900046,489,415,74
118900047,341,356,-15
118900048,166,636,-470
118900049,62,57,5
118900050,65,10,55
118900051,66,122,-56
118900052,209,495,-286
118900053,11,98,-87
118900054,146,30,116
118900055,124,10,114
118900056,15,353,-338
118900057,820,499,321
118900058,487,495,-8
118900059,23,136,-113
118900060,70,86,-16
118900062,228,113,115
118900064,180,605,-425
118900065,31,114,-83
118900066,105,50,55
118900067,3278,3986,-708
118900068,24,282,-258
118900069,608,180,428
118900071,5,19,-14
118900072,738,416,322
118900073,271,83,188
118900074,250,40,210
118900075,126,6,120
118900076,195,186,9
118900077,347,137,210
118900078,7,2,5
118900079,51,85,-34
118900080,51,55,-4
118900081,42,104,-62
118900082,1729,212,1517
118900083,31,1,30
118900084,5,21,-16
118900085,589,428,161
118900086,39,122,-83
118900087,108,491,-383
118900088,0,2,-2
118900089,32,13,19
118900090,564,168,396
118900091,83,253,-170
118900092,224,39,185
118900093,105,19,86
118900096,33,143,-110
118900097,244,495,-251
118900099,49,145,-96
118900100,73,208,-135
118900101,134,137,-3
118900102,45,93,-48
118900103,10,133,-123
118900104,232,52,180
118900105,208,47,161
118900107,52,24,28
118900108,99,46,53
118900110,1181,891,290
118900111,722,246,476
118900112,142,159,-17
118900113,65,229,-164
118900114,12,212,-200
118900115,64,288,-224
118900116,77,131,-54
118900117,129,109,20
118900118,250,181,69
118900119,201,118,83
118900120,101,287,-186
118900121,37,56,-19
118900122,13,971,-958
118900123,178,217,-39
118900124,69,163,-94
118900126,20,476,-456
118900129,337,286,51
118900130,39,307,-268
118900131,406,109,297
118900132,307,194,113
118900133,9,136,-127
118900135,195,110,85
118900136,258,252,6
118900137,23,70,-47
118900139,341,117,224
118900140,546,380,166
118900141,124,31,93
118900144,183,211,-28
118900145,7,70,-63
118900146,352,453,-101
118900147,130,487,-357
118900148,67,29,38
118900150,127,419,-292
118900152,611,401,210
118900157,68,256,-188
118900158,127,27,100
118900159,1,56,-55
118900161,36,14,22
118900163,66,34,32
118900164,12,30,-18
118900165,27,19,8
118900166,28,0,28
118900167,120,36,84
118900168,7,188,-181
118900169,87,54,33
118900170,202,16,186
118900171,56,35,21
118900174,102,34,68
118900175,697,371,326
118900176,267,253,14
118900177,65,32,33
118900178,61,92,-31
118900179,3,9,-6
118900181,116,49,67
118900182,25,29,-4
118900183,34,105,-71
118900184,185,69,116
118900185,133,55,78
118900186,73,128,-55
118900187,183,339,-156
118900188,219,256,-37
118900189,25,737,-712
118900190,48,129,-81
118900191,415,12,403
118900192,409,7,402
118900193,749,4,745
118900195,187,317,-130
118900196,43,109,-66
118900197,315,36,279
118900198,40,2,38
118900199,91,8,83
118900200,16,17,-1
118900201,19,42,-23
118900202,9,52,-43
118900203,18,4,14
118900204,42,8,34
118900205,13,1,12
118900206,1,2,-1
119000001,1459,2253,-794
119000002,3365,3265,100
119000003,3455,689,2766
119000004,2740,1836,904
119000005,2642,2707,-65
119000006,4942,1806,3136
119000007,4036,3826,210
119000008,1957,1672,285
119000009,2883,6659,-3776
119000010,3940,4255,-315
119000011,1977,2771,-794
119000012,999,2852,-1853
119000013,3541,2165,1376
119000014,1378,1813,-435
119000019,352,134,218
119000020,2804,1977,827
119000021,6142,4049,2093
119000022,1156,3690,-2534
119000023,309,261,48
119000024,1698,19085,-17387
119000025,3295,945,2350
119000026,40,735,-695
119000027,177,452,-275
119000028,1655,485,1170
119000029,73,252,-179
119000030,583,816,-233
119000031,948,500,448
119000032,1487,1523,-36
119000033,2181,1110,1071
119000034,1419,496,923
119000035,34,185,-151
119000036,3077,444,2633
119000037,1465,644,821
119000038,212,334,-122
119000039,693,332,361
119000040,936,945,-9
119000041,714,1453,-739
119000048,2408,1512,896
119000049,2979,1261,1718
119000050,1598,1232,366
119000051,2718,1052,1666
119000052,3230,2340,890
119000053,2127,1058,1069
119000054,3894,1444,2450
119000055,6044,2182,3862
119000056,4096,1564,2532
119000057,2085,897,1188
119000058,1855,1102,753
119000059,1144,1002,142
119000060,2001,732,1269
119000061,1079,549,530
119000062,1079,1013,66
119000063,808,589,219
119000064,858,699,159
119000065,1237,2662,-1425
119000066,2208,1212,996
119000067,1918,1259,659
119000068,2179,855,1324
119000069,1803,1280,523
119000070,3380,730,2650
119000071,411,475,-64
119000072,4363,2307,2056
119000073,3593,9780,-6187
119000074,1656,1311,345
119000075,3939,1943,1996
119000076,200,928,-728
119000077,514,450,64
119000078,541,233,308
119000079,217,535,-318
119000080,1085,106,979
119000081,260,352,-92
119000082,809,223,586
119000083,748,449,299
119000084,273,275,-2
119000085,498,127,371
119000086,428,689,-261
119000087,789,293,496
119000088,388,165,223
119000089,113,203,-90
119000090,123,47,76
119000091,70,251,-181
119000092,255,120,135
119000093,3780,1940,1840
119000094,4842,5367,-525
119000095,2603,3649,-1046
119000097,1794,841,953
119000098,1429,4355,-2926
119000099,2268,875,1393
119000100,4906,2838,2068
119000101,3211,1271,1940
119000102,464,1722,-1258
119000103,993,526,467
119000104,1335,770,565
119000105,910,3082,-2172
119000106,462,536,-74
119000107,1299,581,718
119000108,701,438,263
119000109,134,548,-414
119000110,287,327,-40
119000111,31,819,-788
119000112,187,90,97
119000113,1136,290,846
119000114,1731,1180,551
119000115,129,120,9
119000116,113,81,32
119000117,103,349,-246
119000118,1,0,1
119000123,2264,3420,-1156
119000124,1221,178,1043
119000125,5692,441,5251
119000126,1901,422,1479
119000127,1123,298,825
119000128,5,0,5
119000131,1252,224,1028
119000132,1,2,-1
119000133,1,5,-4
119000134,1234,541,693
119000135,283,195,88
119000136,523,85,438
119000137,285,155,130
119000138,1053,66,987
119000139,237,93,144
119000140,454,400,54
119000284,921,1749,-828
119000285,1451,1228,223
119000286,3213,2526,687
119000287,1167,1237,-70
119000288,1889,770,1119
119000289,1099,2726,-1627
119000290,234,210,24
119000291,52,151,-99
119000293,153,191,-38
119000294,79,38,41
119000295,1124,184,940
119000296,300,159,141
119000297,0,0,0
119000299,0,0,0
119000302,1445,1182,263
119000303,21,361,-340
119000314,1472,15218,-13746
119000315,0,110,-110
119000316,326,75,251
119000317,117,108,9
119900001,157,2018,-1861
119900002,211,223,-12
119900003,29,389,-360
119900004,147,2361,-2214
119900005,300,283,17
119900006,151,397,-246
119900007,669,182,487
119900008,21,32,-11
119900009,505,268,237
119900010,556,455,101
119900011,33,257,-224
119900012,10,135,-125
119900013,1683,1347,336
119900014,363,102,261
119900015,362,36,326
119900016,65,27,38
119900017,65,36,29
119900018,933,1201,-268
119900019,36,7,29
119900020,184,210,-26
119900021,197,31,166
119900022,79,943,-864
119900023,303,3231,-2928
119900025,413,24,389
119900026,835,146,689
119900027,13,28,-15
119900028,181,222,-41
119900029,6,2,4
119900030,359,267,92
119900031,50,1035,-985
119900033,1156,278,878
119900034,875,23,852
119900037,268,13,255
119900038,50,517,-467
119900039,61,7,54
119900040,171,19,152
119900041,169,10,159
119900042,38,162,-124
119900043,114,64,50
119900044,174,879,-705
119900046,245,24,221
119900047,337,204,133
119900048,331,16,315
119900049,310,2,308
119900050,164,137,27
119900051,1250,11,1239
119900052,127,8,119
119900053,324,86,238
119900054,413,5,408
119900055,1528,413,1115
119900057,335,15,320
119900058,483,7,476
119900059,57,13,44
119900060,295,30,265
119900061,337,5,332
119900062,83,6,77
119900063,4,58,-54
119900065,307,2,305
119900067,79,7,72
119900068,975,3,972
119900069,167,6,161
119900070,1024,9,1015
119900071,776,23,753
119900073,997,389,608
119900074,18,11,7
119900075,1213,1693,-480
119900076,1347,149,1198
119900077,1385,371,1014
119900078,1066,632,434
119900079,791,73,718
119900080,288,268,20
119900081,905,23,882
119900082,2062,245,1817
119900083,299,70,229
119900084,349,499,-150
119900085,57,25,32
119900086,610,354,256
119900087,426,714,-288
119900088,49,25,24
119900089,61,138,-77
119900090,42,14,28
119900091,50,176,-126
119900092,41,138,-97
119900093,1679,184,1495
119900094,25,70,-45
119900095,132,107,25
119900096,22,89,-67
119900097,197,166,31
119900098,49,41,8
119900099,25,91,-66
119900100,497,2537,-2040
119900101,90,1572,-1482
119900102,74,118,-44
119900103,31,116,-85
119900104,21,80,-59
119900105,474,2223,-1749
119900106,5,111,-106
119900107,172,924,-752
119900108,3172,515,2657
119900109,27,94,-67
119900110,737,295,442
119900111,102,83,19
119900112,516,721,-205
119900113,77,181,-104
119900114,221,437,-216
119900115,467,300,167
119900116,78,340,-262
119900117,388,263,125
119900118,155,201,-46
119900119,434,89,345
119900120,456,269,187
119900121,640,277,363
119900122,98,129,-31
119900123,130,229,-99
119900124,258,285,-27
119900125,22,210,-188
119900126,1981,153,1828
119900127,696,401,295
119900128,485,267,218
119900129,327,125,202
119900130,5,156,-151
119900131,30,57,-27
119900132,0,76,-76
119900133,114,63,51
119900134,418,101,317
119900135,1,141,-140
119900136,69,200,-131
119900138,157,287,-130
119900139,10,54,-44
119900140,3,85,-82
119900141,49,883,-834
119900142,0,16,-16
119900143,26,227,-201
119900144,886,185,701
119900145,112,67,45
119900146,93,111,-18
119900147,2,134,-132
119900148,353,29,324
119900149,431,5907,-5476
119900150,90,68,22
119900151,1321,732,589
119900152,225,120,105
119900153,194,22,172
119900154,59,159,-100
119900155,105,14,91
119900156,14,1,13
119900157,185,110,75
119900158,181,29,152
119900159,9,323,-314
119900160,21,44,-23
119900161,128,108,20
119900162,1140,792,348
119900163,64,111,-47
119900164,0,2,-2
119900165,242,232,10
119900166,99,30,69
119900167,10,18,-8
119900168,1454,244,1210
119900169,50,210,-160
119900170,82,273,-191
119900171,676,383,293
119900172,39,16,23
119900173,6,79,-73
119900174,14,68,-54
119900175,1975,269,1706
119900177,17,118,-101
119900178,44,104,-60
119900179,176,774,-598
119900180,1165,649,516
119900181,20,113,-93
119900182,2,93,-91
119900183,111,421,-310
119900184,629,300,329
119900185,55,271,-216
119900186,27,1577,-1550
119900187,1,192,-191
119900188,159,242,-83
119900189,107,290,-183
119900190,76,307,-231
119900191,139,433,-294
119900192,59,86,-27
119900193,458,66,392
119900194,13,73,-60
119900195,5,88,-83
119900196,198,136,62
119900197,328,175,153
119900198,123,128,-5
119900199,131,20,111
119900200,678,381,297
119900201,154,84,70
119900202,50,255,-205
119900203,165,627,-462
119900204,383,198,185
119900205,1119,186,933
119900206,312,101,211
119900208,99,105,-6
119900209,695,1845,-1150
119900210,64,24,40
119900211,85,1,84
119900212,345,209,136
119900213,6,82,-76
119900214,95,32,63
119900215,95,41,54
119900216,11,17,-6
119900217,18,10,8
119900218,2,86,-84
119900219,15,37,-22
119900220,10,18,-8
119900221,30,70,-40
119900222,28,50,-22
119900223,20,17,3
119900224,15,10,5
119900225,290,20,270
119900226,248,1695,-1447
119900227,258,192,66
119900228,11,94,-83
119900229,154,222,-68
119900230,793,201,592
119900231,271,46,225
119900232,140,118,22
119900233,99,7,92
119900234,21,72,-51
119900235,5,16,-11
119900236,15,168,-153
119900237,43,242,-199
119900238,1,37,-36
119900240,114,38,76
119900241,167,135,32
119900242,1040,1178,-138
119900244,496,897,-401
119900245,165,209,-44
119900246,196,584,-388
119900247,17,103,-86
119900248,43,335,-292
119900249,381,89,292
119900253,989,277,712
119900254,60,1259,-1199
119900255,146,857,-711
119900256,899,271,628
119900257,93,3,90
119900258,203,14,189
119900259,5,25,-20
119900260,166,7,159
119900261,585,75,510
119900262,1,64,-63
119900263,1612,200,1412
119900264,224,41,183
119900265,455,225,230
119900266,449,184,265
119900267,255,306,-51
119900268,260,78,182
119900269,1122,381,741
119900271,10,52,-42
119900272,196,299,-103
119900275,177,35,142
119900276,233,14,219
119900277,28,9,19
119900278,264,103,161
119900279,90,249,-159
119900280,493,57,436
119900281,2,439,-437
119900282,20,136,-116
119900283,18,66,-48
119900284,29,122,-93
119900285,1,91,-90
119900286,0,6,-6
119900288,2,8,-6
119900289,2,5,-3
119900290,3,0,3
119900291,1,52,-51
119900292,72,92,-20
119900293,31,43,-12
119900294,56,48,8
119900295,52,23,29
119900296,96,37,59
119900297,0,22,-22
119900298,4,7,-3
119900299,39,104,-65
119900300,209,120,89
119900301,23,94,-71
119900302,11,103,-92
119900303,288,105,183
119900304,205,43,162
119900305,5,70,-65
119900306,40,5,35
119900307,57,20,37
119900308,3,13,-10
119900309,47,245,-198
119900310,208,201,7
119900311,187,32,155
119900312,171,33,138
119900313,278,193,85
119900314,201,433,-232
119900315,2357,860,1497
119900318,19,66,-47
119900319,0,72,-72
119900320,295,143,152
119900321,134,9,125
120000001,6926,32208,-25282
120000002,2509,2472,37
120000003,2205,1257,948
120000004,2673,1109,1564
120000005,2412,1394,1018
120000006,1536,995,541
120000007,2403,4645,-2242
120000008,1021,1151,-130
120000009,1422,749,673
120000010,2300,2018,282
120000011,1057,1204,-147
120000012,1763,1663,100
120000013,4032,2641,1391
120000014,903,1303,-400
120000015,2733,1411,1322
120000016,5033,2198,2835
120000017,4784,4165,619
120000018,3413,18711,-15298
120000019,1304,1999,-695
120000020,2601,4117,-1516
120000021,1908,2476,-568
120000022,2889,3976,-1087
120000023,1748,1628,120
120000024,1272,2337,-1065
120000025,3265,1754,1511
120000026,3896,2088,1808
120000027,3079,2477,602
120000028,973,4559,-3586
120000029,772,2028,-1256
120000030,122,807,-685
120000031,1931,5166,-3235
120000032,4405,2816,1589
120000033,4371,1245,3126
120000034,3320,1053,2267
120000035,3713,1834,1879
120000036,3699,5335,-1636
120000037,745,1977,-1232
120000038,3351,3032,319
120000039,742,744,-2
120000040,81,908,-827
120000041,467,1212,-745
120000042,1788,1242,546
120000043,4922,897,4025
120000044,6707,1239,5468
120000045,9999,793,9206
120000046,6119,3649,2470
120000047,444,10062,-9618
120000048,7740,4690,3050
120000049,5039,3307,1732
120000050,3889,5293,-1404
120000051,2369,4126,-1757
120000052,7074,1646,5428
120000053,1737,1471,266
120000054,1376,2214,-838
120000055,1483,2971,-1488
120000056,4798,3100,1698
120000057,4202,1954,2248
120000058,1214,3056,-1842
120000059,25,1938,-1913
120000061,93,440,-347
120000062,126,305,-179
120000063,745,1895,-1150
120000064,233,524,-291
120000065,321,671,-350
120000066,163,336,-173
120000067,18,252,-234
120000068,274,317,-43
120000069,636,282,354
120000070,148,333,-185
120000071,945,63,882
120000072,1049,423,626
120000073,1145,77,1068
120000074,116,115,1
120000075,1447,289,1158
120000076,2877,326,2551
120000077,2598,729,1869
120000078,3119,1303,1816
120000079,634,323,311
120000080,276,373,-97
120000081,558,198,360
120000082,574,404,170
120000083,115,1093,-978
120000084,342,342,0
120000085,236,327,-91
120000086,287,291,-4
120000087,216,201,15
120000088,768,667,101
120000089,1278,412,866
120000090,1018,316,702
120000091,1079,634,445
120000092,1364,464,900
120000093,918,637,281
120000094,334,874,-540
120000095,856,280,576
120000096,313,329,-16
120000098,982,326,656
120000099,366,385,-19
120000100,822,493,329
120000101,776,248,528
120000102,953,1152,-199
120000103,1761,1047,714
120000104,2648,443,2205
120000105,3657,491,3166
120000106,3626,523,3103
120000107,6639,489,6150
120000108,2495,80,2415
120000109,1417,48,1369
120000110,49,471,-422
120000111,134,550,-416
120000112,502,1246,-744
120000113,522,985,-463
120000114,385,1141,-756
120000115,254,1131,-877
120000116,463,1225,-762
120000117,492,838,-346
120000118,70,40,30
120000119,62,29,33
120000120,161,176,-15
120000121,35,35,0
120000122,285,986,-701
120000123,2143,10778,-8635
120000124,588,471,117
120000125,1033,392,641
120000126,352,2285,-1933
120000127,1205,2479,-1274
120000128,2237,5672,-3435
120000129,204,296,-92
120000130,942,547,395
120000131,539,600,-61
120000134,344,245,99
120000135,1046,507,539
120000137,281,252,29
120000138,1928,185,1743
120000139,301,150,151
120000140,1554,225,1329
120000141,286,251,35
120000142,1038,314,724
120000143,0,64,-64
120000144,156,5,151
120000145,834,6,828
120000146,1242,1849,-607
120000149,519,646,-127
120000150,1662,12970,-11308
120000151,488,375,113
120000152,826,78,748
120000153,486,453,33
120000154,957,738,219
120000155,301,419,-118
120000156,351,2948,-2597
120000157,1208,489,719
120000158,1105,658,447
120000159,1960,1609,351
120000160,2472,1933,539
120000161,3399,2496,903
120000162,157,411,-254
120000163,913,442,471
120000164,862,114,748
120000165,771,250,521
120000166,1614,229,1385
120000167,376,174,202
120000168,12,719,-707
120000169,82,2658,-2576
120000170,26,2409,-2383
120000171,12,789,-777
120000172,16,623,-607
120000173,271,1940,-1669
120000174,39,56,-17
120000175,49,152,-103
120000176,60,77,-17
120000177,558,117,441
120000178,4,17,-13
120000179,18,64,-46
120000180,48,55,-7
120000181,57,1906,-1849
120000182,38,1198,-1160
120000183,5,446,-441
120000184,233,1175,-942
120000186,14,2073,-2059
120000187,28,871,-843
120000188,19,833,-814
120000190,73,86,-13
120000191,95,146,-51
120000192,100,36,64
120000193,29,1,28
120000195,15,2,13
120000196,26,10,16
120000197,7,17,-10
120000198,293,31,262
120000199,472,0,472
120000200,338,1,337
120000201,21,54,-33
120000202,3,33,-30
120000203,163,106,57
120000207,0,18,-18
120000208,8,52,-44
120000209,17,16,1
120000210,114,84,30
120000211,398,1,397
120000212,337,1,336
120000213,194,72,122
120000214,2,105,-103
120000215,0,70,-70
120000216,249,26,223
120000217,219,856,-637
120000218,33,451,-418
120000219,2,266,-264
120000220,3,571,-568
120000225,2849,3,2846
120000226,687,6,681
120000227,1173,113,1060
120000228,13187,5239,7948
120000230,705,26,679
120000231,2249,764,1485
120000233,514,4,510
120000235,300,313,-13
120000236,1481,1,1480
120000237,1,525,-524
120000238,0,694,-694
120000241,1381,4956,-3575
120000412,285,7,278
120000413,657,97,560
120000414,353,1,352
120000415,2,20,-18
120000416,137,1,136
120000417,0,63,-63
120000418,411,17,394
120000419,5,83,-78
120000420,36,11,25
120000421,7087,3968,3119
120000422,95,2414,-2319
120000423,1,80,-79
120000424,304,66,238
120000436,112,1167,-1055
120000437,71,107,-36
120000438,1486,270,1216
120000439,404,814,-410
120000443,168,1,167
120000444,1981,341,1640
120000445,2613,1148,1465
120000446,1822,186,1636
120000447,293,2,291
120000449,391,0,391
120000450,2,52,-50
120000451,241,128,113
120000452,446,3,443
120000453,0,31,-31
120000454,49,54,-5
120000455,154,70,84
120000456,2310,5276,-2966
120000457,471,375,96
120000458,304,333,-29
120000459,192,76,116
120000665,228,391,-163
120000668,134,2313,-2179
120000669,265,116,149
120000670,60,2041,-1981
120000671,2790,1018,1772
120000672,119,401,-282
120900001,81,78,3
120900002,86,781,-695
120900003,204,7,197
120900004,13,183,-170
120900005,41,317,-276
120900006,949,262,687
120900007,276,50,226
120900008,509,396,113
120900009,327,13,314
120900010,921,146,775
120900011,67,206,-139
120900012,43,1523,-1480
120900013,425,99,326
120900014,2,246,-244
120900015,1006,76,930
120900016,1977,113,1864
120900017,1511,94,1417
120900018,160,125,35
120900019,669,567,102
120900020,679,1204,-525
120900021,776,203,573
120900022,10,172,-162
120900023,514,24,490
120900024,1795,326,1469
120900025,1077,945,132
120900026,210,105,105
120900027,708,26,682
120900028,755,192,563
120900029,67,1127,-1060
120900030,3249,838,2411
120900031,517,123,394
120900032,1853,66,1787
120900033,1748,103,1645
120900034,17,4340,-4323
120900035,27,46,-19
120900037,409,8,401
120900038,182,553,-371
120900039,195,52,143
120900040,547,2,545
120900041,75,95,-20
120900042,764,29,735
120900043,164,62,102
120900044,10,599,-589
120900045,60,23,37
120900046,986,5,981
120900047,332,206,126
120900048,331,50,281
120900049,805,3,802
120900050,1004,2783,-1779
120900051,432,57,375
120900052,1242,10,1232
120900053,611,26,585
120900054,695,274,421
120900055,845,7,838
120900056,1358,48,1310
120900057,403,13,390
120900058,993,1,992
120900059,220,1,219
120900060,109,11,98
120900061,218,109,109
120900062,460,4,456
120900063,1586,19,1567
120900064,1043,2,1041
120900065,945,1,944
120900066,718,120,598
120900067,396,158,238
120900068,484,0,484
120900069,746,19,727
120900071,33,0,33
120900072,1764,9,1755
120900073,1200,34,1166
120900074,903,33,870
120900076,549,0,549
120900077,1151,197,954
120900078,1084,334,750
120900079,1507,130,1377
120900080,1494,435,1059
120900081,1936,374,1562
120900082,221,346,-125
120900083,97,2,95
120900084,856,720,136
120900085,56,118,-62
120900086,48,611,-563
120900087,506,356,150
120900088,220,890,-670
120900089,1381,4567,-3186
120900090,328,21,307
120900091,578,1078,-500
120900092,392,275,117
120900093,862,110,752
120900094,212,117,95
120900095,217,14,203
120900096,78,98,-20
120900097,571,437,134
120900098,71,145,-74
120900099,69,49,20
120900100,51,152,-101
120900101,135,112,23
120900102,60,25,35
120900103,85,238,-153
120900104,20,58,-38
120900105,22,169,-147
120900106,447,180,267
120900107,108,88,20
120900108,16,196,-180
120900109,16,168,-152
120900110,29,171,-142
120900111,190,191,-1
120900112,30,254,-224
120900113,20,276,-256
120900114,17,204,-187
120900115,139,290,-151
120900116,606,144,462
120900117,4,118,-114
120900118,19,225,-206
120900119,9080,2349,6731
120900120,135,599,-464
120900121,63,258,-195
120900122,969,113,856
120900123,2,90,-88
120900124,0,181,-181
120900125,4,327,-323
120900126,473,515,-42
120900127,17,123,-106
120900128,412,847,-435
120900129,18,179,-161
120900130,12,206,-194
120900131,159,75,84
120900132,1326,105,1221
120900133,40,390,-350
120900134,159,221,-62
120900135,0,165,-165
120900136,48,89,-41
120900137,449,76,373
120900138,12,157,-145
120900139,1,218,-217
120900140,1,88,-87
120900141,293,223,70
120900142,8,148,-140
120900143,3,229,-226
120900144,0,28,-28
120900145,161,285,-124
120900146,0,222,-222
120900147,25,307,-282
120900148,155,80,75
120900149,0,72,-72
120900150,97,156,-59
120900151,2,169,-167
120900152,13,13,0
120900153,1,1,0
120900154,0,85,-85
120900155,204,268,-64
120900156,135,144,-9
120900157,0,4,-4
120900158,68,194,-126
120900159,7,20,-13
120900160,31,318,-287
120900161,24,256,-232
120900162,49,470,-421
120900163,77,1008,-931
120900164,2,130,-128
120900165,5,395,-390
120900166,46,725,-679
120900167,155,71,84
120900169,154,138,16
120900170,258,5064,-4806
120900171,389,190,199
120900172,63,2380,-2317
120900173,0,50,-50
120900174,3,91,-88
120900175,136,103,33
120900176,66,436,-370
120900177,2,1678,-1676
120900178,3,861,-858
120900179,252,244,8
120900180,45,151,-106
120900181,33,29,4
120900182,15,107,-92
120900183,413,49,364
120900184,218,71,147
120900185,1105,1702,-597
120900186,0,121,-121
120900187,601,802,-201
120900188,332,19,313
120900189,103,4726,-4623
120900190,205,7,198
120900191,77,12,65
120900192,4660,16289,-11629
120900194,61,129,-68
120900195,87,112,-25
120900196,360,35,325
120900197,817,145,672
120900198,125,256,-131
120900199,359,421,-62
120900200,35,96,-61
120900201,218,66,152
120900202,0,78,-78
120900203,46,64,-18
120900204,60,129,-69
120900205,17,27,-10
120900206,129,71,58
120900207,40,625,-585
121000001,541,2150,-1609
121000002,2581,2199,382
121000003,5070,1841,3229
121000004,2363,3408,-1045
121000005,2009,2567,-558
121000006,3076,3029,47
121000007,2151,7333,-5182
121000008,3588,6685,-3097
121000009,4030,9655,-5625
121000010,6667,7853,-1186
121000011,6215,12143,-5928
121000012,11852,7739,4113
121000013,6584,8032,-1448
121000014,5811,5742,69
121000015,5513,10385,-4872
121000016,4386,4520,-134
121000017,2211,1791,420
121000018,3713,1882,1831
121000019,7385,6803,582
121000020,11107,15381,-4274
121000021,1551,1426,125
121000022,2261,3206,-945
121000023,2189,938,1251
121000024,4544,4601,-57
121000025,383,1455,-1072
121000026,416,188,228
121000027,1737,1628,109
121000028,948,1036,-88
121000029,767,563,204
121000030,662,425,237
121000031,619,803,-184
121000032,245,122,123
121000034,328,437,-109
121000035,247,234,13
121000036,766,1116,-350
121000037,540,1716,-1176
121000038,359,1080,-721
121000039,163,330,-167
121000041,501,549,-48
121000042,213,320,-107
121000043,470,726,-256
121000044,1280,1367,-87
121000045,429,233,196
121000046,705,862,-157
121000047,40,72,-32
121000049,889,759,130
121000050,290,2438,-2148
121000051,714,374,340
121000052,490,1517,-1027
121000053,371,142,229
121000054,56,493,-437
121000055,799,3872,-3073
121000056,1052,1384,-332
121000057,192,863,-671
121000058,111,185,-74
121000059,3194,1460,1734
121000060,561,1397,-836
121000061,80,407,-327
121000062,135,848,-713
121000063,907,1479,-572
121000064,617,1272,-655
121000065,195,1152,-957
121000066,812,1599,-787
121000067,436,930,-494
121000068,537,651,-114
121000069,155,1480,-1325
121000070,1101,1624,-523
121000071,1566,2345,-779
121000072,689,1069,-380
121000073,943,1729,-786
121000074,39,243,-204
121000075,14,201,-187
121000076,311,341,-30
121000077,167,157,10
121000078,72,227,-155
121000080,2050,694,1356
121000081,3839,3975,-136
121000082,81,358,-277
121000083,106,184,-78
121000084,173,240,-67
121000085,337,498,-161
121000086,1084,587,497
121000087,66,294,-228
121000088,628,565,63
121000089,183,733,-550
121000090,185,453,-268
121000091,1175,1233,-58
121000092,225,64,161
121000093,170,268,-98
121000094,361,798,-437
121000095,103,1279,-1176
121000096,6383,3185,3198
121000097,490,3200,-2710
121000098,612,484,128
121000099,763,654,109
121000100,846,190,656
121000101,329,231,98
121000102,264,126,138
121000103,223,141,82
121000104,194,52,142
121000105,444,57,387
121000106,361,146,215
121000107,1723,2706,-983
121000109,1121,826,295
121000110,161,815,-654
121000114,4899,2620,2279
121000115,4881,898,3983
121000116,440,1541,-1101
121000117,257,334,-77
121000118,1662,283,1379
121000119,324,269,55
121000120,394,301,93
121000121,406,1721,-1315
121000123,719,488,231
121000127,121,140,-19
121000128,1170,125,1045
121000129,1007,175,832
121000130,548,521,27
121000131,1009,864,145
121000132,645,1492,-847
121000135,231,317,-86
121000136,908,1538,-630
121000137,784,383,401
121000138,575,1582,-1007
121000139,338,634,-296
121000141,241,202,39
121000142,527,876,-349
121000143,132,25,107
121000144,499,1026,-527
121000145,539,1127,-588
121000146,1083,1692,-609
121000147,918,805,113
121000148,895,1054,-159
121000149,2216,3058,-842
121000152,238,267,-29
121000153,1492,463,1029
121000154,1896,579,1317
121000155,2826,1240,1586
121000156,396,1154,-758
121000157,896,1192,-296
121000158,254,280,-26
121000159,249,349,-100
121000160,257,449,-192
121000161,325,315,10
121000162,153,76,77
121000165,1195,2197,-1002
121000166,11,558,-547
121000168,367,265,102
121000169,101,193,-92
121000170,305,88,217
121000171,90,201,-111
121000172,1133,1115,18
121000173,1886,1703,183
121000174,760,821,-61
121000175,2092,774,1318
121000176,503,377,126
121000177,830,689,141
121000178,46,88,-42
121000179,38,69,-31
121000181,500,393,107
121000182,178,427,-249
121000183,79,144,-65
121000184,39,218,-179
121000185,35,442,-407
121000186,322,815,-493
121000187,307,95,212
121000188,375,80,295
121000192,740,419,321
121000193,676,335,341
121000194,1867,2031,-164
121000195,283,1592,-1309
121000196,652,627,25
121000197,92,2100,-2008
121000198,160,274,-114
121000199,151,383,-232
121000200,623,243,380
121000201,6,283,-277
121000202,771,284,487
121000203,722,2634,-1912
121000204,3465,1032,2433
121000205,67,311,-244
121000206,119,110,9
121000207,2303,644,1659
121000208,6,357,-351
121000209,819,74,745
121000210,895,229,666
121000211,398,138,260
121000212,524,602,-78
121000213,19088,3293,15795
121000214,1073,2186,-1113
121000215,835,2484,-1649
121000216,590,709,-119
121000217,4061,4208,-147
121000218,489,2697,-2208
121000219,1579,886,693
121000220,176,86,90
121000221,190,684,-494
121000222,4066,3346,720
121000223,243,1444,-1201
121000224,159,773,-614
121000225,622,4884,-4262
121000226,994,1941,-947
121000227,33,209,-176
121000228,26,808,-782
121000229,465,534,-69
121000230,49,2820,-2771
121000231,1728,40,1688
121000232,556,424,132
121000233,729,349,380
121000234,36,88,-52
121000235,54,78,-24
121000236,7,105,-98
121000237,25,23,2
121000238,6,110,-104
121000239,65,1,64
121000240,8,169,-161
121000241,100,14,86
121000242,89,708,-619
121000243,213,121,92
121000244,22,137,-115
121000245,50,23,27
121000246,2,153,-151
121000247,172,4,168
121000248,492,1893,-1401
121000249,36,258,-222
121000250,608,389,219
121000251,17,298,-281
121000252,125,144,-19
121000253,469,437,32
121000254,956,231,725
121000255,145,194,-49
121000256,317,227,90
121000257,22,116,-94
121000258,63,170,-107
121000259,32,142,-110
121000260,56,184,-128
121000261,88,189,-101
121000262,2250,337,1913
121000263,466,370,96
121000271,1600,2353,-753
121000273,47,37,10
121000274,18,128,-110
121000275,1,22,-21
121000276,30,61,-31
121000278,44,26,18
121000279,28,32,-4
121000280,33,35,-2
121000289,443,18,425
121000290,1883,1974,-91
121000294,247,27,220
121000297,420,1139,-719
121000299,130,2178,-2048
121000300,2174,996,1178
121000302,19,775,-756
121000303,483,270,213
121000304,523,79,444
121000305,232,119,113
121000306,249,248,1
121000308,102,245,-143
121000309,240,388,-148
121000310,117,285,-168
121000311,48,372,-324
121000312,651,396,255
121000313,286,268,18
121000314,41,62,-21
121000315,20,51,-31
121000530,1954,2047,-93
121000531,1949,1539,410
121000532,5754,7311,-1557
121000533,3658,4438,-780
121000918,39,77,-38
121000919,55,120,-65
121000938,98,184,-86
121000939,49,234,-185
121000956,1731,1592,139
121000957,10,28,-18
121000958,9,140,-131
121000959,1188,221,967
121000960,1348,1300,48
121000961,411,70,341
121000962,1220,560,660
121000973,2,316,-314
121000976,7,113,-106
121000979,604,165,439
121000981,427,165,262
121000982,502,267,235
121000983,573,210,363
121000984,12,78,-66
121000985,1117,313,804
121000986,498,141,357
121000987,190,590,-400
121000988,1348,170,1178
121001302,199,160,39
121001308,2,78,-76
121001309,21,354,-333
121001311,0,0,0
121001313,210,60,150
121001314,1561,1636,-75
121001315,6467,4356,2111
121001326,552,406,146
121900001,143,325,-182
121900002,9,46,-37
121900003,440,36,404
121900004,63,572,-509
121900005,14,6,8
121900006,119,24,95
121900007,1899,1660,239
121900008,54,337,-283
121900009,993,22,971
121900010,233,4,229
121900011,263,137,126
121900012,11,2,9
121900013,320,61,259
121900014,2096,398,1698
121900015,125,138,-13
121900016,7,32,-25
121900017,636,712,-76
121900018,642,13,629
121900019,564,162,402
121900020,93,1,92
121900021,1017,18,999
121900022,230,237,-7
121900023,117,345,-228
121900024,435,53,382
121900025,476,595,-119
121900026,426,119,307
121900027,438,151,287
121900028,176,10,166
121900029,121,258,-137
121900030,491,581,-90
121900031,1229,6637,-5408
121900032,143,82,61
121900033,215,354,-139
121900034,259,234,25
121900035,5654,3520,2134
121900036,114,411,-297
121900037,92,1423,-1331
121900038,59,121,-62
121900039,251,25,226
121900040,42,129,-87
121900041,54,354,-300
121900042,409,221,188
121900043,2,1,1
121900044,48,35,13
121900046,139,233,-94
121900047,248,109,139
121900048,81,56,25
121900050,15,150,-135
121900051,114,356,-242
121900052,162,49,113
121900053,494,253,241
121900054,272,1516,-1244
121900055,9,9,0
121900058,428,424,4
121900059,263,174,89
121900060,123,564,-441
121900061,135,87,48
121900062,77,100,-23
121900063,1366,598,768
121900064,291,618,-327
121900066,49,14,35
121900067,24,28,-4
121900069,160,200,-40
121900070,109,196,-87
121900071,853,305,548
121900072,49,142,-93
121900073,181,458,-277
121900074,315,575,-260
121900075,254,1017,-763
121900076,342,852,-510
121900077,36,2,34
121900078,97,23,74
121900079,0,0,0
121900080,803,230,573
121900082,71,118,-47
121900084,27,20,7
121900085,6,7,-1
121900086,15,37,-22
121900087,73,180,-107
121900088,1389,2443,-1054
121900089,246,182,64
121900090,10,27,-17
121900091,64,10,54
121900092,131,125,6
121900093,69,40,29
121900094,18,13,5
121900095,379,137,242
121900096,1064,735,329
121900097,660,120,540
121900098,4,2,2
121900099,229,37,192
121900100,26,275,-249
121900101,98,100,-2
121900102,2,87,-85
121900103,352,331,21
121900104,1929,466,1463
121900105,256,142,114
121900106,7,9,-2
121900107,67,9,58
121900108,1,17,-16
121900109,206,195,11
121900110,751,468,283
121900111,554,218,336
121900112,90,384,-294
121900113,47,416,-369
121900114,48,35,13
121900117,143,98,45
121900118,2916,769,2147
121900119,144,48,96
121900120,46,803,-757
121900121,427,66,361
121900122,32,40,-8
121900123,186,483,-297
121900124,277,175,102
121900125,3162,1545,1617
121900127,3,119,-116
121900128,96,74,22
121900129,164,183,-19
121900130,111,311,-200
121900131,304,148,156
121900132,53,103,-50
121900133,28,631,-603
121900134,18,573,-555
121900135,5098,447,4651
121900136,344,230,114
121900137,66,320,-254
121900138,64,167,-103
121900139,294,4770,-4476
121900140,30,260,-230
121900141,97,29,68
121900142,109,50,59
121900143,34,103,-69
121900144,139,888,-749
121900145,109,272,-163
121900146,450,756,-306
121900147,49,394,-345
121900148,254,396,-142
121900149,251,495,-244
121900150,52,234,-182
121900151,61,541,-480
121900152,155,91,64
121900153,19,229,-210
121900154,12,581,-569
121900155,1,240,-239
121900156,72,220,-148
121900157,2,404,-402
121900158,102,125,-23
121900159,2,243,-241
121900160,35,426,-391
121900161,161,595,-434
121900162,98,131,-33
121900163,515,196,319
121900164,163,382,-219
121900165,169,169,0
121900166,100,174,-74
121900167,54,109,-55
121900168,91,137,-46
121900169,11,212,-201
121900170,11,111,-100
121900171,852,1024,-172
121900172,701,422,279
121900173,664,417,247
121900174,53,47,6
121900175,66,578,-512
121900176,538,1964,-1426
121900177,84,104,-20
121900178,46,75,-29
121900179,380,366,14
121900180,1735,5936,-4201
121900182,636,1110,-474
121900183,518,1593,-1075
121900184,40,1679,-1639
121900186,2,592,-590
121900187,20,92,-72
121900188,905,190,715
121900189,58,31,27
121900190,297,396,-99
121900191,102,826,-724
121900192,148,3089,-2941
121900193,57,420,-363
121900194,16,289,-273
121900195,25,49,-24
121900196,787,1131,-344
121900197,276,997,-721
121900198,4576,2639,1937
121900199,2,33,-31
121900200,53,234,-181
121900201,906,627,279
121900202,147,729,-582
121900203,57,1835,-1778
121900204,1618,1262,356
121900205,12,205,-193
121900206,11,78,-67
121900207,55,44,11
121900208,97,648,-551
121900209,61,46,15
121900210,2683,1714,969
121900211,1140,474,666
121900212,25,178,-153
121900213,359,19,340
121900214,7,506,-499
121900215,58,166,-108
121900216,32,154,-122
121900217,268,243,25
121900218,206,1113,-907
121900220,91,21,70
121900221,554,592,-38
121900222,309,71,238
121900223,167,171,-4
121900224,100,125,-25
121900225,131,309,-178
121900226,259,49,210
121900227,308,1942,-1634
121900228,117,110,7
121900230,47,426,-379
121900231,33,1573,-1540
121900232,127,436,-309
121900233,444,208,236
121900234,277,178,99
121900235,533,187,346
121900236,226,165,61
121900237,205,778,-573
121900238,186,344,-158
121900239,203,62,141
121900240,164,158,6
121900241,54,42,12
121900242,19,10,9
121900243,12,0,12
121900244,7,2,5
121900245,366,104,262
121900246,8623,658,7965
121900248,1507,859,648
121900250,153,687,-534
121900251,674,28,646
121900252,322,172,150
121900253,112,1484,-1372
121900254,337,600,-263
121900255,559,164,395
121900258,5526,1394,4132
121900259,135,499,-364
121900260,162,104,58
121900261,85,749,-664
121900262,940,1447,-507
121900263,170,201,-31
121900264,803,748,55
121900265,393,156,237
121900266,552,80,472
121900267,73,38,35
121900269,251,908,-657
121900270,41,178,-137
121900271,55,192,-137
121900273,369,1820,-1451
121900274,404,479,-75
121900277,281,1581,-1300
121900278,72,1771,-1699
121900279,168,240,-72
121900280,102,537,-435
121900281,120,538,-418
121900284,42,3,39
121900286,140,103,37
121900287,7,24,-17
121900288,4,30,-26
121900290,228,1634,-1406
121900291,348,1355,-1007
121900292,191,192,-1
121900293,735,5547,-4812
121900294,479,3,476
121900295,119,88,31
121900296,92,259,-167
121900298,128,1181,-1053
121900299,0,14,-14
121900300,57,16,41
121900301,60,2,58
121900302,2,91,-89
121900303,179,790,-611
121900304,8,43,-35
121900305,4,9,-5
121900306,365,3,362
121900307,164,10,154
121900308,8,94,-86
121900309,3,61,-58
121900310,8,117,-109
121900311,726,19,707
121900312,615,14,601
121900313,602,9,593
121900314,0,12,-12
121900315,29,2,27
121900316,0,6,-6
121900317,50,10,40
121900318,3,5,-2
121900319,66,292,-226
121900320,34,22,12
121900321,36,1,35
121900322,4,2,2
121900323,63,27,36
121900324,0,26,-26
121900325,19,11,8
121900326,4,2,2
121900327,0,31,-31
121900328,0,27,-27
121900329,1,54,-53
121900330,2,152,-150
121900331,6,16,-10
121900332,51,16,35
121900333,71,0,71
121900334,54,65,-11
122000001,1157,6302,-5145
122000002,2210,1127,1083
122000003,1140,2941,-1801
122000004,1188,1199,-11
122000005,6583,3284,3299
122000006,624,1991,-1367
122000007,653,2395,-1742
122000008,1051,3978,-2927
122000009,747,755,-8
122000010,3176,3748,-572
122000011,8119,3206,4913
122000012,723,6044,-5321
122000013,608,3007,-2399
122000014,7003,2095,4908
122000015,1171,915,256
122000016,474,793,-319
122000017,1412,1707,-295
122000018,3004,2588,416
122000019,1080,2578,-1498
122000020,182,686,-504
122000021,131,437,-306
122000022,1557,2142,-585
122000023,1258,2277,-1019
122000024,488,3866,-3378
122000025,583,4941,-4358
122000026,329,1909,-1580
122000027,681,1028,-347
122000028,1840,864,976
122000029,226,1053,-827
122000030,172,226,-54
122000031,154,425,-271
122000032,9001,4428,4573
122000033,367,6337,-5970
122000034,337,1446,-1109
122000035,196,696,-500
122000036,583,687,-104
122000037,1294,446,848
122000038,362,558,-196
122000039,614,1208,-594
122000040,251,390,-139
122000041,1066,1223,-157
122000042,493,1005,-512
122000043,88,275,-187
122000044,87,150,-63
122000045,3156,1398,1758
122000046,912,1920,-1008
122000047,61,306,-245
122000048,1875,3684,-1809
122000049,8320,3800,4520
122000050,744,1585,-841
122000051,151,632,-481
122000052,508,568,-60
122000053,217,1130,-913
122000054,1367,2517,-1150
122000055,1719,4712,-2993
122000056,2710,3096,-386
122000057,5120,4849,271
122000058,768,2876,-2108
122000059,811,5956,-5145
122000060,257,1732,-1475
122000061,179,1183,-1004
122000062,470,234,236
122000063,358,2365,-2007
122000064,3138,8680,-5542
122000065,2334,3974,-1640
122000066,649,2390,-1741
122000067,1107,2330,-1223
122000068,3328,1302,2026
122000069,1462,1165,297
122000070,1101,1315,-214
122000071,5026,1331,3695
122000072,1773,1248,525
122000073,224,2763,-2539
122000074,2647,1742,905
122000075,1194,1001,193
122000076,13195,2981,10214
122000077,619,3403,-2784
122000078,587,6502,-5915
122000079,208,4407,-4199
122000080,408,1013,-605
122000081,77,321,-244
122000082,254,1780,-1526
122000083,6946,857,6089
122000084,6148,1659,4489
122000085,354,780,-426
122000086,3478,8079,-4601
122000087,232,389,-157
122000088,88,258,-170
122000089,6566,2727,3839
122000090,279,1400,-1121
122000091,65,691,-626
122000092,43,103,-60
122000093,1769,6342,-4573
122000094,7114,3535,3579
122000095,597,5688,-5091
122000096,333,3323,-2990
122000098,4231,5215,-984
122000099,608,2242,-1634
122000100,691,1056,-365
122000101,357,439,-82
122000102,3552,1179,2373
122000103,1268,1746,-478
122000104,2650,197,2453
122000105,384,770,-386
122000106,515,2647,-2132
122000107,1213,630,583
122000108,705,977,-272
122000109,529,288,241
122000110,1047,931,116
122000111,4999,1781,3218
122000112,2226,1783,443
122000113,959,990,-31
122000114,1631,3880,-2249
122000115,2037,1350,687
122000116,352,642,-290
122000117,1195,337,858
122000118,570,558,12
122000119,2296,1622,674
122000120,633,2855,-2222
122000121,513,1760,-1247
122000122,242,701,-459
122000123,993,1456,-463
122000124,598,564,34
122000125,355,580,-225
122000126,283,554,-271
122000127,328,496,-168
122000128,146,326,-180
122000129,380,1788,-1408
122000130,2214,1080,1134
122000131,790,895,-105
122000132,179,430,-251
122000133,786,976,-190
122000134,971,701,270
122000135,474,209,265
122000136,732,456,276
122000137,2252,993,1259
122000139,732,3603,-2871
122000140,268,1866,-1598
122000141,4989,3003,1986
122000142,102,3100,-2998
122000143,257,585,-328
122000144,1426,994,432
122000145,682,1265,-583
122000146,436,3926,-3490
122000147,570,939,-369
122000148,389,1707,-1318
122000149,1539,1182,357
122000150,1275,908,367
122000151,119,425,-306
122000152,329,453,-124
122000153,370,470,-100
122000154,274,210,64
122000155,1345,2500,-1155
122000156,9364,4827,4537
122000157,662,9460,-8798
122000158,230,892,-662
122000159,500,1113,-613
122000160,1560,1606,-46
122000161,966,989,-23
122000162,828,1602,-774
122000163,374,162,212
122000164,90,304,-214
122000165,1466,1887,-421
122000166,732,2792,-2060
122000167,228,629,-401
122000168,164,1424,-1260
122000169,494,264,230
122000170,304,515,-211
122000171,14,115,-101
122000172,2445,1801,644
122000173,1573,3275,-1702
122000174,1435,1858,-423
122000175,716,402,314
122000176,327,1639,-1312
122000177,914,1710,-796
122000178,6995,3952,3043
122000179,3485,4842,-1357
122000180,712,1227,-515
122000181,697,2265,-1568
122000182,1583,1186,397
122000183,3068,1063,2005
122000184,3640,4566,-926
122000185,1147,4417,-3270
122000186,715,2836,-2121
122000187,1742,1635,107
122000188,448,321,127
122000189,226,488,-262
122000190,778,2711,-1933
122000191,636,1020,-384
122000192,1168,419,749
122000193,358,712,-354
122000194,423,313,110
122000195,81,1047,-966
122000196,807,381,426
122000197,436,615,-179
122000198,405,2846,-2441
122000199,303,530,-227
122000200,1115,878,237
122000201,1245,3333,-2088
122000202,818,2908,-2090
122000203,1973,1477,496
122000204,857,1274,-417
122000205,524,852,-328
122000206,5460,1246,4214
122000207,1975,1770,205
122000208,2119,2366,-247
122000209,2290,898,1392
122000210,1772,2483,-711
122000211,807,1633,-826
122000212,789,503,286
122000213,1080,1665,-585
122000214,1756,1826,-70
122000215,2286,1990,296
122000217,1437,2927,-1490
122000218,910,96,814
122000219,1220,1063,157
122000220,201,767,-566
122000221,69,294,-225
122000222,531,190,341
122000223,834,740,94
122000225,512,475,37
122000226,1190,1312,-122
122000227,153,1564,-1411
122000228,190,251,-61
122000229,11,268,-257
122000230,34,294,-260
122000231,238,642,-404
122000232,514,595,-81
122000233,0,79,-79
122000234,523,52,471
122000235,585,100,485
122000236,1331,34,1297
122000237,92,84,8
122000238,269,353,-84
122000239,642,131,511
122000240,1493,609,884
122000241,2243,409,1834
122000242,732,192,540
122000243,438,36,402
122000244,102,231,-129
122000245,146,108,38
122000246,446,217,229
122000247,566,203,363
122000248,797,665,132
122000249,1465,1052,413
122000250,1979,1171,808
122000251,73,392,-319
122000252,184,114,70
122000253,34,227,-193
122000254,322,69,253
122000255,521,567,-46
122000256,222,435,-213
122000257,224,91,133
122000258,209,247,-38
122000259,33,246,-213
122000260,12,52,-40
122000261,8,312,-304
122000262,0,26,-26
122000263,223,440,-217
122000264,1736,421,1315
122000265,2876,1234,1642
122000266,3896,710,3186
122000267,87,113,-26
122000268,124,347,-223
122000269,941,370,571
122000270,433,241,192
122000271,278,1959,-1681
122000272,378,1468,-1090
122000273,473,598,-125
122000274,304,197,107
122000275,56,167,-111
122000276,845,405,440
122000277,1075,1319,-244
122000278,1894,274,1620
122000279,156,164,-8
122000280,565,273,292
122000281,520,429,91
122000282,161,359,-198
122000283,158,192,-34
122000284,99,81,18
122000285,274,48,226
122000286,27,122,-95
122000287,1672,1258,414
122000288,543,228,315
122000291,3452,837,2615
122000293,136,114,22
122000294,141,312,-171
122000295,1208,157,1051
122000296,23,916,-893
122000297,1446,4347,-2901
122000299,653,412,241
122000300,396,351,45
122000301,6819,3765,3054
122000302,445,2333,-1888
122000303,1902,859,1043
122000304,92,176,-84
122000305,1553,430,1123
122000306,73,321,-248
122000307,101,167,-66
122000309,57,42,15
122000310,13,145,-132
122000311,73,140,-67
122000312,130,384,-254
122000313,64,116,-52
122000314,139,472,-333
122000315,326,65,261
122000316,1264,294,970
122000317,2363,369,1994
122000318,362,1284,-922
122000319,107,460,-353
122000320,287,956,-669
122000321,53,107,-54
122000322,2068,2472,-404
122000323,574,4559,-3985
122000324,2051,3096,-1045
122000325,634,6178,-5544
122000326,130,87,43
122000327,307,1082,-775
122000328,469,364,105
122000330,3018,2474,544
122000332,207,335,-128
122000333,15,69,-54
122000337,943,330,613
122000338,426,200,226
122000340,167,4218,-4051
122000342,1354,577,777
122000343,492,360,132
122000344,138,6,132
122000345,22,15,7
122000346,153,98,55
122000348,599,612,-13
122000349,59,360,-301
122000351,163,286,-123
122000352,151,179,-28
122000353,208,78,130
122000355,106,229,-123
122000356,401,2460,-2059
122000357,75,8,67
122000358,0,9,-9
122000359,0,21,-21
122000360,1,19,-18
122000362,2,16,-14
122000364,256,253,3
122000365,3,27,-24
122000366,5,5,0
122000368,426,673,-247
122000370,17,6,11
122000371,16,0,16
122000372,6,2,4
122000381,164,435,-271
122000382,88,179,-91
122000384,1363,1496,-133
122000385,73,0,73
122000386,218,2093,-1875
122000387,366,1524,-1158
122000388,930,1446,-516
122000389,179,1787,-1608
122000390,298,513,-215
122000391,126,1650,-1524
122000392,170,112,58
122000393,38,106,-68
122000394,644,165,479
122000395,146,106,40
122000396,455,87,368
122000397,37,33,4
122000398,10,73,-63
122000399,142,54,88
122000400,42,1654,-1612
122000401,163,55,108
122000402,497,208,289
122000403,533,300,233
122000404,234,176,58
122000408,548,821,-273
122000503,6,96,-90
122000524,59,461,-402
122000544,66,2397,-2331
122000616,196,0,196
122000640,102,53,49
122000641,200,175,25
122000642,1434,499,935
122000643,25,283,-258
122000644,79,24,55
122000645,37,217,-180
122000651,467,4012,-3545
122000664,203,106,97
122000665,1430,604,826
122000666,477,958,-481
122000673,47,118,-71
122000674,404,174,230
122000675,2027,523,1504
122000686,401,2034,-1633
122000687,1579,355,1224
122000688,281,345,-64
122000689,1087,160,927
122000690,3320,173,3147
122000691,1144,486,658
122000692,1012,242,770
122000693,298,679,-381
122000695,346,229,117
122000696,793,95,698
122000698,348,185,163
122000699,222,41,181
122000701,2165,299,1866
122000702,429,1327,-898
122000703,226,112,114
122000712,0,0,0
122000717,53,75,-22
122000718,374,2105,-1731
122000719,244,98,146
122000720,994,78,916
122000724,169,259,-90
122900001,24,4,20
122900002,762,6923,-6161
122900003,425,32,393
122900004,1500,68,1432
122900005,59,113,-54
122900006,235,682,-447
122900007,86,127,-41
122900008,109,129,-20
122900009,1250,325,925
122900010,184,93,91
122900012,175,427,-252
122900014,102,123,-21
122900015,722,898,-176
122900016,192,165,27
122900017,237,1435,-1198
122900018,146,11,135
122900019,21,80,-59
122900020,106,283,-177
122900021,22,294,-272
122900022,1406,856,550
122900023,809,207,602
122900024,110,91,19
122900025,3,255,-252
122900026,17,105,-88
122900027,18,466,-448
122900028,77,127,-50
122900029,6249,2321,3928
122900030,2271,458,1813
122900031,41,444,-403
122900032,564,344,220
122900033,175,166,9
122900034,3379,4169,-790
122900035,23,13,10
122900036,62,62,0
122900037,443,250,193
122900038,64,3429,-3365
122900039,47,523,-476
122900040,198,1529,-1331
122900041,140,320,-180
122900042,149,293,-144
122900043,338,196,142
122900044,108,279,-171
122900045,198,283,-85
122900046,112,273,-161
122900047,91,189,-98
122900048,25,170,-145
122900049,3201,200,3001
122900051,26,572,-546
122900052,215,63,152
122900053,6,22,-16
122900055,234,43,191
122900057,267,51,216
122900061,435,48,387
122900062,470,632,-162
122900063,258,119,139
122900064,666,394,272
122900065,470,284,186
122900066,636,258,378
122900067,576,417,159
122900069,345,1434,-1089
122900070,370,54,316
122900071,159,293,-134
122900072,4,257,-253
122900073,24,79,-55
122900074,1125,169,956
122900075,0,54,-54
122900076,2,220,-218
122900077,1,64,-63
122900078,274,26,248
122900080,27,64,-37
122900081,151,137,14
122900082,964,153,811
122900083,64,77,-13
122900084,10,78,-68
122900086,7,111,-104
122900087,368,308,60
122900088,37,832,-795
122900089,9,83,-74
122900090,6,314,-308
122900091,305,2,303
122900092,1,53,-52
122900093,0,89,-89
122900094,3,117,-114
122900095,240,29,211
122900096,455,38,417
122900097,23,46,-23
122900098,29,143,-114
122900099,115,25,90
122900100,43,755,-712
122900101,507,256,251
122900102,42,45,-3
122900103,284,9,275
122900104,288,9,279
122900105,26,22,4
122900106,0,36,-36
122900107,5,46,-41
122900108,15,78,-63
123000001,844,2061,-1217
123000002,2528,8421,-5893
123000003,5222,4797,425
123000004,3154,4259,-1105
123000005,3525,2901,624
123000006,2415,2008,407
123000007,4045,2781,1264
123000008,2481,2567,-86
123000009,4228,3304,924
123000010,3190,4535,-1345
123000011,1783,2181,-398
123000012,647,4999,-4352
123000013,5136,1704,3432
123000014,761,3971,-3210
123000015,2241,1530,711
123000016,2617,2982,-365
123000017,4537,1839,2698
123000018,104,120,-16
123000019,532,18,514
123000020,383,29,354
123000021,239,208,31
123000022,424,1873,-1449
123000023,2307,2602,-295
123000024,2096,1102,994
123000025,411,113,298
123000026,27,160,-133
123000027,39,1011,-972
123000028,669,1518,-849
123000029,397,1409,-1012
123000030,279,56,223
123000031,316,188,128
123000032,698,99,599
123000033,353,174,179
123000034,1153,798,355
123000035,385,578,-193
123000036,204,1423,-1219
123000037,152,110,42
123000038,44,441,-397
123000039,486,1912,-1426
123000040,376,209,167
123000041,623,1941,-1318
123000042,346,1425,-1079
123000043,1487,16808,-15321
123000044,2461,2535,-74
123000045,4002,2182,1820
123000046,211,1452,-1241
123000047,619,1768,-1149
123000048,50,1678,-1628
123000049,5636,9811,-4175
123000050,2112,1669,443
123000051,88,199,-111
123000052,722,3578,-2856
123000053,2448,2996,-548
123000054,2758,1654,1104
123000055,2262,5401,-3139
123000056,1060,631,429
123000057,3419,5451,-2032
123000058,733,1433,-700
123000059,224,476,-252
123000060,1183,453,730
123000061,272,593,-321
123000063,1364,1065,299
123000064,1643,227,1416
123000065,3229,2310,919
123000066,438,610,-172
123000067,1100,478,622
123000068,1589,2288,-699
123000069,3052,1337,1715
123000070,170,508,-338
123000071,2349,908,1441
123000072,1388,362,1026
123000073,3024,917,2107
123000074,1349,848,501
123000075,546,1993,-1447
123000076,825,499,326
123000077,2507,1437,1070
123000078,3482,1461,2021
123000079,3052,1781,1271
123000080,2852,925,1927
123000081,181,296,-115
123000082,296,1071,-775
123000083,1314,317,997
123000084,1053,476,577
123000085,582,148,434
123000086,1262,56,1206
123000087,551,211,340
123000088,1224,609,615
123000089,1348,1092,256
123000090,1805,875,930
123000091,1975,1520,455
123000092,1133,1245,-112
123000094,724,189,535
123000095,1047,578,469
123000096,1614,289,1325
123000097,795,324,471
123000098,1087,453,634
123000099,779,331,448
123000100,310,927,-617
123000101,488,504,-16
123000102,578,884,-306
123000104,531,552,-21
123000105,359,423,-64
123000106,617,463,154
123000107,338,448,-110
123000108,605,956,-351
123000111,1272,472,800
123000112,1595,461,1134
123000113,671,702,-31
123000114,413,755,-342
123000115,282,257,25
123000116,48,102,-54
123000117,1716,992,724
123000118,515,458,57
123000119,234,403,-169
123000120,222,552,-330
123000121,712,920,-208
123000122,567,395,172
123000123,596,675,-79
123000124,423,398,25
123000125,1745,1328,417
123000126,1398,5072,-3674
123000127,509,660,-151
123000128,273,354,-81
123000129,1002,308,694
123000130,966,97,869
123000131,1790,1181,609
123000132,370,619,-249
123000133,151,244,-93
123000134,198,116,82
123000135,2677,925,1752
123000136,187,350,-163
123000137,114,188,-74
123000138,135,243,-108
123000139,792,130,662
123000140,46,335,-289
123000141,577,125,452
123000142,1087,810,277
123000143,897,1712,-815
123000144,9,26,-17
123000145,151,283,-132
123000146,7,220,-213
123000147,66,208,-142
123000149,294,388,-94
123000150,119,224,-105
123000151,160,720,-560
123000152,18,207,-189
123000153,80,756,-676
123000154,1074,2265,-1191
123000155,1608,1199,409
123000156,46,119,-73
123000157,583,743,-160
123000158,504,914,-410
123000159,3264,4193,-929
123000160,1253,1319,-66
123000161,1722,957,765
123000162,1587,1851,-264
123000163,804,206,598
123000164,2323,259,2064
123000165,459,722,-263
123000166,28,77,-49
123000167,168,166,2
123000168,420,119,301
123000169,1195,127,1068
123000170,124,32,92
123000171,1127,4,1123
123000172,128,397,-269
123000173,712,443,269
123000174,915,472,443
123000175,350,788,-438
123000176,1102,306,796
123000177,263,707,-444
123000178,1156,135,1021
123000179,47,342,-295
123000180,2057,348,1709
123000181,270,753,-483
123000182,209,132,77
123000183,181,563,-382
123000184,68,311,-243
123000185,1123,390,733
123000186,9,305,-296
123000187,682,11,671
123000188,190,1,189
123000189,271,180,91
123000190,104,120,-16
123000192,15,300,-285
123000193,65,458,-393
123000194,185,255,-70
123000195,357,33,324
123000196,519,58,461
123000197,66,84,-18
123000198,55,1116,-1061
123000199,15,604,-589
123000200,738,9,729
123000201,1493,23,1470
123000202,16,416,-400
123000203,1275,57,1218
123000204,58,376,-318
123000205,215,630,-415
123000206,3013,266,2747
123000207,78,377,-299
123000208,781,185,596
123000209,2473,769,1704
123000210,251,1103,-852
123000211,375,1097,-722
123000212,4482,451,4031
123000213,705,59,646
123000215,98,252,-154
123000216,160,1061,-901
123000217,235,32,203
123000218,14,563,-549
123000219,626,77,549
123000220,576,86,490
123000221,180,244,-64
123000222,288,279,9
123000223,525,163,362
123000224,400,269,131
123000225,287,31,256
123000226,93,214,-121
123000227,92,221,-129
123000228,303,59,244
123000229,791,1161,-370
123000232,94,351,-257
123000233,1018,78,940
123000234,135,351,-216
123000235,1462,262,1200
123000236,249,401,-152
123000237,544,108,436
123000238,23,327,-304
123000239,397,595,-198
123000240,71,1184,-1113
123000241,535,124,411
123000242,166,304,-138
123000243,815,811,4
123000244,820,486,334
123000245,27,118,-91
123000249,217,510,-293
123000252,1063,406,657
123000253,1521,609,912
123000254,754,587,167
123000255,956,728,228
123000256,17,133,-116
123000257,1875,972,903
123000258,1046,408,638
123000259,629,453,176
123000260,762,271,491
123000261,360,226,134
123000262,103,123,-20
123000263,563,123,440
123000264,231,126,105
123000265,35,73,-38
123000266,432,423,9
123000267,622,278,344
123000268,58,53,5
123000269,68,123,-55
123000270,35,84,-49
123000271,68,51,17
123000272,858,367,491
123000273,310,1086,-776
123000274,1258,953,305
123000275,194,752,-558
123000278,1432,2791,-1359
123000279,210,67,143
123000280,269,209,60
123000281,271,122,149
123000282,98,394,-296
123000283,220,65,155
123000284,47,49,-2
123000286,140,521,-381
123000287,312,382,-70
123000288,900,1231,-331
123000289,203,1488,-1285
123000291,145,924,-779
123000294,168,276,-108
123000295,591,1303,-712
123000296,798,569,229
123000297,925,378,547
123000298,1183,240,943
123000299,242,166,76
123000300,1502,1216,286
123000301,172,439,-267
123000302,119,106,13
123000303,49,310,-261
123000305,957,928,29
123000306,274,67,207
123000309,43,86,-43
123000310,52,55,-3
123000311,0,70,-70
123000312,407,367,40
123000313,708,485,223
123000315,97,214,-117
123000316,740,472,268
123000317,249,100,149
123000318,48,154,-106
123000329,7,18,-11
123000337,419,928,-509
123000338,110,224,-114
123000339,414,30,384
123000340,76,225,-149
123000342,9,97,-88
123000343,49,34,15
123000344,633,238,395
123000345,339,471,-132
123000346,804,46,758
123000352,803,808,-5
123000353,69,171,-102
123000354,186,17,169
123000355,0,143,-143
123000356,481,17,464
123000357,0,52,-52
123000359,14,78,-64
123000360,199,116,83
123000361,120,174,-54
123000362,407,91,316
123000363,123,106,17
123000364,507,760,-253
123000365,18,407,-389
123000366,286,2928,-2642
123000367,303,443,-140
123000370,14,115,-101
123000371,431,38,393
123000372,421,11,410
123000373,5,202,-197
123000374,12,61,-49
123000375,520,43,477
123000376,993,890,103
123000377,542,28,514
123000378,8,134,-126
123000379,0,173,-173
123000380,17,404,-387
123000381,48,93,-45
123000382,439,130,309
123000383,80,768,-688
123000384,783,150,633
123000385,131,540,-409
123000436,46,1200,-1154
123000507,72,153,-81
123000508,252,1652,-1400
123000517,255,21,234
123000518,29,149,-120
123000519,199,76,123
123000520,33,119,-86
123000521,799,100,699
123000522,143,203,-60
123000541,2,1,1
123000542,0,2,-2
123000565,1220,23,1197
123000566,362,104,258
123000567,70,104,-34
123000573,27,425,-398
123000574,801,43,758
123000575,1877,631,1246
123000576,711,1038,-327
123000577,62,675,-613
123000578,387,151,236
123000579,961,8779,-7818
123000580,166,72,94
123000582,395,35,360
123000583,5,314,-309
123000584,171,319,-148
123000585,0,18,-18
123000586,103,0,103
123000596,58,81,-23
123000597,50,208,-158
123000602,136,21,115
123000603,1628,335,1293
123000604,759,264,495
123000605,792,35,757
123000606,0,516,-516
123000609,16,321,-305
123000610,90,71,19
123000613,52,113,-61
123000614,255,26,229
123000615,76,84,-8
123000616,784,67,717
123000617,85,108,-23
123000618,38,549,-511
123000619,464,62,402
123000620,22,315,-293
123000622,489,5,484
123000624,174,52,122
123000630,2430,418,2012
123000631,248,512,-264
123000632,697,685,12
123000633,0,212,-212
123000634,66,374,-308
123000635,47,145,-98
123000636,33,285,-252
123000637,186,23,163
123000638,576,17,559
123000639,632,5910,-5278
123000640,17,254,-237
123000648,701,49,652
123000649,29,304,-275
123900001,1035,41,994
123900002,27,1372,-1345
123900003,156,337,-181
123900005,255,267,-12
123900006,466,76,390
124000001,1780,169,1611
124000002,48,897,-849
124000003,1247,145,1102
124000004,66,386,-320
124000005,1394,804,590
124000006,125,384,-259
124000007,594,80,514
124000008,8,387,-379
124000009,1184,232,952
124000010,241,255,-14
124000011,1127,347,780
124000012,240,264,-24
124000017,320,107,213
124000018,106,67,39
124000019,238,182,56
124000020,44,91,-47
124000021,160,103,57
124000022,61,146,-85
124000023,1334,1640,-306
124000024,1151,405,746
124000025,1247,1492,-245
124000026,889,886,3
124000027,3511,3919,-408
124000028,992,2802,-1810
124000030,1550,1122,428
124000031,1751,6020,-4269
124000032,1392,417,975
124000033,1069,765,304
124000034,487,542,-55
124000035,316,198,118
124000036,150,265,-115
124000037,350,949,-599
124000038,7,119,-112
124000039,234,264,-30
124000040,160,827,-667
124000041,393,107,286
124000042,106,267,-161
124000043,91,157,-66
124000044,53,119,-66
124000045,1274,265,1009
124000046,205,438,-233
124000047,2118,399,1719
124000048,757,602,155
124000049,2223,321,1902
124000050,789,859,-70
124000051,1363,315,1048
124000052,643,457,186
124000053,614,2284,-1670
124000054,579,213,366
124000055,1221,4793,-3572
124000056,1269,712,557
124000057,1371,471,900
124000058,559,722,-163
124000059,1166,1394,-228
124000060,454,366,88
124000061,1461,6715,-5254
124000062,2346,1276,1070
124000063,1142,984,158
124000064,1203,876,327
124000065,94,541,-447
124000066,238,145,93
124000067,174,103,71
124000068,127,142,-15
124000069,834,100,734
124000070,325,207,118
124000071,148,123,25
124000072,221,189,32
124000073,1038,183,855
124000074,189,394,-205
124000075,424,13,411
124000076,29,37,-8
124000077,305,506,-201
124000078,1256,1154,102
124000079,106,997,-891
124000080,962,164,798
124000081,149,336,-187
124000082,54,182,-128
124000083,19,92,-73
124000084,38,998,-960
124000085,53,43,10
124000086,14,188,-174
124000087,88,106,-18
124000088,71,526,-455
124000089,723,189,534
124000090,170,157,13
124000091,555,109,446
124000092,228,324,-96
124000093,135,176,-41
124000094,97,438,-341
124000095,141,74,67
124000096,177,221,-44
124000097,176,165,11
124000098,58,60,-2
124000099,321,99,222
124000100,40,158,-118
124000101,174,165,9
124000102,103,27,76
124000103,330,214,116
124000104,104,16,88
124000105,206,193,13
124000106,180,30,150
124000107,36,344,-308
124000108,66,20,46
124000109,239,129,110
124000110,66,69,-3
124000111,296,94,202
124000112,885,386,499
124000113,131,171,-40
124000114,357,244,113
124000115,239,673,-434
124000116,161,222,-61
124000117,27,126,-99
124000118,34,83,-49
124000119,902,887,15
124000120,545,825,-280
124000121,1310,842,468
124000122,437,1199,-762
124000123,913,459,454
124000124,238,555,-317
124000125,419,403,16
124000126,209,426,-217
124000127,998,228,770
124000128,415,410,5
124000129,1534,1351,183
124000130,371,395,-24
124000131,725,720,5
124000132,510,622,-112
124000133,1300,1008,292
124000134,814,463,351
124000135,1585,1944,-359
124000136,512,682,-170
124000137,897,902,-5
124000138,786,1063,-277
124000139,352,88,264
124000140,12,239,-227
124000141,713,45,668
124000142,44,241,-197
124000143,100,7,93
124000144,7,76,-69
124000145,132,36,96
124000146,23,26,-3
124000148,5,81,-76
124000149,920,245,675
124000150,120,456,-336
124000151,1016,505,511
124000152,589,829,-240
124000153,777,1015,-238
124000154,274,659,-385
124000155,1179,768,411
124000156,699,870,-171
124000169,149,482,-333
124000170,919,648,271
124000171,363,279,84
124000172,282,471,-189
124000173,697,175,522
124000174,442,523,-81
124000175,5,21,-16
124000176,53,6,47
124000177,2,30,-28
124000178,37,43,-6
124000190,37,59,-22
124000191,56,335,-279
124000192,1011,589,422
124000193,108,2344,-2236
124000194,265,386,-121
124000195,388,576,-188
124000196,695,665,30
124000197,40,39,1
124000198,47,48,-1
124000201,133,417,-284
124000202,753,171,582
124000203,641,117,524
124000204,1386,117,1269
124000205,146,130,16
124000206,950,170,780
124000207,0,16,-16
124000209,247,102,145
124000210,972,180,792
124000211,916,2,914
124000212,1,104,-103
124000213,778,84,694
124000214,596,192,404
124000215,542,25,517
124000216,1,106,-105
124000329,88,468,-380
124000338,60,240,-180
124000339,1586,48,1538
124000341,1971,39,1932
124000344,87,64,23
124000357,1074,2506,-1432
124000358,769,1814,-1045
124000359,1196,921,275
124000360,1014,527,487
124000361,2269,1309,960
124000362,1189,1799,-610
124000363,377,298,79
124000364,530,472,58
124000365,627,884,-257
124000366,1796,664,1132
124000367,47,211,-164
124000368,484,723,-239
124000369,87,117,-30
124000370,76,613,-537
124000402,58,7,51
124000403,174,26,148
124000404,2,20,-18
124000405,780,579,201
124000406,414,389,25
124000407,2,11,-9
124000411,5,112,-107
124000412,414,4,410
124000413,81,95,-14
124000414,160,111,49
124000415,34,32,2
124000416,120,134,-14
124000417,206,89,117
124000418,407,50,357
124000419,131,43,88
124000420,192,36,156
124000421,59,33,26
124000422,16,13,3
124000423,89,23,66
124000424,5,15,-10
124000425,132,4,128
124000426,4,49,-45
124000427,181,3,178
124000428,3,217,-214
124000429,50,29,21
124000430,800,369,431
124000431,378,199,179
124000432,210,577,-367
124000439,1,1,0
124000443,1,8,-7
124000445,175,2753,-2578
124000446,884,294,590
124000447,30,175,-145
124900001,979,362,617
124900002,244,157,87
124900003,1443,388,1055
124900004,1260,224,1036
124900005,180,117,63
124900006,1149,210,939
124900008,697,488,209
124900009,118,372,-254
124900010,135,148,-13
124900011,635,286,349
124900012,439,98,341
124900013,520,203,317
124900014,366,37,329
124900015,136,350,-214
124900016,81,126,-45
124900017,393,2484,-2091
124900018,124,11,113
124900020,114,53,61
124900021,357,40,317
124900022,38,4,34
124900024,434,9,425
124900026,72,34,38
124900027,154,497,-343
124900028,268,139,129
124900029,47,588,-541
124900030,1,69,-68
124900031,18,203,-185
124900032,159,177,-18
124900033,114,125,-11
124900034,4,90,-86
124900035,167,219,-52
124900036,0,59,-59
124900037,127,100,27
124900038,139,201,-62
124900039,4,80,-76
124900040,162,94,68
124900041,321,458,-137
124900042,74,1,73
124900043,598,333,265
124900044,124,2,122
124900045,252,941,-689
124900047,59,138,-79
124900048,309,83,226
124900050,216,95,121
124900052,102,220,-118
124900053,139,138,1
124900054,649,358,291
124900055,1,117,-116
124900057,5,27,-22
124900060,27,158,-131
124900061,100,14,86
124900062,205,5,200
124900066,0,8,-8
124900067,2,64,-62
124900068,140,519,-379
124900070,74,20,54
124900072,171,24,147
124900075,485,165,320
124900076,12,2067,-2055
124900077,13,59,-46
124900078,68,29,39
124900079,203,180,23
124900080,380,230,150
124900081,1611,217,1394
124900082,399,401,-2
124900083,452,283,169
124900085,358,517,-159
124900086,31,1410,-1379
124900087,167,88,79
124900088,153,62,91
124900089,482,25,457
124900090,632,159,473
124900091,346,150,196
124900092,262,144,118
124900093,488,182,306
124900094,748,220,528
124900095,105,574,-469
124900096,357,133,224
124900097,514,23,491
124900098,120,188,-68
124900099,171,526,-355
124900100,359,50,309
124900101,115,172,-57
124900102,322,21,301
124900103,164,118,46
124900104,48,73,-25
124900105,110,71,39
124900106,316,35,281
124900107,109,25,84
124900108,148,151,-3
124900111,0,232,-232
124900112,96,165,-69
124900113,33,218,-185
124900114,71,141,-70
124900115,36,19,17
124900116,331,349,-18
124900117,131,205,-74
124900118,72,765,-693
124900119,311,141,170
124900120,24,148,-124
124900121,70,352,-282
124900122,144,89,55
124900123,164,99,65
124900124,60,322,-262
204000001,239,5,234
204000002,22,6,16
204000003,11,2,9
204000004,2,2,0
204000005,647,512,135
204000006,1082,1360,-278
204000011,17,38,-21
204000012,83,152,-69
204000019,1321,343,978
204000020,1072,540,532
204000021,1281,831,450
204000022,1281,533,748
204000023,634,411,223
204000031,36,16,20
204000032,288,22,266
204000034,49,88,-39
204000035,1,1,0
204000036,4,16,-12
204000037,1,56,-55
204000038,0,25,-25
204000039,23,6,17
204000040,1,8,-7
204000041,8,12,-4
204000042,38,11,27
204000043,32,3,29
204000044,42,6,36
204000045,48,11,37
204000046,9,2,7
204000057,8,4,4
204000062,18,46,-28
204000068,18,667,-649
204000069,119,460,-341
204000070,53,91,-38
204000080,99,74,25
204000085,1446,976,470
204000086,1900,1310,590
204000087,60,8,52
204000088,2,77,-75
204000090,105,195,-90
204000093,548,83,465
204000096,1411,1031,380
204000097,491,9,482
204000099,1320,2403,-1083
204000100,2053,1532,521
204000105,1112,670,442
204000110,246,1035,-789
204000111,573,539,34
204000112,536,367,169
204000113,357,434,-77
204000114,966,1155,-189
204000115,1377,447,930
204000116,687,625,62
204000119,2612,1794,818
204000132,678,446,232
204000133,885,139,746
204000134,175,71,104
204000135,607,75,532
204000136,443,201,242
204000138,288,583,-295
204000140,256,135,121
204000141,197,53,144
204000144,11,17,-6
204000145,446,63,383
204000146,11,149,-138
204000147,24,172,-148
204000148,279,24,255
204000154,8,9,-1
204000155,1,1,0
204000177,62,42,20
204000179,93,19,74
204000180,0,35,-35
204000222,4,8,-4
204000235,37,25,12
204000236,47,206,-159
204000238,10,27,-17
204000240,339,48,291
204000263,584,806,-222
204000268,646,558,88
204000308,134,38,96
204000317,31,60,-29
204000322,11,61,-50
204000323,17,6,11
204000328,207,89,118
204000329,93,119,-26
204000330,205,26,179
204000331,131,181,-50
205000001,670,929,-259
205000013,20,91,-71
205000014,60,87,-27
205000015,65,98,-33
205000016,33,69,-36
205000017,33,47,-14
205000022,309,533,-224
205000025,1394,698,696
205000029,399,16,383
205000045,162,652,-490
205000046,170,643,-473
205000047,102,296,-194
205000048,504,338,166
205000049,183,428,-245
205000050,787,253,534
205000059,0,186,-186
205000060,0,172,-172
205000061,2,430,-428
205000062,1,672,-671
205000063,30,652,-622
205000064,30,146,-116
205000065,147,663,-516
205000066,143,419,-276
205000067,100,519,-419
205000069,196,10,186
205000082,105,196,-91
205000110,79,171,-92
205000111,126,193,-67
205000112,164,185,-21
205000113,79,197,-118
205000121,205,35,170
205000123,35,160,-125
205000126,691,103,588
205000127,1107,164,943
205000128,600,69,531
205000129,913,100,813
205000130,54,39,15
205000131,41,14,27
205000132,114,15,99
205000133,75,3,72
205000134,379,1,378
205000137,161,68,93
205000138,142,139,3
205000139,50,65,-15
205000144,114,91,23
205000145,350,154,196
205000151,149,22,127
205000152,184,10,174
205000153,287,21,266
205000154,80,60,20
205000155,112,10,102
205000207,4,125,-121
205000233,40,0,40
205000234,0,0,0
205000243,6,0,6
205000244,0,8,-8
205000245,9,215,-206
205000249,0,16,-16
205000250,0,1,-1
205000264,7,58,-51
206000027,7,4,3
206000028,3,3,0
206000043,6,30,-24
206000053,4,2,2
206000054,3,11,-8
206000055,1,6,-5
206000075,12,24,-12
206000076,22,30,-8
206000077,13,12,1
206000078,35,14,21
206000079,28,15,13
206000082,323,115,208
206000100,34,412,-378
206000103,3,4,-1
206000104,4,14,-10
206000105,5,6,-1
206000106,5,33,-28
206000125,108,0,108
206000157,36,521,-485
206000170,1,119,-118
206000171,6,162,-156
206000172,13,123,-110
206000173,1,97,-96
206000174,13,27,-14
206000175,3,32,-29
206000176,22,62,-40
206000177,0,47,-47
206000178,5,198,-193
206000179,1,183,-182
206000180,6,92,-86
206000181,16,33,-17
206000182,8,64,-56
206000183,15,94,-79
206000184,3,82,-79
206000185,6,47,-41
206000186,74,250,-176
206000223,8,236,-228
206000226,20,1,19
206000227,17,1,16
206000237,25,117,-92
206000238,29,220,-191
206000239,211,1205,-994
206000240,0,60,-60
206000241,0,75,-75
206000242,3,147,-144
206000243,19,43,-24
206000244,66,105,-39
206000245,1092,39,1053
206000246,458,13,445
206000247,453,6,447
206000248,515,32,483
206000252,39,49,-10
206000258,9,33,-24
206000315,58,7,51
206000317,695,107,588
206000318,922,93,829
206000319,2412,62,2350
206000320,464,36,428
206000321,496,8,488
206000322,765,19,746
206000323,263,4,259
206000324,323,8,315
206000325,242,11,231
206000326,223,12,211
206000327,38,15,23
206000328,211,1,210
206000329,360,4,356
206000330,71,3,68
206000331,312,2,310
206000332,53,4,49
206000333,1065,1,1064
206000334,415,1,414
206000335,0,10,-10
206000361,14,147,-133
206000392,0,15,-15
206000405,156,11,145
206000441,93,22,71
206000498,27,2,25
206000515,47,47,0
206000530,486,63,423
206000531,293,415,-122
206000532,1521,500,1021
206000535,90,3890,-3800
206000536,19,58,-39
206000537,18,123,-105
206000613,1394,255,1139
206000784,527,38,489
207000001,138,546,-408
207000002,119,436,-317
207000003,187,169,18
207000007,1699,279,1420
207000008,178,4,174
207000009,98,14,84
207000010,294,260,34
207000012,500,182,318
207000015,262,457,-195
207000019,277,107,170
207000021,458,211,247
207000022,222,162,60
207000023,264,96,168
207000024,5,25,-20
207000025,18,107,-89
207000026,126,62,64
207000027,15,66,-51
207000028,88,120,-32
207000029,193,338,-145
207000033,310,469,-159
207000034,343,147,196
207000039,775,68,707
207000040,681,34,647
207000041,71,22,49
207000042,193,32,161
207000043,325,188,137
207000051,76,178,-102
207000052,4,131,-127
207000053,370,397,-27
207000054,70,65,5
207000055,163,76,87
207000056,268,209,59
207000057,134,244,-110
207000058,209,200,9
207000059,118,175,-57
207000060,79,168,-89
207000061,174,1064,-890
207000062,768,67,701
207000063,845,64,781
207000064,491,68,423
207000065,429,176,253
207000066,382,139,243
207000067,60,51,9
207000068,155,43,112
207000069,865,337,528
207000082,7,146,-139
207000083,86,147,-61
207000084,536,283,253
207000085,314,35,279
207000086,430,9,421
207000106,50,27,23
207000107,83,12,71
207000108,111,3,108
207000109,76,3,73
207000110,82,50,32
207000111,92,61,31
207000112,74,1075,-1001
207000114,20,41,-21
207000115,22,54,-32
207000116,36,396,-360
207000117,7,61,-54
207000118,1,34,-33
207000119,48,32,16
207000123,241,5,236
207000124,113,27,86
207000125,70,26,44
207000126,103,32,71
207000134,221,120,101
207000135,31,148,-117
207000148,93,325,-232
207000149,51,26,25
207000152,137,387,-250
207000153,321,973,-652
207000154,322,216,106
207000159,77,136,-59
207000160,209,164,45
207000238,0,150,-150
207000242,5,96,-91
207000248,18,48,-30
207000249,98,9,89
207000250,384,97,287
207000251,107,128,-21
207000252,41,24,17
207000278,168,138,30
207000279,14,90,-76
207000280,1298,97,1201
207000281,137,351,-214
207000282,72,344,-272
207000283,37,199,-162
207000284,53,890,-837
207000285,63,170,-107
207000291,14,71,-57
207000304,106,78,28
207000306,53,300,-247
207000310,184,80,104
207000353,86,0,86
207000356,41,58,-17
207000357,3,25,-22
207000358,1,11,-10
207000415,7,97,-90
207000417,54,4,50
207000418,101,100,1
207000438,0,1,-1
207000439,550,569,-19
207000446,248,8,240
207000460,60,6,54
207000466,253,122,131
207000467,437,82,355
207000468,51,144,-93
207000476,5,13,-8
207000477,691,27,664
207000478,0,53,-53
207000523,0,14,-14
207000524,45,1,44
207000527,243,139,104
207000530,665,12,653
207000531,316,5,311
207000532,48,14,34
207000534,195,55,140
207000535,36,480,-444
207000537,14,41,-27
207000540,5,66,-61
207000541,3,159,-156
207000548,12,87,-75
207000549,379,9,370
207000561,291,195,96
207000562,24,89,-65
207000567,126,163,-37
207000568,255,16,239
207000569,603,150,453
207000584,99,210,-111
207000585,21,215,-194
207000587,213,29,184
207000616,0,84,-84
207000617,159,0,159
207000624,48,28,20
207000631,14,33,-19
207900008,315,79,236
208000001,677,1256,-579
208000002,764,809,-45
208000003,993,572,421
208000004,986,970,16
208000005,3,14,-11
208000019,1038,606,432
208000020,234,338,-104
208000021,305,220,85
208000022,963,533,430
208000028,851,1564,-713
208000033,618,460,158
208000034,946,2097,-1151
208000037,308,18,290
208000040,217,72,145
208000041,904,542,362
208000042,1007,477,530
208000047,219,166,53
208000064,1869,1724,145
208000066,1229,2262,-1033
208000070,567,377,190
208000071,797,364,433
208000072,700,755,-55
208000080,361,530,-169
208000081,503,107,396
208000082,565,147,418
208000083,265,201,64
208000084,6,37,-31
208000085,742,370,372
208000086,543,945,-402
208000087,400,763,-363
208000089,1116,258,858
208000090,1190,335,855
208000093,70,114,-44
208000094,547,408,139
208000095,920,444,476
208000104,1246,545,701
208000105,771,680,91
208000114,96,342,-246
208000115,434,329,105
208000116,992,1128,-136
208000117,42,94,-52
208000118,161,249,-88
208000155,662,1190,-528
208000158,1595,3303,-1708
208000186,1279,3047,-1768
208000204,887,1069,-182
208000205,1627,718,909
208000282,1378,1971,-593
209000004,586,175,411
209000005,71,28,43
209000006,407,234,173
209000007,374,546,-172
209000010,242,169,73
209000011,54,309,-255
209000012,60,96,-36
209000013,275,139,136
209000014,307,461,-154
209000025,557,102,455
209000026,1015,136,879
209000027,273,315,-42
209000028,240,263,-23
209000029,371,1070,-699
209000030,234,1224,-990
209000031,2513,1236,1277
209000034,309,389,-80
209000035,190,377,-187
209000036,435,283,152
209000037,475,256,219
209000038,252,197,55
209000039,124,149,-25
209000040,339,564,-225
209000041,163,312,-149
209000042,299,227,72
209000043,538,644,-106
209000044,257,855,-598
209000045,705,250,455
209000046,552,378,174
209000047,479,204,275
209000048,504,315,189
209000049,120,59,61
209000050,235,85,150
209000051,313,154,159
209000052,183,193,-10
209000062,81,62,19
209000063,81,36,45
209000064,50,27,23
209000065,207,45,162
209000066,130,23,107
209000067,212,44,168
209000080,11,177,-166
209000082,95,61,34
209000091,22,95,-73
209000093,34,20,14
209000094,69,151,-82
209000110,65,272,-207
209000111,573,1957,-1384
209000112,1279,671,608
209000113,1767,977,790
209000114,923,710,213
209000115,63,80,-17
209000116,399,199,200
209000118,25,151,-126
209000119,9,14,-5
209000121,84,301,-217
209000135,64,288,-224
209000142,621,1970,-1349
209000143,26,39,-13
209000144,63,211,-148
209000229,183,116,67
209000240,39,199,-160
209000259,34,93,-59
209000260,65,661,-596
209000261,5,239,-234
209000262,5,190,-185
209000263,1,323,-322
209000264,1,316,-315
209000265,309,24,285
209000266,98,1,97
209000267,1218,4,1214
209000268,474,76,398
210000037,117,23,94
210000047,55,9,46
210000048,181,31,150
210000049,45,5,40
210000052,55,66,-11
210000053,50,39,11
210000054,24,78,-54
210000070,200,4,196
210000071,113,1,112
210000072,49,0,49
210000073,0,19,-19
210000074,0,132,-132
210000075,1,166,-165
210000076,6,191,-185
210000077,4,139,-135
210000078,27,97,-70
210000079,31,17,14
210000080,41,132,-91
210000081,119,19,100
210000082,25,1,24
210000083,54,1,53
210000084,119,0,119
210000085,0,29,-29
210000086,4,74,-70
210000099,52,195,-143
210000100,121,138,-17
210000101,64,160,-96
210000105,25,307,-282
210000159,0,173,-173
210000163,72,305,-233
210000164,217,239,-22
210000168,120,53,67
210000187,0,23,-23
210000188,1,16,-15
210000214,9,0,9
210000219,69,76,-7
210000220,146,29,117
210000232,2,26,-24
210000233,43,57,-14
210000234,32,93,-61
210000235,60,58,2
210000245,0,25,-25
210000246,10,1,9
210000258,8,44,-36
210000259,207,33,174
210000282,32,196,-164
210000285,0,115,-115
210000286,16,93,-77
210000290,4,3,1
210000295,61,182,-121
210000296,54,39,15
210000320,279,55,224
210000321,138,17,121
210000338,68,72,-4
210000339,103,851,-748
210000340,88,299,-211
210000341,198,290,-92
210000342,245,208,37
210000343,174,205,-31
210000344,89,196,-107
210000345,105,279,-174
210000346,72,164,-92
210000347,86,64,22
210000348,138,42,96
210000349,65,23,42
210000350,113,38,75
210000351,177,31,146
210000352,72,34,38
210000353,51,42,9
210000354,57,55,2
210000355,44,95,-51
210000356,10,97,-87
210000357,65,120,-55
210000358,269,237,32
210000359,62,147,-85
210000360,146,180,-34
210000361,130,115,15
210000362,246,192,54
210000363,446,259,187
210000364,174,206,-32
210000365,212,46,166
210000366,161,40,121
210000367,102,23,79
210000368,111,29,82
210000369,25,37,-12
210000370,53,98,-45
210000372,25,29,-4
210000373,9,38,-29
210000374,44,56,-12
210000375,35,43,-8
210000376,53,122,-69
210000404,44,79,-35
210000439,35,10,25
210000472,31,2,29
210000482,100,125,-25
210000564,189,272,-83
210000567,0,53,-53
210000568,201,1,200
211000092,48,21,27
211000094,28,3,25
211000169,180,6,174
211000172,15,256,-241
211000209,0,95,-95
211000226,4,4,0
211000270,33,5,28
211000275,17,48,-31
211000276,99,19,80
211000279,21,30,-9
211000281,94,8,86
211000302,30,14,16
211507980,4,54,-50
211977296,18,12,6
212000003,212,35,177
212000004,21,65,-44
212000005,14,76,-62
212000006,38,56,-18
212000008,247,96,151
212000009,44,63,-19
212000012,89,37,52
212000013,25,25,0
212000014,289,92,197
212000015,357,179,178
212000016,447,344,103
212000027,613,257,356
212000028,456,244,212
212000029,256,163,93
212000030,70,19,51
212000031,64,32,32
212000048,17,327,-310
212000049,30,239,-209
212000050,15,13,2
212000051,252,75,177
212000052,239,114,125
212000053,218,237,-19
212000054,557,62,495
212000055,545,103,442
212000056,12,44,-32
212000057,8,21,-13
212000058,135,27,108
212000070,101,115,-14
212000077,145,217,-72
212000099,385,221,164
212000108,256,134,122
212000111,286,93,193
212000120,183,95,88
212000138,184,30,154
212000156,5,87,-82
212000158,9,32,-23
212000159,628,47,581
212000160,797,162,635
212000161,96,1,95
212000310,62,14,48
212000311,20,49,-29
212000374,45,15,30
213000001,24,401,-377
213000005,460,119,341
213000006,701,300,401
213000007,54,30,24
213000009,301,234,67
213000010,341,171,170
213000011,216,169,47
213000012,235,239,-4
213000014,42,25,17
213000015,276,15,261
213000016,378,0,378
213000017,94,0,94
213000018,0,22,-22
213000019,1,65,-64
213000020,138,149,-11
213000021,4,37,-33
213000023,394,251,143
213000033,382,1267,-885
213000034,423,202,221
213000035,171,268,-97
213000045,260,322,-62
213000046,216,131,85
213000047,388,1100,-712
213000056,150,34,116
213000069,144,8,136
213000073,1,119,-118
213000074,339,611,-272
213000075,587,3,584
213000076,13,3,10
213000085,3,22,-19
213000086,8,106,-98
213000091,408,10,398
213000092,35,9,26
213000099,178,1345,-1167
213000100,774,272,502
213000101,825,79,746
213000102,700,67,633
213000103,874,515,359
213000104,59,286,-227
213000105,131,1637,-1506
213000106,34,70,-36
213000107,139,248,-109
213000108,63,227,-164
213000109,12,155,-143
213000110,19,75,-56
213000111,16,59,-43
213000112,79,69,10
213000115,55,1,54
213000116,68,498,-430
213000117,8,483,-475
213000118,1101,263,838
213000119,45,398,-353
213000120,103,163,-60
213000122,145,258,-113
213000123,230,429,-199
213000124,166,616,-450
213000125,174,48,126
213000126,35,90,-55
213000127,34,220,-186
213000128,97,1087,-990
213000129,174,1060,-886
213000130,1243,496,747
213000132,729,136,593
213000133,1335,85,1250
213000134,1631,53,1578
213000136,620,24,596
213000137,843,72,771
213000139,241,12,229
213000147,33,29,4
213000148,16,20,-4
213000149,79,17,62
213000150,0,336,-336
213000151,3,285,-282
213000152,1,209,-208
213000153,10,207,-197
213000154,118,194,-76
213000155,86,117,-31
213000156,126,304,-178
213000157,808,291,517
213000158,375,596,-221
213000159,834,277,557
213000163,1364,141,1223
213000165,871,354,517
213000171,0,23,-23
213000172,3,63,-60
213000173,3,57,-54
213000174,2,44,-42
213000175,4,10,-6
213000176,93,50,43
213000177,97,2,95
213000178,247,0,247
213000179,266,2,264
213000180,243,2,241
213000184,65,377,-312
213000188,406,62,344
213000189,503,38,465
213000190,605,448,157
213000191,496,182,314
213000192,405,123,282
213000193,565,175,390
213000194,3,152,-149
213000195,12,277,-265
213000196,216,1348,-1132
213000197,698,714,-16
213000198,27,2,25
213000200,75,441,-366
213000201,26,66,-40
213000202,48,505,-457
213000203,1835,364,1471
213000204,1032,48,984
213000205,446,60,386
213000206,680,35,645
213000207,66,10,56
213000208,77,4,73
213000209,108,10,98
213000210,276,2,274
213000211,5,52,-47
213000212,22,55,-33
213000213,36,43,-7
213000218,384,440,-56
213000219,1011,25,986
213000220,714,3,711
213000223,160,226,-66
213000224,22,79,-57
213000225,46,15,31
213000226,84,14,70
213000227,1196,207,989
213000228,553,71,482
213000229,55,26,29
213000230,627,9,618
213000232,111,177,-66
213000233,11,157,-146
213000234,6,78,-72
213000293,25,68,-43
213000294,92,58,34
213000295,42,91,-49
213000296,66,19,47
213000297,9,39,-30
213000298,14,59,-45
213000299,45,32,13
213000300,3,22,-19
213000303,3,19,-16
213000304,2,12,-10
213000305,8,36,-28
213000306,15,242,-227
213000307,95,177,-82
213000308,76,174,-98
213000309,140,77,63
213000310,360,242,118
213000311,136,948,-812
213000315,75,155,-80
213000316,165,71,94
213000322,98,22,76
213000323,230,68,162
213000324,66,9,57
213000325,73,23,50
213000326,32,10,22
213000327,39,20,19
213000328,28,83,-55
213000329,143,23,120
213000340,144,256,-112
213000341,902,88,814
213000346,165,270,-105
213000347,319,625,-306
213000348,6,730,-724
213000349,6,34,-28
213000350,326,932,-606
213000366,77,164,-87
213000367,430,13,417
213000379,59,371,-312
213000386,45,86,-41
213000406,211,126,85
213000417,1663,479,1184
213000425,385,40,345
213000426,232,36,196
213000427,38,53,-15
213000428,59,73,-14
213000429,5,6,-1
213000430,64,261,-197
213000431,10,1,9
213000432,2,131,-129
213000433,21,70,-49
213000434,185,92,93
213000435,182,110,72
213000436,73,23,50
213000437,1,9,-8
213000438,205,33,172
213000439,59,11,48
213000440,2,154,-152
213000441,0,1,-1
213000442,1,23,-22
213000443,382,384,-2
213000444,41,11,30
213000445,0,54,-54
213000446,1,85,-84
213000447,2,83,-81
213000448,8,196,-188
213000449,816,5,811
213000450,28,45,-17
213000451,372,31,341
213000452,27,12,15
213000453,20,176,-156
213000455,191,8,183
213000456,1,330,-329
213000481,1,2,-1
213000482,53,1,52
213000489,149,60,89
213000491,8,237,-229
213000492,94,3,91
213000493,4,197,-193
213000494,235,81,154
213000495,0,35,-35
213000496,623,93,530
213000497,74,139,-65
213000498,80,76,4
213000499,160,137,23
213000500,695,60,635
213000501,214,21,193
213000502,145,108,37
213000503,1,27,-26
213000504,8,19,-11
213000505,8,1,7
213000506,0,17,-17
213000507,2,78,-76
213900244,106,0,106
213900245,0,20,-20
218000003,18,34,-16
218000004,32,52,-20
218000005,28,47,-19
218000006,64,62,2
218000007,24,13,11
218000012,198,145,53
218000013,175,178,-3
218000014,333,279,54
218000019,405,445,-40
218000020,240,265,-25
218000021,6,10,-4
218000022,4,4,0
218000023,3,2,1
218000024,0,4,-4
218000025,7,5,2
218000026,0,4,-4
218000027,1,1,0
218000028,0,0,0
218000029,3,0,3
218000030,4,3,1
218000031,3,8,-5
218000032,1,6,-5
218000040,3,14,-11
218000046,82,53,29
218000047,24,44,-20
218000048,45,35,10
218000049,66,37,29
218000050,201,140,61
218000051,56,86,-30
218000052,0,17,-17
218000053,2,30,-28
218000054,5,46,-41
218000055,6,24,-18
218000056,20,27,-7
218000057,1,19,-18
218000064,0,33,-33
218000065,65,115,-50
218000066,11,29,-18
218000067,95,39,56
218000068,133,48,85
218000069,306,86,220
218000070,224,137,87
218000071,149,122,27
218000072,140,169,-29
218000078,1502,361,1141
218000079,267,40,227
218000080,206,55,151
218000081,627,137,490
218000082,99,58,41
218000083,113,30,83
218000084,209,76,133
218000085,193,150,43
218000086,102,63,39
218000087,249,69,180
218000090,16,119,-103
218000091,1180,490,690
218000092,110,127,-17
218000093,130,46,84
218000094,497,470,27
218000099,225,605,-380
218000100,428,273,155
218000101,369,148,221
218000102,628,144,484
218000103,111,85,26
218000104,145,29,116
218000105,17,36,-19
218000106,26,12,14
218000107,101,27,74
218000108,14,49,-35
218000112,66,32,34
218000117,38,98,-60
218000134,662,326,336
218000135,11,101,-90
218000136,154,114,40
218000137,216,186,30
218000138,56,146,-90
218000139,200,193,7
218000140,668,244,424
218000141,177,55,122
218000142,197,100,97
218000143,77,276,-199
218000144,42,200,-158
218000145,562,318,244
218000146,139,100,39
218000151,3,19,-16
218000152,96,40,56
218000153,0,0,0
218000154,0,0,0
218000155,0,0,0
218000156,0,0,0
218000157,0,0,0
218000158,0,0,0
218000159,0,0,0
218000160,0,0,0
218000161,0,0,0
218000162,0,0,0
218000163,0,0,0
218000164,1,0,1
218000165,3,1,2
218000170,3,36,-33
218000171,55,20,35
218000172,12,20,-8
218000173,33,38,-5
218000174,15,31,-16
218000176,257,82,175
218000177,514,181,333
218000178,114,183,-69
218000179,209,45,164
218000180,149,8,141
218000181,440,63,377
218000187,16,42,-26
218000188,19,139,-120
218000189,34,132,-98
218000190,20,21,-1
218000191,249,66,183
218000192,338,133,205
218000193,550,209,341
218000194,172,245,-73
218000195,102,56,46
218000196,379,162,217
218000197,603,188,415
218000198,44,64,-20
218000199,51,10,41
218000200,54,25,29
218000201,20,38,-18
218000202,59,455,-396
218000207,10,26,-16
218000208,59,46,13
218000211,40,33,7
218000212,0,0,0
218000213,132,65,67
218000214,2,16,-14
218000215,42,14,28
218000217,5,35,-30
218000218,111,26,85
218000219,2,65,-63
218000220,32,692,-660
218000221,470,179,291
218000222,1,93,-92
218000223,58,400,-342
218000224,8,171,-163
218000225,212,29,183
218000226,164,75,89
218000230,0,5,-5
218000232,40,36,4
218000239,150,9,141
218000240,9,9,0
218000241,32,3,29
218000242,10,3,7
218000243,17,5,12
218000244,28,3,25
218000245,27,4,23
218000246,0,3,-3
218000247,4,2,2
218000248,0,18,-18
218000249,0,6,-6
218000250,1,5,-4
218000251,0,83,-83
218000252,1,461,-460
218000253,3,224,-221
218000254,2,58,-56
218000255,1,40,-39
218000256,17,123,-106
218000267,400,1039,-639
218000268,20,68,-48
218000269,4,29,-25
218000270,185,34,151
218000271,16,39,-23
218000273,29,1,28
218000274,11,1,10
218000275,45,47,-2
218000276,16,27,-11
218000278,14,95,-81
218000279,75,27,48
218000280,8,29,-21
218000281,22,33,-11
218000282,620,817,-197
218000284,48,2,46
218000301,115,147,-32
218000302,79,54,25
218000303,6,71,-65
218000316,1032,623,409
218000317,1871,624,1247
218000318,1320,372,948
218000319,1517,643,874
218000320,1452,487,965
218000338,22,81,-59
218000345,132,81,51
218000346,106,188,-82
218000459,9,65,-56
218000490,22,95,-73
218000501,88,59,29
218000502,54,30,24
218000503,76,23,53
218000504,141,35,106
218000505,24,84,-60
218000506,23,271,-248
218000508,2,4,-2
218000510,111,13,98
218000520,107,81,26
218000521,1,28,-27
218000522,2,191,-189
218000523,160,2,158
218000524,17,861,-844
218000525,111,47,64
218000526,26,482,-456
218000529,74,87,-13
218000530,0,0,0
218000531,20,11,9
218000532,31,17,14
218000534,200,28,172
218000537,19,43,-24
218000538,90,269,-179
218000540,84,67,17
218000543,239,66,173
218000544,41,87,-46
218000545,122,58,64
218000546,32,51,-19
218000547,170,120,50
218000548,80,47,33
218000549,769,171,598
218000550,166,160,6
218000551,116,518,-402
218000552,223,308,-85
218000553,63,256,-193
218000554,53,75,-22
218000555,28,88,-60
218000556,330,160,170
218000557,437,213,224
218000558,76,0,76
218000559,1,27,-26
218000560,1,45,-44
218000561,11,0,11
218000562,10,159,-149
218000563,211,50,161
218000564,4,96,-92
218000565,88,67,21
218000566,75,32,43
218000567,0,126,-126
218000568,16,1,15
218000569,5,596,-591
218000570,53,35,18
218000571,0,111,-111
218000572,184,2,182
218000573,10,427,-417
218000574,31,41,-10
218000575,100,1,99
218000576,1,79,-78
218000577,100,0,100
218000578,1,97,-96
218000579,15,44,-29
218000581,7,77,-70
218000582,83,10,73
218000583,9,0,9
218000584,0,40,-40
218000585,55,4,51
218000586,24,39,-15
218000587,2,2,0
218000588,0,11,-11
218000589,0,15,-15
218000590,9,1,8
218000591,7,24,-17
218000592,6,3,3
218000593,5,6,-1
218000594,0,3,-3
218000597,0,2,-2
218000598,0,0,0
218000599,1,2,-1
218000600,1,2,-1
218000601,0,1,-1
218000602,0,2,-2
218000603,0,3,-3
218000604,11,0,11
218000605,0,71,-71
218000606,100,3,97
218000607,17,64,-47
218000608,95,32,63
218000609,8,47,-39
218000610,81,13,68
218000611,43,1,42
218000612,1,37,-36
218000613,60,2,58
218000614,15,37,-22
218000615,154,2,152
218000616,1,100,-99
218000617,20,3,17
218000618,0,40,-40
218000619,18,15,3
218000620,3,37,-34
218000621,0,1,-1
218000622,0,56,-56
218000623,44,1,43
218000624,3,74,-71
218000625,26,2,24
218000626,0,23,-23
218000628,217,105,112
218000631,28,45,-17
218000632,2,130,-128
218000633,97,0,97
218000634,3,27,-24
218000635,8,30,-22
218000636,877,490,387
218000637,1085,265,820
218000638,209,21,188
218000639,13,43,-30
218000640,427,27,400
218000641,84,114,-30
218000652,29,12,17
218000653,248,52,196
218000663,6,61,-55
218000675,125,157,-32
218000676,2,5,-3
218000677,0,0,0
218000680,228,172,56
218000681,503,217,286
218000691,277,219,58
218000693,448,83,365
218000703,4,6,-2
218000718,17,136,-119
218000719,54,240,-186
218000720,7,453,-446
218000721,82,102,-20
218000725,8,2,6
218001147,1,74,-73
218001214,32,58,-26
218001258,326,6,320
218001329,119,101,18
218001330,110,125,-15
218001351,23,31,-8
218001352,17,62,-45
218001353,15,14,1
218001354,7,32,-25
218001355,13,73,-60
218001356,620,73,547
218001357,7,60,-53
218001358,373,21,352
218001361,513,4,509
218001362,0,20,-20
219000001,20,50,-30
219000002,53,35,18
219000003,60,30,30
219000004,58,76,-18
219000017,92,142,-50
219000020,171,14,157
219000022,134,2,132
219000023,58,2,56
219000029,0,85,-85
219000034,34,23,11
219000039,66,248,-182
219000040,38,81,-43
219000041,109,38,71
219000051,2,71,-69
219000052,0,17,-17
219000053,1,48,-47
219000054,15,79,-64
219000055,271,0,271
219000056,2,0,2
219000057,54,0,54
219000062,22,137,-115
219000063,88,18,70
219000064,1,90,-89
219000110,235,106,129
219000111,79,50,29
219000112,198,49,149
219000113,149,26,123
219000114,139,36,103
219000116,152,47,105
219000117,136,89,47
219000118,148,64,84
219000123,158,52,106
219000124,73,30,43
219000125,12,6,6
219000126,41,149,-108
219000127,0,11,-11
219000128,12,120,-108
219000129,15,142,-127
219000130,192,637,-445
219000131,835,1324,-489
219000133,36,63,-27
219000134,28,51,-23
219000135,18,72,-54
219000136,86,191,-105
219000138,159,14,145
219000139,94,23,71
219000140,113,2,111
219000141,32,37,-5
219000142,11,44,-33
219000143,39,29,10
219000145,16,17,-1
219000146,8,12,-4
219000147,2,42,-40
219000148,3,5,-2
219000149,7,17,-10
219000150,3,33,-30
219000151,2,21,-19
219000157,213,57,156
219000158,105,178,-73
219000161,129,7,122
219000163,975,375,600
219000166,105,175,-70
219000167,129,94,35
219000168,182,96,86
219000174,518,152,366
219000175,128,9,119
219000176,218,16,202
219000177,118,2,116
219000178,69,1,68
219000179,54,6,48
219000180,29,16,13
219000182,210,23,187
219000183,162,29,133
219000184,94,8,86
219000185,1,18,-17
219000186,66,17,49
219000187,12,56,-44
219000189,40,289,-249
219000190,36,232,-196
219000191,204,1908,-1704
219000192,167,179,-12
219000193,113,121,-8
219000195,8,61,-53
219000196,4,123,-119
219000198,14,50,-36
219000199,30,104,-74
219000200,53,97,-44
219000201,67,109,-42
219000203,21,115,-94
219000204,64,327,-263
219000205,37,218,-181
219000207,80,176,-96
219000209,32,20,12
219000210,18,135,-117
219000213,6,139,-133
219000239,133,249,-116
219000240,175,384,-209
219000241,189,147,42
219000242,49,219,-170
219000243,144,252,-108
219000244,18,54,-36
219000245,32,36,-4
219000246,19,69,-50
219000247,197,47,150
219000248,436,541,-105
219000249,158,170,-12
219000250,277,123,154
219000251,605,282,323
219000252,318,169,149
219000253,355,79,276
219000255,162,145,17
219000256,291,66,225
219000257,188,1,187
219000262,77,71,6
219000263,63,100,-37
219000267,0,38,-38
219000268,4,18,-14
219000269,10,3,7
219000270,20,0,20
219000271,235,2,233
219000278,1,11,-10
219000279,0,20,-20
219000283,0,8,-8
219000295,22,74,-52
219000296,65,215,-150
219000297,58,61,-3
219000298,44,44,0
219000299,361,60,301
219000300,42,32,10
219000301,56,251,-195
219000302,18,181,-163
219000307,39,10,29
219000308,89,78,11
219000311,263,93,170
219000312,524,161,363
219000313,594,50,544
219000314,77,153,-76
219000315,354,33,321
219000316,631,58,573
219000317,163,26,137
219000320,15,110,-95
219000321,0,44,-44
219000323,2,32,-30
219000325,5,6,-1
219000326,73,53,20
219000327,22,10,12
219000328,6,23,-17
219000329,199,109,90
219000330,11,33,-22
219000331,22,38,-16
219000332,205,115,90
219000333,36,8,28
219000335,82,3,79
219000337,16,1,15
219000338,47,0,47
219000344,31,46,-15
219000345,95,31,64
219000346,38,31,7
219000348,163,39,124
219000349,41,82,-41
219000350,69,392,-323
219000351,0,9,-9
219000352,265,82,183
219000353,112,49,63
219000354,219,61,158
219000355,173,40,133
219000356,389,2305,-1916
219000363,121,81,40
219000364,148,43,105
219000365,102,9,93
219000366,170,434,-264
219000368,353,514,-161
219000370,624,922,-298
219000371,5,23,-18
219000382,14,33,-19
219000383,229,1821,-1592
219000385,330,738,-408
219000386,702,1656,-954
219000387,3,32,-29
219000390,4,0,4
219000391,2,0,2
219000397,29,22,7
219000398,39,47,-8
219000401,30,62,-32
219000402,27,44,-17
219000403,83,215,-132
219000404,20,85,-65
219000407,11,28,-17
219000409,62,36,26
219000410,119,29,90
219000411,97,10,87
219000446,69,329,-260
219000447,0,40,-40
219000448,7,18,-11
219000452,64,78,-14
219000453,80,286,-206
219000454,164,328,-164
219000556,327,71,256
219000558,120,129,-9
219000590,24,184,-160
219000591,151,102,49
219000592,73,215,-142
219000595,12,7,5
219000635,253,73,180
219000636,53,29,24
219000657,26,15,11
219000658,11,172,-161
219000673,0,33,-33
219000676,20,4,16
219000679,19,18,1
219000684,85,2,83
219000685,0,48,-48
219000686,0,2,-2
219000688,0,34,-34
219000689,10,162,-152
219000690,172,17,155
219000691,32,218,-186
219000692,122,22,100
219000693,0,21,-21
219000694,8,0,8
219000695,43,2,41
219000698,14,1,13
219000699,0,98,-98
219000727,2,75,-73
219000728,69,2,67
219000770,29,2,27
219000771,2,119,-117
219000788,251,351,-100
219001150,0,36,-36
219001151,0,5,-5
219001166,65,38,27
219001167,2,49,-47
219001178,31,1,30
220000001,67,159,-92
220000002,11,108,-97
220000003,196,113,83
220000004,352,244,108
220000005,557,1144,-587
220000006,130,456,-326
220000007,372,177,195
220000008,253,490,-237
220000009,302,415,-113
220000010,119,90,29
220000011,358,3054,-2696
220000012,41,276,-235
220000014,149,72,77
220000015,121,545,-424
220000017,22,361,-339
220000018,6803,2301,4502
220000019,169,559,-390
220000020,618,163,455
220000021,1091,179,912
220000022,1287,295,992
220000023,454,144,310
220000024,1088,565,523
220000025,635,1709,-1074
220000026,266,399,-133
220000027,41,153,-112
220000028,63,83,-20
220000029,25,73,-48
220000030,30,130,-100
220000031,640,342,298
220000064,31,1437,-1406
221000046,2,0,2
221000047,0,0,0
221000048,0,2,-2
221000049,0,12,-12
221000050,6,0,6
221000055,35,31,4
221000057,82,13,69
221000068,212,104,108
221000069,391,77,314
221000070,245,22,223
221000071,138,9,129
221000072,287,10,277
221000073,131,21,110
221000074,0,12,-12
221000075,17,44,-27
221000076,10,12,-2
221000077,2,73,-71
221000081,7,10,-3
221000082,99,4,95
221000083,19,6,13
221000084,21,7,14
221000085,8,32,-24
221000086,12,78,-66
221000087,9,98,-89
221000088,15,74,-59
221000089,19,174,-155
221000090,65,322,-257
221000098,132,17,115
221000099,168,19,149
221000100,167,6,161
221000101,230,17,213
221000102,121,14,107
221000109,12,84,-72
221000110,6,32,-26
221000111,19,116,-97
221000112,5,88,-83
221000113,9,65,-56
221000114,12,72,-60
221000120,53,70,-17
221000121,10,56,-46
221000122,29,77,-48
221000123,13,42,-29
221000124,25,112,-87
221000155,98,9,89
221000156,69,78,-9
221000175,6,11,-5
221000176,4,9,-5
221000182,55,2,53
221000241,409,312,97
221000242,141,426,-285
221000243,434,276,158
221000244,167,542,-375
221000245,127,76,51
221000246,51,404,-353
221000247,151,66,85
221000248,162,182,-20
221000267,59,898,-839
221000325,25,104,-79
221000331,9,44,-35
221000338,13,54,-41
221000378,220,71,149
221000381,71,125,-54
222000282,13,5,8
222000296,0,19,-19
222000568,390,20,370
222000569,201,54,147
222000570,211,35,176
222000571,464,26,438
222000577,9,66,-57
222000578,7,108,-101
222000579,18,72,-54
222000580,39,514,-475
222000599,0,92,-92
222000600,3,154,-151
222000601,13,644,-631
222000603,11,48,-37
222000604,4,72,-68
222000605,12,113,-101
222000606,0,60,-60
222000607,6,8,-2
222000608,35,32,3
222000609,58,93,-35
222000616,483,21,462
222000617,22,43,-21
222000618,6,11,-5
222000620,33,38,-5
222000621,28,49,-21
222000623,607,8,599
222000624,480,8,472
222000625,841,16,825
222000636,41,13,28
222000686,32,33,-1
222000687,71,54,17
222001066,278,2,276
222001067,33,1,32
222001068,73,10,63
222001069,144,16,128
222001082,14,16,-2
222001083,33,14,19
222001084,0,31,-31
222001085,0,149,-149
222001111,91,40,51
222001112,275,18,257
222001313,27,11,16
222001314,23,134,-111
222001464,284,66,218
222001465,15,78,-63
222001484,260,41,219
222001485,16,78,-62
222001494,765,149,616
222001495,134,93,41
222001496,454,128,326
222001497,100,231,-131
222001502,20,36,-16
222001503,126,38,88
222001504,37,145,-108
222001505,472,8,464
222001506,42,272,-230
222001507,223,12,211
222001510,694,20,674
222001511,58,174,-116
222001514,619,125,494
222001515,117,334,-217
222001518,584,35,549
222001519,62,89,-27
222001527,167,51,116
222001528,31,97,-66
222001529,430,36,394
222001530,54,154,-100
222001533,118,111,7
222001534,519,60,459
222001535,330,269,61
222001536,45,122,-77
222001537,529,47,482
222001538,67,325,-258
222001563,1133,73,1060
222001564,104,194,-90
222001568,217,276,-59
222001576,0,0,0
222001579,0,30,-30
222001583,13,38,-25
222001584,93,40,53
222001596,717,1226,-509
222001597,1214,244,970
222001626,1,81,-80
222001650,19,76,-57
222001651,30,622,-592
222001914,212,54,158
222001915,24,246,-222
222001968,487,259,228
222001969,213,467,-254
222001970,157,634,-477
222001971,23,4,19
222001972,1,3,-2
225000001,384,119,265
225000002,692,145,547
225000003,722,44,678
225000004,537,171,366
225000005,88,43,45
225000006,1,205,-204
225000007,971,1068,-97
225000010,246,12,234
225000011,326,1441,-1115
225000012,395,793,-398
225000013,129,86,43
225000014,618,118,500
225000015,135,111,24
225000021,765,113,652
225000027,140,310,-170
225000032,773,108,665
225000042,53,523,-470
225000049,28,57,-29
225000050,109,9,100
225000053,10,168,-158
225000058,805,223,582
225000067,142,113,29
225000068,80,131,-51
225000069,36,272,-236
225000070,114,262,-148
225000071,34,73,-39
225000075,22,563,-541
225000076,31,115,-84
225000078,40,33,7
225000085,134,116,18
225000086,415,85,330
225000087,159,10,149
225000088,8,155,-147
225000089,78,915,-837
225000090,34,413,-379
225000091,120,73,47
225000092,32,30,2
225000093,205,191,14
225000094,9,124,-115
225000095,221,257,-36
225000096,155,338,-183
225000098,880,244,636
225000099,558,128,430
225000100,493,128,365
225000104,113,329,-216
225000110,0,310,-310
225000111,186,624,-438
225000112,227,819,-592
225000113,194,499,-305
225000114,147,290,-143
225000115,935,558,377
225000116,568,181,387
225000117,834,396,438
225000118,1234,305,929
225000119,320,81,239
225000120,658,38,620
225000121,139,18,121
225000123,585,4,581
225000125,688,189,499
225000126,1010,235,775
225000127,601,1682,-1081
225000128,550,985,-435
225000132,638,18,620
225000133,249,34,215
225000134,826,114,712
225000135,60,10,50
225000136,514,15,499
225000137,270,57,213
225000138,524,108,416
225000143,46,190,-144
225000144,4,262,-258
225000145,56,21,35
225000146,68,23,45
225000147,44,75,-31
225000148,1,96,-95
225000149,30,202,-172
225000151,46,75,-29
225000155,235,248,-13
225000156,257,765,-508
225000157,414,349,65
225000158,56,205,-149
225000171,6,120,-114
225000180,41,3,38
225000181,0,54,-54
225000182,64,3,61
225000185,0,324,-324
225000187,42,256,-214
225000191,56,3,53
225000194,0,9,-9
225000208,3,29,-26
225000209,116,9,107
225000210,6,208,-202
225000217,1,13,-12
225000218,13,1,12
225000223,0,109,-109
225000224,30,1,29
225000225,0,47,-47
225000226,9,1,8
225000227,38,73,-35
225000228,8,8,0
225000229,0,26,-26
225000230,3,0,3
225000231,0,25,-25
225000232,145,0,145
225000241,84,1,83
225000242,0,66,-66
225000249,11,0,11
225000250,72,261,-189
225000251,583,70,513
226000042,146,228,-82
226000043,35,209,-174
226000044,76,370,-294
226000045,39,201,-162
226000046,647,107,540
226000047,493,176,317
226000048,423,141,282
226000049,383,394,-11
226000070,0,11,-11
226000071,0,44,-44
226000072,0,24,-24
226000073,0,5,-5
226000074,1,20,-19
226000084,4,20,-16
226000085,6,2,4
226000086,3,21,-18
226000087,0,45,-45
226000088,5,44,-39
226000090,58,200,-142
226000091,18,84,-66
226000092,4,5,-1
226000093,16,3,13
226000094,10,3,7
226000095,2,6,-4
226000105,28,7,21
226000106,9,1,8
226000107,20,0,20
226000108,13,1,12
226000109,120,0,120
226000124,146,98,48
226000134,865,525,340
226000135,1554,664,890
226000136,588,498,90
226000137,7,134,-127
226000138,19,64,-45
226000139,1,31,-30
226000156,354,2,352
226000157,332,3,329
226000163,52,103,-51
226000202,3,135,-132
226000231,880,9,871
226000232,30,6,24
227000033,365,67,298
227000036,484,35,449
227000037,519,18,501
227000038,172,30,142
227000049,0,34,-34
227000050,1,69,-68
227000055,49,2,47
227000056,34,0,34
227000084,8,122,-114
227000085,0,77,-77
227000088,46,3,43
227000089,128,2,126
227000090,60,1,59
227000091,25,7,18
227000093,97,0,97
227000094,8,0,8
227000130,30,205,-175
227000131,10,93,-83
227000132,9,75,-66
227000133,7,81,-74
227000134,29,112,-83
227000152,0,10,-10
227000153,0,91,-91
227000155,4,47,-43
227000156,1,17,-16
227000165,5,162,-157
227000196,426,71,355
227000199,561,210,351
227000230,14,145,-131
227000232,691,35,656
227000242,40,440,-400
227000243,435,84,351
227000245,18,224,-206
227000246,97,195,-98
227000247,524,50,474
227000248,144,56,88
227000249,17,229,-212
227000250,357,221,136
227000251,104,364,-260
227000252,44,124,-80
227000253,220,17,203
227000262,545,46,499
227000266,1477,42,1435
227000267,29,670,-641
227000282,5,67,-62
227000284,796,15,781
227000286,1,17,-16
227000287,9,31,-22
227000291,3,216,-213
227000484,217,10,207
227000485,12,717,-705
227000655,158,6,152
227000656,625,29,596
227000657,142,4,138
227000661,520,32,488
227000680,190,53,137
229000265,43,24,19
229000296,2,12,-10
229000297,3,17,-14
229000298,3,116,-113
229000320,10,10,0
229000321,11,2,9
229000412,12,14,-2
229000414,8,17,-9
229000415,6,1,5
229000416,3,3,0
229000417,2,2,0
229000419,74,238,-164
229000440,301,49,252
229000442,19,35,-16
229000443,0,3,-3
229000444,1,22,-21
229000445,69,6,63
229000446,51,16,35
229000491,0,1,-1
229000492,0,7,-7
229000493,3,8,-5
229000494,11,0,11
229000495,48,6,42
229000496,24,2,22
229000507,0,4,-4
229000508,0,2,-2
229000509,0,6,-6
229000510,1,2,-1
229000511,0,2,-2
229000512,0,0,0
229000513,0,3,-3
229000514,0,0,0
229000517,1,0,1
229000518,9,0,9
229000519,2,0,2
229000520,3,7,-4
229000521,1,0,1
229000522,0,0,0
229000523,2,0,2
229000524,1,1,0
229000527,0,0,0
229000528,0,0,0
229000529,0,0,0
229000530,26,0,26
229000531,12,2,10
229000532,10,0,10
229000533,18,0,18
229000534,13,0,13
229000564,37,0,37
229000565,11,2,9
229000566,0,0,0
229000567,0,3,-3
229000582,33,0,33
229000583,1,2,-1
229000584,0,0,0
229000585,0,9,-9
229000718,0,0,0
229000719,0,1,-1
229000720,0,0,0
229000721,0,0,0
229000722,0,0,0
229000723,0,1,-1
229000724,0,0,0
229000725,0,0,0
229000738,0,0,0
229000739,0,0,0
229000740,0,0,0
229000741,15,0,15
229000742,1,0,1
229000743,4,0,4
229000744,0,0,0
229000745,0,0,0
229000746,7,1,6
229000847,37,0,37
229000848,36,1,35
229000849,57,4,53
229000851,39,0,39
229000854,0,11,-11
229000856,0,42,-42
229000857,0,3,-3
229000858,0,13,-13
229000919,5,49,-44
229000930,3,193,-190
229000937,107,9,98
229000966,82,42,40
229000981,16,23,-7
229000985,14,27,-13
229000986,4,14,-10
229000987,0,2,-2
229000988,2,3,-1
229000989,14,6,8
229000990,6,3,3
229000991,2,1,1
229000992,16,5,11
229000993,158,11,147
229000998,6,40,-34
229000999,81,9,72
229001034,1,6,-5
229001035,3,0,3
229001037,102,2,100
229001042,14,16,-2
229001047,10,18,-8
229001050,44,26,18
229001168,0,1,-1
229001200,11,27,-16
229001338,1,11,-10
229001394,233,3,230
229001422,166,27,139
229001423,21,100,-79
229001431,29,69,-40
229001432,21,53,-32
229001444,220,30,190
229001445,44,107,-63
229001479,5,0,5
229001503,335,74,261
229001504,137,150,-13
229001505,157,10,147
229001506,73,70,3
229001509,56,12,44
229001545,109,2,107
229001546,10,57,-47
229001553,119,17,102
229001554,12,69,-57
229001559,4,7,-3
229001560,2,37,-35
229001630,87,6,81
229001631,9,12,-3
229001635,0,29,-29
229001636,0,2,-2
229001658,0,58,-58
229001659,62,3,59
229001660,6,5,1
229001661,2,33,-31
229001662,18,1,17
229001663,0,12,-12
229002584,155,156,-1
229002831,74,86,-12
229002841,14,29,-15
229002842,29,22,7
229002843,38,28,10
229002844,39,57,-18
229002845,6,108,-102
229002846,29,11,18
229002847,1,9,-8
229002848,6,9,-3
229002849,2,59,-57
229002850,23,2,21
229002851,20,175,-155
229002852,130,18,112
229002853,119,20,99
229002854,42,34,8
229002855,8,29,-21
229002856,25,10,15
229002857,14,116,-102
229002858,21,14,7
229002859,26,51,-25
229002860,65,15,50
229002861,39,24,15
229002862,11,24,-13
229002863,26,37,-11
229002864,35,41,-6
229002865,12,19,-7
229002866,25,58,-33
229002867,2,31,-29
229002868,11,51,-40
229002869,40,144,-104
229002870,73,36,37
235000066,154,28,126
235000067,76,60,16
235000072,37,78,-41
235000073,60,284,-224
235000074,33,14,19
235000080,17,28,-11
235000081,84,48,36
235000082,295,11,284
235000083,223,25,198
235000084,55,22,33
235000085,235,40,195
235000089,34,12,22
235000092,39,65,-26
235000093,13,18,-5
235000097,1,8,-7
235000098,67,5,62
235000099,10,17,-7
235000116,19,9,10
235000117,324,8,316
235000133,12,579,-567
235000134,19,238,-219
235000206,9,13,-4
235000207,8,12,-4
235000208,4,1,3
235000209,7,7,0
235000210,6,3,3
235000212,3,16,-13
235000213,0,16,-16
235000220,0,8,-8
235000221,32,24,8
235000238,16,279,-263
235000239,2,71,-69
235000242,346,1147,-801
235000245,353,172,181
235000246,37,84,-47
235000284,3,113,-110
235000295,103,20,83
235000305,269,61,208
235000306,351,24,327
235000307,25,1,24
235000308,9,0,9
235000309,80,2,78
235000310,39,0,39
235000311,367,21,346
235000322,0,31,-31
235000323,0,57,-57
235000324,0,54,-54
235000325,1,29,-28
235000326,13,52,-39
235000351,19,58,-39
235000352,3,14,-11
235000353,6,33,-27
235000354,22,68,-46
235000355,16,60,-44
235000356,59,7,52
235000357,44,8,36
235000358,31,3,28
235000359,13,8,5
235000360,42,8,34
235000361,104,8,96
235000381,125,45,80
235000382,165,20,145
235000390,6,6,0
235000391,241,7,234
235000392,260,284,-24
235000393,141,157,-16
235000395,145,47,98
235000396,541,73,468
235000400,59,98,-39
235000401,8,118,-110
235000405,112,132,-20
235000406,20,106,-86
235000407,42,45,-3
235000409,149,69,80
235000410,51,168,-117
235000411,0,29,-29
235000485,0,14,-14
235000486,7,0,7
235000549,94,51,43
235000550,163,47,116
235000599,177,52,125
235000600,12,17,-5
235000601,30,14,16
235000602,102,31,71
235000614,0,13,-13
235000648,0,8,-8
235000649,24,4,20
235000685,8,2,6
235000815,41,181,-140
235000834,0,17,-17
235000855,24,34,-10
235000862,53,44,9
235000891,0,28,-28
235000892,14,1,13
235000901,39,36,3
235000907,1,11,-10
235001010,62,25,37
235001029,179,175,4
235001030,338,135,203
235001078,127,126,1
235001079,29,57,-28
235001147,31,72,-41
235001166,13,22,-9
235001167,47,20,27
235001169,32,322,-290
235001188,1,6,-5
235001189,4,3,1
235001197,3,40,-37
235001200,54,81,-27
235001207,453,53,400
235001210,109,68,41
235001215,12,107,-95
235001239,1,18,-17
235001244,0,7,-7
235016267,0,55,-55
277101746,0,0,0
277102712,0,0,0
277103813,0,2,-2
277103814,0,0,0
277103898,0,0,0
277104249,0,0,0
277104250,0,10,-10
277104251,0,3,-3
277104252,0,0,0
990011530,0,233,-233
990014944,0,236,-236
990015176,156,5,151
990015618,1,79,-78
990016032,0,207,-207
990032570,0,15,-15
990070001,66,1,65
990070103,0,0,0
990070601,0,21,-21
990070751,1758,1,1757
990070766,0,144,-144
990071180,497,210,287
990071343,16,1,15
990071387,0,14,-14
990071823,305,2,303
990072600,2,1123,-1121
990072964,5,315,-310
990073285,0,1,-1
990074393,3,314,-311
990074870,1879,12,1867
990075106,638,10,628
990075746,674,4,670
990076437,2870,3,2867
990076458,0,213,-213
997000007,360,13,347
997000041,1,195,-194
997000058,53,0,53
997000062,10,0,10
997000069,0,2,-2
997000070,0,11,-11
997000100,82,2,80
997000141,0,252,-252
997000198,25,471,-446
998000475,0,0,0
998000736,0,52,-52
998000965,0,5,-5
998001031,0,48,-48
998001700,0,20,-20
998001899,0,0,0
998001900,2,0,2
998003073,1039,13,1026
998101900,0,0,0
998102850,2,258,-256
998501927,439,1231,-792
998501929,111,19,92
998501930,46,0,46
998501931,118,3,115
998501932,3,1,2
998501933,49,3,46
998501937,20,4,16
998501944,7,0,7
998501950,0,10,-10
998501970,126,1,125
998501971,0,28,-28
998501973,0,14,-14
998501974,3,120,-117
998501975,40,1,39
998501976,436,1,435
998501977,0,26,-26
998501978,3,0,3
998501979,0,3,-3
998501980,119,44,75
998501981,36,1,35
998501982,0,77,-77
998501983,0,3,-3
998502006,0,0,0
998502024,0,11,-11
998502032,0,3,-3
998502062,5,0,5
998502063,0,0,0
998502173,42,0,42
998502269,0,0,0
998502546,0,277,-277
998502578,0,0,0
998502599,24,351,-327
998601159,0,34,-34
998601292,0,5,-5
999033574,0,176,-176
999800001,15,0,15
999800002,2,5,-3
999800003,0,1,-1
999800004,0,1,-1
999800005,1,10,-9
