ID,insum,outsum,diff
100000001,895,1066,-171
100000002,3960,3033,927
100000003,4509,4998,-489
100000004,763,1384,-621
100000005,2413,4752,-2339
100000006,592,203,389
100000007,2167,718,1449
100000008,129,512,-383
100000009,481,280,201
100000010,30,72,-42
100000011,628,123,505
100000012,71,796,-725
100000013,13,216,-203
100000014,273,285,-12
100000015,1564,2300,-736
100000016,649,1270,-621
100000017,553,799,-246
100000018,1002,551,451
100000019,3039,2096,943
100000020,1625,6069,-4444
100000021,3904,2424,1480
100000022,932,3021,-2089
100000023,3053,1877,1176
100000025,648,1773,-1125
100000028,772,1196,-424
100000029,106,487,-381
100000030,132,70,62
100000031,2921,6642,-3721
100000032,1553,3812,-2259
100000033,1021,2538,-1517
100000034,199,927,-728
100000035,1038,1781,-743
100000036,1161,1809,-648
100000037,761,413,348
100000038,2436,991,1445
100000039,608,262,346
100000040,299,152,147
100000041,1501,602,899
100000042,1043,529,514
100000043,815,444,371
100000044,306,645,-339
100000045,357,911,-554
100000046,496,572,-76
100000047,259,324,-65
100000048,453,451,2
100000049,1319,1079,240
100000051,410,633,-223
100000053,121,5,116
100000054,346,30,316
100000055,724,329,395
100000056,507,559,-52
100000057,2069,536,1533
100000058,777,872,-95
100000059,21,204,-183
100000060,474,306,168
100000061,2453,461,1992
100000062,1996,637,1359
100000063,1012,299,713
100000064,1310,306,1004
100000065,318,624,-306
100000066,162,449,-287
100000067,365,575,-210
100000068,358,1277,-919
100000069,279,930,-651
100000072,213,607,-394
100000073,981,864,117
100000075,692,219,473
100000076,1821,3382,-1561
100000077,114,339,-225
100000078,44,39,5
100000079,56,51,5
100000080,33,50,-17
100000081,112,234,-122
100000102,3172,3664,-492
100000103,1923,1823,100
100000104,2588,3202,-614
100000105,1632,2184,-552
100000106,1894,3344,-1450
100000107,361,1678,-1317
100000108,553,872,-319
100000109,1361,1346,15
100000116,722,1085,-363
100000117,50,141,-91
100000118,863,1433,-570
100000119,473,799,-326
100000121,225,394,-169
100000122,1576,1221,355
100000123,1635,3349,-1714
100000124,3503,5743,-2240
100000125,3333,1830,1503
100000126,587,523,64
100000127,1334,414,920
100000128,1496,2335,-839
100000129,358,551,-193
100000130,504,311,193
100000131,1333,2046,-713
100000132,763,2375,-1612
100000133,2600,1865,735
100000135,561,1297,-736
100000139,248,462,-214
100000140,193,350,-157
100000142,602,490,112
100000143,1262,449,813
100000144,2071,573,1498
100000147,1221,3503,-2282
100000150,52,463,-411
100000151,852,1793,-941
100000153,368,567,-199
100000154,63,392,-329
100000155,18,73,-55
100000156,362,489,-127
100000157,305,186,119
100000158,253,140,113
100000159,232,548,-316
100000165,916,794,122
100000169,114,1316,-1202
100000174,290,1052,-762
100000179,77,516,-439
100000180,1456,1539,-83
100000181,481,512,-31
100000188,85,135,-50
100000189,1428,462,966
100000190,582,1385,-803
100000191,624,784,-160
100000192,54,115,-61
100000193,319,209,110
100000330,682,1017,-335
100000355,171,736,-565
100000362,3031,1824,1207
100000363,5411,4745,666
100000364,118,274,-156
100000365,5350,8657,-3307
100000366,2889,2333,556
100000367,5080,7230,-2150
100000368,2564,1086,1478
100000369,744,2654,-1910
100000370,155,1070,-915
100000376,77,175,-98
100000379,1681,1835,-154
100000380,4608,5895,-1287
100000384,5584,6946,-1362
100000385,2410,4371,-1961
100000386,4431,6656,-2225
100000387,3333,6448,-3115
100000388,4253,7440,-3187
100000389,4999,7433,-2434
100000390,6808,7421,-613
100000391,4511,10062,-5551
100000392,2152,4611,-2459
100000393,2034,5495,-3461
100000394,4799,9571,-4772
100000395,3477,5485,-2008
100000396,4261,3871,390
100000397,3262,7765,-4503
100000398,7638,6389,1249
100000413,0,0,0
100900002,8,15,-7
100900003,435,255,180
100900004,14,746,-732
100900005,126,36,90
100900006,22,49,-27
100900007,236,4,232
100900008,2,292,-290
100900009,85,193,-108
100900010,92,59,33
100900011,171,153,18
100900012,2,110,-108
100900013,884,6,878
100900014,7,4,3
100900015,68,53,15
100900016,5,23,-18
100900017,1222,86,1136
100900018,1,7,-6
100900019,34,108,-74
100900020,442,6,436
100900021,492,5,487
100900022,16,42,-26
100900023,0,20,-20
100900024,361,5,356
100900025,17,12,5
100900026,128,93,35
100900027,486,2598,-2112
100900028,120,297,-177
100900029,34,3,31
100900030,28,106,-78
100900031,741,52,689
100900032,347,1,346
100900033,206,283,-77
100900034,838,2,836
100900035,318,2,316
100900036,15,3,12
100900037,153,112,41
100900038,98,72,26
100900039,193,342,-149
100900040,480,386,94
100900041,982,347,635
100900042,1736,1462,274
100900043,0,16,-16
100900044,1281,478,803
100900045,64,2,62
100900046,1113,17,1096
100900047,588,204,384
100900048,139,92,47
100900049,87,114,-27
100900050,2,6,-4
100900051,34,97,-63
100900052,342,60,282
100900053,611,11,600
100900054,8,23,-15
100900055,223,864,-641
100900056,73,107,-34
100900057,1440,1392,48
100900058,255,87,168
100900059,108,3,105
100900060,268,7,261
100900061,332,159,173
100900062,32,18,14
100900063,267,819,-552
100900064,657,22,635
100900065,85,148,-63
100900066,122,247,-125
100900067,5,6,-1
100900068,110,65,45
100900069,1010,7,1003
100900070,414,7,407
100900071,529,198,331
100900072,21,27,-6
100900073,210,309,-99
100900074,8,1,7
100900075,1343,367,976
100900076,10,37,-27
100900077,53,70,-17
100900078,95,390,-295
100900079,20,7,13
100900080,67,119,-52
100900081,76,178,-102
100900082,198,320,-122
100900083,5,18,-13
100900085,56,316,-260
100900086,137,772,-635
100900088,166,298,-132
100900089,6,9,-3
100900090,132,590,-458
100900091,3,15,-12
100900092,130,283,-153
100900093,296,274,22
100900094,181,237,-56
100900095,4,29,-25
100900096,47,94,-47
100900097,1,3,-2
100900098,29,10,19
100900099,23,417,-394
100900100,5,665,-660
100900101,239,56,183
100900102,40,143,-103
100900103,10,23,-13
100900104,2,129,-127
100900105,47,643,-596
100900106,55,13,42
100900107,1497,826,671
100900108,8,69,-61
100900109,17,34,-17
100900110,0,7,-7
100900111,26,228,-202
100900112,4,9,-5
100900113,20,30,-10
100900114,13,14,-1
100900115,17,22,-5
100900116,944,673,271
100900117,309,1149,-840
100900118,142,199,-57
100900119,16,10,6
100900120,22,16,6
100900121,430,597,-167
100900122,106,130,-24
100900123,104,160,-56
100900124,0,42,-42
100900125,5,56,-51
100900126,214,161,53
100900127,3,10,-7
100900128,111,163,-52
100900129,1,226,-225
100900131,62,208,-146
100900133,80,47,33
100900134,0,5,-5
100900135,2,262,-260
100900137,330,176,154
100900138,382,525,-143
100900139,4,11,-7
100900140,2,221,-219
100900141,3,585,-582
100900142,4,19,-15
100900143,507,395,112
100900144,11,6,5
100900145,65,134,-69
100900146,8,67,-59
100900147,19,343,-324
100900148,25,330,-305
100900149,14,164,-150
100900150,3,41,-38
100900151,117,477,-360
100900152,110,4,106
100900153,3,145,-142
100900154,39,224,-185
100900155,25,9,16
100900156,22,7,15
100900157,11,525,-514
100900159,15,103,-88
100900160,35,5,30
100900161,20,11,9
100900162,17,626,-609
100900163,140,113,27
100900164,52,33,19
100900165,19,13,6
100900166,23,3,20
100900167,33,46,-13
100900168,23,170,-147
100900169,99,709,-610
100900170,26,6,20
100900171,20,364,-344
100900172,1,18,-17
100900173,7,212,-205
100900174,154,33,121
100900176,1360,213,1147
100900177,445,234,211
100900178,285,142,143
100900179,273,442,-169
100900180,11,27,-16
100900181,89,87,2
100900182,66,54,12
100900184,22,112,-90
100900186,614,333,281
100900187,16,59,-43
100900188,25,7,18
100900189,1544,245,1299
100900191,683,1200,-517
100900192,189,459,-270
100900195,123,137,-14
100900197,24,12,12
100900198,23,165,-142
100900199,2,9,-7
100900200,685,346,339
100900201,74,637,-563
100900202,32,0,32
100900203,0,147,-147
100900204,504,864,-360
100900205,157,629,-472
100900206,261,86,175
100900207,264,173,91
100900210,70,239,-169
100900211,480,251,229
100900213,150,89,61
100900214,497,151,346
100900215,17,48,-31
100900217,86,115,-29
101000001,2494,2379,115
101000002,6876,7550,-674
101000003,468,1109,-641
101000004,6296,5904,392
101000005,4228,4927,-699
101000006,6222,6835,-613
101000007,3408,4303,-895
101000008,2068,1907,161
101000009,2075,815,1260
101000010,860,621,239
101000011,1184,410,774
101000012,762,771,-9
101000013,711,1058,-347
101000014,376,436,-60
101000015,1388,685,703
101000016,302,451,-149
101000017,470,359,111
101000018,1767,2234,-467
101000020,1650,933,717
101000021,738,296,442
101000022,183,152,31
101000023,1087,626,461
101000025,325,437,-112
101000026,191,26,165
101000027,2244,3101,-857
101000028,853,281,572
101000029,219,1711,-1492
101000030,1179,194,985
101000031,539,1103,-564
101000032,4076,4836,-760
101000033,2178,4070,-1892
101000034,1333,2010,-677
101000035,707,335,372
101000036,1490,1163,327
101000037,1728,2070,-342
101000039,1822,3612,-1790
101000040,2383,4778,-2395
101000041,4417,9371,-4954
101000042,335,1401,-1066
101000043,4508,9673,-5165
101000045,832,1147,-315
101000046,1845,2217,-372
101000047,1679,4925,-3246
101000048,749,569,180
101000049,648,2235,-1587
101000050,1648,2488,-840
101000051,1237,3139,-1902
101000052,1421,1338,83
101000053,940,1265,-325
101000054,1785,936,849
101000055,1102,1493,-391
101000056,39,118,-79
101000057,1251,1491,-240
101000058,887,1496,-609
101000059,1946,2265,-319
101000060,1918,810,1108
101000061,761,1627,-866
101000062,498,857,-359
101000063,495,1237,-742
101000064,790,1218,-428
101000065,315,701,-386
101000066,772,1119,-347
101000067,897,1214,-317
101000068,173,538,-365
101000069,242,92,150
101000070,762,1087,-325
101000071,2099,995,1104
101000072,598,3221,-2623
101000073,850,1171,-321
101000074,3419,4425,-1006
101000075,2456,5206,-2750
101000077,1581,1271,310
101000078,804,1437,-633
101000079,1097,624,473
101000080,866,841,25
101000081,1608,1542,66
101000082,2406,2347,59
101000083,2501,2242,259
101000084,1062,655,407
101000085,1332,1085,247
101000086,993,1072,-79
101000087,794,812,-18
101000088,1337,1156,181
101000089,1026,1578,-552
101000090,1501,938,563
101000091,416,457,-41
101000092,1045,628,417
101000093,1308,671,637
101000094,1156,942,214
101000095,562,553,9
101000096,396,357,39
101000097,487,579,-92
101000098,355,1174,-819
101000099,728,1198,-470
101000100,725,1063,-338
101000101,232,375,-143
101000102,804,585,219
101000103,673,663,10
101000104,342,691,-349
101000105,329,391,-62
101000106,598,1056,-458
101000107,327,435,-108
101000108,471,166,305
101000109,546,93,453
101000110,38,218,-180
101000111,58,192,-134
101000113,310,656,-346
101000114,5248,10087,-4839
101000115,35,59,-24
101000116,89,55,34
101000117,1357,225,1132
101000119,61,82,-21
101000120,147,65,82
101000121,55,89,-34
101000122,67,143,-76
101000123,48,98,-50
101000124,1051,350,701
101000125,135,361,-226
101000128,270,742,-472
101000130,151,279,-128
101000131,1048,394,654
101000132,896,617,279
101000135,22,46,-24
101000136,259,159,100
101000137,26,368,-342
101000141,940,4200,-3260
101000147,851,346,505
101000148,573,41,532
101000149,131,309,-178
101000150,108,349,-241
101000151,343,57,286
101000152,227,257,-30
101000153,320,162,158
101000154,440,593,-153
101000155,413,140,273
101000156,33,310,-277
101000157,86,33,53
101000160,75,21,54
101000163,192,389,-197
101000164,331,196,135
101000165,302,343,-41
101000166,268,248,20
101000168,819,384,435
101000252,2104,932,1172
101000254,130,150,-20
101000258,35,5,30
101000261,112,46,66
101000262,1708,3304,-1596
101000263,431,1315,-884
101000265,148,764,-616
101000266,245,356,-111
101000269,27,11,16
101000290,951,2709,-1758
101000293,75,44,31
101000294,710,474,236
101000295,147,318,-171
101000301,619,719,-100
101000304,2403,2498,-95
101000305,2782,1148,1634
101000328,86,394,-308
101900001,21,21,0
101900002,0,9,-9
101900003,45,93,-48
101900004,8,86,-78
101900005,2035,2917,-882
101900006,1343,79,1264
101900007,879,252,627
101900008,55,211,-156
101900009,38,414,-376
101900010,681,759,-78
101900011,201,912,-711
101900012,392,144,248
101900013,537,192,345
101900017,7,145,-138
101900018,803,289,514
101900019,160,104,56
101900020,68,36,32
101900021,0,37,-37
101900022,190,650,-460
101900023,124,99,25
101900026,108,43,65
101900027,16,123,-107
102000001,3240,5034,-1794
102000002,2224,910,1314
102000003,2453,7162,-4709
102000004,3658,2381,1277
102000005,1234,2591,-1357
102000006,768,1766,-998
102000007,1598,4207,-2609
102000008,3160,1608,1552
102000009,6143,8209,-2066
102000010,3624,2923,701
102000011,3764,3113,651
102000012,2790,2621,169
102000018,2135,2587,-452
102000019,1852,1668,184
102000026,166,445,-279
102000029,221,208,13
102000030,116,353,-237
102000031,55,113,-58
102000032,578,243,335
102000033,423,314,109
102000034,488,391,97
102000035,1332,604,728
102000036,18,204,-186
102000037,128,21,107
102000038,138,322,-184
102000039,160,80,80
102000040,301,263,38
102000041,151,459,-308
102000042,161,402,-241
102000043,145,187,-42
102000044,336,416,-80
102000045,540,642,-102
102000046,1133,650,483
102000047,740,773,-33
102000048,462,702,-240
102000049,935,714,221
102000050,887,976,-89
102000051,399,621,-222
102000052,916,671,245
102000053,865,956,-91
102000054,724,1177,-453
102000055,1378,365,1013
102000056,1102,563,539
102000057,1221,440,781
102000058,892,911,-19
102000059,1360,1069,291
102000060,1017,805,212
102000061,1814,1278,536
102000062,2032,1016,1016
102000063,1023,1115,-92
102000064,515,575,-60
102000065,74,175,-101
102000066,637,650,-13
102000067,2070,2321,-251
102000068,9028,2532,6496
102000069,140,2567,-2427
102000070,1156,45,1111
102000071,5967,7225,-1258
102000072,2669,3113,-444
102000073,870,989,-119
102000074,527,1096,-569
102000075,124,277,-153
102000076,209,259,-50
102000077,720,534,186
102000078,788,443,345
102000079,186,133,53
102000080,211,151,60
102000081,297,799,-502
102000082,549,364,185
102000083,664,164,500
102000084,408,193,215
102000085,2012,709,1303
102000086,1226,780,446
102000087,974,1270,-296
102000088,346,276,70
102000089,1309,367,942
102000090,391,927,-536
102000091,1177,570,607
102000092,256,514,-258
102000093,387,507,-120
102000094,729,620,109
102000095,733,1064,-331
102000096,550,694,-144
102000097,673,601,72
102000098,500,599,-99
102000099,828,883,-55
102000100,306,1228,-922
102000101,513,742,-229
102000102,253,1015,-762
102000103,1308,281,1027
102000104,543,273,270
102000105,299,472,-173
102000106,862,404,458
102000107,1560,356,1204
102000108,542,145,397
102000109,589,374,215
102000110,1174,643,531
102000111,13,191,-178
102000112,106,132,-26
102000113,12,19,-7
102000114,548,326,222
102000115,188,277,-89
102000116,274,391,-117
102000117,146,446,-300
102000118,841,1373,-532
102000119,1204,797,407
102000120,228,437,-209
102000121,1075,555,520
102000122,846,932,-86
102000123,1245,1172,73
102000124,1511,1109,402
102000125,727,1097,-370
102000126,765,693,72
102000127,1248,745,503
102000128,814,807,7
102000129,1677,527,1150
102000130,789,856,-67
102000131,1915,1009,906
102000132,688,1738,-1050
102000133,2427,1267,1160
102000134,988,630,358
102000135,870,774,96
102000136,1107,628,479
102000137,530,986,-456
102000138,230,370,-140
102000139,79,571,-492
102000140,142,715,-573
102000141,286,1240,-954
102000142,360,239,121
102000143,178,215,-37
102000144,419,229,190
102000145,344,317,27
102000146,395,263,132
102000147,583,361,222
102000148,238,489,-251
102000149,193,217,-24
102000150,650,119,531
102000151,110,141,-31
102000152,217,101,116
102000153,973,623,350
102000154,211,480,-269
102000155,48,297,-249
102000156,252,179,73
102000157,80,401,-321
102000158,403,533,-130
102000159,571,673,-102
102000161,1960,1831,129
102000162,165,160,5
102000163,77,490,-413
102000164,586,979,-393
102000165,271,159,112
102000166,49,157,-108
102000167,249,189,60
102000168,352,179,173
102000169,130,431,-301
102000170,380,256,124
102000171,221,346,-125
102000172,148,467,-319
102000173,481,252,229
102000174,102,79,23
102000175,143,74,69
102000176,72,21,51
102000178,409,307,102
102000179,661,180,481
102000180,1097,342,755
102000181,898,384,514
102000182,551,374,177
102000183,1906,1192,714
102000184,2003,501,1502
102000185,2906,966,1940
102000186,1390,1119,271
102000187,825,890,-65
102000188,1092,1019,73
102000189,1406,429,977
102000190,577,2187,-1610
102000191,1199,440,759
102000192,1272,1442,-170
102000193,78,70,8
102000194,56,95,-39
102000195,455,352,103
102000196,262,221,41
102000197,834,213,621
102000198,196,414,-218
102000199,1221,189,1032
102000200,298,644,-346
102000201,1246,352,894
102000202,22,75,-53
102000203,478,111,367
102000204,593,408,185
102000205,1192,268,924
102000206,745,303,442
102000207,664,358,306
102000208,385,344,41
102000209,61,66,-5
102000210,438,225,213
102000211,570,124,446
102000212,408,6,402
102000213,8,120,-112
102000214,338,8,330
102000215,6,151,-145
102000216,89,83,6
102000217,10,58,-48
102000218,304,228,76
102000219,205,138,67
102000225,470,521,-51
102000226,1371,1133,238
102000227,132,4,128
102000228,0,70,-70
102000229,57,61,-4
102000230,232,251,-19
102000231,279,317,-38
102000232,25,160,-135
102000233,420,544,-124
102000234,82,921,-839
102000236,162,64,98
102000237,421,106,315
102000238,150,228,-78
102000240,465,626,-161
102000241,188,134,54
102000243,55,30,25
102000245,11,155,-144
102000246,3,38,-35
102000247,552,656,-104
102000248,381,1248,-867
102000249,129,75,54
102000250,73,259,-186
102000254,185,139,46
102000266,21,420,-399
102000271,13,0,13
102000286,345,348,-3
102000297,1790,814,976
102000299,0,0,0
102000301,0,0,0
102000305,0,1,-1
102000307,0,6,-6
102900001,1027,558,469
102900002,367,44,323
102900003,54,117,-63
102900005,446,230,216
102900006,522,93,429
102900007,513,30,483
102900008,250,33,217
102900009,534,323,211
102900010,257,858,-601
102900011,1096,414,682
102900012,464,102,362
102900013,40,58,-18
102900015,585,403,182
102900016,74,66,8
102900017,199,311,-112
102900018,54,75,-21
102900019,412,453,-41
102900020,196,39,157
102900021,49,56,-7
102900022,403,175,228
102900023,18,29,-11
102900024,44,43,1
102900025,142,82,60
102900026,364,1874,-1510
102900027,60,62,-2
102900028,240,748,-508
102900029,136,167,-31
102900030,359,332,27
102900031,234,91,143
102900032,87,87,0
102900033,114,176,-62
102900034,550,55,495
102900035,159,190,-31
102900036,315,292,23
102900037,342,274,68
102900038,441,302,139
102900039,7,536,-529
102900040,148,245,-97
102900041,98,142,-44
102900042,212,210,2
102900043,168,129,39
102900044,480,1203,-723
102900045,206,385,-179
102900046,152,155,-3
102900047,103,472,-369
102900048,544,325,219
102900049,97,296,-199
102900050,207,233,-26
102900051,165,124,41
102900052,55,73,-18
102900053,320,469,-149
102900054,521,1003,-482
102900055,122,219,-97
102900056,139,314,-175
102900057,17,54,-37
102900058,403,75,328
102900059,41,60,-19
102900060,143,326,-183
102900061,189,289,-100
102900062,387,448,-61
102900063,1391,361,1030
102900064,114,394,-280
102900065,903,430,473
102900066,330,5,325
102900068,94,95,-1
102900070,229,497,-268
102900072,17,60,-43
102900073,141,7,134
102900075,23,58,-35
102900076,94,179,-85
102900077,41,31,10
102900078,20,53,-33
102900079,282,8,274
102900080,452,29,423
102900081,74,186,-112
102900082,25,160,-135
102900083,171,30,141
102900084,11,28,-17
102900085,324,148,176
102900086,35,55,-20
102900087,116,75,41
102900088,48,28,20
102900089,208,115,93
102900090,7,174,-167
102900091,182,7,175
102900092,489,488,1
102900093,258,219,39
102900094,2,113,-111
102900095,155,1,154
102900096,109,14,95
102900097,6,88,-82
102900098,21,6,15
103000001,2180,1809,371
103000002,1927,2317,-390
103000003,2873,3211,-338
103000004,742,559,183
103000005,1555,2791,-1236
103000006,862,1427,-565
103000007,368,533,-165
103000008,892,503,389
103000009,1529,935,594
103000010,98,54,44
103000011,1329,947,382
103000012,1361,1315,46
103000013,2651,1412,1239
103000014,1228,2486,-1258
103000015,1178,553,625
103000016,532,1396,-864
103000017,209,384,-175
103000018,520,253,267
103000019,389,321,68
103000020,2153,1422,731
103000021,1800,2180,-380
103000022,598,893,-295
103000023,672,1690,-1018
103000024,70,102,-32
103000025,93,722,-629
103000026,616,137,479
103000027,216,632,-416
103000028,217,307,-90
103000029,147,336,-189
103000030,1154,1025,129
103000031,960,1777,-817
103000032,1972,1454,518
103000033,2566,2418,148
103000034,1102,1072,30
103000035,507,1236,-729
103000036,306,412,-106
103000037,521,473,48
103000038,475,1010,-535
103000039,540,215,325
103000040,476,531,-55
103000041,1553,1320,233
103000042,1394,374,1020
103000043,706,580,126
103000044,284,133,151
103000046,414,311,103
103000047,618,357,261
103000048,236,156,80
103000049,78,87,-9
103000050,723,288,435
103000051,647,367,280
103000052,627,239,388
103000053,224,399,-175
103000054,2434,1206,1228
103000055,1799,1634,165
103000056,832,856,-24
103000057,716,177,539
103000058,641,634,7
103000059,573,545,28
103000060,700,389,311
103000061,427,668,-241
103000062,1018,383,635
103000063,845,844,1
103000064,161,131,30
103000065,3,286,-283
103000066,225,8,217
103000069,412,207,205
103000070,1063,570,493
103000071,1375,455,920
103000072,150,398,-248
103000073,712,99,613
103000074,763,95,668
103000075,147,382,-235
103000076,352,471,-119
103000077,19,200,-181
103000078,713,724,-11
103000079,376,505,-129
103000080,587,389,198
103000081,344,956,-612
103000082,407,208,199
103000083,100,248,-148
103000084,76,8,68
103000085,4,112,-108
103000086,425,358,67
103000087,107,523,-416
103000088,203,272,-69
103000089,202,369,-167
103000090,2230,929,1301
103000091,582,432,150
103000092,248,232,16
103000093,325,330,-5
103000094,210,99,111
103000095,119,266,-147
103000096,534,60,474
103000097,87,670,-583
103000098,749,185,564
103000099,240,661,-421
103000100,186,427,-241
103000101,893,117,776
103000102,72,295,-223
103000103,655,138,517
103000104,67,90,-23
103000105,179,85,94
103000106,19,108,-89
103000107,154,67,87
103000108,801,543,258
103000109,356,410,-54
103000110,413,509,-96
103000111,343,432,-89
103000112,317,217,100
103000113,617,549,68
103000114,1291,558,733
103000115,627,380,247
103000116,730,341,389
103000117,390,295,95
103000118,412,408,4
103000119,793,422,371
103000120,23,75,-52
103000121,133,254,-121
103000122,292,422,-130
103000125,20,106,-86
103000126,659,5,654
103000127,0,102,-102
103000128,186,3,183
103000129,1,96,-95
103000130,97,20,77
103000131,83,94,-11
103000132,79,134,-55
103000133,26,79,-53
103000134,247,831,-584
103000135,434,228,206
103000136,552,418,134
103000137,376,558,-182
103000138,522,692,-170
103000139,1,67,-66
103000140,116,40,76
103000141,78,154,-76
103000142,111,94,17
103000143,69,178,-109
103000144,167,63,104
103000145,32,115,-83
103000150,87,38,49
103000152,133,200,-67
103000153,157,132,25
103000156,21,168,-147
103000157,394,1,393
103000159,164,45,119
103000162,39,15,24
103000163,8,21,-13
103000164,16,4,12
103000165,59,175,-116
103000166,209,320,-111
103000167,176,98,78
103000168,128,134,-6
103000169,184,416,-232
103000170,989,251,738
103000171,27,90,-63
103000172,624,178,446
103000173,761,309,452
103000174,225,223,2
103000175,372,146,226
103000176,860,756,104
103000177,391,329,62
103000178,131,265,-134
103000179,179,40,139
103000183,197,15,182
103000185,155,32,123
103000186,177,111,66
103000187,791,192,599
103000188,18,96,-78
103000189,636,495,141
103000191,488,559,-71
103000292,764,1754,-990
103000293,674,2443,-1769
103000295,85,99,-14
103000296,286,7,279
103000297,25,40,-15
103000504,54,10,44
103000505,5,22,-17
103000506,1,135,-134
103000507,229,1,228
103000508,59,74,-15
103000509,211,447,-236
103900001,14,67,-53
103900002,769,159,610
103900003,997,158,839
103900004,179,0,179
103900005,2,119,-117
103900006,5,2,3
103900007,118,10,108
103900008,7,5,2
103900009,361,464,-103
103900010,144,290,-146
103900011,441,97,344
103900012,7,21,-14
103900013,107,40,67
103900014,106,18,88
103900015,66,7,59
103900016,213,150,63
103900017,39,52,-13
103900018,432,192,240
103900019,97,531,-434
103900020,239,462,-223
103900021,203,49,154
103900022,1055,613,442
103900023,168,2,166
103900024,76,276,-200
103900025,26,28,-2
103900026,19,1,18
103900027,753,201,552
103900028,19,276,-257
103900029,1216,190,1026
103900030,300,102,198
103900031,40,1,39
103900032,92,109,-17
103900033,132,13,119
103900034,47,71,-24
103900035,75,37,38
103900036,39,45,-6
103900037,98,69,29
103900038,124,308,-184
103900039,125,169,-44
103900040,18,123,-105
103900041,67,43,24
103900042,60,161,-101
103900043,240,48,192
103900044,54,311,-257
103900045,380,143,237
103900047,113,16,97
103900048,31,44,-13
103900049,128,800,-672
103900050,23,142,-119
103900051,1,30,-29
103900052,204,203,1
103900053,383,368,15
103900054,150,167,-17
103900055,499,201,298
103900056,54,41,13
103900057,52,80,-28
103900058,309,324,-15
103900059,0,30,-30
103900060,56,113,-57
103900061,248,18,230
103900062,443,130,313
103900063,6,0,6
103900064,176,6,170
103900065,626,366,260
103900066,211,52,159
103900067,224,8,216
103900068,2,0,2
103900069,62,14,48
103900070,145,137,8
103900071,19,71,-52
103900072,37,122,-85
103900073,39,52,-13
103900074,87,64,23
103900075,336,48,288
103900076,671,279,392
103900077,40,115,-75
103900078,327,104,223
103900079,143,181,-38
103900080,13,41,-28
103900081,42,39,3
103900082,25,110,-85
103900083,863,1258,-395
103900084,60,146,-86
103900085,58,141,-83
103900086,940,360,580
103900088,349,638,-289
103900089,62,126,-64
103900090,6,54,-48
103900091,1027,184,843
103900092,740,312,428
103900093,54,241,-187
103900094,14,80,-66
103900095,300,165,135
103900096,39,107,-68
103900097,11,367,-356
103900098,246,125,121
103900099,93,74,19
103900100,267,208,59
103900101,45,825,-780
103900102,2,18,-16
103900104,4,23,-19
103900105,68,189,-121
103900106,0,50,-50
103900107,190,100,90
103900108,63,162,-99
103900109,164,32,132
103900110,308,41,267
103900111,159,333,-174
103900112,78,133,-55
103900113,106,218,-112
103900114,256,177,79
103900115,275,238,37
103900116,2622,3090,-468
103900117,88,49,39
103900119,31,87,-56
103900120,98,62,36
103900122,195,131,64
103900123,826,595,231
103900124,61,294,-233
103900125,159,60,99
103900126,683,234,449
103900127,237,205,32
103900128,165,52,113
103900131,43,111,-68
103900133,1001,25,976
103900134,0,5,-5
103900135,7,3,4
103900137,0,17,-17
103900138,178,116,62
103900139,227,2421,-2194
103900140,8,225,-217
103900141,240,46,194
103900142,243,83,160
103900143,91,0,91
103900144,0,31,-31
103900145,145,208,-63
103900146,305,186,119
103900147,416,102,314
103900148,301,161,140
103900149,410,293,117
103900150,3612,4716,-1104
103900151,36,151,-115
103900152,746,200,546
103900153,4,7,-3
103900154,533,2044,-1511
103900155,40,132,-92
103900156,100,69,31
103900157,80,100,-20
103900158,158,73,85
103900159,205,39,166
103900160,64,58,6
103900161,110,121,-11
103900162,69,98,-29
103900163,4,401,-397
103900167,16,114,-98
103900168,120,46,74
103900169,31,50,-19
103900170,1,69,-68
103900171,5,33,-28
103900172,13,11,2
103900173,13,31,-18
103900174,237,36,201
103900175,38,98,-60
103900176,18,64,-46
103900177,15,83,-68
103900178,75,50,25
103900179,112,61,51
103900180,21,52,-31
103900181,64,53,11
103900182,27,15,12
103900184,329,148,181
103900185,121,488,-367
103900187,9,108,-99
103900188,66,47,19
103900189,145,7,138
103900190,98,50,48
103900191,34,40,-6
103900192,24,88,-64
103900193,118,120,-2
103900194,63,149,-86
103900195,17,105,-88
103900196,73,53,20
103900197,27,14,13
103900198,11,16,-5
103900199,142,50,92
103900200,171,70,101
103900201,122,115,7
103900202,11,56,-45
103900203,34,51,-17
103900204,3,41,-38
103900207,1,39,-38
103900208,108,2,106
103900209,7,75,-68
103900210,40,37,3
103900211,720,229,491
103900212,173,239,-66
103900213,63,210,-147
103900214,208,162,46
103900215,204,270,-66
103900216,5,180,-175
103900217,315,71,244
103900218,0,165,-165
103900219,142,99,43
103900233,31,2,29
103900235,11,19,-8
103900236,9,3,6
103900242,4,4,0
103900243,4,4,0
103900244,126,106,20
103900245,99,114,-15
103900246,65,34,31
103900247,23,56,-33
103900248,3,48,-45
103900249,12,66,-54
103900250,14,24,-10
103900251,2,30,-28
103900253,9,85,-76
103900254,0,17,-17
103900255,4,19,-15
103900256,9,21,-12
103900257,64,95,-31
103900258,8,6,2
103900259,25,11,14
103900261,6,1,5
103900262,13,1,12
103900263,27,26,1
103900264,39,15,24
103900265,24,4,20
103900266,3,90,-87
103900267,10,63,-53
103900268,16,28,-12
103900269,164,20,144
103900270,90,68,22
103900271,65,54,11
103900272,75,34,41
103900273,37,30,7
103900274,143,7,136
103900275,64,8,56
103900276,10,43,-33
103900277,2,21,-19
103900278,5,23,-18
103900279,6,33,-27
103900280,0,14,-14
104000001,2421,2175,246
104000002,1488,1649,-161
104000003,2143,1648,495
104000004,2164,2012,152
104000005,1711,1699,12
104000006,2860,2007,853
104000007,3189,3469,-280
104000008,176,121,55
104000009,240,89,151
104000010,171,276,-105
104000011,255,155,100
104000012,156,212,-56
104000013,244,213,31
104000014,225,405,-180
104000015,304,121,183
104000016,425,223,202
104000018,792,136,656
104000019,564,228,336
104000020,101,254,-153
104000021,201,324,-123
104000022,102,207,-105
104000023,855,290,565
104000024,201,192,9
104000026,48,237,-189
104000027,263,155,108
104000028,347,166,181
104000029,319,204,115
104000030,294,161,133
104000031,1429,312,1117
104000032,211,179,32
104000033,645,400,245
104000034,386,146,240
104000035,1066,304,762
104000036,819,390,429
104000037,288,125,163
104000038,510,269,241
104000039,235,115,120
104000040,152,251,-99
104000041,744,259,485
104000042,155,214,-59
104000043,210,260,-50
104000044,225,259,-34
104000045,721,553,168
104000046,630,1014,-384
104000047,659,684,-25
104000048,874,859,15
104000049,440,278,162
104000050,139,559,-420
104000051,81,375,-294
104000052,1361,1356,5
104000053,956,344,612
104000054,545,207,338
104000055,3001,1815,1186
104000056,756,186,570
104000057,107,287,-180
104000058,660,587,73
104000059,515,819,-304
104000060,887,1060,-173
104000061,908,706,202
104000062,342,72,270
104000064,432,274,158
104000065,186,720,-534
104000069,692,1267,-575
104000070,80,508,-428
104000071,90,210,-120
104000072,533,143,390
104000075,114,268,-154
104000076,469,102,367
104000082,1985,3050,-1065
104000083,660,182,478
104000084,119,376,-257
104000085,238,276,-38
104000086,162,361,-199
104000087,379,1729,-1350
104000090,835,736,99
104000092,1421,1201,220
104000094,805,930,-125
104000095,1805,992,813
104000096,1594,93,1501
104000097,1819,563,1256
104000098,2327,514,1813
104000100,1724,469,1255
104000101,1106,1206,-100
104000106,34,509,-475
104000107,560,259,301
104000108,217,339,-122
104000109,300,125,175
104000110,705,873,-168
104000111,2158,2325,-167
104000112,1041,451,590
104000116,0,511,-511
104000117,228,382,-154
104000118,819,149,670
104000119,701,230,471
104000120,264,427,-163
104000121,206,524,-318
104000122,696,659,37
104000123,589,578,11
104000124,465,1190,-725
104000125,2031,4287,-2256
104000126,419,379,40
104000127,1021,1369,-348
104000128,563,299,264
104000129,409,26,383
104000130,12,254,-242
104000131,297,259,38
104000132,314,272,42
104000133,1293,665,628
104000134,789,1329,-540
104000135,340,1569,-1229
104000136,631,3409,-2778
104000137,1200,369,831
104000138,625,282,343
104000139,3174,2115,1059
104000141,665,761,-96
104000142,541,348,193
104000143,618,296,322
104000144,90,232,-142
104000145,358,198,160
104000146,234,391,-157
104000147,102,282,-180
104000148,342,150,192
104000149,141,180,-39
104000150,945,395,550
104000151,302,217,85
104000152,574,347,227
104000153,667,492,175
104000154,675,355,320
104000155,377,464,-87
104000157,793,924,-131
104000158,259,463,-204
104000159,697,397,300
104000160,1480,1727,-247
104000161,122,136,-14
104000162,87,89,-2
104000165,647,712,-65
104000167,661,1141,-480
104000168,594,6,588
104000169,91,21,70
104000170,233,527,-294
104000248,234,427,-193
104000251,57,154,-97
104000272,0,0,0
104000273,0,0,0
104000274,0,0,0
104000275,0,0,0
104000279,595,404,191
104000290,56,203,-147
104000291,425,912,-487
104000293,804,657,147
104000294,39,0,39
104000295,552,563,-11
104000296,418,595,-177
104000297,620,1496,-876
104000298,1782,765,1017
104000299,681,1113,-432
104900001,156,214,-58
104900002,106,181,-75
104900003,62,211,-149
104900004,112,149,-37
104900005,297,271,26
104900006,358,98,260
104900007,280,216,64
104900009,143,206,-63
104900010,68,52,16
104900011,23,17,6
104900012,249,32,217
104900013,118,10,108
104900014,1583,303,1280
104900015,72,6,66
104900016,269,125,144
104900017,187,120,67
104900018,5,132,-127
104900019,152,2986,-2834
104900020,21,224,-203
104900021,1,81,-80
104900022,10,81,-71
104900023,0,22,-22
104900024,25,84,-59
104900025,41,101,-60
104900026,0,31,-31
104900027,581,287,294
104900028,16,76,-60
104900029,28,56,-28
104900030,452,171,281
104900031,51,156,-105
104900032,54,79,-25
104900033,128,201,-73
104900034,336,127,209
104900035,416,199,217
104900036,216,68,148
104900037,157,164,-7
104900038,212,962,-750
104900039,367,391,-24
104900040,460,79,381
104900041,241,132,109
104900042,133,159,-26
104900043,22,187,-165
104900044,699,162,537
104900045,449,46,403
104900046,258,115,143
104900047,443,109,334
104900048,368,50,318
104900049,49,30,19
104900050,290,82,208
104900051,276,27,249
104900052,64,5,59
104900053,413,95,318
104900054,203,27,176
104900055,135,0,135
104900056,154,16,138
104900057,64,1,63
104900058,689,739,-50
104900059,106,111,-5
104900060,1,384,-383
104900061,137,350,-213
104900063,1,98,-97
104900064,0,60,-60
104900065,2,208,-206
104900066,3,93,-90
104900067,7,180,-173
104900068,26,122,-96
104900070,154,189,-35
104900071,0,332,-332
104900072,46,218,-172
104900073,83,91,-8
104900074,50,152,-102
104900075,111,30,81
104900076,124,152,-28
104900077,587,329,258
104900078,176,236,-60
104900079,136,476,-340
104900080,85,350,-265
104900082,13,292,-279
104900085,4,128,-124
104900087,342,4,338
104900089,274,1,273
104900090,835,729,106
104900091,459,387,72
104900093,169,366,-197
104900097,1558,2087,-529
104900098,170,33,137
104900099,84,542,-458
104900100,257,198,59
104900102,62,87,-25
104900103,408,60,348
104900104,1902,1814,88
104900106,114,74,40
104900107,115,121,-6
104900108,67,133,-66
104900109,125,151,-26
104900110,11,35,-24
104900111,260,134,126
104900112,290,385,-95
104900113,733,240,493
104900114,389,260,129
104900115,733,221,512
104900116,270,107,163
104900118,31,42,-11
104900119,5,48,-43
104900120,8,213,-205
104900121,0,26,-26
104900122,0,15,-15
104900123,67,17,50
104900124,51,0,51
104900125,365,4,361
104900126,63,34,29
104900127,24,38,-14
104900128,93,138,-45
104900129,1052,2212,-1160
105000001,2511,1327,1184
105000002,2197,1354,843
105000003,2692,4187,-1495
105000004,652,702,-50
105000005,980,1140,-160
105000006,1452,1685,-233
105000007,1237,1679,-442
105000008,1350,3676,-2326
105000009,2612,2802,-190
105000010,2491,1207,1284
105000011,3799,2586,1213
105000012,3168,1912,1256
105000013,1002,1093,-91
105000014,2130,2720,-590
105000015,9127,15913,-6786
105000016,1590,1579,11
105000017,1487,704,783
105000018,904,1500,-596
105000019,1013,785,228
105000020,110,503,-393
105000021,211,99,112
105000022,245,125,120
105000023,455,322,133
105000028,57,68,-11
105000029,647,1333,-686
105000030,2840,1758,1082
105000033,831,1204,-373
105000034,153,941,-788
105000037,575,230,345
105000038,1450,1472,-22
105000039,1693,1096,597
105000040,873,1412,-539
105000041,414,905,-491
105000042,2803,1920,883
105000043,1092,1796,-704
105000044,646,550,96
105000045,330,486,-156
105000046,1234,314,920
105000047,509,731,-222
105000048,572,197,375
105000049,187,316,-129
105000050,619,353,266
105000051,146,273,-127
105000052,581,608,-27
105000053,66,117,-51
105000054,374,655,-281
105000055,706,256,450
105000056,1618,1491,127
105000057,1232,559,673
105000058,1161,877,284
105000059,808,572,236
105000060,430,459,-29
105000061,833,381,452
105000062,502,526,-24
105000063,251,277,-26
105000064,1708,664,1044
105000065,347,390,-43
105000066,833,817,16
105000067,1651,689,962
105000068,290,662,-372
105000069,1205,2109,-904
105000070,400,876,-476
105000071,173,1106,-933
105000072,916,2582,-1666
105000073,832,603,229
105000074,803,493,310
105000075,371,650,-279
105000076,969,641,328
105000077,1668,1008,660
105000078,963,1208,-245
105000079,949,3501,-2552
105000080,1450,1339,111
105000081,2836,1439,1397
105000082,1009,2222,-1213
105000083,4091,4492,-401
105000084,597,559,38
105000085,1768,2626,-858
105000086,544,652,-108
105000087,1138,1393,-255
105000088,1182,1460,-278
105000089,2004,1528,476
105000090,932,601,331
105000091,928,1058,-130
105000092,515,623,-108
105000093,271,316,-45
105000094,188,222,-34
105000095,106,394,-288
105000096,1025,1058,-33
105000097,765,634,131
105000098,984,607,377
105000099,661,658,3
105000100,1410,870,540
105000101,1736,1277,459
105000102,1552,1108,444
105000103,1171,1612,-441
105000104,2446,801,1645
105000105,1072,1411,-339
105000106,1558,1155,403
105000107,1505,678,827
105000108,1788,1023,765
105000109,1786,1077,709
105000110,852,426,426
105000111,909,499,410
105000112,1178,454,724
105000113,457,651,-194
105000114,1714,1155,559
105000115,280,1210,-930
105000116,977,443,534
105000117,860,553,307
105000118,599,381,218
105000119,530,460,70
105000120,1169,406,763
105000121,756,537,219
105000122,387,609,-222
105000123,794,774,20
105000124,2064,671,1393
105000125,864,1205,-341
105000126,2131,1056,1075
105000127,2085,1258,827
105000128,590,688,-98
105000129,740,194,546
105000130,265,3373,-3108
105000131,606,289,317
105000132,990,777,213
105000133,510,647,-137
105000134,888,593,295
105000135,451,391,60
105000136,131,193,-62
105000137,671,180,491
105000138,155,238,-83
105000139,785,582,203
105000140,489,345,144
105000141,364,317,47
105000142,293,381,-88
105000143,223,415,-192
105000144,233,518,-285
105000145,836,249,587
105000146,394,590,-196
105000147,779,296,483
105000148,1177,523,654
105000149,2795,1814,981
105000150,1506,934,572
105000151,477,316,161
105000152,166,367,-201
105000153,642,569,73
105000154,504,462,42
105000155,370,838,-468
105000156,576,524,52
105000157,684,1108,-424
105000158,1707,627,1080
105000159,225,754,-529
105000160,2049,582,1467
105000161,647,605,42
105000162,567,1725,-1158
105000163,866,545,321
105000164,183,213,-30
105000165,552,5316,-4764
105000166,3267,1158,2109
105000167,1204,2031,-827
105000168,465,454,11
105000169,675,234,441
105000170,311,961,-650
105000171,1000,181,819
105000172,161,29,132
105000173,332,28,304
105000174,83,42,41
105000175,105,60,45
105000176,567,111,456
105000177,387,184,203
105000178,291,267,24
105000179,942,133,809
105000180,221,62,159
105000181,123,141,-18
105000182,58,56,2
105000183,1597,2012,-415
105000184,1080,876,204
105000185,1137,1007,130
105000186,402,550,-148
105000187,785,240,545
105000188,229,119,110
105000189,102,402,-300
105000190,329,255,74
105000191,350,177,173
105000192,377,72,305
105000193,75,96,-21
105000194,468,139,329
105000195,361,535,-174
105000196,67,268,-201
105000197,223,416,-193
105000198,393,237,156
105000199,125,534,-409
105000200,100,333,-233
105000201,43,23,20
105000203,7,113,-106
105000204,95,76,19
105000205,62,151,-89
105000207,308,150,158
105000208,203,554,-351
105000209,215,261,-46
105000212,1126,729,397
105000213,123,176,-53
105000214,197,180,17
105000215,448,120,328
105000216,168,177,-9
105000217,153,208,-55
105000218,1678,903,775
105000221,139,86,53
105000222,311,78,233
105000223,290,120,170
105000226,91,126,-35
105000227,88,92,-4
105000228,199,2002,-1803
105000229,120,530,-410
105000231,416,302,114
105000233,943,582,361
105000234,459,789,-330
105000235,389,526,-137
105000237,838,80,758
105000243,17,78,-61
105000248,46,87,-41
105000262,385,652,-267
105000269,229,184,45
105000270,493,37,456
105000271,2,141,-139
105000282,76,30,46
105000287,340,79,261
105000288,735,373,362
105000289,2120,2121,-1
105000290,24,2,22
105000402,2088,3976,-1888
105000426,321,668,-347
105000438,3340,1691,1649
105000446,6287,4399,1888
105000447,3450,1760,1690
105000454,603,416,187
105000455,194,170,24
105000474,57,0,57
105000477,516,588,-72
105000478,1959,5225,-3266
105000479,122,113,9
105000480,8095,8358,-263
105000481,4367,3399,968
105000482,3191,6520,-3329
105000483,1659,2217,-558
105000484,1503,2381,-878
105000485,1434,3311,-1877
105000486,2216,1827,389
105000488,7469,3693,3776
105000489,897,658,239
105000549,67,111,-44
105000550,350,1093,-743
105000551,29,76,-47
105000552,1729,1101,628
105000555,704,870,-166
105900001,9,1612,-1603
105900002,679,733,-54
105900003,22,67,-45
105900004,184,114,70
105900005,17,180,-163
105900006,8,127,-119
105900007,60,38,22
105900008,53,327,-274
105900009,28,21,7
105900011,143,30,113
105900012,538,153,385
105900013,3,24,-21
105900014,10,53,-43
105900015,174,233,-59
105900016,550,259,291
105900017,1584,27,1557
105900018,137,131,6
105900019,57,375,-318
105900020,41,58,-17
105900021,35,249,-214
105900022,198,176,22
105900023,15,103,-88
105900024,6,113,-107
105900025,241,14,227
105900026,169,18,151
105900027,8472,7195,1277
105900028,290,243,47
105900029,1357,336,1021
105900030,211,220,-9
105900031,319,167,152
105900032,86,127,-41
105900033,80,96,-16
105900034,211,134,77
105900035,170,171,-1
105900036,130,84,46
105900037,122,58,64
105900038,164,193,-29
105900039,142,82,60
105900040,51,84,-33
105900041,162,182,-20
105900042,76,129,-53
105900043,1006,68,938
105900044,2,202,-200
105900045,8,677,-669
105900046,3,186,-183
105900047,14,45,-31
105900048,73,400,-327
105900050,5952,4654,1298
105900051,51,980,-929
105900052,517,291,226
105900053,1900,2878,-978
105900054,286,159,127
105900056,486,358,128
105900057,24,78,-54
105900058,17,3,14
105900059,0,32,-32
106000001,3102,2615,487
106000002,1290,4407,-3117
106000003,2698,3376,-678
106000004,1354,2145,-791
106000005,3775,4384,-609
106000006,4445,2210,2235
106000007,488,545,-57
106000008,377,275,102
106000009,610,277,333
106000010,527,489,38
106000011,1155,1020,135
106000012,788,898,-110
106000013,1951,1602,349
106000014,1487,1138,349
106000015,1806,1048,758
106000016,1115,1192,-77
106000017,558,574,-16
106000018,572,360,212
106000019,362,333,29
106000020,372,258,114
106000021,301,313,-12
106000022,329,162,167
106000023,644,232,412
106000024,519,290,229
106000025,107,174,-67
106000026,65,101,-36
106000027,1510,997,513
106000028,569,263,306
106000029,649,572,77
106000030,302,518,-216
106000034,167,426,-259
106000035,925,2061,-1136
106000036,139,418,-279
106000037,1344,1028,316
106000038,150,97,53
106000039,106,90,16
106000040,125,800,-675
106000041,625,675,-50
106000043,410,257,153
106000046,315,91,224
106000047,37,478,-441
106000049,1077,212,865
106000050,282,453,-171
106000051,713,522,191
106000052,110,440,-330
106000053,490,102,388
106000054,345,268,77
106000055,1068,710,358
106000056,228,263,-35
106000057,501,230,271
106000058,115,113,2
106000059,325,280,45
106000060,232,344,-112
106000061,201,513,-312
106000062,107,461,-354
106000063,791,563,228
106000064,38,283,-245
106000065,430,293,137
106000066,96,247,-151
106000067,486,133,353
106000068,50,470,-420
106000069,285,75,210
106000070,440,494,-54
106000071,1022,268,754
106000072,2116,1346,770
106000073,1178,2939,-1761
106000074,629,607,22
106000075,321,1171,-850
106000076,1563,1636,-73
106000077,2673,1078,1595
106000078,1150,714,436
106000079,715,622,93
106000080,1351,519,832
106000081,676,923,-247
106000082,2105,577,1528
106000083,419,1277,-858
106000084,1094,533,561
106000085,1009,1433,-424
106000086,537,733,-196
106000087,883,449,434
106000088,336,634,-298
106000089,930,264,666
106000090,261,442,-181
106000091,259,331,-72
106000092,578,212,366
106000093,303,103,200
106000094,95,191,-96
106000095,957,537,420
106000096,822,419,403
106000097,1327,529,798
106000098,819,634,185
106000099,181,434,-253
106000100,1101,197,904
106000101,718,188,530
106000102,104,379,-275
106000103,249,295,-46
106000104,748,322,426
106000105,488,353,135
106000106,631,364,267
106000107,160,191,-31
106000108,330,177,153
106000109,178,178,0
106000110,254,172,82
106000111,146,215,-69
106000112,274,506,-232
106000113,448,400,48
106000114,405,618,-213
106000115,201,234,-33
106000116,304,186,118
106000117,904,461,443
106000118,1145,1184,-39
106000119,937,659,278
106000120,774,1191,-417
106000121,211,136,75
106000122,164,92,72
106000123,553,61,492
106000124,70,135,-65
106000125,22,139,-117
106000126,405,30,375
106000127,910,497,413
106000128,891,100,791
106000129,426,335,91
106000130,857,216,641
106000131,144,627,-483
106000132,463,126,337
106000133,932,977,-45
106000134,349,1682,-1333
106000135,157,363,-206
106000136,565,956,-391
106000137,74,392,-318
106000138,1176,89,1087
106000139,45,79,-34
106000140,27,29,-2
106000141,143,33,110
106000142,89,33,56
106000143,37,27,10
106000144,28,71,-43
106000145,279,151,128
106000146,429,92,337
106000147,306,278,28
106000148,392,450,-58
106000149,552,272,280
106000150,479,1595,-1116
106000151,2389,610,1779
106000152,786,1732,-946
106000153,91,1380,-1289
106000154,811,150,661
106000155,127,224,-97
106000156,996,219,777
106000157,626,1247,-621
106000158,1622,851,771
106000159,2010,1745,265
106000160,450,2780,-2330
106000161,1089,208,881
106000162,364,1020,-656
106000163,463,213,250
106000164,502,258,244
106000165,264,313,-49
106000166,831,294,537
106000167,371,559,-188
106000168,610,202,408
106000169,262,332,-70
106000170,830,179,651
106000171,215,860,-645
106000172,2861,1191,1670
106000173,1089,2041,-952
106000174,1243,325,918
106000175,300,543,-243
106000176,1845,729,1116
106000177,689,1655,-966
106000178,3345,1327,2018
106000179,827,1243,-416
106000180,759,791,-32
106000181,960,1302,-342
106000182,1630,563,1067
106000183,1533,457,1076
106000184,2241,502,1739
106000185,1218,1085,133
106000186,695,116,579
106000187,184,903,-719
106000188,1,1,0
106000189,12,29,-17
106000190,20,3,17
106000191,648,120,528
106000192,1,10,-9
106000193,290,173,117
106000194,152,383,-231
106000195,540,205,335
106000196,171,572,-401
106000197,670,272,398
106000198,170,173,-3
106000199,699,765,-66
106000200,142,218,-76
106000201,435,2825,-2390
106000202,2146,513,1633
106000203,39,100,-61
106000204,92,9,83
106000205,4,94,-90
106000206,68,31,37
106000207,38,346,-308
106000208,1581,153,1428
106000209,1568,397,1171
106000210,288,543,-255
106000211,270,883,-613
106000212,876,467,409
106000213,405,1813,-1408
106000214,1459,855,604
106000215,218,399,-181
106000216,386,302,84
106000217,213,248,-35
106000218,420,301,119
106000219,113,199,-86
106000220,359,154,205
106000221,218,145,73
106000222,63,82,-19
106000223,297,129,168
106000224,260,123,137
106000225,82,133,-51
106000226,123,163,-40
106000228,86,63,23
106000229,78,543,-465
106000231,964,89,875
106000232,84,247,-163
106000233,518,68,450
106000234,61,209,-148
106000235,412,114,298
106000236,186,89,97
106000237,1,9,-8
106000238,20,29,-9
106000239,3,137,-134
106000240,34,8,26
106000241,15,393,-378
106000242,196,35,161
106000249,52,50,2
106000250,92,478,-386
106000251,160,33,127
106000252,13,47,-34
106000253,78,68,10
106000254,63,24,39
106000255,29,179,-150
106000256,30,36,-6
106000257,126,181,-55
106000258,254,20,234
106000259,19,35,-16
106000260,34,3,31
106000261,13,45,-32
106000262,123,7,116
106000263,16,21,-5
106000264,228,8,220
106000265,6,141,-135
106000266,105,44,61
106000267,5,78,-73
106000268,367,50,317
106000269,45,32,13
106000270,126,323,-197
106000271,90,116,-26
106000272,195,54,141
106000273,13,200,-187
106000274,117,23,94
106000275,137,228,-91
106000276,114,44,70
106000277,120,249,-129
106000278,153,21,132
106000279,15,16,-1
106000280,50,36,14
106000281,72,37,35
106000282,74,43,31
106000283,111,37,74
106000284,109,68,41
106000285,98,51,47
106000286,76,82,-6
106000287,129,63,66
106000288,88,117,-29
106000289,69,36,33
106000290,54,70,-16
106000291,115,59,56
106000292,78,93,-15
106000293,116,69,47
106000294,111,81,30
106000295,50,41,9
106000296,36,61,-25
106000297,40,190,-150
106000298,99,52,47
106000299,60,109,-49
106000300,64,77,-13
106000301,73,88,-15
106000303,36,44,-8
106000304,34,23,11
106000305,41,44,-3
106000306,58,22,36
106000307,37,16,21
106000308,52,87,-35
106000309,38,39,-1
106000310,273,263,10
106000311,345,167,178
106000312,110,80,30
106000313,233,149,84
106000318,64,440,-376
106000319,1001,300,701
106000320,4,71,-67
106000321,263,129,134
106000322,168,104,64
106000324,11,107,-96
106000325,1660,811,849
106000326,794,1134,-340
106000327,237,70,167
106000328,26,105,-79
106000329,68,195,-127
106000330,30,55,-25
106000428,101,163,-62
106000429,107,288,-181
106000430,387,974,-587
106000431,2617,391,2226
106000432,1201,2098,-897
106000433,2572,1420,1152
106000434,3146,1786,1360
106000435,985,1879,-894
106000436,12,113,-101
106000437,252,43,209
106000438,437,232,205
106000439,94,372,-278
106000440,198,324,-126
106000441,2,1,1
106000442,189,8,181
106000443,199,150,49
106000450,3,85,-82
106000451,24,89,-65
106000454,0,130,-130
106000455,7,111,-104
106000456,97,31,66
106000457,11,445,-434
106000458,1114,64,1050
106000459,184,178,6
106000460,1656,31,1625
106000461,109,482,-373
106000462,1,42,-41
106000463,6,3,3
106000464,1,218,-217
106000465,790,6,784
106000466,1,272,-271
106000467,193,284,-91
106000468,76,114,-38
106000469,98,0,98
106000470,247,1663,-1416
106000471,10,275,-265
106000472,164,24,140
106000473,33,12,21
106000474,255,257,-2
106000475,320,140,180
106000476,191,272,-81
106000477,23,67,-44
106000480,1,283,-282
106900001,0,8,-8
106900002,1,254,-253
106900003,157,575,-418
106900004,1,22,-21
106900006,0,7,-7
106900007,0,7,-7
106900008,402,109,293
106900009,378,202,176
106900010,214,213,1
106900012,963,2133,-1170
106900013,553,188,365
106900014,40,3,37
106900015,9,1,8
106900016,354,10,344
106900017,5,0,5
106900018,2,0,2
106900019,77,0,77
106900020,1241,1543,-302
106900021,193,164,29
106900022,854,4,850
106900023,28,135,-107
106900024,609,66,543
106900025,45,393,-348
106900026,0,279,-279
106900027,862,4,858
107000001,3183,5686,-2503
107000002,1972,3653,-1681
107000003,6280,6128,152
107000004,3586,2789,797
107000005,6159,5577,582
107000006,3151,2132,1019
107000007,5348,9306,-3958
107000008,5936,4708,1228
107000009,8454,7468,986
107000010,6393,5267,1126
107000011,713,847,-134
107000012,2728,1764,964
107000013,125,33,92
107000014,52,109,-57
107000015,477,500,-23
107000016,850,523,327
107000017,1548,1944,-396
107000018,18,1572,-1554
107000020,1293,1770,-477
107000021,1047,374,673
107000022,648,1373,-725
107000023,1458,189,1269
107000024,576,874,-298
107000025,269,336,-67
107000026,237,308,-71
107000027,1542,880,662
107000028,1182,768,414
107000029,3702,2886,816
107000030,2234,1867,367
107000031,4757,2519,2238
107000032,318,688,-370
107000033,2148,2995,-847
107000034,3258,1169,2089
107000035,374,194,180
107000036,363,1041,-678
107000037,95,732,-637
107000038,196,196,0
107000039,757,726,31
107000040,200,256,-56
107000041,1696,852,844
107000042,651,1840,-1189
107000043,1882,1106,776
107000044,415,307,108
107000045,101,237,-136
107000046,719,421,298
107000047,471,652,-181
107000048,623,279,344
107000049,657,674,-17
107000050,1206,495,711
107000051,223,319,-96
107000052,1107,1092,15
107000053,339,270,69
107000054,47,229,-182
107000055,297,147,150
107000056,352,611,-259
107000057,976,179,797
107000058,1927,2455,-528
107000059,1584,2611,-1027
107000060,5044,4911,133
107000061,4217,2754,1463
107000062,5588,2705,2883
107000063,4010,3120,890
107000064,4654,2447,2207
107000065,3160,3146,14
107000066,1712,2765,-1053
107000067,1209,1257,-48
107000068,1172,840,332
107000069,1048,605,443
107000070,1100,2,1098
107000071,3919,63,3856
107000072,38,1630,-1592
107000073,931,514,417
107000074,131,669,-538
107000075,1853,586,1267
107000076,448,930,-482
107000077,4041,1707,2334
107000078,1942,2056,-114
107000079,2973,1234,1739
107000080,885,1997,-1112
107000081,2641,618,2023
107000082,595,905,-310
107000083,1670,522,1148
107000084,289,1020,-731
107000085,2567,2627,-60
107000086,2788,2589,199
107000087,3004,1797,1207
107000088,2996,2777,219
107000089,1685,1497,188
107000090,1055,789,266
107000091,1706,765,941
107000092,842,721,121
107000093,1396,795,601
107000094,854,860,-6
107000095,983,535,448
107000096,454,508,-54
107000097,834,260,574
107000098,415,338,77
107000099,377,277,100
107000100,251,235,16
107000101,87,157,-70
107000102,212,245,-33
107000103,270,171,99
107000104,143,218,-75
107000105,434,111,323
107000106,142,169,-27
107000107,652,145,507
107000108,123,337,-214
107000109,602,128,474
107000110,55,278,-223
107000111,452,46,406
107000112,58,187,-129
107000113,723,123,600
107000114,76,315,-239
107000115,764,216,548
107000116,112,421,-309
107000117,133,794,-661
107000118,80,140,-60
107000119,1277,1604,-327
107000120,727,458,269
107000121,1211,583,628
107000122,1140,559,581
107000123,567,432,135
107000124,575,540,35
107000125,1251,385,866
107000126,1091,391,700
107000129,241,330,-89
107000130,743,245,498
107000131,316,315,1
107000132,630,294,336
107000133,384,152,232
107000134,284,1,283
107000135,1,226,-225
107000136,663,5,658
107000137,10,334,-324
107000138,204,31,173
107000139,9,498,-489
107000140,1579,100,1479
107000141,132,604,-472
107000142,552,88,464
107000143,71,507,-436
107000144,485,474,11
107000145,129,327,-198
107000146,216,300,-84
107000147,2738,682,2056
107000150,434,2759,-2325
107000151,25,100,-75
107000152,386,1723,-1337
107000153,83,299,-216
107000154,139,281,-142
107000155,910,21,889
107000156,1251,31,1220
107000157,45,692,-647
107000158,773,24,749
107000159,32,491,-459
107000160,1485,167,1318
107000161,66,676,-610
107000162,285,581,-296
107000163,199,4,195
107000164,980,3,977
107000165,1653,10,1643
107000166,34,622,-588
107000167,726,186,540
107000168,1100,584,516
107000169,510,623,-113
107000170,3102,831,2271
107000171,673,1003,-330
107000172,1346,1640,-294
107000173,489,588,-99
107000174,1280,5787,-4507
107000175,4089,993,3096
107000176,0,0,0
107000177,2,0,2
107000178,17,12,5
107000179,277,1161,-884
107000180,1729,250,1479
107000181,434,579,-145
107000182,2268,713,1555
107000183,181,440,-259
107000184,1236,511,725
107000185,487,864,-377
107000186,1433,414,1019
107000187,1487,1116,371
107000188,637,515,122
107000189,597,901,-304
107000190,699,536,163
107000191,713,716,-3
107000192,1980,547,1433
107000193,488,530,-42
107000194,725,535,190
107000197,985,273,712
107000198,303,528,-225
107000199,775,544,231
107000200,490,663,-173
107000201,408,289,119
107000202,347,462,-115
107000203,1026,977,49
107000204,1060,1172,-112
107000205,1551,769,782
107000206,637,1446,-809
107000207,571,1041,-470
107000208,739,550,189
107000209,1198,1456,-258
107000210,348,197,151
107000211,3,60,-57
107000212,46,301,-255
107000213,2,25,-23
107000214,14,122,-108
107000215,454,272,182
107000216,503,258,245
107000217,177,144,33
107000219,100,193,-93
107000220,231,147,84
107000222,235,371,-136
107000224,569,93,476
107000225,199,194,5
107000226,621,108,513
107000227,80,128,-48
107000228,110,438,-328
107000229,71,76,-5
107000230,867,358,509
107000231,921,1800,-879
107000232,151,11,140
107000233,650,969,-319
107000234,3,88,-85
107000235,82,9,73
107000236,10,353,-343
107000237,55,3,52
107000238,25,1,24
107000239,1996,543,1453
107000240,99,449,-350
107000241,96,22,74
107000242,304,37,267
107000243,0,33,-33
107000244,6,61,-55
107000246,6,875,-869
107000249,0,1036,-1036
107000251,1,321,-320
107000252,2,489,-487
107000255,194,118,76
107000257,3,406,-403
107000258,1,178,-177
107000259,1,116,-115
107000260,1758,22,1736
107000262,10,239,-229
107000263,363,11,352
107000266,19,13,6
107000267,91,80,11
107000268,83,92,-9
107000269,138,8,130
107000270,205,59,146
107000271,17,51,-34
107000272,111,27,84
107000273,2,201,-199
107000274,1210,249,961
107000275,45,1255,-1210
107000280,1150,31,1119
107000281,32,388,-356
107000282,26,457,-431
107000290,16,19,-3
107000291,12,2,10
107000292,5,148,-143
107000293,32,2,30
107000294,1,41,-40
107000295,28,2,26
107000296,0,7,-7
107000444,387,8,379
107000496,6,3,3
107000497,1196,1377,-181
107000500,381,220,161
107000501,78,115,-37
107000502,128,194,-66
107000505,277,618,-341
107000506,1,15,-14
107000508,7,300,-293
107000509,176,524,-348
107000510,31,50,-19
107000514,56,314,-258
107000515,16,101,-85
107000516,486,324,162
107000518,1369,1984,-615
107000519,907,551,356
107000520,121,62,59
107000521,680,233,447
107000522,1021,376,645
107900001,92,81,11
107900002,75,11,64
107900003,706,15,691
107900004,105,2,103
107900005,1840,14,1826
107900006,279,4,275
107900007,466,78,388
107900008,100,15,85
107900009,122,4,118
107900010,83,2,81
107900012,332,67,265
107900013,211,13,198
107900014,49,11,38
107900015,1442,14,1428
107900016,229,84,145
107900017,26,0,26
107900018,105,253,-148
107900019,28,7,21
107900020,40,10,30
107900021,104,51,53
107900023,3,2,1
107900024,0,0,0
107900025,159,175,-16
107900026,91,35,56
107900027,18,25,-7
107900028,137,57,80
107900030,209,29,180
107900031,99,46,53
107900032,16,2,14
107900033,32,8,24
107900034,402,26,376
107900035,1073,57,1016
107900036,69,32,37
107900037,0,4,-4
107900038,98,277,-179
107900039,47,43,4
107900040,35,220,-185
107900041,2,2,0
107900043,85,78,7
107900044,18,9,9
107900045,143,57,86
107900046,161,204,-43
107900047,29,7,22
107900048,299,20,279
107900049,209,995,-786
107900050,89,181,-92
107900051,113,51,62
107900052,51,19,32
107900053,63,68,-5
107900055,667,275,392
107900056,109,78,31
107900057,3,0,3
107900058,26,434,-408
107900060,9,43,-34
107900061,4,14,-10
107900063,90,133,-43
107900064,348,254,94
107900065,267,8,259
107900066,37,7,30
107900067,0,0,0
107900068,137,595,-458
107900069,24,2476,-2452
107900070,205,115,90
107900071,36,453,-417
107900072,174,104,70
107900073,188,46,142
107900074,416,362,54
107900076,206,57,149
107900077,83,1,82
107900078,238,71,167
107900079,9,18,-9
107900080,259,705,-446
107900081,67,72,-5
107900082,10,9,1
107900083,373,172,201
107900084,144,136,8
107900086,53,199,-146
107900087,360,203,157
107900088,59,5,54
107900089,216,658,-442
107900090,543,2987,-2444
107900091,138,191,-53
107900092,1276,243,1033
107900093,94,49,45
107900095,2025,2224,-199
107900097,23,58,-35
107900098,88,210,-122
107900100,680,1584,-904
107900101,598,93,505
107900102,40,8,32
107900103,40,147,-107
107900104,155,9,146
107900105,0,185,-185
107900106,3,522,-519
107900107,964,556,408
107900108,157,132,25
107900109,1907,36,1871
107900110,66,26,40
107900111,10,410,-400
107900112,79,413,-334
107900113,333,54,279
107900114,190,88,102
107900115,2,24,-22
107900116,289,91,198
107900117,270,191,79
107900118,68,89,-21
107900119,74,273,-199
107900120,36,22,14
107900121,2,119,-117
107900122,2,75,-73
107900123,2,66,-64
107900124,10,37,-27
107900125,24,190,-166
107900126,12,69,-57
107900127,391,388,3
107900128,66,60,6
107900129,104,20,84
107900130,112,8,104
107900131,325,371,-46
107900132,72,209,-137
107900133,1,58,-57
107900134,39,107,-68
107900135,11,109,-98
107900136,25,36,-11
107900137,114,98,16
107900138,88,25,63
107900139,100,33,67
107900140,16,5,11
107900141,35,25,10
107900142,49,413,-364
107900143,45,10,35
107900144,10,103,-93
107900145,7,40,-33
107900146,68,178,-110
107900147,48,40,8
107900148,113,85,28
107900149,519,171,348
107900150,73,326,-253
107900151,54,45,9
107900152,23,108,-85
107900153,78,364,-286
107900154,61,37,24
107900155,93,49,44
107900156,12,154,-142
107900157,47,45,2
107900158,1120,39,1081
107900159,32,471,-439
107900160,155,92,63
107900161,49,79,-30
107900162,0,124,-124
107900163,95,126,-31
107900164,17,58,-41
107900165,58,138,-80
107900166,36,89,-53
107900167,11,27,-16
107900168,57,22,35
107900169,7,189,-182
107900171,11,565,-554
107900172,0,192,-192
107900173,24,74,-50
107900174,159,2,157
107900175,11,50,-39
107900176,42,17,25
107900177,0,118,-118
107900178,16,106,-90
107900179,16,96,-80
107900180,355,833,-478
107900181,357,277,80
107900182,1,552,-551
107900183,70,137,-67
107900184,112,152,-40
107900185,161,4,157
107900186,57,40,17
107900187,3,91,-88
107900188,372,122,250
107900189,20,56,-36
107900190,37,169,-132
107900191,70,101,-31
107900193,8,40,-32
107900194,292,12,280
107900195,1123,272,851
107900196,120,57,63
107900197,445,483,-38
107900199,1,512,-511
107900201,86,73,13
107900203,30,62,-32
107900204,137,190,-53
107900205,228,316,-88
107900206,1030,283,747
107900207,3,292,-289
107900208,18,281,-263
107900209,255,108,147
107900210,51,65,-14
107900213,442,453,-11
107900214,19,40,-21
107900215,121,388,-267
107900216,160,33,127
107900217,48,109,-61
107900218,13,1059,-1046
107900219,39,57,-18
107900220,166,261,-95
107900221,119,154,-35
107900223,123,288,-165
107900224,91,447,-356
107900225,6,344,-338
107900226,73,73,0
107900227,101,276,-175
107900228,19,59,-40
107900229,1,104,-103
107900230,17,65,-48
107900231,14,143,-129
107900232,118,66,52
107900233,7,64,-57
107900234,133,80,53
107900235,23,91,-68
107900236,169,36,133
107900237,40,261,-221
107900238,38,69,-31
107900239,425,562,-137
107900240,36,50,-14
107900241,7,48,-41
107900242,38,98,-60
107900243,3,41,-38
107900244,400,3,397
107900245,893,64,829
107900246,468,16,452
107900248,224,206,18
107900249,1017,73,944
107900250,2,256,-254
107900251,65,668,-603
107900252,1157,25,1132
107900253,259,6,253
107900254,72,210,-138
107900255,173,97,76
107900256,732,986,-254
107900257,273,117,156
107900258,140,136,4
107900259,77,2691,-2614
107900261,0,181,-181
107900262,41,97,-56
107900264,497,29,468
107900265,197,120,77
107900267,354,10,344
107900268,5,0,5
107900269,0,0,0
107900270,1,0,1
107900271,1,15,-14
107900272,24,24,0
107900273,51,61,-10
107900274,120,1,119
107900275,19,0,19
107900276,2,58,-56
107900277,1,98,-97
107900278,406,226,180
107900279,46,93,-47
107900280,1936,1859,77
107900281,653,3684,-3031
107900282,33,697,-664
107900283,662,563,99
107900284,659,325,334
107900285,157,30,127
107900286,68,96,-28
107900287,363,208,155
107900290,0,211,-211
107900291,539,27,512
107900292,97,110,-13
107900293,102,241,-139
107900295,63,37,26
107900297,1,226,-225
107900298,625,491,134
107900299,2079,2855,-776
107900300,68,277,-209
107900301,812,802,10
107900302,77,41,36
107900303,303,190,113
107900304,466,278,188
107900305,377,7,370
107900306,7,32,-25
107900307,45,235,-190
107900308,220,147,73
107900309,71,1,70
107900310,455,2,453
107900311,4,614,-610
107900312,76,0,76
107900313,0,152,-152
107900314,2,34,-32
107900315,0,29,-29
107900316,48,3,45
107900317,95,14,81
107900318,9,125,-116
107900319,5,67,-62
107900320,3,85,-82
107900321,183,6,177
107900322,1,41,-40
107900323,27,110,-83
107900324,144,1,143
107900325,110,1,109
107900326,353,102,251
107900327,0,77,-77
107900328,68,0,68
107900329,39,86,-47
107900330,10,148,-138
107900331,267,23,244
107900332,346,19,327
107900333,72,22,50
107900334,10,107,-97
107900335,31,30,1
107900336,40,83,-43
107900337,515,923,-408
107900338,7,104,-97
107900339,1,13,-12
107900340,2,50,-48
107900341,83,0,83
107900342,145,88,57
107900343,44,6,38
107900344,6,41,-35
107900345,108,28,80
107900346,29,3,26
107900347,29,2,27
107900348,7,1,6
107900349,21,13,8
107900350,14,155,-141
107900351,5,103,-98
107900352,1,14,-13
107900353,7,6,1
107900354,5,28,-23
108000001,3134,3392,-258
108000002,1563,1712,-149
108000003,3520,3599,-79
108000004,9192,10531,-1339
108000005,7744,6414,1330
108000006,5727,5355,372
108000007,5009,3863,1146
108000008,3492,4440,-948
108000009,4149,4857,-708
108000010,2785,3121,-336
108000011,12403,11871,532
108000012,11141,10909,232
108000014,617,947,-330
108000015,836,196,640
108000016,312,715,-403
108000017,1202,375,827
108000018,1972,597,1375
108000019,1528,766,762
108000020,1332,488,844
108000021,285,1278,-993
108000022,332,942,-610
108000023,1212,217,995
108000024,286,291,-5
108000025,335,208,127
108000026,863,287,576
108000027,889,350,539
108000028,671,154,517
108000029,580,316,264
108000030,677,178,499
108000031,210,477,-267
108000032,1882,623,1259
108000033,821,756,65
108000034,2051,476,1575
108000035,662,1328,-666
108000036,326,697,-371
108000037,1828,444,1384
108000038,2840,565,2275
108000039,401,1257,-856
108000040,2045,981,1064
108000041,605,1633,-1028
108000042,432,180,252
108000043,217,186,31
108000044,657,128,529
108000045,260,295,-35
108000046,1571,284,1287
108000047,486,592,-106
108000048,153,253,-100
108000049,898,232,666
108000050,56,322,-266
108000051,427,160,267
108000052,157,421,-264
108000053,461,247,214
108000054,417,907,-490
108000055,1163,714,449
108000056,713,1090,-377
108000057,642,1330,-688
108000058,1776,3702,-1926
108000059,2231,1425,806
108000060,181,441,-260
108000061,135,181,-46
108000062,1062,561,501
108000063,547,355,192
108000064,287,249,38
108000065,565,303,262
108000066,1194,656,538
108000067,1989,598,1391
108000068,851,337,514
108000069,198,612,-414
108000070,2161,634,1527
108000071,538,1029,-491
108000072,2054,997,1057
108000073,1010,1174,-164
108000074,673,378,295
108000075,317,568,-251
108000076,874,526,348
108000077,595,454,141
108000078,2598,1090,1508
108000079,660,920,-260
108000080,1661,425,1236
108000081,525,766,-241
108000082,741,1312,-571
108000083,2103,930,1173
108000084,360,793,-433
108000085,960,498,462
108000086,607,548,59
108000087,155,2399,-2244
108000088,183,7,176
108000089,397,296,101
108000090,528,168,360
108000091,468,379,89
108000092,191,68,123
108000093,229,311,-82
108000094,631,92,539
108000095,198,169,29
108000096,420,148,272
108000097,201,271,-70
108000098,2082,1019,1063
108000099,313,56,257
108000100,113,193,-80
108000101,1625,1592,33
108000102,1624,3514,-1890
108000106,824,3,821
108000107,3,625,-622
108000108,585,38,547
108000109,8,610,-602
108000110,256,289,-33
108000111,178,451,-273
108000112,55,165,-110
108000113,331,142,189
108000115,259,286,-27
108000117,561,403,158
108000118,51,223,-172
108000119,460,212,248
108000120,154,772,-618
108000121,152,274,-122
108000122,583,293,290
108000123,675,91,584
108000124,319,427,-108
108000125,504,167,337
108000126,180,222,-42
108000127,623,208,415
108000128,669,252,417
108000129,293,553,-260
108000130,508,158,350
108000131,869,496,373
108000132,1298,807,491
108000133,1154,494,660
108000134,471,364,107
108000135,1197,430,767
108000136,238,521,-283
108000137,555,153,402
108000138,492,474,18
108000139,600,200,400
108000140,130,22,108
108000141,35,45,-10
108000142,48,58,-10
108000143,52,9,43
108000144,49,5,44
108000145,42,13,29
108000146,79,4,75
108000147,39,9,30
108000148,70,7,63
108000149,23,5,18
108000150,21,8,13
108000151,10,5,5
108000152,117,245,-128
108000153,766,142,624
108000154,35,9,26
108000155,35,23,12
108000156,258,97,161
108000157,236,1336,-1100
108000158,54,896,-842
108000159,286,165,121
108000160,1590,1137,453
108000161,1496,2779,-1283
108000165,4,215,-211
108000172,4,265,-261
108000173,914,1983,-1069
108000175,344,99,245
108000178,380,300,80
108000179,131,946,-815
108000181,79,33,46
108000182,87,31,56
108000183,17,14,3
108000184,592,2321,-1729
108000185,248,218,30
108000186,197,23,174
108000187,134,285,-151
108000188,822,136,686
108000189,383,1213,-830
108000190,17,67,-50
108000192,222,256,-34
108000193,465,41,424
108000194,31,13,18
108000195,1,677,-676
108000196,264,167,97
108000198,487,142,345
108000199,0,353,-353
108000200,577,243,334
108000202,0,173,-173
108000203,167,314,-147
108000204,200,75,125
108000205,190,261,-71
108000339,854,280,574
108000364,89,233,-144
108000365,53,235,-182
108000367,164,223,-59
108000368,7,67,-60
108000369,446,219,227
108000371,0,453,-453
108000372,600,2,598
108000373,222,97,125
108000376,118,55,63
108000377,574,184,390
108000378,8329,10082,-1753
108000379,17,166,-149
108000381,96,12,84
108000382,102,0,102
108000383,0,152,-152
108900001,72,505,-433
108900002,189,61,128
108900003,265,457,-192
108900004,131,433,-302
108900005,73,514,-441
108900006,731,181,550
108900007,413,180,233
108900008,169,139,30
108900009,120,136,-16
108900010,382,172,210
108900011,808,343,465
108900012,486,360,126
108900013,206,228,-22
108900014,15,81,-66
108900015,2,88,-86
108900016,1,150,-149
108900017,326,478,-152
108900018,195,321,-126
108900019,40,316,-276
108900020,60,128,-68
108900021,185,164,21
108900022,147,9,138
108900023,22,34,-12
108900024,55,56,-1
108900025,213,79,134
108900026,10,85,-75
108900027,1,33,-32
108900028,141,128,13
108900029,65,149,-84
108900030,1,60,-59
108900031,166,197,-31
108900032,6,158,-152
108900033,2,128,-126
108900034,0,108,-108
108900035,314,656,-342
108900036,181,204,-23
108900037,36,202,-166
108900038,2,195,-193
108900039,1,212,-211
108900040,6,59,-53
108900041,3553,3444,109
108900042,8,362,-354
108900043,62,369,-307
108900044,2,261,-259
108900045,99,253,-154
108900046,29,385,-356
108900047,0,89,-89
108900048,77,500,-423
108900049,1423,1824,-401
108900050,2,132,-130
108900051,0,99,-99
108900052,27,136,-109
108900053,58,259,-201
108900054,46,159,-113
108900055,48,303,-255
108900056,0,60,-60
108900057,0,77,-77
108900058,25,187,-162
108900059,701,81,620
108900060,94,160,-66
108900061,84,28,56
108900062,2,187,-185
108900063,19,106,-87
108900064,351,50,301
108900065,6,98,-92
108900066,492,140,352
108900067,9,157,-148
108900068,12,71,-59
108900069,93,65,28
108900070,32,69,-37
108900071,140,68,72
108900072,1570,594,976
108900073,30,167,-137
108900074,248,145,103
108900075,36,54,-18
108900076,492,64,428
108900077,76,230,-154
108900078,60,83,-23
108900079,534,172,362
108900080,28,936,-908
108900081,34,213,-179
108900082,148,77,71
108900083,21,299,-278
108900084,353,138,215
108900085,1126,175,951
108900086,154,129,25
108900087,73,133,-60
108900088,1047,424,623
108900089,27,158,-131
108900090,64,139,-75
108900091,154,60,94
108900092,473,251,222
108900093,115,106,9
108900094,219,80,139
108900095,11,190,-179
108900096,260,16,244
108900097,319,136,183
108900098,1302,926,376
108900099,424,124,300
108900100,84,107,-23
108900101,224,243,-19
108900102,83,1286,-1203
108900103,109,165,-56
108900104,126,289,-163
108900105,4,1413,-1409
108900106,616,184,432
108900108,326,53,273
108900109,556,73,483
108900110,261,209,52
108900111,455,309,146
108900112,358,27,331
108900113,45,83,-38
108900114,80,6,74
108900115,123,80,43
108900116,62,4,58
108900117,219,11,208
108900118,824,27,797
108900119,407,40,367
108900120,303,244,59
108900121,358,143,215
108900122,208,24,184
108900123,168,156,12
108900124,566,187,379
108900125,499,12,487
108900126,143,65,78
108900127,261,31,230
108900128,166,41,125
108900129,963,118,845
108900130,413,3,410
108900131,392,9,383
108900132,520,69,451
108900133,318,51,267
108900134,518,213,305
108900135,219,12,207
108900136,67,1,66
108900137,230,0,230
108900138,930,75,855
108900139,631,61,570
108900140,549,173,376
108900141,380,13,367
108900142,114,4,110
108900143,126,0,126
108900144,114,0,114
108900145,235,21,214
108900146,68,0,68
108900147,327,0,327
108900148,91,22,69
108900149,420,244,176
108900150,286,14,272
108900151,75,20,55
108900152,246,23,223
108900153,226,140,86
108900154,5064,400,4664
108900155,257,69,188
108900156,130,6,124
108900157,30,269,-239
108900158,482,35,447
108900159,2,150,-148
108900160,31,192,-161
108900161,14,271,-257
108900162,126,0,126
108900163,9,287,-278
108900164,84,104,-20
108900165,118,79,39
108900167,923,8743,-7820
108900168,4539,2799,1740
108900169,55,88,-33
108900171,3647,3341,306
108900172,204,48,156
108900173,113,289,-176
108900174,1004,613,391
108900176,100,299,-199
108900177,2924,6212,-3288
108900178,2731,3799,-1068
108900179,492,2169,-1677
108900180,190,270,-80
108900182,45,360,-315
108900183,206,178,28
108900184,538,222,316
108900185,145,294,-149
108900186,118,251,-133
108900187,489,37,452
108900188,846,39,807
108900189,593,148,445
108900190,70,1587,-1517
108900191,246,57,189
108900192,121,194,-73
108900193,78,36,42
108900194,9,139,-130
108900195,75,130,-55
108900196,27,169,-142
108900198,4,260,-256
108900199,239,256,-17
108900200,675,369,306
108900201,507,1086,-579
108900203,538,128,410
108900204,423,17,406
108900205,182,54,128
108900206,503,80,423
108900207,245,151,94
108900208,9,225,-216
108900209,167,413,-246
108900210,202,226,-24
108900211,151,514,-363
108900212,341,1431,-1090
108900215,62,243,-181
108900216,268,300,-32
108900217,118,2,116
108900218,97,16,81
108900219,62,9,53
108900220,72,26,46
108900221,35,145,-110
108900222,397,17,380
108900223,6,106,-100
108900224,22,110,-88
108900225,0,111,-111
108900226,395,21,374
108900227,94,410,-316
108900230,169,196,-27
108900231,18,193,-175
108900232,1,145,-144
108900233,506,141,365
108900234,372,129,243
108900235,133,390,-257
108900236,30,233,-203
108900237,35,177,-142
108900240,148,107,41
108900241,58,61,-3
108900245,27,1456,-1429
108900249,115,34,81
108900250,263,151,112
108900257,251,187,64
108900258,6,130,-124
108900259,31,35,-4
108900260,5,33,-28
108900261,42,83,-41
108900262,93,102,-9
108900263,37,105,-68
108900264,347,219,128
108900265,575,438,137
108900266,446,787,-341
108900267,4,181,-177
108900268,4,6,-2
108900269,89,18,71
108900270,108,8,100
108900271,74,35,39
108900272,254,18,236
108900273,477,797,-320
108900274,78,36,42
109000001,2175,1991,184
109000002,836,1675,-839
109000003,2880,430,2450
109000004,533,1580,-1047
109000005,2575,593,1982
109000006,661,1547,-886
109000007,1737,605,1132
109000008,575,1462,-887
109000009,3475,1286,2189
109000010,1005,2922,-1917
109000011,3793,2125,1668
109000012,1744,2276,-532
109000013,4350,3607,743
109000014,2182,2105,77
109000015,3919,8144,-4225
109000016,4588,2302,2286
109000017,2661,1158,1503
109000018,1014,1923,-909
109000019,2655,1356,1299
109000020,881,1378,-497
109000023,284,25,259
109000024,14,141,-127
109000025,345,511,-166
109000026,467,231,236
109000027,120,412,-292
109000028,121,54,67
109000029,115,231,-116
109000030,42,391,-349
109000031,225,206,19
109000032,141,390,-249
109000033,313,182,131
109000034,75,44,31
109000035,14,89,-75
109000036,101,295,-194
109000037,205,1922,-1717
109000038,435,332,103
109000039,1132,1006,126
109000040,3035,11597,-8562
109000041,1756,1729,27
109000042,488,1277,-789
109000044,453,50,403
109000045,151,218,-67
109000046,414,51,363
109000047,67,341,-274
109000048,795,211,584
109000049,315,448,-133
109000050,370,237,133
109000051,256,205,51
109000052,618,565,53
109000053,260,89,171
109000054,281,295,-14
109000055,280,311,-31
109000056,403,297,106
109000057,855,449,406
109000058,653,180,473
109000059,491,1395,-904
109000060,313,253,60
109000061,562,1172,-610
109000062,118,382,-264
109000063,190,107,83
109000064,289,162,127
109000065,201,121,80
109000066,439,57,382
109000067,55,178,-123
109000068,1042,5,1037
109000069,681,23,658
109000070,21,1601,-1580
109000071,411,66,345
109000072,80,278,-198
109000073,60,99,-39
109000074,30,152,-122
109000075,56,284,-228
109000076,166,240,-74
109000077,259,194,65
109000078,99,153,-54
109000079,120,81,39
109000080,250,76,174
109000081,157,264,-107
109000082,800,146,654
109000083,346,356,-10
109000088,125,397,-272
109000089,332,70,262
109000090,111,307,-196
109000091,405,196,209
109000092,262,339,-77
109000093,290,230,60
109000094,797,4,793
109000095,125,290,-165
109000096,768,283,485
109000097,104,116,-12
109000098,58,141,-83
109000099,809,225,584
109000100,218,525,-307
109000101,1895,473,1422
109000102,445,617,-172
109000103,481,435,46
109000104,2112,436,1676
109000105,463,765,-302
109000106,2055,760,1295
109000107,612,1209,-597
109000108,2089,556,1533
109000109,415,1046,-631
109000110,1270,611,659
109000111,634,1483,-849
109000112,288,110,178
109000113,352,155,197
109000114,126,260,-134
109000115,1041,20,1021
109000116,2,212,-210
109000117,295,38,257
109000118,10,223,-213
109000119,1792,125,1667
109000120,250,421,-171
109000121,735,30,705
109000122,157,401,-244
109000123,34,42,-8
109000124,764,277,487
109000125,874,253,621
109000126,439,515,-76
109000127,1128,138,990
109000128,532,799,-267
109000129,3045,829,2216
109000130,558,850,-292
109000131,980,790,190
109000132,692,1135,-443
109000133,324,685,-361
109000134,679,1059,-380
109000135,720,1273,-553
109000136,304,232,72
109000137,313,319,-6
109000138,512,176,336
109000139,575,346,229
109000140,292,181,111
109000141,520,353,167
109000142,162,444,-282
109000143,101,60,41
109000145,96,234,-138
109000146,36,76,-40
109000148,2076,2103,-27
109000149,20,66,-46
109000150,91,332,-241
109000155,995,654,341
109000156,767,442,325
109000158,183,237,-54
109000159,145,329,-184
109000160,1160,205,955
109000161,456,672,-216
109000162,2085,547,1538
109000163,1112,1321,-209
109000164,1227,1764,-537
109000165,1422,380,1042
109000166,859,88,771
109000167,119,332,-213
109000170,40,35,5
109000171,66,39,27
109000172,39,79,-40
109000173,46,95,-49
109000174,99,41,58
109000175,48,58,-10
109000176,288,160,128
109000177,50,62,-12
109000178,1200,256,944
109000179,2970,5808,-2838
109000180,3383,3422,-39
109000181,32,11,21
109000182,65,15,50
109000183,67,16,51
109000184,32,17,15
109000185,23,31,-8
109000188,445,1129,-684
109000189,2677,715,1962
109000190,630,334,296
109000191,359,338,21
109000192,497,131,366
109000193,234,132,102
109000194,289,91,198
109000195,186,183,3
109000196,306,103,203
109000197,219,191,28
109000198,365,48,317
109000199,82,280,-198
109000206,243,28,215
109000207,112,30,82
109000208,130,84,46
109000209,132,66,66
109000210,152,368,-216
109000211,881,404,477
109000214,444,180,264
109000215,166,71,95
109000216,327,268,59
109000217,205,146,59
109000218,504,256,248
109000221,375,762,-387
109000222,954,235,719
109000223,413,372,41
109000224,33,67,-34
109000225,100,45,55
109000226,45,111,-66
109000227,1299,552,747
109000228,3,1694,-1691
109000231,1,178,-177
109000232,478,173,305
109000236,240,504,-264
109000241,2026,1526,500
109000242,1843,864,979
109000293,21,84,-63
109000361,106,188,-82
109000364,173,396,-223
109000396,3,289,-286
109000397,760,11,749
109000399,117,299,-182
109000400,83,137,-54
109000403,73,974,-901
109000406,253,0,253
109000407,246,181,65
109000408,0,241,-241
109000410,893,171,722
109000411,191,13,178
109900001,110,2,108
109900002,1053,29,1024
109900003,315,0,315
109900004,707,73,634
109900005,30,1,29
109900006,506,107,399
109900007,1021,228,793
109900008,0,16,-16
109900009,154,332,-178
109900010,606,15,591
109900011,118,68,50
109900012,266,235,31
109900013,452,235,217
109900014,456,71,385
109900015,445,282,163
109900016,166,23,143
109900017,214,205,9
109900018,248,31,217
109900019,334,54,280
109900020,47,45,2
109900021,32,18,14
109900022,127,158,-31
109900023,24,5,19
109900024,23,3,20
109900025,23,37,-14
109900026,4,157,-153
109900027,41,16,25
109900028,593,1259,-666
109900029,7,182,-175
109900030,65,25,40
109900031,0,158,-158
109900032,14,208,-194
109900033,6,447,-441
109900034,58,1,57
109900035,18,33,-15
109900036,32,39,-7
109900037,28,270,-242
109900038,104,221,-117
109900039,12,0,12
109900040,31,287,-256
109900041,71,211,-140
109900042,27,430,-403
109900044,167,162,5
109900045,82,78,4
109900046,33,60,-27
109900047,237,256,-19
109900048,0,74,-74
109900049,14,40,-26
109900050,1,66,-65
109900051,1,27,-26
109900052,100,219,-119
109900053,3,141,-138
109900054,1020,217,803
109900055,66,185,-119
109900056,20,190,-170
109900057,2,84,-82
109900058,2,43,-41
109900059,1164,109,1055
109900060,675,93,582
109900061,39,262,-223
109900062,0,69,-69
109900063,3,429,-426
109900064,533,162,371
109900065,51,137,-86
109900066,245,485,-240
109900067,1,123,-122
109900068,92,10,82
109900069,6,32,-26
109900070,35,247,-212
109900071,3,22,-19
109900072,18,125,-107
109900073,484,283,201
109900074,8,19,-11
109900075,52,18,34
109900076,17,119,-102
109900077,18,41,-23
109900078,81,214,-133
109900080,93,188,-95
109900081,38,281,-243
109900082,54,234,-180
109900083,28,53,-25
109900084,50,89,-39
109900085,172,430,-258
109900086,101,538,-437
109900087,252,501,-249
109900089,734,198,536
109900090,440,870,-430
109900091,401,82,319
109900092,445,26,419
109900093,1221,213,1008
109900094,76,79,-3
109900095,134,176,-42
109900096,43,2,41
109900097,130,7,123
109900098,584,55,529
109900099,231,8,223
109900100,70,1,69
109900101,788,17,771
109900102,582,24,558
109900103,23,73,-50
109900104,792,307,485
109900105,611,15,596
109900106,337,51,286
109900107,646,56,590
109900108,119,204,-85
109900109,40,133,-93
109900110,85,221,-136
109900111,262,543,-281
109900112,252,354,-102
109900113,982,723,259
109900114,1277,1266,11
109900115,164,67,97
109900117,1281,120,1161
109900118,172,334,-162
109900119,585,280,305
109900120,69,23,46
109900121,452,521,-69
109900122,550,5,545
109900123,14,123,-109
109900124,39,245,-206
109900125,0,138,-138
109900126,397,90,307
109900128,425,34,391
109900130,4126,3251,875
109900131,51,113,-62
109900132,24,97,-73
109900133,76,168,-92
109900134,81,74,7
109900135,273,57,216
109900136,51,114,-63
109900137,145,157,-12
109900140,193,90,103
109900142,1625,255,1370
109900145,6,618,-612
109900146,379,58,321
109900148,40,69,-29
109900149,18,53,-35
109900150,3,67,-64
109900151,6,23,-17
109900152,0,18,-18
109900153,0,51,-51
109900154,89,0,89
109900155,73,26,47
109900157,62,179,-117
109900158,85,151,-66
109900159,180,32,148
109900160,178,52,126
109900161,272,84,188
109900162,313,132,181
109900163,618,320,298
109900164,51,149,-98
109900165,245,3,242
109900166,2,106,-104
109900167,135,352,-217
109900168,239,410,-171
109900169,231,145,86
109900170,199,1095,-896
109900171,237,76,161
109900172,231,247,-16
109900173,1546,2396,-850
109900174,56,76,-20
109900175,117,69,48
109900176,98,125,-27
109900177,47,124,-77
109900178,12,115,-103
109900179,15,14,1
109900180,8,13,-5
110000001,766,444,322
110000002,538,715,-177
110000003,705,633,72
110000004,454,617,-163
110000005,361,1717,-1356
110000006,205,329,-124
110000007,98,80,18
110000008,18,55,-37
110000009,83,24,59
110000010,31,64,-33
110000011,32,49,-17
110000012,521,238,283
110000013,32,585,-553
110000014,467,317,150
110000015,192,485,-293
110000016,218,1714,-1496
110000017,2551,239,2312
110000018,1946,257,1689
110000019,8,60,-52
110000020,412,197,215
110000021,358,317,41
110000022,1128,188,940
110000023,7,90,-83
110000024,530,264,266
110000025,600,11,589
110000026,14,177,-163
110000027,1010,858,152
110000028,908,493,415
110000029,414,445,-31
110000030,267,322,-55
110000031,260,251,9
110000032,749,316,433
110000033,317,149,168
110000034,580,508,72
110000035,769,376,393
110000036,1075,485,590
110000037,186,244,-58
110000038,273,610,-337
110000039,756,3588,-2832
110000040,335,220,115
110000041,298,1689,-1391
110000042,68,481,-413
110000043,785,281,504
110000044,107,894,-787
110000045,1081,127,954
110000046,2,22,-20
110000047,137,68,69
110000048,10,37,-27
110000049,27,6,21
110000050,9,68,-59
110000051,29,14,15
110000052,35,26,9
110000053,140,36,104
110000054,142,419,-277
110000055,373,94,279
110000056,93,101,-8
110000057,350,438,-88
110000058,1129,388,741
110000059,957,426,531
110000060,1092,999,93
110000061,671,554,117
110000062,610,848,-238
110000063,44,191,-147
110000064,67,39,28
110000065,112,89,23
110000066,82,26,56
110000067,101,116,-15
110000068,333,77,256
110000069,368,55,313
110000071,274,51,223
110000073,15,10,5
110000075,15,61,-46
110000076,305,419,-114
110000077,295,1116,-821
110000078,48,15,33
110000080,260,493,-233
110000081,43,218,-175
110000082,36,370,-334
110000083,216,481,-265
110000084,1377,825,552
110000085,981,1269,-288
110000086,1065,2259,-1194
110000087,25,51,-26
110000088,129,188,-59
110000089,268,84,184
110000090,91,174,-83
110000091,648,198,450
110000092,20,47,-27
110000093,45,36,9
110000094,422,192,230
110000095,138,558,-420
110000096,1162,1620,-458
110000097,1023,1376,-353
110000098,1901,555,1346
110000099,653,1298,-645
110000100,1157,239,918
110000101,32,195,-163
110000102,74,28,46
110000104,325,146,179
110000105,42,189,-147
110000106,514,521,-7
110000107,181,239,-58
110000108,103,150,-47
110000109,212,274,-62
110000110,1965,4214,-2249
110000111,3470,2889,581
110000112,649,1270,-621
110000113,256,2640,-2384
110000114,184,721,-537
110000115,385,284,101
110000116,51,46,5
110000117,270,161,109
110000118,470,70,400
110000119,267,238,29
110000120,416,166,250
110000121,58,345,-287
110000122,372,432,-60
110000123,657,646,11
110000124,3,560,-557
110000125,1083,14,1069
110000126,349,34,315
110000127,1308,76,1232
110000128,36,888,-852
110000129,2,339,-337
110000130,230,213,17
110000131,94,166,-72
110000132,2,409,-407
110000133,83,366,-283
110000134,27,295,-268
110000135,151,21,130
110000136,58,207,-149
110000137,563,496,67
110000138,808,428,380
110000139,963,613,350
110000140,767,738,29
110000143,468,289,179
110000144,4342,2014,2328
110000145,2044,1552,492
110000146,2052,1513,539
110000147,494,666,-172
110000148,579,190,389
110000151,1039,1055,-16
110000152,887,376,511
110000153,218,30,188
110000154,64,26,38
110000155,1313,3654,-2341
110000156,1236,2467,-1231
110000157,2085,2677,-592
110000160,342,254,88
110000161,159,160,-1
110000166,689,96,593
110000167,955,483,472
110000168,1000,509,491
110000169,972,362,610
110000170,150,50,100
110000171,630,142,488
110000172,137,570,-433
110000173,852,740,112
110000174,165,461,-296
110000175,778,48,730
110000176,63,395,-332
110000177,249,847,-598
110000178,305,1500,-1195
110000179,723,291,432
110000180,246,183,63
110000181,547,324,223
110000182,282,116,166
110000183,5456,7037,-1581
110000184,288,2432,-2144
110000185,601,617,-16
110000186,633,630,3
110000191,1513,272,1241
110000192,737,21,716
110000193,1227,7,1220
110000194,6,555,-549
110000195,597,212,385
110000196,424,220,204
110000197,114,84,30
110000198,89,44,45
110000199,72,114,-42
110000200,947,323,624
110000201,1022,1102,-80
110000202,1265,630,635
110000203,556,519,37
110000204,6,142,-136
110000205,214,55,159
110000206,477,764,-287
110000207,1426,311,1115
110000208,211,220,-9
110000209,83,541,-458
110000210,1556,338,1218
110000211,776,413,363
110000212,475,988,-513
110000213,286,40,246
110000214,336,53,283
110000215,154,185,-31
110000216,127,180,-53
110000217,445,109,336
110000218,171,185,-14
110000219,411,35,376
110000220,96,169,-73
110000221,363,41,322
110000222,84,141,-57
110000223,6,96,-90
110000224,25,7,18
110000225,206,637,-431
110000226,251,56,195
110000227,745,871,-126
110000228,234,120,114
110000229,0,113,-113
110000230,439,400,39
110000231,143,217,-74
110000232,199,192,7
110000233,198,225,-27
110000234,500,700,-200
110000235,773,943,-170
110000236,720,420,300
110000237,1959,991,968
110000238,1197,1129,68
110000239,2071,1020,1051
110000240,0,48,-48
110000242,0,5,-5
110000243,141,84,57
110000244,146,228,-82
110000245,36,260,-224
110000246,949,378,571
110000247,1021,3140,-2119
110000248,1590,1115,475
110000249,99,9,90
110000250,45,146,-101
110000251,454,366,88
110000252,322,129,193
110000253,1614,602,1012
110000254,581,729,-148
110000255,201,633,-432
110000256,514,329,185
110000257,561,377,184
110000258,9,239,-230
110000259,163,10,153
110000260,37,114,-77
110000263,599,90,509
110000264,410,271,139
110000265,1000,1712,-712
110000266,1337,2433,-1096
110000267,31,125,-94
110000268,327,407,-80
110000269,6,63,-57
110000270,82,1,81
110000271,966,289,677
110000272,1119,1063,56
110000273,2149,1394,755
110000274,214,1905,-1691
110000275,1245,563,682
110000276,272,404,-132
110000277,371,252,119
110000278,409,600,-191
110000279,845,674,171
110000280,553,309,244
110000281,56,252,-196
110000282,219,14,205
110000283,25,84,-59
110000284,18,37,-19
110000285,5,564,-559
110000286,9,0,9
110000287,78,5,73
110000288,13,84,-71
110000289,478,2484,-2006
110000290,543,549,-6
110000291,3015,1110,1905
110000292,1121,4868,-3747
110000293,686,570,116
110000294,1114,1020,94
110000295,181,627,-446
110000296,541,239,302
110000297,2183,287,1896
110000298,148,403,-255
110000299,124,103,21
110000301,217,27,190
110000302,310,604,-294
110000303,421,5,416
110000304,231,149,82
110000305,1310,14,1296
110000306,211,872,-661
110000307,1887,16,1871
110000308,588,9,579
110000309,4,571,-567
110000310,832,47,785
110000311,16,454,-438
110000312,425,107,318
110000313,1944,2568,-624
110000314,2,205,-203
110000315,2460,2424,36
110000316,429,983,-554
110000317,225,467,-242
110000318,5,62,-57
110000319,19,20,-1
110000320,50,66,-16
110000321,27,38,-11
110000322,342,257,85
110000323,466,144,322
110000324,2547,1339,1208
110000325,2008,3222,-1214
110000327,427,288,139
110000328,160,316,-156
110000333,942,757,185
110000334,741,1069,-328
110000335,811,395,416
110000336,968,719,249
110000337,1828,497,1331
110000338,552,181,371
110000339,346,234,112
110000340,55,215,-160
110000341,488,433,55
110000342,203,1,202
110000343,0,22,-22
110000344,193,126,67
110000345,155,137,18
110000346,1731,1525,206
110000347,1063,638,425
110000348,16,26,-10
110000349,12,13,-1
110000350,93,1,92
110000351,1145,647,498
110000352,738,1318,-580
110000353,1842,486,1356
110000354,1091,2826,-1735
110000355,121,60,61
110000356,607,14,593
110000357,469,17,452
110000361,61,30,31
110000362,124,26,98
110000363,518,70,448
110000364,259,218,41
110000365,165,1,164
110000366,0,91,-91
110000367,300,113,187
110000368,8,40,-32
110000369,59,1,58
110000373,2,227,-225
110000374,152,6,146
110000375,117,709,-592
110000376,24,34,-10
110000377,112,405,-293
110000378,23,398,-375
110000379,1797,1842,-45
110000380,82,4,78
110000383,4,1085,-1081
110000384,1084,925,159
110000385,2,191,-189
110000387,120,6,114
110000388,40,138,-98
110000389,920,2,918
110000391,882,151,731
110000396,190,66,124
110000397,155,63,92
110000398,11,15,-4
110000399,155,1,154
110000587,110,69,41
110000589,181,88,93
110000640,226,50,176
110000652,43,277,-234
110000653,333,269,64
110000654,29,790,-761
110000656,0,272,-272
110000674,28,24,4
110000675,29,83,-54
110000676,5,57,-52
110000679,162,1168,-1006
110000682,96,193,-97
110000683,214,350,-136
110000684,7,26,-19
110000685,3,18,-15
110000686,7,20,-13
110000687,31,4,27
110000688,47,1156,-1109
110000689,37,18,19
110000692,40,126,-86
110000693,48,230,-182
110000694,0,111,-111
110000695,207,553,-346
110000696,26,35,-9
110900001,232,21,211
110900002,533,225,308
110900003,1006,303,703
110900004,578,93,485
110900005,1419,2620,-1201
110900006,55,18,37
110900007,125,41,84
110900008,7,38,-31
110900009,499,210,289
110900010,19,33,-14
110900011,27,71,-44
110900012,28,75,-47
110900013,1022,125,897
110900014,278,25,253
110900015,371,824,-453
110900016,88,88,0
110900017,472,45,427
110900018,409,44,365
110900019,324,23,301
110900020,150,153,-3
110900021,82,353,-271
110900022,68,180,-112
110900023,102,318,-216
110900024,16,223,-207
110900025,3,21,-18
110900027,53,184,-131
110900028,37,98,-61
110900029,15,154,-139
110900030,53,130,-77
110900031,6,98,-92
110900032,0,41,-41
110900033,49,181,-132
110900035,21,432,-411
110900036,101,12,89
110900037,81,14,67
110900038,539,192,347
110900039,9,242,-233
110900040,297,23,274
110900041,14,67,-53
110900042,149,53,96
110900043,5,58,-53
110900044,228,13,215
110900045,49,197,-148
110900046,18,125,-107
110900047,305,349,-44
110900049,102,95,7
110900050,33,3,30
110900051,47,185,-138
110900052,3,99,-96
110900053,99,26,73
110900054,36,115,-79
110900055,23,8,15
110900056,43,110,-67
110900057,0,63,-63
110900058,280,127,153
110900059,429,272,157
110900060,435,145,290
110900061,7,37,-30
110900062,185,139,46
110900063,47,87,-40
110900064,12,0,12
110900065,203,95,108
110900066,7,51,-44
110900067,208,619,-411
110900068,245,174,71
110900069,12,13,-1
110900070,84,34,50
110900071,240,703,-463
110900073,0,10,-10
110900074,447,98,349
110900075,502,68,434
110900077,1002,446,556
110900078,37,26,11
110900079,1613,1374,239
110900080,149,66,83
110900081,13,22,-9
110900082,156,67,89
110900083,144,47,97
110900084,69,38,31
110900085,43,171,-128
110900086,62,383,-321
110900087,372,73,299
110900088,10,1,9
110900090,56,57,-1
110900091,1,38,-37
110900093,217,84,133
110900095,47,39,8
110900097,14,15,-1
110900098,34,65,-31
110900099,54,258,-204
110900100,0,14,-14
110900102,76,10,66
110900105,644,178,466
110900108,16,39,-23
110900111,339,118,221
110900112,932,2,930
110900113,328,49,279
110900115,7,43,-36
110900116,1035,867,168
110900118,102,3415,-3313
110900119,1709,228,1481
110900120,40,71,-31
110900121,168,1,167
110900122,485,191,294
110900125,459,425,34
110900127,733,1304,-571
110900128,261,262,-1
110900129,303,1027,-724
110900130,614,675,-61
110900131,305,38,267
110900132,355,87,268
110900133,89,117,-28
110900135,72,177,-105
110900136,382,20,362
110900137,46,1,45
110900138,671,397,274
110900139,9,107,-98
110900140,78,4,74
110900141,4,139,-135
110900142,64,107,-43
110900143,158,74,84
110900144,3,373,-370
110900145,169,72,97
110900146,184,255,-71
110900147,60,266,-206
110900148,3,161,-158
110900149,8,58,-50
110900150,110,15,95
110900151,15,55,-40
110900152,66,113,-47
110900153,228,59,169
111000001,557,354,203
111000002,616,411,205
111000003,1214,618,596
111000004,366,675,-309
111000005,1240,1185,55
111000006,712,1367,-655
111000007,4433,3005,1428
111000008,1464,2808,-1344
111000009,344,658,-314
111000010,949,239,710
111000011,318,924,-606
111000012,637,378,259
111000013,355,890,-535
111000014,1466,496,970
111000017,85,838,-753
111000018,156,276,-120
111000020,771,1578,-807
111000021,55,82,-27
111000023,81,79,2
111000025,3575,3698,-123
111000029,93,111,-18
111000030,61,98,-37
111000031,1800,1148,652
111000032,602,348,254
111000033,227,214,13
111000034,125,281,-156
111000037,1106,544,562
111000038,2822,1752,1070
111000039,1809,1654,155
111000040,1799,1579,220
111000041,1129,1064,65
111000042,1960,1777,183
111000043,1845,3496,-1651
111000044,1802,1198,604
111000045,2672,2472,200
111000046,1896,1673,223
111000047,2907,4455,-1548
111000049,536,402,134
111000050,1021,875,146
111000051,502,808,-306
111000052,636,1205,-569
111000053,376,642,-266
111000054,327,615,-288
111000055,995,1209,-214
111000056,146,278,-132
111000057,135,305,-170
111000058,543,56,487
111000059,538,224,314
111000060,3813,786,3027
111000061,575,259,316
111000062,953,369,584
111000063,1890,900,990
111000064,848,493,355
111000065,1239,804,435
111000066,636,393,243
111000067,605,454,151
111000068,621,707,-86
111000069,1431,1503,-72
111000070,785,694,91
111000071,191,420,-229
111000072,1477,538,939
111000073,279,865,-586
111000074,1434,1541,-107
111000075,941,541,400
111000076,626,387,239
111000077,1678,1454,224
111000078,2658,1219,1439
111000079,919,549,370
111000080,512,505,7
111000081,1306,3737,-2431
111000082,732,479,253
111000084,826,421,405
111000085,735,840,-105
111000086,1727,805,922
111000087,572,352,220
111000088,3215,2323,892
111000089,685,643,42
111000090,647,1128,-481
111000091,807,290,517
111000092,1557,694,863
111000093,793,1075,-282
111000094,1874,957,917
111000095,637,2184,-1547
111000096,1009,7338,-6329
111000097,3331,1293,2038
111000098,676,826,-150
111000099,502,1037,-535
111000100,484,757,-273
111000101,327,500,-173
111000102,348,504,-156
111000104,762,171,591
111000107,140,677,-537
111000109,983,250,733
111000110,1508,572,936
111000111,2749,491,2258
111000112,1992,541,1451
111000113,959,1679,-720
111000114,1859,3859,-2000
111000115,3602,985,2617
111000116,852,793,59
111000117,371,786,-415
111000118,1312,643,669
111000119,1141,716,425
111000120,577,512,65
111000121,327,659,-332
111000122,594,803,-209
111000123,1032,1490,-458
111000124,378,1593,-1215
111000125,201,820,-619
111000126,145,533,-388
111000127,1126,118,1008
111000128,2130,274,1856
111000129,3036,353,2683
111000130,2516,511,2005
111000131,2083,507,1576
111000132,1962,1031,931
111000133,200,85,115
111000134,120,50,70
111000135,53,127,-74
111000136,362,232,130
111000138,25,6,19
111000140,4,4,0
111000141,182,250,-68
111000142,14,238,-224
111000143,11,383,-372
111000144,22,1662,-1640
111000145,264,8,256
111000146,112,14,98
111000147,162,18,144
111000148,141,89,52
111000149,2,20,-18
111000150,19,3,16
111000151,2,20,-18
111000153,444,655,-211
111000154,469,191,278
111000155,98,166,-68
111000156,495,558,-63
111000157,218,924,-706
111000158,686,675,11
111000159,2700,676,2024
111000160,544,327,217
111000161,9,463,-454
111000162,33,84,-51
111000163,758,599,159
111000164,460,2349,-1889
111000165,687,331,356
111000166,1112,233,879
111000167,153,243,-90
111000168,192,339,-147
111000169,270,487,-217
111000170,334,338,-4
111000171,383,377,6
111000172,218,220,-2
111000173,444,445,-1
111000174,284,162,122
111000175,63,231,-168
111000176,385,70,315
111000177,486,153,333
111000178,1657,185,1472
111000179,249,101,148
111000180,285,403,-118
111000181,1446,197,1249
111000182,242,196,46
111000183,327,282,45
111000184,326,195,131
111000185,364,272,92
111000186,295,223,72
111000187,147,148,-1
111000188,260,324,-64
111000189,620,398,222
111000190,205,211,-6
111000191,142,195,-53
111000192,158,305,-147
111000193,260,170,90
111000194,55,228,-173
111000195,162,241,-79
111000196,105,104,1
111000197,583,113,470
111000198,597,70,527
111000199,267,101,166
111000200,543,217,326
111000201,823,186,637
111000202,344,180,164
111000203,409,243,166
111000204,400,1388,-988
111000213,165,358,-193
111000214,1236,854,382
111000215,1104,888,216
111000217,1671,755,916
111000218,1396,895,501
111000219,286,150,136
111000220,960,495,465
111000221,424,142,282
111000224,19,184,-165
111000225,304,281,23
111000226,82,0,82
111000227,19,12,7
111000228,22,505,-483
111000229,41,1164,-1123
111000230,195,167,28
111000231,1177,391,786
111000232,744,614,130
111000233,1411,508,903
111000234,154,461,-307
111000239,59,92,-33
111000240,44,217,-173
111000241,28,196,-168
111000242,266,83,183
111000243,129,320,-191
111000244,593,63,530
111000245,1064,259,805
111000246,630,185,445
111000247,459,484,-25
111000248,756,325,431
111000249,479,380,99
111000250,40,48,-8
111000251,51,62,-11
111000253,7,8,-1
111000255,61,8,53
111000257,50,19,31
111000260,74,799,-725
111000261,1640,123,1517
111000271,52,223,-171
111000273,2124,895,1229
111000274,1263,2077,-814
111000275,220,40,180
111000276,258,1032,-774
111000277,169,275,-106
111000278,592,219,373
111000291,831,7285,-6454
111000298,637,150,487
111000299,774,195,579
111000300,94,402,-308
111000302,375,60,315
111000303,58,159,-101
111000312,41,66,-25
111000315,4,90,-86
111000320,201,491,-290
111000321,419,135,284
111000322,303,256,47
111000323,341,27,314
111000324,322,177,145
111000325,66,73,-7
111000326,232,196,36
111000327,437,212,225
111000328,224,512,-288
111000329,2,21,-19
111000330,54,13,41
111000331,22,2,20
111000332,527,1096,-569
111000334,314,733,-419
111000335,1100,239,861
111000337,1645,218,1427
111000338,130,76,54
111000339,866,170,696
111000340,146,392,-246
111000341,1282,666,616
111000342,125,1123,-998
111000344,1150,578,572
111000345,165,78,87
111000346,15,183,-168
111000347,147,1,146
111000350,147,102,45
111000351,108,241,-133
111000352,248,86,162
111000353,154,164,-10
111000354,614,128,486
111000355,369,401,-32
111000358,163,619,-456
111000360,274,299,-25
111000361,169,124,45
111000546,879,374,505
111000547,426,250,176
111000548,176,324,-148
111000549,356,159,197
111000550,48,940,-892
111000551,652,175,477
111000552,716,168,548
111000907,450,11,439
111000908,35,2,33
111000916,2366,175,2191
111000917,41,285,-244
111000918,258,423,-165
111000920,648,13,635
111000921,10,113,-103
111000922,650,223,427
111000924,41,393,-352
111000925,2871,1805,1066
111000926,957,1075,-118
111000927,2613,4233,-1620
111000928,3442,2079,1363
111000929,1914,1204,710
111000930,778,1399,-621
111000931,2084,2441,-357
111000932,3096,1417,1679
111000933,3156,2432,724
111000934,1401,2151,-750
111000935,1867,905,962
111000936,1138,1321,-183
111000937,1230,1230,0
111000938,1189,864,325
111000939,688,27,661
111000940,566,73,493
111000941,346,331,15
111000943,578,244,334
111000944,165,159,6
111000945,100,895,-795
111001109,526,551,-25
111001110,178,368,-190
111001111,117,6,111
111001112,86,5,81
111001113,2,130,-128
111001114,633,222,411
111001115,32,691,-659
111001116,2776,4331,-1555
111001117,466,2624,-2158
111001120,142,139,3
111001121,155,121,34
111001122,194,251,-57
111001123,330,58,272
111001124,110,86,24
111001125,3,177,-174
111900001,22,80,-58
111900002,32,344,-312
111900003,2,203,-201
111900004,38,80,-42
111900006,25,90,-65
111900007,176,15,161
111900008,271,6,265
111900009,331,115,216
111900010,211,311,-100
111900012,53,57,-4
111900013,17,34,-17
111900014,2511,4809,-2298
111900015,0,44,-44
111900016,0,36,-36
111900017,0,60,-60
111900018,229,2,227
111900019,4,135,-131
111900020,1,41,-40
111900021,29,58,-29
111900022,12,39,-27
111900023,66,52,14
111900024,40,52,-12
111900025,0,29,-29
111900026,0,32,-32
111900027,5,62,-57
111900028,1,161,-160
111900029,9,37,-28
111900030,23,238,-215
111900031,96,71,25
111900032,1,157,-156
111900033,6,55,-49
111900034,174,371,-197
111900035,82,131,-49
111900036,0,131,-131
111900038,179,439,-260
111900039,48,271,-223
111900040,0,233,-233
111900042,11,101,-90
111900043,3,196,-193
111900044,197,140,57
111900046,41,94,-53
111900048,285,282,3
111900049,19,137,-118
111900050,123,26,97
111900051,0,118,-118
111900052,214,266,-52
111900053,574,2027,-1453
111900054,172,5,167
111900055,9,193,-184
111900056,152,415,-263
111900057,179,30,149
111900058,596,234,362
111900059,1125,740,385
111900060,457,2,455
111900061,2,129,-127
111900062,33,105,-72
111900063,220,233,-13
111900064,71,146,-75
111900065,116,21,95
111900066,141,151,-10
111900067,3,222,-219
111900068,32,71,-39
111900069,74,22,52
111900070,213,72,141
111900071,2,150,-148
111900072,60,31,29
111900073,1144,179,965
111900074,18,130,-112
111900075,95,41,54
111900076,264,66,198
111900077,47,0,47
111900078,357,41,316
111900079,42,49,-7
111900080,158,314,-156
111900082,235,37,198
111900083,207,21,186
111900084,174,8,166
111900085,67,167,-100
111900086,53,5,48
111900087,71,1,70
111900088,699,6,693
111900089,143,7,136
111900090,68,48,20
111900091,322,2,320
111900092,161,1,160
111900093,554,5,549
111900094,165,0,165
111900095,314,39,275
111900096,225,5,220
111900097,57,0,57
111900098,375,5,370
111900099,89,0,89
111900100,185,7,178
111900101,154,35,119
111900102,778,270,508
111900103,83,107,-24
111900104,223,61,162
111900105,235,196,39
111900106,581,22,559
111900110,1092,330,762
111900111,223,88,135
111900112,358,3386,-3028
111900113,195,121,74
111900118,438,98,340
111900119,330,179,151
111900122,82,136,-54
111900123,27,41,-14
111900124,20,65,-45
111900125,610,60,550
111900126,359,4,355
111900127,0,346,-346
111900128,2,242,-240
111900129,309,6,303
111900130,249,65,184
111900131,600,2,598
111900132,11,474,-463
111900133,7,186,-179
111900134,6,128,-122
111900135,13,54,-41
111900136,88,144,-56
111900137,65,42,23
111900138,28,37,-9
111900139,29,96,-67
111900140,118,17,101
111900141,66,12,54
111900142,116,42,74
111900143,80,124,-44
111900144,0,33,-33
111900145,1,238,-237
111900146,1,111,-110
111900147,107,224,-117
111900148,20,360,-340
111900149,6,156,-150
111900150,11,79,-68
111900151,1,18,-17
111900152,64,88,-24
111900153,695,792,-97
111900154,22,366,-344
111900155,71,116,-45
111900156,72,74,-2
111900157,135,22,113
111900158,535,93,442
111900159,334,39,295
111900160,482,3,479
111900161,299,0,299
111900162,132,195,-63
111900163,24,160,-136
111900164,101,58,43
111901113,662,102,560
111901114,246,215,31
111901115,146,1,145
111901116,60,0,60
111901117,35,39,-4
111901118,37,362,-325
111901119,374,42,332
111901121,81,101,-20
111901122,4,285,-281
111901123,300,147,153
111901124,347,3,344
111901125,493,193,300
111901127,348,788,-440
111901128,11,52,-41
111901129,3,74,-71
111901130,7,95,-88
111901131,5,166,-161
111901132,89,19,70
111901133,65,2,63
111901134,91,5,86
111901135,37,13,24
111901136,53,66,-13
111901137,1,36,-35
111901138,179,48,131
111901139,29,21,8
111901140,3,68,-65
111901141,11,94,-83
111901142,0,49,-49
111901143,2,56,-54
111901144,58,47,11
111901145,112,348,-236
111901146,178,10,168
112000001,1907,601,1306
112000002,544,1579,-1035
112000003,1961,1144,817
112000004,721,478,243
112000005,4032,3985,47
112000006,1736,1005,731
112000007,4087,2543,1544
112000008,2641,3780,-1139
112000009,2206,1777,429
112000010,3168,3447,-279
112000011,1174,1111,63
112000012,3710,4969,-1259
112000013,2559,2775,-216
112000014,2126,2890,-764
112000015,2934,3288,-354
112000016,3738,1996,1742
112000017,1514,3363,-1849
112000024,1694,660,1034
112000026,2093,2278,-185
112000027,720,735,-15
112000028,740,1032,-292
112000029,655,782,-127
112000030,115,61,54
112000031,1297,4369,-3072
112000032,137,37,100
112000033,1621,2405,-784
112000034,183,44,139
112000035,80,460,-380
112000036,564,1025,-461
112000037,806,750,56
112000038,1231,1170,61
112000039,109,42,67
112000040,41,165,-124
112000041,303,318,-15
112000042,798,354,444
112000050,1214,1219,-5
112000051,1022,1622,-600
112000054,1322,1024,298
112000057,462,335,127
112000058,199,439,-240
112000059,503,750,-247
112000061,1976,1451,525
112000062,952,999,-47
112000063,688,2484,-1796
112000064,2465,3782,-1317
112000065,1210,1567,-357
112000066,3424,1676,1748
112000067,492,513,-21
112000068,3228,2726,502
112000069,437,1475,-1038
112000070,2035,930,1105
112000071,1045,1880,-835
112000072,2950,978,1972
112000073,1682,1717,-35
112000074,1592,1189,403
112000075,1531,1134,397
112000076,3101,1966,1135
112000077,871,343,528
112000078,1885,494,1391
112000079,1494,1004,490
112000080,798,557,241
112000081,1152,1840,-688
112000082,1298,643,655
112000083,587,800,-213
112000084,1439,619,820
112000085,1379,631,748
112000086,1568,924,644
112000087,619,270,349
112000088,883,284,599
112000089,322,220,102
112000090,207,195,12
112000091,589,656,-67
112000092,2307,952,1355
112000093,1502,623,879
112000094,800,645,155
112000095,618,704,-86
112000096,668,434,234
112000097,1694,775,919
112000098,748,550,198
112000099,879,1973,-1094
112000100,2402,666,1736
112000101,587,568,19
112000102,1830,396,1434
112000103,399,568,-169
112000105,511,790,-279
112000106,2003,336,1667
112000107,29,134,-105
112000108,277,1041,-764
112000109,122,64,58
112000110,2171,564,1607
112000111,693,2226,-1533
112000112,3612,499,3113
112000113,617,1018,-401
112000114,2466,771,1695
112000115,382,341,41
112000116,822,747,75
112000117,969,580,389
112000118,932,613,319
112000119,376,493,-117
112000120,67,251,-184
112000121,174,259,-85
112000122,354,159,195
112000123,861,144,717
112000124,442,64,378
112000125,251,231,20
112000126,370,242,128
112000127,1822,2405,-583
112000128,566,662,-96
112000129,138,82,56
112000130,227,84,143
112000131,54,196,-142
112000132,162,227,-65
112000133,432,122,310
112000134,420,232,188
112000135,1263,546,717
112000136,840,914,-74
112000137,1419,1169,250
112000138,1038,699,339
112000139,736,718,18
112000140,665,942,-277
112000141,1107,363,744
112000142,120,333,-213
112000143,1222,219,1003
112000144,228,724,-496
112000145,2909,514,2395
112000146,511,1151,-640
112000147,3021,1703,1318
112000148,1226,1383,-157
112000149,485,380,105
112000150,288,372,-84
112000151,304,223,81
112000152,467,330,137
112000153,154,132,22
112000154,104,212,-108
112000155,147,141,6
112000157,597,573,24
112000158,341,252,89
112000159,758,255,503
112000167,349,122,227
112000169,315,359,-44
112000173,924,236,688
112000175,455,235,220
112000176,1380,1546,-166
112000177,1031,281,750
112000178,105,199,-94
112000179,305,119,186
112000180,271,234,37
112000181,1257,1203,54
112000182,1614,721,893
112000183,30,24,6
112000184,483,251,232
112000185,678,380,298
112000187,3879,2478,1401
112000195,159,22,137
112000196,281,3,278
112000197,263,304,-41
112000198,60,250,-190
112000199,833,709,124
112000202,493,2,491
112000216,58,214,-156
112000230,149,4,145
112000231,6,185,-179
112000256,66,218,-152
112000313,41,52,-11
112000314,60,36,24
112000337,270,477,-207
112000352,230,388,-158
112000392,1301,1057,244
112000398,1821,753,1068
112000399,1670,2769,-1099
112000400,1500,1471,29
112000401,2129,1286,843
112000402,3673,3778,-105
112000403,1574,3482,-1908
112000404,1350,930,420
112000405,2574,2824,-250
112000406,2224,1245,979
112000407,8605,7907,698
112000408,5375,3551,1824
112000409,1466,2521,-1055
112000410,425,321,104
112000411,2252,1969,283
112000412,1058,544,514
112000413,4939,7548,-2609
112000414,126,55,71
112000415,119,29,90
112000416,3340,1302,2038
112000417,265,79,186
112000421,78,59,19
112000422,344,198,146
112000424,1273,2982,-1709
112000425,389,398,-9
112000426,183,316,-133
112000427,3,7,-4
112000428,269,197,72
112000429,1862,1628,234
112000430,2453,2296,157
112000431,124,143,-19
112000432,591,570,21
112000433,266,730,-464
112000437,44,103,-59
112900001,94,0,94
112900002,620,473,147
112900003,88,207,-119
112900004,47,127,-80
112900005,340,120,220
112900006,20,211,-191
112900007,74,145,-71
112900008,1,31,-30
112900009,402,177,225
112900010,610,495,115
112900011,77,152,-75
112900012,0,37,-37
112900013,6,202,-196
112900014,5,200,-195
112900015,293,531,-238
112900016,4,184,-180
112900017,29,149,-120
112900018,0,104,-104
112900019,29,146,-117
112900020,332,761,-429
112900021,1,125,-124
112900022,17,72,-55
112900023,2,74,-72
112900024,18,123,-105
112900025,76,201,-125
112900026,3,106,-103
112900027,10,483,-473
112900028,17,89,-72
112900029,15,338,-323
112900030,43,101,-58
112900031,1,285,-284
112900032,249,237,12
112900034,0,22,-22
112900035,0,268,-268
112900036,35,97,-62
112900037,169,208,-39
112900038,907,107,800
112900039,7,235,-228
112900040,13,385,-372
112900041,611,1335,-724
112900042,57,198,-141
112900043,82,43,39
112900044,362,349,13
112900045,169,222,-53
112900046,171,71,100
112900047,16,19,-3
112900049,341,64,277
112900050,22,406,-384
112900051,200,368,-168
112900052,1,392,-391
112900053,207,102,105
112900054,159,78,81
112900055,112,36,76
112900056,384,195,189
112900057,19,273,-254
112900058,335,420,-85
112900059,118,135,-17
112900060,37,129,-92
112900061,100,58,42
112900062,75,49,26
112900063,75,25,50
112900064,93,190,-97
112900065,24,49,-25
112900066,230,229,1
112900067,213,103,110
112900068,63,69,-6
112900069,1174,813,361
112900071,37,8,29
112900072,79,2890,-2811
112900073,437,151,286
112900074,99,320,-221
112900075,725,976,-251
112900076,71,43,28
112900078,381,501,-120
112900079,257,30,227
112900080,76,3,73
112900081,58,281,-223
112900082,612,38,574
112900083,205,133,72
112900084,255,158,97
112900086,107,1,106
112900087,1109,178,931
112900088,235,21,214
112900089,1074,58,1016
112900090,112,30,82
112900091,308,4,304
112900092,113,413,-300
112900093,1289,27,1262
112900095,60,2,58
112900096,577,200,377
112900097,51,234,-183
112900098,346,9,337
112900099,897,24,873
112900100,110,3,107
112900101,458,2,456
112900102,93,18,75
112900103,232,4,228
112900104,142,7,135
112900105,20,0,20
112900106,560,156,404
112900107,4,2,2
112900108,8,2,6
112900109,174,0,174
112900110,1749,44,1705
112900111,752,0,752
112900112,429,1,428
112900113,1,3,-2
112900114,250,12,238
112900115,1804,1,1803
112900116,137,33,104
112900117,53,46,7
112900118,21,60,-39
112900119,189,2,187
112900120,504,238,266
112900121,44,147,-103
112900122,8,61,-53
112900123,138,31,107
112900124,11,74,-63
112900125,62,445,-383
112900126,143,117,26
112900127,361,144,217
112900128,156,521,-365
112900129,1,517,-516
112900130,179,120,59
112900131,26,246,-220
112900132,69,297,-228
112900133,28,647,-619
112900134,2,178,-176
112900135,66,53,13
112900137,11,266,-255
112900138,6,126,-120
112900139,154,712,-558
112900141,988,65,923
112900142,101,248,-147
112900143,21,295,-274
112900144,2,173,-171
112900145,23,393,-370
112900146,1,618,-617
112900147,3,764,-761
112900148,57,2,55
112900149,319,469,-150
112900151,5,32,-27
112900152,2220,536,1684
112900153,1149,2625,-1476
112900154,1,76,-75
112900155,230,53,177
112900156,436,624,-188
112900157,467,73,394
112900158,110,9,101
112900159,249,154,95
112900160,41,196,-155
112900161,129,64,65
112900162,25,21,4
112900163,59,60,-1
112900164,31,189,-158
112900165,135,22,113
112900166,16,105,-89
112900167,12,81,-69
112900168,9,3,6
112900169,19,30,-11
112900170,289,247,42
112900172,34,25,9
112900173,225,78,147
112900174,313,70,243
112900175,116,218,-102
112900176,50,81,-31
112900177,202,69,133
112900178,789,2709,-1920
112900179,13,288,-275
112900180,2060,939,1121
112900181,733,6,727
112900182,80,555,-475
112900183,105,265,-160
112900184,360,565,-205
112900185,178,733,-555
112900186,961,1211,-250
112900187,114,503,-389
112900188,632,1309,-677
112900189,8,13,-5
112900190,29,16,13
112900192,757,874,-117
112900193,1265,447,818
112900194,81,34,47
112900195,1230,48,1182
112900196,292,284,8
112900197,181,243,-62
112900199,828,328,500
112900200,590,168,422
112900201,210,97,113
112900202,548,504,44
112900203,334,198,136
112900204,727,637,90
112900205,18,8,10
112900206,41,69,-28
112900207,33,0,33
112900208,98,340,-242
112900209,328,267,61
112900210,0,13,-13
112900211,84,17,67
112900212,0,76,-76
112900213,61,17,44
112900214,17,23,-6
112900215,18,82,-64
112900216,18,44,-26
112900217,0,54,-54
112900218,94,16,78
112900219,112,9,103
112900220,2,0,2
112900221,66,116,-50
112900222,0,33,-33
112900223,1073,24,1049
112900224,456,260,196
112900225,542,247,295
112900226,197,390,-193
112900227,836,583,253
112900228,63,36,27
112900229,324,22,302
112900230,5228,3402,1826
112900232,322,318,4
112900233,50,86,-36
112900234,13,31,-18
112900235,66,14,52
112900236,419,12,407
112900237,254,126,128
112900238,4,8,-4
112900239,479,467,12
113000001,6253,4530,1723
113000002,3273,2881,392
113000003,1658,1360,298
113000004,1329,2178,-849
113000005,1713,944,769
113000006,927,1258,-331
113000007,2203,951,1252
113000008,1724,1309,415
113000009,1276,645,631
113000010,1211,935,276
113000011,710,969,-259
113000012,1694,653,1041
113000013,975,633,342
113000014,1006,1137,-131
113000015,312,205,107
113000016,339,779,-440
113000017,88,229,-141
113000018,376,25,351
113000019,350,226,124
113000020,461,73,388
113000021,1185,394,791
113000022,741,857,-116
113000025,172,272,-100
113000026,539,459,80
113000027,592,663,-71
113000028,728,756,-28
113000029,840,610,230
113000030,232,455,-223
113000031,129,254,-125
113000032,216,282,-66
113000033,239,399,-160
113000034,233,244,-11
113000035,31,21,10
113000036,25,69,-44
113000037,40,23,17
113000038,26,89,-63
113000039,66,288,-222
113000040,51,60,-9
113000042,641,449,192
113000051,857,1853,-996
113000052,1814,555,1259
113000053,437,325,112
113000054,369,596,-227
113000055,1248,411,837
113000056,1259,677,582
113000058,568,783,-215
113000059,959,452,507
113000060,289,515,-226
113000061,465,761,-296
113000062,519,338,181
113000063,271,81,190
113000064,69,171,-102
113000065,200,446,-246
113000066,858,127,731
113000067,2792,855,1937
113000068,341,622,-281
113000069,570,638,-68
113000070,2925,880,2045
113000071,573,444,129
113000072,953,437,516
113000073,307,1095,-788
113000074,882,373,509
113000075,1680,864,816
113000076,551,1862,-1311
113000077,996,583,413
113000078,519,1987,-1468
113000079,515,739,-224
113000080,513,709,-196
113000081,688,838,-150
113000082,980,759,221
113000083,560,825,-265
113000084,1371,1090,281
113000085,728,663,65
113000086,862,1010,-148
113000087,795,794,1
113000088,2080,1197,883
113000089,827,1407,-580
113000090,204,723,-519
113000091,341,340,1
113000094,1308,218,1090
113000095,229,540,-311
113000096,97,595,-498
113000097,1088,416,672
113000098,95,20,75
113000099,1007,398,609
113000100,95,348,-253
113000101,246,479,-233
113000102,600,619,-19
113000103,1399,245,1154
113000104,465,1800,-1335
113000105,773,389,384
113000106,313,333,-20
113000107,905,620,285
113000108,597,689,-92
113000109,512,1306,-794
113000110,1788,372,1416
113000111,170,530,-360
113000112,342,290,52
113000113,947,292,655
113000114,212,1231,-1019
113000116,604,243,361
113000117,707,89,618
113000118,52,487,-435
113000119,293,263,30
113000120,51,212,-161
113000121,533,893,-360
113000124,181,89,92
113000125,55,780,-725
113000127,1450,218,1232
113000128,563,434,129
113000129,524,688,-164
113000133,1481,1312,169
113000134,7,1211,-1204
113000135,4026,5468,-1442
113000137,1122,3554,-2432
113000139,293,242,51
113000140,81,185,-104
113000141,163,158,5
113000142,264,947,-683
113000143,272,163,109
113000144,212,425,-213
113000145,90,107,-17
113000146,108,38,70
113000147,183,64,119
113000148,217,94,123
113000149,140,101,39
113000150,518,212,306
113000151,56,49,7
113000152,35,72,-37
113000153,924,438,486
113000154,627,1414,-787
113000155,351,639,-288
113000156,129,294,-165
113000157,233,619,-386
113000158,647,235,412
113000159,987,643,344
113000160,479,726,-247
113000161,302,291,11
113000162,1034,344,690
113000163,130,56,74
113000164,27,44,-17
113000166,174,85,89
113000167,45,54,-9
113000168,75,73,2
113000169,256,59,197
113000170,95,90,5
113000171,30,67,-37
113000172,248,43,205
113000173,82,21,61
113000174,99,253,-154
113000175,412,59,353
113000176,531,141,390
113000177,118,254,-136
113000178,145,211,-66
113000179,274,182,92
113000180,681,896,-215
113000181,1099,666,433
113000182,132,329,-197
113000183,109,460,-351
113000184,11,77,-66
113000189,350,745,-395
113000190,447,443,4
113000192,668,2745,-2077
113000193,2357,2078,279
113000194,830,1049,-219
113000195,1452,1362,90
113000196,229,57,172
113000197,1402,1124,278
113000198,68,212,-144
113000199,1592,277,1315
113000201,234,302,-68
113000202,3726,1006,2720
113000203,82,135,-53
113000204,669,2379,-1710
113000205,17,15,2
113000206,7,21,-14
113000207,68,8,60
113000208,51,37,14
113000209,8,8,0
113000210,11,21,-10
113000211,100,212,-112
113000212,47,21,26
113000213,38,135,-97
113000214,185,271,-86
113000234,152,454,-302
113000410,114,249,-135
113000411,1658,3319,-1661
113000412,3810,1787,2023
113000413,1312,2875,-1563
113000414,3510,12349,-8839
113000415,1801,2115,-314
113000416,4490,2951,1539
113000417,2401,2215,186
113000418,3746,3054,692
113000419,1666,2164,-498
113000420,3398,5816,-2418
113000421,3887,7078,-3191
113000422,8549,10155,-1606
113000423,1641,5416,-3775
113000424,2100,8404,-6304
113000425,4,60,-56
113000428,16,13,3
113000430,5,57,-52
113000432,2237,179,2058
113000433,80,495,-415
113000434,13,75,-62
113000435,40,276,-236
113000436,33,647,-614
113000437,1427,25,1402
113000438,356,19,337
113000439,32,63,-31
113000440,212,20,192
113000441,286,139,147
113000442,183,70,113
113000443,362,112,250
113000444,300,106,194
113000445,146,73,73
113000446,46,78,-32
113000448,186,189,-3
113000449,113,821,-708
113000450,496,2059,-1563
113000451,1218,208,1010
113000452,235,448,-213
113000453,49,456,-407
113000454,324,145,179
113000455,24,338,-314
113000456,2555,2241,314
113000468,816,81,735
113000469,87,235,-148
113000470,331,13,318
113000471,17,349,-332
113000472,102,225,-123
113000474,766,538,228
113000475,1153,1172,-19
113000476,1608,1586,22
113000477,3611,1577,2034
113000478,2855,3162,-307
113000479,70,91,-21
113000480,81,255,-174
113000484,0,0,0
113000485,0,0,0
113000486,0,0,0
113000487,0,0,0
113000488,0,0,0
113000489,0,0,0
113000490,0,0,0
113000491,0,3,-3
113000492,1,0,1
113000493,0,0,0
113000495,133,115,18
113000496,172,80,92
113000499,0,0,0
113900001,1,188,-187
113900002,0,36,-36
113900003,0,42,-42
113900004,2,50,-48
113900005,0,66,-66
113900006,1,8,-7
113900007,67,23,44
113900008,12,0,12
113900009,51,0,51
113900010,65,3,62
113900011,70,1,69
113900012,37,1,36
113900013,84,4,80
113900014,481,3,478
113900015,0,29,-29
113900016,32,0,32
113900017,3,36,-33
113900018,301,330,-29
113900019,208,40,168
113900020,171,8,163
113900022,60,0,60
113900023,34,0,34
113900024,69,38,31
113900025,202,22,180
113900026,56,0,56
113900027,7,27,-20
113900028,41,276,-235
113900029,107,92,15
113900030,307,3,304
113900031,24,2,22
113900032,41,0,41
113900033,137,64,73
113900035,54,0,54
113900036,26,44,-18
113900037,168,278,-110
113900038,43,145,-102
113900039,173,38,135
113900040,15,21,-6
113900041,14,3,11
113900042,86,39,47
113900043,143,136,7
113900044,201,393,-192
113900045,72,2,70
113900046,187,435,-248
113900047,53,92,-39
113900048,111,112,-1
113900049,315,330,-15
113900050,233,226,7
113900051,208,234,-26
113900052,85,79,6
113900053,690,724,-34
113900054,23,8,15
113900055,79,284,-205
113900056,47,129,-82
113900057,24,37,-13
113900058,77,95,-18
113900059,260,197,63
113900060,58,125,-67
113900061,489,315,174
113900062,115,19,96
113900063,94,80,14
113900064,28,79,-51
113900065,456,13,443
113900066,454,170,284
113900067,210,122,88
113900068,541,537,4
113900069,75,28,47
113900070,142,318,-176
113900071,92,46,46
113900072,60,126,-66
113900073,336,266,70
113900074,172,209,-37
113900075,1103,1337,-234
113900076,203,30,173
113900077,71,114,-43
113900078,31,41,-10
113900079,3,20,-17
113900080,505,218,287
113900081,57,132,-75
113900082,138,169,-31
113900083,429,146,283
113900084,252,93,159
113900085,66,135,-69
113900086,48,15,33
113900087,78,76,2
113900088,91,97,-6
113900089,353,41,312
113900090,634,375,259
113900091,27,13,14
113900092,31,66,-35
113900093,81,886,-805
113900094,562,218,344
113900095,150,136,14
113900096,378,57,321
113900097,24,49,-25
113900098,671,109,562
113900099,2,30,-28
113900100,0,4,-4
113900101,2,57,-55
113900102,106,193,-87
113900103,310,316,-6
113900104,135,231,-96
113900105,147,83,64
113900106,0,31,-31
113900107,0,12,-12
113900108,162,239,-77
113900109,354,187,167
113900110,77,16,61
113900111,153,77,76
113900112,164,46,118
113900113,975,399,576
113900114,3,30,-27
113900115,0,58,-58
113900116,96,139,-43
113900117,110,29,81
113900118,241,481,-240
113900119,126,456,-330
113900120,83,50,33
113900121,93,65,28
113900122,360,2325,-1965
113900123,527,179,348
113900124,0,50,-50
113900125,574,104,470
113900126,98,49,49
113900127,346,716,-370
113900128,137,48,89
113900129,17,169,-152
113900130,0,73,-73
113900131,282,61,221
113900132,50,67,-17
113900133,15,77,-62
113900135,318,210,108
113900136,80,85,-5
113900137,302,282,20
113900138,31,290,-259
113900139,174,228,-54
113900140,110,307,-197
113900141,548,156,392
113900142,149,56,93
113900143,14,56,-42
113900144,68,210,-142
113900145,358,104,254
113900146,199,59,140
113900148,74,320,-246
113900149,167,126,41
113900150,265,379,-114
113900151,441,155,286
113900152,77,61,16
113900153,120,557,-437
113900154,7,117,-110
113900155,139,241,-102
113900156,126,239,-113
113900157,40,266,-226
113900158,202,425,-223
113900159,23,214,-191
113900160,343,301,42
113900161,82,252,-170
113900162,216,756,-540
113900163,194,227,-33
113900164,386,41,345
113900165,500,242,258
113900166,81,172,-91
113900167,361,27,334
113900168,59,51,8
113900169,153,264,-111
113900171,288,59,229
113900172,4,79,-75
113900173,33,243,-210
113900174,501,398,103
113900175,347,138,209
113900176,329,309,20
113900177,267,167,100
113900178,282,122,160
113900179,26,225,-199
113900180,167,52,115
113900181,756,134,622
113900182,688,676,12
113900183,81,60,21
113900184,7,240,-233
113900185,140,57,83
113900186,47,34,13
113900187,40,120,-80
113900188,40,130,-90
113900189,260,147,113
113900190,155,107,48
113900191,124,167,-43
113900192,7,613,-606
113900193,25,100,-75
113900194,1065,657,408
113900195,209,285,-76
113900196,6,143,-137
113900197,1,76,-75
113900198,31,214,-183
113900199,98,510,-412
113900200,20,161,-141
113900201,0,66,-66
113900202,10,221,-211
113900203,0,40,-40
113900204,24,301,-277
113900205,2,127,-125
113900206,2,112,-110
113900207,0,22,-22
113900208,0,43,-43
113900209,0,43,-43
113900210,370,652,-282
113900211,190,44,146
113900212,192,344,-152
113900214,248,344,-96
113900215,45,85,-40
113900216,294,445,-151
113900217,131,106,25
113900218,155,89,66
113900219,111,269,-158
113900220,139,122,17
113900221,341,287,54
113900222,145,500,-355
113900223,212,397,-185
113900224,36,70,-34
113900225,364,183,181
113900226,361,82,279
113900227,317,224,93
113900228,223,597,-374
113900229,63,843,-780
113900230,2362,3470,-1108
113900231,141,97,44
113900232,130,68,62
113900233,102,48,54
113900234,374,365,9
113900235,124,29,95
113900236,227,212,15
113900237,246,18,228
113900238,265,655,-390
113900239,45,117,-72
113900240,6,255,-249
113900241,103,45,58
113900242,30,140,-110
113900243,67,295,-228
113900244,149,117,32
113900245,739,250,489
113900246,12,22,-10
113900247,103,508,-405
113900248,1763,1900,-137
113900249,545,430,115
113900250,48,166,-118
113900251,703,70,633
113900252,524,22,502
113900253,596,71,525
113900254,683,143,540
113900255,551,13,538
113900256,410,23,387
113900257,14,265,-251
113900258,30,193,-163
113900259,604,95,509
113900260,317,33,284
113900261,31,69,-38
113900262,133,354,-221
113900263,105,448,-343
113900264,1,236,-235
113900265,67,207,-140
113900266,26,111,-85
113900267,78,427,-349
113900268,338,348,-10
113900269,57,110,-53
113900270,201,623,-422
113900271,615,588,27
113900273,22,21,1
113900274,68,37,31
113900275,24,58,-34
113900276,1,79,-78
113900277,146,13,133
113900278,158,174,-16
113900279,50,53,-3
113900280,1394,422,972
113900281,408,1275,-867
113900282,452,594,-142
113900283,453,514,-61
113900284,1012,204,808
113900285,162,32,130
113900286,19,50,-31
113900287,117,21,96
113900288,1,93,-92
113900289,428,129,299
113900290,135,287,-152
113900291,51,118,-67
113900292,12,5,7
113900293,13,179,-166
113900294,474,28,446
113900295,342,301,41
113900296,1287,327,960
113900297,2781,55,2726
113900298,14,1062,-1048
113900299,106,79,27
113900300,2946,3596,-650
113900301,563,402,161
113900302,1455,917,538
113900303,255,589,-334
113900304,0,69,-69
113900305,150,2,148
113900306,64,1,63
113900307,15,0,15
113900308,71,91,-20
113900309,1,328,-327
113900310,0,13,-13
113900311,5,0,5
113900312,155,214,-59
113900313,11,11,0
114000001,923,1673,-750
114000002,311,242,69
114000003,63,208,-145
114000004,420,259,161
114000005,340,156,184
114000006,1898,1414,484
114000007,709,1084,-375
114000008,1184,1911,-727
114000009,1028,216,812
114000011,2672,1783,889
114000012,2787,1220,1567
114000013,1796,1094,702
114000014,488,134,354
114000015,2142,257,1885
114000016,242,164,78
114000017,99,368,-269
114000018,104,15,89
114000026,2341,744,1597
114000027,3951,1697,2254
114000028,2173,2677,-504
114000038,375,105,270
114000039,50,28,22
114000040,147,196,-49
114000042,209,104,105
114000043,67,43,24
114000044,277,19,258
114000045,28,54,-26
114000046,2488,3749,-1261
114000047,1,66,-65
114000048,82,26,56
114000049,1635,1325,310
114000050,1735,1746,-11
114000051,2894,1972,922
114000052,3983,1687,2296
114000053,124,645,-521
114000054,172,584,-412
114000055,223,25,198
114000056,379,1048,-669
114000057,3551,1708,1843
114000058,221,1539,-1318
114000059,106,349,-243
114000060,551,796,-245
114000061,2043,2880,-837
114000062,1040,1714,-674
114000063,1350,1158,192
114000064,2685,3235,-550
114000065,1116,1845,-729
114000066,390,436,-46
114000067,38,870,-832
114000068,481,672,-191
114000069,1090,539,551
114000070,1960,1515,445
114000071,849,418,431
114000072,504,178,326
114000073,13,40,-27
114000074,58,12,46
114000075,50,36,14
114000076,16,50,-34
114000077,7,11,-4
114000078,300,342,-42
114000079,188,31,157
114000080,56,64,-8
114000081,71,49,22
114000082,39,244,-205
114000083,63,129,-66
114000084,356,77,279
114000085,67,326,-259
114000086,263,203,60
114000087,178,92,86
114000088,22,25,-3
114000089,419,237,182
114000090,931,875,56
114000091,1326,760,566
114000092,844,388,456
114000093,1325,637,688
114000094,360,289,71
114000095,283,161,122
114000096,90,194,-104
114000097,143,276,-133
114000098,652,64,588
114000099,785,205,580
114000100,1737,348,1389
114000101,512,325,187
114000102,619,277,342
114000103,127,221,-94
114000104,20,135,-115
114000105,154,82,72
114000106,614,1362,-748
114000107,485,99,386
114000108,830,674,156
114000109,582,1299,-717
114000110,551,801,-250
114000111,1938,946,992
114000112,474,1160,-686
114000113,1212,557,655
114000114,955,834,121
114000115,1977,1108,869
114000116,930,2278,-1348
114000117,3685,569,3116
114000118,3083,513,2570
114000119,2210,479,1731
114000120,525,506,19
114000121,400,611,-211
114000122,383,295,88
114000123,2307,315,1992
114000124,1163,231,932
114000125,787,780,7
114000126,1813,244,1569
114000127,366,148,218
114000128,850,226,624
114000130,403,390,13
114000131,301,118,183
114000132,605,326,279
114000133,829,863,-34
114000134,75,50,25
114000138,34,114,-80
114000139,424,245,179
114000144,840,541,299
114000145,82,91,-9
114000146,77,110,-33
114000147,1350,2132,-782
114000148,1310,1592,-282
114000149,357,303,54
114000150,299,511,-212
114000151,555,1513,-958
114000152,113,54,59
114000153,555,1829,-1274
114000154,648,423,225
114000155,1186,2319,-1133
114000156,692,538,154
114000157,236,869,-633
114000158,821,611,210
114000159,94,333,-239
114000160,58,340,-282
114000161,961,3013,-2052
114000162,971,2647,-1676
114000163,18,50,-32
114000165,628,331,297
114000166,648,379,269
114000167,2063,1249,814
114000168,472,458,14
114000169,1183,1380,-197
114000170,1092,1164,-72
114000171,1142,5180,-4038
114000174,132,361,-229
114000176,320,390,-70
114000177,1079,600,479
114000178,49,44,5
114000179,1054,655,399
114000180,248,445,-197
114000181,1538,3972,-2434
114000182,1329,1885,-556
114000183,623,679,-56
114000184,1796,605,1191
114000185,1093,638,455
114000189,1413,172,1241
114000190,3404,494,2910
114000191,59,177,-118
114000192,119,765,-646
114000193,351,1317,-966
114000194,1256,545,711
114000195,213,39,174
114000196,4,75,-71
114000197,1748,26,1722
114000198,683,232,451
114000199,1511,1633,-122
114000200,438,964,-526
114000201,136,496,-360
114000202,884,437,447
114000203,400,415,-15
114000204,153,271,-118
114000205,159,894,-735
114000206,565,973,-408
114000207,448,992,-544
114000208,375,1443,-1068
114000209,465,1155,-690
114000210,228,723,-495
114000211,1304,1224,80
114000212,863,756,107
114000213,1326,423,903
114000214,103,134,-31
114000215,195,59,136
114000216,1472,227,1245
114000217,344,133,211
114000218,161,125,36
114000219,1352,135,1217
114000220,25,445,-420
114000221,822,172,650
114000222,100,570,-470
114000223,530,143,387
114000224,69,404,-335
114000225,270,365,-95
114000226,221,200,21
114000227,744,433,311
114000228,881,420,461
114000229,1331,872,459
114000230,1485,758,727
114000231,905,1062,-157
114000232,737,128,609
114000233,2168,107,2061
114000234,1130,565,565
114000235,1113,777,336
114000236,0,271,-271
114000237,97,513,-416
114000238,110,190,-80
114000239,121,713,-592
114000240,768,760,8
114000241,222,673,-451
114000242,676,622,54
114000243,1501,665,836
114000244,517,286,231
114000245,395,660,-265
114000246,89,61,28
114000247,596,417,179
114000248,1202,450,752
114000249,560,352,208
114000250,655,496,159
114000251,528,198,330
114000252,74,22,52
114000253,44,107,-63
114000254,43,28,15
114000255,451,179,272
114000256,591,2245,-1654
114000257,249,724,-475
114000258,359,245,114
114000259,74,216,-142
114000260,0,20,-20
114000261,52,40,12
114000262,262,104,158
114000263,4,1,3
114000264,1405,334,1071
114000265,0,1,-1
114000267,2,1231,-1229
114000268,2,719,-717
114000270,145,1,144
114000271,263,32,231
114000283,1435,334,1101
114000285,24,116,-92
114000288,82,234,-152
114000289,1421,111,1310
114000293,211,472,-261
114000294,167,264,-97
114000395,1120,25,1095
114000396,650,503,147
114000402,744,229,515
114000403,265,191,74
114000405,239,213,26
114000423,433,202,231
114000424,458,155,303
114000425,1016,180,836
114000426,300,803,-503
114000427,68,78,-10
114000428,163,189,-26
114000429,9,122,-113
114000432,109,56,53
114000434,19,43,-24
114000435,11,110,-99
114900001,753,523,230
114900002,463,204,259
114900003,777,677,100
114900004,230,487,-257
114900005,655,400,255
114900006,104,117,-13
114900007,361,31,330
114900008,248,88,160
114900010,1262,1813,-551
114900011,236,126,110
114900013,279,134,145
114900015,93,519,-426
114900018,1057,42,1015
114900020,200,97,103
114900022,2,493,-491
114900024,335,165,170
114900025,593,182,411
114900026,76,126,-50
114900027,200,179,21
114900029,39,16,23
114900030,340,141,199
114900031,446,26,420
114900032,472,27,445
114900033,624,1040,-416
114900034,46,127,-81
114900035,138,244,-106
114900036,160,394,-234
114900037,137,94,43
114900038,166,356,-190
114900039,490,209,281
114900040,70,78,-8
114900041,938,220,718
114900042,1052,378,674
114900043,403,173,230
114900044,155,34,121
114900046,39,101,-62
114900047,247,2270,-2023
114900048,113,172,-59
114900049,10,78,-68
114900050,55,215,-160
114900051,37,301,-264
114900052,106,245,-139
114900053,122,210,-88
114900054,44,61,-17
114900057,246,20,226
114900058,0,67,-67
114900059,136,70,66
114900060,537,788,-251
114900061,133,76,57
114900062,250,272,-22
114900063,54,90,-36
114900064,1658,238,1420
114900065,421,588,-167
114900067,42,300,-258
114900068,44,91,-47
114900069,145,76,69
114900070,663,228,435
114900072,3,277,-274
114900073,0,87,-87
114900074,862,322,540
114900075,450,9,441
114900076,13,266,-253
114900080,1209,222,987
114900082,2430,2215,215
114900083,733,955,-222
114900090,446,183,263
114900091,82,173,-91
114900095,174,74,100
114900096,380,518,-138
114900097,180,5,175
114900098,4,121,-117
114900099,239,17,222
115000001,3799,2079,1720
115000002,3908,4461,-553
115000003,3847,1628,2219
115000004,4379,5930,-1551
115000005,1433,1521,-88
115000006,1019,1450,-431
115000007,147,164,-17
115000008,387,485,-98
115000009,202,197,5
115000010,264,173,91
115000013,48,178,-130
115000015,39,231,-192
115000016,127,254,-127
115000019,46,460,-414
115000020,109,913,-804
115000021,199,352,-153
115000022,506,343,163
115000023,270,648,-378
115000024,840,346,494
115000025,835,722,113
115000026,212,274,-62
115000027,340,303,37
115000028,217,657,-440
115000029,708,112,596
115000030,847,1033,-186
115000031,1240,345,895
115000032,6,186,-180
115000033,131,39,92
115000034,46,931,-885
115000035,950,76,874
115000036,0,265,-265
115000037,625,15,610
115000038,74,141,-67
115000039,2297,3130,-833
115000040,3492,2281,1211
115000041,1434,3416,-1982
115000042,848,557,291
115000043,3855,2160,1695
115000044,3219,2323,896
115000045,2320,1019,1301
115000046,2626,2038,588
115000047,2467,1137,1330
115000048,1520,1329,191
115000049,1531,2415,-884
115000050,3142,1287,1855
115000051,1408,3085,-1677
115000052,1356,1465,-109
115000053,1659,1830,-171
115000054,553,762,-209
115000055,162,714,-552
115000056,173,550,-377
115000057,773,964,-191
115000058,585,272,313
115000059,251,168,83
115000061,125,125,0
115000062,238,189,49
115000063,491,191,300
115000064,246,68,178
115000065,54,602,-548
115000067,137,14,123
115000069,70,235,-165
115000070,27,690,-663
115000071,64,16,48
115000072,9,63,-54
115000073,1279,78,1201
115000075,98,65,33
115000076,2302,1886,416
115000077,1961,1257,704
115000078,1376,835,541
115000079,1296,1169,127
115000080,2460,1505,955
115000081,395,581,-186
115000082,4091,3223,868
115000083,1720,1087,633
115000084,2651,980,1671
115000085,780,626,154
115000086,1236,574,662
115000087,337,1147,-810
115000088,1729,480,1249
115000089,1104,955,149
115000090,457,761,-304
115000091,171,504,-333
115000092,708,437,271
115000093,525,3,522
115000094,4613,5707,-1094
115000095,3203,5859,-2656
115000096,707,871,-164
115000097,1187,905,282
115000098,1334,595,739
115000099,2615,1846,769
115000100,1209,259,950
115000101,456,1009,-553
115000102,465,196,269
115000103,256,386,-130
115000105,77,97,-20
115000106,654,310,344
115000107,232,278,-46
115000108,2110,1728,382
115000109,2967,4674,-1707
115000110,1175,1865,-690
115000111,556,1097,-541
115000112,842,1018,-176
115000113,673,841,-168
115000114,1423,573,850
115000116,2985,2235,750
115000117,2791,2697,94
115000118,2027,1692,335
115000119,1513,2041,-528
115000120,488,1245,-757
115000121,896,689,207
115000122,1501,1778,-277
115000123,901,2148,-1247
115000124,629,1030,-401
115000125,340,560,-220
115000126,157,276,-119
115000127,354,113,241
115000128,329,645,-316
115000129,224,382,-158
115000130,428,391,37
115000131,978,210,768
115000132,341,235,106
115000133,577,147,430
115000134,409,230,179
115000135,282,110,172
115000136,267,160,107
115000137,110,132,-22
115000138,433,250,183
115000139,203,147,56
115000140,418,164,254
115000141,170,128,42
115000142,149,122,27
115000143,957,478,479
115000144,483,45,438
115000145,231,175,56
115000146,505,357,148
115000147,280,319,-39
115000148,228,497,-269
115000149,646,243,403
115000150,557,406,151
115000151,1314,415,899
115000152,627,433,194
115000153,1269,429,840
115000154,913,250,663
115000155,605,522,83
115000156,977,655,322
115000157,489,669,-180
115000158,431,408,23
115000159,481,627,-146
115000160,477,595,-118
115000161,411,363,48
115000162,533,735,-202
115000163,517,569,-52
115000164,606,556,50
115000165,256,453,-197
115000167,129,66,63
115000168,339,243,96
115000169,387,390,-3
115000170,90,120,-30
115000171,211,200,11
115000172,710,550,160
115000173,281,668,-387
115000174,75,348,-273
115000175,146,142,4
115000176,128,112,16
115000177,202,183,19
115000178,12,146,-134
115000179,24,51,-27
115000180,121,332,-211
115000181,753,112,641
115000182,1102,244,858
115000183,465,427,38
115000186,575,207,368
115000187,280,525,-245
115000188,361,442,-81
115000189,184,412,-228
115000190,600,356,244
115000191,129,469,-340
115000194,134,145,-11
115000195,237,318,-81
115000196,218,76,142
115000197,247,188,59
115000198,423,161,262
115000199,459,112,347
115000200,401,96,305
115000201,165,234,-69
115000206,428,72,356
115000207,261,201,60
115000208,254,427,-173
115000209,704,272,432
115000210,174,128,46
115000211,246,218,28
115000212,1123,286,837
115000224,339,60,279
115000225,43,59,-16
115000229,95,117,-22
115000230,106,251,-145
115000231,235,821,-586
115000232,1805,255,1550
115000233,152,135,17
115000234,15,239,-224
115000241,109,135,-26
115000242,120,179,-59
115000243,59,118,-59
115000244,11,90,-79
115000246,32,19,13
115000247,37,26,11
115000248,31,17,14
115000249,17,19,-2
115000250,274,20,254
115000251,233,70,163
115000252,105,161,-56
115000253,21,382,-361
115000258,315,93,222
115000259,281,101,180
115000261,37,18,19
115000262,10,27,-17
115000263,13,47,-34
115000264,23,18,5
115000267,85,46,39
115000268,48,92,-44
115000269,95,60,35
115000270,2,16,-14
115000272,57,82,-25
115000273,508,29,479
115000280,1865,305,1560
115000281,302,898,-596
115000282,881,1140,-259
115000284,186,154,32
115000296,1039,11,1028
115000297,164,211,-47
115000298,51,489,-438
115000300,197,118,79
115000302,693,87,606
115000303,837,77,760
115000304,933,66,867
115000305,117,389,-272
115000306,278,162,116
115000307,102,151,-49
115000308,23,12,11
115000309,17,70,-53
115000310,1144,516,628
115000311,1169,946,223
115000313,80,274,-194
115000314,630,141,489
115000315,612,525,87
115000316,56,160,-104
115000317,163,308,-145
115000318,749,244,505
115000319,48,188,-140
115000320,17,331,-314
115000321,256,6,250
115000322,59,152,-93
115000449,152,142,10
115000557,0,1612,-1612
115000558,386,86,300
115000587,598,244,354
115000588,1698,1969,-271
115000589,3484,1830,1654
115000590,1213,1266,-53
115000591,1816,665,1151
115000592,433,1693,-1260
115000593,1450,683,767
115000594,434,2275,-1841
115000609,198,253,-55
115000617,794,3292,-2498
115000624,298,41,257
115000633,458,1538,-1080
115000634,2507,778,1729
115000635,629,103,526
115000638,398,384,14
115000641,46,152,-106
115000642,301,267,34
115000643,137,329,-192
115000644,146,251,-105
115000646,856,1544,-688
115000647,223,401,-178
115000648,2200,1181,1019
115000893,1555,1239,316
115000894,145,702,-557
115000895,291,541,-250
115000896,889,369,520
115000897,437,131,306
115000898,468,238,230
115000899,228,973,-745
115000900,64,302,-238
115000901,38,94,-56
115000912,429,86,343
115000913,2,12,-10
115000915,12,2,10
115000916,9,9,0
115000917,1,7,-6
115000918,36,456,-420
115000919,2,26,-24
115000920,31,40,-9
115000921,295,90,205
115000922,430,730,-300
115000923,183,1066,-883
115000925,151,119,32
115000927,48,72,-24
115000933,143,202,-59
115000934,205,146,59
115000935,152,63,89
115000936,58,809,-751
115000937,507,141,366
115000938,57,215,-158
115000939,40,108,-68
115900001,121,17,104
115900002,82,69,13
115900003,190,57,133
115900004,0,24,-24
115900005,271,5,266
115900006,148,151,-3
115900008,74,4,70
115900009,86,126,-40
115900010,436,118,318
115900011,378,138,240
115900012,243,29,214
115900013,272,163,109
115900014,122,87,35
115900015,152,27,125
115900016,123,47,76
115900017,26,9,17
115900018,133,26,107
115900019,93,9,84
115900020,193,4,189
115900021,630,284,346
115900022,745,9,736
115900023,15,4,11
115900025,45,259,-214
115900026,717,153,564
115900027,0,172,-172
115900028,414,51,363
115900029,12,232,-220
115900030,39,37,2
115900031,179,352,-173
115900032,407,465,-58
115900033,0,34,-34
115900034,35,173,-138
115900035,49,14,35
115900036,29,972,-943
115900037,49,182,-133
115900038,55,13,42
115900039,172,113,59
115900041,277,699,-422
115900042,41,8,33
115900043,117,44,73
115900044,150,269,-119
115900046,306,165,141
115900047,148,179,-31
115900049,198,162,36
115900051,2,21,-19
115900052,16,124,-108
115900053,327,135,192
115900054,339,20,319
115900055,7,89,-82
115900056,221,160,61
115900057,17,14,3
115900058,24,42,-18
115900060,111,81,30
115900061,324,0,324
115900062,47,131,-84
115900063,78,16,62
115900064,146,198,-52
115900065,113,59,54
115900066,86,62,24
115900067,7,221,-214
115900068,1675,1020,655
115900069,67,143,-76
115900070,237,54,183
115900071,0,203,-203
115900072,16,113,-97
115900073,76,119,-43
115900074,3,158,-155
115900075,33,119,-86
115900076,5,28,-23
115900077,6,130,-124
115900078,59,92,-33
115900079,294,18,276
115900080,202,144,58
115900081,15,53,-38
115900082,138,142,-4
115900084,652,10,642
115900085,32,44,-12
115900086,957,471,486
115900088,9,46,-37
115900089,405,464,-59
115900090,460,4,456
115900091,4,23,-19
115900092,36,82,-46
115900093,11,17,-6
115900094,3,119,-116
115900096,5,5,0
115900097,20,153,-133
115900098,243,197,46
115900099,42,39,3
115900100,9,270,-261
115900101,207,160,47
115900102,63,26,37
115900103,306,125,181
115900104,74,52,22
115900105,311,310,1
115900106,110,18,92
115900107,69,58,11
115900108,167,20,147
115900109,30,187,-157
115900110,2,6,-4
115900111,0,66,-66
115900112,31,500,-469
115900113,74,13,61
115900114,0,94,-94
115900115,78,222,-144
115900116,84,498,-414
115900117,75,11,64
115900118,8,142,-134
115900119,185,124,61
115900120,33,163,-130
115900121,261,142,119
115900124,289,766,-477
115900125,412,56,356
115900126,802,72,730
115900127,785,52,733
115900128,17,69,-52
115900129,651,49,602
115900130,17,230,-213
115900131,388,34,354
115900132,700,3,697
115900134,361,16,345
115900135,288,1085,-797
115900137,41,5,36
115900139,47,86,-39
115900140,316,35,281
115900141,8,51,-43
115900142,11,28,-17
115900143,286,281,5
115900144,117,135,-18
115900146,5,71,-66
115900147,199,269,-70
115900148,54,6,48
115900149,134,11,123
115900150,96,14,82
115900151,8,118,-110
115900152,208,247,-39
115900153,183,123,60
115900154,396,292,104
115900155,0,18,-18
115900156,683,941,-258
115900157,199,449,-250
115900158,8,4,4
115900159,172,167,5
115900160,4,5,-1
115900161,69,103,-34
115900163,238,85,153
115900164,656,14,642
115900166,200,92,108
115900168,165,99,66
115900171,119,397,-278
115900172,51,109,-58
115900173,252,99,153
115900174,223,229,-6
115900175,154,193,-39
115900178,2,234,-232
115900179,376,7,369
115900180,19,91,-72
115900181,224,84,140
115900182,497,80,417
115900183,62,76,-14
115900184,889,5,884
115900187,12,124,-112
115900189,0,284,-284
115900190,183,1234,-1051
115900191,27,143,-116
115900192,12,74,-62
115900193,123,102,21
115900194,781,60,721
115900195,386,2257,-1871
115900198,244,270,-26
115900199,214,143,71
115900200,218,207,11
115900201,374,407,-33
115900202,3,117,-114
115900203,3,23,-20
115900204,0,2,-2
115900205,95,23,72
115900206,309,124,185
115900207,61,10,51
115900208,120,74,46
115900209,4,112,-108
115900210,18,101,-83
115900211,4,87,-83
115900212,192,161,31
115900213,72,108,-36
115900214,677,118,559
115900215,34,156,-122
115900216,4,82,-78
115900217,5,41,-36
115900218,2,40,-38
115900219,139,1,138
115900220,220,11,209
115900221,101,11,90
115900222,62,30,32
115900223,10,468,-458
115900224,561,1275,-714
115900225,51,58,-7
115900226,29,55,-26
115900227,13,59,-46
115900228,5,52,-47
115900229,10,41,-31
115900230,22,94,-72
115900231,124,3,121
115900232,56,9,47
115900233,113,16,97
115900234,59,23,36
115900235,20,42,-22
115900236,14,37,-23
115900237,13,21,-8
115900238,26,11,15
115900239,28,15,13
115900240,16,30,-14
115900241,310,99,211
115900242,206,369,-163
115900243,5,6,-1
115900244,10,14,-4
115900245,94,2,92
115900246,31,8,23
115900247,13,17,-4
115900248,12,2,10
115900249,13,10,3
115900250,5,13,-8
115900251,6,7,-1
115900252,5,2,3
115900253,15,22,-7
115900254,9,16,-7
115900255,2,30,-28
115900256,11,20,-9
115900257,11,12,-1
115900258,0,1,-1
115900259,1,1,0
115900260,7,6,1
115900261,11,2,9
115900262,3,0,3
115900263,10,2,8
115900264,15,2,13
115900265,3,2,1
115900266,6,26,-20
115900267,8,13,-5
115900268,4,13,-9
115900269,672,216,456
115900270,464,163,301
115900271,189,0,189
115900272,35,3,32
115900273,6,36,-30
115900274,0,0,0
115900275,2,10,-8
115900276,0,23,-23
115900277,1,41,-40
115900278,52,88,-36
115900279,24,180,-156
115900280,16,465,-449
115900281,187,281,-94
115900282,9,28,-19
115900283,7,11,-4
115900284,17,8,9
116000001,5780,2982,2798
116000002,4253,12413,-8160
116000003,1290,1126,164
116000004,3051,4489,-1438
116000005,1334,2550,-1216
116000006,2488,2797,-309
116000007,1947,2398,-451
116000008,3656,2367,1289
116000009,1144,1409,-265
116000010,2488,1607,881
116000011,627,1266,-639
116000012,1708,1132,576
116000013,5174,3236,1938
116000014,7222,12712,-5490
116000015,168,1316,-1148
116000016,4226,3829,397
116000017,17,768,-751
116000018,691,274,417
116000019,1039,278,761
116000020,658,871,-213
116000021,531,270,261
116000022,409,299,110
116000023,1199,880,319
116000024,656,648,8
116000025,813,863,-50
116000026,1753,2453,-700
116000027,764,670,94
116000028,420,1157,-737
116000029,410,721,-311
116000030,640,590,50
116000031,133,253,-120
116000032,331,163,168
116000033,430,444,-14
116000034,887,803,84
116000035,393,593,-200
116000036,1196,1440,-244
116000037,551,468,83
116000038,194,498,-304
116000039,341,474,-133
116000040,565,459,106
116000041,128,457,-329
116000042,544,311,233
116000043,90,559,-469
116000044,6,36,-30
116000045,1706,1643,63
116000046,1005,1730,-725
116000047,1664,2249,-585
116000048,1977,1807,170
116000049,1387,3237,-1850
116000050,1479,1214,265
116000051,5987,2767,3220
116000052,6115,4854,1261
116000053,2115,835,1280
116000054,943,2379,-1436
116000055,839,837,2
116000056,1091,1051,40
116000057,2784,1176,1608
116000058,2802,2262,540
116000059,2398,3992,-1594
116000060,1511,878,633
116000061,581,983,-402
116000062,486,224,262
116000063,557,1181,-624
116000066,267,671,-404
116000067,202,327,-125
116000068,192,272,-80
116000069,276,222,54
116000078,533,1136,-603
116000080,1840,757,1083
116000082,6,20,-14
116000083,1860,374,1486
116000084,1645,2336,-691
116000085,2131,1880,251
116000086,1166,703,463
116000087,2400,1711,689
116000088,742,722,20
116000089,177,65,112
116000090,108,128,-20
116000091,221,333,-112
116000093,767,546,221
116000094,714,464,250
116000095,877,534,343
116000096,842,1378,-536
116000097,1138,564,574
116000098,55,5978,-5923
116000099,4263,279,3984
116000100,267,12,255
116000101,998,404,594
116000102,282,672,-390
116000103,481,278,203
116000104,182,826,-644
116000105,1285,143,1142
116000106,360,711,-351
116000107,2476,202,2274
116000108,148,192,-44
116000111,128,24,104
116000113,179,139,40
116000114,38,126,-88
116000115,446,130,316
116000116,247,269,-22
116000117,1522,1681,-159
116000118,1634,1025,609
116000119,3674,1813,1861
116000120,2877,2493,384
116000121,1039,574,465
116000122,1039,961,78
116000123,1382,480,902
116000124,436,648,-212
116000125,3315,875,2440
116000126,291,920,-629
116000127,926,820,106
116000128,2056,918,1138
116000129,1588,251,1337
116000130,618,586,32
116000133,1361,671,690
116000134,1564,1181,383
116000135,2995,1335,1660
116000136,826,1449,-623
116000137,1224,663,561
116000138,739,600,139
116000139,1512,2068,-556
116000140,154,161,-7
116000141,313,390,-77
116000142,2603,1769,834
116000143,1769,1664,105
116000144,1389,1382,7
116000145,1782,911,871
116000146,751,96,655
116000147,244,159,85
116000148,646,582,64
116000149,725,715,10
116000151,465,329,136
116000153,143,268,-125
116000155,143,279,-136
116000156,484,746,-262
116000157,99,18,81
116000158,367,307,60
116000159,25,22,3
116000160,13,34,-21
116000161,2,52,-50
116000162,50,94,-44
116000163,24,20,4
116000164,8,20,-12
116000177,131,131,0
116000194,93,315,-222
116000195,1320,566,754
116000196,30,2,28
116000197,12,18,-6
116000198,2116,1110,1006
116000200,597,704,-107
116000201,595,663,-68
116000202,11,154,-143
116000203,2,59,-57
116000204,18,37,-19
116000205,0,118,-118
116000206,1,106,-105
116000207,13,54,-41
116000233,199,358,-159
116000287,168,230,-62
116000288,392,210,182
116000292,58,77,-19
116000296,5,101,-96
116000297,108,6,102
116000304,216,36,180
116000305,38,49,-11
116000346,208,78,130
116000352,122,27,95
116000354,57,9,48
116000357,12,40,-28
116000358,398,51,347
116000361,51,3,48
116000372,3054,4916,-1862
116000381,147,1,146
116000388,0,28,-28
116000389,965,506,459
116000445,565,305,260
116000446,782,297,485
116000447,15,533,-518
116000448,468,102,366
116000563,687,897,-210
116000565,39,240,-201
116000568,60,408,-348
116000579,20,108,-88
116000584,25,3,22
116000585,53,27,26
116000586,67,90,-23
116000587,555,746,-191
116000589,70,54,16
116000590,76,35,41
116000591,322,154,168
116000592,13,67,-54
116000593,0,23,-23
116000594,773,235,538
116000595,703,82,621
116000596,99,5,94
116000597,480,130,350
116000598,15,87,-72
116000602,40,463,-423
116000605,153,99,54
116000606,71,241,-170
116000607,2,61,-59
116000609,103,982,-879
116000611,176,244,-68
116000612,860,1834,-974
116000613,739,330,409
116000614,375,342,33
116000615,1,344,-343
116000616,51,70,-19
116000617,136,28,108
116000618,2,24,-22
116000619,54,57,-3
116000620,179,117,62
116000621,70,111,-41
116000622,77,169,-92
116000624,195,95,100
116000627,99,20,79
116000628,76,199,-123
116000629,35,210,-175
116000630,564,24,540
116000631,272,24,248
116000632,766,130,636
116000633,83,163,-80
116000634,638,30,608
116000635,1885,2351,-466
116000636,449,1087,-638
116000637,544,16,528
116000638,46,220,-174
116900001,213,153,60
116900002,214,1,213
116900003,38,19,19
116900004,44,58,-14
116900005,301,44,257
116900006,58,126,-68
116900007,99,159,-60
116900008,529,158,371
116900009,19,7,12
116900010,0,545,-545
116900011,11,22,-11
116900012,192,187,5
116900013,2,92,-90
116900014,162,85,77
116900015,553,47,506
116900016,262,5,257
116900017,3,276,-273
116900018,88,59,29
116900019,8,189,-181
116900020,531,1461,-930
116900023,74,10,64
116900024,724,43,681
116900025,1369,559,810
116900026,84,348,-264
116900027,57,34,23
116900028,4,86,-82
116900029,1,92,-91
116900031,2,1,1
116900032,3,212,-209
116900033,31,5,26
116900034,13,60,-47
116900035,141,123,18
116900036,7,98,-91
116900038,26,7,19
116900041,62,16,46
116900042,340,223,117
116900043,37,53,-16
116900047,18,209,-191
116900049,37,176,-139
116900050,107,343,-236
116900051,216,88,128
116900052,137,53,84
116900055,3,16,-13
116900057,19,127,-108
116900058,39,295,-256
116900059,2,82,-80
116900060,178,153,25
116900062,0,20,-20
116900064,82,292,-210
116900065,24,100,-76
116900067,139,94,45
116900068,112,151,-39
116900070,4,2,2
116900072,31,210,-179
116900073,19,68,-49
116900074,5,31,-26
116900076,11,35,-24
116900077,16,60,-44
116900078,135,77,58
116900079,42,128,-86
116900080,16,21,-5
116900081,329,803,-474
116900082,404,909,-505
116900083,17,15,2
116900084,81,51,30
116900085,48,132,-84
116900086,46,123,-77
116900088,452,125,327
116900090,65,25,40
116900091,422,16,406
116900092,104,584,-480
116900093,1666,1470,196
116900094,2978,4161,-1183
116900095,197,109,88
116900096,105,397,-292
116900097,1913,3225,-1312
116900098,678,401,277
116900099,498,737,-239
116900100,1022,59,963
116900101,266,375,-109
116900103,1,0,1
116900104,57,80,-23
116900105,323,167,156
116900106,2558,201,2357
116900107,1977,2494,-517
116900110,9,3,6
116900111,579,308,271
116900112,278,509,-231
116900113,1097,1785,-688
116900116,69,630,-561
116900117,153,110,43
116900118,611,844,-233
116900120,437,50,387
116900121,113,16,97
116900122,1064,415,649
116900123,314,395,-81
116900124,168,785,-617
116900125,503,126,377
116900126,80,553,-473
116900128,0,36,-36
116900129,1,242,-241
116900130,441,3973,-3532
116900131,103,311,-208
116900132,85,111,-26
116900133,180,92,88
116900134,221,211,10
116900136,172,170,2
116900137,218,114,104
116900138,198,123,75
116900139,165,342,-177
116900140,197,108,89
116900141,594,371,223
116900142,1,57,-56
116900143,325,288,37
116900144,31,63,-32
116900145,58,143,-85
116900147,277,656,-379
116900148,8,43,-35
116900149,66,258,-192
116900150,6,9,-3
116900151,42,14,28
116900153,159,78,81
116900154,318,617,-299
116900155,44,90,-46
116900157,686,109,577
116900158,81,329,-248
116900159,46,294,-248
116900160,841,906,-65
116900161,4079,7015,-2936
116900162,10,62,-52
116900163,210,71,139
116900164,67,61,6
116900165,345,320,25
116900166,44,33,11
116900167,533,59,474
116900168,396,65,331
116900169,311,722,-411
116900170,423,547,-124
116900171,72,98,-26
116900172,131,445,-314
116900173,290,28,262
116900174,56,42,14
116900175,221,249,-28
116900178,42,72,-30
116900179,95,348,-253
116900180,79,19,60
116900182,539,219,320
116900183,169,96,73
116900185,37,84,-47
116900186,79,127,-48
116900187,33,44,-11
116900188,166,36,130
116900189,91,0,91
116900191,374,535,-161
116900192,287,119,168
116900194,144,1700,-1556
116900195,52,24,28
116900196,21,46,-25
116900197,95,5,90
116900198,110,249,-139
116900200,72,10,62
116900201,103,7,96
116900202,105,24,81
116900203,198,11,187
116900204,42,128,-86
116900205,0,0,0
116900206,16,3,13
116900207,25,17,8
116900208,7,44,-37
116900209,26,55,-29
116900210,487,313,174
116900211,224,2,222
116900212,80,35,45
116900213,190,107,83
116900214,220,135,85
116900215,34,51,-17
116900216,258,201,57
116900218,7,135,-128
116900219,1075,275,800
116900220,144,244,-100
116900221,122,297,-175
116900222,423,325,98
116900223,148,262,-114
116900226,104,38,66
116900227,260,55,205
116900228,332,110,222
116900230,56,166,-110
116900231,61,217,-156
116900232,18,309,-291
116900233,369,89,280
116900234,30,10,20
116900235,142,226,-84
116900238,1223,246,977
116900239,30,1267,-1237
116900240,3580,2953,627
116900241,89,118,-29
116900242,262,738,-476
116900243,0,14,-14
116900245,37,38,-1
116900246,124,11,113
116900247,1016,26,990
116900248,63,24,39
116900249,469,80,389
116900250,353,39,314
116900251,363,622,-259
116900252,154,500,-346
116900253,152,53,99
116900254,67,77,-10
116900255,88,97,-9
116900256,434,100,334
116900257,21,322,-301
116900258,1,96,-95
116900259,328,8,320
116900260,2,54,-52
116900261,87,2,85
116900262,118,101,17
116900263,0,17,-17
116900264,0,6,-6
116900265,51,0,51
116900266,36,10,26
116900267,3,2,1
116900268,230,141,89
116900269,262,573,-311
116900271,741,324,417
116900272,239,232,7
116900273,127,111,16
116900274,146,34,112
116900275,192,60,132
116900276,580,199,381
116900277,328,44,284
116900278,4,9,-5
116900279,2,5,-3
116900280,33,13,20
116900281,3256,5037,-1781
116900282,2,64,-62
116900283,14,56,-42
116900284,9,150,-141
116900285,155,188,-33
116900286,131,22,109
116900287,1,16,-15
116900288,113,71,42
116900289,11,10,1
116900290,20,9,11
116900291,39,6,33
116900292,0,15,-15
116900293,87,28,59
116900294,22,115,-93
116900295,122,112,10
116900296,46,105,-59
116900297,7,84,-77
116900298,64,64,0
116900299,25,55,-30
116900300,7,129,-122
116900301,43,132,-89
116900302,27,60,-33
116900303,88,72,16
116900304,0,159,-159
116900305,16,38,-22
116900306,214,41,173
117000001,2399,1831,568
117000002,1723,3445,-1722
117000003,6620,3366,3254
117000004,2748,4230,-1482
117000005,3016,2006,1010
117000006,1225,2252,-1027
117000007,4822,1253,3569
117000008,774,2470,-1696
117000009,4722,1932,2790
117000010,2009,2732,-723
117000011,2454,1491,963
117000012,1174,840,334
117000013,1980,671,1309
117000014,1246,1883,-637
117000015,2389,1268,1121
117000016,249,159,90
117000017,112,94,18
117000018,132,719,-587
117000019,58,2,56
117000020,337,1811,-1474
117000021,927,438,489
117000022,209,157,52
117000023,85,200,-115
117000024,205,276,-71
117000025,292,1041,-749
117000026,1639,1614,25
117000027,1131,3915,-2784
117000028,1255,2107,-852
117000030,261,388,-127
117000031,354,326,28
117000032,1342,1076,266
117000033,1151,674,477
117000034,534,237,297
117000035,410,351,59
117000036,378,257,121
117000037,333,202,131
117000038,165,537,-372
117000039,433,170,263
117000040,238,678,-440
117000041,1244,165,1079
117000044,6,400,-394
117000045,479,112,367
117000046,340,1080,-740
117000047,1530,645,885
117000048,1517,571,946
117000049,90,499,-409
117000050,114,1148,-1034
117000051,2583,66,2517
117000052,62,168,-106
117000053,642,36,606
117000054,1888,10,1878
117000055,6,1608,-1602
117000056,697,23,674
117000057,374,1693,-1319
117000060,459,942,-483
117000061,2250,982,1268
117000062,264,564,-300
117000063,1904,988,916
117000064,422,483,-61
117000066,609,875,-266
117000067,95,724,-629
117000074,88,158,-70
117000076,44,37,7
117000077,117,205,-88
117000078,89,461,-372
117000079,457,235,222
117000080,0,218,-218
117000081,1005,117,888
117000082,12,71,-59
117000083,100,9,91
117000084,141,4,137
117000085,278,753,-475
117000086,718,307,411
117000087,83,462,-379
117000088,230,126,104
117000089,2004,197,1807
117000090,296,841,-545
117000091,1064,253,811
117000092,375,877,-502
117000093,1633,737,896
117000094,1168,1990,-822
117000095,3980,787,3193
117000096,624,1634,-1010
117000097,1853,853,1000
117000098,1904,2663,-759
117000099,4376,1110,3266
117000100,210,372,-162
117000101,191,717,-526
117000102,2200,572,1628
117000103,551,1159,-608
117000104,1704,638,1066
117000105,707,993,-286
117000106,1619,807,812
117000107,524,1224,-700
117000108,2268,1028,1240
117000109,1115,1874,-759
117000110,1909,1387,522
117000111,3362,3353,9
117000112,3672,1282,2390
117000113,159,123,36
117000114,221,107,114
117000115,67,67,0
117000116,171,147,24
117000117,1313,1133,180
117000118,234,99,135
117000119,156,207,-51
117000120,108,579,-471
117000121,44,856,-812
117000122,309,709,-400
117000123,1390,37,1353
117000124,163,109,54
117000125,109,158,-49
117000126,46,12,34
117000127,133,282,-149
117000128,231,717,-486
117000129,212,846,-634
117000130,151,0,151
117000131,0,114,-114
117000132,3218,47,3171
117000133,2210,14,2196
117000134,0,66,-66
117000135,0,78,-78
117000136,1,22,-21
117000137,125,182,-57
117000138,2,554,-552
117000140,402,1036,-634
117000141,2148,574,1574
117000181,336,160,176
117000182,596,804,-208
117000195,160,549,-389
117000196,346,185,161
117000225,77,72,5
117000226,4,114,-110
117000276,364,24,340
117000277,1,139,-138
117000310,1322,1954,-632
117000315,34,589,-555
117000320,75,0,75
117000906,424,8,416
117000907,19,200,-181
117000908,7,81,-74
117000909,41,49,-8
117000910,185,178,7
117000911,103,128,-25
117000915,4,230,-226
117000916,60,0,60
117000917,1488,31,1457
117000918,112,44,68
117000919,2,28,-26
117000920,1,711,-710
117000921,0,535,-535
117000922,28,82,-54
117000924,399,689,-290
117000926,510,133,377
117000927,534,963,-429
117000928,1,71,-70
117000929,265,144,121
117000930,259,14,245
117000931,89,135,-46
117900002,64,335,-271
117900003,450,432,18
117900005,2,71,-69
117900006,1,141,-140
117900007,121,83,38
117900008,0,20,-20
117900010,265,63,202
117900011,25,134,-109
117900012,82,50,32
117900013,3,107,-104
117900014,476,74,402
117900015,5,40,-35
117900016,812,914,-102
117900017,588,184,404
117900018,114,125,-11
117900019,623,202,421
117900020,81,545,-464
117900021,18,36,-18
117900022,41,8,33
117900023,683,104,579
117900024,44,28,16
117900025,27,12,15
117900026,414,139,275
117900028,38,5,33
117900029,292,305,-13
117900030,548,250,298
117900031,127,111,16
117900032,1119,645,474
117900033,364,295,69
117900034,36,27,9
117900035,219,102,117
117900036,226,226,0
117900037,186,61,125
117900038,21,160,-139
117900039,1,26,-25
117900040,119,217,-98
117900041,2,46,-44
117900042,2758,278,2480
117900043,20,31,-11
117900044,54,3160,-3106
117900045,140,137,3
117900048,433,178,255
117900049,238,360,-122
117900050,3,139,-136
117900051,17,2,15
117900052,53,435,-382
117900053,1977,388,1589
117900054,0,16,-16
117900055,471,187,284
117900056,92,58,34
117900057,789,829,-40
117900058,23,34,-11
117900059,183,83,100
117900060,2979,2949,30
117900061,12,266,-254
117900063,351,146,205
117900065,492,770,-278
117900066,12,72,-60
117900067,545,106,439
117900069,707,191,516
117900070,132,52,80
117900071,81,90,-9
117900073,595,215,380
117900074,75,104,-29
117900075,66,64,2
117900076,29,46,-17
117900077,503,117,386
117900078,372,833,-461
117900080,115,26,89
117900081,340,357,-17
117900082,460,345,115
117900083,435,256,179
117900086,141,21,120
117900087,178,37,141
117900088,2214,1572,642
117900089,2428,753,1675
117900090,362,254,108
117900091,66,95,-29
117900092,103,17,86
117900093,124,24,100
117900094,34,26,8
117900095,310,265,45
117900096,133,214,-81
117900097,368,80,288
117900098,29,14,15
117900099,143,142,1
117900100,372,1,371
117900101,421,1949,-1528
117900102,83,32,51
117900103,64,4,60
117900104,23,155,-132
117900105,81,141,-60
117900106,110,47,63
117900107,47,1,46
117900109,716,370,346
117900110,143,2,141
117900111,433,45,388
117900112,69,7,62
117900113,1445,1687,-242
117900114,27,0,27
117900115,104,83,21
117900116,708,705,3
117900117,690,251,439
117900118,97,2,95
117900119,200,85,115
117900120,281,41,240
117900121,228,123,105
117900122,1046,4257,-3211
117900123,650,315,335
117900124,602,508,94
117900125,1626,1944,-318
117900126,201,367,-166
117900127,432,227,205
117900128,371,393,-22
117900129,115,4,111
117900130,746,346,400
117900131,3,116,-113
117900132,8,75,-67
117900133,11,77,-66
117900134,81,273,-192
117900135,20,124,-104
117900136,0,21,-21
117900137,38,133,-95
117900138,0,17,-17
117900139,95,55,40
117900140,2239,320,1919
117900141,130,156,-26
117900142,96,46,50
117900144,63,414,-351
117900145,20,40,-20
117900146,175,224,-49
117900147,57,35,22
117900148,1895,1703,192
117900149,103,82,21
117900150,21,20,1
117900151,37,59,-22
117900152,54,57,-3
117900153,20,101,-81
117900154,388,347,41
117900156,748,581,167
117900157,80,450,-370
117900158,347,128,219
117900160,835,803,32
117900161,1600,1299,301
117900162,604,371,233
117900163,35,191,-156
117900165,1,6,-5
117900166,93,575,-482
117900168,116,161,-45
117900169,0,74,-74
117900170,0,17,-17
117900171,1,7,-6
117900172,9,14,-5
117900173,109,96,13
117900174,14,65,-51
117900175,12,21,-9
117900176,8,15,-7
117900177,24,20,4
117900178,103,41,62
117900180,198,48,150
117900181,44,344,-300
117900182,3,43,-40
117900183,75,128,-53
117900184,10,54,-44
117900185,49,45,4
117900186,53,5,48
117900187,17,12,5
117900188,198,32,166
117900189,63,18,45
117900190,11,1,10
117900191,79,5,74
117900192,201,0,201
117900193,0,17,-17
117900194,16,2,14
117900195,14,65,-51
117900196,25,29,-4
117900207,127,120,7
117900208,17,33,-16
117900209,152,129,23
117900210,139,180,-41
117900211,7,146,-139
117900212,126,171,-45
117900213,29,7,22
117900214,4,18,-14
117900215,28,42,-14
117900216,26,25,1
117900217,32,282,-250
117900218,91,105,-14
117900219,9,116,-107
117900220,69,96,-27
117900222,185,177,8
117900223,108,239,-131
118000001,694,1183,-489
118000002,526,1319,-793
118000003,2018,3671,-1653
118000004,2018,1796,222
118000005,2919,5706,-2787
118000006,2796,8238,-5442
118000007,4321,4285,36
118000008,2280,3223,-943
118000009,1456,2683,-1227
118000010,6217,3727,2490
118000011,1575,2035,-460
118000012,999,1375,-376
118000013,2032,1688,344
118000014,1653,1384,269
118000016,234,194,40
118000017,456,369,87
118000018,340,249,91
118000019,1578,1419,159
118000020,833,3300,-2467
118000021,590,3062,-2472
118000022,1182,885,297
118000023,566,255,311
118000024,857,1286,-429
118000027,8562,12408,-3846
118000029,650,820,-170
118000032,539,3550,-3011
118000033,2507,6759,-4252
118000034,3689,2470,1219
118000035,1683,2794,-1111
118000036,779,1149,-370
118000037,584,768,-184
118000038,200,68,132
118000039,90,189,-99
118000040,1464,954,510
118000041,2294,1031,1263
118000045,481,184,297
118000046,841,684,157
118000047,638,1188,-550
118000048,1957,1862,95
118000051,1785,1745,40
118000052,1171,1027,144
118000053,314,484,-170
118000054,1405,711,694
118000055,1149,1082,67
118000056,134,487,-353
118000057,179,327,-148
118000058,3242,2288,954
118000059,1708,1418,290
118000060,1273,415,858
118000061,1181,1036,145
118000062,514,398,116
118000063,378,834,-456
118000064,780,1083,-303
118000065,2324,2153,171
118000066,965,1667,-702
118000067,508,645,-137
118000068,1145,4807,-3662
118000069,1711,925,786
118000070,3719,1705,2014
118000071,2488,6525,-4037
118000072,1047,1428,-381
118000073,774,787,-13
118000074,473,256,217
118000075,530,238,292
118000076,1692,2682,-990
118000077,995,1079,-84
118000078,1580,2327,-747
118000079,216,502,-286
118000080,902,805,97
118000081,1622,1271,351
118000082,274,1064,-790
118000083,1331,1536,-205
118000084,2759,1843,916
118000086,225,458,-233
118000087,3041,2269,772
118000088,1339,1435,-96
118000089,3080,2270,810
118000090,1034,2639,-1605
118000091,946,2870,-1924
118000092,854,572,282
118000093,83,759,-676
118000096,517,622,-105
118000097,750,667,83
118000098,259,134,125
118000099,888,553,335
118000101,1349,320,1029
118000102,532,812,-280
118000107,1089,389,700
118000108,551,2336,-1785
118000110,0,30,-30
118000111,0,139,-139
118000112,677,5,672
118000113,3,271,-268
118000114,491,9,482
118000115,4,10,-6
118000116,31,0,31
118000117,869,577,292
118000118,871,1111,-240
118000119,801,1123,-322
118000120,1253,964,289
118000121,71,553,-482
118000122,1051,325,726
118000123,56,248,-192
118000125,1116,770,346
118000126,669,1497,-828
118000127,1104,674,430
118000128,388,804,-416
118000129,953,362,591
118000130,1503,2013,-510
118000131,240,376,-136
118000132,2638,2007,631
118000133,1056,348,708
118000135,537,423,114
118000136,118,355,-237
118000137,465,104,361
118000138,396,386,10
118000139,560,93,467
118000140,2268,5059,-2791
118000141,2197,1427,770
118000142,1835,1271,564
118000143,2320,1162,1158
118000144,915,545,370
118000145,1617,1060,557
118000146,1343,504,839
118000147,1040,910,130
118000148,480,1005,-525
118000149,1030,747,283
118000150,517,225,292
118000151,553,395,158
118000153,1455,1091,364
118000154,1251,1327,-76
118000155,1691,1329,362
118000156,1981,2312,-331
118000157,639,357,282
118000158,209,440,-231
118000159,42,106,-64
118000160,567,414,153
118000161,646,525,121
118000162,1843,814,1029
118000163,867,839,28
118000164,1677,1313,364
118000168,652,805,-153
118000169,766,769,-3
118000170,2887,3008,-121
118000171,322,363,-41
118000172,92,226,-134
118000173,844,1368,-524
118000175,314,495,-181
118000176,309,621,-312
118000177,288,785,-497
118000178,38,40,-2
118000179,1011,1751,-740
118000180,834,790,44
118000181,707,362,345
118000182,270,250,20
118000183,198,300,-102
118000184,1054,598,456
118000185,1084,1533,-449
118000186,839,1284,-445
118000187,1573,457,1116
118000188,649,103,546
118000189,743,338,405
118000190,7,14,-7
118000191,14,26,-12
118000192,30,93,-63
118000193,22,191,-169
118000194,887,736,151
118000195,370,1169,-799
118000196,218,198,20
118000197,117,135,-18
118000198,371,679,-308
118000199,473,361,112
118000200,60,209,-149
118000201,342,536,-194
118000202,66,79,-13
118000203,558,673,-115
118000204,84,411,-327
118000205,86,301,-215
118000206,164,176,-12
118000207,0,35,-35
118000208,1364,1257,107
118000209,2080,1010,1070
118000210,58,37,21
118000211,30,31,-1
118000213,699,1955,-1256
118000214,458,636,-178
118000215,285,91,194
118000216,2513,1329,1184
118000217,21,73,-52
118000218,127,92,35
118000219,404,223,181
118000220,2,31,-29
118000221,330,307,23
118000222,57,11,46
118000223,30,40,-10
118000224,150,69,81
118000225,96,442,-346
118000226,912,177,735
118000227,427,375,52
118000228,97,301,-204
118000229,87,128,-41
118000230,126,164,-38
118000231,108,188,-80
118000232,901,502,399
118000233,1244,583,661
118000234,455,129,326
118000236,283,246,37
118000237,104,213,-109
118000238,260,104,156
118000239,297,263,34
118000240,181,136,45
118000241,166,115,51
118000242,390,346,44
118000243,305,151,154
118000244,72,76,-4
118000246,3,31,-28
118000255,50,221,-171
118000256,158,142,16
118000259,4,43,-39
118000260,222,91,131
118000261,36,27,9
118000263,76,174,-98
118000266,104,203,-99
118000267,0,122,-122
118000268,252,13,239
118000270,103,16,87
118000271,157,148,9
118000272,93,53,40
118000273,162,52,110
118000274,96,242,-146
118000276,501,308,193
118000295,20,130,-110
118000298,173,196,-23
118000299,73,68,5
118000301,2,43,-41
118000302,108,43,65
118000311,734,69,665
118000312,375,143,232
118000313,67,95,-28
118000314,90,29,61
118000315,64,24,40
118000316,677,377,300
118000325,45,21,24
118000326,55,23,32
118000331,54,30,24
118000332,15,8,7
118000333,23,32,-9
118000335,376,1,375
118000336,0,107,-107
118000407,211,56,155
118000457,5,29,-24
118000465,1389,3551,-2162
118000480,37,38,-1
118000489,12,401,-389
118000490,4,124,-120
118000492,321,170,151
118000510,34,34,0
118000514,91,218,-127
118000515,617,670,-53
118000517,264,152,112
118000524,203,354,-151
118000525,547,656,-109
118000530,43,62,-19
118000531,318,258,60
118000532,278,191,87
118000533,292,118,174
118000534,640,358,282
118000535,286,111,175
118000536,238,1577,-1339
118000537,38,207,-169
118000538,32,88,-56
118000539,13,69,-56
118000540,328,141,187
118000541,223,62,161
118000542,134,172,-38
118000543,181,235,-54
118000546,66,22,44
118000553,0,1,-1
118000557,0,0,0
118000560,1487,2405,-918
118000562,36,109,-73
118000563,1240,887,353
118000576,178,93,85
118000577,133,86,47
118000578,113,69,44
118000579,411,1067,-656
118000583,0,0,0
118000595,268,81,187
118000596,0,55,-55
118000597,128,59,69
118000598,2,0,2
118000599,84,57,27
118000600,5,8,-3
118000601,7,0,7
118000602,0,6,-6
118000603,1,17,-16
118900001,370,1176,-806
118900002,789,951,-162
118900003,592,23,569
118900004,52,24,28
118900005,77,7,70
118900006,147,13,134
118900007,4,4,0
118900008,1519,95,1424
118900009,58,64,-6
118900010,75,5,70
118900011,185,39,146
118900012,396,219,177
118900013,358,267,91
118900015,316,100,216
118900016,10,4,6
118900017,178,302,-124
118900018,786,59,727
118900019,56,17,39
118900020,129,141,-12
118900021,157,315,-158
118900022,147,121,26
118900023,139,77,62
118900024,128,111,17
118900025,48,22,26
118900026,71,61,10
118900027,384,161,223
118900028,225,130,95
118900029,300,286,14
118900030,445,35,410
118900031,165,77,88
118900032,189,127,62
118900033,416,374,42
118900034,171,19,152
118900035,139,115,24
118900036,1178,637,541
118900037,357,316,41
118900038,454,110,344
118900039,596,133,463
118900040,247,200,47
118900041,657,111,546
118900042,209,84,125
118900045,273,169,104
118900046,684,426,258
118900047,399,223,176
118900048,154,268,-114
118900049,51,38,13
118900050,44,33,11
118900051,52,57,-5
118900052,285,223,62
118900053,32,94,-62
118900054,119,40,79
118900055,132,53,79
118900056,36,359,-323
118900057,933,448,485
118900058,414,305,109
118900059,11,92,-81
118900060,46,105,-59
118900062,354,119,235
118900064,312,606,-294
118900065,48,115,-67
118900066,64,89,-25
118900067,2749,4059,-1310
118900068,11,178,-167
118900069,546,215,331
118900071,8,50,-42
118900072,422,284,138
118900073,211,70,141
118900074,200,82,118
118900075,60,25,35
118900076,240,141,99
118900077,222,152,70
118900078,27,7,20
118900079,48,126,-78
118900080,45,75,-30
118900081,116,26,90
118900082,911,135,776
118900083,61,7,54
118900084,12,8,4
118900085,700,517,183
118900086,31,126,-95
118900087,21,249,-228
118900088,6,4,2
118900089,41,20,21
118900090,663,265,398
118900091,133,258,-125
118900092,176,46,130
118900093,139,21,118
118900096,41,18,23
118900097,322,383,-61
118900099,141,265,-124
118900100,101,172,-71
118900101,167,235,-68
118900102,40,51,-11
118900103,65,141,-76
118900104,342,127,215
118900105,177,104,73
118900107,104,38,66
118900108,118,73,45
118900110,1085,860,225
118900111,557,341,216
118900112,90,138,-48
118900113,88,246,-158
118900114,29,63,-34
118900115,113,375,-262
118900116,171,261,-90
118900117,121,170,-49
118900118,337,214,123
118900119,122,136,-14
118900120,92,256,-164
118900121,26,106,-80
118900122,9,1231,-1222
118900123,165,180,-15
118900124,98,105,-7
118900126,16,452,-436
118900129,241,212,29
118900130,85,247,-162
118900131,194,128,66
118900132,302,205,97
118900133,11,91,-80
118900135,252,182,70
118900136,195,343,-148
118900137,4,36,-32
118900139,207,190,17
118900140,469,417,52
118900141,77,77,0
118900144,132,254,-122
118900145,22,90,-68
118900146,421,502,-81
118900147,204,145,59
118900148,111,54,57
118900150,114,488,-374
118900152,659,501,158
118900157,58,146,-88
118900158,128,31,97
118900159,1,90,-89
118900161,71,7,64
118900163,66,64,2
118900164,0,60,-60
118900165,83,84,-1
118900166,46,3,43
118900167,98,140,-42
118900168,21,194,-173
118900169,159,132,27
118900170,225,48,177
118900171,49,32,17
118900174,62,37,25
118900175,472,488,-16
118900176,152,225,-73
118900177,72,32,40
118900178,60,129,-69
118900179,2,18,-16
118900181,104,96,8
118900182,74,42,32
118900183,24,147,-123
118900184,295,144,151
118900185,129,51,78
118900186,99,96,3
118900187,250,264,-14
118900188,328,257,71
118900189,45,1042,-997
118900190,19,190,-171
118900191,212,29,183
118900192,236,7,229
118900193,627,3,624
118900195,209,416,-207
118900196,36,132,-96
118900197,206,37,169
118900198,28,12,16
118900199,101,19,82
118900200,26,16,10
118900201,31,37,-6
118900202,20,50,-30
118900203,16,13,3
118900204,27,23,4
118900205,1,13,-12
118900206,5,15,-10
119000001,1407,2483,-1076
119000002,4292,4992,-700
119000003,2960,718,2242
119000004,2488,1301,1187
119000005,1789,1971,-182
119000006,2724,1266,1458
119000007,3242,3052,190
119000008,1766,1267,499
119000009,3082,4947,-1865
119000010,5006,4002,1004
119000011,2683,2686,-3
119000012,1575,3309,-1734
119000013,2690,1698,992
119000014,1308,2049,-741
119000019,224,138,86
119000020,2032,1268,764
119000021,4970,2519,2451
119000022,1677,2717,-1040
119000023,257,212,45
119000024,1444,11827,-10383
119000025,3629,1071,2558
119000026,85,449,-364
119000027,129,369,-240
119000028,1402,562,840
119000029,72,276,-204
119000030,527,662,-135
119000031,869,519,350
119000032,2178,1989,189
119000033,2232,1052,1180
119000034,1064,608,456
119000035,27,201,-174
119000036,2199,558,1641
119000037,1248,885,363
119000038,132,427,-295
119000039,435,269,166
119000040,639,579,60
119000041,550,1029,-479
119000048,2072,1625,447
119000049,1848,1318,530
119000050,1270,1207,63
119000051,1680,818,862
119000052,1332,2176,-844
119000053,1529,1019,510
119000054,3050,1801,1249
119000055,4986,2238,2748
119000056,2950,1648,1302
119000057,1604,1337,267
119000058,1805,1214,591
119000059,1095,1136,-41
119000060,1713,982,731
119000061,999,584,415
119000062,1110,1112,-2
119000063,625,413,212
119000064,759,860,-101
119000065,1599,2819,-1220
119000066,2460,1038,1422
119000067,1602,1346,256
119000068,1661,807,854
119000069,1441,1426,15
119000070,3015,660,2355
119000071,317,516,-199
119000072,3826,2431,1395
119000073,3738,6442,-2704
119000074,1362,1348,14
119000075,3016,1763,1253
119000076,227,687,-460
119000077,567,427,140
119000078,380,138,242
119000079,230,442,-212
119000080,531,106,425
119000081,326,299,27
119000082,897,123,774
119000083,693,352,341
119000084,246,314,-68
119000085,478,142,336
119000086,286,386,-100
119000087,1107,578,529
119000088,353,161,192
119000089,53,158,-105
119000090,131,94,37
119000091,93,349,-256
119000092,273,122,151
119000093,2909,1902,1007
119000094,3355,4125,-770
119000095,2079,2183,-104
119000097,1743,962,781
119000098,892,3104,-2212
119000099,2188,1146,1042
119000100,4381,3139,1242
119000101,3889,1380,2509
119000102,773,1161,-388
119000103,1410,559,851
119000104,1665,1046,619
119000105,1011,2345,-1334
119000106,330,732,-402
119000107,1231,564,667
119000108,386,512,-126
119000109,167,617,-450
119000110,394,679,-285
119000111,40,574,-534
119000112,157,122,35
119000113,1297,316,981
119000114,993,1037,-44
119000115,147,135,12
119000116,97,87,10
119000117,195,306,-111
119000118,6,0,6
119000123,3781,1655,2126
119000124,854,183,671
119000125,4079,474,3605
119000126,1499,444,1055
119000127,634,325,309
119000128,34,0,34
119000131,1067,413,654
119000132,0,2,-2
119000133,3,22,-19
119000134,1463,450,1013
119000135,213,159,54
119000136,288,101,187
119000137,288,197,91
119000138,568,166,402
119000139,238,122,116
119000140,447,298,149
119000284,990,2247,-1257
119000285,1712,1509,203
119000286,4727,4045,682
119000287,1080,1428,-348
119000288,1877,767,1110
119000289,1237,1636,-399
119000290,202,236,-34
119000291,5,122,-117
119000293,84,129,-45
119000294,50,26,24
119000295,947,245,702
119000296,246,126,120
119000299,0,0,0
119000302,1259,1070,189
119000303,30,134,-104
119000314,1254,10193,-8939
119000315,1,184,-183
119000316,209,51,158
119000317,121,124,-3
119900001,257,1416,-1159
119900002,123,224,-101
119900003,51,517,-466
119900004,209,1519,-1310
119900005,226,96,130
119900006,240,370,-130
119900007,1073,288,785
119900008,85,50,35
119900009,623,467,156
119900010,937,923,14
119900011,25,123,-98
119900012,15,126,-111
119900013,1825,1285,540
119900014,386,197,189
119900015,187,31,156
119900016,50,55,-5
119900017,68,38,30
119900018,1467,1067,400
119900019,63,5,58
119900020,188,196,-8
119900021,197,90,107
119900022,82,1018,-936
119900023,416,1876,-1460
119900025,233,25,208
119900026,620,138,482
119900027,22,21,1
119900028,256,154,102
119900029,5,7,-2
119900030,573,355,218
119900031,62,492,-430
119900033,1751,373,1378
119900034,657,68,589
119900037,225,13,212
119900038,40,417,-377
119900039,56,16,40
119900040,75,8,67
119900041,182,21,161
119900042,140,112,28
119900043,92,86,6
119900044,241,1016,-775
119900046,197,36,161
119900047,368,119,249
119900048,47,26,21
119900049,146,5,141
119900050,95,154,-59
119900051,766,45,721
119900052,75,21,54
119900053,267,135,132
119900054,175,9,166
119900055,1507,463,1044
119900057,328,38,290
119900058,291,4,287
119900059,100,35,65
119900060,380,40,340
119900062,91,18,73
119900063,9,44,-35
119900065,238,12,226
119900066,1,0,1
119900067,120,21,99
119900068,645,1,644
119900069,165,28,137
119900070,1228,4,1224
119900071,924,29,895
119900073,1162,533,629
119900074,29,39,-10
119900075,2593,2227,366
119900076,819,206,613
119900077,1127,498,629
119900078,665,655,10
119900079,408,135,273
119900080,1602,853,749
119900081,394,74,320
119900082,1879,155,1724
119900083,349,99,250
119900084,546,315,231
119900085,69,46,23
119900087,763,508,255
119900088,31,36,-5
119900089,49,348,-299
119900090,124,50,74
119900091,64,457,-393
119900092,116,280,-164
119900093,1183,219,964
119900094,69,167,-98
119900095,180,138,42
119900096,24,86,-62
119900097,414,161,253
119900098,38,40,-2
119900099,38,110,-72
119900100,1179,2512,-1333
119900101,163,1260,-1097
119900102,42,163,-121
119900103,38,210,-172
119900104,78,119,-41
119900105,981,2958,-1977
119900106,3,96,-93
119900107,242,1439,-1197
119900108,3027,605,2422
119900109,21,112,-91
119900110,687,415,272
119900111,136,187,-51
119900112,863,529,334
119900113,46,176,-130
119900114,331,635,-304
119900115,410,606,-196
119900116,196,411,-215
119900117,356,374,-18
119900118,149,437,-288
119900119,269,156,113
119900120,567,450,117
119900121,503,523,-20
119900122,268,230,38
119900123,223,262,-39
119900124,218,505,-287
119900125,54,213,-159
119900126,2792,362,2430
119900127,1291,821,470
119900128,530,373,157
119900129,298,233,65
119900130,7,162,-155
119900131,42,158,-116
119900132,4,125,-121
119900133,49,82,-33
119900134,834,182,652
119900135,0,215,-215
119900136,170,199,-29
119900138,308,437,-129
119900139,27,150,-123
119900140,9,112,-103
119900141,79,814,-735
119900142,14,33,-19
119900143,31,144,-113
119900144,1033,205,828
119900145,75,83,-8
119900146,195,160,35
119900147,3,174,-171
119900148,306,63,243
119900149,670,5063,-4393
119900150,141,132,9
119900151,1350,780,570
119900152,122,222,-100
119900153,216,62,154
119900154,60,158,-98
119900155,42,30,12
119900156,29,6,23
119900157,206,119,87
119900158,247,58,189
119900159,0,690,-690
119900160,45,100,-55
119900161,186,117,69
119900162,1042,1072,-30
119900163,107,152,-45
119900164,1,3,-2
119900165,164,84,80
119900166,119,39,80
119900167,67,63,4
119900168,1029,459,570
119900169,62,285,-223
119900170,164,197,-33
119900171,1043,273,770
119900172,113,30,83
119900173,6,227,-221
119900174,6,85,-79
119900175,1703,548,1155
119900177,19,96,-77
119900178,7,113,-106
119900179,117,606,-489
119900180,1189,746,443
119900181,70,108,-38
119900182,4,214,-210
119900183,130,414,-284
119900184,1231,347,884
119900185,90,252,-162
119900186,30,1157,-1127
119900187,15,235,-220
119900188,162,267,-105
119900189,356,440,-84
119900190,63,321,-258
119900191,275,267,8
119900192,73,143,-70
119900193,540,174,366
119900194,43,79,-36
119900195,62,147,-85
119900196,741,334,407
119900197,303,208,95
119900198,189,156,33
119900199,160,29,131
119900200,702,620,82
119900201,259,163,96
119900202,105,328,-223
119900203,176,523,-347
119900204,384,253,131
119900205,998,304,694
119900206,304,152,152
119900208,206,177,29
119900209,599,1682,-1083
119900210,49,34,15
119900211,63,8,55
119900212,332,242,90
119900213,10,60,-50
119900214,38,41,-3
119900215,73,46,27
119900216,34,46,-12
119900217,22,45,-23
119900218,14,53,-39
119900219,10,54,-44
119900220,2,53,-51
119900221,22,166,-144
119900222,15,101,-86
119900223,12,28,-16
119900224,22,17,5
119900225,553,42,511
119900226,341,2012,-1671
119900227,552,254,298
119900228,88,193,-105
119900229,311,372,-61
119900230,1034,402,632
119900231,333,127,206
119900232,196,100,96
119900233,86,8,78
119900234,49,99,-50
119900235,12,47,-35
119900236,20,167,-147
119900237,56,577,-521
119900238,3,86,-83
119900240,100,90,10
119900241,128,157,-29
119900242,1302,1549,-247
119900244,600,1156,-556
119900245,156,161,-5
119900246,343,630,-287
119900247,40,130,-90
119900248,82,295,-213
119900249,202,133,69
119900253,1338,372,966
119900254,132,852,-720
119900255,153,606,-453
119900256,989,624,365
119900257,183,11,172
119900258,300,17,283
119900259,8,74,-66
119900260,171,15,156
119900261,331,131,200
119900262,1,133,-132
119900263,1111,280,831
119900264,146,95,51
119900265,450,298,152
119900266,473,168,305
119900267,270,333,-63
119900268,245,99,146
119900269,1028,654,374
119900271,31,102,-71
119900272,434,296,138
119900275,181,46,135
119900276,87,3,84
119900277,10,7,3
119900278,194,119,75
119900279,155,308,-153
119900280,491,118,373
119900281,1,290,-289
119900282,75,172,-97
119900283,27,113,-86
119900284,52,176,-124
119900285,21,62,-41
119900286,2,16,-14
119900288,3,14,-11
119900289,0,23,-23
119900290,6,10,-4
119900291,2,85,-83
119900292,58,57,1
119900293,23,9,14
119900294,42,0,42
119900295,0,0,0
119900296,0,0,0
119900299,81,94,-13
119900300,240,117,123
119900301,109,187,-78
119900302,194,132,62
119900303,349,134,215
119900304,167,33,134
119900305,4,62,-58
119900306,35,5,30
119900307,72,43,29
119900308,9,28,-19
119900309,44,172,-128
119900310,241,180,61
119900311,130,54,76
119900312,153,59,94
119900313,312,191,121
119900314,240,404,-164
119900315,2625,1449,1176
119900318,21,49,-28
119900319,2,186,-184
119900320,397,460,-63
119900321,139,12,127
119900322,16,84,-68
119900323,2,98,-96
119900324,4,39,-35
119900325,258,227,31
119900326,38,66,-28
120000001,7187,17599,-10412
120000002,2376,2012,364
120000003,2371,1217,1154
120000004,2151,1260,891
120000005,2727,1530,1197
120000006,1064,958,106
120000007,2551,2914,-363
120000008,797,1138,-341
120000009,1794,843,951
120000010,1726,1808,-82
120000011,823,1084,-261
120000012,1573,1794,-221
120000013,2998,2204,794
120000014,676,1218,-542
120000015,2338,1249,1089
120000016,3843,2000,1843
120000017,3053,3016,37
120000018,2849,13128,-10279
120000019,965,1500,-535
120000020,2510,3128,-618
120000021,1470,2218,-748
120000022,2332,3497,-1165
120000023,1065,1359,-294
120000024,1211,2068,-857
120000025,2466,1465,1001
120000026,2518,1446,1072
120000027,2189,1865,324
120000028,714,1757,-1043
120000029,1554,1557,-3
120000030,386,828,-442
120000031,2077,4860,-2783
120000032,5573,3223,2350
120000033,4501,1493,3008
120000034,2435,1149,1286
120000035,2443,1543,900
120000036,3037,4841,-1804
120000037,629,1476,-847
120000038,3818,3285,533
120000039,658,715,-57
120000040,105,535,-430
120000041,873,953,-80
120000042,1750,1542,208
120000043,4431,1130,3301
120000044,5665,1410,4255
120000045,6627,917,5710
120000046,3967,2622,1345
120000047,643,6080,-5437
120000048,5584,3692,1892
120000049,3470,2488,982
120000050,3658,2787,871
120000051,2379,3735,-1356
120000052,5787,1963,3824
120000053,1245,1360,-115
120000054,1337,2593,-1256
120000055,1566,3329,-1763
120000056,4191,3098,1093
120000057,3512,944,2568
120000058,1645,1456,189
120000059,15,1618,-1603
120000061,166,379,-213
120000062,139,243,-104
120000063,1048,1746,-698
120000064,184,724,-540
120000065,497,963,-466
120000066,227,474,-247
120000067,67,345,-278
120000068,237,466,-229
120000069,571,473,98
120000070,96,419,-323
120000071,726,67,659
120000072,1050,336,714
120000073,1051,109,942
120000074,141,94,47
120000075,1053,287,766
120000076,2667,405,2262
120000077,2158,671,1487
120000078,3129,1262,1867
120000079,310,154,156
120000080,174,170,4
120000081,382,115,267
120000082,239,206,33
120000083,67,598,-531
120000084,317,272,45
120000085,311,328,-17
120000086,239,346,-107
120000087,236,319,-83
120000088,786,944,-158
120000089,1093,534,559
120000090,681,421,260
120000091,1003,804,199
120000092,1219,535,684
120000093,604,384,220
120000094,186,713,-527
120000095,954,269,685
120000096,283,442,-159
120000098,951,603,348
120000099,477,581,-104
120000100,721,608,113
120000101,616,372,244
120000102,693,995,-302
120000103,1602,1009,593
120000104,2124,629,1495
120000105,3592,728,2864
120000106,2752,742,2010
120000107,4861,596,4265
120000108,1712,140,1572
120000109,1399,79,1320
120000110,68,646,-578
120000111,109,661,-552
120000112,647,1646,-999
120000113,505,1247,-742
120000114,824,1627,-803
120000115,291,1395,-1104
120000116,674,1317,-643
120000117,785,954,-169
120000118,38,58,-20
120000119,15,56,-41
120000120,115,106,9
120000121,14,49,-35
120000122,219,547,-328
120000123,2920,7334,-4414
120000124,457,262,195
120000125,686,525,161
120000126,366,982,-616
120000127,1838,1126,712
120000128,2222,3889,-1667
120000129,139,202,-63
120000130,668,433,235
120000131,471,586,-115
120000134,406,538,-132
120000135,791,447,344
120000137,298,621,-323
120000138,1334,309,1025
120000139,340,349,-9
120000140,1187,310,877
120000141,318,286,32
120000142,719,405,314
120000143,0,82,-82
120000144,166,5,161
120000145,507,2,505
120000146,805,919,-114
120000149,643,823,-180
120000150,1872,10418,-8546
120000151,424,419,5
120000152,688,154,534
120000153,276,402,-126
120000154,559,485,74
120000155,168,254,-86
120000156,486,1233,-747
120000157,1110,490,620
120000158,886,681,205
120000159,1680,2044,-364
120000160,2303,1638,665
120000161,2620,1971,649
120000162,74,285,-211
120000163,856,712,144
120000164,784,238,546
120000165,722,474,248
120000166,1645,367,1278
120000167,182,209,-27
120000168,9,706,-697
120000169,44,1979,-1935
120000170,44,1420,-1376
120000171,18,553,-535
120000172,16,371,-355
120000173,819,1815,-996
120000174,113,92,21
120000175,137,48,89
120000176,168,46,122
120000177,1040,99,941
120000178,40,12,28
120000179,149,45,104
120000180,466,83,383
120000181,143,1929,-1786
120000182,62,654,-592
120000183,7,371,-364
120000184,169,1679,-1510
120000186,29,956,-927
120000187,22,324,-302
120000188,73,552,-479
120000190,315,82,233
120000191,429,84,345
120000192,601,36,565
120000193,223,6,217
120000195,89,0,89
120000196,225,21,204
120000197,82,65,17
120000198,221,47,174
120000199,138,0,138
120000200,150,0,150
120000201,15,24,-9
120000202,1,41,-40
120000203,75,132,-57
120000207,3,29,-26
120000208,12,136,-124
120000209,7,25,-18
120000210,62,64,-2
120000211,260,6,254
120000212,302,0,302
120000213,197,165,32
120000214,1,186,-185
120000215,7,136,-129
120000216,171,26,145
120000217,428,909,-481
120000218,72,524,-452
120000219,1,259,-258
120000220,1,821,-820
120000225,2097,5,2092
120000226,478,8,470
120000227,1075,100,975
120000228,10265,4124,6141
120000230,506,25,481
120000231,1841,1429,412
120000233,415,10,405
120000235,359,473,-114
120000236,1054,3,1051
120000237,1,724,-723
120000238,0,1092,-1092
120000241,1211,4010,-2799
120000412,401,19,382
120000413,425,116,309
120000414,171,2,169
120000415,2,40,-38
120000416,131,1,130
120000417,2,73,-71
120000418,207,11,196
120000419,15,109,-94
120000420,25,12,13
120000421,6561,4530,2031
120000422,77,1317,-1240
120000423,0,79,-79
120000424,146,154,-8
120000436,122,759,-637
120000437,113,102,11
120000438,1420,190,1230
120000439,295,613,-318
120000443,225,1,224
120000444,1560,298,1262
120000445,1728,981,747
120000446,630,172,458
120000447,235,0,235
120000449,163,8,155
120000450,9,97,-88
120000451,136,259,-123
120000452,226,0,226
120000453,0,150,-150
120000454,53,54,-1
120000455,92,37,55
120000456,1955,3972,-2017
120000457,621,396,225
120000458,391,453,-62
120000459,96,67,29
120000665,844,206,638
120000668,145,1100,-955
120000669,120,132,-12
120000670,182,878,-696
120000671,1638,608,1030
120000672,65,424,-359
120900001,75,100,-25
120900002,309,737,-428
120900003,195,13,182
120900004,29,100,-71
120900005,30,521,-491
120900006,596,245,351
120900007,187,56,131
120900008,410,790,-380
120900009,609,23,586
120900010,614,145,469
120900011,140,227,-87
120900012,115,1602,-1487
120900013,403,212,191
120900014,4,280,-276
120900015,1072,77,995
120900016,1082,63,1019
120900017,1351,90,1261
120900018,165,254,-89
120900019,676,432,244
120900020,734,1739,-1005
120900021,890,296,594
120900022,32,247,-215
120900023,384,33,351
120900024,2218,407,1811
120900025,1074,1025,49
120900026,191,132,59
120900027,973,14,959
120900028,532,144,388
120900029,119,694,-575
120900030,1656,951,705
120900031,349,134,215
120900032,1488,89,1399
120900033,1228,109,1119
120900034,30,2613,-2583
120900035,33,63,-30
120900037,280,12,268
120900038,97,372,-275
120900039,161,69,92
120900040,470,6,464
120900041,91,32,59
120900042,839,36,803
120900043,83,55,28
120900044,17,301,-284
120900045,119,60,59
120900046,715,16,699
120900047,205,158,47
120900048,209,45,164
120900049,663,2,661
120900050,1162,1801,-639
120900051,436,65,371
120900052,957,7,950
120900053,475,68,407
120900054,1207,500,707
120900055,535,11,524
120900056,742,38,704
120900057,239,21,218
120900058,764,3,761
120900059,122,1,121
120900060,92,31,61
120900061,191,203,-12
120900062,367,21,346
120900063,791,9,782
120900064,849,0,849
120900065,796,2,794
120900066,392,177,215
120900067,163,79,84
120900068,437,1,436
120900069,333,21,312
120900071,35,0,35
120900072,1034,8,1026
120900073,762,67,695
120900074,1004,27,977
120900076,422,0,422
120900077,1781,291,1490
120900078,958,626,332
120900079,1067,67,1000
120900080,1134,856,278
120900081,1137,439,698
120900082,396,440,-44
120900083,118,2,116
120900084,481,579,-98
120900085,60,121,-61
120900086,108,423,-315
120900087,576,396,180
120900088,242,621,-379
120900089,1919,3450,-1531
120900090,432,71,361
120900091,703,1053,-350
120900092,849,354,495
120900093,1017,89,928
120900094,363,163,200
120900095,355,14,341
120900096,78,215,-137
120900097,752,430,322
120900098,193,129,64
120900099,74,91,-17
120900100,121,152,-31
120900101,427,148,279
120900102,44,91,-47
120900103,64,256,-192
120900104,12,67,-55
120900105,47,224,-177
120900106,1004,355,649
120900107,161,121,40
120900108,14,271,-257
120900109,52,408,-356
120900110,8,384,-376
120900111,199,254,-55
120900112,32,449,-417
120900113,33,521,-488
120900114,32,137,-105
120900115,150,285,-135
120900116,589,219,370
120900117,9,233,-224
120900118,35,469,-434
120900119,7146,3509,3637
120900120,118,357,-239
120900121,179,358,-179
120900122,777,262,515
120900123,2,169,-167
120900124,6,306,-300
120900125,6,357,-351
120900126,1262,707,555
120900127,11,237,-226
120900128,960,1175,-215
120900129,37,261,-224
120900130,1,228,-227
120900131,92,51,41
120900132,1237,135,1102
120900133,131,525,-394
120900134,576,285,291
120900135,10,377,-367
120900136,61,72,-11
120900137,292,76,216
120900138,18,186,-168
120900139,5,394,-389
120900140,6,91,-85
120900141,213,176,37
120900142,8,228,-220
120900143,3,513,-510
120900144,0,75,-75
120900145,268,503,-235
120900146,0,632,-632
120900147,4,467,-463
120900148,154,166,-12
120900149,0,147,-147
120900150,54,275,-221
120900151,0,368,-368
120900152,23,23,0
120900153,111,134,-23
120900154,2,137,-135
120900155,215,656,-441
120900156,105,208,-103
120900157,117,230,-113
120900158,96,428,-332
120900159,243,262,-19
120900160,45,541,-496
120900161,43,344,-301
120900162,98,694,-596
120900163,171,1440,-1269
120900164,5,97,-92
120900165,9,541,-532
120900166,171,633,-462
120900167,285,115,170
120900169,94,176,-82
120900170,594,3469,-2875
120900171,614,166,448
120900172,538,1711,-1173
120900173,0,32,-32
120900174,19,78,-59
120900175,167,134,33
120900176,20,361,-341
120900177,6,1455,-1449
120900178,0,577,-577
120900179,602,316,286
120900180,76,189,-113
120900181,119,22,97
120900182,25,311,-286
120900183,586,42,544
120900184,263,60,203
120900185,19,364,-345
120900186,0,254,-254
120900187,593,873,-280
120900188,257,15,242
120900189,60,1830,-1770
120900190,162,6,156
120900191,16,13,3
120900192,5327,9676,-4349
120900194,79,117,-38
120900195,103,268,-165
120900196,841,24,817
120900197,902,174,728
120900198,227,432,-205
120900199,484,525,-41
120900200,57,141,-84
120900201,344,115,229
120900202,0,94,-94
120900203,34,93,-59
120900204,92,170,-78
120900205,38,19,19
120900206,25,48,-23
120900207,66,896,-830
121000001,576,1005,-429
121000002,2026,1496,530
121000003,2346,1484,862
121000004,2339,3327,-988
121000005,1481,2286,-805
121000006,2921,2129,792
121000007,1856,2742,-886
121000008,4709,3884,825
121000009,3625,5184,-1559
121000010,6713,6043,670
121000011,5811,10377,-4566
121000012,11886,9135,2751
121000013,4179,5594,-1415
121000014,4848,4657,191
121000015,3671,6219,-2548
121000016,3433,3126,307
121000017,2086,3128,-1042
121000018,2862,1681,1181
121000019,10355,10231,124
121000020,10552,18559,-8007
121000021,2034,1925,109
121000022,2419,3550,-1131
121000023,2654,1904,750
121000024,4694,4510,184
121000025,431,1291,-860
121000026,313,156,157
121000027,1194,1081,113
121000028,821,442,379
121000029,917,535,382
121000030,801,408,393
121000031,540,566,-26
121000032,153,112,41
121000034,299,206,93
121000035,161,188,-27
121000036,849,725,124
121000037,584,468,116
121000038,390,1002,-612
121000039,223,357,-134
121000041,522,389,133
121000042,322,240,82
121000043,536,548,-12
121000044,1221,967,254
121000045,407,240,167
121000046,812,847,-35
121000047,43,99,-56
121000049,1023,526,497
121000050,261,1174,-913
121000051,595,197,398
121000052,362,733,-371
121000053,279,97,182
121000054,48,384,-336
121000055,811,1057,-246
121000056,651,877,-226
121000057,404,508,-104
121000058,264,204,60
121000059,1979,1164,815
121000060,512,1152,-640
121000061,155,401,-246
121000062,154,421,-267
121000063,969,874,95
121000064,711,1017,-306
121000065,226,454,-228
121000066,550,506,44
121000067,427,543,-116
121000068,682,385,297
121000069,243,877,-634
121000070,1466,1078,388
121000071,1359,1328,31
121000072,941,604,337
121000073,1077,956,121
121000074,95,133,-38
121000075,26,284,-258
121000076,364,324,40
121000077,127,159,-32
121000078,110,173,-63
121000080,1723,551,1172
121000081,3081,3377,-296
121000082,76,201,-125
121000083,129,135,-6
121000084,185,159,26
121000085,219,463,-244
121000086,344,511,-167
121000087,83,215,-132
121000088,499,458,41
121000089,259,421,-162
121000090,325,337,-12
121000091,1094,806,288
121000092,175,72,103
121000093,232,217,15
121000094,421,658,-237
121000095,352,588,-236
121000096,2391,1928,463
121000097,586,2253,-1667
121000098,638,589,49
121000099,849,513,336
121000100,1009,231,778
121000101,505,194,311
121000102,414,156,258
121000103,235,171,64
121000104,312,116,196
121000105,535,185,350
121000106,419,214,205
121000107,1857,2463,-606
121000109,1027,952,75
121000110,211,626,-415
121000114,2727,1813,914
121000115,1254,600,654
121000116,235,702,-467
121000117,374,201,173
121000118,1833,192,1641
121000119,293,449,-156
121000120,272,359,-87
121000121,550,959,-409
121000123,1202,612,590
121000126,78,295,-217
121000127,167,84,83
121000128,1052,272,780
121000129,1050,460,590
121000130,719,492,227
121000131,1424,1742,-318
121000132,971,1784,-813
121000135,413,917,-504
121000136,1247,1110,137
121000137,410,442,-32
121000138,878,1320,-442
121000139,550,518,32
121000141,240,196,44
121000142,603,731,-128
121000143,135,53,82
121000144,674,1779,-1105
121000145,584,619,-35
121000146,1466,930,536
121000147,1100,504,596
121000148,878,742,136
121000149,1933,1250,683
121000152,451,362,89
121000153,1447,491,956
121000154,1073,423,650
121000155,1385,801,584
121000156,389,915,-526
121000157,665,1246,-581
121000158,349,389,-40
121000159,229,289,-60
121000160,289,288,1
121000161,267,249,18
121000162,173,92,81
121000165,1020,1866,-846
121000166,30,452,-422
121000168,481,206,275
121000169,82,129,-47
121000170,385,89,296
121000171,57,165,-108
121000172,673,493,180
121000173,1121,1196,-75
121000174,443,430,13
121000175,1126,271,855
121000176,354,269,85
121000177,813,480,333
121000178,69,37,32
121000179,44,50,-6
121000181,433,397,36
121000182,120,253,-133
121000183,88,70,18
121000184,60,97,-37
121000185,45,206,-161
121000186,263,430,-167
121000187,158,93,65
121000188,187,105,82
121000192,917,360,557
121000193,522,419,103
121000194,1561,1722,-161
121000195,162,781,-619
121000196,582,212,370
121000197,160,486,-326
121000198,189,190,-1
121000199,129,175,-46
121000200,661,121,540
121000201,8,110,-102
121000202,1068,127,941
121000203,818,1355,-537
121000204,3407,737,2670
121000205,145,211,-66
121000206,163,60,103
121000207,2186,695,1491
121000208,3,260,-257
121000209,555,131,424
121000210,821,238,583
121000211,456,110,346
121000212,683,258,425
121000213,8756,2518,6238
121000214,689,1717,-1028
121000215,726,1079,-353
121000216,487,553,-66
121000217,3456,3054,402
121000218,328,1346,-1018
121000219,1264,587,677
121000220,97,80,17
121000221,93,319,-226
121000222,2093,2655,-562
121000223,277,443,-166
121000224,151,287,-136
121000225,774,2166,-1392
121000226,3230,1295,1935
121000227,14,142,-128
121000228,19,389,-370
121000229,340,444,-104
121000230,61,1196,-1135
121000231,1311,22,1289
121000232,331,325,6
121000233,531,261,270
121000234,13,42,-29
121000235,62,74,-12
121000236,10,54,-44
121000237,19,18,1
121000238,5,66,-61
121000239,56,5,51
121000240,9,141,-132
121000241,69,22,47
121000242,46,467,-421
121000243,177,80,97
121000244,5,80,-75
121000245,43,20,23
121000246,1,100,-99
121000247,112,5,107
121000248,495,668,-173
121000249,91,259,-168
121000250,593,284,309
121000251,15,246,-231
121000252,133,80,53
121000253,441,243,198
121000254,832,120,712
121000255,109,139,-30
121000256,351,166,185
121000257,33,68,-35
121000258,99,51,48
121000259,41,59,-18
121000260,62,66,-4
121000261,74,60,14
121000262,841,606,235
121000263,498,306,192
121000271,409,1125,-716
121000273,35,2,33
121000274,4,68,-64
121000275,5,6,-1
121000276,11,21,-10
121000278,60,31,29
121000279,33,15,18
121000280,44,55,-11
121000289,219,12,207
121000290,884,875,9
121000294,231,71,160
121000297,588,1076,-488
121000299,109,394,-285
121000300,748,547,201
121000302,28,885,-857
121000303,508,203,305
121000304,368,75,293
121000305,188,43,145
121000306,125,111,14
121000308,168,249,-81
121000309,274,352,-78
121000310,95,244,-149
121000311,86,517,-431
121000312,291,223,68
121000313,188,351,-163
121000314,65,82,-17
121000315,29,103,-74
121000530,1710,1097,613
121000531,1571,1194,377
121000532,5772,7431,-1659
121000533,2998,3359,-361
121000918,39,65,-26
121000919,34,60,-26
121000938,54,167,-113
121000939,30,271,-241
121000956,1688,1062,626
121000957,3,11,-8
121000958,44,36,8
121000959,937,455,482
121000960,1350,1545,-195
121000961,305,41,264
121000962,443,378,65
121000973,1,156,-155
121000976,14,196,-182
121000979,447,178,269
121000981,345,133,212
121000982,409,116,293
121000983,499,256,243
121000984,41,47,-6
121000985,843,281,562
121000986,541,123,418
121000987,217,447,-230
121000988,1027,110,917
121001302,178,103,75
121001308,1,22,-21
121001309,27,318,-291
121001311,0,0,0
121001313,212,138,74
121001314,1505,1869,-364
121001315,4874,3221,1653
121001318,0,0,0
121900001,153,125,28
121900002,33,28,5
121900003,460,11,449
121900004,65,278,-213
121900005,35,15,20
121900006,121,33,88
121900007,1561,1687,-126
121900008,241,357,-116
121900009,435,19,416
121900010,255,5,250
121900011,420,283,137
121900012,11,0,11
121900013,791,131,660
121900014,1154,346,808
121900015,208,126,82
121900016,1,17,-16
121900017,654,284,370
121900018,374,20,354
121900019,519,201,318
121900020,28,8,20
121900021,997,15,982
121900022,256,253,3
121900023,166,256,-90
121900024,291,80,211
121900025,623,337,286
121900026,255,28,227
121900027,576,153,423
121900028,214,27,187
121900029,140,189,-49
121900030,409,533,-124
121900031,875,6466,-5591
121900032,89,40,49
121900033,165,228,-63
121900034,269,83,186
121900035,2425,2202,223
121900036,96,311,-215
121900037,141,879,-738
121900038,56,129,-73
121900039,363,53,310
121900040,100,85,15
121900041,146,197,-51
121900042,387,161,226
121900043,2,4,-2
121900044,79,62,17
121900046,266,329,-63
121900047,187,83,104
121900048,62,59,3
121900050,49,45,4
121900051,168,110,58
121900052,152,22,130
121900053,436,293,143
121900054,410,833,-423
121900055,12,9,3
121900058,324,88,236
121900059,370,194,176
121900060,113,324,-211
121900061,183,161,22
121900062,140,98,42
121900063,1604,493,1111
121900064,324,433,-109
121900066,80,26,54
121900067,61,50,11
121900069,168,112,56
121900070,207,139,68
121900071,498,246,252
121900072,50,75,-25
121900073,262,242,20
121900074,479,1177,-698
121900075,413,854,-441
121900076,576,409,167
121900077,14,10,4
121900078,101,37,64
121900079,1,0,1
121900080,906,422,484
121900082,85,67,18
121900084,22,62,-40
121900085,0,5,-5
121900086,26,66,-40
121900087,95,100,-5
121900088,1302,2540,-1238
121900089,283,181,102
121900090,49,56,-7
121900091,78,54,24
121900092,55,123,-68
121900093,110,65,45
121900094,24,5,19
121900095,425,162,263
121900096,1061,557,504
121900097,779,180,599
121900098,21,5,16
121900099,254,63,191
121900100,113,555,-442
121900101,139,101,38
121900102,4,104,-100
121900103,379,189,190
121900104,1699,319,1380
121900105,359,262,97
121900106,9,16,-7
121900107,56,30,26
121900108,2,23,-21
121900109,204,122,82
121900110,647,433,214
121900111,721,261,460
121900112,137,158,-21
121900113,71,508,-437
121900114,93,81,12
121900117,186,197,-11
121900118,1506,695,811
121900119,210,87,123
121900120,56,1054,-998
121900121,428,28,400
121900122,28,73,-45
121900123,208,311,-103
121900124,192,150,42
121900125,1408,1061,347
121900127,12,116,-104
121900128,61,56,5
121900129,274,144,130
121900130,123,211,-88
121900131,186,64,122
121900132,46,52,-6
121900133,56,1113,-1057
121900134,37,203,-166
121900135,2638,343,2295
121900136,465,239,226
121900137,29,312,-283
121900138,117,118,-1
121900139,273,752,-479
121900140,105,122,-17
121900141,88,16,72
121900142,192,87,105
121900143,16,186,-170
121900144,91,210,-119
121900145,165,264,-99
121900146,541,524,17
121900147,68,185,-117
121900148,167,306,-139
121900149,292,441,-149
121900150,33,157,-124
121900151,107,249,-142
121900152,111,84,27
121900153,60,609,-549
121900154,8,244,-236
121900155,3,114,-111
121900156,156,156,0
121900157,3,222,-219
121900158,115,84,31
121900159,0,215,-215
121900160,29,256,-227
121900161,244,387,-143
121900162,76,175,-99
121900163,379,312,67
121900164,306,143,163
121900165,214,89,125
121900166,137,131,6
121900167,81,99,-18
121900168,136,171,-35
121900169,5,169,-164
121900170,6,203,-197
121900171,777,467,310
121900172,522,217,305
121900173,693,210,483
121900174,48,67,-19
121900175,156,260,-104
121900176,468,1174,-706
121900177,195,77,118
121900178,61,38,23
121900179,449,227,222
121900180,1981,5344,-3363
121900182,689,356,333
121900183,831,1318,-487
121900184,84,513,-429
121900186,11,394,-383
121900187,14,156,-142
121900188,501,253,248
121900189,37,80,-43
121900190,243,391,-148
121900191,156,209,-53
121900192,305,968,-663
121900193,72,97,-25
121900194,6,302,-296
121900195,38,74,-36
121900196,723,855,-132
121900197,301,878,-577
121900198,1162,972,190
121900199,7,26,-19
121900200,54,189,-135
121900201,675,762,-87
121900202,105,762,-657
121900203,133,1138,-1005
121900204,565,1267,-702
121900205,25,81,-56
121900206,32,24,8
121900207,96,54,42
121900208,111,315,-204
121900209,68,45,23
121900210,1387,1086,301
121900211,194,262,-68
121900212,77,105,-28
121900213,292,60,232
121900214,7,401,-394
121900215,36,113,-77
121900216,59,324,-265
121900217,177,169,8
121900218,146,442,-296
121900220,115,13,102
121900221,279,484,-205
121900222,225,94,131
121900223,127,37,90
121900224,107,22,85
121900225,107,106,1
121900226,280,99,181
121900227,290,458,-168
121900228,142,194,-52
121900230,70,298,-228
121900231,124,1499,-1375
121900232,156,250,-94
121900233,191,206,-15
121900234,467,143,324
121900235,672,122,550
121900236,292,181,111
121900237,179,283,-104
121900238,168,258,-90
121900239,174,26,148
121900240,268,107,161
121900241,85,64,21
121900242,15,2,13
121900243,18,0,18
121900244,21,0,21
121900245,171,66,105
121900246,2823,171,2652
121900247,278,219,59
121900248,863,1177,-314
121900250,214,346,-132
121900251,332,36,296
121900252,513,138,375
121900253,100,544,-444
121900254,396,240,156
121900255,372,81,291
121900258,3207,1839,1368
121900259,247,566,-319
121900260,171,104,67
121900261,187,621,-434
121900262,305,944,-639
121900263,306,234,72
121900264,1179,1133,46
121900265,340,193,147
121900266,696,98,598
121900267,80,47,33
121900269,174,882,-708
121900270,39,201,-162
121900271,49,157,-108
121900273,497,1777,-1280
121900274,365,237,128
121900277,427,800,-373
121900278,109,686,-577
121900279,152,182,-30
121900280,138,441,-303
121900281,206,508,-302
121900284,78,12,66
121900286,209,78,131
121900287,4,37,-33
121900288,5,2,3
121900290,205,453,-248
121900291,338,776,-438
121900292,112,140,-28
121900293,795,2542,-1747
121900294,285,8,277
121900295,185,120,65
121900296,64,177,-113
121900298,247,948,-701
121900299,0,18,-18
121900300,123,5,118
121900301,99,6,93
121900302,3,51,-48
121900303,380,222,158
121900304,0,22,-22
121900305,2,10,-8
121900306,216,6,210
121900307,159,12,147
121900308,16,152,-136
121900309,5,128,-123
121900310,16,228,-212
121900311,502,24,478
121900312,378,14,364
121900313,380,25,355
121900314,1,22,-21
121900315,13,0,13
121900316,0,3,-3
121900317,40,8,32
121900318,4,4,0
121900319,30,176,-146
121900320,22,36,-14
121900321,25,0,25
121900322,3,10,-7
121900323,13,12,1
121900324,1,29,-28
121900325,18,0,18
121900326,1,21,-20
121900327,7,36,-29
121900328,5,16,-11
121900329,2,98,-96
121900330,2,92,-90
121900331,30,53,-23
121900332,69,28,41
121900333,34,0,34
121900334,30,82,-52
122000001,1434,4301,-2867
122000002,2567,1012,1555
122000003,1361,2540,-1179
122000004,1986,1286,700
122000005,2335,2056,279
122000006,1222,925,297
122000007,729,1354,-625
122000008,1666,3260,-1594
122000009,262,382,-120
122000010,1884,2411,-527
122000011,3229,1655,1574
122000012,817,1950,-1133
122000013,773,967,-194
122000014,1724,992,732
122000015,1053,1013,40
122000016,480,741,-261
122000017,1043,976,67
122000018,1339,1420,-81
122000019,782,889,-107
122000020,229,289,-60
122000021,175,386,-211
122000022,957,915,42
122000023,636,1367,-731
122000024,429,1590,-1161
122000025,740,1927,-1187
122000026,511,1217,-706
122000027,528,1189,-661
122000028,820,487,333
122000029,432,543,-111
122000030,194,184,10
122000031,235,372,-137
122000032,2167,1795,372
122000033,451,1757,-1306
122000034,532,624,-92
122000035,251,599,-348
122000036,422,407,15
122000037,359,206,153
122000038,230,270,-40
122000039,479,397,82
122000040,212,291,-79
122000041,462,540,-78
122000042,308,358,-50
122000043,117,110,7
122000044,130,102,28
122000045,1216,496,720
122000046,707,605,102
122000047,196,188,8
122000048,2620,3936,-1316
122000049,4790,3171,1619
122000050,979,736,243
122000051,199,398,-199
122000052,352,491,-139
122000053,188,954,-766
122000054,1991,1718,273
122000055,1763,3129,-1366
122000056,2840,2769,71
122000057,2238,3266,-1028
122000058,1171,1479,-308
122000059,1346,2245,-899
122000060,437,845,-408
122000061,281,600,-319
122000062,531,247,284
122000063,703,738,-35
122000064,2749,3576,-827
122000065,2404,2098,306
122000066,795,936,-141
122000067,1439,1031,408
122000068,1537,1009,528
122000069,695,624,71
122000070,724,1065,-341
122000071,1798,1026,772
122000072,427,455,-28
122000073,263,789,-526
122000074,2888,1355,1533
122000075,727,1111,-384
122000076,3479,1122,2357
122000077,715,961,-246
122000078,965,2943,-1978
122000079,523,1403,-880
122000080,476,406,70
122000081,144,220,-76
122000082,361,1011,-650
122000083,2151,919,1232
122000084,1961,932,1029
122000085,279,584,-305
122000086,2148,5058,-2910
122000087,269,426,-157
122000088,310,465,-155
122000089,3805,2201,1604
122000090,176,551,-375
122000091,131,98,33
122000092,66,25,41
122000093,1548,2597,-1049
122000094,3819,2984,835
122000095,985,4004,-3019
122000096,838,1722,-884
122000098,1846,2882,-1036
122000099,1085,765,320
122000100,671,451,220
122000101,274,471,-197
122000102,1771,919,852
122000103,1881,1400,481
122000104,558,173,385
122000105,424,279,145
122000106,417,762,-345
122000107,932,445,487
122000108,444,714,-270
122000109,386,284,102
122000110,479,524,-45
122000111,2379,1379,1000
122000112,981,1277,-296
122000113,619,543,76
122000114,2142,1622,520
122000115,1488,1092,396
122000116,397,526,-129
122000117,1037,379,658
122000118,544,771,-227
122000119,2564,1822,742
122000120,968,3332,-2364
122000121,969,2175,-1206
122000122,528,1210,-682
122000123,1368,1441,-73
122000124,768,490,278
122000125,458,679,-221
122000126,417,795,-378
122000127,597,920,-323
122000128,314,439,-125
122000129,466,1722,-1256
122000130,2612,1409,1203
122000131,907,969,-62
122000132,280,407,-127
122000133,878,866,12
122000134,976,744,232
122000135,625,443,182
122000136,827,676,151
122000137,2118,810,1308
122000139,780,3327,-2547
122000140,640,556,84
122000141,2829,1148,1681
122000142,208,917,-709
122000143,325,500,-175
122000144,1220,1047,173
122000145,673,752,-79
122000146,429,1619,-1190
122000147,515,420,95
122000148,814,2037,-1223
122000149,1687,1287,400
122000150,1107,938,169
122000151,138,374,-236
122000152,272,339,-67
122000153,315,297,18
122000154,253,212,41
122000155,1206,2387,-1181
122000156,2161,2536,-375
122000157,983,2462,-1479
122000158,298,539,-241
122000159,553,1209,-656
122000160,2060,2074,-14
122000161,880,1060,-180
122000162,1209,1525,-316
122000163,214,99,115
122000164,41,88,-47
122000165,635,650,-15
122000166,674,969,-295
122000167,255,255,0
122000168,176,532,-356
122000169,277,176,101
122000170,360,161,199
122000171,50,65,-15
122000172,1468,1177,291
122000173,1118,2063,-945
122000174,1858,914,944
122000175,680,266,414
122000176,296,857,-561
122000177,1250,1362,-112
122000178,2434,2331,103
122000179,1396,2114,-718
122000180,1189,1171,18
122000181,1133,2590,-1457
122000182,1224,1593,-369
122000183,1783,912,871
122000184,2452,2545,-93
122000185,1131,1866,-735
122000186,403,823,-420
122000187,1895,778,1117
122000188,322,250,72
122000189,169,280,-111
122000190,681,1163,-482
122000191,806,823,-17
122000192,1216,348,868
122000193,480,632,-152
122000194,459,155,304
122000195,115,504,-389
122000196,1214,510,704
122000197,519,615,-96
122000198,369,945,-576
122000199,353,318,35
122000200,777,586,191
122000201,1215,1464,-249
122000202,982,1396,-414
122000203,2331,1242,1089
122000204,1162,1521,-359
122000205,848,1120,-272
122000206,2216,860,1356
122000207,2142,1181,961
122000208,2082,1166,916
122000209,1723,412,1311
122000210,1865,1173,692
122000211,1263,1021,242
122000212,845,623,222
122000213,943,1424,-481
122000214,1794,1688,106
122000215,1909,1604,305
122000217,1459,1215,244
122000218,675,64,611
122000219,835,694,141
122000220,283,616,-333
122000221,64,319,-255
122000222,530,193,337
122000223,1111,490,621
122000225,759,285,474
122000226,1729,1420,309
122000227,221,1842,-1621
122000228,327,242,85
122000229,22,449,-427
122000230,75,295,-220
122000231,229,553,-324
122000232,518,575,-57
122000233,0,64,-64
122000234,391,44,347
122000235,506,93,413
122000236,1560,88,1472
122000237,133,81,52
122000238,375,359,16
122000239,641,145,496
122000240,1260,610,650
122000241,2139,470,1669
122000242,745,139,606
122000243,385,65,320
122000244,86,308,-222
122000245,101,111,-10
122000246,459,150,309
122000247,495,330,165
122000248,834,993,-159
122000249,1277,985,292
122000250,1953,1200,753
122000251,211,483,-272
122000252,417,101,316
122000253,51,210,-159
122000254,356,79,277
122000255,713,978,-265
122000256,331,503,-172
122000257,171,192,-21
122000258,338,248,90
122000259,31,324,-293
122000260,3,47,-44
122000261,22,266,-244
122000262,1,28,-27
122000263,340,525,-185
122000264,1257,275,982
122000265,2154,959,1195
122000266,3427,605,2822
122000267,166,104,62
122000268,170,283,-113
122000269,823,242,581
122000270,503,190,313
122000271,241,922,-681
122000272,341,765,-424
122000273,372,339,33
122000274,243,183,60
122000275,81,171,-90
122000276,907,485,422
122000277,1209,1445,-236
122000278,1781,514,1267
122000279,246,263,-17
122000280,876,427,449
122000281,908,767,141
122000282,229,424,-195
122000283,239,148,91
122000284,249,65,184
122000285,293,53,240
122000286,52,120,-68
122000287,1220,1206,14
122000288,507,272,235
122000291,2160,691,1469
122000293,197,154,43
122000294,180,266,-86
122000295,1135,142,993
122000296,31,505,-474
122000297,1938,3570,-1632
122000299,442,496,-54
122000300,437,629,-192
122000301,5695,3175,2520
122000302,506,1856,-1350
122000303,2242,1077,1165
122000304,91,164,-73
122000305,1186,166,1020
122000306,40,424,-384
122000307,76,130,-54
122000309,48,49,-1
122000310,20,78,-58
122000311,106,96,10
122000312,85,134,-49
122000313,79,73,6
122000314,111,166,-55
122000315,299,60,239
122000316,938,214,724
122000317,1709,210,1499
122000318,257,988,-731
122000319,143,242,-99
122000320,249,705,-456
122000321,72,144,-72
122000322,1545,1994,-449
122000323,894,2534,-1640
122000324,1069,1107,-38
122000325,693,1947,-1254
122000326,124,74,50
122000327,490,719,-229
122000328,531,358,173
122000330,1504,914,590
122000332,191,311,-120
122000333,23,41,-18
122000337,1007,656,351
122000338,615,297,318
122000340,247,794,-547
122000342,1105,726,379
122000343,428,562,-134
122000344,153,16,137
122000345,25,24,1
122000346,308,261,47
122000348,973,716,257
122000349,118,621,-503
122000351,179,214,-35
122000352,290,167,123
122000353,127,51,76
122000355,171,257,-86
122000356,849,1010,-161
122000357,73,17,56
122000358,0,16,-16
122000359,0,29,-29
122000360,0,12,-12
122000362,3,55,-52
122000364,248,301,-53
122000365,3,30,-27
122000366,9,7,2
122000368,477,493,-16
122000370,20,23,-3
122000371,30,1,29
122000372,9,1,8
122000381,160,301,-141
122000382,120,136,-16
122000384,1529,906,623
122000385,76,0,76
122000386,253,1563,-1310
122000387,443,592,-149
122000388,1320,675,645
122000389,185,754,-569
122000390,310,248,62
122000391,206,234,-28
122000392,159,132,27
122000393,49,138,-89
122000394,624,172,452
122000395,116,90,26
122000396,225,81,144
122000397,25,29,-4
122000398,19,49,-30
122000399,171,64,107
122000400,87,695,-608
122000401,134,49,85
122000402,420,120,300
122000403,456,409,47
122000404,186,140,46
122000408,567,853,-286
122000503,15,113,-98
122000524,131,160,-29
122000544,72,1877,-1805
122000616,209,0,209
122000640,76,49,27
122000641,128,147,-19
122000642,1054,685,369
122000643,67,164,-97
122000644,92,18,74
122000645,100,148,-48
122000651,828,1201,-373
122000664,122,24,98
122000665,1084,469,615
122000666,663,858,-195
122000673,31,132,-101
122000674,258,75,183
122000675,1871,495,1376
122000686,479,706,-227
122000687,1486,282,1204
122000688,275,335,-60
122000689,1142,308,834
122000690,2816,325,2491
122000691,822,824,-2
122000692,1489,296,1193
122000693,474,959,-485
122000695,430,286,144
122000696,657,145,512
122000698,472,289,183
122000699,195,83,112
122000701,1391,249,1142
122000702,378,715,-337
122000703,173,56,117
122000712,0,0,0
122000717,90,50,40
122000718,274,847,-573
122000719,116,87,29
122000720,644,105,539
122000724,139,23,116
122900001,31,12,19
122900002,918,5859,-4941
122900003,394,43,351
122900004,1833,92,1741
122900005,137,142,-5
122900006,606,946,-340
122900007,174,116,58
122900008,380,162,218
122900009,598,478,120
122900010,200,113,87
122900012,157,378,-221
122900014,161,176,-15
122900015,852,1203,-351
122900016,137,198,-61
122900017,262,673,-411
122900018,166,18,148
122900019,12,112,-100
122900020,157,351,-194
122900021,36,331,-295
122900022,1305,657,648
122900023,655,159,496
122900024,165,145,20
122900025,16,291,-275
122900026,26,196,-170
122900027,38,449,-411
122900028,121,150,-29
122900029,3657,2588,1069
122900030,1286,479,807
122900031,52,283,-231
122900032,111,483,-372
122900033,248,131,117
122900034,3344,4410,-1066
122900035,31,9,22
122900036,87,62,25
122900037,368,123,245
122900038,101,2931,-2830
122900039,113,554,-441
122900040,281,412,-131
122900041,346,284,62
122900042,126,254,-128
122900043,382,241,141
122900044,93,418,-325
122900045,108,102,6
122900046,170,287,-117
122900047,102,202,-100
122900048,47,182,-135
122900049,1179,123,1056
122900051,76,180,-104
122900052,110,106,4
122900053,43,29,14
122900055,317,121,196
122900057,242,73,169
122900061,501,174,327
122900062,555,694,-139
122900063,158,144,14
122900064,833,302,531
122900065,548,221,327
122900066,753,412,341
122900067,806,463,343
122900068,131,212,-81
122900069,444,1510,-1066
122900070,314,39,275
122900071,121,213,-92
122900072,17,286,-269
122900073,11,115,-104
122900074,978,337,641
122900075,3,78,-75
122900076,0,131,-131
122900077,2,89,-87
122900078,224,48,176
122900080,40,63,-23
122900081,180,142,38
122900082,1049,187,862
122900083,126,140,-14
122900084,6,158,-152
122900086,13,140,-127
122900087,348,306,42
122900088,65,277,-212
122900089,28,239,-211
122900090,7,232,-225
122900091,305,0,305
122900092,2,105,-103
122900093,0,102,-102
122900094,3,126,-123
122900095,205,16,189
122900096,435,69,366
122900097,43,54,-11
122900098,50,121,-71
122900099,65,20,45
122900100,175,467,-292
122900101,362,317,45
122900102,24,27,-3
122900103,129,7,122
122900104,226,8,218
122900105,14,12,2
122900106,7,25,-18
122900107,3,68,-65
122900108,5,64,-59
123000001,870,470,400
123000002,2252,5463,-3211
123000003,3557,4123,-566
123000004,2246,3277,-1031
123000005,2696,2659,37
123000006,1809,1663,146
123000007,4062,2560,1502
123000008,2070,2363,-293
123000009,4133,2708,1425
123000010,2751,2922,-171
123000011,1699,845,854
123000012,505,1759,-1254
123000013,3241,802,2439
123000014,586,2543,-1957
123000015,2015,1008,1007
123000016,2518,3553,-1035
123000017,3139,1678,1461
123000018,53,106,-53
123000019,550,113,437
123000020,251,51,200
123000021,186,180,6
123000022,306,1776,-1470
123000023,1615,1673,-58
123000024,1772,606,1166
123000025,292,145,147
123000026,63,92,-29
123000027,131,771,-640
123000028,1535,808,727
123000029,837,1311,-474
123000030,219,205,14
123000031,275,170,105
123000032,449,113,336
123000033,280,56,224
123000034,1014,688,326
123000035,450,352,98
123000036,262,895,-633
123000037,182,161,21
123000038,69,256,-187
123000039,356,1627,-1271
123000040,551,271,280
123000041,937,1278,-341
123000042,609,577,32
123000043,1910,11113,-9203
123000044,2961,2173,788
123000045,3819,2669,1150
123000046,484,1490,-1006
123000047,1377,1099,278
123000048,59,955,-896
123000049,4431,9680,-5249
123000050,1676,1388,288
123000051,130,200,-70
123000052,807,2998,-2191
123000053,2325,2711,-386
123000054,1596,1426,170
123000055,1578,2815,-1237
123000056,973,1384,-411
123000057,5114,6223,-1109
123000058,629,1186,-557
123000059,355,486,-131
123000060,970,333,637
123000061,292,498,-206
123000063,902,839,63
123000064,1044,200,844
123000065,2999,2023,976
123000066,501,540,-39
123000067,1038,422,616
123000068,2078,2070,8
123000069,4666,1968,2698
123000070,163,508,-345
123000071,1347,647,700
123000072,1033,446,587
123000073,1563,734,829
123000074,900,662,238
123000075,363,1203,-840
123000076,682,413,269
123000077,1778,1534,244
123000078,1771,1252,519
123000079,1660,1501,159
123000080,2088,1066,1022
123000081,120,259,-139
123000082,289,648,-359
123000083,907,258,649
123000084,782,390,392
123000085,451,60,391
123000086,609,93,516
123000087,506,185,321
123000088,1131,487,644
123000089,518,834,-316
123000090,1113,723,390
123000091,1356,1144,212
123000092,702,866,-164
123000094,497,196,301
123000095,555,536,19
123000096,918,325,593
123000097,657,428,229
123000098,815,371,444
123000099,659,481,178
123000100,422,714,-292
123000101,496,546,-50
123000102,387,676,-289
123000104,416,439,-23
123000105,494,424,70
123000106,387,476,-89
123000107,243,362,-119
123000108,393,820,-427
123000111,994,364,630
123000112,1322,441,881
123000113,418,704,-286
123000114,299,633,-334
123000115,267,230,37
123000116,50,89,-39
123000117,1593,1135,458
123000118,464,588,-124
123000119,197,590,-393
123000120,265,489,-224
123000121,394,440,-46
123000122,303,241,62
123000123,358,470,-112
123000124,360,357,3
123000125,1066,1312,-246
123000126,1105,4582,-3477
123000127,532,450,82
123000128,240,166,74
123000129,848,176,672
123000130,732,92,640
123000131,1015,708,307
123000132,250,351,-101
123000133,127,222,-95
123000134,208,120,88
123000135,2945,950,1995
123000136,172,480,-308
123000137,82,140,-58
123000138,86,214,-128
123000139,657,90,567
123000140,110,429,-319
123000141,725,145,580
123000142,841,724,117
123000143,883,1228,-345
123000144,13,28,-15
123000145,123,307,-184
123000146,28,76,-48
123000147,68,72,-4
123000149,313,263,50
123000150,158,184,-26
123000151,169,419,-250
123000152,72,405,-333
123000153,168,757,-589
123000154,1392,1868,-476
123000155,1728,1235,493
123000156,15,96,-81
123000157,538,731,-193
123000158,472,737,-265
123000159,2834,2754,80
123000160,1084,866,218
123000161,1655,1150,505
123000162,1239,1555,-316
123000163,535,104,431
123000164,1781,323,1458
123000165,329,908,-579
123000166,41,87,-46
123000167,130,172,-42
123000168,272,171,101
123000169,1042,143,899
123000170,143,72,71
123000171,999,12,987
123000172,110,358,-248
123000173,549,268,281
123000174,1055,515,540
123000175,416,726,-310
123000176,1039,239,800
123000177,285,667,-382
123000178,787,157,630
123000179,47,311,-264
123000180,1742,317,1425
123000181,284,920,-636
123000182,311,209,102
123000183,176,499,-323
123000184,80,292,-212
123000185,931,325,606
123000186,3,318,-315
123000187,567,4,563
123000188,169,2,167
123000189,246,95,151
123000190,95,97,-2
123000192,18,246,-228
123000193,74,587,-513
123000194,298,216,82
123000195,315,39,276
123000196,398,20,378
123000197,86,80,6
123000198,55,726,-671
123000199,16,569,-553
123000200,654,5,649
123000201,1401,28,1373
123000202,23,532,-509
123000203,1010,44,966
123000204,60,590,-530
123000205,290,948,-658
123000206,2236,270,1966
123000207,60,520,-460
123000208,569,247,322
123000209,2283,734,1549
123000210,384,1279,-895
123000211,372,1341,-969
123000212,3267,457,2810
123000213,610,91,519
123000215,71,203,-132
123000216,139,497,-358
123000217,178,36,142
123000218,45,649,-604
123000219,490,62,428
123000220,495,106,389
123000221,151,50,101
123000222,401,210,191
123000223,477,154,323
123000224,499,278,221
123000225,228,49,179
123000226,90,227,-137
123000227,65,199,-134
123000228,348,66,282
123000229,705,879,-174
123000232,82,453,-371
123000233,786,127,659
123000234,171,413,-242
123000235,1482,256,1226
123000236,240,362,-122
123000237,308,102,206
123000238,67,310,-243
123000239,384,680,-296
123000240,42,570,-528
123000241,273,63,210
123000242,195,172,23
123000243,722,845,-123
123000244,792,669,123
123000245,31,114,-83
123000249,189,363,-174
123000252,949,305,644
123000253,1557,473,1084
123000254,740,669,71
123000255,1199,794,405
123000256,30,180,-150
123000257,1996,1199,797
123000258,759,480,279
123000259,428,369,59
123000260,522,251,271
123000261,288,111,177
123000262,103,137,-34
123000263,558,95,463
123000264,199,76,123
123000265,24,98,-74
123000266,514,563,-49
123000267,645,277,368
123000268,40,54,-14
123000269,36,83,-47
123000270,45,43,2
123000271,58,37,21
123000272,768,277,491
123000273,238,700,-462
123000274,1073,471,602
123000275,250,653,-403
123000278,1862,2226,-364
123000279,141,83,58
123000280,285,238,47
123000281,272,104,168
123000282,107,203,-96
123000283,187,48,139
123000284,45,62,-17
123000286,196,367,-171
123000287,507,284,223
123000288,1615,1171,444
123000289,360,1332,-972
123000291,294,736,-442
123000294,134,202,-68
123000295,904,1012,-108
123000296,790,457,333
123000297,903,367,536
123000298,891,275,616
123000299,85,116,-31
123000300,1135,842,293
123000301,153,263,-110
123000302,86,128,-42
123000303,129,240,-111
123000305,635,668,-33
123000306,161,61,100
123000309,40,46,-6
123000310,57,19,38
123000311,0,56,-56
123000312,358,490,-132
123000313,597,328,269
123000315,165,192,-27
123000316,683,82,601
123000317,257,93,164
123000318,57,149,-92
123000329,15,14,1
123000337,542,492,50
123000338,301,161,140
123000339,370,100,270
123000340,98,250,-152
123000342,27,66,-39
123000343,35,14,21
123000344,667,263,404
123000345,310,390,-80
123000346,352,34,318
123000352,875,756,119
123000353,36,122,-86
123000354,202,9,193
123000355,1,159,-158
123000356,421,4,417
123000357,0,83,-83
123000359,5,73,-68
123000360,192,69,123
123000361,116,185,-69
123000362,447,65,382
123000363,110,118,-8
123000364,474,497,-23
123000365,6,359,-353
123000366,295,2064,-1769
123000367,265,711,-446
123000370,16,193,-177
123000371,411,37,374
123000372,365,24,341
123000373,8,213,-205
123000374,22,136,-114
123000375,448,38,410
123000376,833,589,244
123000377,572,12,560
123000378,12,150,-138
123000379,3,102,-99
123000380,21,374,-353
123000381,86,126,-40
123000382,608,127,481
123000383,51,1111,-1060
123000384,405,116,289
123000385,152,560,-408
123000436,31,1057,-1026
123000507,104,200,-96
123000508,129,1152,-1023
123000517,231,26,205
123000518,28,147,-119
123000519,138,59,79
123000520,40,155,-115
123000521,359,90,269
123000522,120,249,-129
123000541,3,0,3
123000542,0,7,-7
123000565,981,28,953
123000566,297,197,100
123000567,74,92,-18
123000573,37,392,-355
123000574,791,86,705
123000575,1654,572,1082
123000576,1049,779,270
123000577,62,587,-525
123000578,330,82,248
123000579,995,5856,-4861
123000580,121,41,80
123000582,554,23,531
123000583,17,230,-213
123000584,132,279,-147
123000585,2,67,-65
123000586,51,0,51
123000596,60,80,-20
123000597,68,112,-44
123000602,61,11,50
123000603,980,417,563
123000604,624,283,341
123000605,611,93,518
123000606,0,397,-397
123000609,15,288,-273
123000610,147,113,34
123000613,33,128,-95
123000614,230,35,195
123000615,13,56,-43
123000616,870,86,784
123000617,110,194,-84
123000618,71,456,-385
123000619,615,69,546
123000620,36,244,-208
123000622,494,28,466
123000624,177,43,134
123000630,1403,512,891
123000631,223,598,-375
123000632,416,497,-81
123000633,0,121,-121
123000634,45,225,-180
123000635,39,68,-29
123000636,48,352,-304
123000637,174,38,136
123000638,522,27,495
123000639,641,4882,-4241
123000640,21,380,-359
123000648,430,70,360
123000649,23,208,-185
123900001,848,44,804
123900002,29,1315,-1286
123900003,185,299,-114
123900005,237,152,85
123900006,352,51,301
124000001,1940,150,1790
124000002,51,958,-907
124000003,1168,150,1018
124000004,61,317,-256
124000005,1115,634,481
124000006,204,590,-386
124000007,334,128,206
124000008,5,362,-357
124000009,716,224,492
124000010,247,253,-6
124000011,1054,292,762
124000012,265,286,-21
124000017,224,120,104
124000018,92,59,33
124000019,123,129,-6
124000020,45,103,-58
124000021,109,92,17
124000022,80,127,-47
124000023,1301,1322,-21
124000024,976,309,667
124000025,1287,1586,-299
124000026,885,871,14
124000027,4460,4741,-281
124000028,1216,3055,-1839
124000030,1825,1213,612
124000031,1200,4566,-3366
124000032,1219,559,660
124000033,749,484,265
124000034,590,629,-39
124000035,414,318,96
124000036,87,351,-264
124000037,648,1192,-544
124000038,45,133,-88
124000039,662,424,238
124000040,352,1088,-736
124000041,435,112,323
124000042,104,357,-253
124000043,135,173,-38
124000044,81,97,-16
124000045,977,440,537
124000046,275,521,-246
124000047,2238,707,1531
124000048,986,644,342
124000049,1911,549,1362
124000050,842,951,-109
124000051,1206,463,743
124000052,598,558,40
124000053,550,1809,-1259
124000054,678,281,397
124000055,1251,3214,-1963
124000056,1262,864,398
124000057,1104,576,528
124000058,364,775,-411
124000059,644,1252,-608
124000060,694,450,244
124000061,1241,5867,-4626
124000062,3148,1526,1622
124000063,908,1139,-231
124000064,1449,877,572
124000065,67,446,-379
124000066,194,84,110
124000067,225,159,66
124000068,71,168,-97
124000069,814,149,665
124000070,315,402,-87
124000071,414,206,208
124000072,179,415,-236
124000073,1177,173,1004
124000074,201,563,-362
124000075,456,24,432
124000076,9,79,-70
124000077,975,804,171
124000078,2303,1203,1100
124000079,258,1019,-761
124000080,677,199,478
124000081,189,311,-122
124000082,44,131,-87
124000083,29,51,-22
124000084,58,600,-542
124000085,81,39,42
124000086,38,158,-120
124000087,120,142,-22
124000088,217,572,-355
124000089,925,250,675
124000090,101,179,-78
124000091,500,102,398
124000092,148,421,-273
124000093,90,197,-107
124000094,96,533,-437
124000095,102,84,18
124000096,142,219,-77
124000097,132,101,31
124000098,35,49,-14
124000099,333,111,222
124000100,97,94,3
124000101,106,95,11
124000102,72,32,40
124000103,104,132,-28
124000104,87,24,63
124000105,120,85,35
124000106,126,30,96
124000107,19,202,-183
124000108,32,19,13
124000109,147,114,33
124000110,117,65,52
124000111,177,143,34
124000112,723,488,235
124000113,77,105,-28
124000114,305,254,51
124000115,328,447,-119
124000116,93,124,-31
124000117,48,70,-22
124000118,48,58,-10
124000119,854,407,447
124000120,518,479,39
124000121,1234,635,599
124000122,463,985,-522
124000123,947,429,518
124000124,320,856,-536
124000125,402,428,-26
124000126,238,521,-283
124000127,828,294,534
124000128,486,653,-167
124000129,2068,1330,738
124000130,704,443,261
124000131,802,591,211
124000132,754,539,215
124000133,875,834,41
124000134,943,452,491
124000135,1636,2014,-378
124000136,699,655,44
124000137,945,973,-28
124000138,1368,921,447
124000139,400,35,365
124000140,21,284,-263
124000141,257,16,241
124000142,33,216,-183
124000143,77,14,63
124000144,12,65,-53
124000145,126,48,78
124000146,28,49,-21
124000148,44,108,-64
124000149,1293,433,860
124000150,230,473,-243
124000151,1025,527,498
124000152,604,907,-303
124000153,801,1164,-363
124000154,371,708,-337
124000155,1288,980,308
124000156,1085,1013,72
124000169,192,393,-201
124000170,364,439,-75
124000171,282,216,66
124000172,403,347,56
124000173,565,197,368
124000174,456,442,14
124000175,10,66,-56
124000176,57,26,31
124000177,8,22,-14
124000178,29,77,-48
124000190,46,54,-8
124000191,59,166,-107
124000192,1065,432,633
124000193,172,780,-608
124000194,293,299,-6
124000195,354,672,-318
124000196,797,632,165
124000197,32,29,3
124000198,53,42,11
124000201,252,515,-263
124000202,668,328,340
124000203,568,245,323
124000204,1146,194,952
124000205,121,246,-125
124000206,906,247,659
124000207,0,27,-27
124000209,159,255,-96
124000210,669,203,466
124000211,816,3,813
124000212,1,234,-233
124000213,636,137,499
124000214,456,288,168
124000215,445,29,416
124000216,0,198,-198
124000329,214,856,-642
124000338,111,364,-253
124000339,1405,114,1291
124000341,1893,94,1799
124000344,17,3,14
124000357,1328,2457,-1129
124000358,938,1609,-671
124000359,1383,714,669
124000360,1025,392,633
124000361,2129,893,1236
124000362,816,1154,-338
124000363,214,231,-17
124000364,351,498,-147
124000365,566,745,-179
124000366,1102,640,462
124000367,74,261,-187
124000368,512,612,-100
124000369,129,78,51
124000370,45,456,-411
124000402,32,26,6
124000403,208,40,168
124000404,7,59,-52
124000405,929,728,201
124000406,557,641,-84
124000407,2,30,-28
124000411,6,159,-153
124000412,490,15,475
124000413,114,38,76
124000414,74,70,4
124000415,45,46,-1
124000416,133,108,25
124000417,179,95,84
124000418,220,93,127
124000419,119,67,52
124000420,97,50,47
124000421,55,56,-1
124000422,15,24,-9
124000423,158,29,129
124000424,0,56,-56
124000425,115,34,81
124000426,12,71,-59
124000427,67,4,63
124000428,12,51,-39
124000429,76,40,36
124000430,666,266,400
124000431,459,343,116
124000432,269,417,-148
124000439,9,3,6
124000443,1,7,-6
124000445,200,1287,-1087
124000446,821,145,676
124900001,751,475,276
124900002,173,196,-23
124900003,1166,476,690
124900004,740,273,467
124900005,214,79,135
124900006,930,271,659
124900008,1079,625,454
124900009,193,458,-265
124900010,303,364,-61
124900011,683,237,446
124900012,510,95,415
124900013,595,163,432
124900014,358,77,281
124900015,171,409,-238
124900016,94,118,-24
124900017,451,2129,-1678
124900018,95,8,87
124900020,105,54,51
124900021,404,41,363
124900022,47,7,40
124900024,315,13,302
124900026,93,10,83
124900027,135,515,-380
124900028,317,85,232
124900029,21,577,-556
124900030,21,87,-66
124900031,33,183,-150
124900032,182,297,-115
124900033,96,213,-117
124900034,4,70,-66
124900035,196,349,-153
124900036,1,34,-33
124900037,181,177,4
124900038,203,211,-8
124900039,2,55,-53
124900040,148,101,47
124900041,259,578,-319
124900042,77,3,74
124900043,481,559,-78
124900044,138,1,137
124900045,581,1032,-451
124900046,578,244,334
124900047,144,125,19
124900048,191,86,105
124900050,136,142,-6
124900052,148,253,-105
124900053,136,277,-141
124900054,940,454,486
124900055,1,159,-158
124900057,8,33,-25
124900060,61,207,-146
124900061,111,4,107
124900062,207,18,189
124900066,0,12,-12
124900067,3,114,-111
124900068,251,579,-328
124900070,74,19,55
124900072,185,49,136
124900075,297,184,113
124900076,26,1414,-1388
124900077,20,135,-115
124900078,79,15,64
124900079,437,203,234
124900080,348,381,-33
124900081,1259,340,919
124900082,319,549,-230
124900083,309,346,-37
124900085,654,669,-15
124900086,57,1528,-1471
124900087,359,121,238
124900088,417,104,313
124900089,818,21,797
124900090,465,225,240
124900091,329,224,105
124900092,283,137,146
124900093,467,163,304
124900094,482,213,269
124900095,107,538,-431
124900096,415,289,126
124900097,332,49,283
124900098,111,230,-119
124900099,375,501,-126
124900100,339,61,278
124900101,88,415,-327
124900102,239,11,228
124900103,129,103,26
124900104,77,88,-11
124900105,94,68,26
124900106,423,48,375
124900107,117,27,90
124900108,169,97,72
124900111,1,77,-76
124900112,86,288,-202
124900113,79,298,-219
124900114,135,128,7
124900115,76,50,26
124900116,235,196,39
124900117,185,142,43
124900118,170,337,-167
124900119,526,216,310
124900120,65,229,-164
124900121,104,463,-359
124900122,181,130,51
124900123,249,164,85
124900124,113,327,-214
204000001,132,4,128
204000002,10,4,6
204000003,21,4,17
204000004,1,2,-1
204000005,627,466,161
204000006,1090,1050,40
204000011,8,15,-7
204000012,35,91,-56
204000019,715,388,327
204000020,603,330,273
204000021,899,599,300
204000022,553,315,238
204000023,492,443,49
204000031,38,15,23
204000032,279,18,261
204000034,24,98,-74
204000035,0,3,-3
204000036,7,12,-5
204000037,0,11,-11
204000038,0,8,-8
204000039,0,19,-19
204000040,9,24,-15
204000041,12,16,-4
204000042,49,13,36
204000043,59,0,59
204000044,43,0,43
204000045,59,2,57
204000046,11,0,11
204000057,12,16,-4
204000062,82,19,63
204000068,27,235,-208
204000069,84,294,-210
204000070,60,59,1
204000080,64,50,14
204000085,1666,1062,604
204000086,1842,1231,611
204000087,52,8,44
204000088,7,78,-71
204000090,24,173,-149
204000093,500,51,449
204000096,1052,907,145
204000097,569,5,564
204000099,924,1442,-518
204000100,1484,1671,-187
204000105,1622,866,756
204000110,409,721,-312
204000111,476,359,117
204000112,501,352,149
204000113,319,399,-80
204000114,709,618,91
204000115,621,266,355
204000116,531,322,209
204000119,1780,2241,-461
204000132,709,380,329
204000133,851,137,714
204000134,272,61,211
204000135,604,52,552
204000136,581,122,459
204000138,370,589,-219
204000140,226,136,90
204000141,170,67,103
204000144,8,27,-19
204000145,442,126,316
204000146,22,188,-166
204000147,12,120,-108
204000148,181,13,168
204000154,6,2,4
204000155,3,10,-7
204000177,50,24,26
204000179,111,0,111
204000180,0,25,-25
204000222,6,16,-10
204000235,25,9,16
204000236,62,132,-70
204000238,25,12,13
204000240,349,82,267
204000263,574,647,-73
204000268,847,543,304
204000308,113,11,102
204000317,7,65,-58
204000322,15,51,-36
204000323,12,3,9
204000328,214,37,177
204000329,48,108,-60
204000330,193,11,182
204000331,37,94,-57
204010341,24,159,-135
205000001,659,1192,-533
205000013,3,47,-44
205000014,25,50,-25
205000015,31,112,-81
205000016,34,98,-64
205000017,23,68,-45
205000022,201,574,-373
205000025,1010,715,295
205000029,202,11,191
205000045,135,681,-546
205000046,150,394,-244
205000047,62,412,-350
205000048,383,567,-184
205000049,161,551,-390
205000050,540,231,309
205000059,0,147,-147
205000060,1,86,-85
205000061,3,88,-85
205000062,0,107,-107
205000063,19,178,-159
205000064,14,62,-48
205000065,57,427,-370
205000066,120,355,-235
205000067,29,555,-526
205000069,202,23,179
205000082,164,195,-31
205000110,48,165,-117
205000111,181,154,27
205000112,167,187,-20
205000113,165,303,-138
205000121,309,69,240
205000123,40,221,-181
205000126,495,72,423
205000127,875,153,722
205000128,409,69,340
205000129,805,49,756
205000130,160,24,136
205000131,60,5,55
205000132,89,3,86
205000133,47,1,46
205000134,299,1,298
205000137,49,157,-108
205000138,89,435,-346
205000139,31,112,-81
205000144,72,109,-37
205000145,384,169,215
205000151,144,34,110
205000152,205,22,183
205000153,235,29,206
205000154,100,33,67
205000155,136,15,121
205000207,7,115,-108
205000233,17,2,15
205000234,0,0,0
205000243,0,1,-1
205000244,0,3,-3
205000245,8,107,-99
205000249,0,11,-11
205000250,11,2,9
205000264,15,52,-37
206000027,5,10,-5
206000028,4,3,1
206000043,4,34,-30
206000053,0,8,-8
206000054,0,16,-16
206000055,0,18,-18
206000075,15,21,-6
206000076,19,15,4
206000077,32,8,24
206000078,41,5,36
206000079,20,5,15
206000082,395,48,347
206000100,33,245,-212
206000103,4,12,-8
206000104,17,16,1
206000105,4,6,-2
206000106,6,22,-16
206000108,590,51,539
206000125,57,0,57
206000157,39,368,-329
206000170,1,117,-116
206000171,3,171,-168
206000172,5,175,-170
206000173,1,102,-101
206000174,13,31,-18
206000175,3,48,-45
206000176,12,91,-79
206000177,1,77,-76
206000178,0,124,-124
206000179,2,68,-66
206000180,8,70,-62
206000181,10,63,-53
206000182,11,59,-48
206000183,8,131,-123
206000184,11,140,-129
206000185,12,46,-34
206000186,87,426,-339
206000223,6,129,-123
206000226,14,1,13
206000227,43,2,41
206000237,62,133,-71
206000238,14,266,-252
206000239,142,1025,-883
206000240,1,42,-41
206000241,1,36,-35
206000242,4,89,-85
206000243,7,70,-63
206000244,25,218,-193
206000245,1166,79,1087
206000246,398,22,376
206000247,390,4,386
206000248,546,14,532
206000252,66,48,18
206000258,33,40,-7
206000315,35,5,30
206000317,822,114,708
206000318,767,70,697
206000319,2477,93,2384
206000320,353,45,308
206000321,365,17,348
206000322,705,21,684
206000323,214,9,205
206000324,240,6,234
206000325,163,30,133
206000326,185,18,167
206000327,106,6,100
206000328,259,2,257
206000329,375,8,367
206000330,89,8,81
206000331,302,7,295
206000332,66,3,63
206000333,955,3,952
206000334,412,2,410
206000335,0,16,-16
206000361,6,119,-113
206000392,1,9,-8
206000405,174,2,172
206000441,67,27,40
206000498,36,4,32
206000515,61,35,26
206000530,424,82,342
206000531,240,277,-37
206000532,1525,398,1127
206000535,111,1236,-1125
206000536,7,81,-74
206000537,24,98,-74
206000613,1714,228,1486
207000001,119,545,-426
207000002,86,316,-230
207000003,118,105,13
207000007,1330,228,1102
207000008,160,7,153
207000009,47,28,19
207000010,330,224,106
207000012,434,173,261
207000015,204,618,-414
207000019,235,67,168
207000021,575,181,394
207000022,187,111,76
207000023,258,43,215
207000024,2,17,-15
207000025,15,67,-52
207000026,67,39,28
207000027,23,50,-27
207000028,56,147,-91
207000029,155,351,-196
207000033,211,464,-253
207000034,279,144,135
207000039,563,77,486
207000040,601,37,564
207000041,118,22,96
207000042,302,37,265
207000043,234,167,67
207000051,139,177,-38
207000052,38,103,-65
207000053,354,432,-78
207000054,60,83,-23
207000055,202,91,111
207000056,322,235,87
207000057,138,222,-84
207000058,225,173,52
207000059,95,238,-143
207000060,125,122,3
207000061,211,708,-497
207000062,444,32,412
207000063,429,72,357
207000064,380,71,309
207000065,356,224,132
207000066,291,138,153
207000067,64,78,-14
207000068,98,60,38
207000069,828,300,528
207000082,10,87,-77
207000083,80,131,-51
207000084,347,204,143
207000085,180,19,161
207000086,288,9,279
207000106,39,31,8
207000107,95,12,83
207000108,79,12,67
207000109,76,10,66
207000110,53,64,-11
207000111,99,79,20
207000112,98,716,-618
207000114,23,42,-19
207000115,14,33,-19
207000116,17,302,-285
207000117,7,70,-63
207000118,4,35,-31
207000119,26,44,-18
207000123,189,19,170
207000124,89,15,74
207000125,77,45,32
207000126,106,67,39
207000134,127,75,52
207000135,42,102,-60
207000148,87,337,-250
207000149,65,38,27
207000152,108,336,-228
207000153,509,1053,-544
207000154,363,125,238
207000159,109,97,12
207000160,113,207,-94
207000238,1,187,-186
207000242,5,97,-92
207000248,26,35,-9
207000249,108,30,78
207000250,422,64,358
207000251,89,63,26
207000252,95,57,38
207000278,106,78,28
207000279,22,89,-67
207000280,809,46,763
207000281,79,373,-294
207000282,70,137,-67
207000283,26,141,-115
207000284,25,301,-276
207000285,82,64,18
207000291,17,70,-53
207000304,103,49,54
207000306,86,283,-197
207000310,136,61,75
207000353,251,3,248
207000356,6,58,-52
207000357,6,24,-18
207000358,15,37,-22
207000415,2,92,-90
207000417,45,3,42
207000418,93,79,14
207000438,0,1,-1
207000439,597,650,-53
207000446,193,10,183
207000460,55,11,44
207000466,139,110,29
207000467,373,55,318
207000468,62,152,-90
207000476,20,51,-31
207000477,794,56,738
207000478,3,100,-97
207000523,0,16,-16
207000524,32,2,30
207000527,146,137,9
207000530,619,7,612
207000531,396,10,386
207000532,131,27,104
207000534,211,41,170
207000535,34,311,-277
207000537,21,69,-48
207000540,11,103,-92
207000541,5,205,-200
207000548,14,172,-158
207000549,408,20,388
207000561,175,254,-79
207000562,19,104,-85
207000567,131,203,-72
207000568,255,31,224
207000569,714,348,366
207000584,207,180,27
207000585,45,379,-334
207000587,86,8,78
207000616,0,87,-87
207000617,179,0,179
207000624,11,22,-11
207000631,0,26,-26
207900008,291,79,212
208000001,574,1118,-544
208000002,664,452,212
208000003,1310,341,969
208000004,822,645,177
208000005,0,17,-17
208000019,669,662,7
208000020,208,354,-146
208000021,257,257,0
208000022,970,367,603
208000028,725,1164,-439
208000033,598,438,160
208000034,986,1169,-183
208000037,204,14,190
208000040,145,117,28
208000041,722,496,226
208000042,776,547,229
208000047,146,180,-34
208000064,1912,1297,615
208000066,1427,2616,-1189
208000070,386,356,30
208000071,637,543,94
208000072,549,879,-330
208000080,325,304,21
208000081,372,122,250
208000082,385,155,230
208000083,200,260,-60
208000084,14,18,-4
208000085,693,459,234
208000086,454,797,-343
208000087,398,587,-189
208000089,1189,325,864
208000090,1173,394,779
208000093,228,160,68
208000094,527,306,221
208000095,693,400,293
208000104,1160,719,441
208000105,694,771,-77
208000114,105,381,-276
208000115,456,261,195
208000116,649,922,-273
208000117,165,119,46
208000118,119,149,-30
208000155,651,917,-266
208000158,1286,3557,-2271
208000186,2415,3757,-1342
208000204,661,1023,-362
208000205,1256,789,467
208000282,3644,2821,823
209000004,471,177,294
209000005,49,31,18
209000006,436,209,227
209000007,239,244,-5
209000010,276,111,165
209000011,124,221,-97
209000012,134,116,18
209000013,168,165,3
209000014,327,472,-145
209000025,431,68,363
209000026,759,131,628
209000027,351,493,-142
209000028,318,393,-75
209000029,311,508,-197
209000030,352,836,-484
209000031,1773,1198,575
209000034,201,214,-13
209000035,160,211,-51
209000036,220,96,124
209000037,384,161,223
209000038,150,107,43
209000039,95,126,-31
209000040,277,402,-125
209000041,148,366,-218
209000042,268,266,2
209000043,582,779,-197
209000044,236,764,-528
209000045,1079,301,778
209000046,576,400,176
209000047,403,156,247
209000048,636,280,356
209000049,76,69,7
209000050,190,100,90
209000051,209,178,31
209000052,139,136,3
209000062,49,63,-14
209000063,61,35,26
209000064,49,41,8
209000065,105,24,81
209000066,123,11,112
209000067,110,20,90
209000080,34,167,-133
209000082,72,12,60
209000091,16,87,-71
209000093,35,16,19
209000094,94,177,-83
209000110,48,115,-67
209000111,546,1585,-1039
209000112,1217,472,745
209000113,1724,456,1268
209000114,871,482,389
209000115,45,90,-45
209000116,378,195,183
209000118,27,46,-19
209000119,19,5,14
209000121,109,311,-202
209000135,61,144,-83
209000142,644,1752,-1108
209000143,33,37,-4
209000144,33,107,-74
209000229,279,119,160
209000240,35,158,-123
209000259,44,79,-35
209000260,37,688,-651
209000261,10,301,-291
209000262,3,205,-202
209000263,0,170,-170
209000264,0,246,-246
209000265,322,2,320
209000266,131,1,130
209000267,1047,9,1038
209000268,510,45,465
210000037,89,14,75
210000047,70,10,60
210000048,132,22,110
210000049,63,4,59
210000052,91,43,48
210000053,39,29,10
210000054,39,39,0
210000070,106,1,105
210000071,62,2,60
210000072,16,0,16
210000073,1,30,-29
210000074,0,96,-96
210000075,0,98,-98
210000076,3,140,-137
210000077,8,42,-34
210000078,25,33,-8
210000079,27,14,13
210000080,63,77,-14
210000081,141,25,116
210000082,96,3,93
210000083,65,4,61
210000084,41,0,41
210000085,0,34,-34
210000086,1,75,-74
210000099,61,195,-134
210000100,50,104,-54
210000101,79,123,-44
210000105,31,184,-153
210000159,0,190,-190
210000163,85,219,-134
210000164,222,200,22
210000168,134,42,92
210000187,0,17,-17
210000188,0,10,-10
210000214,29,0,29
210000219,17,61,-44
210000220,100,10,90
210000232,3,15,-12
210000233,32,42,-10
210000234,40,90,-50
210000235,62,44,18
210000245,0,36,-36
210000246,24,1,23
210000258,7,82,-75
210000259,244,44,200
210000282,68,194,-126
210000285,2,110,-108
210000286,15,174,-159
210000290,5,17,-12
210000295,55,104,-49
210000296,45,32,13
210000320,177,41,136
210000321,122,34,88
210000338,50,57,-7
210000339,204,1070,-866
210000340,89,378,-289
210000341,243,229,14
210000342,216,194,22
210000343,158,175,-17
210000344,120,98,22
210000345,135,199,-64
210000346,66,87,-21
210000347,23,27,-4
210000348,97,21,76
210000349,37,26,11
210000350,127,48,79
210000351,195,73,122
210000352,50,36,14
210000353,47,43,4
210000354,74,34,40
210000355,26,45,-19
210000356,10,48,-38
210000357,27,31,-4
210000358,140,125,15
210000359,86,74,12
210000360,156,93,63
210000361,153,98,55
210000362,206,156,50
210000363,416,167,249
210000364,84,112,-28
210000365,119,69,50
210000366,129,32,97
210000367,77,24,53
210000368,105,46,59
210000369,20,12,8
210000370,36,26,10
210000372,9,16,-7
210000373,16,16,0
210000374,56,27,29
210000375,35,24,11
210000376,59,66,-7
210000404,33,73,-40
210000439,28,18,10
210000472,66,2,64
210000482,30,114,-84
210000564,180,235,-55
210000567,1,39,-38
210000568,184,5,179
211000092,29,65,-36
211000094,38,17,21
211000169,199,21,178
211000172,23,192,-169
211000209,2,15,-13
211000226,14,12,2
211000270,46,12,34
211000275,19,9,10
211000276,96,16,80
211000279,20,21,-1
211000281,94,29,65
211507980,5,61,-56
211977296,44,7,37
212000003,120,32,88
212000004,16,31,-15
212000005,15,25,-10
212000006,28,48,-20
212000008,191,126,65
212000009,40,78,-38
212000012,83,35,48
212000013,34,50,-16
212000014,284,112,172
212000015,306,147,159
212000016,460,439,21
212000027,585,280,305
212000028,359,261,98
212000029,242,143,99
212000030,42,7,35
212000031,100,27,73
212000048,23,166,-143
212000049,17,141,-124
212000050,26,14,12
212000051,183,126,57
212000052,169,150,19
212000053,331,286,45
212000054,362,71,291
212000055,317,98,219
212000056,14,19,-5
212000057,15,17,-2
212000058,124,32,92
212000070,108,121,-13
212000077,141,314,-173
212000099,273,201,72
212000108,202,110,92
212000111,263,56,207
212000120,91,53,38
212000138,133,21,112
212000156,3,75,-72
212000158,4,17,-13
212000159,538,57,481
212000160,884,194,690
212000161,80,8,72
212000310,38,22,16
212000311,18,38,-20
212000374,42,17,25
213000001,35,347,-312
213000005,418,119,299
213000006,722,316,406
213000007,64,15,49
213000009,548,395,153
213000010,238,286,-48
213000011,207,88,119
213000012,162,208,-46
213000014,73,8,65
213000015,322,4,318
213000016,465,3,462
213000017,107,0,107
213000018,2,73,-71
213000019,0,98,-98
213000020,128,236,-108
213000021,2,81,-79
213000023,406,204,202
213000033,379,1587,-1208
213000034,612,201,411
213000035,141,224,-83
213000045,190,236,-46
213000046,211,147,64
213000047,467,1221,-754
213000056,108,20,88
213000069,63,7,56
213000073,4,44,-40
213000074,59,275,-216
213000075,501,4,497
213000076,35,2,33
213000085,9,26,-17
213000086,18,118,-100
213000091,308,17,291
213000092,77,10,67
213000099,136,1117,-981
213000100,1017,275,742
213000101,568,81,487
213000102,553,154,399
213000103,894,600,294
213000104,55,279,-224
213000105,1,179,-178
213000106,30,80,-50
213000107,143,322,-179
213000108,36,265,-229
213000109,16,140,-124
213000110,20,72,-52
213000111,2,64,-62
213000112,114,137,-23
213000115,61,4,57
213000116,60,246,-186
213000117,2,395,-393
213000118,626,200,426
213000119,28,435,-407
213000120,96,274,-178
213000122,142,301,-159
213000123,308,681,-373
213000124,138,1165,-1027
213000125,132,34,98
213000126,38,120,-82
213000127,76,199,-123
213000128,218,926,-708
213000129,315,883,-568
213000130,812,327,485
213000132,615,124,491
213000133,774,108,666
213000134,1029,13,1016
213000136,570,14,556
213000137,774,54,720
213000139,169,14,155
213000147,42,3,39
213000148,15,7,8
213000149,17,6,11
213000150,1,128,-127
213000151,5,144,-139
213000152,1,120,-119
213000153,6,78,-72
213000154,31,453,-422
213000155,55,211,-156
213000156,164,347,-183
213000157,965,305,660
213000158,378,792,-414
213000159,632,430,202
213000163,1258,136,1122
213000165,873,325,548
213000171,4,49,-45
213000172,3,122,-119
213000173,4,113,-109
213000174,4,54,-50
213000175,10,30,-20
213000176,63,36,27
213000177,104,9,95
213000178,220,5,215
213000179,304,1,303
213000180,284,3,281
213000184,96,386,-290
213000188,410,103,307
213000189,476,28,448
213000190,854,608,246
213000191,454,292,162
213000192,282,218,64
213000193,565,215,350
213000194,0,67,-67
213000195,43,327,-284
213000196,306,1074,-768
213000197,462,473,-11
213000198,37,2,35
213000200,130,598,-468
213000201,35,48,-13
213000202,7,416,-409
213000203,2305,543,1762
213000204,831,61,770
213000205,426,59,367
213000206,514,20,494
213000207,72,14,58
213000208,60,0,60
213000209,113,3,110
213000210,217,2,215
213000211,7,16,-9
213000212,3,25,-22
213000213,13,41,-28
213000218,249,341,-92
213000219,549,15,534
213000220,410,6,404
213000223,182,240,-58
213000224,36,50,-14
213000225,79,12,67
213000226,59,7,52
213000227,986,143,843
213000228,504,69,435
213000229,89,19,70
213000230,360,31,329
213000232,43,793,-750
213000233,11,965,-954
213000234,1,61,-60
213000293,14,95,-81
213000294,96,25,71
213000295,9,93,-84
213000296,47,12,35
213000297,14,71,-57
213000298,26,70,-44
213000299,49,21,28
213000300,11,12,-1
213000303,6,24,-18
213000304,3,6,-3
213000305,6,23,-17
213000306,36,33,3
213000307,84,65,19
213000308,95,103,-8
213000309,145,53,92
213000310,472,187,285
213000311,212,718,-506
213000315,74,97,-23
213000316,143,51,92
213000322,123,107,16
213000323,128,64,64
213000324,96,28,68
213000325,58,41,17
213000326,44,21,23
213000327,77,16,61
213000328,63,150,-87
213000329,118,17,101
213000340,153,267,-114
213000341,671,98,573
213000346,235,286,-51
213000347,512,510,2
213000348,5,182,-177
213000349,9,11,-2
213000350,263,625,-362
213000366,63,171,-108
213000367,271,15,256
213000379,50,75,-25
213000386,10,294,-284
213000406,111,298,-187
213000417,1332,399,933
213000425,258,47,211
213000426,231,45,186
213000427,75,135,-60
213000428,58,84,-26
213000429,22,2,20
213000430,122,327,-205
213000431,110,4,106
213000432,4,20,-16
213000433,31,134,-103
213000434,94,93,1
213000435,160,60,100
213000436,71,47,24
213000437,1,5,-4
213000438,132,40,92
213000439,47,14,33
213000440,14,310,-296
213000441,4,3,1
213000442,1,27,-26
213000443,433,269,164
213000444,38,47,-9
213000445,0,54,-54
213000446,0,29,-29
213000447,3,32,-29
213000448,9,151,-142
213000449,580,8,572
213000450,19,43,-24
213000451,267,61,206
213000452,29,18,11
213000453,27,231,-204
213000455,117,1,116
213000456,0,214,-214
213000481,7,5,2
213000482,31,2,29
213000489,331,52,279
213000491,4,164,-160
213000492,157,43,114
213000493,0,112,-112
213000494,268,95,173
213000495,1,32,-31
213000496,458,146,312
213000497,31,186,-155
213000498,175,99,76
213000499,197,260,-63
213000500,651,47,604
213000501,126,28,98
213000502,161,172,-11
213000503,1,49,-48
213000504,14,54,-40
213000505,8,5,3
213000506,1,17,-16
213000507,2,101,-99
213900244,69,0,69
213900245,0,23,-23
218000003,44,11,33
218000004,24,26,-2
218000005,41,36,5
218000006,46,27,19
218000007,12,22,-10
218000012,77,104,-27
218000013,137,153,-16
218000014,292,343,-51
218000019,525,476,49
218000020,183,336,-153
218000021,17,43,-26
218000022,14,15,-1
218000023,7,4,3
218000024,0,5,-5
218000025,5,16,-11
218000026,3,18,-15
218000027,2,7,-5
218000028,2,2,0
218000029,6,1,5
218000030,13,11,2
218000031,11,11,0
218000032,3,15,-12
218000040,3,2,1
218000046,57,29,28
218000047,13,66,-53
218000048,62,34,28
218000049,113,52,61
218000050,275,97,178
218000051,74,120,-46
218000052,1,45,-44
218000053,2,9,-7
218000054,6,34,-28
218000055,7,13,-6
218000056,11,21,-10
218000057,0,14,-14
218000064,4,9,-5
218000065,56,31,25
218000066,14,37,-23
218000067,70,58,12
218000068,118,69,49
218000069,264,98,166
218000070,229,144,85
218000071,160,108,52
218000072,170,209,-39
218000078,931,392,539
218000079,119,51,68
218000080,141,37,104
218000081,540,151,389
218000082,70,60,10
218000083,64,59,5
218000084,155,63,92
218000085,141,237,-96
218000086,59,91,-32
218000087,181,108,73
218000090,11,126,-115
218000091,1040,486,554
218000092,126,101,25
218000093,99,55,44
218000094,404,524,-120
218000099,179,595,-416
218000100,252,214,38
218000101,266,96,170
218000102,430,153,277
218000103,93,124,-31
218000104,80,25,55
218000105,33,31,2
218000106,17,8,9
218000107,67,38,29
218000108,1,22,-21
218000112,54,44,10
218000117,59,38,21
218000134,495,340,155
218000135,18,62,-44
218000136,129,86,43
218000137,268,102,166
218000138,62,95,-33
218000139,205,191,14
218000140,538,217,321
218000141,99,54,45
218000142,277,130,147
218000143,52,256,-204
218000144,30,77,-47
218000145,416,228,188
218000146,84,168,-84
218000151,3,13,-10
218000152,127,45,82
218000153,34,7,27
218000154,23,3,20
218000155,27,2,25
218000156,114,10,104
218000157,41,16,25
218000158,12,4,8
218000159,1,3,-2
218000160,2,7,-5
218000161,32,5,27
218000162,30,5,25
218000163,18,0,18
218000164,48,3,45
218000165,92,16,76
218000170,8,32,-24
218000171,31,11,20
218000172,7,8,-1
218000173,25,14,11
218000174,13,13,0
218000176,168,31,137
218000177,275,195,80
218000178,60,175,-115
218000179,121,63,58
218000180,95,20,75
218000181,167,27,140
218000187,4,31,-27
218000188,25,30,-5
218000189,36,36,0
218000190,15,12,3
218000191,189,26,163
218000192,237,96,141
218000193,335,185,150
218000194,93,194,-101
218000195,115,36,79
218000196,370,163,207
218000197,488,196,292
218000198,9,59,-50
218000199,39,14,25
218000200,71,28,43
218000201,19,7,12
218000202,51,282,-231
218000207,6,22,-16
218000208,27,20,7
218000211,39,14,25
218000212,0,19,-19
218000213,93,143,-50
218000214,9,25,-16
218000215,23,20,3
218000217,7,46,-39
218000218,195,34,161
218000219,11,16,-5
218000220,31,387,-356
218000221,459,177,282
218000222,6,23,-17
218000223,31,397,-366
218000224,15,189,-174
218000225,140,35,105
218000226,176,62,114
218000230,0,4,-4
218000232,30,42,-12
218000239,119,6,113
218000240,5,1,4
218000241,16,2,14
218000242,9,1,8
218000243,15,1,14
218000244,36,0,36
218000245,13,2,11
218000246,0,2,-2
218000247,0,0,0
218000248,0,10,-10
218000249,0,2,-2
218000250,4,13,-9
218000251,0,39,-39
218000252,2,96,-94
218000253,2,93,-91
218000254,1,68,-67
218000255,1,38,-37
218000256,7,85,-78
218000267,326,818,-492
218000268,6,20,-14
218000269,6,9,-3
218000270,132,27,105
218000271,11,29,-18
218000273,15,2,13
218000274,14,1,13
218000275,28,44,-16
218000276,20,20,0
218000278,27,25,2
218000279,104,31,73
218000280,1,13,-12
218000281,14,5,9
218000282,501,557,-56
218000284,61,5,56
218000301,141,100,41
218000302,140,38,102
218000303,17,43,-26
218000316,683,582,101
218000317,1397,485,912
218000318,939,367,572
218000319,997,571,426
218000320,774,451,323
218000338,27,18,9
218000345,51,62,-11
218000346,31,173,-142
218000459,30,98,-68
218000490,20,32,-12
218000501,78,34,44
218000502,54,26,28
218000503,100,16,84
218000504,144,19,125
218000505,27,64,-37
218000506,32,164,-132
218000508,3,4,-1
218000510,121,6,115
218000520,75,86,-11
218000521,21,21,0
218000522,2,104,-102
218000523,121,0,121
218000524,12,289,-277
218000525,97,26,71
218000526,28,171,-143
218000529,53,61,-8
218000530,11,3,8
218000531,10,9,1
218000532,35,15,20
218000534,206,14,192
218000537,13,48,-35
218000538,116,225,-109
218000540,116,77,39
218000543,179,36,143
218000544,28,42,-14
218000545,127,73,54
218000546,46,54,-8
218000547,113,145,-32
218000548,116,63,53
218000549,506,471,35
218000550,176,226,-50
218000551,57,700,-643
218000552,238,62,176
218000553,66,110,-44
218000554,28,26,2
218000555,43,68,-25
218000556,190,124,66
218000557,363,90,273
218000558,75,1,74
218000559,0,32,-32
218000560,0,53,-53
218000561,28,0,28
218000562,33,147,-114
218000563,199,25,174
218000564,4,103,-99
218000565,107,78,29
218000566,101,25,76
218000567,3,94,-91
218000568,3,2,1
218000569,1,227,-226
218000570,52,7,45
218000571,2,104,-102
218000572,120,0,120
218000573,13,134,-121
218000574,29,26,3
218000575,112,0,112
218000576,0,92,-92
218000577,86,5,81
218000578,0,83,-83
218000579,27,12,15
218000581,9,26,-17
218000582,43,2,41
218000583,6,0,6
218000584,0,16,-16
218000585,43,4,39
218000586,15,35,-20
218000587,0,0,0
218000588,0,3,-3
218000589,0,9,-9
218000590,2,2,0
218000591,1,5,-4
218000592,1,5,-4
218000593,0,1,-1
218000594,0,0,0
218000597,0,2,-2
218000598,0,1,-1
218000599,0,0,0
218000600,0,0,0
218000601,0,0,0
218000602,0,2,-2
218000603,0,3,-3
218000604,2,1,1
218000605,0,26,-26
218000606,54,7,47
218000607,14,30,-16
218000608,56,27,29
218000609,17,34,-17
218000610,56,5,51
218000611,32,2,30
218000612,1,12,-11
218000613,71,0,71
218000614,3,31,-28
218000615,132,4,128
218000616,9,104,-95
218000617,5,0,5
218000618,1,20,-19
218000619,56,9,47
218000620,31,27,4
218000621,0,0,0
218000622,0,22,-22
218000623,16,0,16
218000624,6,30,-24
218000625,2,0,2
218000626,2,8,-6
218000628,158,28,130
218000631,36,10,26
218000632,0,86,-86
218000633,90,0,90
218000634,6,10,-4
218000635,5,1,4
218000636,705,670,35
218000637,1032,318,714
218000638,313,29,284
218000639,16,70,-54
218000640,427,30,397
218000641,100,153,-53
218000652,33,35,-2
218000653,168,46,122
218000663,4,109,-105
218000675,40,40,0
218000676,5,8,-3
218000677,16,4,12
218000680,178,183,-5
218000681,367,117,250
218000691,258,122,136
218000693,383,104,279
218000703,3,18,-15
218000718,113,728,-615
218000719,184,514,-330
218000720,6,182,-176
218000721,46,13,33
218000725,5,3,2
218001147,3,32,-29
218001214,6,53,-47
218001258,126,3,123
218001329,82,84,-2
218001330,99,54,45
218001351,38,9,29
218001352,16,29,-13
218001353,9,9,0
218001354,2,20,-18
218001355,14,101,-87
218001356,598,18,580
218001357,12,79,-67
218001358,416,15,401
218001361,387,8,379
218001362,3,46,-43
219000001,32,50,-18
219000002,16,30,-14
219000003,63,37,26
219000004,45,44,1
219000017,78,44,34
219000020,157,47,110
219000022,163,5,158
219000023,107,1,106
219000029,1,51,-50
219000034,48,28,20
219000039,77,98,-21
219000040,56,69,-13
219000041,151,29,122
219000051,0,26,-26
219000052,0,12,-12
219000053,0,55,-55
219000054,27,61,-34
219000055,276,1,275
219000056,10,1,9
219000057,61,0,61
219000062,6,38,-32
219000063,112,6,106
219000064,0,30,-30
219000110,345,87,258
219000111,73,33,40
219000112,210,47,163
219000113,148,52,96
219000114,120,85,35
219000116,97,43,54
219000117,136,39,97
219000118,154,50,104
219000123,167,52,115
219000124,52,38,14
219000125,12,5,7
219000126,68,133,-65
219000127,0,6,-6
219000128,14,99,-85
219000129,23,106,-83
219000130,239,378,-139
219000131,490,870,-380
219000133,33,51,-18
219000134,18,28,-10
219000135,21,76,-55
219000136,92,180,-88
219000138,94,29,65
219000139,59,27,32
219000140,77,2,75
219000141,26,43,-17
219000142,16,53,-37
219000143,16,50,-34
219000145,16,48,-32
219000146,7,17,-10
219000147,1,24,-23
219000148,7,17,-10
219000149,5,35,-30
219000150,14,35,-21
219000151,2,26,-24
219000157,209,94,115
219000158,134,138,-4
219000161,99,3,96
219000163,864,410,454
219000166,123,175,-52
219000167,98,123,-25
219000168,263,94,169
219000174,435,114,321
219000175,116,7,109
219000176,139,5,134
219000177,63,2,61
219000178,63,2,61
219000179,23,11,12
219000180,40,38,2
219000182,142,25,117
219000183,71,28,43
219000184,111,16,95
219000185,0,30,-30
219000186,95,16,79
219000187,34,37,-3
219000189,40,161,-121
219000190,41,196,-155
219000191,364,1130,-766
219000192,179,130,49
219000193,117,125,-8
219000195,3,44,-41
219000196,3,72,-69
219000198,18,46,-28
219000199,48,129,-81
219000200,26,103,-77
219000201,59,108,-49
219000203,25,81,-56
219000204,78,223,-145
219000205,40,206,-166
219000207,70,162,-92
219000209,28,29,-1
219000210,33,46,-13
219000213,5,92,-87
219000239,161,186,-25
219000240,176,306,-130
219000241,128,92,36
219000242,50,119,-69
219000243,72,171,-99
219000244,11,51,-40
219000245,17,25,-8
219000246,24,12,12
219000247,235,24,211
219000248,423,324,99
219000249,139,104,35
219000250,164,92,72
219000251,512,288,224
219000252,233,186,47
219000253,373,95,278
219000255,142,125,17
219000256,238,70,168
219000257,120,1,119
219000262,93,76,17
219000263,55,87,-32
219000267,2,49,-47
219000268,2,4,-2
219000269,5,4,1
219000270,7,0,7
219000271,125,2,123
219000278,0,3,-3
219000279,0,5,-5
219000283,0,10,-10
219000295,16,52,-36
219000296,54,221,-167
219000297,13,56,-43
219000298,42,66,-24
219000299,424,49,375
219000300,19,115,-96
219000301,162,293,-131
219000302,42,229,-187
219000307,26,29,-3
219000308,46,56,-10
219000311,177,38,139
219000312,538,140,398
219000313,339,34,305
219000314,35,200,-165
219000315,370,40,330
219000316,536,48,488
219000317,104,10,94
219000320,4,49,-45
219000321,0,34,-34
219000323,6,50,-44
219000325,2,4,-2
219000326,46,32,14
219000327,60,32,28
219000328,28,62,-34
219000329,273,115,158
219000330,42,17,25
219000331,60,37,23
219000332,113,53,60
219000333,25,2,23
219000335,82,0,82
219000337,33,0,33
219000338,43,0,43
219000344,15,63,-48
219000345,36,45,-9
219000346,32,54,-22
219000348,207,65,142
219000349,73,101,-28
219000350,133,275,-142
219000351,5,8,-3
219000352,432,101,331
219000353,89,43,46
219000354,270,50,220
219000355,166,42,124
219000356,558,1295,-737
219000363,159,63,96
219000364,91,72,19
219000365,110,16,94
219000366,152,344,-192
219000368,247,563,-316
219000370,705,633,72
219000371,3,29,-26
219000382,6,23,-17
219000383,338,1127,-789
219000385,303,363,-60
219000386,521,1318,-797
219000387,0,12,-12
219000390,6,0,6
219000391,2,0,2
219000397,59,40,19
219000398,54,54,0
219000401,3,81,-78
219000402,32,59,-27
219000403,142,306,-164
219000404,19,111,-92
219000407,4,28,-24
219000409,64,45,19
219000410,103,46,57
219000411,62,18,44
219000446,85,295,-210
219000447,2,24,-22
219000448,14,14,0
219000452,102,59,43
219000453,57,210,-153
219000454,156,288,-132
219000556,333,60,273
219000558,114,88,26
219000590,18,107,-89
219000591,127,76,51
219000592,99,196,-97
219000595,4,14,-10
219000635,169,28,141
219000636,31,41,-10
219000657,17,38,-21
219000658,42,133,-91
219000673,1,44,-43
219000676,11,15,-4
219000679,28,7,21
219000684,55,1,54
219000685,0,35,-35
219000686,0,2,-2
219000688,0,36,-36
219000689,20,144,-124
219000690,180,23,157
219000691,37,131,-94
219000692,155,32,123
219000693,2,10,-8
219000694,9,0,9
219000695,33,1,32
219000698,15,0,15
219000699,0,12,-12
219000727,1,39,-38
219000728,49,0,49
219000770,62,1,61
219000771,2,33,-31
219000788,300,233,67
219001150,0,31,-31
219001151,0,2,-2
219001166,50,57,-7
219001167,1,72,-71
219001178,58,0,58
220000001,37,81,-44
220000002,7,82,-75
220000003,286,130,156
220000004,402,291,111
220000005,705,2103,-1398
220000006,157,756,-599
220000007,414,303,111
220000008,338,356,-18
220000009,292,285,7
220000010,151,91,60
220000011,357,2549,-2192
220000012,56,234,-178
220000014,128,41,87
220000015,48,237,-189
220000017,29,126,-97
220000018,3103,1769,1334
220000019,44,310,-266
220000020,361,143,218
220000021,771,129,642
220000022,898,316,582
220000023,349,130,219
220000024,1304,300,1004
220000025,944,1789,-845
220000026,309,579,-270
220000027,17,82,-65
220000028,54,72,-18
220000029,59,53,6
220000030,60,45,15
220000031,489,279,210
220000064,18,845,-827
221000046,3,1,2
221000047,0,1,-1
221000048,0,2,-2
221000049,0,9,-9
221000050,10,0,10
221000055,48,45,3
221000057,80,16,64
221000068,288,123,165
221000069,305,61,244
221000070,238,28,210
221000071,110,7,103
221000072,193,11,182
221000073,170,39,131
221000074,0,18,-18
221000075,13,18,-5
221000076,8,25,-17
221000077,17,59,-42
221000081,16,10,6
221000082,78,1,77
221000083,12,2,10
221000084,6,5,1
221000085,12,35,-23
221000086,15,72,-57
221000087,4,106,-102
221000088,20,127,-107
221000089,15,218,-203
221000090,72,481,-409
221000098,116,11,105
221000099,213,18,195
221000100,95,9,86
221000101,218,18,200
221000102,185,15,170
221000109,5,110,-105
221000110,5,60,-55
221000111,18,120,-102
221000112,11,102,-91
221000113,9,93,-84
221000114,11,110,-99
221000120,23,40,-17
221000121,7,58,-51
221000122,23,33,-10
221000123,2,8,-6
221000124,21,96,-75
221000155,121,15,106
221000156,45,31,14
221000175,0,14,-14
221000176,0,1,-1
221000182,60,6,54
221000241,581,235,346
221000242,142,348,-206
221000243,569,179,390
221000244,312,442,-130
221000245,110,92,18
221000246,36,214,-178
221000247,142,85,57
221000248,123,102,21
221000267,58,480,-422
221000325,21,59,-38
221000331,12,17,-5
221000338,11,39,-28
221000378,213,24,189
221000381,47,58,-11
222000282,7,6,1
222000296,0,17,-17
222000568,343,27,316
222000569,216,56,160
222000570,152,33,119
222000571,488,18,470
222000577,17,83,-66
222000578,13,105,-92
222000579,30,74,-44
222000580,44,430,-386
222000599,0,106,-106
222000600,2,176,-174
222000601,8,626,-618
222000603,14,41,-27
222000604,2,62,-60
222000605,30,47,-17
222000606,1,16,-15
222000607,2,2,0
222000608,20,13,7
222000609,78,79,-1
222000616,603,27,576
222000617,5,27,-22
222000618,1,3,-2
222000620,9,14,-5
222000621,39,12,27
222000623,649,10,639
222000624,424,2,422
222000625,601,19,582
222000636,80,3,77
222000686,14,11,3
222000687,49,35,14
222001066,289,3,286
222001067,33,0,33
222001068,103,23,80
222001069,62,19,43
222001082,33,26,7
222001083,17,17,0
222001084,0,47,-47
222001085,0,109,-109
222001111,53,58,-5
222001112,180,17,163
222001313,36,11,25
222001314,6,94,-88
222001464,181,36,145
222001465,17,54,-37
222001484,162,48,114
222001485,24,35,-11
222001494,710,116,594
222001495,109,93,16
222001496,362,79,283
222001497,124,198,-74
222001502,13,65,-52
222001503,140,21,119
222001504,26,263,-237
222001505,387,17,370
222001506,42,294,-252
222001507,313,21,292
222001510,638,22,616
222001511,52,176,-124
222001514,675,180,495
222001515,168,385,-217
222001518,416,48,368
222001519,50,95,-45
222001527,235,64,171
222001528,31,95,-64
222001529,341,36,305
222001530,79,104,-25
222001533,114,147,-33
222001534,401,47,354
222001535,290,255,35
222001536,94,108,-14
222001537,378,48,330
222001538,74,306,-232
222001563,894,97,797
222001564,84,224,-140
222001568,181,208,-27
222001576,0,8,-8
222001579,0,8,-8
222001583,28,64,-36
222001584,101,14,87
222001596,426,1003,-577
222001597,1434,299,1135
222001626,1,93,-92
222001650,23,154,-131
222001651,54,550,-496
222001914,248,62,186
222001915,72,107,-35
222001968,530,223,307
222001969,276,278,-2
222001970,179,136,43
222001971,32,9,23
222001972,5,12,-7
225000001,378,144,234
225000002,605,153,452
225000003,692,78,614
225000004,478,179,299
225000005,57,38,19
225000006,1,128,-127
225000007,911,1047,-136
225000010,318,27,291
225000011,333,995,-662
225000012,228,549,-321
225000013,61,82,-21
225000014,618,88,530
225000015,112,118,-6
225000021,762,147,615
225000027,203,320,-117
225000032,562,96,466
225000042,92,399,-307
225000049,66,39,27
225000050,62,10,52
225000053,5,235,-230
225000058,490,173,317
225000067,180,136,44
225000068,91,192,-101
225000069,70,317,-247
225000070,118,216,-98
225000071,39,83,-44
225000075,25,434,-409
225000076,52,125,-73
225000078,42,33,9
225000085,104,141,-37
225000086,280,95,185
225000087,132,15,117
225000088,12,158,-146
225000089,145,823,-678
225000090,45,397,-352
225000091,194,102,92
225000092,33,59,-26
225000093,203,176,27
225000094,26,120,-94
225000095,316,227,89
225000096,239,308,-69
225000098,768,281,487
225000099,442,178,264
225000100,459,145,314
225000104,117,283,-166
225000110,6,288,-282
225000111,173,609,-436
225000112,217,701,-484
225000113,215,439,-224
225000114,76,158,-82
225000115,846,489,357
225000116,679,181,498
225000117,700,216,484
225000118,1078,201,877
225000119,237,71,166
225000120,691,25,666
225000121,274,22,252
225000123,484,14,470
225000125,484,114,370
225000126,691,126,565
225000127,507,1289,-782
225000128,427,895,-468
225000132,340,28,312
225000133,181,26,155
225000134,547,158,389
225000135,82,10,72
225000136,298,17,281
225000137,259,38,221
225000138,374,104,270
225000143,39,132,-93
225000144,3,184,-181
225000145,51,35,16
225000146,41,36,5
225000147,20,124,-104
225000148,7,106,-99
225000149,43,257,-214
225000151,22,97,-75
225000155,310,260,50
225000156,123,748,-625
225000157,215,272,-57
225000158,60,153,-93
225000171,7,120,-113
225000180,31,5,26
225000181,1,46,-45
225000182,83,4,79
225000185,9,422,-413
225000187,37,343,-306
225000191,88,3,85
225000194,0,8,-8
225000208,1,40,-39
225000209,104,7,97
225000210,0,183,-183
225000217,0,16,-16
225000218,6,1,5
225000223,0,28,-28
225000224,25,0,25
225000225,1,9,-8
225000226,21,0,21
225000227,25,55,-30
225000228,12,13,-1
225000229,0,48,-48
225000230,44,0,44
225000231,0,46,-46
225000232,105,0,105
225000241,46,0,46
225000242,0,34,-34
225000249,3,0,3
225000250,49,309,-260
225000251,343,31,312
225000254,2,4,-2
225000256,2,20,-18
225000257,1,8,-7
226000042,152,280,-128
226000043,62,227,-165
226000044,117,255,-138
226000045,40,176,-136
226000046,478,55,423
226000047,394,78,316
226000048,441,87,354
226000049,256,152,104
226000070,0,14,-14
226000071,0,24,-24
226000072,0,9,-9
226000073,0,2,-2
226000074,0,11,-11
226000084,1,26,-25
226000085,1,7,-6
226000086,1,10,-9
226000087,2,13,-11
226000088,32,48,-16
226000090,217,136,81
226000091,33,63,-30
226000092,2,23,-21
226000093,9,2,7
226000094,4,2,2
226000095,15,0,15
226000105,14,3,11
226000106,6,1,5
226000107,8,1,7
226000108,37,1,36
226000109,92,1,91
226000124,91,57,34
226000134,858,426,432
226000135,1646,471,1175
226000136,652,365,287
226000137,3,224,-221
226000138,10,110,-100
226000139,1,27,-26
226000156,256,0,256
226000157,186,12,174
226000163,117,177,-60
226000202,20,169,-149
226000231,409,8,401
226000232,34,6,28
227000033,399,59,340
227000036,530,43,487
227000037,492,24,468
227000038,127,31,96
227000084,0,91,-91
227000085,0,43,-43
227000088,53,2,51
227000089,115,0,115
227000090,29,1,28
227000091,16,0,16
227000092,60,1,59
227000093,159,1,158
227000094,11,0,11
227000130,28,101,-73
227000131,12,97,-85
227000132,6,133,-127
227000133,12,136,-124
227000134,13,199,-186
227000152,0,7,-7
227000153,1,52,-51
227000154,0,43,-43
227000155,0,21,-21
227000156,0,12,-12
227000165,2,59,-57
227000196,400,140,260
227000199,466,252,214
227000230,14,183,-169
227000232,574,20,554
227000242,46,320,-274
227000243,510,75,435
227000245,12,220,-208
227000246,85,262,-177
227000247,470,70,400
227000248,174,42,132
227000249,33,71,-38
227000250,345,149,196
227000251,77,167,-90
227000252,25,163,-138
227000253,216,26,190
227000262,481,60,421
227000266,1393,20,1373
227000267,28,746,-718
227000282,7,72,-65
227000284,742,20,722
227000286,0,32,-32
227000287,14,45,-31
227000291,11,237,-226
227000296,128,225,-97
227000484,210,16,194
227000485,10,485,-475
227000655,256,2,254
227000656,710,53,657
227000657,154,12,142
227000661,275,18,257
227000680,150,65,85
229000265,14,15,-1
229000296,1,7,-6
229000297,2,9,-7
229000298,5,95,-90
229000320,10,1,9
229000321,10,0,10
229000412,16,50,-34
229000414,7,33,-26
229000415,24,1,23
229000416,1,10,-9
229000417,2,9,-7
229000419,69,219,-150
229000440,297,90,207
229000442,37,5,32
229000443,9,1,8
229000444,2,20,-18
229000445,66,8,58
229000446,101,5,96
229000491,0,11,-11
229000492,10,41,-31
229000493,1,42,-41
229000494,48,2,46
229000495,148,1,147
229000496,82,3,79
229000507,0,29,-29
229000508,1,21,-20
229000509,0,53,-53
229000510,0,32,-32
229000511,4,30,-26
229000512,1,18,-17
229000513,0,3,-3
229000514,0,2,-2
229000517,4,6,-2
229000518,24,5,19
229000519,0,1,-1
229000520,13,48,-35
229000521,70,20,50
229000522,18,9,9
229000523,21,4,17
229000524,6,5,1
229000527,1,0,1
229000528,0,0,0
229000529,4,0,4
229000530,52,0,52
229000531,21,0,21
229000532,9,1,8
229000533,53,0,53
229000534,36,0,36
229000564,59,0,59
229000565,26,0,26
229000566,0,2,-2
229000567,0,25,-25
229000582,73,3,70
229000583,5,2,3
229000584,1,37,-36
229000585,1,34,-33
229000718,0,2,-2
229000719,0,2,-2
229000720,0,6,-6
229000721,0,0,0
229000722,0,4,-4
229000723,0,5,-5
229000724,0,0,0
229000725,0,3,-3
229000738,2,0,2
229000739,0,0,0
229000740,0,0,0
229000741,28,0,28
229000742,11,0,11
229000743,34,0,34
229000744,2,0,2
229000745,3,0,3
229000746,28,0,28
229000847,47,0,47
229000848,23,0,23
229000849,103,1,102
229000851,27,0,27
229000854,0,12,-12
229000856,0,17,-17
229000857,0,8,-8
229000858,0,10,-10
229000919,12,37,-25
229000930,2,187,-185
229000937,67,5,62
229000966,72,37,35
229000981,21,13,8
229000985,12,15,-3
229000986,0,5,-5
229000987,0,0,0
229000988,2,2,0
229000989,13,2,11
229000990,0,0,0
229000991,0,1,-1
229000992,26,3,23
229000993,118,10,108
229000998,7,36,-29
229000999,78,5,73
229001034,0,4,-4
229001035,7,2,5
229001037,35,7,28
229001042,21,7,14
229001047,9,29,-20
229001050,30,27,3
229001168,0,16,-16
229001200,20,2,18
229001338,4,21,-17
229001394,176,1,175
229001422,112,17,95
229001423,24,67,-43
229001431,70,31,39
229001432,24,53,-29
229001444,228,70,158
229001445,22,98,-76
229001479,33,2,31
229001503,226,46,180
229001504,89,73,16
229001505,126,15,111
229001506,49,46,3
229001509,21,10,11
229001545,63,8,55
229001546,5,60,-55
229001553,62,9,53
229001554,36,38,-2
229001559,1,18,-17
229001560,9,24,-15
229001630,42,4,38
229001631,1,17,-16
229001635,2,16,-14
229001636,4,1,3
229001658,0,67,-67
229001659,72,0,72
229001660,12,8,4
229001661,2,23,-21
229001662,13,0,13
229001663,0,11,-11
229002584,145,108,37
229002831,86,98,-12
229002841,19,12,7
229002842,21,11,10
229002843,65,10,55
229002844,35,24,11
229002845,19,83,-64
229002846,21,20,1
229002847,2,24,-22
229002848,12,9,3
229002849,3,96,-93
229002850,18,2,16
229002851,35,193,-158
229002852,219,31,188
229002853,139,6,133
229002854,25,70,-45
229002855,1,25,-24
229002856,41,10,31
229002857,10,185,-175
229002858,19,10,9
229002859,28,244,-216
229002860,272,28,244
229002861,56,12,44
229002862,15,24,-9
229002863,35,13,22
229002864,28,13,15
229002865,11,9,2
229002866,10,23,-13
229002867,9,36,-27
229002868,5,9,-4
229002869,23,93,-70
229002870,81,9,72
235000066,211,35,176
235000067,87,62,25
235000072,36,62,-26
235000073,97,257,-160
235000074,46,26,20
235000080,19,56,-37
235000081,125,70,55
235000082,129,11,118
235000083,236,57,179
235000084,44,25,19
235000085,162,36,126
235000089,36,17,19
235000092,25,96,-71
235000093,17,4,13
235000097,2,4,-2
235000098,64,2,62
235000099,19,12,7
235000116,36,9,27
235000117,370,10,360
235000133,6,500,-494
235000134,10,166,-156
235000206,12,9,3
235000207,5,4,1
235000208,3,4,-1
235000209,9,2,7
235000210,5,0,5
235000212,4,18,-14
235000213,1,6,-5
235000220,2,3,-1
235000221,81,19,62
235000238,12,120,-108
235000239,4,18,-14
235000242,315,750,-435
235000245,292,127,165
235000246,15,75,-60
235000284,8,140,-132
235000295,49,32,17
235000305,245,10,235
235000306,284,7,277
235000307,8,0,8
235000308,15,0,15
235000309,61,0,61
235000310,43,0,43
235000311,118,12,106
235000322,0,45,-45
235000323,0,28,-28
235000324,0,12,-12
235000325,1,16,-15
235000326,6,64,-58
235000351,8,69,-61
235000352,11,39,-28
235000353,10,29,-19
235000354,10,35,-25
235000355,14,77,-63
235000356,72,1,71
235000357,30,3,27
235000358,26,5,21
235000359,19,3,16
235000360,46,15,31
235000361,64,13,51
235000381,118,60,58
235000382,174,29,145
235000390,13,3,10
235000391,210,19,191
235000392,215,237,-22
235000393,163,99,64
235000395,175,32,143
235000396,549,52,497
235000400,55,50,5
235000401,12,117,-105
235000405,75,129,-54
235000406,35,122,-87
235000407,50,42,8
235000409,90,63,27
235000410,32,193,-161
235000411,0,32,-32
235000485,0,9,-9
235000486,10,0,10
235000549,94,69,25
235000550,85,96,-11
235000599,188,25,163
235000600,6,8,-2
235000601,9,13,-4
235000602,98,46,52
235000614,2,5,-3
235000648,2,13,-11
235000649,31,4,27
235000685,2,2,0
235000815,14,104,-90
235000834,0,10,-10
235000855,39,29,10
235000862,25,52,-27
235000891,0,8,-8
235000892,10,5,5
235000901,83,42,41
235000907,16,10,6
235001010,103,30,73
235001029,275,236,39
235001030,393,196,197
235001078,89,76,13
235001079,42,59,-17
235001147,5,34,-29
235001166,11,32,-21
235001167,47,20,27
235001169,19,245,-226
235001188,1,3,-2
235001189,3,2,1
235001197,8,13,-5
235001200,47,44,3
235001207,122,49,73
235001210,8,54,-46
235001215,9,64,-55
235001239,2,31,-29
235001244,0,1,-1
235016267,0,51,-51
277101746,0,0,0
277102712,1,0,1
277103813,0,0,0
277103814,0,0,0
277103898,0,0,0
277104249,0,1,-1
277104250,1,11,-10
277104251,0,4,-4
277104252,0,0,0
990011530,0,140,-140
990014944,1,248,-247
990015176,19,2,17
990015618,2,102,-100
990016032,0,184,-184
990032570,15,26,-11
990070001,81,18,63
990070103,0,2,-2
990070601,0,26,-26
990070751,1381,51,1330
990070766,0,190,-190
990071180,436,141,295
990071343,28,1,27
990071387,0,3,-3
990071823,462,10,452
990072600,4,1162,-1158
990072964,1,304,-303
990073285,0,0,0
990074393,0,483,-483
990074870,1595,10,1585
990075106,885,4,881
990075746,507,8,499
990076437,1873,3,1870
990076458,8,292,-284
997000007,297,9,288
997000041,0,193,-193
997000058,55,0,55
997000062,16,1,15
997000069,0,1,-1
997000070,0,14,-14
997000100,34,1,33
997000141,2,1577,-1575
997000198,124,770,-646
998000475,0,6,-6
998000736,0,91,-91
998000965,0,8,-8
998001031,0,66,-66
998001700,0,6,-6
998001899,0,1,-1
998001900,12,1,11
998003073,817,5,812
998101900,0,0,0
998102850,6,369,-363
998501927,616,1022,-406
998501929,126,8,118
998501930,61,0,61
998501931,129,25,104
998501932,3,0,3
998501933,68,1,67
998501937,33,5,28
998501944,21,1,20
998501950,0,80,-80
998501970,73,5,68
998501971,1,88,-87
998501973,0,26,-26
998501974,0,177,-177
998501975,129,0,129
998501976,206,0,206
998501977,0,23,-23
998501978,4,1,3
998501979,0,3,-3
998501980,73,0,73
998501981,61,0,61
998501982,0,103,-103
998501983,0,42,-42
998502006,0,0,0
998502024,0,3,-3
998502032,0,5,-5
998502062,14,1,13
998502063,0,0,0
998502173,13,0,13
998502269,0,2,-2
998502546,0,133,-133
998502578,0,1,-1
998601159,1,49,-48
998601292,0,5,-5
999033574,0,200,-200
999800001,40,18,22
999800002,0,3,-3
999800003,2,0,2
999800004,0,2,-2
999800005,0,3,-3
