ID,insum,outsum,diff
100000001,782,1300,-518
100000002,5057,833,4224
100000003,5865,3252,2613
100000004,1735,1297,438
100000005,2472,4728,-2256
100000006,1030,122,908
100000007,4153,677,3476
100000008,203,594,-391
100000009,791,206,585
100000010,56,60,-4
100000011,858,95,763
100000012,146,980,-834
100000013,22,251,-229
100000014,476,360,116
100000015,2852,2679,173
100000016,1393,1935,-542
100000017,1213,1147,66
100000018,2138,758,1380
100000019,7672,2526,5146
100000020,2464,7916,-5452
100000021,7423,3880,3543
100000022,4115,1796,2319
100000023,9613,1714,7899
100000025,4664,1144,3520
100000028,4137,1182,2955
100000029,617,317,300
100000030,814,88,726
100000031,12575,9678,2897
100000032,3857,5448,-1591
100000033,1533,3374,-1841
100000034,1435,542,893
100000035,3061,1160,1901
100000036,3542,1540,2002
100000037,636,625,11
100000038,2141,1292,849
100000039,1261,209,1052
100000040,396,185,211
100000041,1355,442,913
100000042,1295,500,795
100000043,1235,546,689
100000044,500,869,-369
100000045,663,1663,-1000
100000046,873,1674,-801
100000047,622,898,-276
100000048,1001,730,271
100000049,2170,2753,-583
100000051,753,1375,-622
100000053,199,10,189
100000054,591,41,550
100000055,1438,245,1193
100000056,620,788,-168
100000057,2195,1001,1194
100000058,1260,1441,-181
100000059,12,134,-122
100000060,534,493,41
100000061,2792,648,2144
100000062,2191,653,1538
100000063,790,318,472
100000064,1975,618,1357
100000065,732,1232,-500
100000066,314,988,-674
100000067,691,1038,-347
100000068,803,1971,-1168
100000069,474,2206,-1732
100000072,548,1225,-677
100000073,2060,1695,365
100000075,905,436,469
100000076,3925,4096,-171
100000077,1420,256,1164
100000078,119,101,18
100000079,38,74,-36
100000080,52,65,-13
100000081,189,60,129
100000102,8878,1709,7169
100000103,7155,1195,5960
100000104,5978,2688,3290
100000105,5204,1517,3687
100000106,4366,2067,2299
100000107,1176,789,387
100000108,2447,1298,1149
100000109,7878,1953,5925
100000116,1997,949,1048
100000117,123,47,76
100000118,2661,1227,1434
100000119,1116,600,516
100000121,309,606,-297
100000122,4259,1150,3109
100000123,4845,8575,-3730
100000124,6187,12493,-6306
100000125,3273,1253,2020
100000126,2165,350,1815
100000127,5072,445,4627
100000128,1641,1422,219
100000129,855,578,277
100000130,379,668,-289
100000131,3090,4334,-1244
100000132,1450,3185,-1735
100000133,7031,3708,3323
100000135,620,858,-238
100000139,507,194,313
100000140,590,334,256
100000142,513,683,-170
100000143,2366,1026,1340
100000144,5701,1043,4658
100000147,1570,3473,-1903
100000150,80,577,-497
100000151,1149,1382,-233
100000153,1233,475,758
100000154,729,139,590
100000155,38,92,-54
100000156,288,150,138
100000157,49,94,-45
100000158,236,117,119
100000159,1568,585,983
100000165,1640,1098,542
100000169,1533,410,1123
100000174,3120,562,2558
100000179,221,649,-428
100000180,2905,1433,1472
100000181,342,309,33
100000188,144,450,-306
100000189,1216,377,839
100000190,1178,558,620
100000191,717,485,232
100000192,162,171,-9
100000193,221,225,-4
100000330,3023,999,2024
100000355,402,673,-271
100000362,7465,3930,3535
100000363,3460,5609,-2149
100000364,648,190,458
100000365,4645,5618,-973
100000366,7454,3570,3884
100000367,5417,4783,634
100000368,3080,2086,994
100000369,1377,2169,-792
100000370,212,617,-405
100000376,216,150,66
100000379,8989,2122,6867
100000380,12720,3471,9249
100000384,10259,5986,4273
100000385,9042,4809,4233
100000386,14628,8198,6430
100000387,13536,6208,7328
100000388,11692,9255,2437
100000389,11644,8168,3476
100000390,11926,6336,5590
100000391,7716,8600,-884
100000392,7914,2939,4975
100000393,3682,3579,103
100000394,13329,6348,6981
100000395,7170,2638,4532
100000396,9872,3178,6694
100000397,6148,3212,2936
100000398,14169,10026,4143
100000413,38,19,19
100900002,33,40,-7
100900003,286,134,152
100900004,19,768,-749
100900005,204,13,191
100900006,27,232,-205
100900007,516,13,503
100900008,2,443,-441
100900009,79,92,-13
100900010,77,97,-20
100900011,107,385,-278
100900012,3,286,-283
100900013,715,7,708
100900014,0,9,-9
100900015,173,201,-28
100900016,3,51,-48
100900017,971,92,879
100900018,0,24,-24
100900019,30,168,-138
100900020,483,4,479
100900021,352,0,352
100900022,15,19,-4
100900023,0,23,-23
100900024,1222,0,1222
100900025,20,18,2
100900026,116,151,-35
100900027,459,2987,-2528
100900028,204,178,26
100900029,101,14,87
100900030,14,22,-8
100900031,670,98,572
100900032,191,3,188
100900033,288,221,67
100900034,416,1,415
100900035,959,1,958
100900036,16,1,15
100900037,47,283,-236
100900038,373,16,357
100900039,256,653,-397
100900040,235,924,-689
100900041,696,1085,-389
100900042,979,326,653
100900043,4,20,-16
100900044,4216,598,3618
100900045,244,1,243
100900046,1034,7,1027
100900047,849,197,652
100900048,219,31,188
100900049,72,237,-165
100900050,0,40,-40
100900051,94,65,29
100900052,269,24,245
100900053,330,19,311
100900054,24,120,-96
100900055,376,598,-222
100900056,177,330,-153
100900057,770,1749,-979
100900058,497,33,464
100900059,129,2,127
100900060,98,10,88
100900061,421,412,9
100900062,6,72,-66
100900063,180,543,-363
100900064,726,14,712
100900065,184,129,55
100900066,116,168,-52
100900067,2,10,-8
100900068,100,101,-1
100900069,2924,15,2909
100900070,244,3,241
100900071,766,422,344
100900072,2,54,-52
100900073,122,592,-470
100900074,3,14,-11
100900075,2191,484,1707
100900076,22,61,-39
100900077,13,175,-162
100900078,83,743,-660
100900079,1,28,-27
100900080,46,197,-151
100900081,65,283,-218
100900082,92,873,-781
100900083,11,90,-79
100900085,0,86,-86
100900086,281,1869,-1588
100900088,112,1071,-959
100900089,3,36,-33
100900090,185,389,-204
100900091,2,23,-21
100900092,265,296,-31
100900093,185,306,-121
100900094,129,910,-781
100900095,0,31,-31
100900096,36,109,-73
100900097,2,21,-19
100900098,14,8,6
100900099,48,785,-737
100900100,7,365,-358
100900101,469,71,398
100900102,4,43,-39
100900103,32,12,20
100900104,17,213,-196
100900105,5,180,-175
100900106,46,2,44
100900107,2296,746,1550
100900108,3,6,-3
100900109,12,33,-21
100900110,4,75,-71
100900111,52,267,-215
100900112,0,6,-6
100900113,18,29,-11
100900114,10,26,-16
100900115,10,46,-36
100900116,798,1517,-719
100900117,329,735,-406
100900118,19,43,-24
100900119,13,21,-8
100900120,4,26,-22
100900121,277,787,-510
100900122,185,290,-105
100900123,84,158,-74
100900124,8,11,-3
100900125,18,110,-92
100900126,111,230,-119
100900127,1,10,-9
100900128,145,169,-24
100900129,0,190,-190
100900131,83,234,-151
100900133,50,28,22
100900134,3,10,-7
100900135,0,129,-129
100900137,416,250,166
100900138,608,542,66
100900139,12,6,6
100900140,13,963,-950
100900141,0,441,-441
100900142,2,31,-29
100900143,1169,444,725
100900144,16,9,7
100900145,102,157,-55
100900146,8,69,-61
100900147,46,295,-249
100900148,21,1320,-1299
100900149,19,140,-121
100900150,2,24,-22
100900151,176,511,-335
100900152,105,5,100
100900153,3,153,-150
100900154,4,32,-28
100900155,7,3,4
100900156,12,1,11
100900157,2,118,-116
100900159,3,25,-22
100900160,24,10,14
100900161,105,3,102
100900162,18,232,-214
100900163,218,299,-81
100900164,91,57,34
100900165,56,65,-9
100900166,22,1,21
100900167,24,118,-94
100900168,51,117,-66
100900169,191,1003,-812
100900170,30,12,18
100900171,27,659,-632
100900172,0,18,-18
100900173,8,711,-703
100900174,418,62,356
100900176,1969,284,1685
100900177,1003,659,344
100900178,636,130,506
100900179,109,105,4
100900180,4,2,2
100900181,85,63,22
100900182,25,20,5
100900184,12,178,-166
100900186,1116,915,201
100900187,9,169,-160
100900188,46,43,3
100900189,970,218,752
100900191,1736,1321,415
100900192,400,282,118
100900195,259,145,114
100900197,42,224,-182
100900198,20,543,-523
100900199,19,24,-5
100900200,579,462,117
100900201,84,797,-713
100900202,32,1,31
100900203,0,148,-148
100900204,315,294,21
100900205,229,433,-204
100900206,102,77,25
100900207,209,120,89
100900210,87,1135,-1048
100900211,486,240,246
100900213,53,28,25
100900214,1314,197,1117
100900215,19,49,-30
100900217,291,135,156
101000001,5352,2328,3024
101000002,5118,6001,-883
101000003,1331,3235,-1904
101000004,11857,13258,-1401
101000005,5573,8363,-2790
101000006,9547,13014,-3467
101000007,3715,4212,-497
101000008,8343,4519,3824
101000009,2710,2821,-111
101000010,1365,2060,-695
101000011,3321,899,2422
101000012,2586,730,1856
101000013,811,1524,-713
101000014,1051,937,114
101000015,1643,978,665
101000016,1588,600,988
101000017,1517,837,680
101000018,10679,3222,7457
101000020,8799,1076,7723
101000021,4001,511,3490
101000022,467,53,414
101000023,3487,1008,2479
101000025,378,512,-134
101000026,600,52,548
101000027,4435,1987,2448
101000028,2045,215,1830
101000029,192,899,-707
101000030,1883,94,1789
101000031,796,181,615
101000032,10351,3232,7119
101000033,5333,3134,2199
101000034,7747,1925,5822
101000035,2542,622,1920
101000036,4066,730,3336
101000037,8649,1916,6733
101000039,5304,2995,2309
101000040,7063,4240,2823
101000041,16751,7037,9714
101000042,1786,1068,718
101000043,11023,6072,4951
101000045,2391,781,1610
101000046,3708,789,2919
101000047,2484,1745,739
101000048,1350,985,365
101000049,1559,1290,269
101000050,2427,1423,1004
101000051,3081,2230,851
101000052,2876,850,2026
101000053,1594,1535,59
101000054,2043,1367,676
101000055,2096,2380,-284
101000056,149,151,-2
101000057,4247,1138,3109
101000058,3863,1439,2424
101000059,8224,1900,6324
101000060,2785,832,1953
101000061,1598,1795,-197
101000062,1578,1177,401
101000063,1356,1056,300
101000064,2579,1020,1559
101000065,672,521,151
101000066,834,488,346
101000067,1492,634,858
101000068,749,474,275
101000069,728,93,635
101000070,2134,1165,969
101000071,2937,1184,1753
101000072,1407,5104,-3697
101000073,760,764,-4
101000074,6334,4013,2321
101000075,6968,3185,3783
101000077,1666,1261,405
101000078,1263,2295,-1032
101000079,651,462,189
101000080,785,401,384
101000081,1313,1960,-647
101000082,4497,3492,1005
101000083,2520,2580,-60
101000084,1582,1191,391
101000085,2058,1436,622
101000086,1572,1381,191
101000087,1077,1764,-687
101000088,1155,1298,-143
101000089,1115,2151,-1036
101000090,3339,1825,1514
101000091,426,1933,-1507
101000092,736,1489,-753
101000093,2023,1120,903
101000094,735,1684,-949
101000095,287,1016,-729
101000096,352,841,-489
101000097,1127,423,704
101000098,895,682,213
101000099,1468,2042,-574
101000100,1395,902,493
101000101,725,406,319
101000102,2979,445,2534
101000103,1346,536,810
101000104,652,771,-119
101000105,2248,403,1845
101000106,1361,562,799
101000107,203,485,-282
101000108,2215,451,1764
101000109,290,100,190
101000110,51,1117,-1066
101000111,115,224,-109
101000113,310,974,-664
101000114,7133,2740,4393
101000115,118,107,11
101000116,199,154,45
101000117,832,282,550
101000119,307,72,235
101000120,476,65,411
101000121,183,32,151
101000122,285,80,205
101000123,120,95,25
101000124,373,196,177
101000125,295,680,-385
101000128,2027,318,1709
101000130,298,327,-29
101000131,890,891,-1
101000132,577,2783,-2206
101000135,142,42,100
101000136,520,107,413
101000137,48,437,-389
101000141,4125,3815,310
101000147,1411,683,728
101000148,2261,31,2230
101000149,128,126,2
101000150,111,1773,-1662
101000151,145,79,66
101000152,454,428,26
101000153,724,658,66
101000154,273,2500,-2227
101000155,201,231,-30
101000156,38,334,-296
101000157,113,29,84
101000160,149,43,106
101000163,353,169,184
101000164,597,607,-10
101000165,273,571,-298
101000166,305,413,-108
101000168,1013,496,517
101000252,1820,1173,647
101000254,776,50,726
101000258,41,16,25
101000261,79,29,50
101000262,3648,1532,2116
101000263,419,854,-435
101000265,119,710,-591
101000266,562,341,221
101000269,287,11,276
101000290,3270,4694,-1424
101000293,31,88,-57
101000294,720,453,267
101000295,196,797,-601
101000301,1371,433,938
101000304,5821,3812,2009
101000305,5229,2937,2292
101000328,171,475,-304
101900001,6,90,-84
101900002,0,17,-17
101900003,313,142,171
101900004,10,67,-57
101900005,7688,1838,5850
101900006,1254,81,1173
101900007,955,103,852
101900008,353,393,-40
101900009,133,603,-470
101900010,1385,893,492
101900011,586,2210,-1624
101900012,197,586,-389
101900013,1627,164,1463
101900017,48,287,-239
101900018,2425,319,2106
101900019,442,166,276
101900020,28,87,-59
101900021,3,86,-83
101900022,157,1760,-1603
101900023,114,364,-250
101900026,155,53,102
101900027,21,119,-98
102000001,9404,5440,3964
102000002,5992,2233,3759
102000003,4739,9361,-4622
102000004,10202,5116,5086
102000005,3016,3659,-643
102000006,3938,3727,211
102000007,2319,7769,-5450
102000008,7666,3695,3971
102000009,7114,10947,-3833
102000010,7209,7792,-583
102000011,4689,3163,1526
102000012,6376,6173,203
102000018,4941,3990,951
102000019,3940,3236,704
102000026,413,2049,-1636
102000029,573,277,296
102000030,183,552,-369
102000031,101,334,-233
102000032,471,605,-134
102000033,344,741,-397
102000034,583,1032,-449
102000035,1489,1001,488
102000036,8,894,-886
102000037,364,187,177
102000038,773,221,552
102000039,1094,163,931
102000040,1063,177,886
102000041,377,723,-346
102000042,534,287,247
102000043,646,298,348
102000044,2430,1021,1409
102000045,1397,1978,-581
102000046,1863,848,1015
102000047,740,2200,-1460
102000048,428,1463,-1035
102000049,2478,1321,1157
102000050,2261,1634,627
102000051,684,1090,-406
102000052,2099,1206,893
102000053,2506,1262,1244
102000054,590,1177,-587
102000055,997,1591,-594
102000056,708,2298,-1590
102000057,1333,668,665
102000058,1244,2829,-1585
102000059,2434,1960,474
102000060,1963,1439,524
102000061,1479,3229,-1750
102000062,1518,1914,-396
102000063,1460,2370,-910
102000064,823,1066,-243
102000065,51,220,-169
102000066,1473,3106,-1633
102000067,3403,4768,-1365
102000068,17754,5383,12371
102000069,89,2614,-2525
102000070,2231,99,2132
102000071,13206,13212,-6
102000072,4356,8366,-4010
102000073,1077,1116,-39
102000074,584,1111,-527
102000075,223,406,-183
102000076,197,787,-590
102000077,484,1517,-1033
102000078,715,1252,-537
102000079,111,321,-210
102000080,213,306,-93
102000081,347,1082,-735
102000082,1039,362,677
102000083,557,552,5
102000084,177,583,-406
102000085,2241,1983,258
102000086,1292,1675,-383
102000087,1387,2317,-930
102000088,263,371,-108
102000089,1344,540,804
102000090,513,1357,-844
102000091,2009,612,1397
102000092,447,1168,-721
102000093,1003,906,97
102000094,1244,739,505
102000095,1201,1070,131
102000096,739,808,-69
102000097,1063,830,233
102000098,777,754,23
102000099,1324,637,687
102000100,967,1129,-162
102000101,1607,705,902
102000102,365,5437,-5072
102000103,1695,605,1090
102000104,1687,536,1151
102000105,416,1328,-912
102000106,723,1455,-732
102000107,1222,767,455
102000108,795,520,275
102000109,965,958,7
102000110,867,2404,-1537
102000111,15,596,-581
102000112,183,102,81
102000113,27,44,-17
102000114,1667,511,1156
102000115,286,351,-65
102000116,1226,429,797
102000117,551,667,-116
102000118,3514,1468,2046
102000119,4165,787,3378
102000120,244,709,-465
102000121,1212,652,560
102000122,541,1223,-682
102000123,1791,1198,593
102000124,1412,1538,-126
102000125,911,1356,-445
102000126,654,850,-196
102000127,1200,912,288
102000128,721,1540,-819
102000129,1324,1099,225
102000130,627,875,-248
102000131,1920,798,1122
102000132,744,751,-7
102000133,1599,3257,-1658
102000134,822,1216,-394
102000135,1508,2249,-741
102000136,1516,1020,496
102000137,1118,1187,-69
102000138,314,497,-183
102000139,146,464,-318
102000140,539,319,220
102000141,217,630,-413
102000142,319,539,-220
102000143,143,666,-523
102000144,274,573,-299
102000145,374,585,-211
102000146,460,441,19
102000147,435,465,-30
102000148,365,588,-223
102000149,214,890,-676
102000150,250,550,-300
102000151,229,576,-347
102000152,171,341,-170
102000153,1201,571,630
102000154,740,961,-221
102000155,147,413,-266
102000156,1033,98,935
102000157,362,264,98
102000158,1053,824,229
102000159,2046,646,1400
102000161,4982,2788,2194
102000162,315,179,136
102000163,170,708,-538
102000164,1347,1164,183
102000165,362,129,233
102000166,34,158,-124
102000167,305,234,71
102000168,370,164,206
102000169,157,1208,-1051
102000170,986,190,796
102000171,301,105,196
102000172,264,496,-232
102000173,968,371,597
102000174,56,75,-19
102000175,173,261,-88
102000176,55,100,-45
102000178,328,704,-376
102000179,499,312,187
102000180,756,753,3
102000181,665,845,-180
102000182,523,826,-303
102000183,1633,2388,-755
102000184,2057,1137,920
102000185,2603,1910,693
102000186,1145,2475,-1330
102000187,894,2297,-1403
102000188,1052,1987,-935
102000189,3565,1082,2483
102000190,523,3044,-2521
102000191,1450,873,577
102000192,1284,1815,-531
102000193,88,215,-127
102000194,124,225,-101
102000195,865,702,163
102000196,244,757,-513
102000197,559,619,-60
102000198,187,1246,-1059
102000199,752,435,317
102000200,515,1532,-1017
102000201,720,649,71
102000202,7,142,-135
102000203,404,506,-102
102000204,514,1750,-1236
102000205,1592,949,643
102000206,1333,1108,225
102000207,1832,660,1172
102000208,840,921,-81
102000209,67,77,-10
102000210,452,735,-283
102000211,1023,631,392
102000212,240,13,227
102000213,9,548,-539
102000214,279,21,258
102000215,6,678,-672
102000216,61,86,-25
102000217,15,221,-206
102000218,193,213,-20
102000219,744,411,333
102000225,966,1179,-213
102000226,1579,974,605
102000227,484,3,481
102000228,0,171,-171
102000229,50,40,10
102000230,414,819,-405
102000231,288,679,-391
102000232,28,652,-624
102000233,544,1537,-993
102000234,147,1388,-1241
102000236,254,164,90
102000237,1510,244,1266
102000238,239,531,-292
102000240,1086,657,429
102000241,257,193,64
102000243,6,179,-173
102000245,40,144,-104
102000246,31,61,-30
102000247,1224,1656,-432
102000248,744,1200,-456
102000249,177,199,-22
102000250,48,580,-532
102000254,83,552,-469
102000266,71,269,-198
102000271,41,1,40
102000286,662,702,-40
102000297,2632,1703,929
102000301,0,0,0
102000303,0,0,0
102000307,0,6,-6
102900001,1256,1487,-231
102900002,422,42,380
102900003,53,311,-258
102900005,271,499,-228
102900006,631,349,282
102900007,458,25,433
102900008,186,122,64
102900009,520,196,324
102900010,698,453,245
102900011,2543,640,1903
102900012,463,92,371
102900013,11,96,-85
102900015,793,525,268
102900016,41,201,-160
102900017,155,767,-612
102900018,41,159,-118
102900019,755,845,-90
102900020,170,41,129
102900021,16,153,-137
102900022,621,112,509
102900023,22,91,-69
102900024,39,54,-15
102900025,390,187,203
102900026,982,1645,-663
102900027,72,93,-21
102900028,149,905,-756
102900029,210,280,-70
102900030,506,331,175
102900031,159,202,-43
102900032,69,139,-70
102900033,128,308,-180
102900034,430,160,270
102900035,182,524,-342
102900036,267,753,-486
102900037,273,992,-719
102900038,697,930,-233
102900039,31,484,-453
102900040,139,278,-139
102900041,56,281,-225
102900042,172,590,-418
102900043,157,383,-226
102900044,655,2569,-1914
102900045,122,636,-514
102900046,141,395,-254
102900047,142,894,-752
102900048,673,904,-231
102900049,135,390,-255
102900050,275,463,-188
102900051,242,334,-92
102900053,397,1150,-753
102900054,1116,1014,102
102900055,97,207,-110
102900056,228,719,-491
102900057,5,53,-48
102900058,367,96,271
102900059,19,60,-41
102900060,136,663,-527
102900061,134,803,-669
102900062,177,1823,-1646
102900063,1243,599,644
102900064,216,861,-645
102900065,2404,484,1920
102900066,417,73,344
102900068,208,84,124
102900070,281,960,-679
102900072,27,29,-2
102900073,202,28,174
102900075,50,48,2
102900076,373,99,274
102900077,62,50,12
102900078,40,156,-116
102900079,385,2,383
102900080,405,46,359
102900081,90,348,-258
102900082,8,280,-272
102900083,518,11,507
102900084,4,41,-37
102900085,279,126,153
102900086,10,69,-59
102900087,141,176,-35
102900088,90,44,46
102900089,384,155,229
102900090,3,550,-547
102900091,223,6,217
102900092,439,1268,-829
102900094,4,101,-97
102900095,269,0,269
102900096,30,18,12
102900097,41,217,-176
103000001,2824,4137,-1313
103000002,4436,3458,978
103000003,6309,3949,2360
103000004,1186,1046,140
103000005,3428,4959,-1531
103000006,868,2148,-1280
103000007,574,1069,-495
103000008,1830,1445,385
103000009,1788,1388,400
103000010,172,155,17
103000011,1809,1569,240
103000012,1279,2028,-749
103000013,7636,2760,4876
103000014,1707,3640,-1933
103000015,3829,1027,2802
103000016,731,1699,-968
103000017,285,624,-339
103000018,1631,620,1011
103000019,302,360,-58
103000020,3363,1938,1425
103000021,2858,1803,1055
103000022,1185,1564,-379
103000023,747,2389,-1642
103000024,159,257,-98
103000025,103,757,-654
103000026,2084,183,1901
103000027,316,759,-443
103000028,668,494,174
103000029,400,273,127
103000030,2520,987,1533
103000031,2361,3359,-998
103000032,2323,2311,12
103000033,3186,3923,-737
103000034,1862,1314,548
103000035,559,2010,-1451
103000036,670,750,-80
103000037,662,633,29
103000038,594,1599,-1005
103000039,347,726,-379
103000040,447,2039,-1592
103000041,1932,3619,-1687
103000042,1084,962,122
103000043,510,1924,-1414
103000044,189,305,-116
103000046,254,825,-571
103000047,885,1029,-144
103000048,306,264,42
103000049,118,316,-198
103000050,1135,1102,33
103000051,534,827,-293
103000052,1079,708,371
103000053,205,774,-569
103000054,3095,1792,1303
103000055,1991,2852,-861
103000056,725,2897,-2172
103000057,409,435,-26
103000058,617,1306,-689
103000059,399,1105,-706
103000060,973,1179,-206
103000061,506,1277,-771
103000062,1366,1225,141
103000063,778,1016,-238
103000064,249,437,-188
103000065,10,432,-422
103000066,245,12,233
103000069,276,562,-286
103000070,1270,1672,-402
103000071,1394,519,875
103000072,119,1227,-1108
103000073,755,153,602
103000074,758,113,645
103000075,146,1094,-948
103000076,304,408,-104
103000077,91,579,-488
103000078,2806,785,2021
103000079,2001,1076,925
103000080,1536,516,1020
103000081,693,1291,-598
103000082,612,307,305
103000083,152,534,-382
103000084,203,11,192
103000085,9,178,-169
103000086,1683,671,1012
103000087,373,725,-352
103000088,792,484,308
103000089,546,855,-309
103000090,2486,894,1592
103000091,665,639,26
103000092,562,299,263
103000093,349,596,-247
103000094,198,134,64
103000095,82,523,-441
103000096,903,175,728
103000097,107,879,-772
103000098,1214,278,936
103000099,452,741,-289
103000100,78,1235,-1157
103000101,904,208,696
103000102,134,878,-744
103000103,770,344,426
103000104,151,126,25
103000105,154,180,-26
103000106,41,93,-52
103000107,295,101,194
103000108,893,709,184
103000109,878,519,359
103000110,679,516,163
103000111,1309,521,788
103000112,802,278,524
103000113,1901,1077,824
103000114,3918,482,3436
103000115,454,766,-312
103000116,498,806,-308
103000117,303,727,-424
103000118,2889,1276,1613
103000119,2870,779,2091
103000120,151,98,53
103000121,524,978,-454
103000122,894,636,258
103000125,13,513,-500
103000126,593,15,578
103000127,3,284,-281
103000128,132,4,128
103000129,3,176,-173
103000130,64,38,26
103000131,214,118,96
103000132,91,167,-76
103000133,12,127,-115
103000134,920,1186,-266
103000135,1191,379,812
103000136,1454,664,790
103000137,1375,721,654
103000138,1421,1062,359
103000139,15,84,-69
103000140,349,41,308
103000141,63,170,-107
103000142,150,94,56
103000143,204,292,-88
103000144,216,150,66
103000145,40,19,21
103000150,132,66,66
103000152,715,374,341
103000153,736,244,492
103000156,4,639,-635
103000157,405,5,400
103000159,251,162,89
103000162,230,49,181
103000163,31,53,-22
103000164,105,42,63
103000165,370,574,-204
103000166,325,361,-36
103000167,617,106,511
103000168,141,248,-107
103000169,244,770,-526
103000170,697,814,-117
103000171,74,75,-1
103000172,366,479,-113
103000173,448,1242,-794
103000174,171,498,-327
103000175,209,595,-386
103000176,1473,595,878
103000177,1152,592,560
103000178,363,389,-26
103000179,170,40,130
103000183,114,22,92
103000185,85,118,-33
103000186,122,277,-155
103000187,514,978,-464
103000188,11,60,-49
103000189,2492,1257,1235
103000191,726,935,-209
103000292,3648,1450,2198
103000293,1648,1884,-236
103000295,148,111,37
103000296,307,4,303
103000297,93,26,67
103000504,117,36,81
103000505,22,17,5
103000506,5,344,-339
103000507,232,2,230
103000508,87,35,52
103000509,278,745,-467
103900001,11,544,-533
103900002,2715,236,2479
103900003,2848,168,2680
103900004,114,12,102
103900005,5,270,-265
103900006,0,2,-2
103900007,57,10,47
103900008,59,0,59
103900009,255,428,-173
103900010,151,405,-254
103900011,217,272,-55
103900012,9,32,-23
103900013,42,91,-49
103900014,51,50,1
103900015,46,23,23
103900016,454,324,130
103900017,31,100,-69
103900018,910,291,619
103900019,92,348,-256
103900020,275,445,-170
103900021,1094,69,1025
103900022,1402,802,600
103900023,106,0,106
103900024,152,784,-632
103900025,8,70,-62
103900026,137,1,136
103900027,815,454,361
103900028,25,272,-247
103900029,1239,231,1008
103900030,637,49,588
103900031,21,6,15
103900032,88,68,20
103900033,371,7,364
103900034,25,508,-483
103900035,42,70,-28
103900036,105,44,61
103900037,115,28,87
103900038,92,226,-134
103900039,48,590,-542
103900040,30,361,-331
103900041,39,43,-4
103900042,39,594,-555
103900043,175,175,0
103900044,292,390,-98
103900045,305,317,-12
103900047,72,48,24
103900048,68,18,50
103900049,312,1886,-1574
103900050,5,75,-70
103900051,2,32,-30
103900052,266,765,-499
103900053,235,1668,-1433
103900054,91,683,-592
103900055,494,253,241
103900056,36,62,-26
103900057,34,302,-268
103900058,215,1001,-786
103900059,0,4,-4
103900060,40,348,-308
103900061,115,85,30
103900062,328,129,199
103900063,2,0,2
103900064,88,2,86
103900065,950,618,332
103900066,130,11,119
103900067,136,9,127
103900068,1,0,1
103900069,209,15,194
103900070,163,436,-273
103900071,16,200,-184
103900072,9,422,-413
103900073,51,34,17
103900074,70,118,-48
103900075,167,141,26
103900076,351,1009,-658
103900077,77,120,-43
103900078,185,199,-14
103900079,183,313,-130
103900080,14,48,-34
103900081,226,25,201
103900082,11,105,-94
103900083,2217,1335,882
103900084,84,218,-134
103900085,110,153,-43
103900086,619,377,242
103900088,460,430,30
103900089,41,291,-250
103900090,5,314,-309
103900091,999,291,708
103900092,1473,762,711
103900093,100,353,-253
103900094,19,135,-116
103900095,1281,192,1089
103900096,25,280,-255
103900097,7,594,-587
103900098,210,134,76
103900099,47,328,-281
103900100,197,527,-330
103900101,85,1394,-1309
103900102,2,34,-32
103900104,3,47,-44
103900105,126,283,-157
103900106,0,37,-37
103900107,67,365,-298
103900108,40,548,-508
103900109,92,141,-49
103900110,292,78,214
103900111,102,1104,-1002
103900112,25,70,-45
103900113,178,318,-140
103900114,779,481,298
103900115,243,376,-133
103900116,9896,3075,6821
103900117,224,195,29
103900119,44,69,-25
103900120,84,181,-97
103900122,43,472,-429
103900123,2761,751,2010
103900124,62,718,-656
103900125,144,96,48
103900126,455,819,-364
103900127,157,979,-822
103900128,57,239,-182
103900131,29,179,-150
103900133,1087,78,1009
103900134,0,2,-2
103900135,11,8,3
103900137,4,76,-72
103900138,89,573,-484
103900139,469,1720,-1251
103900140,3,117,-114
103900141,308,119,189
103900142,244,489,-245
103900143,33,4,29
103900144,0,199,-199
103900145,140,493,-353
103900146,299,524,-225
103900147,495,136,359
103900148,239,289,-50
103900149,246,1134,-888
103900150,11325,4682,6643
103900151,46,214,-168
103900152,386,697,-311
103900153,24,0,24
103900154,1783,2834,-1051
103900155,20,414,-394
103900156,21,239,-218
103900157,39,447,-408
103900158,84,336,-252
103900159,102,114,-12
103900160,71,27,44
103900161,117,300,-183
103900162,75,333,-258
103900163,8,574,-566
103900167,31,92,-61
103900168,127,195,-68
103900169,45,71,-26
103900170,1,174,-173
103900171,3,104,-101
103900172,14,66,-52
103900173,17,13,4
103900174,121,75,46
103900175,72,69,3
103900176,18,38,-20
103900177,4,53,-49
103900178,59,165,-106
103900179,61,396,-335
103900180,22,221,-199
103900181,83,90,-7
103900182,45,47,-2
103900184,883,62,821
103900185,595,263,332
103900187,157,95,62
103900188,79,28,51
103900189,102,8,94
103900190,64,88,-24
103900191,42,58,-16
103900192,35,103,-68
103900193,208,225,-17
103900194,111,474,-363
103900195,8,50,-42
103900196,19,25,-6
103900197,13,41,-28
103900198,8,66,-58
103900199,238,64,174
103900200,155,197,-42
103900201,126,254,-128
103900202,9,60,-51
103900203,31,25,6
103900204,0,189,-189
103900207,1,233,-232
103900208,110,4,106
103900209,22,106,-84
103900210,76,26,50
103900211,480,835,-355
103900212,83,571,-488
103900213,357,335,22
103900214,984,182,802
103900215,893,387,506
103900216,12,646,-634
103900217,576,160,416
103900218,2,460,-458
103900219,189,627,-438
103900233,147,7,140
103900235,142,27,115
103900236,86,8,78
103900242,8,57,-49
103900243,25,32,-7
103900244,116,670,-554
103900245,115,341,-226
103900246,127,61,66
103900247,113,146,-33
103900248,21,64,-43
103900249,43,59,-16
103900250,84,64,20
103900251,2,81,-79
103900253,68,74,-6
103900254,46,79,-33
103900255,98,30,68
103900256,99,43,56
103900257,333,285,48
103900258,141,11,130
103900259,135,10,125
103900261,17,13,4
103900262,51,18,33
103900263,138,228,-90
103900264,80,77,3
103900265,117,27,90
103900266,3,98,-95
103900267,23,75,-52
103900268,15,169,-154
103900269,146,57,89
103900270,44,217,-173
103900271,39,246,-207
103900272,79,159,-80
103900273,31,162,-131
103900274,52,11,41
103900275,55,7,48
103900276,7,268,-261
103900277,8,220,-212
103900278,25,119,-94
103900279,3,27,-24
103900280,7,340,-333
104000001,2788,2893,-105
104000002,2245,4608,-2363
104000003,3037,3087,-50
104000004,4100,4292,-192
104000005,1978,2753,-775
104000006,3490,4657,-1167
104000007,5356,5939,-583
104000008,449,614,-165
104000009,168,145,23
104000010,186,286,-100
104000011,1123,470,653
104000012,189,602,-413
104000013,228,234,-6
104000014,321,1028,-707
104000015,313,270,43
104000016,726,656,70
104000018,773,180,593
104000019,656,185,471
104000020,312,1080,-768
104000021,461,853,-392
104000022,209,362,-153
104000023,581,500,81
104000024,393,566,-173
104000026,86,485,-399
104000027,480,646,-166
104000028,434,358,76
104000029,569,836,-267
104000030,318,376,-58
104000031,1047,474,573
104000032,285,555,-270
104000033,613,556,57
104000034,348,530,-182
104000035,920,583,337
104000036,831,848,-17
104000037,297,375,-78
104000038,354,447,-93
104000039,230,491,-261
104000040,687,622,65
104000041,564,448,116
104000042,318,609,-291
104000043,387,615,-228
104000044,290,1087,-797
104000045,1585,1824,-239
104000046,2030,2545,-515
104000047,1213,1828,-615
104000048,1486,2392,-906
104000049,644,486,158
104000050,215,1032,-817
104000051,162,1012,-850
104000052,1617,2424,-807
104000053,1059,1066,-7
104000054,721,675,46
104000055,6836,4054,2782
104000056,2413,263,2150
104000057,203,502,-299
104000058,929,1161,-232
104000059,914,2085,-1171
104000060,1360,1786,-426
104000061,2123,1803,320
104000062,341,388,-47
104000064,970,603,367
104000065,365,587,-222
104000069,2689,1486,1203
104000070,97,634,-537
104000071,239,578,-339
104000072,718,499,219
104000075,75,549,-474
104000076,797,81,716
104000082,3653,4062,-409
104000083,1030,309,721
104000084,186,745,-559
104000085,443,412,31
104000086,260,525,-265
104000087,557,2012,-1455
104000090,833,2443,-1610
104000092,1144,4270,-3126
104000094,1296,2969,-1673
104000095,2285,2098,187
104000096,1772,676,1096
104000097,2113,1667,446
104000098,2027,2001,26
104000100,2008,946,1062
104000101,1674,4603,-2929
104000106,161,726,-565
104000107,698,847,-149
104000108,476,972,-496
104000109,445,115,330
104000110,1296,1479,-183
104000111,7116,2671,4445
104000112,2914,836,2078
104000116,6,2121,-2115
104000117,182,1713,-1531
104000118,483,407,76
104000119,552,447,105
104000120,221,1522,-1301
104000121,237,1157,-920
104000122,673,989,-316
104000123,1599,1776,-177
104000124,1622,4011,-2389
104000125,7906,4661,3245
104000126,298,624,-326
104000127,2193,4730,-2537
104000128,1064,608,456
104000129,694,41,653
104000130,16,553,-537
104000131,2166,701,1465
104000132,1350,823,527
104000133,1607,1304,303
104000134,1050,2211,-1161
104000135,447,1833,-1386
104000136,779,4085,-3306
104000137,1614,469,1145
104000138,1611,939,672
104000139,10481,4282,6199
104000141,1243,2568,-1325
104000142,910,1261,-351
104000143,721,914,-193
104000144,126,349,-223
104000145,540,316,224
104000146,540,915,-375
104000147,131,558,-427
104000148,288,217,71
104000149,196,451,-255
104000150,926,591,335
104000151,511,695,-184
104000152,604,784,-180
104000153,509,643,-134
104000154,1535,956,579
104000155,416,619,-203
104000157,1310,2538,-1228
104000158,558,530,28
104000159,1036,669,367
104000160,1999,2618,-619
104000161,336,252,84
104000162,48,180,-132
104000165,2114,1753,361
104000167,691,1046,-355
104000168,725,9,716
104000169,85,75,10
104000170,662,520,142
104000248,423,1301,-878
104000251,103,342,-239
104000272,0,0,0
104000273,0,0,0
104000274,0,0,0
104000275,0,0,0
104000279,824,583,241
104000290,120,511,-391
104000291,1099,2145,-1046
104000293,1363,888,475
104000294,8,0,8
104000295,693,1202,-509
104000296,382,1196,-814
104000297,1097,2181,-1084
104000298,2881,1164,1717
104000299,1248,2707,-1459
104900001,174,595,-421
104900002,62,191,-129
104900003,56,552,-496
104900004,115,537,-422
104900005,255,244,11
104900006,229,166,63
104900007,251,418,-167
104900009,179,698,-519
104900010,58,56,2
104900011,21,3,18
104900012,254,24,230
104900013,160,18,142
104900014,4960,400,4560
104900015,207,13,194
104900016,174,414,-240
104900017,186,301,-115
104900018,16,230,-214
104900019,600,2537,-1937
104900020,68,418,-350
104900021,5,298,-293
104900022,44,189,-145
104900023,1,121,-120
104900024,10,168,-158
104900025,69,674,-605
104900026,1,119,-118
104900027,529,426,103
104900028,14,134,-120
104900029,46,113,-67
104900030,599,282,317
104900031,176,241,-65
104900032,38,251,-213
104900033,146,268,-122
104900034,337,176,161
104900035,285,198,87
104900036,159,102,57
104900037,138,495,-357
104900038,843,777,66
104900039,1099,216,883
104900040,293,130,163
104900041,273,252,21
104900042,152,540,-388
104900043,21,86,-65
104900044,428,276,152
104900045,494,62,432
104900046,133,198,-65
104900047,289,191,98
104900048,251,120,131
104900049,14,25,-11
104900050,225,115,110
104900051,307,82,225
104900052,31,1,30
104900053,398,99,299
104900054,162,101,61
104900055,50,0,50
104900056,186,11,175
104900057,47,3,44
104900058,1205,227,978
104900059,70,23,47
104900060,1,480,-479
104900061,369,822,-453
104900063,0,239,-239
104900064,0,195,-195
104900065,2,206,-204
104900066,3,331,-328
104900067,4,407,-403
104900068,17,353,-336
104900070,203,317,-114
104900071,7,1139,-1132
104900072,61,304,-243
104900073,62,436,-374
104900074,55,277,-222
104900075,55,164,-109
104900076,86,464,-378
104900077,2347,167,2180
104900078,208,873,-665
104900079,157,481,-324
104900080,83,726,-643
104900082,7,525,-518
104900085,3,303,-300
104900087,453,6,447
104900089,100,0,100
104900090,743,716,27
104900091,599,1149,-550
104900093,284,886,-602
104900097,4136,1799,2337
104900098,66,58,8
104900099,1241,1137,104
104900100,1371,342,1029
104900102,25,409,-384
104900103,417,157,260
104900104,4958,1899,3059
104900106,49,179,-130
104900107,122,418,-296
104900108,38,621,-583
104900109,135,607,-472
104900110,9,45,-36
104900111,203,155,48
104900112,312,1416,-1104
104900113,676,628,48
104900114,330,838,-508
104900115,695,817,-122
104900116,261,353,-92
104900118,32,117,-85
104900119,0,41,-41
104900120,148,159,-11
104900121,0,113,-113
104900122,2,91,-89
104900123,22,7,15
104900124,23,0,23
104900125,543,8,535
104900126,86,117,-31
104900127,25,98,-73
104900128,99,144,-45
104900129,3996,2447,1549
105000001,3550,2138,1412
105000002,3880,2298,1582
105000003,5635,5028,607
105000004,724,2025,-1301
105000005,806,1738,-932
105000006,2101,2673,-572
105000007,2104,2197,-93
105000008,2702,3832,-1130
105000009,2331,3827,-1496
105000010,4962,4234,728
105000011,2480,3150,-670
105000012,5469,4345,1124
105000013,1094,1512,-418
105000014,1793,2889,-1096
105000015,9318,10863,-1545
105000016,5481,3149,2332
105000017,3214,1275,1939
105000018,2358,1997,361
105000019,2795,1406,1389
105000020,557,550,7
105000021,682,182,500
105000022,412,44,368
105000023,563,300,263
105000028,102,261,-159
105000029,511,1422,-911
105000030,6109,5333,776
105000031,1,54,-53
105000033,1660,2996,-1336
105000034,304,867,-563
105000037,817,801,16
105000038,1891,1915,-24
105000039,3367,2462,905
105000040,923,1089,-166
105000041,755,1681,-926
105000042,2696,1771,925
105000043,2194,2314,-120
105000044,444,489,-45
105000045,374,1189,-815
105000046,983,498,485
105000047,550,1931,-1381
105000048,887,328,559
105000049,332,1136,-804
105000050,712,568,144
105000051,375,920,-545
105000052,829,1523,-694
105000053,221,273,-52
105000054,475,1392,-917
105000055,1211,563,648
105000056,1300,4140,-2840
105000057,1500,1391,109
105000058,2376,2118,258
105000059,785,919,-134
105000060,928,1135,-207
105000061,593,866,-273
105000062,1255,1713,-458
105000063,550,1089,-539
105000064,1745,1001,744
105000065,726,1325,-599
105000066,1792,2937,-1145
105000067,1824,928,896
105000068,1212,1363,-151
105000069,6100,1637,4463
105000070,1641,1088,553
105000071,954,1080,-126
105000072,1757,2875,-1118
105000073,1437,971,466
105000074,1735,1145,590
105000075,1207,1045,162
105000076,2485,1397,1088
105000077,3161,1241,1920
105000078,2735,1804,931
105000079,3332,2581,751
105000080,2687,1279,1408
105000081,3493,1114,2379
105000082,1928,921,1007
105000083,3197,1504,1693
105000084,1378,1540,-162
105000085,2201,1563,638
105000086,805,1706,-901
105000087,4314,2665,1649
105000088,2149,2388,-239
105000089,3532,2732,800
105000090,1423,1044,379
105000091,2170,2192,-22
105000092,1074,1532,-458
105000093,656,256,400
105000094,366,356,10
105000095,137,562,-425
105000096,1577,1009,568
105000097,1779,1105,674
105000098,2139,730,1409
105000099,2802,1282,1520
105000100,1131,1841,-710
105000101,2675,3198,-523
105000102,2345,2212,133
105000103,2241,3556,-1315
105000104,2582,1734,848
105000105,1451,3559,-2108
105000106,1776,2435,-659
105000107,1435,1599,-164
105000108,1375,3025,-1650
105000109,1666,2536,-870
105000110,710,1561,-851
105000111,766,1104,-338
105000112,1398,1341,57
105000113,553,1006,-453
105000114,7031,1760,5271
105000115,506,1316,-810
105000116,1032,818,214
105000117,1410,2065,-655
105000118,509,515,-6
105000119,792,2084,-1292
105000120,1100,871,229
105000121,1308,2289,-981
105000122,461,792,-331
105000123,1869,2351,-482
105000124,2182,1369,813
105000125,1246,3161,-1915
105000126,2619,3288,-669
105000127,2771,3139,-368
105000128,1078,2103,-1025
105000129,1600,617,983
105000130,343,2778,-2435
105000131,1112,790,322
105000132,1095,725,370
105000133,667,1809,-1142
105000134,1014,800,214
105000135,729,1128,-399
105000136,197,622,-425
105000137,388,303,85
105000138,318,564,-246
105000139,1359,1449,-90
105000140,299,735,-436
105000141,333,1081,-748
105000142,158,741,-583
105000143,349,1278,-929
105000144,486,1282,-796
105000145,851,682,169
105000146,843,1328,-485
105000147,684,601,83
105000148,1518,1129,389
105000149,2740,2840,-100
105000150,2862,2403,459
105000151,602,473,129
105000152,228,1012,-784
105000153,948,782,166
105000154,1254,1637,-383
105000155,419,1005,-586
105000156,1259,1482,-223
105000157,1305,3435,-2130
105000158,2739,1067,1672
105000159,342,2177,-1835
105000160,2407,893,1514
105000161,1205,2519,-1314
105000162,904,2238,-1334
105000163,3148,1880,1268
105000164,269,523,-254
105000165,3413,6926,-3513
105000166,11956,682,11274
105000167,5562,2126,3436
105000168,363,1490,-1127
105000169,549,496,53
105000170,210,2450,-2240
105000171,1498,547,951
105000172,240,65,175
105000173,133,46,87
105000174,72,61,11
105000175,47,191,-144
105000176,245,109,136
105000177,339,188,151
105000178,162,1129,-967
105000179,361,188,173
105000180,89,171,-82
105000181,122,777,-655
105000182,38,58,-20
105000183,4356,2667,1689
105000184,1339,1257,82
105000185,1294,1073,221
105000186,599,1177,-578
105000187,909,288,621
105000188,730,168,562
105000189,460,715,-255
105000190,523,458,65
105000191,618,522,96
105000192,475,127,348
105000193,277,158,119
105000194,558,115,443
105000195,363,1511,-1148
105000196,106,207,-101
105000197,327,1007,-680
105000198,715,449,266
105000199,743,896,-153
105000200,231,248,-17
105000201,253,31,222
105000203,33,485,-452
105000204,78,124,-46
105000205,116,379,-263
105000207,592,278,314
105000208,320,618,-298
105000209,318,369,-51
105000211,156,26,130
105000212,1320,2387,-1067
105000213,223,312,-89
105000214,124,383,-259
105000215,318,408,-90
105000216,127,399,-272
105000217,183,372,-189
105000218,976,1548,-572
105000221,250,395,-145
105000222,499,65,434
105000223,310,284,26
105000226,80,620,-540
105000227,47,361,-314
105000228,554,1499,-945
105000229,192,402,-210
105000231,331,406,-75
105000233,888,749,139
105000234,788,1818,-1030
105000235,552,804,-252
105000237,961,140,821
105000243,36,84,-48
105000248,143,80,63
105000262,302,2566,-2264
105000269,179,240,-61
105000270,392,105,287
105000271,2,386,-384
105000282,397,87,310
105000287,395,245,150
105000288,543,821,-278
105000289,4442,1731,2711
105000290,17,4,13
105000402,6322,3281,3041
105000426,735,680,55
105000438,3475,1075,2400
105000440,18,24,-6
105000446,19810,7788,12022
105000447,9617,4513,5104
105000454,356,1293,-937
105000455,337,298,39
105000474,25,2,23
105000477,400,651,-251
105000478,2181,3522,-1341
105000479,391,207,184
105000480,6162,3903,2259
105000481,4166,3342,824
105000482,7885,5786,2099
105000483,1939,1987,-48
105000484,4193,3834,359
105000485,2197,2476,-279
105000486,6532,4122,2410
105000488,8980,6551,2429
105000489,1270,1218,52
105000549,139,212,-73
105000550,952,2073,-1121
105000551,62,168,-106
105000552,5724,3005,2719
105000555,1878,1157,721
105000556,64,68,-4
105000557,51,374,-323
105900001,7,1487,-1480
105900002,2526,613,1913
105900003,15,129,-114
105900004,417,153,264
105900005,2,402,-400
105900006,6,94,-88
105900007,164,34,130
105900008,77,1162,-1085
105900009,7,21,-14
105900011,146,63,83
105900012,403,124,279
105900013,0,28,-28
105900014,10,68,-58
105900015,197,580,-383
105900016,380,807,-427
105900017,1109,66,1043
105900018,272,565,-293
105900019,53,377,-324
105900020,78,72,6
105900021,16,215,-199
105900022,274,500,-226
105900023,6,107,-101
105900024,12,145,-133
105900025,153,40,113
105900026,439,78,361
105900027,6089,4820,1269
105900028,315,175,140
105900029,2862,528,2334
105900030,423,323,100
105900031,601,232,369
105900032,76,195,-119
105900033,209,174,35
105900034,200,381,-181
105900035,190,257,-67
105900036,58,272,-214
105900037,63,76,-13
105900038,212,607,-395
105900039,123,292,-169
105900040,83,98,-15
105900041,255,718,-463
105900042,89,171,-82
105900043,3834,75,3759
105900044,7,286,-279
105900045,6,980,-974
105900046,2,297,-295
105900047,12,60,-48
105900048,95,763,-668
105900050,3037,959,2078
105900051,7,1685,-1678
105900052,490,122,368
105900053,6204,3375,2829
105900054,368,427,-59
105900056,1003,313,690
105900057,27,194,-167
105900058,24,57,-33
105900059,1,42,-41
106000001,4552,2736,1816
106000002,3259,6648,-3389
106000003,3730,4563,-833
106000004,2826,4050,-1224
106000005,3304,7553,-4249
106000006,8063,7587,476
106000007,487,757,-270
106000008,562,424,138
106000009,607,485,122
106000010,690,746,-56
106000011,1059,1337,-278
106000012,1085,2314,-1229
106000013,1971,2378,-407
106000014,2705,2747,-42
106000015,1716,1531,185
106000016,1614,3521,-1907
106000017,736,964,-228
106000018,658,493,165
106000019,400,615,-215
106000020,510,755,-245
106000021,357,694,-337
106000022,596,615,-19
106000023,749,474,275
106000024,788,1007,-219
106000025,158,272,-114
106000026,182,437,-255
106000027,1150,1864,-714
106000028,716,881,-165
106000029,1057,1703,-646
106000030,1057,531,526
106000034,246,913,-667
106000035,1393,2162,-769
106000036,464,491,-27
106000037,2602,2302,300
106000038,501,152,349
106000039,242,127,115
106000040,221,1091,-870
106000041,1209,416,793
106000043,936,229,707
106000046,437,82,355
106000047,70,561,-491
106000049,968,289,679
106000050,468,1335,-867
106000051,1010,528,482
106000052,143,923,-780
106000053,246,165,81
106000054,461,622,-161
106000055,1014,1582,-568
106000056,333,599,-266
106000057,249,302,-53
106000058,191,308,-117
106000059,309,319,-10
106000060,775,888,-113
106000061,195,653,-458
106000062,174,830,-656
106000063,545,835,-290
106000064,36,539,-503
106000065,363,368,-5
106000066,173,560,-387
106000067,422,161,261
106000068,51,967,-916
106000069,220,147,73
106000070,467,1092,-625
106000071,998,450,548
106000072,7267,2471,4796
106000073,2644,3994,-1350
106000074,700,1115,-415
106000075,480,1718,-1238
106000076,1926,2559,-633
106000077,4570,1894,2676
106000078,1056,1405,-349
106000079,759,1414,-655
106000080,1408,1083,325
106000081,703,1517,-814
106000082,2777,1249,1528
106000083,491,1819,-1328
106000084,1564,1011,553
106000085,2043,1876,167
106000086,817,1119,-302
106000087,1173,878,295
106000088,430,1033,-603
106000089,1205,634,571
106000090,334,705,-371
106000091,305,1309,-1004
106000092,891,310,581
106000093,370,153,217
106000094,161,512,-351
106000095,576,1558,-982
106000096,1066,1013,53
106000097,995,1682,-687
106000098,765,1379,-614
106000099,231,1223,-992
106000100,1238,328,910
106000101,1123,363,760
106000102,217,784,-567
106000103,315,936,-621
106000104,1011,631,380
106000105,539,1316,-777
106000106,538,722,-184
106000107,145,714,-569
106000108,305,483,-178
106000109,152,625,-473
106000110,183,394,-211
106000111,182,768,-586
106000112,220,612,-392
106000113,1825,1005,820
106000114,664,654,10
106000115,325,874,-549
106000116,178,347,-169
106000117,1117,1251,-134
106000118,1301,1645,-344
106000119,2766,1748,1018
106000120,950,1267,-317
106000121,244,242,2
106000122,158,469,-311
106000123,391,359,32
106000124,63,461,-398
106000125,71,455,-384
106000126,236,254,-18
106000127,940,1286,-346
106000128,930,489,441
106000129,699,955,-256
106000130,755,650,105
106000131,175,1152,-977
106000132,1419,227,1192
106000133,5458,1706,3752
106000134,1078,2034,-956
106000135,304,1410,-1106
106000136,695,918,-223
106000137,108,2056,-1948
106000138,1159,110,1049
106000139,45,204,-159
106000140,52,137,-85
106000141,162,171,-9
106000142,87,82,5
106000143,30,114,-84
106000144,33,93,-60
106000145,251,426,-175
106000146,379,261,118
106000147,608,873,-265
106000148,858,1274,-416
106000149,682,755,-73
106000150,795,2795,-2000
106000151,6874,776,6098
106000152,1873,2904,-1031
106000153,154,979,-825
106000154,2383,489,1894
106000155,95,347,-252
106000156,685,458,227
106000157,736,2766,-2030
106000158,4758,1139,3619
106000159,6636,2328,4308
106000160,331,3944,-3613
106000161,1984,684,1300
106000162,223,1254,-1031
106000163,461,840,-379
106000164,360,530,-170
106000165,191,1062,-871
106000166,1622,387,1235
106000167,545,1921,-1376
106000168,440,306,134
106000169,176,1115,-939
106000170,773,268,505
106000171,176,1577,-1401
106000172,4657,1493,3164
106000173,1749,4175,-2426
106000174,1335,540,795
106000175,403,1528,-1125
106000176,1678,986,692
106000177,979,3403,-2424
106000178,3936,2660,1276
106000179,1502,2768,-1266
106000180,1132,2207,-1075
106000181,616,2418,-1802
106000182,1094,1167,-73
106000183,1030,1508,-478
106000184,1436,1565,-129
106000185,818,1102,-284
106000186,1361,173,1188
106000187,315,1244,-929
106000188,0,2,-2
106000189,6,60,-54
106000190,16,1,15
106000191,735,225,510
106000192,0,39,-39
106000193,530,245,285
106000194,171,454,-283
106000195,466,124,342
106000196,179,476,-297
106000197,473,496,-23
106000198,155,368,-213
106000199,1182,818,364
106000200,644,268,376
106000201,750,2764,-2014
106000202,9874,895,8979
106000203,152,307,-155
106000204,113,6,107
106000205,32,177,-145
106000206,129,30,99
106000207,91,1180,-1089
106000208,1204,154,1050
106000209,1302,415,887
106000210,281,2041,-1760
106000211,526,1979,-1453
106000212,1015,393,622
106000213,840,1967,-1127
106000214,3162,708,2454
106000215,362,791,-429
106000216,386,530,-144
106000217,330,740,-410
106000218,602,567,35
106000219,225,419,-194
106000220,448,392,56
106000221,128,382,-254
106000222,79,214,-135
106000223,150,235,-85
106000224,230,392,-162
106000225,180,121,59
106000226,246,476,-230
106000228,53,170,-117
106000229,107,1030,-923
106000231,991,288,703
106000232,88,556,-468
106000233,570,259,311
106000234,131,272,-141
106000235,523,161,362
106000236,202,70,132
106000237,5,11,-6
106000238,58,21,37
106000239,7,153,-146
106000240,70,6,64
106000241,23,1152,-1129
106000242,345,23,322
106000249,104,121,-17
106000250,90,655,-565
106000251,69,59,10
106000252,14,106,-92
106000253,43,132,-89
106000254,43,73,-30
106000255,24,183,-159
106000256,121,93,28
106000257,236,365,-129
106000258,261,40,221
106000259,7,39,-32
106000260,25,14,11
106000261,14,43,-29
106000262,110,19,91
106000263,15,116,-101
106000264,239,18,221
106000265,15,217,-202
106000266,184,34,150
106000267,4,126,-122
106000268,720,46,674
106000269,91,100,-9
106000270,282,601,-319
106000271,97,267,-170
106000272,157,71,86
106000273,45,291,-246
106000274,300,50,250
106000275,218,329,-111
106000276,160,83,77
106000277,170,203,-33
106000278,308,37,271
106000279,42,106,-64
106000280,77,321,-244
106000281,82,111,-29
106000282,76,104,-28
106000283,126,194,-68
106000284,72,129,-57
106000285,116,163,-47
106000286,61,175,-114
106000287,115,120,-5
106000288,114,214,-100
106000289,67,119,-52
106000290,126,160,-34
106000291,90,135,-45
106000292,113,183,-70
106000293,199,117,82
106000294,197,211,-14
106000295,64,42,22
106000296,70,159,-89
106000297,95,357,-262
106000298,261,99,162
106000299,98,267,-169
106000300,99,156,-57
106000301,82,120,-38
106000303,24,127,-103
106000304,45,43,2
106000305,37,54,-17
106000306,42,106,-64
106000307,35,30,5
106000308,30,279,-249
106000309,16,100,-84
106000310,321,882,-561
106000311,410,220,190
106000312,91,307,-216
106000313,224,312,-88
106000318,265,335,-70
106000319,998,195,803
106000320,4,39,-35
106000321,613,108,505
106000322,156,242,-86
106000324,9,218,-209
106000325,1859,1224,635
106000326,1238,2859,-1621
106000327,153,216,-63
106000328,17,142,-125
106000329,244,494,-250
106000330,27,84,-57
106000428,57,296,-239
106000429,183,767,-584
106000430,453,1985,-1532
106000431,2174,564,1610
106000432,2619,4718,-2099
106000433,2578,1530,1048
106000434,3649,1681,1968
106000435,2747,4682,-1935
106000436,19,441,-422
106000437,377,28,349
106000438,417,145,272
106000439,45,632,-587
106000440,274,666,-392
106000441,2,0,2
106000442,402,7,395
106000443,113,728,-615
106000450,1,270,-269
106000451,47,48,-1
106000454,7,259,-252
106000455,14,228,-214
106000456,195,27,168
106000457,22,1402,-1380
106000458,503,367,136
106000459,225,567,-342
106000460,1013,90,923
106000461,111,2060,-1949
106000462,0,28,-28
106000463,1,60,-59
106000464,6,716,-710
106000465,430,2,428
106000466,7,886,-879
106000467,817,811,6
106000468,81,333,-252
106000469,525,3,522
106000470,413,2247,-1834
106000471,42,1006,-964
106000472,191,22,169
106000473,24,43,-19
106000474,605,1240,-635
106000475,308,246,62
106000476,234,213,21
106000477,55,203,-148
106000480,0,320,-320
106900001,1,28,-27
106900002,6,758,-752
106900003,306,1191,-885
106900004,2,105,-103
106900006,0,18,-18
106900007,1,46,-45
106900008,297,366,-69
106900009,310,552,-242
106900010,242,435,-193
106900012,3214,2165,1049
106900013,563,114,449
106900014,42,3,39
106900015,15,2,13
106900016,280,8,272
106900017,2,0,2
106900018,0,0,0
106900019,26,1,25
106900020,3858,1568,2290
106900021,151,139,12
106900022,525,3,522
106900023,54,288,-234
106900024,518,55,463
106900025,112,1020,-908
106900026,4,1080,-1076
106900027,653,7,646
107000001,4298,3162,1136
107000002,5123,6913,-1790
107000003,5419,7274,-1855
107000004,6822,8208,-1386
107000005,3496,5984,-2488
107000006,5569,9238,-3669
107000007,5308,11374,-6066
107000008,19442,14418,5024
107000009,6329,7862,-1533
107000010,13484,15110,-1626
107000011,1400,1855,-455
107000012,6088,5649,439
107000013,66,184,-118
107000014,44,421,-377
107000015,642,1131,-489
107000016,788,1437,-649
107000017,4140,1273,2867
107000018,22,472,-450
107000020,2265,651,1614
107000021,1571,986,585
107000022,1183,1601,-418
107000023,2414,573,1841
107000024,602,2145,-1543
107000025,280,590,-310
107000026,277,896,-619
107000027,1551,1690,-139
107000028,1417,2479,-1062
107000029,3173,3056,117
107000030,3956,4760,-804
107000031,4060,2780,1280
107000032,473,1374,-901
107000033,5639,6646,-1007
107000034,7219,3098,4121
107000035,547,324,223
107000036,632,2243,-1611
107000037,115,1059,-944
107000038,540,379,161
107000039,1291,969,322
107000040,215,384,-169
107000041,2275,880,1395
107000042,906,2266,-1360
107000043,4381,1283,3098
107000044,1037,421,616
107000045,228,347,-119
107000046,833,496,337
107000047,607,1044,-437
107000048,865,443,422
107000049,686,1042,-356
107000050,1233,810,423
107000051,973,569,404
107000052,1804,1321,483
107000053,461,336,125
107000054,79,544,-465
107000055,396,231,165
107000056,713,1163,-450
107000057,3448,405,3043
107000058,2669,2776,-107
107000059,3264,5166,-1902
107000060,4377,6809,-2432
107000061,8094,5894,2200
107000062,4190,4008,182
107000063,5313,8495,-3182
107000064,4300,2686,1614
107000065,5129,7669,-2540
107000066,2014,3038,-1024
107000067,1111,1271,-160
107000068,1968,790,1178
107000069,1126,684,442
107000070,876,41,835
107000071,2553,60,2493
107000072,105,4917,-4812
107000073,655,281,374
107000074,176,1251,-1075
107000075,1514,533,981
107000076,1086,2207,-1121
107000077,3473,1435,2038
107000078,2725,4300,-1575
107000079,2610,914,1696
107000080,1582,4103,-2521
107000081,1483,693,790
107000082,670,3282,-2612
107000083,1337,453,884
107000084,566,3075,-2509
107000085,3542,4216,-674
107000086,4841,5163,-322
107000087,4447,2894,1553
107000088,4594,5792,-1198
107000089,1879,2788,-909
107000090,1485,2008,-523
107000091,1332,1250,82
107000092,894,1877,-983
107000093,1579,1048,531
107000094,1999,2137,-138
107000095,780,1087,-307
107000096,749,1516,-767
107000097,869,542,327
107000098,690,1267,-577
107000099,688,437,251
107000100,423,468,-45
107000101,121,301,-180
107000102,508,565,-57
107000103,429,288,141
107000104,323,691,-368
107000105,420,169,251
107000106,274,581,-307
107000107,734,266,468
107000108,325,1262,-937
107000109,721,278,443
107000110,131,895,-764
107000111,312,65,247
107000112,45,695,-650
107000113,545,172,373
107000114,131,1366,-1235
107000115,536,160,376
107000116,89,1530,-1441
107000117,143,506,-363
107000118,180,439,-259
107000119,3142,1757,1385
107000120,4997,571,4426
107000121,695,1130,-435
107000122,1410,1265,145
107000123,362,1397,-1035
107000124,650,1314,-664
107000125,861,1394,-533
107000126,1092,1284,-192
107000129,306,1655,-1349
107000130,598,332,266
107000131,521,1188,-667
107000132,657,400,257
107000133,749,133,616
107000134,322,0,322
107000135,8,360,-352
107000136,892,6,886
107000137,21,540,-519
107000138,421,31,390
107000139,31,550,-519
107000140,1688,104,1584
107000141,190,1121,-931
107000142,510,96,414
107000143,85,1273,-1188
107000144,553,528,25
107000145,164,912,-748
107000146,173,454,-281
107000147,5970,1773,4197
107000150,1186,3610,-2424
107000151,49,106,-57
107000152,1026,1145,-119
107000153,811,679,132
107000154,277,181,96
107000155,1012,37,975
107000156,1164,47,1117
107000157,39,2609,-2570
107000158,709,46,663
107000159,59,2087,-2028
107000160,778,176,602
107000161,104,2356,-2252
107000162,236,585,-349
107000163,171,4,167
107000164,542,1,541
107000165,747,4,743
107000166,43,1897,-1854
107000167,595,383,212
107000168,987,512,475
107000169,1502,1195,307
107000170,1918,904,1014
107000171,562,2997,-2435
107000172,981,1394,-413
107000173,750,1746,-996
107000174,928,5574,-4646
107000175,11575,2381,9194
107000176,0,0,0
107000177,5,1,4
107000178,16,60,-44
107000179,283,3722,-3439
107000180,1049,460,589
107000181,359,1913,-1554
107000182,1718,1163,555
107000183,124,1211,-1087
107000184,973,939,34
107000185,412,1502,-1090
107000186,1064,415,649
107000187,1363,2037,-674
107000188,674,786,-112
107000189,387,1563,-1176
107000190,677,1192,-515
107000191,965,2084,-1119
107000192,1952,1506,446
107000193,512,552,-40
107000194,1627,1185,442
107000197,827,300,527
107000198,367,987,-620
107000199,849,1267,-418
107000200,1958,992,966
107000201,482,298,184
107000202,338,688,-350
107000203,1197,686,511
107000204,1898,769,1129
107000205,2557,1430,1127
107000206,1150,1389,-239
107000207,1114,1548,-434
107000208,1747,642,1105
107000209,2761,1393,1368
107000210,1098,741,357
107000211,31,65,-34
107000212,11,589,-578
107000213,14,36,-22
107000214,35,290,-255
107000215,432,650,-218
107000216,399,585,-186
107000217,114,129,-15
107000219,114,157,-43
107000220,205,428,-223
107000222,374,1091,-717
107000224,381,101,280
107000225,302,714,-412
107000226,314,93,221
107000227,97,534,-437
107000228,94,268,-174
107000229,815,255,560
107000230,1700,810,890
107000231,2122,1311,811
107000232,159,217,-58
107000233,1580,892,688
107000234,3,53,-50
107000235,62,5,57
107000236,36,699,-663
107000237,17,3,14
107000238,25,1,24
107000239,7365,845,6520
107000240,149,1629,-1480
107000243,1,91,-90
107000244,7,107,-100
107000246,3,1478,-1475
107000249,12,1632,-1620
107000251,3,351,-348
107000252,3,1636,-1633
107000255,1189,120,1069
107000257,5,696,-691
107000258,0,209,-209
107000259,4,276,-272
107000260,540,4,536
107000262,9,912,-903
107000263,268,4,264
107000266,22,11,11
107000267,111,263,-152
107000268,194,213,-19
107000269,558,48,510
107000270,1,9,-8
107000271,11,1094,-1083
107000272,8,225,-217
107000273,5,238,-233
107000274,2755,221,2534
107000275,270,888,-618
107000280,617,39,578
107000281,77,1627,-1550
107000282,30,1381,-1351
107000290,2,26,-24
107000291,32,14,18
107000292,5,42,-37
107000293,149,2,147
107000294,1,32,-31
107000295,57,7,50
107000296,1,29,-28
107000444,446,11,435
107000496,1,20,-19
107000497,1487,3820,-2333
107000500,452,492,-40
107000501,114,246,-132
107000502,587,540,47
107000505,1086,1292,-206
107000506,0,14,-14
107000508,7,796,-789
107000509,283,1017,-734
107000510,18,28,-10
107000514,107,404,-297
107000515,13,390,-377
107000516,269,339,-70
107000518,1376,1184,192
107000519,5464,1439,4025
107000520,113,19,94
107000521,665,782,-117
107000522,903,1397,-494
107900001,39,267,-228
107900002,46,2,44
107900003,129,12,117
107900004,44,0,44
107900005,900,0,900
107900006,189,0,189
107900007,327,37,290
107900008,97,49,48
107900009,145,8,137
107900010,31,0,31
107900012,333,34,299
107900013,296,56,240
107900014,22,7,15
107900015,728,5,723
107900016,560,144,416
107900017,12,1,11
107900018,71,130,-59
107900019,12,88,-76
107900020,98,16,82
107900021,59,241,-182
107900023,0,2,-2
107900024,1,37,-36
107900025,177,353,-176
107900026,74,169,-95
107900027,73,38,35
107900028,65,125,-60
107900030,234,27,207
107900031,55,294,-239
107900032,12,1,11
107900033,22,7,15
107900034,469,13,456
107900035,920,40,880
107900036,63,9,54
107900037,1,65,-64
107900038,183,191,-8
107900039,16,120,-104
107900040,69,57,12
107900041,3,2,1
107900043,27,356,-329
107900044,1,11,-10
107900045,63,37,26
107900046,132,149,-17
107900047,25,92,-67
107900048,169,11,158
107900049,466,1158,-692
107900050,139,564,-425
107900051,76,125,-49
107900052,47,14,33
107900053,28,166,-138
107900055,550,301,249
107900056,136,31,105
107900057,1,0,1
107900058,32,1127,-1095
107900060,26,74,-48
107900061,21,10,11
107900063,109,157,-48
107900064,458,87,371
107900065,129,25,104
107900066,20,18,2
107900067,0,0,0
107900068,267,325,-58
107900069,73,2228,-2155
107900070,86,60,26
107900071,56,1307,-1251
107900072,81,322,-241
107900073,67,269,-202
107900074,1066,220,846
107900076,161,83,78
107900077,58,0,58
107900079,11,26,-15
107900080,226,307,-81
107900081,22,147,-125
107900082,25,22,3
107900083,473,158,315
107900084,116,96,20
107900086,57,165,-108
107900087,662,123,539
107900088,29,17,12
107900089,391,1135,-744
107900090,694,2288,-1594
107900091,290,539,-249
107900093,107,98,9
107900095,4352,2097,2255
107900097,34,78,-44
107900098,57,188,-131
107900100,1281,1173,108
107900101,1543,243,1300
107900102,24,12,12
107900103,70,204,-134
107900104,197,8,189
107900105,4,762,-758
107900106,2,1791,-1789
107900107,1180,380,800
107900108,547,148,399
107900109,1067,15,1052
107900110,22,161,-139
107900111,6,1611,-1605
107900112,142,379,-237
107900113,205,231,-26
107900114,130,267,-137
107900115,2,35,-33
107900116,170,380,-210
107900117,413,576,-163
107900118,84,208,-124
107900119,119,179,-60
107900120,20,24,-4
107900121,3,160,-157
107900122,3,65,-62
107900123,2,31,-29
107900124,29,39,-10
107900125,41,232,-191
107900126,9,62,-53
107900127,434,288,146
107900128,108,92,16
107900129,41,51,-10
107900130,88,51,37
107900131,764,215,549
107900132,127,610,-483
107900133,2,85,-83
107900134,33,40,-7
107900135,2,263,-261
107900136,48,26,22
107900137,133,160,-27
107900138,50,47,3
107900139,40,95,-55
107900141,39,62,-23
107900142,92,1610,-1518
107900143,37,46,-9
107900144,3,197,-194
107900145,12,97,-85
107900146,41,208,-167
107900147,65,37,28
107900148,203,204,-1
107900149,2305,317,1988
107900150,142,1380,-1238
107900151,24,133,-109
107900152,10,283,-273
107900153,244,398,-154
107900154,38,36,2
107900155,71,32,39
107900156,1,547,-546
107900157,72,152,-80
107900158,775,21,754
107900159,40,1603,-1563
107900160,89,193,-104
107900161,11,334,-323
107900162,1,61,-60
107900163,98,21,77
107900164,14,59,-45
107900165,33,65,-32
107900166,37,359,-322
107900167,29,24,5
107900168,19,50,-31
107900169,1,184,-183
107900171,21,2946,-2925
107900172,1,356,-355
107900173,26,279,-253
107900174,91,6,85
107900175,14,13,1
107900176,21,57,-36
107900177,1,66,-65
107900178,4,314,-310
107900179,13,171,-158
107900180,1330,509,821
107900181,316,625,-309
107900182,11,2123,-2112
107900183,42,467,-425
107900184,102,216,-114
107900185,97,3,94
107900186,30,63,-33
107900187,0,155,-155
107900188,1078,185,893
107900189,27,130,-103
107900190,141,88,53
107900191,58,198,-140
107900193,10,39,-29
107900194,258,12,246
107900195,5940,756,5184
107900196,56,75,-19
107900197,1051,324,727
107900199,4,1349,-1345
107900201,106,184,-78
107900203,59,104,-45
107900204,279,316,-37
107900206,769,195,574
107900207,0,814,-814
107900208,14,1106,-1092
107900209,474,170,304
107900210,125,155,-30
107900213,423,449,-26
107900214,8,262,-254
107900215,174,350,-176
107900216,184,120,64
107900217,24,92,-68
107900218,16,1885,-1869
107900219,31,169,-138
107900220,241,249,-8
107900221,234,303,-69
107900223,129,724,-595
107900224,182,374,-192
107900225,9,1197,-1188
107900226,105,154,-49
107900227,153,609,-456
107900228,25,113,-88
107900229,5,413,-408
107900230,13,182,-169
107900231,15,267,-252
107900232,45,271,-226
107900233,6,193,-187
107900234,60,197,-137
107900235,13,86,-73
107900236,77,81,-4
107900237,133,509,-376
107900238,21,169,-148
107900239,1952,575,1377
107900240,24,188,-164
107900241,12,109,-97
107900242,27,514,-487
107900243,1,70,-69
107900244,372,2,370
107900245,694,82,612
107900246,174,15,159
107900248,367,638,-271
107900249,595,19,576
107900250,13,823,-810
107900251,84,1946,-1862
107900252,1178,28,1150
107900253,254,3,251
107900254,71,320,-249
107900255,393,83,310
107900256,1084,630,454
107900257,140,93,47
107900258,75,472,-397
107900259,98,1801,-1703
107900261,4,620,-616
107900262,53,227,-174
107900264,310,3,307
107900265,62,242,-180
107900267,166,28,138
107900268,70,28,42
107900269,0,11,-11
107900270,1,0,1
107900271,1,10,-9
107900272,185,17,168
107900273,25,115,-90
107900274,46,1,45
107900275,17,2,15
107900276,1,116,-115
107900277,1,333,-332
107900278,256,437,-181
107900279,168,141,27
107900280,2005,2312,-307
107900281,5598,2393,3205
107900282,158,351,-193
107900283,1965,550,1415
107900284,405,1032,-627
107900285,101,196,-95
107900286,150,101,49
107900287,176,246,-70
107900290,0,67,-67
107900291,478,21,457
107900292,128,367,-239
107900293,112,859,-747
107900295,48,159,-111
107900297,3,287,-284
107900298,879,1186,-307
107900299,5537,2479,3058
107900301,654,619,35
107900302,129,46,83
107900303,124,494,-370
107900304,242,670,-428
107900305,274,15,259
107900306,24,12,12
107900307,38,410,-372
107900308,210,60,150
107900309,181,1,180
107900310,242,1,241
107900311,1,87,-86
107900312,94,15,79
107900313,5,112,-107
107900314,1,63,-62
107900315,0,56,-56
107900316,43,2,41
107900317,157,9,148
107900318,7,174,-167
107900319,6,318,-312
107900320,5,307,-302
107900321,96,5,91
107900322,4,267,-263
107900323,26,212,-186
107900324,232,0,232
107900325,118,0,118
107900326,233,475,-242
107900327,7,61,-54
107900328,125,1,124
107900329,231,49,182
107900330,9,715,-706
107900331,208,44,164
107900332,163,31,132
107900333,45,14,31
107900334,13,334,-321
107900335,69,131,-62
107900336,38,59,-21
107900337,2040,896,1144
107900338,7,202,-195
107900339,4,24,-20
107900340,0,76,-76
107900341,49,1,48
107900342,119,156,-37
107900343,90,1,89
107900344,2,200,-198
107900345,164,37,127
107900346,23,2,21
107900347,39,5,34
107900348,2,4,-2
107900349,33,7,26
107900350,38,306,-268
107900351,12,407,-395
107900352,0,71,-71
107900353,11,11,0
107900354,16,77,-61
108000001,3241,4889,-1648
108000002,3180,4528,-1348
108000003,4023,3179,844
108000004,21678,21921,-243
108000005,7886,5765,2121
108000006,10137,10182,-45
108000007,5552,4994,558
108000008,7403,8721,-1318
108000009,4322,4933,-611
108000010,4721,6715,-1994
108000011,11511,13870,-2359
108000012,23357,23280,77
108000014,1080,884,196
108000015,775,415,360
108000016,310,859,-549
108000017,842,481,361
108000018,1793,768,1025
108000019,2383,1090,1293
108000020,1561,640,921
108000021,550,2230,-1680
108000022,680,2175,-1495
108000023,1266,237,1029
108000024,323,957,-634
108000025,268,346,-78
108000026,654,823,-169
108000027,738,900,-162
108000028,592,350,242
108000029,497,1313,-816
108000030,639,275,364
108000031,327,672,-345
108000032,1322,745,577
108000033,819,1766,-947
108000034,1742,551,1191
108000035,1038,3550,-2512
108000036,390,1912,-1522
108000037,1603,443,1160
108000038,2349,497,1852
108000039,521,3585,-3064
108000040,1848,1029,819
108000041,803,3867,-3064
108000042,242,262,-20
108000043,216,343,-127
108000044,374,227,147
108000045,335,796,-461
108000046,1237,340,897
108000047,478,1452,-974
108000048,191,478,-287
108000049,543,278,265
108000050,178,917,-739
108000051,296,134,162
108000052,351,943,-592
108000053,311,183,128
108000054,701,1489,-788
108000055,1305,481,824
108000056,1533,1577,-44
108000057,752,1129,-377
108000058,2513,4123,-1610
108000059,5262,2960,2302
108000060,247,802,-555
108000061,461,771,-310
108000062,619,626,-7
108000063,423,666,-243
108000064,185,310,-125
108000065,867,769,98
108000066,2438,1092,1346
108000067,1990,657,1333
108000068,700,375,325
108000069,282,1442,-1160
108000070,1733,766,967
108000071,900,2057,-1157
108000072,1626,1247,379
108000073,1835,2377,-542
108000074,398,402,-4
108000075,396,1076,-680
108000076,810,627,183
108000077,914,896,18
108000078,1871,2026,-155
108000079,1129,2531,-1402
108000080,1033,763,270
108000081,617,3344,-2727
108000082,1264,2766,-1502
108000083,2014,1049,965
108000084,514,1728,-1214
108000085,691,505,186
108000086,1045,1143,-98
108000087,157,2041,-1884
108000088,1215,223,992
108000089,569,372,197
108000091,346,917,-571
108000092,168,156,12
108000093,231,1289,-1058
108000094,791,204,587
108000095,223,749,-526
108000096,300,299,1
108000097,210,853,-643
108000098,1302,1986,-684
108000099,1106,461,645
108000100,91,701,-610
108000101,1147,1625,-478
108000102,2094,3629,-1535
108000106,854,0,854
108000107,1,900,-899
108000108,700,66,634
108000109,8,1113,-1105
108000110,143,466,-323
108000111,209,1140,-931
108000112,65,171,-106
108000113,788,417,371
108000115,454,615,-161
108000117,1013,468,545
108000118,936,1892,-956
108000119,932,655,277
108000120,146,1019,-873
108000121,221,921,-700
108000122,645,508,137
108000123,615,344,271
108000124,263,733,-470
108000125,245,463,-218
108000126,179,838,-659
108000127,560,457,103
108000128,603,840,-237
108000129,279,1684,-1405
108000130,349,367,-18
108000131,1208,629,579
108000132,2556,1978,578
108000133,836,733,103
108000134,636,841,-205
108000135,1276,522,754
108000136,1348,1380,-32
108000137,409,574,-165
108000138,327,1523,-1196
108000139,323,491,-168
108000140,79,31,48
108000141,56,207,-151
108000142,65,228,-163
108000143,42,869,-827
108000144,310,117,193
108000145,49,88,-39
108000146,487,73,414
108000147,39,87,-48
108000148,570,112,458
108000149,25,65,-40
108000150,31,9,22
108000151,377,108,269
108000152,151,1002,-851
108000153,392,177,215
108000154,79,36,43
108000155,32,17,15
108000156,1131,854,277
108000157,184,860,-676
108000158,126,731,-605
108000159,980,229,751
108000160,7407,1136,6271
108000161,5997,2211,3786
108000165,6,158,-152
108000172,3,300,-297
108000173,3718,2077,1641
108000175,450,126,324
108000178,468,429,39
108000179,257,736,-479
108000181,98,69,29
108000182,422,118,304
108000183,84,579,-495
108000184,1845,2460,-615
108000185,281,865,-584
108000186,335,727,-392
108000187,126,1168,-1042
108000188,463,283,180
108000189,4092,7035,-2943
108000190,43,151,-108
108000192,184,850,-666
108000193,1225,37,1188
108000194,37,37,0
108000195,1,1958,-1957
108000196,167,209,-42
108000198,980,510,470
108000199,3,231,-228
108000200,248,904,-656
108000203,143,1328,-1185
108000204,107,32,75
108000205,413,754,-341
108000339,2076,458,1618
108000364,428,1020,-592
108000365,87,442,-355
108000367,309,388,-79
108000368,16,90,-74
108000369,2296,236,2060
108000371,9,897,-888
108000372,563,5,558
108000373,237,273,-36
108000376,49,35,14
108000377,398,484,-86
108000378,11044,12031,-987
108000379,34,310,-276
108000381,50,13,37
108000382,217,2,215
108000383,0,183,-183
108900001,122,1585,-1463
108900002,292,76,216
108900003,365,1472,-1107
108900004,1576,390,1186
108900007,184,191,-7
108900008,81,163,-82
108900009,86,125,-39
108900010,130,200,-70
108900011,361,504,-143
108900012,282,468,-186
108900013,168,289,-121
108900014,6,98,-92
108900015,0,33,-33
108900016,4,273,-269
108900017,228,229,-1
108900018,89,652,-563
108900019,20,1504,-1484
108900020,57,349,-292
108900021,88,311,-223
108900022,132,7,125
108900023,17,22,-5
108900024,16,182,-166
108900025,71,178,-107
108900026,32,129,-97
108900027,1,97,-96
108900028,77,490,-413
108900029,56,345,-289
108900030,0,127,-127
108900031,66,555,-489
108900032,6,375,-369
108900033,0,95,-95
108900034,1,361,-360
108900035,347,1839,-1492
108900038,1,523,-522
108900039,1,766,-765
108900040,1,137,-136
108900041,6693,3075,3618
108900042,22,432,-410
108900043,66,600,-534
108900044,6,955,-949
108900045,47,708,-661
108900046,69,1484,-1415
108900047,0,161,-161
108900048,76,1339,-1263
108900049,7781,1217,6564
108900050,0,307,-307
108900051,1,292,-291
108900052,17,294,-277
108900053,121,192,-71
108900054,87,270,-183
108900055,74,564,-490
108900056,0,229,-229
108900057,0,202,-202
108900058,19,534,-515
108900059,350,38,312
108900060,92,176,-84
108900061,65,32,33
108900062,9,405,-396
108900063,11,399,-388
108900064,147,86,61
108900065,14,451,-437
108900066,259,153,106
108900067,12,290,-278
108900068,15,298,-283
108900069,42,148,-106
108900070,25,196,-171
108900071,99,80,19
108900072,3096,496,2600
108900073,25,695,-670
108900074,153,712,-559
108900075,75,57,18
108900076,203,76,127
108900077,186,819,-633
108900078,34,248,-214
108900079,987,351,636
108900080,24,887,-863
108900081,52,382,-330
108900082,44,136,-92
108900083,25,279,-254
108900085,3359,194,3165
108900086,111,424,-313
108900087,111,315,-204
108900088,1047,323,724
108900089,18,148,-130
108900090,37,510,-473
108900091,142,153,-11
108900092,407,300,107
108900093,69,92,-23
108900094,273,150,123
108900095,67,719,-652
108900096,515,30,485
108900097,453,258,195
108900098,4273,686,3587
108900099,286,366,-80
108900100,63,209,-146
108900101,218,105,113
108900102,143,898,-755
108900103,61,118,-57
108900105,4,1100,-1096
108900106,343,512,-169
108900108,355,40,315
108900109,360,76,284
108900110,145,538,-393
108900111,362,840,-478
108900113,43,81,-38
108900114,55,24,31
108900115,68,103,-35
108900116,65,10,55
108900117,109,18,91
108900118,482,9,473
108900119,247,56,191
108900120,190,259,-69
108900121,407,83,324
108900122,118,41,77
108900123,101,90,11
108900124,377,211,166
108900125,330,0,330
108900126,118,14,104
108900127,170,33,137
108900128,87,18,69
108900129,747,122,625
108900130,196,1,195
108900131,405,3,402
108900132,405,93,312
108900133,192,81,111
108900134,217,321,-104
108900135,138,5,133
108900136,27,0,27
108900137,125,1,124
108900138,609,20,589
108900140,218,280,-62
108900141,268,15,253
108900142,95,3,92
108900143,31,1,30
108900144,58,1,57
108900145,109,8,101
108900146,71,1,70
108900147,172,0,172
108900148,70,33,37
108900150,264,3,261
108900151,134,1,133
108900152,77,16,61
108900153,91,571,-480
108900154,4801,575,4226
108900156,89,21,68
108900157,14,811,-797
108900158,253,43,210
108900159,6,368,-362
108900160,9,303,-294
108900161,8,709,-701
108900162,59,0,59
108900163,9,230,-221
108900164,69,94,-25
108900168,12545,2757,9788
108900169,33,171,-138
108900171,11039,2686,8353
108900172,234,70,164
108900173,200,532,-332
108900174,644,726,-82
108900176,127,909,-782
108900177,10756,4237,6519
108900178,7059,3236,3823
108900180,183,272,-89
108900183,280,196,84
108900184,430,200,230
108900185,99,398,-299
108900186,41,453,-412
108900189,406,136,270
108900190,39,4733,-4694
108900192,126,309,-183
108900195,86,433,-347
108900196,30,712,-682
108900199,253,365,-112
108900200,775,481,294
108900201,419,1698,-1279
108900203,590,66,524
108900204,422,19,403
108900205,220,42,178
108900206,360,41,319
108900207,206,73,133
108900208,24,481,-457
108900209,303,846,-543
108900210,180,264,-84
108900211,199,468,-269
108900212,1022,1289,-267
108900215,107,818,-711
108900216,653,182,471
108900217,120,1,119
108900218,85,17,68
108900221,51,174,-123
108900224,35,149,-114
108900225,2,216,-214
108900227,174,245,-71
108900230,601,400,201
108900232,2,469,-467
108900233,452,75,377
108900234,235,133,102
108900235,322,762,-440
108900236,40,404,-364
108900240,91,96,-5
108900241,24,37,-13
108900245,7,1299,-1292
108900250,290,145,145
108900258,5,304,-299
108900259,49,98,-49
108900260,12,128,-116
108900261,220,255,-35
108900262,289,174,115
108900263,53,267,-214
108900264,675,366,309
108900265,1784,404,1380
108900266,1926,505,1421
108900267,10,81,-71
108900268,42,6,36
108900269,70,14,56
108900270,48,4,44
108900271,39,5,34
108900272,165,9,156
108900273,1261,786,475
108900274,32,105,-73
109000001,5830,1571,4259
109000002,3335,2300,1035
109000003,3091,842,2249
109000004,682,3867,-3185
109000005,3266,1204,2062
109000006,1094,3144,-2050
109000007,1549,1103,446
109000008,530,2767,-2237
109000009,4482,1902,2580
109000010,1822,5909,-4087
109000011,3744,2601,1143
109000012,2775,5856,-3081
109000013,3702,3461,241
109000014,2063,5396,-3333
109000015,3911,7723,-3812
109000016,14355,6213,8142
109000017,2356,1855,501
109000018,1264,5398,-4134
109000019,4147,1860,2287
109000020,1948,2971,-1023
109000023,255,30,225
109000024,7,247,-240
109000025,545,638,-93
109000026,1343,505,838
109000027,101,385,-284
109000028,132,104,28
109000029,166,259,-93
109000030,67,725,-658
109000031,273,151,122
109000032,147,586,-439
109000033,663,197,466
109000034,71,50,21
109000035,16,107,-91
109000036,88,471,-383
109000037,247,1137,-890
109000038,614,504,110
109000039,1019,661,358
109000040,7529,7263,266
109000041,6561,1520,5041
109000042,1604,1400,204
109000044,526,80,446
109000045,172,615,-443
109000046,288,97,191
109000047,104,569,-465
109000048,1133,161,972
109000049,572,600,-28
109000050,341,264,77
109000051,474,344,130
109000052,484,2278,-1794
109000053,173,142,31
109000054,195,1007,-812
109000055,265,257,8
109000056,326,827,-501
109000057,578,364,214
109000058,1000,318,682
109000059,936,1414,-478
109000060,557,339,218
109000061,2184,951,1233
109000062,134,288,-154
109000063,272,344,-72
109000064,143,199,-56
109000065,113,440,-327
109000066,359,168,191
109000067,51,447,-396
109000068,2009,7,2002
109000069,1040,49,991
109000070,11,1317,-1306
109000071,481,108,373
109000072,95,389,-294
109000073,67,145,-78
109000074,42,311,-269
109000075,98,474,-376
109000076,140,234,-94
109000077,473,317,156
109000078,96,208,-112
109000079,168,287,-119
109000080,108,206,-98
109000081,150,776,-626
109000082,562,403,159
109000083,327,1131,-804
109000088,123,675,-552
109000089,225,46,179
109000090,201,536,-335
109000091,223,176,47
109000092,486,748,-262
109000093,196,130,66
109000094,384,0,384
109000095,142,731,-589
109000096,538,350,188
109000097,83,221,-138
109000098,70,127,-57
109000099,795,483,312
109000100,222,882,-660
109000101,1239,1176,63
109000102,370,1188,-818
109000103,371,908,-537
109000104,1383,878,505
109000105,565,1715,-1150
109000106,1942,937,1005
109000107,639,2629,-1990
109000108,1885,779,1106
109000109,455,2500,-2045
109000110,1737,630,1107
109000111,1549,2960,-1411
109000112,445,219,226
109000113,515,268,247
109000114,163,508,-345
109000115,1860,182,1678
109000116,13,330,-317
109000117,150,149,1
109000118,14,405,-391
109000119,955,688,267
109000120,204,1508,-1304
109000121,372,131,241
109000122,167,1257,-1090
109000123,52,166,-114
109000124,638,494,144
109000125,977,562,415
109000126,607,1184,-577
109000127,748,322,426
109000128,619,2988,-2369
109000129,1879,798,1081
109000130,645,3833,-3188
109000131,864,509,355
109000132,736,2921,-2185
109000133,531,1473,-942
109000134,1010,2078,-1068
109000135,1455,1793,-338
109000136,343,500,-157
109000137,335,520,-185
109000138,567,545,22
109000139,428,607,-179
109000140,239,675,-436
109000141,428,550,-122
109000142,158,774,-616
109000143,104,128,-24
109000145,120,549,-429
109000146,171,139,32
109000148,5492,2025,3467
109000149,66,70,-4
109000150,291,267,24
109000155,618,847,-229
109000156,1990,1153,837
109000158,103,290,-187
109000159,156,848,-692
109000160,1369,328,1041
109000161,437,1878,-1441
109000162,2035,1110,925
109000163,1083,2794,-1711
109000164,1398,3682,-2284
109000165,1119,858,261
109000166,606,212,394
109000167,118,1388,-1270
109000170,53,101,-48
109000171,62,79,-17
109000172,54,114,-60
109000173,40,114,-74
109000174,45,57,-12
109000175,48,185,-137
109000176,298,319,-21
109000177,33,232,-199
109000178,665,726,-61
109000179,10542,4971,5571
109000180,7348,3876,3472
109000181,17,68,-51
109000182,71,70,1
109000183,53,60,-7
109000184,59,39,20
109000185,26,153,-127
109000188,1164,3620,-2456
109000189,4224,1310,2914
109000190,676,751,-75
109000191,350,790,-440
109000192,362,306,56
109000193,191,629,-438
109000194,198,173,25
109000195,108,570,-462
109000196,300,163,137
109000197,108,701,-593
109000198,288,120,168
109000199,127,750,-623
109000206,247,54,193
109000207,101,46,55
109000208,86,91,-5
109000209,155,177,-22
109000210,236,858,-622
109000211,511,673,-162
109000214,425,744,-319
109000215,201,117,84
109000216,337,213,124
109000217,242,137,105
109000218,385,217,168
109000221,491,1505,-1014
109000222,963,293,670
109000223,289,367,-78
109000224,51,321,-270
109000225,63,68,-5
109000226,50,472,-422
109000227,896,1770,-874
109000228,1,564,-563
109000231,3,418,-415
109000232,318,539,-221
109000236,296,1052,-756
109000241,2314,2823,-509
109000242,1760,2232,-472
109000293,18,64,-46
109000361,141,358,-217
109000364,181,904,-723
109000396,6,921,-915
109000397,449,3,446
109000399,171,939,-768
109000400,78,434,-356
109000403,95,554,-459
109000406,829,10,819
109000407,248,259,-11
109000408,3,1533,-1530
109000410,1163,288,875
109000411,190,48,142
109900001,98,0,98
109900002,690,15,675
109900003,184,0,184
109900004,765,326,439
109900005,25,7,18
109900006,263,377,-114
109900007,574,1093,-519
109900008,1,48,-47
109900009,108,930,-822
109900010,423,18,405
109900011,141,38,103
109900012,237,251,-14
109900013,405,155,250
109900014,341,88,253
109900015,563,242,321
109900016,123,39,84
109900017,149,169,-20
109900018,212,100,112
109900019,170,70,100
109900020,40,42,-2
109900021,37,44,-7
109900022,94,462,-368
109900023,8,3,5
109900024,16,0,16
109900025,8,74,-66
109900026,5,243,-238
109900027,42,48,-6
109900028,3304,846,2458
109900029,5,706,-701
109900030,49,6,43
109900031,0,69,-69
109900032,7,369,-362
109900033,1,884,-883
109900034,31,1,30
109900035,5,17,-12
109900036,9,138,-129
109900037,33,717,-684
109900038,33,381,-348
109900039,17,0,17
109900040,14,836,-822
109900041,68,586,-518
109900042,11,506,-495
109900044,145,329,-184
109900045,177,84,93
109900046,84,144,-60
109900047,513,443,70
109900048,5,120,-115
109900049,7,46,-39
109900050,1,314,-313
109900051,2,46,-44
109900052,71,339,-268
109900053,4,562,-558
109900054,633,238,395
109900055,51,358,-307
109900056,17,310,-293
109900057,7,306,-299
109900058,0,122,-122
109900059,429,117,312
109900060,419,194,225
109900061,117,383,-266
109900062,3,373,-370
109900063,4,513,-509
109900064,510,433,77
109900065,173,145,28
109900066,361,1298,-937
109900067,3,523,-520
109900068,47,2,45
109900069,2,74,-72
109900070,53,418,-365
109900071,3,33,-30
109900072,15,205,-190
109900073,252,952,-700
109900074,7,64,-57
109900075,21,30,-9
109900076,38,637,-599
109900077,19,67,-48
109900078,74,320,-246
109900080,176,546,-370
109900081,26,120,-94
109900082,48,613,-565
109900083,20,77,-57
109900084,115,223,-108
109900085,303,1551,-1248
109900086,139,417,-278
109900087,365,555,-190
109900089,773,164,609
109900090,609,1923,-1314
109900091,320,135,185
109900092,745,16,729
109900093,664,118,546
109900094,125,118,7
109900095,146,365,-219
109900096,35,1,34
109900097,112,2,110
109900098,372,37,335
109900099,174,1,173
109900100,60,0,60
109900101,395,7,388
109900102,396,29,367
109900103,16,50,-34
109900104,389,1248,-859
109900105,515,40,475
109900106,319,62,257
109900107,408,86,322
109900108,82,539,-457
109900109,33,231,-198
109900110,98,757,-659
109900111,336,2006,-1670
109900112,455,1305,-850
109900113,707,453,254
109900114,751,343,408
109900115,118,95,23
109900117,916,193,723
109900118,311,654,-343
109900119,798,423,375
109900120,66,34,32
109900121,639,382,257
109900122,392,6,386
109900123,16,238,-222
109900124,53,902,-849
109900125,4,257,-253
109900126,205,276,-71
109900128,198,103,95
109900130,16841,2051,14790
109900131,80,226,-146
109900132,29,214,-185
109900133,64,522,-458
109900134,61,99,-38
109900135,499,102,397
109900136,75,194,-119
109900137,113,559,-446
109900140,255,446,-191
109900142,1046,408,638
109900145,4,298,-294
109900146,586,45,541
109900148,48,107,-59
109900149,48,88,-40
109900150,8,58,-50
109900151,5,56,-51
109900152,3,31,-28
109900153,2,55,-53
109900154,62,0,62
109900155,78,20,58
109900157,55,325,-270
109900158,43,200,-157
109900159,169,30,139
109900160,164,69,95
109900161,224,75,149
109900162,164,84,80
109900163,934,487,447
109900164,44,337,-293
109900165,310,2,308
109900166,2,188,-186
109900167,211,728,-517
109900168,236,782,-546
109900169,187,253,-66
109900170,384,1081,-697
109900171,161,121,40
109900172,167,253,-86
109900173,6067,2363,3704
109900174,28,270,-242
109900175,66,56,10
109900176,99,250,-151
109900177,36,348,-312
109900178,8,132,-124
109900179,23,21,2
109900180,5,19,-14
110000001,1134,804,330
110000002,973,806,167
110000003,1268,768,500
110000004,703,753,-50
110000005,850,1858,-1008
110000006,966,477,489
110000007,207,261,-54
110000008,17,72,-55
110000009,70,70,0
110000010,67,64,3
110000011,35,157,-122
110000012,1188,814,374
110000013,29,665,-636
110000014,834,548,286
110000015,382,801,-419
110000016,372,1594,-1222
110000017,4563,362,4201
110000018,4697,627,4070
110000019,12,231,-219
110000020,758,309,449
110000021,1495,575,920
110000022,1130,260,870
110000023,11,256,-245
110000024,737,547,190
110000025,217,4,213
110000026,12,777,-765
110000027,953,479,474
110000028,1006,911,95
110000029,630,1403,-773
110000030,244,472,-228
110000031,255,896,-641
110000032,855,525,330
110000033,333,75,258
110000034,360,880,-520
110000035,818,1170,-352
110000036,811,808,3
110000037,238,764,-526
110000038,242,796,-554
110000039,893,3097,-2204
110000040,371,526,-155
110000041,284,1474,-1190
110000042,125,296,-171
110000043,575,382,193
110000044,122,110,12
110000045,627,138,489
110000046,10,24,-14
110000047,29,20,9
110000048,5,17,-12
110000049,108,11,97
110000050,25,22,3
110000051,90,4,86
110000052,37,42,-5
110000053,442,5,437
110000054,199,286,-87
110000055,595,51,544
110000056,413,63,350
110000057,398,1175,-777
110000058,1260,731,529
110000059,1014,630,384
110000060,1021,1222,-201
110000061,1055,1135,-80
110000062,813,998,-185
110000063,38,126,-88
110000064,93,184,-91
110000065,107,94,13
110000066,114,46,68
110000067,140,594,-454
110000068,321,741,-420
110000069,175,122,53
110000071,130,201,-71
110000073,2,25,-23
110000075,7,115,-108
110000076,283,391,-108
110000077,542,1330,-788
110000078,19,61,-42
110000080,373,881,-508
110000081,62,382,-320
110000082,49,522,-473
110000083,291,785,-494
110000084,1039,767,272
110000085,2965,1975,990
110000086,1487,2009,-522
110000087,15,106,-91
110000088,58,331,-273
110000089,288,219,69
110000090,122,464,-342
110000091,2632,442,2190
110000092,22,137,-115
110000093,57,11,46
110000094,688,297,391
110000095,203,829,-626
110000096,4559,2160,2399
110000097,1172,1468,-296
110000098,2270,752,1518
110000099,977,2190,-1213
110000100,746,1054,-308
110000101,28,605,-577
110000102,57,85,-28
110000104,326,142,184
110000105,97,358,-261
110000106,622,391,231
110000107,556,572,-16
110000108,205,62,143
110000109,350,479,-129
110000110,5212,5065,147
110000111,9779,2980,6799
110000112,1834,1026,808
110000113,946,2566,-1620
110000114,140,655,-515
110000115,266,420,-154
110000116,31,62,-31
110000117,142,623,-481
110000118,388,333,55
110000119,205,445,-240
110000120,346,252,94
110000121,154,465,-311
110000122,429,854,-425
110000123,566,697,-131
110000124,4,1080,-1076
110000125,1165,4,1161
110000126,314,22,292
110000127,1248,48,1200
110000128,33,1709,-1676
110000129,7,896,-889
110000130,359,187,172
110000131,101,620,-519
110000132,2,888,-886
110000133,97,484,-387
110000134,59,437,-378
110000135,199,43,156
110000136,93,444,-351
110000137,693,921,-228
110000138,686,1206,-520
110000139,738,1990,-1252
110000140,1321,751,570
110000143,918,487,431
110000144,5789,1822,3967
110000145,1519,997,522
110000146,1901,931,970
110000147,433,1031,-598
110000148,478,485,-7
110000151,1792,805,987
110000152,1496,494,1002
110000153,63,178,-115
110000154,3,19,-16
110000155,1551,3759,-2208
110000156,1214,2571,-1357
110000157,1481,2261,-780
110000160,423,468,-45
110000161,158,605,-447
110000166,398,131,267
110000167,891,638,253
110000168,1026,493,533
110000169,715,449,266
110000170,130,79,51
110000171,571,214,357
110000172,197,1122,-925
110000173,1704,1833,-129
110000174,167,1911,-1744
110000175,509,119,390
110000176,91,367,-276
110000177,197,1031,-834
110000178,582,1003,-421
110000179,2177,431,1746
110000180,140,468,-328
110000181,340,521,-181
110000182,396,346,50
110000183,17675,7665,10010
110000184,1992,2762,-770
110000185,1401,868,533
110000186,890,1028,-138
110000191,598,402,196
110000192,420,7,413
110000193,719,6,713
110000194,9,1673,-1664
110000195,435,506,-71
110000196,330,656,-326
110000197,132,285,-153
110000198,144,105,39
110000199,88,171,-83
110000200,1652,599,1053
110000201,871,872,-1
110000202,1381,531,850
110000203,847,1194,-347
110000204,3,432,-429
110000205,95,59,36
110000206,824,2110,-1286
110000207,600,388,212
110000208,172,145,27
110000209,148,1142,-994
110000210,800,902,-102
110000211,1015,1189,-174
110000212,619,1315,-696
110000213,219,73,146
110000214,164,179,-15
110000215,173,849,-676
110000216,100,928,-828
110000217,222,298,-76
110000218,156,720,-564
110000219,235,167,68
110000220,57,550,-493
110000221,324,91,233
110000222,47,428,-381
110000223,3,184,-181
110000224,111,33,78
110000225,231,785,-554
110000226,234,79,155
110000227,986,884,102
110000228,577,389,188
110000229,3,395,-392
110000230,680,834,-154
110000231,225,222,3
110000232,330,239,91
110000233,231,371,-140
110000234,748,588,160
110000235,1811,1248,563
110000236,667,1220,-553
110000237,2499,1581,918
110000238,1282,1841,-559
110000239,2193,1411,782
110000240,0,125,-125
110000242,0,6,-6
110000243,68,204,-136
110000244,164,703,-539
110000245,74,786,-712
110000246,847,845,2
110000247,1488,6927,-5439
110000248,2849,2438,411
110000249,137,8,129
110000250,62,326,-264
110000251,291,875,-584
110000252,217,319,-102
110000253,1388,775,613
110000254,777,1942,-1165
110000255,216,1574,-1358
110000256,598,266,332
110000257,950,494,456
110000258,8,624,-616
110000259,83,42,41
110000260,12,537,-525
110000263,712,155,557
110000264,202,805,-603
110000265,1343,2208,-865
110000266,2158,2830,-672
110000267,14,322,-308
110000268,281,727,-446
110000269,3,117,-114
110000270,61,4,57
110000271,3256,353,2903
110000272,1235,1245,-10
110000273,3904,1570,2334
110000274,240,1416,-1176
110000275,3845,608,3237
110000276,300,365,-65
110000277,275,531,-256
110000278,283,1230,-947
110000279,873,781,92
110000280,322,413,-91
110000281,40,241,-201
110000282,394,60,334
110000283,101,113,-12
110000284,72,88,-16
110000285,1,404,-403
110000286,32,0,32
110000287,62,5,57
110000288,1,86,-85
110000289,677,1851,-1174
110000290,1683,722,961
110000291,9001,1873,7128
110000292,1631,4929,-3298
110000293,536,1228,-692
110000294,864,1086,-222
110000295,100,1353,-1253
110000296,272,388,-116
110000297,2953,403,2550
110000298,379,956,-577
110000299,757,82,675
110000301,318,29,289
110000302,395,1883,-1488
110000303,505,15,490
110000304,248,464,-216
110000305,1215,21,1194
110000306,167,2352,-2185
110000307,1494,17,1477
110000308,618,8,610
110000309,11,1603,-1592
110000310,656,97,559
110000311,27,1133,-1106
110000312,726,96,630
110000313,3517,4585,-1068
110000314,9,486,-477
110000315,4149,2521,1628
110000316,652,1538,-886
110000317,794,430,364
110000318,4,188,-184
110000319,11,24,-13
110000320,73,114,-41
110000321,17,56,-39
110000322,235,584,-349
110000323,341,283,58
110000324,6400,1566,4834
110000325,3165,3192,-27
110000327,522,349,173
110000328,206,552,-346
110000333,1158,731,427
110000334,895,1961,-1066
110000335,805,588,217
110000336,646,1345,-699
110000337,1764,670,1094
110000338,353,233,120
110000339,287,274,13
110000340,62,230,-168
110000341,598,659,-61
110000342,538,3,535
110000343,0,13,-13
110000344,222,244,-22
110000345,276,119,157
110000346,3009,2086,923
110000347,1281,958,323
110000348,52,34,18
110000349,14,34,-20
110000350,34,2,32
110000351,854,1098,-244
110000352,572,2050,-1478
110000353,4617,931,3686
110000354,1511,3475,-1964
110000355,89,120,-31
110000356,1005,13,992
110000357,369,19,350
110000361,14,150,-136
110000362,55,42,13
110000363,319,157,162
110000364,169,655,-486
110000365,192,4,188
110000366,0,106,-106
110000367,333,297,36
110000368,2,89,-87
110000369,37,1,36
110000373,1,343,-342
110000374,94,7,87
110000375,268,1096,-828
110000376,48,124,-76
110000377,117,586,-469
110000378,38,432,-394
110000379,4857,1604,3253
110000380,64,13,51
110000383,3,1332,-1329
110000384,2664,830,1834
110000385,1,224,-223
110000387,100,14,86
110000388,58,358,-300
110000389,835,10,825
110000391,496,472,24
110000396,148,147,1
110000397,146,255,-109
110000398,6,64,-58
110000399,244,7,237
110000587,107,57,50
110000589,201,224,-23
110000640,186,151,35
110000652,79,147,-68
110000653,321,625,-304
110000654,95,78,17
110000656,0,939,-939
110000674,78,22,56
110000675,25,8,17
110000676,12,53,-41
110000679,753,1290,-537
110000682,123,293,-170
110000683,533,733,-200
110000684,11,72,-61
110000685,5,15,-10
110000686,14,42,-28
110000687,20,1,19
110000688,94,914,-820
110000689,77,97,-20
110000692,307,284,23
110000693,481,227,254
110000694,0,211,-211
110000695,202,946,-744
110000696,215,208,7
110900001,379,8,371
110900002,583,737,-154
110900003,616,1364,-748
110900004,320,287,33
110900005,5276,1894,3382
110900006,54,25,29
110900007,135,25,110
110900008,25,78,-53
110900009,423,93,330
110900010,5,128,-123
110900011,33,191,-158
110900012,19,149,-130
110900013,912,146,766
110900014,149,18,131
110900015,1407,695,712
110900016,41,216,-175
110900017,337,42,295
110900018,431,66,365
110900019,139,27,112
110900020,91,588,-497
110900021,99,826,-727
110900022,106,540,-434
110900023,59,813,-754
110900024,23,725,-702
110900025,12,68,-56
110900027,35,343,-308
110900028,66,264,-198
110900029,30,613,-583
110900030,43,453,-410
110900031,3,234,-231
110900032,0,133,-133
110900033,41,399,-358
110900035,61,862,-801
110900036,136,21,115
110900037,70,33,37
110900038,2112,288,1824
110900039,10,328,-318
110900040,208,58,150
110900041,12,183,-171
110900042,132,95,37
110900043,4,210,-206
110900044,341,31,310
110900045,61,826,-765
110900046,148,494,-346
110900047,1171,269,902
110900049,76,70,6
110900050,9,5,4
110900051,76,253,-177
110900052,6,287,-281
110900053,95,75,20
110900054,37,344,-307
110900055,24,1,23
110900056,85,145,-60
110900057,8,267,-259
110900058,200,372,-172
110900059,877,919,-42
110900060,530,169,361
110900061,49,55,-6
110900062,187,453,-266
110900063,56,216,-160
110900064,24,0,24
110900065,504,203,301
110900066,11,123,-112
110900067,787,892,-105
110900068,287,261,26
110900069,3,35,-32
110900070,139,45,94
110900071,450,534,-84
110900073,2,32,-30
110900074,238,140,98
110900075,345,126,219
110900077,636,685,-49
110900078,22,182,-160
110900079,3469,1055,2414
110900080,102,71,31
110900081,2,114,-112
110900082,123,376,-253
110900083,118,51,67
110900084,43,247,-204
110900085,54,491,-437
110900086,64,306,-242
110900087,305,92,213
110900088,27,1,26
110900090,41,37,4
110900091,0,89,-89
110900093,385,137,248
110900095,76,62,14
110900097,9,17,-8
110900098,41,186,-145
110900099,40,889,-849
110900100,0,37,-37
110900102,57,28,29
110900105,866,619,247
110900108,19,146,-127
110900111,430,186,244
110900112,739,7,732
110900113,654,60,594
110900115,25,169,-144
110900116,667,3314,-2647
110900118,193,2756,-2563
110900119,7304,531,6773
110900120,14,232,-218
110900121,93,3,90
110900122,339,175,164
110900125,263,371,-108
110900127,964,1283,-319
110900128,593,494,99
110900129,384,675,-291
110900130,1524,638,886
110900131,165,59,106
110900132,315,58,257
110900133,78,351,-273
110900135,121,672,-551
110900136,333,30,303
110900139,1,0,1
110900140,0,0,0
110900141,641,162,479
110900142,73,311,-238
110900143,158,151,7
110900144,3,932,-929
110900145,136,20,116
110900146,415,135,280
110900147,335,386,-51
110900148,6,468,-462
110900149,2,141,-139
110900150,53,10,43
110900151,4,135,-131
110900152,38,451,-413
110900153,136,60,76
111000001,867,662,205
111000002,1273,1231,42
111000003,1687,1618,69
111000004,1165,1651,-486
111000005,1938,1658,280
111000006,1440,1801,-361
111000007,7475,5065,2410
111000008,6307,5126,1181
111000009,518,1323,-805
111000010,942,334,608
111000011,459,1383,-924
111000012,897,472,425
111000013,489,1674,-1185
111000014,1339,847,492
111000017,180,934,-754
111000018,412,493,-81
111000020,3193,3232,-39
111000021,146,206,-60
111000023,112,220,-108
111000025,10223,3997,6226
111000029,60,147,-87
111000030,26,130,-104
111000031,2344,1402,942
111000032,717,313,404
111000033,419,283,136
111000034,677,305,372
111000037,4216,2073,2143
111000038,4879,3661,1218
111000039,2349,3675,-1326
111000040,2029,4279,-2250
111000041,1823,2462,-639
111000042,8011,3356,4655
111000043,2729,2878,-149
111000044,1647,1258,389
111000045,2437,2565,-128
111000046,1947,1876,71
111000047,2871,4156,-1285
111000049,476,718,-242
111000050,2775,2147,628
111000051,526,1518,-992
111000052,750,2210,-1460
111000053,541,1551,-1010
111000054,392,1615,-1223
111000055,1346,2779,-1433
111000056,132,801,-669
111000057,88,973,-885
111000058,359,143,216
111000059,365,359,6
111000060,3676,1149,2527
111000061,555,481,74
111000062,951,337,614
111000063,2167,1158,1009
111000064,577,676,-99
111000065,1048,1106,-58
111000066,533,432,101
111000067,548,960,-412
111000068,488,1217,-729
111000069,1977,2608,-631
111000070,3219,1532,1687
111000071,315,1128,-813
111000072,1095,590,505
111000073,327,1150,-823
111000074,1728,1956,-228
111000075,1015,1147,-132
111000076,464,1303,-839
111000077,1529,2282,-753
111000078,2940,1610,1330
111000079,1652,1133,519
111000080,530,998,-468
111000081,2948,4956,-2008
111000082,655,1033,-378
111000084,896,772,124
111000085,1506,2147,-641
111000086,5304,2089,3215
111000087,829,1150,-321
111000088,10461,2628,7833
111000089,777,1000,-223
111000090,1348,1642,-294
111000091,811,868,-57
111000092,1237,1250,-13
111000093,627,1007,-380
111000094,2347,1249,1098
111000095,851,2830,-1979
111000096,3097,8480,-5383
111000097,7953,1559,6394
111000098,876,1929,-1053
111000099,558,3119,-2561
111000100,389,2777,-2388
111000101,543,1112,-569
111000102,209,1078,-869
111000104,528,315,213
111000107,130,1183,-1053
111000109,501,319,182
111000110,1764,872,892
111000111,1952,581,1371
111000112,1827,574,1253
111000113,971,1301,-330
111000114,2658,3640,-982
111000115,9725,1670,8055
111000116,1116,1419,-303
111000117,631,1227,-596
111000118,1901,1351,550
111000119,1154,2106,-952
111000120,409,800,-391
111000121,279,815,-536
111000122,761,1356,-595
111000123,1197,3945,-2748
111000124,628,4108,-3480
111000125,283,2416,-2133
111000126,123,1329,-1206
111000127,832,271,561
111000128,1651,477,1174
111000129,2486,609,1877
111000130,1674,863,811
111000131,1296,659,637
111000132,1102,768,334
111000133,135,165,-30
111000134,159,143,16
111000135,38,188,-150
111000136,341,437,-96
111000138,11,16,-5
111000140,1,14,-13
111000141,221,492,-271
111000142,16,145,-129
111000143,6,107,-101
111000144,33,226,-193
111000145,1401,11,1390
111000146,68,10,58
111000147,245,44,201
111000148,233,111,122
111000149,2,47,-45
111000150,11,12,-1
111000151,8,49,-41
111000153,771,847,-76
111000154,1206,246,960
111000155,135,214,-79
111000156,645,774,-129
111000157,217,1094,-877
111000158,1162,1006,156
111000159,3932,950,2982
111000160,337,520,-183
111000161,13,363,-350
111000162,55,259,-204
111000163,662,1073,-411
111000164,1136,4300,-3164
111000165,1754,625,1129
111000166,2088,553,1535
111000167,218,674,-456
111000168,294,745,-451
111000169,498,780,-282
111000170,635,619,16
111000171,573,1309,-736
111000172,153,1110,-957
111000173,395,2192,-1797
111000174,202,1055,-853
111000175,92,366,-274
111000176,310,222,88
111000177,260,426,-166
111000178,1109,455,654
111000179,175,331,-156
111000180,210,494,-284
111000181,835,383,452
111000182,162,338,-176
111000183,302,502,-200
111000184,367,427,-60
111000185,494,637,-143
111000186,357,413,-56
111000187,134,389,-255
111000188,172,616,-444
111000189,2013,827,1186
111000190,275,643,-368
111000191,158,636,-478
111000192,366,783,-417
111000193,640,455,185
111000194,77,563,-486
111000195,181,560,-379
111000196,47,432,-385
111000197,375,211,164
111000198,477,150,327
111000199,255,180,75
111000200,361,522,-161
111000201,499,372,127
111000202,247,249,-2
111000203,257,304,-47
111000204,571,1001,-430
111000213,282,548,-266
111000214,1681,3047,-1366
111000215,1112,2148,-1036
111000217,1494,1507,-13
111000218,1222,1395,-173
111000219,745,331,414
111000220,3747,623,3124
111000221,1648,156,1492
111000224,88,763,-675
111000225,434,328,106
111000226,374,0,374
111000227,69,10,59
111000228,22,275,-253
111000229,22,600,-578
111000230,325,829,-504
111000231,968,1727,-759
111000232,437,1013,-576
111000233,477,1071,-594
111000234,81,308,-227
111000239,159,318,-159
111000240,24,243,-219
111000241,22,600,-578
111000242,179,95,84
111000243,114,1033,-919
111000244,316,192,124
111000245,930,825,105
111000246,430,802,-372
111000247,179,1167,-988
111000248,600,643,-43
111000249,464,1093,-629
111000250,50,148,-98
111000251,43,120,-77
111000253,15,12,3
111000255,27,8,19
111000257,50,11,39
111000260,79,1465,-1386
111000261,1073,90,983
111000271,75,497,-422
111000273,11034,2198,8836
111000274,1368,2439,-1071
111000275,113,104,9
111000276,334,2834,-2500
111000277,214,538,-324
111000278,759,301,458
111000291,768,6329,-5561
111000298,560,383,177
111000299,812,185,627
111000300,108,935,-827
111000302,259,106,153
111000303,112,348,-236
111000312,75,100,-25
111000315,67,636,-569
111000320,441,908,-467
111000321,298,85,213
111000322,360,652,-292
111000323,199,17,182
111000324,372,291,81
111000325,39,105,-66
111000326,208,488,-280
111000327,459,910,-451
111000328,253,589,-336
111000329,1,38,-37
111000330,49,42,7
111000331,11,14,-3
111000332,503,1772,-1269
111000334,414,2424,-2010
111000335,724,254,470
111000337,895,509,386
111000338,36,158,-122
111000339,407,719,-312
111000340,123,1140,-1017
111000341,1090,638,452
111000342,304,491,-187
111000344,946,1048,-102
111000345,273,81,192
111000346,43,149,-106
111000347,121,2,119
111000350,168,222,-54
111000351,104,270,-166
111000352,153,155,-2
111000353,107,287,-180
111000354,420,250,170
111000355,334,888,-554
111000358,100,2481,-2381
111000360,151,1171,-1020
111000361,116,620,-504
111000546,469,900,-431
111000547,333,1191,-858
111000548,109,255,-146
111000549,309,626,-317
111000550,132,640,-508
111000551,787,247,540
111000552,2073,141,1932
111000907,554,8,546
111000908,34,1,33
111000916,1384,352,1032
111000917,49,593,-544
111000918,174,1458,-1284
111000920,500,29,471
111000921,5,573,-568
111000922,365,408,-43
111000924,44,1555,-1511
111000925,1953,2638,-685
111000926,1124,3733,-2609
111000927,3122,6223,-3101
111000928,7416,6208,1208
111000929,923,1407,-484
111000930,960,3962,-3002
111000931,2107,2745,-638
111000932,5531,3391,2140
111000933,4473,2457,2016
111000934,3327,4127,-800
111000935,1707,1339,368
111000936,1454,3285,-1831
111000937,1011,1590,-579
111000938,2778,3562,-784
111000939,413,65,348
111000940,360,263,97
111000941,252,992,-740
111000943,293,435,-142
111000944,164,825,-661
111000945,89,2907,-2818
111001109,703,324,379
111001110,195,771,-576
111001111,60,14,46
111001112,286,6,280
111001113,21,243,-222
111001114,2048,135,1913
111001115,167,397,-230
111001116,7626,4010,3616
111001117,836,1908,-1072
111001120,125,551,-426
111001121,206,486,-280
111001122,222,953,-731
111001123,208,267,-59
111001124,150,353,-203
111001125,3,40,-37
111001126,0,2,-2
111001127,0,3,-3
111900001,7,401,-394
111900002,9,1340,-1331
111900003,5,464,-459
111900004,30,175,-145
111900006,6,25,-19
111900007,63,7,56
111900008,117,0,117
111900009,101,1,100
111900010,362,754,-392
111900012,66,181,-115
111900013,2,92,-90
111900014,9791,2971,6820
111900015,1,64,-63
111900016,2,170,-168
111900017,1,133,-132
111900018,153,4,149
111900019,2,107,-105
111900020,2,52,-50
111900021,39,105,-66
111900022,8,78,-70
111900023,119,58,61
111900024,4,61,-57
111900025,0,57,-57
111900026,0,92,-92
111900027,7,219,-212
111900028,3,450,-447
111900029,4,157,-153
111900030,74,568,-494
111900031,2,23,-21
111900032,2,473,-471
111900033,5,121,-116
111900034,432,1117,-685
111900035,25,234,-209
111900036,4,497,-493
111900038,358,1028,-670
111900039,43,510,-467
111900040,11,822,-811
111900042,44,184,-140
111900043,3,543,-540
111900044,336,553,-217
111900046,68,353,-285
111900048,145,1181,-1036
111900049,34,376,-342
111900050,105,31,74
111900051,1,378,-377
111900052,518,748,-230
111900053,1865,913,952
111900054,110,6,104
111900055,23,846,-823
111900056,392,257,135
111900057,84,73,11
111900058,271,1136,-865
111900059,4981,513,4468
111900060,300,1,299
111900061,14,422,-408
111900062,18,69,-51
111900063,240,329,-89
111900064,170,394,-224
111900065,57,34,23
111900066,92,218,-126
111900067,1,432,-431
111900068,55,101,-46
111900069,50,30,20
111900070,103,169,-66
111900071,1,436,-435
111900072,37,4,33
111900073,542,91,451
111900074,24,305,-281
111900075,72,6,66
111900076,113,64,49
111900077,21,1,20
111900078,177,14,163
111900079,36,19,17
111900080,245,245,0
111900082,89,15,74
111900083,81,10,71
111900084,45,4,41
111900085,40,87,-47
111900086,32,3,29
111900087,42,1,41
111900088,372,9,363
111900089,39,6,33
111900090,71,38,33
111900091,123,1,122
111900092,58,1,57
111900093,270,12,258
111900094,174,0,174
111900095,141,19,122
111900096,105,3,102
111900097,27,0,27
111900098,126,2,124
111900099,79,0,79
111900100,75,1,74
111900101,72,25,47
111900102,239,876,-637
111900103,75,67,8
111900104,173,68,105
111900105,357,167,190
111900106,1869,70,1799
111900110,3655,491,3164
111900111,105,269,-164
111900112,1260,1889,-629
111900113,354,107,247
111900118,308,84,224
111900119,277,139,138
111900122,77,41,36
111900123,26,36,-10
111900124,15,103,-88
111900125,384,32,352
111900126,240,11,229
111900127,7,946,-939
111900128,2,678,-676
111900129,303,44,259
111900130,353,15,338
111900131,336,0,336
111900132,40,1834,-1794
111900133,6,541,-535
111900134,20,458,-438
111900135,16,23,-7
111900136,86,169,-83
111900137,76,65,11
111900138,9,108,-99
111900139,7,148,-141
111900140,52,27,25
111900141,76,10,66
111900142,98,38,60
111900143,66,317,-251
111900144,0,178,-178
111900145,5,784,-779
111900146,4,376,-372
111900147,182,650,-468
111900148,42,1139,-1097
111900149,12,458,-446
111900150,7,246,-239
111900151,4,39,-35
111900152,68,57,11
111900153,2075,338,1737
111900154,8,206,-198
111900155,49,98,-49
111900156,17,49,-32
111900157,64,5,59
111900158,404,42,362
111900159,252,6,246
111900160,246,1,245
111900161,111,3,108
111900162,136,193,-57
111900163,37,466,-429
111900164,133,84,49
111901113,298,247,51
111901114,221,589,-368
111901115,88,1,87
111901116,33,2,31
111901117,22,37,-15
111901118,245,230,15
111901119,2031,197,1834
111901121,278,646,-368
111901122,3,851,-848
111901123,113,506,-393
111901124,136,0,136
111901125,353,423,-70
111901127,1508,416,1092
111901128,15,177,-162
111901129,7,276,-269
111901130,16,536,-520
111901131,2,253,-251
111901132,118,7,111
111901133,39,2,37
111901134,71,2,69
111901135,10,7,3
111901136,3,27,-24
111901138,166,74,92
111901139,16,71,-55
111901140,10,234,-224
111901141,9,562,-553
111901142,8,327,-319
111901143,4,165,-161
111901144,47,50,-3
111901145,334,340,-6
111901146,485,28,457
111901147,1553,164,1389
111901148,17,41,-24
111901149,22,3,19
111901150,13,0,13
112000001,1950,1443,507
112000002,982,3352,-2370
112000003,1085,1534,-449
112000004,986,2292,-1306
112000005,2734,2988,-254
112000006,2444,3261,-817
112000007,2405,1940,465
112000008,2853,5201,-2348
112000009,5341,5638,-297
112000010,3238,3807,-569
112000011,2744,3269,-525
112000012,5921,3098,2823
112000013,6478,3722,2756
112000014,3370,871,2499
112000015,3918,3423,495
112000016,7209,1096,6113
112000017,3222,1704,1518
112000024,3043,1064,1979
112000026,6196,7579,-1383
112000027,1293,705,588
112000028,3153,2330,823
112000029,366,880,-514
112000030,233,157,76
112000031,1918,4698,-2780
112000032,532,58,474
112000033,2342,1376,966
112000034,422,65,357
112000035,125,308,-183
112000036,1275,735,540
112000037,1284,815,469
112000038,1221,929,292
112000039,73,92,-19
112000040,201,284,-83
112000041,857,659,198
112000042,1916,363,1553
112000050,1286,2132,-846
112000051,1100,1376,-276
112000054,2947,3964,-1017
112000057,626,558,68
112000058,436,709,-273
112000059,668,1316,-648
112000061,5646,2598,3048
112000062,2250,979,1271
112000063,2450,1972,478
112000064,5795,8121,-2326
112000065,2742,3552,-810
112000066,4387,1666,2721
112000067,1033,832,201
112000068,4004,2451,1553
112000069,958,2552,-1594
112000070,2158,1259,899
112000071,1180,3593,-2413
112000072,1857,1305,552
112000073,2832,2178,654
112000074,2729,1213,1516
112000075,1594,1571,23
112000076,4129,3480,649
112000077,480,856,-376
112000078,1677,878,799
112000079,1429,1688,-259
112000080,732,1160,-428
112000081,1833,2642,-809
112000082,1616,1035,581
112000083,703,1878,-1175
112000084,1341,1102,239
112000085,1364,1758,-394
112000086,1968,2207,-239
112000087,304,560,-256
112000088,507,951,-444
112000089,380,428,-48
112000090,304,454,-150
112000091,805,1458,-653
112000092,1487,1415,72
112000093,2018,1451,567
112000094,532,1255,-723
112000095,805,1111,-306
112000096,525,981,-456
112000097,1046,656,390
112000098,1261,2092,-831
112000099,834,1142,-308
112000100,1394,1204,190
112000101,650,1198,-548
112000102,866,918,-52
112000103,472,1437,-965
112000105,796,2907,-2111
112000106,1475,790,685
112000107,124,214,-90
112000108,317,2602,-2285
112000109,206,173,33
112000110,1777,768,1009
112000111,1630,4906,-3276
112000112,4279,921,3358
112000113,1098,2298,-1200
112000114,2648,1506,1142
112000115,437,687,-250
112000116,417,1429,-1012
112000117,1456,1067,389
112000118,1386,1101,285
112000119,745,1138,-393
112000120,108,569,-461
112000121,126,892,-766
112000122,258,195,63
112000123,617,209,408
112000124,245,71,174
112000125,192,182,10
112000126,171,1054,-883
112000127,2497,2070,427
112000128,1083,985,98
112000129,124,165,-41
112000130,154,83,71
112000131,50,685,-635
112000132,158,326,-168
112000133,374,552,-178
112000134,509,494,15
112000135,1096,890,206
112000136,1415,1563,-148
112000137,1607,2096,-489
112000138,2142,1573,569
112000139,1410,487,923
112000140,1228,1407,-179
112000141,760,356,404
112000142,233,1124,-891
112000143,1024,403,621
112000144,400,2298,-1898
112000145,2008,840,1168
112000146,789,3191,-2402
112000147,2152,2104,48
112000148,2097,3408,-1311
112000149,376,1395,-1019
112000150,197,885,-688
112000151,515,933,-418
112000152,322,551,-229
112000153,375,493,-118
112000154,113,246,-133
112000155,404,140,264
112000157,1736,760,976
112000158,269,1198,-929
112000159,471,456,15
112000167,413,76,337
112000169,1488,584,904
112000173,567,240,327
112000175,379,679,-300
112000176,4714,2574,2140
112000177,630,145,485
112000178,86,831,-745
112000179,228,193,35
112000180,275,417,-142
112000181,1475,2391,-916
112000182,934,2430,-1496
112000183,53,60,-7
112000184,353,939,-586
112000185,448,742,-294
112000187,3630,2561,1069
112000195,182,18,164
112000196,165,1,164
112000197,144,99,45
112000198,21,388,-367
112000199,1685,1346,339
112000202,315,1,314
112000216,68,314,-246
112000230,89,14,75
112000231,2,366,-364
112000256,51,217,-166
112000313,203,208,-5
112000314,45,17,28
112000337,249,694,-445
112000352,502,361,141
112000392,2312,2171,141
112000398,1217,1030,187
112000399,12569,3256,9313
112000400,2429,5914,-3485
112000401,3595,4252,-657
112000402,2781,2900,-119
112000403,6079,3298,2781
112000404,671,847,-176
112000405,1745,3340,-1595
112000406,4743,4856,-113
112000407,5599,8045,-2446
112000408,10641,10817,-176
112000409,2232,7643,-5411
112000410,535,234,301
112000411,7270,1365,5905
112000412,1597,613,984
112000413,13351,4598,8753
112000414,92,235,-143
112000415,170,81,89
112000416,2169,1738,431
112000417,283,69,214
112000421,38,274,-236
112000422,389,920,-531
112000424,4785,3470,1315
112000425,573,2269,-1696
112000426,149,412,-263
112000427,0,10,-10
112000428,170,704,-534
112000429,3982,4940,-958
112000430,5755,4720,1035
112000431,93,149,-56
112000432,622,3180,-2558
112000433,688,1272,-584
112000437,65,358,-293
112900001,46,6,40
112900002,257,1552,-1295
112900003,51,557,-506
112900004,37,331,-294
112900005,176,308,-132
112900006,7,624,-617
112900007,29,249,-220
112900008,0,77,-77
112900009,367,103,264
112900010,315,987,-672
112900011,430,410,20
112900012,3,69,-66
112900013,2,198,-196
112900014,4,303,-299
112900015,396,1217,-821
112900016,2,313,-311
112900017,67,331,-264
112900018,1,423,-422
112900019,89,235,-146
112900020,490,1948,-1458
112900021,8,302,-294
112900022,11,107,-96
112900023,3,297,-294
112900024,37,303,-266
112900025,102,456,-354
112900026,2,417,-415
112900027,5,1578,-1573
112900028,22,166,-144
112900029,4,1085,-1081
112900030,328,268,60
112900031,1,719,-718
112900032,122,456,-334
112900034,1,113,-112
112900035,23,656,-633
112900036,57,250,-193
112900037,411,199,212
112900038,558,158,400
112900039,27,421,-394
112900040,4,475,-471
112900041,2317,1349,968
112900042,50,618,-568
112900043,36,45,-9
112900044,1125,629,496
112900045,574,399,175
112900046,224,91,133
112900047,22,34,-12
112900049,154,92,62
112900050,115,836,-721
112900051,304,933,-629
112900052,10,1736,-1726
112900053,432,140,292
112900054,350,47,303
112900055,195,37,158
112900056,521,260,261
112900057,22,1018,-996
112900058,285,354,-69
112900059,196,199,-3
112900060,11,390,-379
112900061,90,201,-111
112900062,73,193,-120
112900063,175,8,167
112900064,184,318,-134
112900065,47,26,21
112900066,151,157,-6
112900067,692,186,506
112900068,48,44,4
112900069,3571,840,2731
112900071,18,4,14
112900072,463,1619,-1156
112900073,302,78,224
112900074,82,237,-155
112900075,3037,879,2158
112900076,148,12,136
112900078,262,362,-100
112900079,215,42,173
112900080,26,3,23
112900081,45,154,-109
112900082,420,24,396
112900083,101,67,34
112900084,262,90,172
112900086,43,1,42
112900087,619,121,498
112900088,62,23,39
112900089,705,21,684
112900090,27,10,17
112900091,189,2,187
112900092,233,258,-25
112900093,1486,28,1458
112900095,49,0,49
112900096,272,138,134
112900097,56,536,-480
112900098,126,2,124
112900099,656,10,646
112900100,38,2,36
112900101,215,1,214
112900102,111,7,104
112900103,206,3,203
112900104,156,7,149
112900105,32,0,32
112900106,399,145,254
112900107,5,0,5
112900108,92,0,92
112900109,92,7,85
112900110,778,10,768
112900111,599,5,594
112900112,336,0,336
112900113,0,21,-21
112900114,111,55,56
112900115,807,0,807
112900116,101,54,47
112900117,161,140,21
112900118,32,142,-110
112900119,149,1,148
112900120,965,366,599
112900121,384,260,124
112900122,22,281,-259
112900123,175,18,157
112900124,4,208,-204
112900125,59,607,-548
112900126,193,340,-147
112900127,379,60,319
112900128,575,1143,-568
112900129,7,1298,-1291
112900130,245,71,174
112900131,69,404,-335
112900132,89,620,-531
112900133,29,1458,-1429
112900134,1,382,-381
112900135,91,55,36
112900137,3,984,-981
112900138,5,746,-741
112900139,325,1532,-1207
112900141,813,29,784
112900142,120,150,-30
112900143,74,767,-693
112900144,3,593,-590
112900145,44,641,-597
112900146,14,2278,-2264
112900147,9,3099,-3090
112900148,71,1,70
112900149,229,800,-571
112900151,32,79,-47
112900152,6166,1260,4906
112900153,2476,1934,542
112900154,4,186,-182
112900155,274,27,247
112900156,277,2451,-2174
112900157,274,148,126
112900158,48,22,26
112900159,198,83,115
112900160,63,418,-355
112900161,146,25,121
112900162,44,20,24
112900163,178,46,132
112900164,48,161,-113
112900165,126,66,60
112900166,98,91,7
112900167,3,56,-53
112900168,5,1,4
112900169,9,15,-6
112900170,56,142,-86
112900172,95,16,79
112900173,255,156,99
112900174,275,50,225
112900175,252,233,19
112900176,16,27,-11
112900177,258,53,205
112900178,907,2732,-1825
112900179,51,691,-640
112900180,2150,2357,-207
112900181,573,4,569
112900182,48,1806,-1758
112900183,206,363,-157
112900184,747,483,264
112900185,342,617,-275
112900186,1705,1049,656
112900187,146,613,-467
112900188,887,380,507
112900189,4,27,-23
112900190,11,60,-49
112900192,564,714,-150
112900193,1312,524,788
112900194,93,185,-92
112900195,1545,30,1515
112900196,302,748,-446
112900197,154,460,-306
112900199,403,858,-455
112900200,559,387,172
112900201,66,120,-54
112900202,326,1306,-980
112900203,122,486,-364
112900204,1286,583,703
112900205,5,12,-7
112900206,20,112,-92
112900207,15,0,15
112900208,108,242,-134
112900209,608,486,122
112900210,0,24,-24
112900211,107,71,36
112900212,0,175,-175
112900213,29,15,14
112900214,56,10,46
112900215,6,314,-308
112900216,35,106,-71
112900217,0,53,-53
112900218,39,27,12
112900219,47,9,38
112900220,0,0,0
112900221,9,246,-237
112900222,0,46,-46
112900223,1049,6,1043
112900224,196,1046,-850
112900225,335,695,-360
112900226,208,435,-227
112900227,348,1644,-1296
112900228,47,61,-14
112900229,146,94,52
112900230,9740,4412,5328
112900232,228,231,-3
112900233,71,266,-195
112900234,10,194,-184
112900235,89,19,70
112900236,246,15,231
112900237,131,549,-418
112900238,5,56,-51
112900239,1119,386,733
112900240,5,183,-178
112900241,28,358,-330
112900242,14,460,-446
112900243,7,338,-331
112900244,2,166,-164
112900245,0,59,-59
112900246,0,26,-26
112900247,122,36,86
112900248,24,2,22
112900249,34,5,29
112900250,47,23,24
112900251,56,14,42
112900252,43,18,25
112900253,24,15,9
112900254,4,7,-3
112900255,0,23,-23
112900256,3,35,-32
112900257,17,36,-19
112900258,24,31,-7
113000001,7166,12395,-5229
113000002,4960,6145,-1185
113000003,2657,5261,-2604
113000004,2706,4757,-2051
113000005,3061,2055,1006
113000006,2001,2881,-880
113000007,2650,2199,451
113000008,3001,3565,-564
113000009,1431,1548,-117
113000010,1351,2812,-1461
113000011,1191,1775,-584
113000012,1473,1602,-129
113000013,1637,924,713
113000014,1808,1585,223
113000015,497,250,247
113000016,624,712,-88
113000017,33,274,-241
113000018,588,82,506
113000019,86,221,-135
113000020,144,46,98
113000021,4465,972,3493
113000022,965,1724,-759
113000025,124,388,-264
113000026,573,526,47
113000027,3482,456,3026
113000028,1530,373,1157
113000029,1113,952,161
113000030,776,795,-19
113000031,361,488,-127
113000032,371,476,-105
113000033,336,555,-219
113000034,622,526,96
113000035,23,75,-52
113000036,37,61,-24
113000037,114,58,56
113000038,20,81,-61
113000039,109,1741,-1632
113000040,97,140,-43
113000042,1519,792,727
113000051,1001,3897,-2896
113000052,3253,2213,1040
113000053,640,968,-328
113000054,457,1500,-1043
113000055,1423,1408,15
113000056,1173,1827,-654
113000058,1113,1005,108
113000059,1664,960,704
113000060,215,709,-494
113000061,1411,1359,52
113000062,2193,317,1876
113000063,91,553,-462
113000064,30,664,-634
113000065,205,1606,-1401
113000066,766,234,532
113000067,1856,1868,-12
113000068,498,3017,-2519
113000069,673,2236,-1563
113000070,2245,1319,926
113000071,397,1008,-611
113000072,708,724,-16
113000073,1042,2176,-1134
113000074,1191,893,298
113000075,3613,1110,2503
113000076,2264,2530,-266
113000077,1654,832,822
113000078,1376,3052,-1676
113000079,972,1047,-75
113000080,1048,896,152
113000081,910,1226,-316
113000082,1520,1007,513
113000083,723,1299,-576
113000084,2464,1556,908
113000085,919,998,-79
113000086,1665,1973,-308
113000087,1144,1275,-131
113000088,4538,2091,2447
113000089,1371,2129,-758
113000090,478,931,-453
113000091,768,528,240
113000094,2164,311,1853
113000095,565,1569,-1004
113000096,383,1273,-890
113000097,1683,464,1219
113000098,141,65,76
113000099,2094,465,1629
113000100,288,651,-363
113000101,759,841,-82
113000102,965,539,426
113000103,4112,775,3337
113000104,689,5900,-5211
113000105,903,833,70
113000106,572,686,-114
113000107,1098,1623,-525
113000108,1650,2407,-757
113000109,1173,10486,-9313
113000110,2144,822,1322
113000111,444,1967,-1523
113000112,589,715,-126
113000113,2220,768,1452
113000114,461,2759,-2298
113000116,950,346,604
113000117,1264,134,1130
113000118,371,607,-236
113000119,436,421,15
113000120,60,343,-283
113000121,680,1156,-476
113000124,369,195,174
113000125,62,832,-770
113000127,4903,726,4177
113000128,520,720,-200
113000129,652,1311,-659
113000133,5771,1796,3975
113000134,11,2139,-2128
113000135,3834,5118,-1284
113000137,2472,3467,-995
113000139,406,158,248
113000140,145,362,-217
113000141,320,179,141
113000142,678,1245,-567
113000143,302,257,45
113000144,421,1011,-590
113000145,76,224,-148
113000146,131,98,33
113000147,185,225,-40
113000148,170,199,-29
113000149,128,176,-48
113000150,703,663,40
113000151,113,114,-1
113000152,38,212,-174
113000153,1940,658,1282
113000154,772,1969,-1197
113000155,354,647,-293
113000156,157,514,-357
113000157,308,1192,-884
113000158,661,327,334
113000159,692,890,-198
113000160,697,1510,-813
113000161,201,596,-395
113000162,632,512,120
113000163,134,109,25
113000164,38,132,-94
113000166,162,94,68
113000167,33,218,-185
113000168,69,195,-126
113000169,156,88,68
113000170,144,134,10
113000171,53,134,-81
113000172,282,153,129
113000173,56,26,30
113000174,112,819,-707
113000175,396,204,192
113000176,473,307,166
113000177,164,737,-573
113000178,221,488,-267
113000179,373,224,149
113000180,1127,2535,-1408
113000181,1609,1284,325
113000182,294,832,-538
113000183,268,744,-476
113000184,62,123,-61
113000189,634,1105,-471
113000190,1345,599,746
113000192,4353,1639,2714
113000193,9592,1376,8216
113000194,5121,1256,3865
113000195,5649,757,4892
113000196,467,190,277
113000197,3581,1282,2299
113000198,43,473,-430
113000199,1513,516,997
113000201,374,244,130
113000202,5325,4635,690
113000203,986,22,964
113000204,3254,1671,1583
113000205,68,39,29
113000206,15,33,-18
113000207,94,15,79
113000208,32,40,-8
113000209,49,40,9
113000210,5,25,-20
113000211,693,363,330
113000212,620,46,574
113000213,51,476,-425
113000214,280,696,-416
113000234,202,1659,-1457
113000410,176,273,-97
113000411,3391,6950,-3559
113000412,14162,3979,10183
113000413,6104,3772,2332
113000414,10595,15729,-5134
113000415,3491,4573,-1082
113000416,11540,6246,5294
113000417,4337,5395,-1058
113000418,4368,4053,315
113000419,1859,2456,-597
113000420,4514,5899,-1385
113000421,5062,8323,-3261
113000422,18285,14663,3622
113000423,3729,5379,-1650
113000424,5728,15831,-10103
113000425,12,260,-248
113000428,162,60,102
113000430,51,189,-138
113000432,2815,236,2579
113000433,164,1231,-1067
113000434,43,297,-254
113000435,59,966,-907
113000436,103,1851,-1748
113000437,670,17,653
113000438,279,16,263
113000439,66,271,-205
113000440,131,36,95
113000441,222,517,-295
113000442,200,343,-143
113000443,212,706,-494
113000444,202,391,-189
113000445,132,318,-186
113000446,47,135,-88
113000448,650,371,279
113000449,611,2233,-1622
113000450,1658,5637,-3979
113000451,3696,413,3283
113000452,825,1404,-579
113000453,166,362,-196
113000454,4842,48,4794
113000455,216,192,24
113000456,4945,3067,1878
113000468,4447,325,4122
113000469,855,211,644
113000470,1111,164,947
113000471,39,1146,-1107
113000472,140,470,-330
113000474,477,1123,-646
113000475,2093,3420,-1327
113000476,1221,2423,-1202
113000477,2894,2719,175
113000478,5537,9457,-3920
113000479,43,353,-310
113000483,0,0,0
113000484,0,0,0
113000485,5,0,5
113000486,4,0,4
113000487,0,3,-3
113000488,0,0,0
113000489,0,0,0
113000490,0,4,-4
113000491,2,4,-2
113000492,1,0,1
113000493,0,0,0
113000495,303,350,-47
113000496,156,293,-137
113000499,0,0,0
113900001,0,5,-5
113900002,0,3,-3
113900003,0,4,-4
113900004,0,0,0
113900005,2296,86,2210
113900006,0,0,0
113900007,364,108,256
113900008,1118,583,535
113900009,1656,440,1216
113900010,1014,421,593
113900011,147,416,-269
113900012,45,97,-52
113900013,2767,125,2642
113900014,666,7,659
113900015,1,52,-51
113900016,43,0,43
113900017,3,66,-63
113900018,631,171,460
113900019,69,67,2
113900020,176,2,174
113900022,27,0,27
113900023,28,0,28
113900024,55,118,-63
113900025,450,22,428
113900026,25,0,25
113900027,5,133,-128
113900028,25,638,-613
113900029,69,326,-257
113900030,215,7,208
113900031,31,1,30
113900032,34,0,34
113900033,125,105,20
113900035,82,1,81
113900036,16,165,-149
113900037,84,789,-705
113900038,140,318,-178
113900039,133,13,120
113900040,6,4,2
113900041,2,4,-2
113900042,121,49,72
113900043,321,156,165
113900044,289,200,89
113900045,87,3,84
113900046,287,856,-569
113900047,29,177,-148
113900048,277,91,186
113900049,1144,535,609
113900050,204,534,-330
113900051,396,571,-175
113900052,196,155,41
113900053,612,610,2
113900054,34,2,32
113900055,183,589,-406
113900056,89,232,-143
113900057,24,525,-501
113900058,94,372,-278
113900059,491,444,47
113900060,139,291,-152
113900061,1022,219,803
113900062,159,18,141
113900063,101,149,-48
113900064,17,201,-184
113900065,618,24,594
113900066,363,594,-231
113900067,122,426,-304
113900068,536,470,66
113900069,103,49,54
113900070,239,487,-248
113900071,84,127,-43
113900072,74,232,-158
113900073,457,618,-161
113900074,90,509,-419
113900075,1520,1354,166
113900076,174,15,159
113900077,49,246,-197
113900078,59,77,-18
113900079,0,75,-75
113900080,557,220,337
113900081,59,312,-253
113900082,155,444,-289
113900083,225,794,-569
113900084,470,153,317
113900085,41,387,-346
113900086,19,11,8
113900087,58,202,-144
113900088,54,94,-40
113900089,479,41,438
113900090,762,424,338
113900091,46,49,-3
113900092,59,131,-72
113900093,156,1306,-1150
113900094,326,501,-175
113900095,200,126,74
113900096,255,64,191
113900097,15,215,-200
113900098,768,124,644
113900099,2,146,-144
113900100,0,1,-1
113900101,44,75,-31
113900102,228,166,62
113900103,514,293,221
113900104,182,245,-63
113900105,72,509,-437
113900106,1,147,-146
113900107,1,40,-39
113900108,436,309,127
113900109,460,233,227
113900110,76,23,53
113900111,127,99,28
113900112,150,73,77
113900113,950,626,324
113900114,0,183,-183
113900115,1,143,-142
113900116,165,194,-29
113900117,213,53,160
113900118,302,301,1
113900119,337,492,-155
113900120,93,46,47
113900121,47,127,-80
113900122,436,2316,-1880
113900123,538,307,231
113900124,2,108,-106
113900125,2448,229,2219
113900126,194,62,132
113900127,241,789,-548
113900128,187,93,94
113900129,19,169,-150
113900130,0,15,-15
113900131,174,93,81
113900132,110,76,34
113900133,46,51,-5
113900135,519,786,-267
113900136,144,107,37
113900137,510,383,127
113900138,95,211,-116
113900139,730,170,560
113900140,340,279,61
113900141,551,859,-308
113900142,144,100,44
113900143,14,26,-12
113900144,376,201,175
113900145,674,357,317
113900146,146,75,71
113900148,260,336,-76
113900149,195,150,45
113900150,1131,779,352
113900151,351,411,-60
113900152,22,61,-39
113900153,418,632,-214
113900154,4,152,-148
113900155,242,151,91
113900156,344,728,-384
113900157,31,372,-341
113900158,428,335,93
113900159,50,274,-224
113900160,556,860,-304
113900161,111,330,-219
113900162,581,669,-88
113900163,421,376,45
113900164,323,87,236
113900165,1040,623,417
113900166,233,165,68
113900167,251,39,212
113900168,174,126,48
113900169,261,561,-300
113900171,153,62,91
113900172,12,262,-250
113900173,51,1046,-995
113900174,614,849,-235
113900175,384,162,222
113900176,289,819,-530
113900177,549,276,273
113900178,368,162,206
113900179,34,922,-888
113900180,239,95,144
113900181,957,143,814
113900182,742,1228,-486
113900183,113,116,-3
113900184,20,967,-947
113900185,358,118,240
113900186,39,72,-33
113900187,58,161,-103
113900188,63,188,-125
113900189,318,108,210
113900190,544,202,342
113900191,157,270,-113
113900192,6,433,-427
113900193,29,372,-343
113900194,3125,1484,1641
113900195,468,666,-198
113900196,6,142,-136
113900197,2,422,-420
113900198,29,178,-149
113900199,214,855,-641
113900200,9,359,-350
113900201,1,291,-290
113900202,61,440,-379
113900203,1,175,-174
113900204,59,821,-762
113900205,14,238,-224
113900206,3,214,-211
113900207,0,70,-70
113900208,1,56,-55
113900209,0,98,-98
113900210,861,908,-47
113900211,211,97,114
113900212,188,751,-563
113900214,570,550,20
113900215,133,159,-26
113900216,74,1518,-1444
113900217,61,334,-273
113900218,169,72,97
113900219,166,610,-444
113900220,359,156,203
113900221,476,185,291
113900222,407,593,-186
113900223,120,1448,-1328
113900224,165,110,55
113900225,833,263,570
113900226,430,187,243
113900227,468,325,143
113900228,371,532,-161
113900229,65,808,-743
113900230,5614,3658,1956
113900231,233,332,-99
113900232,96,121,-25
113900233,98,81,17
113900234,443,846,-403
113900235,96,40,56
113900236,169,605,-436
113900237,188,15,173
113900238,372,675,-303
113900239,261,92,169
113900240,8,154,-146
113900241,163,95,68
113900242,43,269,-226
113900243,158,638,-480
113900244,615,333,282
113900245,1782,334,1448
113900246,24,17,7
113900247,199,399,-200
113900248,4327,2167,2160
113900249,1634,498,1136
113900250,69,243,-174
113900251,603,291,312
113900252,542,17,525
113900253,772,44,728
113900254,723,153,570
113900255,400,19,381
113900256,483,61,422
113900257,40,1118,-1078
113900258,8,679,-671
113900259,430,371,59
113900260,176,41,135
113900261,9,101,-92
113900262,132,953,-821
113900263,248,762,-514
113900264,12,727,-715
113900265,259,318,-59
113900266,47,346,-299
113900267,171,587,-416
113900268,284,479,-195
113900269,112,259,-147
113900270,426,541,-115
113900271,708,1561,-853
113900273,64,10,54
113900274,76,42,34
113900275,40,67,-27
113900276,2,347,-345
113900277,130,5,125
113900278,289,229,60
113900279,139,165,-26
113900280,1608,667,941
113900281,685,1472,-787
113900282,1188,762,426
113900283,496,547,-51
113900284,926,303,623
113900285,153,24,129
113900286,4,122,-118
113900287,38,114,-76
113900288,2,120,-118
113900289,1628,160,1468
113900290,444,128,316
113900291,155,226,-71
113900292,21,20,1
113900293,35,375,-340
113900294,547,40,507
113900295,513,426,87
113900296,3267,472,2795
113900297,1812,48,1764
113900298,8,1982,-1974
113900299,54,306,-252
113900300,8073,4175,3898
113900301,1324,412,912
113900302,3181,1231,1950
113900303,757,429,328
113900304,2,209,-207
113900305,106,1,105
113900306,38,0,38
113900307,119,0,119
113900308,70,156,-86
113900309,9,1398,-1389
113900310,0,21,-21
113900311,4,0,4
113900312,220,195,25
113900313,19,20,-1
113900314,145,4712,-4567
113900315,804,2049,-1245
114000001,1312,5133,-3821
114000002,242,720,-478
114000003,126,930,-804
114000004,328,408,-80
114000005,160,307,-147
114000006,3322,2934,388
114000007,677,1894,-1217
114000008,2005,1617,388
114000009,767,330,437
114000011,2926,5331,-2405
114000012,2563,4331,-1768
114000013,1903,3046,-1143
114000014,533,680,-147
114000015,1440,772,668
114000016,266,535,-269
114000017,235,281,-46
114000018,762,79,683
114000026,1604,2260,-656
114000027,2979,2819,160
114000028,2885,3520,-635
114000038,208,135,73
114000039,187,273,-86
114000040,106,214,-108
114000042,283,309,-26
114000043,239,292,-53
114000044,168,180,-12
114000045,70,80,-10
114000046,3555,6871,-3316
114000047,33,75,-42
114000048,133,130,3
114000049,1724,2078,-354
114000050,2083,2592,-509
114000051,3599,2206,1393
114000052,3869,1513,2356
114000053,96,606,-510
114000054,184,1909,-1725
114000055,356,35,321
114000056,1689,823,866
114000057,14865,2917,11948
114000058,768,1395,-627
114000059,352,319,33
114000060,1018,1101,-83
114000061,5678,2697,2981
114000062,3310,1364,1946
114000063,3980,2169,1811
114000064,7621,4004,3617
114000065,2398,3424,-1026
114000066,450,944,-494
114000067,46,751,-705
114000068,547,827,-280
114000069,1461,567,894
114000070,3227,2224,1003
114000071,819,631,188
114000072,367,768,-401
114000073,27,149,-122
114000074,49,22,27
114000075,69,260,-191
114000076,42,235,-193
114000077,7,79,-72
114000078,251,944,-693
114000079,169,35,134
114000080,103,158,-55
114000081,66,97,-31
114000082,76,781,-705
114000083,63,377,-314
114000084,270,142,128
114000085,143,1117,-974
114000086,249,899,-650
114000087,92,282,-190
114000088,55,83,-28
114000089,2740,739,2001
114000090,982,820,162
114000091,2468,915,1553
114000092,1324,485,839
114000093,1242,913,329
114000094,557,666,-109
114000095,284,151,133
114000096,171,552,-381
114000097,202,947,-745
114000098,515,97,418
114000099,491,1424,-933
114000100,1123,1161,-38
114000101,405,1265,-860
114000102,538,504,34
114000103,144,671,-527
114000104,11,605,-594
114000105,132,69,63
114000106,1948,892,1056
114000107,284,151,133
114000108,6346,1803,4543
114000109,512,1267,-755
114000110,647,2767,-2120
114000111,1594,836,758
114000112,537,4049,-3512
114000113,1495,522,973
114000114,1371,2864,-1493
114000115,2577,1016,1561
114000116,684,1531,-847
114000117,2487,544,1943
114000118,2273,502,1771
114000119,1946,529,1417
114000120,824,1185,-361
114000121,663,897,-234
114000122,473,354,119
114000123,1612,355,1257
114000124,1667,379,1288
114000125,1002,2367,-1365
114000126,1386,259,1127
114000127,178,225,-47
114000128,1082,660,422
114000130,635,704,-69
114000131,218,84,134
114000132,696,1008,-312
114000133,1027,1951,-924
114000134,60,183,-123
114000138,55,200,-145
114000139,507,234,273
114000144,789,559,230
114000145,121,181,-60
114000146,128,476,-348
114000147,1375,1804,-429
114000148,3454,2259,1195
114000149,346,289,57
114000150,2009,1307,702
114000151,2977,1573,1404
114000152,236,49,187
114000153,1483,2450,-967
114000154,1288,1186,102
114000155,1489,3027,-1538
114000156,1719,721,998
114000157,549,1546,-997
114000158,3056,963,2093
114000159,306,441,-135
114000160,127,246,-119
114000161,2982,2665,317
114000162,1201,2150,-949
114000163,9,155,-146
114000165,636,243,393
114000166,1068,326,742
114000167,7458,1727,5731
114000168,890,788,102
114000169,3145,1177,1968
114000170,1624,1173,451
114000171,1011,3384,-2373
114000174,336,532,-196
114000176,1248,443,805
114000177,3200,1017,2183
114000178,70,95,-25
114000179,1719,1310,409
114000180,688,789,-101
114000181,2046,4115,-2069
114000182,9136,3213,5923
114000183,1330,1317,13
114000184,9681,1857,7824
114000185,1269,1177,92
114000189,680,112,568
114000190,2169,247,1922
114000191,31,51,-20
114000192,384,2474,-2090
114000193,847,4099,-3252
114000194,1642,1590,52
114000195,142,16,126
114000196,2,470,-468
114000197,1094,156,938
114000198,1633,512,1121
114000199,2892,1788,1104
114000200,773,2935,-2162
114000201,455,1410,-955
114000202,1550,1036,514
114000203,633,1289,-656
114000204,150,724,-574
114000205,281,2368,-2087
114000206,702,1736,-1034
114000207,993,2967,-1974
114000208,680,4635,-3955
114000209,781,4621,-3840
114000210,388,2453,-2065
114000211,1381,2132,-751
114000212,1001,1189,-188
114000213,1751,1040,711
114000214,126,308,-182
114000215,183,86,97
114000216,1657,675,982
114000217,203,520,-317
114000218,186,362,-176
114000219,1446,274,1172
114000220,60,2307,-2247
114000221,767,223,544
114000222,271,2013,-1742
114000223,432,127,305
114000224,108,1291,-1183
114000225,261,646,-385
114000226,116,372,-256
114000227,1036,669,367
114000228,1060,1354,-294
114000229,1200,1749,-549
114000230,1917,1905,12
114000231,1096,1719,-623
114000232,579,160,419
114000233,2216,153,2063
114000234,1422,1292,130
114000235,1189,2311,-1122
114000236,3,749,-746
114000237,118,1354,-1236
114000238,150,435,-285
114000239,243,1794,-1551
114000240,737,752,-15
114000241,345,1751,-1406
114000242,1164,1636,-472
114000243,2012,1181,831
114000244,1039,414,625
114000245,477,895,-418
114000246,250,50,200
114000247,922,801,121
114000248,1106,888,218
114000249,700,765,-65
114000250,568,787,-219
114000251,307,532,-225
114000252,107,133,-26
114000253,77,433,-356
114000254,25,91,-66
114000255,1373,273,1100
114000256,3176,1489,1687
114000257,957,2367,-1410
114000258,263,435,-172
114000259,51,318,-267
114000260,1,27,-26
114000261,54,85,-31
114000262,85,208,-123
114000263,29,5,24
114000264,907,719,188
114000265,0,2,-2
114000267,8,2401,-2393
114000268,3,2166,-2163
114000270,191,3,188
114000271,721,99,622
114000283,906,502,404
114000285,30,338,-308
114000288,74,519,-445
114000289,1344,310,1034
114000293,136,631,-495
114000294,181,299,-118
114000395,2147,78,2069
114000396,468,571,-103
114000402,471,476,-5
114000403,376,912,-536
114000405,123,777,-654
114000423,288,619,-331
114000424,256,215,41
114000425,504,661,-157
114000426,302,1072,-770
114000427,75,153,-78
114000428,415,202,213
114000429,19,265,-246
114000432,158,190,-32
114000434,41,138,-97
114000435,3,259,-256
114900001,535,1994,-1459
114900002,571,74,497
114900003,492,2811,-2319
114900004,293,390,-97
114900005,416,1207,-791
114900006,55,47,8
114900007,164,14,150
114900008,141,149,-8
114900010,3271,2386,885
114900011,190,158,32
114900013,233,194,39
114900015,24,157,-133
114900018,1241,92,1149
114900020,234,65,169
114900022,51,1620,-1569
114900024,115,46,69
114900025,329,393,-64
114900026,95,110,-15
114900027,93,143,-50
114900029,131,38,93
114900030,273,383,-110
114900031,330,41,289
114900032,271,33,238
114900033,1208,235,973
114900034,87,254,-167
114900035,203,414,-211
114900036,384,1222,-838
114900037,78,123,-45
114900038,80,464,-384
114900039,455,819,-364
114900040,60,420,-360
114900041,557,733,-176
114900042,752,857,-105
114900043,655,186,469
114900044,157,24,133
114900046,25,64,-39
114900047,302,1690,-1388
114900048,114,590,-476
114900049,46,572,-526
114900050,44,997,-953
114900051,21,638,-617
114900052,60,261,-201
114900053,89,375,-286
114900054,23,168,-145
114900057,207,7,200
114900058,0,114,-114
114900059,53,58,-5
114900060,702,375,327
114900061,59,70,-11
114900062,173,188,-15
114900063,67,298,-231
114900064,1076,731,345
114900065,428,879,-451
114900067,67,433,-366
114900068,73,478,-405
114900069,301,237,64
114900070,461,895,-434
114900072,14,316,-302
114900073,2,312,-310
114900074,550,1381,-831
114900075,152,3,149
114900076,11,406,-395
114900080,4339,560,3779
114900082,5131,1976,3155
114900083,1464,1269,195
114900090,289,338,-49
114900091,211,313,-102
114900095,220,69,151
114900096,324,356,-32
114900097,115,1,114
114900098,7,342,-335
114900099,198,5,193
115000001,12530,8346,4184
115000002,5221,5103,118
115000003,6703,6189,514
115000004,4864,6898,-2034
115000005,2680,4136,-1456
115000006,1553,2439,-886
115000007,251,279,-28
115000008,901,776,125
115000009,266,643,-377
115000010,657,205,452
115000013,134,315,-181
115000015,119,721,-602
115000016,67,217,-150
115000019,65,615,-550
115000020,263,632,-369
115000021,351,690,-339
115000022,604,475,129
115000023,379,622,-243
115000024,1575,657,918
115000025,978,800,178
115000026,133,512,-379
115000027,233,291,-58
115000028,200,1120,-920
115000029,652,165,487
115000030,607,1274,-667
115000031,1308,276,1032
115000032,21,406,-385
115000033,204,37,167
115000034,156,1272,-1116
115000035,1103,63,1040
115000036,0,378,-378
115000037,526,6,520
115000038,41,340,-299
115000039,4734,3151,1583
115000040,8774,5593,3181
115000041,2276,3904,-1628
115000042,1101,970,131
115000043,3994,2936,1058
115000044,4071,5974,-1903
115000045,3710,3484,226
115000046,2357,3587,-1230
115000047,1969,2702,-733
115000048,1696,4027,-2331
115000049,1737,4973,-3236
115000050,3882,2786,1096
115000051,2924,3266,-342
115000052,4966,2823,2143
115000053,1741,2093,-352
115000054,937,2053,-1116
115000055,219,634,-415
115000056,262,354,-92
115000057,750,653,97
115000058,262,182,80
115000059,149,110,39
115000061,310,151,159
115000062,407,424,-17
115000063,342,458,-116
115000064,269,199,70
115000065,240,498,-258
115000067,297,49,248
115000069,62,496,-434
115000070,29,1263,-1234
115000071,179,30,149
115000072,24,88,-64
115000073,2129,51,2078
115000075,131,110,21
115000076,6669,4685,1984
115000077,2119,4397,-2278
115000078,1222,2509,-1287
115000079,1372,3219,-1847
115000080,2666,3778,-1112
115000081,506,1220,-714
115000082,3777,4593,-816
115000083,2405,3743,-1338
115000084,1892,1785,107
115000085,678,1292,-614
115000086,1038,1442,-404
115000087,597,1911,-1314
115000088,2266,852,1414
115000089,2067,1776,291
115000090,996,1344,-348
115000091,534,1655,-1121
115000092,398,477,-79
115000093,667,4,663
115000094,12212,6557,5655
115000095,9339,6060,3279
115000096,770,3031,-2261
115000097,758,1072,-314
115000098,983,1188,-205
115000099,2361,5007,-2646
115000100,1008,822,186
115000101,574,2115,-1541
115000102,540,298,242
115000103,376,1026,-650
115000105,57,302,-245
115000106,444,410,34
115000107,158,872,-714
115000108,5630,3436,2194
115000109,8047,4306,3741
115000110,1569,1320,249
115000111,767,2312,-1545
115000112,685,689,-4
115000113,642,1206,-564
115000114,1894,1036,858
115000116,5092,2374,2718
115000117,4939,3375,1564
115000118,2340,2090,250
115000119,2379,2607,-228
115000120,762,1208,-446
115000121,1939,1233,706
115000122,4450,2828,1622
115000123,1990,2091,-101
115000124,1411,1285,126
115000125,813,713,100
115000126,317,324,-7
115000127,758,153,605
115000128,1381,1117,264
115000129,655,454,201
115000130,464,1289,-825
115000131,903,378,525
115000132,183,700,-517
115000133,657,492,165
115000134,385,274,111
115000135,487,357,130
115000136,387,282,105
115000137,283,210,73
115000138,268,398,-130
115000139,343,274,69
115000140,293,266,27
115000141,206,387,-181
115000142,186,352,-166
115000143,741,796,-55
115000144,681,122,559
115000145,421,525,-104
115000146,745,364,381
115000147,1159,659,500
115000148,381,2075,-1694
115000149,976,366,610
115000150,888,1847,-959
115000151,1074,698,376
115000152,757,2381,-1624
115000153,1623,675,948
115000154,930,551,379
115000155,1015,1690,-675
115000156,2893,932,1961
115000157,1566,1277,289
115000158,872,476,396
115000159,1782,564,1218
115000160,819,347,472
115000161,225,723,-498
115000162,1022,980,42
115000163,928,821,107
115000164,933,690,243
115000165,617,516,101
115000167,422,122,300
115000168,1707,403,1304
115000169,1612,369,1243
115000170,349,159,190
115000171,714,267,447
115000172,2375,863,1512
115000173,704,553,151
115000174,224,326,-102
115000175,366,82,284
115000176,212,65,147
115000177,122,64,58
115000178,27,366,-339
115000179,57,19,38
115000180,131,959,-828
115000181,619,218,401
115000182,724,584,140
115000183,210,1418,-1208
115000186,789,339,450
115000187,199,1198,-999
115000188,458,917,-459
115000189,397,648,-251
115000190,1179,674,505
115000191,348,614,-266
115000194,308,219,89
115000195,345,378,-33
115000196,107,163,-56
115000197,249,462,-213
115000198,208,314,-106
115000199,297,332,-35
115000200,321,174,147
115000201,286,494,-208
115000206,394,107,287
115000207,123,418,-295
115000208,752,885,-133
115000209,608,273,335
115000210,98,161,-63
115000211,285,289,-4
115000212,3190,329,2861
115000224,495,95,400
115000225,55,88,-33
115000229,269,182,87
115000230,90,606,-516
115000231,336,3132,-2796
115000232,1743,482,1261
115000233,324,244,80
115000234,38,359,-321
115000241,67,399,-332
115000242,89,453,-364
115000243,66,336,-270
115000244,5,128,-123
115000246,93,23,70
115000247,45,25,20
115000248,21,21,0
115000249,54,34,20
115000250,787,67,720
115000251,226,179,47
115000252,157,288,-131
115000253,12,558,-546
115000258,346,340,6
115000259,421,192,229
115000261,14,65,-51
115000262,13,48,-35
115000263,7,84,-77
115000264,22,111,-89
115000267,68,96,-28
115000268,47,204,-157
115000269,176,101,75
115000270,42,32,10
115000272,52,185,-133
115000273,414,40,374
115000280,2742,194,2548
115000281,809,566,243
115000282,1478,535,943
115000284,438,251,187
115000296,1090,8,1082
115000297,536,104,432
115000298,244,298,-54
115000300,203,280,-77
115000302,523,258,265
115000303,721,177,544
115000304,785,158,627
115000305,111,1391,-1280
115000306,208,857,-649
115000307,118,351,-233
115000308,90,27,63
115000309,12,35,-23
115000310,944,1242,-298
115000311,925,2090,-1165
115000313,192,1168,-976
115000314,363,191,172
115000315,1635,705,930
115000316,59,96,-37
115000317,178,772,-594
115000318,1016,452,564
115000319,109,502,-393
115000320,15,354,-339
115000321,669,6,663
115000322,47,387,-340
115000449,241,274,-33
115000557,8,1268,-1260
115000558,718,86,632
115000587,697,468,229
115000588,4107,5335,-1228
115000589,4737,4171,566
115000590,1612,2090,-478
115000591,1606,1127,479
115000592,1063,2456,-1393
115000593,1711,973,738
115000594,1069,3004,-1935
115000609,222,300,-78
115000617,2367,3715,-1348
115000624,211,116,95
115000633,512,2911,-2399
115000634,3791,1099,2692
115000635,620,136,484
115000638,1966,1115,851
115000641,152,188,-36
115000642,454,355,99
115000643,97,721,-624
115000644,209,500,-291
115000646,980,1606,-626
115000647,221,668,-447
115000648,1603,2437,-834
115000893,5206,2226,2980
115000894,147,1748,-1601
115000895,800,1349,-549
115000896,2919,539,2380
115000897,591,174,417
115000898,1063,354,709
115000899,1282,2056,-774
115000900,127,653,-526
115000901,94,192,-98
115000912,419,174,245
115000913,0,41,-41
115000915,68,0,68
115000916,56,0,56
115000917,0,13,-13
115000918,99,305,-206
115000919,38,4,34
115000920,175,74,101
115000921,1380,302,1078
115000922,3393,971,2422
115000923,1079,1448,-369
115000925,113,107,6
115000927,68,63,5
115000933,971,267,704
115000934,119,177,-58
115000935,63,133,-70
115000936,83,849,-766
115000937,1965,313,1652
115000938,368,261,107
115000939,438,271,167
115000940,14,18,-4
115000941,19,17,2
115000942,243,109,134
115000943,194,20,174
115000944,64,8,56
115900001,84,84,0
115900002,142,265,-123
115900003,123,178,-55
115900004,5,102,-97
115900005,180,3,177
115900006,157,803,-646
115900008,33,15,18
115900009,108,526,-418
115900010,242,291,-49
115900011,380,384,-4
115900012,134,161,-27
115900013,385,249,136
115900014,111,198,-87
115900015,57,146,-89
115900016,75,47,28
115900017,5,5,0
115900018,180,113,67
115900019,95,28,67
115900020,28,0,28
115900021,2278,221,2057
115900022,4599,28,4571
115900023,41,4,37
115900025,45,368,-323
115900026,1012,457,555
115900027,0,545,-545
115900028,759,92,667
115900029,16,635,-619
115900030,56,32,24
115900031,746,273,473
115900032,467,1024,-557
115900033,2,32,-30
115900034,36,706,-670
115900035,150,28,122
115900036,442,702,-260
115900037,59,659,-600
115900038,100,16,84
115900039,199,582,-383
115900041,562,541,21
115900042,58,7,51
115900043,101,201,-100
115900044,431,298,133
115900046,165,385,-220
115900047,163,78,85
115900049,134,272,-138
115900051,5,109,-104
115900052,8,304,-296
115900053,159,345,-186
115900054,160,70,90
115900055,17,155,-138
115900056,179,490,-311
115900057,130,13,117
115900058,37,99,-62
115900060,82,168,-86
115900061,270,1,269
115900062,9,361,-352
115900063,62,16,46
115900064,231,526,-295
115900065,134,145,-11
115900066,230,259,-29
115900067,12,986,-974
115900068,4162,822,3340
115900069,71,321,-250
115900070,213,319,-106
115900071,3,807,-804
115900072,52,244,-192
115900073,53,65,-12
115900074,1,467,-466
115900075,19,361,-342
115900076,3,96,-93
115900077,10,376,-366
115900078,50,157,-107
115900079,191,7,184
115900080,649,354,295
115900081,19,81,-62
115900082,162,179,-17
115900084,303,34,269
115900085,100,97,3
115900086,2192,514,1678
115900088,38,77,-39
115900089,244,870,-626
115900090,209,30,179
115900091,9,49,-40
115900092,36,308,-272
115900093,7,22,-15
115900094,4,549,-545
115900096,4,16,-12
115900097,7,603,-596
115900098,144,641,-497
115900099,69,85,-16
115900100,4,699,-695
115900101,134,649,-515
115900102,42,97,-55
115900103,338,416,-78
115900104,49,181,-132
115900105,149,907,-758
115900106,52,36,16
115900107,81,206,-125
115900108,75,37,38
115900109,30,579,-549
115900110,0,30,-30
115900111,0,90,-90
115900112,47,1325,-1278
115900113,36,31,5
115900114,0,183,-183
115900115,76,262,-186
115900116,82,1176,-1094
115900117,58,37,21
115900118,4,404,-400
115900119,254,152,102
115900120,16,510,-494
115900121,125,329,-204
115900124,223,627,-404
115900125,259,42,217
115900126,543,87,456
115900127,583,56,527
115900128,10,58,-48
115900129,694,31,663
115900130,37,313,-276
115900131,306,46,260
115900132,490,56,434
115900134,331,13,318
115900135,827,1010,-183
115900137,51,11,40
115900139,77,107,-30
115900140,182,35,147
115900141,6,48,-42
115900142,17,28,-11
115900143,242,431,-189
115900144,77,351,-274
115900146,4,230,-226
115900147,450,288,162
115900148,41,21,20
115900149,45,52,-7
115900150,41,73,-32
115900151,18,113,-95
115900152,130,502,-372
115900153,107,343,-236
115900154,933,345,588
115900155,1,107,-106
115900156,737,907,-170
115900157,150,580,-430
115900158,39,14,25
115900159,91,383,-292
115900160,18,20,-2
115900161,46,235,-189
115900163,205,150,55
115900164,457,67,390
115900166,198,392,-194
115900168,128,189,-61
115900171,197,579,-382
115900172,81,149,-68
115900173,281,170,111
115900174,527,227,300
115900175,100,287,-187
115900178,8,927,-919
115900179,201,27,174
115900180,40,447,-407
115900181,114,396,-282
115900182,300,446,-146
115900183,99,40,59
115900184,2137,25,2112
115900187,8,155,-147
115900189,2,170,-168
115900190,488,1467,-979
115900191,42,624,-582
115900192,10,112,-102
115900193,118,110,8
115900194,545,43,502
115900195,685,1768,-1083
115900198,215,383,-168
115900199,187,350,-163
115900200,279,408,-129
115900201,295,226,69
115900202,1,12,-11
115900203,7,5,2
115900204,0,1,-1
115900205,139,19,120
115900206,128,142,-14
115900207,30,32,-2
115900208,131,502,-371
115900209,3,165,-162
115900210,4,127,-123
115900211,3,319,-316
115900212,150,345,-195
115900213,148,82,66
115900214,356,422,-66
115900215,41,82,-41
115900216,6,117,-111
115900217,4,91,-87
115900218,1,53,-52
115900219,69,8,61
115900220,81,20,61
115900221,62,17,45
115900222,29,19,10
115900223,4,234,-230
115900224,2256,804,1452
115900225,85,44,41
115900226,23,46,-23
115900227,12,59,-47
115900228,6,65,-59
115900229,13,74,-61
115900230,53,138,-85
115900231,161,1,160
115900232,99,0,99
115900233,112,4,108
115900234,52,39,13
115900235,19,37,-18
115900236,62,8,54
115900237,24,35,-11
115900238,22,27,-5
115900239,5,33,-28
115900240,7,55,-48
115900241,213,153,60
115900242,513,456,57
115900243,7,11,-4
115900244,17,17,0
115900245,64,11,53
115900246,5,5,0
115900247,25,11,14
115900248,16,7,9
115900249,20,20,0
115900250,17,18,-1
115900251,0,11,-11
115900252,4,3,1
115900253,5,11,-6
115900254,35,32,3
115900255,12,29,-17
115900256,29,63,-34
115900257,10,5,5
115900258,0,0,0
115900259,3,2,1
115900260,15,1,14
115900261,10,5,5
115900262,2,4,-2
115900263,21,8,13
115900264,5,7,-2
115900265,3,14,-11
115900266,7,8,-1
115900267,4,10,-6
115900268,10,12,-2
115900269,359,573,-214
115900270,339,1061,-722
115900271,55,0,55
115900272,36,2,34
115900273,9,26,-17
115900274,3,15,-12
115900275,0,40,-40
115900276,1,63,-62
115900277,0,193,-193
115900278,31,192,-161
115900279,18,191,-173
115900280,15,297,-282
115900281,1065,240,825
115900282,48,14,34
115900283,13,6,7
115900284,4,15,-11
116000001,17288,10253,7035
116000002,5383,12771,-7388
116000003,1850,2928,-1078
116000004,4382,3939,443
116000005,7027,4892,2135
116000006,6110,1889,4221
116000007,4215,5166,-951
116000008,4040,2070,1970
116000009,2334,3621,-1287
116000010,2270,1250,1020
116000011,1138,2548,-1410
116000012,945,1001,-56
116000013,28732,6875,21857
116000014,27663,17405,10258
116000015,653,2115,-1462
116000016,11800,5057,6743
116000017,33,1038,-1005
116000018,774,705,69
116000019,1259,548,711
116000020,687,1678,-991
116000021,736,504,232
116000022,331,710,-379
116000023,1929,1214,715
116000024,971,1766,-795
116000025,1919,850,1069
116000026,2586,2919,-333
116000027,848,730,118
116000028,631,1077,-446
116000029,1263,808,455
116000030,996,652,344
116000031,159,286,-127
116000032,701,295,406
116000033,542,794,-252
116000034,1197,1498,-301
116000035,878,864,14
116000036,2740,735,2005
116000037,1266,1043,223
116000038,1202,620,582
116000039,924,268,656
116000040,2866,303,2563
116000041,333,543,-210
116000042,720,284,436
116000043,92,662,-570
116000044,41,294,-253
116000045,2891,1574,1317
116000046,1903,1737,166
116000047,3464,3588,-124
116000048,3316,2167,1149
116000049,1224,2759,-1535
116000050,1551,2128,-577
116000051,5669,2499,3170
116000052,5498,5512,-14
116000053,2294,1576,718
116000054,1021,3003,-1982
116000055,673,1716,-1043
116000056,814,1903,-1089
116000057,4768,2653,2115
116000058,4097,2429,1668
116000059,2687,7385,-4698
116000060,2880,1260,1620
116000061,1679,1719,-40
116000062,1765,222,1543
116000063,1509,1904,-395
116000066,311,874,-563
116000067,275,1062,-787
116000068,489,492,-3
116000069,409,561,-152
116000078,435,1214,-779
116000080,1994,1399,595
116000082,9,92,-83
116000083,1554,567,987
116000084,2888,5527,-2639
116000085,2138,1901,237
116000086,3612,2148,1464
116000087,1562,1752,-190
116000088,1046,1608,-562
116000089,232,46,186
116000090,284,229,55
116000091,187,178,9
116000093,708,961,-253
116000094,719,919,-200
116000095,730,1210,-480
116000096,963,1705,-742
116000097,776,1478,-702
116000098,504,7249,-6745
116000099,16669,583,16086
116000100,156,12,144
116000101,605,2067,-1462
116000102,326,2334,-2008
116000103,375,352,23
116000104,150,2854,-2704
116000105,1251,256,995
116000106,589,2017,-1428
116000107,2162,651,1511
116000108,946,262,684
116000111,205,22,183
116000113,78,75,3
116000114,32,157,-125
116000115,233,178,55
116000116,296,486,-190
116000117,1654,3400,-1746
116000118,1430,2163,-733
116000119,2315,3087,-772
116000120,3196,6021,-2825
116000121,749,703,46
116000122,1853,2666,-813
116000123,748,684,64
116000124,393,1226,-833
116000125,2175,835,1340
116000126,239,1784,-1545
116000127,1228,2085,-857
116000128,1548,1195,353
116000129,1023,242,781
116000130,498,417,81
116000133,715,1801,-1086
116000134,2125,3629,-1504
116000135,2109,1842,267
116000136,1564,3204,-1640
116000137,1095,906,189
116000138,807,561,246
116000139,2074,2773,-699
116000140,292,332,-40
116000141,464,1258,-794
116000142,5260,5093,167
116000143,2518,2542,-24
116000144,1480,3687,-2207
116000145,1753,2197,-444
116000146,419,489,-70
116000147,876,200,676
116000148,732,607,125
116000149,685,729,-44
116000151,1226,1128,98
116000153,122,1070,-948
116000155,393,330,63
116000156,794,1262,-468
116000157,47,47,0
116000158,589,453,136
116000159,10,21,-11
116000160,11,179,-168
116000161,4,164,-160
116000162,68,105,-37
116000163,36,22,14
116000164,5,36,-31
116000177,727,169,558
116000194,181,457,-276
116000195,3207,1141,2066
116000196,0,0,0
116000197,10,33,-23
116000198,5763,1752,4011
116000200,1058,492,566
116000201,867,1020,-153
116000202,11,470,-459
116000203,2,149,-147
116000204,16,94,-78
116000205,0,254,-254
116000206,5,140,-135
116000207,4,52,-48
116000233,242,1164,-922
116000287,142,777,-635
116000288,194,389,-195
116000292,0,0,0
116000296,36,364,-328
116000297,72,30,42
116000304,50,57,-7
116000305,25,119,-94
116000346,132,176,-44
116000352,237,80,157
116000354,314,22,292
116000357,108,33,75
116000358,222,67,155
116000361,1028,6,1022
116000372,18000,5215,12785
116000381,115,1,114
116000388,3,52,-49
116000389,1011,785,226
116000445,252,833,-581
116000446,438,1657,-1219
116000447,22,565,-543
116000448,855,570,285
116000563,955,1023,-68
116000565,97,509,-412
116000568,61,249,-188
116000579,44,135,-91
116000583,140,166,-26
116000584,55,13,42
116000585,15,18,-3
116000586,277,121,156
116000587,606,732,-126
116000589,116,86,30
116000590,74,114,-40
116000591,153,461,-308
116000592,21,153,-132
116000593,1,108,-107
116000594,407,600,-193
116000595,866,236,630
116000596,90,11,79
116000597,262,64,198
116000598,14,196,-182
116000605,443,185,258
116000606,94,282,-188
116000607,56,158,-102
116000609,393,1161,-768
116000611,134,744,-610
116000612,782,2678,-1896
116000613,476,456,20
116000614,665,1020,-355
116000615,5,331,-326
116000616,104,171,-67
116000617,100,117,-17
116000618,1,292,-291
116000619,11,49,-38
116000620,67,71,-4
116000621,46,166,-120
116000622,42,219,-177
116000624,204,77,127
116000627,62,225,-163
116000628,36,1616,-1580
116000629,25,840,-815
116000630,450,78,372
116000631,140,91,49
116000632,376,148,228
116000633,153,769,-616
116000634,369,256,113
116000635,6014,2162,3852
116000636,4073,1631,2442
116000637,315,137,178
116000638,104,868,-764
116000639,5,2,3
116000640,9,23,-14
116000641,18,32,-14
116000643,1,52,-51
116000644,27,939,-912
116000645,15,46,-31
116900001,262,179,83
116900002,361,1,360
116900003,14,71,-57
116900004,38,60,-22
116900005,247,76,171
116900006,276,158,118
116900007,181,251,-70
116900008,282,559,-277
116900009,31,5,26
116900010,4,2628,-2624
116900011,59,100,-41
116900012,96,285,-189
116900013,4,177,-173
116900014,82,405,-323
116900016,167,0,167
116900017,11,1199,-1188
116900018,71,51,20
116900019,26,460,-434
116900020,2101,336,1765
116900023,119,20,99
116900025,803,1341,-538
116900026,225,1145,-920
116900027,33,102,-69
116900028,8,216,-208
116900029,510,518,-8
116900031,3,7,-4
116900032,14,629,-615
116900033,17,39,-22
116900034,10,105,-95
116900035,217,455,-238
116900036,2,146,-144
116900038,26,2,24
116900041,50,14,36
116900042,1008,284,724
116900043,10,160,-150
116900047,199,95,104
116900049,28,485,-457
116900050,125,754,-629
116900051,75,413,-338
116900052,454,61,393
116900055,1,12,-11
116900057,16,456,-440
116900058,15,853,-838
116900059,3,291,-288
116900060,434,281,153
116900062,6,7,-1
116900064,60,1485,-1425
116900065,17,238,-221
116900067,76,221,-145
116900068,122,379,-257
116900070,5,5,0
116900072,22,606,-584
116900073,20,333,-313
116900074,8,58,-50
116900076,8,38,-30
116900077,9,136,-127
116900078,344,181,163
116900079,39,656,-617
116900080,5,20,-15
116900081,339,2435,-2096
116900082,298,1035,-737
116900083,75,115,-40
116900084,608,104,504
116900085,9,75,-66
116900086,40,360,-320
116900088,345,71,274
116900090,138,98,40
116900091,198,81,117
116900092,62,1464,-1402
116900093,1796,3704,-1908
116900094,7644,5628,2016
116900095,886,213,673
116900096,105,207,-102
116900097,7544,2715,4829
116900098,1190,362,828
116900099,770,822,-52
116900100,813,32,781
116900101,277,879,-602
116900103,3,0,3
116900104,53,121,-68
116900105,345,77,268
116900106,1229,747,482
116900107,6709,2382,4327
116900110,8,0,8
116900111,403,1662,-1259
116900112,242,1920,-1678
116900113,5424,1817,3607
116900116,223,455,-232
116900117,64,141,-77
116900118,1401,1066,335
116900120,203,182,21
116900121,60,78,-18
116900122,566,1114,-548
116900123,145,1046,-901
116900124,184,1991,-1807
116900125,144,258,-114
116900126,496,848,-352
116900128,7,54,-47
116900129,1,402,-401
116900130,1373,3817,-2444
116900131,56,156,-100
116900132,52,65,-13
116900133,89,100,-11
116900134,370,229,141
116900136,167,249,-82
116900137,639,259,380
116900138,151,339,-188
116900139,67,596,-529
116900140,169,186,-17
116900141,711,427,284
116900142,47,109,-62
116900143,239,468,-229
116900144,2,65,-63
116900145,212,392,-180
116900147,1198,413,785
116900148,13,49,-36
116900149,38,257,-219
116900150,6,28,-22
116900151,78,21,57
116900153,87,107,-20
116900154,754,457,297
116900155,71,76,-5
116900157,444,414,30
116900158,657,233,424
116900159,42,449,-407
116900160,1368,522,846
116900161,13397,7349,6048
116900162,21,190,-169
116900163,120,192,-72
116900164,94,46,48
116900165,279,212,67
116900166,20,142,-122
116900167,392,92,300
116900168,413,93,320
116900169,1727,453,1274
116900170,273,465,-192
116900171,27,290,-263
116900172,431,234,197
116900173,181,85,96
116900174,79,60,19
116900175,565,185,380
116900178,31,288,-257
116900179,159,225,-66
116900180,182,50,132
116900182,429,326,103
116900183,130,125,5
116900185,15,35,-20
116900186,95,472,-377
116900187,43,43,0
116900188,180,35,145
116900189,0,0,0
116900191,415,620,-205
116900192,219,358,-139
116900194,90,860,-770
116900195,51,12,39
116900196,26,171,-145
116900197,80,11,69
116900198,321,245,76
116900200,32,48,-16
116900201,61,3,58
116900202,142,71,71
116900203,109,3,106
116900204,69,104,-35
116900206,5,29,-24
116900207,35,42,-7
116900208,13,209,-196
116900209,30,189,-159
116900210,547,335,212
116900211,272,14,258
116900212,34,146,-112
116900213,161,316,-155
116900214,185,139,46
116900215,19,90,-71
116900216,601,244,357
116900218,157,702,-545
116900219,1248,459,789
116900220,68,278,-210
116900221,51,348,-297
116900222,432,354,78
116900223,120,289,-169
116900226,43,92,-49
116900227,178,129,49
116900228,411,351,60
116900230,83,1298,-1215
116900233,519,231,288
116900234,11,6,5
116900235,251,371,-120
116900238,1752,647,1105
116900239,72,1271,-1199
116900240,11244,4676,6568
116900241,50,233,-183
116900242,2528,608,1920
116900243,3,71,-68
116900245,24,23,1
116900246,113,32,81
116900247,463,7,456
116900248,85,44,41
116900249,309,166,143
116900250,278,59,219
116900251,724,381,343
116900252,82,1772,-1690
116900254,21,144,-123
116900255,106,60,46
116900256,229,144,85
116900257,33,755,-722
116900258,6,449,-443
116900259,117,17,100
116900260,1,221,-220
116900261,60,0,60
116900262,156,231,-75
116900263,0,29,-29
116900264,23,20,3
116900265,33,0,33
116900266,134,357,-223
116900267,3,6,-3
116900268,171,8,163
116900269,570,943,-373
116900271,1258,186,1072
116900272,677,821,-144
116900273,897,77,820
116900274,207,159,48
116900275,145,187,-42
116900276,1491,101,1390
116900277,173,7,166
116900278,17,11,6
116900279,2,24,-22
116900280,687,85,602
116900281,12886,3958,8928
116900282,14,365,-351
116900283,19,241,-222
116900284,9,371,-362
116900285,625,866,-241
116900286,225,18,207
116900287,7,131,-124
116900288,28,224,-196
116900289,20,29,-9
116900290,1,70,-69
116900291,6,21,-15
116900292,0,10,-10
116900293,31,104,-73
116900294,48,201,-153
116900295,778,43,735
116900296,273,69,204
116900297,18,113,-95
116900298,195,68,127
116900299,195,67,128
116900300,4,143,-139
116900301,140,176,-36
116900302,186,85,101
116900303,1158,156,1002
116900304,0,223,-223
116900305,53,138,-85
116900306,142,226,-84
116900307,110,3,107
116900308,1,347,-346
116900309,154,338,-184
117000001,2632,2682,-50
117000002,3629,7705,-4076
117000003,13639,4184,9455
117000004,6910,9560,-2650
117000005,2851,2466,385
117000006,1841,8133,-6292
117000007,5049,2029,3020
117000008,1999,8899,-6900
117000009,6197,2586,3611
117000010,4170,8272,-4102
117000011,2375,2899,-524
117000012,1837,3006,-1169
117000013,2834,1763,1071
117000014,2539,4234,-1695
117000015,5696,1861,3835
117000016,2313,65,2248
117000017,1613,203,1410
117000018,401,488,-87
117000019,743,21,722
117000020,787,2000,-1213
117000021,4006,1415,2591
117000022,1420,69,1351
117000023,1748,369,1379
117000024,1369,107,1262
117000025,4922,608,4314
117000026,10999,1010,9989
117000027,3565,2307,1258
117000028,6222,1529,4693
117000030,1454,1013,441
117000031,558,393,165
117000032,4603,2000,2603
117000033,1724,1650,74
117000034,638,675,-37
117000035,365,418,-53
117000036,709,703,6
117000037,443,375,68
117000038,603,995,-392
117000039,593,441,152
117000040,162,1415,-1253
117000041,791,251,540
117000044,59,1933,-1874
117000045,926,93,833
117000046,902,1112,-210
117000047,1289,919,370
117000048,3703,3046,657
117000049,136,938,-802
117000050,264,3753,-3489
117000051,2531,231,2300
117000052,42,778,-736
117000053,353,81,272
117000054,1606,6,1600
117000055,186,5312,-5126
117000056,597,19,578
117000057,839,3450,-2611
117000060,418,2723,-2305
117000061,2984,1753,1231
117000062,307,860,-553
117000063,2637,1149,1488
117000064,1386,1656,-270
117000066,1494,1138,356
117000067,357,492,-135
117000074,214,436,-222
117000076,113,121,-8
117000077,204,154,50
117000078,172,1205,-1033
117000079,466,341,125
117000080,1,558,-557
117000081,1872,155,1717
117000082,35,94,-59
117000083,232,14,218
117000084,733,4,729
117000085,254,714,-460
117000086,1497,1057,440
117000087,128,765,-637
117000088,396,466,-70
117000089,1672,454,1218
117000090,299,2267,-1968
117000091,663,414,249
117000092,433,2402,-1969
117000093,1106,998,108
117000094,1346,4285,-2939
117000095,3411,1275,2136
117000096,676,3814,-3138
117000097,1180,1715,-535
117000098,3285,7969,-4684
117000099,2946,1528,1418
117000100,174,289,-115
117000101,336,1890,-1554
117000102,1477,944,533
117000103,1040,2707,-1667
117000104,1295,859,436
117000105,1094,2548,-1454
117000106,1176,1236,-60
117000107,721,2627,-1906
117000108,1395,1352,43
117000109,3062,3700,-638
117000110,1550,1054,496
117000111,5091,8482,-3391
117000112,3569,3415,154
117000113,146,451,-305
117000114,191,296,-105
117000115,109,213,-104
117000116,126,321,-195
117000117,3053,760,2293
117000118,781,224,557
117000119,879,167,712
117000120,1061,599,462
117000121,247,2107,-1860
117000122,916,2276,-1360
117000123,4286,37,4249
117000124,1311,65,1246
117000125,1647,101,1546
117000126,235,53,182
117000127,477,488,-11
117000128,727,1025,-298
117000129,2782,768,2014
117000130,218,4,214
117000131,2,221,-219
117000132,2688,81,2607
117000133,1020,91,929
117000134,6,73,-67
117000135,20,26,-6
117000136,4,38,-34
117000137,90,90,0
117000138,4,755,-751
117000140,503,2136,-1633
117000141,1528,927,601
117000181,1187,337,850
117000182,466,341,125
117000195,215,1773,-1558
117000196,174,84,90
117000225,443,19,424
117000226,5,323,-318
117000276,258,7,251
117000277,1,769,-768
117000310,3910,5633,-1723
117000315,46,2650,-2604
117000320,210,0,210
117000906,270,14,256
117000907,10,654,-644
117000909,216,64,152
117000910,197,160,37
117000911,152,328,-176
117000915,14,975,-961
117000916,47,8,39
117000917,833,42,791
117000918,87,142,-55
117000919,12,244,-232
117000920,6,2212,-2206
117000921,6,2417,-2411
117000922,94,260,-166
117000924,1487,1641,-154
117000926,1334,103,1231
117000927,2281,744,1537
117000928,1,294,-293
117000929,180,1215,-1035
117000930,214,37,177
117000931,486,204,282
117900002,563,546,17
117900003,901,529,372
117900005,17,275,-258
117900006,2,32,-30
117900007,273,208,65
117900008,0,59,-59
117900010,980,151,829
117900011,43,35,8
117900012,64,218,-154
117900013,3,507,-504
117900014,2116,324,1792
117900015,50,277,-227
117900016,2855,780,2075
117900017,1669,774,895
117900018,509,94,415
117900019,476,685,-209
117900020,108,540,-432
117900021,30,133,-103
117900023,848,886,-38
117900024,99,180,-81
117900025,55,19,36
117900026,337,616,-279
117900028,263,19,244
117900029,218,1481,-1263
117900030,559,282,277
117900031,797,160,637
117900032,1168,714,454
117900033,228,1521,-1293
117900034,147,109,38
117900035,183,98,85
117900036,257,919,-662
117900037,106,143,-37
117900038,46,534,-488
117900039,7,85,-78
117900040,145,836,-691
117900041,10,58,-48
117900042,8020,806,7214
117900043,58,70,-12
117900044,16,6607,-6591
117900045,314,245,69
117900048,191,375,-184
117900049,200,1246,-1046
117900050,9,79,-70
117900051,110,7,103
117900052,72,462,-390
117900053,1393,811,582
117900054,7,21,-14
117900055,194,667,-473
117900056,613,44,569
117900057,1424,2113,-689
117900058,313,20,293
117900059,1161,81,1080
117900060,1567,8052,-6485
117900061,59,600,-541
117900063,508,399,109
117900065,980,1716,-736
117900066,11,60,-49
117900067,401,452,-51
117900069,1174,679,495
117900070,734,10,724
117900071,355,250,105
117900073,488,717,-229
117900074,665,33,632
117900075,169,161,8
117900076,38,115,-77
117900077,331,220,111
117900078,223,803,-580
117900080,661,89,572
117900081,667,672,-5
117900082,399,441,-42
117900083,364,1037,-673
117900086,214,78,136
117900087,87,59,28
117900088,3481,3646,-165
117900089,1865,657,1208
117900090,1182,1101,81
117900091,406,282,124
117900092,124,39,85
117900093,79,81,-2
117900094,34,10,24
117900095,991,994,-3
117900096,112,452,-340
117900097,145,99,46
117900098,25,8,17
117900099,285,492,-207
117900100,138,2,136
117900101,745,1817,-1072
117900102,53,92,-39
117900103,38,3,35
117900104,52,175,-123
117900105,181,365,-184
117900106,111,61,50
117900107,25,0,25
117900109,503,420,83
117900110,52,0,52
117900111,398,18,380
117900112,44,22,22
117900113,9734,3042,6692
117900114,23,0,23
117900115,376,67,309
117900116,1255,1744,-489
117900117,437,549,-112
117900118,53,0,53
117900119,125,319,-194
117900120,88,273,-185
117900121,145,30,115
117900122,2293,3196,-903
117900123,1307,1055,252
117900124,978,899,79
117900125,1773,1599,174
117900126,389,1015,-626
117900127,657,923,-266
117900128,410,1342,-932
117900129,67,0,67
117900130,957,542,415
117900131,3,157,-154
117900132,17,149,-132
117900133,4,191,-187
117900134,60,323,-263
117900135,21,271,-250
117900136,0,74,-74
117900137,21,382,-361
117900138,0,70,-70
117900139,111,122,-11
117900140,8709,642,8067
117900141,941,377,564
117900142,210,56,154
117900144,287,158,129
117900145,18,80,-62
117900146,1046,104,942
117900147,88,136,-48
117900148,5611,1468,4143
117900149,56,186,-130
117900150,38,97,-59
117900151,106,178,-72
117900152,164,140,24
117900153,38,133,-95
117900154,770,1251,-481
117900156,1235,1595,-360
117900157,143,682,-539
117900158,188,96,92
117900160,787,506,281
117900161,3089,3745,-656
117900162,372,748,-376
117900163,469,35,434
117900165,1,23,-22
117900166,149,537,-388
117900168,39,207,-168
117900169,1,172,-171
117900170,1,42,-41
117900171,0,31,-31
117900172,10,51,-41
117900173,171,118,53
117900174,26,108,-82
117900175,0,81,-81
117900176,20,106,-86
117900177,16,98,-82
117900178,109,68,41
117900180,436,53,383
117900181,340,313,27
117900182,9,48,-39
117900183,48,275,-227
117900184,12,62,-50
117900185,33,71,-38
117900186,59,18,41
117900187,20,21,-1
117900188,258,57,201
117900189,71,29,42
117900190,18,2,16
117900191,89,1,88
117900192,232,3,229
117900193,2,98,-96
117900194,9,8,1
117900195,7,50,-43
117900196,17,24,-7
117900207,239,126,113
117900208,32,47,-15
117900209,224,326,-102
117900210,200,368,-168
117900211,5,305,-300
117900212,92,228,-136
117900213,22,22,0
117900214,11,75,-64
117900215,27,66,-39
117900216,90,20,70
117900217,309,206,103
117900218,441,414,27
117900219,21,87,-66
117900220,306,148,158
117900222,201,460,-259
117900223,267,482,-215
118000001,1314,1042,272
118000002,2115,3758,-1643
118000003,10283,3754,6529
118000004,10337,3287,7050
118000005,6719,7800,-1081
118000006,8229,14872,-6643
118000007,13468,3467,10001
118000008,11153,5258,5895
118000009,3818,4091,-273
118000010,4143,5234,-1091
118000011,1315,3656,-2341
118000012,2431,4207,-1776
118000013,5876,4833,1043
118000014,2712,5707,-2995
118000016,245,499,-254
118000017,404,695,-291
118000018,452,649,-197
118000019,3044,2042,1002
118000020,1739,2586,-847
118000021,1889,3155,-1266
118000022,2880,1135,1745
118000023,1815,460,1355
118000024,1721,1402,319
118000027,20987,14843,6144
118000029,1194,1102,92
118000032,1768,6731,-4963
118000033,4247,5762,-1515
118000034,7056,2792,4264
118000035,2192,3247,-1055
118000036,3516,1492,2024
118000037,1476,1504,-28
118000038,190,143,47
118000039,186,773,-587
118000040,2453,3136,-683
118000041,4042,2425,1617
118000045,1483,128,1355
118000046,5337,776,4561
118000047,7799,924,6875
118000048,11212,2015,9197
118000051,5009,1099,3910
118000052,4658,725,3933
118000053,3208,1240,1968
118000054,3563,5866,-2303
118000055,2633,6060,-3427
118000056,340,459,-119
118000057,207,1214,-1007
118000058,10149,1821,8328
118000059,8755,1133,7622
118000060,2217,1016,1201
118000061,1051,2434,-1383
118000062,845,677,168
118000063,874,634,240
118000064,2006,1604,402
118000065,8739,3940,4799
118000066,1911,2051,-140
118000067,2264,1068,1196
118000068,3992,6427,-2435
118000069,6328,1727,4601
118000070,11305,2873,8432
118000071,5386,12006,-6620
118000072,6247,1326,4921
118000073,5545,728,4817
118000074,907,1167,-260
118000075,1069,435,634
118000076,3931,2148,1783
118000077,2726,1870,856
118000078,4451,2742,1709
118000079,476,598,-122
118000080,2605,1315,1290
118000081,4341,1477,2864
118000082,587,1423,-836
118000083,3531,2133,1398
118000084,4937,2675,2262
118000086,690,742,-52
118000087,10170,3669,6501
118000088,3453,3196,257
118000089,5875,3401,2474
118000090,3450,4798,-1348
118000091,2897,4627,-1730
118000092,1957,767,1190
118000093,182,1131,-949
118000096,1147,875,272
118000097,1758,1098,660
118000098,459,260,199
118000099,511,1083,-572
118000101,1085,559,526
118000102,506,2538,-2032
118000107,5328,846,4482
118000108,1213,3913,-2700
118000110,0,25,-25
118000111,9,1047,-1038
118000112,547,2,545
118000113,8,1542,-1534
118000114,362,19,343
118000115,14,77,-63
118000116,127,1,126
118000117,3250,1172,2078
118000118,3285,911,2374
118000119,1640,1519,121
118000120,2667,1711,956
118000121,147,729,-582
118000122,2604,351,2253
118000123,166,392,-226
118000125,4104,1412,2692
118000126,2918,2079,839
118000127,4355,1126,3229
118000128,1616,1770,-154
118000129,2706,760,1946
118000130,4354,6705,-2351
118000131,1718,2024,-306
118000132,3140,2527,613
118000133,3524,940,2584
118000135,1158,612,546
118000136,206,905,-699
118000137,2816,186,2630
118000138,564,1237,-673
118000139,617,195,422
118000140,3634,6089,-2455
118000141,2423,3377,-954
118000142,2158,3294,-1136
118000143,2084,1840,244
118000144,2540,1536,1004
118000145,2191,3546,-1355
118000146,1307,1635,-328
118000147,1105,2495,-1390
118000148,655,2472,-1817
118000149,1072,1952,-880
118000150,401,665,-264
118000151,301,656,-355
118000153,1290,2064,-774
118000154,1480,2775,-1295
118000155,1112,2417,-1305
118000156,4201,3632,569
118000157,743,700,43
118000158,239,750,-511
118000159,40,119,-79
118000160,537,572,-35
118000161,464,991,-527
118000162,1366,1379,-13
118000163,1004,1137,-133
118000164,4156,2267,1889
118000168,2710,651,2059
118000169,1673,2447,-774
118000170,5584,9901,-4317
118000171,441,999,-558
118000172,106,536,-430
118000173,1280,1679,-399
118000175,311,461,-150
118000176,297,604,-307
118000177,251,777,-526
118000178,292,52,240
118000179,2150,1593,557
118000180,1121,1368,-247
118000181,1293,412,881
118000182,390,422,-32
118000183,300,438,-138
118000184,745,1753,-1008
118000185,1118,1094,24
118000186,849,1047,-198
118000187,1418,985,433
118000188,1359,315,1044
118000189,627,1485,-858
118000190,23,21,2
118000191,18,69,-51
118000192,230,287,-57
118000193,222,660,-438
118000194,5113,2118,2995
118000195,2412,1129,1283
118000196,1471,186,1285
118000197,809,146,663
118000198,1180,829,351
118000199,2758,668,2090
118000200,85,293,-208
118000201,1288,674,614
118000202,126,65,61
118000203,3370,504,2866
118000204,527,526,1
118000205,430,672,-242
118000206,338,298,40
118000207,0,169,-169
118000208,1588,2564,-976
118000209,1988,2894,-906
118000210,46,47,-1
118000211,49,75,-26
118000213,3303,1529,1774
118000214,1310,1432,-122
118000215,349,837,-488
118000216,2152,7786,-5634
118000217,31,191,-160
118000218,83,197,-114
118000219,1145,1023,122
118000220,2,48,-46
118000221,145,408,-263
118000222,106,10,96
118000223,42,51,-9
118000224,620,138,482
118000225,253,1536,-1283
118000226,2921,193,2728
118000227,1486,595,891
118000228,177,260,-83
118000229,742,78,664
118000230,208,353,-145
118000231,118,272,-154
118000232,847,1472,-625
118000233,940,1252,-312
118000234,416,398,18
118000236,556,481,75
118000237,110,760,-650
118000238,280,425,-145
118000239,365,522,-157
118000240,636,153,483
118000241,258,458,-200
118000242,474,1004,-530
118000243,257,270,-13
118000244,38,199,-161
118000246,0,10,-10
118000255,153,505,-352
118000256,192,520,-328
118000259,12,91,-79
118000260,371,188,183
118000261,55,155,-100
118000263,137,334,-197
118000266,127,595,-468
118000267,0,95,-95
118000268,1498,3,1495
118000270,93,58,35
118000271,329,667,-338
118000272,123,55,68
118000273,120,132,-12
118000274,148,499,-351
118000276,341,458,-117
118000295,5,137,-132
118000298,140,646,-506
118000299,151,394,-243
118000301,0,105,-105
118000302,144,142,2
118000311,368,156,212
118000312,333,309,24
118000313,46,183,-137
118000314,86,105,-19
118000315,9,143,-134
118000316,907,1004,-97
118000325,29,71,-42
118000326,23,65,-42
118000331,18,69,-51
118000332,12,59,-47
118000333,83,84,-1
118000335,236,1,235
118000336,1,451,-450
118000407,141,129,12
118000457,17,71,-54
118000465,4084,6798,-2714
118000480,55,234,-179
118000489,116,574,-458
118000490,108,894,-786
118000492,199,334,-135
118000510,136,21,115
118000514,363,527,-164
118000515,1490,1064,426
118000517,665,585,80
118000524,1297,297,1000
118000525,1185,1051,134
118000530,10,141,-131
118000531,269,454,-185
118000532,248,360,-112
118000533,718,185,533
118000534,1058,530,528
118000535,368,238,130
118000536,1026,1883,-857
118000537,145,125,20
118000538,100,199,-99
118000539,19,168,-149
118000540,548,232,316
118000541,513,99,414
118000542,272,254,18
118000543,683,323,360
118000546,37,21,16
118000553,0,0,0
118000557,0,0,0
118000560,4750,2064,2686
118000562,38,711,-673
118000563,3962,2246,1716
118000576,262,425,-163
118000577,374,198,176
118000578,316,259,57
118000579,1286,1956,-670
118000583,0,0,0
118000595,233,134,99
118000596,0,131,-131
118000597,227,244,-17
118000598,6,0,6
118000599,35,117,-82
118000600,1,5,-4
118000601,4,0,4
118000602,1,17,-16
118000603,0,115,-115
118000605,37,235,-198
118000606,67,546,-479
118900001,1670,1679,-9
118900002,1604,1184,420
118900003,243,21,222
118900004,24,71,-47
118900005,105,0,105
118900006,144,6,138
118900007,16,2,14
118900008,1775,48,1727
118900009,27,31,-4
118900010,58,4,54
118900011,213,35,178
118900012,518,273,245
118900013,1014,99,915
118900015,189,88,101
118900016,3,37,-34
118900017,339,295,44
118900018,1659,30,1629
118900019,47,22,25
118900020,317,199,118
118900021,250,543,-293
118900022,147,136,11
118900023,344,188,156
118900024,100,263,-163
118900025,115,35,80
118900026,48,111,-63
118900027,908,516,392
118900028,228,291,-63
118900029,396,730,-334
118900030,250,188,62
118900031,146,144,2
118900032,269,261,8
118900033,1338,946,392
118900034,278,24,254
118900035,166,393,-227
118900036,1075,1137,-62
118900037,824,335,489
118900038,377,469,-92
118900039,456,292,164
118900040,237,357,-120
118900041,760,350,410
118900042,204,211,-7
118900045,380,351,29
118900046,1143,422,721
118900047,1281,426,855
118900048,1231,243,988
118900049,122,60,62
118900050,24,222,-198
118900051,338,107,231
118900052,625,353,272
118900053,35,151,-116
118900054,170,197,-27
118900055,35,181,-146
118900056,283,369,-86
118900057,735,489,246
118900058,861,466,395
118900059,49,163,-114
118900060,86,348,-262
118900062,195,315,-120
118900064,910,1078,-168
118900065,53,380,-327
118900066,145,147,-2
118900067,7386,4096,3290
118900068,7,1243,-1236
118900069,440,532,-92
118900071,5,85,-80
118900072,660,638,22
118900073,100,236,-136
118900074,126,328,-202
118900075,58,130,-72
118900076,570,63,507
118900077,246,253,-7
118900078,42,16,26
118900079,101,303,-202
118900080,22,125,-103
118900081,90,34,56
118900082,748,206,542
118900083,19,31,-12
118900084,19,46,-27
118900085,681,1525,-844
118900086,24,97,-73
118900087,18,294,-276
118900088,0,19,-19
118900089,93,14,79
118900090,475,705,-230
118900091,180,294,-114
118900092,113,108,5
118900093,274,22,252
118900096,121,196,-75
118900097,194,1047,-853
118900099,49,480,-431
118900100,164,365,-201
118900101,52,467,-415
118900102,72,83,-11
118900103,36,150,-114
118900104,96,182,-86
118900105,245,172,73
118900107,206,332,-126
118900108,134,142,-8
118900110,2246,1089,1157
118900111,524,814,-290
118900112,112,172,-60
118900113,150,969,-819
118900114,39,137,-98
118900115,109,451,-342
118900116,121,187,-66
118900117,132,196,-64
118900118,292,707,-415
118900119,137,379,-242
118900120,121,433,-312
118900121,24,319,-295
118900122,6,1204,-1198
118900123,179,343,-164
118900124,128,302,-174
118900126,33,433,-400
118900129,423,261,162
118900130,189,203,-14
118900131,133,454,-321
118900132,879,260,619
118900133,31,135,-104
118900135,213,226,-13
118900136,225,951,-726
118900137,6,30,-24
118900139,307,1027,-720
118900140,579,988,-409
118900141,75,299,-224
118900144,356,713,-357
118900145,16,279,-263
118900146,408,1283,-875
118900147,723,254,469
118900148,87,94,-7
118900150,163,836,-673
118900152,498,1281,-783
118900157,290,283,7
118900158,60,153,-93
118900159,1,234,-233
118900161,278,9,269
118900163,313,96,217
118900164,7,144,-137
118900165,42,450,-408
118900166,37,2,35
118900167,105,200,-95
118900168,9,84,-75
118900169,135,739,-604
118900170,166,140,26
118900171,3,38,-35
118900174,66,101,-35
118900175,369,652,-283
118900176,152,280,-128
118900177,36,80,-44
118900178,61,244,-183
118900179,8,53,-45
118900181,127,215,-88
118900182,158,49,109
118900183,63,141,-78
118900184,247,82,165
118900185,75,196,-121
118900186,93,141,-48
118900187,357,441,-84
118900188,376,380,-4
118900189,32,914,-882
118900190,17,916,-899
118900191,207,69,138
118900192,233,30,203
118900193,441,22,419
118900195,426,1539,-1113
118900196,40,311,-271
118900197,128,150,-22
118900198,11,74,-63
118900199,40,97,-57
118900200,33,24,9
118900201,54,35,19
118900202,18,117,-99
118900203,13,53,-40
118900204,26,51,-25
118900205,4,19,-15
118900206,0,32,-32
119000001,1719,1862,-143
119000002,3255,3846,-591
119000003,2057,2434,-377
119000004,3671,2499,1172
119000005,5021,3446,1575
119000006,2993,2785,208
119000007,5074,4999,75
119000008,3442,3137,305
119000009,5033,4780,253
119000010,11311,5056,6255
119000011,7829,3459,4370
119000012,5512,4266,1246
119000013,2643,2005,638
119000014,3766,5257,-1491
119000019,383,293,90
119000020,2672,2420,252
119000021,4231,3467,764
119000022,5278,4318,960
119000023,656,367,289
119000024,3568,11638,-8070
119000025,22076,1918,20158
119000026,354,459,-105
119000027,809,599,210
119000028,3357,2454,903
119000029,217,321,-104
119000030,704,1982,-1278
119000031,1036,1002,34
119000032,2641,3255,-614
119000033,2855,3016,-161
119000034,1354,1512,-158
119000035,30,513,-483
119000036,1620,1605,15
119000037,1256,3070,-1814
119000038,128,1660,-1532
119000039,297,462,-165
119000040,2186,892,1294
119000041,1720,2110,-390
119000048,4768,5571,-803
119000049,2756,4813,-2057
119000050,2535,4285,-1750
119000051,3142,1557,1585
119000052,3244,5043,-1799
119000053,2114,1529,585
119000054,3188,6192,-3004
119000055,3294,4909,-1615
119000056,2072,2953,-881
119000057,1532,4092,-2560
119000058,2368,3687,-1319
119000059,1511,2877,-1366
119000060,1844,1443,401
119000061,1265,1307,-42
119000062,1367,1834,-467
119000063,550,665,-115
119000064,2989,2714,275
119000065,2367,4250,-1883
119000066,2717,1583,1134
119000067,2456,4145,-1689
119000068,1738,1538,200
119000069,1894,4519,-2625
119000070,2324,1763,561
119000071,667,1414,-747
119000072,11213,5496,5717
119000073,7013,8541,-1528
119000074,1319,5921,-4602
119000075,1602,3852,-2250
119000076,553,1357,-804
119000077,1040,735,305
119000078,471,452,19
119000079,162,1082,-920
119000080,389,385,4
119000081,458,456,2
119000082,1087,437,650
119000083,595,496,99
119000084,391,726,-335
119000085,804,498,306
119000086,200,526,-326
119000087,2488,1384,1104
119000088,347,340,7
119000089,94,294,-200
119000090,172,229,-57
119000091,157,471,-314
119000092,774,286,488
119000093,5946,5449,497
119000094,2888,11526,-8638
119000095,1600,4463,-2863
119000097,4793,2462,2331
119000098,956,2679,-1723
119000099,2897,3308,-411
119000100,3682,2903,779
119000101,3719,2384,1335
119000102,989,1112,-123
119000103,1919,534,1385
119000104,4807,2283,2524
119000105,1092,1723,-631
119000106,397,3259,-2862
119000107,704,688,16
119000108,438,2022,-1584
119000109,183,400,-217
119000110,853,390,463
119000111,77,612,-535
119000112,319,102,217
119000113,3245,277,2968
119000114,1053,1186,-133
119000115,170,435,-265
119000116,232,170,62
119000117,174,435,-261
119000118,0,4,-4
119000123,8201,828,7373
119000124,721,288,433
119000125,2690,1602,1088
119000126,861,1449,-588
119000127,555,1331,-776
119000128,21,5,16
119000131,1052,1400,-348
119000132,5,8,-3
119000133,4,14,-10
119000134,5766,937,4829
119000135,163,238,-75
119000136,157,351,-194
119000137,164,676,-512
119000138,293,565,-272
119000139,242,425,-183
119000140,178,468,-290
119000284,1641,4684,-3043
119000285,3637,3409,228
119000286,9266,8192,1074
119000287,2020,3491,-1471
119000288,3410,2285,1125
119000289,5215,6073,-858
119000290,201,1040,-839
119000291,12,667,-655
119000293,105,310,-205
119000294,41,48,-7
119000295,4484,937,3547
119000296,168,189,-21
119000297,0,0,0
119000302,5757,2244,3513
119000303,77,317,-240
119000310,0,0,0
119000314,1779,9687,-7908
119000315,3,894,-891
119000316,106,206,-100
119000317,69,696,-627
119900001,261,1467,-1206
119900002,218,469,-251
119900003,75,1744,-1669
119900004,444,752,-308
119900005,223,197,26
119900006,236,488,-252
119900007,857,148,709
119900008,74,19,55
119900009,737,814,-77
119900010,1462,1172,290
119900011,19,80,-61
119900012,23,92,-69
119900013,1999,781,1218
119900014,848,258,590
119900015,108,44,64
119900016,33,187,-154
119900017,32,73,-41
119900018,2376,652,1724
119900019,45,8,37
119900020,108,184,-76
119900021,128,72,56
119900022,190,457,-267
119900023,1646,1242,404
119900025,128,35,93
119900026,1590,107,1483
119900027,23,37,-14
119900028,236,95,141
119900029,7,9,-2
119900030,535,718,-183
119900031,68,341,-273
119900033,1953,268,1685
119900034,263,224,39
119900037,256,63,193
119900038,80,331,-251
119900039,70,16,54
119900040,110,10,100
119900041,76,24,52
119900042,93,233,-140
119900043,79,266,-187
119900044,304,697,-393
119900046,86,97,-11
119900047,242,43,199
119900048,137,71,66
119900049,114,14,100
119900050,97,92,5
119900051,767,90,677
119900052,31,41,-10
119900053,144,337,-193
119900054,124,7,117
119900055,1266,529,737
119900057,165,110,55
119900058,208,4,204
119900059,317,72,245
119900060,271,15,256
119900061,206,20,186
119900062,29,32,-3
119900063,23,48,-25
119900065,268,5,263
119900067,103,38,65
119900068,387,1,386
119900069,76,20,56
119900070,750,6,744
119900071,485,12,473
119900073,2570,733,1837
119900074,77,31,46
119900075,8832,3083,5749
119900076,602,768,-166
119900077,733,1897,-1164
119900078,454,1376,-922
119900079,924,531,393
119900080,437,525,-88
119900081,537,344,193
119900082,1309,664,645
119900083,416,142,274
119900084,1297,298,999
119900085,293,98,195
119900086,567,1753,-1186
119900087,1615,361,1254
119900088,54,76,-22
119900089,26,783,-757
119900090,237,77,160
119900091,82,2011,-1929
119900092,133,659,-526
119900093,1261,190,1071
119900094,58,349,-291
119900095,227,107,120
119900096,51,133,-82
119900097,853,247,606
119900098,65,83,-18
119900099,35,421,-386
119900100,4318,2856,1462
119900101,240,1366,-1126
119900102,22,496,-474
119900103,35,903,-868
119900104,26,341,-315
119900105,1032,1510,-478
119900106,22,326,-304
119900107,574,6044,-5470
119900108,3123,1045,2078
119900109,39,482,-443
119900110,615,1419,-804
119900111,51,546,-495
119900112,4915,839,4076
119900113,120,580,-460
119900114,258,3109,-2851
119900115,209,1838,-1629
119900116,116,615,-499
119900117,239,1588,-1349
119900118,46,1746,-1700
119900119,256,392,-136
119900120,691,1037,-346
119900121,316,2342,-2026
119900122,643,595,48
119900123,297,479,-182
119900124,228,1718,-1490
119900125,71,676,-605
119900126,8632,457,8175
119900127,3800,1609,2191
119900128,438,1461,-1023
119900129,195,1488,-1293
119900130,35,552,-517
119900131,36,548,-512
119900132,2,574,-572
119900133,30,70,-40
119900134,3888,459,3429
119900135,2,813,-811
119900136,202,860,-658
119900138,458,1178,-720
119900139,37,128,-91
119900140,6,256,-250
119900141,189,973,-784
119900142,0,29,-29
119900143,17,290,-273
119900144,4317,446,3871
119900145,185,329,-144
119900146,224,246,-22
119900147,7,234,-227
119900148,153,78,75
119900149,3210,3593,-383
119900150,308,228,80
119900151,3431,1277,2154
119900152,103,746,-643
119900153,107,107,0
119900154,23,1102,-1079
119900155,52,46,6
119900156,10,4,6
119900157,145,434,-289
119900158,150,118,32
119900159,11,2687,-2676
119900160,21,237,-216
119900161,235,480,-245
119900162,906,1083,-177
119900163,136,177,-41
119900164,2,0,2
119900165,135,446,-311
119900166,67,61,6
119900167,179,153,26
119900168,715,584,131
119900169,225,651,-426
119900170,188,264,-76
119900171,806,729,77
119900172,170,24,146
119900173,5,861,-856
119900174,74,353,-279
119900175,941,975,-34
119900177,44,312,-268
119900178,15,212,-197
119900179,119,364,-245
119900180,1131,1061,70
119900181,79,83,-4
119900182,5,760,-755
119900183,198,1549,-1351
119900184,4539,867,3672
119900185,38,167,-129
119900186,193,744,-551
119900187,13,877,-864
119900188,105,468,-363
119900189,465,349,116
119900190,91,196,-105
119900191,318,100,218
119900192,20,283,-263
119900193,247,322,-75
119900194,23,46,-23
119900195,42,325,-283
119900196,2039,567,1472
119900197,209,155,54
119900198,109,576,-467
119900199,175,34,141
119900200,504,848,-344
119900201,419,227,192
119900202,289,241,48
119900203,158,464,-306
119900204,239,399,-160
119900205,516,1233,-717
119900206,123,252,-129
119900208,189,182,7
119900209,604,1175,-571
119900210,25,63,-38
119900211,146,24,122
119900212,159,474,-315
119900213,5,61,-56
119900214,17,129,-112
119900215,55,110,-55
119900216,12,106,-94
119900217,19,98,-79
119900218,31,124,-93
119900219,4,239,-235
119900220,7,186,-179
119900221,27,634,-607
119900222,16,423,-407
119900223,22,160,-138
119900224,30,36,-6
119900225,1935,95,1840
119900226,1206,1869,-663
119900227,1508,593,915
119900228,43,375,-332
119900229,402,871,-469
119900230,2252,887,1365
119900231,181,363,-182
119900232,232,104,128
119900233,44,4,40
119900234,57,59,-2
119900235,106,68,38
119900236,31,320,-289
119900237,45,746,-701
119900238,3,128,-125
119900240,84,221,-137
119900241,221,359,-138
119900242,2497,3856,-1359
119900244,1284,1650,-366
119900245,178,239,-61
119900246,361,475,-114
119900247,25,88,-63
119900248,82,84,-2
119900249,185,92,93
119900253,6544,501,6043
119900254,83,556,-473
119900255,119,629,-510
119900256,421,1524,-1103
119900257,43,1,42
119900258,43,62,-19
119900259,36,221,-185
119900260,61,1,60
119900261,230,344,-114
119900262,1,475,-474
119900263,1532,489,1043
119900264,46,389,-343
119900265,347,556,-209
119900266,213,546,-333
119900267,321,598,-277
119900268,221,373,-152
119900269,881,2072,-1191
119900271,30,124,-94
119900272,381,87,294
119900275,188,27,161
119900276,22,2,20
119900277,16,12,4
119900278,381,115,266
119900279,210,387,-177
119900280,1628,263,1365
119900281,1,154,-153
119900282,62,44,18
119900283,14,600,-586
119900284,99,307,-208
119900285,14,62,-48
119900286,2,25,-23
119900288,3,45,-42
119900289,1,57,-56
119900290,1,53,-52
119900291,3,38,-35
119900292,44,34,10
119900293,25,107,-82
119900294,18,134,-116
119900295,34,85,-51
119900296,18,311,-293
119900297,0,14,-14
119900298,3,7,-4
119900299,44,354,-310
119900300,155,277,-122
119900301,288,22,266
119900302,156,73,83
119900303,221,343,-122
119900304,107,45,62
119900305,27,131,-104
119900306,21,3,18
119900307,20,210,-190
119900308,6,29,-23
119900309,32,105,-73
119900310,435,501,-66
119900311,66,230,-164
119900312,114,100,14
119900313,362,577,-215
119900314,132,396,-264
119900315,990,3375,-2385
119900318,14,22,-8
119900319,11,514,-503
119900320,153,954,-801
119900321,75,3,72
120000001,14695,18582,-3887
120000002,2970,5036,-2066
120000003,4189,2566,1623
120000004,3600,3418,182
120000005,6475,2858,3617
120000006,1882,2035,-153
120000007,5256,3686,1570
120000008,1274,2029,-755
120000009,6737,1369,5368
120000010,1797,4362,-2565
120000011,1360,3371,-2011
120000012,1792,4348,-2556
120000013,2717,4055,-1338
120000014,845,2497,-1652
120000015,3640,2567,1073
120000016,4394,4619,-225
120000017,3056,3428,-372
120000018,7198,12850,-5652
120000019,1178,1926,-748
120000020,4326,3978,348
120000021,2630,3117,-487
120000022,3486,5023,-1537
120000023,1050,2468,-1418
120000024,1917,3097,-1180
120000025,2707,3284,-577
120000026,1528,2944,-1416
120000027,1692,2855,-1163
120000028,1564,707,857
120000029,5782,865,4917
120000030,356,1491,-1135
120000031,2716,13549,-10833
120000032,15449,5239,10210
120000033,5066,3159,1907
120000034,2148,3752,-1604
120000035,2300,4282,-1982
120000036,3712,7003,-3291
120000037,827,1966,-1139
120000038,15095,4480,10615
120000039,710,1185,-475
120000040,114,208,-94
120000041,1493,2543,-1050
120000042,2101,4980,-2879
120000043,5828,4121,1707
120000044,4704,1979,2725
120000045,4890,1482,3408
120000046,2413,3126,-713
120000047,2909,5135,-2226
120000048,12146,5585,6561
120000049,8037,4157,3880
120000050,7712,7604,108
120000051,4804,7850,-3046
120000052,20514,3867,16647
120000053,1410,5857,-4447
120000054,1610,9126,-7516
120000055,1793,8098,-6305
120000056,3780,6223,-2443
120000057,2708,883,1825
120000058,2908,317,2591
120000059,46,1532,-1486
120000061,195,951,-756
120000062,321,490,-169
120000063,2937,4067,-1130
120000064,277,2054,-1777
120000065,657,2672,-2015
120000066,239,664,-425
120000067,71,739,-668
120000068,250,1632,-1382
120000069,994,2418,-1424
120000070,77,1602,-1525
120000071,391,344,47
120000072,515,869,-354
120000073,635,185,450
120000074,160,77,83
120000075,637,355,282
120000076,1804,525,1279
120000077,1684,810,874
120000078,4754,1286,3468
120000079,415,958,-543
120000080,227,530,-303
120000081,419,352,67
120000082,252,419,-167
120000083,317,707,-390
120000084,631,780,-149
120000085,482,609,-127
120000086,453,1013,-560
120000087,316,1694,-1378
120000088,817,2058,-1241
120000089,1009,939,70
120000090,741,808,-67
120000091,919,1640,-721
120000092,1370,932,438
120000093,327,815,-488
120000094,173,838,-665
120000095,1117,922,195
120000096,311,1766,-1455
120000098,918,1674,-756
120000099,469,1069,-600
120000100,732,1375,-643
120000101,523,713,-190
120000102,502,914,-412
120000103,1336,814,522
120000104,1658,507,1151
120000105,2900,771,2129
120000106,1952,680,1272
120000107,3154,778,2376
120000108,909,152,757
120000109,1114,69,1045
120000110,149,1551,-1402
120000111,151,1943,-1792
120000112,970,6097,-5127
120000113,807,4574,-3767
120000114,1129,4922,-3793
120000115,391,4120,-3729
120000116,924,3229,-2305
120000117,2150,2218,-68
120000118,90,35,55
120000119,55,125,-70
120000120,77,71,6
120000121,36,130,-94
120000122,469,513,-44
120000123,9010,6839,2171
120000124,412,880,-468
120000125,513,1514,-1001
120000126,651,1246,-595
120000127,3995,1330,2665
120000128,10060,3658,6402
120000129,420,461,-41
120000130,1037,1110,-73
120000131,323,694,-371
120000134,442,2158,-1716
120000135,358,507,-149
120000137,258,3441,-3183
120000138,778,713,65
120000139,271,1726,-1455
120000140,674,992,-318
120000141,279,706,-427
120000142,555,783,-228
120000143,1,127,-126
120000144,75,1,74
120000145,295,4,291
120000146,4979,1680,3299
120000149,739,1534,-795
120000150,6921,11510,-4589
120000151,552,793,-241
120000152,369,347,22
120000153,119,1447,-1328
120000154,630,687,-57
120000155,138,411,-273
120000156,2872,1072,1800
120000157,1166,861,305
120000158,932,1799,-867
120000159,2179,3273,-1094
120000160,2454,2006,448
120000161,2523,4895,-2372
120000162,338,374,-36
120000163,605,2317,-1712
120000164,402,668,-266
120000165,418,1557,-1139
120000166,1241,889,352
120000167,47,72,-25
120000168,19,196,-177
120000169,141,505,-364
120000170,158,340,-182
120000171,62,109,-47
120000172,56,51,5
120000173,5874,556,5318
120000174,960,25,935
120000175,1765,13,1752
120000176,1029,47,982
120000177,2756,338,2418
120000178,237,14,223
120000179,906,37,869
120000180,775,115,660
120000181,173,369,-196
120000182,167,194,-27
120000183,21,206,-185
120000184,253,1006,-753
120000186,210,130,80
120000187,216,61,155
120000188,1069,199,870
120000190,2382,44,2338
120000191,2793,46,2747
120000192,1632,30,1602
120000193,678,86,592
120000195,87,3,84
120000196,329,61,268
120000197,82,214,-132
120000198,183,239,-56
120000199,76,1,75
120000200,116,2,114
120000201,19,23,-4
120000202,2,81,-79
120000203,29,450,-421
120000207,3,88,-85
120000208,10,349,-339
120000209,6,139,-133
120000210,194,87,107
120000211,64,1,63
120000212,97,0,97
120000213,82,521,-439
120000214,2,512,-510
120000215,3,229,-226
120000216,51,16,35
120000217,1014,1615,-601
120000218,316,1302,-986
120000219,4,843,-839
120000220,12,3253,-3241
120000225,1054,1,1053
120000226,277,5,272
120000227,598,41,557
120000228,8261,3215,5046
120000230,389,9,380
120000231,1087,3586,-2499
120000233,222,33,189
120000235,121,1209,-1088
120000236,788,2,786
120000237,4,2979,-2975
120000238,11,337,-326
120000241,1309,5840,-4531
120000412,2787,17,2770
120000413,316,694,-378
120000414,106,6,100
120000415,3,363,-360
120000416,108,11,97
120000417,5,183,-178
120000418,142,28,114
120000419,13,718,-705
120000420,116,30,86
120000421,19561,7944,11617
120000422,333,1043,-710
120000423,3,77,-74
120000424,142,279,-137
120000436,164,649,-485
120000437,222,221,1
120000438,7450,932,6518
120000439,170,443,-273
120000443,252,0,252
120000444,1265,1205,60
120000445,2314,2006,308
120000446,1791,506,1285
120000447,163,18,145
120000449,86,16,70
120000450,12,511,-499
120000451,99,421,-322
120000452,101,2,99
120000453,0,818,-818
120000454,198,45,153
120000455,92,107,-15
120000456,4196,4763,-567
120000457,1766,1336,430
120000458,866,921,-55
120000459,78,149,-71
120000665,3352,248,3104
120000668,198,321,-123
120000669,67,658,-591
120000670,380,473,-93
120000671,1459,620,839
120000672,157,644,-487
120900001,52,82,-30
120900002,1425,541,884
120900003,508,75,433
120900004,8,85,-77
120900005,1,1723,-1722
120900006,293,278,15
120900007,169,253,-84
120900008,346,1786,-1440
120900009,1094,112,982
120900010,355,69,286
120900011,594,207,387
120900012,1554,1091,463
120900013,279,61,218
120900014,8,1177,-1169
120900015,552,138,414
120900016,685,65,620
120900017,5621,278,5343
120900018,92,745,-653
120900019,711,218,493
120900020,1254,1161,93
120900021,563,163,400
120900022,82,642,-560
120900023,160,63,97
120900024,1907,499,1408
120900025,2626,1570,1056
120900026,241,269,-28
120900027,1216,108,1108
120900028,307,71,236
120900029,200,327,-127
120900030,1110,784,326
120900031,220,59,161
120900032,696,175,521
120900033,949,66,883
120900034,113,3124,-3011
120900035,48,109,-61
120900037,253,7,246
120900038,88,227,-139
120900039,80,59,21
120900040,184,3,181
120900041,163,53,110
120900042,441,96,345
120900043,65,35,30
120900044,66,825,-759
120900045,161,172,-11
120900046,284,5,279
120900047,129,59,70
120900048,78,22,56
120900049,270,0,270
120900050,5848,1728,4120
120900051,263,157,106
120900052,456,4,452
120900053,191,122,69
120900054,1827,1334,493
120900055,298,5,293
120900056,357,12,345
120900057,134,24,110
120900058,347,2,345
120900059,69,1,68
120900060,97,55,42
120900061,265,722,-457
120900062,124,0,124
120900063,411,4,407
120900064,378,0,378
120900065,314,4,310
120900066,208,372,-164
120900067,201,41,160
120900068,172,1,171
120900069,167,122,45
120900071,26,0,26
120900072,488,5,483
120900073,318,311,7
120900074,434,7,427
120900076,234,2,232
120900077,6119,501,5618
120900078,552,826,-274
120900079,582,136,446
120900080,434,3112,-2678
120900081,941,2195,-1254
120900082,866,402,464
120900083,79,0,79
120900084,290,379,-89
120900085,143,229,-86
120900086,223,315,-92
120900087,446,230,216
120900088,295,340,-45
120900089,6844,2285,4559
120900090,120,337,-217
120900091,755,656,99
120900092,1367,1041,326
120900093,6111,420,5691
120900094,641,273,368
120900095,655,56,599
120900096,72,347,-275
120900097,805,1522,-717
120900098,339,218,121
120900099,86,81,5
120900100,46,591,-545
120900101,858,514,344
120900102,9,331,-322
120900103,46,240,-194
120900104,30,51,-21
120900105,47,1207,-1160
120900106,2020,922,1098
120900107,334,146,188
120900108,5,1448,-1443
120900109,54,1112,-1058
120900110,12,1935,-1923
120900111,207,662,-455
120900112,7,2273,-2266
120900113,33,1537,-1504
120900114,42,297,-255
120900115,209,314,-105
120900116,308,941,-633
120900117,4,894,-890
120900118,13,1382,-1369
120900119,3745,9234,-5489
120900120,57,1089,-1032
120900121,107,613,-506
120900122,397,1026,-629
120900123,5,769,-764
120900124,10,1066,-1056
120900125,1,1922,-1921
120900126,1716,1176,540
120900127,11,831,-820
120900128,1330,1750,-420
120900129,63,504,-441
120900130,9,886,-877
120900131,41,88,-47
120900132,685,564,121
120900133,295,1788,-1493
120900134,831,596,235
120900135,5,964,-959
120900136,23,80,-57
120900137,208,166,42
120900138,14,293,-279
120900139,5,1065,-1060
120900140,4,99,-95
120900141,258,210,48
120900142,20,1376,-1356
120900143,2,1259,-1257
120900144,0,276,-276
120900145,119,1178,-1059
120900146,6,1312,-1306
120900147,1,552,-551
120900148,147,227,-80
120900149,0,637,-637
120900150,41,904,-863
120900151,1,1016,-1015
120900152,0,60,-60
120900153,30,79,-49
120900154,0,481,-481
120900155,161,1723,-1562
120900156,69,517,-448
120900157,101,302,-201
120900158,60,780,-720
120900159,181,440,-259
120900160,30,727,-697
120900161,86,652,-566
120900162,47,802,-755
120900163,45,378,-333
120900164,6,3,3
120900165,102,12,90
120900166,418,196,222
120900167,573,108,465
120900169,69,867,-798
120900170,4266,2319,1947
120900171,1438,643,795
120900172,2349,339,2010
120900173,0,65,-65
120900174,18,157,-139
120900175,360,398,-38
120900176,24,466,-442
120900177,1,1016,-1015
120900178,0,397,-397
120900179,1131,645,486
120900180,135,107,28
120900181,112,127,-15
120900182,19,1508,-1489
120900183,390,192,198
120900184,136,106,30
120900185,7,613,-606
120900186,3,722,-719
120900187,416,1283,-867
120900188,169,23,146
120900189,301,853,-552
120900190,44,19,25
120900191,5,30,-25
120900192,20706,5120,15586
120900194,37,94,-57
120900195,139,310,-171
120900196,1294,87,1207
120900197,493,121,372
120900198,310,832,-522
120900199,316,323,-7
120900200,97,162,-65
120900201,811,145,666
120900202,3,275,-272
120900203,31,92,-61
120900204,211,504,-293
120900205,80,140,-60
120900206,16,41,-25
120900207,88,1947,-1859
121000001,2243,1685,558
121000002,7881,4341,3540
121000003,6082,2951,3131
121000004,4787,15682,-10895
121000005,3796,4533,-737
121000006,5597,3104,2493
121000007,5977,3970,2007
121000008,15545,6434,9111
121000009,10999,9635,1364
121000010,18229,12441,5788
121000011,11971,19469,-7498
121000012,22063,18171,3892
121000013,7768,12015,-4247
121000014,10426,13301,-2875
121000015,10642,10983,-341
121000016,7529,9250,-1721
121000017,2976,5391,-2415
121000018,2727,2746,-19
121000019,25751,15269,10482
121000020,15883,16684,-801
121000021,4188,4492,-304
121000022,2734,2851,-117
121000023,5147,4879,268
121000024,4466,5914,-1448
121000025,1247,2360,-1113
121000026,604,293,311
121000027,2296,1322,974
121000028,1304,618,686
121000029,1624,1085,539
121000030,962,666,296
121000031,1309,1052,257
121000032,341,110,231
121000034,2035,279,1756
121000035,737,148,589
121000036,2895,1498,1397
121000037,1531,877,654
121000038,1356,992,364
121000039,1273,586,687
121000041,789,648,141
121000042,450,478,-28
121000043,1464,1209,255
121000044,4016,1177,2839
121000045,536,420,116
121000046,634,1190,-556
121000047,129,117,12
121000049,3374,863,2511
121000050,592,1768,-1176
121000051,1450,360,1090
121000052,654,1015,-361
121000053,1019,182,837
121000054,67,504,-437
121000055,2487,1606,881
121000056,1350,1596,-246
121000057,367,686,-319
121000058,467,155,312
121000059,3657,2078,1579
121000060,589,1248,-659
121000061,905,210,695
121000062,250,366,-116
121000063,1247,881,366
121000064,1408,1214,194
121000065,1161,516,645
121000066,1304,618,686
121000067,1990,385,1605
121000068,957,460,497
121000069,1000,588,412
121000070,3745,1613,2132
121000071,2107,1957,150
121000072,2436,1002,1434
121000073,4340,1021,3319
121000074,226,183,43
121000075,113,135,-22
121000076,1973,563,1410
121000077,315,240,75
121000078,169,146,23
121000080,3347,984,2363
121000081,4241,6931,-2690
121000082,295,345,-50
121000083,526,210,316
121000084,317,153,164
121000085,412,861,-449
121000086,197,1111,-914
121000087,103,371,-268
121000088,561,927,-366
121000089,613,399,214
121000090,919,464,455
121000091,2358,1230,1128
121000092,191,143,48
121000093,154,255,-101
121000094,515,951,-436
121000095,481,617,-136
121000096,2837,3637,-800
121000097,1527,2577,-1050
121000098,622,1817,-1195
121000099,714,1238,-524
121000100,1080,813,267
121000101,379,351,28
121000102,253,414,-161
121000103,196,384,-188
121000104,322,230,92
121000105,413,334,79
121000106,278,513,-235
121000107,4309,5264,-955
121000109,2296,1455,841
121000110,434,1294,-860
121000114,4776,2809,1967
121000115,1564,1142,422
121000116,550,1322,-772
121000117,1201,411,790
121000118,1967,403,1564
121000119,471,569,-98
121000120,369,637,-268
121000121,749,1408,-659
121000123,2059,765,1294
121000127,410,220,190
121000128,1065,762,303
121000129,831,624,207
121000130,586,1390,-804
121000131,2630,2106,524
121000132,1731,1892,-161
121000135,327,378,-51
121000136,1846,580,1266
121000137,488,245,243
121000138,1518,1261,257
121000139,800,134,666
121000141,617,179,438
121000142,1516,966,550
121000143,98,24,74
121000144,1058,2181,-1123
121000145,977,1858,-881
121000146,2367,1459,908
121000147,1506,878,628
121000148,1566,1483,83
121000149,4673,1765,2908
121000152,794,1290,-496
121000153,2715,1366,1349
121000154,1342,2292,-950
121000155,2425,2154,271
121000156,520,2015,-1495
121000157,1737,4163,-2426
121000158,515,1405,-890
121000159,260,1183,-923
121000160,420,943,-523
121000161,279,470,-191
121000162,76,309,-233
121000165,2386,2096,290
121000166,37,1279,-1242
121000168,976,531,445
121000169,102,187,-85
121000170,599,513,86
121000171,73,224,-151
121000172,975,716,259
121000173,1759,1353,406
121000174,382,513,-131
121000175,1544,499,1045
121000176,603,284,319
121000177,2557,987,1570
121000178,181,42,139
121000179,210,57,153
121000181,492,884,-392
121000182,110,202,-92
121000183,67,58,9
121000184,155,55,100
121000185,82,192,-110
121000186,241,372,-131
121000187,219,333,-114
121000188,244,390,-146
121000192,1180,615,565
121000193,1016,728,288
121000194,4111,3254,857
121000195,971,1374,-403
121000196,2381,453,1928
121000197,757,1004,-247
121000198,1098,173,925
121000199,520,590,-70
121000200,1553,111,1442
121000201,28,288,-260
121000202,3854,133,3721
121000203,1148,2790,-1642
121000204,3405,967,2438
121000205,461,394,67
121000206,381,67,314
121000207,2571,607,1964
121000208,23,535,-512
121000209,397,568,-171
121000210,365,940,-575
121000211,414,207,207
121000212,372,1303,-931
121000213,12915,4708,8207
121000214,1123,5415,-4292
121000215,2235,1238,997
121000216,1148,1352,-204
121000217,10354,5706,4648
121000218,1272,2930,-1658
121000219,4562,677,3885
121000220,594,76,518
121000221,277,633,-356
121000222,4635,3365,1270
121000223,1494,387,1107
121000224,831,159,672
121000225,5420,1585,3835
121000226,15006,1736,13270
121000227,10,497,-487
121000228,43,1002,-959
121000229,440,681,-241
121000230,98,2447,-2349
121000231,1097,57,1040
121000232,636,503,133
121000233,1101,464,637
121000234,31,57,-26
121000235,69,75,-6
121000236,24,81,-57
121000237,47,7,40
121000238,10,107,-97
121000239,61,0,61
121000240,17,569,-552
121000241,89,12,77
121000242,82,303,-221
121000243,378,138,240
121000244,26,65,-39
121000245,119,16,103
121000246,2,139,-137
121000247,141,8,133
121000248,1281,1134,147
121000249,302,438,-136
121000250,1123,214,909
121000251,34,803,-769
121000252,158,111,47
121000253,931,832,99
121000254,1761,489,1272
121000255,536,240,296
121000256,998,235,763
121000257,139,99,40
121000258,439,88,351
121000259,154,48,106
121000260,473,208,265
121000261,528,51,477
121000262,1325,1765,-440
121000263,378,618,-240
121000271,446,2579,-2133
121000273,474,13,461
121000274,88,58,30
121000275,14,45,-31
121000276,12,42,-30
121000278,313,101,212
121000279,131,17,114
121000280,329,62,267
121000289,295,23,272
121000290,2116,967,1149
121000294,143,171,-28
121000297,1670,2230,-560
121000299,1102,388,714
121000300,984,690,294
121000302,128,1749,-1621
121000303,832,793,39
121000304,681,88,593
121000305,197,67,130
121000306,220,204,16
121000308,281,778,-497
121000309,744,812,-68
121000310,242,524,-282
121000311,120,1218,-1098
121000312,537,421,116
121000313,534,813,-279
121000314,191,217,-26
121000315,99,249,-150
121000530,1857,2204,-347
121000531,1698,2189,-491
121000532,7882,7405,477
121000533,3494,4312,-818
121000918,110,257,-147
121000919,84,74,10
121000938,298,763,-465
121000939,321,647,-326
121000956,1019,2338,-1319
121000957,16,15,1
121000958,750,50,700
121000959,991,1087,-96
121000960,3452,2727,725
121000961,243,176,67
121000962,614,2213,-1599
121000973,0,176,-176
121000976,31,277,-246
121000979,401,132,269
121000981,397,300,97
121000982,344,322,22
121000983,904,550,354
121000984,171,69,102
121000985,618,1283,-665
121000986,577,731,-154
121000987,381,2053,-1672
121000988,1269,259,1010
121001302,566,300,266
121001308,78,11,67
121001309,301,81,220
121001313,330,419,-89
121001314,4269,5292,-1023
121001315,6235,3641,2594
121001326,491,549,-58
121900001,110,237,-127
121900002,252,29,223
121900003,653,32,621
121900004,419,406,13
121900005,36,8,28
121900006,124,39,85
121900007,3002,3650,-648
121900008,916,185,731
121900009,656,19,637
121900010,263,1,262
121900011,288,445,-157
121900012,48,0,48
121900013,2433,98,2335
121900014,1977,595,1382
121900015,212,205,7
121900016,11,49,-38
121900017,608,722,-114
121900018,404,9,395
121900019,544,379,165
121900020,102,1,101
121900021,1510,22,1488
121900022,281,244,37
121900023,109,394,-285
121900024,546,147,399
121900025,770,541,229
121900026,520,39,481
121900027,393,110,283
121900028,394,28,366
121900029,141,208,-67
121900030,963,1318,-355
121900031,2223,13298,-11075
121900032,125,114,11
121900033,204,240,-36
121900034,1249,97,1152
121900035,3241,3347,-106
121900036,126,405,-279
121900037,193,707,-514
121900038,56,207,-151
121900039,637,72,565
121900040,47,76,-29
121900041,84,180,-96
121900042,403,195,208
121900043,4,8,-4
121900044,317,101,216
121900046,316,269,47
121900047,282,69,213
121900048,39,188,-149
121900050,35,30,5
121900051,212,207,5
121900052,129,38,91
121900053,433,786,-353
121900054,1173,1102,71
121900055,15,16,-1
121900058,673,297,376
121900059,498,212,286
121900060,125,469,-344
121900061,316,163,153
121900062,157,122,35
121900063,2691,359,2332
121900064,333,1023,-690
121900066,41,28,13
121900067,31,50,-19
121900069,199,161,38
121900070,641,139,502
121900071,259,357,-98
121900072,55,287,-232
121900073,366,277,89
121900074,747,1508,-761
121900075,1814,468,1346
121900076,1393,733,660
121900077,2,16,-14
121900078,98,43,55
121900079,0,0,0
121900080,1059,403,656
121900082,56,186,-130
121900084,7,271,-264
121900085,4,12,-8
121900086,34,39,-5
121900087,237,132,105
121900088,1986,3824,-1838
121900089,282,610,-328
121900090,16,176,-160
121900091,53,189,-136
121900092,72,68,4
121900093,96,118,-22
121900094,20,16,4
121900095,248,184,64
121900096,2224,787,1437
121900097,784,219,565
121900098,7,2,5
121900099,286,56,230
121900100,208,394,-186
121900101,181,156,25
121900102,4,147,-143
121900103,1057,243,814
121900104,1563,580,983
121900105,357,241,116
121900106,12,13,-1
121900107,49,21,28
121900108,3,30,-27
121900109,702,236,466
121900110,390,1559,-1169
121900111,1129,136,993
121900112,191,155,36
121900113,203,956,-753
121900114,50,115,-65
121900117,252,56,196
121900118,3890,807,3083
121900119,162,169,-7
121900120,53,2447,-2394
121900121,953,75,878
121900122,32,96,-64
121900123,269,798,-529
121900124,97,150,-53
121900125,1123,1676,-553
121900127,14,103,-89
121900128,98,121,-23
121900129,749,192,557
121900130,267,290,-23
121900131,368,69,299
121900132,74,111,-37
121900133,95,403,-308
121900134,43,150,-107
121900135,2998,322,2676
121900136,308,674,-366
121900137,55,483,-428
121900138,216,272,-56
121900139,682,743,-61
121900140,107,230,-123
121900141,99,18,81
121900142,143,149,-6
121900143,11,262,-251
121900144,213,351,-138
121900145,182,288,-106
121900146,1108,1008,100
121900147,88,253,-165
121900148,247,362,-115
121900149,635,973,-338
121900150,88,192,-104
121900151,67,345,-278
121900152,169,168,1
121900153,106,718,-612
121900154,14,312,-298
121900155,2,92,-90
121900156,225,96,129
121900157,8,661,-653
121900158,94,94,0
121900159,2,349,-347
121900160,23,334,-311
121900161,650,491,159
121900162,149,171,-22
121900163,254,785,-531
121900164,622,253,369
121900165,332,243,89
121900166,236,248,-12
121900167,231,144,87
121900168,292,230,62
121900169,12,379,-367
121900170,3,386,-383
121900171,621,765,-144
121900172,551,336,215
121900173,1478,319,1159
121900174,26,77,-51
121900175,753,172,581
121900176,964,2246,-1282
121900177,207,78,129
121900178,132,105,27
121900179,656,150,506
121900180,7195,4501,2694
121900182,2026,308,1718
121900183,625,1089,-464
121900184,70,737,-667
121900186,20,360,-340
121900187,29,169,-140
121900188,709,1012,-303
121900189,40,89,-49
121900190,686,818,-132
121900191,71,375,-304
121900192,599,958,-359
121900193,110,233,-123
121900194,4,177,-173
121900195,106,95,11
121900196,1644,1962,-318
121900197,607,2715,-2108
121900198,1328,2392,-1064
121900199,5,30,-25
121900200,394,308,86
121900201,1369,804,565
121900202,273,789,-516
121900203,240,1556,-1316
121900204,1341,2598,-1257
121900205,27,137,-110
121900206,9,13,-4
121900207,266,59,207
121900208,384,365,19
121900209,64,22,42
121900210,2702,1842,860
121900211,519,1641,-1122
121900212,200,138,62
121900213,122,163,-41
121900214,6,737,-731
121900215,60,70,-10
121900216,262,169,93
121900217,347,112,235
121900218,257,809,-552
121900220,147,22,125
121900221,468,846,-378
121900222,195,221,-26
121900223,325,85,240
121900224,110,81,29
121900225,651,115,536
121900226,301,443,-142
121900227,202,607,-405
121900228,356,583,-227
121900230,215,233,-18
121900231,431,965,-534
121900232,520,638,-118
121900233,360,302,58
121900234,516,456,60
121900235,573,335,238
121900236,382,202,180
121900237,299,302,-3
121900238,241,348,-107
121900239,196,46,150
121900240,214,145,69
121900241,55,85,-30
121900242,7,0,7
121900243,10,0,10
121900244,7,1,6
121900245,231,88,143
121900246,3627,635,2992
121900248,1730,1562,168
121900250,260,372,-112
121900251,319,70,249
121900252,638,202,436
121900253,231,1379,-1148
121900254,720,318,402
121900255,280,108,172
121900258,3800,2988,812
121900259,462,912,-450
121900260,168,250,-82
121900261,242,1179,-937
121900262,619,2477,-1858
121900263,194,681,-487
121900264,2856,2572,284
121900265,336,448,-112
121900266,266,248,18
121900267,88,31,57
121900269,280,792,-512
121900270,22,284,-262
121900271,37,187,-150
121900273,1332,3395,-2063
121900274,401,265,136
121900277,623,1516,-893
121900278,365,948,-583
121900279,185,248,-63
121900280,553,357,196
121900281,729,206,523
121900284,65,15,50
121900286,127,173,-46
121900287,11,25,-14
121900288,9,1,8
121900290,349,396,-47
121900291,674,940,-266
121900292,747,228,519
121900293,1381,4398,-3017
121900294,297,3,294
121900295,150,397,-247
121900296,238,79,159
121900298,927,907,20
121900299,0,0,0
121900300,21,1,20
121900301,75,0,75
121900302,1,47,-46
121900303,1128,530,598
121900304,32,9,23
121900305,2,1,1
121900306,115,0,115
121900307,19,3,16
121900308,24,323,-299
121900309,27,321,-294
121900310,53,532,-479
121900311,350,14,336
121900312,254,25,229
121900313,557,20,537
121900314,5,97,-92
121900315,27,0,27
121900316,0,41,-41
121900317,6,1,5
121900318,2,16,-14
121900319,20,202,-182
121900320,96,140,-44
121900321,5,1,4
121900322,1,37,-36
121900323,45,16,29
121900324,25,141,-116
121900325,12,1,11
121900326,2,12,-10
121900327,1,42,-41
121900328,1,9,-8
121900329,1,84,-83
121900330,0,41,-41
121900331,19,44,-25
121900332,91,89,2
121900333,57,3,54
121900334,371,110,261
122000001,3315,5984,-2669
122000002,7125,2571,4554
122000003,2711,2699,12
122000004,3913,2084,1829
122000005,4345,1862,2483
122000006,4068,971,3097
122000007,2429,2655,-226
122000008,8091,8503,-412
122000009,834,552,282
122000010,2949,5599,-2650
122000011,4208,1902,2306
122000012,2449,1773,676
122000013,6100,2281,3819
122000014,2817,4663,-1846
122000015,2572,1475,1097
122000016,1117,1126,-9
122000017,1575,1539,36
122000018,2001,1365,636
122000019,1376,2097,-721
122000020,193,259,-66
122000021,976,482,494
122000022,2570,2520,50
122000023,1074,5564,-4490
122000024,1734,1419,315
122000025,4402,1878,2524
122000026,2065,1179,886
122000027,808,9330,-8522
122000028,1010,651,359
122000029,918,478,440
122000030,420,212,208
122000031,390,466,-76
122000032,3549,6355,-2806
122000033,2284,1398,886
122000034,1977,937,1040
122000035,477,1913,-1436
122000036,1118,728,390
122000037,435,388,47
122000038,431,446,-15
122000039,885,845,40
122000040,382,1523,-1141
122000041,974,648,326
122000042,732,597,135
122000043,195,227,-32
122000044,179,347,-168
122000045,2811,727,2084
122000046,1556,2089,-533
122000047,637,343,294
122000048,5018,7918,-2900
122000049,8284,3211,5073
122000050,3439,949,2490
122000051,934,436,498
122000052,1173,388,785
122000053,350,778,-428
122000054,4105,2616,1489
122000055,5413,3625,1788
122000056,7214,6889,325
122000057,4697,4867,-170
122000058,6394,1418,4976
122000059,4748,2359,2389
122000060,1178,926,252
122000061,805,645,160
122000062,2575,401,2174
122000063,2277,1034,1243
122000064,7847,3296,4551
122000065,11088,3607,7481
122000066,2999,1284,1715
122000067,6205,1791,4414
122000068,2400,3281,-881
122000069,981,942,39
122000070,1125,10764,-9639
122000071,1649,3864,-2215
122000072,786,598,188
122000073,884,740,144
122000074,4729,2513,2216
122000075,774,3419,-2645
122000076,2638,1543,1095
122000077,2329,906,1423
122000078,3651,3156,495
122000079,2987,1248,1739
122000080,2453,550,1903
122000081,494,578,-84
122000082,1326,1032,294
122000083,1949,6249,-4300
122000084,1877,1289,588
122000085,402,5389,-4987
122000086,3260,10857,-7597
122000087,593,261,332
122000088,373,411,-38
122000089,13657,7328,6329
122000090,474,687,-213
122000091,1115,96,1019
122000092,605,28,577
122000093,5330,1168,4162
122000094,15002,2453,12549
122000095,5149,4721,428
122000096,3650,3275,375
122000098,4747,2248,2499
122000099,7865,937,6928
122000100,2154,1212,942
122000101,359,2471,-2112
122000102,2395,1375,1020
122000103,3576,1688,1888
122000104,511,241,270
122000105,649,379,270
122000106,729,683,46
122000107,1396,792,604
122000108,525,977,-452
122000109,504,776,-272
122000110,478,560,-82
122000111,4053,1419,2634
122000112,1255,2310,-1055
122000113,1245,1019,226
122000114,9431,2538,6893
122000115,2120,4276,-2156
122000116,571,669,-98
122000117,1626,506,1120
122000118,581,956,-375
122000119,3786,2623,1163
122000120,2687,4511,-1824
122000121,3424,3470,-46
122000122,971,1954,-983
122000123,2730,2605,125
122000124,1442,736,706
122000125,743,858,-115
122000126,831,1284,-453
122000127,1738,1347,391
122000128,987,1121,-134
122000129,690,2159,-1469
122000130,4120,1399,2721
122000131,1672,1579,93
122000132,892,690,202
122000133,1673,2859,-1186
122000134,904,892,12
122000135,925,926,-1
122000136,904,692,212
122000137,2041,1244,797
122000139,4267,6257,-1990
122000140,3558,809,2749
122000141,7528,1660,5868
122000142,1132,1014,118
122000143,697,503,194
122000144,2478,1728,750
122000145,4396,951,3445
122000146,1318,1304,14
122000147,1978,636,1342
122000148,4594,1561,3033
122000149,2366,2006,360
122000150,1967,1343,624
122000151,363,523,-160
122000152,583,496,87
122000153,585,395,190
122000154,453,310,143
122000155,1880,3747,-1867
122000156,1848,2488,-640
122000157,2938,1492,1446
122000158,796,820,-24
122000159,1872,2397,-525
122000160,4479,2824,1655
122000161,1222,1297,-75
122000162,2568,2471,97
122000163,282,80,202
122000164,22,69,-47
122000165,1006,866,140
122000166,2166,2059,107
122000167,287,247,40
122000168,297,773,-476
122000169,1026,242,784
122000170,423,368,55
122000171,53,81,-28
122000172,1685,2356,-671
122000173,1834,3161,-1327
122000174,4603,1233,3370
122000175,2016,531,1485
122000176,476,880,-404
122000177,2291,1881,410
122000178,4752,7282,-2530
122000179,2563,4092,-1529
122000180,2458,1987,471
122000181,3156,4797,-1641
122000182,2837,2367,470
122000183,2738,2253,485
122000184,2830,2576,254
122000185,1379,1509,-130
122000186,1063,962,101
122000187,4706,1570,3136
122000188,752,343,409
122000189,438,636,-198
122000190,2755,1691,1064
122000191,2295,1271,1024
122000192,1653,467,1186
122000193,629,711,-82
122000194,1724,343,1381
122000195,669,574,95
122000196,1156,745,411
122000197,652,680,-28
122000198,1181,919,262
122000199,929,543,386
122000200,2897,1435,1462
122000201,1535,1684,-149
122000202,1610,1304,306
122000203,3739,1699,2040
122000204,2052,2758,-706
122000205,1883,2831,-948
122000206,3527,1058,2469
122000207,2404,1702,702
122000208,6338,2143,4195
122000209,6467,618,5849
122000210,4656,2371,2285
122000211,4199,1313,2886
122000212,1487,666,821
122000213,2039,1960,79
122000214,3223,3112,111
122000215,2746,2034,712
122000217,4327,1625,2702
122000218,1707,238,1469
122000219,2320,1418,902
122000220,516,888,-372
122000221,176,887,-711
122000222,842,231,611
122000223,1989,549,1440
122000225,1464,368,1096
122000226,2318,3209,-891
122000227,616,6366,-5750
122000228,546,475,71
122000229,27,705,-678
122000230,70,949,-879
122000231,367,1038,-671
122000232,844,1571,-727
122000233,2,118,-116
122000234,422,328,94
122000235,886,242,644
122000236,1036,221,815
122000237,99,116,-17
122000238,320,472,-152
122000239,619,159,460
122000240,1565,422,1143
122000241,1754,607,1147
122000242,743,142,601
122000243,375,116,259
122000244,59,654,-595
122000245,153,484,-331
122000246,364,314,50
122000247,741,1267,-526
122000248,1975,3067,-1092
122000249,1026,1162,-136
122000250,2325,1819,506
122000251,400,454,-54
122000252,673,147,526
122000253,109,572,-463
122000254,239,131,108
122000255,1013,2378,-1365
122000256,544,2544,-2000
122000257,136,552,-416
122000258,262,380,-118
122000259,24,796,-772
122000260,6,127,-121
122000261,12,392,-380
122000262,0,97,-97
122000263,313,156,157
122000264,2516,712,1804
122000265,6092,1208,4884
122000266,12899,974,11925
122000267,125,146,-21
122000268,301,556,-255
122000269,2138,404,1734
122000270,3920,223,3697
122000271,1003,1519,-516
122000272,466,1526,-1060
122000273,697,643,54
122000274,309,230,79
122000275,67,330,-263
122000276,824,801,23
122000277,1469,1951,-482
122000278,1519,1269,250
122000279,252,607,-355
122000280,1339,936,403
122000281,1177,1061,116
122000282,191,225,-34
122000283,420,96,324
122000284,239,115,124
122000285,501,125,376
122000286,162,226,-64
122000287,1280,2032,-752
122000288,568,399,169
122000291,1812,886,926
122000293,547,336,211
122000294,165,347,-182
122000295,2542,348,2194
122000296,79,1034,-955
122000297,4293,3952,341
122000299,439,643,-204
122000300,746,866,-120
122000301,21613,3895,17718
122000302,1326,1765,-439
122000303,6786,1778,5008
122000304,124,369,-245
122000305,1242,929,313
122000306,39,1130,-1091
122000307,199,235,-36
122000309,182,106,76
122000310,83,114,-31
122000311,487,330,157
122000312,310,138,172
122000313,90,44,46
122000314,230,373,-143
122000315,350,16,334
122000316,814,332,482
122000317,1478,406,1072
122000318,352,1057,-705
122000319,401,960,-559
122000320,536,3672,-3136
122000321,251,404,-153
122000322,3228,6183,-2955
122000323,2268,3771,-1503
122000324,2342,2733,-391
122000325,1267,2140,-873
122000326,65,208,-143
122000327,717,1001,-284
122000328,2460,987,1473
122000330,3169,894,2275
122000332,297,207,90
122000333,9,274,-265
122000337,1051,2594,-1543
122000338,483,501,-18
122000340,955,447,508
122000342,4318,1537,2781
122000343,650,2314,-1664
122000344,75,32,43
122000345,17,58,-41
122000346,328,865,-537
122000348,703,930,-227
122000349,179,1001,-822
122000351,168,363,-195
122000352,398,202,196
122000353,112,168,-56
122000355,195,211,-16
122000356,5130,1096,4034
122000357,76,20,56
122000358,1,89,-88
122000359,0,42,-42
122000360,1,34,-33
122000362,7,142,-135
122000364,144,533,-389
122000365,2,55,-53
122000366,8,6,2
122000368,796,866,-70
122000370,22,64,-42
122000371,26,3,23
122000372,12,3,9
122000381,52,556,-504
122000382,93,385,-292
122000384,9178,3580,5598
122000385,62,2,60
122000386,2874,2044,830
122000387,2557,625,1932
122000388,7482,796,6686
122000389,593,787,-194
122000390,1405,322,1083
122000391,791,173,618
122000392,246,303,-57
122000393,85,200,-115
122000394,724,406,318
122000395,228,253,-25
122000396,527,199,328
122000397,78,164,-86
122000398,83,136,-53
122000399,204,66,138
122000400,465,490,-25
122000401,201,152,49
122000402,316,236,80
122000403,723,1612,-889
122000404,176,468,-292
122000408,1072,2189,-1117
122000503,16,264,-248
122000524,233,111,122
122000544,151,8184,-8033
122000616,385,3,382
122000640,74,224,-150
122000641,86,553,-467
122000642,1469,1523,-54
122000643,50,292,-242
122000644,232,19,213
122000645,134,594,-460
122000651,4905,973,3932
122000664,379,44,335
122000665,1302,688,614
122000666,958,1782,-824
122000673,47,572,-525
122000674,157,81,76
122000675,2542,2277,265
122000686,578,1741,-1163
122000687,3954,521,3433
122000688,249,1106,-857
122000689,1111,906,205
122000690,1467,812,655
122000691,465,3901,-3436
122000692,1501,463,1038
122000693,525,2454,-1929
122000695,306,911,-605
122000696,346,505,-159
122000698,311,1369,-1058
122000699,212,104,108
122000701,1713,561,1152
122000702,747,2941,-2194
122000703,206,153,53
122000712,0,0,0
122000717,373,97,276
122000718,1177,2122,-945
122000719,393,128,265
122000720,379,469,-90
122000724,338,486,-148
122900001,40,11,29
122900002,2066,6841,-4775
122900003,516,35,481
122900004,901,40,861
122900005,77,53,24
122900006,915,361,554
122900007,266,33,233
122900008,720,80,640
122900009,1233,693,540
122900010,273,249,24
122900012,259,372,-113
122900014,236,410,-174
122900015,3405,895,2510
122900016,198,424,-226
122900017,1185,1164,21
122900018,554,17,537
122900019,7,219,-212
122900020,578,485,93
122900021,113,999,-886
122900022,648,1324,-676
122900024,213,204,9
122900025,13,201,-188
122900026,225,424,-199
122900027,106,1258,-1152
122900028,194,206,-12
122900029,6560,4606,1954
122900030,2080,621,1459
122900031,357,286,71
122900032,156,408,-252
122900033,316,195,121
122900034,5360,12411,-7051
122900035,89,9,80
122900036,101,487,-386
122900037,919,185,734
122900038,365,5008,-4643
122900039,85,635,-550
122900040,713,356,357
122900041,258,213,45
122900042,247,336,-89
122900043,1135,247,888
122900044,175,485,-310
122900045,131,97,34
122900046,137,97,40
122900047,1008,285,723
122900048,55,460,-405
122900049,2290,161,2129
122900051,137,148,-11
122900052,116,233,-117
122900053,28,35,-7
122900055,591,148,443
122900057,590,34,556
122900061,510,213,297
122900062,484,604,-120
122900063,229,503,-274
122900064,1327,688,639
122900065,645,70,575
122900066,733,489,244
122900067,2201,1009,1192
122900069,469,1804,-1335
122900070,411,66,345
122900071,180,603,-423
122900072,10,475,-465
122900073,41,424,-383
122900074,758,922,-164
122900075,0,132,-132
122900076,10,337,-327
122900077,0,185,-185
122900078,147,160,-13
122900080,98,27,71
122900081,814,192,622
122900082,1166,270,896
122900083,239,183,56
122900084,7,336,-329
122900086,12,51,-39
122900087,177,475,-298
122900088,84,106,-22
122900089,35,151,-116
122900090,8,1039,-1031
122900091,191,1,190
122900092,1,398,-397
122900093,1,458,-457
122900094,6,353,-347
122900095,199,8,191
122900096,301,318,-17
122900097,49,37,12
122900098,98,180,-82
122900099,64,6,58
122900100,483,264,219
122900101,1910,454,1456
122900102,15,19,-4
122900103,142,16,126
122900104,93,1,92
122900105,16,5,11
122900106,1,132,-131
122900107,13,336,-323
122900108,14,351,-337
122900109,418,369,49
123000001,3576,627,2949
123000002,9030,4491,4539
123000003,5578,5877,-299
123000004,4422,7080,-2658
123000005,3757,5377,-1620
123000006,4064,4604,-540
123000007,4758,4734,24
123000008,4026,5547,-1521
123000009,7800,4508,3292
123000010,5302,5134,168
123000011,12046,1332,10714
123000012,2899,3701,-802
123000013,6449,1360,5089
123000014,2734,6136,-3402
123000015,6888,1365,5523
123000016,9386,5290,4096
123000017,4452,1730,2722
123000018,67,157,-90
123000019,181,423,-242
123000020,121,185,-64
123000021,44,241,-197
123000022,544,2758,-2214
123000023,1989,1771,218
123000024,2654,890,1764
123000025,436,190,246
123000026,22,168,-146
123000027,457,385,72
123000028,1285,246,1039
123000029,1558,497,1061
123000030,729,822,-93
123000031,145,510,-365
123000032,330,480,-150
123000033,711,119,592
123000034,1377,1182,195
123000035,339,532,-193
123000036,325,1243,-918
123000037,272,351,-79
123000038,154,351,-197
123000039,682,1420,-738
123000040,1796,456,1340
123000041,2543,1051,1492
123000042,2362,602,1760
123000043,5694,9552,-3858
123000044,8195,2823,5372
123000045,14578,3339,11239
123000046,1621,1564,57
123000047,3823,1968,1855
123000048,83,594,-511
123000049,10016,9094,922
123000050,1302,1987,-685
123000051,111,321,-210
123000052,866,4570,-3704
123000053,2600,4736,-2136
123000054,1889,1687,202
123000055,1232,2335,-1103
123000056,2130,2661,-531
123000057,25070,9306,15764
123000058,1101,1200,-99
123000059,534,683,-149
123000060,1095,502,593
123000061,215,1163,-948
123000063,1005,1262,-257
123000064,1244,354,890
123000065,11292,5737,5555
123000066,1458,1479,-21
123000067,1006,800,206
123000068,4994,5478,-484
123000069,9000,5838,3162
123000070,345,1212,-867
123000071,927,1690,-763
123000072,1114,2205,-1091
123000073,1544,1356,188
123000074,1470,3126,-1656
123000075,600,1510,-910
123000076,864,1486,-622
123000077,3190,4917,-1727
123000078,1641,3008,-1367
123000079,1786,3263,-1477
123000080,3048,3427,-379
123000081,222,910,-688
123000082,507,1728,-1221
123000083,1363,258,1105
123000084,856,1296,-440
123000085,213,174,39
123000086,491,453,38
123000087,465,618,-153
123000088,1599,1579,20
123000089,687,2453,-1766
123000090,1885,1922,-37
123000091,2339,2650,-311
123000092,1638,2081,-443
123000094,746,439,307
123000095,540,1232,-692
123000096,748,707,41
123000097,616,1531,-915
123000098,757,983,-226
123000099,686,1337,-651
123000100,546,884,-338
123000101,785,927,-142
123000102,895,886,9
123000104,463,686,-223
123000105,813,758,55
123000106,678,716,-38
123000107,532,973,-441
123000108,937,2286,-1349
123000111,942,493,449
123000112,1172,993,179
123000113,877,2752,-1875
123000114,909,1060,-151
123000115,318,520,-202
123000116,53,317,-264
123000117,2395,3737,-1342
123000118,596,1341,-745
123000119,365,1552,-1187
123000120,674,1416,-742
123000121,767,839,-72
123000122,625,299,326
123000123,748,917,-169
123000124,798,721,77
123000125,1817,1697,120
123000126,2809,3924,-1115
123000127,1680,1182,498
123000128,481,634,-153
123000129,723,367,356
123000130,614,127,487
123000131,1127,1024,103
123000132,632,892,-260
123000133,551,688,-137
123000134,680,403,277
123000135,2157,1979,178
123000136,297,1632,-1335
123000137,148,535,-387
123000138,212,696,-484
123000139,885,266,619
123000140,161,998,-837
123000141,1163,187,976
123000142,1460,1596,-136
123000143,2911,4101,-1190
123000144,57,37,20
123000145,401,106,295
123000146,133,137,-4
123000147,204,209,-5
123000149,522,557,-35
123000150,533,408,125
123000151,485,676,-191
123000152,132,547,-415
123000153,290,979,-689
123000154,2942,3713,-771
123000155,3523,1238,2285
123000156,87,193,-106
123000157,871,1136,-265
123000158,907,1388,-481
123000159,6784,3318,3466
123000160,1216,1011,205
123000161,1830,1755,75
123000162,964,2156,-1192
123000163,396,95,301
123000164,1519,394,1125
123000165,404,2477,-2073
123000166,43,222,-179
123000167,171,485,-314
123000168,254,458,-204
123000169,914,160,754
123000170,107,516,-409
123000171,563,48,515
123000172,217,979,-762
123000173,783,326,457
123000174,1172,483,689
123000175,1033,1780,-747
123000176,962,298,664
123000177,369,1314,-945
123000178,1205,201,1004
123000179,58,1021,-963
123000180,1843,491,1352
123000181,628,2381,-1753
123000182,355,696,-341
123000183,250,755,-505
123000184,88,1113,-1025
123000185,498,739,-241
123000186,4,881,-877
123000187,547,19,528
123000188,402,3,399
123000189,235,275,-40
123000190,74,100,-26
123000192,20,513,-493
123000193,62,1043,-981
123000194,671,542,129
123000195,313,34,279
123000196,327,77,250
123000197,86,164,-78
123000198,34,321,-287
123000199,10,821,-811
123000200,505,18,487
123000201,846,44,802
123000202,29,1619,-1590
123000203,866,68,798
123000204,89,1519,-1430
123000205,642,2862,-2220
123000206,1838,291,1547
123000207,153,1309,-1156
123000208,850,148,702
123000209,2668,582,2086
123000210,628,2511,-1883
123000211,645,3658,-3013
123000212,3131,473,2658
123000213,835,59,776
123000215,329,276,53
123000216,280,1061,-781
123000217,230,68,162
123000218,133,744,-611
123000219,1517,112,1405
123000220,770,116,654
123000221,259,154,105
123000222,516,663,-147
123000223,238,841,-603
123000224,563,1041,-478
123000225,281,156,125
123000226,77,411,-334
123000227,103,495,-392
123000228,243,109,134
123000229,2161,2897,-736
123000232,117,970,-853
123000233,1031,235,796
123000234,233,1046,-813
123000235,862,441,421
123000236,312,1301,-989
123000237,388,94,294
123000238,103,970,-867
123000239,742,2608,-1866
123000240,85,547,-462
123000241,1767,221,1546
123000242,165,213,-48
123000243,1010,1273,-263
123000244,1279,850,429
123000245,137,221,-84
123000249,810,1660,-850
123000252,1285,323,962
123000253,1132,616,516
123000254,734,1474,-740
123000255,1349,1065,284
123000256,51,305,-254
123000257,5098,3709,1389
123000258,1297,1712,-415
123000259,393,567,-174
123000260,537,868,-331
123000261,172,245,-73
123000262,155,373,-218
123000263,471,172,299
123000264,251,80,171
123000265,57,296,-239
123000266,691,1095,-404
123000267,526,481,45
123000268,75,111,-36
123000269,34,66,-32
123000270,45,69,-24
123000271,175,85,90
123000272,1236,408,828
123000273,415,762,-347
123000274,1757,738,1019
123000275,420,1514,-1094
123000278,5134,4041,1093
123000279,171,220,-49
123000280,612,550,62
123000281,550,156,394
123000282,272,453,-181
123000283,154,84,70
123000284,90,191,-101
123000286,439,397,42
123000287,883,362,521
123000288,2336,998,1338
123000289,1015,1345,-330
123000291,464,1172,-708
123000294,452,431,21
123000295,1232,1190,42
123000296,568,408,160
123000297,651,1713,-1062
123000298,676,1017,-341
123000299,61,464,-403
123000300,1222,1256,-34
123000301,190,327,-137
123000302,96,352,-256
123000303,381,111,270
123000305,1786,1355,431
123000306,127,371,-244
123000309,68,86,-18
123000310,137,48,89
123000311,0,137,-137
123000312,1524,1409,115
123000313,548,601,-53
123000315,59,545,-486
123000316,4114,441,3673
123000317,337,81,256
123000318,72,398,-326
123000329,37,30,7
123000337,586,392,194
123000338,814,105,709
123000339,214,366,-152
123000340,266,832,-566
123000342,29,244,-215
123000343,237,5,232
123000344,1674,711,963
123000345,445,914,-469
123000346,468,123,345
123000352,3059,1144,1915
123000353,36,288,-252
123000354,556,57,499
123000355,0,820,-820
123000356,247,5,242
123000357,0,406,-406
123000359,4,261,-257
123000360,213,109,104
123000361,943,408,535
123000362,448,144,304
123000363,117,221,-104
123000364,1082,597,485
123000365,18,498,-480
123000366,425,2521,-2096
123000367,360,1899,-1539
123000370,62,401,-339
123000371,430,46,384
123000372,314,30,284
123000373,18,608,-590
123000374,4,294,-290
123000375,248,46,202
123000376,1485,1045,440
123000377,359,22,337
123000378,18,541,-523
123000379,1,310,-309
123000380,124,466,-342
123000381,426,56,370
123000382,1597,122,1475
123000383,373,1543,-1170
123000384,1074,104,970
123000385,671,1081,-410
123000436,156,1567,-1411
123000507,265,941,-676
123000508,258,878,-620
123000517,372,33,339
123000518,46,432,-386
123000519,177,129,48
123000520,96,281,-185
123000521,444,161,283
123000522,198,683,-485
123000541,0,5,-5
123000542,0,50,-50
123000565,639,80,559
123000566,212,1262,-1050
123000567,186,407,-221
123000573,43,1388,-1345
123000574,642,108,534
123000575,1572,1593,-21
123000576,747,3571,-2824
123000577,208,1258,-1050
123000578,1183,82,1101
123000579,6345,6657,-312
123000580,103,17,86
123000582,526,38,488
123000583,25,669,-644
123000584,240,528,-288
123000585,0,210,-210
123000586,112,0,112
123000596,221,219,2
123000597,67,232,-165
123000602,50,1,49
123000603,577,1347,-770
123000604,692,1603,-911
123000605,1742,47,1695
123000606,0,532,-532
123000609,28,516,-488
123000610,252,157,95
123000613,73,384,-311
123000614,222,49,173
123000615,65,411,-346
123000616,466,78,388
123000617,119,675,-556
123000618,111,939,-828
123000619,907,33,874
123000620,22,856,-834
123000622,321,14,307
123000624,142,124,18
123000630,977,605,372
123000631,382,3583,-3201
123000632,1864,1773,91
123000633,3,792,-789
123000634,203,163,40
123000635,423,178,245
123000636,41,1202,-1161
123000637,198,56,142
123000638,749,158,591
123000639,1333,4243,-2910
123000640,44,1546,-1502
123000648,552,120,432
123000649,49,914,-865
123900001,2017,84,1933
123900002,57,1734,-1677
123900003,567,979,-412
123900005,496,180,316
123900006,692,86,606
124000001,2191,140,2051
124000002,179,2807,-2628
124000003,714,193,521
124000004,85,1024,-939
124000005,1165,483,682
124000006,342,1933,-1591
124000007,832,119,713
124000008,21,870,-849
124000009,704,361,343
124000010,187,800,-613
124000011,2261,398,1863
124000012,686,899,-213
124000017,247,179,68
124000018,161,161,0
124000019,188,161,27
124000020,54,285,-231
124000021,293,66,227
124000022,107,294,-187
124000023,2268,1868,400
124000024,1521,962,559
124000025,1352,2214,-862
124000026,1469,1404,65
124000027,4746,5592,-846
124000028,3476,5471,-1995
124000030,3737,1524,2213
124000031,1722,3015,-1293
124000032,8773,1632,7141
124000033,1262,1022,240
124000034,3310,1662,1648
124000035,360,171,189
124000036,214,927,-713
124000037,459,1103,-644
124000038,50,174,-124
124000039,1240,494,746
124000040,752,1117,-365
124000041,432,200,232
124000042,74,556,-482
124000043,165,212,-47
124000044,55,429,-374
124000045,769,846,-77
124000046,384,1310,-926
124000047,1487,1298,189
124000048,1165,2562,-1397
124000049,1777,941,836
124000050,817,3173,-2356
124000051,836,762,74
124000052,748,1778,-1030
124000053,626,1635,-1009
124000054,1068,998,70
124000055,1486,2638,-1152
124000056,5939,2035,3904
124000057,948,704,244
124000058,633,2067,-1434
124000059,624,1114,-490
124000060,1552,1330,222
124000061,1912,5081,-3169
124000062,11078,2705,8373
124000063,1849,2990,-1141
124000064,4223,2554,1669
124000065,592,484,108
124000066,563,98,465
124000067,180,270,-90
124000068,103,204,-101
124000069,633,335,298
124000070,230,640,-410
124000071,347,151,196
124000072,290,596,-306
124000073,1111,165,946
124000074,270,989,-719
124000075,247,64,183
124000076,7,282,-275
124000077,2941,960,1981
124000078,2941,1599,1342
124000079,813,1444,-631
124000080,489,206,283
124000081,237,1208,-971
124000082,69,204,-135
124000083,88,267,-179
124000084,75,397,-322
124000085,125,88,37
124000086,118,161,-43
124000087,190,159,31
124000088,335,573,-238
124000089,560,398,162
124000090,230,591,-361
124000091,767,142,625
124000092,358,1020,-662
124000093,135,120,15
124000094,151,712,-561
124000095,63,96,-33
124000096,152,436,-284
124000097,124,204,-80
124000098,64,227,-163
124000099,255,167,88
124000100,89,131,-42
124000101,99,141,-42
124000102,158,156,2
124000103,92,134,-42
124000104,227,191,36
124000105,82,131,-49
124000106,327,187,140
124000107,20,211,-191
124000108,97,82,15
124000109,127,117,10
124000110,311,250,61
124000111,340,217,123
124000112,757,1170,-413
124000113,79,113,-34
124000114,278,737,-459
124000115,632,1024,-392
124000116,111,174,-63
124000117,194,186,8
124000118,89,97,-8
124000119,3046,946,2100
124000120,1697,847,850
124000121,3265,2213,1052
124000122,805,1707,-902
124000123,1125,740,385
124000124,388,1045,-657
124000125,509,572,-63
124000126,306,711,-405
124000127,1019,542,477
124000128,973,1614,-641
124000129,2146,1717,429
124000130,1135,923,212
124000131,1593,675,918
124000132,1759,1291,468
124000133,1186,1177,9
124000134,967,1130,-163
124000135,1891,2083,-192
124000136,1142,1498,-356
124000137,1844,844,1000
124000138,2304,1538,766
124000139,1280,81,1199
124000140,32,534,-502
124000141,603,43,560
124000142,68,852,-784
124000143,85,18,67
124000144,9,261,-252
124000145,66,50,16
124000146,12,146,-134
124000148,36,128,-92
124000149,1190,503,687
124000150,414,777,-363
124000151,905,528,377
124000152,1165,1820,-655
124000153,636,791,-155
124000154,385,1161,-776
124000155,1310,1204,106
124000156,2319,1287,1032
124000169,501,998,-497
124000170,1350,633,717
124000171,500,479,21
124000172,746,874,-128
124000173,606,519,87
124000174,535,1092,-557
124000175,4,144,-140
124000176,60,19,41
124000177,15,34,-19
124000178,36,32,4
124000185,38,318,-280
124000186,0,7,-7
124000187,0,4,-4
124000188,0,0,0
124000190,581,144,437
124000191,2235,193,2042
124000192,4882,550,4332
124000193,1165,1673,-508
124000194,806,945,-139
124000195,337,797,-460
124000196,1903,1617,286
124000197,49,87,-38
124000198,20,49,-29
124000201,290,1474,-1184
124000202,525,237,288
124000203,241,1584,-1343
124000204,533,793,-260
124000205,49,922,-873
124000206,459,513,-54
124000207,0,53,-53
124000209,403,1016,-613
124000210,364,215,149
124000211,502,0,502
124000212,3,708,-705
124000213,228,618,-390
124000214,261,937,-676
124000215,350,19,331
124000216,1,736,-735
124000329,140,3513,-3373
124000338,95,1812,-1717
124000339,664,114,550
124000341,1236,92,1144
124000344,73,21,52
124000357,974,4329,-3355
124000358,884,2401,-1517
124000359,1110,1039,71
124000360,606,874,-268
124000361,2998,1074,1924
124000362,2457,3408,-951
124000363,344,505,-161
124000364,830,1165,-335
124000365,1044,1246,-202
124000366,2916,929,1987
124000367,229,1180,-951
124000368,596,368,228
124000369,236,189,47
124000370,170,1209,-1039
124000402,27,11,16
124000403,103,12,91
124000404,13,187,-174
124000405,1140,995,145
124000406,2133,1457,676
124000407,9,47,-38
124000411,15,497,-482
124000412,466,15,451
124000413,1288,63,1225
124000414,87,166,-79
124000415,60,297,-237
124000416,207,525,-318
124000417,145,170,-25
124000418,120,210,-90
124000419,93,283,-190
124000420,81,132,-51
124000421,59,434,-375
124000422,57,19,38
124000423,242,94,148
124000424,5,208,-203
124000425,143,35,108
124000426,7,306,-299
124000427,115,15,100
124000428,101,62,39
124000429,52,81,-29
124000430,972,1015,-43
124000431,860,1233,-373
124000432,194,1490,-1296
124000439,2,20,-18
124000443,0,7,-7
124000445,807,2800,-1993
124000446,4555,206,4349
124000447,32,258,-226
124000448,581,78,503
124000449,40,13,27
124000450,130,460,-330
124000451,11,245,-234
124900001,459,432,27
124900002,201,585,-384
124900003,996,769,227
124900004,567,456,111
124900005,328,338,-10
124900006,597,553,44
124900008,1747,655,1092
124900009,140,273,-133
124900010,138,76,62
124900011,485,383,102
124900012,489,131,358
124900013,479,185,294
124900014,311,145,166
124900015,279,325,-46
124900016,79,97,-18
124900017,725,1104,-379
124900018,59,19,40
124900020,63,73,-10
124900021,213,52,161
124900022,111,24,87
124900024,223,68,155
124900026,378,13,365
124900027,131,363,-232
124900028,882,217,665
124900029,9,567,-558
124900030,9,205,-196
124900031,38,446,-408
124900032,271,260,11
124900033,108,498,-390
124900034,2,127,-125
124900035,247,649,-402
124900036,0,40,-40
124900037,215,610,-395
124900038,315,489,-174
124900039,1,35,-34
124900040,197,130,67
124900041,307,1755,-1448
124900042,84,0,84
124900043,564,1592,-1028
124900044,193,2,191
124900045,761,1122,-361
124900047,139,257,-118
124900048,190,255,-65
124900050,209,474,-265
124900052,214,403,-189
124900053,102,449,-347
124900054,4399,547,3852
124900055,4,127,-123
124900057,10,114,-104
124900060,78,335,-257
124900061,50,9,41
124900062,92,26,66
124900066,0,10,-10
124900067,6,273,-267
124900068,244,508,-264
124900070,60,48,12
124900072,89,46,43
124900075,217,269,-52
124900076,38,1015,-977
124900077,21,183,-162
124900078,80,12,68
124900079,1361,270,1091
124900080,305,1097,-792
124900081,1048,306,742
124900082,460,1502,-1042
124900083,235,750,-515
124900085,1218,326,892
124900086,77,1318,-1241
124900087,716,92,624
124900088,703,113,590
124900089,2032,47,1985
124900090,246,320,-74
124900091,426,799,-373
124900092,320,576,-256
124900093,384,250,134
124900094,311,438,-127
124900095,111,530,-419
124900096,844,293,551
124900097,280,92,188
124900098,138,582,-444
124900099,725,585,140
124900100,228,113,115
124900101,70,273,-203
124900102,199,73,126
124900103,245,466,-221
124900104,86,404,-318
124900105,93,215,-122
124900106,387,68,319
124900107,80,30,50
124900108,250,61,189
124900111,0,115,-115
124900112,83,854,-771
124900113,160,284,-124
124900114,299,178,121
124900115,58,51,7
124900116,189,178,11
124900117,1248,166,1082
124900118,265,273,-8
124900119,388,193,195
124900120,52,566,-514
124900121,132,348,-216
124900122,722,280,442
124900123,530,130,400
124900124,189,380,-191
204000001,105,21,84
204000002,62,13,49
204000003,57,4,53
204000004,7,0,7
204000005,812,1038,-226
204000006,1590,3651,-2061
204000012,92,203,-111
204000019,673,785,-112
204000020,884,1227,-343
204000021,3036,1233,1803
204000022,532,695,-163
204000023,620,1601,-981
204000031,182,31,151
204000032,898,77,821
204000034,33,296,-263
204000035,9,5,4
204000036,12,16,-4
204000037,4,23,-19
204000038,1,26,-25
204000039,1,27,-26
204000040,7,37,-30
204000041,12,36,-24
204000042,69,22,47
204000043,70,1,69
204000044,36,8,28
204000045,45,10,35
204000046,15,1,14
204000057,3,20,-17
204000062,34,158,-124
204000068,154,405,-251
204000069,50,413,-363
204000070,132,242,-110
204000080,62,95,-33
204000085,2066,2581,-515
204000086,4380,3549,831
204000087,76,24,52
204000088,8,120,-112
204000090,62,548,-486
204000093,224,160,64
204000096,1105,1513,-408
204000097,373,218,155
204000099,1151,2478,-1327
204000100,1260,2353,-1093
204000105,2638,2519,119
204000110,963,1763,-800
204000111,725,1152,-427
204000112,1258,1221,37
204000113,750,1391,-641
204000114,1078,838,240
204000115,886,547,339
204000116,1133,814,319
204000119,2408,3733,-1325
204000132,601,481,120
204000133,919,539,380
204000134,243,231,12
204000135,937,230,707
204000136,599,428,171
204000138,444,768,-324
204000140,263,223,40
204000141,245,109,136
204000144,17,60,-43
204000145,683,57,626
204000146,22,495,-473
204000147,164,353,-189
204000148,634,70,564
204000154,12,1,11
204000155,6,14,-8
204000177,110,135,-25
204000179,18,23,-5
204000180,0,49,-49
204000222,6,6,0
204000235,10,16,-6
204000236,76,440,-364
204000238,8,60,-52
204000240,509,83,426
204000263,866,1813,-947
204000268,1396,1291,105
204000308,345,63,282
204000317,16,114,-98
204000322,7,64,-57
204000323,27,36,-9
204000328,200,200,0
204000329,133,276,-143
204000330,421,262,159
204000331,195,233,-38
205000001,1314,2239,-925
205000013,15,72,-57
205000014,21,107,-86
205000015,46,261,-215
205000016,20,229,-209
205000017,44,131,-87
205000022,486,1027,-541
205000025,2242,1527,715
205000029,334,6,328
205000045,363,370,-7
205000046,144,834,-690
205000047,56,716,-660
205000048,365,1742,-1377
205000049,174,1189,-1015
205000050,1760,426,1334
205000059,2,310,-308
205000060,2,143,-141
205000061,5,49,-44
205000062,11,43,-32
205000063,20,224,-204
205000064,35,226,-191
205000065,42,753,-711
205000066,103,1053,-950
205000067,26,1358,-1332
205000069,198,42,156
205000082,176,804,-628
205000110,105,365,-260
205000111,252,396,-144
205000112,171,273,-102
205000113,272,388,-116
205000121,316,292,24
205000123,62,312,-250
205000126,551,452,99
205000127,984,780,204
205000128,810,508,302
205000129,893,507,386
205000130,1686,153,1533
205000131,1662,53,1609
205000132,2450,7,2443
205000133,2361,2,2359
205000134,801,1,800
205000137,94,164,-70
205000138,216,358,-142
205000139,47,172,-125
205000144,85,134,-49
205000145,279,577,-298
205000151,180,158,22
205000152,174,152,22
205000153,241,182,59
205000154,92,195,-103
205000155,238,78,160
205000207,6,223,-217
205000233,166,42,124
205000234,0,1,-1
205000243,0,0,0
205000244,2,2,0
205000245,27,460,-433
205000249,1,55,-54
205000250,3,1,2
205000264,6,130,-124
206000027,12,1,11
206000028,4,3,1
206000043,22,160,-138
206000053,5,19,-14
206000054,4,37,-33
206000055,1,29,-28
206000075,3,8,-5
206000076,28,16,12
206000077,24,5,19
206000078,21,8,13
206000079,12,7,5
206000082,893,48,845
206000100,143,1100,-957
206000103,0,0,0
206000104,9,30,-21
206000105,23,24,-1
206000106,10,33,-23
206000125,71,0,71
206000157,44,571,-527
206000170,1,185,-184
206000171,2,260,-258
206000172,6,1057,-1051
206000173,3,431,-428
206000174,10,140,-130
206000175,1,197,-196
206000176,24,311,-287
206000177,5,239,-234
206000178,6,206,-200
206000179,26,94,-68
206000180,22,264,-242
206000181,9,437,-428
206000182,18,353,-335
206000183,25,1274,-1249
206000184,3,441,-438
206000185,8,373,-365
206000186,134,1864,-1730
206000223,18,173,-155
206000226,16,6,10
206000227,13,1,12
206000237,69,598,-529
206000238,52,807,-755
206000239,591,2605,-2014
206000240,122,205,-83
206000241,0,214,-214
206000242,22,399,-377
206000243,17,388,-371
206000244,97,1118,-1021
206000245,498,65,433
206000246,114,19,95
206000247,112,14,98
206000248,703,23,680
206000252,135,44,91
206000258,61,166,-105
206000315,25,9,16
206000317,602,133,469
206000318,384,66,318
206000319,777,161,616
206000320,66,58,8
206000321,93,15,78
206000322,318,16,302
206000323,125,10,115
206000324,109,7,102
206000325,270,27,243
206000326,464,13,451
206000327,770,11,759
206000328,84,10,74
206000329,152,7,145
206000330,23,6,17
206000331,105,3,102
206000332,28,13,15
206000333,379,3,376
206000334,229,0,229
206000335,0,53,-53
206000361,29,626,-597
206000392,2,26,-24
206000405,158,0,158
206000441,36,21,15
206000498,94,9,85
206000515,187,35,152
206000530,122,79,43
206000531,305,181,124
206000532,4108,310,3798
206000535,379,3453,-3074
206000536,23,275,-252
206000537,17,201,-184
206000613,1866,314,1552
206000784,711,33,678
207000001,253,745,-492
207000002,138,431,-293
207000003,199,299,-100
207000007,855,342,513
207000008,48,18,30
207000009,85,41,44
207000010,608,687,-79
207000012,339,342,-3
207000015,404,2209,-1805
207000019,371,135,236
207000021,866,211,655
207000022,181,177,4
207000023,226,103,123
207000024,10,30,-20
207000025,72,124,-52
207000026,219,51,168
207000027,41,106,-65
207000028,76,284,-208
207000029,345,625,-280
207000033,388,453,-65
207000034,385,130,255
207000039,361,263,98
207000040,256,206,50
207000041,61,43,18
207000042,305,96,209
207000043,367,229,138
207000051,133,379,-246
207000052,26,266,-240
207000053,610,1020,-410
207000054,85,216,-131
207000055,221,240,-19
207000056,411,553,-142
207000057,185,416,-231
207000058,206,589,-383
207000059,146,1050,-904
207000060,139,427,-288
207000061,349,412,-63
207000062,297,57,240
207000063,296,199,97
207000064,540,204,336
207000065,339,300,39
207000066,199,257,-58
207000067,122,221,-99
207000068,188,97,91
207000069,820,531,289
207000082,20,476,-456
207000083,116,560,-444
207000084,252,356,-104
207000085,190,12,178
207000086,199,6,193
207000106,25,27,-2
207000107,60,30,30
207000108,72,26,46
207000109,57,11,46
207000110,53,101,-48
207000111,54,110,-56
207000112,492,653,-161
207000114,26,55,-29
207000115,18,102,-84
207000116,14,472,-458
207000117,9,154,-145
207000118,7,122,-115
207000119,52,126,-74
207000123,172,41,131
207000124,94,30,64
207000125,69,98,-29
207000126,63,97,-34
207000134,39,250,-211
207000135,44,405,-361
207000148,71,317,-246
207000149,101,54,47
207000152,223,520,-297
207000153,1398,1521,-123
207000154,602,221,381
207000159,120,310,-190
207000160,234,731,-497
207000238,1,224,-223
207000242,9,321,-312
207000248,38,32,6
207000249,282,44,238
207000250,1520,99,1421
207000251,171,94,77
207000252,76,86,-10
207000278,114,135,-21
207000279,26,281,-255
207000280,412,94,318
207000281,107,1720,-1613
207000282,275,84,191
207000283,193,410,-217
207000284,99,180,-81
207000285,246,86,160
207000291,16,145,-129
207000304,254,113,141
207000306,80,610,-530
207000310,66,93,-27
207000353,364,7,357
207000356,30,38,-8
207000357,55,24,31
207000358,4,37,-33
207000415,3,341,-338
207000417,44,5,39
207000418,142,230,-88
207000438,0,1,-1
207000439,1223,755,468
207000446,183,3,180
207000460,15,16,-1
207000466,307,179,128
207000467,231,193,38
207000468,81,557,-476
207000476,6,129,-123
207000477,604,164,440
207000478,3,42,-39
207000523,5,39,-34
207000524,89,0,89
207000527,113,244,-131
207000530,314,10,304
207000531,275,18,257
207000532,77,20,57
207000534,907,81,826
207000535,62,453,-391
207000537,36,157,-121
207000540,17,376,-359
207000541,1,461,-460
207000548,11,448,-437
207000549,315,19,296
207000561,207,165,42
207000562,81,322,-241
207000567,252,364,-112
207000568,145,152,-7
207000569,360,1453,-1093
207000584,553,331,222
207000585,126,331,-205
207000587,99,29,70
207000616,0,252,-252
207000617,145,1,144
207000624,101,47,54
207000631,4,71,-67
207900008,138,162,-24
208000001,694,1494,-800
208000002,849,917,-68
208000003,1691,1071,620
208000004,2387,1395,992
208000005,30,25,5
208000019,594,1341,-747
208000020,205,735,-530
208000021,255,752,-497
208000022,992,994,-2
208000028,1896,1309,587
208000033,572,1215,-643
208000034,1811,3175,-1364
208000037,727,59,668
208000040,142,235,-93
208000041,1035,684,351
208000042,1337,869,468
208000047,215,720,-505
208000064,3382,2650,732
208000066,2146,3028,-882
208000070,475,637,-162
208000071,532,1419,-887
208000072,449,1979,-1530
208000080,343,686,-343
208000081,405,345,60
208000082,404,436,-32
208000083,230,562,-332
208000084,148,31,117
208000085,1977,781,1196
208000086,971,1220,-249
208000087,518,991,-473
208000089,1174,1222,-48
208000090,990,1682,-692
208000093,142,256,-114
208000094,726,988,-262
208000095,1043,679,364
208000104,1164,1813,-649
208000105,793,1876,-1083
208000114,158,436,-278
208000115,628,521,107
208000116,697,1326,-629
208000117,127,189,-62
208000118,131,148,-17
208000155,1019,1227,-208
208000158,2253,4555,-2302
208000186,4131,5075,-944
208000204,818,1664,-846
208000205,1437,2149,-712
208000282,5789,3145,2644
209000004,282,423,-141
209000005,46,52,-6
209000006,896,231,665
209000007,765,395,370
209000010,1094,256,838
209000011,417,407,10
209000012,192,403,-211
209000013,311,758,-447
209000014,932,1875,-943
209000025,521,84,437
209000026,925,188,737
209000027,589,1607,-1018
209000028,696,1508,-812
209000029,2058,1374,684
209000030,1545,2618,-1073
209000031,5901,3900,2001
209000034,296,440,-144
209000035,170,274,-104
209000036,397,210,187
209000037,258,484,-226
209000038,120,337,-217
209000039,99,298,-199
209000040,432,799,-367
209000041,249,598,-349
209000042,303,589,-286
209000043,979,1075,-96
209000044,264,1099,-835
209000045,1842,516,1326
209000046,562,583,-21
209000047,660,302,358
209000048,1122,289,833
209000049,109,208,-99
209000050,237,384,-147
209000051,381,631,-250
209000052,236,580,-344
209000062,57,259,-202
209000063,61,203,-142
209000064,31,226,-195
209000065,60,85,-25
209000066,62,87,-25
209000067,76,127,-51
209000080,29,412,-383
209000082,132,102,30
209000091,81,167,-86
209000093,113,39,74
209000094,300,257,43
209000110,89,160,-71
209000111,530,2631,-2101
209000112,1093,1113,-20
209000113,4663,1094,3569
209000114,535,693,-158
209000115,167,270,-103
209000116,1199,1024,175
209000118,129,99,30
209000119,165,18,147
209000121,267,1071,-804
209000135,104,231,-127
209000142,1124,3222,-2098
209000143,398,232,166
209000144,221,160,61
209000229,293,200,93
209000240,66,669,-603
209000259,174,221,-47
209000260,74,1510,-1436
209000261,2,729,-727
209000262,4,659,-655
209000263,1,214,-213
209000264,0,117,-117
209000265,367,0,367
209000266,80,1,79
209000267,597,8,589
209000268,881,45,836
210000037,102,50,52
210000047,100,43,57
210000048,79,74,5
210000049,89,53,36
210000052,42,222,-180
210000053,32,124,-92
210000054,90,137,-47
210000070,112,2,110
210000071,70,0,70
210000072,34,0,34
210000073,0,70,-70
210000074,1,229,-228
210000075,0,127,-127
210000076,6,217,-211
210000077,152,60,92
210000078,106,50,56
210000079,218,30,188
210000080,677,88,589
210000081,351,16,335
210000082,344,5,339
210000083,196,1,195
210000084,66,0,66
210000085,0,133,-133
210000086,1,206,-205
210000099,54,505,-451
210000100,86,478,-392
210000101,113,492,-379
210000105,60,532,-472
210000159,2,330,-328
210000163,265,424,-159
210000164,531,276,255
210000168,349,32,317
210000187,0,15,-15
210000188,0,26,-26
210000214,49,0,49
210000219,24,103,-79
210000220,78,99,-21
210000232,2,21,-19
210000233,37,122,-85
210000234,36,270,-234
210000235,72,196,-124
210000245,0,71,-71
210000246,42,3,39
210000258,14,163,-149
210000259,421,55,366
210000282,117,422,-305
210000285,1,165,-164
210000286,13,202,-189
210000290,9,11,-2
210000295,60,385,-325
210000296,133,127,6
210000320,171,132,39
210000321,108,99,9
210000338,346,136,210
210000339,693,1911,-1218
210000340,183,853,-670
210000341,297,553,-256
210000342,206,401,-195
210000343,422,333,89
210000344,1016,236,780
210000345,370,478,-108
210000346,188,195,-7
210000347,506,57,449
210000348,351,23,328
210000349,436,31,405
210000350,136,92,44
210000351,158,180,-22
210000352,86,187,-101
210000353,53,227,-174
210000354,67,205,-138
210000355,151,213,-62
210000356,252,122,130
210000357,197,101,96
210000358,745,243,502
210000359,398,127,271
210000360,378,138,240
210000361,236,189,47
210000362,331,351,-20
210000363,1174,306,868
210000364,197,226,-29
210000365,197,147,50
210000366,172,126,46
210000367,105,44,61
210000368,208,62,146
210000369,131,20,111
210000370,153,105,48
210000372,152,69,83
210000373,229,43,186
210000374,156,18,138
210000375,45,189,-144
210000376,214,278,-64
210000404,101,314,-213
210000439,44,81,-37
210000472,223,15,208
210000482,150,135,15
210000564,618,377,241
210000567,2,52,-50
210000568,998,5,993
211000092,29,71,-42
211000094,19,13,6
211000169,384,11,373
211000172,28,411,-383
211000209,1,38,-37
211000226,22,49,-27
211000270,39,23,16
211000275,26,30,-4
211000276,141,36,105
211000279,22,59,-37
211000281,39,47,-8
211000302,35,145,-110
211507980,1,59,-58
211977296,83,7,76
212000003,356,172,184
212000004,381,35,346
212000005,72,57,15
212000006,123,168,-45
212000008,193,278,-85
212000009,38,232,-194
212000012,88,101,-13
212000013,29,91,-62
212000014,335,198,137
212000015,381,345,36
212000016,532,654,-122
212000027,525,922,-397
212000028,328,858,-530
212000029,237,712,-475
212000030,32,60,-28
212000031,62,108,-46
212000048,41,202,-161
212000049,26,171,-145
212000050,20,5,15
212000051,190,304,-114
212000052,173,514,-341
212000053,358,672,-314
212000054,163,306,-143
212000055,191,524,-333
212000056,10,92,-82
212000057,19,66,-47
212000058,691,59,632
212000070,146,437,-291
212000077,158,1128,-970
212000099,329,590,-261
212000108,436,389,47
212000111,240,232,8
212000120,279,169,110
212000138,382,45,337
212000156,19,254,-235
212000158,8,23,-15
212000159,330,90,240
212000160,469,523,-54
212000161,122,27,95
212000310,37,18,19
212000311,8,161,-153
212000374,39,7,32
213000001,59,707,-648
213000005,488,230,258
213000006,1442,337,1105
213000007,304,21,283
213000009,769,683,86
213000010,183,368,-185
213000011,349,208,141
213000012,203,495,-292
213000014,63,9,54
213000015,209,13,196
213000016,410,2,408
213000017,100,1,99
213000018,3,255,-252
213000019,1,229,-228
213000020,112,543,-431
213000021,5,149,-144
213000023,311,319,-8
213000033,306,1713,-1407
213000034,754,516,238
213000035,106,585,-479
213000045,136,342,-206
213000046,260,265,-5
213000047,800,1280,-480
213000056,143,184,-41
213000069,325,4,321
213000073,4,28,-24
213000074,174,774,-600
213000075,748,8,740
213000076,58,11,47
213000085,5,42,-37
213000086,29,302,-273
213000091,115,15,100
213000092,55,18,37
213000099,261,1331,-1070
213000100,1715,386,1329
213000101,270,149,121
213000102,346,351,-5
213000103,1081,1079,2
213000104,66,538,-472
213000105,4,147,-143
213000106,40,300,-260
213000107,208,1012,-804
213000108,50,866,-816
213000109,8,383,-375
213000110,11,141,-130
213000111,18,90,-72
213000112,260,172,88
213000115,41,10,31
213000116,69,1235,-1166
213000117,18,1642,-1624
213000118,438,540,-102
213000119,87,1443,-1356
213000120,122,1276,-1154
213000122,543,1133,-590
213000123,1032,2148,-1116
213000124,124,1613,-1489
213000125,150,7,143
213000126,84,104,-20
213000127,226,212,14
213000128,964,1155,-191
213000129,519,906,-387
213000130,365,494,-129
213000132,256,186,70
213000133,394,122,272
213000134,1128,23,1105
213000136,378,33,345
213000137,647,171,476
213000139,677,66,611
213000147,211,5,206
213000148,119,5,114
213000149,247,10,237
213000150,0,111,-111
213000151,6,135,-129
213000152,12,81,-69
213000153,4,77,-73
213000154,42,359,-317
213000155,20,531,-511
213000156,94,1209,-1115
213000157,1336,553,783
213000158,356,1067,-711
213000159,416,1104,-688
213000163,429,112,317
213000165,557,346,211
213000171,0,144,-144
213000172,2,390,-388
213000173,2,274,-272
213000174,2,190,-188
213000175,7,107,-100
213000176,22,47,-25
213000177,64,5,59
213000178,103,4,99
213000179,122,1,121
213000180,119,0,119
213000184,117,823,-706
213000188,353,110,243
213000189,267,53,214
213000190,1010,1552,-542
213000191,255,750,-495
213000192,216,826,-610
213000193,3178,256,2922
213000194,1,45,-44
213000195,16,649,-633
213000196,300,1371,-1071
213000197,316,1445,-1129
213000198,134,5,129
213000200,157,1562,-1405
213000201,150,62,88
213000202,31,1461,-1430
213000203,5212,1008,4204
213000204,674,183,491
213000205,207,267,-60
213000206,539,254,285
213000207,380,48,332
213000208,276,4,272
213000209,313,6,307
213000210,1467,20,1447
213000211,106,17,89
213000212,116,25,91
213000213,74,45,29
213000218,383,1086,-703
213000219,642,26,616
213000220,698,15,683
213000223,511,318,193
213000224,128,80,48
213000225,121,20,101
213000226,132,19,113
213000227,1024,485,539
213000228,321,192,129
213000229,501,67,434
213000230,586,122,464
213000232,163,1005,-842
213000233,15,44,-29
213000234,3,51,-48
213000293,64,59,5
213000294,342,32,310
213000295,96,89,7
213000296,68,23,45
213000297,9,162,-153
213000298,27,112,-85
213000299,51,70,-19
213000300,20,6,14
213000303,8,41,-33
213000304,10,14,-4
213000305,9,7,2
213000306,318,47,271
213000307,1226,109,1117
213000308,114,360,-246
213000309,224,65,159
213000310,226,134,92
213000311,390,968,-578
213000315,140,209,-69
213000316,107,69,38
213000322,96,175,-79
213000323,61,111,-50
213000324,37,46,-9
213000325,15,100,-85
213000326,39,22,17
213000327,6,33,-27
213000328,6,205,-199
213000329,55,71,-16
213000340,174,1354,-1180
213000341,450,159,291
213000346,231,189,42
213000347,1176,406,770
213000348,25,207,-182
213000349,25,8,17
213000350,395,2095,-1700
213000366,74,543,-469
213000367,177,70,107
213000379,157,130,27
213000386,13,312,-299
213000406,97,692,-595
213000417,1628,635,993
213000425,114,70,44
213000426,95,153,-58
213000427,82,439,-357
213000428,50,226,-176
213000429,22,4,18
213000430,126,1246,-1120
213000431,31,5,26
213000432,0,42,-42
213000433,24,235,-211
213000434,107,153,-46
213000435,48,174,-126
213000436,16,116,-100
213000437,0,10,-10
213000438,124,95,29
213000439,79,23,56
213000440,7,417,-410
213000441,1,1,0
213000442,0,36,-36
213000443,525,817,-292
213000444,42,81,-39
213000445,1,140,-139
213000446,1,14,-13
213000447,14,119,-105
213000448,7,126,-119
213000449,208,7,201
213000450,30,74,-44
213000451,180,105,75
213000452,13,35,-22
213000453,55,439,-384
213000455,505,4,501
213000456,3,297,-294
213000481,26,29,-3
213000482,57,9,48
213000489,629,200,429
213000491,1,308,-307
213000492,1313,3,1310
213000493,0,328,-328
213000494,117,161,-44
213000495,1,203,-202
213000496,255,376,-121
213000497,86,400,-314
213000498,82,275,-193
213000499,161,791,-630
213000500,362,81,281
213000501,84,31,53
213000502,596,95,501
213000503,3,67,-64
213000504,7,268,-261
213000505,12,31,-19
213000506,0,6,-6
213000507,5,134,-129
213900244,33,2,31
213900245,0,54,-54
218000003,100,30,70
218000004,54,53,1
218000005,122,67,55
218000006,118,47,71
218000007,25,16,9
218000012,571,370,201
218000013,145,167,-22
218000014,547,522,25
218000019,867,944,-77
218000020,372,954,-582
218000021,25,79,-54
218000022,25,49,-24
218000023,9,50,-41
218000024,1,28,-27
218000025,8,49,-41
218000026,7,82,-75
218000027,5,17,-12
218000028,2,4,-2
218000029,9,3,6
218000030,20,32,-12
218000031,5,66,-61
218000032,1,44,-43
218000040,12,3,9
218000046,76,162,-86
218000047,50,257,-207
218000048,91,243,-152
218000049,131,233,-102
218000050,331,402,-71
218000051,77,421,-344
218000052,1,176,-175
218000053,19,11,8
218000054,19,53,-34
218000055,5,22,-17
218000056,42,39,3
218000057,1,67,-66
218000064,3,20,-17
218000065,73,117,-44
218000066,11,135,-124
218000067,30,157,-127
218000068,112,117,-5
218000069,124,243,-119
218000070,187,453,-266
218000071,199,352,-153
218000072,354,354,0
218000078,1019,1913,-894
218000079,74,94,-20
218000080,75,133,-58
218000081,306,344,-38
218000082,34,192,-158
218000083,53,86,-33
218000084,112,246,-134
218000085,123,614,-491
218000086,51,265,-214
218000087,204,313,-109
218000090,10,121,-111
218000091,1251,892,359
218000092,101,270,-169
218000093,152,95,57
218000094,751,995,-244
218000099,406,751,-345
218000100,262,380,-118
218000101,277,194,83
218000102,387,351,36
218000103,76,249,-173
218000104,120,41,79
218000105,64,21,43
218000106,19,15,4
218000107,78,107,-29
218000108,10,65,-55
218000112,119,25,94
218000117,72,112,-40
218000134,716,1360,-644
218000135,136,250,-114
218000136,342,117,225
218000137,262,118,144
218000138,62,130,-68
218000139,217,415,-198
218000140,402,289,113
218000141,125,64,61
218000142,197,237,-40
218000143,181,246,-65
218000144,121,131,-10
218000145,366,465,-99
218000146,55,216,-161
218000151,53,37,16
218000152,196,73,123
218000153,0,0,0
218000154,0,2,-2
218000155,1,0,1
218000156,4,3,1
218000157,1,0,1
218000158,3,1,2
218000159,0,0,0
218000160,0,3,-3
218000161,6,2,4
218000162,13,1,12
218000163,4,3,1
218000164,19,8,11
218000165,35,30,5
218000170,0,63,-63
218000171,74,24,50
218000172,34,18,16
218000173,76,20,56
218000174,93,13,80
218000176,203,61,142
218000177,299,283,16
218000178,87,216,-129
218000179,60,133,-73
218000180,68,50,18
218000181,186,89,97
218000187,7,16,-9
218000188,58,61,-3
218000189,38,59,-21
218000190,7,21,-14
218000191,122,81,41
218000192,212,480,-268
218000193,522,659,-137
218000194,137,568,-431
218000195,148,109,39
218000196,334,461,-127
218000197,230,496,-266
218000198,24,197,-173
218000199,102,42,60
218000200,137,42,95
218000201,22,7,15
218000202,381,401,-20
218000207,27,98,-71
218000208,119,74,45
218000211,110,22,88
218000212,1,4,-3
218000213,198,140,58
218000214,10,55,-45
218000215,61,114,-53
218000217,11,286,-275
218000218,221,192,29
218000219,304,58,246
218000220,477,374,103
218000221,4161,282,3879
218000222,94,39,55
218000223,63,354,-291
218000224,13,115,-102
218000225,182,42,140
218000226,143,93,50
218000230,0,9,-9
218000232,40,202,-162
218000239,231,9,222
218000240,21,5,16
218000241,71,0,71
218000242,141,5,136
218000243,63,1,62
218000244,106,3,103
218000245,25,0,25
218000246,9,0,9
218000247,0,0,0
218000248,0,27,-27
218000249,1,4,-3
218000250,19,16,3
218000251,4,26,-22
218000252,5,40,-35
218000253,3,38,-35
218000254,1,31,-30
218000255,3,19,-16
218000256,11,96,-85
218000267,1242,1563,-321
218000268,11,81,-70
218000269,9,24,-15
218000270,68,89,-21
218000271,48,107,-59
218000273,15,18,-3
218000274,12,14,-2
218000275,14,64,-50
218000276,2,58,-56
218000278,73,37,36
218000279,72,105,-33
218000280,10,78,-68
218000281,35,11,24
218000282,867,533,334
218000284,170,34,136
218000301,134,137,-3
218000302,137,52,85
218000303,53,73,-20
218000316,844,2197,-1353
218000317,972,2217,-1245
218000318,407,1550,-1143
218000319,1500,2580,-1080
218000320,1040,1239,-199
218000338,227,23,204
218000345,269,58,211
218000346,187,291,-104
218000459,52,474,-422
218000490,168,63,105
218000501,104,82,22
218000502,55,169,-114
218000503,109,38,71
218000504,262,36,226
218000505,81,263,-182
218000506,54,354,-300
218000508,2,10,-8
218000510,254,20,234
218000520,160,168,-8
218000521,11,80,-69
218000522,0,166,-166
218000523,318,9,309
218000524,38,301,-263
218000525,177,24,153
218000526,51,146,-95
218000529,46,419,-373
218000530,4,3,1
218000531,9,41,-32
218000532,65,35,30
218000534,124,27,97
218000537,38,99,-61
218000538,146,143,3
218000540,529,93,436
218000543,156,61,95
218000544,110,145,-35
218000545,87,70,17
218000546,59,146,-87
218000547,82,128,-46
218000548,152,239,-87
218000549,378,246,132
218000550,371,597,-226
218000551,217,835,-618
218000552,584,49,535
218000553,89,148,-59
218000554,36,36,0
218000555,57,65,-8
218000556,175,594,-419
218000557,231,326,-95
218000558,170,1,169
218000559,0,52,-52
218000560,0,24,-24
218000561,41,0,41
218000562,60,289,-229
218000563,324,29,295
218000564,25,110,-85
218000565,241,27,214
218000566,336,61,275
218000567,5,62,-57
218000568,37,3,34
218000569,25,181,-156
218000570,129,9,120
218000571,1,136,-135
218000572,178,18,160
218000573,30,157,-127
218000574,120,82,38
218000575,232,1,231
218000576,0,63,-63
218000577,484,7,477
218000578,0,81,-81
218000579,74,99,-25
218000581,11,93,-82
218000582,113,10,103
218000583,6,2,4
218000584,0,39,-39
218000585,39,6,33
218000586,7,39,-32
218000587,45,2,43
218000588,1,7,-6
218000589,0,4,-4
218000590,3,0,3
218000591,3,7,-4
218000592,11,0,11
218000593,19,3,16
218000594,7,0,7
218000596,0,0,0
218000597,1,0,1
218000598,0,0,0
218000599,0,0,0
218000600,3,0,3
218000601,1,0,1
218000602,2,10,-8
218000603,1,4,-3
218000604,17,0,17
218000605,0,51,-51
218000606,218,1,217
218000607,7,56,-49
218000608,87,19,68
218000609,2,51,-49
218000610,227,4,223
218000611,85,0,85
218000612,5,30,-25
218000613,57,4,53
218000614,1,31,-30
218000615,371,1,370
218000616,9,121,-112
218000617,62,6,56
218000618,1,35,-34
218000619,49,39,10
218000620,4,15,-11
218000621,0,12,-12
218000622,0,23,-23
218000623,103,3,100
218000624,20,22,-2
218000625,25,2,23
218000626,0,10,-10
218000628,116,42,74
218000631,91,44,47
218000632,0,104,-104
218000633,134,5,129
218000634,28,23,5
218000635,35,21,14
218000636,1024,2413,-1389
218000637,714,1104,-390
218000638,89,109,-20
218000639,22,259,-237
218000640,195,30,165
218000641,97,437,-340
218000652,87,164,-77
218000653,193,74,119
218000663,11,208,-197
218000675,150,48,102
218000676,3,32,-29
218000677,1,5,-4
218000680,223,753,-530
218000681,427,344,83
218000691,171,537,-366
218000693,145,298,-153
218000703,15,94,-79
218000718,773,891,-118
218000719,1262,325,937
218000720,12,147,-135
218000721,111,29,82
218000725,7,5,2
218001147,1,555,-554
218001214,25,34,-9
218001258,139,3,136
218001329,177,266,-89
218001330,295,108,187
218001351,56,24,32
218001352,28,23,5
218001353,28,14,14
218001354,19,42,-23
218001355,46,677,-631
218001356,169,5,164
218001357,45,493,-448
218001358,198,18,180
218001361,137,25,112
218001362,1,452,-451
219000001,29,106,-77
219000002,82,97,-15
219000003,44,31,13
219000004,80,67,13
219000017,675,43,632
219000020,143,52,91
219000022,164,2,162
219000023,107,0,107
219000029,0,169,-169
219000034,144,40,104
219000039,64,80,-16
219000040,100,40,60
219000041,217,70,147
219000051,0,44,-44
219000052,0,13,-13
219000053,0,234,-234
219000054,33,172,-139
219000055,161,13,148
219000056,98,2,96
219000057,259,1,258
219000062,40,242,-202
219000063,141,19,122
219000064,2,134,-132
219000110,334,75,259
219000111,112,47,65
219000112,211,70,141
219000113,176,94,82
219000114,281,142,139
219000116,70,48,22
219000117,119,107,12
219000118,180,66,114
219000123,394,136,258
219000124,175,105,70
219000125,17,23,-6
219000126,116,148,-32
219000127,1,12,-11
219000128,11,128,-117
219000129,30,218,-188
219000130,989,1085,-96
219000131,1293,1089,204
219000133,81,59,22
219000134,19,17,2
219000135,66,60,6
219000136,141,273,-132
219000138,80,23,57
219000139,33,68,-35
219000140,62,5,57
219000141,18,163,-145
219000142,32,177,-145
219000143,43,178,-135
219000145,22,140,-118
219000146,5,77,-72
219000147,3,67,-64
219000148,7,58,-51
219000149,17,184,-167
219000150,2,180,-178
219000151,2,93,-91
219000157,320,232,88
219000158,192,421,-229
219000161,311,26,285
219000163,2082,649,1433
219000166,231,256,-25
219000167,99,306,-207
219000168,455,189,266
219000174,566,129,437
219000175,69,3,66
219000176,44,12,32
219000177,29,3,26
219000178,39,2,37
219000179,10,8,2
219000180,45,32,13
219000182,128,20,108
219000183,45,44,1
219000184,98,27,71
219000185,1,107,-106
219000186,52,118,-66
219000187,13,160,-147
219000189,170,228,-58
219000190,183,361,-178
219000191,2365,1816,549
219000192,237,195,42
219000193,598,231,367
219000195,0,98,-98
219000196,16,159,-143
219000198,30,214,-184
219000199,131,395,-264
219000200,54,354,-300
219000201,117,338,-221
219000203,50,194,-144
219000204,228,294,-66
219000205,95,242,-147
219000207,320,409,-89
219000209,58,131,-73
219000210,402,227,175
219000213,26,358,-332
219000239,273,399,-126
219000240,378,465,-87
219000241,121,427,-306
219000242,89,365,-276
219000243,161,514,-353
219000244,58,137,-79
219000245,93,79,14
219000246,138,39,99
219000247,92,50,42
219000248,817,365,452
219000249,240,104,136
219000250,222,135,87
219000251,611,214,397
219000252,356,171,185
219000253,337,73,264
219000255,155,163,-8
219000256,185,117,68
219000257,337,3,334
219000262,100,309,-209
219000263,59,349,-290
219000267,2,245,-243
219000268,3,9,-6
219000269,30,21,9
219000270,21,1,20
219000271,195,31,164
219000278,0,8,-8
219000279,2,7,-5
219000283,0,26,-26
219000295,13,144,-131
219000296,105,745,-640
219000297,25,261,-236
219000298,19,312,-293
219000299,504,155,349
219000300,26,437,-411
219000301,367,556,-189
219000302,51,354,-303
219000307,54,64,-10
219000308,58,53,5
219000311,243,70,173
219000312,645,96,549
219000313,327,54,273
219000314,92,815,-723
219000315,227,74,153
219000316,497,77,420
219000317,76,13,63
219000320,1,70,-69
219000321,0,23,-23
219000323,6,80,-74
219000325,1,33,-32
219000326,81,177,-96
219000327,81,56,25
219000328,57,74,-17
219000329,301,207,94
219000330,46,46,0
219000331,96,28,68
219000332,83,125,-42
219000333,16,4,12
219000335,136,7,129
219000337,24,0,24
219000338,233,2,231
219000344,63,130,-67
219000345,66,108,-42
219000346,84,260,-176
219000348,152,239,-87
219000349,64,345,-281
219000350,75,218,-143
219000351,22,5,17
219000352,259,80,179
219000353,113,77,36
219000354,127,242,-115
219000355,161,72,89
219000356,2745,1267,1478
219000363,366,78,288
219000364,114,57,57
219000365,162,31,131
219000366,317,599,-282
219000368,655,534,121
219000370,1719,472,1247
219000371,22,37,-15
219000382,21,27,-6
219000383,1144,1211,-67
219000385,735,754,-19
219000386,1228,2100,-872
219000387,13,9,4
219000390,29,15,14
219000391,12,0,12
219000397,101,105,-4
219000398,56,55,1
219000401,7,169,-162
219000402,38,160,-122
219000403,174,312,-138
219000404,26,153,-127
219000407,4,40,-36
219000409,44,69,-25
219000410,94,45,49
219000411,77,22,55
219000446,243,551,-308
219000447,2,48,-46
219000448,11,46,-35
219000452,250,85,165
219000453,151,220,-69
219000454,613,303,310
219000556,320,103,217
219000558,236,390,-154
219000590,49,225,-176
219000591,69,93,-24
219000592,190,533,-343
219000595,3,35,-32
219000635,220,124,96
219000636,38,197,-159
219000657,24,18,6
219000658,30,68,-38
219000673,0,15,-15
219000676,131,8,123
219000679,189,22,167
219000684,150,1,149
219000685,4,107,-103
219000686,2,21,-19
219000688,0,126,-126
219000689,28,428,-400
219000690,244,38,206
219000691,67,293,-226
219000692,163,30,133
219000693,0,29,-29
219000694,6,0,6
219000695,10,7,3
219000698,114,0,114
219000699,0,19,-19
219000727,1,233,-232
219000728,143,5,138
219000770,47,8,39
219000771,1,38,-37
219000788,572,289,283
219001150,1,24,-23
219001151,6,7,-1
219001166,68,16,52
219001167,1,155,-154
219001178,82,0,82
220000001,155,97,58
220000002,29,232,-203
220000003,810,391,419
220000004,1464,817,647
220000005,1993,1859,134
220000006,304,1302,-998
220000007,436,829,-393
220000008,467,1661,-1194
220000009,402,781,-379
220000010,431,380,51
220000011,1419,5529,-4110
220000012,123,790,-667
220000014,241,63,178
220000015,292,282,10
220000017,60,514,-454
220000018,8653,4367,4286
220000019,197,407,-210
220000020,615,391,224
220000021,604,268,336
220000022,652,718,-66
220000023,291,207,84
220000024,2264,479,1785
220000025,1439,1064,375
220000026,325,216,109
220000027,25,144,-119
220000028,74,63,11
220000029,131,349,-218
220000030,222,134,88
220000031,484,560,-76
220000064,29,1098,-1069
221000046,8,0,8
221000047,0,0,0
221000048,0,7,-7
221000049,0,13,-13
221000050,19,0,19
221000055,65,49,16
221000057,43,14,29
221000068,343,191,152
221000069,433,91,342
221000070,217,32,185
221000071,114,13,101
221000072,364,17,347
221000073,185,73,112
221000074,2,28,-26
221000075,27,23,4
221000076,21,57,-36
221000077,45,127,-82
221000081,47,5,42
221000082,56,10,46
221000083,82,10,72
221000084,14,1,13
221000085,21,115,-94
221000086,33,155,-122
221000087,8,219,-211
221000088,18,260,-242
221000089,47,385,-338
221000090,170,662,-492
221000098,134,32,102
221000099,201,19,182
221000100,102,6,96
221000101,296,28,268
221000102,158,25,133
221000109,12,111,-99
221000110,10,132,-122
221000111,34,304,-270
221000112,6,242,-236
221000113,19,259,-240
221000114,7,246,-239
221000120,32,38,-6
221000121,4,34,-30
221000122,79,40,39
221000123,17,30,-13
221000124,108,282,-174
221000155,83,14,69
221000156,122,44,78
221000175,4,21,-17
221000176,5,2,3
221000182,83,13,70
221000241,854,333,521
221000242,203,627,-424
221000243,843,180,663
221000244,281,665,-384
221000245,261,166,95
221000246,53,387,-334
221000247,154,198,-44
221000248,351,261,90
221000267,138,1024,-886
221000325,81,88,-7
221000331,36,142,-106
221000338,127,57,70
221000378,264,41,223
221000381,117,122,-5
222000282,28,3,25
222000296,13,35,-22
222000568,378,15,363
222000569,236,25,211
222000570,174,12,162
222000571,459,13,446
222000577,11,300,-289
222000578,28,231,-203
222000579,38,173,-135
222000580,118,1208,-1090
222000599,0,170,-170
222000600,1,396,-395
222000601,9,1215,-1206
222000603,33,24,9
222000604,19,48,-29
222000605,39,47,-8
222000606,2,7,-5
222000607,26,7,19
222000608,65,15,50
222000609,69,404,-335
222000616,229,54,175
222000617,46,18,28
222000618,27,5,22
222000620,83,10,73
222000621,85,9,76
222000623,632,6,626
222000624,294,7,287
222000625,446,59,387
222000636,115,0,115
222000686,124,16,108
222000687,70,37,33
222001066,342,3,339
222001067,12,2,10
222001068,33,34,-1
222001069,35,46,-11
222001082,36,43,-7
222001083,26,56,-30
222001084,0,45,-45
222001085,2,180,-178
222001111,19,242,-223
222001112,127,28,99
222001313,99,5,94
222001314,14,133,-119
222001464,137,60,77
222001465,70,292,-222
222001484,119,62,57
222001485,40,76,-36
222001494,384,195,189
222001495,163,606,-443
222001496,320,115,205
222001497,168,776,-608
222001502,15,104,-89
222001503,112,79,33
222001504,13,318,-305
222001505,321,21,300
222001506,34,305,-271
222001507,319,44,275
222001510,451,21,430
222001511,45,487,-442
222001514,574,167,407
222001515,238,853,-615
222001518,181,68,113
222001519,33,347,-314
222001527,258,80,178
222001528,84,192,-108
222001529,142,45,97
222001530,41,266,-225
222001533,141,354,-213
222001534,253,110,143
222001535,278,349,-71
222001536,122,453,-331
222001537,294,21,273
222001538,65,622,-557
222001563,451,103,348
222001564,64,862,-798
222001568,397,120,277
222001576,5,1,4
222001579,0,5,-5
222001583,23,273,-250
222001584,134,36,98
222001596,737,1719,-982
222001597,1743,313,1430
222001626,1,222,-221
222001650,39,82,-43
222001651,123,167,-44
222001914,156,81,75
222001915,64,295,-231
222001968,461,303,158
222001969,593,1070,-477
222001970,298,351,-53
222001971,16,23,-7
222001972,2,15,-13
225000001,788,315,473
225000002,829,296,533
225000003,569,211,358
225000004,354,465,-111
225000005,50,91,-41
225000006,1,217,-216
225000007,4534,2007,2527
225000010,404,8,396
225000011,675,2045,-1370
225000012,247,988,-741
225000013,276,250,26
225000014,2415,101,2314
225000015,181,354,-173
225000021,936,447,489
225000027,350,812,-462
225000032,878,259,619
225000042,131,1217,-1086
225000049,60,90,-30
225000050,87,29,58
225000053,7,442,-435
225000058,1288,246,1042
225000067,186,286,-100
225000068,144,681,-537
225000069,221,752,-531
225000070,90,770,-680
225000071,79,468,-389
225000075,45,1919,-1874
225000076,152,168,-16
225000078,216,137,79
225000085,54,158,-104
225000086,854,75,779
225000087,370,52,318
225000088,19,222,-203
225000089,353,1193,-840
225000090,21,628,-607
225000091,144,309,-165
225000092,38,85,-47
225000093,199,625,-426
225000094,19,660,-641
225000095,503,701,-198
225000096,437,762,-325
225000098,835,332,503
225000099,398,225,173
225000100,235,204,31
225000104,133,655,-522
225000110,19,782,-763
225000111,422,1807,-1385
225000112,899,1585,-686
225000113,291,930,-639
225000114,153,440,-287
225000115,3811,925,2886
225000116,1381,282,1099
225000117,1383,561,822
225000118,1230,505,725
225000119,244,219,25
225000120,654,118,536
225000121,374,49,325
225000123,2533,34,2499
225000125,564,490,74
225000126,2177,398,1779
225000127,1520,1659,-139
225000128,604,1011,-407
225000132,299,35,264
225000133,373,46,327
225000134,658,176,482
225000135,64,19,45
225000136,235,39,196
225000137,157,128,29
225000138,629,68,561
225000143,143,294,-151
225000144,2,556,-554
225000145,82,93,-11
225000146,62,169,-107
225000147,31,521,-490
225000148,10,342,-332
225000149,80,747,-667
225000151,40,457,-417
225000155,447,762,-315
225000156,579,1257,-678
225000157,417,524,-107
225000158,179,530,-351
225000171,2,225,-223
225000180,45,3,42
225000181,0,88,-88
225000182,114,17,97
225000185,8,605,-597
225000187,54,589,-535
225000191,174,2,172
225000194,0,16,-16
225000208,1,59,-58
225000209,114,36,78
225000210,5,468,-463
225000217,0,39,-39
225000218,19,0,19
225000223,4,122,-118
225000224,411,0,411
225000225,3,280,-277
225000226,304,3,301
225000227,73,173,-100
225000228,20,15,5
225000229,0,182,-182
225000230,31,0,31
225000231,0,169,-169
225000232,90,0,90
225000241,156,1,155
225000242,1,68,-67
225000249,10,0,10
225000250,56,1585,-1529
225000251,403,58,345
226000042,733,733,0
226000043,167,360,-193
226000044,402,918,-516
226000045,170,615,-445
226000046,739,135,604
226000047,595,135,460
226000048,508,108,400
226000049,494,244,250
226000070,1,123,-122
226000071,0,117,-117
226000072,0,28,-28
226000073,1,24,-23
226000074,0,19,-19
226000084,6,59,-53
226000085,4,10,-6
226000086,7,17,-10
226000087,2,24,-22
226000088,57,16,41
226000090,433,88,345
226000091,11,17,-6
226000092,0,1,-1
226000093,65,1,64
226000094,56,4,52
226000095,66,0,66
226000105,21,5,16
226000106,44,0,44
226000107,27,0,27
226000108,78,1,77
226000109,107,2,105
226000124,334,89,245
226000134,481,768,-287
226000135,1061,1047,14
226000136,385,682,-297
226000137,9,808,-799
226000138,26,624,-598
226000139,3,25,-22
226000156,125,2,123
226000157,111,7,104
226000163,145,40,105
226000202,14,866,-852
226000231,319,16,303
226000232,100,23,77
227000033,310,187,123
227000036,261,66,195
227000037,162,46,116
227000038,265,77,188
227000049,1,30,-29
227000050,1,58,-57
227000055,106,0,106
227000056,179,1,178
227000084,2,69,-67
227000085,0,59,-59
227000088,211,4,207
227000089,214,12,202
227000090,176,1,175
227000091,33,7,26
227000093,309,1,308
227000094,70,2,68
227000130,68,80,-12
227000131,21,306,-285
227000132,22,307,-285
227000133,21,320,-299
227000134,14,515,-501
227000152,0,3,-3
227000153,0,76,-76
227000155,3,23,-20
227000156,1,8,-7
227000165,4,36,-32
227000196,246,450,-204
227000199,252,990,-738
227000230,18,1128,-1110
227000232,475,41,434
227000242,47,661,-614
227000243,539,137,402
227000245,20,481,-461
227000246,70,626,-556
227000247,361,216,145
227000248,635,55,580
227000249,52,319,-267
227000250,878,285,593
227000251,236,415,-179
227000252,23,463,-440
227000253,98,30,68
227000262,258,60,198
227000266,915,24,891
227000267,72,3712,-3640
227000282,3,423,-420
227000284,345,18,327
227000286,4,88,-84
227000287,5,146,-141
227000291,12,914,-902
227000484,484,13,471
227000485,22,1470,-1448
227000655,87,27,60
227000656,768,30,738
227000657,44,47,-3
227000661,636,27,609
227000680,519,54,465
229000265,57,75,-18
229000296,6,39,-33
229000297,2,69,-67
229000298,18,313,-295
229000320,11,11,0
229000321,32,3,29
229000412,47,64,-17
229000414,34,114,-80
229000415,18,0,18
229000416,3,3,0
229000417,14,28,-14
229000419,138,486,-348
229000440,320,114,206
229000442,14,1,13
229000443,3,5,-2
229000444,25,43,-18
229000445,89,25,64
229000446,98,35,63
229000491,3,17,-14
229000492,8,115,-107
229000493,1,58,-57
229000494,15,2,13
229000495,39,9,30
229000496,34,5,29
229000507,1,24,-23
229000508,0,14,-14
229000509,1,23,-22
229000510,0,19,-19
229000511,0,26,-26
229000512,0,21,-21
229000513,0,2,-2
229000514,0,2,-2
229000517,1,3,-2
229000518,14,42,-28
229000519,0,14,-14
229000520,10,32,-22
229000521,13,9,4
229000522,3,7,-4
229000523,3,5,-2
229000524,0,0,0
229000527,3,0,3
229000528,0,0,0
229000529,7,0,7
229000530,39,0,39
229000531,27,0,27
229000532,18,0,18
229000533,42,1,41
229000534,21,0,21
229000564,11,2,9
229000565,3,0,3
229000566,0,8,-8
229000567,0,11,-11
229000582,61,1,60
229000583,21,0,21
229000584,0,6,-6
229000585,4,31,-27
229000718,0,0,0
229000719,0,0,0
229000720,0,2,-2
229000721,0,4,-4
229000722,0,9,-9
229000723,0,3,-3
229000724,0,2,-2
229000725,0,2,-2
229000738,2,0,2
229000739,0,0,0
229000740,4,0,4
229000741,6,0,6
229000742,5,0,5
229000743,22,0,22
229000744,6,0,6
229000745,3,0,3
229000746,38,0,38
229000847,31,2,29
229000848,29,1,28
229000849,152,3,149
229000851,36,0,36
229000854,0,42,-42
229000856,1,172,-171
229000857,0,36,-36
229000858,0,151,-151
229000919,30,119,-89
229000930,1,320,-319
229000937,97,17,80
229000966,37,31,6
229000981,25,137,-112
229000985,7,78,-71
229000986,1,8,-7
229000987,0,5,-5
229000988,4,5,-1
229000989,52,35,17
229000990,0,1,-1
229000991,3,1,2
229000992,3,8,-5
229000993,333,22,311
229000998,11,108,-97
229000999,72,32,40
229001034,0,11,-11
229001035,13,2,11
229001037,47,15,32
229001042,4,20,-16
229001047,7,92,-85
229001050,51,63,-12
229001168,0,4,-4
229001200,10,1,9
229001338,12,29,-17
229001394,262,8,254
229001422,124,22,102
229001423,47,203,-156
229001431,51,66,-15
229001432,79,109,-30
229001444,109,83,26
229001445,50,288,-238
229001479,4,4,0
229001503,182,98,84
229001504,114,387,-273
229001505,127,76,51
229001506,57,358,-301
229001509,58,40,18
229001545,93,7,86
229001546,9,90,-81
229001553,42,28,14
229001554,19,118,-99
229001559,6,15,-9
229001560,6,29,-23
229001630,133,15,118
229001631,12,70,-58
229001635,0,15,-15
229001636,0,3,-3
229001658,0,138,-138
229001659,68,15,53
229001660,1,2,-1
229001661,17,30,-13
229001662,87,1,86
229001663,0,28,-28
229002584,236,202,34
229002831,398,235,163
229002841,6,16,-10
229002842,13,30,-17
229002843,136,52,84
229002844,178,57,121
229002845,19,69,-50
229002846,46,30,16
229002847,55,18,37
229002848,17,21,-4
229002849,15,48,-33
229002850,5,0,5
229002851,133,94,39
229002852,131,22,109
229002853,159,17,142
229002854,63,37,26
229002855,32,17,15
229002856,43,36,7
229002857,3,27,-24
229002858,8,24,-16
229002859,136,18,118
229002860,162,18,144
229002861,60,30,30
229002862,39,28,11
229002863,50,59,-9
229002864,39,62,-23
229002865,13,18,-5
229002866,9,14,-5
229002867,13,41,-28
229002868,40,9,31
229002869,49,165,-116
229002870,39,8,31
235000066,562,133,429
235000067,127,167,-40
235000072,29,74,-45
235000073,73,334,-261
235000074,41,94,-53
235000080,45,117,-72
235000081,87,178,-91
235000082,125,151,-26
235000083,156,193,-37
235000084,72,64,8
235000085,45,108,-63
235000089,41,57,-16
235000092,17,231,-214
235000093,10,3,7
235000097,21,20,1
235000098,48,20,28
235000099,69,28,41
235000116,89,29,60
235000117,1216,30,1186
235000133,12,406,-394
235000134,14,171,-157
235000206,4,0,4
235000207,5,2,3
235000208,8,5,3
235000209,14,4,10
235000210,15,2,13
235000212,2,25,-23
235000213,4,9,-5
235000220,1,5,-4
235000221,181,19,162
235000238,48,64,-16
235000239,1,10,-9
235000242,397,447,-50
235000245,1132,194,938
235000246,45,85,-40
235000284,4,170,-166
235000295,193,33,160
235000305,226,58,168
235000306,96,28,68
235000307,6,5,1
235000308,50,4,46
235000309,90,4,86
235000310,128,0,128
235000311,445,14,431
235000322,0,40,-40
235000323,0,66,-66
235000324,1,36,-35
235000325,2,13,-11
235000326,20,278,-258
235000351,4,108,-104
235000352,9,59,-50
235000353,4,28,-24
235000354,8,62,-54
235000355,13,72,-59
235000356,82,10,72
235000357,15,13,2
235000358,43,15,28
235000359,12,3,9
235000360,81,22,59
235000361,81,5,76
235000381,64,454,-390
235000382,96,75,21
235000390,14,2,12
235000391,110,22,88
235000392,115,237,-122
235000393,100,188,-88
235000395,81,59,22
235000396,333,114,219
235000400,349,177,172
235000401,257,206,51
235000405,152,279,-127
235000406,52,289,-237
235000407,109,111,-2
235000409,225,245,-20
235000410,53,325,-272
235000411,2,105,-103
235000485,0,12,-12
235000486,10,0,10
235000549,43,129,-86
235000550,49,241,-192
235000599,71,114,-43
235000600,17,24,-7
235000601,14,49,-35
235000602,57,170,-113
235000614,1,4,-3
235000648,1,17,-16
235000649,51,16,35
235000685,1,3,-2
235000815,17,34,-17
235000834,0,13,-13
235000855,67,82,-15
235000862,46,293,-247
235000891,0,4,-4
235000892,57,6,51
235000901,61,125,-64
235000907,5,14,-9
235001010,32,91,-59
235001029,691,517,174
235001030,361,247,114
235001078,73,137,-64
235001079,111,110,1
235001147,19,126,-107
235001166,18,114,-96
235001167,17,76,-59
235001169,38,357,-319
235001188,5,9,-4
235001189,2,1,1
235001197,23,29,-6
235001200,47,41,6
235001207,342,111,231
235001210,100,413,-313
235001215,74,362,-288
235001239,0,58,-58
235001244,0,7,-7
235016267,0,23,-23
277101746,0,1,-1
277102712,0,0,0
277103813,0,0,0
277103814,0,1,-1
277103898,0,0,0
277104249,0,5,-5
277104250,0,27,-27
277104251,0,7,-7
277104252,0,3,-3
990011530,1,308,-307
990014944,2,566,-564
990015176,46,9,37
990015618,3,80,-77
990016032,2,684,-682
990032570,0,116,-116
990070001,181,106,75
990070103,0,4,-4
990070601,0,31,-31
990070751,406,0,406
990070766,6,720,-714
990071180,971,282,689
990071343,103,1,102
990071387,8,19,-11
990071823,633,6,627
990072600,2,875,-873
990072964,3,564,-561
990073285,0,4,-4
990074393,4,1316,-1312
990074870,1059,66,993
990075106,932,5,927
990075746,481,9,472
990076437,873,4,869
990076458,2,1357,-1355
997000007,398,4,394
997000041,2,131,-129
997000058,32,0,32
997000062,204,1,203
997000069,0,2,-2
997000070,0,125,-125
997000100,23,0,23
997000141,4,592,-588
997000198,506,836,-330
998000475,2,31,-29
998000736,0,363,-363
998000965,0,25,-25
998001031,0,44,-44
998001700,0,48,-48
998001899,0,1,-1
998001900,6,1,5
998003073,1159,8,1151
998101900,0,0,0
998102850,0,108,-108
998501927,882,623,259
998501929,136,5,131
998501930,65,0,65
998501931,185,51,134
998501932,10,3,7
998501933,70,1,69
998501937,11,0,11
998501944,10,1,9
998501950,2,4,-2
998501970,65,11,54
998501971,0,78,-78
998501973,1,58,-57
998501974,1,278,-277
998501975,741,25,716
998501976,203,0,203
998501977,0,16,-16
998501978,40,1,39
998501979,0,17,-17
998501980,130,1,129
998501981,23,8,15
998501982,0,121,-121
998501983,1,4,-3
998502006,0,0,0
998502024,0,7,-7
998502032,0,4,-4
998502062,32,0,32
998502063,0,0,0
998502173,23,0,23
998502269,0,0,0
998502546,2,181,-179
998502578,7,4,3
998502599,246,842,-596
998502621,0,2,-2
998601159,0,226,-226
998601292,0,18,-18
999033574,4,1522,-1518
999800001,37,3,34
999800002,0,1,-1
999800003,4,2,2
999800004,0,3,-3
999800005,0,6,-6
