dong,insum,outsum,diff
강남구 개포1동,43,98,-55
강남구 개포2동,997,3387,-2390
강남구 개포4동,103,585,-482
강남구 논현1동,6657,5397,1260
강남구 논현2동,1764,1878,-114
강남구 대치1동,3316,2684,632
강남구 대치2동,4264,3253,1011
강남구 대치4동,3449,2573,876
강남구 도곡1동,1886,2192,-306
강남구 도곡2동,872,831,41
강남구 삼성1동,3545,2749,796
강남구 삼성2동,1925,2349,-424
강남구 세곡동,1271,4722,-3451
강남구 수서동,3626,1038,2588
강남구 신사동,2588,1922,666
강남구 압구정동,5448,4278,1170
강남구 역삼1동,15838,7849,7989
강남구 역삼2동,2134,2903,-769
강남구 일원1동,297,307,-10
강남구 일원2동,59,68,-9
강남구 일원본동,862,2044,-1182
강남구 청담동,3639,3991,-352
강동구 강일동,503,4800,-4297
강동구 고덕제1동,285,1162,-877
강동구 고덕제2동,664,1241,-577
강동구 길동,1453,1714,-261
강동구 둔촌제1동,2,8,-6
강동구 둔촌제2동,1227,2194,-967
강동구 명일제1동,1513,2339,-826
강동구 명일제2동,804,1507,-703
강동구 상일동,2911,3523,-612
강동구 성내제1동,1214,1951,-737
강동구 성내제2동,2817,2191,626
강동구 성내제3동,1382,1953,-571
강동구 암사제1동,566,2498,-1932
강동구 암사제2동,5,0,5
강동구 암사제3동,0,0,0
강동구 천호제1동,456,1109,-653
강동구 천호제2동,4192,2557,1635
강동구 천호제3동,863,442,421
강북구 미아동,1460,2907,-1447
강북구 번1동,9622,8518,1104
강북구 번2동,497,2240,-1743
강북구 번3동,558,3455,-2897
강북구 삼각산동,629,1879,-1250
강북구 삼양동,889,3354,-2465
강북구 송중동,10751,10367,384
강북구 송천동,1841,3183,-1342
강북구 수유1동,595,2552,-1957
강북구 수유2동,879,3815,-2936
강북구 수유3동,4683,2835,1848
강북구 우이동,470,2828,-2358
강북구 월곡제1동,12,34,-22
강북구 인수동,649,3947,-3298
강서구 가양제1동,1768,1610,158
강서구 가양제2동,249,522,-273
강서구 가양제3동,66,394,-328
강서구 공항동,1276,2088,-812
강서구 등촌제1동,1698,3605,-1907
강서구 등촌제2동,847,1902,-1055
강서구 등촌제3동,2103,3224,-1121
강서구 발산제1동,1966,2697,-731
강서구 방화제1동,1030,2507,-1477
강서구 방화제2동,716,622,94
강서구 방화제3동,8,338,-330
강서구 염창동,317,886,-569
강서구 우장산동,1713,2865,-1152
강서구 화곡본동,528,914,-386
강서구 화곡제1동,3804,6951,-3147
강서구 화곡제2동,166,836,-670
강서구 화곡제3동,1988,1593,395
강서구 화곡제4동,590,1386,-796
강서구 화곡제6동,2167,2934,-767
강서구 화곡제8동,1828,1311,517
관악구 낙성대동,1751,2217,-466
관악구 난곡동,417,3347,-2930
관악구 난향동,418,2178,-1760
관악구 남현동,4077,2931,1146
관악구 대학동,1416,3128,-1712
관악구 미성동,1096,3572,-2476
관악구 보라매동,783,1541,-758
관악구 삼성동,1080,5227,-4147
관악구 서림동,832,2855,-2023
관악구 서원동,5281,2608,2673
관악구 성현동,180,770,-590
관악구 신림동,8885,4798,4087
관악구 신사동,1013,2954,-1941
관악구 신원동,34,282,-248
관악구 은천동,1006,2706,-1700
관악구 인헌동,194,377,-183
관악구 조원동,3274,2767,507
관악구 중앙동,2109,953,1156
관악구 청룡동,2935,1133,1802
관악구 청림동,80,464,-384
관악구 행운동,3929,2384,1545
광진구 광장동,629,525,104
광진구 구의제1동,1192,1651,-459
광진구 구의제2동,880,1738,-858
광진구 구의제3동,378,236,142
광진구 군자동,1895,3262,-1367
광진구 능동,1977,1554,423
광진구 자양제1동,458,556,-98
광진구 자양제2동,276,2029,-1753
광진구 자양제3동,243,599,-356
광진구 자양제4동,2808,2252,556
광진구 중곡제1동,1073,1747,-674
광진구 중곡제2동,651,1057,-406
광진구 중곡제3동,579,1491,-912
광진구 중곡제4동,312,481,-169
광진구 화양동,4496,2391,2105
구로구 가리봉동,720,1397,-677
구로구 개봉제1동,1550,3280,-1730
구로구 개봉제2동,1537,2513,-976
구로구 개봉제3동,120,841,-721
구로구 고척제1동,1785,3239,-1454
구로구 고척제2동,716,3631,-2915
구로구 구로제1동,480,1367,-887
구로구 구로제2동,2860,3682,-822
구로구 구로제3동,8059,2253,5806
구로구 구로제4동,816,1047,-231
구로구 구로제5동,1575,1308,267
구로구 수궁동,1351,2178,-827
구로구 신도림동,7790,2633,5157
구로구 오류제1동,880,1354,-474
구로구 오류제2동,187,457,-270
구로구 항동,68,676,-608
금천구 가산동,2083,2878,-795
금천구 독산제1동,2130,5610,-3480
금천구 독산제2동,755,2949,-2194
금천구 독산제3동,1254,3270,-2016
금천구 독산제4동,649,855,-206
금천구 미성동,9,63,-54
금천구 시흥제1동,2125,5836,-3711
금천구 시흥제2동,269,1428,-1159
금천구 시흥제3동,448,1454,-1006
금천구 시흥제4동,59,671,-612
금천구 시흥제5동,551,2407,-1856
노원구 공릉1동,3010,2870,140
노원구 공릉2동,1624,2461,-837
노원구 상계10동,2312,1177,1135
노원구 상계1동,1504,2496,-992
노원구 상계2동,3690,1782,1908
노원구 상계3.4동,39,1579,-1540
노원구 상계5동,821,1327,-506
노원구 상계6.7동,3001,2578,423
노원구 상계8동,300,1065,-765
노원구 상계9동,606,1174,-568
노원구 월계1동,4042,4175,-133
노원구 월계2동,471,2875,-2404
노원구 월계3동,662,2016,-1354
노원구 중계1동,821,2250,-1429
노원구 중계2.3동,1596,2642,-1046
노원구 중계4동,1400,1412,-12
노원구 중계본동,491,3228,-2737
노원구 하계1동,2073,3230,-1157
노원구 하계2동,1688,2271,-583
도봉구 도봉제1동,1192,2462,-1270
도봉구 도봉제2동,4140,4457,-317
도봉구 방학제1동,2407,5560,-3153
도봉구 방학제2동,252,2567,-2315
도봉구 방학제3동,532,2381,-1849
도봉구 쌍문제1동,377,3299,-2922
도봉구 쌍문제2동,1398,2620,-1222
도봉구 쌍문제3동,817,448,369
도봉구 쌍문제4동,242,2431,-2189
도봉구 창제1동,7199,3358,3841
도봉구 창제2동,559,2709,-2150
도봉구 창제3동,775,2272,-1497
도봉구 창제4동,2408,1977,431
도봉구 창제5동,3407,4159,-752
동대문구 답십리제1동,944,1629,-685
동대문구 답십리제2동,1227,2062,-835
동대문구 면목제5동,3,8,-5
동대문구 용신동,7874,8135,-261
동대문구 이문제1동,1263,2815,-1552
동대문구 이문제2동,367,1365,-998
동대문구 장안제1동,2914,2872,42
동대문구 장안제2동,1379,3637,-2258
동대문구 전농제1동,1875,3273,-1398
동대문구 전농제2동,714,1643,-929
동대문구 제기동,3405,3776,-371
동대문구 청량리동,5744,3880,1864
동대문구 회기동,944,1027,-83
동대문구 휘경제1동,1742,2286,-544
동대문구 휘경제2동,2289,3845,-1556
동작구 노량진제1동,5963,3634,2329
동작구 노량진제2동,2945,2321,624
동작구 대방동,1671,2506,-835
동작구 사당제1동,2813,2605,208
동작구 사당제2동,2629,2652,-23
동작구 사당제3동,59,765,-706
동작구 사당제4동,7,40,-33
동작구 사당제5동,76,743,-667
동작구 상도제1동,1810,3536,-1726
동작구 상도제2동,1078,2285,-1207
동작구 상도제3동,486,1221,-735
동작구 상도제4동,207,1637,-1430
동작구 신대방제1동,195,401,-206
동작구 신대방제2동,1153,2264,-1111
동작구 흑석동,2108,3340,-1232
마포구 공덕동,1107,1523,-416
마포구 대흥동,1723,1873,-150
마포구 도화동,1019,568,451
마포구 망원제1동,517,1632,-1115
마포구 망원제2동,576,1283,-707
마포구 상암동,4203,5347,-1144
마포구 서강동,661,686,-25
마포구 서교동,18770,6029,12741
마포구 성산제1동,817,2318,-1501
마포구 성산제2동,1350,4355,-3005
마포구 신수동,155,423,-268
마포구 아현동,2199,2401,-202
마포구 연남동,190,485,-295
마포구 염리동,131,233,-102
마포구 용강동,1532,1460,72
마포구 합정동,3042,1867,1175
서대문구 남가좌제1동,1297,2248,-951
서대문구 남가좌제2동,720,4089,-3369
서대문구 북가좌제1동,538,1695,-1157
서대문구 북가좌제2동,1020,3288,-2268
서대문구 북아현동,1177,1484,-307
서대문구 신촌동,14909,7809,7100
서대문구 연희동,5982,11155,-5173
서대문구 천연동,1547,1897,-350
서대문구 충현동,2279,3924,-1645
서대문구 홍은제1동,1346,3279,-1933
서대문구 홍은제2동,1362,4726,-3364
서대문구 홍제제1동,970,1097,-127
서대문구 홍제제2동,2899,3770,-871
서대문구 홍제제3동,918,1634,-716
서초구 내곡동,521,1830,-1309
서초구 반포1동,4330,3384,946
서초구 반포2동,501,762,-261
서초구 반포3동,3294,1590,1704
서초구 반포4동,2678,1234,1444
서초구 반포본동,1796,2016,-220
서초구 방배1동,1448,771,677
서초구 방배2동,922,850,72
서초구 방배3동,516,896,-380
서초구 방배4동,1316,1300,16
서초구 방배본동,594,955,-361
서초구 서초1동,1551,979,572
서초구 서초2동,6175,4743,1432
서초구 서초3동,2003,1961,42
서초구 서초4동,8225,3308,4917
서초구 양재1동,5674,6566,-892
서초구 양재2동,1616,4355,-2739
서초구 잠원동,2686,4936,-2250
성동구 금호1가동,178,596,-418
성동구 금호2.3가동,384,397,-13
성동구 금호4가동,375,561,-186
성동구 마장동,370,671,-301
성동구 사근동,719,160,559
성동구 성수1가제1동,336,785,-449
성동구 성수1가제2동,692,459,233
성동구 성수2가제1동,156,945,-789
성동구 성수2가제3동,1358,955,403
성동구 송정동,91,111,-20
성동구 옥수동,361,538,-177
성동구 왕십리도선동,2395,974,1421
성동구 왕십리제2동,764,1205,-441
성동구 용답동,1643,1315,328
성동구 응봉동,238,931,-693
성동구 행당제1동,2034,837,1197
성동구 행당제2동,775,1033,-258
성북구 길음제1동,3416,4395,-979
성북구 길음제2동,1579,3740,-2161
성북구 돈암제1동,3426,3923,-497
성북구 돈암제2동,107,2165,-2058
성북구 동선동,9634,6122,3512
성북구 보문동,1199,1723,-524
성북구 삼선동,6157,5866,291
성북구 석관동,891,2441,-1550
성북구 성북동,1269,1599,-330
성북구 안암동,1135,897,238
성북구 월곡제1동,1676,2561,-885
성북구 월곡제2동,1323,1709,-386
성북구 장위제1동,325,3711,-3386
성북구 장위제2동,1451,2162,-711
성북구 장위제3동,578,1504,-926
성북구 정릉제1동,966,2757,-1791
성북구 정릉제2동,1138,4353,-3215
성북구 정릉제3동,872,2130,-1258
성북구 정릉제4동,924,4884,-3960
성북구 종암동,2458,5066,-2608
송파구 가락1동,284,305,-21
송파구 가락2동,1470,3031,-1561
송파구 가락본동,3685,4754,-1069
송파구 거여1동,374,763,-389
송파구 거여2동,106,485,-379
송파구 마천1동,140,1277,-1137
송파구 마천2동,522,2754,-2232
송파구 문정1동,368,1803,-1435
송파구 문정2동,5862,5658,204
송파구 방이1동,551,1401,-850
송파구 방이2동,2860,2265,595
송파구 삼전동,1554,2389,-835
송파구 석촌동,3907,5711,-1804
송파구 송파1동,2136,2482,-346
송파구 송파2동,424,624,-200
송파구 오금동,1302,3279,-1977
송파구 오륜동,1194,1011,183
송파구 위례동,1204,4733,-3529
송파구 잠실2동,771,610,161
송파구 잠실3동,7004,2979,4025
송파구 잠실4동,64,165,-101
송파구 잠실6동,2770,1214,1556
송파구 잠실7동,1668,854,814
송파구 잠실본동,6016,4246,1770
송파구 장지동,743,1887,-1144
송파구 풍납1동,775,775,0
송파구 풍납2동,478,1776,-1298
양천구 목1동,5809,2682,3127
양천구 목2동,3369,3951,-582
양천구 목3동,1449,3227,-1778
양천구 목4동,1418,3556,-2138
양천구 목5동,1263,2288,-1025
양천구 신월1동,274,1026,-752
양천구 신월2동,489,2157,-1668
양천구 신월3동,540,1044,-504
양천구 신월4동,704,3005,-2301
양천구 신월5동,480,1961,-1481
양천구 신월6동,145,664,-519
양천구 신월7동,992,4197,-3205
양천구 신정1동,453,681,-228
양천구 신정2동,317,491,-174
양천구 신정3동,2408,5996,-3588
양천구 신정4동,4535,3524,1011
양천구 신정6동,359,689,-330
양천구 신정7동,592,1662,-1070
영등포구 당산제1동,1078,761,317
영등포구 당산제2동,4107,2341,1766
영등포구 대림제1동,573,1040,-467
영등포구 대림제2동,337,659,-322
영등포구 대림제3동,649,1174,-525
영등포구 도림동,293,1445,-1152
영등포구 문래동,1658,2142,-484
영등포구 신길제1동,356,769,-413
영등포구 신길제3동,512,1487,-975
영등포구 신길제4동,200,534,-334
영등포구 신길제5동,494,758,-264
영등포구 신길제6동,868,1638,-770
영등포구 신길제7동,654,1515,-861
영등포구 양평제1동,698,714,-16
영등포구 양평제2동,584,1061,-477
영등포구 여의동,3612,2041,1571
영등포구 영등포동,8122,4549,3573
영등포구 영등포본동,1962,1644,318
용산구 남영동,3748,2676,1072
용산구 보광동,551,1327,-776
용산구 서빙고동,564,1150,-586
용산구 용문동,79,241,-162
용산구 용산2가동,303,1186,-883
용산구 원효로제1동,383,550,-167
용산구 원효로제2동,202,836,-634
용산구 이촌제1동,525,493,32
용산구 이촌제2동,39,134,-95
용산구 이태원제1동,1919,2096,-177
용산구 이태원제2동,487,859,-372
용산구 청파동,414,776,-362
용산구 필동,0,0,0
용산구 한강로동,4689,3127,1562
용산구 한남동,4826,4683,143
용산구 효창동,236,441,-205
용산구 후암동,69,621,-552
은평구 갈현제1동,459,2211,-1752
은평구 갈현제2동,1718,3227,-1509
은평구 구산동,366,1628,-1262
은평구 녹번동,3058,3882,-824
은평구 대조동,3235,5651,-2416
은평구 불광제1동,7485,4964,2521
은평구 불광제2동,1553,4120,-2567
은평구 수색동,1476,2426,-950
은평구 신사제1동,1735,3131,-1396
은평구 신사제2동,983,2496,-1513
은평구 역촌동,2146,2877,-731
은평구 응암제1동,916,2213,-1297
은평구 응암제2동,250,791,-541
은평구 응암제3동,1183,2117,-934
은평구 증산동,2522,2360,162
은평구 진관동,4150,7929,-3779
종로구 가회동,0,0,0
종로구 교남동,790,971,-181
종로구 무악동,1005,733,272
종로구 부암동,492,1628,-1136
종로구 사직동,5442,3192,2250
종로구 삼청동,106,172,-66
종로구 숭인제1동,30,158,-128
종로구 숭인제2동,2675,2234,441
종로구 이화동,2687,1731,956
종로구 종로1.2.3.4가동,22792,8702,14090
종로구 종로5.6가동,3883,3163,720
종로구 창신제1동,4485,2813,1672
종로구 창신제2동,1133,1104,29
종로구 창신제3동,217,450,-233
종로구 청운효자동,91,595,-504
종로구 충현동,339,321,18
종로구 평창동,791,1689,-898
종로구 혜화동,5358,2685,2673
중구 광희동,6068,2007,4061
중구 다산동,378,510,-132
중구 동화동,468,229,239
중구 명동,4573,1165,3408
중구 소공동,5168,2081,3087
중구 신당동,1002,857,145
중구 신당제5동,1183,793,390
중구 약수동,352,558,-206
중구 을지로동,1257,381,876
중구 장충동,339,329,10
중구 중림동,786,369,417
중구 청구동,755,398,357
중구 필동,481,185,296
중구 황학동,363,497,-134
중구 회현동,8024,3356,4668
중랑구 망우본동,1968,4090,-2122
중랑구 망우제3동,217,1707,-1490
중랑구 면목본동,2710,3619,-909
중랑구 면목제2동,618,1601,-983
중랑구 면목제3.8동,1985,2997,-1012
중랑구 면목제4동,959,1860,-901
중랑구 면목제5동,594,1283,-689
중랑구 면목제7동,316,1549,-1233
중랑구 묵제1동,1980,2373,-393
중랑구 묵제2동,183,282,-99
중랑구 상봉제1동,1078,1823,-745
중랑구 상봉제2동,4966,4723,243
중랑구 신내1동,990,6762,-5772
중랑구 신내2동,2349,2432,-83
중랑구 중화제1동,1138,1996,-858
중랑구 중화제2동,2483,1879,604
NA,79720,148575,-68855
