dong,insum,outsum,diff
강남구 개포1동,793,890,-97
강남구 개포2동,12389,10723,1666
강남구 개포4동,8391,5917,2474
강남구 논현1동,20660,19396,1264
강남구 논현2동,12745,13924,-1179
강남구 대치1동,12778,15187,-2409
강남구 대치2동,20162,21068,-906
강남구 대치4동,16716,17279,-563
강남구 도곡1동,13936,13589,347
강남구 도곡2동,4979,4974,5
강남구 삼성1동,22704,19971,2733
강남구 삼성2동,11912,10758,1154
강남구 세곡동,18827,15069,3758
강남구 수서동,13789,13837,-48
강남구 신사동,15044,16131,-1087
강남구 압구정동,24452,24878,-426
강남구 역삼1동,43893,37531,6362
강남구 역삼2동,15731,16031,-300
강남구 일원1동,6260,5929,331
강남구 일원2동,2467,1841,626
강남구 일원본동,8546,7185,1361
강남구 청담동,18798,19133,-335
강동구 강일동,11246,8730,2516
강동구 고덕제1동,4472,4386,86
강동구 고덕제2동,7300,6899,401
강동구 길동,9564,7937,1627
강동구 둔촌제1동,234,236,-2
강동구 둔촌제2동,6503,6709,-206
강동구 명일제1동,9729,9386,343
강동구 명일제2동,7426,7031,395
강동구 상일동,9784,9322,462
강동구 성내제1동,6033,4766,1267
강동구 성내제2동,7527,8013,-486
강동구 성내제3동,8211,8643,-432
강동구 암사제1동,6984,5423,1561
강동구 암사제2동,2341,3433,-1092
강동구 암사제3동,1469,668,801
강동구 천호제1동,3962,4387,-425
강동구 천호제2동,13591,14734,-1143
강동구 천호제3동,6086,7367,-1281
강북구 미아동,16098,13459,2639
강북구 번1동,25268,26629,-1361
강북구 번2동,9541,8734,807
강북구 번3동,14985,11287,3698
강북구 삼각산동,4902,4952,-50
강북구 삼양동,13524,11561,1963
강북구 송중동,43301,43258,43
강북구 송천동,22247,22739,-492
강북구 수유1동,16683,13908,2775
강북구 수유2동,10561,8797,1764
강북구 수유3동,25336,31203,-5867
강북구 우이동,14403,9932,4471
강북구 월곡제1동,1313,1725,-412
강북구 인수동,12226,10314,1912
강서구 가양제1동,10589,8949,1640
강서구 가양제2동,2700,2184,516
강서구 가양제3동,2836,2117,719
강서구 공항동,10078,9451,627
강서구 등촌제1동,12483,14475,-1992
강서구 등촌제2동,6881,5504,1377
강서구 등촌제3동,14171,16404,-2233
강서구 발산제1동,19286,18403,883
강서구 방화제1동,8180,8973,-793
강서구 방화제2동,6539,6677,-138
강서구 방화제3동,1728,1222,506
강서구 염창동,7165,6146,1019
강서구 우장산동,12673,12423,250
강서구 화곡본동,7754,6038,1716
강서구 화곡제1동,22540,23018,-478
강서구 화곡제2동,5836,4500,1336
강서구 화곡제3동,7153,7510,-357
강서구 화곡제4동,6218,5344,874
강서구 화곡제6동,15831,12582,3249
강서구 화곡제8동,10049,9077,972
관악구 낙성대동,18689,27694,-9005
관악구 난곡동,13066,8781,4285
관악구 난향동,7305,5131,2174
관악구 남현동,8577,8892,-315
관악구 대학동,24040,22664,1376
관악구 미성동,16857,15496,1361
관악구 보라매동,12950,13448,-498
관악구 삼성동,15191,16030,-839
관악구 서림동,16737,9072,7665
관악구 서원동,24891,30881,-5990
관악구 성현동,10637,9737,900
관악구 신림동,25824,28244,-2420
관악구 신사동,8779,8603,176
관악구 신원동,3778,3437,341
관악구 은천동,15251,14714,537
관악구 인헌동,7316,6741,575
관악구 조원동,15960,23937,-7977
관악구 중앙동,5366,3884,1482
관악구 청룡동,19096,14903,4193
관악구 청림동,3636,3038,598
관악구 행운동,24181,20864,3317
광진구 광장동,4696,4109,587
광진구 구의제1동,8981,8506,475
광진구 구의제2동,10015,9607,408
광진구 구의제3동,7904,8818,-914
광진구 군자동,10206,9673,533
광진구 능동,7454,7758,-304
광진구 자양제1동,2832,2648,184
광진구 자양제2동,12787,11281,1506
광진구 자양제3동,4056,3549,507
광진구 자양제4동,11728,11647,81
광진구 중곡제1동,5657,3992,1665
광진구 중곡제2동,7798,7391,407
광진구 중곡제3동,6901,4629,2272
광진구 중곡제4동,5201,4514,687
광진구 화양동,9855,12019,-2164
구로구 가리봉동,7825,8742,-917
구로구 개봉제1동,21622,21205,417
구로구 개봉제2동,13749,12405,1344
구로구 개봉제3동,5356,4978,378
구로구 고척제1동,14135,12991,1144
구로구 고척제2동,13762,10427,3335
구로구 구로제1동,7152,5840,1312
구로구 구로제2동,23142,24863,-1721
구로구 구로제3동,24961,24404,557
구로구 구로제4동,15574,14565,1009
구로구 구로제5동,16969,16868,101
구로구 수궁동,14614,13857,757
구로구 신도림동,17694,19963,-2269
구로구 오류제1동,10419,9357,1062
구로구 오류제2동,8026,7532,494
구로구 항동,2855,2176,679
금천구 가산동,26813,26625,188
금천구 독산제1동,24135,26078,-1943
금천구 독산제2동,11807,9701,2106
금천구 독산제3동,15659,13069,2590
금천구 독산제4동,9941,6459,3482
금천구 미성동,93,133,-40
금천구 시흥제1동,23173,27117,-3944
금천구 시흥제2동,9192,8678,514
금천구 시흥제3동,7268,6549,719
금천구 시흥제4동,7920,3906,4014
금천구 시흥제5동,14812,10142,4670
노원구 공릉1동,12464,12332,132
노원구 공릉2동,12837,14196,-1359
노원구 상계10동,6620,5156,1464
노원구 상계1동,10685,9251,1434
노원구 상계2동,10172,14870,-4698
노원구 상계3.4동,3216,2876,340
노원구 상계5동,8236,7450,786
노원구 상계6.7동,15123,17337,-2214
노원구 상계8동,4753,3211,1542
노원구 상계9동,4961,4265,696
노원구 월계1동,23064,21020,2044
노원구 월계2동,10172,8087,2085
노원구 월계3동,8930,8814,116
노원구 중계1동,6951,7690,-739
노원구 중계2.3동,9840,11087,-1247
노원구 중계4동,6014,6103,-89
노원구 중계본동,8263,7297,966
노원구 하계1동,12469,10705,1764
노원구 하계2동,8252,8592,-340
도봉구 도봉제1동,13238,9074,4164
도봉구 도봉제2동,9215,11247,-2032
도봉구 방학제1동,13482,13306,176
도봉구 방학제2동,6337,5759,578
도봉구 방학제3동,10976,6594,4382
도봉구 쌍문제1동,10286,9716,570
도봉구 쌍문제2동,12053,11755,298
도봉구 쌍문제3동,7006,9451,-2445
도봉구 쌍문제4동,7900,5626,2274
도봉구 창제1동,16082,15478,604
도봉구 창제2동,7284,7508,-224
도봉구 창제3동,8835,6842,1993
도봉구 창제4동,15010,14434,576
도봉구 창제5동,10337,10813,-476
동대문구 답십리제1동,11443,11805,-362
동대문구 답십리제2동,13004,10863,2141
동대문구 면목제5동,394,180,214
동대문구 용신동,45218,44778,440
동대문구 이문제1동,8337,8629,-292
동대문구 이문제2동,4162,3191,971
동대문구 장안제1동,19178,18440,738
동대문구 장안제2동,14628,14021,607
동대문구 전농제1동,14688,18905,-4217
동대문구 전농제2동,12672,8947,3725
동대문구 제기동,35377,29413,5964
동대문구 청량리동,27760,30110,-2350
동대문구 회기동,7342,11813,-4471
동대문구 휘경제1동,18969,15502,3467
동대문구 휘경제2동,11157,10380,777
동작구 노량진제1동,26279,30573,-4294
동작구 노량진제2동,16405,12273,4132
동작구 대방동,29630,25310,4320
동작구 사당제1동,8864,9407,-543
동작구 사당제2동,15718,13138,2580
동작구 사당제3동,5781,4906,875
동작구 사당제4동,1357,1499,-142
동작구 사당제5동,6404,5169,1235
동작구 상도제1동,30910,30423,487
동작구 상도제2동,14930,14659,271
동작구 상도제3동,11505,9811,1694
동작구 상도제4동,10042,7445,2597
동작구 신대방제1동,5539,6710,-1171
동작구 신대방제2동,16203,15511,692
동작구 흑석동,19802,19514,288
마포구 공덕동,11951,10409,1542
마포구 대흥동,15094,14814,280
마포구 도화동,5170,5213,-43
마포구 망원제1동,8252,6388,1864
마포구 망원제2동,5123,4341,782
마포구 상암동,27238,27935,-697
마포구 서강동,6459,6201,258
마포구 서교동,50606,60798,-10192
마포구 성산제1동,9795,8651,1144
마포구 성산제2동,16945,14523,2422
마포구 신수동,3554,3318,236
마포구 아현동,16445,13861,2584
마포구 연남동,7527,6934,593
마포구 염리동,2541,2596,-55
마포구 용강동,9946,8318,1628
마포구 합정동,8532,12052,-3520
서대문구 남가좌제1동,9948,7864,2084
서대문구 남가좌제2동,15457,11651,3806
서대문구 북가좌제1동,4301,5343,-1042
서대문구 북가좌제2동,14064,10570,3494
서대문구 북아현동,9364,9524,-160
서대문구 신촌동,45685,52442,-6757
서대문구 연희동,35233,34904,329
서대문구 천연동,18744,17005,1739
서대문구 충현동,18887,21559,-2672
서대문구 홍은제1동,12670,11698,972
서대문구 홍은제2동,22822,19266,3556
서대문구 홍제제1동,20892,20807,85
서대문구 홍제제2동,10365,9679,686
서대문구 홍제제3동,12076,10819,1257
서초구 내곡동,8973,8018,955
서초구 반포1동,14683,12248,2435
서초구 반포2동,4967,5057,-90
서초구 반포3동,15836,15002,834
서초구 반포4동,18477,23762,-5285
서초구 반포본동,8409,7541,868
서초구 방배1동,11177,10134,1043
서초구 방배2동,11091,11775,-684
서초구 방배3동,10394,8398,1996
서초구 방배4동,12410,12398,12
서초구 방배본동,8856,7725,1131
서초구 서초1동,10382,10302,80
서초구 서초2동,18388,21614,-3226
서초구 서초3동,21086,20687,399
서초구 서초4동,17811,18481,-670
서초구 양재1동,37924,34381,3543
서초구 양재2동,19448,16653,2795
서초구 잠원동,12127,14410,-2283
성동구 금호1가동,6181,5131,1050
성동구 금호2.3가동,10318,9930,388
성동구 금호4가동,5435,4471,964
성동구 마장동,8358,8594,-236
성동구 사근동,5718,5198,520
성동구 성수1가제1동,4699,4443,256
성동구 성수1가제2동,2938,3796,-858
성동구 성수2가제1동,4252,3533,719
성동구 성수2가제3동,4439,4509,-70
성동구 송정동,3969,2647,1322
성동구 옥수동,10485,10008,477
성동구 왕십리도선동,8851,7621,1230
성동구 왕십리제2동,6879,8209,-1330
성동구 용답동,6945,6954,-9
성동구 응봉동,5148,4443,705
성동구 행당제1동,9815,11300,-1485
성동구 행당제2동,8465,7321,1144
성북구 길음제1동,15706,16312,-606
성북구 길음제2동,10544,14995,-4451
성북구 돈암제1동,14233,12202,2031
성북구 돈암제2동,5808,4556,1252
성북구 동선동,18820,21540,-2720
성북구 보문동,7878,6543,1335
성북구 삼선동,27257,24917,2340
성북구 석관동,8877,8760,117
성북구 성북동,17969,18414,-445
성북구 안암동,9809,12327,-2518
성북구 월곡제1동,13069,13051,18
성북구 월곡제2동,8379,7072,1307
성북구 장위제1동,10566,9444,1122
성북구 장위제2동,9164,7727,1437
성북구 장위제3동,5555,4840,715
성북구 정릉제1동,10632,10673,-41
성북구 정릉제2동,15817,13343,2474
성북구 정릉제3동,7415,7447,-32
성북구 정릉제4동,16411,14238,2173
성북구 종암동,24313,21266,3047
송파구 가락1동,3156,2878,278
송파구 가락2동,11680,10278,1402
송파구 가락본동,12343,11740,603
송파구 거여1동,3292,2733,559
송파구 거여2동,1081,762,319
송파구 마천1동,4903,3577,1326
송파구 마천2동,9782,7952,1830
송파구 문정1동,3600,3696,-96
송파구 문정2동,12632,15539,-2907
송파구 방이1동,4478,4287,191
송파구 방이2동,10323,12905,-2582
송파구 삼전동,10842,8400,2442
송파구 석촌동,14459,15068,-609
송파구 송파1동,9595,10165,-570
송파구 송파2동,4954,3633,1321
송파구 오금동,11385,10177,1208
송파구 오륜동,5659,5471,188
송파구 위례동,8009,7346,663
송파구 잠실2동,3811,6333,-2522
송파구 잠실3동,22919,25164,-2245
송파구 잠실4동,703,812,-109
송파구 잠실6동,8029,10314,-2285
송파구 잠실7동,3988,3459,529
송파구 잠실본동,15806,12776,3030
송파구 장지동,8396,5273,3123
송파구 풍납1동,5084,3211,1873
송파구 풍납2동,7861,9284,-1423
양천구 목1동,22727,25707,-2980
양천구 목2동,16222,13816,2406
양천구 목3동,15870,14754,1116
양천구 목4동,11680,9269,2411
양천구 목5동,14357,16749,-2392
양천구 신월1동,5122,2552,2570
양천구 신월2동,6021,6306,-285
양천구 신월3동,5193,4105,1088
양천구 신월4동,6070,6059,11
양천구 신월5동,5209,5356,-147
양천구 신월6동,5720,3363,2357
양천구 신월7동,9551,8468,1083
양천구 신정1동,7351,9574,-2223
양천구 신정2동,4430,3309,1121
양천구 신정3동,21967,17529,4438
양천구 신정4동,17503,19393,-1890
양천구 신정6동,4846,3903,943
양천구 신정7동,6376,5773,603
영등포구 당산제1동,9460,9606,-146
영등포구 당산제2동,17642,17336,306
영등포구 대림제1동,8070,8199,-129
영등포구 대림제2동,3557,4089,-532
영등포구 대림제3동,9236,8450,786
영등포구 도림동,6409,5941,468
영등포구 문래동,11593,12710,-1117
영등포구 신길제1동,6690,5517,1173
영등포구 신길제3동,9970,8279,1691
영등포구 신길제4동,3298,2582,716
영등포구 신길제5동,6757,6394,363
영등포구 신길제6동,8106,7726,380
영등포구 신길제7동,6800,6766,34
영등포구 양평제1동,6816,6114,702
영등포구 양평제2동,10284,8045,2239
영등포구 여의동,37338,37104,234
영등포구 영등포동,36861,45404,-8543
영등포구 영등포본동,11494,13301,-1807
용산구 남영동,21592,20652,940
용산구 보광동,7331,4831,2500
용산구 서빙고동,7855,6452,1403
용산구 용문동,3323,2890,433
용산구 용산2가동,8448,8913,-465
용산구 원효로제1동,8616,8262,354
용산구 원효로제2동,5953,4641,1312
용산구 이촌제1동,8196,7883,313
용산구 이촌제2동,3180,2149,1031
용산구 이태원제1동,8695,9088,-393
용산구 이태원제2동,5920,4550,1370
용산구 청파동,9825,9188,637
용산구 필동,1160,654,506
용산구 한강로동,24768,27381,-2613
용산구 한남동,26210,27263,-1053
용산구 효창동,5025,4567,458
용산구 후암동,7675,5799,1876
은평구 갈현제1동,8651,7097,1554
은평구 갈현제2동,11134,9332,1802
은평구 구산동,11265,5827,5438
은평구 녹번동,17691,15642,2049
은평구 대조동,21186,27627,-6441
은평구 불광제1동,17629,16472,1157
은평구 불광제2동,14576,14408,168
은평구 수색동,8053,7430,623
은평구 신사제1동,11960,12837,-877
은평구 신사제2동,11136,9645,1491
은평구 역촌동,16824,12356,4468
은평구 응암제1동,17651,21563,-3912
은평구 응암제2동,6701,5467,1234
은평구 응암제3동,12500,11847,653
은평구 증산동,11771,10574,1197
은평구 진관동,25220,24351,869
종로구 가회동,2120,2140,-20
종로구 교남동,4713,3938,775
종로구 무악동,2790,2577,213
종로구 부암동,10691,9732,959
종로구 사직동,25526,29982,-4456
종로구 삼청동,3239,3539,-300
종로구 숭인제1동,909,1136,-227
종로구 숭인제2동,11858,12229,-371
종로구 이화동,10690,11127,-437
종로구 종로1.2.3.4가동,70469,75553,-5084
종로구 종로5.6가동,16691,15501,1190
종로구 창신제1동,11702,9121,2581
종로구 창신제2동,4841,6931,-2090
종로구 창신제3동,2698,2505,193
종로구 청운효자동,7858,7576,282
종로구 충현동,2166,1014,1152
종로구 평창동,12387,9340,3047
종로구 혜화동,17423,19331,-1908
중구 광희동,13319,15403,-2084
중구 다산동,5406,4684,722
중구 동화동,1220,1289,-69
중구 명동,19672,22503,-2831
중구 소공동,33558,32272,1286
중구 신당동,4554,4401,153
중구 신당제5동,7857,7096,761
중구 약수동,4267,3309,958
중구 을지로동,5063,6391,-1328
중구 장충동,3515,3487,28
중구 중림동,5885,4663,1222
중구 청구동,3274,2911,363
중구 필동,3433,3328,105
중구 황학동,6032,5215,817
중구 회현동,26161,29322,-3161
중랑구 망우본동,19216,15793,3423
중랑구 망우제3동,4937,4141,796
중랑구 면목본동,14658,15008,-350
중랑구 면목제2동,6149,5093,1056
중랑구 면목제3.8동,15430,14462,968
중랑구 면목제4동,6405,5300,1105
중랑구 면목제5동,5733,4325,1408
중랑구 면목제7동,4556,4948,-392
중랑구 묵제1동,8935,9032,-97
중랑구 묵제2동,3891,2565,1326
중랑구 상봉제1동,9012,8119,893
중랑구 상봉제2동,15628,17464,-1836
중랑구 신내1동,14277,13902,375
중랑구 신내2동,12364,10300,2064
중랑구 중화제1동,4896,6104,-1208
중랑구 중화제2동,11929,10734,1195
NA,306889,288681,18208
