ID,insum,outsum,diff
100000001,363,185,178
100000002,1171,2618,-1447
100000003,1767,2385,-618
100000004,121,772,-651
100000005,1386,1581,-195
100000006,145,171,-26
100000007,691,1052,-361
100000008,29,151,-122
100000009,107,484,-377
100000010,11,109,-98
100000011,121,38,83
100000012,41,184,-143
100000013,3,65,-62
100000014,19,203,-184
100000015,411,726,-315
100000016,56,962,-906
100000017,54,967,-913
100000018,216,168,48
100000019,854,1190,-336
100000020,400,1656,-1256
100000021,1719,508,1211
100000022,176,1328,-1152
100000023,1361,600,761
100000025,172,682,-510
100000028,301,771,-470
100000029,11,287,-276
100000030,47,4,43
100000031,762,3091,-2329
100000032,619,1738,-1119
100000033,371,1350,-979
100000034,17,559,-542
100000035,176,434,-258
100000036,108,576,-468
100000037,397,196,201
100000038,1408,553,855
100000039,95,113,-18
100000040,168,46,122
100000041,507,227,280
100000042,427,189,238
100000043,198,149,49
100000044,29,100,-71
100000045,45,169,-124
100000046,89,149,-60
100000047,28,152,-124
100000048,61,160,-99
100000049,522,444,78
100000051,257,155,102
100000053,29,2,27
100000054,94,13,81
100000055,240,168,72
100000056,109,182,-73
100000057,913,195,718
100000058,310,279,31
100000059,13,53,-40
100000060,342,248,94
100000061,1263,371,892
100000062,604,404,200
100000063,379,271,108
100000064,647,293,354
100000065,179,253,-74
100000066,35,218,-183
100000067,83,208,-125
100000068,101,536,-435
100000069,131,537,-406
100000072,80,153,-73
100000073,530,391,139
100000075,325,64,261
100000076,523,2527,-2004
100000077,23,234,-211
100000078,1,18,-17
100000079,3,50,-47
100000080,1,58,-57
100000081,4,35,-31
100000102,829,2258,-1429
100000103,559,1608,-1049
100000104,1251,1115,136
100000105,586,333,253
100000106,262,1155,-893
100000107,56,390,-334
100000108,87,192,-105
100000109,263,442,-179
100000116,130,224,-94
100000117,8,58,-50
100000118,258,372,-114
100000119,390,522,-132
100000121,43,288,-245
100000122,214,759,-545
100000123,451,912,-461
100000124,643,1185,-542
100000125,2997,2012,985
100000126,213,191,22
100000127,457,365,92
100000128,90,1457,-1367
100000129,73,370,-297
100000130,379,87,292
100000131,314,508,-194
100000132,234,838,-604
100000133,513,266,247
100000135,342,538,-196
100000139,56,341,-285
100000140,63,81,-18
100000142,323,164,159
100000143,283,140,143
100000144,587,166,421
100000147,706,2695,-1989
100000150,36,228,-192
100000151,90,720,-630
100000153,0,196,-196
100000154,0,276,-276
100000155,1,27,-26
100000156,6,152,-146
100000157,124,178,-54
100000158,65,165,-100
100000159,68,591,-523
100000165,413,185,228
100000169,8,809,-801
100000174,173,401,-228
100000179,4,280,-276
100000180,119,432,-313
100000181,63,98,-35
100000188,16,30,-14
100000189,322,124,198
100000190,186,504,-318
100000191,228,238,-10
100000192,1,96,-95
100000193,138,90,48
100000330,173,425,-252
100000355,103,257,-154
100000362,879,421,458
100000363,3374,3411,-37
100000364,91,127,-36
100000365,3310,4558,-1248
100000366,948,385,563
100000367,3171,3532,-361
100000368,547,485,62
100000369,137,983,-846
100000370,48,524,-476
100000376,11,344,-333
100000379,207,1678,-1471
100000380,1197,3416,-2219
100000384,2256,2863,-607
100000385,446,1902,-1456
100000386,645,2365,-1720
100000387,1188,2704,-1516
100000388,827,1682,-855
100000389,1556,2583,-1027
100000390,1027,1102,-75
100000391,1311,3535,-2224
100000392,251,826,-575
100000393,184,1793,-1609
100000394,634,2082,-1448
100000395,484,1909,-1425
100000396,435,964,-529
100000397,557,3030,-2473
100000398,3955,1796,2159
100000413,0,1,-1
100900002,2,1,1
100900003,281,169,112
100900004,3,45,-42
100900005,101,2,99
100900006,22,3,19
100900007,92,1,91
100900008,0,15,-15
100900009,15,1,14
100900010,36,0,36
100900011,94,74,20
100900012,0,10,-10
100900013,483,11,472
100900014,2,0,2
100900015,6,13,-7
100900016,0,21,-21
100900017,459,12,447
100900018,0,5,-5
100900019,4,9,-5
100900020,103,0,103
100900021,171,2,169
100900022,0,7,-7
100900023,0,2,-2
100900024,102,0,102
100900025,1,0,1
100900026,93,17,76
100900027,86,995,-909
100900028,21,101,-80
100900029,61,0,61
100900030,0,36,-36
100900031,457,14,443
100900032,217,0,217
100900033,21,104,-83
100900034,608,1,607
100900035,90,0,90
100900036,0,0,0
100900037,87,12,75
100900038,14,6,8
100900039,132,76,56
100900040,497,138,359
100900041,818,39,779
100900042,64,2151,-2087
100900043,0,19,-19
100900044,397,266,131
100900045,0,0,0
100900046,441,4,437
100900047,389,52,337
100900048,41,1,40
100900049,5,20,-15
100900050,0,0,0
100900051,29,40,-11
100900052,74,3,71
100900053,399,4,395
100900054,0,13,-13
100900055,65,524,-459
100900056,0,11,-11
100900057,754,25,729
100900058,162,22,140
100900059,81,0,81
100900060,165,5,160
100900061,10,127,-117
100900062,0,2,-2
100900063,127,345,-218
100900064,189,4,185
100900065,16,147,-131
100900066,71,9,62
100900067,3,1,2
100900068,65,34,31
100900069,35,0,35
100900070,305,2,303
100900071,69,20,49
100900072,0,5,-5
100900073,76,97,-21
100900074,7,2,5
100900075,276,51,225
100900076,7,3,4
100900077,28,4,24
100900078,12,57,-45
100900079,0,0,0
100900080,47,34,13
100900081,13,74,-61
100900082,105,30,75
100900083,0,4,-4
100900085,1,151,-150
100900086,10,166,-156
100900088,59,65,-6
100900089,0,50,-50
100900090,6,165,-159
100900091,1,0,1
100900092,27,100,-73
100900093,222,177,45
100900094,52,31,21
100900095,1,4,-3
100900096,23,28,-5
100900097,2,0,2
100900098,29,48,-19
100900099,3,70,-67
100900100,0,31,-31
100900101,54,1,53
100900102,0,35,-35
100900103,0,1,-1
100900104,5,57,-52
100900105,2,17,-15
100900106,1,0,1
100900107,482,181,301
100900108,0,8,-8
100900109,16,3,13
100900110,6,12,-6
100900111,1,29,-28
100900112,0,5,-5
100900113,28,28,0
100900114,4,12,-8
100900115,1,0,1
100900116,215,145,70
100900117,62,811,-749
100900118,1,10,-9
100900119,0,5,-5
100900120,3,0,3
100900121,229,159,70
100900122,4,28,-24
100900123,85,3,82
100900124,0,3,-3
100900125,0,2,-2
100900126,189,4,185
100900127,6,0,6
100900128,35,60,-25
100900129,0,100,-100
100900131,2,14,-12
100900133,37,2,35
100900134,8,0,8
100900135,0,78,-78
100900137,40,17,23
100900138,52,84,-32
100900139,0,0,0
100900140,0,17,-17
100900141,0,186,-186
100900142,1,1,0
100900143,113,53,60
100900144,0,0,0
100900145,14,66,-52
100900146,1,47,-46
100900147,4,466,-462
100900148,15,79,-64
100900149,0,195,-195
100900150,0,33,-33
100900151,10,91,-81
100900152,10,1,9
100900153,1,148,-147
100900154,16,23,-7
100900155,0,18,-18
100900156,1,0,1
100900157,4,68,-64
100900159,0,0,0
100900160,4,0,4
100900161,0,1,-1
100900162,6,28,-22
100900163,17,24,-7
100900164,57,1,56
100900165,102,39,63
100900166,0,0,0
100900167,3,12,-9
100900168,2,8,-6
100900169,17,173,-156
100900170,4,0,4
100900171,2,201,-199
100900172,0,145,-145
100900173,0,31,-31
100900174,1,13,-12
100900176,301,34,267
100900177,77,22,55
100900178,104,133,-29
100900179,26,32,-6
100900180,0,0,0
100900181,2,7,-5
100900182,3,5,-2
100900184,4,29,-25
100900186,109,88,21
100900187,30,54,-24
100900188,58,5,53
100900189,613,181,432
100900191,67,421,-354
100900192,12,120,-108
100900195,26,40,-14
100900197,7,28,-21
100900198,12,14,-2
100900199,11,2,9
100900200,283,56,227
100900201,7,181,-174
100900202,17,0,17
100900203,0,18,-18
100900204,7,5,2
100900205,15,418,-403
100900206,54,78,-24
100900207,143,41,102
100900210,3,26,-23
100900211,24,53,-29
100900213,21,13,8
100900214,50,64,-14
100900215,4,4,0
100900217,13,29,-16
101000001,581,1101,-520
101000002,2001,2582,-581
101000003,60,477,-417
101000004,2019,3620,-1601
101000005,1704,2964,-1260
101000006,1734,4972,-3238
101000007,541,2037,-1496
101000008,934,1305,-371
101000009,1015,276,739
101000010,312,292,20
101000011,281,102,179
101000012,78,162,-84
101000013,133,495,-362
101000014,117,193,-76
101000015,1589,629,960
101000016,60,273,-213
101000017,115,182,-67
101000018,590,1705,-1115
101000020,579,413,166
101000021,184,185,-1
101000022,56,132,-76
101000023,315,436,-121
101000025,103,236,-133
101000026,228,13,215
101000027,763,1764,-1001
101000028,392,221,171
101000029,5,405,-400
101000030,245,137,108
101000031,17,350,-333
101000032,933,2113,-1180
101000033,352,1472,-1120
101000034,150,1128,-978
101000035,86,92,-6
101000036,85,746,-661
101000037,268,1466,-1198
101000039,668,922,-254
101000040,940,2197,-1257
101000041,708,2731,-2023
101000042,4,419,-415
101000043,1348,2264,-916
101000045,58,286,-228
101000046,335,1156,-821
101000047,376,1963,-1587
101000048,135,206,-71
101000049,102,483,-381
101000050,120,583,-463
101000051,221,1016,-795
101000052,487,686,-199
101000053,141,333,-192
101000054,327,140,187
101000055,337,956,-619
101000056,0,81,-81
101000057,217,821,-604
101000058,222,713,-491
101000059,577,1471,-894
101000060,501,385,116
101000061,95,1238,-1143
101000062,78,283,-205
101000063,67,722,-655
101000064,52,465,-413
101000065,55,396,-341
101000066,120,700,-580
101000067,149,301,-152
101000068,94,208,-114
101000069,95,7,88
101000070,190,217,-27
101000071,1345,664,681
101000072,162,819,-657
101000073,168,927,-759
101000074,805,1499,-694
101000075,1063,881,182
101000077,764,764,0
101000078,364,438,-74
101000079,523,623,-100
101000080,623,276,347
101000081,583,619,-36
101000082,785,783,2
101000083,1578,937,641
101000084,412,221,191
101000085,995,610,385
101000086,400,330,70
101000087,307,399,-92
101000088,731,583,148
101000089,429,732,-303
101000090,725,298,427
101000091,230,176,54
101000092,1233,416,817
101000093,530,190,340
101000094,223,190,33
101000095,289,249,40
101000096,291,161,130
101000097,98,167,-69
101000098,217,288,-71
101000099,197,338,-141
101000100,568,742,-174
101000101,53,282,-229
101000102,200,443,-243
101000103,167,261,-94
101000104,85,398,-313
101000105,183,318,-135
101000106,47,1268,-1221
101000107,104,139,-35
101000108,155,31,124
101000109,267,71,196
101000110,9,83,-74
101000111,11,38,-27
101000113,86,355,-269
101000114,731,2378,-1647
101000115,0,0,0
101000116,0,0,0
101000117,67,8,59
101000119,5,59,-54
101000120,5,35,-30
101000121,3,33,-30
101000122,34,68,-34
101000123,28,37,-9
101000124,650,302,348
101000125,50,89,-39
101000128,66,486,-420
101000130,49,79,-30
101000131,743,186,557
101000132,283,188,95
101000135,3,19,-16
101000136,12,60,-48
101000137,2,192,-190
101000141,231,2223,-1992
101000147,605,125,480
101000148,259,1,258
101000149,4,3,1
101000150,53,109,-56
101000151,217,24,193
101000152,103,72,31
101000153,118,64,54
101000154,305,231,74
101000155,350,88,262
101000156,17,119,-102
101000157,13,19,-6
101000160,0,3,-3
101000163,33,400,-367
101000164,125,54,71
101000165,117,195,-78
101000166,52,132,-80
101000168,470,196,274
101000252,1438,350,1088
101000254,15,4,11
101000258,70,2,68
101000261,114,41,73
101000262,489,2438,-1949
101000263,104,627,-523
101000265,7,267,-260
101000266,124,119,5
101000269,9,4,5
101000290,91,1364,-1273
101000293,0,0,0
101000294,132,116,16
101000295,151,85,66
101000301,124,402,-278
101000304,820,1516,-696
101000305,1054,678,376
101000328,21,621,-600
101900001,1,8,-7
101900002,0,0,0
101900003,19,26,-7
101900004,0,19,-19
101900005,579,1602,-1023
101900006,378,30,348
101900007,75,57,18
101900008,14,47,-33
101900009,19,181,-162
101900010,108,303,-195
101900011,46,427,-381
101900012,57,21,36
101900013,98,22,76
101900017,2,76,-74
101900018,190,73,117
101900019,23,11,12
101900020,36,9,27
101900021,0,11,-11
101900022,46,146,-100
101900023,48,20,28
101900026,39,21,18
101900027,2,39,-37
102000001,1372,2832,-1460
102000002,1093,462,631
102000003,689,3560,-2871
102000004,909,1547,-638
102000005,318,1744,-1426
102000006,213,813,-600
102000007,568,2305,-1737
102000008,1638,704,934
102000009,3181,3385,-204
102000010,1399,918,481
102000011,1997,2006,-9
102000012,1695,1072,623
102000018,1015,1373,-358
102000019,668,557,111
102000026,122,209,-87
102000029,146,101,45
102000030,70,184,-114
102000031,53,64,-11
102000032,339,138,201
102000033,165,167,-2
102000034,146,104,42
102000035,227,119,108
102000036,13,134,-121
102000037,95,13,82
102000038,24,90,-66
102000039,20,36,-16
102000040,74,91,-17
102000041,35,279,-244
102000042,23,175,-152
102000043,7,146,-139
102000044,105,300,-195
102000045,169,317,-148
102000046,652,262,390
102000047,252,180,72
102000048,137,229,-92
102000049,465,263,202
102000050,315,673,-358
102000051,102,136,-34
102000052,410,436,-26
102000053,373,634,-261
102000054,470,242,228
102000055,403,118,285
102000056,628,112,516
102000057,588,192,396
102000058,202,204,-2
102000059,240,393,-153
102000060,383,630,-247
102000061,655,556,99
102000062,1095,450,645
102000063,434,585,-151
102000064,269,299,-30
102000065,11,78,-67
102000066,275,153,122
102000067,1066,1771,-705
102000068,2414,1198,1216
102000069,21,834,-813
102000070,822,9,813
102000071,2705,4930,-2225
102000072,922,1173,-251
102000073,120,106,14
102000074,240,185,55
102000075,56,50,6
102000076,188,59,129
102000077,343,94,249
102000078,766,85,681
102000079,31,51,-20
102000080,207,57,150
102000081,47,171,-124
102000082,157,199,-42
102000083,359,68,291
102000084,569,49,520
102000085,461,214,247
102000086,817,234,583
102000087,100,375,-275
102000088,229,78,151
102000089,772,115,657
102000090,116,572,-456
102000091,559,298,261
102000092,91,246,-155
102000093,250,369,-119
102000094,157,62,95
102000095,115,361,-246
102000096,159,121,38
102000097,194,117,77
102000098,86,94,-8
102000099,302,183,119
102000100,68,230,-162
102000101,59,153,-94
102000102,23,399,-376
102000103,797,243,554
102000104,232,202,30
102000105,82,173,-91
102000106,354,91,263
102000107,945,113,832
102000108,249,130,119
102000109,194,150,44
102000110,614,172,442
102000111,4,127,-123
102000112,44,106,-62
102000113,0,7,-7
102000114,340,224,116
102000115,66,129,-63
102000116,83,460,-377
102000117,24,179,-155
102000118,387,1103,-716
102000119,270,623,-353
102000120,96,196,-100
102000121,255,66,189
102000122,181,411,-230
102000123,360,189,171
102000124,306,508,-202
102000125,210,150,60
102000126,109,204,-95
102000127,383,113,270
102000128,268,312,-44
102000129,383,135,248
102000130,155,204,-49
102000131,284,174,110
102000132,206,188,18
102000133,1713,383,1330
102000134,584,266,318
102000135,133,319,-186
102000136,183,189,-6
102000137,140,104,36
102000138,50,25,25
102000139,40,82,-42
102000140,36,67,-31
102000141,22,192,-170
102000142,87,91,-4
102000143,93,87,6
102000144,169,34,135
102000145,109,63,46
102000146,142,47,95
102000147,121,162,-41
102000148,20,89,-69
102000149,154,41,113
102000150,329,15,314
102000151,81,16,65
102000152,134,85,49
102000153,323,214,109
102000154,77,289,-212
102000155,11,201,-190
102000156,78,71,7
102000157,15,148,-133
102000158,86,257,-171
102000159,477,475,2
102000161,729,840,-111
102000162,41,62,-21
102000163,21,203,-182
102000164,101,342,-241
102000165,94,29,65
102000166,6,61,-55
102000167,55,32,23
102000168,44,70,-26
102000169,10,315,-305
102000170,156,24,132
102000171,1,58,-57
102000172,2,131,-129
102000173,156,184,-28
102000174,61,23,38
102000175,50,6,44
102000176,5,22,-17
102000178,76,227,-151
102000179,144,116,28
102000180,485,122,363
102000181,607,173,434
102000182,296,150,146
102000183,1045,367,678
102000184,712,226,486
102000185,1336,271,1065
102000186,694,406,288
102000187,340,210,130
102000188,521,381,140
102000189,723,112,611
102000190,204,948,-744
102000191,386,163,223
102000192,465,528,-63
102000193,10,26,-16
102000194,38,55,-17
102000195,333,147,186
102000196,135,114,21
102000197,565,84,481
102000198,61,139,-78
102000199,702,57,645
102000200,118,175,-57
102000201,781,132,649
102000202,0,10,-10
102000203,212,58,154
102000204,281,95,186
102000205,470,110,360
102000206,86,67,19
102000207,269,223,46
102000208,171,139,32
102000209,12,16,-4
102000210,290,28,262
102000211,268,33,235
102000212,290,11,279
102000213,0,70,-70
102000214,332,1,331
102000215,4,67,-63
102000216,90,30,60
102000217,0,32,-32
102000218,79,72,7
102000219,27,22,5
102000225,135,287,-152
102000226,81,96,-15
102000227,67,0,67
102000228,0,14,-14
102000229,47,37,10
102000230,118,163,-45
102000231,111,153,-42
102000232,23,176,-153
102000233,293,89,204
102000234,36,511,-475
102000236,71,18,53
102000237,262,60,202
102000238,49,106,-57
102000240,30,220,-190
102000241,67,9,58
102000243,1,16,-15
102000245,1,20,-19
102000246,15,53,-38
102000247,79,189,-110
102000248,194,335,-141
102000249,65,5,60
102000250,16,92,-76
102000254,345,48,297
102000266,0,50,-50
102000271,16,0,16
102000286,107,149,-42
102000297,701,252,449
102000299,0,0,0
102000301,0,0,0
102000303,0,0,0
102000305,0,0,0
102000307,0,3,-3
102900001,548,134,414
102900002,112,5,107
102900003,38,47,-9
102900005,163,119,44
102900006,153,29,124
102900007,280,0,280
102900008,112,9,103
102900009,72,65,7
102900010,53,236,-183
102900011,259,107,152
102900012,104,29,75
102900013,12,9,3
102900015,322,124,198
102900016,52,4,48
102900017,52,29,23
102900018,22,7,15
102900019,42,77,-35
102900020,59,0,59
102900021,15,5,10
102900022,20,0,20
102900023,2,2,0
102900024,5,14,-9
102900025,11,3,8
102900026,71,900,-829
102900027,57,14,43
102900028,19,437,-418
102900029,5,56,-51
102900030,84,178,-94
102900031,111,16,95
102900032,15,15,0
102900033,32,56,-24
102900034,319,13,306
102900035,63,75,-12
102900036,98,43,55
102900037,56,59,-3
102900038,98,65,33
102900039,60,246,-186
102900040,19,58,-39
102900041,29,15,14
102900042,68,40,28
102900043,85,13,72
102900044,155,225,-70
102900045,60,84,-24
102900046,102,41,61
102900047,18,39,-21
102900048,118,60,58
102900049,7,68,-61
102900050,71,34,37
102900051,29,46,-17
102900053,66,65,1
102900054,20,268,-248
102900055,16,115,-99
102900056,10,70,-60
102900057,0,26,-26
102900058,152,18,134
102900059,6,7,-1
102900060,7,70,-63
102900061,64,53,11
102900062,129,85,44
102900063,893,67,826
102900064,15,95,-80
102900065,381,53,328
102900066,99,4,95
102900068,6,61,-55
102900070,134,72,62
102900072,0,6,-6
102900073,13,0,13
102900075,0,23,-23
102900076,3,5,-2
102900077,5,2,3
102900078,1,2,-1
102900079,65,0,65
102900080,218,1,217
102900081,3,59,-56
102900082,2,7,-5
102900083,22,1,21
102900084,1,1,0
102900085,43,6,37
102900086,2,0,2
102900087,63,32,31
102900088,6,18,-12
102900089,72,7,65
102900090,0,1,-1
102900091,145,0,145
102900092,172,68,104
102900094,0,25,-25
102900095,35,0,35
102900096,20,2,18
102900097,0,30,-30
103000001,1273,1020,253
103000002,1502,1480,22
103000003,1458,1203,255
103000004,324,214,110
103000005,606,1431,-825
103000006,533,663,-130
103000007,197,182,15
103000008,510,301,209
103000009,687,665,22
103000010,22,17,5
103000011,688,292,396
103000012,620,802,-182
103000013,1069,620,449
103000014,601,1218,-617
103000015,675,266,409
103000016,274,575,-301
103000017,127,430,-303
103000018,151,136,15
103000019,113,278,-165
103000020,718,777,-59
103000021,1316,1922,-606
103000022,197,654,-457
103000023,492,1255,-763
103000024,23,58,-35
103000025,35,666,-631
103000026,99,42,57
103000027,38,407,-369
103000028,119,108,11
103000029,42,85,-43
103000030,838,670,168
103000031,396,1087,-691
103000032,881,493,388
103000033,2196,1874,322
103000034,570,274,296
103000035,82,633,-551
103000036,51,148,-97
103000037,303,187,116
103000038,155,458,-303
103000039,212,96,116
103000040,463,256,207
103000041,821,626,195
103000042,583,71,512
103000043,415,214,201
103000044,148,66,82
103000046,85,142,-57
103000047,353,97,256
103000048,211,55,156
103000049,15,37,-22
103000050,344,51,293
103000051,383,198,185
103000052,303,91,212
103000053,143,104,39
103000054,766,104,662
103000055,905,386,519
103000056,376,324,52
103000057,762,65,697
103000058,294,139,155
103000059,436,196,240
103000060,362,81,281
103000061,289,258,31
103000062,258,53,205
103000063,536,328,208
103000064,32,33,-1
103000065,3,62,-59
103000066,89,0,89
103000069,91,61,30
103000070,274,64,210
103000071,516,293,223
103000072,112,172,-60
103000073,484,27,457
103000074,532,21,511
103000075,31,137,-106
103000076,146,445,-299
103000077,3,132,-129
103000078,286,414,-128
103000079,118,467,-349
103000080,214,136,78
103000081,128,784,-656
103000082,245,62,183
103000083,24,108,-84
103000084,29,3,26
103000085,0,43,-43
103000086,263,214,49
103000087,94,416,-322
103000088,188,238,-50
103000089,126,398,-272
103000090,2458,961,1497
103000091,489,359,130
103000092,133,85,48
103000093,129,158,-29
103000094,184,57,127
103000095,27,151,-124
103000096,274,4,270
103000097,6,301,-295
103000098,229,7,222
103000099,37,162,-125
103000100,72,134,-62
103000101,670,24,646
103000102,101,89,12
103000103,417,42,375
103000104,95,36,59
103000105,91,16,75
103000106,2,71,-69
103000107,102,5,97
103000108,845,730,115
103000109,205,516,-311
103000110,255,663,-408
103000111,206,323,-117
103000112,84,153,-69
103000113,116,531,-415
103000114,719,343,376
103000115,532,604,-72
103000116,675,268,407
103000117,373,298,75
103000118,188,169,19
103000119,349,174,175
103000120,26,79,-53
103000121,40,127,-87
103000122,342,669,-327
103000125,5,27,-22
103000126,259,2,257
103000127,0,29,-29
103000128,74,0,74
103000129,1,67,-66
103000130,63,4,59
103000131,42,67,-25
103000132,34,28,6
103000133,20,111,-91
103000134,108,421,-313
103000135,257,145,112
103000136,116,129,-13
103000137,120,373,-253
103000138,144,372,-228
103000139,0,31,-31
103000140,13,3,10
103000141,9,42,-33
103000142,28,26,2
103000143,25,76,-51
103000144,123,23,100
103000145,9,75,-66
103000150,22,8,14
103000152,35,114,-79
103000153,60,188,-128
103000156,0,36,-36
103000157,224,0,224
103000159,134,38,96
103000162,13,9,4
103000163,1,6,-5
103000164,5,53,-48
103000165,14,112,-98
103000166,180,248,-68
103000167,82,115,-33
103000168,55,51,4
103000169,110,354,-244
103000170,1003,155,848
103000171,3,13,-10
103000172,463,35,428
103000173,388,86,302
103000174,273,122,151
103000175,187,51,136
103000176,354,371,-17
103000177,87,174,-87
103000178,33,137,-104
103000179,45,3,42
103000183,149,2,147
103000185,169,41,128
103000186,198,26,172
103000187,552,54,498
103000188,9,54,-45
103000189,347,460,-113
103000191,158,157,1
103000292,197,718,-521
103000293,174,1278,-1104
103000295,43,23,20
103000296,33,0,33
103000297,1,5,-4
103000504,57,2,55
103000505,0,0,0
103000506,2,52,-50
103000507,78,1,77
103000508,13,18,-5
103000509,181,179,2
103900001,0,17,-17
103900002,160,11,149
103900003,259,98,161
103900004,38,2,36
103900005,0,9,-9
103900006,1,1,0
103900007,98,1,97
103900008,8,0,8
103900009,166,50,116
103900010,110,12,98
103900011,166,2,164
103900012,1,50,-49
103900013,21,2,19
103900014,47,1,46
103900015,23,3,20
103900016,9,23,-14
103900017,52,7,45
103900018,43,7,36
103900019,2,226,-224
103900020,68,210,-142
103900021,64,4,60
103900022,231,96,135
103900023,134,0,134
103900024,5,17,-12
103900025,0,8,-8
103900026,0,0,0
103900027,121,33,88
103900028,7,88,-81
103900029,537,35,502
103900030,107,51,56
103900031,36,0,36
103900032,86,86,0
103900033,9,6,3
103900034,8,15,-7
103900035,30,16,14
103900036,19,23,-4
103900037,16,11,5
103900038,21,139,-118
103900039,90,71,19
103900040,7,93,-86
103900041,57,1,56
103900042,98,55,43
103900043,231,11,220
103900044,12,143,-131
103900045,110,96,14
103900047,82,7,75
103900048,3,13,-10
103900049,8,345,-337
103900050,6,88,-82
103900051,0,45,-45
103900052,96,104,-8
103900053,198,45,153
103900054,63,31,32
103900055,185,83,102
103900056,12,3,9
103900057,79,13,66
103900058,224,76,148
103900059,0,6,-6
103900060,69,12,57
103900061,204,3,201
103900062,253,103,150
103900063,1,0,1
103900064,100,1,99
103900065,87,93,-6
103900066,125,33,92
103900067,154,2,152
103900068,0,0,0
103900069,16,1,15
103900070,51,75,-24
103900071,7,21,-14
103900072,12,74,-62
103900073,9,10,-1
103900074,64,3,61
103900075,189,33,156
103900076,447,108,339
103900077,3,68,-65
103900078,74,7,67
103900079,40,11,29
103900080,0,4,-4
103900081,4,1,3
103900082,8,54,-46
103900083,549,753,-204
103900084,28,30,-2
103900085,23,24,-1
103900086,513,82,431
103900088,140,162,-22
103900089,4,40,-36
103900090,1,13,-12
103900091,223,31,192
103900092,357,168,189
103900093,13,88,-75
103900094,4,18,-14
103900095,19,94,-75
103900096,50,22,28
103900097,4,54,-50
103900098,74,27,47
103900099,110,4,106
103900100,211,13,198
103900101,46,190,-144
103900102,0,2,-2
103900104,0,2,-2
103900105,10,4,6
103900106,0,32,-32
103900107,151,25,126
103900108,28,33,-5
103900109,87,7,80
103900110,52,13,39
103900111,115,95,20
103900112,3,11,-8
103900113,15,83,-68
103900114,167,98,69
103900115,76,41,35
103900116,373,596,-223
103900117,64,3,61
103900119,33,164,-131
103900120,15,6,9
103900122,115,31,84
103900123,71,203,-132
103900124,7,41,-34
103900125,140,7,133
103900126,321,16,305
103900127,35,44,-9
103900128,111,6,105
103900131,11,7,4
103900133,440,0,440
103900134,0,3,-3
103900135,1,0,1
103900137,0,0,0
103900138,229,40,189
103900139,41,1411,-1370
103900140,4,305,-301
103900141,65,29,36
103900142,299,28,271
103900143,91,1,90
103900144,0,0,0
103900145,40,27,13
103900146,134,85,49
103900147,224,46,178
103900148,177,11,166
103900149,100,85,15
103900150,939,2051,-1112
103900151,9,12,-3
103900152,455,39,416
103900153,3,6,-3
103900154,51,944,-893
103900155,10,28,-18
103900156,5,13,-8
103900157,66,3,63
103900158,168,5,163
103900159,160,1,159
103900160,17,17,0
103900161,6,33,-27
103900162,30,10,20
103900163,0,56,-56
103900167,0,7,-7
103900168,24,3,21
103900169,16,29,-13
103900170,0,1,-1
103900171,0,1,-1
103900172,0,1,-1
103900173,4,2,2
103900174,95,2,93
103900175,9,117,-108
103900176,0,7,-7
103900177,0,1,-1
103900178,20,0,20
103900179,17,3,14
103900180,2,6,-4
103900181,7,19,-12
103900182,1,5,-4
103900184,30,6,24
103900185,22,199,-177
103900187,28,33,-5
103900188,37,16,21
103900189,64,1,63
103900190,45,13,32
103900191,0,27,-27
103900192,9,9,0
103900193,4,5,-1
103900194,8,14,-6
103900195,1,53,-52
103900196,11,9,2
103900197,3,1,2
103900198,0,0,0
103900199,65,16,49
103900200,116,31,85
103900201,30,21,9
103900202,1,9,-8
103900203,69,20,49
103900204,4,16,-12
103900207,0,12,-12
103900208,72,0,72
103900209,0,2,-2
103900210,36,1,35
103900211,311,43,268
103900212,31,7,24
103900213,5,47,-42
103900214,60,139,-79
103900215,83,102,-19
103900216,2,23,-21
103900217,83,7,76
103900218,0,102,-102
103900219,263,7,256
103900233,8,1,7
103900235,37,11,26
103900236,1,11,-10
103900242,2,1,1
103900243,2,2,0
103900244,48,28,20
103900245,23,12,11
103900246,3,3,0
103900247,7,16,-9
103900248,0,12,-12
103900249,1,124,-123
103900250,1,15,-14
103900251,0,12,-12
103900253,2,7,-5
103900254,1,8,-7
103900255,0,1,-1
103900256,11,32,-21
103900257,35,63,-28
103900258,1,1,0
103900259,3,0,3
103900261,4,2,2
103900262,3,0,3
103900263,16,5,11
103900264,2,0,2
103900265,0,0,0
103900266,3,26,-23
103900267,1,16,-15
103900268,4,7,-3
103900269,68,5,63
103900270,5,11,-6
103900271,27,10,17
103900272,3,3,0
103900273,8,1,7
103900274,34,1,33
103900275,13,0,13
103900276,0,1,-1
103900277,3,0,3
103900278,1,2,-1
103900279,0,10,-10
103900280,0,0,0
104000001,1308,794,514
104000002,1118,1066,52
104000003,1124,766,358
104000004,1314,1008,306
104000005,1052,938,114
104000006,1341,999,342
104000007,2830,2000,830
104000008,178,138,40
104000009,209,128,81
104000010,59,216,-157
104000011,106,108,-2
104000012,46,110,-64
104000013,124,224,-100
104000014,106,97,9
104000015,248,43,205
104000016,87,76,11
104000018,382,83,299
104000019,513,104,409
104000020,34,178,-144
104000021,151,89,62
104000022,113,167,-54
104000023,841,192,649
104000024,111,107,4
104000026,31,56,-25
104000027,156,68,88
104000028,480,132,348
104000029,134,112,22
104000030,295,177,118
104000031,804,92,712
104000032,127,95,32
104000033,633,97,536
104000034,172,100,72
104000035,832,69,763
104000036,522,172,350
104000037,59,105,-46
104000038,314,139,175
104000039,133,58,75
104000040,14,238,-224
104000041,379,139,240
104000042,187,121,66
104000043,59,100,-41
104000044,140,188,-48
104000045,289,142,147
104000046,198,348,-150
104000047,190,264,-74
104000048,373,320,53
104000049,338,206,132
104000050,27,275,-248
104000051,101,198,-97
104000052,1106,751,355
104000053,527,186,341
104000054,344,98,246
104000055,1094,647,447
104000056,227,47,180
104000057,135,83,52
104000058,536,547,-11
104000059,348,403,-55
104000060,645,728,-83
104000061,436,471,-35
104000062,183,37,146
104000064,371,69,302
104000065,34,270,-236
104000069,243,783,-540
104000070,8,293,-285
104000071,55,29,26
104000072,265,52,213
104000075,2,58,-56
104000076,289,17,272
104000082,1083,1424,-341
104000083,232,57,175
104000084,48,144,-96
104000085,203,42,161
104000086,175,210,-35
104000087,93,316,-223
104000090,364,217,147
104000092,680,302,378
104000094,294,265,29
104000095,1362,581,781
104000096,1016,10,1006
104000097,1208,192,1016
104000098,2195,138,2057
104000100,1531,241,1290
104000101,691,549,142
104000106,8,321,-313
104000107,317,118,199
104000108,112,87,25
104000109,116,33,83
104000110,238,587,-349
104000111,738,1259,-521
104000112,230,125,105
104000116,0,265,-265
104000117,212,112,100
104000118,518,48,470
104000119,295,79,216
104000120,239,122,117
104000121,84,196,-112
104000122,269,260,9
104000123,418,312,106
104000124,112,457,-345
104000125,601,1743,-1142
104000126,213,193,20
104000127,813,808,5
104000128,296,52,244
104000129,92,7,85
104000130,0,282,-282
104000131,167,193,-26
104000132,244,237,7
104000133,646,505,141
104000134,506,914,-408
104000135,176,693,-517
104000136,324,1041,-717
104000137,992,153,839
104000138,708,310,398
104000139,1222,961,261
104000141,296,349,-53
104000142,345,201,144
104000143,371,110,261
104000144,51,96,-45
104000145,118,72,46
104000146,69,191,-122
104000147,51,201,-150
104000148,217,86,131
104000149,53,43,10
104000150,467,179,288
104000151,183,168,15
104000152,235,166,69
104000153,441,258,183
104000154,268,136,132
104000155,309,552,-243
104000157,575,516,59
104000158,50,180,-130
104000159,318,153,165
104000160,1103,1226,-123
104000161,106,65,41
104000162,51,37,14
104000165,362,278,84
104000167,356,987,-631
104000168,533,1,532
104000169,125,44,81
104000170,68,119,-51
104000248,201,225,-24
104000251,17,39,-22
104000272,0,0,0
104000273,0,0,0
104000274,0,0,0
104000275,0,0,0
104000279,333,322,11
104000290,13,455,-442
104000291,423,563,-140
104000293,454,449,5
104000294,59,0,59
104000295,747,693,54
104000296,260,328,-68
104000297,678,1514,-836
104000298,1013,335,678
104000299,519,511,8
104900001,9,46,-37
104900002,17,118,-101
104900003,38,50,-12
104900004,17,32,-15
104900005,172,43,129
104900006,251,14,237
104900007,169,54,115
104900009,20,66,-46
104900010,62,2,60
104900011,0,8,-8
104900012,56,7,49
104900013,25,3,22
104900014,816,76,740
104900015,36,2,34
104900016,95,29,66
104900017,51,17,34
104900018,0,34,-34
104900019,85,2908,-2823
104900020,21,31,-10
104900021,1,3,-2
104900022,0,44,-44
104900023,0,11,-11
104900024,5,152,-147
104900025,45,83,-38
104900026,0,15,-15
104900027,499,158,341
104900028,2,156,-154
104900029,3,33,-30
104900030,257,90,167
104900031,45,52,-7
104900032,9,9,0
104900033,132,51,81
104900034,273,79,194
104900035,221,132,89
104900036,509,34,475
104900037,59,30,29
104900038,20,563,-543
104900039,98,701,-603
104900040,447,28,419
104900041,150,14,136
104900042,120,64,56
104900043,18,234,-216
104900044,700,63,637
104900045,104,32,72
104900046,264,34,230
104900047,317,52,265
104900048,342,36,306
104900049,72,28,44
104900050,293,40,253
104900051,194,17,177
104900052,221,0,221
104900053,273,39,234
104900054,183,11,172
104900055,316,1,315
104900056,178,6,172
104900057,39,0,39
104900058,152,15,137
104900059,62,3,59
104900060,1,52,-51
104900061,39,36,3
104900063,0,7,-7
104900064,0,35,-35
104900065,3,59,-56
104900066,0,33,-33
104900067,2,44,-42
104900068,8,17,-9
104900070,21,45,-24
104900071,0,38,-38
104900072,5,68,-63
104900073,42,2,40
104900074,7,32,-25
104900075,4,7,-3
104900076,32,16,16
104900077,43,28,15
104900078,33,39,-6
104900079,27,398,-371
104900080,31,65,-34
104900082,0,41,-41
104900085,0,54,-54
104900087,237,1,236
104900089,373,0,373
104900090,671,319,352
104900091,155,159,-4
104900093,57,82,-25
104900097,335,1108,-773
104900098,55,17,38
104900099,26,296,-270
104900100,161,18,143
104900102,9,62,-53
104900103,20,7,13
104900104,431,1029,-598
104900106,42,21,21
104900107,37,35,2
104900108,1,9,-8
104900109,18,65,-47
104900110,0,45,-45
104900111,63,8,55
104900112,143,49,94
104900113,324,35,289
104900114,273,75,198
104900115,427,17,410
104900116,246,11,235
104900118,3,4,-1
104900119,0,5,-5
104900120,27,197,-170
104900121,0,13,-13
104900122,0,8,-8
104900123,103,33,70
104900124,68,0,68
104900125,219,1,218
104900126,3,2,1
104900127,1,1,0
104900128,65,8,57
104900129,302,1194,-892
105000001,1377,596,781
105000002,986,715,271
105000003,1163,1557,-394
105000004,617,320,297
105000005,828,622,206
105000006,571,948,-377
105000007,630,948,-318
105000008,213,1146,-933
105000009,2162,1847,315
105000010,1043,467,576
105000011,1546,1730,-184
105000012,874,779,95
105000013,486,496,-10
105000014,1751,1202,549
105000015,4154,6989,-2835
105000016,584,592,-8
105000017,868,508,360
105000018,367,555,-188
105000019,494,446,48
105000020,43,233,-190
105000021,143,87,56
105000022,43,26,17
105000023,319,93,226
105000028,7,27,-20
105000029,312,493,-181
105000030,1577,864,713
105000031,0,4,-4
105000033,518,507,11
105000034,24,504,-480
105000037,264,72,192
105000038,383,605,-222
105000039,293,372,-79
105000040,340,397,-57
105000041,111,257,-146
105000042,746,601,145
105000043,346,350,-4
105000044,344,93,251
105000045,118,120,-2
105000046,558,60,498
105000047,110,145,-35
105000048,633,155,478
105000049,138,196,-58
105000050,578,232,346
105000051,99,158,-59
105000052,313,302,11
105000053,73,62,11
105000054,201,276,-75
105000055,297,83,214
105000056,1095,734,361
105000057,780,181,599
105000058,566,418,148
105000059,726,349,377
105000060,236,186,50
105000061,879,208,671
105000062,248,266,-18
105000063,113,205,-92
105000064,1664,267,1397
105000065,221,184,37
105000066,399,328,71
105000067,991,360,631
105000068,199,277,-78
105000069,602,1323,-721
105000070,195,634,-439
105000071,98,1119,-1021
105000072,741,2501,-1760
105000073,544,326,218
105000074,157,186,-29
105000075,244,242,2
105000076,572,302,270
105000077,757,201,556
105000078,315,384,-69
105000079,425,895,-470
105000080,1071,1001,70
105000081,587,522,65
105000082,443,905,-462
105000083,1253,1528,-275
105000084,286,442,-156
105000085,1619,1294,325
105000086,355,368,-13
105000087,489,587,-98
105000088,923,1275,-352
105000089,834,372,462
105000090,117,142,-25
105000091,212,236,-24
105000092,270,136,134
105000093,95,158,-63
105000094,66,81,-15
105000095,81,182,-101
105000096,630,1041,-411
105000097,213,246,-33
105000098,768,902,-134
105000099,344,414,-70
105000100,928,334,594
105000101,1027,379,648
105000102,802,486,316
105000103,504,503,1
105000104,1125,223,902
105000105,507,381,126
105000106,863,245,618
105000107,804,221,583
105000108,1007,242,765
105000109,1261,291,970
105000110,617,114,503
105000111,902,168,734
105000112,428,202,226
105000113,386,331,55
105000114,458,882,-424
105000115,159,954,-795
105000116,703,247,456
105000117,365,212,153
105000118,584,136,448
105000119,195,194,1
105000120,1088,196,892
105000121,565,260,305
105000122,277,167,110
105000123,223,222,1
105000124,925,223,702
105000125,564,355,209
105000126,1089,371,718
105000127,1484,497,987
105000128,286,663,-377
105000129,622,105,517
105000130,84,2185,-2101
105000131,88,65,23
105000132,806,434,372
105000133,151,152,-1
105000134,1097,128,969
105000135,114,95,19
105000136,12,39,-27
105000137,284,23,261
105000138,35,33,2
105000139,316,132,184
105000140,528,116,412
105000141,183,67,116
105000142,230,156,74
105000143,85,185,-100
105000144,172,134,38
105000145,516,118,398
105000146,183,132,51
105000147,522,75,447
105000148,453,326,127
105000149,1665,915,750
105000150,423,213,210
105000151,397,159,238
105000152,164,158,6
105000153,642,142,500
105000154,158,197,-39
105000155,293,183,110
105000156,59,228,-169
105000157,293,296,-3
105000158,1273,313,960
105000159,126,371,-245
105000160,2043,381,1662
105000161,348,301,47
105000162,395,1453,-1058
105000163,418,243,175
105000164,29,103,-74
105000165,173,4641,-4468
105000166,1463,962,501
105000167,513,1482,-969
105000168,153,74,79
105000169,343,66,277
105000170,233,495,-262
105000171,572,60,512
105000172,179,5,174
105000173,521,4,517
105000174,78,10,68
105000175,58,35,23
105000176,352,38,314
105000177,248,114,134
105000178,162,88,74
105000179,894,13,881
105000180,125,24,101
105000181,116,84,32
105000182,27,10,17
105000183,801,1242,-441
105000184,75,102,-27
105000185,124,455,-331
105000186,135,242,-107
105000187,329,176,153
105000188,144,160,-16
105000189,31,126,-95
105000190,153,118,35
105000191,133,129,4
105000192,184,58,126
105000193,84,34,50
105000194,459,15,444
105000195,86,143,-57
105000196,46,150,-104
105000197,64,126,-62
105000198,47,54,-7
105000199,30,276,-246
105000200,71,228,-157
105000201,57,13,44
105000203,4,62,-58
105000204,57,33,24
105000205,37,41,-4
105000207,45,20,25
105000208,77,125,-48
105000209,49,26,23
105000211,86,0,86
105000212,484,266,218
105000213,16,60,-44
105000214,39,59,-20
105000215,42,49,-7
105000216,51,28,23
105000217,48,36,12
105000218,1422,234,1188
105000221,97,65,32
105000222,122,48,74
105000223,240,34,206
105000226,49,68,-19
105000227,66,39,27
105000228,29,623,-594
105000229,62,249,-187
105000231,153,69,84
105000233,533,291,242
105000234,151,315,-164
105000235,398,248,150
105000237,827,38,789
105000243,54,11,43
105000248,2,28,-26
105000262,154,76,78
105000269,51,28,23
105000270,346,8,338
105000271,0,56,-56
105000282,16,14,2
105000287,100,50,50
105000288,596,185,411
105000289,501,952,-451
105000290,26,9,17
105000402,526,1403,-877
105000426,148,159,-11
105000438,622,695,-73
105000440,6,1,5
105000446,2011,1771,240
105000447,1044,704,340
105000454,373,67,306
105000455,90,47,43
105000474,45,0,45
105000477,460,219,241
105000478,1179,2627,-1448
105000479,47,22,25
105000480,3017,3650,-633
105000481,2207,1674,533
105000482,1043,1703,-660
105000483,735,899,-164
105000484,539,770,-231
105000485,531,1301,-770
105000486,557,629,-72
105000488,1132,1092,40
105000489,831,250,581
105000549,153,45,108
105000550,103,311,-208
105000551,2,48,-46
105000552,897,382,515
105000555,304,657,-353
105000556,3,2,1
105000557,10,23,-13
105900001,6,798,-792
105900002,299,483,-184
105900003,1,32,-31
105900004,18,6,12
105900005,0,27,-27
105900006,0,34,-34
105900007,10,2,8
105900008,23,88,-65
105900009,90,5,85
105900011,13,16,-3
105900012,159,32,127
105900013,2,7,-5
105900014,5,3,2
105900015,28,84,-56
105900016,241,59,182
105900017,1102,7,1095
105900018,41,62,-21
105900019,21,17,4
105900020,24,44,-20
105900021,1,90,-89
105900022,53,60,-7
105900023,5,19,-14
105900024,0,49,-49
105900025,173,0,173
105900026,62,7,55
105900027,2126,801,1325
105900028,85,58,27
105900029,656,69,587
105900030,62,55,7
105900031,139,19,120
105900032,46,3,43
105900033,29,26,3
105900034,79,32,47
105900035,36,25,11
105900036,40,7,33
105900037,61,20,41
105900038,48,36,12
105900039,61,11,50
105900040,34,9,25
105900041,25,27,-2
105900042,8,31,-23
105900043,292,28,264
105900044,2,58,-56
105900045,2,259,-257
105900046,0,41,-41
105900047,7,3,4
105900048,44,75,-31
105900050,117,540,-423
105900051,4,258,-254
105900052,217,6,211
105900053,555,1757,-1202
105900054,36,44,-8
105900056,98,181,-83
105900057,0,25,-25
105900058,9,8,1
105900059,0,69,-69
106000001,963,820,143
106000002,408,1004,-596
106000003,1598,1972,-374
106000004,1374,1476,-102
106000005,2649,2137,512
106000006,2089,961,1128
106000007,432,77,355
106000008,148,133,15
106000009,288,65,223
106000010,164,239,-75
106000011,1066,401,665
106000012,520,282,238
106000013,1454,623,831
106000014,423,446,-23
106000015,1539,446,1093
106000016,506,604,-98
106000017,757,261,496
106000018,218,300,-82
106000019,475,201,274
106000020,112,108,4
106000021,283,192,91
106000022,158,113,45
106000023,771,162,609
106000024,257,262,-5
106000025,203,131,72
106000026,50,58,-8
106000027,1527,566,961
106000028,247,100,147
106000029,205,182,23
106000030,43,179,-136
106000034,12,108,-96
106000035,567,874,-307
106000036,15,259,-244
106000037,174,334,-160
106000038,8,41,-33
106000039,46,59,-13
106000040,54,919,-865
106000041,439,235,204
106000043,212,104,108
106000046,124,19,105
106000047,14,239,-225
106000049,707,26,681
106000050,38,170,-132
106000051,633,256,377
106000052,1,16,-15
106000053,364,44,320
106000054,3,4,-1
106000055,604,248,356
106000056,2,6,-4
106000057,380,72,308
106000058,2,0,2
106000059,353,133,220
106000060,20,53,-33
106000061,77,458,-381
106000062,69,54,15
106000063,494,431,63
106000064,1,9,-8
106000065,377,94,283
106000066,43,18,25
106000067,273,33,240
106000068,38,25,13
106000069,319,17,302
106000070,117,22,95
106000071,453,113,340
106000072,911,543,368
106000073,777,2877,-2100
106000074,331,279,52
106000075,251,391,-140
106000076,581,394,187
106000077,805,362,443
106000078,754,241,513
106000079,584,136,448
106000080,835,263,572
106000081,601,242,359
106000082,669,238,431
106000083,215,410,-195
106000084,400,228,172
106000085,587,435,152
106000086,220,103,117
106000087,373,195,178
106000088,153,136,17
106000089,595,74,521
106000090,222,209,13
106000091,137,273,-136
106000092,380,242,138
106000093,324,44,280
106000094,27,86,-59
106000095,835,265,570
106000096,964,78,886
106000097,903,301,602
106000098,638,78,560
106000099,48,150,-102
106000100,846,94,752
106000101,561,83,478
106000102,28,174,-146
106000103,197,190,7
106000104,835,180,655
106000105,253,165,88
106000106,671,78,593
106000107,23,120,-97
106000108,424,87,337
106000109,37,55,-18
106000110,272,36,236
106000111,84,62,22
106000112,137,496,-359
106000113,149,244,-95
106000114,263,448,-185
106000115,121,177,-56
106000116,187,74,113
106000117,312,203,109
106000118,657,590,67
106000119,415,241,174
106000120,428,711,-283
106000121,127,49,78
106000122,149,91,58
106000123,531,30,501
106000124,94,52,42
106000125,27,159,-132
106000126,379,31,348
106000127,580,228,352
106000128,759,114,645
106000129,367,222,145
106000130,800,147,653
106000131,23,324,-301
106000132,371,93,278
106000133,639,791,-152
106000134,210,1428,-1218
106000135,114,295,-181
106000136,554,884,-330
106000137,72,403,-331
106000138,1364,25,1339
106000139,92,49,43
106000140,3,7,-4
106000141,13,1,12
106000142,181,73,108
106000143,3,13,-10
106000144,23,52,-29
106000145,61,39,22
106000146,405,19,386
106000147,205,234,-29
106000148,162,391,-229
106000149,443,160,283
106000150,593,1034,-441
106000151,1357,393,964
106000152,493,791,-298
106000153,39,654,-615
106000154,564,73,491
106000155,111,150,-39
106000156,844,58,786
106000157,228,542,-314
106000158,609,336,273
106000159,815,843,-28
106000160,245,1681,-1436
106000161,304,73,231
106000162,348,879,-531
106000163,122,88,34
106000164,443,15,428
106000165,94,133,-39
106000166,519,14,505
106000167,225,232,-7
106000168,544,54,490
106000169,69,99,-30
106000170,574,67,507
106000171,65,322,-257
106000172,1081,317,764
106000173,420,633,-213
106000174,835,98,737
106000175,150,138,12
106000176,1469,272,1197
106000177,487,362,125
106000178,1666,321,1345
106000179,336,205,131
106000180,420,264,156
106000181,1128,525,603
106000182,1275,80,1195
106000183,1053,140,913
106000184,565,200,365
106000185,673,646,27
106000186,135,23,112
106000187,21,431,-410
106000188,0,0,0
106000189,2,3,-1
106000190,45,0,45
106000191,272,29,243
106000192,0,0,0
106000193,41,95,-54
106000194,29,60,-31
106000195,37,14,23
106000196,25,48,-23
106000197,363,29,334
106000198,131,30,101
106000199,221,721,-500
106000200,99,74,25
106000201,75,3481,-3406
106000202,872,223,649
106000203,3,73,-70
106000204,18,0,18
106000205,1,68,-67
106000206,54,5,49
106000207,3,109,-106
106000208,1079,34,1045
106000209,1514,119,1395
106000210,98,237,-139
106000211,136,419,-283
106000212,1202,154,1048
106000213,118,667,-549
106000214,571,160,411
106000215,305,164,141
106000216,497,96,401
106000217,118,157,-39
106000218,298,70,228
106000219,87,104,-17
106000220,379,105,274
106000221,133,37,96
106000222,54,43,11
106000223,279,42,237
106000224,105,89,16
106000225,37,61,-24
106000226,34,84,-50
106000228,1,0,1
106000229,66,125,-59
106000231,734,17,717
106000232,27,45,-18
106000233,353,42,311
106000234,18,81,-63
106000235,62,52,10
106000236,43,181,-138
106000237,0,206,-206
106000238,17,2,15
106000239,1,69,-68
106000240,8,3,5
106000241,3,352,-349
106000242,107,12,95
106000249,103,28,75
106000250,23,329,-306
106000251,60,7,53
106000252,5,0,5
106000253,81,5,76
106000254,34,0,34
106000255,45,39,6
106000256,13,3,10
106000257,24,59,-35
106000258,8,3,5
106000259,8,18,-10
106000260,3,0,3
106000261,2,8,-6
106000262,29,0,29
106000263,8,6,2
106000264,57,0,57
106000265,7,14,-7
106000266,79,8,71
106000267,5,46,-41
106000268,103,3,100
106000269,13,1,12
106000270,54,44,10
106000271,27,19,8
106000272,31,0,31
106000273,5,54,-49
106000274,66,2,64
106000275,110,64,46
106000276,4,9,-5
106000277,47,76,-29
106000278,14,4,10
106000279,0,1,-1
106000280,83,2,81
106000281,11,21,-10
106000282,49,8,41
106000283,16,12,4
106000284,85,29,56
106000285,22,33,-11
106000286,46,16,30
106000287,16,23,-7
106000288,48,15,33
106000289,64,37,27
106000290,51,17,34
106000291,46,27,19
106000292,9,7,2
106000293,59,15,44
106000294,54,14,40
106000295,36,19,17
106000296,6,5,1
106000297,25,56,-31
106000298,12,28,-16
106000299,22,18,4
106000300,29,31,-2
106000301,4,45,-41
106000303,30,5,25
106000304,3,2,1
106000305,22,24,-2
106000306,6,4,2
106000307,104,0,104
106000308,1,26,-25
106000309,2,31,-29
106000310,171,130,41
106000311,229,44,185
106000312,65,49,16
106000313,102,86,16
106000318,4,106,-102
106000319,473,128,345
106000320,4,88,-84
106000321,31,180,-149
106000322,125,38,87
106000324,45,121,-76
106000325,1528,294,1234
106000326,248,456,-208
106000327,186,24,162
106000328,16,13,3
106000329,36,32,4
106000330,10,58,-48
106000428,61,146,-85
106000429,135,285,-150
106000430,275,573,-298
106000431,1719,149,1570
106000432,475,747,-272
106000433,1634,689,945
106000434,2363,664,1699
106000435,849,715,134
106000436,1,67,-66
106000437,374,47,327
106000438,87,226,-139
106000439,5,289,-284
106000440,200,216,-16
106000441,0,0,0
106000442,93,3,90
106000443,167,84,83
106000450,1,69,-68
106000451,22,41,-19
106000454,0,37,-37
106000455,0,97,-97
106000456,100,46,54
106000457,2,115,-113
106000458,821,393,428
106000459,78,122,-44
106000460,1356,49,1307
106000461,92,190,-98
106000462,1,10,-9
106000463,5,146,-141
106000464,3,519,-516
106000465,604,0,604
106000466,0,175,-175
106000467,123,230,-107
106000468,56,53,3
106000469,559,6,553
106000470,34,674,-640
106000471,0,139,-139
106000472,142,7,135
106000473,3,4,-1
106000474,242,348,-106
106000475,227,144,83
106000476,111,171,-60
106000477,8,27,-19
106000480,0,153,-153
106900001,0,0,0
106900002,0,68,-68
106900003,57,334,-277
106900004,1,4,-3
106900006,0,6,-6
106900007,0,2,-2
106900008,292,16,276
106900009,280,53,227
106900010,166,133,33
106900012,430,1514,-1084
106900013,397,131,266
106900014,79,9,70
106900015,0,0,0
106900016,319,6,313
106900017,3,0,3
106900018,20,0,20
106900019,176,0,176
106900020,537,844,-307
106900021,95,19,76
106900022,941,7,934
106900023,15,20,-5
106900024,434,28,406
106900025,5,151,-146
106900026,0,85,-85
106900027,555,4,551
107000001,1590,2162,-572
107000002,727,568,159
107000003,4643,4334,309
107000004,1514,738,776
107000005,4981,3224,1757
107000006,1308,714,594
107000007,2668,2896,-228
107000008,1421,840,581
107000009,5411,3726,1685
107000010,2171,1581,590
107000011,275,273,2
107000012,961,633,328
107000013,43,6,37
107000014,21,21,0
107000015,187,64,123
107000016,247,123,124
107000017,443,310,133
107000018,1,253,-252
107000020,379,384,-5
107000021,281,155,126
107000022,447,483,-36
107000023,687,83,604
107000024,532,616,-84
107000025,173,128,45
107000026,240,187,53
107000027,777,227,550
107000028,676,281,395
107000029,2246,1442,804
107000030,941,734,207
107000031,2718,1121,1597
107000032,107,304,-197
107000033,723,1144,-421
107000034,977,330,647
107000035,103,89,14
107000036,165,576,-411
107000037,75,435,-360
107000038,80,56,24
107000039,376,385,-9
107000040,128,70,58
107000041,521,147,374
107000042,125,1013,-888
107000043,477,184,293
107000044,79,112,-33
107000045,33,77,-44
107000046,347,116,231
107000047,152,210,-58
107000048,283,87,196
107000049,176,223,-47
107000050,266,172,94
107000051,157,177,-20
107000052,383,1036,-653
107000053,177,226,-49
107000054,14,52,-38
107000055,214,117,97
107000056,305,254,51
107000057,568,109,459
107000058,1547,1162,385
107000059,692,1146,-454
107000060,4172,2732,1440
107000061,1545,916,629
107000062,4252,1263,2989
107000063,1016,1056,-40
107000064,3018,1791,1227
107000065,902,1226,-324
107000066,710,1173,-463
107000067,486,390,96
107000068,322,360,-38
107000069,543,370,173
107000070,737,6,731
107000071,2216,22,2194
107000072,2,466,-464
107000073,669,309,360
107000074,49,167,-118
107000075,1062,96,966
107000076,88,343,-255
107000077,1856,230,1626
107000078,203,398,-195
107000079,1899,398,1501
107000080,130,481,-351
107000081,2722,328,2394
107000082,260,195,65
107000083,967,384,583
107000084,115,177,-62
107000085,1317,1156,161
107000086,996,700,296
107000087,1284,910,374
107000088,719,795,-76
107000089,984,773,211
107000090,402,253,149
107000091,877,497,380
107000092,233,246,-13
107000093,900,497,403
107000094,216,287,-71
107000095,961,420,541
107000096,264,275,-11
107000097,1427,182,1245
107000098,158,322,-164
107000099,280,169,111
107000100,52,141,-89
107000101,77,149,-72
107000102,118,155,-37
107000103,289,134,155
107000104,92,154,-62
107000105,316,104,212
107000106,45,102,-57
107000107,550,141,409
107000108,95,175,-80
107000109,599,70,529
107000110,10,252,-242
107000111,309,7,302
107000112,5,268,-263
107000113,756,44,712
107000114,4,336,-332
107000115,569,232,337
107000116,36,200,-164
107000117,66,933,-867
107000118,13,56,-43
107000119,499,1242,-743
107000120,676,389,287
107000121,453,209,244
107000122,282,262,20
107000123,341,177,164
107000124,332,113,219
107000125,824,100,724
107000126,772,137,635
107000129,159,222,-63
107000130,698,337,361
107000131,181,554,-373
107000132,353,126,227
107000133,163,15,148
107000134,146,0,146
107000135,1,147,-146
107000136,269,2,267
107000137,10,111,-101
107000138,17,5,12
107000139,0,142,-142
107000140,709,40,669
107000141,48,149,-101
107000142,275,26,249
107000143,12,162,-150
107000144,200,332,-132
107000145,24,96,-72
107000146,111,164,-53
107000147,1595,319,1276
107000150,38,2241,-2203
107000151,2,4,-2
107000152,164,1789,-1625
107000153,16,92,-76
107000154,2,81,-79
107000155,597,3,594
107000156,724,1,723
107000157,1,221,-220
107000158,670,1,669
107000159,4,162,-158
107000160,1138,50,1088
107000161,15,241,-226
107000162,100,306,-206
107000163,58,0,58
107000164,657,0,657
107000165,1087,6,1081
107000166,4,67,-63
107000167,548,74,474
107000168,500,166,334
107000169,96,137,-41
107000170,2436,195,2241
107000171,103,215,-112
107000172,783,1151,-368
107000173,149,114,35
107000174,732,3610,-2878
107000175,1225,230,995
107000176,0,0,0
107000177,0,0,0
107000178,30,2,28
107000179,167,533,-366
107000180,1528,81,1447
107000181,214,232,-18
107000182,1371,222,1149
107000183,83,237,-154
107000184,943,198,745
107000185,125,312,-187
107000186,535,96,439
107000187,558,483,75
107000188,349,150,199
107000189,526,167,359
107000190,431,207,224
107000191,616,234,382
107000192,750,134,616
107000193,154,102,52
107000194,240,97,143
107000197,586,71,515
107000198,188,393,-205
107000199,199,149,50
107000200,433,325,108
107000201,97,70,27
107000202,83,205,-122
107000203,136,338,-202
107000204,101,887,-786
107000205,209,69,140
107000206,90,409,-319
107000207,125,251,-126
107000208,67,199,-132
107000209,188,187,1
107000210,46,69,-23
107000211,1,10,-9
107000212,13,28,-15
107000213,0,16,-16
107000214,3,16,-13
107000215,322,37,285
107000216,226,84,142
107000217,67,10,57
107000219,31,79,-48
107000220,41,57,-16
107000222,52,66,-14
107000224,245,45,200
107000225,58,135,-77
107000226,376,30,346
107000227,30,48,-18
107000228,29,122,-93
107000229,35,59,-24
107000230,263,164,99
107000231,197,386,-189
107000232,50,9,41
107000233,88,334,-246
107000234,0,24,-24
107000235,32,5,27
107000236,0,99,-99
107000237,28,0,28
107000238,20,0,20
107000239,667,198,469
107000240,19,78,-59
107000243,0,62,-62
107000244,2,3,-1
107000246,1,231,-230
107000249,2,423,-421
107000251,0,33,-33
107000252,0,51,-51
107000255,65,67,-2
107000257,0,266,-266
107000258,1,124,-123
107000259,0,52,-52
107000260,1111,0,1111
107000262,3,78,-75
107000263,357,25,332
107000266,11,3,8
107000267,5,44,-39
107000268,100,9,91
107000269,2,0,2
107000270,153,40,113
107000271,2,0,2
107000272,140,0,140
107000273,0,44,-44
107000274,116,24,92
107000275,0,140,-140
107000280,888,3,885
107000281,14,126,-112
107000282,5,185,-180
107000290,22,11,11
107000291,18,3,15
107000292,0,37,-37
107000293,6,2,4
107000294,0,51,-51
107000295,9,1,8
107000296,0,13,-13
107000444,222,1,221
107000496,1,9,-8
107000497,332,370,-38
107000500,195,47,148
107000501,39,96,-57
107000502,141,123,18
107000505,103,244,-141
107000506,0,0,0
107000508,0,27,-27
107000509,74,329,-255
107000510,3,11,-8
107000514,49,413,-364
107000515,3,36,-33
107000516,345,113,232
107000518,833,1237,-404
107000519,320,109,211
107000520,138,18,120
107000521,688,95,593
107000522,815,355,460
107900001,50,6,44
107900002,13,12,1
107900003,157,0,157
107900004,4,0,4
107900005,1713,6,1707
107900006,37,4,33
107900007,246,4,242
107900008,48,1,47
107900009,47,12,35
107900010,34,0,34
107900012,260,41,219
107900013,102,8,94
107900014,71,1,70
107900015,1230,18,1212
107900016,80,9,71
107900017,12,0,12
107900018,80,336,-256
107900019,0,3,-3
107900020,1,11,-10
107900021,112,1,111
107900023,1,0,1
107900024,0,0,0
107900025,47,41,6
107900026,42,9,33
107900027,13,122,-109
107900028,122,4,118
107900030,196,3,193
107900031,76,22,54
107900032,26,1,25
107900033,27,9,18
107900034,101,1,100
107900035,1015,19,996
107900036,25,40,-15
107900037,0,3,-3
107900038,7,153,-146
107900039,17,1,16
107900040,7,95,-88
107900041,0,0,0
107900043,68,38,30
107900044,2,11,-9
107900045,37,35,2
107900046,328,105,223
107900047,50,4,46
107900048,200,9,191
107900049,56,466,-410
107900050,13,50,-37
107900051,15,10,5
107900052,1,66,-65
107900053,39,9,30
107900055,125,34,91
107900056,37,87,-50
107900057,0,0,0
107900058,20,90,-70
107900060,0,6,-6
107900061,0,23,-23
107900063,61,32,29
107900064,84,298,-214
107900065,327,4,323
107900066,3,0,3
107900067,0,0,0
107900068,7,319,-312
107900069,0,1782,-1782
107900070,103,78,25
107900071,2,167,-165
107900072,99,12,87
107900073,30,5,25
107900074,39,150,-111
107900076,76,9,67
107900077,100,0,100
107900079,11,2,9
107900080,6,137,-131
107900081,3,36,-33
107900082,1,1,0
107900083,252,79,173
107900084,108,67,41
107900086,12,106,-94
107900087,69,9,60
107900088,8,0,8
107900089,35,118,-83
107900090,75,800,-725
107900091,36,45,-9
107900093,20,3,17
107900095,287,627,-340
107900097,25,12,13
107900098,67,104,-37
107900100,95,625,-530
107900101,67,13,54
107900102,12,1,11
107900103,11,31,-20
107900104,206,6,200
107900105,0,17,-17
107900106,0,69,-69
107900107,175,119,56
107900108,37,8,29
107900109,1137,23,1114
107900110,59,24,35
107900111,1,126,-125
107900112,19,164,-145
107900113,100,2,98
107900114,283,32,251
107900115,0,6,-6
107900116,174,26,148
107900117,106,52,54
107900118,3,43,-40
107900119,40,77,-37
107900120,6,0,6
107900121,1,22,-21
107900122,0,7,-7
107900123,1,27,-26
107900124,0,13,-13
107900125,4,35,-31
107900126,5,6,-1
107900127,232,67,165
107900128,38,11,27
107900129,103,17,86
107900130,117,2,115
107900131,5,30,-25
107900132,1,66,-65
107900133,0,13,-13
107900134,7,20,-13
107900135,0,17,-17
107900136,4,12,-8
107900137,7,12,-5
107900138,75,5,70
107900139,80,5,75
107900141,5,3,2
107900142,3,111,-108
107900143,3,3,0
107900144,4,17,-13
107900145,0,9,-9
107900146,5,21,-16
107900147,5,3,2
107900148,191,30,161
107900149,169,17,152
107900150,2,105,-103
107900151,27,13,14
107900152,0,16,-16
107900153,3,72,-69
107900154,32,2,30
107900155,60,1,59
107900156,0,12,-12
107900157,2,16,-14
107900158,673,55,618
107900159,0,88,-88
107900160,73,58,15
107900161,23,36,-13
107900162,0,14,-14
107900163,1,9,-8
107900164,9,3,6
107900165,7,103,-96
107900166,17,19,-2
107900167,1,32,-31
107900168,17,0,17
107900169,0,17,-17
107900171,0,79,-79
107900172,7,41,-34
107900173,89,23,66
107900174,90,4,86
107900175,0,12,-12
107900176,28,1,27
107900177,0,54,-54
107900178,0,19,-19
107900179,0,17,-17
107900180,63,659,-596
107900181,62,101,-39
107900182,0,73,-73
107900183,34,16,18
107900184,34,10,24
107900185,17,3,14
107900186,2,3,-1
107900187,0,11,-11
107900188,117,8,109
107900189,2,8,-6
107900190,16,31,-15
107900191,19,16,3
107900193,0,22,-22
107900194,54,4,50
107900195,128,34,94
107900196,26,2,24
107900197,30,94,-64
107900199,0,135,-135
107900201,26,21,5
107900203,14,7,7
107900204,65,78,-13
107900206,32,281,-249
107900207,0,37,-37
107900208,1,63,-62
107900209,33,16,17
107900210,24,14,10
107900213,58,67,-9
107900214,0,14,-14
107900215,61,118,-57
107900216,2,5,-3
107900217,41,8,33
107900218,0,111,-111
107900219,16,6,10
107900220,0,37,-37
107900221,14,31,-17
107900223,31,14,17
107900224,15,169,-154
107900225,0,39,-39
107900226,0,70,-70
107900227,24,43,-19
107900228,10,31,-21
107900229,2,38,-36
107900230,29,14,15
107900231,15,23,-8
107900232,123,1,122
107900233,0,27,-27
107900234,122,22,100
107900235,2,44,-42
107900236,184,11,173
107900237,15,137,-122
107900238,1,15,-14
107900239,81,228,-147
107900240,3,13,-10
107900241,1,58,-57
107900242,4,17,-13
107900243,0,5,-5
107900244,332,5,327
107900245,516,15,501
107900246,159,60,99
107900248,374,11,363
107900249,528,45,483
107900250,0,56,-56
107900251,1,114,-113
107900252,372,51,321
107900253,126,3,123
107900254,1,58,-57
107900255,12,12,0
107900256,76,219,-143
107900257,172,50,122
107900258,70,23,47
107900259,7,1630,-1623
107900261,0,52,-52
107900262,15,41,-26
107900264,204,1,203
107900265,72,41,31
107900267,251,0,251
107900268,1,0,1
107900269,0,1,-1
107900270,0,12,-12
107900271,0,12,-12
107900272,11,22,-11
107900273,17,28,-11
107900274,88,0,88
107900275,8,2,6
107900276,0,23,-23
107900277,0,22,-22
107900278,264,70,194
107900279,13,45,-32
107900280,578,203,375
107900281,322,3683,-3361
107900282,38,590,-552
107900283,345,264,81
107900284,384,149,235
107900285,114,32,82
107900286,0,5,-5
107900287,279,16,263
107900290,3,263,-260
107900291,322,4,318
107900292,33,38,-5
107900293,24,153,-129
107900295,8,4,4
107900297,1,83,-82
107900298,196,360,-164
107900299,1044,1786,-742
107900301,217,255,-38
107900302,52,5,47
107900303,314,140,174
107900304,235,52,183
107900305,183,1,182
107900306,0,11,-11
107900307,6,79,-73
107900308,120,17,103
107900309,12,0,12
107900310,4,0,4
107900311,170,218,-48
107900312,37,0,37
107900313,0,37,-37
107900314,0,62,-62
107900315,0,21,-21
107900316,26,0,26
107900317,24,0,24
107900318,0,82,-82
107900319,0,22,-22
107900320,0,24,-24
107900321,110,1,109
107900322,0,8,-8
107900323,1,30,-29
107900324,42,0,42
107900325,194,0,194
107900326,302,49,253
107900327,2,57,-55
107900328,0,0,0
107900329,2,30,-28
107900330,10,39,-29
107900331,328,3,325
107900332,276,3,273
107900333,76,1,75
107900334,4,33,-29
107900335,30,2,28
107900336,32,8,24
107900337,213,545,-332
107900338,3,128,-125
107900339,0,6,-6
107900340,2,94,-92
107900341,25,0,25
107900342,135,32,103
107900343,29,0,29
107900344,2,28,-26
107900345,7,6,1
107900346,0,0,0
107900347,5,0,5
107900348,0,0,0
107900349,25,0,25
107900350,1,68,-67
107900351,1,12,-11
107900352,0,6,-6
107900353,10,2,8
107900354,3,197,-194
108000001,2583,1500,1083
108000002,496,747,-251
108000003,1642,809,833
108000004,3924,3645,279
108000005,5221,2223,2998
108000006,1147,1262,-115
108000007,3287,1720,1567
108000008,1182,1223,-41
108000009,3553,1721,1832
108000010,926,1261,-335
108000011,7797,4671,3126
108000012,3265,3248,17
108000014,218,779,-561
108000015,432,120,312
108000016,92,289,-197
108000017,770,150,620
108000018,921,250,671
108000019,293,179,114
108000020,485,102,383
108000021,56,359,-303
108000022,201,263,-62
108000023,811,99,712
108000024,190,80,110
108000025,230,51,179
108000026,563,111,452
108000027,636,91,545
108000028,733,76,657
108000029,339,158,181
108000030,239,69,170
108000031,82,96,-14
108000032,1538,206,1332
108000033,228,216,12
108000034,1344,116,1228
108000035,199,389,-190
108000036,60,315,-255
108000037,1483,118,1365
108000038,2418,139,2279
108000039,132,438,-306
108000040,1309,333,976
108000041,105,457,-352
108000042,393,53,340
108000043,18,62,-44
108000044,633,22,611
108000045,24,124,-100
108000046,1142,47,1095
108000047,81,183,-102
108000048,58,38,20
108000049,625,77,548
108000050,19,134,-115
108000051,289,116,173
108000052,60,112,-52
108000053,242,84,158
108000054,99,344,-245
108000055,537,200,337
108000056,183,409,-226
108000057,460,716,-256
108000058,777,2007,-1230
108000059,774,466,308
108000060,164,301,-137
108000061,99,165,-66
108000062,570,215,355
108000063,278,133,145
108000064,253,157,96
108000065,296,176,120
108000066,652,201,451
108000067,1412,320,1092
108000068,726,145,581
108000069,79,211,-132
108000070,1691,202,1489
108000071,226,355,-129
108000072,819,286,533
108000073,303,363,-60
108000074,530,166,364
108000075,119,150,-31
108000076,671,125,546
108000077,186,174,12
108000078,1942,294,1648
108000079,146,254,-108
108000080,1363,147,1216
108000081,139,316,-177
108000082,186,236,-50
108000083,1208,349,859
108000084,99,206,-107
108000085,774,216,558
108000086,92,107,-15
108000087,85,1244,-1159
108000088,705,95,610
108000089,79,138,-59
108000091,15,191,-176
108000092,307,7,300
108000093,140,175,-35
108000094,769,17,752
108000095,55,126,-71
108000096,461,89,372
108000097,42,103,-61
108000098,1564,420,1144
108000099,666,89,577
108000100,146,245,-99
108000101,901,551,350
108000102,904,1879,-975
108000106,346,0,346
108000107,0,261,-261
108000108,506,45,461
108000109,4,179,-175
108000110,337,59,278
108000111,160,216,-56
108000112,4,77,-73
108000113,135,135,0
108000115,110,90,20
108000117,216,159,57
108000118,102,804,-702
108000119,212,71,141
108000120,56,568,-512
108000121,280,116,164
108000122,592,241,351
108000123,382,62,320
108000124,166,52,114
108000125,374,82,292
108000126,127,57,70
108000127,396,102,294
108000128,588,30,558
108000129,140,89,51
108000130,336,44,292
108000131,560,68,492
108000132,94,170,-76
108000133,1105,63,1042
108000134,115,58,57
108000135,1077,266,811
108000136,42,56,-14
108000137,433,52,381
108000138,206,173,33
108000139,455,118,337
108000140,331,10,321
108000141,15,5,10
108000142,14,10,4
108000143,14,96,-82
108000144,571,28,543
108000145,42,2,40
108000146,680,32,648
108000147,31,4,27
108000148,609,30,579
108000149,13,0,13
108000150,26,2,24
108000151,4,50,-46
108000152,22,60,-38
108000153,568,34,534
108000154,14,3,11
108000155,58,20,38
108000156,308,127,181
108000157,36,1135,-1099
108000158,10,446,-436
108000159,65,70,-5
108000160,822,713,109
108000161,564,2081,-1517
108000165,2,146,-144
108000172,7,104,-97
108000173,253,1077,-824
108000175,655,49,606
108000178,174,80,94
108000179,33,446,-413
108000181,117,6,111
108000182,70,4,66
108000183,3,51,-48
108000184,184,1615,-1431
108000185,151,52,99
108000186,477,26,451
108000187,38,97,-59
108000188,832,47,785
108000189,348,7778,-7430
108000190,0,23,-23
108000192,132,60,72
108000193,140,2,138
108000194,14,1,13
108000195,2,183,-181
108000196,97,53,44
108000198,347,47,300
108000199,0,65,-65
108000200,680,40,640
108000203,56,98,-42
108000204,215,41,174
108000205,62,62,0
108000339,288,144,144
108000364,76,146,-70
108000365,16,87,-71
108000367,39,71,-32
108000368,11,11,0
108000369,124,89,35
108000371,1,383,-382
108000372,422,2,420
108000373,203,131,72
108000376,101,23,78
108000377,467,71,396
108000378,5629,7032,-1403
108000379,1,39,-38
108000381,189,17,172
108000382,69,1,68
108000383,0,117,-117
108900001,10,110,-100
108900002,96,10,86
108900003,30,240,-210
108900004,395,247,148
108900007,159,27,132
108900008,156,23,133
108900009,51,63,-12
108900010,383,25,358
108900011,705,61,644
108900012,360,112,248
108900013,91,76,15
108900014,1,27,-26
108900015,0,134,-134
108900016,0,91,-91
108900017,24,96,-72
108900018,132,116,16
108900019,7,85,-78
108900020,18,39,-21
108900021,31,44,-13
108900022,81,1,80
108900023,7,23,-16
108900024,15,32,-17
108900025,213,7,206
108900026,5,12,-7
108900027,0,21,-21
108900028,60,64,-4
108900029,20,22,-2
108900030,0,7,-7
108900031,42,48,-6
108900032,0,12,-12
108900033,0,31,-31
108900034,0,26,-26
108900035,56,207,-151
108900038,0,80,-80
108900039,0,59,-59
108900040,2,20,-18
108900041,1328,1284,44
108900042,0,173,-173
108900043,9,232,-223
108900044,0,75,-75
108900045,56,75,-19
108900046,3,72,-69
108900047,0,50,-50
108900048,13,103,-90
108900049,399,1008,-609
108900050,2,86,-84
108900051,0,28,-28
108900052,5,25,-20
108900053,8,168,-160
108900054,22,32,-10
108900055,5,73,-68
108900056,0,21,-21
108900057,0,52,-52
108900058,11,51,-40
108900059,443,41,402
108900060,11,30,-19
108900061,5,4,1
108900062,1,56,-55
108900063,33,46,-13
108900064,184,7,177
108900065,14,60,-46
108900066,239,21,218
108900067,1,62,-61
108900068,25,56,-31
108900069,49,9,40
108900070,3,22,-19
108900071,130,17,113
108900072,565,101,464
108900073,1,32,-31
108900074,258,46,212
108900075,4,4,0
108900076,355,8,347
108900077,32,67,-35
108900078,45,21,24
108900079,88,48,40
108900080,8,532,-524
108900081,15,78,-63
108900082,12,42,-30
108900083,2,122,-120
108900085,280,22,258
108900086,108,25,83
108900087,61,29,32
108900088,172,38,134
108900089,1,26,-25
108900090,57,32,25
108900091,54,31,23
108900092,134,71,63
108900093,27,20,7
108900094,107,28,79
108900095,13,25,-12
108900096,86,0,86
108900097,57,86,-29
108900098,438,491,-53
108900099,111,40,71
108900100,25,17,8
108900101,88,121,-33
108900102,3,808,-805
108900103,233,88,145
108900105,2,1491,-1489
108900106,160,49,111
108900108,179,11,168
108900109,532,42,490
108900110,69,32,37
108900111,124,126,-2
108900113,54,4,50
108900114,33,3,30
108900115,161,63,98
108900116,26,3,23
108900117,112,2,110
108900118,445,21,424
108900119,275,11,264
108900120,299,132,167
108900121,118,19,99
108900122,185,9,176
108900123,321,17,304
108900124,415,28,387
108900125,560,4,556
108900126,72,28,44
108900127,207,40,167
108900128,220,3,217
108900129,747,48,699
108900130,235,0,235
108900131,550,2,548
108900132,299,22,277
108900133,190,13,177
108900134,467,29,438
108900135,251,0,251
108900136,7,0,7
108900137,199,1,198
108900138,433,9,424
108900140,442,23,419
108900141,312,2,310
108900142,31,2,29
108900143,103,1,102
108900144,51,0,51
108900145,127,5,122
108900146,79,0,79
108900147,249,0,249
108900148,20,1,19
108900150,124,16,108
108900151,39,1,38
108900152,42,1,41
108900153,53,40,13
108900154,3138,141,2997
108900156,58,1,57
108900157,10,73,-63
108900158,362,5,357
108900159,3,64,-61
108900160,3,108,-105
108900161,4,74,-70
108900162,141,16,125
108900163,0,418,-418
108900164,53,3,50
108900168,1390,1081,309
108900169,21,31,-10
108900171,712,2089,-1377
108900172,150,29,121
108900173,40,77,-37
108900174,839,76,763
108900176,15,56,-41
108900177,1173,4519,-3346
108900178,846,2708,-1862
108900180,74,115,-41
108900183,61,56,5
108900184,236,46,190
108900185,21,92,-71
108900186,16,100,-84
108900189,119,11,108
108900190,4,293,-289
108900192,17,57,-40
108900195,63,37,26
108900196,4,48,-44
108900199,53,56,-3
108900200,436,176,260
108900201,107,296,-189
108900203,258,48,210
108900204,213,2,211
108900205,175,10,165
108900206,307,28,279
108900207,143,152,-9
108900208,10,70,-60
108900209,59,90,-31
108900210,93,15,78
108900211,15,185,-170
108900212,49,553,-504
108900215,54,120,-66
108900216,88,141,-53
108900217,35,0,35
108900218,14,11,3
108900221,14,21,-7
108900224,76,39,37
108900225,1,111,-110
108900227,87,110,-23
108900230,36,46,-10
108900232,7,89,-82
108900233,285,43,242
108900234,90,27,63
108900235,73,128,-55
108900236,6,125,-119
108900240,72,16,56
108900241,50,45,5
108900245,0,924,-924
108900250,145,15,130
108900258,0,13,-13
108900259,0,8,-8
108900260,1,1,0
108900261,6,11,-5
108900262,43,6,37
108900263,29,14,15
108900264,16,16,0
108900265,77,189,-112
108900266,84,484,-400
108900267,0,132,-132
108900268,1,3,-2
108900269,16,7,9
108900270,87,1,86
108900271,25,2,23
108900272,174,1,173
108900273,73,218,-145
108900274,5,8,-3
109000001,1877,2286,-409
109000002,354,1043,-689
109000003,2019,229,1790
109000004,283,786,-503
109000005,1505,251,1254
109000006,274,419,-145
109000007,1623,185,1438
109000008,282,394,-112
109000009,2360,434,1926
109000010,243,745,-502
109000011,3343,914,2429
109000012,640,832,-192
109000013,3755,2514,1241
109000014,641,494,147
109000015,2175,7132,-4957
109000016,980,562,418
109000017,2605,377,2228
109000018,429,611,-182
109000019,1896,504,1392
109000020,474,490,-16
109000023,105,0,105
109000024,20,140,-120
109000025,158,293,-135
109000026,141,115,26
109000027,56,232,-176
109000028,33,17,16
109000029,70,181,-111
109000030,0,76,-76
109000031,306,40,266
109000032,4,74,-70
109000033,432,75,357
109000034,6,26,-20
109000035,1,21,-20
109000036,10,247,-237
109000037,277,2067,-1790
109000038,118,129,-11
109000039,523,532,-9
109000040,981,10327,-9346
109000041,483,1501,-1018
109000042,305,1000,-695
109000044,263,6,257
109000045,61,17,44
109000046,448,8,440
109000047,23,18,5
109000048,175,87,88
109000049,48,28,20
109000050,205,48,157
109000051,32,25,7
109000052,264,245,19
109000053,188,16,172
109000054,24,115,-91
109000055,87,41,46
109000056,55,60,-5
109000057,578,264,314
109000058,83,57,26
109000059,25,590,-565
109000060,38,373,-335
109000061,147,834,-687
109000062,48,227,-179
109000063,125,14,111
109000064,379,21,358
109000065,146,22,124
109000066,275,45,230
109000067,28,34,-6
109000068,194,23,171
109000069,314,6,308
109000070,1,282,-281
109000071,152,34,118
109000072,33,130,-97
109000073,37,53,-16
109000074,2,82,-80
109000075,22,38,-16
109000076,37,138,-101
109000077,99,117,-18
109000078,42,90,-48
109000079,46,122,-76
109000080,165,53,112
109000081,125,101,24
109000082,567,73,494
109000083,141,154,-13
109000088,94,95,-1
109000089,289,43,246
109000090,75,109,-34
109000091,407,20,387
109000092,59,65,-6
109000093,323,60,263
109000094,777,1,776
109000095,106,155,-49
109000096,839,33,806
109000097,13,58,-45
109000098,25,125,-100
109000099,511,79,432
109000100,167,205,-38
109000101,1150,172,978
109000102,299,150,149
109000103,361,114,247
109000104,1701,126,1575
109000105,196,207,-11
109000106,1173,141,1032
109000107,299,214,85
109000108,1662,196,1466
109000109,199,194,5
109000110,771,224,547
109000111,303,287,16
109000112,62,56,6
109000113,90,32,58
109000114,75,86,-11
109000115,295,20,275
109000116,1,134,-133
109000117,142,4,138
109000118,3,111,-108
109000119,1381,16,1365
109000120,124,147,-23
109000121,489,1,488
109000122,94,111,-17
109000123,17,49,-32
109000124,500,70,430
109000125,667,150,517
109000126,221,102,119
109000127,859,66,793
109000128,190,268,-78
109000129,2466,113,2353
109000130,153,273,-120
109000131,399,390,9
109000132,145,578,-433
109000133,81,201,-120
109000134,164,276,-112
109000135,167,249,-82
109000136,123,143,-20
109000137,160,106,54
109000138,209,75,134
109000139,312,70,242
109000140,98,92,6
109000141,221,169,52
109000142,32,104,-72
109000143,15,22,-7
109000145,37,113,-76
109000146,15,11,4
109000148,415,441,-26
109000149,2,32,-30
109000150,15,44,-29
109000155,438,411,27
109000156,399,62,337
109000158,30,110,-80
109000159,60,102,-42
109000160,962,66,896
109000161,342,198,144
109000162,1331,127,1204
109000163,800,262,538
109000164,716,721,-5
109000165,853,194,659
109000166,523,63,460
109000167,83,87,-4
109000170,14,12,2
109000171,58,6,52
109000172,5,21,-16
109000173,2,82,-80
109000174,132,7,125
109000175,12,15,-3
109000176,189,49,140
109000177,6,7,-1
109000178,638,52,586
109000179,1074,3433,-2359
109000180,1195,1280,-85
109000181,30,2,28
109000182,11,3,8
109000183,48,3,45
109000184,18,8,10
109000185,5,1,4
109000188,186,303,-117
109000189,1909,159,1750
109000190,434,224,210
109000191,173,154,19
109000192,427,43,384
109000193,274,33,241
109000194,141,16,125
109000195,104,29,75
109000196,139,16,123
109000197,82,67,15
109000198,268,26,242
109000199,33,55,-22
109000206,70,3,67
109000207,128,1,127
109000208,63,64,-1
109000209,110,29,81
109000210,29,106,-77
109000211,964,108,856
109000214,129,114,15
109000215,56,30,26
109000216,270,259,11
109000217,15,71,-56
109000218,117,88,29
109000221,74,139,-65
109000222,359,37,322
109000223,292,227,65
109000224,83,71,12
109000225,139,10,129
109000226,32,39,-7
109000227,1255,132,1123
109000228,0,105,-105
109000231,0,33,-33
109000232,527,49,478
109000236,111,219,-108
109000241,778,253,525
109000242,690,160,530
109000293,36,24,12
109000361,107,75,32
109000364,27,117,-90
109000396,4,107,-103
109000397,479,8,471
109000399,27,114,-87
109000400,89,67,22
109000403,1,535,-534
109000406,403,4,399
109000407,62,38,24
109000408,0,2,-2
109000410,329,77,252
109000411,147,8,139
109900001,53,0,53
109900002,427,5,422
109900003,506,6,500
109900004,69,20,49
109900005,7,2,5
109900006,209,17,192
109900007,928,88,840
109900008,0,3,-3
109900009,32,98,-66
109900010,419,2,417
109900011,56,27,29
109900012,278,59,219
109900013,230,60,170
109900014,154,25,129
109900015,85,10,75
109900016,54,16,38
109900017,149,52,97
109900018,97,2,95
109900019,74,6,68
109900020,28,7,21
109900021,14,2,12
109900022,85,35,50
109900023,33,5,28
109900024,1,0,1
109900025,2,15,-13
109900026,0,87,-87
109900027,26,24,2
109900028,242,1370,-1128
109900029,0,38,-38
109900030,2,1,1
109900031,0,169,-169
109900032,1,40,-39
109900033,0,117,-117
109900034,33,20,13
109900035,22,25,-3
109900036,0,6,-6
109900037,19,100,-81
109900038,38,37,1
109900039,1,0,1
109900040,27,135,-108
109900041,15,57,-42
109900042,14,58,-44
109900044,16,42,-26
109900045,61,17,44
109900046,117,24,93
109900047,63,82,-19
109900048,0,21,-21
109900049,2,13,-11
109900050,0,27,-27
109900051,0,2,-2
109900052,7,65,-58
109900053,0,32,-32
109900054,952,35,917
109900055,103,64,39
109900056,3,85,-82
109900057,0,32,-32
109900058,1,4,-3
109900059,1272,19,1253
109900060,693,21,672
109900061,44,34,10
109900062,0,25,-25
109900063,18,195,-177
109900064,416,39,377
109900065,46,38,8
109900066,31,201,-170
109900067,0,73,-73
109900068,65,5,60
109900069,0,3,-3
109900070,14,39,-25
109900071,0,3,-3
109900072,3,22,-19
109900073,370,38,332
109900074,0,7,-7
109900075,2,5,-3
109900076,2,57,-55
109900077,4,17,-13
109900078,37,35,2
109900080,69,32,37
109900081,0,74,-74
109900082,6,21,-15
109900083,1,14,-13
109900084,13,33,-20
109900085,18,83,-65
109900086,13,523,-510
109900087,46,78,-32
109900089,436,21,415
109900090,171,202,-31
109900091,498,13,485
109900092,75,16,59
109900093,831,45,786
109900094,6,7,-1
109900095,10,54,-44
109900096,34,0,34
109900097,117,0,117
109900098,524,6,518
109900099,302,0,302
109900100,23,0,23
109900101,988,4,984
109900102,206,3,203
109900103,12,33,-21
109900104,820,134,686
109900105,537,16,521
109900106,253,23,230
109900107,362,17,345
109900108,47,40,7
109900109,5,7,-2
109900110,25,79,-54
109900111,24,92,-68
109900112,59,66,-7
109900113,585,191,394
109900114,79,553,-474
109900115,73,36,37
109900117,1053,21,1032
109900118,96,49,47
109900119,61,52,9
109900120,37,22,15
109900121,85,45,40
109900122,694,3,691
109900123,1,23,-22
109900124,9,36,-27
109900125,0,74,-74
109900126,425,3,422
109900128,250,3,247
109900130,1087,2177,-1090
109900131,1,44,-43
109900132,4,27,-23
109900133,66,69,-3
109900134,13,20,-7
109900135,21,22,-1
109900136,3,17,-14
109900137,120,37,83
109900140,51,34,17
109900142,1326,50,1276
109900145,0,350,-350
109900146,23,18,5
109900148,2,21,-19
109900149,8,12,-4
109900150,0,9,-9
109900151,8,5,3
109900152,0,12,-12
109900153,0,1,-1
109900154,3,0,3
109900155,9,5,4
109900157,27,44,-17
109900158,26,9,17
109900159,30,2,28
109900160,64,5,59
109900161,207,20,187
109900162,154,20,134
109900163,152,43,109
109900164,32,106,-74
109900165,57,2,55
109900166,0,17,-17
109900167,69,110,-41
109900168,54,141,-87
109900169,144,49,95
109900170,79,697,-618
109900171,156,72,84
109900172,93,94,-1
109900173,501,1173,-672
109900174,8,18,-10
109900175,24,14,10
109900176,18,33,-15
109900177,6,14,-8
109900178,3,32,-29
109900179,3,27,-24
109900180,2,0,2
110000001,150,157,-7
110000002,378,287,91
110000003,200,288,-88
110000004,339,322,17
110000005,171,1406,-1235
110000006,101,167,-66
110000007,79,24,55
110000008,7,127,-120
110000009,6,4,2
110000010,9,50,-41
110000011,2,10,-8
110000012,175,149,26
110000013,4,345,-341
110000014,377,229,148
110000015,80,292,-212
110000016,174,805,-631
110000017,1301,147,1154
110000018,811,161,650
110000019,13,17,-4
110000020,96,97,-1
110000021,71,61,10
110000022,455,20,435
110000023,0,24,-24
110000024,165,136,29
110000025,649,3,646
110000026,1,101,-100
110000027,197,208,-11
110000028,554,143,411
110000029,135,242,-107
110000030,173,210,-37
110000031,91,153,-62
110000032,592,70,522
110000033,29,71,-42
110000034,585,198,387
110000035,191,381,-190
110000036,911,171,740
110000037,44,144,-100
110000038,113,434,-321
110000039,465,3362,-2897
110000040,191,116,75
110000041,213,2104,-1891
110000042,6,70,-64
110000043,429,209,220
110000044,50,55,-5
110000045,28,43,-15
110000046,0,37,-37
110000047,16,21,-5
110000048,5,179,-174
110000049,7,10,-3
110000050,3,150,-147
110000051,1,1,0
110000052,11,28,-17
110000053,1,0,1
110000054,52,114,-62
110000055,68,12,56
110000056,66,31,35
110000057,90,483,-393
110000058,259,158,101
110000059,210,202,8
110000060,756,294,462
110000061,218,233,-15
110000062,457,224,233
110000063,33,130,-97
110000064,27,13,14
110000065,83,72,11
110000066,70,16,54
110000067,19,45,-26
110000068,67,47,20
110000069,521,0,521
110000071,376,0,376
110000073,8,1,7
110000075,59,2,57
110000076,294,284,10
110000077,75,536,-461
110000078,69,19,50
110000080,58,96,-38
110000081,3,40,-37
110000082,0,112,-112
110000083,57,148,-91
110000084,704,440,264
110000085,506,313,193
110000086,296,952,-656
110000087,9,3,6
110000088,166,91,75
110000089,169,64,105
110000090,78,91,-13
110000091,144,59,85
110000092,3,62,-59
110000093,7,6,1
110000094,164,42,122
110000095,77,483,-406
110000096,523,1464,-941
110000097,322,1007,-685
110000098,758,152,606
110000099,564,707,-143
110000100,1358,31,1327
110000101,110,72,38
110000102,49,53,-4
110000104,150,96,54
110000105,58,118,-60
110000106,102,276,-174
110000107,42,156,-114
110000108,53,96,-43
110000109,28,67,-39
110000110,584,1382,-798
110000111,1161,1468,-307
110000112,85,267,-182
110000113,36,1548,-1512
110000114,202,404,-202
110000115,379,98,281
110000116,37,21,16
110000117,338,61,277
110000118,546,57,489
110000119,495,98,397
110000120,132,17,115
110000121,45,296,-251
110000122,97,205,-108
110000123,261,152,109
110000124,0,231,-231
110000125,230,2,228
110000126,70,1,69
110000127,425,1,424
110000128,3,217,-214
110000129,1,111,-110
110000130,185,61,124
110000131,40,41,-1
110000132,0,121,-121
110000133,14,119,-105
110000134,21,131,-110
110000135,134,3,131
110000136,27,66,-39
110000137,428,95,333
110000138,530,142,388
110000139,711,134,577
110000140,376,248,128
110000143,139,151,-12
110000144,635,616,19
110000145,510,321,189
110000146,400,166,234
110000147,107,377,-270
110000148,453,57,396
110000151,216,291,-75
110000152,141,164,-23
110000153,213,18,195
110000154,3,18,-15
110000155,152,601,-449
110000156,297,397,-100
110000157,206,1013,-807
110000160,97,72,25
110000161,55,89,-34
110000166,610,17,593
110000167,1126,353,773
110000168,332,378,-46
110000169,396,191,205
110000170,76,24,52
110000171,209,54,155
110000172,150,180,-30
110000173,194,113,81
110000174,67,102,-35
110000175,1063,49,1014
110000176,27,501,-474
110000177,61,926,-865
110000178,174,1797,-1623
110000179,445,80,365
110000180,145,85,60
110000181,635,200,435
110000182,48,33,15
110000183,2548,4106,-1558
110000184,160,1689,-1529
110000185,95,282,-187
110000186,196,572,-376
110000191,1148,218,930
110000192,511,16,495
110000193,953,4,949
110000194,16,118,-102
110000195,294,19,275
110000196,327,36,291
110000197,29,4,25
110000198,27,5,22
110000199,29,22,7
110000200,173,71,102
110000201,490,569,-79
110000202,621,230,391
110000203,54,107,-53
110000204,2,53,-51
110000205,335,9,326
110000206,117,157,-40
110000207,1083,42,1041
110000208,37,150,-113
110000209,42,128,-86
110000210,1227,146,1081
110000211,652,227,425
110000212,201,821,-620
110000213,117,5,112
110000214,280,2,278
110000215,15,53,-38
110000216,19,47,-28
110000217,273,15,258
110000218,126,54,72
110000219,210,6,204
110000220,2,33,-31
110000221,447,2,445
110000222,36,69,-33
110000223,9,48,-39
110000224,0,1,-1
110000225,93,234,-141
110000226,241,24,217
110000227,110,202,-92
110000228,171,10,161
110000229,0,52,-52
110000230,284,279,5
110000231,162,146,16
110000232,53,71,-18
110000233,53,123,-70
110000234,316,123,193
110000235,489,321,168
110000236,185,97,88
110000237,1161,386,775
110000238,518,256,262
110000239,873,222,651
110000240,1,4,-3
110000242,0,2,-2
110000243,127,51,76
110000244,9,50,-41
110000245,7,179,-172
110000246,714,108,606
110000247,474,477,-3
110000248,634,193,441
110000249,67,1,66
110000250,4,45,-41
110000251,200,35,165
110000252,357,46,311
110000253,1333,62,1271
110000254,480,87,393
110000255,85,151,-66
110000256,343,43,300
110000257,73,30,43
110000258,3,27,-24
110000259,133,4,129
110000260,44,33,11
110000263,377,17,360
110000264,390,65,325
110000265,716,533,183
110000266,508,699,-191
110000267,25,22,3
110000268,166,20,146
110000269,0,25,-25
110000270,29,0,29
110000271,484,46,438
110000272,406,440,-34
110000273,330,368,-38
110000274,72,1484,-1412
110000275,325,177,148
110000276,86,304,-218
110000277,235,53,182
110000278,117,171,-54
110000279,575,140,435
110000280,371,117,254
110000281,37,19,18
110000282,65,4,61
110000283,0,14,-14
110000284,0,20,-20
110000285,2,54,-52
110000286,2,0,2
110000287,61,0,61
110000288,1,14,-13
110000289,205,1668,-1463
110000290,150,422,-272
110000291,819,331,488
110000292,253,4232,-3979
110000293,317,170,147
110000294,1131,1136,-5
110000295,35,235,-200
110000296,395,82,313
110000297,1712,47,1665
110000298,19,132,-113
110000299,95,22,73
110000301,302,11,291
110000302,302,255,47
110000303,415,1,414
110000304,155,37,118
110000305,1338,5,1333
110000306,280,146,134
110000307,1671,5,1666
110000308,236,0,236
110000309,0,148,-148
110000310,680,10,670
110000311,2,97,-95
110000312,412,26,386
110000313,972,404,568
110000314,0,58,-58
110000315,567,809,-242
110000316,106,437,-331
110000317,71,111,-40
110000318,0,10,-10
110000319,0,6,-6
110000320,1,9,-8
110000321,38,27,11
110000322,33,94,-61
110000323,540,50,490
110000324,468,476,-8
110000325,709,2797,-2088
110000327,164,74,90
110000328,35,93,-58
110000333,615,612,3
110000334,127,253,-126
110000335,392,142,250
110000336,183,158,25
110000337,1353,138,1215
110000338,272,73,199
110000339,444,37,407
110000340,30,24,6
110000341,267,111,156
110000342,22,0,22
110000343,0,0,0
110000344,25,33,-8
110000345,29,95,-66
110000346,467,545,-78
110000347,622,219,403
110000348,23,6,17
110000349,18,2,16
110000350,44,0,44
110000351,1166,203,963
110000352,245,925,-680
110000353,1416,207,1209
110000354,274,1819,-1545
110000355,233,26,207
110000356,157,2,155
110000357,477,18,459
110000361,15,14,1
110000362,98,2,96
110000363,469,5,464
110000364,223,96,127
110000365,54,0,54
110000366,0,83,-83
110000367,233,51,182
110000368,0,34,-34
110000369,32,3,29
110000373,0,94,-94
110000374,45,15,30
110000375,38,318,-280
110000376,7,17,-10
110000377,54,168,-114
110000378,7,244,-237
110000379,837,1765,-928
110000380,63,10,53
110000383,0,238,-238
110000384,411,34,377
110000385,0,48,-48
110000387,94,2,92
110000388,12,45,-33
110000389,173,0,173
110000391,711,66,645
110000396,111,10,101
110000397,72,3,69
110000398,0,3,-3
110000399,71,3,68
110000587,118,26,92
110000589,178,24,154
110000640,68,23,45
110000652,0,103,-103
110000653,176,141,35
110000654,0,120,-120
110000656,0,106,-106
110000674,48,11,37
110000675,7,2,5
110000676,0,5,-5
110000679,65,422,-357
110000682,68,99,-31
110000683,120,61,59
110000684,0,29,-29
110000685,3,12,-9
110000686,0,38,-38
110000687,11,0,11
110000688,20,975,-955
110000689,14,6,8
110000692,18,28,-10
110000693,2,148,-146
110000694,0,35,-35
110000695,15,112,-97
110000696,38,19,19
110900001,165,3,162
110900002,148,42,106
110900003,1078,77,1001
110900004,451,17,434
110900005,587,2357,-1770
110900006,50,37,13
110900007,171,82,89
110900008,0,8,-8
110900009,223,356,-133
110900010,0,7,-7
110900011,1,17,-16
110900012,0,45,-45
110900013,728,22,706
110900014,220,0,220
110900015,66,289,-223
110900016,36,76,-40
110900017,335,7,328
110900018,398,14,384
110900019,318,1,317
110900020,93,73,20
110900021,67,57,10
110900022,24,49,-25
110900023,6,99,-93
110900024,35,32,3
110900025,0,1,-1
110900027,15,28,-13
110900028,0,21,-21
110900029,5,48,-43
110900030,3,61,-58
110900031,0,34,-34
110900032,0,15,-15
110900033,31,48,-17
110900035,16,256,-240
110900036,73,2,71
110900037,34,1,33
110900038,118,29,89
110900039,0,98,-98
110900040,109,1,108
110900041,0,4,-4
110900042,40,15,25
110900043,0,9,-9
110900044,16,5,11
110900045,79,71,8
110900046,6,8,-2
110900047,30,216,-186
110900049,77,49,28
110900050,18,0,18
110900051,8,37,-29
110900052,0,116,-116
110900053,94,0,94
110900054,15,29,-14
110900055,6,0,6
110900056,8,67,-59
110900057,0,93,-93
110900058,181,11,170
110900059,120,127,-7
110900060,162,13,149
110900061,1,25,-24
110900062,72,22,50
110900063,8,46,-38
110900064,12,0,12
110900065,52,17,35
110900066,9,20,-11
110900067,42,380,-338
110900068,81,20,61
110900069,2,3,-1
110900070,71,7,64
110900071,52,907,-855
110900073,0,6,-6
110900074,591,35,556
110900075,403,25,378
110900077,913,74,839
110900078,38,2,36
110900079,407,206,201
110900080,143,16,127
110900081,0,6,-6
110900082,131,18,113
110900083,99,18,81
110900084,17,4,13
110900085,34,49,-15
110900086,9,109,-100
110900087,265,9,256
110900088,0,0,0
110900090,10,42,-32
110900091,0,25,-25
110900093,113,19,94
110900095,9,2,7
110900097,5,0,5
110900098,0,17,-17
110900099,25,45,-20
110900100,0,12,-12
110900102,33,70,-37
110900105,139,52,87
110900108,14,52,-38
110900111,45,12,33
110900112,338,1,337
110900113,71,27,44
110900115,1,6,-5
110900116,1006,311,695
110900118,22,2863,-2841
110900119,858,62,796
110900120,77,31,46
110900121,33,2,31
110900122,299,64,235
110900125,156,379,-223
110900127,45,371,-326
110900128,73,116,-43
110900129,53,369,-316
110900130,79,168,-89
110900131,114,4,110
110900132,379,3,376
110900133,51,18,33
110900135,32,43,-11
110900136,266,2,264
110900138,0,0,0
110900139,9,0,9
110900140,0,0,0
110900141,208,71,137
110900142,34,12,22
110900143,262,22,240
110900144,0,65,-65
110900145,108,108,0
110900146,77,179,-102
110900147,6,14,-8
110900148,0,6,-6
110900149,0,1,-1
110900150,7,7,0
110900151,0,21,-21
110900152,10,15,-5
110900153,168,14,154
111000001,596,304,292
111000002,466,492,-26
111000003,1579,780,799
111000004,359,524,-165
111000005,419,758,-339
111000006,543,1121,-578
111000007,1946,1888,58
111000008,1611,2083,-472
111000009,187,399,-212
111000010,844,292,552
111000011,78,550,-472
111000012,133,357,-224
111000013,189,588,-399
111000014,1278,221,1057
111000017,7,392,-385
111000018,56,127,-71
111000020,165,422,-257
111000021,5,34,-29
111000023,44,30,14
111000025,1143,1432,-289
111000029,77,10,67
111000030,18,15,3
111000031,734,341,393
111000032,328,99,229
111000033,128,29,99
111000034,148,88,60
111000037,340,270,70
111000038,638,404,234
111000039,436,389,47
111000040,594,398,196
111000041,98,133,-35
111000042,927,986,-59
111000043,1166,2057,-891
111000044,1181,205,976
111000045,1848,783,1065
111000046,1276,693,583
111000047,1509,3936,-2427
111000049,43,134,-91
111000050,254,188,66
111000051,170,177,-7
111000052,118,213,-95
111000053,97,155,-58
111000054,139,149,-10
111000055,383,365,18
111000056,102,191,-89
111000057,67,113,-46
111000058,471,71,400
111000059,446,154,292
111000060,2843,380,2463
111000061,523,90,433
111000062,812,133,679
111000063,862,473,389
111000064,1007,163,844
111000065,940,389,551
111000066,501,103,398
111000067,638,156,482
111000068,390,89,301
111000069,389,566,-177
111000070,268,175,93
111000071,68,97,-29
111000072,837,327,510
111000073,105,792,-687
111000074,728,479,249
111000075,412,148,264
111000076,495,161,334
111000077,581,291,290
111000078,679,164,515
111000079,518,159,359
111000080,310,175,135
111000081,961,2939,-1978
111000082,547,117,430
111000084,451,271,180
111000085,463,470,-7
111000086,778,254,524
111000087,378,136,242
111000088,1720,1779,-59
111000089,359,304,55
111000090,284,364,-80
111000091,240,188,52
111000092,1141,269,872
111000093,600,373,227
111000094,714,291,423
111000095,421,1180,-759
111000096,393,3956,-3563
111000097,1161,438,723
111000098,130,167,-37
111000099,195,469,-274
111000100,271,401,-130
111000101,129,217,-88
111000102,46,74,-28
111000104,748,22,726
111000107,54,59,-5
111000109,712,37,675
111000110,756,235,521
111000111,2524,69,2455
111000112,1566,46,1520
111000113,663,1515,-852
111000114,650,2406,-1756
111000115,1378,360,1018
111000116,494,256,238
111000117,194,198,-4
111000118,390,235,155
111000119,867,266,601
111000120,577,273,304
111000121,212,182,30
111000122,103,269,-166
111000123,449,636,-187
111000124,113,622,-509
111000125,159,212,-53
111000126,57,106,-49
111000127,704,40,664
111000128,1815,57,1758
111000129,2071,76,1995
111000130,2025,95,1930
111000131,2093,157,1936
111000132,1570,1049,521
111000133,61,37,24
111000134,43,3,40
111000135,38,73,-35
111000136,293,95,198
111000138,5,11,-6
111000140,0,93,-93
111000141,23,147,-124
111000142,1,90,-89
111000143,1,104,-103
111000144,3,200,-197
111000145,51,3,48
111000146,96,11,85
111000147,28,7,21
111000148,45,52,-7
111000149,0,213,-213
111000150,57,1,56
111000151,0,1,-1
111000153,152,66,86
111000154,183,84,99
111000155,153,27,126
111000156,302,128,174
111000157,90,203,-113
111000158,427,354,73
111000159,1130,397,733
111000160,345,155,190
111000161,1,240,-239
111000162,3,33,-30
111000163,461,328,133
111000164,177,936,-759
111000165,282,67,215
111000166,87,63,24
111000167,55,94,-39
111000168,79,106,-27
111000169,112,81,31
111000170,81,92,-11
111000171,126,90,36
111000172,127,249,-122
111000173,48,457,-409
111000174,250,95,155
111000175,61,63,-2
111000176,367,15,352
111000177,929,114,815
111000178,1925,171,1754
111000179,447,49,398
111000180,209,173,36
111000181,1363,57,1306
111000182,210,39,171
111000183,115,44,71
111000184,131,54,77
111000185,98,44,54
111000186,91,51,40
111000187,197,54,143
111000188,194,77,117
111000189,79,155,-76
111000190,52,47,5
111000191,60,38,22
111000192,32,83,-51
111000193,112,33,79
111000194,16,26,-10
111000195,14,56,-42
111000196,30,36,-6
111000197,391,13,378
111000198,293,14,279
111000199,314,84,230
111000200,409,159,250
111000201,583,42,541
111000202,330,20,310
111000203,284,58,226
111000204,176,894,-718
111000213,93,132,-39
111000214,452,231,221
111000215,659,337,322
111000217,1060,243,817
111000218,1380,332,1048
111000219,81,56,25
111000220,311,308,3
111000221,47,25,22
111000224,6,112,-106
111000225,307,224,83
111000226,25,2,23
111000227,25,0,25
111000228,2,447,-445
111000229,15,1380,-1365
111000230,17,67,-50
111000231,374,71,303
111000232,562,112,450
111000233,984,164,820
111000234,108,167,-59
111000239,10,19,-9
111000240,44,236,-192
111000241,31,28,3
111000242,171,33,138
111000243,114,73,41
111000244,635,38,597
111000245,324,43,281
111000246,507,50,457
111000247,367,97,270
111000248,413,42,371
111000249,387,99,288
111000250,33,11,22
111000251,21,18,3
111000253,33,2,31
111000255,25,0,25
111000257,12,0,12
111000260,16,335,-319
111000261,956,40,916
111000271,9,61,-52
111000273,1060,456,604
111000274,855,1110,-255
111000275,23,4,19
111000276,77,287,-210
111000277,122,69,53
111000278,152,69,83
111000291,706,7232,-6526
111000298,297,67,230
111000299,407,47,360
111000300,22,123,-101
111000302,286,37,249
111000303,86,28,58
111000312,35,4,31
111000315,6,75,-69
111000320,70,48,22
111000321,273,47,226
111000322,176,84,92
111000323,259,26,233
111000324,154,38,116
111000325,12,11,1
111000326,98,76,22
111000327,208,109,99
111000328,292,222,70
111000329,2,13,-11
111000330,33,1,32
111000331,3,7,-4
111000332,272,232,40
111000334,72,223,-151
111000335,797,27,770
111000337,1164,91,1073
111000338,31,25,6
111000339,613,29,584
111000340,26,130,-104
111000341,1277,489,788
111000342,15,419,-404
111000344,675,248,427
111000345,41,89,-48
111000346,15,96,-81
111000347,90,1,89
111000350,58,52,6
111000351,22,140,-118
111000352,143,20,123
111000353,73,44,29
111000354,288,20,268
111000355,155,103,52
111000358,69,237,-168
111000360,76,130,-54
111000361,167,80,87
111000546,426,87,339
111000547,332,69,263
111000548,48,24,24
111000549,116,23,93
111000550,14,348,-334
111000551,73,19,54
111000552,150,59,91
111000907,789,19,770
111000908,36,0,36
111000916,1831,46,1785
111000917,36,168,-132
111000918,113,163,-50
111000920,497,22,475
111000921,0,26,-26
111000922,465,34,431
111000924,10,162,-152
111000925,2871,961,1910
111000926,773,543,230
111000927,1561,2171,-610
111000928,1771,570,1201
111000929,1582,325,1257
111000930,501,521,-20
111000931,1204,615,589
111000932,1244,574,670
111000933,2080,1517,563
111000934,373,451,-78
111000935,1622,555,1067
111000936,248,369,-121
111000937,943,563,380
111000938,330,286,44
111000939,474,1,473
111000940,902,25,877
111000941,294,28,266
111000943,687,71,616
111000944,88,52,36
111000945,53,208,-155
111001109,199,479,-280
111001110,66,103,-37
111001111,151,1,150
111001112,131,5,126
111001113,1,125,-124
111001114,189,48,141
111001115,12,186,-174
111001116,521,3720,-3199
111001117,137,1183,-1046
111001120,72,51,21
111001121,27,60,-33
111001122,142,55,87
111001123,471,30,441
111001124,104,36,68
111001125,2,273,-271
111001126,43,1,42
111900001,13,9,4
111900002,11,16,-5
111900003,1,17,-16
111900004,1,8,-7
111900006,7,39,-32
111900007,186,1,185
111900008,249,0,249
111900009,188,3,185
111900010,13,122,-109
111900012,28,15,13
111900013,8,14,-6
111900014,860,3756,-2896
111900015,0,36,-36
111900016,0,12,-12
111900017,0,31,-31
111900018,92,0,92
111900019,4,30,-26
111900020,0,18,-18
111900021,7,1,6
111900022,14,2,12
111900023,69,14,55
111900024,76,5,71
111900025,0,22,-22
111900026,0,13,-13
111900027,0,9,-9
111900028,0,54,-54
111900029,0,13,-13
111900030,1,89,-88
111900031,7,4,3
111900032,0,64,-64
111900033,1,9,-8
111900034,17,120,-103
111900035,40,15,25
111900036,0,25,-25
111900038,15,80,-65
111900039,2,55,-53
111900040,2,87,-85
111900042,1,21,-20
111900043,1,63,-62
111900044,16,23,-7
111900046,3,26,-23
111900048,266,91,175
111900049,1,51,-50
111900050,115,2,113
111900051,0,41,-41
111900052,62,48,14
111900053,230,1613,-1383
111900054,233,1,232
111900055,0,78,-78
111900056,49,168,-119
111900057,76,3,73
111900058,456,104,352
111900059,425,491,-66
111900060,214,1,213
111900061,2,24,-22
111900062,22,16,6
111900063,184,30,154
111900064,14,58,-44
111900065,194,5,189
111900066,126,60,66
111900067,0,58,-58
111900068,21,38,-17
111900069,17,0,17
111900070,103,7,96
111900071,0,45,-45
111900072,16,9,7
111900073,723,86,637
111900074,1,32,-31
111900075,31,3,28
111900076,193,20,173
111900077,17,0,17
111900078,310,17,293
111900079,19,32,-13
111900080,55,59,-4
111900082,84,38,46
111900083,207,36,171
111900084,104,11,93
111900085,19,18,1
111900086,81,3,78
111900087,84,0,84
111900088,629,5,624
111900089,25,0,25
111900090,7,41,-34
111900091,601,4,597
111900092,185,0,185
111900093,488,20,468
111900094,74,0,74
111900095,281,12,269
111900096,303,1,302
111900097,84,0,84
111900098,269,13,256
111900099,95,0,95
111900100,57,1,56
111900101,181,1,180
111900102,726,69,657
111900103,47,6,41
111900104,50,7,43
111900105,68,82,-14
111900106,49,2,47
111900110,285,83,202
111900111,226,1,225
111900112,123,3058,-2935
111900113,126,27,99
111900118,288,20,268
111900119,75,29,46
111900122,9,39,-30
111900123,21,2,19
111900124,18,13,5
111900125,210,63,147
111900126,195,1,194
111900127,0,117,-117
111900128,2,99,-97
111900129,230,32,198
111900130,77,40,37
111900131,384,2,382
111900132,1,147,-146
111900133,0,59,-59
111900134,0,39,-39
111900135,1,31,-30
111900136,1,37,-36
111900137,14,16,-2
111900138,12,7,5
111900139,18,30,-12
111900140,77,1,76
111900141,53,1,52
111900142,73,1,72
111900143,22,10,12
111900144,0,6,-6
111900145,5,39,-34
111900146,0,24,-24
111900147,6,43,-37
111900148,0,50,-50
111900149,6,30,-24
111900150,0,17,-17
111900151,0,5,-5
111900152,11,19,-8
111900153,100,601,-501
111900154,15,483,-468
111900155,46,67,-21
111900156,61,42,19
111900157,180,12,168
111900158,472,59,413
111900159,437,47,390
111900160,245,0,245
111900161,361,0,361
111900162,32,158,-126
111900163,2,24,-22
111900164,46,24,22
111901113,591,15,576
111901114,210,37,173
111901115,145,0,145
111901116,15,0,15
111901117,0,35,-35
111901118,5,262,-257
111901119,179,9,170
111901121,11,41,-30
111901122,0,84,-84
111901123,304,36,268
111901124,231,1,230
111901125,657,109,548
111901127,53,708,-655
111901128,2,14,-12
111901129,1,18,-17
111901130,1,9,-8
111901131,0,182,-182
111901132,37,29,8
111901133,93,1,92
111901134,137,1,136
111901135,49,0,49
111901136,22,33,-11
111901137,0,0,0
111901138,14,10,4
111901139,0,16,-16
111901140,5,27,-22
111901141,1,21,-20
111901142,0,36,-36
111901143,0,10,-10
111901144,26,1,25
111901145,46,93,-47
111901146,2,1,1
111901147,46,142,-96
111901148,0,82,-82
111901149,2,0,2
112000001,2034,540,1494
112000002,678,1355,-677
112000003,2517,388,2129
112000004,455,205,250
112000005,2691,2514,177
112000006,340,285,55
112000007,3066,1897,1169
112000008,1884,2552,-668
112000009,1359,725,634
112000010,1562,2398,-836
112000011,779,562,217
112000012,1978,2608,-630
112000013,1112,898,214
112000014,478,1829,-1351
112000015,872,1364,-492
112000016,869,1945,-1076
112000017,304,1566,-1262
112000024,172,150,22
112000026,1100,1133,-33
112000027,407,238,169
112000028,377,331,46
112000029,199,334,-135
112000030,100,10,90
112000031,378,1561,-1183
112000032,104,5,99
112000033,688,1674,-986
112000034,121,26,95
112000035,72,257,-185
112000036,89,441,-352
112000037,257,454,-197
112000038,249,437,-188
112000039,80,18,62
112000040,12,48,-36
112000041,54,184,-130
112000042,159,51,108
112000050,616,321,295
112000051,551,810,-259
112000054,480,445,35
112000057,122,173,-51
112000058,98,180,-82
112000059,260,199,61
112000061,758,274,484
112000062,217,445,-228
112000063,134,856,-722
112000064,1045,874,171
112000065,475,439,36
112000066,1029,691,338
112000067,161,130,31
112000068,1411,992,419
112000069,214,438,-224
112000070,531,316,215
112000071,276,503,-227
112000072,1282,407,875
112000073,345,643,-298
112000074,401,293,108
112000075,644,471,173
112000076,1131,742,389
112000077,705,213,492
112000078,1243,260,983
112000079,900,609,291
112000080,366,287,79
112000081,452,558,-106
112000082,600,174,426
112000083,360,554,-194
112000084,816,232,584
112000085,810,429,381
112000086,1214,368,846
112000087,555,91,464
112000088,413,196,217
112000089,111,88,23
112000090,63,119,-56
112000091,218,141,77
112000092,1580,244,1336
112000093,523,199,324
112000094,452,205,247
112000095,506,127,379
112000096,592,146,446
112000097,1706,208,1498
112000098,109,128,-19
112000099,398,1358,-960
112000100,1529,143,1386
112000101,252,112,140
112000102,1241,113,1128
112000103,149,161,-12
112000105,224,210,14
112000106,2291,108,2183
112000107,166,25,141
112000108,681,269,412
112000109,401,14,387
112000110,1283,230,1053
112000111,266,788,-522
112000112,1210,136,1074
112000113,183,258,-75
112000114,1363,264,1099
112000115,216,26,190
112000116,249,141,108
112000117,348,167,181
112000118,228,249,-21
112000119,95,133,-38
112000120,29,75,-46
112000121,27,126,-99
112000122,325,21,304
112000123,582,26,556
112000124,341,10,331
112000125,112,66,46
112000126,421,137,284
112000127,813,957,-144
112000128,201,232,-31
112000129,58,25,33
112000130,87,34,53
112000131,21,18,3
112000132,61,23,38
112000133,322,20,302
112000134,224,84,140
112000135,679,176,503
112000136,322,247,75
112000137,821,466,355
112000138,497,271,226
112000139,161,240,-79
112000140,79,243,-164
112000141,517,98,419
112000142,66,130,-64
112000143,884,59,825
112000144,155,223,-68
112000145,2029,166,1863
112000146,297,332,-35
112000147,1793,607,1186
112000148,356,470,-114
112000149,292,92,200
112000150,248,72,176
112000151,134,89,45
112000152,411,81,330
112000153,17,45,-28
112000154,38,96,-58
112000155,74,32,42
112000157,140,307,-167
112000158,194,64,130
112000159,678,70,608
112000167,67,76,-9
112000169,76,524,-448
112000173,931,55,876
112000175,212,49,163
112000176,474,416,58
112000177,785,128,657
112000178,23,84,-61
112000179,178,21,157
112000180,234,84,150
112000181,447,218,229
112000182,1303,217,1086
112000183,17,7,10
112000184,336,65,271
112000185,564,71,493
112000187,1638,985,653
112000195,22,0,22
112000196,22,0,22
112000197,14,57,-43
112000198,14,74,-60
112000199,138,160,-22
112000202,409,5,404
112000216,16,34,-18
112000230,96,1,95
112000231,1,47,-46
112000256,45,153,-108
112000313,24,16,8
112000314,9,27,-18
112000337,62,242,-180
112000352,27,54,-27
112000392,712,222,490
112000398,1062,148,914
112000399,291,1994,-1703
112000400,268,302,-34
112000401,529,427,102
112000402,2258,2311,-53
112000403,484,3072,-2588
112000404,773,386,387
112000405,2100,1779,321
112000406,826,571,255
112000407,4959,4411,548
112000408,2081,812,1269
112000409,449,676,-227
112000410,22,127,-105
112000411,899,655,244
112000412,235,80,155
112000413,983,3618,-2635
112000414,95,21,74
112000415,49,6,43
112000416,2249,253,1996
112000417,127,30,97
112000421,46,12,34
112000422,108,92,16
112000424,355,1242,-887
112000425,134,94,40
112000426,123,193,-70
112000427,1,33,-32
112000428,194,91,103
112000429,857,743,114
112000430,1229,1251,-22
112000431,43,87,-44
112000432,152,183,-31
112000433,225,120,105
112000437,44,60,-16
112900001,80,3,77
112900002,448,140,308
112900003,33,15,18
112900004,35,63,-28
112900005,197,9,188
112900006,0,20,-20
112900007,20,7,13
112900008,0,11,-11
112900009,178,99,79
112900010,199,81,118
112900011,146,15,131
112900012,0,2,-2
112900013,1,27,-26
112900014,1,52,-51
112900015,15,174,-159
112900016,0,28,-28
112900017,16,27,-11
112900018,0,58,-58
112900019,14,43,-29
112900020,74,185,-111
112900021,0,76,-76
112900022,2,7,-5
112900023,0,29,-29
112900024,1,8,-7
112900025,7,29,-22
112900026,2,24,-22
112900027,0,98,-98
112900028,0,8,-8
112900029,4,14,-10
112900030,31,9,22
112900031,0,22,-22
112900032,58,23,35
112900034,0,4,-4
112900035,0,31,-31
112900036,3,19,-16
112900037,5,113,-108
112900038,467,28,439
112900039,3,35,-32
112900040,1,87,-86
112900041,52,422,-370
112900042,64,198,-134
112900043,18,4,14
112900044,44,42,2
112900045,25,22,3
112900046,60,7,53
112900047,2,18,-16
112900049,206,4,202
112900050,7,127,-120
112900051,24,87,-63
112900052,0,112,-112
112900053,18,67,-49
112900054,50,60,-10
112900055,7,1,6
112900056,157,159,-2
112900057,1,102,-101
112900058,164,100,64
112900059,42,43,-1
112900060,5,30,-25
112900061,21,13,8
112900062,25,9,16
112900063,6,10,-4
112900064,25,18,7
112900065,1,3,-2
112900066,188,180,8
112900067,120,16,104
112900068,27,36,-9
112900069,276,485,-209
112900071,5,6,-1
112900072,12,1622,-1610
112900073,164,96,68
112900074,44,250,-206
112900075,202,573,-371
112900076,3,20,-17
112900078,181,395,-214
112900079,149,1,148
112900080,82,7,75
112900081,19,151,-132
112900082,330,12,318
112900083,139,81,58
112900084,112,157,-45
112900086,74,1,73
112900087,513,35,478
112900088,66,1,65
112900089,507,6,501
112900090,38,23,15
112900091,189,3,186
112900092,29,375,-346
112900093,885,17,868
112900095,64,0,64
112900096,363,53,310
112900097,10,31,-21
112900098,47,0,47
112900099,701,3,698
112900100,79,1,78
112900101,259,0,259
112900102,33,16,17
112900103,110,3,107
112900104,149,0,149
112900105,3,0,3
112900106,98,31,67
112900107,11,0,11
112900108,0,0,0
112900109,91,0,91
112900110,1201,10,1191
112900111,482,1,481
112900112,196,0,196
112900113,0,1,-1
112900114,241,13,228
112900115,1424,5,1419
112900116,36,3,33
112900117,37,0,37
112900118,1,1,0
112900119,52,0,52
112900120,132,80,52
112900121,304,3,301
112900122,0,8,-8
112900123,76,8,68
112900124,0,13,-13
112900125,4,55,-51
112900126,6,27,-21
112900127,149,15,134
112900128,15,48,-33
112900129,0,117,-117
112900130,75,32,43
112900131,2,127,-125
112900132,26,308,-282
112900133,1,436,-435
112900134,0,38,-38
112900135,28,7,21
112900137,0,78,-78
112900138,0,40,-40
112900139,8,202,-194
112900141,529,12,517
112900142,12,58,-46
112900143,1,331,-330
112900144,3,1020,-1017
112900145,1,113,-112
112900146,0,28,-28
112900147,0,164,-164
112900148,6,2,4
112900149,29,104,-75
112900151,0,2,-2
112900152,2012,128,1884
112900153,67,933,-866
112900154,0,3,-3
112900155,46,2,44
112900156,213,200,13
112900157,386,12,374
112900158,20,0,20
112900159,113,67,46
112900160,3,54,-51
112900161,42,12,30
112900162,1,6,-5
112900163,4,41,-37
112900164,2,39,-37
112900165,5,19,-14
112900166,0,26,-26
112900167,1,21,-20
112900168,19,0,19
112900169,12,3,9
112900170,146,15,131
112900172,28,20,8
112900173,53,14,39
112900174,133,26,107
112900175,24,25,-1
112900176,5,33,-28
112900177,212,25,187
112900178,173,1466,-1293
112900179,4,168,-164
112900180,807,495,312
112900181,724,0,724
112900182,17,131,-114
112900183,20,40,-20
112900184,72,87,-15
112900185,15,74,-59
112900186,342,236,106
112900187,9,273,-264
112900188,274,443,-169
112900189,7,0,7
112900190,0,0,0
112900192,132,123,9
112900193,277,43,234
112900194,35,0,35
112900195,244,6,238
112900196,138,58,80
112900197,13,75,-62
112900199,310,28,282
112900200,213,14,199
112900201,130,24,106
112900202,179,95,84
112900203,157,9,148
112900204,55,49,6
112900205,4,0,4
112900206,5,0,5
112900207,67,0,67
112900208,19,65,-46
112900209,16,75,-59
112900210,0,1,-1
112900211,6,2,4
112900212,0,2,-2
112900213,67,1,66
112900214,2,3,-1
112900215,14,16,-2
112900216,4,9,-5
112900217,0,4,-4
112900218,47,10,37
112900219,68,4,64
112900220,0,0,0
112900221,15,12,3
112900222,0,5,-5
112900223,291,12,279
112900224,543,50,493
112900225,319,37,282
112900226,29,55,-26
112900227,512,165,347
112900228,54,36,18
112900229,314,27,287
112900230,1953,851,1102
112900232,105,157,-52
112900233,33,9,24
112900234,59,0,59
112900235,0,0,0
112900236,462,2,460
112900237,195,94,101
112900238,22,0,22
112900239,120,450,-330
112900240,0,9,-9
112900241,0,7,-7
112900242,1,5,-4
112900243,0,6,-6
112900244,1,10,-9
112900245,1,3,-2
112900246,0,0,0
112900247,56,1,55
112900248,3,0,3
112900249,4,6,-2
112900250,19,1,18
112900251,78,4,74
112900252,66,5,61
112900253,9,3,6
112900254,3,8,-5
112900255,1,23,-22
112900256,0,12,-12
112900257,0,6,-6
112900258,1,1,0
113000001,2049,1651,398
113000002,1571,1373,198
113000003,522,660,-138
113000004,648,786,-138
113000005,558,353,205
113000006,546,558,-12
113000007,1080,320,760
113000008,790,290,500
113000009,537,164,373
113000010,705,399,306
113000011,347,339,8
113000012,493,212,281
113000013,174,242,-68
113000014,223,394,-171
113000015,30,108,-78
113000016,80,214,-134
113000017,19,91,-72
113000018,247,22,225
113000019,22,72,-50
113000020,168,19,149
113000021,605,155,450
113000022,447,492,-45
113000025,20,49,-29
113000026,311,246,65
113000027,370,328,42
113000028,133,135,-2
113000029,138,236,-98
113000030,78,82,-4
113000031,64,65,-1
113000032,80,44,36
113000033,136,63,73
113000034,32,22,10
113000035,7,2,5
113000036,19,10,9
113000037,3,13,-10
113000038,2,14,-12
113000039,6,107,-101
113000040,36,8,28
113000042,206,138,68
113000051,309,973,-664
113000052,594,88,506
113000053,212,84,128
113000054,164,286,-122
113000055,682,92,590
113000056,896,294,602
113000058,104,297,-193
113000059,618,88,530
113000060,78,222,-144
113000061,227,248,-21
113000062,107,175,-68
113000063,252,20,232
113000064,145,64,81
113000065,178,177,1
113000066,693,68,625
113000067,1429,140,1289
113000068,204,151,53
113000069,231,160,71
113000070,1522,158,1364
113000071,145,133,12
113000072,550,96,454
113000073,162,300,-138
113000074,390,171,219
113000075,826,360,466
113000076,124,742,-618
113000077,315,230,85
113000078,202,315,-113
113000079,87,221,-134
113000080,172,253,-81
113000081,318,330,-12
113000082,313,110,203
113000083,346,275,71
113000084,430,145,285
113000085,695,176,519
113000086,252,180,72
113000087,501,454,47
113000088,282,301,-19
113000089,285,683,-398
113000090,49,274,-225
113000091,59,34,25
113000094,516,44,472
113000095,55,114,-59
113000096,12,214,-202
113000097,436,94,342
113000098,18,6,12
113000099,450,98,352
113000100,52,85,-33
113000101,73,81,-8
113000102,236,124,112
113000103,1598,148,1450
113000104,294,1195,-901
113000105,492,139,353
113000106,273,82,191
113000107,646,401,245
113000108,423,281,142
113000109,148,551,-403
113000110,1296,238,1058
113000111,94,296,-202
113000112,441,145,296
113000113,639,150,489
113000114,74,293,-219
113000116,136,70,66
113000117,243,114,129
113000118,7,226,-219
113000119,120,286,-166
113000120,27,183,-156
113000121,173,285,-112
113000124,167,50,117
113000125,3,638,-635
113000127,506,56,450
113000128,479,117,362
113000129,79,260,-181
113000133,655,42,613
113000134,2,553,-551
113000135,1827,1718,109
113000137,455,1445,-990
113000139,93,43,50
113000140,33,12,21
113000141,38,27,11
113000142,61,42,19
113000143,101,42,59
113000144,57,72,-15
113000145,44,33,11
113000146,11,5,6
113000147,40,6,34
113000148,116,22,94
113000149,47,41,6
113000150,181,115,66
113000151,8,7,1
113000152,9,100,-91
113000153,186,105,81
113000154,112,589,-477
113000155,92,220,-128
113000156,33,67,-34
113000157,87,83,4
113000158,88,22,66
113000159,309,37,272
113000160,135,157,-22
113000161,93,66,27
113000162,247,8,239
113000163,39,11,28
113000164,9,5,4
113000166,114,29,85
113000167,36,34,2
113000168,73,24,49
113000169,110,5,105
113000170,43,31,12
113000171,10,20,-10
113000172,182,7,175
113000173,11,8,3
113000174,85,28,57
113000175,226,5,221
113000176,408,35,373
113000177,62,50,12
113000178,22,63,-41
113000179,204,29,175
113000180,584,1036,-452
113000181,1193,580,613
113000182,35,145,-110
113000183,185,292,-107
113000184,0,2,-2
113000189,45,148,-103
113000190,135,60,75
113000192,329,1292,-963
113000193,696,982,-286
113000194,368,829,-461
113000195,683,541,142
113000196,349,92,257
113000197,590,858,-268
113000198,44,102,-58
113000199,510,141,369
113000201,126,181,-55
113000202,2099,423,1676
113000203,27,182,-155
113000204,149,1109,-960
113000205,0,0,0
113000206,6,2,4
113000207,10,6,4
113000208,13,7,6
113000209,8,1,7
113000210,2,29,-27
113000211,18,37,-19
113000212,14,10,4
113000213,2,43,-41
113000214,57,87,-30
113000234,49,168,-119
113000410,28,76,-48
113000411,438,800,-362
113000412,1797,631,1166
113000413,621,765,-144
113000414,1188,4643,-3455
113000415,551,443,108
113000416,775,633,142
113000417,270,408,-138
113000418,2063,1735,328
113000419,470,632,-162
113000420,1267,1877,-610
113000421,2000,3130,-1130
113000422,3364,3121,243
113000423,522,1366,-844
113000424,628,3369,-2741
113000425,0,27,-27
113000428,3,0,3
113000430,0,24,-24
113000432,1789,54,1735
113000433,81,201,-120
113000434,27,63,-36
113000435,11,62,-51
113000436,2,301,-299
113000437,615,22,593
113000438,152,19,133
113000439,18,18,0
113000440,85,15,70
113000441,126,120,6
113000442,59,9,50
113000443,244,31,213
113000444,142,3,139
113000445,71,7,64
113000446,3,16,-13
113000448,82,68,14
113000449,10,503,-493
113000450,102,1328,-1226
113000451,637,157,480
113000452,21,246,-225
113000453,22,159,-137
113000454,34,108,-74
113000455,6,179,-173
113000456,306,610,-304
113000468,485,93,392
113000469,50,81,-31
113000470,150,2,148
113000471,1,195,-194
113000472,32,42,-10
113000474,808,343,465
113000475,530,508,22
113000476,953,1031,-78
113000477,2842,703,2139
113000478,1316,1199,117
113000479,59,53,6
113000485,0,0,0
113000486,0,0,0
113000487,0,0,0
113000488,0,0,0
113000489,0,0,0
113000490,0,0,0
113000491,0,0,0
113000492,0,0,0
113000493,0,0,0
113000495,45,11,34
113000496,36,44,-8
113000497,0,0,0
113000499,0,0,0
113900001,1,82,-81
113900002,0,14,-14
113900003,0,18,-18
113900004,0,58,-58
113900005,0,68,-68
113900006,0,7,-7
113900007,7,92,-85
113900008,1,0,1
113900009,32,0,32
113900010,5,0,5
113900011,99,0,99
113900012,49,0,49
113900013,21,0,21
113900014,211,4,207
113900015,0,14,-14
113900016,16,0,16
113900017,0,8,-8
113900018,14,128,-114
113900019,71,3,68
113900020,167,1,166
113900022,10,0,10
113900023,11,0,11
113900024,41,0,41
113900025,61,11,50
113900026,15,0,15
113900027,0,15,-15
113900028,8,96,-88
113900029,14,18,-4
113900030,259,5,254
113900031,5,2,3
113900032,9,0,9
113900033,12,3,9
113900035,7,0,7
113900036,12,12,0
113900037,63,155,-92
113900038,21,42,-21
113900039,182,6,176
113900040,1,0,1
113900041,24,0,24
113900042,8,5,3
113900043,45,25,20
113900044,3,69,-66
113900045,22,0,22
113900046,11,188,-177
113900047,75,5,70
113900048,10,40,-30
113900049,79,180,-101
113900050,52,58,-6
113900051,66,13,53
113900052,1,8,-7
113900053,100,297,-197
113900054,7,1,6
113900055,14,64,-50
113900056,29,13,16
113900057,1,9,-8
113900058,34,11,23
113900059,79,50,29
113900060,17,15,2
113900061,154,41,113
113900062,47,1,46
113900063,32,14,18
113900064,0,8,-8
113900065,318,9,309
113900066,231,22,209
113900067,138,6,132
113900068,179,324,-145
113900069,12,2,10
113900070,24,70,-46
113900071,102,3,99
113900072,1,5,-4
113900073,175,98,77
113900074,100,45,55
113900075,197,718,-521
113900076,64,0,64
113900077,26,37,-11
113900078,22,16,6
113900079,0,10,-10
113900080,117,50,67
113900081,15,6,9
113900082,33,50,-17
113900083,214,28,186
113900084,52,15,37
113900085,4,25,-21
113900086,25,2,23
113900087,31,47,-16
113900088,62,82,-20
113900089,187,8,179
113900090,69,83,-14
113900091,0,0,0
113900092,0,7,-7
113900093,3,383,-380
113900094,258,55,203
113900095,87,25,62
113900096,70,13,57
113900097,13,5,8
113900098,315,63,252
113900099,0,1,-1
113900100,0,0,0
113900101,1,17,-16
113900102,3,19,-16
113900103,68,120,-52
113900104,30,23,7
113900105,89,13,76
113900106,0,0,0
113900107,0,0,0
113900108,5,23,-18
113900109,37,25,12
113900110,1,1,0
113900111,51,19,32
113900112,99,4,95
113900113,313,55,258
113900114,0,1,-1
113900115,0,3,-3
113900116,1,17,-16
113900117,9,0,9
113900118,32,222,-190
113900119,64,125,-61
113900120,29,7,22
113900121,62,10,52
113900122,90,1782,-1692
113900123,120,14,106
113900124,0,27,-27
113900125,198,17,181
113900126,6,10,-4
113900127,33,204,-171
113900128,79,3,76
113900129,0,30,-30
113900130,0,5,-5
113900131,64,6,58
113900132,4,5,-1
113900133,6,13,-7
113900135,113,68,45
113900136,17,4,13
113900137,88,74,14
113900138,8,22,-14
113900139,16,62,-46
113900140,32,119,-87
113900141,178,99,79
113900142,18,3,15
113900143,0,9,-9
113900144,37,40,-3
113900145,23,5,18
113900146,77,16,61
113900148,10,41,-31
113900149,30,49,-19
113900150,347,52,295
113900151,274,12,262
113900152,3,38,-35
113900153,52,24,28
113900154,0,13,-13
113900155,1,18,-17
113900156,46,62,-16
113900157,9,177,-168
113900158,42,49,-7
113900159,1,55,-54
113900160,61,44,17
113900161,26,40,-14
113900162,19,56,-37
113900163,124,39,85
113900164,190,7,183
113900165,95,113,-18
113900166,3,11,-8
113900167,163,16,147
113900168,1,5,-4
113900169,31,76,-45
113900171,89,19,70
113900172,0,2,-2
113900173,1,70,-69
113900174,32,128,-96
113900175,69,71,-2
113900176,28,35,-7
113900177,9,32,-23
113900178,102,41,61
113900179,2,160,-158
113900180,14,15,-1
113900181,464,43,421
113900182,128,59,69
113900183,21,4,17
113900184,2,194,-192
113900185,23,11,12
113900186,1,13,-12
113900187,2,15,-13
113900188,11,12,-1
113900189,96,24,72
113900190,91,11,80
113900191,0,19,-19
113900192,2,96,-94
113900193,0,70,-70
113900194,395,83,312
113900195,39,68,-29
113900196,0,21,-21
113900197,0,24,-24
113900198,0,72,-72
113900199,20,41,-21
113900200,0,16,-16
113900201,0,19,-19
113900202,1,23,-22
113900203,0,21,-21
113900204,12,42,-30
113900205,2,2,0
113900206,0,21,-21
113900207,0,7,-7
113900208,0,0,0
113900209,0,4,-4
113900210,98,108,-10
113900211,63,13,50
113900212,254,97,157
113900214,58,60,-2
113900215,159,21,138
113900216,36,54,-18
113900217,51,55,-4
113900218,42,35,7
113900219,19,95,-76
113900220,36,66,-30
113900221,36,143,-107
113900222,4,171,-167
113900223,55,48,7
113900224,6,9,-3
113900225,76,24,52
113900226,62,18,44
113900227,64,30,34
113900228,37,147,-110
113900229,1,255,-254
113900230,366,626,-260
113900231,15,17,-2
113900232,5,4,1
113900233,34,31,3
113900234,71,105,-34
113900235,74,1,73
113900236,195,18,177
113900237,43,3,40
113900238,52,96,-44
113900239,9,31,-22
113900240,0,58,-58
113900241,2,8,-6
113900242,1,26,-25
113900243,3,30,-27
113900244,76,54,22
113900245,103,40,63
113900246,2,13,-11
113900247,24,148,-124
113900248,462,478,-16
113900249,72,156,-84
113900250,1,77,-76
113900251,425,15,410
113900252,321,2,319
113900253,278,6,272
113900254,105,27,78
113900255,546,11,535
113900256,304,18,286
113900257,1,80,-79
113900258,4,192,-188
113900259,284,36,248
113900260,88,1,87
113900261,3,6,-3
113900262,165,70,95
113900263,5,41,-36
113900264,0,74,-74
113900265,43,30,13
113900266,10,47,-37
113900267,7,122,-115
113900268,12,49,-37
113900269,17,34,-17
113900270,56,82,-26
113900271,87,65,22
113900273,5,2,3
113900274,16,0,16
113900275,2,11,-9
113900276,1,57,-56
113900277,127,9,118
113900278,9,18,-9
113900279,0,2,-2
113900280,141,79,62
113900281,83,324,-241
113900282,64,48,16
113900283,57,137,-80
113900284,501,62,439
113900285,32,1,31
113900286,24,16,8
113900287,16,5,11
113900288,1,51,-50
113900289,102,45,57
113900290,35,80,-45
113900291,17,30,-13
113900292,0,2,-2
113900293,3,58,-55
113900294,354,6,348
113900295,106,39,67
113900296,412,116,296
113900297,804,27,777
113900298,3,176,-173
113900299,73,56,17
113900300,906,1798,-892
113900301,71,295,-224
113900302,553,206,347
113900303,32,281,-249
113900304,1,9,-8
113900305,88,0,88
113900306,28,0,28
113900307,2,0,2
113900308,5,5,0
113900309,1,196,-195
113900310,0,0,0
113900311,2,0,2
113900312,6,37,-31
113900313,4,0,4
114000001,447,500,-53
114000002,181,75,106
114000003,50,84,-34
114000004,362,63,299
114000005,281,36,245
114000006,385,285,100
114000007,345,390,-45
114000008,614,508,106
114000009,898,42,856
114000011,1539,652,887
114000012,2185,488,1697
114000013,1248,403,845
114000014,221,13,208
114000015,1181,43,1138
114000016,129,22,107
114000017,80,422,-342
114000018,33,2,31
114000026,1765,368,1397
114000027,2809,856,1953
114000028,971,1484,-513
114000038,192,30,162
114000039,39,3,36
114000040,138,229,-91
114000042,48,74,-26
114000043,18,38,-20
114000044,440,16,424
114000045,4,3,1
114000046,506,1115,-609
114000047,0,56,-56
114000048,73,18,55
114000049,1010,434,576
114000050,892,332,560
114000051,1388,938,450
114000052,1575,1434,141
114000053,9,480,-471
114000054,88,267,-179
114000055,180,3,177
114000056,34,172,-138
114000057,1231,727,504
114000058,4,301,-297
114000059,4,435,-431
114000060,120,178,-58
114000061,649,698,-49
114000062,82,327,-245
114000063,330,387,-57
114000064,557,1410,-853
114000065,410,505,-95
114000066,425,330,95
114000067,1,609,-608
114000068,108,281,-173
114000069,447,107,340
114000070,915,743,172
114000071,532,82,450
114000072,596,60,536
114000073,19,34,-15
114000074,44,1,43
114000075,89,14,75
114000076,20,15,5
114000077,1,9,-8
114000078,210,66,144
114000079,282,2,280
114000080,27,32,-5
114000081,31,23,8
114000082,3,99,-96
114000083,29,3,26
114000084,78,47,31
114000085,18,70,-52
114000086,209,30,179
114000087,114,5,109
114000088,64,23,41
114000089,215,72,143
114000090,365,261,104
114000091,314,252,62
114000092,189,143,46
114000093,644,80,564
114000094,228,152,76
114000095,155,159,-4
114000096,30,109,-79
114000097,43,159,-116
114000098,687,80,607
114000099,389,83,306
114000100,1509,162,1347
114000101,161,146,15
114000102,687,135,552
114000103,54,103,-49
114000104,2,29,-27
114000105,147,40,107
114000106,248,875,-627
114000107,309,37,272
114000108,267,292,-25
114000109,428,949,-521
114000110,318,200,118
114000111,1367,578,789
114000112,137,321,-184
114000113,1046,196,850
114000114,171,215,-44
114000115,1144,291,853
114000116,550,2599,-2049
114000117,2807,278,2529
114000118,2345,114,2231
114000119,1958,187,1771
114000120,518,446,72
114000121,118,156,-38
114000122,228,144,84
114000123,1361,134,1227
114000124,843,114,729
114000125,565,567,-2
114000126,928,129,799
114000127,67,58,9
114000128,590,108,482
114000130,245,417,-172
114000131,287,14,273
114000132,294,95,199
114000133,213,151,62
114000134,18,8,10
114000138,17,3,14
114000139,122,57,65
114000144,398,217,181
114000145,15,0,15
114000146,31,6,25
114000147,350,1079,-729
114000148,271,516,-245
114000149,86,96,-10
114000150,50,60,-10
114000151,133,1141,-1008
114000152,15,7,8
114000153,156,333,-177
114000154,137,70,67
114000155,376,1453,-1077
114000156,406,254,152
114000157,135,616,-481
114000158,180,217,-37
114000159,45,53,-8
114000160,20,65,-45
114000161,328,613,-285
114000162,506,918,-412
114000163,0,2,-2
114000165,156,99,57
114000166,121,103,18
114000167,973,637,336
114000168,202,45,157
114000169,390,428,-38
114000170,460,369,91
114000171,795,5774,-4979
114000174,58,43,15
114000176,104,82,22
114000177,233,170,63
114000178,13,9,4
114000179,514,413,101
114000180,154,155,-1
114000181,760,2657,-1897
114000182,334,753,-419
114000183,201,189,12
114000184,940,196,744
114000185,719,453,266
114000189,1147,71,1076
114000190,2303,267,2036
114000191,57,243,-186
114000192,81,310,-229
114000193,127,367,-240
114000194,997,458,539
114000195,185,88,97
114000196,2,72,-70
114000197,1488,50,1438
114000198,159,208,-49
114000199,334,718,-384
114000200,278,396,-118
114000201,143,224,-81
114000202,521,406,115
114000203,534,393,141
114000204,63,92,-29
114000205,160,395,-235
114000206,298,436,-138
114000207,131,314,-183
114000208,250,298,-48
114000209,138,331,-193
114000210,94,294,-200
114000211,1331,490,841
114000212,828,647,181
114000213,1480,242,1238
114000214,48,10,38
114000215,32,5,27
114000216,960,277,683
114000217,277,142,135
114000218,172,65,107
114000219,1169,69,1100
114000220,21,188,-167
114000221,1032,90,942
114000222,119,170,-51
114000223,380,72,308
114000224,29,161,-132
114000225,172,136,36
114000226,230,50,180
114000227,927,312,615
114000228,711,261,450
114000229,1104,570,534
114000230,1145,348,797
114000231,698,637,61
114000232,934,105,829
114000233,1511,25,1486
114000234,938,381,557
114000235,1118,701,417
114000236,0,164,-164
114000237,45,247,-202
114000238,51,203,-152
114000239,31,320,-289
114000240,535,515,20
114000241,246,325,-79
114000242,551,214,337
114000243,1347,759,588
114000244,249,154,95
114000245,293,520,-227
114000246,51,15,36
114000247,272,313,-41
114000248,1087,400,687
114000249,699,171,528
114000250,500,87,413
114000251,181,55,126
114000252,9,13,-4
114000253,11,13,-2
114000254,34,1,33
114000255,139,72,67
114000256,106,305,-199
114000257,210,387,-177
114000258,174,72,102
114000259,145,119,26
114000260,0,0,0
114000261,58,13,45
114000262,130,21,109
114000263,8,0,8
114000264,971,70,901
114000265,0,0,0
114000267,1,1251,-1250
114000268,9,415,-406
114000270,156,1,155
114000271,101,165,-64
114000283,1151,106,1045
114000285,2,80,-78
114000288,68,95,-27
114000289,1453,32,1421
114000293,249,94,155
114000294,111,225,-114
114000395,955,20,935
114000396,265,115,150
114000402,462,100,362
114000403,289,95,194
114000405,220,128,92
114000423,343,101,242
114000424,505,38,467
114000425,777,40,737
114000426,334,547,-213
114000427,27,21,6
114000428,70,40,30
114000429,12,36,-24
114000432,53,7,46
114000434,33,23,10
114000435,0,35,-35
114900001,411,74,337
114900002,259,18,241
114900003,437,118,319
114900004,70,201,-131
114900005,235,106,129
114900006,64,41,23
114900007,69,2,67
114900008,260,6,254
114900010,288,913,-625
114900011,306,45,261
114900013,141,23,118
114900015,21,374,-353
114900018,268,7,261
114900020,25,24,1
114900022,9,188,-179
114900024,72,92,-20
114900025,374,58,316
114900026,47,55,-8
114900027,102,83,19
114900029,67,10,57
114900030,220,62,158
114900031,388,17,371
114900032,511,5,506
114900033,153,1231,-1078
114900034,4,10,-6
114900035,2,87,-85
114900036,57,64,-7
114900037,30,4,26
114900038,83,80,3
114900039,443,55,388
114900040,130,15,115
114900041,657,19,638
114900042,705,26,679
114900043,91,26,65
114900044,72,8,64
114900046,17,13,4
114900047,5,1680,-1675
114900048,4,19,-15
114900049,5,21,-16
114900050,15,32,-17
114900051,2,32,-30
114900052,16,20,-4
114900053,6,66,-60
114900054,4,7,-3
114900057,44,9,35
114900058,0,9,-9
114900059,133,20,113
114900060,61,203,-142
114900061,5,3,2
114900062,17,63,-46
114900063,20,3,17
114900064,1107,42,1065
114900065,167,382,-215
114900067,5,43,-38
114900068,0,6,-6
114900069,51,25,26
114900070,426,56,370
114900072,0,25,-25
114900073,1,16,-15
114900074,822,15,807
114900075,176,1,175
114900076,1,37,-36
114900080,190,68,122
114900082,870,885,-15
114900083,28,127,-99
114900090,425,37,388
114900091,15,49,-34
114900095,12,24,-12
114900096,44,67,-23
114900097,114,0,114
114900098,1,27,-26
114900099,128,18,110
115000001,1478,991,487
115000002,1947,3513,-1566
115000003,1455,724,731
115000004,2490,3505,-1015
115000005,697,796,-99
115000006,729,618,111
115000007,108,140,-32
115000008,153,226,-73
115000009,134,111,23
115000010,107,118,-11
115000013,5,81,-76
115000015,1,73,-72
115000016,19,89,-70
115000019,10,325,-315
115000020,41,458,-417
115000021,63,190,-127
115000022,107,73,34
115000023,198,270,-72
115000024,171,74,97
115000025,480,242,238
115000026,141,35,106
115000027,300,122,178
115000028,67,69,-2
115000029,578,28,550
115000030,252,131,121
115000031,335,27,308
115000032,1,56,-55
115000033,76,7,69
115000034,44,270,-226
115000035,367,64,303
115000036,0,58,-58
115000037,433,43,390
115000038,35,86,-51
115000039,1191,1830,-639
115000040,1322,1399,-77
115000041,619,2273,-1654
115000042,191,257,-66
115000043,1679,1132,547
115000044,1409,1145,264
115000045,1121,426,695
115000046,2227,993,1234
115000047,1651,836,815
115000048,955,719,236
115000049,668,912,-244
115000050,1828,735,1093
115000051,736,2483,-1747
115000052,623,854,-231
115000053,1225,1847,-622
115000054,413,454,-41
115000055,50,376,-326
115000056,109,121,-12
115000057,280,652,-372
115000058,63,259,-196
115000059,64,255,-191
115000061,102,113,-11
115000062,133,279,-146
115000063,216,153,63
115000064,103,49,54
115000065,23,314,-291
115000067,114,4,110
115000069,51,134,-83
115000070,37,636,-599
115000071,75,15,60
115000072,4,31,-27
115000073,787,20,767
115000075,12,57,-45
115000076,861,600,261
115000077,885,497,388
115000078,807,312,495
115000079,719,372,347
115000080,1880,594,1286
115000081,160,182,-22
115000082,2679,1808,871
115000083,1353,459,894
115000084,2120,358,1762
115000085,461,242,219
115000086,611,282,329
115000087,174,604,-430
115000088,883,296,587
115000089,629,525,104
115000090,220,447,-227
115000091,180,245,-65
115000092,491,278,213
115000093,485,0,485
115000094,1849,4301,-2452
115000095,1414,3651,-2237
115000096,535,322,213
115000097,1054,839,215
115000098,1180,243,937
115000099,1354,593,761
115000100,1204,294,910
115000101,279,287,-8
115000102,391,66,325
115000103,214,324,-110
115000105,71,47,24
115000106,563,220,343
115000107,92,118,-26
115000108,691,562,129
115000109,1327,3432,-2105
115000110,523,1227,-704
115000111,130,292,-162
115000112,256,245,11
115000113,117,150,-33
115000114,268,115,153
115000116,451,593,-142
115000117,561,665,-104
115000118,660,595,65
115000119,439,604,-165
115000120,175,588,-413
115000121,239,220,19
115000122,301,582,-281
115000123,154,588,-434
115000124,269,354,-85
115000125,159,476,-317
115000126,70,202,-132
115000127,185,63,122
115000128,74,364,-290
115000129,109,301,-192
115000130,149,156,-7
115000131,367,111,256
115000132,272,42,230
115000133,411,57,354
115000134,177,28,149
115000135,129,44,85
115000136,104,96,8
115000137,16,38,-22
115000138,167,91,76
115000139,56,29,27
115000140,255,60,195
115000141,122,62,60
115000142,54,27,27
115000143,426,193,233
115000144,275,15,260
115000145,133,74,59
115000146,242,76,166
115000147,138,95,43
115000148,97,339,-242
115000149,344,73,271
115000150,147,84,63
115000151,514,114,400
115000152,237,166,71
115000153,682,159,523
115000154,546,108,438
115000155,307,187,120
115000156,228,328,-100
115000157,161,197,-36
115000158,22,102,-80
115000159,136,142,-6
115000160,86,129,-43
115000161,48,189,-141
115000162,289,586,-297
115000163,141,163,-22
115000164,154,210,-56
115000165,98,215,-117
115000167,26,10,16
115000168,309,144,165
115000169,115,228,-113
115000170,43,125,-82
115000171,174,179,-5
115000172,299,378,-79
115000173,81,489,-408
115000174,39,224,-185
115000175,51,65,-14
115000176,93,47,46
115000177,23,153,-130
115000178,1,137,-136
115000179,21,53,-32
115000180,24,149,-125
115000181,434,70,364
115000182,808,126,682
115000183,276,121,155
115000186,243,15,228
115000187,141,74,67
115000188,187,124,63
115000189,165,227,-62
115000190,322,236,86
115000191,112,288,-176
115000194,59,10,49
115000195,20,37,-17
115000196,187,9,178
115000197,121,83,38
115000198,337,16,321
115000199,294,66,228
115000200,302,25,277
115000201,79,83,-4
115000206,427,11,416
115000207,152,42,110
115000208,55,225,-170
115000209,228,166,62
115000210,64,47,17
115000211,38,47,-9
115000212,330,126,204
115000224,118,13,105
115000225,36,12,24
115000229,100,46,54
115000230,7,86,-79
115000231,292,300,-8
115000232,1612,169,1443
115000233,71,31,40
115000234,32,77,-45
115000241,75,75,0
115000242,122,23,99
115000243,41,28,13
115000244,6,29,-23
115000246,32,4,28
115000247,7,1,6
115000248,18,1,17
115000249,1,0,1
115000250,139,2,137
115000251,183,6,177
115000252,41,50,-9
115000253,7,162,-155
115000258,130,20,110
115000259,36,25,11
115000261,22,0,22
115000262,1,12,-11
115000263,3,13,-10
115000264,0,1,-1
115000267,12,13,-1
115000268,5,39,-34
115000269,43,16,27
115000270,0,21,-21
115000272,27,23,4
115000273,240,2,238
115000280,248,219,29
115000281,42,697,-655
115000282,218,691,-473
115000284,52,124,-72
115000296,136,2,134
115000297,12,269,-257
115000298,7,370,-363
115000300,66,107,-41
115000302,274,35,239
115000303,623,25,598
115000304,615,51,564
115000305,51,47,4
115000306,179,31,148
115000307,116,73,43
115000308,1,2,-1
115000309,1,121,-120
115000310,1019,178,841
115000311,814,401,413
115000313,33,66,-33
115000314,202,101,101
115000315,89,334,-245
115000316,24,52,-28
115000317,68,134,-66
115000318,468,144,324
115000319,31,59,-28
115000320,3,233,-230
115000321,246,54,192
115000322,22,71,-49
115000449,59,83,-24
115000557,2,1696,-1694
115000558,35,43,-8
115000587,491,84,407
115000588,962,1022,-60
115000589,2321,1190,1131
115000590,253,641,-388
115000591,694,304,390
115000592,308,491,-183
115000593,1257,205,1052
115000594,191,856,-665
115000609,145,135,10
115000617,185,1404,-1219
115000624,194,4,190
115000633,180,609,-429
115000634,1489,289,1200
115000635,285,61,224
115000638,156,236,-80
115000641,4,136,-132
115000642,94,66,28
115000643,30,102,-72
115000644,45,95,-50
115000646,256,334,-78
115000647,47,187,-140
115000648,1392,235,1157
115000893,667,359,308
115000894,82,353,-271
115000895,113,393,-280
115000896,453,177,276
115000897,97,15,82
115000898,121,90,31
115000899,65,387,-322
115000900,16,107,-91
115000901,16,154,-138
115000912,187,32,155
115000913,1,2,-1
115000915,4,0,4
115000916,3,0,3
115000917,0,13,-13
115000918,5,385,-380
115000919,0,18,-18
115000920,1,15,-14
115000921,37,17,20
115000922,146,355,-209
115000923,25,566,-541
115000925,84,46,38
115000927,28,49,-21
115000933,14,178,-164
115000934,38,105,-67
115000935,48,7,41
115000936,9,420,-411
115000937,116,96,20
115000938,9,37,-28
115000939,4,49,-45
115000940,1,7,-6
115000941,0,23,-23
115000942,0,47,-47
115000943,0,32,-32
115000944,0,2,-2
115900001,206,5,201
115900002,40,61,-21
115900003,85,9,76
115900004,0,5,-5
115900005,272,0,272
115900006,21,34,-13
115900008,100,1,99
115900009,14,6,8
115900010,377,11,366
115900011,117,39,78
115900012,138,0,138
115900013,246,28,218
115900014,67,25,42
115900015,126,13,113
115900016,51,4,47
115900017,41,22,19
115900018,55,8,47
115900019,16,1,15
115900020,125,1,124
115900021,196,95,101
115900022,178,2,176
115900023,5,18,-13
115900025,9,29,-20
115900026,253,9,244
115900027,0,62,-62
115900028,81,6,75
115900029,0,60,-60
115900030,45,25,20
115900031,16,122,-106
115900032,45,148,-103
115900033,0,13,-13
115900034,4,38,-34
115900035,6,7,-1
115900036,5,822,-817
115900037,16,57,-41
115900038,19,26,-7
115900039,55,19,36
115900041,45,315,-270
115900042,21,0,21
115900043,56,5,51
115900044,13,225,-212
115900046,330,27,303
115900047,41,108,-67
115900049,91,33,58
115900051,0,4,-4
115900052,1,74,-73
115900053,199,18,181
115900054,351,11,340
115900055,12,39,-27
115900056,57,24,33
115900057,7,28,-21
115900058,5,28,-23
115900060,10,24,-14
115900061,134,0,134
115900062,14,38,-24
115900063,12,1,11
115900064,81,65,16
115900065,83,14,69
115900066,28,43,-15
115900067,28,46,-18
115900068,683,1062,-379
115900069,19,71,-52
115900070,86,23,63
115900071,0,53,-53
115900072,5,45,-40
115900073,212,86,126
115900074,1,74,-73
115900075,7,49,-42
115900076,1,17,-16
115900077,2,40,-38
115900078,7,30,-23
115900079,288,0,288
115900080,44,8,36
115900081,26,23,3
115900082,47,16,31
115900084,569,3,566
115900085,7,50,-43
115900086,364,55,309
115900088,0,70,-70
115900089,274,132,142
115900090,373,3,370
115900091,0,3,-3
115900092,26,21,5
115900093,0,5,-5
115900094,2,49,-47
115900096,2,3,-1
115900097,2,103,-101
115900098,180,82,98
115900099,31,17,14
115900100,0,143,-143
115900101,106,16,90
115900102,54,26,28
115900103,150,22,128
115900104,127,30,97
115900105,218,115,103
115900106,78,3,75
115900107,49,18,31
115900108,81,2,79
115900109,4,136,-132
115900110,14,1,13
115900111,0,13,-13
115900112,25,166,-141
115900113,41,0,41
115900114,0,27,-27
115900115,47,40,7
115900116,12,124,-112
115900117,55,2,53
115900118,0,53,-53
115900119,119,22,97
115900120,29,40,-11
115900121,168,11,157
115900124,69,537,-468
115900125,314,42,272
115900126,582,8,574
115900127,626,9,617
115900128,0,31,-31
115900129,184,0,184
115900130,3,263,-260
115900131,367,23,344
115900132,380,1,379
115900134,284,4,280
115900135,170,276,-106
115900137,19,1,18
115900139,10,36,-26
115900140,362,2,360
115900141,1,19,-18
115900142,1,4,-3
115900143,153,83,70
115900144,121,54,67
115900146,6,26,-20
115900147,37,172,-135
115900148,10,21,-11
115900149,54,7,47
115900150,80,7,73
115900151,45,16,29
115900152,32,57,-25
115900153,118,34,84
115900154,64,136,-72
115900155,1,10,-9
115900156,236,213,23
115900157,165,136,29
115900158,7,3,4
115900159,165,31,134
115900160,0,0,0
115900161,25,20,5
115900163,170,8,162
115900164,559,3,556
115900166,17,14,3
115900168,244,29,215
115900171,29,26,3
115900172,12,14,-2
115900173,26,30,-4
115900174,72,51,21
115900175,105,12,93
115900178,38,78,-40
115900179,225,1,224
115900180,37,29,8
115900181,136,35,101
115900182,326,29,297
115900183,3,86,-83
115900184,69,0,69
115900187,3,173,-170
115900189,0,47,-47
115900190,35,296,-261
115900191,7,32,-25
115900192,9,34,-25
115900193,25,11,14
115900194,570,7,563
115900195,83,1574,-1491
115900198,109,56,53
115900199,81,11,70
115900200,96,29,67
115900201,91,187,-96
115900202,0,127,-127
115900203,1,1,0
115900204,1,40,-39
115900205,4,0,4
115900206,367,9,358
115900207,27,6,21
115900208,39,19,20
115900209,13,37,-24
115900210,0,91,-91
115900211,10,9,1
115900212,140,9,131
115900213,28,134,-106
115900214,354,86,268
115900215,13,84,-71
115900216,0,20,-20
115900217,0,8,-8
115900218,0,2,-2
115900219,204,1,203
115900220,192,4,188
115900221,141,3,138
115900222,100,9,91
115900223,0,190,-190
115900224,172,1082,-910
115900225,25,18,7
115900226,1,6,-5
115900227,0,4,-4
115900228,1,2,-1
115900229,1,7,-6
115900230,11,16,-5
115900231,64,0,64
115900232,26,0,26
115900233,80,0,80
115900234,40,3,37
115900235,3,4,-1
115900236,3,5,-2
115900237,13,3,10
115900238,6,2,4
115900239,2,10,-8
115900240,4,4,0
115900241,243,2,241
115900242,117,172,-55
115900243,1,5,-4
115900244,1,0,1
115900245,99,4,95
115900246,0,0,0
115900247,0,0,0
115900248,1,0,1
115900249,0,1,-1
115900250,8,2,6
115900251,10,0,10
115900252,0,0,0
115900253,8,0,8
115900254,2,10,-8
115900255,3,6,-3
115900256,7,10,-3
115900257,0,2,-2
115900258,0,0,0
115900259,0,0,0
115900260,1,0,1
115900261,0,0,0
115900262,8,0,8
115900263,0,0,0
115900264,3,7,-4
115900265,0,1,-1
115900266,24,8,16
115900267,0,1,-1
115900268,0,0,0
115900269,824,59,765
115900270,208,36,172
115900271,177,0,177
115900272,27,0,27
115900273,0,14,-14
115900274,0,0,0
115900275,0,0,0
115900276,0,1,-1
115900277,0,6,-6
115900278,40,19,21
115900279,27,123,-96
115900280,13,333,-320
115900281,60,160,-100
115900282,5,66,-61
115900283,49,2,47
115900284,0,0,0
116000001,1996,722,1274
116000002,2278,9111,-6833
116000003,374,410,-36
116000004,2235,3840,-1605
116000005,383,1155,-772
116000006,1296,2246,-950
116000007,790,857,-67
116000008,2377,1089,1288
116000009,406,1005,-599
116000010,1806,774,1032
116000011,306,635,-329
116000012,1124,475,649
116000013,2272,1400,872
116000014,4652,11537,-6885
116000015,16,336,-320
116000016,1287,2919,-1632
116000017,12,193,-181
116000018,55,62,-7
116000019,642,148,494
116000020,188,196,-8
116000021,305,137,168
116000022,214,99,115
116000023,526,484,42
116000024,372,203,169
116000025,466,311,155
116000026,565,817,-252
116000027,180,281,-101
116000028,282,454,-172
116000029,113,153,-40
116000030,360,335,25
116000031,22,9,13
116000032,158,17,141
116000033,415,113,302
116000034,464,344,120
116000035,126,85,41
116000036,83,355,-272
116000037,96,178,-82
116000038,29,125,-96
116000039,136,268,-132
116000040,223,335,-112
116000041,14,352,-338
116000042,364,281,83
116000043,23,182,-159
116000044,1,36,-35
116000045,646,533,113
116000046,402,422,-20
116000047,828,1001,-173
116000048,1383,529,854
116000049,1154,901,253
116000050,757,393,364
116000051,1776,779,997
116000052,1340,1101,239
116000053,1525,209,1316
116000054,576,595,-19
116000055,441,196,245
116000056,1258,467,791
116000057,764,198,566
116000058,1013,1214,-201
116000059,850,2862,-2012
116000060,838,640,198
116000061,107,781,-674
116000062,249,190,59
116000063,224,965,-741
116000066,158,286,-128
116000067,67,185,-118
116000068,189,136,53
116000069,133,68,65
116000078,205,588,-383
116000080,739,250,489
116000082,0,13,-13
116000083,1078,122,956
116000084,382,891,-509
116000085,1016,1079,-63
116000086,259,216,43
116000087,2110,1130,980
116000088,495,317,178
116000089,121,32,89
116000090,141,78,63
116000091,109,495,-386
116000093,340,90,250
116000094,508,182,326
116000095,452,123,329
116000096,762,1015,-253
116000097,553,227,326
116000098,46,5084,-5038
116000099,1940,216,1724
116000100,163,7,156
116000101,841,59,782
116000102,184,259,-75
116000103,210,219,-9
116000104,101,173,-72
116000105,916,87,829
116000106,273,201,72
116000107,1637,125,1512
116000108,1,124,-123
116000111,65,11,54
116000113,55,13,42
116000114,7,28,-21
116000115,243,33,210
116000116,111,69,42
116000117,865,536,329
116000118,834,337,497
116000119,2500,741,1759
116000120,1255,940,315
116000121,824,221,603
116000122,414,279,135
116000123,1248,98,1150
116000124,386,141,245
116000125,1971,125,1846
116000126,96,227,-131
116000127,359,247,112
116000128,1674,212,1462
116000129,772,62,710
116000130,512,210,302
116000133,951,134,817
116000134,687,396,291
116000135,2059,515,1544
116000136,350,610,-260
116000137,767,233,534
116000138,327,133,194
116000139,1091,2134,-1043
116000140,168,200,-32
116000141,193,244,-51
116000142,2396,1385,1011
116000143,1557,1286,271
116000144,1323,847,476
116000145,2130,548,1582
116000146,600,82,518
116000147,101,119,-18
116000148,501,370,131
116000149,175,183,-8
116000151,519,255,264
116000153,119,195,-76
116000155,107,177,-70
116000156,344,187,157
116000157,36,0,36
116000158,299,52,247
116000159,0,5,-5
116000160,27,25,2
116000161,14,40,-26
116000162,27,113,-86
116000163,16,6,10
116000164,7,3,4
116000177,21,84,-63
116000194,52,97,-45
116000195,870,166,704
116000196,19,1,18
116000197,6,38,-32
116000198,859,394,465
116000200,191,429,-238
116000201,318,137,181
116000202,22,47,-25
116000203,2,7,-5
116000204,0,8,-8
116000205,0,34,-34
116000206,0,37,-37
116000207,12,28,-16
116000233,65,108,-43
116000287,179,54,125
116000288,244,123,121
116000292,70,24,46
116000296,2,60,-58
116000297,106,1,105
116000304,226,4,222
116000305,16,6,10
116000346,199,30,169
116000352,96,12,84
116000354,19,1,18
116000357,0,1,-1
116000358,203,72,131
116000361,37,0,37
116000372,1525,3401,-1876
116000381,115,1,114
116000388,14,4,10
116000389,419,55,364
116000445,745,85,660
116000446,484,35,449
116000447,3,274,-271
116000448,246,38,208
116000563,284,565,-281
116000565,120,94,26
116000568,15,301,-286
116000579,2,113,-111
116000583,9,2,7
116000584,19,1,18
116000585,3,21,-18
116000586,15,25,-10
116000587,257,135,122
116000589,7,24,-17
116000590,90,15,75
116000591,264,43,221
116000592,6,18,-12
116000593,0,20,-20
116000594,814,75,739
116000595,498,15,483
116000596,170,2,168
116000597,375,119,256
116000598,2,101,-99
116000605,68,23,45
116000606,26,182,-156
116000607,1,15,-14
116000609,33,784,-751
116000611,186,71,115
116000612,1122,1778,-656
116000613,554,201,353
116000614,278,101,177
116000615,0,0,0
116000616,33,23,10
116000617,47,17,30
116000618,11,14,-3
116000619,8,61,-53
116000620,320,91,229
116000621,82,36,46
116000622,38,52,-14
116000624,63,33,30
116000627,183,19,164
116000628,58,77,-19
116000629,18,103,-85
116000630,813,6,807
116000631,366,7,359
116000632,1445,35,1410
116000633,141,67,74
116000634,575,7,568
116000635,918,930,-12
116000636,221,685,-464
116000637,768,1,767
116000638,120,98,22
116000640,27,20,7
116000641,2,26,-24
116000644,22,26,-4
116900001,47,12,35
116900002,113,0,113
116900003,45,3,42
116900004,32,38,-6
116900005,204,3,201
116900006,51,97,-46
116900007,55,26,29
116900008,533,46,487
116900009,29,4,25
116900010,0,142,-142
116900011,0,9,-9
116900012,57,47,10
116900013,0,33,-33
116900014,120,25,95
116900015,520,9,511
116900016,152,2,150
116900017,2,129,-127
116900018,41,24,17
116900019,9,47,-38
116900020,307,1341,-1034
116900023,20,9,11
116900024,514,15,499
116900025,827,154,673
116900026,34,141,-107
116900027,59,9,50
116900028,0,3,-3
116900029,1,99,-98
116900031,0,1,-1
116900032,9,39,-30
116900033,37,0,37
116900034,0,5,-5
116900035,59,45,14
116900036,1,37,-36
116900038,1,0,1
116900041,91,2,89
116900042,49,41,8
116900043,34,48,-14
116900047,2,209,-207
116900049,1,28,-27
116900050,14,58,-44
116900051,180,2,178
116900052,93,32,61
116900055,0,6,-6
116900057,23,13,10
116900058,2,45,-43
116900059,1,5,-4
116900060,60,85,-25
116900062,1,3,-2
116900064,21,47,-26
116900065,2,41,-39
116900067,20,3,17
116900068,79,65,14
116900070,20,0,20
116900072,4,35,-31
116900073,3,36,-33
116900074,0,10,-10
116900076,7,18,-11
116900077,9,45,-36
116900078,42,15,27
116900079,15,119,-104
116900080,0,4,-4
116900081,29,203,-174
116900082,47,494,-447
116900083,3,3,0
116900084,21,6,15
116900085,1,47,-46
116900086,8,286,-278
116900088,46,2,44
116900090,4,2,2
116900091,171,3,168
116900092,19,181,-162
116900093,589,663,-74
116900094,1603,2994,-1391
116900095,152,13,139
116900096,180,201,-21
116900097,595,1802,-1207
116900098,154,79,75
116900099,51,656,-605
116900100,712,55,657
116900101,51,97,-46
116900103,0,0,0
116900104,7,1232,-1225
116900105,199,137,62
116900106,2167,20,2147
116900107,952,2403,-1451
116900110,2,0,2
116900111,504,186,318
116900112,230,120,110
116900113,354,1687,-1333
116900116,5,110,-105
116900117,104,15,89
116900118,319,594,-275
116900120,324,28,296
116900121,110,7,103
116900122,1085,159,926
116900123,188,172,16
116900124,53,116,-63
116900125,408,87,321
116900126,24,249,-225
116900128,0,2,-2
116900129,0,47,-47
116900130,161,2739,-2578
116900131,12,51,-39
116900132,23,31,-8
116900133,71,34,37
116900134,115,115,0
116900136,55,31,24
116900137,44,32,12
116900138,77,5,72
116900139,7,58,-51
116900140,97,26,71
116900141,203,36,167
116900142,4,19,-15
116900143,180,28,152
116900144,43,4,39
116900145,17,28,-11
116900147,48,252,-204
116900148,0,0,0
116900149,28,168,-140
116900150,10,1,9
116900151,13,5,8
116900153,93,39,54
116900154,46,209,-163
116900155,43,29,14
116900157,825,22,803
116900158,107,151,-44
116900159,36,159,-123
116900160,477,272,205
116900161,954,5129,-4175
116900162,3,41,-38
116900163,273,17,256
116900164,79,28,51
116900165,388,121,267
116900166,81,38,43
116900167,322,7,315
116900168,265,15,250
116900169,44,189,-145
116900170,346,147,199
116900171,58,67,-9
116900172,61,253,-192
116900173,430,5,425
116900174,58,63,-5
116900175,137,113,24
116900178,30,10,20
116900179,22,250,-228
116900180,74,1,73
116900182,372,84,288
116900183,135,52,83
116900185,30,23,7
116900186,122,62,60
116900187,17,37,-20
116900188,70,7,63
116900189,47,0,47
116900191,90,40,50
116900192,209,59,150
116900194,33,384,-351
116900195,23,4,19
116900196,2,41,-39
116900197,97,2,95
116900198,13,361,-348
116900200,51,0,51
116900201,229,1,228
116900202,22,8,14
116900203,97,0,97
116900204,48,119,-71
116900206,2,1,1
116900207,14,5,9
116900208,5,18,-13
116900209,13,21,-8
116900210,99,34,65
116900211,179,0,179
116900212,101,5,96
116900213,107,26,81
116900214,163,36,127
116900215,33,12,21
116900216,67,69,-2
116900218,0,90,-90
116900219,223,95,128
116900220,33,90,-57
116900221,80,155,-75
116900222,103,59,44
116900223,21,24,-3
116900226,117,3,114
116900227,241,10,231
116900228,245,30,215
116900230,23,46,-23
116900231,32,78,-46
116900232,3,74,-71
116900233,223,41,182
116900234,4,0,4
116900235,14,36,-22
116900238,265,73,192
116900239,1,972,-971
116900240,2830,2330,500
116900241,73,29,44
116900242,234,621,-387
116900243,0,8,-8
116900245,12,22,-10
116900246,58,24,34
116900247,754,15,739
116900248,90,1,89
116900249,354,41,313
116900250,175,12,163
116900251,90,438,-348
116900252,132,101,31
116900253,48,14,34
116900254,16,47,-31
116900255,85,80,5
116900256,397,126,271
116900257,15,38,-23
116900258,0,18,-18
116900259,159,1,158
116900260,0,2,-2
116900261,37,0,37
116900262,64,75,-11
116900263,0,1,-1
116900264,41,86,-45
116900265,79,0,79
116900266,2,2,0
116900267,0,0,0
116900268,2,141,-139
116900269,172,230,-58
116900271,185,215,-30
116900272,102,93,9
116900273,23,38,-15
116900274,69,10,59
116900275,89,27,62
116900276,146,196,-50
116900277,78,4,74
116900278,0,1,-1
116900279,1,18,-17
116900280,4,6,-2
116900281,1277,3422,-2145
116900282,6,12,-6
116900283,2,6,-4
116900284,22,43,-21
116900285,25,125,-100
116900286,16,0,16
116900287,1,7,-6
116900288,106,34,72
116900289,17,0,17
116900290,16,1,15
116900291,37,4,33
116900292,0,31,-31
116900293,48,2,46
116900294,1,38,-37
116900295,38,275,-237
116900296,21,4,17
116900297,0,6,-6
116900298,2,115,-113
116900299,1,399,-398
116900300,0,20,-20
116900301,36,52,-16
116900302,4,45,-41
116900303,76,56,20
116900304,0,66,-66
116900305,1,4,-3
116900306,195,50,145
116900307,118,0,118
116900308,0,8,-8
116900309,198,28,170
117000001,1736,1342,394
117000002,1286,1466,-180
117000003,3483,1304,2179
117000004,1253,1769,-516
117000005,2304,740,1564
117000006,659,1030,-371
117000007,3631,647,2984
117000008,646,1148,-502
117000009,2280,713,1567
117000010,633,715,-82
117000011,2015,495,1520
117000012,1181,488,693
117000013,1530,353,1177
117000014,908,1505,-597
117000015,1575,841,734
117000016,140,252,-112
117000017,37,285,-248
117000018,19,637,-618
117000019,13,98,-85
117000020,214,1578,-1364
117000021,710,562,148
117000022,105,278,-173
117000023,34,383,-349
117000024,50,182,-132
117000025,192,1401,-1209
117000026,778,1666,-888
117000027,364,1088,-724
117000028,255,401,-146
117000030,178,200,-22
117000031,177,89,88
117000032,723,1115,-392
117000033,749,401,348
117000034,115,152,-37
117000035,149,53,96
117000036,205,214,-9
117000037,218,84,134
117000038,77,242,-165
117000039,111,125,-14
117000040,39,241,-202
117000041,934,15,919
117000044,3,198,-195
117000045,476,112,364
117000046,138,449,-311
117000047,578,529,49
117000048,643,460,183
117000049,7,123,-116
117000050,126,522,-396
117000051,1927,31,1896
117000052,51,89,-38
117000053,908,7,901
117000054,1094,2,1092
117000055,1,482,-481
117000056,472,17,455
117000057,161,682,-521
117000060,312,448,-136
117000061,1712,788,924
117000062,160,442,-282
117000063,944,479,465
117000064,325,221,104
117000066,176,252,-76
117000067,51,280,-229
117000074,2,29,-27
117000076,4,9,-5
117000077,33,23,10
117000078,154,167,-13
117000079,63,27,36
117000080,0,240,-240
117000081,162,16,146
117000082,20,35,-15
117000083,55,0,55
117000084,78,0,78
117000085,157,312,-155
117000086,295,117,178
117000087,56,188,-132
117000088,326,40,286
117000089,1994,60,1934
117000090,226,283,-57
117000091,1046,55,991
117000092,259,378,-119
117000093,1368,118,1250
117000094,337,441,-104
117000095,2183,108,2075
117000096,401,553,-152
117000097,1231,387,844
117000098,782,1152,-370
117000099,3685,435,3250
117000100,125,123,2
117000101,84,166,-82
117000102,1555,147,1408
117000103,163,404,-241
117000104,1485,147,1338
117000105,248,457,-209
117000106,1549,109,1440
117000107,229,460,-231
117000108,1814,488,1326
117000109,397,707,-310
117000110,1243,991,252
117000111,2243,2204,39
117000112,2309,629,1680
117000113,32,41,-9
117000114,225,51,174
117000115,12,22,-10
117000116,219,41,178
117000117,868,636,232
117000118,143,269,-126
117000119,45,326,-281
117000120,9,311,-302
117000121,8,323,-315
117000122,416,684,-268
117000123,388,68,320
117000124,22,43,-21
117000125,37,348,-311
117000126,11,2,9
117000127,35,105,-70
117000128,43,235,-192
117000129,85,487,-402
117000130,138,0,138
117000131,0,32,-32
117000132,2402,10,2392
117000133,2807,11,2796
117000134,0,0,0
117000135,1,50,-49
117000136,0,12,-12
117000137,236,60,176
117000138,0,0,0
117000140,142,296,-154
117000141,1537,99,1438
117000181,62,46,16
117000182,573,780,-207
117000195,10,203,-193
117000196,451,161,290
117000225,9,42,-33
117000226,1,94,-93
117000276,396,22,374
117000277,0,114,-114
117000310,617,2090,-1473
117000315,24,316,-292
117000320,63,1,62
117000906,661,17,644
117000907,0,59,-59
117000909,66,94,-28
117000910,230,63,167
117000911,17,61,-44
117000915,0,137,-137
117000916,50,0,50
117000917,975,10,965
117000918,124,46,78
117000919,0,20,-20
117000920,0,296,-296
117000921,1,282,-281
117000922,6,4,2
117000924,858,521,337
117000926,238,155,83
117000927,80,222,-142
117000928,0,28,-28
117000929,316,97,219
117000930,346,5,341
117000931,76,69,7
117900002,36,493,-457
117900003,26,21,5
117900005,1,62,-61
117900006,0,62,-62
117900007,81,30,51
117900008,0,10,-10
117900010,296,134,162
117900011,0,163,-163
117900012,13,17,-4
117900013,0,81,-81
117900014,465,103,362
117900015,3,78,-75
117900016,272,720,-448
117900017,545,324,221
117900018,148,163,-15
117900019,461,138,323
117900020,34,46,-12
117900021,37,23,14
117900022,6,0,6
117900023,720,12,708
117900024,47,49,-2
117900025,3,0,3
117900026,337,132,205
117900028,6,0,6
117900029,150,253,-103
117900030,126,223,-97
117900031,112,86,26
117900032,729,193,536
117900033,292,192,100
117900034,16,9,7
117900035,140,22,118
117900036,175,121,54
117900037,208,39,169
117900038,16,29,-13
117900039,0,17,-17
117900040,14,29,-15
117900041,0,14,-14
117900042,802,163,639
117900043,0,8,-8
117900044,1,2353,-2352
117900045,50,36,14
117900048,152,27,125
117900049,210,243,-33
117900050,1,126,-125
117900051,23,1,22
117900052,23,492,-469
117900053,1276,76,1200
117900054,0,0,0
117900055,231,37,194
117900056,5,17,-12
117900057,284,262,22
117900058,3,30,-27
117900059,38,63,-25
117900060,1617,497,1120
117900061,0,164,-164
117900063,333,87,246
117900065,91,280,-189
117900066,3,141,-138
117900067,447,69,378
117900069,505,50,455
117900070,26,167,-141
117900071,145,54,91
117900073,514,43,471
117900074,28,57,-29
117900075,149,30,119
117900076,4,55,-51
117900077,476,21,455
117900078,282,146,136
117900080,119,21,98
117900081,96,72,24
117900082,511,111,400
117900083,530,197,333
117900086,156,13,143
117900087,100,8,92
117900088,278,252,26
117900089,1586,265,1321
117900090,348,334,14
117900091,212,37,175
117900092,198,13,185
117900093,130,1,129
117900094,20,55,-35
117900095,308,688,-380
117900096,136,131,5
117900097,107,5,102
117900098,119,3,116
117900099,144,1228,-1084
117900100,423,1,422
117900101,478,1738,-1260
117900102,52,2,50
117900103,96,2,94
117900104,4,757,-753
117900105,67,50,17
117900106,77,6,71
117900107,29,0,29
117900109,833,547,286
117900110,119,0,119
117900111,605,23,582
117900112,49,1,48
117900113,459,1597,-1138
117900114,23,0,23
117900115,8,29,-21
117900116,263,188,75
117900117,580,166,414
117900118,78,0,78
117900119,263,17,246
117900120,301,0,301
117900121,79,9,70
117900122,164,3399,-3235
117900123,568,214,354
117900124,82,155,-73
117900125,808,304,504
117900126,26,126,-100
117900127,301,55,246
117900128,225,107,118
117900129,56,0,56
117900130,331,113,218
117900131,0,25,-25
117900132,3,12,-9
117900133,7,17,-10
117900134,26,16,10
117900135,2,31,-29
117900136,0,7,-7
117900137,0,33,-33
117900138,0,5,-5
117900139,21,9,12
117900140,4050,485,3565
117900141,54,151,-97
117900142,29,227,-198
117900144,1,96,-95
117900145,0,71,-71
117900146,40,206,-166
117900147,73,56,17
117900148,792,1167,-375
117900149,23,15,8
117900150,39,24,15
117900151,31,48,-17
117900152,6,29,-23
117900153,16,112,-96
117900154,272,291,-19
117900156,237,166,71
117900157,67,125,-58
117900158,354,16,338
117900160,651,338,313
117900161,285,334,-49
117900162,432,188,244
117900163,27,428,-401
117900165,1,2,-1
117900166,0,69,-69
117900168,108,59,49
117900169,1,17,-16
117900170,1,4,-3
117900171,0,1,-1
117900172,0,6,-6
117900173,28,2,26
117900174,0,9,-9
117900175,2,4,-2
117900176,0,26,-26
117900177,1,1,0
117900178,6,2,4
117900180,44,27,17
117900181,1,386,-385
117900182,0,59,-59
117900183,107,89,18
117900184,26,11,15
117900185,70,0,70
117900186,62,8,54
117900187,11,1,10
117900188,44,12,32
117900189,46,7,39
117900190,31,0,31
117900191,43,0,43
117900192,95,0,95
117900193,4,7,-3
117900194,0,1,-1
117900195,4,16,-12
117900196,0,13,-13
117900207,11,39,-28
117900208,4,16,-12
117900209,107,29,78
117900210,22,4,18
117900211,0,6,-6
117900212,100,44,56
117900213,18,0,18
117900214,2,2,0
117900215,3,55,-52
117900216,8,35,-27
117900217,22,20,2
117900218,51,68,-17
117900219,1,73,-72
117900220,15,60,-45
117900222,99,35,64
117900223,58,207,-149
118000001,314,845,-531
118000002,198,550,-352
118000003,993,1811,-818
118000004,882,1117,-235
118000005,1259,1244,15
118000006,728,1453,-725
118000007,2518,5003,-2485
118000008,637,2557,-1920
118000009,747,1730,-983
118000010,1231,1835,-604
118000011,1142,373,769
118000012,389,399,-10
118000013,789,811,-22
118000014,815,532,283
118000016,109,141,-32
118000017,434,288,146
118000018,182,92,90
118000019,601,1103,-502
118000020,250,1129,-879
118000021,178,1380,-1202
118000022,517,315,202
118000023,172,97,75
118000024,293,344,-51
118000027,3300,3228,72
118000029,487,458,29
118000032,128,772,-644
118000033,921,1808,-887
118000034,1080,1086,-6
118000035,775,851,-76
118000036,356,415,-59
118000037,297,490,-193
118000038,315,28,287
118000039,76,29,47
118000040,749,541,208
118000041,1121,619,502
118000045,74,103,-29
118000046,139,382,-243
118000047,130,622,-492
118000048,416,952,-536
118000051,295,1021,-726
118000052,92,372,-280
118000053,59,393,-334
118000054,965,602,363
118000055,550,551,-1
118000056,20,205,-185
118000057,48,212,-164
118000058,690,1722,-1032
118000059,291,1563,-1272
118000060,540,232,308
118000061,488,539,-51
118000062,222,65,157
118000063,106,585,-479
118000064,211,629,-418
118000065,849,604,245
118000066,542,1465,-923
118000067,211,250,-39
118000068,198,5742,-5544
118000069,506,656,-150
118000070,1391,1244,147
118000071,1074,4746,-3672
118000072,302,2593,-2291
118000073,265,1226,-961
118000074,211,919,-708
118000075,337,902,-565
118000076,748,2966,-2218
118000077,499,643,-144
118000078,990,1012,-22
118000079,68,191,-123
118000080,245,239,6
118000081,727,571,156
118000082,80,503,-423
118000083,556,773,-217
118000084,437,752,-315
118000086,171,235,-64
118000087,1677,1285,392
118000088,572,566,6
118000089,1397,1570,-173
118000090,533,1531,-998
118000091,560,1987,-1427
118000092,246,162,84
118000093,63,364,-301
118000096,368,280,88
118000097,162,201,-39
118000098,167,81,86
118000099,298,54,244
118000101,982,164,818
118000102,288,288,0
118000107,521,90,431
118000108,145,2138,-1993
118000110,0,2,-2
118000111,2,17,-15
118000112,724,5,719
118000113,3,79,-76
118000114,565,5,560
118000115,0,3,-3
118000116,14,0,14
118000117,246,359,-113
118000118,623,593,30
118000119,590,606,-16
118000120,453,412,41
118000121,5,134,-129
118000122,118,54,64
118000123,60,61,-1
118000125,433,896,-463
118000126,289,1083,-794
118000127,383,402,-19
118000128,171,1026,-855
118000129,469,271,198
118000130,711,1454,-743
118000131,157,411,-254
118000132,1597,1415,182
118000133,849,481,368
118000135,180,298,-118
118000136,45,210,-165
118000137,225,65,160
118000138,228,125,103
118000139,224,72,152
118000140,1571,4912,-3341
118000141,2017,1034,983
118000142,1599,750,849
118000143,1779,762,1017
118000144,335,139,196
118000145,495,397,98
118000146,600,167,433
118000147,365,377,-12
118000148,477,914,-437
118000149,366,159,207
118000150,569,67,502
118000151,427,74,353
118000153,1225,416,809
118000154,1089,616,473
118000155,1454,480,974
118000156,989,1225,-236
118000157,311,109,202
118000158,111,338,-227
118000159,67,72,-5
118000160,477,153,324
118000161,269,143,126
118000162,513,524,-11
118000163,707,699,8
118000164,1212,928,284
118000168,143,300,-157
118000169,279,284,-5
118000170,1102,1092,10
118000171,155,89,66
118000172,108,77,31
118000173,501,693,-192
118000175,55,96,-41
118000176,127,195,-68
118000177,157,212,-55
118000178,1,20,-19
118000179,523,317,206
118000180,427,185,242
118000181,256,48,208
118000182,69,43,26
118000183,109,68,41
118000184,773,216,557
118000185,198,486,-288
118000186,96,443,-347
118000187,954,133,821
118000188,632,14,618
118000189,640,38,602
118000190,3,2,1
118000191,0,2,-2
118000192,4,59,-55
118000193,6,141,-135
118000194,597,535,62
118000195,63,597,-534
118000196,13,106,-93
118000197,16,838,-822
118000198,219,1341,-1122
118000199,146,1078,-932
118000200,29,148,-119
118000201,80,293,-213
118000202,12,100,-88
118000203,105,509,-404
118000204,23,271,-248
118000205,25,71,-46
118000206,95,73,22
118000207,0,19,-19
118000208,705,837,-132
118000209,1264,363,901
118000210,141,20,121
118000211,84,35,49
118000213,109,1055,-946
118000214,41,193,-152
118000215,331,17,314
118000216,3237,634,2603
118000217,0,21,-21
118000218,36,17,19
118000219,112,41,71
118000220,10,18,-8
118000221,257,314,-57
118000222,37,1,36
118000223,31,15,16
118000224,31,16,15
118000225,24,246,-222
118000226,726,64,662
118000227,121,114,7
118000228,3,58,-55
118000229,25,65,-40
118000230,46,83,-37
118000231,3,94,-91
118000232,299,140,159
118000233,877,245,632
118000234,237,43,194
118000236,136,105,31
118000237,133,65,68
118000238,98,20,78
118000239,152,158,-6
118000240,52,67,-15
118000241,146,37,109
118000242,226,64,162
118000243,74,61,13
118000244,77,23,54
118000246,0,3,-3
118000255,34,137,-103
118000256,76,75,1
118000259,1,48,-47
118000260,176,28,148
118000261,7,3,4
118000263,37,36,1
118000266,27,61,-34
118000267,0,23,-23
118000268,34,2,32
118000270,64,2,62
118000271,192,32,160
118000272,21,4,17
118000273,104,11,93
118000274,37,26,11
118000276,270,64,206
118000295,12,22,-10
118000298,16,49,-33
118000299,6,32,-26
118000301,0,20,-20
118000302,29,1,28
118000311,751,18,733
118000312,169,31,138
118000313,20,17,3
118000314,88,7,81
118000315,7,3,4
118000316,629,163,466
118000325,47,3,44
118000326,25,14,11
118000331,41,6,35
118000332,6,0,6
118000333,17,5,12
118000335,348,1,347
118000336,1,37,-36
118000407,223,35,188
118000457,0,21,-21
118000465,329,966,-637
118000480,11,5,6
118000489,1,235,-234
118000490,5,110,-105
118000492,529,23,506
118000510,1,0,1
118000514,20,95,-75
118000515,220,543,-323
118000517,76,71,5
118000524,119,165,-46
118000525,108,217,-109
118000530,23,83,-60
118000531,274,65,209
118000532,57,80,-23
118000533,74,65,9
118000534,320,94,226
118000535,300,22,278
118000536,11,165,-154
118000537,15,20,-5
118000538,4,16,-12
118000539,0,25,-25
118000540,82,19,63
118000541,44,39,5
118000542,20,86,-66
118000543,91,63,28
118000546,65,13,52
118000553,0,0,0
118000557,0,0,0
118000560,192,736,-544
118000562,26,7,19
118000563,791,427,364
118000576,71,46,25
118000577,101,41,60
118000578,68,22,46
118000579,189,719,-530
118000583,0,0,0
118000595,140,37,103
118000596,0,36,-36
118000597,102,32,70
118000598,0,0,0
118000599,221,8,213
118000600,0,0,0
118000601,0,0,0
118000602,0,1,-1
118000603,0,1,-1
118000605,64,23,41
118900001,354,272,82
118900002,280,286,-6
118900003,286,6,280
118900004,32,11,21
118900005,36,3,33
118900006,56,0,56
118900007,0,0,0
118900008,516,8,508
118900009,102,81,21
118900010,47,2,45
118900011,39,6,33
118900012,59,34,25
118900013,172,200,-28
118900015,193,6,187
118900016,0,1,-1
118900017,6,58,-52
118900018,428,49,379
118900019,1,0,1
118900020,8,27,-19
118900021,88,222,-134
118900022,64,22,42
118900023,5,38,-33
118900024,36,34,2
118900025,13,41,-28
118900026,48,15,33
118900027,153,92,61
118900028,84,82,2
118900029,113,70,43
118900030,528,10,518
118900031,30,13,17
118900032,103,19,84
118900033,189,183,6
118900034,176,22,154
118900035,31,26,5
118900036,784,159,625
118900037,101,251,-150
118900038,436,23,413
118900039,397,55,342
118900040,218,34,184
118900041,271,110,161
118900042,49,26,23
118900045,83,99,-16
118900046,277,240,37
118900047,112,273,-161
118900048,27,210,-183
118900049,4,3,1
118900050,10,2,8
118900051,24,34,-10
118900052,61,226,-165
118900053,0,9,-9
118900054,102,21,81
118900055,45,11,34
118900056,2,28,-26
118900057,474,185,289
118900058,139,136,3
118900059,0,23,-23
118900060,100,35,65
118900062,55,80,-25
118900064,79,216,-137
118900065,5,113,-108
118900066,31,21,10
118900067,1301,2660,-1359
118900068,1,114,-113
118900069,414,39,375
118900071,1,3,-2
118900072,171,89,82
118900073,217,30,187
118900074,62,17,45
118900075,41,4,37
118900076,125,30,95
118900077,115,78,37
118900078,7,0,7
118900079,14,6,8
118900080,28,10,18
118900081,21,1,20
118900082,793,82,711
118900083,4,4,0
118900084,3,0,3
118900085,257,113,144
118900086,20,32,-12
118900087,53,299,-246
118900088,0,0,0
118900089,7,10,-3
118900090,62,35,27
118900091,149,70,79
118900092,117,16,101
118900093,3,8,-5
118900096,10,29,-19
118900097,30,85,-55
118900099,7,21,-14
118900100,6,39,-33
118900101,84,18,66
118900102,21,7,14
118900103,2,22,-20
118900104,84,10,74
118900105,24,15,9
118900107,23,21,2
118900108,0,29,-29
118900110,298,460,-162
118900111,120,84,36
118900112,60,29,31
118900113,17,30,-13
118900114,0,5,-5
118900115,16,107,-91
118900116,8,17,-9
118900117,57,37,20
118900118,146,72,74
118900119,27,69,-42
118900120,3,85,-82
118900121,16,391,-375
118900122,1,299,-298
118900123,41,21,20
118900124,27,20,7
118900126,3,102,-99
118900129,137,20,117
118900130,2,39,-37
118900131,129,75,54
118900132,177,75,102
118900133,3,47,-44
118900135,67,91,-24
118900136,155,60,95
118900137,7,16,-9
118900139,82,103,-21
118900140,280,150,130
118900141,42,20,22
118900144,110,87,23
118900145,3,48,-45
118900146,96,112,-16
118900147,38,97,-59
118900148,14,10,4
118900150,47,213,-166
118900152,292,139,153
118900157,9,47,-38
118900158,129,8,121
118900159,0,42,-42
118900161,18,20,-2
118900163,29,12,17
118900164,0,14,-14
118900165,14,53,-39
118900166,5,0,5
118900167,5,9,-4
118900168,5,36,-31
118900169,99,62,37
118900170,121,13,108
118900171,17,4,13
118900174,6,5,1
118900175,419,160,259
118900176,77,59,18
118900177,68,4,64
118900178,32,20,12
118900179,0,0,0
118900181,27,0,27
118900182,1,11,-10
118900183,5,34,-29
118900184,38,4,34
118900185,64,11,53
118900186,58,11,47
118900187,87,115,-28
118900188,99,161,-62
118900189,5,272,-267
118900190,11,25,-14
118900191,251,1,250
118900192,292,8,284
118900193,764,3,761
118900195,151,156,-5
118900196,17,24,-7
118900197,304,1,303
118900198,33,0,33
118900199,36,19,17
118900200,20,2,18
118900201,4,6,-2
118900202,2,23,-21
118900203,1,0,1
118900204,0,0,0
118900205,0,9,-9
118900206,2,4,-2
119000001,977,620,357
119000002,1896,1325,571
119000003,2104,305,1799
119000004,1604,960,644
119000005,1327,1303,24
119000006,2489,892,1597
119000007,2410,2222,188
119000008,746,551,195
119000009,1329,3539,-2210
119000010,1865,2370,-505
119000011,1370,1201,169
119000012,688,1549,-861
119000013,2212,1255,957
119000014,768,1192,-424
119000019,120,41,79
119000020,1310,1028,282
119000021,2936,2199,737
119000022,483,1466,-983
119000023,87,119,-32
119000024,791,10124,-9333
119000025,1407,489,918
119000026,23,351,-328
119000027,65,240,-175
119000028,797,293,504
119000029,11,100,-89
119000030,321,441,-120
119000031,426,212,214
119000032,417,679,-262
119000033,1074,575,499
119000034,739,263,476
119000035,3,80,-77
119000036,1467,164,1303
119000037,841,384,457
119000038,71,245,-174
119000039,481,223,258
119000040,277,473,-196
119000041,378,713,-335
119000048,1130,718,412
119000049,1058,529,529
119000050,545,693,-148
119000051,1034,373,661
119000052,792,851,-59
119000053,1174,488,686
119000054,1637,479,1158
119000055,3008,732,2276
119000056,2374,568,1806
119000057,866,380,486
119000058,500,374,126
119000059,409,350,59
119000060,1067,248,819
119000061,203,246,-43
119000062,517,307,210
119000063,294,213,81
119000064,132,314,-182
119000065,532,833,-301
119000066,954,527,427
119000067,645,357,288
119000068,1080,242,838
119000069,864,323,541
119000070,1852,311,1541
119000071,112,104,8
119000072,1347,728,619
119000073,1879,3704,-1825
119000074,1016,518,498
119000075,2734,769,1965
119000076,60,110,-50
119000077,394,126,268
119000078,244,39,205
119000079,119,197,-78
119000080,389,50,339
119000081,191,63,128
119000082,242,30,212
119000083,292,119,173
119000084,206,67,139
119000085,224,42,182
119000086,193,147,46
119000087,259,175,84
119000088,191,36,155
119000089,63,64,-1
119000090,49,28,21
119000091,46,114,-68
119000092,52,102,-50
119000093,1460,882,578
119000094,2747,2010,737
119000095,1203,1322,-119
119000097,530,450,80
119000098,535,2582,-2047
119000099,852,393,459
119000100,2535,1313,1222
119000101,1334,743,591
119000102,48,709,-661
119000103,333,209,124
119000104,308,170,138
119000105,494,1241,-747
119000106,134,187,-53
119000107,942,240,702
119000108,277,222,55
119000109,38,145,-107
119000110,51,51,0
119000111,6,236,-230
119000112,32,17,15
119000113,180,47,133
119000114,284,512,-228
119000115,28,67,-39
119000116,14,78,-64
119000117,11,120,-109
119000118,0,0,0
119000123,437,1407,-970
119000124,504,78,426
119000125,2881,281,2600
119000126,1137,317,820
119000127,507,71,436
119000128,37,1,36
119000131,649,132,517
119000132,1,0,1
119000133,0,2,-2
119000134,458,251,207
119000135,182,78,104
119000136,142,18,124
119000137,165,34,131
119000138,462,45,417
119000139,64,28,36
119000140,64,95,-31
119000284,387,879,-492
119000285,649,492,157
119000286,1572,1025,547
119000287,742,617,125
119000288,1067,307,760
119000289,503,563,-60
119000290,101,133,-32
119000291,4,109,-105
119000293,106,157,-51
119000294,28,12,16
119000295,389,134,255
119000296,275,44,231
119000302,652,608,44
119000303,2,51,-49
119000304,0,0,0
119000310,0,0,0
119000314,699,7639,-6940
119000315,2,32,-30
119000316,107,12,95
119000317,34,29,5
119900001,35,292,-257
119900002,98,25,73
119900003,1,65,-64
119900004,23,1104,-1081
119900005,146,26,120
119900006,24,93,-69
119900007,220,100,120
119900008,2,9,-7
119900009,191,66,125
119900010,188,227,-39
119900011,6,130,-124
119900012,0,61,-61
119900013,597,511,86
119900014,277,79,198
119900015,201,5,196
119900016,16,14,2
119900017,36,9,27
119900018,403,850,-447
119900019,19,2,17
119900020,33,21,12
119900021,35,8,27
119900022,25,472,-447
119900023,127,1346,-1219
119900025,203,2,201
119900026,166,55,111
119900027,4,8,-4
119900028,108,138,-30
119900029,0,0,0
119900030,167,42,125
119900031,27,517,-490
119900033,262,104,158
119900034,393,7,386
119900037,110,1,109
119900038,6,118,-112
119900039,39,10,29
119900040,78,16,62
119900041,85,6,79
119900042,38,21,17
119900043,64,17,47
119900044,59,449,-390
119900046,127,17,110
119900047,124,152,-28
119900048,120,5,115
119900049,100,0,100
119900050,49,87,-38
119900051,862,6,856
119900052,65,16,49
119900053,150,37,113
119900054,143,3,140
119900055,615,138,477
119900057,260,8,252
119900058,253,3,250
119900059,12,7,5
119900060,334,10,324
119900061,420,0,420
119900062,93,2,91
119900063,1,30,-29
119900065,211,0,211
119900066,0,0,0
119900067,41,4,37
119900068,483,1,482
119900069,68,0,68
119900070,475,1,474
119900071,589,8,581
119900073,311,44,267
119900074,10,68,-58
119900075,694,913,-219
119900076,361,58,303
119900077,858,114,744
119900078,431,188,243
119900079,282,13,269
119900080,224,122,102
119900081,479,20,459
119900082,1264,130,1134
119900083,70,32,38
119900084,135,42,93
119900085,6,26,-20
119900086,249,122,127
119900087,52,76,-24
119900088,27,11,16
119900089,2,36,-34
119900090,17,15,2
119900091,2,102,-100
119900092,3,71,-68
119900093,276,64,212
119900094,5,25,-20
119900095,37,21,16
119900096,54,18,36
119900097,24,100,-76
119900098,28,0,28
119900099,1,40,-39
119900100,293,1040,-747
119900101,36,251,-215
119900102,39,24,15
119900103,30,38,-8
119900104,35,38,-3
119900105,169,470,-301
119900106,1,64,-63
119900107,49,581,-532
119900108,1003,212,791
119900109,0,102,-102
119900110,171,65,106
119900111,81,32,49
119900112,485,402,83
119900113,9,75,-66
119900114,84,99,-15
119900115,293,99,194
119900116,13,131,-118
119900117,48,81,-33
119900118,33,107,-74
119900119,97,30,67
119900120,129,113,16
119900121,270,114,156
119900122,5,43,-38
119900123,2,42,-40
119900124,95,101,-6
119900125,4,67,-63
119900126,590,70,520
119900127,206,147,59
119900128,206,118,88
119900129,172,38,134
119900130,0,27,-27
119900131,18,30,-12
119900132,0,23,-23
119900133,36,8,28
119900134,150,23,127
119900135,0,52,-52
119900136,9,33,-24
119900138,56,37,19
119900139,0,21,-21
119900140,2,21,-19
119900141,23,320,-297
119900142,2,21,-19
119900143,1,83,-82
119900144,382,27,355
119900145,13,19,-6
119900146,28,29,-1
119900147,0,87,-87
119900148,275,3,272
119900149,155,2444,-2289
119900150,61,20,41
119900151,351,375,-24
119900152,41,27,14
119900153,104,13,91
119900154,14,109,-95
119900155,1,14,-13
119900156,2,0,2
119900157,120,43,77
119900158,100,21,79
119900159,1,108,-107
119900160,18,27,-9
119900161,51,33,18
119900162,463,238,225
119900163,14,43,-29
119900164,0,0,0
119900165,114,15,99
119900166,97,10,87
119900167,9,16,-7
119900168,488,81,407
119900169,3,94,-91
119900170,38,34,4
119900171,163,105,58
119900172,28,1,27
119900173,2,52,-50
119900174,0,7,-7
119900175,1146,81,1065
119900177,4,22,-18
119900178,0,19,-19
119900179,65,634,-569
119900180,479,157,322
119900181,6,18,-12
119900182,0,54,-54
119900183,34,195,-161
119900184,203,46,157
119900185,12,173,-161
119900186,2,829,-827
119900187,34,60,-26
119900188,52,68,-16
119900189,33,83,-50
119900190,25,161,-136
119900191,50,72,-22
119900192,7,34,-27
119900193,361,60,301
119900194,47,9,38
119900195,1,40,-39
119900196,73,65,8
119900197,142,41,101
119900198,44,46,-2
119900199,43,0,43
119900200,353,115,238
119900201,47,39,8
119900202,6,66,-60
119900203,60,189,-129
119900204,47,47,0
119900205,517,39,478
119900206,250,36,214
119900208,41,22,19
119900209,218,632,-414
119900210,24,13,11
119900211,4,0,4
119900212,385,125,260
119900213,2,30,-28
119900214,31,7,24
119900215,30,5,25
119900216,23,12,11
119900217,0,7,-7
119900218,10,2,8
119900219,1,5,-4
119900220,2,25,-23
119900221,4,20,-16
119900222,0,31,-31
119900223,1,5,-4
119900224,2,3,-1
119900225,110,7,103
119900226,76,786,-710
119900227,144,61,83
119900228,1,79,-78
119900229,28,56,-28
119900230,269,70,199
119900231,209,6,203
119900232,82,18,64
119900233,64,0,64
119900234,3,8,-5
119900235,7,5,2
119900236,1,12,-11
119900237,8,95,-87
119900238,0,12,-12
119900240,29,38,-9
119900241,74,65,9
119900242,469,303,166
119900244,104,299,-195
119900245,43,82,-39
119900246,52,115,-63
119900247,16,9,7
119900248,4,149,-145
119900249,162,7,155
119900253,374,212,162
119900254,50,540,-490
119900255,40,108,-68
119900256,561,135,426
119900257,97,4,93
119900258,75,2,73
119900259,33,31,2
119900260,136,2,134
119900261,195,11,184
119900262,1,30,-29
119900263,383,46,337
119900264,147,22,125
119900265,295,18,277
119900266,195,24,171
119900267,61,82,-21
119900268,76,12,64
119900269,369,164,205
119900271,0,12,-12
119900272,8,35,-27
119900275,71,0,71
119900276,54,0,54
119900277,24,2,22
119900278,57,38,19
119900279,29,111,-82
119900280,115,13,102
119900281,0,145,-145
119900282,14,51,-37
119900283,1,23,-22
119900284,23,36,-13
119900285,0,80,-80
119900286,0,2,-2
119900288,0,1,-1
119900289,12,3,9
119900290,0,0,0
119900291,0,14,-14
119900292,11,29,-18
119900293,20,5,15
119900294,7,39,-32
119900295,27,33,-6
119900296,30,25,5
119900297,2,8,-6
119900298,0,3,-3
119900299,12,21,-9
119900300,170,44,126
119900301,3,85,-82
119900302,1,10,-9
119900303,170,4,166
119900304,141,1,140
119900305,0,5,-5
119900306,5,1,4
119900307,67,7,60
119900308,0,2,-2
119900309,13,142,-129
119900310,59,34,25
119900311,93,15,78
119900312,69,9,60
119900313,24,42,-18
119900314,118,183,-65
119900315,1401,447,954
119900318,5,46,-41
119900319,66,51,15
119900320,139,32,107
119900321,115,10,105
120000001,4132,14392,-10260
120000002,1273,861,412
120000003,929,376,553
120000004,1209,475,734
120000005,1209,446,763
120000006,649,293,356
120000007,1147,1601,-454
120000008,364,312,52
120000009,747,383,364
120000010,1062,797,265
120000011,559,490,69
120000012,829,743,86
120000013,2052,1313,739
120000014,378,554,-176
120000015,1427,667,760
120000016,2711,1419,1292
120000017,2150,1686,464
120000018,1885,9980,-8095
120000019,566,589,-23
120000020,1063,1419,-356
120000021,912,662,250
120000022,2203,2867,-664
120000023,985,749,236
120000024,704,860,-156
120000025,1839,693,1146
120000026,2468,1167,1301
120000027,1562,1210,352
120000028,372,513,-141
120000029,350,350,0
120000030,77,319,-242
120000031,683,2062,-1379
120000032,1827,835,992
120000033,1839,403,1436
120000034,1821,345,1476
120000035,1707,406,1301
120000036,1560,1899,-339
120000037,322,963,-641
120000038,1180,937,243
120000039,173,460,-287
120000040,12,285,-273
120000041,312,422,-110
120000042,994,453,541
120000043,3030,374,2656
120000044,4195,840,3355
120000045,5502,397,5105
120000046,4031,2659,1372
120000047,229,3315,-3086
120000048,3484,1721,1763
120000049,2390,1061,1329
120000050,1521,1561,-40
120000051,1161,1733,-572
120000052,2974,692,2282
120000053,547,858,-311
120000054,526,1515,-989
120000055,599,1173,-574
120000056,1717,1276,441
120000057,1704,439,1265
120000058,659,499,160
120000059,6,1520,-1514
120000061,42,171,-129
120000062,64,112,-48
120000063,251,620,-369
120000064,209,372,-163
120000065,175,416,-241
120000066,113,155,-42
120000067,17,138,-121
120000068,145,160,-15
120000069,370,200,170
120000070,91,202,-111
120000071,802,25,777
120000072,894,184,710
120000073,847,15,832
120000074,46,19,27
120000075,897,111,786
120000076,1878,196,1682
120000077,1646,116,1530
120000078,1341,250,1091
120000079,354,175,179
120000080,84,116,-32
120000081,314,44,270
120000082,343,129,214
120000083,54,535,-481
120000084,60,85,-25
120000085,68,111,-43
120000086,92,155,-63
120000087,106,94,12
120000088,319,280,39
120000089,422,132,290
120000090,296,113,183
120000091,755,165,590
120000092,571,101,470
120000093,603,120,483
120000094,206,228,-22
120000095,244,126,118
120000096,213,159,54
120000098,336,156,180
120000099,69,219,-150
120000100,314,205,109
120000101,381,83,298
120000102,349,764,-415
120000103,774,455,319
120000104,1614,116,1498
120000105,1863,80,1783
120000106,2351,91,2260
120000107,4194,134,4060
120000108,1343,52,1291
120000109,944,23,921
120000110,48,336,-288
120000111,41,292,-251
120000112,106,648,-542
120000113,118,514,-396
120000114,111,407,-296
120000115,95,465,-370
120000116,69,468,-399
120000117,253,335,-82
120000118,26,6,20
120000119,2,8,-6
120000120,57,56,1
120000121,3,4,-1
120000122,56,366,-310
120000123,1095,6687,-5592
120000124,224,183,41
120000125,425,209,216
120000126,135,403,-268
120000127,299,211,88
120000128,814,1196,-382
120000129,76,95,-19
120000130,329,157,172
120000131,354,149,205
120000134,56,92,-36
120000135,595,313,282
120000137,167,86,81
120000138,941,77,864
120000139,100,58,42
120000140,959,73,886
120000141,185,112,73
120000142,505,147,358
120000143,0,37,-37
120000144,85,1,84
120000145,347,0,347
120000146,492,741,-249
120000149,195,185,10
120000150,434,6344,-5910
120000151,424,116,308
120000152,768,43,725
120000153,346,75,271
120000154,215,202,13
120000155,85,122,-37
120000156,214,1046,-832
120000157,701,141,560
120000158,448,117,331
120000159,683,519,164
120000160,1028,1214,-186
120000161,2220,1344,876
120000162,105,223,-118
120000163,464,109,355
120000164,436,57,379
120000165,635,102,533
120000166,1363,117,1246
120000167,19,58,-39
120000168,1,136,-135
120000169,3,323,-320
120000170,12,229,-217
120000171,1,47,-46
120000172,6,74,-68
120000173,53,121,-68
120000174,5,10,-5
120000175,16,30,-14
120000176,7,24,-17
120000177,198,65,133
120000178,17,15,2
120000179,7,14,-7
120000180,37,6,31
120000181,10,288,-278
120000182,15,317,-302
120000183,4,161,-157
120000184,13,274,-261
120000186,15,212,-197
120000187,9,38,-29
120000188,6,46,-40
120000190,42,13,29
120000191,64,21,43
120000192,48,4,44
120000193,54,2,52
120000195,7,0,7
120000196,45,2,43
120000197,5,17,-12
120000198,235,3,232
120000199,281,0,281
120000200,248,0,248
120000201,36,54,-18
120000202,1,12,-11
120000203,50,18,32
120000207,0,5,-5
120000208,1,11,-10
120000209,4,11,-7
120000210,17,3,14
120000211,216,0,216
120000212,200,0,200
120000213,147,60,87
120000214,0,20,-20
120000215,0,16,-16
120000216,76,17,59
120000217,138,210,-72
120000218,16,172,-156
120000219,0,158,-158
120000220,0,405,-405
120000225,2050,1,2049
120000226,578,2,576
120000227,655,48,607
120000228,2795,1970,825
120000230,202,12,190
120000231,950,146,804
120000233,513,19,494
120000235,104,177,-73
120000236,1042,0,1042
120000237,0,192,-192
120000238,0,79,-79
120000241,890,1973,-1083
120000412,147,5,142
120000413,295,59,236
120000414,243,1,242
120000415,0,23,-23
120000416,76,0,76
120000417,2,22,-20
120000418,222,0,222
120000419,2,15,-13
120000420,7,7,0
120000421,3515,2049,1466
120000422,57,1338,-1281
120000423,0,30,-30
120000424,74,7,67
120000436,92,829,-737
120000437,13,36,-23
120000438,715,140,575
120000439,117,410,-293
120000443,198,0,198
120000444,1329,135,1194
120000445,1097,594,503
120000446,163,68,95
120000447,345,0,345
120000449,115,0,115
120000450,0,24,-24
120000451,74,64,10
120000452,142,1,141
120000453,0,9,-9
120000454,22,18,4
120000455,97,22,75
120000456,463,1912,-1449
120000457,238,157,81
120000458,182,113,69
120000459,107,13,94
120000665,148,136,12
120000668,45,380,-335
120000669,84,57,27
120000670,32,252,-220
120000671,964,377,587
120000672,12,125,-113
120900001,165,4,161
120900002,40,71,-31
120900003,63,2,61
120900004,6,52,-46
120900005,15,130,-115
120900006,502,40,462
120900007,25,38,-13
120900008,574,183,391
120900009,68,14,54
120900010,578,114,464
120900011,2,113,-111
120900012,20,758,-738
120900013,249,69,180
120900014,47,116,-69
120900015,866,32,834
120900016,1240,19,1221
120900017,482,29,453
120900018,118,87,31
120900019,233,176,57
120900020,184,295,-111
120900021,457,27,430
120900022,64,111,-47
120900023,461,35,426
120900024,574,144,430
120900025,435,204,231
120900026,27,37,-10
120900027,87,10,77
120900028,447,75,372
120900029,10,628,-618
120900030,1658,152,1506
120900031,371,58,313
120900032,1301,54,1247
120900033,887,23,864
120900034,6,1341,-1335
120900035,5,18,-13
120900037,275,3,272
120900038,54,439,-385
120900039,100,18,82
120900040,395,1,394
120900041,22,28,-6
120900042,338,30,308
120900043,83,12,71
120900044,2,181,-179
120900045,25,25,0
120900046,704,1,703
120900047,77,175,-98
120900048,58,5,53
120900049,550,2,548
120900050,330,1719,-1389
120900051,272,51,221
120900052,954,1,953
120900053,306,8,298
120900054,277,65,212
120900055,612,0,612
120900056,475,8,467
120900057,162,4,158
120900058,753,1,752
120900059,78,1,77
120900060,47,2,45
120900061,85,22,63
120900062,290,5,285
120900063,684,12,672
120900064,796,0,796
120900065,794,2,792
120900066,448,52,396
120900067,114,31,83
120900068,381,0,381
120900069,262,15,247
120900071,15,1,14
120900072,926,1,925
120900073,733,36,697
120900074,711,8,703
120900076,392,2,390
120900077,487,214,273
120900078,688,84,604
120900079,824,48,776
120900080,1006,193,813
120900081,1643,310,1333
120900082,209,192,17
120900083,139,3,136
120900084,284,338,-54
120900085,13,12,1
120900086,7,326,-319
120900087,440,110,330
120900088,75,481,-406
120900089,550,2593,-2043
120900090,157,26,131
120900091,130,469,-339
120900092,62,119,-57
120900093,532,55,477
120900094,51,24,27
120900095,86,2,84
120900096,13,55,-42
120900097,242,266,-24
120900098,38,30,8
120900099,8,9,-1
120900100,6,42,-36
120900101,26,63,-37
120900102,22,8,14
120900103,25,40,-15
120900104,7,2,5
120900105,2,79,-77
120900106,191,42,149
120900107,104,23,81
120900108,0,122,-122
120900109,9,87,-78
120900110,3,65,-62
120900111,53,54,-1
120900112,3,113,-110
120900113,8,116,-108
120900114,21,58,-37
120900115,71,86,-15
120900116,471,82,389
120900117,0,47,-47
120900118,9,90,-81
120900119,1717,922,795
120900120,2,128,-126
120900121,7,109,-102
120900122,697,74,623
120900123,0,86,-86
120900124,0,116,-116
120900125,0,139,-139
120900126,158,167,-9
120900127,3,86,-83
120900128,88,267,-179
120900129,2,79,-77
120900130,2,87,-85
120900131,29,6,23
120900132,731,51,680
120900133,34,171,-137
120900134,29,99,-70
120900135,10,200,-190
120900136,1,22,-21
120900137,295,18,277
120900138,0,154,-154
120900139,0,162,-162
120900140,3,44,-41
120900141,152,34,118
120900142,1,144,-143
120900143,1,143,-142
120900144,0,75,-75
120900145,41,178,-137
120900146,0,140,-140
120900147,0,1,-1
120900148,24,28,-4
120900149,0,85,-85
120900150,34,66,-32
120900151,0,31,-31
120900152,0,0,0
120900153,9,1,8
120900154,0,78,-78
120900155,92,144,-52
120900156,86,56,30
120900157,0,0,0
120900158,46,65,-19
120900159,0,13,-13
120900160,12,111,-99
120900161,0,172,-172
120900162,4,122,-118
120900163,9,176,-167
120900164,0,31,-31
120900165,1,69,-68
120900166,14,181,-167
120900167,59,8,51
120900169,58,67,-9
120900170,104,3070,-2966
120900171,240,39,201
120900172,43,341,-298
120900173,0,40,-40
120900174,1,26,-25
120900175,63,22,41
120900176,3,218,-215
120900177,0,856,-856
120900178,0,302,-302
120900179,52,39,13
120900180,26,86,-60
120900181,1,11,-10
120900182,5,13,-8
120900183,269,57,212
120900184,27,10,17
120900185,48,410,-362
120900186,0,68,-68
120900187,371,112,259
120900188,226,29,197
120900189,18,1825,-1807
120900190,107,9,98
120900191,43,0,43
120900192,2755,8430,-5675
120900194,49,7,42
120900195,22,38,-16
120900196,67,11,56
120900197,565,12,553
120900198,25,255,-230
120900199,143,200,-57
120900200,10,50,-40
120900201,176,27,149
120900202,1,22,-21
120900203,44,2,42
120900204,34,38,-4
120900205,8,16,-8
120900206,31,19,12
120900207,4,167,-163
121000001,477,502,-25
121000002,643,940,-297
121000003,2501,1109,1392
121000004,602,1521,-919
121000005,1552,1962,-410
121000006,921,1483,-562
121000007,1119,1922,-803
121000008,1454,1943,-489
121000009,2413,3060,-647
121000010,1867,1855,12
121000011,2274,3144,-870
121000012,3983,1866,2117
121000013,2740,2560,180
121000014,2101,1301,800
121000015,2269,3337,-1068
121000016,1316,1177,139
121000017,967,1264,-297
121000018,1364,782,582
121000019,2477,3343,-866
121000020,3868,6716,-2848
121000021,593,553,40
121000022,833,1390,-557
121000023,754,327,427
121000024,1916,2157,-241
121000025,113,387,-274
121000026,53,71,-18
121000027,787,678,109
121000028,282,338,-56
121000029,294,259,35
121000030,107,255,-148
121000031,112,208,-96
121000032,49,110,-61
121000034,90,133,-43
121000035,41,147,-106
121000036,461,434,27
121000037,200,741,-541
121000038,117,382,-265
121000039,26,110,-84
121000041,87,341,-254
121000042,48,248,-200
121000043,153,616,-463
121000044,342,315,27
121000045,195,251,-56
121000046,263,343,-80
121000047,28,124,-96
121000049,423,456,-33
121000050,60,1032,-972
121000051,294,100,194
121000052,112,1000,-888
121000053,105,91,14
121000054,11,182,-171
121000055,344,563,-219
121000056,335,780,-445
121000057,95,83,12
121000058,88,40,48
121000059,1888,435,1453
121000060,506,680,-174
121000061,3,327,-324
121000062,17,183,-166
121000063,446,722,-276
121000064,351,377,-26
121000065,107,174,-67
121000066,152,260,-108
121000067,240,120,120
121000068,142,423,-281
121000069,65,883,-818
121000070,347,334,13
121000071,666,901,-235
121000072,215,160,55
121000073,372,513,-141
121000074,32,104,-72
121000075,5,23,-18
121000076,156,89,67
121000077,35,75,-40
121000078,35,184,-149
121000080,410,153,257
121000081,744,1527,-783
121000082,57,58,-1
121000083,63,45,18
121000084,86,158,-72
121000085,99,125,-26
121000086,244,257,-13
121000087,19,97,-78
121000088,199,189,10
121000089,69,195,-126
121000090,53,194,-141
121000091,487,395,92
121000092,87,7,80
121000093,157,54,103
121000094,99,197,-98
121000095,100,358,-258
121000096,2188,554,1634
121000097,179,685,-506
121000098,129,190,-61
121000099,265,150,115
121000100,568,72,496
121000101,145,16,129
121000102,144,34,110
121000103,36,57,-21
121000104,141,7,134
121000105,112,15,97
121000106,70,72,-2
121000107,793,1069,-276
121000109,419,689,-270
121000110,79,321,-242
121000114,1166,903,263
121000115,310,155,155
121000116,96,180,-84
121000117,186,53,133
121000118,694,43,651
121000119,177,113,64
121000120,142,371,-229
121000121,279,2296,-2017
121000123,184,134,50
121000127,34,86,-52
121000128,567,53,514
121000129,454,60,394
121000130,134,283,-149
121000131,425,404,21
121000132,98,479,-381
121000135,54,111,-57
121000136,305,993,-688
121000137,156,199,-43
121000138,154,2267,-2113
121000139,37,351,-314
121000141,226,63,163
121000142,155,378,-223
121000143,5,9,-4
121000144,206,508,-302
121000145,198,223,-25
121000146,435,495,-60
121000147,560,192,368
121000148,223,227,-4
121000149,926,706,220
121000152,108,125,-17
121000153,788,181,607
121000154,553,184,369
121000155,1172,293,879
121000156,124,309,-185
121000157,280,351,-71
121000158,130,166,-36
121000159,151,159,-8
121000160,146,93,53
121000161,145,156,-11
121000162,99,53,46
121000165,302,1116,-814
121000166,9,289,-280
121000168,176,208,-32
121000169,9,78,-69
121000170,100,28,72
121000171,23,51,-28
121000172,352,243,109
121000173,706,542,164
121000174,346,401,-55
121000175,663,183,480
121000176,202,133,69
121000177,274,243,31
121000178,74,12,62
121000179,55,12,43
121000181,44,201,-157
121000182,125,428,-303
121000183,55,296,-241
121000184,22,256,-234
121000185,26,393,-367
121000186,157,551,-394
121000187,118,31,87
121000188,121,23,98
121000192,265,236,29
121000193,284,114,170
121000194,712,838,-126
121000195,171,578,-407
121000196,186,86,100
121000197,32,200,-168
121000198,67,87,-20
121000199,53,88,-35
121000200,360,68,292
121000201,0,140,-140
121000202,338,35,303
121000203,289,423,-134
121000204,1644,305,1339
121000205,123,125,-2
121000206,25,59,-34
121000207,1220,614,606
121000208,4,207,-203
121000209,696,76,620
121000210,379,207,172
121000211,118,12,106
121000212,239,279,-40
121000213,4984,1335,3649
121000214,320,982,-662
121000215,420,481,-61
121000216,170,346,-176
121000217,1628,2168,-540
121000218,290,727,-437
121000219,612,203,409
121000220,176,41,135
121000221,305,325,-20
121000222,2905,1928,977
121000223,121,508,-387
121000224,63,217,-154
121000225,180,3852,-3672
121000226,542,1446,-904
121000227,26,106,-80
121000228,19,154,-135
121000229,99,165,-66
121000230,81,614,-533
121000231,827,30,797
121000232,158,74,84
121000233,333,115,218
121000234,1,86,-85
121000235,29,99,-70
121000236,4,47,-43
121000237,1,12,-11
121000238,0,19,-19
121000239,36,0,36
121000240,2,42,-40
121000241,45,5,40
121000242,1,102,-101
121000243,85,21,64
121000244,0,37,-37
121000245,29,5,24
121000246,2,62,-60
121000247,93,4,89
121000248,135,225,-90
121000249,80,92,-12
121000250,485,613,-128
121000251,1,212,-211
121000252,48,82,-34
121000253,163,345,-182
121000254,643,183,460
121000255,17,428,-411
121000256,160,318,-158
121000257,1,262,-261
121000258,36,276,-240
121000259,7,173,-166
121000260,1,89,-88
121000261,17,211,-194
121000262,401,260,141
121000263,140,197,-57
121000271,341,577,-236
121000273,17,3,14
121000274,3,126,-123
121000275,0,0,0
121000276,1,119,-118
121000278,46,36,10
121000279,3,28,-25
121000280,6,110,-104
121000289,186,21,165
121000290,270,465,-195
121000294,107,26,81
121000297,109,412,-303
121000299,29,840,-811
121000300,414,256,158
121000302,1,358,-357
121000303,192,77,115
121000304,190,26,164
121000305,114,42,72
121000306,118,48,70
121000308,60,46,14
121000309,73,95,-22
121000310,47,40,7
121000311,6,108,-102
121000312,190,80,110
121000313,43,67,-24
121000314,0,2,-2
121000315,3,14,-11
121000530,1028,668,360
121000531,814,654,160
121000532,2091,3018,-927
121000533,1767,1172,595
121000918,34,86,-52
121000919,45,114,-69
121000938,14,60,-46
121000939,31,101,-70
121000956,936,589,347
121000957,28,22,6
121000958,0,63,-63
121000959,666,218,448
121000960,854,496,358
121000961,169,9,160
121000962,136,95,41
121000963,0,0,0
121000973,0,187,-187
121000976,1,7,-6
121000979,71,119,-48
121000981,247,19,228
121000982,401,328,73
121000983,257,59,198
121000984,1,29,-28
121000985,601,362,239
121000986,493,91,402
121000987,86,245,-159
121000988,720,42,678
121001302,43,33,10
121001308,0,6,-6
121001309,9,266,-257
121001313,114,119,-5
121001314,444,1080,-636
121001315,2194,1847,347
121001326,23,13,10
121900001,34,161,-127
121900002,15,0,15
121900003,85,4,81
121900004,26,143,-117
121900005,5,1,4
121900006,50,4,46
121900007,1405,654,751
121900008,22,31,-9
121900009,401,74,327
121900010,40,0,40
121900011,248,50,198
121900012,24,1,23
121900013,26,24,2
121900014,539,112,427
121900015,304,65,239
121900016,3,7,-4
121900017,124,191,-67
121900018,134,0,134
121900019,104,28,76
121900020,10,0,10
121900021,531,18,513
121900022,30,58,-28
121900023,34,146,-112
121900024,62,40,22
121900025,192,46,146
121900026,92,22,70
121900027,100,61,39
121900028,85,1,84
121900029,25,202,-177
121900030,106,152,-46
121900031,125,2328,-2203
121900032,22,17,5
121900033,91,63,28
121900034,178,54,124
121900035,1155,525,630
121900036,43,316,-273
121900037,84,701,-617
121900038,19,10,9
121900039,101,0,101
121900040,18,19,-1
121900041,50,226,-176
121900042,210,51,159
121900043,1,0,1
121900044,7,54,-47
121900046,33,78,-45
121900047,29,42,-13
121900048,9,19,-10
121900050,29,0,29
121900051,74,173,-99
121900052,39,43,-4
121900053,212,135,77
121900054,97,222,-125
121900055,1,5,-4
121900058,92,18,74
121900059,29,22,7
121900060,54,110,-56
121900061,61,1470,-1409
121900062,90,50,40
121900063,782,133,649
121900064,181,224,-43
121900066,11,46,-35
121900067,0,0,0
121900069,46,19,27
121900070,40,120,-80
121900071,400,105,295
121900072,15,12,3
121900073,14,128,-114
121900074,122,244,-122
121900075,161,290,-129
121900076,202,188,14
121900077,4,1,3
121900078,23,43,-20
121900079,0,0,0
121900080,253,63,190
121900082,28,27,1
121900084,3,4,-1
121900085,0,2,-2
121900086,7,28,-21
121900087,17,39,-22
121900088,371,434,-63
121900089,102,54,48
121900090,7,8,-1
121900091,7,0,7
121900092,53,26,27
121900093,59,36,23
121900094,1,2,-1
121900095,110,70,40
121900096,337,237,100
121900097,88,57,31
121900098,1,0,1
121900099,45,11,34
121900100,8,27,-19
121900101,48,44,4
121900102,0,17,-17
121900103,113,98,15
121900104,803,105,698
121900105,58,37,21
121900106,0,2,-2
121900107,27,10,17
121900108,0,1,-1
121900109,109,88,21
121900110,327,88,239
121900111,67,47,20
121900112,16,11,5
121900113,11,60,-49
121900117,1,6,-5
121900118,346,40,306
121900119,80,2,78
121900120,7,147,-140
121900121,43,3,40
121900122,6,32,-26
121900123,80,117,-37
121900124,46,20,26
121900125,658,178,480
121900127,1,116,-115
121900128,23,21,2
121900129,86,28,58
121900130,19,1340,-1321
121900131,71,5,66
121900132,22,15,7
121900133,2,238,-236
121900134,3,118,-115
121900135,4338,358,3980
121900136,81,17,64
121900137,3,88,-85
121900138,32,40,-8
121900139,149,1173,-1024
121900140,3,3,0
121900141,22,7,15
121900142,12,4,8
121900143,1,21,-20
121900144,35,108,-73
121900145,22,30,-8
121900146,18,36,-18
121900147,4,39,-35
121900148,33,49,-16
121900149,27,10,17
121900150,29,22,7
121900151,7,54,-47
121900152,14,7,7
121900153,0,63,-63
121900154,0,48,-48
121900155,0,36,-36
121900156,1,31,-30
121900157,0,24,-24
121900158,33,12,21
121900159,0,24,-24
121900160,2,47,-45
121900161,9,69,-60
121900162,28,14,14
121900163,225,95,130
121900164,57,63,-6
121900165,44,30,14
121900166,128,29,99
121900167,79,0,79
121900168,17,5,12
121900169,0,2,-2
121900170,9,12,-3
121900171,276,150,126
121900172,195,16,179
121900173,148,102,46
121900174,22,4,18
121900175,3,77,-74
121900176,141,471,-330
121900177,35,33,2
121900178,10,4,6
121900179,50,130,-80
121900180,505,2931,-2426
121900182,217,156,61
121900183,77,971,-894
121900184,18,889,-871
121900186,3,145,-142
121900187,0,53,-53
121900188,482,45,437
121900189,0,9,-9
121900190,46,303,-257
121900191,0,85,-85
121900192,128,678,-550
121900193,2,62,-60
121900194,3,70,-67
121900195,0,0,0
121900196,82,504,-422
121900197,73,300,-227
121900198,3175,430,2745
121900199,0,16,-16
121900200,1,54,-53
121900201,131,215,-84
121900202,14,219,-205
121900203,15,195,-180
121900204,209,327,-118
121900205,1,51,-50
121900206,0,26,-26
121900207,3,13,-10
121900208,26,296,-270
121900209,5,13,-8
121900210,436,291,145
121900211,157,110,47
121900212,16,54,-38
121900213,55,7,48
121900214,2,178,-176
121900215,27,65,-38
121900216,2,95,-93
121900217,43,37,6
121900218,100,128,-28
121900220,38,13,25
121900221,239,96,143
121900222,67,16,51
121900223,19,38,-19
121900224,35,24,11
121900225,9,108,-99
121900226,56,5,51
121900227,80,217,-137
121900228,12,27,-15
121900230,21,61,-40
121900231,41,140,-99
121900232,46,106,-60
121900233,41,27,14
121900234,56,79,-23
121900235,189,64,125
121900236,108,24,84
121900237,27,77,-50
121900238,12,62,-50
121900239,49,13,36
121900240,28,25,3
121900241,3,0,3
121900242,3,0,3
121900245,117,19,98
121900246,1542,122,1420
121900247,97,30,67
121900248,187,143,44
121900250,18,213,-195
121900251,130,9,121
121900252,63,51,12
121900253,42,449,-407
121900254,44,66,-22
121900255,146,27,119
121900258,1803,685,1118
121900259,25,128,-103
121900260,76,7,69
121900261,13,110,-97
121900262,81,161,-80
121900263,28,67,-39
121900264,214,122,92
121900265,97,23,74
121900266,195,16,179
121900267,39,20,19
121900269,88,254,-166
121900270,36,103,-67
121900271,0,248,-248
121900273,185,784,-599
121900274,182,76,106
121900277,62,196,-134
121900278,34,307,-273
121900279,45,57,-12
121900280,26,106,-80
121900281,74,130,-56
121900284,11,5,6
121900286,77,21,56
121900287,3,8,-5
121900288,1,0,1
121900290,16,175,-159
121900291,199,230,-31
121900292,28,61,-33
121900293,286,1006,-720
121900294,83,1,82
121900295,38,27,11
121900296,35,114,-79
121900298,20,389,-369
121900299,1,96,-95
121900300,30,57,-27
121900301,3,0,3
121900302,3,31,-28
121900303,38,40,-2
121900304,0,5,-5
121900305,0,6,-6
121900306,160,0,160
121900307,113,4,109
121900308,6,14,-8
121900309,1,21,-20
121900310,5,38,-33
121900311,273,4,269
121900312,135,0,135
121900313,207,0,207
121900314,0,2,-2
121900315,29,0,29
121900316,0,0,0
121900317,6,8,-2
121900318,0,0,0
121900319,13,99,-86
121900320,0,0,0
121900321,35,0,35
121900322,0,0,0
121900323,1,7,-6
121900324,0,6,-6
121900325,2,0,2
121900326,0,0,0
121900327,2,16,-14
121900328,0,4,-4
121900329,1,24,-23
121900330,0,46,-46
121900331,3,2,1
121900332,35,19,16
121900333,25,0,25
121900334,18,24,-6
122000001,465,962,-497
122000002,804,218,586
122000003,356,547,-191
122000004,331,283,48
122000005,1533,1369,164
122000006,212,448,-236
122000007,175,583,-408
122000008,420,971,-551
122000009,44,160,-116
122000010,914,1001,-87
122000011,741,458,283
122000012,324,578,-254
122000013,163,600,-437
122000014,1456,512,944
122000015,356,327,29
122000016,249,258,-9
122000017,240,618,-378
122000018,732,611,121
122000019,176,825,-649
122000020,138,120,18
122000021,22,119,-97
122000022,246,400,-154
122000023,143,407,-264
122000024,184,521,-337
122000025,223,540,-317
122000026,246,338,-92
122000027,169,281,-112
122000028,273,228,45
122000029,105,185,-80
122000030,84,29,55
122000031,48,261,-213
122000032,788,728,60
122000033,93,435,-342
122000034,56,411,-355
122000035,42,173,-131
122000036,94,166,-72
122000037,139,88,51
122000038,91,165,-74
122000039,266,159,107
122000040,122,90,32
122000041,168,563,-395
122000042,198,479,-281
122000043,17,56,-39
122000044,14,53,-39
122000045,300,276,24
122000046,261,204,57
122000047,53,46,7
122000048,769,1607,-838
122000049,2349,1108,1241
122000050,221,398,-177
122000051,65,430,-365
122000052,201,430,-229
122000053,137,1107,-970
122000054,900,820,80
122000055,1248,1849,-601
122000056,1343,964,379
122000057,853,1609,-756
122000058,287,800,-513
122000059,310,834,-524
122000060,157,164,-7
122000061,76,89,-13
122000062,321,105,216
122000063,127,431,-304
122000064,1423,2608,-1185
122000065,1138,1467,-329
122000066,293,513,-220
122000067,414,1138,-724
122000068,515,615,-100
122000069,365,261,104
122000070,289,603,-314
122000071,1218,558,660
122000072,139,153,-14
122000073,18,273,-255
122000074,748,545,203
122000075,361,264,97
122000076,1127,513,614
122000077,279,856,-577
122000078,297,728,-431
122000079,149,886,-737
122000080,159,187,-28
122000081,49,164,-115
122000082,156,421,-265
122000083,967,448,519
122000084,1150,346,804
122000085,43,201,-158
122000086,827,2470,-1643
122000087,113,123,-10
122000088,16,106,-90
122000089,1653,1133,520
122000090,91,375,-284
122000091,59,244,-185
122000092,36,21,15
122000093,591,1481,-890
122000094,2187,1001,1186
122000095,259,1142,-883
122000096,240,709,-469
122000098,1204,1861,-657
122000099,130,688,-558
122000100,264,176,88
122000101,74,137,-63
122000102,608,320,288
122000103,370,542,-172
122000104,273,189,84
122000105,175,167,8
122000106,138,476,-338
122000107,527,155,372
122000108,152,255,-103
122000109,116,155,-39
122000110,132,270,-138
122000111,863,437,426
122000112,485,769,-284
122000113,174,161,13
122000114,406,1276,-870
122000115,1018,1033,-15
122000116,60,153,-93
122000117,178,151,27
122000118,374,47,327
122000119,444,343,101
122000120,197,456,-259
122000121,283,450,-167
122000122,57,367,-310
122000123,340,556,-216
122000124,163,150,13
122000125,29,151,-122
122000126,80,204,-124
122000127,133,115,18
122000128,114,153,-39
122000129,74,701,-627
122000130,822,256,566
122000131,282,92,190
122000132,101,111,-10
122000133,340,233,107
122000134,383,455,-72
122000135,242,194,48
122000136,229,207,22
122000137,661,233,428
122000139,311,843,-532
122000140,72,265,-193
122000141,1646,403,1243
122000142,67,693,-626
122000143,162,96,66
122000144,612,190,422
122000145,268,229,39
122000146,117,912,-795
122000147,121,183,-62
122000148,196,373,-177
122000149,465,149,316
122000150,603,169,434
122000151,18,55,-37
122000152,64,79,-15
122000153,117,77,40
122000154,39,34,5
122000155,395,569,-174
122000156,1860,1392,468
122000157,275,1974,-1699
122000158,84,178,-94
122000159,472,360,112
122000160,755,288,467
122000161,399,202,197
122000162,168,394,-226
122000163,137,21,116
122000164,10,26,-16
122000165,216,573,-357
122000166,160,977,-817
122000167,84,153,-69
122000168,42,954,-912
122000169,187,73,114
122000170,81,100,-19
122000171,6,17,-11
122000172,748,559,189
122000173,765,957,-192
122000174,323,1538,-1215
122000175,229,139,90
122000176,104,1406,-1302
122000177,429,866,-437
122000178,1514,1076,438
122000179,762,1383,-621
122000180,222,482,-260
122000181,282,919,-637
122000182,333,475,-142
122000183,413,282,131
122000184,1196,948,248
122000185,308,731,-423
122000186,186,311,-125
122000187,778,350,428
122000188,132,57,75
122000189,59,80,-21
122000190,422,729,-307
122000191,215,186,29
122000192,456,134,322
122000193,278,293,-15
122000194,181,70,111
122000195,60,523,-463
122000196,473,142,331
122000197,207,387,-180
122000198,115,732,-617
122000199,187,73,114
122000200,266,201,65
122000201,387,1386,-999
122000202,231,1066,-835
122000203,653,474,179
122000204,350,417,-67
122000205,194,209,-15
122000206,1415,423,992
122000207,1146,673,473
122000208,900,502,398
122000209,581,90,491
122000210,608,432,176
122000211,329,561,-232
122000212,333,309,24
122000213,329,602,-273
122000214,656,717,-61
122000215,1342,1194,148
122000217,391,485,-94
122000218,233,39,194
122000219,526,286,240
122000220,68,349,-281
122000221,85,305,-220
122000222,179,62,117
122000223,157,267,-110
122000225,238,152,86
122000226,500,447,53
122000227,34,334,-300
122000228,61,66,-5
122000229,1,231,-230
122000230,24,216,-192
122000231,74,269,-195
122000232,155,138,17
122000233,0,31,-31
122000234,304,74,230
122000235,243,118,125
122000236,649,28,621
122000237,21,31,-10
122000238,64,257,-193
122000239,244,60,184
122000240,481,153,328
122000241,757,109,648
122000242,121,18,103
122000243,153,37,116
122000244,28,95,-67
122000245,44,32,12
122000246,135,90,45
122000247,146,111,35
122000248,655,215,440
122000249,620,417,203
122000250,661,331,330
122000251,8,21,-13
122000252,99,28,71
122000253,2,31,-29
122000254,137,58,79
122000255,144,482,-338
122000256,127,316,-189
122000257,159,149,10
122000258,102,218,-116
122000259,14,281,-267
122000260,27,342,-315
122000261,7,103,-96
122000262,1,54,-53
122000263,57,109,-52
122000264,712,65,647
122000265,1020,342,678
122000266,1399,219,1180
122000267,23,186,-163
122000268,93,29,64
122000269,396,109,287
122000270,197,60,137
122000271,94,264,-170
122000272,113,75,38
122000273,175,79,96
122000274,38,106,-68
122000275,1,125,-124
122000276,642,243,399
122000277,388,1064,-676
122000278,771,72,699
122000279,69,90,-21
122000280,243,102,141
122000281,174,81,93
122000282,20,534,-514
122000283,9,122,-113
122000284,37,49,-12
122000285,244,37,207
122000286,8,125,-117
122000287,671,1303,-632
122000288,151,171,-20
122000291,936,326,610
122000293,64,57,7
122000294,48,170,-122
122000295,765,135,630
122000296,44,518,-474
122000297,724,2582,-1858
122000299,305,118,187
122000300,108,193,-85
122000301,2736,2301,435
122000302,190,1762,-1572
122000303,599,349,250
122000304,2,173,-171
122000305,997,193,804
122000306,47,170,-123
122000307,35,74,-39
122000309,14,116,-102
122000310,2,97,-95
122000311,45,85,-40
122000312,76,201,-125
122000313,17,125,-108
122000314,91,330,-239
122000315,121,17,104
122000316,669,133,536
122000317,1396,112,1284
122000318,187,1136,-949
122000319,86,217,-131
122000320,88,307,-219
122000321,49,59,-10
122000322,536,540,-4
122000323,193,539,-346
122000324,511,955,-444
122000325,247,626,-379
122000326,103,39,64
122000327,73,232,-159
122000328,206,164,42
122000330,780,584,196
122000332,205,739,-534
122000333,42,113,-71
122000337,507,177,330
122000338,188,49,139
122000340,7,555,-548
122000342,687,340,347
122000343,293,198,95
122000344,78,5,73
122000345,55,130,-75
122000346,43,11,32
122000348,245,228,17
122000349,12,18,-6
122000351,83,142,-59
122000352,134,45,89
122000353,18,22,-4
122000355,57,244,-187
122000356,112,383,-271
122000357,45,9,36
122000358,0,1,-1
122000359,0,0,0
122000360,0,1,-1
122000362,1,6,-5
122000364,184,94,90
122000365,1,10,-9
122000366,7,2,5
122000368,214,104,110
122000370,2,5,-3
122000371,55,1,54
122000372,1,6,-5
122000381,116,131,-15
122000382,12,177,-165
122000384,427,459,-32
122000385,44,0,44
122000386,62,615,-553
122000387,56,445,-389
122000388,487,283,204
122000389,64,187,-123
122000390,105,157,-52
122000391,35,476,-441
122000392,66,53,13
122000393,6,529,-523
122000394,285,188,97
122000395,33,35,-2
122000396,168,10,158
122000397,19,32,-13
122000398,1,127,-126
122000399,62,21,41
122000400,25,261,-236
122000401,18,10,8
122000402,287,60,227
122000403,126,196,-70
122000404,192,69,123
122000408,115,452,-337
122000503,7,50,-43
122000524,27,75,-48
122000544,37,978,-941
122000616,62,0,62
122000640,94,32,62
122000641,50,105,-55
122000642,785,179,606
122000643,11,168,-157
122000644,77,26,51
122000645,21,73,-52
122000651,137,490,-353
122000664,58,13,45
122000665,263,131,132
122000666,111,149,-38
122000673,13,107,-94
122000674,342,115,227
122000675,1355,415,940
122000686,261,475,-214
122000687,1194,127,1067
122000688,258,248,10
122000689,772,88,684
122000690,2162,94,2068
122000691,747,307,440
122000692,773,42,731
122000693,152,381,-229
122000695,261,115,146
122000696,321,42,279
122000698,121,98,23
122000699,234,32,202
122000701,930,178,752
122000702,341,497,-156
122000703,64,40,24
122000712,0,0,0
122000717,5,56,-51
122000718,18,515,-497
122000719,4,24,-20
122000720,497,56,441
122000724,34,36,-2
122900001,5,6,-1
122900002,297,3587,-3290
122900003,190,0,190
122900004,1998,69,1929
122900005,20,129,-109
122900006,48,1037,-989
122900007,19,27,-8
122900008,93,271,-178
122900009,84,64,20
122900010,101,55,46
122900012,167,161,6
122900014,24,18,6
122900015,523,164,359
122900016,62,30,32
122900017,115,318,-203
122900018,41,2,39
122900019,17,202,-185
122900020,45,532,-487
122900021,9,164,-155
122900022,609,540,69
122900023,249,59,190
122900024,55,53,2
122900025,2,42,-40
122900026,0,11,-11
122900027,8,383,-375
122900028,45,6,39
122900029,2181,899,1282
122900030,252,20,232
122900031,20,204,-184
122900032,85,104,-19
122900033,105,83,22
122900034,944,1452,-508
122900035,5,8,-3
122900036,22,8,14
122900037,124,46,78
122900038,28,885,-857
122900039,12,168,-156
122900040,203,226,-23
122900041,30,222,-192
122900042,58,58,0
122900043,172,106,66
122900044,65,117,-52
122900045,30,42,-12
122900046,39,268,-229
122900047,25,24,1
122900048,6,143,-137
122900049,1368,63,1305
122900051,8,84,-76
122900052,80,38,42
122900053,0,21,-21
122900055,91,8,83
122900057,101,2,99
122900061,224,14,210
122900062,142,335,-193
122900063,138,61,77
122900064,597,249,348
122900065,84,113,-29
122900066,130,39,91
122900067,236,120,116
122900068,2,6,-4
122900069,122,604,-482
122900070,263,8,255
122900071,24,78,-54
122900072,32,108,-76
122900073,16,31,-15
122900074,924,78,846
122900075,0,13,-13
122900076,0,62,-62
122900077,0,14,-14
122900078,191,16,175
122900080,1,13,-12
122900081,92,31,61
122900082,808,45,763
122900083,12,25,-13
122900084,0,73,-73
122900086,2,24,-22
122900087,274,749,-475
122900088,12,119,-107
122900089,1,178,-177
122900090,1,77,-76
122900091,237,2,235
122900092,0,34,-34
122900093,0,7,-7
122900094,0,43,-43
122900095,115,6,109
122900096,323,18,305
122900097,8,17,-9
122900098,2,21,-19
122900099,121,41,80
122900100,7,379,-372
122900101,102,30,72
122900102,31,20,11
122900103,276,1,275
122900104,144,0,144
122900105,11,8,3
122900106,1,4,-3
122900107,0,13,-13
122900108,2,20,-18
123000001,364,305,59
123000002,1359,3758,-2399
123000003,2067,1542,525
123000004,1472,2145,-673
123000005,1617,1016,601
123000006,1181,1208,-27
123000007,1524,955,569
123000008,867,1489,-622
123000009,2116,1919,197
123000010,1651,1987,-336
123000011,848,581,267
123000012,317,1071,-754
123000013,2151,473,1678
123000014,248,1294,-1046
123000015,1161,677,484
123000016,1277,1323,-46
123000017,3686,1629,2057
123000018,101,49,52
123000019,279,9,270
123000020,251,18,233
123000021,204,184,20
123000022,656,1021,-365
123000023,1770,1160,610
123000024,825,497,328
123000025,191,42,149
123000026,32,124,-92
123000027,40,564,-524
123000028,79,2772,-2693
123000029,160,1137,-977
123000030,146,49,97
123000031,318,66,252
123000032,513,107,406
123000033,173,41,132
123000034,476,447,29
123000035,148,256,-108
123000036,86,411,-325
123000037,45,65,-20
123000038,15,254,-239
123000039,228,893,-665
123000040,188,29,159
123000041,199,452,-253
123000042,199,286,-87
123000043,604,5945,-5341
123000044,1633,902,731
123000045,1858,623,1235
123000046,56,430,-374
123000047,226,439,-213
123000048,6,920,-914
123000049,2213,3448,-1235
123000050,838,553,285
123000051,18,65,-47
123000052,244,773,-529
123000053,765,915,-150
123000054,803,784,19
123000055,1160,1956,-796
123000056,442,280,162
123000057,1695,1869,-174
123000058,201,660,-459
123000059,33,178,-145
123000060,560,208,352
123000061,99,192,-93
123000063,477,341,136
123000064,725,40,685
123000065,1221,809,412
123000066,111,167,-56
123000067,286,154,132
123000068,537,495,42
123000069,1375,438,937
123000070,66,115,-49
123000071,839,293,546
123000072,435,186,249
123000073,894,353,541
123000074,335,368,-33
123000075,107,535,-428
123000076,285,143,142
123000077,846,533,313
123000078,1230,478,752
123000079,1106,630,476
123000080,1094,261,833
123000081,35,93,-58
123000082,72,353,-281
123000083,486,77,409
123000084,374,218,156
123000085,377,48,329
123000086,447,23,424
123000087,221,58,163
123000088,592,197,395
123000089,575,345,230
123000090,454,281,173
123000091,662,509,153
123000092,319,384,-65
123000094,288,44,244
123000095,498,195,303
123000096,442,75,367
123000097,314,61,253
123000098,455,94,361
123000099,351,154,197
123000100,132,451,-319
123000101,171,69,102
123000102,295,548,-253
123000104,161,117,44
123000105,110,56,54
123000106,232,99,133
123000107,121,76,45
123000108,279,392,-113
123000111,505,62,443
123000112,543,81,462
123000113,262,292,-30
123000114,115,183,-68
123000115,90,196,-106
123000116,59,37,22
123000117,990,630,360
123000118,253,115,138
123000119,111,100,11
123000120,125,142,-17
123000121,324,281,43
123000122,133,54,79
123000123,236,176,60
123000124,154,98,56
123000125,611,474,137
123000126,494,1717,-1223
123000127,231,157,74
123000128,95,80,15
123000129,654,24,630
123000130,583,7,576
123000131,736,353,383
123000132,94,184,-90
123000133,72,38,34
123000134,133,24,109
123000135,1132,141,991
123000136,103,221,-118
123000137,24,49,-25
123000138,34,97,-63
123000139,421,58,363
123000140,17,141,-124
123000141,159,23,136
123000142,665,320,345
123000143,436,645,-209
123000144,1,13,-12
123000145,118,544,-426
123000146,10,190,-180
123000147,10,326,-316
123000149,174,241,-67
123000150,29,90,-61
123000151,90,213,-123
123000152,5,110,-105
123000153,9,406,-397
123000154,518,1187,-669
123000155,742,854,-112
123000156,3,17,-14
123000157,266,426,-160
123000158,159,274,-115
123000159,748,2007,-1259
123000160,278,403,-125
123000161,662,611,51
123000162,672,1085,-413
123000163,405,76,329
123000164,1254,54,1200
123000165,78,468,-390
123000166,8,38,-30
123000167,81,30,51
123000168,139,85,54
123000169,597,26,571
123000170,70,28,42
123000171,794,2,792
123000172,14,126,-112
123000173,260,64,196
123000174,372,231,141
123000175,122,211,-89
123000176,440,100,340
123000177,95,233,-138
123000178,495,50,445
123000179,2,321,-319
123000180,842,110,732
123000181,220,413,-193
123000182,224,112,112
123000183,52,192,-140
123000184,21,141,-120
123000185,527,307,220
123000186,11,162,-151
123000187,306,1,305
123000188,211,1,210
123000189,677,59,618
123000190,29,173,-144
123000192,1,148,-147
123000193,5,130,-125
123000194,221,98,123
123000195,219,5,214
123000196,276,8,268
123000197,37,50,-13
123000198,26,523,-497
123000199,11,378,-367
123000200,492,9,483
123000201,942,6,936
123000202,2,211,-209
123000203,696,10,686
123000204,40,275,-235
123000205,87,303,-216
123000206,1976,113,1863
123000207,21,331,-310
123000208,435,30,405
123000209,1246,222,1024
123000210,71,386,-315
123000211,190,624,-434
123000212,2434,181,2253
123000213,290,54,236
123000215,44,124,-80
123000216,51,566,-515
123000217,84,8,76
123000218,106,171,-65
123000219,339,74,265
123000220,157,59,98
123000221,67,10,57
123000222,164,137,27
123000223,310,117,193
123000224,216,79,137
123000225,135,8,127
123000226,95,73,22
123000227,22,29,-7
123000228,200,42,158
123000229,338,273,65
123000232,20,141,-121
123000233,443,27,416
123000234,104,143,-39
123000235,697,124,573
123000236,126,187,-61
123000237,364,58,306
123000238,6,55,-49
123000239,138,175,-37
123000240,41,425,-384
123000241,105,7,98
123000242,54,81,-27
123000243,402,444,-42
123000244,478,192,286
123000245,1,36,-35
123000249,157,338,-181
123000252,370,77,293
123000253,891,238,653
123000254,280,190,90
123000255,325,324,1
123000256,10,35,-25
123000257,659,426,233
123000258,370,190,180
123000259,302,217,85
123000260,373,34,339
123000261,210,80,130
123000262,22,27,-5
123000263,274,11,263
123000264,148,45,103
123000265,3,18,-15
123000266,201,154,47
123000267,400,126,274
123000268,11,4,7
123000269,29,46,-17
123000270,30,34,-4
123000271,11,8,3
123000272,364,148,216
123000273,115,690,-575
123000274,773,376,397
123000275,104,267,-163
123000278,704,1476,-772
123000279,76,30,46
123000280,158,111,47
123000281,111,19,92
123000282,9,110,-101
123000283,229,24,205
123000284,9,16,-7
123000286,63,184,-121
123000287,90,119,-29
123000288,371,668,-297
123000289,61,733,-672
123000291,47,236,-189
123000294,129,199,-70
123000295,471,1233,-762
123000296,560,625,-65
123000297,488,176,312
123000298,776,151,625
123000299,97,55,42
123000300,733,278,455
123000301,87,128,-41
123000302,164,26,138
123000303,12,577,-565
123000305,173,349,-176
123000306,151,28,123
123000309,19,16,3
123000310,94,3,91
123000311,2,58,-56
123000312,259,216,43
123000313,434,311,123
123000315,266,43,223
123000316,712,121,591
123000317,120,161,-41
123000318,13,153,-140
123000329,7,3,4
123000337,173,766,-593
123000338,107,362,-255
123000339,283,17,266
123000340,16,73,-57
123000342,11,11,0
123000343,148,1,147
123000344,192,66,126
123000345,82,209,-127
123000346,392,35,357
123000352,238,241,-3
123000353,109,13,96
123000354,333,21,312
123000355,1,747,-746
123000356,255,0,255
123000357,0,37,-37
123000359,0,19,-19
123000360,49,103,-54
123000361,462,144,318
123000362,180,16,164
123000363,85,46,39
123000364,182,146,36
123000365,20,148,-128
123000366,133,903,-770
123000367,102,145,-43
123000370,4,17,-13
123000371,351,3,348
123000372,142,3,139
123000373,1,23,-22
123000374,3,20,-17
123000375,268,27,241
123000376,533,364,169
123000377,497,0,497
123000378,0,43,-43
123000379,0,119,-119
123000380,0,57,-57
123000381,62,154,-92
123000382,470,74,396
123000383,17,262,-245
123000384,516,108,408
123000385,26,78,-52
123000436,36,903,-867
123000507,47,71,-24
123000508,64,817,-753
123000517,33,11,22
123000518,13,50,-37
123000519,44,32,12
123000520,16,42,-26
123000521,159,70,89
123000522,52,102,-50
123000541,2,3,-1
123000542,0,0,0
123000565,595,12,583
123000566,218,218,0
123000567,131,84,47
123000573,1,46,-45
123000574,672,14,658
123000575,1832,64,1768
123000576,393,255,138
123000577,11,111,-100
123000578,267,59,208
123000579,459,2616,-2157
123000580,76,53,23
123000582,351,6,345
123000583,4,90,-86
123000584,135,102,33
123000585,0,2,-2
123000586,24,0,24
123000596,43,17,26
123000597,55,84,-29
123000602,59,8,51
123000603,946,125,821
123000604,538,196,342
123000605,230,60,170
123000606,0,77,-77
123000609,16,122,-106
123000610,39,44,-5
123000613,47,47,0
123000614,157,24,133
123000615,16,83,-67
123000616,534,21,513
123000617,53,68,-15
123000618,2,206,-204
123000619,219,2,217
123000620,0,81,-81
123000622,350,4,346
123000624,165,35,130
123000630,1346,256,1090
123000631,78,398,-320
123000632,265,196,69
123000633,0,132,-132
123000634,0,139,-139
123000635,21,38,-17
123000636,23,278,-255
123000637,99,11,88
123000638,351,206,145
123000639,659,3505,-2846
123000640,23,146,-123
123000648,296,4,292
123000649,10,158,-148
123900001,772,32,740
123900002,21,540,-519
123900003,22,132,-110
123900005,139,149,-10
123900006,189,16,173
124000001,1161,155,1006
124000002,3,484,-481
124000003,807,99,708
124000004,12,122,-110
124000005,749,802,-53
124000006,58,126,-68
124000007,600,54,546
124000008,92,193,-101
124000009,698,305,393
124000010,103,268,-165
124000011,920,226,694
124000012,70,337,-267
124000017,182,74,108
124000018,0,7,-7
124000019,128,28,100
124000020,19,12,7
124000021,82,34,48
124000022,5,17,-12
124000023,541,761,-220
124000024,536,190,346
124000025,657,883,-226
124000026,893,840,53
124000027,1878,1230,648
124000028,957,3583,-2626
124000030,915,492,423
124000031,746,5943,-5197
124000032,980,242,738
124000033,484,682,-198
124000034,175,279,-104
124000035,169,171,-2
124000036,25,163,-138
124000037,94,450,-356
124000038,0,3,-3
124000039,132,111,21
124000040,37,177,-140
124000041,355,7,348
124000042,131,26,105
124000043,111,24,87
124000044,32,8,24
124000045,791,62,729
124000046,60,103,-43
124000047,1320,97,1223
124000048,341,152,189
124000049,1252,109,1143
124000050,212,368,-156
124000051,1005,135,870
124000052,243,240,3
124000053,329,1114,-785
124000054,199,98,101
124000055,498,2042,-1544
124000056,541,199,342
124000057,946,233,713
124000058,155,308,-153
124000059,544,526,18
124000060,140,290,-150
124000061,686,3245,-2559
124000062,1353,533,820
124000063,610,355,255
124000064,677,369,308
124000065,15,114,-99
124000066,106,73,33
124000067,101,105,-4
124000068,8,23,-15
124000069,314,35,279
124000070,92,46,46
124000071,59,39,20
124000072,26,50,-24
124000073,458,29,429
124000074,46,45,1
124000075,354,35,319
124000076,0,0,0
124000077,79,357,-278
124000078,549,488,61
124000079,30,385,-355
124000080,578,46,532
124000081,59,77,-18
124000082,21,84,-63
124000083,1,26,-25
124000084,11,592,-581
124000085,20,10,10
124000086,3,255,-252
124000087,15,118,-103
124000088,34,91,-57
124000089,305,53,252
124000090,89,87,2
124000091,319,65,254
124000092,168,171,-3
124000093,90,19,71
124000094,43,106,-63
124000095,70,11,59
124000096,54,44,10
124000097,86,42,44
124000098,146,28,118
124000099,171,35,136
124000100,39,112,-73
124000101,121,99,22
124000102,64,20,44
124000103,111,41,70
124000104,36,36,0
124000105,118,43,75
124000106,29,20,9
124000107,14,142,-128
124000108,7,21,-14
124000109,188,35,153
124000110,42,16,26
124000111,87,64,23
124000112,501,206,295
124000113,37,115,-78
124000114,279,219,60
124000115,107,365,-258
124000116,75,157,-82
124000117,9,36,-27
124000118,5,31,-26
124000119,335,99,236
124000120,255,95,160
124000121,491,259,232
124000122,177,544,-367
124000123,199,114,85
124000124,204,137,67
124000125,240,107,133
124000126,147,106,41
124000127,597,87,510
124000128,364,120,244
124000129,625,348,277
124000130,148,104,44
124000131,326,310,16
124000132,139,182,-43
124000133,714,336,378
124000134,239,161,78
124000135,1046,889,157
124000136,107,263,-156
124000137,320,445,-125
124000138,139,279,-140
124000139,144,15,129
124000140,37,227,-190
124000141,655,2,653
124000142,21,101,-80
124000143,82,2,80
124000144,1,45,-44
124000145,158,19,139
124000146,14,39,-25
124000148,1,45,-44
124000149,539,136,403
124000150,119,265,-146
124000151,691,148,543
124000152,186,238,-52
124000153,476,310,166
124000154,186,172,14
124000155,486,233,253
124000156,359,184,175
124000169,67,137,-70
124000170,162,162,0
124000171,163,145,18
124000172,143,94,49
124000173,356,98,258
124000174,353,160,193
124000175,0,0,0
124000176,25,4,21
124000177,0,0,0
124000178,21,27,-6
124000190,75,89,-14
124000191,40,237,-197
124000192,530,382,148
124000193,61,1086,-1025
124000194,97,86,11
124000195,314,171,143
124000196,190,308,-118
124000197,23,12,11
124000198,17,11,6
124000201,13,424,-411
124000202,416,25,391
124000203,415,96,319
124000204,1028,59,969
124000205,81,18,63
124000206,939,111,828
124000207,0,14,-14
124000209,71,16,55
124000210,885,177,708
124000211,817,4,813
124000212,1,32,-31
124000213,338,44,294
124000214,497,60,437
124000215,369,29,340
124000216,2,494,-492
124000329,5,610,-605
124000338,20,220,-200
124000339,1501,18,1483
124000341,1542,4,1538
124000344,57,20,37
124000357,690,1701,-1011
124000358,445,1427,-982
124000359,988,411,577
124000360,1005,257,748
124000361,1995,1072,923
124000362,641,1688,-1047
124000363,246,152,94
124000364,280,232,48
124000365,371,422,-51
124000366,1107,464,643
124000367,23,178,-155
124000368,180,895,-715
124000369,56,46,10
124000370,40,575,-535
124000402,33,7,26
124000403,109,27,82
124000404,1,17,-16
124000405,459,147,312
124000406,220,74,146
124000407,9,18,-9
124000411,3,78,-75
124000412,332,3,329
124000413,35,50,-15
124000414,98,24,74
124000415,45,47,-2
124000416,73,63,10
124000417,106,29,77
124000418,230,32,198
124000419,47,26,21
124000420,119,7,112
124000421,25,43,-18
124000422,6,9,-3
124000423,44,8,36
124000424,0,11,-11
124000425,147,15,132
124000426,0,10,-10
124000427,76,1,75
124000428,0,122,-122
124000429,94,34,60
124000430,483,208,275
124000431,158,49,109
124000432,159,532,-373
124000439,3,8,-5
124000443,0,0,0
124000445,38,1757,-1719
124000446,624,255,369
124000447,0,156,-156
124900001,525,65,460
124900002,45,32,13
124900003,659,131,528
124900004,502,78,424
124900005,69,38,31
124900006,534,80,454
124900008,153,134,19
124900009,21,184,-163
124900010,136,36,100
124900011,352,136,216
124900012,144,14,130
124900013,274,28,246
124900014,130,26,104
124900015,59,241,-182
124900016,57,112,-55
124900017,93,1868,-1775
124900018,86,1,85
124900020,74,8,66
124900021,277,4,273
124900022,39,1,38
124900024,232,0,232
124900026,132,81,51
124900027,22,80,-58
124900028,149,9,140
124900029,10,219,-209
124900030,0,11,-11
124900031,3,57,-54
124900032,59,24,35
124900033,13,28,-15
124900034,35,41,-6
124900035,16,23,-7
124900036,0,19,-19
124900037,30,45,-15
124900038,18,91,-73
124900039,2,32,-30
124900040,12,45,-33
124900041,139,143,-4
124900042,5,0,5
124900043,206,156,50
124900044,17,0,17
124900045,53,212,-159
124900047,18,31,-13
124900048,118,16,102
124900050,72,30,42
124900052,13,72,-59
124900053,16,51,-35
124900054,551,77,474
124900055,0,30,-30
124900057,0,1,-1
124900060,0,46,-46
124900061,32,0,32
124900062,73,3,70
124900066,0,3,-3
124900067,0,0,0
124900068,81,275,-194
124900070,0,0,0
124900072,145,5,140
124900075,150,23,127
124900076,8,514,-506
124900077,4,21,-17
124900078,7,0,7
124900079,23,33,-10
124900080,210,64,146
124900081,871,66,805
124900082,100,101,-1
124900083,114,43,71
124900085,133,117,16
124900086,4,306,-302
124900087,31,23,8
124900088,34,17,17
124900089,168,0,168
124900090,323,65,258
124900091,78,51,27
124900092,100,24,76
124900093,347,14,333
124900094,378,25,353
124900095,64,282,-218
124900096,91,41,50
124900097,265,42,223
124900098,44,65,-21
124900099,58,124,-66
124900100,143,6,137
124900101,85,5,80
124900102,205,1,204
124900103,15,17,-2
124900104,3,23,-20
124900105,19,16,3
124900106,149,17,132
124900107,157,1,156
124900108,17,9,8
124900111,0,0,0
124900112,42,67,-25
124900113,2,50,-48
124900114,3,7,-4
124900115,0,9,-9
124900116,169,182,-13
124900117,39,114,-75
124900118,7,439,-432
124900119,159,106,53
124900120,0,35,-35
124900121,6,190,-184
124900122,72,29,43
124900123,36,23,13
124900124,11,22,-11
204000001,122,13,109
204000002,8,10,-2
204000003,8,4,4
204000004,21,0,21
204000005,237,209,28
204000006,786,923,-137
204000011,0,0,0
204000012,1,2,-1
204000019,899,252,647
204000020,684,156,528
204000021,508,418,90
204000022,776,277,499
204000023,164,328,-164
204000031,10,1,9
204000032,111,5,106
204000034,35,6,29
204000035,7,4,3
204000036,0,3,-3
204000037,1,24,-23
204000038,6,23,-17
204000039,8,13,-5
204000040,4,2,2
204000041,3,12,-9
204000042,11,26,-15
204000043,18,12,6
204000044,29,0,29
204000045,2,0,2
204000046,2,8,-6
204000057,0,29,-29
204000062,4,88,-84
204000068,9,79,-70
204000069,7,109,-102
204000070,92,17,75
204000080,23,10,13
204000085,353,215,138
204000086,502,550,-48
204000087,28,15,13
204000088,0,0,0
204000090,50,6,44
204000093,424,11,413
204000096,687,219,468
204000097,280,14,266
204000099,594,1289,-695
204000100,1201,394,807
204000105,431,107,324
204000110,122,355,-233
204000111,166,210,-44
204000112,74,148,-74
204000113,114,250,-136
204000114,660,740,-80
204000115,531,165,366
204000116,294,101,193
204000119,1764,578,1186
204000132,429,312,117
204000133,476,63,413
204000134,141,11,130
204000135,482,11,471
204000136,393,89,304
204000138,180,515,-335
204000140,182,56,126
204000141,124,19,105
204000144,2,35,-33
204000145,193,13,180
204000146,0,13,-13
204000147,3,18,-15
204000148,31,16,15
204000154,1,2,-1
204000155,0,38,-38
204000177,60,33,27
204000179,17,7,10
204000180,1,9,-8
204000222,3,24,-21
204000235,4,14,-10
204000236,7,13,-6
204000238,41,27,14
204000240,122,8,114
204000263,161,177,-16
204000268,416,130,286
204000308,16,7,9
204000317,3,25,-22
204000322,9,5,4
204000323,1,10,-9
204000328,201,14,187
204000329,7,20,-13
204000330,130,10,120
204000331,22,8,14
205000001,196,332,-136
205000013,3,43,-40
205000014,4,18,-14
205000015,20,12,8
205000016,15,24,-9
205000017,43,18,25
205000022,103,187,-84
205000025,286,142,144
205000029,498,9,489
205000045,60,52,8
205000046,34,41,-7
205000047,10,19,-9
205000048,157,51,106
205000049,35,47,-12
205000050,87,12,75
205000059,0,23,-23
205000060,0,40,-40
205000061,1,146,-145
205000062,0,112,-112
205000063,8,148,-140
205000064,13,69,-56
205000065,24,263,-239
205000066,57,74,-17
205000067,34,166,-132
205000069,124,7,117
205000082,68,63,5
205000110,40,19,21
205000111,23,21,2
205000112,61,83,-22
205000113,33,36,-3
205000121,82,67,15
205000123,35,23,12
205000126,480,110,370
205000127,369,41,328
205000128,220,51,169
205000129,619,69,550
205000130,121,12,109
205000131,9,20,-11
205000132,49,16,33
205000133,105,0,105
205000134,244,0,244
205000137,15,7,8
205000138,26,13,13
205000139,5,4,1
205000144,41,36,5
205000145,114,54,60
205000151,108,21,87
205000152,23,23,0
205000153,186,36,150
205000154,39,39,0
205000155,64,21,43
205000207,0,0,0
205000233,29,0,29
205000234,0,0,0
205000243,1,0,1
205000244,0,2,-2
205000245,0,8,-8
205000249,0,7,-7
205000250,0,0,0
205000264,0,16,-16
206000027,4,4,0
206000028,1,13,-12
206000043,0,21,-21
206000053,2,0,2
206000054,0,2,-2
206000055,0,2,-2
206000075,3,12,-9
206000076,29,1,28
206000077,23,1,22
206000078,23,2,21
206000079,26,3,23
206000082,208,54,154
206000100,3,178,-175
206000103,0,0,0
206000104,0,0,0
206000105,0,0,0
206000106,0,0,0
206000125,188,0,188
206000157,0,16,-16
206000170,1,62,-61
206000171,2,100,-98
206000172,11,57,-46
206000173,0,23,-23
206000174,2,16,-14
206000175,1,18,-17
206000176,11,23,-12
206000177,0,11,-11
206000178,0,94,-94
206000179,0,10,-10
206000180,6,30,-24
206000181,0,23,-23
206000182,17,24,-7
206000183,10,53,-43
206000184,0,14,-14
206000185,1,11,-10
206000186,4,111,-107
206000223,0,52,-52
206000226,26,1,25
206000227,13,1,12
206000237,5,26,-21
206000238,1,77,-76
206000239,51,279,-228
206000240,0,0,0
206000241,1,83,-82
206000242,4,20,-16
206000243,2,33,-31
206000244,20,47,-27
206000245,2068,33,2035
206000246,539,0,539
206000247,682,0,682
206000248,701,1,700
206000252,26,38,-12
206000258,0,0,0
206000315,2,1,1
206000317,505,143,362
206000318,927,41,886
206000319,2743,20,2723
206000320,934,26,908
206000321,1022,7,1015
206000322,1322,8,1314
206000323,319,2,317
206000324,553,0,553
206000325,286,3,283
206000326,338,10,328
206000327,20,4,16
206000328,240,1,239
206000329,861,4,857
206000330,208,1,207
206000331,411,0,411
206000332,75,0,75
206000333,1636,2,1634
206000334,823,0,823
206000335,0,13,-13
206000361,0,15,-15
206000392,0,1,-1
206000405,226,0,226
206000441,40,15,25
206000498,30,3,27
206000515,44,25,19
206000530,498,26,472
206000531,264,189,75
206000532,785,175,610
206000535,43,565,-522
206000536,4,31,-27
206000537,1,60,-59
206000613,1331,277,1054
206000784,377,20,357
207000001,34,121,-87
207000002,15,194,-179
207000003,17,113,-96
207000007,1535,134,1401
207000008,259,9,250
207000009,38,5,33
207000010,40,114,-74
207000012,471,90,381
207000015,54,253,-199
207000019,295,20,275
207000021,284,113,171
207000022,130,89,41
207000023,255,39,216
207000024,0,3,-3
207000025,8,21,-13
207000026,0,0,0
207000027,0,0,0
207000028,4,53,-49
207000029,30,68,-38
207000033,117,184,-67
207000034,166,20,146
207000039,591,21,570
207000040,792,14,778
207000041,87,2,85
207000042,267,12,255
207000043,224,135,89
207000051,0,22,-22
207000052,0,19,-19
207000053,131,217,-86
207000054,18,48,-30
207000055,38,42,-4
207000056,73,169,-96
207000057,23,103,-80
207000058,41,107,-66
207000059,33,125,-92
207000060,20,222,-202
207000061,94,1034,-940
207000062,783,62,721
207000063,662,39,623
207000064,391,33,358
207000065,295,79,216
207000066,548,92,456
207000067,102,26,76
207000068,120,37,83
207000069,669,137,532
207000082,9,97,-88
207000083,36,121,-85
207000084,484,108,376
207000085,282,50,232
207000086,460,11,449
207000106,76,2,74
207000107,73,2,71
207000108,138,1,137
207000109,41,3,38
207000110,19,1,18
207000111,45,31,14
207000112,30,149,-119
207000114,0,0,0
207000115,0,0,0
207000116,0,0,0
207000117,0,0,0
207000118,0,0,0
207000119,0,0,0
207000123,183,3,180
207000124,72,6,66
207000125,29,0,29
207000126,98,3,95
207000134,201,77,124
207000135,36,125,-89
207000148,84,85,-1
207000149,0,0,0
207000152,15,153,-138
207000153,31,330,-299
207000154,192,71,121
207000159,11,18,-7
207000160,16,13,3
207000238,0,0,0
207000242,0,0,0
207000248,0,0,0
207000249,0,0,0
207000250,0,0,0
207000251,0,0,0
207000252,0,0,0
207000278,165,98,67
207000279,2,18,-16
207000280,1063,26,1037
207000281,52,158,-106
207000282,10,335,-325
207000283,18,82,-64
207000284,12,1364,-1352
207000285,36,83,-47
207000291,0,0,0
207000304,48,25,23
207000306,13,197,-184
207000310,124,65,59
207000353,63,0,63
207000356,0,8,-8
207000357,1,18,-17
207000358,0,8,-8
207000415,0,0,0
207000417,26,2,24
207000418,70,26,44
207000438,0,1,-1
207000439,246,96,150
207000446,34,2,32
207000460,124,5,119
207000466,0,5,-5
207000467,672,29,643
207000468,9,17,-8
207000476,0,21,-21
207000477,180,16,164
207000478,0,7,-7
207000523,0,0,0
207000524,11,0,11
207000527,247,33,214
207000530,165,6,159
207000531,124,0,124
207000532,23,25,-2
207000534,86,9,77
207000535,0,1,-1
207000537,0,0,0
207000540,0,0,0
207000541,0,0,0
207000548,0,0,0
207000549,68,2,66
207000561,86,49,37
207000562,0,0,0
207000567,14,97,-83
207000568,168,19,149
207000569,628,92,536
207000584,0,0,0
207000585,4,28,-24
207000587,277,4,273
207000616,0,51,-51
207000617,218,0,218
207000624,15,9,6
207000631,1,9,-8
207900008,510,44,466
208000001,355,573,-218
208000002,554,600,-46
208000003,487,332,155
208000004,683,357,326
208000005,0,0,0
208000019,817,209,608
208000020,214,95,119
208000021,164,151,13
208000022,324,255,69
208000028,337,695,-358
208000033,162,130,32
208000034,243,574,-331
208000037,189,11,178
208000040,132,35,97
208000041,329,279,50
208000042,763,231,532
208000047,57,47,10
208000064,1134,770,364
208000066,703,489,214
208000070,542,288,254
208000071,535,116,419
208000072,686,228,458
208000080,225,224,1
208000081,187,49,138
208000082,122,70,52
208000083,73,73,0
208000084,6,79,-73
208000085,166,89,77
208000086,294,211,83
208000087,221,457,-236
208000089,477,73,404
208000090,283,215,68
208000093,8,42,-34
208000094,82,125,-43
208000095,537,237,300
208000104,953,219,734
208000105,589,383,206
208000114,31,273,-242
208000115,293,204,89
208000116,897,802,95
208000117,11,55,-44
208000118,54,174,-120
208000155,381,540,-159
208000158,725,994,-269
208000186,431,778,-347
208000204,503,535,-32
208000205,653,350,303
208000282,455,338,117
209000004,415,134,281
209000005,24,20,4
209000006,285,124,161
209000007,242,280,-38
209000010,0,0,0
209000011,0,0,0
209000012,18,37,-19
209000013,22,20,2
209000014,15,48,-33
209000025,535,50,485
209000026,1131,125,1006
209000027,27,42,-15
209000028,23,32,-9
209000029,57,49,8
209000030,122,157,-35
209000031,462,133,329
209000034,208,194,14
209000035,222,231,-9
209000036,380,44,336
209000037,541,129,412
209000038,316,97,219
209000039,86,74,12
209000040,333,183,150
209000041,143,170,-27
209000042,271,146,125
209000043,392,296,96
209000044,351,417,-66
209000045,401,107,294
209000046,410,160,250
209000047,211,89,122
209000048,399,316,83
209000049,14,25,-11
209000050,135,38,97
209000051,136,22,114
209000052,60,21,39
209000062,1,2,-1
209000063,5,1,4
209000064,3,4,-1
209000065,240,12,228
209000066,259,15,244
209000067,261,10,251
209000080,7,13,-6
209000082,118,39,79
209000091,0,2,-2
209000093,0,0,0
209000094,0,0,0
209000110,62,83,-21
209000111,374,1534,-1160
209000112,1412,320,1092
209000113,1770,396,1374
209000114,1128,391,737
209000115,10,27,-17
209000116,69,92,-23
209000118,6,103,-97
209000119,0,0,0
209000121,6,23,-17
209000135,21,65,-44
209000142,481,1477,-996
209000143,0,0,0
209000144,39,159,-120
209000229,117,40,77
209000240,5,17,-12
209000259,7,11,-4
209000260,1,135,-134
209000261,0,64,-64
209000262,0,29,-29
209000263,0,26,-26
209000264,0,11,-11
209000265,197,0,197
209000266,84,0,84
209000267,790,4,786
209000268,309,71,238
210000037,162,9,153
210000047,20,17,3
210000048,59,9,50
210000049,46,1,45
210000052,17,1,16
210000053,6,2,4
210000054,11,28,-17
210000070,134,7,127
210000071,145,0,145
210000072,13,0,13
210000073,0,0,0
210000074,0,0,0
210000075,0,1,-1
210000076,0,17,-17
210000077,1,32,-31
210000078,1,54,-53
210000079,24,15,9
210000080,34,156,-122
210000081,72,3,69
210000082,4,0,4
210000083,9,0,9
210000084,79,0,79
210000085,0,3,-3
210000086,0,4,-4
210000099,2,14,-12
210000100,5,16,-11
210000101,8,16,-8
210000105,0,33,-33
210000159,0,0,0
210000163,6,28,-22
210000164,150,146,4
210000168,165,31,134
210000187,0,0,0
210000188,0,0,0
210000214,5,0,5
210000219,140,48,92
210000220,195,6,189
210000232,0,0,0
210000233,0,0,0
210000234,3,2,1
210000235,4,5,-1
210000245,0,0,0
210000246,26,10,16
210000258,0,11,-11
210000259,154,5,149
210000282,0,5,-5
210000285,0,2,-2
210000286,0,12,-12
210000290,0,4,-4
210000295,9,48,-39
210000296,8,5,3
210000320,248,28,220
210000321,112,7,105
210000338,11,6,5
210000339,22,90,-68
210000340,6,33,-27
210000341,43,34,9
210000342,86,33,53
210000343,33,64,-31
210000344,16,31,-15
210000345,23,63,-40
210000346,11,32,-21
210000347,3,36,-33
210000348,31,39,-8
210000349,12,31,-19
210000350,50,33,17
210000351,69,9,60
210000352,20,13,7
210000353,38,20,18
210000354,13,16,-3
210000355,6,75,-69
210000356,29,55,-26
210000357,13,109,-96
210000358,117,155,-38
210000359,80,148,-68
210000360,140,181,-41
210000361,145,81,64
210000362,217,83,134
210000363,302,74,228
210000364,121,45,76
210000365,161,15,146
210000366,247,24,223
210000367,79,8,71
210000368,55,17,38
210000369,34,11,23
210000370,136,33,103
210000372,23,10,13
210000373,4,13,-9
210000374,95,40,55
210000375,8,7,1
210000376,10,75,-65
210000404,4,5,-1
210000439,32,4,28
210000472,22,0,22
210000482,112,98,14
210000564,141,83,58
210000567,0,76,-76
210000568,144,0,144
211000092,15,31,-16
211000094,36,0,36
211000169,249,0,249
211000172,19,166,-147
211000209,0,18,-18
211000226,6,6,0
211000270,40,1,39
211000275,42,6,36
211000276,110,13,97
211000279,15,9,6
211000281,106,4,102
211000302,9,5,4
211507980,0,41,-41
211977296,19,4,15
212000003,238,49,189
212000004,3,39,-36
212000005,3,44,-41
212000006,2,86,-84
212000008,55,106,-51
212000009,50,56,-6
212000012,15,28,-13
212000013,9,31,-22
212000014,95,39,56
212000015,128,56,72
212000016,181,164,17
212000027,482,90,392
212000028,216,138,78
212000029,233,87,146
212000030,41,11,30
212000031,29,19,10
212000048,2,125,-123
212000049,2,85,-83
212000050,4,6,-2
212000051,149,37,112
212000052,115,62,53
212000053,75,112,-37
212000054,474,9,465
212000055,421,36,385
212000056,32,14,18
212000057,26,26,0
212000058,103,23,80
212000070,81,34,47
212000077,75,79,-4
212000099,316,49,267
212000108,288,142,146
212000111,378,50,328
212000120,13,100,-87
212000138,48,17,31
212000156,2,26,-24
212000158,2,45,-43
212000159,482,47,435
212000160,552,43,509
212000161,78,11,67
212000310,12,4,8
212000311,14,40,-26
212000374,14,4,10
213000001,6,113,-107
213000005,474,20,454
213000006,471,59,412
213000007,17,6,11
213000009,121,102,19
213000010,229,63,166
213000011,159,29,130
213000012,60,162,-102
213000014,52,15,37
213000015,208,5,203
213000016,197,1,196
213000017,5,1,4
213000018,1,11,-10
213000019,0,29,-29
213000020,78,57,21
213000021,0,18,-18
213000023,282,147,135
213000033,227,441,-214
213000034,345,95,250
213000035,139,307,-168
213000045,133,101,32
213000046,48,37,11
213000047,110,510,-400
213000056,128,4,124
213000069,58,4,54
213000073,0,30,-30
213000074,56,151,-95
213000075,322,1,321
213000076,3,0,3
213000085,0,2,-2
213000086,0,14,-14
213000091,201,11,190
213000092,15,8,7
213000099,95,552,-457
213000100,599,193,406
213000101,455,53,402
213000102,419,114,305
213000103,271,166,105
213000104,13,124,-111
213000105,47,694,-647
213000106,19,60,-41
213000107,71,168,-97
213000108,43,127,-84
213000109,4,122,-118
213000110,3,50,-47
213000111,2,96,-94
213000112,21,278,-257
213000115,37,0,37
213000116,26,166,-140
213000117,1,179,-178
213000118,829,272,557
213000119,8,190,-182
213000120,9,91,-82
213000122,53,134,-81
213000123,22,241,-219
213000124,43,293,-250
213000125,140,42,98
213000126,22,16,6
213000127,0,53,-53
213000128,34,346,-312
213000129,173,928,-755
213000130,849,377,472
213000132,869,97,772
213000133,727,46,681
213000134,676,3,673
213000136,463,14,449
213000137,424,14,410
213000139,254,4,250
213000147,2,10,-8
213000148,47,26,21
213000149,3,4,-1
213000150,0,204,-204
213000151,0,104,-104
213000152,2,128,-126
213000153,1,103,-102
213000154,56,166,-110
213000155,17,97,-80
213000156,64,400,-336
213000157,807,99,708
213000158,265,254,11
213000159,663,125,538
213000163,1673,126,1547
213000165,426,97,329
213000171,0,8,-8
213000172,0,7,-7
213000173,0,21,-21
213000174,0,9,-9
213000175,1,8,-7
213000176,69,26,43
213000177,144,5,139
213000178,271,2,269
213000179,305,0,305
213000180,248,0,248
213000184,53,119,-66
213000188,382,61,321
213000189,532,11,521
213000190,543,56,487
213000191,495,59,436
213000192,179,31,148
213000193,204,113,91
213000194,0,103,-103
213000195,44,314,-270
213000196,164,441,-277
213000197,351,383,-32
213000198,2,0,2
213000200,98,209,-111
213000201,12,88,-76
213000202,17,216,-199
213000203,839,211,628
213000204,811,27,784
213000205,336,16,320
213000206,540,6,534
213000207,9,2,7
213000208,45,1,44
213000209,58,0,58
213000210,81,0,81
213000211,0,41,-41
213000212,12,58,-46
213000213,5,48,-43
213000218,210,266,-56
213000219,685,16,669
213000220,790,6,784
213000223,150,115,35
213000224,39,55,-16
213000225,63,9,54
213000226,16,7,9
213000227,977,96,881
213000228,574,26,548
213000229,127,12,115
213000230,472,0,472
213000232,56,940,-884
213000233,8,61,-53
213000234,0,10,-10
213000293,4,104,-100
213000294,33,7,26
213000295,8,84,-76
213000296,141,23,118
213000297,3,9,-6
213000298,2,28,-26
213000299,11,23,-12
213000300,1,8,-7
213000303,0,15,-15
213000304,0,10,-10
213000305,1,29,-28
213000306,5,10,-5
213000307,51,67,-16
213000308,11,29,-18
213000309,95,14,81
213000310,70,59,11
213000311,72,268,-196
213000315,22,23,-1
213000316,211,65,146
213000322,66,13,53
213000323,85,24,61
213000324,43,8,35
213000325,90,17,73
213000326,57,23,34
213000327,27,27,0
213000328,18,56,-38
213000329,50,9,41
213000340,26,100,-74
213000341,961,31,930
213000346,80,229,-149
213000347,114,260,-146
213000348,0,81,-81
213000349,1,9,-8
213000350,85,239,-154
213000366,33,93,-60
213000367,283,11,272
213000379,27,67,-40
213000386,11,136,-125
213000406,50,189,-139
213000417,982,283,699
213000425,311,19,292
213000426,185,19,166
213000427,29,44,-15
213000428,35,15,20
213000429,1,18,-17
213000430,14,77,-63
213000431,3,2,1
213000432,12,262,-250
213000433,21,33,-12
213000434,87,38,49
213000435,24,7,17
213000436,36,20,16
213000437,1,1,0
213000438,81,16,65
213000439,35,7,28
213000440,1,100,-99
213000441,1,1,0
213000442,2,17,-15
213000443,218,300,-82
213000444,24,8,16
213000445,0,44,-44
213000446,10,267,-257
213000447,0,30,-30
213000448,10,59,-49
213000449,710,3,707
213000450,29,8,21
213000451,191,6,185
213000452,2,0,2
213000453,1,34,-33
213000455,44,0,44
213000456,0,104,-104
213000481,4,0,4
213000482,27,1,26
213000489,65,11,54
213000491,9,241,-232
213000492,54,41,13
213000493,1,229,-228
213000494,269,37,232
213000495,0,2,-2
213000496,378,101,277
213000497,59,505,-446
213000498,9,257,-248
213000499,54,218,-164
213000500,539,26,513
213000501,101,8,93
213000502,77,10,67
213000503,0,43,-43
213000504,3,61,-58
213000505,35,2,33
213000506,0,0,0
213000507,0,38,-38
213900244,66,0,66
213900245,0,0,0
218000003,60,10,50
218000004,28,25,3
218000005,1,57,-56
218000006,28,28,0
218000007,3,8,-5
218000012,36,153,-117
218000013,42,69,-27
218000014,64,44,20
218000019,196,132,64
218000020,125,182,-57
218000021,7,12,-5
218000022,18,4,14
218000023,1,5,-4
218000024,0,0,0
218000025,7,3,4
218000026,9,3,6
218000027,14,2,12
218000028,3,1,2
218000029,7,2,5
218000030,10,2,8
218000031,2,4,-2
218000032,0,1,-1
218000040,7,6,1
218000046,148,125,23
218000047,0,80,-80
218000048,106,46,60
218000049,28,70,-42
218000050,209,40,169
218000051,92,69,23
218000052,0,24,-24
218000053,1,2,-1
218000054,7,12,-5
218000055,0,11,-11
218000056,19,43,-24
218000057,1,22,-21
218000064,2,1,1
218000065,32,7,25
218000066,6,41,-35
218000067,90,19,71
218000068,134,11,123
218000069,311,28,283
218000070,352,163,189
218000071,188,125,63
218000072,84,119,-35
218000078,485,249,236
218000079,273,14,259
218000080,98,4,94
218000081,664,28,636
218000082,177,27,150
218000083,33,10,23
218000084,29,35,-6
218000085,20,24,-4
218000086,9,13,-4
218000087,42,11,31
218000090,20,121,-101
218000091,799,246,553
218000092,86,95,-9
218000093,75,7,68
218000094,231,154,77
218000099,105,65,40
218000100,106,40,66
218000101,69,48,21
218000102,113,24,89
218000103,35,4,31
218000104,37,2,35
218000105,16,3,13
218000106,34,5,29
218000107,67,28,39
218000108,2,16,-14
218000112,23,2,21
218000117,54,49,5
218000134,222,201,21
218000135,4,89,-85
218000136,86,158,-72
218000137,107,52,55
218000138,9,38,-29
218000139,82,133,-51
218000140,342,145,197
218000141,9,33,-24
218000142,66,65,1
218000143,29,80,-51
218000144,7,113,-106
218000145,377,152,225
218000146,76,21,55
218000151,1,42,-41
218000152,49,41,8
218000153,1,9,-8
218000154,9,2,7
218000155,27,1,26
218000156,61,4,57
218000157,14,3,11
218000158,4,0,4
218000159,2,1,1
218000160,1,6,-5
218000161,7,2,5
218000162,29,0,29
218000163,27,1,26
218000164,64,2,62
218000165,97,7,90
218000170,1,51,-50
218000171,32,7,25
218000172,0,8,-8
218000173,29,4,25
218000174,12,15,-3
218000176,223,5,218
218000177,293,15,278
218000178,114,21,93
218000179,169,26,143
218000180,59,11,48
218000181,282,27,255
218000187,11,12,-1
218000188,5,11,-6
218000189,2,24,-22
218000190,29,11,18
218000191,33,1,32
218000192,45,28,17
218000193,84,44,40
218000194,58,28,30
218000195,152,38,114
218000196,342,64,278
218000197,579,77,502
218000198,80,25,55
218000199,27,2,25
218000200,32,3,29
218000201,0,2,-2
218000202,5,186,-181
218000207,25,5,20
218000208,32,26,6
218000211,13,4,9
218000212,0,1,-1
218000213,142,113,29
218000214,0,65,-65
218000215,102,67,35
218000217,0,49,-49
218000218,404,120,284
218000219,1,21,-20
218000220,33,256,-223
218000221,514,215,299
218000222,2,59,-57
218000223,20,210,-190
218000224,2,123,-121
218000225,88,5,83
218000226,153,45,108
218000230,0,4,-4
218000232,48,48,0
218000239,35,9,26
218000240,0,3,-3
218000241,2,1,1
218000242,5,0,5
218000243,1,0,1
218000244,32,0,32
218000245,4,13,-9
218000246,0,8,-8
218000247,1,1,0
218000248,0,10,-10
218000249,0,0,0
218000250,0,2,-2
218000251,0,13,-13
218000252,0,20,-20
218000253,0,9,-9
218000254,0,4,-4
218000255,0,3,-3
218000256,20,26,-6
218000267,457,399,58
218000268,1,22,-21
218000269,3,1,2
218000270,26,6,20
218000271,4,9,-5
218000273,44,2,42
218000274,29,0,29
218000275,68,77,-9
218000276,15,9,6
218000278,8,31,-23
218000279,67,11,56
218000280,0,2,-2
218000281,1,5,-4
218000282,241,448,-207
218000284,16,2,14
218000301,12,30,-18
218000302,10,25,-15
218000303,1,19,-18
218000316,1073,363,710
218000317,2038,188,1850
218000318,1135,160,975
218000319,647,238,409
218000320,309,143,166
218000338,15,10,5
218000345,133,23,110
218000346,59,63,-4
218000459,23,55,-32
218000490,5,34,-29
218000501,57,20,37
218000502,39,12,27
218000503,62,4,58
218000504,48,2,46
218000505,4,39,-35
218000506,7,87,-80
218000508,0,0,0
218000510,60,6,54
218000520,149,60,89
218000521,2,20,-18
218000522,0,249,-249
218000523,64,10,54
218000524,0,145,-145
218000525,20,5,15
218000526,0,140,-140
218000529,25,26,-1
218000530,12,6,6
218000531,2,14,-12
218000532,66,7,59
218000534,430,8,422
218000537,3,139,-136
218000538,41,110,-69
218000540,26,69,-43
218000543,122,26,96
218000544,4,15,-11
218000545,138,47,91
218000546,0,9,-9
218000547,112,88,24
218000548,63,82,-19
218000549,636,64,572
218000550,44,187,-143
218000551,41,162,-121
218000552,282,27,255
218000553,47,60,-13
218000554,2,19,-17
218000555,55,28,27
218000556,99,34,65
218000557,589,119,470
218000558,8,0,8
218000559,0,39,-39
218000560,0,9,-9
218000561,2,0,2
218000562,2,82,-80
218000563,40,11,29
218000564,0,94,-94
218000565,49,14,35
218000566,70,10,60
218000567,0,49,-49
218000568,0,0,0
218000569,1,133,-132
218000570,43,2,41
218000571,0,66,-66
218000572,43,2,41
218000573,2,78,-76
218000574,29,21,8
218000575,42,0,42
218000576,1,53,-52
218000577,15,1,14
218000578,0,33,-33
218000579,5,0,5
218000581,1,17,-16
218000582,64,2,62
218000583,13,0,13
218000584,0,26,-26
218000585,20,1,19
218000586,1,17,-16
218000587,0,0,0
218000588,0,7,-7
218000589,1,39,-38
218000590,0,0,0
218000591,0,87,-87
218000592,1,44,-43
218000593,1,33,-32
218000594,0,29,-29
218000597,0,22,-22
218000598,0,21,-21
218000599,1,144,-143
218000600,1,26,-25
218000601,0,50,-50
218000602,0,2,-2
218000603,0,2,-2
218000604,33,0,33
218000605,0,442,-442
218000606,305,0,305
218000607,2,46,-44
218000608,22,8,14
218000609,0,10,-10
218000610,71,0,71
218000611,1,0,1
218000612,0,16,-16
218000613,19,0,19
218000614,27,15,12
218000615,92,0,92
218000616,2,139,-137
218000617,4,3,1
218000618,0,18,-18
218000619,25,1,24
218000620,1,33,-32
218000621,0,1,-1
218000622,0,95,-95
218000623,1,0,1
218000624,1,54,-53
218000625,6,0,6
218000626,0,20,-20
218000628,165,70,95
218000631,113,23,90
218000632,0,83,-83
218000633,27,0,27
218000634,0,7,-7
218000635,23,6,17
218000636,297,187,110
218000637,894,112,782
218000638,314,13,301
218000639,33,27,6
218000640,524,4,520
218000641,86,36,50
218000652,47,44,3
218000653,217,23,194
218000663,1,15,-14
218000675,4,20,-16
218000676,0,1,-1
218000677,40,2,38
218000680,134,96,38
218000681,655,41,614
218000691,131,112,19
218000693,707,37,670
218000703,1,1,0
218000718,12,71,-59
218000719,34,75,-41
218000720,0,92,-92
218000721,1,1,0
218000725,2,0,2
218001147,0,40,-40
218001214,25,6,19
218001258,248,2,246
218001329,125,90,35
218001330,50,119,-69
218001351,17,6,11
218001352,6,7,-1
218001353,0,0,0
218001354,22,21,1
218001355,5,17,-12
218001356,519,26,493
218001357,0,26,-26
218001358,378,0,378
218001361,544,81,463
218001362,0,31,-31
219000001,0,0,0
219000002,0,0,0
219000003,15,10,5
219000004,22,32,-10
219000017,14,19,-5
219000020,167,14,153
219000022,197,0,197
219000023,34,3,31
219000029,0,0,0
219000034,59,44,15
219000039,0,1,-1
219000040,13,15,-2
219000041,92,41,51
219000051,0,1,-1
219000052,0,0,0
219000053,0,0,0
219000054,0,0,0
219000055,288,0,288
219000056,0,0,0
219000057,48,0,48
219000062,2,17,-15
219000063,181,3,178
219000064,0,6,-6
219000110,192,196,-4
219000111,95,42,53
219000112,172,12,160
219000113,172,7,165
219000114,71,13,58
219000116,59,42,17
219000117,68,8,60
219000118,9,22,-13
219000123,61,1,60
219000124,1,0,1
219000125,0,0,0
219000126,0,0,0
219000127,0,0,0
219000128,2,10,-8
219000129,0,6,-6
219000130,29,53,-24
219000131,566,647,-81
219000133,17,67,-50
219000134,17,20,-3
219000135,1,11,-10
219000136,30,95,-65
219000138,54,0,54
219000139,31,1,30
219000140,121,0,121
219000141,81,2,79
219000142,3,0,3
219000143,0,3,-3
219000145,5,5,0
219000146,0,0,0
219000147,0,0,0
219000148,0,0,0
219000149,0,0,0
219000150,0,0,0
219000151,0,0,0
219000157,163,72,91
219000158,184,41,143
219000161,153,4,149
219000163,577,203,374
219000166,77,59,18
219000167,35,57,-22
219000168,148,24,124
219000174,531,41,490
219000175,127,2,125
219000176,194,6,188
219000177,52,1,51
219000178,106,0,106
219000179,75,26,49
219000180,26,0,26
219000182,43,1,42
219000183,54,7,47
219000184,41,1,40
219000185,0,0,0
219000186,43,5,38
219000187,30,10,20
219000189,0,9,-9
219000190,1,7,-6
219000191,12,128,-116
219000192,222,99,123
219000193,26,4,22
219000195,0,0,0
219000196,0,0,0
219000198,0,0,0
219000199,0,1,-1
219000200,0,0,0
219000201,2,6,-4
219000203,0,0,0
219000204,5,7,-2
219000205,2,18,-16
219000207,10,25,-15
219000209,0,0,0
219000210,1,1,0
219000213,0,22,-22
219000239,35,108,-73
219000240,38,188,-150
219000241,56,23,33
219000242,12,45,-33
219000243,79,293,-214
219000244,2,204,-202
219000245,32,129,-97
219000246,33,17,16
219000247,186,22,164
219000248,381,410,-29
219000249,136,112,24
219000250,150,41,109
219000251,404,85,319
219000252,245,47,198
219000253,211,10,201
219000255,120,134,-14
219000256,299,23,276
219000257,115,0,115
219000262,21,17,4
219000263,8,10,-2
219000267,0,0,0
219000268,0,0,0
219000269,1,1,0
219000270,0,0,0
219000271,174,2,172
219000278,0,0,0
219000279,0,0,0
219000283,0,1,-1
219000295,3,11,-8
219000296,1,31,-30
219000297,1,1,0
219000298,0,3,-3
219000299,164,33,131
219000300,8,5,3
219000301,1,21,-20
219000302,3,23,-20
219000307,0,0,0
219000308,48,10,38
219000311,126,23,103
219000312,174,55,119
219000313,172,35,137
219000314,10,8,2
219000315,207,8,199
219000316,354,29,325
219000317,77,7,70
219000320,0,0,0
219000321,0,0,0
219000323,0,0,0
219000325,0,0,0
219000326,4,9,-5
219000327,0,0,0
219000328,0,0,0
219000329,222,106,116
219000330,3,6,-3
219000331,11,3,8
219000332,112,8,104
219000333,51,0,51
219000335,44,2,42
219000337,0,0,0
219000338,19,0,19
219000344,0,0,0
219000345,0,0,0
219000346,0,0,0
219000348,4,4,0
219000349,0,30,-30
219000350,0,0,0
219000351,0,1,-1
219000352,17,31,-14
219000353,87,39,48
219000354,564,46,518
219000355,82,15,67
219000356,232,499,-267
219000363,112,34,78
219000364,165,10,155
219000365,67,11,56
219000366,189,431,-242
219000368,164,218,-54
219000370,466,282,184
219000371,0,0,0
219000382,0,2,-2
219000383,43,142,-99
219000385,34,146,-112
219000386,55,364,-309
219000387,0,1,-1
219000390,1,2,-1
219000391,0,0,0
219000397,0,0,0
219000398,19,30,-11
219000401,7,11,-4
219000402,2,12,-10
219000403,17,82,-65
219000404,21,16,5
219000407,7,4,3
219000409,57,21,36
219000410,83,3,80
219000411,87,7,80
219000446,2,43,-41
219000447,0,0,0
219000448,0,7,-7
219000452,34,78,-44
219000453,7,66,-59
219000454,229,185,44
219000556,515,17,498
219000558,17,37,-20
219000590,0,96,-96
219000591,290,25,265
219000592,4,29,-25
219000595,0,0,0
219000635,79,45,34
219000636,3,1,2
219000657,10,2,8
219000658,0,2,-2
219000673,0,0,0
219000676,3,0,3
219000679,21,0,21
219000684,67,0,67
219000685,0,4,-4
219000686,1,0,1
219000688,0,6,-6
219000689,1,51,-50
219000690,54,8,46
219000691,10,9,1
219000692,121,0,121
219000693,0,0,0
219000694,30,0,30
219000695,59,7,52
219000698,3,0,3
219000699,0,0,0
219000727,0,3,-3
219000728,101,1,100
219000770,10,0,10
219000771,0,0,0
219000788,47,212,-165
219001150,0,73,-73
219001151,0,1,-1
219001166,12,21,-9
219001167,0,9,-9
219001178,81,0,81
220000001,4,58,-54
220000002,0,17,-17
220000003,4,40,-36
220000004,76,87,-11
220000005,91,184,-93
220000006,44,66,-22
220000007,167,40,127
220000008,64,125,-61
220000009,35,64,-29
220000010,5,39,-34
220000011,96,1847,-1751
220000012,11,205,-194
220000014,56,68,-12
220000015,36,347,-311
220000017,25,97,-72
220000018,4066,702,3364
220000019,69,379,-310
220000020,260,135,125
220000021,643,123,520
220000022,856,157,699
220000023,154,72,82
220000024,474,330,144
220000025,393,984,-591
220000026,242,436,-194
220000027,7,159,-152
220000028,23,267,-244
220000029,1,20,-19
220000030,3,21,-18
220000031,446,292,154
220000064,19,305,-286
221000046,3,1,2
221000047,0,0,0
221000048,0,0,0
221000049,0,3,-3
221000050,8,0,8
221000055,13,99,-86
221000057,84,2,82
221000068,180,102,78
221000069,290,17,273
221000070,173,3,170
221000071,90,0,90
221000072,224,5,219
221000073,187,6,181
221000074,0,0,0
221000075,0,29,-29
221000076,0,17,-17
221000077,0,9,-9
221000081,12,0,12
221000082,35,1,34
221000083,5,1,4
221000084,0,5,-5
221000085,5,209,-204
221000086,4,165,-161
221000087,0,136,-136
221000088,1,79,-78
221000089,4,89,-85
221000090,8,113,-105
221000098,114,10,104
221000099,131,2,129
221000100,150,0,150
221000101,146,4,142
221000102,73,2,71
221000109,0,25,-25
221000110,2,27,-25
221000111,2,12,-10
221000112,1,30,-29
221000113,0,27,-27
221000114,0,32,-32
221000120,8,36,-28
221000121,2,5,-3
221000122,22,36,-14
221000123,6,44,-38
221000124,15,122,-107
221000155,46,9,37
221000156,118,16,102
221000175,24,19,5
221000176,0,21,-21
221000182,40,0,40
221000241,289,250,39
221000242,16,135,-119
221000243,281,80,201
221000244,30,279,-249
221000245,88,29,59
221000246,4,213,-209
221000247,185,90,95
221000248,46,126,-80
221000267,39,184,-145
221000325,22,48,-26
221000331,1,67,-66
221000338,1,25,-24
221000378,329,24,305
221000381,2,25,-23
222000282,1,1,0
222000296,0,23,-23
222000568,198,15,183
222000569,53,20,33
222000570,116,6,110
222000571,285,1,284
222000577,0,27,-27
222000578,2,60,-58
222000579,31,24,7
222000580,13,625,-612
222000599,1,18,-17
222000600,0,44,-44
222000601,2,177,-175
222000603,7,18,-11
222000604,0,33,-33
222000605,0,40,-40
222000606,0,2,-2
222000607,0,14,-14
222000608,0,4,-4
222000609,12,16,-4
222000616,559,17,542
222000617,0,1,-1
222000618,0,1,-1
222000620,4,2,2
222000621,31,9,22
222000623,316,3,313
222000624,232,1,231
222000625,841,2,839
222000636,32,0,32
222000686,7,53,-46
222000687,9,1,8
222001066,306,1,305
222001067,51,1,50
222001068,186,19,167
222001069,146,12,134
222001082,15,31,-16
222001083,86,1,85
222001084,0,13,-13
222001085,0,162,-162
222001111,82,13,69
222001112,251,19,232
222001313,17,1,16
222001314,1,27,-26
222001464,448,21,427
222001465,37,38,-1
222001484,204,34,170
222001485,24,11,13
222001494,762,115,647
222001495,65,39,26
222001496,467,34,433
222001497,28,245,-217
222001502,0,6,-6
222001503,190,15,175
222001504,0,27,-27
222001505,330,14,316
222001506,0,6,-6
222001507,102,3,99
222001510,564,4,560
222001511,0,69,-69
222001514,596,14,582
222001515,21,83,-62
222001518,455,4,451
222001519,3,43,-40
222001527,89,17,72
222001528,1,11,-10
222001529,400,12,388
222001530,13,31,-18
222001533,9,40,-31
222001534,580,26,554
222001535,293,100,193
222001536,15,211,-196
222001537,273,6,267
222001538,5,88,-83
222001563,897,22,875
222001564,9,107,-98
222001568,98,17,81
222001576,0,3,-3
222001579,0,27,-27
222001583,0,30,-30
222001584,219,3,216
222001596,73,132,-59
222001597,998,78,920
222001626,0,18,-18
222001650,1,9,-8
222001651,6,148,-142
222001914,244,30,214
222001915,1,20,-19
222001968,488,87,401
222001969,61,209,-148
222001970,24,141,-117
222001971,43,8,35
222001972,3,3,0
225000001,307,71,236
225000002,466,67,399
225000003,849,52,797
225000004,428,48,380
225000005,29,25,4
225000006,0,0,0
225000007,95,400,-305
225000010,149,21,128
225000011,113,855,-742
225000012,149,518,-369
225000013,50,30,20
225000014,356,75,281
225000015,48,62,-14
225000021,402,76,326
225000027,37,57,-20
225000032,513,49,464
225000042,31,89,-58
225000049,13,2,11
225000050,104,12,92
225000053,0,0,0
225000058,369,77,292
225000067,12,6,6
225000068,3,21,-18
225000069,1,23,-22
225000070,4,47,-43
225000071,2,51,-49
225000075,17,343,-326
225000076,0,0,0
225000078,25,19,6
225000085,80,21,59
225000086,267,36,231
225000087,74,1,73
225000088,1,3,-2
225000089,0,0,0
225000090,0,0,0
225000091,0,0,0
225000092,1,31,-30
225000093,43,14,29
225000094,0,20,-20
225000095,28,34,-6
225000096,2,35,-33
225000098,560,36,524
225000099,389,24,365
225000100,521,83,438
225000104,50,86,-36
225000110,4,29,-25
225000111,136,111,25
225000112,206,196,10
225000113,17,268,-251
225000114,29,134,-105
225000115,500,361,139
225000116,153,49,104
225000117,440,280,160
225000118,653,152,501
225000119,270,35,235
225000120,431,22,409
225000121,132,17,115
225000123,582,8,574
225000125,434,75,359
225000126,321,107,214
225000127,335,1541,-1206
225000128,389,1024,-635
225000132,419,23,396
225000133,150,6,144
225000134,447,54,393
225000135,77,8,69
225000136,381,4,377
225000137,312,32,280
225000138,377,68,309
225000143,1,0,1
225000144,0,2,-2
225000145,35,42,-7
225000146,0,0,0
225000147,0,0,0
225000148,0,0,0
225000149,0,0,0
225000151,0,0,0
225000155,6,14,-8
225000156,24,474,-450
225000157,124,168,-44
225000158,8,19,-11
225000171,0,16,-16
225000180,4,0,4
225000181,0,5,-5
225000182,16,12,4
225000185,0,69,-69
225000187,29,48,-19
225000191,15,4,11
225000194,0,7,-7
225000208,0,1,-1
225000209,43,12,31
225000210,0,0,0
225000217,0,0,0
225000218,11,0,11
225000223,1,135,-134
225000224,1,0,1
225000225,0,273,-273
225000226,58,4,54
225000227,1,50,-49
225000228,4,4,0
225000229,0,5,-5
225000230,0,0,0
225000231,0,5,-5
225000232,80,1,79
225000241,23,0,23
225000242,0,15,-15
225000249,3,0,3
225000250,0,0,0
225000251,506,42,464
226000042,10,10,0
226000043,0,25,-25
226000044,34,49,-15
226000045,4,36,-32
226000046,694,37,657
226000047,367,58,309
226000048,379,54,325
226000049,345,167,178
226000070,0,0,0
226000071,0,0,0
226000072,0,0,0
226000073,0,0,0
226000074,0,0,0
226000084,0,0,0
226000085,0,1,-1
226000086,0,1,-1
226000087,0,0,0
226000088,0,0,0
226000090,25,50,-25
226000091,1,11,-10
226000092,14,26,-12
226000093,4,37,-33
226000094,3,2,1
226000095,13,11,2
226000105,16,0,16
226000106,4,0,4
226000107,6,0,6
226000108,2,0,2
226000109,132,0,132
226000124,199,66,133
226000134,1023,342,681
226000135,1684,239,1445
226000136,620,113,507
226000137,0,3,-3
226000138,0,1,-1
226000139,0,0,0
226000156,279,2,277
226000157,286,1,285
226000163,1,0,1
226000202,0,0,0
226000231,643,7,636
226000232,26,3,23
227000033,513,6,507
227000036,768,16,752
227000037,605,14,591
227000038,183,17,166
227000049,0,0,0
227000050,0,0,0
227000055,43,0,43
227000056,41,0,41
227000084,0,0,0
227000085,0,0,0
227000088,41,0,41
227000089,34,1,33
227000090,34,0,34
227000091,122,2,120
227000093,102,0,102
227000094,6,0,6
227000130,0,0,0
227000131,0,0,0
227000132,0,0,0
227000133,0,0,0
227000134,0,0,0
227000152,0,0,0
227000153,0,0,0
227000155,0,0,0
227000156,0,0,0
227000165,0,0,0
227000196,484,22,462
227000199,554,31,523
227000230,1,63,-62
227000232,924,45,879
227000242,0,0,0
227000243,441,25,416
227000245,3,6,-3
227000246,2,8,-6
227000247,587,18,569
227000248,146,78,68
227000249,2,23,-21
227000250,276,282,-6
227000251,12,92,-80
227000252,1,4,-3
227000253,383,47,336
227000262,631,15,616
227000266,1927,25,1902
227000267,3,182,-179
227000282,0,4,-4
227000284,696,21,675
227000286,0,5,-5
227000287,0,6,-6
227000291,1,9,-8
227000484,274,3,271
227000485,0,30,-30
227000655,321,9,312
227000656,608,6,602
227000657,238,5,233
227000661,607,5,602
227000680,38,209,-171
229000265,77,9,68
229000296,0,11,-11
229000297,3,42,-39
229000298,0,176,-176
229000320,33,2,31
229000321,1,0,1
229000412,2,1,1
229000414,1,13,-12
229000415,1,1,0
229000416,0,1,-1
229000417,0,0,0
229000419,150,80,70
229000440,115,34,81
229000442,29,4,25
229000443,0,0,0
229000444,0,12,-12
229000445,17,3,14
229000446,52,9,43
229000491,0,0,0
229000492,1,1,0
229000493,0,3,-3
229000494,28,2,26
229000495,71,1,70
229000496,119,0,119
229000507,0,0,0
229000508,0,0,0
229000509,0,1,-1
229000510,0,0,0
229000511,0,0,0
229000512,0,0,0
229000513,0,0,0
229000514,0,0,0
229000517,0,0,0
229000518,1,1,0
229000519,0,1,-1
229000520,5,5,0
229000521,65,6,59
229000522,3,2,1
229000523,6,1,5
229000524,6,0,6
229000527,0,3,-3
229000528,0,1,-1
229000529,7,0,7
229000530,78,0,78
229000531,23,0,23
229000532,4,0,4
229000533,59,0,59
229000534,24,0,24
229000564,82,0,82
229000565,52,0,52
229000566,0,0,0
229000567,0,0,0
229000582,61,0,61
229000583,4,0,4
229000584,0,0,0
229000585,0,0,0
229000718,0,0,0
229000719,0,0,0
229000720,0,0,0
229000721,0,0,0
229000722,0,0,0
229000723,0,0,0
229000724,0,0,0
229000725,0,0,0
229000738,0,0,0
229000739,0,0,0
229000740,0,0,0
229000741,35,0,35
229000742,1,0,1
229000743,40,0,40
229000744,0,0,0
229000745,2,0,2
229000746,13,0,13
229000847,82,0,82
229000848,119,0,119
229000849,177,27,150
229000851,149,0,149
229000854,0,0,0
229000856,0,0,0
229000857,0,0,0
229000858,0,0,0
229000919,0,0,0
229000930,0,0,0
229000937,68,22,46
229000966,16,23,-7
229000981,0,0,0
229000985,0,3,-3
229000986,0,0,0
229000987,0,0,0
229000988,0,1,-1
229000989,6,0,6
229000990,0,3,-3
229000991,1,13,-12
229000992,27,1,26
229000993,151,8,143
229000998,21,66,-45
229000999,116,1,115
229001034,1,5,-4
229001035,10,0,10
229001037,42,1,41
229001042,0,1,-1
229001047,0,31,-31
229001050,81,33,48
229001168,0,0,0
229001200,8,0,8
229001338,0,0,0
229001394,144,3,141
229001422,150,4,146
229001423,0,0,0
229001431,22,22,0
229001432,0,0,0
229001444,137,12,125
229001445,58,31,27
229001479,44,0,44
229001503,233,25,208
229001504,0,0,0
229001505,65,1,64
229001506,0,0,0
229001509,33,5,28
229001545,39,7,32
229001546,0,0,0
229001553,53,5,48
229001554,0,0,0
229001559,1,0,1
229001560,1,35,-34
229001630,126,1,125
229001631,1,19,-18
229001635,0,8,-8
229001636,0,0,0
229001658,0,0,0
229001659,69,4,65
229001660,0,0,0
229001661,1,11,-10
229001662,51,1,50
229001663,0,0,0
229002584,202,90,112
229002831,111,42,69
229002841,0,29,-29
229002842,4,0,4
229002843,23,14,9
229002844,11,114,-103
229002845,0,75,-75
229002846,0,1,-1
229002847,0,6,-6
229002848,2,25,-23
229002849,1,42,-41
229002850,3,8,-5
229002851,4,120,-116
229002852,41,49,-8
229002853,30,0,30
229002854,20,23,-3
229002855,1,11,-10
229002856,28,2,26
229002857,44,41,3
229002858,35,1,34
229002859,8,6,2
229002860,23,2,21
229002861,31,70,-39
229002862,3,2,1
229002863,2,10,-8
229002864,35,9,26
229002865,1,28,-27
229002866,13,14,-1
229002867,0,14,-14
229002868,1,3,-2
229002869,1,56,-55
229002870,55,0,55
235000066,91,20,71
235000067,61,34,27
235000072,0,0,0
235000073,0,0,0
235000074,0,0,0
235000080,0,0,0
235000081,0,0,0
235000082,364,24,340
235000083,164,47,117
235000084,45,26,19
235000085,231,30,201
235000089,2,6,-4
235000092,0,0,0
235000093,0,0,0
235000097,0,0,0
235000098,55,3,52
235000099,10,8,2
235000116,10,5,5
235000117,352,10,342
235000133,0,0,0
235000134,0,0,0
235000206,0,1,-1
235000207,1,0,1
235000208,0,1,-1
235000209,0,1,-1
235000210,6,0,6
235000212,0,0,0
235000213,0,0,0
235000220,0,0,0
235000221,0,0,0
235000238,0,258,-258
235000239,0,18,-18
235000242,152,1057,-905
235000245,2,4,-2
235000246,0,0,0
235000284,1,49,-48
235000295,46,3,43
235000305,154,5,149
235000306,318,7,311
235000307,14,1,13
235000308,3,0,3
235000309,76,0,76
235000310,30,0,30
235000311,36,10,26
235000322,0,9,-9
235000323,1,17,-16
235000324,0,3,-3
235000325,0,12,-12
235000326,8,40,-32
235000351,15,81,-66
235000352,21,55,-34
235000353,11,8,3
235000354,0,29,-29
235000355,4,31,-27
235000356,51,1,50
235000357,17,1,16
235000358,5,2,3
235000359,1,0,1
235000360,23,3,20
235000361,67,5,62
235000381,0,0,0
235000382,186,22,164
235000390,6,1,5
235000391,157,0,157
235000392,162,66,96
235000393,163,88,75
235000395,94,17,77
235000396,501,36,465
235000400,29,46,-17
235000401,0,0,0
235000405,0,0,0
235000406,0,0,0
235000407,0,0,0
235000409,0,0,0
235000410,0,0,0
235000411,0,0,0
235000485,0,0,0
235000486,7,0,7
235000549,57,48,9
235000550,0,0,0
235000599,0,0,0
235000600,0,0,0
235000601,5,11,-6
235000602,58,26,32
235000614,0,0,0
235000648,0,0,0
235000649,29,1,28
235000685,0,0,0
235000815,21,5,16
235000834,0,14,-14
235000855,41,9,32
235000862,0,0,0
235000891,0,0,0
235000892,3,0,3
235000901,0,0,0
235000907,0,0,0
235001010,53,33,20
235001029,0,0,0
235001030,164,26,138
235001078,153,50,103
235001079,0,0,0
235001147,14,18,-4
235001166,1,18,-17
235001167,0,0,0
235001169,12,97,-85
235001188,0,0,0
235001189,2,0,2
235001197,0,0,0
235001200,0,0,0
235001207,223,4,219
235001210,0,0,0
235001215,0,0,0
235001239,0,0,0
235001244,0,6,-6
235016267,0,65,-65
277101746,0,8,-8
277102712,4,0,4
277103813,0,0,0
277103814,0,0,0
277103898,0,0,0
277104249,0,1,-1
277104250,0,3,-3
277104251,0,0,0
277104252,0,1,-1
990011530,0,70,-70
990014944,0,71,-71
990015176,28,5,23
990015618,2,43,-41
990016032,0,56,-56
990032570,4,21,-17
990070001,129,10,119
990070103,0,0,0
990070601,0,17,-17
990070751,1355,0,1355
990070766,0,39,-39
990071180,318,12,306
990071343,0,0,0
990071387,0,0,0
990071823,272,9,263
990072600,1,535,-534
990072964,0,122,-122
990073285,0,0,0
990074393,0,266,-266
990074870,1166,14,1152
990075106,190,13,177
990075746,573,12,561
990076437,2651,3,2648
990076458,0,303,-303
997000007,198,17,181
997000041,0,107,-107
997000058,51,0,51
997000062,70,16,54
997000069,0,0,0
997000070,0,11,-11
997000100,23,0,23
997000141,0,0,0
997000198,0,1,-1
998000475,0,0,0
998000736,0,17,-17
998000965,0,30,-30
998001031,0,26,-26
998001700,0,5,-5
998001899,0,0,0
998001900,2,7,-5
998003073,1197,71,1126
998101900,0,0,0
998102850,0,91,-91
998501927,225,89,136
998501929,63,8,55
998501930,29,0,29
998501931,65,1,64
998501932,2,0,2
998501933,24,2,22
998501937,5,2,3
998501944,0,1,-1
998501950,0,0,0
998501970,54,2,52
998501971,0,6,-6
998501973,0,0,0
998501974,0,137,-137
998501975,108,6,102
998501976,80,0,80
998501977,0,22,-22
998501978,49,28,21
998501979,0,0,0
998501980,45,15,30
998501981,44,0,44
998501982,0,42,-42
998501983,0,0,0
998502024,0,8,-8
998502032,0,1,-1
998502062,9,1,8
998502063,0,0,0
998502173,12,0,12
998502269,0,0,0
998502546,0,60,-60
998502578,0,0,0
998502599,7,260,-253
998601159,0,11,-11
998601292,0,1,-1
999033574,0,416,-416
999800001,28,1,27
999800002,0,0,0
999800003,2,4,-2
999800004,0,6,-6
999800005,0,0,0
