ID,insum,outsum,diff
100000001,211,223,-12
100000002,46,69,-23
100000003,326,254,72
100000004,105,29,76
100000005,119,328,-209
100000006,2,0,2
100000007,5,0,5
100000008,4,34,-30
100000009,0,0,0
100000010,0,0,0
100000011,0,0,0
100000012,1,82,-81
100000013,3,11,-8
100000014,19,25,-6
100000015,8,0,8
100000016,18,91,-73
100000017,17,81,-64
100000018,98,56,42
100000019,616,238,378
100000020,14,4,10
100000021,388,94,294
100000022,40,36,4
100000023,294,54,240
100000025,674,259,415
100000028,300,275,25
100000029,46,49,-3
100000030,0,0,0
100000031,287,251,36
100000032,459,263,196
100000033,67,273,-206
100000034,500,517,-17
100000035,67,47,20
100000036,120,170,-50
100000037,1,0,1
100000038,3,1,2
100000039,7,0,7
100000040,1,0,1
100000041,1,0,1
100000042,0,0,0
100000043,0,0,0
100000044,28,82,-54
100000045,78,133,-55
100000046,49,125,-76
100000047,14,159,-145
100000048,45,223,-178
100000049,195,435,-240
100000051,60,173,-113
100000053,1,1,0
100000054,4,0,4
100000055,81,81,0
100000056,0,0,0
100000057,1,0,1
100000058,122,258,-136
100000059,0,10,-10
100000060,30,33,-3
100000061,54,78,-24
100000062,82,43,39
100000063,65,35,30
100000064,44,60,-16
100000065,51,148,-97
100000066,33,108,-75
100000067,21,114,-93
100000068,55,136,-81
100000069,39,153,-114
100000072,63,93,-30
100000073,224,368,-144
100000075,59,89,-30
100000076,89,150,-61
100000077,0,0,0
100000078,0,0,0
100000079,0,0,0
100000080,0,0,0
100000081,0,0,0
100000102,38,95,-57
100000103,315,97,218
100000104,310,139,171
100000105,424,74,350
100000106,52,58,-6
100000107,19,23,-4
100000108,191,333,-142
100000109,978,586,392
100000116,210,89,121
100000117,0,0,0
100000118,715,1347,-632
100000119,50,469,-419
100000121,0,0,0
100000122,28,131,-103
100000123,458,581,-123
100000124,1888,886,1002
100000125,175,17,158
100000126,29,15,14
100000127,54,31,23
100000128,76,126,-50
100000129,35,117,-82
100000130,0,0,0
100000131,854,532,322
100000132,193,57,136
100000133,2766,1073,1693
100000135,0,0,0
100000139,0,0,0
100000140,90,206,-116
100000142,0,0,0
100000143,199,412,-213
100000144,501,172,329
100000147,48,139,-91
100000150,1,36,-35
100000151,0,0,0
100000153,0,0,0
100000154,3,96,-93
100000155,0,0,0
100000156,0,0,0
100000157,0,0,0
100000158,0,0,0
100000159,22,33,-11
100000165,255,135,120
100000169,0,0,0
100000174,25,36,-11
100000179,0,0,0
100000180,1,13,-12
100000181,2,38,-36
100000188,0,1,-1
100000189,0,0,0
100000190,285,126,159
100000191,28,19,9
100000192,0,0,0
100000193,0,0,0
100000330,123,70,53
100000355,16,70,-54
100000362,888,708,180
100000363,121,177,-56
100000364,8,41,-33
100000365,1410,1314,96
100000366,2062,1042,1020
100000367,860,1055,-195
100000368,633,593,40
100000369,2,1,1
100000370,4,10,-6
100000376,3,4,-1
100000379,140,143,-3
100000380,403,564,-161
100000384,1906,908,998
100000385,845,837,8
100000386,1407,885,522
100000387,1560,616,944
100000388,4593,1694,2899
100000389,3432,942,2490
100000390,4004,1339,2665
100000391,2407,694,1713
100000392,1114,391,723
100000393,304,225,79
100000394,1453,1241,212
100000395,827,286,541
100000396,912,703,209
100000397,820,347,473
100000398,4526,3274,1252
100000413,1,0,1
100900002,0,0,0
100900003,0,0,0
100900004,1,89,-88
100900005,0,0,0
100900006,0,0,0
100900007,0,0,0
100900008,1,47,-46
100900009,0,0,0
100900010,0,0,0
100900011,0,0,0
100900012,0,23,-23
100900013,0,0,0
100900014,0,0,0
100900015,0,0,0
100900016,0,0,0
100900017,0,0,0
100900018,0,0,0
100900019,0,0,0
100900020,0,0,0
100900021,0,0,0
100900022,0,0,0
100900023,0,0,0
100900024,0,0,0
100900025,0,0,0
100900026,0,0,0
100900027,0,0,0
100900028,0,0,0
100900029,0,0,0
100900030,0,0,0
100900031,0,0,0
100900032,0,0,0
100900033,0,0,0
100900034,0,0,0
100900035,0,0,0
100900036,0,0,0
100900037,0,0,0
100900038,0,0,0
100900039,14,41,-27
100900040,0,64,-64
100900041,0,40,-40
100900042,0,0,0
100900043,0,0,0
100900044,0,0,0
100900045,0,0,0
100900046,0,0,0
100900047,0,0,0
100900048,0,0,0
100900049,0,0,0
100900050,0,0,0
100900051,0,0,0
100900052,0,0,0
100900053,0,0,0
100900054,0,0,0
100900055,0,0,0
100900056,0,0,0
100900057,0,0,0
100900058,0,0,0
100900059,0,0,0
100900060,0,0,0
100900061,0,0,0
100900062,0,0,0
100900063,0,0,0
100900064,0,0,0
100900065,0,0,0
100900066,0,0,0
100900067,0,0,0
100900068,0,0,0
100900069,0,0,0
100900070,0,0,0
100900071,0,0,0
100900072,0,0,0
100900073,0,0,0
100900074,0,0,0
100900075,134,5,129
100900076,0,0,0
100900077,0,0,0
100900078,0,0,0
100900079,0,0,0
100900080,0,0,0
100900081,0,0,0
100900082,0,0,0
100900083,0,0,0
100900085,0,0,0
100900086,0,0,0
100900088,0,0,0
100900089,0,0,0
100900090,0,0,0
100900091,0,0,0
100900092,0,0,0
100900093,0,0,0
100900094,0,0,0
100900095,0,0,0
100900096,0,0,0
100900097,0,0,0
100900098,0,0,0
100900099,0,13,-13
100900100,0,0,0
100900101,0,0,0
100900102,0,0,0
100900103,0,0,0
100900104,0,0,0
100900105,0,0,0
100900106,0,0,0
100900107,0,0,0
100900108,0,0,0
100900109,0,0,0
100900110,0,0,0
100900111,0,0,0
100900112,0,0,0
100900113,0,0,0
100900114,0,0,0
100900115,0,0,0
100900116,0,0,0
100900117,0,0,0
100900118,0,0,0
100900119,0,0,0
100900120,0,0,0
100900121,0,0,0
100900122,3,11,-8
100900123,0,0,0
100900124,0,0,0
100900125,0,0,0
100900126,0,0,0
100900127,0,0,0
100900128,8,2,6
100900129,0,0,0
100900131,0,0,0
100900133,0,0,0
100900134,0,0,0
100900135,0,0,0
100900137,0,0,0
100900138,0,0,0
100900139,0,0,0
100900140,0,44,-44
100900141,0,0,0
100900142,0,0,0
100900143,0,0,0
100900144,0,0,0
100900145,0,0,0
100900146,0,0,0
100900147,0,0,0
100900148,3,39,-36
100900149,0,0,0
100900150,0,0,0
100900151,1,27,-26
100900152,0,0,0
100900153,0,0,0
100900154,0,0,0
100900155,0,0,0
100900156,0,0,0
100900157,0,0,0
100900159,0,0,0
100900160,0,0,0
100900161,0,0,0
100900162,0,0,0
100900163,3,9,-6
100900164,0,0,0
100900165,0,0,0
100900166,0,0,0
100900167,0,0,0
100900168,0,0,0
100900169,13,94,-81
100900170,0,0,0
100900171,2,43,-41
100900172,0,0,0
100900173,0,41,-41
100900174,0,0,0
100900176,0,0,0
100900177,0,0,0
100900178,0,0,0
100900179,0,0,0
100900180,0,0,0
100900181,0,0,0
100900182,0,0,0
100900184,0,0,0
100900186,0,0,0
100900187,0,0,0
100900188,0,0,0
100900189,0,0,0
100900191,0,0,0
100900192,0,0,0
100900195,0,0,0
100900197,0,0,0
100900198,0,0,0
100900199,0,0,0
100900200,25,17,8
100900201,1,34,-33
100900202,0,0,0
100900203,0,0,0
100900204,0,0,0
100900205,0,0,0
100900206,0,0,0
100900207,0,0,0
100900210,3,50,-47
100900211,0,0,0
100900213,0,0,0
100900214,100,8,92
100900215,0,0,0
100900217,0,0,0
101000001,468,184,284
101000002,702,322,380
101000003,96,38,58
101000004,2516,279,2237
101000005,573,327,246
101000006,1041,818,223
101000007,1519,874,645
101000008,975,487,488
101000009,146,253,-107
101000010,52,84,-32
101000011,203,17,186
101000012,0,0,0
101000013,158,47,111
101000014,40,8,32
101000015,160,118,42
101000016,12,8,4
101000017,75,66,9
101000018,440,448,-8
101000020,545,138,407
101000021,45,2,43
101000022,315,131,184
101000023,349,449,-100
101000025,0,0,0
101000026,7,0,7
101000027,441,109,332
101000028,187,50,137
101000029,0,65,-65
101000030,100,28,72
101000031,26,1,25
101000032,376,411,-35
101000033,525,376,149
101000034,587,298,289
101000035,133,22,111
101000036,303,98,205
101000037,534,96,438
101000039,278,187,91
101000040,1072,247,825
101000041,529,144,385
101000042,15,76,-61
101000043,544,283,261
101000045,92,35,57
101000046,338,117,221
101000047,55,35,20
101000048,43,39,4
101000049,45,92,-47
101000050,35,22,13
101000051,280,94,186
101000052,429,56,373
101000053,92,22,70
101000054,250,19,231
101000055,394,76,318
101000056,14,4,10
101000057,1053,146,907
101000058,629,40,589
101000059,151,26,125
101000060,326,65,261
101000061,88,18,70
101000062,807,113,694
101000063,4,6,-2
101000064,423,89,334
101000065,26,9,17
101000066,2,3,-1
101000067,128,108,20
101000068,61,33,28
101000069,130,21,109
101000070,322,508,-186
101000071,581,225,356
101000072,283,258,25
101000073,34,24,10
101000074,1400,493,907
101000075,3004,945,2059
101000077,260,238,22
101000078,124,84,40
101000079,96,170,-74
101000080,475,329,146
101000081,199,126,73
101000082,470,185,285
101000083,120,83,37
101000084,224,196,28
101000085,63,6,57
101000086,522,286,236
101000087,235,252,-17
101000088,19,9,10
101000089,24,14,10
101000090,566,280,286
101000091,19,89,-70
101000092,313,94,219
101000093,115,31,84
101000094,208,328,-120
101000095,82,217,-135
101000096,9,21,-12
101000097,33,38,-5
101000098,10,18,-8
101000099,135,106,29
101000100,177,177,0
101000101,9,19,-10
101000102,165,95,70
101000103,76,33,43
101000104,21,46,-25
101000105,0,0,0
101000106,13,31,-18
101000107,13,29,-16
101000108,0,0,0
101000109,7,6,1
101000110,0,0,0
101000111,8,19,-11
101000113,0,0,0
101000114,543,247,296
101000115,0,0,0
101000116,0,0,0
101000117,0,0,0
101000119,31,2,29
101000120,95,7,88
101000121,34,1,33
101000122,7,25,-18
101000123,16,22,-6
101000124,270,224,46
101000125,36,87,-51
101000128,89,117,-28
101000130,275,64,211
101000131,35,16,19
101000132,111,281,-170
101000135,62,5,57
101000136,52,47,5
101000137,7,16,-9
101000141,194,121,73
101000147,205,192,13
101000148,127,2,125
101000149,0,0,0
101000150,0,0,0
101000151,0,3,-3
101000152,15,38,-23
101000153,35,16,19
101000154,1,88,-87
101000155,30,23,7
101000156,12,115,-103
101000157,0,0,0
101000160,0,0,0
101000163,0,0,0
101000164,18,127,-109
101000165,77,49,28
101000166,10,9,1
101000168,32,19,13
101000252,42,89,-47
101000254,227,17,210
101000258,0,1,-1
101000261,0,2,-2
101000262,26,123,-97
101000263,6,12,-6
101000265,11,80,-69
101000266,32,26,6
101000269,140,53,87
101000290,149,16,133
101000293,0,0,0
101000294,109,82,27
101000295,15,27,-12
101000301,153,46,107
101000304,639,770,-131
101000305,331,321,10
101000328,12,37,-25
101900001,0,0,0
101900002,0,0,0
101900003,8,0,8
101900004,0,0,0
101900005,124,35,89
101900006,0,0,0
101900007,0,0,0
101900008,0,0,0
101900009,0,0,0
101900010,0,0,0
101900011,0,0,0
101900012,0,0,0
101900013,19,1,18
101900017,0,0,0
101900018,0,1,-1
101900019,0,0,0
101900020,0,0,0
101900021,0,0,0
101900022,0,0,0
101900023,0,0,0
101900026,0,0,0
101900027,0,0,0
102000001,236,420,-184
102000002,135,121,14
102000003,928,563,365
102000004,614,150,464
102000005,511,418,93
102000006,304,131,173
102000007,580,588,-8
102000008,672,193,479
102000009,1143,1063,80
102000010,1073,585,488
102000011,581,613,-32
102000012,278,392,-114
102000018,149,31,118
102000019,23,28,-5
102000026,0,0,0
102000029,0,0,0
102000030,4,3,1
102000031,0,0,0
102000032,6,5,1
102000033,0,0,0
102000034,7,5,2
102000035,0,0,0
102000036,0,0,0
102000037,1,2,-1
102000038,1,3,-2
102000039,0,0,0
102000040,9,3,6
102000041,0,0,0
102000042,0,0,0
102000043,3,2,1
102000044,0,0,0
102000045,47,46,1
102000046,32,7,25
102000047,22,78,-56
102000048,5,9,-4
102000049,11,8,3
102000050,34,48,-14
102000051,17,15,2
102000052,41,54,-13
102000053,5,30,-25
102000054,35,93,-58
102000055,91,137,-46
102000056,46,94,-48
102000057,121,16,105
102000058,117,160,-43
102000059,185,225,-40
102000060,52,24,28
102000061,108,282,-174
102000062,34,47,-13
102000063,190,276,-86
102000064,92,104,-12
102000065,7,15,-8
102000066,647,131,516
102000067,367,377,-10
102000068,754,294,460
102000069,0,0,0
102000070,206,11,195
102000071,1407,1602,-195
102000072,936,1327,-391
102000073,11,123,-112
102000074,44,111,-67
102000075,6,69,-63
102000076,12,141,-129
102000077,18,313,-295
102000078,84,296,-212
102000079,3,61,-58
102000080,39,44,-5
102000081,15,169,-154
102000082,64,64,0
102000083,20,120,-100
102000084,0,0,0
102000085,106,128,-22
102000086,52,26,26
102000087,49,211,-162
102000088,17,10,7
102000089,0,0,0
102000090,130,110,20
102000091,285,66,219
102000092,215,71,144
102000093,51,99,-48
102000094,0,0,0
102000095,116,236,-120
102000096,0,0,0
102000097,392,279,113
102000098,12,10,2
102000099,159,40,119
102000100,8,8,0
102000101,56,24,32
102000102,28,0,28
102000103,129,58,71
102000104,45,8,37
102000105,0,18,-18
102000106,4,31,-27
102000107,0,0,0
102000108,6,8,-2
102000109,0,0,0
102000110,0,0,0
102000111,0,0,0
102000112,10,5,5
102000113,0,0,0
102000114,0,0,0
102000115,14,4,10
102000116,0,14,-14
102000117,12,59,-47
102000118,12,80,-68
102000119,518,61,457
102000120,6,1,5
102000121,50,43,7
102000122,18,6,12
102000123,69,59,10
102000124,53,11,42
102000125,70,25,45
102000126,29,13,16
102000127,63,41,22
102000128,37,26,11
102000129,24,43,-19
102000130,27,19,8
102000131,22,29,-7
102000132,18,16,2
102000133,123,239,-116
102000134,45,36,9
102000135,0,0,0
102000136,5,3,2
102000137,38,8,30
102000138,0,0,0
102000139,0,0,0
102000140,6,8,-2
102000141,1,14,-13
102000142,3,20,-17
102000143,3,32,-29
102000144,8,25,-17
102000145,6,12,-6
102000146,0,0,0
102000147,11,6,5
102000148,0,0,0
102000149,2,1,1
102000150,0,1,-1
102000151,0,0,0
102000152,0,0,0
102000153,0,0,0
102000154,4,20,-16
102000155,10,20,-10
102000156,36,6,30
102000157,0,8,-8
102000158,6,3,3
102000159,54,2,52
102000161,448,137,311
102000162,31,41,-10
102000163,0,0,0
102000164,0,0,0
102000165,73,37,36
102000166,8,38,-30
102000167,36,83,-47
102000168,44,36,8
102000169,45,104,-59
102000170,363,82,281
102000171,20,15,5
102000172,6,51,-45
102000173,57,33,24
102000174,8,11,-3
102000175,0,0,0
102000176,1,0,1
102000178,6,67,-61
102000179,7,28,-21
102000180,24,53,-29
102000181,13,65,-52
102000182,158,104,54
102000183,54,107,-53
102000184,98,237,-139
102000185,54,93,-39
102000186,97,377,-280
102000187,55,345,-290
102000188,13,74,-61
102000189,600,181,419
102000190,111,110,1
102000191,175,17,158
102000192,157,228,-71
102000193,0,0,0
102000194,0,0,0
102000195,7,23,-16
102000196,0,0,0
102000197,12,20,-8
102000198,0,0,0
102000199,4,24,-20
102000200,0,0,0
102000201,14,28,-14
102000202,0,0,0
102000203,22,28,-6
102000204,0,0,0
102000205,0,0,0
102000206,74,66,8
102000207,0,0,0
102000208,9,64,-55
102000209,2,3,-1
102000210,0,118,-118
102000211,15,40,-25
102000212,0,0,0
102000213,2,15,-13
102000214,0,0,0
102000215,0,47,-47
102000216,0,0,0
102000217,0,30,-30
102000218,0,0,0
102000219,20,20,0
102000225,0,0,0
102000226,0,0,0
102000227,0,0,0
102000228,0,15,-15
102000229,1,2,-1
102000230,14,38,-24
102000231,18,14,4
102000232,0,0,0
102000233,14,13,1
102000234,0,0,0
102000236,4,4,0
102000237,15,4,11
102000238,1,1,0
102000240,200,317,-117
102000241,23,5,18
102000243,0,0,0
102000245,13,26,-13
102000246,0,0,0
102000247,83,119,-36
102000248,89,109,-20
102000249,8,21,-13
102000250,3,82,-79
102000254,0,0,0
102000266,0,0,0
102000271,0,0,0
102000286,0,0,0
102000297,22,9,13
102000299,0,0,0
102000301,0,9,-9
102000303,0,0,0
102000305,0,0,0
102000307,0,1,-1
102900001,0,0,0
102900002,0,0,0
102900003,0,14,-14
102900005,0,0,0
102900006,0,0,0
102900007,0,0,0
102900008,0,0,0
102900009,0,0,0
102900010,0,0,0
102900011,0,0,0
102900012,0,0,0
102900013,0,0,0
102900015,0,0,0
102900016,0,0,0
102900017,0,0,0
102900018,0,0,0
102900019,0,0,0
102900020,0,0,0
102900021,0,0,0
102900022,23,4,19
102900023,0,0,0
102900024,0,0,0
102900025,0,0,0
102900026,0,0,0
102900027,0,0,0
102900028,0,0,0
102900029,2,1,1
102900030,0,0,0
102900031,0,0,0
102900032,0,2,-2
102900033,0,0,0
102900034,0,0,0
102900035,0,28,-28
102900036,0,0,0
102900037,0,0,0
102900038,0,0,0
102900039,0,0,0
102900040,0,0,0
102900041,0,0,0
102900042,0,0,0
102900043,0,0,0
102900044,0,0,0
102900045,0,0,0
102900046,0,0,0
102900047,0,0,0
102900048,0,0,0
102900049,0,0,0
102900050,0,0,0
102900051,0,0,0
102900053,0,0,0
102900054,0,0,0
102900055,0,0,0
102900056,0,0,0
102900057,0,0,0
102900058,0,0,0
102900059,0,0,0
102900060,0,0,0
102900061,0,0,0
102900062,0,0,0
102900063,0,0,0
102900064,0,0,0
102900065,0,0,0
102900066,0,0,0
102900068,0,0,0
102900070,1,28,-27
102900072,1,11,-10
102900073,4,0,4
102900075,0,0,0
102900076,0,0,0
102900077,0,0,0
102900078,0,0,0
102900079,0,0,0
102900080,0,0,0
102900081,0,0,0
102900082,0,0,0
102900083,0,0,0
102900084,0,0,0
102900085,0,0,0
102900086,0,0,0
102900087,0,0,0
102900088,0,0,0
102900089,0,0,0
102900090,0,48,-48
102900091,1,0,1
102900092,2,76,-74
102900094,0,0,0
102900095,0,0,0
102900096,1,0,1
102900097,3,6,-3
103000001,472,502,-30
103000002,207,307,-100
103000003,765,511,254
103000004,109,171,-62
103000005,83,104,-21
103000006,46,88,-42
103000007,23,53,-30
103000008,71,187,-116
103000009,16,4,12
103000010,4,4,0
103000011,299,211,88
103000012,170,110,60
103000013,1613,364,1249
103000014,34,23,11
103000015,300,226,74
103000016,27,4,23
103000017,0,0,0
103000018,0,0,0
103000019,0,0,0
103000020,193,276,-83
103000021,24,13,11
103000022,167,213,-46
103000023,5,16,-11
103000024,0,0,0
103000025,0,0,0
103000026,0,0,0
103000027,0,0,0
103000028,0,0,0
103000029,10,4,6
103000030,609,105,504
103000031,84,61,23
103000032,316,232,84
103000033,108,22,86
103000034,643,256,387
103000035,146,106,40
103000036,64,39,25
103000037,240,104,136
103000038,87,56,31
103000039,32,83,-51
103000040,7,33,-26
103000041,318,542,-224
103000042,113,157,-44
103000043,9,36,-27
103000044,15,5,10
103000046,30,7,23
103000047,0,0,0
103000048,7,3,4
103000049,0,0,0
103000050,5,14,-9
103000051,14,10,4
103000052,3,3,0
103000053,2,9,-7
103000054,286,131,155
103000055,72,37,35
103000056,118,268,-150
103000057,46,76,-30
103000058,56,150,-94
103000059,22,35,-13
103000060,188,195,-7
103000061,15,19,-4
103000062,153,182,-29
103000063,49,28,21
103000064,39,85,-46
103000065,0,0,0
103000066,0,0,0
103000069,1,1,0
103000070,19,200,-181
103000071,14,4,10
103000072,16,157,-141
103000073,0,0,0
103000074,0,0,0
103000075,36,137,-101
103000076,0,0,0
103000077,6,47,-41
103000078,0,0,0
103000079,138,34,104
103000080,2,2,0
103000081,48,98,-50
103000082,0,0,0
103000083,2,50,-48
103000084,0,0,0
103000085,2,24,-22
103000086,39,11,28
103000087,20,79,-59
103000088,81,59,22
103000089,5,9,-4
103000090,327,179,148
103000091,79,55,24
103000092,1,1,0
103000093,35,155,-120
103000094,0,0,0
103000095,0,76,-76
103000096,0,0,0
103000097,9,84,-75
103000098,0,0,0
103000099,14,43,-29
103000100,12,146,-134
103000101,0,0,0
103000102,13,164,-151
103000103,0,12,-12
103000104,3,36,-33
103000105,0,17,-17
103000106,0,63,-63
103000107,8,25,-17
103000108,28,62,-34
103000109,112,38,74
103000110,209,87,122
103000111,191,63,128
103000112,9,4,5
103000113,60,97,-37
103000114,15,3,12
103000115,22,50,-28
103000116,26,40,-14
103000117,14,35,-21
103000118,94,194,-100
103000119,356,145,211
103000120,11,27,-16
103000121,70,91,-21
103000122,5,5,0
103000125,0,0,0
103000126,1,0,1
103000127,0,0,0
103000128,0,0,0
103000129,0,0,0
103000130,1,0,1
103000131,0,0,0
103000132,1,1,0
103000133,0,0,0
103000134,139,72,67
103000135,59,32,27
103000136,159,113,46
103000137,87,101,-14
103000138,279,70,209
103000139,0,14,-14
103000140,0,0,0
103000141,5,25,-20
103000142,0,0,0
103000143,3,52,-49
103000144,0,0,0
103000145,0,0,0
103000150,1,2,-1
103000152,33,54,-21
103000153,1,6,-5
103000156,0,0,0
103000157,1,0,1
103000159,34,19,15
103000162,0,0,0
103000163,0,0,0
103000164,0,0,0
103000165,0,0,0
103000166,0,0,0
103000167,3,4,-1
103000168,12,17,-5
103000169,0,0,0
103000170,58,34,24
103000171,0,1,-1
103000172,1,1,0
103000173,25,133,-108
103000174,0,0,0
103000175,90,221,-131
103000176,1,1,0
103000177,89,80,9
103000178,184,108,76
103000179,1,1,0
103000183,0,7,-7
103000185,1,10,-9
103000186,0,0,0
103000187,32,117,-85
103000188,1,16,-15
103000189,64,184,-120
103000191,16,33,-17
103000292,178,2,176
103000293,0,0,0
103000295,0,0,0
103000296,0,0,0
103000297,0,0,0
103000504,0,0,0
103000505,0,0,0
103000506,0,0,0
103000507,3,0,3
103000508,10,3,7
103000509,23,136,-113
103900001,0,0,0
103900002,0,0,0
103900003,0,3,-3
103900004,0,0,0
103900005,0,0,0
103900006,0,0,0
103900007,0,0,0
103900008,0,0,0
103900009,1,45,-44
103900010,3,20,-17
103900011,0,16,-16
103900012,0,0,0
103900013,3,9,-6
103900014,0,0,0
103900015,0,0,0
103900016,11,29,-18
103900017,1,6,-5
103900018,36,4,32
103900019,0,0,0
103900020,0,0,0
103900021,0,0,0
103900022,0,50,-50
103900023,0,0,0
103900024,0,0,0
103900025,0,0,0
103900026,0,0,0
103900027,0,0,0
103900028,0,16,-16
103900029,10,30,-20
103900030,0,0,0
103900031,0,0,0
103900032,0,0,0
103900033,0,0,0
103900034,1,13,-12
103900035,1,0,1
103900036,0,0,0
103900037,0,0,0
103900038,0,0,0
103900039,0,39,-39
103900040,0,5,-5
103900041,0,0,0
103900042,0,39,-39
103900043,0,0,0
103900044,0,0,0
103900045,0,0,0
103900047,0,12,-12
103900048,0,0,0
103900049,0,0,0
103900050,0,18,-18
103900051,0,6,-6
103900052,9,17,-8
103900053,3,37,-34
103900054,0,0,0
103900055,9,5,4
103900056,1,2,-1
103900057,0,0,0
103900058,1,54,-53
103900059,0,0,0
103900060,0,0,0
103900061,0,0,0
103900062,2,1,1
103900063,0,0,0
103900064,0,0,0
103900065,24,24,0
103900066,0,0,0
103900067,0,0,0
103900068,0,0,0
103900069,0,0,0
103900070,0,0,0
103900071,1,8,-7
103900072,0,37,-37
103900073,0,0,0
103900074,0,0,0
103900075,0,0,0
103900076,5,17,-12
103900077,0,0,0
103900078,0,0,0
103900079,0,0,0
103900080,0,0,0
103900081,0,0,0
103900082,0,0,0
103900083,0,0,0
103900084,0,0,0
103900085,0,0,0
103900086,0,0,0
103900088,0,0,0
103900089,0,0,0
103900090,0,0,0
103900091,0,0,0
103900092,0,16,-16
103900093,0,0,0
103900094,0,0,0
103900095,1,13,-12
103900096,0,0,0
103900097,0,0,0
103900098,1,3,-2
103900099,0,0,0
103900100,4,22,-18
103900101,0,0,0
103900102,0,0,0
103900104,0,0,0
103900105,2,8,-6
103900106,0,0,0
103900107,0,0,0
103900108,10,111,-101
103900109,0,0,0
103900110,5,2,3
103900111,0,49,-49
103900112,0,0,0
103900113,4,0,4
103900114,17,14,3
103900115,23,0,23
103900116,198,3,195
103900117,15,6,9
103900119,0,0,0
103900120,0,0,0
103900122,0,32,-32
103900123,10,17,-7
103900124,1,72,-71
103900125,1,9,-8
103900126,0,0,0
103900127,2,33,-31
103900128,0,10,-10
103900131,1,7,-6
103900133,0,0,0
103900134,0,0,0
103900135,0,0,0
103900137,0,0,0
103900138,0,0,0
103900139,0,24,-24
103900140,0,0,0
103900141,0,0,0
103900142,0,0,0
103900143,0,0,0
103900144,0,0,0
103900145,0,0,0
103900146,0,0,0
103900147,3,7,-4
103900148,4,29,-25
103900149,0,0,0
103900150,0,41,-41
103900151,0,0,0
103900152,0,0,0
103900153,0,0,0
103900154,34,1,33
103900155,0,0,0
103900156,0,0,0
103900157,0,0,0
103900158,0,0,0
103900159,0,0,0
103900160,0,0,0
103900161,0,0,0
103900162,9,10,-1
103900163,0,0,0
103900167,0,0,0
103900168,0,0,0
103900169,0,0,0
103900170,0,0,0
103900171,0,0,0
103900172,0,0,0
103900173,0,0,0
103900174,0,0,0
103900175,0,0,0
103900176,0,2,-2
103900177,0,0,0
103900178,0,0,0
103900179,0,0,0
103900180,0,0,0
103900181,0,0,0
103900182,0,0,0
103900184,0,0,0
103900185,0,0,0
103900187,0,0,0
103900188,3,1,2
103900189,1,1,0
103900190,0,0,0
103900191,0,0,0
103900192,0,0,0
103900193,0,0,0
103900194,0,0,0
103900195,0,0,0
103900196,0,0,0
103900197,0,0,0
103900198,0,0,0
103900199,0,2,-2
103900200,0,0,0
103900201,0,0,0
103900202,0,0,0
103900203,1,0,1
103900204,0,0,0
103900207,0,4,-4
103900208,1,0,1
103900209,0,0,0
103900210,0,1,-1
103900211,4,7,-3
103900212,0,39,-39
103900213,81,198,-117
103900214,40,15,25
103900215,750,195,555
103900216,0,0,0
103900217,0,0,0
103900218,0,0,0
103900219,0,0,0
103900233,0,0,0
103900235,0,0,0
103900236,0,0,0
103900242,0,0,0
103900243,0,0,0
103900244,0,0,0
103900245,0,0,0
103900246,3,0,3
103900247,0,0,0
103900248,0,0,0
103900249,0,0,0
103900250,0,0,0
103900251,0,0,0
103900253,0,0,0
103900254,0,0,0
103900255,0,0,0
103900256,0,0,0
103900257,0,0,0
103900258,0,0,0
103900259,0,0,0
103900261,0,0,0
103900262,0,0,0
103900263,0,0,0
103900264,0,0,0
103900265,0,0,0
103900266,0,0,0
103900267,0,6,-6
103900268,0,3,-3
103900269,6,0,6
103900270,0,7,-7
103900271,0,1,-1
103900272,0,0,0
103900273,0,0,0
103900274,0,0,0
103900275,0,0,0
103900276,0,0,0
103900277,0,0,0
103900278,0,0,0
103900279,0,0,0
103900280,0,0,0
104000001,444,415,29
104000002,473,586,-113
104000003,403,658,-255
104000004,2313,641,1672
104000005,93,325,-232
104000006,404,695,-291
104000007,823,916,-93
104000008,388,371,17
104000009,12,85,-73
104000010,0,0,0
104000011,304,308,-4
104000012,31,228,-197
104000013,0,0,0
104000014,122,292,-170
104000015,0,0,0
104000016,81,158,-77
104000018,21,5,16
104000019,21,4,17
104000020,0,0,0
104000021,3,3,0
104000022,3,6,-3
104000023,49,50,-1
104000024,4,5,-1
104000026,1,1,0
104000027,69,260,-191
104000028,43,39,4
104000029,130,269,-139
104000030,32,60,-28
104000031,5,7,-2
104000032,24,187,-163
104000033,5,0,5
104000034,57,245,-188
104000035,5,8,-3
104000036,11,10,1
104000037,43,114,-71
104000038,32,27,5
104000039,2,5,-3
104000040,11,7,4
104000041,27,21,6
104000042,16,65,-49
104000043,38,54,-16
104000044,43,102,-59
104000045,76,135,-59
104000046,154,146,8
104000047,7,22,-15
104000048,33,46,-13
104000049,7,15,-8
104000050,14,19,-5
104000051,19,178,-159
104000052,135,368,-233
104000053,116,107,9
104000054,27,68,-41
104000055,513,292,221
104000056,57,21,36
104000057,6,126,-120
104000058,177,180,-3
104000059,40,242,-202
104000060,110,203,-93
104000061,81,114,-33
104000062,0,0,0
104000064,67,30,37
104000065,0,39,-39
104000069,144,25,119
104000070,1,1,0
104000071,26,70,-44
104000072,0,0,0
104000075,0,0,0
104000076,0,0,0
104000082,431,564,-133
104000083,49,21,28
104000084,7,84,-77
104000085,10,24,-14
104000086,17,73,-56
104000087,19,36,-17
104000090,42,277,-235
104000092,30,401,-371
104000094,44,310,-266
104000095,394,405,-11
104000096,0,37,-37
104000097,0,0,0
104000098,0,0,0
104000100,0,0,0
104000101,88,228,-140
104000106,1,29,-28
104000107,35,127,-92
104000108,24,51,-27
104000109,0,0,0
104000110,91,82,9
104000111,104,77,27
104000112,189,47,142
104000116,2,388,-386
104000117,1,137,-136
104000118,17,17,0
104000119,6,17,-11
104000120,0,113,-113
104000121,9,44,-35
104000122,53,96,-43
104000123,146,275,-129
104000124,302,419,-117
104000125,403,188,215
104000126,14,73,-59
104000127,410,753,-343
104000128,20,67,-47
104000129,19,15,4
104000130,1,41,-40
104000131,847,520,327
104000132,448,589,-141
104000133,203,140,63
104000134,231,135,96
104000135,80,105,-25
104000136,516,265,251
104000137,913,95,818
104000138,303,110,193
104000139,2678,395,2283
104000141,251,389,-138
104000142,148,280,-132
104000143,76,368,-292
104000144,0,0,0
104000145,0,0,0
104000146,145,548,-403
104000147,34,213,-179
104000148,0,0,0
104000149,59,163,-104
104000150,0,0,0
104000151,56,215,-159
104000152,43,293,-250
104000153,0,0,0
104000154,324,184,140
104000155,0,0,0
104000157,132,331,-199
104000158,48,75,-27
104000159,56,33,23
104000160,667,199,468
104000161,0,0,0
104000162,0,0,0
104000165,0,0,0
104000167,17,54,-37
104000168,0,0,0
104000169,0,0,0
104000170,276,46,230
104000248,1,80,-79
104000251,19,58,-39
104000272,9,0,9
104000273,11,0,11
104000274,4,0,4
104000275,15,2,13
104000279,150,44,106
104000290,33,78,-45
104000291,86,171,-85
104000293,7,12,-5
104000294,0,0,0
104000295,91,307,-216
104000296,37,147,-110
104000297,374,624,-250
104000298,368,167,201
104000299,104,324,-220
104900001,0,0,0
104900002,0,0,0
104900003,0,0,0
104900004,0,0,0
104900005,0,1,-1
104900006,0,0,0
104900007,0,6,-6
104900009,0,0,0
104900010,0,0,0
104900011,0,0,0
104900012,0,0,0
104900013,0,0,0
104900014,0,0,0
104900015,0,0,0
104900016,0,0,0
104900017,0,0,0
104900018,0,0,0
104900019,0,0,0
104900020,0,0,0
104900021,0,0,0
104900022,0,0,0
104900023,0,0,0
104900024,0,0,0
104900025,0,0,0
104900026,0,0,0
104900027,0,0,0
104900028,0,0,0
104900029,0,0,0
104900030,0,0,0
104900031,0,0,0
104900032,0,0,0
104900033,0,0,0
104900034,0,0,0
104900035,0,0,0
104900036,0,0,0
104900037,0,0,0
104900038,0,0,0
104900039,0,0,0
104900040,0,0,0
104900041,0,0,0
104900042,0,0,0
104900043,0,0,0
104900044,0,0,0
104900045,0,0,0
104900046,0,0,0
104900047,0,0,0
104900048,0,0,0
104900049,0,0,0
104900050,0,0,0
104900051,0,0,0
104900052,0,0,0
104900053,0,0,0
104900054,0,0,0
104900055,0,0,0
104900056,0,0,0
104900057,0,0,0
104900058,0,0,0
104900059,0,0,0
104900060,0,0,0
104900061,0,0,0
104900063,0,0,0
104900064,0,0,0
104900065,0,0,0
104900066,0,0,0
104900067,0,0,0
104900068,0,0,0
104900070,0,0,0
104900071,0,53,-53
104900072,0,0,0
104900073,0,0,0
104900074,0,0,0
104900075,0,0,0
104900076,0,0,0
104900077,0,0,0
104900078,0,0,0
104900079,0,0,0
104900080,0,0,0
104900082,0,0,0
104900085,0,0,0
104900087,0,0,0
104900089,0,0,0
104900090,0,0,0
104900091,0,0,0
104900093,0,0,0
104900097,0,0,0
104900098,0,0,0
104900099,0,0,0
104900100,0,0,0
104900102,0,0,0
104900103,0,0,0
104900104,0,0,0
104900106,0,0,0
104900107,0,0,0
104900108,0,0,0
104900109,0,0,0
104900110,0,0,0
104900111,0,0,0
104900112,0,0,0
104900113,5,2,3
104900114,0,0,0
104900115,1,5,-4
104900116,0,0,0
104900118,0,0,0
104900119,0,0,0
104900120,0,0,0
104900121,0,0,0
104900122,0,0,0
104900123,0,0,0
104900124,0,0,0
104900125,0,0,0
104900126,0,0,0
104900127,0,0,0
104900128,0,0,0
104900129,0,0,0
105000001,388,476,-88
105000002,155,265,-110
105000003,281,540,-259
105000004,64,224,-160
105000005,90,238,-148
105000006,73,216,-143
105000007,47,164,-117
105000008,31,394,-363
105000009,100,226,-126
105000010,578,761,-183
105000011,128,145,-17
105000012,839,1225,-386
105000013,109,134,-25
105000014,133,100,33
105000015,1019,313,706
105000016,648,429,219
105000017,327,146,181
105000018,103,169,-66
105000019,17,2,15
105000020,16,103,-87
105000021,1,0,1
105000022,0,0,0
105000023,0,0,0
105000028,8,42,-34
105000029,60,94,-34
105000030,962,1171,-209
105000031,0,0,0
105000033,260,817,-557
105000034,0,0,0
105000037,32,28,4
105000038,63,72,-9
105000039,921,779,142
105000040,15,26,-11
105000041,138,514,-376
105000042,81,52,29
105000043,459,849,-390
105000044,40,24,16
105000045,30,263,-233
105000046,42,11,31
105000047,85,467,-382
105000048,1,1,0
105000049,100,214,-114
105000050,0,0,0
105000051,44,164,-120
105000052,5,47,-42
105000053,31,98,-67
105000054,7,55,-48
105000055,14,59,-45
105000056,16,162,-146
105000057,73,177,-104
105000058,120,193,-73
105000059,13,31,-18
105000060,60,114,-54
105000061,21,10,11
105000062,74,240,-166
105000063,62,121,-59
105000064,41,52,-11
105000065,34,176,-142
105000066,104,226,-122
105000067,78,50,28
105000068,99,108,-9
105000069,298,129,169
105000070,29,65,-36
105000071,0,0,0
105000072,46,17,29
105000073,23,7,16
105000074,84,255,-171
105000075,72,145,-73
105000076,294,244,50
105000077,617,176,441
105000078,136,93,43
105000079,327,630,-303
105000080,36,39,-3
105000081,254,230,24
105000082,36,57,-21
105000083,11,7,4
105000084,49,248,-199
105000085,28,36,-8
105000086,71,160,-89
105000087,162,382,-220
105000088,19,2,17
105000089,647,793,-146
105000090,360,395,-35
105000091,647,598,49
105000092,156,223,-67
105000093,37,32,5
105000094,2,5,-3
105000095,4,64,-60
105000096,1,4,-3
105000097,79,115,-36
105000098,0,0,0
105000099,103,193,-90
105000100,117,187,-70
105000101,135,203,-68
105000102,143,266,-123
105000103,57,216,-159
105000104,132,152,-20
105000105,16,195,-179
105000106,48,160,-112
105000107,67,45,22
105000108,102,39,63
105000109,96,154,-58
105000110,47,10,37
105000111,23,44,-21
105000112,129,28,101
105000113,14,19,-5
105000114,0,0,0
105000115,29,33,-4
105000116,7,8,-1
105000117,52,106,-54
105000118,7,3,4
105000119,43,81,-38
105000120,5,5,0
105000121,73,106,-33
105000122,14,76,-62
105000123,132,171,-39
105000124,57,147,-90
105000125,38,192,-154
105000126,174,317,-143
105000127,134,204,-70
105000128,28,162,-134
105000129,29,59,-30
105000130,0,0,0
105000131,32,70,-38
105000132,0,0,0
105000133,63,201,-138
105000134,0,0,0
105000135,55,97,-42
105000136,12,94,-82
105000137,0,0,0
105000138,65,88,-23
105000139,143,193,-50
105000140,0,0,0
105000141,33,141,-108
105000142,0,0,0
105000143,14,151,-137
105000144,49,157,-108
105000145,0,0,0
105000146,64,225,-161
105000147,0,0,0
105000148,0,0,0
105000149,0,0,0
105000150,307,303,4
105000151,12,18,-6
105000152,5,112,-107
105000153,15,17,-2
105000154,26,122,-96
105000155,5,33,-28
105000156,35,141,-106
105000157,84,310,-226
105000158,75,46,29
105000159,35,207,-172
105000160,43,52,-9
105000161,48,288,-240
105000162,9,46,-37
105000163,99,157,-58
105000164,71,31,40
105000165,37,110,-73
105000166,789,27,762
105000167,140,116,24
105000168,20,124,-104
105000169,24,123,-99
105000170,0,0,0
105000171,61,20,41
105000172,0,0,0
105000173,0,0,0
105000174,0,0,0
105000175,7,14,-7
105000176,8,15,-7
105000177,3,28,-25
105000178,0,0,0
105000179,11,18,-7
105000180,0,25,-25
105000181,0,0,0
105000182,3,15,-12
105000183,5,4,1
105000184,340,323,17
105000185,179,94,85
105000186,40,295,-255
105000187,85,21,64
105000188,8,10,-2
105000189,16,152,-136
105000190,0,0,0
105000191,61,214,-153
105000192,12,48,-36
105000193,33,25,8
105000194,35,23,12
105000195,23,176,-153
105000196,4,30,-26
105000197,13,128,-115
105000198,85,77,8
105000199,38,52,-14
105000200,4,35,-31
105000201,9,15,-6
105000203,1,21,-20
105000204,45,42,3
105000205,11,19,-8
105000207,122,95,27
105000208,0,0,0
105000209,22,165,-143
105000211,0,0,0
105000212,69,150,-81
105000213,0,0,0
105000214,0,0,0
105000215,2,33,-31
105000216,31,156,-125
105000217,15,132,-117
105000218,14,117,-103
105000221,7,29,-22
105000222,3,6,-3
105000223,7,32,-25
105000226,0,0,0
105000227,0,0,0
105000228,2,55,-53
105000229,0,0,0
105000231,0,0,0
105000233,46,53,-7
105000234,142,508,-366
105000235,7,15,-8
105000237,0,0,0
105000243,1,1,0
105000248,20,26,-6
105000262,20,179,-159
105000269,4,15,-11
105000270,13,12,1
105000271,0,8,-8
105000282,1,4,-3
105000287,5,2,3
105000288,9,63,-54
105000289,79,230,-151
105000290,0,0,0
105000402,300,113,187
105000426,39,53,-14
105000438,76,64,12
105000440,0,1,-1
105000446,855,895,-40
105000447,963,619,344
105000454,2,25,-23
105000455,0,0,0
105000474,0,0,0
105000477,0,0,0
105000478,97,145,-48
105000479,2,12,-10
105000480,337,325,12
105000481,455,283,172
105000482,1068,920,148
105000483,256,304,-48
105000484,391,811,-420
105000485,469,644,-175
105000486,783,689,94
105000488,412,657,-245
105000489,32,85,-53
105000549,0,0,0
105000550,118,294,-176
105000551,0,0,0
105000552,1474,553,921
105000555,19,27,-8
105000556,0,1,-1
105000557,0,0,0
105900001,0,0,0
105900002,1,5,-4
105900003,0,6,-6
105900004,49,17,32
105900005,0,30,-30
105900006,0,0,0
105900007,0,0,0
105900008,2,84,-82
105900009,0,0,0
105900011,0,0,0
105900012,0,0,0
105900013,0,0,0
105900014,0,0,0
105900015,3,27,-24
105900016,0,0,0
105900017,0,0,0
105900018,8,14,-6
105900019,0,0,0
105900020,1,5,-4
105900021,0,0,0
105900022,4,7,-3
105900023,0,0,0
105900024,0,0,0
105900025,0,0,0
105900026,1,1,0
105900027,0,0,0
105900028,0,21,-21
105900029,2,26,-24
105900030,12,17,-5
105900031,17,41,-24
105900032,0,9,-9
105900033,2,19,-17
105900034,4,27,-23
105900035,15,18,-3
105900036,3,3,0
105900037,3,6,-3
105900038,1,10,-9
105900039,2,8,-6
105900040,7,6,1
105900041,5,11,-6
105900042,4,6,-2
105900043,9,2,7
105900044,1,9,-8
105900045,0,27,-27
105900046,0,35,-35
105900047,1,4,-3
105900048,0,52,-52
105900050,0,0,0
105900051,0,0,0
105900052,0,0,0
105900053,210,8,202
105900054,3,13,-10
105900056,0,0,0
105900057,0,0,0
105900058,0,1,-1
105900059,0,0,0
106000001,231,119,112
106000002,572,1035,-463
106000003,564,304,260
106000004,408,571,-163
106000005,369,406,-37
106000006,1137,1053,84
106000007,133,58,75
106000008,127,180,-53
106000009,72,28,44
106000010,117,212,-95
106000011,34,50,-16
106000012,164,459,-295
106000013,154,150,4
106000014,523,542,-19
106000015,84,144,-60
106000016,469,735,-266
106000017,245,190,55
106000018,386,354,32
106000019,31,54,-23
106000020,41,225,-184
106000021,71,70,1
106000022,81,120,-39
106000023,61,27,34
106000024,156,275,-119
106000025,45,42,3
106000026,135,139,-4
106000027,56,68,-12
106000028,145,372,-227
106000029,406,625,-219
106000030,52,66,-14
106000034,149,120,29
106000035,58,93,-35
106000036,31,89,-58
106000037,236,319,-83
106000038,0,0,0
106000039,0,0,0
106000040,37,253,-216
106000041,55,64,-9
106000043,0,0,0
106000046,0,0,0
106000047,9,37,-28
106000049,23,7,16
106000050,51,325,-274
106000051,3,13,-10
106000052,20,288,-268
106000053,0,0,0
106000054,82,220,-138
106000055,0,0,0
106000056,115,255,-140
106000057,0,0,0
106000058,19,100,-81
106000059,0,3,-3
106000060,148,360,-212
106000061,2,5,-3
106000062,77,242,-165
106000063,4,2,2
106000064,8,144,-136
106000065,4,10,-6
106000066,22,101,-79
106000067,1,6,-5
106000068,2,205,-203
106000069,5,10,-5
106000070,47,202,-155
106000071,8,21,-13
106000072,390,505,-115
106000073,323,247,76
106000074,66,168,-102
106000075,36,184,-148
106000076,96,317,-221
106000077,290,333,-43
106000078,102,318,-216
106000079,58,200,-142
106000080,142,308,-166
106000081,22,181,-159
106000082,442,332,110
106000083,20,210,-190
106000084,91,319,-228
106000085,65,223,-158
106000086,31,134,-103
106000087,53,184,-131
106000088,5,173,-168
106000089,71,175,-104
106000090,3,235,-232
106000091,52,139,-87
106000092,1,22,-21
106000093,0,0,0
106000094,27,78,-51
106000095,41,165,-124
106000096,15,141,-126
106000097,54,230,-176
106000098,4,275,-271
106000099,8,284,-276
106000100,15,33,-18
106000101,15,25,-10
106000102,0,154,-154
106000103,12,57,-45
106000104,99,53,46
106000105,22,81,-59
106000106,59,39,20
106000107,10,63,-53
106000108,40,40,0
106000109,4,75,-71
106000110,19,23,-4
106000111,10,72,-62
106000112,23,37,-14
106000113,55,70,-15
106000114,36,28,8
106000115,25,63,-38
106000116,39,17,22
106000117,164,157,7
106000118,58,92,-34
106000119,392,206,186
106000120,0,0,0
106000121,3,3,0
106000122,1,30,-29
106000123,1,5,-4
106000124,3,20,-17
106000125,6,50,-44
106000126,1,2,-1
106000127,3,65,-62
106000128,3,3,0
106000129,54,103,-49
106000130,0,0,0
106000131,16,113,-97
106000132,0,0,0
106000133,524,172,352
106000134,0,0,0
106000135,36,168,-132
106000136,0,0,0
106000137,16,355,-339
106000138,0,0,0
106000139,0,0,0
106000140,5,89,-84
106000141,4,105,-101
106000142,0,0,0
106000143,2,90,-88
106000144,0,0,0
106000145,13,187,-174
106000146,0,0,0
106000147,68,73,-5
106000148,50,174,-124
106000149,52,79,-27
106000150,46,226,-180
106000151,518,113,405
106000152,91,57,34
106000153,29,110,-81
106000154,120,21,99
106000155,1,5,-4
106000156,19,34,-15
106000157,98,305,-207
106000158,262,59,203
106000159,521,251,270
106000160,11,155,-144
106000161,184,136,48
106000162,7,73,-66
106000163,23,121,-98
106000164,12,31,-19
106000165,19,179,-160
106000166,53,66,-13
106000167,34,347,-313
106000168,12,41,-29
106000169,10,139,-129
106000170,24,51,-27
106000171,9,163,-154
106000172,238,139,99
106000173,43,364,-321
106000174,8,95,-87
106000175,31,185,-154
106000176,33,33,0
106000177,55,462,-407
106000178,146,156,-10
106000179,88,409,-321
106000180,116,502,-386
106000181,24,474,-450
106000182,42,119,-77
106000183,32,125,-93
106000184,43,118,-75
106000185,28,187,-159
106000186,66,22,44
106000187,18,149,-131
106000188,0,1,-1
106000189,0,0,0
106000190,0,0,0
106000191,26,32,-6
106000192,0,13,-13
106000193,33,24,9
106000194,13,70,-57
106000195,4,5,-1
106000196,1,67,-66
106000197,25,38,-13
106000198,5,64,-59
106000199,116,61,55
106000200,63,52,11
106000201,44,34,10
106000202,763,89,674
106000203,3,36,-33
106000204,0,0,0
106000205,14,39,-25
106000206,0,0,0
106000207,9,250,-241
106000208,10,2,8
106000209,20,20,0
106000210,42,354,-312
106000211,88,475,-387
106000212,2,2,0
106000213,34,273,-239
106000214,178,28,150
106000215,9,31,-22
106000216,27,26,1
106000217,12,45,-33
106000218,36,38,-2
106000219,2,18,-16
106000220,27,23,4
106000221,11,101,-90
106000222,0,0,0
106000223,0,0,0
106000224,12,60,-48
106000225,0,0,0
106000226,15,105,-90
106000228,1,110,-109
106000229,10,240,-230
106000231,7,2,5
106000232,5,122,-117
106000233,4,8,-4
106000234,4,66,-62
106000235,2,4,-2
106000236,5,9,-4
106000237,0,2,-2
106000238,0,0,0
106000239,0,7,-7
106000240,0,0,0
106000241,8,266,-258
106000242,5,1,4
106000249,0,0,0
106000250,7,79,-72
106000251,0,0,0
106000252,2,38,-36
106000253,0,0,0
106000254,6,15,-9
106000255,0,0,0
106000256,22,34,-12
106000257,11,52,-41
106000258,0,0,0
106000259,0,1,-1
106000260,0,0,0
106000261,0,18,-18
106000262,0,0,0
106000263,0,11,-11
106000264,0,0,0
106000265,0,43,-43
106000266,0,0,0
106000267,0,22,-22
106000268,0,0,0
106000269,18,11,7
106000270,19,93,-74
106000271,0,0,0
106000272,2,5,-3
106000273,0,0,0
106000274,31,5,26
106000275,0,0,0
106000276,8,9,-1
106000277,1,0,1
106000278,19,8,11
106000279,16,11,5
106000280,2,11,-9
106000281,26,8,18
106000282,4,10,-6
106000283,1,8,-7
106000284,2,15,-13
106000285,5,11,-6
106000286,6,21,-15
106000287,5,14,-9
106000288,2,18,-16
106000289,3,13,-10
106000290,4,11,-7
106000291,4,6,-2
106000292,9,21,-12
106000293,9,6,3
106000294,12,9,3
106000295,1,11,-10
106000296,3,10,-7
106000297,15,9,6
106000298,8,6,2
106000299,5,8,-3
106000300,2,10,-8
106000301,3,14,-11
106000303,0,0,0
106000304,5,2,3
106000305,0,0,0
106000306,6,7,-1
106000307,0,0,0
106000308,3,33,-30
106000309,0,7,-7
106000310,18,74,-56
106000311,24,13,11
106000312,25,28,-3
106000313,18,25,-7
106000318,13,32,-19
106000319,51,0,51
106000320,0,0,0
106000321,2,0,2
106000322,4,43,-39
106000324,0,0,0
106000325,96,42,54
106000326,232,584,-352
106000327,0,0,0
106000328,0,0,0
106000329,1,27,-26
106000330,6,33,-27
106000428,16,55,-39
106000429,22,71,-49
106000430,66,200,-134
106000431,47,49,-2
106000432,235,555,-320
106000433,142,109,33
106000434,161,37,124
106000435,564,692,-128
106000436,4,91,-87
106000437,0,0,0
106000438,0,0,0
106000439,5,75,-70
106000440,22,34,-12
106000441,0,0,0
106000442,0,0,0
106000443,3,22,-19
106000450,3,47,-44
106000451,0,0,0
106000454,0,13,-13
106000455,0,83,-83
106000456,0,0,0
106000457,5,312,-307
106000458,0,0,0
106000459,9,115,-106
106000460,0,0,0
106000461,12,438,-426
106000462,0,10,-10
106000463,0,0,0
106000464,6,128,-122
106000465,0,0,0
106000466,2,191,-189
106000467,150,138,12
106000468,0,2,-2
106000469,0,0,0
106000470,47,161,-114
106000471,3,123,-120
106000472,0,0,0
106000473,6,4,2
106000474,114,276,-162
106000475,27,30,-3
106000476,9,11,-2
106000477,21,73,-52
106000480,0,50,-50
106900001,0,0,0
106900002,0,0,0
106900003,0,0,0
106900004,0,1,-1
106900006,0,0,0
106900007,0,1,-1
106900008,0,0,0
106900009,0,0,0
106900010,0,0,0
106900012,0,0,0
106900013,0,0,0
106900014,0,0,0
106900015,0,0,0
106900016,0,0,0
106900017,0,0,0
106900018,0,0,0
106900019,0,0,0
106900020,0,0,0
106900021,0,0,0
106900022,0,0,0
106900023,0,0,0
106900024,0,0,0
106900025,0,0,0
106900026,0,0,0
106900027,0,0,0
107000001,300,398,-98
107000002,952,1747,-795
107000003,699,755,-56
107000004,1520,2273,-753
107000005,214,396,-182
107000006,899,2132,-1233
107000007,652,680,-28
107000008,7025,5018,2007
107000009,350,420,-70
107000010,7659,3482,4177
107000011,361,318,43
107000012,577,638,-61
107000013,17,116,-99
107000014,7,125,-118
107000015,79,356,-277
107000016,101,414,-313
107000017,132,94,38
107000018,0,49,-49
107000020,71,40,31
107000021,213,212,1
107000022,38,305,-267
107000023,239,113,126
107000024,61,524,-463
107000025,33,73,-40
107000026,29,176,-147
107000027,385,99,286
107000028,190,309,-119
107000029,208,99,109
107000030,236,623,-387
107000031,142,172,-30
107000032,6,27,-21
107000033,434,902,-468
107000034,556,423,133
107000035,6,4,2
107000036,30,128,-98
107000037,6,17,-11
107000038,58,133,-75
107000039,0,0,0
107000040,37,94,-57
107000041,134,51,83
107000042,108,362,-254
107000043,176,85,91
107000044,161,222,-61
107000045,15,115,-100
107000046,35,28,7
107000047,52,264,-212
107000048,27,42,-15
107000049,45,163,-118
107000050,25,59,-34
107000051,53,95,-42
107000052,133,49,84
107000053,10,24,-14
107000054,13,149,-136
107000055,61,15,46
107000056,121,325,-204
107000057,210,36,174
107000058,0,0,0
107000059,247,973,-726
107000060,32,45,-13
107000061,984,1148,-164
107000062,17,26,-9
107000063,683,1283,-600
107000064,25,48,-23
107000065,658,1511,-853
107000066,19,27,-8
107000067,19,20,-1
107000068,0,0,0
107000069,0,0,0
107000070,1,10,-9
107000071,0,0,0
107000072,15,805,-790
107000073,0,0,0
107000074,49,270,-221
107000075,0,0,0
107000076,154,909,-755
107000077,0,0,0
107000078,201,995,-794
107000079,0,0,0
107000080,180,870,-690
107000081,10,3,7
107000082,39,768,-729
107000083,3,10,-7
107000084,54,659,-605
107000085,467,433,34
107000086,331,580,-249
107000087,281,285,-4
107000088,286,611,-325
107000089,67,109,-42
107000090,211,339,-128
107000091,57,122,-65
107000092,103,300,-197
107000093,70,143,-73
107000094,143,295,-152
107000095,0,0,0
107000096,202,381,-179
107000097,0,0,0
107000098,153,290,-137
107000099,0,0,0
107000100,69,113,-44
107000101,0,0,0
107000102,84,124,-40
107000103,0,0,0
107000104,52,119,-67
107000105,2,0,2
107000106,31,95,-64
107000107,5,1,4
107000108,30,218,-188
107000109,0,0,0
107000110,5,135,-130
107000111,0,0,0
107000112,2,105,-103
107000113,0,0,0
107000114,16,150,-134
107000115,0,0,0
107000116,14,271,-257
107000117,0,0,0
107000118,15,90,-75
107000119,122,44,78
107000120,230,202,28
107000121,19,10,9
107000122,107,296,-189
107000123,17,14,3
107000124,76,314,-238
107000125,16,13,3
107000126,77,404,-327
107000129,40,332,-292
107000130,0,0,0
107000131,76,203,-127
107000132,0,0,0
107000133,5,1,4
107000134,2,0,2
107000135,0,11,-11
107000136,10,0,10
107000137,0,22,-22
107000138,4,0,4
107000139,0,14,-14
107000140,39,2,37
107000141,11,47,-36
107000142,13,3,10
107000143,0,68,-68
107000144,6,3,3
107000145,6,29,-23
107000146,1,0,1
107000147,451,66,385
107000150,6,11,-5
107000151,1,9,-8
107000152,2,56,-54
107000153,7,39,-32
107000154,2,1,1
107000155,17,3,14
107000156,50,0,50
107000157,0,217,-217
107000158,18,0,18
107000159,1,75,-74
107000160,19,2,17
107000161,1,81,-80
107000162,29,17,12
107000163,0,1,-1
107000164,0,0,0
107000165,0,0,0
107000166,13,246,-233
107000167,23,18,5
107000168,67,5,62
107000169,51,345,-294
107000170,38,12,26
107000171,37,698,-661
107000172,24,25,-1
107000173,146,186,-40
107000174,72,128,-56
107000175,1103,369,734
107000176,0,0,0
107000177,0,0,0
107000178,0,0,0
107000179,53,794,-741
107000180,0,0,0
107000181,66,327,-261
107000182,3,77,-74
107000183,15,245,-230
107000184,8,82,-74
107000185,25,339,-314
107000186,0,0,0
107000187,51,40,11
107000188,58,61,-3
107000189,9,35,-26
107000190,32,86,-54
107000191,16,82,-66
107000192,114,91,23
107000193,2,2,0
107000194,115,123,-8
107000197,0,0,0
107000198,54,213,-159
107000199,185,161,24
107000200,0,0,0
107000201,63,69,-6
107000202,0,0,0
107000203,115,107,8
107000204,9,9,0
107000205,1233,382,851
107000206,0,0,0
107000207,15,8,7
107000208,30,4,26
107000209,39,4,35
107000210,158,35,123
107000211,0,0,0
107000212,0,52,-52
107000213,0,0,0
107000214,1,6,-5
107000215,3,10,-7
107000216,1,23,-22
107000217,0,5,-5
107000219,3,1,2
107000220,0,18,-18
107000222,28,124,-96
107000224,0,0,0
107000225,26,58,-32
107000226,0,0,0
107000227,19,73,-54
107000228,2,29,-27
107000229,1,5,-4
107000230,355,203,152
107000231,6,29,-23
107000232,0,0,0
107000233,20,15,5
107000234,0,0,0
107000235,0,1,-1
107000236,5,216,-211
107000237,0,0,0
107000238,0,2,-2
107000239,32,1,31
107000240,3,195,-192
107000243,0,40,-40
107000244,0,50,-50
107000246,0,345,-345
107000249,1,190,-189
107000251,1,54,-53
107000252,1,336,-335
107000255,42,20,22
107000257,0,58,-58
107000258,0,2,-2
107000259,0,24,-24
107000260,0,0,0
107000262,1,44,-43
107000263,0,0,0
107000266,0,0,0
107000267,0,6,-6
107000268,3,11,-8
107000269,0,1,-1
107000270,0,0,0
107000271,0,107,-107
107000272,0,55,-55
107000273,2,32,-30
107000274,18,24,-6
107000275,2,44,-42
107000280,10,0,10
107000281,1,63,-62
107000282,1,161,-160
107000290,1,10,-9
107000291,0,0,0
107000292,0,6,-6
107000293,0,0,0
107000294,0,6,-6
107000295,0,0,0
107000296,0,0,0
107000444,15,2,13
107000496,0,0,0
107000497,151,932,-781
107000500,0,0,0
107000501,0,0,0
107000502,0,0,0
107000505,71,277,-206
107000506,0,0,0
107000508,0,132,-132
107000509,19,12,7
107000510,0,0,0
107000514,1,16,-15
107000515,0,22,-22
107000516,0,0,0
107000518,0,0,0
107000519,158,537,-379
107000520,0,0,0
107000521,151,207,-56
107000522,1,76,-75
107900001,0,0,0
107900002,0,0,0
107900003,4,0,4
107900004,0,0,0
107900005,21,0,21
107900006,0,0,0
107900007,1,0,1
107900008,7,6,1
107900009,0,0,0
107900010,0,0,0
107900012,15,0,15
107900013,6,5,1
107900014,0,0,0
107900015,14,0,14
107900016,15,3,12
107900017,0,0,0
107900018,0,1,-1
107900019,0,5,-5
107900020,0,0,0
107900021,0,14,-14
107900023,0,0,0
107900024,0,0,0
107900025,10,12,-2
107900026,0,17,-17
107900027,0,0,0
107900028,0,11,-11
107900030,5,1,4
107900031,1,22,-21
107900032,0,0,0
107900033,1,3,-2
107900034,18,0,18
107900035,17,1,16
107900036,0,0,0
107900037,0,0,0
107900038,4,5,-1
107900039,0,8,-8
107900040,0,0,0
107900041,0,0,0
107900043,2,15,-13
107900044,0,0,0
107900045,2,0,2
107900046,3,1,2
107900047,0,0,0
107900048,5,0,5
107900049,19,8,11
107900050,25,27,-2
107900051,2,5,-3
107900052,0,0,0
107900053,0,4,-4
107900055,10,28,-18
107900056,0,0,0
107900057,0,0,0
107900058,0,50,-50
107900060,0,0,0
107900061,0,0,0
107900063,6,8,-2
107900064,3,0,3
107900065,9,1,8
107900066,0,0,0
107900067,0,0,0
107900068,1,1,0
107900069,0,6,-6
107900070,1,0,1
107900071,2,120,-118
107900072,0,8,-8
107900073,0,0,0
107900074,0,0,0
107900076,1,12,-11
107900077,0,0,0
107900079,1,0,1
107900080,3,7,-4
107900081,0,0,0
107900082,0,0,0
107900083,25,26,-1
107900084,3,5,-2
107900086,10,11,-1
107900087,55,5,50
107900088,0,0,0
107900089,22,34,-12
107900090,3,12,-9
107900091,5,24,-19
107900093,0,0,0
107900095,157,39,118
107900097,0,9,-9
107900098,3,5,-2
107900100,131,45,86
107900101,103,14,89
107900102,0,0,0
107900103,6,11,-5
107900104,0,0,0
107900105,1,97,-96
107900106,0,234,-234
107900107,68,16,52
107900108,13,1,12
107900109,0,0,0
107900110,0,15,-15
107900111,1,167,-166
107900112,4,47,-43
107900113,0,0,0
107900114,0,15,-15
107900115,0,0,0
107900116,0,18,-18
107900117,19,25,-6
107900118,10,14,-4
107900119,0,4,-4
107900120,0,0,0
107900121,0,4,-4
107900122,0,2,-2
107900123,0,9,-9
107900124,0,0,0
107900125,2,25,-23
107900126,0,3,-3
107900127,46,4,42
107900128,0,3,-3
107900129,1,8,-7
107900130,0,0,0
107900131,4,3,1
107900132,12,44,-32
107900133,0,2,-2
107900134,0,0,0
107900135,0,22,-22
107900136,2,1,1
107900137,1,1,0
107900138,1,5,-4
107900139,0,0,0
107900141,3,3,0
107900142,9,73,-64
107900143,4,0,4
107900144,0,23,-23
107900145,1,4,-3
107900146,0,5,-5
107900147,1,3,-2
107900148,19,14,5
107900149,121,11,110
107900150,6,44,-38
107900151,1,19,-18
107900152,1,9,-8
107900153,7,4,3
107900154,0,0,0
107900155,0,0,0
107900156,0,0,0
107900157,3,15,-12
107900158,35,1,34
107900159,7,113,-106
107900160,0,20,-20
107900161,0,37,-37
107900162,0,7,-7
107900163,0,0,0
107900164,1,1,0
107900165,2,1,1
107900166,2,58,-56
107900167,0,0,0
107900168,0,10,-10
107900169,0,24,-24
107900171,1,189,-188
107900172,0,40,-40
107900173,0,33,-33
107900174,5,1,4
107900175,0,0,0
107900176,0,3,-3
107900177,0,11,-11
107900178,0,26,-26
107900179,0,13,-13
107900180,12,1,11
107900181,87,58,29
107900182,0,204,-204
107900183,1,64,-63
107900184,0,0,0
107900185,3,5,-2
107900186,1,2,-1
107900187,0,21,-21
107900188,24,5,19
107900189,0,6,-6
107900190,3,1,2
107900191,2,27,-25
107900193,0,11,-11
107900194,4,0,4
107900195,308,22,286
107900196,0,0,0
107900197,13,0,13
107900199,0,125,-125
107900201,11,25,-14
107900203,0,21,-21
107900204,52,37,15
107900206,6,3,3
107900207,0,81,-81
107900208,0,123,-123
107900209,15,11,4
107900210,6,10,-4
107900213,44,46,-2
107900214,2,36,-34
107900215,30,81,-51
107900216,8,3,5
107900217,0,0,0
107900218,0,92,-92
107900219,1,7,-6
107900220,39,11,28
107900221,52,36,16
107900223,0,0,0
107900224,13,52,-39
107900225,0,33,-33
107900226,1,3,-2
107900227,3,66,-63
107900228,0,45,-45
107900229,0,65,-65
107900230,0,9,-9
107900231,0,0,0
107900232,2,26,-24
107900233,1,10,-9
107900234,5,32,-27
107900235,2,27,-25
107900236,0,26,-26
107900237,1,127,-126
107900238,0,0,0
107900239,106,61,45
107900240,0,14,-14
107900241,0,5,-5
107900242,1,57,-56
107900243,0,0,0
107900244,0,0,0
107900245,1,0,1
107900246,0,0,0
107900248,6,77,-71
107900249,0,0,0
107900250,0,68,-68
107900251,1,138,-137
107900252,0,0,0
107900253,0,0,0
107900254,0,3,-3
107900255,48,1,47
107900256,2,31,-29
107900257,2,0,2
107900258,0,12,-12
107900259,0,1,-1
107900261,0,67,-67
107900262,0,0,0
107900264,0,0,0
107900265,0,8,-8
107900267,1,0,1
107900268,0,0,0
107900269,0,0,0
107900270,0,0,0
107900271,0,0,0
107900272,0,0,0
107900273,0,31,-31
107900274,0,0,0
107900275,0,0,0
107900276,1,9,-8
107900277,0,32,-32
107900278,0,40,-40
107900279,5,5,0
107900280,1,43,-42
107900281,129,57,72
107900282,5,3,2
107900283,17,6,11
107900284,7,140,-133
107900285,0,13,-13
107900286,4,2,2
107900287,4,3,1
107900290,0,14,-14
107900291,35,2,33
107900292,2,31,-29
107900293,1,31,-30
107900295,1,14,-13
107900297,1,67,-66
107900298,36,62,-26
107900299,530,99,431
107900301,11,23,-12
107900302,4,2,2
107900303,0,37,-37
107900304,12,91,-79
107900305,10,0,10
107900306,0,0,0
107900307,4,73,-69
107900308,27,2,25
107900309,0,0,0
107900310,0,0,0
107900311,0,3,-3
107900312,0,0,0
107900313,0,1,-1
107900314,0,2,-2
107900315,0,1,-1
107900316,0,0,0
107900317,3,0,3
107900318,0,9,-9
107900319,1,30,-29
107900320,0,22,-22
107900321,0,0,0
107900322,0,20,-20
107900323,1,22,-21
107900324,3,0,3
107900325,3,0,3
107900326,0,93,-93
107900327,0,0,0
107900328,0,0,0
107900329,0,0,0
107900330,0,29,-29
107900331,1,1,0
107900332,3,2,1
107900333,4,0,4
107900334,1,33,-32
107900335,9,16,-7
107900336,0,5,-5
107900337,119,25,94
107900338,0,35,-35
107900339,0,14,-14
107900340,0,2,-2
107900341,0,0,0
107900342,6,19,-13
107900343,0,0,0
107900344,0,22,-22
107900345,0,1,-1
107900346,0,0,0
107900347,0,0,0
107900348,0,0,0
107900349,0,0,0
107900350,14,49,-35
107900351,0,26,-26
107900352,0,4,-4
107900353,0,0,0
107900354,0,17,-17
108000001,380,412,-32
108000002,981,1636,-655
108000003,352,250,102
108000004,5509,6458,-949
108000005,372,305,67
108000006,983,2480,-1497
108000007,395,462,-67
108000008,1109,2371,-1262
108000009,170,496,-326
108000010,605,2127,-1522
108000011,1408,882,526
108000012,5632,5780,-148
108000014,11,36,-25
108000015,6,31,-25
108000016,49,355,-306
108000017,7,45,-38
108000018,4,38,-34
108000019,1,61,-60
108000020,0,0,0
108000021,114,701,-587
108000022,85,313,-228
108000023,0,0,0
108000024,10,122,-112
108000025,5,108,-103
108000026,16,96,-80
108000027,14,214,-200
108000028,8,97,-89
108000029,10,251,-241
108000030,3,70,-67
108000031,11,269,-258
108000032,0,0,0
108000033,125,430,-305
108000034,0,0,0
108000035,136,990,-854
108000036,74,445,-371
108000037,76,23,53
108000038,39,28,11
108000039,68,618,-550
108000040,34,14,20
108000041,186,785,-599
108000042,2,67,-65
108000043,14,145,-131
108000044,1,44,-43
108000045,27,357,-330
108000046,0,0,0
108000047,68,461,-393
108000048,38,239,-201
108000049,21,12,9
108000050,14,141,-127
108000051,13,9,4
108000052,48,152,-104
108000053,26,25,1
108000054,38,141,-103
108000055,34,18,16
108000056,226,285,-59
108000057,7,66,-59
108000058,17,210,-193
108000059,620,333,287
108000060,2,7,-5
108000061,80,163,-83
108000062,11,7,4
108000063,36,141,-105
108000064,0,0,0
108000065,66,137,-71
108000066,185,62,123
108000067,42,39,3
108000068,0,0,0
108000069,51,469,-418
108000070,0,0,0
108000071,121,631,-510
108000072,0,0,0
108000073,182,593,-411
108000074,0,0,0
108000075,27,245,-218
108000076,0,0,0
108000077,110,292,-182
108000078,16,25,-9
108000079,371,572,-201
108000080,3,9,-6
108000081,56,763,-707
108000082,174,434,-260
108000083,18,9,9
108000084,65,273,-208
108000085,2,3,-1
108000086,115,170,-55
108000087,0,20,-20
108000088,12,0,12
108000089,13,24,-11
108000091,9,245,-236
108000092,0,0,0
108000093,49,286,-237
108000094,0,0,0
108000095,43,160,-117
108000096,0,0,0
108000097,25,198,-173
108000098,32,65,-33
108000099,40,39,1
108000100,6,31,-25
108000101,0,1,-1
108000102,43,170,-127
108000106,0,0,0
108000107,1,149,-148
108000108,0,0,0
108000109,0,162,-162
108000110,12,51,-39
108000111,44,380,-336
108000112,0,0,0
108000113,22,15,7
108000115,44,18,26
108000117,56,38,18
108000118,7,71,-64
108000119,69,145,-76
108000120,1,83,-82
108000121,2,144,-142
108000122,4,42,-38
108000123,7,0,7
108000124,22,289,-267
108000125,2,1,1
108000126,16,270,-254
108000127,1,1,0
108000128,29,295,-266
108000129,18,579,-561
108000130,1,1,0
108000131,1,0,1
108000132,157,300,-143
108000133,1,0,1
108000134,104,486,-382
108000135,16,0,16
108000136,38,658,-620
108000137,0,0,0
108000138,17,80,-63
108000139,0,6,-6
108000140,40,3,37
108000141,5,28,-23
108000142,17,65,-48
108000143,5,66,-61
108000144,11,15,-4
108000145,10,55,-45
108000146,7,2,5
108000147,1,54,-53
108000148,2,1,1
108000149,4,16,-12
108000150,3,0,3
108000151,5,2,3
108000152,13,40,-27
108000153,0,8,-8
108000154,10,9,1
108000155,5,8,-3
108000156,81,22,59
108000157,1,27,-26
108000158,22,75,-53
108000159,35,2,33
108000160,298,117,181
108000161,141,188,-47
108000165,0,0,0
108000172,0,0,0
108000173,192,10,182
108000175,0,39,-39
108000178,112,133,-21
108000179,0,0,0
108000181,3,0,3
108000182,12,10,2
108000183,4,26,-22
108000184,77,134,-57
108000185,4,137,-133
108000186,1,39,-38
108000187,2,79,-77
108000188,12,12,0
108000189,25,52,-27
108000190,10,55,-45
108000192,14,93,-79
108000193,80,5,75
108000194,0,1,-1
108000195,1,544,-543
108000196,0,21,-21
108000198,74,65,9
108000199,0,59,-59
108000200,18,29,-11
108000203,8,158,-150
108000204,14,5,9
108000205,58,37,21
108000339,36,28,8
108000364,27,24,3
108000365,1,25,-24
108000367,1,18,-17
108000368,2,18,-16
108000369,145,27,118
108000371,0,167,-167
108000372,0,0,0
108000373,0,0,0
108000376,8,0,8
108000377,9,0,9
108000378,1922,953,969
108000379,2,41,-39
108000381,0,0,0
108000382,0,0,0
108000383,0,21,-21
108900001,5,27,-22
108900002,9,2,7
108900003,14,74,-60
108900004,88,29,59
108900007,1,15,-14
108900008,2,19,-17
108900009,3,21,-18
108900010,4,14,-10
108900011,8,38,-30
108900012,6,73,-67
108900013,5,34,-29
108900014,0,5,-5
108900015,0,0,0
108900016,0,23,-23
108900017,13,4,9
108900018,4,51,-47
108900019,0,114,-114
108900020,1,21,-20
108900021,4,19,-15
108900022,0,0,0
108900023,0,2,-2
108900024,0,10,-10
108900025,0,0,0
108900026,3,7,-4
108900027,0,33,-33
108900028,2,62,-60
108900029,0,11,-11
108900030,0,12,-12
108900031,0,63,-63
108900032,0,18,-18
108900033,0,10,-10
108900034,0,5,-5
108900035,7,156,-149
108900038,0,29,-29
108900039,0,27,-27
108900040,0,9,-9
108900041,305,60,245
108900042,0,21,-21
108900043,2,22,-20
108900044,0,103,-103
108900045,0,27,-27
108900046,0,86,-86
108900047,0,15,-15
108900048,2,34,-32
108900049,166,22,144
108900050,0,18,-18
108900051,0,33,-33
108900052,1,31,-30
108900053,3,1,2
108900054,1,4,-3
108900055,3,22,-19
108900056,1,29,-28
108900057,0,27,-27
108900058,3,34,-31
108900059,7,0,7
108900060,0,0,0
108900061,2,0,2
108900062,1,41,-40
108900063,0,26,-26
108900064,0,0,0
108900065,0,10,-10
108900066,0,0,0
108900067,1,34,-33
108900068,0,10,-10
108900069,0,4,-4
108900070,0,10,-10
108900071,0,0,0
108900072,9,0,9
108900073,0,14,-14
108900074,0,17,-17
108900075,2,6,-4
108900076,0,0,0
108900077,5,28,-23
108900078,0,3,-3
108900079,9,5,4
108900080,0,0,0
108900081,9,25,-16
108900082,0,2,-2
108900083,0,0,0
108900085,56,7,49
108900086,0,6,-6
108900087,8,4,4
108900088,0,0,0
108900089,0,0,0
108900090,0,13,-13
108900091,3,4,-1
108900092,0,0,0
108900093,0,0,0
108900094,5,3,2
108900095,1,23,-22
108900096,22,0,22
108900097,2,51,-49
108900098,9,0,9
108900099,0,41,-41
108900100,3,4,-1
108900101,0,0,0
108900102,1,6,-5
108900103,0,0,0
108900105,0,0,0
108900106,1,54,-53
108900108,0,0,0
108900109,0,0,0
108900110,0,30,-30
108900111,3,55,-52
108900113,0,0,0
108900114,0,0,0
108900115,0,0,0
108900116,0,0,0
108900117,0,0,0
108900118,0,0,0
108900119,0,0,0
108900120,0,0,0
108900121,0,0,0
108900122,0,0,0
108900123,0,0,0
108900124,0,0,0
108900125,0,0,0
108900126,1,0,1
108900127,0,0,0
108900128,0,0,0
108900129,0,1,-1
108900130,0,0,0
108900131,0,0,0
108900132,0,0,0
108900133,0,0,0
108900134,0,0,0
108900135,0,0,0
108900136,0,0,0
108900137,0,0,0
108900138,0,0,0
108900140,0,0,0
108900141,0,0,0
108900142,0,0,0
108900143,0,0,0
108900144,0,0,0
108900145,0,0,0
108900146,0,0,0
108900147,1,0,1
108900148,0,0,0
108900150,0,0,0
108900151,0,0,0
108900152,1,0,1
108900153,0,22,-22
108900154,1,5,-4
108900156,0,0,0
108900157,0,21,-21
108900158,0,0,0
108900159,0,8,-8
108900160,0,12,-12
108900161,0,27,-27
108900162,0,0,0
108900163,0,1,-1
108900164,0,7,-7
108900168,366,20,346
108900169,3,11,-8
108900171,144,94,50
108900172,0,0,0
108900173,8,20,-12
108900174,0,0,0
108900176,6,35,-29
108900177,403,41,362
108900178,161,14,147
108900180,0,0,0
108900183,11,12,-1
108900184,0,2,-2
108900185,2,32,-30
108900186,3,31,-28
108900189,0,0,0
108900190,1,214,-213
108900192,2,23,-21
108900195,0,30,-30
108900196,0,50,-50
108900199,8,33,-25
108900200,35,63,-28
108900201,5,77,-72
108900203,5,0,5
108900204,3,0,3
108900205,0,0,0
108900206,0,0,0
108900207,0,0,0
108900208,7,32,-25
108900209,9,68,-59
108900210,3,4,-1
108900211,0,0,0
108900212,11,7,4
108900215,4,47,-43
108900216,0,5,-5
108900217,0,0,0
108900218,0,0,0
108900221,2,3,-1
108900224,3,3,0
108900225,1,8,-7
108900227,2,1,1
108900230,11,21,-10
108900232,1,27,-26
108900233,0,0,0
108900234,0,0,0
108900235,3,23,-20
108900236,1,11,-10
108900240,0,4,-4
108900241,0,0,0
108900245,0,0,0
108900250,0,12,-12
108900258,0,3,-3
108900259,0,1,-1
108900260,0,5,-5
108900261,4,4,0
108900262,0,1,-1
108900263,0,0,0
108900264,0,0,0
108900265,0,0,0
108900266,0,0,0
108900267,0,0,0
108900268,0,0,0
108900269,0,0,0
108900270,0,0,0
108900271,0,0,0
108900272,0,0,0
108900273,0,0,0
108900274,6,3,3
109000001,393,66,327
109000002,1652,383,1269
109000003,232,73,159
109000004,257,1133,-876
109000005,144,130,14
109000006,244,1059,-815
109000007,97,86,11
109000008,155,772,-617
109000009,447,161,286
109000010,503,1675,-1172
109000011,319,180,139
109000012,565,1619,-1054
109000013,401,194,207
109000014,333,1707,-1374
109000015,530,297,233
109000016,1650,2203,-553
109000017,191,190,1
109000018,301,1984,-1683
109000019,279,122,157
109000020,514,921,-407
109000023,0,0,0
109000024,2,27,-25
109000025,148,51,97
109000026,43,44,-1
109000027,19,47,-28
109000028,9,17,-8
109000029,52,19,33
109000030,15,120,-105
109000031,0,0,0
109000032,1,107,-106
109000033,0,0,0
109000034,0,8,-8
109000035,0,0,0
109000036,26,119,-93
109000037,7,29,-22
109000038,224,97,127
109000039,75,9,66
109000040,218,87,131
109000041,848,188,660
109000042,61,199,-138
109000044,1,8,-7
109000045,27,158,-131
109000046,0,8,-8
109000047,25,267,-242
109000048,5,3,2
109000049,76,364,-288
109000050,2,0,2
109000051,167,182,-15
109000052,20,169,-149
109000053,1,2,-1
109000054,8,66,-58
109000055,5,24,-19
109000056,15,46,-31
109000057,15,29,-14
109000058,101,9,92
109000059,8,155,-147
109000060,46,2,44
109000061,176,51,125
109000062,8,2,6
109000063,20,21,-1
109000064,1,0,1
109000065,11,25,-14
109000066,5,0,5
109000067,5,46,-41
109000068,0,1,-1
109000069,0,0,0
109000070,2,245,-243
109000071,96,9,87
109000072,3,36,-33
109000073,12,36,-24
109000074,2,35,-33
109000075,22,282,-260
109000076,4,13,-9
109000077,34,45,-11
109000078,7,10,-3
109000079,10,42,-32
109000080,2,8,-6
109000081,9,78,-69
109000082,3,56,-53
109000083,5,139,-134
109000088,7,30,-23
109000089,6,6,0
109000090,21,64,-43
109000091,21,6,15
109000092,33,137,-104
109000093,46,5,41
109000094,10,1,9
109000095,5,141,-136
109000096,18,2,16
109000097,9,19,-10
109000098,0,0,0
109000099,40,33,7
109000100,7,175,-168
109000101,68,64,4
109000102,15,331,-316
109000103,35,127,-92
109000104,85,36,49
109000105,24,566,-542
109000106,98,44,54
109000107,42,505,-463
109000108,70,57,13
109000109,100,428,-328
109000110,106,76,30
109000111,223,499,-276
109000112,18,21,-3
109000113,35,78,-43
109000114,3,46,-43
109000115,26,15,11
109000116,2,104,-102
109000117,8,8,0
109000118,1,76,-75
109000119,13,28,-15
109000120,7,293,-286
109000121,13,17,-4
109000122,8,291,-283
109000123,2,21,-19
109000124,73,71,2
109000125,39,81,-42
109000126,48,403,-355
109000127,37,14,23
109000128,21,617,-596
109000129,11,16,-5
109000130,162,777,-615
109000131,48,37,11
109000132,177,428,-251
109000133,24,314,-290
109000134,67,644,-577
109000135,123,442,-319
109000136,10,8,2
109000137,28,38,-10
109000138,5,10,-5
109000139,38,67,-29
109000140,2,13,-11
109000141,22,156,-134
109000142,14,68,-54
109000143,5,7,-2
109000145,33,25,8
109000146,2,1,1
109000148,649,48,601
109000149,30,23,7
109000150,0,1,-1
109000155,37,149,-112
109000156,166,123,43
109000158,2,84,-82
109000159,14,82,-68
109000160,104,72,32
109000161,19,201,-182
109000162,162,217,-55
109000163,38,163,-125
109000164,133,444,-311
109000165,47,154,-107
109000166,41,38,3
109000167,15,76,-61
109000170,0,0,0
109000171,0,1,-1
109000172,0,0,0
109000173,2,0,2
109000174,1,0,1
109000175,0,0,0
109000176,12,80,-68
109000177,0,0,0
109000178,11,21,-10
109000179,568,131,437
109000180,820,373,447
109000181,6,15,-9
109000182,2,9,-7
109000183,0,17,-17
109000184,7,11,-4
109000185,0,6,-6
109000188,2,82,-80
109000189,71,142,-71
109000190,58,204,-146
109000191,0,0,0
109000192,4,12,-8
109000193,16,45,-29
109000194,1,4,-3
109000195,5,59,-54
109000196,1,3,-2
109000197,6,75,-69
109000198,3,1,2
109000199,7,98,-91
109000206,26,11,15
109000207,8,8,0
109000208,23,11,12
109000209,6,8,-2
109000210,31,61,-30
109000211,8,11,-3
109000214,12,40,-28
109000215,0,3,-3
109000216,10,13,-3
109000217,20,7,13
109000218,25,8,17
109000221,11,133,-122
109000222,24,1,23
109000223,35,46,-11
109000224,0,7,-7
109000225,1,7,-6
109000226,6,43,-37
109000227,22,101,-79
109000228,2,114,-112
109000231,0,71,-71
109000232,6,56,-50
109000236,23,350,-327
109000241,189,284,-95
109000242,41,109,-68
109000293,0,0,0
109000361,5,18,-13
109000364,9,61,-52
109000396,1,154,-153
109000397,18,0,18
109000399,40,79,-39
109000400,12,88,-76
109000403,1,13,-12
109000406,26,4,22
109000407,6,16,-10
109000408,1,100,-99
109000410,148,51,97
109000411,0,0,0
109900001,0,0,0
109900002,0,0,0
109900003,0,0,0
109900004,22,14,8
109900005,0,0,0
109900006,0,13,-13
109900007,0,95,-95
109900008,0,3,-3
109900009,5,80,-75
109900010,0,0,0
109900011,6,0,6
109900012,7,17,-10
109900013,17,5,12
109900014,3,4,-1
109900015,10,4,6
109900016,4,10,-6
109900017,1,7,-6
109900018,4,24,-20
109900019,6,9,-3
109900020,0,0,0
109900021,1,0,1
109900022,0,26,-26
109900023,0,0,0
109900024,0,0,0
109900025,0,7,-7
109900026,0,5,-5
109900027,0,0,0
109900028,143,21,122
109900029,1,11,-10
109900030,0,0,0
109900031,0,9,-9
109900032,0,31,-31
109900033,0,0,0
109900034,1,0,1
109900035,0,1,-1
109900036,0,10,-10
109900037,0,66,-66
109900038,0,0,0
109900039,0,0,0
109900040,1,91,-90
109900041,0,55,-55
109900042,0,45,-45
109900044,4,22,-18
109900045,0,1,-1
109900046,0,7,-7
109900047,11,20,-9
109900048,1,8,-7
109900049,0,4,-4
109900050,0,31,-31
109900051,0,2,-2
109900052,0,40,-40
109900053,0,57,-57
109900054,0,0,0
109900055,0,23,-23
109900056,0,0,0
109900057,0,13,-13
109900058,0,9,-9
109900059,0,0,0
109900060,0,0,0
109900061,14,42,-28
109900062,0,21,-21
109900063,0,19,-19
109900064,10,13,-3
109900065,3,4,-1
109900066,28,78,-50
109900067,0,36,-36
109900068,0,0,0
109900069,0,2,-2
109900070,6,20,-14
109900071,0,3,-3
109900072,4,31,-27
109900073,0,27,-27
109900074,0,18,-18
109900075,0,0,0
109900076,1,220,-219
109900077,5,5,0
109900078,0,14,-14
109900080,5,20,-15
109900081,0,4,-4
109900082,3,35,-32
109900083,0,4,-4
109900084,0,9,-9
109900085,4,57,-53
109900086,0,0,0
109900087,7,25,-18
109900089,0,0,0
109900090,14,38,-24
109900091,0,0,0
109900092,0,0,0
109900093,0,0,0
109900094,5,11,-6
109900095,1,5,-4
109900096,0,0,0
109900097,0,0,0
109900098,0,0,0
109900099,0,0,0
109900100,0,0,0
109900101,0,0,0
109900102,0,0,0
109900103,0,5,-5
109900104,1,185,-184
109900105,0,0,0
109900106,0,0,0
109900107,0,0,0
109900108,3,31,-28
109900109,0,28,-28
109900110,1,22,-21
109900111,4,76,-72
109900112,10,44,-34
109900113,0,0,0
109900114,0,0,0
109900115,0,0,0
109900117,0,0,0
109900118,15,42,-27
109900119,41,25,16
109900120,0,0,0
109900121,20,9,11
109900122,0,0,0
109900123,0,10,-10
109900124,2,25,-23
109900125,0,25,-25
109900126,0,6,-6
109900128,0,0,0
109900130,265,1,264
109900131,0,0,0
109900132,0,0,0
109900133,0,0,0
109900134,0,0,0
109900135,27,6,21
109900136,0,12,-12
109900137,0,0,0
109900140,3,37,-34
109900142,29,31,-2
109900145,0,7,-7
109900146,6,0,6
109900148,3,20,-17
109900149,24,3,21
109900150,0,7,-7
109900151,0,6,-6
109900152,0,2,-2
109900153,0,26,-26
109900154,1,0,1
109900155,0,0,0
109900157,2,20,-18
109900158,11,20,-9
109900159,2,4,-2
109900160,10,1,9
109900161,2,1,1
109900162,1,7,-6
109900163,14,1,13
109900164,2,43,-41
109900165,4,1,3
109900166,0,10,-10
109900167,3,68,-65
109900168,4,68,-64
109900169,16,35,-19
109900170,4,39,-35
109900171,3,8,-5
109900172,24,7,17
109900173,343,57,286
109900174,2,4,-2
109900175,4,36,-32
109900176,9,40,-31
109900177,4,50,-46
109900178,0,7,-7
109900179,0,0,0
109900180,0,0,0
110000001,131,242,-111
110000002,86,50,36
110000003,1440,335,1105
110000004,226,109,117
110000005,453,163,290
110000006,85,156,-71
110000007,0,16,-16
110000008,2,18,-16
110000009,0,0,0
110000010,4,12,-8
110000011,1,16,-15
110000012,215,141,74
110000013,2,41,-39
110000014,154,20,134
110000015,3,17,-14
110000016,74,94,-20
110000017,58,25,33
110000018,241,49,192
110000019,2,33,-31
110000020,40,40,0
110000021,22,12,10
110000022,24,8,16
110000023,1,19,-18
110000024,160,146,14
110000025,10,0,10
110000026,1,57,-56
110000027,60,36,24
110000028,19,23,-4
110000029,97,198,-101
110000030,1,10,-9
110000031,27,154,-127
110000032,11,34,-23
110000033,2,4,-2
110000034,79,231,-152
110000035,10,60,-50
110000036,44,137,-93
110000037,6,40,-34
110000038,65,133,-68
110000039,83,99,-16
110000040,36,46,-10
110000041,0,0,0
110000042,2,31,-29
110000043,0,0,0
110000044,0,7,-7
110000045,0,0,0
110000046,1,3,-2
110000047,0,0,0
110000048,0,2,-2
110000049,0,0,0
110000050,0,1,-1
110000051,0,0,0
110000052,0,0,0
110000053,0,0,0
110000054,4,24,-20
110000055,0,0,0
110000056,0,0,0
110000057,84,228,-144
110000058,20,18,2
110000059,172,318,-146
110000060,53,93,-40
110000061,400,555,-155
110000062,241,134,107
110000063,8,21,-13
110000064,0,0,0
110000065,1,29,-28
110000066,10,17,-7
110000067,0,0,0
110000068,0,0,0
110000069,13,24,-11
110000071,1,21,-20
110000073,0,7,-7
110000075,1,33,-32
110000076,7,7,0
110000077,27,20,7
110000078,0,17,-17
110000080,42,261,-219
110000081,4,59,-55
110000082,1,48,-47
110000083,56,235,-179
110000084,35,87,-52
110000085,973,372,601
110000086,73,200,-127
110000087,2,31,-29
110000088,1,84,-83
110000089,1,13,-12
110000090,5,32,-27
110000091,218,58,160
110000092,1,10,-9
110000093,42,0,42
110000094,73,161,-88
110000095,7,96,-89
110000096,620,477,143
110000097,172,155,17
110000098,128,71,57
110000099,100,401,-301
110000100,2,118,-116
110000101,3,94,-91
110000102,16,3,13
110000104,7,2,5
110000105,2,33,-31
110000106,22,19,3
110000107,26,38,-12
110000108,62,2,60
110000109,38,238,-200
110000110,809,168,641
110000111,1966,582,1384
110000112,121,25,96
110000113,64,44,20
110000114,3,25,-22
110000115,8,17,-9
110000116,12,3,9
110000117,6,87,-81
110000118,29,19,10
110000119,9,101,-92
110000120,34,19,15
110000121,7,53,-46
110000122,35,219,-184
110000123,61,43,18
110000124,1,393,-392
110000125,0,0,0
110000126,0,0,0
110000127,0,0,0
110000128,2,470,-468
110000129,3,164,-161
110000130,0,0,0
110000131,27,175,-148
110000132,2,300,-298
110000133,19,54,-35
110000134,3,67,-64
110000135,0,0,0
110000136,6,60,-54
110000137,6,40,-34
110000138,38,172,-134
110000139,7,73,-66
110000140,0,0,0
110000143,22,22,0
110000144,803,259,544
110000145,197,119,78
110000146,248,118,130
110000147,12,177,-165
110000148,0,0,0
110000151,26,19,7
110000152,55,89,-34
110000153,1,14,-13
110000154,1,2,-1
110000155,403,787,-384
110000156,95,499,-404
110000157,231,548,-317
110000160,38,81,-43
110000161,31,52,-21
110000166,1,5,-4
110000167,74,74,0
110000168,90,43,47
110000169,21,20,1
110000170,4,10,-6
110000171,31,14,17
110000172,19,275,-256
110000173,157,342,-185
110000174,12,225,-213
110000175,0,0,0
110000176,0,0,0
110000177,0,25,-25
110000178,292,106,186
110000179,165,77,88
110000180,10,57,-47
110000181,20,97,-77
110000182,80,91,-11
110000183,743,459,284
110000184,69,113,-44
110000185,74,241,-167
110000186,117,139,-22
110000191,4,77,-73
110000192,2,0,2
110000193,15,0,15
110000194,0,212,-212
110000195,1,8,-7
110000196,26,59,-33
110000197,1,9,-8
110000198,0,2,-2
110000199,4,44,-40
110000200,79,130,-51
110000201,16,38,-22
110000202,64,72,-8
110000203,31,174,-143
110000204,0,57,-57
110000205,1,7,-6
110000206,14,226,-212
110000207,15,70,-55
110000208,7,18,-11
110000209,24,210,-186
110000210,0,0,0
110000211,0,0,0
110000212,28,78,-50
110000213,0,5,-5
110000214,5,6,-1
110000215,4,137,-133
110000216,5,96,-91
110000217,9,25,-16
110000218,13,99,-86
110000219,7,5,2
110000220,5,83,-78
110000221,5,2,3
110000222,4,46,-42
110000223,0,3,-3
110000224,0,1,-1
110000225,10,139,-129
110000226,2,6,-4
110000227,35,59,-24
110000228,9,7,2
110000229,1,68,-67
110000230,44,65,-21
110000231,6,26,-20
110000232,14,101,-87
110000233,0,42,-42
110000234,2,44,-42
110000235,52,88,-36
110000236,144,393,-249
110000237,318,318,0
110000238,36,169,-133
110000239,94,283,-189
110000240,0,41,-41
110000242,0,32,-32
110000243,17,38,-21
110000244,8,81,-73
110000245,4,148,-144
110000246,15,82,-67
110000247,100,491,-391
110000248,18,181,-163
110000249,0,0,0
110000250,1,19,-18
110000251,1,44,-43
110000252,14,36,-22
110000253,23,5,18
110000254,87,245,-158
110000255,16,230,-214
110000256,10,1,9
110000257,60,185,-125
110000258,0,44,-44
110000259,3,2,1
110000260,2,51,-49
110000263,59,17,42
110000264,8,50,-42
110000265,331,265,66
110000266,272,332,-60
110000267,5,46,-41
110000268,2,31,-29
110000269,0,14,-14
110000270,0,0,0
110000271,7,4,3
110000272,96,360,-264
110000273,228,409,-181
110000274,23,111,-88
110000275,326,114,212
110000276,15,58,-43
110000277,13,36,-23
110000278,52,135,-83
110000279,4,104,-100
110000280,0,44,-44
110000281,1,40,-39
110000282,3,8,-5
110000283,0,1,-1
110000284,1,2,-1
110000285,1,68,-67
110000286,0,0,0
110000287,0,0,0
110000288,1,20,-19
110000289,28,306,-278
110000290,228,247,-19
110000291,407,349,58
110000292,214,353,-139
110000293,20,205,-185
110000294,33,187,-154
110000295,6,101,-95
110000296,8,101,-93
110000297,215,145,70
110000298,46,81,-35
110000299,0,0,0
110000301,0,0,0
110000302,24,225,-201
110000303,0,0,0
110000304,23,82,-59
110000305,5,0,5
110000306,22,536,-514
110000307,10,1,9
110000308,0,1,-1
110000309,0,341,-341
110000310,16,9,7
110000311,2,216,-214
110000312,21,2,19
110000313,258,442,-184
110000314,0,73,-73
110000315,550,409,141
110000316,223,525,-302
110000317,83,80,3
110000318,0,31,-31
110000319,0,0,0
110000320,6,16,-10
110000321,0,2,-2
110000322,0,13,-13
110000323,29,81,-52
110000324,976,822,154
110000325,12,40,-28
110000327,0,40,-40
110000328,66,188,-122
110000333,2,10,-8
110000334,52,285,-233
110000335,27,69,-42
110000336,48,339,-291
110000337,41,47,-6
110000338,3,34,-31
110000339,21,33,-12
110000340,4,24,-20
110000341,26,255,-229
110000342,0,0,0
110000343,0,10,-10
110000344,6,37,-31
110000345,0,0,0
110000346,476,294,182
110000347,228,22,206
110000348,0,8,-8
110000349,0,1,-1
110000350,0,0,0
110000351,36,168,-132
110000352,44,492,-448
110000353,239,188,51
110000354,48,585,-537
110000355,0,19,-19
110000356,0,0,0
110000357,16,4,12
110000361,2,29,-27
110000362,3,6,-3
110000363,7,9,-2
110000364,0,61,-61
110000365,0,0,0
110000366,0,35,-35
110000367,33,60,-27
110000368,1,16,-15
110000369,0,0,0
110000373,6,84,-78
110000374,0,0,0
110000375,7,228,-221
110000376,11,43,-32
110000377,0,0,0
110000378,3,155,-152
110000379,566,238,328
110000380,1,4,-3
110000383,0,115,-115
110000384,1,17,-16
110000385,1,81,-80
110000387,0,5,-5
110000388,0,85,-85
110000389,0,1,-1
110000391,0,80,-80
110000396,3,28,-25
110000397,0,9,-9
110000398,1,4,-3
110000399,0,0,0
110000587,0,1,-1
110000589,7,5,2
110000640,10,10,0
110000652,0,2,-2
110000653,32,110,-78
110000654,0,0,0
110000656,1,129,-128
110000674,4,2,2
110000675,1,2,-1
110000676,0,13,-13
110000679,306,130,176
110000682,0,0,0
110000683,6,11,-5
110000684,0,18,-18
110000685,0,0,0
110000686,0,8,-8
110000687,0,0,0
110000688,49,5,44
110000689,3,6,-3
110000692,2,9,-7
110000693,6,67,-61
110000694,0,162,-162
110000695,29,161,-132
110000696,0,0,0
110900001,0,2,-2
110900002,0,14,-14
110900003,1,153,-152
110900004,0,46,-46
110900005,191,14,177
110900006,0,0,0
110900007,0,0,0
110900008,0,9,-9
110900009,0,0,0
110900010,0,6,-6
110900011,0,7,-7
110900012,0,4,-4
110900013,0,0,0
110900014,0,0,0
110900015,0,0,0
110900016,0,9,-9
110900017,0,0,0
110900018,0,0,0
110900019,0,0,0
110900020,0,39,-39
110900021,5,137,-132
110900022,4,34,-30
110900023,4,43,-39
110900024,5,70,-65
110900025,0,6,-6
110900027,0,18,-18
110900028,13,11,2
110900029,20,80,-60
110900030,2,17,-15
110900031,1,32,-31
110900032,0,15,-15
110900033,4,34,-30
110900035,2,56,-54
110900036,2,1,1
110900037,0,1,-1
110900038,17,1,16
110900039,0,22,-22
110900040,5,0,5
110900041,0,23,-23
110900042,0,0,0
110900043,0,24,-24
110900044,0,0,0
110900045,4,104,-100
110900046,16,54,-38
110900047,0,0,0
110900049,0,0,0
110900050,0,0,0
110900051,1,6,-5
110900052,0,23,-23
110900053,0,0,0
110900054,3,31,-28
110900055,0,0,0
110900056,10,7,3
110900057,0,22,-22
110900058,0,0,0
110900059,45,103,-58
110900060,4,0,4
110900061,1,1,0
110900062,0,0,0
110900063,0,22,-22
110900064,0,0,0
110900065,21,1,20
110900066,0,11,-11
110900067,0,0,0
110900068,14,18,-4
110900069,0,3,-3
110900070,5,3,2
110900071,0,0,0
110900073,0,2,-2
110900074,3,5,-2
110900075,2,3,-1
110900077,0,3,-3
110900078,0,12,-12
110900079,118,16,102
110900080,0,0,0
110900081,0,6,-6
110900082,0,0,0
110900083,0,0,0
110900084,0,17,-17
110900085,7,46,-39
110900086,0,0,0
110900087,0,0,0
110900088,0,0,0
110900090,0,0,0
110900091,0,0,0
110900093,0,0,0
110900095,0,5,-5
110900097,0,2,-2
110900098,0,11,-11
110900099,7,42,-35
110900100,0,1,-1
110900102,0,0,0
110900105,34,36,-2
110900108,0,5,-5
110900111,13,2,11
110900112,0,0,0
110900113,0,0,0
110900115,0,0,0
110900116,4,360,-356
110900118,5,24,-19
110900119,522,14,508
110900120,0,40,-40
110900121,0,0,0
110900122,1,2,-1
110900125,0,3,-3
110900127,42,101,-59
110900128,6,36,-30
110900129,0,0,0
110900130,20,2,18
110900131,0,0,0
110900132,0,0,0
110900133,3,30,-27
110900135,2,49,-47
110900136,0,0,0
110900138,0,0,0
110900139,0,0,0
110900140,0,0,0
110900141,0,11,-11
110900142,1,14,-13
110900143,0,0,0
110900144,1,137,-136
110900145,5,0,5
110900146,11,1,10
110900147,40,74,-34
110900148,0,51,-51
110900149,0,17,-17
110900150,0,1,-1
110900151,0,15,-15
110900152,1,42,-41
110900153,0,0,0
111000001,323,135,188
111000002,333,285,48
111000003,61,77,-16
111000004,150,318,-168
111000005,98,148,-50
111000006,275,479,-204
111000007,487,362,125
111000008,899,543,356
111000009,262,474,-212
111000010,205,157,48
111000011,795,555,240
111000012,281,129,152
111000013,122,474,-352
111000014,130,137,-7
111000017,21,125,-104
111000018,56,100,-44
111000020,394,1059,-665
111000021,0,0,0
111000023,0,0,0
111000025,592,485,107
111000029,9,31,-22
111000030,9,26,-17
111000031,43,32,11
111000032,62,12,50
111000033,0,0,0
111000034,15,158,-143
111000037,189,193,-4
111000038,228,357,-129
111000039,113,325,-212
111000040,208,313,-105
111000041,82,136,-54
111000042,634,303,331
111000043,0,0,0
111000044,0,0,0
111000045,29,45,-16
111000046,7,22,-15
111000047,94,123,-29
111000049,49,162,-113
111000050,267,680,-413
111000051,65,349,-284
111000052,162,441,-279
111000053,85,232,-147
111000054,78,306,-228
111000055,179,673,-494
111000056,23,153,-130
111000057,14,190,-176
111000058,9,29,-20
111000059,23,67,-44
111000060,79,111,-32
111000061,60,61,-1
111000062,29,96,-67
111000063,64,85,-21
111000064,29,63,-34
111000065,49,89,-40
111000066,54,64,-10
111000067,38,116,-78
111000068,31,124,-93
111000069,462,463,-1
111000070,547,228,319
111000071,49,200,-151
111000072,0,0,0
111000073,0,0,0
111000074,0,0,0
111000075,0,0,0
111000076,0,0,0
111000077,108,83,25
111000078,349,444,-95
111000079,224,143,81
111000080,55,134,-79
111000081,352,388,-36
111000082,114,159,-45
111000084,67,146,-79
111000085,67,102,-35
111000086,118,87,31
111000087,68,92,-24
111000088,523,126,397
111000089,162,206,-44
111000090,264,350,-86
111000091,108,225,-117
111000092,156,279,-123
111000093,26,187,-161
111000094,114,204,-90
111000095,33,390,-357
111000096,327,1753,-1426
111000097,1225,239,986
111000098,106,325,-219
111000099,58,677,-619
111000100,43,530,-487
111000101,60,171,-111
111000102,20,224,-204
111000104,0,0,0
111000107,10,199,-189
111000109,0,0,0
111000110,10,4,6
111000111,17,2,15
111000112,10,2,8
111000113,8,1,7
111000114,33,11,22
111000115,735,87,648
111000116,39,73,-34
111000117,49,139,-90
111000118,119,61,58
111000119,61,124,-63
111000120,36,61,-25
111000121,28,69,-41
111000122,61,277,-216
111000123,60,591,-531
111000124,72,815,-743
111000125,32,400,-368
111000126,13,178,-165
111000127,0,0,0
111000128,0,0,0
111000129,0,0,0
111000130,19,68,-49
111000131,40,33,7
111000132,0,0,0
111000133,9,10,-1
111000134,7,9,-2
111000135,4,45,-41
111000136,7,23,-16
111000138,0,0,0
111000140,0,0,0
111000141,22,87,-65
111000142,7,18,-11
111000143,1,23,-22
111000144,0,22,-22
111000145,0,0,0
111000146,0,0,0
111000147,0,0,0
111000148,0,8,-8
111000149,6,18,-12
111000150,0,0,0
111000151,6,29,-23
111000153,62,98,-36
111000154,22,61,-39
111000155,9,56,-47
111000156,0,0,0
111000157,0,0,0
111000158,0,0,0
111000159,0,0,0
111000160,0,0,0
111000161,0,0,0
111000162,2,42,-40
111000163,42,189,-147
111000164,148,363,-215
111000165,190,138,52
111000166,114,44,70
111000167,23,128,-105
111000168,37,41,-4
111000169,8,32,-24
111000170,24,35,-11
111000171,44,96,-52
111000172,8,69,-61
111000173,72,182,-110
111000174,3,82,-79
111000175,2,44,-42
111000176,17,37,-20
111000177,7,57,-50
111000178,56,84,-28
111000179,5,33,-28
111000180,13,70,-57
111000181,50,27,23
111000182,7,23,-16
111000183,17,30,-13
111000184,36,19,17
111000185,20,129,-109
111000186,16,61,-45
111000187,5,62,-57
111000188,5,68,-63
111000189,207,93,114
111000190,66,105,-39
111000191,25,109,-84
111000192,61,195,-134
111000193,105,140,-35
111000194,3,85,-82
111000195,11,93,-82
111000196,10,85,-75
111000197,0,0,0
111000198,0,0,0
111000199,0,0,0
111000200,0,0,0
111000201,0,0,0
111000202,0,0,0
111000203,0,0,0
111000204,0,0,0
111000213,1,26,-25
111000214,72,190,-118
111000215,70,194,-124
111000217,87,166,-79
111000218,96,223,-127
111000219,65,155,-90
111000220,8,202,-194
111000221,0,0,0
111000224,124,146,-22
111000225,24,50,-26
111000226,0,0,0
111000227,0,0,0
111000228,0,52,-52
111000229,7,75,-68
111000230,0,1,-1
111000231,0,1,-1
111000232,48,274,-226
111000233,51,184,-133
111000234,6,95,-89
111000239,54,36,18
111000240,0,0,0
111000241,3,87,-84
111000242,0,0,0
111000243,14,264,-250
111000244,0,0,0
111000245,1,3,-2
111000246,0,6,-6
111000247,42,369,-327
111000248,6,13,-7
111000249,96,211,-115
111000250,3,19,-16
111000251,2,11,-9
111000253,0,0,0
111000255,0,0,0
111000257,0,0,0
111000260,24,346,-322
111000261,24,1,23
111000271,4,72,-68
111000273,301,158,143
111000274,205,325,-120
111000275,0,0,0
111000276,31,308,-277
111000277,16,89,-73
111000278,31,44,-13
111000291,21,137,-116
111000298,17,7,10
111000299,0,0,0
111000300,1,59,-58
111000302,8,4,4
111000303,10,41,-31
111000312,3,8,-5
111000315,14,95,-81
111000320,18,58,-40
111000321,11,6,5
111000322,7,57,-50
111000323,10,2,8
111000324,0,0,0
111000325,2,20,-18
111000326,7,71,-64
111000327,18,45,-27
111000328,22,98,-76
111000329,6,29,-23
111000330,0,0,0
111000331,0,0,0
111000332,28,162,-134
111000334,56,400,-344
111000335,46,31,15
111000337,50,193,-143
111000338,3,22,-19
111000339,11,95,-84
111000340,10,156,-146
111000341,52,44,8
111000342,7,72,-65
111000344,125,104,21
111000345,3,0,3
111000346,0,10,-10
111000347,8,1,7
111000350,1,0,1
111000351,18,49,-31
111000352,0,1,-1
111000353,12,30,-18
111000354,6,0,6
111000355,23,101,-78
111000358,4,297,-293
111000360,5,218,-213
111000361,1,73,-72
111000546,52,218,-166
111000547,1,52,-51
111000548,16,85,-69
111000549,5,29,-24
111000550,22,142,-120
111000551,64,12,52
111000552,5,0,5
111000907,0,4,-4
111000908,0,0,0
111000916,73,111,-38
111000917,15,96,-81
111000918,11,237,-226
111000920,0,0,0
111000921,3,147,-144
111000922,44,186,-142
111000924,6,205,-199
111000925,182,424,-242
111000926,316,993,-677
111000927,1095,912,183
111000928,2237,1375,862
111000929,104,194,-90
111000930,186,1044,-858
111000931,188,421,-233
111000932,927,1126,-199
111000933,285,170,115
111000934,601,1233,-632
111000935,49,129,-80
111000936,188,785,-597
111000937,162,98,64
111000938,338,994,-656
111000939,0,0,0
111000940,32,52,-20
111000941,0,60,-60
111000943,10,47,-37
111000944,3,55,-52
111000945,3,553,-550
111001109,2,1,1
111001110,38,321,-283
111001111,1,2,-1
111001112,43,0,43
111001113,1,74,-73
111001114,0,0,0
111001115,17,68,-51
111001116,441,35,406
111001117,317,301,16
111001120,6,61,-55
111001121,24,66,-42
111001122,13,96,-83
111001123,0,0,0
111001124,1,32,-31
111001125,0,2,-2
111001126,0,0,0
111900001,0,6,-6
111900002,0,18,-18
111900003,0,12,-12
111900004,2,4,-2
111900006,0,0,0
111900007,0,0,0
111900008,0,0,0
111900009,0,0,0
111900010,26,43,-17
111900012,18,2,16
111900013,0,3,-3
111900014,427,26,401
111900015,0,4,-4
111900016,0,15,-15
111900017,0,7,-7
111900018,0,0,0
111900019,1,11,-10
111900020,0,1,-1
111900021,1,9,-8
111900022,1,2,-1
111900023,10,9,1
111900024,0,16,-16
111900025,0,0,0
111900026,0,5,-5
111900027,1,12,-11
111900028,1,71,-70
111900029,0,2,-2
111900030,0,0,0
111900031,0,1,-1
111900032,0,53,-53
111900033,0,1,-1
111900034,0,0,0
111900035,0,9,-9
111900036,2,38,-36
111900038,0,0,0
111900039,2,19,-17
111900040,0,74,-74
111900042,0,0,0
111900043,0,46,-46
111900044,0,0,0
111900046,7,16,-9
111900048,0,142,-142
111900049,3,36,-33
111900050,0,0,0
111900051,1,33,-32
111900052,49,62,-13
111900053,0,1,-1
111900054,0,0,0
111900055,5,93,-88
111900056,0,0,0
111900057,0,2,-2
111900058,0,138,-138
111900059,0,0,0
111900060,0,0,0
111900061,2,35,-33
111900062,0,0,0
111900063,0,28,-28
111900064,21,45,-24
111900065,0,0,0
111900066,0,0,0
111900067,0,44,-44
111900068,0,0,0
111900069,0,0,0
111900070,0,0,0
111900071,0,27,-27
111900072,0,0,0
111900073,1,2,-1
111900074,0,11,-11
111900075,0,0,0
111900076,0,0,0
111900077,0,0,0
111900078,0,0,0
111900079,0,0,0
111900080,0,0,0
111900082,1,0,1
111900083,0,0,0
111900084,0,0,0
111900085,0,0,0
111900086,0,0,0
111900087,0,0,0
111900088,1,0,1
111900089,0,0,0
111900090,0,0,0
111900091,0,1,-1
111900092,0,0,0
111900093,0,0,0
111900094,0,0,0
111900095,3,1,2
111900096,0,0,0
111900097,0,0,0
111900098,0,0,0
111900099,0,0,0
111900100,0,1,-1
111900101,0,0,0
111900102,1,72,-71
111900103,0,0,0
111900104,0,0,0
111900105,0,0,0
111900106,41,4,37
111900110,139,1,138
111900111,0,5,-5
111900112,9,0,9
111900113,0,0,0
111900118,0,0,0
111900119,0,0,0
111900122,0,0,0
111900123,0,0,0
111900124,0,2,-2
111900125,0,0,0
111900126,0,0,0
111900127,0,0,0
111900128,0,0,0
111900129,0,0,0
111900130,0,0,0
111900131,0,0,0
111900132,0,0,0
111900133,0,0,0
111900134,3,27,-24
111900135,0,0,0
111900136,0,0,0
111900137,3,5,-2
111900138,0,12,-12
111900139,1,24,-23
111900140,0,0,0
111900141,0,0,0
111900142,0,0,0
111900143,0,18,-18
111900144,1,12,-11
111900145,1,42,-41
111900146,0,29,-29
111900147,0,35,-35
111900148,0,30,-30
111900149,0,15,-15
111900150,0,11,-11
111900151,0,1,-1
111900152,7,0,7
111900153,0,0,0
111900154,0,0,0
111900155,0,0,0
111900156,0,0,0
111900157,0,0,0
111900158,0,0,0
111900159,0,0,0
111900160,0,0,0
111900161,0,0,0
111900162,0,0,0
111900163,0,0,0
111900164,0,0,0
111901113,1,19,-18
111901114,0,0,0
111901115,0,0,0
111901116,0,0,0
111901117,0,0,0
111901118,0,0,0
111901119,0,0,0
111901121,5,8,-3
111901122,0,29,-29
111901123,0,36,-36
111901124,0,0,0
111901125,0,0,0
111901127,0,0,0
111901128,0,0,0
111901129,0,0,0
111901130,0,0,0
111901131,0,46,-46
111901132,0,0,0
111901133,0,0,0
111901134,0,0,0
111901135,0,0,0
111901136,0,0,0
111901137,0,0,0
111901138,0,0,0
111901139,0,0,0
111901140,0,0,0
111901141,0,0,0
111901142,0,0,0
111901143,0,0,0
111901144,0,0,0
111901145,0,0,0
111901146,2,0,2
111901147,6,0,6
111901148,0,0,0
111901149,0,0,0
112000001,252,143,109
112000002,220,685,-465
112000003,116,133,-17
112000004,113,410,-297
112000005,231,219,12
112000006,251,607,-356
112000007,136,144,-8
112000008,216,377,-161
112000009,543,731,-188
112000010,184,256,-72
112000011,290,719,-429
112000012,246,372,-126
112000013,1773,944,829
112000014,99,66,33
112000015,279,565,-286
112000016,69,84,-15
112000017,120,357,-237
112000024,432,168,264
112000026,959,1471,-512
112000027,3,35,-32
112000028,394,665,-271
112000029,9,20,-11
112000030,52,21,31
112000031,271,151,120
112000032,260,18,242
112000033,386,71,315
112000034,66,7,59
112000035,4,33,-29
112000036,52,26,26
112000037,15,102,-87
112000038,33,59,-26
112000039,0,0,0
112000040,5,39,-34
112000041,20,46,-26
112000042,51,69,-18
112000050,0,0,0
112000051,20,53,-33
112000054,601,357,244
112000057,44,60,-16
112000058,32,40,-8
112000059,0,0,0
112000061,1129,415,714
112000062,605,68,537
112000063,74,48,26
112000064,1626,1639,-13
112000065,518,557,-39
112000066,0,1,-1
112000067,117,145,-28
112000068,0,0,0
112000069,67,534,-467
112000070,8,11,-3
112000071,92,673,-581
112000072,9,23,-14
112000073,91,287,-196
112000074,1,33,-32
112000075,7,42,-35
112000076,254,326,-72
112000077,31,171,-140
112000078,32,117,-85
112000079,83,274,-191
112000080,23,167,-144
112000081,309,412,-103
112000082,20,12,8
112000083,110,247,-137
112000084,37,10,27
112000085,106,211,-105
112000086,23,25,-2
112000087,16,132,-116
112000088,8,9,-1
112000089,5,62,-57
112000090,3,4,-1
112000091,108,527,-419
112000092,87,68,19
112000093,207,406,-199
112000094,19,63,-44
112000095,88,257,-169
112000096,5,69,-64
112000097,9,3,6
112000098,151,338,-187
112000099,8,7,1
112000100,28,21,7
112000101,92,218,-126
112000102,7,11,-4
112000103,39,330,-291
112000105,87,513,-426
112000106,10,8,2
112000107,0,0,0
112000108,15,173,-158
112000109,0,0,0
112000110,58,32,26
112000111,156,1268,-1112
112000112,45,53,-8
112000113,239,662,-423
112000114,14,11,3
112000115,11,59,-48
112000116,6,76,-70
112000117,2,40,-38
112000118,70,204,-134
112000119,43,180,-137
112000120,16,81,-65
112000121,0,0,0
112000122,0,0,0
112000123,0,0,0
112000124,0,0,0
112000125,0,0,0
112000126,0,0,0
112000127,157,58,99
112000128,87,41,46
112000129,2,32,-30
112000130,15,20,-5
112000131,0,30,-30
112000132,8,85,-77
112000133,0,51,-51
112000134,29,97,-68
112000135,10,15,-5
112000136,95,188,-93
112000137,9,12,-3
112000138,170,238,-68
112000139,0,0,0
112000140,44,216,-172
112000141,0,0,0
112000142,25,191,-166
112000143,0,0,0
112000144,44,390,-346
112000145,0,0,0
112000146,106,587,-481
112000147,0,0,0
112000148,130,491,-361
112000149,0,0,0
112000150,11,73,-62
112000151,5,2,3
112000152,18,39,-21
112000153,6,9,-3
112000154,14,9,5
112000155,16,5,11
112000157,89,73,16
112000158,3,25,-22
112000159,7,69,-62
112000167,14,0,14
112000169,16,27,-11
112000173,2,34,-32
112000175,0,23,-23
112000176,886,454,432
112000177,0,2,-2
112000178,1,5,-4
112000179,2,10,-8
112000180,35,54,-19
112000181,124,484,-360
112000182,23,214,-191
112000183,0,0,0
112000184,0,0,0
112000185,19,101,-82
112000187,240,429,-189
112000195,0,0,0
112000196,0,0,0
112000197,0,0,0
112000198,1,1,0
112000199,74,20,54
112000202,0,0,0
112000216,9,8,1
112000230,0,0,0
112000231,0,2,-2
112000256,0,0,0
112000313,2,9,-7
112000314,1,1,0
112000337,6,83,-77
112000352,7,10,-3
112000392,208,212,-4
112000398,73,68,5
112000399,14,50,-36
112000400,200,918,-718
112000401,3146,644,2502
112000402,125,240,-115
112000403,16,59,-43
112000404,73,61,12
112000405,70,215,-145
112000406,664,991,-327
112000407,470,469,1
112000408,1864,1879,-15
112000409,242,1344,-1102
112000410,0,0,0
112000411,37,1,36
112000412,48,42,6
112000413,56,2,54
112000414,5,10,-5
112000415,0,0,0
112000416,165,103,62
112000417,0,0,0
112000421,4,22,-18
112000422,10,23,-13
112000424,88,146,-58
112000425,52,422,-370
112000426,4,73,-69
112000427,0,0,0
112000428,1,17,-16
112000429,363,578,-215
112000430,449,968,-519
112000431,0,0,0
112000432,73,581,-508
112000433,56,61,-5
112000437,6,36,-30
112900001,0,0,0
112900002,0,0,0
112900003,4,43,-39
112900004,1,59,-58
112900005,0,17,-17
112900006,1,66,-65
112900007,0,0,0
112900008,0,0,0
112900009,0,0,0
112900010,0,32,-32
112900011,9,17,-8
112900012,0,4,-4
112900013,0,0,0
112900014,0,15,-15
112900015,36,127,-91
112900016,0,29,-29
112900017,0,0,0
112900018,0,46,-46
112900019,1,6,-5
112900020,70,216,-146
112900021,0,34,-34
112900022,0,0,0
112900023,0,22,-22
112900024,1,27,-26
112900025,0,0,0
112900026,2,29,-27
112900027,0,0,0
112900028,1,13,-12
112900029,0,0,0
112900030,29,41,-12
112900031,0,0,0
112900032,3,9,-6
112900034,0,0,0
112900035,0,0,0
112900036,0,1,-1
112900037,0,0,0
112900038,0,4,-4
112900039,0,0,0
112900040,0,4,-4
112900041,29,26,3
112900042,2,24,-22
112900043,0,0,0
112900044,17,25,-8
112900045,0,0,0
112900046,16,3,13
112900047,5,1,4
112900049,0,7,-7
112900050,21,78,-57
112900051,32,118,-86
112900052,0,77,-77
112900053,4,63,-59
112900054,1,0,1
112900055,1,0,1
112900056,0,0,0
112900057,1,44,-43
112900058,9,0,9
112900059,1,6,-5
112900060,0,7,-7
112900061,1,3,-2
112900062,0,3,-3
112900063,0,0,0
112900064,4,5,-1
112900065,0,0,0
112900066,5,0,5
112900067,27,4,23
112900068,0,0,0
112900069,119,8,111
112900071,0,0,0
112900072,1,0,1
112900073,8,0,8
112900074,0,0,0
112900075,1,0,1
112900076,0,0,0
112900078,0,0,0
112900079,0,0,0
112900080,0,0,0
112900081,0,0,0
112900082,2,0,2
112900083,0,0,0
112900084,0,0,0
112900086,0,0,0
112900087,0,0,0
112900088,0,0,0
112900089,3,0,3
112900090,0,1,-1
112900091,0,0,0
112900092,0,0,0
112900093,0,0,0
112900095,1,0,1
112900096,1,1,0
112900097,0,27,-27
112900098,0,0,0
112900099,8,0,8
112900100,0,0,0
112900101,0,0,0
112900102,0,0,0
112900103,0,0,0
112900104,0,0,0
112900105,0,0,0
112900106,2,0,2
112900107,0,0,0
112900108,0,0,0
112900109,0,0,0
112900110,0,0,0
112900111,0,0,0
112900112,0,0,0
112900113,0,3,-3
112900114,0,0,0
112900115,4,0,4
112900116,0,1,-1
112900117,2,1,1
112900118,1,5,-4
112900119,0,0,0
112900120,124,34,90
112900121,2,4,-2
112900122,0,16,-16
112900123,0,0,0
112900124,0,7,-7
112900125,0,13,-13
112900126,8,18,-10
112900127,0,0,0
112900128,39,220,-181
112900129,0,141,-141
112900130,0,0,0
112900131,7,65,-58
112900132,3,76,-73
112900133,2,98,-96
112900134,0,47,-47
112900135,0,0,0
112900137,0,83,-83
112900138,1,98,-97
112900139,44,213,-169
112900141,1,3,-2
112900142,0,0,0
112900143,4,87,-83
112900144,0,25,-25
112900145,2,80,-78
112900146,1,57,-56
112900147,0,564,-564
112900148,1,0,1
112900149,0,40,-40
112900151,0,0,0
112900152,244,55,189
112900153,5,0,5
112900154,0,0,0
112900155,0,0,0
112900156,0,88,-88
112900157,13,4,9
112900158,0,0,0
112900159,0,5,-5
112900160,1,11,-10
112900161,0,0,0
112900162,5,0,5
112900163,0,0,0
112900164,0,0,0
112900165,0,9,-9
112900166,0,0,0
112900167,0,0,0
112900168,0,0,0
112900169,0,0,0
112900170,0,0,0
112900172,0,0,0
112900173,18,2,16
112900174,0,0,0
112900175,0,0,0
112900176,0,0,0
112900177,0,0,0
112900178,0,0,0
112900179,0,47,-47
112900180,0,226,-226
112900181,0,0,0
112900182,0,35,-35
112900183,0,0,0
112900184,33,25,8
112900185,1,6,-5
112900186,55,29,26
112900187,0,0,0
112900188,91,21,70
112900189,0,1,-1
112900190,0,4,-4
112900192,6,4,2
112900193,24,3,21
112900194,0,4,-4
112900195,2,0,2
112900196,36,92,-56
112900197,12,31,-19
112900199,0,0,0
112900200,0,0,0
112900201,0,0,0
112900202,0,83,-83
112900203,0,0,0
112900204,40,4,36
112900205,0,1,-1
112900206,0,1,-1
112900207,0,0,0
112900208,0,2,-2
112900209,19,53,-34
112900210,0,2,-2
112900211,0,0,0
112900212,0,0,0
112900213,0,0,0
112900214,0,0,0
112900215,0,22,-22
112900216,6,2,4
112900217,0,11,-11
112900218,0,0,0
112900219,0,0,0
112900220,0,0,0
112900221,0,0,0
112900222,0,0,0
112900223,2,0,2
112900224,0,102,-102
112900225,3,111,-108
112900226,8,1,7
112900227,1,233,-232
112900228,0,0,0
112900229,0,0,0
112900230,394,85,309
112900232,15,12,3
112900233,3,22,-19
112900234,0,4,-4
112900235,0,0,0
112900236,0,0,0
112900237,0,29,-29
112900238,0,1,-1
112900239,32,31,1
112900240,0,3,-3
112900241,0,5,-5
112900242,0,6,-6
112900243,0,8,-8
112900244,0,17,-17
112900245,0,6,-6
112900246,0,2,-2
112900247,0,2,-2
112900248,0,0,0
112900249,0,0,0
112900250,0,0,0
112900251,0,0,0
112900252,0,0,0
112900253,0,0,0
112900254,0,0,0
112900255,0,0,0
112900256,0,0,0
112900257,0,0,0
112900258,0,0,0
113000001,972,1014,-42
113000002,505,224,281
113000003,666,349,317
113000004,783,202,581
113000005,240,191,49
113000006,84,86,-2
113000007,192,249,-57
113000008,214,89,125
113000009,337,254,83
113000010,189,97,92
113000011,64,443,-379
113000012,149,56,93
113000013,253,182,71
113000014,64,242,-178
113000015,11,34,-23
113000016,78,153,-75
113000017,9,72,-63
113000018,9,2,7
113000019,2,84,-82
113000020,0,0,0
113000021,67,205,-138
113000022,48,377,-329
113000025,8,39,-31
113000026,9,21,-12
113000027,5,24,-19
113000028,75,40,35
113000029,0,0,0
113000030,286,248,38
113000031,210,114,96
113000032,0,0,0
113000033,0,0,0
113000034,233,175,58
113000035,5,20,-15
113000036,0,0,0
113000037,28,16,12
113000038,0,0,0
113000039,10,30,-20
113000040,13,14,-1
113000042,116,63,53
113000051,100,116,-16
113000052,357,68,289
113000053,20,87,-67
113000054,6,47,-41
113000055,55,83,-28
113000056,62,207,-145
113000058,181,226,-45
113000059,0,0,0
113000060,12,119,-107
113000061,69,59,10
113000062,56,0,56
113000063,0,0,0
113000064,0,0,0
113000065,29,200,-171
113000066,9,25,-16
113000067,30,54,-24
113000068,21,399,-378
113000069,48,237,-189
113000070,30,34,-4
113000071,43,129,-86
113000072,19,24,-5
113000073,120,245,-125
113000074,71,36,35
113000075,90,54,36
113000076,379,284,95
113000077,0,0,0
113000078,122,419,-297
113000079,142,124,18
113000080,6,3,3
113000081,0,0,0
113000082,171,173,-2
113000083,0,0,0
113000084,185,230,-45
113000085,33,17,16
113000086,159,224,-65
113000087,38,13,25
113000088,763,311,452
113000089,25,28,-3
113000090,0,18,-18
113000091,231,69,162
113000094,17,7,10
113000095,56,257,-201
113000096,34,171,-137
113000097,28,9,19
113000098,0,0,0
113000099,9,12,-3
113000100,33,104,-71
113000101,65,134,-69
113000102,4,12,-8
113000103,193,203,-10
113000104,0,0,0
113000105,0,0,0
113000106,25,172,-147
113000107,24,33,-9
113000108,95,336,-241
113000109,70,155,-85
113000110,0,0,0
113000111,14,51,-37
113000112,0,2,-2
113000113,0,0,0
113000114,64,140,-76
113000116,39,4,35
113000117,27,1,26
113000118,0,7,-7
113000119,6,25,-19
113000120,0,1,-1
113000121,8,35,-27
113000124,0,0,0
113000125,0,0,0
113000127,449,79,370
113000128,0,1,-1
113000129,595,153,442
113000133,604,231,373
113000134,6,78,-72
113000135,28,36,-8
113000137,0,0,0
113000139,0,0,0
113000140,105,145,-40
113000141,0,0,0
113000142,83,148,-65
113000143,0,0,0
113000144,74,73,1
113000145,0,0,0
113000146,34,43,-9
113000147,19,51,-32
113000148,0,0,0
113000149,0,0,0
113000150,99,58,41
113000151,84,28,56
113000152,0,0,0
113000153,216,45,171
113000154,108,149,-41
113000155,91,73,18
113000156,25,64,-39
113000157,49,129,-80
113000158,203,68,135
113000159,187,136,51
113000160,118,173,-55
113000161,2,22,-20
113000162,210,122,88
113000163,0,0,0
113000164,31,35,-4
113000166,0,0,0
113000167,17,125,-108
113000168,18,113,-95
113000169,0,0,0
113000170,0,0,0
113000171,35,92,-57
113000172,0,0,0
113000173,0,0,0
113000174,35,259,-224
113000175,0,0,0
113000176,0,0,0
113000177,37,210,-173
113000178,19,208,-189
113000179,0,0,0
113000180,38,130,-92
113000181,112,249,-137
113000182,13,23,-10
113000183,47,196,-149
113000184,10,51,-41
113000189,23,68,-45
113000190,116,25,91
113000192,522,215,307
113000193,481,180,301
113000194,223,182,41
113000195,89,67,22
113000196,12,23,-11
113000197,48,44,4
113000198,4,22,-18
113000199,5,1,4
113000201,13,47,-34
113000202,255,62,193
113000203,0,0,0
113000204,247,178,69
113000205,5,13,-8
113000206,0,0,0
113000207,9,4,5
113000208,0,0,0
113000209,9,12,-3
113000210,0,0,0
113000211,21,8,13
113000212,33,2,31
113000213,2,6,-4
113000214,15,49,-34
113000234,19,309,-290
113000410,17,4,13
113000411,434,1000,-566
113000412,2605,609,1996
113000413,964,490,474
113000414,2409,518,1891
113000415,713,897,-184
113000416,2556,1040,1516
113000417,441,714,-273
113000418,557,603,-46
113000419,209,326,-117
113000420,1352,600,752
113000421,424,322,102
113000422,4297,821,3476
113000423,1514,690,824
113000424,1570,1011,559
113000425,4,23,-19
113000428,8,14,-6
113000430,8,2,6
113000432,53,4,49
113000433,41,177,-136
113000434,14,160,-146
113000435,3,178,-175
113000436,26,316,-290
113000437,0,0,0
113000438,0,0,0
113000439,4,60,-56
113000440,0,0,0
113000441,0,0,0
113000442,22,115,-93
113000443,0,0,0
113000444,11,107,-96
113000445,0,0,0
113000446,4,65,-61
113000448,44,42,2
113000449,0,0,0
113000450,20,2,18
113000451,236,45,191
113000452,0,0,0
113000453,48,80,-32
113000454,0,0,0
113000455,14,37,-23
113000456,146,106,40
113000468,106,4,102
113000469,8,9,-1
113000470,0,0,0
113000471,0,0,0
113000472,0,0,0
113000474,52,121,-69
113000475,206,370,-164
113000476,135,509,-374
113000477,344,676,-332
113000478,587,1030,-443
113000479,1,130,-129
113000485,0,0,0
113000486,0,0,0
113000487,0,0,0
113000488,0,0,0
113000489,0,0,0
113000490,0,0,0
113000491,0,0,0
113000492,0,0,0
113000493,0,0,0
113000495,42,86,-44
113000496,0,0,0
113000497,0,0,0
113000499,0,1,-1
113900001,0,0,0
113900002,0,0,0
113900003,0,0,0
113900004,0,0,0
113900005,0,0,0
113900006,0,0,0
113900007,0,0,0
113900008,0,0,0
113900009,0,0,0
113900010,0,0,0
113900011,0,0,0
113900012,0,0,0
113900013,0,0,0
113900014,0,0,0
113900015,0,3,-3
113900016,0,0,0
113900017,0,0,0
113900018,17,4,13
113900019,1,0,1
113900020,0,0,0
113900022,0,0,0
113900023,0,0,0
113900024,1,2,-1
113900025,0,0,0
113900026,0,0,0
113900027,0,0,0
113900028,0,0,0
113900029,0,17,-17
113900030,0,0,0
113900031,0,0,0
113900032,0,0,0
113900033,0,3,-3
113900035,0,0,0
113900036,0,0,0
113900037,0,0,0
113900038,2,3,-1
113900039,0,0,0
113900040,0,0,0
113900041,0,0,0
113900042,1,0,1
113900043,3,10,-7
113900044,0,0,0
113900045,0,0,0
113900046,17,43,-26
113900047,0,0,0
113900048,34,5,29
113900049,37,2,35
113900050,17,21,-4
113900051,4,45,-41
113900052,0,0,0
113900053,0,0,0
113900054,0,0,0
113900055,3,39,-36
113900056,0,0,0
113900057,2,12,-10
113900058,3,7,-4
113900059,2,24,-22
113900060,0,0,0
113900061,0,0,0
113900062,0,0,0
113900063,0,0,0
113900064,2,9,-7
113900065,0,0,0
113900066,4,25,-21
113900067,0,0,0
113900068,0,0,0
113900069,0,0,0
113900070,9,57,-48
113900071,0,0,0
113900072,3,18,-15
113900073,2,17,-15
113900074,0,0,0
113900075,0,0,0
113900076,0,0,0
113900077,1,33,-32
113900078,0,0,0
113900079,0,3,-3
113900080,0,0,0
113900081,1,15,-14
113900082,2,15,-13
113900083,0,0,0
113900084,0,0,0
113900085,0,52,-52
113900086,0,0,0
113900087,0,0,0
113900088,0,0,0
113900089,0,0,0
113900090,4,3,1
113900091,0,0,0
113900092,1,5,-4
113900093,0,27,-27
113900094,0,0,0
113900095,0,0,0
113900096,0,0,0
113900097,0,8,-8
113900098,0,0,0
113900099,0,0,0
113900100,0,0,0
113900101,0,5,-5
113900102,1,7,-6
113900103,0,0,0
113900104,0,0,0
113900105,0,26,-26
113900106,0,0,0
113900107,0,0,0
113900108,1,10,-9
113900109,0,3,-3
113900110,0,0,0
113900111,0,0,0
113900112,1,5,-4
113900113,6,7,-1
113900114,0,0,0
113900115,0,0,0
113900116,0,3,-3
113900117,0,1,-1
113900118,0,0,0
113900119,0,0,0
113900120,0,0,0
113900121,0,0,0
113900122,0,0,0
113900123,3,3,0
113900124,0,0,0
113900125,2,7,-5
113900126,1,3,-2
113900127,3,13,-10
113900128,0,0,0
113900129,0,0,0
113900130,0,0,0
113900131,1,5,-4
113900132,0,0,0
113900133,2,2,0
113900135,27,82,-55
113900136,8,4,4
113900137,4,4,0
113900138,0,0,0
113900139,76,3,73
113900140,0,0,0
113900141,2,27,-25
113900142,6,3,3
113900143,3,0,3
113900144,1,1,0
113900145,2,8,-6
113900146,2,1,1
113900148,4,7,-3
113900149,0,0,0
113900150,208,97,111
113900151,3,11,-8
113900152,0,0,0
113900153,42,19,23
113900154,0,0,0
113900155,20,13,7
113900156,41,92,-51
113900157,1,1,0
113900158,27,1,26
113900159,0,0,0
113900160,43,87,-44
113900161,1,9,-8
113900162,34,41,-7
113900163,22,9,13
113900164,0,0,0
113900165,67,54,13
113900166,5,1,4
113900167,0,0,0
113900168,23,11,12
113900169,13,63,-50
113900171,0,0,0
113900172,3,22,-19
113900173,6,46,-40
113900174,10,113,-103
113900175,0,0,0
113900176,8,124,-116
113900177,3,8,-5
113900178,0,0,0
113900179,0,94,-94
113900180,1,12,-11
113900181,0,0,0
113900182,17,115,-98
113900183,4,4,0
113900184,1,75,-74
113900185,14,8,6
113900186,2,1,1
113900187,0,9,-9
113900188,0,7,-7
113900189,0,0,0
113900190,30,11,19
113900191,0,11,-11
113900192,0,1,-1
113900193,1,29,-28
113900194,89,73,16
113900195,39,56,-17
113900196,0,15,-15
113900197,0,26,-26
113900198,1,8,-7
113900199,20,43,-23
113900200,0,20,-20
113900201,1,38,-37
113900202,2,14,-12
113900203,0,31,-31
113900204,2,54,-52
113900205,0,4,-4
113900206,1,10,-9
113900207,0,3,-3
113900208,0,2,-2
113900209,0,3,-3
113900210,17,17,0
113900211,3,0,3
113900212,0,40,-40
113900214,46,25,21
113900215,0,16,-16
113900216,0,64,-64
113900217,0,0,0
113900218,0,0,0
113900219,6,32,-26
113900220,0,0,0
113900221,0,0,0
113900222,0,2,-2
113900223,0,47,-47
113900224,13,6,7
113900225,0,0,0
113900226,0,1,-1
113900227,1,1,0
113900228,5,10,-5
113900229,0,6,-6
113900230,83,18,65
113900231,2,9,-7
113900232,2,6,-4
113900233,1,5,-4
113900234,5,6,-1
113900235,0,0,0
113900236,0,0,0
113900237,0,0,0
113900238,2,2,0
113900239,0,1,-1
113900240,0,4,-4
113900241,4,3,1
113900242,3,4,-1
113900243,7,23,-16
113900244,47,21,26
113900245,121,9,112
113900246,0,0,0
113900247,0,0,0
113900248,220,25,195
113900249,0,0,0
113900250,0,0,0
113900251,0,18,-18
113900252,0,0,0
113900253,0,0,0
113900254,0,0,0
113900255,0,0,0
113900256,0,0,0
113900257,13,70,-57
113900258,1,55,-54
113900259,0,17,-17
113900260,0,2,-2
113900261,0,21,-21
113900262,0,73,-73
113900263,5,18,-13
113900264,0,60,-60
113900265,20,37,-17
113900266,1,49,-48
113900267,4,29,-25
113900268,0,1,-1
113900269,8,15,-7
113900270,8,39,-31
113900271,15,232,-217
113900273,0,0,0
113900274,0,0,0
113900275,1,4,-3
113900276,0,18,-18
113900277,0,0,0
113900278,11,13,-2
113900279,9,13,-4
113900280,61,23,38
113900281,8,35,-27
113900282,35,6,29
113900283,0,0,0
113900284,1,9,-8
113900285,0,1,-1
113900286,0,0,0
113900287,1,0,1
113900288,0,7,-7
113900289,88,0,88
113900290,21,3,18
113900291,5,25,-20
113900292,0,0,0
113900293,0,30,-30
113900294,0,0,0
113900295,5,6,-1
113900296,5,1,4
113900297,0,0,0
113900298,1,210,-209
113900299,0,0,0
113900300,254,3,251
113900301,0,0,0
113900302,0,2,-2
113900303,13,4,9
113900304,0,26,-26
113900305,0,0,0
113900306,0,0,0
113900307,0,0,0
113900308,2,4,-2
113900309,1,79,-78
113900310,0,0,0
113900311,0,0,0
113900312,0,1,-1
113900313,0,0,0
114000001,224,461,-237
114000002,0,0,0
114000003,0,0,0
114000004,7,29,-22
114000005,2,3,-1
114000006,218,267,-49
114000007,43,196,-153
114000008,115,153,-38
114000009,11,8,3
114000011,389,439,-50
114000012,162,371,-209
114000013,164,388,-224
114000014,94,55,39
114000015,68,68,0
114000016,17,60,-43
114000017,22,7,15
114000018,24,5,19
114000026,75,326,-251
114000027,186,374,-188
114000028,271,377,-106
114000038,2,1,1
114000039,11,14,-3
114000040,10,18,-8
114000042,23,56,-33
114000043,2,20,-18
114000044,1,9,-8
114000045,4,8,-4
114000046,224,631,-407
114000047,2,1,1
114000048,5,6,-1
114000049,23,50,-27
114000050,30,48,-18
114000051,95,82,13
114000052,63,55,8
114000053,1,6,-5
114000054,0,12,-12
114000055,4,1,3
114000056,124,135,-11
114000057,869,498,371
114000058,28,20,8
114000059,13,35,-22
114000060,101,235,-134
114000061,138,22,116
114000062,61,24,37
114000063,592,651,-59
114000064,1390,436,954
114000065,324,580,-256
114000066,37,154,-117
114000067,0,0,0
114000068,28,19,9
114000069,25,23,2
114000070,65,19,46
114000071,11,45,-34
114000072,4,34,-30
114000073,0,0,0
114000074,4,8,-4
114000075,0,0,0
114000076,0,0,0
114000077,0,0,0
114000078,3,59,-56
114000079,9,4,5
114000080,4,2,2
114000081,0,0,0
114000082,25,149,-124
114000083,4,44,-40
114000084,0,1,-1
114000085,24,108,-84
114000086,17,76,-59
114000087,0,38,-38
114000088,0,0,0
114000089,82,39,43
114000090,15,11,4
114000091,91,45,46
114000092,88,38,50
114000093,25,83,-58
114000094,28,56,-28
114000095,0,0,0
114000096,8,129,-121
114000097,12,147,-135
114000098,0,0,0
114000099,10,56,-46
114000100,7,45,-38
114000101,22,249,-227
114000102,0,0,0
114000103,4,48,-44
114000104,0,16,-16
114000105,4,9,-5
114000106,67,21,46
114000107,24,13,11
114000108,324,250,74
114000109,0,0,0
114000110,46,311,-265
114000111,0,0,0
114000112,45,377,-332
114000113,0,0,0
114000114,141,343,-202
114000115,0,0,0
114000116,50,38,12
114000117,60,10,50
114000118,62,7,55
114000119,65,14,51
114000120,136,261,-125
114000121,65,157,-92
114000122,84,89,-5
114000123,9,7,2
114000124,3,6,-3
114000125,146,505,-359
114000126,5,2,3
114000127,8,67,-59
114000128,33,66,-33
114000130,0,0,0
114000131,0,0,0
114000132,128,172,-44
114000133,133,161,-28
114000134,4,18,-14
114000138,2,9,-7
114000139,0,0,0
114000144,0,0,0
114000145,6,20,-14
114000146,2,27,-25
114000147,0,0,0
114000148,58,6,52
114000149,2,27,-25
114000150,141,122,19
114000151,24,7,17
114000152,0,2,-2
114000153,135,159,-24
114000154,52,76,-24
114000155,47,63,-16
114000156,18,22,-4
114000157,23,99,-76
114000158,193,99,94
114000159,34,33,1
114000160,13,11,2
114000161,56,28,28
114000162,5,13,-8
114000163,0,9,-9
114000165,0,0,0
114000166,54,10,44
114000167,231,228,3
114000168,121,148,-27
114000169,248,99,149
114000170,82,99,-17
114000171,114,82,32
114000174,34,102,-68
114000176,52,122,-70
114000177,293,154,139
114000178,0,0,0
114000179,24,2,22
114000180,32,114,-82
114000181,161,248,-87
114000182,507,817,-310
114000183,303,349,-46
114000184,345,663,-318
114000185,38,20,18
114000189,0,0,0
114000190,0,0,0
114000191,0,0,0
114000192,76,307,-231
114000193,218,747,-529
114000194,254,339,-85
114000195,0,0,0
114000196,1,83,-82
114000197,0,14,-14
114000198,167,92,75
114000199,246,116,130
114000200,45,468,-423
114000201,24,211,-187
114000202,130,168,-38
114000203,60,210,-150
114000204,17,90,-73
114000205,5,258,-253
114000206,57,366,-309
114000207,190,580,-390
114000208,37,580,-543
114000209,123,783,-660
114000210,73,419,-346
114000211,50,143,-93
114000212,43,150,-107
114000213,216,29,187
114000214,8,23,-15
114000215,0,14,-14
114000216,98,2,96
114000217,3,64,-61
114000218,7,39,-32
114000219,43,87,-44
114000220,3,385,-382
114000221,30,35,-5
114000222,15,302,-287
114000223,0,0,0
114000224,41,152,-111
114000225,29,161,-132
114000226,6,64,-58
114000227,45,79,-34
114000228,17,71,-54
114000229,80,229,-149
114000230,63,91,-28
114000231,146,314,-168
114000232,11,17,-6
114000233,26,14,12
114000234,39,80,-41
114000235,116,353,-237
114000236,0,377,-377
114000237,32,234,-202
114000238,1,6,-5
114000239,0,282,-282
114000240,141,223,-82
114000241,46,316,-270
114000242,194,243,-49
114000243,78,69,9
114000244,0,0,0
114000245,65,313,-248
114000246,75,14,61
114000247,30,57,-27
114000248,36,57,-21
114000249,35,57,-22
114000250,57,91,-34
114000251,5,66,-61
114000252,12,20,-8
114000253,0,0,0
114000254,1,12,-11
114000255,19,28,-9
114000256,15,8,7
114000257,69,769,-700
114000258,20,73,-53
114000259,15,96,-81
114000260,0,61,-61
114000261,16,0,16
114000262,2,31,-29
114000263,0,0,0
114000264,6,34,-28
114000265,0,0,0
114000267,3,499,-496
114000268,2,503,-501
114000270,0,0,0
114000271,40,15,25
114000283,46,82,-36
114000285,22,95,-73
114000288,5,126,-121
114000289,40,21,19
114000293,18,136,-118
114000294,1,7,-6
114000395,85,5,80
114000396,0,0,0
114000402,7,14,-7
114000403,8,14,-6
114000405,2,137,-135
114000423,4,109,-105
114000424,16,34,-18
114000425,23,145,-122
114000426,0,0,0
114000427,6,34,-28
114000428,0,0,0
114000429,2,38,-36
114000432,0,0,0
114000434,10,23,-13
114000435,2,29,-27
114900001,0,0,0
114900002,0,0,0
114900003,0,0,0
114900004,0,0,0
114900005,0,0,0
114900006,0,0,0
114900007,0,0,0
114900008,0,0,0
114900010,3,0,3
114900011,0,0,0
114900013,0,0,0
114900015,0,0,0
114900018,0,0,0
114900020,0,0,0
114900022,0,9,-9
114900024,0,0,0
114900025,0,0,0
114900026,0,0,0
114900027,0,0,0
114900029,0,0,0
114900030,0,0,0
114900031,0,0,0
114900032,0,0,0
114900033,3,1,2
114900034,7,40,-33
114900035,1,6,-5
114900036,6,123,-117
114900037,4,9,-5
114900038,1,95,-94
114900039,24,101,-77
114900040,2,3,-1
114900041,8,78,-70
114900042,16,87,-71
114900043,66,7,59
114900044,0,0,0
114900046,1,12,-11
114900047,0,51,-51
114900048,5,12,-7
114900049,1,38,-37
114900050,4,60,-56
114900051,3,69,-66
114900052,5,13,-8
114900053,0,26,-26
114900054,3,14,-11
114900057,0,0,0
114900058,0,35,-35
114900059,0,0,0
114900060,47,12,35
114900061,3,13,-10
114900062,16,19,-3
114900063,7,16,-9
114900064,22,85,-63
114900065,3,42,-39
114900067,0,37,-37
114900068,8,23,-15
114900069,5,5,0
114900070,0,0,0
114900072,0,44,-44
114900073,0,35,-35
114900074,0,0,0
114900075,0,0,0
114900076,0,50,-50
114900080,0,0,0
114900082,0,67,-67
114900083,0,37,-37
114900090,0,0,0
114900091,0,6,-6
114900095,30,9,21
114900096,14,24,-10
114900097,0,0,0
114900098,0,0,0
114900099,0,0,0
115000001,1663,2314,-651
115000002,435,259,176
115000003,625,1370,-745
115000004,309,263,46
115000005,388,1280,-892
115000006,89,129,-40
115000007,0,4,-4
115000008,36,63,-27
115000009,10,8,2
115000010,0,0,0
115000013,14,62,-48
115000015,37,69,-32
115000016,118,53,65
115000019,2,43,-41
115000020,0,0,0
115000021,82,120,-38
115000022,118,143,-25
115000023,50,2,48
115000024,171,168,3
115000025,29,10,19
115000026,23,83,-60
115000027,20,9,11
115000028,15,197,-182
115000029,27,4,23
115000030,38,245,-207
115000031,65,1,64
115000032,1,165,-164
115000033,0,0,0
115000034,9,279,-270
115000035,0,0,0
115000036,0,117,-117
115000037,0,0,0
115000038,0,0,0
115000039,87,125,-38
115000040,479,338,141
115000041,51,215,-164
115000042,18,68,-50
115000043,191,622,-431
115000044,1005,1184,-179
115000045,255,727,-472
115000046,43,239,-196
115000047,121,166,-45
115000048,312,1110,-798
115000049,368,878,-510
115000050,253,154,99
115000051,377,170,207
115000052,659,587,72
115000053,234,146,88
115000054,179,227,-48
115000055,16,129,-113
115000056,2,14,-12
115000057,38,114,-76
115000058,0,15,-15
115000059,1,113,-112
115000061,0,0,0
115000062,7,60,-53
115000063,25,99,-74
115000064,0,0,0
115000065,12,59,-47
115000067,0,0,0
115000069,1,64,-63
115000070,3,77,-74
115000071,0,0,0
115000072,12,2,10
115000073,218,1,217
115000075,1,3,-2
115000076,317,429,-112
115000077,99,449,-350
115000078,69,295,-226
115000079,65,416,-351
115000080,111,570,-459
115000081,36,88,-52
115000082,293,436,-143
115000083,238,544,-306
115000084,0,0,0
115000085,61,276,-215
115000086,0,0,0
115000087,85,359,-274
115000088,0,0,0
115000089,573,507,66
115000090,36,34,2
115000091,35,214,-179
115000092,9,70,-61
115000093,0,0,0
115000094,874,571,303
115000095,582,1085,-503
115000096,39,341,-302
115000097,18,218,-200
115000098,33,314,-281
115000099,63,432,-369
115000100,10,19,-9
115000101,84,521,-437
115000102,32,15,17
115000103,113,275,-162
115000105,0,0,0
115000106,8,17,-9
115000107,18,215,-197
115000108,972,1103,-131
115000109,209,109,100
115000110,269,121,148
115000111,96,335,-239
115000112,51,92,-41
115000113,44,127,-83
115000114,273,173,100
115000116,243,137,106
115000117,115,211,-96
115000118,110,273,-163
115000119,168,210,-42
115000120,71,226,-155
115000121,564,156,408
115000122,554,205,349
115000123,141,150,-9
115000124,76,134,-58
115000125,19,60,-41
115000126,5,36,-31
115000127,21,34,-13
115000128,15,71,-56
115000129,2,41,-39
115000130,10,110,-100
115000131,14,43,-29
115000132,3,45,-42
115000133,7,53,-46
115000134,5,25,-20
115000135,1,27,-26
115000136,0,0,0
115000137,9,56,-47
115000138,0,0,0
115000139,17,68,-51
115000140,0,0,0
115000141,18,95,-77
115000142,15,93,-78
115000143,1,1,0
115000144,4,4,0
115000145,25,137,-112
115000146,0,0,0
115000147,16,79,-63
115000148,95,164,-69
115000149,9,6,3
115000150,99,122,-23
115000151,18,12,6
115000152,65,230,-165
115000153,9,2,7
115000154,10,2,8
115000155,46,186,-140
115000156,23,0,23
115000157,59,116,-57
115000158,16,19,-3
115000159,7,0,7
115000160,0,0,0
115000161,32,57,-25
115000162,0,0,0
115000163,193,180,13
115000164,136,154,-18
115000165,0,0,0
115000167,0,0,0
115000168,0,0,0
115000169,132,182,-50
115000170,34,81,-47
115000171,0,0,0
115000172,106,82,24
115000173,0,0,0
115000174,0,0,0
115000175,6,39,-33
115000176,0,0,0
115000177,3,26,-23
115000178,2,44,-42
115000179,0,0,0
115000180,7,105,-98
115000181,0,0,0
115000182,0,0,0
115000183,28,212,-184
115000186,44,57,-13
115000187,5,172,-167
115000188,183,54,129
115000189,63,117,-54
115000190,61,59,2
115000191,15,91,-76
115000194,23,40,-17
115000195,0,0,0
115000196,0,0,0
115000197,3,39,-36
115000198,0,0,0
115000199,3,33,-30
115000200,0,0,0
115000201,4,84,-80
115000206,0,0,0
115000207,4,117,-113
115000208,63,251,-188
115000209,62,39,23
115000210,3,9,-6
115000211,71,64,7
115000212,187,133,54
115000224,0,0,0
115000225,0,0,0
115000229,0,0,0
115000230,0,0,0
115000231,8,441,-433
115000232,27,63,-36
115000233,11,106,-95
115000234,0,0,0
115000241,0,0,0
115000242,0,0,0
115000243,0,0,0
115000244,0,0,0
115000246,0,0,0
115000247,0,0,0
115000248,0,0,0
115000249,0,0,0
115000250,10,2,8
115000251,0,0,0
115000252,0,0,0
115000253,0,0,0
115000258,0,0,0
115000259,0,0,0
115000261,0,0,0
115000262,0,0,0
115000263,0,0,0
115000264,0,0,0
115000267,0,0,0
115000268,5,13,-8
115000269,0,0,0
115000270,0,0,0
115000272,0,0,0
115000273,0,0,0
115000280,0,0,0
115000281,178,38,140
115000282,33,14,19
115000284,163,96,67
115000296,0,0,0
115000297,0,0,0
115000298,23,14,9
115000300,0,68,-68
115000302,0,0,0
115000303,0,0,0
115000304,0,0,0
115000305,4,166,-162
115000306,10,108,-98
115000307,0,61,-61
115000308,0,0,0
115000309,0,0,0
115000310,57,262,-205
115000311,0,0,0
115000313,24,87,-63
115000314,0,0,0
115000315,313,182,131
115000316,0,0,0
115000317,8,151,-143
115000318,64,55,9
115000319,1,116,-115
115000320,3,45,-42
115000321,74,1,73
115000322,14,67,-53
115000449,0,0,0
115000557,0,11,-11
115000558,0,0,0
115000587,10,1,9
115000588,862,1775,-913
115000589,750,409,341
115000590,122,528,-406
115000591,47,83,-36
115000592,128,587,-459
115000593,117,38,79
115000594,265,689,-424
115000609,1,6,-5
115000617,235,56,179
115000624,0,0,0
115000633,22,637,-615
115000634,603,139,464
115000635,34,10,24
115000638,0,0,0
115000641,0,0,0
115000642,30,34,-4
115000643,8,104,-96
115000644,5,117,-112
115000646,147,167,-20
115000647,9,114,-105
115000648,59,374,-315
115000893,518,163,355
115000894,27,652,-625
115000895,109,565,-456
115000896,165,26,139
115000897,92,2,90
115000898,143,22,121
115000899,197,138,59
115000900,25,41,-16
115000901,15,22,-7
115000912,14,3,11
115000913,0,0,0
115000915,0,0,0
115000916,0,0,0
115000917,0,0,0
115000918,0,0,0
115000919,0,0,0
115000920,2,1,1
115000921,77,5,72
115000922,71,79,-8
115000923,59,367,-308
115000925,4,11,-7
115000927,0,0,0
115000933,29,23,6
115000934,0,0,0
115000935,0,0,0
115000936,0,0,0
115000937,206,9,197
115000938,22,19,3
115000939,25,35,-10
115000940,0,0,0
115000941,0,0,0
115000942,0,0,0
115000943,15,4,11
115000944,1,1,0
115900001,0,0,0
115900002,0,0,0
115900003,0,0,0
115900004,0,0,0
115900005,0,0,0
115900006,0,0,0
115900008,0,0,0
115900009,0,0,0
115900010,0,0,0
115900011,2,17,-15
115900012,0,0,0
115900013,0,0,0
115900014,6,10,-4
115900015,0,0,0
115900016,0,0,0
115900017,0,0,0
115900018,14,0,14
115900019,0,0,0
115900020,0,0,0
115900021,75,1,74
115900022,0,0,0
115900023,0,0,0
115900025,0,0,0
115900026,0,0,0
115900027,0,11,-11
115900028,28,0,28
115900029,0,62,-62
115900030,0,0,0
115900031,0,0,0
115900032,0,0,0
115900033,0,0,0
115900034,0,45,-45
115900035,6,0,6
115900036,0,1,-1
115900037,1,30,-29
115900038,0,0,0
115900039,0,0,0
115900041,1,2,-1
115900042,0,0,0
115900043,0,0,0
115900044,0,0,0
115900046,5,14,-9
115900047,0,0,0
115900049,0,0,0
115900051,0,9,-9
115900052,1,16,-15
115900053,0,0,0
115900054,0,9,-9
115900055,0,12,-12
115900056,0,0,0
115900057,0,0,0
115900058,3,4,-1
115900060,0,0,0
115900061,0,0,0
115900062,0,28,-28
115900063,1,0,1
115900064,0,0,0
115900065,0,0,0
115900066,14,7,7
115900067,0,94,-94
115900068,215,3,212
115900069,0,0,0
115900070,0,0,0
115900071,1,20,-19
115900072,4,14,-10
115900073,0,0,0
115900074,0,36,-36
115900075,0,0,0
115900076,0,0,0
115900077,0,38,-38
115900078,0,0,0
115900079,0,0,0
115900080,0,0,0
115900081,0,3,-3
115900082,0,0,0
115900084,0,0,0
115900085,0,0,0
115900086,0,0,0
115900088,0,0,0
115900089,0,38,-38
115900090,0,0,0
115900091,0,3,-3
115900092,0,11,-11
115900093,0,5,-5
115900094,0,25,-25
115900096,0,2,-2
115900097,0,31,-31
115900098,1,22,-21
115900099,0,0,0
115900100,0,0,0
115900101,1,14,-13
115900102,0,0,0
115900103,2,11,-9
115900104,0,0,0
115900105,0,0,0
115900106,0,0,0
115900107,0,0,0
115900108,0,0,0
115900109,0,0,0
115900110,0,0,0
115900111,0,13,-13
115900112,0,0,0
115900113,0,0,0
115900114,1,16,-15
115900115,0,9,-9
115900116,0,0,0
115900117,0,0,0
115900118,0,63,-63
115900119,0,2,-2
115900120,0,0,0
115900121,0,0,0
115900124,0,0,0
115900125,0,0,0
115900126,0,0,0
115900127,0,0,0
115900128,0,0,0
115900129,0,0,0
115900130,0,0,0
115900131,0,0,0
115900132,0,0,0
115900134,0,0,0
115900135,0,0,0
115900137,0,0,0
115900139,1,0,1
115900140,0,0,0
115900141,0,0,0
115900142,0,0,0
115900143,0,5,-5
115900144,3,8,-5
115900146,0,0,0
115900147,0,0,0
115900148,0,0,0
115900149,0,6,-6
115900150,0,0,0
115900151,0,0,0
115900152,0,0,0
115900153,0,0,0
115900154,0,0,0
115900155,0,0,0
115900156,0,0,0
115900157,0,0,0
115900158,0,0,0
115900159,0,0,0
115900160,0,0,0
115900161,0,0,0
115900163,0,0,0
115900164,0,3,-3
115900166,0,0,0
115900168,0,2,-2
115900171,0,0,0
115900172,0,0,0
115900173,0,0,0
115900174,0,0,0
115900175,2,8,-6
115900178,1,111,-110
115900179,0,0,0
115900180,0,0,0
115900181,4,10,-6
115900182,2,17,-15
115900183,1,0,1
115900184,0,0,0
115900187,0,0,0
115900189,0,0,0
115900190,0,0,0
115900191,0,0,0
115900192,0,0,0
115900193,0,0,0
115900194,0,0,0
115900195,0,0,0
115900198,0,0,0
115900199,0,0,0
115900200,0,0,0
115900201,0,0,0
115900202,0,0,0
115900203,0,0,0
115900204,0,0,0
115900205,0,0,0
115900206,0,1,-1
115900207,0,0,0
115900208,0,0,0
115900209,0,0,0
115900210,0,0,0
115900211,0,0,0
115900212,1,4,-3
115900213,0,0,0
115900214,0,17,-17
115900215,0,0,0
115900216,0,14,-14
115900217,0,8,-8
115900218,0,9,-9
115900219,0,0,0
115900220,0,0,0
115900221,0,0,0
115900222,0,0,0
115900223,0,0,0
115900224,0,0,0
115900225,0,0,0
115900226,0,0,0
115900227,0,0,0
115900228,0,0,0
115900229,0,0,0
115900230,0,0,0
115900231,0,0,0
115900232,0,0,0
115900233,0,1,-1
115900234,0,0,0
115900235,0,0,0
115900236,0,2,-2
115900237,0,12,-12
115900238,0,6,-6
115900239,0,13,-13
115900240,0,15,-15
115900241,0,2,-2
115900242,0,2,-2
115900243,0,0,0
115900244,0,0,0
115900245,0,0,0
115900246,0,0,0
115900247,0,0,0
115900248,0,0,0
115900249,0,0,0
115900250,0,0,0
115900251,0,0,0
115900252,0,0,0
115900253,0,0,0
115900254,0,0,0
115900255,0,0,0
115900256,0,0,0
115900257,0,0,0
115900258,0,0,0
115900259,0,0,0
115900260,0,0,0
115900261,0,0,0
115900262,0,0,0
115900263,0,0,0
115900264,0,0,0
115900265,0,0,0
115900266,0,0,0
115900267,0,0,0
115900268,0,0,0
115900269,0,5,-5
115900270,0,0,0
115900271,0,0,0
115900272,0,0,0
115900273,0,0,0
115900274,0,0,0
115900275,0,0,0
115900276,0,0,0
115900277,0,0,0
115900278,0,7,-7
115900279,3,14,-11
115900280,0,9,-9
115900281,0,5,-5
115900282,0,0,0
115900283,0,0,0
115900284,0,0,0
116000001,4320,868,3452
116000002,1136,170,966
116000003,425,401,24
116000004,694,99,595
116000005,225,476,-251
116000006,243,158,85
116000007,711,799,-88
116000008,460,398,62
116000009,200,417,-217
116000010,109,74,35
116000011,101,126,-25
116000012,98,156,-58
116000013,2812,937,1875
116000014,342,84,258
116000015,74,218,-144
116000016,275,48,227
116000017,9,88,-79
116000018,71,5,66
116000019,28,89,-61
116000020,13,27,-14
116000021,19,82,-63
116000022,16,13,3
116000023,23,66,-43
116000024,47,70,-23
116000025,31,46,-15
116000026,92,362,-270
116000027,21,63,-42
116000028,0,0,0
116000029,103,104,-1
116000030,0,0,0
116000031,39,54,-15
116000032,11,72,-61
116000033,1,107,-106
116000034,32,150,-118
116000035,24,170,-146
116000036,54,39,15
116000037,0,0,0
116000038,0,0,0
116000039,59,33,26
116000040,0,0,0
116000041,4,61,-57
116000042,0,0,0
116000043,9,81,-72
116000044,1,11,-10
116000045,0,0,0
116000046,223,359,-136
116000047,201,369,-168
116000048,61,39,22
116000049,22,99,-77
116000050,160,323,-163
116000051,65,60,5
116000052,292,460,-168
116000053,0,0,0
116000054,79,348,-269
116000055,35,197,-162
116000056,0,0,0
116000057,524,361,163
116000058,377,148,229
116000059,166,91,75
116000060,553,97,456
116000061,106,84,22
116000062,63,69,-6
116000063,31,94,-63
116000066,0,0,0
116000067,59,80,-21
116000068,0,0,0
116000069,60,77,-17
116000078,0,0,0
116000080,237,195,42
116000082,7,45,-38
116000083,95,40,55
116000084,69,280,-211
116000085,264,47,217
116000086,141,121,20
116000087,174,68,106
116000088,96,110,-14
116000089,9,19,-10
116000090,0,0,0
116000091,5,39,-34
116000093,39,30,9
116000094,7,140,-133
116000095,59,35,24
116000096,18,127,-109
116000097,53,98,-45
116000098,14,219,-205
116000099,841,41,800
116000100,6,0,6
116000101,12,33,-21
116000102,8,117,-109
116000103,4,30,-26
116000104,3,162,-159
116000105,8,26,-18
116000106,13,152,-139
116000107,26,65,-39
116000108,1,53,-52
116000111,0,0,0
116000113,0,0,0
116000114,0,3,-3
116000115,0,0,0
116000116,2,13,-11
116000117,17,27,-10
116000118,77,349,-272
116000119,3,30,-27
116000120,250,820,-570
116000121,0,0,0
116000122,208,707,-499
116000123,0,0,0
116000124,56,366,-310
116000125,9,6,3
116000126,39,513,-474
116000127,199,518,-319
116000128,25,19,6
116000129,7,5,2
116000130,3,2,1
116000133,151,233,-82
116000134,92,569,-477
116000135,103,171,-68
116000136,123,478,-355
116000137,25,80,-55
116000138,148,44,104
116000139,152,474,-322
116000140,21,62,-41
116000141,13,93,-80
116000142,726,1080,-354
116000143,438,37,401
116000144,220,775,-555
116000145,261,142,119
116000146,15,30,-15
116000147,51,10,41
116000148,6,48,-42
116000149,0,73,-73
116000151,99,250,-151
116000153,0,0,0
116000155,0,0,0
116000156,23,162,-139
116000157,0,0,0
116000158,23,126,-103
116000159,0,0,0
116000160,0,17,-17
116000161,2,5,-3
116000162,54,3,51
116000163,1,1,0
116000164,1,0,1
116000177,4,29,-25
116000194,0,88,-88
116000195,61,70,-9
116000196,1,1,0
116000197,0,1,-1
116000198,102,88,14
116000200,0,0,0
116000201,59,84,-25
116000202,0,0,0
116000203,0,12,-12
116000204,0,8,-8
116000205,1,18,-17
116000206,0,12,-12
116000207,0,11,-11
116000233,0,18,-18
116000287,11,167,-156
116000288,0,0,0
116000292,0,22,-22
116000296,0,0,0
116000297,3,6,-3
116000304,0,0,0
116000305,0,0,0
116000346,0,34,-34
116000352,0,7,-7
116000354,0,4,-4
116000357,0,0,0
116000358,0,0,0
116000361,0,0,0
116000372,341,319,22
116000381,0,0,0
116000388,0,10,-10
116000389,23,20,3
116000445,15,267,-252
116000446,0,0,0
116000447,5,162,-157
116000448,0,0,0
116000563,0,0,0
116000565,21,36,-15
116000568,3,2,1
116000579,2,14,-12
116000583,0,0,0
116000584,1,2,-1
116000585,0,1,-1
116000586,26,12,14
116000587,0,36,-36
116000589,3,13,-10
116000590,0,0,0
116000591,0,0,0
116000592,0,0,0
116000593,0,0,0
116000594,14,81,-67
116000595,2,31,-29
116000596,0,1,-1
116000597,0,0,0
116000598,1,22,-21
116000605,0,7,-7
116000606,0,0,0
116000607,0,5,-5
116000609,1,53,-52
116000611,3,171,-168
116000612,101,142,-41
116000613,0,0,0
116000614,91,258,-167
116000615,1,99,-98
116000616,2,30,-28
116000617,1,14,-13
116000618,0,27,-27
116000619,0,0,0
116000620,0,0,0
116000621,0,0,0
116000622,0,0,0
116000624,1,0,1
116000627,0,1,-1
116000628,0,0,0
116000629,0,0,0
116000630,0,0,0
116000631,0,0,0
116000632,0,0,0
116000633,0,0,0
116000634,31,187,-156
116000635,162,165,-3
116000636,391,176,215
116000637,11,30,-19
116000638,0,0,0
116000640,0,0,0
116000641,73,90,-17
116000644,25,560,-535
116900001,0,0,0
116900002,0,0,0
116900003,0,0,0
116900004,0,0,0
116900005,0,1,-1
116900006,0,0,0
116900007,0,0,0
116900008,1,81,-80
116900009,0,0,0
116900010,1,102,-101
116900011,0,0,0
116900012,0,0,0
116900013,0,33,-33
116900014,0,0,0
116900015,0,0,0
116900016,0,0,0
116900017,0,37,-37
116900018,0,0,0
116900019,0,32,-32
116900020,18,0,18
116900023,0,0,0
116900024,0,0,0
116900025,5,35,-30
116900026,1,52,-51
116900027,0,0,0
116900028,1,7,-6
116900029,0,0,0
116900031,0,0,0
116900032,0,15,-15
116900033,0,0,0
116900034,0,5,-5
116900035,1,11,-10
116900036,0,3,-3
116900038,0,0,0
116900041,0,0,0
116900042,80,16,64
116900043,1,5,-4
116900047,0,0,0
116900049,2,9,-7
116900050,0,16,-16
116900051,0,0,0
116900052,0,0,0
116900055,0,0,0
116900057,0,41,-41
116900058,0,14,-14
116900059,0,0,0
116900060,0,22,-22
116900062,0,0,0
116900064,1,85,-84
116900065,1,3,-2
116900067,0,0,0
116900068,13,16,-3
116900070,0,0,0
116900072,1,44,-43
116900073,0,5,-5
116900074,0,0,0
116900076,0,0,0
116900077,0,3,-3
116900078,8,15,-7
116900079,1,14,-13
116900080,0,0,0
116900081,3,38,-35
116900082,1,54,-53
116900083,0,0,0
116900084,3,2,1
116900085,0,2,-2
116900086,2,10,-8
116900088,0,0,0
116900090,0,0,0
116900091,0,9,-9
116900092,0,42,-42
116900093,0,1,-1
116900094,113,17,96
116900095,0,16,-16
116900096,0,9,-9
116900097,51,1,50
116900098,48,3,45
116900099,18,14,4
116900100,0,0,0
116900101,12,22,-10
116900103,0,0,0
116900104,1,2,-1
116900105,0,0,0
116900106,0,26,-26
116900107,72,15,57
116900110,0,0,0
116900111,0,3,-3
116900112,0,0,0
116900113,0,0,0
116900116,0,0,0
116900117,0,9,-9
116900118,5,372,-367
116900120,0,0,0
116900121,0,0,0
116900122,7,121,-114
116900123,4,110,-106
116900124,0,31,-31
116900125,11,5,6
116900126,3,29,-26
116900128,0,6,-6
116900129,0,38,-38
116900130,89,123,-34
116900131,0,37,-37
116900132,1,14,-13
116900133,0,29,-29
116900134,2,28,-26
116900136,2,9,-7
116900137,2,10,-8
116900138,4,23,-19
116900139,9,37,-28
116900140,5,12,-7
116900141,13,7,6
116900142,0,3,-3
116900143,0,21,-21
116900144,1,2,-1
116900145,0,18,-18
116900147,10,15,-5
116900148,0,1,-1
116900149,0,0,0
116900150,0,2,-2
116900151,0,0,0
116900153,0,0,0
116900154,2,1,1
116900155,0,11,-11
116900157,0,0,0
116900158,0,2,-2
116900159,1,69,-68
116900160,1,0,1
116900161,873,102,771
116900162,0,0,0
116900163,0,0,0
116900164,0,4,-4
116900165,0,0,0
116900166,0,0,0
116900167,0,0,0
116900168,1,9,-8
116900169,0,0,0
116900170,0,0,0
116900171,0,0,0
116900172,0,0,0
116900173,0,4,-4
116900174,2,4,-2
116900175,0,0,0
116900178,0,0,0
116900179,0,0,0
116900180,0,2,-2
116900182,0,0,0
116900183,0,0,0
116900185,0,0,0
116900186,0,0,0
116900187,0,0,0
116900188,1,3,-2
116900189,0,0,0
116900191,0,0,0
116900192,0,0,0
116900194,0,0,0
116900195,0,0,0
116900196,0,0,0
116900197,0,0,0
116900198,21,10,11
116900200,0,0,0
116900201,0,0,0
116900202,0,0,0
116900203,0,0,0
116900204,1,2,-1
116900206,0,0,0
116900207,0,3,-3
116900208,0,0,0
116900209,0,0,0
116900210,0,3,-3
116900211,0,0,0
116900212,0,0,0
116900213,0,0,0
116900214,1,13,-12
116900215,0,0,0
116900216,1,3,-2
116900218,0,38,-38
116900219,86,19,67
116900220,0,0,0
116900221,2,17,-15
116900222,0,0,0
116900223,0,0,0
116900226,0,1,-1
116900227,2,3,-1
116900228,4,14,-10
116900230,0,11,-11
116900231,0,6,-6
116900232,2,18,-16
116900233,0,0,0
116900234,0,0,0
116900235,6,72,-66
116900238,16,14,2
116900239,0,9,-9
116900240,173,31,142
116900241,4,6,-2
116900242,29,3,26
116900243,0,0,0
116900245,1,0,1
116900246,3,2,1
116900247,0,0,0
116900248,1,1,0
116900249,0,0,0
116900250,3,4,-1
116900251,0,0,0
116900252,0,0,0
116900253,0,0,0
116900254,0,0,0
116900255,1,1,0
116900256,4,2,2
116900257,0,65,-65
116900258,0,38,-38
116900259,0,0,0
116900260,0,4,-4
116900261,0,0,0
116900262,0,9,-9
116900263,0,0,0
116900264,0,0,0
116900265,0,0,0
116900266,0,2,-2
116900267,0,0,0
116900268,0,0,0
116900269,0,8,-8
116900271,0,0,0
116900272,19,40,-21
116900273,2,0,2
116900274,0,0,0
116900275,0,0,0
116900276,0,0,0
116900277,0,0,0
116900278,0,0,0
116900279,0,3,-3
116900280,0,6,-6
116900281,179,19,160
116900282,0,7,-7
116900283,1,8,-7
116900284,0,6,-6
116900285,0,0,0
116900286,0,0,0
116900287,0,0,0
116900288,0,0,0
116900289,0,0,0
116900290,0,0,0
116900291,0,0,0
116900292,0,0,0
116900293,0,0,0
116900294,0,7,-7
116900295,0,0,0
116900296,0,0,0
116900297,0,0,0
116900298,0,0,0
116900299,0,0,0
116900300,0,0,0
116900301,0,0,0
116900302,0,11,-11
116900303,2,2,0
116900304,0,35,-35
116900305,0,0,0
116900306,0,0,0
116900307,0,0,0
116900308,0,0,0
116900309,0,0,0
117000001,97,119,-22
117000002,343,596,-253
117000003,320,106,214
117000004,704,834,-130
117000005,55,32,23
117000006,125,890,-765
117000007,131,11,120
117000008,236,882,-646
117000009,0,0,0
117000010,575,1016,-441
117000011,0,0,0
117000012,181,543,-362
117000013,0,0,0
117000014,142,585,-443
117000015,0,0,0
117000016,9,14,-5
117000017,21,15,6
117000018,3,73,-70
117000019,0,0,0
117000020,44,251,-207
117000021,328,70,258
117000022,27,5,22
117000023,21,51,-30
117000024,22,77,-55
117000025,122,138,-16
117000026,55,21,34
117000027,283,506,-223
117000028,0,0,0
117000030,24,62,-38
117000031,0,0,0
117000032,275,220,55
117000033,136,160,-24
117000034,13,21,-8
117000035,0,0,0
117000036,33,26,7
117000037,0,0,0
117000038,7,52,-45
117000039,0,7,-7
117000040,12,243,-231
117000041,0,0,0
117000044,4,184,-180
117000045,0,0,0
117000046,41,134,-93
117000047,0,0,0
117000048,258,142,116
117000049,21,28,-7
117000050,8,442,-434
117000051,94,19,75
117000052,0,7,-7
117000053,7,4,3
117000054,46,0,46
117000055,4,724,-720
117000056,7,0,7
117000057,47,434,-387
117000060,28,142,-114
117000061,0,6,-6
117000062,23,44,-21
117000063,0,0,0
117000064,88,171,-83
117000066,80,59,21
117000067,2,28,-26
117000074,0,0,0
117000076,0,0,0
117000077,21,14,7
117000078,3,78,-75
117000079,2,5,-3
117000080,1,126,-125
117000081,5,5,0
117000082,6,10,-4
117000083,0,0,0
117000084,0,0,0
117000085,9,79,-70
117000086,4,121,-117
117000087,33,140,-107
117000088,0,0,0
117000089,20,21,-1
117000090,41,410,-369
117000091,8,2,6
117000092,50,440,-390
117000093,1,6,-5
117000094,81,542,-461
117000095,12,7,5
117000096,105,870,-765
117000097,13,48,-35
117000098,394,1125,-731
117000099,15,23,-8
117000100,3,14,-11
117000101,15,135,-120
117000102,0,0,0
117000103,252,409,-157
117000104,0,0,0
117000105,96,522,-426
117000106,0,0,0
117000107,112,555,-443
117000108,0,0,0
117000109,380,870,-490
117000110,0,0,0
117000111,502,371,131
117000112,92,186,-94
117000113,6,27,-21
117000114,0,0,0
117000115,8,23,-15
117000116,0,13,-13
117000117,51,20,31
117000118,10,18,-8
117000119,0,1,-1
117000120,0,1,-1
117000121,0,2,-2
117000122,0,0,0
117000123,0,0,0
117000124,0,0,0
117000125,1,2,-1
117000126,0,0,0
117000127,1,5,-4
117000128,13,13,0
117000129,0,0,0
117000130,0,0,0
117000131,0,37,-37
117000132,85,38,47
117000133,0,51,-51
117000134,0,24,-24
117000135,0,18,-18
117000136,0,11,-11
117000137,0,0,0
117000138,1,131,-130
117000140,55,356,-301
117000141,0,0,0
117000181,50,11,39
117000182,0,0,0
117000195,7,132,-125
117000196,0,0,0
117000225,0,0,0
117000226,0,2,-2
117000276,0,0,0
117000277,0,47,-47
117000310,360,421,-61
117000315,0,0,0
117000320,0,0,0
117000906,0,0,0
117000907,0,82,-82
117000909,5,7,-2
117000910,54,25,29
117000911,10,28,-18
117000915,0,71,-71
117000916,0,0,0
117000917,0,0,0
117000918,0,0,0
117000919,0,8,-8
117000920,3,496,-493
117000921,0,200,-200
117000922,0,0,0
117000924,22,14,8
117000926,167,14,153
117000927,5,32,-27
117000928,0,55,-55
117000929,4,28,-24
117000930,11,1,10
117000931,21,5,16
117900002,17,32,-15
117900003,12,9,3
117900005,0,0,0
117900006,0,16,-16
117900007,0,17,-17
117900008,0,5,-5
117900010,2,25,-23
117900011,0,1,-1
117900012,0,22,-22
117900013,0,19,-19
117900014,0,26,-26
117900015,1,22,-21
117900016,54,25,29
117900017,0,36,-36
117900018,9,1,8
117900019,1,33,-32
117900020,3,5,-2
117900021,0,7,-7
117900022,0,0,0
117900023,5,0,5
117900024,1,11,-10
117900025,0,2,-2
117900026,1,37,-36
117900028,0,0,0
117900029,3,76,-73
117900030,0,12,-12
117900031,0,0,0
117900032,11,5,6
117900033,2,62,-60
117900034,0,0,0
117900035,3,0,3
117900036,3,48,-45
117900037,0,0,0
117900038,4,39,-35
117900039,0,12,-12
117900040,7,41,-34
117900041,0,5,-5
117900042,52,5,47
117900043,3,5,-2
117900044,0,12,-12
117900045,0,0,0
117900048,9,34,-25
117900049,2,33,-31
117900050,0,0,0
117900051,0,0,0
117900052,0,0,0
117900053,36,71,-35
117900054,0,0,0
117900055,0,0,0
117900056,0,0,0
117900057,25,120,-95
117900058,0,0,0
117900059,0,0,0
117900060,6,340,-334
117900061,0,0,0
117900063,1,19,-18
117900065,31,46,-15
117900066,0,0,0
117900067,3,19,-16
117900069,0,31,-31
117900070,0,0,0
117900071,0,0,0
117900073,1,22,-21
117900074,0,0,0
117900075,0,0,0
117900076,1,9,-8
117900077,0,0,0
117900078,6,25,-19
117900080,0,0,0
117900081,23,18,5
117900082,3,11,-8
117900083,1,37,-36
117900086,0,0,0
117900087,1,0,1
117900088,90,75,15
117900089,25,5,20
117900090,0,42,-42
117900091,12,2,10
117900092,0,0,0
117900093,0,0,0
117900094,0,0,0
117900095,4,48,-44
117900096,0,0,0
117900097,0,0,0
117900098,0,0,0
117900099,0,27,-27
117900100,0,0,0
117900101,20,28,-8
117900102,0,0,0
117900103,0,0,0
117900104,0,4,-4
117900105,0,14,-14
117900106,0,0,0
117900107,0,0,0
117900109,6,19,-13
117900110,0,0,0
117900111,0,0,0
117900112,0,0,0
117900113,0,3,-3
117900114,0,0,0
117900115,1,1,0
117900116,24,25,-1
117900117,11,26,-15
117900118,0,0,0
117900119,0,45,-45
117900120,0,7,-7
117900121,0,2,-2
117900122,11,18,-7
117900123,28,57,-29
117900124,3,32,-29
117900125,203,68,135
117900126,17,38,-21
117900127,2,46,-44
117900128,6,45,-39
117900129,0,0,0
117900130,2,39,-37
117900131,0,22,-22
117900132,0,19,-19
117900133,0,11,-11
117900134,0,13,-13
117900135,1,43,-42
117900136,0,4,-4
117900137,0,38,-38
117900138,0,2,-2
117900139,1,8,-7
117900140,10,0,10
117900141,19,19,0
117900142,0,0,0
117900144,0,0,0
117900145,0,0,0
117900146,0,0,0
117900147,0,0,0
117900148,107,64,43
117900149,0,5,-5
117900150,0,8,-8
117900151,0,16,-16
117900152,2,1,1
117900153,0,7,-7
117900154,0,23,-23
117900156,11,27,-16
117900157,2,12,-10
117900158,0,0,0
117900160,24,17,7
117900161,114,133,-19
117900162,0,19,-19
117900163,0,1,-1
117900165,0,0,0
117900166,0,4,-4
117900168,0,0,0
117900169,0,0,0
117900170,0,0,0
117900171,0,0,0
117900172,0,0,0
117900173,0,0,0
117900174,0,0,0
117900175,0,0,0
117900176,0,0,0
117900177,0,0,0
117900178,0,0,0
117900180,0,0,0
117900181,0,0,0
117900182,0,0,0
117900183,0,0,0
117900184,0,0,0
117900185,0,0,0
117900186,0,0,0
117900187,0,0,0
117900188,0,0,0
117900189,0,0,0
117900190,0,0,0
117900191,0,0,0
117900192,0,0,0
117900193,0,0,0
117900194,0,0,0
117900195,0,0,0
117900196,0,0,0
117900207,0,0,0
117900208,0,0,0
117900209,0,5,-5
117900210,0,0,0
117900211,0,0,0
117900212,6,14,-8
117900213,0,0,0
117900214,0,0,0
117900215,0,0,0
117900216,0,0,0
117900217,1,25,-24
117900218,0,0,0
117900219,1,6,-5
117900220,0,0,0
117900222,12,21,-9
117900223,2,3,-1
118000001,72,83,-11
118000002,192,367,-175
118000003,182,255,-73
118000004,282,270,12
118000005,899,761,138
118000006,1165,1134,31
118000007,558,373,185
118000008,464,464,0
118000009,191,421,-230
118000010,227,491,-264
118000011,76,321,-245
118000012,124,281,-157
118000013,369,335,34
118000014,118,442,-324
118000016,32,61,-29
118000017,0,0,0
118000018,24,74,-50
118000019,624,139,485
118000020,220,352,-132
118000021,174,414,-240
118000022,139,20,119
118000023,90,190,-100
118000024,104,193,-89
118000027,2456,530,1926
118000029,95,30,65
118000032,42,63,-21
118000033,95,162,-67
118000034,608,294,314
118000035,55,416,-361
118000036,26,132,-106
118000037,112,126,-14
118000038,0,0,0
118000039,3,20,-17
118000040,65,333,-268
118000041,183,211,-28
118000045,3,0,3
118000046,79,21,58
118000047,76,34,42
118000048,262,180,82
118000051,19,5,14
118000052,11,11,0
118000053,2,1,1
118000054,121,42,79
118000055,57,7,50
118000056,9,1,8
118000057,5,1,4
118000058,22,20,2
118000059,17,22,-5
118000060,6,12,-6
118000061,4,21,-17
118000062,4,9,-5
118000063,9,13,-4
118000064,11,17,-6
118000065,176,31,145
118000066,11,13,-2
118000067,281,177,104
118000068,78,266,-188
118000069,254,66,188
118000070,669,61,608
118000071,296,313,-17
118000072,247,110,137
118000073,86,23,63
118000074,4,7,-3
118000075,32,25,7
118000076,206,208,-2
118000077,479,234,245
118000078,135,81,54
118000079,50,130,-80
118000080,304,190,114
118000081,105,75,30
118000082,5,7,-2
118000083,37,16,21
118000084,277,102,175
118000086,29,49,-20
118000087,2339,514,1825
118000088,107,160,-53
118000089,467,879,-412
118000090,886,278,608
118000091,292,609,-317
118000092,166,31,135
118000093,29,21,8
118000096,10,6,4
118000097,17,21,-4
118000098,1,0,1
118000099,19,91,-72
118000101,64,94,-30
118000102,16,88,-72
118000107,172,72,100
118000108,4,31,-27
118000110,0,0,0
118000111,2,140,-138
118000112,0,0,0
118000113,1,193,-192
118000114,0,0,0
118000115,0,0,0
118000116,0,0,0
118000117,180,199,-19
118000118,32,56,-24
118000119,29,57,-28
118000120,320,431,-111
118000121,1,68,-67
118000122,89,6,83
118000123,2,55,-53
118000125,87,229,-142
118000126,13,17,-4
118000127,21,23,-2
118000128,109,233,-124
118000129,75,52,23
118000130,772,1025,-253
118000131,130,331,-201
118000132,67,50,17
118000133,27,52,-25
118000135,0,0,0
118000136,18,56,-38
118000137,72,25,47
118000138,4,53,-49
118000139,8,6,2
118000140,455,282,173
118000141,98,91,7
118000142,126,355,-229
118000143,18,40,-22
118000144,14,19,-5
118000145,260,450,-190
118000146,131,224,-93
118000147,107,350,-243
118000148,35,179,-144
118000149,22,90,-68
118000150,4,15,-11
118000151,2,13,-11
118000153,19,75,-56
118000154,12,59,-47
118000155,9,45,-36
118000156,273,244,29
118000157,23,13,10
118000158,8,56,-48
118000159,0,0,0
118000160,0,0,0
118000161,42,135,-93
118000162,2,32,-30
118000163,11,26,-15
118000164,81,58,23
118000168,6,22,-16
118000169,226,427,-201
118000170,254,418,-164
118000171,0,0,0
118000172,0,0,0
118000173,73,110,-37
118000175,28,28,0
118000176,7,50,-43
118000177,1,30,-29
118000178,5,2,3
118000179,0,0,0
118000180,0,0,0
118000181,142,57,85
118000182,29,29,0
118000183,50,59,-9
118000184,0,0,0
118000185,282,159,123
118000186,142,170,-28
118000187,54,155,-101
118000188,4,34,-30
118000189,7,110,-103
118000190,1,2,-1
118000191,0,4,-4
118000192,1,23,-22
118000193,7,33,-26
118000194,268,33,235
118000195,5,3,2
118000196,0,0,0
118000197,43,29,14
118000198,16,10,6
118000199,106,63,43
118000200,0,0,0
118000201,10,7,3
118000202,0,0,0
118000203,44,12,32
118000204,100,49,51
118000205,36,25,11
118000206,1,0,1
118000207,0,3,-3
118000208,42,82,-40
118000209,123,267,-144
118000210,0,0,0
118000211,0,0,0
118000213,3,13,-10
118000214,146,24,122
118000215,60,128,-68
118000216,0,0,0
118000217,0,5,-5
118000218,1,1,0
118000219,0,10,-10
118000220,0,0,0
118000221,3,17,-14
118000222,35,4,31
118000223,0,0,0
118000224,5,4,1
118000225,1,142,-141
118000226,0,0,0
118000227,68,36,32
118000228,52,33,19
118000229,0,0,0
118000230,5,6,-1
118000231,2,12,-10
118000232,65,164,-99
118000233,12,11,1
118000234,7,9,-2
118000236,13,31,-18
118000237,0,0,0
118000238,2,14,-12
118000239,0,1,-1
118000240,26,3,23
118000241,2,6,-4
118000242,22,103,-81
118000243,3,10,-7
118000244,0,9,-9
118000246,0,3,-3
118000255,0,17,-17
118000256,0,7,-7
118000259,0,4,-4
118000260,0,0,0
118000261,0,2,-2
118000263,1,12,-11
118000266,41,25,16
118000267,0,26,-26
118000268,0,3,-3
118000270,0,0,0
118000271,0,7,-7
118000272,0,0,0
118000273,5,7,-2
118000274,7,38,-31
118000276,0,14,-14
118000295,1,10,-9
118000298,10,95,-85
118000299,25,56,-31
118000301,0,4,-4
118000302,0,1,-1
118000311,5,26,-21
118000312,2,19,-17
118000313,0,19,-19
118000314,1,4,-3
118000315,3,9,-6
118000316,5,35,-30
118000325,0,2,-2
118000326,0,0,0
118000331,0,1,-1
118000332,0,3,-3
118000333,0,2,-2
118000335,0,0,0
118000336,0,97,-97
118000407,0,0,0
118000457,0,29,-29
118000465,394,257,137
118000480,0,7,-7
118000489,0,0,0
118000490,8,114,-106
118000492,5,9,-4
118000510,4,5,-1
118000514,9,79,-70
118000515,2,25,-23
118000517,114,46,68
118000524,496,187,309
118000525,192,303,-111
118000530,0,0,0
118000531,0,0,0
118000532,39,75,-36
118000533,65,48,17
118000534,31,74,-43
118000535,0,5,-5
118000536,19,14,5
118000537,4,19,-15
118000538,2,6,-4
118000539,1,1,0
118000540,6,26,-20
118000541,3,22,-19
118000542,0,0,0
118000543,0,0,0
118000546,0,11,-11
118000553,0,4,-4
118000557,0,0,0
118000560,272,60,212
118000562,0,0,0
118000563,151,44,107
118000576,5,24,-19
118000577,42,14,28
118000578,21,4,17
118000579,37,101,-64
118000583,0,0,0
118000595,0,0,0
118000596,0,5,-5
118000597,9,27,-18
118000598,0,0,0
118000599,0,0,0
118000600,0,0,0
118000601,0,0,0
118000602,0,0,0
118000603,0,54,-54
118000605,0,16,-16
118900001,0,0,0
118900002,0,11,-11
118900003,0,0,0
118900004,0,0,0
118900005,0,0,0
118900006,0,0,0
118900007,0,0,0
118900008,0,0,0
118900009,0,0,0
118900010,0,0,0
118900011,0,0,0
118900012,0,0,0
118900013,0,0,0
118900015,2,0,2
118900016,0,2,-2
118900017,0,0,0
118900018,0,0,0
118900019,1,0,1
118900020,0,0,0
118900021,0,0,0
118900022,1,0,1
118900023,0,0,0
118900024,0,0,0
118900025,0,0,0
118900026,1,1,0
118900027,0,0,0
118900028,0,0,0
118900029,0,0,0
118900030,0,0,0
118900031,4,10,-6
118900032,0,0,0
118900033,0,0,0
118900034,0,0,0
118900035,2,17,-15
118900036,3,52,-49
118900037,0,0,0
118900038,2,24,-22
118900039,0,0,0
118900040,4,2,2
118900041,0,0,0
118900042,1,10,-9
118900045,1,7,-6
118900046,17,6,11
118900047,33,8,25
118900048,0,0,0
118900049,0,0,0
118900050,2,11,-9
118900051,0,0,0
118900052,0,0,0
118900053,0,0,0
118900054,1,6,-5
118900055,4,15,-11
118900056,0,0,0
118900057,7,25,-18
118900058,0,0,0
118900059,0,0,0
118900060,0,7,-7
118900062,0,0,0
118900064,0,0,0
118900065,0,0,0
118900066,0,0,0
118900067,10,4,6
118900068,0,0,0
118900069,3,21,-18
118900071,0,0,0
118900072,0,0,0
118900073,1,8,-7
118900074,0,0,0
118900075,0,0,0
118900076,0,0,0
118900077,0,14,-14
118900078,0,0,0
118900079,0,0,0
118900080,0,0,0
118900081,0,0,0
118900082,0,2,-2
118900083,0,0,0
118900084,0,0,0
118900085,6,32,-26
118900086,0,0,0
118900087,0,5,-5
118900088,0,4,-4
118900089,0,0,0
118900090,6,19,-13
118900091,0,0,0
118900092,1,17,-16
118900093,0,0,0
118900096,11,11,0
118900097,4,46,-42
118900099,0,16,-16
118900100,0,0,0
118900101,2,48,-46
118900102,2,4,-2
118900103,2,4,-2
118900104,2,10,-8
118900105,25,8,17
118900107,3,8,-5
118900108,3,10,-7
118900110,0,0,0
118900111,0,0,0
118900112,0,0,0
118900113,0,0,0
118900114,0,0,0
118900115,0,0,0
118900116,10,47,-37
118900117,2,42,-40
118900118,6,48,-42
118900119,0,23,-23
118900120,6,28,-22
118900121,0,0,0
118900122,1,15,-14
118900123,12,36,-24
118900124,0,0,0
118900126,0,42,-42
118900129,0,7,-7
118900130,0,0,0
118900131,9,50,-41
118900132,1,2,-1
118900133,0,0,0
118900135,20,11,9
118900136,9,104,-95
118900137,0,0,0
118900139,0,0,0
118900140,18,100,-82
118900141,0,0,0
118900144,6,91,-85
118900145,0,0,0
118900146,5,44,-39
118900147,0,0,0
118900148,0,0,0
118900150,0,0,0
118900152,8,71,-63
118900157,0,0,0
118900158,0,0,0
118900159,0,0,0
118900161,0,0,0
118900163,0,0,0
118900164,0,0,0
118900165,1,28,-27
118900166,14,0,14
118900167,0,11,-11
118900168,0,6,-6
118900169,17,25,-8
118900170,4,4,0
118900171,0,14,-14
118900174,0,6,-6
118900175,1,25,-24
118900176,0,5,-5
118900177,1,2,-1
118900178,1,2,-1
118900179,0,4,-4
118900181,3,2,1
118900182,0,4,-4
118900183,0,0,0
118900184,1,0,1
118900185,0,8,-8
118900186,4,37,-33
118900187,0,0,0
118900188,0,0,0
118900189,0,22,-22
118900190,0,0,0
118900191,0,0,0
118900192,0,0,0
118900193,0,0,0
118900195,0,0,0
118900196,3,9,-6
118900197,0,0,0
118900198,0,2,-2
118900199,2,1,1
118900200,0,0,0
118900201,0,0,0
118900202,4,11,-7
118900203,0,5,-5
118900204,0,2,-2
118900205,0,0,0
118900206,0,6,-6
119000001,72,55,17
119000002,95,174,-79
119000003,47,208,-161
119000004,84,126,-42
119000005,111,162,-51
119000006,127,110,17
119000007,176,254,-78
119000008,215,592,-377
119000009,416,464,-48
119000010,1290,1028,262
119000011,957,356,601
119000012,1150,912,238
119000013,488,266,222
119000014,380,937,-557
119000019,10,16,-6
119000020,98,114,-16
119000021,170,157,13
119000022,85,128,-43
119000023,0,0,0
119000024,162,251,-89
119000025,1211,218,993
119000026,0,0,0
119000027,50,64,-14
119000028,209,221,-12
119000029,0,0,0
119000030,52,198,-146
119000031,117,196,-79
119000032,143,296,-153
119000033,458,305,153
119000034,155,243,-88
119000035,2,135,-133
119000036,101,212,-111
119000037,102,405,-303
119000038,51,206,-155
119000039,11,74,-63
119000040,556,67,489
119000041,616,67,549
119000048,1480,503,977
119000049,86,489,-403
119000050,62,48,14
119000051,80,59,21
119000052,60,38,22
119000053,90,24,66
119000054,95,372,-277
119000055,298,323,-25
119000056,174,282,-108
119000057,42,251,-209
119000058,76,193,-117
119000059,10,13,-3
119000060,53,153,-100
119000061,18,18,0
119000062,120,201,-81
119000063,55,63,-8
119000064,28,46,-18
119000065,16,109,-93
119000066,119,116,3
119000067,52,80,-28
119000068,99,201,-102
119000069,19,59,-40
119000070,157,191,-34
119000071,0,0,0
119000072,443,206,237
119000073,239,375,-136
119000074,41,268,-227
119000075,68,558,-490
119000076,0,0,0
119000077,0,0,0
119000078,0,0,0
119000079,0,0,0
119000080,0,0,0
119000081,0,0,0
119000082,0,0,0
119000083,0,0,0
119000084,0,0,0
119000085,0,0,0
119000086,0,0,0
119000087,28,29,-1
119000088,0,0,0
119000089,1,0,1
119000090,0,0,0
119000091,5,0,5
119000092,0,0,0
119000093,436,341,95
119000094,363,476,-113
119000095,59,220,-161
119000097,366,148,218
119000098,114,258,-144
119000099,134,218,-84
119000100,270,272,-2
119000101,335,486,-151
119000102,9,13,-4
119000103,64,4,60
119000104,316,395,-79
119000105,0,0,0
119000106,29,349,-320
119000107,0,0,0
119000108,59,340,-281
119000109,1,2,-1
119000110,18,46,-28
119000111,0,9,-9
119000112,10,7,3
119000113,105,9,96
119000114,0,3,-3
119000115,73,36,37
119000116,0,0,0
119000117,6,16,-10
119000118,1,1,0
119000123,26,11,15
119000124,0,0,0
119000125,0,0,0
119000126,0,0,0
119000127,52,207,-155
119000128,20,6,14
119000131,100,303,-203
119000132,11,5,6
119000133,0,0,0
119000134,0,0,0
119000135,0,0,0
119000136,1,19,-18
119000137,0,0,0
119000138,7,61,-54
119000139,0,0,0
119000140,12,24,-12
119000284,419,1371,-952
119000285,637,1011,-374
119000286,902,1140,-238
119000287,191,589,-398
119000288,131,339,-208
119000289,236,633,-397
119000290,3,12,-9
119000291,9,107,-98
119000293,74,45,29
119000294,0,0,0
119000295,206,47,159
119000296,0,0,0
119000302,1189,85,1104
119000303,0,0,0
119000304,0,0,0
119000310,0,1,-1
119000314,179,205,-26
119000315,0,0,0
119000316,3,14,-11
119000317,0,0,0
119900001,12,13,-1
119900002,0,0,0
119900003,0,33,-33
119900004,0,1,-1
119900005,0,0,0
119900006,5,14,-9
119900007,0,0,0
119900008,0,0,0
119900009,0,19,-19
119900010,0,55,-55
119900011,0,0,0
119900012,0,1,-1
119900013,37,47,-10
119900014,2,9,-7
119900015,0,0,0
119900016,0,0,0
119900017,0,0,0
119900018,0,0,0
119900019,0,0,0
119900020,0,0,0
119900021,0,0,0
119900022,0,0,0
119900023,0,0,0
119900025,0,0,0
119900026,0,0,0
119900027,0,0,0
119900028,0,0,0
119900029,0,0,0
119900030,0,2,-2
119900031,0,0,0
119900033,99,2,97
119900034,0,0,0
119900037,0,0,0
119900038,0,0,0
119900039,0,0,0
119900040,0,0,0
119900041,0,0,0
119900042,0,0,0
119900043,0,0,0
119900044,0,0,0
119900046,0,0,0
119900047,0,0,0
119900048,0,2,-2
119900049,0,0,0
119900050,0,0,0
119900051,0,0,0
119900052,0,0,0
119900053,0,0,0
119900054,0,0,0
119900055,2,15,-13
119900057,0,0,0
119900058,0,0,0
119900059,0,2,-2
119900060,0,0,0
119900061,0,0,0
119900062,0,0,0
119900063,0,0,0
119900065,0,0,0
119900066,0,0,0
119900067,0,0,0
119900068,0,0,0
119900069,0,1,-1
119900070,0,0,0
119900071,0,0,0
119900073,0,1,-1
119900074,0,0,0
119900075,281,87,194
119900076,0,30,-30
119900077,0,54,-54
119900078,0,0,0
119900079,0,0,0
119900080,0,2,-2
119900081,0,12,-12
119900082,0,8,-8
119900083,0,0,0
119900084,0,4,-4
119900085,14,2,12
119900086,0,134,-134
119900087,0,5,-5
119900088,1,11,-10
119900089,0,124,-124
119900090,6,6,0
119900091,0,117,-117
119900092,0,44,-44
119900093,18,3,15
119900094,3,25,-22
119900095,1,2,-1
119900096,1,2,-1
119900097,46,12,34
119900098,1,1,0
119900099,1,25,-24
119900100,294,106,188
119900101,16,53,-37
119900102,0,23,-23
119900103,1,32,-31
119900104,0,16,-16
119900105,25,156,-131
119900106,3,17,-14
119900107,16,99,-83
119900108,101,91,10
119900109,1,2,-1
119900110,8,98,-90
119900111,0,0,0
119900112,61,10,51
119900113,0,0,0
119900114,1,190,-189
119900115,0,0,0
119900116,0,0,0
119900117,4,80,-76
119900118,0,0,0
119900119,0,0,0
119900120,44,57,-13
119900121,0,25,-25
119900122,0,0,0
119900123,0,0,0
119900124,1,25,-24
119900125,0,0,0
119900126,203,11,192
119900127,0,0,0
119900128,0,0,0
119900129,1,3,-2
119900130,0,0,0
119900131,0,2,-2
119900132,0,0,0
119900133,0,4,-4
119900134,11,1,10
119900135,0,0,0
119900136,0,0,0
119900138,0,0,0
119900139,1,4,-3
119900140,0,1,-1
119900141,0,0,0
119900142,0,0,0
119900143,0,0,0
119900144,0,0,0
119900145,0,0,0
119900146,0,5,-5
119900147,0,0,0
119900148,0,0,0
119900149,0,0,0
119900150,0,0,0
119900151,26,6,20
119900152,0,0,0
119900153,0,0,0
119900154,1,64,-63
119900155,0,8,-8
119900156,0,0,0
119900157,0,0,0
119900158,0,0,0
119900159,1,176,-175
119900160,0,16,-16
119900161,0,0,0
119900162,0,0,0
119900163,4,2,2
119900164,0,1,-1
119900165,0,0,0
119900166,0,0,0
119900167,1,1,0
119900168,0,0,0
119900169,0,3,-3
119900170,1,2,-1
119900171,0,1,-1
119900172,0,0,0
119900173,0,72,-72
119900174,0,3,-3
119900175,0,0,0
119900177,0,34,-34
119900178,0,0,0
119900179,0,0,0
119900180,0,0,0
119900181,0,0,0
119900182,0,32,-32
119900183,1,59,-58
119900184,10,1,9
119900185,0,0,0
119900186,0,1,-1
119900187,0,39,-39
119900188,0,7,-7
119900189,6,3,3
119900190,0,0,0
119900191,0,0,0
119900192,4,11,-7
119900193,0,0,0
119900194,0,0,0
119900195,3,21,-18
119900196,0,0,0
119900197,0,0,0
119900198,3,25,-22
119900199,0,0,0
119900200,1,0,1
119900201,22,17,5
119900202,0,0,0
119900203,0,0,0
119900204,0,0,0
119900205,0,0,0
119900206,0,0,0
119900208,0,1,-1
119900209,0,20,-20
119900210,0,0,0
119900211,0,0,0
119900212,0,18,-18
119900213,1,8,-7
119900214,0,28,-28
119900215,0,8,-8
119900216,0,12,-12
119900217,1,9,-8
119900218,0,0,0
119900219,0,0,0
119900220,0,0,0
119900221,0,0,0
119900222,0,0,0
119900223,0,0,0
119900224,0,0,0
119900225,0,0,0
119900226,0,0,0
119900227,175,20,155
119900228,0,0,0
119900229,0,0,0
119900230,0,0,0
119900231,0,0,0
119900232,0,0,0
119900233,0,0,0
119900234,0,0,0
119900235,0,0,0
119900236,0,0,0
119900237,0,0,0
119900238,0,7,-7
119900240,0,12,-12
119900241,3,42,-39
119900242,0,20,-20
119900244,0,0,0
119900245,1,7,-6
119900246,0,0,0
119900247,0,0,0
119900248,0,0,0
119900249,0,0,0
119900253,0,0,0
119900254,0,0,0
119900255,2,78,-76
119900256,1,60,-59
119900257,0,0,0
119900258,0,2,-2
119900259,0,8,-8
119900260,0,0,0
119900261,0,0,0
119900262,0,24,-24
119900263,17,25,-8
119900264,0,0,0
119900265,0,0,0
119900266,0,0,0
119900267,0,0,0
119900268,0,0,0
119900269,3,4,-1
119900271,0,0,0
119900272,0,0,0
119900275,0,1,-1
119900276,0,0,0
119900277,0,0,0
119900278,5,0,5
119900279,1,3,-2
119900280,40,8,32
119900281,0,20,-20
119900282,1,0,1
119900283,0,0,0
119900284,1,43,-42
119900285,0,0,0
119900286,0,0,0
119900288,0,9,-9
119900289,0,4,-4
119900290,0,10,-10
119900291,0,0,0
119900292,0,1,-1
119900293,0,0,0
119900294,0,3,-3
119900295,0,12,-12
119900296,0,12,-12
119900297,0,2,-2
119900298,0,7,-7
119900299,0,0,0
119900300,0,0,0
119900301,0,0,0
119900302,0,2,-2
119900303,0,12,-12
119900304,0,0,0
119900305,0,0,0
119900306,0,0,0
119900307,0,0,0
119900308,0,0,0
119900309,0,0,0
119900310,4,12,-8
119900311,0,0,0
119900312,0,0,0
119900313,0,0,0
119900314,0,0,0
119900315,3,192,-189
119900318,0,0,0
119900319,1,43,-42
119900320,0,85,-85
119900321,0,0,0
120000001,853,274,579
120000002,355,786,-431
120000003,543,545,-2
120000004,604,662,-58
120000005,3829,791,3038
120000006,346,428,-82
120000007,465,899,-434
120000008,166,632,-466
120000009,562,332,230
120000010,185,729,-544
120000011,122,587,-465
120000012,399,1056,-657
120000013,226,661,-435
120000014,39,344,-305
120000015,274,558,-284
120000016,303,69,234
120000017,39,53,-14
120000018,527,380,147
120000019,68,127,-59
120000020,360,290,70
120000021,304,271,33
120000022,2038,323,1715
120000023,135,200,-65
120000024,255,401,-146
120000025,213,579,-366
120000026,47,520,-473
120000027,317,735,-418
120000028,50,208,-158
120000029,123,81,42
120000030,5,14,-9
120000031,185,91,94
120000032,1712,292,1420
120000033,142,231,-89
120000034,68,363,-295
120000035,68,131,-63
120000036,93,237,-144
120000037,0,0,0
120000038,1308,183,1125
120000039,29,87,-58
120000040,1,11,-10
120000041,18,120,-102
120000042,36,495,-459
120000043,100,242,-142
120000044,145,100,45
120000045,197,96,101
120000046,105,176,-71
120000047,156,239,-83
120000048,932,333,599
120000049,218,309,-91
120000050,167,480,-313
120000051,698,609,89
120000052,1651,125,1526
120000053,56,371,-315
120000054,104,1068,-964
120000055,89,661,-572
120000056,38,637,-599
120000057,33,156,-123
120000058,8,24,-16
120000059,5,31,-26
120000061,45,180,-135
120000062,18,37,-19
120000063,400,772,-372
120000064,45,380,-335
120000065,25,322,-297
120000066,12,62,-50
120000067,2,58,-56
120000068,16,274,-258
120000069,52,409,-357
120000070,0,124,-124
120000071,8,38,-30
120000072,49,145,-96
120000073,35,7,28
120000074,1,15,-14
120000075,12,37,-25
120000076,66,73,-7
120000077,111,117,-6
120000078,392,126,266
120000079,0,0,0
120000080,0,0,0
120000081,0,5,-5
120000082,1,6,-5
120000083,0,6,-6
120000084,36,50,-14
120000085,24,38,-14
120000086,13,104,-91
120000087,1,248,-247
120000088,31,61,-30
120000089,0,0,0
120000090,0,0,0
120000091,0,0,0
120000092,0,0,0
120000093,0,0,0
120000094,0,0,0
120000095,38,54,-16
120000096,17,109,-92
120000098,28,75,-47
120000099,8,74,-66
120000100,60,98,-38
120000101,13,53,-40
120000102,27,51,-24
120000103,58,51,7
120000104,36,10,26
120000105,46,20,26
120000106,36,25,11
120000107,71,27,44
120000108,20,3,17
120000109,86,9,77
120000110,18,249,-231
120000111,23,321,-298
120000112,89,776,-687
120000113,83,607,-524
120000114,75,475,-400
120000115,53,510,-457
120000116,81,533,-452
120000117,275,481,-206
120000118,0,0,0
120000119,0,0,0
120000120,0,0,0
120000121,0,0,0
120000122,0,1,-1
120000123,63,67,-4
120000124,7,10,-3
120000125,9,77,-68
120000126,12,47,-35
120000127,32,84,-52
120000128,98,113,-15
120000129,7,6,1
120000130,0,0,0
120000131,18,60,-42
120000134,0,0,0
120000135,5,22,-17
120000137,0,0,0
120000138,5,21,-16
120000139,0,0,0
120000140,3,34,-31
120000141,0,0,0
120000142,2,23,-21
120000143,0,0,0
120000144,0,0,0
120000145,0,0,0
120000146,215,105,110
120000149,35,66,-31
120000150,24,69,-45
120000151,0,1,-1
120000152,0,0,0
120000153,17,175,-158
120000154,53,258,-205
120000155,0,0,0
120000156,0,0,0
120000157,0,0,0
120000158,78,340,-262
120000159,283,1567,-1284
120000160,387,164,223
120000161,96,321,-225
120000162,10,16,-6
120000163,31,311,-280
120000164,34,121,-87
120000165,23,283,-260
120000166,22,180,-158
120000167,0,4,-4
120000168,1,7,-6
120000169,56,14,42
120000170,76,3,73
120000171,13,1,12
120000172,4,1,3
120000173,98,3,95
120000174,25,0,25
120000175,28,0,28
120000176,12,23,-11
120000177,60,158,-98
120000178,2,1,1
120000179,21,2,19
120000180,24,8,16
120000181,0,5,-5
120000182,5,1,4
120000183,1,25,-24
120000184,5,588,-583
120000186,0,1,-1
120000187,0,5,-5
120000188,0,1,-1
120000190,0,0,0
120000191,0,0,0
120000192,0,0,0
120000193,0,0,0
120000195,0,0,0
120000196,0,0,0
120000197,0,0,0
120000198,0,10,-10
120000199,0,0,0
120000200,0,0,0
120000201,0,0,0
120000202,1,4,-3
120000203,0,33,-33
120000207,0,0,0
120000208,0,0,0
120000209,0,0,0
120000210,0,0,0
120000211,0,0,0
120000212,0,0,0
120000213,0,0,0
120000214,0,0,0
120000215,0,0,0
120000216,0,0,0
120000217,35,87,-52
120000218,23,159,-136
120000219,0,81,-81
120000220,0,217,-217
120000225,0,0,0
120000226,0,0,0
120000227,0,0,0
120000228,548,122,426
120000230,0,0,0
120000231,0,0,0
120000233,0,1,-1
120000235,52,200,-148
120000236,0,1,-1
120000237,0,155,-155
120000238,1,12,-11
120000241,0,0,0
120000412,0,0,0
120000413,0,0,0
120000414,0,0,0
120000415,0,0,0
120000416,0,0,0
120000417,0,0,0
120000418,0,0,0
120000419,0,0,0
120000420,0,0,0
120000421,2486,2613,-127
120000422,86,17,69
120000423,0,13,-13
120000424,0,21,-21
120000436,13,13,0
120000437,75,12,63
120000438,194,72,122
120000439,15,49,-34
120000443,0,0,0
120000444,11,116,-105
120000445,33,28,5
120000446,59,4,55
120000447,0,0,0
120000449,0,0,0
120000450,0,0,0
120000451,1,13,-12
120000452,0,0,0
120000453,0,184,-184
120000454,0,0,0
120000455,8,11,-3
120000456,263,263,0
120000457,92,49,43
120000458,78,134,-56
120000459,0,0,0
120000665,25,2,23
120000668,12,34,-22
120000669,0,0,0
120000670,2,8,-6
120000671,79,57,22
120000672,24,108,-84
120900001,0,0,0
120900002,0,0,0
120900003,0,0,0
120900004,0,2,-2
120900005,0,0,0
120900006,0,0,0
120900007,12,5,7
120900008,0,2,-2
120900009,0,0,0
120900010,0,1,-1
120900011,0,0,0
120900012,21,11,10
120900013,0,0,0
120900014,0,0,0
120900015,0,0,0
120900016,0,0,0
120900017,82,19,63
120900018,0,0,0
120900019,3,2,1
120900020,5,4,1
120900021,0,0,0
120900022,0,0,0
120900023,0,0,0
120900024,48,35,13
120900025,3,1,2
120900026,0,0,0
120900027,0,0,0
120900028,3,0,3
120900029,0,0,0
120900030,3,2,1
120900031,0,0,0
120900032,0,0,0
120900033,0,0,0
120900034,0,0,0
120900035,0,0,0
120900037,2,0,2
120900038,0,0,0
120900039,0,0,0
120900040,0,0,0
120900041,0,0,0
120900042,0,0,0
120900043,0,0,0
120900044,0,0,0
120900045,0,0,0
120900046,2,0,2
120900047,0,0,0
120900048,0,0,0
120900049,0,0,0
120900050,0,0,0
120900051,0,0,0
120900052,0,0,0
120900053,0,0,0
120900054,0,0,0
120900055,1,0,1
120900056,0,0,0
120900057,0,0,0
120900058,0,0,0
120900059,0,0,0
120900060,0,0,0
120900061,0,0,0
120900062,0,0,0
120900063,0,0,0
120900064,0,0,0
120900065,0,0,0
120900066,0,21,-21
120900067,0,0,0
120900068,0,0,0
120900069,0,0,0
120900071,0,0,0
120900072,0,0,0
120900073,0,0,0
120900074,0,0,0
120900076,0,0,0
120900077,0,1,-1
120900078,0,104,-104
120900079,0,0,0
120900080,0,174,-174
120900081,0,0,0
120900082,0,12,-12
120900083,0,1,-1
120900084,0,0,0
120900085,0,0,0
120900086,1,2,-1
120900087,0,0,0
120900088,0,2,-2
120900089,155,29,126
120900090,1,0,1
120900091,0,0,0
120900092,17,21,-4
120900093,0,0,0
120900094,45,15,30
120900095,0,0,0
120900096,0,2,-2
120900097,21,57,-36
120900098,0,0,0
120900099,0,6,-6
120900100,1,9,-8
120900101,0,0,0
120900102,0,0,0
120900103,0,1,-1
120900104,3,5,-2
120900105,0,0,0
120900106,144,70,74
120900107,43,13,30
120900108,0,0,0
120900109,3,83,-80
120900110,0,0,0
120900111,1,40,-39
120900112,0,0,0
120900113,4,116,-112
120900114,0,27,-27
120900115,13,32,-19
120900116,0,30,-30
120900117,0,0,0
120900118,0,113,-113
120900119,0,0,0
120900120,1,47,-46
120900121,21,36,-15
120900122,0,33,-33
120900123,0,0,0
120900124,0,115,-115
120900125,0,64,-64
120900126,66,51,15
120900127,0,0,0
120900128,71,126,-55
120900129,3,61,-58
120900130,0,86,-86
120900131,0,0,0
120900132,0,0,0
120900133,11,118,-107
120900134,27,49,-22
120900135,2,108,-106
120900136,0,0,0
120900137,0,0,0
120900138,1,38,-37
120900139,0,127,-127
120900140,0,0,0
120900141,0,0,0
120900142,2,87,-85
120900143,0,116,-116
120900144,0,33,-33
120900145,4,111,-107
120900146,0,124,-124
120900147,0,1,-1
120900148,0,2,-2
120900149,0,49,-49
120900150,1,51,-50
120900151,1,81,-80
120900152,0,1,-1
120900153,0,0,0
120900154,0,25,-25
120900155,4,138,-134
120900156,0,46,-46
120900157,0,3,-3
120900158,2,92,-90
120900159,0,4,-4
120900160,10,55,-45
120900161,0,36,-36
120900162,0,33,-33
120900163,0,3,-3
120900164,0,0,0
120900165,0,0,0
120900166,0,1,-1
120900167,4,6,-2
120900169,2,63,-61
120900170,35,27,8
120900171,48,12,36
120900172,0,0,0
120900173,0,11,-11
120900174,1,13,-12
120900175,0,0,0
120900176,0,3,-3
120900177,0,6,-6
120900178,0,2,-2
120900179,33,20,13
120900180,0,0,0
120900181,0,0,0
120900182,0,0,0
120900183,0,0,0
120900184,0,0,0
120900185,0,2,-2
120900186,0,80,-80
120900187,1,5,-4
120900188,0,0,0
120900189,0,0,0
120900190,0,0,0
120900191,0,0,0
120900192,184,19,165
120900194,0,0,0
120900195,4,6,-2
120900196,0,0,0
120900197,0,0,0
120900198,8,81,-73
120900199,0,0,0
120900200,0,0,0
120900201,30,14,16
120900202,0,27,-27
120900203,0,0,0
120900204,118,59,59
120900205,0,0,0
120900206,0,0,0
120900207,10,79,-69
121000001,222,358,-136
121000002,215,122,93
121000003,1613,682,931
121000004,529,249,280
121000005,833,626,207
121000006,739,329,410
121000007,942,994,-52
121000008,887,378,509
121000009,2499,1535,964
121000010,2470,584,1886
121000011,5279,1504,3775
121000012,4658,870,3788
121000013,2985,2068,917
121000014,2923,1476,1447
121000015,1180,2158,-978
121000016,2567,1714,853
121000017,309,598,-289
121000018,567,340,227
121000019,3237,1325,1912
121000020,2723,1271,1452
121000021,532,774,-242
121000022,522,489,33
121000023,916,722,194
121000024,620,1042,-422
121000025,132,41,91
121000026,44,37,7
121000027,875,144,731
121000028,112,51,61
121000029,8,44,-36
121000030,38,43,-5
121000031,30,63,-33
121000032,30,27,3
121000034,0,0,0
121000035,12,31,-19
121000036,38,71,-33
121000037,127,103,24
121000038,111,195,-84
121000039,3,38,-35
121000041,22,25,-3
121000042,0,0,0
121000043,27,10,17
121000044,109,103,6
121000045,8,27,-19
121000046,11,41,-30
121000047,2,10,-8
121000049,263,141,122
121000050,75,566,-491
121000051,38,34,4
121000052,52,176,-124
121000053,0,0,0
121000054,4,89,-85
121000055,362,176,186
121000056,188,207,-19
121000057,30,30,0
121000058,111,94,17
121000059,75,115,-40
121000060,89,59,30
121000061,1,42,-41
121000062,53,11,42
121000063,127,169,-42
121000064,29,32,-3
121000065,19,30,-11
121000066,64,41,23
121000067,91,35,56
121000068,0,0,0
121000069,0,0,0
121000070,86,127,-41
121000071,81,188,-107
121000072,99,68,31
121000073,132,168,-36
121000074,16,28,-12
121000075,7,23,-16
121000076,37,15,22
121000077,0,0,0
121000078,27,62,-35
121000080,247,153,94
121000081,248,318,-70
121000082,64,77,-13
121000083,0,0,0
121000084,50,44,6
121000085,286,114,172
121000086,0,0,0
121000087,0,0,0
121000088,90,191,-101
121000089,0,0,0
121000090,53,175,-122
121000091,647,688,-41
121000092,64,32,32
121000093,18,47,-29
121000094,131,68,63
121000095,0,0,0
121000096,1447,685,762
121000097,335,351,-16
121000098,72,169,-97
121000099,100,152,-52
121000100,36,121,-85
121000101,0,0,0
121000102,4,50,-46
121000103,0,0,0
121000104,13,33,-20
121000105,25,98,-73
121000106,0,0,0
121000107,886,802,84
121000109,438,506,-68
121000110,35,78,-43
121000114,695,984,-289
121000115,144,257,-113
121000116,140,233,-93
121000117,6,0,6
121000118,57,7,50
121000119,7,7,0
121000120,0,0,0
121000121,0,0,0
121000123,0,0,0
121000127,0,13,-13
121000128,45,199,-154
121000129,37,122,-85
121000130,79,95,-16
121000131,178,160,18
121000132,180,90,90
121000135,17,9,8
121000136,71,22,49
121000137,49,3,46
121000138,51,56,-5
121000139,88,33,55
121000141,16,33,-17
121000142,98,53,45
121000143,0,0,0
121000144,9,23,-14
121000145,27,115,-88
121000146,79,59,20
121000147,52,44,8
121000148,40,74,-34
121000149,226,231,-5
121000152,98,43,55
121000153,165,89,76
121000154,220,15,205
121000155,202,104,98
121000156,114,146,-32
121000157,141,42,99
121000158,47,40,7
121000159,4,55,-51
121000160,16,49,-33
121000161,0,0,0
121000162,0,0,0
121000165,0,0,0
121000166,16,24,-8
121000168,27,50,-23
121000169,8,67,-59
121000170,70,24,46
121000171,21,72,-51
121000172,89,137,-48
121000173,218,178,40
121000174,51,193,-142
121000175,54,79,-25
121000176,230,81,149
121000177,27,69,-42
121000178,12,6,6
121000179,1,9,-8
121000181,68,84,-16
121000182,120,30,90
121000183,13,6,7
121000184,1,2,-1
121000185,0,0,0
121000186,15,86,-71
121000187,0,0,0
121000188,0,0,0
121000192,89,33,56
121000193,44,69,-25
121000194,1088,575,513
121000195,42,189,-147
121000196,0,0,0
121000197,15,93,-78
121000198,11,48,-37
121000199,17,189,-172
121000200,38,27,11
121000201,0,13,-13
121000202,8,2,6
121000203,2,114,-112
121000204,40,6,34
121000205,29,176,-147
121000206,17,51,-34
121000207,79,66,13
121000208,0,67,-67
121000209,19,278,-259
121000210,51,77,-26
121000211,9,48,-39
121000212,73,113,-40
121000213,66,156,-90
121000214,121,128,-7
121000215,188,133,55
121000216,28,106,-78
121000217,565,181,384
121000218,105,469,-364
121000219,103,57,46
121000220,94,61,33
121000221,30,18,12
121000222,424,712,-288
121000223,41,88,-47
121000224,0,0,0
121000225,109,89,20
121000226,68,78,-10
121000227,1,62,-61
121000228,7,444,-437
121000229,4,234,-230
121000230,38,874,-836
121000231,0,0,0
121000232,0,0,0
121000233,8,22,-14
121000234,0,0,0
121000235,1,1,0
121000236,0,0,0
121000237,0,0,0
121000238,0,0,0
121000239,0,0,0
121000240,0,0,0
121000241,4,0,4
121000242,0,0,0
121000243,0,3,-3
121000244,0,0,0
121000245,0,0,0
121000246,0,1,-1
121000247,2,0,2
121000248,0,1,-1
121000249,9,36,-27
121000250,17,5,12
121000251,3,142,-139
121000252,5,2,3
121000253,43,313,-270
121000254,66,27,39
121000255,12,44,-32
121000256,8,8,0
121000257,7,24,-17
121000258,10,7,3
121000259,8,13,-5
121000260,11,36,-25
121000261,6,0,6
121000262,314,92,222
121000263,105,136,-31
121000271,57,189,-132
121000273,0,2,-2
121000274,0,1,-1
121000275,1,19,-18
121000276,0,0,0
121000278,1,2,-1
121000279,0,6,-6
121000280,0,0,0
121000289,2,1,1
121000290,199,174,25
121000294,8,26,-18
121000297,51,102,-51
121000299,3,79,-76
121000300,109,39,70
121000302,16,72,-56
121000303,106,46,60
121000304,0,0,0
121000305,0,0,0
121000306,0,0,0
121000308,59,42,17
121000309,273,109,164
121000310,17,142,-125
121000311,12,414,-402
121000312,0,0,0
121000313,81,100,-19
121000314,46,18,28
121000315,48,13,35
121000530,91,172,-81
121000531,79,186,-107
121000532,784,338,446
121000533,643,277,366
121000918,2,48,-46
121000919,0,0,0
121000938,18,17,1
121000939,8,3,5
121000956,65,184,-119
121000957,2,51,-49
121000958,4,62,-58
121000959,58,327,-269
121000960,66,372,-306
121000961,5,1,4
121000962,0,0,0
121000963,0,0,0
121000973,1,81,-80
121000976,0,0,0
121000979,0,0,0
121000981,10,0,10
121000982,0,0,0
121000983,20,128,-108
121000984,0,6,-6
121000985,46,64,-18
121000986,2,11,-9
121000987,20,508,-488
121000988,86,11,75
121001302,70,39,31
121001308,1,4,-3
121001309,4,9,-5
121001313,7,97,-90
121001314,2531,1827,704
121001315,1225,637,588
121001326,0,1,-1
121900001,0,0,0
121900002,0,3,-3
121900003,0,0,0
121900004,0,0,0
121900005,0,0,0
121900006,0,0,0
121900007,0,0,0
121900008,0,0,0
121900009,0,0,0
121900010,0,0,0
121900011,0,0,0
121900012,0,0,0
121900013,0,0,0
121900014,0,0,0
121900015,0,0,0
121900016,0,0,0
121900017,0,0,0
121900018,0,0,0
121900019,0,0,0
121900020,0,0,0
121900021,0,0,0
121900022,0,0,0
121900023,0,0,0
121900024,0,0,0
121900025,0,0,0
121900026,0,0,0
121900027,0,0,0
121900028,0,0,0
121900029,0,0,0
121900030,0,0,0
121900031,0,0,0
121900032,0,0,0
121900033,0,0,0
121900034,0,0,0
121900035,0,0,0
121900036,0,0,0
121900037,0,0,0
121900038,0,0,0
121900039,0,0,0
121900040,0,0,0
121900041,0,0,0
121900042,0,0,0
121900043,0,0,0
121900044,0,0,0
121900046,0,0,0
121900047,0,0,0
121900048,0,0,0
121900050,0,0,0
121900051,0,0,0
121900052,0,0,0
121900053,18,52,-34
121900054,0,0,0
121900055,0,0,0
121900058,0,0,0
121900059,0,0,0
121900060,0,0,0
121900061,0,0,0
121900062,0,0,0
121900063,0,0,0
121900064,0,0,0
121900066,0,0,0
121900067,0,0,0
121900069,0,0,0
121900070,0,0,0
121900071,0,0,0
121900072,0,0,0
121900073,0,0,0
121900074,0,0,0
121900075,0,0,0
121900076,0,0,0
121900077,0,0,0
121900078,0,0,0
121900079,0,0,0
121900080,0,0,0
121900082,0,0,0
121900084,0,0,0
121900085,0,0,0
121900086,0,0,0
121900087,0,0,0
121900088,0,0,0
121900089,0,0,0
121900090,0,0,0
121900091,0,0,0
121900092,0,0,0
121900093,0,0,0
121900094,0,0,0
121900095,0,0,0
121900096,0,0,0
121900097,0,0,0
121900098,0,0,0
121900099,0,0,0
121900100,0,0,0
121900101,0,0,0
121900102,0,0,0
121900103,0,0,0
121900104,0,0,0
121900105,0,0,0
121900106,0,0,0
121900107,0,0,0
121900108,0,0,0
121900109,0,0,0
121900110,0,0,0
121900111,0,0,0
121900112,0,0,0
121900113,0,0,0
121900117,0,0,0
121900118,0,0,0
121900119,0,0,0
121900120,0,0,0
121900121,0,0,0
121900122,0,0,0
121900123,0,0,0
121900124,0,0,0
121900125,0,0,0
121900127,0,0,0
121900128,0,0,0
121900129,0,0,0
121900130,0,0,0
121900131,0,0,0
121900132,0,0,0
121900133,0,0,0
121900134,0,0,0
121900135,0,0,0
121900136,0,0,0
121900137,0,0,0
121900138,0,0,0
121900139,0,0,0
121900140,0,0,0
121900141,0,0,0
121900142,0,0,0
121900143,0,0,0
121900144,0,0,0
121900145,0,0,0
121900146,0,0,0
121900147,0,0,0
121900148,0,0,0
121900149,0,0,0
121900150,0,1,-1
121900151,0,0,0
121900152,0,0,0
121900153,0,0,0
121900154,0,0,0
121900155,0,0,0
121900156,1,1,0
121900157,0,0,0
121900158,2,0,2
121900159,0,0,0
121900160,0,0,0
121900161,0,0,0
121900162,0,1,-1
121900163,0,0,0
121900164,0,0,0
121900165,0,0,0
121900166,0,0,0
121900167,0,0,0
121900168,0,0,0
121900169,0,39,-39
121900170,0,0,0
121900171,0,0,0
121900172,0,0,0
121900173,0,0,0
121900174,0,0,0
121900175,0,0,0
121900176,16,91,-75
121900177,1,3,-2
121900178,0,0,0
121900179,0,0,0
121900180,8,3,5
121900182,0,0,0
121900183,0,0,0
121900184,0,0,0
121900186,0,0,0
121900187,0,1,-1
121900188,0,0,0
121900189,0,0,0
121900190,0,0,0
121900191,0,0,0
121900192,0,0,0
121900193,0,0,0
121900194,0,0,0
121900195,0,0,0
121900196,0,0,0
121900197,3,31,-28
121900198,0,0,0
121900199,0,0,0
121900200,0,0,0
121900201,0,0,0
121900202,1,4,-3
121900203,0,0,0
121900204,0,0,0
121900205,0,0,0
121900206,0,0,0
121900207,0,0,0
121900208,0,0,0
121900209,0,0,0
121900210,0,0,0
121900211,0,0,0
121900212,0,0,0
121900213,0,0,0
121900214,0,0,0
121900215,0,0,0
121900216,0,0,0
121900217,0,0,0
121900218,0,0,0
121900220,0,0,0
121900221,0,0,0
121900222,0,0,0
121900223,0,0,0
121900224,0,0,0
121900225,0,0,0
121900226,0,0,0
121900227,0,0,0
121900228,0,0,0
121900230,0,0,0
121900231,0,0,0
121900232,0,0,0
121900233,0,0,0
121900234,0,0,0
121900235,0,0,0
121900236,0,0,0
121900237,0,0,0
121900238,0,0,0
121900239,0,0,0
121900240,0,0,0
121900241,0,0,0
121900242,0,0,0
121900245,0,0,0
121900246,0,0,0
121900247,0,0,0
121900248,0,0,0
121900250,0,0,0
121900251,0,0,0
121900252,0,0,0
121900253,3,16,-13
121900254,0,0,0
121900255,0,0,0
121900258,0,0,0
121900259,0,0,0
121900260,0,0,0
121900261,0,0,0
121900262,0,0,0
121900263,0,0,0
121900264,0,0,0
121900265,0,0,0
121900266,0,0,0
121900267,0,0,0
121900269,0,0,0
121900270,0,0,0
121900271,0,0,0
121900273,0,0,0
121900274,0,0,0
121900277,0,0,0
121900278,0,0,0
121900279,0,0,0
121900280,0,0,0
121900281,0,0,0
121900284,0,0,0
121900286,0,4,-4
121900287,0,1,-1
121900288,0,0,0
121900290,0,0,0
121900291,6,14,-8
121900292,0,0,0
121900293,15,147,-132
121900294,0,0,0
121900295,0,0,0
121900296,0,0,0
121900298,0,0,0
121900299,0,0,0
121900300,0,0,0
121900301,0,0,0
121900302,0,0,0
121900303,0,0,0
121900304,0,0,0
121900305,0,0,0
121900306,0,0,0
121900307,0,0,0
121900308,0,18,-18
121900309,0,14,-14
121900310,1,28,-27
121900311,0,0,0
121900312,0,0,0
121900313,0,0,0
121900314,0,0,0
121900315,0,0,0
121900316,0,0,0
121900317,0,0,0
121900318,0,0,0
121900319,0,0,0
121900320,0,0,0
121900321,0,0,0
121900322,0,0,0
121900323,0,0,0
121900324,0,0,0
121900325,0,0,0
121900326,0,0,0
121900327,0,0,0
121900328,0,0,0
121900329,0,0,0
121900330,0,0,0
121900331,0,0,0
121900332,0,0,0
121900333,0,0,0
121900334,0,0,0
122000001,489,682,-193
122000002,482,191,291
122000003,320,297,23
122000004,394,154,240
122000005,107,115,-8
122000006,105,49,56
122000007,74,98,-24
122000008,705,318,387
122000009,94,9,85
122000010,287,207,80
122000011,211,117,94
122000012,100,166,-66
122000013,92,139,-47
122000014,107,82,25
122000015,97,43,54
122000016,100,79,21
122000017,300,159,141
122000018,219,213,6
122000019,102,185,-83
122000020,18,14,4
122000021,147,45,102
122000022,179,28,151
122000023,68,30,38
122000024,41,105,-64
122000025,46,139,-93
122000026,20,11,9
122000027,159,249,-90
122000028,0,0,0
122000029,0,0,0
122000030,54,32,22
122000031,0,0,0
122000032,27,17,10
122000033,17,30,-13
122000034,159,180,-21
122000035,201,135,66
122000036,46,154,-108
122000037,121,16,105
122000038,44,27,17
122000039,112,76,36
122000040,86,80,6
122000041,0,0,0
122000042,0,0,0
122000043,0,0,0
122000044,0,0,0
122000045,9,7,2
122000046,4,6,-2
122000047,77,23,54
122000048,542,211,331
122000049,770,624,146
122000050,87,164,-77
122000051,0,0,0
122000052,6,5,1
122000053,4,119,-115
122000054,227,205,22
122000055,319,363,-44
122000056,508,435,73
122000057,761,595,166
122000058,471,506,-35
122000059,499,495,4
122000060,216,132,84
122000061,57,36,21
122000062,176,74,102
122000063,41,85,-44
122000064,574,604,-30
122000065,696,555,141
122000066,308,290,18
122000067,171,370,-199
122000068,202,121,81
122000069,645,136,509
122000070,23,16,7
122000071,39,29,10
122000072,121,47,74
122000073,69,77,-8
122000074,10,3,7
122000075,4,8,-4
122000076,90,77,13
122000077,101,232,-131
122000078,231,435,-204
122000079,98,194,-96
122000080,24,50,-26
122000081,10,9,1
122000082,0,0,0
122000083,176,190,-14
122000084,120,233,-113
122000085,140,176,-36
122000086,264,321,-57
122000087,8,14,-6
122000088,43,46,-3
122000089,435,262,173
122000090,18,28,-10
122000091,25,10,15
122000092,9,1,8
122000093,171,499,-328
122000094,975,177,798
122000095,408,289,119
122000096,80,15,65
122000098,1321,698,623
122000099,64,123,-59
122000100,57,44,13
122000101,5,21,-16
122000102,389,136,253
122000103,132,149,-17
122000104,25,13,12
122000105,13,26,-13
122000106,52,39,13
122000107,22,23,-1
122000108,109,94,15
122000109,5,13,-8
122000110,50,89,-39
122000111,282,60,222
122000112,26,61,-35
122000113,25,54,-29
122000114,579,912,-333
122000115,827,368,459
122000116,192,42,150
122000117,75,16,59
122000118,42,25,17
122000119,414,396,18
122000120,323,551,-228
122000121,419,271,148
122000122,60,236,-176
122000123,239,47,192
122000124,112,47,65
122000125,687,135,552
122000126,101,123,-22
122000127,159,262,-103
122000128,44,159,-115
122000129,48,14,34
122000130,46,4,42
122000131,30,9,21
122000132,228,74,154
122000133,89,271,-182
122000134,113,62,51
122000135,101,392,-291
122000136,1,6,-5
122000137,25,20,5
122000139,243,228,15
122000140,267,63,204
122000141,516,67,449
122000142,43,142,-99
122000143,10,17,-7
122000144,51,30,21
122000145,53,76,-23
122000146,0,0,0
122000147,11,3,8
122000148,959,388,571
122000149,190,44,146
122000150,31,31,0
122000151,48,82,-34
122000152,63,35,28
122000153,0,0,0
122000154,0,0,0
122000155,102,67,35
122000156,1312,876,436
122000157,574,574,0
122000158,21,48,-27
122000159,26,42,-16
122000160,87,40,47
122000161,45,23,22
122000162,80,24,56
122000163,0,0,0
122000164,1,0,1
122000165,28,72,-44
122000166,14,7,7
122000167,94,72,22
122000168,2,2,0
122000169,104,41,63
122000170,62,78,-16
122000171,21,61,-40
122000172,100,254,-154
122000173,101,294,-193
122000174,399,358,41
122000175,282,80,202
122000176,2,2,0
122000177,348,601,-253
122000178,33,3,30
122000179,130,197,-67
122000180,269,587,-318
122000181,636,1591,-955
122000182,128,27,101
122000183,187,6,181
122000184,3913,716,3197
122000185,703,551,152
122000186,48,74,-26
122000187,30,71,-41
122000188,72,51,21
122000189,0,0,0
122000190,3,136,-133
122000191,37,40,-3
122000192,89,6,83
122000193,13,12,1
122000194,44,14,30
122000195,0,2,-2
122000196,26,33,-7
122000197,12,9,3
122000198,78,78,0
122000199,24,30,-6
122000200,51,16,35
122000201,765,816,-51
122000202,488,502,-14
122000203,385,315,70
122000204,143,346,-203
122000205,129,170,-41
122000206,60,17,43
122000207,27,55,-28
122000208,22,85,-63
122000209,3,1,2
122000210,132,470,-338
122000211,162,302,-140
122000212,100,76,24
122000213,119,154,-35
122000214,167,247,-80
122000215,308,225,83
122000217,319,475,-156
122000218,0,0,0
122000219,367,390,-23
122000220,57,223,-166
122000221,14,26,-12
122000222,73,2,71
122000223,137,126,11
122000225,113,32,81
122000226,127,443,-316
122000227,34,299,-265
122000228,41,117,-76
122000229,9,132,-123
122000230,4,144,-140
122000231,6,161,-155
122000232,8,173,-165
122000233,0,0,0
122000234,6,2,4
122000235,5,4,1
122000236,25,2,23
122000237,2,3,-1
122000238,23,3,20
122000239,5,16,-11
122000240,12,15,-3
122000241,2,0,2
122000242,0,1,-1
122000243,1,0,1
122000244,2,87,-85
122000245,28,79,-51
122000246,12,15,-3
122000247,72,171,-99
122000248,272,322,-50
122000249,26,19,7
122000250,46,14,32
122000251,94,87,7
122000252,16,2,14
122000253,1,89,-88
122000254,4,4,0
122000255,31,28,3
122000256,98,785,-687
122000257,49,140,-91
122000258,57,63,-6
122000259,3,145,-142
122000260,1,30,-29
122000261,0,8,-8
122000262,1,35,-34
122000263,9,44,-35
122000264,0,0,0
122000265,0,0,0
122000266,0,0,0
122000267,0,0,0
122000268,0,0,0
122000269,0,0,0
122000270,0,0,0
122000271,0,0,0
122000272,0,0,0
122000273,8,3,5
122000274,0,0,0
122000275,1,0,1
122000276,43,53,-10
122000277,130,159,-29
122000278,65,35,30
122000279,16,192,-176
122000280,175,271,-96
122000281,74,204,-130
122000282,5,36,-31
122000283,186,24,162
122000284,26,21,5
122000285,122,93,29
122000286,28,74,-46
122000287,7,6,1
122000288,15,1,14
122000291,130,37,93
122000293,11,12,-1
122000294,0,0,0
122000295,2,0,2
122000296,11,61,-50
122000297,237,151,86
122000299,15,34,-19
122000300,88,202,-114
122000301,909,238,671
122000302,48,23,25
122000303,986,383,603
122000304,2,38,-36
122000305,127,23,104
122000306,7,264,-257
122000307,41,23,18
122000309,12,112,-100
122000310,3,10,-7
122000311,12,16,-4
122000312,10,3,7
122000313,0,3,-3
122000314,8,30,-22
122000315,3,1,2
122000316,37,6,31
122000317,31,5,26
122000318,11,11,0
122000319,24,89,-65
122000320,42,443,-401
122000321,13,167,-154
122000322,560,80,480
122000323,170,103,67
122000324,92,134,-42
122000325,23,78,-55
122000326,0,0,0
122000327,30,61,-31
122000328,96,144,-48
122000330,163,22,141
122000332,6,59,-53
122000333,2,38,-36
122000337,97,660,-563
122000338,38,127,-89
122000340,46,26,20
122000342,217,185,32
122000343,23,309,-286
122000344,0,0,0
122000345,1,0,1
122000346,17,15,2
122000348,41,65,-24
122000349,1,130,-129
122000351,0,0,0
122000352,60,10,50
122000353,3,37,-34
122000355,0,1,-1
122000356,926,339,587
122000357,0,0,0
122000358,0,0,0
122000359,0,0,0
122000360,0,0,0
122000362,2,18,-16
122000364,4,60,-56
122000365,0,0,0
122000366,1,2,-1
122000368,63,60,3
122000370,0,9,-9
122000371,0,0,0
122000372,0,0,0
122000381,2,73,-71
122000382,2,20,-18
122000384,319,200,119
122000385,0,0,0
122000386,4,31,-27
122000387,21,70,-49
122000388,31,18,13
122000389,116,136,-20
122000390,12,38,-26
122000391,0,0,0
122000392,7,49,-42
122000393,0,12,-12
122000394,8,24,-16
122000395,4,29,-25
122000396,15,10,5
122000397,10,23,-13
122000398,0,0,0
122000399,3,8,-5
122000400,0,0,0
122000401,13,21,-8
122000402,0,0,0
122000403,81,599,-518
122000404,19,9,10
122000408,218,203,15
122000503,0,0,0
122000524,0,0,0
122000544,0,0,0
122000616,448,3,445
122000640,0,0,0
122000641,0,1,-1
122000642,0,4,-4
122000643,0,0,0
122000644,33,38,-5
122000645,60,140,-80
122000651,84,166,-82
122000664,13,4,9
122000665,176,184,-8
122000666,27,71,-44
122000673,11,160,-149
122000674,68,21,47
122000675,113,260,-147
122000686,0,0,0
122000687,32,118,-86
122000688,0,0,0
122000689,60,221,-161
122000690,70,294,-224
122000691,0,0,0
122000692,82,112,-30
122000693,0,0,0
122000695,52,163,-111
122000696,3,3,0
122000698,24,255,-231
122000699,27,1,26
122000701,100,112,-12
122000702,0,0,0
122000703,0,0,0
122000712,0,0,0
122000717,30,22,8
122000718,4,5,-1
122000719,0,3,-3
122000720,4,10,-6
122000724,38,7,31
122900001,0,0,0
122900002,0,0,0
122900003,0,0,0
122900004,0,0,0
122900005,0,0,0
122900006,0,0,0
122900007,0,0,0
122900008,0,0,0
122900009,0,0,0
122900010,0,0,0
122900012,0,0,0
122900014,0,0,0
122900015,0,0,0
122900016,0,0,0
122900017,0,0,0
122900018,0,0,0
122900019,0,22,-22
122900020,0,0,0
122900021,0,0,0
122900022,7,66,-59
122900023,2,16,-14
122900024,2,4,-2
122900025,0,0,0
122900026,0,0,0
122900027,0,37,-37
122900028,0,0,0
122900029,0,0,0
122900030,154,11,143
122900031,0,0,0
122900032,2,5,-3
122900033,0,0,0
122900034,0,0,0
122900035,0,0,0
122900036,0,0,0
122900037,0,0,0
122900038,0,20,-20
122900039,0,0,0
122900040,0,0,0
122900041,0,0,0
122900042,0,0,0
122900043,0,0,0
122900044,0,0,0
122900045,0,0,0
122900046,0,0,0
122900047,0,0,0
122900048,0,0,0
122900049,0,0,0
122900051,0,0,0
122900052,0,3,-3
122900053,0,0,0
122900055,0,0,0
122900057,0,0,0
122900061,0,0,0
122900062,8,4,4
122900063,0,0,0
122900064,0,0,0
122900065,3,3,0
122900066,6,8,-2
122900067,0,0,0
122900068,0,0,0
122900069,2,1,1
122900070,2,1,1
122900071,0,12,-12
122900072,2,25,-23
122900073,0,0,0
122900074,0,0,0
122900075,0,3,-3
122900076,0,3,-3
122900077,0,27,-27
122900078,0,21,-21
122900080,0,0,0
122900081,0,0,0
122900082,0,0,0
122900083,0,0,0
122900084,0,0,0
122900086,0,0,0
122900087,0,0,0
122900088,0,0,0
122900089,0,0,0
122900090,0,28,-28
122900091,0,0,0
122900092,0,0,0
122900093,0,0,0
122900094,0,0,0
122900095,0,0,0
122900096,0,0,0
122900097,0,0,0
122900098,0,0,0
122900099,0,0,0
122900100,0,0,0
122900101,0,0,0
122900102,0,0,0
122900103,0,0,0
122900104,0,0,0
122900105,0,0,0
122900106,0,0,0
122900107,0,0,0
122900108,0,0,0
123000001,359,154,205
123000002,1510,647,863
123000003,977,617,360
123000004,1272,1568,-296
123000005,215,379,-164
123000006,650,1124,-474
123000007,253,342,-89
123000008,801,1804,-1003
123000009,1067,704,363
123000010,2205,2699,-494
123000011,412,219,193
123000012,480,1233,-753
123000013,459,139,320
123000014,617,1632,-1015
123000015,1364,262,1102
123000016,1333,1572,-239
123000017,336,154,182
123000018,1,24,-23
123000019,0,4,-4
123000020,0,1,-1
123000021,0,0,0
123000022,0,5,-5
123000023,88,87,1
123000024,57,35,22
123000025,1,5,-4
123000026,1,24,-23
123000027,7,39,-32
123000028,18,2,16
123000029,40,54,-14
123000030,4,145,-141
123000031,1,9,-8
123000032,3,3,0
123000033,3,1,2
123000034,37,53,-16
123000035,10,2,8
123000036,13,10,3
123000037,51,81,-30
123000038,25,123,-98
123000039,166,298,-132
123000040,329,171,158
123000041,33,18,15
123000042,169,159,10
123000043,306,323,-17
123000044,749,507,242
123000045,1790,555,1235
123000046,9,7,2
123000047,457,234,223
123000048,0,0,0
123000049,952,165,787
123000050,123,85,38
123000051,1,5,-4
123000052,128,208,-80
123000053,825,315,510
123000054,299,175,124
123000055,133,130,3
123000056,251,745,-494
123000057,2654,1203,1451
123000058,37,48,-11
123000059,24,51,-27
123000060,58,45,13
123000061,11,32,-21
123000063,82,137,-55
123000064,67,90,-23
123000065,1272,977,295
123000066,221,129,92
123000067,29,54,-25
123000068,899,1207,-308
123000069,2930,1491,1439
123000070,36,49,-13
123000071,20,39,-19
123000072,242,383,-141
123000073,16,20,-4
123000074,126,379,-253
123000075,9,48,-39
123000076,27,181,-154
123000077,1199,782,417
123000078,31,39,-8
123000079,18,28,-10
123000080,292,733,-441
123000081,21,50,-29
123000082,70,144,-74
123000083,37,6,31
123000084,59,215,-156
123000085,2,6,-4
123000086,5,21,-16
123000087,3,28,-25
123000088,96,198,-102
123000089,0,0,0
123000090,339,508,-169
123000091,0,0,0
123000092,193,380,-187
123000094,14,37,-23
123000095,2,9,-7
123000096,4,11,-7
123000097,57,246,-189
123000098,6,21,-15
123000099,94,226,-132
123000100,96,94,2
123000101,4,2,2
123000102,30,113,-83
123000104,27,70,-43
123000105,168,180,-12
123000106,48,88,-40
123000107,70,170,-100
123000108,136,243,-107
123000111,23,2,21
123000112,17,33,-16
123000113,56,311,-255
123000114,9,9,0
123000115,27,50,-23
123000116,1,29,-28
123000117,113,344,-231
123000118,99,211,-112
123000119,42,177,-135
123000120,59,135,-76
123000121,56,49,7
123000122,209,129,80
123000123,80,15,65
123000124,171,225,-54
123000125,82,12,70
123000126,31,89,-58
123000127,932,462,470
123000128,68,118,-50
123000129,0,0,0
123000130,0,0,0
123000131,14,141,-127
123000132,74,130,-56
123000133,55,128,-73
123000134,90,28,62
123000135,49,96,-47
123000136,55,340,-285
123000137,16,81,-65
123000138,13,136,-123
123000139,0,0,0
123000140,22,184,-162
123000141,0,0,0
123000142,228,268,-40
123000143,290,830,-540
123000144,2,2,0
123000145,10,22,-12
123000146,3,13,-10
123000147,0,11,-11
123000149,0,0,0
123000150,0,0,0
123000151,42,36,6
123000152,17,98,-81
123000153,37,32,5
123000154,165,89,76
123000155,222,125,97
123000156,15,21,-6
123000157,124,202,-78
123000158,0,0,0
123000159,248,155,93
123000160,66,22,44
123000161,159,26,133
123000162,46,41,5
123000163,0,0,0
123000164,0,0,0
123000165,39,374,-335
123000166,4,31,-27
123000167,2,60,-58
123000168,23,75,-52
123000169,0,0,0
123000170,0,51,-51
123000171,0,10,-10
123000172,38,210,-172
123000173,0,0,0
123000174,0,0,0
123000175,178,426,-248
123000176,0,0,0
123000177,17,196,-179
123000178,0,0,0
123000179,4,136,-132
123000180,185,15,170
123000181,48,353,-305
123000182,9,102,-93
123000183,39,18,21
123000184,27,163,-136
123000185,0,0,0
123000186,0,250,-250
123000187,0,0,0
123000188,0,0,0
123000189,3,42,-39
123000190,0,16,-16
123000192,0,95,-95
123000193,7,95,-88
123000194,89,49,40
123000195,0,0,0
123000196,0,1,-1
123000197,0,34,-34
123000198,1,60,-59
123000199,1,147,-146
123000200,0,0,0
123000201,0,0,0
123000202,7,442,-435
123000203,0,0,0
123000204,16,456,-440
123000205,43,486,-443
123000206,52,2,50
123000207,3,176,-173
123000208,15,3,12
123000209,98,13,85
123000210,78,343,-265
123000211,95,638,-543
123000212,0,0,0
123000213,0,0,0
123000215,579,39,540
123000216,0,0,0
123000217,0,0,0
123000218,31,88,-57
123000219,0,0,0
123000220,0,0,0
123000221,0,0,0
123000222,4,6,-2
123000223,7,6,1
123000224,10,36,-26
123000225,3,28,-25
123000226,0,115,-115
123000227,9,98,-89
123000228,4,29,-25
123000229,240,563,-323
123000232,17,189,-172
123000233,0,0,0
123000234,24,245,-221
123000235,0,0,0
123000236,30,283,-253
123000237,0,0,0
123000238,10,143,-133
123000239,100,553,-453
123000240,5,51,-46
123000241,0,0,0
123000242,2,35,-33
123000243,198,322,-124
123000244,261,245,16
123000245,26,91,-65
123000249,966,302,664
123000252,1,0,1
123000253,0,0,0
123000254,18,160,-142
123000255,25,48,-23
123000256,22,59,-37
123000257,424,527,-103
123000258,111,344,-233
123000259,21,48,-27
123000260,22,89,-67
123000261,12,25,-13
123000262,7,42,-35
123000263,16,4,12
123000264,2,2,0
123000265,16,22,-6
123000266,34,129,-95
123000267,0,0,0
123000268,14,16,-2
123000269,0,0,0
123000270,0,0,0
123000271,4,11,-7
123000272,0,0,0
123000273,0,0,0
123000274,0,0,0
123000275,52,334,-282
123000278,481,405,76
123000279,0,0,0
123000280,5,51,-46
123000281,0,0,0
123000282,13,47,-34
123000283,0,0,0
123000284,9,49,-40
123000286,49,24,25
123000287,41,43,-2
123000288,0,0,0
123000289,0,0,0
123000291,69,326,-257
123000294,5,30,-25
123000295,228,51,177
123000296,25,14,11
123000297,3,6,-3
123000298,13,23,-10
123000299,0,0,0
123000300,18,94,-76
123000301,6,47,-41
123000302,0,3,-3
123000303,0,0,0
123000305,208,190,18
123000306,2,48,-46
123000309,5,16,-11
123000310,0,0,0
123000311,0,86,-86
123000312,100,186,-86
123000313,0,0,0
123000315,4,10,-6
123000316,282,108,174
123000317,0,0,0
123000318,2,30,-28
123000329,230,13,217
123000337,1,44,-43
123000338,1,7,-6
123000339,1,187,-186
123000340,3,24,-21
123000342,0,35,-35
123000343,0,0,0
123000344,112,71,41
123000345,29,117,-88
123000346,0,0,0
123000352,309,309,0
123000353,0,15,-15
123000354,10,3,7
123000355,1,85,-84
123000356,2,0,2
123000357,0,42,-42
123000359,0,41,-41
123000360,0,0,0
123000361,25,56,-31
123000362,6,26,-20
123000363,2,67,-65
123000364,16,11,5
123000365,4,83,-79
123000366,59,130,-71
123000367,39,187,-148
123000370,4,65,-61
123000371,0,0,0
123000372,8,1,7
123000373,0,132,-132
123000374,2,45,-43
123000375,4,0,4
123000376,33,50,-17
123000377,0,0,0
123000378,1,64,-63
123000379,2,73,-71
123000380,3,36,-33
123000381,11,2,9
123000382,29,4,25
123000383,8,126,-118
123000384,19,7,12
123000385,12,192,-180
123000436,17,248,-231
123000507,24,20,4
123000508,4,68,-64
123000517,113,15,98
123000518,4,37,-33
123000519,131,33,98
123000520,20,51,-31
123000521,71,49,22
123000522,26,99,-73
123000541,0,0,0
123000542,0,7,-7
123000565,62,9,53
123000566,14,181,-167
123000567,20,69,-49
123000573,20,360,-340
123000574,0,0,0
123000575,79,441,-362
123000576,23,503,-480
123000577,25,274,-249
123000578,0,0,0
123000579,254,44,210
123000580,48,3,45
123000582,0,0,0
123000583,3,121,-118
123000584,0,0,0
123000585,0,34,-34
123000586,0,1,-1
123000596,14,41,-27
123000597,0,0,0
123000602,0,0,0
123000603,14,118,-104
123000604,7,302,-295
123000605,304,40,264
123000606,2,706,-704
123000609,4,199,-195
123000610,5,3,2
123000613,68,77,-9
123000614,0,0,0
123000615,48,105,-57
123000616,0,0,0
123000617,25,209,-184
123000618,26,132,-106
123000619,0,0,0
123000620,26,130,-104
123000622,0,0,0
123000624,0,0,0
123000630,30,43,-13
123000631,27,502,-475
123000632,219,251,-32
123000633,0,33,-33
123000634,0,0,0
123000635,56,28,28
123000636,2,125,-123
123000637,0,0,0
123000638,0,0,0
123000639,0,0,0
123000640,1,332,-331
123000648,0,0,0
123000649,12,182,-170
123900001,13,2,11
123900002,0,0,0
123900003,0,0,0
123900005,0,0,0
123900006,0,0,0
124000001,177,7,170
124000002,80,505,-425
124000003,8,0,8
124000004,11,274,-263
124000005,10,1,9
124000006,83,474,-391
124000007,12,0,12
124000008,4,199,-195
124000009,11,2,9
124000010,11,257,-246
124000011,17,5,12
124000012,70,409,-339
124000017,0,0,0
124000018,73,38,35
124000019,0,0,0
124000020,19,89,-70
124000021,0,0,0
124000022,32,96,-64
124000023,231,147,84
124000024,213,234,-21
124000025,177,69,108
124000026,225,195,30
124000027,1077,280,797
124000028,1016,1801,-785
124000030,794,353,441
124000031,69,1,68
124000032,985,351,634
124000033,110,3,107
124000034,358,424,-66
124000035,17,2,15
124000036,42,313,-271
124000037,29,2,27
124000038,8,48,-40
124000039,134,50,84
124000040,102,223,-121
124000041,44,7,37
124000042,13,143,-130
124000043,11,10,1
124000044,18,85,-67
124000045,0,0,0
124000046,53,306,-253
124000047,0,0,0
124000048,122,571,-449
124000049,0,0,0
124000050,138,774,-636
124000051,0,0,0
124000052,86,517,-431
124000053,0,0,0
124000054,248,253,-5
124000055,0,0,0
124000056,611,686,-75
124000057,0,0,0
124000058,125,507,-382
124000059,23,48,-25
124000060,384,262,122
124000061,16,83,-67
124000062,1749,531,1218
124000063,469,717,-248
124000064,482,686,-204
124000065,13,72,-59
124000066,0,0,0
124000067,0,0,0
124000068,1,16,-15
124000069,0,0,0
124000070,13,117,-104
124000071,0,0,0
124000072,10,72,-62
124000073,0,0,0
124000074,46,175,-129
124000075,0,0,0
124000076,8,76,-68
124000077,263,158,105
124000078,27,5,22
124000079,188,189,-1
124000080,0,0,0
124000081,15,157,-142
124000082,0,0,0
124000083,6,25,-19
124000084,0,3,-3
124000085,3,17,-14
124000086,0,0,0
124000087,0,0,0
124000088,0,0,0
124000089,12,5,7
124000090,14,161,-147
124000091,13,15,-2
124000092,11,283,-272
124000093,0,0,0
124000094,5,26,-21
124000095,0,0,0
124000096,11,25,-14
124000097,0,0,0
124000098,4,57,-53
124000099,5,5,0
124000100,10,53,-43
124000101,1,13,-12
124000102,21,31,-10
124000103,1,7,-6
124000104,10,45,-35
124000105,0,4,-4
124000106,21,39,-18
124000107,0,14,-14
124000108,9,16,-7
124000109,0,0,0
124000110,11,34,-23
124000111,5,31,-26
124000112,12,52,-40
124000113,0,3,-3
124000114,5,62,-57
124000115,48,64,-16
124000116,0,3,-3
124000117,22,17,5
124000118,1,6,-5
124000119,36,113,-77
124000120,1,3,-2
124000121,127,37,90
124000122,428,318,110
124000123,119,59,60
124000124,72,192,-120
124000125,39,55,-16
124000126,87,163,-76
124000127,67,60,7
124000128,65,439,-374
124000129,186,356,-170
124000130,276,166,110
124000131,100,75,25
124000132,376,346,30
124000133,21,32,-11
124000134,112,172,-60
124000135,83,54,29
124000136,120,236,-116
124000137,48,43,5
124000138,191,225,-34
124000139,0,0,0
124000140,4,96,-92
124000141,0,0,0
124000142,21,81,-60
124000143,0,0,0
124000144,2,44,-42
124000145,0,0,0
124000146,3,33,-30
124000148,0,0,0
124000149,24,1,23
124000150,76,168,-92
124000151,6,3,3
124000152,92,203,-111
124000153,5,2,3
124000154,78,270,-192
124000155,11,7,4
124000156,268,224,44
124000169,3,7,-4
124000170,72,114,-42
124000171,1,11,-10
124000172,23,129,-106
124000173,3,5,-2
124000174,31,147,-116
124000175,7,55,-48
124000176,0,0,0
124000177,10,21,-11
124000178,0,0,0
124000190,5,1,4
124000191,30,8,22
124000192,19,5,14
124000193,73,451,-378
124000194,104,182,-78
124000195,33,110,-77
124000196,244,469,-225
124000197,14,5,9
124000198,0,2,-2
124000201,5,238,-233
124000202,0,15,-15
124000203,6,278,-272
124000204,2,58,-56
124000205,5,211,-206
124000206,2,79,-77
124000207,2,68,-66
124000209,31,172,-141
124000210,6,87,-81
124000211,0,0,0
124000212,1,179,-178
124000213,7,148,-141
124000214,0,108,-108
124000215,0,0,0
124000216,2,174,-172
124000329,21,605,-584
124000338,14,276,-262
124000339,4,1,3
124000341,6,0,6
124000344,0,0,0
124000357,95,47,48
124000358,160,104,56
124000359,27,25,2
124000360,6,17,-11
124000361,39,25,14
124000362,380,926,-546
124000363,122,330,-208
124000364,225,663,-438
124000365,470,1240,-770
124000366,597,859,-262
124000367,58,184,-126
124000368,0,1,-1
124000369,9,8,1
124000370,18,226,-208
124000402,0,0,0
124000403,0,0,0
124000404,0,33,-33
124000405,148,81,67
124000406,164,319,-155
124000407,2,9,-7
124000411,0,67,-67
124000412,0,0,0
124000413,0,0,0
124000414,4,24,-20
124000415,8,50,-42
124000416,20,67,-47
124000417,4,29,-25
124000418,6,15,-9
124000419,2,63,-61
124000420,0,13,-13
124000421,2,123,-121
124000422,1,1,0
124000423,1,5,-4
124000424,2,54,-52
124000425,0,0,0
124000426,2,73,-71
124000427,0,0,0
124000428,5,15,-10
124000429,1,160,-159
124000430,38,87,-49
124000431,27,87,-60
124000432,38,144,-106
124000439,0,0,0
124000443,0,6,-6
124000445,10,2,8
124000446,240,17,223
124000447,0,0,0
124900001,0,0,0
124900002,0,0,0
124900003,0,0,0
124900004,0,0,0
124900005,0,0,0
124900006,0,0,0
124900008,0,0,0
124900009,0,0,0
124900010,0,0,0
124900011,0,0,0
124900012,0,0,0
124900013,0,0,0
124900014,0,0,0
124900015,0,0,0
124900016,0,0,0
124900017,0,0,0
124900018,0,0,0
124900020,0,0,0
124900021,0,0,0
124900022,0,0,0
124900024,0,0,0
124900026,0,2,-2
124900027,0,0,0
124900028,0,0,0
124900029,0,0,0
124900030,0,0,0
124900031,0,0,0
124900032,0,0,0
124900033,1,3,-2
124900034,0,0,0
124900035,0,3,-3
124900036,0,0,0
124900037,1,3,-2
124900038,0,0,0
124900039,0,0,0
124900040,0,0,0
124900041,3,60,-57
124900042,0,0,0
124900043,16,66,-50
124900044,0,0,0
124900045,25,48,-23
124900047,2,5,-3
124900048,6,3,3
124900050,5,8,-3
124900052,3,23,-20
124900053,2,35,-33
124900054,371,33,338
124900055,0,16,-16
124900057,0,5,-5
124900060,1,30,-29
124900061,0,0,0
124900062,0,0,0
124900066,0,4,-4
124900067,1,26,-25
124900068,0,0,0
124900070,0,0,0
124900072,0,0,0
124900075,0,0,0
124900076,0,0,0
124900077,0,0,0
124900078,0,0,0
124900079,2,1,1
124900080,7,55,-48
124900081,0,0,0
124900082,0,8,-8
124900083,3,41,-38
124900085,0,0,0
124900086,0,0,0
124900087,0,0,0
124900088,0,0,0
124900089,34,0,34
124900090,0,0,0
124900091,0,0,0
124900092,0,0,0
124900093,0,0,0
124900094,0,0,0
124900095,0,0,0
124900096,0,0,0
124900097,0,0,0
124900098,0,0,0
124900099,0,0,0
124900100,0,0,0
124900101,0,0,0
124900102,0,0,0
124900103,1,3,-2
124900104,0,4,-4
124900105,0,2,-2
124900106,0,0,0
124900107,0,0,0
124900108,0,0,0
124900111,0,1,-1
124900112,2,79,-77
124900113,0,1,-1
124900114,0,0,0
124900115,0,0,0
124900116,0,0,0
124900117,0,0,0
124900118,0,0,0
124900119,0,0,0
124900120,2,24,-22
124900121,0,0,0
124900122,58,16,42
124900123,0,0,0
124900124,3,10,-7
204000001,0,0,0
204000002,0,0,0
204000003,0,0,0
204000004,0,0,0
204000005,0,0,0
204000006,0,0,0
204000011,33,62,-29
204000012,9,139,-130
204000019,160,121,39
204000020,52,99,-47
204000021,153,126,27
204000022,57,90,-33
204000023,207,759,-552
204000031,0,0,0
204000032,0,0,0
204000034,65,272,-207
204000035,5,3,2
204000036,20,13,7
204000037,10,5,5
204000038,0,15,-15
204000039,7,19,-12
204000040,8,15,-7
204000041,2,11,-9
204000042,0,0,0
204000043,0,0,0
204000044,0,0,0
204000045,0,0,0
204000046,0,0,0
204000057,3,6,-3
204000062,42,81,-39
204000068,40,99,-59
204000069,12,47,-35
204000070,0,0,0
204000080,29,60,-31
204000085,313,530,-217
204000086,1043,760,283
204000087,42,94,-52
204000088,18,64,-46
204000090,50,266,-216
204000093,0,0,0
204000096,1,4,-3
204000097,0,0,0
204000099,15,22,-7
204000100,8,2,6
204000105,481,524,-43
204000110,306,569,-263
204000111,162,266,-104
204000112,131,402,-271
204000113,88,304,-216
204000114,62,44,18
204000115,50,48,2
204000116,43,70,-27
204000119,1,2,-1
204000132,0,0,0
204000133,0,0,0
204000134,0,0,0
204000135,0,0,0
204000136,0,0,0
204000138,0,0,0
204000140,0,0,0
204000141,0,0,0
204000144,0,0,0
204000145,0,0,0
204000146,70,163,-93
204000147,19,96,-77
204000148,0,0,0
204000154,0,0,0
204000155,7,8,-1
204000177,0,0,0
204000179,0,0,0
204000180,0,71,-71
204000222,1,6,-5
204000235,18,13,5
204000236,19,151,-132
204000238,0,0,0
204000240,30,27,3
204000263,246,472,-226
204000268,0,0,0
204000308,0,0,0
204000317,40,38,2
204000322,7,17,-10
204000323,0,0,0
204000328,0,0,0
204000329,68,74,-6
204000330,0,0,0
204000331,97,122,-25
205000001,706,411,295
205000013,1,33,-32
205000014,3,98,-95
205000015,17,171,-154
205000016,3,114,-111
205000017,12,45,-33
205000022,136,384,-248
205000025,769,632,137
205000029,68,23,45
205000045,24,90,-66
205000046,25,256,-231
205000047,14,260,-246
205000048,72,463,-391
205000049,55,437,-382
205000050,344,247,97
205000059,2,201,-199
205000060,0,18,-18
205000061,1,9,-8
205000062,1,14,-13
205000063,2,21,-19
205000064,13,82,-69
205000065,19,238,-219
205000066,28,445,-417
205000067,13,655,-642
205000069,356,188,168
205000082,0,0,0
205000110,35,169,-134
205000111,103,182,-79
205000112,0,0,0
205000113,107,74,33
205000121,0,0,0
205000123,77,106,-29
205000126,0,0,0
205000127,0,0,0
205000128,0,0,0
205000129,0,0,0
205000130,0,0,0
205000131,0,0,0
205000132,0,0,0
205000133,0,0,0
205000134,0,0,0
205000137,54,62,-8
205000138,66,128,-62
205000139,15,45,-30
205000144,0,0,0
205000145,0,0,0
205000151,0,0,0
205000152,0,0,0
205000153,0,0,0
205000154,0,0,0
205000155,0,0,0
205000207,189,190,-1
205000233,0,1,-1
205000234,1,1,0
205000243,0,0,0
205000244,0,1,-1
205000245,18,186,-168
205000249,0,8,-8
205000250,0,0,0
205000264,2,56,-54
206000027,0,0,0
206000028,0,0,0
206000043,4,94,-90
206000053,8,14,-6
206000054,8,19,-11
206000055,4,36,-32
206000075,5,12,-7
206000076,18,25,-7
206000077,8,4,4
206000078,8,12,-4
206000079,31,12,19
206000082,0,0,0
206000100,25,404,-379
206000103,14,28,-14
206000104,31,49,-18
206000105,3,36,-33
206000106,33,64,-31
206000125,0,0,0
206000157,204,691,-487
206000170,0,251,-251
206000171,3,183,-180
206000172,9,512,-503
206000173,2,179,-177
206000174,3,134,-131
206000175,2,156,-154
206000176,20,254,-234
206000177,2,187,-185
206000178,4,140,-136
206000179,0,87,-87
206000180,18,113,-95
206000181,11,160,-149
206000182,55,188,-133
206000183,20,444,-424
206000184,13,241,-228
206000185,20,162,-142
206000186,67,589,-522
206000223,4,154,-150
206000226,0,0,0
206000227,0,0,0
206000237,14,180,-166
206000238,32,292,-260
206000239,383,655,-272
206000240,1,40,-39
206000241,2,151,-149
206000242,15,255,-240
206000243,9,228,-219
206000244,59,497,-438
206000245,63,14,49
206000246,5,0,5
206000247,22,2,20
206000248,12,1,11
206000252,24,51,-27
206000258,12,42,-30
206000315,57,6,51
206000317,48,10,38
206000318,44,15,29
206000319,78,19,59
206000320,17,5,12
206000321,16,2,14
206000322,0,0,0
206000323,0,0,0
206000324,0,0,0
206000325,0,0,0
206000326,0,0,0
206000327,3,1,2
206000328,8,1,7
206000329,20,0,20
206000330,0,0,0
206000331,5,0,5
206000332,0,0,0
206000333,13,0,13
206000334,10,0,10
206000335,1,31,-30
206000361,11,228,-217
206000392,3,47,-44
206000405,24,0,24
206000441,0,0,0
206000498,4,6,-2
206000515,259,25,234
206000530,0,0,0
206000531,0,0,0
206000532,0,0,0
206000535,87,285,-198
206000536,7,96,-89
206000537,4,52,-48
206000613,0,0,0
206000784,442,109,333
207000001,84,315,-231
207000002,22,251,-229
207000003,33,210,-177
207000007,68,5,63
207000008,4,1,3
207000009,14,3,11
207000010,145,142,3
207000012,0,0,0
207000015,203,449,-246
207000019,54,17,37
207000021,33,21,12
207000022,9,8,1
207000023,12,15,-3
207000024,4,3,1
207000025,0,4,-4
207000026,42,86,-44
207000027,12,70,-58
207000028,24,157,-133
207000029,103,307,-204
207000033,45,49,-4
207000034,7,5,2
207000039,0,0,0
207000040,0,0,0
207000041,0,0,0
207000042,0,0,0
207000043,0,0,0
207000051,24,239,-215
207000052,1,178,-177
207000053,252,526,-274
207000054,17,76,-59
207000055,49,124,-75
207000056,109,278,-169
207000057,143,186,-43
207000058,48,317,-269
207000059,49,536,-487
207000060,19,86,-67
207000061,3,11,-8
207000062,29,26,3
207000063,21,55,-34
207000064,68,64,4
207000065,27,85,-58
207000066,31,81,-50
207000067,4,51,-47
207000068,12,17,-5
207000069,236,102,134
207000082,3,5,-2
207000083,22,123,-101
207000084,4,3,1
207000085,20,0,20
207000086,3,0,3
207000106,0,0,0
207000107,0,0,0
207000108,0,0,0
207000109,0,0,0
207000110,0,0,0
207000111,0,0,0
207000112,0,0,0
207000114,7,23,-16
207000115,8,51,-43
207000116,15,153,-138
207000117,2,73,-71
207000118,1,89,-88
207000119,4,113,-109
207000123,0,0,0
207000124,0,0,0
207000125,0,0,0
207000126,0,0,0
207000134,1,20,-19
207000135,3,23,-20
207000148,0,0,0
207000149,23,22,1
207000152,69,265,-196
207000153,961,702,259
207000154,54,26,28
207000159,34,150,-116
207000160,55,325,-270
207000238,0,41,-41
207000242,1,107,-106
207000248,11,12,-1
207000249,42,40,2
207000250,112,38,74
207000251,27,31,-4
207000252,36,55,-19
207000278,0,0,0
207000279,29,141,-112
207000280,14,2,12
207000281,39,340,-301
207000282,1,5,-4
207000283,30,48,-18
207000284,3,7,-4
207000285,0,0,0
207000291,2,83,-81
207000304,24,19,5
207000306,25,283,-258
207000310,0,0,0
207000353,0,0,0
207000356,11,16,-5
207000357,0,0,0
207000358,0,0,0
207000415,9,75,-66
207000417,0,0,0
207000418,29,59,-30
207000438,0,9,-9
207000439,270,83,187
207000446,0,0,0
207000460,2,3,-1
207000466,105,173,-68
207000467,0,0,0
207000468,17,233,-216
207000476,0,6,-6
207000477,4,15,-11
207000478,0,9,-9
207000523,0,10,-10
207000524,0,0,0
207000527,20,32,-12
207000530,0,0,0
207000531,0,0,0
207000532,0,0,0
207000534,0,0,0
207000535,19,90,-71
207000537,14,50,-36
207000540,4,72,-68
207000541,1,206,-205
207000548,4,125,-121
207000549,0,0,0
207000561,0,0,0
207000562,7,79,-72
207000567,163,200,-37
207000568,1,16,-15
207000569,11,241,-230
207000584,141,57,84
207000585,0,0,0
207000587,0,0,0
207000616,1,207,-206
207000617,0,0,0
207000624,0,0,0
207000631,0,0,0
207900008,2,30,-28
208000001,17,82,-65
208000002,12,37,-25
208000003,40,67,-27
208000004,42,86,-44
208000005,3,13,-10
208000019,0,0,0
208000020,0,0,0
208000021,18,140,-122
208000022,155,184,-29
208000028,39,10,29
208000033,99,175,-76
208000034,204,372,-168
208000037,0,0,0
208000040,0,0,0
208000041,0,0,0
208000042,0,0,0
208000047,24,152,-128
208000064,0,0,0
208000066,0,0,0
208000070,0,0,0
208000071,0,0,0
208000072,0,0,0
208000080,13,39,-26
208000081,6,27,-21
208000082,34,132,-98
208000083,36,195,-159
208000084,0,0,0
208000085,241,329,-88
208000086,183,483,-300
208000087,69,297,-228
208000089,170,180,-10
208000090,144,327,-183
208000093,13,34,-21
208000094,126,198,-72
208000095,207,156,51
208000104,0,0,0
208000105,0,0,0
208000114,0,0,0
208000115,31,155,-124
208000116,0,0,0
208000117,0,0,0
208000118,0,0,0
208000155,124,403,-279
208000158,867,841,26
208000186,0,0,0
208000204,92,295,-203
208000205,258,354,-96
208000282,1441,387,1054
209000004,44,46,-2
209000005,7,15,-8
209000006,92,129,-37
209000007,72,86,-14
209000010,167,68,99
209000011,39,95,-56
209000012,37,178,-141
209000013,61,291,-230
209000014,208,701,-493
209000025,25,27,-2
209000026,178,27,151
209000027,61,529,-468
209000028,81,595,-514
209000029,204,596,-392
209000030,115,831,-716
209000031,1594,1643,-49
209000034,78,322,-244
209000035,40,162,-122
209000036,59,79,-20
209000037,28,115,-87
209000038,60,179,-119
209000039,45,85,-40
209000040,97,348,-251
209000041,113,292,-179
209000042,95,251,-156
209000043,152,245,-93
209000044,166,240,-74
209000045,48,111,-63
209000046,36,144,-108
209000047,34,89,-55
209000048,46,71,-25
209000049,58,97,-39
209000050,93,197,-104
209000051,105,202,-97
209000052,46,170,-124
209000062,6,69,-63
209000063,7,44,-37
209000064,7,72,-65
209000065,0,0,0
209000066,0,0,0
209000067,0,0,0
209000080,12,62,-50
209000082,0,0,0
209000091,14,40,-26
209000093,42,33,9
209000094,161,75,86
209000110,0,0,0
209000111,144,555,-411
209000112,144,179,-35
209000113,176,148,28
209000114,83,99,-16
209000115,60,60,0
209000116,633,250,383
209000118,0,0,0
209000119,20,5,15
209000121,71,288,-217
209000135,0,0,0
209000142,489,281,208
209000143,12,25,-13
209000144,23,12,11
209000229,24,67,-43
209000240,9,201,-192
209000259,64,59,5
209000260,13,488,-475
209000261,1,182,-181
209000262,0,132,-132
209000263,0,34,-34
209000264,1,6,-5
209000265,0,0,0
209000266,0,0,0
209000267,0,0,0
209000268,0,0,0
210000037,0,0,0
210000047,0,0,0
210000048,0,0,0
210000049,0,0,0
210000052,4,59,-55
210000053,2,28,-26
210000054,20,33,-13
210000070,0,0,0
210000071,0,0,0
210000072,0,0,0
210000073,0,21,-21
210000074,0,65,-65
210000075,4,40,-36
210000076,1,76,-75
210000077,5,22,-17
210000078,16,14,2
210000079,0,0,0
210000080,0,0,0
210000081,0,0,0
210000082,0,0,0
210000083,0,0,0
210000084,0,0,0
210000085,0,40,-40
210000086,0,41,-41
210000099,27,138,-111
210000100,22,137,-115
210000101,30,175,-145
210000105,29,59,-30
210000159,1,44,-43
210000163,93,132,-39
210000164,0,0,0
210000168,0,0,0
210000187,0,2,-2
210000188,0,2,-2
210000214,0,0,0
210000219,0,0,0
210000220,0,0,0
210000232,4,9,-5
210000233,0,14,-14
210000234,6,40,-34
210000235,15,55,-40
210000245,0,17,-17
210000246,0,3,-3
210000258,6,78,-72
210000259,0,0,0
210000282,13,100,-87
210000285,0,30,-30
210000286,7,72,-65
210000290,0,0,0
210000295,9,45,-36
210000296,6,14,-8
210000320,0,0,0
210000321,0,0,0
210000338,10,64,-54
210000339,323,298,25
210000340,70,114,-44
210000341,60,85,-25
210000342,29,75,-46
210000343,52,109,-57
210000344,50,37,13
210000345,32,38,-6
210000346,7,22,-15
210000347,2,13,-11
210000348,19,6,13
210000349,7,8,-1
210000350,34,49,-15
210000351,26,61,-35
210000352,0,0,0
210000353,0,0,0
210000354,0,0,0
210000355,0,0,0
210000356,0,0,0
210000357,0,0,0
210000358,0,0,0
210000359,0,0,0
210000360,0,0,0
210000361,0,0,0
210000362,0,0,0
210000363,0,0,0
210000364,0,0,0
210000365,0,0,0
210000366,0,0,0
210000367,0,0,0
210000368,0,0,0
210000369,0,0,0
210000370,0,0,0
210000372,0,0,0
210000373,0,0,0
210000374,0,0,0
210000375,0,0,0
210000376,0,0,0
210000404,65,69,-4
210000439,0,0,0
210000472,0,0,0
210000482,0,0,0
210000564,0,0,0
210000567,0,0,0
210000568,0,0,0
211000092,0,0,0
211000094,0,0,0
211000169,0,0,0
211000172,0,0,0
211000209,0,0,0
211000226,0,0,0
211000270,0,2,-2
211000275,0,0,0
211000276,0,0,0
211000279,0,0,0
211000281,0,0,0
211000302,0,0,0
211507980,0,0,0
211977296,0,0,0
212000003,0,0,0
212000004,2,19,-17
212000005,10,10,0
212000006,10,25,-15
212000008,65,136,-71
212000009,9,76,-67
212000012,19,39,-20
212000013,9,39,-30
212000014,117,80,37
212000015,83,139,-56
212000016,217,270,-53
212000027,0,0,0
212000028,0,0,0
212000029,0,0,0
212000030,0,0,0
212000031,0,0,0
212000048,8,19,-11
212000049,14,8,6
212000050,6,4,2
212000051,48,123,-75
212000052,51,195,-144
212000053,165,304,-139
212000054,0,0,0
212000055,0,0,0
212000056,0,0,0
212000057,0,0,0
212000058,0,0,0
212000070,23,118,-95
212000077,47,335,-288
212000099,0,2,-2
212000108,0,0,0
212000111,0,0,0
212000120,63,60,3
212000138,22,13,9
212000156,5,48,-43
212000158,0,0,0
212000159,2,1,1
212000160,0,3,-3
212000161,0,0,0
212000310,4,15,-11
212000311,0,0,0
212000374,2,17,-15
213000001,4,124,-120
213000005,9,10,-1
213000006,8,3,5
213000007,0,0,0
213000009,0,0,0
213000010,0,0,0
213000011,0,0,0
213000012,61,112,-51
213000014,0,0,0
213000015,0,0,0
213000016,0,0,0
213000017,0,0,0
213000018,0,33,-33
213000019,0,59,-59
213000020,16,51,-35
213000021,3,28,-25
213000023,0,0,0
213000033,27,192,-165
213000034,0,0,0
213000035,0,0,0
213000045,26,38,-12
213000046,23,14,9
213000047,140,71,69
213000056,0,0,0
213000069,0,0,0
213000073,0,11,-11
213000074,32,194,-162
213000075,0,0,0
213000076,0,0,0
213000085,0,10,-10
213000086,2,173,-171
213000091,0,0,0
213000092,0,0,0
213000099,61,194,-133
213000100,0,0,0
213000101,4,65,-61
213000102,2,139,-137
213000103,38,133,-95
213000104,37,73,-36
213000105,1,26,-25
213000106,7,80,-73
213000107,31,213,-182
213000108,7,168,-161
213000109,0,86,-86
213000110,3,13,-10
213000111,3,12,-9
213000112,79,28,51
213000115,0,0,0
213000116,8,82,-74
213000117,2,163,-161
213000118,79,39,40
213000119,15,292,-277
213000120,41,258,-217
213000122,70,217,-147
213000123,223,248,-25
213000124,19,312,-293
213000125,0,0,0
213000126,1,27,-26
213000127,8,57,-49
213000128,105,132,-27
213000129,0,0,0
213000130,0,0,0
213000132,0,0,0
213000133,0,0,0
213000134,0,0,0
213000136,0,0,0
213000137,0,0,0
213000139,0,0,0
213000147,0,0,0
213000148,0,0,0
213000149,0,0,0
213000150,0,46,-46
213000151,2,41,-39
213000152,0,30,-30
213000153,0,7,-7
213000154,15,67,-52
213000155,12,135,-123
213000156,21,153,-132
213000157,148,273,-125
213000158,54,178,-124
213000159,0,0,0
213000163,0,0,0
213000165,0,0,0
213000171,0,40,-40
213000172,0,105,-105
213000173,0,62,-62
213000174,0,80,-80
213000175,1,39,-38
213000176,0,0,0
213000177,0,0,0
213000178,0,0,0
213000179,0,0,0
213000180,0,0,0
213000184,23,66,-43
213000188,0,0,0
213000189,0,0,0
213000190,19,218,-199
213000191,10,214,-204
213000192,21,178,-157
213000193,555,64,491
213000194,0,6,-6
213000195,4,159,-155
213000196,21,340,-319
213000197,0,0,0
213000198,0,0,0
213000200,57,304,-247
213000201,26,8,18
213000202,1,313,-312
213000203,0,0,0
213000204,4,0,4
213000205,0,0,0
213000206,0,0,0
213000207,0,0,0
213000208,0,0,0
213000209,0,0,0
213000210,0,0,0
213000211,0,1,-1
213000212,0,3,-3
213000213,0,16,-16
213000218,33,276,-243
213000219,0,0,0
213000220,0,0,0
213000223,0,0,0
213000224,0,0,0
213000225,0,0,0
213000226,0,0,0
213000227,0,0,0
213000228,0,0,0
213000229,0,0,0
213000230,0,0,0
213000232,8,216,-208
213000233,0,7,-7
213000234,3,36,-33
213000293,1,24,-23
213000294,0,0,0
213000295,1,17,-16
213000296,0,0,0
213000297,3,29,-26
213000298,10,22,-12
213000299,0,0,0
213000300,0,0,0
213000303,6,20,-14
213000304,8,4,4
213000305,0,0,0
213000306,13,4,9
213000307,0,0,0
213000308,35,74,-39
213000309,0,0,0
213000310,0,0,0
213000311,83,135,-52
213000315,11,45,-34
213000316,0,0,0
213000322,2,30,-28
213000323,0,0,0
213000324,4,29,-25
213000325,0,0,0
213000326,0,0,0
213000327,0,0,0
213000328,2,15,-13
213000329,0,0,0
213000340,43,405,-362
213000341,0,0,0
213000346,0,0,0
213000347,0,0,0
213000348,0,32,-32
213000349,1,5,-4
213000350,45,346,-301
213000366,8,99,-91
213000367,2,0,2
213000379,11,51,-40
213000386,4,78,-74
213000406,22,109,-87
213000417,37,11,26
213000425,0,0,0
213000426,0,0,0
213000427,0,48,-48
213000428,5,44,-39
213000429,0,1,-1
213000430,0,52,-52
213000431,11,0,11
213000432,0,1,-1
213000433,0,17,-17
213000434,0,0,0
213000435,0,0,0
213000436,0,0,0
213000437,0,0,0
213000438,0,0,0
213000439,0,1,-1
213000440,0,25,-25
213000441,0,0,0
213000442,0,2,-2
213000443,1,17,-16
213000444,2,37,-35
213000445,0,9,-9
213000446,0,2,-2
213000447,0,1,-1
213000448,0,0,0
213000449,0,0,0
213000450,0,0,0
213000451,0,0,0
213000452,0,0,0
213000453,7,76,-69
213000455,0,0,0
213000456,1,22,-21
213000481,0,0,0
213000482,0,0,0
213000489,0,0,0
213000491,1,18,-17
213000492,0,0,0
213000493,2,11,-9
213000494,0,0,0
213000495,0,31,-31
213000496,0,0,0
213000497,10,86,-76
213000498,8,65,-57
213000499,9,116,-107
213000500,0,0,0
213000501,0,0,0
213000502,0,0,0
213000503,1,26,-25
213000504,3,57,-54
213000505,0,4,-4
213000506,0,3,-3
213000507,0,134,-134
213900244,0,0,0
213900245,0,21,-21
218000003,3,10,-7
218000004,3,4,-1
218000005,0,0,0
218000006,5,41,-36
218000007,1,12,-11
218000012,148,27,121
218000013,36,125,-89
218000014,309,220,89
218000019,688,298,390
218000020,236,212,24
218000021,17,67,-50
218000022,2,37,-35
218000023,1,27,-26
218000024,0,17,-17
218000025,5,35,-30
218000026,3,42,-39
218000027,0,15,-15
218000028,3,7,-4
218000029,1,5,-4
218000030,13,32,-19
218000031,0,47,-47
218000032,0,29,-29
218000040,1,2,-1
218000046,5,66,-61
218000047,2,93,-91
218000048,7,156,-149
218000049,25,73,-48
218000050,67,171,-104
218000051,12,181,-169
218000052,0,15,-15
218000053,0,3,-3
218000054,0,10,-10
218000055,1,6,-5
218000056,10,15,-5
218000057,1,29,-28
218000064,0,0,0
218000065,0,0,0
218000066,0,0,0
218000067,8,85,-77
218000068,20,72,-52
218000069,37,166,-129
218000070,64,243,-179
218000071,151,132,19
218000072,236,163,73
218000078,210,525,-315
218000079,18,52,-34
218000080,62,67,-5
218000081,104,132,-28
218000082,13,54,-41
218000083,7,45,-38
218000084,61,105,-44
218000085,112,238,-126
218000086,15,98,-83
218000087,86,112,-26
218000090,30,92,-62
218000091,228,182,46
218000092,40,175,-135
218000093,66,80,-14
218000094,234,610,-376
218000099,155,285,-130
218000100,115,242,-127
218000101,31,104,-73
218000102,64,143,-79
218000103,13,91,-78
218000104,9,30,-21
218000105,7,9,-2
218000106,16,12,4
218000107,17,118,-101
218000108,1,61,-60
218000112,29,8,21
218000117,0,0,0
218000134,154,294,-140
218000135,16,20,-4
218000136,26,23,3
218000137,21,72,-51
218000138,0,25,-25
218000139,20,124,-104
218000140,33,61,-28
218000141,3,4,-1
218000142,23,119,-96
218000143,7,70,-63
218000144,5,15,-10
218000145,62,158,-96
218000146,50,115,-65
218000151,7,16,-9
218000152,18,64,-46
218000153,0,16,-16
218000154,3,1,2
218000155,5,7,-2
218000156,74,36,38
218000157,8,22,-14
218000158,3,8,-5
218000159,15,3,12
218000160,5,3,2
218000161,23,6,17
218000162,37,21,16
218000163,8,6,2
218000164,61,10,51
218000165,67,47,20
218000170,0,20,-20
218000171,16,5,11
218000172,3,1,2
218000173,2,1,1
218000174,1,0,1
218000176,27,10,17
218000177,173,19,154
218000178,62,19,43
218000179,42,11,31
218000180,29,3,26
218000181,34,3,31
218000187,2,6,-4
218000188,4,10,-6
218000189,1,28,-27
218000190,7,8,-1
218000191,36,60,-24
218000192,53,241,-188
218000193,258,204,54
218000194,16,252,-236
218000195,76,79,-3
218000196,127,195,-68
218000197,70,171,-101
218000198,3,96,-93
218000199,14,28,-14
218000200,5,26,-21
218000201,1,4,-3
218000202,71,34,37
218000207,2,42,-40
218000208,14,7,7
218000211,5,23,-18
218000212,2,3,-1
218000213,64,31,33
218000214,7,5,2
218000215,19,68,-49
218000217,1,56,-55
218000218,122,112,10
218000219,1,5,-4
218000220,82,132,-50
218000221,91,133,-42
218000222,28,18,10
218000223,265,56,209
218000224,4,47,-43
218000225,168,35,133
218000226,45,47,-2
218000230,0,1,-1
218000232,33,41,-8
218000239,0,0,0
218000240,0,0,0
218000241,0,0,0
218000242,0,0,0
218000243,0,0,0
218000244,0,0,0
218000245,0,0,0
218000246,0,0,0
218000247,0,0,0
218000248,0,9,-9
218000249,0,0,0
218000250,1,5,-4
218000251,0,2,-2
218000252,0,19,-19
218000253,0,1,-1
218000254,0,5,-5
218000255,0,4,-4
218000256,0,3,-3
218000267,46,547,-501
218000268,2,50,-48
218000269,0,15,-15
218000270,31,141,-110
218000271,71,238,-167
218000273,0,0,0
218000274,0,0,0
218000275,14,44,-30
218000276,7,103,-96
218000278,27,44,-17
218000279,16,36,-20
218000280,5,16,-11
218000281,1,14,-13
218000282,55,45,10
218000284,0,0,0
218000301,10,41,-31
218000302,15,5,10
218000303,6,21,-15
218000316,356,314,42
218000317,175,389,-214
218000318,124,322,-198
218000319,243,648,-405
218000320,251,433,-182
218000338,1,19,-18
218000345,23,38,-15
218000346,0,0,0
218000459,41,145,-104
218000490,2,19,-17
218000501,1,1,0
218000502,15,97,-82
218000503,4,0,4
218000504,15,4,11
218000505,11,100,-89
218000506,43,81,-38
218000508,0,5,-5
218000510,52,6,46
218000520,35,77,-42
218000521,1,10,-9
218000522,1,38,-37
218000523,0,1,-1
218000524,8,18,-10
218000525,1,8,-7
218000526,9,20,-11
218000529,4,19,-15
218000530,2,9,-7
218000531,0,0,0
218000532,3,17,-14
218000534,0,0,0
218000537,0,0,0
218000538,9,48,-39
218000540,104,47,57
218000543,66,24,42
218000544,44,194,-150
218000545,8,17,-9
218000546,19,93,-74
218000547,19,31,-12
218000548,43,88,-45
218000549,60,48,12
218000550,116,253,-137
218000551,151,181,-30
218000552,53,24,29
218000553,5,27,-22
218000554,2,14,-12
218000555,3,24,-21
218000556,77,252,-175
218000557,137,54,83
218000558,0,1,-1
218000559,0,2,-2
218000560,0,3,-3
218000561,0,0,0
218000562,3,58,-55
218000563,11,5,6
218000564,3,37,-34
218000565,6,3,3
218000566,8,4,4
218000567,0,5,-5
218000568,0,0,0
218000569,2,5,-3
218000570,4,1,3
218000571,0,19,-19
218000572,0,0,0
218000573,2,9,-7
218000574,3,11,-8
218000575,0,0,0
218000576,0,16,-16
218000577,0,0,0
218000578,0,8,-8
218000579,4,0,4
218000581,0,23,-23
218000582,0,0,0
218000583,0,0,0
218000584,0,17,-17
218000585,0,0,0
218000586,0,21,-21
218000587,0,0,0
218000588,0,0,0
218000589,0,3,-3
218000590,0,0,0
218000591,2,8,-6
218000592,0,0,0
218000593,0,0,0
218000594,0,0,0
218000597,0,0,0
218000598,0,0,0
218000599,0,0,0
218000600,0,0,0
218000601,0,0,0
218000602,0,2,-2
218000603,0,0,0
218000604,3,5,-2
218000605,1,5,-4
218000606,1,0,1
218000607,1,5,-4
218000608,1,0,1
218000609,1,9,-8
218000610,3,0,3
218000611,0,0,0
218000612,0,3,-3
218000613,4,0,4
218000614,0,4,-4
218000615,2,0,2
218000616,1,53,-52
218000617,0,0,0
218000618,0,6,-6
218000619,2,0,2
218000620,0,8,-8
218000621,0,0,0
218000622,0,0,0
218000623,0,0,0
218000624,0,6,-6
218000625,1,0,1
218000626,0,2,-2
218000628,12,10,2
218000631,0,0,0
218000632,0,9,-9
218000633,0,0,0
218000634,0,2,-2
218000635,5,3,2
218000636,277,596,-319
218000637,200,207,-7
218000638,0,0,0
218000639,7,293,-286
218000640,0,0,0
218000641,4,176,-172
218000652,46,61,-15
218000653,139,96,43
218000663,0,4,-4
218000675,4,2,2
218000676,3,26,-23
218000677,9,13,-4
218000680,14,47,-33
218000681,0,0,0
218000691,17,63,-46
218000693,0,0,0
218000703,8,56,-48
218000718,55,96,-41
218000719,6,22,-16
218000720,1,7,-6
218000721,1,0,1
218000725,2,5,-3
218001147,3,122,-119
218001214,1,12,-11
218001258,0,0,0
218001329,0,0,0
218001330,13,11,2
218001351,0,0,0
218001352,0,0,0
218001353,0,0,0
218001354,1,0,1
218001355,36,179,-143
218001356,0,4,-4
218001357,4,147,-143
218001358,0,0,0
218001361,0,1,-1
218001362,6,200,-194
219000001,9,62,-53
219000002,28,59,-31
219000003,114,30,84
219000004,156,88,68
219000017,25,10,15
219000020,30,2,28
219000022,8,1,7
219000023,28,0,28
219000029,1,44,-43
219000034,0,0,0
219000039,10,29,-19
219000040,5,13,-8
219000041,32,54,-22
219000051,0,80,-80
219000052,0,20,-20
219000053,0,123,-123
219000054,14,94,-80
219000055,16,1,15
219000056,1,1,0
219000057,15,0,15
219000062,0,105,-105
219000063,29,18,11
219000064,1,16,-15
219000110,34,19,15
219000111,44,16,28
219000112,55,25,30
219000113,45,19,26
219000114,70,8,62
219000116,60,66,-6
219000117,122,106,16
219000118,47,140,-93
219000123,108,69,39
219000124,37,44,-7
219000125,5,23,-18
219000126,28,53,-25
219000127,0,9,-9
219000128,14,136,-122
219000129,21,135,-114
219000130,1446,725,721
219000131,1398,1110,288
219000133,13,55,-42
219000134,11,13,-2
219000135,142,57,85
219000136,237,157,80
219000138,5,25,-20
219000139,9,39,-30
219000140,0,0,0
219000141,5,56,-51
219000142,0,57,-57
219000143,1,69,-68
219000145,1,7,-6
219000146,2,34,-32
219000147,1,28,-27
219000148,0,34,-34
219000149,23,107,-84
219000150,5,64,-59
219000151,2,68,-66
219000157,80,42,38
219000158,64,182,-118
219000161,119,40,79
219000163,704,186,518
219000166,42,65,-23
219000167,56,139,-83
219000168,146,14,132
219000174,0,0,0
219000175,0,0,0
219000176,0,0,0
219000177,0,0,0
219000178,0,0,0
219000179,0,0,0
219000180,6,30,-24
219000182,0,0,0
219000183,1,19,-18
219000184,0,0,0
219000185,1,89,-88
219000186,0,15,-15
219000187,3,55,-52
219000189,83,150,-67
219000190,133,182,-49
219000191,873,452,421
219000192,216,301,-85
219000193,322,252,70
219000195,0,35,-35
219000196,2,46,-44
219000198,11,65,-54
219000199,28,84,-56
219000200,12,103,-91
219000201,38,102,-64
219000203,4,91,-87
219000204,14,115,-101
219000205,16,110,-94
219000207,57,114,-57
219000209,21,44,-23
219000210,16,48,-32
219000213,13,91,-78
219000239,58,61,-3
219000240,35,105,-70
219000241,13,90,-77
219000242,23,76,-53
219000243,26,137,-111
219000244,4,38,-34
219000245,5,17,-12
219000246,0,0,0
219000247,0,0,0
219000248,0,0,0
219000249,0,0,0
219000250,0,0,0
219000251,0,0,0
219000252,0,0,0
219000253,0,0,0
219000255,0,0,0
219000256,0,0,0
219000257,0,0,0
219000262,38,206,-168
219000263,37,100,-63
219000267,2,93,-91
219000268,8,9,-1
219000269,0,0,0
219000270,0,0,0
219000271,77,1,76
219000278,3,8,-5
219000279,1,9,-8
219000283,0,6,-6
219000295,10,74,-64
219000296,35,254,-219
219000297,11,128,-117
219000298,5,124,-119
219000299,0,0,0
219000300,18,223,-205
219000301,43,202,-159
219000302,10,118,-108
219000307,23,68,-45
219000308,54,45,9
219000311,0,0,0
219000312,0,0,0
219000313,0,0,0
219000314,81,296,-215
219000315,0,0,0
219000316,0,0,0
219000317,0,0,0
219000320,0,26,-26
219000321,1,13,-12
219000323,0,35,-35
219000325,0,35,-35
219000326,39,117,-78
219000327,21,23,-2
219000328,14,15,-1
219000329,346,194,152
219000330,14,43,-29
219000331,29,47,-18
219000332,0,0,0
219000333,0,0,0
219000335,0,0,0
219000337,0,0,0
219000338,0,0,0
219000344,39,40,-1
219000345,49,81,-32
219000346,33,112,-79
219000348,41,116,-75
219000349,22,136,-114
219000350,19,70,-51
219000351,1,4,-3
219000352,51,29,22
219000353,58,89,-31
219000354,69,148,-79
219000355,40,4,36
219000356,719,346,373
219000363,237,62,175
219000364,121,57,64
219000365,96,5,91
219000366,397,122,275
219000368,188,63,125
219000370,286,127,159
219000371,9,21,-12
219000382,4,32,-28
219000383,373,385,-12
219000385,388,246,142
219000386,535,731,-196
219000387,0,6,-6
219000390,0,0,0
219000391,0,0,0
219000397,44,84,-40
219000398,74,38,36
219000401,4,14,-10
219000402,4,26,-22
219000403,21,54,-33
219000404,3,6,-3
219000407,3,10,-7
219000409,0,0,0
219000410,0,0,0
219000411,0,0,0
219000446,126,311,-185
219000447,3,18,-15
219000448,0,0,0
219000452,0,0,0
219000453,26,29,-3
219000454,83,78,5
219000556,0,0,0
219000558,39,133,-94
219000590,8,56,-48
219000591,0,0,0
219000592,61,280,-219
219000595,2,21,-19
219000635,0,0,0
219000636,5,96,-91
219000657,17,15,2
219000658,3,36,-33
219000673,0,24,-24
219000676,0,2,-2
219000679,30,41,-11
219000684,15,3,12
219000685,1,58,-57
219000686,0,0,0
219000688,1,118,-117
219000689,70,72,-2
219000690,0,0,0
219000691,11,26,-15
219000692,1,22,-21
219000693,0,12,-12
219000694,0,0,0
219000695,0,0,0
219000698,0,0,0
219000699,0,4,-4
219000727,2,103,-101
219000728,31,1,30
219000770,0,0,0
219000771,1,19,-18
219000788,81,59,22
219001150,3,4,-1
219001151,0,4,-4
219001166,0,0,0
219001167,0,11,-11
219001178,28,0,28
220000001,3,8,-5
220000002,7,52,-45
220000003,149,133,16
220000004,130,218,-88
220000005,490,554,-64
220000006,61,358,-297
220000007,141,453,-312
220000008,123,563,-440
220000009,146,231,-85
220000010,21,23,-2
220000011,123,93,30
220000012,6,17,-11
220000014,0,21,-21
220000015,0,0,0
220000017,4,54,-50
220000018,210,95,115
220000019,14,77,-63
220000020,69,83,-14
220000021,171,87,84
220000022,156,261,-105
220000023,56,110,-54
220000024,414,233,181
220000025,155,227,-72
220000026,107,66,41
220000027,8,24,-16
220000028,17,31,-14
220000029,27,91,-64
220000030,23,45,-22
220000031,25,68,-43
220000064,0,0,0
221000046,0,0,0
221000047,0,1,-1
221000048,0,0,0
221000049,0,10,-10
221000050,2,0,2
221000055,17,28,-11
221000057,13,2,11
221000068,59,17,42
221000069,33,11,22
221000070,48,4,44
221000071,8,3,5
221000072,29,10,19
221000073,8,13,-5
221000074,0,6,-6
221000075,1,6,-5
221000076,4,43,-39
221000077,12,62,-50
221000081,2,0,2
221000082,5,0,5
221000083,7,1,6
221000084,0,0,0
221000085,8,52,-44
221000086,6,88,-82
221000087,2,87,-85
221000088,13,93,-80
221000089,32,102,-70
221000090,190,220,-30
221000098,13,4,9
221000099,42,5,37
221000100,3,1,2
221000101,31,4,27
221000102,18,2,16
221000109,6,63,-57
221000110,2,106,-104
221000111,8,87,-79
221000112,2,66,-64
221000113,11,115,-104
221000114,11,153,-142
221000120,0,1,-1
221000121,0,0,0
221000122,0,0,0
221000123,0,4,-4
221000124,1,29,-28
221000155,0,0,0
221000156,0,0,0
221000175,0,0,0
221000176,0,0,0
221000182,10,0,10
221000241,254,50,204
221000242,275,203,72
221000243,107,24,83
221000244,58,174,-116
221000245,12,67,-55
221000246,20,76,-56
221000247,17,47,-30
221000248,13,69,-56
221000267,2,144,-142
221000325,3,2,1
221000331,0,5,-5
221000338,0,0,0
221000378,0,0,0
221000381,5,10,-5
222000282,0,0,0
222000296,0,1,-1
222000568,0,0,0
222000569,0,0,0
222000570,0,0,0
222000571,0,0,0
222000577,0,30,-30
222000578,0,17,-17
222000579,2,10,-8
222000580,11,72,-61
222000599,0,7,-7
222000600,0,20,-20
222000601,1,61,-60
222000603,1,0,1
222000604,0,0,0
222000605,0,0,0
222000606,0,0,0
222000607,0,0,0
222000608,0,0,0
222000609,0,2,-2
222000616,0,0,0
222000617,0,0,0
222000618,0,0,0
222000620,0,0,0
222000621,0,0,0
222000623,0,0,0
222000624,0,0,0
222000625,0,5,-5
222000636,0,0,0
222000686,0,0,0
222000687,0,0,0
222001066,0,0,0
222001067,0,0,0
222001068,0,0,0
222001069,0,0,0
222001082,0,8,-8
222001083,0,10,-10
222001084,0,6,-6
222001085,0,15,-15
222001111,3,41,-38
222001112,0,0,0
222001313,0,0,0
222001314,0,1,-1
222001464,0,0,0
222001465,0,0,0
222001484,0,0,0
222001485,0,0,0
222001494,0,0,0
222001495,0,0,0
222001496,0,0,0
222001497,0,0,0
222001502,13,68,-55
222001503,0,0,0
222001504,7,80,-73
222001505,0,0,0
222001506,2,125,-123
222001507,0,0,0
222001510,0,0,0
222001511,8,90,-82
222001514,0,0,0
222001515,42,237,-195
222001518,0,0,0
222001519,9,141,-132
222001527,0,0,0
222001528,9,64,-55
222001529,0,0,0
222001530,16,85,-69
222001533,44,264,-220
222001534,0,0,0
222001535,0,0,0
222001536,0,0,0
222001537,0,0,0
222001538,23,133,-110
222001563,0,0,0
222001564,9,266,-257
222001568,0,24,-24
222001576,0,0,0
222001579,0,0,0
222001583,0,0,0
222001584,0,0,0
222001596,22,284,-262
222001597,0,0,0
222001626,1,16,-15
222001650,0,7,-7
222001651,0,1,-1
222001914,0,0,0
222001915,9,44,-35
222001968,0,0,0
222001969,0,0,0
222001970,0,0,0
222001971,0,0,0
222001972,0,1,-1
225000001,26,1,25
225000002,18,0,18
225000003,13,2,11
225000004,18,14,4
225000005,0,0,0
225000006,0,50,-50
225000007,1184,358,826
225000010,93,1,92
225000011,0,0,0
225000012,0,0,0
225000013,0,0,0
225000014,0,0,0
225000015,24,80,-56
225000021,0,0,0
225000027,73,257,-184
225000032,0,0,0
225000042,17,286,-269
225000049,10,29,-19
225000050,24,3,21
225000053,3,96,-93
225000058,0,0,0
225000067,42,137,-95
225000068,22,249,-227
225000069,29,235,-206
225000070,52,164,-112
225000071,10,122,-112
225000075,8,318,-310
225000076,38,34,4
225000078,0,0,0
225000085,0,0,0
225000086,0,0,0
225000087,0,0,0
225000088,4,54,-50
225000089,408,241,167
225000090,7,84,-77
225000091,11,70,-59
225000092,4,35,-31
225000093,35,206,-171
225000094,10,201,-191
225000095,112,253,-141
225000096,42,167,-125
225000098,23,3,20
225000099,13,10,3
225000100,25,1,24
225000104,8,171,-163
225000110,4,146,-142
225000111,44,408,-364
225000112,36,416,-380
225000113,29,285,-256
225000114,25,129,-104
225000115,906,172,734
225000116,0,0,0
225000117,0,0,0
225000118,0,0,0
225000119,0,0,0
225000120,0,0,0
225000121,0,0,0
225000123,0,0,0
225000125,12,28,-16
225000126,268,4,264
225000127,326,16,310
225000128,30,7,23
225000132,60,14,46
225000133,56,8,48
225000134,192,25,167
225000135,35,5,30
225000136,42,4,38
225000137,12,9,3
225000138,107,4,103
225000143,14,82,-68
225000144,1,176,-175
225000145,0,0,0
225000146,1,73,-72
225000147,2,177,-175
225000148,0,118,-118
225000149,45,240,-195
225000151,28,118,-90
225000155,58,107,-49
225000156,41,186,-145
225000157,26,123,-97
225000158,18,177,-159
225000171,0,74,-74
225000180,10,1,9
225000181,0,17,-17
225000182,0,0,0
225000185,4,111,-107
225000187,19,125,-106
225000191,0,0,0
225000194,0,29,-29
225000208,2,18,-16
225000209,0,0,0
225000210,2,96,-94
225000217,0,13,-13
225000218,0,0,0
225000223,0,19,-19
225000224,0,0,0
225000225,1,3,-2
225000226,0,0,0
225000227,16,34,-18
225000228,0,0,0
225000229,0,19,-19
225000230,0,0,0
225000231,0,41,-41
225000232,0,0,0
225000241,0,0,0
225000242,3,30,-27
225000249,0,1,-1
225000250,42,365,-323
225000251,91,18,73
226000042,82,153,-71
226000043,11,119,-108
226000044,57,334,-277
226000045,21,214,-193
226000046,67,17,50
226000047,69,25,44
226000048,100,20,80
226000049,61,28,33
226000070,0,24,-24
226000071,0,20,-20
226000072,0,1,-1
226000073,0,1,-1
226000074,0,2,-2
226000084,0,25,-25
226000085,0,4,-4
226000086,0,1,-1
226000087,1,4,-3
226000088,0,1,-1
226000090,5,0,5
226000091,0,0,0
226000092,0,0,0
226000093,3,0,3
226000094,0,0,0
226000095,5,2,3
226000105,0,0,0
226000106,1,0,1
226000107,3,0,3
226000108,0,0,0
226000109,10,0,10
226000124,72,11,61
226000134,189,100,89
226000135,270,214,56
226000136,52,81,-29
226000137,1,176,-175
226000138,2,89,-87
226000139,0,7,-7
226000156,9,1,8
226000157,25,6,19
226000163,13,31,-18
226000202,1,149,-148
226000231,44,2,42
226000232,0,0,0
227000033,0,0,0
227000036,0,0,0
227000037,0,0,0
227000038,0,0,0
227000049,0,3,-3
227000050,0,27,-27
227000055,0,0,0
227000056,0,0,0
227000084,1,29,-28
227000085,0,12,-12
227000088,0,0,0
227000089,0,0,0
227000090,0,0,0
227000091,0,0,0
227000093,0,0,0
227000094,0,0,0
227000130,7,44,-37
227000131,3,164,-161
227000132,3,147,-144
227000133,3,153,-150
227000134,5,231,-226
227000152,0,2,-2
227000153,0,13,-13
227000155,0,13,-13
227000156,0,14,-14
227000165,0,20,-20
227000196,25,87,-62
227000199,6,231,-225
227000230,12,150,-138
227000232,0,0,0
227000242,37,285,-248
227000243,0,0,0
227000245,19,303,-284
227000246,47,343,-296
227000247,0,0,0
227000248,0,0,0
227000249,12,214,-202
227000250,26,5,21
227000251,123,240,-117
227000252,28,294,-266
227000253,0,0,0
227000262,0,0,0
227000266,0,0,0
227000267,19,798,-779
227000282,33,55,-22
227000284,0,0,0
227000286,21,37,-16
227000287,28,52,-24
227000291,44,201,-157
227000484,0,0,0
227000485,22,363,-341
227000655,0,0,0
227000656,0,0,0
227000657,0,0,0
227000661,0,0,0
227000680,0,0,0
229000265,0,9,-9
229000296,2,7,-5
229000297,2,7,-5
229000298,10,22,-12
229000320,0,0,0
229000321,0,0,0
229000412,1,10,-9
229000414,0,13,-13
229000415,0,0,0
229000416,0,0,0
229000417,0,0,0
229000419,13,71,-58
229000440,16,5,11
229000442,0,0,0
229000443,0,0,0
229000444,1,8,-7
229000445,0,1,-1
229000446,1,3,-2
229000491,4,18,-14
229000492,6,66,-60
229000493,1,48,-47
229000494,18,22,-4
229000495,111,85,26
229000496,12,50,-38
229000507,0,19,-19
229000508,1,17,-16
229000509,1,25,-24
229000510,1,19,-18
229000511,3,27,-24
229000512,0,15,-15
229000513,0,3,-3
229000514,0,3,-3
229000517,0,2,-2
229000518,3,28,-25
229000519,1,9,-8
229000520,2,19,-17
229000521,17,28,-11
229000522,2,7,-5
229000523,7,11,-4
229000524,6,28,-22
229000527,7,11,-4
229000528,0,7,-7
229000529,10,2,8
229000530,34,37,-3
229000531,18,35,-17
229000532,18,12,6
229000533,170,58,112
229000534,48,27,21
229000564,43,7,36
229000565,16,32,-16
229000566,0,21,-21
229000567,1,38,-37
229000582,172,12,160
229000583,11,9,2
229000584,0,21,-21
229000585,9,31,-22
229000718,0,1,-1
229000719,0,1,-1
229000720,0,7,-7
229000721,0,6,-6
229000722,1,12,-11
229000723,0,6,-6
229000724,0,0,0
229000725,0,17,-17
229000738,6,1,5
229000739,0,1,-1
229000740,4,1,3
229000741,28,1,27
229000742,11,1,10
229000743,56,0,56
229000744,4,0,4
229000745,3,0,3
229000746,73,0,73
229000847,21,0,21
229000848,19,0,19
229000849,265,3,262
229000851,11,0,11
229000854,0,37,-37
229000856,1,64,-63
229000857,0,14,-14
229000858,1,53,-52
229000919,5,67,-62
229000930,0,86,-86
229000937,196,12,184
229000966,60,37,23
229000981,10,46,-36
229000985,0,4,-4
229000986,0,0,0
229000987,0,0,0
229000988,0,0,0
229000989,0,0,0
229000990,0,0,0
229000991,0,0,0
229000992,0,0,0
229000993,9,1,8
229000998,9,3,6
229000999,1,0,1
229001034,0,1,-1
229001035,0,1,-1
229001037,0,20,-20
229001042,0,0,0
229001047,0,8,-8
229001050,1,14,-13
229001168,0,10,-10
229001200,0,1,-1
229001338,0,4,-4
229001394,260,1,259
229001422,291,25,266
229001423,13,120,-107
229001431,208,43,165
229001432,10,34,-24
229001444,1,2,-1
229001445,5,59,-54
229001479,7,6,1
229001503,237,51,186
229001504,20,88,-68
229001505,332,64,268
229001506,46,129,-83
229001509,2,22,-20
229001545,78,11,67
229001546,4,54,-50
229001553,56,8,48
229001554,4,65,-61
229001559,1,2,-1
229001560,0,1,-1
229001630,2,0,2
229001631,1,11,-10
229001635,0,1,-1
229001636,0,0,0
229001658,0,36,-36
229001659,154,3,151
229001660,0,0,0
229001661,0,4,-4
229001662,6,0,6
229001663,0,10,-10
229002584,13,6,7
229002831,20,33,-13
229002841,0,8,-8
229002842,0,2,-2
229002843,0,0,0
229002844,1,12,-11
229002845,0,37,-37
229002846,0,0,0
229002847,2,2,0
229002848,0,0,0
229002849,0,11,-11
229002850,0,0,0
229002851,1,18,-17
229002852,1,1,0
229002853,1,2,-1
229002854,3,34,-31
229002855,0,18,-18
229002856,2,4,-2
229002857,1,17,-16
229002858,1,0,1
229002859,2,5,-3
229002860,0,0,0
229002861,1,2,-1
229002862,3,1,2
229002863,0,16,-16
229002864,0,0,0
229002865,1,2,-1
229002866,0,1,-1
229002867,1,0,1
229002868,0,1,-1
229002869,0,25,-25
229002870,1,0,1
235000066,0,0,0
235000067,0,0,0
235000072,23,45,-22
235000073,32,165,-133
235000074,11,53,-42
235000080,1,27,-26
235000081,17,66,-49
235000082,0,0,0
235000083,0,0,0
235000084,0,0,0
235000085,0,0,0
235000089,0,0,0
235000092,6,68,-62
235000093,3,3,0
235000097,0,0,0
235000098,0,0,0
235000099,0,0,0
235000116,0,0,0
235000117,0,0,0
235000133,4,107,-103
235000134,1,45,-44
235000206,0,0,0
235000207,0,0,0
235000208,0,0,0
235000209,0,0,0
235000210,0,0,0
235000212,0,5,-5
235000213,1,2,-1
235000220,0,2,-2
235000221,4,4,0
235000238,0,0,0
235000239,0,0,0
235000242,28,3,25
235000245,542,111,431
235000246,3,44,-41
235000284,1,40,-39
235000295,0,0,0
235000305,0,0,0
235000306,0,0,0
235000307,0,0,0
235000308,0,0,0
235000309,0,0,0
235000310,0,0,0
235000311,0,1,-1
235000322,0,3,-3
235000323,0,15,-15
235000324,0,6,-6
235000325,0,0,0
235000326,0,75,-75
235000351,2,16,-14
235000352,3,8,-5
235000353,1,1,0
235000354,0,13,-13
235000355,1,26,-25
235000356,0,0,0
235000357,0,0,0
235000358,0,0,0
235000359,0,0,0
235000360,0,0,0
235000361,0,0,0
235000381,15,154,-139
235000382,0,0,0
235000390,0,1,-1
235000391,1,0,1
235000392,0,0,0
235000393,0,0,0
235000395,0,0,0
235000396,0,0,0
235000400,0,0,0
235000401,2,106,-104
235000405,47,164,-117
235000406,10,148,-138
235000407,22,73,-51
235000409,81,89,-8
235000410,21,134,-113
235000411,1,53,-52
235000485,0,10,-10
235000486,0,0,0
235000549,0,0,0
235000550,27,100,-73
235000599,44,40,4
235000600,14,4,10
235000601,0,0,0
235000602,0,0,0
235000614,0,0,0
235000648,0,51,-51
235000649,0,0,0
235000685,0,1,-1
235000815,1,20,-19
235000834,0,0,0
235000855,0,0,0
235000862,5,93,-88
235000891,0,15,-15
235000892,0,1,-1
235000901,47,69,-22
235000907,2,4,-2
235001010,0,0,0
235001029,302,229,73
235001030,0,0,0
235001078,0,0,0
235001079,5,68,-63
235001147,0,0,0
235001166,0,0,0
235001167,3,61,-58
235001169,0,103,-103
235001188,0,1,-1
235001189,0,0,0
235001197,1,20,-19
235001200,11,24,-13
235001207,0,0,0
235001210,11,111,-100
235001215,15,90,-75
235001239,0,32,-32
235001244,0,0,0
235016267,0,4,-4
277101746,0,31,-31
277102712,0,0,0
277103813,1,0,1
277103814,0,0,0
277103898,0,0,0
277104249,0,0,0
277104250,0,0,0
277104251,0,4,-4
277104252,0,0,0
990011530,0,124,-124
990014944,1,264,-263
990015176,0,0,0
990015618,0,52,-52
990016032,0,55,-55
990032570,3,9,-6
990070001,0,0,0
990070103,0,0,0
990070601,0,5,-5
990070751,0,0,0
990070766,0,88,-88
990071180,0,58,-58
990071343,0,0,0
990071387,0,1,-1
990071823,0,0,0
990072600,3,250,-247
990072964,3,127,-124
990073285,0,0,0
990074393,1,186,-185
990074870,0,2,-2
990075106,0,0,0
990075746,0,0,0
990076437,0,1,-1
990076458,2,332,-330
997000007,0,1,-1
997000041,0,55,-55
997000058,0,1,-1
997000062,0,0,0
997000069,0,7,-7
997000070,0,31,-31
997000100,0,0,0
997000141,0,0,0
997000198,0,0,0
998000475,0,3,-3
998000736,0,65,-65
998000965,0,0,0
998001031,0,29,-29
998001700,0,16,-16
998001899,0,0,0
998001900,17,1,16
998003073,1,5,-4
998101900,0,0,0
998102850,0,2,-2
998501927,0,131,-131
998501929,10,0,10
998501930,12,1,11
998501931,3,3,0
998501932,12,0,12
998501933,0,0,0
998501937,2,3,-1
998501944,0,0,0
998501950,0,5,-5
998501970,1,4,-3
998501971,0,62,-62
998501973,0,11,-11
998501974,0,84,-84
998501975,0,1,-1
998501976,0,0,0
998501977,0,17,-17
998501978,0,0,0
998501979,0,11,-11
998501980,4,5,-1
998501981,0,0,0
998501982,0,92,-92
998501983,0,1,-1
998502024,0,6,-6
998502032,0,2,-2
998502062,0,0,0
998502063,0,0,0
998502173,0,0,0
998502269,0,0,0
998502546,1,7,-6
998502578,0,0,0
998502599,0,2,-2
998601159,0,35,-35
998601292,0,2,-2
999033574,0,269,-269
999800001,0,0,0
999800002,0,1,-1
999800003,0,4,-4
999800004,1,10,-9
999800005,0,12,-12
