ID,insum,outsum,diff
100000001,594,647,-53
100000002,1767,418,1349
100000003,3799,2012,1787
100000004,1297,676,621
100000005,1280,2864,-1584
100000006,332,68,264
100000007,1355,404,951
100000008,153,563,-410
100000009,256,116,140
100000010,29,41,-12
100000011,417,50,367
100000012,57,828,-771
100000013,15,195,-180
100000014,231,252,-21
100000015,1453,1057,396
100000016,1005,1389,-384
100000017,721,932,-211
100000018,1199,475,724
100000019,4593,1704,2889
100000020,1199,3050,-1851
100000021,5618,2272,3346
100000022,1678,743,935
100000023,5912,882,5030
100000025,2586,446,2140
100000028,1705,712,993
100000029,289,149,140
100000030,497,42,455
100000031,4649,4060,589
100000032,1885,2460,-575
100000033,657,1634,-977
100000034,856,226,630
100000035,1528,719,809
100000036,2122,772,1350
100000037,356,441,-85
100000038,1233,761,472
100000039,577,106,471
100000040,82,117,-35
100000041,537,313,224
100000042,648,254,394
100000043,663,258,405
100000044,347,696,-349
100000045,454,1599,-1145
100000046,812,1422,-610
100000047,332,746,-414
100000048,368,568,-200
100000049,1708,2853,-1145
100000051,421,1273,-852
100000053,51,7,44
100000054,183,23,160
100000055,644,223,421
100000056,264,675,-411
100000057,1391,860,531
100000058,741,1390,-649
100000059,6,96,-90
100000060,259,302,-43
100000061,1444,413,1031
100000062,1018,473,545
100000063,414,232,182
100000064,865,308,557
100000065,352,991,-639
100000066,192,934,-742
100000067,327,940,-613
100000068,496,1762,-1266
100000069,322,1925,-1603
100000072,460,935,-475
100000073,1019,1226,-207
100000075,442,335,107
100000076,2124,1284,840
100000077,673,109,564
100000078,61,23,38
100000079,47,32,15
100000080,14,22,-8
100000081,97,30,67
100000102,4132,987,3145
100000103,3688,609,3079
100000104,4062,1118,2944
100000105,3248,608,2640
100000106,2301,1171,1130
100000107,555,347,208
100000108,991,997,-6
100000109,4160,1165,2995
100000116,1275,509,766
100000117,38,29,9
100000118,1208,727,481
100000119,795,478,317
100000121,298,581,-283
100000122,1982,844,1138
100000123,3010,4618,-1608
100000124,4886,6698,-1812
100000125,2099,687,1412
100000126,669,258,411
100000127,2076,322,1754
100000128,843,881,-38
100000129,406,311,95
100000130,340,562,-222
100000131,2586,3008,-422
100000132,944,1787,-843
100000133,5442,2650,2792
100000135,372,578,-206
100000139,242,229,13
100000140,305,212,93
100000142,291,434,-143
100000143,1829,853,976
100000144,4794,868,3926
100000147,913,1865,-952
100000150,32,433,-401
100000151,583,467,116
100000153,460,168,292
100000154,184,90,94
100000155,5,39,-34
100000156,52,58,-6
100000157,4,351,-347
100000158,47,162,-115
100000159,643,326,317
100000165,1240,591,649
100000169,790,359,431
100000174,1665,368,1297
100000179,80,481,-401
100000180,869,1016,-147
100000181,105,233,-128
100000188,107,441,-334
100000189,433,226,207
100000190,561,342,219
100000191,533,380,153
100000192,48,65,-17
100000193,100,130,-30
100000330,1770,468,1302
100000355,107,497,-390
100000362,5147,3216,1931
100000363,2068,3158,-1090
100000364,539,133,406
100000365,2913,7817,-4904
100000366,4394,2232,2162
100000367,2588,3699,-1111
100000368,1962,1684,278
100000369,840,1174,-334
100000370,120,292,-172
100000376,91,74,17
100000379,2727,1005,1722
100000380,3849,1532,2317
100000384,4929,2301,2628
100000385,5334,2699,2635
100000386,8171,3102,5069
100000387,7135,3227,3908
100000388,7641,3980,3661
100000389,7311,4094,3217
100000390,8198,2856,5342
100000391,5996,4139,1857
100000392,4851,1265,3586
100000393,2092,1551,541
100000394,7633,2902,4731
100000395,3758,1098,2660
100000396,6206,1679,4527
100000397,3120,1476,1644
100000398,10101,6808,3293
100000413,16,11,5
100900002,2,71,-69
100900003,164,100,64
100900004,19,690,-671
100900005,91,6,85
100900006,17,265,-248
100900007,418,2,416
100900008,6,480,-474
100900009,22,34,-12
100900010,19,174,-155
100900011,59,394,-335
100900012,2,272,-270
100900013,328,5,323
100900014,0,12,-12
100900015,96,128,-32
100900016,3,35,-32
100900017,475,46,429
100900018,0,10,-10
100900019,12,66,-54
100900020,286,2,284
100900021,266,0,266
100900022,10,9,1
100900023,0,20,-20
100900024,669,3,666
100900025,5,11,-6
100900026,57,171,-114
100900027,320,1663,-1343
100900028,71,121,-50
100900029,91,18,73
100900030,6,19,-13
100900031,269,91,178
100900032,112,0,112
100900033,181,116,65
100900034,200,1,199
100900035,483,0,483
100900036,7,2,5
100900037,39,330,-291
100900038,117,23,94
100900039,355,714,-359
100900040,165,794,-629
100900041,296,1159,-863
100900042,372,109,263
100900043,0,13,-13
100900044,2790,336,2454
100900045,47,0,47
100900046,597,2,595
100900047,657,96,561
100900048,116,6,110
100900049,47,265,-218
100900050,0,10,-10
100900051,83,45,38
100900052,165,15,150
100900053,220,35,185
100900054,9,116,-107
100900055,120,335,-215
100900056,57,169,-112
100900057,392,672,-280
100900058,195,13,182
100900059,82,1,81
100900060,71,6,65
100900061,307,269,38
100900062,1,60,-59
100900063,110,292,-182
100900064,358,9,349
100900065,115,48,67
100900066,28,56,-28
100900067,2,11,-9
100900068,26,149,-123
100900069,521,2,519
100900070,148,5,143
100900071,624,313,311
100900072,0,62,-62
100900073,54,665,-611
100900074,0,2,-2
100900075,1885,321,1564
100900076,11,27,-16
100900077,7,156,-149
100900078,42,250,-208
100900079,5,25,-20
100900080,9,175,-166
100900081,16,82,-66
100900082,46,835,-789
100900083,0,31,-31
100900085,1,59,-58
100900086,115,555,-440
100900088,64,805,-741
100900089,6,23,-17
100900090,78,351,-273
100900091,0,20,-20
100900092,136,110,26
100900093,212,128,84
100900094,65,783,-718
100900095,0,14,-14
100900096,22,62,-40
100900097,0,3,-3
100900098,5,4,1
100900099,34,791,-757
100900100,8,274,-266
100900101,344,35,309
100900102,3,20,-17
100900103,11,9,2
100900104,8,203,-195
100900105,15,99,-84
100900106,44,2,42
100900107,1866,398,1468
100900108,1,8,-7
100900109,1,24,-23
100900110,3,49,-46
100900111,47,194,-147
100900112,0,11,-11
100900113,7,23,-16
100900114,11,16,-5
100900115,0,22,-22
100900116,551,496,55
100900117,192,625,-433
100900118,9,58,-49
100900119,1,12,-11
100900120,4,8,-4
100900121,201,336,-135
100900122,134,186,-52
100900123,67,102,-35
100900124,7,6,1
100900125,26,80,-54
100900126,77,152,-75
100900127,1,6,-5
100900128,73,168,-95
100900129,1,76,-75
100900131,38,130,-92
100900133,23,21,2
100900134,2,7,-5
100900135,1,132,-131
100900137,331,196,135
100900138,350,258,92
100900139,4,2,2
100900140,0,906,-906
100900141,0,422,-422
100900142,1,1,0
100900143,665,315,350
100900144,12,2,10
100900145,55,114,-59
100900146,4,25,-21
100900147,12,163,-151
100900148,26,1346,-1320
100900149,11,61,-50
100900150,4,24,-20
100900151,98,489,-391
100900152,118,2,116
100900153,1,115,-114
100900154,2,13,-11
100900155,2,8,-6
100900156,17,2,15
100900157,3,91,-88
100900159,2,12,-10
100900160,13,27,-14
100900161,119,9,110
100900162,7,101,-94
100900163,184,214,-30
100900164,28,47,-19
100900165,36,52,-16
100900166,20,6,14
100900167,8,78,-70
100900168,15,104,-89
100900169,173,916,-743
100900170,40,9,31
100900171,23,574,-551
100900172,0,17,-17
100900173,4,682,-678
100900174,212,48,164
100900176,1298,103,1195
100900177,867,278,589
100900178,256,130,126
100900179,63,33,30
100900180,3,6,-3
100900181,84,25,59
100900182,10,15,-5
100900184,1,140,-139
100900186,1054,549,505
100900187,11,162,-151
100900188,39,13,26
100900189,697,127,570
100900191,1238,529,709
100900192,302,115,187
100900195,103,82,21
100900197,12,167,-155
100900198,13,356,-343
100900199,18,17,1
100900200,487,352,135
100900201,30,697,-667
100900202,8,0,8
100900203,0,66,-66
100900204,74,98,-24
100900205,96,305,-209
100900206,86,27,59
100900207,142,72,70
100900210,86,846,-760
100900211,237,102,135
100900213,24,27,-3
100900214,1019,68,951
100900215,7,15,-8
100900217,128,53,75
101000001,3875,1695,2180
101000002,3618,3846,-228
101000003,711,1252,-541
101000004,7389,6665,724
101000005,3897,4055,-158
101000006,5658,5883,-225
101000007,1630,2267,-637
101000008,4814,2322,2492
101000009,1544,2198,-654
101000010,780,1675,-895
101000011,1847,629,1218
101000012,2023,462,1561
101000013,377,765,-388
101000014,498,614,-116
101000015,651,705,-54
101000016,555,300,255
101000017,542,426,116
101000018,5231,2363,2868
101000020,4804,1005,3799
101000021,1792,239,1553
101000022,402,52,350
101000023,1665,577,1088
101000025,132,249,-117
101000026,483,19,464
101000027,1875,1135,740
101000028,970,152,818
101000029,69,552,-483
101000030,1055,62,993
101000031,372,106,266
101000032,5579,1701,3878
101000033,2704,1769,935
101000034,3438,790,2648
101000035,1360,183,1177
101000036,2269,304,1965
101000037,5872,1129,4743
101000039,3087,1114,1973
101000040,3971,2656,1315
101000041,10159,2903,7256
101000042,758,458,300
101000043,6811,2315,4496
101000045,1469,330,1139
101000046,1988,417,1571
101000047,1158,884,274
101000048,913,805,108
101000049,717,657,60
101000050,1645,676,969
101000051,2079,951,1128
101000052,1782,384,1398
101000053,991,1006,-15
101000054,1510,1113,397
101000055,1576,1023,553
101000056,78,57,21
101000057,2209,422,1787
101000058,1991,713,1278
101000059,3980,1245,2735
101000060,2204,249,1955
101000061,1231,738,493
101000062,1166,369,797
101000063,703,414,289
101000064,1794,332,1462
101000065,312,253,59
101000066,500,201,299
101000067,1067,348,719
101000068,465,158,307
101000069,515,42,473
101000070,1397,869,528
101000071,1597,817,780
101000072,926,3221,-2295
101000073,436,435,1
101000074,3565,2782,783
101000075,4859,3216,1643
101000077,989,1951,-962
101000078,908,1888,-980
101000079,347,1067,-720
101000080,471,552,-81
101000081,1030,1477,-447
101000082,3725,2973,752
101000083,1939,1697,242
101000084,1444,1183,261
101000085,1527,1015,512
101000086,1195,1342,-147
101000087,998,1393,-395
101000088,924,963,-39
101000089,701,1376,-675
101000090,2420,1735,685
101000091,319,2140,-1821
101000092,563,1035,-472
101000093,1395,747,648
101000094,558,1499,-941
101000095,233,972,-739
101000096,230,662,-432
101000097,489,266,223
101000098,563,427,136
101000099,1042,1211,-169
101000100,878,501,377
101000101,432,272,160
101000102,1039,258,781
101000103,838,396,442
101000104,438,373,65
101000105,960,187,773
101000106,697,298,399
101000107,125,374,-249
101000108,1664,352,1312
101000109,175,88,87
101000110,34,812,-778
101000111,96,179,-83
101000113,133,444,-311
101000114,3376,1061,2315
101000115,118,176,-58
101000116,101,131,-30
101000117,447,250,197
101000119,117,26,91
101000120,195,16,179
101000121,83,19,64
101000122,141,49,92
101000123,64,26,38
101000124,120,162,-42
101000125,192,506,-314
101000128,1133,325,808
101000130,256,343,-87
101000131,381,830,-449
101000132,386,2085,-1699
101000135,104,10,94
101000136,239,55,184
101000137,25,214,-189
101000141,2152,1557,595
101000147,781,612,169
101000148,2206,16,2190
101000149,75,44,31
101000150,31,1416,-1385
101000151,116,81,35
101000152,295,249,46
101000153,510,475,35
101000154,109,2055,-1946
101000155,118,201,-83
101000156,24,259,-235
101000157,78,16,62
101000160,36,46,-10
101000163,205,61,144
101000164,494,447,47
101000165,254,507,-253
101000166,225,362,-137
101000168,708,309,399
101000252,1267,902,365
101000254,319,35,284
101000258,25,49,-24
101000261,40,272,-232
101000262,861,844,17
101000263,135,570,-435
101000265,49,430,-381
101000266,332,298,34
101000269,118,3,115
101000290,1689,1724,-35
101000293,20,63,-43
101000294,409,509,-100
101000295,132,428,-296
101000301,708,180,528
101000304,1898,2261,-363
101000305,2321,1592,729
101000328,72,333,-261
101900001,13,89,-76
101900002,0,5,-5
101900003,114,89,25
101900004,12,40,-28
101900005,6543,1340,5203
101900006,908,35,873
101900007,547,33,514
101900008,184,153,31
101900009,48,365,-317
101900010,1063,600,463
101900011,370,1020,-650
101900012,110,277,-167
101900013,1140,128,1012
101900017,26,101,-75
101900018,2158,180,1978
101900019,322,128,194
101900020,64,86,-22
101900021,2,74,-72
101900022,53,1549,-1496
101900023,36,264,-228
101900026,86,41,45
101900027,7,116,-109
102000001,2549,3390,-841
102000002,2837,1417,1420
102000003,2995,4297,-1302
102000004,7219,2641,4578
102000005,1470,2119,-649
102000006,1892,1699,193
102000007,1466,4182,-2716
102000008,5992,2030,3962
102000009,4387,7127,-2740
102000010,5383,4198,1185
102000011,2309,2020,289
102000012,3425,3394,31
102000018,3669,2548,1121
102000019,2919,1690,1229
102000026,283,842,-559
102000029,410,281,129
102000030,64,280,-216
102000031,25,250,-225
102000032,291,511,-220
102000033,182,474,-292
102000034,453,703,-250
102000035,917,633,284
102000036,6,456,-450
102000037,149,135,14
102000038,490,125,365
102000039,511,81,430
102000040,904,113,791
102000041,315,390,-75
102000042,292,153,139
102000043,586,203,383
102000044,743,731,12
102000045,693,1442,-749
102000046,1008,521,487
102000047,520,1482,-962
102000048,186,936,-750
102000049,1218,773,445
102000050,1386,1199,187
102000051,419,764,-345
102000052,1712,931,781
102000053,1086,890,196
102000054,349,884,-535
102000055,651,1521,-870
102000056,673,1579,-906
102000057,938,592,346
102000058,937,2478,-1541
102000059,1021,1748,-727
102000060,923,930,-7
102000061,971,2575,-1604
102000062,872,1290,-418
102000063,1258,1495,-237
102000064,427,562,-135
102000065,45,151,-106
102000066,893,1604,-711
102000067,2313,3065,-752
102000068,11330,3238,8092
102000069,31,2317,-2286
102000070,2057,75,1982
102000071,6939,9329,-2390
102000072,3125,6525,-3400
102000073,419,1313,-894
102000074,481,895,-414
102000075,223,361,-138
102000076,217,587,-370
102000077,267,1570,-1303
102000078,636,990,-354
102000079,147,381,-234
102000080,225,236,-11
102000081,180,785,-605
102000082,701,260,441
102000083,300,623,-323
102000084,132,542,-410
102000085,1648,1522,126
102000086,918,943,-25
102000087,652,2208,-1556
102000088,176,294,-118
102000089,771,462,309
102000090,371,1158,-787
102000091,1382,398,984
102000092,379,899,-520
102000093,464,563,-99
102000094,1030,568,462
102000095,1026,1159,-133
102000096,1006,904,102
102000097,957,1006,-49
102000098,661,1063,-402
102000099,1083,528,555
102000100,1018,1087,-69
102000101,1437,471,966
102000102,275,2967,-2692
102000103,1178,380,798
102000104,1153,392,761
102000105,268,953,-685
102000106,525,1077,-552
102000107,651,717,-66
102000108,389,364,25
102000109,288,760,-472
102000110,437,2208,-1771
102000111,6,451,-445
102000112,92,94,-2
102000113,6,31,-25
102000114,1482,482,1000
102000115,161,193,-32
102000116,421,285,136
102000117,222,576,-354
102000118,1882,901,981
102000119,2867,623,2244
102000120,157,539,-382
102000121,760,486,274
102000122,253,756,-503
102000123,1305,734,571
102000124,831,868,-37
102000125,738,706,32
102000126,474,626,-152
102000127,801,568,233
102000128,370,1137,-767
102000129,646,881,-235
102000130,339,540,-201
102000131,709,508,201
102000132,258,365,-107
102000133,1064,2682,-1618
102000134,477,812,-335
102000135,1104,1229,-125
102000136,1279,556,723
102000137,814,789,25
102000138,191,442,-251
102000139,38,347,-309
102000140,187,196,-9
102000141,93,467,-374
102000142,137,369,-232
102000143,63,524,-461
102000144,142,483,-341
102000145,177,448,-271
102000146,247,302,-55
102000147,246,299,-53
102000148,245,313,-68
102000149,80,757,-677
102000150,135,374,-239
102000151,178,437,-259
102000152,136,200,-64
102000153,872,313,559
102000154,539,696,-157
102000155,90,257,-167
102000156,548,55,493
102000157,223,117,106
102000158,755,352,403
102000159,1763,339,1424
102000161,4386,1644,2742
102000162,237,144,93
102000163,67,405,-338
102000164,986,779,207
102000165,277,118,159
102000166,14,108,-94
102000167,116,182,-66
102000168,152,90,62
102000169,92,537,-445
102000170,653,103,550
102000171,135,67,68
102000172,43,217,-174
102000173,472,226,246
102000174,21,30,-9
102000175,139,186,-47
102000176,28,31,-3
102000178,270,688,-418
102000179,315,182,133
102000180,508,628,-120
102000181,302,695,-393
102000182,345,801,-456
102000183,1215,2386,-1171
102000184,1090,1004,86
102000185,1611,2232,-621
102000186,762,2300,-1538
102000187,412,2072,-1660
102000188,569,1778,-1209
102000189,3177,1165,2012
102000190,642,2807,-2165
102000191,1078,581,497
102000192,756,1029,-273
102000193,36,211,-175
102000194,80,134,-54
102000195,405,714,-309
102000196,118,758,-640
102000197,324,617,-293
102000198,131,1109,-978
102000199,474,496,-22
102000200,215,1716,-1501
102000201,413,605,-192
102000202,0,128,-128
102000203,209,371,-162
102000204,194,1233,-1039
102000205,719,684,35
102000206,494,760,-266
102000207,643,474,169
102000208,378,652,-274
102000209,52,44,8
102000210,211,520,-309
102000211,415,682,-267
102000212,133,16,117
102000213,2,482,-480
102000214,107,15,92
102000215,1,747,-746
102000216,30,59,-29
102000217,5,238,-233
102000218,158,100,58
102000219,470,350,120
102000225,737,867,-130
102000226,2788,584,2204
102000227,173,2,171
102000228,0,97,-97
102000229,9,17,-8
102000230,261,727,-466
102000231,240,387,-147
102000232,8,304,-296
102000233,310,812,-502
102000234,93,1292,-1199
102000236,152,100,52
102000237,767,196,571
102000238,143,430,-287
102000240,569,437,132
102000241,151,139,12
102000243,13,64,-51
102000245,13,99,-86
102000246,27,55,-28
102000247,1017,848,169
102000248,537,557,-20
102000249,146,211,-65
102000250,32,532,-500
102000254,73,499,-426
102000266,51,180,-129
102000271,12,0,12
102000286,420,310,110
102000297,1744,1168,576
102000301,0,0,0
102000303,0,0,0
102000307,0,9,-9
102900001,1024,1279,-255
102900002,254,28,226
102900003,40,360,-320
102900005,228,430,-202
102900006,504,322,182
102900007,390,31,359
102900008,234,130,104
102900009,457,188,269
102900010,443,482,-39
102900011,2233,428,1805
102900012,270,83,187
102900013,11,93,-82
102900015,686,287,399
102900016,44,125,-81
102900017,96,653,-557
102900018,14,110,-96
102900019,410,643,-233
102900020,79,37,42
102900021,18,131,-113
102900022,522,57,465
102900023,16,66,-50
102900024,17,34,-17
102900025,265,84,181
102900026,664,1368,-704
102900027,36,77,-41
102900028,66,499,-433
102900029,149,148,1
102900030,225,289,-64
102900031,106,184,-78
102900032,45,150,-105
102900033,54,106,-52
102900034,245,148,97
102900035,103,591,-488
102900036,175,751,-576
102900037,176,777,-601
102900038,392,695,-303
102900039,50,351,-301
102900040,125,246,-121
102900041,86,231,-145
102900042,159,474,-315
102900043,108,262,-154
102900044,695,2158,-1463
102900045,80,561,-481
102900046,93,297,-204
102900047,67,635,-568
102900048,512,934,-422
102900049,99,431,-332
102900050,183,402,-219
102900051,126,256,-130
102900052,35,19,16
102900053,286,914,-628
102900054,1050,958,92
102900055,78,117,-39
102900056,97,569,-472
102900057,2,33,-31
102900058,310,51,259
102900059,19,40,-21
102900060,123,504,-381
102900061,103,648,-545
102900062,109,1752,-1643
102900063,708,474,234
102900064,134,429,-295
102900065,2097,669,1428
102900066,321,48,273
102900068,107,89,18
102900070,103,887,-784
102900072,8,29,-21
102900073,154,9,145
102900075,24,30,-6
102900076,272,57,215
102900077,30,24,6
102900078,53,66,-13
102900079,241,17,224
102900080,441,34,407
102900081,30,323,-293
102900082,26,244,-218
102900083,244,11,233
102900084,0,22,-22
102900085,152,60,92
102900086,2,43,-41
102900087,55,186,-131
102900088,35,36,-1
102900089,198,144,54
102900090,1,498,-497
102900091,108,1,107
102900092,223,1242,-1019
102900093,277,184,93
102900094,0,46,-46
102900095,101,2,99
102900096,32,14,18
102900097,3,121,-118
102900098,65,19,46
103000001,2286,3080,-794
103000002,2640,2559,81
103000003,4059,2976,1083
103000004,1035,777,258
103000005,2734,2834,-100
103000006,801,1606,-805
103000007,433,963,-530
103000008,1137,1356,-219
103000009,1100,967,133
103000010,139,105,34
103000011,1823,1157,666
103000012,1196,1547,-351
103000013,6515,2091,4424
103000014,1188,2050,-862
103000015,3211,942,2269
103000016,595,1105,-510
103000017,190,299,-109
103000018,1509,418,1091
103000019,168,173,-5
103000020,2288,1497,791
103000021,1760,1454,306
103000022,1426,1286,140
103000023,645,1532,-887
103000024,101,190,-89
103000025,59,333,-274
103000026,1856,156,1700
103000027,235,383,-148
103000028,543,410,133
103000029,332,174,158
103000030,1972,607,1365
103000031,1512,1667,-155
103000032,1861,1868,-7
103000033,2335,2735,-400
103000034,1391,913,478
103000035,410,1238,-828
103000036,410,528,-118
103000037,581,445,136
103000038,441,1094,-653
103000039,194,606,-412
103000040,271,1457,-1186
103000041,1570,3422,-1852
103000042,757,927,-170
103000043,312,1453,-1141
103000044,115,282,-167
103000046,274,433,-159
103000047,498,758,-260
103000048,235,150,85
103000049,65,186,-121
103000050,695,845,-150
103000051,294,608,-314
103000052,645,579,66
103000053,174,504,-330
103000054,1998,1443,555
103000055,1536,2179,-643
103000056,580,3024,-2444
103000057,262,342,-80
103000058,319,1211,-892
103000059,216,743,-527
103000060,728,1081,-353
103000061,303,918,-615
103000062,713,922,-209
103000063,510,559,-49
103000064,93,379,-286
103000065,6,424,-418
103000066,89,9,80
103000069,152,429,-277
103000070,708,1475,-767
103000071,778,387,391
103000072,131,1107,-976
103000073,429,146,283
103000074,423,84,339
103000075,116,1062,-946
103000076,236,210,26
103000077,55,457,-402
103000078,1667,402,1265
103000079,1959,519,1440
103000080,1316,303,1013
103000081,539,723,-184
103000082,585,274,311
103000083,104,382,-278
103000084,183,6,177
103000085,6,116,-110
103000086,1076,388,688
103000087,167,464,-297
103000088,449,352,97
103000089,270,457,-187
103000090,1566,1047,519
103000091,503,512,-9
103000092,268,297,-29
103000093,342,605,-263
103000094,170,122,48
103000095,22,441,-419
103000096,762,145,617
103000097,66,815,-749
103000098,1020,191,829
103000099,287,741,-454
103000100,83,1191,-1108
103000101,540,158,382
103000102,79,1000,-921
103000103,499,304,195
103000104,36,161,-125
103000105,116,164,-48
103000106,17,85,-68
103000107,318,57,261
103000108,724,567,157
103000109,528,286,242
103000110,390,420,-30
103000111,721,367,354
103000112,282,269,13
103000113,955,787,168
103000114,1305,412,893
103000115,433,624,-191
103000116,390,652,-262
103000117,208,681,-473
103000118,2031,1076,955
103000119,2725,643,2082
103000120,59,78,-19
103000121,358,750,-392
103000122,400,346,54
103000125,1,524,-523
103000126,349,1,348
103000127,0,258,-258
103000128,128,2,126
103000129,1,190,-189
103000130,12,18,-6
103000131,190,89,101
103000132,34,87,-53
103000133,1,102,-101
103000134,813,681,132
103000135,957,295,662
103000136,973,440,533
103000137,881,606,275
103000138,994,756,238
103000139,2,57,-55
103000140,216,18,198
103000141,15,128,-113
103000142,146,88,58
103000143,89,170,-81
103000144,193,116,77
103000145,19,16,3
103000150,74,65,9
103000152,451,216,235
103000153,337,180,157
103000156,2,532,-530
103000157,227,1,226
103000159,146,167,-21
103000162,86,12,74
103000163,16,11,5
103000164,39,11,28
103000165,283,558,-275
103000166,186,214,-28
103000167,225,141,84
103000168,54,166,-112
103000169,137,333,-196
103000170,347,550,-203
103000171,44,44,0
103000172,222,359,-137
103000173,258,1101,-843
103000174,160,312,-152
103000175,136,516,-380
103000176,855,341,514
103000177,829,430,399
103000178,308,358,-50
103000179,97,26,71
103000183,81,36,45
103000185,60,125,-65
103000186,58,170,-112
103000187,226,869,-643
103000188,5,81,-76
103000189,1104,1272,-168
103000191,579,975,-396
103000292,2624,814,1810
103000293,1330,1296,34
103000295,53,65,-12
103000296,160,1,159
103000297,16,9,7
103000504,51,25,26
103000505,3,6,-3
103000506,0,242,-242
103000507,114,0,114
103000508,39,22,17
103000509,333,603,-270
103900001,2,557,-555
103900002,2018,214,1804
103900003,2036,106,1930
103900004,40,1,39
103900005,1,255,-254
103900006,3,0,3
103900007,23,8,15
103900008,21,1,20
103900009,148,326,-178
103900010,152,264,-112
103900011,137,278,-141
103900012,9,7,2
103900013,14,66,-52
103900014,17,22,-5
103900015,20,27,-7
103900016,305,283,22
103900017,29,83,-54
103900018,740,172,568
103900019,40,218,-178
103900020,223,411,-188
103900021,989,65,924
103900022,992,552,440
103900023,77,0,77
103900024,81,805,-724
103900025,2,69,-67
103900026,6,0,6
103900027,576,373,203
103900028,26,170,-144
103900029,799,135,664
103900030,347,31,316
103900031,12,0,12
103900032,49,42,7
103900033,86,14,72
103900034,25,380,-355
103900035,62,82,-20
103900036,28,31,-3
103900037,26,25,1
103900038,50,128,-78
103900039,32,662,-630
103900040,17,234,-217
103900041,19,30,-11
103900042,27,543,-516
103900043,116,158,-42
103900044,274,140,134
103900045,142,161,-19
103900047,22,27,-5
103900048,44,21,23
103900049,267,1439,-1172
103900050,6,69,-63
103900051,0,27,-27
103900052,211,699,-488
103900053,132,1438,-1306
103900054,41,674,-633
103900055,319,314,5
103900056,31,60,-29
103900057,13,380,-367
103900058,80,896,-816
103900059,0,4,-4
103900060,46,359,-313
103900061,62,101,-39
103900062,152,68,84
103900063,1,0,1
103900064,46,3,43
103900065,886,381,505
103900066,80,6,74
103900067,76,2,74
103900068,1,0,1
103900069,85,6,79
103900070,112,399,-287
103900071,9,190,-181
103900072,5,397,-392
103900073,45,34,11
103900074,43,119,-76
103900075,105,110,-5
103900076,318,831,-513
103900077,52,77,-25
103900078,94,98,-4
103900079,113,301,-188
103900080,12,33,-21
103900081,98,21,77
103900082,13,117,-104
103900083,2001,661,1340
103900084,16,148,-132
103900085,65,94,-29
103900086,328,286,42
103900088,351,233,118
103900089,52,231,-179
103900090,0,293,-293
103900091,853,250,603
103900092,647,690,-43
103900093,111,433,-322
103900094,7,177,-170
103900095,689,218,471
103900096,9,341,-332
103900097,19,663,-644
103900098,206,103,103
103900099,63,321,-258
103900100,119,442,-323
103900101,53,1094,-1041
103900102,2,65,-63
103900104,3,41,-38
103900105,59,197,-138
103900106,0,10,-10
103900107,33,309,-276
103900108,14,499,-485
103900109,31,141,-110
103900110,164,54,110
103900111,51,1171,-1120
103900112,12,56,-44
103900113,146,238,-92
103900114,600,425,175
103900115,290,160,130
103900116,8303,1772,6531
103900117,281,154,127
103900119,26,58,-32
103900120,22,153,-131
103900122,36,553,-517
103900123,1970,546,1424
103900124,44,760,-716
103900125,61,88,-27
103900126,385,798,-413
103900127,115,1097,-982
103900128,33,246,-213
103900131,15,192,-177
103900133,1005,18,987
103900134,0,3,-3
103900135,0,14,-14
103900137,1,51,-50
103900138,46,492,-446
103900139,285,1060,-775
103900140,2,44,-42
103900141,250,115,135
103900142,65,239,-174
103900143,23,11,12
103900144,0,64,-64
103900145,137,424,-287
103900146,210,408,-198
103900147,272,133,139
103900148,142,229,-87
103900149,95,823,-728
103900150,8526,2299,6227
103900151,20,224,-204
103900152,260,871,-611
103900153,7,6,1
103900154,1263,1575,-312
103900155,21,304,-283
103900156,10,212,-202
103900157,6,344,-338
103900158,53,247,-194
103900159,61,72,-11
103900160,31,27,4
103900161,88,237,-149
103900162,36,324,-288
103900163,8,501,-493
103900167,4,85,-81
103900168,60,181,-121
103900169,11,34,-23
103900170,3,126,-123
103900171,6,141,-135
103900172,13,62,-49
103900173,5,7,-2
103900174,48,65,-17
103900175,46,22,24
103900176,13,20,-7
103900177,6,54,-48
103900178,20,142,-122
103900179,26,349,-323
103900180,7,196,-189
103900181,75,62,13
103900182,27,22,5
103900184,830,50,780
103900185,498,146,352
103900187,111,45,66
103900188,36,9,27
103900189,92,5,87
103900190,40,63,-23
103900191,30,36,-6
103900192,28,79,-51
103900193,152,178,-26
103900194,66,313,-247
103900195,3,33,-30
103900196,33,12,21
103900197,2,26,-24
103900198,7,74,-67
103900199,123,119,4
103900200,95,137,-42
103900201,60,191,-131
103900202,4,52,-48
103900203,17,17,0
103900204,3,175,-172
103900207,4,194,-190
103900208,50,0,50
103900209,7,81,-74
103900210,35,14,21
103900211,253,765,-512
103900212,74,621,-547
103900213,139,293,-154
103900214,460,128,332
103900215,772,228,544
103900216,8,498,-490
103900217,296,40,256
103900218,3,379,-376
103900219,91,428,-337
103900233,51,3,48
103900235,43,15,28
103900236,35,5,30
103900242,0,9,-9
103900243,5,7,-2
103900244,58,379,-321
103900245,80,231,-151
103900246,91,24,67
103900247,62,128,-66
103900248,2,31,-29
103900249,22,34,-12
103900250,58,17,41
103900251,5,34,-29
103900253,33,69,-36
103900254,8,25,-17
103900255,26,22,4
103900256,17,37,-20
103900257,140,122,18
103900258,35,4,31
103900259,85,17,68
103900261,5,5,0
103900262,6,11,-5
103900263,103,75,28
103900264,39,33,6
103900265,84,9,75
103900266,0,28,-28
103900267,12,65,-53
103900268,12,148,-136
103900269,66,27,39
103900270,35,198,-163
103900271,22,204,-182
103900272,57,89,-32
103900273,18,123,-105
103900274,33,7,26
103900275,17,9,8
103900276,0,168,-168
103900277,3,178,-175
103900278,6,79,-73
103900279,0,7,-7
103900280,0,189,-189
104000001,2105,2492,-387
104000002,1802,3614,-1812
104000003,2100,2610,-510
104000004,3390,3444,-54
104000005,1284,2107,-823
104000006,2819,3779,-960
104000007,4262,4638,-376
104000008,337,659,-322
104000009,118,153,-35
104000010,148,298,-150
104000011,1085,477,608
104000012,190,637,-447
104000013,172,210,-38
104000014,305,940,-635
104000015,238,221,17
104000016,627,488,139
104000018,564,182,382
104000019,446,116,330
104000020,254,1141,-887
104000021,359,939,-580
104000022,151,376,-225
104000023,395,451,-56
104000024,243,519,-276
104000026,56,450,-394
104000027,376,604,-228
104000028,379,402,-23
104000029,604,763,-159
104000030,278,332,-54
104000031,787,428,359
104000032,206,415,-209
104000033,526,582,-56
104000034,336,484,-148
104000035,707,530,177
104000036,625,916,-291
104000037,340,415,-75
104000038,260,396,-136
104000039,184,527,-343
104000040,775,563,212
104000041,331,412,-81
104000042,228,629,-401
104000043,224,535,-311
104000044,313,1031,-718
104000045,1128,1657,-529
104000046,1804,1898,-94
104000047,596,1692,-1096
104000048,1118,2450,-1332
104000049,435,412,23
104000050,157,749,-592
104000051,73,950,-877
104000052,934,1920,-986
104000053,746,833,-87
104000054,511,689,-178
104000055,4808,3413,1395
104000056,1720,245,1475
104000057,121,583,-462
104000058,516,884,-368
104000059,542,1539,-997
104000060,685,1244,-559
104000061,1284,1571,-287
104000062,200,168,32
104000064,649,475,174
104000065,123,508,-385
104000069,1779,885,894
104000070,61,324,-263
104000071,91,433,-342
104000072,450,284,166
104000075,71,329,-258
104000076,422,43,379
104000082,2296,2951,-655
104000083,716,276,440
104000084,121,567,-446
104000085,268,250,18
104000086,200,498,-298
104000087,401,1094,-693
104000090,657,2079,-1422
104000092,692,3603,-2911
104000094,916,2598,-1682
104000095,1466,1595,-129
104000096,1053,605,448
104000097,1208,1487,-279
104000098,1180,1855,-675
104000100,1034,866,168
104000101,883,3334,-2451
104000106,55,616,-561
104000107,589,625,-36
104000108,421,829,-408
104000109,275,75,200
104000110,859,1094,-235
104000111,6473,2071,4402
104000112,2709,719,1990
104000116,5,1710,-1705
104000117,108,1558,-1450
104000118,288,314,-26
104000119,329,336,-7
104000120,165,1537,-1372
104000121,148,823,-675
104000122,530,799,-269
104000123,1203,1574,-371
104000124,1327,3683,-2356
104000125,6507,3513,2994
104000126,357,524,-167
104000127,1704,4116,-2412
104000128,841,588,253
104000129,435,22,413
104000130,8,270,-262
104000131,1266,886,380
104000132,791,1037,-246
104000133,1115,1084,31
104000134,775,1683,-908
104000135,354,1449,-1095
104000136,685,3042,-2357
104000137,1506,293,1213
104000138,1418,517,901
104000139,9200,3630,5570
104000141,1161,2224,-1063
104000142,730,1236,-506
104000143,549,968,-419
104000144,93,237,-144
104000145,453,270,183
104000146,439,751,-312
104000147,106,394,-288
104000148,224,172,52
104000149,238,531,-293
104000150,604,575,29
104000151,301,693,-392
104000152,397,813,-416
104000153,430,553,-123
104000154,1055,831,224
104000155,355,464,-109
104000157,954,2378,-1424
104000158,239,308,-69
104000159,496,407,89
104000160,1630,1790,-160
104000161,395,217,178
104000162,102,161,-59
104000165,1900,1282,618
104000167,427,715,-288
104000168,406,3,403
104000169,65,67,-2
104000170,781,457,324
104000248,319,1563,-1244
104000251,81,383,-302
104000272,0,0,0
104000273,0,0,0
104000274,0,0,0
104000275,0,0,0
104000279,565,500,65
104000290,49,459,-410
104000291,664,1262,-598
104000293,711,838,-127
104000294,22,0,22
104000295,506,834,-328
104000296,349,956,-607
104000297,919,1780,-861
104000298,1713,1073,640
104000299,661,1918,-1257
104900001,128,517,-389
104900002,32,114,-82
104900003,48,460,-412
104900004,80,386,-306
104900005,142,165,-23
104900006,93,98,-5
104900007,192,287,-95
104900009,91,579,-488
104900010,17,31,-14
104900011,15,0,15
104900012,139,13,126
104900013,85,14,71
104900014,4752,414,4338
104900015,125,3,122
104900016,197,412,-215
104900017,96,217,-121
104900018,7,271,-264
104900019,418,1591,-1173
104900020,53,325,-272
104900021,3,477,-474
104900022,17,207,-190
104900023,3,172,-169
104900024,16,151,-135
104900025,63,573,-510
104900026,0,216,-216
104900027,290,270,20
104900028,25,116,-91
104900029,60,161,-101
104900030,370,208,162
104900031,171,264,-93
104900032,29,219,-190
104900033,106,318,-212
104900034,259,115,144
104900035,164,163,1
104900036,191,87,104
104900037,79,491,-412
104900038,693,300,393
104900039,1480,162,1318
104900040,201,91,110
104900041,177,210,-33
104900042,86,621,-535
104900043,7,114,-107
104900044,308,287,21
104900045,349,68,281
104900046,75,104,-29
104900047,223,203,20
104900048,146,100,46
104900049,8,2,6
104900050,101,68,33
104900051,226,59,167
104900052,33,1,32
104900053,337,83,254
104900054,41,46,-5
104900055,27,0,27
104900056,200,13,187
104900057,9,0,9
104900058,396,91,305
104900059,44,77,-33
104900060,2,440,-438
104900061,340,762,-422
104900063,1,193,-192
104900064,1,239,-238
104900065,0,137,-137
104900066,2,325,-323
104900067,3,299,-296
104900068,9,282,-273
104900070,124,340,-216
104900071,3,1113,-1110
104900072,34,283,-249
104900073,26,511,-485
104900074,40,285,-245
104900075,33,136,-103
104900076,108,524,-416
104900077,1784,92,1692
104900078,161,965,-804
104900079,140,207,-67
104900080,58,664,-606
104900082,9,416,-407
104900085,11,334,-323
104900087,318,21,297
104900089,92,1,91
104900090,420,504,-84
104900091,342,1227,-885
104900093,220,710,-490
104900097,3831,1330,2501
104900098,43,59,-16
104900099,208,428,-220
104900100,1019,230,789
104900102,23,345,-322
104900103,287,137,150
104900104,3442,1330,2112
104900106,49,142,-93
104900107,53,474,-421
104900108,27,438,-411
104900109,50,199,-149
104900110,5,85,-80
104900111,90,124,-34
104900112,222,1391,-1169
104900113,485,539,-54
104900114,201,1049,-848
104900115,457,641,-184
104900116,146,325,-179
104900118,14,97,-83
104900119,5,42,-37
104900120,126,113,13
104900121,2,194,-192
104900122,2,138,-136
104900123,13,4,9
104900124,26,0,26
104900125,472,7,465
104900126,74,83,-9
104900127,29,58,-29
104900128,87,141,-54
104900129,3079,1190,1889
105000001,2763,2098,665
105000002,2590,2025,565
105000003,3384,4215,-831
105000004,441,1398,-957
105000005,698,1467,-769
105000006,1166,1875,-709
105000007,1239,1466,-227
105000008,1050,2381,-1331
105000009,1342,2921,-1579
105000010,3614,3495,119
105000011,1688,2196,-508
105000012,3627,3892,-265
105000013,628,993,-365
105000014,1070,1905,-835
105000015,7525,6119,1406
105000016,4541,1924,2617
105000017,2095,1112,983
105000018,1552,1017,535
105000019,1599,1097,502
105000020,228,337,-109
105000021,305,173,132
105000022,153,50,103
105000023,359,188,171
105000028,64,224,-160
105000029,350,1050,-700
105000030,4373,4352,21
105000033,1028,2540,-1512
105000034,132,451,-319
105000037,653,839,-186
105000038,974,1131,-157
105000039,2523,1731,792
105000040,453,767,-314
105000041,286,1374,-1088
105000042,1293,1077,216
105000043,1791,2134,-343
105000044,301,364,-63
105000045,280,1057,-777
105000046,592,422,170
105000047,563,1738,-1175
105000048,446,240,206
105000049,250,855,-605
105000050,436,483,-47
105000051,241,601,-360
105000052,360,1128,-768
105000053,191,277,-86
105000054,196,1298,-1102
105000055,345,537,-192
105000056,696,3670,-2974
105000057,912,1290,-378
105000058,1341,1791,-450
105000059,630,616,14
105000060,582,1046,-464
105000061,409,507,-98
105000062,1040,1872,-832
105000063,368,1114,-746
105000064,1110,760,350
105000065,489,1531,-1042
105000066,1227,3062,-1835
105000067,1031,596,435
105000068,736,1163,-427
105000069,4823,851,3972
105000070,1159,799,360
105000071,439,665,-226
105000072,1141,1348,-207
105000073,934,657,277
105000074,996,1081,-85
105000075,779,877,-98
105000076,1586,1186,400
105000077,1871,786,1085
105000078,1678,1392,286
105000079,2002,2057,-55
105000080,1799,926,873
105000081,1878,837,1041
105000082,788,494,294
105000083,1340,655,685
105000084,675,1456,-781
105000085,1151,992,159
105000086,623,1052,-429
105000087,3869,2374,1495
105000088,1200,1533,-333
105000089,2837,2526,311
105000090,785,909,-124
105000091,1612,1949,-337
105000092,765,1187,-422
105000093,324,157,167
105000094,271,252,19
105000095,65,346,-281
105000096,1391,669,722
105000097,1461,982,479
105000098,783,646,137
105000099,1248,1151,97
105000100,785,1479,-694
105000101,1644,2583,-939
105000102,1120,1909,-789
105000103,1192,2796,-1604
105000104,1441,1505,-64
105000105,882,2618,-1736
105000106,1028,2015,-987
105000107,819,1500,-681
105000108,894,3002,-2108
105000109,1215,2309,-1094
105000110,604,1430,-826
105000111,599,733,-134
105000112,1022,1196,-174
105000113,391,700,-309
105000114,5951,1333,4618
105000115,347,835,-488
105000116,569,497,72
105000117,775,2130,-1355
105000118,200,372,-172
105000119,381,1777,-1396
105000120,481,729,-248
105000121,818,1883,-1065
105000122,234,590,-356
105000123,1138,1965,-827
105000124,1215,1298,-83
105000125,544,2504,-1960
105000126,1724,3282,-1558
105000127,2338,2199,139
105000128,378,2116,-1738
105000129,729,360,369
105000130,111,1317,-1206
105000131,685,462,223
105000132,626,409,217
105000133,261,1400,-1139
105000134,645,588,57
105000135,397,821,-424
105000136,143,430,-287
105000137,236,211,25
105000138,250,420,-170
105000139,1011,1336,-325
105000140,214,558,-344
105000141,177,762,-585
105000142,109,655,-546
105000143,237,960,-723
105000144,338,875,-537
105000145,532,611,-79
105000146,736,1004,-268
105000147,531,510,21
105000148,931,1008,-77
105000149,1610,2211,-601
105000150,2128,1773,355
105000151,410,394,16
105000152,153,922,-769
105000153,683,502,181
105000154,656,1480,-824
105000155,264,594,-330
105000156,761,1397,-636
105000157,878,3551,-2673
105000158,1819,881,938
105000159,220,2103,-1883
105000160,1772,718,1054
105000161,873,2697,-1824
105000162,724,1618,-894
105000163,2424,1608,816
105000164,186,402,-216
105000165,2595,4643,-2048
105000166,9972,323,9649
105000167,4718,1359,3359
105000168,209,1318,-1109
105000169,257,466,-209
105000170,72,1439,-1367
105000171,1065,479,586
105000172,26,82,-56
105000173,80,34,46
105000174,32,16,16
105000175,48,159,-111
105000176,161,65,96
105000177,224,133,91
105000178,95,1183,-1088
105000179,143,113,30
105000180,58,120,-62
105000181,70,839,-769
105000182,25,28,-3
105000183,3557,1776,1781
105000184,864,613,251
105000185,730,674,56
105000186,264,869,-605
105000187,500,260,240
105000188,174,69,105
105000189,96,518,-422
105000190,219,254,-35
105000191,253,336,-83
105000192,152,84,68
105000193,80,190,-110
105000194,271,49,222
105000195,292,1474,-1182
105000196,22,114,-92
105000197,217,885,-668
105000198,652,325,327
105000199,294,296,-2
105000200,84,270,-186
105000201,99,19,80
105000203,35,434,-399
105000204,57,73,-16
105000205,91,359,-268
105000207,432,181,251
105000208,231,400,-169
105000209,229,303,-74
105000212,830,2205,-1375
105000213,144,201,-57
105000214,60,260,-200
105000215,159,404,-245
105000216,46,320,-274
105000217,108,314,-206
105000218,599,1410,-811
105000221,307,426,-119
105000222,88,51,37
105000223,99,240,-141
105000226,104,564,-460
105000227,23,270,-247
105000228,437,823,-386
105000229,105,261,-156
105000231,192,400,-208
105000233,448,617,-169
105000234,498,1531,-1033
105000235,285,561,-276
105000237,720,78,642
105000243,32,80,-48
105000248,101,72,29
105000262,205,2662,-2457
105000269,91,183,-92
105000270,300,114,186
105000271,0,493,-493
105000282,247,54,193
105000287,317,244,73
105000288,264,566,-302
105000289,1806,771,1035
105000290,0,4,-4
105000402,5703,1900,3803
105000426,384,468,-84
105000438,1582,753,829
105000446,16758,5261,11497
105000447,9080,3247,5833
105000454,295,1158,-863
105000455,223,299,-76
105000474,14,0,14
105000477,301,400,-99
105000478,1449,2085,-636
105000479,163,115,48
105000480,2749,2018,731
105000481,2589,2056,533
105000482,4850,3022,1828
105000483,1489,1439,50
105000484,2621,2858,-237
105000485,1011,1608,-597
105000486,3256,2440,816
105000488,4185,3325,860
105000489,813,994,-181
105000549,39,184,-145
105000550,462,1451,-989
105000551,26,118,-92
105000552,4424,2256,2168
105000555,811,610,201
105000556,19,23,-4
105000557,10,66,-56
105900001,15,973,-958
105900002,2112,383,1729
105900003,8,84,-76
105900004,209,120,89
105900005,3,210,-207
105900006,1,45,-44
105900007,19,19,0
105900008,70,1048,-978
105900009,6,9,-3
105900011,38,60,-22
105900012,212,133,79
105900013,0,25,-25
105900014,6,83,-77
105900015,116,411,-295
105900016,170,752,-582
105900017,477,67,410
105900018,194,413,-219
105900019,32,427,-395
105900020,38,68,-30
105900021,24,234,-210
105900022,179,528,-349
105900023,2,105,-103
105900024,2,79,-77
105900025,41,80,-39
105900026,222,58,164
105900027,4131,2113,2018
105900028,65,147,-82
105900029,2313,293,2020
105900030,174,248,-74
105900031,417,190,227
105900032,66,129,-63
105900033,58,101,-43
105900034,119,194,-75
105900035,145,155,-10
105900036,35,167,-132
105900037,41,73,-32
105900038,113,392,-279
105900039,86,252,-166
105900040,48,91,-43
105900041,182,742,-560
105900042,44,91,-47
105900043,2616,46,2570
105900044,4,183,-179
105900045,5,540,-535
105900046,2,172,-170
105900047,3,39,-36
105900048,47,567,-520
105900050,1213,391,822
105900051,3,1406,-1403
105900052,244,20,224
105900053,4429,1243,3186
105900054,282,352,-70
105900056,816,149,667
105900057,7,122,-115
105900058,14,33,-19
105900059,0,33,-33
106000001,3602,1694,1908
106000002,3076,5818,-2742
106000003,3268,3272,-4
106000004,3222,3389,-167
106000005,2261,5602,-3341
106000006,6182,6247,-65
106000007,338,512,-174
106000008,315,392,-77
106000009,437,300,137
106000010,447,531,-84
106000011,652,924,-272
106000012,734,2078,-1344
106000013,1655,1708,-53
106000014,2020,2272,-252
106000015,1231,1080,151
106000016,1154,3202,-2048
106000017,725,806,-81
106000018,671,750,-79
106000019,284,449,-165
106000020,273,673,-400
106000021,318,611,-293
106000022,339,485,-146
106000023,782,492,290
106000024,833,1198,-365
106000025,115,220,-105
106000026,152,381,-229
106000027,930,1473,-543
106000028,491,851,-360
106000029,885,1770,-885
106000030,1045,422,623
106000034,223,712,-489
106000035,970,1184,-214
106000036,441,412,29
106000037,2097,2234,-137
106000038,402,119,283
106000039,202,38,164
106000040,189,952,-763
106000041,969,299,670
106000043,692,122,570
106000046,387,53,334
106000047,71,412,-341
106000049,597,144,453
106000050,310,1214,-904
106000051,504,436,68
106000052,80,838,-758
106000053,167,114,53
106000054,487,641,-154
106000055,829,1412,-583
106000056,396,618,-222
106000057,218,311,-93
106000058,142,273,-131
106000059,307,306,1
106000060,723,829,-106
106000061,264,682,-418
106000062,156,834,-678
106000063,738,707,31
106000064,38,595,-557
106000065,340,264,76
106000066,192,558,-366
106000067,340,123,217
106000068,102,1002,-900
106000069,265,139,126
106000070,485,1219,-734
106000071,886,495,391
106000072,6944,2052,4892
106000073,1948,2555,-607
106000074,412,988,-576
106000075,417,1534,-1117
106000076,1834,2022,-188
106000077,4324,1851,2473
106000078,874,1366,-492
106000079,631,1281,-650
106000080,1238,1098,140
106000081,763,1343,-580
106000082,2619,1189,1430
106000083,486,1659,-1173
106000084,941,841,100
106000085,1903,1556,347
106000086,668,958,-290
106000087,870,711,159
106000088,472,979,-507
106000089,1023,648,375
106000090,295,683,-388
106000091,345,1086,-741
106000092,638,305,333
106000093,398,100,298
106000094,107,618,-511
106000095,671,2097,-1426
106000096,1027,887,140
106000097,818,2035,-1217
106000098,636,1245,-609
106000099,159,1175,-1016
106000100,678,342,336
106000101,621,376,245
106000102,130,779,-649
106000103,301,799,-498
106000104,672,617,55
106000105,414,1333,-919
106000106,594,532,62
106000107,111,712,-601
106000108,239,437,-198
106000109,103,636,-533
106000110,132,293,-161
106000111,153,956,-803
106000112,231,497,-266
106000113,1671,844,827
106000114,398,547,-149
106000115,258,814,-556
106000116,213,394,-181
106000117,952,1073,-121
106000118,1151,1195,-44
106000119,3247,1649,1598
106000120,581,777,-196
106000121,141,322,-181
106000122,229,507,-278
106000123,217,528,-311
106000124,29,550,-521
106000125,31,487,-456
106000126,161,282,-121
106000127,654,1298,-644
106000128,657,467,190
106000129,562,1022,-460
106000130,680,663,17
106000131,242,1287,-1045
106000132,1131,244,887
106000133,5686,1570,4116
106000134,1261,1199,62
106000135,316,1415,-1099
106000136,821,812,9
106000137,104,2428,-2324
106000138,1098,109,989
106000139,72,214,-142
106000140,52,119,-67
106000141,67,130,-63
106000142,81,117,-36
106000143,23,125,-102
106000144,39,96,-57
106000145,185,364,-179
106000146,226,240,-14
106000147,492,775,-283
106000148,600,955,-355
106000149,481,525,-44
106000150,473,2313,-1840
106000151,6618,924,5694
106000152,1807,1790,17
106000153,97,2023,-1926
106000154,1992,450,1542
106000155,82,380,-298
106000156,628,384,244
106000157,569,2353,-1784
106000158,4124,855,3269
106000159,6456,1404,5052
106000160,339,1989,-1650
106000161,2019,658,1361
106000162,197,763,-566
106000163,246,785,-539
106000164,204,373,-169
106000165,220,1171,-951
106000166,631,338,293
106000167,304,2036,-1732
106000168,228,243,-15
106000169,119,1210,-1091
106000170,418,293,125
106000171,95,1505,-1410
106000172,2446,966,1480
106000173,1040,4100,-3060
106000174,950,315,635
106000175,294,1481,-1187
106000176,996,850,146
106000177,562,3168,-2606
106000178,2487,2405,82
106000179,1118,2824,-1706
106000180,741,2482,-1741
106000181,456,2557,-2101
106000182,577,1120,-543
106000183,635,1637,-1002
106000184,649,1635,-986
106000185,489,1037,-548
106000186,1007,122,885
106000187,198,823,-625
106000188,0,2,-2
106000189,8,87,-79
106000190,11,1,10
106000191,515,203,312
106000192,0,20,-20
106000193,259,130,129
106000194,121,262,-141
106000195,121,54,67
106000196,53,343,-290
106000197,228,469,-241
106000198,60,283,-223
106000199,975,382,593
106000200,732,144,588
106000201,586,1493,-907
106000202,10236,710,9526
106000203,241,286,-45
106000204,43,8,35
106000205,14,197,-183
106000206,98,25,73
106000207,65,1094,-1029
106000208,734,95,639
106000209,831,365,466
106000210,252,1937,-1685
106000211,322,2068,-1746
106000212,566,239,327
106000213,818,1699,-881
106000214,2805,527,2278
106000215,307,629,-322
106000216,410,372,38
106000217,390,687,-297
106000218,640,424,216
106000219,199,421,-222
106000220,447,367,80
106000221,88,362,-274
106000222,33,216,-183
106000223,108,153,-45
106000224,195,406,-211
106000225,81,75,6
106000226,177,431,-254
106000228,43,211,-168
106000229,94,1035,-941
106000231,817,240,577
106000232,67,541,-474
106000233,258,234,24
106000234,77,243,-166
106000235,181,132,49
106000236,103,57,46
106000237,1,10,-9
106000238,17,13,4
106000239,1,106,-105
106000240,18,3,15
106000241,8,959,-951
106000242,182,13,169
106000249,79,122,-43
106000250,22,482,-460
106000251,35,40,-5
106000252,10,130,-120
106000253,12,50,-38
106000254,33,91,-58
106000255,6,102,-96
106000256,67,96,-29
106000257,82,333,-251
106000258,102,24,78
106000259,4,21,-17
106000260,12,12,0
106000261,2,55,-53
106000262,55,8,47
106000263,3,98,-95
106000264,157,9,148
106000265,5,156,-151
106000266,94,12,82
106000267,4,126,-122
106000268,533,26,507
106000269,95,62,33
106000270,161,415,-254
106000271,23,173,-150
106000272,75,74,1
106000273,7,208,-201
106000274,158,63,95
106000275,165,205,-40
106000276,115,78,37
106000277,160,137,23
106000278,158,45,113
106000279,7,117,-110
106000280,12,259,-247
106000281,86,157,-71
106000282,82,76,6
106000283,78,153,-75
106000284,53,122,-69
106000285,109,244,-135
106000286,64,165,-101
106000287,101,149,-48
106000288,125,158,-33
106000289,103,144,-41
106000290,95,113,-18
106000291,68,202,-134
106000292,89,177,-88
106000293,110,133,-23
106000294,125,175,-50
106000295,55,72,-17
106000296,48,178,-130
106000297,47,334,-287
106000298,161,68,93
106000299,97,257,-160
106000300,44,156,-112
106000301,45,124,-79
106000303,15,100,-85
106000304,24,51,-27
106000305,19,55,-36
106000306,48,123,-75
106000307,22,21,1
106000308,30,248,-218
106000309,8,80,-72
106000310,249,809,-560
106000311,243,150,93
106000312,72,336,-264
106000313,170,283,-113
106000318,194,191,3
106000319,719,79,640
106000320,3,53,-50
106000321,414,74,340
106000322,129,300,-171
106000324,6,220,-214
106000325,1235,841,394
106000326,1099,2577,-1478
106000327,68,197,-129
106000328,11,86,-75
106000329,28,436,-408
106000330,31,43,-12
106000428,33,223,-190
106000429,130,786,-656
106000430,516,2122,-1606
106000431,1415,417,998
106000432,2348,4238,-1890
106000433,1707,1147,560
106000434,2743,1143,1600
106000435,2616,3774,-1158
106000436,18,469,-451
106000437,138,18,120
106000438,126,97,29
106000439,15,686,-671
106000440,152,636,-484
106000441,0,0,0
106000442,274,6,268
106000443,83,724,-641
106000450,2,320,-318
106000451,14,21,-7
106000454,4,102,-98
106000455,9,172,-163
106000456,147,29,118
106000457,5,1440,-1435
106000458,224,431,-207
106000459,145,628,-483
106000460,606,75,531
106000461,63,2786,-2723
106000462,0,22,-22
106000463,2,62,-60
106000464,4,823,-819
106000465,199,0,199
106000466,1,1042,-1041
106000467,732,723,9
106000468,64,339,-275
106000469,588,3,585
106000470,269,1460,-1191
106000471,50,1077,-1027
106000472,89,10,79
106000473,21,34,-13
106000474,363,1030,-667
106000475,187,158,29
106000476,206,171,35
106000477,39,162,-123
106000480,0,192,-192
106900001,0,37,-37
106900002,3,965,-962
106900003,252,1196,-944
106900004,3,79,-76
106900006,0,31,-31
106900007,1,33,-32
106900008,174,485,-311
106900009,175,762,-587
106900010,187,537,-350
106900012,3400,1897,1503
106900013,393,94,299
106900014,28,2,26
106900015,13,3,10
106900016,169,4,165
106900017,1,0,1
106900018,0,0,0
106900019,33,1,32
106900020,4104,1217,2887
106900021,43,134,-91
106900022,288,0,288
106900023,21,346,-325
106900024,266,25,241
106900025,49,937,-888
106900026,7,1185,-1178
106900027,301,2,299
107000001,2418,1885,533
107000002,3415,4391,-976
107000003,3226,4531,-1305
107000004,4973,6463,-1490
107000005,1951,3779,-1828
107000006,3633,7795,-4162
107000007,3649,6732,-3083
107000008,15019,12591,2428
107000009,3846,4716,-870
107000010,9832,12886,-3054
107000011,1132,1321,-189
107000012,5161,4710,451
107000013,60,205,-145
107000014,29,371,-342
107000015,466,983,-517
107000016,493,1709,-1216
107000017,1724,850,874
107000018,7,198,-191
107000020,810,281,529
107000021,699,822,-123
107000022,511,1071,-560
107000023,1132,363,769
107000024,327,1807,-1480
107000025,121,442,-321
107000026,120,816,-696
107000027,914,892,22
107000028,1065,2262,-1197
107000029,1710,1778,-68
107000030,3069,3980,-911
107000031,2488,1785,703
107000032,402,978,-576
107000033,4143,3989,154
107000034,5765,2623,3142
107000035,278,178,100
107000036,465,1271,-806
107000037,49,638,-589
107000038,234,273,-39
107000039,563,566,-3
107000040,152,343,-191
107000041,1613,720,893
107000042,886,1924,-1038
107000043,3496,987,2509
107000044,854,423,431
107000045,131,346,-215
107000046,678,425,253
107000047,530,1064,-534
107000048,813,342,471
107000049,583,941,-358
107000050,1021,625,396
107000051,820,423,397
107000052,1286,1106,180
107000053,435,235,200
107000054,51,392,-341
107000055,344,211,133
107000056,531,998,-467
107000057,3155,253,2902
107000058,1738,2144,-406
107000059,2634,4285,-1651
107000060,2700,5070,-2370
107000061,6048,5184,864
107000062,2750,2793,-43
107000063,4272,8533,-4261
107000064,3269,1912,1357
107000065,4248,7615,-3367
107000066,1035,1804,-769
107000067,693,960,-267
107000068,1224,541,683
107000069,829,491,338
107000070,392,2,390
107000071,1572,21,1551
107000072,56,4826,-4770
107000073,300,223,77
107000074,120,1082,-962
107000075,951,417,534
107000076,1021,1888,-867
107000077,2165,943,1222
107000078,2325,3893,-1568
107000079,1580,538,1042
107000080,1238,3878,-2640
107000081,761,575,186
107000082,502,3342,-2840
107000083,665,281,384
107000084,470,3010,-2540
107000085,2385,2977,-592
107000086,3265,3384,-119
107000087,2346,1867,479
107000088,2403,4076,-1673
107000089,1445,1755,-310
107000090,1167,1399,-232
107000091,978,913,65
107000092,691,1531,-840
107000093,903,751,152
107000094,974,1697,-723
107000095,484,761,-277
107000096,681,1531,-850
107000097,456,426,30
107000098,406,1516,-1110
107000099,516,322,194
107000100,362,500,-138
107000101,80,219,-139
107000102,572,462,110
107000103,412,285,127
107000104,403,591,-188
107000105,418,163,255
107000106,195,506,-311
107000107,480,264,216
107000108,124,1215,-1091
107000109,465,147,318
107000110,114,951,-837
107000111,192,35,157
107000112,37,696,-659
107000113,486,146,340
107000114,109,1307,-1198
107000115,525,132,393
107000116,111,1439,-1328
107000117,111,408,-297
107000118,229,470,-241
107000119,2527,1466,1061
107000120,4348,427,3921
107000121,482,913,-431
107000122,1249,1031,218
107000123,330,1186,-856
107000124,591,1140,-549
107000125,562,1437,-875
107000126,632,1206,-574
107000129,187,1524,-1337
107000130,332,272,60
107000131,612,965,-353
107000132,559,339,220
107000133,391,137,254
107000134,115,2,113
107000135,2,253,-251
107000136,454,2,452
107000137,15,524,-509
107000138,213,18,195
107000139,11,427,-416
107000140,770,33,737
107000141,157,918,-761
107000142,284,57,227
107000143,76,1044,-968
107000144,261,290,-29
107000145,140,627,-487
107000146,145,140,5
107000147,5048,1193,3855
107000150,928,1579,-651
107000151,46,70,-24
107000152,631,485,146
107000153,707,510,197
107000154,215,122,93
107000155,453,12,441
107000156,636,6,630
107000157,16,2627,-2611
107000158,356,9,347
107000159,69,2154,-2085
107000160,407,64,343
107000161,80,2654,-2574
107000162,144,168,-24
107000163,54,0,54
107000164,212,0,212
107000165,394,2,392
107000166,27,1920,-1893
107000167,341,332,9
107000168,598,294,304
107000169,1185,1087,98
107000170,807,461,346
107000171,381,3596,-3215
107000172,650,761,-111
107000173,738,1686,-948
107000174,692,2632,-1940
107000175,11405,1818,9587
107000176,1,0,1
107000177,1,2,-1
107000178,3,87,-84
107000179,190,3964,-3774
107000180,899,387,512
107000181,489,1997,-1508
107000182,1348,1215,133
107000183,105,1172,-1067
107000184,857,1144,-287
107000185,604,1466,-862
107000186,942,325,617
107000187,851,1589,-738
107000188,346,538,-192
107000189,321,1151,-830
107000190,407,1096,-689
107000191,620,1531,-911
107000192,1388,1495,-107
107000193,325,388,-63
107000194,951,1041,-90
107000197,620,228,392
107000198,436,867,-431
107000199,580,690,-110
107000200,1306,571,735
107000201,292,166,126
107000202,212,450,-238
107000203,751,390,361
107000204,1010,459,551
107000205,1910,1007,903
107000206,649,909,-260
107000207,759,1338,-579
107000208,1196,408,788
107000209,1984,826,1158
107000210,1080,503,577
107000211,7,25,-18
107000212,8,373,-365
107000213,10,31,-21
107000214,31,205,-174
107000215,262,590,-328
107000216,208,629,-421
107000217,86,160,-74
107000219,78,88,-10
107000220,170,368,-198
107000222,187,793,-606
107000224,234,57,177
107000225,124,701,-577
107000226,175,88,87
107000227,68,491,-423
107000228,90,169,-79
107000229,445,109,336
107000230,1402,687,715
107000231,1346,652,694
107000232,101,146,-45
107000233,1210,592,618
107000234,0,22,-22
107000235,48,5,43
107000236,9,342,-333
107000237,1,1,0
107000238,17,0,17
107000239,6913,668,6245
107000240,76,1702,-1626
107000243,0,67,-67
107000244,10,78,-68
107000246,4,1379,-1375
107000249,2,1278,-1276
107000251,0,321,-321
107000252,7,1705,-1698
107000255,1147,122,1025
107000257,1,824,-823
107000258,1,195,-194
107000259,3,291,-288
107000260,363,2,361
107000262,15,1065,-1050
107000263,151,0,151
107000266,6,3,3
107000267,81,328,-247
107000268,129,176,-47
107000269,336,29,307
107000270,0,3,-3
107000271,5,1394,-1389
107000272,10,247,-237
107000273,1,262,-261
107000274,439,162,277
107000275,27,680,-653
107000280,385,34,351
107000281,26,1602,-1576
107000282,5,1547,-1542
107000290,8,28,-20
107000291,10,8,2
107000292,3,30,-27
107000293,37,10,27
107000294,0,31,-31
107000295,38,4,34
107000296,0,6,-6
107000444,149,2,147
107000496,2,30,-28
107000497,1409,3946,-2537
107000500,285,387,-102
107000501,76,259,-183
107000502,263,468,-205
107000505,1296,1038,258
107000506,0,5,-5
107000508,7,876,-869
107000509,165,475,-310
107000510,12,21,-9
107000514,13,221,-208
107000515,12,350,-338
107000516,231,309,-78
107000518,827,655,172
107000519,5393,1248,4145
107000520,60,13,47
107000521,441,664,-223
107000522,524,1482,-958
107900001,17,354,-337
107900002,44,4,40
107900003,174,11,163
107900004,22,0,22
107900005,465,1,464
107900006,72,2,70
107900007,128,24,104
107900008,41,51,-10
107900009,85,0,85
107900010,12,3,9
107900012,414,24,390
107900013,274,91,183
107900014,6,3,3
107900015,394,1,393
107900016,377,117,260
107900017,11,2,9
107900018,47,61,-14
107900019,22,116,-94
107900020,28,3,25
107900021,24,222,-198
107900023,0,2,-2
107900024,1,29,-28
107900025,170,405,-235
107900026,29,188,-159
107900027,49,24,25
107900028,22,87,-65
107900030,172,29,143
107900031,48,436,-388
107900032,7,6,1
107900033,13,9,4
107900034,233,6,227
107900035,415,10,405
107900036,17,5,12
107900037,1,49,-48
107900038,146,147,-1
107900039,7,139,-132
107900040,29,43,-14
107900041,3,0,3
107900043,63,361,-298
107900044,4,5,-1
107900045,38,18,20
107900046,92,92,0
107900047,16,125,-109
107900048,99,6,93
107900049,322,388,-66
107900050,114,409,-295
107900051,72,138,-66
107900052,8,3,5
107900053,9,78,-69
107900055,651,254,397
107900056,78,20,58
107900057,1,0,1
107900058,25,895,-870
107900060,11,48,-37
107900061,23,6,17
107900063,134,180,-46
107900064,355,65,290
107900065,112,11,101
107900066,3,6,-3
107900067,0,0,0
107900068,149,153,-4
107900069,26,742,-716
107900070,65,18,47
107900071,14,1218,-1204
107900072,40,266,-226
107900073,27,178,-151
107900074,1165,142,1023
107900076,203,69,134
107900077,43,0,43
107900079,7,9,-2
107900080,102,201,-99
107900081,11,100,-89
107900082,23,20,3
107900083,273,110,163
107900084,149,122,27
107900086,51,110,-59
107900087,486,80,406
107900088,13,9,4
107900089,244,903,-659
107900090,525,959,-434
107900091,154,551,-397
107900092,0,0,0
107900093,40,61,-21
107900095,3148,1315,1833
107900097,22,75,-53
107900098,50,174,-124
107900100,1094,737,357
107900101,1327,161,1166
107900102,16,2,14
107900103,37,132,-95
107900104,107,2,105
107900105,0,711,-711
107900106,8,2139,-2131
107900107,1209,231,978
107900108,340,98,242
107900109,615,10,605
107900110,17,181,-164
107900111,4,1497,-1493
107900112,140,416,-276
107900113,75,157,-82
107900114,81,310,-229
107900115,6,56,-50
107900116,74,331,-257
107900117,228,618,-390
107900118,91,182,-91
107900119,30,88,-58
107900120,34,21,13
107900121,0,67,-67
107900122,1,46,-45
107900123,0,26,-26
107900124,14,5,9
107900125,33,220,-187
107900126,5,23,-18
107900127,407,129,278
107900128,125,84,41
107900129,15,52,-37
107900130,33,35,-2
107900131,457,93,364
107900132,98,517,-419
107900133,0,104,-104
107900134,31,23,8
107900135,4,221,-217
107900136,36,29,7
107900137,93,109,-16
107900138,18,53,-35
107900139,12,39,-27
107900141,27,56,-29
107900142,61,1582,-1521
107900143,19,29,-10
107900144,1,201,-200
107900145,10,116,-106
107900146,25,179,-154
107900147,39,26,13
107900148,229,196,33
107900149,2305,230,2075
107900150,91,1263,-1172
107900151,11,107,-96
107900152,2,342,-340
107900153,116,253,-137
107900154,23,13,10
107900155,27,23,4
107900156,1,532,-531
107900157,30,103,-73
107900158,384,13,371
107900159,27,1562,-1535
107900160,56,172,-116
107900161,16,370,-354
107900162,0,120,-120
107900163,31,12,19
107900164,4,20,-16
107900165,25,54,-29
107900166,19,389,-370
107900167,12,13,-1
107900168,17,50,-33
107900169,0,162,-162
107900171,15,2683,-2668
107900172,2,353,-351
107900173,6,273,-267
107900174,64,10,54
107900175,9,7,2
107900176,8,45,-37
107900177,1,97,-96
107900178,0,215,-215
107900179,3,179,-176
107900180,1223,261,962
107900181,289,599,-310
107900182,2,2392,-2390
107900183,22,580,-558
107900184,54,262,-208
107900185,67,8,59
107900186,14,26,-12
107900187,0,104,-104
107900188,971,114,857
107900189,19,156,-137
107900190,116,83,33
107900191,72,232,-160
107900193,7,32,-25
107900194,125,6,119
107900195,5413,597,4816
107900196,17,62,-45
107900197,629,163,466
107900199,1,1214,-1213
107900201,96,205,-109
107900203,41,71,-30
107900204,327,282,45
107900206,396,209,187
107900207,0,755,-755
107900208,13,961,-948
107900209,398,119,279
107900210,80,189,-109
107900213,487,504,-17
107900214,4,258,-254
107900215,161,306,-145
107900216,86,110,-24
107900217,14,49,-35
107900218,18,1901,-1883
107900219,10,205,-195
107900220,136,157,-21
107900221,221,240,-19
107900223,39,718,-679
107900224,240,288,-48
107900225,10,1101,-1091
107900226,56,143,-87
107900227,129,581,-452
107900228,16,108,-92
107900229,1,439,-438
107900230,5,210,-205
107900231,8,241,-233
107900232,55,312,-257
107900233,9,100,-91
107900234,83,200,-117
107900235,22,83,-61
107900236,42,95,-53
107900237,119,570,-451
107900238,14,149,-135
107900239,1900,360,1540
107900240,8,195,-187
107900241,6,81,-75
107900242,18,591,-573
107900243,0,42,-42
107900244,170,0,170
107900245,242,26,216
107900246,61,9,52
107900248,151,533,-382
107900249,243,7,236
107900250,3,661,-658
107900251,65,1453,-1388
107900252,378,6,372
107900253,56,1,55
107900254,45,108,-63
107900255,326,34,292
107900256,301,364,-63
107900257,76,52,24
107900258,59,324,-265
107900259,76,836,-760
107900261,8,690,-682
107900262,17,201,-184
107900264,120,4,116
107900265,34,247,-213
107900267,122,12,110
107900268,68,6,62
107900269,1,6,-5
107900270,0,1,-1
107900271,2,14,-12
107900272,115,5,110
107900273,18,113,-95
107900274,35,0,35
107900275,5,0,5
107900276,2,93,-91
107900277,3,272,-269
107900278,162,424,-262
107900279,173,116,57
107900280,1819,1339,480
107900281,4685,1105,3580
107900282,87,242,-155
107900283,1866,396,1470
107900284,196,879,-683
107900285,50,197,-147
107900286,157,107,50
107900287,66,225,-159
107900290,0,109,-109
107900291,396,29,367
107900292,110,395,-285
107900293,50,695,-645
107900295,94,203,-109
107900297,1,249,-248
107900298,834,1165,-331
107900299,5102,2516,2586
107900300,16,91,-75
107900301,414,364,50
107900302,107,30,77
107900303,78,410,-332
107900304,181,713,-532
107900305,155,7,148
107900306,25,15,10
107900307,38,385,-347
107900308,223,63,160
107900309,34,0,34
107900310,29,0,29
107900311,207,60,147
107900312,10,0,10
107900313,0,55,-55
107900314,0,50,-50
107900315,0,50,-50
107900316,30,0,30
107900317,89,11,78
107900318,0,143,-143
107900319,3,286,-283
107900320,1,218,-217
107900321,79,1,78
107900322,6,285,-279
107900323,11,202,-191
107900324,100,0,100
107900325,59,1,58
107900326,139,581,-442
107900327,0,1,-1
107900328,10,0,10
107900329,2,0,2
107900330,4,633,-629
107900331,86,17,69
107900332,101,29,72
107900333,42,25,17
107900334,8,447,-439
107900335,37,106,-69
107900336,12,50,-38
107900337,1819,444,1375
107900338,0,133,-133
107900339,1,16,-15
107900340,0,78,-78
107900341,25,0,25
107900342,122,168,-46
107900343,36,2,34
107900344,3,167,-164
107900345,83,18,65
107900346,67,0,67
107900347,24,1,23
107900348,5,3,2
107900349,44,5,39
107900350,49,294,-245
107900351,4,378,-374
107900352,1,73,-72
107900353,5,11,-6
107900354,0,67,-67
108000001,2187,3685,-1498
108000002,2452,4160,-1708
108000003,2557,2266,291
108000004,19244,18493,751
108000005,5244,3603,1641
108000006,7300,7899,-599
108000007,4039,3393,646
108000008,5991,6959,-968
108000009,3076,3404,-328
108000010,3602,5880,-2278
108000011,9464,9618,-154
108000012,20242,18955,1287
108000014,641,688,-47
108000015,527,376,151
108000016,197,726,-529
108000017,659,420,239
108000018,1175,525,650
108000019,1080,661,419
108000020,1113,473,640
108000021,444,1789,-1345
108000022,583,1922,-1339
108000023,933,168,765
108000024,163,908,-745
108000025,166,279,-113
108000026,364,728,-364
108000027,510,723,-213
108000028,268,305,-37
108000029,339,922,-583
108000030,309,239,70
108000031,210,582,-372
108000032,873,561,312
108000033,673,1878,-1205
108000034,1059,378,681
108000035,1074,3129,-2055
108000036,325,1912,-1587
108000037,1468,371,1097
108000038,2043,370,1673
108000039,522,3816,-3294
108000040,1235,704,531
108000041,588,3629,-3041
108000042,143,294,-151
108000043,194,329,-135
108000044,291,187,104
108000045,196,832,-636
108000046,894,271,623
108000047,352,1424,-1072
108000048,124,519,-395
108000049,422,204,218
108000050,130,728,-598
108000051,216,77,139
108000052,362,880,-518
108000053,253,107,146
108000054,591,1152,-561
108000055,1121,335,786
108000056,957,1363,-406
108000057,499,808,-309
108000058,2000,2566,-566
108000059,4385,2441,1944
108000060,161,491,-330
108000061,249,577,-328
108000062,563,488,75
108000063,340,736,-396
108000064,115,226,-111
108000065,477,716,-239
108000066,2124,850,1274
108000067,1653,511,1142
108000068,542,284,258
108000069,236,1334,-1098
108000070,1306,633,673
108000071,641,1968,-1327
108000072,1116,931,185
108000073,1689,2453,-764
108000074,273,333,-60
108000075,420,977,-557
108000076,769,520,249
108000077,898,845,53
108000078,1379,1546,-167
108000079,994,2285,-1291
108000080,544,581,-37
108000081,336,3262,-2926
108000082,942,2387,-1445
108000083,1500,813,687
108000084,458,1688,-1230
108000085,492,345,147
108000086,803,1039,-236
108000087,147,1440,-1293
108000088,417,99,318
108000089,212,252,-40
108000090,141,68,73
108000091,103,919,-816
108000092,88,134,-46
108000093,101,1232,-1131
108000094,660,180,480
108000095,168,751,-583
108000096,169,165,4
108000097,134,1034,-900
108000098,773,1584,-811
108000099,487,271,216
108000100,54,317,-263
108000101,608,1241,-633
108000102,1239,2427,-1188
108000106,646,1,645
108000107,2,837,-835
108000108,438,26,412
108000109,8,1092,-1084
108000110,152,211,-59
108000111,164,1153,-989
108000112,61,121,-60
108000113,600,337,263
108000115,438,566,-128
108000117,787,321,466
108000118,281,659,-378
108000119,841,600,241
108000120,87,776,-689
108000121,187,747,-560
108000122,273,419,-146
108000123,367,356,11
108000124,175,554,-379
108000125,174,499,-325
108000126,100,813,-713
108000127,236,389,-153
108000128,427,792,-365
108000129,159,1591,-1432
108000130,192,279,-87
108000131,582,312,270
108000132,1948,1669,279
108000133,502,445,57
108000134,568,769,-201
108000135,714,288,426
108000136,1119,1094,25
108000137,192,478,-286
108000138,267,1318,-1051
108000139,164,440,-276
108000140,38,23,15
108000141,15,261,-246
108000142,42,284,-242
108000143,16,572,-556
108000144,120,55,65
108000145,35,86,-51
108000146,182,37,145
108000147,18,122,-104
108000148,114,50,64
108000149,49,51,-2
108000150,10,3,7
108000151,169,62,107
108000152,88,918,-830
108000153,282,165,117
108000154,67,30,37
108000155,25,20,5
108000156,626,442,184
108000157,116,532,-416
108000158,74,546,-472
108000159,887,177,710
108000160,7327,959,6368
108000161,5988,1461,4527
108000165,8,88,-80
108000172,5,225,-220
108000173,3435,1517,1918
108000175,325,108,217
108000178,377,371,6
108000179,260,540,-280
108000181,74,63,11
108000182,321,77,244
108000183,43,270,-227
108000184,1507,1724,-217
108000185,81,725,-644
108000186,87,494,-407
108000187,49,1004,-955
108000188,233,308,-75
108000189,2018,2544,-526
108000190,29,122,-93
108000192,114,838,-724
108000193,1130,43,1087
108000194,22,28,-6
108000195,8,1804,-1796
108000196,93,120,-27
108000198,445,395,50
108000199,1,138,-137
108000200,155,982,-827
108000203,65,1092,-1027
108000204,70,25,45
108000205,400,741,-341
108000339,1729,333,1396
108000364,252,522,-270
108000365,39,474,-435
108000367,193,432,-239
108000368,8,36,-28
108000369,2020,104,1916
108000371,10,817,-807
108000372,459,2,457
108000373,137,163,-26
108000376,31,20,11
108000377,322,429,-107
108000378,8088,9584,-1496
108000379,25,191,-166
108000381,61,18,43
108000382,131,4,127
108000383,0,179,-179
108900001,158,1496,-1338
108900002,239,82,157
108900003,354,1400,-1046
108900004,2598,319,2279
108900005,20,71,-51
108900006,263,83,180
108900007,113,157,-44
108900008,36,144,-108
108900009,44,112,-68
108900010,87,155,-68
108900011,250,430,-180
108900012,281,496,-215
108900013,106,278,-172
108900014,5,93,-88
108900015,0,7,-7
108900016,0,226,-226
108900017,170,207,-37
108900018,100,636,-536
108900019,28,1749,-1721
108900020,26,423,-397
108900021,65,331,-266
108900022,42,4,38
108900023,13,21,-8
108900024,9,157,-148
108900025,60,152,-92
108900026,10,109,-99
108900027,0,108,-108
108900028,34,644,-610
108900029,37,237,-200
108900030,0,137,-137
108900031,79,856,-777
108900032,4,361,-357
108900033,0,75,-75
108900034,0,397,-397
108900035,239,2120,-1881
108900036,85,197,-112
108900037,27,335,-308
108900038,0,532,-532
108900039,6,689,-683
108900040,2,172,-170
108900041,6172,2327,3845
108900042,4,250,-246
108900043,29,629,-600
108900044,2,1065,-1063
108900045,35,1004,-969
108900046,73,1741,-1668
108900047,0,130,-130
108900048,112,1589,-1477
108900049,7834,954,6880
108900050,1,401,-400
108900051,1,277,-276
108900052,8,368,-360
108900053,109,177,-68
108900054,35,218,-183
108900055,77,589,-512
108900056,0,214,-214
108900057,1,203,-202
108900058,15,596,-581
108900059,313,20,293
108900060,38,145,-107
108900061,62,40,22
108900062,2,469,-467
108900063,6,552,-546
108900064,94,48,46
108900065,5,391,-386
108900066,163,114,49
108900067,19,262,-243
108900068,6,383,-377
108900069,39,149,-110
108900070,17,240,-223
108900071,67,71,-4
108900072,2865,261,2604
108900073,12,860,-848
108900074,81,607,-526
108900075,77,74,3
108900076,184,81,103
108900077,162,813,-651
108900078,48,265,-217
108900079,1041,425,616
108900080,21,523,-502
108900081,66,309,-243
108900082,45,165,-120
108900083,20,195,-175
108900084,168,76,92
108900085,3131,177,2954
108900086,65,547,-482
108900087,150,296,-146
108900088,707,247,460
108900089,15,115,-100
108900090,16,618,-602
108900091,131,145,-14
108900092,323,250,73
108900093,52,41,11
108900094,231,84,147
108900095,69,969,-900
108900096,532,37,495
108900097,429,202,227
108900098,4280,477,3803
108900099,254,339,-85
108900100,42,250,-208
108900101,158,95,63
108900102,106,700,-594
108900103,42,83,-41
108900104,83,232,-149
108900105,2,881,-879
108900106,180,708,-528
108900108,175,18,157
108900109,192,35,157
108900110,116,713,-597
108900111,221,1060,-839
108900112,54,12,42
108900113,56,32,24
108900114,40,13,27
108900115,77,57,20
108900116,70,12,58
108900117,101,23,78
108900118,401,5,396
108900119,131,58,73
108900120,198,145,53
108900121,305,57,248
108900122,71,30,41
108900123,74,42,32
108900124,273,132,141
108900125,183,3,180
108900126,113,8,105
108900127,94,29,65
108900128,69,24,45
108900129,612,98,514
108900130,191,3,188
108900131,263,2,261
108900132,290,74,216
108900133,103,27,76
108900134,196,298,-102
108900135,82,4,78
108900136,6,0,6
108900137,78,0,78
108900138,313,21,292
108900139,73,28,45
108900140,155,250,-95
108900141,165,5,160
108900142,55,2,53
108900143,27,0,27
108900144,32,0,32
108900145,71,7,64
108900146,33,0,33
108900147,116,0,116
108900148,57,21,36
108900149,241,258,-17
108900150,211,9,202
108900151,29,0,29
108900152,39,8,31
108900153,63,636,-573
108900154,3144,434,2710
108900155,74,36,38
108900156,62,13,49
108900157,13,831,-818
108900158,228,28,200
108900159,5,486,-481
108900160,3,345,-342
108900161,12,616,-604
108900162,61,2,59
108900163,6,236,-230
108900164,79,103,-24
108900165,122,49,73
108900167,1068,1491,-423
108900168,12579,2127,10452
108900169,23,197,-174
108900171,8197,1832,6365
108900172,238,45,193
108900173,172,501,-329
108900174,502,460,42
108900176,190,993,-803
108900177,11159,2796,8363
108900178,6560,2673,3887
108900179,144,482,-338
108900180,76,184,-108
108900182,2,81,-79
108900183,149,197,-48
108900184,269,137,132
108900185,28,333,-305
108900186,28,368,-340
108900187,93,29,64
108900188,110,20,90
108900189,133,122,11
108900190,47,4972,-4925
108900191,78,17,61
108900192,53,307,-254
108900193,121,16,105
108900194,11,226,-215
108900195,56,507,-451
108900196,24,819,-795
108900198,2,408,-406
108900199,144,306,-162
108900200,454,331,123
108900201,312,1373,-1061
108900203,459,38,421
108900204,383,11,372
108900205,197,23,174
108900206,227,30,197
108900207,157,51,106
108900208,20,448,-428
108900209,247,726,-479
108900210,125,260,-135
108900211,85,377,-292
108900212,969,883,86
108900215,123,863,-740
108900216,346,126,220
108900217,81,0,81
108900218,87,8,79
108900219,9,1,8
108900220,7,6,1
108900221,28,91,-63
108900222,83,7,76
108900223,10,34,-24
108900224,16,104,-88
108900225,0,132,-132
108900227,107,132,-25
108900230,730,428,302
108900231,37,173,-136
108900232,1,579,-578
108900233,229,37,192
108900234,227,83,144
108900235,239,691,-452
108900236,35,339,-304
108900237,15,156,-141
108900240,46,81,-35
108900241,10,37,-27
108900245,5,631,-626
108900249,40,6,34
108900250,135,115,20
108900257,29,348,-319
108900258,26,397,-371
108900259,27,139,-112
108900260,5,136,-131
108900261,165,155,10
108900262,299,173,126
108900263,39,378,-339
108900264,556,346,210
108900265,1640,238,1402
108900266,1817,374,1443
108900267,8,87,-79
108900268,42,42,0
108900269,64,4,60
108900270,38,8,30
108900271,16,8,8
108900272,160,5,155
108900273,1157,516,641
108900274,30,127,-97
109000001,4806,1263,3543
109000002,4176,1622,2554
109000003,2057,830,1227
109000004,599,3431,-2832
109000005,2045,1186,859
109000006,726,2996,-2270
109000007,1163,954,209
109000008,542,2643,-2101
109000009,2983,1413,1570
109000010,1622,5827,-4205
109000011,2227,1931,296
109000012,1694,5729,-4035
109000013,2541,2247,294
109000014,1351,4960,-3609
109000015,3100,5096,-1996
109000016,14935,5294,9641
109000017,1781,1228,553
109000018,977,4347,-3370
109000019,2539,1596,943
109000020,1526,3175,-1649
109000023,176,36,140
109000024,4,162,-158
109000025,353,530,-177
109000026,1001,305,696
109000027,81,471,-390
109000028,155,97,58
109000029,115,151,-36
109000030,68,646,-578
109000031,101,106,-5
109000032,86,580,-494
109000033,254,86,168
109000034,56,87,-31
109000035,9,34,-25
109000036,69,451,-382
109000037,138,804,-666
109000038,474,491,-17
109000039,591,398,193
109000040,7709,4326,3383
109000041,7102,1244,5858
109000042,1290,1260,30
109000044,253,63,190
109000045,92,594,-502
109000046,276,64,212
109000047,64,450,-386
109000048,546,127,419
109000049,243,581,-338
109000050,251,228,23
109000051,298,291,7
109000052,309,2620,-2311
109000053,93,42,51
109000054,58,985,-927
109000055,118,184,-66
109000056,156,818,-662
109000057,210,238,-28
109000058,819,221,598
109000059,596,728,-132
109000060,474,301,173
109000061,1820,591,1229
109000062,78,238,-160
109000063,167,217,-50
109000064,98,240,-142
109000065,74,361,-287
109000066,207,159,48
109000067,19,485,-466
109000068,978,4,974
109000069,670,27,643
109000070,4,1037,-1033
109000071,269,75,194
109000072,46,390,-344
109000073,21,103,-82
109000074,28,316,-288
109000075,77,516,-439
109000076,56,174,-118
109000077,447,325,122
109000078,78,114,-36
109000079,124,309,-185
109000080,107,139,-32
109000081,78,756,-678
109000082,686,334,352
109000083,359,1186,-827
109000088,95,808,-713
109000089,172,28,144
109000090,155,811,-656
109000091,171,81,90
109000092,328,918,-590
109000093,178,167,11
109000094,266,1,265
109000095,152,1011,-859
109000096,528,273,255
109000097,75,190,-115
109000098,64,118,-54
109000099,662,605,57
109000100,263,709,-446
109000101,701,1140,-439
109000102,237,936,-699
109000103,265,638,-373
109000104,793,738,55
109000105,429,1717,-1288
109000106,1341,799,542
109000107,505,2690,-2185
109000108,1130,568,562
109000109,391,2644,-2253
109000110,1074,447,627
109000111,963,2880,-1917
109000112,262,180,82
109000113,147,174,-27
109000114,152,369,-217
109000115,1298,78,1220
109000116,7,206,-199
109000117,91,110,-19
109000118,18,366,-348
109000119,557,654,-97
109000120,90,1473,-1383
109000121,200,74,126
109000122,74,1426,-1352
109000123,18,98,-80
109000124,378,377,1
109000125,394,339,55
109000126,277,1232,-955
109000127,446,202,244
109000128,384,3342,-2958
109000129,1268,507,761
109000130,478,3569,-3091
109000131,517,343,174
109000132,535,2588,-2053
109000133,371,1205,-834
109000134,861,1617,-756
109000135,869,1370,-501
109000136,235,566,-331
109000137,166,357,-191
109000138,347,566,-219
109000139,364,502,-138
109000140,90,596,-506
109000141,238,494,-256
109000142,86,719,-633
109000143,62,55,7
109000145,68,206,-138
109000146,101,90,11
109000148,5010,842,4168
109000149,31,36,-5
109000150,71,188,-117
109000155,387,626,-239
109000156,1626,1125,501
109000158,54,270,-216
109000159,66,938,-872
109000160,547,279,268
109000161,211,1955,-1744
109000162,1324,1128,196
109000163,758,2472,-1714
109000164,866,3645,-2779
109000165,973,653,320
109000166,489,164,325
109000167,95,1265,-1170
109000170,37,53,-16
109000171,38,50,-12
109000172,42,59,-17
109000173,13,64,-51
109000174,77,97,-20
109000175,33,118,-85
109000176,258,341,-83
109000177,16,190,-174
109000178,389,811,-422
109000179,10251,2725,7526
109000180,5298,2628,2670
109000181,8,68,-60
109000182,24,72,-48
109000183,16,41,-25
109000184,27,14,13
109000185,27,100,-73
109000188,230,4161,-3931
109000189,1194,946,248
109000190,496,621,-125
109000191,144,815,-671
109000192,304,251,53
109000193,143,696,-553
109000194,118,156,-38
109000195,63,605,-542
109000196,185,109,76
109000197,131,790,-659
109000198,175,63,112
109000199,99,804,-705
109000206,276,22,254
109000207,124,27,97
109000208,65,62,3
109000209,133,90,43
109000210,185,730,-545
109000211,362,396,-34
109000214,196,840,-644
109000215,95,61,34
109000216,270,151,119
109000217,114,77,37
109000218,144,116,28
109000221,439,1652,-1213
109000222,759,221,538
109000223,158,276,-118
109000224,56,464,-408
109000225,46,64,-18
109000226,50,407,-357
109000227,565,2028,-1463
109000228,1,371,-370
109000231,3,697,-694
109000232,217,559,-342
109000236,208,1029,-821
109000241,1835,2746,-911
109000242,1333,1787,-454
109000293,8,33,-25
109000361,61,380,-319
109000364,132,808,-676
109000396,4,1259,-1255
109000397,486,13,473
109000399,128,864,-736
109000400,73,333,-260
109000403,30,361,-331
109000406,271,15,256
109000407,231,315,-84
109000408,4,1154,-1150
109000410,538,190,348
109000411,65,54,11
109900001,83,0,83
109900002,476,9,467
109900003,182,3,179
109900004,530,314,216
109900005,17,5,12
109900006,153,444,-291
109900007,420,1247,-827
109900008,0,35,-35
109900009,73,983,-910
109900010,292,12,280
109900011,51,33,18
109900012,127,126,1
109900013,274,98,176
109900014,223,37,186
109900015,303,113,190
109900016,57,46,11
109900017,79,102,-23
109900018,88,221,-133
109900019,58,123,-65
109900020,16,18,-2
109900021,18,4,14
109900022,56,501,-445
109900023,22,2,20
109900024,13,0,13
109900025,7,118,-111
109900026,5,280,-275
109900027,25,33,-8
109900028,3880,620,3260
109900029,5,936,-931
109900030,28,3,25
109900031,1,55,-54
109900032,8,344,-336
109900033,1,671,-670
109900034,10,1,9
109900035,16,10,6
109900036,3,107,-104
109900037,40,714,-674
109900038,45,281,-236
109900039,10,0,10
109900040,20,869,-849
109900041,30,708,-678
109900042,11,549,-538
109900044,53,353,-300
109900045,54,28,26
109900046,21,75,-54
109900047,286,389,-103
109900048,1,88,-87
109900049,4,15,-11
109900050,1,498,-497
109900051,0,40,-40
109900052,63,313,-250
109900053,2,858,-856
109900054,374,153,221
109900055,36,311,-275
109900056,32,126,-94
109900057,16,372,-356
109900058,0,181,-181
109900059,362,79,283
109900060,395,164,231
109900061,77,311,-234
109900062,0,463,-463
109900063,3,373,-370
109900064,405,447,-42
109900065,135,112,23
109900066,241,1310,-1069
109900067,3,645,-642
109900068,32,1,31
109900069,0,42,-42
109900070,35,366,-331
109900071,2,31,-29
109900072,9,116,-107
109900073,236,1105,-869
109900074,6,38,-32
109900075,24,23,1
109900076,9,493,-484
109900077,31,48,-17
109900078,95,464,-369
109900080,114,424,-310
109900081,8,107,-99
109900082,31,745,-714
109900083,6,39,-33
109900084,44,189,-145
109900085,192,1857,-1665
109900086,125,212,-87
109900087,245,402,-157
109900089,357,113,244
109900090,357,1916,-1559
109900091,137,86,51
109900092,202,4,198
109900093,415,103,312
109900094,40,76,-36
109900095,86,389,-303
109900096,31,0,31
109900097,75,0,75
109900098,225,21,204
109900099,90,0,90
109900100,33,0,33
109900101,169,7,162
109900102,309,24,285
109900103,19,52,-33
109900104,327,1833,-1506
109900105,446,35,411
109900106,188,73,115
109900107,196,66,130
109900108,54,568,-514
109900109,14,199,-185
109900110,61,773,-712
109900111,313,2147,-1834
109900112,429,1593,-1164
109900113,425,392,33
109900114,516,240,276
109900115,65,79,-14
109900117,514,102,412
109900118,210,517,-307
109900119,432,428,4
109900120,20,14,6
109900121,259,236,23
109900122,205,2,203
109900123,3,205,-202
109900124,49,1112,-1063
109900125,1,364,-363
109900126,112,235,-123
109900128,135,77,58
109900130,17693,1370,16323
109900131,78,198,-120
109900132,30,218,-188
109900133,33,531,-498
109900134,22,53,-31
109900135,532,101,431
109900136,46,152,-106
109900137,52,612,-560
109900140,109,561,-452
109900142,581,247,334
109900145,4,143,-139
109900146,306,26,280
109900148,39,71,-32
109900149,36,50,-14
109900150,4,61,-57
109900151,2,67,-65
109900152,0,14,-14
109900153,0,60,-60
109900154,45,0,45
109900155,14,11,3
109900157,74,420,-346
109900158,51,134,-83
109900159,83,18,65
109900160,94,42,52
109900161,170,61,109
109900162,140,59,81
109900163,653,484,169
109900164,35,235,-200
109900165,133,5,128
109900166,1,242,-241
109900167,138,733,-595
109900168,96,562,-466
109900169,91,137,-46
109900170,216,627,-411
109900171,97,73,24
109900172,95,159,-64
109900173,5808,1620,4188
109900174,47,174,-127
109900175,33,48,-15
109900176,57,297,-240
109900177,28,486,-458
109900178,2,122,-120
109900179,2,35,-33
109900180,8,6,2
110000001,807,709,98
110000002,707,525,182
110000003,866,640,226
110000004,526,476,50
110000005,720,1215,-495
110000006,858,387,471
110000007,139,186,-47
110000008,16,45,-29
110000009,27,81,-54
110000010,33,49,-16
110000011,18,175,-157
110000012,930,653,277
110000013,37,381,-344
110000014,665,416,249
110000015,287,392,-105
110000016,329,865,-536
110000017,4619,287,4332
110000018,4856,550,4306
110000019,10,249,-239
110000020,664,280,384
110000021,393,355,38
110000022,395,138,257
110000023,8,254,-246
110000024,491,530,-39
110000025,128,1,127
110000026,6,1004,-998
110000027,513,327,186
110000028,680,718,-38
110000029,387,1269,-882
110000030,180,292,-112
110000031,222,865,-643
110000032,564,390,174
110000033,140,77,63
110000034,143,553,-410
110000035,439,1313,-874
110000036,440,543,-103
110000037,131,921,-790
110000038,170,330,-160
110000039,526,1440,-914
110000040,216,427,-211
110000041,207,823,-616
110000042,38,164,-126
110000043,397,176,221
110000044,35,46,-11
110000045,247,49,198
110000046,5,10,-5
110000047,6,5,1
110000048,3,23,-20
110000049,24,4,20
110000050,9,42,-33
110000051,23,2,21
110000052,25,23,2
110000053,60,2,58
110000054,134,280,-146
110000055,254,29,225
110000056,136,38,98
110000057,216,1205,-989
110000058,690,745,-55
110000059,558,596,-38
110000060,415,746,-331
110000061,784,913,-129
110000062,649,735,-86
110000063,26,66,-40
110000064,57,179,-122
110000065,32,64,-32
110000066,47,32,15
110000067,36,452,-416
110000068,103,923,-820
110000069,97,95,2
110000071,31,134,-103
110000073,0,12,-12
110000075,2,96,-94
110000076,258,174,84
110000077,558,416,142
110000078,16,42,-26
110000080,289,639,-350
110000081,18,284,-266
110000082,29,286,-257
110000083,194,674,-480
110000084,560,540,20
110000085,2702,1626,1076
110000086,964,1098,-134
110000087,8,61,-53
110000088,26,221,-195
110000089,111,195,-84
110000090,43,435,-392
110000091,2741,356,2385
110000092,6,147,-141
110000093,37,10,27
110000094,598,236,362
110000095,57,627,-570
110000096,5305,1665,3640
110000097,906,1053,-147
110000098,1478,568,910
110000099,744,1597,-853
110000100,434,1305,-871
110000101,13,728,-715
110000102,39,26,13
110000104,123,80,43
110000105,56,310,-254
110000106,419,231,188
110000107,472,390,82
110000108,124,48,76
110000109,247,330,-83
110000110,4497,3286,1211
110000111,8982,1937,7045
110000112,1488,481,1007
110000113,694,1270,-576
110000114,91,373,-282
110000115,133,243,-110
110000116,23,45,-22
110000117,85,872,-787
110000118,219,330,-111
110000119,106,646,-540
110000120,235,242,-7
110000121,55,356,-301
110000122,279,678,-399
110000123,342,388,-46
110000124,1,763,-762
110000125,669,4,665
110000126,206,17,189
110000127,527,22,505
110000128,32,1841,-1809
110000129,4,583,-579
110000130,138,128,10
110000131,108,402,-294
110000132,5,643,-638
110000133,39,337,-298
110000134,19,396,-377
110000135,207,24,183
110000136,42,332,-290
110000137,342,756,-414
110000138,458,1141,-683
110000139,575,2034,-1459
110000140,1029,442,587
110000143,703,354,349
110000144,3844,1175,2669
110000145,1104,665,439
110000146,1209,589,620
110000147,202,721,-519
110000148,233,422,-189
110000151,825,351,474
110000152,702,364,338
110000153,66,91,-25
110000154,23,13,10
110000155,1979,2441,-462
110000156,673,1406,-733
110000157,860,1388,-528
110000160,191,486,-295
110000161,82,665,-583
110000166,243,188,55
110000167,493,451,42
110000168,587,339,248
110000169,557,305,252
110000170,49,99,-50
110000171,571,177,394
110000172,120,956,-836
110000173,1461,1343,118
110000174,94,1956,-1862
110000175,274,75,199
110000176,17,218,-201
110000177,167,640,-473
110000178,486,708,-222
110000179,1914,418,1496
110000180,111,372,-261
110000181,198,434,-236
110000182,381,430,-49
110000183,14707,4898,9809
110000184,1443,1605,-162
110000185,581,639,-58
110000186,545,625,-80
110000191,385,415,-30
110000192,184,3,181
110000193,366,3,363
110000194,29,1625,-1596
110000195,242,514,-272
110000196,205,763,-558
110000197,42,256,-214
110000198,66,78,-12
110000199,42,101,-59
110000200,1288,537,751
110000201,344,636,-292
110000202,1219,496,723
110000203,746,1133,-387
110000204,1,519,-518
110000205,65,65,0
110000206,704,2236,-1532
110000207,486,396,90
110000208,87,101,-14
110000209,105,1218,-1113
110000210,634,824,-190
110000211,415,949,-534
110000212,370,757,-387
110000213,81,31,50
110000214,74,105,-31
110000215,66,849,-783
110000216,39,990,-951
110000217,179,332,-153
110000218,115,760,-645
110000219,164,52,112
110000220,22,564,-542
110000221,146,68,78
110000222,25,463,-438
110000223,2,72,-70
110000224,43,23,20
110000225,131,695,-564
110000226,189,45,144
110000227,578,403,175
110000228,355,260,95
110000229,3,275,-272
110000230,433,722,-289
110000231,107,182,-75
110000232,60,198,-138
110000233,138,406,-268
110000234,439,321,118
110000235,1716,826,890
110000236,288,1199,-911
110000237,1103,1162,-59
110000238,816,1429,-613
110000239,1056,1394,-338
110000240,0,135,-135
110000242,0,17,-17
110000243,53,284,-231
110000244,101,628,-527
110000245,39,693,-654
110000246,408,838,-430
110000247,1169,5271,-4102
110000248,1507,1747,-240
110000249,50,5,45
110000250,17,326,-309
110000251,100,689,-589
110000252,100,304,-204
110000253,783,498,285
110000254,424,1771,-1347
110000255,130,1712,-1582
110000256,306,224,82
110000257,554,448,106
110000258,5,695,-690
110000259,40,5,35
110000260,12,578,-566
110000263,415,110,305
110000264,140,1028,-888
110000265,800,1189,-389
110000266,1480,1798,-318
110000267,8,230,-222
110000268,223,671,-448
110000269,5,98,-93
110000270,56,1,55
110000271,3048,305,2743
110000272,761,892,-131
110000273,1915,1118,797
110000274,152,782,-630
110000275,4192,453,3739
110000276,92,178,-86
110000277,133,596,-463
110000278,156,1137,-981
110000279,489,639,-150
110000280,171,418,-247
110000281,11,156,-145
110000282,187,65,122
110000283,22,60,-38
110000284,21,34,-13
110000285,1,197,-196
110000286,19,1,18
110000287,31,1,30
110000288,4,84,-80
110000289,490,1154,-664
110000290,1568,571,997
110000291,8535,1458,7077
110000292,1193,3020,-1827
110000293,305,1220,-915
110000294,533,632,-99
110000295,51,1343,-1292
110000296,177,356,-179
110000297,2134,277,1857
110000298,244,703,-459
110000299,422,29,393
110000301,136,15,121
110000302,224,2028,-1804
110000303,153,5,148
110000304,68,353,-285
110000305,413,15,398
110000306,56,2880,-2824
110000307,806,11,795
110000308,243,5,238
110000309,7,1661,-1654
110000310,357,76,281
110000311,20,1026,-1006
110000312,263,38,225
110000313,2026,2416,-390
110000314,2,484,-482
110000315,3507,1635,1872
110000316,782,1004,-222
110000317,382,281,101
110000318,2,160,-158
110000319,4,11,-7
110000320,39,74,-35
110000321,11,37,-26
110000322,153,752,-599
110000323,205,194,11
110000324,7121,1105,6016
110000325,2024,1574,450
110000327,326,249,77
110000328,132,465,-333
110000333,465,355,110
110000334,532,1637,-1105
110000335,450,431,19
110000336,361,1554,-1193
110000337,826,480,346
110000338,190,286,-96
110000339,202,279,-77
110000340,6,253,-247
110000341,208,698,-490
110000342,293,0,293
110000343,0,7,-7
110000344,26,278,-252
110000345,44,56,-12
110000346,2223,1092,1131
110000347,843,605,238
110000348,13,26,-13
110000349,11,15,-4
110000350,45,3,42
110000351,460,821,-361
110000352,312,1486,-1174
110000353,4359,648,3711
110000354,1040,1683,-643
110000355,52,66,-14
110000356,944,24,920
110000357,198,11,187
110000361,15,177,-162
110000362,44,224,-180
110000363,213,122,91
110000364,81,544,-463
110000365,130,1,129
110000366,1,75,-74
110000367,189,286,-97
110000368,0,80,-80
110000369,37,1,36
110000373,4,348,-344
110000374,29,13,16
110000375,156,815,-659
110000376,26,114,-88
110000377,64,245,-181
110000378,21,300,-279
110000379,5080,1045,4035
110000380,43,24,19
110000383,0,897,-897
110000384,1499,808,691
110000385,3,260,-257
110000387,65,10,55
110000388,29,262,-233
110000389,491,2,489
110000391,238,386,-148
110000396,57,145,-88
110000397,38,329,-291
110000398,3,25,-22
110000399,137,4,133
110000587,59,41,18
110000589,115,155,-40
110000640,117,94,23
110000652,10,97,-87
110000653,144,474,-330
110000654,22,26,-4
110000656,4,804,-800
110000674,19,19,0
110000675,5,5,0
110000676,1,63,-62
110000679,453,623,-170
110000682,124,85,39
110000683,239,447,-208
110000684,1,65,-64
110000685,14,13,1
110000686,0,29,-29
110000687,17,1,16
110000688,49,543,-494
110000689,30,70,-40
110000692,92,413,-321
110000693,104,187,-83
110000694,0,118,-118
110000695,124,844,-720
110000696,179,207,-28
110900001,146,9,137
110900002,58,296,-238
110900003,263,1278,-1015
110900004,188,253,-65
110900005,6341,1504,4837
110900006,29,9,20
110900007,54,11,43
110900008,7,116,-109
110900009,284,28,256
110900010,4,89,-85
110900011,17,134,-117
110900012,9,141,-132
110900013,614,187,427
110900014,94,9,85
110900015,1326,400,926
110900016,19,254,-235
110900017,204,53,151
110900018,306,45,261
110900019,73,30,43
110900020,76,793,-717
110900021,41,705,-664
110900022,81,567,-486
110900023,71,850,-779
110900024,12,626,-614
110900025,3,38,-35
110900027,34,322,-288
110900028,16,235,-219
110900029,21,524,-503
110900030,17,581,-564
110900031,2,158,-156
110900032,2,135,-133
110900033,25,361,-336
110900035,26,577,-551
110900036,128,25,103
110900037,73,16,57
110900038,1825,257,1568
110900039,12,306,-294
110900040,165,33,132
110900041,4,226,-222
110900042,50,48,2
110900043,0,203,-203
110900044,318,32,286
110900045,40,856,-816
110900046,171,381,-210
110900047,952,126,826
110900049,32,33,-1
110900050,14,4,10
110900051,42,246,-204
110900052,3,286,-283
110900053,48,60,-12
110900054,15,395,-380
110900055,22,1,21
110900056,26,101,-75
110900057,4,323,-319
110900058,94,337,-243
110900059,626,1195,-569
110900060,321,111,210
110900061,19,29,-10
110900062,81,393,-312
110900063,37,76,-39
110900064,4,0,4
110900065,346,120,226
110900066,24,91,-67
110900067,704,506,198
110900068,258,292,-34
110900069,0,39,-39
110900070,154,54,100
110900071,307,293,14
110900073,0,24,-24
110900074,235,119,116
110900075,248,68,180
110900077,347,517,-170
110900078,12,208,-196
110900079,2064,545,1519
110900080,48,59,-11
110900081,3,150,-147
110900082,61,429,-368
110900083,81,34,47
110900084,56,349,-293
110900085,36,591,-555
110900086,40,160,-120
110900087,155,50,105
110900088,17,0,17
110900090,36,18,18
110900091,4,79,-75
110900093,208,90,118
110900095,30,72,-42
110900097,10,17,-7
110900098,16,195,-179
110900099,49,778,-729
110900100,0,18,-18
110900102,34,30,4
110900105,688,517,171
110900108,2,177,-175
110900111,276,63,213
110900112,485,4,481
110900113,604,53,551
110900115,6,141,-135
110900116,297,3766,-3469
110900118,119,1638,-1519
110900119,6953,320,6633
110900120,10,290,-280
110900121,67,0,67
110900122,163,169,-6
110900125,212,273,-61
110900127,413,823,-410
110900128,279,242,37
110900129,238,305,-67
110900130,1304,354,950
110900131,129,34,95
110900132,207,22,185
110900133,50,374,-324
110900135,60,744,-684
110900136,157,6,151
110900139,7,0,7
110900140,4,0,4
110900141,317,113,204
110900142,92,275,-183
110900143,72,78,-6
110900144,0,924,-924
110900145,85,20,65
110900146,277,72,205
110900147,363,313,50
110900148,2,431,-429
110900149,0,81,-81
110900150,16,36,-20
110900151,0,48,-48
110900152,19,560,-541
110900153,70,32,38
111000001,378,452,-74
111000002,685,886,-201
111000003,768,748,20
111000004,607,1307,-700
111000005,993,860,133
111000006,1024,1432,-408
111000007,5434,2361,3073
111000008,4811,3459,1352
111000009,394,1112,-718
111000010,525,283,242
111000011,346,907,-561
111000012,336,331,5
111000013,273,1313,-1040
111000014,694,655,39
111000017,115,653,-538
111000018,203,344,-141
111000020,3185,2521,664
111000021,81,179,-98
111000023,52,210,-158
111000025,8774,2289,6485
111000029,64,108,-44
111000030,26,66,-40
111000031,1749,854,895
111000032,539,182,357
111000033,293,148,145
111000034,395,241,154
111000037,4251,1287,2964
111000038,3403,3111,292
111000039,1120,3276,-2156
111000040,1458,3347,-1889
111000041,1594,2102,-508
111000042,7807,2884,4923
111000043,2383,1661,722
111000044,1153,845,308
111000045,1345,2014,-669
111000046,735,1513,-778
111000047,1466,2129,-663
111000049,230,630,-400
111000050,2287,2074,213
111000051,366,1357,-991
111000052,469,1641,-1172
111000053,368,1252,-884
111000054,184,1542,-1358
111000055,1341,2406,-1065
111000056,75,903,-828
111000057,52,1167,-1115
111000058,176,152,24
111000059,256,366,-110
111000060,2221,701,1520
111000061,270,293,-23
111000062,528,194,334
111000063,1207,828,379
111000064,335,527,-192
111000065,807,743,64
111000066,311,238,73
111000067,418,756,-338
111000068,264,766,-502
111000069,1596,1926,-330
111000070,3038,1243,1795
111000071,253,1092,-839
111000072,560,382,178
111000073,211,677,-466
111000074,1226,1475,-249
111000075,686,1006,-320
111000076,406,975,-569
111000077,1109,1558,-449
111000078,1904,1194,710
111000079,1199,803,396
111000080,328,643,-315
111000081,2352,3035,-683
111000082,464,627,-163
111000084,449,602,-153
111000085,811,1680,-869
111000086,4413,1536,2877
111000087,809,930,-121
111000088,8430,1905,6525
111000089,548,1010,-462
111000090,1246,1433,-187
111000091,504,877,-373
111000092,860,1340,-480
111000093,385,683,-298
111000094,1421,809,612
111000095,615,1898,-1283
111000096,2655,6204,-3549
111000097,7566,1020,6546
111000098,633,1686,-1053
111000099,415,3150,-2735
111000100,276,3052,-2776
111000101,335,899,-564
111000102,82,1105,-1023
111000104,211,244,-33
111000107,68,1036,-968
111000109,148,176,-28
111000110,675,487,188
111000111,1092,396,696
111000112,1095,368,727
111000113,756,711,45
111000114,1835,1665,170
111000115,8767,1033,7734
111000116,687,1005,-318
111000117,423,779,-356
111000118,1297,1276,21
111000119,725,2213,-1488
111000120,330,572,-242
111000121,204,535,-331
111000122,487,1068,-581
111000123,736,3953,-3217
111000124,396,4653,-4257
111000125,141,2686,-2545
111000126,85,1299,-1214
111000127,573,164,409
111000128,784,330,454
111000129,1270,390,880
111000130,1195,672,523
111000131,842,480,362
111000132,672,436,236
111000133,72,134,-62
111000134,108,134,-26
111000135,16,103,-87
111000136,227,300,-73
111000138,5,10,-5
111000140,1,5,-4
111000141,131,307,-176
111000142,35,163,-128
111000143,1,134,-133
111000144,11,103,-92
111000145,869,8,861
111000146,61,15,46
111000147,185,41,144
111000148,147,92,55
111000149,2,32,-30
111000150,5,4,1
111000151,3,28,-25
111000153,475,629,-154
111000154,752,190,562
111000155,79,152,-73
111000156,396,447,-51
111000157,138,574,-436
111000158,807,524,283
111000159,2968,707,2261
111000160,170,425,-255
111000161,4,290,-286
111000162,2,192,-190
111000163,395,873,-478
111000164,807,2374,-1567
111000165,1252,439,813
111000166,1516,336,1180
111000167,171,539,-368
111000168,217,458,-241
111000169,277,557,-280
111000170,371,403,-32
111000171,308,1133,-825
111000172,101,804,-703
111000173,189,2095,-1906
111000174,70,1078,-1008
111000175,24,317,-293
111000176,152,203,-51
111000177,161,323,-162
111000178,489,322,167
111000179,66,239,-173
111000180,114,318,-204
111000181,498,335,163
111000182,63,198,-135
111000183,164,257,-93
111000184,266,208,58
111000185,269,546,-277
111000186,188,319,-131
111000187,81,270,-189
111000188,112,543,-431
111000189,1850,525,1325
111000190,115,643,-528
111000191,103,556,-453
111000192,308,741,-433
111000193,595,414,181
111000194,18,549,-531
111000195,102,634,-532
111000196,37,436,-399
111000197,201,158,43
111000198,327,110,217
111000199,122,137,-15
111000200,157,301,-144
111000201,333,198,135
111000202,139,195,-56
111000203,180,205,-25
111000204,265,504,-239
111000213,168,398,-230
111000214,1108,2139,-1031
111000215,875,1901,-1026
111000217,958,1378,-420
111000218,731,1032,-301
111000219,303,215,88
111000220,3726,452,3274
111000221,771,169,602
111000224,71,427,-356
111000225,208,184,24
111000226,216,0,216
111000227,39,4,35
111000228,8,186,-178
111000229,29,361,-332
111000230,227,854,-627
111000231,548,1906,-1358
111000232,222,797,-575
111000233,306,745,-439
111000234,71,166,-95
111000239,113,234,-121
111000240,34,111,-77
111000241,25,537,-512
111000242,61,99,-38
111000243,70,1049,-979
111000244,261,108,153
111000245,531,851,-320
111000246,189,935,-746
111000247,105,1222,-1117
111000248,418,500,-82
111000249,395,956,-561
111000250,35,190,-155
111000251,23,170,-147
111000253,6,17,-11
111000255,12,3,9
111000257,28,16,12
111000260,55,1452,-1397
111000261,488,83,405
111000271,59,348,-289
111000273,9061,1474,7587
111000274,1253,1886,-633
111000275,72,83,-11
111000276,286,2875,-2589
111000277,81,564,-483
111000278,418,232,186
111000291,401,2724,-2323
111000298,373,304,69
111000299,540,134,406
111000300,85,832,-747
111000302,180,110,70
111000303,75,386,-311
111000312,41,73,-32
111000315,29,419,-390
111000320,308,945,-637
111000321,161,87,74
111000322,220,604,-384
111000323,96,19,77
111000324,227,331,-104
111000325,20,54,-34
111000326,97,364,-267
111000327,332,668,-336
111000328,125,390,-265
111000329,1,19,-18
111000330,21,10,11
111000331,10,4,6
111000332,291,1404,-1113
111000334,341,2021,-1680
111000335,324,146,178
111000337,436,441,-5
111000338,14,108,-94
111000339,184,788,-604
111000340,53,1199,-1146
111000341,688,411,277
111000342,167,271,-104
111000344,601,887,-286
111000345,185,43,142
111000346,16,123,-107
111000347,52,2,50
111000350,102,170,-68
111000351,69,192,-123
111000352,133,192,-59
111000353,50,236,-186
111000354,167,232,-65
111000355,166,760,-594
111000358,101,2733,-2632
111000360,104,1194,-1090
111000361,85,505,-420
111000546,239,855,-616
111000547,129,1073,-944
111000548,44,189,-145
111000549,141,692,-551
111000550,46,375,-329
111000551,480,223,257
111000552,868,54,814
111000907,448,11,437
111000908,6,2,4
111000916,754,254,500
111000917,22,426,-404
111000918,143,1547,-1404
111000920,271,11,260
111000921,1,542,-541
111000922,167,354,-187
111000924,45,1451,-1406
111000925,1307,1834,-527
111000926,835,3641,-2806
111000927,2312,3995,-1683
111000928,7473,4797,2676
111000929,739,956,-217
111000930,579,2974,-2395
111000931,1328,1695,-367
111000932,4221,2894,1327
111000933,2754,1649,1105
111000934,2430,3037,-607
111000935,764,805,-41
111000936,891,2545,-1654
111000937,558,1122,-564
111000938,1819,2767,-948
111000939,200,25,175
111000940,196,209,-13
111000941,131,863,-732
111000943,138,288,-150
111000944,77,697,-620
111000945,69,3144,-3075
111001109,289,162,127
111001110,204,711,-507
111001111,33,11,22
111001112,89,1,88
111001113,1,131,-130
111001114,1271,79,1192
111001115,141,338,-197
111001116,5699,2099,3600
111001117,678,800,-122
111001120,59,429,-370
111001121,95,427,-332
111001122,160,902,-742
111001123,114,148,-34
111001124,47,500,-453
111001125,0,25,-25
111900001,2,145,-143
111900002,6,1139,-1133
111900003,2,550,-548
111900004,13,211,-198
111900006,2,23,-21
111900007,49,12,37
111900008,51,0,51
111900009,106,278,-172
111900010,306,742,-436
111900012,85,179,-94
111900013,1,42,-41
111900014,9562,2201,7361
111900015,0,72,-72
111900016,1,257,-256
111900017,0,206,-206
111900018,63,1,62
111900019,2,101,-99
111900020,3,58,-55
111900021,47,80,-33
111900022,19,70,-51
111900023,169,74,95
111900024,6,75,-69
111900025,0,43,-43
111900026,1,110,-109
111900027,6,206,-200
111900028,1,561,-560
111900029,3,136,-133
111900030,54,601,-547
111900031,2,24,-22
111900032,3,557,-554
111900033,6,143,-137
111900034,414,1152,-738
111900035,8,266,-258
111900036,2,461,-459
111900038,358,1050,-692
111900039,28,579,-551
111900040,4,1047,-1043
111900042,31,134,-103
111900043,4,679,-675
111900044,250,403,-153
111900046,44,293,-249
111900048,149,1142,-993
111900049,42,363,-321
111900050,60,9,51
111900051,2,407,-405
111900052,486,779,-293
111900053,1517,392,1125
111900054,66,1,65
111900055,13,864,-851
111900056,197,109,88
111900057,25,43,-18
111900058,172,1091,-919
111900059,4026,290,3736
111900060,226,3,223
111900061,30,395,-365
111900062,8,27,-19
111900063,96,296,-200
111900064,119,373,-254
111900065,47,16,31
111900066,96,111,-15
111900067,2,466,-464
111900068,19,22,-3
111900069,29,12,17
111900070,60,97,-37
111900071,2,448,-446
111900072,16,26,-10
111900073,335,58,277
111900074,13,248,-235
111900075,59,4,55
111900076,58,20,38
111900077,4,1,3
111900078,129,6,123
111900079,16,7,9
111900080,161,126,35
111900082,77,11,66
111900083,68,9,59
111900084,45,1,44
111900085,19,57,-38
111900086,18,4,14
111900087,11,0,11
111900088,269,4,265
111900089,60,4,56
111900090,41,24,17
111900091,118,19,99
111900092,26,0,26
111900093,184,7,177
111900094,36,1,35
111900095,87,9,78
111900096,63,1,62
111900097,14,0,14
111900098,59,0,59
111900099,36,0,36
111900100,28,3,25
111900101,52,12,40
111900102,192,1080,-888
111900103,64,38,26
111900104,70,48,22
111900105,223,141,82
111900106,1943,63,1880
111900110,3596,300,3296
111900111,47,304,-257
111900112,1145,1092,53
111900113,281,62,219
111900118,203,59,144
111900119,178,69,109
111900122,46,21,25
111900123,10,5,5
111900124,20,176,-156
111900125,212,10,202
111900126,128,2,126
111900127,1,910,-909
111900128,5,796,-791
111900129,92,2,90
111900130,86,5,81
111900131,226,4,222
111900132,36,2088,-2052
111900133,4,515,-511
111900134,26,426,-400
111900135,5,14,-9
111900136,49,110,-61
111900137,67,89,-22
111900138,14,202,-188
111900139,9,327,-318
111900140,46,21,25
111900141,34,3,31
111900142,63,12,51
111900143,22,440,-418
111900144,0,161,-161
111900145,6,845,-839
111900146,5,452,-447
111900147,190,676,-486
111900148,21,1315,-1294
111900149,16,542,-526
111900150,23,214,-191
111900151,2,16,-14
111900152,101,77,24
111900153,1991,229,1762
111900154,7,147,-140
111900155,33,37,-4
111900156,24,49,-25
111900157,25,13,12
111900158,240,24,216
111900159,148,6,142
111900160,123,0,123
111900161,44,1,43
111900162,117,97,20
111900163,23,476,-453
111900164,58,41,17
111901113,209,346,-137
111901114,85,497,-412
111901115,35,2,33
111901116,21,0,21
111901117,17,28,-11
111901118,217,100,117
111901119,2326,157,2169
111901121,222,607,-385
111901122,8,947,-939
111901123,83,657,-574
111901124,101,0,101
111901125,179,294,-115
111901127,1349,293,1056
111901128,17,154,-137
111901129,1,263,-262
111901130,5,445,-440
111901131,3,393,-390
111901132,35,6,29
111901133,33,1,32
111901134,53,2,51
111901135,4,2,2
111901136,19,18,1
111901137,1,21,-20
111901138,89,56,33
111901139,20,75,-55
111901140,1,173,-172
111901141,4,372,-368
111901142,2,334,-332
111901143,2,165,-163
111901144,29,22,7
111901145,150,161,-11
111901146,456,16,440
111901147,976,75,901
111901148,17,21,-4
112000001,1319,970,349
112000002,692,2682,-1990
112000003,509,1101,-592
112000004,572,2297,-1725
112000005,1583,1616,-33
112000006,1716,2749,-1033
112000007,1458,1223,235
112000008,1914,3542,-1628
112000009,4481,4747,-266
112000010,1763,2371,-608
112000011,1796,2811,-1015
112000012,3830,2102,1728
112000013,4910,3260,1650
112000014,1996,562,1434
112000015,2400,2481,-81
112000016,3150,605,2545
112000017,1446,1066,380
112000024,2840,795,2045
112000026,5545,6492,-947
112000027,801,444,357
112000028,2264,2188,76
112000029,248,526,-278
112000030,244,147,97
112000031,1112,2898,-1786
112000032,443,59,384
112000033,1370,765,605
112000034,237,31,206
112000035,63,234,-171
112000036,712,589,123
112000037,749,685,64
112000038,951,784,167
112000039,36,90,-54
112000040,141,278,-137
112000041,443,539,-96
112000042,1199,296,903
112000050,795,1359,-564
112000051,572,686,-114
112000054,1639,3099,-1460
112000057,456,367,89
112000058,253,503,-250
112000059,565,503,62
112000061,4989,2118,2871
112000062,2356,666,1690
112000063,1776,1080,696
112000064,5130,6682,-1552
112000065,2470,3263,-793
112000066,2882,971,1911
112000067,787,795,-8
112000068,1934,1327,607
112000069,585,2295,-1710
112000070,1349,654,695
112000071,627,3290,-2663
112000072,1109,987,122
112000073,1193,1950,-757
112000074,930,852,78
112000075,916,1130,-214
112000076,3001,3196,-195
112000077,338,822,-484
112000078,930,699,231
112000079,904,1456,-552
112000080,452,1018,-566
112000081,1348,2162,-814
112000082,1092,610,482
112000083,518,1863,-1345
112000084,821,660,161
112000085,811,1688,-877
112000086,1187,1945,-758
112000087,191,655,-464
112000088,314,983,-669
112000089,152,286,-134
112000090,113,474,-361
112000091,540,1484,-944
112000092,1207,993,214
112000093,1381,1193,188
112000094,378,890,-512
112000095,427,841,-414
112000096,293,743,-450
112000097,495,447,48
112000098,925,1889,-964
112000099,422,694,-272
112000100,797,1134,-337
112000101,328,1206,-878
112000102,516,794,-278
112000103,226,1582,-1356
112000105,433,2796,-2363
112000106,842,569,273
112000107,24,137,-113
112000108,158,2632,-2474
112000109,99,105,-6
112000110,1047,599,448
112000111,1175,4639,-3464
112000112,1570,679,891
112000113,833,2242,-1409
112000114,1348,1199,149
112000115,242,659,-417
112000116,177,1177,-1000
112000117,665,908,-243
112000118,1004,1002,2
112000119,315,1188,-873
112000120,90,451,-361
112000121,47,907,-860
112000122,147,155,-8
112000123,305,170,135
112000124,149,56,93
112000125,103,133,-30
112000126,106,1297,-1191
112000127,1705,1229,476
112000128,905,625,280
112000129,69,109,-40
112000130,110,55,55
112000131,13,639,-626
112000132,65,317,-252
112000133,223,541,-318
112000134,231,377,-146
112000135,452,763,-311
112000136,835,1201,-366
112000137,672,1644,-972
112000138,816,1240,-424
112000139,959,270,689
112000140,867,1335,-468
112000141,418,225,193
112000142,142,1091,-949
112000143,683,232,451
112000144,265,2481,-2216
112000145,1312,721,591
112000146,545,3222,-2677
112000147,1337,1825,-488
112000148,1464,3058,-1594
112000149,182,1212,-1030
112000150,111,683,-572
112000151,319,1044,-725
112000152,147,381,-234
112000153,302,435,-133
112000154,74,105,-31
112000155,127,121,6
112000157,617,440,177
112000158,178,1271,-1093
112000159,211,333,-122
112000167,203,40,163
112000169,507,341,166
112000173,355,217,138
112000175,256,540,-284
112000176,4114,2243,1871
112000177,243,98,145
112000178,67,880,-813
112000179,96,190,-94
112000180,148,277,-129
112000181,1053,2498,-1445
112000182,549,2555,-2006
112000183,28,74,-46
112000184,247,842,-595
112000185,247,544,-297
112000187,2485,2003,482
112000195,126,4,122
112000196,59,0,59
112000197,43,106,-63
112000198,19,398,-379
112000199,1178,967,211
112000202,157,3,154
112000216,64,241,-177
112000230,41,5,36
112000231,0,410,-410
112000256,21,116,-95
112000313,185,168,17
112000314,28,24,4
112000337,178,509,-331
112000352,278,190,88
112000392,1921,1500,421
112000398,701,704,-3
112000399,4024,1393,2631
112000400,1842,4713,-2871
112000401,2417,3187,-770
112000402,1208,1776,-568
112000403,2046,1509,537
112000404,262,503,-241
112000405,1182,2290,-1108
112000406,3553,3807,-254
112000407,3204,5424,-2220
112000408,8982,8049,933
112000409,1597,6232,-4635
112000410,288,127,161
112000411,6614,584,6030
112000412,1303,387,916
112000413,12297,2492,9805
112000414,60,138,-78
112000415,76,59,17
112000416,1108,1162,-54
112000417,182,57,125
112000421,24,246,-222
112000422,240,820,-580
112000424,3366,1743,1623
112000425,384,2117,-1733
112000426,70,251,-181
112000427,0,21,-21
112000428,100,647,-547
112000429,1692,2760,-1068
112000430,2122,2794,-672
112000431,39,129,-90
112000432,498,3309,-2811
112000433,450,696,-246
112000437,55,365,-310
112900001,28,1,27
112900002,139,1517,-1378
112900003,21,398,-377
112900004,20,321,-301
112900005,112,191,-79
112900006,9,479,-470
112900007,34,246,-212
112900008,0,10,-10
112900009,224,58,166
112900010,210,937,-727
112900011,388,322,66
112900012,0,70,-70
112900013,2,191,-189
112900014,2,392,-390
112900015,366,1162,-796
112900016,1,371,-370
112900017,30,301,-271
112900018,2,514,-512
112900019,67,150,-83
112900020,399,1749,-1350
112900021,1,411,-410
112900022,4,79,-75
112900023,4,424,-420
112900024,23,285,-262
112900025,54,376,-322
112900026,4,419,-415
112900027,8,1748,-1740
112900028,15,162,-147
112900029,3,793,-790
112900030,266,297,-31
112900031,2,700,-698
112900032,106,279,-173
112900034,0,80,-80
112900035,8,590,-582
112900036,20,155,-135
112900037,112,132,-20
112900038,255,120,135
112900039,9,432,-423
112900040,4,393,-389
112900041,1318,792,526
112900042,26,683,-657
112900043,17,48,-31
112900044,1108,460,648
112900045,567,414,153
112900046,220,76,144
112900047,27,26,1
112900049,71,71,0
112900050,105,673,-568
112900051,316,900,-584
112900052,6,1650,-1644
112900053,342,108,234
112900054,270,19,251
112900055,127,16,111
112900056,322,125,197
112900057,9,920,-911
112900058,210,140,70
112900059,112,144,-32
112900060,5,387,-382
112900061,52,188,-136
112900062,41,149,-108
112900063,97,10,87
112900064,141,257,-116
112900065,30,8,22
112900066,110,63,47
112900067,577,180,397
112900068,23,24,-1
112900069,2678,435,2243
112900071,8,4,4
112900072,367,712,-345
112900073,148,38,110
112900074,38,105,-67
112900075,2474,531,1943
112900076,129,3,126
112900078,131,265,-134
112900079,99,6,93
112900080,12,4,8
112900081,34,87,-53
112900082,250,16,234
112900083,54,36,18
112900084,86,41,45
112900086,31,0,31
112900087,275,77,198
112900088,65,7,58
112900089,395,15,380
112900090,11,3,8
112900091,78,1,77
112900092,118,130,-12
112900093,662,11,651
112900095,41,0,41
112900096,176,78,98
112900097,40,547,-507
112900098,16,2,14
112900099,369,8,361
112900100,22,0,22
112900101,130,0,130
112900102,29,9,20
112900103,112,0,112
112900104,28,6,22
112900105,7,0,7
112900106,187,79,108
112900107,4,0,4
112900108,27,1,26
112900109,28,0,28
112900110,467,3,464
112900111,302,1,301
112900112,114,1,113
112900113,0,15,-15
112900114,51,23,28
112900115,498,0,498
112900116,50,39,11
112900117,114,114,0
112900118,22,102,-80
112900119,117,0,117
112900120,731,212,519
112900121,292,182,110
112900122,24,152,-128
112900123,109,4,105
112900124,3,189,-186
112900125,36,340,-304
112900126,145,212,-67
112900127,198,53,145
112900128,457,949,-492
112900129,1,983,-982
112900130,138,72,66
112900131,28,347,-319
112900132,43,491,-448
112900133,22,1140,-1118
112900134,2,306,-304
112900135,43,25,18
112900137,3,923,-920
112900138,1,624,-623
112900139,210,1474,-1264
112900141,350,10,340
112900142,57,95,-38
112900143,45,896,-851
112900144,4,456,-452
112900145,35,643,-608
112900146,5,2087,-2082
112900147,9,2823,-2814
112900148,21,1,20
112900149,177,606,-429
112900151,32,74,-42
112900152,5373,857,4516
112900153,2073,1086,987
112900154,2,105,-103
112900155,88,6,82
112900156,147,2089,-1942
112900157,172,145,27
112900158,38,13,25
112900159,115,45,70
112900160,38,392,-354
112900161,57,42,15
112900162,21,11,10
112900163,139,22,117
112900164,35,82,-47
112900165,65,22,43
112900166,26,44,-18
112900167,2,18,-16
112900168,2,2,0
112900169,11,2,9
112900170,24,117,-93
112900172,86,6,80
112900173,213,90,123
112900174,194,30,164
112900175,101,96,5
112900176,8,13,-5
112900177,147,20,127
112900178,525,1208,-683
112900179,47,575,-528
112900180,993,2258,-1265
112900181,275,7,268
112900182,22,1572,-1550
112900183,137,173,-36
112900184,422,331,91
112900185,272,348,-76
112900186,1331,583,748
112900187,52,240,-188
112900188,676,249,427
112900189,0,23,-23
112900190,2,64,-62
112900192,358,331,27
112900193,904,240,664
112900194,19,176,-157
112900195,587,42,545
112900196,244,608,-364
112900197,135,540,-405
112900199,274,848,-574
112900200,267,343,-76
112900201,41,94,-53
112900202,248,1137,-889
112900203,99,467,-368
112900204,861,325,536
112900205,1,5,-4
112900206,3,60,-57
112900207,3,0,3
112900208,49,110,-61
112900209,473,502,-29
112900210,0,31,-31
112900211,21,15,6
112900212,0,96,-96
112900213,10,26,-16
112900214,30,7,23
112900215,2,302,-300
112900216,20,116,-96
112900217,0,55,-55
112900218,10,36,-26
112900219,33,46,-13
112900220,0,0,0
112900221,6,208,-202
112900222,0,42,-42
112900223,520,9,511
112900224,113,1201,-1088
112900225,223,784,-561
112900226,132,235,-103
112900227,241,1999,-1758
112900228,37,20,17
112900229,80,72,8
112900230,7589,2716,4873
112900232,103,110,-7
112900233,42,337,-295
112900234,7,195,-188
112900235,53,19,34
112900236,94,8,86
112900237,55,722,-667
112900238,1,36,-35
112900239,542,276,266
112900240,4,182,-178
112900241,5,183,-178
112900242,5,375,-370
112900243,1,247,-246
112900244,3,83,-80
112900245,0,48,-48
112900246,0,7,-7
112900247,43,23,20
112900248,11,0,11
112900249,25,3,22
112900250,20,8,12
112900251,14,18,-4
112900252,25,18,7
112900253,10,9,1
112900254,7,5,2
112900255,0,11,-11
112900256,2,19,-17
112900257,20,16,4
113000001,4301,6026,-1725
113000002,2971,3931,-960
113000003,1659,2503,-844
113000004,2001,2548,-547
113000005,1194,1270,-76
113000006,832,1351,-519
113000007,1225,1496,-271
113000008,1224,2352,-1128
113000009,607,980,-373
113000010,819,1965,-1146
113000011,832,1755,-923
113000012,996,1148,-152
113000013,938,556,382
113000014,1653,1202,451
113000015,589,270,319
113000016,308,322,-14
113000017,17,256,-239
113000018,274,73,201
113000019,34,200,-166
113000020,114,28,86
113000021,1597,572,1025
113000022,650,1634,-984
113000025,83,295,-212
113000026,270,446,-176
113000027,1584,403,1181
113000028,1597,294,1303
113000029,962,771,191
113000030,626,607,19
113000031,323,317,6
113000032,263,313,-50
113000033,295,523,-228
113000034,522,398,124
113000035,30,30,0
113000036,25,43,-18
113000037,50,33,17
113000038,5,60,-55
113000039,55,724,-669
113000040,46,101,-55
113000042,946,550,396
113000051,645,2368,-1723
113000052,2405,1215,1190
113000053,247,693,-446
113000054,223,898,-675
113000055,961,1210,-249
113000056,741,1538,-797
113000058,707,908,-201
113000059,1283,738,545
113000060,116,605,-489
113000061,688,821,-133
113000062,1484,264,1220
113000063,80,319,-239
113000064,15,599,-584
113000065,135,1525,-1390
113000066,408,144,264
113000067,1247,1620,-373
113000068,367,2667,-2300
113000069,431,1970,-1539
113000070,1275,1089,186
113000071,290,909,-619
113000072,440,540,-100
113000073,602,1732,-1130
113000074,822,432,390
113000075,1800,713,1087
113000076,1557,1947,-390
113000077,1224,464,760
113000078,862,2182,-1320
113000079,678,712,-34
113000080,497,458,39
113000081,578,779,-201
113000082,990,741,249
113000083,519,827,-308
113000084,1568,1136,432
113000085,731,590,141
113000086,845,1395,-550
113000087,846,725,121
113000088,2390,1287,1103
113000089,858,1312,-454
113000090,196,458,-262
113000091,635,328,307
113000094,848,198,650
113000095,244,1394,-1150
113000096,162,1058,-896
113000097,878,317,561
113000098,136,39,97
113000099,981,291,690
113000100,153,484,-331
113000101,416,616,-200
113000102,463,298,165
113000103,2943,625,2318
113000104,334,3593,-3259
113000105,433,566,-133
113000106,248,515,-267
113000107,561,1248,-687
113000108,980,1793,-813
113000109,519,4578,-4059
113000110,1272,393,879
113000111,235,1012,-777
113000112,331,376,-45
113000113,1523,291,1232
113000114,336,1597,-1261
113000116,618,199,419
113000117,861,131,730
113000118,189,334,-145
113000119,249,349,-100
113000120,42,212,-170
113000121,354,932,-578
113000124,167,98,69
113000125,76,609,-533
113000127,4437,603,3834
113000128,556,533,23
113000129,509,1892,-1383
113000133,4576,1267,3309
113000134,7,870,-863
113000135,2665,2542,123
113000137,1968,2233,-265
113000139,287,127,160
113000140,137,306,-169
113000141,173,113,60
113000142,434,834,-400
113000143,220,223,-3
113000144,339,691,-352
113000145,57,189,-132
113000146,126,91,35
113000147,92,172,-80
113000148,90,250,-160
113000149,48,135,-87
113000150,516,631,-115
113000151,47,106,-59
113000152,21,140,-119
113000153,2168,526,1642
113000154,652,1811,-1159
113000155,326,469,-143
113000156,131,525,-394
113000157,270,1138,-868
113000158,577,292,285
113000159,659,711,-52
113000160,598,1480,-882
113000161,176,759,-583
113000162,543,404,139
113000163,59,48,11
113000164,28,102,-74
113000166,108,78,30
113000167,14,226,-212
113000168,44,216,-172
113000169,100,88,12
113000170,80,126,-46
113000171,48,138,-90
113000172,203,79,124
113000173,53,21,32
113000174,100,586,-486
113000175,350,163,187
113000176,445,187,258
113000177,188,527,-339
113000178,204,494,-290
113000179,285,153,132
113000180,626,1821,-1195
113000181,914,1252,-338
113000182,242,358,-116
113000183,183,659,-476
113000184,14,89,-75
113000189,434,649,-215
113000190,1006,427,579
113000192,3517,1260,2257
113000193,6654,1067,5587
113000194,2683,940,1743
113000195,3105,567,2538
113000196,103,102,1
113000197,1494,927,567
113000198,53,343,-290
113000199,756,448,308
113000201,1320,143,1177
113000202,4377,3743,634
113000203,594,317,277
113000204,2411,1542,869
113000205,18,29,-11
113000206,9,32,-23
113000207,47,27,20
113000208,33,43,-10
113000209,13,17,-4
113000210,4,23,-19
113000211,321,221,100
113000212,336,15,321
113000213,11,188,-177
113000214,193,347,-154
113000234,120,1642,-1522
113000410,99,168,-69
113000411,2402,4197,-1795
113000412,10642,2393,8249
113000413,3829,2706,1123
113000414,8399,8955,-556
113000415,2419,2868,-449
113000416,9280,4051,5229
113000417,2986,3057,-71
113000418,2508,2210,298
113000419,1252,1811,-559
113000420,3066,4030,-964
113000421,3230,4858,-1628
113000422,14260,8993,5267
113000423,2343,3934,-1591
113000424,4210,9477,-5267
113000425,3,85,-82
113000428,134,29,105
113000430,26,62,-36
113000432,1476,118,1358
113000433,122,1375,-1253
113000434,25,411,-386
113000435,12,1214,-1202
113000436,61,1997,-1936
113000437,434,20,414
113000438,203,22,181
113000439,17,185,-168
113000440,69,18,51
113000441,163,285,-122
113000442,104,403,-299
113000443,93,438,-345
113000444,89,418,-329
113000445,54,225,-171
113000446,33,104,-71
113000448,430,136,294
113000449,357,1219,-862
113000450,726,4266,-3540
113000451,2706,210,2496
113000452,568,583,-15
113000453,148,324,-176
113000454,1963,49,1914
113000455,69,111,-42
113000456,3571,1844,1727
113000468,3523,235,3288
113000469,440,107,333
113000470,744,88,656
113000471,9,588,-579
113000472,96,303,-207
113000474,303,662,-359
113000475,1393,2042,-649
113000476,665,1771,-1106
113000477,1667,1832,-165
113000478,3552,6490,-2938
113000479,21,292,-271
113000483,0,0,0
113000484,0,0,0
113000485,4,0,4
113000486,0,0,0
113000487,0,0,0
113000488,0,1,-1
113000489,0,0,0
113000490,0,0,0
113000491,1,7,-6
113000492,3,4,-1
113000493,0,0,0
113000495,220,369,-149
113000496,112,115,-3
113000499,0,0,0
113900001,1,248,-247
113900002,1,340,-339
113900003,0,285,-285
113900004,0,99,-99
113900005,0,73,-73
113900006,1,37,-36
113900007,136,32,104
113900008,241,0,241
113900009,725,0,725
113900010,338,0,338
113900011,54,0,54
113900012,18,3,15
113900013,1764,4,1760
113900014,661,1,660
113900015,1,52,-51
113900016,28,1,27
113900017,2,67,-65
113900018,467,87,380
113900019,56,52,4
113900020,56,0,56
113900022,14,0,14
113900023,35,0,35
113900024,34,126,-92
113900025,294,17,277
113900026,41,0,41
113900027,3,130,-127
113900028,15,563,-548
113900029,18,363,-345
113900030,128,3,125
113900031,5,0,5
113900032,10,0,10
113900033,47,93,-46
113900035,59,2,57
113900036,12,159,-147
113900037,66,670,-604
113900038,82,112,-30
113900039,113,6,107
113900040,5,4,1
113900041,1,7,-6
113900042,40,44,-4
113900043,185,116,69
113900044,189,79,110
113900045,49,0,49
113900046,159,837,-678
113900047,36,177,-141
113900048,295,67,228
113900049,901,269,632
113900050,175,517,-342
113900051,222,448,-226
113900052,125,138,-13
113900053,395,226,169
113900054,25,28,-3
113900055,65,608,-543
113900056,74,186,-112
113900057,8,123,-115
113900058,30,264,-234
113900059,241,378,-137
113900060,76,287,-211
113900061,1008,154,854
113900062,71,28,43
113900063,66,160,-94
113900064,21,185,-164
113900065,576,28,548
113900066,255,532,-277
113900067,49,356,-307
113900068,357,381,-24
113900069,108,18,90
113900070,103,490,-387
113900071,57,117,-60
113900072,48,159,-111
113900073,140,396,-256
113900074,32,553,-521
113900075,1058,1032,26
113900076,95,8,87
113900077,33,286,-253
113900078,50,67,-17
113900079,0,73,-73
113900080,296,138,158
113900081,22,214,-192
113900082,70,219,-149
113900083,140,817,-677
113900084,208,108,100
113900085,45,386,-341
113900086,51,18,33
113900087,43,235,-192
113900088,64,61,3
113900089,338,35,303
113900090,439,303,136
113900091,32,26,6
113900092,28,69,-41
113900093,82,692,-610
113900094,235,470,-235
113900095,79,100,-21
113900096,148,53,95
113900097,2,141,-139
113900098,510,77,433
113900099,0,85,-85
113900100,0,3,-3
113900101,9,41,-32
113900102,112,78,34
113900103,238,208,30
113900104,117,178,-61
113900105,35,498,-463
113900106,0,154,-154
113900107,0,38,-38
113900108,272,144,128
113900109,235,97,138
113900110,26,19,7
113900111,100,98,2
113900112,70,87,-17
113900113,601,424,177
113900114,1,181,-180
113900115,0,131,-131
113900116,52,93,-41
113900117,56,29,27
113900118,145,176,-31
113900119,190,423,-233
113900120,42,35,7
113900121,27,110,-83
113900122,259,1678,-1419
113900123,378,184,194
113900124,0,88,-88
113900125,1617,134,1483
113900126,133,62,71
113900127,162,476,-314
113900128,65,65,0
113900129,7,107,-100
113900130,0,3,-3
113900131,126,58,68
113900132,58,41,17
113900133,9,45,-36
113900135,237,587,-350
113900136,61,87,-26
113900137,332,215,117
113900138,67,144,-77
113900139,532,91,441
113900140,320,230,90
113900141,263,638,-375
113900142,72,87,-15
113900143,3,27,-24
113900144,279,144,135
113900145,277,249,28
113900146,86,41,45
113900148,146,229,-83
113900149,152,48,104
113900150,865,704,161
113900151,219,253,-34
113900152,13,49,-36
113900153,417,563,-146
113900154,8,125,-117
113900155,158,101,57
113900156,267,640,-373
113900157,35,197,-162
113900158,312,182,130
113900159,22,285,-263
113900160,396,738,-342
113900161,41,183,-142
113900162,398,497,-99
113900163,232,261,-29
113900164,250,43,207
113900165,403,550,-147
113900166,188,128,60
113900167,215,28,187
113900168,122,127,-5
113900169,236,526,-290
113900171,95,36,59
113900172,8,229,-221
113900173,37,966,-929
113900174,412,732,-320
113900175,265,65,200
113900176,113,791,-678
113900177,270,250,20
113900178,155,78,77
113900179,10,902,-892
113900180,202,166,36
113900181,472,91,381
113900182,427,909,-482
113900183,72,74,-2
113900184,18,833,-815
113900185,132,59,73
113900186,17,66,-49
113900187,50,111,-61
113900188,43,144,-101
113900189,269,65,204
113900190,396,134,262
113900191,110,214,-104
113900192,8,237,-229
113900193,35,339,-304
113900194,2880,964,1916
113900195,284,526,-242
113900196,2,114,-112
113900197,5,395,-390
113900198,14,104,-90
113900199,131,752,-621
113900200,11,309,-298
113900201,3,332,-329
113900202,43,326,-283
113900203,1,193,-192
113900204,31,791,-760
113900205,12,150,-138
113900206,9,146,-137
113900207,2,53,-51
113900208,1,78,-77
113900209,0,108,-108
113900210,551,530,21
113900211,134,36,98
113900212,111,836,-725
113900214,337,408,-71
113900215,88,197,-109
113900216,64,1558,-1494
113900217,61,409,-348
113900218,75,26,49
113900219,146,654,-508
113900220,110,93,17
113900221,222,104,118
113900222,405,326,79
113900223,92,1209,-1117
113900224,88,78,10
113900225,920,186,734
113900226,230,119,111
113900227,240,198,42
113900228,233,301,-68
113900229,41,428,-387
113900230,4665,1916,2749
113900231,114,285,-171
113900232,42,77,-35
113900233,24,50,-26
113900234,232,382,-150
113900235,55,23,32
113900236,80,555,-475
113900237,88,5,83
113900238,207,403,-196
113900239,84,65,19
113900240,3,97,-94
113900241,78,72,6
113900242,43,186,-143
113900243,140,489,-349
113900244,510,183,327
113900245,1425,207,1218
113900246,18,15,3
113900247,176,292,-116
113900248,3935,1476,2459
113900249,1521,343,1178
113900250,46,153,-107
113900251,408,257,151
113900252,374,7,367
113900253,571,32,539
113900254,617,124,493
113900255,389,23,366
113900256,319,37,282
113900257,37,1024,-987
113900258,11,777,-766
113900259,354,286,68
113900260,116,5,111
113900261,13,121,-108
113900262,185,1016,-831
113900263,168,670,-502
113900264,1,852,-851
113900265,135,379,-244
113900266,31,341,-310
113900267,136,498,-362
113900268,219,349,-130
113900269,83,127,-44
113900270,420,336,84
113900271,450,1428,-978
113900273,17,4,13
113900274,22,10,12
113900275,31,49,-18
113900276,1,343,-342
113900277,72,3,69
113900278,273,166,107
113900279,100,93,7
113900280,1061,568,493
113900281,410,979,-569
113900282,823,505,318
113900283,253,516,-263
113900284,572,121,451
113900285,126,38,88
113900286,14,111,-97
113900287,25,61,-36
113900288,0,65,-65
113900289,1628,81,1547
113900290,517,164,353
113900291,116,143,-27
113900292,10,10,0
113900293,0,303,-303
113900294,341,27,314
113900295,290,315,-25
113900296,2928,316,2612
113900297,796,48,748
113900298,9,1890,-1881
113900299,33,239,-206
113900300,6812,2517,4295
113900301,1009,366,643
113900302,2833,687,2146
113900303,638,277,361
113900304,1,148,-147
113900305,47,0,47
113900306,36,1,35
113900307,39,0,39
113900308,75,91,-16
113900309,3,1044,-1041
113900310,0,24,-24
113900311,2,0,2
113900312,140,132,8
113900313,23,36,-13
114000001,1100,4612,-3512
114000002,107,622,-515
114000003,16,355,-339
114000004,253,474,-221
114000005,106,232,-126
114000006,2179,2421,-242
114000007,402,1424,-1022
114000008,1115,1129,-14
114000009,308,194,114
114000011,2269,4737,-2468
114000012,1346,3774,-2428
114000013,1222,2890,-1668
114000014,280,517,-237
114000015,929,705,224
114000016,185,550,-365
114000017,117,147,-30
114000018,719,74,645
114000026,825,2055,-1230
114000027,1734,2440,-706
114000028,2013,2211,-198
114000038,108,116,-8
114000039,65,195,-130
114000040,43,113,-70
114000042,123,224,-101
114000043,23,171,-148
114000044,49,73,-24
114000045,26,131,-105
114000046,2066,5198,-3132
114000047,16,56,-40
114000048,146,64,82
114000049,1062,1317,-255
114000050,1222,1403,-181
114000051,2289,1596,693
114000052,2571,948,1623
114000053,48,507,-459
114000054,116,1961,-1845
114000055,128,11,117
114000056,957,623,334
114000057,12671,2594,10077
114000058,450,828,-378
114000059,271,179,92
114000060,398,712,-314
114000061,3375,1648,1727
114000062,2111,951,1160
114000063,3086,1643,1443
114000064,7325,2806,4519
114000065,1730,2537,-807
114000066,340,761,-421
114000067,12,403,-391
114000068,338,445,-107
114000069,583,467,116
114000070,1683,1465,218
114000071,379,566,-187
114000072,143,632,-489
114000073,11,171,-160
114000074,31,18,13
114000075,18,254,-236
114000076,6,283,-277
114000077,11,116,-105
114000078,129,1418,-1289
114000079,45,23,22
114000080,70,85,-15
114000081,36,106,-70
114000082,58,758,-700
114000083,48,323,-275
114000084,145,57,88
114000085,96,1025,-929
114000086,208,847,-639
114000087,32,375,-343
114000088,43,97,-54
114000089,2123,545,1578
114000090,512,488,24
114000091,1542,504,1038
114000092,640,245,395
114000093,623,600,23
114000094,308,432,-124
114000095,89,98,-9
114000096,106,686,-580
114000097,115,1139,-1024
114000098,251,59,192
114000099,259,1282,-1023
114000100,616,970,-354
114000101,284,1392,-1108
114000102,242,356,-114
114000103,102,658,-556
114000104,6,417,-411
114000105,50,37,13
114000106,1407,480,927
114000107,164,99,65
114000108,3673,1461,2212
114000109,315,571,-256
114000110,479,2051,-1572
114000111,784,457,327
114000112,355,2497,-2142
114000113,637,430,207
114000114,1221,1957,-736
114000115,1200,734,466
114000116,387,916,-529
114000117,1484,365,1119
114000118,1347,381,966
114000119,963,351,612
114000120,568,1331,-763
114000121,371,668,-297
114000122,276,272,4
114000123,868,315,553
114000124,586,290,296
114000125,814,2370,-1556
114000126,862,208,654
114000127,130,203,-73
114000128,660,859,-199
114000130,308,571,-263
114000131,122,51,71
114000132,521,861,-340
114000133,659,1585,-926
114000134,44,259,-215
114000138,29,216,-187
114000139,223,101,122
114000144,481,427,54
114000145,61,210,-149
114000146,82,395,-313
114000147,923,1225,-302
114000148,2332,1364,968
114000149,194,215,-21
114000150,718,559,159
114000151,978,829,149
114000152,72,17,55
114000153,736,1171,-435
114000154,471,517,-46
114000155,1000,1785,-785
114000156,682,435,247
114000157,250,931,-681
114000158,2926,609,2317
114000159,172,364,-192
114000160,101,188,-87
114000161,1104,1751,-647
114000162,562,1154,-592
114000163,6,121,-115
114000165,204,134,70
114000166,538,181,357
114000167,5612,1213,4399
114000168,719,667,52
114000169,1791,675,1116
114000170,793,734,59
114000171,690,1737,-1047
114000174,184,486,-302
114000176,698,353,345
114000177,3017,748,2269
114000178,14,57,-43
114000179,1207,793,414
114000180,592,547,45
114000181,1570,2426,-856
114000182,7811,2734,5077
114000183,887,1309,-422
114000184,8906,1696,7210
114000185,794,950,-156
114000189,284,74,210
114000190,1444,215,1229
114000191,31,31,0
114000192,322,2512,-2190
114000193,1223,5062,-3839
114000194,1201,1732,-531
114000195,83,15,68
114000196,2,589,-587
114000197,685,44,641
114000198,1732,440,1292
114000199,2239,1160,1079
114000200,507,3211,-2704
114000201,178,1607,-1429
114000202,788,969,-181
114000203,484,1195,-711
114000204,108,651,-543
114000205,194,2235,-2041
114000206,422,1373,-951
114000207,696,2999,-2303
114000208,450,4756,-4306
114000209,614,4777,-4163
114000210,401,2470,-2069
114000211,885,1923,-1038
114000212,493,941,-448
114000213,978,794,184
114000214,122,230,-108
114000215,133,110,23
114000216,906,397,509
114000217,133,456,-323
114000218,92,399,-307
114000219,718,314,404
114000220,14,2512,-2498
114000221,398,148,250
114000222,223,1804,-1581
114000223,325,84,241
114000224,149,1181,-1032
114000225,160,717,-557
114000226,80,253,-173
114000227,631,555,76
114000228,705,1292,-587
114000229,866,1611,-745
114000230,1499,2100,-601
114000231,790,1415,-625
114000232,318,109,209
114000233,1325,90,1235
114000234,908,1351,-443
114000235,789,1996,-1207
114000236,0,804,-804
114000237,52,1318,-1266
114000238,44,274,-230
114000239,103,1843,-1740
114000240,692,776,-84
114000241,299,1572,-1273
114000242,1186,1401,-215
114000243,1090,1070,20
114000244,579,365,214
114000245,354,649,-295
114000246,222,55,167
114000247,563,872,-309
114000248,599,693,-94
114000249,370,582,-212
114000250,326,722,-396
114000251,197,496,-299
114000252,72,100,-28
114000253,22,356,-334
114000254,17,149,-132
114000255,812,163,649
114000256,1857,935,922
114000257,625,2134,-1509
114000258,116,535,-419
114000259,45,324,-279
114000260,0,38,-38
114000261,31,42,-11
114000262,45,181,-136
114000263,8,2,6
114000264,497,770,-273
114000265,0,0,0
114000267,6,1592,-1586
114000268,9,2827,-2818
114000270,131,15,116
114000271,495,104,391
114000283,539,524,15
114000285,51,418,-367
114000288,48,598,-550
114000289,772,201,571
114000293,67,479,-412
114000294,146,234,-88
114000395,1166,77,1089
114000396,261,440,-179
114000402,285,427,-142
114000403,233,966,-733
114000405,64,725,-661
114000423,143,608,-465
114000424,124,244,-120
114000425,270,681,-411
114000426,291,679,-388
114000427,20,123,-103
114000428,240,145,95
114000429,14,233,-219
114000432,60,223,-163
114000434,11,116,-105
114000435,0,132,-132
114900001,367,2168,-1801
114900002,310,48,262
114900003,315,3008,-2693
114900004,123,203,-80
114900005,275,1241,-966
114900006,23,36,-13
114900007,104,4,100
114900008,54,90,-36
114900010,2496,1562,934
114900011,90,99,-9
114900013,98,82,16
114900015,34,223,-189
114900018,969,75,894
114900020,118,53,65
114900022,3,879,-876
114900024,191,118,73
114900025,199,314,-115
114900026,40,75,-35
114900027,108,292,-184
114900029,32,37,-5
114900030,176,334,-158
114900031,168,29,139
114900032,215,29,186
114900033,1648,305,1343
114900034,26,235,-209
114900035,99,339,-240
114900036,218,1332,-1114
114900037,70,237,-167
114900038,116,1324,-1208
114900039,379,732,-353
114900040,62,406,-344
114900041,397,701,-304
114900042,437,930,-493
114900043,1163,362,801
114900044,97,23,74
114900046,68,124,-56
114900047,272,1198,-926
114900048,64,303,-239
114900049,20,310,-290
114900050,24,771,-747
114900051,10,697,-687
114900052,54,221,-167
114900053,46,280,-234
114900054,41,164,-123
114900057,108,4,104
114900058,0,84,-84
114900059,24,28,-4
114900060,1144,456,688
114900061,98,163,-65
114900062,214,315,-101
114900063,44,304,-260
114900064,663,650,13
114900065,240,594,-354
114900067,14,357,-343
114900068,76,270,-194
114900069,193,200,-7
114900070,256,913,-657
114900072,14,298,-284
114900073,0,183,-183
114900074,217,1495,-1278
114900075,109,0,109
114900076,7,345,-338
114900080,4544,489,4055
114900082,3985,1248,2737
114900083,1009,898,111
114900090,140,189,-49
114900091,97,214,-117
114900095,451,124,327
114900096,407,556,-149
114900097,60,1,59
114900098,5,312,-307
114900099,92,0,92
115000001,11378,7412,3966
115000002,3154,3048,106
115000003,4173,4895,-722
115000004,2488,4455,-1967
115000005,1461,3582,-2121
115000006,593,1428,-835
115000007,85,226,-141
115000008,485,652,-167
115000009,164,589,-425
115000010,243,149,94
115000013,84,205,-121
115000015,81,325,-244
115000016,58,240,-182
115000019,12,392,-380
115000020,198,354,-156
115000021,243,402,-159
115000022,439,346,93
115000023,239,409,-170
115000024,1294,436,858
115000025,690,431,259
115000026,70,405,-335
115000027,206,230,-24
115000028,101,834,-733
115000029,289,151,138
115000030,338,1000,-662
115000031,857,282,575
115000032,10,309,-299
115000033,144,27,117
115000034,167,1024,-857
115000035,969,49,920
115000036,1,354,-353
115000037,324,3,321
115000038,35,285,-250
115000039,3706,2390,1316
115000040,7502,4809,2693
115000041,893,2510,-1617
115000042,518,860,-342
115000043,3123,3096,27
115000044,2809,5623,-2814
115000045,2148,3147,-999
115000046,1349,3292,-1943
115000047,1325,2330,-1005
115000048,1284,3365,-2081
115000049,1493,3475,-1982
115000050,3182,2172,1010
115000051,2245,1954,291
115000052,4368,2197,2171
115000053,1281,1395,-114
115000054,715,1746,-1031
115000055,93,410,-317
115000056,233,234,-1
115000057,359,537,-178
115000058,101,113,-12
115000059,141,122,19
115000061,143,76,67
115000062,163,336,-173
115000063,192,434,-242
115000064,149,161,-12
115000065,45,267,-222
115000067,308,29,279
115000069,65,344,-279
115000070,39,809,-770
115000071,71,8,63
115000072,26,72,-46
115000073,1394,45,1349
115000075,84,86,-2
115000076,4485,4398,87
115000077,1078,4585,-3507
115000078,719,2417,-1698
115000079,1058,3330,-2272
115000080,1549,3677,-2128
115000081,365,1042,-677
115000082,2675,3777,-1102
115000083,1873,4160,-2287
115000084,1172,1399,-227
115000085,470,1119,-649
115000086,711,1381,-670
115000087,524,1559,-1035
115000088,1928,722,1206
115000089,1610,1577,33
115000090,761,816,-55
115000091,503,1387,-884
115000092,256,393,-137
115000093,424,0,424
115000094,11315,5180,6135
115000095,8180,4591,3589
115000096,474,2954,-2480
115000097,641,786,-145
115000098,639,964,-325
115000099,1494,5388,-3894
115000100,592,765,-173
115000101,403,1821,-1418
115000102,305,194,111
115000103,368,1093,-725
115000105,42,273,-231
115000106,270,292,-22
115000107,141,618,-477
115000108,4837,2752,2085
115000109,7170,2817,4353
115000110,1143,895,248
115000111,651,1430,-779
115000112,478,462,16
115000113,526,715,-189
115000114,1475,676,799
115000116,3756,1455,2301
115000117,4499,1899,2600
115000118,1374,1434,-60
115000119,1406,1751,-345
115000120,520,878,-358
115000121,1226,759,467
115000122,2952,1183,1769
115000123,1766,1367,399
115000124,701,1056,-355
115000125,348,605,-257
115000126,116,212,-96
115000127,361,140,221
115000128,1539,827,712
115000129,253,243,10
115000130,265,1344,-1079
115000131,450,257,193
115000132,147,831,-684
115000133,335,408,-73
115000134,66,245,-179
115000135,95,318,-223
115000136,116,234,-118
115000137,104,246,-142
115000138,229,266,-37
115000139,215,269,-54
115000140,152,210,-58
115000141,138,429,-291
115000142,88,391,-303
115000143,420,560,-140
115000144,340,79,261
115000145,197,577,-380
115000146,256,279,-23
115000147,397,532,-135
115000148,278,2052,-1774
115000149,354,244,110
115000150,599,1594,-995
115000151,571,516,55
115000152,527,2282,-1755
115000153,810,466,344
115000154,529,346,183
115000155,499,1493,-994
115000156,1253,626,627
115000157,987,1107,-120
115000158,588,366,222
115000159,841,325,516
115000160,670,279,391
115000161,144,672,-528
115000162,610,516,94
115000163,751,688,63
115000164,644,667,-23
115000165,325,391,-66
115000167,133,77,56
115000168,631,230,401
115000169,734,268,466
115000170,172,125,47
115000171,324,130,194
115000172,2445,601,1844
115000173,313,332,-19
115000174,100,225,-125
115000175,156,68,88
115000176,136,42,94
115000177,134,35,99
115000178,8,272,-264
115000179,39,11,28
115000180,60,871,-811
115000181,352,172,180
115000182,379,576,-197
115000183,206,1314,-1108
115000186,539,267,272
115000187,154,777,-623
115000188,347,533,-186
115000189,224,421,-197
115000190,944,550,394
115000191,320,459,-139
115000194,157,157,0
115000195,291,259,32
115000196,44,185,-141
115000197,109,460,-351
115000198,123,349,-226
115000199,159,433,-274
115000200,174,131,43
115000201,120,488,-368
115000206,183,100,83
115000207,48,396,-348
115000208,784,819,-35
115000209,341,184,157
115000210,79,86,-7
115000211,164,246,-82
115000212,1795,266,1529
115000224,287,64,223
115000225,49,70,-21
115000229,299,176,123
115000230,116,741,-625
115000231,269,3323,-3054
115000232,972,429,543
115000233,159,209,-50
115000234,11,277,-266
115000241,52,309,-257
115000242,71,406,-335
115000243,15,327,-312
115000244,2,115,-113
115000246,50,22,28
115000247,31,11,20
115000248,24,23,1
115000249,45,20,25
115000250,285,57,228
115000251,135,166,-31
115000252,36,175,-139
115000253,5,291,-286
115000258,232,294,-62
115000259,398,141,257
115000261,10,42,-32
115000262,9,17,-8
115000263,9,63,-54
115000264,16,46,-30
115000267,53,80,-27
115000268,17,162,-145
115000269,126,78,48
115000270,2,25,-23
115000272,26,195,-169
115000273,201,39,162
115000280,1734,127,1607
115000281,476,215,261
115000282,1271,354,917
115000284,241,112,129
115000296,651,5,646
115000297,181,80,101
115000298,59,167,-108
115000300,93,238,-145
115000302,312,218,94
115000303,515,158,357
115000304,406,129,277
115000305,47,1504,-1457
115000306,101,822,-721
115000307,41,425,-384
115000308,92,30,62
115000309,17,22,-5
115000310,674,1348,-674
115000311,470,2116,-1646
115000313,145,985,-840
115000314,299,84,215
115000315,1262,454,808
115000316,51,66,-15
115000317,140,910,-770
115000318,497,266,231
115000319,59,360,-301
115000320,15,262,-247
115000321,420,11,409
115000322,39,322,-283
115000449,410,164,246
115000557,1,710,-709
115000558,191,76,115
115000587,311,335,-24
115000588,2340,4696,-2356
115000589,2778,3366,-588
115000590,634,1774,-1140
115000591,790,724,66
115000592,473,1837,-1364
115000593,999,605,394
115000594,662,1862,-1200
115000609,104,230,-126
115000617,2095,1774,321
115000624,121,91,30
115000633,324,1621,-1297
115000634,2609,756,1853
115000635,223,101,122
115000638,1976,800,1176
115000641,106,102,4
115000642,285,265,20
115000643,65,534,-469
115000644,129,408,-279
115000646,567,1170,-603
115000647,123,486,-363
115000648,969,2070,-1101
115000893,3198,1442,1756
115000894,81,1065,-984
115000895,404,870,-466
115000896,1421,312,1109
115000897,441,121,320
115000898,646,224,422
115000899,1134,1252,-118
115000900,201,460,-259
115000901,78,137,-59
115000912,185,102,83
115000913,0,47,-47
115000915,36,0,36
115000916,5,1,4
115000917,1,3,-2
115000918,62,237,-175
115000919,25,5,20
115000920,51,65,-14
115000921,1570,116,1454
115000922,1562,647,915
115000923,527,838,-311
115000925,44,84,-40
115000927,31,36,-5
115000933,423,148,275
115000934,102,214,-112
115000935,74,101,-27
115000936,39,368,-329
115000937,1391,146,1245
115000938,151,215,-64
115000939,96,118,-22
115000940,4,21,-17
115000941,6,24,-18
115000942,111,110,1
115000943,78,15,63
115000944,6,5,1
115900001,34,110,-76
115900002,83,281,-198
115900003,78,176,-98
115900004,2,82,-80
115900005,98,9,89
115900006,66,717,-651
115900008,25,14,11
115900009,60,524,-464
115900010,132,237,-105
115900011,188,286,-98
115900012,61,103,-42
115900013,273,156,117
115900014,76,176,-100
115900015,46,127,-81
115900016,52,27,25
115900017,1,0,1
115900018,123,107,16
115900019,558,27,531
115900020,5,1,4
115900021,1674,113,1561
115900022,3555,22,3533
115900023,17,1,16
115900025,24,212,-188
115900026,808,409,399
115900027,1,564,-563
115900028,592,78,514
115900029,4,745,-741
115900030,4,54,-50
115900031,329,202,127
115900032,223,999,-776
115900033,0,63,-63
115900034,39,777,-738
115900035,20,44,-24
115900036,449,372,77
115900037,25,575,-550
115900038,38,6,32
115900039,83,508,-425
115900041,445,409,36
115900042,18,2,16
115900043,94,168,-74
115900044,291,184,107
115900046,182,285,-103
115900047,95,75,20
115900049,83,291,-208
115900051,1,71,-70
115900052,17,344,-327
115900053,79,350,-271
115900054,76,68,8
115900055,12,178,-166
115900056,77,402,-325
115900057,12,5,7
115900058,23,78,-55
115900060,30,139,-109
115900061,82,0,82
115900062,27,354,-327
115900063,45,7,38
115900064,123,273,-150
115900065,61,128,-67
115900066,232,227,5
115900067,7,1269,-1262
115900068,4351,251,4100
115900069,32,205,-173
115900070,107,299,-192
115900071,2,985,-983
115900072,52,275,-223
115900073,19,52,-33
115900074,1,484,-483
115900075,7,352,-345
115900076,3,109,-106
115900077,2,430,-428
115900078,23,152,-129
115900079,131,22,109
115900080,622,351,271
115900081,4,128,-124
115900082,148,123,25
115900084,155,34,121
115900085,47,49,-2
115900086,2044,449,1595
115900088,32,29,3
115900089,160,888,-728
115900090,144,47,97
115900091,3,17,-14
115900092,28,373,-345
115900093,2,29,-27
115900094,2,630,-628
115900096,1,13,-12
115900097,10,739,-729
115900098,85,880,-795
115900099,16,105,-89
115900100,9,719,-710
115900101,89,638,-549
115900102,44,111,-67
115900103,228,380,-152
115900104,32,236,-204
115900105,78,910,-832
115900106,36,33,3
115900107,17,216,-199
115900108,49,30,19
115900109,23,522,-499
115900110,0,24,-24
115900111,1,81,-80
115900112,24,1351,-1327
115900113,18,31,-13
115900114,0,190,-190
115900115,38,154,-116
115900116,56,1317,-1261
115900117,41,25,16
115900118,4,468,-464
115900119,82,99,-17
115900120,28,478,-450
115900121,91,280,-189
115900124,118,355,-237
115900125,184,33,151
115900126,356,37,319
115900127,368,39,329
115900128,3,88,-85
115900129,361,48,313
115900130,50,243,-193
115900131,103,40,63
115900132,258,11,247
115900134,234,6,228
115900135,687,641,46
115900137,31,2,29
115900139,36,39,-3
115900140,107,16,91
115900141,11,34,-23
115900142,18,19,-1
115900143,155,347,-192
115900144,51,260,-209
115900146,4,166,-162
115900147,267,170,97
115900148,17,3,14
115900149,41,43,-2
115900150,36,108,-72
115900151,9,79,-70
115900152,83,593,-510
115900153,76,304,-228
115900154,981,345,636
115900155,0,123,-123
115900156,515,750,-235
115900157,117,464,-347
115900158,48,11,37
115900159,55,347,-292
115900160,3,8,-5
115900161,27,217,-190
115900163,90,173,-83
115900164,260,48,212
115900166,165,387,-222
115900168,74,178,-104
115900171,68,565,-497
115900172,43,159,-116
115900173,151,149,2
115900174,459,181,278
115900175,65,165,-100
115900178,4,941,-937
115900179,162,20,142
115900180,55,520,-465
115900181,89,336,-247
115900182,248,416,-168
115900183,57,23,34
115900184,1570,14,1556
115900187,15,155,-140
115900189,1,139,-138
115900190,345,1002,-657
115900191,29,598,-569
115900192,8,83,-75
115900193,62,77,-15
115900194,297,62,235
115900195,500,791,-291
115900198,128,309,-181
115900199,169,327,-158
115900200,228,456,-228
115900201,244,231,13
115900202,1,12,-11
115900203,0,5,-5
115900204,0,2,-2
115900205,26,9,17
115900206,109,151,-42
115900207,15,26,-11
115900208,65,552,-487
115900209,1,196,-195
115900210,1,178,-177
115900211,3,224,-221
115900212,85,309,-224
115900213,49,28,21
115900214,196,312,-116
115900215,29,36,-7
115900216,5,92,-87
115900217,1,110,-109
115900218,0,58,-58
115900219,34,1,33
115900220,69,8,61
115900221,46,16,30
115900222,41,15,26
115900223,14,108,-94
115900224,2118,398,1720
115900225,61,26,35
115900226,6,59,-53
115900227,3,49,-46
115900228,23,64,-41
115900229,8,75,-67
115900230,35,146,-111
115900231,94,3,91
115900232,16,3,13
115900233,36,23,13
115900234,35,19,16
115900235,4,22,-18
115900236,4,6,-2
115900237,5,49,-44
115900238,5,21,-16
115900239,3,21,-18
115900240,7,67,-60
115900241,105,96,9
115900242,239,237,2
115900243,7,7,0
115900244,1,28,-27
115900245,44,9,35
115900246,5,0,5
115900247,12,21,-9
115900248,9,1,8
115900249,2,8,-6
115900250,1,6,-5
115900251,1,4,-3
115900252,0,1,-1
115900253,2,13,-11
115900254,17,49,-32
115900255,6,10,-4
115900256,14,12,2
115900257,4,2,2
115900258,0,0,0
115900259,1,0,1
115900260,8,3,5
115900261,2,0,2
115900262,0,2,-2
115900263,2,7,-5
115900264,1,6,-5
115900265,3,5,-2
115900266,3,4,-1
115900267,4,4,0
115900268,4,4,0
115900269,212,407,-195
115900270,206,1174,-968
115900271,45,0,45
115900272,18,0,18
115900273,7,10,-3
115900274,4,17,-13
115900275,1,47,-46
115900276,1,111,-110
115900277,1,219,-218
115900278,13,151,-138
115900279,6,192,-186
115900280,18,206,-188
115900281,618,153,465
115900282,20,15,5
115900283,6,9,-3
115900284,3,9,-6
116000001,17709,5835,11874
116000002,3295,5659,-2364
116000003,1191,2042,-851
116000004,1714,1839,-125
116000005,3241,4298,-1057
116000006,2112,1067,1045
116000007,3504,5699,-2195
116000008,2014,1752,262
116000009,1899,3223,-1324
116000010,1353,1002,351
116000011,830,2090,-1260
116000012,607,621,-14
116000013,22120,5066,17054
116000014,23870,9451,14419
116000015,428,745,-317
116000016,9403,2110,7293
116000017,19,481,-462
116000018,706,434,272
116000019,422,314,108
116000020,330,1537,-1207
116000021,283,299,-16
116000022,167,704,-537
116000023,666,606,60
116000024,570,1758,-1188
116000025,780,535,245
116000026,1467,2036,-569
116000027,456,575,-119
116000028,342,448,-106
116000029,719,436,283
116000030,547,331,216
116000031,48,192,-144
116000032,307,174,133
116000033,262,633,-371
116000034,379,991,-612
116000035,339,374,-35
116000036,2139,546,1593
116000037,731,569,162
116000038,925,380,545
116000039,715,207,508
116000040,1781,204,1577
116000041,287,452,-165
116000042,370,208,162
116000043,36,441,-405
116000044,28,303,-275
116000045,1418,1089,329
116000046,1020,869,151
116000047,1936,1730,206
116000048,1806,1543,263
116000049,771,1797,-1026
116000050,1000,1228,-228
116000051,3069,1561,1508
116000052,3003,3174,-171
116000053,1220,1084,136
116000054,522,1845,-1323
116000055,377,1224,-847
116000056,557,1099,-542
116000057,2384,1977,407
116000058,2418,1531,887
116000059,2204,4339,-2135
116000060,2578,875,1703
116000061,701,763,-62
116000062,809,282,527
116000063,598,1144,-546
116000066,111,482,-371
116000067,187,680,-493
116000068,153,270,-117
116000069,229,424,-195
116000078,298,975,-677
116000080,1157,1188,-31
116000082,10,131,-121
116000083,864,349,515
116000084,2579,4935,-2356
116000085,1371,1164,207
116000086,3306,1708,1598
116000087,960,1158,-198
116000088,762,1484,-722
116000089,136,145,-9
116000090,142,173,-31
116000091,105,130,-25
116000093,377,1334,-957
116000094,304,784,-480
116000095,376,1176,-800
116000096,524,1040,-516
116000097,347,1286,-939
116000098,364,3359,-2995
116000099,14419,494,13925
116000100,63,4,59
116000101,360,2322,-1962
116000102,212,2034,-1822
116000103,207,226,-19
116000104,129,2582,-2453
116000105,588,219,369
116000106,152,1626,-1474
116000107,775,589,186
116000108,48,309,-261
116000111,96,13,83
116000113,46,72,-26
116000114,26,114,-88
116000115,105,97,8
116000116,137,595,-458
116000117,1016,2888,-1872
116000118,985,2083,-1098
116000119,1693,2166,-473
116000120,2592,5902,-3310
116000121,516,475,41
116000122,1322,2991,-1669
116000123,312,605,-293
116000124,235,1461,-1226
116000125,1530,628,902
116000126,176,1642,-1466
116000127,1128,2061,-933
116000128,1054,887,167
116000129,579,201,378
116000130,258,257,1
116000133,376,1319,-943
116000134,1350,4015,-2665
116000135,1168,1548,-380
116000136,824,3338,-2514
116000137,468,615,-147
116000138,803,471,332
116000139,1439,2412,-973
116000140,176,324,-148
116000141,426,1516,-1090
116000142,4332,5121,-789
116000143,1832,1721,111
116000144,883,3797,-2914
116000145,1277,1938,-661
116000146,226,626,-400
116000147,356,149,207
116000148,337,402,-65
116000149,298,511,-213
116000151,623,1358,-735
116000153,80,923,-843
116000155,322,345,-23
116000156,412,1652,-1240
116000157,34,38,-4
116000158,297,225,72
116000159,9,18,-9
116000160,7,147,-140
116000161,4,110,-106
116000162,35,69,-34
116000163,19,8,11
116000164,2,15,-13
116000177,26,159,-133
116000194,111,382,-271
116000195,1881,839,1042
116000196,10,8,2
116000197,3,7,-4
116000198,3441,1017,2424
116000200,699,208,491
116000201,640,669,-29
116000202,9,511,-502
116000203,1,134,-133
116000204,8,75,-67
116000205,0,199,-199
116000206,3,116,-113
116000207,4,45,-41
116000233,121,1241,-1120
116000287,71,688,-617
116000288,107,342,-235
116000292,31,164,-133
116000296,34,334,-300
116000297,46,27,19
116000304,29,22,7
116000305,25,124,-99
116000346,173,221,-48
116000352,74,59,15
116000354,54,36,18
116000357,13,9,4
116000358,144,42,102
116000361,607,5,602
116000372,13147,2849,10298
116000381,116,0,116
116000388,0,32,-32
116000389,473,603,-130
116000445,211,870,-659
116000446,263,1882,-1619
116000447,9,442,-433
116000448,592,425,167
116000563,784,535,249
116000565,114,436,-322
116000568,33,167,-134
116000579,17,145,-128
116000584,11,12,-1
116000585,14,8,6
116000586,227,90,137
116000587,271,539,-268
116000589,28,97,-69
116000590,50,82,-32
116000591,96,431,-335
116000592,12,134,-122
116000593,3,129,-126
116000594,273,625,-352
116000595,395,172,223
116000596,48,9,39
116000597,191,57,134
116000598,15,203,-188
116000605,360,175,185
116000606,41,162,-121
116000607,0,54,-54
116000609,217,751,-534
116000611,111,614,-503
116000612,510,2026,-1516
116000613,323,398,-75
116000614,518,1108,-590
116000615,1,152,-151
116000616,46,162,-116
116000617,33,166,-133
116000618,0,230,-230
116000619,8,31,-23
116000620,53,49,4
116000621,16,80,-64
116000622,21,128,-107
116000624,42,93,-51
116000627,18,114,-96
116000628,57,2251,-2194
116000629,50,1076,-1026
116000630,228,91,137
116000631,115,105,10
116000632,314,385,-71
116000633,91,741,-650
116000634,200,355,-155
116000635,3608,1549,2059
116000636,2105,964,1141
116000637,172,143,29
116000638,64,772,-708
116000640,8,13,-5
116000641,132,192,-60
116000644,20,1683,-1663
116900001,129,129,0
116900002,302,4,298
116900003,7,108,-101
116900004,19,68,-49
116900005,158,40,118
116900006,299,99,200
116900007,64,204,-140
116900008,150,770,-620
116900009,4,4,0
116900010,4,2308,-2304
116900011,5,45,-40
116900012,86,256,-170
116900013,7,207,-200
116900014,65,410,-345
116900015,143,125,18
116900016,64,0,64
116900017,5,981,-976
116900018,24,39,-15
116900019,1,579,-578
116900020,2073,309,1764
116900023,28,24,4
116900024,209,140,69
116900025,443,1377,-934
116900026,200,1065,-865
116900027,19,54,-35
116900028,1,178,-177
116900029,5,14,-9
116900031,0,13,-13
116900032,4,535,-531
116900033,5,12,-7
116900034,2,101,-99
116900035,74,312,-238
116900036,0,91,-91
116900038,17,1,16
116900041,20,15,5
116900042,1196,229,967
116900043,7,112,-105
116900047,143,42,101
116900049,44,380,-336
116900050,63,747,-684
116900051,44,439,-395
116900052,185,95,90
116900055,0,2,-2
116900057,17,415,-398
116900058,27,619,-592
116900059,0,354,-354
116900060,278,341,-63
116900062,0,8,-8
116900064,46,1522,-1476
116900065,9,146,-137
116900067,40,204,-164
116900068,66,303,-237
116900070,0,4,-4
116900072,7,613,-606
116900073,3,283,-280
116900074,8,53,-45
116900076,7,43,-36
116900077,12,398,-386
116900078,278,182,96
116900079,17,560,-543
116900080,5,11,-6
116900081,252,2240,-1988
116900082,176,809,-633
116900083,51,96,-45
116900084,268,70,198
116900085,12,267,-255
116900086,18,342,-324
116900088,471,57,414
116900090,113,86,27
116900091,136,74,62
116900092,56,1237,-1181
116900093,1571,2365,-794
116900094,6302,2412,3890
116900095,558,318,240
116900096,80,152,-72
116900097,5955,1927,4028
116900098,778,186,592
116900099,494,504,-10
116900100,444,18,426
116900101,219,730,-511
116900103,9,0,9
116900104,26,90,-64
116900105,202,85,117
116900106,727,751,-24
116900107,5379,1157,4222
116900110,11,0,11
116900111,202,1721,-1519
116900112,131,1733,-1602
116900113,5046,1086,3960
116900116,122,238,-116
116900117,8,84,-76
116900118,1115,705,410
116900120,95,183,-88
116900121,25,59,-34
116900122,311,1113,-802
116900123,70,1429,-1359
116900124,129,1330,-1201
116900125,150,386,-236
116900126,331,664,-333
116900128,0,55,-55
116900129,1,327,-326
116900130,1363,1772,-409
116900131,44,166,-122
116900132,13,72,-59
116900133,52,91,-39
116900134,158,198,-40
116900136,76,126,-50
116900137,330,211,119
116900138,89,292,-203
116900139,55,451,-396
116900140,83,152,-69
116900141,358,235,123
116900142,4,33,-29
116900143,137,516,-379
116900144,13,51,-38
116900145,121,490,-369
116900147,823,327,496
116900148,2,25,-23
116900149,15,109,-94
116900150,19,5,14
116900151,50,17,33
116900153,44,55,-11
116900154,450,229,221
116900155,47,53,-6
116900157,253,360,-107
116900158,142,111,31
116900159,23,225,-202
116900160,537,239,298
116900161,10268,3579,6689
116900162,1,226,-225
116900163,62,229,-167
116900164,56,26,30
116900165,127,123,4
116900166,5,122,-117
116900167,225,88,137
116900168,171,128,43
116900169,1034,252,782
116900170,104,282,-178
116900171,19,260,-241
116900172,253,98,155
116900173,76,64,12
116900174,10,25,-15
116900175,256,89,167
116900178,32,195,-163
116900179,56,129,-73
116900180,74,33,41
116900182,294,149,145
116900183,107,84,23
116900185,9,20,-11
116900186,74,375,-301
116900187,5,20,-15
116900188,84,16,68
116900189,30,0,30
116900191,270,326,-56
116900192,110,291,-181
116900194,87,582,-495
116900195,10,11,-1
116900196,20,168,-148
116900197,47,2,45
116900198,305,165,140
116900200,19,28,-9
116900201,42,7,35
116900202,96,73,23
116900203,37,2,35
116900204,36,81,-45
116900206,2,60,-58
116900207,21,32,-11
116900208,22,150,-128
116900209,12,205,-193
116900210,285,182,103
116900211,196,10,186
116900212,12,96,-84
116900213,144,324,-180
116900214,75,157,-82
116900215,31,98,-67
116900216,332,352,-20
116900218,2,391,-389
116900219,818,275,543
116900220,37,187,-150
116900221,39,223,-184
116900222,286,203,83
116900223,82,142,-60
116900226,30,71,-41
116900227,83,87,-4
116900228,211,326,-115
116900230,49,457,-408
116900231,44,635,-591
116900232,10,904,-894
116900233,210,119,91
116900234,3,1,2
116900235,156,338,-182
116900238,1667,559,1108
116900239,11,958,-947
116900240,8377,2331,6046
116900241,18,178,-160
116900242,2116,259,1857
116900243,1,69,-68
116900245,30,6,24
116900246,44,16,28
116900247,288,26,262
116900248,48,17,31
116900249,124,184,-60
116900250,158,41,117
116900251,567,173,394
116900252,47,1609,-1562
116900253,80,172,-92
116900254,7,121,-114
116900255,52,38,14
116900256,158,128,30
116900257,4,923,-919
116900258,2,356,-354
116900259,54,12,42
116900260,4,130,-126
116900261,35,2,33
116900262,91,86,5
116900263,0,6,-6
116900264,40,33,7
116900265,24,0,24
116900266,7,169,-162
116900267,1,1,0
116900268,15,2,13
116900269,244,529,-285
116900271,1456,119,1337
116900272,522,795,-273
116900273,456,65,391
116900274,74,152,-78
116900275,75,200,-125
116900276,1511,48,1463
116900277,657,9,648
116900278,14,13,1
116900279,0,33,-33
116900280,8,52,-44
116900281,10616,2103,8513
116900282,6,282,-276
116900283,12,318,-306
116900284,20,313,-293
116900285,476,571,-95
116900286,207,7,200
116900287,3,135,-132
116900288,34,207,-173
116900289,13,39,-26
116900290,2,88,-86
116900291,1,10,-9
116900292,0,9,-9
116900293,25,109,-84
116900294,34,121,-87
116900295,405,47,358
116900296,86,88,-2
116900297,8,110,-102
116900298,166,33,133
116900299,73,34,39
116900300,2,149,-147
116900301,130,111,19
116900302,111,55,56
116900303,648,93,555
116900304,0,188,-188
116900305,40,72,-32
116900306,42,241,-199
116900307,33,0,33
116900308,2,364,-362
116900309,40,221,-181
117000001,1514,1407,107
117000002,2373,5835,-3462
117000003,9146,2714,6432
117000004,5591,7820,-2229
117000005,1726,1397,329
117000006,1346,6694,-5348
117000007,2672,1245,1427
117000008,1643,7263,-5620
117000009,3896,1709,2187
117000010,3067,7061,-3994
117000011,1384,2242,-858
117000012,1252,2833,-1581
117000013,1391,1460,-69
117000014,1189,3514,-2325
117000015,3794,1308,2486
117000016,771,40,731
117000017,809,248,561
117000018,218,302,-84
117000019,472,10,462
117000020,830,992,-162
117000021,4297,819,3478
117000022,934,56,878
117000023,1391,211,1180
117000024,945,75,870
117000025,1949,522,1427
117000026,5653,723,4930
117000027,2534,1403,1131
117000028,3658,754,2904
117000030,883,697,186
117000031,331,305,26
117000032,2480,1498,982
117000033,1509,940,569
117000034,321,503,-182
117000035,265,290,-25
117000036,475,527,-52
117000037,350,228,122
117000038,439,748,-309
117000039,510,364,146
117000040,153,1928,-1775
117000041,442,172,270
117000044,32,2032,-2000
117000045,397,59,338
117000046,698,1198,-500
117000047,930,391,539
117000048,2911,2733,178
117000049,115,469,-354
117000050,94,3610,-3516
117000051,1271,177,1094
117000052,19,893,-874
117000053,186,102,84
117000054,1116,11,1105
117000055,32,5185,-5153
117000056,394,26,368
117000057,689,3022,-2333
117000060,386,2077,-1691
117000061,1488,980,508
117000062,193,804,-611
117000063,1722,864,858
117000064,1030,1536,-506
117000066,1193,965,228
117000067,263,326,-63
117000074,135,227,-92
117000076,85,52,33
117000077,108,101,7
117000078,161,886,-725
117000079,208,173,35
117000080,1,610,-609
117000081,865,112,753
117000082,32,81,-49
117000083,131,14,117
117000084,334,6,328
117000085,142,575,-433
117000086,1109,944,165
117000087,133,763,-630
117000088,277,277,0
117000089,1088,377,711
117000090,309,2265,-1956
117000091,454,286,168
117000092,339,2366,-2027
117000093,839,739,100
117000094,1022,4013,-2991
117000095,2345,824,1521
117000096,514,3892,-3378
117000097,1007,1283,-276
117000098,3239,8018,-4779
117000099,2303,937,1366
117000100,162,153,9
117000101,214,1769,-1555
117000102,1288,659,629
117000103,1041,2697,-1656
117000104,1088,529,559
117000105,987,2589,-1602
117000106,1025,930,95
117000107,557,2713,-2156
117000108,1350,1044,306
117000109,2720,3639,-919
117000110,1134,708,426
117000111,4689,6725,-2036
117000112,2398,2738,-340
117000113,68,497,-429
117000114,133,259,-126
117000115,48,253,-205
117000116,128,363,-235
117000117,1874,411,1463
117000118,550,192,358
117000119,637,65,572
117000120,695,192,503
117000121,156,793,-637
117000122,749,1228,-479
117000123,2548,26,2522
117000124,931,42,889
117000125,888,60,828
117000126,122,59,63
117000127,316,498,-182
117000128,596,847,-251
117000129,1159,385,774
117000130,137,3,134
117000131,0,335,-335
117000132,1019,10,1009
117000133,718,98,620
117000134,2,49,-47
117000135,4,17,-13
117000136,0,45,-45
117000137,83,73,10
117000138,2,676,-674
117000140,609,2190,-1581
117000141,1665,636,1029
117000181,1474,589,885
117000182,367,236,131
117000195,151,1810,-1659
117000196,114,61,53
117000225,349,10,339
117000226,7,212,-205
117000276,101,5,96
117000277,2,877,-875
117000310,3075,3794,-719
117000315,42,1426,-1384
117000320,102,1,101
117000906,206,19,187
117000907,13,646,-633
117000909,67,30,37
117000910,167,130,37
117000911,110,227,-117
117000915,20,1028,-1008
117000916,12,2,10
117000917,505,11,494
117000918,43,74,-31
117000919,11,240,-229
117000920,6,2335,-2329
117000921,10,2931,-2921
117000922,111,175,-64
117000924,520,782,-262
117000926,1379,90,1289
117000927,1794,465,1329
117000928,0,489,-489
117000929,90,1141,-1051
117000930,81,3,78
117000931,514,164,350
117900002,326,519,-193
117900003,807,515,292
117900005,7,36,-29
117900006,0,41,-41
117900007,113,215,-102
117900008,0,87,-87
117900010,394,164,230
117900011,58,11,47
117900012,55,315,-260
117900013,2,607,-605
117900014,907,363,544
117900015,45,412,-367
117900016,1972,479,1493
117900017,466,780,-314
117900018,375,55,320
117900019,319,778,-459
117900020,43,280,-237
117900021,37,174,-137
117900022,19,6,13
117900023,849,400,449
117900024,118,224,-106
117900025,19,8,11
117900026,258,947,-689
117900028,134,3,131
117900029,172,1812,-1640
117900030,256,190,66
117900031,323,200,123
117900032,498,388,110
117900033,163,1330,-1167
117900034,51,73,-22
117900035,100,40,60
117900036,196,988,-792
117900037,62,110,-48
117900038,28,522,-494
117900039,4,116,-112
117900040,73,868,-795
117900041,3,74,-71
117900042,6075,517,5558
117900043,48,81,-33
117900044,90,3981,-3891
117900045,154,128,26
117900048,165,365,-200
117900049,79,1357,-1278
117900050,28,78,-50
117900051,53,4,49
117900052,69,273,-204
117900053,703,733,-30
117900054,3,10,-7
117900055,209,330,-121
117900056,318,45,273
117900057,761,1426,-665
117900058,184,17,167
117900059,681,73,608
117900060,820,6961,-6141
117900061,11,279,-268
117900063,229,321,-92
117900065,564,1356,-792
117900066,6,36,-30
117900067,312,516,-204
117900069,520,660,-140
117900070,477,6,471
117900071,102,216,-114
117900073,242,757,-515
117900074,325,13,312
117900075,64,68,-4
117900076,20,57,-37
117900077,154,97,57
117900078,141,406,-265
117900080,333,47,286
117900081,492,539,-47
117900082,250,237,13
117900083,235,1304,-1069
117900086,154,34,120
117900087,38,67,-29
117900088,2798,2486,312
117900089,1027,363,664
117900090,473,1626,-1153
117900091,302,191,111
117900092,65,39,26
117900093,24,94,-70
117900094,14,6,8
117900095,453,1101,-648
117900096,60,327,-267
117900097,44,111,-67
117900098,16,3,13
117900099,190,606,-416
117900100,110,1,109
117900101,477,899,-422
117900102,19,40,-21
117900103,11,1,10
117900104,20,207,-187
117900105,139,312,-173
117900106,44,65,-21
117900107,9,0,9
117900109,269,267,2
117900110,18,0,18
117900111,167,10,157
117900112,44,15,29
117900113,5977,2377,3600
117900114,7,0,7
117900115,412,66,346
117900116,964,1060,-96
117900117,183,370,-187
117900118,22,0,22
117900119,71,399,-328
117900120,84,202,-118
117900121,47,27,20
117900122,1341,1379,-38
117900123,1058,1208,-150
117900124,443,772,-329
117900125,1098,1004,94
117900126,245,806,-561
117900127,361,1012,-651
117900128,205,1611,-1406
117900129,28,1,27
117900130,748,509,239
117900131,2,120,-118
117900132,14,103,-89
117900133,3,173,-170
117900134,26,196,-170
117900135,30,275,-245
117900136,0,97,-97
117900137,26,396,-370
117900138,0,45,-45
117900139,33,207,-174
117900140,7558,486,7072
117900141,332,462,-130
117900142,65,18,47
117900144,184,150,34
117900145,59,41,18
117900146,509,104,405
117900147,75,102,-27
117900148,4176,863,3313
117900149,40,189,-149
117900150,18,108,-90
117900151,58,201,-143
117900152,147,158,-11
117900153,23,143,-120
117900154,457,1191,-734
117900156,1000,1213,-213
117900157,139,536,-397
117900158,78,61,17
117900160,312,281,31
117900161,2832,3305,-473
117900162,337,547,-210
117900163,188,23,165
117900165,0,16,-16
117900166,103,269,-166
117900168,28,189,-161
117900169,1,121,-120
117900170,1,39,-38
117900171,2,23,-21
117900172,6,34,-28
117900173,148,62,86
117900174,9,59,-50
117900175,3,59,-56
117900176,3,53,-50
117900177,5,88,-83
117900178,82,48,34
117900180,321,54,267
117900181,245,234,11
117900182,7,22,-15
117900183,22,163,-141
117900184,6,33,-27
117900185,17,36,-19
117900186,37,9,28
117900187,6,19,-13
117900188,156,34,122
117900189,66,10,56
117900190,3,0,3
117900191,55,3,52
117900192,111,1,110
117900193,1,50,-49
117900194,11,2,9
117900195,1,22,-21
117900196,7,10,-3
117900207,187,79,108
117900208,11,36,-25
117900209,180,224,-44
117900210,135,196,-61
117900211,5,229,-224
117900212,46,197,-151
117900213,12,9,3
117900214,2,84,-82
117900215,6,87,-81
117900216,120,9,111
117900217,207,88,119
117900218,472,422,50
117900219,11,68,-57
117900220,269,88,181
117900222,148,286,-138
117900223,112,264,-152
118000001,757,498,259
118000002,1278,1774,-496
118000003,3068,1760,1308
118000004,3473,2003,1470
118000005,4796,3120,1676
118000006,6570,8582,-2012
118000007,7072,2004,5068
118000008,5921,2861,3060
118000009,2685,2687,-2
118000010,2813,4043,-1230
118000011,834,3159,-2325
118000012,1042,3644,-2602
118000013,3770,3701,69
118000014,1835,4390,-2555
118000016,152,479,-327
118000017,217,353,-136
118000018,222,621,-399
118000019,1905,1370,535
118000020,1022,1413,-391
118000021,862,1915,-1053
118000022,1848,717,1131
118000023,1034,303,731
118000024,1419,799,620
118000027,16101,7988,8113
118000029,933,571,362
118000032,1251,2879,-1628
118000033,2297,2718,-421
118000034,4959,2006,2953
118000035,1264,1808,-544
118000036,1526,1113,413
118000037,655,997,-342
118000038,103,163,-60
118000039,99,720,-621
118000040,1157,2906,-1749
118000041,1980,1812,168
118000045,844,75,769
118000046,2371,443,1928
118000047,2618,460,2158
118000048,4604,1194,3410
118000051,2115,576,1539
118000052,1788,363,1425
118000053,1273,585,688
118000054,3214,2031,1183
118000055,2365,2208,157
118000056,291,327,-36
118000057,227,443,-216
118000058,3573,1158,2415
118000059,2508,656,1852
118000060,730,790,-60
118000061,574,1584,-1010
118000062,545,333,212
118000063,254,385,-131
118000064,1054,1264,-210
118000065,4814,1955,2859
118000066,1010,1342,-332
118000067,1324,695,629
118000068,1987,3921,-1934
118000069,4038,1246,2792
118000070,8824,1820,7004
118000071,3744,5706,-1962
118000072,2594,913,1681
118000073,3268,439,2829
118000074,561,717,-156
118000075,856,251,605
118000076,1726,1172,554
118000077,1409,1261,148
118000078,2190,1558,632
118000079,303,315,-12
118000080,1327,990,337
118000081,2104,950,1154
118000082,347,938,-591
118000083,2562,1251,1311
118000084,2798,1513,1285
118000086,300,497,-197
118000087,7693,2861,4832
118000088,1849,2240,-391
118000089,4860,2731,2129
118000090,2677,2824,-147
118000091,1996,2429,-433
118000092,1433,568,865
118000093,123,705,-582
118000096,544,611,-67
118000097,836,780,56
118000098,272,199,73
118000099,247,940,-693
118000101,646,367,279
118000102,319,1624,-1305
118000107,5234,504,4730
118000108,618,1553,-935
118000110,0,21,-21
118000111,4,895,-891
118000112,222,2,220
118000113,10,1720,-1710
118000114,196,9,187
118000115,13,18,-5
118000116,60,0,60
118000117,1500,1161,339
118000118,1025,613,412
118000119,715,1084,-369
118000120,1725,1820,-95
118000121,120,593,-473
118000122,1511,314,1197
118000123,74,297,-223
118000125,2174,1469,705
118000126,890,1144,-254
118000127,2250,699,1551
118000128,827,1230,-403
118000129,988,286,702
118000130,3453,5017,-1564
118000131,797,1105,-308
118000132,2056,1450,606
118000133,770,425,345
118000135,625,390,235
118000136,116,691,-575
118000137,994,95,899
118000138,233,1222,-989
118000139,239,131,108
118000140,2017,3127,-1110
118000141,1474,2236,-762
118000142,1147,2277,-1130
118000143,1232,1066,166
118000144,1528,1084,444
118000145,1105,2758,-1653
118000146,746,1259,-513
118000147,508,1945,-1437
118000148,331,1582,-1251
118000149,534,1371,-837
118000150,210,393,-183
118000151,174,363,-189
118000153,781,1520,-739
118000154,767,2146,-1379
118000155,701,1458,-757
118000156,2818,2385,433
118000157,409,474,-65
118000158,113,440,-327
118000159,17,62,-45
118000160,293,421,-128
118000161,285,862,-577
118000162,695,930,-235
118000163,414,736,-322
118000164,2882,1565,1317
118000168,1887,238,1649
118000169,960,1968,-1008
118000170,3407,7669,-4262
118000171,204,794,-590
118000172,131,400,-269
118000173,743,1110,-367
118000175,138,383,-245
118000176,115,322,-207
118000177,115,461,-346
118000178,177,52,125
118000179,1358,591,767
118000180,606,686,-80
118000181,681,405,276
118000182,209,255,-46
118000183,180,309,-129
118000184,464,1159,-695
118000185,633,680,-47
118000186,348,491,-143
118000187,808,805,3
118000188,447,267,180
118000189,265,1185,-920
118000190,8,29,-21
118000191,22,36,-14
118000192,135,141,-6
118000193,120,304,-184
118000194,2488,1087,1401
118000195,1127,501,626
118000196,643,94,549
118000197,381,90,291
118000198,623,363,260
118000199,1158,338,820
118000200,58,307,-249
118000201,527,416,111
118000202,68,54,14
118000203,1571,322,1249
118000204,210,247,-37
118000205,286,305,-19
118000206,204,250,-46
118000207,0,211,-211
118000208,880,1624,-744
118000209,1407,2446,-1039
118000210,36,33,3
118000211,13,30,-17
118000213,978,748,230
118000214,772,398,374
118000215,181,349,-168
118000216,1459,4394,-2935
118000217,15,170,-155
118000218,51,172,-121
118000219,362,473,-111
118000220,2,27,-25
118000221,49,261,-212
118000222,62,30,32
118000223,20,39,-19
118000224,381,96,285
118000225,133,1337,-1204
118000226,1016,141,875
118000227,864,284,580
118000228,118,89,29
118000229,343,46,297
118000230,76,322,-246
118000231,65,267,-202
118000232,452,1071,-619
118000233,620,874,-254
118000234,207,299,-92
118000236,246,602,-356
118000237,52,741,-689
118000238,107,485,-378
118000239,164,351,-187
118000240,684,88,596
118000241,85,332,-247
118000242,265,737,-472
118000243,121,251,-130
118000244,34,234,-200
118000246,0,2,-2
118000255,83,277,-194
118000256,146,274,-128
118000259,7,59,-52
118000260,85,191,-106
118000261,40,126,-86
118000263,60,273,-213
118000266,50,550,-500
118000267,0,124,-124
118000268,413,4,409
118000270,31,53,-22
118000271,168,288,-120
118000272,41,31,10
118000273,58,85,-27
118000274,120,458,-338
118000276,200,311,-111
118000295,5,63,-58
118000298,100,584,-484
118000299,68,255,-187
118000301,0,92,-92
118000302,43,152,-109
118000311,199,143,56
118000312,177,201,-24
118000313,25,231,-206
118000314,31,111,-80
118000315,8,116,-108
118000316,390,755,-365
118000325,27,74,-47
118000326,27,39,-12
118000331,11,50,-39
118000332,24,35,-11
118000333,11,53,-42
118000335,161,1,160
118000336,2,578,-576
118000407,81,80,1
118000457,9,19,-10
118000465,3297,3098,199
118000480,25,225,-200
118000489,54,169,-115
118000490,115,567,-452
118000492,177,292,-115
118000510,59,17,42
118000514,185,488,-303
118000515,634,454,180
118000517,522,281,241
118000524,856,253,603
118000525,631,765,-134
118000530,11,108,-97
118000531,121,273,-152
118000532,87,304,-217
118000533,348,198,150
118000534,554,324,230
118000535,179,129,50
118000536,692,866,-174
118000537,29,73,-44
118000538,26,155,-129
118000539,10,51,-41
118000540,304,235,69
118000541,236,113,123
118000542,79,167,-88
118000543,342,184,158
118000546,22,18,4
118000553,0,0,0
118000560,3587,960,2627
118000562,14,663,-649
118000563,2202,1570,632
118000576,133,279,-146
118000577,187,141,46
118000578,174,194,-20
118000579,925,1048,-123
118000583,0,0,0
118000595,114,76,38
118000596,0,92,-92
118000597,119,179,-60
118000598,2,0,2
118000599,21,50,-29
118000600,6,17,-11
118000601,3,0,3
118000602,0,6,-6
118000603,1,77,-76
118000605,53,767,-714
118900001,1463,1150,313
118900002,1133,639,494
118900003,111,22,89
118900004,17,83,-66
118900005,57,1,56
118900006,55,2,53
118900007,6,14,-8
118900008,888,41,847
118900009,19,21,-2
118900010,38,1,37
118900011,127,22,105
118900012,224,260,-36
118900013,974,49,925
118900015,101,48,53
118900016,6,31,-25
118900017,172,250,-78
118900018,1748,20,1728
118900019,41,12,29
118900020,156,112,44
118900021,92,419,-327
118900022,68,114,-46
118900023,81,143,-62
118900024,66,256,-190
118900025,67,22,45
118900026,18,85,-67
118900027,598,315,283
118900028,80,170,-90
118900029,140,749,-609
118900030,149,99,50
118900031,68,156,-88
118900032,105,256,-151
118900033,438,1092,-654
118900034,77,6,71
118900035,73,346,-273
118900036,655,919,-264
118900037,332,384,-52
118900038,280,412,-132
118900039,273,322,-49
118900040,147,136,11
118900041,274,242,32
118900042,97,85,12
118900045,250,196,54
118900046,784,194,590
118900047,994,233,761
118900048,334,221,113
118900049,61,61,0
118900050,11,120,-109
118900051,123,73,50
118900052,283,339,-56
118900053,26,93,-67
118900054,44,82,-38
118900055,14,160,-146
118900056,91,197,-106
118900057,408,265,143
118900058,335,637,-302
118900059,25,111,-86
118900060,24,192,-168
118900062,71,212,-141
118900064,545,548,-3
118900065,29,162,-133
118900066,61,148,-87
118900067,6209,2347,3862
118900068,3,346,-343
118900069,244,348,-104
118900071,9,59,-50
118900072,435,472,-37
118900073,39,138,-99
118900074,51,188,-137
118900075,19,70,-51
118900076,248,61,187
118900077,91,196,-105
118900078,46,10,36
118900079,42,141,-99
118900080,11,79,-68
118900081,53,24,29
118900082,432,233,199
118900083,4,10,-6
118900084,13,20,-7
118900085,407,948,-541
118900086,20,81,-61
118900087,17,179,-162
118900088,0,16,-16
118900089,23,4,19
118900090,262,436,-174
118900091,178,196,-18
118900092,38,89,-51
118900093,102,4,98
118900096,62,92,-30
118900097,168,1052,-884
118900099,19,391,-372
118900100,150,256,-106
118900101,65,783,-718
118900102,11,60,-49
118900103,32,73,-41
118900104,55,292,-237
118900105,168,101,67
118900107,130,109,21
118900108,44,95,-51
118900110,1956,615,1341
118900111,296,906,-610
118900112,52,176,-124
118900113,79,860,-781
118900114,27,130,-103
118900115,54,358,-304
118900116,101,141,-40
118900117,64,124,-60
118900118,212,578,-366
118900119,66,294,-228
118900120,57,256,-199
118900121,12,356,-344
118900122,0,520,-520
118900123,110,215,-105
118900124,80,176,-96
118900126,13,225,-212
118900129,400,188,212
118900130,78,133,-55
118900131,74,254,-180
118900132,329,168,161
118900133,26,76,-50
118900135,133,181,-48
118900136,168,913,-745
118900137,5,15,-10
118900139,146,921,-775
118900140,229,836,-607
118900141,54,444,-390
118900144,143,710,-567
118900145,19,238,-219
118900146,197,962,-765
118900147,294,145,149
118900148,33,95,-62
118900150,143,450,-307
118900152,260,1051,-791
118900157,160,211,-51
118900158,30,135,-105
118900159,2,361,-359
118900161,100,3,97
118900163,334,73,261
118900164,8,105,-97
118900165,13,339,-326
118900166,41,3,38
118900167,43,186,-143
118900168,0,42,-42
118900169,57,439,-382
118900170,55,124,-69
118900171,8,32,-24
118900174,34,103,-69
118900175,237,292,-55
118900176,101,179,-78
118900177,12,59,-47
118900178,23,68,-45
118900179,1,49,-48
118900181,46,133,-87
118900182,58,43,15
118900183,13,79,-66
118900184,119,48,71
118900185,66,144,-78
118900186,53,78,-25
118900187,148,367,-219
118900188,123,313,-190
118900189,12,460,-448
118900190,7,779,-772
118900191,100,52,48
118900192,76,41,35
118900193,161,18,143
118900195,408,1357,-949
118900196,20,227,-207
118900197,93,160,-67
118900198,3,37,-34
118900199,18,67,-49
118900200,8,5,3
118900201,14,5,9
118900202,2,55,-53
118900203,2,50,-48
118900204,4,41,-37
118900205,4,26,-22
118900206,2,39,-37
119000001,901,1288,-387
119000002,1824,3000,-1176
119000003,1145,2028,-883
119000004,1370,1750,-380
119000005,1942,2106,-164
119000006,1476,1676,-200
119000007,2714,3225,-511
119000008,1510,2396,-886
119000009,3125,2932,193
119000010,8424,3565,4859
119000011,5361,2440,2921
119000012,4121,3082,1039
119000013,1675,1166,509
119000014,2191,3493,-1302
119000019,161,208,-47
119000020,995,1448,-453
119000021,2391,2006,385
119000022,4126,1660,2466
119000023,293,234,59
119000024,2076,6115,-4039
119000025,14910,1414,13496
119000026,261,281,-20
119000027,482,418,64
119000028,2376,1514,862
119000029,117,288,-171
119000030,388,1463,-1075
119000031,525,671,-146
119000032,2238,2624,-386
119000033,1714,2303,-589
119000034,696,1144,-448
119000035,28,428,-400
119000036,838,1542,-704
119000037,746,2746,-2000
119000038,86,1533,-1447
119000039,175,376,-201
119000040,1404,455,949
119000041,1187,1281,-94
119000048,3543,5126,-1583
119000049,1178,4691,-3513
119000050,1488,3408,-1920
119000051,1776,1053,723
119000052,2649,4064,-1415
119000053,1511,1426,85
119000054,2332,5636,-3304
119000055,2112,4125,-2013
119000056,1584,2480,-896
119000057,1189,3457,-2268
119000058,1673,2953,-1280
119000059,788,2295,-1507
119000060,910,876,34
119000061,711,956,-245
119000062,716,1253,-537
119000063,297,287,10
119000064,1690,2144,-454
119000065,1582,2888,-1306
119000066,1221,922,299
119000067,1785,3584,-1799
119000068,1078,1069,9
119000069,1267,3676,-2409
119000070,1406,1297,109
119000071,533,1217,-684
119000072,7971,4397,3574
119000073,4803,5141,-338
119000074,818,5293,-4475
119000075,910,2617,-1707
119000076,346,979,-633
119000077,446,618,-172
119000078,254,305,-51
119000079,53,815,-762
119000080,213,378,-165
119000081,140,388,-248
119000082,349,295,54
119000083,293,375,-82
119000084,307,635,-328
119000085,623,405,218
119000086,226,410,-184
119000087,1810,1158,652
119000088,202,227,-25
119000089,53,168,-115
119000090,149,214,-65
119000091,146,294,-148
119000092,660,250,410
119000093,5112,5241,-129
119000094,1852,6286,-4434
119000095,1103,4071,-2968
119000097,2783,2088,695
119000098,556,1604,-1048
119000099,2285,2347,-62
119000100,2159,2186,-27
119000101,1778,2177,-399
119000102,554,614,-60
119000103,1026,526,500
119000104,4348,1786,2562
119000105,633,1038,-405
119000106,235,2714,-2479
119000107,388,616,-228
119000108,185,1901,-1716
119000109,58,251,-193
119000110,338,343,-5
119000111,20,465,-445
119000112,91,105,-14
119000113,1848,266,1582
119000114,754,611,143
119000115,112,168,-56
119000116,86,100,-14
119000117,98,331,-233
119000118,1,3,-2
119000123,3399,618,2781
119000124,299,313,-14
119000125,1526,1314,212
119000126,477,1378,-901
119000127,322,1278,-956
119000128,13,1,12
119000131,596,1420,-824
119000132,3,2,1
119000133,1,5,-4
119000134,3409,645,2764
119000135,127,208,-81
119000136,124,374,-250
119000137,96,730,-634
119000138,209,639,-430
119000139,156,351,-195
119000140,131,247,-116
119000284,1426,3463,-2037
119000285,2580,2535,45
119000286,7059,5494,1565
119000287,1324,2291,-967
119000288,1968,1915,53
119000289,2763,4558,-1795
119000290,136,752,-616
119000291,9,489,-480
119000293,83,243,-160
119000294,39,29,10
119000295,2846,691,2155
119000296,156,142,14
119000299,0,0,0
119000302,5131,1489,3642
119000303,29,228,-199
119000310,0,0,0
119000314,1271,5843,-4572
119000315,0,885,-885
119000316,53,190,-137
119000317,26,617,-591
119900001,190,814,-624
119900002,87,306,-219
119900003,69,1613,-1544
119900004,313,448,-135
119900005,72,256,-184
119900006,213,354,-141
119900007,617,80,537
119900008,6,22,-16
119900009,333,526,-193
119900010,528,912,-384
119900011,18,44,-26
119900012,12,48,-36
119900013,1267,491,776
119900014,353,201,152
119900015,47,13,34
119900016,36,137,-101
119900017,18,34,-16
119900018,1698,269,1429
119900019,11,4,7
119900020,51,149,-98
119900021,89,68,21
119900022,171,258,-87
119900023,1200,676,524
119900025,51,27,24
119900026,1052,75,977
119900027,5,15,-10
119900028,190,46,144
119900029,0,10,-10
119900030,303,577,-274
119900031,29,197,-168
119900033,1606,148,1458
119900034,174,182,-8
119900037,98,36,62
119900038,20,167,-147
119900039,32,3,29
119900040,70,6,64
119900041,39,51,-12
119900042,36,230,-194
119900043,53,187,-134
119900044,215,381,-166
119900046,25,81,-56
119900047,154,40,114
119900048,23,59,-36
119900049,41,15,26
119900050,41,40,1
119900051,405,7,398
119900052,22,53,-31
119900053,110,295,-185
119900054,57,2,55
119900055,775,387,388
119900057,71,78,-7
119900058,141,2,139
119900059,142,39,103
119900060,105,5,100
119900061,25,2,23
119900062,26,31,-5
119900063,18,27,-9
119900065,144,6,138
119900066,0,0,0
119900067,34,19,15
119900068,197,2,195
119900069,69,14,55
119900070,352,3,349
119900071,222,16,206
119900073,2106,487,1619
119900074,22,20,2
119900075,7166,2046,5120
119900076,178,630,-452
119900077,355,1837,-1482
119900078,331,999,-668
119900079,165,412,-247
119900080,274,563,-289
119900081,166,95,71
119900082,670,380,290
119900083,338,87,251
119900084,628,224,404
119900085,229,73,156
119900086,169,1143,-974
119900087,367,307,60
119900088,37,59,-22
119900089,12,866,-854
119900090,184,67,117
119900091,45,1676,-1631
119900092,16,517,-501
119900093,833,154,679
119900094,23,267,-244
119900095,168,100,68
119900096,25,96,-71
119900097,554,182,372
119900098,39,121,-82
119900099,52,365,-313
119900100,3541,1701,1840
119900101,154,922,-768
119900102,21,417,-396
119900103,8,780,-772
119900104,17,321,-304
119900105,458,1095,-637
119900106,19,296,-277
119900107,359,5594,-5235
119900108,2180,851,1329
119900109,22,429,-407
119900110,369,982,-613
119900111,31,508,-477
119900112,4518,527,3991
119900113,67,569,-502
119900114,129,2466,-2337
119900115,115,1898,-1783
119900116,121,351,-230
119900117,157,1128,-971
119900118,30,1900,-1870
119900119,126,318,-192
119900120,555,843,-288
119900121,186,1990,-1804
119900122,499,472,27
119900123,174,294,-120
119900124,105,1332,-1227
119900125,46,548,-502
119900126,6345,295,6050
119900127,3420,1180,2240
119900128,225,1069,-844
119900129,127,1216,-1089
119900130,37,371,-334
119900131,25,492,-467
119900132,8,750,-742
119900133,32,30,2
119900134,2989,251,2738
119900135,2,864,-862
119900136,149,696,-547
119900138,377,790,-413
119900139,1,74,-73
119900140,0,225,-225
119900141,252,491,-239
119900142,7,25,-18
119900143,7,217,-210
119900144,2862,295,2567
119900145,75,255,-180
119900146,90,155,-65
119900147,8,171,-163
119900148,98,51,47
119900149,2103,1763,340
119900150,142,243,-101
119900151,1692,745,947
119900152,72,626,-554
119900153,52,64,-12
119900154,15,555,-540
119900155,16,22,-6
119900156,0,2,-2
119900157,24,313,-289
119900158,58,55,3
119900159,14,2571,-2557
119900160,5,261,-256
119900161,206,438,-232
119900162,477,770,-293
119900163,147,116,31
119900164,0,1,-1
119900165,93,417,-324
119900166,68,25,43
119900167,172,168,4
119900168,389,402,-13
119900169,143,271,-128
119900170,141,146,-5
119900171,553,618,-65
119900172,83,27,56
119900173,5,631,-626
119900174,3,324,-321
119900175,566,735,-169
119900177,11,317,-306
119900178,56,286,-230
119900179,46,189,-143
119900180,631,599,32
119900181,25,66,-41
119900182,2,687,-685
119900183,85,1121,-1036
119900184,3641,661,2980
119900185,39,122,-83
119900186,88,362,-274
119900187,12,906,-894
119900188,29,276,-247
119900189,302,235,67
119900190,40,123,-83
119900191,204,87,117
119900192,9,233,-224
119900193,150,270,-120
119900194,3,39,-36
119900195,7,317,-310
119900196,1860,422,1438
119900197,103,81,22
119900198,43,534,-491
119900199,119,22,97
119900200,368,530,-162
119900201,402,218,184
119900202,197,113,84
119900203,119,302,-183
119900204,150,393,-243
119900205,280,836,-556
119900206,53,176,-123
119900208,133,130,3
119900209,351,720,-369
119900210,20,35,-15
119900211,116,33,83
119900212,105,487,-382
119900213,3,52,-49
119900214,10,158,-148
119900215,32,120,-88
119900216,12,111,-99
119900217,6,79,-73
119900218,24,97,-73
119900219,7,201,-194
119900220,6,159,-153
119900221,18,624,-606
119900222,5,360,-355
119900223,25,157,-132
119900224,8,66,-58
119900225,1599,46,1553
119900226,1049,1238,-189
119900227,1434,428,1006
119900228,20,312,-292
119900229,299,572,-273
119900230,1696,772,924
119900231,84,263,-179
119900232,166,58,108
119900233,10,2,8
119900234,25,41,-16
119900235,17,34,-17
119900236,29,349,-320
119900237,32,680,-648
119900238,3,119,-116
119900240,51,173,-122
119900241,128,231,-103
119900242,2157,1414,743
119900244,837,942,-105
119900245,73,143,-70
119900246,166,327,-161
119900247,12,61,-49
119900248,33,71,-38
119900249,143,62,81
119900253,5527,367,5160
119900254,92,273,-181
119900255,45,592,-547
119900256,170,1618,-1448
119900257,21,0,21
119900258,28,7,21
119900259,2,252,-250
119900260,37,0,37
119900261,168,204,-36
119900262,1,352,-351
119900263,988,424,564
119900264,43,357,-314
119900265,89,359,-270
119900266,130,416,-286
119900267,155,440,-285
119900268,63,314,-251
119900269,312,1505,-1193
119900271,17,84,-67
119900272,140,34,106
119900275,82,8,74
119900276,21,1,20
119900277,5,7,-2
119900278,313,53,260
119900279,120,158,-38
119900280,1183,205,978
119900281,0,75,-75
119900282,42,17,25
119900283,2,481,-479
119900284,41,151,-110
119900285,17,58,-41
119900286,2,12,-10
119900288,7,49,-42
119900289,0,37,-37
119900290,2,46,-44
119900291,0,53,-53
119900292,24,19,5
119900293,11,25,-14
119900294,15,40,-25
119900295,3,12,-9
119900296,4,94,-90
119900297,0,2,-2
119900298,0,0,0
119900299,35,383,-348
119900300,83,306,-223
119900301,80,23,57
119900302,35,42,-7
119900303,177,342,-165
119900304,66,37,29
119900305,31,121,-90
119900306,21,2,19
119900307,12,211,-199
119900308,3,18,-15
119900309,8,52,-44
119900310,197,471,-274
119900311,28,245,-217
119900312,54,105,-51
119900313,154,400,-246
119900314,76,249,-173
119900315,642,3540,-2898
119900318,9,24,-15
119900319,2,364,-362
119900320,44,1060,-1016
119900321,30,1,29
119900322,30,46,-16
119900323,2,125,-123
119900324,2,38,-36
119900325,27,315,-288
119900326,216,26,190
120000001,9085,11868,-2783
120000002,2084,4236,-2152
120000003,3541,2551,990
120000004,2807,2901,-94
120000005,4705,2493,2212
120000006,1187,1564,-377
120000007,3833,2710,1123
120000008,1054,1673,-619
120000009,6254,1099,5155
120000010,1960,3919,-1959
120000011,1445,2892,-1447
120000012,1378,3932,-2554
120000013,2453,3441,-988
120000014,698,2045,-1347
120000015,3014,1727,1287
120000016,3155,3549,-394
120000017,2706,2775,-69
120000018,6419,9816,-3397
120000019,750,1561,-811
120000020,3342,3131,211
120000021,1996,2283,-287
120000022,2492,3831,-1339
120000023,798,2044,-1246
120000024,1257,2647,-1390
120000025,2170,2807,-637
120000026,807,2332,-1525
120000027,1078,1986,-908
120000028,742,413,329
120000029,2159,515,1644
120000030,78,729,-651
120000031,1404,6051,-4647
120000032,12156,3774,8382
120000033,3328,2200,1128
120000034,1202,3009,-1807
120000035,1640,3478,-1838
120000036,2753,5281,-2528
120000037,580,1183,-603
120000038,13428,3596,9832
120000039,366,1169,-803
120000040,47,121,-74
120000041,524,2348,-1824
120000042,1277,5177,-3900
120000043,3838,3616,222
120000044,3298,1617,1681
120000045,3375,1036,2339
120000046,1720,1792,-72
120000047,2707,3428,-721
120000048,10345,4565,5780
120000049,3689,3916,-227
120000050,3589,7275,-3686
120000051,4157,5656,-1499
120000052,19788,3388,16400
120000053,1002,6196,-5194
120000054,1366,9908,-8542
120000055,1552,7658,-6106
120000056,2588,6896,-4308
120000057,1318,1047,271
120000058,565,244,321
120000059,36,1053,-1017
120000061,74,776,-702
120000062,190,293,-103
120000063,2146,4112,-1966
120000064,260,2312,-2052
120000065,423,2786,-2363
120000066,200,638,-438
120000067,41,849,-808
120000068,185,1776,-1591
120000069,563,2325,-1762
120000070,35,1383,-1348
120000071,189,259,-70
120000072,330,619,-289
120000073,334,120,214
120000074,36,80,-44
120000075,399,318,81
120000076,953,457,496
120000077,812,611,201
120000078,2791,880,1911
120000079,248,741,-493
120000080,88,254,-166
120000081,154,167,-13
120000082,156,235,-79
120000083,125,424,-299
120000084,472,684,-212
120000085,219,526,-307
120000086,390,894,-504
120000087,160,1737,-1577
120000088,586,2008,-1422
120000089,971,954,17
120000090,385,689,-304
120000091,546,1173,-627
120000092,868,660,208
120000093,303,564,-261
120000094,92,517,-425
120000095,740,918,-178
120000096,229,1643,-1414
120000098,625,1395,-770
120000099,230,910,-680
120000100,680,1173,-493
120000101,348,627,-279
120000102,332,616,-284
120000103,710,516,194
120000104,1197,327,870
120000105,1690,447,1243
120000106,1375,443,932
120000107,2062,521,1541
120000108,605,118,487
120000109,701,44,657
120000110,91,1521,-1430
120000111,129,2159,-2030
120000112,750,6246,-5496
120000113,560,4872,-4312
120000114,846,4823,-3977
120000115,358,3901,-3543
120000116,641,3230,-2589
120000117,2108,2231,-123
120000118,33,60,-27
120000119,49,78,-29
120000120,50,50,0
120000121,41,84,-43
120000122,298,356,-58
120000123,9130,3860,5270
120000124,278,689,-411
120000125,346,830,-484
120000126,265,949,-684
120000127,2160,973,1187
120000128,4740,2738,2002
120000129,283,435,-152
120000130,719,1133,-414
120000131,293,580,-287
120000134,358,2082,-1724
120000135,129,271,-142
120000137,144,3323,-3179
120000138,337,546,-209
120000139,154,1765,-1611
120000140,285,816,-531
120000141,168,774,-606
120000142,188,762,-574
120000143,0,104,-104
120000144,37,0,37
120000145,169,2,167
120000146,3365,1117,2248
120000149,355,1081,-726
120000150,5976,8098,-2122
120000151,339,694,-355
120000152,212,360,-148
120000153,72,1368,-1296
120000154,517,516,1
120000155,79,333,-254
120000156,2254,655,1599
120000157,805,757,48
120000158,612,1511,-899
120000159,1753,2732,-979
120000160,1784,1497,287
120000161,1031,3250,-2219
120000162,133,316,-183
120000163,379,2564,-2185
120000164,250,744,-494
120000165,250,1387,-1137
120000166,593,860,-267
120000167,20,38,-18
120000168,2,101,-99
120000169,81,323,-242
120000170,133,140,-7
120000171,19,58,-39
120000172,34,34,0
120000173,2811,171,2640
120000174,596,8,588
120000175,884,10,874
120000176,345,60,285
120000177,1406,250,1156
120000178,57,8,49
120000179,417,16,401
120000180,431,20,411
120000181,56,120,-64
120000182,64,72,-8
120000183,2,147,-145
120000184,102,877,-775
120000186,78,65,13
120000187,154,35,119
120000188,387,57,330
120000190,1226,21,1205
120000191,2231,18,2213
120000192,2383,10,2373
120000193,649,3,646
120000195,82,1,81
120000196,226,42,184
120000197,108,153,-45
120000198,120,236,-116
120000199,48,1,47
120000200,58,0,58
120000201,11,7,4
120000202,3,83,-80
120000203,35,559,-524
120000207,1,142,-141
120000208,6,514,-508
120000209,4,142,-138
120000210,278,134,144
120000211,54,1,53
120000212,73,0,73
120000213,83,526,-443
120000214,5,664,-659
120000215,1,210,-209
120000216,33,5,28
120000217,970,1931,-961
120000218,290,1897,-1607
120000219,15,1110,-1095
120000220,18,3725,-3707
120000225,625,0,625
120000226,158,1,157
120000227,494,23,471
120000228,8253,2183,6070
120000230,180,11,169
120000231,651,3275,-2624
120000233,169,103,66
120000235,104,1250,-1146
120000236,473,0,473
120000237,8,2934,-2926
120000238,1,133,-132
120000241,1098,4850,-3752
120000412,2571,22,2549
120000413,178,784,-606
120000414,74,4,70
120000415,2,325,-323
120000416,31,15,16
120000417,0,137,-137
120000418,64,33,31
120000419,21,895,-874
120000420,122,70,52
120000421,18120,7324,10796
120000422,334,486,-152
120000423,2,52,-50
120000424,65,312,-247
120000436,142,408,-266
120000437,236,240,-4
120000438,6663,488,6175
120000439,89,324,-235
120000443,123,0,123
120000444,714,1044,-330
120000445,1613,2002,-389
120000446,1560,373,1187
120000447,137,15,122
120000449,32,36,-4
120000450,5,662,-657
120000451,70,344,-274
120000452,85,5,80
120000453,2,483,-481
120000454,113,34,79
120000455,83,94,-11
120000456,3810,2938,872
120000457,1599,1449,150
120000458,770,987,-217
120000459,46,140,-94
120000665,853,177,676
120000668,96,133,-37
120000669,81,670,-589
120000670,206,427,-221
120000671,652,329,323
120000672,117,639,-522
120900001,43,52,-9
120900002,397,290,107
120900003,129,31,98
120900004,8,61,-53
120900005,102,2223,-2121
120900006,186,227,-41
120900007,71,220,-149
120900008,138,1559,-1421
120900009,499,58,441
120900010,241,49,192
120900011,421,131,290
120900012,1395,836,559
120900013,176,40,136
120900014,180,1218,-1038
120900015,205,89,116
120900016,437,51,386
120900017,3889,93,3796
120900018,48,579,-531
120900019,441,120,321
120900020,926,783,143
120900021,378,124,254
120900022,29,480,-451
120900023,154,24,130
120900024,1292,476,816
120900025,2293,1266,1027
120900026,85,230,-145
120900027,702,75,627
120900028,191,64,127
120900029,130,261,-131
120900030,746,502,244
120900031,117,58,59
120900032,415,286,129
120900033,692,28,664
120900034,26,2093,-2067
120900035,30,111,-81
120900037,119,9,110
120900038,33,140,-107
120900039,65,34,31
120900040,168,1,167
120900041,185,67,118
120900042,195,96,99
120900043,44,32,12
120900044,11,532,-521
120900045,111,233,-122
120900046,260,2,258
120900047,109,39,70
120900048,73,26,47
120900049,176,0,176
120900050,4580,1094,3486
120900051,194,131,63
120900052,293,8,285
120900053,98,122,-24
120900054,1330,1263,67
120900055,151,0,151
120900056,309,14,295
120900057,91,19,72
120900058,271,5,266
120900059,42,2,40
120900060,28,49,-21
120900061,159,648,-489
120900062,101,1,100
120900063,353,4,349
120900064,266,0,266
120900065,216,6,210
120900066,153,336,-183
120900067,233,137,96
120900068,129,1,128
120900069,117,93,24
120900071,8,0,8
120900072,371,1,370
120900073,176,289,-113
120900074,451,158,293
120900076,162,0,162
120900077,5016,271,4745
120900078,408,1163,-755
120900079,323,109,214
120900080,284,3541,-3257
120900081,601,1364,-763
120900082,853,251,602
120900083,32,2,30
120900084,152,260,-108
120900085,122,200,-78
120900086,197,170,27
120900087,276,124,152
120900088,191,254,-63
120900089,6172,1560,4612
120900090,54,271,-217
120900091,491,308,183
120900092,1193,1174,19
120900093,5609,270,5339
120900094,484,336,148
120900095,129,15,114
120900096,15,152,-137
120900097,606,1594,-988
120900098,266,198,68
120900099,62,75,-13
120900100,32,602,-570
120900101,714,482,232
120900102,22,146,-124
120900103,30,196,-166
120900104,33,44,-11
120900105,41,1242,-1201
120900106,1479,770,709
120900107,451,204,247
120900108,8,1545,-1537
120900109,32,1063,-1031
120900110,11,755,-744
120900111,164,603,-439
120900112,6,2201,-2195
120900113,17,1323,-1306
120900114,33,201,-168
120900115,149,215,-66
120900116,139,1130,-991
120900117,1,787,-786
120900118,13,1506,-1493
120900119,2636,4069,-1433
120900120,32,1144,-1112
120900121,56,632,-576
120900122,244,1171,-927
120900123,5,764,-759
120900124,8,1135,-1127
120900125,4,1813,-1809
120900126,1598,1215,383
120900127,4,756,-752
120900128,983,1446,-463
120900129,45,589,-544
120900130,5,325,-320
120900131,13,38,-25
120900132,410,505,-95
120900133,204,1709,-1505
120900134,649,577,72
120900135,12,1001,-989
120900136,15,28,-13
120900137,95,157,-62
120900138,39,316,-277
120900139,2,1357,-1355
120900140,2,42,-40
120900141,80,105,-25
120900142,23,1539,-1516
120900143,4,1574,-1570
120900144,0,352,-352
120900145,35,1282,-1247
120900146,0,1794,-1794
120900147,3,391,-388
120900148,81,169,-88
120900149,2,697,-695
120900150,18,979,-961
120900151,1,1117,-1116
120900152,1,62,-61
120900153,8,48,-40
120900154,0,636,-636
120900155,96,1771,-1675
120900156,27,556,-529
120900157,15,252,-237
120900158,17,761,-744
120900159,69,421,-352
120900160,20,529,-509
120900161,12,648,-636
120900162,14,615,-601
120900163,14,96,-82
120900164,19,4,15
120900165,0,2,-2
120900166,51,126,-75
120900167,250,116,134
120900169,48,880,-832
120900170,3761,1665,2096
120900171,1284,527,757
120900172,1066,127,939
120900173,2,110,-108
120900174,1,159,-158
120900175,184,344,-160
120900176,10,270,-260
120900177,1,543,-542
120900178,0,228,-228
120900179,978,571,407
120900180,113,61,52
120900181,12,78,-66
120900182,13,623,-610
120900183,343,189,154
120900184,95,89,6
120900185,1,342,-341
120900186,3,715,-712
120900187,282,977,-695
120900188,82,13,69
120900189,165,519,-354
120900190,26,12,14
120900191,1,26,-25
120900192,18940,2888,16052
120900194,18,90,-72
120900195,94,383,-289
120900196,588,41,547
120900197,321,63,258
120900198,252,857,-605
120900199,179,220,-41
120900200,79,157,-78
120900201,739,184,555
120900202,1,350,-349
120900203,18,59,-41
120900204,238,552,-314
120900205,66,152,-86
120900206,7,21,-14
120900207,55,1764,-1709
121000001,1189,1239,-50
121000002,2939,1892,1047
121000003,4470,2042,2428
121000004,2761,6021,-3260
121000005,2326,3021,-695
121000006,3318,1581,1737
121000007,3420,3161,259
121000008,7300,3384,3916
121000009,6762,6701,61
121000010,10189,5824,4365
121000011,8886,14950,-6064
121000012,14684,10343,4341
121000013,6049,8957,-2908
121000014,7914,7868,46
121000015,6211,7198,-987
121000016,5609,4848,761
121000017,1865,3910,-2045
121000018,1917,2000,-83
121000019,18123,9041,9082
121000020,11632,9048,2584
121000021,2931,3125,-194
121000022,1343,1640,-297
121000023,3914,3297,617
121000024,2556,3405,-849
121000025,732,1208,-476
121000026,282,160,122
121000027,1533,1273,260
121000028,757,488,269
121000029,834,747,87
121000030,502,370,132
121000031,637,703,-66
121000032,169,77,92
121000034,469,173,296
121000035,209,82,127
121000036,1570,970,600
121000037,856,618,238
121000038,591,597,-6
121000039,404,289,115
121000041,430,448,-18
121000042,179,293,-114
121000043,716,843,-127
121000044,1945,672,1273
121000045,434,378,56
121000046,390,895,-505
121000047,56,46,10
121000049,2180,602,1578
121000050,299,1036,-737
121000051,745,361,384
121000052,287,604,-317
121000053,467,106,361
121000054,42,214,-172
121000055,1476,1527,-51
121000056,845,1184,-339
121000057,121,296,-175
121000058,417,96,321
121000059,1973,1112,861
121000060,364,858,-494
121000061,186,132,54
121000062,106,246,-140
121000063,669,516,153
121000064,626,738,-112
121000065,596,426,170
121000066,661,407,254
121000067,897,287,610
121000068,473,324,149
121000069,463,289,174
121000070,1733,1372,361
121000071,855,835,20
121000072,1019,866,153
121000073,1111,773,338
121000074,62,103,-41
121000075,41,26,15
121000076,1106,319,787
121000077,92,118,-26
121000078,70,109,-39
121000080,2487,639,1848
121000081,2276,2330,-54
121000082,118,189,-71
121000083,226,172,54
121000084,196,79,117
121000085,268,464,-196
121000086,99,733,-634
121000087,65,271,-206
121000088,289,809,-520
121000089,433,333,100
121000090,383,387,-4
121000091,1669,867,802
121000092,165,162,3
121000093,101,262,-161
121000094,433,485,-52
121000095,255,494,-239
121000096,2111,3345,-1234
121000097,1035,2158,-1123
121000098,376,1579,-1203
121000099,330,1017,-687
121000100,639,700,-61
121000101,137,272,-135
121000102,123,445,-322
121000103,98,362,-264
121000104,173,146,27
121000105,193,232,-39
121000106,146,522,-376
121000107,2558,4622,-2064
121000109,1499,1258,241
121000110,420,633,-213
121000114,2912,2230,682
121000115,1023,883,140
121000116,538,1121,-583
121000117,1005,374,631
121000118,1017,362,655
121000119,253,343,-90
121000120,171,475,-304
121000121,350,859,-509
121000123,1027,648,379
121000127,197,132,65
121000128,627,471,156
121000129,490,415,75
121000130,300,1453,-1153
121000131,1745,1135,610
121000132,1068,1499,-431
121000135,274,311,-37
121000136,875,560,315
121000137,363,211,152
121000138,773,600,173
121000139,355,73,282
121000141,178,129,49
121000142,770,541,229
121000143,151,30,121
121000144,902,959,-57
121000145,429,1523,-1094
121000146,944,995,-51
121000147,599,532,67
121000148,803,1094,-291
121000149,2008,1334,674
121000152,516,648,-132
121000153,1723,750,973
121000154,724,796,-72
121000155,1276,1167,109
121000156,331,1135,-804
121000157,1479,2681,-1202
121000158,381,1048,-667
121000159,145,705,-560
121000160,285,872,-587
121000161,116,409,-293
121000162,38,305,-267
121000165,1743,1650,93
121000166,25,780,-755
121000168,226,308,-82
121000169,43,173,-130
121000170,230,166,64
121000171,21,154,-133
121000172,450,420,30
121000173,917,888,29
121000174,191,389,-198
121000175,596,482,114
121000176,264,267,-3
121000177,705,586,119
121000178,134,57,77
121000179,203,68,135
121000181,457,377,80
121000182,58,134,-76
121000183,19,68,-49
121000184,28,43,-15
121000185,15,119,-104
121000186,101,208,-107
121000187,117,313,-196
121000188,146,276,-130
121000192,483,435,48
121000193,546,462,84
121000194,2737,2205,532
121000195,474,1181,-707
121000196,1513,253,1260
121000197,346,866,-520
121000198,392,79,313
121000199,85,514,-429
121000200,292,92,200
121000201,7,262,-255
121000202,955,117,838
121000203,595,2577,-1982
121000204,1937,677,1260
121000205,209,396,-187
121000206,159,25,134
121000207,1442,482,960
121000208,3,522,-519
121000209,178,578,-400
121000210,241,832,-591
121000211,288,153,135
121000212,197,1204,-1007
121000213,10316,2834,7482
121000214,874,2442,-1568
121000215,1459,820,639
121000216,480,566,-86
121000217,4331,3376,955
121000218,564,2083,-1519
121000219,1809,488,1321
121000220,407,74,333
121000221,128,243,-115
121000222,3028,2741,287
121000223,704,341,363
121000224,327,106,221
121000225,2807,1101,1706
121000226,6120,876,5244
121000227,8,376,-368
121000228,15,1051,-1036
121000229,115,644,-529
121000230,61,2522,-2461
121000231,666,38,628
121000232,456,244,212
121000233,434,375,59
121000234,12,35,-23
121000235,66,52,14
121000236,1,59,-58
121000237,14,11,3
121000238,9,95,-86
121000239,19,6,13
121000240,12,324,-312
121000241,85,6,79
121000242,67,187,-120
121000243,321,71,250
121000244,10,75,-65
121000245,33,7,26
121000246,0,91,-91
121000247,62,3,59
121000248,680,771,-91
121000249,91,215,-124
121000250,380,87,293
121000251,26,833,-807
121000252,48,50,-2
121000253,358,723,-365
121000254,654,372,282
121000255,177,153,24
121000256,250,153,97
121000257,48,71,-23
121000258,123,54,69
121000259,32,23,9
121000260,124,188,-64
121000261,170,46,124
121000262,954,1046,-92
121000263,380,489,-109
121000271,232,2332,-2100
121000273,179,2,177
121000274,16,44,-28
121000275,2,38,-36
121000276,2,15,-13
121000278,59,50,9
121000279,49,13,36
121000280,27,51,-24
121000289,255,25,230
121000290,1527,732,795
121000294,61,219,-158
121000297,1148,1227,-79
121000299,370,415,-45
121000300,562,507,55
121000302,163,901,-738
121000303,561,461,100
121000304,310,77,233
121000305,111,37,74
121000306,94,137,-43
121000308,171,521,-350
121000309,447,717,-270
121000310,94,460,-366
121000311,62,938,-876
121000312,286,236,50
121000313,494,553,-59
121000314,268,66,202
121000315,81,153,-72
121000530,847,1722,-875
121000531,836,1732,-896
121000532,5434,5314,120
121000533,2337,3087,-750
121000918,50,248,-198
121000919,17,67,-50
121000938,593,342,251
121000939,809,267,542
121000956,570,1940,-1370
121000957,5,11,-6
121000958,114,50,64
121000959,404,1258,-854
121000960,1678,2858,-1180
121000961,98,80,18
121000962,371,1239,-868
121000963,0,0,0
121000973,2,447,-445
121000976,5,145,-140
121000979,251,48,203
121000981,265,191,74
121000982,240,372,-132
121000983,390,525,-135
121000984,33,45,-12
121000985,378,1226,-848
121000986,217,679,-462
121000987,222,2171,-1949
121000988,544,123,421
121001302,317,89,228
121001308,4,17,-13
121001309,120,51,69
121001313,217,363,-146
121001314,3241,4360,-1119
121001315,4937,2204,2733
121900001,61,145,-84
121900002,74,11,63
121900003,211,9,202
121900004,136,391,-255
121900005,19,4,15
121900006,54,11,43
121900007,2267,2001,266
121900008,577,63,514
121900009,545,8,537
121900010,233,1,232
121900011,152,375,-223
121900012,3,0,3
121900013,1115,52,1063
121900014,1290,317,973
121900015,125,151,-26
121900016,6,33,-27
121900017,385,597,-212
121900018,159,3,156
121900019,196,325,-129
121900020,68,0,68
121900021,856,6,850
121900022,124,159,-35
121900023,53,410,-357
121900024,432,72,360
121900025,328,409,-81
121900026,338,44,294
121900027,115,124,-9
121900028,243,18,225
121900029,102,192,-90
121900030,595,461,134
121900031,1463,5963,-4500
121900032,57,94,-37
121900033,116,133,-17
121900034,361,72,289
121900035,2107,1683,424
121900036,84,531,-447
121900037,88,572,-484
121900038,11,163,-152
121900039,281,31,250
121900040,30,68,-38
121900041,62,159,-97
121900042,229,141,88
121900043,3,6,-3
121900044,248,40,208
121900046,143,157,-14
121900047,143,44,99
121900048,31,183,-152
121900050,13,33,-20
121900051,91,164,-73
121900052,104,33,71
121900053,209,285,-76
121900054,446,678,-232
121900055,2,9,-7
121900058,241,248,-7
121900059,224,80,144
121900060,136,280,-144
121900061,192,130,62
121900062,77,71,6
121900063,612,275,337
121900064,149,782,-633
121900066,14,16,-2
121900067,15,18,-3
121900069,185,110,75
121900070,259,112,147
121900071,120,217,-97
121900072,16,172,-156
121900073,217,207,10
121900074,498,520,-22
121900075,997,330,667
121900076,370,562,-192
121900077,5,59,-54
121900078,33,32,1
121900079,2,0,2
121900080,581,424,157
121900082,23,121,-98
121900084,13,230,-217
121900085,0,17,-17
121900086,11,45,-34
121900087,141,66,75
121900088,1720,2765,-1045
121900089,103,397,-294
121900090,20,123,-103
121900091,15,101,-86
121900092,29,73,-44
121900093,32,64,-32
121900094,27,16,11
121900095,135,78,57
121900096,1171,388,783
121900097,310,124,186
121900098,5,5,0
121900099,118,54,64
121900100,111,160,-49
121900101,162,124,38
121900102,7,105,-98
121900103,470,143,327
121900104,1284,368,916
121900105,145,105,40
121900106,4,4,0
121900107,25,12,13
121900108,0,18,-18
121900109,282,142,140
121900110,201,1554,-1353
121900111,668,79,589
121900112,100,86,14
121900113,78,269,-191
121900114,3,18,-15
121900117,77,16,61
121900118,2420,432,1988
121900119,124,128,-4
121900120,22,1450,-1428
121900121,606,69,537
121900122,9,28,-19
121900123,193,540,-347
121900124,78,243,-165
121900125,714,954,-240
121900127,1,61,-60
121900128,53,131,-78
121900129,756,143,613
121900130,124,265,-141
121900131,172,114,58
121900132,29,120,-91
121900133,105,389,-284
121900134,29,93,-64
121900135,2081,192,1889
121900136,279,425,-146
121900137,40,267,-227
121900138,47,200,-153
121900139,366,576,-210
121900140,47,201,-154
121900141,27,5,22
121900142,61,105,-44
121900143,5,121,-116
121900144,177,296,-119
121900145,155,148,7
121900146,517,751,-234
121900147,63,190,-127
121900148,145,242,-97
121900149,393,799,-406
121900150,76,186,-110
121900151,44,196,-152
121900152,55,130,-75
121900153,60,416,-356
121900154,2,159,-157
121900155,1,43,-42
121900156,154,56,98
121900157,4,534,-530
121900158,79,43,36
121900159,0,212,-212
121900160,34,201,-167
121900161,394,309,85
121900162,129,82,47
121900163,89,804,-715
121900164,385,193,192
121900165,194,182,12
121900166,150,142,8
121900167,172,99,73
121900168,279,128,151
121900169,3,561,-558
121900170,1,153,-152
121900171,352,607,-255
121900172,251,240,11
121900173,888,217,671
121900174,11,22,-11
121900175,146,164,-18
121900176,535,2191,-1656
121900177,118,39,79
121900178,45,68,-23
121900179,206,134,72
121900180,5355,2739,2616
121900182,769,282,487
121900183,329,438,-109
121900184,33,494,-461
121900186,8,296,-288
121900187,15,133,-118
121900188,489,431,58
121900189,29,77,-48
121900190,189,521,-332
121900191,34,131,-97
121900192,354,718,-364
121900193,30,213,-183
121900194,1,119,-118
121900195,92,57,35
121900196,736,726,10
121900197,250,2321,-2071
121900198,1075,1459,-384
121900199,4,23,-19
121900200,61,168,-107
121900201,1102,479,623
121900202,142,331,-189
121900203,200,1018,-818
121900204,1054,975,79
121900205,4,103,-99
121900206,9,4,5
121900207,158,25,133
121900208,248,252,-4
121900209,41,19,22
121900210,1488,1226,262
121900211,176,576,-400
121900212,124,106,18
121900213,86,90,-4
121900214,3,470,-467
121900215,17,62,-45
121900216,28,81,-53
121900217,178,53,125
121900218,340,572,-232
121900220,92,13,79
121900221,206,610,-404
121900222,138,176,-38
121900223,185,77,108
121900224,49,79,-30
121900225,151,58,93
121900226,235,335,-100
121900227,112,335,-223
121900228,159,231,-72
121900230,66,78,-12
121900231,240,232,8
121900232,147,338,-191
121900233,235,221,14
121900234,190,336,-146
121900235,293,344,-51
121900236,249,131,118
121900237,194,207,-13
121900238,129,192,-63
121900239,79,40,39
121900240,109,116,-7
121900241,18,55,-37
121900242,2,55,-53
121900243,0,0,0
121900244,0,0,0
121900245,150,159,-9
121900246,1731,417,1314
121900247,192,203,-11
121900248,1113,831,282
121900250,189,260,-71
121900251,209,31,178
121900252,495,116,379
121900253,159,1238,-1079
121900254,486,222,264
121900255,140,80,60
121900258,2702,1819,883
121900259,316,528,-212
121900260,80,213,-133
121900261,146,474,-328
121900262,394,950,-556
121900263,92,323,-231
121900264,2271,1422,849
121900265,159,308,-149
121900266,153,197,-44
121900267,34,22,12
121900269,83,377,-294
121900270,12,179,-167
121900271,14,130,-116
121900273,539,1392,-853
121900274,172,249,-77
121900277,216,1468,-1252
121900278,144,878,-734
121900279,106,310,-204
121900280,174,365,-191
121900281,308,54,254
121900284,80,6,74
121900286,38,126,-88
121900287,3,11,-8
121900288,16,0,16
121900290,167,244,-77
121900291,468,669,-201
121900292,307,107,200
121900293,947,3734,-2787
121900294,205,4,201
121900295,66,284,-218
121900296,46,20,26
121900298,473,423,50
121900299,0,0,0
121900300,41,17,24
121900301,17,0,17
121900302,0,18,-18
121900303,375,378,-3
121900304,0,3,-3
121900305,3,3,0
121900306,51,1,50
121900307,20,21,-1
121900308,8,387,-379
121900309,2,248,-246
121900310,27,518,-491
121900311,192,9,183
121900312,152,16,136
121900313,227,10,217
121900314,6,57,-51
121900315,1,0,1
121900316,1,39,-38
121900317,3,3,0
121900318,0,23,-23
121900319,13,86,-73
121900320,55,102,-47
121900321,10,7,3
121900322,0,31,-31
121900323,23,24,-1
121900324,14,53,-39
121900325,1,0,1
121900326,0,25,-25
121900327,10,97,-87
121900328,0,45,-45
121900329,4,276,-272
121900330,0,11,-11
121900331,29,1,28
121900332,82,18,64
121900333,41,2,39
121900334,141,28,113
122000001,2442,3824,-1382
122000002,4954,1567,3387
122000003,1974,1502,472
122000004,2991,1465,1526
122000005,3149,1145,2004
122000006,3330,543,2787
122000007,1656,1685,-29
122000008,6908,5610,1298
122000009,575,341,234
122000010,2295,3322,-1027
122000011,3295,1281,2014
122000012,1623,971,652
122000013,3465,1548,1917
122000014,1871,3082,-1211
122000015,2060,1106,954
122000016,693,1100,-407
122000017,1032,1002,30
122000018,1560,1191,369
122000019,919,1611,-692
122000020,194,203,-9
122000021,548,648,-100
122000022,1683,1815,-132
122000023,589,3686,-3097
122000024,1301,895,406
122000025,2445,1244,1201
122000026,2184,865,1319
122000027,653,6202,-5549
122000028,914,440,474
122000029,555,301,254
122000030,394,139,255
122000031,221,287,-66
122000032,1883,4614,-2731
122000033,1224,853,371
122000034,847,640,207
122000035,332,976,-644
122000036,625,571,54
122000037,349,240,109
122000038,374,296,78
122000039,691,583,108
122000040,379,466,-87
122000041,573,473,100
122000042,606,434,172
122000043,171,168,3
122000044,165,205,-40
122000045,1696,598,1098
122000046,1045,1184,-139
122000047,339,186,153
122000048,2598,4825,-2227
122000049,4864,2074,2790
122000050,2637,666,1971
122000051,520,418,102
122000052,545,230,315
122000053,177,427,-250
122000054,2486,1963,523
122000055,2661,2447,214
122000056,5811,4033,1778
122000057,3764,2838,926
122000058,5286,924,4362
122000059,4122,1395,2727
122000060,932,522,410
122000061,591,376,215
122000062,1389,294,1095
122000063,2013,465,1548
122000064,3811,2766,1045
122000065,5779,2871,2908
122000066,1252,925,327
122000067,2275,1379,896
122000068,1307,1754,-447
122000069,550,709,-159
122000070,544,4519,-3975
122000071,940,1975,-1035
122000072,548,373,175
122000073,695,493,202
122000074,2119,1317,802
122000075,546,1595,-1049
122000076,1768,1082,686
122000077,1743,588,1155
122000078,3180,1909,1271
122000079,2941,714,2227
122000080,1484,374,1110
122000081,279,416,-137
122000082,1354,698,656
122000083,1147,4989,-3842
122000084,1040,980,60
122000085,196,2095,-1899
122000086,2240,5580,-3340
122000087,324,145,179
122000088,171,237,-66
122000089,6581,3252,3329
122000090,229,394,-165
122000091,393,65,328
122000092,183,11,172
122000093,2156,780,1376
122000094,7550,1388,6162
122000095,2949,2423,526
122000096,2304,1817,487
122000098,3117,1414,1703
122000099,4344,584,3760
122000100,1539,651,888
122000101,264,1092,-828
122000102,1500,1021,479
122000103,1638,1320,318
122000104,267,192,75
122000105,258,259,-1
122000106,573,501,72
122000107,1058,647,411
122000108,299,812,-513
122000109,407,423,-16
122000110,358,528,-170
122000111,2482,965,1517
122000112,842,1218,-376
122000113,649,670,-21
122000114,5462,1827,3635
122000115,1752,2503,-751
122000116,356,374,-18
122000117,866,244,622
122000118,278,411,-133
122000119,2761,1355,1406
122000120,1788,2276,-488
122000121,1847,1979,-132
122000122,749,1159,-410
122000123,1611,1282,329
122000124,674,316,358
122000125,467,576,-109
122000126,505,682,-177
122000127,1124,748,376
122000128,512,696,-184
122000129,290,814,-524
122000130,1960,500,1460
122000131,893,549,344
122000132,653,312,341
122000133,882,1984,-1102
122000134,425,512,-87
122000135,723,690,33
122000136,370,270,100
122000137,933,561,372
122000139,2111,2738,-627
122000140,1776,543,1233
122000141,5302,1090,4212
122000142,861,683,178
122000143,265,217,48
122000144,1229,740,489
122000145,1678,516,1162
122000146,622,927,-305
122000147,1209,383,826
122000148,2939,1254,1685
122000149,1757,867,890
122000150,959,600,359
122000151,219,336,-117
122000152,473,264,209
122000153,464,294,170
122000154,264,188,76
122000155,1239,1650,-411
122000156,1952,1701,251
122000157,2370,1168,1202
122000158,490,603,-113
122000159,1053,1516,-463
122000160,2566,867,1699
122000161,771,498,273
122000162,1823,1094,729
122000163,281,47,234
122000164,21,57,-36
122000165,769,751,18
122000166,1239,1383,-144
122000167,191,235,-44
122000168,173,500,-327
122000169,675,173,502
122000170,223,322,-99
122000171,33,58,-25
122000172,1806,1934,-128
122000173,1495,2800,-1305
122000174,2598,799,1799
122000175,1419,314,1105
122000176,290,725,-435
122000177,1868,1477,391
122000178,3019,3617,-598
122000179,2023,3341,-1318
122000180,1798,1144,654
122000181,1669,3405,-1736
122000182,1808,1518,290
122000183,1606,1451,155
122000184,2523,2047,476
122000185,1201,1158,43
122000186,685,1071,-386
122000187,2439,955,1484
122000188,427,211,216
122000189,281,413,-132
122000190,1278,1076,202
122000191,1430,709,721
122000192,779,391,388
122000193,316,711,-395
122000194,824,167,657
122000195,193,549,-356
122000196,726,604,122
122000197,534,658,-124
122000198,590,1140,-550
122000199,508,412,96
122000200,2110,709,1401
122000201,1318,1596,-278
122000202,1164,1211,-47
122000203,2110,1537,573
122000204,980,2015,-1035
122000205,1261,1185,76
122000206,2265,748,1517
122000207,1197,1045,152
122000208,2602,1452,1150
122000209,3148,466,2682
122000210,2226,2103,123
122000211,1634,1107,527
122000212,686,410,276
122000213,1132,1242,-110
122000214,1842,1632,210
122000215,2207,1588,619
122000217,2305,1474,831
122000218,950,73,877
122000219,1682,1014,668
122000220,328,679,-351
122000221,166,398,-232
122000222,575,82,493
122000223,1003,340,663
122000225,851,189,662
122000226,1061,2177,-1116
122000227,339,3114,-2775
122000228,226,352,-126
122000229,28,377,-349
122000230,51,718,-667
122000231,238,872,-634
122000232,493,1182,-689
122000233,1,115,-114
122000234,167,256,-89
122000235,463,241,222
122000236,430,128,302
122000237,82,57,25
122000238,196,221,-25
122000239,424,120,304
122000240,716,412,304
122000241,666,528,138
122000242,264,93,171
122000243,112,80,32
122000244,33,582,-549
122000245,55,350,-295
122000246,107,219,-112
122000247,473,905,-432
122000248,1683,2169,-486
122000249,417,684,-267
122000250,1341,820,521
122000251,154,451,-297
122000252,508,81,427
122000253,12,231,-219
122000254,134,86,48
122000255,608,1812,-1204
122000256,406,1672,-1266
122000257,115,426,-311
122000258,61,224,-163
122000259,19,795,-776
122000260,19,141,-122
122000261,6,318,-312
122000262,0,73,-73
122000263,126,143,-17
122000264,975,458,517
122000265,2793,899,1894
122000266,5508,595,4913
122000267,59,122,-63
122000268,115,414,-299
122000269,945,284,661
122000270,1295,110,1185
122000271,395,1375,-980
122000272,270,1362,-1092
122000273,298,546,-248
122000274,137,209,-72
122000275,37,240,-203
122000276,241,607,-366
122000277,727,1121,-394
122000278,574,910,-336
122000279,120,394,-274
122000280,813,713,100
122000281,476,754,-278
122000282,159,111,48
122000283,265,50,215
122000284,102,62,40
122000285,327,104,223
122000286,76,167,-91
122000287,679,1480,-801
122000288,274,297,-23
122000291,698,440,258
122000293,472,265,207
122000294,105,210,-105
122000295,1464,275,1189
122000296,55,506,-451
122000297,3360,2328,1032
122000299,230,464,-234
122000300,511,572,-61
122000301,18135,2544,15591
122000302,1171,988,183
122000303,5019,1143,3876
122000304,35,226,-191
122000305,715,287,428
122000306,31,1027,-996
122000307,82,108,-26
122000309,83,61,22
122000310,46,41,5
122000311,209,141,68
122000312,167,52,115
122000313,72,50,22
122000314,168,250,-82
122000315,238,23,215
122000316,418,273,145
122000317,877,285,592
122000318,206,500,-294
122000319,249,837,-588
122000320,333,3292,-2959
122000321,98,299,-201
122000322,2564,4462,-1898
122000323,1849,2308,-459
122000324,1754,1806,-52
122000325,1254,1196,58
122000326,30,137,-107
122000327,274,512,-238
122000328,1393,806,587
122000330,2145,554,1591
122000332,258,398,-140
122000333,2,229,-227
122000337,661,1691,-1030
122000338,231,431,-200
122000340,518,355,163
122000342,3528,990,2538
122000343,407,1984,-1577
122000344,57,31,26
122000345,14,65,-51
122000346,245,694,-449
122000348,270,841,-571
122000349,38,643,-605
122000351,153,364,-211
122000352,272,136,136
122000353,63,199,-136
122000355,145,163,-18
122000356,2483,926,1557
122000357,14,16,-2
122000358,0,77,-77
122000359,1,47,-46
122000360,0,28,-28
122000362,10,130,-120
122000364,96,491,-395
122000365,2,18,-16
122000366,4,2,2
122000368,407,768,-361
122000370,19,37,-18
122000371,8,0,8
122000372,4,0,4
122000381,56,523,-467
122000382,48,237,-189
122000384,5603,2389,3214
122000385,27,0,27
122000386,1138,967,171
122000387,656,632,24
122000388,2448,430,2018
122000389,239,887,-648
122000390,618,290,328
122000391,427,200,227
122000392,151,230,-79
122000393,15,218,-203
122000394,347,326,21
122000395,121,248,-127
122000396,228,117,111
122000397,49,93,-44
122000398,7,57,-50
122000399,93,96,-3
122000400,234,269,-35
122000401,124,114,10
122000402,184,96,88
122000403,409,1301,-892
122000404,110,402,-292
122000408,973,1310,-337
122000503,12,103,-91
122000524,210,115,95
122000544,59,3382,-3323
122000616,483,1,482
122000640,31,166,-135
122000641,33,555,-522
122000642,882,1477,-595
122000643,21,102,-81
122000644,234,19,215
122000645,76,262,-186
122000651,3101,680,2421
122000664,190,30,160
122000665,948,549,399
122000666,607,1115,-508
122000673,21,514,-493
122000674,76,41,35
122000675,1567,1509,58
122000686,308,1611,-1303
122000687,1189,493,696
122000688,140,1122,-982
122000689,440,738,-298
122000690,667,791,-124
122000691,294,3724,-3430
122000692,761,344,417
122000693,338,2203,-1865
122000695,167,671,-504
122000696,140,435,-295
122000698,141,1170,-1029
122000699,107,54,53
122000701,901,414,487
122000702,543,2844,-2301
122000703,121,91,30
122000712,0,0,0
122000717,164,51,113
122000718,275,502,-227
122000719,71,84,-13
122000720,134,307,-173
122000724,106,28,78
122900001,20,4,16
122900002,1266,2974,-1708
122900003,284,43,241
122900004,394,13,381
122900005,27,17,10
122900006,428,157,271
122900007,115,30,85
122900008,559,58,501
122900009,700,326,374
122900010,289,186,103
122900012,118,332,-214
122900014,100,326,-226
122900015,2197,418,1779
122900016,105,346,-241
122900017,511,819,-308
122900018,193,4,189
122900019,1,182,-181
122900020,392,374,18
122900021,44,625,-581
122900022,364,994,-630
122900023,287,424,-137
122900024,106,104,2
122900025,23,155,-132
122900026,139,340,-201
122900027,91,840,-749
122900028,117,168,-51
122900029,4979,2213,2766
122900030,1689,480,1209
122900031,130,133,-3
122900032,92,199,-107
122900033,169,198,-29
122900034,3909,5542,-1633
122900035,36,15,21
122900036,35,310,-275
122900037,364,149,215
122900038,144,2257,-2113
122900039,75,398,-323
122900040,281,467,-186
122900041,175,179,-4
122900042,117,297,-180
122900043,437,259,178
122900044,98,349,-251
122900045,92,138,-46
122900046,95,115,-20
122900047,643,151,492
122900048,62,261,-199
122900049,2067,146,1921
122900051,102,116,-14
122900052,32,140,-108
122900053,29,7,22
122900055,210,145,65
122900057,290,40,250
122900061,358,119,239
122900062,299,369,-70
122900063,124,466,-342
122900064,888,571,317
122900065,471,168,303
122900066,391,251,140
122900067,1964,821,1143
122900068,127,458,-331
122900069,136,996,-860
122900070,225,48,177
122900071,132,480,-348
122900072,14,795,-781
122900073,50,398,-348
122900074,252,883,-631
122900075,2,79,-77
122900076,7,262,-255
122900077,1,222,-221
122900078,122,220,-98
122900080,83,24,59
122900081,146,183,-37
122900082,649,199,450
122900083,158,142,16
122900084,1,284,-283
122900086,4,20,-16
122900087,103,575,-472
122900088,77,92,-15
122900089,10,169,-159
122900090,14,1026,-1012
122900091,84,0,84
122900092,1,293,-292
122900093,2,446,-444
122900094,7,323,-316
122900095,136,3,133
122900096,166,476,-310
122900097,15,10,5
122900098,91,123,-32
122900099,15,5,10
122900100,344,166,178
122900101,974,210,764
122900102,14,6,8
122900103,50,4,46
122900104,48,3,45
122900105,2,9,-7
122900106,0,98,-98
122900107,4,250,-246
122900108,2,232,-230
123000001,2445,394,2051
123000002,6987,3170,3817
123000003,3772,3145,627
123000004,3383,5588,-2205
123000005,2628,2788,-160
123000006,3081,3722,-641
123000007,2971,2673,298
123000008,2551,4420,-1869
123000009,4550,2912,1638
123000010,3863,4051,-188
123000011,4807,711,4096
123000012,1278,2967,-1689
123000013,3166,935,2231
123000014,1638,4750,-3112
123000015,4440,854,3586
123000016,8205,2904,5301
123000017,3658,1515,2143
123000018,48,102,-54
123000019,96,386,-290
123000020,74,177,-103
123000021,44,184,-140
123000022,521,1443,-922
123000023,1322,1453,-131
123000024,1266,662,604
123000025,85,120,-35
123000026,9,147,-138
123000027,286,317,-31
123000028,893,125,768
123000029,1083,385,698
123000030,226,776,-550
123000031,59,582,-523
123000032,199,374,-175
123000033,192,85,107
123000034,832,768,64
123000035,209,266,-57
123000036,246,531,-285
123000037,267,289,-22
123000038,73,311,-238
123000039,423,1007,-584
123000040,1361,377,984
123000041,1600,554,1046
123000042,1397,424,973
123000043,4677,5223,-546
123000044,6706,2084,4622
123000045,11724,2231,9493
123000046,936,844,92
123000047,2520,1565,955
123000048,52,388,-336
123000049,7571,4800,2771
123000050,743,1318,-575
123000051,78,169,-91
123000052,510,3067,-2557
123000053,1934,3660,-1726
123000054,864,1210,-346
123000055,849,1201,-352
123000056,1264,2196,-932
123000057,19061,5915,13146
123000058,723,677,46
123000059,397,546,-149
123000060,641,246,395
123000061,111,851,-740
123000063,569,705,-136
123000064,662,231,431
123000065,9151,3849,5302
123000066,1174,1116,58
123000067,426,562,-136
123000068,2986,4095,-1109
123000069,7698,4348,3350
123000070,278,1025,-747
123000071,588,1239,-651
123000072,899,2090,-1191
123000073,748,990,-242
123000074,763,3112,-2349
123000075,279,940,-661
123000076,524,1472,-948
123000077,2545,4705,-2160
123000078,1055,1981,-926
123000079,1058,2295,-1237
123000080,2087,3471,-1384
123000081,192,844,-652
123000082,366,1566,-1200
123000083,649,179,470
123000084,505,1157,-652
123000085,138,151,-13
123000086,247,696,-449
123000087,127,799,-672
123000088,892,1594,-702
123000089,469,1674,-1205
123000090,985,1732,-747
123000091,1702,1722,-20
123000092,1259,1434,-175
123000094,373,358,15
123000095,334,648,-314
123000096,401,537,-136
123000097,254,1589,-1335
123000098,474,771,-297
123000099,390,1262,-872
123000100,438,580,-142
123000101,692,491,201
123000102,626,589,37
123000104,253,311,-58
123000105,514,659,-145
123000106,447,381,66
123000107,350,737,-387
123000108,817,1900,-1083
123000111,478,298,180
123000112,585,764,-179
123000113,505,2450,-1945
123000114,477,462,15
123000115,242,300,-58
123000116,24,190,-166
123000117,1124,2674,-1550
123000118,376,1267,-891
123000119,220,1410,-1190
123000120,473,1241,-768
123000121,427,746,-319
123000122,467,298,169
123000123,459,728,-269
123000124,542,757,-215
123000125,1219,1040,179
123000126,1718,2663,-945
123000127,1212,938,274
123000128,300,546,-246
123000129,389,240,149
123000130,310,61,249
123000131,629,594,35
123000132,368,619,-251
123000133,300,465,-165
123000134,435,220,215
123000135,1258,1559,-301
123000136,157,1766,-1609
123000137,79,528,-449
123000138,67,545,-478
123000139,308,137,171
123000140,127,774,-647
123000141,722,87,635
123000142,977,1212,-235
123000143,1398,3070,-1672
123000144,14,11,3
123000145,301,106,195
123000146,93,120,-27
123000147,159,187,-28
123000149,304,325,-21
123000150,143,236,-93
123000151,214,396,-182
123000152,41,420,-379
123000153,92,424,-332
123000154,1998,1377,621
123000155,2748,772,1976
123000156,36,106,-70
123000157,449,798,-349
123000158,585,600,-15
123000159,4073,2040,2033
123000160,440,420,20
123000161,1077,772,305
123000162,496,1347,-851
123000163,192,31,161
123000164,947,283,664
123000165,252,2506,-2254
123000166,25,188,-163
123000167,107,350,-243
123000168,136,439,-303
123000169,424,99,325
123000170,56,559,-503
123000171,241,79,162
123000172,149,826,-677
123000173,381,169,212
123000174,716,258,458
123000175,1113,1458,-345
123000176,400,91,309
123000177,283,1174,-891
123000178,551,122,429
123000179,32,1087,-1055
123000180,970,387,583
123000181,339,1630,-1291
123000182,110,605,-495
123000183,81,307,-226
123000184,47,1064,-1017
123000185,363,590,-227
123000186,4,721,-717
123000187,311,3,308
123000188,116,2,114
123000189,137,211,-74
123000190,46,71,-25
123000192,32,370,-338
123000193,42,681,-639
123000194,518,330,188
123000195,168,18,150
123000196,200,6,194
123000197,50,113,-63
123000198,19,256,-237
123000199,9,712,-703
123000200,258,25,233
123000201,576,22,554
123000202,56,1467,-1411
123000203,607,65,542
123000204,68,1476,-1408
123000205,560,2504,-1944
123000206,1375,143,1232
123000207,128,1278,-1150
123000208,282,88,194
123000209,1488,348,1140
123000210,467,2352,-1885
123000211,539,3606,-3067
123000212,1782,355,1427
123000213,421,59,362
123000215,205,133,72
123000216,244,420,-176
123000217,150,32,118
123000218,111,331,-220
123000219,1177,42,1135
123000220,376,72,304
123000221,103,187,-84
123000222,286,696,-410
123000223,114,786,-672
123000224,270,821,-551
123000225,200,132,68
123000226,58,460,-402
123000227,79,419,-340
123000228,155,71,84
123000229,1231,2498,-1267
123000232,64,655,-591
123000233,446,164,282
123000234,189,812,-623
123000235,384,359,25
123000236,188,983,-795
123000237,233,62,171
123000238,68,917,-849
123000239,426,2509,-2083
123000240,35,348,-313
123000241,1108,162,946
123000242,73,271,-198
123000243,657,1088,-431
123000244,855,605,250
123000245,87,159,-72
123000249,644,881,-237
123000252,543,152,391
123000253,508,413,95
123000254,398,1162,-764
123000255,603,680,-77
123000256,36,223,-187
123000257,4478,2819,1659
123000258,879,1415,-536
123000259,109,485,-376
123000260,352,885,-533
123000261,110,276,-166
123000262,105,396,-291
123000263,316,151,165
123000264,139,53,86
123000265,79,223,-144
123000266,403,789,-386
123000267,256,289,-33
123000268,35,75,-40
123000269,22,67,-45
123000270,22,27,-5
123000271,60,61,-1
123000272,853,232,621
123000273,235,469,-234
123000274,924,444,480
123000275,209,1047,-838
123000278,3799,2664,1135
123000279,84,133,-49
123000280,284,359,-75
123000281,255,58,197
123000282,133,230,-97
123000283,65,42,23
123000284,87,160,-73
123000286,207,262,-55
123000287,482,281,201
123000288,824,437,387
123000289,470,647,-177
123000291,315,833,-518
123000294,287,249,38
123000295,734,687,47
123000296,352,315,37
123000297,270,1293,-1023
123000298,265,967,-702
123000299,27,421,-394
123000300,624,849,-225
123000301,56,205,-149
123000302,50,290,-240
123000303,78,59,19
123000305,1018,1050,-32
123000306,70,325,-255
123000309,63,70,-7
123000310,50,21,29
123000311,0,124,-124
123000312,1265,1193,72
123000313,265,353,-88
123000315,30,513,-483
123000316,2749,134,2615
123000317,246,59,187
123000318,47,468,-421
123000329,10,21,-11
123000337,332,267,65
123000338,505,52,453
123000339,108,311,-203
123000340,122,451,-329
123000342,23,253,-230
123000343,128,1,127
123000344,1262,498,764
123000345,297,800,-503
123000346,236,95,141
123000352,2583,768,1815
123000353,12,209,-197
123000354,231,6,225
123000355,3,691,-688
123000356,104,3,101
123000357,1,396,-395
123000359,3,299,-296
123000360,153,62,91
123000361,843,326,517
123000362,186,201,-15
123000363,76,257,-181
123000364,602,311,291
123000365,23,306,-283
123000366,264,1525,-1261
123000367,203,1360,-1157
123000370,28,424,-396
123000371,102,17,85
123000372,139,17,122
123000373,6,407,-401
123000374,3,261,-258
123000375,179,17,162
123000376,662,649,13
123000377,169,8,161
123000378,11,704,-693
123000379,0,235,-235
123000380,31,180,-149
123000381,202,29,173
123000382,1005,48,957
123000383,297,646,-349
123000384,511,128,383
123000385,234,939,-705
123000436,64,989,-925
123000507,155,447,-292
123000508,220,424,-204
123000517,293,28,265
123000518,33,354,-321
123000519,113,84,29
123000520,73,304,-231
123000521,257,96,161
123000522,175,737,-562
123000541,2,1,1
123000542,0,51,-51
123000565,314,15,299
123000566,101,1018,-917
123000567,143,316,-173
123000573,36,1215,-1179
123000574,367,60,307
123000575,954,1605,-651
123000576,585,3523,-2938
123000577,103,773,-670
123000578,797,51,746
123000579,5575,3492,2083
123000580,79,10,69
123000582,202,34,168
123000583,8,708,-700
123000584,143,220,-77
123000585,0,145,-145
123000586,83,0,83
123000596,124,210,-86
123000597,40,89,-49
123000602,21,3,18
123000603,312,1086,-774
123000604,393,1719,-1326
123000605,872,177,695
123000606,2,208,-206
123000609,17,242,-225
123000610,113,88,25
123000613,35,227,-192
123000614,96,50,46
123000615,53,377,-324
123000616,231,33,198
123000617,36,510,-474
123000618,60,710,-650
123000619,394,32,362
123000620,18,833,-815
123000622,190,16,174
123000624,65,165,-100
123000630,623,475,148
123000631,278,3546,-3268
123000632,1278,1649,-371
123000633,1,273,-272
123000634,118,35,83
123000635,342,98,244
123000636,11,985,-974
123000637,136,79,57
123000638,327,191,136
123000639,949,2152,-1203
123000640,60,1532,-1472
123000648,173,90,83
123000649,14,900,-886
123900001,1484,57,1427
123900002,30,935,-905
123900003,379,977,-598
123900005,253,107,146
123900006,180,29,151
124000001,1276,96,1180
124000002,129,2581,-2452
124000003,412,131,281
124000004,58,1051,-993
124000005,612,269,343
124000006,303,1640,-1337
124000007,1141,128,1013
124000008,33,539,-506
124000009,358,524,-166
124000010,93,707,-614
124000011,1130,485,645
124000012,255,1330,-1075
124000017,89,73,16
124000018,93,118,-25
124000019,126,90,36
124000020,68,236,-168
124000021,100,63,37
124000022,77,252,-175
124000023,1431,1313,118
124000024,1058,888,170
124000025,1155,1367,-212
124000026,1284,1440,-156
124000027,5053,4677,376
124000028,3154,4867,-1713
124000030,3379,1370,2009
124000031,857,1186,-329
124000032,8645,1168,7477
124000033,654,543,111
124000034,5130,1369,3761
124000035,148,84,64
124000036,179,760,-581
124000037,202,657,-455
124000038,43,152,-109
124000039,828,322,506
124000040,661,562,99
124000041,178,67,111
124000042,36,422,-386
124000043,48,82,-34
124000044,46,332,-286
124000045,417,561,-144
124000046,186,990,-804
124000047,817,1112,-295
124000048,538,2710,-2172
124000049,919,618,301
124000050,449,3330,-2881
124000051,404,411,-7
124000052,451,1849,-1398
124000053,406,1010,-604
124000054,845,786,59
124000055,1025,1355,-330
124000056,5133,1685,3448
124000057,708,450,258
124000058,361,1959,-1598
124000059,385,628,-243
124000060,976,1336,-360
124000061,1215,3426,-2211
124000062,11087,2275,8812
124000063,1417,1988,-571
124000064,2781,1953,828
124000065,562,244,318
124000066,466,59,407
124000067,93,341,-248
124000068,20,126,-106
124000069,435,366,69
124000070,126,613,-487
124000071,73,99,-26
124000072,148,624,-476
124000073,633,123,510
124000074,233,1136,-903
124000075,75,37,38
124000076,4,278,-274
124000077,2584,754,1830
124000078,1546,557,989
124000079,491,916,-425
124000080,185,124,61
124000081,145,965,-820
124000082,33,111,-78
124000083,45,229,-184
124000084,42,324,-282
124000085,42,71,-29
124000086,54,132,-78
124000087,78,72,6
124000088,70,382,-312
124000089,491,463,28
124000090,110,462,-352
124000091,707,185,522
124000092,139,930,-791
124000093,71,76,-5
124000094,77,477,-400
124000095,32,61,-29
124000096,82,327,-245
124000097,80,97,-17
124000098,29,172,-143
124000099,126,99,27
124000100,54,95,-41
124000101,51,88,-37
124000102,98,126,-28
124000103,61,103,-42
124000104,71,107,-36
124000105,32,65,-33
124000106,160,143,17
124000107,18,167,-149
124000108,51,48,3
124000109,101,105,-4
124000110,224,146,78
124000111,185,120,65
124000112,578,932,-354
124000113,58,89,-31
124000114,206,815,-609
124000115,322,1140,-818
124000116,73,87,-14
124000117,86,137,-51
124000118,28,53,-25
124000119,767,664,103
124000120,384,727,-343
124000121,3973,823,3150
124000122,706,1212,-506
124000123,780,394,386
124000124,543,920,-377
124000125,335,344,-9
124000126,291,621,-330
124000127,567,329,238
124000128,547,969,-422
124000129,1730,1379,351
124000130,726,810,-84
124000131,864,452,412
124000132,817,931,-114
124000133,774,629,145
124000134,739,891,-152
124000135,1459,1444,15
124000136,962,1291,-329
124000137,900,514,386
124000138,1215,1198,17
124000139,370,38,332
124000140,14,467,-453
124000141,238,8,230
124000142,25,616,-591
124000143,43,4,39
124000144,19,215,-196
124000145,55,17,38
124000146,8,129,-121
124000148,14,38,-24
124000149,703,277,426
124000150,304,583,-279
124000151,508,276,232
124000152,700,1365,-665
124000153,350,455,-105
124000154,269,1034,-765
124000155,1054,673,381
124000156,1747,927,820
124000169,221,304,-83
124000170,866,535,331
124000171,202,245,-43
124000172,335,737,-402
124000173,271,405,-134
124000174,284,911,-627
124000175,13,143,-130
124000176,16,8,8
124000177,3,33,-30
124000178,5,26,-21
124000190,251,21,230
124000191,1559,83,1476
124000192,2614,326,2288
124000193,613,1694,-1081
124000194,383,664,-281
124000195,253,623,-370
124000196,867,1262,-395
124000197,22,86,-64
124000198,22,39,-17
124000201,275,1462,-1187
124000202,417,148,269
124000203,128,1573,-1445
124000204,291,1037,-746
124000205,32,983,-951
124000206,246,716,-470
124000207,0,51,-51
124000209,382,1083,-701
124000210,160,224,-64
124000211,240,4,236
124000212,1,740,-739
124000213,153,609,-456
124000214,155,1438,-1283
124000215,161,10,151
124000216,2,779,-777
124000329,67,4143,-4076
124000338,24,2320,-2296
124000339,381,79,302
124000341,482,50,432
124000344,24,8,16
124000357,914,2333,-1419
124000358,781,1540,-759
124000359,811,791,20
124000360,502,484,18
124000361,1694,682,1012
124000362,1944,3750,-1806
124000363,298,588,-290
124000364,531,1166,-635
124000365,584,1348,-764
124000366,2364,848,1516
124000367,166,1091,-925
124000368,263,203,60
124000369,166,95,71
124000370,135,1440,-1305
124000402,13,4,9
124000403,34,7,27
124000404,5,108,-103
124000405,811,644,167
124000406,908,847,61
124000407,5,36,-31
124000411,6,392,-386
124000412,179,21,158
124000413,455,47,408
124000414,20,106,-86
124000415,31,296,-265
124000416,90,493,-403
124000417,124,110,14
124000418,109,141,-32
124000419,62,259,-197
124000420,33,75,-42
124000421,28,396,-368
124000422,21,10,11
124000423,131,48,83
124000424,5,229,-224
124000425,43,30,13
124000426,4,399,-395
124000427,52,21,31
124000428,25,32,-7
124000429,18,46,-28
124000430,574,882,-308
124000431,186,937,-751
124000432,90,1042,-952
124000439,1,29,-28
124000443,0,3,-3
124000445,303,919,-616
124000446,4319,103,4216
124000447,1,7,-6
124900001,386,284,102
124900002,117,559,-442
124900003,686,635,51
124900004,439,426,13
124900005,237,345,-108
124900006,499,430,69
124900008,1283,498,785
124900009,101,189,-88
124900010,82,40,42
124900011,263,133,130
124900012,407,97,310
124900013,327,153,174
124900014,130,93,37
124900015,115,209,-94
124900016,61,67,-6
124900017,699,448,251
124900018,38,1,37
124900020,34,36,-2
124900021,81,22,59
124900022,53,13,40
124900024,186,25,161
124900026,85,8,77
124900027,44,297,-253
124900028,834,119,715
124900029,9,349,-340
124900030,4,173,-169
124900031,21,482,-461
124900032,251,185,66
124900033,93,553,-460
124900034,1,146,-145
124900035,126,606,-480
124900036,0,37,-37
124900037,105,520,-415
124900038,317,554,-237
124900039,0,21,-21
124900040,41,109,-68
124900041,288,2119,-1831
124900042,56,0,56
124900043,391,1795,-1404
124900044,45,0,45
124900045,660,1114,-454
124900047,85,240,-155
124900048,166,244,-78
124900050,159,378,-219
124900052,81,437,-356
124900053,35,375,-340
124900054,5699,362,5337
124900055,1,145,-144
124900057,7,143,-136
124900060,96,366,-270
124900061,22,8,14
124900062,84,13,71
124900066,0,19,-19
124900067,8,358,-350
124900068,200,234,-34
124900070,26,17,9
124900072,45,25,20
124900075,138,239,-101
124900076,23,610,-587
124900077,25,110,-85
124900078,68,9,59
124900079,903,72,831
124900080,273,1218,-945
124900081,598,296,302
124900082,415,1895,-1480
124900083,200,790,-590
124900085,1430,266,1164
124900086,48,1115,-1067
124900087,657,95,562
124900088,613,96,517
124900089,1809,34,1775
124900090,197,200,-3
124900091,205,758,-553
124900092,171,558,-387
124900093,188,166,22
124900094,209,218,-9
124900095,67,329,-262
124900096,477,207,270
124900097,183,61,122
124900098,80,501,-421
124900099,752,368,384
124900100,154,41,113
124900101,28,272,-244
124900102,114,17,97
124900103,107,424,-317
124900104,57,275,-218
124900105,71,180,-109
124900106,312,20,292
124900107,48,7,41
124900108,199,39,160
124900111,0,50,-50
124900112,20,1039,-1019
124900113,110,221,-111
124900114,187,69,118
124900115,30,23,7
124900116,117,91,26
124900117,1083,135,948
124900118,127,152,-25
124900119,239,105,134
124900120,28,477,-449
124900121,72,214,-142
124900122,673,251,422
124900123,327,82,245
124900124,151,237,-86
204000001,35,9,26
204000002,24,14,10
204000003,9,3,6
204000004,3,1,2
204000005,385,592,-207
204000006,997,1971,-974
204000011,7,79,-72
204000012,55,93,-38
204000019,477,625,-148
204000020,410,1145,-735
204000021,2461,1051,1410
204000022,442,527,-85
204000023,385,1380,-995
204000031,79,28,51
204000032,514,39,475
204000034,18,278,-260
204000035,3,8,-5
204000036,4,14,-10
204000037,1,13,-12
204000038,6,33,-27
204000039,1,45,-44
204000040,5,45,-40
204000041,3,51,-48
204000042,11,9,2
204000043,5,3,2
204000044,14,1,13
204000045,10,2,8
204000046,7,1,6
204000057,0,18,-18
204000062,27,171,-144
204000068,36,142,-106
204000069,26,205,-179
204000070,59,112,-53
204000080,29,50,-21
204000085,1290,1822,-532
204000086,3275,2600,675
204000087,44,18,26
204000088,2,126,-124
204000090,5,434,-429
204000093,135,113,22
204000096,603,978,-375
204000097,171,78,93
204000099,724,1419,-695
204000100,818,1235,-417
204000105,1751,2099,-348
204000110,761,1382,-621
204000111,379,972,-593
204000112,424,1220,-796
204000113,300,1101,-801
204000114,383,466,-83
204000115,382,417,-35
204000116,495,730,-235
204000119,1446,2438,-992
204000132,385,199,186
204000133,509,228,281
204000134,82,161,-79
204000135,290,105,185
204000136,222,308,-86
204000138,177,205,-28
204000140,135,125,10
204000141,125,70,55
204000144,5,37,-32
204000145,344,32,312
204000146,28,476,-448
204000147,22,142,-120
204000148,308,52,256
204000154,6,1,5
204000155,3,16,-13
204000177,44,63,-19
204000179,19,14,5
204000180,0,23,-23
204000222,0,4,-4
204000235,7,9,-2
204000236,43,391,-348
204000238,14,69,-55
204000240,225,67,158
204000263,494,1638,-1144
204000268,941,886,55
204000308,215,42,173
204000317,8,79,-71
204000322,2,37,-35
204000323,28,32,-4
204000328,181,159,22
204000329,64,199,-135
204000330,203,154,49
204000331,60,162,-102
205000001,964,1567,-603
205000013,14,61,-47
205000014,7,89,-82
205000015,21,182,-161
205000016,14,150,-136
205000017,25,77,-52
205000022,262,626,-364
205000025,1711,1094,617
205000029,167,1,166
205000045,95,271,-176
205000046,46,770,-724
205000047,24,670,-646
205000048,213,1396,-1183
205000049,99,908,-809
205000050,1791,296,1495
205000059,1,323,-322
205000060,0,75,-75
205000061,4,41,-37
205000062,7,54,-47
205000063,23,158,-135
205000064,12,160,-148
205000065,76,675,-599
205000066,99,1033,-934
205000067,53,1324,-1271
205000069,147,28,119
205000082,134,451,-317
205000110,107,223,-116
205000111,170,296,-126
205000112,125,163,-38
205000113,159,253,-94
205000121,142,126,16
205000123,44,200,-156
205000126,543,250,293
205000127,649,369,280
205000128,658,222,436
205000129,653,256,397
205000130,1127,78,1049
205000131,699,19,680
205000132,918,2,916
205000133,581,1,580
205000134,189,0,189
205000137,62,144,-82
205000138,147,245,-98
205000139,13,86,-73
205000144,61,86,-25
205000145,242,283,-41
205000151,205,93,112
205000152,134,56,78
205000153,118,114,4
205000154,39,115,-76
205000155,81,38,43
205000207,4,161,-157
205000233,29,0,29
205000234,0,2,-2
205000243,0,0,0
205000244,0,1,-1
205000245,13,443,-430
205000249,0,30,-30
205000250,1,0,1
205000264,9,78,-69
206000027,4,5,-1
206000028,2,3,-1
206000043,10,159,-149
206000053,5,9,-4
206000054,7,41,-34
206000055,0,40,-40
206000075,10,9,1
206000076,11,7,4
206000077,12,9,3
206000078,2,6,-4
206000079,1,6,-5
206000082,400,16,384
206000100,113,970,-857
206000103,4,17,-13
206000104,10,17,-7
206000105,4,31,-27
206000106,14,47,-33
206000125,24,0,24
206000157,49,913,-864
206000170,1,232,-231
206000171,1,235,-234
206000172,4,1194,-1190
206000173,2,402,-400
206000174,4,185,-181
206000175,5,266,-261
206000176,22,542,-520
206000177,2,320,-318
206000178,1,268,-267
206000179,7,133,-126
206000180,13,371,-358
206000181,6,506,-500
206000182,18,573,-555
206000183,20,1588,-1568
206000184,7,565,-558
206000185,6,551,-545
206000186,64,2588,-2524
206000223,3,353,-350
206000226,5,15,-10
206000227,9,0,9
206000237,30,591,-561
206000238,28,972,-944
206000239,787,3471,-2684
206000240,1,45,-44
206000241,0,248,-248
206000242,8,647,-639
206000243,6,541,-535
206000244,33,1291,-1258
206000245,281,44,237
206000246,43,5,38
206000247,77,9,68
206000248,147,23,124
206000252,82,18,64
206000258,12,43,-31
206000315,54,5,49
206000317,223,75,148
206000318,251,36,215
206000319,371,69,302
206000320,29,25,4
206000321,53,10,43
206000322,147,9,138
206000323,75,9,66
206000324,44,3,41
206000325,93,5,88
206000326,111,2,109
206000327,300,14,286
206000328,70,4,66
206000329,59,7,52
206000330,27,6,21
206000331,46,4,42
206000332,7,4,3
206000333,191,2,189
206000334,122,1,121
206000335,0,25,-25
206000361,0,252,-252
206000392,4,59,-55
206000405,78,0,78
206000441,11,15,-4
206000498,31,1,30
206000515,95,29,66
206000530,85,54,31
206000531,129,50,79
206000532,2932,106,2826
206000535,384,3316,-2932
206000536,21,403,-382
206000537,9,245,-236
206000613,981,147,834
206000784,402,31,371
207000001,165,612,-447
207000002,132,407,-275
207000003,133,279,-146
207000007,552,285,267
207000008,15,11,4
207000009,19,32,-13
207000010,392,864,-472
207000012,247,230,17
207000015,340,2652,-2312
207000019,285,109,176
207000021,468,137,331
207000022,215,103,112
207000023,144,47,97
207000024,1,7,-6
207000025,26,75,-49
207000026,88,60,28
207000027,25,105,-80
207000028,123,250,-127
207000029,292,471,-179
207000033,255,281,-26
207000034,229,85,144
207000039,249,158,91
207000040,173,127,46
207000041,39,44,-5
207000042,197,83,114
207000043,192,175,17
207000051,130,494,-364
207000052,9,246,-237
207000053,424,912,-488
207000054,27,176,-149
207000055,150,248,-98
207000056,267,623,-356
207000057,127,402,-275
207000058,124,791,-667
207000059,76,1437,-1361
207000060,58,475,-417
207000061,143,249,-106
207000062,201,83,118
207000063,195,182,13
207000064,320,160,160
207000065,277,249,28
207000066,123,218,-95
207000067,34,158,-124
207000068,121,97,24
207000069,583,376,207
207000082,36,532,-496
207000083,51,649,-598
207000084,120,200,-80
207000085,119,8,111
207000086,99,6,93
207000106,33,26,7
207000107,34,24,10
207000108,35,12,23
207000109,23,27,-4
207000110,27,65,-38
207000111,46,65,-19
207000112,215,302,-87
207000114,15,32,-17
207000115,12,86,-74
207000116,9,358,-349
207000117,15,129,-114
207000118,7,119,-112
207000119,38,117,-79
207000123,160,35,125
207000124,91,12,79
207000125,52,38,14
207000126,58,45,13
207000134,31,341,-310
207000135,25,398,-373
207000148,23,191,-168
207000149,71,40,31
207000152,154,367,-213
207000153,886,1248,-362
207000154,530,198,332
207000159,81,348,-267
207000160,125,920,-795
207000238,1,150,-149
207000242,2,275,-273
207000248,28,17,11
207000249,161,43,118
207000250,871,50,821
207000251,87,75,12
207000252,34,82,-48
207000278,49,97,-48
207000279,18,384,-366
207000280,226,66,160
207000281,88,2011,-1923
207000282,198,32,166
207000283,157,402,-245
207000284,53,75,-22
207000285,207,41,166
207000291,7,124,-117
207000304,100,61,39
207000306,53,555,-502
207000310,65,82,-17
207000353,295,6,289
207000356,20,23,-3
207000357,9,3,6
207000358,6,18,-12
207000415,3,203,-200
207000417,29,1,28
207000418,104,181,-77
207000438,0,7,-7
207000439,1058,469,589
207000446,99,3,96
207000460,10,12,-2
207000466,222,249,-27
207000467,98,91,7
207000468,34,761,-727
207000476,0,111,-111
207000477,355,88,267
207000478,1,12,-11
207000523,0,17,-17
207000524,35,0,35
207000527,73,163,-90
207000530,237,9,228
207000531,198,7,191
207000532,41,17,24
207000534,603,49,554
207000535,32,310,-278
207000537,31,132,-101
207000540,10,197,-187
207000541,0,360,-360
207000548,4,303,-299
207000549,156,11,145
207000561,91,120,-29
207000562,20,204,-184
207000567,153,347,-194
207000568,82,150,-68
207000569,242,1583,-1341
207000584,277,193,84
207000585,66,257,-191
207000587,29,20,9
207000616,1,311,-310
207000617,80,0,80
207000624,51,33,18
207000631,3,62,-59
207900008,120,392,-272
208000001,393,907,-514
208000002,400,605,-205
208000003,841,772,69
208000004,987,913,74
208000005,24,11,13
208000019,360,866,-506
208000020,159,437,-278
208000021,129,853,-724
208000022,636,972,-336
208000028,1323,756,567
208000033,347,1040,-693
208000034,1335,2696,-1361
208000037,614,83,531
208000040,57,167,-110
208000041,675,425,250
208000042,795,502,293
208000047,96,588,-492
208000064,2190,1674,516
208000066,1397,1280,117
208000070,230,395,-165
208000071,293,1058,-765
208000072,270,1537,-1267
208000080,189,402,-213
208000081,197,202,-5
208000082,198,393,-195
208000083,139,460,-321
208000084,28,10,18
208000085,853,737,116
208000086,493,1035,-542
208000087,248,954,-706
208000089,741,1112,-371
208000090,609,1649,-1040
208000093,119,182,-63
208000094,462,907,-445
208000095,535,464,71
208000104,810,1113,-303
208000105,435,1254,-819
208000114,63,162,-99
208000115,409,441,-32
208000116,283,933,-650
208000117,94,173,-79
208000118,103,90,13
208000155,569,1149,-580
208000158,1492,3702,-2210
208000186,2854,3326,-472
208000204,430,1397,-967
208000205,1045,1898,-853
208000282,3935,2263,1672
209000004,134,282,-148
209000005,19,33,-14
209000006,685,111,574
209000007,459,193,266
209000010,541,159,382
209000011,182,247,-65
209000012,87,286,-199
209000013,157,766,-609
209000014,601,2214,-1613
209000025,249,38,211
209000026,667,110,557
209000027,328,1359,-1031
209000028,229,1248,-1019
209000029,772,1273,-501
209000030,578,2558,-1980
209000031,5856,3232,2624
209000034,189,176,13
209000035,125,188,-63
209000036,175,126,49
209000037,128,275,-147
209000038,84,211,-127
209000039,42,221,-179
209000040,289,579,-290
209000041,133,482,-349
209000042,225,399,-174
209000043,730,702,28
209000044,180,718,-538
209000045,1184,441,743
209000046,386,592,-206
209000047,331,247,84
209000048,368,257,111
209000049,62,237,-175
209000050,174,307,-133
209000051,297,692,-395
209000052,165,612,-447
209000062,36,245,-209
209000063,40,253,-213
209000064,22,235,-213
209000065,30,56,-26
209000066,42,50,-8
209000067,43,77,-34
209000080,39,174,-135
209000082,51,52,-1
209000091,26,149,-123
209000093,68,54,14
209000094,195,261,-66
209000110,30,76,-46
209000111,233,1439,-1206
209000112,481,559,-78
209000113,1662,488,1174
209000114,224,377,-153
209000115,86,276,-190
209000116,1247,900,347
209000118,53,59,-6
209000119,83,10,73
209000121,132,913,-781
209000135,68,94,-26
209000142,577,1214,-637
209000143,146,90,56
209000144,99,92,7
209000229,145,249,-104
209000240,42,638,-596
209000259,111,201,-90
209000260,65,1043,-978
209000261,2,712,-710
209000262,5,666,-661
209000263,0,146,-146
209000264,0,48,-48
209000265,283,10,273
209000266,74,1,73
209000267,431,10,421
209000268,377,44,333
210000037,39,34,5
210000047,58,31,27
210000048,40,52,-12
210000049,32,38,-6
210000052,25,134,-109
210000053,19,117,-98
210000054,46,102,-56
210000070,88,1,87
210000071,50,0,50
210000072,7,0,7
210000073,0,51,-51
210000074,0,122,-122
210000075,0,50,-50
210000076,14,120,-106
210000077,47,58,-11
210000078,61,32,29
210000079,66,17,49
210000080,222,63,159
210000081,135,5,130
210000082,51,2,49
210000083,61,0,61
210000084,28,0,28
210000085,1,126,-125
210000086,6,131,-125
210000099,30,257,-227
210000100,54,292,-238
210000101,55,320,-265
210000105,28,239,-211
210000159,0,132,-132
210000163,205,317,-112
210000164,315,132,183
210000168,197,21,176
210000187,0,11,-11
210000188,0,24,-24
210000214,11,0,11
210000219,36,84,-48
210000220,51,167,-116
210000232,3,24,-21
210000233,27,57,-30
210000234,22,164,-142
210000235,32,193,-161
210000245,0,75,-75
210000246,6,1,5
210000258,7,85,-78
210000259,253,30,223
210000282,71,188,-117
210000285,1,104,-103
210000286,10,139,-129
210000290,4,5,-1
210000295,28,221,-193
210000296,46,114,-68
210000320,126,191,-65
210000321,135,115,20
210000338,96,155,-59
210000339,528,998,-470
210000340,80,367,-287
210000341,135,364,-229
210000342,149,309,-160
210000343,123,276,-153
210000344,318,151,167
210000345,297,232,65
210000346,91,130,-39
210000347,205,62,143
210000348,218,10,208
210000349,152,23,129
210000350,53,53,0
210000351,80,118,-38
210000352,32,148,-116
210000353,40,151,-111
210000354,63,147,-84
210000355,99,126,-27
210000356,173,102,71
210000357,70,75,-5
210000358,480,129,351
210000359,168,56,112
210000360,151,126,25
210000361,129,163,-34
210000362,172,225,-53
210000363,905,159,746
210000364,130,164,-34
210000365,86,55,31
210000366,106,55,51
210000367,79,39,40
210000368,186,34,152
210000369,20,47,-27
210000370,94,112,-18
210000372,79,75,4
210000373,162,29,133
210000374,52,14,38
210000375,30,116,-86
210000376,92,188,-96
210000404,64,205,-141
210000439,34,104,-70
210000472,93,2,91
210000482,70,57,13
210000564,547,292,255
210000567,0,25,-25
210000568,644,3,641
211000092,11,78,-67
211000094,35,7,28
211000169,165,8,157
211000172,16,402,-386
211000209,0,23,-23
211000226,7,48,-41
211000270,36,8,28
211000275,31,26,5
211000276,56,31,25
211000279,13,110,-97
211000281,13,93,-80
211000302,1,32,-31
211507980,0,30,-30
211977296,28,3,25
212000003,134,78,56
212000004,103,20,83
212000005,23,49,-26
212000006,32,132,-100
212000008,109,292,-183
212000009,14,253,-239
212000012,40,92,-52
212000013,8,83,-75
212000014,223,224,-1
212000015,189,279,-90
212000016,402,769,-367
212000027,446,712,-266
212000028,296,614,-318
212000029,128,362,-234
212000030,14,33,-19
212000031,30,91,-61
212000048,15,138,-123
212000049,6,97,-91
212000050,11,5,6
212000051,146,361,-215
212000052,121,587,-466
212000053,308,766,-458
212000054,94,235,-141
212000055,214,436,-222
212000056,10,56,-46
212000057,12,38,-26
212000058,595,43,552
212000070,77,436,-359
212000077,83,987,-904
212000099,192,399,-207
212000108,313,283,30
212000111,158,188,-30
212000120,234,163,71
212000138,84,22,62
212000156,8,153,-145
212000158,13,10,3
212000159,213,46,167
212000160,321,303,18
212000161,51,10,41
212000310,30,12,18
212000311,9,132,-123
212000374,12,6,6
213000001,19,893,-874
213000005,189,142,47
213000006,780,176,604
213000007,127,15,112
213000009,550,323,227
213000010,168,247,-79
213000011,189,135,54
213000012,176,325,-149
213000014,42,6,36
213000015,186,2,184
213000016,223,0,223
213000017,31,0,31
213000018,1,185,-184
213000019,2,194,-192
213000020,124,442,-318
213000021,6,165,-159
213000023,192,244,-52
213000033,247,1193,-946
213000034,658,424,234
213000035,81,213,-132
213000045,149,284,-135
213000046,208,243,-35
213000047,603,818,-215
213000056,48,30,18
213000069,101,1,100
213000073,0,18,-18
213000074,135,806,-671
213000075,321,10,311
213000076,31,0,31
213000085,5,41,-36
213000086,10,274,-264
213000091,86,12,74
213000092,54,12,42
213000099,223,983,-760
213000100,1182,230,952
213000101,181,160,21
213000102,172,409,-237
213000103,656,951,-295
213000104,41,683,-642
213000105,1,106,-105
213000106,13,238,-225
213000107,145,924,-779
213000108,20,650,-630
213000109,4,392,-388
213000110,7,71,-64
213000111,11,44,-33
213000112,157,126,31
213000115,27,3,24
213000116,111,1268,-1157
213000117,15,1798,-1783
213000118,231,405,-174
213000119,51,1113,-1062
213000120,119,1160,-1041
213000122,418,1010,-592
213000123,866,1465,-599
213000124,77,1411,-1334
213000125,152,13,139
213000126,16,96,-80
213000127,138,170,-32
213000128,984,838,146
213000129,567,379,188
213000130,210,237,-27
213000132,146,100,46
213000133,208,69,139
213000134,573,8,565
213000136,230,11,219
213000137,416,64,352
213000139,487,16,471
213000147,75,1,74
213000148,13,9,4
213000149,23,3,20
213000150,0,108,-108
213000151,1,99,-98
213000152,3,91,-88
213000153,0,37,-37
213000154,10,362,-352
213000155,40,632,-592
213000156,96,1266,-1170
213000157,1434,676,758
213000158,247,928,-681
213000159,375,956,-581
213000163,292,89,203
213000165,390,184,206
213000171,2,198,-196
213000172,3,458,-455
213000173,2,362,-360
213000174,3,269,-266
213000175,4,192,-188
213000176,13,34,-21
213000177,27,2,25
213000178,59,4,55
213000179,131,0,131
213000180,48,1,47
213000184,52,637,-585
213000188,163,77,86
213000189,170,34,136
213000190,628,1099,-471
213000191,155,587,-432
213000192,115,782,-667
213000193,2804,217,2587
213000194,0,34,-34
213000195,23,736,-713
213000196,278,1257,-979
213000197,298,551,-253
213000198,45,3,42
213000200,118,1344,-1226
213000201,85,58,27
213000202,15,1277,-1262
213000203,4763,489,4274
213000204,526,50,476
213000205,136,92,44
213000206,324,48,276
213000207,84,3,81
213000208,61,1,60
213000209,131,2,129
213000210,353,4,349
213000211,23,3,20
213000212,18,6,12
213000213,11,27,-16
213000218,193,1367,-1174
213000219,270,9,261
213000220,319,11,308
213000223,203,138,65
213000224,34,45,-11
213000225,39,2,37
213000226,56,5,51
213000227,551,236,315
213000228,180,81,99
213000229,429,38,391
213000230,228,19,209
213000232,83,697,-614
213000233,12,15,-3
213000234,6,40,-34
213000293,15,82,-67
213000294,117,9,108
213000295,4,92,-88
213000296,76,12,64
213000297,3,120,-117
213000298,15,119,-104
213000299,36,80,-44
213000300,8,5,3
213000303,6,32,-26
213000304,1,5,-4
213000305,3,7,-4
213000306,78,29,49
213000307,450,76,374
213000308,113,388,-275
213000309,172,40,132
213000310,123,65,58
213000311,254,834,-580
213000315,65,215,-150
213000316,52,68,-16
213000322,102,266,-164
213000323,47,146,-99
213000324,29,51,-22
213000325,6,174,-168
213000326,6,29,-23
213000327,16,104,-88
213000328,11,115,-104
213000329,36,72,-36
213000340,97,1268,-1171
213000341,179,63,116
213000346,106,127,-21
213000347,844,195,649
213000348,5,165,-160
213000349,16,9,7
213000350,225,2003,-1778
213000366,42,591,-549
213000367,110,48,62
213000379,37,145,-108
213000386,23,204,-181
213000406,106,400,-294
213000417,889,305,584
213000425,61,44,17
213000426,63,139,-76
213000427,50,599,-549
213000428,22,325,-303
213000429,7,9,-2
213000430,110,1604,-1494
213000431,27,2,25
213000432,2,16,-14
213000433,15,179,-164
213000434,61,140,-79
213000435,42,109,-67
213000436,9,126,-117
213000437,1,29,-28
213000438,65,105,-40
213000439,29,15,14
213000440,9,311,-302
213000441,0,0,0
213000442,0,44,-44
213000443,379,651,-272
213000444,16,84,-68
213000445,0,176,-176
213000446,1,12,-11
213000447,22,37,-15
213000448,2,59,-57
213000449,153,1,152
213000450,14,42,-28
213000451,84,103,-19
213000452,4,39,-35
213000453,55,469,-414
213000455,216,4,212
213000456,0,109,-109
213000481,9,7,2
213000482,36,16,20
213000489,439,77,362
213000491,2,122,-120
213000492,338,14,324
213000493,0,71,-71
213000494,91,160,-69
213000495,1,102,-101
213000496,179,330,-151
213000497,46,456,-410
213000498,64,304,-240
213000499,101,765,-664
213000500,174,93,81
213000501,68,29,39
213000502,192,54,138
213000503,3,43,-40
213000504,6,182,-176
213000505,5,11,-6
213000506,1,10,-9
213000507,3,146,-143
213900244,23,0,23
213900245,0,36,-36
218000003,26,12,14
218000004,43,15,28
218000005,26,46,-20
218000006,85,43,42
218000007,8,6,2
218000012,493,151,342
218000013,52,140,-88
218000014,373,393,-20
218000019,635,611,24
218000020,286,524,-238
218000021,28,79,-51
218000022,9,45,-36
218000023,1,49,-48
218000024,1,21,-20
218000025,6,29,-23
218000026,2,68,-66
218000027,0,17,-17
218000028,8,3,5
218000029,0,0,0
218000030,8,16,-8
218000031,1,37,-36
218000032,1,17,-16
218000040,3,2,1
218000046,31,215,-184
218000047,16,273,-257
218000048,72,350,-278
218000049,91,274,-183
218000050,273,462,-189
218000051,64,477,-413
218000052,0,176,-176
218000053,13,13,0
218000054,16,41,-25
218000055,5,25,-20
218000056,19,30,-11
218000057,1,50,-49
218000064,0,9,-9
218000065,40,59,-19
218000066,3,44,-41
218000067,41,126,-85
218000068,73,97,-24
218000069,97,300,-203
218000070,81,364,-283
218000071,144,267,-123
218000072,247,342,-95
218000078,647,1750,-1103
218000079,40,68,-28
218000080,31,114,-83
218000081,230,398,-168
218000082,26,167,-141
218000083,28,75,-47
218000084,71,228,-157
218000085,81,584,-503
218000086,14,218,-204
218000087,143,334,-191
218000090,6,48,-42
218000091,732,526,206
218000092,62,202,-140
218000093,60,97,-37
218000094,392,883,-491
218000099,199,488,-289
218000100,180,363,-183
218000101,144,173,-29
218000102,148,414,-266
218000103,29,189,-160
218000104,50,49,1
218000105,14,7,7
218000106,4,7,-3
218000107,26,80,-54
218000108,1,57,-56
218000112,70,27,43
218000117,16,48,-32
218000134,482,1196,-714
218000135,44,189,-145
218000136,218,76,142
218000137,108,130,-22
218000138,17,81,-64
218000139,100,412,-312
218000140,238,239,-1
218000141,55,64,-9
218000142,135,132,3
218000143,95,148,-53
218000144,69,49,20
218000145,235,463,-228
218000146,39,179,-140
218000151,7,38,-31
218000152,67,87,-20
218000153,1,5,-4
218000154,6,6,0
218000155,6,1,5
218000156,32,22,10
218000157,1,15,-14
218000158,1,6,-5
218000159,4,3,1
218000160,2,6,-4
218000161,8,7,1
218000162,13,15,-2
218000163,2,5,-3
218000164,9,6,3
218000165,20,24,-4
218000170,2,27,-25
218000171,37,11,26
218000172,11,6,5
218000173,50,18,32
218000174,68,4,64
218000176,99,20,79
218000177,229,155,74
218000178,44,131,-87
218000179,73,92,-19
218000180,50,27,23
218000181,80,98,-18
218000187,9,10,-1
218000188,45,43,2
218000189,12,72,-60
218000190,6,21,-15
218000191,61,67,-6
218000192,129,690,-561
218000193,300,870,-570
218000194,56,787,-731
218000195,114,102,12
218000196,228,365,-137
218000197,128,410,-282
218000198,7,197,-190
218000199,41,35,6
218000200,60,58,2
218000201,24,15,9
218000202,292,206,86
218000207,9,130,-121
218000208,29,83,-54
218000211,36,10,26
218000212,2,3,-1
218000213,124,134,-10
218000214,9,34,-25
218000215,66,145,-79
218000217,7,244,-237
218000218,241,115,126
218000219,77,20,57
218000220,186,400,-214
218000221,1108,205,903
218000222,41,29,12
218000223,70,153,-83
218000224,1,123,-122
218000225,115,20,95
218000226,56,94,-38
218000230,0,12,-12
218000232,41,107,-66
218000239,103,3,100
218000240,25,0,25
218000241,13,0,13
218000242,72,0,72
218000243,29,1,28
218000244,31,0,31
218000245,22,3,19
218000246,2,3,-1
218000247,3,0,3
218000248,0,27,-27
218000249,2,5,-3
218000250,6,6,0
218000251,1,11,-10
218000252,0,17,-17
218000253,4,16,-12
218000254,0,4,-4
218000255,3,5,-2
218000256,11,28,-17
218000267,1247,1213,34
218000268,12,64,-52
218000269,2,5,-3
218000270,34,57,-23
218000271,16,115,-99
218000273,9,16,-7
218000274,17,15,2
218000275,3,32,-29
218000276,3,59,-56
218000278,4,31,-27
218000279,55,87,-32
218000280,6,42,-36
218000281,16,11,5
218000282,569,301,268
218000284,156,35,121
218000301,67,129,-62
218000302,55,32,23
218000303,24,66,-42
218000316,518,1214,-696
218000317,568,1178,-610
218000318,274,1006,-732
218000319,642,2291,-1649
218000320,536,994,-458
218000338,50,28,22
218000345,114,33,81
218000346,54,176,-122
218000459,64,465,-401
218000490,35,55,-20
218000501,71,38,33
218000502,55,97,-42
218000503,102,18,84
218000504,167,18,149
218000505,57,213,-156
218000506,35,212,-177
218000508,1,4,-3
218000510,184,8,176
218000520,142,101,41
218000521,5,140,-135
218000522,0,143,-143
218000523,116,7,109
218000524,29,176,-147
218000525,70,8,62
218000526,19,62,-43
218000529,22,571,-549
218000530,3,9,-6
218000531,11,23,-12
218000532,5,39,-34
218000534,73,18,55
218000537,44,61,-17
218000538,99,99,0
218000540,254,62,192
218000543,64,49,15
218000544,34,144,-110
218000545,44,68,-24
218000546,25,157,-132
218000547,97,65,32
218000548,147,270,-123
218000549,305,160,145
218000550,286,741,-455
218000551,185,533,-348
218000552,426,32,394
218000553,38,80,-42
218000554,17,39,-22
218000555,13,58,-45
218000556,125,618,-493
218000557,193,200,-7
218000558,97,0,97
218000559,0,41,-41
218000560,0,8,-8
218000561,14,1,13
218000562,21,194,-173
218000563,177,18,159
218000564,12,110,-98
218000565,140,29,111
218000566,256,22,234
218000567,4,43,-39
218000568,12,10,2
218000569,10,176,-166
218000570,175,6,169
218000571,1,112,-111
218000572,107,0,107
218000573,16,46,-30
218000574,92,59,33
218000575,84,0,84
218000576,0,42,-42
218000577,110,1,109
218000578,0,80,-80
218000579,21,0,21
218000581,7,53,-46
218000582,16,5,11
218000583,7,1,6
218000584,0,34,-34
218000585,19,4,15
218000586,3,26,-23
218000587,1,4,-3
218000588,0,3,-3
218000589,2,1,1
218000590,1,2,-1
218000591,0,0,0
218000592,18,2,16
218000593,1,1,0
218000594,0,0,0
218000597,0,1,-1
218000598,0,1,-1
218000599,3,0,3
218000600,0,0,0
218000601,1,1,0
218000602,0,3,-3
218000603,0,2,-2
218000604,10,0,10
218000605,1,16,-15
218000606,61,0,61
218000607,13,48,-35
218000608,42,11,31
218000609,1,63,-62
218000610,98,1,97
218000611,13,0,13
218000612,0,23,-23
218000613,13,14,-1
218000614,0,28,-28
218000615,56,1,55
218000616,3,166,-163
218000617,13,1,12
218000618,0,13,-13
218000619,6,40,-34
218000620,1,15,-14
218000621,0,2,-2
218000622,0,5,-5
218000623,11,1,10
218000624,0,4,-4
218000625,22,0,22
218000626,0,2,-2
218000628,80,47,33
218000631,29,25,4
218000632,0,79,-79
218000633,39,1,38
218000634,5,13,-8
218000635,5,13,-8
218000636,653,2098,-1445
218000637,506,630,-124
218000638,61,95,-34
218000639,14,254,-240
218000640,114,34,80
218000641,27,404,-377
218000652,81,209,-128
218000653,125,65,60
218000663,9,255,-246
218000675,46,82,-36
218000676,0,30,-30
218000677,7,7,0
218000680,152,938,-786
218000681,376,187,189
218000691,112,759,-647
218000693,128,155,-27
218000703,8,56,-48
218000718,595,562,33
218000719,1021,165,856
218000720,8,59,-51
218000721,67,10,57
218000725,6,6,0
218001147,1,190,-189
218001214,16,14,2
218001258,45,0,45
218001329,153,146,7
218001330,104,161,-57
218001351,11,28,-17
218001352,10,21,-11
218001353,11,9,2
218001354,5,29,-24
218001355,18,573,-555
218001356,136,3,133
218001357,47,377,-330
218001358,120,9,111
218001361,63,30,33
218001362,2,556,-554
219000001,32,83,-51
219000002,43,73,-30
219000003,22,38,-16
219000004,62,55,7
219000017,116,28,88
219000020,61,22,39
219000022,93,8,85
219000023,44,1,43
219000029,2,78,-76
219000034,43,12,31
219000039,25,68,-43
219000040,14,24,-10
219000041,78,42,36
219000051,0,40,-40
219000052,0,12,-12
219000053,3,297,-294
219000054,6,151,-145
219000055,60,3,57
219000056,6,0,6
219000057,87,1,86
219000062,9,318,-309
219000063,74,13,61
219000064,9,92,-83
219000110,203,48,155
219000111,77,35,42
219000112,123,54,69
219000113,68,28,40
219000114,233,30,203
219000116,42,28,14
219000117,143,144,-1
219000118,71,83,-12
219000123,446,96,350
219000124,45,67,-22
219000125,5,22,-17
219000126,69,103,-34
219000127,0,4,-4
219000128,21,119,-98
219000129,37,199,-162
219000130,708,1076,-368
219000131,575,803,-228
219000133,48,33,15
219000134,16,29,-13
219000135,22,54,-32
219000136,101,189,-88
219000138,41,16,25
219000139,18,58,-40
219000140,38,0,38
219000141,10,150,-140
219000142,19,110,-91
219000143,5,131,-126
219000145,9,74,-65
219000146,3,81,-78
219000147,3,88,-85
219000148,0,73,-73
219000149,13,229,-216
219000150,6,131,-125
219000151,5,143,-138
219000157,81,136,-55
219000158,108,272,-164
219000161,149,11,138
219000163,1439,470,969
219000166,82,189,-107
219000167,81,270,-189
219000168,194,94,100
219000174,233,107,126
219000175,38,1,37
219000176,27,5,22
219000177,10,4,6
219000178,18,0,18
219000179,11,0,11
219000180,23,30,-7
219000182,71,11,60
219000183,38,45,-7
219000184,31,8,23
219000185,0,73,-73
219000186,35,46,-11
219000187,10,138,-128
219000189,155,219,-64
219000190,156,362,-206
219000191,1134,1130,4
219000192,142,95,47
219000193,659,188,471
219000195,1,75,-74
219000196,5,161,-156
219000198,26,201,-175
219000199,141,203,-62
219000200,27,236,-209
219000201,91,321,-230
219000203,40,177,-137
219000204,99,214,-115
219000205,64,230,-166
219000207,201,297,-96
219000209,24,74,-50
219000210,83,121,-38
219000213,8,498,-490
219000239,199,313,-114
219000240,158,409,-251
219000241,71,375,-304
219000242,50,266,-216
219000243,138,474,-336
219000244,38,183,-145
219000245,31,48,-17
219000246,34,17,17
219000247,118,24,94
219000248,383,201,182
219000249,68,40,28
219000250,72,82,-10
219000251,265,128,137
219000252,211,112,99
219000253,181,40,141
219000255,46,111,-65
219000256,80,94,-14
219000257,66,17,49
219000262,67,288,-221
219000263,41,293,-252
219000267,1,259,-258
219000268,3,8,-5
219000269,7,0,7
219000270,13,0,13
219000271,93,3,90
219000278,1,19,-18
219000279,2,8,-6
219000283,0,22,-22
219000295,8,120,-112
219000296,74,722,-648
219000297,7,183,-176
219000298,11,266,-255
219000299,398,97,301
219000300,25,314,-289
219000301,269,291,-22
219000302,29,175,-146
219000307,22,37,-15
219000308,36,35,1
219000311,106,28,78
219000312,368,38,330
219000313,154,18,136
219000314,78,575,-497
219000315,151,38,113
219000316,300,43,257
219000317,51,31,20
219000320,0,46,-46
219000321,0,22,-22
219000323,0,114,-114
219000325,2,36,-34
219000326,54,131,-77
219000327,43,34,9
219000328,30,40,-10
219000329,211,98,113
219000330,15,16,-1
219000331,38,25,13
219000332,54,57,-3
219000333,3,6,-3
219000335,49,0,49
219000337,8,4,4
219000338,51,25,26
219000344,23,80,-57
219000345,59,144,-85
219000346,24,121,-97
219000348,126,286,-160
219000349,30,450,-420
219000350,61,122,-61
219000351,19,3,16
219000352,144,52,92
219000353,72,58,14
219000354,89,178,-89
219000355,89,37,52
219000356,1407,545,862
219000363,250,29,221
219000364,76,20,56
219000365,76,15,61
219000366,179,195,-16
219000368,396,291,105
219000370,801,238,563
219000371,8,22,-14
219000382,3,11,-8
219000383,609,854,-245
219000385,474,585,-111
219000386,1025,1626,-601
219000387,1,6,-5
219000390,6,2,4
219000391,1,0,1
219000397,61,89,-28
219000398,65,25,40
219000401,10,127,-117
219000402,22,96,-74
219000403,126,182,-56
219000404,22,64,-42
219000407,5,41,-36
219000409,41,40,1
219000410,42,19,23
219000411,37,12,25
219000446,259,571,-312
219000447,1,21,-20
219000448,4,6,-2
219000452,85,54,31
219000453,86,160,-74
219000454,309,176,133
219000556,129,86,43
219000558,77,484,-407
219000590,21,234,-213
219000591,33,64,-31
219000592,92,451,-359
219000595,1,59,-58
219000635,56,55,1
219000636,25,130,-105
219000657,16,10,6
219000658,16,44,-28
219000673,0,10,-10
219000676,7,1,6
219000679,56,10,46
219000684,59,5,54
219000685,3,120,-117
219000686,0,2,-2
219000688,0,110,-110
219000689,38,286,-248
219000690,163,27,136
219000691,87,187,-100
219000692,182,27,155
219000693,0,19,-19
219000694,3,1,2
219000695,12,5,7
219000698,100,1,99
219000699,0,12,-12
219000727,1,283,-282
219000728,23,1,22
219000770,20,1,19
219000771,0,54,-54
219000788,202,268,-66
219001150,0,15,-15
219001151,0,0,0
219001166,34,7,27
219001167,2,105,-103
219001178,18,0,18
220000001,44,43,1
220000002,18,234,-216
220000003,387,317,70
220000004,590,774,-184
220000005,1276,1414,-138
220000006,94,806,-712
220000007,252,680,-428
220000008,317,1498,-1181
220000009,182,714,-532
220000010,151,226,-75
220000011,844,2879,-2035
220000012,162,406,-244
220000014,106,57,49
220000015,81,242,-161
220000017,47,417,-370
220000018,6849,2194,4655
220000019,76,210,-134
220000020,354,199,155
220000021,412,131,281
220000022,305,526,-221
220000023,124,154,-30
220000024,1111,278,833
220000025,631,475,156
220000026,165,115,50
220000027,19,71,-52
220000028,10,41,-31
220000029,85,227,-142
220000030,96,116,-20
220000031,181,238,-57
220000064,39,1411,-1372
221000046,17,0,17
221000047,0,5,-5
221000048,0,0,0
221000049,0,3,-3
221000050,18,0,18
221000055,66,68,-2
221000057,60,16,44
221000068,326,145,181
221000069,300,65,235
221000070,288,25,263
221000071,128,10,118
221000072,198,16,182
221000073,158,54,104
221000074,2,18,-16
221000075,28,12,16
221000076,11,20,-9
221000077,20,67,-47
221000081,49,12,37
221000082,28,10,18
221000083,63,1,62
221000084,4,3,1
221000085,19,97,-78
221000086,10,153,-143
221000087,4,245,-241
221000088,14,216,-202
221000089,38,344,-306
221000090,103,603,-500
221000098,134,19,115
221000099,134,20,114
221000100,63,0,63
221000101,223,7,216
221000102,82,21,61
221000109,3,100,-97
221000110,4,151,-147
221000111,11,212,-201
221000112,6,233,-227
221000113,16,303,-287
221000114,10,239,-229
221000120,28,59,-31
221000121,3,21,-18
221000122,32,35,-3
221000123,21,32,-11
221000124,32,386,-354
221000155,62,18,44
221000156,45,17,28
221000175,0,5,-5
221000176,0,1,-1
221000182,14,7,7
221000241,748,274,474
221000242,209,580,-371
221000243,567,106,461
221000244,157,635,-478
221000245,72,150,-78
221000246,25,452,-427
221000247,145,158,-13
221000248,136,307,-171
221000267,49,1005,-956
221000325,40,69,-29
221000331,5,158,-153
221000338,16,42,-26
221000378,111,41,70
221000381,92,149,-57
222000282,3,1,2
222000296,0,31,-31
222000568,287,10,277
222000569,130,12,118
222000570,86,7,79
222000571,288,12,276
222000577,7,367,-360
222000578,13,279,-266
222000579,37,166,-129
222000580,112,1075,-963
222000599,1,146,-145
222000600,2,323,-321
222000601,11,883,-872
222000603,16,19,-3
222000604,2,33,-31
222000605,11,12,-1
222000606,1,5,-4
222000607,2,8,-6
222000608,11,16,-5
222000609,44,408,-364
222000616,151,75,76
222000617,7,23,-16
222000618,3,2,1
222000620,80,5,75
222000621,48,5,43
222000623,417,16,401
222000624,220,5,215
222000625,281,33,248
222000636,44,4,40
222000686,11,10,1
222000687,15,28,-13
222001066,475,1,474
222001067,10,29,-19
222001068,28,198,-170
222001069,7,115,-108
222001082,4,52,-48
222001083,10,54,-44
222001084,0,38,-38
222001085,2,63,-61
222001111,12,282,-270
222001112,30,55,-25
222001313,23,5,18
222001314,4,95,-91
222001464,108,96,12
222001465,23,402,-379
222001484,57,68,-11
222001485,23,82,-59
222001494,136,155,-19
222001495,102,729,-627
222001496,143,71,72
222001497,103,850,-747
222001502,15,142,-127
222001503,68,36,32
222001504,14,337,-323
222001505,216,21,195
222001506,14,240,-226
222001507,137,21,116
222001510,214,28,186
222001511,29,420,-391
222001514,336,101,235
222001515,168,794,-626
222001518,90,38,52
222001519,28,463,-435
222001527,129,49,80
222001528,69,220,-151
222001529,84,38,46
222001530,37,326,-289
222001533,110,387,-277
222001534,125,37,88
222001535,126,155,-29
222001536,63,577,-514
222001537,160,20,140
222001538,33,656,-623
222001563,317,70,247
222001564,24,1067,-1043
222001568,213,69,144
222001576,0,3,-3
222001579,3,4,-1
222001583,25,363,-338
222001584,35,16,19
222001596,502,2028,-1526
222001597,513,159,354
222001626,3,219,-216
222001650,24,50,-26
222001651,31,171,-140
222001914,94,32,62
222001915,49,266,-217
222001968,261,155,106
222001969,342,1371,-1029
222001970,105,395,-290
222001971,11,112,-101
222001972,1,16,-15
225000001,344,139,205
225000002,250,115,135
225000003,224,80,144
225000004,138,251,-113
225000005,27,75,-48
225000006,0,163,-163
225000007,4375,1188,3187
225000010,130,4,126
225000011,611,832,-221
225000012,131,560,-429
225000013,86,172,-86
225000014,694,65,629
225000015,62,325,-263
225000021,466,281,185
225000027,221,554,-333
225000032,480,159,321
225000042,59,913,-854
225000049,24,45,-21
225000050,32,24,8
225000053,2,266,-264
225000058,640,134,506
225000067,98,214,-116
225000068,64,748,-684
225000069,146,725,-579
225000070,62,680,-618
225000071,25,434,-409
225000075,20,1348,-1328
225000076,62,152,-90
225000078,85,30,55
225000085,28,83,-55
225000086,206,40,166
225000087,156,23,133
225000088,32,168,-136
225000089,267,710,-443
225000090,18,497,-479
225000091,101,254,-153
225000092,8,79,-71
225000093,133,573,-440
225000094,9,662,-653
225000095,261,720,-459
225000096,288,595,-307
225000098,423,185,238
225000099,190,111,79
225000100,115,90,25
225000104,66,502,-436
225000110,10,573,-563
225000111,200,1317,-1117
225000112,422,1094,-672
225000113,136,713,-577
225000114,49,347,-298
225000115,3446,542,2904
225000116,838,140,698
225000117,868,303,565
225000118,683,290,393
225000119,130,130,0
225000120,422,66,356
225000121,161,31,130
225000123,1241,17,1224
225000125,219,373,-154
225000126,1276,234,1042
225000127,979,538,441
225000128,365,539,-174
225000132,167,31,136
225000133,131,18,113
225000134,428,96,332
225000135,14,7,7
225000136,126,6,120
225000137,116,72,44
225000138,331,28,303
225000143,105,144,-39
225000144,5,370,-365
225000145,29,40,-11
225000146,67,174,-107
225000147,14,455,-441
225000148,10,288,-278
225000149,49,533,-484
225000151,37,357,-320
225000155,302,464,-162
225000156,308,791,-483
225000157,207,441,-234
225000158,153,502,-349
225000171,2,198,-196
225000180,20,0,20
225000181,0,66,-66
225000182,113,20,93
225000185,7,381,-374
225000187,38,514,-476
225000191,69,1,68
225000194,0,9,-9
225000208,4,65,-61
225000209,46,28,18
225000210,2,321,-319
225000217,2,22,-20
225000218,13,3,10
225000223,1,140,-139
225000224,411,0,411
225000225,2,92,-90
225000226,116,0,116
225000227,50,69,-19
225000228,13,6,7
225000229,1,94,-93
225000230,4,0,4
225000231,0,97,-97
225000232,60,2,58
225000241,80,3,77
225000242,0,53,-53
225000249,1,0,1
225000250,41,882,-841
225000251,324,38,286
226000042,538,565,-27
226000043,82,297,-215
226000044,137,959,-822
226000045,70,619,-549
226000046,408,31,377
226000047,284,44,240
226000048,297,61,236
226000049,174,125,49
226000070,2,105,-103
226000071,0,115,-115
226000072,0,26,-26
226000073,0,8,-8
226000074,0,7,-7
226000084,1,59,-58
226000085,4,4,0
226000086,3,3,0
226000087,1,18,-17
226000088,5,11,-6
226000090,40,41,-1
226000091,2,13,-11
226000092,0,2,-2
226000093,16,2,14
226000094,33,9,24
226000095,20,1,19
226000105,7,0,7
226000106,2,0,2
226000107,6,0,6
226000108,15,0,15
226000109,61,0,61
226000124,90,56,34
226000134,256,520,-264
226000135,587,660,-73
226000136,191,406,-215
226000137,7,786,-779
226000138,9,483,-474
226000139,0,23,-23
226000156,91,5,86
226000157,73,6,67
226000163,46,24,22
226000202,7,745,-738
226000231,179,7,172
226000232,12,6,6
227000033,230,75,155
227000036,219,43,176
227000037,185,52,133
227000038,173,20,153
227000049,0,12,-12
227000050,0,68,-68
227000055,5,0,5
227000056,16,1,15
227000084,6,41,-35
227000085,1,27,-26
227000088,102,4,98
227000089,87,3,84
227000090,42,2,40
227000091,14,1,13
227000092,6,0,6
227000093,118,0,118
227000094,8,0,8
227000130,34,92,-58
227000131,13,343,-330
227000132,6,297,-291
227000133,18,306,-288
227000134,8,530,-522
227000152,0,0,0
227000153,0,31,-31
227000154,0,4,-4
227000155,2,15,-13
227000156,0,19,-19
227000165,6,15,-9
227000196,102,514,-412
227000199,100,1007,-907
227000230,22,1122,-1100
227000232,194,42,152
227000242,43,575,-532
227000243,349,87,262
227000245,13,500,-487
227000246,61,678,-617
227000247,231,87,144
227000248,409,48,361
227000249,28,254,-226
227000250,498,174,324
227000251,189,377,-188
227000252,23,443,-420
227000253,76,25,51
227000262,219,46,173
227000266,456,15,441
227000267,72,4871,-4799
227000282,7,598,-591
227000284,173,25,148
227000286,1,93,-92
227000287,3,218,-215
227000291,19,1241,-1222
227000484,186,14,172
227000485,18,1548,-1530
227000655,40,79,-39
227000656,385,27,358
227000657,23,22,1
227000661,216,20,196
227000680,200,36,164
229000265,8,40,-32
229000296,0,23,-23
229000297,5,67,-62
229000298,19,256,-237
229000320,2,6,-4
229000321,8,1,7
229000412,6,50,-44
229000414,15,79,-64
229000415,4,0,4
229000416,1,4,-3
229000417,1,12,-11
229000419,76,244,-168
229000440,218,52,166
229000442,24,1,23
229000443,5,3,2
229000444,1,44,-43
229000445,27,3,24
229000446,66,15,51
229000491,1,33,-32
229000492,7,138,-131
229000493,2,95,-93
229000494,8,4,4
229000495,55,6,49
229000496,22,3,19
229000507,0,18,-18
229000508,1,24,-23
229000509,0,46,-46
229000510,2,16,-14
229000511,2,17,-15
229000512,0,22,-22
229000513,0,4,-4
229000514,0,1,-1
229000517,1,4,-3
229000518,8,32,-24
229000519,0,11,-11
229000520,4,29,-25
229000521,14,13,1
229000522,6,7,-1
229000523,4,10,-6
229000524,0,3,-3
229000527,3,1,2
229000528,0,0,0
229000529,6,1,5
229000530,22,2,20
229000531,17,1,16
229000532,13,2,11
229000533,43,0,43
229000534,40,0,40
229000564,26,0,26
229000565,2,0,2
229000566,0,6,-6
229000567,0,25,-25
229000582,36,0,36
229000583,2,2,0
229000584,0,17,-17
229000585,2,32,-30
229000718,0,2,-2
229000719,0,0,0
229000720,0,6,-6
229000721,0,5,-5
229000722,0,11,-11
229000723,0,13,-13
229000724,0,2,-2
229000725,0,2,-2
229000738,2,0,2
229000739,0,0,0
229000740,1,0,1
229000741,7,0,7
229000742,3,0,3
229000743,1,0,1
229000744,0,0,0
229000745,2,0,2
229000746,5,0,5
229000847,21,0,21
229000848,15,0,15
229000849,56,1,55
229000851,13,0,13
229000854,0,82,-82
229000856,0,188,-188
229000857,0,37,-37
229000858,0,99,-99
229000919,8,56,-48
229000930,7,284,-277
229000937,50,16,34
229000966,30,22,8
229000981,14,68,-54
229000985,3,31,-28
229000986,1,4,-3
229000987,0,1,-1
229000988,0,1,-1
229000989,9,7,2
229000990,0,2,-2
229000991,0,0,0
229000992,6,5,1
229000993,177,6,171
229000998,2,81,-79
229000999,56,7,49
229001034,0,14,-14
229001035,47,1,46
229001037,27,9,18
229001042,7,8,-1
229001047,2,67,-65
229001050,28,37,-9
229001168,0,6,-6
229001200,4,2,2
229001338,2,22,-20
229001394,131,3,128
229001422,56,15,41
229001423,46,117,-71
229001431,24,27,-3
229001432,31,69,-38
229001444,102,48,54
229001445,33,210,-177
229001479,5,6,-1
229001503,118,74,44
229001504,60,359,-299
229001505,63,38,25
229001506,17,229,-212
229001509,15,34,-19
229001545,47,2,45
229001546,4,106,-102
229001553,24,9,15
229001554,13,102,-89
229001559,6,6,0
229001560,1,23,-22
229001630,37,5,32
229001631,2,52,-50
229001635,0,7,-7
229001636,3,0,3
229001658,0,110,-110
229001659,37,10,27
229001660,0,3,-3
229001661,1,7,-6
229001662,95,2,93
229001663,0,15,-15
229002584,149,160,-11
229002831,239,134,105
229002841,3,19,-16
229002842,4,14,-10
229002843,64,13,51
229002844,30,34,-4
229002845,9,45,-36
229002846,26,9,17
229002847,1,3,-2
229002848,4,6,-2
229002849,1,47,-46
229002850,12,0,12
229002851,19,95,-76
229002852,65,34,31
229002853,39,11,28
229002854,16,35,-19
229002855,14,19,-5
229002856,15,4,11
229002857,3,20,-17
229002858,8,7,1
229002859,35,10,25
229002860,36,8,28
229002861,30,18,12
229002862,21,15,6
229002863,35,31,4
229002864,8,43,-35
229002865,43,6,37
229002866,24,18,6
229002867,0,20,-20
229002868,12,6,6
229002869,8,106,-98
229002870,47,9,38
235000066,309,125,184
235000067,122,163,-41
235000072,24,83,-59
235000073,35,284,-249
235000074,25,96,-71
235000080,70,88,-18
235000081,64,167,-103
235000082,99,54,45
235000083,77,99,-22
235000084,50,68,-18
235000085,42,111,-69
235000089,12,21,-9
235000092,1,142,-141
235000093,5,1,4
235000097,7,15,-8
235000098,32,20,12
235000099,18,21,-3
235000116,40,28,12
235000117,1125,19,1106
235000133,12,266,-254
235000134,8,128,-120
235000206,4,1,3
235000207,3,1,2
235000208,3,2,1
235000209,2,1,1
235000210,8,2,6
235000212,11,23,-12
235000213,0,6,-6
235000220,0,6,-6
235000221,35,12,23
235000238,13,34,-21
235000239,3,3,0
235000242,226,236,-10
235000245,1101,163,938
235000246,12,66,-54
235000284,1,83,-82
235000295,116,4,112
235000305,98,9,89
235000306,71,6,65
235000307,8,4,4
235000308,14,0,14
235000309,20,0,20
235000310,19,0,19
235000311,35,8,27
235000322,0,15,-15
235000323,1,60,-59
235000324,1,18,-17
235000325,3,22,-19
235000326,12,343,-331
235000351,1,94,-93
235000352,8,29,-21
235000353,2,45,-43
235000354,1,37,-36
235000355,7,56,-49
235000356,33,9,24
235000357,7,15,-8
235000358,30,6,24
235000359,2,2,0
235000360,24,10,14
235000361,67,5,62
235000381,77,330,-253
235000382,90,33,57
235000390,7,6,1
235000391,65,14,51
235000392,65,209,-144
235000393,44,108,-64
235000395,65,16,49
235000396,177,39,138
235000400,113,22,91
235000401,72,206,-134
235000405,97,227,-130
235000406,32,274,-242
235000407,36,147,-111
235000409,159,174,-15
235000410,31,293,-262
235000411,1,108,-107
235000485,0,5,-5
235000486,2,0,2
235000549,37,136,-99
235000550,79,200,-121
235000599,60,120,-60
235000600,24,6,18
235000601,21,48,-27
235000602,61,201,-140
235000614,1,0,1
235000648,0,14,-14
235000649,21,2,19
235000685,0,2,-2
235000815,3,35,-32
235000834,0,7,-7
235000855,28,76,-48
235000862,22,173,-151
235000891,1,12,-11
235000892,19,0,19
235000901,69,108,-39
235000907,6,17,-11
235001010,28,104,-76
235001029,530,434,96
235001030,263,220,43
235001078,44,42,2
235001079,48,119,-71
235001147,4,32,-28
235001166,10,131,-121
235001167,18,58,-40
235001169,26,301,-275
235001188,1,5,-4
235001189,2,0,2
235001197,10,9,1
235001200,15,33,-18
235001207,105,29,76
235001210,15,127,-112
235001215,10,146,-136
235001239,1,41,-40
235001244,1,11,-10
235016267,0,21,-21
277101746,0,0,0
277102712,4,1,3
277103813,0,0,0
277103814,0,0,0
277103898,0,2,-2
277104249,0,8,-8
277104250,0,14,-14
277104251,0,31,-31
277104252,0,3,-3
990011530,0,272,-272
990014944,3,392,-389
990015176,8,5,3
990015618,0,126,-126
990016032,1,701,-700
990032570,7,53,-46
990070001,66,1,65
990070103,0,2,-2
990070601,1,66,-65
990070751,224,2,222
990070766,3,910,-907
990071180,865,265,600
990071343,48,0,48
990071387,1,7,-6
990071823,141,2,139
990072600,1,771,-770
990072964,0,437,-437
990073285,0,0,0
990074393,3,1621,-1618
990074870,549,8,541
990075106,597,4,593
990075746,220,9,211
990076437,496,4,492
990076458,6,1733,-1727
997000007,200,5,195
997000041,0,105,-105
997000058,40,0,40
997000062,78,1,77
997000069,0,2,-2
997000070,1,172,-171
997000100,10,1,9
997000141,0,221,-221
997000198,554,718,-164
998000475,0,11,-11
998000736,2,363,-361
998000965,0,23,-23
998001031,1,34,-33
998001700,0,31,-31
998001899,0,0,0
998001900,5,2,3
998003073,549,4,545
998101900,0,0,0
998102850,2,94,-92
998501927,606,274,332
998501929,124,18,106
998501930,85,0,85
998501931,72,1,71
998501932,1,1,0
998501933,36,0,36
998501937,16,2,14
998501944,3,0,3
998501950,0,2,-2
998501970,28,2,26
998501971,1,68,-67
998501973,0,113,-113
998501974,1,312,-311
998501975,298,1,297
998501976,74,1,73
998501977,0,13,-13
998501978,32,0,32
998501979,0,4,-4
998501980,85,3,82
998501981,20,34,-14
998501982,0,69,-69
998501983,1,3,-2
998502024,0,8,-8
998502032,0,0,0
998502062,14,0,14
998502063,0,0,0
998502173,31,0,31
998502269,0,2,-2
998502546,0,114,-114
998502578,2,2,0
998502599,160,347,-187
998601159,3,370,-367
998601292,0,19,-19
999033574,3,1483,-1480
999800001,14,0,14
999800002,1,0,1
999800003,8,1,7
999800004,0,2,-2
999800005,0,6,-6
