ID,insum,outsum,diff
100000001,271,277,-6
100000002,97,93,4
100000003,503,331,172
100000004,109,57,52
100000005,182,434,-252
100000006,4,1,3
100000007,4,4,0
100000008,11,62,-51
100000009,0,0,0
100000010,0,0,0
100000011,0,0,0
100000012,1,84,-83
100000013,0,21,-21
100000014,30,54,-24
100000015,15,4,11
100000016,64,165,-101
100000017,34,163,-129
100000018,126,80,46
100000019,856,351,505
100000020,20,22,-2
100000021,619,138,481
100000022,67,50,17
100000023,462,91,371
100000025,930,216,714
100000028,558,416,142
100000029,63,89,-26
100000030,0,0,0
100000031,453,257,196
100000032,639,247,392
100000033,93,325,-232
100000034,612,510,102
100000035,155,78,77
100000036,217,172,45
100000037,7,1,6
100000038,6,1,5
100000039,9,7,2
100000040,3,0,3
100000041,2,0,2
100000042,1,0,1
100000043,0,0,0
100000044,23,103,-80
100000045,74,191,-117
100000046,62,211,-149
100000047,21,216,-195
100000048,84,272,-188
100000049,282,550,-268
100000051,83,284,-201
100000053,2,0,2
100000054,11,2,9
100000055,93,119,-26
100000056,0,0,0
100000057,9,1,8
100000058,134,373,-239
100000059,0,15,-15
100000060,45,39,6
100000061,103,76,27
100000062,90,82,8
100000063,52,55,-3
100000064,53,66,-13
100000065,72,267,-195
100000066,39,211,-172
100000067,86,206,-120
100000068,77,204,-127
100000069,56,247,-191
100000072,48,30,18
100000073,283,606,-323
100000075,78,129,-51
100000076,129,192,-63
100000077,0,0,0
100000078,0,0,0
100000079,0,0,0
100000080,0,0,0
100000081,0,0,0
100000102,55,138,-83
100000103,488,131,357
100000104,440,184,256
100000105,607,98,509
100000106,89,72,17
100000107,49,30,19
100000108,255,530,-275
100000109,1242,753,489
100000116,236,122,114
100000117,0,0,0
100000118,745,1433,-688
100000119,31,423,-392
100000121,0,0,0
100000122,25,199,-174
100000123,724,879,-155
100000124,2400,1414,986
100000125,331,23,308
100000126,35,28,7
100000127,95,33,62
100000128,85,174,-89
100000129,32,131,-99
100000130,0,0,0
100000131,1185,650,535
100000132,298,70,228
100000133,3957,1790,2167
100000135,0,0,0
100000139,20,108,-88
100000140,77,212,-135
100000142,0,0,0
100000143,274,501,-227
100000144,591,276,315
100000147,72,163,-91
100000150,1,64,-63
100000151,0,0,0
100000153,0,0,0
100000154,2,83,-81
100000155,0,0,0
100000156,0,0,0
100000157,0,0,0
100000158,0,0,0
100000159,53,57,-4
100000165,359,191,168
100000169,0,0,0
100000174,21,40,-19
100000179,0,0,0
100000180,0,12,-12
100000181,9,48,-39
100000188,0,2,-2
100000189,0,0,0
100000190,329,102,227
100000191,39,27,12
100000192,0,0,0
100000193,0,0,0
100000330,231,99,132
100000355,28,96,-68
100000362,1255,1035,220
100000363,121,176,-55
100000364,22,23,-1
100000365,1580,1452,128
100000366,2330,1440,890
100000367,905,1275,-370
100000368,788,872,-84
100000369,7,14,-7
100000370,7,20,-13
100000376,1,10,-9
100000379,240,207,33
100000380,487,709,-222
100000384,2411,1052,1359
100000385,1242,956,286
100000386,2025,1032,993
100000387,2173,961,1212
100000388,6107,1913,4194
100000389,4598,1133,3465
100000390,5973,1832,4141
100000391,3726,862,2864
100000392,1697,593,1104
100000393,443,321,122
100000394,2011,1575,436
100000395,1078,378,700
100000396,1250,1011,239
100000397,962,361,601
100000398,5523,4310,1213
100000413,3,0,3
100900002,0,0,0
100900003,0,0,0
100900004,1,91,-90
100900005,0,0,0
100900006,0,0,0
100900007,0,0,0
100900008,2,77,-75
100900009,0,0,0
100900010,0,0,0
100900011,0,0,0
100900012,1,26,-25
100900013,0,0,0
100900014,0,0,0
100900015,0,0,0
100900016,0,0,0
100900017,0,0,0
100900018,0,0,0
100900019,0,0,0
100900020,0,0,0
100900021,0,0,0
100900022,0,0,0
100900023,0,0,0
100900024,0,0,0
100900025,0,0,0
100900026,0,0,0
100900027,0,0,0
100900028,0,0,0
100900029,0,0,0
100900030,0,0,0
100900031,0,0,0
100900032,0,0,0
100900033,0,0,0
100900034,0,0,0
100900035,0,0,0
100900036,0,0,0
100900037,0,0,0
100900038,0,0,0
100900039,19,99,-80
100900040,0,95,-95
100900041,0,72,-72
100900042,0,0,0
100900043,0,0,0
100900044,0,0,0
100900045,0,0,0
100900046,0,0,0
100900047,0,0,0
100900048,0,0,0
100900049,0,0,0
100900050,0,0,0
100900051,0,0,0
100900052,0,0,0
100900053,7,0,7
100900054,0,0,0
100900055,0,0,0
100900056,0,0,0
100900057,0,0,0
100900058,0,0,0
100900059,0,0,0
100900060,0,0,0
100900061,0,0,0
100900062,0,0,0
100900063,0,0,0
100900064,0,0,0
100900065,0,0,0
100900066,0,0,0
100900067,0,0,0
100900068,0,0,0
100900069,0,0,0
100900070,0,0,0
100900071,0,0,0
100900072,0,0,0
100900073,0,0,0
100900074,0,0,0
100900075,113,6,107
100900076,0,0,0
100900077,0,0,0
100900078,0,0,0
100900079,0,0,0
100900080,0,0,0
100900081,0,0,0
100900082,0,0,0
100900083,0,0,0
100900085,0,0,0
100900086,0,0,0
100900088,0,0,0
100900089,0,0,0
100900090,0,0,0
100900091,0,0,0
100900092,0,0,0
100900093,0,0,0
100900094,0,0,0
100900095,0,0,0
100900096,0,0,0
100900097,0,0,0
100900098,0,0,0
100900099,0,7,-7
100900100,0,0,0
100900101,0,0,0
100900102,0,0,0
100900103,0,0,0
100900104,0,0,0
100900105,0,0,0
100900106,0,0,0
100900107,0,0,0
100900108,0,0,0
100900109,0,0,0
100900110,0,0,0
100900111,0,0,0
100900112,0,0,0
100900113,0,0,0
100900114,0,0,0
100900115,0,0,0
100900116,0,0,0
100900117,0,0,0
100900118,0,0,0
100900119,0,0,0
100900120,0,0,0
100900121,0,0,0
100900122,17,8,9
100900123,0,0,0
100900124,0,0,0
100900125,0,0,0
100900126,0,0,0
100900127,0,0,0
100900128,0,2,-2
100900129,0,0,0
100900131,0,0,0
100900133,0,0,0
100900134,0,0,0
100900135,0,0,0
100900137,0,0,0
100900138,0,0,0
100900139,0,0,0
100900140,0,17,-17
100900141,0,0,0
100900142,0,0,0
100900143,0,0,0
100900144,0,0,0
100900145,0,0,0
100900146,0,0,0
100900147,0,0,0
100900148,1,59,-58
100900149,0,0,0
100900150,0,0,0
100900151,1,40,-39
100900152,0,0,0
100900153,0,0,0
100900154,0,0,0
100900155,0,0,0
100900156,0,0,0
100900157,0,0,0
100900159,0,0,0
100900160,0,0,0
100900161,0,0,0
100900162,0,0,0
100900163,9,9,0
100900164,0,0,0
100900165,0,0,0
100900166,0,0,0
100900167,0,0,0
100900168,0,0,0
100900169,9,127,-118
100900170,0,0,0
100900171,0,64,-64
100900172,0,0,0
100900173,1,48,-47
100900174,0,0,0
100900176,0,0,0
100900177,2,0,2
100900178,0,0,0
100900179,0,0,0
100900180,0,0,0
100900181,0,0,0
100900182,0,0,0
100900184,0,0,0
100900186,0,0,0
100900187,0,0,0
100900188,0,0,0
100900189,0,0,0
100900191,0,0,0
100900192,0,0,0
100900195,0,0,0
100900197,0,0,0
100900198,0,0,0
100900199,0,0,0
100900200,33,11,22
100900201,1,91,-90
100900202,0,0,0
100900203,0,0,0
100900204,0,0,0
100900205,0,0,0
100900206,0,0,0
100900207,0,0,0
100900210,19,39,-20
100900211,0,0,0
100900213,0,0,0
100900214,133,5,128
100900215,0,0,0
100900217,0,0,0
101000001,670,194,476
101000002,1153,434,719
101000003,124,62,62
101000004,3930,378,3552
101000005,741,424,317
101000006,1812,1205,607
101000007,2428,1130,1298
101000008,1205,619,586
101000009,101,244,-143
101000010,90,117,-27
101000011,327,16,311
101000012,0,0,0
101000013,189,75,114
101000014,52,17,35
101000015,235,191,44
101000016,10,23,-13
101000017,132,115,17
101000018,596,544,52
101000020,677,178,499
101000021,65,10,55
101000022,356,103,253
101000023,491,535,-44
101000025,0,0,0
101000026,13,1,12
101000027,613,169,444
101000028,293,81,212
101000029,2,85,-83
101000030,118,10,108
101000031,32,4,28
101000032,580,577,3
101000033,706,472,234
101000034,782,353,429
101000035,200,26,174
101000036,438,148,290
101000037,844,140,704
101000039,400,269,131
101000040,1445,452,993
101000041,714,159,555
101000042,21,113,-92
101000043,894,553,341
101000045,119,43,76
101000046,381,161,220
101000047,79,83,-4
101000048,84,56,28
101000049,64,126,-62
101000050,78,44,34
101000051,353,153,200
101000052,629,75,554
101000053,106,39,67
101000054,334,47,287
101000055,459,105,354
101000056,33,5,28
101000057,1469,273,1196
101000058,797,69,728
101000059,364,46,318
101000060,618,150,468
101000061,101,26,75
101000062,1813,156,1657
101000063,8,23,-15
101000064,624,171,453
101000065,21,15,6
101000066,9,3,6
101000067,170,208,-38
101000068,60,41,19
101000069,174,30,144
101000070,559,798,-239
101000071,724,363,361
101000072,365,350,15
101000073,42,14,28
101000074,1445,482,963
101000075,4082,1414,2668
101000077,356,342,14
101000078,163,158,5
101000079,117,184,-67
101000080,596,470,126
101000081,209,141,68
101000082,490,291,199
101000083,163,107,56
101000084,272,252,20
101000085,97,4,93
101000086,600,413,187
101000087,330,301,29
101000088,41,13,28
101000089,36,33,3
101000090,669,380,289
101000091,42,133,-91
101000092,337,123,214
101000093,164,29,135
101000094,223,438,-215
101000095,71,257,-186
101000096,18,37,-19
101000097,49,97,-48
101000098,10,19,-9
101000099,189,172,17
101000100,228,240,-12
101000101,12,32,-20
101000102,225,103,122
101000103,113,37,76
101000104,52,50,2
101000105,0,0,0
101000106,60,53,7
101000107,12,32,-20
101000108,6,0,6
101000109,10,14,-4
101000110,0,1,-1
101000111,5,46,-41
101000113,0,0,0
101000114,885,356,529
101000115,0,0,0
101000116,0,0,0
101000117,0,0,0
101000119,95,6,89
101000120,116,19,97
101000121,62,5,57
101000122,26,23,3
101000123,11,25,-14
101000124,313,311,2
101000125,60,145,-85
101000128,100,97,3
101000130,313,103,210
101000131,47,35,12
101000132,151,404,-253
101000135,114,18,96
101000136,102,90,12
101000137,2,40,-38
101000141,296,135,161
101000147,231,274,-43
101000148,200,2,198
101000149,0,0,0
101000150,0,2,-2
101000151,2,4,-2
101000152,24,57,-33
101000153,53,14,39
101000154,4,159,-155
101000155,31,38,-7
101000156,5,100,-95
101000157,0,0,0
101000160,0,0,0
101000163,0,0,0
101000164,58,168,-110
101000165,102,65,37
101000166,37,41,-4
101000168,44,53,-9
101000252,74,130,-56
101000254,312,28,284
101000258,0,1,-1
101000261,0,0,0
101000262,28,143,-115
101000263,15,10,5
101000265,11,107,-96
101000266,55,33,22
101000269,212,35,177
101000290,238,28,210
101000293,0,0,0
101000294,217,122,95
101000295,21,51,-30
101000301,241,64,177
101000304,809,1180,-371
101000305,428,484,-56
101000328,13,61,-48
101900001,0,1,-1
101900002,0,0,0
101900003,5,22,-17
101900004,0,0,0
101900005,223,30,193
101900006,0,0,0
101900007,0,0,0
101900008,0,0,0
101900009,0,0,0
101900010,0,0,0
101900011,0,0,0
101900012,0,0,0
101900013,67,0,67
101900017,0,0,0
101900018,0,1,-1
101900019,0,0,0
101900020,0,0,0
101900021,0,0,0
101900022,0,0,0
101900023,0,0,0
101900026,0,0,0
101900027,0,0,0
102000001,309,525,-216
102000002,198,193,5
102000003,1566,893,673
102000004,1186,229,957
102000005,743,498,245
102000006,457,240,217
102000007,683,708,-25
102000008,850,311,539
102000009,1534,1425,109
102000010,1340,817,523
102000011,792,719,73
102000012,426,571,-145
102000018,197,32,165
102000019,31,49,-18
102000026,0,0,0
102000029,0,0,0
102000030,5,2,3
102000031,0,0,0
102000032,3,7,-4
102000033,0,0,0
102000034,11,17,-6
102000035,0,0,0
102000036,0,0,0
102000037,4,2,2
102000038,1,2,-1
102000039,0,0,0
102000040,15,7,8
102000041,0,0,0
102000042,0,0,0
102000043,9,9,0
102000044,0,0,0
102000045,52,49,3
102000046,178,13,165
102000047,23,82,-59
102000048,15,24,-9
102000049,26,11,15
102000050,47,107,-60
102000051,17,15,2
102000052,64,81,-17
102000053,30,56,-26
102000054,59,126,-67
102000055,198,186,12
102000056,59,110,-51
102000057,162,24,138
102000058,180,221,-41
102000059,240,281,-41
102000060,103,39,64
102000061,225,517,-292
102000062,41,79,-38
102000063,263,368,-105
102000064,106,125,-19
102000065,7,26,-19
102000066,767,179,588
102000067,422,479,-57
102000068,1228,407,821
102000069,0,0,0
102000070,259,16,243
102000071,1881,1935,-54
102000072,1167,1576,-409
102000073,19,186,-167
102000074,37,177,-140
102000075,12,99,-87
102000076,12,193,-181
102000077,31,395,-364
102000078,76,396,-320
102000079,7,74,-67
102000080,26,67,-41
102000081,60,229,-169
102000082,127,84,43
102000083,28,169,-141
102000084,0,0,0
102000085,143,208,-65
102000086,59,59,0
102000087,105,326,-221
102000088,20,10,10
102000089,0,0,0
102000090,187,207,-20
102000091,318,105,213
102000092,315,106,209
102000093,46,135,-89
102000094,0,0,0
102000095,165,189,-24
102000096,0,0,0
102000097,383,290,93
102000098,11,26,-15
102000099,186,68,118
102000100,12,6,6
102000101,126,33,93
102000102,44,5,39
102000103,182,74,108
102000104,63,12,51
102000105,1,34,-33
102000106,12,40,-28
102000107,0,0,0
102000108,16,37,-21
102000109,0,0,0
102000110,0,0,0
102000111,0,0,0
102000112,8,7,1
102000113,0,0,0
102000114,0,0,0
102000115,43,18,25
102000116,11,21,-10
102000117,20,89,-69
102000118,18,100,-82
102000119,746,65,681
102000120,11,4,7
102000121,83,80,3
102000122,21,7,14
102000123,147,96,51
102000124,77,14,63
102000125,82,61,21
102000126,53,19,34
102000127,136,45,91
102000128,46,27,19
102000129,42,76,-34
102000130,37,25,12
102000131,93,40,53
102000132,43,29,14
102000133,133,400,-267
102000134,57,82,-25
102000135,0,0,0
102000136,12,8,4
102000137,55,23,32
102000138,0,0,0
102000139,0,0,0
102000140,2,13,-11
102000141,1,23,-22
102000142,3,27,-24
102000143,6,55,-49
102000144,10,53,-43
102000145,3,33,-30
102000146,2,0,2
102000147,8,15,-7
102000148,0,0,0
102000149,2,0,2
102000150,1,0,1
102000151,0,0,0
102000152,0,0,0
102000153,0,0,0
102000154,9,18,-9
102000155,17,19,-2
102000156,37,14,23
102000157,2,12,-10
102000158,15,5,10
102000159,78,2,76
102000161,727,205,522
102000162,28,36,-8
102000163,0,0,0
102000164,0,0,0
102000165,124,65,59
102000166,7,41,-34
102000167,31,155,-124
102000168,40,54,-14
102000169,52,129,-77
102000170,409,113,296
102000171,14,26,-12
102000172,6,79,-73
102000173,74,48,26
102000174,8,15,-7
102000175,7,0,7
102000176,1,0,1
102000178,21,71,-50
102000179,15,42,-27
102000180,47,91,-44
102000181,13,111,-98
102000182,170,135,35
102000183,79,151,-72
102000184,160,272,-112
102000185,71,102,-31
102000186,80,477,-397
102000187,78,458,-380
102000188,14,129,-115
102000189,602,229,373
102000190,97,140,-43
102000191,217,30,187
102000192,248,267,-19
102000193,0,0,0
102000194,0,0,0
102000195,7,44,-37
102000196,0,1,-1
102000197,13,38,-25
102000198,0,2,-2
102000199,12,43,-31
102000200,0,3,-3
102000201,19,62,-43
102000202,0,1,-1
102000203,23,53,-30
102000204,0,2,-2
102000205,1,0,1
102000206,64,121,-57
102000207,1,1,0
102000208,25,66,-41
102000209,8,3,5
102000210,0,145,-145
102000211,6,49,-43
102000212,0,0,0
102000213,0,21,-21
102000214,0,0,0
102000215,0,53,-53
102000216,0,0,0
102000217,0,30,-30
102000218,0,0,0
102000219,28,34,-6
102000225,2,0,2
102000226,0,0,0
102000227,0,0,0
102000228,0,9,-9
102000229,5,2,3
102000230,27,58,-31
102000231,36,13,23
102000232,0,0,0
102000233,23,27,-4
102000234,0,0,0
102000236,7,2,5
102000237,16,6,10
102000238,10,2,8
102000240,315,365,-50
102000241,44,15,29
102000243,0,1,-1
102000245,14,55,-41
102000246,0,0,0
102000247,164,187,-23
102000248,140,149,-9
102000249,16,24,-8
102000250,6,142,-136
102000254,0,0,0
102000266,0,4,-4
102000271,0,0,0
102000286,0,0,0
102000297,48,15,33
102000301,0,0,0
102000303,0,0,0
102000305,0,0,0
102000307,0,6,-6
102900001,0,0,0
102900002,0,0,0
102900003,2,25,-23
102900005,0,0,0
102900006,0,0,0
102900007,0,0,0
102900008,0,0,0
102900009,0,0,0
102900010,0,0,0
102900011,0,0,0
102900012,0,0,0
102900013,0,0,0
102900015,0,0,0
102900016,0,0,0
102900017,0,0,0
102900018,0,0,0
102900019,0,0,0
102900020,0,0,0
102900021,0,0,0
102900022,28,19,9
102900023,0,0,0
102900024,0,0,0
102900025,0,0,0
102900026,0,0,0
102900027,0,0,0
102900028,0,0,0
102900029,2,6,-4
102900030,0,0,0
102900031,0,0,0
102900032,0,17,-17
102900033,0,0,0
102900034,0,0,0
102900035,0,32,-32
102900036,0,0,0
102900037,0,0,0
102900038,0,0,0
102900039,0,0,0
102900040,0,0,0
102900041,0,0,0
102900042,0,0,0
102900043,0,0,0
102900044,0,0,0
102900045,0,0,0
102900046,0,0,0
102900047,0,0,0
102900048,0,0,0
102900049,0,0,0
102900050,0,0,0
102900051,0,0,0
102900053,0,0,0
102900054,0,0,0
102900055,0,0,0
102900056,0,0,0
102900057,0,0,0
102900058,0,0,0
102900059,0,0,0
102900060,0,0,0
102900061,0,0,0
102900062,0,0,0
102900063,0,0,0
102900064,0,0,0
102900065,0,0,0
102900066,0,0,0
102900068,0,0,0
102900070,1,51,-50
102900072,1,3,-2
102900073,12,3,9
102900075,0,0,0
102900076,0,0,0
102900077,0,0,0
102900078,0,0,0
102900079,0,0,0
102900080,0,0,0
102900081,0,0,0
102900082,0,0,0
102900083,0,0,0
102900084,0,0,0
102900085,0,0,0
102900086,0,0,0
102900087,0,0,0
102900088,0,0,0
102900089,0,0,0
102900090,1,68,-67
102900091,4,0,4
102900092,11,144,-133
102900094,0,0,0
102900095,0,0,0
102900096,2,0,2
102900097,0,13,-13
103000001,551,726,-175
103000002,282,460,-178
103000003,800,662,138
103000004,129,184,-55
103000005,85,175,-90
103000006,61,120,-59
103000007,28,90,-62
103000008,94,261,-167
103000009,2,1,1
103000010,26,48,-22
103000011,390,245,145
103000012,205,122,83
103000013,2312,543,1769
103000014,27,38,-11
103000015,375,289,86
103000016,51,13,38
103000017,0,0,0
103000018,0,0,0
103000019,0,0,0
103000020,226,421,-195
103000021,16,19,-3
103000022,167,280,-113
103000023,10,40,-30
103000024,0,0,0
103000025,0,0,0
103000026,0,0,0
103000027,0,0,0
103000028,0,0,0
103000029,32,0,32
103000030,659,125,534
103000031,71,123,-52
103000032,454,418,36
103000033,154,92,62
103000034,724,323,401
103000035,198,156,42
103000036,92,62,30
103000037,300,133,167
103000038,106,99,7
103000039,38,140,-102
103000040,11,52,-41
103000041,493,827,-334
103000042,158,181,-23
103000043,18,47,-29
103000044,18,5,13
103000046,65,13,52
103000047,0,2,-2
103000048,12,3,9
103000049,0,1,-1
103000050,12,21,-9
103000051,6,13,-7
103000052,14,8,6
103000053,2,16,-14
103000054,347,201,146
103000055,92,57,35
103000056,94,347,-253
103000057,63,85,-22
103000058,67,149,-82
103000059,21,71,-50
103000060,222,221,1
103000061,35,37,-2
103000062,182,257,-75
103000063,61,49,12
103000064,59,97,-38
103000065,0,0,0
103000066,0,2,-2
103000069,0,4,-4
103000070,42,292,-250
103000071,21,9,12
103000072,27,182,-155
103000073,0,0,0
103000074,0,0,0
103000075,47,176,-129
103000076,0,0,0
103000077,12,77,-65
103000078,0,0,0
103000079,170,60,110
103000080,0,0,0
103000081,49,110,-61
103000082,0,0,0
103000083,3,55,-52
103000084,0,0,0
103000085,1,30,-29
103000086,48,25,23
103000087,27,89,-62
103000088,130,60,70
103000089,25,13,12
103000090,368,239,129
103000091,68,81,-13
103000092,0,0,0
103000093,48,162,-114
103000094,0,0,0
103000095,6,63,-57
103000096,0,0,0
103000097,9,92,-83
103000098,0,0,0
103000099,23,56,-33
103000100,11,193,-182
103000101,0,0,0
103000102,28,184,-156
103000103,0,19,-19
103000104,1,51,-50
103000105,1,24,-23
103000106,2,76,-74
103000107,5,18,-13
103000108,49,91,-42
103000109,154,69,85
103000110,322,115,207
103000111,245,77,168
103000112,16,18,-2
103000113,93,131,-38
103000114,17,18,-1
103000115,27,58,-31
103000116,24,42,-18
103000117,23,53,-30
103000118,118,367,-249
103000119,416,268,148
103000120,13,23,-10
103000121,104,162,-58
103000122,5,11,-6
103000125,0,0,0
103000126,1,0,1
103000127,0,0,0
103000128,1,0,1
103000129,0,0,0
103000130,0,0,0
103000131,0,0,0
103000132,4,1,3
103000133,0,0,0
103000134,197,109,88
103000135,83,46,37
103000136,287,145,142
103000137,135,101,34
103000138,417,94,323
103000139,5,26,-21
103000140,0,0,0
103000141,13,17,-4
103000142,0,0,0
103000143,0,50,-50
103000144,0,0,0
103000145,0,0,0
103000150,5,9,-4
103000152,70,53,17
103000153,5,8,-3
103000156,0,0,0
103000157,0,0,0
103000159,1,2,-1
103000162,0,0,0
103000163,0,0,0
103000164,0,0,0
103000165,0,0,0
103000166,0,0,0
103000167,5,3,2
103000168,15,34,-19
103000169,0,0,0
103000170,118,76,42
103000171,0,0,0
103000172,0,0,0
103000173,41,167,-126
103000174,0,0,0
103000175,79,291,-212
103000176,0,0,0
103000177,131,130,1
103000178,269,129,140
103000179,2,0,2
103000183,0,15,-15
103000185,1,16,-15
103000186,0,0,0
103000187,52,150,-98
103000188,2,23,-21
103000189,83,298,-215
103000191,4,9,-5
103000292,294,12,282
103000293,0,0,0
103000295,0,0,0
103000296,0,0,0
103000297,0,0,0
103000504,0,0,0
103000505,0,0,0
103000506,0,0,0
103000507,8,0,8
103000508,14,12,2
103000509,45,178,-133
103900001,0,0,0
103900002,0,0,0
103900003,0,7,-7
103900004,0,0,0
103900005,0,0,0
103900006,0,0,0
103900007,0,0,0
103900008,0,0,0
103900009,1,52,-51
103900010,1,20,-19
103900011,5,26,-21
103900012,0,0,0
103900013,1,18,-17
103900014,0,0,0
103900015,0,0,0
103900016,10,33,-23
103900017,0,21,-21
103900018,45,6,39
103900019,0,0,0
103900020,0,0,0
103900021,0,0,0
103900022,0,58,-58
103900023,0,0,0
103900024,0,0,0
103900025,0,0,0
103900026,0,0,0
103900027,0,0,0
103900028,1,35,-34
103900029,19,32,-13
103900030,0,0,0
103900031,0,0,0
103900032,0,0,0
103900033,0,0,0
103900034,1,16,-15
103900035,0,5,-5
103900036,0,0,0
103900037,0,0,0
103900038,0,0,0
103900039,1,109,-108
103900040,0,9,-9
103900041,0,0,0
103900042,2,129,-127
103900043,0,0,0
103900044,0,0,0
103900045,0,0,0
103900047,1,8,-7
103900048,0,0,0
103900049,0,0,0
103900050,0,48,-48
103900051,0,9,-9
103900052,11,23,-12
103900053,2,111,-109
103900054,0,0,0
103900055,11,13,-2
103900056,0,9,-9
103900057,0,0,0
103900058,4,65,-61
103900059,0,0,0
103900060,0,0,0
103900061,0,0,0
103900062,0,2,-2
103900063,0,0,0
103900064,0,0,0
103900065,87,15,72
103900066,0,0,0
103900067,0,0,0
103900068,0,0,0
103900069,0,0,0
103900070,0,0,0
103900071,1,11,-10
103900072,2,52,-50
103900073,0,0,0
103900074,0,0,0
103900075,0,0,0
103900076,10,25,-15
103900077,0,0,0
103900078,0,0,0
103900079,0,0,0
103900080,0,0,0
103900081,0,0,0
103900082,0,0,0
103900083,0,0,0
103900084,0,0,0
103900085,0,0,0
103900086,0,0,0
103900088,0,0,0
103900089,0,0,0
103900090,0,0,0
103900091,0,0,0
103900092,1,22,-21
103900093,0,0,0
103900094,0,0,0
103900095,3,2,1
103900096,0,0,0
103900097,0,0,0
103900098,2,1,1
103900099,0,0,0
103900100,6,49,-43
103900101,0,0,0
103900102,0,0,0
103900104,0,0,0
103900105,0,14,-14
103900106,0,0,0
103900107,0,0,0
103900108,13,152,-139
103900109,0,0,0
103900110,4,3,1
103900111,1,99,-98
103900112,0,0,0
103900113,0,5,-5
103900114,13,8,5
103900115,10,0,10
103900116,260,5,255
103900117,44,14,30
103900119,0,0,0
103900120,0,0,0
103900122,0,60,-60
103900123,11,27,-16
103900124,1,98,-97
103900125,7,10,-3
103900126,0,0,0
103900127,4,51,-47
103900128,1,30,-29
103900131,2,12,-10
103900133,0,0,0
103900134,0,0,0
103900135,0,0,0
103900137,0,0,0
103900138,0,0,0
103900139,0,31,-31
103900140,0,0,0
103900141,0,0,0
103900142,0,0,0
103900143,0,0,0
103900144,0,0,0
103900145,0,1,-1
103900146,0,0,0
103900147,3,11,-8
103900148,4,36,-32
103900149,0,0,0
103900150,0,36,-36
103900151,0,0,0
103900152,0,0,0
103900153,0,0,0
103900154,46,6,40
103900155,0,0,0
103900156,0,0,0
103900157,0,0,0
103900158,0,0,0
103900159,0,0,0
103900160,0,0,0
103900161,0,0,0
103900162,11,20,-9
103900163,0,0,0
103900167,0,0,0
103900168,0,0,0
103900169,0,0,0
103900170,0,0,0
103900171,0,0,0
103900172,0,0,0
103900173,0,0,0
103900174,0,0,0
103900175,0,0,0
103900176,0,1,-1
103900177,0,0,0
103900178,0,0,0
103900179,0,0,0
103900180,0,0,0
103900181,0,0,0
103900182,0,0,0
103900184,0,0,0
103900185,0,0,0
103900187,2,0,2
103900188,0,0,0
103900189,4,2,2
103900190,0,0,0
103900191,0,0,0
103900192,0,0,0
103900193,0,0,0
103900194,0,0,0
103900195,0,0,0
103900196,0,0,0
103900197,0,0,0
103900198,0,0,0
103900199,0,0,0
103900200,0,0,0
103900201,0,0,0
103900202,0,0,0
103900203,0,0,0
103900204,0,0,0
103900207,0,5,-5
103900208,0,0,0
103900209,0,0,0
103900210,0,1,-1
103900211,1,6,-5
103900212,3,56,-53
103900213,82,221,-139
103900214,61,4,57
103900215,976,252,724
103900216,0,2,-2
103900217,0,0,0
103900218,0,0,0
103900219,0,0,0
103900233,0,0,0
103900235,0,0,0
103900236,0,0,0
103900242,0,0,0
103900243,0,0,0
103900244,0,0,0
103900245,0,0,0
103900246,0,1,-1
103900247,0,0,0
103900248,0,0,0
103900249,0,0,0
103900250,0,0,0
103900251,0,0,0
103900253,0,0,0
103900254,0,0,0
103900255,0,0,0
103900256,0,0,0
103900257,0,0,0
103900258,0,0,0
103900259,0,0,0
103900261,0,0,0
103900262,0,0,0
103900263,0,0,0
103900264,0,0,0
103900265,0,0,0
103900266,0,0,0
103900267,0,10,-10
103900268,0,2,-2
103900269,2,1,1
103900270,0,11,-11
103900271,0,5,-5
103900272,0,0,0
103900273,0,0,0
103900274,0,0,0
103900275,0,0,0
103900276,0,0,0
103900277,0,0,0
103900278,0,0,0
103900279,0,0,0
103900280,0,0,0
104000001,710,590,120
104000002,574,843,-269
104000003,531,687,-156
104000004,2859,793,2066
104000005,124,405,-281
104000006,523,810,-287
104000007,1048,1136,-88
104000008,482,590,-108
104000009,20,74,-54
104000010,0,0,0
104000011,389,395,-6
104000012,54,301,-247
104000013,0,0,0
104000014,139,391,-252
104000015,0,0,0
104000016,67,224,-157
104000018,23,6,17
104000019,42,9,33
104000020,1,5,-4
104000021,13,15,-2
104000022,6,7,-1
104000023,84,58,26
104000024,4,10,-6
104000026,0,5,-5
104000027,90,344,-254
104000028,64,41,23
104000029,161,408,-247
104000030,33,59,-26
104000031,7,4,3
104000032,28,211,-183
104000033,9,5,4
104000034,57,312,-255
104000035,8,5,3
104000036,11,11,0
104000037,49,162,-113
104000038,61,57,4
104000039,5,14,-9
104000040,14,14,0
104000041,64,25,39
104000042,16,94,-78
104000043,34,70,-36
104000044,44,124,-80
104000045,83,170,-87
104000046,153,158,-5
104000047,14,41,-27
104000048,55,122,-67
104000049,1,13,-12
104000050,11,31,-20
104000051,46,269,-223
104000052,124,342,-218
104000053,109,169,-60
104000054,18,78,-60
104000055,624,417,207
104000056,82,112,-30
104000057,29,249,-220
104000058,191,247,-56
104000059,56,295,-239
104000060,110,222,-112
104000061,100,141,-41
104000062,3,8,-5
104000064,70,39,31
104000065,0,29,-29
104000069,247,50,197
104000070,1,7,-6
104000071,47,222,-175
104000072,7,12,-5
104000075,0,0,0
104000076,0,0,0
104000082,427,572,-145
104000083,58,17,41
104000084,17,98,-81
104000085,9,13,-4
104000086,27,82,-55
104000087,12,27,-15
104000090,39,300,-261
104000092,33,490,-457
104000094,37,442,-405
104000095,477,491,-14
104000096,0,49,-49
104000097,0,0,0
104000098,0,0,0
104000100,0,0,0
104000101,143,286,-143
104000106,3,25,-22
104000107,39,177,-138
104000108,33,55,-22
104000109,0,0,0
104000110,113,72,41
104000111,101,139,-38
104000112,231,41,190
104000116,1,368,-367
104000117,2,144,-142
104000118,16,40,-24
104000119,14,42,-28
104000120,5,86,-81
104000121,9,58,-49
104000122,75,126,-51
104000123,192,418,-226
104000124,396,551,-155
104000125,356,216,140
104000126,16,100,-84
104000127,530,1006,-476
104000128,39,137,-98
104000129,25,12,13
104000130,1,61,-60
104000131,1019,868,151
104000132,462,891,-429
104000133,253,207,46
104000134,253,201,52
104000135,88,141,-53
104000136,533,358,175
104000137,945,96,849
104000138,399,118,281
104000139,3097,592,2505
104000141,282,504,-222
104000142,149,420,-271
104000143,134,524,-390
104000144,0,0,0
104000145,0,0,0
104000146,236,715,-479
104000147,37,265,-228
104000148,0,0,0
104000149,71,194,-123
104000150,0,0,0
104000151,81,291,-210
104000152,49,396,-347
104000153,0,0,0
104000154,384,300,84
104000155,0,0,0
104000157,179,467,-288
104000158,29,85,-56
104000159,69,41,28
104000160,806,242,564
104000161,0,0,0
104000162,0,0,0
104000165,0,0,0
104000167,28,123,-95
104000168,0,0,0
104000169,0,0,0
104000170,404,54,350
104000248,0,123,-123
104000251,20,85,-65
104000272,6,0,6
104000273,9,0,9
104000274,5,1,4
104000275,13,1,12
104000279,115,48,67
104000290,29,121,-92
104000291,94,204,-110
104000293,11,26,-15
104000294,0,0,0
104000295,137,423,-286
104000296,20,168,-148
104000297,382,772,-390
104000298,419,162,257
104000299,126,451,-325
104000302,4,0,4
104000303,111,90,21
104900001,0,0,0
104900002,0,0,0
104900003,0,0,0
104900004,0,0,0
104900005,0,6,-6
104900006,0,0,0
104900007,1,2,-1
104900009,0,0,0
104900010,0,0,0
104900011,0,0,0
104900012,0,0,0
104900013,0,0,0
104900014,0,0,0
104900015,0,0,0
104900016,0,0,0
104900017,0,0,0
104900018,0,0,0
104900019,0,0,0
104900020,0,0,0
104900021,0,0,0
104900022,0,0,0
104900023,0,0,0
104900024,0,0,0
104900025,0,0,0
104900026,0,0,0
104900027,0,0,0
104900028,0,0,0
104900029,0,0,0
104900030,0,0,0
104900031,0,0,0
104900032,0,0,0
104900033,0,0,0
104900034,0,0,0
104900035,0,0,0
104900036,0,0,0
104900037,0,0,0
104900038,0,0,0
104900039,0,0,0
104900040,0,0,0
104900041,0,0,0
104900042,0,0,0
104900043,0,0,0
104900044,0,0,0
104900045,0,0,0
104900046,0,0,0
104900047,0,0,0
104900048,0,0,0
104900049,0,0,0
104900050,0,0,0
104900051,0,0,0
104900052,0,0,0
104900053,0,0,0
104900054,0,0,0
104900055,0,0,0
104900056,0,0,0
104900057,0,0,0
104900058,0,0,0
104900059,0,0,0
104900060,0,1,-1
104900061,0,0,0
104900063,0,0,0
104900064,0,0,0
104900065,0,0,0
104900066,0,0,0
104900067,0,0,0
104900068,0,0,0
104900070,0,0,0
104900071,0,70,-70
104900072,0,0,0
104900073,0,0,0
104900074,0,0,0
104900075,0,0,0
104900076,0,0,0
104900077,0,0,0
104900078,0,0,0
104900079,0,0,0
104900080,0,0,0
104900082,0,0,0
104900085,0,0,0
104900087,0,0,0
104900089,0,0,0
104900090,0,0,0
104900091,0,0,0
104900093,0,0,0
104900097,0,0,0
104900098,0,0,0
104900099,0,0,0
104900100,0,0,0
104900102,0,0,0
104900103,0,0,0
104900104,0,0,0
104900106,0,0,0
104900107,0,0,0
104900108,0,0,0
104900109,0,0,0
104900110,0,0,0
104900111,0,0,0
104900112,0,0,0
104900113,3,7,-4
104900114,0,0,0
104900115,3,4,-1
104900116,0,0,0
104900118,0,0,0
104900119,0,0,0
104900120,0,0,0
104900121,0,0,0
104900122,0,0,0
104900123,0,0,0
104900124,0,0,0
104900125,0,0,0
104900126,0,0,0
104900127,0,0,0
104900128,0,0,0
104900129,0,0,0
105000001,423,568,-145
105000002,190,378,-188
105000003,326,620,-294
105000004,110,322,-212
105000005,134,289,-155
105000006,87,238,-151
105000007,66,236,-170
105000008,31,466,-435
105000009,118,259,-141
105000010,698,989,-291
105000011,175,229,-54
105000012,1052,1619,-567
105000013,140,139,1
105000014,130,134,-4
105000015,1096,416,680
105000016,918,465,453
105000017,334,202,132
105000018,145,194,-49
105000019,15,4,11
105000020,18,140,-122
105000021,0,0,0
105000022,0,0,0
105000023,0,0,0
105000028,11,53,-42
105000029,84,109,-25
105000030,1154,1616,-462
105000031,0,0,0
105000033,306,1139,-833
105000034,0,0,0
105000037,28,35,-7
105000038,72,96,-24
105000039,1230,1183,47
105000040,30,39,-9
105000041,152,859,-707
105000042,109,75,34
105000043,630,1361,-731
105000044,40,29,11
105000045,45,390,-345
105000046,28,11,17
105000047,63,579,-516
105000048,8,3,5
105000049,100,268,-168
105000050,0,0,0
105000051,66,225,-159
105000052,3,60,-57
105000053,30,86,-56
105000054,3,70,-67
105000055,16,88,-72
105000056,11,166,-155
105000057,108,278,-170
105000058,231,236,-5
105000059,16,30,-14
105000060,48,183,-135
105000061,30,26,4
105000062,127,274,-147
105000063,52,213,-161
105000064,49,76,-27
105000065,46,225,-179
105000066,143,331,-188
105000067,58,65,-7
105000068,129,143,-14
105000069,406,112,294
105000070,38,84,-46
105000071,0,0,0
105000072,72,21,51
105000073,36,17,19
105000074,125,401,-276
105000075,99,230,-131
105000076,272,296,-24
105000077,714,246,468
105000078,172,164,8
105000079,381,873,-492
105000080,89,38,51
105000081,333,262,71
105000082,30,62,-32
105000083,12,10,2
105000084,60,330,-270
105000085,32,55,-23
105000086,108,267,-159
105000087,175,621,-446
105000088,25,12,13
105000089,880,1137,-257
105000090,362,562,-200
105000091,674,877,-203
105000092,136,384,-248
105000093,35,52,-17
105000094,5,6,-1
105000095,1,70,-69
105000096,3,3,0
105000097,104,214,-110
105000098,1,0,1
105000099,81,246,-165
105000100,161,249,-88
105000101,153,299,-146
105000102,156,268,-112
105000103,87,338,-251
105000104,150,114,36
105000105,24,254,-230
105000106,86,228,-142
105000107,74,30,44
105000108,133,68,65
105000109,77,245,-168
105000110,37,14,23
105000111,23,57,-34
105000112,170,14,156
105000113,11,63,-52
105000114,0,0,0
105000115,34,47,-13
105000116,3,27,-24
105000117,96,157,-61
105000118,10,15,-5
105000119,55,116,-61
105000120,13,4,9
105000121,48,150,-102
105000122,18,64,-46
105000123,134,207,-73
105000124,75,190,-115
105000125,43,287,-244
105000126,215,397,-182
105000127,126,224,-98
105000128,24,228,-204
105000129,37,69,-32
105000130,0,1,-1
105000131,56,102,-46
105000132,0,0,0
105000133,64,258,-194
105000134,0,0,0
105000135,64,158,-94
105000136,18,131,-113
105000137,0,0,0
105000138,85,111,-26
105000139,147,197,-50
105000140,0,0,0
105000141,35,155,-120
105000142,0,0,0
105000143,16,166,-150
105000144,39,232,-193
105000145,0,0,0
105000146,75,233,-158
105000147,0,0,0
105000148,1,5,-4
105000149,0,0,0
105000150,367,444,-77
105000151,23,14,9
105000152,15,126,-111
105000153,24,21,3
105000154,30,168,-138
105000155,9,25,-16
105000156,62,185,-123
105000157,87,362,-275
105000158,85,48,37
105000159,30,267,-237
105000160,51,46,5
105000161,80,373,-293
105000162,4,60,-56
105000163,127,215,-88
105000164,82,51,31
105000165,47,141,-94
105000166,1003,40,963
105000167,188,136,52
105000168,5,167,-162
105000169,44,178,-134
105000170,0,0,0
105000171,82,23,59
105000172,0,0,0
105000173,0,0,0
105000174,0,0,0
105000175,4,21,-17
105000176,5,10,-5
105000177,4,25,-21
105000178,0,0,0
105000179,14,18,-4
105000180,6,21,-15
105000181,0,0,0
105000182,8,5,3
105000183,10,1,9
105000184,399,476,-77
105000185,190,119,71
105000186,70,437,-367
105000187,56,76,-20
105000188,12,21,-9
105000189,23,216,-193
105000190,0,0,0
105000191,78,220,-142
105000192,17,57,-40
105000193,19,47,-28
105000194,33,43,-10
105000195,45,272,-227
105000196,3,35,-32
105000197,15,169,-154
105000198,110,95,15
105000199,42,57,-15
105000200,7,30,-23
105000201,6,8,-2
105000203,0,27,-27
105000204,37,24,13
105000205,10,28,-18
105000207,135,106,29
105000208,0,0,0
105000209,32,188,-156
105000211,0,0,0
105000212,77,192,-115
105000213,0,0,0
105000214,0,0,0
105000215,12,47,-35
105000216,23,195,-172
105000217,18,219,-201
105000218,13,168,-155
105000221,15,16,-1
105000222,1,9,-8
105000223,8,42,-34
105000226,0,0,0
105000227,0,0,0
105000228,2,56,-54
105000229,0,0,0
105000231,0,0,0
105000233,57,43,14
105000234,189,815,-626
105000235,1,7,-6
105000237,0,0,0
105000243,2,1,1
105000248,21,46,-25
105000262,21,219,-198
105000269,10,17,-7
105000270,12,32,-20
105000271,0,24,-24
105000282,0,2,-2
105000287,4,0,4
105000288,11,78,-67
105000289,104,213,-109
105000290,0,0,0
105000402,412,100,312
105000426,67,59,8
105000438,148,94,54
105000440,0,0,0
105000446,1253,1230,23
105000447,1401,971,430
105000454,1,14,-13
105000455,0,0,0
105000474,0,0,0
105000477,0,0,0
105000478,104,150,-46
105000479,9,18,-9
105000480,380,326,54
105000481,592,337,255
105000482,1540,1284,256
105000483,355,391,-36
105000484,415,1104,-689
105000485,638,812,-174
105000486,916,1082,-166
105000488,466,868,-402
105000489,70,88,-18
105000549,0,0,0
105000550,155,367,-212
105000551,0,0,0
105000552,1999,832,1167
105000555,49,35,14
105000556,5,0,5
105000557,0,0,0
105900001,0,0,0
105900002,0,14,-14
105900003,2,14,-12
105900004,67,14,53
105900005,0,28,-28
105900006,0,0,0
105900007,0,0,0
105900008,3,133,-130
105900009,0,0,0
105900011,0,0,0
105900012,0,0,0
105900013,0,0,0
105900014,0,0,0
105900015,3,33,-30
105900016,0,0,0
105900017,0,0,0
105900018,14,14,0
105900019,0,0,0
105900020,0,1,-1
105900021,0,0,0
105900022,5,16,-11
105900023,0,0,0
105900024,0,0,0
105900025,0,0,0
105900026,2,0,2
105900027,0,0,0
105900028,0,21,-21
105900029,8,37,-29
105900030,17,27,-10
105900031,14,42,-28
105900032,5,29,-24
105900033,5,26,-21
105900034,2,39,-37
105900035,18,19,-1
105900036,4,8,-4
105900037,13,2,11
105900038,6,21,-15
105900039,3,8,-5
105900040,14,9,5
105900041,14,13,1
105900042,2,12,-10
105900043,10,0,10
105900044,1,7,-6
105900045,0,56,-56
105900046,1,53,-52
105900047,0,2,-2
105900048,0,43,-43
105900050,0,0,0
105900051,0,0,0
105900052,0,0,0
105900053,257,8,249
105900054,6,14,-8
105900056,0,0,0
105900057,0,0,0
105900058,0,0,0
105900059,0,0,0
106000001,301,136,165
106000002,635,1148,-513
106000003,578,298,280
106000004,536,701,-165
106000005,471,452,19
106000006,1445,1268,177
106000007,102,45,57
106000008,169,245,-76
106000009,68,35,33
106000010,176,294,-118
106000011,48,60,-12
106000012,225,601,-376
106000013,166,137,29
106000014,583,714,-131
106000015,87,148,-61
106000016,608,898,-290
106000017,193,177,16
106000018,381,458,-77
106000019,27,66,-39
106000020,69,289,-220
106000021,60,110,-50
106000022,132,170,-38
106000023,48,58,-10
106000024,165,338,-173
106000025,44,34,10
106000026,136,244,-108
106000027,49,66,-17
106000028,170,453,-283
106000029,470,770,-300
106000030,65,88,-23
106000034,179,191,-12
106000035,59,120,-61
106000036,52,98,-46
106000037,291,428,-137
106000038,0,0,0
106000039,0,0,0
106000040,34,288,-254
106000041,85,56,29
106000043,0,0,0
106000046,0,0,0
106000047,4,56,-52
106000049,9,8,1
106000050,74,345,-271
106000051,9,16,-7
106000052,26,331,-305
106000053,0,0,0
106000054,89,306,-217
106000055,0,0,0
106000056,104,339,-235
106000057,0,0,0
106000058,22,101,-79
106000059,2,1,1
106000060,136,392,-256
106000061,7,9,-2
106000062,76,352,-276
106000063,5,7,-2
106000064,15,191,-176
106000065,3,12,-9
106000066,21,116,-95
106000067,7,4,3
106000068,5,230,-225
106000069,3,8,-5
106000070,28,263,-235
106000071,16,24,-8
106000072,519,556,-37
106000073,333,255,78
106000074,52,188,-136
106000075,54,206,-152
106000076,155,408,-253
106000077,373,425,-52
106000078,107,422,-315
106000079,50,241,-191
106000080,192,388,-196
106000081,25,198,-173
106000082,485,437,48
106000083,15,224,-209
106000084,87,353,-266
106000085,70,266,-196
106000086,33,200,-167
106000087,76,235,-159
106000088,9,219,-210
106000089,82,166,-84
106000090,4,276,-272
106000091,95,207,-112
106000092,0,17,-17
106000093,0,0,0
106000094,32,111,-79
106000095,29,205,-176
106000096,17,185,-168
106000097,71,278,-207
106000098,4,280,-276
106000099,3,283,-280
106000100,12,58,-46
106000101,19,38,-19
106000102,4,150,-146
106000103,9,52,-43
106000104,87,53,34
106000105,36,106,-70
106000106,84,66,18
106000107,12,79,-67
106000108,70,35,35
106000109,6,106,-100
106000110,25,38,-13
106000111,21,99,-78
106000112,37,29,8
106000113,86,76,10
106000114,79,40,39
106000115,31,84,-53
106000116,50,27,23
106000117,175,191,-16
106000118,87,65,22
106000119,466,261,205
106000120,0,0,0
106000121,6,6,0
106000122,2,30,-28
106000123,3,8,-5
106000124,2,35,-33
106000125,9,46,-37
106000126,1,9,-8
106000127,10,84,-74
106000128,9,9,0
106000129,57,149,-92
106000130,0,0,0
106000131,26,156,-130
106000132,0,0,0
106000133,590,233,357
106000134,0,0,0
106000135,43,277,-234
106000136,0,0,0
106000137,22,361,-339
106000138,0,0,0
106000139,0,0,0
106000140,4,97,-93
106000141,5,103,-98
106000142,0,0,0
106000143,4,144,-140
106000144,0,0,0
106000145,32,234,-202
106000146,0,0,0
106000147,92,104,-12
106000148,89,161,-72
106000149,58,82,-24
106000150,61,292,-231
106000151,557,128,429
106000152,122,102,20
106000153,27,151,-124
106000154,210,30,180
106000155,3,10,-7
106000156,41,20,21
106000157,93,299,-206
106000158,300,83,217
106000159,567,329,238
106000160,16,177,-161
106000161,240,116,124
106000162,4,65,-61
106000163,24,145,-121
106000164,29,42,-13
106000165,33,208,-175
106000166,44,64,-20
106000167,46,407,-361
106000168,12,47,-35
106000169,18,179,-161
106000170,29,50,-21
106000171,7,179,-172
106000172,246,149,97
106000173,101,509,-408
106000174,36,103,-67
106000175,31,323,-292
106000176,57,58,-1
106000177,100,578,-478
106000178,118,146,-28
106000179,143,496,-353
106000180,172,522,-350
106000181,37,542,-505
106000182,37,118,-81
106000183,50,152,-102
106000184,62,135,-73
106000185,33,218,-185
106000186,105,49,56
106000187,21,207,-186
106000188,0,3,-3
106000189,0,0,0
106000190,0,0,0
106000191,26,60,-34
106000192,0,26,-26
106000193,34,24,10
106000194,14,97,-83
106000195,12,19,-7
106000196,1,94,-93
106000197,19,45,-26
106000198,10,102,-92
106000199,143,75,68
106000200,81,52,29
106000201,43,44,-1
106000202,831,118,713
106000203,19,56,-37
106000204,0,0,0
106000205,5,51,-46
106000206,0,0,0
106000207,12,306,-294
106000208,11,1,10
106000209,18,22,-4
106000210,36,433,-397
106000211,93,670,-577
106000212,7,4,3
106000213,63,346,-283
106000214,230,26,204
106000215,17,41,-24
106000216,42,41,1
106000217,13,31,-18
106000218,51,39,12
106000219,9,22,-13
106000220,36,27,9
106000221,6,86,-80
106000222,0,0,0
106000223,0,0,0
106000224,10,66,-56
106000225,0,0,0
106000226,16,111,-95
106000228,3,149,-146
106000229,19,319,-300
106000231,9,3,6
106000232,1,144,-143
106000233,8,1,7
106000234,7,87,-80
106000235,7,2,5
106000236,12,16,-4
106000237,0,1,-1
106000238,0,0,0
106000239,1,6,-5
106000240,0,0,0
106000241,4,270,-266
106000242,12,0,12
106000249,0,0,0
106000250,3,127,-124
106000251,0,0,0
106000252,5,29,-24
106000253,0,0,0
106000254,4,19,-15
106000255,0,0,0
106000256,18,23,-5
106000257,13,53,-40
106000258,0,0,0
106000259,0,16,-16
106000260,0,0,0
106000261,0,20,-20
106000262,0,0,0
106000263,0,11,-11
106000264,0,0,0
106000265,1,23,-22
106000266,0,0,0
106000267,1,22,-21
106000268,0,0,0
106000269,18,9,9
106000270,22,189,-167
106000271,0,0,0
106000272,2,11,-9
106000273,0,0,0
106000274,26,5,21
106000275,0,0,0
106000276,16,5,11
106000277,0,1,-1
106000278,25,5,20
106000279,0,3,-3
106000280,4,12,-8
106000281,37,5,32
106000282,5,11,-6
106000283,0,12,-12
106000284,17,20,-3
106000285,11,19,-8
106000286,5,19,-14
106000287,1,6,-5
106000288,9,21,-12
106000289,1,5,-4
106000290,5,18,-13
106000291,2,15,-13
106000292,6,21,-15
106000293,7,10,-3
106000294,13,10,3
106000295,2,7,-5
106000296,7,11,-4
106000297,8,17,-9
106000298,6,3,3
106000299,18,14,4
106000300,4,24,-20
106000301,4,19,-15
106000303,0,0,0
106000304,2,8,-6
106000305,0,0,0
106000306,8,6,2
106000307,0,0,0
106000308,14,21,-7
106000309,6,6,0
106000310,17,121,-104
106000311,22,22,0
106000312,20,26,-6
106000313,10,32,-22
106000318,10,41,-31
106000319,51,0,51
106000320,0,0,0
106000321,0,0,0
106000322,6,66,-60
106000324,0,0,0
106000325,99,41,58
106000326,212,763,-551
106000327,0,0,0
106000328,0,0,0
106000329,7,20,-13
106000330,6,41,-35
106000428,29,50,-21
106000429,29,102,-73
106000430,58,292,-234
106000431,45,59,-14
106000432,278,565,-287
106000433,179,131,48
106000434,193,70,123
106000435,642,801,-159
106000436,1,112,-111
106000437,1,0,1
106000438,0,0,0
106000439,11,69,-58
106000440,24,58,-34
106000441,0,0,0
106000442,0,0,0
106000443,5,25,-20
106000450,2,77,-75
106000451,0,0,0
106000454,0,6,-6
106000455,0,97,-97
106000456,0,0,0
106000457,5,384,-379
106000458,0,0,0
106000459,4,143,-139
106000460,0,0,0
106000461,11,582,-571
106000462,0,6,-6
106000463,0,0,0
106000464,8,177,-169
106000465,0,0,0
106000466,0,210,-210
106000467,199,207,-8
106000468,0,3,-3
106000469,0,0,0
106000470,54,219,-165
106000471,3,139,-136
106000472,0,0,0
106000473,5,6,-1
106000474,156,288,-132
106000475,26,41,-15
106000476,25,33,-8
106000477,23,97,-74
106000480,0,29,-29
106900001,0,1,-1
106900002,0,0,0
106900003,0,0,0
106900004,0,4,-4
106900006,0,1,-1
106900007,0,0,0
106900008,0,0,0
106900009,0,0,0
106900010,0,0,0
106900012,0,0,0
106900013,0,0,0
106900014,0,0,0
106900015,0,0,0
106900016,0,0,0
106900017,0,0,0
106900018,0,0,0
106900019,0,0,0
106900020,0,0,0
106900021,0,0,0
106900022,0,0,0
106900023,0,0,0
106900024,0,0,0
106900025,0,0,0
106900026,0,0,0
106900027,0,0,0
107000001,367,412,-45
107000002,1084,2052,-968
107000003,764,812,-48
107000004,1804,3109,-1305
107000005,237,505,-268
107000006,1085,2881,-1796
107000007,782,797,-15
107000008,9011,6991,2020
107000009,443,498,-55
107000010,8443,5065,3378
107000011,426,451,-25
107000012,730,964,-234
107000013,15,140,-125
107000014,9,132,-123
107000015,96,511,-415
107000016,99,492,-393
107000017,170,150,20
107000018,0,75,-75
107000020,68,41,27
107000021,140,310,-170
107000022,50,409,-359
107000023,239,151,88
107000024,70,851,-781
107000025,14,64,-50
107000026,35,272,-237
107000027,365,128,237
107000028,216,379,-163
107000029,273,176,97
107000030,306,772,-466
107000031,188,218,-30
107000032,11,40,-29
107000033,551,978,-427
107000034,694,564,130
107000035,17,9,8
107000036,44,177,-133
107000037,4,23,-19
107000038,104,138,-34
107000039,0,0,0
107000040,58,174,-116
107000041,173,72,101
107000042,116,519,-403
107000043,227,125,102
107000044,139,287,-148
107000045,14,169,-155
107000046,36,34,2
107000047,59,323,-264
107000048,62,59,3
107000049,36,257,-221
107000050,33,79,-46
107000051,87,108,-21
107000052,139,86,53
107000053,4,25,-21
107000054,20,120,-100
107000055,89,32,57
107000056,101,373,-272
107000057,243,74,169
107000058,0,0,0
107000059,379,1147,-768
107000060,38,42,-4
107000061,1193,1450,-257
107000062,43,39,4
107000063,788,1740,-952
107000064,43,55,-12
107000065,957,2043,-1086
107000066,23,45,-22
107000067,24,60,-36
107000068,0,0,0
107000069,0,0,0
107000070,0,2,-2
107000071,0,0,0
107000072,7,1077,-1070
107000073,0,0,0
107000074,33,343,-310
107000075,0,0,0
107000076,195,1177,-982
107000077,0,0,0
107000078,263,1402,-1139
107000079,0,0,0
107000080,188,1135,-947
107000081,17,2,15
107000082,108,1056,-948
107000083,10,10,0
107000084,73,893,-820
107000085,593,590,3
107000086,408,782,-374
107000087,326,357,-31
107000088,327,774,-447
107000089,94,122,-28
107000090,215,431,-216
107000091,113,117,-4
107000092,203,418,-215
107000093,83,182,-99
107000094,187,385,-198
107000095,0,0,0
107000096,254,442,-188
107000097,0,0,0
107000098,136,337,-201
107000099,0,0,0
107000100,81,157,-76
107000101,0,0,0
107000102,143,190,-47
107000103,0,0,0
107000104,60,155,-95
107000105,5,0,5
107000106,31,132,-101
107000107,6,2,4
107000108,33,320,-287
107000109,0,0,0
107000110,10,188,-178
107000111,0,0,0
107000112,4,125,-121
107000113,0,0,0
107000114,8,164,-156
107000115,0,0,0
107000116,12,288,-276
107000117,0,0,0
107000118,21,92,-71
107000119,98,42,56
107000120,262,233,29
107000121,27,6,21
107000122,122,376,-254
107000123,23,16,7
107000124,65,359,-294
107000125,29,14,15
107000126,67,527,-460
107000129,37,427,-390
107000130,0,0,0
107000131,77,270,-193
107000132,0,0,0
107000133,20,5,15
107000134,3,0,3
107000135,1,26,-25
107000136,10,1,9
107000137,0,12,-12
107000138,8,0,8
107000139,3,34,-31
107000140,101,2,99
107000141,28,68,-40
107000142,25,2,23
107000143,2,81,-79
107000144,19,4,15
107000145,8,23,-15
107000146,13,2,11
107000147,559,58,501
107000150,22,22,0
107000151,2,12,-10
107000152,5,71,-66
107000153,8,35,-27
107000154,2,4,-2
107000155,16,0,16
107000156,45,0,45
107000157,3,279,-276
107000158,30,0,30
107000159,0,124,-124
107000160,21,5,16
107000161,6,158,-152
107000162,39,14,25
107000163,0,0,0
107000164,0,0,0
107000165,0,0,0
107000166,7,338,-331
107000167,18,39,-21
107000168,87,5,82
107000169,78,492,-414
107000170,47,11,36
107000171,60,942,-882
107000172,38,25,13
107000173,104,321,-217
107000174,103,174,-71
107000175,1421,534,887
107000176,0,0,0
107000177,0,0,0
107000178,0,0,0
107000179,43,917,-874
107000180,0,0,0
107000181,67,417,-350
107000182,7,87,-80
107000183,19,318,-299
107000184,10,117,-107
107000185,35,474,-439
107000186,0,0,0
107000187,92,61,31
107000188,86,62,24
107000189,11,37,-26
107000190,40,129,-89
107000191,22,94,-72
107000192,170,146,24
107000193,0,2,-2
107000194,146,121,25
107000197,0,0,0
107000198,44,295,-251
107000199,213,263,-50
107000200,2,1,1
107000201,78,112,-34
107000202,0,0,0
107000203,116,168,-52
107000204,14,8,6
107000205,1280,637,643
107000206,0,0,0
107000207,18,15,3
107000208,50,9,41
107000209,67,12,55
107000210,203,37,166
107000211,0,0,0
107000212,0,81,-81
107000213,0,0,0
107000214,1,8,-7
107000215,2,11,-9
107000216,1,43,-42
107000217,0,8,-8
107000219,0,6,-6
107000220,3,34,-31
107000222,37,190,-153
107000224,0,0,0
107000225,30,123,-93
107000226,0,0,0
107000227,15,96,-81
107000228,3,30,-27
107000229,10,11,-1
107000230,397,282,115
107000231,10,20,-10
107000232,0,0,0
107000233,20,35,-15
107000234,0,0,0
107000235,0,2,-2
107000236,6,244,-238
107000237,0,0,0
107000238,0,4,-4
107000239,88,5,83
107000240,1,276,-275
107000243,0,33,-33
107000244,4,61,-57
107000246,2,546,-544
107000249,1,237,-236
107000251,1,60,-59
107000252,0,456,-456
107000255,37,41,-4
107000257,1,61,-60
107000258,0,22,-22
107000259,0,19,-19
107000260,0,0,0
107000262,0,82,-82
107000263,0,0,0
107000266,0,0,0
107000267,2,3,-1
107000268,7,7,0
107000269,0,0,0
107000270,0,0,0
107000271,0,145,-145
107000272,0,50,-50
107000273,0,31,-31
107000274,4,22,-18
107000275,6,59,-53
107000280,11,0,11
107000281,2,98,-96
107000282,4,234,-230
107000290,1,9,-8
107000291,0,0,0
107000292,1,9,-8
107000293,0,0,0
107000294,0,17,-17
107000295,0,0,0
107000296,0,0,0
107000444,9,0,9
107000496,0,0,0
107000497,209,1120,-911
107000500,0,0,0
107000501,0,0,0
107000502,0,0,0
107000505,83,286,-203
107000506,0,2,-2
107000508,1,187,-186
107000509,15,18,-3
107000510,0,0,0
107000514,1,20,-19
107000515,0,21,-21
107000516,0,1,-1
107000518,0,0,0
107000519,225,653,-428
107000520,0,0,0
107000521,162,214,-52
107000522,2,86,-84
107900001,0,4,-4
107900002,0,0,0
107900003,0,0,0
107900004,0,0,0
107900005,26,0,26
107900006,0,0,0
107900007,19,1,18
107900008,0,6,-6
107900009,0,0,0
107900010,0,0,0
107900012,9,0,9
107900013,14,1,13
107900014,0,0,0
107900015,38,1,37
107900016,13,4,9
107900017,0,1,-1
107900018,0,0,0
107900019,0,11,-11
107900020,0,0,0
107900021,0,12,-12
107900023,0,0,0
107900024,0,0,0
107900025,8,8,0
107900026,0,17,-17
107900027,0,0,0
107900028,0,8,-8
107900030,9,0,9
107900031,6,24,-18
107900032,0,0,0
107900033,1,0,1
107900034,24,0,24
107900035,46,1,45
107900036,0,0,0
107900037,0,0,0
107900038,11,6,5
107900039,0,5,-5
107900040,0,0,0
107900041,0,0,0
107900043,1,14,-13
107900044,1,0,1
107900045,5,1,4
107900046,3,2,1
107900047,0,0,0
107900048,3,0,3
107900049,16,5,11
107900050,15,33,-18
107900051,4,5,-1
107900052,0,0,0
107900053,0,6,-6
107900055,12,27,-15
107900056,1,0,1
107900057,0,0,0
107900058,1,89,-88
107900060,0,0,0
107900061,0,0,0
107900063,2,13,-11
107900064,11,0,11
107900065,3,1,2
107900066,0,0,0
107900067,0,0,0
107900068,1,3,-2
107900069,0,2,-2
107900070,0,0,0
107900071,0,120,-120
107900072,0,10,-10
107900073,0,0,0
107900074,0,0,0
107900076,1,7,-6
107900077,0,0,0
107900079,3,0,3
107900080,7,4,3
107900081,0,0,0
107900082,0,0,0
107900083,30,19,11
107900084,0,13,-13
107900086,4,9,-5
107900087,48,7,41
107900088,0,0,0
107900089,25,38,-13
107900090,41,25,16
107900091,2,39,-37
107900093,0,0,0
107900095,179,75,104
107900097,3,2,1
107900098,3,6,-3
107900100,125,64,61
107900101,164,18,146
107900102,0,0,0
107900103,1,20,-19
107900104,0,0,0
107900105,1,98,-97
107900106,2,464,-462
107900107,111,26,85
107900108,6,0,6
107900109,0,0,0
107900110,1,6,-5
107900111,0,262,-262
107900112,8,39,-31
107900113,0,0,0
107900114,1,27,-26
107900115,0,0,0
107900116,0,20,-20
107900117,13,51,-38
107900118,8,10,-2
107900119,4,2,2
107900120,0,0,0
107900121,0,1,-1
107900122,0,5,-5
107900123,0,10,-10
107900124,0,2,-2
107900125,5,38,-33
107900126,0,25,-25
107900127,87,15,72
107900128,2,1,1
107900129,1,2,-1
107900130,0,0,0
107900131,14,5,9
107900132,8,57,-49
107900133,0,7,-7
107900134,0,0,0
107900135,1,27,-26
107900136,22,2,20
107900137,4,3,1
107900138,6,2,4
107900139,0,0,0
107900141,4,1,3
107900142,8,130,-122
107900143,0,6,-6
107900144,0,37,-37
107900145,1,12,-11
107900146,0,5,-5
107900147,1,1,0
107900148,26,24,2
107900149,202,10,192
107900150,7,128,-121
107900151,1,17,-16
107900152,0,36,-36
107900153,4,8,-4
107900154,0,0,0
107900155,0,0,0
107900156,0,0,0
107900157,5,23,-18
107900158,32,0,32
107900159,8,145,-137
107900160,0,43,-43
107900161,0,63,-63
107900162,0,18,-18
107900163,0,0,0
107900164,0,8,-8
107900165,2,2,0
107900166,0,91,-91
107900167,0,1,-1
107900168,0,3,-3
107900169,1,22,-21
107900171,1,268,-267
107900172,0,62,-62
107900173,0,56,-56
107900174,2,1,1
107900175,0,0,0
107900176,0,5,-5
107900177,0,31,-31
107900178,0,69,-69
107900179,0,25,-25
107900180,22,2,20
107900181,105,85,20
107900182,3,274,-271
107900183,0,71,-71
107900184,0,4,-4
107900185,1,4,-3
107900186,0,2,-2
107900187,0,34,-34
107900188,94,1,93
107900189,0,15,-15
107900190,7,2,5
107900191,3,29,-26
107900193,0,18,-18
107900194,3,0,3
107900195,458,30,428
107900196,1,0,1
107900197,13,2,11
107900199,0,178,-178
107900201,6,35,-29
107900203,3,25,-22
107900204,67,59,8
107900206,4,8,-4
107900207,1,175,-174
107900208,0,115,-115
107900209,28,21,7
107900210,35,10,25
107900213,46,55,-9
107900214,0,38,-38
107900215,23,98,-75
107900216,6,5,1
107900217,0,0,0
107900218,1,200,-199
107900219,0,9,-9
107900220,19,11,8
107900221,55,58,-3
107900223,0,4,-4
107900224,14,49,-35
107900225,0,86,-86
107900226,8,12,-4
107900227,9,94,-85
107900228,0,26,-26
107900229,0,103,-103
107900230,0,26,-26
107900231,0,2,-2
107900232,2,40,-38
107900233,1,19,-18
107900234,13,59,-46
107900235,6,26,-20
107900236,5,40,-35
107900237,28,148,-120
107900238,0,1,-1
107900239,159,100,59
107900240,0,23,-23
107900241,1,7,-6
107900242,0,73,-73
107900243,0,0,0
107900244,0,0,0
107900245,4,1,3
107900246,0,0,0
107900248,5,79,-74
107900249,0,0,0
107900250,0,87,-87
107900251,1,162,-161
107900252,0,0,0
107900253,0,0,0
107900254,5,2,3
107900255,80,4,76
107900256,3,51,-48
107900257,2,1,1
107900258,2,19,-17
107900259,2,13,-11
107900261,1,98,-97
107900262,0,0,0
107900264,0,0,0
107900265,0,23,-23
107900267,0,0,0
107900268,0,0,0
107900269,0,0,0
107900270,0,0,0
107900271,0,0,0
107900272,0,0,0
107900273,0,11,-11
107900274,0,0,0
107900275,0,0,0
107900276,0,8,-8
107900277,1,39,-38
107900278,0,39,-39
107900279,9,6,3
107900280,3,45,-42
107900281,190,105,85
107900282,5,11,-6
107900283,40,17,23
107900284,5,149,-144
107900285,1,9,-8
107900286,13,5,8
107900287,3,4,-1
107900290,0,24,-24
107900291,16,0,16
107900292,5,44,-39
107900293,2,36,-34
107900295,3,16,-13
107900297,0,95,-95
107900298,58,75,-17
107900299,680,101,579
107900301,5,23,-18
107900302,9,0,9
107900303,3,32,-29
107900304,10,128,-118
107900305,5,0,5
107900306,0,0,0
107900307,10,104,-94
107900308,31,0,31
107900309,0,0,0
107900310,0,0,0
107900311,4,3,1
107900312,0,0,0
107900313,1,7,-6
107900314,1,8,-7
107900315,0,4,-4
107900316,1,0,1
107900317,1,0,1
107900318,0,8,-8
107900319,1,42,-41
107900320,1,27,-26
107900321,2,0,2
107900322,0,31,-31
107900323,0,18,-18
107900324,4,0,4
107900325,0,0,0
107900326,0,100,-100
107900327,0,1,-1
107900328,0,0,0
107900329,0,1,-1
107900330,0,54,-54
107900331,0,2,-2
107900332,7,4,3
107900333,3,1,2
107900334,1,41,-40
107900335,14,16,-2
107900336,0,4,-4
107900337,174,29,145
107900338,0,28,-28
107900339,3,12,-9
107900340,0,5,-5
107900341,0,0,0
107900342,5,22,-17
107900343,0,0,0
107900344,0,42,-42
107900345,0,12,-12
107900346,0,0,0
107900347,0,0,0
107900348,0,0,0
107900349,1,0,1
107900350,8,54,-46
107900351,0,45,-45
107900352,0,14,-14
107900353,1,0,1
107900354,0,16,-16
108000001,482,526,-44
108000002,1218,2047,-829
108000003,363,328,35
108000004,6035,7877,-1842
108000005,350,360,-10
108000006,1319,3145,-1826
108000007,426,456,-30
108000008,1346,2916,-1570
108000009,203,553,-350
108000010,726,2658,-1932
108000011,1485,932,553
108000012,6792,6990,-198
108000014,31,64,-33
108000015,9,35,-26
108000016,54,464,-410
108000017,6,53,-47
108000018,3,49,-46
108000019,1,74,-73
108000020,0,0,0
108000021,136,789,-653
108000022,104,446,-342
108000023,0,0,0
108000024,16,150,-134
108000025,8,90,-82
108000026,16,180,-164
108000027,13,272,-259
108000028,2,104,-102
108000029,18,289,-271
108000030,4,59,-55
108000031,11,269,-258
108000032,0,0,0
108000033,121,502,-381
108000034,0,0,0
108000035,123,1321,-1198
108000036,76,476,-400
108000037,80,38,42
108000038,44,20,24
108000039,92,738,-646
108000040,21,26,-5
108000041,204,939,-735
108000042,1,58,-57
108000043,14,189,-175
108000044,5,51,-46
108000045,18,451,-433
108000046,0,0,0
108000047,86,601,-515
108000048,42,242,-200
108000049,28,27,1
108000050,15,178,-163
108000051,14,6,8
108000052,59,210,-151
108000053,21,24,-3
108000054,27,204,-177
108000055,23,29,-6
108000056,201,367,-166
108000057,16,66,-50
108000058,26,220,-194
108000059,760,451,309
108000060,0,18,-18
108000061,92,174,-82
108000062,14,14,0
108000063,28,172,-144
108000064,0,0,0
108000065,85,193,-108
108000066,225,78,147
108000067,67,45,22
108000068,0,0,0
108000069,56,618,-562
108000070,0,0,0
108000071,107,829,-722
108000072,0,0,0
108000073,207,758,-551
108000074,0,0,0
108000075,36,307,-271
108000076,0,0,0
108000077,176,387,-211
108000078,18,23,-5
108000079,445,861,-416
108000080,3,12,-9
108000081,89,965,-876
108000082,217,513,-296
108000083,14,11,3
108000084,48,397,-349
108000085,3,3,0
108000086,128,222,-94
108000087,0,23,-23
108000088,11,1,10
108000089,21,34,-13
108000091,20,309,-289
108000092,0,1,-1
108000093,60,364,-304
108000094,0,0,0
108000095,58,253,-195
108000096,0,0,0
108000097,47,246,-199
108000098,39,81,-42
108000099,32,32,0
108000100,10,41,-31
108000101,0,0,0
108000102,79,236,-157
108000106,0,0,0
108000107,0,199,-199
108000108,0,0,0
108000109,2,243,-241
108000110,9,74,-65
108000111,68,533,-465
108000112,0,0,0
108000113,57,31,26
108000115,31,27,4
108000117,82,41,41
108000118,9,119,-110
108000119,62,190,-128
108000120,5,97,-92
108000121,6,182,-176
108000122,18,60,-42
108000123,9,4,5
108000124,12,343,-331
108000125,1,0,1
108000126,20,273,-253
108000127,5,6,-1
108000128,52,406,-354
108000129,44,683,-639
108000130,1,1,0
108000131,6,4,2
108000132,230,403,-173
108000133,1,0,1
108000134,132,624,-492
108000135,17,0,17
108000136,65,838,-773
108000137,1,0,1
108000138,23,122,-99
108000139,0,2,-2
108000140,57,2,55
108000141,11,42,-31
108000142,25,64,-39
108000143,9,71,-62
108000144,12,6,6
108000145,8,73,-65
108000146,11,1,10
108000147,6,70,-64
108000148,2,1,1
108000149,9,21,-12
108000150,4,2,2
108000151,32,2,30
108000152,22,78,-56
108000153,2,5,-3
108000154,12,18,-6
108000155,4,15,-11
108000156,68,25,43
108000157,5,24,-19
108000158,19,76,-57
108000159,19,3,16
108000160,346,189,157
108000161,218,157,61
108000165,0,0,0
108000172,0,0,0
108000173,289,14,275
108000175,1,33,-32
108000178,116,205,-89
108000179,0,0,0
108000181,0,2,-2
108000182,10,4,6
108000183,23,51,-28
108000184,69,144,-75
108000185,4,188,-184
108000186,5,46,-41
108000187,7,105,-98
108000188,8,11,-3
108000189,53,71,-18
108000190,3,52,-49
108000192,14,126,-112
108000193,130,2,128
108000194,0,0,0
108000195,1,683,-682
108000196,0,26,-26
108000198,91,104,-13
108000199,0,86,-86
108000200,14,50,-36
108000203,9,205,-196
108000204,14,3,11
108000205,80,45,35
108000339,48,42,6
108000364,43,22,21
108000365,1,30,-29
108000367,7,27,-20
108000368,7,17,-10
108000369,193,35,158
108000371,2,225,-223
108000372,0,0,0
108000373,0,0,0
108000376,17,0,17
108000377,14,10,4
108000378,1946,941,1005
108000379,11,44,-33
108000381,0,0,0
108000382,0,0,0
108000383,1,31,-30
108900001,24,55,-31
108900002,13,2,11
108900003,40,82,-42
108900004,88,35,53
108900007,4,14,-10
108900008,2,13,-11
108900009,2,9,-7
108900010,2,20,-18
108900011,6,35,-29
108900012,7,43,-36
108900013,1,24,-23
108900014,0,8,-8
108900015,0,1,-1
108900016,0,57,-57
108900017,7,7,0
108900018,4,45,-41
108900019,0,137,-137
108900020,3,17,-14
108900021,8,27,-19
108900022,0,0,0
108900023,1,7,-6
108900024,3,21,-18
108900025,0,0,0
108900026,6,6,0
108900027,0,25,-25
108900028,0,65,-65
108900029,0,21,-21
108900030,0,27,-27
108900031,4,60,-56
108900032,0,21,-21
108900033,0,8,-8
108900034,0,21,-21
108900035,7,262,-255
108900038,0,41,-41
108900039,0,29,-29
108900040,2,5,-3
108900041,314,91,223
108900042,0,31,-31
108900043,5,21,-16
108900044,0,95,-95
108900045,1,48,-47
108900046,0,85,-85
108900047,0,20,-20
108900048,7,55,-48
108900049,267,17,250
108900050,0,16,-16
108900051,0,35,-35
108900052,3,33,-30
108900053,2,2,0
108900054,0,12,-12
108900055,8,52,-44
108900056,0,45,-45
108900057,1,29,-28
108900058,6,47,-41
108900059,3,0,3
108900060,0,0,0
108900061,2,2,0
108900062,1,55,-54
108900063,2,36,-34
108900064,0,3,-3
108900065,0,23,-23
108900066,0,0,0
108900067,1,38,-37
108900068,1,10,-9
108900069,1,5,-4
108900070,3,9,-6
108900071,0,0,0
108900072,0,0,0
108900073,0,33,-33
108900074,0,22,-22
108900075,1,6,-5
108900076,0,0,0
108900077,18,28,-10
108900078,0,5,-5
108900079,18,3,15
108900080,0,0,0
108900081,6,38,-32
108900082,0,4,-4
108900083,0,0,0
108900085,71,2,69
108900086,1,10,-9
108900087,3,3,0
108900088,0,0,0
108900089,0,0,0
108900090,0,13,-13
108900091,3,4,-1
108900092,0,1,-1
108900093,0,0,0
108900094,12,5,7
108900095,4,33,-29
108900096,32,3,29
108900097,0,97,-97
108900098,2,1,1
108900099,0,58,-58
108900100,1,8,-7
108900101,0,0,0
108900102,1,5,-4
108900103,0,0,0
108900105,0,0,0
108900106,0,81,-81
108900108,0,0,0
108900109,0,0,0
108900110,0,45,-45
108900111,0,114,-114
108900113,0,0,0
108900114,0,0,0
108900115,0,0,0
108900116,0,0,0
108900117,0,0,0
108900118,0,0,0
108900119,0,0,0
108900120,0,0,0
108900121,0,0,0
108900122,0,0,0
108900123,0,0,0
108900124,0,0,0
108900125,0,0,0
108900126,1,0,1
108900127,0,0,0
108900128,0,0,0
108900129,0,0,0
108900130,0,0,0
108900131,1,0,1
108900132,0,0,0
108900133,0,0,0
108900134,0,0,0
108900135,0,0,0
108900136,0,0,0
108900137,1,0,1
108900138,0,0,0
108900140,0,0,0
108900141,0,0,0
108900142,0,0,0
108900143,0,0,0
108900144,0,0,0
108900145,0,0,0
108900146,0,0,0
108900147,1,0,1
108900148,0,0,0
108900150,0,0,0
108900151,0,0,0
108900152,0,1,-1
108900153,1,35,-34
108900154,0,9,-9
108900156,0,0,0
108900157,0,30,-30
108900158,0,0,0
108900159,0,16,-16
108900160,0,23,-23
108900161,0,52,-52
108900162,0,0,0
108900163,0,0,0
108900164,5,8,-3
108900168,448,25,423
108900169,8,1,7
108900171,223,80,143
108900172,0,0,0
108900173,6,15,-9
108900174,0,0,0
108900176,5,46,-41
108900177,582,54,528
108900178,135,22,113
108900180,0,0,0
108900183,11,17,-6
108900184,0,3,-3
108900185,2,16,-14
108900186,0,31,-31
108900189,0,0,0
108900190,15,313,-298
108900192,6,23,-17
108900195,4,30,-26
108900196,2,51,-49
108900199,4,26,-22
108900200,22,31,-9
108900201,8,103,-95
108900203,3,0,3
108900204,2,0,2
108900205,1,0,1
108900206,0,0,0
108900207,0,0,0
108900208,8,38,-30
108900209,28,61,-33
108900210,4,18,-14
108900211,1,3,-2
108900212,18,36,-18
108900215,19,54,-35
108900216,0,3,-3
108900217,0,0,0
108900218,0,0,0
108900221,7,7,0
108900224,3,15,-12
108900225,0,38,-38
108900227,0,0,0
108900230,14,15,-1
108900232,0,30,-30
108900233,0,0,0
108900234,0,0,0
108900235,5,27,-22
108900236,2,21,-19
108900240,0,10,-10
108900241,0,0,0
108900245,0,0,0
108900250,0,10,-10
108900258,0,13,-13
108900259,1,4,-3
108900260,0,10,-10
108900261,0,2,-2
108900262,0,0,0
108900263,0,0,0
108900264,0,0,0
108900265,0,0,0
108900266,0,0,0
108900267,0,0,0
108900268,0,0,0
108900269,0,0,0
108900270,0,0,0
108900271,0,0,0
108900272,0,0,0
108900273,0,0,0
108900274,3,4,-1
109000001,435,90,345
109000002,1737,485,1252
109000003,233,99,134
109000004,311,1365,-1054
109000005,164,107,57
109000006,310,1196,-886
109000007,123,103,20
109000008,189,898,-709
109000009,543,165,378
109000010,566,1845,-1279
109000011,335,263,72
109000012,664,1927,-1263
109000013,423,220,203
109000014,439,1971,-1532
109000015,552,288,264
109000016,1853,2647,-794
109000017,254,205,49
109000018,327,2355,-2028
109000019,338,172,166
109000020,591,1053,-462
109000023,0,0,0
109000024,0,29,-29
109000025,152,56,96
109000026,56,37,19
109000027,22,48,-26
109000028,5,17,-12
109000029,54,22,32
109000030,13,129,-116
109000031,0,0,0
109000032,5,149,-144
109000033,0,0,0
109000034,0,2,-2
109000035,0,0,0
109000036,21,128,-107
109000037,14,25,-11
109000038,245,96,149
109000039,80,6,74
109000040,268,66,202
109000041,1009,254,755
109000042,70,241,-171
109000044,1,7,-6
109000045,24,197,-173
109000046,0,9,-9
109000047,21,307,-286
109000048,6,3,3
109000049,77,390,-313
109000050,2,2,0
109000051,167,185,-18
109000052,26,211,-185
109000053,0,3,-3
109000054,13,92,-79
109000055,10,23,-13
109000056,15,64,-49
109000057,26,26,0
109000058,93,25,68
109000059,22,201,-179
109000060,19,10,9
109000061,253,81,172
109000062,5,0,5
109000063,39,37,2
109000064,6,2,4
109000065,6,53,-47
109000066,6,0,6
109000067,7,63,-56
109000068,0,0,0
109000069,0,0,0
109000070,0,221,-221
109000071,176,19,157
109000072,9,55,-46
109000073,15,41,-26
109000074,2,39,-37
109000075,24,341,-317
109000076,2,26,-24
109000077,35,59,-24
109000078,5,18,-13
109000079,11,69,-58
109000080,4,27,-23
109000081,8,92,-84
109000082,12,77,-65
109000083,9,163,-154
109000088,9,73,-64
109000089,6,2,4
109000090,52,103,-51
109000091,37,10,27
109000092,73,177,-104
109000093,22,4,18
109000094,8,0,8
109000095,12,169,-157
109000096,22,4,18
109000097,11,32,-21
109000098,0,0,0
109000099,33,34,-1
109000100,25,245,-220
109000101,61,103,-42
109000102,19,409,-390
109000103,20,115,-95
109000104,93,70,23
109000105,45,654,-609
109000106,99,72,27
109000107,52,511,-459
109000108,71,53,18
109000109,86,572,-486
109000110,155,72,83
109000111,223,564,-341
109000112,32,29,3
109000113,40,93,-53
109000114,6,89,-83
109000115,56,19,37
109000116,1,84,-83
109000117,5,22,-17
109000118,1,132,-131
109000119,17,39,-22
109000120,4,382,-378
109000121,22,14,8
109000122,9,473,-464
109000123,2,24,-22
109000124,56,92,-36
109000125,37,107,-70
109000126,48,589,-541
109000127,40,40,0
109000128,47,870,-823
109000129,15,18,-3
109000130,163,906,-743
109000131,76,49,27
109000132,202,473,-271
109000133,33,374,-341
109000134,106,725,-619
109000135,177,520,-343
109000136,13,26,-13
109000137,38,33,5
109000138,4,26,-22
109000139,24,106,-82
109000140,3,30,-27
109000141,29,152,-123
109000142,8,50,-42
109000143,12,4,8
109000145,24,23,1
109000146,5,8,-3
109000148,854,61,793
109000149,14,13,1
109000150,0,0,0
109000155,41,142,-101
109000156,201,169,32
109000158,4,122,-118
109000159,9,112,-103
109000160,76,101,-25
109000161,29,285,-256
109000162,162,297,-135
109000163,51,199,-148
109000164,164,558,-394
109000165,71,156,-85
109000166,54,40,14
109000167,24,136,-112
109000170,0,0,0
109000171,1,1,0
109000172,0,0,0
109000173,4,0,4
109000174,0,2,-2
109000175,0,0,0
109000176,15,103,-88
109000177,0,0,0
109000178,23,24,-1
109000179,725,151,574
109000180,1155,413,742
109000181,2,14,-12
109000182,7,16,-9
109000183,10,11,-1
109000184,10,12,-2
109000185,2,13,-11
109000188,17,159,-142
109000189,84,167,-83
109000190,88,266,-178
109000191,0,0,0
109000192,2,17,-15
109000193,10,80,-70
109000194,1,3,-2
109000195,4,73,-69
109000196,2,2,0
109000197,15,112,-97
109000198,3,1,2
109000199,14,90,-76
109000206,21,10,11
109000207,3,18,-15
109000208,17,13,4
109000209,4,23,-19
109000210,21,69,-48
109000211,14,11,3
109000214,19,68,-49
109000215,0,2,-2
109000216,15,20,-5
109000217,25,7,18
109000218,24,21,3
109000221,13,158,-145
109000222,17,1,16
109000223,25,70,-45
109000224,0,21,-21
109000225,3,7,-4
109000226,6,65,-59
109000227,36,144,-108
109000228,0,119,-119
109000231,0,113,-113
109000232,12,94,-82
109000236,19,417,-398
109000241,173,343,-170
109000242,48,123,-75
109000293,0,0,0
109000361,1,21,-20
109000364,8,88,-80
109000396,1,194,-193
109000397,24,1,23
109000399,39,99,-60
109000400,13,109,-96
109000403,11,18,-7
109000406,20,3,17
109000407,4,22,-18
109000408,5,121,-116
109000410,158,67,91
109000411,0,0,0
109900001,0,0,0
109900002,0,0,0
109900003,0,0,0
109900004,35,28,7
109900005,0,1,-1
109900006,0,15,-15
109900007,0,115,-115
109900008,0,4,-4
109900009,2,152,-150
109900010,0,0,0
109900011,8,0,8
109900012,10,13,-3
109900013,11,10,1
109900014,8,2,6
109900015,11,12,-1
109900016,6,10,-4
109900017,2,13,-11
109900018,7,25,-18
109900019,9,11,-2
109900020,0,0,0
109900021,0,0,0
109900022,0,24,-24
109900023,0,0,0
109900024,0,2,-2
109900025,0,10,-10
109900026,0,11,-11
109900027,0,0,0
109900028,196,35,161
109900029,0,24,-24
109900030,0,0,0
109900031,0,8,-8
109900032,1,39,-38
109900033,0,2,-2
109900034,0,0,0
109900035,0,2,-2
109900036,0,22,-22
109900037,0,70,-70
109900038,0,0,0
109900039,0,0,0
109900040,1,152,-151
109900041,0,72,-72
109900042,1,63,-62
109900044,3,23,-20
109900045,6,3,3
109900046,1,7,-6
109900047,9,38,-29
109900048,12,8,4
109900049,1,7,-6
109900050,0,61,-61
109900051,0,4,-4
109900052,3,30,-27
109900053,1,72,-71
109900054,0,0,0
109900055,2,35,-33
109900056,0,0,0
109900057,0,22,-22
109900058,0,8,-8
109900059,0,0,0
109900060,0,0,0
109900061,13,49,-36
109900062,0,31,-31
109900063,0,19,-19
109900064,9,10,-1
109900065,12,16,-4
109900066,13,135,-122
109900067,0,59,-59
109900068,0,0,0
109900069,0,4,-4
109900070,8,44,-36
109900071,0,1,-1
109900072,1,21,-20
109900073,0,24,-24
109900074,0,22,-22
109900075,0,0,0
109900076,3,241,-238
109900077,7,13,-6
109900078,5,23,-18
109900080,4,32,-28
109900081,0,2,-2
109900082,0,53,-53
109900083,1,11,-10
109900084,0,10,-10
109900085,2,62,-60
109900086,0,0,0
109900087,7,39,-32
109900089,0,0,0
109900090,24,57,-33
109900091,0,0,0
109900092,0,0,0
109900093,0,0,0
109900094,1,13,-12
109900095,1,5,-4
109900096,0,0,0
109900097,0,0,0
109900098,0,0,0
109900099,0,0,0
109900100,0,0,0
109900101,0,0,0
109900102,0,0,0
109900103,0,5,-5
109900104,2,214,-212
109900105,0,0,0
109900106,0,0,0
109900107,0,0,0
109900108,3,107,-104
109900109,1,24,-23
109900110,6,17,-11
109900111,5,70,-65
109900112,8,56,-48
109900113,0,0,0
109900114,0,1,-1
109900115,0,0,0
109900117,0,0,0
109900118,12,54,-42
109900119,71,36,35
109900120,0,1,-1
109900121,21,28,-7
109900122,0,0,0
109900123,0,18,-18
109900124,4,54,-50
109900125,0,12,-12
109900126,0,8,-8
109900128,0,0,0
109900130,337,2,335
109900131,0,0,0
109900132,0,0,0
109900133,0,0,0
109900134,0,0,0
109900135,41,6,35
109900136,0,23,-23
109900137,0,0,0
109900140,12,27,-15
109900142,42,44,-2
109900145,0,3,-3
109900146,6,0,6
109900148,3,28,-25
109900149,9,4,5
109900150,0,6,-6
109900151,0,7,-7
109900152,0,2,-2
109900153,0,13,-13
109900154,0,0,0
109900155,0,1,-1
109900157,1,13,-12
109900158,2,25,-23
109900159,12,10,2
109900160,2,3,-1
109900161,2,2,0
109900162,3,9,-6
109900163,7,4,3
109900164,7,64,-57
109900165,0,1,-1
109900166,1,21,-20
109900167,8,90,-82
109900168,7,110,-103
109900169,14,32,-18
109900170,19,19,0
109900171,1,6,-5
109900172,20,16,4
109900173,506,69,437
109900174,2,8,-6
109900175,6,25,-19
109900176,32,34,-2
109900177,3,61,-58
109900178,0,8,-8
109900179,0,0,0
109900180,0,0,0
110000001,166,348,-182
110000002,87,49,38
110000003,1583,451,1132
110000004,214,96,118
110000005,560,174,386
110000006,81,176,-95
110000007,1,12,-11
110000008,0,22,-22
110000009,0,0,0
110000010,6,28,-22
110000011,0,11,-11
110000012,271,141,130
110000013,12,50,-38
110000014,206,47,159
110000015,1,19,-18
110000016,50,94,-44
110000017,107,27,80
110000018,279,100,179
110000019,6,52,-46
110000020,74,62,12
110000021,21,9,12
110000022,19,6,13
110000023,1,43,-42
110000024,159,181,-22
110000025,15,2,13
110000026,0,108,-108
110000027,80,25,55
110000028,17,41,-24
110000029,91,252,-161
110000030,1,12,-11
110000031,65,170,-105
110000032,10,14,-4
110000033,8,5,3
110000034,92,288,-196
110000035,9,91,-82
110000036,43,201,-158
110000037,2,58,-56
110000038,75,141,-66
110000039,69,107,-38
110000040,53,83,-30
110000041,0,0,0
110000042,8,52,-44
110000043,0,0,0
110000044,0,8,-8
110000045,0,0,0
110000046,0,2,-2
110000047,0,0,0
110000048,0,1,-1
110000049,0,0,0
110000050,0,1,-1
110000051,0,0,0
110000052,0,0,0
110000053,0,0,0
110000054,5,17,-12
110000055,0,0,0
110000056,0,0,0
110000057,88,299,-211
110000058,46,27,19
110000059,196,412,-216
110000060,50,101,-51
110000061,470,591,-121
110000062,243,168,75
110000063,11,22,-11
110000064,0,0,0
110000065,4,19,-15
110000066,8,8,0
110000067,0,0,0
110000068,0,1,-1
110000069,7,34,-27
110000071,2,29,-27
110000073,0,8,-8
110000075,0,48,-48
110000076,22,8,14
110000077,54,15,39
110000078,1,12,-11
110000080,60,342,-282
110000081,4,67,-63
110000082,3,81,-78
110000083,77,262,-185
110000084,60,67,-7
110000085,1292,442,850
110000086,76,233,-157
110000087,0,20,-20
110000088,0,130,-130
110000089,1,20,-19
110000090,3,60,-57
110000091,311,77,234
110000092,0,5,-5
110000093,44,1,43
110000094,85,218,-133
110000095,10,105,-95
110000096,685,547,138
110000097,235,192,43
110000098,104,72,32
110000099,113,416,-303
110000100,6,138,-132
110000101,1,109,-108
110000102,14,6,8
110000104,11,8,3
110000105,0,28,-28
110000106,25,17,8
110000107,26,35,-9
110000108,115,0,115
110000109,51,246,-195
110000110,783,203,580
110000111,2351,608,1743
110000112,179,44,135
110000113,84,66,18
110000114,8,47,-39
110000115,7,18,-11
110000116,9,6,3
110000117,4,128,-124
110000118,31,23,8
110000119,16,106,-90
110000120,25,29,-4
110000121,5,70,-65
110000122,53,210,-157
110000123,32,38,-6
110000124,1,421,-420
110000125,0,0,0
110000126,0,0,0
110000127,0,0,0
110000128,18,604,-586
110000129,2,289,-287
110000130,0,0,0
110000131,51,242,-191
110000132,0,353,-353
110000133,24,42,-18
110000134,5,73,-68
110000135,0,0,0
110000136,8,79,-71
110000137,6,73,-67
110000138,53,191,-138
110000139,19,118,-99
110000140,0,0,0
110000143,18,32,-14
110000144,894,261,633
110000145,250,114,136
110000146,276,149,127
110000147,26,203,-177
110000148,0,0,0
110000151,30,42,-12
110000152,79,74,5
110000153,1,14,-13
110000154,0,1,-1
110000155,426,896,-470
110000156,104,521,-417
110000157,212,586,-374
110000160,63,64,-1
110000161,32,68,-36
110000166,4,6,-2
110000167,70,115,-45
110000168,99,52,47
110000169,19,30,-11
110000170,6,10,-4
110000171,38,13,25
110000172,22,342,-320
110000173,181,422,-241
110000174,14,298,-284
110000175,0,0,0
110000176,0,0,0
110000177,0,41,-41
110000178,368,136,232
110000179,233,90,143
110000180,13,89,-76
110000181,17,100,-83
110000182,100,86,14
110000183,941,612,329
110000184,78,132,-54
110000185,66,369,-303
110000186,187,159,28
110000191,5,133,-128
110000192,0,0,0
110000193,18,2,16
110000194,0,313,-313
110000195,1,22,-21
110000196,27,87,-60
110000197,1,9,-8
110000198,2,1,1
110000199,14,33,-19
110000200,82,164,-82
110000201,24,63,-39
110000202,84,67,17
110000203,30,208,-178
110000204,1,62,-61
110000205,3,6,-3
110000206,12,273,-261
110000207,15,60,-45
110000208,6,17,-11
110000209,35,243,-208
110000210,0,0,0
110000211,0,0,0
110000212,42,74,-32
110000213,0,14,-14
110000214,8,13,-5
110000215,11,135,-124
110000216,6,139,-133
110000217,3,28,-25
110000218,11,117,-106
110000219,9,9,0
110000220,3,95,-92
110000221,10,5,5
110000222,7,75,-68
110000223,2,9,-7
110000224,0,3,-3
110000225,16,186,-170
110000226,3,3,0
110000227,51,75,-24
110000228,9,9,0
110000229,0,73,-73
110000230,60,112,-52
110000231,12,22,-10
110000232,6,115,-109
110000233,1,59,-58
110000234,9,43,-34
110000235,37,115,-78
110000236,102,438,-336
110000237,356,434,-78
110000238,35,215,-180
110000239,121,404,-283
110000240,2,50,-48
110000242,0,27,-27
110000243,11,49,-38
110000244,12,115,-103
110000245,3,160,-157
110000246,34,87,-53
110000247,143,592,-449
110000248,10,275,-265
110000249,0,0,0
110000250,0,25,-25
110000251,7,40,-33
110000252,16,56,-40
110000253,23,18,5
110000254,149,361,-212
110000255,17,284,-267
110000256,14,12,2
110000257,56,238,-182
110000258,1,58,-57
110000259,8,4,4
110000260,1,75,-74
110000263,86,23,63
110000264,10,74,-64
110000265,325,338,-13
110000266,327,409,-82
110000267,4,66,-62
110000268,5,28,-23
110000269,1,26,-25
110000270,0,0,0
110000271,12,14,-2
110000272,127,430,-303
110000273,334,519,-185
110000274,11,116,-105
110000275,427,90,337
110000276,16,89,-73
110000277,15,48,-33
110000278,59,194,-135
110000279,4,107,-103
110000280,5,75,-70
110000281,4,44,-40
110000282,5,8,-3
110000283,2,12,-10
110000284,3,8,-5
110000285,1,51,-50
110000286,0,0,0
110000287,0,0,0
110000288,1,16,-15
110000289,28,389,-361
110000290,344,276,68
110000291,491,441,50
110000292,274,431,-157
110000293,30,208,-178
110000294,31,230,-199
110000295,6,142,-136
110000296,14,128,-114
110000297,273,142,131
110000298,126,118,8
110000299,0,0,0
110000301,0,0,0
110000302,24,294,-270
110000303,0,0,0
110000304,15,80,-65
110000305,10,3,7
110000306,21,762,-741
110000307,10,0,10
110000308,2,1,1
110000309,2,394,-392
110000310,22,13,9
110000311,1,265,-264
110000312,29,3,26
110000313,307,579,-272
110000314,2,105,-103
110000315,582,542,40
110000316,332,758,-426
110000317,85,98,-13
110000318,0,33,-33
110000319,0,0,0
110000320,5,28,-23
110000321,0,3,-3
110000322,3,20,-17
110000323,17,108,-91
110000324,1225,881,344
110000325,23,42,-19
110000327,1,43,-42
110000328,64,258,-194
110000333,1,3,-2
110000334,86,357,-271
110000335,21,97,-76
110000336,45,470,-425
110000337,35,82,-47
110000338,3,28,-25
110000339,14,75,-61
110000340,5,44,-39
110000341,36,308,-272
110000342,0,0,0
110000343,0,19,-19
110000344,5,39,-34
110000345,0,1,-1
110000346,569,352,217
110000347,253,56,197
110000348,1,17,-16
110000349,1,1,0
110000350,0,0,0
110000351,43,156,-113
110000352,49,685,-636
110000353,386,239,147
110000354,100,668,-568
110000355,0,24,-24
110000356,0,0,0
110000357,19,1,18
110000361,5,22,-17
110000362,1,10,-9
110000363,3,20,-17
110000364,0,62,-62
110000365,0,0,0
110000366,0,21,-21
110000367,33,89,-56
110000368,0,19,-19
110000369,0,0,0
110000373,4,105,-101
110000374,0,1,-1
110000375,12,242,-230
110000376,18,46,-28
110000377,0,0,0
110000378,3,139,-136
110000379,643,250,393
110000380,0,4,-4
110000383,0,126,-126
110000384,3,30,-27
110000385,0,34,-34
110000387,0,9,-9
110000388,7,125,-118
110000389,0,2,-2
110000391,0,89,-89
110000396,4,37,-33
110000397,1,13,-12
110000398,2,3,-1
110000399,0,1,-1
110000587,3,1,2
110000589,1,1,0
110000640,18,34,-16
110000652,0,2,-2
110000653,33,172,-139
110000654,0,4,-4
110000656,0,201,-201
110000674,2,3,-1
110000675,1,1,0
110000676,0,11,-11
110000679,367,150,217
110000682,0,0,0
110000683,5,15,-10
110000684,0,22,-22
110000685,0,0,0
110000686,3,8,-5
110000687,0,0,0
110000688,49,9,40
110000689,4,9,-5
110000692,5,9,-4
110000693,6,72,-66
110000694,2,175,-173
110000695,16,265,-249
110000696,0,0,0
110900001,0,2,-2
110900002,0,19,-19
110900003,0,217,-217
110900004,0,78,-78
110900005,193,22,171
110900006,0,0,0
110900007,0,0,0
110900008,1,0,1
110900009,0,0,0
110900010,0,14,-14
110900011,1,10,-9
110900012,0,6,-6
110900013,0,0,0
110900014,0,0,0
110900015,0,0,0
110900016,1,26,-25
110900017,0,0,0
110900018,0,0,0
110900019,0,0,0
110900020,1,75,-74
110900021,4,137,-133
110900022,7,45,-38
110900023,4,53,-49
110900024,1,94,-93
110900025,0,1,-1
110900027,2,21,-19
110900028,2,10,-8
110900029,8,95,-87
110900030,2,14,-12
110900031,1,47,-46
110900032,0,16,-16
110900033,2,31,-29
110900035,4,64,-60
110900036,1,2,-1
110900037,0,1,-1
110900038,3,0,3
110900039,5,28,-23
110900040,5,0,5
110900041,0,34,-34
110900042,0,0,0
110900043,0,23,-23
110900044,0,0,0
110900045,0,76,-76
110900046,7,54,-47
110900047,0,0,0
110900049,0,2,-2
110900050,1,0,1
110900051,1,10,-9
110900052,3,22,-19
110900053,0,0,0
110900054,1,43,-42
110900055,0,0,0
110900056,18,5,13
110900057,0,33,-33
110900058,0,0,0
110900059,53,141,-88
110900060,7,1,6
110900061,2,3,-1
110900062,0,0,0
110900063,1,8,-7
110900064,0,0,0
110900065,24,6,18
110900066,0,4,-4
110900067,0,0,0
110900068,11,38,-27
110900069,0,4,-4
110900070,5,2,3
110900071,0,0,0
110900073,0,1,-1
110900074,0,6,-6
110900075,4,7,-3
110900077,2,0,2
110900078,1,25,-24
110900079,161,33,128
110900080,0,0,0
110900081,0,39,-39
110900082,0,0,0
110900083,0,0,0
110900084,0,49,-49
110900085,2,53,-51
110900086,0,0,0
110900087,0,0,0
110900088,0,0,0
110900090,0,0,0
110900091,0,0,0
110900093,0,0,0
110900095,3,3,0
110900097,0,1,-1
110900098,3,8,-5
110900099,4,56,-52
110900100,1,2,-1
110900102,0,0,0
110900105,34,49,-15
110900108,0,9,-9
110900111,1,6,-5
110900112,0,0,0
110900113,0,0,0
110900115,0,0,0
110900116,22,475,-453
110900118,5,21,-16
110900119,805,14,791
110900120,0,43,-43
110900121,0,0,0
110900122,3,4,-1
110900125,0,5,-5
110900127,43,133,-90
110900128,20,58,-38
110900129,0,0,0
110900130,46,3,43
110900131,0,0,0
110900132,2,0,2
110900133,4,26,-22
110900135,4,79,-75
110900136,0,0,0
110900139,0,0,0
110900140,0,0,0
110900141,1,33,-32
110900142,2,30,-28
110900143,0,0,0
110900144,0,184,-184
110900145,0,0,0
110900146,10,0,10
110900147,43,100,-57
110900148,3,66,-63
110900149,0,14,-14
110900150,1,3,-2
110900151,1,15,-14
110900152,1,65,-64
110900153,0,0,0
111000001,297,181,116
111000002,326,329,-3
111000003,85,87,-2
111000004,201,497,-296
111000005,126,150,-24
111000006,309,662,-353
111000007,478,404,74
111000008,1102,762,340
111000009,258,549,-291
111000010,230,126,104
111000011,986,787,199
111000012,333,133,200
111000013,127,664,-537
111000014,189,181,8
111000017,44,145,-101
111000018,58,134,-76
111000020,430,1241,-811
111000021,0,0,0
111000023,0,0,0
111000025,794,633,161
111000029,4,55,-51
111000030,13,35,-22
111000031,58,33,25
111000032,57,16,41
111000033,0,0,0
111000034,32,179,-147
111000037,208,364,-156
111000038,203,367,-164
111000039,161,339,-178
111000040,161,456,-295
111000041,142,208,-66
111000042,643,409,234
111000043,0,0,0
111000044,0,0,0
111000045,23,36,-13
111000046,6,25,-19
111000047,129,180,-51
111000049,70,272,-202
111000050,345,878,-533
111000051,115,475,-360
111000052,186,561,-375
111000053,132,333,-201
111000054,104,337,-233
111000055,221,686,-465
111000056,43,164,-121
111000057,27,220,-193
111000058,10,71,-61
111000059,24,52,-28
111000060,91,129,-38
111000061,61,68,-7
111000062,33,56,-23
111000063,103,123,-20
111000064,26,83,-57
111000065,65,144,-79
111000066,55,97,-42
111000067,52,229,-177
111000068,27,154,-127
111000069,503,601,-98
111000070,678,352,326
111000071,42,282,-240
111000072,0,0,0
111000073,0,0,0
111000074,0,0,0
111000075,0,0,0
111000076,0,0,0
111000077,0,0,0
111000078,418,506,-88
111000079,262,174,88
111000080,68,124,-56
111000081,440,458,-18
111000082,143,177,-34
111000084,102,181,-79
111000085,86,171,-85
111000086,146,134,12
111000087,101,130,-29
111000088,579,199,380
111000089,218,312,-94
111000090,259,526,-267
111000091,145,291,-146
111000092,177,356,-179
111000093,43,248,-205
111000094,142,260,-118
111000095,53,553,-500
111000096,426,2128,-1702
111000097,1444,326,1118
111000098,110,414,-304
111000099,53,835,-782
111000100,72,576,-504
111000101,71,224,-153
111000102,23,259,-236
111000104,0,0,0
111000107,10,220,-210
111000109,0,0,0
111000110,10,6,4
111000111,20,6,14
111000112,26,0,26
111000113,16,3,13
111000114,29,20,9
111000115,871,123,748
111000116,57,81,-24
111000117,64,156,-92
111000118,202,100,102
111000119,103,184,-81
111000120,32,87,-55
111000121,28,67,-39
111000122,65,380,-315
111000123,72,735,-663
111000124,85,1042,-957
111000125,36,522,-486
111000126,12,269,-257
111000127,0,0,0
111000128,0,0,0
111000129,0,0,0
111000130,15,87,-72
111000131,31,61,-30
111000132,0,0,0
111000133,11,14,-3
111000134,6,14,-8
111000135,3,24,-21
111000136,8,34,-26
111000138,1,0,1
111000140,2,0,2
111000141,30,116,-86
111000142,11,31,-20
111000143,0,44,-44
111000144,0,26,-26
111000145,0,0,0
111000146,0,0,0
111000147,0,0,0
111000148,3,10,-7
111000149,6,29,-23
111000150,0,1,-1
111000151,4,33,-29
111000153,89,109,-20
111000154,21,89,-68
111000155,7,83,-76
111000156,0,0,0
111000157,0,0,0
111000158,0,0,0
111000159,0,0,0
111000160,0,0,0
111000161,0,0,0
111000162,4,55,-51
111000163,60,260,-200
111000164,236,465,-229
111000165,278,204,74
111000166,179,84,95
111000167,45,181,-136
111000168,39,49,-10
111000169,15,53,-38
111000170,16,66,-50
111000171,57,97,-40
111000172,5,100,-95
111000173,38,261,-223
111000174,4,133,-129
111000175,5,62,-57
111000176,24,70,-46
111000177,14,79,-65
111000178,55,134,-79
111000179,3,81,-78
111000180,12,103,-91
111000181,32,39,-7
111000182,11,16,-5
111000183,22,14,8
111000184,31,17,14
111000185,34,194,-160
111000186,33,109,-76
111000187,9,119,-110
111000188,10,130,-120
111000189,234,148,86
111000190,48,138,-90
111000191,44,128,-84
111000192,50,237,-187
111000193,101,148,-47
111000194,4,152,-148
111000195,9,111,-102
111000196,9,91,-82
111000197,0,0,0
111000198,0,0,0
111000199,0,0,0
111000200,0,0,0
111000201,0,0,0
111000202,0,0,0
111000203,0,0,0
111000204,0,0,0
111000213,1,13,-12
111000214,89,223,-134
111000215,91,273,-182
111000217,113,245,-132
111000218,91,312,-221
111000219,79,199,-120
111000220,19,244,-225
111000221,0,0,0
111000224,196,185,11
111000225,30,68,-38
111000226,0,0,0
111000227,0,0,0
111000228,6,61,-55
111000229,16,62,-46
111000230,0,0,0
111000231,0,1,-1
111000232,47,258,-211
111000233,81,325,-244
111000234,11,120,-109
111000239,55,41,14
111000240,0,0,0
111000241,6,117,-111
111000242,0,0,0
111000243,17,374,-357
111000244,0,0,0
111000245,0,12,-12
111000246,1,14,-13
111000247,49,505,-456
111000248,11,10,1
111000249,110,266,-156
111000250,3,18,-15
111000251,2,14,-12
111000253,0,0,0
111000255,0,0,0
111000257,0,0,0
111000260,47,364,-317
111000261,24,0,24
111000271,7,113,-106
111000273,391,199,192
111000274,210,395,-185
111000275,0,0,0
111000276,53,406,-353
111000277,29,90,-61
111000278,66,37,29
111000291,49,135,-86
111000298,14,14,0
111000299,0,0,0
111000300,4,83,-79
111000302,3,7,-4
111000303,16,49,-33
111000312,1,11,-10
111000315,20,164,-144
111000320,33,74,-41
111000321,18,8,10
111000322,7,74,-67
111000323,6,6,0
111000324,0,0,0
111000325,4,26,-22
111000326,14,98,-84
111000327,43,80,-37
111000328,33,89,-56
111000329,5,31,-26
111000330,1,1,0
111000331,1,0,1
111000332,139,321,-182
111000334,80,542,-462
111000335,88,60,28
111000337,58,258,-200
111000338,3,48,-45
111000339,18,161,-143
111000340,29,222,-193
111000341,87,49,38
111000342,13,80,-67
111000344,156,166,-10
111000345,0,0,0
111000346,4,37,-33
111000347,10,2,8
111000350,4,0,4
111000351,24,66,-42
111000352,2,0,2
111000353,18,29,-11
111000354,1,2,-1
111000355,25,123,-98
111000358,11,523,-512
111000360,8,266,-258
111000361,3,142,-139
111000546,49,314,-265
111000547,2,76,-74
111000548,40,87,-47
111000549,7,29,-22
111000550,18,127,-109
111000551,79,5,74
111000552,10,1,9
111000907,1,5,-4
111000908,0,0,0
111000916,99,111,-12
111000917,8,127,-119
111000918,7,274,-267
111000920,0,0,0
111000921,4,157,-153
111000922,37,197,-160
111000924,14,294,-280
111000925,186,492,-306
111000926,385,1214,-829
111000927,1038,915,123
111000928,2285,1647,638
111000929,124,220,-96
111000930,192,1338,-1146
111000931,260,491,-231
111000932,1079,1419,-340
111000933,329,207,122
111000934,792,1526,-734
111000935,73,200,-127
111000936,241,1047,-806
111000937,180,75,105
111000938,404,1441,-1037
111000939,0,0,0
111000940,28,78,-50
111000941,2,89,-87
111000943,6,50,-44
111000944,8,70,-62
111000945,2,676,-674
111001109,1,2,-1
111001110,67,398,-331
111001111,2,1,1
111001112,20,1,19
111001113,0,92,-92
111001114,0,0,0
111001115,23,118,-95
111001116,568,54,514
111001117,336,380,-44
111001120,9,74,-65
111001121,35,68,-33
111001122,20,143,-123
111001123,0,0,0
111001124,1,40,-39
111001125,0,0,0
111001126,0,0,0
111001127,0,0,0
111900001,0,21,-21
111900002,0,49,-49
111900003,0,23,-23
111900004,0,4,-4
111900006,0,0,0
111900007,0,0,0
111900008,0,0,0
111900009,0,0,0
111900010,23,58,-35
111900012,17,5,12
111900013,0,20,-20
111900014,482,37,445
111900015,0,4,-4
111900016,0,28,-28
111900017,1,22,-21
111900018,0,0,0
111900019,0,11,-11
111900020,0,7,-7
111900021,7,7,0
111900022,0,9,-9
111900023,13,2,11
111900024,0,15,-15
111900025,0,7,-7
111900026,0,16,-16
111900027,1,20,-19
111900028,1,71,-70
111900029,0,11,-11
111900030,0,0,0
111900031,0,2,-2
111900032,1,80,-79
111900033,0,4,-4
111900034,0,0,0
111900035,0,10,-10
111900036,0,55,-55
111900038,0,0,0
111900039,2,34,-32
111900040,1,105,-104
111900042,2,0,2
111900043,2,41,-39
111900044,0,0,0
111900046,11,25,-14
111900048,0,130,-130
111900049,2,44,-42
111900050,0,0,0
111900051,2,52,-50
111900052,32,70,-38
111900053,0,1,-1
111900054,0,0,0
111900055,3,94,-91
111900056,0,0,0
111900057,0,3,-3
111900058,0,126,-126
111900059,0,0,0
111900060,0,0,0
111900061,0,32,-32
111900062,0,0,0
111900063,0,26,-26
111900064,14,36,-22
111900065,0,0,0
111900066,0,0,0
111900067,0,67,-67
111900068,0,0,0
111900069,0,0,0
111900070,0,0,0
111900071,0,32,-32
111900072,0,0,0
111900073,3,1,2
111900074,0,26,-26
111900075,0,0,0
111900076,0,1,-1
111900077,0,0,0
111900078,0,0,0
111900079,0,0,0
111900080,0,0,0
111900082,0,1,-1
111900083,1,0,1
111900084,0,0,0
111900085,0,0,0
111900086,1,0,1
111900087,0,0,0
111900088,1,0,1
111900089,0,0,0
111900090,0,1,-1
111900091,0,0,0
111900092,0,0,0
111900093,0,0,0
111900094,0,0,0
111900095,15,2,13
111900096,1,0,1
111900097,0,0,0
111900098,2,0,2
111900099,0,0,0
111900100,3,0,3
111900101,0,0,0
111900102,2,97,-95
111900103,0,0,0
111900104,0,0,0
111900105,0,0,0
111900106,90,0,90
111900110,138,1,137
111900111,0,9,-9
111900112,22,3,19
111900113,0,1,-1
111900118,0,0,0
111900119,0,0,0
111900122,0,0,0
111900123,0,0,0
111900124,4,4,0
111900125,0,0,0
111900126,0,0,0
111900127,0,0,0
111900128,0,0,0
111900129,0,0,0
111900130,0,0,0
111900131,0,0,0
111900132,0,0,0
111900133,0,0,0
111900134,4,28,-24
111900135,0,0,0
111900136,0,0,0
111900137,18,6,12
111900138,1,9,-8
111900139,2,32,-30
111900140,0,0,0
111900141,0,0,0
111900142,0,0,0
111900143,1,28,-27
111900144,0,14,-14
111900145,0,50,-50
111900146,0,37,-37
111900147,4,41,-37
111900148,0,55,-55
111900149,0,22,-22
111900150,0,12,-12
111900151,0,0,0
111900152,3,0,3
111900153,2,0,2
111900154,0,0,0
111900155,0,0,0
111900156,0,0,0
111900157,0,0,0
111900158,0,0,0
111900159,0,0,0
111900160,0,0,0
111900161,0,0,0
111900162,0,0,0
111900163,0,0,0
111900164,0,0,0
111901113,0,23,-23
111901114,0,3,-3
111901115,0,0,0
111901116,0,0,0
111901117,0,0,0
111901118,0,0,0
111901119,0,0,0
111901121,9,21,-12
111901122,0,31,-31
111901123,0,46,-46
111901124,0,0,0
111901125,0,0,0
111901127,0,0,0
111901128,0,0,0
111901129,0,0,0
111901130,0,0,0
111901131,0,28,-28
111901132,0,0,0
111901133,0,0,0
111901134,0,0,0
111901135,0,0,0
111901136,0,0,0
111901138,0,0,0
111901139,0,0,0
111901140,0,0,0
111901141,0,0,0
111901142,0,0,0
111901143,0,0,0
111901144,0,0,0
111901145,0,0,0
111901146,6,0,6
111901147,9,0,9
111901148,0,0,0
111901149,0,0,0
111901150,0,0,0
112000001,240,157,83
112000002,301,834,-533
112000003,110,174,-64
112000004,142,570,-428
112000005,314,251,63
112000006,327,826,-499
112000007,156,159,-3
112000008,263,418,-155
112000009,780,1031,-251
112000010,211,273,-62
112000011,297,861,-564
112000012,226,337,-111
112000013,1976,1151,825
112000014,104,73,31
112000015,427,826,-399
112000016,81,87,-6
112000017,189,479,-290
112000024,560,247,313
112000026,1382,1973,-591
112000027,9,18,-9
112000028,480,826,-346
112000029,7,11,-4
112000030,77,26,51
112000031,294,224,70
112000032,337,30,307
112000033,519,116,403
112000034,89,7,82
112000035,8,54,-46
112000036,56,37,19
112000037,14,163,-149
112000038,57,84,-27
112000039,0,0,0
112000040,16,42,-26
112000041,24,63,-39
112000042,77,74,3
112000050,0,0,0
112000051,16,45,-29
112000054,863,661,202
112000057,67,104,-37
112000058,71,76,-5
112000059,0,0,0
112000061,1610,599,1011
112000062,657,83,574
112000063,81,80,1
112000064,1979,2123,-144
112000065,630,696,-66
112000066,3,3,0
112000067,134,183,-49
112000068,0,1,-1
112000069,80,753,-673
112000070,8,16,-8
112000071,108,816,-708
112000072,6,24,-18
112000073,133,405,-272
112000074,4,53,-49
112000075,20,32,-12
112000076,241,333,-92
112000077,43,164,-121
112000078,41,138,-97
112000079,113,370,-257
112000080,36,223,-187
112000081,382,528,-146
112000082,29,17,12
112000083,137,353,-216
112000084,31,9,22
112000085,108,325,-217
112000086,33,36,-3
112000087,27,200,-173
112000088,15,15,0
112000089,16,90,-74
112000090,4,7,-3
112000091,108,584,-476
112000092,35,12,23
112000093,351,499,-148
112000094,40,70,-30
112000095,102,397,-295
112000096,107,205,-98
112000097,7,12,-5
112000098,168,545,-377
112000099,15,15,0
112000100,29,21,8
112000101,83,344,-261
112000102,17,7,10
112000103,54,447,-393
112000105,134,784,-650
112000106,21,17,4
112000107,0,0,0
112000108,10,191,-181
112000109,0,0,0
112000110,88,36,52
112000111,186,1677,-1491
112000112,59,49,10
112000113,305,872,-567
112000114,26,24,2
112000115,5,81,-76
112000116,4,84,-80
112000117,3,46,-43
112000118,105,265,-160
112000119,46,272,-226
112000120,9,122,-113
112000121,0,0,0
112000122,0,0,0
112000123,0,0,0
112000124,0,0,0
112000125,0,0,0
112000126,0,0,0
112000127,230,117,113
112000128,138,54,84
112000129,5,38,-33
112000130,14,13,1
112000131,0,54,-54
112000132,3,95,-92
112000133,1,43,-42
112000134,21,142,-121
112000135,26,8,18
112000136,90,355,-265
112000137,29,13,16
112000138,267,414,-147
112000139,0,1,-1
112000140,98,222,-124
112000141,0,0,0
112000142,31,236,-205
112000143,0,0,0
112000144,44,501,-457
112000145,0,0,0
112000146,101,836,-735
112000147,0,0,0
112000148,175,712,-537
112000149,0,0,0
112000150,14,131,-117
112000151,2,1,1
112000152,14,79,-65
112000153,7,20,-13
112000154,13,26,-13
112000155,23,12,11
112000157,90,71,19
112000158,8,36,-28
112000159,13,34,-21
112000167,13,0,13
112000169,31,27,4
112000173,3,41,-38
112000175,3,26,-23
112000176,1151,722,429
112000177,1,5,-4
112000178,0,8,-8
112000179,3,25,-22
112000180,104,154,-50
112000181,212,627,-415
112000182,27,316,-289
112000183,0,0,0
112000184,0,0,0
112000185,22,117,-95
112000187,395,619,-224
112000195,0,0,0
112000196,0,0,0
112000197,0,0,0
112000198,0,1,-1
112000199,75,25,50
112000202,0,0,0
112000216,13,14,-1
112000230,0,0,0
112000231,0,2,-2
112000256,0,0,0
112000313,9,3,6
112000314,0,0,0
112000337,6,111,-105
112000352,13,15,-2
112000392,222,262,-40
112000398,68,70,-2
112000399,25,44,-19
112000400,329,1207,-878
112000401,3795,1044,2751
112000402,154,301,-147
112000403,14,83,-69
112000404,74,71,3
112000405,71,235,-164
112000406,776,1237,-461
112000407,503,527,-24
112000408,2159,2427,-268
112000409,328,2019,-1691
112000410,0,0,0
112000411,18,1,17
112000412,60,25,35
112000413,98,10,88
112000414,9,10,-1
112000415,0,0,0
112000416,195,115,80
112000417,0,0,0
112000421,7,31,-24
112000422,28,47,-19
112000424,72,215,-143
112000425,64,562,-498
112000426,25,130,-105
112000427,0,0,0
112000428,1,25,-24
112000429,384,786,-402
112000430,603,1236,-633
112000431,0,0,0
112000432,91,695,-604
112000433,78,87,-9
112000437,7,55,-48
112900001,0,0,0
112900002,0,0,0
112900003,0,28,-28
112900004,0,62,-62
112900005,0,42,-42
112900006,1,59,-58
112900007,0,0,0
112900008,0,0,0
112900009,0,0,0
112900010,0,38,-38
112900011,14,30,-16
112900012,0,11,-11
112900013,0,0,0
112900014,0,19,-19
112900015,36,119,-83
112900016,0,33,-33
112900017,0,0,0
112900018,0,58,-58
112900019,4,7,-3
112900020,94,242,-148
112900021,0,49,-49
112900022,0,0,0
112900023,0,27,-27
112900024,0,30,-30
112900025,0,0,0
112900026,1,19,-18
112900027,0,0,0
112900028,0,10,-10
112900029,0,0,0
112900030,54,34,20
112900031,0,0,0
112900032,5,10,-5
112900034,0,0,0
112900035,0,0,0
112900036,2,10,-8
112900037,0,0,0
112900038,0,5,-5
112900039,0,0,0
112900040,1,5,-4
112900041,73,21,52
112900042,0,16,-16
112900043,0,1,-1
112900044,33,44,-11
112900045,0,0,0
112900046,22,5,17
112900047,1,6,-5
112900049,0,0,0
112900050,18,88,-70
112900051,33,112,-79
112900052,0,75,-75
112900053,5,84,-79
112900054,2,1,1
112900055,2,0,2
112900056,0,0,0
112900057,2,50,-48
112900058,8,0,8
112900059,5,5,0
112900060,0,20,-20
112900061,1,9,-8
112900062,5,6,-1
112900063,0,0,0
112900064,3,5,-2
112900065,0,0,0
112900066,2,1,1
112900067,22,5,17
112900068,0,0,0
112900069,163,11,152
112900071,0,0,0
112900072,0,0,0
112900073,11,0,11
112900074,0,0,0
112900075,0,0,0
112900076,0,0,0
112900078,0,0,0
112900079,0,0,0
112900080,0,0,0
112900081,0,0,0
112900082,2,1,1
112900083,0,1,-1
112900084,0,0,0
112900086,0,0,0
112900087,0,0,0
112900088,0,0,0
112900089,8,0,8
112900090,0,0,0
112900091,0,0,0
112900092,0,0,0
112900093,0,0,0
112900095,0,1,-1
112900096,7,2,5
112900097,1,41,-40
112900098,0,0,0
112900099,5,1,4
112900100,1,0,1
112900101,0,0,0
112900102,0,0,0
112900103,0,0,0
112900104,0,0,0
112900105,0,0,0
112900106,5,0,5
112900107,0,0,0
112900108,0,0,0
112900109,0,0,0
112900110,0,0,0
112900111,0,0,0
112900112,0,0,0
112900113,0,1,-1
112900114,0,0,0
112900115,15,0,15
112900116,4,2,2
112900117,11,6,5
112900118,1,4,-3
112900119,0,0,0
112900120,128,62,66
112900121,11,6,5
112900122,0,14,-14
112900123,0,0,0
112900124,0,17,-17
112900125,0,9,-9
112900126,10,28,-18
112900127,0,0,0
112900128,32,258,-226
112900129,0,172,-172
112900130,0,0,0
112900131,9,76,-67
112900132,11,80,-69
112900133,0,138,-138
112900134,0,42,-42
112900135,0,0,0
112900137,0,87,-87
112900138,0,158,-158
112900139,66,274,-208
112900141,0,2,-2
112900142,0,0,0
112900143,3,129,-126
112900144,1,44,-43
112900145,19,119,-100
112900146,1,92,-91
112900147,6,718,-712
112900148,1,0,1
112900149,1,34,-33
112900151,0,0,0
112900152,399,53,346
112900153,21,3,18
112900154,0,0,0
112900155,0,0,0
112900156,0,144,-144
112900157,14,7,7
112900158,0,0,0
112900159,1,12,-11
112900160,1,17,-16
112900161,0,0,0
112900162,2,0,2
112900163,0,0,0
112900164,0,0,0
112900165,2,6,-4
112900166,0,0,0
112900167,0,0,0
112900168,0,0,0
112900169,0,0,0
112900170,0,0,0
112900172,0,0,0
112900173,7,3,4
112900174,0,0,0
112900175,0,1,-1
112900176,0,0,0
112900177,0,0,0
112900178,0,0,0
112900179,1,68,-67
112900180,1,310,-309
112900181,0,0,0
112900182,0,14,-14
112900183,0,0,0
112900184,27,30,-3
112900185,0,7,-7
112900186,58,15,43
112900187,0,0,0
112900188,111,23,88
112900189,0,3,-3
112900190,0,5,-5
112900192,9,4,5
112900193,19,8,11
112900194,0,8,-8
112900195,0,0,0
112900196,20,91,-71
112900197,17,70,-53
112900199,0,0,0
112900200,0,0,0
112900201,0,0,0
112900202,1,85,-84
112900203,0,0,0
112900204,43,11,32
112900205,0,0,0
112900206,0,3,-3
112900207,0,0,0
112900208,2,2,0
112900209,32,66,-34
112900210,0,0,0
112900211,0,0,0
112900212,0,0,0
112900213,0,0,0
112900214,3,0,3
112900215,0,11,-11
112900216,0,0,0
112900217,0,22,-22
112900218,0,0,0
112900219,1,0,1
112900220,0,0,0
112900221,0,0,0
112900222,0,0,0
112900223,0,0,0
112900224,1,145,-144
112900225,0,115,-115
112900226,9,0,9
112900227,2,327,-325
112900228,0,2,-2
112900229,0,0,0
112900230,476,112,364
112900232,10,17,-7
112900233,5,38,-33
112900234,0,6,-6
112900235,1,1,0
112900236,0,0,0
112900237,0,23,-23
112900238,0,3,-3
112900239,46,31,15
112900240,1,5,-4
112900241,0,11,-11
112900242,0,12,-12
112900243,1,11,-10
112900244,0,32,-32
112900245,0,9,-9
112900246,0,3,-3
112900247,1,2,-1
112900248,0,0,0
112900249,0,0,0
112900250,0,0,0
112900251,0,0,0
112900252,0,0,0
112900253,0,0,0
112900254,0,0,0
112900255,0,0,0
112900256,0,0,0
112900257,0,0,0
112900258,0,0,0
113000001,1465,1319,146
113000002,737,289,448
113000003,824,399,425
113000004,959,253,706
113000005,290,249,41
113000006,106,165,-59
113000007,304,381,-77
113000008,290,181,109
113000009,425,355,70
113000010,253,133,120
113000011,107,573,-466
113000012,194,98,96
113000013,357,185,172
113000014,105,410,-305
113000015,22,44,-22
113000016,61,165,-104
113000017,8,114,-106
113000018,12,3,9
113000019,7,108,-101
113000020,0,0,0
113000021,75,240,-165
113000022,66,539,-473
113000025,21,42,-21
113000026,11,34,-23
113000027,7,30,-23
113000028,101,81,20
113000029,0,0,0
113000030,322,359,-37
113000031,300,150,150
113000032,0,0,0
113000033,0,0,0
113000034,308,225,83
113000035,5,19,-14
113000036,0,0,0
113000037,50,22,28
113000038,0,0,0
113000039,20,55,-35
113000040,24,27,-3
113000042,145,59,86
113000051,160,183,-23
113000052,505,109,396
113000053,45,94,-49
113000054,21,64,-43
113000055,68,101,-33
113000056,65,282,-217
113000058,216,358,-142
113000059,0,0,0
113000060,11,174,-163
113000061,72,79,-7
113000062,70,2,68
113000063,0,0,0
113000064,0,0,0
113000065,33,310,-277
113000066,25,26,-1
113000067,46,81,-35
113000068,31,522,-491
113000069,55,357,-302
113000070,37,44,-7
113000071,56,176,-120
113000072,22,20,2
113000073,124,355,-231
113000074,104,41,63
113000075,126,76,50
113000076,343,430,-87
113000077,0,0,0
113000078,178,689,-511
113000079,203,242,-39
113000080,7,3,4
113000081,0,0,0
113000082,225,251,-26
113000083,0,0,0
113000084,255,396,-141
113000085,49,44,5
113000086,185,290,-105
113000087,50,25,25
113000088,957,404,553
113000089,44,48,-4
113000090,2,51,-49
113000091,341,112,229
113000094,30,12,18
113000095,74,427,-353
113000096,66,236,-170
113000097,32,11,21
113000098,0,0,0
113000099,6,17,-11
113000100,38,175,-137
113000101,88,151,-63
113000102,6,16,-10
113000103,257,240,17
113000104,0,3,-3
113000105,2,1,1
113000106,30,278,-248
113000107,56,41,15
113000108,126,492,-366
113000109,94,210,-116
113000110,0,1,-1
113000111,20,49,-29
113000112,3,2,1
113000113,6,0,6
113000114,108,163,-55
113000116,43,5,38
113000117,38,10,28
113000118,0,16,-16
113000119,8,34,-26
113000120,0,1,-1
113000121,18,42,-24
113000124,0,0,0
113000125,0,0,0
113000127,561,138,423
113000128,1,4,-3
113000129,765,181,584
113000133,953,248,705
113000134,5,93,-88
113000135,29,33,-4
113000137,0,0,0
113000139,0,0,0
113000140,133,222,-89
113000141,0,0,0
113000142,133,190,-57
113000143,0,0,0
113000144,94,97,-3
113000145,0,0,0
113000146,31,60,-29
113000147,23,68,-45
113000148,0,0,0
113000149,1,0,1
113000150,127,76,51
113000151,100,41,59
113000152,0,2,-2
113000153,286,53,233
113000154,162,178,-16
113000155,73,82,-9
113000156,34,76,-42
113000157,67,167,-100
113000158,185,73,112
113000159,258,167,91
113000160,127,248,-121
113000161,5,28,-23
113000162,184,143,41
113000163,0,0,0
113000164,19,51,-32
113000166,0,0,0
113000167,7,164,-157
113000168,15,160,-145
113000169,0,0,0
113000170,0,0,0
113000171,27,124,-97
113000172,0,0,0
113000173,0,0,0
113000174,35,300,-265
113000175,0,0,0
113000176,0,0,0
113000177,41,258,-217
113000178,23,268,-245
113000179,0,0,0
113000180,38,136,-98
113000181,132,327,-195
113000182,33,35,-2
113000183,91,259,-168
113000184,6,41,-35
113000189,48,84,-36
113000190,166,25,141
113000192,538,277,261
113000193,477,236,241
113000194,354,218,136
113000195,137,91,46
113000196,13,12,1
113000197,116,66,50
113000198,4,56,-52
113000199,9,5,4
113000201,16,36,-20
113000202,369,95,274
113000203,0,0,0
113000204,223,259,-36
113000205,5,33,-28
113000206,0,0,0
113000207,16,9,7
113000208,0,0,0
113000209,13,14,-1
113000210,0,0,0
113000211,27,11,16
113000212,48,3,45
113000213,1,6,-5
113000214,8,58,-50
113000234,31,353,-322
113000410,14,8,6
113000411,607,1605,-998
113000412,3239,789,2450
113000413,1220,594,626
113000414,3110,698,2412
113000415,897,1230,-333
113000416,3475,1430,2045
113000417,651,1089,-438
113000418,776,738,38
113000419,341,450,-109
113000420,1618,733,885
113000421,552,375,177
113000422,5495,1064,4431
113000423,1742,802,940
113000424,1991,1237,754
113000425,9,31,-22
113000428,6,8,-2
113000430,3,3,0
113000432,100,7,93
113000433,51,213,-162
113000434,11,166,-155
113000435,7,246,-239
113000436,13,437,-424
113000437,0,0,0
113000438,0,0,0
113000439,11,71,-60
113000440,0,0,0
113000441,0,0,0
113000442,26,128,-102
113000443,0,0,0
113000444,21,144,-123
113000445,0,0,0
113000446,11,69,-58
113000448,56,56,0
113000449,0,0,0
113000450,26,2,24
113000451,326,48,278
113000452,0,0,0
113000453,59,83,-24
113000454,0,0,0
113000455,20,54,-34
113000456,178,95,83
113000468,150,5,145
113000469,8,3,5
113000470,0,0,0
113000471,0,0,0
113000472,0,0,0
113000474,56,204,-148
113000475,296,587,-291
113000476,167,653,-486
113000477,388,880,-492
113000478,729,1535,-806
113000479,2,179,-177
113000484,0,1,-1
113000485,0,0,0
113000486,0,0,0
113000487,0,0,0
113000488,0,0,0
113000489,0,0,0
113000490,0,0,0
113000491,0,0,0
113000492,0,0,0
113000493,0,0,0
113000495,51,107,-56
113000496,0,0,0
113900001,0,0,0
113900002,0,0,0
113900003,0,0,0
113900004,0,0,0
113900005,0,0,0
113900006,0,0,0
113900007,0,0,0
113900008,0,0,0
113900009,0,0,0
113900010,0,0,0
113900011,0,0,0
113900012,0,0,0
113900013,0,0,0
113900014,0,0,0
113900015,0,6,-6
113900016,0,0,0
113900017,0,0,0
113900018,25,2,23
113900019,0,1,-1
113900020,0,0,0
113900022,0,0,0
113900023,0,0,0
113900024,0,4,-4
113900025,0,0,0
113900026,0,0,0
113900027,0,0,0
113900028,0,0,0
113900029,0,43,-43
113900030,0,0,0
113900031,0,0,0
113900032,0,0,0
113900033,0,4,-4
113900035,0,0,0
113900036,0,0,0
113900037,0,0,0
113900038,4,1,3
113900039,0,0,0
113900040,0,0,0
113900041,0,0,0
113900042,0,0,0
113900043,4,6,-2
113900044,0,0,0
113900045,0,0,0
113900046,27,69,-42
113900047,0,0,0
113900048,49,8,41
113900049,50,4,46
113900050,5,13,-8
113900051,13,26,-13
113900052,0,0,0
113900053,0,0,0
113900054,0,0,0
113900055,2,55,-53
113900056,0,0,0
113900057,3,11,-8
113900058,2,10,-8
113900059,3,29,-26
113900060,0,0,0
113900061,0,0,0
113900062,0,0,0
113900063,0,0,0
113900064,1,18,-17
113900065,0,0,0
113900066,8,57,-49
113900067,0,0,0
113900068,0,0,0
113900069,0,0,0
113900070,10,87,-77
113900071,0,0,0
113900072,0,10,-10
113900073,4,19,-15
113900074,0,0,0
113900075,0,0,0
113900076,0,0,0
113900077,4,61,-57
113900078,0,0,0
113900079,0,2,-2
113900080,1,0,1
113900081,1,14,-13
113900082,2,26,-24
113900083,0,0,0
113900084,0,0,0
113900085,5,61,-56
113900086,0,0,0
113900087,0,0,0
113900088,0,0,0
113900089,0,0,0
113900090,0,0,0
113900091,0,0,0
113900092,0,4,-4
113900093,0,44,-44
113900094,0,0,0
113900095,0,0,0
113900096,0,0,0
113900097,0,11,-11
113900098,0,0,0
113900099,0,0,0
113900100,0,0,0
113900101,2,3,-1
113900102,0,6,-6
113900103,0,0,0
113900104,0,0,0
113900105,0,22,-22
113900106,0,0,0
113900107,0,0,0
113900108,3,14,-11
113900109,0,2,-2
113900110,0,0,0
113900111,0,0,0
113900112,1,7,-6
113900113,4,8,-4
113900114,0,0,0
113900115,0,0,0
113900116,0,9,-9
113900117,0,0,0
113900118,0,0,0
113900119,0,0,0
113900120,0,0,0
113900121,0,0,0
113900122,0,0,0
113900123,4,2,2
113900124,0,0,0
113900125,5,19,-14
113900126,4,2,2
113900127,2,19,-17
113900128,0,0,0
113900129,0,0,0
113900130,0,0,0
113900131,0,0,0
113900132,0,0,0
113900133,1,3,-2
113900135,34,89,-55
113900136,4,12,-8
113900137,2,7,-5
113900138,0,0,0
113900139,86,8,78
113900140,0,0,0
113900141,6,27,-21
113900142,7,5,2
113900143,0,0,0
113900144,0,0,0
113900145,0,7,-7
113900146,4,3,1
113900148,5,5,0
113900149,0,0,0
113900150,195,102,93
113900151,5,16,-11
113900152,0,2,-2
113900153,54,18,36
113900154,0,0,0
113900155,34,13,21
113900156,14,95,-81
113900157,0,1,-1
113900158,18,3,15
113900159,0,0,0
113900160,71,128,-57
113900161,0,3,-3
113900162,33,30,3
113900163,11,11,0
113900164,0,0,0
113900165,64,77,-13
113900166,7,3,4
113900167,0,0,0
113900168,18,11,7
113900169,27,79,-52
113900171,0,0,0
113900172,0,28,-28
113900173,12,95,-83
113900174,22,124,-102
113900175,0,0,0
113900176,8,120,-112
113900177,6,8,-2
113900178,0,0,0
113900179,0,99,-99
113900180,9,6,3
113900181,0,0,0
113900182,23,157,-134
113900183,4,4,0
113900184,3,98,-95
113900185,17,9,8
113900186,1,2,-1
113900187,2,11,-9
113900188,0,12,-12
113900189,0,0,0
113900190,57,13,44
113900191,4,6,-2
113900192,0,0,0
113900193,1,43,-42
113900194,86,83,3
113900195,50,71,-21
113900196,0,20,-20
113900197,1,43,-42
113900198,1,10,-9
113900199,27,54,-27
113900200,1,19,-18
113900201,0,36,-36
113900202,4,29,-25
113900203,0,30,-30
113900204,3,55,-52
113900205,1,12,-11
113900206,0,16,-16
113900207,0,7,-7
113900208,0,8,-8
113900209,0,6,-6
113900210,39,32,7
113900211,8,0,8
113900212,0,74,-74
113900214,45,20,25
113900215,0,30,-30
113900216,0,94,-94
113900217,0,0,0
113900218,0,0,0
113900219,11,54,-43
113900220,0,0,0
113900221,0,0,0
113900222,0,6,-6
113900223,1,78,-77
113900224,20,6,14
113900225,0,0,0
113900226,0,0,0
113900227,0,0,0
113900228,21,5,16
113900229,0,5,-5
113900230,158,31,127
113900231,10,15,-5
113900232,3,12,-9
113900233,1,4,-3
113900234,7,8,-1
113900235,0,0,0
113900236,0,0,0
113900237,0,0,0
113900238,2,12,-10
113900239,1,5,-4
113900240,0,1,-1
113900241,9,1,8
113900242,4,19,-15
113900243,6,29,-23
113900244,58,6,52
113900245,153,12,141
113900246,0,0,0
113900247,0,0,0
113900248,243,18,225
113900249,0,0,0
113900250,0,0,0
113900251,0,29,-29
113900252,0,0,0
113900253,0,0,0
113900254,0,0,0
113900255,0,0,0
113900256,0,0,0
113900257,20,117,-97
113900258,1,82,-81
113900259,0,28,-28
113900260,0,3,-3
113900261,0,17,-17
113900262,1,80,-79
113900263,7,41,-34
113900264,1,58,-57
113900265,11,51,-40
113900266,1,42,-41
113900267,6,41,-35
113900268,0,0,0
113900269,4,20,-16
113900270,11,48,-37
113900271,40,258,-218
113900273,0,0,0
113900274,0,0,0
113900275,0,2,-2
113900276,0,37,-37
113900277,0,0,0
113900278,14,14,0
113900279,2,15,-13
113900280,75,25,50
113900281,16,55,-39
113900282,47,12,35
113900283,0,0,0
113900284,0,8,-8
113900285,0,1,-1
113900286,0,0,0
113900287,0,22,-22
113900288,0,13,-13
113900289,131,1,130
113900290,38,2,36
113900291,9,24,-15
113900292,0,0,0
113900293,0,33,-33
113900294,0,0,0
113900295,10,4,6
113900296,6,2,4
113900297,0,0,0
113900298,0,255,-255
113900299,0,0,0
113900300,345,8,337
113900301,0,0,0
113900302,0,3,-3
113900303,36,1,35
113900304,0,54,-54
113900305,0,0,0
113900306,0,0,0
113900307,0,0,0
113900308,0,10,-10
113900309,2,127,-125
113900310,0,0,0
113900311,0,0,0
113900312,0,2,-2
113900313,0,0,0
113900314,0,0,0
113900315,0,0,0
114000001,257,614,-357
114000002,0,0,0
114000003,8,179,-171
114000004,12,44,-32
114000005,6,3,3
114000006,348,360,-12
114000007,55,281,-226
114000008,199,274,-75
114000009,9,10,-1
114000011,476,556,-80
114000012,178,538,-360
114000013,153,407,-254
114000014,133,81,52
114000015,96,84,12
114000016,20,106,-86
114000017,20,13,7
114000018,36,10,26
114000026,98,349,-251
114000027,207,491,-284
114000028,323,438,-115
114000038,2,8,-6
114000039,31,41,-10
114000040,16,18,-2
114000042,27,86,-59
114000043,0,23,-23
114000044,22,46,-24
114000045,2,16,-14
114000046,349,1038,-689
114000047,0,4,-4
114000048,14,16,-2
114000049,58,57,1
114000050,30,71,-41
114000051,158,100,58
114000052,103,74,29
114000053,0,8,-8
114000054,2,15,-13
114000055,11,1,10
114000056,125,157,-32
114000057,1008,642,366
114000058,30,45,-15
114000059,17,49,-32
114000060,91,275,-184
114000061,175,31,144
114000062,55,31,24
114000063,775,885,-110
114000064,1620,666,954
114000065,398,895,-497
114000066,50,202,-152
114000067,0,0,0
114000068,33,36,-3
114000069,58,26,32
114000070,94,39,55
114000071,8,51,-43
114000072,14,56,-42
114000073,0,0,0
114000074,4,9,-5
114000075,0,0,0
114000076,0,0,0
114000077,0,0,0
114000078,2,73,-71
114000079,7,24,-17
114000080,2,2,0
114000081,0,0,0
114000082,26,140,-114
114000083,9,69,-60
114000084,0,0,0
114000085,37,150,-113
114000086,14,152,-138
114000087,4,38,-34
114000088,0,0,0
114000089,106,42,64
114000090,30,16,14
114000091,111,52,59
114000092,137,46,91
114000093,35,127,-92
114000094,48,47,1
114000095,0,0,0
114000096,4,235,-231
114000097,4,183,-179
114000098,0,0,0
114000099,7,88,-81
114000100,13,47,-34
114000101,31,289,-258
114000102,0,0,0
114000103,10,53,-43
114000104,0,20,-20
114000105,5,5,0
114000106,82,24,58
114000107,34,14,20
114000108,484,379,105
114000109,0,0,0
114000110,68,453,-385
114000111,0,0,0
114000112,53,652,-599
114000113,0,0,0
114000114,260,581,-321
114000115,0,0,0
114000116,63,35,28
114000117,67,19,48
114000118,103,12,91
114000119,47,11,36
114000120,159,272,-113
114000121,76,152,-76
114000122,92,109,-17
114000123,10,16,-6
114000124,5,11,-6
114000125,181,630,-449
114000126,11,4,7
114000127,1,79,-78
114000128,40,99,-59
114000130,0,0,0
114000131,0,0,0
114000132,138,175,-37
114000133,203,204,-1
114000134,6,23,-17
114000138,19,34,-15
114000139,0,0,0
114000144,0,0,0
114000145,6,20,-14
114000146,6,39,-33
114000147,0,0,0
114000148,70,15,55
114000149,6,24,-18
114000150,237,167,70
114000151,30,13,17
114000152,4,9,-5
114000153,139,222,-83
114000154,87,129,-42
114000155,80,109,-29
114000156,14,19,-5
114000157,36,152,-116
114000158,235,118,117
114000159,50,46,4
114000160,14,23,-9
114000161,71,31,40
114000162,5,10,-5
114000163,0,16,-16
114000165,0,0,0
114000166,57,21,36
114000167,310,354,-44
114000168,145,253,-108
114000169,285,86,199
114000170,112,103,9
114000171,105,78,27
114000174,57,120,-63
114000176,98,136,-38
114000177,338,203,135
114000178,0,0,0
114000179,35,1,34
114000180,69,169,-100
114000181,164,323,-159
114000182,576,946,-370
114000183,369,537,-168
114000184,436,780,-344
114000185,39,23,16
114000189,0,0,0
114000190,0,0,0
114000191,0,0,0
114000192,85,361,-276
114000193,222,763,-541
114000194,345,380,-35
114000195,0,0,0
114000196,0,93,-93
114000197,0,58,-58
114000198,205,101,104
114000199,315,166,149
114000200,61,613,-552
114000201,15,270,-255
114000202,142,201,-59
114000203,125,315,-190
114000204,16,105,-89
114000205,11,419,-408
114000206,106,492,-386
114000207,222,683,-461
114000208,83,818,-735
114000209,150,910,-760
114000210,80,495,-415
114000211,44,166,-122
114000212,53,145,-92
114000213,222,42,180
114000214,8,26,-18
114000215,0,26,-26
114000216,98,1,97
114000217,3,74,-71
114000218,5,67,-62
114000219,42,114,-72
114000220,1,558,-557
114000221,44,36,8
114000222,34,422,-388
114000223,0,0,0
114000224,53,180,-127
114000225,57,192,-135
114000226,12,89,-77
114000227,57,69,-12
114000228,20,105,-85
114000229,76,286,-210
114000230,56,108,-52
114000231,159,356,-197
114000232,5,19,-14
114000233,44,7,37
114000234,45,77,-32
114000235,129,473,-344
114000236,1,434,-433
114000237,40,273,-233
114000238,1,7,-6
114000239,4,338,-334
114000240,143,237,-94
114000241,44,350,-306
114000242,236,294,-58
114000243,78,131,-53
114000244,0,0,0
114000245,61,327,-266
114000246,76,15,61
114000247,46,58,-12
114000248,59,77,-18
114000249,35,72,-37
114000250,47,152,-105
114000251,7,71,-64
114000252,15,13,2
114000253,0,0,0
114000254,0,12,-12
114000255,31,41,-10
114000256,14,11,3
114000257,146,902,-756
114000258,17,112,-95
114000259,11,141,-130
114000260,0,66,-66
114000261,20,1,19
114000262,3,46,-43
114000263,0,0,0
114000264,7,48,-41
114000265,0,2,-2
114000267,2,536,-534
114000268,0,476,-476
114000270,0,1,-1
114000271,40,16,24
114000283,37,73,-36
114000285,13,105,-92
114000288,14,123,-109
114000289,65,20,45
114000293,24,174,-150
114000294,8,4,4
114000395,84,2,82
114000396,0,0,0
114000402,6,20,-14
114000403,11,27,-16
114000405,17,221,-204
114000423,7,187,-180
114000424,29,34,-5
114000425,31,226,-195
114000426,0,0,0
114000427,13,44,-31
114000428,0,0,0
114000429,7,45,-38
114000432,0,0,0
114000434,14,22,-8
114000435,0,35,-35
114900001,0,0,0
114900002,0,0,0
114900003,0,0,0
114900004,0,0,0
114900005,0,0,0
114900006,0,0,0
114900007,0,0,0
114900008,0,0,0
114900010,44,17,27
114900011,0,0,0
114900013,0,0,0
114900018,0,0,0
114900020,0,0,0
114900022,0,32,-32
114900025,0,0,0
114900026,0,0,0
114900029,0,0,0
114900030,0,0,0
114900031,0,0,0
114900032,0,0,0
114900034,9,38,-29
114900035,12,13,-1
114900036,11,193,-182
114900039,15,142,-127
114900040,5,14,-9
114900041,19,108,-89
114900042,23,133,-110
114900044,0,0,0
114900047,5,93,-88
114900048,1,18,-17
114900049,5,45,-40
114900050,8,97,-89
114900051,1,91,-90
114900052,15,11,4
114900053,3,19,-16
114900054,6,16,-10
114900057,0,0,0
114900058,1,50,-49
114900059,0,0,0
114900063,4,35,-31
114900064,21,98,-77
114900065,2,85,-83
114900067,0,49,-49
114900068,18,28,-10
114900069,7,13,-6
114900070,0,0,0
114900072,2,22,-20
114900073,0,52,-52
114900074,0,0,0
114900075,0,0,0
114900076,0,68,-68
114900080,0,0,0
114900082,2,102,-100
114900083,1,63,-62
114900090,0,0,0
114900091,3,11,-8
114900097,0,0,0
114900098,0,0,0
114900099,0,0,0
115000001,2106,2975,-869
115000002,436,204,232
115000003,845,1954,-1109
115000004,340,326,14
115000005,464,1509,-1045
115000006,81,149,-68
115000007,0,0,0
115000008,43,57,-14
115000009,4,13,-9
115000010,0,0,0
115000013,25,37,-12
115000015,28,73,-45
115000016,121,61,60
115000019,2,34,-32
115000020,0,0,0
115000021,60,105,-45
115000022,124,166,-42
115000023,69,8,61
115000024,200,191,9
115000025,38,12,26
115000026,34,117,-83
115000027,26,6,20
115000028,17,172,-155
115000029,24,0,24
115000030,54,364,-310
115000031,67,1,66
115000032,6,138,-132
115000033,0,0,0
115000034,12,374,-362
115000035,0,0,0
115000036,0,166,-166
115000037,0,0,0
115000038,0,0,0
115000039,130,148,-18
115000040,552,408,144
115000041,59,214,-155
115000042,43,79,-36
115000043,207,617,-410
115000044,1027,1425,-398
115000045,291,1027,-736
115000046,63,295,-232
115000047,138,200,-62
115000048,412,1336,-924
115000049,443,1169,-726
115000050,222,172,50
115000051,428,161,267
115000052,765,721,44
115000053,216,165,51
115000054,180,301,-121
115000055,39,208,-169
115000056,0,12,-12
115000057,17,99,-82
115000058,3,26,-23
115000059,0,113,-113
115000061,0,0,0
115000062,5,102,-97
115000063,16,108,-92
115000064,0,0,0
115000065,1,55,-54
115000067,0,0,0
115000069,2,87,-85
115000070,5,111,-106
115000071,0,0,0
115000072,12,9,3
115000073,203,1,202
115000075,1,6,-5
115000076,424,563,-139
115000077,143,645,-502
115000078,75,368,-293
115000079,69,504,-435
115000080,136,792,-656
115000081,50,106,-56
115000082,292,538,-246
115000083,236,686,-450
115000084,0,0,0
115000085,56,361,-305
115000086,0,0,0
115000087,93,439,-346
115000088,0,0,0
115000089,662,598,64
115000090,38,43,-5
115000091,49,293,-244
115000092,17,73,-56
115000093,0,0,0
115000094,1071,752,319
115000095,730,1407,-677
115000096,43,391,-348
115000097,20,267,-247
115000098,50,364,-314
115000099,62,651,-589
115000100,25,42,-17
115000101,83,670,-587
115000102,15,22,-7
115000103,96,301,-205
115000105,0,0,0
115000106,3,15,-12
115000107,24,263,-239
115000108,1113,1445,-332
115000109,254,139,115
115000110,312,130,182
115000111,104,399,-295
115000112,79,128,-49
115000113,73,163,-90
115000114,289,198,91
115000116,225,193,32
115000117,171,266,-95
115000118,145,286,-141
115000119,210,235,-25
115000120,127,240,-113
115000121,790,179,611
115000122,698,252,446
115000123,132,185,-53
115000124,75,121,-46
115000125,14,68,-54
115000126,6,40,-34
115000127,29,38,-9
115000128,27,86,-59
115000129,4,41,-37
115000130,8,180,-172
115000131,6,72,-66
115000132,5,66,-61
115000133,5,108,-103
115000134,6,31,-25
115000135,7,46,-39
115000136,0,0,0
115000137,5,67,-62
115000138,0,0,0
115000139,38,104,-66
115000140,0,0,0
115000141,46,139,-93
115000142,12,143,-131
115000143,0,0,0
115000144,11,11,0
115000145,18,177,-159
115000146,0,0,0
115000147,14,120,-106
115000148,108,229,-121
115000149,18,5,13
115000150,141,198,-57
115000151,18,7,11
115000152,51,283,-232
115000153,15,2,13
115000154,5,3,2
115000155,76,230,-154
115000156,10,2,8
115000157,77,172,-95
115000158,32,26,6
115000159,5,0,5
115000160,3,0,3
115000161,32,80,-48
115000162,0,0,0
115000163,148,245,-97
115000164,154,207,-53
115000165,0,0,0
115000167,0,0,0
115000168,0,0,0
115000169,161,232,-71
115000170,39,83,-44
115000171,0,0,0
115000172,100,112,-12
115000173,0,0,0
115000174,0,0,0
115000175,17,39,-22
115000176,0,0,0
115000177,8,20,-12
115000178,5,58,-53
115000179,0,0,0
115000180,13,170,-157
115000181,0,0,0
115000182,0,0,0
115000183,17,244,-227
115000186,40,67,-27
115000187,13,208,-195
115000188,207,85,122
115000189,51,164,-113
115000190,107,52,55
115000191,14,101,-87
115000194,25,40,-15
115000195,0,0,0
115000196,0,0,0
115000197,4,58,-54
115000198,0,0,0
115000199,2,61,-59
115000200,0,0,0
115000201,28,116,-88
115000206,0,0,0
115000207,5,101,-96
115000208,64,212,-148
115000209,62,33,29
115000210,1,19,-18
115000211,72,67,5
115000212,213,110,103
115000224,0,0,0
115000225,0,0,0
115000229,0,0,0
115000230,0,0,0
115000231,21,551,-530
115000232,15,72,-57
115000233,11,127,-116
115000234,0,0,0
115000241,0,0,0
115000242,0,0,0
115000243,0,0,0
115000244,0,0,0
115000246,0,0,0
115000247,0,0,0
115000248,0,0,0
115000249,0,0,0
115000250,3,1,2
115000251,0,0,0
115000252,0,0,0
115000253,0,0,0
115000258,0,0,0
115000259,0,0,0
115000261,0,0,0
115000262,0,0,0
115000263,0,0,0
115000264,0,0,0
115000267,0,0,0
115000268,4,7,-3
115000269,0,0,0
115000270,0,0,0
115000272,0,0,0
115000273,0,0,0
115000280,0,0,0
115000281,171,50,121
115000282,50,19,31
115000284,174,100,74
115000296,0,0,0
115000297,0,0,0
115000298,17,15,2
115000300,0,54,-54
115000302,0,0,0
115000303,0,0,0
115000304,0,0,0
115000305,3,258,-255
115000306,5,156,-151
115000307,3,73,-70
115000308,0,0,0
115000309,0,0,0
115000310,72,345,-273
115000311,0,0,0
115000313,40,145,-105
115000314,0,0,0
115000315,305,186,119
115000316,0,0,0
115000317,6,142,-136
115000318,82,67,15
115000319,4,86,-82
115000320,6,57,-51
115000321,117,21,96
115000322,6,90,-84
115000449,0,0,0
115000557,0,14,-14
115000558,0,0,0
115000587,2,1,1
115000588,951,2126,-1175
115000589,692,467,225
115000590,144,663,-519
115000591,57,119,-62
115000592,148,679,-531
115000593,97,70,27
115000594,315,869,-554
115000609,1,6,-5
115000617,351,65,286
115000624,0,0,0
115000633,26,662,-636
115000634,626,170,456
115000635,28,6,22
115000638,0,0,0
115000641,0,0,0
115000642,24,51,-27
115000643,14,125,-111
115000644,19,110,-91
115000646,169,217,-48
115000647,23,119,-96
115000648,54,415,-361
115000893,516,173,343
115000894,27,657,-630
115000895,70,659,-589
115000896,169,28,141
115000897,106,5,101
115000898,138,23,115
115000899,241,135,106
115000900,28,41,-13
115000901,33,23,10
115000912,15,5,10
115000913,0,0,0
115000915,0,0,0
115000916,0,0,0
115000917,0,0,0
115000918,0,0,0
115000919,0,0,0
115000920,0,1,-1
115000921,116,4,112
115000922,113,98,15
115000923,122,461,-339
115000925,11,19,-8
115000927,0,0,0
115000933,56,38,18
115000934,0,0,0
115000935,0,0,0
115000936,0,0,0
115000937,288,11,277
115000938,51,21,30
115000939,44,70,-26
115000940,0,0,0
115000941,0,0,0
115000942,0,0,0
115000943,14,6,8
115000944,0,6,-6
115900001,0,0,0
115900002,0,0,0
115900003,0,0,0
115900004,0,0,0
115900005,0,0,0
115900006,0,0,0
115900008,0,0,0
115900009,0,0,0
115900010,0,0,0
115900011,11,14,-3
115900012,0,0,0
115900013,0,0,0
115900014,15,17,-2
115900015,0,0,0
115900016,0,0,0
115900017,0,0,0
115900018,23,2,21
115900019,0,0,0
115900020,0,0,0
115900021,100,5,95
115900022,0,0,0
115900023,0,0,0
115900025,0,0,0
115900026,0,0,0
115900027,0,9,-9
115900028,35,0,35
115900029,2,71,-69
115900030,0,0,0
115900031,0,0,0
115900032,0,0,0
115900033,0,0,0
115900034,1,46,-45
115900035,0,0,0
115900036,1,4,-3
115900037,1,27,-26
115900038,0,0,0
115900039,0,0,0
115900041,2,4,-2
115900042,0,0,0
115900043,0,0,0
115900044,0,0,0
115900046,0,17,-17
115900047,0,0,0
115900049,0,0,0
115900051,0,26,-26
115900052,1,26,-25
115900053,0,0,0
115900054,0,15,-15
115900055,0,17,-17
115900056,0,0,0
115900057,0,0,0
115900058,4,8,-4
115900060,0,0,0
115900061,0,0,0
115900062,0,69,-69
115900063,8,0,8
115900064,0,0,0
115900065,0,0,0
115900066,10,11,-1
115900067,1,149,-148
115900068,332,2,330
115900069,0,0,0
115900070,0,0,0
115900071,0,22,-22
115900072,9,12,-3
115900073,0,0,0
115900074,0,52,-52
115900075,0,0,0
115900076,0,0,0
115900077,0,73,-73
115900078,0,0,0
115900079,0,0,0
115900080,0,0,0
115900081,1,15,-14
115900082,0,0,0
115900084,0,0,0
115900085,1,4,-3
115900086,0,0,0
115900088,0,2,-2
115900089,4,65,-61
115900090,0,0,0
115900091,0,1,-1
115900092,0,18,-18
115900093,0,5,-5
115900094,0,42,-42
115900096,0,7,-7
115900097,0,38,-38
115900098,2,22,-20
115900099,0,0,0
115900100,0,0,0
115900101,0,13,-13
115900102,0,0,0
115900103,5,9,-4
115900104,0,0,0
115900105,0,0,0
115900106,0,0,0
115900107,0,0,0
115900108,0,0,0
115900109,0,0,0
115900110,0,0,0
115900111,0,17,-17
115900112,0,0,0
115900113,0,0,0
115900114,0,29,-29
115900115,1,10,-9
115900116,0,0,0
115900117,0,0,0
115900118,0,86,-86
115900119,1,6,-5
115900120,0,0,0
115900121,0,0,0
115900124,0,0,0
115900125,0,0,0
115900126,0,0,0
115900127,0,0,0
115900128,0,1,-1
115900129,0,0,0
115900130,0,0,0
115900131,0,0,0
115900132,0,0,0
115900134,0,0,0
115900135,0,0,0
115900137,0,0,0
115900139,1,2,-1
115900140,0,0,0
115900141,0,3,-3
115900142,0,0,0
115900143,1,17,-16
115900144,1,13,-12
115900146,0,0,0
115900147,0,0,0
115900148,0,0,0
115900149,0,2,-2
115900150,0,0,0
115900151,0,0,0
115900152,0,0,0
115900153,0,0,0
115900154,0,0,0
115900155,0,0,0
115900156,0,0,0
115900157,0,0,0
115900158,0,0,0
115900159,0,0,0
115900160,0,0,0
115900161,0,0,0
115900163,0,0,0
115900164,0,0,0
115900166,0,0,0
115900168,0,4,-4
115900171,0,0,0
115900172,0,0,0
115900173,0,0,0
115900174,0,0,0
115900175,3,10,-7
115900178,2,118,-116
115900179,0,0,0
115900180,0,0,0
115900181,1,21,-20
115900182,24,15,9
115900183,3,0,3
115900184,0,0,0
115900187,0,0,0
115900189,0,0,0
115900190,0,0,0
115900191,0,0,0
115900192,0,0,0
115900193,0,0,0
115900194,0,0,0
115900195,0,0,0
115900198,0,0,0
115900199,0,0,0
115900200,0,0,0
115900201,0,1,-1
115900202,0,0,0
115900203,0,0,0
115900204,0,0,0
115900205,0,0,0
115900206,0,5,-5
115900207,0,0,0
115900208,0,0,0
115900209,0,0,0
115900210,0,0,0
115900211,0,0,0
115900212,1,8,-7
115900213,0,0,0
115900214,0,11,-11
115900215,0,0,0
115900216,0,22,-22
115900217,0,26,-26
115900218,0,10,-10
115900219,0,0,0
115900220,0,0,0
115900221,0,0,0
115900222,0,0,0
115900223,0,0,0
115900224,0,0,0
115900225,0,0,0
115900226,0,0,0
115900227,0,0,0
115900228,0,0,0
115900229,0,0,0
115900230,0,0,0
115900231,0,0,0
115900232,0,0,0
115900233,0,0,0
115900234,0,0,0
115900235,0,0,0
115900236,0,0,0
115900237,0,18,-18
115900238,0,4,-4
115900239,0,7,-7
115900240,0,17,-17
115900241,1,2,-1
115900242,0,0,0
115900243,0,0,0
115900244,0,0,0
115900245,0,0,0
115900246,0,0,0
115900247,0,0,0
115900248,0,0,0
115900249,0,0,0
115900250,0,0,0
115900251,0,0,0
115900252,0,0,0
115900253,0,0,0
115900254,0,0,0
115900255,0,0,0
115900256,0,0,0
115900257,0,0,0
115900258,0,0,0
115900259,0,0,0
115900260,0,0,0
115900261,0,0,0
115900262,0,0,0
115900263,0,0,0
115900264,0,0,0
115900265,0,0,0
115900266,0,0,0
115900267,0,0,0
115900268,0,0,0
115900269,5,16,-11
115900270,0,0,0
115900271,0,0,0
115900272,0,0,0
115900273,0,0,0
115900274,0,0,0
115900275,0,0,0
115900276,0,0,0
115900277,0,0,0
115900278,0,11,-11
115900279,0,14,-14
115900280,0,8,-8
115900281,1,5,-4
115900282,0,0,0
115900283,0,0,0
115900284,0,0,0
116000001,5610,1245,4365
116000002,1225,213,1012
116000003,528,637,-109
116000004,749,111,638
116000005,351,734,-383
116000006,282,203,79
116000007,744,1053,-309
116000008,518,475,43
116000009,229,529,-300
116000010,165,78,87
116000011,120,169,-49
116000012,133,149,-16
116000013,3103,1188,1915
116000014,563,95,468
116000015,46,222,-176
116000016,383,59,324
116000017,14,145,-131
116000018,68,23,45
116000019,31,110,-79
116000020,15,53,-38
116000021,30,123,-93
116000022,13,27,-14
116000023,29,53,-24
116000024,54,95,-41
116000025,36,67,-31
116000026,133,506,-373
116000027,22,96,-74
116000028,0,0,0
116000029,151,150,1
116000030,0,0,0
116000031,66,75,-9
116000032,24,112,-88
116000033,3,162,-159
116000034,26,211,-185
116000035,29,243,-214
116000036,79,50,29
116000037,0,0,0
116000038,0,0,0
116000039,58,50,8
116000040,0,0,0
116000041,16,72,-56
116000042,0,0,0
116000043,19,95,-76
116000044,5,15,-10
116000045,0,0,0
116000046,271,450,-179
116000047,324,469,-145
116000048,47,71,-24
116000049,45,122,-77
116000050,229,398,-169
116000051,78,88,-10
116000052,390,610,-220
116000053,0,0,0
116000054,130,501,-371
116000055,79,232,-153
116000056,0,0,0
116000057,842,376,466
116000058,695,220,475
116000059,269,106,163
116000060,816,118,698
116000061,101,77,24
116000062,85,85,0
116000063,44,128,-84
116000066,0,0,0
116000067,78,171,-93
116000068,0,0,0
116000069,86,120,-34
116000078,0,0,0
116000080,258,318,-60
116000082,17,58,-41
116000083,144,67,77
116000084,100,392,-292
116000085,270,75,195
116000086,172,203,-31
116000087,234,111,123
116000088,166,139,27
116000089,13,17,-4
116000090,0,0,0
116000091,4,49,-45
116000093,54,32,22
116000094,5,188,-183
116000095,49,60,-11
116000096,41,197,-156
116000097,77,97,-20
116000098,10,326,-316
116000099,1032,30,1002
116000100,4,1,3
116000101,14,91,-77
116000102,11,171,-160
116000103,6,41,-35
116000104,4,198,-194
116000105,13,31,-18
116000106,14,211,-197
116000107,29,129,-100
116000108,1,45,-44
116000111,0,0,0
116000113,0,0,0
116000114,3,8,-5
116000115,0,0,0
116000116,13,39,-26
116000117,21,26,-5
116000118,92,474,-382
116000119,2,37,-35
116000120,341,1105,-764
116000121,0,0,0
116000122,330,1002,-672
116000123,0,0,0
116000124,58,459,-401
116000125,8,19,-11
116000126,56,621,-565
116000127,233,578,-345
116000128,18,19,-1
116000129,5,9,-4
116000130,3,13,-10
116000133,158,310,-152
116000134,96,688,-592
116000135,107,163,-56
116000136,133,581,-448
116000137,32,97,-65
116000138,227,58,169
116000139,156,650,-494
116000140,24,73,-49
116000141,49,150,-101
116000142,826,1204,-378
116000143,469,78,391
116000144,269,890,-621
116000145,264,123,141
116000146,21,34,-13
116000147,69,11,58
116000148,7,42,-35
116000149,1,94,-93
116000151,99,393,-294
116000153,0,0,0
116000155,0,0,0
116000156,35,159,-124
116000157,0,0,0
116000158,17,182,-165
116000159,0,0,0
116000160,0,30,-30
116000161,1,20,-19
116000162,70,0,70
116000163,2,3,-1
116000164,0,3,-3
116000177,3,30,-27
116000194,1,103,-102
116000195,97,115,-18
116000196,0,0,0
116000197,2,0,2
116000198,123,114,9
116000200,0,0,0
116000201,87,121,-34
116000202,1,2,-1
116000203,0,18,-18
116000204,1,2,-1
116000205,1,23,-22
116000206,0,30,-30
116000207,1,5,-4
116000233,3,28,-25
116000287,8,185,-177
116000288,0,0,0
116000292,0,19,-19
116000296,0,0,0
116000297,6,6,0
116000304,0,0,0
116000305,0,0,0
116000346,2,39,-37
116000352,0,9,-9
116000354,1,1,0
116000357,0,1,-1
116000358,0,0,0
116000361,0,0,0
116000372,481,382,99
116000381,0,0,0
116000388,0,18,-18
116000389,38,60,-22
116000445,19,327,-308
116000446,0,0,0
116000447,6,208,-202
116000448,0,0,0
116000563,0,0,0
116000565,18,46,-28
116000568,1,7,-6
116000579,0,16,-16
116000583,0,0,0
116000584,0,1,-1
116000585,0,1,-1
116000586,28,17,11
116000587,0,91,-91
116000589,14,15,-1
116000590,0,0,0
116000591,0,0,0
116000592,0,0,0
116000593,0,0,0
116000594,15,103,-88
116000595,6,37,-31
116000596,2,1,1
116000597,0,0,0
116000598,0,35,-35
116000605,0,11,-11
116000606,0,0,0
116000607,0,2,-2
116000609,1,64,-63
116000611,4,234,-230
116000612,161,154,7
116000613,0,0,0
116000614,64,363,-299
116000615,0,93,-93
116000616,3,24,-21
116000617,2,14,-12
116000618,0,39,-39
116000619,0,2,-2
116000620,0,0,0
116000621,0,0,0
116000622,0,0,0
116000624,2,2,0
116000627,1,1,0
116000628,0,0,0
116000629,0,0,0
116000630,0,0,0
116000631,0,0,0
116000632,0,2,-2
116000633,0,0,0
116000634,42,225,-183
116000635,194,204,-10
116000636,497,217,280
116000637,19,97,-78
116000638,0,0,0
116000639,0,0,0
116000640,0,0,0
116000641,48,107,-59
116000643,1,63,-62
116000644,19,623,-604
116000645,0,0,0
116900001,0,0,0
116900002,0,0,0
116900003,0,0,0
116900004,0,0,0
116900005,1,3,-2
116900006,0,0,0
116900007,0,0,0
116900008,0,153,-153
116900009,0,0,0
116900010,1,129,-128
116900011,2,1,1
116900012,0,0,0
116900013,1,45,-44
116900014,0,0,0
116900016,0,0,0
116900017,0,44,-44
116900018,0,0,0
116900019,1,49,-48
116900020,26,3,23
116900023,0,0,0
116900025,0,53,-53
116900026,2,37,-35
116900027,0,0,0
116900028,0,11,-11
116900029,0,0,0
116900031,0,0,0
116900032,1,10,-9
116900033,0,0,0
116900034,2,6,-4
116900035,0,10,-10
116900036,0,8,-8
116900038,0,0,0
116900041,0,0,0
116900042,114,34,80
116900043,0,2,-2
116900047,0,0,0
116900049,2,25,-23
116900050,1,13,-12
116900051,0,0,0
116900052,0,0,0
116900055,0,0,0
116900057,1,28,-27
116900058,0,15,-15
116900059,0,0,0
116900060,13,38,-25
116900062,0,0,0
116900064,4,140,-136
116900065,0,3,-3
116900067,0,0,0
116900068,12,46,-34
116900070,0,0,0
116900072,3,38,-35
116900073,1,4,-3
116900074,0,0,0
116900076,0,0,0
116900077,0,7,-7
116900078,14,12,2
116900079,0,6,-6
116900080,0,0,0
116900081,3,45,-42
116900082,2,48,-46
116900083,0,0,0
116900084,7,3,4
116900085,0,8,-8
116900086,0,13,-13
116900088,0,0,0
116900090,0,0,0
116900091,0,10,-10
116900092,3,40,-37
116900093,1,2,-1
116900094,185,14,171
116900095,0,33,-33
116900096,0,6,-6
116900097,11,3,8
116900098,73,5,68
116900099,26,12,14
116900100,0,0,0
116900101,4,24,-20
116900103,0,0,0
116900104,0,1,-1
116900105,0,0,0
116900106,0,30,-30
116900107,16,3,13
116900110,0,0,0
116900111,0,6,-6
116900112,0,3,-3
116900113,0,0,0
116900116,0,0,0
116900117,0,22,-22
116900118,2,352,-350
116900120,0,0,0
116900121,0,0,0
116900122,4,177,-173
116900123,5,135,-130
116900124,2,43,-41
116900125,2,5,-3
116900126,4,52,-48
116900128,0,2,-2
116900129,0,83,-83
116900130,158,222,-64
116900131,9,52,-43
116900132,3,11,-8
116900133,5,28,-23
116900134,6,30,-24
116900136,1,14,-13
116900137,5,23,-18
116900138,11,25,-14
116900139,5,35,-30
116900140,6,13,-7
116900141,16,10,6
116900142,0,1,-1
116900143,0,23,-23
116900144,0,3,-3
116900145,2,17,-15
116900147,11,19,-8
116900148,0,2,-2
116900149,0,0,0
116900150,0,2,-2
116900151,0,0,0
116900153,0,0,0
116900154,0,3,-3
116900155,1,18,-17
116900157,0,0,0
116900158,0,1,-1
116900159,1,57,-56
116900160,0,0,0
116900161,1002,122,880
116900162,0,0,0
116900163,0,0,0
116900164,0,0,0
116900165,0,0,0
116900166,0,0,0
116900167,0,0,0
116900168,0,13,-13
116900169,0,0,0
116900170,0,0,0
116900171,0,0,0
116900172,0,0,0
116900173,0,3,-3
116900174,1,11,-10
116900175,0,0,0
116900178,0,0,0
116900179,0,0,0
116900180,1,2,-1
116900182,0,0,0
116900183,0,0,0
116900185,0,0,0
116900186,0,0,0
116900187,0,0,0
116900188,1,0,1
116900189,0,0,0
116900191,0,0,0
116900192,0,0,0
116900194,0,0,0
116900195,0,0,0
116900196,0,0,0
116900197,0,0,0
116900198,17,2,15
116900200,0,0,0
116900201,0,0,0
116900202,0,0,0
116900203,0,0,0
116900204,1,2,-1
116900206,0,0,0
116900207,0,3,-3
116900208,0,0,0
116900209,0,0,0
116900210,0,3,-3
116900211,0,0,0
116900212,0,0,0
116900213,0,0,0
116900214,2,6,-4
116900215,0,0,0
116900216,0,3,-3
116900218,1,75,-74
116900219,91,32,59
116900220,0,0,0
116900221,5,13,-8
116900222,0,0,0
116900223,0,0,0
116900226,1,4,-3
116900227,0,1,-1
116900228,2,30,-28
116900230,1,35,-34
116900233,0,0,0
116900234,0,0,0
116900235,15,144,-129
116900238,35,12,23
116900239,0,9,-9
116900240,117,18,99
116900241,1,0,1
116900242,42,7,35
116900243,0,0,0
116900245,0,0,0
116900246,1,4,-3
116900247,0,1,-1
116900248,0,2,-2
116900249,0,0,0
116900250,4,3,1
116900251,0,0,0
116900252,0,0,0
116900254,0,0,0
116900255,4,8,-4
116900256,8,6,2
116900257,1,95,-94
116900258,0,62,-62
116900259,0,0,0
116900260,0,21,-21
116900261,0,0,0
116900262,0,25,-25
116900263,0,0,0
116900264,0,0,0
116900265,0,0,0
116900266,0,4,-4
116900267,0,0,0
116900268,0,0,0
116900269,0,12,-12
116900271,0,0,0
116900272,23,33,-10
116900273,0,0,0
116900274,0,0,0
116900275,0,0,0
116900276,0,0,0
116900277,0,0,0
116900278,0,0,0
116900279,0,1,-1
116900280,0,0,0
116900281,82,16,66
116900282,3,6,-3
116900283,0,6,-6
116900284,1,4,-3
116900285,0,0,0
116900286,0,0,0
116900287,0,0,0
116900288,0,0,0
116900289,0,0,0
116900290,0,0,0
116900291,0,0,0
116900292,0,0,0
116900293,0,0,0
116900294,6,20,-14
116900295,0,0,0
116900296,0,0,0
116900297,0,0,0
116900298,0,0,0
116900299,0,0,0
116900300,0,0,0
116900301,0,0,0
116900302,0,15,-15
116900303,0,10,-10
116900304,0,36,-36
116900305,0,0,0
116900306,0,0,0
116900307,0,0,0
116900308,0,0,0
116900309,0,1,-1
116900310,0,0,0
117000001,123,144,-21
117000002,400,978,-578
117000003,306,112,194
117000004,804,1059,-255
117000005,86,43,43
117000006,209,1217,-1008
117000007,126,15,111
117000008,268,1137,-869
117000009,6,1,5
117000010,651,1145,-494
117000011,0,0,0
117000012,216,624,-408
117000013,0,0,0
117000014,127,709,-582
117000015,0,0,0
117000016,12,19,-7
117000017,17,30,-13
117000018,7,103,-96
117000019,0,2,-2
117000020,61,312,-251
117000021,400,87,313
117000022,13,6,7
117000023,25,60,-35
117000024,28,75,-47
117000025,136,213,-77
117000026,48,15,33
117000027,371,673,-302
117000028,0,0,0
117000030,14,61,-47
117000031,0,0,0
117000032,245,282,-37
117000033,175,192,-17
117000034,14,41,-27
117000035,0,0,0
117000036,32,42,-10
117000037,0,0,0
117000038,5,69,-64
117000039,2,16,-14
117000040,18,306,-288
117000041,0,0,0
117000044,3,227,-224
117000045,0,0,0
117000046,44,200,-156
117000047,0,0,0
117000048,355,268,87
117000049,17,35,-18
117000050,14,613,-599
117000051,119,28,91
117000052,0,27,-27
117000053,6,7,-1
117000054,25,0,25
117000055,33,884,-851
117000056,13,0,13
117000057,109,523,-414
117000060,23,152,-129
117000061,1,11,-10
117000062,14,47,-33
117000063,0,0,0
117000064,126,157,-31
117000066,129,80,49
117000067,0,50,-50
117000074,0,0,0
117000076,0,0,0
117000077,19,26,-7
117000078,3,82,-79
117000079,1,14,-13
117000080,0,122,-122
117000081,9,9,0
117000082,5,29,-24
117000083,0,0,0
117000084,0,0,0
117000085,23,83,-60
117000086,20,155,-135
117000087,31,161,-130
117000088,0,0,0
117000089,23,28,-5
117000090,51,524,-473
117000091,11,11,0
117000092,57,544,-487
117000093,8,12,-4
117000094,115,731,-616
117000095,15,16,-1
117000096,101,929,-828
117000097,10,44,-34
117000098,432,1457,-1025
117000099,22,25,-3
117000100,3,24,-21
117000101,47,155,-108
117000102,0,0,0
117000103,339,492,-153
117000104,0,0,0
117000105,158,595,-437
117000106,0,0,0
117000107,134,658,-524
117000108,0,0,0
117000109,564,1025,-461
117000110,0,0,0
117000111,546,455,91
117000112,131,209,-78
117000113,6,45,-39
117000114,0,0,0
117000115,3,20,-17
117000116,0,29,-29
117000117,20,15,5
117000118,2,16,-14
117000119,1,1,0
117000120,0,3,-3
117000121,0,0,0
117000122,0,0,0
117000123,0,0,0
117000124,0,0,0
117000125,2,0,2
117000126,0,0,0
117000127,8,9,-1
117000128,9,16,-7
117000129,0,0,0
117000130,0,0,0
117000131,1,58,-57
117000132,83,48,35
117000133,0,44,-44
117000134,0,37,-37
117000135,1,16,-15
117000136,0,12,-12
117000137,0,0,0
117000138,1,164,-163
117000140,70,416,-346
117000141,0,0,0
117000181,77,14,63
117000182,0,0,0
117000195,15,184,-169
117000196,0,0,0
117000225,0,0,0
117000226,0,4,-4
117000276,0,0,0
117000277,0,89,-89
117000310,421,506,-85
117000315,0,0,0
117000320,0,0,0
117000906,0,0,0
117000907,4,86,-82
117000909,3,1,2
117000910,53,24,29
117000911,9,22,-13
117000915,1,93,-92
117000916,0,0,0
117000917,0,0,0
117000918,0,0,0
117000919,0,11,-11
117000920,1,596,-595
117000921,1,267,-266
117000922,0,0,0
117000924,26,26,0
117000926,270,16,254
117000927,9,41,-32
117000928,0,78,-78
117000929,4,52,-48
117000930,11,0,11
117000931,16,8,8
117900002,14,42,-28
117900003,28,27,1
117900005,0,0,0
117900006,0,11,-11
117900007,3,31,-28
117900008,0,10,-10
117900010,2,30,-28
117900011,0,3,-3
117900012,0,31,-31
117900013,0,24,-24
117900014,0,31,-31
117900015,1,26,-25
117900016,83,12,71
117900017,1,69,-68
117900018,8,1,7
117900019,2,60,-58
117900020,4,18,-14
117900021,0,16,-16
117900023,6,0,6
117900024,8,18,-10
117900025,0,0,0
117900026,2,46,-44
117900028,0,0,0
117900029,0,91,-91
117900030,4,4,0
117900031,0,0,0
117900032,6,14,-8
117900033,1,113,-112
117900034,0,0,0
117900035,11,0,11
117900036,1,56,-55
117900037,0,0,0
117900038,0,51,-51
117900039,0,13,-13
117900040,1,70,-69
117900041,1,16,-15
117900042,141,17,124
117900043,3,14,-11
117900044,0,13,-13
117900045,0,0,0
117900048,15,61,-46
117900049,4,43,-39
117900050,0,0,0
117900051,0,0,0
117900052,0,0,0
117900053,40,83,-43
117900054,0,0,0
117900055,0,0,0
117900056,0,0,0
117900057,38,197,-159
117900058,0,0,0
117900059,0,0,0
117900060,7,465,-458
117900061,0,0,0
117900063,0,17,-17
117900065,80,69,11
117900066,0,0,0
117900067,0,20,-20
117900069,1,26,-25
117900070,0,0,0
117900071,0,0,0
117900073,0,27,-27
117900074,0,0,0
117900075,0,0,0
117900076,0,13,-13
117900077,0,0,0
117900078,9,43,-34
117900080,0,0,0
117900081,36,31,5
117900082,1,11,-10
117900083,0,55,-55
117900086,0,0,0
117900087,0,0,0
117900088,108,140,-32
117900089,32,13,19
117900090,2,75,-73
117900091,5,5,0
117900092,0,0,0
117900093,0,0,0
117900094,0,0,0
117900095,3,98,-95
117900096,0,0,0
117900097,0,0,0
117900098,0,0,0
117900099,3,44,-41
117900100,0,0,0
117900101,35,34,1
117900102,0,0,0
117900103,0,0,0
117900104,0,10,-10
117900105,3,9,-6
117900106,0,0,0
117900107,0,0,0
117900109,12,35,-23
117900110,0,0,0
117900111,0,0,0
117900112,0,0,0
117900113,0,4,-4
117900114,0,0,0
117900115,5,1,4
117900116,25,57,-32
117900117,11,37,-26
117900118,0,0,0
117900119,1,61,-60
117900120,0,10,-10
117900121,0,6,-6
117900122,28,11,17
117900123,28,61,-33
117900124,24,27,-3
117900125,192,85,107
117900126,33,53,-20
117900127,4,41,-37
117900128,3,63,-60
117900129,0,0,0
117900130,0,30,-30
117900131,0,14,-14
117900132,2,21,-19
117900133,0,27,-27
117900134,4,45,-41
117900135,1,30,-29
117900136,0,6,-6
117900137,0,50,-50
117900138,0,10,-10
117900139,1,14,-13
117900140,2,3,-1
117900141,14,29,-15
117900142,0,0,0
117900144,0,0,0
117900145,1,2,-1
117900146,0,0,0
117900147,0,0,0
117900148,164,93,71
117900149,0,8,-8
117900150,0,13,-13
117900151,1,19,-18
117900152,4,6,-2
117900153,0,17,-17
117900154,0,33,-33
117900156,20,35,-15
117900157,1,14,-13
117900158,0,0,0
117900160,43,28,15
117900161,129,151,-22
117900162,0,29,-29
117900163,0,0,0
117900165,0,0,0
117900166,2,7,-5
117900168,0,0,0
117900169,0,0,0
117900170,0,0,0
117900171,0,0,0
117900172,0,0,0
117900173,0,0,0
117900174,0,0,0
117900175,0,0,0
117900176,0,0,0
117900177,0,0,0
117900178,0,0,0
117900180,0,0,0
117900181,0,0,0
117900182,0,0,0
117900183,0,0,0
117900184,0,0,0
117900185,0,0,0
117900186,0,0,0
117900187,0,0,0
117900188,0,0,0
117900189,0,0,0
117900190,0,0,0
117900191,0,0,0
117900192,0,0,0
117900193,0,0,0
117900194,0,0,0
117900195,0,0,0
117900196,0,0,0
117900207,0,0,0
117900208,1,1,0
117900209,1,3,-2
117900210,0,0,0
117900211,0,0,0
117900212,11,9,2
117900213,0,0,0
117900214,0,0,0
117900215,0,0,0
117900216,0,0,0
117900217,0,33,-33
117900218,0,0,0
117900219,0,13,-13
117900220,0,0,0
117900222,8,30,-22
117900223,3,12,-9
118000001,104,121,-17
118000002,312,451,-139
118000003,283,307,-24
118000004,443,421,22
118000005,1089,671,418
118000006,1647,1741,-94
118000007,794,543,251
118000008,750,764,-14
118000009,253,570,-317
118000010,288,684,-396
118000011,85,426,-341
118000012,158,411,-253
118000013,492,385,107
118000014,124,610,-486
118000016,45,86,-41
118000017,0,0,0
118000018,27,123,-96
118000019,711,221,490
118000020,290,516,-226
118000021,259,509,-250
118000022,170,27,143
118000023,122,198,-76
118000024,114,204,-90
118000027,3349,693,2656
118000029,120,44,76
118000032,52,74,-22
118000033,174,186,-12
118000034,848,429,419
118000035,68,473,-405
118000036,49,210,-161
118000037,156,239,-83
118000038,0,0,0
118000039,5,37,-32
118000040,67,458,-391
118000041,273,355,-82
118000045,17,1,16
118000046,109,55,54
118000047,92,61,31
118000048,362,266,96
118000051,39,6,33
118000052,31,28,3
118000053,15,10,5
118000054,377,94,283
118000055,335,23,312
118000056,7,6,1
118000057,23,13,10
118000058,68,23,45
118000059,26,33,-7
118000060,13,33,-20
118000061,11,45,-34
118000062,18,25,-7
118000063,19,26,-7
118000064,23,31,-8
118000065,308,63,245
118000066,17,17,0
118000067,383,278,105
118000068,155,345,-190
118000069,287,83,204
118000070,1082,95,987
118000071,492,485,7
118000072,355,182,173
118000073,127,32,95
118000074,13,19,-6
118000075,86,51,35
118000076,253,267,-14
118000077,546,252,294
118000078,147,139,8
118000079,57,169,-112
118000080,382,291,91
118000081,122,104,18
118000082,28,23,5
118000083,62,23,39
118000084,382,105,277
118000086,32,38,-6
118000087,2784,646,2138
118000088,116,188,-72
118000089,618,832,-214
118000090,1000,345,655
118000091,410,884,-474
118000092,188,52,136
118000093,35,21,14
118000096,8,23,-15
118000097,20,37,-17
118000098,0,1,-1
118000099,26,168,-142
118000101,85,109,-24
118000102,22,140,-118
118000107,236,115,121
118000108,3,27,-24
118000110,1,3,-2
118000111,2,199,-197
118000112,0,0,0
118000113,0,281,-281
118000114,0,0,0
118000115,0,0,0
118000116,0,0,0
118000117,216,255,-39
118000118,32,43,-11
118000119,21,55,-34
118000120,373,623,-250
118000121,3,88,-85
118000122,147,10,137
118000123,6,60,-54
118000125,190,339,-149
118000126,10,26,-16
118000127,22,23,-1
118000128,146,405,-259
118000129,76,64,12
118000130,826,1219,-393
118000131,151,446,-295
118000132,77,33,44
118000133,22,71,-49
118000135,0,0,0
118000136,18,66,-48
118000137,96,16,80
118000138,3,68,-65
118000139,17,11,6
118000140,664,403,261
118000141,87,181,-94
118000142,209,492,-283
118000143,16,56,-40
118000144,39,43,-4
118000145,310,567,-257
118000146,229,297,-68
118000147,177,468,-291
118000148,47,247,-200
118000149,34,139,-105
118000150,8,21,-13
118000151,4,18,-14
118000153,13,71,-58
118000154,20,96,-76
118000155,21,57,-36
118000156,458,297,161
118000157,27,19,8
118000158,6,57,-51
118000159,0,0,0
118000160,0,0,0
118000161,73,182,-109
118000162,3,35,-32
118000163,24,40,-16
118000164,148,66,82
118000168,8,35,-27
118000169,325,731,-406
118000170,345,664,-319
118000171,0,0,0
118000172,0,0,0
118000173,102,202,-100
118000175,27,30,-3
118000176,12,54,-42
118000177,3,48,-45
118000178,0,5,-5
118000179,0,0,0
118000180,0,0,0
118000181,189,91,98
118000182,76,61,15
118000183,50,82,-32
118000184,0,0,0
118000185,363,211,152
118000186,219,268,-49
118000187,72,201,-129
118000188,5,48,-43
118000189,11,126,-115
118000190,0,1,-1
118000191,0,0,0
118000192,6,56,-50
118000193,4,77,-73
118000194,439,68,371
118000195,5,4,1
118000196,0,0,0
118000197,57,18,39
118000198,9,6,3
118000199,163,104,59
118000200,0,0,0
118000201,57,8,49
118000202,0,0,0
118000203,78,20,58
118000204,132,59,73
118000205,73,27,46
118000206,4,0,4
118000207,0,10,-10
118000208,66,152,-86
118000209,154,471,-317
118000210,0,0,0
118000211,0,0,0
118000213,3,8,-5
118000214,204,44,160
118000215,50,187,-137
118000216,0,0,0
118000217,0,5,-5
118000218,0,0,0
118000219,2,11,-9
118000220,0,0,0
118000221,1,29,-28
118000222,51,0,51
118000223,0,0,0
118000224,1,3,-2
118000225,4,175,-171
118000226,0,0,0
118000227,128,31,97
118000228,78,54,24
118000229,0,0,0
118000230,1,43,-42
118000231,1,15,-14
118000232,79,215,-136
118000233,20,27,-7
118000234,6,10,-4
118000236,8,40,-32
118000237,0,0,0
118000238,0,24,-24
118000239,0,0,0
118000240,44,14,30
118000241,5,10,-5
118000242,7,171,-164
118000243,5,10,-5
118000244,1,17,-16
118000246,0,2,-2
118000255,0,23,-23
118000256,0,6,-6
118000259,0,4,-4
118000260,0,0,0
118000261,0,3,-3
118000263,1,10,-9
118000266,21,37,-16
118000267,0,36,-36
118000268,0,1,-1
118000270,0,0,0
118000271,3,14,-11
118000272,0,0,0
118000273,5,19,-14
118000274,12,45,-33
118000276,3,15,-12
118000295,1,22,-21
118000298,23,132,-109
118000299,32,71,-39
118000301,0,13,-13
118000302,0,4,-4
118000311,2,28,-26
118000312,3,44,-41
118000313,0,27,-27
118000314,1,4,-3
118000315,0,2,-2
118000316,7,48,-41
118000325,0,0,0
118000326,0,0,0
118000331,0,0,0
118000332,0,0,0
118000333,0,0,0
118000335,0,0,0
118000336,0,112,-112
118000407,0,0,0
118000457,2,35,-33
118000465,543,359,184
118000480,0,3,-3
118000489,0,0,0
118000490,34,207,-173
118000492,10,11,-1
118000510,12,6,6
118000514,8,91,-83
118000515,7,32,-25
118000517,96,46,50
118000524,582,177,405
118000525,277,396,-119
118000530,0,0,0
118000531,0,0,0
118000532,65,101,-36
118000533,69,67,2
118000534,50,134,-84
118000535,0,7,-7
118000536,33,21,12
118000537,3,21,-18
118000538,0,21,-21
118000539,0,0,0
118000540,14,45,-31
118000541,8,27,-19
118000542,0,0,0
118000543,0,0,0
118000546,6,7,-1
118000553,0,6,-6
118000557,0,0,0
118000560,348,54,294
118000562,0,0,0
118000563,156,93,63
118000576,2,27,-25
118000577,44,20,24
118000578,38,20,18
118000579,48,104,-56
118000583,0,1,-1
118000595,0,0,0
118000596,0,6,-6
118000597,20,24,-4
118000598,0,0,0
118000599,0,0,0
118000600,0,0,0
118000601,0,0,0
118000602,0,0,0
118000603,0,44,-44
118000605,1,29,-28
118000606,0,2,-2
118900001,0,0,0
118900002,3,12,-9
118900003,0,0,0
118900004,0,0,0
118900005,0,0,0
118900006,0,0,0
118900007,2,0,2
118900008,0,0,0
118900009,0,0,0
118900010,0,0,0
118900011,3,0,3
118900012,0,0,0
118900013,0,0,0
118900015,2,1,1
118900016,1,2,-1
118900017,0,0,0
118900018,0,0,0
118900019,5,0,5
118900020,0,0,0
118900021,0,0,0
118900022,3,4,-1
118900023,0,0,0
118900024,0,0,0
118900025,0,0,0
118900026,2,4,-2
118900027,0,0,0
118900028,0,0,0
118900029,0,0,0
118900030,0,0,0
118900031,4,4,0
118900032,0,0,0
118900033,0,0,0
118900034,0,0,0
118900035,6,16,-10
118900036,19,40,-21
118900037,0,0,0
118900038,2,37,-35
118900039,0,0,0
118900040,4,3,1
118900041,0,0,0
118900042,2,8,-6
118900045,3,13,-10
118900046,91,14,77
118900047,37,5,32
118900048,0,0,0
118900049,0,0,0
118900050,2,35,-33
118900051,0,0,0
118900052,0,0,0
118900053,0,0,0
118900054,2,5,-3
118900055,4,35,-31
118900056,0,0,0
118900057,1,34,-33
118900058,0,0,0
118900059,0,0,0
118900060,0,11,-11
118900062,0,0,0
118900064,0,0,0
118900065,0,0,0
118900066,0,0,0
118900067,237,20,217
118900068,0,0,0
118900069,2,25,-23
118900071,0,0,0
118900072,0,0,0
118900073,0,17,-17
118900074,0,0,0
118900075,0,0,0
118900076,0,0,0
118900077,0,14,-14
118900078,0,0,0
118900079,0,0,0
118900080,0,0,0
118900081,0,0,0
118900082,1,7,-6
118900083,0,4,-4
118900084,0,0,0
118900085,10,64,-54
118900086,0,0,0
118900087,0,3,-3
118900088,0,4,-4
118900089,0,0,0
118900090,26,29,-3
118900091,0,0,0
118900092,1,24,-23
118900093,0,0,0
118900096,4,11,-7
118900097,7,69,-62
118900099,0,22,-22
118900100,0,0,0
118900101,0,22,-22
118900102,1,14,-13
118900103,4,9,-5
118900104,0,0,0
118900105,29,14,15
118900107,6,10,-4
118900108,0,17,-17
118900110,0,0,0
118900111,0,0,0
118900112,0,0,0
118900113,0,0,0
118900114,0,0,0
118900115,0,0,0
118900116,7,69,-62
118900117,1,52,-51
118900118,7,91,-84
118900119,4,39,-35
118900120,13,74,-61
118900121,0,0,0
118900122,0,20,-20
118900123,11,43,-32
118900124,0,0,0
118900126,0,39,-39
118900129,2,10,-8
118900130,0,0,0
118900131,2,74,-72
118900132,1,24,-23
118900133,0,0,0
118900135,18,28,-10
118900136,4,92,-88
118900137,0,0,0
118900139,0,0,0
118900140,24,93,-69
118900141,0,0,0
118900144,15,130,-115
118900145,0,0,0
118900146,6,87,-81
118900147,0,0,0
118900148,0,0,0
118900150,0,0,0
118900152,21,74,-53
118900157,0,0,0
118900158,0,0,0
118900159,0,0,0
118900161,0,0,0
118900163,0,0,0
118900164,0,0,0
118900165,3,29,-26
118900166,18,0,18
118900167,1,13,-12
118900168,0,7,-7
118900169,9,52,-43
118900170,2,12,-10
118900171,0,9,-9
118900174,3,1,2
118900175,0,34,-34
118900176,0,12,-12
118900177,1,0,1
118900178,0,8,-8
118900179,0,6,-6
118900181,12,2,10
118900182,2,4,-2
118900183,0,7,-7
118900184,4,0,4
118900185,2,15,-13
118900186,9,61,-52
118900187,0,0,0
118900188,0,0,0
118900189,1,41,-40
118900190,0,0,0
118900191,0,0,0
118900192,0,0,0
118900193,0,0,0
118900195,0,0,0
118900196,3,23,-20
118900197,0,0,0
118900198,0,9,-9
118900199,0,6,-6
118900200,0,0,0
118900201,2,0,2
118900202,0,7,-7
118900203,1,3,-2
118900204,0,4,-4
118900205,0,1,-1
118900206,0,4,-4
119000001,78,69,9
119000002,101,196,-95
119000003,78,219,-141
119000004,113,154,-41
119000005,109,176,-67
119000006,151,171,-20
119000007,190,315,-125
119000008,282,753,-471
119000009,505,585,-80
119000010,1694,1435,259
119000011,1064,465,599
119000012,1404,1159,245
119000013,734,408,326
119000014,473,1337,-864
119000019,4,17,-13
119000020,68,174,-106
119000021,259,174,85
119000022,115,128,-13
119000023,0,0,0
119000024,212,277,-65
119000025,1643,314,1329
119000026,0,2,-2
119000027,39,70,-31
119000028,347,289,58
119000029,0,1,-1
119000030,87,274,-187
119000031,161,372,-211
119000032,184,407,-223
119000033,512,468,44
119000034,205,354,-149
119000035,4,203,-199
119000036,128,259,-131
119000037,107,511,-404
119000038,86,242,-156
119000039,17,92,-75
119000040,663,55,608
119000041,658,101,557
119000048,2232,729,1503
119000049,179,817,-638
119000050,87,60,27
119000051,87,63,24
119000052,114,78,36
119000053,140,52,88
119000054,151,647,-496
119000055,326,467,-141
119000056,195,317,-122
119000057,82,368,-286
119000058,170,280,-110
119000059,29,26,3
119000060,65,183,-118
119000061,34,9,25
119000062,136,295,-159
119000063,69,76,-7
119000064,85,87,-2
119000065,32,192,-160
119000066,148,148,0
119000067,98,144,-46
119000068,175,249,-74
119000069,43,142,-99
119000070,223,245,-22
119000071,0,0,0
119000072,652,319,333
119000073,305,548,-243
119000074,70,468,-398
119000075,85,856,-771
119000076,0,0,0
119000077,0,0,0
119000078,0,0,0
119000079,0,0,0
119000080,0,1,-1
119000081,0,0,0
119000082,0,0,0
119000083,0,0,0
119000084,0,0,0
119000085,0,0,0
119000086,1,1,0
119000087,21,20,1
119000088,0,0,0
119000089,1,1,0
119000090,0,0,0
119000091,4,6,-2
119000092,0,0,0
119000093,610,490,120
119000094,400,673,-273
119000095,89,420,-331
119000097,463,243,220
119000098,148,243,-95
119000099,194,264,-70
119000100,296,381,-85
119000101,501,868,-367
119000102,15,27,-12
119000103,54,4,50
119000104,450,565,-115
119000105,0,0,0
119000106,40,523,-483
119000107,0,0,0
119000108,65,440,-375
119000109,1,3,-2
119000110,40,86,-46
119000111,0,20,-20
119000112,5,18,-13
119000113,121,6,115
119000114,0,10,-10
119000115,83,32,51
119000116,0,0,0
119000117,7,32,-25
119000118,1,3,-2
119000123,26,7,19
119000124,0,0,0
119000125,0,0,0
119000126,0,0,0
119000127,66,287,-221
119000128,31,6,25
119000131,121,390,-269
119000132,19,1,18
119000133,0,0,0
119000134,0,0,0
119000135,0,2,-2
119000136,7,46,-39
119000137,0,0,0
119000138,12,89,-77
119000139,0,0,0
119000140,7,32,-25
119000284,710,1565,-855
119000285,953,1518,-565
119000286,1247,1745,-498
119000287,221,788,-567
119000288,227,527,-300
119000289,320,945,-625
119000290,8,49,-41
119000291,14,196,-182
119000293,92,78,14
119000294,0,0,0
119000295,334,70,264
119000296,4,1,3
119000297,0,0,0
119000299,1,0,1
119000302,1599,163,1436
119000303,0,0,0
119000304,0,0,0
119000310,0,0,0
119000314,266,228,38
119000315,0,4,-4
119000316,2,24,-22
119000317,0,0,0
119900001,8,36,-28
119900002,0,0,0
119900003,1,36,-35
119900004,0,2,-2
119900005,0,0,0
119900006,2,15,-13
119900007,0,0,0
119900008,0,0,0
119900009,1,25,-24
119900010,0,69,-69
119900011,0,0,0
119900012,0,1,-1
119900013,83,64,19
119900014,5,5,0
119900015,0,0,0
119900016,0,0,0
119900017,0,0,0
119900018,0,0,0
119900019,0,0,0
119900020,0,0,0
119900021,0,0,0
119900022,0,0,0
119900023,0,0,0
119900025,0,0,0
119900026,0,0,0
119900027,0,0,0
119900028,0,0,0
119900029,0,0,0
119900030,0,4,-4
119900031,0,0,0
119900033,95,1,94
119900034,0,0,0
119900037,0,0,0
119900038,0,0,0
119900039,0,0,0
119900040,0,0,0
119900041,0,0,0
119900042,0,0,0
119900043,0,0,0
119900044,0,0,0
119900046,0,0,0
119900047,0,0,0
119900048,0,3,-3
119900049,0,0,0
119900050,0,0,0
119900051,0,0,0
119900052,0,0,0
119900053,0,0,0
119900054,0,0,0
119900055,5,11,-6
119900057,0,0,0
119900058,0,0,0
119900059,0,1,-1
119900060,0,0,0
119900061,0,0,0
119900062,0,0,0
119900063,0,0,0
119900065,0,0,0
119900067,0,0,0
119900068,0,0,0
119900069,0,0,0
119900070,0,0,0
119900071,0,0,0
119900073,0,0,0
119900074,0,0,0
119900075,361,116,245
119900076,1,36,-35
119900077,0,93,-93
119900078,0,0,0
119900079,0,0,0
119900080,0,8,-8
119900081,2,55,-53
119900082,0,4,-4
119900083,0,0,0
119900084,4,6,-2
119900085,30,0,30
119900086,4,190,-186
119900087,2,6,-4
119900088,2,7,-5
119900089,0,147,-147
119900090,7,6,1
119900091,1,193,-192
119900092,2,53,-51
119900093,21,4,17
119900094,8,33,-25
119900095,1,3,-2
119900096,2,4,-2
119900097,76,11,65
119900098,0,0,0
119900099,2,33,-31
119900100,382,148,234
119900101,7,117,-110
119900102,0,45,-45
119900103,1,53,-52
119900104,0,30,-30
119900105,31,224,-193
119900106,0,18,-18
119900107,16,160,-144
119900108,172,137,35
119900109,0,8,-8
119900110,21,87,-66
119900111,0,0,0
119900112,61,2,59
119900113,0,0,0
119900114,6,263,-257
119900115,0,0,0
119900116,0,0,0
119900117,9,131,-122
119900118,0,0,0
119900119,0,0,0
119900120,33,47,-14
119900121,1,34,-33
119900122,0,0,0
119900123,0,0,0
119900124,1,31,-30
119900125,0,0,0
119900126,347,11,336
119900127,0,0,0
119900128,0,0,0
119900129,1,15,-14
119900130,0,0,0
119900131,1,8,-7
119900132,0,0,0
119900133,0,3,-3
119900134,16,0,16
119900135,0,0,0
119900136,0,0,0
119900138,0,0,0
119900139,0,4,-4
119900140,0,2,-2
119900141,0,0,0
119900142,0,0,0
119900143,0,0,0
119900144,0,0,0
119900145,0,0,0
119900146,4,7,-3
119900147,0,0,0
119900148,0,0,0
119900149,0,1,-1
119900150,0,0,0
119900151,30,12,18
119900152,0,0,0
119900153,0,0,0
119900154,0,164,-164
119900155,0,5,-5
119900156,0,0,0
119900157,0,0,0
119900158,0,0,0
119900159,1,197,-196
119900160,1,18,-17
119900161,0,0,0
119900162,0,0,0
119900163,1,3,-2
119900164,0,0,0
119900165,0,0,0
119900166,0,0,0
119900167,1,4,-3
119900168,0,0,0
119900169,2,1,1
119900170,5,6,-1
119900171,0,0,0
119900172,0,0,0
119900173,0,71,-71
119900174,0,0,0
119900175,0,0,0
119900177,0,35,-35
119900178,0,0,0
119900179,0,0,0
119900180,0,0,0
119900181,0,0,0
119900182,0,36,-36
119900183,0,58,-58
119900184,7,3,4
119900185,0,0,0
119900186,0,0,0
119900187,0,52,-52
119900188,0,17,-17
119900189,9,4,5
119900190,0,0,0
119900191,0,0,0
119900192,2,8,-6
119900193,0,0,0
119900194,0,0,0
119900195,1,25,-24
119900196,0,0,0
119900197,0,0,0
119900198,2,25,-23
119900199,0,0,0
119900200,0,0,0
119900201,16,5,11
119900202,0,0,0
119900203,0,0,0
119900204,0,0,0
119900205,0,0,0
119900206,0,0,0
119900208,0,0,0
119900209,1,21,-20
119900210,0,1,-1
119900211,0,0,0
119900212,1,13,-12
119900213,0,5,-5
119900214,0,25,-25
119900215,0,16,-16
119900216,1,9,-8
119900217,0,13,-13
119900218,0,5,-5
119900219,0,4,-4
119900220,0,4,-4
119900221,0,3,-3
119900222,0,0,0
119900223,0,0,0
119900224,0,0,0
119900225,0,0,0
119900226,0,0,0
119900227,201,16,185
119900228,0,0,0
119900229,0,0,0
119900230,0,0,0
119900231,0,0,0
119900232,0,0,0
119900233,0,0,0
119900234,0,1,-1
119900235,0,0,0
119900236,0,0,0
119900237,0,0,0
119900238,0,8,-8
119900240,0,15,-15
119900241,7,47,-40
119900242,0,21,-21
119900244,0,0,0
119900245,0,2,-2
119900246,0,0,0
119900247,0,0,0
119900248,0,0,0
119900249,0,0,0
119900253,0,1,-1
119900254,0,0,0
119900255,4,119,-115
119900256,1,98,-97
119900257,0,0,0
119900258,0,0,0
119900259,0,23,-23
119900260,0,0,0
119900261,0,0,0
119900262,1,38,-37
119900263,22,49,-27
119900264,0,0,0
119900265,0,0,0
119900266,0,0,0
119900267,0,0,0
119900268,0,0,0
119900269,0,9,-9
119900271,0,0,0
119900272,0,0,0
119900275,0,1,-1
119900276,0,0,0
119900277,0,0,0
119900278,5,0,5
119900279,2,0,2
119900280,73,10,63
119900281,0,18,-18
119900282,0,0,0
119900283,0,0,0
119900284,1,28,-27
119900285,0,0,0
119900286,0,0,0
119900288,0,17,-17
119900289,0,7,-7
119900290,0,11,-11
119900291,0,2,-2
119900292,1,3,-2
119900293,0,2,-2
119900294,1,3,-2
119900295,0,10,-10
119900296,0,22,-22
119900297,0,7,-7
119900298,3,2,1
119900299,0,0,0
119900300,0,1,-1
119900301,0,0,0
119900302,0,2,-2
119900303,1,4,-3
119900304,0,2,-2
119900305,0,0,0
119900306,0,0,0
119900307,0,0,0
119900308,0,0,0
119900309,0,0,0
119900310,4,10,-6
119900311,0,0,0
119900312,0,0,0
119900313,0,0,0
119900314,0,0,0
119900315,4,199,-195
119900318,0,0,0
119900319,0,38,-38
119900320,1,91,-90
119900321,0,0,0
120000001,815,321,494
120000002,371,971,-600
120000003,651,753,-102
120000004,730,961,-231
120000005,4682,1110,3572
120000006,404,646,-242
120000007,646,1340,-694
120000008,238,810,-572
120000009,659,399,260
120000010,324,1046,-722
120000011,172,743,-571
120000012,428,1313,-885
120000013,310,815,-505
120000014,59,443,-384
120000015,367,724,-357
120000016,317,82,235
120000017,46,83,-37
120000018,595,423,172
120000019,105,161,-56
120000020,458,347,111
120000021,332,323,9
120000022,2238,534,1704
120000023,194,316,-122
120000024,265,494,-229
120000025,253,585,-332
120000026,71,629,-558
120000027,372,958,-586
120000028,56,302,-246
120000029,186,100,86
120000030,3,44,-41
120000031,228,165,63
120000032,2141,452,1689
120000033,157,290,-133
120000034,53,457,-404
120000035,52,209,-157
120000036,123,387,-264
120000037,0,2,-2
120000038,1681,236,1445
120000039,28,102,-74
120000040,3,13,-10
120000041,26,183,-157
120000042,56,774,-718
120000043,127,253,-126
120000044,190,165,25
120000045,207,134,73
120000046,115,182,-67
120000047,142,227,-85
120000048,1167,413,754
120000049,245,468,-223
120000050,218,769,-551
120000051,865,856,9
120000052,2018,241,1777
120000053,73,585,-512
120000054,177,1441,-1264
120000055,104,890,-786
120000056,89,998,-909
120000057,64,263,-199
120000058,4,38,-34
120000059,4,26,-22
120000061,29,239,-210
120000062,13,84,-71
120000063,408,857,-449
120000064,33,450,-417
120000065,50,431,-381
120000066,12,94,-82
120000067,1,80,-79
120000068,20,325,-305
120000069,85,490,-405
120000070,4,206,-202
120000071,5,42,-37
120000072,50,210,-160
120000073,48,44,4
120000074,3,25,-22
120000075,28,58,-30
120000076,68,135,-67
120000077,86,177,-91
120000078,448,192,256
120000079,0,4,-4
120000080,2,1,1
120000081,2,2,0
120000082,1,6,-5
120000083,1,16,-15
120000084,22,52,-30
120000085,48,76,-28
120000086,30,148,-118
120000087,9,344,-335
120000088,24,77,-53
120000089,0,0,0
120000090,0,0,0
120000091,0,0,0
120000092,0,0,0
120000093,0,0,0
120000094,0,0,0
120000095,32,71,-39
120000096,14,151,-137
120000098,38,133,-95
120000099,18,97,-79
120000100,48,125,-77
120000101,35,70,-35
120000102,37,56,-19
120000103,42,59,-17
120000104,46,25,21
120000105,67,19,48
120000106,53,38,15
120000107,96,22,74
120000108,29,0,29
120000109,69,4,65
120000110,28,308,-280
120000111,31,397,-366
120000112,148,1148,-1000
120000113,108,774,-666
120000114,75,601,-526
120000115,61,677,-616
120000116,148,640,-492
120000117,432,628,-196
120000118,0,0,0
120000119,0,0,0
120000120,0,0,0
120000121,0,0,0
120000122,0,0,0
120000123,90,64,26
120000124,8,16,-8
120000125,29,77,-48
120000126,9,48,-39
120000127,61,66,-5
120000128,148,139,9
120000129,5,3,2
120000130,0,1,-1
120000131,27,91,-64
120000134,0,0,0
120000135,3,44,-41
120000137,0,0,0
120000138,2,19,-17
120000139,0,0,0
120000140,12,33,-21
120000141,0,0,0
120000142,2,25,-23
120000143,0,1,-1
120000144,0,0,0
120000145,4,0,4
120000146,281,125,156
120000149,46,83,-37
120000150,59,115,-56
120000151,1,0,1
120000152,0,0,0
120000153,22,209,-187
120000154,74,409,-335
120000155,0,1,-1
120000156,1,0,1
120000157,0,0,0
120000158,107,374,-267
120000159,389,1945,-1556
120000160,533,189,344
120000161,123,427,-304
120000162,5,37,-32
120000163,43,528,-485
120000164,39,195,-156
120000165,23,280,-257
120000166,27,194,-167
120000167,3,5,-2
120000168,3,6,-3
120000169,84,16,68
120000170,86,8,78
120000171,29,4,25
120000172,7,0,7
120000173,165,3,162
120000174,41,1,40
120000175,18,0,18
120000176,11,44,-33
120000177,103,238,-135
120000178,3,2,1
120000179,21,5,16
120000180,42,16,26
120000181,2,16,-14
120000182,11,23,-12
120000183,0,42,-42
120000184,4,813,-809
120000186,0,1,-1
120000187,0,0,0
120000188,0,4,-4
120000190,0,0,0
120000191,0,0,0
120000192,0,0,0
120000193,0,0,0
120000195,0,0,0
120000196,0,0,0
120000197,0,0,0
120000198,0,7,-7
120000199,0,0,0
120000200,0,0,0
120000201,0,0,0
120000202,0,9,-9
120000203,0,38,-38
120000207,0,0,0
120000208,0,0,0
120000209,0,0,0
120000210,0,0,0
120000211,0,0,0
120000212,0,0,0
120000213,0,0,0
120000214,0,0,0
120000215,0,0,0
120000216,0,0,0
120000217,36,131,-95
120000218,19,205,-186
120000219,0,132,-132
120000220,4,451,-447
120000225,0,0,0
120000226,0,0,0
120000227,0,0,0
120000228,888,176,712
120000230,0,0,0
120000231,0,0,0
120000233,0,0,0
120000235,55,235,-180
120000236,0,0,0
120000237,0,313,-313
120000238,0,8,-8
120000241,0,0,0
120000412,0,0,0
120000413,0,0,0
120000414,0,0,0
120000415,0,0,0
120000416,0,0,0
120000417,0,0,0
120000418,0,0,0
120000419,0,0,0
120000420,0,0,0
120000421,2574,3485,-911
120000422,59,32,27
120000423,0,10,-10
120000424,0,11,-11
120000436,20,9,11
120000437,68,40,28
120000438,310,91,219
120000439,9,66,-57
120000443,0,0,0
120000444,21,135,-114
120000445,47,62,-15
120000446,62,6,56
120000447,0,0,0
120000449,0,0,0
120000450,0,0,0
120000451,5,12,-7
120000452,0,0,0
120000453,1,240,-239
120000454,0,0,0
120000455,7,18,-11
120000456,392,417,-25
120000457,94,41,53
120000458,123,213,-90
120000459,0,0,0
120000665,38,6,32
120000668,13,51,-38
120000669,0,0,0
120000670,8,21,-13
120000671,96,90,6
120000672,28,169,-141
120900001,0,0,0
120900002,0,0,0
120900003,0,0,0
120900004,0,0,0
120900005,0,0,0
120900006,0,0,0
120900007,1,4,-3
120900008,0,9,-9
120900009,0,0,0
120900010,2,4,-2
120900011,0,0,0
120900012,20,5,15
120900013,0,0,0
120900014,0,0,0
120900015,0,0,0
120900016,0,0,0
120900017,121,15,106
120900018,0,0,0
120900019,1,5,-4
120900020,3,5,-2
120900021,0,0,0
120900022,0,0,0
120900023,0,0,0
120900024,51,35,16
120900025,4,0,4
120900026,0,0,0
120900027,0,0,0
120900028,3,1,2
120900029,0,0,0
120900030,0,2,-2
120900031,0,0,0
120900032,0,0,0
120900033,0,0,0
120900034,0,0,0
120900035,0,0,0
120900037,1,0,1
120900038,0,0,0
120900039,0,0,0
120900040,0,0,0
120900041,0,0,0
120900042,0,0,0
120900043,0,0,0
120900044,0,0,0
120900045,0,0,0
120900046,3,0,3
120900047,0,0,0
120900048,0,0,0
120900049,0,0,0
120900050,0,0,0
120900051,0,0,0
120900052,0,0,0
120900053,0,0,0
120900054,0,0,0
120900055,9,0,9
120900056,0,0,0
120900057,0,1,-1
120900058,0,0,0
120900059,0,0,0
120900060,0,0,0
120900061,0,0,0
120900062,3,0,3
120900063,0,0,0
120900064,0,0,0
120900065,0,0,0
120900066,0,61,-61
120900067,0,0,0
120900068,0,0,0
120900069,0,0,0
120900071,0,0,0
120900072,0,0,0
120900073,0,0,0
120900074,0,0,0
120900076,0,1,-1
120900077,0,1,-1
120900078,0,133,-133
120900079,0,9,-9
120900080,1,171,-170
120900081,0,0,0
120900082,0,13,-13
120900083,0,1,-1
120900084,0,0,0
120900085,0,0,0
120900086,5,5,0
120900087,0,0,0
120900088,0,0,0
120900089,169,25,144
120900090,0,0,0
120900091,0,0,0
120900092,13,27,-14
120900093,0,0,0
120900094,61,25,36
120900095,0,0,0
120900096,0,1,-1
120900097,25,78,-53
120900098,0,0,0
120900099,0,8,-8
120900100,1,8,-7
120900101,0,0,0
120900102,0,0,0
120900103,0,5,-5
120900104,0,3,-3
120900105,0,0,0
120900106,184,66,118
120900107,37,11,26
120900108,0,0,0
120900109,4,110,-106
120900110,0,0,0
120900111,1,37,-36
120900112,0,0,0
120900113,1,163,-162
120900114,3,30,-27
120900115,16,22,-6
120900116,0,51,-51
120900117,0,0,0
120900118,0,165,-165
120900119,0,0,0
120900120,5,69,-64
120900121,8,56,-48
120900122,0,59,-59
120900123,0,5,-5
120900124,2,123,-121
120900125,1,92,-91
120900126,68,53,15
120900127,0,16,-16
120900128,117,158,-41
120900129,4,62,-58
120900130,0,94,-94
120900131,0,0,0
120900132,0,0,0
120900133,21,165,-144
120900134,33,50,-17
120900135,0,103,-103
120900136,0,0,0
120900137,0,0,0
120900138,1,28,-27
120900139,0,153,-153
120900140,0,0,0
120900141,0,0,0
120900142,1,126,-125
120900143,0,153,-153
120900144,1,46,-45
120900145,2,129,-127
120900146,2,131,-129
120900147,1,3,-2
120900148,0,4,-4
120900149,0,84,-84
120900150,3,56,-53
120900151,0,121,-121
120900152,1,5,-4
120900153,0,0,0
120900154,0,42,-42
120900155,10,253,-243
120900156,0,100,-100
120900157,1,5,-4
120900158,2,121,-119
120900159,0,23,-23
120900160,25,86,-61
120900161,0,68,-68
120900162,0,90,-90
120900163,0,0,0
120900164,0,0,0
120900165,0,0,0
120900166,1,6,-5
120900167,0,6,-6
120900169,3,65,-62
120900170,47,17,30
120900171,74,10,64
120900172,0,0,0
120900173,0,13,-13
120900174,0,15,-15
120900175,0,0,0
120900176,0,10,-10
120900177,0,5,-5
120900178,0,4,-4
120900179,56,34,22
120900180,1,0,1
120900181,0,0,0
120900182,0,0,0
120900183,0,0,0
120900184,0,0,0
120900185,0,2,-2
120900186,1,86,-85
120900187,0,14,-14
120900188,0,1,-1
120900189,0,0,0
120900190,0,0,0
120900191,0,0,0
120900192,259,26,233
120900194,0,0,0
120900195,9,16,-7
120900196,0,0,0
120900197,0,0,0
120900198,8,67,-59
120900199,0,0,0
120900200,0,0,0
120900201,89,17,72
120900202,0,27,-27
120900203,0,0,0
120900204,128,79,49
120900205,0,0,0
120900206,0,0,0
120900207,7,113,-106
121000001,301,458,-157
121000002,302,181,121
121000003,2050,854,1196
121000004,665,322,343
121000005,1159,851,308
121000006,1049,431,618
121000007,1282,1353,-71
121000008,1114,500,614
121000009,3224,2306,918
121000010,3320,758,2562
121000011,6808,1966,4842
121000012,6074,1099,4975
121000013,3563,2445,1118
121000014,3682,1849,1833
121000015,1582,2475,-893
121000016,3461,2074,1387
121000017,356,806,-450
121000018,778,483,295
121000019,4593,2046,2547
121000020,4132,1574,2558
121000021,862,1070,-208
121000022,700,612,88
121000023,1234,994,240
121000024,781,1385,-604
121000025,240,75,165
121000026,48,34,14
121000027,1116,200,916
121000028,146,76,70
121000029,17,86,-69
121000030,53,45,8
121000031,49,105,-56
121000032,53,41,12
121000034,0,0,0
121000035,9,36,-27
121000036,60,74,-14
121000037,189,178,11
121000038,184,213,-29
121000039,28,40,-12
121000041,20,48,-28
121000042,0,0,0
121000043,59,15,44
121000044,164,150,14
121000045,11,28,-17
121000046,16,97,-81
121000047,20,11,9
121000049,454,257,197
121000050,75,665,-590
121000051,43,44,-1
121000052,37,192,-155
121000053,0,0,0
121000054,7,119,-112
121000055,474,261,213
121000056,303,357,-54
121000057,49,61,-12
121000058,166,83,83
121000059,95,124,-29
121000060,129,102,27
121000061,5,48,-43
121000062,49,10,39
121000063,228,330,-102
121000064,51,67,-16
121000065,20,70,-50
121000066,93,59,34
121000067,183,50,133
121000068,0,4,-4
121000069,0,1,-1
121000070,163,191,-28
121000071,129,205,-76
121000072,125,118,7
121000073,208,200,8
121000074,33,34,-1
121000075,7,21,-14
121000076,70,20,50
121000077,0,0,0
121000078,45,50,-5
121000080,535,207,328
121000081,307,374,-67
121000082,93,157,-64
121000083,0,0,0
121000084,70,103,-33
121000085,447,248,199
121000086,0,0,0
121000087,0,0,0
121000088,154,277,-123
121000089,0,0,0
121000090,102,230,-128
121000091,877,697,180
121000092,89,40,49
121000093,30,80,-50
121000094,107,74,33
121000095,0,0,0
121000096,2137,858,1279
121000097,398,397,1
121000098,159,241,-82
121000099,147,254,-107
121000100,90,212,-122
121000101,0,0,0
121000102,21,106,-85
121000103,0,0,0
121000104,7,62,-55
121000105,35,103,-68
121000106,0,0,0
121000107,1192,1190,2
121000109,653,719,-66
121000110,75,80,-5
121000114,1001,1142,-141
121000115,279,352,-73
121000116,171,264,-93
121000117,81,4,77
121000118,122,11,111
121000119,31,16,15
121000120,0,0,0
121000121,0,0,0
121000123,0,0,0
121000127,1,16,-15
121000128,88,238,-150
121000129,45,156,-111
121000130,138,166,-28
121000131,212,211,1
121000132,258,161,97
121000135,29,22,7
121000136,125,35,90
121000137,112,3,109
121000138,77,83,-6
121000139,148,55,93
121000141,21,55,-34
121000142,224,95,129
121000143,0,0,0
121000144,44,68,-24
121000145,46,190,-144
121000146,120,80,40
121000147,113,98,15
121000148,67,146,-79
121000149,359,300,59
121000152,104,61,43
121000153,304,124,180
121000154,228,18,210
121000155,225,206,19
121000156,120,221,-101
121000157,271,117,154
121000158,56,79,-23
121000159,10,79,-69
121000160,18,119,-101
121000161,0,1,-1
121000162,0,4,-4
121000165,0,0,0
121000166,8,29,-21
121000168,32,59,-27
121000169,9,91,-82
121000170,97,35,62
121000171,24,123,-99
121000172,154,172,-18
121000173,326,213,113
121000174,44,199,-155
121000175,76,105,-29
121000176,296,114,182
121000177,61,99,-38
121000178,21,15,6
121000179,2,24,-22
121000181,83,115,-32
121000182,112,38,74
121000183,21,6,15
121000184,2,5,-3
121000185,0,0,0
121000186,20,67,-47
121000187,0,0,0
121000188,0,0,0
121000192,94,53,41
121000193,78,141,-63
121000194,1450,752,698
121000195,61,334,-273
121000196,0,0,0
121000197,21,132,-111
121000198,23,62,-39
121000199,22,341,-319
121000200,47,36,11
121000201,1,50,-49
121000202,16,1,15
121000203,7,168,-161
121000204,51,18,33
121000205,37,260,-223
121000206,23,36,-13
121000207,93,70,23
121000208,3,103,-100
121000209,25,331,-306
121000210,63,121,-58
121000211,8,54,-46
121000212,95,192,-97
121000213,172,204,-32
121000214,92,153,-61
121000215,223,203,20
121000216,38,95,-57
121000217,647,212,435
121000218,103,594,-491
121000219,161,86,75
121000220,145,96,49
121000221,40,29,11
121000222,637,1023,-386
121000223,41,112,-71
121000224,0,0,0
121000225,142,111,31
121000226,85,71,14
121000227,1,80,-79
121000228,7,615,-608
121000229,4,265,-261
121000230,36,1221,-1185
121000231,0,0,0
121000232,0,0,0
121000233,6,24,-18
121000234,0,0,0
121000235,0,1,-1
121000236,0,0,0
121000237,0,0,0
121000238,0,0,0
121000239,0,0,0
121000240,0,0,0
121000241,2,0,2
121000242,0,0,0
121000243,2,0,2
121000244,0,0,0
121000245,2,0,2
121000246,0,0,0
121000247,1,0,1
121000248,1,1,0
121000249,9,66,-57
121000250,17,2,15
121000251,5,216,-211
121000252,5,5,0
121000253,63,348,-285
121000254,111,48,63
121000255,22,39,-17
121000256,12,19,-7
121000257,10,18,-8
121000258,13,7,6
121000259,10,8,2
121000260,13,51,-38
121000261,5,5,0
121000262,410,135,275
121000263,139,203,-64
121000271,57,306,-249
121000273,1,8,-7
121000274,1,2,-1
121000275,5,34,-29
121000276,0,0,0
121000278,0,1,-1
121000279,12,12,0
121000280,0,1,-1
121000289,0,0,0
121000290,264,288,-24
121000294,4,43,-39
121000297,102,109,-7
121000299,6,115,-109
121000300,142,98,44
121000302,39,107,-68
121000303,185,61,124
121000304,0,0,0
121000305,0,0,0
121000306,0,0,0
121000308,98,80,18
121000309,391,162,229
121000310,23,151,-128
121000311,37,498,-461
121000312,0,0,0
121000313,94,195,-101
121000314,102,56,46
121000315,64,23,41
121000530,144,193,-49
121000531,162,216,-54
121000532,1115,403,712
121000533,934,343,591
121000918,0,61,-61
121000919,0,0,0
121000938,90,34,56
121000939,66,7,59
121000956,96,258,-162
121000957,6,67,-61
121000958,3,80,-77
121000959,84,365,-281
121000960,80,526,-446
121000961,18,0,18
121000962,0,0,0
121000973,1,125,-124
121000976,0,0,0
121000979,0,0,0
121000981,6,1,5
121000982,0,0,0
121000983,27,196,-169
121000984,2,8,-6
121000985,44,72,-28
121000986,0,28,-28
121000987,46,643,-597
121000988,103,12,91
121001302,108,48,60
121001308,2,4,-2
121001309,9,2,7
121001311,0,0,0
121001313,6,148,-142
121001314,3332,2357,975
121001315,1457,720,737
121001326,11,16,-5
121900001,0,0,0
121900002,0,2,-2
121900003,0,0,0
121900004,0,0,0
121900005,0,1,-1
121900006,0,0,0
121900007,0,0,0
121900008,0,0,0
121900009,0,0,0
121900010,0,0,0
121900011,0,0,0
121900012,0,0,0
121900013,0,0,0
121900014,0,0,0
121900015,0,0,0
121900016,0,0,0
121900017,0,0,0
121900018,0,0,0
121900019,0,0,0
121900020,0,0,0
121900021,0,0,0
121900022,0,0,0
121900023,0,0,0
121900024,0,0,0
121900025,0,0,0
121900026,0,0,0
121900027,0,0,0
121900028,0,0,0
121900029,0,0,0
121900030,0,0,0
121900031,0,0,0
121900032,0,0,0
121900033,0,0,0
121900034,0,0,0
121900035,0,0,0
121900036,0,0,0
121900037,0,0,0
121900038,0,0,0
121900039,0,0,0
121900040,0,0,0
121900041,0,0,0
121900042,0,0,0
121900043,0,0,0
121900044,0,0,0
121900046,0,0,0
121900047,0,0,0
121900048,0,0,0
121900050,0,0,0
121900051,0,0,0
121900052,0,0,0
121900053,29,55,-26
121900054,0,0,0
121900055,0,0,0
121900058,0,0,0
121900059,0,0,0
121900060,0,0,0
121900061,0,0,0
121900062,0,0,0
121900063,0,0,0
121900064,0,0,0
121900066,0,0,0
121900067,0,0,0
121900069,0,0,0
121900070,0,0,0
121900071,0,0,0
121900072,0,0,0
121900073,0,0,0
121900074,0,0,0
121900075,0,0,0
121900076,0,0,0
121900078,0,0,0
121900079,0,0,0
121900080,0,0,0
121900082,0,0,0
121900084,0,0,0
121900086,0,0,0
121900087,0,0,0
121900088,0,0,0
121900089,0,0,0
121900090,0,0,0
121900091,0,0,0
121900092,0,0,0
121900093,0,0,0
121900094,0,0,0
121900095,0,0,0
121900096,0,0,0
121900097,0,0,0
121900098,0,0,0
121900099,0,0,0
121900100,0,0,0
121900101,0,0,0
121900102,0,0,0
121900103,0,0,0
121900104,0,0,0
121900105,0,0,0
121900106,0,0,0
121900107,0,0,0
121900108,0,0,0
121900109,0,0,0
121900110,0,0,0
121900111,0,0,0
121900112,0,0,0
121900113,0,0,0
121900114,0,0,0
121900117,0,0,0
121900118,0,0,0
121900119,0,0,0
121900120,0,0,0
121900121,0,0,0
121900122,0,0,0
121900123,0,0,0
121900124,0,0,0
121900125,0,0,0
121900127,0,0,0
121900128,0,0,0
121900129,0,0,0
121900130,0,0,0
121900131,0,0,0
121900132,0,0,0
121900133,0,0,0
121900134,0,0,0
121900135,0,0,0
121900136,0,0,0
121900137,0,0,0
121900138,0,0,0
121900139,0,0,0
121900140,0,0,0
121900141,0,0,0
121900142,0,0,0
121900143,0,0,0
121900144,0,0,0
121900145,0,0,0
121900146,0,0,0
121900147,0,0,0
121900148,0,0,0
121900149,0,0,0
121900150,1,1,0
121900151,0,0,0
121900152,0,0,0
121900153,0,0,0
121900154,0,0,0
121900155,0,0,0
121900156,0,0,0
121900157,0,0,0
121900158,0,1,-1
121900159,0,0,0
121900160,0,0,0
121900161,0,0,0
121900162,1,0,1
121900163,0,0,0
121900164,0,0,0
121900165,0,0,0
121900166,0,0,0
121900167,0,0,0
121900168,0,0,0
121900169,2,67,-65
121900170,0,0,0
121900171,0,0,0
121900172,0,0,0
121900173,0,0,0
121900174,0,0,0
121900175,0,0,0
121900176,16,97,-81
121900177,0,0,0
121900178,0,0,0
121900179,0,0,0
121900180,17,0,17
121900182,0,0,0
121900183,0,0,0
121900184,0,0,0
121900186,0,0,0
121900187,0,4,-4
121900188,0,0,0
121900189,0,0,0
121900190,0,0,0
121900191,0,0,0
121900192,0,0,0
121900193,0,0,0
121900194,0,0,0
121900195,0,0,0
121900196,0,0,0
121900197,17,59,-42
121900198,0,0,0
121900199,0,0,0
121900200,0,0,0
121900201,0,0,0
121900202,0,0,0
121900203,0,0,0
121900204,0,0,0
121900205,0,0,0
121900206,0,0,0
121900207,0,0,0
121900208,0,0,0
121900209,0,0,0
121900210,0,0,0
121900211,0,0,0
121900212,0,0,0
121900213,0,0,0
121900214,0,0,0
121900215,0,0,0
121900216,0,0,0
121900217,0,0,0
121900218,0,0,0
121900220,0,0,0
121900221,0,0,0
121900222,0,0,0
121900223,0,0,0
121900224,0,0,0
121900225,0,0,0
121900226,0,0,0
121900227,0,0,0
121900228,0,0,0
121900230,0,0,0
121900231,0,0,0
121900232,0,0,0
121900233,0,0,0
121900234,0,0,0
121900235,0,0,0
121900236,0,0,0
121900237,0,0,0
121900238,0,0,0
121900239,0,0,0
121900240,0,0,0
121900241,0,0,0
121900242,0,0,0
121900243,0,0,0
121900244,0,0,0
121900245,0,0,0
121900246,0,0,0
121900248,0,0,0
121900250,0,0,0
121900251,0,0,0
121900252,0,0,0
121900253,4,19,-15
121900254,0,0,0
121900255,0,0,0
121900258,0,0,0
121900259,0,0,0
121900260,0,0,0
121900261,0,0,0
121900262,0,0,0
121900263,0,0,0
121900264,0,0,0
121900265,0,0,0
121900266,0,0,0
121900267,0,0,0
121900269,0,0,0
121900270,0,0,0
121900271,0,0,0
121900273,0,0,0
121900274,0,0,0
121900277,0,0,0
121900278,0,0,0
121900279,0,0,0
121900280,0,0,0
121900281,0,0,0
121900284,0,0,0
121900286,1,13,-12
121900287,0,2,-2
121900288,0,0,0
121900290,0,0,0
121900291,16,26,-10
121900292,0,0,0
121900293,26,211,-185
121900294,0,0,0
121900295,0,0,0
121900296,0,0,0
121900298,0,0,0
121900299,0,0,0
121900300,0,0,0
121900301,0,0,0
121900302,0,0,0
121900303,0,0,0
121900304,0,0,0
121900305,0,0,0
121900306,0,0,0
121900307,0,0,0
121900308,2,25,-23
121900309,1,16,-15
121900310,0,48,-48
121900311,0,0,0
121900312,0,0,0
121900313,0,0,0
121900314,0,0,0
121900315,0,0,0
121900316,0,0,0
121900317,0,0,0
121900318,0,0,0
121900319,0,0,0
121900320,0,0,0
121900321,0,0,0
121900322,0,0,0
121900323,0,0,0
121900324,0,0,0
121900325,0,0,0
121900326,0,0,0
121900327,0,0,0
121900328,0,0,0
121900329,0,0,0
121900330,0,0,0
121900331,0,0,0
121900332,0,0,0
121900333,0,0,0
121900334,0,0,0
122000001,723,913,-190
122000002,821,356,465
122000003,558,431,127
122000004,503,242,261
122000005,137,188,-51
122000006,137,87,50
122000007,158,146,12
122000008,1022,408,614
122000009,165,17,148
122000010,356,268,88
122000011,358,104,254
122000012,194,217,-23
122000013,167,211,-44
122000014,134,106,28
122000015,139,82,57
122000016,167,138,29
122000017,375,219,156
122000018,290,329,-39
122000019,147,340,-193
122000020,35,24,11
122000021,176,49,127
122000022,242,57,185
122000023,113,32,81
122000024,100,142,-42
122000025,102,170,-68
122000026,34,19,15
122000027,224,385,-161
122000028,0,0,0
122000029,0,0,0
122000030,98,64,34
122000031,0,0,0
122000032,42,23,19
122000033,33,46,-13
122000034,214,230,-16
122000035,292,226,66
122000036,57,264,-207
122000037,170,24,146
122000038,67,43,24
122000039,200,152,48
122000040,123,104,19
122000041,0,0,0
122000042,0,0,0
122000043,0,0,0
122000044,0,1,-1
122000045,9,9,0
122000046,17,15,2
122000047,168,48,120
122000048,756,422,334
122000049,1057,845,212
122000050,183,211,-28
122000051,0,0,0
122000052,4,4,0
122000053,14,182,-168
122000054,433,327,106
122000055,503,619,-116
122000056,850,790,60
122000057,1317,851,466
122000058,719,687,32
122000059,871,713,158
122000060,237,199,38
122000061,106,37,69
122000062,349,92,257
122000063,76,147,-71
122000064,756,906,-150
122000065,1070,802,268
122000066,358,267,91
122000067,197,440,-243
122000068,215,156,59
122000069,827,205,622
122000070,35,30,5
122000071,46,36,10
122000072,148,54,94
122000073,95,114,-19
122000074,10,5,5
122000075,7,4,3
122000076,116,84,32
122000077,166,268,-102
122000078,341,673,-332
122000079,182,257,-75
122000080,49,49,0
122000081,21,30,-9
122000082,0,0,0
122000083,234,286,-52
122000084,181,241,-60
122000085,170,173,-3
122000086,329,433,-104
122000087,6,7,-1
122000088,57,79,-22
122000089,764,368,396
122000090,16,34,-18
122000091,11,15,-4
122000092,5,1,4
122000093,224,683,-459
122000094,1293,355,938
122000095,796,393,403
122000096,168,32,136
122000098,1426,880,546
122000099,89,194,-105
122000100,73,85,-12
122000101,3,20,-17
122000102,551,229,322
122000103,159,211,-52
122000104,53,23,30
122000105,8,27,-19
122000106,41,72,-31
122000107,28,27,1
122000108,143,168,-25
122000109,2,16,-14
122000110,112,166,-54
122000111,380,93,287
122000112,55,68,-13
122000113,45,65,-20
122000114,814,1155,-341
122000115,1020,439,581
122000116,267,78,189
122000117,115,16,99
122000118,45,29,16
122000119,509,434,75
122000120,509,736,-227
122000121,647,346,301
122000122,143,247,-104
122000123,364,75,289
122000124,121,62,59
122000125,952,215,737
122000126,163,204,-41
122000127,265,449,-184
122000128,99,207,-108
122000129,60,19,41
122000130,63,22,41
122000131,50,18,32
122000132,266,63,203
122000133,127,452,-325
122000134,126,129,-3
122000135,116,551,-435
122000136,5,15,-10
122000137,38,44,-6
122000139,364,344,20
122000140,445,72,373
122000141,922,159,763
122000142,65,230,-165
122000143,32,23,9
122000144,53,31,22
122000145,53,107,-54
122000146,0,0,0
122000147,11,12,-1
122000148,1272,528,744
122000149,305,91,214
122000150,58,32,26
122000151,103,117,-14
122000152,65,110,-45
122000153,0,0,0
122000154,0,0,0
122000155,159,100,59
122000156,1915,1227,688
122000157,833,715,118
122000158,46,89,-43
122000159,31,49,-18
122000160,155,47,108
122000161,73,34,39
122000162,134,47,87
122000163,1,0,1
122000164,0,4,-4
122000165,48,91,-43
122000166,18,8,10
122000167,138,115,23
122000168,1,5,-4
122000169,133,93,40
122000170,59,117,-58
122000171,49,71,-22
122000172,171,319,-148
122000173,182,419,-237
122000174,513,510,3
122000175,421,113,308
122000176,8,6,2
122000177,391,816,-425
122000178,37,8,29
122000179,283,254,29
122000180,389,779,-390
122000181,885,1846,-961
122000182,205,28,177
122000183,267,24,243
122000184,5006,864,4142
122000185,1086,707,379
122000186,82,136,-54
122000187,47,97,-50
122000188,177,81,96
122000189,0,0,0
122000190,15,192,-177
122000191,71,21,50
122000192,114,2,112
122000193,4,14,-10
122000194,67,25,42
122000195,1,12,-11
122000196,31,55,-24
122000197,34,16,18
122000198,94,107,-13
122000199,47,46,1
122000200,75,31,44
122000201,1179,1160,19
122000202,668,689,-21
122000203,552,553,-1
122000204,212,474,-262
122000205,186,302,-116
122000206,131,32,99
122000207,37,68,-31
122000208,25,149,-124
122000209,6,2,4
122000210,193,612,-419
122000211,176,389,-213
122000212,125,91,34
122000213,171,190,-19
122000214,209,365,-156
122000215,300,299,1
122000217,453,576,-123
122000218,0,0,0
122000219,466,535,-69
122000220,93,354,-261
122000221,14,52,-38
122000222,90,7,83
122000223,169,201,-32
122000225,167,66,101
122000226,129,685,-556
122000227,59,425,-366
122000228,58,219,-161
122000229,8,192,-184
122000230,4,187,-183
122000231,8,187,-179
122000232,7,237,-230
122000233,0,0,0
122000234,10,9,1
122000235,9,5,4
122000236,32,7,25
122000237,4,5,-1
122000238,24,16,8
122000239,3,15,-12
122000240,21,7,14
122000241,0,0,0
122000242,2,2,0
122000243,0,0,0
122000244,3,151,-148
122000245,33,127,-94
122000246,33,42,-9
122000247,102,299,-197
122000248,228,471,-243
122000249,47,32,15
122000250,70,29,41
122000251,94,109,-15
122000252,45,8,37
122000253,8,107,-99
122000254,6,10,-4
122000255,54,56,-2
122000256,161,1195,-1034
122000257,29,217,-188
122000258,59,51,8
122000259,1,132,-131
122000260,0,36,-36
122000261,0,7,-7
122000262,0,26,-26
122000263,4,44,-40
122000264,0,0,0
122000265,0,0,0
122000266,0,0,0
122000267,0,0,0
122000268,0,0,0
122000269,0,0,0
122000270,0,0,0
122000271,1,1,0
122000272,1,1,0
122000273,13,15,-2
122000274,1,4,-3
122000275,1,1,0
122000276,29,75,-46
122000277,139,206,-67
122000278,93,84,9
122000279,40,314,-274
122000280,200,410,-210
122000281,93,345,-252
122000282,3,24,-21
122000283,158,27,131
122000284,37,36,1
122000285,131,104,27
122000286,44,105,-61
122000287,16,4,12
122000288,19,4,15
122000291,169,64,105
122000293,23,20,3
122000294,0,0,0
122000295,4,1,3
122000296,6,93,-87
122000297,310,158,152
122000299,31,40,-9
122000300,125,265,-140
122000301,996,332,664
122000302,87,34,53
122000303,1207,487,720
122000304,2,28,-26
122000305,163,32,131
122000306,8,311,-303
122000307,63,54,9
122000309,8,114,-106
122000310,1,4,-3
122000311,7,7,0
122000312,9,4,5
122000313,0,7,-7
122000314,7,43,-36
122000315,5,0,5
122000316,17,3,14
122000317,49,3,46
122000318,0,4,-4
122000319,38,96,-58
122000320,49,451,-402
122000321,7,211,-204
122000322,825,121,704
122000323,297,163,134
122000324,123,168,-45
122000325,32,111,-79
122000326,0,0,0
122000327,21,78,-57
122000328,163,237,-74
122000330,186,46,140
122000332,8,89,-81
122000333,0,38,-38
122000337,122,943,-821
122000338,75,199,-124
122000340,54,45,9
122000342,222,308,-86
122000343,36,448,-412
122000344,0,0,0
122000345,2,2,0
122000346,31,26,5
122000348,54,87,-33
122000349,0,162,-162
122000351,0,3,-3
122000352,59,3,56
122000353,0,52,-52
122000355,3,2,1
122000356,1182,449,733
122000357,0,0,0
122000358,0,0,0
122000359,0,0,0
122000360,0,0,0
122000362,3,42,-39
122000364,9,84,-75
122000365,0,0,0
122000366,3,10,-7
122000368,115,117,-2
122000370,1,12,-11
122000371,0,0,0
122000372,0,0,0
122000381,16,113,-97
122000382,2,25,-23
122000384,484,340,144
122000385,0,0,0
122000386,6,63,-57
122000387,46,71,-25
122000388,44,25,19
122000389,134,217,-83
122000390,10,35,-25
122000391,0,0,0
122000392,7,19,-12
122000393,0,6,-6
122000394,15,55,-40
122000395,22,46,-24
122000396,25,32,-7
122000397,12,54,-42
122000398,0,0,0
122000399,1,2,-1
122000400,0,0,0
122000401,21,36,-15
122000402,0,0,0
122000403,101,667,-566
122000404,21,28,-7
122000408,373,312,61
122000503,0,0,0
122000524,0,0,0
122000544,0,0,0
122000614,44,18,26
122000616,503,6,497
122000640,1,4,-3
122000641,1,14,-13
122000642,1,24,-23
122000643,0,0,0
122000644,34,40,-6
122000645,74,186,-112
122000651,145,205,-60
122000664,14,8,6
122000665,334,236,98
122000666,64,102,-38
122000673,27,171,-144
122000674,74,13,61
122000675,149,313,-164
122000686,0,0,0
122000687,42,161,-119
122000688,0,0,0
122000689,90,323,-233
122000690,93,398,-305
122000691,0,0,0
122000692,130,160,-30
122000693,0,0,0
122000695,46,201,-155
122000696,10,10,0
122000698,36,354,-318
122000699,39,4,35
122000701,116,143,-27
122000702,0,0,0
122000703,0,0,0
122000717,91,16,75
122000718,58,14,44
122000719,0,1,-1
122000720,2,13,-11
122000724,53,8,45
122900001,0,0,0
122900002,0,0,0
122900003,0,0,0
122900004,0,0,0
122900005,0,0,0
122900006,0,0,0
122900007,0,0,0
122900008,0,0,0
122900009,0,0,0
122900010,0,0,0
122900012,0,0,0
122900014,0,0,0
122900015,0,0,0
122900016,0,0,0
122900017,0,0,0
122900018,0,0,0
122900019,0,19,-19
122900020,0,0,0
122900021,0,0,0
122900022,4,52,-48
122900023,8,11,-3
122900024,5,5,0
122900025,0,0,0
122900026,0,0,0
122900027,0,58,-58
122900028,0,0,0
122900029,0,0,0
122900030,157,16,141
122900031,0,0,0
122900032,5,14,-9
122900033,0,0,0
122900034,0,0,0
122900035,0,0,0
122900036,0,0,0
122900037,0,1,-1
122900038,0,24,-24
122900039,0,0,0
122900040,0,0,0
122900041,0,0,0
122900042,0,0,0
122900043,0,0,0
122900044,0,0,0
122900045,0,0,0
122900046,0,0,0
122900047,0,0,0
122900048,0,0,0
122900049,0,0,0
122900051,0,0,0
122900052,0,5,-5
122900053,0,0,0
122900055,0,0,0
122900057,0,0,0
122900061,0,0,0
122900062,7,6,1
122900063,0,0,0
122900064,0,0,0
122900065,6,3,3
122900066,3,8,-5
122900067,0,0,0
122900069,1,2,-1
122900070,1,3,-2
122900071,6,107,-101
122900073,0,0,0
122900074,0,0,0
122900076,0,5,-5
122900077,0,58,-58
122900078,0,46,-46
122900080,0,0,0
122900081,0,0,0
122900082,0,0,0
122900083,0,0,0
122900084,0,0,0
122900086,0,0,0
122900087,0,0,0
122900088,0,0,0
122900089,0,0,0
122900090,1,80,-79
122900091,0,0,0
122900092,0,0,0
122900093,0,0,0
122900094,0,0,0
122900095,0,0,0
122900096,0,0,0
122900097,0,0,0
122900098,0,0,0
122900099,0,0,0
122900100,0,0,0
122900101,0,0,0
122900102,0,0,0
122900103,0,0,0
122900104,0,0,0
122900105,0,0,0
122900106,0,0,0
122900107,0,0,0
122900108,0,0,0
122900109,1,8,-7
123000001,531,226,305
123000002,1890,670,1220
123000003,1040,723,317
123000004,1752,2173,-421
123000005,241,349,-108
123000006,879,1458,-579
123000007,332,335,-3
123000008,960,2392,-1432
123000009,1065,675,390
123000010,2477,2897,-420
123000011,497,250,247
123000012,517,1589,-1072
123000013,561,174,387
123000014,739,2006,-1267
123000015,822,237,585
123000016,1570,1755,-185
123000017,376,180,196
123000018,1,38,-37
123000019,0,4,-4
123000020,0,5,-5
123000021,0,3,-3
123000022,12,16,-4
123000023,107,128,-21
123000024,53,45,8
123000025,4,12,-8
123000026,7,21,-14
123000027,8,34,-26
123000028,16,4,12
123000029,52,54,-2
123000030,1,145,-144
123000031,7,18,-11
123000032,6,17,-11
123000033,0,0,0
123000034,48,59,-11
123000035,21,8,13
123000036,29,14,15
123000037,57,178,-121
123000038,38,121,-83
123000039,205,254,-49
123000040,329,250,79
123000041,56,39,17
123000042,181,224,-43
123000043,348,330,18
123000044,897,676,221
123000045,2577,755,1822
123000046,30,9,21
123000047,600,292,308
123000048,0,0,0
123000049,1081,155,926
123000050,140,90,50
123000051,5,15,-10
123000052,162,197,-35
123000053,1094,439,655
123000054,371,265,106
123000055,126,152,-26
123000056,371,1025,-654
123000057,3296,1648,1648
123000058,59,44,15
123000059,41,42,-1
123000060,52,67,-15
123000061,36,47,-11
123000063,168,219,-51
123000064,147,134,13
123000065,1684,1364,320
123000066,298,193,105
123000067,61,85,-24
123000068,1133,1638,-505
123000069,3481,1838,1643
123000070,52,64,-12
123000071,18,33,-15
123000072,251,502,-251
123000073,16,29,-13
123000074,181,524,-343
123000075,26,51,-25
123000076,87,308,-221
123000077,1406,1071,335
123000078,44,60,-16
123000079,29,49,-20
123000080,420,791,-371
123000081,21,65,-44
123000082,77,232,-155
123000083,49,9,40
123000084,93,341,-248
123000085,5,3,2
123000086,3,28,-25
123000087,0,48,-48
123000088,96,320,-224
123000089,1,1,0
123000090,344,721,-377
123000091,0,1,-1
123000092,255,514,-259
123000094,14,47,-33
123000095,5,19,-14
123000096,7,17,-10
123000097,62,334,-272
123000098,5,17,-12
123000099,92,264,-172
123000100,100,99,1
123000101,12,2,10
123000102,49,99,-50
123000104,31,77,-46
123000105,173,190,-17
123000106,68,72,-4
123000107,149,218,-69
123000108,295,351,-56
123000111,11,10,1
123000112,23,35,-12
123000113,83,403,-320
123000114,9,24,-15
123000115,36,80,-44
123000116,7,42,-35
123000117,348,478,-130
123000118,88,207,-119
123000119,45,222,-177
123000120,62,179,-117
123000121,71,59,12
123000122,243,178,65
123000123,187,29,158
123000124,233,289,-56
123000125,94,16,78
123000126,41,82,-41
123000127,1115,598,517
123000128,72,121,-49
123000129,0,0,0
123000130,0,0,0
123000131,29,112,-83
123000132,74,163,-89
123000133,65,152,-87
123000134,136,39,97
123000135,88,112,-24
123000136,53,423,-370
123000137,19,124,-105
123000138,18,166,-148
123000139,0,0,0
123000140,54,274,-220
123000141,0,0,0
123000142,317,383,-66
123000143,456,1185,-729
123000144,9,14,-5
123000145,15,17,-2
123000146,4,13,-9
123000147,1,17,-16
123000149,0,0,0
123000150,0,0,0
123000151,50,70,-20
123000152,14,158,-144
123000153,31,40,-9
123000154,218,136,82
123000155,318,217,101
123000156,22,24,-2
123000157,131,312,-181
123000158,0,0,0
123000159,276,165,111
123000160,71,16,55
123000161,191,20,171
123000162,49,63,-14
123000163,0,0,0
123000164,0,0,0
123000165,49,509,-460
123000166,5,45,-40
123000167,5,75,-70
123000168,31,96,-65
123000169,0,0,0
123000170,0,83,-83
123000171,0,20,-20
123000172,50,256,-206
123000173,0,0,0
123000174,0,0,0
123000175,224,592,-368
123000176,0,0,0
123000177,36,217,-181
123000178,0,0,0
123000179,9,164,-155
123000180,207,12,195
123000181,60,538,-478
123000182,13,137,-124
123000183,60,16,44
123000184,19,222,-203
123000185,0,0,0
123000186,0,348,-348
123000187,0,0,0
123000188,0,0,0
123000189,7,50,-43
123000190,0,15,-15
123000192,0,195,-195
123000193,6,136,-130
123000194,154,86,68
123000195,0,0,0
123000196,0,1,-1
123000197,0,45,-45
123000198,2,90,-88
123000199,1,190,-189
123000200,0,0,0
123000201,0,0,0
123000202,14,626,-612
123000203,0,0,0
123000204,22,568,-546
123000205,58,595,-537
123000206,60,3,57
123000207,15,278,-263
123000208,14,4,10
123000209,80,11,69
123000210,109,469,-360
123000211,118,747,-629
123000212,0,0,0
123000213,0,0,0
123000215,299,55,244
123000216,0,0,0
123000217,0,0,0
123000218,32,113,-81
123000219,0,0,0
123000220,0,0,0
123000221,0,0,0
123000222,5,9,-4
123000223,3,8,-5
123000224,14,39,-25
123000225,3,24,-21
123000226,1,179,-178
123000227,8,116,-108
123000228,13,16,-3
123000229,321,763,-442
123000232,24,270,-246
123000233,0,0,0
123000234,29,351,-322
123000235,0,0,0
123000236,37,370,-333
123000237,0,0,0
123000238,16,213,-197
123000239,98,723,-625
123000240,9,80,-71
123000241,0,0,0
123000242,6,37,-31
123000243,201,330,-129
123000244,294,296,-2
123000245,42,123,-81
123000249,802,385,417
123000252,0,0,0
123000253,0,0,0
123000254,30,239,-209
123000255,50,75,-25
123000256,13,87,-74
123000257,460,647,-187
123000258,183,368,-185
123000259,24,67,-43
123000260,18,86,-68
123000261,18,26,-8
123000262,15,64,-49
123000263,7,1,6
123000264,7,2,5
123000265,1,26,-25
123000266,48,171,-123
123000267,0,0,0
123000268,3,19,-16
123000269,0,0,0
123000270,0,0,0
123000271,9,17,-8
123000272,0,0,0
123000273,0,0,0
123000274,0,0,0
123000275,54,391,-337
123000278,619,591,28
123000279,0,0,0
123000280,11,68,-57
123000281,0,0,0
123000282,15,90,-75
123000283,0,0,0
123000284,13,34,-21
123000286,60,48,12
123000287,46,43,3
123000288,0,0,0
123000289,0,0,0
123000291,60,495,-435
123000294,15,27,-12
123000295,185,55,130
123000296,35,16,19
123000297,2,15,-13
123000298,9,33,-24
123000299,0,0,0
123000300,23,132,-109
123000301,13,42,-29
123000302,3,16,-13
123000303,0,9,-9
123000305,309,248,61
123000306,1,59,-58
123000309,4,28,-24
123000310,0,0,0
123000311,1,131,-130
123000312,127,247,-120
123000313,0,0,0
123000315,3,17,-14
123000316,92,161,-69
123000317,0,0,0
123000318,2,66,-64
123000329,237,32,205
123000337,0,47,-47
123000338,9,7,2
123000339,2,201,-199
123000340,0,27,-27
123000342,0,44,-44
123000343,0,0,0
123000344,146,115,31
123000345,91,122,-31
123000346,0,0,0
123000352,362,372,-10
123000353,5,35,-30
123000354,19,1,18
123000355,0,106,-106
123000356,2,0,2
123000357,0,49,-49
123000359,1,61,-60
123000360,0,0,0
123000361,27,66,-39
123000362,3,41,-38
123000363,0,83,-83
123000364,18,9,9
123000365,2,87,-85
123000366,124,176,-52
123000367,49,247,-198
123000370,1,66,-65
123000371,0,0,0
123000372,2,2,0
123000373,1,125,-124
123000374,1,86,-85
123000375,6,3,3
123000376,52,68,-16
123000377,0,0,0
123000378,1,122,-121
123000379,4,83,-79
123000380,4,72,-68
123000381,4,2,2
123000382,59,12,47
123000383,15,161,-146
123000384,26,0,26
123000385,20,274,-254
123000436,11,305,-294
123000507,40,35,5
123000508,30,92,-62
123000517,135,15,120
123000518,12,98,-86
123000519,151,57,94
123000520,23,66,-43
123000521,110,82,28
123000522,35,127,-92
123000541,0,0,0
123000542,0,13,-13
123000565,66,5,61
123000566,5,292,-287
123000567,35,88,-53
123000573,30,448,-418
123000574,0,0,0
123000575,99,577,-478
123000576,32,773,-741
123000577,40,339,-299
123000578,0,0,0
123000579,298,77,221
123000580,42,5,37
123000582,0,0,0
123000583,2,144,-142
123000584,0,0,0
123000585,0,34,-34
123000586,0,0,0
123000596,19,54,-35
123000597,0,0,0
123000602,0,0,0
123000603,10,142,-132
123000604,8,407,-399
123000605,411,4,407
123000606,1,849,-848
123000609,5,251,-246
123000610,8,4,4
123000613,101,88,13
123000614,0,0,0
123000615,74,125,-51
123000616,0,0,0
123000617,67,219,-152
123000618,24,200,-176
123000619,0,0,0
123000620,32,239,-207
123000622,0,0,0
123000624,0,0,0
123000630,31,55,-24
123000631,35,571,-536
123000632,290,290,0
123000633,1,89,-88
123000634,0,0,0
123000635,64,66,-2
123000636,3,188,-185
123000637,0,0,0
123000638,0,0,0
123000639,0,0,0
123000640,0,377,-377
123000648,0,0,0
123000649,3,153,-150
123900001,15,1,14
123900002,0,0,0
123900003,0,0,0
123900005,0,0,0
123900006,0,0,0
124000001,241,1,240
124000002,74,557,-483
124000003,38,23,15
124000004,12,255,-243
124000005,15,0,15
124000006,90,628,-538
124000007,13,0,13
124000008,15,234,-219
124000009,13,2,11
124000010,40,361,-321
124000011,0,0,0
124000012,49,441,-392
124000017,0,0,0
124000018,70,32,38
124000019,0,0,0
124000020,16,105,-89
124000021,0,0,0
124000022,45,185,-140
124000023,271,191,80
124000024,227,217,10
124000025,227,115,112
124000026,304,258,46
124000027,1182,302,880
124000028,962,2146,-1184
124000030,945,545,400
124000031,63,3,60
124000032,1324,494,830
124000033,165,0,165
124000034,476,661,-185
124000035,24,0,24
124000036,52,398,-346
124000037,22,0,22
124000038,8,68,-60
124000039,118,69,49
124000040,101,201,-100
124000041,42,5,37
124000042,25,203,-178
124000043,16,13,3
124000044,30,106,-76
124000045,1,0,1
124000046,71,396,-325
124000047,0,0,0
124000048,134,682,-548
124000049,0,0,0
124000050,187,923,-736
124000051,0,0,0
124000052,111,586,-475
124000053,0,0,0
124000054,248,335,-87
124000055,1,1,0
124000056,791,772,19
124000057,3,0,3
124000058,170,685,-515
124000059,23,65,-42
124000060,355,282,73
124000061,32,103,-71
124000062,1906,711,1195
124000063,598,913,-315
124000064,648,1031,-383
124000065,20,77,-57
124000066,0,0,0
124000067,0,0,0
124000068,3,20,-17
124000069,0,0,0
124000070,30,166,-136
124000071,0,0,0
124000072,23,124,-101
124000073,0,0,0
124000074,28,234,-206
124000075,0,0,0
124000076,12,117,-105
124000077,421,226,195
124000078,58,4,54
124000079,249,198,51
124000080,0,0,0
124000081,26,218,-192
124000082,0,9,-9
124000083,9,45,-36
124000084,3,3,0
124000085,13,14,-1
124000086,0,0,0
124000087,0,0,0
124000088,0,3,-3
124000089,10,15,-5
124000090,25,244,-219
124000091,17,18,-1
124000092,8,390,-382
124000093,0,0,0
124000094,9,41,-32
124000095,0,0,0
124000096,14,48,-34
124000097,0,0,0
124000098,9,99,-90
124000099,1,2,-1
124000100,3,60,-57
124000101,5,7,-2
124000102,40,66,-26
124000103,2,15,-13
124000104,12,51,-39
124000105,3,7,-4
124000106,33,57,-24
124000107,1,9,-8
124000108,34,16,18
124000109,0,0,0
124000110,13,45,-32
124000111,9,40,-31
124000112,29,91,-62
124000113,0,0,0
124000114,8,101,-93
124000115,46,80,-34
124000116,0,0,0
124000117,28,16,12
124000118,2,1,1
124000119,49,135,-86
124000120,2,14,-12
124000121,169,35,134
124000122,569,396,173
124000123,210,102,108
124000124,93,262,-169
124000125,60,66,-6
124000126,95,223,-128
124000127,74,82,-8
124000128,123,461,-338
124000129,176,476,-300
124000130,344,243,101
124000131,129,110,19
124000132,453,447,6
124000133,38,48,-10
124000134,162,271,-109
124000135,107,69,38
124000136,157,342,-185
124000137,82,33,49
124000138,244,247,-3
124000139,10,8,2
124000140,15,189,-174
124000141,28,2,26
124000142,40,156,-116
124000143,0,0,0
124000144,1,81,-80
124000145,0,0,0
124000146,1,51,-50
124000148,0,0,0
124000149,24,3,21
124000150,199,185,14
124000151,16,1,15
124000152,124,258,-134
124000153,5,4,1
124000154,80,313,-233
124000155,15,32,-17
124000156,362,366,-4
124000169,3,13,-10
124000170,137,158,-21
124000171,4,12,-8
124000172,26,184,-158
124000173,4,12,-8
124000174,50,209,-159
124000175,6,94,-88
124000176,0,0,0
124000177,24,32,-8
124000178,0,0,0
124000185,1,0,1
124000186,1,21,-20
124000187,1,11,-10
124000188,5,4,1
124000190,10,4,6
124000191,28,13,15
124000192,0,0,0
124000193,67,452,-385
124000194,118,269,-151
124000195,26,152,-126
124000196,294,666,-372
124000197,17,15,2
124000198,0,2,-2
124000201,15,301,-286
124000202,0,18,-18
124000203,21,334,-313
124000204,4,73,-69
124000205,2,283,-281
124000206,2,92,-90
124000207,2,75,-73
124000209,33,222,-189
124000210,0,124,-124
124000211,0,0,0
124000212,6,199,-193
124000213,14,167,-153
124000214,4,137,-133
124000215,0,0,0
124000216,1,211,-210
124000329,34,814,-780
124000338,17,378,-361
124000339,2,0,2
124000341,5,0,5
124000344,0,1,-1
124000357,123,55,68
124000358,122,99,23
124000359,24,25,-1
124000360,17,22,-5
124000361,18,12,6
124000362,470,936,-466
124000363,135,403,-268
124000364,199,750,-551
124000365,502,1339,-837
124000366,746,1228,-482
124000367,48,228,-180
124000368,1,0,1
124000369,2,3,-1
124000370,21,229,-208
124000402,0,0,0
124000403,0,0,0
124000404,1,37,-36
124000405,224,124,100
124000406,216,405,-189
124000407,2,14,-12
124000411,0,122,-122
124000412,0,0,0
124000413,0,0,0
124000414,9,43,-34
124000415,11,61,-50
124000416,19,79,-60
124000417,10,21,-11
124000418,3,33,-30
124000419,9,76,-67
124000420,6,20,-14
124000421,6,103,-97
124000422,0,8,-8
124000423,2,4,-2
124000424,9,59,-50
124000425,0,0,0
124000426,6,106,-100
124000427,0,0,0
124000428,0,19,-19
124000429,1,224,-223
124000430,40,74,-34
124000431,22,125,-103
124000432,64,196,-132
124000439,0,0,0
124000443,1,8,-7
124000445,12,2,10
124000446,312,15,297
124000447,0,0,0
124000448,8,1,7
124000449,0,3,-3
124000450,4,59,-55
124000451,1,36,-35
124900001,0,0,0
124900002,0,0,0
124900003,0,0,0
124900004,0,0,0
124900005,0,0,0
124900006,0,0,0
124900008,0,0,0
124900009,0,0,0
124900010,0,0,0
124900011,0,0,0
124900012,0,0,0
124900013,0,0,0
124900014,0,0,0
124900015,0,0,0
124900016,0,0,0
124900017,0,0,0
124900018,0,0,0
124900020,0,0,0
124900021,0,0,0
124900022,0,0,0
124900024,0,0,0
124900026,0,2,-2
124900027,0,0,0
124900028,0,0,0
124900029,0,0,0
124900030,0,0,0
124900031,0,0,0
124900032,0,0,0
124900033,0,0,0
124900034,0,0,0
124900035,0,0,0
124900036,0,0,0
124900037,6,5,1
124900038,0,0,0
124900039,0,0,0
124900040,0,0,0
124900041,17,59,-42
124900042,0,0,0
124900043,10,102,-92
124900044,0,0,0
124900045,19,29,-10
124900047,4,6,-2
124900048,6,2,4
124900050,3,5,-2
124900052,6,38,-32
124900053,2,54,-52
124900054,489,54,435
124900055,0,15,-15
124900057,0,13,-13
124900060,1,38,-37
124900061,0,0,0
124900062,0,0,0
124900066,0,1,-1
124900067,2,45,-43
124900068,0,0,0
124900070,0,0,0
124900072,0,0,0
124900075,0,0,0
124900076,0,0,0
124900077,0,0,0
124900078,0,1,-1
124900079,6,1,5
124900080,7,76,-69
124900081,0,0,0
124900082,2,10,-8
124900083,5,47,-42
124900085,0,0,0
124900086,0,0,0
124900087,0,0,0
124900088,2,0,2
124900089,47,2,45
124900090,0,0,0
124900091,0,0,0
124900092,0,0,0
124900093,0,0,0
124900094,0,0,0
124900095,0,0,0
124900096,0,0,0
124900097,0,0,0
124900098,0,0,0
124900099,0,0,0
124900100,0,0,0
124900101,0,0,0
124900102,0,0,0
124900103,0,7,-7
124900104,0,3,-3
124900105,0,3,-3
124900106,0,0,0
124900107,0,0,0
124900108,1,0,1
124900111,0,9,-9
124900112,3,75,-72
124900113,0,4,-4
124900114,0,4,-4
124900115,0,0,0
124900116,0,0,0
124900117,0,0,0
124900118,0,0,0
124900119,0,0,0
124900120,1,33,-32
124900121,0,0,0
124900122,118,29,89
124900123,0,0,0
124900124,17,5,12
204000001,0,0,0
204000002,0,0,0
204000003,0,0,0
204000004,0,0,0
204000005,0,0,0
204000006,0,0,0
204000011,32,71,-39
204000012,9,173,-164
204000019,194,151,43
204000020,59,154,-95
204000021,185,143,42
204000022,61,173,-112
204000023,208,966,-758
204000031,0,0,0
204000032,0,0,0
204000034,88,380,-292
204000035,9,4,5
204000036,21,19,2
204000037,18,22,-4
204000038,1,12,-11
204000039,10,32,-22
204000040,3,23,-20
204000041,9,15,-6
204000042,0,0,0
204000043,0,0,0
204000044,0,0,0
204000045,0,0,0
204000046,0,0,0
204000057,7,26,-19
204000062,45,196,-151
204000068,66,146,-80
204000069,12,62,-50
204000070,0,0,0
204000080,35,93,-58
204000085,338,659,-321
204000086,994,1020,-26
204000087,69,130,-61
204000088,32,112,-80
204000090,70,382,-312
204000093,0,0,0
204000096,0,0,0
204000097,0,0,0
204000099,13,11,2
204000100,1,6,-5
204000105,599,652,-53
204000110,351,804,-453
204000111,205,492,-287
204000112,166,509,-343
204000113,96,377,-281
204000114,59,41,18
204000115,57,37,20
204000116,78,77,1
204000119,0,0,0
204000132,0,0,0
204000133,0,0,0
204000134,0,0,0
204000135,0,0,0
204000136,0,0,0
204000138,0,0,0
204000140,0,0,0
204000141,0,0,0
204000144,0,0,0
204000145,0,0,0
204000146,64,226,-162
204000147,24,102,-78
204000148,0,0,0
204000154,0,0,0
204000155,4,6,-2
204000177,0,0,0
204000179,0,0,0
204000180,0,98,-98
204000222,0,1,-1
204000235,33,12,21
204000236,25,201,-176
204000238,0,0,0
204000240,27,25,2
204000263,245,525,-280
204000268,0,0,0
204000308,0,0,0
204000317,29,58,-29
204000322,10,27,-17
204000323,0,0,0
204000328,0,0,0
204000329,75,118,-43
204000330,0,0,0
204000331,128,172,-44
205000001,776,634,142
205000013,1,41,-40
205000014,9,123,-114
205000015,15,258,-243
205000016,6,135,-129
205000017,16,50,-34
205000022,209,479,-270
205000025,933,714,219
205000029,69,29,40
205000045,27,114,-87
205000046,19,261,-242
205000047,43,309,-266
205000048,81,503,-422
205000049,60,511,-451
205000050,329,262,67
205000059,2,247,-245
205000060,0,23,-23
205000061,0,12,-12
205000062,1,16,-15
205000063,1,21,-20
205000064,6,87,-81
205000065,26,288,-262
205000066,20,487,-467
205000067,8,842,-834
205000069,439,217,222
205000082,0,0,0
205000110,37,168,-131
205000111,99,185,-86
205000112,0,0,0
205000113,115,101,14
205000121,0,0,0
205000123,111,141,-30
205000126,0,0,0
205000127,0,0,0
205000128,0,0,0
205000129,0,0,0
205000130,0,0,0
205000131,0,0,0
205000132,0,0,0
205000133,0,0,0
205000134,0,0,0
205000137,44,105,-61
205000138,137,159,-22
205000139,21,44,-23
205000144,0,0,0
205000145,0,0,0
205000151,0,0,0
205000152,0,0,0
205000153,0,0,0
205000154,0,0,0
205000155,0,0,0
205000207,234,238,-4
205000233,0,0,0
205000234,0,0,0
205000243,0,0,0
205000244,2,8,-6
205000245,17,296,-279
205000249,0,22,-22
205000250,0,0,0
205000264,7,79,-72
206000027,0,0,0
206000028,0,0,0
206000043,13,145,-132
206000053,30,32,-2
206000054,22,45,-23
206000055,4,51,-47
206000075,8,7,1
206000076,25,41,-16
206000077,8,24,-16
206000078,10,11,-1
206000079,38,7,31
206000082,0,0,0
206000100,37,593,-556
206000103,22,59,-37
206000104,29,41,-12
206000105,7,30,-23
206000106,25,58,-33
206000125,0,0,0
206000157,306,900,-594
206000170,6,354,-348
206000171,6,278,-272
206000172,8,833,-825
206000173,3,212,-209
206000174,8,174,-166
206000175,4,243,-239
206000176,31,364,-333
206000177,3,283,-280
206000178,3,179,-176
206000179,3,112,-109
206000180,32,190,-158
206000181,9,214,-205
206000182,42,216,-174
206000183,46,568,-522
206000184,13,333,-320
206000185,12,293,-281
206000186,125,882,-757
206000223,3,201,-198
206000226,0,0,0
206000227,0,0,0
206000237,15,277,-262
206000238,60,443,-383
206000239,507,899,-392
206000240,1,46,-45
206000241,0,238,-238
206000242,37,385,-348
206000243,5,325,-320
206000244,99,742,-643
206000245,48,7,41
206000246,7,3,4
206000247,15,4,11
206000248,11,7,4
206000252,25,67,-42
206000258,11,31,-20
206000315,36,5,31
206000317,86,20,66
206000318,60,19,41
206000319,94,15,79
206000320,10,4,6
206000321,18,4,14
206000322,0,0,0
206000323,0,0,0
206000324,0,0,0
206000325,0,0,0
206000326,0,0,0
206000327,6,0,6
206000328,13,0,13
206000329,27,3,24
206000330,2,0,2
206000331,6,0,6
206000332,1,0,1
206000333,8,1,7
206000334,4,0,4
206000335,0,42,-42
206000361,15,288,-273
206000392,8,70,-62
206000405,28,0,28
206000441,0,0,0
206000498,1,6,-5
206000515,333,28,305
206000530,0,0,0
206000531,0,0,0
206000532,0,0,0
206000535,142,461,-319
206000536,23,126,-103
206000537,12,63,-51
206000613,0,0,0
206000784,520,158,362
207000001,125,357,-232
207000002,21,321,-300
207000003,48,223,-175
207000007,65,11,54
207000008,2,0,2
207000009,13,9,4
207000010,174,204,-30
207000012,0,0,0
207000015,266,528,-262
207000019,48,19,29
207000021,45,27,18
207000022,11,23,-12
207000023,16,5,11
207000024,0,1,-1
207000025,0,16,-16
207000026,57,93,-36
207000027,13,70,-57
207000028,31,174,-143
207000029,120,268,-148
207000033,26,67,-41
207000034,28,10,18
207000039,0,0,0
207000040,0,0,0
207000041,0,0,0
207000042,0,0,0
207000043,0,0,0
207000051,32,263,-231
207000052,2,181,-179
207000053,301,553,-252
207000054,16,92,-76
207000055,40,135,-95
207000056,98,283,-185
207000057,98,171,-73
207000058,88,310,-222
207000059,30,556,-526
207000060,25,112,-87
207000061,3,4,-1
207000062,22,26,-4
207000063,32,87,-55
207000064,107,75,32
207000065,62,101,-39
207000066,40,101,-61
207000067,8,60,-52
207000068,13,21,-8
207000069,276,119,157
207000082,4,19,-15
207000083,23,104,-81
207000084,7,3,4
207000085,24,4,20
207000086,5,6,-1
207000106,0,0,0
207000107,0,0,0
207000108,0,0,0
207000109,0,0,0
207000110,0,0,0
207000111,0,0,0
207000112,0,0,0
207000114,11,31,-20
207000115,7,83,-76
207000116,16,242,-226
207000117,4,108,-104
207000118,2,78,-76
207000119,10,125,-115
207000123,0,0,0
207000124,0,0,0
207000125,0,0,0
207000126,0,0,0
207000134,0,21,-21
207000135,3,23,-20
207000148,0,0,0
207000149,45,26,19
207000152,86,282,-196
207000153,1041,784,257
207000154,67,29,38
207000159,43,135,-92
207000160,73,394,-321
207000238,0,37,-37
207000242,2,95,-93
207000248,26,9,17
207000249,56,45,11
207000250,183,37,146
207000251,42,39,3
207000252,14,67,-53
207000278,0,0,0
207000279,40,165,-125
207000280,12,4,8
207000281,39,431,-392
207000282,1,3,-2
207000283,18,69,-51
207000284,6,13,-7
207000285,0,0,0
207000291,9,110,-101
207000304,28,28,0
207000306,27,320,-293
207000310,0,0,0
207000353,0,0,0
207000356,13,11,2
207000357,0,0,0
207000358,0,0,0
207000415,8,125,-117
207000417,0,0,0
207000418,52,58,-6
207000438,0,3,-3
207000439,297,101,196
207000446,0,0,0
207000460,3,4,-1
207000466,92,229,-137
207000467,0,0,0
207000468,18,281,-263
207000476,8,2,6
207000477,4,11,-7
207000478,0,4,-4
207000523,0,23,-23
207000524,0,0,0
207000527,20,40,-20
207000530,0,0,0
207000531,0,0,0
207000532,0,0,0
207000534,0,0,0
207000535,61,136,-75
207000537,13,59,-46
207000540,4,113,-109
207000541,1,196,-195
207000548,2,181,-179
207000549,0,0,0
207000561,0,0,0
207000562,5,96,-91
207000567,167,164,3
207000568,5,21,-16
207000569,18,264,-246
207000584,172,60,112
207000585,0,0,0
207000587,0,0,0
207000616,3,232,-229
207000617,0,0,0
207000624,0,0,0
207000631,0,0,0
207900008,5,53,-48
208000001,15,94,-79
208000002,31,65,-34
208000003,54,70,-16
208000004,93,80,13
208000005,1,26,-25
208000019,0,0,0
208000020,0,0,0
208000021,43,215,-172
208000022,189,201,-12
208000028,82,19,63
208000033,114,210,-96
208000034,249,476,-227
208000037,0,0,0
208000040,0,0,0
208000041,0,0,0
208000042,0,0,0
208000047,14,145,-131
208000064,0,0,0
208000066,0,0,0
208000070,0,0,0
208000071,0,0,0
208000072,0,0,0
208000080,22,28,-6
208000081,8,33,-25
208000082,30,156,-126
208000083,29,241,-212
208000084,0,0,0
208000085,276,313,-37
208000086,209,560,-351
208000087,74,344,-270
208000089,212,226,-14
208000090,170,358,-188
208000093,10,30,-20
208000094,129,215,-86
208000095,230,212,18
208000104,0,0,0
208000105,0,0,0
208000114,0,0,0
208000115,45,192,-147
208000116,0,2,-2
208000117,0,0,0
208000118,0,0,0
208000155,121,428,-307
208000158,815,957,-142
208000186,0,0,0
208000204,174,360,-186
208000205,299,431,-132
208000282,1433,452,981
209000004,42,56,-14
209000005,14,20,-6
209000006,137,133,4
209000007,108,106,2
209000010,150,92,58
209000011,43,107,-64
209000012,60,221,-161
209000013,51,355,-304
209000014,220,871,-651
209000025,39,28,11
209000026,173,31,142
209000027,131,618,-487
209000028,121,807,-686
209000029,249,707,-458
209000030,160,1086,-926
209000031,1848,2165,-317
209000034,101,362,-261
209000035,50,168,-118
209000036,61,94,-33
209000037,58,105,-47
209000038,57,182,-125
209000039,57,109,-52
209000040,91,298,-207
209000041,164,291,-127
209000042,155,272,-117
209000043,148,239,-91
209000044,195,251,-56
209000045,54,127,-73
209000046,57,190,-133
209000047,48,80,-32
209000048,26,86,-60
209000049,59,144,-85
209000050,121,188,-67
209000051,126,265,-139
209000052,59,200,-141
209000062,10,101,-91
209000063,21,69,-48
209000064,11,125,-114
209000065,0,0,0
209000066,0,0,0
209000067,0,0,0
209000080,24,70,-46
209000082,0,0,0
209000091,15,40,-25
209000093,49,27,22
209000094,202,114,88
209000110,0,0,0
209000111,169,694,-525
209000112,117,213,-96
209000113,240,200,40
209000114,108,112,-4
209000115,90,86,4
209000116,722,404,318
209000118,0,0,0
209000119,20,15,5
209000121,117,413,-296
209000135,0,0,0
209000142,566,307,259
209000143,13,21,-8
209000144,13,20,-7
209000229,30,86,-56
209000240,22,247,-225
209000259,99,103,-4
209000260,11,447,-436
209000261,0,179,-179
209000262,0,173,-173
209000263,0,46,-46
209000264,0,16,-16
209000265,0,1,-1
209000266,0,0,0
209000267,0,0,0
209000268,0,0,0
210000037,0,0,0
210000047,0,0,0
210000048,0,0,0
210000049,0,0,0
210000052,6,60,-54
210000053,5,39,-34
210000054,28,50,-22
210000070,0,0,0
210000071,0,0,0
210000072,0,0,0
210000073,0,21,-21
210000074,2,45,-43
210000075,2,46,-44
210000076,3,93,-90
210000077,7,25,-18
210000078,19,24,-5
210000079,0,0,0
210000080,0,0,0
210000081,0,0,0
210000082,0,0,0
210000083,0,0,0
210000084,0,0,0
210000085,0,42,-42
210000086,0,48,-48
210000099,33,172,-139
210000100,16,160,-144
210000101,47,181,-134
210000105,29,64,-35
210000159,1,42,-41
210000163,106,126,-20
210000164,0,0,0
210000168,0,0,0
210000187,0,8,-8
210000188,0,15,-15
210000214,0,0,0
210000219,0,0,0
210000220,0,0,0
210000232,1,23,-22
210000233,3,12,-9
210000234,8,37,-29
210000235,25,68,-43
210000245,0,23,-23
210000246,0,1,-1
210000258,2,88,-86
210000259,0,0,0
210000282,20,109,-89
210000285,2,48,-46
210000286,6,83,-77
210000290,0,0,0
210000295,5,50,-45
210000296,12,26,-14
210000320,0,0,0
210000321,0,0,0
210000338,28,68,-40
210000339,324,304,20
210000340,70,87,-17
210000341,54,119,-65
210000342,46,74,-28
210000343,58,125,-67
210000344,30,58,-28
210000345,51,50,1
210000346,7,37,-30
210000347,3,10,-7
210000348,29,8,21
210000349,10,9,1
210000350,37,72,-35
210000351,41,75,-34
210000352,0,0,0
210000353,0,0,0
210000354,0,0,0
210000355,0,0,0
210000356,0,0,0
210000357,0,0,0
210000358,0,0,0
210000359,0,0,0
210000360,0,0,0
210000361,0,0,0
210000362,0,0,0
210000363,0,0,0
210000364,0,0,0
210000365,0,0,0
210000366,0,0,0
210000367,0,0,0
210000368,0,0,0
210000369,0,0,0
210000370,0,0,0
210000372,0,0,0
210000373,0,0,0
210000374,0,0,0
210000375,0,0,0
210000376,0,0,0
210000404,89,105,-16
210000439,0,0,0
210000472,0,0,0
210000482,0,0,0
210000564,0,0,0
210000567,0,3,-3
210000568,0,0,0
211000092,0,0,0
211000094,0,0,0
211000169,0,0,0
211000172,0,0,0
211000209,0,0,0
211000226,0,0,0
211000270,1,0,1
211000275,0,0,0
211000276,0,0,0
211000279,0,0,0
211000281,0,0,0
211000302,0,0,0
211507980,0,0,0
211977296,0,0,0
212000003,0,0,0
212000004,3,11,-8
212000005,10,10,0
212000006,21,59,-38
212000008,55,163,-108
212000009,10,89,-79
212000012,20,53,-33
212000013,11,41,-30
212000014,123,105,18
212000015,110,110,0
212000016,308,341,-33
212000027,0,0,0
212000028,0,0,0
212000029,0,0,0
212000030,0,0,0
212000031,0,0,0
212000048,3,31,-28
212000049,16,9,7
212000050,7,12,-5
212000051,67,126,-59
212000052,80,227,-147
212000053,221,315,-94
212000054,0,0,0
212000055,0,0,0
212000056,0,0,0
212000057,0,0,0
212000058,0,0,0
212000070,71,171,-100
212000077,51,443,-392
212000099,0,0,0
212000108,0,0,0
212000111,0,0,0
212000120,50,75,-25
212000138,16,22,-6
212000156,9,62,-53
212000158,0,1,-1
212000159,1,0,1
212000160,0,0,0
212000161,0,0,0
212000310,6,25,-19
212000311,0,0,0
212000374,4,21,-17
213000001,11,161,-150
213000005,12,4,8
213000006,16,0,16
213000007,0,0,0
213000009,0,0,0
213000010,0,0,0
213000011,0,0,0
213000012,52,187,-135
213000014,0,0,0
213000015,0,0,0
213000016,0,0,0
213000017,0,0,0
213000018,0,92,-92
213000019,0,73,-73
213000020,14,93,-79
213000021,0,46,-46
213000023,0,0,0
213000033,32,202,-170
213000034,0,0,0
213000035,0,0,0
213000045,20,44,-24
213000046,38,42,-4
213000047,213,81,132
213000056,0,0,0
213000069,0,0,0
213000073,2,7,-5
213000074,37,201,-164
213000075,0,0,0
213000076,0,0,0
213000085,4,29,-25
213000086,3,130,-127
213000091,0,0,0
213000092,0,0,0
213000099,101,260,-159
213000100,0,0,0
213000101,2,58,-56
213000102,3,122,-119
213000103,47,161,-114
213000104,23,116,-93
213000105,1,23,-22
213000106,3,106,-103
213000107,32,306,-274
213000108,8,219,-211
213000109,3,91,-88
213000110,4,30,-26
213000111,2,14,-12
213000112,102,58,44
213000115,0,0,0
213000116,30,99,-69
213000117,1,176,-175
213000118,88,58,30
213000119,22,346,-324
213000120,30,317,-287
213000122,89,266,-177
213000123,224,315,-91
213000124,29,481,-452
213000125,0,0,0
213000126,4,29,-25
213000127,26,61,-35
213000128,160,158,2
213000129,0,0,0
213000130,0,0,0
213000132,0,0,0
213000133,0,0,0
213000134,0,0,0
213000136,0,0,0
213000137,0,0,0
213000139,0,0,0
213000147,0,0,0
213000148,0,0,0
213000149,0,0,0
213000150,0,41,-41
213000151,1,56,-55
213000152,0,20,-20
213000153,2,7,-5
213000154,9,115,-106
213000155,11,146,-135
213000156,14,205,-191
213000157,163,303,-140
213000158,34,217,-183
213000159,0,0,0
213000163,0,0,0
213000165,0,0,0
213000171,0,74,-74
213000172,0,110,-110
213000173,0,91,-91
213000174,1,98,-97
213000175,3,37,-34
213000176,0,0,0
213000177,0,0,0
213000178,0,0,0
213000179,0,0,0
213000180,0,0,0
213000184,32,94,-62
213000188,0,0,0
213000189,0,0,0
213000190,18,313,-295
213000191,6,185,-179
213000192,22,218,-196
213000193,615,98,517
213000194,0,6,-6
213000195,3,200,-197
213000196,23,438,-415
213000197,0,0,0
213000198,0,0,0
213000200,104,344,-240
213000201,35,29,6
213000202,1,287,-286
213000203,0,0,0
213000204,0,0,0
213000205,0,0,0
213000206,0,0,0
213000207,0,0,0
213000208,0,0,0
213000209,0,0,0
213000210,0,0,0
213000211,0,5,-5
213000212,1,5,-4
213000213,3,20,-17
213000218,52,300,-248
213000219,0,0,0
213000220,0,0,0
213000223,0,0,0
213000224,0,0,0
213000225,0,0,0
213000226,0,0,0
213000227,0,0,0
213000228,0,0,0
213000229,0,0,0
213000230,0,0,0
213000232,14,284,-270
213000233,1,6,-5
213000234,1,23,-22
213000293,1,30,-29
213000294,0,0,0
213000295,7,58,-51
213000296,0,0,0
213000297,2,37,-35
213000298,23,31,-8
213000299,0,0,0
213000300,0,0,0
213000303,13,39,-26
213000304,3,4,-1
213000305,0,0,0
213000306,13,7,6
213000307,0,0,0
213000308,31,105,-74
213000309,0,0,0
213000310,0,0,0
213000311,105,129,-24
213000315,12,64,-52
213000316,0,0,0
213000322,7,31,-24
213000323,0,0,0
213000324,3,3,0
213000325,0,0,0
213000326,0,3,-3
213000327,0,0,0
213000328,2,26,-24
213000329,0,0,0
213000340,37,523,-486
213000341,0,0,0
213000346,0,0,0
213000347,0,0,0
213000348,1,48,-47
213000349,1,4,-3
213000350,45,496,-451
213000366,8,83,-75
213000367,2,0,2
213000379,14,64,-50
213000386,1,99,-98
213000406,37,165,-128
213000417,51,14,37
213000425,0,0,0
213000426,0,0,0
213000427,1,70,-69
213000428,0,57,-57
213000429,0,1,-1
213000430,2,59,-57
213000431,20,1,19
213000432,0,0,0
213000433,1,18,-17
213000434,0,0,0
213000435,0,0,0
213000436,0,0,0
213000437,0,0,0
213000438,0,0,0
213000439,1,0,1
213000440,0,36,-36
213000441,0,0,0
213000442,0,0,0
213000443,5,22,-17
213000444,1,12,-11
213000445,0,9,-9
213000446,2,0,2
213000447,1,0,1
213000448,0,0,0
213000449,0,0,0
213000450,0,0,0
213000451,0,0,0
213000452,0,0,0
213000453,9,96,-87
213000455,0,1,-1
213000456,0,32,-32
213000481,0,0,0
213000482,0,0,0
213000489,0,0,0
213000491,0,19,-19
213000492,0,0,0
213000493,0,14,-14
213000494,0,0,0
213000495,0,52,-52
213000496,0,0,0
213000497,10,138,-128
213000498,15,108,-93
213000499,18,184,-166
213000500,0,0,0
213000501,0,0,0
213000502,0,0,0
213000503,0,37,-37
213000504,9,59,-50
213000505,0,2,-2
213000506,0,6,-6
213000507,3,154,-151
213900244,0,0,0
213900245,0,23,-23
218000003,6,39,-33
218000004,5,7,-2
218000005,0,0,0
218000006,10,71,-61
218000007,4,15,-11
218000012,199,30,169
218000013,34,172,-138
218000014,332,284,48
218000019,676,325,351
218000020,290,308,-18
218000021,6,27,-21
218000022,1,16,-15
218000023,0,8,-8
218000024,0,3,-3
218000025,1,6,-5
218000026,1,16,-15
218000027,1,5,-4
218000028,1,2,-1
218000029,0,2,-2
218000030,4,3,1
218000031,0,11,-11
218000032,0,9,-9
218000040,3,2,1
218000046,10,109,-99
218000047,5,116,-111
218000048,6,209,-203
218000049,20,114,-94
218000050,115,234,-119
218000051,33,314,-281
218000052,0,31,-31
218000053,0,5,-5
218000054,3,22,-19
218000055,3,11,-8
218000056,2,22,-20
218000057,3,15,-12
218000064,0,0,0
218000065,0,1,-1
218000066,2,1,1
218000067,12,83,-71
218000068,16,81,-65
218000069,48,210,-162
218000070,50,265,-215
218000071,142,201,-59
218000072,317,186,131
218000078,259,578,-319
218000079,20,69,-49
218000080,54,105,-51
218000081,123,151,-28
218000082,10,56,-46
218000083,11,58,-47
218000084,61,161,-100
218000085,176,270,-94
218000086,48,108,-60
218000087,99,126,-27
218000090,24,94,-70
218000091,297,200,97
218000092,48,168,-120
218000093,69,102,-33
218000094,219,648,-429
218000099,150,321,-171
218000100,109,264,-155
218000101,45,134,-89
218000102,80,181,-101
218000103,25,130,-105
218000104,15,28,-13
218000105,10,11,-1
218000106,27,11,16
218000107,16,153,-137
218000108,0,79,-79
218000112,19,15,4
218000117,0,0,0
218000134,186,354,-168
218000135,16,29,-13
218000136,49,14,35
218000137,31,87,-56
218000138,2,22,-20
218000139,21,122,-101
218000140,54,82,-28
218000141,1,15,-14
218000142,39,117,-78
218000143,5,105,-100
218000144,5,23,-18
218000145,65,211,-146
218000146,35,121,-86
218000151,4,19,-15
218000152,28,57,-29
218000153,0,4,-4
218000154,1,0,1
218000155,1,1,0
218000156,43,8,35
218000157,2,14,-12
218000158,0,7,-7
218000159,9,5,4
218000160,0,6,-6
218000161,6,5,1
218000162,19,16,3
218000163,5,1,4
218000164,34,7,27
218000165,41,24,17
218000170,0,28,-28
218000171,20,6,14
218000172,1,6,-5
218000173,5,9,-4
218000174,5,4,1
218000176,68,19,49
218000177,189,32,157
218000178,71,30,41
218000179,78,16,62
218000180,39,3,36
218000181,56,4,52
218000187,1,6,-5
218000188,3,13,-10
218000189,4,26,-22
218000190,1,10,-9
218000191,28,68,-40
218000192,58,200,-142
218000193,266,268,-2
218000194,76,307,-231
218000195,113,93,20
218000196,151,215,-64
218000197,90,192,-102
218000198,6,106,-100
218000199,27,27,0
218000200,7,28,-21
218000201,8,16,-8
218000202,115,47,68
218000207,4,117,-113
218000208,10,35,-25
218000211,6,42,-36
218000212,2,0,2
218000213,70,19,51
218000214,1,4,-3
218000215,12,53,-41
218000217,2,33,-31
218000218,93,63,30
218000219,3,13,-10
218000220,100,156,-56
218000221,102,130,-28
218000222,26,33,-7
218000223,206,70,136
218000224,0,26,-26
218000225,175,38,137
218000226,67,47,20
218000230,0,0,0
218000232,28,58,-30
218000239,0,0,0
218000240,0,0,0
218000241,0,0,0
218000242,0,0,0
218000243,0,0,0
218000244,0,0,0
218000245,0,0,0
218000246,0,0,0
218000247,0,0,0
218000248,0,14,-14
218000249,0,2,-2
218000250,10,8,2
218000251,0,11,-11
218000252,0,21,-21
218000253,0,1,-1
218000254,0,2,-2
218000255,0,2,-2
218000256,1,14,-13
218000267,87,680,-593
218000268,2,52,-50
218000269,7,16,-9
218000270,33,183,-150
218000271,84,315,-231
218000273,0,0,0
218000274,0,0,0
218000275,21,54,-33
218000276,13,114,-101
218000278,24,43,-19
218000279,32,65,-33
218000280,3,38,-35
218000281,4,17,-13
218000282,56,52,4
218000284,0,0,0
218000301,16,46,-30
218000302,16,23,-7
218000303,23,23,0
218000316,388,367,21
218000317,226,448,-222
218000318,101,434,-333
218000319,281,854,-573
218000320,289,441,-152
218000338,4,8,-4
218000345,28,65,-37
218000346,0,0,0
218000459,32,119,-87
218000490,3,13,-10
218000501,2,2,0
218000502,11,92,-81
218000503,14,5,9
218000504,23,1,22
218000505,26,138,-112
218000506,37,100,-63
218000508,0,8,-8
218000510,60,9,51
218000520,49,81,-32
218000521,1,4,-3
218000522,1,72,-71
218000523,4,7,-3
218000524,9,39,-30
218000525,4,6,-2
218000526,3,30,-27
218000529,4,17,-13
218000530,8,0,8
218000531,0,0,0
218000532,8,25,-17
218000534,0,0,0
218000537,0,0,0
218000538,31,42,-11
218000540,94,44,50
218000543,82,32,50
218000544,38,255,-217
218000545,14,24,-10
218000546,30,103,-73
218000547,50,43,7
218000548,52,99,-47
218000549,60,46,14
218000550,145,311,-166
218000551,180,223,-43
218000552,80,29,51
218000553,3,27,-24
218000554,4,13,-9
218000555,2,14,-12
218000556,97,362,-265
218000557,137,69,68
218000558,0,1,-1
218000559,0,11,-11
218000560,0,6,-6
218000561,0,0,0
218000562,9,67,-58
218000563,15,4,11
218000564,3,33,-30
218000565,7,6,1
218000566,8,9,-1
218000567,0,17,-17
218000568,0,0,0
218000569,3,18,-15
218000570,2,6,-4
218000571,0,15,-15
218000572,0,0,0
218000573,1,5,-4
218000574,5,14,-9
218000575,0,0,0
218000576,1,7,-6
218000577,0,0,0
218000578,0,8,-8
218000579,2,0,2
218000581,0,31,-31
218000582,0,0,0
218000583,1,0,1
218000584,0,24,-24
218000585,3,0,3
218000586,1,25,-24
218000587,0,0,0
218000588,0,0,0
218000589,0,0,0
218000590,0,0,0
218000591,0,14,-14
218000592,0,0,0
218000593,0,0,0
218000594,0,0,0
218000596,0,0,0
218000597,0,0,0
218000598,0,0,0
218000599,0,0,0
218000600,0,0,0
218000601,0,0,0
218000602,0,1,-1
218000603,0,0,0
218000604,0,0,0
218000605,0,9,-9
218000606,0,0,0
218000607,1,8,-7
218000608,0,1,-1
218000609,1,9,-8
218000610,0,0,0
218000611,0,0,0
218000612,0,12,-12
218000613,3,0,3
218000614,0,13,-13
218000615,4,2,2
218000616,2,54,-52
218000617,3,0,3
218000618,0,10,-10
218000619,2,3,-1
218000620,2,11,-9
218000621,0,0,0
218000622,0,0,0
218000623,1,0,1
218000624,0,6,-6
218000625,1,0,1
218000626,0,1,-1
218000628,13,14,-1
218000631,0,0,0
218000632,0,7,-7
218000633,0,0,0
218000634,1,9,-8
218000635,2,5,-3
218000636,319,666,-347
218000637,224,264,-40
218000638,0,0,0
218000639,6,414,-408
218000640,0,0,0
218000641,7,271,-264
218000652,51,54,-3
218000653,121,103,18
218000663,3,15,-12
218000675,3,10,-7
218000676,1,8,-7
218000677,2,3,-1
218000680,14,59,-45
218000681,0,0,0
218000691,9,58,-49
218000693,0,0,0
218000703,2,19,-17
218000718,60,126,-66
218000719,8,30,-22
218000720,2,11,-9
218000721,1,0,1
218000725,0,6,-6
218001147,3,263,-260
218001214,3,10,-7
218001258,0,0,0
218001329,0,0,0
218001330,17,14,3
218001351,0,0,0
218001352,0,1,-1
218001353,0,0,0
218001354,0,0,0
218001355,52,208,-156
218001356,0,2,-2
218001357,6,159,-153
218001358,0,0,0
218001361,0,0,0
218001362,1,259,-258
219000001,11,73,-62
219000002,32,78,-46
219000003,163,36,127
219000004,219,79,140
219000017,34,16,18
219000020,20,7,13
219000022,15,0,15
219000023,32,0,32
219000029,0,58,-58
219000034,0,0,0
219000039,38,27,11
219000040,8,23,-15
219000041,66,48,18
219000051,0,52,-52
219000052,0,31,-31
219000053,2,143,-141
219000054,22,106,-84
219000055,23,0,23
219000056,3,1,2
219000057,17,0,17
219000062,0,45,-45
219000063,43,29,14
219000064,1,20,-19
219000110,36,12,24
219000111,47,17,30
219000112,42,14,28
219000113,52,16,36
219000114,62,7,55
219000116,89,67,22
219000117,156,140,16
219000118,56,159,-103
219000123,140,73,67
219000124,45,43,2
219000125,12,27,-15
219000126,25,46,-21
219000127,0,9,-9
219000128,6,113,-107
219000129,21,193,-172
219000130,1449,664,785
219000131,1509,1366,143
219000133,13,61,-48
219000134,20,29,-9
219000135,197,86,111
219000136,290,211,79
219000138,1,32,-31
219000139,6,54,-48
219000140,0,0,0
219000141,7,81,-74
219000142,3,62,-59
219000143,4,43,-39
219000145,0,19,-19
219000146,18,39,-21
219000147,2,41,-39
219000148,1,48,-47
219000149,21,149,-128
219000150,4,94,-90
219000151,1,77,-76
219000157,99,68,31
219000158,61,197,-136
219000161,120,48,72
219000163,817,177,640
219000166,41,39,2
219000167,78,193,-115
219000168,116,18,98
219000174,0,0,0
219000175,0,0,0
219000176,0,0,0
219000177,0,0,0
219000178,0,0,0
219000179,0,0,0
219000180,8,17,-9
219000182,0,0,0
219000183,1,15,-14
219000184,0,0,0
219000185,0,121,-121
219000186,2,24,-22
219000187,9,65,-56
219000189,82,144,-62
219000190,222,244,-22
219000191,1043,492,551
219000192,212,421,-209
219000193,295,263,32
219000195,1,37,-36
219000196,4,65,-61
219000198,11,88,-77
219000199,37,119,-82
219000200,16,122,-106
219000201,31,91,-60
219000203,9,116,-107
219000204,22,129,-107
219000205,22,191,-169
219000207,81,128,-47
219000209,20,47,-27
219000210,17,48,-31
219000213,3,122,-119
219000239,47,77,-30
219000240,73,120,-47
219000241,20,98,-78
219000242,20,110,-90
219000243,28,158,-130
219000244,2,51,-49
219000245,7,26,-19
219000246,0,0,0
219000247,0,0,0
219000248,0,0,0
219000249,0,0,0
219000250,0,0,0
219000251,0,0,0
219000252,0,0,0
219000253,0,0,0
219000255,0,0,0
219000256,0,0,0
219000257,0,0,0
219000262,36,204,-168
219000263,30,141,-111
219000267,4,143,-139
219000268,9,11,-2
219000269,0,0,0
219000270,0,0,0
219000271,84,4,80
219000278,2,12,-10
219000279,2,6,-4
219000283,0,9,-9
219000295,21,65,-44
219000296,49,347,-298
219000297,6,113,-107
219000298,10,145,-135
219000299,0,0,0
219000300,19,248,-229
219000301,57,243,-186
219000302,7,129,-122
219000307,30,70,-40
219000308,50,49,1
219000311,0,0,0
219000312,0,0,0
219000313,0,0,0
219000314,92,367,-275
219000315,0,0,0
219000316,0,0,0
219000317,0,0,0
219000320,0,24,-24
219000321,0,14,-14
219000323,7,43,-36
219000325,1,25,-24
219000326,34,96,-62
219000327,36,44,-8
219000328,19,30,-11
219000329,389,198,191
219000330,12,48,-36
219000331,34,63,-29
219000332,0,0,0
219000333,0,0,0
219000335,0,0,0
219000337,0,0,0
219000338,0,0,0
219000344,45,72,-27
219000345,71,91,-20
219000346,37,113,-76
219000348,30,89,-59
219000349,22,164,-142
219000350,22,62,-40
219000351,2,1,1
219000352,66,52,14
219000353,56,59,-3
219000354,50,126,-76
219000355,31,2,29
219000356,851,358,493
219000363,229,65,164
219000364,132,37,95
219000365,97,12,85
219000366,398,148,250
219000368,201,61,140
219000370,341,133,208
219000371,6,20,-14
219000382,12,25,-13
219000383,473,441,32
219000385,520,284,236
219000386,586,774,-188
219000387,0,1,-1
219000390,0,0,0
219000391,0,0,0
219000397,54,101,-47
219000398,96,57,39
219000401,4,43,-39
219000402,7,26,-19
219000403,19,48,-29
219000404,3,19,-16
219000407,4,15,-11
219000409,0,0,0
219000410,0,0,0
219000411,0,0,0
219000446,128,459,-331
219000447,0,30,-30
219000448,0,0,0
219000452,0,0,0
219000453,20,60,-40
219000454,115,66,49
219000556,0,0,0
219000558,68,144,-76
219000590,7,47,-40
219000591,0,0,0
219000592,54,271,-217
219000595,0,27,-27
219000635,0,0,0
219000636,23,88,-65
219000657,14,13,1
219000658,13,30,-17
219000673,0,52,-52
219000676,0,2,-2
219000679,18,22,-4
219000684,12,1,11
219000685,0,0,0
219000686,0,0,0
219000688,0,162,-162
219000689,60,68,-8
219000690,0,0,0
219000691,23,27,-4
219000692,3,24,-21
219000693,2,30,-28
219000694,0,0,0
219000695,0,0,0
219000698,0,0,0
219000699,1,6,-5
219000727,1,190,-189
219000728,53,0,53
219000770,0,0,0
219000771,1,21,-20
219000788,107,64,43
219001150,3,7,-4
219001151,116,54,62
219001166,0,0,0
219001167,4,32,-28
219001178,13,0,13
220000001,7,32,-25
220000002,13,72,-59
220000003,189,244,-55
220000004,179,327,-148
220000005,701,835,-134
220000006,106,570,-464
220000007,178,693,-515
220000008,140,694,-554
220000009,181,311,-130
220000010,27,47,-20
220000011,138,79,59
220000012,7,16,-9
220000014,6,25,-19
220000015,0,0,0
220000017,4,62,-58
220000018,218,126,92
220000019,25,100,-75
220000020,61,169,-108
220000021,181,93,88
220000022,223,303,-80
220000023,94,144,-50
220000024,641,352,289
220000025,157,303,-146
220000026,180,91,89
220000027,7,37,-30
220000028,29,47,-18
220000029,50,120,-70
220000030,26,60,-34
220000031,34,103,-69
220000064,0,0,0
221000046,3,0,3
221000047,0,0,0
221000048,0,0,0
221000049,0,10,-10
221000050,2,1,1
221000055,30,34,-4
221000057,16,1,15
221000068,90,27,63
221000069,47,15,32
221000070,49,10,39
221000071,4,1,3
221000072,38,4,34
221000073,13,40,-27
221000074,0,6,-6
221000075,1,14,-13
221000076,10,50,-40
221000077,18,75,-57
221000081,6,0,6
221000082,4,0,4
221000083,1,0,1
221000084,0,0,0
221000085,3,36,-33
221000086,10,120,-110
221000087,2,86,-84
221000088,17,85,-68
221000089,24,117,-93
221000090,213,211,2
221000098,6,9,-3
221000099,54,2,52
221000100,6,1,5
221000101,65,3,62
221000102,27,2,25
221000109,9,83,-74
221000110,5,132,-127
221000111,16,111,-95
221000112,3,106,-103
221000113,13,136,-123
221000114,12,145,-133
221000120,0,2,-2
221000121,0,0,0
221000122,0,0,0
221000123,1,4,-3
221000124,0,37,-37
221000155,0,0,0
221000156,0,0,0
221000175,0,0,0
221000176,0,0,0
221000182,15,0,15
221000241,266,59,207
221000242,313,238,75
221000243,93,26,67
221000244,58,231,-173
221000245,10,47,-37
221000246,17,110,-93
221000247,12,60,-48
221000248,13,91,-78
221000267,2,172,-170
221000325,3,5,-2
221000331,0,4,-4
221000338,0,0,0
221000378,0,0,0
221000381,5,18,-13
222000282,0,0,0
222000296,0,1,-1
222000568,0,0,0
222000569,0,0,0
222000570,0,0,0
222000571,0,0,0
222000577,0,26,-26
222000578,0,10,-10
222000579,7,14,-7
222000580,20,81,-61
222000599,0,19,-19
222000600,0,35,-35
222000601,1,77,-76
222000603,1,0,1
222000604,0,1,-1
222000605,0,0,0
222000606,0,1,-1
222000607,0,0,0
222000608,0,1,-1
222000609,0,7,-7
222000616,0,0,0
222000617,0,0,0
222000618,0,0,0
222000620,0,0,0
222000621,0,0,0
222000623,0,0,0
222000624,0,0,0
222000625,0,1,-1
222000636,0,0,0
222000686,0,0,0
222000687,0,0,0
222001066,0,0,0
222001067,0,0,0
222001068,0,0,0
222001069,0,0,0
222001082,1,19,-18
222001083,0,15,-15
222001084,0,3,-3
222001085,0,32,-32
222001111,0,51,-51
222001112,0,0,0
222001313,0,0,0
222001314,0,0,0
222001464,0,0,0
222001465,0,0,0
222001484,0,0,0
222001485,0,1,-1
222001494,0,0,0
222001495,0,0,0
222001496,0,0,0
222001497,0,0,0
222001502,23,75,-52
222001503,0,0,0
222001504,3,148,-145
222001505,0,0,0
222001506,20,173,-153
222001507,0,0,0
222001510,0,0,0
222001511,10,111,-101
222001514,0,0,0
222001515,51,262,-211
222001518,0,0,0
222001519,10,129,-119
222001527,0,0,0
222001528,14,79,-65
222001529,0,0,0
222001530,28,88,-60
222001533,86,314,-228
222001534,0,0,0
222001535,0,0,0
222001536,0,0,0
222001537,0,0,0
222001538,12,179,-167
222001563,0,0,0
222001564,15,333,-318
222001568,0,40,-40
222001576,0,0,0
222001579,0,0,0
222001583,0,0,0
222001584,0,0,0
222001596,27,341,-314
222001597,0,0,0
222001626,1,20,-19
222001650,0,13,-13
222001651,0,0,0
222001914,0,0,0
222001915,20,72,-52
222001968,0,0,0
222001969,0,0,0
222001970,0,0,0
222001971,0,0,0
222001972,0,4,-4
225000001,29,1,28
225000002,20,2,18
225000003,18,3,15
225000004,32,11,21
225000005,1,4,-3
225000006,1,64,-63
225000007,1425,400,1025
225000010,75,0,75
225000011,0,0,0
225000012,0,0,0
225000013,0,0,0
225000014,0,0,0
225000015,33,87,-54
225000021,0,0,0
225000027,101,287,-186
225000032,0,0,0
225000042,28,363,-335
225000049,20,35,-15
225000050,41,2,39
225000053,5,144,-139
225000058,0,0,0
225000067,34,167,-133
225000068,26,275,-249
225000069,72,294,-222
225000070,51,217,-166
225000071,17,139,-122
225000075,25,350,-325
225000076,46,53,-7
225000078,0,0,0
225000085,0,0,0
225000086,0,0,0
225000087,0,0,0
225000088,1,75,-74
225000089,463,269,194
225000090,15,121,-106
225000091,20,73,-53
225000092,17,41,-24
225000093,34,242,-208
225000094,7,259,-252
225000095,125,255,-130
225000096,62,173,-111
225000098,35,12,23
225000099,18,13,5
225000100,24,3,21
225000104,11,227,-216
225000110,7,160,-153
225000111,44,399,-355
225000112,71,458,-387
225000113,37,226,-189
225000114,34,147,-113
225000115,945,168,777
225000116,0,0,0
225000117,0,0,0
225000118,0,0,0
225000119,0,0,0
225000120,0,0,0
225000121,0,0,0
225000123,0,0,0
225000125,18,45,-27
225000126,298,17,281
225000127,308,29,279
225000128,42,18,24
225000132,55,18,37
225000133,73,20,53
225000134,202,15,187
225000135,42,2,40
225000136,40,2,38
225000137,21,8,13
225000138,124,2,122
225000143,23,96,-73
225000144,1,192,-191
225000145,0,0,0
225000146,1,62,-61
225000147,11,245,-234
225000148,1,145,-144
225000149,70,298,-228
225000151,25,161,-136
225000155,80,146,-66
225000156,42,222,-180
225000157,42,160,-118
225000158,45,270,-225
225000171,1,92,-91
225000180,12,1,11
225000181,1,22,-21
225000182,0,0,0
225000185,11,147,-136
225000187,49,165,-116
225000191,0,3,-3
225000194,3,39,-36
225000208,0,24,-24
225000209,0,0,0
225000210,0,89,-89
225000217,0,17,-17
225000218,0,0,0
225000223,2,32,-30
225000224,0,0,0
225000225,0,6,-6
225000226,0,0,0
225000227,27,30,-3
225000228,0,0,0
225000229,0,39,-39
225000230,0,0,0
225000231,2,76,-74
225000232,0,0,0
225000241,0,0,0
225000242,0,54,-54
225000249,0,0,0
225000250,37,430,-393
225000251,119,17,102
226000042,92,232,-140
226000043,11,155,-144
226000044,52,478,-426
226000045,34,342,-308
226000046,95,14,81
226000047,56,26,30
226000048,86,14,72
226000049,85,18,67
226000070,2,44,-42
226000071,0,32,-32
226000072,0,5,-5
226000073,0,3,-3
226000074,0,7,-7
226000084,0,30,-30
226000085,1,6,-5
226000086,0,5,-5
226000087,0,8,-8
226000088,2,10,-8
226000090,9,2,7
226000091,0,2,-2
226000092,0,0,0
226000093,2,0,2
226000094,2,0,2
226000095,3,1,2
226000105,0,0,0
226000106,3,0,3
226000107,0,0,0
226000108,2,0,2
226000109,13,0,13
226000124,87,32,55
226000134,258,133,125
226000135,330,231,99
226000136,68,55,13
226000137,2,196,-194
226000138,2,150,-148
226000139,0,13,-13
226000156,13,0,13
226000157,32,4,28
226000163,22,33,-11
226000202,1,206,-205
226000231,49,2,47
226000232,2,3,-1
227000033,0,0,0
227000036,0,0,0
227000037,0,0,0
227000038,0,0,0
227000049,0,3,-3
227000050,0,33,-33
227000055,0,0,0
227000056,0,0,0
227000084,0,28,-28
227000085,1,19,-18
227000088,0,0,0
227000089,0,0,0
227000090,0,0,0
227000091,0,0,0
227000093,0,0,0
227000094,0,4,-4
227000130,7,52,-45
227000131,9,192,-183
227000132,6,172,-166
227000133,8,183,-175
227000134,11,243,-232
227000152,0,1,-1
227000153,0,38,-38
227000155,0,12,-12
227000156,0,18,-18
227000165,1,28,-27
227000196,40,132,-92
227000199,16,236,-220
227000230,50,228,-178
227000232,0,0,0
227000242,70,300,-230
227000243,0,0,0
227000245,20,366,-346
227000246,36,438,-402
227000247,0,0,0
227000248,0,0,0
227000249,34,250,-216
227000250,6,7,-1
227000251,150,397,-247
227000252,18,341,-323
227000253,0,0,0
227000262,0,0,0
227000266,0,0,0
227000267,22,904,-882
227000282,32,99,-67
227000284,0,0,0
227000286,18,39,-21
227000287,21,83,-62
227000291,42,259,-217
227000484,0,0,0
227000485,39,412,-373
227000655,0,0,0
227000656,0,0,0
227000657,0,0,0
227000661,0,0,0
227000680,0,0,0
229000265,0,16,-16
229000296,1,8,-7
229000297,6,4,2
229000298,11,33,-22
229000320,0,0,0
229000321,0,1,-1
229000412,1,7,-6
229000414,0,21,-21
229000415,1,0,1
229000416,0,2,-2
229000417,0,2,-2
229000419,13,95,-82
229000440,44,8,36
229000442,0,0,0
229000443,0,0,0
229000444,0,13,-13
229000445,1,1,0
229000446,0,3,-3
229000491,0,2,-2
229000492,3,11,-8
229000493,1,7,-6
229000494,10,17,-7
229000495,86,67,19
229000496,3,40,-37
229000507,0,1,-1
229000508,0,0,0
229000509,0,0,0
229000510,0,0,0
229000511,0,2,-2
229000512,0,0,0
229000513,0,0,0
229000514,0,0,0
229000517,0,0,0
229000518,1,8,-7
229000519,0,1,-1
229000520,0,5,-5
229000521,13,28,-15
229000522,0,14,-14
229000523,6,12,-6
229000524,0,28,-28
229000527,1,9,-8
229000528,1,3,-2
229000529,4,1,3
229000530,22,27,-5
229000531,8,13,-5
229000532,39,11,28
229000533,94,50,44
229000534,35,12,23
229000564,43,4,39
229000565,7,2,5
229000566,0,0,0
229000567,0,0,0
229000582,135,9,126
229000583,6,8,-2
229000584,0,0,0
229000585,0,3,-3
229000718,0,0,0
229000719,0,0,0
229000720,0,2,-2
229000721,0,1,-1
229000722,0,0,0
229000723,0,0,0
229000724,0,0,0
229000725,0,0,0
229000738,5,1,4
229000739,0,0,0
229000740,2,0,2
229000741,31,0,31
229000742,13,0,13
229000743,30,2,28
229000744,3,0,3
229000745,4,0,4
229000746,47,1,46
229000847,42,2,40
229000848,31,2,29
229000849,354,4,350
229000851,17,1,16
229000854,0,32,-32
229000856,2,76,-74
229000857,0,16,-16
229000858,0,72,-72
229000919,7,70,-63
229000930,1,111,-110
229000937,205,25,180
229000966,68,34,34
229000981,14,47,-33
229000985,0,10,-10
229000986,0,0,0
229000987,0,0,0
229000988,0,2,-2
229000989,0,0,0
229000990,0,0,0
229000991,0,1,-1
229000992,0,0,0
229000993,17,1,16
229000998,7,4,3
229000999,5,0,5
229001034,0,2,-2
229001035,0,0,0
229001037,0,17,-17
229001042,2,2,0
229001047,0,7,-7
229001050,3,22,-19
229001168,0,2,-2
229001200,0,0,0
229001338,1,9,-8
229001394,310,5,305
229001422,322,24,298
229001423,18,111,-93
229001431,232,54,178
229001432,26,49,-23
229001444,6,5,1
229001445,1,80,-79
229001479,5,5,0
229001503,284,63,221
229001504,37,125,-88
229001505,408,92,316
229001506,47,130,-83
229001509,1,11,-10
229001545,89,15,74
229001546,4,66,-62
229001553,83,8,75
229001554,6,98,-92
229001559,0,4,-4
229001560,0,1,-1
229001630,6,0,6
229001631,5,15,-10
229001635,0,5,-5
229001636,0,0,0
229001658,3,47,-44
229001659,138,7,131
229001660,0,0,0
229001661,0,3,-3
229001662,10,0,10
229001663,0,6,-6
229002584,9,13,-4
229002831,36,25,11
229002841,0,6,-6
229002842,0,3,-3
229002843,0,0,0
229002844,1,14,-13
229002845,0,25,-25
229002846,0,2,-2
229002847,0,6,-6
229002848,0,2,-2
229002849,1,14,-13
229002850,0,2,-2
229002851,1,14,-13
229002852,5,0,5
229002853,7,0,7
229002854,1,24,-23
229002855,0,14,-14
229002856,8,2,6
229002857,0,11,-11
229002858,1,2,-1
229002859,0,13,-13
229002860,2,1,1
229002861,1,4,-3
229002862,1,0,1
229002863,1,6,-5
229002864,0,6,-6
229002865,6,3,3
229002866,0,2,-2
229002867,1,2,-1
229002868,2,4,-2
229002869,0,19,-19
229002870,1,0,1
235000066,0,0,0
235000067,0,0,0
235000072,26,45,-19
235000073,55,179,-124
235000074,4,57,-53
235000080,6,50,-44
235000081,25,102,-77
235000082,0,0,0
235000083,0,0,0
235000084,0,0,0
235000085,0,0,0
235000089,0,0,0
235000092,13,105,-92
235000093,2,3,-1
235000097,0,0,0
235000098,0,0,0
235000099,0,0,0
235000116,0,0,0
235000117,0,0,0
235000133,8,142,-134
235000134,1,63,-62
235000206,1,0,1
235000207,0,0,0
235000208,0,0,0
235000209,0,0,0
235000210,0,0,0
235000212,1,10,-9
235000213,0,4,-4
235000220,1,3,-2
235000221,14,6,8
235000238,1,1,0
235000239,0,0,0
235000242,43,9,34
235000245,723,141,582
235000246,5,38,-33
235000284,5,47,-42
235000295,0,0,0
235000305,0,0,0
235000306,0,0,0
235000307,0,0,0
235000308,0,0,0
235000309,0,0,0
235000310,0,0,0
235000311,0,2,-2
235000322,0,7,-7
235000323,0,10,-10
235000324,0,5,-5
235000325,0,5,-5
235000326,3,90,-87
235000351,1,27,-26
235000352,2,31,-29
235000353,0,5,-5
235000354,0,11,-11
235000355,1,24,-23
235000356,0,0,0
235000357,0,0,0
235000358,0,0,0
235000359,0,0,0
235000360,0,0,0
235000361,0,0,0
235000381,27,277,-250
235000382,0,0,0
235000390,0,0,0
235000391,0,0,0
235000392,0,0,0
235000393,0,0,0
235000395,0,0,0
235000396,0,0,0
235000400,0,0,0
235000401,7,129,-122
235000405,42,262,-220
235000406,13,139,-126
235000407,34,90,-56
235000409,140,116,24
235000410,20,128,-108
235000411,0,42,-42
235000485,0,10,-10
235000486,0,0,0
235000549,0,0,0
235000550,53,109,-56
235000599,52,46,6
235000600,4,7,-3
235000601,0,0,0
235000602,0,0,0
235000614,0,3,-3
235000648,0,70,-70
235000649,0,0,0
235000685,0,2,-2
235000815,2,11,-9
235000834,0,3,-3
235000855,0,0,0
235000862,12,160,-148
235000891,0,6,-6
235000892,3,13,-10
235000901,65,68,-3
235000907,5,4,1
235001010,0,0,0
235001029,396,237,159
235001030,0,0,0
235001078,0,0,0
235001079,36,88,-52
235001147,0,0,0
235001166,0,0,0
235001167,7,29,-22
235001169,6,132,-126
235001188,1,3,-2
235001189,1,1,0
235001197,2,29,-27
235001200,21,42,-21
235001207,0,0,0
235001210,32,281,-249
235001215,18,198,-180
235001239,1,26,-25
235001244,0,0,0
235016267,0,11,-11
277101746,0,20,-20
277102712,0,0,0
277103813,0,0,0
277103814,0,0,0
277103898,0,0,0
277104249,0,2,-2
277104250,0,0,0
277104251,0,3,-3
277104252,0,0,0
990011530,0,148,-148
990014944,2,252,-250
990015176,0,0,0
990015618,0,26,-26
990016032,0,85,-85
990032570,2,18,-16
990070001,0,1,-1
990070103,0,2,-2
990070601,0,17,-17
990070751,0,0,0
990070766,0,110,-110
990071180,0,62,-62
990071343,0,0,0
990071387,0,4,-4
990071823,0,0,0
990072600,0,349,-349
990072964,1,172,-171
990073285,0,1,-1
990074393,1,234,-233
990074870,0,0,0
990075106,0,1,-1
990075746,0,1,-1
990076437,0,1,-1
990076458,2,372,-370
997000007,0,1,-1
997000041,0,89,-89
997000058,0,2,-2
997000062,0,0,0
997000069,0,3,-3
997000070,0,23,-23
997000100,0,0,0
997000141,0,0,0
997000198,0,0,0
998000475,0,14,-14
998000736,0,59,-59
998000965,0,0,0
998001031,0,33,-33
998001700,0,13,-13
998001899,0,3,-3
998001900,36,0,36
998003073,0,2,-2
998101900,0,0,0
998102850,0,1,-1
998501927,2,183,-181
998501929,4,0,4
998501930,7,0,7
998501931,1,3,-2
998501932,36,9,27
998501933,6,8,-2
998501937,0,1,-1
998501944,0,0,0
998501950,0,7,-7
998501970,1,1,0
998501971,0,81,-81
998501973,0,19,-19
998501974,0,140,-140
998501975,2,0,2
998501976,4,1,3
998501977,0,21,-21
998501978,0,0,0
998501979,0,9,-9
998501980,0,1,-1
998501981,0,0,0
998501982,1,130,-129
998501983,1,0,1
998502006,0,0,0
998502024,0,3,-3
998502032,0,2,-2
998502062,3,0,3
998502063,0,0,0
998502173,0,0,0
998502269,0,0,0
998502546,0,15,-15
998502578,0,0,0
998502599,0,6,-6
998502621,0,0,0
998601159,1,61,-60
998601292,0,1,-1
999033574,1,273,-272
999800001,0,0,0
999800002,0,0,0
999800003,0,10,-10
999800004,0,10,-10
999800005,0,9,-9
