ID,insum,outsum,diff
100000001,723,786,-63
100000002,2067,2125,-58
100000003,4447,4025,422
100000004,1192,1011,181
100000005,1879,4104,-2225
100000006,447,168,279
100000007,1563,647,916
100000008,200,409,-209
100000009,483,275,208
100000010,34,72,-38
100000011,620,54,566
100000012,86,467,-381
100000013,20,123,-103
100000014,359,288,71
100000015,1370,1626,-256
100000016,733,1216,-483
100000017,495,692,-197
100000018,768,471,297
100000019,2761,1696,1065
100000020,1565,4448,-2883
100000021,3377,1972,1405
100000022,872,1717,-845
100000023,3360,1481,1879
100000025,799,1054,-255
100000028,928,1163,-235
100000029,153,338,-185
100000030,121,41,80
100000031,2979,4947,-1968
100000032,1619,2902,-1283
100000033,818,1833,-1015
100000034,265,461,-196
100000035,1166,1234,-68
100000036,1140,1115,25
100000037,524,298,226
100000038,1865,844,1021
100000039,419,241,178
100000040,176,141,35
100000041,1018,436,582
100000042,800,383,417
100000043,829,376,453
100000044,289,650,-361
100000045,396,723,-327
100000046,561,618,-57
100000047,227,375,-148
100000048,208,249,-41
100000049,1141,1136,5
100000051,410,700,-290
100000053,105,7,98
100000054,351,32,319
100000055,786,225,561
100000056,418,356,62
100000057,1536,588,948
100000058,761,749,12
100000059,62,108,-46
100000060,397,236,161
100000061,1892,369,1523
100000062,1593,519,1074
100000063,799,249,550
100000064,1225,318,907
100000065,347,729,-382
100000066,151,557,-406
100000067,303,552,-249
100000068,431,1132,-701
100000069,230,837,-607
100000072,209,504,-295
100000073,764,808,-44
100000075,647,242,405
100000076,1504,2306,-802
100000077,177,187,-10
100000078,46,40,6
100000079,38,68,-30
100000080,31,69,-38
100000081,131,152,-21
100000102,2217,2316,-99
100000103,2087,1090,997
100000104,2800,2360,440
100000105,1906,1527,379
100000106,1741,2046,-305
100000107,418,903,-485
100000108,376,837,-461
100000109,1187,885,302
100000116,988,795,193
100000117,65,90,-25
100000118,1012,855,157
100000119,697,779,-82
100000121,250,388,-138
100000122,607,909,-302
100000123,1764,3464,-1700
100000124,3042,5464,-2422
100000125,3285,1636,1649
100000126,547,475,72
100000127,1334,598,736
100000128,862,2008,-1146
100000129,408,629,-221
100000130,401,381,20
100000131,1596,2021,-425
100000132,1140,2769,-1629
100000133,3458,2002,1456
100000135,629,1007,-378
100000139,338,333,5
100000140,186,232,-46
100000142,485,546,-61
100000143,1180,476,704
100000144,2577,750,1827
100000147,1144,2569,-1425
100000150,81,324,-243
100000151,790,918,-128
100000153,184,343,-159
100000154,52,175,-123
100000155,17,49,-32
100000156,296,397,-101
100000157,155,106,49
100000158,256,122,134
100000159,271,720,-449
100000165,1168,735,433
100000169,165,656,-491
100000174,411,634,-223
100000179,114,450,-336
100000180,833,1239,-406
100000181,409,164,245
100000188,101,166,-65
100000189,680,285,395
100000190,624,851,-227
100000191,732,528,204
100000192,62,158,-96
100000193,256,178,78
100000330,1000,823,177
100000355,160,472,-312
100000362,3163,2098,1065
100000363,3542,3795,-253
100000364,186,247,-61
100000365,4635,5828,-1193
100000366,4149,2165,1984
100000367,4518,4943,-425
100000368,1430,1209,221
100000369,763,1564,-801
100000370,270,890,-620
100000376,48,207,-159
100000379,1579,1534,45
100000380,3028,3885,-857
100000384,4096,4535,-439
100000385,2892,3568,-676
100000386,5461,4742,719
100000387,3937,4860,-923
100000388,5425,5683,-258
100000389,6202,5889,313
100000390,7382,5829,1553
100000391,5200,8023,-2823
100000392,2578,2996,-418
100000393,2147,4397,-2250
100000394,5575,6454,-879
100000395,3948,3840,108
100000396,5603,3261,2342
100000397,4055,6053,-1998
100000398,7272,5752,1520
100000413,19,18,1
100900002,8,27,-19
100900003,340,160,180
100900004,20,744,-724
100900005,105,27,78
100900006,24,66,-42
100900007,237,9,228
100900008,4,478,-474
100900009,71,88,-17
100900010,37,57,-20
100900011,167,151,16
100900012,0,154,-154
100900013,699,3,696
100900014,5,13,-8
100900015,73,65,8
100900016,4,30,-26
100900017,695,57,638
100900018,1,14,-13
100900019,14,84,-70
100900020,366,17,349
100900021,411,4,407
100900022,20,26,-6
100900023,0,29,-29
100900024,376,1,375
100900025,10,18,-8
100900026,136,84,52
100900027,448,2221,-1773
100900028,110,185,-75
100900029,57,10,47
100900030,4,87,-83
100900031,579,51,528
100900032,274,1,273
100900033,194,207,-13
100900034,783,5,778
100900035,209,0,209
100900036,11,2,9
100900037,125,156,-31
100900038,58,32,26
100900039,221,385,-164
100900040,426,506,-80
100900041,571,512,59
100900042,907,1493,-586
100900043,5,12,-7
100900044,1265,633,632
100900045,9,1,8
100900046,962,11,951
100900047,550,159,391
100900048,121,41,80
100900049,66,129,-63
100900050,8,17,-9
100900051,16,53,-37
100900052,241,44,197
100900053,399,33,366
100900054,24,54,-30
100900055,209,731,-522
100900056,55,126,-71
100900057,1163,750,413
100900058,293,43,250
100900059,81,2,79
100900060,157,4,153
100900061,303,148,155
100900062,11,26,-15
100900063,226,635,-409
100900064,588,32,556
100900065,78,123,-45
100900066,154,124,30
100900067,4,8,-4
100900068,111,81,30
100900069,196,4,192
100900070,361,5,356
100900071,552,163,389
100900072,2,45,-43
100900073,142,283,-141
100900074,2,8,-6
100900075,1751,314,1437
100900076,13,27,-14
100900077,41,39,2
100900078,77,235,-158
100900079,12,19,-7
100900080,43,113,-70
100900081,43,103,-60
100900082,178,390,-212
100900083,12,11,1
100900085,16,399,-383
100900086,114,452,-338
100900088,145,353,-208
100900089,6,3,3
100900090,80,466,-386
100900091,3,14,-11
100900092,201,116,85
100900093,213,268,-55
100900094,158,305,-147
100900095,5,27,-22
100900096,30,96,-66
100900097,10,4,6
100900098,19,31,-12
100900099,29,464,-435
100900100,21,513,-492
100900101,254,66,188
100900102,24,68,-44
100900103,9,12,-3
100900104,7,168,-161
100900105,34,471,-437
100900106,54,4,50
100900107,1532,716,816
100900108,5,37,-32
100900109,30,40,-10
100900110,7,31,-24
100900111,33,143,-110
100900112,3,9,-6
100900113,12,22,-10
100900114,22,10,12
100900115,5,14,-9
100900116,555,550,5
100900117,249,728,-479
100900118,14,54,-40
100900119,29,22,7
100900120,11,13,-2
100900121,282,371,-89
100900122,95,157,-62
100900123,161,128,33
100900124,8,10,-2
100900125,20,87,-67
100900126,223,91,132
100900127,9,16,-7
100900128,66,175,-109
100900129,1,164,-163
100900131,69,209,-140
100900133,48,28,20
100900134,3,2,1
100900135,0,155,-155
100900137,239,137,102
100900138,492,425,67
100900139,10,5,5
100900140,13,357,-344
100900141,5,471,-466
100900142,1,11,-10
100900143,529,414,115
100900144,17,9,8
100900145,74,150,-76
100900146,10,63,-53
100900147,15,506,-491
100900148,27,436,-409
100900149,59,377,-318
100900150,0,40,-40
100900151,138,426,-288
100900152,99,12,87
100900153,4,182,-178
100900154,14,90,-76
100900155,18,10,8
100900156,41,8,33
100900157,12,205,-193
100900159,1,47,-46
100900160,33,6,27
100900161,42,8,34
100900162,19,242,-223
100900163,134,197,-63
100900164,65,46,19
100900165,4,32,-28
100900166,23,3,20
100900167,26,81,-55
100900168,45,118,-73
100900169,139,861,-722
100900170,26,20,6
100900171,9,431,-422
100900172,0,33,-33
100900173,3,205,-202
100900174,224,19,205
100900176,1407,146,1261
100900177,556,185,371
100900178,151,111,40
100900179,163,244,-81
100900180,9,2,7
100900181,104,60,44
100900182,34,23,11
100900184,22,107,-85
100900186,489,298,191
100900187,11,66,-55
100900188,28,9,19
100900189,1141,236,905
100900191,823,768,55
100900192,233,352,-119
100900195,117,182,-65
100900197,17,72,-55
100900198,47,135,-88
100900199,5,13,-8
100900200,642,380,262
100900201,59,536,-477
100900202,59,0,59
100900203,1,80,-79
100900204,88,481,-393
100900205,147,445,-298
100900206,141,77,64
100900207,235,103,132
100900210,80,390,-310
100900211,469,201,268
100900213,97,38,59
100900214,419,133,286
100900215,19,38,-19
100900217,148,86,62
101000001,2539,1897,642
101000002,4874,4667,207
101000003,388,936,-548
101000004,7519,7681,-162
101000006,5709,5298,411
101000007,2076,2729,-653
101000008,1889,1943,-54
101000009,1746,1069,677
101000010,766,744,22
101000011,1205,466,739
101000012,1064,666,398
101000013,654,834,-180
101000014,465,463,2
101000015,1127,797,330
101000016,301,452,-151
101000017,477,447,30
101000018,2026,2025,1
101000020,1595,849,746
101000021,625,407,218
101000022,91,49,42
101000023,984,520,464
101000025,276,379,-103
101000026,251,17,234
101000027,1576,2062,-486
101000028,947,203,744
101000029,176,1059,-883
101000030,1240,127,1113
101000031,534,524,10
101000032,4585,3236,1349
101000033,1581,2948,-1367
101000034,1442,1303,139
101000035,629,332,297
101000036,1396,874,522
101000037,2046,1815,231
101000039,1641,2229,-588
101000040,2447,3566,-1119
101000041,5924,5761,163
101000042,350,828,-478
101000043,4468,5686,-1218
101000045,1077,852,225
101000046,2030,1113,917
101000047,1469,2498,-1029
101000048,481,407,74
101000049,601,1503,-902
101000050,1132,1315,-183
101000051,1244,1782,-538
101000052,1354,962,392
101000053,596,893,-297
101000054,1214,751,463
101000055,948,1017,-69
101000056,27,98,-71
101000057,1529,1197,332
101000058,1027,1045,-18
101000059,1560,1956,-396
101000060,1383,700,683
101000061,651,1405,-754
101000062,551,618,-67
101000063,499,916,-417
101000064,859,945,-86
101000065,310,362,-52
101000066,723,790,-67
101000067,997,775,222
101000068,256,389,-133
101000069,225,80,145
101000070,778,875,-97
101000071,1582,858,724
101000072,658,2376,-1718
101000073,614,986,-372
101000074,3448,3077,371
101000075,3017,3901,-884
101000077,1256,1087,169
101000078,715,1448,-733
101000079,589,367,222
101000080,470,408,62
101000081,1531,1518,13
101000082,2520,2386,134
101000083,2337,1949,388
101000084,1120,641,479
101000085,1315,952,363
101000086,939,941,-2
101000087,699,796,-97
101000088,1049,1016,33
101000089,1092,1298,-206
101000090,1635,994,641
101000091,388,519,-131
101000092,959,676,283
101000093,1235,662,573
101000094,853,745,108
101000095,514,488,26
101000096,373,430,-57
101000097,340,406,-66
101000098,318,418,-100
101000099,660,811,-151
101000100,627,689,-62
101000101,239,325,-86
101000102,555,480,75
101000103,590,436,154
101000104,255,466,-211
101000105,313,249,64
101000106,407,640,-233
101000107,275,331,-56
101000108,630,223,407
101000109,400,65,335
101000110,36,267,-231
101000111,83,125,-42
101000113,168,628,-460
101000114,4840,4763,77
101000115,87,73,14
101000116,84,58,26
101000117,724,215,509
101000119,109,49,60
101000120,162,74,88
101000121,76,48,28
101000122,101,99,2
101000123,51,124,-73
101000124,515,244,271
101000125,220,431,-211
101000128,209,368,-159
101000130,160,235,-75
101000131,872,440,432
101000132,646,624,22
101000135,44,38,6
101000136,422,163,259
101000137,33,273,-240
101000141,983,2537,-1554
101000147,749,369,380
101000148,761,5,756
101000149,168,181,-13
101000150,112,546,-434
101000151,284,40,244
101000152,326,289,37
101000153,402,265,137
101000154,273,813,-540
101000155,329,150,179
101000156,15,286,-271
101000157,58,28,30
101000160,29,45,-16
101000163,188,262,-74
101000164,419,266,153
101000165,198,347,-149
101000166,181,217,-36
101000168,845,414,431
101000252,1985,861,1124
101000254,215,64,151
101000258,21,7,14
101000261,107,40,67
101000262,918,2599,-1681
101000263,215,845,-630
101000265,116,544,-428
101000266,306,293,13
101000269,20,14,6
101000290,844,1864,-1020
101000293,15,45,-30
101000294,524,364,160
101000295,175,308,-133
101000301,553,432,121
101000304,1650,2392,-742
101000305,2171,1072,1099
101000328,112,450,-338
101900001,23,68,-45
101900002,0,10,-10
101900003,43,113,-70
101900004,1,51,-50
101900005,2473,2078,395
101900006,878,63,815
101900007,516,130,386
101900008,88,215,-127
101900009,42,339,-297
101900010,707,612,95
101900011,208,728,-520
101900012,162,142,20
101900013,645,178,467
101900017,17,141,-124
101900018,857,252,605
101900019,202,118,84
101900020,78,40,38
101900021,2,35,-33
101900022,136,859,-723
101900023,132,166,-34
101900026,118,45,73
101900027,20,97,-77
102000001,2031,3606,-1575
102000002,1940,945,995
102000003,2500,5805,-3305
102000004,4150,2193,1957
102000005,1065,1685,-620
102000006,965,1515,-550
102000007,1214,3396,-2182
102000008,2947,1217,1730
102000009,5071,6343,-1272
102000010,3981,2292,1689
102000011,2885,2366,519
102000012,2688,2447,241
102000018,2254,2258,-4
102000019,1709,1157,552
102000026,187,457,-270
102000029,218,178,40
102000030,125,276,-151
102000031,104,123,-19
102000032,483,323,160
102000033,272,292,-20
102000034,427,314,113
102000035,929,643,286
102000036,17,210,-193
102000037,136,66,70
102000038,205,318,-113
102000039,210,64,146
102000040,320,264,56
102000041,155,396,-241
102000042,175,286,-111
102000043,202,207,-5
102000044,279,399,-120
102000045,667,730,-63
102000046,914,499,415
102000047,641,718,-77
102000048,272,561,-289
102000049,806,665,141
102000050,893,978,-85
102000051,349,521,-172
102000052,1010,590,420
102000053,724,749,-25
102000054,570,694,-124
102000055,935,446,489
102000056,992,718,274
102000057,1345,453,892
102000058,869,1000,-131
102000059,1167,1105,62
102000060,891,859,32
102000061,1423,1443,-20
102000062,1836,958,878
102000063,1046,1223,-177
102000064,546,626,-80
102000065,39,113,-74
102000066,665,696,-31
102000067,1664,2448,-784
102000068,6876,2485,4391
102000069,74,1762,-1688
102000070,1189,43,1146
102000071,5614,7870,-2256
102000072,2187,3406,-1219
102000073,755,709,46
102000074,511,806,-295
102000075,137,197,-60
102000076,163,302,-139
102000077,472,555,-83
102000078,919,545,374
102000079,125,201,-76
102000080,259,166,93
102000081,205,671,-466
102000082,631,309,322
102000083,499,226,273
102000084,343,246,97
102000085,1632,750,882
102000086,1055,851,204
102000087,727,1218,-491
102000088,332,280,52
102000089,1061,375,686
102000090,351,800,-449
102000091,987,445,542
102000092,294,535,-241
102000093,746,673,73
102000094,751,646,105
102000095,923,892,31
102000096,515,672,-157
102000097,648,515,133
102000098,458,621,-163
102000099,723,821,-98
102000100,541,1164,-623
102000101,847,850,-3
102000102,286,1222,-936
102000103,1385,397,988
102000104,630,291,339
102000105,279,514,-235
102000106,800,450,350
102000107,1297,491,806
102000108,720,170,550
102000109,528,505,23
102000110,996,847,149
102000111,13,250,-237
102000112,161,122,39
102000113,14,26,-12
102000114,695,281,414
102000115,273,278,-5
102000116,314,398,-84
102000117,158,532,-374
102000118,949,1360,-411
102000119,1191,836,355
102000120,182,393,-211
102000121,889,473,416
102000122,620,784,-164
102000123,933,976,-43
102000124,1135,931,204
102000125,690,813,-123
102000126,579,762,-183
102000127,1068,623,445
102000128,732,845,-113
102000129,1234,638,596
102000130,679,693,-14
102000131,1171,534,637
102000132,457,668,-211
102000133,1762,1338,424
102000134,684,600,84
102000135,667,670,-3
102000136,825,456,369
102000137,756,801,-45
102000138,237,398,-161
102000139,73,496,-423
102000140,246,561,-315
102000141,191,385,-194
102000142,271,300,-29
102000143,173,344,-171
102000144,296,384,-88
102000145,372,367,5
102000146,389,245,144
102000147,469,365,104
102000148,198,431,-233
102000149,194,296,-102
102000150,310,94,216
102000151,106,160,-54
102000152,152,114,38
102000153,1045,490,555
102000154,207,455,-248
102000155,108,245,-137
102000156,281,129,152
102000157,81,297,-216
102000158,433,500,-67
102000159,685,404,281
102000161,2661,1947,714
102000162,163,161,2
102000163,91,550,-459
102000164,755,880,-125
102000165,215,144,71
102000166,68,145,-77
102000167,223,187,36
102000168,272,156,116
102000169,93,404,-311
102000170,417,161,256
102000171,151,178,-27
102000172,144,308,-164
102000173,378,263,115
102000174,59,56,3
102000175,107,81,26
102000176,39,29,10
102000178,190,246,-56
102000179,328,215,113
102000180,758,332,426
102000181,771,451,320
102000182,574,469,105
102000183,1567,1275,292
102000184,1616,686,930
102000185,2499,991,1508
102000186,1261,1348,-87
102000187,820,1053,-233
102000188,981,1099,-118
102000189,1648,601,1047
102000190,526,2066,-1540
102000191,982,438,544
102000192,1104,1352,-248
102000193,72,125,-53
102000194,54,115,-61
102000195,352,331,21
102000196,239,267,-28
102000197,640,237,403
102000198,264,539,-275
102000199,1004,215,789
102000200,294,729,-435
102000201,1011,389,622
102000202,6,75,-69
102000203,306,166,140
102000204,410,471,-61
102000205,898,289,609
102000206,633,442,191
102000207,668,353,315
102000208,417,374,43
102000209,125,39,86
102000210,332,339,-7
102000211,544,201,343
102000212,340,15,325
102000213,6,188,-182
102000214,262,11,251
102000215,11,251,-240
102000216,71,65,6
102000217,12,84,-72
102000218,282,181,101
102000219,278,219,59
102000225,472,644,-172
102000226,1008,430,578
102000227,171,2,169
102000228,1,91,-90
102000229,39,52,-13
102000230,293,346,-53
102000231,250,287,-37
102000232,16,144,-128
102000233,389,424,-35
102000234,139,842,-703
102000236,195,84,111
102000237,362,130,232
102000238,170,189,-19
102000240,351,647,-296
102000241,180,116,64
102000243,29,55,-26
102000245,17,97,-80
102000246,7,32,-25
102000247,502,651,-149
102000248,404,734,-330
102000249,124,112,12
102000250,61,220,-159
102000254,136,204,-68
102000266,24,302,-278
102000271,32,6,26
102000286,366,320,46
102000297,1428,809,619
102000299,0,0,0
102000301,0,0,0
102000305,0,0,0
102000307,0,1,-1
102900001,1019,573,446
102900002,346,40,306
102900003,72,164,-92
102900005,389,225,164
102900006,523,110,413
102900007,437,19,418
102900008,208,62,146
102900009,391,354,37
102900010,335,623,-288
102900011,1380,285,1095
102900012,363,98,265
102900013,43,51,-8
102900015,501,527,-26
102900016,84,79,5
102900017,212,426,-214
102900018,52,117,-65
102900019,280,363,-83
102900020,171,41,130
102900021,61,78,-17
102900022,413,209,204
102900023,38,32,6
102900024,41,64,-23
102900025,207,96,111
102900026,299,1611,-1312
102900027,93,55,38
102900028,180,703,-523
102900029,114,187,-73
102900030,433,243,190
102900031,152,135,17
102900032,77,80,-3
102900033,138,174,-36
102900034,433,74,359
102900035,156,276,-120
102900036,245,347,-102
102900037,309,314,-5
102900038,446,389,57
102900039,9,438,-429
102900040,146,233,-87
102900041,83,173,-90
102900042,207,249,-42
102900043,123,206,-83
102900044,427,1471,-1044
102900045,94,397,-303
102900046,114,239,-125
102900047,133,491,-358
102900048,625,378,247
102900049,117,308,-191
102900050,234,237,-3
102900051,197,190,7
102900053,363,475,-112
102900054,388,847,-459
102900055,131,239,-108
102900056,104,297,-193
102900057,7,61,-54
102900058,259,65,194
102900059,43,55,-12
102900060,100,375,-275
102900061,142,355,-213
102900062,272,670,-398
102900063,1106,375,731
102900064,90,380,-290
102900065,982,331,651
102900066,350,21,329
102900068,101,66,35
102900070,171,388,-217
102900072,18,66,-48
102900073,88,8,80
102900075,61,95,-34
102900076,116,109,7
102900077,35,29,6
102900078,46,65,-19
102900079,182,20,162
102900080,312,30,282
102900081,66,200,-134
102900082,10,172,-162
102900083,171,8,163
102900084,2,38,-36
102900085,336,116,220
102900086,16,68,-52
102900087,91,95,-4
102900088,33,32,1
102900089,182,95,87
102900090,4,272,-268
102900091,184,5,179
102900092,398,524,-126
102900094,4,112,-108
102900095,145,3,142
102900096,42,18,24
102900097,73,197,-124
103000001,1774,1839,-65
103000002,1723,1914,-191
103000003,2550,2142,408
103000004,840,623,217
103000005,1589,2661,-1072
103000006,666,1233,-567
103000007,372,565,-193
103000008,893,551,342
103000009,1091,886,205
103000010,249,140,109
103000011,1353,1026,327
103000012,1093,1219,-126
103000013,2686,1346,1340
103000014,1152,2088,-936
103000015,1294,592,702
103000016,504,1271,-767
103000017,236,316,-80
103000018,533,253,280
103000019,269,254,15
103000020,1843,1122,721
103000021,1537,1598,-61
103000022,683,758,-75
103000023,615,1432,-817
103000024,76,132,-56
103000025,129,655,-526
103000026,600,119,481
103000027,335,544,-209
103000028,314,350,-36
103000029,195,271,-76
103000030,1133,903,230
103000031,905,1577,-672
103000032,1876,1179,697
103000033,2494,2352,142
103000034,999,796,203
103000035,343,1092,-749
103000036,292,458,-166
103000037,450,489,-39
103000038,384,785,-401
103000039,467,253,214
103000040,348,689,-341
103000041,1389,1501,-112
103000042,1060,343,717
103000043,538,669,-131
103000044,233,140,93
103000046,375,451,-76
103000047,614,447,167
103000048,204,181,23
103000049,90,128,-38
103000050,658,396,262
103000051,473,384,89
103000052,674,309,365
103000053,179,618,-439
103000054,2235,1097,1138
103000055,1538,1453,85
103000056,691,954,-263
103000057,781,207,574
103000058,566,667,-101
103000059,465,575,-110
103000060,649,535,114
103000061,438,848,-410
103000062,885,401,484
103000063,735,679,56
103000064,129,152,-23
103000065,7,316,-309
103000066,197,15,182
103000069,446,332,114
103000070,888,616,272
103000071,1113,483,630
103000072,138,495,-357
103000073,606,107,499
103000074,545,100,445
103000075,89,534,-445
103000076,285,319,-34
103000077,32,239,-207
103000078,679,570,109
103000079,587,560,27
103000080,713,354,359
103000081,438,1070,-632
103000082,434,148,286
103000083,102,205,-103
103000084,101,12,89
103000085,1,105,-104
103000086,501,368,133
103000087,73,428,-355
103000088,227,238,-11
103000089,192,366,-174
103000090,1977,803,1174
103000091,510,452,58
103000092,248,186,62
103000093,248,371,-123
103000094,172,83,89
103000095,93,327,-234
103000096,559,91,468
103000097,58,582,-524
103000098,605,137,468
103000099,272,540,-268
103000100,63,524,-461
103000101,791,91,700
103000102,105,422,-317
103000103,569,140,429
103000104,84,87,-3
103000105,164,84,80
103000106,7,140,-133
103000107,204,64,140
103000108,904,605,299
103000109,422,381,41
103000110,422,422,0
103000111,377,352,25
103000112,272,184,88
103000113,422,464,-42
103000114,1040,398,642
103000115,606,472,134
103000116,594,360,234
103000117,383,388,-5
103000118,475,458,17
103000119,804,368,436
103000120,25,93,-68
103000121,163,363,-200
103000122,403,476,-73
103000125,22,244,-222
103000126,747,3,744
103000127,3,168,-165
103000128,200,4,196
103000129,5,109,-104
103000130,97,51,46
103000131,141,116,25
103000132,70,187,-117
103000133,22,118,-96
103000134,340,790,-450
103000135,565,254,311
103000136,538,343,195
103000137,444,538,-94
103000138,647,710,-63
103000139,3,62,-59
103000140,156,30,126
103000141,55,151,-96
103000142,99,67,32
103000143,47,150,-103
103000144,169,85,84
103000145,23,150,-127
103000150,100,47,53
103000152,189,212,-23
103000153,218,167,51
103000156,7,323,-316
103000157,579,2,577
103000159,133,30,103
103000162,84,31,53
103000163,19,24,-5
103000164,13,21,-8
103000165,73,158,-85
103000166,219,299,-80
103000167,161,120,41
103000168,103,147,-44
103000169,219,367,-148
103000170,814,308,506
103000171,66,81,-15
103000172,546,238,308
103000173,651,343,308
103000174,191,253,-62
103000175,302,186,116
103000176,763,606,157
103000177,370,359,11
103000178,155,237,-82
103000179,236,27,209
103000183,157,7,150
103000185,99,30,69
103000186,136,135,1
103000187,561,242,319
103000188,11,91,-80
103000189,624,573,51
103000191,376,342,34
103000292,1060,1641,-581
103000293,894,1945,-1051
103000295,70,83,-13
103000296,191,5,186
103000297,6,16,-10
103000504,40,18,22
103000505,9,15,-6
103000506,1,175,-174
103000507,181,2,179
103000508,57,55,2
103000509,208,473,-265
103900001,0,158,-158
103900002,823,126,697
103900003,1093,148,945
103900004,110,14,96
103900005,18,129,-111
103900006,6,1,5
103900007,60,2,58
103900008,14,0,14
103900009,242,379,-137
103900010,157,255,-98
103900011,288,128,160
103900012,11,21,-10
103900013,45,49,-4
103900014,72,13,59
103900015,66,13,53
103900016,288,151,137
103900017,55,62,-7
103900018,511,149,362
103900019,85,376,-291
103900020,189,374,-185
103900021,336,40,296
103900022,1129,619,510
103900023,126,1,125
103900024,80,333,-253
103900025,16,43,-27
103900026,139,0,139
103900027,614,188,426
103900028,24,272,-248
103900029,1101,173,928
103900030,272,100,172
103900031,38,9,29
103900032,92,86,6
103900033,117,16,101
103900034,35,127,-92
103900035,17,35,-18
103900036,34,24,10
103900037,67,49,18
103900038,126,241,-115
103900039,113,231,-118
103900040,14,145,-131
103900041,62,56,6
103900042,72,293,-221
103900043,212,80,132
103900044,60,203,-143
103900045,274,123,151
103900047,129,20,109
103900048,79,43,36
103900049,183,913,-730
103900050,16,139,-123
103900051,0,44,-44
103900052,234,312,-78
103900053,270,341,-71
103900054,158,289,-131
103900055,366,198,168
103900056,69,46,23
103900057,28,106,-78
103900058,239,414,-175
103900059,0,20,-20
103900060,66,188,-122
103900061,162,23,139
103900062,333,78,255
103900063,7,0,7
103900064,116,3,113
103900065,691,341,350
103900066,120,24,96
103900067,163,10,153
103900068,4,0,4
103900069,66,18,48
103900070,126,220,-94
103900071,19,104,-85
103900072,13,126,-113
103900073,33,31,2
103900074,86,48,38
103900075,211,57,154
103900076,450,405,45
103900077,40,74,-34
103900078,263,73,190
103900079,171,183,-12
103900080,11,39,-28
103900081,93,30,63
103900082,10,123,-113
103900083,1050,916,134
103900084,48,111,-63
103900085,98,131,-33
103900086,686,326,360
103900088,373,473,-100
103900089,59,173,-114
103900090,5,133,-128
103900091,1051,205,846
103900092,628,454,174
103900093,51,261,-210
103900094,23,88,-65
103900095,251,185,66
103900096,25,114,-89
103900097,15,330,-315
103900098,231,107,124
103900099,56,92,-36
103900100,200,239,-39
103900101,92,924,-832
103900102,0,26,-26
103900104,3,29,-26
103900105,87,191,-104
103900106,0,59,-59
103900107,166,151,15
103900108,86,258,-172
103900109,139,77,62
103900110,258,55,203
103900111,100,370,-270
103900112,32,108,-76
103900113,135,246,-111
103900114,395,229,166
103900115,254,182,72
103900116,4020,3004,1016
103900117,99,63,36
103900119,29,81,-52
103900120,60,94,-34
103900122,119,155,-36
103900123,1097,574,523
103900124,68,358,-290
103900125,122,67,55
103900126,511,213,298
103900127,162,299,-137
103900128,153,80,73
103900131,32,82,-50
103900133,861,92,769
103900134,0,8,-8
103900135,3,0,3
103900137,0,22,-22
103900138,163,209,-46
103900139,175,1784,-1609
103900140,18,184,-166
103900141,235,40,195
103900142,134,76,58
103900143,58,4,54
103900144,0,28,-28
103900145,143,212,-69
103900146,318,198,120
103900147,283,137,146
103900148,229,238,-9
103900149,378,429,-51
103900150,4653,3649,1004
103900151,36,172,-136
103900152,511,333,178
103900153,6,3,3
103900154,463,1593,-1130
103900155,65,212,-147
103900156,59,115,-56
103900157,37,123,-86
103900158,117,121,-4
103900159,183,54,129
103900160,43,40,3
103900161,62,125,-63
103900162,50,139,-89
103900163,6,374,-368
103900167,19,57,-38
103900168,106,71,35
103900169,28,36,-8
103900170,1,98,-97
103900171,3,44,-41
103900172,3,13,-10
103900173,14,10,4
103900174,217,41,176
103900175,46,77,-31
103900176,11,38,-27
103900177,16,69,-53
103900178,56,47,9
103900179,70,79,-9
103900180,4,59,-55
103900181,28,35,-7
103900182,33,11,22
103900184,380,92,288
103900185,90,382,-292
103900187,21,82,-61
103900188,61,16,45
103900189,124,14,110
103900190,64,45,19
103900191,36,54,-18
103900192,36,83,-47
103900193,62,138,-76
103900194,58,231,-173
103900195,6,82,-76
103900196,21,36,-15
103900197,15,25,-10
103900198,28,46,-18
103900199,110,56,54
103900200,182,113,69
103900201,113,154,-41
103900202,13,51,-38
103900203,64,33,31
103900204,5,75,-70
103900207,1,75,-74
103900208,86,0,86
103900209,8,94,-86
103900210,43,21,22
103900211,531,295,236
103900212,96,236,-140
103900213,44,197,-153
103900214,245,214,31
103900215,239,297,-58
103900216,9,273,-264
103900217,334,54,280
103900218,1,231,-230
103900219,170,203,-33
103900233,82,6,76
103900235,24,55,-31
103900236,10,5,5
103900242,8,13,-5
103900243,3,10,-7
103900244,121,133,-12
103900245,104,129,-25
103900246,39,45,-6
103900247,49,94,-45
103900248,8,33,-25
103900249,17,49,-32
103900250,31,31,0
103900251,1,34,-33
103900253,14,82,-68
103900254,9,36,-27
103900255,14,21,-7
103900256,18,28,-10
103900257,92,116,-24
103900258,37,4,33
103900259,59,13,46
103900261,7,10,-3
103900262,19,1,18
103900263,63,39,24
103900264,47,48,-1
103900265,29,6,23
103900266,2,98,-96
103900267,8,67,-59
103900268,19,69,-50
103900269,193,29,164
103900270,66,101,-35
103900271,93,75,18
103900272,37,57,-20
103900273,28,52,-24
103900274,91,4,87
103900275,73,10,63
103900276,12,82,-70
103900277,4,57,-53
103900278,3,34,-31
103900279,2,28,-26
103900280,0,78,-78
104000001,1787,1348,439
104000002,1411,1710,-299
104000003,1801,1677,124
104000004,1945,2066,-121
104000005,1348,1475,-127
104000006,2375,1929,446
104000007,3309,3200,109
104000008,208,205,3
104000009,171,88,83
104000010,143,317,-174
104000011,338,217,121
104000012,141,209,-68
104000013,238,203,35
104000014,241,485,-244
104000015,320,128,192
104000016,460,303,157
104000018,871,160,711
104000019,634,212,422
104000020,153,405,-252
104000021,291,327,-36
104000022,153,264,-111
104000023,736,267,469
104000024,229,297,-68
104000026,51,298,-247
104000027,233,170,63
104000028,339,178,161
104000029,311,262,49
104000030,283,191,92
104000031,1130,330,800
104000032,223,215,8
104000033,644,418,226
104000034,299,216,83
104000035,806,312,494
104000036,730,386,344
104000037,288,173,115
104000038,484,253,231
104000039,204,152,52
104000040,260,320,-60
104000041,484,328,156
104000042,156,264,-108
104000043,172,276,-104
104000044,223,442,-219
104000045,720,664,56
104000046,809,988,-179
104000047,569,877,-308
104000048,811,945,-134
104000049,522,297,225
104000050,155,445,-290
104000051,123,472,-349
104000052,1245,1181,64
104000053,820,367,453
104000054,248,226,22
104000055,2716,1735,981
104000056,1029,291,738
104000057,233,469,-236
104000058,681,592,89
104000059,508,815,-307
104000060,791,966,-175
104000061,1032,692,340
104000062,519,192,327
104000064,454,299,155
104000065,171,561,-390
104000069,698,917,-219
104000070,59,396,-337
104000071,237,482,-245
104000072,644,261,383
104000075,58,231,-173
104000076,373,86,287
104000082,1930,2616,-686
104000083,727,199,528
104000084,97,501,-404
104000085,275,338,-63
104000086,198,389,-191
104000087,386,1602,-1216
104000090,720,946,-226
104000092,1128,1302,-174
104000094,756,1038,-282
104000095,1338,1185,153
104000096,1285,152,1133
104000097,1480,626,854
104000098,1911,685,1226
104000100,1412,488,924
104000101,961,1186,-225
104000106,110,603,-493
104000107,553,382,171
104000108,209,377,-168
104000109,267,81,186
104000110,591,889,-298
104000111,2387,1846,541
104000112,1368,483,885
104000116,0,677,-677
104000117,146,399,-253
104000118,499,132,367
104000119,603,235,368
104000120,221,522,-301
104000121,163,556,-393
104000122,631,644,-13
104000123,513,698,-185
104000124,635,1203,-568
104000125,2442,3643,-1201
104000126,325,359,-34
104000127,1019,1639,-620
104000128,505,301,204
104000129,318,28,290
104000130,7,145,-138
104000131,349,343,6
104000132,309,391,-82
104000133,1303,682,621
104000134,764,1302,-538
104000135,467,1544,-1077
104000136,663,3386,-2723
104000137,1506,405,1101
104000138,639,249,390
104000139,3623,2262,1361
104000141,921,921,0
104000142,471,410,61
104000143,473,325,148
104000144,84,139,-55
104000145,387,192,195
104000146,235,383,-148
104000147,111,220,-109
104000148,334,137,197
104000149,164,176,-12
104000150,868,417,451
104000151,218,247,-29
104000152,410,328,82
104000153,577,407,170
104000154,671,390,281
104000155,377,544,-167
104000157,865,1024,-159
104000158,212,382,-170
104000159,737,508,229
104000160,1531,1594,-63
104000161,157,178,-21
104000162,83,114,-31
104000165,820,799,21
104000167,573,907,-334
104000168,505,7,498
104000169,143,34,109
104000170,348,536,-188
104000248,294,434,-140
104000251,68,179,-111
104000272,0,0,0
104000273,0,0,0
104000274,0,0,0
104000275,0,0,0
104000279,553,321,232
104000290,101,189,-88
104000291,479,842,-363
104000293,657,593,64
104000294,25,0,25
104000295,557,505,52
104000296,324,427,-103
104000297,573,1400,-827
104000298,1455,527,928
104000299,555,968,-413
104000302,109,121,-12
104000303,140,124,16
104900001,162,230,-68
104900002,59,182,-123
104900003,65,195,-130
104900004,83,161,-78
104900005,312,243,69
104900006,288,78,210
104900007,289,150,139
104900009,131,217,-86
104900010,59,40,19
104900011,12,21,-9
104900012,191,26,165
104900013,124,22,102
104900014,1497,235,1262
104900015,85,8,77
104900016,223,160,63
104900017,194,134,60
104900018,12,138,-126
104900019,176,2715,-2539
104900020,39,204,-165
104900021,0,106,-106
104900022,8,108,-100
104900023,1,60,-59
104900024,19,100,-81
104900025,73,182,-109
104900026,8,89,-81
104900027,361,230,131
104900028,33,93,-60
104900029,60,49,11
104900030,442,190,252
104900031,84,150,-66
104900032,42,62,-20
104900033,192,255,-63
104900034,388,135,253
104900035,332,187,145
104900036,214,77,137
104900037,113,180,-67
104900038,269,703,-434
104900039,526,414,112
104900040,322,87,235
104900041,257,174,83
104900042,142,180,-38
104900043,31,206,-175
104900044,597,144,453
104900045,402,53,349
104900046,260,86,174
104900047,295,97,198
104900048,268,73,195
104900049,41,30,11
104900050,252,57,195
104900051,215,32,183
104900052,32,1,31
104900053,416,78,338
104900054,162,25,137
104900055,102,1,101
104900056,187,27,160
104900057,38,1,37
104900058,440,230,210
104900059,210,93,117
104900060,1,257,-256
104900061,208,312,-104
104900063,4,96,-92
104900064,0,69,-69
104900065,1,154,-153
104900066,0,88,-88
104900067,12,249,-237
104900068,15,145,-130
104900070,141,140,1
104900071,0,378,-378
104900072,39,187,-148
104900073,46,129,-83
104900074,26,139,-113
104900075,56,36,20
104900076,72,234,-162
104900077,536,221,315
104900078,167,345,-178
104900079,105,392,-287
104900080,80,308,-228
104900082,5,295,-290
104900085,2,160,-158
104900087,237,7,230
104900089,187,2,185
104900090,736,571,165
104900091,585,406,179
104900093,192,408,-216
104900097,1517,1570,-53
104900098,85,36,49
104900099,325,600,-275
104900100,361,140,221
104900102,48,115,-67
104900103,389,61,328
104900104,1796,1461,335
104900106,105,92,13
104900107,96,174,-78
104900108,24,161,-137
104900109,107,128,-21
104900110,7,40,-33
104900111,145,70,75
104900112,215,384,-169
104900113,607,241,366
104900114,340,281,59
104900115,703,294,409
104900116,254,113,141
104900118,7,38,-31
104900119,1,47,-46
104900120,62,295,-233
104900121,0,61,-61
104900122,5,49,-44
104900123,62,11,51
104900124,44,1,43
104900125,366,4,362
104900126,32,47,-15
104900127,17,53,-36
104900128,117,127,-10
104900129,965,1487,-522
105000001,2135,1126,1009
105000002,2013,1162,851
105000003,2431,2525,-94
105000004,465,576,-111
105000005,779,850,-71
105000006,1116,1390,-274
105000007,995,1269,-274
105000008,1340,2252,-912
105000009,2008,2861,-853
105000010,2363,1403,960
105000011,2871,2609,262
105000012,2451,2141,310
105000013,811,990,-179
105000014,1651,2266,-615
105000015,7592,11237,-3645
105000016,1969,1645,324
105000017,1275,620,655
105000018,1028,1182,-154
105000019,1099,734,365
105000020,198,364,-166
105000021,279,177,102
105000022,234,107,127
105000023,520,287,233
105000028,64,119,-55
105000029,520,1199,-679
105000030,2870,2021,849
105000031,10,38,-28
105000033,820,1341,-521
105000034,130,820,-690
105000037,506,246,260
105000038,1431,1658,-227
105000039,1586,1200,386
105000040,772,1096,-324
105000041,292,883,-591
105000042,2611,1608,1003
105000043,1317,1458,-141
105000044,582,406,176
105000045,277,477,-200
105000046,1061,314,747
105000047,433,834,-401
105000048,564,221,343
105000049,192,454,-262
105000050,646,291,355
105000051,114,304,-190
105000052,471,660,-189
105000053,88,124,-36
105000054,399,689,-290
105000055,737,227,510
105000056,1349,1468,-119
105000057,1052,654,398
105000058,1048,899,149
105000059,671,450,221
105000060,440,477,-37
105000061,645,460,185
105000062,480,592,-112
105000063,295,306,-11
105000064,1409,639,770
105000065,322,413,-91
105000066,893,936,-43
105000067,1212,638,574
105000068,311,710,-399
105000069,1372,1444,-72
105000070,460,907,-447
105000071,235,773,-538
105000072,1031,2108,-1077
105000073,749,491,258
105000074,743,537,206
105000075,381,660,-279
105000076,837,804,33
105000077,1852,876,976
105000078,973,990,-17
105000079,1028,2354,-1326
105000080,1389,1058,331
105000081,2604,1132,1472
105000082,749,1400,-651
105000083,3207,2671,536
105000084,506,649,-143
105000085,1514,1586,-72
105000086,690,834,-144
105000087,1232,1263,-31
105000088,1248,1388,-140
105000089,2076,1628,448
105000090,749,692,57
105000091,966,1156,-190
105000092,502,686,-184
105000093,274,265,9
105000094,319,212,107
105000095,101,466,-365
105000096,1043,1098,-55
105000097,704,726,-22
105000098,850,576,274
105000099,651,648,3
105000100,1239,869,370
105000101,1670,1484,186
105000102,1217,1172,45
105000103,1072,1714,-642
105000104,2085,824,1261
105000105,1101,1358,-257
105000106,1145,1129,16
105000107,1195,640,555
105000108,1284,988,296
105000109,1404,1197,207
105000110,839,436,403
105000111,774,575,199
105000112,1029,525,504
105000113,399,619,-220
105000114,1919,933,986
105000115,288,993,-705
105000116,692,425,267
105000117,821,697,124
105000118,495,348,147
105000119,449,574,-125
105000120,872,475,397
105000121,636,661,-25
105000122,510,601,-91
105000123,820,920,-100
105000124,1726,640,1086
105000125,704,1176,-472
105000126,1731,1275,456
105000127,2085,1289,796
105000128,765,798,-33
105000129,653,352,301
105000130,268,2311,-2043
105000131,425,223,202
105000132,854,540,314
105000133,409,651,-242
105000134,654,577,77
105000135,374,373,1
105000136,103,248,-145
105000137,488,243,245
105000138,232,240,-8
105000139,899,680,219
105000140,438,396,42
105000141,316,484,-168
105000142,235,370,-135
105000143,150,425,-275
105000144,256,608,-352
105000145,579,340,239
105000146,365,636,-271
105000147,588,332,256
105000148,956,600,356
105000149,2056,1854,202
105000150,1333,976,357
105000151,388,310,78
105000152,169,375,-206
105000153,479,610,-131
105000154,571,411,160
105000155,306,763,-457
105000156,596,538,58
105000157,604,1133,-529
105000158,1528,660,868
105000159,304,773,-469
105000160,1764,495,1269
105000161,601,761,-160
105000162,518,1492,-974
105000163,911,667,244
105000164,210,172,38
105000165,665,4222,-3557
105000166,3799,756,3043
105000167,1142,1196,-54
105000168,447,464,-17
105000169,525,200,325
105000170,218,996,-778
105000171,913,142,771
105000172,164,31,133
105000173,210,56,154
105000174,84,63,21
105000175,57,83,-26
105000176,324,84,240
105000177,301,171,130
105000178,177,350,-173
105000179,523,145,378
105000180,139,83,56
105000181,134,217,-83
105000182,52,56,-4
105000183,1559,1657,-98
105000184,947,984,-37
105000185,929,1205,-276
105000186,508,709,-201
105000187,805,224,581
105000188,198,155,43
105000189,119,461,-342
105000190,277,265,12
105000191,390,350,40
105000192,310,60,250
105000193,71,125,-54
105000194,542,125,417
105000195,243,603,-360
105000196,105,276,-171
105000197,306,520,-214
105000198,503,289,214
105000199,260,714,-454
105000200,89,211,-122
105000201,92,32,60
105000203,32,170,-138
105000204,88,50,38
105000205,88,183,-95
105000207,383,131,252
105000208,237,497,-260
105000209,192,234,-42
105000211,260,4,256
105000212,1019,751,268
105000213,150,171,-21
105000214,179,202,-23
105000215,322,133,189
105000216,162,209,-47
105000217,136,239,-103
105000218,1141,901,240
105000221,157,159,-2
105000222,429,195,234
105000223,364,186,178
105000226,84,215,-131
105000227,58,154,-96
105000228,217,1606,-1389
105000229,141,433,-292
105000231,412,235,177
105000233,746,619,127
105000234,465,1013,-548
105000235,338,496,-158
105000237,674,91,583
105000243,24,30,-6
105000248,55,65,-10
105000262,339,956,-617
105000269,129,194,-65
105000270,415,38,377
105000271,0,176,-176
105000282,68,36,32
105000287,308,89,219
105000288,507,347,160
105000289,1879,1531,348
105000290,25,10,15
105000402,2711,3013,-302
105000426,327,445,-118
105000438,2897,1220,1677
105000440,45,12,33
105000446,7492,4611,2881
105000447,4396,2043,2353
105000454,498,503,-5
105000455,235,138,97
105000474,74,4,70
105000477,414,493,-79
105000478,1486,3771,-2285
105000479,111,93,18
105000480,7193,5506,1687
105000481,3683,3019,664
105000482,3633,5403,-1770
105000483,1655,1633,22
105000484,2062,2661,-599
105000485,1156,2431,-1275
105000486,2517,1856,661
105000488,6986,3881,3105
105000489,841,734,107
105000549,142,125,17
105000550,326,1233,-907
105000551,47,97,-50
105000552,1966,1076,890
105000555,954,873,81
105000556,38,42,-4
105000557,72,179,-107
105900001,12,2071,-2059
105900002,805,647,158
105900003,20,97,-77
105900004,181,122,59
105900005,7,172,-165
105900006,16,110,-94
105900007,55,30,25
105900008,87,444,-357
105900009,30,19,11
105900011,115,31,84
105900012,516,156,360
105900013,2,37,-35
105900014,10,56,-46
105900015,150,256,-106
105900016,471,398,73
105900017,1135,47,1088
105900018,180,138,42
105900019,92,450,-358
105900020,58,45,13
105900021,31,229,-198
105900022,260,124,136
105900023,7,83,-76
105900024,5,137,-132
105900025,155,15,140
105900026,161,19,142
105900027,8854,4411,4443
105900028,309,342,-33
105900029,1433,273,1160
105900030,145,184,-39
105900031,295,167,128
105900032,79,138,-59
105900033,75,116,-41
105900034,177,159,18
105900035,174,106,68
105900036,107,100,7
105900037,80,74,6
105900038,171,179,-8
105900039,164,73,91
105900040,53,100,-47
105900041,166,137,29
105900042,56,127,-71
105900043,925,48,877
105900044,5,197,-192
105900045,1,643,-642
105900046,2,200,-198
105900047,15,39,-24
105900048,96,342,-246
105900050,2868,4183,-1315
105900051,72,1083,-1011
105900052,525,122,403
105900053,1835,2228,-393
105900054,251,160,91
105900056,539,361,178
105900057,20,102,-82
105900058,11,21,-10
105900059,0,43,-43
106000001,3235,2216,1019
106000002,1827,4391,-2564
106000003,2418,3101,-683
106000004,1355,2247,-892
106000005,2877,4253,-1376
106000006,4700,2618,2082
106000007,444,472,-28
106000008,492,302,190
106000009,510,279,231
106000010,548,449,99
106000011,930,822,108
106000012,675,958,-283
106000013,1512,1490,22
106000014,1341,1041,300
106000015,1494,1017,477
106000016,1012,1331,-319
106000017,562,604,-42
106000018,455,341,114
106000019,293,325,-32
106000020,283,262,21
106000021,276,352,-76
106000022,254,169,85
106000023,603,237,366
106000024,469,376,93
106000025,151,166,-15
106000026,97,183,-86
106000027,1365,1080,285
106000028,518,343,175
106000029,607,806,-199
106000030,438,473,-35
106000034,175,392,-217
106000035,914,1546,-632
106000036,204,379,-175
106000037,1487,1096,391
106000038,264,114,150
106000039,86,95,-9
106000040,145,741,-596
106000041,580,500,80
106000043,496,212,284
106000046,345,90,255
106000047,43,341,-298
106000049,863,154,709
106000050,254,490,-236
106000051,551,375,176
106000052,93,386,-293
106000053,258,112,146
106000054,296,309,-13
106000055,990,762,228
106000056,188,241,-53
106000057,371,237,134
106000058,143,93,50
106000059,266,242,24
106000060,256,348,-92
106000061,221,439,-218
106000062,156,435,-279
106000063,743,540,203
106000064,27,233,-206
106000065,284,278,6
106000066,134,222,-88
106000067,505,90,415
106000068,47,473,-426
106000069,230,59,171
106000070,429,582,-153
106000071,915,228,687
106000072,2226,1376,850
106000073,1478,2584,-1106
106000074,619,516,103
106000075,312,1120,-808
106000076,1610,1686,-76
106000077,2676,1120,1556
106000078,947,770,177
106000079,581,700,-119
106000080,1052,496,556
106000081,649,976,-327
106000082,1861,677,1184
106000083,385,1128,-743
106000084,1092,627,465
106000085,1146,1230,-84
106000086,517,726,-209
106000087,920,469,451
106000088,404,696,-292
106000089,901,284,617
106000090,273,492,-219
106000091,268,360,-92
106000092,643,270,373
106000093,269,114,155
106000094,84,198,-114
106000095,746,510,236
106000096,771,535,236
106000097,1048,564,484
106000098,726,716,10
106000099,244,475,-231
106000100,884,146,738
106000101,607,207,400
106000102,196,465,-269
106000103,262,393,-131
106000104,650,397,253
106000105,350,445,-95
106000106,519,362,157
106000107,163,232,-69
106000108,331,268,63
106000109,222,165,57
106000110,211,244,-33
106000111,177,320,-143
106000112,202,430,-228
106000113,509,388,121
106000114,448,496,-48
106000115,206,322,-116
106000116,320,175,145
106000117,941,502,439
106000118,1083,1076,7
106000119,984,613,371
106000120,712,1056,-344
106000121,246,116,130
106000122,131,125,6
106000123,485,106,379
106000124,65,116,-51
106000125,24,151,-127
106000126,301,91,210
106000127,820,712,108
106000128,775,161,614
106000129,429,332,97
106000130,711,246,465
106000131,157,526,-369
106000132,470,143,327
106000133,1170,1001,169
106000134,443,1200,-757
106000135,202,409,-207
106000136,650,808,-158
106000137,63,537,-474
106000138,916,87,829
106000139,50,60,-10
106000140,33,42,-9
106000141,103,37,66
106000142,96,48,48
106000143,33,48,-15
106000144,58,51,7
106000145,245,158,87
106000146,363,113,250
106000147,499,484,15
106000148,605,665,-60
106000149,553,420,133
106000150,491,1441,-950
106000151,2703,657,2046
106000152,883,1503,-620
106000153,110,1347,-1237
106000154,955,153,802
106000155,101,233,-132
106000156,705,188,517
106000157,584,1099,-515
106000158,1598,662,936
106000159,2038,1476,562
106000160,393,2072,-1679
106000161,1150,249,901
106000162,241,771,-530
106000163,361,285,76
106000164,424,273,151
106000165,201,394,-193
106000166,643,255,388
106000167,297,692,-395
106000168,500,249,251
106000169,271,395,-124
106000170,674,234,440
106000171,212,908,-696
106000172,2053,1143,910
106000173,832,2035,-1203
106000174,998,291,707
106000175,233,646,-413
106000176,1480,684,796
106000177,611,1714,-1103
106000178,2470,1260,1210
106000179,819,1519,-700
106000180,572,922,-350
106000181,707,1361,-654
106000182,1288,574,714
106000183,1192,494,698
106000184,1024,475,549
106000185,732,1074,-342
106000186,772,117,655
106000187,196,760,-564
106000188,0,0,0
106000189,6,30,-24
106000190,35,1,34
106000191,547,146,401
106000192,2,12,-10
106000193,330,193,137
106000194,150,316,-166
106000195,300,143,157
106000196,123,386,-263
106000197,563,252,311
106000198,164,200,-36
106000199,668,508,160
106000200,196,151,45
106000201,390,1903,-1513
106000202,2684,435,2249
106000203,31,151,-120
106000204,74,4,70
106000205,35,139,-104
106000206,91,30,61
106000207,35,444,-409
106000208,1229,163,1066
106000209,1255,335,920
106000210,230,623,-393
106000211,238,849,-611
106000212,755,388,367
106000213,516,1469,-953
106000214,1778,598,1180
106000215,334,425,-91
106000216,433,293,140
106000217,254,274,-20
106000218,413,316,97
106000219,138,210,-72
106000220,368,196,172
106000221,240,162,78
106000222,61,93,-32
106000223,262,85,177
106000224,243,126,117
106000225,83,118,-35
106000226,113,191,-78
106000228,47,90,-43
106000229,79,549,-470
106000231,893,125,768
106000232,80,325,-245
106000233,513,106,407
106000234,49,221,-172
106000235,464,115,349
106000236,157,73,84
106000237,6,11,-5
106000238,27,19,8
106000239,5,131,-126
106000240,35,4,31
106000241,23,513,-490
106000242,227,38,189
106000249,58,57,1
106000250,55,434,-379
106000251,90,29,61
106000252,24,49,-25
106000253,46,58,-12
106000254,77,25,52
106000255,23,115,-92
106000256,67,32,35
106000257,137,202,-65
106000258,226,13,213
106000259,13,44,-31
106000260,58,6,52
106000261,4,76,-72
106000262,113,20,93
106000263,28,60,-32
106000264,196,14,182
106000265,16,121,-105
106000266,98,20,78
106000267,3,66,-63
106000268,405,69,336
106000269,73,43,30
106000270,125,366,-241
106000271,88,173,-85
106000272,176,50,126
106000273,15,180,-165
106000274,142,44,98
106000275,115,224,-109
106000276,136,25,111
106000277,97,221,-124
106000278,155,18,137
106000279,28,38,-10
106000280,71,53,18
106000281,75,53,22
106000282,51,75,-24
106000283,108,41,67
106000284,72,72,0
106000285,101,58,43
106000286,75,109,-34
106000287,131,39,92
106000288,116,165,-49
106000289,111,52,59
106000290,44,80,-36
106000291,116,54,62
106000292,77,68,9
106000293,124,88,36
106000294,113,122,-9
106000295,62,55,7
106000296,35,72,-37
106000297,64,223,-159
106000298,77,62,15
106000299,91,118,-27
106000300,65,92,-27
106000301,62,92,-30
106000303,47,73,-26
106000304,26,34,-8
106000305,46,44,2
106000306,40,33,7
106000307,55,54,1
106000308,15,93,-78
106000309,11,38,-27
106000310,321,393,-72
106000311,344,128,216
106000312,132,143,-11
106000313,208,170,38
106000318,97,480,-383
106000319,813,209,604
106000320,3,80,-77
106000321,202,110,92
106000322,170,107,63
106000324,11,107,-96
106000325,1466,747,719
106000326,829,1278,-449
106000327,172,102,70
106000328,44,103,-59
106000329,165,215,-50
106000330,64,49,15
106000428,68,140,-72
106000429,138,376,-238
106000430,361,817,-456
106000431,1940,360,1580
106000432,1402,2009,-607
106000433,1941,1215,726
106000434,2724,1412,1312
106000435,1230,1816,-586
106000436,7,141,-134
106000437,239,76,163
106000438,206,170,36
106000439,18,595,-577
106000440,184,318,-134
106000441,0,0,0
106000442,187,3,184
106000443,183,194,-11
106000450,5,97,-92
106000451,21,70,-49
106000454,6,143,-137
106000455,6,140,-134
106000456,75,27,48
106000457,12,586,-574
106000458,952,60,892
106000459,129,245,-116
106000460,1316,27,1289
106000461,113,606,-493
106000462,2,27,-25
106000463,2,16,-14
106000464,3,301,-298
106000465,692,6,686
106000466,4,390,-386
106000467,303,326,-23
106000468,84,132,-48
106000469,104,0,104
106000470,218,1341,-1123
106000471,33,366,-333
106000472,98,19,79
106000473,24,13,11
106000474,370,331,39
106000475,346,186,160
106000476,165,280,-115
106000477,35,86,-51
106000480,0,245,-245
106900001,0,10,-10
106900002,2,282,-280
106900003,148,627,-479
106900004,1,18,-17
106900006,0,8,-8
106900007,0,7,-7
106900008,259,150,109
106900009,300,191,109
106900010,182,193,-11
106900012,1096,1603,-507
106900013,343,170,173
106900014,25,0,25
106900015,24,1,23
106900016,277,7,270
106900017,5,0,5
106900018,0,1,-1
106900019,32,2,30
106900020,1528,1314,214
106900021,91,46,45
106900022,745,4,741
106900023,58,198,-140
106900024,429,45,384
106900025,59,421,-362
106900026,5,351,-346
106900027,651,3,648
107000001,3038,3099,-61
107000002,1859,3068,-1209
107000003,4633,5111,-478
107000004,3357,2833,524
107000005,4305,4677,-372
107000006,2787,2547,240
107000007,4599,8150,-3551
107000008,7019,5339,1680
107000009,6477,6609,-132
107000010,6933,6055,878
107000011,913,950,-37
107000012,2705,2058,647
107000013,95,67,28
107000014,49,137,-88
107000015,429,533,-104
107000016,632,487,145
107000017,1338,1200,138
107000018,11,788,-777
107000020,862,1215,-353
107000021,995,346,649
107000022,672,1122,-450
107000023,1508,206,1302
107000024,500,1027,-527
107000025,204,275,-71
107000026,236,359,-123
107000027,1090,726,364
107000028,1074,991,83
107000029,2933,2504,429
107000030,2125,2044,81
107000031,3808,2094,1714
107000032,358,693,-335
107000033,2316,2873,-557
107000034,2335,1104,1231
107000035,377,204,173
107000036,286,1198,-912
107000037,74,604,-530
107000038,194,214,-20
107000039,723,688,35
107000040,119,254,-135
107000041,1104,594,510
107000042,609,1603,-994
107000043,1949,854,1095
107000044,431,282,149
107000045,78,234,-156
107000046,611,349,262
107000047,475,607,-132
107000048,678,244,434
107000049,566,612,-46
107000050,1016,460,556
107000051,215,284,-69
107000052,935,849,86
107000053,309,216,93
107000054,53,226,-173
107000055,288,160,128
107000056,469,604,-135
107000057,1318,188,1130
107000058,1837,1977,-140
107000059,1565,2295,-730
107000060,3901,4416,-515
107000061,3672,2540,1132
107000062,4412,2580,1832
107000063,3282,3271,11
107000064,4215,2164,2051
107000065,3106,3099,7
107000066,2104,2635,-531
107000067,1119,1169,-50
107000068,1105,723,382
107000069,816,465,351
107000070,1100,9,1091
107000071,3109,65,3044
107000072,43,1888,-1845
107000073,681,351,330
107000074,128,682,-554
107000075,1714,561,1153
107000076,546,1019,-473
107000077,3373,1325,2048
107000078,1995,2101,-106
107000079,2473,1060,1413
107000080,854,2133,-1279
107000081,1754,511,1243
107000082,397,1173,-776
107000083,1223,387,836
107000084,283,1155,-872
107000085,2604,2722,-118
107000086,2860,2614,246
107000087,2489,1772,717
107000088,2656,2820,-164
107000089,1313,1431,-118
107000090,871,808,63
107000091,1250,697,553
107000092,898,800,98
107000093,1154,718,436
107000094,688,944,-256
107000095,739,594,145
107000096,457,525,-68
107000097,684,294,390
107000098,380,433,-53
107000099,344,197,147
107000100,214,210,4
107000101,92,125,-33
107000102,178,230,-52
107000103,261,115,146
107000104,146,214,-68
107000105,367,127,240
107000106,166,186,-20
107000107,508,144,364
107000108,123,359,-236
107000109,543,125,418
107000110,71,315,-244
107000111,280,47,233
107000112,51,196,-145
107000113,682,101,581
107000114,115,352,-237
107000115,616,123,493
107000116,107,510,-403
107000117,151,526,-375
107000118,113,114,-1
107000119,1099,1329,-230
107000120,849,434,415
107000121,870,643,227
107000122,991,690,301
107000123,489,487,2
107000124,477,637,-160
107000125,1028,479,549
107000126,870,553,317
107000129,189,554,-365
107000130,544,178,366
107000131,330,394,-64
107000132,432,290,142
107000133,431,93,338
107000134,249,4,245
107000135,4,206,-202
107000136,574,10,564
107000137,15,322,-307
107000138,249,36,213
107000139,12,431,-419
107000140,1224,115,1109
107000141,95,671,-576
107000142,488,96,392
107000143,55,524,-469
107000144,539,400,139
107000145,123,370,-247
107000146,211,282,-71
107000147,3355,955,2400
107000150,499,2300,-1801
107000151,23,59,-36
107000152,373,1238,-865
107000153,133,270,-137
107000154,213,329,-116
107000155,863,21,842
107000156,1109,29,1080
107000157,58,964,-906
107000158,659,26,633
107000159,30,685,-655
107000160,1097,125,972
107000161,95,873,-778
107000162,263,420,-157
107000163,180,1,179
107000164,731,2,729
107000165,1032,3,1029
107000166,34,743,-709
107000167,620,206,414
107000168,827,410,417
107000169,480,648,-168
107000170,2031,742,1289
107000171,495,1239,-744
107000172,1047,1468,-421
107000173,599,732,-133
107000174,922,4229,-3307
107000175,4732,1274,3458
107000176,1,2,-1
107000177,5,1,4
107000178,40,44,-4
107000179,279,1467,-1188
107000180,1327,214,1113
107000181,430,770,-340
107000182,1753,574,1179
107000183,152,531,-379
107000184,982,500,482
107000185,374,794,-420
107000186,876,251,625
107000187,1061,970,91
107000188,544,445,99
107000189,445,793,-348
107000190,631,587,44
107000191,822,943,-121
107000192,1462,619,843
107000193,403,420,-17
107000194,874,523,351
107000197,775,195,580
107000198,302,565,-263
107000199,609,533,76
107000200,498,489,9
107000201,416,242,174
107000202,333,365,-32
107000203,636,922,-286
107000204,721,1491,-770
107000205,1399,847,552
107000206,800,1374,-574
107000207,726,910,-184
107000208,786,567,219
107000209,1654,1368,286
107000210,527,269,258
107000211,3,49,-46
107000212,18,234,-216
107000213,6,19,-13
107000214,12,99,-87
107000215,382,292,90
107000216,376,277,99
107000217,173,123,50
107000219,93,193,-100
107000220,137,173,-36
107000222,278,456,-178
107000224,379,84,295
107000225,153,300,-147
107000226,403,76,327
107000227,110,164,-54
107000228,127,197,-70
107000229,98,122,-24
107000230,947,395,552
107000231,1207,1702,-495
107000232,111,27,84
107000233,908,787,121
107000234,1,40,-39
107000235,49,25,24
107000236,11,296,-285
107000237,16,0,16
107000238,34,2,32
107000239,1840,472,1368
107000240,92,558,-466
107000243,0,20,-20
107000244,6,54,-48
107000246,4,662,-658
107000249,3,787,-784
107000251,1,235,-234
107000252,2,581,-579
107000255,273,112,161
107000257,0,247,-247
107000258,0,78,-78
107000259,1,107,-106
107000260,767,6,761
107000262,15,357,-342
107000263,299,5,294
107000266,11,13,-2
107000267,51,76,-25
107000268,90,97,-7
107000269,537,42,495
107000270,4,25,-21
107000271,21,434,-413
107000272,26,101,-75
107000273,5,157,-152
107000274,637,21,616
107000275,306,891,-585
107000280,883,23,860
107000281,33,526,-493
107000282,38,495,-457
107000290,12,33,-21
107000291,15,6,9
107000292,3,114,-111
107000293,26,1,25
107000294,0,32,-32
107000295,19,3,16
107000296,0,18,-18
107000444,150,4,146
107000496,6,8,-2
107000497,1067,1569,-502
107000500,374,209,165
107000501,84,160,-76
107000502,207,261,-54
107000505,310,597,-287
107000506,0,107,-107
107000508,7,358,-351
107000509,224,487,-263
107000510,14,28,-14
107000514,69,270,-201
107000515,11,133,-122
107000516,382,230,152
107000518,998,1261,-263
107000519,1153,646,507
107000520,77,32,45
107000521,550,253,297
107000522,797,380,417
107900001,61,119,-58
107900002,48,10,38
107900003,102,18,84
107900004,2,0,2
107900005,1260,4,1256
107900006,185,0,185
107900007,323,34,289
107900008,82,14,68
107900009,206,16,190
107900010,58,6,52
107900012,196,47,149
107900013,166,17,149
107900014,45,3,42
107900015,830,18,812
107900016,406,72,334
107900017,14,0,14
107900018,49,152,-103
107900019,38,57,-19
107900020,79,51,28
107900021,64,93,-29
107900023,1,4,-3
107900024,0,5,-5
107900025,219,197,22
107900026,51,34,17
107900027,33,41,-8
107900028,117,54,63
107900030,180,39,141
107900031,37,67,-30
107900032,7,1,6
107900033,23,5,18
107900034,316,12,304
107900035,771,46,725
107900036,69,29,40
107900037,0,36,-36
107900038,92,188,-96
107900039,35,43,-8
107900040,16,196,-180
107900041,2,2,0
107900043,31,76,-45
107900044,8,10,-2
107900045,73,58,15
107900046,164,123,41
107900047,40,35,5
107900048,172,10,162
107900049,263,748,-485
107900050,91,243,-152
107900051,72,38,34
107900052,29,21,8
107900053,52,74,-22
107900055,356,190,166
107900056,106,37,69
107900057,9,0,9
107900058,25,448,-423
107900060,30,31,-1
107900061,20,5,15
107900063,59,112,-53
107900064,247,119,128
107900065,264,6,258
107900066,31,9,22
107900067,0,0,0
107900068,93,683,-590
107900069,33,2196,-2163
107900070,131,59,72
107900071,17,512,-495
107900072,123,110,13
107900073,129,73,56
107900074,569,306,263
107900076,138,37,101
107900077,82,2,80
107900079,9,15,-6
107900080,159,626,-467
107900081,81,87,-6
107900082,15,10,5
107900083,199,129,70
107900084,91,84,7
107900086,54,152,-98
107900087,441,138,303
107900088,53,9,44
107900089,186,664,-478
107900090,469,1937,-1468
107900091,135,264,-129
107900093,80,54,26
107900095,2363,1922,441
107900097,17,33,-16
107900098,38,121,-83
107900100,619,1092,-473
107900101,671,130,541
107900102,27,10,17
107900103,40,149,-109
107900104,237,4,233
107900105,1,253,-252
107900106,1,684,-683
107900107,777,396,381
107900108,192,101,91
107900109,1313,14,1299
107900110,68,63,5
107900111,4,562,-558
107900112,95,303,-208
107900113,233,77,156
107900114,186,122,64
107900115,1,32,-31
107900116,189,107,82
107900117,218,199,19
107900118,56,126,-70
107900119,88,193,-105
107900120,33,40,-7
107900121,5,114,-109
107900122,3,81,-78
107900123,2,56,-54
107900124,17,27,-10
107900125,37,156,-119
107900126,12,52,-40
107900127,397,317,80
107900128,59,72,-13
107900129,67,23,44
107900130,69,17,52
107900131,474,283,191
107900132,102,244,-142
107900133,1,71,-70
107900134,24,87,-63
107900135,3,146,-143
107900136,32,41,-9
107900137,80,98,-18
107900138,70,40,30
107900139,36,48,-12
107900141,40,26,14
107900142,51,506,-455
107900143,114,23,91
107900144,4,91,-87
107900145,11,70,-59
107900146,67,78,-11
107900147,47,50,-3
107900148,79,63,16
107900149,662,173,489
107900150,63,467,-404
107900151,25,60,-35
107900152,8,118,-110
107900153,128,247,-119
107900154,43,32,11
107900155,87,71,16
107900156,4,193,-189
107900157,20,43,-23
107900158,802,17,785
107900159,28,521,-493
107900160,108,144,-36
107900161,35,110,-75
107900162,0,37,-37
107900163,19,56,-37
107900164,18,43,-25
107900165,27,136,-109
107900166,22,123,-101
107900167,15,26,-11
107900168,40,41,-1
107900169,1,173,-172
107900171,3,853,-850
107900172,2,209,-207
107900173,15,96,-81
107900174,123,0,123
107900175,35,30,5
107900176,44,53,-9
107900177,1,67,-66
107900178,1,124,-123
107900179,23,90,-67
107900180,494,632,-138
107900181,219,175,44
107900182,2,632,-630
107900183,43,140,-97
107900184,64,204,-140
107900185,154,3,151
107900186,26,38,-12
107900187,1,67,-66
107900188,398,108,290
107900189,28,119,-91
107900190,64,135,-71
107900191,37,98,-61
107900193,3,37,-34
107900194,179,10,169
107900195,1487,274,1213
107900196,37,83,-46
107900197,396,321,75
107900199,3,771,-768
107900201,62,74,-12
107900203,32,56,-24
107900204,152,109,43
107900206,479,457,22
107900207,2,300,-298
107900208,8,399,-391
107900209,282,127,155
107900210,60,84,-24
107900213,355,260,95
107900214,6,91,-85
107900215,82,243,-161
107900216,74,37,37
107900217,38,83,-45
107900218,21,1033,-1012
107900219,24,65,-41
107900220,181,206,-25
107900221,78,134,-56
107900223,109,438,-329
107900224,68,287,-219
107900225,5,363,-358
107900226,54,57,-3
107900227,87,256,-169
107900228,19,75,-56
107900229,0,141,-141
107900230,26,69,-43
107900231,40,156,-116
107900232,83,104,-21
107900233,25,88,-63
107900234,62,81,-19
107900235,21,90,-69
107900236,118,43,75
107900237,68,266,-198
107900238,39,82,-43
107900239,551,371,180
107900240,43,74,-31
107900241,12,50,-38
107900242,32,128,-96
107900243,2,41,-39
107900244,330,0,330
107900245,608,35,573
107900246,596,12,584
107900248,443,242,201
107900249,757,35,722
107900250,3,334,-331
107900251,61,876,-815
107900252,739,21,718
107900253,200,7,193
107900254,49,182,-133
107900255,218,85,133
107900256,673,832,-159
107900257,174,101,73
107900258,114,137,-23
107900259,88,1866,-1778
107900261,1,165,-164
107900262,43,91,-48
107900264,336,6,330
107900265,121,138,-17
107900267,206,11,195
107900268,17,3,14
107900269,0,5,-5
107900270,1,1,0
107900271,1,21,-20
107900272,69,26,43
107900273,66,71,-5
107900274,113,0,113
107900275,28,0,28
107900276,0,78,-78
107900277,1,116,-115
107900278,278,302,-24
107900279,66,161,-95
107900280,1732,1271,461
107900281,807,2535,-1728
107900282,47,421,-374
107900283,648,516,132
107900284,509,417,92
107900285,110,56,54
107900286,118,82,36
107900287,219,153,66
107900290,0,124,-124
107900291,420,27,393
107900292,112,90,22
107900293,58,289,-231
107900295,48,37,11
107900297,0,208,-208
107900298,560,543,17
107900299,1807,1710,97
107900301,469,592,-123
107900302,109,31,78
107900303,168,222,-54
107900304,312,274,38
107900305,300,13,287
107900306,13,30,-17
107900307,26,179,-153
107900308,133,89,44
107900309,84,0,84
107900310,230,4,226
107900311,3,229,-226
107900312,96,1,95
107900313,1,65,-64
107900314,1,31,-30
107900315,0,31,-31
107900316,24,2,22
107900317,72,11,61
107900318,10,103,-93
107900319,2,109,-107
107900320,2,82,-80
107900321,114,3,111
107900322,1,83,-82
107900323,8,77,-69
107900324,119,0,119
107900325,104,0,104
107900326,390,171,219
107900327,5,63,-58
107900328,88,4,84
107900329,79,69,10
107900330,5,175,-170
107900331,226,21,205
107900332,290,30,260
107900333,36,5,31
107900334,8,106,-98
107900335,41,16,25
107900336,36,55,-19
107900337,599,631,-32
107900338,1,91,-90
107900339,3,10,-7
107900340,0,39,-39
107900341,61,2,59
107900342,116,86,30
107900343,34,7,27
107900344,11,40,-29
107900345,89,29,60
107900346,20,2,18
107900347,17,3,14
107900348,3,5,-2
107900349,17,8,9
107900350,28,151,-123
107900351,5,105,-100
107900352,1,22,-21
107900353,10,8,2
107900354,5,16,-11
108000001,2649,3225,-576
108000002,1598,2011,-413
108000003,2691,2897,-206
108000004,9382,10828,-1446
108000005,6853,5711,1142
108000006,6131,5631,500
108000007,4473,3663,810
108000008,3507,4370,-863
108000009,3281,3712,-431
108000010,2455,3321,-866
108000011,9733,9884,-151
108000012,11758,10772,986
108000014,694,731,-37
108000015,862,222,640
108000016,246,651,-405
108000017,954,324,630
108000018,1615,537,1078
108000019,1461,732,729
108000020,1156,498,658
108000021,300,1455,-1155
108000022,421,1160,-739
108000023,1174,213,961
108000024,327,453,-126
108000025,345,280,65
108000026,815,290,525
108000027,665,484,181
108000028,690,206,484
108000029,559,615,-56
108000030,506,182,324
108000031,190,440,-250
108000032,1552,543,1009
108000033,715,737,-22
108000034,1512,382,1130
108000035,556,1478,-922
108000036,437,785,-348
108000037,1685,422,1263
108000038,2359,482,1877
108000039,470,1399,-929
108000040,1585,834,751
108000041,592,1607,-1015
108000042,286,197,89
108000043,214,185,29
108000044,510,154,356
108000045,270,328,-58
108000046,1267,277,990
108000047,437,693,-256
108000048,194,255,-61
108000049,909,231,678
108000050,142,496,-354
108000051,430,132,298
108000052,140,450,-310
108000053,408,244,164
108000054,411,799,-388
108000055,956,505,451
108000056,982,1064,-82
108000057,580,1112,-532
108000058,1858,3334,-1476
108000059,2597,1650,947
108000060,193,618,-425
108000061,303,391,-88
108000062,802,481,321
108000063,420,311,109
108000064,236,198,38
108000065,515,368,147
108000066,1207,653,554
108000067,1779,578,1201
108000068,675,347,328
108000069,210,705,-495
108000070,1791,684,1107
108000071,575,1034,-459
108000072,1568,987,581
108000073,1039,1181,-142
108000074,682,369,313
108000075,324,623,-299
108000076,801,535,266
108000077,505,439,66
108000078,2015,1212,803
108000079,742,1002,-260
108000080,1196,462,734
108000081,439,1088,-649
108000082,772,1408,-636
108000083,1672,947,725
108000084,367,857,-490
108000085,788,418,370
108000086,688,557,131
108000087,190,1820,-1630
108000088,647,220,427
108000089,288,254,34
108000091,226,345,-119
108000092,144,69,75
108000093,199,322,-123
108000094,493,82,411
108000095,143,215,-72
108000096,241,141,100
108000097,136,210,-74
108000098,1425,996,429
108000099,865,234,631
108000100,167,350,-183
108000101,1057,1194,-137
108000102,1626,2976,-1350
108000106,705,0,705
108000107,1,818,-817
108000108,693,49,644
108000109,15,715,-700
108000110,209,249,-40
108000111,160,366,-206
108000112,42,109,-67
108000113,367,202,165
108000115,313,259,54
108000117,541,274,267
108000118,528,1694,-1166
108000119,571,302,269
108000120,179,659,-480
108000121,204,373,-169
108000122,529,305,224
108000123,647,168,479
108000124,317,339,-22
108000125,379,166,213
108000126,212,328,-116
108000127,569,236,333
108000128,456,357,99
108000129,352,713,-361
108000130,496,171,325
108000131,851,422,429
108000132,1481,950,531
108000133,858,453,405
108000134,477,379,98
108000135,926,400,526
108000136,272,563,-291
108000137,476,206,270
108000138,300,617,-317
108000139,471,218,253
108000140,110,17,93
108000141,49,67,-18
108000142,56,61,-5
108000143,38,272,-234
108000144,392,53,339
108000145,37,13,24
108000146,554,40,514
108000147,33,8,25
108000148,552,62,490
108000149,21,8,13
108000150,27,6,21
108000151,142,122,20
108000152,118,346,-228
108000153,509,141,368
108000154,42,6,36
108000155,30,8,22
108000156,565,369,196
108000157,112,892,-780
108000158,86,701,-615
108000159,421,201,220
108000160,2032,1060,972
108000161,1711,2155,-444
108000165,4,174,-170
108000172,11,208,-197
108000173,1165,1714,-549
108000175,644,96,548
108000178,331,208,123
108000179,195,744,-549
108000181,56,35,21
108000182,203,83,120
108000183,31,287,-256
108000184,812,1887,-1075
108000185,171,349,-178
108000186,387,335,52
108000187,95,356,-261
108000188,658,202,456
108000189,1444,7289,-5845
108000190,70,118,-48
108000192,179,429,-250
108000193,518,34,484
108000194,51,16,35
108000195,0,649,-649
108000196,282,217,65
108000198,690,296,394
108000199,2,229,-227
108000200,359,332,27
108000203,129,418,-289
108000204,149,79,70
108000205,183,288,-105
108000339,937,351,586
108000364,247,606,-359
108000365,70,248,-178
108000367,211,250,-39
108000368,10,59,-49
108000369,568,223,345
108000371,12,656,-644
108000372,674,15,659
108000373,188,120,68
108000376,100,43,57
108000377,452,189,263
108000378,7205,8482,-1277
108000379,13,198,-185
108000381,69,14,55
108000382,160,2,158
108000383,1,170,-169
108900001,67,734,-667
108900002,159,79,80
108900003,269,485,-216
108900004,734,419,315
108900007,311,184,127
108900008,106,122,-16
108900009,67,115,-48
108900010,204,120,84
108900011,539,286,253
108900012,344,309,35
108900013,150,212,-62
108900014,17,94,-77
108900015,0,121,-121
108900016,4,224,-220
108900017,168,352,-184
108900018,171,279,-108
108900019,34,424,-390
108900020,29,147,-118
108900021,106,202,-96
108900022,138,10,128
108900023,24,36,-12
108900024,62,88,-26
108900025,114,98,16
108900026,12,100,-88
108900027,0,70,-70
108900028,93,223,-130
108900029,50,136,-86
108900030,1,66,-65
108900031,162,239,-77
108900032,22,139,-117
108900033,0,94,-94
108900034,1,166,-165
108900035,285,850,-565
108900038,0,157,-157
108900039,0,270,-270
108900040,6,77,-71
108900041,3543,2712,831
108900042,11,353,-342
108900043,94,323,-229
108900044,5,307,-302
108900045,69,287,-218
108900046,25,444,-419
108900047,0,100,-100
108900048,84,585,-501
108900049,1767,1186,581
108900050,3,134,-131
108900051,0,126,-126
108900052,18,139,-121
108900053,63,191,-128
108900054,66,165,-99
108900055,50,272,-222
108900056,0,98,-98
108900057,3,115,-112
108900058,40,216,-176
108900059,418,42,376
108900060,76,135,-59
108900061,66,27,39
108900062,8,176,-168
108900063,22,188,-166
108900064,238,46,192
108900065,14,154,-140
108900066,380,121,259
108900067,9,122,-113
108900068,8,136,-128
108900069,70,57,13
108900070,20,92,-72
108900071,83,57,26
108900072,1225,477,748
108900073,26,245,-219
108900074,242,181,61
108900075,40,31,9
108900076,298,46,252
108900077,121,340,-219
108900078,51,112,-61
108900079,555,150,405
108900080,24,601,-577
108900081,34,206,-172
108900082,86,69,17
108900083,23,226,-203
108900085,1396,149,1247
108900086,176,160,16
108900087,87,121,-34
108900088,757,342,415
108900089,21,131,-110
108900090,54,205,-151
108900091,73,53,20
108900092,470,278,192
108900093,141,84,57
108900094,228,56,172
108900095,24,208,-184
108900096,267,12,255
108900097,321,147,174
108900098,1419,655,764
108900099,421,148,273
108900100,73,74,-1
108900101,206,224,-18
108900102,75,953,-878
108900103,119,133,-14
108900105,6,1020,-1014
108900106,484,206,278
108900108,235,43,192
108900109,403,81,322
108900110,198,209,-11
108900111,407,345,62
108900113,38,62,-24
108900114,48,10,38
108900115,73,62,11
108900116,74,19,55
108900117,203,17,186
108900118,589,21,568
108900119,281,15,266
108900120,308,187,121
108900121,249,114,135
108900122,150,11,139
108900123,140,108,32
108900124,498,192,306
108900125,503,5,498
108900126,130,23,107
108900127,156,9,147
108900128,132,27,105
108900129,713,172,541
108900130,384,1,383
108900131,335,9,326
108900132,461,43,418
108900133,269,43,226
108900134,355,169,186
108900135,138,8,130
108900136,46,1,45
108900137,135,1,134
108900138,687,111,576
108900140,316,172,144
108900141,333,11,322
108900142,106,2,104
108900143,72,0,72
108900144,127,0,127
108900145,266,22,244
108900146,70,4,66
108900147,281,0,281
108900148,61,27,34
108900150,257,7,250
108900151,87,11,76
108900152,295,14,281
108900153,241,227,14
108900154,3802,388,3414
108900156,80,6,74
108900157,14,316,-302
108900158,375,15,360
108900159,6,149,-143
108900160,16,199,-183
108900161,5,256,-251
108900162,181,3,178
108900163,7,200,-193
108900164,65,89,-24
108900168,4934,2051,2883
108900169,65,96,-31
108900171,3890,2394,1496
108900172,189,37,152
108900173,93,258,-165
108900174,878,433,445
108900176,89,315,-226
108900177,3257,4393,-1136
108900178,2506,3302,-796
108900180,123,255,-132
108900183,200,191,9
108900184,402,192,210
108900185,107,266,-159
108900186,57,353,-296
108900189,300,110,190
108900190,45,1612,-1567
108900192,75,167,-92
108900195,96,175,-79
108900196,26,250,-224
108900199,262,272,-10
108900200,514,333,181
108900201,391,1071,-680
108900203,342,180,162
108900204,304,16,288
108900205,210,28,182
108900206,484,96,388
108900207,213,81,132
108900208,13,272,-259
108900209,180,417,-237
108900210,130,155,-25
108900211,187,437,-250
108900212,547,1338,-791
108900215,58,347,-289
108900216,384,184,200
108900217,70,1,69
108900218,124,16,108
108900221,52,156,-104
108900224,43,148,-105
108900225,3,175,-172
108900227,144,323,-179
108900230,171,183,-12
108900232,1,148,-147
108900233,355,56,299
108900234,332,103,229
108900235,160,378,-218
108900236,42,254,-212
108900240,94,100,-6
108900241,27,32,-5
108900245,5,1034,-1029
108900250,270,94,176
108900258,11,165,-154
108900259,69,74,-5
108900260,18,73,-55
108900261,66,101,-35
108900262,113,132,-19
108900263,36,169,-133
108900264,470,248,222
108900265,704,346,358
108900266,610,681,-71
108900267,3,111,-108
108900268,10,8,2
108900269,122,13,109
108900270,74,11,63
108900271,25,28,-3
108900272,198,20,178
108900273,568,674,-106
108900274,79,47,32
109000001,1933,1419,514
109000002,1043,1387,-344
109000003,2194,370,1824
109000004,421,1611,-1190
109000005,1851,551,1300
109000006,533,1593,-1060
109000007,1429,530,899
109000008,503,1222,-719
109000009,2988,1088,1900
109000010,1101,2487,-1386
109000011,3019,1631,1388
109000012,1356,2239,-883
109000013,3131,2349,782
109000014,1507,1959,-452
109000015,3214,5898,-2684
109000016,4125,2546,1579
109000017,2160,1108,1052
109000018,766,2093,-1327
109000019,2242,1155,1087
109000020,907,1336,-429
109000023,282,33,249
109000024,8,150,-142
109000025,280,384,-104
109000026,583,262,321
109000027,77,294,-217
109000028,135,54,81
109000029,95,168,-73
109000030,61,444,-383
109000031,175,156,19
109000032,113,370,-257
109000033,310,179,131
109000034,63,55,8
109000035,20,50,-30
109000036,81,268,-187
109000037,270,1228,-958
109000038,345,268,77
109000039,808,705,103
109000040,3322,7825,-4503
109000041,1803,1575,228
109000042,451,1010,-559
109000044,360,84,276
109000045,81,307,-226
109000046,363,89,274
109000047,85,370,-285
109000048,690,179,511
109000049,185,450,-265
109000050,318,207,111
109000051,239,174,65
109000052,498,591,-93
109000053,182,52,130
109000054,414,305,109
109000055,229,236,-7
109000056,343,269,74
109000057,707,367,340
109000058,668,166,502
109000059,649,1389,-740
109000060,326,337,-11
109000061,757,871,-114
109000062,157,371,-214
109000063,242,153,89
109000064,266,132,134
109000065,139,168,-29
109000066,359,63,296
109000067,50,241,-191
109000068,1895,15,1880
109000069,808,26,782
109000070,10,1307,-1297
109000071,300,86,214
109000072,83,241,-158
109000073,51,51,0
109000074,22,99,-77
109000075,72,285,-213
109000076,139,264,-125
109000077,272,244,28
109000078,125,142,-17
109000079,154,113,41
109000080,236,73,163
109000081,137,371,-234
109000082,642,192,450
109000083,291,453,-162
109000088,116,341,-225
109000089,251,70,181
109000090,124,290,-166
109000091,312,203,109
109000092,300,353,-53
109000093,256,200,56
109000094,506,1,505
109000095,57,320,-263
109000096,604,243,361
109000097,89,120,-31
109000098,51,151,-100
109000099,858,272,586
109000100,224,525,-301
109000101,1444,481,963
109000102,336,570,-234
109000103,431,509,-78
109000104,1673,460,1213
109000105,366,845,-479
109000106,1592,629,963
109000107,507,1370,-863
109000108,1451,462,989
109000109,399,1212,-813
109000110,1083,471,612
109000111,798,1302,-504
109000112,329,87,242
109000113,323,123,200
109000114,140,292,-152
109000115,1028,84,944
109000116,12,186,-174
109000117,223,62,161
109000118,11,234,-223
109000119,1302,176,1126
109000120,177,530,-353
109000121,479,40,439
109000122,120,467,-347
109000123,50,58,-8
109000124,609,276,333
109000125,729,260,469
109000126,397,546,-149
109000127,855,173,682
109000128,520,1008,-488
109000129,1886,759,1127
109000130,505,1244,-739
109000131,760,540,220
109000132,614,1258,-644
109000133,273,731,-458
109000134,615,947,-332
109000135,868,1346,-478
109000136,265,262,3
109000137,238,330,-92
109000138,392,228,164
109000139,493,355,138
109000140,173,276,-103
109000141,465,376,89
109000142,203,453,-250
109000143,106,78,28
109000145,114,332,-218
109000146,81,86,-5
109000148,2238,1233,1005
109000149,14,44,-30
109000150,150,202,-52
109000155,764,513,251
109000156,883,556,327
109000158,79,198,-119
109000159,71,369,-298
109000160,884,188,696
109000161,303,779,-476
109000162,1682,616,1066
109000163,960,1103,-143
109000164,1230,1788,-558
109000165,1115,406,709
109000166,675,110,565
109000167,124,361,-237
109000170,60,45,15
109000171,78,59,19
109000172,44,54,-10
109000173,31,89,-58
109000174,125,48,77
109000175,50,79,-29
109000176,300,237,63
109000177,32,104,-72
109000178,675,302,373
109000179,3260,4119,-859
109000180,3549,3131,418
109000181,11,14,-3
109000182,41,15,26
109000183,40,19,21
109000184,41,17,24
109000185,35,29,6
109000188,437,1188,-751
109000189,1918,820,1098
109000190,484,368,116
109000191,260,316,-56
109000192,485,153,332
109000193,151,204,-53
109000194,253,76,177
109000195,130,206,-76
109000196,327,83,244
109000197,183,260,-77
109000198,358,93,265
109000199,117,366,-249
109000206,222,23,199
109000207,142,25,117
109000208,81,74,7
109000209,146,98,48
109000210,219,415,-196
109000211,577,402,175
109000214,373,211,162
109000215,126,77,49
109000216,242,269,-27
109000217,197,104,93
109000218,385,161,224
109000221,410,705,-295
109000222,897,250,647
109000223,318,310,8
109000224,53,99,-46
109000225,106,37,69
109000226,52,148,-96
109000227,983,718,265
109000228,0,994,-994
109000231,2,179,-177
109000232,418,206,212
109000236,183,560,-377
109000241,1928,1607,321
109000242,1707,1028,679
109000293,35,75,-40
109000361,136,225,-89
109000364,136,370,-234
109000396,0,345,-345
109000397,565,27,538
109000399,135,332,-197
109000400,79,214,-135
109000403,74,758,-684
109000406,426,78,348
109000407,228,160,68
109000408,0,282,-282
109000410,936,263,673
109000411,271,16,255
109900001,95,4,91
109900002,645,14,631
109900003,274,0,274
109900004,598,108,490
109900005,37,2,35
109900006,447,134,313
109900007,823,410,413
109900008,0,32,-32
109900009,102,335,-233
109900010,551,20,531
109900011,79,37,42
109900012,243,195,48
109900013,357,164,193
109900014,384,52,332
109900015,351,194,157
109900016,183,16,167
109900017,157,227,-70
109900018,218,54,164
109900019,288,44,244
109900020,67,70,-3
109900021,61,27,34
109900022,171,168,3
109900023,22,2,20
109900024,40,3,37
109900025,25,57,-32
109900026,5,104,-99
109900027,44,44,0
109900028,874,995,-121
109900029,1,171,-170
109900030,51,6,45
109900031,0,119,-119
109900032,12,224,-212
109900033,4,434,-430
109900034,65,4,61
109900035,16,34,-18
109900036,27,47,-20
109900037,23,277,-254
109900038,143,214,-71
109900039,21,0,21
109900040,33,368,-335
109900041,80,274,-194
109900042,31,337,-306
109900044,102,187,-85
109900045,234,140,94
109900046,147,96,51
109900047,245,243,2
109900048,3,78,-75
109900049,21,33,-12
109900050,1,81,-80
109900051,2,44,-42
109900052,80,216,-136
109900053,0,186,-186
109900054,624,172,452
109900055,62,189,-127
109900056,48,180,-132
109900057,3,104,-101
109900058,0,59,-59
109900059,763,93,670
109900060,382,73,309
109900061,41,157,-116
109900062,1,131,-130
109900063,12,394,-382
109900064,397,164,233
109900065,68,90,-22
109900066,247,600,-353
109900067,1,183,-182
109900068,65,3,62
109900069,2,29,-27
109900070,31,193,-162
109900071,1,30,-29
109900072,20,142,-122
109900073,393,341,52
109900074,8,31,-23
109900075,40,40,0
109900076,27,249,-222
109900077,40,38,2
109900078,82,150,-68
109900080,138,214,-76
109900081,19,205,-186
109900082,44,239,-195
109900083,12,44,-32
109900084,50,97,-47
109900085,172,420,-248
109900086,139,345,-206
109900087,323,381,-58
109900089,597,210,387
109900090,410,706,-296
109900091,336,65,271
109900092,353,21,332
109900093,889,126,763
109900094,68,73,-5
109900095,133,115,18
109900096,46,4,42
109900097,102,2,100
109900098,352,37,315
109900099,193,2,191
109900100,60,1,59
109900101,456,8,448
109900102,362,16,346
109900103,26,28,-2
109900104,615,519,96
109900105,449,19,430
109900106,334,34,300
109900107,414,69,345
109900108,83,225,-142
109900109,36,82,-46
109900110,49,259,-210
109900111,237,470,-233
109900112,298,364,-66
109900113,783,528,255
109900114,580,1257,-677
109900115,187,100,87
109900117,858,110,748
109900118,159,361,-202
109900119,435,291,144
109900120,62,40,22
109900121,328,456,-128
109900122,382,16,366
109900123,13,112,-99
109900124,26,263,-237
109900125,0,81,-81
109900126,254,76,178
109900128,309,33,276
109900130,4119,1916,2203
109900131,47,90,-43
109900132,33,140,-107
109900133,96,190,-94
109900134,73,62,11
109900135,323,85,238
109900136,29,104,-75
109900137,133,198,-65
109900140,188,128,60
109900142,1245,225,1020
109900145,4,423,-419
109900146,380,45,335
109900148,54,84,-30
109900149,60,53,7
109900150,9,86,-77
109900151,8,79,-71
109900152,2,33,-31
109900153,0,59,-59
109900154,50,0,50
109900155,77,26,51
109900157,45,161,-116
109900158,44,115,-71
109900159,80,23,57
109900160,158,42,116
109900161,237,64,173
109900162,175,112,63
109900163,553,177,376
109900164,93,223,-130
109900165,263,7,256
109900166,2,106,-104
109900167,195,360,-165
109900168,155,464,-309
109900169,227,160,67
109900170,175,701,-526
109900171,127,83,44
109900172,190,236,-46
109900173,1937,1983,-46
109900174,50,100,-50
109900175,68,66,2
109900176,107,126,-19
109900177,30,152,-122
109900178,20,96,-76
109900179,66,13,53
109900180,4,18,-14
110000001,784,442,342
110000002,535,661,-126
110000003,715,616,99
110000004,364,612,-248
110000005,348,1365,-1017
110000006,238,291,-53
110000007,107,83,24
110000008,19,63,-44
110000009,27,21,6
110000010,41,80,-39
110000011,42,39,3
110000012,618,260,358
110000013,53,401,-348
110000014,453,340,113
110000015,208,502,-294
110000016,227,1183,-956
110000017,1922,209,1713
110000018,1647,303,1344
110000019,35,109,-74
110000020,613,270,343
110000021,340,380,-40
110000022,606,126,480
110000023,21,126,-105
110000024,533,300,233
110000025,313,14,299
110000026,10,243,-233
110000027,543,976,-433
110000028,811,603,208
110000029,468,644,-176
110000030,236,347,-111
110000031,343,333,10
110000032,663,380,283
110000033,215,85,130
110000034,367,538,-171
110000035,670,426,244
110000036,702,518,184
110000037,194,309,-115
110000038,196,468,-272
110000039,575,2262,-1687
110000040,201,265,-64
110000041,276,1071,-795
110000042,85,264,-179
110000043,603,192,411
110000044,51,276,-225
110000045,531,91,440
110000046,4,47,-43
110000047,40,36,4
110000048,4,31,-27
110000049,25,7,18
110000050,2,32,-30
110000051,9,4,5
110000052,23,39,-16
110000053,36,2,34
110000054,100,279,-179
110000055,243,46,197
110000056,103,94,9
110000057,404,550,-146
110000058,867,367,500
110000059,884,443,441
110000060,717,787,-70
110000061,559,582,-23
110000062,496,639,-143
110000063,32,128,-96
110000064,101,35,66
110000065,65,76,-11
110000066,79,28,51
110000067,82,100,-18
110000068,277,110,167
110000069,302,72,230
110000071,190,87,103
110000073,21,10,11
110000075,2,75,-73
110000076,315,252,63
110000077,279,683,-404
110000078,25,29,-4
110000080,275,466,-191
110000081,86,183,-97
110000082,61,286,-225
110000083,191,463,-272
110000084,1217,753,464
110000085,1287,1450,-163
110000086,1197,1778,-581
110000087,13,45,-32
110000088,84,200,-116
110000089,228,81,147
110000090,213,192,21
110000091,804,198,606
110000092,13,42,-29
110000093,60,15,45
110000094,376,212,164
110000095,172,487,-315
110000096,1451,1569,-118
110000097,975,1087,-112
110000098,1909,601,1308
110000099,691,1200,-509
110000100,919,412,507
110000101,41,258,-217
110000102,78,17,61
110000104,371,133,238
110000105,81,261,-180
110000106,622,441,181
110000107,239,322,-83
110000108,139,84,55
110000109,217,211,6
110000110,2141,4592,-2451
110000111,4380,2584,1796
110000112,861,1246,-385
110000113,276,1936,-1660
110000114,233,518,-285
110000115,349,215,134
110000116,38,42,-4
110000117,229,246,-17
110000118,440,106,334
110000119,205,216,-11
110000120,359,184,175
110000121,58,301,-243
110000122,334,479,-145
110000123,517,674,-157
110000124,2,680,-678
110000125,824,7,817
110000126,230,42,188
110000127,1199,52,1147
110000128,25,772,-747
110000129,6,459,-453
110000130,382,170,212
110000131,79,357,-278
110000132,2,444,-442
110000133,22,442,-420
110000134,23,308,-285
110000135,162,29,133
110000136,81,218,-137
110000137,443,425,18
110000138,764,491,273
110000139,767,863,-96
110000140,1014,694,320
110000143,494,327,167
110000144,3998,1770,2228
110000145,1343,1176,167
110000146,1064,661,403
110000147,448,577,-129
110000148,534,223,311
110000151,688,977,-289
110000152,679,353,326
110000153,92,27,65
110000154,14,21,-7
110000155,1003,3358,-2355
110000156,891,2060,-1169
110000157,1034,1996,-962
110000160,408,263,145
110000161,208,245,-37
110000166,557,104,453
110000167,798,407,391
110000168,802,429,373
110000169,836,291,545
110000170,139,56,83
110000171,516,125,391
110000172,159,548,-389
110000173,853,756,97
110000174,164,652,-488
110000175,714,51,663
110000176,162,299,-137
110000177,168,648,-480
110000178,336,1377,-1041
110000179,762,283,479
110000180,162,177,-15
110000181,425,353,72
110000182,232,115,117
110000183,5685,5036,649
110000184,267,1868,-1601
110000185,574,463,111
110000186,610,546,64
110000191,970,213,757
110000192,600,12,588
110000193,1188,15,1173
110000194,10,710,-700
110000195,449,203,246
110000196,402,271,131
110000197,116,124,-8
110000198,100,59,41
110000199,57,107,-50
110000200,846,341,505
110000201,731,842,-111
110000202,1204,548,656
110000203,575,430,145
110000204,4,159,-155
110000205,131,41,90
110000206,471,821,-350
110000207,963,333,630
110000208,133,195,-62
110000209,94,513,-419
110000210,1103,349,754
110000211,609,452,157
110000212,415,817,-402
110000213,250,65,185
110000214,319,94,225
110000215,207,245,-38
110000216,120,210,-90
110000217,342,133,209
110000218,217,233,-16
110000219,332,61,271
110000220,85,203,-118
110000221,328,59,269
110000222,100,158,-58
110000223,2,212,-210
110000224,31,16,15
110000225,268,611,-343
110000226,220,43,177
110000227,757,540,217
110000228,239,108,131
110000229,2,184,-182
110000230,446,381,65
110000231,166,181,-15
110000232,214,153,61
110000233,171,186,-15
110000234,482,459,23
110000235,651,715,-64
110000236,457,425,32
110000237,1624,941,683
110000238,898,1111,-213
110000239,1718,967,751
110000240,0,51,-51
110000242,0,11,-11
110000243,110,91,19
110000244,99,244,-145
110000245,42,246,-204
110000246,692,363,329
110000247,1077,3989,-2912
110000248,1749,1563,186
110000249,80,12,68
110000250,28,134,-106
110000251,262,397,-135
110000252,172,179,-7
110000253,1241,499,742
110000254,544,876,-332
110000255,182,635,-453
110000256,417,197,220
110000257,578,371,207
110000258,8,267,-259
110000259,133,21,112
110000260,30,194,-164
110000263,401,136,265
110000264,233,338,-105
110000265,1009,1541,-532
110000266,1409,2306,-897
110000267,37,162,-125
110000268,268,383,-115
110000269,3,35,-32
110000270,95,4,91
110000271,1058,240,818
110000272,1121,952,169
110000273,2235,1292,943
110000274,134,1276,-1142
110000275,1336,507,829
110000276,222,330,-108
110000277,261,222,39
110000278,308,591,-283
110000279,694,710,-16
110000280,375,302,73
110000281,54,312,-258
110000282,228,19,209
110000283,57,132,-75
110000284,53,36,17
110000285,3,446,-443
110000286,10,0,10
110000287,54,2,52
110000288,3,68,-65
110000289,437,1542,-1105
110000290,626,559,67
110000291,3881,1190,2691
110000292,1166,3936,-2770
110000293,476,545,-69
110000294,933,849,84
110000295,168,684,-516
110000296,420,267,153
110000297,2265,300,1965
110000298,231,503,-272
110000299,360,62,298
110000301,392,26,366
110000302,478,626,-148
110000303,446,6,440
110000304,166,191,-25
110000305,1042,25,1017
110000306,149,860,-711
110000307,1312,8,1304
110000308,471,44,427
110000309,4,541,-537
110000310,688,57,631
110000311,12,471,-459
110000312,495,101,394
110000313,2313,3146,-833
110000314,0,203,-203
110000315,2127,2192,-65
110000316,488,1099,-611
110000317,261,511,-250
110000318,0,58,-58
110000319,26,19,7
110000320,56,52,4
110000321,13,37,-24
110000322,245,251,-6
110000323,335,133,202
110000324,2557,1431,1126
110000325,1626,2485,-859
110000327,297,232,65
110000328,117,305,-188
110000333,671,634,37
110000334,662,1040,-378
110000335,670,442,228
110000336,667,867,-200
110000337,1203,465,738
110000338,406,176,230
110000339,258,176,82
110000340,116,147,-31
110000341,498,411,87
110000342,264,3,261
110000343,0,14,-14
110000344,177,132,45
110000345,223,118,105
110000346,1658,1641,17
110000347,1025,622,403
110000348,17,24,-7
110000349,13,18,-5
110000350,34,6,28
110000351,894,674,220
110000352,705,1199,-494
110000353,1826,595,1231
110000354,1028,2450,-1422
110000355,74,78,-4
110000356,488,13,475
110000357,314,6,308
110000361,18,54,-36
110000362,66,9,57
110000363,486,96,390
110000364,200,241,-41
110000365,127,4,123
110000366,0,136,-136
110000367,204,99,105
110000368,3,65,-62
110000369,38,0,38
110000373,4,210,-206
110000374,79,18,61
110000375,119,801,-682
110000376,43,69,-26
110000377,77,351,-274
110000378,14,258,-244
110000379,1860,1552,308
110000380,47,8,39
110000383,2,1165,-1163
110000384,1520,1228,292
110000385,2,101,-99
110000387,68,10,58
110000388,36,156,-120
110000389,848,29,819
110000391,566,193,373
110000396,144,124,20
110000397,166,112,54
110000398,1,27,-26
110000399,141,3,138
110000587,78,57,21
110000589,208,135,73
110000640,152,44,108
110000652,7,153,-146
110000653,363,351,12
110000654,45,258,-213
110000656,0,354,-354
110000674,15,11,4
110000675,5,11,-6
110000676,1,26,-25
110000679,324,1158,-834
110000682,95,181,-86
110000683,212,451,-239
110000684,13,45,-32
110000685,1,14,-13
110000686,5,40,-35
110000687,54,11,43
110000688,55,915,-860
110000689,43,38,5
110000692,20,79,-59
110000693,41,230,-189
110000694,3,128,-125
110000695,123,528,-405
110000696,67,51,16
110900001,318,14,304
110900002,303,200,103
110900003,792,385,407
110900004,412,138,274
110900005,1795,2071,-276
110900006,56,18,38
110900007,107,33,74
110900008,21,37,-16
110900009,382,170,212
110900010,15,79,-64
110900011,21,54,-33
110900012,16,81,-65
110900013,927,124,803
110900014,324,9,315
110900015,410,582,-172
110900016,71,124,-53
110900017,369,56,313
110900018,362,41,321
110900019,219,17,202
110900020,107,158,-51
110900021,99,294,-195
110900022,96,192,-96
110900023,68,407,-339
110900024,21,223,-202
110900025,8,49,-41
110900027,47,206,-159
110900028,32,87,-55
110900029,18,268,-250
110900030,46,100,-54
110900031,1,132,-131
110900032,1,59,-58
110900033,37,130,-93
110900035,19,361,-342
110900036,83,15,68
110900037,49,19,30
110900038,577,160,417
110900039,10,183,-173
110900040,125,16,109
110900041,9,76,-67
110900042,137,47,90
110900043,0,76,-76
110900044,185,16,169
110900045,64,235,-171
110900046,39,140,-101
110900047,275,361,-86
110900049,82,96,-14
110900050,19,3,16
110900051,56,162,-106
110900052,1,103,-102
110900053,112,26,86
110900054,34,156,-122
110900055,18,1,17
110900056,41,99,-58
110900057,1,104,-103
110900058,294,130,164
110900059,525,455,70
110900060,465,116,349
110900061,22,36,-14
110900062,144,175,-31
110900063,35,91,-56
110900064,9,0,9
110900065,304,135,169
110900066,6,35,-29
110900067,236,448,-212
110900068,179,182,-3
110900069,6,12,-6
110900070,112,51,61
110900071,227,522,-295
110900073,2,14,-12
110900074,335,89,246
110900075,342,78,264
110900077,761,528,233
110900078,46,49,-3
110900079,1812,1266,546
110900080,149,85,64
110900081,12,33,-21
110900082,156,94,62
110900083,110,59,51
110900084,65,51,14
110900085,51,180,-129
110900086,86,319,-233
110900087,323,51,272
110900088,10,0,10
110900090,31,49,-18
110900091,4,48,-44
110900093,178,84,94
110900095,40,37,3
110900097,6,32,-26
110900098,41,45,-4
110900099,39,300,-261
110900100,0,23,-23
110900102,21,11,10
110900105,617,181,436
110900108,7,35,-28
110900111,257,92,165
110900112,821,15,806
110900113,386,53,333
110900115,8,44,-36
110900116,640,1171,-531
110900118,65,2656,-2591
110900119,2510,236,2274
110900120,18,75,-57
110900121,189,6,183
110900122,457,193,264
110900125,373,392,-19
110900127,473,1196,-723
110900128,344,476,-132
110900129,315,940,-625
110900130,776,628,148
110900131,248,41,207
110900132,354,72,282
110900133,93,149,-56
110900135,59,223,-164
110900136,342,10,332
110900138,0,15,-15
110900139,19,0,19
110900140,0,0,0
110900141,279,283,-4
110900142,85,128,-43
110900143,178,80,98
110900144,3,443,-440
110900145,202,45,157
110900146,241,134,107
110900147,76,238,-162
110900148,2,213,-211
110900149,1,74,-73
110900150,26,15,11
110900151,7,40,-33
110900152,49,135,-86
110900153,166,54,112
111000001,495,507,-12
111000002,643,402,241
111000003,1207,542,665
111000004,401,855,-454
111000005,1147,872,275
111000006,709,1350,-641
111000007,3217,2231,986
111000008,1620,2107,-487
111000009,376,510,-134
111000010,736,209,527
111000011,269,990,-721
111000012,462,315,147
111000013,416,1205,-789
111000014,1222,445,777
111000017,115,766,-651
111000018,216,324,-108
111000020,685,1733,-1048
111000021,88,116,-28
111000023,84,89,-5
111000025,2945,3192,-247
111000029,99,106,-7
111000030,34,83,-49
111000031,1595,981,614
111000032,461,259,202
111000033,224,253,-29
111000034,117,238,-121
111000037,1115,711,404
111000038,2122,1216,906
111000039,1573,1490,83
111000040,1411,1752,-341
111000041,1426,1231,195
111000042,2135,1744,391
111000043,1617,2713,-1096
111000044,1640,1145,495
111000045,1197,1345,-148
111000046,1265,1620,-355
111000047,2405,3328,-923
111000049,367,372,-5
111000050,925,704,221
111000051,501,781,-280
111000052,533,1354,-821
111000053,314,591,-277
111000054,372,610,-238
111000055,881,1202,-321
111000056,124,339,-215
111000057,98,380,-282
111000058,441,60,381
111000059,483,233,250
111000060,3275,749,2526
111000061,489,325,164
111000062,784,312,472
111000063,1577,882,695
111000064,644,473,171
111000065,1023,741,282
111000066,408,334,74
111000067,489,518,-29
111000068,569,860,-291
111000069,1199,1246,-47
111000070,992,804,188
111000071,237,427,-190
111000072,1203,464,739
111000073,340,866,-526
111000074,1282,1282,0
111000075,905,512,393
111000076,475,465,10
111000077,1165,1013,152
111000078,2256,1139,1117
111000079,1090,619,471
111000080,529,522,7
111000081,1238,3169,-1931
111000082,707,585,122
111000084,626,350,276
111000085,894,934,-40
111000086,2042,783,1259
111000087,563,470,93
111000088,3560,2035,1525
111000089,695,701,-6
111000090,662,1185,-523
111000091,693,343,350
111000092,1301,749,552
111000093,649,1031,-382
111000094,1524,948,576
111000095,763,1977,-1214
111000096,1414,6153,-4739
111000097,3444,1319,2125
111000098,718,904,-186
111000099,486,1253,-767
111000100,368,1113,-745
111000101,403,648,-245
111000102,268,386,-118
111000104,535,157,378
111000107,103,526,-423
111000109,483,208,275
111000110,1145,565,580
111000111,2178,377,1801
111000112,1579,471,1108
111000113,829,1264,-435
111000114,1806,3075,-1269
111000115,4474,1250,3224
111000116,873,764,109
111000117,393,747,-354
111000118,1179,698,481
111000119,1078,869,209
111000120,470,512,-42
111000121,342,615,-273
111000122,494,809,-315
111000123,972,1781,-809
111000124,387,1776,-1389
111000125,305,904,-599
111000126,92,639,-547
111000127,850,127,723
111000128,1703,263,1440
111000129,2334,415,1919
111000130,1901,528,1373
111000131,1557,539,1018
111000132,1416,647,769
111000133,136,116,20
111000134,204,91,113
111000135,57,129,-72
111000136,342,299,43
111000138,15,7,8
111000140,0,4,-4
111000141,121,289,-168
111000142,17,126,-109
111000143,4,155,-151
111000144,34,438,-404
111000145,635,15,620
111000146,94,8,86
111000147,286,16,270
111000148,113,51,62
111000149,8,23,-15
111000150,29,4,25
111000151,2,13,-11
111000153,480,657,-177
111000154,701,212,489
111000155,79,132,-53
111000156,427,517,-90
111000157,218,765,-547
111000158,681,662,19
111000159,1891,667,1224
111000160,385,278,107
111000161,14,206,-192
111000162,89,113,-24
111000163,673,564,109
111000164,499,2303,-1804
111000165,877,344,533
111000166,1397,248,1149
111000167,167,323,-156
111000168,198,339,-141
111000169,267,561,-294
111000170,418,317,101
111000171,449,568,-119
111000172,160,367,-207
111000173,344,627,-283
111000174,204,224,-20
111000175,52,231,-179
111000176,252,105,147
111000177,305,184,121
111000178,1080,241,839
111000179,222,130,92
111000180,240,379,-139
111000181,1215,187,1028
111000182,234,157,77
111000183,227,245,-18
111000184,358,203,155
111000185,353,378,-25
111000186,259,204,55
111000187,114,139,-25
111000188,227,287,-60
111000189,835,415,420
111000190,208,252,-44
111000191,205,215,-10
111000192,177,383,-206
111000193,327,282,45
111000194,67,266,-199
111000195,163,239,-76
111000196,106,165,-59
111000197,513,124,389
111000198,815,141,674
111000199,254,129,125
111000200,377,318,59
111000201,625,250,375
111000202,403,201,202
111000203,386,338,48
111000204,433,1233,-800
111000213,214,420,-206
111000214,1336,1086,250
111000215,1087,933,154
111000217,1334,932,402
111000218,957,847,110
111000219,731,469,262
111000220,881,433,448
111000221,468,74,394
111000224,50,240,-190
111000225,375,292,83
111000226,81,2,79
111000227,44,4,40
111000228,16,361,-345
111000229,58,778,-720
111000230,200,227,-27
111000231,903,491,412
111000232,583,725,-142
111000233,766,574,192
111000234,144,347,-203
111000239,79,117,-38
111000240,60,201,-141
111000241,32,186,-154
111000242,195,56,139
111000243,134,395,-261
111000244,486,45,441
111000245,1077,277,800
111000246,582,216,366
111000247,327,584,-257
111000248,750,358,392
111000249,343,482,-139
111000250,60,71,-11
111000251,43,81,-38
111000253,13,11,2
111000255,54,8,46
111000257,35,26,9
111000260,52,798,-746
111000261,1097,77,1020
111000271,57,267,-210
111000273,2107,925,1182
111000274,1201,1829,-628
111000275,162,63,99
111000276,220,1105,-885
111000277,171,289,-118
111000278,500,211,289
111000291,834,4762,-3928
111000298,395,156,239
111000299,543,113,430
111000300,117,461,-344
111000302,258,64,194
111000303,91,179,-88
111000312,59,64,-5
111000315,13,85,-72
111000320,164,373,-209
111000321,420,105,315
111000322,316,335,-19
111000323,321,52,269
111000324,355,178,177
111000325,48,53,-5
111000326,339,280,59
111000327,449,277,172
111000328,414,605,-191
111000329,0,20,-20
111000330,67,4,63
111000331,20,8,12
111000332,1048,1744,-696
111000334,300,924,-624
111000335,914,196,718
111000337,1199,274,925
111000338,52,98,-46
111000339,622,223,399
111000340,123,366,-243
111000341,1207,585,622
111000342,191,929,-738
111000344,849,646,203
111000345,146,78,68
111000346,17,116,-99
111000347,122,12,110
111000350,218,111,107
111000351,96,299,-203
111000352,190,80,110
111000353,143,245,-102
111000354,497,115,382
111000355,249,457,-208
111000358,176,707,-531
111000360,150,420,-270
111000361,180,177,3
111000546,766,438,328
111000547,435,339,96
111000548,162,249,-87
111000549,279,227,52
111000550,100,818,-718
111000551,529,154,375
111000552,1030,129,901
111000907,380,10,370
111000908,28,0,28
111000916,1684,217,1467
111000917,37,364,-327
111000918,219,564,-345
111000920,513,15,498
111000921,6,152,-146
111000922,496,217,279
111000924,24,477,-453
111000925,2702,1490,1212
111000926,983,1723,-740
111000927,2308,3358,-1050
111000928,3128,2258,870
111000929,1201,975,226
111000930,793,1581,-788
111000931,1676,2047,-371
111000932,2960,1496,1464
111000933,2895,2281,614
111000934,1628,2286,-658
111000935,1409,880,529
111000936,1004,1579,-575
111000937,978,1048,-70
111000938,1249,1151,98
111000939,476,36,440
111000940,370,130,240
111000941,298,328,-30
111000943,449,207,242
111000944,158,270,-112
111000945,109,1034,-925
111001109,478,394,84
111001110,164,396,-232
111001111,102,18,84
111001112,69,0,69
111001113,6,135,-129
111001114,615,126,489
111001115,56,573,-517
111001116,3378,3104,274
111001117,454,2213,-1759
111001120,138,226,-88
111001121,180,179,1
111001122,192,349,-157
111001123,334,79,255
111001124,90,140,-50
111001125,2,129,-127
111001126,3,0,3
111001127,3,49,-46
111001128,975,731,244
111900001,2,173,-171
111900002,0,383,-383
111900003,1,195,-194
111900004,21,69,-48
111900006,24,44,-20
111900007,124,5,119
111900008,192,1,191
111900009,121,0,121
111900010,245,334,-89
111900012,50,65,-15
111900013,41,47,-6
111900014,3425,3886,-461
111900015,0,45,-45
111900016,1,76,-75
111900017,1,64,-63
111900018,169,10,159
111900019,4,90,-86
111900020,4,38,-34
111900021,31,85,-54
111900022,9,54,-45
111900023,108,85,23
111900024,54,87,-33
111900025,0,20,-20
111900026,2,49,-47
111900027,9,83,-74
111900028,6,229,-223
111900029,2,61,-59
111900030,26,301,-275
111900031,0,20,-20
111900032,0,226,-226
111900033,5,43,-38
111900034,199,410,-211
111900035,60,165,-105
111900036,0,178,-178
111900038,223,441,-218
111900039,43,324,-281
111900040,2,327,-325
111900042,27,100,-73
111900043,3,226,-223
111900044,260,174,86
111900046,23,104,-81
111900048,241,444,-203
111900049,25,191,-166
111900050,107,28,79
111900051,6,156,-150
111900052,316,348,-32
111900053,803,1549,-746
111900054,167,10,157
111900055,3,228,-225
111900056,167,282,-115
111900057,94,23,71
111900058,419,352,67
111900059,1178,552,626
111900060,314,4,310
111900061,7,106,-99
111900062,33,43,-10
111900063,349,213,136
111900064,70,140,-70
111900065,107,24,83
111900066,123,138,-15
111900067,2,222,-220
111900068,43,62,-19
111900069,89,42,47
111900070,159,85,74
111900071,4,188,-184
111900072,69,25,44
111900073,894,163,731
111900074,11,119,-108
111900075,74,6,68
111900076,148,69,79
111900077,54,3,51
111900078,333,30,303
111900079,76,26,50
111900080,209,245,-36
111900082,150,26,124
111900083,206,8,198
111900084,63,6,57
111900085,52,103,-51
111900086,50,8,42
111900087,49,0,49
111900088,563,17,546
111900089,83,1,82
111900090,43,42,1
111900091,309,2,307
111900092,107,1,106
111900093,379,11,368
111900094,83,0,83
111900095,224,31,193
111900096,202,0,202
111900097,73,0,73
111900098,273,5,268
111900099,77,0,77
111900100,127,2,125
111900101,80,40,40
111900102,536,370,166
111900103,66,62,4
111900104,128,38,90
111900105,262,161,101
111900106,547,40,507
111900110,1177,380,797
111900111,193,85,108
111900112,408,2431,-2023
111900113,216,70,146
111900118,310,81,229
111900119,269,140,129
111900122,129,88,41
111900123,24,29,-5
111900124,18,72,-54
111900125,517,24,493
111900126,242,3,239
111900127,2,464,-462
111900128,1,274,-273
111900129,275,2,273
111900130,122,15,107
111900131,488,1,487
111900132,15,613,-598
111900133,5,232,-227
111900134,6,196,-190
111900135,16,37,-21
111900136,63,176,-113
111900137,51,67,-16
111900138,22,65,-43
111900139,29,94,-65
111900140,146,25,121
111900141,72,7,65
111900142,128,39,89
111900143,17,116,-99
111900144,2,80,-78
111900145,1,299,-298
111900146,0,150,-150
111900147,131,264,-133
111900148,21,442,-421
111900149,9,206,-197
111900150,7,103,-96
111900151,10,23,-13
111900152,79,70,9
111900153,937,540,397
111900154,17,244,-227
111900155,52,98,-46
111900156,57,74,-17
111900157,191,20,171
111900158,462,68,394
111900159,258,32,226
111900160,328,3,325
111900161,156,6,150
111900162,84,141,-57
111900163,38,150,-112
111900164,108,86,22
111901113,485,148,337
111901114,218,255,-37
111901115,67,4,63
111901116,37,0,37
111901117,19,26,-7
111901118,38,203,-165
111901119,410,57,353
111901121,107,119,-12
111901122,5,287,-282
111901123,150,161,-11
111901124,204,2,202
111901125,392,181,211
111901127,420,354,66
111901128,10,55,-45
111901129,4,69,-65
111901130,5,112,-107
111901131,5,229,-224
111901132,137,27,110
111901133,55,5,50
111901134,79,6,73
111901135,39,13,26
111901136,3,57,-54
111901138,174,31,143
111901139,9,43,-34
111901140,7,65,-58
111901141,1,98,-97
111901142,0,82,-82
111901143,1,70,-69
111901144,56,43,13
111901145,205,323,-118
111901146,291,21,270
111901147,283,212,71
111901148,11,50,-39
111901149,7,3,4
111901150,28,0,28
111901151,0,0,0
112000001,1466,568,898
112000002,648,1515,-867
112000003,1318,802,516
112000004,651,589,62
112000005,2931,3033,-102
112000006,1319,1094,225
112000007,3051,1975,1076
112000008,2281,3476,-1195
112000009,2369,2007,362
112000010,2631,2944,-313
112000011,1219,1173,46
112000012,3065,4388,-1323
112000013,2249,2350,-101
112000014,1489,2677,-1188
112000015,1723,2750,-1027
112000016,2216,1540,676
112000017,923,2496,-1573
112000024,1581,619,962
112000026,2228,2543,-315
112000027,712,606,106
112000028,836,1072,-236
112000029,506,555,-49
112000030,123,37,86
112000031,1015,3968,-2953
112000032,179,44,135
112000033,1302,2452,-1150
112000034,107,42,65
112000035,45,402,-357
112000036,441,948,-507
112000037,787,667,120
112000038,1287,831,456
112000039,76,64,12
112000040,56,193,-137
112000041,212,186,26
112000042,754,335,419
112000050,1138,973,165
112000051,934,1406,-472
112000054,1294,1346,-52
112000057,471,266,205
112000058,240,443,-203
112000059,476,780,-304
112000061,2308,1787,521
112000062,1413,889,524
112000063,992,1786,-794
112000064,2843,4324,-1481
112000065,1517,1942,-425
112000066,3450,1456,1994
112000067,613,620,-7
112000068,2796,2475,321
112000069,585,1309,-724
112000070,1762,844,918
112000071,764,1662,-898
112000072,2098,726,1372
112000073,1149,1542,-393
112000074,1151,950,201
112000075,1204,1031,173
112000076,2528,2059,469
112000077,640,427,213
112000078,1821,519,1302
112000079,1270,1099,171
112000080,687,588,99
112000081,847,1244,-397
112000082,1262,806,456
112000083,488,963,-475
112000084,1126,644,482
112000085,984,769,215
112000086,1465,909,556
112000087,510,311,199
112000088,982,405,577
112000089,265,447,-182
112000090,358,237,121
112000091,571,724,-153
112000092,1837,697,1140
112000093,1441,696,745
112000094,689,748,-59
112000095,642,558,84
112000096,654,845,-191
112000097,1126,605,521
112000098,814,707,107
112000099,728,1439,-711
112000100,1652,703,949
112000101,392,621,-229
112000102,1243,525,718
112000103,293,550,-257
112000105,564,1028,-464
112000106,1906,429,1477
112000107,110,144,-34
112000108,316,1173,-857
112000109,173,112,61
112000110,1727,655,1072
112000111,821,2381,-1560
112000112,2930,574,2356
112000113,784,1239,-455
112000114,2145,793,1352
112000115,312,382,-70
112000116,475,806,-331
112000117,1000,581,419
112000118,697,551,146
112000119,379,471,-92
112000120,76,234,-158
112000121,165,331,-166
112000122,270,119,151
112000123,822,157,665
112000124,411,65,346
112000125,285,232,53
112000126,258,346,-88
112000127,1810,2269,-459
112000128,596,544,52
112000129,155,76,79
112000130,226,81,145
112000131,67,205,-138
112000132,126,225,-99
112000133,315,129,186
112000134,440,327,113
112000135,1252,550,702
112000136,821,947,-126
112000137,1426,1394,32
112000138,1048,932,116
112000139,840,589,251
112000140,730,1012,-282
112000141,838,319,519
112000142,131,379,-248
112000143,927,192,735
112000144,296,782,-486
112000145,2211,538,1673
112000146,469,1317,-848
112000147,2394,1575,819
112000148,1437,1472,-35
112000149,392,467,-75
112000150,249,426,-177
112000151,401,262,139
112000152,413,340,73
112000153,177,237,-60
112000154,123,202,-79
112000155,120,164,-44
112000157,505,513,-8
112000158,278,322,-44
112000159,318,203,115
112000167,323,117,206
112000169,295,398,-103
112000173,711,211,500
112000175,344,334,10
112000176,1781,1694,87
112000177,642,219,423
112000178,138,270,-132
112000179,263,64,199
112000180,311,385,-74
112000181,1164,1284,-120
112000182,1291,1039,252
112000183,30,30,0
112000184,384,274,110
112000185,563,412,151
112000187,3145,1986,1159
112000195,100,17,83
112000196,126,2,124
112000197,143,146,-3
112000198,32,244,-212
112000199,853,563,290
112000202,376,3,373
112000216,70,164,-94
112000230,101,8,93
112000231,7,173,-166
112000256,49,215,-166
112000313,66,68,-2
112000314,63,36,27
112000337,236,508,-272
112000352,275,323,-48
112000392,1338,1193,145
112000398,1255,668,587
112000399,1152,1857,-705
112000400,1283,1599,-316
112000401,1777,1552,225
112000402,2505,3227,-722
112000403,1009,2716,-1707
112000404,1019,994,25
112000405,1936,2976,-1040
112000406,2887,1885,1002
112000407,6234,6575,-341
112000408,5397,3563,1834
112000409,1688,2779,-1091
112000410,406,317,89
112000411,2475,1427,1048
112000412,1194,545,649
112000413,5118,5055,63
112000414,75,56,19
112000415,95,35,60
112000416,2759,1325,1434
112000417,279,84,195
112000421,63,105,-42
112000422,313,236,77
112000424,1464,2169,-705
112000425,404,671,-267
112000426,168,433,-265
112000427,2,20,-18
112000428,263,266,-3
112000429,1749,1715,34
112000430,2023,2284,-261
112000431,116,144,-28
112000432,613,828,-215
112000433,281,803,-522
112000437,43,151,-108
112900001,89,1,88
112900002,465,612,-147
112900003,88,300,-212
112900004,40,211,-171
112900005,259,191,68
112900006,14,258,-244
112900007,56,175,-119
112900008,1,34,-33
112900009,382,132,250
112900010,380,574,-194
112900011,145,199,-54
112900012,0,46,-46
112900013,0,127,-127
112900014,1,181,-180
112900015,319,592,-273
112900016,11,203,-192
112900017,22,171,-149
112900018,95,249,-154
112900019,33,103,-70
112900020,319,878,-559
112900021,7,153,-146
112900022,9,47,-38
112900023,5,97,-92
112900024,14,145,-131
112900025,59,147,-88
112900026,0,167,-167
112900027,3,776,-773
112900028,8,97,-89
112900029,16,371,-355
112900030,84,94,-10
112900031,3,278,-275
112900032,142,194,-52
112900034,3,22,-19
112900035,5,276,-271
112900036,41,85,-44
112900037,116,200,-84
112900038,515,147,368
112900039,16,212,-196
112900040,7,301,-294
112900041,603,956,-353
112900042,51,235,-184
112900043,49,79,-30
112900044,407,356,51
112900045,209,212,-3
112900046,107,41,66
112900047,10,13,-3
112900049,219,58,161
112900050,30,408,-378
112900051,189,427,-238
112900052,7,565,-558
112900053,169,116,53
112900054,139,50,89
112900055,79,42,37
112900056,326,180,146
112900057,28,353,-325
112900058,315,359,-44
112900059,110,126,-16
112900060,13,107,-94
112900061,90,94,-4
112900062,74,107,-33
112900063,102,15,87
112900064,146,213,-67
112900065,37,30,7
112900066,182,236,-54
112900067,273,134,139
112900068,42,44,-2
112900069,1235,757,478
112900071,64,8,56
112900072,152,1860,-1708
112900073,346,99,247
112900074,110,275,-165
112900075,845,863,-18
112900076,75,35,40
112900078,293,372,-79
112900079,237,30,207
112900080,98,7,91
112900081,53,164,-111
112900082,551,41,510
112900083,100,113,-13
112900084,225,121,104
112900086,70,1,69
112900087,797,135,662
112900088,144,25,119
112900089,680,51,629
112900090,48,25,23
112900091,260,5,255
112900092,148,362,-214
112900093,1348,28,1320
112900095,56,2,54
112900096,494,154,340
112900097,88,230,-142
112900098,63,2,61
112900099,687,26,661
112900100,85,2,83
112900101,354,2,352
112900102,137,13,124
112900103,231,5,226
112900104,281,5,276
112900105,26,1,25
112900106,397,135,262
112900107,11,0,11
112900108,16,1,15
112900109,120,0,120
112900110,1323,22,1301
112900111,660,5,655
112900112,354,5,349
112900113,0,8,-8
112900114,145,15,130
112900115,1432,2,1430
112900116,145,43,102
112900117,102,55,47
112900118,47,82,-35
112900119,163,4,159
112900120,659,246,413
112900121,65,118,-53
112900122,20,93,-73
112900123,121,14,107
112900124,4,91,-87
112900125,45,382,-337
112900126,152,181,-29
112900127,336,87,249
112900128,221,647,-426
112900129,2,464,-462
112900130,196,84,112
112900131,21,224,-203
112900132,185,315,-130
112900133,33,903,-870
112900134,3,165,-162
112900135,116,48,68
112900137,0,365,-365
112900138,2,127,-125
112900139,150,710,-560
112900141,614,36,578
112900142,81,189,-108
112900143,23,290,-267
112900144,2,383,-381
112900145,21,343,-322
112900146,7,867,-860
112900147,3,1019,-1016
112900148,63,2,61
112900149,189,440,-251
112900151,33,53,-20
112900152,3108,639,2469
112900153,1359,2048,-689
112900154,0,116,-116
112900155,137,41,96
112900156,242,679,-437
112900157,557,186,371
112900158,83,15,68
112900159,190,147,43
112900160,62,238,-176
112900161,93,53,40
112900162,23,20,3
112900163,65,41,24
112900164,37,232,-195
112900165,74,15,59
112900166,18,61,-43
112900167,9,80,-71
112900168,4,4,0
112900169,18,16,2
112900170,116,102,14
112900172,46,23,23
112900173,172,87,85
112900174,220,56,164
112900175,114,128,-14
112900176,13,52,-39
112900177,284,61,223
112900178,634,2233,-1599
112900179,52,358,-306
112900180,1669,1173,496
112900181,645,8,637
112900182,60,619,-559
112900183,168,334,-166
112900184,347,411,-64
112900185,213,573,-360
112900186,957,865,92
112900187,90,553,-463
112900188,535,855,-320
112900189,21,20,1
112900190,10,69,-59
112900192,547,494,53
112900193,1111,310,801
112900194,62,53,9
112900195,631,51,580
112900196,223,296,-73
112900197,113,282,-169
112900199,632,386,246
112900200,449,162,287
112900201,167,87,80
112900202,339,531,-192
112900203,251,170,81
112900204,714,550,164
112900205,20,5,15
112900206,35,60,-25
112900207,16,0,16
112900208,85,288,-203
112900209,367,261,106
112900210,0,14,-14
112900211,66,26,40
112900212,1,94,-93
112900213,49,17,32
112900214,23,14,9
112900215,7,99,-92
112900216,27,45,-18
112900217,0,27,-27
112900218,60,5,55
112900219,85,7,78
112900220,4,0,4
112900221,107,65,42
112900222,0,15,-15
112900223,923,30,893
112900224,388,340,48
112900225,426,243,183
112900226,198,342,-144
112900227,500,529,-29
112900228,76,28,48
112900229,266,48,218
112900230,5228,3135,2093
112900232,196,227,-31
112900233,57,111,-54
112900234,13,64,-51
112900235,113,41,72
112900236,304,14,290
112900237,208,181,27
112900238,1,25,-24
112900239,494,396,98
112900240,10,31,-21
112900241,9,74,-65
112900242,10,77,-67
112900243,9,100,-91
112900244,11,33,-22
112900245,3,24,-21
112900246,0,5,-5
112900247,135,38,97
112900248,9,0,9
112900249,46,2,44
112900250,44,26,18
112900251,64,14,50
112900252,62,21,41
112900253,48,4,44
112900254,14,6,8
112900255,20,39,-19
112900256,2,48,-46
112900257,12,50,-38
112900258,35,17,18
113000001,4762,3435,1327
113000002,2993,2791,202
113000003,1567,1214,353
113000004,1258,1717,-459
113000005,1480,791,689
113000006,894,993,-99
113000007,1725,982,743
113000008,1324,1393,-69
113000009,1012,554,458
113000010,999,979,20
113000011,733,1153,-420
113000012,1640,554,1086
113000013,1040,570,470
113000014,1185,1270,-85
113000015,240,192,48
113000016,293,682,-389
113000017,22,264,-242
113000018,289,47,242
113000019,120,269,-149
113000020,501,74,427
113000021,877,487,390
113000022,676,1100,-424
113000025,96,303,-207
113000026,461,506,-45
113000027,392,538,-146
113000028,392,574,-182
113000029,871,718,153
113000030,285,552,-267
113000031,279,288,-9
113000032,285,305,-20
113000033,339,439,-100
113000034,326,309,17
113000035,20,29,-9
113000036,17,46,-29
113000037,50,41,9
113000038,12,60,-48
113000039,61,257,-196
113000040,60,103,-43
113000042,592,468,124
113000051,715,1817,-1102
113000052,1597,577,1020
113000053,315,338,-23
113000054,346,510,-164
113000055,1044,461,583
113000056,968,769,199
113000058,616,727,-111
113000059,963,512,451
113000060,282,450,-168
113000061,416,717,-301
113000062,607,299,308
113000063,158,77,81
113000064,60,180,-120
113000065,117,538,-421
113000066,602,103,499
113000067,1864,970,894
113000068,355,753,-398
113000069,499,683,-184
113000070,2109,816,1293
113000071,363,456,-93
113000072,656,384,272
113000073,297,923,-626
113000074,798,291,507
113000075,1716,644,1072
113000076,561,1939,-1378
113000077,1029,698,331
113000078,650,1938,-1288
113000079,504,766,-262
113000080,595,727,-132
113000081,712,715,-3
113000082,918,634,284
113000083,500,778,-278
113000084,1404,968,436
113000085,729,800,-71
113000086,989,1080,-91
113000087,827,950,-123
113000088,1660,1047,613
113000089,808,1352,-544
113000090,265,524,-259
113000091,378,321,57
113000094,1067,202,865
113000095,226,664,-438
113000096,153,586,-433
113000097,1017,384,633
113000098,124,43,81
113000099,797,299,498
113000100,120,327,-207
113000101,307,485,-178
113000102,596,503,93
113000103,1452,306,1146
113000104,489,1566,-1077
113000105,810,357,453
113000106,311,266,45
113000107,834,715,119
113000108,550,751,-201
113000109,571,1137,-566
113000110,1335,366,969
113000111,189,522,-333
113000112,315,367,-52
113000113,1037,361,676
113000114,271,1113,-842
113000116,567,266,301
113000117,839,113,726
113000118,109,407,-298
113000119,364,285,79
113000120,50,243,-193
113000121,439,752,-313
113000124,271,135,136
113000125,84,762,-678
113000127,1966,272,1694
113000128,510,368,142
113000129,458,535,-77
113000133,1760,1151,609
113000134,8,895,-887
113000135,3857,3923,-66
113000137,1379,3254,-1875
113000139,348,226,122
113000140,129,220,-91
113000141,199,253,-54
113000142,407,944,-537
113000143,259,251,8
113000144,338,632,-294
113000145,69,107,-38
113000146,136,40,96
113000147,130,91,39
113000148,165,132,33
113000149,96,102,-6
113000150,514,249,265
113000151,59,33,26
113000152,30,97,-67
113000153,1121,412,709
113000154,678,1258,-580
113000155,328,480,-152
113000156,144,286,-142
113000157,277,609,-332
113000158,565,231,334
113000159,808,581,227
113000160,589,767,-178
113000161,240,314,-74
113000162,619,281,338
113000163,103,68,35
113000164,41,74,-33
113000166,225,117,108
113000167,63,86,-23
113000168,109,113,-4
113000169,249,72,177
113000170,96,70,26
113000171,40,73,-33
113000172,278,78,200
113000173,96,24,72
113000174,99,431,-332
113000175,443,138,305
113000176,475,159,316
113000177,182,423,-241
113000178,210,257,-47
113000179,292,173,119
113000180,442,909,-467
113000181,1069,733,336
113000182,119,317,-198
113000183,124,488,-364
113000184,14,94,-80
113000189,386,915,-529
113000190,671,452,219
113000192,835,2435,-1600
113000193,2209,2007,202
113000194,965,915,50
113000195,1313,1088,225
113000196,164,94,70
113000197,991,1115,-124
113000198,77,214,-137
113000199,1117,272,845
113000201,206,312,-106
113000202,3556,934,2622
113000203,137,183,-46
113000204,860,2338,-1478
113000205,10,14,-4
113000206,8,20,-12
113000207,48,13,35
113000208,44,63,-19
113000209,22,11,11
113000210,4,17,-13
113000211,170,235,-65
113000212,90,36,54
113000213,38,129,-91
113000214,161,213,-52
113000234,180,659,-479
113000410,60,143,-83
113000411,1947,3286,-1339
113000412,4570,2226,2344
113000413,1899,2838,-939
113000414,4677,11264,-6587
113000415,1948,2407,-459
113000416,5864,3146,2718
113000417,2513,2304,209
113000418,3849,3194,655
113000419,1606,2015,-409
113000420,3311,5548,-2237
113000421,3697,5941,-2244
113000422,9657,9306,351
113000423,1831,4776,-2945
113000424,2276,8196,-5920
113000425,11,75,-64
113000428,17,9,8
113000430,3,31,-28
113000432,1950,212,1738
113000433,62,474,-412
113000434,7,177,-170
113000435,31,261,-230
113000436,67,1013,-946
113000437,953,23,930
113000438,272,5,267
113000439,11,101,-90
113000440,163,23,140
113000441,246,182,64
113000442,110,122,-12
113000443,314,210,104
113000444,195,110,85
113000445,162,96,66
113000446,44,70,-26
113000448,186,125,61
113000449,154,565,-411
113000450,430,1470,-1040
113000451,1275,185,1090
113000452,263,370,-107
113000453,71,384,-313
113000454,386,91,295
113000455,32,321,-289
113000456,3103,2595,508
113000468,1111,148,963
113000469,54,65,-11
113000470,338,31,307
113000471,11,328,-317
113000472,83,273,-190
113000474,646,523,123
113000475,1330,1183,147
113000476,1174,1441,-267
113000477,2839,1536,1303
113000478,2816,3759,-943
113000479,87,123,-36
113000485,0,0,0
113000486,0,0,0
113000487,0,0,0
113000488,0,0,0
113000489,0,2,-2
113000490,0,0,0
113000491,3,2,1
113000492,0,4,-4
113000495,166,216,-50
113000496,132,81,51
113000497,0,0,0
113000499,0,0,0
113900001,1,259,-258
113900002,3,66,-63
113900003,1,62,-61
113900004,5,68,-63
113900005,2,75,-73
113900006,1,34,-33
113900007,6,0,6
113900008,17,0,17
113900009,73,8,65
113900010,77,5,72
113900011,48,0,48
113900012,49,0,49
113900013,166,6,160
113900014,508,6,502
113900015,1,44,-43
113900016,40,0,40
113900017,4,60,-56
113900018,315,256,59
113900019,132,45,87
113900020,140,0,140
113900022,28,0,28
113900023,42,0,42
113900024,123,42,81
113900025,191,15,176
113900026,51,1,50
113900027,6,63,-57
113900028,36,313,-277
113900029,91,132,-41
113900030,229,3,226
113900031,19,0,19
113900032,29,0,29
113900033,97,52,45
113900035,36,0,36
113900036,31,78,-47
113900037,221,373,-152
113900038,94,128,-34
113900039,135,12,123
113900040,7,17,-10
113900041,2,4,-2
113900042,75,27,48
113900043,109,93,16
113900044,219,311,-92
113900045,80,1,79
113900046,213,556,-343
113900047,61,117,-56
113900048,180,88,92
113900049,449,285,164
113900050,257,368,-111
113900051,192,252,-60
113900052,139,108,31
113900053,501,380,121
113900054,21,4,17
113900055,84,370,-286
113900056,64,213,-149
113900057,24,85,-61
113900058,68,93,-25
113900059,177,247,-70
113900060,93,165,-72
113900061,667,201,466
113900062,114,10,104
113900063,82,191,-109
113900064,27,85,-58
113900065,287,17,270
113900066,353,244,109
113900067,138,204,-66
113900068,484,367,117
113900069,52,30,22
113900070,144,442,-298
113900071,80,80,0
113900072,75,143,-68
113900073,337,281,56
113900074,113,337,-224
113900075,1095,1025,70
113900076,205,20,185
113900077,39,160,-121
113900078,63,106,-43
113900079,1,39,-38
113900080,412,186,226
113900081,59,168,-109
113900082,122,188,-66
113900083,383,272,111
113900084,249,111,138
113900085,50,285,-235
113900086,45,27,18
113900087,72,111,-39
113900088,79,82,-3
113900089,406,37,369
113900090,596,256,340
113900091,13,10,3
113900092,41,95,-54
113900093,63,731,-668
113900094,423,292,131
113900095,140,134,6
113900096,266,56,210
113900097,15,45,-30
113900098,662,96,566
113900099,1,23,-22
113900100,0,5,-5
113900101,12,73,-61
113900102,104,122,-18
113900103,271,269,2
113900104,139,227,-88
113900105,141,144,-3
113900106,0,23,-23
113900107,0,20,-20
113900108,191,253,-62
113900109,265,144,121
113900110,42,18,24
113900111,162,121,41
113900112,119,72,47
113900113,846,432,414
113900114,0,61,-61
113900115,0,78,-78
113900116,101,124,-23
113900117,81,37,44
113900118,189,333,-144
113900119,198,492,-294
113900120,58,40,18
113900121,70,93,-23
113900122,394,1956,-1562
113900123,421,153,268
113900124,2,46,-44
113900125,695,167,528
113900126,112,47,65
113900127,270,673,-403
113900128,162,62,100
113900129,20,150,-130
113900130,1,34,-33
113900131,236,55,181
113900132,56,71,-15
113900133,28,37,-9
113900135,348,269,79
113900136,107,78,29
113900137,343,203,140
113900138,50,208,-158
113900139,216,168,48
113900140,227,305,-78
113900141,519,195,324
113900142,146,53,93
113900143,26,39,-13
113900144,146,257,-111
113900145,367,152,215
113900146,184,36,148
113900148,161,281,-120
113900149,119,80,39
113900150,414,513,-99
113900151,403,180,223
113900152,25,39,-14
113900153,269,429,-160
113900154,5,109,-104
113900155,137,168,-31
113900156,192,321,-129
113900157,62,231,-169
113900158,287,337,-50
113900159,30,267,-237
113900160,415,375,40
113900161,66,235,-169
113900162,289,698,-409
113900163,289,252,37
113900164,232,50,182
113900165,620,364,256
113900166,143,145,-2
113900167,327,46,281
113900168,95,91,4
113900169,195,291,-96
113900171,186,80,106
113900172,6,133,-127
113900173,21,440,-419
113900174,424,535,-111
113900175,319,159,160
113900176,219,404,-185
113900177,362,156,206
113900178,382,139,243
113900179,24,333,-309
113900180,83,100,-17
113900181,644,121,523
113900182,556,678,-122
113900183,44,59,-15
113900184,26,244,-218
113900185,145,68,77
113900186,29,34,-5
113900187,37,93,-56
113900188,50,116,-66
113900189,259,117,142
113900190,239,80,159
113900191,96,173,-77
113900192,2,378,-376
113900193,27,154,-127
113900194,1068,776,292
113900195,226,379,-153
113900196,6,106,-100
113900197,0,124,-124
113900198,33,196,-163
113900199,117,447,-330
113900200,15,224,-209
113900201,0,107,-107
113900202,28,280,-252
113900203,1,70,-69
113900204,19,454,-435
113900205,4,151,-147
113900206,7,128,-121
113900207,1,51,-50
113900208,0,46,-46
113900209,0,88,-88
113900210,507,553,-46
113900211,198,59,139
113900212,190,340,-150
113900214,396,484,-88
113900215,188,126,62
113900216,89,570,-481
113900217,99,136,-37
113900218,128,108,20
113900219,126,457,-331
113900220,119,123,-4
113900221,308,232,76
113900222,227,414,-187
113900223,211,616,-405
113900224,88,78,10
113900225,454,183,271
113900226,304,108,196
113900227,362,194,168
113900228,288,398,-110
113900229,66,647,-581
113900230,2709,2892,-183
113900231,153,131,22
113900232,120,91,29
113900233,84,52,32
113900234,339,383,-44
113900235,133,19,114
113900236,168,227,-59
113900237,163,7,156
113900238,198,481,-283
113900239,61,86,-25
113900240,5,171,-166
113900241,104,62,42
113900242,52,160,-108
113900243,116,291,-175
113900244,260,171,89
113900245,944,253,691
113900246,20,16,4
113900247,101,374,-273
113900248,1998,1356,642
113900249,631,420,211
113900250,62,149,-87
113900251,694,154,540
113900252,603,22,581
113900253,538,40,498
113900254,711,102,609
113900255,402,20,382
113900256,333,19,314
113900257,37,387,-350
113900258,25,276,-251
113900259,482,120,362
113900260,250,20,230
113900261,7,54,-47
113900262,108,345,-237
113900263,139,471,-332
113900264,6,374,-368
113900265,167,249,-82
113900266,81,144,-63
113900267,105,381,-276
113900268,256,349,-93
113900269,86,86,0
113900270,182,510,-328
113900271,518,703,-185
113900273,27,9,18
113900274,71,22,49
113900275,19,53,-34
113900276,0,105,-105
113900277,159,5,154
113900278,189,131,58
113900279,42,67,-25
113900280,1172,482,690
113900281,462,1137,-675
113900282,717,579,138
113900283,399,501,-102
113900284,589,176,413
113900285,103,26,77
113900286,24,70,-46
113900287,51,23,28
113900288,3,120,-117
113900289,657,103,554
113900290,287,267,20
113900291,95,126,-31
113900292,3,9,-6
113900293,2,148,-146
113900294,471,21,450
113900295,403,434,-31
113900296,1473,337,1136
113900297,1888,40,1848
113900298,31,1425,-1394
113900299,105,107,-2
113900300,3615,3076,539
113900301,999,429,570
113900302,1831,861,970
113900303,357,457,-100
113900304,1,97,-96
113900305,115,0,115
113900306,52,7,45
113900307,12,0,12
113900308,63,101,-38
113900309,5,410,-405
113900310,0,3,-3
113900311,3,0,3
113900312,157,263,-106
113900313,15,9,6
113900314,0,8,-8
113900315,28,1,27
114000001,853,1831,-978
114000002,293,241,52
114000003,218,695,-477
114000004,282,310,-28
114000005,252,212,40
114000006,2455,1875,580
114000007,651,869,-218
114000008,1178,1529,-351
114000009,755,239,516
114000011,2392,1823,569
114000012,2252,1386,866
114000013,1450,1198,252
114000014,574,507,67
114000015,1757,340,1417
114000016,177,228,-51
114000017,75,271,-196
114000018,191,25,166
114000026,1633,1024,609
114000027,2883,1680,1203
114000028,2031,2195,-164
114000038,276,116,160
114000039,172,181,-9
114000040,123,177,-54
114000042,194,121,73
114000043,414,198,216
114000044,371,177,194
114000045,48,60,-12
114000046,2883,4251,-1368
114000047,8,81,-73
114000048,110,165,-55
114000049,1315,1587,-272
114000050,1461,2058,-597
114000051,2610,2047,563
114000052,3124,2058,1066
114000053,107,737,-630
114000054,183,654,-471
114000055,223,38,185
114000056,586,860,-274
114000057,3587,1820,1767
114000058,335,1448,-1113
114000059,195,326,-131
114000060,555,840,-285
114000061,2704,2742,-38
114000062,1510,1394,116
114000063,1965,1512,453
114000064,3926,3233,693
114000065,1170,1931,-761
114000066,411,554,-143
114000067,21,711,-690
114000068,615,671,-56
114000069,833,553,280
114000070,1844,1778,66
114000071,650,466,184
114000072,382,170,212
114000073,16,58,-42
114000074,61,19,42
114000075,71,65,6
114000076,19,75,-56
114000077,15,19,-4
114000078,290,452,-162
114000079,144,18,126
114000080,58,105,-47
114000081,98,70,28
114000082,59,315,-256
114000083,72,178,-106
114000084,326,81,245
114000085,97,479,-382
114000086,241,250,-9
114000087,117,123,-6
114000088,56,30,26
114000089,637,310,327
114000090,745,871,-126
114000091,1153,835,318
114000092,780,505,275
114000093,1197,649,548
114000094,329,359,-30
114000095,234,142,92
114000096,58,157,-99
114000097,65,253,-188
114000098,588,108,480
114000099,730,375,355
114000100,1417,452,965
114000101,412,486,-74
114000102,562,246,316
114000103,130,377,-247
114000104,74,163,-89
114000105,136,65,71
114000106,624,1053,-429
114000107,391,125,266
114000108,1521,881,640
114000109,649,1268,-619
114000110,457,1020,-563
114000111,1660,613,1047
114000112,417,1545,-1128
114000113,1456,497,959
114000114,1019,1160,-141
114000115,2169,1015,1154
114000116,773,1524,-751
114000117,2729,422,2307
114000118,2304,463,1841
114000119,1737,408,1329
114000120,525,518,7
114000121,383,552,-169
114000122,356,345,11
114000123,1890,372,1518
114000124,876,229,647
114000125,829,946,-117
114000126,1487,215,1272
114000127,199,116,83
114000128,841,279,562
114000130,409,470,-61
114000131,362,98,264
114000132,496,473,23
114000133,725,1001,-276
114000134,66,104,-38
114000138,34,158,-124
114000139,428,299,129
114000144,767,546,221
114000145,72,117,-45
114000146,92,153,-61
114000147,1169,1936,-767
114000148,1498,1498,0
114000149,322,235,87
114000150,1182,1385,-203
114000151,1365,2101,-736
114000152,110,35,75
114000153,830,2400,-1570
114000154,759,939,-180
114000155,1086,2033,-947
114000156,663,662,1
114000157,273,1044,-771
114000158,1313,655,658
114000159,174,481,-307
114000160,127,481,-354
114000161,1259,2796,-1537
114000162,1051,2460,-1409
114000163,20,85,-65
114000165,480,342,138
114000166,586,349,237
114000167,2469,1330,1139
114000168,658,473,185
114000169,1248,1254,-6
114000170,1173,1071,102
114000171,1146,3270,-2124
114000174,205,367,-162
114000176,338,409,-71
114000177,1372,607,765
114000178,40,55,-15
114000179,986,698,288
114000180,367,452,-85
114000181,1413,3258,-1845
114000182,1692,1949,-257
114000183,692,781,-89
114000184,2279,756,1523
114000185,1000,673,327
114000189,975,148,827
114000190,2595,390,2205
114000191,46,93,-47
114000192,149,837,-688
114000193,493,1576,-1083
114000194,1200,592,608
114000195,205,36,169
114000196,1,177,-176
114000197,1305,76,1229
114000198,620,309,311
114000199,1532,1589,-57
114000200,487,1128,-641
114000201,131,597,-466
114000202,854,407,447
114000203,595,484,111
114000204,141,366,-225
114000205,240,1010,-770
114000206,526,1062,-536
114000207,481,1062,-581
114000208,396,1552,-1156
114000209,497,1487,-990
114000210,235,727,-492
114000211,869,1186,-317
114000212,593,638,-45
114000213,1157,451,706
114000214,115,149,-34
114000215,206,83,123
114000216,1381,301,1080
114000217,335,171,164
114000218,159,208,-49
114000219,1050,168,882
114000220,36,728,-692
114000221,729,148,581
114000222,132,740,-608
114000223,477,137,340
114000224,136,475,-339
114000225,242,464,-222
114000226,212,208,4
114000227,668,469,199
114000228,721,532,189
114000229,1052,959,93
114000230,1659,961,698
114000231,973,1223,-250
114000232,805,163,642
114000233,2125,102,2023
114000234,951,593,358
114000235,996,889,107
114000236,0,311,-311
114000237,164,655,-491
114000238,157,176,-19
114000239,142,831,-689
114000240,639,669,-30
114000241,235,682,-447
114000242,742,679,63
114000243,1389,701,688
114000244,653,239,414
114000245,291,632,-341
114000246,91,44,47
114000247,530,478,52
114000248,1154,430,724
114000249,383,454,-71
114000250,538,511,27
114000251,418,169,249
114000252,67,46,21
114000253,45,118,-73
114000254,47,53,-6
114000255,561,191,370
114000256,930,1767,-837
114000257,554,1128,-574
114000258,284,304,-20
114000259,116,198,-82
114000260,0,20,-20
114000261,33,23,10
114000262,283,78,205
114000263,12,3,9
114000264,1046,372,674
114000265,0,0,0
114000267,3,1418,-1415
114000268,6,846,-840
114000270,157,3,154
114000271,318,46,272
114000283,1118,361,757
114000285,35,144,-109
114000288,101,391,-290
114000289,1116,197,919
114000293,178,396,-218
114000294,154,241,-87
114000395,1150,28,1122
114000396,599,557,42
114000402,532,242,290
114000403,254,253,1
114000405,182,330,-148
114000423,334,258,76
114000424,269,208,61
114000425,873,277,596
114000426,280,705,-425
114000427,67,70,-3
114000428,182,179,3
114000429,11,170,-159
114000432,82,84,-2
114000434,45,106,-61
114000435,0,153,-153
114900001,540,662,-122
114900002,426,74,352
114900003,770,923,-153
114900004,232,470,-238
114900005,726,535,191
114900006,75,55,20
114900007,249,33,216
114900008,152,93,59
114900010,1393,1814,-421
114900011,174,128,46
114900013,311,163,148
114900018,1094,31,1063
114900020,221,75,146
114900022,35,697,-662
114900025,426,192,234
114900026,107,111,-4
114900029,159,59,100
114900030,293,180,113
114900031,416,36,380
114900032,302,20,282
114900034,55,161,-106
114900035,142,282,-140
114900036,163,419,-256
114900039,382,395,-13
114900040,61,110,-49
114900041,662,327,335
114900042,764,368,396
114900044,152,34,118
114900047,191,1701,-1510
114900048,94,217,-123
114900049,30,164,-134
114900050,55,309,-254
114900051,39,315,-276
114900052,53,158,-105
114900053,138,267,-129
114900054,71,90,-19
114900057,226,15,211
114900058,1,40,-39
114900059,69,71,-2
114900063,65,166,-101
114900064,1417,331,1086
114900065,451,629,-178
114900067,51,279,-228
114900068,88,193,-105
114900069,143,88,55
114900070,537,331,206
114900072,8,257,-249
114900073,4,112,-108
114900074,655,441,214
114900075,296,11,285
114900076,10,309,-299
114900080,1425,340,1085
114900082,2972,2080,892
114900083,820,869,-49
114900090,383,213,170
114900091,110,130,-20
114900097,179,0,179
114900098,7,172,-165
114900099,192,9,183
115000001,4362,2495,1867
115000002,3235,3782,-547
115000003,3794,2011,1783
115000004,3771,5105,-1334
115000005,1301,1573,-272
115000006,951,1422,-471
115000007,233,192,41
115000008,425,527,-102
115000009,223,218,5
115000010,302,186,116
115000013,57,174,-117
115000015,81,305,-224
115000016,63,205,-142
115000019,49,428,-379
115000020,114,615,-501
115000021,189,398,-209
115000022,437,319,118
115000023,417,519,-102
115000024,769,444,325
115000025,754,620,134
115000026,139,291,-152
115000027,299,270,29
115000028,168,566,-398
115000029,635,106,529
115000030,510,823,-313
115000031,1266,162,1104
115000032,8,229,-221
115000033,156,44,112
115000034,78,846,-768
115000035,943,55,888
115000036,2,341,-339
115000037,441,10,431
115000038,56,151,-95
115000039,2964,2849,115
115000040,3826,2382,1444
115000041,1384,3250,-1866
115000042,751,579,172
115000043,3630,2181,1449
115000044,3196,2975,221
115000045,2261,1267,994
115000046,2388,2089,299
115000047,1987,1339,648
115000048,1759,1568,191
115000049,1325,2270,-945
115000050,2645,1606,1039
115000051,1689,2680,-991
115000052,1611,1556,55
115000053,1765,1560,205
115000054,522,911,-389
115000055,135,776,-641
115000056,210,445,-235
115000057,545,1201,-656
115000058,385,278,107
115000059,152,85,67
115000061,107,140,-33
115000062,198,251,-53
115000063,315,210,105
115000064,144,86,58
115000065,62,358,-296
115000067,180,13,167
115000069,99,251,-152
115000070,32,592,-560
115000071,88,15,73
115000072,32,57,-25
115000073,1013,77,936
115000075,113,63,50
115000076,2396,2015,381
115000077,1670,1620,50
115000078,1043,933,110
115000079,1099,1214,-115
115000080,2211,1632,579
115000081,407,580,-173
115000082,3506,3017,489
115000083,1761,1272,489
115000084,2196,959,1237
115000085,711,635,76
115000086,1099,714,385
115000087,401,1062,-661
115000088,1649,645,1004
115000089,1295,1028,267
115000090,479,817,-338
115000091,250,699,-449
115000092,761,336,425
115000093,411,7,404
115000094,4924,4831,93
115000095,3408,5053,-1645
115000096,748,992,-244
115000097,1042,842,200
115000098,1051,620,431
115000099,2268,1802,466
115000100,1056,295,761
115000101,384,1081,-697
115000102,550,273,277
115000103,277,519,-242
115000105,79,110,-31
115000106,570,319,251
115000107,196,344,-148
115000108,2447,1954,493
115000109,3257,4097,-840
115000110,1177,1463,-286
115000111,606,1278,-672
115000112,539,707,-168
115000113,553,773,-220
115000114,1592,594,998
115000116,3081,2133,948
115000117,3031,2793,238
115000118,2095,1540,555
115000119,1742,1935,-193
115000120,615,1390,-775
115000121,942,751,191
115000122,2296,1583,713
115000123,1090,1775,-685
115000124,724,749,-25
115000125,331,526,-195
115000126,127,322,-195
115000127,354,87,267
115000128,420,735,-315
115000129,271,415,-144
115000130,404,606,-202
115000131,957,235,722
115000132,255,329,-74
115000133,544,202,342
115000134,452,252,200
115000135,416,137,279
115000136,265,216,49
115000137,128,125,3
115000138,411,249,162
115000139,241,170,71
115000140,359,211,148
115000141,225,156,69
115000142,169,175,-6
115000143,754,470,284
115000144,530,78,452
115000145,254,239,15
115000146,389,290,99
115000147,312,341,-29
115000148,262,652,-390
115000149,573,205,368
115000150,548,560,-12
115000151,1019,497,522
115000152,538,702,-164
115000153,861,412,449
115000154,839,242,597
115000155,551,637,-86
115000156,876,597,279
115000157,492,631,-139
115000158,433,385,48
115000159,588,439,149
115000160,405,383,22
115000161,144,337,-193
115000162,563,726,-163
115000163,482,557,-75
115000164,612,495,117
115000165,302,447,-145
115000167,179,82,97
115000168,571,306,265
115000169,430,281,149
115000170,140,157,-17
115000171,359,234,125
115000172,804,566,238
115000173,316,497,-181
115000174,80,260,-180
115000175,144,83,61
115000176,80,72,8
115000177,62,107,-45
115000178,19,197,-178
115000179,18,23,-5
115000180,79,340,-261
115000181,584,115,469
115000182,784,224,560
115000183,335,528,-193
115000186,612,202,410
115000187,197,554,-357
115000188,322,349,-27
115000189,151,364,-213
115000190,644,267,377
115000191,107,363,-256
115000194,104,196,-92
115000195,234,309,-75
115000196,225,92,133
115000197,253,188,65
115000198,337,179,158
115000199,386,147,239
115000200,395,101,294
115000201,155,279,-124
115000206,470,44,426
115000207,100,222,-122
115000208,247,496,-249
115000209,701,287,414
115000210,124,142,-18
115000211,196,205,-9
115000212,1063,269,794
115000224,377,46,331
115000225,41,57,-16
115000229,160,153,7
115000230,108,251,-143
115000231,275,1117,-842
115000232,1802,268,1534
115000233,121,152,-31
115000234,28,348,-320
115000241,76,210,-134
115000242,111,236,-125
115000243,47,215,-168
115000244,18,105,-87
115000246,60,32,28
115000247,50,35,15
115000248,47,23,24
115000249,36,17,19
115000250,222,33,189
115000251,215,111,104
115000252,90,202,-112
115000253,13,380,-367
115000258,357,134,223
115000259,323,135,188
115000261,39,13,26
115000262,18,28,-10
115000263,17,46,-29
115000264,30,42,-12
115000267,48,65,-17
115000268,49,107,-58
115000269,126,59,67
115000270,11,8,3
115000272,79,162,-83
115000273,350,21,329
115000280,2585,337,2248
115000281,630,1072,-442
115000282,499,652,-153
115000284,241,193,48
115000296,791,4,787
115000297,93,319,-226
115000298,32,553,-521
115000300,172,182,-10
115000302,542,117,425
115000303,703,114,589
115000304,642,77,565
115000305,83,482,-399
115000306,184,231,-47
115000307,88,180,-92
115000308,31,15,16
115000309,0,3,-3
115000310,944,600,344
115000311,997,923,74
115000313,131,432,-301
115000314,500,158,342
115000315,746,631,115
115000316,60,78,-18
115000317,108,355,-247
115000318,759,237,522
115000319,41,292,-251
115000320,8,241,-233
115000321,200,6,194
115000322,45,183,-138
115000449,157,159,-2
115000557,3,1108,-1105
115000558,283,124,159
115000587,501,250,251
115000588,1798,2134,-336
115000589,3003,2023,980
115000590,1086,1335,-249
115000591,1392,836,556
115000592,508,1347,-839
115000593,1276,664,612
115000594,630,2018,-1388
115000609,183,209,-26
115000617,1031,2589,-1558
115000624,236,58,178
115000633,369,1357,-988
115000634,2337,703,1634
115000635,631,139,492
115000638,533,467,66
115000641,58,92,-34
115000642,259,254,5
115000643,87,403,-316
115000644,111,337,-226
115000646,732,1459,-727
115000647,157,499,-342
115000648,1804,1261,543
115000893,2275,1336,939
115000894,117,921,-804
115000895,345,905,-560
115000896,1145,463,682
115000897,498,135,363
115000898,475,192,283
115000899,351,990,-639
115000900,79,377,-298
115000901,57,137,-80
115000912,379,71,308
115000913,4,12,-8
115000915,30,0,30
115000916,8,0,8
115000917,0,4,-4
115000918,55,335,-280
115000919,14,18,-4
115000920,14,57,-43
115000921,449,95,354
115000922,901,731,170
115000923,283,1138,-855
115000925,130,76,54
115000927,42,67,-25
115000933,234,342,-108
115000934,85,135,-50
115000935,109,85,24
115000936,31,643,-612
115000937,881,157,724
115000938,168,243,-75
115000939,235,232,3
115000940,17,19,-2
115000941,3,20,-17
115000942,22,111,-89
115000943,27,40,-13
115000944,1,12,-11
115900001,125,40,85
115900002,59,102,-43
115900003,219,84,135
115900004,2,48,-46
115900005,237,10,227
115900006,159,194,-35
115900008,86,16,70
115900009,84,171,-87
115900010,312,127,185
115900011,345,199,146
115900012,186,74,112
115900013,338,138,200
115900014,112,116,-4
115900015,132,65,67
115900016,94,20,74
115900017,21,15,6
115900018,161,50,111
115900019,18,10,8
115900020,85,3,82
115900021,740,156,584
115900022,1330,12,1318
115900023,48,4,44
115900025,41,202,-161
115900026,648,133,515
115900027,0,233,-233
115900028,480,59,421
115900029,13,263,-250
115900030,15,29,-14
115900031,227,261,-34
115900032,520,614,-94
115900033,0,46,-46
115900034,35,299,-264
115900035,46,23,23
115900036,56,716,-660
115900037,48,267,-219
115900038,53,12,41
115900039,159,173,-14
115900041,392,549,-157
115900042,27,9,18
115900043,78,54,24
115900044,181,213,-32
115900046,248,132,116
115900047,173,167,6
115900049,160,206,-46
115900051,1,30,-29
115900052,5,152,-147
115900053,235,149,86
115900054,259,40,219
115900055,23,108,-85
115900056,158,158,0
115900057,43,7,36
115900058,44,76,-32
115900060,46,96,-50
115900061,231,1,230
115900062,10,192,-182
115900063,76,7,69
115900064,161,175,-14
115900065,146,61,85
115900066,118,81,37
115900067,15,484,-469
115900068,2110,953,1157
115900069,47,157,-110
115900070,213,114,99
115900071,0,246,-246
115900072,46,72,-26
115900073,103,85,18
115900074,3,222,-219
115900075,22,138,-116
115900076,3,34,-31
115900077,2,161,-159
115900078,76,127,-51
115900079,232,12,220
115900080,389,165,224
115900081,14,58,-44
115900082,117,136,-19
115900084,456,16,440
115900085,35,76,-41
115900086,1090,445,645
115900088,5,72,-67
115900089,380,564,-184
115900090,399,14,385
115900091,14,28,-14
115900092,29,92,-63
115900093,20,20,0
115900094,6,262,-256
115900096,7,19,-12
115900097,13,312,-299
115900098,151,199,-48
115900099,108,54,54
115900100,18,320,-302
115900101,137,181,-44
115900102,87,74,13
115900103,264,113,151
115900104,92,86,6
115900105,310,360,-50
115900106,111,9,102
115900107,56,86,-30
115900108,181,26,155
115900109,36,272,-236
115900110,2,20,-18
115900111,1,50,-49
115900112,47,625,-578
115900113,73,15,58
115900114,2,90,-88
115900115,53,155,-102
115900116,58,685,-627
115900117,105,20,85
115900118,4,231,-227
115900119,137,109,28
115900120,21,189,-168
115900121,194,184,10
115900124,334,544,-210
115900125,391,61,330
115900126,657,80,577
115900127,650,61,589
115900128,6,89,-83
115900129,551,53,498
115900130,20,214,-194
115900131,256,22,234
115900132,600,14,586
115900134,306,17,289
115900135,413,800,-387
115900137,18,2,16
115900139,16,47,-31
115900140,295,23,272
115900141,2,26,-24
115900142,8,24,-16
115900143,231,282,-51
115900144,80,193,-113
115900146,5,77,-72
115900147,180,187,-7
115900148,39,6,33
115900149,88,26,62
115900150,98,23,75
115900151,9,82,-73
115900152,110,215,-105
115900153,128,174,-46
115900154,269,301,-32
115900155,0,37,-37
115900156,707,729,-22
115900157,167,352,-185
115900158,10,13,-3
115900159,154,176,-22
115900160,16,10,6
115900161,49,135,-86
115900163,161,84,77
115900164,538,23,515
115900166,141,140,1
115900168,70,92,-22
115900171,107,329,-222
115900172,56,111,-55
115900173,208,122,86
115900174,235,223,12
115900175,128,127,1
115900178,4,324,-320
115900179,298,4,294
115900180,52,82,-30
115900181,164,134,30
115900182,418,141,277
115900183,34,45,-11
115900184,1168,25,1143
115900187,16,121,-105
115900189,5,198,-193
115900190,60,1144,-1084
115900191,33,266,-233
115900192,5,138,-133
115900193,326,90,236
115900194,673,58,615
115900195,536,1833,-1297
115900198,177,251,-74
115900199,213,211,2
115900200,276,333,-57
115900201,345,249,96
115900202,4,66,-62
115900203,7,15,-8
115900204,3,5,-2
115900205,80,15,65
115900206,179,155,24
115900207,53,16,37
115900208,160,156,4
115900209,2,117,-115
115900210,8,106,-98
115900211,3,130,-127
115900212,156,184,-28
115900213,97,90,7
115900214,573,215,358
115900215,16,181,-165
115900216,5,79,-74
115900217,3,27,-24
115900218,7,24,-17
115900219,146,8,138
115900220,184,6,178
115900221,86,14,72
115900222,75,33,42
115900223,7,406,-399
115900224,666,1086,-420
115900225,85,59,26
115900226,14,28,-14
115900227,13,52,-39
115900228,13,40,-27
115900229,9,30,-21
115900230,42,66,-24
115900231,130,2,128
115900232,53,4,49
115900233,87,4,83
115900234,53,28,25
115900235,10,33,-23
115900236,51,40,11
115900237,40,32,8
115900238,16,10,6
115900239,16,34,-18
115900240,7,42,-35
115900241,201,99,102
115900242,237,334,-97
115900243,7,2,5
115900244,13,17,-4
115900245,53,3,50
115900246,5,13,-8
115900247,32,9,23
115900248,10,2,8
115900249,6,6,0
115900250,5,12,-7
115900251,4,12,-8
115900252,3,1,2
115900253,20,14,6
115900254,6,24,-18
115900255,12,26,-14
115900256,23,61,-38
115900257,8,24,-16
115900258,1,2,-1
115900259,7,3,4
115900260,5,0,5
115900261,8,1,7
115900262,4,3,1
115900263,22,2,20
115900264,10,7,3
115900265,8,11,-3
115900266,5,20,-15
115900267,7,16,-9
115900268,6,10,-4
115900269,421,299,122
115900270,393,279,114
115900271,110,0,110
115900272,35,12,23
115900273,6,33,-27
115900274,7,8,-1
115900275,1,16,-15
115900276,0,9,-9
115900277,1,33,-32
115900278,62,81,-19
115900279,27,143,-116
115900280,19,375,-356
115900281,299,231,68
115900282,24,8,16
115900283,14,16,-2
115900284,14,10,4
116000001,7074,3144,3930
116000002,4004,9259,-5255
116000003,1263,1267,-4
116000004,2388,3116,-728
116000005,1694,2148,-454
116000006,2048,2354,-306
116000007,1767,2291,-524
116000008,3095,2098,997
116000009,1174,1467,-293
116000010,2043,1362,681
116000011,654,1298,-644
116000012,1248,989,259
116000013,5401,2839,2562
116000014,7777,9819,-2042
116000015,176,1102,-926
116000016,4731,3053,1678
116000017,20,654,-634
116000018,572,220,352
116000019,696,264,432
116000020,575,678,-103
116000021,397,272,125
116000022,386,296,90
116000023,856,478,378
116000024,582,787,-205
116000025,564,547,17
116000026,1361,1948,-587
116000027,456,492,-36
116000028,419,707,-288
116000029,409,536,-127
116000030,648,380,268
116000031,142,258,-116
116000032,333,118,215
116000033,320,349,-29
116000034,574,667,-93
116000035,351,494,-143
116000036,1344,1150,194
116000037,496,469,27
116000038,372,484,-112
116000039,485,449,36
116000040,732,398,334
116000041,190,419,-229
116000042,607,227,380
116000043,68,515,-447
116000044,9,56,-47
116000045,1568,1028,540
116000046,889,1264,-375
116000047,1279,1623,-344
116000048,1659,1496,163
116000049,1162,2822,-1660
116000050,1168,1041,127
116000051,4612,2709,1903
116000052,4163,3927,236
116000053,1614,765,849
116000054,722,2261,-1539
116000055,657,648,9
116000056,824,798,26
116000057,2007,1097,910
116000058,2433,1917,516
116000059,2031,3146,-1115
116000060,2008,1033,975
116000061,474,793,-319
116000062,614,249,365
116000063,527,944,-417
116000066,279,483,-204
116000067,186,367,-181
116000068,210,275,-65
116000069,242,242,0
116000078,560,905,-345
116000080,1461,710,751
116000082,14,42,-28
116000083,1526,346,1180
116000084,1635,2506,-871
116000085,1906,1757,149
116000086,1528,1015,513
116000087,1987,1307,680
116000088,625,677,-52
116000089,211,75,136
116000090,105,154,-49
116000091,283,228,55
116000093,504,236,268
116000094,418,458,-40
116000095,651,444,207
116000096,618,961,-343
116000097,752,524,228
116000098,129,4709,-4580
116000099,4311,248,4063
116000100,238,32,206
116000101,888,599,289
116000102,229,787,-558
116000103,423,253,170
116000104,207,864,-657
116000105,1048,157,891
116000106,428,846,-418
116000107,2031,291,1740
116000108,207,195,12
116000111,125,36,89
116000113,127,133,-6
116000114,43,113,-70
116000115,297,119,178
116000116,242,333,-91
116000117,1286,1362,-76
116000118,1243,908,335
116000119,2810,1496,1314
116000120,2333,2598,-265
116000121,851,576,275
116000122,972,1120,-148
116000123,1067,379,688
116000124,351,624,-273
116000125,2580,638,1942
116000126,225,985,-760
116000127,798,935,-137
116000128,1523,790,733
116000129,1182,251,931
116000130,552,496,56
116000133,1030,665,365
116000134,1489,1462,27
116000135,2230,1267,963
116000136,884,1461,-577
116000137,1021,628,393
116000138,794,556,238
116000139,1361,1890,-529
116000140,156,166,-10
116000141,328,444,-116
116000142,2594,2011,583
116000143,1546,1372,174
116000144,1239,1438,-199
116000145,1432,874,558
116000146,484,152,332
116000147,166,88,78
116000148,446,461,-15
116000149,644,521,123
116000151,517,371,146
116000153,76,280,-204
116000155,180,202,-22
116000156,286,712,-426
116000157,67,13,54
116000158,354,238,116
116000159,22,14,8
116000160,26,44,-18
116000161,9,54,-45
116000162,45,80,-35
116000163,44,9,35
116000164,4,22,-18
116000177,223,115,108
116000194,107,290,-183
116000195,1219,493,726
116000196,5,2,3
116000197,2,17,-15
116000198,1937,820,1117
116000200,582,497,85
116000201,528,488,40
116000202,7,259,-252
116000203,4,81,-77
116000204,19,47,-28
116000205,0,101,-101
116000206,3,103,-100
116000207,26,58,-32
116000233,187,392,-205
116000287,147,302,-155
116000288,289,164,125
116000292,40,89,-49
116000296,15,150,-135
116000297,88,22,66
116000304,139,36,103
116000305,45,56,-11
116000346,167,73,94
116000352,98,18,80
116000354,31,10,21
116000357,8,26,-18
116000358,393,74,319
116000361,275,2,273
116000372,3438,3485,-47
116000381,106,0,106
116000388,1,37,-36
116000389,777,500,277
116000445,426,366,60
116000446,590,476,114
116000447,23,491,-468
116000448,481,150,331
116000563,747,669,78
116000565,57,278,-221
116000568,68,260,-192
116000579,35,134,-99
116000583,134,48,86
116000584,9,4,5
116000585,45,20,25
116000586,61,74,-13
116000587,425,511,-86
116000589,29,69,-40
116000590,53,52,1
116000591,331,230,101
116000592,9,59,-50
116000593,1,36,-35
116000594,558,408,150
116000595,624,103,521
116000596,96,5,91
116000597,371,108,263
116000598,19,147,-128
116000605,286,128,158
116000606,72,166,-94
116000607,2,41,-39
116000609,85,587,-502
116000611,146,320,-174
116000612,748,1409,-661
116000613,583,316,267
116000614,371,370,1
116000615,5,238,-233
116000616,51,47,4
116000617,72,34,38
116000618,4,54,-50
116000619,43,81,-38
116000620,127,101,26
116000621,67,74,-7
116000622,63,132,-69
116000624,200,75,125
116000627,126,39,87
116000628,39,223,-184
116000629,22,192,-170
116000630,299,14,285
116000631,154,58,96
116000632,685,83,602
116000633,157,164,-7
116000634,297,91,206
116000635,2099,1919,180
116000636,668,1175,-507
116000637,358,55,303
116000638,143,253,-110
116000639,62,1,61
116000640,29,26,3
116000641,21,82,-61
116000643,2,95,-93
116000644,23,292,-269
116000645,16,3,13
116900001,239,150,89
116900002,238,2,236
116900003,41,39,2
116900004,47,60,-13
116900005,226,45,181
116900006,99,132,-33
116900007,103,139,-36
116900008,386,233,153
116900009,16,3,13
116900010,4,847,-843
116900011,23,32,-9
116900012,283,143,140
116900013,2,105,-103
116900014,163,167,-4
116900016,230,3,227
116900017,3,343,-340
116900018,72,54,18
116900019,3,227,-224
116900020,692,916,-224
116900023,43,15,28
116900025,889,613,276
116900026,122,440,-318
116900027,17,52,-35
116900028,7,102,-95
116900029,0,32,-32
116900031,0,1,-1
116900032,3,220,-217
116900033,11,3,8
116900034,9,39,-30
116900035,144,114,30
116900036,7,91,-84
116900038,31,1,30
116900041,46,8,38
116900042,444,185,259
116900043,27,50,-23
116900047,19,102,-83
116900049,27,203,-176
116900050,123,288,-165
116900051,138,122,16
116900052,137,95,42
116900055,0,7,-7
116900057,25,158,-133
116900058,42,210,-168
116900059,5,105,-100
116900060,189,139,50
116900062,1,12,-11
116900064,82,456,-374
116900065,36,96,-60
116900067,100,70,30
116900068,112,142,-30
116900070,3,1,2
116900072,21,268,-247
116900073,27,104,-77
116900074,5,36,-31
116900076,8,63,-55
116900077,13,116,-103
116900078,201,81,120
116900079,37,154,-117
116900080,5,29,-24
116900081,274,778,-504
116900082,186,819,-633
116900083,49,26,23
116900084,126,68,58
116900085,52,131,-79
116900086,94,162,-68
116900088,317,100,217
116900090,105,33,72
116900091,380,25,355
116900092,82,522,-440
116900093,1452,1469,-17
116900094,2940,2919,21
116900095,187,96,91
116900096,107,318,-211
116900097,1685,2094,-409
116900098,779,457,322
116900099,521,464,57
116900100,859,42,817
116900101,258,393,-135
116900103,4,0,4
116900104,68,75,-7
116900105,237,160,77
116900106,1651,158,1493
116900107,2163,2018,145
116900110,16,0,16
116900111,679,380,299
116900112,293,668,-375
116900113,1266,1284,-18
116900116,105,588,-483
116900117,151,70,81
116900118,570,697,-127
116900120,327,64,263
116900121,155,22,133
116900122,740,352,388
116900123,187,431,-244
116900124,159,562,-403
116900125,331,151,180
116900126,95,464,-369
116900128,0,42,-42
116900129,1,275,-274
116900130,421,2920,-2499
116900131,81,289,-208
116900132,61,76,-15
116900133,177,121,56
116900134,189,186,3
116900136,167,138,29
116900137,187,133,54
116900138,183,126,57
116900139,128,346,-218
116900140,147,121,26
116900141,623,304,319
116900142,0,73,-73
116900143,253,241,12
116900144,23,56,-33
116900145,67,143,-76
116900147,325,492,-167
116900148,6,33,-27
116900149,86,234,-148
116900150,16,28,-12
116900151,49,15,34
116900153,128,57,71
116900154,344,505,-161
116900155,56,81,-25
116900157,547,186,361
116900158,94,228,-134
116900159,69,268,-199
116900160,506,491,15
116900161,3803,5564,-1761
116900162,10,94,-84
116900163,178,116,62
116900164,89,62,27
116900165,199,200,-1
116900166,36,52,-16
116900167,388,62,326
116900168,312,47,265
116900169,453,581,-128
116900170,292,435,-143
116900171,24,95,-71
116900172,160,295,-135
116900173,167,38,129
116900174,34,54,-20
116900175,163,210,-47
116900178,35,84,-49
116900179,80,293,-213
116900180,63,25,38
116900182,481,215,266
116900183,191,84,107
116900185,26,56,-30
116900186,64,125,-61
116900187,53,34,19
116900188,118,39,79
116900189,22,0,22
116900191,357,561,-204
116900192,262,94,168
116900194,134,1246,-1112
116900195,51,35,16
116900196,25,84,-59
116900197,122,19,103
116900198,118,232,-114
116900200,69,34,35
116900201,98,6,92
116900202,78,57,21
116900203,111,0,111
116900204,49,113,-64
116900206,19,31,-12
116900207,33,26,7
116900208,23,86,-63
116900209,36,81,-45
116900210,461,205,256
116900211,173,9,164
116900212,44,65,-21
116900213,186,118,68
116900214,186,97,89
116900215,49,63,-14
116900216,259,182,77
116900218,16,182,-166
116900219,819,252,567
116900220,121,188,-67
116900221,135,235,-100
116900222,367,226,141
116900223,95,229,-134
116900226,82,44,38
116900227,133,57,76
116900228,330,163,167
116900230,78,454,-376
116900233,618,135,483
116900234,25,18,7
116900235,146,198,-52
116900238,1165,251,914
116900239,0,763,-763
116900240,3487,2866,621
116900241,107,107,0
116900242,590,614,-24
116900243,2,14,-12
116900245,36,18,18
116900246,106,18,88
116900247,702,49,653
116900248,80,41,39
116900249,320,62,258
116900250,332,56,276
116900251,382,434,-52
116900252,155,534,-379
116900254,39,81,-42
116900255,146,73,73
116900256,307,72,235
116900257,9,310,-301
116900258,3,137,-134
116900259,227,19,208
116900260,4,78,-74
116900261,68,0,68
116900262,214,121,93
116900263,0,13,-13
116900264,61,48,13
116900265,51,0,51
116900266,15,12,3
116900267,2,2,0
116900268,171,159,12
116900269,251,466,-215
116900271,898,249,649
116900272,300,192,108
116900273,131,131,0
116900274,101,44,57
116900275,177,76,101
116900276,265,191,74
116900277,399,23,376
116900278,8,7,1
116900279,1,13,-12
116900280,24,20,4
116900281,3118,3199,-81
116900282,7,64,-57
116900283,17,86,-69
116900284,6,139,-133
116900285,196,224,-28
116900286,191,20,171
116900287,6,30,-24
116900288,88,83,5
116900289,21,11,10
116900290,8,16,-8
116900291,38,12,26
116900292,0,23,-23
116900293,58,42,16
116900294,35,94,-59
116900295,115,88,27
116900296,80,104,-24
116900297,6,113,-107
116900298,75,75,0
116900299,20,82,-62
116900300,1,61,-60
116900301,43,131,-88
116900302,44,78,-34
116900303,153,49,104
116900304,0,111,-111
116900305,28,27,1
116900306,161,100,61
116900307,43,0,43
116900308,0,84,-84
116900309,103,72,31
116900310,33,33,0
117000001,1718,1352,366
117000002,1567,2911,-1344
117000003,5084,2788,2296
117000004,2721,3435,-714
117000005,1914,1690,224
117000006,927,2369,-1442
117000007,3355,1000,2355
117000008,1021,2530,-1509
117000009,4099,1606,2493
117000010,2017,2682,-665
117000011,1914,1350,564
117000012,1091,888,203
117000013,1531,712,819
117000014,945,1610,-665
117000015,2065,1025,1040
117000016,224,82,142
117000017,142,119,23
117000018,118,414,-296
117000019,91,22,69
117000020,458,1012,-554
117000021,1094,602,492
117000022,250,171,79
117000023,224,217,7
117000024,176,225,-49
117000025,366,1032,-666
117000026,1637,1227,410
117000027,1239,3231,-1992
117000028,2045,1454,591
117000030,390,362,28
117000031,384,223,161
117000032,1096,957,139
117000033,1103,600,503
117000034,352,263,89
117000035,316,281,35
117000036,386,263,123
117000037,292,213,79
117000038,194,445,-251
117000039,401,219,182
117000040,269,616,-347
117000041,936,168,768
117000044,8,600,-592
117000045,471,62,409
117000046,331,612,-281
117000047,931,524,407
117000048,1393,737,656
117000049,103,438,-335
117000050,119,1172,-1053
117000051,1981,109,1872
117000052,47,201,-154
117000053,495,43,452
117000054,1491,7,1484
117000055,96,1988,-1892
117000056,624,31,593
117000057,491,1622,-1131
117000060,423,855,-432
117000061,1333,703,630
117000062,229,530,-301
117000063,1584,920,664
117000064,537,615,-78
117000066,649,692,-43
117000067,121,557,-436
117000074,114,152,-38
117000076,61,41,20
117000077,117,244,-127
117000078,165,606,-441
117000079,406,218,188
117000080,0,244,-244
117000081,1148,117,1031
117000082,16,74,-58
117000083,126,8,118
117000084,164,1,163
117000085,238,679,-441
117000086,641,375,266
117000087,159,381,-222
117000088,211,161,50
117000089,1499,254,1245
117000090,256,854,-598
117000091,874,246,628
117000092,372,967,-595
117000093,1256,706,550
117000094,1048,1933,-885
117000095,3030,822,2208
117000096,652,1561,-909
117000097,1554,1002,552
117000098,2103,3055,-952
117000099,3316,1164,2152
117000100,210,368,-158
117000101,250,785,-535
117000102,1606,612,994
117000103,578,1142,-564
117000104,1247,571,676
117000105,768,1103,-335
117000106,1127,674,453
117000107,484,1271,-787
117000108,1682,792,890
117000109,1063,1578,-515
117000110,1447,957,490
117000111,2879,3247,-368
117000112,3068,1325,1743
117000113,133,138,-5
117000114,216,107,109
117000115,134,87,47
117000116,151,160,-9
117000117,1128,1084,44
117000118,225,121,104
117000119,146,218,-72
117000120,149,506,-357
117000121,80,981,-901
117000122,352,714,-362
117000123,1222,46,1176
117000124,352,74,278
117000125,175,139,36
117000126,55,20,35
117000127,143,235,-92
117000128,346,615,-269
117000129,300,585,-285
117000130,112,0,112
117000131,1,111,-110
117000132,2794,35,2759
117000133,1505,31,1474
117000134,1,49,-48
117000135,5,55,-50
117000136,4,17,-13
117000137,97,120,-23
117000138,6,528,-522
117000140,487,1096,-609
117000141,1672,550,1122
117000181,439,206,233
117000182,419,523,-104
117000195,191,792,-601
117000196,356,128,228
117000225,89,35,54
117000226,13,83,-70
117000276,299,18,281
117000277,2,207,-205
117000310,1244,1533,-289
117000315,44,509,-465
117000320,80,0,80
117000906,332,20,312
117000907,10,226,-216
117000909,58,36,22
117000910,229,201,28
117000911,99,149,-50
117000915,14,370,-356
117000916,33,6,27
117000917,1164,39,1125
117000918,106,94,12
117000919,5,47,-42
117000920,4,928,-924
117000921,1,769,-768
117000922,16,59,-43
117000924,391,639,-248
117000926,498,128,370
117000927,821,809,12
117000928,0,141,-141
117000929,214,204,10
117000930,279,22,257
117000931,233,137,96
117900002,63,372,-309
117900003,624,308,316
117900005,4,41,-37
117900006,0,42,-42
117900007,136,88,48
117900008,0,18,-18
117900010,284,91,193
117900011,15,139,-124
117900012,54,54,0
117900013,0,120,-120
117900014,576,99,477
117900015,19,64,-45
117900016,787,810,-23
117900017,458,354,104
117900018,136,152,-16
117900019,407,190,217
117900020,62,455,-393
117900021,32,57,-25
117900023,699,74,625
117900024,49,61,-12
117900025,56,3,53
117900026,363,222,141
117900028,40,1,39
117900029,202,442,-240
117900030,542,183,359
117900031,87,96,-9
117900032,808,507,301
117900033,236,378,-142
117900034,37,29,8
117900035,162,144,18
117900036,226,272,-46
117900037,168,97,71
117900038,33,242,-209
117900039,1,34,-33
117900040,169,244,-75
117900041,2,38,-36
117900042,2641,261,2380
117900043,24,57,-33
117900044,13,2442,-2429
117900045,172,132,40
117900048,305,287,18
117900049,164,303,-139
117900050,18,64,-46
117900051,14,4,10
117900052,44,282,-238
117900053,1578,567,1011
117900054,1,33,-32
117900055,249,152,97
117900056,122,67,55
117900057,887,999,-112
117900058,49,30,19
117900059,250,113,137
117900060,2298,3720,-1422
117900061,23,159,-136
117900063,341,158,183
117900065,811,1071,-260
117900066,1,64,-63
117900067,465,135,330
117900069,546,199,347
117900070,142,46,96
117900071,96,119,-23
117900073,438,194,244
117900074,74,63,11
117900075,90,83,7
117900076,26,60,-34
117900077,430,159,271
117900078,277,744,-467
117900080,127,26,101
117900081,446,295,151
117900082,350,379,-29
117900083,350,278,72
117900086,159,22,137
117900087,131,40,91
117900088,2499,1398,1101
117900089,1878,588,1290
117900090,412,383,29
117900091,113,155,-42
117900092,51,29,22
117900093,99,47,52
117900094,30,29,1
117900095,304,558,-254
117900096,80,215,-135
117900097,268,83,185
117900098,42,4,38
117900099,139,172,-33
117900100,180,0,180
117900101,456,1493,-1037
117900102,70,40,30
117900103,63,2,61
117900104,16,126,-110
117900105,118,180,-62
117900106,96,36,60
117900107,26,0,26
117900109,621,326,295
117900110,135,0,135
117900111,332,18,314
117900112,59,17,42
117900113,1807,1293,514
117900114,40,0,40
117900115,169,73,96
117900116,682,687,-5
117900117,571,258,313
117900118,100,0,100
117900119,178,117,61
117900120,181,41,140
117900121,69,32,37
117900122,903,2870,-1967
117900123,557,334,223
117900124,868,624,244
117900125,1446,1782,-336
117900126,231,430,-199
117900127,392,317,75
117900128,336,464,-128
117900129,70,1,69
117900130,856,305,551
117900131,2,104,-102
117900132,15,85,-70
117900133,15,108,-93
117900134,33,251,-218
117900135,23,143,-120
117900136,0,31,-31
117900137,35,253,-218
117900138,1,30,-29
117900139,108,91,17
117900140,2750,307,2443
117900141,162,121,41
117900142,130,81,49
117900144,74,188,-114
117900145,19,58,-39
117900146,286,189,97
117900147,61,46,15
117900148,1834,1390,444
117900149,146,151,-5
117900150,39,25,14
117900151,30,54,-24
117900152,96,48,48
117900153,16,69,-53
117900154,398,469,-71
117900156,701,564,137
117900157,59,438,-379
117900158,249,139,110
117900160,585,670,-85
117900161,1944,1551,393
117900162,314,320,-6
117900163,33,139,-106
117900165,0,19,-19
117900166,114,488,-374
117900168,39,199,-160
117900169,0,119,-119
117900170,2,34,-32
117900171,7,27,-20
117900172,12,50,-38
117900173,156,88,68
117900174,50,90,-40
117900175,6,23,-17
117900176,29,26,3
117900177,35,25,10
117900178,145,23,122
117900180,213,38,175
117900181,63,292,-229
117900182,2,38,-36
117900183,67,167,-100
117900184,35,64,-29
117900185,42,57,-15
117900186,52,44,8
117900187,22,11,11
117900188,186,42,144
117900189,66,31,35
117900190,26,0,26
117900191,76,1,75
117900192,210,5,205
117900193,18,69,-51
117900194,25,7,18
117900195,23,49,-26
117900196,27,25,2
117900207,169,146,23
117900208,27,28,-1
117900209,213,172,41
117900210,143,217,-74
117900211,7,174,-167
117900212,70,126,-56
117900213,21,15,6
117900214,8,61,-53
117900215,38,37,1
117900216,27,22,5
117900217,76,260,-184
117900218,128,138,-10
117900219,5,117,-112
117900220,87,80,7
117900222,230,248,-18
117900223,135,269,-134
118000001,669,779,-110
118000002,509,1216,-707
118000003,1733,2622,-889
118000004,1721,1871,-150
118000005,3157,4575,-1418
118000006,3531,6994,-3463
118000007,3747,3387,360
118000008,2748,3167,-419
118000009,1338,1968,-630
118000010,3183,3125,58
118000011,1179,1555,-376
118000012,729,1371,-642
118000013,1999,1623,376
118000014,1664,1843,-179
118000016,197,239,-42
118000017,433,326,107
118000018,263,267,-4
118000019,1696,1382,314
118000020,1016,2636,-1620
118000021,670,2647,-1977
118000022,1365,661,704
118000023,730,301,429
118000024,1035,994,41
118000027,9982,10558,-576
118000029,753,665,88
118000032,770,3011,-2241
118000033,2026,5125,-3099
118000034,3503,2426,1077
118000035,1523,2351,-828
118000036,919,1132,-213
118000037,665,766,-101
118000038,171,81,90
118000039,84,167,-83
118000040,1539,1335,204
118000041,2210,1168,1042
118000045,240,210,30
118000046,1083,493,590
118000047,597,848,-251
118000048,1660,1659,1
118000051,1298,845,453
118000052,857,447,410
118000053,214,362,-148
118000054,1108,653,455
118000055,819,977,-158
118000056,329,348,-19
118000057,167,273,-106
118000058,1833,1476,357
118000059,1254,1109,145
118000060,776,452,324
118000061,1086,907,179
118000062,528,268,260
118000063,315,714,-399
118000064,609,950,-341
118000065,2477,1159,1318
118000066,691,1328,-637
118000067,594,624,-30
118000068,1259,3658,-2399
118000069,2340,874,1466
118000070,4088,1450,2638
118000071,2414,5282,-2868
118000072,1017,1166,-149
118000073,935,596,339
118000074,435,509,-74
118000075,608,272,336
118000076,1164,2454,-1290
118000077,1104,1243,-139
118000078,1614,2058,-444
118000079,182,343,-161
118000080,782,869,-87
118000081,1551,1222,329
118000082,311,1030,-719
118000083,1369,1396,-27
118000084,2334,1432,902
118000086,230,430,-200
118000087,3472,2075,1397
118000088,1376,1264,112
118000089,2790,1915,875
118000090,989,2244,-1255
118000091,905,1919,-1014
118000092,760,389,371
118000093,85,629,-544
118000096,497,506,-9
118000097,694,621,73
118000098,255,151,104
118000099,599,490,109
118000101,987,273,714
118000102,395,769,-374
118000107,1483,378,1105
118000108,685,1912,-1227
118000110,2,36,-34
118000111,1,239,-238
118000112,585,2,583
118000113,2,394,-392
118000114,365,6,359
118000115,6,9,-3
118000116,36,0,36
118000117,795,533,262
118000118,890,952,-62
118000119,719,1069,-350
118000120,1302,950,352
118000121,87,583,-496
118000122,1093,405,688
118000123,36,254,-218
118000125,1345,743,602
118000126,587,1259,-672
118000127,1383,567,816
118000128,481,900,-419
118000129,772,308,464
118000130,1587,2211,-624
118000131,305,498,-193
118000132,2271,1666,605
118000133,906,438,468
118000135,450,361,89
118000136,149,404,-255
118000137,459,77,382
118000138,396,443,-47
118000139,388,100,288
118000140,2219,3859,-1640
118000141,1884,1650,234
118000142,1717,1271,446
118000143,1904,1050,854
118000144,986,607,379
118000145,1233,1232,1
118000146,1036,525,511
118000147,717,986,-269
118000148,445,1005,-560
118000149,858,724,134
118000150,371,314,57
118000151,479,391,88
118000153,1163,842,321
118000154,1319,1161,158
118000155,1236,1073,163
118000156,1616,2057,-441
118000157,503,320,183
118000158,231,374,-143
118000159,26,97,-71
118000160,511,312,199
118000161,430,475,-45
118000162,1233,890,343
118000163,773,579,194
118000164,1465,996,469
118000168,636,442,194
118000169,900,860,40
118000170,2580,3517,-937
118000171,229,616,-387
118000172,105,217,-112
118000173,750,1089,-339
118000175,288,337,-49
118000176,217,434,-217
118000177,211,517,-306
118000178,38,47,-9
118000179,1024,1097,-73
118000180,636,620,16
118000181,705,253,452
118000182,310,222,88
118000183,185,294,-109
118000184,785,549,236
118000185,911,1070,-159
118000186,628,894,-266
118000187,1196,477,719
118000188,465,115,350
118000189,599,411,188
118000190,12,7,5
118000191,45,19,26
118000192,86,104,-18
118000193,45,253,-208
118000194,1098,809,289
118000195,443,957,-514
118000196,198,190,8
118000197,112,165,-53
118000198,436,709,-273
118000199,270,260,10
118000200,67,173,-106
118000201,347,443,-96
118000202,50,58,-8
118000203,554,592,-38
118000204,93,349,-256
118000205,316,313,3
118000206,171,147,24
118000207,0,37,-37
118000208,1122,1302,-180
118000209,1685,1089,596
118000210,88,40,48
118000211,29,26,3
118000213,640,1034,-394
118000214,346,460,-114
118000215,290,107,183
118000216,1521,1312,209
118000217,20,64,-44
118000218,64,78,-14
118000219,388,179,209
118000220,3,22,-19
118000221,265,289,-24
118000222,61,12,49
118000223,57,31,26
118000224,136,48,88
118000225,123,512,-389
118000226,879,181,698
118000227,594,474,120
118000228,136,187,-51
118000229,137,94,43
118000230,104,141,-37
118000231,66,192,-126
118000232,701,509,192
118000233,972,677,295
118000234,366,210,156
118000236,233,234,-1
118000237,76,289,-213
118000238,250,146,104
118000239,225,241,-16
118000240,267,144,123
118000241,127,120,7
118000242,296,357,-61
118000243,205,146,59
118000244,56,111,-55
118000246,0,53,-53
118000255,58,185,-127
118000256,92,194,-102
118000259,7,30,-23
118000260,184,80,104
118000261,22,29,-7
118000263,73,91,-18
118000266,126,201,-75
118000267,1,113,-112
118000268,257,1,256
118000270,83,28,55
118000271,284,277,7
118000272,61,24,37
118000273,141,69,72
118000274,108,226,-118
118000276,412,282,130
118000295,9,100,-91
118000298,106,164,-58
118000299,44,115,-71
118000301,0,69,-69
118000302,81,48,33
118000311,465,90,375
118000312,249,122,127
118000313,45,71,-26
118000314,86,47,39
118000315,13,24,-11
118000316,545,328,217
118000325,47,26,21
118000326,14,33,-19
118000331,25,46,-21
118000332,16,17,-1
118000333,20,53,-33
118000335,362,1,361
118000336,0,158,-158
118000407,169,60,109
118000457,8,23,-15
118000465,2033,3068,-1035
118000480,54,48,6
118000489,24,265,-241
118000490,23,140,-117
118000492,263,154,109
118000510,40,13,27
118000514,174,245,-71
118000515,693,582,111
118000517,258,173,85
118000524,195,199,-4
118000525,569,568,1
118000530,16,99,-83
118000531,287,265,22
118000532,188,207,-19
118000533,267,125,142
118000534,454,356,98
118000535,257,139,118
118000536,453,1328,-875
118000537,16,141,-125
118000538,41,50,-9
118000539,28,87,-59
118000540,266,115,151
118000541,161,37,124
118000542,90,163,-73
118000543,154,177,-23
118000546,36,13,23
118000553,0,0,0
118000560,1580,1956,-376
118000562,32,98,-66
118000563,1102,994,108
118000576,176,75,101
118000577,241,217,24
118000578,156,59,97
118000579,565,1025,-460
118000583,0,2,-2
118000595,200,80,120
118000596,0,80,-80
118000597,232,173,59
118000598,13,0,13
118000599,65,68,-3
118000600,4,6,-2
118000601,5,0,5
118000602,3,6,-3
118000603,1,26,-25
118000605,91,245,-154
118000606,29,22,7
118900001,441,1101,-660
118900002,651,598,53
118900003,414,9,405
118900004,56,50,6
118900005,83,11,72
118900006,151,1,150
118900007,7,0,7
118900008,1141,45,1096
118900009,64,73,-9
118900010,61,7,54
118900011,134,29,105
118900012,417,143,274
118900013,485,154,331
118900015,251,54,197
118900016,10,7,3
118900017,187,237,-50
118900018,848,34,814
118900019,30,18,12
118900020,163,147,16
118900021,136,276,-140
118900022,140,94,46
118900023,163,115,48
118900024,82,128,-46
118900025,46,25,21
118900026,77,63,14
118900027,385,147,238
118900028,118,122,-4
118900029,345,400,-55
118900030,361,38,323
118900031,121,85,36
118900032,169,133,36
118900033,322,440,-118
118900034,158,20,138
118900035,140,119,21
118900036,1026,526,500
118900037,317,309,8
118900038,418,108,310
118900039,447,129,318
118900040,194,126,68
118900041,509,144,365
118900042,130,73,57
118900045,223,157,66
118900046,657,397,260
118900047,344,265,79
118900048,117,205,-88
118900049,59,36,23
118900050,56,85,-29
118900051,124,110,14
118900052,197,231,-34
118900053,27,144,-117
118900054,146,51,95
118900055,106,54,52
118900056,93,340,-247
118900057,593,396,197
118900058,359,338,21
118900059,18,81,-63
118900060,67,124,-57
118900062,519,193,326
118900064,416,493,-77
118900065,76,110,-34
118900066,55,66,-11
118900067,3216,2798,418
118900068,4,161,-157
118900069,418,166,252
118900071,2,51,-49
118900072,405,285,120
118900073,146,67,79
118900074,148,140,8
118900075,56,61,-5
118900076,178,125,53
118900077,170,134,36
118900078,27,6,21
118900079,48,146,-98
118900080,26,123,-97
118900081,56,32,24
118900082,764,126,638
118900083,31,12,19
118900084,31,11,20
118900085,441,506,-65
118900086,46,73,-27
118900087,40,227,-187
118900088,0,10,-10
118900089,32,27,5
118900090,391,314,77
118900091,134,138,-4
118900092,121,44,77
118900093,119,30,89
118900096,111,138,-27
118900097,218,374,-156
118900099,60,152,-92
118900100,123,200,-77
118900101,53,181,-128
118900102,16,69,-53
118900103,30,86,-56
118900104,66,24,42
118900105,162,97,65
118900107,128,50,78
118900108,82,83,-1
118900110,1059,753,306
118900111,400,347,53
118900112,113,138,-25
118900113,112,289,-177
118900114,14,64,-50
118900115,74,298,-224
118900116,107,149,-42
118900117,106,154,-48
118900118,257,228,29
118900119,165,185,-20
118900120,75,233,-158
118900121,13,128,-115
118900122,9,702,-693
118900123,154,172,-18
118900124,83,144,-61
118900126,33,327,-294
118900129,236,203,33
118900130,76,249,-173
118900131,176,173,3
118900132,232,161,71
118900133,11,88,-77
118900135,149,155,-6
118900136,160,353,-193
118900137,8,38,-30
118900139,189,297,-108
118900140,343,387,-44
118900141,63,91,-28
118900144,152,259,-107
118900145,118,79,39
118900146,256,402,-146
118900147,132,155,-23
118900148,64,70,-6
118900150,161,476,-315
118900152,441,520,-79
118900157,77,168,-91
118900158,109,65,44
118900159,0,133,-133
118900161,60,9,51
118900163,91,101,-10
118900164,2,102,-100
118900165,64,124,-60
118900166,10,1,9
118900167,66,57,9
118900168,12,150,-138
118900169,119,203,-84
118900170,162,67,95
118900171,23,25,-2
118900174,39,54,-15
118900175,363,348,15
118900176,156,189,-33
118900177,51,34,17
118900178,56,96,-40
118900179,4,1,3
118900181,80,60,20
118900182,31,42,-11
118900183,41,85,-44
118900184,255,68,187
118900185,155,75,80
118900186,105,62,43
118900187,172,202,-30
118900188,194,213,-19
118900189,31,569,-538
118900190,16,232,-216
118900191,164,37,127
118900192,189,23,166
118900193,495,6,489
118900195,205,399,-194
118900196,36,121,-85
118900197,105,34,71
118900198,17,15,2
118900199,83,20,63
118900200,23,16,7
118900201,28,50,-22
118900202,14,22,-8
118900203,19,15,4
118900204,20,11,9
118900205,2,1,1
118900206,7,6,1
119000001,1121,1559,-438
119000002,2695,3062,-367
119000003,2144,802,1342
119000004,2199,1004,1195
119000005,1426,1548,-122
119000006,2545,1439,1106
119000007,2900,2530,370
119000008,1688,1414,274
119000009,2616,3919,-1303
119000010,4142,3392,750
119000011,3062,2552,510
119000012,2446,2700,-254
119000013,2356,1537,819
119000014,1373,2213,-840
119000019,208,107,101
119000020,1609,1390,219
119000021,3794,1998,1796
119000022,1564,1993,-429
119000023,299,221,78
119000024,1503,9376,-7873
119000025,4430,862,3568
119000026,167,472,-305
119000027,258,341,-83
119000028,1244,636,608
119000029,96,248,-152
119000030,536,761,-225
119000031,675,578,97
119000032,1380,1935,-555
119000033,1922,915,1007
119000034,834,735,99
119000035,37,237,-200
119000036,1740,642,1098
119000037,1152,1049,103
119000038,138,528,-390
119000039,347,227,120
119000040,632,473,159
119000041,616,1059,-443
119000048,2391,2033,358
119000049,1667,1679,-12
119000050,1435,1372,63
119000051,1807,816,991
119000052,1479,2195,-716
119000053,1691,1107,584
119000054,2887,2167,720
119000055,3781,2407,1374
119000056,2430,1472,958
119000057,1426,1387,39
119000058,1579,1212,367
119000059,1072,1225,-153
119000060,1387,892,495
119000061,839,665,174
119000062,972,1089,-117
119000063,463,365,98
119000064,720,812,-92
119000065,1381,2233,-852
119000066,1489,926,563
119000067,1745,1714,31
119000068,1488,897,591
119000069,1442,1723,-281
119000070,2283,796,1487
119000071,479,504,-25
119000072,3824,2186,1638
119000073,3306,5652,-2346
119000074,1182,1386,-204
119000075,1922,1608,314
119000076,277,778,-501
119000077,552,360,192
119000078,360,252,108
119000079,156,485,-329
119000080,499,169,330
119000081,221,284,-63
119000082,751,211,540
119000083,546,311,235
119000084,283,331,-48
119000085,442,178,264
119000086,280,385,-105
119000087,1292,589,703
119000088,387,231,156
119000089,71,154,-83
119000090,131,112,19
119000091,108,323,-215
119000092,321,169,152
119000093,2733,1912,821
119000094,2561,3861,-1300
119000095,1614,2164,-550
119000097,1625,936,689
119000098,809,2446,-1637
119000099,1932,1064,868
119000100,3338,2551,787
119000101,2785,1651,1134
119000102,478,1242,-764
119000103,1040,732,308
119000104,1792,898,894
119000105,844,1671,-827
119000106,296,942,-646
119000107,936,440,496
119000108,311,669,-358
119000109,99,434,-335
119000110,293,361,-68
119000111,51,656,-605
119000112,177,76,101
119000113,1626,290,1336
119000114,911,912,-1
119000115,107,141,-34
119000116,76,107,-31
119000117,128,321,-193
119000118,5,1,4
119000123,2236,1843,393
119000124,591,172,419
119000125,3364,508,2856
119000126,1182,504,678
119000127,484,326,158
119000128,18,1,17
119000131,764,442,322
119000132,0,1,-1
119000133,2,7,-5
119000134,1374,459,915
119000135,138,154,-16
119000136,202,146,56
119000137,208,262,-54
119000138,442,182,260
119000139,226,145,81
119000140,233,277,-44
119000284,1073,2174,-1101
119000285,1663,1587,76
119000286,5084,3874,1210
119000287,1019,1576,-557
119000288,1604,986,618
119000289,1329,1880,-551
119000290,161,223,-62
119000291,10,164,-154
119000293,142,154,-12
119000294,56,29,27
119000295,985,268,717
119000296,254,143,111
119000302,1907,1002,905
119000303,153,83,70
119000304,0,0,0
119000314,1220,8654,-7434
119000315,4,241,-237
119000316,133,71,62
119000317,122,221,-99
119900001,250,1257,-1007
119900002,128,207,-79
119900003,40,699,-659
119900004,272,1196,-924
119900005,172,70,102
119900006,191,301,-110
119900007,1204,265,939
119900008,24,30,-6
119900009,506,472,34
119900010,572,1006,-434
119900011,14,110,-96
119900012,27,112,-85
119900013,1873,1055,818
119900014,416,222,194
119900015,129,40,89
119900016,37,48,-11
119900017,45,36,9
119900018,1257,858,399
119900019,28,15,13
119900020,124,177,-53
119900021,201,125,76
119900022,105,699,-594
119900023,419,1561,-1142
119900025,212,45,167
119900026,571,125,446
119900027,35,21,14
119900028,274,142,132
119900029,5,8,-3
119900030,460,378,82
119900031,42,383,-341
119900033,1248,342,906
119900034,446,130,316
119900037,178,25,153
119900038,82,316,-234
119900039,49,23,26
119900040,207,24,183
119900041,79,37,42
119900042,118,301,-183
119900043,124,123,1
119900044,181,765,-584
119900046,184,47,137
119900047,222,75,147
119900048,183,38,145
119900049,101,5,96
119900050,85,135,-50
119900051,1054,31,1023
119900052,53,25,28
119900053,209,167,42
119900054,188,6,182
119900055,1220,449,771
119900057,274,55,219
119900058,163,6,157
119900059,96,33,63
119900060,250,20,230
119900061,277,15,262
119900062,80,22,58
119900063,11,43,-32
119900065,250,10,240
119900067,105,23,82
119900068,441,5,436
119900069,113,13,100
119900070,777,3,774
119900071,614,10,604
119900073,1509,510,999
119900074,10,41,-31
119900075,3089,2034,1055
119900076,568,250,318
119900077,793,669,124
119900078,585,812,-227
119900079,485,137,348
119900080,342,236,106
119900081,619,126,493
119900082,1303,255,1048
119900083,394,155,239
119900084,557,296,261
119900085,30,45,-15
119900086,409,685,-276
119900087,364,399,-35
119900088,26,36,-10
119900089,42,345,-303
119900090,87,45,42
119900091,61,686,-625
119900092,60,274,-214
119900093,1021,214,807
119900094,60,173,-113
119900095,205,113,92
119900096,25,113,-88
119900097,336,189,147
119900098,45,46,-1
119900099,31,184,-153
119900100,1454,2637,-1183
119900101,173,1140,-967
119900102,30,197,-167
119900103,47,268,-221
119900104,47,164,-117
119900105,577,1964,-1387
119900106,9,133,-124
119900107,264,1633,-1369
119900108,2676,572,2104
119900109,17,97,-80
119900110,739,423,316
119900111,114,280,-166
119900112,1016,519,497
119900113,48,263,-215
119900114,258,812,-554
119900115,370,768,-398
119900116,189,346,-157
119900117,338,566,-228
119900118,159,610,-451
119900119,218,159,59
119900120,563,400,163
119900121,400,631,-231
119900122,410,296,114
119900123,170,216,-46
119900124,234,590,-356
119900125,69,254,-185
119900126,2846,280,2566
119900127,1850,867,983
119900128,425,460,-35
119900129,209,349,-140
119900130,28,213,-185
119900131,65,209,-144
119900132,12,200,-188
119900133,37,75,-38
119900134,1138,208,930
119900135,0,292,-292
119900136,195,272,-77
119900138,325,436,-111
119900139,7,108,-101
119900140,2,100,-98
119900141,70,564,-494
119900142,0,23,-23
119900143,21,195,-174
119900144,1274,196,1078
119900145,105,132,-27
119900146,123,176,-53
119900147,3,98,-95
119900148,237,60,177
119900149,707,3519,-2812
119900150,120,140,-20
119900151,1261,686,575
119900152,92,188,-96
119900153,200,56,144
119900154,17,394,-377
119900155,43,40,3
119900156,16,4,12
119900157,108,151,-43
119900158,215,62,153
119900159,4,863,-859
119900160,39,104,-65
119900161,157,112,45
119900162,813,835,-22
119900163,103,158,-55
119900164,1,2,-1
119900165,159,139,20
119900166,79,36,43
119900167,77,85,-8
119900168,828,417,411
119900169,105,258,-153
119900170,188,260,-72
119900171,1073,324,749
119900172,131,17,114
119900173,6,275,-269
119900174,6,128,-122
119900175,1143,559,584
119900177,27,161,-134
119900178,53,153,-100
119900179,133,513,-380
119900180,843,717,126
119900181,64,115,-51
119900182,0,247,-247
119900183,106,555,-449
119900184,1459,396,1063
119900185,36,169,-133
119900186,36,781,-745
119900187,8,307,-299
119900188,105,214,-109
119900189,411,440,-29
119900190,69,222,-153
119900191,238,241,-3
119900192,43,126,-83
119900193,422,112,310
119900194,24,84,-60
119900195,67,174,-107
119900196,887,364,523
119900197,171,129,42
119900198,118,187,-69
119900199,156,17,139
119900200,774,551,223
119900201,305,151,154
119900202,82,247,-165
119900203,166,510,-344
119900204,264,216,48
119900205,684,407,277
119900206,181,94,87
119900208,130,122,8
119900209,533,1150,-617
119900210,45,37,8
119900211,72,9,63
119900212,187,198,-11
119900213,12,48,-36
119900214,45,73,-28
119900215,62,74,-12
119900216,18,61,-43
119900217,8,53,-45
119900218,18,71,-53
119900219,8,91,-83
119900220,3,64,-61
119900221,18,174,-156
119900222,8,160,-152
119900223,16,71,-55
119900224,14,23,-9
119900225,657,58,599
119900226,503,1643,-1140
119900227,900,222,678
119900228,22,169,-147
119900229,314,349,-35
119900230,1076,413,663
119900231,276,120,156
119900232,187,137,50
119900233,55,5,50
119900234,19,53,-34
119900235,12,42,-30
119900236,64,143,-79
119900237,31,418,-387
119900238,4,55,-51
119900240,88,127,-39
119900241,172,212,-40
119900242,1121,1157,-36
119900244,581,928,-347
119900245,190,185,5
119900246,270,643,-373
119900247,20,138,-118
119900248,66,242,-176
119900249,223,106,117
119900253,1542,349,1193
119900254,68,656,-588
119900255,93,636,-543
119900256,581,533,48
119900257,55,1,54
119900258,129,10,119
119900259,14,103,-89
119900260,109,6,103
119900261,250,113,137
119900262,4,139,-135
119900263,934,304,630
119900264,86,159,-73
119900265,484,274,210
119900266,305,229,76
119900267,229,314,-85
119900268,197,110,87
119900269,1031,698,333
119900271,17,94,-77
119900272,213,272,-59
119900275,148,44,104
119900276,44,4,40
119900277,9,5,4
119900278,182,101,81
119900279,89,277,-188
119900280,576,136,440
119900281,3,228,-225
119900282,60,138,-78
119900283,19,155,-136
119900284,42,119,-77
119900285,29,85,-56
119900286,4,14,-10
119900288,2,14,-12
119900289,1,21,-20
119900290,5,15,-10
119900291,4,66,-62
119900292,22,56,-34
119900293,31,60,-29
119900294,34,70,-36
119900295,49,33,16
119900296,56,131,-75
119900297,1,10,-9
119900298,0,3,-3
119900299,112,150,-38
119900300,343,144,199
119900301,27,33,-6
119900302,46,45,1
119900303,355,171,184
119900304,201,31,170
119900305,7,92,-85
119900306,27,3,24
119900307,60,68,-8
119900308,8,33,-25
119900309,35,126,-91
119900310,230,229,1
119900311,94,96,-2
119900312,76,44,32
119900313,280,197,83
119900314,161,346,-185
119900315,1499,1454,45
119900318,12,38,-26
119900319,9,205,-196
119900320,150,325,-175
119900321,92,2,90
120000001,5131,12795,-7664
120000002,2309,2022,287
120000003,2652,1332,1320
120000004,2354,1696,658
120000005,2980,1782,1198
120000006,1150,1075,75
120000007,2953,2686,267
120000008,936,1180,-244
120000009,1709,951,758
120000010,1541,1949,-408
120000011,924,1299,-375
120000012,1231,1926,-695
120000013,2752,2249,503
120000014,677,1183,-506
120000015,1835,1252,583
120000016,3307,1956,1351
120000017,3017,1998,1019
120000018,3150,9792,-6642
120000019,999,1320,-321
120000020,2820,2874,-54
120000021,2012,2205,-193
120000022,2580,3695,-1115
120000023,1036,1447,-411
120000024,1356,2243,-887
120000025,2396,1778,618
120000026,2033,1441,592
120000027,2153,1950,203
120000028,633,1296,-663
120000029,1393,878,515
120000030,430,817,-387
120000031,1815,4198,-2383
120000032,6057,3087,2970
120000033,3656,1600,2056
120000034,1813,1458,355
120000035,1957,1522,435
120000036,2515,3924,-1409
120000037,690,1417,-727
120000038,4533,3237,1296
120000039,695,915,-220
120000040,86,460,-374
120000041,951,1280,-329
120000042,1844,2147,-303
120000043,4111,1480,2631
120000044,4779,1362,3417
120000045,5616,1002,4614
120000046,3118,2311,807
120000047,795,4080,-3285
120000048,5500,3676,1824
120000049,2840,2511,329
120000050,2750,2893,-143
120000051,2168,3268,-1100
120000052,6509,2097,4412
120000053,1360,1938,-578
120000054,1181,3036,-1855
120000055,1501,3507,-2006
120000056,4119,3139,980
120000057,3375,966,2409
120000058,2369,948,1421
120000059,9,1355,-1346
120000061,89,473,-384
120000062,223,288,-65
120000063,1218,2201,-983
120000064,210,826,-616
120000065,514,1044,-530
120000066,203,388,-185
120000067,57,339,-282
120000068,156,531,-375
120000069,572,707,-135
120000070,102,509,-407
120000071,496,124,372
120000072,768,381,387
120000073,893,76,817
120000074,141,72,69
120000075,833,299,534
120000076,1958,407,1551
120000077,1919,630,1289
120000078,3250,1105,2145
120000079,550,426,124
120000080,282,315,-33
120000081,560,213,347
120000082,340,307,33
120000083,139,698,-559
120000084,330,321,9
120000085,447,407,40
120000086,313,485,-172
120000087,293,518,-225
120000088,832,944,-112
120000089,1091,455,636
120000090,572,473,99
120000091,941,822,119
120000092,1178,517,661
120000093,508,403,105
120000094,195,564,-369
120000095,813,379,434
120000096,273,588,-315
120000098,605,547,58
120000099,277,702,-425
120000100,665,725,-60
120000101,672,474,198
120000102,542,866,-324
120000103,1445,855,590
120000104,1653,447,1206
120000105,2623,629,1994
120000106,2257,622,1635
120000107,3694,634,3060
120000108,1260,130,1130
120000109,999,72,927
120000110,89,771,-682
120000111,192,852,-660
120000112,700,1875,-1175
120000113,579,1447,-868
120000114,891,1601,-710
120000115,283,1418,-1135
120000116,618,1418,-800
120000117,764,1001,-237
120000118,69,47,22
120000119,32,52,-20
120000120,99,42,57
120000121,49,60,-11
120000122,210,175,35
120000123,2864,4904,-2040
120000124,440,446,-6
120000125,545,502,43
120000126,280,739,-459
120000127,1799,859,940
120000128,2254,3369,-1115
120000129,284,335,-51
120000130,956,550,406
120000131,348,599,-251
120000134,279,717,-438
120000135,594,452,142
120000137,235,906,-671
120000138,1005,341,664
120000139,292,492,-200
120000140,863,501,362
120000141,445,364,81
120000142,638,456,182
120000143,0,75,-75
120000144,96,3,93
120000145,276,0,276
120000146,859,751,108
120000149,568,797,-229
120000150,2520,9144,-6624
120000151,428,369,59
120000152,360,144,216
120000153,160,353,-193
120000154,468,398,70
120000155,180,287,-107
120000156,716,1196,-480
120000157,720,584,136
120000158,770,597,173
120000159,1627,2012,-385
120000160,1975,1587,388
120000161,1994,1759,235
120000162,89,254,-165
120000163,659,971,-312
120000164,524,351,173
120000165,536,639,-103
120000166,1510,451,1059
120000167,152,131,21
120000168,21,491,-470
120000169,60,1389,-1329
120000170,42,1132,-1090
120000171,29,430,-401
120000172,36,295,-259
120000173,1026,1305,-279
120000174,177,32,145
120000175,174,50,124
120000176,167,37,130
120000177,885,106,779
120000178,40,17,23
120000179,108,56,52
120000180,446,78,368
120000181,97,973,-876
120000182,35,542,-507
120000183,8,294,-286
120000184,141,968,-827
120000186,31,646,-615
120000187,48,289,-241
120000188,68,546,-478
120000190,432,67,365
120000191,424,127,297
120000192,505,56,449
120000193,275,20,255
120000195,42,5,37
120000196,166,30,136
120000197,50,81,-31
120000198,162,35,127
120000199,174,1,173
120000200,146,0,146
120000201,22,31,-9
120000202,0,46,-46
120000203,36,96,-60
120000207,0,52,-52
120000208,12,188,-176
120000209,10,74,-64
120000210,210,282,-72
120000211,117,0,117
120000212,177,1,176
120000213,117,140,-23
120000214,1,120,-119
120000215,0,63,-63
120000216,60,14,46
120000217,552,1068,-516
120000218,190,640,-450
120000219,2,368,-366
120000220,6,1180,-1174
120000225,1561,2,1559
120000226,396,2,394
120000227,881,60,821
120000228,7905,3013,4892
120000230,365,10,355
120000231,1275,1463,-188
120000233,312,4,308
120000235,220,441,-221
120000236,836,1,835
120000237,0,929,-929
120000238,3,675,-672
120000241,1107,2904,-1797
120000412,706,6,700
120000413,294,189,105
120000414,152,2,150
120000415,0,79,-79
120000416,137,6,131
120000417,11,191,-180
120000418,185,16,169
120000419,10,189,-179
120000420,236,96,140
120000421,6830,4313,2517
120000422,93,1247,-1154
120000423,8,61,-53
120000424,75,90,-15
120000436,146,606,-460
120000437,166,97,69
120000438,1675,183,1492
120000439,225,465,-240
120000443,189,1,188
120000444,1315,299,1016
120000445,1669,925,744
120000446,692,295,397
120000447,228,2,226
120000449,168,5,163
120000450,15,172,-157
120000451,115,207,-92
120000452,64,2,62
120000453,1,223,-222
120000454,126,175,-49
120000455,87,38,49
120000456,1871,3299,-1428
120000457,852,446,406
120000458,389,464,-75
120000459,67,60,7
120000665,495,273,222
120000668,85,747,-662
120000669,84,200,-116
120000670,154,609,-455
120000671,1172,428,744
120000672,84,511,-427
120900001,60,97,-37
120900002,288,447,-159
120900003,121,24,97
120900004,22,101,-79
120900005,26,836,-810
120900006,479,199,280
120900007,173,72,101
120900008,312,816,-504
120900009,605,41,564
120900010,429,123,306
120900011,223,220,3
120900012,184,1071,-887
120900013,267,140,127
120900014,5,443,-438
120900015,967,93,874
120900016,851,62,789
120900017,1762,63,1699
120900018,110,331,-221
120900019,573,362,211
120900020,640,1157,-517
120900021,649,246,403
120900022,39,303,-264
120900023,319,30,289
120900024,1434,443,991
120900025,1425,903,522
120900026,163,162,1
120900027,708,19,689
120900028,387,112,275
120900029,116,507,-391
120900030,1300,713,587
120900031,236,105,131
120900032,1172,66,1106
120900033,1023,98,925
120900034,31,2287,-2256
120900035,38,76,-38
120900037,242,16,226
120900038,45,345,-300
120900039,109,58,51
120900040,294,7,287
120900041,125,24,101
120900042,554,34,520
120900043,46,43,3
120900044,18,304,-286
120900045,154,70,84
120900046,463,6,457
120900047,170,134,36
120900048,122,40,82
120900049,474,1,473
120900050,1730,1593,137
120900051,292,73,219
120900052,600,4,596
120900053,262,60,202
120900054,1308,426,882
120900055,430,3,427
120900056,603,33,570
120900057,166,23,143
120900058,577,0,577
120900059,93,7,86
120900060,68,21,47
120900061,241,214,27
120900062,298,3,295
120900063,642,3,639
120900064,628,2,626
120900065,536,1,535
120900066,434,193,241
120900067,209,54,155
120900068,273,0,273
120900069,217,48,169
120900071,30,4,26
120900072,769,8,761
120900073,566,140,426
120900074,525,16,509
120900076,314,0,314
120900077,1944,308,1636
120900078,764,503,261
120900079,806,112,694
120900080,868,1403,-535
120900081,1221,528,693
120900082,376,375,1
120900083,123,1,122
120900084,330,477,-147
120900085,59,136,-77
120900086,75,322,-247
120900087,375,418,-43
120900088,192,367,-175
120900089,2210,2466,-256
120900090,298,75,223
120900091,612,858,-246
120900092,1058,334,724
120900093,1617,135,1482
120900094,390,175,215
120900095,295,16,279
120900096,61,141,-80
120900097,606,546,60
120900098,229,136,93
120900099,46,50,-4
120900100,89,211,-122
120900101,528,227,301
120900102,30,75,-45
120900103,44,202,-158
120900104,17,55,-38
120900105,50,369,-319
120900106,946,408,538
120900107,198,159,39
120900108,3,480,-477
120900109,41,500,-459
120900110,6,469,-463
120900111,169,297,-128
120900112,4,631,-627
120900113,23,611,-588
120900114,27,123,-96
120900115,149,233,-84
120900116,399,277,122
120900117,1,364,-363
120900118,11,514,-503
120900119,4295,3289,1006
120900120,69,360,-291
120900121,75,329,-254
120900122,594,337,257
120900123,7,277,-270
120900124,1,431,-430
120900125,0,443,-443
120900126,1294,632,662
120900127,15,372,-357
120900128,1052,1084,-32
120900129,52,201,-149
120900130,12,337,-325
120900131,84,60,24
120900132,1069,191,878
120900133,130,571,-441
120900134,698,324,374
120900135,5,398,-393
120900136,32,45,-13
120900137,214,82,132
120900138,21,163,-142
120900139,3,477,-474
120900140,4,83,-79
120900141,85,152,-67
120900142,20,339,-319
120900143,3,539,-536
120900144,1,75,-74
120900145,258,691,-433
120900146,4,580,-576
120900147,7,377,-370
120900148,110,119,-9
120900149,0,187,-187
120900150,53,382,-329
120900151,0,413,-413
120900152,0,19,-19
120900153,69,91,-22
120900154,2,161,-159
120900155,178,774,-596
120900156,47,225,-178
120900157,124,266,-142
120900158,80,440,-360
120900159,291,431,-140
120900160,25,456,-431
120900161,66,515,-449
120900162,115,568,-453
120900163,98,600,-502
120900164,0,34,-34
120900165,4,103,-99
120900166,50,477,-427
120900167,279,94,185
120900169,103,199,-96
120900170,732,2487,-1755
120900171,791,219,572
120900172,409,1093,-684
120900173,0,42,-42
120900174,11,86,-75
120900175,262,111,151
120900176,21,326,-305
120900177,0,985,-985
120900178,0,365,-365
120900179,734,363,371
120900180,66,118,-52
120900181,66,35,31
120900182,8,206,-198
120900183,501,51,450
120900184,309,61,248
120900185,10,223,-213
120900186,3,329,-326
120900187,511,924,-413
120900188,262,13,249
120900189,111,1383,-1272
120900190,120,9,111
120900191,14,12,2
120900192,6517,7193,-676
120900194,66,56,10
120900195,112,235,-123
120900196,808,51,757
120900197,618,105,513
120900198,197,426,-229
120900199,383,413,-30
120900200,75,126,-51
120900201,345,110,235
120900202,0,88,-88
120900203,38,55,-17
120900204,110,180,-70
120900205,97,41,56
120900206,38,86,-48
120900207,63,767,-704
121000001,550,826,-276
121000002,1818,976,842
121000003,2010,1505,505
121000004,1866,2222,-356
121000005,1455,2271,-816
121000006,2542,1596,946
121000007,2066,2506,-440
121000008,4082,3311,771
121000009,4262,4860,-598
121000010,6216,5096,1120
121000011,6786,9343,-2557
121000012,11825,8164,3661
121000013,4081,5569,-1488
121000014,4743,4412,331
121000015,3356,5902,-2546
121000016,3265,2670,595
121000017,1791,2957,-1166
121000018,2458,1509,949
121000019,11774,9869,1905
121000020,11333,14016,-2683
121000021,2276,2364,-88
121000022,2257,2622,-365
121000023,3069,2341,728
121000024,4469,4506,-37
121000025,596,1369,-773
121000026,349,202,147
121000027,1495,1180,315
121000028,848,495,353
121000029,823,566,257
121000030,671,369,302
121000031,612,558,54
121000032,220,133,87
121000034,265,227,38
121000035,130,149,-19
121000036,860,731,129
121000037,544,552,-8
121000038,454,879,-425
121000039,301,435,-134
121000041,514,484,30
121000042,290,294,-4
121000043,663,567,96
121000044,1304,997,307
121000045,327,213,114
121000046,623,683,-60
121000047,25,76,-51
121000049,1135,525,610
121000050,312,1022,-710
121000051,535,256,279
121000052,389,535,-146
121000053,364,105,259
121000054,66,330,-264
121000055,1072,1086,-14
121000056,684,834,-150
121000057,217,471,-254
121000058,310,209,101
121000059,1821,1137,684
121000060,539,872,-333
121000061,68,293,-225
121000062,153,336,-183
121000063,843,785,58
121000064,687,680,7
121000065,352,472,-120
121000066,638,645,-7
121000067,459,509,-50
121000068,626,360,266
121000069,473,901,-428
121000070,1511,1125,386
121000071,1351,1234,117
121000072,1384,645,739
121000073,1139,891,248
121000074,249,144,105
121000075,62,416,-354
121000076,616,377,239
121000077,103,159,-56
121000078,110,134,-24
121000080,1775,570,1205
121000081,3238,2730,508
121000082,89,273,-184
121000083,229,111,118
121000084,151,127,24
121000085,313,456,-143
121000086,329,582,-253
121000087,84,299,-215
121000088,484,536,-52
121000089,420,421,-1
121000090,360,399,-39
121000091,1296,1022,274
121000092,182,88,94
121000093,157,192,-35
121000094,444,724,-280
121000095,312,727,-415
121000096,2231,1835,396
121000097,710,1795,-1085
121000098,599,838,-239
121000099,755,643,112
121000100,923,327,596
121000101,450,332,118
121000102,231,239,-8
121000103,227,275,-48
121000104,193,131,62
121000105,334,212,122
121000106,284,334,-50
121000107,1619,2446,-827
121000109,845,950,-105
121000110,185,598,-413
121000114,2671,1757,914
121000115,859,561,298
121000116,230,748,-518
121000117,549,205,344
121000118,1193,189,1004
121000119,269,382,-113
121000120,292,441,-149
121000121,439,1191,-752
121000123,1319,711,608
121000127,109,112,-3
121000128,796,362,434
121000129,848,451,397
121000130,518,764,-246
121000131,1737,1468,269
121000132,1340,1552,-212
121000135,316,366,-50
121000136,762,902,-140
121000137,459,260,199
121000138,579,1242,-663
121000139,270,465,-195
121000141,170,154,16
121000142,668,1195,-527
121000143,128,41,87
121000144,747,1329,-582
121000145,479,856,-377
121000146,1151,1119,32
121000147,841,478,363
121000148,847,890,-43
121000149,2090,1205,885
121000152,461,446,15
121000153,1666,530,1136
121000154,1097,516,581
121000155,1392,982,410
121000156,467,888,-421
121000157,849,1308,-459
121000158,364,417,-53
121000159,192,303,-111
121000160,240,319,-79
121000161,253,263,-10
121000162,145,132,13
121000165,1256,1895,-639
121000166,38,359,-321
121000168,330,219,111
121000169,78,122,-44
121000170,352,57,295
121000171,95,139,-44
121000172,709,539,170
121000173,1053,977,76
121000174,388,395,-7
121000175,1010,313,697
121000176,367,277,90
121000177,621,548,73
121000178,143,46,97
121000179,55,51,4
121000181,366,357,9
121000182,116,292,-176
121000183,78,122,-44
121000184,44,118,-74
121000185,26,151,-125
121000186,162,490,-328
121000187,187,170,17
121000188,153,150,3
121000192,759,447,312
121000193,616,477,139
121000194,1817,1813,4
121000195,170,783,-613
121000196,528,220,308
121000197,142,594,-452
121000198,177,85,92
121000199,114,252,-138
121000200,378,75,303
121000201,12,132,-120
121000202,552,122,430
121000203,714,1310,-596
121000204,2317,557,1760
121000205,89,202,-113
121000206,106,49,57
121000207,1741,338,1403
121000208,4,190,-186
121000209,365,192,173
121000210,576,246,330
121000211,230,117,113
121000212,461,390,71
121000213,7216,2251,4965
121000214,723,1413,-690
121000215,792,881,-89
121000216,511,474,37
121000217,2846,1833,1013
121000218,333,1100,-767
121000219,1178,326,852
121000220,113,39,74
121000221,53,211,-158
121000222,1760,1579,181
121000223,293,396,-103
121000224,208,252,-44
121000225,739,1558,-819
121000226,1558,954,604
121000227,23,110,-87
121000228,25,499,-474
121000229,267,240,27
121000230,53,1148,-1095
121000231,906,19,887
121000232,387,213,174
121000233,581,290,291
121000234,37,31,6
121000235,65,57,8
121000236,7,42,-35
121000237,18,18,0
121000238,6,52,-46
121000239,46,4,42
121000240,7,175,-168
121000241,81,18,63
121000242,60,317,-257
121000243,366,109,257
121000244,23,84,-61
121000245,71,28,43
121000246,3,67,-64
121000247,141,10,131
121000248,853,544,309
121000249,77,197,-120
121000250,494,213,281
121000251,23,232,-209
121000252,85,50,35
121000253,244,316,-72
121000254,508,198,310
121000255,101,183,-82
121000256,226,131,95
121000257,35,78,-43
121000258,88,61,27
121000259,45,66,-21
121000260,48,97,-49
121000261,37,52,-15
121000262,943,542,401
121000263,393,367,26
121000271,256,1166,-910
121000273,38,3,35
121000274,9,51,-42
121000275,1,3,-2
121000276,6,14,-8
121000278,44,62,-18
121000279,19,25,-6
121000280,25,32,-7
121000289,208,17,191
121000290,976,785,191
121000294,155,89,66
121000297,700,875,-175
121000299,101,553,-452
121000300,778,444,334
121000302,42,769,-727
121000303,329,257,72
121000304,421,51,370
121000305,189,48,141
121000306,104,111,-7
121000308,149,282,-133
121000309,272,384,-112
121000310,79,252,-173
121000311,69,685,-616
121000312,303,241,62
121000313,247,322,-75
121000314,98,113,-15
121000315,48,107,-59
121000530,1510,1174,336
121000531,1430,1538,-108
121000532,5215,6504,-1289
121000533,2745,3104,-359
121000918,36,122,-86
121000919,43,56,-13
121000938,16,47,-31
121000939,53,72,-19
121000956,1144,850,294
121000957,1,6,-5
121000958,23,36,-13
121000959,662,546,116
121000960,1318,1297,21
121000961,245,104,141
121000962,286,399,-113
121000963,0,0,0
121000973,0,132,-132
121000976,17,172,-155
121000979,421,173,248
121000981,296,183,113
121000982,409,207,202
121000983,333,269,64
121000984,21,88,-67
121000985,623,342,281
121000986,206,128,78
121000987,233,617,-384
121000988,703,94,609
121001302,249,92,157
121001308,2,17,-15
121001309,81,113,-32
121001313,170,171,-1
121001314,1469,1952,-483
121001315,4176,2364,1812
121001326,504,392,112
121900001,93,160,-67
121900002,50,18,32
121900003,462,28,434
121900004,93,290,-197
121900005,19,14,5
121900006,77,25,52
121900007,1681,1636,45
121900008,730,553,177
121900009,478,16,462
121900010,244,1,243
121900011,181,309,-128
121900012,5,0,5
121900013,826,87,739
121900014,1078,375,703
121900015,242,186,56
121900016,3,32,-29
121900017,397,362,35
121900018,368,16,352
121900019,529,212,317
121900020,22,0,22
121900021,820,26,794
121900022,252,197,55
121900023,119,324,-205
121900024,279,109,170
121900025,584,405,179
121900026,280,44,236
121900027,329,126,203
121900028,164,6,158
121900029,101,185,-84
121900030,457,457,0
121900031,743,4491,-3748
121900032,94,64,30
121900033,212,227,-15
121900034,235,85,150
121900035,2513,1912,601
121900036,54,228,-174
121900037,193,904,-711
121900038,22,101,-79
121900039,317,43,274
121900040,76,115,-39
121900041,87,203,-116
121900042,370,140,230
121900043,7,2,5
121900044,134,57,77
121900046,182,355,-173
121900047,218,44,174
121900048,27,67,-40
121900050,21,41,-20
121900051,217,137,80
121900052,131,33,98
121900053,588,297,291
121900054,464,875,-411
121900055,9,16,-7
121900058,217,114,103
121900059,314,157,157
121900060,129,275,-146
121900061,111,137,-26
121900062,149,109,40
121900063,1038,427,611
121900064,286,471,-185
121900066,63,33,30
121900067,42,44,-2
121900069,173,118,55
121900070,112,108,4
121900071,318,208,110
121900072,111,107,4
121900073,234,203,31
121900074,733,780,-47
121900075,369,421,-52
121900076,314,574,-260
121900078,90,39,51
121900079,2,0,2
121900080,572,326,246
121900082,72,71,1
121900084,25,98,-73
121900086,27,66,-39
121900087,144,111,33
121900088,1593,2408,-815
121900089,208,258,-50
121900090,30,90,-60
121900091,99,93,6
121900092,56,120,-64
121900093,61,67,-6
121900094,28,9,19
121900095,268,151,117
121900096,1057,914,143
121900097,539,143,396
121900098,7,0,7
121900099,245,76,169
121900100,193,376,-183
121900101,126,128,-2
121900102,3,126,-123
121900103,439,294,145
121900104,1304,306,998
121900105,258,136,122
121900106,5,1,4
121900107,50,29,21
121900108,0,11,-11
121900109,260,142,118
121900110,479,642,-163
121900111,373,192,181
121900112,128,129,-1
121900113,75,380,-305
121900114,69,43,26
121900117,152,73,79
121900118,1442,501,941
121900119,149,100,49
121900120,69,938,-869
121900121,364,46,318
121900122,32,48,-16
121900123,188,277,-89
121900124,170,149,21
121900125,1396,764,632
121900127,24,72,-48
121900128,80,81,-1
121900129,518,201,317
121900130,90,163,-73
121900131,265,88,177
121900132,55,69,-14
121900133,74,929,-855
121900134,56,188,-132
121900135,2991,406,2585
121900136,304,269,35
121900137,54,291,-237
121900138,58,114,-56
121900139,324,667,-343
121900140,73,123,-50
121900141,56,40,16
121900142,137,113,24
121900143,25,103,-78
121900144,156,223,-67
121900145,163,248,-85
121900146,635,671,-36
121900147,67,170,-103
121900148,173,231,-58
121900149,224,431,-207
121900150,48,193,-145
121900151,83,243,-160
121900152,93,104,-11
121900153,85,602,-517
121900154,19,206,-187
121900155,3,149,-146
121900156,106,99,7
121900157,5,299,-294
121900158,81,85,-4
121900159,0,137,-137
121900160,9,246,-237
121900161,241,384,-143
121900162,132,173,-41
121900163,212,358,-146
121900164,375,189,186
121900165,291,141,150
121900166,146,137,9
121900167,84,97,-13
121900168,123,222,-99
121900169,2,136,-134
121900170,7,150,-143
121900171,671,520,151
121900172,429,188,241
121900173,579,174,405
121900174,47,76,-29
121900175,123,207,-84
121900176,403,1086,-683
121900177,148,46,102
121900178,38,59,-21
121900179,557,161,396
121900180,2376,3701,-1325
121900182,560,322,238
121900183,404,1103,-699
121900184,58,708,-650
121900186,6,192,-186
121900187,23,138,-115
121900188,453,288,165
121900189,28,84,-56
121900190,221,357,-136
121900191,89,273,-184
121900192,307,882,-575
121900193,48,144,-96
121900194,2,98,-96
121900195,62,82,-20
121900196,632,660,-28
121900197,233,977,-744
121900198,1034,853,181
121900199,6,22,-16
121900200,61,210,-149
121900201,712,687,25
121900202,109,480,-371
121900203,202,882,-680
121900204,746,907,-161
121900205,11,102,-91
121900206,19,33,-14
121900207,103,36,67
121900208,132,220,-88
121900209,46,55,-9
121900210,1299,884,415
121900211,433,427,6
121900212,122,115,7
121900213,231,79,152
121900214,4,394,-390
121900215,56,70,-14
121900216,36,172,-136
121900217,240,156,84
121900218,192,318,-126
121900220,99,12,87
121900221,208,431,-223
121900222,187,114,73
121900223,141,49,92
121900224,100,35,65
121900225,88,82,6
121900226,293,362,-69
121900227,327,562,-235
121900228,211,228,-17
121900230,69,269,-200
121900231,277,1724,-1447
121900232,161,288,-127
121900233,196,213,-17
121900234,263,153,110
121900235,436,123,313
121900236,422,151,271
121900237,185,219,-34
121900238,137,225,-88
121900239,173,26,147
121900240,255,116,139
121900241,74,65,9
121900242,21,1,20
121900243,9,0,9
121900244,31,0,31
121900245,169,58,111
121900246,2247,286,1961
121900248,1211,1170,41
121900250,184,285,-101
121900251,477,42,435
121900252,439,113,326
121900253,130,814,-684
121900254,379,289,90
121900255,424,107,317
121900258,3022,1780,1242
121900259,331,440,-109
121900260,78,119,-41
121900261,197,469,-272
121900262,348,763,-415
121900263,258,256,2
121900264,1418,1076,342
121900265,273,202,71
121900266,465,133,332
121900267,61,39,22
121900269,191,632,-441
121900270,43,196,-153
121900271,20,119,-99
121900273,390,1287,-897
121900274,252,193,59
121900277,367,981,-614
121900278,91,601,-510
121900279,128,157,-29
121900280,66,319,-253
121900281,275,480,-205
121900284,39,12,27
121900286,124,74,50
121900287,14,22,-8
121900288,5,1,4
121900290,188,318,-130
121900291,304,527,-223
121900292,187,134,53
121900293,815,2046,-1231
121900294,232,4,228
121900295,169,185,-16
121900296,19,120,-101
121900298,201,638,-437
121900299,0,4,-4
121900300,92,12,80
121900301,58,2,56
121900302,4,34,-30
121900303,225,332,-107
121900304,14,16,-2
121900305,3,13,-10
121900306,242,2,240
121900307,74,16,58
121900308,30,225,-195
121900309,6,184,-178
121900310,14,322,-308
121900311,412,26,386
121900312,331,13,318
121900313,351,12,339
121900314,2,31,-29
121900315,20,1,19
121900316,0,23,-23
121900317,20,2,18
121900318,5,23,-18
121900319,56,146,-90
121900320,43,49,-6
121900321,20,2,18
121900322,4,17,-13
121900323,21,11,10
121900324,3,31,-28
121900325,21,2,19
121900326,6,27,-21
121900327,10,43,-33
121900328,0,17,-17
121900329,2,129,-127
121900330,0,26,-26
121900331,38,65,-27
121900332,65,26,39
121900333,22,2,20
121900334,65,65,0
122000001,1775,3977,-2202
122000002,3064,1228,1836
122000003,1548,2585,-1037
122000004,2269,1221,1048
122000005,2163,1665,498
122000006,1224,941,283
122000007,813,1475,-662
122000008,2237,3451,-1214
122000009,400,449,-49
122000010,1743,2408,-665
122000011,2733,1376,1357
122000012,878,1597,-719
122000013,838,794,44
122000014,1478,974,504
122000015,1111,883,228
122000016,444,715,-271
122000017,1072,890,182
122000018,1223,1201,22
122000019,728,940,-212
122000020,168,226,-58
122000021,201,328,-127
122000022,992,860,132
122000023,688,1376,-688
122000024,629,1230,-601
122000025,693,1629,-936
122000026,770,1199,-429
122000027,544,1509,-965
122000028,849,430,419
122000029,390,437,-47
122000030,197,119,78
122000031,147,239,-92
122000032,1547,1527,20
122000033,537,1180,-643
122000034,525,530,-5
122000035,229,569,-340
122000036,507,428,79
122000037,397,209,188
122000038,219,340,-121
122000039,470,411,59
122000040,205,225,-20
122000041,465,528,-63
122000042,315,435,-120
122000043,110,100,10
122000044,88,158,-70
122000045,1091,438,653
122000046,662,612,50
122000047,173,197,-24
122000048,2789,3497,-708
122000049,4471,3017,1454
122000050,1048,804,244
122000051,208,299,-91
122000052,414,445,-31
122000053,186,815,-629
122000054,1922,1663,259
122000055,1850,3015,-1165
122000056,3261,2742,519
122000057,2722,3111,-389
122000058,1825,1388,437
122000059,2026,1910,116
122000060,488,770,-282
122000061,358,539,-181
122000062,634,268,366
122000063,739,691,48
122000064,2505,2608,-103
122000065,2701,1978,723
122000066,346,446,-100
122000067,1133,1110,23
122000068,1112,841,271
122000069,793,798,-5
122000070,713,1053,-340
122000071,1759,993,766
122000072,354,439,-85
122000073,312,798,-486
122000074,2374,1394,980
122000075,708,1118,-410
122000076,2622,1039,1583
122000077,796,924,-128
122000078,1313,2666,-1353
122000079,714,1260,-546
122000080,593,381,212
122000081,151,226,-75
122000082,467,893,-426
122000083,1336,1389,-53
122000084,1370,675,695
122000085,215,731,-516
122000086,2094,4170,-2076
122000087,319,188,131
122000088,221,372,-151
122000089,3942,2144,1798
122000090,176,432,-256
122000091,94,108,-14
122000092,77,40,37
122000093,1338,1823,-485
122000094,4169,2438,1731
122000095,1631,3254,-1623
122000096,1368,1330,38
122000098,2432,2192,240
122000099,1345,803,542
122000100,756,562,194
122000101,331,580,-249
122000102,1820,977,843
122000103,1602,1471,131
122000104,475,180,295
122000105,559,267,292
122000106,424,643,-219
122000107,910,389,521
122000108,364,645,-281
122000109,491,289,202
122000110,420,447,-27
122000111,2214,1079,1135
122000112,936,1155,-219
122000113,617,614,3
122000114,2243,1421,822
122000115,1628,1057,571
122000116,571,488,83
122000117,1985,473,1512
122000118,690,835,-145
122000119,3891,3081,810
122000120,2390,5134,-2744
122000121,2661,3198,-537
122000122,673,1423,-750
122000123,1686,1681,5
122000124,999,610,389
122000125,686,684,2
122000126,534,973,-439
122000127,894,1151,-257
122000128,449,648,-199
122000129,464,1214,-750
122000130,3214,1591,1623
122000131,1706,1544,162
122000132,693,649,44
122000133,884,1071,-187
122000134,976,749,227
122000135,615,695,-80
122000136,836,600,236
122000137,1575,733,842
122000139,930,3013,-2083
122000140,620,525,95
122000141,3221,934,2287
122000142,251,853,-602
122000143,466,794,-328
122000144,1439,1655,-216
122000145,1115,874,241
122000146,867,1549,-682
122000147,711,627,84
122000148,1252,1788,-536
122000149,1926,1584,342
122000150,1064,1103,-39
122000151,188,433,-245
122000152,433,442,-9
122000153,455,344,111
122000154,270,260,10
122000155,1324,2331,-1007
122000156,2127,2381,-254
122000157,1005,2063,-1058
122000158,407,859,-452
122000159,818,2056,-1238
122000160,4249,3122,1127
122000161,1440,1418,22
122000162,1973,1817,156
122000163,240,95,145
122000164,51,98,-47
122000165,616,581,35
122000166,680,1065,-385
122000167,249,239,10
122000168,181,526,-345
122000169,297,155,142
122000170,293,223,70
122000171,46,90,-44
122000172,1495,1072,423
122000173,1210,1801,-591
122000174,1843,864,979
122000175,797,274,523
122000176,332,699,-367
122000177,1183,1352,-169
122000178,2515,1953,562
122000179,1432,1937,-505
122000180,1413,1183,230
122000181,1392,2488,-1096
122000182,1645,1245,400
122000183,1711,970,741
122000184,2804,2202,602
122000185,1297,1806,-509
122000186,389,698,-309
122000187,1616,1010,606
122000188,438,186,252
122000189,260,256,4
122000190,654,1056,-402
122000191,742,549,193
122000192,865,320,545
122000193,358,653,-295
122000194,443,194,249
122000195,182,451,-269
122000196,1055,614,441
122000197,466,675,-209
122000198,423,778,-355
122000199,296,332,-36
122000200,812,490,322
122000201,1048,1423,-375
122000202,1105,1310,-205
122000203,2660,1561,1099
122000204,1400,1793,-393
122000205,1141,1164,-23
122000206,2343,1066,1277
122000207,1384,1641,-257
122000208,1743,1363,380
122000209,1364,306,1058
122000210,2132,1490,642
122000211,1244,1277,-33
122000212,776,508,268
122000213,847,1221,-374
122000214,1723,1552,171
122000215,1861,1421,440
122000217,1537,1262,275
122000218,659,60,599
122000219,990,758,232
122000220,359,695,-336
122000221,56,388,-332
122000222,562,137,425
122000223,1217,545,672
122000225,617,304,313
122000226,1521,1553,-32
122000227,281,2141,-1860
122000228,376,355,21
122000229,130,523,-393
122000230,62,425,-363
122000231,240,641,-401
122000232,437,756,-319
122000233,1,78,-77
122000234,396,44,352
122000235,400,135,265
122000236,1237,81,1156
122000237,83,57,26
122000238,275,289,-14
122000239,528,134,394
122000240,1069,486,583
122000241,1532,421,1111
122000242,682,165,517
122000243,297,68,229
122000244,94,370,-276
122000245,94,271,-177
122000246,464,169,295
122000247,528,613,-85
122000248,1001,1456,-455
122000249,1313,793,520
122000250,2307,1084,1223
122000251,196,419,-223
122000252,449,97,352
122000253,47,206,-159
122000254,274,72,202
122000255,588,1253,-665
122000256,254,645,-391
122000257,149,240,-91
122000258,283,184,99
122000259,33,315,-282
122000260,12,49,-37
122000261,19,149,-130
122000262,3,36,-33
122000263,375,132,243
122000264,1194,289,905
122000265,1886,802,1084
122000266,3345,623,2722
122000267,85,88,-3
122000268,174,326,-152
122000269,786,265,521
122000270,479,114,365
122000271,310,803,-493
122000272,331,769,-438
122000273,456,361,95
122000274,219,176,43
122000275,63,165,-102
122000276,795,407,388
122000277,1204,1430,-226
122000278,1684,621,1063
122000279,164,408,-244
122000280,659,557,102
122000281,601,564,37
122000282,136,366,-230
122000283,163,179,-16
122000284,146,86,60
122000285,251,74,177
122000286,41,146,-105
122000287,1049,1085,-36
122000288,542,260,282
122000291,1849,671,1178
122000293,210,227,-17
122000294,146,189,-43
122000295,1115,233,882
122000296,46,468,-422
122000297,2049,2906,-857
122000299,558,287,271
122000300,496,547,-51
122000301,6413,2682,3731
122000302,435,1344,-909
122000303,2333,987,1346
122000304,59,152,-93
122000305,994,497,497
122000306,35,430,-395
122000307,81,91,-10
122000309,40,33,7
122000310,20,90,-70
122000311,137,112,25
122000312,115,157,-42
122000313,137,86,51
122000314,126,171,-45
122000315,230,51,179
122000316,736,181,555
122000317,1389,239,1150
122000318,190,405,-215
122000319,193,333,-140
122000320,281,934,-653
122000321,86,121,-35
122000322,1777,1829,-52
122000323,970,1985,-1015
122000324,925,1103,-178
122000325,723,1743,-1020
122000326,79,69,10
122000327,604,934,-330
122000328,872,648,224
122000330,2039,812,1227
122000332,146,290,-144
122000333,10,83,-73
122000337,1038,1015,23
122000338,304,286,18
122000340,328,533,-205
122000342,1413,890,523
122000343,427,878,-451
122000344,60,11,49
122000345,18,23,-5
122000346,265,312,-47
122000348,605,517,88
122000349,88,517,-429
122000351,117,138,-21
122000352,200,160,40
122000353,99,63,36
122000355,103,361,-258
122000356,895,1030,-135
122000357,93,17,76
122000358,1,47,-46
122000359,0,19,-19
122000360,0,27,-27
122000362,5,59,-54
122000364,197,207,-10
122000365,1,36,-35
122000366,11,6,5
122000368,426,580,-154
122000370,26,46,-20
122000371,22,0,22
122000372,18,1,17
122000381,120,266,-146
122000382,75,197,-122
122000384,1912,1069,843
122000385,61,0,61
122000386,264,1061,-797
122000387,361,613,-252
122000388,1212,650,562
122000389,126,576,-450
122000390,292,246,46
122000391,295,206,89
122000392,174,202,-28
122000393,49,112,-63
122000394,549,238,311
122000395,114,146,-32
122000396,227,103,124
122000397,33,44,-11
122000398,11,44,-33
122000399,211,76,135
122000400,88,518,-430
122000401,112,68,44
122000402,298,123,175
122000403,376,536,-160
122000404,147,145,2
122000408,643,927,-284
122000503,11,98,-87
122000524,274,140,134
122000544,73,1680,-1607
122000614,392,297,95
122000616,179,1,178
122000640,130,139,-9
122000641,191,227,-36
122000642,957,663,294
122000643,54,142,-88
122000644,117,44,73
122000645,99,165,-66
122000651,918,920,-2
122000664,127,46,81
122000665,1074,536,538
122000666,683,1019,-336
122000673,24,146,-122
122000674,129,82,47
122000675,1513,620,893
122000686,864,778,86
122000687,1609,312,1297
122000688,231,496,-265
122000689,835,320,515
122000690,1952,321,1631
122000691,711,1035,-324
122000692,1122,341,781
122000693,363,1217,-854
122000695,299,265,34
122000696,391,193,198
122000698,350,500,-150
122000699,149,40,109
122000701,1247,285,962
122000702,420,845,-425
122000703,166,58,108
122000712,0,1,-1
122000717,76,53,23
122000718,627,1605,-978
122000719,100,70,30
122000720,558,169,389
122000724,217,259,-42
122900001,37,3,34
122900002,815,3875,-3060
122900003,298,38,260
122900004,1304,53,1251
122900005,100,99,1
122900006,393,734,-341
122900007,157,50,107
122900008,286,212,74
122900009,605,435,170
122900010,224,95,129
122900012,230,395,-165
122900014,125,171,-46
122900015,963,974,-11
122900016,84,179,-95
122900017,340,710,-370
122900018,168,17,151
122900019,9,111,-102
122900020,140,287,-147
122900021,58,320,-262
122900022,859,635,224
122900023,305,110,195
122900024,99,93,6
122900025,14,250,-236
122900026,51,209,-158
122900027,48,500,-452
122900028,86,119,-33
122900029,3143,2115,1028
122900030,719,420,299
122900031,40,241,-201
122900032,128,273,-145
122900033,173,152,21
122900034,3092,3493,-401
122900035,68,60,8
122900036,54,70,-16
122900037,307,148,159
122900038,71,2135,-2064
122900039,98,490,-392
122900040,192,420,-228
122900041,171,318,-147
122900042,123,231,-108
122900043,245,204,41
122900044,118,264,-146
122900045,93,90,3
122900046,112,366,-254
122900047,115,196,-81
122900048,57,182,-125
122900049,1210,90,1120
122900051,102,126,-24
122900052,112,109,3
122900053,32,22,10
122900055,240,101,139
122900057,207,71,136
122900061,342,171,171
122900062,442,499,-57
122900063,122,173,-51
122900064,606,276,330
122900065,445,207,238
122900066,572,274,298
122900067,816,488,328
122900069,331,892,-561
122900070,325,50,275
122900071,118,260,-142
122900073,33,160,-127
122900074,647,391,256
122900075,1,52,-51
122900076,1,182,-181
122900077,11,102,-91
122900078,192,44,148
122900080,41,37,4
122900081,146,182,-36
122900082,856,212,644
122900083,114,167,-53
122900084,9,157,-148
122900086,19,54,-35
122900087,273,432,-159
122900088,33,196,-163
122900089,15,170,-155
122900090,8,295,-287
122900091,302,1,301
122900092,0,144,-144
122900093,0,155,-155
122900094,3,156,-153
122900095,162,13,149
122900096,471,310,161
122900097,21,41,-20
122900098,54,96,-42
122900099,69,13,56
122900100,123,304,-181
122900101,459,299,160
122900102,14,27,-13
122900103,147,12,135
122900104,266,6,260
122900105,32,7,25
122900106,5,67,-62
122900107,5,119,-114
122900108,6,144,-138
122900109,200,100,100
123000001,886,396,490
123000002,2296,3879,-1583
123000003,3313,3490,-177
123000004,2423,3254,-831
123000005,2353,2428,-75
123000006,1701,1827,-126
123000007,3814,2383,1431
123000008,2745,2513,232
123000009,3582,2289,1293
123000010,2547,2724,-177
123000011,1726,668,1058
123000012,631,1641,-1010
123000013,2837,718,2119
123000014,734,2462,-1728
123000015,2023,738,1285
123000016,2895,2694,201
123000017,3294,1737,1557
123000018,113,72,41
123000019,372,167,205
123000020,212,43,169
123000021,135,143,-8
123000022,396,1334,-938
123000023,1594,1625,-31
123000024,1498,683,815
123000025,249,89,160
123000026,71,96,-25
123000027,107,556,-449
123000028,963,1614,-651
123000029,629,1540,-911
123000030,249,200,49
123000031,392,206,186
123000032,510,127,383
123000033,186,60,126
123000034,957,699,258
123000035,350,335,15
123000036,256,714,-458
123000037,220,228,-8
123000038,51,240,-189
123000039,418,1323,-905
123000040,667,288,379
123000041,925,1015,-90
123000042,661,616,45
123000043,1920,6757,-4837
123000044,3380,2139,1241
123000045,3930,2266,1664
123000046,534,1153,-619
123000047,1274,951,323
123000048,54,705,-651
123000049,4592,7699,-3107
123000050,1356,1339,17
123000051,131,167,-36
123000052,725,2822,-2097
123000053,2357,2764,-407
123000054,1426,1277,149
123000055,1207,2075,-868
123000056,1007,1387,-380
123000057,7280,5429,1851
123000058,648,896,-248
123000059,367,459,-92
123000060,908,349,559
123000061,275,619,-344
123000063,829,740,89
123000064,916,284,632
123000065,3852,2118,1734
123000066,640,521,119
123000067,1047,619,428
123000068,2247,2261,-14
123000069,4884,2398,2486
123000070,233,578,-345
123000071,1044,735,309
123000072,905,734,171
123000073,1332,673,659
123000074,1038,909,129
123000075,387,1067,-680
123000076,789,617,172
123000077,1965,1864,101
123000078,1663,1431,232
123000079,1528,1445,83
123000080,1954,1264,690
123000081,164,268,-104
123000082,392,1030,-638
123000083,877,287,590
123000084,636,428,208
123000085,324,71,253
123000086,553,154,399
123000087,314,208,106
123000088,1117,575,542
123000089,582,967,-385
123000090,991,782,209
123000091,1260,1118,142
123000092,984,982,2
123000094,486,221,265
123000095,460,568,-108
123000096,698,284,414
123000097,582,575,7
123000098,722,473,249
123000099,566,576,-10
123000100,369,646,-277
123000101,432,526,-94
123000102,539,631,-92
123000104,374,393,-19
123000105,392,455,-63
123000106,470,418,52
123000107,318,511,-193
123000108,650,1139,-489
123000111,852,285,567
123000112,1170,445,725
123000113,317,674,-357
123000114,353,597,-244
123000115,292,324,-32
123000116,45,133,-88
123000117,1248,1326,-78
123000118,418,650,-232
123000119,198,704,-506
123000120,399,661,-262
123000121,515,417,98
123000122,329,231,98
123000123,424,473,-49
123000124,411,378,33
123000125,950,979,-29
123000126,1211,4840,-3629
123000127,649,607,42
123000128,273,223,50
123000129,702,212,490
123000130,567,88,479
123000131,783,691,92
123000132,368,503,-135
123000133,256,361,-105
123000134,331,153,178
123000135,1651,770,881
123000136,169,518,-349
123000137,107,207,-100
123000138,121,294,-173
123000139,581,89,492
123000140,99,493,-394
123000141,701,97,604
123000142,951,922,29
123000143,901,1527,-626
123000144,37,27,10
123000145,169,96,73
123000146,22,88,-66
123000147,63,123,-60
123000149,332,342,-10
123000150,152,251,-99
123000151,218,430,-212
123000152,62,337,-275
123000153,243,580,-337
123000154,1273,1664,-391
123000155,1667,1030,637
123000156,39,95,-56
123000157,595,671,-76
123000158,563,786,-223
123000159,2697,2283,414
123000160,1172,878,294
123000161,1309,923,386
123000162,987,1348,-361
123000163,498,103,395
123000164,1293,309,984
123000165,389,1088,-699
123000166,37,108,-71
123000167,186,243,-57
123000168,229,189,40
123000169,691,150,541
123000170,132,107,25
123000171,689,17,672
123000172,155,366,-211
123000173,501,250,251
123000174,915,339,576
123000175,495,868,-373
123000176,979,205,774
123000177,236,684,-448
123000178,750,168,582
123000179,46,397,-351
123000180,914,383,531
123000181,143,658,-515
123000183,172,577,-405
123000184,89,320,-231
123000186,5,397,-392
123000187,447,11,436
123000188,229,0,229
123000189,200,157,43
123000190,117,84,33
123000192,12,366,-354
123000193,67,612,-545
123000194,369,341,28
123000195,292,40,252
123000196,340,30,310
123000197,78,120,-42
123000198,24,404,-380
123000199,8,550,-542
123000200,542,12,530
123000201,1062,20,1042
123000202,12,739,-727
123000203,889,90,799
123000204,78,785,-707
123000205,425,1108,-683
123000206,2073,267,1806
123000207,69,635,-566
123000208,433,183,250
123000209,1977,600,1377
123000210,476,1299,-823
123000211,537,1672,-1135
123000212,2542,456,2086
123000213,635,87,548
123000215,102,144,-42
123000216,107,421,-314
123000217,209,31,178
123000218,33,455,-422
123000219,538,49,489
123000220,499,95,404
123000221,242,103,139
123000222,308,210,98
123000223,262,209,53
123000224,353,324,29
123000225,277,64,213
123000226,86,226,-140
123000227,91,221,-130
123000228,221,61,160
123000229,745,1063,-318
123000232,148,425,-277
123000233,746,151,595
123000234,103,535,-432
123000235,1028,207,821
123000236,208,589,-381
123000237,304,72,232
123000238,61,352,-291
123000239,427,857,-430
123000240,51,418,-367
123000241,365,60,305
123000242,92,129,-37
123000243,584,635,-51
123000244,704,555,149
123000245,34,142,-108
123000249,239,378,-139
123000252,787,236,551
123000253,1058,481,577
123000254,546,742,-196
123000255,947,794,153
123000256,26,170,-144
123000257,1699,1240,459
123000258,915,956,-41
123000259,276,321,-45
123000260,386,314,72
123000261,188,78,110
123000262,97,136,-39
123000263,392,75,317
123000264,187,67,120
123000265,29,138,-109
123000266,555,558,-3
123000267,523,315,208
123000268,50,73,-23
123000269,56,72,-16
123000270,49,45,4
123000271,58,57,1
123000272,702,293,409
123000273,282,514,-232
123000274,1032,519,513
123000275,245,697,-452
123000278,1984,2116,-132
123000279,109,115,-6
123000280,331,300,31
123000281,235,85,150
123000282,120,285,-165
123000283,138,56,82
123000284,60,57,3
123000286,222,351,-129
123000287,493,248,245
123000288,1338,822,516
123000289,377,977,-600
123000291,221,720,-499
123000294,232,255,-23
123000295,756,668,88
123000296,519,356,163
123000297,661,406,255
123000298,616,362,254
123000299,61,189,-128
123000300,1030,936,94
123000301,125,194,-69
123000302,116,163,-47
123000303,102,273,-171
123000305,738,724,14
123000306,120,105,15
123000309,47,50,-3
123000310,41,36,5
123000311,0,85,-85
123000312,634,743,-109
123000313,1061,410,651
123000315,307,259,48
123000316,664,299,365
123000317,185,86,99
123000318,51,179,-128
123000329,10,9,1
123000337,639,240,399
123000338,252,66,186
123000339,229,85,144
123000340,122,313,-191
123000342,10,98,-88
123000343,34,3,31
123000344,980,450,530
123000345,356,586,-230
123000346,415,43,372
123000352,929,715,214
123000353,52,98,-46
123000354,170,2,168
123000355,1,226,-225
123000356,308,3,305
123000357,4,92,-88
123000359,4,129,-125
123000360,145,67,78
123000361,182,234,-52
123000362,323,92,231
123000363,94,125,-31
123000364,470,441,29
123000365,20,292,-272
123000366,410,1641,-1231
123000367,585,833,-248
123000370,24,250,-226
123000371,531,23,508
123000372,265,9,256
123000373,10,291,-281
123000374,17,140,-123
123000375,349,27,322
123000376,918,594,324
123000377,284,11,273
123000378,9,154,-145
123000379,6,153,-147
123000380,61,298,-237
123000381,111,86,25
123000382,736,111,625
123000383,121,1008,-887
123000384,377,100,277
123000385,123,393,-270
123000436,23,439,-416
123000507,80,168,-88
123000508,195,750,-555
123000517,261,25,236
123000518,22,235,-213
123000519,137,76,61
123000520,39,196,-157
123000521,327,67,260
123000522,127,292,-165
123000541,13,7,6
123000542,0,6,-6
123000565,861,46,815
123000566,325,464,-139
123000567,103,155,-52
123000573,38,574,-536
123000574,549,65,484
123000575,1120,789,331
123000576,639,877,-238
123000577,47,463,-416
123000578,428,74,354
123000579,1491,3922,-2431
123000580,138,40,98
123000582,319,30,289
123000583,20,192,-172
123000584,143,252,-109
123000585,0,83,-83
123000586,49,0,49
123000596,107,76,31
123000597,55,91,-36
123000602,72,15,57
123000603,746,393,353
123000604,515,505,10
123000605,693,76,617
123000606,0,279,-279
123000609,13,234,-221
123000610,164,117,47
123000613,48,203,-155
123000614,216,47,169
123000615,52,127,-75
123000616,604,60,544
123000617,122,284,-162
123000618,110,460,-350
123000619,436,54,382
123000620,14,308,-294
123000622,346,20,326
123000624,158,51,107
123000630,1162,223,939
123000631,252,775,-523
123000632,771,771,0
123000633,14,272,-258
123000634,65,120,-55
123000635,115,96,19
123000636,140,635,-495
123000637,147,23,124
123000638,432,13,419
123000639,705,3558,-2853
123000640,15,453,-438
123000648,465,108,357
123000649,43,336,-293
123000650,495,203,292
123000651,67,341,-274
123900001,886,62,824
123900002,39,883,-844
123900003,168,292,-124
123900005,178,167,11
123900006,250,47,203
124000001,1569,130,1439
124000002,72,1088,-1016
124000003,777,133,644
124000004,70,328,-258
124000005,889,444,445
124000006,191,753,-562
124000007,375,73,302
124000008,6,332,-326
124000009,628,157,471
124000010,155,306,-151
124000011,703,217,486
124000012,211,354,-143
124000017,218,126,92
124000018,120,72,48
124000019,156,118,38
124000020,39,193,-154
124000021,162,103,59
124000022,124,161,-37
124000023,971,1137,-166
124000024,756,443,313
124000025,847,1345,-498
124000026,827,766,61
124000027,3502,3910,-408
124000028,1600,2987,-1387
124000030,1291,590,701
124000031,1295,2380,-1085
124000032,1609,730,879
124000033,912,440,472
124000034,526,855,-329
124000035,351,184,167
124000036,130,417,-287
124000037,374,1135,-761
124000038,20,85,-65
124000039,749,495,254
124000040,399,1059,-660
124000041,335,66,269
124000042,80,381,-301
124000043,91,70,21
124000044,72,180,-108
124000045,701,449,252
124000046,343,525,-182
124000047,1500,752,748
124000048,877,903,-26
124000049,1554,584,970
124000050,787,1191,-404
124000051,966,431,535
124000052,663,652,11
124000053,505,1372,-867
124000054,732,372,360
124000055,1230,2275,-1045
124000056,1789,997,792
124000057,935,413,522
124000058,408,877,-469
124000059,681,1072,-391
124000060,801,491,310
124000061,1356,5064,-3708
124000062,2620,1319,1301
124000063,1096,1167,-71
124000064,1641,1048,593
124000065,49,214,-165
124000066,282,74,208
124000067,189,96,93
124000068,65,166,-101
124000069,651,146,505
124000070,223,377,-154
124000071,803,104,699
124000072,174,269,-95
124000073,814,150,664
124000074,191,514,-323
124000075,313,27,286
124000076,9,140,-131
124000077,1197,884,313
124000078,1763,1444,319
124000079,313,1336,-1023
124000080,446,153,293
124000081,210,377,-167
124000082,120,130,-10
124000083,114,100,14
124000084,44,439,-395
124000085,49,50,-1
124000086,29,87,-58
124000087,146,82,64
124000088,154,391,-237
124000089,696,253,443
124000090,164,283,-119
124000091,547,130,417
124000092,171,544,-373
124000093,125,98,27
124000094,133,399,-266
124000095,105,98,7
124000096,166,192,-26
124000097,132,175,-43
124000098,57,146,-89
124000099,227,85,142
124000100,64,91,-27
124000101,85,110,-25
124000102,96,54,42
124000103,114,98,16
124000104,90,41,49
124000105,84,89,-5
124000106,122,43,79
124000107,17,201,-184
124000108,54,24,30
124000109,113,111,2
124000110,159,96,63
124000111,225,148,77
124000112,551,471,80
124000113,112,123,-11
124000114,266,358,-92
124000115,387,571,-184
124000116,118,203,-85
124000117,90,70,20
124000118,44,94,-50
124000119,784,382,402
124000120,456,389,67
124000121,1157,561,596
124000122,523,1138,-615
124000123,698,411,287
124000124,365,843,-478
124000125,394,482,-88
124000126,298,506,-208
124000127,820,357,463
124000128,505,741,-236
124000129,1680,1353,327
124000130,787,517,270
124000131,694,588,106
124000132,733,645,88
124000133,774,635,139
124000134,753,493,260
124000135,1297,1383,-86
124000136,691,738,-47
124000137,920,703,217
124000138,894,973,-79
124000139,757,76,681
124000140,74,396,-322
124000141,778,28,750
124000142,38,389,-351
124000143,136,12,124
124000144,11,112,-101
124000145,220,46,174
124000146,45,78,-33
124000148,9,118,-109
124000149,952,384,568
124000150,281,602,-321
124000151,823,373,450
124000152,786,1033,-247
124000153,730,626,104
124000154,424,601,-177
124000155,1320,841,479
124000156,1239,915,324
124000169,158,347,-189
124000170,460,384,76
124000171,257,206,51
124000172,294,410,-116
124000173,421,180,241
124000174,366,466,-100
124000175,6,94,-88
124000176,35,25,10
124000177,15,27,-12
124000178,65,55,10
124000185,58,11,47
124000186,4,49,-45
124000187,10,33,-23
124000188,48,7,41
124000190,50,45,5
124000191,87,222,-135
124000192,939,270,669
124000193,255,661,-406
124000194,417,338,79
124000195,278,586,-308
124000196,792,708,84
124000197,54,39,15
124000198,53,45,8
124000201,237,579,-342
124000202,425,53,372
124000203,399,357,42
124000204,695,155,540
124000205,96,315,-219
124000206,590,66,524
124000207,0,34,-34
124000209,187,244,-57
124000210,488,160,328
124000211,639,1,638
124000212,1,210,-209
124000213,402,195,207
124000214,386,505,-119
124000215,286,21,265
124000216,0,275,-275
124000329,6,517,-511
124000338,200,835,-635
124000339,953,103,850
124000341,1400,73,1327
124000344,64,28,36
124000357,770,1828,-1058
124000358,755,1112,-357
124000359,954,600,354
124000360,722,371,351
124000361,1180,634,546
124000362,891,1080,-189
124000363,236,256,-20
124000364,413,555,-142
124000365,421,782,-361
124000366,1071,582,489
124000367,105,351,-246
124000368,334,398,-64
124000369,107,56,51
124000370,64,327,-263
124000402,19,11,8
124000403,136,16,120
124000404,12,83,-71
124000405,888,745,143
124000406,716,659,57
124000407,5,33,-28
124000411,11,272,-261
124000412,453,13,440
124000413,124,22,102
124000414,81,99,-18
124000415,81,100,-19
124000416,146,192,-46
124000417,152,94,58
124000418,210,77,133
124000419,95,94,1
124000420,81,69,12
124000421,47,142,-95
124000422,48,12,36
124000423,127,33,94
124000424,9,87,-78
124000425,236,6,230
124000426,9,152,-143
124000427,246,23,223
124000428,10,51,-41
124000429,57,34,23
124000430,394,192,202
124000431,242,330,-88
124000432,211,504,-293
124000439,4,10,-6
124000443,0,4,-4
124000445,229,1106,-877
124000446,977,340,637
124000447,35,158,-123
124000448,59,9,50
124000449,169,8,161
124000450,34,125,-91
124000451,7,75,-68
124900001,615,353,262
124900002,131,215,-84
124900003,1125,503,622
124900004,683,250,433
124900005,229,92,137
124900006,664,312,352
124900008,805,510,295
124900009,167,288,-121
124900010,189,131,58
124900011,471,310,161
124900012,348,96,252
124900013,502,104,398
124900014,340,52,288
124900015,102,296,-194
124900016,73,76,-3
124900017,451,1223,-772
124900018,62,9,53
124900020,87,65,22
124900021,312,29,283
124900022,53,13,40
124900024,265,12,253
124900026,136,33,103
124900027,121,341,-220
124900028,318,67,251
124900029,14,434,-420
124900030,8,66,-58
124900031,26,194,-168
124900032,115,226,-111
124900033,91,215,-124
124900034,5,92,-87
124900035,148,265,-117
124900036,1,42,-41
124900037,200,188,12
124900039,6,71,-65
124900040,116,38,78
124900042,67,2,65
124900043,510,842,-332
124900044,80,8,72
124900045,514,848,-334
124900047,515,356,159
124900048,241,85,156
124900050,155,163,-8
124900052,63,255,-192
124900053,334,353,-19
124900054,701,372,329
124900055,16,276,-260
124900057,8,46,-38
124900060,480,481,-1
124900061,97,5,92
124900062,141,25,116
124900066,1,165,-164
124900067,3,123,-120
124900068,217,442,-225
124900070,46,33,13
124900072,118,27,91
124900075,258,153,105
124900076,31,1215,-1184
124900077,22,98,-76
124900078,63,12,51
124900079,348,136,212
124900080,362,546,-184
124900081,1094,293,801
124900082,528,1094,-566
124900083,457,768,-311
124900085,1683,1015,668
124900086,53,1066,-1013
124900087,1103,118,985
124900088,782,220,562
124900089,980,23,957
124900090,255,187,68
124900091,222,236,-14
124900092,165,173,-8
124900093,319,132,187
124900094,377,189,188
124900095,85,399,-314
124900096,392,237,155
124900097,373,54,319
124900098,153,257,-104
124900099,433,402,31
124900100,310,50,260
124900101,120,391,-271
124900102,235,15,220
124900103,164,172,-8
124900104,78,100,-22
124900105,171,92,79
124900106,318,49,269
124900107,100,7,93
124900108,142,79,63
124900111,1,98,-97
124900112,185,545,-360
124900113,84,334,-250
124900114,135,214,-79
124900115,66,27,39
124900116,184,190,-6
124900117,281,154,127
124900118,101,401,-300
124900119,365,205,160
124900120,39,273,-234
124900121,94,423,-329
124900122,284,222,62
124900123,239,164,75
124900124,128,301,-173
204000001,122,6,116
204000002,23,8,15
204000003,18,4,14
204000004,6,2,4
204000005,647,544,103
204000006,1073,1049,24
204000011,8,32,-24
204000012,45,91,-46
204000019,514,414,100
204000020,603,474,129
204000021,1104,625,479
204000022,471,416,55
204000023,611,544,67
204000031,85,18,67
204000032,341,27,314
204000034,41,126,-85
204000035,0,3,-3
204000036,5,15,-10
204000037,1,21,-20
204000038,3,11,-8
204000039,3,22,-19
204000040,3,14,-11
204000041,2,9,-7
204000042,17,9,8
204000043,29,4,25
204000044,25,0,25
204000045,41,2,39
204000046,14,1,13
204000057,7,7,0
204000062,19,57,-38
204000068,36,240,-204
204000069,65,307,-242
204000070,71,83,-12
204000080,54,58,-4
204000085,1708,1180,528
204000086,1928,1290,638
204000087,41,10,31
204000088,6,86,-80
204000090,92,215,-123
204000093,363,82,281
204000096,788,910,-122
204000097,307,36,271
204000099,850,1337,-487
204000100,1160,1539,-379
204000105,1833,1072,761
204000110,421,719,-298
204000111,432,385,47
204000112,447,417,30
204000113,340,518,-178
204000114,554,515,39
204000115,470,304,166
204000116,419,461,-42
204000119,1777,2370,-593
204000132,747,326,421
204000133,851,192,659
204000134,184,82,102
204000135,547,57,490
204000136,659,165,494
204000138,406,372,34
204000140,287,157,130
204000141,170,79,91
204000144,3,17,-14
204000145,423,30,393
204000146,19,247,-228
204000147,27,143,-116
204000148,322,38,284
204000154,8,1,7
204000155,2,5,-3
204000177,77,45,32
204000179,41,10,31
204000180,1,37,-36
204000222,1,3,-2
204000235,17,12,5
204000236,70,247,-177
204000238,31,18,13
204000240,302,72,230
204000263,580,813,-233
204000268,907,634,273
204000308,106,26,80
204000317,13,73,-60
204000322,6,39,-33
204000323,19,7,12
204000328,204,86,118
204000329,74,192,-118
204000330,191,50,141
204000331,77,125,-48
205000001,626,1343,-717
205000013,4,49,-45
205000014,10,70,-60
205000015,18,135,-117
205000016,21,112,-91
205000017,20,50,-30
205000022,290,703,-413
205000025,1047,925,122
205000029,201,8,193
205000045,130,460,-330
205000046,124,466,-342
205000047,54,357,-303
205000048,303,742,-439
205000049,173,612,-439
205000050,574,243,331
205000059,0,144,-144
205000060,0,78,-78
205000061,4,67,-63
205000062,2,80,-78
205000063,27,111,-84
205000064,17,55,-38
205000065,46,339,-293
205000066,88,513,-425
205000067,28,581,-553
205000069,202,5,197
205000082,136,122,14
205000110,115,235,-120
205000111,202,216,-14
205000112,140,173,-33
205000113,135,312,-177
205000121,186,30,156
205000123,28,186,-158
205000126,446,78,368
205000127,752,100,652
205000128,387,56,331
205000129,573,45,528
205000130,118,14,104
205000131,67,6,61
205000132,99,1,98
205000133,59,1,58
205000134,256,1,255
205000137,55,116,-61
205000138,128,255,-127
205000139,22,97,-75
205000144,67,85,-18
205000145,265,131,134
205000151,116,22,94
205000152,198,9,189
205000153,199,23,176
205000154,65,30,35
205000155,91,10,81
205000207,11,126,-115
205000233,21,0,21
205000234,0,2,-2
205000243,0,1,-1
205000244,0,3,-3
205000245,5,122,-117
205000249,0,16,-16
205000250,1,1,0
205000264,3,59,-56
206000027,5,7,-2
206000028,5,3,2
206000043,1,33,-32
206000053,4,2,2
206000054,2,13,-11
206000055,1,14,-13
206000075,10,28,-18
206000076,10,17,-7
206000077,16,13,3
206000078,14,8,6
206000079,19,10,9
206000082,366,57,309
206000100,36,334,-298
206000103,2,7,-5
206000104,16,22,-6
206000105,10,7,3
206000106,5,17,-12
206000125,65,0,65
206000157,49,373,-324
206000170,1,92,-91
206000171,4,125,-121
206000172,10,207,-197
206000173,2,120,-118
206000174,6,46,-40
206000175,1,65,-64
206000176,15,95,-80
206000177,0,85,-85
206000178,3,148,-145
206000179,2,72,-70
206000180,6,118,-112
206000181,8,78,-70
206000182,2,89,-87
206000183,8,247,-239
206000184,6,204,-198
206000185,7,82,-75
206000186,73,501,-428
206000223,7,166,-159
206000226,11,1,10
206000227,9,6,3
206000237,28,188,-160
206000238,15,308,-293
206000239,199,1181,-982
206000240,0,56,-56
206000241,0,52,-52
206000242,12,137,-125
206000243,1,112,-111
206000244,44,324,-280
206000245,651,42,609
206000246,205,14,191
206000247,232,8,224
206000248,328,16,312
206000252,36,42,-6
206000258,11,54,-43
206000315,54,9,45
206000317,449,107,342
206000318,483,71,412
206000319,1312,129,1183
206000320,173,37,136
206000321,185,9,176
206000322,477,10,467
206000323,146,15,131
206000324,162,4,158
206000325,194,13,181
206000326,186,15,171
206000327,132,14,118
206000328,145,6,139
206000329,247,4,243
206000330,37,9,28
206000331,213,5,208
206000332,43,5,38
206000333,535,3,532
206000334,254,10,244
206000335,0,17,-17
206000361,0,97,-97
206000392,0,8,-8
206000405,128,0,128
206000441,29,20,9
206000498,24,1,23
206000515,52,27,25
206000530,286,81,205
206000531,204,179,25
206000532,1316,244,1072
206000535,135,1155,-1020
206000536,18,108,-90
206000537,7,119,-112
206000613,1278,252,1026
206000784,340,15,325
207000001,121,456,-335
207000002,126,273,-147
207000003,118,129,-11
207000007,1028,304,724
207000008,123,7,116
207000009,60,66,-6
207000010,348,272,76
207000012,320,261,59
207000015,187,754,-567
207000019,197,63,134
207000021,420,163,257
207000022,135,106,29
207000023,198,39,159
207000024,3,16,-13
207000025,22,60,-38
207000026,71,37,34
207000027,45,75,-30
207000028,38,122,-84
207000029,182,307,-125
207000033,170,306,-136
207000034,202,76,126
207000039,411,111,300
207000040,416,70,346
207000041,83,31,52
207000042,139,43,96
207000043,183,132,51
207000051,105,130,-25
207000052,30,76,-46
207000053,347,383,-36
207000054,46,80,-34
207000055,193,88,105
207000056,254,261,-7
207000057,98,189,-91
207000058,168,180,-12
207000059,102,330,-228
207000060,37,131,-94
207000061,167,468,-301
207000062,314,37,277
207000063,320,151,169
207000064,301,126,175
207000065,314,230,84
207000066,277,154,123
207000067,51,70,-19
207000068,148,37,111
207000069,566,289,277
207000082,6,161,-155
207000083,60,168,-108
207000084,216,240,-24
207000085,200,27,173
207000086,189,4,185
207000106,74,44,30
207000107,68,18,50
207000108,90,4,86
207000109,89,21,68
207000110,56,51,5
207000111,86,67,19
207000112,113,611,-498
207000114,15,35,-20
207000115,30,63,-33
207000116,31,338,-307
207000117,5,55,-50
207000118,1,54,-53
207000119,39,30,9
207000123,163,30,133
207000124,79,32,47
207000125,48,52,-4
207000126,51,55,-4
207000134,89,139,-50
207000135,26,116,-90
207000148,66,230,-164
207000149,66,24,42
207000152,105,309,-204
207000153,572,958,-386
207000154,280,124,156
207000159,134,100,34
207000160,134,254,-120
207000238,0,174,-174
207000242,5,143,-138
207000248,36,13,23
207000249,98,24,74
207000250,428,51,377
207000251,142,58,84
207000252,88,45,43
207000278,67,76,-9
207000279,31,82,-51
207000280,614,77,537
207000281,111,512,-401
207000282,102,83,19
207000283,56,179,-123
207000284,44,167,-123
207000285,79,70,9
207000291,23,72,-49
207000304,77,54,23
207000306,74,261,-187
207000310,74,70,4
207000353,235,0,235
207000356,9,15,-6
207000357,7,27,-20
207000358,6,25,-19
207000415,2,168,-166
207000417,51,6,45
207000418,90,111,-21
207000438,0,2,-2
207000439,658,572,86
207000446,118,15,103
207000460,28,14,14
207000466,151,103,48
207000467,237,100,137
207000468,69,174,-105
207000476,8,49,-41
207000477,640,42,598
207000478,0,14,-14
207000523,0,18,-18
207000524,73,1,72
207000527,157,125,32
207000530,423,16,407
207000531,387,15,372
207000532,62,35,27
207000534,261,51,210
207000535,27,273,-246
207000537,53,78,-25
207000540,6,132,-126
207000541,5,248,-243
207000548,19,169,-150
207000549,349,18,331
207000561,140,184,-44
207000562,30,133,-103
207000567,153,192,-39
207000568,246,62,184
207000569,425,453,-28
207000584,228,166,62
207000585,56,328,-272
207000587,165,29,136
207000616,0,95,-95
207000617,153,1,152
207000624,91,52,39
207000631,11,70,-59
207900008,211,92,119
208000001,474,996,-522
208000002,766,521,245
208000003,1193,391,802
208000004,1179,665,514
208000005,6,13,-7
208000019,544,816,-272
208000020,158,397,-239
208000021,239,270,-31
208000022,1104,446,658
208000028,772,887,-115
208000033,616,433,183
208000034,958,1011,-53
208000037,202,16,186
208000040,171,141,30
208000041,680,492,188
208000042,936,516,420
208000047,152,146,6
208000064,1939,1390,549
208000066,1211,2116,-905
208000070,347,294,53
208000071,322,576,-254
208000072,313,874,-561
208000080,293,346,-53
208000081,415,123,292
208000082,272,181,91
208000083,123,304,-181
208000084,10,18,-8
208000085,707,525,182
208000086,356,901,-545
208000087,334,597,-263
208000089,999,261,738
208000090,1002,420,582
208000093,134,164,-30
208000094,487,342,145
208000095,619,436,183
208000104,807,691,116
208000105,601,755,-154
208000114,86,322,-236
208000115,436,326,110
208000116,505,851,-346
208000117,117,161,-44
208000118,90,152,-62
208000155,544,940,-396
208000158,1339,3096,-1757
208000186,2922,3734,-812
208000204,671,920,-249
208000205,1207,761,446
208000282,3940,2667,1273
209000004,328,168,160
209000005,47,49,-2
209000006,315,162,153
209000007,219,255,-36
209000010,316,100,216
209000011,105,172,-67
209000012,180,115,65
209000013,166,221,-55
209000014,364,618,-254
209000025,348,43,305
209000026,561,109,452
209000027,297,423,-126
209000028,236,348,-112
209000029,355,407,-52
209000030,310,740,-430
209000031,1586,1170,416
209000034,222,253,-31
209000035,135,192,-57
209000036,271,124,147
209000037,301,205,96
209000038,168,164,4
209000039,68,144,-76
209000040,233,442,-209
209000041,153,410,-257
209000042,268,350,-82
209000043,607,820,-213
209000044,188,759,-571
209000045,1159,338,821
209000046,502,413,89
209000047,337,178,159
209000048,463,289,174
209000049,84,58,26
209000050,169,115,54
209000051,203,203,0
209000052,161,185,-24
209000062,38,59,-21
209000063,47,47,0
209000064,31,65,-34
209000065,143,23,120
209000066,100,31,69
209000067,97,44,53
209000080,24,154,-130
209000082,104,47,57
209000091,30,65,-35
209000093,39,19,20
209000094,109,152,-43
209000110,38,160,-122
209000111,431,1138,-707
209000112,840,491,349
209000113,1297,456,841
209000114,549,384,165
209000115,59,94,-35
209000116,488,265,223
209000118,16,34,-18
209000119,9,11,-2
209000121,109,321,-212
209000135,60,216,-156
209000142,491,1172,-681
209000143,43,50,-7
209000144,40,100,-60
209000229,238,118,120
209000240,32,193,-161
209000259,54,83,-29
209000260,35,609,-574
209000261,6,376,-370
209000262,1,275,-274
209000263,0,97,-97
209000264,0,100,-100
209000265,434,2,432
209000266,97,2,95
209000267,832,11,821
209000268,494,43,451
210000037,55,22,33
210000047,67,20,47
210000048,100,26,74
210000049,46,11,35
210000052,48,47,1
210000053,51,26,25
210000054,45,51,-6
210000070,134,6,128
210000071,115,1,114
210000072,43,0,43
210000073,0,16,-16
210000074,0,111,-111
210000075,2,125,-123
210000076,10,145,-135
210000077,5,37,-32
210000078,21,26,-5
210000079,17,18,-1
210000080,77,90,-13
210000081,143,19,124
210000082,101,2,99
210000083,65,2,63
210000084,59,0,59
210000085,2,49,-47
210000086,0,77,-77
210000099,37,195,-158
210000100,44,131,-87
210000101,68,136,-68
210000105,47,171,-124
210000159,1,148,-147
210000163,104,208,-104
210000164,269,181,88
210000168,141,28,113
210000187,0,14,-14
210000188,0,12,-12
210000214,14,0,14
210000219,34,72,-38
210000220,117,75,42
210000232,7,21,-14
210000233,29,57,-28
210000234,22,97,-75
210000235,31,60,-29
210000245,0,45,-45
210000246,22,1,21
210000258,18,81,-63
210000259,301,58,243
210000282,77,206,-129
210000285,3,95,-92
210000286,16,114,-98
210000290,3,5,-2
210000295,45,85,-40
210000296,41,22,19
210000320,169,58,111
210000321,121,54,67
210000338,34,40,-6
210000339,276,990,-714
210000340,118,339,-221
210000341,208,255,-47
210000342,193,161,32
210000343,185,177,8
210000344,141,98,43
210000345,140,186,-46
210000346,57,99,-42
210000347,38,49,-11
210000348,147,22,125
210000349,58,25,33
210000350,139,46,93
210000351,157,124,33
210000352,56,37,19
210000353,58,93,-35
210000354,59,53,6
210000355,43,67,-24
210000356,24,72,-48
210000357,39,58,-19
210000358,229,135,94
210000359,88,103,-15
210000360,142,140,2
210000361,163,145,18
210000362,221,157,64
210000363,743,292,451
210000364,92,134,-42
210000365,125,63,62
210000366,128,50,78
210000367,82,44,38
210000368,151,32,119
210000369,13,51,-38
210000370,31,36,-5
210000372,20,27,-7
210000373,20,12,8
210000374,40,74,-34
210000375,34,57,-23
210000376,54,88,-34
210000404,48,104,-56
210000439,40,50,-10
210000472,69,4,65
210000482,72,100,-28
210000564,280,265,15
210000567,1,41,-40
210000568,334,3,331
211000092,22,34,-12
211000094,23,11,12
211000169,188,13,175
211000172,3,215,-212
211000209,0,16,-16
211000226,9,17,-8
211000270,32,16,16
211000275,19,19,0
211000276,58,15,43
211000279,9,22,-13
211000281,34,19,15
211000302,39,49,-10
211507980,3,33,-30
211977296,30,3,27
212000003,117,35,82
212000004,24,34,-10
212000005,19,33,-14
212000006,30,25,5
212000008,179,99,80
212000009,35,73,-38
212000012,99,74,25
212000013,42,45,-3
212000014,239,141,98
212000015,267,205,62
212000016,400,477,-77
212000027,459,341,118
212000028,323,345,-22
212000029,207,212,-5
212000030,75,25,50
212000031,70,45,25
212000048,46,123,-77
212000049,21,91,-70
212000050,16,10,6
212000051,220,163,57
212000052,224,169,55
212000053,366,321,45
212000054,256,100,156
212000055,241,199,42
212000056,20,45,-25
212000057,13,28,-15
212000058,191,52,139
212000070,92,115,-23
212000077,114,354,-240
212000099,231,216,15
212000108,151,151,0
212000111,183,67,116
212000120,115,45,70
212000138,123,26,97
212000156,6,82,-76
212000158,21,19,2
212000159,421,41,380
212000160,577,210,367
212000161,68,9,59
212000310,15,14,1
212000311,18,51,-33
212000374,27,17,10
213000001,28,248,-220
213000005,344,99,245
213000006,738,308,430
213000007,108,7,101
213000009,635,453,182
213000010,214,228,-14
213000011,211,133,78
213000012,179,242,-63
213000014,91,21,70
213000015,301,6,295
213000016,476,4,472
213000017,102,1,101
213000018,4,117,-113
213000019,3,157,-154
213000020,87,236,-149
213000021,5,110,-105
213000023,352,198,154
213000033,337,1359,-1022
213000034,746,305,441
213000035,130,187,-57
213000045,231,238,-7
213000046,192,161,31
213000047,647,1237,-590
213000056,170,19,151
213000069,82,2,80
213000073,1,48,-47
213000074,53,287,-234
213000075,530,11,519
213000076,25,3,22
213000085,4,28,-24
213000086,12,113,-101
213000091,242,23,219
213000092,54,19,35
213000099,213,1077,-864
213000100,928,323,605
213000101,387,124,263
213000102,507,233,274
213000103,862,710,152
213000104,64,295,-231
213000105,10,187,-177
213000106,30,75,-45
213000107,150,358,-208
213000108,34,284,-250
213000109,4,156,-152
213000110,9,62,-53
213000111,14,69,-55
213000112,106,108,-2
213000115,82,7,75
213000116,27,315,-288
213000117,8,452,-444
213000118,343,166,177
213000119,33,440,-407
213000120,127,384,-257
213000122,132,348,-216
213000123,257,726,-469
213000124,101,748,-647
213000125,143,23,120
213000126,63,122,-59
213000127,141,210,-69
213000128,362,1022,-660
213000129,290,598,-308
213000130,529,316,213
213000132,380,85,295
213000133,491,114,377
213000134,846,27,819
213000136,551,20,531
213000137,565,67,498
213000139,306,17,289
213000147,62,10,52
213000148,18,12,6
213000149,32,10,22
213000150,0,100,-100
213000151,1,98,-97
213000152,3,66,-63
213000153,4,79,-75
213000154,36,185,-149
213000155,25,230,-205
213000156,72,342,-270
213000157,407,306,101
213000158,356,713,-357
213000159,550,440,110
213000163,872,115,757
213000165,846,242,604
213000171,1,47,-46
213000172,1,146,-145
213000173,3,124,-121
213000174,1,58,-57
213000175,176,128,48
213000176,29,41,-12
213000177,55,4,51
213000178,158,6,152
213000179,219,0,219
213000180,188,1,187
213000184,76,303,-227
213000188,275,83,192
213000189,312,41,271
213000190,673,539,134
213000191,300,280,20
213000192,223,245,-22
213000193,622,249,373
213000194,0,46,-46
213000195,22,270,-248
213000196,225,973,-748
213000197,393,468,-75
213000198,50,5,45
213000200,109,630,-521
213000201,69,48,21
213000202,8,449,-441
213000203,2700,581,2119
213000204,735,80,655
213000205,287,94,193
213000206,447,29,418
213000207,118,11,107
213000208,64,2,62
213000209,167,3,164
213000210,238,1,237
213000211,3,25,-22
213000212,14,38,-24
213000213,21,53,-32
213000218,203,367,-164
213000219,439,18,421
213000220,372,15,357
213000223,144,216,-72
213000224,36,64,-28
213000225,94,11,83
213000226,70,18,52
213000227,774,192,582
213000228,332,65,267
213000229,131,29,102
213000230,464,26,438
213000232,59,854,-795
213000233,11,65,-54
213000234,5,47,-42
213000293,16,65,-49
213000294,141,28,113
213000295,16,77,-61
213000296,58,28,30
213000297,14,81,-67
213000298,16,53,-37
213000299,64,35,29
213000300,13,5,8
213000303,4,22,-18
213000304,0,5,-5
213000305,4,16,-12
213000306,40,20,20
213000307,84,70,14
213000308,85,133,-48
213000309,112,55,57
213000310,266,253,13
213000311,204,683,-479
213000315,75,75,0
213000316,160,54,106
213000322,137,116,21
213000323,118,204,-86
213000324,100,101,-1
213000325,32,124,-92
213000326,26,90,-64
213000327,152,88,64
213000328,164,93,71
213000329,132,167,-35
213000340,161,413,-252
213000341,516,107,409
213000346,199,272,-73
213000347,526,468,58
213000348,3,77,-74
213000349,28,10,18
213000350,261,629,-368
213000366,81,233,-152
213000367,245,18,227
213000379,96,42,54
213000386,13,255,-242
213000406,92,353,-261
213000417,1113,345,768
213000425,415,229,186
213000426,346,228,118
213000427,25,123,-98
213000428,42,132,-90
213000429,7,3,4
213000430,97,430,-333
213000431,36,3,33
213000432,2,35,-33
213000433,14,77,-63
213000434,80,106,-26
213000435,176,212,-36
213000436,38,41,-3
213000437,111,81,30
213000438,96,98,-2
213000439,45,13,32
213000440,120,263,-143
213000441,3,1,2
213000442,217,190,27
213000443,317,282,35
213000444,68,166,-98
213000445,0,66,-66
213000446,0,32,-32
213000447,1,40,-39
213000448,9,119,-110
213000449,361,2,359
213000450,20,43,-23
213000451,178,52,126
213000452,3,16,-13
213000453,34,229,-195
213000455,418,17,401
213000456,1,317,-316
213000481,13,7,6
213000482,27,3,24
213000489,232,55,177
213000491,4,143,-139
213000492,164,4,160
213000493,0,101,-101
213000494,260,112,148
213000495,0,72,-72
213000496,341,143,198
213000497,27,194,-167
213000498,144,139,5
213000499,180,380,-200
213000500,530,59,471
213000501,98,44,54
213000502,133,112,21
213000503,0,31,-31
213000504,20,50,-30
213000505,41,43,-2
213000506,0,13,-13
213000507,2,77,-75
213900244,77,0,77
213900245,0,12,-12
218000003,23,39,-16
218000004,37,19,18
218000005,145,51,94
218000006,37,18,19
218000007,7,7,0
218000012,121,133,-12
218000013,88,131,-43
218000014,309,387,-78
218000019,658,380,278
218000020,221,317,-96
218000040,1,0,1
218000046,34,71,-37
218000047,8,112,-104
218000048,29,69,-40
218000049,51,74,-23
218000050,211,183,28
218000051,74,186,-112
218000052,0,57,-57
218000053,6,10,-4
218000054,12,53,-41
218000055,5,12,-7
218000056,13,21,-8
218000057,0,29,-29
218000064,2,21,-19
218000065,73,30,43
218000066,15,34,-19
218000067,57,61,-4
218000068,118,60,58
218000069,183,161,22
218000070,162,224,-62
218000071,166,209,-43
218000072,251,154,97
218000078,813,526,287
218000079,107,59,48
218000080,104,29,75
218000081,329,129,200
218000082,33,63,-30
218000083,104,25,79
218000084,169,80,89
218000085,182,214,-32
218000086,91,90,1
218000087,147,100,47
218000090,18,108,-90
218000091,872,435,437
218000092,64,165,-101
218000093,77,46,31
218000094,429,432,-3
218000099,253,567,-314
218000100,266,237,29
218000101,229,184,45
218000102,447,190,257
218000103,69,66,3
218000104,71,23,48
218000105,19,27,-8
218000106,14,18,-4
218000107,53,51,2
218000108,4,30,-26
218000112,41,36,5
218000117,57,39,18
218000134,461,378,83
218000135,26,68,-42
218000136,132,93,39
218000137,165,145,20
218000138,26,65,-39
218000139,170,260,-90
218000140,377,236,141
218000141,89,53,36
218000142,218,126,92
218000143,119,184,-65
218000144,64,66,-2
218000145,323,227,96
218000146,57,110,-53
218000151,7,7,0
218000152,44,38,6
218000170,9,29,-20
218000171,29,4,25
218000172,7,8,-1
218000173,26,6,20
218000174,23,8,15
218000176,139,44,95
218000177,187,135,52
218000178,51,113,-62
218000179,70,44,26
218000180,58,15,43
218000181,124,27,97
218000187,6,14,-8
218000188,46,30,16
218000189,11,50,-39
218000190,3,10,-7
218000191,159,67,92
218000192,173,168,5
218000193,355,238,117
218000194,121,178,-57
218000195,102,43,59
218000196,242,155,87
218000197,292,225,67
218000198,28,96,-68
218000199,41,32,9
218000200,80,20,60
218000201,11,21,-10
218000202,84,225,-141
218000207,5,10,-5
218000208,20,42,-22
218000211,32,14,18
218000213,81,61,20
218000214,2,19,-17
218000215,24,43,-19
218000217,1,76,-75
218000218,88,45,43
218000219,6,17,-11
218000220,56,244,-188
218000221,383,118,265
218000222,4,32,-28
218000223,17,229,-212
218000224,5,97,-92
218000225,98,15,83
218000226,68,29,39
218000232,28,40,-12
218000239,108,18,90
218000240,19,6,13
218000241,34,2,32
218000242,66,4,62
218000243,80,7,73
218000244,43,6,37
218000245,28,2,26
218000246,3,2,1
218000247,1,1,0
218000248,0,23,-23
218000249,0,4,-4
218000250,0,4,-4
218000251,2,23,-21
218000252,1,55,-54
218000253,11,64,-53
218000254,1,25,-24
218000255,5,37,-32
218000256,8,70,-62
218000267,349,796,-447
218000268,11,41,-30
218000269,2,9,-7
218000270,71,49,22
218000271,13,39,-26
218000273,12,5,7
218000274,16,7,9
218000275,18,45,-27
218000276,11,37,-26
218000278,15,38,-23
218000279,88,45,43
218000280,7,43,-36
218000281,35,24,11
218000282,400,438,-38
218000284,54,7,47
218000301,76,112,-36
218000302,110,42,68
218000303,13,36,-23
218000316,535,725,-190
218000317,960,645,315
218000318,638,529,109
218000319,971,644,327
218000320,780,480,300
218000338,46,24,22
218000345,84,78,6
218000346,31,141,-110
218000459,22,180,-158
218000490,15,38,-23
218000501,82,79,3
218000502,37,50,-13
218000503,90,23,67
218000504,174,43,131
218000505,42,135,-93
218000506,30,206,-176
218000508,0,3,-3
218000510,113,21,92
218000520,111,95,16
218000521,7,42,-35
218000522,2,88,-86
218000523,107,3,104
218000524,17,241,-224
218000525,77,6,71
218000526,27,131,-104
218000529,24,182,-158
218000531,19,11,8
218000532,19,11,8
218000534,130,24,106
218000537,22,52,-30
218000538,84,188,-104
218000540,130,64,66
218000543,157,28,129
218000544,43,44,-1
218000545,51,49,2
218000546,30,47,-17
218000547,72,141,-69
218000548,84,91,-7
218000549,316,382,-66
218000550,188,236,-48
218000551,116,955,-839
218000552,293,38,255
218000553,48,127,-79
218000554,24,25,-1
218000555,35,37,-2
218000556,166,163,3
218000557,185,147,38
218000558,25,1,24
218000559,0,17,-17
218000560,0,31,-31
218000561,11,0,11
218000562,25,137,-112
218000563,156,24,132
218000564,4,82,-78
218000565,152,31,121
218000566,276,24,252
218000567,2,76,-74
218000568,22,0,22
218000569,12,196,-184
218000570,183,9,174
218000571,3,86,-83
218000572,106,1,105
218000573,16,179,-163
218000574,106,27,79
218000575,79,0,79
218000576,0,84,-84
218000577,83,0,83
218000578,1,85,-84
218000579,27,8,19
218000581,1,24,-23
218000582,28,1,27
218000583,2,0,2
218000584,0,12,-12
218000585,53,2,51
218000586,8,32,-24
218000587,1,1,0
218000588,3,2,1
218000589,0,5,-5
218000590,2,0,2
218000591,0,7,-7
218000592,4,0,4
218000593,17,2,15
218000594,3,0,3
218000597,0,0,0
218000598,0,0,0
218000599,1,0,1
218000600,0,0,0
218000601,0,1,-1
218000602,1,6,-5
218000603,0,4,-4
218000604,11,3,8
218000605,0,50,-50
218000606,87,0,87
218000607,13,23,-10
218000608,49,18,31
218000609,7,42,-35
218000610,58,10,48
218000611,33,1,32
218000612,3,24,-21
218000613,44,2,42
218000614,1,28,-27
218000615,234,3,231
218000616,4,72,-68
218000617,22,0,22
218000618,0,21,-21
218000619,14,19,-5
218000620,4,24,-20
218000621,1,4,-3
218000622,0,30,-30
218000623,69,0,69
218000624,3,93,-90
218000625,10,2,8
218000626,0,12,-12
218000628,149,39,110
218000631,35,16,19
218000632,1,84,-83
218000633,124,2,122
218000634,4,12,-8
218000635,16,4,12
218000636,750,689,61
218000637,821,321,500
218000638,164,20,144
218000639,19,102,-83
218000640,230,16,214
218000641,68,184,-116
218000652,17,51,-34
218000653,98,30,68
218000663,13,186,-173
218000675,87,65,22
218000680,189,291,-102
218000681,365,126,239
218000691,185,139,46
218000693,162,118,44
218000718,242,1104,-862
218000719,356,517,-161
218000720,8,194,-186
218000721,112,14,98
218001147,1,135,-134
218001214,3,31,-28
218001258,237,6,231
218001329,114,111,3
218001330,112,91,21
218001351,34,15,19
218001352,12,28,-16
218001353,12,17,-5
218001354,5,27,-22
218001355,15,203,-188
218001356,313,26,287
218001357,33,132,-99
218001358,251,22,229
218001361,303,16,287
218001362,0,83,-83
219000001,27,29,-2
219000002,36,51,-15
219000003,51,28,23
219000004,39,54,-15
219000017,65,84,-19
219000020,131,47,84
219000022,125,4,121
219000023,91,0,91
219000029,2,74,-72
219000034,26,23,3
219000039,28,137,-109
219000040,34,78,-44
219000041,109,27,82
219000051,0,22,-22
219000052,0,25,-25
219000053,2,83,-81
219000054,2,3,-1
219000055,240,3,237
219000056,8,1,7
219000057,55,2,53
219000062,25,88,-63
219000063,82,8,74
219000064,1,91,-90
219000110,242,185,57
219000111,107,74,33
219000112,171,72,99
219000113,198,60,138
219000114,213,92,121
219000116,93,46,47
219000117,208,39,169
219000118,166,41,125
219000123,154,60,94
219000124,64,53,11
219000125,20,9,11
219000126,49,93,-44
219000127,0,3,-3
219000128,7,116,-109
219000129,25,106,-81
219000130,335,478,-143
219000131,577,734,-157
219000133,43,37,6
219000134,19,23,-4
219000135,32,48,-16
219000136,105,191,-86
219000138,63,19,44
219000139,43,39,4
219000140,57,0,57
219000141,23,57,-34
219000142,18,65,-47
219000143,27,71,-44
219000145,33,48,-15
219000146,3,31,-28
219000147,6,15,-9
219000148,3,24,-21
219000149,10,71,-61
219000150,3,36,-33
219000151,5,27,-22
219000157,219,113,106
219000158,198,188,10
219000161,105,11,94
219000163,1053,417,636
219000166,137,180,-43
219000167,117,158,-41
219000168,225,93,132
219000174,337,153,184
219000175,64,5,59
219000176,118,3,115
219000177,38,4,34
219000178,49,2,47
219000179,20,9,11
219000180,30,34,-4
219000182,156,19,137
219000183,83,22,61
219000184,110,10,100
219000185,3,25,-22
219000186,44,39,5
219000187,22,88,-66
219000189,56,144,-88
219000190,62,210,-148
219000191,533,1078,-545
219000192,188,152,36
219000193,191,151,40
219000195,2,64,-62
219000196,5,72,-67
219000198,27,84,-57
219000199,45,264,-219
219000200,50,251,-201
219000201,77,226,-149
219000203,36,131,-95
219000204,174,324,-150
219000205,109,191,-82
219000207,149,223,-74
219000209,32,51,-19
219000210,31,84,-53
219000213,9,103,-94
219000239,131,206,-75
219000240,189,273,-84
219000241,125,123,2
219000242,50,105,-55
219000243,69,165,-96
219000244,11,56,-45
219000245,17,44,-27
219000246,36,28,8
219000247,179,22,157
219000248,389,346,43
219000249,109,106,3
219000250,134,98,36
219000251,448,289,159
219000252,195,136,59
219000253,427,77,350
219000255,125,83,42
219000256,203,50,153
219000257,81,0,81
219000262,103,86,17
219000263,40,142,-102
219000267,4,54,-50
219000268,1,6,-5
219000269,2,3,-1
219000270,11,1,10
219000271,149,7,142
219000278,0,5,-5
219000279,2,4,-2
219000283,0,15,-15
219000295,11,79,-68
219000296,56,307,-251
219000297,7,84,-77
219000298,17,83,-66
219000299,372,78,294
219000300,23,112,-89
219000301,156,238,-82
219000302,18,183,-165
219000307,38,41,-3
219000308,55,42,13
219000311,160,43,117
219000312,459,143,316
219000313,369,44,325
219000314,37,241,-204
219000315,286,50,236
219000316,455,38,417
219000317,127,12,115
219000320,1,52,-51
219000321,0,18,-18
219000323,4,49,-45
219000325,0,6,-6
219000326,53,60,-7
219000327,55,31,24
219000328,33,47,-14
219000329,184,119,65
219000330,34,31,3
219000331,73,33,40
219000332,129,80,49
219000333,12,3,9
219000335,63,5,58
219000337,21,0,21
219000338,84,0,84
219000344,11,59,-48
219000345,46,50,-4
219000346,51,99,-48
219000348,141,43,98
219000349,65,121,-56
219000350,79,326,-247
219000351,6,7,-1
219000352,168,121,47
219000353,103,62,41
219000354,184,98,86
219000355,136,67,69
219000356,747,1237,-490
219000363,150,72,78
219000364,94,59,35
219000365,96,34,62
219000366,225,328,-103
219000368,247,479,-232
219000370,707,490,217
219000371,15,33,-18
219000382,20,26,-6
219000383,429,965,-536
219000385,345,347,-2
219000386,629,1268,-639
219000387,1,6,-5
219000390,4,2,2
219000391,7,1,6
219000397,58,61,-3
219000398,58,75,-17
219000401,15,112,-97
219000402,36,113,-77
219000403,142,291,-149
219000404,27,124,-97
219000407,6,40,-34
219000409,44,52,-8
219000410,145,42,103
219000411,52,27,25
219000446,125,235,-110
219000447,1,15,-14
219000448,19,8,11
219000452,110,101,9
219000453,40,156,-116
219000454,172,220,-48
219000556,249,161,88
219000558,480,149,331
219000590,33,117,-84
219000591,81,121,-40
219000592,84,247,-163
219000595,2,31,-29
219000635,203,38,165
219000636,25,56,-31
219000657,22,17,5
219000658,27,101,-74
219000673,0,20,-20
219000676,11,2,9
219000679,38,7,31
219000684,101,2,99
219000685,0,34,-34
219000686,1,1,0
219000688,0,48,-48
219000689,20,185,-165
219000690,120,19,101
219000691,51,193,-142
219000692,184,23,161
219000693,0,12,-12
219000694,14,1,13
219000695,23,3,20
219000698,7,0,7
219000699,0,20,-20
219000727,1,83,-82
219000728,90,1,89
219000770,65,0,65
219000771,10,31,-21
219000788,239,219,20
219001150,1,26,-25
219001151,0,3,-3
219001166,53,25,28
219001167,3,70,-67
219001178,37,0,37
220000001,33,53,-20
220000002,10,81,-71
220000003,317,191,126
220000004,300,319,-19
220000005,777,1243,-466
220000006,167,597,-430
220000007,379,274,105
220000008,290,463,-173
220000009,262,272,-10
220000010,148,89,59
220000011,397,1897,-1500
220000012,117,191,-74
220000014,101,41,60
220000015,58,233,-175
220000017,69,191,-122
220000018,2790,1205,1585
220000019,64,249,-185
220000020,360,200,160
220000021,613,148,465
220000022,758,314,444
220000023,367,108,259
220000024,1230,387,843
220000025,543,887,-344
220000026,300,330,-30
220000027,24,95,-71
220000028,38,40,-2
220000029,43,98,-55
220000030,86,84,2
220000031,469,314,155
220000064,14,645,-631
221000046,5,0,5
221000047,0,6,-6
221000048,0,4,-4
221000049,0,9,-9
221000050,39,0,39
221000055,49,48,1
221000057,86,16,70
221000068,228,181,47
221000069,310,103,207
221000070,204,32,172
221000071,104,16,88
221000072,260,14,246
221000073,223,49,174
221000074,1,19,-18
221000075,16,21,-5
221000076,10,23,-13
221000077,17,65,-48
221000081,12,7,5
221000082,85,14,71
221000083,36,8,28
221000084,14,3,11
221000085,33,50,-17
221000086,11,83,-72
221000087,8,82,-74
221000088,11,151,-140
221000089,34,265,-231
221000090,97,441,-344
221000098,121,14,107
221000099,196,8,188
221000100,107,9,98
221000101,223,27,196
221000102,119,25,94
221000109,9,69,-60
221000110,8,52,-44
221000111,32,196,-164
221000112,8,132,-124
221000113,24,110,-86
221000114,13,105,-92
221000120,42,26,16
221000121,4,36,-32
221000122,53,15,38
221000123,16,14,2
221000124,10,85,-75
221000155,78,10,68
221000156,38,32,6
221000175,0,5,-5
221000176,4,2,2
221000182,37,14,23
221000241,524,363,161
221000242,138,395,-257
221000243,475,289,186
221000244,270,474,-204
221000245,95,108,-13
221000246,53,305,-252
221000247,112,117,-5
221000248,160,138,22
221000267,36,337,-301
221000325,80,47,33
221000331,3,26,-23
221000338,16,19,-3
221000378,131,30,101
221000381,28,33,-5
222000282,11,0,11
222000296,9,12,-3
222000568,221,27,194
222000569,147,42,105
222000570,96,34,62
222000571,275,22,253
222000577,12,80,-68
222000578,22,123,-101
222000579,15,89,-74
222000580,64,525,-461
222000599,0,93,-93
222000600,2,168,-166
222000601,5,652,-647
222000603,12,28,-16
222000604,9,24,-15
222000605,19,20,-1
222000606,3,14,-11
222000607,2,4,-2
222000608,43,13,30
222000609,40,111,-71
222000616,288,22,266
222000617,10,18,-8
222000618,12,8,4
222000620,28,8,20
222000621,39,26,13
222000623,380,7,373
222000624,225,4,221
222000625,397,10,387
222000636,41,8,33
222000686,37,12,25
222000687,27,26,1
222001066,208,3,205
222001067,12,2,10
222001068,39,16,23
222001069,52,25,27
222001082,12,19,-7
222001083,25,30,-5
222001084,0,46,-46
222001085,0,78,-78
222001111,37,87,-50
222001112,131,39,92
222001313,10,6,4
222001314,4,68,-64
222001464,133,31,102
222001465,36,86,-50
222001484,68,34,34
222001485,25,28,-3
222001494,321,77,244
222001495,69,142,-73
222001496,240,68,172
222001497,73,231,-158
222001502,22,69,-47
222001503,109,32,77
222001504,22,221,-199
222001505,292,18,274
222001506,39,255,-216
222001507,217,18,199
222001510,343,23,320
222001511,45,184,-139
222001514,436,164,272
222001515,171,270,-99
222001518,251,60,191
222001519,39,112,-73
222001527,126,66,60
222001528,24,112,-88
222001529,247,35,212
222001530,57,150,-93
222001533,112,154,-42
222001534,247,58,189
222001535,232,188,44
222001536,52,161,-109
222001537,264,39,225
222001538,73,274,-201
222001563,605,98,507
222001564,54,301,-247
222001568,239,125,114
222001576,0,9,-9
222001579,0,8,-8
222001583,12,80,-68
222001584,57,9,48
222001596,329,715,-386
222001597,1098,260,838
222001626,0,80,-80
222001650,49,69,-20
222001651,58,191,-133
222001914,123,62,61
222001915,43,179,-136
222001968,463,241,222
222001969,369,447,-78
222001970,135,123,12
222001971,36,9,27
222001972,3,18,-15
225000001,318,156,162
225000002,453,161,292
225000003,501,72,429
225000004,350,188,162
225000005,37,52,-15
225000006,2,129,-127
225000007,937,958,-21
225000010,231,9,222
225000011,334,796,-462
225000012,244,414,-170
225000013,63,82,-19
225000014,590,76,514
225000015,84,120,-36
225000021,679,113,566
225000027,150,334,-184
225000032,567,73,494
225000042,61,424,-363
225000049,31,54,-23
225000050,81,10,71
225000053,5,237,-232
225000058,552,155,397
225000067,149,83,66
225000068,85,191,-106
225000069,104,334,-230
225000070,74,303,-229
225000071,36,107,-71
225000075,19,420,-401
225000076,59,88,-29
225000078,78,50,28
225000085,80,119,-39
225000086,235,60,175
225000087,176,12,164
225000088,14,171,-157
225000089,153,742,-589
225000090,36,279,-243
225000091,151,101,50
225000092,43,56,-13
225000093,204,230,-26
225000094,13,191,-178
225000095,261,242,19
225000096,238,306,-68
225000098,704,227,477
225000099,277,151,126
225000100,304,123,181
225000104,110,309,-199
225000110,2,308,-306
225000111,185,628,-443
225000112,246,769,-523
225000113,144,495,-351
225000114,53,185,-132
225000115,934,506,428
225000116,760,200,560
225000117,627,200,427
225000118,867,163,704
225000119,218,54,164
225000120,490,32,458
225000121,158,17,141
225000123,443,10,433
225000125,360,147,213
225000126,688,146,542
225000127,605,1008,-403
225000128,448,634,-186
225000132,353,21,332
225000133,162,25,137
225000134,581,131,450
225000135,63,8,55
225000136,288,12,276
225000137,181,47,134
225000138,362,71,291
225000143,24,164,-140
225000144,4,212,-208
225000145,58,24,34
225000146,44,80,-36
225000147,40,183,-143
225000148,4,117,-113
225000149,69,317,-248
225000151,38,116,-78
225000155,348,302,46
225000156,136,554,-418
225000157,188,272,-84
225000158,46,164,-118
225000171,8,148,-140
225000180,38,0,38
225000181,0,38,-38
225000182,57,8,49
225000185,1,305,-304
225000187,31,285,-254
225000191,61,4,57
225000194,0,5,-5
225000208,3,39,-36
225000209,71,15,56
225000210,4,161,-157
225000217,0,7,-7
225000218,29,0,29
225000223,0,61,-61
225000224,43,0,43
225000225,0,40,-40
225000226,91,1,90
225000227,20,74,-54
225000228,10,1,9
225000229,0,49,-49
225000230,19,0,19
225000231,0,51,-51
225000232,118,1,117
225000241,72,3,69
225000242,0,36,-36
225000249,12,0,12
225000250,44,459,-415
225000251,292,23,269
226000042,240,305,-65
226000043,40,174,-134
226000044,105,301,-196
226000045,39,240,-201
226000046,361,76,285
226000047,322,103,219
226000048,333,89,244
226000049,238,180,58
226000070,0,34,-34
226000071,0,53,-53
226000072,0,8,-8
226000073,0,5,-5
226000074,0,8,-8
226000084,11,45,-34
226000085,1,8,-7
226000086,2,10,-8
226000087,1,12,-11
226000088,16,12,4
226000090,125,142,-17
226000091,28,39,-11
226000092,8,6,2
226000093,28,1,27
226000094,4,0,4
226000095,19,4,15
226000105,18,1,17
226000106,6,0,6
226000107,12,0,12
226000108,20,0,20
226000109,75,0,75
226000124,69,55,14
226000134,592,338,254
226000135,1169,427,742
226000136,491,331,160
226000137,14,264,-250
226000138,10,144,-134
226000139,0,15,-15
226000156,194,5,189
226000157,219,7,212
226000163,104,76,28
226000202,7,230,-223
226000231,465,13,452
226000232,28,8,20
227000033,296,61,235
227000036,307,32,275
227000037,222,25,197
227000038,145,35,110
227000049,0,15,-15
227000050,1,44,-43
227000055,50,0,50
227000056,26,4,22
227000084,6,41,-35
227000085,1,47,-46
227000088,38,2,36
227000089,95,1,94
227000090,40,0,40
227000091,19,1,18
227000093,101,0,101
227000094,10,0,10
227000130,49,66,-17
227000131,13,115,-102
227000132,8,112,-104
227000133,15,114,-99
227000134,18,137,-119
227000152,0,12,-12
227000153,1,59,-58
227000155,3,17,-14
227000156,0,12,-12
227000165,4,27,-23
227000196,211,142,69
227000199,252,225,27
227000230,13,220,-207
227000232,288,12,276
227000242,41,300,-259
227000243,297,80,217
227000245,25,220,-195
227000246,87,294,-207
227000247,321,66,255
227000248,141,43,98
227000249,37,129,-92
227000250,284,124,160
227000251,90,204,-114
227000252,17,173,-156
227000253,141,15,126
227000262,332,39,293
227000266,857,15,842
227000267,28,850,-822
227000282,4,84,-80
227000284,357,11,346
227000286,3,56,-53
227000287,6,40,-34
227000291,10,257,-247
227000484,149,9,140
227000485,13,541,-528
227000655,115,13,102
227000656,374,36,338
227000657,63,10,53
227000661,136,15,121
227000680,131,54,77
229000265,11,30,-19
229000296,11,11,0
229000297,6,32,-26
229000298,4,84,-80
229000320,8,1,7
229000321,10,1,9
229000412,6,26,-20
229000414,5,47,-42
229000415,8,2,6
229000416,2,6,-4
229000417,0,13,-13
229000419,60,195,-135
229000440,268,40,228
229000442,18,0,18
229000443,6,2,4
229000444,2,34,-32
229000445,38,5,33
229000446,46,10,36
229000847,40,0,40
229000848,14,0,14
229000849,48,1,47
229000851,28,1,27
229000854,1,19,-18
229000856,0,63,-63
229000857,0,19,-19
229000858,0,37,-37
229000919,13,72,-59
229000930,1,198,-197
229000937,92,7,85
229000966,48,22,26
229000981,25,19,6
229000985,18,17,1
229000986,0,8,-8
229000987,0,0,0
229000988,1,2,-1
229000989,16,4,12
229000990,0,2,-2
229000991,4,0,4
229000992,9,5,4
229000993,72,6,66
229000998,13,43,-30
229000999,50,5,45
229001034,0,10,-10
229001035,3,1,2
229001037,21,7,14
229001042,14,6,8
229001047,11,29,-18
229001050,23,58,-35
229001200,11,0,11
229001338,1,13,-12
229001394,173,3,170
229001422,104,15,89
229001423,18,91,-73
229001431,74,39,35
229001432,30,61,-31
229001444,91,27,64
229001445,40,112,-72
229001503,213,75,138
229001504,127,138,-11
229001505,114,34,80
229001506,56,88,-32
229001509,9,20,-11
229001545,69,6,63
229001546,7,65,-58
229001553,96,10,86
229001554,51,68,-17
229001559,3,5,-2
229001560,3,16,-13
229001630,33,7,26
229001631,11,16,-5
229001635,0,3,-3
229001636,9,0,9
229001658,1,75,-74
229001659,38,4,34
229001660,31,1,30
229001661,12,16,-4
229001662,12,2,10
229001663,0,11,-11
229002584,119,103,16
229002831,133,92,41
229002841,28,14,14
229002842,7,10,-3
229002843,57,13,44
229002844,34,29,5
229002845,17,43,-26
229002846,30,20,10
229002847,5,9,-4
229002848,12,9,3
229002849,3,39,-36
229002850,18,0,18
229002851,18,87,-69
229002852,89,12,77
229002853,83,6,77
229002854,28,27,1
229002855,5,17,-12
229002856,33,7,26
229002857,8,73,-65
229002858,18,4,14
229002859,18,36,-18
229002860,131,7,124
229002861,33,18,15
229002862,23,23,0
229002863,8,13,-5
229002864,27,25,2
229002865,9,3,6
229002866,20,14,6
229002867,3,9,-6
229002868,9,16,-7
229002869,19,77,-58
229002870,57,6,51
235000066,316,61,255
235000067,89,108,-19
235000072,17,84,-67
235000073,53,323,-270
235000074,42,51,-9
235000080,10,66,-56
235000081,85,89,-4
235000082,214,27,187
235000083,185,69,116
235000084,37,75,-38
235000085,120,43,77
235000089,19,19,0
235000092,15,144,-129
235000093,4,6,-2
235000097,6,4,2
235000098,59,17,42
235000099,21,15,6
235000116,63,27,36
235000117,460,12,448
235000133,8,356,-348
235000134,12,136,-124
235000206,3,2,1
235000207,5,4,1
235000208,3,0,3
235000209,17,1,16
235000210,8,1,7
235000212,8,27,-19
235000213,3,18,-15
235000220,7,1,6
235000221,58,5,53
235000238,13,89,-76
235000239,0,15,-15
235000242,208,568,-360
235000245,591,124,467
235000246,15,43,-28
235000284,15,108,-93
235000295,100,2,98
235000305,190,28,162
235000306,196,10,186
235000307,16,1,15
235000308,7,0,7
235000309,54,0,54
235000310,24,0,24
235000311,54,21,33
235000322,0,18,-18
235000323,0,33,-33
235000324,0,17,-17
235000325,0,9,-9
235000326,6,103,-97
235000351,1,23,-22
235000352,11,20,-9
235000353,2,11,-9
235000354,5,19,-14
235000355,5,31,-26
235000356,59,12,47
235000357,27,4,23
235000358,87,5,82
235000359,10,1,9
235000360,24,15,9
235000361,50,9,41
235000381,103,185,-82
235000382,158,15,143
235000390,6,7,-1
235000391,100,16,84
235000392,136,255,-119
235000393,58,141,-83
235000395,85,40,45
235000396,362,70,292
235000400,48,69,-21
235000401,18,111,-93
235000405,83,167,-84
235000406,67,198,-131
235000407,106,66,40
235000409,187,114,73
235000410,52,180,-128
235000411,5,55,-50
235000485,0,2,-2
235000486,7,0,7
235000549,112,56,56
235000550,76,125,-49
235000599,120,53,67
235000600,6,20,-14
235000601,23,29,-6
235000602,62,39,23
235000614,0,0,0
235000648,0,22,-22
235000649,38,4,34
235000685,2,5,-3
235000815,9,31,-22
235000834,0,9,-9
235000855,41,29,12
235000862,37,95,-58
235000891,0,12,-12
235000892,11,0,11
235000901,189,56,133
235000907,1,12,-11
235001010,107,51,56
235001029,375,234,141
235001030,266,187,79
235001078,53,83,-30
235001079,62,60,2
235001147,13,52,-39
235001166,24,40,-16
235001167,41,50,-9
235001169,18,206,-188
235001188,4,10,-6
235001189,8,1,7
235001197,13,19,-6
235001200,56,34,22
235001207,361,35,326
235001210,78,167,-89
235001215,37,151,-114
235001239,0,46,-46
235001244,0,3,-3
235016267,0,19,-19
277102712,0,0,0
277103813,1,0,1
277103814,0,0,0
277104249,0,4,-4
277104250,0,5,-5
277104251,0,3,-3
277104252,0,2,-2
990011530,1,110,-109
990014944,2,288,-286
990015176,55,1,54
990015618,0,23,-23
990016032,0,172,-172
990032570,0,22,-22
990070001,57,1,56
990070103,0,5,-5
990070601,0,26,-26
990070751,790,4,786
990070766,0,386,-386
990071180,424,134,290
990071343,36,3,33
990071387,0,22,-22
990071823,296,2,294
990072600,3,685,-682
990072964,0,272,-272
990073285,0,1,-1
990074393,2,447,-445
990074870,1279,25,1254
990075106,1001,8,993
990075746,529,8,521
990076437,1197,1,1196
990076458,0,368,-368
997000007,460,5,455
997000041,0,158,-158
997000058,55,0,55
997000062,12,1,11
997000069,0,3,-3
997000070,0,16,-16
997000100,27,0,27
997000141,0,515,-515
997000198,117,662,-545
998000475,0,18,-18
998000736,0,105,-105
998000965,0,12,-12
998001031,0,44,-44
998001700,0,1,-1
998001899,0,5,-5
998001900,8,1,7
998003073,746,10,736
998101900,0,0,0
998102850,0,157,-157
998501927,733,610,123
998501929,86,0,86
998501930,27,1,26
998501931,91,3,88
998501932,4,0,4
998501933,55,1,54
998501937,20,13,7
998501944,14,0,14
998501950,0,2,-2
998501970,46,2,44
998501971,1,56,-55
998501973,0,33,-33
998501974,2,142,-140
998501975,78,1,77
998501976,120,3,117
998501977,1,25,-24
998501978,12,0,12
998501979,1,11,-10
998501980,46,2,44
998501981,57,18,39
998501982,1,54,-53
998501983,2,1,1
998502006,0,1,-1
998502024,0,3,-3
998502032,0,6,-6
998502062,7,0,7
998502063,0,0,0
998502173,29,0,29
998502269,0,3,-3
998502546,0,120,-120
998502578,0,3,-3
998502599,58,263,-205
998502621,0,0,0
998601159,2,78,-76
998601292,0,21,-21
999033574,1,230,-229
999800001,42,2,40
999800002,0,1,-1
999800003,0,0,0
999800004,0,1,-1
999800005,0,4,-4
