ID,insum,outsum,diff
100000001,449,541,-92
100000002,4687,685,4002
100000003,4263,2294,1969
100000004,1082,752,330
100000005,1773,3045,-1272
100000006,910,112,798
100000007,2987,571,2416
100000008,282,413,-131
100000009,644,164,480
100000010,58,78,-20
100000011,605,60,545
100000012,136,700,-564
100000013,49,176,-127
100000014,302,316,-14
100000015,1897,2156,-259
100000016,1041,1468,-427
100000017,836,944,-108
100000018,1708,536,1172
100000019,4457,1731,2726
100000020,1516,5473,-3957
100000021,5073,2222,2851
100000022,1892,1240,652
100000023,5773,1152,4621
100000025,2401,652,1749
100000028,2101,789,1312
100000029,222,176,46
100000030,515,44,471
100000031,3799,6126,-2327
100000032,2239,4473,-2234
100000033,1301,2715,-1414
100000034,562,306,256
100000035,1574,808,766
100000036,2234,1393,841
100000037,462,453,9
100000038,1665,904,761
100000039,752,216,536
100000040,179,201,-22
100000041,970,364,606
100000042,904,404,500
100000043,803,320,483
100000044,432,687,-255
100000045,628,1070,-442
100000046,680,1080,-400
100000047,380,664,-284
100000048,667,596,71
100000049,1652,2075,-423
100000051,563,993,-430
100000053,149,7,142
100000054,468,46,422
100000055,1475,262,1213
100000056,534,595,-61
100000057,1651,748,903
100000058,971,1220,-249
100000059,21,81,-60
100000060,379,415,-36
100000061,2097,593,1504
100000062,2059,625,1434
100000063,634,257,377
100000064,1435,436,999
100000065,580,788,-208
100000066,311,619,-308
100000067,640,715,-75
100000068,582,1445,-863
100000069,469,1537,-1068
100000072,401,1127,-726
100000073,1445,1135,310
100000075,811,320,491
100000076,3904,2404,1500
100000077,481,112,369
100000078,80,27,53
100000079,42,34,8
100000080,23,21,2
100000081,103,69,34
100000102,4064,1226,2838
100000103,4892,714,4178
100000104,4294,1620,2674
100000105,3281,819,2462
100000106,2528,1429,1099
100000107,605,549,56
100000108,1188,856,332
100000109,4727,1054,3673
100000116,1644,636,1008
100000117,101,51,50
100000118,2151,610,1541
100000119,821,414,407
100000121,245,515,-270
100000122,1769,903,866
100000123,3522,4303,-781
100000124,5586,5948,-362
100000125,2281,820,1461
100000126,913,271,642
100000127,2641,362,2279
100000128,1896,927,969
100000129,513,371,142
100000130,251,466,-215
100000131,2317,2604,-287
100000132,970,1642,-672
100000133,4982,2377,2605
100000135,495,848,-353
100000139,405,187,218
100000140,494,169,325
100000142,282,549,-267
100000143,1557,751,806
100000144,4252,861,3391
100000147,895,2549,-1654
100000150,49,329,-280
100000151,737,648,89
100000153,494,280,214
100000154,188,97,91
100000155,38,41,-3
100000156,255,106,149
100000157,37,46,-9
100000158,212,58,154
100000159,804,430,374
100000165,1720,744,976
100000169,504,295,209
100000174,1090,412,678
100000179,117,486,-369
100000180,2507,1003,1504
100000181,556,218,338
100000188,57,280,-223
100000189,787,328,459
100000190,954,435,519
100000191,585,428,157
100000192,53,101,-48
100000193,141,179,-38
100000330,1612,609,1003
100000355,395,456,-61
100000362,6194,3664,2530
100000363,3282,4781,-1499
100000364,365,149,216
100000365,3909,4241,-332
100000366,6652,2531,4121
100000367,4072,3907,165
100000368,3421,1685,1736
100000369,952,1576,-624
100000370,96,388,-292
100000376,180,121,59
100000379,4392,1434,2958
100000380,7162,2134,5028
100000384,5516,3670,1846
100000385,5491,3702,1789
100000386,7922,3960,3962
100000387,6607,3649,2958
100000388,7141,4077,3064
100000389,6948,4284,2664
100000390,6834,3503,3331
100000391,4893,4556,337
100000392,5498,1859,3639
100000393,2537,2359,178
100000394,10190,4146,6044
100000395,4604,2134,2470
100000396,9915,2233,7682
100000397,5666,2675,2991
100000398,11794,7375,4419
100000413,54,4,50
100000414,420,259,161
100900002,4,45,-41
100900003,322,139,183
100900004,22,633,-611
100900005,92,18,74
100900006,8,142,-134
100900007,318,4,314
100900008,1,399,-398
100900009,31,70,-39
100900010,58,92,-34
100900011,79,245,-166
100900012,0,238,-238
100900013,797,8,789
100900014,1,9,-8
100900015,127,127,0
100900016,4,30,-26
100900017,673,47,626
100900018,0,29,-29
100900019,8,110,-102
100900020,408,16,392
100900021,356,0,356
100900022,10,17,-7
100900023,0,13,-13
100900024,756,8,748
100900025,9,10,-1
100900026,96,98,-2
100900027,287,2517,-2230
100900028,114,138,-24
100900029,89,10,79
100900030,2,40,-38
100900031,415,23,392
100900032,304,2,302
100900033,195,142,53
100900034,407,1,406
100900035,689,0,689
100900036,14,1,13
100900037,59,206,-147
100900038,251,38,213
100900039,294,581,-287
100900040,228,591,-363
100900041,432,670,-238
100900042,1325,299,1026
100900043,0,6,-6
100900044,2727,482,2245
100900045,85,1,84
100900046,1104,9,1095
100900047,682,85,597
100900048,131,20,111
100900049,75,218,-143
100900050,2,18,-16
100900051,53,46,7
100900052,191,20,171
100900053,220,37,183
100900054,36,63,-27
100900055,164,518,-354
100900056,140,210,-70
100900057,511,1425,-914
100900058,302,21,281
100900059,147,0,147
100900060,101,13,88
100900061,352,315,37
100900062,0,47,-47
100900063,125,537,-412
100900064,766,16,750
100900065,95,96,-1
100900066,93,164,-71
100900067,2,6,-4
100900068,46,49,-3
100900069,1193,9,1184
100900070,205,11,194
100900071,684,298,386
100900072,0,63,-63
100900073,95,428,-333
100900074,10,16,-6
100900075,1572,292,1280
100900076,16,48,-32
100900077,10,98,-88
100900078,173,355,-182
100900079,7,17,-10
100900080,20,140,-120
100900081,130,172,-42
100900082,107,655,-548
100900083,9,41,-32
100900085,25,91,-66
100900086,170,1102,-932
100900088,85,578,-493
100900089,2,29,-27
100900090,146,330,-184
100900091,0,31,-31
100900092,194,275,-81
100900093,159,343,-184
100900094,74,530,-456
100900095,2,52,-50
100900096,20,83,-63
100900097,0,7,-7
100900098,18,15,3
100900099,22,468,-446
100900100,4,235,-231
100900101,241,31,210
100900102,4,48,-44
100900103,14,13,1
100900104,12,120,-108
100900105,15,177,-162
100900106,30,4,26
100900107,1647,543,1104
100900108,0,9,-9
100900109,23,30,-7
100900110,0,6,-6
100900111,34,129,-95
100900112,4,7,-3
100900113,6,12,-6
100900114,15,18,-3
100900115,0,32,-32
100900116,552,934,-382
100900117,261,528,-267
100900118,24,64,-40
100900119,19,16,3
100900120,8,12,-4
100900121,183,570,-387
100900122,133,195,-62
100900123,55,131,-76
100900124,12,18,-6
100900125,9,48,-39
100900126,112,172,-60
100900127,5,12,-7
100900128,67,190,-123
100900129,7,84,-77
100900131,45,148,-103
100900133,87,33,54
100900134,3,17,-14
100900135,0,130,-130
100900137,283,212,71
100900138,443,365,78
100900139,34,12,22
100900140,5,548,-543
100900141,1,252,-251
100900142,1,8,-7
100900143,774,337,437
100900144,8,1,7
100900145,51,139,-88
100900146,0,33,-33
100900147,18,183,-165
100900148,38,776,-738
100900149,36,77,-41
100900150,0,37,-37
100900151,115,441,-326
100900152,54,35,19
100900153,9,129,-120
100900154,4,23,-19
100900155,22,21,1
100900156,17,1,16
100900157,9,144,-135
100900159,10,20,-10
100900160,19,21,-2
100900161,60,2,58
100900162,14,201,-187
100900163,168,196,-28
100900164,39,34,5
100900165,10,79,-69
100900166,34,5,29
100900167,7,43,-36
100900168,28,136,-108
100900169,123,848,-725
100900170,13,4,9
100900171,15,666,-651
100900172,0,6,-6
100900173,7,471,-464
100900174,595,55,540
100900176,1111,117,994
100900177,667,256,411
100900178,456,134,322
100900179,81,72,9
100900180,1,6,-5
100900181,94,72,22
100900182,14,13,1
100900184,13,139,-126
100900186,647,576,71
100900187,5,115,-110
100900188,41,13,28
100900189,606,165,441
100900191,1424,952,472
100900192,356,224,132
100900195,179,107,72
100900197,5,19,-14
100900198,14,248,-234
100900199,1,2,-1
100900200,614,391,223
100900201,42,503,-461
100900202,69,0,69
100900203,2,51,-49
100900204,602,184,418
100900205,165,343,-178
100900206,87,68,19
100900207,177,89,88
100900210,47,598,-551
100900211,308,121,187
100900213,39,21,18
100900214,741,140,601
100900215,6,29,-23
100900217,147,104,43
101000001,4191,2302,1889
101000002,3551,3448,103
101000003,676,1907,-1231
101000004,8495,8514,-19
101000005,3415,4248,-833
101000006,6185,7418,-1233
101000007,1792,2636,-844
101000009,1789,1891,-102
101000010,869,1421,-552
101000011,1595,560,1035
101000012,2392,789,1603
101000013,529,935,-406
101000014,653,656,-3
101000015,957,763,194
101000016,532,331,201
101000017,650,454,196
101000018,6073,2462,3611
101000020,5094,991,4103
101000021,1732,351,1381
101000022,10,0,10
101000023,2814,756,2058
101000025,166,370,-204
101000026,665,21,644
101000027,2333,1760,573
101000028,950,174,776
101000029,147,691,-544
101000030,1618,51,1567
101000031,566,175,391
101000032,10580,2555,8025
101000033,3144,2232,912
101000034,3752,1218,2534
101000035,1050,290,760
101000036,1854,685,1169
101000037,4610,1160,3450
101000039,3065,1229,1836
101000040,3800,2552,1248
101000041,11716,5554,6162
101000042,737,710,27
101000043,8320,4143,4177
101000045,1659,666,993
101000046,3727,545,3182
101000047,1975,1178,797
101000048,657,710,-53
101000049,836,1027,-191
101000050,1493,977,516
101000051,1811,1452,359
101000052,1855,539,1316
101000053,705,1436,-731
101000054,1070,838,232
101000055,1350,1185,165
101000056,70,88,-18
101000057,2270,753,1517
101000058,1601,829,772
101000059,3893,1568,2325
101000060,1632,464,1168
101000061,929,1083,-154
101000062,970,556,414
101000063,879,614,265
101000064,1713,670,1043
101000065,365,351,14
101000066,765,448,317
101000067,1325,523,802
101000068,507,225,282
101000069,696,58,638
101000070,1557,739,818
101000071,1742,710,1032
101000072,834,3416,-2582
101000073,683,484,199
101000074,5256,2269,2987
101000075,5089,2273,2816
101000077,872,877,-5
101000078,894,1634,-740
101000079,628,361,267
101000080,712,275,437
101000081,1146,1353,-207
101000082,3554,2839,715
101000083,1950,2109,-159
101000084,1288,1009,279
101000085,1562,1192,370
101000086,1012,1086,-74
101000087,741,1215,-474
101000088,797,1004,-207
101000089,732,1440,-708
101000090,2031,1376,655
101000091,253,1215,-962
101000092,716,1230,-514
101000093,1291,779,512
101000094,621,1219,-598
101000095,269,706,-437
101000096,369,632,-263
101000097,1561,300,1261
101000098,694,508,186
101000099,1067,1261,-194
101000100,864,602,262
101000101,443,312,131
101000102,1407,333,1074
101000103,988,363,625
101000104,429,567,-138
101000105,1173,273,900
101000106,814,437,377
101000107,110,363,-253
101000108,1071,332,739
101000109,194,64,130
101000110,38,579,-541
101000111,84,172,-88
101000113,152,819,-667
101000114,7131,2355,4776
101000115,222,179,43
101000116,132,130,2
101000117,414,227,187
101000119,159,26,133
101000120,255,20,235
101000121,99,29,70
101000122,159,53,106
101000123,96,47,49
101000124,350,140,210
101000125,298,547,-249
101000128,1102,211,891
101000130,203,208,-5
101000131,502,555,-53
101000132,476,1644,-1168
101000135,59,15,44
101000136,578,78,500
101000137,25,193,-168
101000141,1928,2396,-468
101000147,1147,478,669
101000148,2305,13,2292
101000149,179,67,112
101000150,54,916,-862
101000151,90,70,20
101000152,336,319,17
101000153,580,416,164
101000154,213,1432,-1219
101000155,210,191,19
101000156,21,297,-276
101000157,41,21,20
101000160,133,72,61
101000163,264,130,134
101000164,625,552,73
101000165,201,319,-118
101000166,167,295,-128
101000168,906,399,507
101000252,1594,944,650
101000254,394,40,354
101000258,28,14,14
101000261,143,21,122
101000262,1253,1436,-183
101000263,194,556,-362
101000265,68,547,-479
101000266,274,237,37
101000269,120,6,114
101000290,1120,2920,-1800
101000293,15,52,-37
101000294,433,336,97
101000295,108,486,-378
101000301,640,265,375
101000304,2410,2676,-266
101000305,3238,1701,1537
101000328,116,343,-227
101900001,23,51,-28
101900002,0,16,-16
101900003,122,78,44
101900004,11,43,-32
101900005,4853,1360,3493
101900006,794,330,464
101900007,553,62,491
101900008,126,259,-133
101900009,75,499,-424
101900010,1025,616,409
101900011,193,1371,-1178
101900012,91,367,-276
101900013,1392,125,1267
101900017,14,139,-125
101900018,1448,282,1166
101900019,329,121,208
101900020,63,109,-46
101900021,0,51,-51
101900022,63,1222,-1159
101900023,99,223,-124
101900026,119,35,84
101900027,14,136,-122
102000001,3411,3730,-319
102000002,3024,1150,1874
102000003,3202,5545,-2343
102000004,7138,2792,4346
102000005,1292,2001,-709
102000006,1868,1779,89
102000007,1417,4231,-2814
102000008,5885,1655,4230
102000009,4782,6990,-2208
102000010,5255,3525,1730
102000011,2765,2159,606
102000012,4057,3589,468
102000018,2865,2687,178
102000019,2705,1632,1073
102000026,238,1050,-812
102000029,345,234,111
102000030,108,322,-214
102000031,76,212,-136
102000032,358,418,-60
102000033,189,453,-264
102000034,426,501,-75
102000035,693,596,97
102000036,29,428,-399
102000037,180,92,88
102000038,214,225,-11
102000039,234,91,143
102000040,538,139,399
102000041,183,356,-173
102000042,387,175,212
102000043,421,199,222
102000044,1316,516,800
102000045,555,1030,-475
102000046,1054,583,471
102000047,624,987,-363
102000048,251,813,-562
102000049,1052,800,252
102000050,1029,1221,-192
102000051,347,717,-370
102000052,1225,819,406
102000053,1156,887,269
102000054,463,800,-337
102000055,723,932,-209
102000056,469,1569,-1100
102000057,1147,518,629
102000058,1063,1804,-741
102000059,1551,1222,329
102000060,1156,832,324
102000061,1150,1950,-800
102000062,1083,1018,65
102000063,960,1523,-563
102000064,547,615,-68
102000065,33,97,-64
102000066,861,1273,-412
102000067,2372,2980,-608
102000068,10897,3082,7815
102000069,55,1577,-1522
102000070,1916,47,1869
102000071,8613,9153,-540
102000072,3330,4509,-1179
102000073,569,468,101
102000074,572,805,-233
102000075,113,253,-140
102000076,156,450,-294
102000077,274,1094,-820
102000078,606,937,-331
102000079,112,244,-132
102000080,232,203,29
102000081,399,691,-292
102000082,685,305,380
102000083,468,348,120
102000084,155,380,-225
102000085,1420,1251,169
102000086,850,1308,-458
102000087,791,1638,-847
102000088,198,292,-94
102000089,864,374,490
102000090,338,926,-588
102000091,1495,355,1140
102000092,261,892,-631
102000093,526,619,-93
102000094,939,544,395
102000095,916,786,130
102000096,481,602,-121
102000097,822,676,146
102000098,432,576,-144
102000099,807,518,289
102000100,668,820,-152
102000101,929,380,549
102000102,298,2537,-2239
102000103,1140,339,801
102000104,909,278,631
102000105,198,679,-481
102000106,595,819,-224
102000107,991,529,462
102000108,558,216,342
102000109,750,636,114
102000110,570,1538,-968
102000111,7,285,-278
102000112,175,78,97
102000113,9,28,-19
102000114,932,325,607
102000115,205,247,-42
102000116,844,309,535
102000117,435,440,-5
102000118,1659,981,678
102000119,2460,557,1903
102000120,197,408,-211
102000121,824,419,405
102000122,370,688,-318
102000123,1202,1022,180
102000124,843,937,-94
102000125,727,1340,-613
102000126,507,610,-103
102000127,984,742,242
102000128,527,843,-316
102000129,1483,726,757
102000130,579,553,26
102000131,1570,475,1095
102000132,574,459,115
102000133,1298,2264,-966
102000134,527,668,-141
102000135,872,1148,-276
102000136,924,630,294
102000137,804,473,331
102000138,182,336,-154
102000139,145,308,-163
102000140,613,149,464
102000141,183,357,-174
102000142,351,369,-18
102000143,124,444,-320
102000144,249,454,-205
102000145,222,459,-237
102000146,318,305,13
102000147,345,445,-100
102000148,180,490,-310
102000149,138,545,-407
102000150,218,162,56
102000151,154,344,-190
102000152,125,156,-31
102000153,1039,472,567
102000154,472,749,-277
102000155,150,271,-121
102000156,476,96,380
102000157,131,233,-102
102000158,618,447,171
102000159,1119,416,703
102000161,3729,1971,1758
102000162,274,145,129
102000163,81,391,-310
102000164,842,878,-36
102000165,331,128,203
102000166,131,185,-54
102000167,230,147,83
102000168,212,133,79
102000169,137,739,-602
102000170,615,189,426
102000171,190,61,129
102000172,218,323,-105
102000173,481,281,200
102000174,30,61,-31
102000175,106,108,-2
102000176,38,18,20
102000178,302,469,-167
102000179,614,263,351
102000180,558,463,95
102000181,490,722,-232
102000182,479,614,-135
102000183,1393,2019,-626
102000184,1468,811,657
102000185,2186,1538,648
102000186,1029,1980,-951
102000187,810,1831,-1021
102000188,725,1364,-639
102000189,2472,834,1638
102000190,370,2179,-1809
102000191,1159,584,575
102000192,891,1074,-183
102000193,41,167,-126
102000194,87,123,-36
102000195,515,446,69
102000196,167,488,-321
102000197,576,352,224
102000198,195,865,-670
102000199,765,318,447
102000200,263,1037,-774
102000201,634,399,235
102000202,6,111,-105
102000203,329,281,48
102000204,303,859,-556
102000205,939,516,423
102000206,761,637,124
102000207,1350,426,924
102000208,544,506,38
102000209,50,35,15
102000210,495,551,-56
102000211,309,299,10
102000212,291,12,279
102000213,2,372,-370
102000214,240,18,222
102000215,7,439,-432
102000216,46,65,-19
102000217,10,165,-155
102000218,228,140,88
102000219,420,278,142
102000225,771,627,144
102000226,2148,609,1539
102000227,220,2,218
102000228,0,97,-97
102000229,31,37,-6
102000230,282,591,-309
102000231,288,489,-201
102000232,9,257,-248
102000233,292,688,-396
102000234,135,1026,-891
102000236,208,75,133
102000237,841,172,669
102000238,167,285,-118
102000240,727,499,228
102000241,157,86,71
102000243,5,57,-52
102000245,16,105,-89
102000246,15,25,-10
102000247,1183,850,333
102000248,683,727,-44
102000249,107,163,-56
102000250,49,423,-374
102000254,89,363,-274
102000266,49,146,-97
102000271,23,2,21
102000286,443,409,34
102000297,1686,1042,644
102000305,0,0,0
102000307,0,2,-2
102000316,243,383,-140
102900001,1011,810,201
102900002,314,21,293
102900003,60,289,-229
102900005,208,315,-107
102900006,412,216,196
102900007,359,18,341
102900008,128,60,68
102900009,480,187,293
102900010,608,388,220
102900011,1729,333,1396
102900012,296,77,219
102900013,24,51,-27
102900015,765,428,337
102900016,45,134,-89
102900017,77,587,-510
102900018,24,146,-122
102900019,382,408,-26
102900020,125,49,76
102900021,20,138,-118
102900022,667,119,548
102900023,16,49,-33
102900024,34,35,-1
102900025,298,86,212
102900026,530,1401,-871
102900027,32,48,-16
102900028,146,677,-531
102900029,124,185,-61
102900030,555,294,261
102900031,172,126,46
102900032,52,96,-44
102900033,86,192,-106
102900034,309,105,204
102900035,202,362,-160
102900036,312,568,-256
102900037,246,640,-394
102900038,461,735,-274
102900039,10,357,-347
102900040,111,226,-115
102900041,72,177,-105
102900042,145,312,-167
102900043,99,248,-149
102900044,413,1808,-1395
102900045,65,503,-438
102900046,114,246,-132
102900047,63,579,-516
102900048,531,639,-108
102900049,93,340,-247
102900050,219,371,-152
102900051,153,197,-44
102900053,316,680,-364
102900054,758,766,-8
102900055,72,128,-56
102900056,129,521,-392
102900057,3,47,-44
102900058,278,81,197
102900059,23,43,-20
102900060,110,421,-311
102900061,112,511,-399
102900062,162,1096,-934
102900063,930,370,560
102900064,107,415,-308
102900065,1535,485,1050
102900066,281,32,249
102900068,81,72,9
102900070,161,515,-354
102900072,16,24,-8
102900073,166,6,160
102900075,73,46,27
102900076,230,74,156
102900077,40,44,-4
102900078,44,111,-67
102900079,159,20,139
102900080,328,26,302
102900081,86,269,-183
102900082,3,186,-183
102900083,312,11,301
102900084,2,24,-22
102900085,295,117,178
102900086,11,41,-30
102900087,80,85,-5
102900088,60,36,24
102900089,278,133,145
102900090,1,349,-348
102900091,159,3,156
102900092,197,900,-703
102900094,1,61,-60
102900095,58,0,58
102900096,40,30,10
102900097,1,97,-96
103000001,2424,3164,-740
103000002,2838,2544,294
103000003,4159,2967,1192
103000004,718,695,23
103000005,1782,3429,-1647
103000006,604,1522,-918
103000007,393,729,-336
103000008,1291,903,388
103000009,1098,873,225
103000010,241,197,44
103000011,1558,1074,484
103000012,1169,1362,-193
103000013,5331,2107,3224
103000014,1216,2559,-1343
103000015,2281,717,1564
103000016,416,1338,-922
103000017,108,343,-235
103000018,921,465,456
103000019,214,272,-58
103000020,3363,1427,1936
103000021,1880,1433,447
103000022,1192,1140,52
103000023,566,1787,-1221
103000024,95,212,-117
103000025,82,442,-360
103000026,1440,90,1350
103000027,260,374,-114
103000028,413,290,123
103000029,192,138,54
103000030,1731,659,1072
103000031,1414,2073,-659
103000032,1666,1726,-60
103000033,2365,2652,-287
103000034,1662,915,747
103000035,324,1433,-1109
103000036,407,496,-89
103000037,478,386,92
103000038,381,870,-489
103000039,284,534,-250
103000040,370,1263,-893
103000041,1641,2688,-1047
103000042,1026,687,339
103000043,443,1239,-796
103000044,114,210,-96
103000046,205,550,-345
103000047,656,665,-9
103000048,112,222,-110
103000049,94,181,-87
103000050,663,674,-11
103000051,377,521,-144
103000052,840,398,442
103000053,123,500,-377
103000054,2423,1312,1111
103000055,1914,2195,-281
103000056,490,1982,-1492
103000057,355,356,-1
103000058,525,815,-290
103000059,356,812,-456
103000060,1025,675,350
103000061,325,905,-580
103000062,1011,587,424
103000063,540,693,-153
103000064,140,245,-105
103000065,7,471,-464
103000066,257,4,253
103000069,272,463,-191
103000070,925,918,7
103000071,927,438,489
103000072,123,830,-707
103000073,458,124,334
103000074,518,84,434
103000075,82,771,-689
103000076,208,292,-84
103000077,38,325,-287
103000078,1339,482,857
103000079,1226,532,694
103000080,908,275,633
103000081,423,776,-353
103000082,412,190,222
103000083,96,312,-216
103000084,124,4,120
103000085,4,112,-108
103000086,935,325,610
103000087,141,500,-359
103000088,456,357,99
103000089,239,573,-334
103000090,1570,726,844
103000091,502,547,-45
103000092,305,274,31
103000093,241,430,-189
103000094,148,106,42
103000095,40,366,-326
103000096,519,88,431
103000097,78,678,-600
103000098,1147,149,998
103000099,514,610,-96
103000100,109,803,-694
103000101,764,144,620
103000102,86,642,-556
103000103,546,203,343
103000104,92,129,-37
103000105,104,110,-6
103000106,21,73,-52
103000107,168,65,103
103000108,1147,581,566
103000109,374,344,30
103000110,358,462,-104
103000111,528,382,146
103000112,386,210,176
103000113,1087,705,382
103000114,2606,342,2264
103000115,370,581,-211
103000116,421,513,-92
103000117,225,451,-226
103000118,1291,901,390
103000119,1881,657,1224
103000120,155,109,46
103000121,390,641,-251
103000122,381,289,92
103000125,7,343,-336
103000126,448,3,445
103000127,0,203,-203
103000128,138,3,135
103000129,0,142,-142
103000130,58,32,26
103000131,176,81,95
103000132,106,90,16
103000133,7,53,-46
103000134,454,636,-182
103000135,698,228,470
103000136,613,411,202
103000137,610,590,20
103000138,720,520,200
103000139,2,68,-66
103000140,176,21,155
103000141,41,105,-64
103000142,143,52,91
103000143,75,187,-112
103000144,172,49,123
103000145,34,20,14
103000150,113,52,61
103000152,385,216,169
103000153,413,168,245
103000156,6,479,-473
103000157,323,2,321
103000159,67,35,32
103000162,130,25,105
103000163,19,28,-9
103000164,54,16,38
103000165,181,385,-204
103000166,153,226,-73
103000167,168,122,46
103000168,70,166,-96
103000169,155,352,-197
103000170,535,437,98
103000171,58,60,-2
103000172,190,350,-160
103000173,324,481,-157
103000174,116,355,-239
103000175,139,423,-284
103000176,729,413,316
103000177,640,491,149
103000178,266,300,-34
103000179,146,30,116
103000183,96,19,77
103000185,68,51,17
103000186,95,215,-120
103000187,376,581,-205
103000188,14,32,-18
103000189,1985,1000,985
103000191,411,442,-31
103000292,2747,1447,1300
103000293,1066,1540,-474
103000295,93,103,-10
103000296,394,4,390
103000297,13,2,11
103000504,93,14,79
103000505,10,3,7
103000506,3,275,-272
103000507,140,7,133
103000508,47,26,21
103000509,247,561,-314
103900001,5,361,-356
103900002,1479,160,1319
103900003,1250,22,1228
103900004,110,6,104
103900005,2,247,-245
103900006,1,1,0
103900007,42,7,35
103900008,35,2,33
103900009,204,382,-178
103900010,184,342,-158
103900011,194,165,29
103900012,4,27,-23
103900013,35,79,-44
103900014,27,26,1
103900015,27,13,14
103900016,166,214,-48
103900017,18,111,-93
103900018,488,236,252
103900019,87,195,-108
103900020,191,327,-136
103900021,712,62,650
103900022,709,666,43
103900023,96,3,93
103900024,90,456,-366
103900025,8,29,-21
103900026,48,2,46
103900027,720,331,389
103900028,19,263,-244
103900029,795,154,641
103900030,733,46,687
103900031,13,0,13
103900032,35,42,-7
103900033,267,8,259
103900034,17,241,-224
103900035,53,51,2
103900036,56,37,19
103900037,80,40,40
103900038,41,77,-36
103900039,43,524,-481
103900040,22,156,-134
103900041,48,31,17
103900042,31,366,-335
103900043,101,96,5
103900044,167,311,-144
103900045,222,203,19
103900047,51,24,27
103900048,73,14,59
103900049,205,1227,-1022
103900050,4,86,-82
103900051,1,37,-36
103900052,164,522,-358
103900053,101,819,-718
103900054,127,455,-328
103900055,399,189,210
103900056,28,42,-14
103900057,25,265,-240
103900058,195,786,-591
103900059,0,2,-2
103900060,30,224,-194
103900061,93,59,34
103900062,235,95,140
103900063,9,2,7
103900064,67,2,65
103900065,628,299,329
103900066,122,10,112
103900067,129,4,125
103900068,2,0,2
103900069,120,13,107
103900070,101,249,-148
103900071,17,149,-132
103900072,10,261,-251
103900073,35,39,-4
103900074,63,112,-49
103900075,179,85,94
103900076,352,718,-366
103900077,88,110,-22
103900078,148,170,-22
103900079,66,223,-157
103900080,10,37,-27
103900081,190,31,159
103900082,17,122,-105
103900083,1839,1117,722
103900084,70,152,-82
103900085,76,120,-44
103900086,480,240,240
103900088,347,260,87
103900089,48,145,-97
103900090,1,157,-156
103900091,1026,226,800
103900092,954,485,469
103900093,108,297,-189
103900094,8,131,-123
103900095,608,169,439
103900096,32,253,-221
103900097,12,493,-481
103900098,142,87,55
103900099,36,207,-171
103900100,163,484,-321
103900101,44,1081,-1037
103900102,1,34,-33
103900104,0,26,-26
103900105,43,127,-84
103900106,0,17,-17
103900107,64,284,-220
103900108,36,358,-322
103900109,59,99,-40
103900110,204,39,165
103900111,77,632,-555
103900112,22,66,-44
103900113,122,212,-90
103900114,437,279,158
103900115,205,212,-7
103900116,4696,1971,2725
103900117,182,76,106
103900119,23,53,-30
103900120,40,108,-68
103900122,63,216,-153
103900123,1210,499,711
103900124,42,568,-526
103900125,72,84,-12
103900126,401,505,-104
103900127,116,529,-413
103900128,81,184,-103
103900131,31,112,-81
103900133,857,46,811
103900134,0,1,-1
103900135,15,8,7
103900137,1,35,-34
103900138,58,394,-336
103900139,827,1452,-625
103900140,1,79,-78
103900141,234,85,149
103900142,146,201,-55
103900143,45,3,42
103900144,0,46,-46
103900145,195,253,-58
103900146,293,286,7
103900147,418,107,311
103900148,170,193,-23
103900149,203,799,-596
103900150,7106,3249,3857
103900151,29,97,-68
103900152,318,514,-196
103900153,18,7,11
103900154,868,1331,-463
103900155,34,249,-215
103900156,50,192,-142
103900157,24,209,-185
103900158,37,193,-156
103900159,129,54,75
103900160,74,16,58
103900161,84,211,-127
103900162,46,256,-210
103900163,5,493,-488
103900167,7,44,-37
103900168,97,94,3
103900169,47,34,13
103900170,5,127,-122
103900171,2,44,-42
103900172,7,30,-23
103900173,6,13,-7
103900174,74,59,15
103900175,59,39,20
103900176,6,30,-24
103900177,18,76,-58
103900178,25,64,-39
103900179,48,174,-126
103900180,7,80,-73
103900181,86,39,47
103900182,46,26,20
103900184,543,70,473
103900185,227,238,-11
103900187,108,46,62
103900188,46,16,30
103900189,77,4,73
103900190,53,47,6
103900191,28,39,-11
103900192,17,64,-47
103900193,155,97,58
103900194,85,263,-178
103900195,3,59,-56
103900196,20,29,-9
103900197,58,69,-11
103900198,5,37,-32
103900199,151,61,90
103900200,93,128,-35
103900201,63,166,-103
103900202,5,56,-51
103900203,18,19,-1
103900204,1,140,-139
103900207,0,148,-148
103900208,76,4,72
103900209,4,110,-106
103900210,38,10,28
103900211,372,476,-104
103900212,105,463,-358
103900213,134,174,-40
103900214,363,128,235
103900215,456,254,202
103900216,28,72,-44
103900217,340,5,335
103900218,29,453,-424
103900219,134,344,-210
103900233,22,3,19
103900235,61,22,39
103900236,12,7,5
103900242,7,26,-19
103900243,9,7,2
103900244,54,253,-199
103900245,114,177,-63
103900246,70,42,28
103900247,49,120,-71
103900248,15,28,-13
103900249,11,33,-22
103900250,47,32,15
103900251,4,62,-58
103900253,107,70,37
103900254,8,14,-6
103900255,61,13,48
103900256,38,23,15
103900257,188,228,-40
103900258,55,3,52
103900259,153,4,149
103900261,7,4,3
103900262,40,5,35
103900263,43,87,-44
103900264,68,15,53
103900265,57,7,50
103900266,0,55,-55
103900267,35,93,-58
103900268,42,151,-109
103900269,254,137,117
103900270,58,290,-232
103900271,232,205,27
103900272,55,88,-33
103900273,32,76,-44
103900274,38,5,33
103900275,12,2,10
103900277,1,124,-123
103900278,593,173,420
103900279,118,29,89
103900280,10,311,-301
103900281,34,33,1
103900282,71,9,62
103900283,164,11,153
103900284,9,20,-11
103900285,58,64,-6
103900286,34,42,-8
103900287,9,60,-51
103900288,208,137,71
103900289,529,161,368
103900290,256,46,210
103900291,39,38,1
103900292,325,110,215
103900293,10,72,-62
103900294,10,292,-282
104000001,2199,2184,15
104000002,1733,3302,-1569
104000003,2404,2579,-175
104000004,2899,3119,-220
104000005,1310,1915,-605
104000006,2766,3507,-741
104000007,4281,4502,-221
104000008,368,407,-39
104000009,112,168,-56
104000010,142,226,-84
104000011,731,349,382
104000012,154,444,-290
104000013,136,165,-29
104000014,286,787,-501
104000015,265,132,133
104000016,627,465,162
104000018,580,168,412
104000019,462,123,339
104000020,177,643,-466
104000021,319,585,-266
104000022,137,240,-103
104000023,545,446,99
104000024,225,351,-126
104000026,77,354,-277
104000027,390,356,34
104000028,323,332,-9
104000029,427,495,-68
104000030,262,318,-56
104000031,891,381,510
104000032,229,370,-141
104000033,457,400,57
104000034,261,414,-153
104000035,648,388,260
104000036,616,570,46
104000037,267,293,-26
104000038,298,555,-257
104000039,191,296,-105
104000040,428,327,101
104000041,782,315,467
104000042,294,474,-180
104000043,325,419,-94
104000044,261,793,-532
104000045,1123,1382,-259
104000046,1500,1687,-187
104000047,727,1142,-415
104000048,882,1694,-812
104000049,502,328,174
104000050,270,634,-364
104000051,96,656,-560
104000052,1730,1948,-218
104000053,988,662,326
104000054,326,418,-92
104000055,3890,2474,1416
104000056,1579,381,1198
104000057,242,642,-400
104000058,716,850,-134
104000059,637,1450,-813
104000060,1164,1236,-72
104000061,1622,1222,400
104000062,463,320,143
104000064,585,327,258
104000065,264,488,-224
104000069,1387,817,570
104000070,79,365,-286
104000071,305,558,-253
104000072,584,409,175
104000075,45,313,-268
104000076,465,63,402
104000082,2041,2978,-937
104000083,731,224,507
104000084,165,556,-391
104000085,308,265,43
104000086,206,438,-232
104000087,380,1291,-911
104000090,616,1321,-705
104000092,824,2484,-1660
104000094,872,1647,-775
104000095,2028,1549,479
104000096,1235,329,906
104000097,1497,1097,400
104000098,1513,1102,411
104000100,1261,703,558
104000101,1276,2437,-1161
104000106,221,745,-524
104000107,590,373,217
104000108,259,516,-257
104000109,273,48,225
104000110,844,996,-152
104000111,4251,1803,2448
104000112,2328,615,1713
104000116,2,1069,-1067
104000117,113,761,-648
104000118,387,206,181
104000119,371,307,64
104000120,192,791,-599
104000121,192,669,-477
104000122,504,787,-283
104000123,1064,1041,23
104000124,891,2135,-1244
104000125,3833,3140,693
104000126,282,409,-127
104000127,1636,3375,-1739
104000128,793,471,322
104000129,399,29,370
104000130,6,205,-199
104000131,907,530,377
104000132,1318,662,656
104000133,1188,947,241
104000134,812,1760,-948
104000135,396,1167,-771
104000136,582,2826,-2244
104000137,1235,319,916
104000138,1128,510,618
104000139,6700,2402,4298
104000141,1022,1441,-419
104000142,563,861,-298
104000143,545,555,-10
104000144,74,216,-142
104000145,408,242,166
104000146,376,673,-297
104000147,138,397,-259
104000148,240,194,46
104000149,163,347,-184
104000150,699,442,257
104000151,467,466,1
104000152,534,637,-103
104000153,438,477,-39
104000154,1149,716,433
104000155,318,512,-194
104000157,1044,1572,-528
104000158,314,318,-4
104000159,625,455,170
104000160,1442,1636,-194
104000161,253,147,106
104000162,75,149,-74
104000165,1614,1008,606
104000167,455,808,-353
104000168,550,10,540
104000169,52,50,2
104000170,453,364,89
104000248,248,809,-561
104000251,70,222,-152
104000272,0,0,0
104000273,0,0,0
104000274,0,0,0
104000275,0,0,0
104000279,3273,1712,1561
104000290,159,343,-184
104000291,961,1281,-320
104000293,901,688,213
104000294,18,0,18
104000295,634,835,-201
104000296,361,956,-595
104000297,853,1672,-819
104000298,2073,1050,1023
104000299,933,1794,-861
104000302,119,126,-7
104000303,200,190,10
104900001,129,367,-238
104900002,38,120,-82
104900003,46,268,-222
104900004,81,326,-245
104900005,184,145,39
104900006,211,141,70
104900007,176,230,-54
104900009,99,334,-235
104900010,50,43,7
104900011,9,8,1
104900012,217,52,165
104900013,125,24,101
104900014,2739,311,2428
104900015,88,10,78
104900016,141,241,-100
104900017,215,171,44
104900018,4,189,-185
104900019,348,1719,-1371
104900020,51,274,-223
104900021,6,335,-329
104900022,6,125,-119
104900023,3,106,-103
104900024,13,173,-160
104900025,89,263,-174
104900026,2,129,-127
104900027,223,285,-62
104900028,14,87,-73
104900029,65,144,-79
104900030,379,198,181
104900031,90,243,-153
104900032,48,161,-113
104900033,120,226,-106
104900034,220,90,130
104900035,176,136,40
104900036,125,74,51
104900037,133,267,-134
104900038,549,560,-11
104900039,1049,222,827
104900040,209,74,135
104900041,190,169,21
104900042,126,308,-182
104900043,9,105,-96
104900044,289,177,112
104900045,328,47,281
104900046,122,90,32
104900047,178,105,73
104900048,213,44,169
104900049,11,19,-8
104900050,153,54,99
104900051,265,33,232
104900052,43,5,38
104900053,393,74,319
104900054,108,35,73
104900055,72,0,72
104900056,136,13,123
104900057,20,1,19
104900058,683,128,555
104900059,88,30,58
104900061,176,525,-349
104900063,49,202,-153
104900064,1,87,-86
104900065,2,172,-170
104900066,0,182,-182
104900067,1,232,-231
104900068,3,187,-184
104900070,189,248,-59
104900071,0,578,-578
104900072,53,213,-160
104900073,29,233,-204
104900074,44,219,-175
104900075,44,58,-14
104900076,77,264,-187
104900077,1088,142,946
104900078,164,574,-410
104900079,92,371,-279
104900080,103,429,-326
104900082,11,372,-361
104900085,4,180,-176
104900089,126,0,126
104900091,430,576,-146
104900093,202,452,-250
104900097,2721,1665,1056
104900098,80,43,37
104900099,39,431,-392
104900100,579,232,347
104900102,35,218,-183
104900103,308,95,213
104900106,53,119,-66
104900107,72,258,-186
104900108,17,242,-225
104900109,58,253,-195
104900110,7,49,-42
104900111,130,88,42
104900112,216,851,-635
104900113,527,419,108
104900114,251,566,-315
104900115,417,439,-22
104900116,147,225,-78
104900118,10,77,-67
104900119,4,21,-17
104900120,110,169,-59
104900121,1,117,-116
104900122,3,85,-82
104900123,14,5,9
104900124,43,1,42
104900125,323,170,153
104900126,80,65,15
104900127,19,58,-39
104900128,68,145,-77
104900129,2174,1539,635
105000001,2651,1747,904
105000002,2318,1855,463
105000003,3891,3827,64
105000004,491,1332,-841
105000005,732,1304,-572
105000006,1182,1728,-546
105000007,1235,1499,-264
105000008,1902,2612,-710
105000009,1480,2853,-1373
105000010,3370,2637,733
105000011,2466,2194,272
105000012,4674,3179,1495
105000013,825,1273,-448
105000014,1478,2412,-934
105000015,8168,8993,-825
105000016,3946,2280,1666
105000017,2310,859,1451
105000018,1326,1605,-279
105000019,1721,926,795
105000020,349,485,-136
105000021,699,157,542
105000022,272,63,209
105000023,434,245,189
105000028,71,177,-106
105000029,648,943,-295
105000030,4615,3399,1216
105000031,2,39,-37
105000033,1473,2111,-638
105000034,219,726,-507
105000037,665,358,307
105000038,1604,1457,147
105000039,2760,1819,941
105000040,656,922,-266
105000041,431,1354,-923
105000042,2489,1289,1200
105000043,1845,1862,-17
105000044,462,438,24
105000045,448,954,-506
105000046,800,392,408
105000047,474,1432,-958
105000048,671,200,471
105000049,272,835,-563
105000050,627,417,210
105000051,302,703,-401
105000052,524,942,-418
105000053,177,235,-58
105000054,384,973,-589
105000055,946,359,587
105000056,956,2494,-1538
105000057,1226,962,264
105000058,1632,1455,177
105000059,659,640,19
105000060,639,740,-101
105000061,522,554,-32
105000062,1162,1050,112
105000063,428,673,-245
105000064,1093,867,226
105000065,533,880,-347
105000066,1387,1923,-536
105000067,1186,709,477
105000068,907,916,-9
105000069,3030,1392,1638
105000070,998,741,257
105000071,460,691,-231
105000072,1182,1968,-786
105000073,804,547,257
105000074,1319,965,354
105000075,770,756,14
105000076,1751,1063,688
105000077,2502,856,1646
105000078,1579,1198,381
105000079,2115,2393,-278
105000080,1587,1101,486
105000081,3617,955,2662
105000082,1388,849,539
105000083,3287,1494,1793
105000084,1031,1146,-115
105000085,1629,1168,461
105000086,729,1189,-460
105000087,2248,2236,12
105000088,1702,1727,-25
105000089,3218,2043,1175
105000090,950,777,173
105000091,1747,1542,205
105000092,1009,1190,-181
105000093,420,224,196
105000094,241,181,60
105000095,104,627,-523
105000096,1335,917,418
105000097,1387,715,672
105000098,1173,620,553
105000099,1686,795,891
105000100,988,1102,-114
105000101,1917,2114,-197
105000102,1417,1484,-67
105000103,1493,2330,-837
105000104,1871,989,882
105000105,1248,2242,-994
105000106,1301,1719,-418
105000107,911,1058,-147
105000108,1034,1697,-663
105000109,1232,1661,-429
105000110,545,858,-313
105000111,564,792,-228
105000112,1145,954,191
105000113,358,711,-353
105000114,3756,1201,2555
105000115,387,1127,-740
105000116,567,548,19
105000117,1011,1299,-288
105000118,341,400,-59
105000119,503,1207,-704
105000120,816,562,254
105000121,905,1355,-450
105000122,290,621,-331
105000123,1191,1473,-282
105000124,1396,998,398
105000125,740,2046,-1306
105000126,1889,2049,-160
105000127,2126,2201,-75
105000128,606,1336,-730
105000129,819,436,383
105000130,303,1813,-1510
105000131,1027,488,539
105000132,667,536,131
105000133,403,1093,-690
105000134,468,568,-100
105000135,473,672,-199
105000136,123,421,-298
105000137,298,247,51
105000138,182,429,-247
105000139,1144,1104,40
105000140,312,507,-195
105000141,288,650,-362
105000142,113,529,-416
105000143,184,755,-571
105000144,303,895,-592
105000145,517,498,19
105000146,594,936,-342
105000147,475,385,90
105000148,1138,707,431
105000149,1801,1756,45
105000150,2015,1634,381
105000151,460,346,114
105000152,148,606,-458
105000153,519,498,21
105000154,591,694,-103
105000155,447,620,-173
105000156,1036,791,245
105000157,930,1763,-833
105000158,2027,763,1264
105000159,263,1268,-1005
105000160,1478,689,789
105000161,661,1520,-859
105000162,701,1615,-914
105000163,1414,1138,276
105000164,202,311,-109
105000165,1491,4729,-3238
105000166,6762,773,5989
105000167,2999,1317,1682
105000168,243,821,-578
105000169,414,376,38
105000170,145,1403,-1258
105000171,1100,310,790
105000172,194,41,153
105000173,123,27,96
105000174,71,33,38
105000175,52,123,-71
105000176,162,144,18
105000177,267,196,71
105000178,116,601,-485
105000179,306,156,150
105000180,80,129,-49
105000181,54,390,-336
105000182,38,29,9
105000183,2468,1636,832
105000184,1773,861,912
105000185,1676,636,1040
105000186,684,849,-165
105000187,836,198,638
105000188,373,97,276
105000189,277,515,-238
105000190,220,459,-239
105000191,457,384,73
105000192,187,81,106
105000193,116,136,-20
105000194,376,104,272
105000195,238,814,-576
105000196,107,204,-97
105000197,254,579,-325
105000198,735,305,430
105000199,421,556,-135
105000200,116,223,-107
105000201,159,34,125
105000203,18,270,-252
105000204,98,104,-6
105000205,81,230,-149
105000207,570,193,377
105000208,247,421,-174
105000209,190,333,-143
105000211,193,16,177
105000212,1002,1375,-373
105000213,166,177,-11
105000214,102,325,-223
105000215,201,299,-98
105000216,108,310,-202
105000217,119,288,-169
105000218,795,1180,-385
105000221,192,286,-94
105000222,689,56,633
105000223,291,165,126
105000226,32,378,-346
105000227,43,186,-143
105000228,360,1022,-662
105000229,115,357,-242
105000231,265,282,-17
105000233,786,719,67
105000234,610,1365,-755
105000235,360,624,-264
105000237,628,112,516
105000243,40,53,-13
105000248,142,69,73
105000262,242,1530,-1288
105000269,56,217,-161
105000270,346,75,271
105000271,1,262,-261
105000282,193,82,111
105000287,329,100,229
105000288,431,466,-35
105000289,2955,1397,1558
105000290,53,3,50
105000402,4161,2583,1578
105000426,558,495,63
105000438,3533,961,2572
105000440,18,31,-13
105000446,13241,5438,7803
105000447,8007,3183,4824
105000454,632,1016,-384
105000455,306,181,125
105000474,13,3,10
105000477,221,385,-164
105000478,1497,2955,-1458
105000479,172,121,51
105000480,6721,3519,3202
105000481,3275,2680,595
105000482,6037,4985,1052
105000483,1201,1668,-467
105000484,2948,2947,1
105000485,1389,2241,-852
105000486,4475,2790,1685
105000488,8608,4855,3753
105000489,740,928,-188
105000549,172,162,10
105000550,627,1380,-753
105000551,32,137,-105
105000552,4024,2439,1585
105000555,1712,976,736
105000556,25,49,-24
105000557,70,305,-235
105900001,7,840,-833
105900002,1386,455,931
105900003,11,147,-136
105900004,274,130,144
105900005,5,248,-243
105900006,9,89,-80
105900007,77,20,57
105900008,43,709,-666
105900009,23,23,0
105900011,245,70,175
105900012,400,116,284
105900013,0,20,-20
105900014,5,61,-56
105900015,141,325,-184
105900016,245,563,-318
105900017,844,47,797
105900018,158,282,-124
105900019,36,259,-223
105900020,43,55,-12
105900021,42,173,-131
105900022,275,262,13
105900023,6,80,-74
105900024,7,105,-98
105900025,111,19,92
105900026,333,25,308
105900027,3830,7520,-3690
105900028,480,134,346
105900029,1677,348,1329
105900030,237,275,-38
105900031,426,162,264
105900032,84,118,-34
105900033,336,129,207
105900034,178,274,-96
105900035,147,166,-19
105900036,56,149,-93
105900037,74,89,-15
105900038,111,392,-281
105900039,91,158,-67
105900040,82,110,-28
105900041,250,340,-90
105900042,39,129,-90
105900043,1919,33,1886
105900044,4,352,-348
105900045,6,686,-680
105900046,20,175,-155
105900047,4,29,-25
105900048,92,592,-500
105900050,6415,794,5621
105900051,5,858,-853
105900052,384,271,113
105900053,3687,2131,1556
105900054,380,249,131
105900056,730,203,527
105900057,27,138,-111
105900058,4,22,-18
105900059,0,60,-60
106000001,4274,2502,1772
106000002,2569,5306,-2737
106000003,2906,3815,-909
106000004,2245,3237,-992
106000005,2249,5485,-3236
106000006,5773,4880,893
106000007,423,522,-99
106000008,450,324,126
106000009,490,447,43
106000010,511,694,-183
106000011,748,1069,-321
106000012,789,1546,-757
106000013,1663,1810,-147
106000014,1775,1758,17
106000015,1286,1177,109
106000016,1088,2464,-1376
106000017,591,746,-155
106000018,613,572,41
106000019,355,477,-122
106000020,262,508,-246
106000021,235,484,-249
106000022,410,274,136
106000023,570,482,88
106000024,609,747,-138
106000025,159,234,-75
106000026,126,398,-272
106000027,976,1451,-475
106000028,540,642,-102
106000029,806,1235,-429
106000030,746,320,426
106000034,250,645,-395
106000035,1248,1704,-456
106000036,256,420,-164
106000037,2269,1598,671
106000038,498,121,377
106000039,191,72,119
106000040,219,824,-605
106000041,838,408,430
106000043,649,146,503
106000046,330,52,278
106000047,78,369,-291
106000049,885,229,656
106000050,348,901,-553
106000051,581,386,195
106000052,129,687,-558
106000053,175,116,59
106000054,397,484,-87
106000055,333,281,52
106000056,281,498,-217
106000057,199,284,-85
106000058,141,232,-91
106000059,245,228,17
106000060,380,613,-233
106000061,167,492,-325
106000062,153,676,-523
106000063,625,576,49
106000064,35,430,-395
106000065,295,251,44
106000066,116,365,-249
106000067,282,93,189
106000068,103,766,-663
106000069,180,86,94
106000070,385,872,-487
106000071,801,344,457
106000072,4249,1792,2457
106000073,1815,2964,-1149
106000074,549,848,-299
106000075,315,1331,-1016
106000076,1625,2005,-380
106000077,3541,1570,1971
106000078,786,1009,-223
106000079,468,1058,-590
106000080,1182,748,434
106000081,576,1162,-586
106000082,2185,889,1296
106000083,338,1362,-1024
106000084,1166,685,481
106000085,1422,1491,-69
106000086,619,841,-222
106000087,888,638,250
106000088,423,878,-455
106000089,905,464,441
106000090,258,660,-402
106000091,229,606,-377
106000092,562,319,243
106000093,271,96,175
106000094,123,326,-203
106000095,525,1122,-597
106000096,818,687,131
106000097,805,1148,-343
106000098,571,1070,-499
106000099,186,926,-740
106000100,1117,293,824
106000101,1016,264,752
106000102,188,609,-421
106000103,252,650,-398
106000104,689,428,261
106000105,383,802,-419
106000106,436,577,-141
106000107,131,490,-359
106000108,285,440,-155
106000109,114,351,-237
106000110,217,310,-93
106000111,164,537,-373
106000112,163,511,-348
106000113,840,570,270
106000114,543,475,68
106000115,181,572,-391
106000116,197,236,-39
106000117,892,792,100
106000118,1027,1284,-257
106000119,1942,1259,683
106000120,607,1089,-482
106000121,208,169,39
106000122,98,295,-197
106000123,272,221,51
106000124,43,328,-285
106000125,67,280,-213
106000126,230,142,88
106000127,251,835,-584
106000128,636,313,323
106000129,590,585,5
106000130,577,446,131
106000131,121,909,-788
106000132,737,181,556
106000133,3185,1296,1889
106000134,750,1574,-824
106000135,311,834,-523
106000136,839,1350,-511
106000137,110,1223,-1113
106000138,957,97,860
106000139,68,180,-112
106000140,38,82,-44
106000141,94,99,-5
106000142,73,107,-34
106000143,79,96,-17
106000144,26,78,-52
106000145,258,284,-26
106000146,202,201,1
106000147,774,954,-180
106000148,1062,1186,-124
106000149,398,835,-437
106000150,543,2010,-1467
106000151,4754,704,4050
106000152,1370,1629,-259
106000153,129,1687,-1558
106000154,1478,335,1143
106000155,98,276,-178
106000156,583,285,298
106000157,514,1926,-1412
106000158,2974,821,2153
106000159,4067,1503,2564
106000160,336,2415,-2079
106000161,1543,483,1060
106000162,179,851,-672
106000163,327,506,-179
106000164,335,389,-54
106000165,174,724,-550
106000166,639,284,355
106000167,345,1236,-891
106000168,278,262,16
106000169,202,742,-540
106000170,562,271,291
106000171,114,1067,-953
106000172,2513,1053,1460
106000173,1033,2687,-1654
106000174,875,385,490
106000175,334,979,-645
106000176,1228,673,555
106000177,652,2243,-1591
106000178,2763,1512,1251
106000179,998,2089,-1091
106000180,718,1622,-904
106000181,591,1846,-1255
106000182,891,700,191
106000183,832,748,84
106000184,2117,836,1281
106000185,1348,935,413
106000186,803,148,655
106000187,215,1029,-814
106000188,1,2,-1
106000189,4,69,-65
106000190,5,1,4
106000191,530,190,340
106000192,16,24,-8
106000193,282,180,102
106000194,141,321,-180
106000195,277,94,183
106000196,101,308,-207
106000197,362,238,124
106000198,103,278,-175
106000199,732,811,-79
106000200,246,189,57
106000201,488,2699,-2211
106000202,4908,563,4345
106000203,81,241,-160
106000204,66,12,54
106000205,11,161,-150
106000206,76,21,55
106000207,61,801,-740
106000208,937,137,800
106000209,1086,286,800
106000210,265,1248,-983
106000211,366,1309,-943
106000212,705,327,378
106000213,779,1645,-866
106000214,2523,560,1963
106000215,319,584,-265
106000216,387,363,24
106000217,308,632,-324
106000218,565,444,121
106000219,118,386,-268
106000220,359,314,45
106000221,138,242,-104
106000222,25,112,-87
106000223,111,102,9
106000224,167,295,-128
106000225,46,72,-26
106000226,148,269,-121
106000228,36,111,-75
106000229,141,719,-578
106000231,607,196,411
106000232,31,339,-308
106000233,540,133,407
106000234,67,184,-117
106000235,459,96,363
106000236,173,105,68
106000237,3,12,-9
106000238,166,18,148
106000239,0,162,-162
106000240,43,2,41
106000241,17,762,-745
106000242,282,28,254
106000249,69,96,-27
106000250,74,525,-451
106000251,38,59,-21
106000252,20,62,-42
106000253,19,108,-89
106000254,85,51,34
106000255,12,173,-161
106000256,55,65,-10
106000257,103,248,-145
106000258,192,24,168
106000259,4,56,-52
106000260,69,7,62
106000261,1,52,-51
106000262,68,15,53
106000263,18,81,-63
106000264,195,37,158
106000265,21,166,-145
106000266,141,28,113
106000267,9,76,-67
106000268,560,49,511
106000269,56,48,8
106000270,94,399,-305
106000271,37,216,-179
106000272,143,61,82
106000273,16,303,-287
106000274,171,39,132
106000275,119,240,-121
106000276,147,40,107
106000277,170,264,-94
106000278,257,39,218
106000279,11,45,-34
106000280,105,121,-16
106000281,68,65,3
106000282,47,66,-19
106000283,107,81,26
106000284,52,109,-57
106000285,121,135,-14
106000286,64,148,-84
106000287,101,106,-5
106000288,49,167,-118
106000289,56,72,-16
106000290,54,102,-48
106000291,53,112,-59
106000292,97,122,-25
106000293,89,98,-9
106000294,137,136,1
106000295,32,57,-25
106000296,46,113,-67
106000297,47,217,-170
106000298,145,60,85
106000299,63,147,-84
106000300,51,104,-53
106000301,78,84,-6
106000303,19,66,-47
106000304,21,26,-5
106000305,26,29,-3
106000306,27,79,-52
106000307,20,18,2
106000308,22,123,-101
106000309,22,45,-23
106000310,278,592,-314
106000311,270,142,128
106000312,70,192,-122
106000313,162,194,-32
106000318,153,270,-117
106000319,980,319,661
106000320,2,32,-30
106000321,354,60,294
106000322,115,187,-72
106000324,6,110,-104
106000325,1287,945,342
106000326,921,2100,-1179
106000327,96,145,-49
106000328,7,111,-104
106000329,81,283,-202
106000330,22,58,-36
106000428,68,194,-126
106000429,167,579,-412
106000430,415,1395,-980
106000431,2241,421,1820
106000432,2255,3389,-1134
106000433,2191,1449,742
106000434,2937,1473,1464
106000435,2029,3097,-1068
106000436,11,242,-231
106000437,384,31,353
106000438,935,199,736
106000439,56,435,-379
106000440,384,731,-347
106000441,1,3,-2
106000442,307,7,300
106000443,106,394,-288
106000450,2,224,-222
106000451,37,56,-19
106000454,1,196,-195
106000455,16,172,-156
106000456,251,50,201
106000457,10,966,-956
106000458,556,178,378
106000459,362,394,-32
106000460,985,51,934
106000461,70,1476,-1406
106000462,0,45,-45
106000463,9,51,-42
106000464,4,514,-510
106000465,402,1,401
106000466,5,662,-657
106000467,504,600,-96
106000468,53,169,-116
106000469,294,5,289
106000470,243,1576,-1333
106000471,57,603,-546
106000472,104,16,88
106000473,35,27,8
106000474,473,658,-185
106000475,332,290,42
106000476,213,159,54
106000477,62,168,-106
106000480,0,397,-397
106900001,0,2,-2
106900002,13,569,-556
106900003,25,94,-69
106900004,0,45,-45
106900006,0,9,-9
106900007,0,12,-12
106900008,405,1097,-692
106900009,205,315,-110
106900010,473,176,297
106900012,423,435,-12
106900013,1548,1338,210
106900014,36,7,29
106900015,20,0,20
106900016,189,5,184
106900017,8,0,8
106900018,1,0,1
106900019,23,4,19
106900020,2379,1000,1379
106900021,216,82,134
106900022,379,2,377
106900023,350,381,-31
106900024,347,20,327
106900025,134,691,-557
106900026,0,124,-124
106900027,1359,4,1355
106900028,1,5,-4
106900029,424,69,355
106900030,4,666,-662
107000001,3529,2594,935
107000002,3934,4733,-799
107000003,3561,5624,-2063
107000004,4939,5443,-504
107000005,2828,4649,-1821
107000006,4243,5551,-1308
107000007,3612,7831,-4219
107000008,12606,9314,3292
107000009,4538,6131,-1593
107000010,11666,11081,585
107000011,1320,1392,-72
107000012,4501,3445,1056
107000013,68,164,-96
107000014,24,302,-278
107000015,565,861,-296
107000016,646,1058,-412
107000017,4774,1101,3673
107000018,25,378,-353
107000020,3034,641,2393
107000021,1194,705,489
107000022,871,1184,-313
107000023,1652,370,1282
107000024,453,1617,-1164
107000025,297,445,-148
107000026,158,600,-442
107000027,1138,1176,-38
107000028,1195,1739,-544
107000029,2540,2203,337
107000030,3019,3580,-561
107000031,3098,2305,793
107000032,370,982,-612
107000033,3304,5225,-1921
107000034,4182,1912,2270
107000035,399,253,146
107000036,518,1341,-823
107000037,71,823,-752
107000038,339,252,87
107000039,796,715,81
107000040,159,320,-161
107000041,1595,654,941
107000042,748,1670,-922
107000043,2823,980,1843
107000044,711,296,415
107000045,85,311,-226
107000046,680,389,291
107000047,413,900,-487
107000048,498,341,157
107000049,588,840,-252
107000050,927,643,284
107000051,586,406,180
107000052,1166,888,278
107000053,393,219,174
107000054,74,278,-204
107000055,365,207,158
107000056,565,839,-274
107000057,2239,267,1972
107000058,2068,2020,48
107000059,2483,4055,-1572
107000060,3191,5315,-2124
107000061,5476,4118,1358
107000062,3178,3018,160
107000063,4684,5797,-1113
107000064,4345,2255,2090
107000065,4780,5465,-685
107000066,1623,2519,-896
107000067,859,994,-135
107000068,1274,596,678
107000069,912,509,403
107000070,809,10,799
107000071,2124,58,2066
107000072,87,3526,-3439
107000073,463,291,172
107000074,178,1052,-874
107000075,1185,466,719
107000076,791,1538,-747
107000077,2531,1172,1359
107000078,2835,3373,-538
107000079,2018,861,1157
107000080,1376,3472,-2096
107000081,1108,600,508
107000082,416,2046,-1630
107000083,821,370,451
107000084,422,1904,-1482
107000085,2568,3312,-744
107000086,3574,3641,-67
107000087,2624,2224,400
107000088,3126,3757,-631
107000089,1254,1929,-675
107000090,944,1307,-363
107000091,1140,823,317
107000092,772,1308,-536
107000093,1079,860,219
107000094,1359,1496,-137
107000095,528,681,-153
107000096,622,947,-325
107000097,638,411,227
107000098,686,880,-194
107000099,468,251,217
107000100,267,298,-31
107000101,68,257,-189
107000102,484,397,87
107000103,355,286,69
107000104,229,416,-187
107000105,381,170,211
107000106,217,365,-148
107000107,591,254,337
107000108,321,919,-598
107000109,575,236,339
107000110,106,577,-471
107000111,208,56,152
107000112,34,406,-372
107000113,600,118,482
107000114,98,802,-704
107000115,437,154,283
107000116,104,940,-836
107000117,109,521,-412
107000118,141,292,-151
107000119,1618,1389,229
107000120,2308,424,1884
107000121,550,790,-240
107000122,1091,1010,81
107000123,342,935,-593
107000124,466,954,-488
107000125,694,877,-183
107000126,871,895,-24
107000129,335,946,-611
107000130,526,223,303
107000131,422,703,-281
107000132,466,333,133
107000133,801,110,691
107000134,273,2,271
107000135,36,193,-157
107000136,802,7,795
107000137,25,393,-368
107000138,342,18,324
107000139,17,433,-416
107000140,1359,82,1277
107000141,132,928,-796
107000142,657,87,570
107000143,56,888,-832
107000144,447,528,-81
107000145,213,618,-405
107000146,106,467,-361
107000147,4383,1201,3182
107000150,696,2146,-1450
107000151,28,78,-50
107000152,674,876,-202
107000153,364,486,-122
107000154,309,239,70
107000155,694,15,679
107000156,786,27,759
107000157,30,1864,-1834
107000158,517,18,499
107000159,53,1434,-1381
107000160,603,98,505
107000161,51,1655,-1604
107000162,169,401,-232
107000163,173,0,173
107000164,380,0,380
107000165,578,8,570
107000166,49,1099,-1050
107000167,393,239,154
107000168,701,438,263
107000169,944,836,108
107000170,1323,637,686
107000171,437,2140,-1703
107000172,785,1155,-370
107000173,618,1122,-504
107000174,659,3273,-2614
107000175,7396,1716,5680
107000176,0,1,-1
107000177,4,0,4
107000178,5,49,-44
107000179,222,2627,-2405
107000180,950,358,592
107000181,405,1511,-1106
107000182,1303,939,364
107000183,104,827,-723
107000184,790,771,19
107000185,431,1346,-915
107000186,960,340,620
107000187,1013,1315,-302
107000188,536,623,-87
107000189,355,1088,-733
107000190,465,752,-287
107000191,691,1465,-774
107000192,1371,862,509
107000193,311,421,-110
107000194,930,726,204
107000197,785,246,539
107000198,301,828,-527
107000199,470,973,-503
107000200,982,840,142
107000201,315,187,128
107000202,221,556,-335
107000203,1091,390,701
107000204,1967,584,1383
107000205,2163,778,1385
107000206,817,898,-81
107000207,691,839,-148
107000208,1034,415,619
107000209,1959,878,1081
107000210,674,367,307
107000211,8,42,-34
107000212,7,373,-366
107000213,9,29,-20
107000214,11,216,-205
107000215,410,440,-30
107000216,293,374,-81
107000217,125,110,15
107000219,66,97,-31
107000220,132,196,-64
107000222,212,688,-476
107000224,274,78,196
107000225,137,460,-323
107000226,244,105,139
107000227,81,291,-210
107000228,76,173,-97
107000229,355,134,221
107000230,1153,491,662
107000231,1788,1137,651
107000232,96,111,-15
107000233,1500,718,782
107000234,0,37,-37
107000235,52,1,51
107000236,17,555,-538
107000237,16,2,14
107000238,19,2,17
107000239,4273,467,3806
107000240,68,1029,-961
107000243,0,56,-56
107000244,3,85,-82
107000246,1,1294,-1293
107000249,5,1135,-1130
107000251,1,190,-189
107000252,1,1081,-1080
107000255,556,97,459
107000257,3,557,-554
107000258,0,142,-142
107000259,8,246,-238
107000260,396,5,391
107000262,10,668,-658
107000263,161,6,155
107000266,3,7,-4
107000267,61,149,-88
107000268,127,145,-18
107000269,685,58,627
107000270,1,16,-15
107000271,13,918,-905
107000272,17,156,-139
107000273,2,239,-237
107000274,1260,3,1257
107000275,717,900,-183
107000280,434,23,411
107000281,41,1113,-1072
107000282,44,1112,-1068
107000290,1,35,-34
107000291,38,17,21
107000292,2,35,-33
107000293,146,2,144
107000294,1,47,-46
107000295,22,4,18
107000296,0,14,-14
107000444,215,3,212
107000496,0,44,-44
107000497,1407,2705,-1298
107000500,335,277,58
107000501,148,166,-18
107000502,233,335,-102
107000505,549,949,-400
107000506,0,14,-14
107000508,1,571,-570
107000509,227,854,-627
107000510,27,15,12
107000514,43,238,-195
107000515,18,247,-229
107000516,286,248,38
107000518,994,946,48
107000519,3003,1040,1963
107000520,57,23,34
107000521,698,476,222
107000522,828,826,2
107900001,29,150,-121
107900002,18,3,15
107900003,183,66,117
107900004,0,0,0
107900005,754,3,751
107900006,241,0,241
107900007,202,11,191
107900008,51,40,11
107900009,134,1,133
107900010,8,0,8
107900012,244,12,232
107900013,193,49,144
107900014,22,5,17
107900015,537,6,531
107900016,396,82,314
107900017,19,2,17
107900018,30,81,-51
107900019,17,50,-33
107900020,83,11,72
107900021,46,154,-108
107900023,0,2,-2
107900024,0,33,-33
107900025,144,266,-122
107900026,58,89,-31
107900027,35,47,-12
107900028,31,68,-37
107900030,180,14,166
107900031,70,174,-104
107900032,26,0,26
107900033,15,3,12
107900034,211,5,206
107900035,571,34,537
107900036,25,10,15
107900037,0,46,-46
107900038,158,133,25
107900039,18,40,-22
107900040,54,38,16
107900041,0,0,0
107900043,29,162,-133
107900044,4,2,2
107900045,57,24,33
107900046,108,104,4
107900047,32,70,-38
107900048,147,8,139
107900049,294,1064,-770
107900050,121,305,-184
107900051,75,61,14
107900052,35,6,29
107900053,24,79,-55
107900055,406,168,238
107900056,107,31,76
107900057,2,0,2
107900058,32,635,-603
107900060,23,46,-23
107900061,13,1,12
107900063,59,90,-31
107900064,306,96,210
107900065,95,11,84
107900066,12,7,5
107900067,1,0,1
107900068,244,193,51
107900069,41,1556,-1515
107900070,69,37,32
107900071,27,790,-763
107900072,60,160,-100
107900073,64,122,-58
107900074,870,198,672
107900076,96,39,57
107900077,24,0,24
107900079,11,16,-5
107900080,360,183,177
107900081,16,86,-70
107900082,16,11,5
107900083,286,107,179
107900084,108,96,12
107900086,50,116,-66
107900087,590,99,491
107900088,18,7,11
107900089,331,760,-429
107900090,459,1723,-1264
107900091,148,421,-273
107900093,52,85,-33
107900095,3396,1719,1677
107900097,7,58,-51
107900098,31,164,-133
107900100,967,839,128
107900101,1023,173,850
107900102,15,5,10
107900103,33,168,-135
107900104,205,5,200
107900105,3,569,-566
107900106,2,1173,-1171
107900107,670,446,224
107900108,351,114,237
107900109,812,9,803
107900110,37,55,-18
107900111,6,976,-970
107900112,115,372,-257
107900113,127,125,2
107900114,110,154,-44
107900115,2,45,-43
107900116,114,236,-122
107900117,628,373,255
107900118,72,190,-118
107900119,55,161,-106
107900120,8,16,-8
107900121,2,142,-140
107900122,4,43,-39
107900123,4,23,-19
107900124,43,27,16
107900125,30,156,-126
107900126,5,36,-31
107900127,334,198,136
107900128,73,45,28
107900129,43,25,18
107900130,32,26,6
107900131,654,188,466
107900132,92,412,-320
107900133,1,69,-68
107900134,26,17,9
107900135,4,158,-154
107900136,26,32,-6
107900137,108,94,14
107900138,39,31,8
107900139,16,68,-52
107900141,35,45,-10
107900142,52,929,-877
107900143,40,36,4
107900144,2,176,-174
107900145,15,86,-71
107900146,18,149,-131
107900147,34,35,-1
107900148,138,155,-17
107900149,1115,179,936
107900150,91,765,-674
107900151,18,113,-95
107900152,8,171,-163
107900153,214,240,-26
107900154,35,19,16
107900155,35,38,-3
107900156,2,259,-257
107900157,36,71,-35
107900158,467,17,450
107900159,19,771,-752
107900160,84,152,-68
107900161,13,168,-155
107900162,1,13,-12
107900163,58,19,39
107900164,3,29,-26
107900165,46,82,-36
107900166,10,270,-260
107900167,28,4,24
107900168,26,48,-22
107900169,1,140,-139
107900171,8,1612,-1604
107900172,0,292,-292
107900173,11,193,-182
107900174,67,8,59
107900175,15,6,9
107900176,13,29,-16
107900177,0,37,-37
107900178,0,179,-179
107900179,12,134,-122
107900180,787,368,419
107900181,259,368,-109
107900182,4,1487,-1483
107900183,24,297,-273
107900184,52,191,-139
107900185,82,5,77
107900186,15,47,-32
107900187,0,129,-129
107900188,767,84,683
107900189,20,67,-47
107900190,65,98,-33
107900191,56,125,-69
107900193,6,36,-30
107900194,215,3,212
107900195,3247,401,2846
107900196,42,81,-39
107900197,943,294,649
107900199,0,1122,-1122
107900201,89,91,-2
107900203,49,59,-10
107900204,198,154,44
107900206,1306,125,1181
107900207,4,765,-761
107900208,3,687,-684
107900209,302,98,204
107900210,96,101,-5
107900213,375,353,22
107900214,8,107,-99
107900215,173,269,-96
107900216,162,72,90
107900217,19,61,-42
107900218,11,1415,-1404
107900219,17,94,-77
107900220,159,210,-51
107900221,145,200,-55
107900223,69,475,-406
107900224,106,242,-136
107900225,2,751,-749
107900226,130,135,-5
107900227,96,423,-327
107900228,18,104,-86
107900229,7,260,-253
107900230,6,120,-114
107900231,14,237,-223
107900232,49,215,-166
107900233,11,170,-159
107900234,75,124,-49
107900235,18,89,-71
107900236,69,91,-22
107900237,94,346,-252
107900238,18,112,-94
107900239,1186,392,794
107900240,14,141,-127
107900241,15,112,-97
107900242,10,282,-272
107900243,4,60,-56
107900244,154,0,154
107900245,335,31,304
107900246,108,5,103
107900248,123,201,-78
107900249,405,20,385
107900250,2,556,-554
107900251,87,1361,-1274
107900252,577,12,565
107900253,142,2,140
107900254,63,346,-283
107900255,281,51,230
107900256,1251,440,811
107900257,98,66,32
107900258,75,255,-180
107900259,85,1241,-1156
107900261,0,279,-279
107900262,75,115,-40
107900264,212,8,204
107900265,108,192,-84
107900267,189,15,174
107900268,36,9,27
107900269,0,6,-6
107900270,4,0,4
107900271,0,8,-8
107900272,120,37,83
107900273,24,70,-46
107900274,30,0,30
107900275,12,1,11
107900276,0,73,-73
107900277,1,230,-229
107900278,160,327,-167
107900279,112,143,-31
107900280,1341,2144,-803
107900281,2506,1530,976
107900282,77,294,-217
107900283,1180,356,824
107900284,441,669,-228
107900285,65,83,-18
107900286,86,78,8
107900287,120,160,-40
107900290,0,85,-85
107900291,393,11,382
107900292,124,222,-98
107900293,71,546,-475
107900295,50,102,-52
107900297,0,266,-266
107900298,1049,757,292
107900299,3187,1807,1380
107900301,465,458,7
107900302,98,49,49
107900303,108,236,-128
107900304,149,420,-271
107900305,180,5,175
107900306,20,13,7
107900307,50,237,-187
107900308,152,68,84
107900309,271,2,269
107900310,218,3,215
107900311,0,77,-77
107900312,85,0,85
107900313,3,100,-97
107900314,1,36,-35
107900315,1,38,-37
107900316,38,3,35
107900317,121,9,112
107900318,13,148,-135
107900319,2,175,-173
107900320,1,167,-166
107900321,77,5,72
107900322,2,142,-140
107900323,3,132,-129
107900324,102,3,99
107900325,52,0,52
107900326,226,323,-97
107900327,2,67,-65
107900328,187,0,187
107900329,266,70,196
107900330,3,482,-479
107900331,110,32,78
107900332,157,34,123
107900333,37,6,31
107900334,7,188,-181
107900335,52,70,-18
107900336,34,34,0
107900337,1057,486,571
107900338,0,127,-127
107900339,11,27,-16
107900340,1,66,-65
107900341,27,0,27
107900342,131,102,29
107900343,24,1,23
107900344,2,100,-98
107900345,83,30,53
107900346,14,0,14
107900347,15,0,15
107900348,3,1,2
107900349,7,4,3
107900350,26,270,-244
107900351,4,212,-208
107900352,1,39,-38
107900353,4,9,-5
107900354,16,48,-32
108000001,2411,3454,-1043
108000002,2588,3393,-805
108000003,2865,2596,269
108000004,16130,16877,-747
108000005,7063,4995,2068
108000006,9307,8463,844
108000007,4159,3627,532
108000008,5280,7001,-1721
108000009,3223,3738,-515
108000010,3389,5106,-1717
108000011,9235,10311,-1076
108000012,18600,17209,1391
108000014,988,628,360
108000015,599,322,277
108000016,275,720,-445
108000017,879,390,489
108000018,1363,527,836
108000019,1790,665,1125
108000020,1193,519,674
108000021,460,1781,-1321
108000022,555,1467,-912
108000023,970,212,758
108000024,279,686,-407
108000025,237,242,-5
108000026,474,564,-90
108000027,549,751,-202
108000028,516,285,231
108000029,376,925,-549
108000030,763,279,484
108000031,367,555,-188
108000032,1205,546,659
108000033,789,1335,-546
108000034,1268,471,797
108000035,833,2623,-1790
108000036,350,1342,-992
108000037,1398,389,1009
108000038,1869,437,1432
108000039,541,2605,-2064
108000040,1386,775,611
108000041,593,2728,-2135
108000042,185,311,-126
108000043,196,356,-160
108000044,323,216,107
108000045,240,756,-516
108000046,1112,339,773
108000047,446,1104,-658
108000048,118,442,-324
108000049,565,245,320
108000050,159,769,-610
108000051,229,127,102
108000052,197,813,-616
108000053,334,171,163
108000054,523,1058,-535
108000055,1113,390,723
108000056,1527,1236,291
108000057,716,960,-244
108000058,1824,2906,-1082
108000059,3917,2180,1737
108000060,202,578,-376
108000061,285,656,-371
108000062,582,573,9
108000063,335,567,-232
108000064,182,204,-22
108000065,612,651,-39
108000066,1598,837,761
108000067,1463,478,985
108000068,656,376,280
108000069,268,1164,-896
108000070,1353,718,635
108000071,657,1731,-1074
108000072,1263,1057,206
108000073,1581,1928,-347
108000074,412,359,53
108000075,302,965,-663
108000076,544,538,6
108000077,678,710,-32
108000078,1436,1347,89
108000079,935,1735,-800
108000080,743,605,138
108000081,496,2013,-1517
108000082,1066,1895,-829
108000083,1602,823,779
108000084,436,1290,-854
108000085,447,411,36
108000086,713,794,-81
108000087,100,1401,-1301
108000088,747,221,526
108000089,397,288,109
108000091,261,661,-400
108000092,173,85,88
108000093,133,784,-651
108000094,481,116,365
108000095,156,513,-357
108000096,227,222,5
108000097,129,549,-420
108000098,1035,1440,-405
108000099,877,263,614
108000100,148,442,-294
108000101,839,1282,-443
108000102,1463,2983,-1520
108000106,1023,3,1020
108000107,1,487,-486
108000108,537,58,479
108000109,5,863,-858
108000110,160,407,-247
108000111,166,790,-624
108000112,78,110,-32
108000113,561,265,296
108000115,426,437,-11
108000117,723,336,387
108000118,583,1401,-818
108000119,745,490,255
108000120,98,705,-607
108000121,213,561,-348
108000122,341,380,-39
108000123,498,215,283
108000124,225,513,-288
108000125,251,298,-47
108000126,124,522,-398
108000127,403,322,81
108000128,460,625,-165
108000129,232,1311,-1079
108000130,302,306,-4
108000131,669,418,251
108000132,2095,1557,538
108000133,585,489,96
108000134,509,669,-160
108000135,825,422,403
108000136,562,1013,-451
108000137,359,407,-48
108000138,253,1232,-979
108000139,283,385,-102
108000140,52,15,37
108000141,47,89,-42
108000142,67,149,-82
108000143,31,559,-528
108000144,237,63,174
108000145,44,39,5
108000146,404,42,362
108000147,101,63,38
108000148,394,77,317
108000149,18,30,-12
108000150,25,8,17
108000151,194,66,128
108000152,84,528,-444
108000153,320,148,172
108000154,80,31,49
108000155,33,21,12
108000156,758,514,244
108000157,193,594,-401
108000158,105,561,-456
108000159,903,198,705
108000160,4320,976,3344
108000161,3172,1752,1420
108000165,3,96,-93
108000172,4,262,-258
108000173,2480,1438,1042
108000175,339,118,221
108000178,514,319,195
108000179,217,593,-376
108000181,68,30,38
108000182,315,121,194
108000183,72,322,-250
108000184,1125,1561,-436
108000185,141,449,-308
108000186,294,566,-272
108000187,84,667,-583
108000188,417,268,149
108000189,2486,5173,-2687
108000190,33,117,-84
108000192,158,705,-547
108000193,612,24,588
108000194,44,22,22
108000195,3,1355,-1352
108000196,152,166,-14
108000198,626,407,219
108000199,0,176,-176
108000200,269,621,-352
108000203,88,653,-565
108000204,91,48,43
108000205,269,408,-139
108000339,1502,355,1147
108000364,342,737,-395
108000365,62,322,-260
108000367,77,393,-316
108000368,9,67,-58
108000369,1506,165,1341
108000371,12,638,-626
108000372,512,9,503
108000373,200,139,61
108000376,38,16,22
108000377,293,377,-84
108000378,8112,9303,-1191
108000379,16,220,-204
108000381,68,19,49
108000382,209,0,209
108000383,0,234,-234
108900001,140,1202,-1062
108900002,179,60,119
108900003,408,1062,-654
108900004,173,392,-219
108900007,115,203,-88
108900008,55,132,-77
108900009,29,117,-88
108900010,128,132,-4
108900011,281,447,-166
108900012,214,415,-201
108900013,91,215,-124
108900014,6,84,-78
108900015,1,34,-33
108900016,2,195,-193
108900017,243,257,-14
108900018,89,517,-428
108900019,27,901,-874
108900020,32,247,-215
108900021,107,265,-158
108900022,56,1,55
108900023,18,25,-7
108900024,12,127,-115
108900025,91,125,-34
108900026,3,91,-88
108900027,0,70,-70
108900028,49,391,-342
108900029,64,255,-191
108900030,1,90,-89
108900031,65,447,-382
108900032,12,198,-186
108900033,0,69,-69
108900034,1,283,-282
108900035,258,1452,-1194
108900038,1,346,-345
108900039,1,546,-545
108900040,2,169,-167
108900041,5418,2542,2876
108900042,7,320,-313
108900043,36,446,-410
108900044,0,588,-588
108900045,45,562,-517
108900046,62,892,-830
108900047,3,123,-120
108900048,112,1048,-936
108900049,4670,853,3817
108900050,1,285,-284
108900051,0,207,-207
108900052,22,248,-226
108900053,101,153,-52
108900054,41,201,-160
108900055,45,412,-367
108900056,3,170,-167
108900057,3,141,-138
108900058,32,382,-350
108900059,288,16,272
108900060,120,198,-78
108900061,76,25,51
108900062,3,347,-344
108900063,9,380,-371
108900064,135,63,72
108900065,4,352,-348
108900066,256,102,154
108900067,13,203,-190
108900068,5,230,-225
108900069,41,120,-79
108900070,36,144,-108
108900071,47,57,-10
108900072,2225,431,1794
108900073,19,379,-360
108900074,100,607,-507
108900075,59,50,9
108900076,165,101,64
108900077,100,464,-364
108900078,9,241,-232
108900079,1009,194,815
108900080,20,744,-724
108900081,64,257,-193
108900082,50,134,-84
108900083,19,222,-203
108900085,2085,159,1926
108900086,59,280,-221
108900087,126,232,-106
108900088,867,299,568
108900089,11,90,-79
108900090,19,414,-395
108900091,146,115,31
108900092,340,374,-34
108900093,57,99,-42
108900094,223,69,154
108900095,48,524,-476
108900096,385,25,360
108900097,210,224,-14
108900098,2735,407,2328
108900099,255,277,-22
108900100,36,139,-103
108900101,137,97,40
108900102,76,496,-420
108900103,64,79,-15
108900105,7,844,-837
108900106,280,377,-97
108900108,704,39,665
108900109,246,77,169
108900110,199,462,-263
108900111,303,617,-314
108900113,46,62,-16
108900114,32,11,21
108900115,74,66,8
108900116,46,19,27
108900117,165,16,149
108900118,402,4,398
108900119,178,29,149
108900120,194,167,27
108900121,224,56,168
108900122,66,27,39
108900123,103,127,-24
108900124,304,135,169
108900125,196,3,193
108900126,111,15,96
108900127,97,38,59
108900128,81,30,51
108900129,512,133,379
108900130,190,2,188
108900131,361,5,356
108900132,335,78,257
108900133,156,32,124
108900134,190,319,-129
108900135,88,4,84
108900136,12,0,12
108900137,90,1,89
108900138,518,23,495
108900140,167,266,-99
108900141,197,8,189
108900142,35,7,28
108900143,21,0,21
108900144,55,0,55
108900145,112,5,107
108900146,28,0,28
108900147,116,0,116
108900148,72,34,38
108900150,177,4,173
108900151,65,0,65
108900152,96,3,93
108900153,97,463,-366
108900154,3753,450,3303
108900156,82,8,74
108900157,20,615,-595
108900158,175,32,143
108900159,5,304,-299
108900160,13,288,-275
108900161,1,440,-439
108900162,54,1,53
108900163,7,217,-210
108900164,38,96,-58
108900168,9090,1972,7118
108900169,49,110,-61
108900171,7263,2191,5072
108900172,180,38,142
108900173,210,356,-146
108900174,501,618,-117
108900176,101,553,-452
108900177,7535,3382,4153
108900178,4490,2274,2216
108900180,106,296,-190
108900183,207,183,24
108900184,460,207,253
108900185,81,313,-232
108900186,61,326,-265
108900189,224,151,73
108900190,40,2988,-2948
108900192,60,199,-139
108900195,74,260,-186
108900196,21,490,-469
108900199,211,347,-136
108900200,978,345,633
108900201,371,1466,-1095
108900203,318,51,267
108900204,253,8,245
108900205,141,22,119
108900206,234,36,198
108900207,132,51,81
108900208,15,323,-308
108900209,280,514,-234
108900210,122,189,-67
108900211,131,385,-254
108900212,716,931,-215
108900215,104,507,-403
108900216,430,77,353
108900217,60,1,59
108900218,79,6,73
108900221,41,105,-64
108900224,34,110,-76
108900225,1,171,-170
108900227,118,182,-64
108900230,327,277,50
108900232,2,323,-321
108900233,249,48,201
108900234,242,117,125
108900235,148,635,-487
108900236,19,296,-277
108900240,89,75,14
108900241,19,17,2
108900245,13,859,-846
108900250,91,83,8
108900258,8,258,-250
108900259,50,101,-51
108900260,16,104,-88
108900261,115,175,-60
108900262,210,142,68
108900263,36,171,-135
108900264,664,277,387
108900265,1051,276,775
108900266,1073,337,736
108900267,2,66,-64
108900268,0,5,-5
108900269,69,8,61
108900270,49,17,32
108900271,40,9,31
108900272,176,5,171
108900273,1077,593,484
108900274,34,66,-32
109000001,3939,1201,2738
109000002,2071,1597,474
109000003,2424,561,1863
109000004,618,2948,-2330
109000005,2447,898,1549
109000006,862,2502,-1640
109000007,1222,759,463
109000008,617,2243,-1626
109000009,3367,1425,1942
109000010,1888,4486,-2598
109000011,2864,2012,852
109000012,1960,3974,-2014
109000013,2604,2649,-45
109000014,1713,3737,-2024
109000015,4514,6836,-2322
109000016,8996,4573,4423
109000017,2019,1394,625
109000018,1157,3869,-2712
109000019,2906,1361,1545
109000020,1432,2283,-851
109000023,159,20,139
109000024,3,246,-243
109000025,405,563,-158
109000026,962,346,616
109000027,79,326,-247
109000028,120,104,16
109000029,168,192,-24
109000030,120,644,-524
109000031,127,119,8
109000032,112,456,-344
109000033,347,133,214
109000034,48,63,-15
109000035,12,36,-24
109000036,84,379,-295
109000037,215,990,-775
109000038,562,372,190
109000039,678,457,221
109000040,2780,3561,-781
109000041,4356,1416,2940
109000042,844,1216,-372
109000044,407,190,217
109000045,258,469,-211
109000046,231,91,140
109000047,128,392,-264
109000048,1107,415,692
109000049,347,454,-107
109000050,594,553,41
109000051,273,224,49
109000052,468,1387,-919
109000053,1087,380,707
109000054,169,615,-446
109000055,234,250,-16
109000056,212,446,-234
109000057,406,402,4
109000058,2014,458,1556
109000059,981,1137,-156
109000060,917,328,589
109000061,1292,728,564
109000062,100,221,-121
109000063,169,210,-41
109000064,133,150,-17
109000065,73,296,-223
109000066,263,89,174
109000067,62,360,-298
109000068,1441,8,1433
109000069,736,16,720
109000070,4,1040,-1036
109000071,319,91,228
109000072,125,619,-494
109000073,63,96,-33
109000074,33,246,-213
109000075,89,333,-244
109000076,181,264,-83
109000077,527,378,149
109000078,78,177,-99
109000079,152,219,-67
109000080,133,115,18
109000081,99,577,-478
109000082,431,217,214
109000083,276,783,-507
109000088,115,488,-373
109000089,198,49,149
109000090,156,411,-255
109000091,214,138,76
109000092,336,558,-222
109000093,181,167,14
109000094,309,4,305
109000095,151,502,-351
109000096,520,279,241
109000097,88,172,-84
109000098,69,108,-39
109000099,642,392,250
109000100,179,608,-429
109000101,976,727,249
109000102,264,775,-511
109000103,581,693,-112
109000104,1031,592,439
109000105,469,1276,-807
109000106,1596,744,852
109000107,674,2199,-1525
109000108,1338,558,780
109000109,434,2041,-1607
109000110,910,480,430
109000111,978,2073,-1095
109000112,355,129,226
109000113,335,216,119
109000114,150,383,-233
109000115,1533,128,1405
109000116,18,633,-615
109000117,136,114,22
109000118,6,330,-324
109000119,727,389,338
109000120,123,950,-827
109000121,408,163,245
109000122,117,1007,-890
109000123,28,212,-184
109000124,451,401,50
109000125,583,428,155
109000126,351,902,-551
109000127,992,397,595
109000128,445,1906,-1461
109000129,1362,658,704
109000130,1020,3273,-2253
109000131,1134,787,347
109000132,1195,3312,-2117
109000133,412,1250,-838
109000134,881,1642,-761
109000135,1415,1496,-81
109000136,339,318,21
109000137,419,393,26
109000138,441,312,129
109000139,373,422,-49
109000140,229,840,-611
109000141,542,619,-77
109000142,92,465,-373
109000143,66,86,-20
109000145,106,340,-234
109000146,156,116,40
109000148,3837,976,2861
109000149,33,47,-14
109000150,223,220,3
109000155,444,624,-180
109000156,1378,652,726
109000158,67,258,-191
109000159,82,536,-454
109000160,858,233,625
109000161,282,1259,-977
109000162,1563,748,815
109000163,731,1877,-1146
109000164,1048,2683,-1635
109000165,885,630,255
109000166,547,94,453
109000167,107,737,-630
109000170,35,46,-11
109000171,52,45,7
109000172,61,83,-22
109000173,21,70,-49
109000174,63,53,10
109000175,79,433,-354
109000176,321,220,101
109000177,23,97,-74
109000178,399,427,-28
109000179,6016,3600,2416
109000180,5068,2650,2418
109000181,12,40,-28
109000182,40,31,9
109000183,35,43,-8
109000184,38,21,17
109000185,29,59,-30
109000188,411,2194,-1783
109000189,1559,856,703
109000190,492,462,30
109000191,318,508,-190
109000192,286,184,102
109000193,115,349,-234
109000194,150,105,45
109000195,93,432,-339
109000196,237,99,138
109000197,128,414,-286
109000198,254,64,190
109000199,112,508,-396
109000206,174,32,142
109000207,81,55,26
109000208,83,56,27
109000209,122,130,-8
109000210,143,547,-404
109000211,368,524,-156
109000214,384,1026,-642
109000215,163,73,90
109000216,268,180,88
109000217,166,119,47
109000218,310,165,145
109000221,590,1241,-651
109000222,806,223,583
109000223,254,217,37
109000224,40,227,-187
109000225,54,33,21
109000226,44,289,-245
109000227,814,1143,-329
109000228,1,385,-384
109000231,4,353,-349
109000232,249,431,-182
109000236,220,955,-735
109000241,1962,2190,-228
109000242,1586,1565,21
109000293,46,207,-161
109000361,170,245,-75
109000364,187,503,-316
109000396,5,658,-653
109000397,383,4,379
109000399,128,505,-377
109000400,87,364,-277
109000403,83,876,-793
109000406,507,8,499
109000407,190,229,-39
109000408,1,776,-775
109000410,1006,225,781
109000411,121,42,79
109000412,0,115,-115
109900001,76,0,76
109900002,663,18,645
109900003,186,0,186
109900005,11,10,1
109900006,264,222,42
109900007,441,781,-340
109900008,0,50,-50
109900009,115,665,-550
109900010,358,10,348
109900011,74,33,41
109900012,192,171,21
109900013,294,133,161
109900014,250,38,212
109900015,287,124,163
109900016,81,26,55
109900017,174,127,47
109900018,135,71,64
109900019,138,55,83
109900020,23,45,-22
109900021,21,12,9
109900022,83,276,-193
109900023,40,1,39
109900024,24,7,17
109900025,13,27,-14
109900027,30,43,-13
109900028,2147,749,1398
109900029,5,473,-468
109900030,19,0,19
109900031,0,59,-59
109900032,14,272,-258
109900033,0,407,-407
109900034,24,6,18
109900035,5,9,-4
109900036,8,79,-71
109900037,27,601,-574
109900038,34,207,-173
109900039,7,0,7
109900040,21,674,-653
109900041,47,375,-328
109900042,46,370,-324
109900044,65,302,-237
109900045,100,16,84
109900046,85,96,-11
109900047,276,370,-94
109900048,2,91,-89
109900049,12,30,-18
109900050,0,270,-270
109900051,2,75,-73
109900052,54,274,-220
109900053,5,504,-499
109900054,412,187,225
109900055,50,289,-239
109900056,12,153,-141
109900057,3,275,-272
109900058,1,129,-128
109900060,338,141,197
109900061,50,266,-216
109900062,0,276,-276
109900064,368,223,145
109900065,100,108,-8
109900066,342,983,-641
109900067,1,377,-376
109900068,25,5,20
109900069,4,34,-30
109900071,2,23,-21
109900072,40,142,-102
109900073,249,615,-366
109900074,5,62,-57
109900075,28,30,-2
109900076,30,443,-413
109900077,21,49,-28
109900078,89,231,-142
109900080,93,307,-214
109900081,19,169,-150
109900082,27,412,-385
109900083,36,68,-32
109900084,46,141,-95
109900085,212,813,-601
109900086,121,409,-288
109900087,110,321,-211
109900089,465,112,353
109900092,709,12,697
109900093,649,101,548
109900094,73,101,-28
109900095,87,206,-119
109900096,19,2,17
109900097,48,2,46
109900098,341,14,327
109900099,110,0,110
109900100,30,1,29
109900101,279,8,271
109900102,340,33,307
109900103,26,31,-5
109900104,381,948,-567
109900105,332,18,314
109900106,322,54,268
109900107,334,88,246
109900108,90,406,-316
109900109,31,170,-139
109900111,203,1053,-850
109900114,1609,301,1308
109900115,110,100,10
109900117,558,119,439
109900121,352,207,145
109900123,16,169,-153
109900125,1,178,-177
109900126,133,154,-21
109900130,9447,2141,7306
109900131,65,164,-99
109900132,37,159,-122
109900134,53,79,-26
109900135,487,92,395
109900137,130,377,-247
109900140,144,267,-123
109900149,45,64,-19
109900150,4,74,-70
109900151,0,45,-45
109900152,0,21,-21
109900153,0,42,-42
109900154,55,0,55
109900155,36,28,8
109900157,38,243,-205
109900159,124,23,101
109900161,140,47,93
109900162,113,69,44
109900163,660,315,345
109900164,43,247,-204
109900165,146,4,142
109900166,1,202,-201
109900167,135,460,-325
109900168,187,590,-403
109900169,119,174,-55
109900170,274,713,-439
109900171,125,113,12
109900172,128,200,-72
109900173,3423,1744,1679
109900174,49,105,-56
109900175,75,64,11
109900176,62,151,-89
109900177,53,259,-206
109900178,4,78,-74
109900179,39,16,23
109900180,14,11,3
110000001,955,544,411
110000002,718,621,97
110000003,794,643,151
110000004,478,556,-78
110000005,620,1609,-989
110000006,600,331,269
110000007,122,140,-18
110000008,18,35,-17
110000009,35,37,-2
110000010,29,56,-27
110000011,39,121,-82
110000012,725,431,294
110000013,44,589,-545
110000014,647,448,199
110000015,264,627,-363
110000016,268,1582,-1314
110000017,2850,236,2614
110000018,2929,434,2495
110000019,5,130,-125
110000020,330,212,118
110000021,1008,418,590
110000022,703,154,549
110000023,3,161,-158
110000024,602,427,175
110000025,235,8,227
110000026,2,367,-365
110000027,1571,323,1248
110000028,894,625,269
110000029,406,768,-362
110000030,211,348,-137
110000031,226,552,-326
110000032,722,486,236
110000033,426,78,348
110000034,312,622,-310
110000035,776,674,102
110000036,1129,644,485
110000037,165,549,-384
110000038,158,565,-407
110000039,752,2327,-1575
110000040,338,406,-68
110000041,322,1134,-812
110000042,172,205,-33
110000043,709,285,424
110000044,216,103,113
110000045,950,119,831
110000046,25,7,18
110000047,35,26,9
110000048,13,11,2
110000049,124,9,115
110000050,7,18,-11
110000051,112,12,100
110000052,74,23,51
110000053,142,11,131
110000054,188,197,-9
110000055,462,24,438
110000056,192,55,137
110000057,444,755,-311
110000058,957,513,444
110000059,830,552,278
110000060,634,994,-360
110000061,812,827,-15
110000062,550,780,-230
110000063,27,75,-48
110000064,62,88,-26
110000065,59,43,16
110000066,96,28,68
110000067,115,262,-147
110000068,205,307,-102
110000069,134,99,35
110000071,92,147,-55
110000073,4,13,-9
110000075,4,87,-83
110000076,219,312,-93
110000077,425,1083,-658
110000078,29,45,-16
110000080,357,772,-415
110000081,51,326,-275
110000082,38,307,-269
110000083,245,778,-533
110000084,945,567,378
110000085,2284,1588,696
110000086,1212,1475,-263
110000087,7,69,-62
110000088,53,254,-201
110000089,171,135,36
110000090,108,296,-188
110000091,1404,447,957
110000092,25,109,-84
110000093,54,9,45
110000094,501,241,260
110000095,169,581,-412
110000096,2891,1799,1092
110000097,832,1134,-302
110000098,1746,656,1090
110000099,871,1519,-648
110000100,494,591,-97
110000101,19,452,-433
110000102,42,36,6
110000104,331,75,256
110000105,66,284,-218
110000106,508,331,177
110000107,387,382,5
110000108,134,44,90
110000109,314,264,50
110000110,3410,2826,584
110000111,6776,2302,4474
110000112,1224,885,339
110000113,498,1757,-1259
110000114,137,495,-358
110000115,243,270,-27
110000116,52,55,-3
110000117,141,416,-275
110000118,293,172,121
110000119,147,336,-189
110000120,319,162,157
110000121,119,315,-196
110000122,381,534,-153
110000123,382,270,112
110000124,3,912,-909
110000125,894,7,887
110000126,286,34,252
110000127,893,40,853
110000128,33,1257,-1224
110000129,6,637,-631
110000130,427,177,250
110000131,99,500,-401
110000132,3,642,-639
110000133,41,420,-379
110000134,22,397,-375
110000135,171,31,140
110000136,80,343,-263
110000137,561,648,-87
110000138,576,669,-93
110000139,595,1397,-802
110000140,866,581,285
110000143,619,377,242
110000144,5010,1256,3754
110000145,1803,691,1112
110000146,1387,606,781
110000147,380,654,-274
110000148,403,263,140
110000151,820,611,209
110000152,859,426,433
110000153,42,58,-16
110000154,3,8,-5
110000155,1350,3079,-1729
110000156,1039,1676,-637
110000157,1556,1470,86
110000160,325,335,-10
110000161,207,380,-173
110000166,313,129,184
110000167,555,479,76
110000168,690,448,242
110000169,667,355,312
110000170,136,86,50
110000171,471,195,276
110000172,146,819,-673
110000173,1186,1331,-145
110000174,142,1214,-1072
110000175,409,108,301
110000176,87,228,-141
110000177,154,809,-655
110000178,417,987,-570
110000179,1514,347,1167
110000180,139,275,-136
110000181,277,374,-97
110000182,299,169,130
110000183,10527,5682,4845
110000184,795,2109,-1314
110000185,1189,780,409
110000186,668,955,-287
110000191,425,322,103
110000192,267,6,261
110000193,710,4,706
110000194,23,1152,-1129
110000195,356,316,40
110000196,192,467,-275
110000197,102,184,-82
110000198,114,63,51
110000199,52,122,-70
110000200,1120,527,593
110000201,572,652,-80
110000202,1070,518,552
110000203,659,777,-118
110000204,6,284,-278
110000205,78,49,29
110000206,529,1393,-864
110000207,607,386,221
110000208,138,177,-39
110000209,108,815,-707
110000210,717,690,27
110000211,601,822,-221
110000212,346,906,-560
110000213,187,66,121
110000214,149,117,32
110000215,151,508,-357
110000216,99,526,-427
110000217,198,213,-15
110000218,144,437,-293
110000219,178,74,104
110000220,49,345,-296
110000221,236,79,157
110000222,46,308,-262
110000223,11,176,-165
110000224,116,14,102
110000225,235,602,-367
110000226,201,66,135
110000227,741,571,170
110000228,339,408,-69
110000229,2,321,-319
110000230,518,734,-216
110000231,131,163,-32
110000232,211,208,3
110000233,157,309,-152
110000234,668,459,209
110000235,1167,928,239
110000236,585,743,-158
110000237,1693,1132,561
110000238,1089,1415,-326
110000239,1853,1169,684
110000240,2,67,-65
110000242,0,12,-12
110000243,49,151,-102
110000244,93,313,-220
110000245,32,404,-372
110000246,714,508,206
110000247,1024,3835,-2811
110000248,1786,1563,223
110000249,72,9,63
110000250,49,203,-154
110000251,211,539,-328
110000252,139,247,-108
110000253,979,563,416
110000254,516,1262,-746
110000255,212,1210,-998
110000256,432,340,92
110000257,663,403,260
110000258,3,413,-410
110000259,72,20,52
110000260,13,321,-308
110000263,425,90,335
110000264,179,422,-243
110000265,963,1624,-661
110000266,1579,2110,-531
110000267,22,187,-165
110000268,253,356,-103
110000269,4,63,-59
110000270,46,1,45
110000271,1770,289,1481
110000272,962,975,-13
110000273,2810,1246,1564
110000274,176,1041,-865
110000275,2010,461,1549
110000276,218,234,-16
110000277,158,324,-166
110000278,235,899,-664
110000279,576,698,-122
110000280,248,396,-148
110000281,35,233,-198
110000282,190,46,144
110000283,88,105,-17
110000284,58,57,1
110000285,3,238,-235
110000286,11,1,10
110000287,27,4,23
110000288,1,71,-70
110000289,408,1225,-817
110000290,1168,588,580
110000291,5313,1400,3913
110000292,1314,3164,-1850
110000293,553,799,-246
110000294,753,880,-127
110000295,101,691,-590
110000296,233,294,-61
110000297,1920,238,1682
110000298,245,499,-254
110000299,339,65,274
110000301,213,17,196
110000302,297,1161,-864
110000303,363,3,360
110000304,151,300,-149
110000305,756,21,735
110000306,114,1421,-1307
110000307,1033,13,1020
110000308,432,12,420
110000309,4,978,-974
110000310,351,58,293
110000311,27,666,-639
110000312,338,64,274
110000313,2138,2674,-536
110000314,6,289,-283
110000315,3114,1923,1191
110000316,495,1173,-678
110000317,641,331,310
110000318,5,86,-81
110000319,15,15,0
110000320,50,49,1
110000321,4,33,-29
110000322,231,383,-152
110000323,303,181,122
110000324,3644,1140,2504
110000325,2403,2100,303
110000327,440,261,179
110000328,124,433,-309
110000333,676,454,222
110000334,603,1328,-725
110000335,587,453,134
110000336,527,1183,-656
110000337,973,497,476
110000338,294,209,85
110000339,203,252,-49
110000340,56,216,-160
110000341,344,531,-187
110000342,309,2,307
110000343,0,12,-12
110000344,104,159,-55
110000345,283,93,190
110000346,2109,1570,539
110000347,1026,729,297
110000348,28,20,8
110000349,27,16,11
110000350,26,3,23
110000351,682,808,-126
110000352,440,1519,-1079
110000353,2888,721,2167
110000354,952,2491,-1539
110000355,68,77,-9
110000356,647,9,638
110000357,285,19,266
110000361,11,77,-66
110000362,36,25,11
110000363,220,136,84
110000364,133,424,-291
110000365,90,1,89
110000366,1,83,-82
110000367,370,182,188
110000368,3,64,-61
110000369,31,1,30
110000373,9,235,-226
110000374,156,7,149
110000375,109,843,-734
110000376,30,136,-106
110000377,47,496,-449
110000378,31,420,-389
110000379,3160,1276,1884
110000380,38,7,31
110000383,1,1197,-1196
110000384,3024,1033,1991
110000385,2,152,-150
110000387,63,7,56
110000388,30,264,-234
110000389,491,3,488
110000391,374,270,104
110000396,115,144,-29
110000397,81,134,-53
110000398,5,68,-63
110000399,213,18,195
110000587,71,42,29
110000589,188,147,41
110000640,140,73,67
110000652,24,88,-64
110000653,301,423,-122
110000654,58,45,13
110000656,4,623,-619
110000674,13,8,5
110000675,1,5,-4
110000676,5,24,-19
110000679,500,843,-343
110000682,110,162,-52
110000683,391,461,-70
110000684,0,24,-24
110000685,4,7,-3
110000686,6,28,-22
110000687,42,3,39
110000688,84,563,-479
110000689,47,41,6
110000692,190,180,10
110000693,260,180,80
110000694,0,149,-149
110000695,174,576,-402
110000696,89,131,-42
110000698,27,509,-482
110000699,108,462,-354
110900001,231,2,229
110900002,494,190,304
110900003,472,753,-281
110900004,233,165,68
110900005,3244,1505,1739
110900006,41,12,29
110900007,89,20,69
110900008,20,50,-30
110900009,387,59,328
110900010,15,88,-73
110900011,10,112,-102
110900012,5,106,-101
110900013,712,143,569
110900014,222,23,199
110900015,659,390,269
110900016,30,152,-122
110900017,301,46,255
110900018,283,48,235
110900019,81,14,67
110900020,68,424,-356
110900021,47,550,-503
110900022,78,286,-208
110900023,57,476,-419
110900024,32,392,-360
110900025,32,95,-63
110900027,32,157,-125
110900028,35,139,-104
110900029,16,367,-351
110900030,23,272,-249
110900031,35,182,-147
110900032,0,102,-102
110900033,24,206,-182
110900035,19,466,-447
110900036,81,28,53
110900037,36,50,-14
110900038,962,183,779
110900039,2,203,-201
110900040,150,38,112
110900041,3,117,-114
110900042,50,38,12
110900043,2,132,-130
110900044,203,13,190
110900045,28,451,-423
110900046,85,277,-192
110900047,553,170,383
110900049,56,59,-3
110900050,20,3,17
110900052,7,185,-178
110900053,52,26,26
110900054,20,228,-208
110900055,16,0,16
110900056,63,88,-25
110900057,8,215,-207
110900058,155,186,-31
110900059,491,657,-166
110900060,297,94,203
110900061,20,55,-35
110900062,73,291,-218
110900063,34,140,-106
110900064,4,0,4
110900065,387,129,258
110900066,11,90,-79
110900067,383,405,-22
110900068,229,200,29
110900069,3,48,-45
110900070,85,51,34
110900071,206,364,-158
110900073,1,24,-23
110900074,218,105,113
110900075,252,38,214
110900077,449,523,-74
110900078,12,86,-74
110900079,2431,825,1606
110900080,66,49,17
110900081,8,86,-78
110900082,77,170,-93
110900083,91,29,62
110900084,40,102,-62
110900085,35,307,-272
110900086,36,162,-126
110900087,216,65,151
110900088,18,0,18
110900090,19,31,-12
110900091,1,36,-35
110900093,187,97,90
110900095,46,31,15
110900097,18,40,-22
110900098,24,128,-104
110900099,38,421,-383
110900100,0,21,-21
110900102,119,34,85
110900105,429,289,140
110900108,3,90,-87
110900111,326,114,212
110900112,479,6,473
110900113,454,42,412
110900115,7,83,-76
110900116,469,2080,-1611
110900118,150,2115,-1965
110900119,4258,337,3921
110900120,8,138,-130
110900121,53,0,53
110900122,227,142,85
110900125,228,303,-75
110900127,495,976,-481
110900128,411,381,30
110900129,294,474,-180
110900130,1097,503,594
110900131,121,39,82
110900132,195,38,157
110900133,36,192,-156
110900135,62,317,-255
110900136,240,25,215
110900139,0,0,0
110900140,0,0,0
110900141,567,111,456
110900142,44,157,-113
110900143,98,65,33
110900144,3,761,-758
110900145,104,24,80
110900146,348,82,266
110900147,123,269,-146
110900148,0,280,-280
110900149,0,80,-80
110900150,44,23,21
110900151,2,53,-51
110900152,23,251,-228
110900153,73,14,59
111000001,894,740,154
111000002,909,825,84
111000003,1296,1240,56
111000004,735,1300,-565
111000005,1624,1556,68
111000006,1213,2034,-821
111000007,4498,3950,548
111000008,4010,4011,-1
111000009,374,907,-533
111000010,667,341,326
111000011,567,1123,-556
111000012,787,386,401
111000013,429,1180,-751
111000014,1454,745,709
111000017,131,750,-619
111000018,283,377,-94
111000020,1576,2491,-915
111000021,96,132,-36
111000023,74,132,-58
111000025,5760,3000,2760
111000029,56,112,-56
111000030,31,87,-56
111000031,2011,1019,992
111000032,680,339,341
111000033,320,257,63
111000034,329,233,96
111000037,2607,1709,898
111000038,4108,2689,1419
111000039,1900,2571,-671
111000040,1669,2899,-1230
111000041,2021,1851,170
111000042,4796,2793,2003
111000043,1787,2517,-730
111000044,1484,1074,410
111000045,1815,2037,-222
111000046,1297,1551,-254
111000047,1901,3557,-1656
111000049,441,531,-90
111000050,1965,1856,109
111000051,459,1230,-771
111000052,574,1782,-1208
111000053,344,1056,-712
111000054,394,1120,-726
111000055,1142,2153,-1011
111000056,131,602,-471
111000057,74,744,-670
111000058,229,101,128
111000059,413,307,106
111000060,3156,895,2261
111000061,347,370,-23
111000062,603,302,301
111000063,1660,1029,631
111000064,510,591,-81
111000065,853,851,2
111000066,449,320,129
111000067,459,669,-210
111000068,565,1048,-483
111000069,1825,2178,-353
111000070,2065,1263,802
111000071,248,732,-484
111000072,827,469,358
111000073,296,920,-624
111000074,1405,1609,-204
111000075,944,725,219
111000076,369,713,-344
111000077,1710,1937,-227
111000078,3094,1481,1613
111000079,1361,741,620
111000080,416,768,-352
111000081,1757,4241,-2484
111000082,545,761,-216
111000084,732,634,98
111000085,1154,1557,-403
111000086,3054,1455,1599
111000087,715,767,-52
111000088,5969,2000,3969
111000089,674,866,-192
111000090,936,1390,-454
111000091,588,702,-114
111000092,1095,1074,21
111000093,520,862,-342
111000094,1617,935,682
111000095,687,2079,-1392
111000096,2004,6673,-4669
111000097,5384,1411,3973
111000098,854,1258,-404
111000099,561,2262,-1701
111000100,319,1959,-1640
111000101,376,755,-379
111000102,121,630,-509
111000104,395,231,164
111000107,84,786,-702
111000109,411,294,117
111000110,1187,666,521
111000111,1555,528,1027
111000112,1364,528,836
111000113,832,1084,-252
111000114,2340,2725,-385
111000115,6312,946,5366
111000116,816,884,-68
111000117,513,926,-413
111000118,1323,935,388
111000119,947,1274,-327
111000120,476,582,-106
111000121,202,592,-390
111000122,581,1173,-592
111000123,911,3215,-2304
111000124,590,3398,-2808
111000125,172,1730,-1558
111000126,95,974,-879
111000127,690,158,532
111000128,1104,291,813
111000129,2469,415,2054
111000130,1508,665,843
111000131,1144,544,600
111000132,884,562,322
111000133,161,174,-13
111000134,116,167,-51
111000135,54,142,-88
111000136,323,385,-62
111000138,22,19,3
111000140,1,3,-2
111000141,343,292,51
111000142,15,111,-96
111000143,1,80,-79
111000144,24,171,-147
111000145,1301,18,1283
111000146,117,18,99
111000147,229,26,203
111000148,352,66,286
111000149,8,37,-29
111000150,45,10,35
111000151,9,25,-16
111000153,630,686,-56
111000154,989,198,791
111000155,113,169,-56
111000156,457,524,-67
111000157,206,765,-559
111000158,1045,792,253
111000159,2775,784,1991
111000160,248,374,-126
111000161,26,298,-272
111000162,53,153,-100
111000163,626,858,-232
111000164,880,3788,-2908
111000165,1353,515,838
111000166,2103,401,1702
111000167,237,559,-322
111000168,175,498,-323
111000169,332,652,-320
111000170,560,565,-5
111000171,487,848,-361
111000172,128,641,-513
111000173,354,1208,-854
111000174,146,557,-411
111000175,62,300,-238
111000176,252,145,107
111000177,230,278,-48
111000178,1234,325,909
111000179,172,248,-76
111000180,200,410,-210
111000181,796,325,471
111000182,161,224,-63
111000183,310,396,-86
111000184,329,301,28
111000185,336,594,-258
111000186,270,323,-53
111000187,108,281,-173
111000188,187,465,-278
111000189,1325,598,727
111000190,187,465,-278
111000191,161,424,-263
111000192,197,653,-456
111000193,398,423,-25
111000194,41,438,-397
111000195,125,414,-289
111000196,39,297,-258
111000197,250,152,98
111000198,432,118,314
111000199,150,186,-36
111000200,262,341,-79
111000201,368,232,136
111000202,181,217,-36
111000203,203,201,2
111000204,507,735,-228
111000213,194,480,-286
111000214,1537,1873,-336
111000215,981,1555,-574
111000217,1166,850,316
111000218,913,988,-75
111000219,460,268,192
111000220,2325,568,1757
111000221,1058,101,957
111000224,161,491,-330
111000225,298,268,30
111000226,174,3,171
111000227,71,5,66
111000228,15,330,-315
111000229,26,647,-621
111000230,333,482,-149
111000231,733,1060,-327
111000232,402,931,-529
111000233,562,859,-297
111000234,133,322,-189
111000239,113,176,-63
111000240,30,187,-157
111000241,42,358,-316
111000242,115,89,26
111000243,62,694,-632
111000244,293,77,216
111000245,902,622,280
111000246,304,494,-190
111000247,177,946,-769
111000248,520,457,63
111000249,455,846,-391
111000250,44,91,-47
111000251,49,103,-54
111000253,7,9,-2
111000255,17,7,10
111000257,23,10,13
111000260,52,1139,-1087
111000261,788,70,718
111000271,76,347,-271
111000273,5846,1896,3950
111000274,1032,2134,-1102
111000275,118,82,36
111000276,257,2250,-1993
111000277,240,390,-150
111000278,510,230,280
111000291,784,4473,-3689
111000298,507,301,206
111000299,639,129,510
111000300,80,617,-537
111000302,144,108,36
111000303,96,225,-129
111000312,44,86,-42
111000315,36,276,-240
111000320,365,737,-372
111000321,268,105,163
111000322,321,527,-206
111000323,158,17,141
111000324,305,277,28
111000325,29,70,-41
111000326,144,354,-210
111000327,404,523,-119
111000328,190,467,-277
111000329,1,36,-35
111000330,62,22,40
111000331,11,7,4
111000332,489,1480,-991
111000334,380,1713,-1333
111000335,739,226,513
111000337,720,408,312
111000338,53,111,-58
111000339,269,430,-161
111000340,110,726,-616
111000341,1021,504,517
111000342,201,402,-201
111000344,834,745,89
111000345,330,90,240
111000346,22,103,-81
111000347,105,3,102
111000350,164,104,60
111000351,96,242,-146
111000352,130,97,33
111000353,78,239,-161
111000354,319,128,191
111000355,282,497,-215
111000358,120,1435,-1315
111000360,105,789,-684
111000361,87,367,-280
111000546,443,651,-208
111000547,184,595,-411
111000548,90,216,-126
111000549,205,346,-141
111000550,102,525,-423
111000551,681,205,476
111000552,1566,117,1449
111000907,602,52,550
111000908,20,0,20
111000916,1256,285,971
111000917,51,474,-423
111000918,128,990,-862
111000920,356,16,340
111000921,11,370,-359
111000922,288,284,4
111000924,29,929,-900
111000925,1767,2101,-334
111000926,993,2653,-1660
111000927,2423,4577,-2154
111000928,4778,4337,441
111000929,960,1196,-236
111000930,840,2826,-1986
111000931,1657,2144,-487
111000932,4378,2662,1716
111000933,3148,2007,1141
111000934,2288,3122,-834
111000935,1152,1059,93
111000936,1221,2520,-1299
111000937,820,1347,-527
111000938,1913,2386,-473
111000939,312,56,256
111000940,300,195,105
111000941,212,506,-294
111000943,274,263,11
111000944,126,534,-408
111000945,74,1941,-1867
111001109,423,244,179
111001110,264,648,-384
111001111,32,7,25
111001112,280,7,273
111001113,3,202,-199
111001114,1386,94,1292
111001115,144,346,-202
111001116,5410,3145,2265
111001117,670,1832,-1162
111001120,72,331,-259
111001121,216,456,-240
111001122,191,684,-493
111001123,158,177,-19
111001124,140,275,-135
111001125,4,103,-99
111001126,10,0,10
111001127,0,107,-107
111001128,494,642,-148
111900001,2,244,-242
111900002,3,719,-716
111900003,1,375,-374
111900004,17,129,-112
111900006,8,23,-15
111900007,54,2,52
111900008,84,2,82
111900009,65,1,64
111900010,359,616,-257
111900012,100,148,-48
111900013,0,13,-13
111900014,6040,2305,3735
111900015,1,76,-75
111900016,0,149,-149
111900017,0,139,-139
111900018,284,7,277
111900019,6,94,-88
111900020,7,34,-27
111900021,49,116,-67
111900022,11,80,-69
111900023,96,111,-15
111900024,142,202,-60
111900025,0,33,-33
111900026,0,135,-135
111900027,1,211,-210
111900028,11,401,-390
111900029,2,95,-93
111900030,39,300,-261
111900032,3,364,-361
111900033,10,91,-81
111900034,388,546,-158
111900035,32,272,-240
111900036,0,329,-329
111900038,364,587,-223
111900039,56,479,-423
111900040,0,591,-591
111900042,22,133,-111
111900043,4,410,-406
111900044,389,255,134
111900046,50,148,-98
111900048,85,591,-506
111900049,50,240,-190
111900050,105,21,84
111900051,2,156,-154
111900052,534,662,-128
111900053,1088,745,343
111900054,105,1,104
111900055,11,294,-283
111900056,169,160,9
111900057,64,98,-34
111900058,230,757,-527
111900059,2324,371,1953
111900060,242,1,241
111900061,4,112,-108
111900062,14,40,-26
111900063,171,211,-40
111900064,100,161,-61
111900065,74,23,51
111900066,101,164,-63
111900067,1,344,-343
111900068,35,44,-9
111900069,48,27,21
111900070,59,138,-79
111900071,1,214,-213
111900072,20,13,7
111900073,381,86,295
111900074,13,116,-103
111900075,50,4,46
111900076,81,37,44
111900077,21,1,20
111900078,142,23,119
111900079,31,44,-13
111900080,248,192,56
111900082,74,14,60
111900083,56,11,45
111900084,46,7,39
111900085,34,64,-30
111900086,11,1,10
111900087,37,0,37
111900088,318,5,313
111900089,39,0,39
111900090,37,30,7
111900091,73,2,71
111900092,64,1,63
111900093,258,4,254
111900094,53,1,52
111900095,122,13,109
111900096,58,0,58
111900097,14,0,14
111900098,120,0,120
111900099,18,0,18
111900100,48,6,42
111900101,82,25,57
111900102,261,642,-381
111900103,66,39,27
111900104,124,58,66
111900105,268,144,124
111900106,1055,72,983
111900110,2020,350,1670
111900111,58,26,32
111900112,571,1416,-845
111900113,268,77,191
111900118,222,80,142
111900119,280,76,204
111900122,66,71,-5
111900123,6,29,-23
111900124,16,140,-124
111900125,272,15,257
111900126,164,1,163
111900127,1,811,-810
111900128,0,580,-580
111900129,137,8,129
111900130,82,17,65
111900131,271,2,269
111900132,22,1153,-1131
111900133,16,340,-324
111900134,15,268,-253
111900135,10,15,-5
111900136,76,135,-59
111900137,58,91,-33
111900138,14,139,-125
111900139,25,159,-134
111900140,61,17,44
111900141,37,9,28
111900142,40,17,23
111900143,47,109,-62
111900144,0,102,-102
111900145,1,481,-480
111900146,2,274,-272
111900147,180,495,-315
111900148,21,680,-659
111900149,4,366,-362
111900150,17,211,-194
111900151,3,16,-13
111900152,128,60,68
111900153,1745,364,1381
111900154,7,145,-138
111900155,37,46,-9
111900156,22,34,-12
111900157,65,14,51
111900158,335,46,289
111900159,178,4,174
111900160,180,3,177
111900161,95,0,95
111900162,87,129,-42
111900163,47,223,-176
111900164,56,36,20
111901113,191,306,-115
111901114,88,213,-125
111901115,39,1,38
111901116,30,0,30
111901117,19,22,-3
111901118,103,99,4
111901119,1024,58,966
111901121,183,218,-35
111901122,2,541,-539
111901123,80,323,-243
111901124,80,0,80
111901125,235,230,5
111901127,673,187,486
111901128,7,52,-45
111901129,1,128,-127
111901130,9,248,-239
111901131,5,183,-178
111901132,230,13,217
111901133,14,3,11
111901134,24,1,23
111901135,8,8,0
111901138,241,31,210
111901139,10,50,-40
111901140,4,124,-120
111901141,6,169,-163
111901142,5,153,-148
111901143,3,103,-100
111901144,43,26,17
111901145,201,259,-58
111901146,483,27,456
111901147,720,239,481
111901148,17,26,-9
111901149,12,3,9
111901150,70,0,70
111901151,0,0,0
111901152,7,38,-31
112000001,1339,903,436
112000002,874,2441,-1567
112000003,766,924,-158
112000004,592,1240,-648
112000005,2186,2497,-311
112000006,2199,1825,374
112000007,1698,1412,286
112000008,2139,3471,-1332
112000009,3522,3671,-149
112000010,2645,2549,96
112000011,2289,2072,217
112000012,4194,1962,2232
112000013,6067,2544,3523
112000014,4439,714,3725
112000015,4948,2126,2822
112000016,8862,959,7903
112000017,3924,1136,2788
112000024,2730,781,1949
112000026,3855,5245,-1390
112000027,776,487,289
112000028,2047,1549,498
112000029,364,569,-205
112000030,182,104,78
112000031,1523,2784,-1261
112000032,433,37,396
112000033,2347,986,1361
112000034,433,37,396
112000035,141,239,-98
112000036,1472,557,915
112000037,1348,755,593
112000038,1066,646,420
112000039,59,85,-26
112000040,119,264,-145
112000041,633,513,120
112000042,1239,330,909
112000050,1158,1998,-840
112000051,773,1133,-360
112000054,1543,2147,-604
112000057,401,297,104
112000058,259,404,-145
112000059,339,665,-326
112000061,3699,1570,2129
112000062,1687,528,1159
112000063,1390,1468,-78
112000064,4588,5718,-1130
112000065,2425,2539,-114
112000066,3283,1262,2021
112000067,811,624,187
112000068,2716,1852,864
112000069,742,1685,-943
112000070,1730,772,958
112000071,926,2449,-1523
112000072,1495,798,697
112000073,1664,1724,-60
112000074,1420,1001,419
112000075,1373,1201,172
112000076,3511,2898,613
112000077,446,719,-273
112000078,1279,704,575
112000079,1028,1267,-239
112000080,568,893,-325
112000081,1604,2230,-626
112000082,1344,732,612
112000083,574,1258,-684
112000084,1016,783,233
112000085,1061,1239,-178
112000086,1379,1451,-72
112000087,287,732,-445
112000088,454,630,-176
112000089,285,318,-33
112000090,198,352,-154
112000091,608,1248,-640
112000092,1232,1222,10
112000093,1503,1085,418
112000094,444,1067,-623
112000095,646,830,-184
112000096,401,910,-509
112000097,781,416,365
112000098,787,1198,-411
112000099,487,1028,-541
112000100,1110,1020,90
112000101,434,956,-522
112000102,690,705,-15
112000103,307,1178,-871
112000105,730,2012,-1282
112000106,1102,554,548
112000107,72,171,-99
112000108,261,1804,-1543
112000109,125,146,-21
112000110,1668,753,915
112000111,1150,2850,-1700
112000112,2980,617,2363
112000113,815,1673,-858
112000114,1891,956,935
112000115,294,535,-241
112000116,375,946,-571
112000117,1213,1186,27
112000118,1108,967,141
112000119,519,976,-457
112000120,81,389,-308
112000121,104,545,-441
112000122,198,183,15
112000123,479,195,284
112000124,279,90,189
112000125,183,186,-3
112000126,158,659,-501
112000127,1978,1441,537
112000128,777,395,382
112000129,99,112,-13
112000130,112,87,25
112000131,66,458,-392
112000132,103,264,-161
112000133,358,277,81
112000134,385,385,0
112000135,809,656,153
112000136,1018,1198,-180
112000137,1647,1392,255
112000138,2430,1101,1329
112000139,915,420,495
112000140,1175,1183,-8
112000141,724,318,406
112000142,257,818,-561
112000143,769,293,476
112000144,341,1418,-1077
112000145,1760,653,1107
112000146,609,2378,-1769
112000147,1833,1645,188
112000148,1650,2701,-1051
112000149,270,702,-432
112000150,352,661,-309
112000151,423,482,-59
112000152,236,467,-231
112000153,255,278,-23
112000154,85,231,-146
112000155,138,67,71
112000157,821,508,313
112000158,221,578,-357
112000159,381,428,-47
112000167,216,74,142
112000169,422,417,5
112000173,405,177,228
112000175,304,379,-75
112000176,3021,1638,1383
112000177,374,127,247
112000178,73,454,-381
112000179,162,112,50
112000180,240,378,-138
112000181,1289,2052,-763
112000182,704,1869,-1165
112000183,55,69,-14
112000184,262,483,-221
112000185,387,628,-241
112000187,2790,1867,923
112000195,105,20,85
112000196,128,1,127
112000197,99,84,15
112000198,25,260,-235
112000199,1190,961,229
112000202,234,0,234
112000216,56,266,-210
112000230,88,4,84
112000231,4,258,-254
112000256,50,217,-167
112000313,97,88,9
112000314,24,25,-1
112000337,250,479,-229
112000352,424,236,188
112000392,1377,1073,304
112000398,851,808,43
112000399,3900,2071,1829
112000400,1676,3897,-2221
112000401,2511,2560,-49
112000402,2123,2381,-258
112000403,3118,2527,591
112000404,697,651,46
112000405,1355,2556,-1201
112000406,3910,3382,528
112000407,4747,6401,-1654
112000408,8147,7751,396
112000409,1752,5755,-4003
112000410,279,165,114
112000411,4536,1120,3416
112000412,1393,485,908
112000413,9950,3958,5992
112000414,77,100,-23
112000415,89,44,45
112000416,1673,1318,355
112000417,202,76,126
112000421,33,101,-68
112000422,304,420,-116
112000424,2842,2348,494
112000425,356,1309,-953
112000426,106,363,-257
112000427,1,5,-4
112000428,164,372,-208
112000429,2097,2896,-799
112000430,2359,3018,-659
112000431,80,123,-43
112000432,540,1663,-1123
112000433,424,625,-201
112000437,34,239,-205
112900001,52,2,50
112900002,243,1150,-907
112900003,39,372,-333
112900004,12,268,-256
112900005,174,223,-49
112900007,20,176,-156
112900008,0,15,-15
112900009,235,83,152
112900010,239,834,-595
112900011,251,356,-105
112900012,0,45,-45
112900013,4,153,-149
112900014,1,222,-221
112900015,307,792,-485
112900016,2,239,-237
112900017,30,193,-163
112900018,189,1098,-909
112900019,74,162,-88
112900020,373,1201,-828
112900021,3,334,-331
112900022,4,63,-59
112900023,1,216,-215
112900024,30,225,-195
112900025,59,305,-246
112900026,10,323,-313
112900027,6,1398,-1392
112900028,24,138,-114
112900029,23,833,-810
112900030,227,233,-6
112900031,6,540,-534
112900032,130,269,-139
112900034,1,54,-53
112900035,8,485,-477
112900036,33,153,-120
112900037,164,191,-27
112900038,294,87,207
112900039,34,322,-288
112900040,3,278,-275
112900041,944,912,32
112900042,30,333,-303
112900043,21,40,-19
112900044,649,448,201
112900045,420,314,106
112900046,213,65,148
112900047,13,14,-1
112900049,131,75,56
112900050,62,505,-443
112900051,284,542,-258
112900052,13,982,-969
112900053,324,107,217
112900054,175,31,144
112900055,59,24,35
112900056,295,181,114
112900057,17,597,-580
112900058,214,339,-125
112900059,115,111,4
112900060,6,206,-200
112900061,82,148,-66
112900062,106,132,-26
112900063,153,12,141
112900064,184,245,-61
112900065,43,24,19
112900066,113,107,6
112900067,506,159,347
112900068,23,40,-17
112900069,2204,565,1639
112900071,20,5,15
112900072,272,1400,-1128
112900073,275,45,230
112900074,49,190,-141
112900075,1703,718,985
112900076,113,24,89
112900078,194,309,-115
112900079,204,24,180
112900080,42,7,35
112900081,54,189,-135
112900082,269,20,249
112900083,80,53,27
112900084,156,73,83
112900086,34,1,33
112900087,469,89,380
112900088,81,36,45
112900089,472,20,452
112900090,30,16,14
112900091,155,13,142
112900092,112,203,-91
112900093,953,7,946
112900095,29,1,28
112900096,285,99,186
112900097,46,430,-384
112900098,46,1,45
112900099,778,10,768
112900100,54,1,53
112900101,214,6,208
112900102,132,8,124
112900103,110,3,107
112900104,385,2,383
112900105,14,0,14
112900106,353,79,274
112900107,2,1,1
112900108,134,0,134
112900109,73,0,73
112900110,619,7,612
112900111,592,3,589
112900112,278,0,278
112900113,1,10,-9
112900114,90,15,75
112900115,697,0,697
112900116,80,5,75
112900117,173,149,24
112900118,25,65,-40
112900119,111,4,107
112900120,816,194,622
112900121,258,182,76
112900122,12,117,-105
112900123,128,22,106
112900124,9,106,-97
112900125,22,258,-236
112900126,192,210,-18
112900127,301,71,230
112900128,313,810,-497
112900129,3,887,-884
112900130,229,58,171
112900131,33,251,-218
112900132,61,533,-472
112900133,30,1193,-1163
112900134,0,212,-212
112900135,96,27,69
112900137,43,787,-744
112900138,3,330,-327
112900139,238,1104,-866
112900141,504,21,483
112900142,64,114,-50
112900143,43,520,-477
112900144,7,1082,-1075
112900145,43,401,-358
112900146,3,1392,-1389
112900147,4,2034,-2030
112900148,61,3,58
112900149,156,493,-337
112900151,20,71,-51
112900152,4855,867,3988
112900153,2104,1508,596
112900154,0,128,-128
112900155,156,57,99
112900156,305,1328,-1023
112900157,112,108,4
112900158,35,37,-2
112900159,140,100,40
112900160,52,234,-182
112900161,117,26,91
112900162,31,23,8
112900163,114,27,87
112900164,29,136,-107
112900165,97,24,73
112900166,16,35,-19
112900167,7,40,-33
112900168,2,0,2
112900169,14,9,5
112900170,54,67,-13
112900172,53,7,46
112900173,192,72,120
112900174,207,57,150
112900175,141,105,36
112900176,16,19,-3
112900177,226,23,203
112900178,563,2075,-1512
112900179,56,529,-473
112900180,1307,1639,-332
112900181,358,2,356
112900182,52,1378,-1326
112900183,72,162,-90
112900184,488,321,167
112900185,171,306,-135
112900186,1271,722,549
112900187,80,369,-289
112900188,849,264,585
112900189,6,25,-19
112900190,25,47,-22
112900192,372,386,-14
112900193,882,231,651
112900194,53,124,-71
112900195,664,30,634
112900196,233,478,-245
112900197,166,366,-200
112900199,283,297,-14
112900200,358,288,70
112900201,39,83,-44
112900202,324,981,-657
112900203,124,335,-211
112900204,999,420,579
112900205,17,44,-27
112900206,17,66,-49
112900207,9,0,9
112900208,48,239,-191
112900209,584,358,226
112900210,0,30,-30
112900211,56,84,-28
112900212,2,129,-127
112900213,39,12,27
112900214,21,12,9
112900215,8,188,-180
112900216,29,64,-35
112900217,0,58,-58
112900218,37,2,35
112900219,27,35,-8
112900220,1,0,1
112900221,0,128,-128
112900222,0,22,-22
112900223,689,12,677
112900224,171,600,-429
112900225,329,511,-182
112900226,87,203,-116
112900227,185,853,-668
112900228,45,21,24
112900229,131,72,59
112900230,6363,3326,3037
112900232,137,178,-41
112900233,56,132,-76
112900234,13,90,-77
112900235,127,33,94
112900236,164,16,148
112900237,199,440,-241
112900238,2,54,-52
112900239,1110,396,714
112900240,1,105,-104
112900241,11,165,-154
112900242,4,189,-185
112900243,5,195,-190
112900244,7,88,-81
112900245,1,57,-56
112900246,2,14,-12
112900247,152,18,134
112900248,6,1,5
112900249,32,7,25
112900250,59,32,27
112900251,88,13,75
112900252,64,39,25
112900253,30,8,22
112900254,8,2,6
112900255,2,31,-29
112900256,11,21,-10
112900257,20,28,-8
112900258,15,27,-12
113000001,4899,6920,-2021
113000002,3125,3540,-415
113000003,1528,2880,-1352
113000004,1808,2703,-895
113000005,1473,1092,381
113000006,949,1528,-579
113000007,1775,1426,349
113000008,1790,1725,65
113000009,766,1011,-245
113000010,909,1565,-656
113000011,706,1395,-689
113000012,1001,932,69
113000013,1196,549,647
113000014,1535,1147,388
113000015,432,145,287
113000016,254,340,-86
113000017,24,255,-231
113000018,568,40,528
113000019,126,249,-123
113000020,433,35,398
113000021,2119,783,1336
113000022,528,1265,-737
113000025,79,285,-206
113000026,538,436,102
113000027,1113,421,692
113000028,871,304,567
113000029,521,691,-170
113000030,462,510,-48
113000031,276,244,32
113000032,202,218,-16
113000033,183,297,-114
113000034,359,264,95
113000035,26,27,-1
113000036,11,44,-33
113000037,62,33,29
113000038,7,52,-45
113000039,83,684,-601
113000040,51,81,-30
113000042,785,465,320
113000051,731,2823,-2092
113000052,2264,1273,991
113000053,310,536,-226
113000054,228,841,-613
113000055,1058,793,265
113000056,831,1297,-466
113000058,759,790,-31
113000059,983,645,338
113000060,139,479,-340
113000061,616,923,-307
113000062,1055,198,857
113000063,150,155,-5
113000064,18,372,-354
113000065,203,1055,-852
113000066,586,139,447
113000067,1321,1278,43
113000068,472,1852,-1380
113000069,599,1501,-902
113000070,1654,918,736
113000071,278,665,-387
113000072,564,470,94
113000073,419,1511,-1092
113000074,841,491,350
113000075,1920,705,1215
113000076,1071,1875,-804
113000077,1217,455,762
113000078,756,1771,-1015
113000079,944,676,268
113000080,870,564,306
113000081,612,789,-177
113000082,1011,629,382
113000083,467,876,-409
113000084,1488,1043,445
113000085,632,665,-33
113000086,1010,1048,-38
113000087,731,915,-184
113000088,2127,1159,968
113000089,758,1432,-674
113000090,270,538,-268
113000091,566,278,288
113000094,1117,210,907
113000095,311,1003,-692
113000096,194,855,-661
113000097,1167,316,851
113000098,101,33,68
113000099,1285,363,922
113000100,195,444,-249
113000101,492,494,-2
113000102,639,371,268
113000103,2693,546,2147
113000104,417,2838,-2421
113000105,509,444,65
113000106,409,538,-129
113000107,859,889,-30
113000108,991,1579,-588
113000109,556,4548,-3992
113000110,1286,420,866
113000111,230,870,-640
113000112,245,386,-141
113000113,1227,406,821
113000114,274,1499,-1225
113000116,586,276,310
113000117,892,164,728
113000118,204,496,-292
113000119,339,345,-6
113000120,81,266,-185
113000121,804,769,35
113000124,226,136,90
113000125,34,728,-694
113000127,2933,435,2498
113000128,392,421,-29
113000129,378,1082,-704
113000133,3344,1304,2040
113000134,6,1439,-1433
113000135,3010,3565,-555
113000137,1637,2439,-802
113000139,333,161,172
113000140,126,231,-105
113000141,287,115,172
113000142,735,653,82
113000143,194,167,27
113000144,286,571,-285
113000145,39,113,-74
113000146,108,78,30
113000147,122,113,9
113000148,133,111,22
113000149,102,108,-6
113000150,326,396,-70
113000151,92,70,22
113000152,18,89,-71
113000153,1547,509,1038
113000154,464,1456,-992
113000155,234,427,-193
113000156,137,351,-214
113000157,318,807,-489
113000158,521,202,319
113000159,659,639,20
113000160,668,1086,-418
113000161,169,511,-342
113000162,581,426,155
113000163,79,61,18
113000164,44,93,-49
113000166,107,87,20
113000167,35,146,-111
113000168,94,161,-67
113000169,92,84,8
113000170,89,125,-36
113000171,77,93,-16
113000172,197,84,113
113000173,34,23,11
113000174,86,434,-348
113000175,292,104,188
113000176,320,173,147
113000177,196,433,-237
113000178,153,372,-219
113000179,227,171,56
113000180,881,1693,-812
113000181,1267,1017,250
113000182,190,577,-387
113000183,179,574,-395
113000184,33,102,-69
113000189,508,679,-171
113000190,840,401,439
113000192,2410,1354,1056
113000193,4912,1061,3851
113000194,2388,1039,1349
113000195,2543,634,1909
113000196,510,145,365
113000197,1820,934,886
113000198,67,282,-215
113000199,1076,273,803
113000201,1618,260,1358
113000202,3879,3726,153
113000203,395,279,116
113000204,1861,1434,427
113000205,24,14,10
113000206,28,34,-6
113000207,47,13,34
113000208,19,42,-23
113000209,16,22,-6
113000210,4,30,-26
113000211,383,205,178
113000212,313,25,288
113000213,24,226,-202
113000214,189,427,-238
113000234,185,1008,-823
113000410,221,204,17
113000411,2528,3727,-1199
113000412,7935,2445,5490
113000413,3577,2494,1083
113000414,7004,10485,-3481
113000415,2271,2756,-485
113000416,8188,3957,4231
113000417,2199,2822,-623
113000418,3602,2775,827
113000419,1188,1460,-272
113000420,3343,3846,-503
113000421,2994,5204,-2210
113000422,12007,8438,3569
113000423,2368,3471,-1103
113000424,3423,8317,-4894
113000425,12,99,-87
113000428,76,9,67
113000430,34,23,11
113000432,2180,238,1942
113000433,76,930,-854
113000434,21,166,-145
113000435,47,617,-570
113000436,51,1185,-1134
113000437,560,20,540
113000438,257,9,248
113000439,27,187,-160
113000440,114,44,70
113000441,143,232,-89
113000442,121,227,-106
113000443,121,282,-161
113000444,173,302,-129
113000445,52,171,-119
113000446,27,113,-86
113000448,358,189,169
113000449,267,1860,-1593
113000450,688,6009,-5321
113000451,1785,170,1615
113000452,569,1020,-451
113000453,125,305,-180
113000454,2950,71,2879
113000455,134,171,-37
113000456,3672,2133,1539
113000468,2163,266,1897
113000469,288,129,159
113000470,369,50,319
113000471,22,535,-513
113000472,85,334,-249
113000474,377,745,-368
113000475,1618,1864,-246
113000476,1271,1765,-494
113000477,2240,2281,-41
113000478,3581,6383,-2802
113000479,72,259,-187
113000485,0,0,0
113000486,5,0,5
113000487,0,2,-2
113000488,0,0,0
113000489,0,0,0
113000490,0,0,0
113000491,2,3,-1
113000492,0,0,0
113000493,0,0,0
113000495,249,193,56
113000496,103,117,-14
113900001,2,383,-381
113900002,1,172,-171
113900003,0,167,-167
113900004,1,109,-108
113900005,2,121,-119
113900006,19,63,-44
113900007,317,2,315
113900008,417,2,415
113900009,532,1,531
113900010,564,5,559
113900011,149,4,145
113900012,23,0,23
113900013,2189,19,2170
113900014,420,0,420
113900015,9,23,-14
113900016,7,0,7
113900017,0,55,-55
113900018,372,151,221
113900019,107,41,66
113900020,87,0,87
113900022,3,1,2
113900023,67,0,67
113900024,30,71,-41
113900025,217,24,193
113900026,15,0,15
113900027,4,85,-81
113900028,22,442,-420
113900029,51,245,-194
113900030,150,2,148
113900031,3,0,3
113900032,23,0,23
113900033,73,75,-2
113900035,22,3,19
113900036,10,100,-90
113900037,53,480,-427
113900038,70,145,-75
113900039,113,9,104
113900040,5,2,3
113900041,2,4,-2
113900042,71,41,30
113900043,198,108,90
113900044,291,195,96
113900045,41,5,36
113900046,232,603,-371
113900047,41,129,-88
113900048,277,76,201
113900049,634,279,355
113900050,177,339,-162
113900051,208,378,-170
113900052,112,164,-52
113900053,393,484,-91
113900054,13,2,11
113900055,77,444,-367
113900056,33,152,-119
113900057,15,122,-107
113900058,54,193,-139
113900059,243,326,-83
113900060,69,185,-116
113900061,917,231,686
113900062,46,6,40
113900063,67,123,-56
113900064,18,149,-131
113900065,400,15,385
113900066,253,420,-167
113900067,68,271,-203
113900068,366,352,14
113900069,16,18,-2
113900070,170,444,-274
113900071,41,58,-17
113900072,50,182,-132
113900073,197,375,-178
113900074,79,347,-268
113900075,977,1065,-88
113900076,76,5,71
113900077,34,216,-182
113900078,15,45,-30
113900079,0,42,-42
113900080,337,187,150
113900081,30,184,-154
113900082,130,301,-171
113900083,158,450,-292
113900084,209,93,116
113900085,38,309,-271
113900086,7,8,-1
113900087,23,184,-161
113900088,41,68,-27
113900089,350,46,304
113900090,477,361,116
113900091,9,20,-11
113900092,24,80,-56
113900093,83,707,-624
113900094,211,307,-96
113900095,98,113,-15
113900096,207,28,179
113900097,22,97,-75
113900098,475,82,393
113900099,1,71,-70
113900100,0,3,-3
113900101,13,49,-36
113900102,106,119,-13
113900103,194,193,1
113900104,118,203,-85
113900105,56,283,-227
113900106,0,83,-83
113900107,1,26,-25
113900108,281,150,131
113900109,336,125,211
113900110,19,15,4
113900111,127,97,30
113900112,73,52,21
113900113,731,414,317
113900114,0,113,-113
113900115,0,112,-112
113900116,89,91,-2
113900117,118,33,85
113900118,194,201,-7
113900119,208,276,-68
113900120,28,19,9
113900121,32,77,-45
113900122,253,1579,-1326
113900123,327,223,104
113900124,0,89,-89
113900125,1218,105,1113
113900126,94,43,51
113900127,162,455,-293
113900128,118,59,59
113900129,8,86,-78
113900130,1,9,-8
113900131,160,77,83
113900132,80,47,33
113900133,16,76,-60
113900135,339,428,-89
113900136,85,53,32
113900137,408,225,183
113900138,11,47,-36
113900139,371,98,273
113900140,229,228,1
113900141,388,421,-33
113900142,122,59,63
113900143,5,24,-19
113900144,382,147,235
113900145,254,204,50
113900146,106,32,74
113900148,128,186,-58
113900149,158,91,67
113900150,649,418,231
113900151,310,192,118
113900152,15,32,-17
113900153,221,356,-135
113900154,1,66,-65
113900155,165,108,57
113900156,249,484,-235
113900157,41,230,-189
113900158,438,228,210
113900159,10,150,-140
113900160,503,566,-63
113900161,62,203,-141
113900162,544,560,-16
113900163,216,232,-16
113900164,194,58,136
113900165,657,433,224
113900166,136,103,33
113900167,176,42,134
113900168,133,129,4
113900169,239,331,-92
113900171,160,50,110
113900172,7,208,-201
113900173,57,613,-556
113900174,381,533,-152
113900175,257,96,161
113900176,265,526,-261
113900177,327,171,156
113900178,206,107,99
113900179,20,536,-516
113900180,131,93,38
113900181,621,87,534
113900182,625,854,-229
113900183,80,67,13
113900184,10,470,-460
113900185,177,76,101
113900186,14,28,-14
113900187,27,137,-110
113900188,10,91,-81
113900189,220,83,137
113900190,312,112,200
113900191,54,139,-85
113900192,2330,1541,789
113900193,27,193,-166
113900194,1773,1041,732
113900195,314,373,-59
113900196,3,83,-80
113900197,3,216,-213
113900198,28,148,-120
113900199,122,604,-482
113900200,13,129,-116
113900201,1,198,-197
113900202,14,142,-128
113900203,15,129,-114
113900204,50,482,-432
113900205,1,84,-83
113900206,1,95,-94
113900207,0,35,-35
113900208,0,36,-36
113900209,0,43,-43
113900210,707,605,102
113900211,124,72,52
113900212,171,472,-301
113900214,367,367,0
113900215,20,108,-88
113900216,66,952,-886
113900217,73,244,-171
113900218,112,56,56
113900219,99,343,-244
113900220,121,130,-9
113900221,305,104,201
113900222,1066,553,513
113900223,106,1055,-949
113900224,119,104,15
113900225,522,163,359
113900226,198,74,124
113900227,254,137,117
113900228,298,309,-11
113900229,49,528,-479
113900230,4105,2112,1993
113900231,136,198,-62
113900232,33,93,-60
113900233,52,40,12
113900234,238,475,-237
113900235,43,16,27
113900236,72,350,-278
113900237,76,4,72
113900238,169,408,-239
113900239,58,78,-20
113900240,3,102,-99
113900241,119,31,88
113900242,51,127,-76
113900243,113,415,-302
113900244,319,225,94
113900245,1163,217,946
113900246,21,12,9
113900247,127,322,-195
113900248,2822,1623,1199
113900249,1083,366,717
113900250,33,105,-72
113900251,481,199,282
113900252,452,14,438
113900253,472,31,441
113900254,788,130,658
113900255,348,20,328
113900256,314,30,284
113900257,16,561,-545
113900258,5,518,-513
113900259,434,241,193
113900260,117,6,111
113900261,31,113,-82
113900262,123,605,-482
113900263,159,692,-533
113900264,7,519,-512
113900265,173,254,-81
113900266,26,147,-121
113900267,123,466,-343
113900268,218,318,-100
113900269,57,157,-100
113900270,332,476,-144
113900271,471,1223,-752
113900273,64,12,52
113900274,63,43,20
113900275,18,75,-57
113900276,9,191,-182
113900277,87,1,86
113900278,231,128,103
113900279,62,61,1
113900280,1126,462,664
113900281,456,967,-511
113900282,506,303,203
113900283,373,473,-100
113900284,594,165,429
113900285,118,9,109
113900286,14,104,-90
113900287,19,27,-8
113900288,0,157,-157
113900289,1169,89,1080
113900290,408,167,241
113900291,123,162,-39
113900292,8,5,3
113900293,5,229,-224
113900294,379,17,362
113900295,314,295,19
113900296,1195,205,990
113900297,1773,30,1743
113900298,10,1605,-1595
113900299,47,244,-197
113900300,2880,1245,1635
113900301,896,241,655
113900302,2446,904,1542
113900303,450,277,173
113900304,0,140,-140
113900305,63,0,63
113900306,14,0,14
113900307,110,0,110
113900308,66,106,-40
113900309,5,615,-610
113900310,1,12,-11
113900311,2,2,0
113900312,119,124,-5
113900313,17,17,0
113900314,0,29,-29
113900315,52,0,52
114000001,848,3211,-2363
114000002,199,437,-238
114000003,187,978,-791
114000004,265,256,9
114000005,144,182,-38
114000006,2268,1622,646
114000007,528,1061,-533
114000008,1253,1212,41
114000009,474,226,248
114000011,2120,3258,-1138
114000012,1654,2245,-591
114000013,1306,1846,-540
114000014,543,559,-16
114000015,1203,533,670
114000016,190,337,-147
114000017,136,187,-51
114000018,403,64,339
114000026,1301,1497,-196
114000027,2431,2020,411
114000028,1921,2362,-441
114000038,203,102,101
114000039,221,203,18
114000040,57,122,-65
114000042,161,209,-48
114000043,302,237,65
114000044,184,257,-73
114000045,57,70,-13
114000046,3045,3850,-805
114000047,30,59,-29
114000048,157,184,-27
114000049,1404,1115,289
114000050,1249,1397,-148
114000051,2606,1314,1292
114000052,4547,1146,3401
114000053,79,412,-333
114000054,141,843,-702
114000055,421,19,402
114000056,1109,572,537
114000057,7767,1938,5829
114000058,510,1203,-693
114000059,285,226,59
114000060,609,711,-102
114000061,2998,1933,1065
114000062,2266,906,1360
114000063,3176,1676,1500
114000064,5598,2817,2781
114000065,1614,2103,-489
114000066,448,572,-124
114000067,21,495,-474
114000068,350,482,-132
114000069,812,337,475
114000070,2000,1419,581
114000071,527,366,161
114000072,259,312,-53
114000073,19,70,-51
114000074,60,20,40
114000075,45,145,-100
114000076,16,114,-98
114000077,4,39,-35
114000078,209,697,-488
114000079,91,31,60
114000080,72,96,-24
114000081,41,91,-50
114000082,38,555,-517
114000083,53,216,-163
114000084,171,85,86
114000085,90,565,-475
114000086,183,417,-234
114000087,44,188,-144
114000088,26,51,-25
114000089,1396,385,1011
114000090,629,581,48
114000091,1355,565,790
114000092,742,353,389
114000093,841,640,201
114000094,523,424,99
114000095,354,97,257
114000096,128,382,-254
114000097,80,434,-354
114000098,314,102,212
114000099,373,805,-432
114000100,864,660,204
114000101,321,856,-535
114000102,352,337,15
114000103,159,439,-280
114000104,14,263,-249
114000105,90,71,19
114000106,860,688,172
114000107,228,110,118
114000108,3634,1327,2307
114000109,414,1120,-706
114000110,486,1668,-1182
114000111,1091,636,455
114000112,469,2852,-2383
114000113,1132,374,758
114000114,1248,1909,-661
114000115,2084,825,1259
114000116,562,1163,-601
114000117,1905,391,1514
114000118,1709,358,1351
114000119,1224,336,888
114000120,543,892,-349
114000121,582,629,-47
114000122,552,290,262
114000123,1192,270,922
114000124,872,251,621
114000125,776,1611,-835
114000126,1236,197,1039
114000127,150,150,0
114000128,814,489,325
114000130,590,491,99
114000131,235,73,162
114000132,576,663,-87
114000133,843,1227,-384
114000134,50,142,-92
114000138,27,143,-116
114000139,370,215,155
114000144,506,358,148
114000145,48,156,-108
114000146,76,216,-140
114000147,1035,1295,-260
114000148,2151,1684,467
114000149,309,208,101
114000150,1980,1102,878
114000151,1826,1304,522
114000152,160,24,136
114000153,1243,1853,-610
114000154,893,764,129
114000155,1018,1981,-963
114000156,960,418,542
114000157,370,910,-540
114000158,1732,611,1121
114000159,201,314,-113
114000160,93,216,-123
114000161,1534,2071,-537
114000162,692,1497,-805
114000163,15,119,-104
114000165,379,206,173
114000166,696,262,434
114000167,4125,1249,2876
114000168,638,544,94
114000169,1600,855,745
114000170,1138,787,351
114000171,913,2609,-1696
114000174,205,375,-170
114000176,616,401,215
114000177,2198,900,1298
114000178,45,49,-4
114000179,1156,809,347
114000180,460,619,-159
114000181,1500,2787,-1287
114000182,4877,2222,2655
114000183,927,1002,-75
114000184,6696,1529,5167
114000185,906,840,66
114000189,574,100,474
114000190,1718,240,1478
114000191,33,47,-14
114000192,241,1562,-1321
114000193,764,3177,-2413
114000194,1341,1120,221
114000195,115,11,104
114000196,1,280,-279
114000197,894,44,850
114000198,1196,393,803
114000199,2283,1361,922
114000200,780,2012,-1232
114000201,260,958,-698
114000202,906,679,227
114000203,552,929,-377
114000204,131,448,-317
114000205,203,1646,-1443
114000206,412,1331,-919
114000207,719,2114,-1395
114000208,400,3219,-2819
114000209,631,2736,-2105
114000210,309,1593,-1284
114000211,1058,1514,-456
114000212,488,791,-303
114000213,1224,586,638
114000214,85,206,-121
114000215,114,83,31
114000216,1093,347,746
114000217,200,321,-121
114000218,137,279,-142
114000219,984,239,745
114000220,38,1323,-1285
114000221,527,166,361
114000222,144,1210,-1066
114000223,342,111,231
114000224,96,776,-680
114000225,165,530,-365
114000226,100,261,-161
114000227,830,512,318
114000228,623,864,-241
114000229,799,1207,-408
114000230,1442,1348,94
114000231,813,1226,-413
114000232,502,133,369
114000233,1601,138,1463
114000234,1133,900,233
114000235,932,1476,-544
114000236,0,469,-469
114000237,89,938,-849
114000238,140,274,-134
114000239,144,1204,-1060
114000240,716,675,41
114000241,266,1158,-892
114000242,1136,1117,19
114000243,1207,829,378
114000244,587,387,200
114000245,368,701,-333
114000246,273,37,236
114000247,650,648,2
114000248,910,598,312
114000249,537,580,-43
114000250,416,636,-220
114000251,251,350,-99
114000252,83,83,0
114000253,41,172,-131
114000254,17,55,-38
114000255,646,168,478
114000256,1733,1369,364
114000257,737,1590,-853
114000258,252,342,-90
114000259,99,227,-128
114000260,2,26,-24
114000261,45,27,18
114000262,79,138,-59
114000263,14,1,13
114000264,676,491,185
114000265,9,4,5
114000267,5,1668,-1663
114000268,3,1815,-1812
114000270,186,13,173
114000271,590,59,531
114000283,814,390,424
114000285,18,233,-215
114000288,51,351,-300
114000289,1091,204,887
114000293,131,490,-359
114000294,116,321,-205
114000395,1758,55,1703
114000396,359,359,0
114000402,350,345,5
114000403,250,424,-174
114000405,81,527,-446
114000423,193,447,-254
114000424,223,161,62
114000425,386,405,-19
114000426,292,749,-457
114000427,62,94,-32
114000428,266,147,119
114000429,10,176,-166
114000432,54,139,-85
114000434,41,105,-64
114000435,2,135,-133
114900001,452,1306,-854
114900002,327,43,284
114900003,488,1997,-1509
114900004,202,229,-27
114900005,322,1028,-706
114900006,86,39,47
114900007,157,16,141
114900008,70,61,9
114900010,2143,1832,311
114900011,96,106,-10
114900013,176,130,46
114900018,665,16,649
114900020,146,68,78
114900022,26,661,-635
114900025,219,240,-21
114900026,69,92,-23
114900029,117,35,82
114900030,222,200,22
114900031,227,46,181
114900032,229,32,197
114900034,33,181,-148
114900035,151,191,-40
114900036,256,783,-527
114900039,431,597,-166
114900040,79,178,-99
114900041,545,529,16
114900042,573,756,-183
114900044,82,21,61
114900047,208,1399,-1191
114900048,61,393,-332
114900049,44,271,-227
114900050,56,469,-413
114900051,9,360,-351
114900052,33,162,-129
114900053,63,327,-264
114900054,32,133,-101
114900057,138,11,127
114900058,0,74,-74
114900059,36,34,2
114900063,38,205,-167
114900064,866,554,312
114900065,379,616,-237
114900067,46,399,-353
114900068,79,361,-282
114900069,158,110,48
114900070,402,526,-124
114900072,4,232,-228
114900073,0,164,-164
114900074,322,652,-330
114900075,101,5,96
114900076,13,297,-284
114900080,2607,440,2167
114900082,3708,1832,1876
114900083,1172,1111,61
114900090,237,195,42
114900091,128,170,-42
114900097,84,1,83
114900098,4,219,-215
114900099,113,3,110
115000001,8274,5111,3163
115000002,3066,3622,-556
115000003,5085,4131,954
115000004,3144,5235,-2091
115000005,1617,2620,-1003
115000006,886,1688,-802
115000007,180,210,-30
115000008,432,516,-84
115000009,242,364,-122
115000010,372,141,231
115000013,110,225,-115
115000015,111,379,-268
115000016,46,109,-63
115000019,38,529,-491
115000020,116,446,-330
115000021,263,499,-236
115000022,439,297,142
115000023,274,454,-180
115000024,1048,472,576
115000025,690,572,118
115000026,92,430,-338
115000027,192,218,-26
115000028,145,713,-568
115000029,499,93,406
115000030,618,886,-268
115000031,1054,165,889
115000032,13,306,-293
115000033,194,25,169
115000034,113,972,-859
115000035,815,66,749
115000036,2,334,-332
115000037,430,17,413
115000038,45,224,-179
115000039,3414,2553,861
115000040,6373,3328,3045
115000041,1308,2669,-1361
115000042,996,586,410
115000043,2940,2033,907
115000044,3371,4019,-648
115000045,2424,2278,146
115000046,1674,2558,-884
115000047,1560,1876,-316
115000048,1503,2882,-1379
115000049,1607,3676,-2069
115000050,3055,2062,993
115000051,1732,2517,-785
115000052,3142,1998,1144
115000053,1267,1618,-351
115000054,700,1406,-706
115000055,172,485,-313
115000056,238,436,-198
115000057,757,685,72
115000058,414,177,237
115000059,232,131,101
115000061,349,125,224
115000062,218,340,-122
115000063,257,366,-109
115000064,279,133,146
115000065,75,451,-376
115000067,250,44,206
115000069,54,304,-250
115000070,22,854,-832
115000071,102,13,89
115000072,11,74,-63
115000073,1399,72,1327
115000075,89,60,29
115000076,3747,2938,809
115000077,1576,2794,-1218
115000078,930,1730,-800
115000079,1087,2135,-1048
115000080,1682,2520,-838
115000081,414,852,-438
115000082,3037,3094,-57
115000083,1670,2552,-882
115000084,1490,1246,244
115000085,569,931,-362
115000086,720,830,-110
115000087,526,1434,-908
115000088,1535,577,958
115000089,1491,1132,359
115000090,457,700,-243
115000091,270,1123,-853
115000092,343,354,-11
115000093,278,2,276
115000094,7533,4866,2667
115000095,5317,4744,573
115000096,500,1812,-1312
115000097,652,913,-261
115000098,773,819,-46
115000099,1906,3104,-1198
115000100,797,494,303
115000101,472,1725,-1253
115000102,335,205,130
115000103,342,689,-347
115000105,51,234,-183
115000106,404,246,158
115000107,129,512,-383
115000108,4018,2482,1536
115000109,4680,2962,1718
115000110,1121,986,135
115000111,611,1643,-1032
115000112,505,494,11
115000113,483,757,-274
115000114,1439,696,743
115000116,3273,1479,1794
115000117,3478,2311,1167
115000118,1718,1393,325
115000119,1779,1801,-22
115000120,529,914,-385
115000121,1446,767,679
115000122,2653,1482,1171
115000123,1403,1513,-110
115000124,1260,863,397
115000125,511,643,-132
115000126,227,279,-52
115000127,584,105,479
115000128,787,783,4
115000129,289,308,-19
115000130,322,949,-627
115000131,630,303,327
115000132,189,454,-265
115000133,470,362,108
115000134,244,198,46
115000135,212,192,20
115000136,252,296,-44
115000137,120,144,-24
115000138,217,316,-99
115000139,248,266,-18
115000140,215,239,-24
115000141,212,253,-41
115000142,172,271,-99
115000143,446,609,-163
115000144,458,86,372
115000145,282,399,-117
115000146,345,268,77
115000147,461,541,-80
115000148,278,1159,-881
115000149,504,192,312
115000150,598,1115,-517
115000151,763,450,313
115000152,440,1366,-926
115000153,690,462,228
115000154,585,274,311
115000155,573,976,-403
115000156,1278,579,699
115000157,956,805,151
115000158,773,382,391
115000159,871,371,500
115000160,408,275,133
115000161,140,486,-346
115000162,670,706,-36
115000163,505,538,-33
115000164,590,562,28
115000165,447,437,10
115000167,179,70,109
115000168,764,346,418
115000169,831,297,534
115000170,328,116,212
115000171,451,234,217
115000172,1254,516,738
115000173,350,432,-82
115000174,170,354,-184
115000175,247,94,153
115000176,173,73,100
115000177,156,37,119
115000178,35,221,-186
115000179,65,15,50
115000180,117,569,-452
115000181,486,110,376
115000182,640,303,337
115000183,253,909,-656
115000186,555,281,274
115000187,131,798,-667
115000188,432,537,-105
115000189,219,400,-181
115000190,674,622,52
115000191,215,460,-245
115000194,166,130,36
115000195,235,273,-38
115000196,105,121,-16
115000197,204,340,-136
115000198,147,240,-93
115000199,216,252,-36
115000200,225,136,89
115000201,197,353,-156
115000206,322,54,268
115000207,60,312,-252
115000208,390,557,-167
115000209,444,267,177
115000210,115,147,-32
115000211,196,196,0
115000212,1786,224,1562
115000224,481,63,418
115000225,44,68,-24
115000229,267,166,101
115000230,83,362,-279
115000231,361,2273,-1912
115000232,1151,284,867
115000233,169,158,11
115000234,32,287,-255
115000241,24,221,-197
115000242,36,296,-260
115000243,44,208,-164
115000244,2,125,-123
115000246,44,25,19
115000247,44,22,22
115000248,29,20,9
115000249,30,10,20
115000250,383,49,334
115000251,154,108,46
115000252,69,191,-122
115000253,26,347,-321
115000258,222,170,52
115000259,282,109,173
115000261,15,33,-18
115000262,6,32,-26
115000263,17,42,-25
115000264,14,60,-46
115000267,69,74,-5
115000268,34,127,-93
115000269,116,71,45
115000270,3,12,-9
115000272,36,217,-181
115000273,297,30,267
115000280,1665,144,1521
115000281,397,535,-138
115000282,736,522,214
115000284,315,180,135
115000296,1260,18,1242
115000297,268,120,148
115000298,75,324,-249
115000300,237,145,92
115000302,487,189,298
115000303,460,130,330
115000304,481,69,412
115000305,91,902,-811
115000306,153,433,-280
115000307,81,214,-133
115000308,18,16,2
115000310,817,951,-134
115000311,529,1289,-760
115000313,131,611,-480
115000314,346,126,220
115000315,1193,514,679
115000316,35,97,-62
115000317,138,447,-309
115000318,779,276,503
115000319,40,339,-299
115000320,23,250,-227
115000321,572,8,564
115000322,36,214,-178
115000449,142,214,-72
115000557,76,850,-774
115000558,621,73,548
115000587,428,311,117
115000588,2735,3330,-595
115000589,3412,2685,727
115000590,1202,1198,4
115000591,1116,627,489
115000592,742,1583,-841
115000593,1317,552,765
115000594,837,2191,-1354
115000609,246,201,45
115000617,1737,2897,-1160
115000624,189,70,119
115000633,349,1920,-1571
115000634,2301,675,1626
115000635,442,139,303
115000638,933,661,272
115000641,66,88,-22
115000642,336,246,90
115000643,119,479,-360
115000644,124,369,-245
115000646,680,1233,-553
115000647,123,377,-254
115000648,1411,1944,-533
115000893,3576,1348,2228
115000894,170,1199,-1029
115000895,616,961,-345
115000896,1947,323,1624
115000897,336,134,202
115000898,475,186,289
115000899,587,1389,-802
115000900,163,508,-345
115000901,113,138,-25
115000912,296,96,200
115000913,1,10,-9
115000915,87,0,87
115000916,21,0,21
115000917,1,6,-5
115000918,56,198,-142
115000919,17,7,10
115000920,122,53,69
115000921,737,99,638
115000922,2032,650,1382
115000923,700,985,-285
115000925,77,58,19
115000927,54,67,-13
115000933,609,245,364
115000934,109,197,-88
115000935,63,75,-12
115000936,68,430,-362
115000937,1239,193,1046
115000938,398,212,186
115000939,333,206,127
115000940,22,23,-1
115000941,17,31,-14
115000942,153,100,53
115000943,129,22,107
115000944,11,8,3
115900001,72,49,23
115900002,73,99,-26
115900003,102,95,7
115900004,1,45,-44
115900005,90,7,83
115900006,59,370,-311
115900008,20,8,12
115900009,75,264,-189
115900010,142,171,-29
115900011,438,248,190
115900012,70,87,-17
115900013,326,145,181
115900014,91,137,-46
115900015,81,96,-15
115900016,53,27,26
115900017,7,11,-4
115900018,163,85,78
115900019,123,10,113
115900020,44,1,43
115900021,1336,159,1177
115900022,1800,4,1796
115900023,34,0,34
115900025,27,179,-152
115900026,686,273,413
115900027,1,318,-317
115900028,613,53,560
115900029,13,416,-403
115900030,11,14,-3
115900031,402,202,200
115900032,372,619,-247
115900033,2,38,-36
115900034,28,426,-398
115900035,52,5,47
115900036,173,436,-263
115900037,15,348,-333
115900038,49,8,41
115900039,84,251,-167
115900041,413,344,69
115900042,37,0,37
115900043,69,83,-14
115900044,183,206,-23
115900046,139,241,-102
115900047,109,81,28
115900049,122,212,-90
115900051,3,76,-73
115900052,18,302,-284
115900053,103,191,-88
115900054,168,57,111
115900055,23,150,-127
115900056,123,256,-133
115900057,52,7,45
115900058,26,66,-40
115900060,65,92,-27
115900061,186,1,185
115900062,20,321,-301
115900063,54,9,45
115900064,180,228,-48
115900065,104,97,7
115900066,163,112,51
115900067,5,757,-752
115900068,3254,636,2618
115900069,22,194,-172
115900070,138,157,-19
115900071,1,517,-516
115900072,69,160,-91
115900073,35,33,2
115900074,6,336,-330
115900075,23,282,-259
115900076,1,82,-81
115900077,4,298,-294
115900078,29,123,-94
115900079,94,13,81
115900080,482,171,311
115900081,16,65,-49
115900082,111,145,-34
115900084,208,23,185
115900085,52,45,7
115900086,1439,416,1023
115900088,10,41,-31
115900089,155,679,-524
115900090,168,14,154
115900091,3,13,-10
115900092,15,202,-187
115900093,3,19,-16
115900094,2,351,-349
115900096,2,12,-10
115900097,3,428,-425
115900098,99,445,-346
115900099,34,55,-21
115900100,14,585,-571
115900101,101,398,-297
115900102,46,65,-19
115900103,198,219,-21
115900104,50,112,-62
115900105,81,552,-471
115900106,54,28,26
115900107,32,107,-75
115900108,55,29,26
115900109,41,340,-299
115900110,1,28,-27
115900111,1,81,-80
115900112,39,794,-755
115900113,21,18,3
115900114,1,124,-123
115900115,39,133,-94
115900116,73,897,-824
115900117,37,19,18
115900118,4,318,-314
115900119,82,79,3
115900120,37,371,-334
115900121,98,196,-98
115900124,114,400,-286
115900125,185,47,138
115900126,414,125,289
115900127,397,39,358
115900128,16,103,-87
115900129,429,36,393
115900130,26,258,-232
115900131,268,37,231
115900132,379,17,362
115900134,241,18,223
115900135,549,617,-68
115900137,35,2,33
115900139,66,44,22
115900140,119,27,92
115900141,10,34,-24
115900142,18,14,4
115900143,254,265,-11
115900144,61,176,-115
115900146,2,149,-147
115900147,212,173,39
115900148,50,8,42
115900149,48,28,20
115900150,76,70,6
115900151,6,57,-51
115900152,80,258,-178
115900153,90,211,-121
115900154,393,281,112
115900155,0,69,-69
115900156,505,570,-65
115900157,113,355,-242
115900158,14,13,1
115900159,56,272,-216
115900160,4,2,2
115900161,62,144,-82
115900163,97,94,3
115900164,361,0,361
115900166,165,170,-5
115900168,72,119,-47
115900171,101,333,-232
115900172,47,96,-49
115900173,184,127,57
115900174,207,178,29
115900175,64,144,-80
115900178,1,616,-615
115900179,137,17,120
115900180,26,162,-136
115900181,117,224,-107
115900182,237,235,2
115900183,66,43,23
115900184,1329,13,1316
115900187,11,113,-102
115900189,0,122,-122
115900190,357,808,-451
115900191,50,342,-292
115900192,6,73,-67
115900193,66,66,0
115900194,335,39,296
115900195,507,1300,-793
115900198,125,206,-81
115900199,110,215,-105
115900200,198,251,-53
115900201,332,272,60
115900202,0,44,-44
115900203,1,5,-4
115900204,0,2,-2
115900205,179,24,155
115900206,147,117,30
115900207,25,14,11
115900208,129,221,-92
115900209,5,153,-148
115900210,4,111,-107
115900211,1,180,-179
115900212,68,227,-159
115900213,154,45,109
115900214,274,238,36
115900215,20,41,-21
115900216,3,62,-59
115900217,1,33,-32
115900218,0,22,-22
115900219,70,4,66
115900220,49,24,25
115900221,26,25,1
115900222,17,19,-2
115900223,6,191,-185
115900224,1219,609,610
115900225,92,21,71
115900226,30,32,-2
115900227,8,33,-25
115900228,4,45,-41
115900229,13,71,-58
115900230,51,88,-37
115900231,75,0,75
115900232,71,0,71
115900233,52,5,47
115900234,37,26,11
115900235,19,32,-13
115900236,18,13,5
115900237,19,13,6
115900238,17,9,8
115900239,14,34,-20
115900240,0,56,-56
115900241,104,59,45
115900242,319,286,33
115900243,6,8,-2
115900244,10,5,5
115900245,22,3,19
115900246,6,4,2
115900247,18,9,9
115900248,11,6,5
115900249,9,10,-1
115900250,5,10,-5
115900251,0,8,-8
115900252,2,3,-1
115900253,7,9,-2
115900254,20,35,-15
115900255,2,24,-22
115900256,37,94,-57
115900257,2,5,-3
115900258,0,0,0
115900259,7,2,5
115900260,7,4,3
115900261,6,4,2
115900262,0,4,-4
115900263,10,0,10
115900264,3,3,0
115900265,7,9,-2
115900266,1,9,-8
115900267,9,19,-10
115900268,1,7,-6
115900269,251,358,-107
115900270,206,604,-398
115900271,92,0,92
115900272,12,3,9
115900273,11,17,-6
115900274,5,6,-1
115900275,1,12,-11
115900276,0,37,-37
115900277,1,54,-53
115900278,23,74,-51
115900279,10,110,-100
115900280,13,198,-185
115900281,570,231,339
115900282,22,5,17
115900283,7,17,-10
115900284,9,9,0
116000001,11527,5436,6091
116000002,3690,8454,-4764
116000003,1444,1809,-365
116000004,2152,2641,-489
116000005,4062,2952,1110
116000006,3587,1587,2000
116000007,3678,3521,157
116000008,3662,1582,2080
116000009,1871,2659,-788
116000010,2119,996,1123
116000011,1128,2182,-1054
116000012,1031,996,35
116000013,15589,4842,10747
116000014,18497,11881,6616
116000015,372,1123,-751
116000016,6163,2991,3172
116000017,25,667,-642
116000018,565,460,105
116000019,929,371,558
116000020,426,1047,-621
116000021,485,422,63
116000022,513,492,21
116000023,1016,834,182
116000024,660,1079,-419
116000025,883,632,251
116000026,1986,2256,-270
116000027,1211,571,640
116000028,493,867,-374
116000029,1193,721,472
116000030,624,465,159
116000031,138,312,-174
116000032,418,257,161
116000033,332,446,-114
116000034,1247,1330,-83
116000035,653,970,-317
116000036,1706,829,877
116000037,798,507,291
116000038,717,376,341
116000039,621,247,374
116000040,1901,223,1678
116000041,212,441,-229
116000042,515,181,334
116000043,67,592,-525
116000044,10,116,-106
116000045,2250,1625,625
116000046,1695,1534,161
116000047,3421,4012,-591
116000048,2998,1922,1076
116000049,1071,2329,-1258
116000050,1229,2109,-880
116000051,5642,2361,3281
116000052,6470,4937,1533
116000053,2891,1578,1313
116000054,1304,2643,-1339
116000055,569,1525,-956
116000056,717,1520,-803
116000057,4747,2102,2645
116000058,3312,2176,1136
116000059,3081,5096,-2015
116000060,2441,901,1540
116000061,843,1015,-172
116000062,1187,446,741
116000063,884,1152,-268
116000066,225,565,-340
116000067,320,518,-198
116000068,224,285,-61
116000069,219,367,-148
116000078,310,1065,-755
116000080,1647,1066,581
116000082,2,74,-72
116000083,1392,384,1008
116000084,2132,4332,-2200
116000085,1805,1393,412
116000086,2435,1580,855
116000087,1355,1157,198
116000088,763,1118,-355
116000089,189,98,91
116000090,131,207,-76
116000091,189,219,-30
116000093,478,389,89
116000094,512,661,-149
116000095,607,580,27
116000096,616,1265,-649
116000097,578,815,-237
116000098,181,4979,-4798
116000099,8251,404,7847
116000100,158,13,145
116000101,393,925,-532
116000102,259,1490,-1231
116000103,350,254,96
116000104,191,1697,-1506
116000105,922,169,753
116000106,422,1200,-778
116000107,1450,515,935
116000108,483,166,317
116000111,184,40,144
116000113,71,95,-24
116000114,46,149,-103
116000115,169,98,71
116000116,258,481,-223
116000117,1217,2166,-949
116000118,1183,1322,-139
116000119,1930,2055,-125
116000120,2505,4226,-1721
116000121,569,470,99
116000122,1448,1828,-380
116000123,543,465,78
116000124,347,900,-553
116000125,1896,683,1213
116000126,237,1626,-1389
116000127,1243,1562,-319
116000128,1122,905,217
116000129,892,181,711
116000130,400,321,79
116000133,578,1136,-558
116000134,1641,2473,-832
116000135,1955,1389,566
116000136,1286,2389,-1103
116000137,1015,657,358
116000138,653,433,220
116000139,1915,2377,-462
116000140,204,316,-112
116000141,303,823,-520
116000142,3960,3502,458
116000143,2016,1743,273
116000144,1228,2689,-1461
116000145,1588,1508,80
116000146,350,301,49
116000147,396,109,287
116000148,449,376,73
116000149,528,591,-63
116000151,809,811,-2
116000153,61,894,-833
116000155,247,313,-66
116000156,390,1019,-629
116000157,50,14,36
116000158,341,457,-116
116000159,15,2,13
116000160,21,63,-42
116000161,6,96,-90
116000162,90,109,-19
116000163,8,5,3
116000164,5,11,-6
116000177,277,115,162
116000194,123,370,-247
116000195,1735,722,1013
116000196,11,3,8
116000197,6,9,-3
116000198,2976,1266,1710
116000200,894,568,326
116000201,617,735,-118
116000202,3,273,-270
116000203,6,135,-129
116000204,10,81,-71
116000205,0,212,-212
116000206,0,142,-142
116000207,1,44,-43
116000233,178,493,-315
116000287,103,572,-469
116000288,193,241,-48
116000292,28,105,-77
116000296,19,239,-220
116000297,113,39,74
116000304,95,45,50
116000305,20,82,-62
116000346,130,136,-6
116000352,157,25,132
116000354,51,11,40
116000357,30,51,-21
116000358,181,38,143
116000361,439,5,434
116000372,10078,3543,6535
116000381,55,0,55
116000388,2,52,-50
116000389,749,504,245
116000445,229,657,-428
116000446,345,894,-549
116000447,28,474,-446
116000448,592,214,378
116000563,958,996,-38
116000565,57,449,-392
116000568,46,99,-53
116000579,38,97,-59
116000583,135,100,35
116000584,39,10,29
116000585,28,16,12
116000586,165,117,48
116000587,614,621,-7
116000589,34,75,-41
116000590,37,62,-25
116000591,148,336,-188
116000592,24,90,-66
116000593,1,42,-41
116000594,346,446,-100
116000595,589,146,443
116000596,77,4,73
116000597,217,67,150
116000598,22,189,-167
116000605,293,133,160
116000606,62,170,-108
116000607,2,47,-45
116000609,192,750,-558
116000611,102,560,-458
116000612,726,2021,-1295
116000613,445,379,66
116000614,429,767,-338
116000615,1,217,-216
116000616,33,149,-116
116000617,87,97,-10
116000618,2,145,-143
116000619,29,35,-6
116000620,94,422,-328
116000621,31,110,-79
116000622,43,193,-150
116000624,103,78,25
116000627,67,139,-72
116000628,55,460,-405
116000629,17,316,-299
116000630,215,15,200
116000631,98,48,50
116000632,384,100,284
116000633,124,309,-185
116000634,247,200,47
116000635,3775,1885,1890
116000636,2107,1236,871
116000637,316,74,242
116000638,72,449,-377
116000639,70,3,67
116000640,17,18,-1
116000641,45,153,-108
116000643,4,151,-147
116000644,19,680,-661
116000645,81,12,69
116900001,153,136,17
116900002,194,3,191
116900003,28,81,-53
116900004,29,20,9
116900005,246,39,207
116900006,199,107,92
116900007,114,148,-34
116900008,260,347,-87
116900009,5,8,-3
116900010,452,1793,-1341
116900011,7,47,-40
116900012,125,151,-26
116900013,6,155,-149
116900014,64,260,-196
116900015,195,73,122
116900016,132,5,127
116900017,2,662,-660
116900018,31,62,-31
116900019,11,353,-342
116900020,1222,471,751
116900023,29,5,24
116900024,341,51,290
116900025,618,950,-332
116900026,143,693,-550
116900027,10,65,-55
116900028,0,112,-112
116900029,1,32,-31
116900031,1,5,-4
116900032,0,416,-416
116900033,9,10,-1
116900034,3,78,-75
116900035,103,241,-138
116900036,2,83,-81
116900038,7,2,5
116900041,14,20,-6
116900042,795,193,602
116900043,10,88,-78
116900047,65,50,15
116900049,19,312,-293
116900050,112,556,-444
116900051,53,224,-171
116900052,215,42,173
116900055,4,7,-3
116900057,23,234,-211
116900058,24,443,-419
116900059,1,117,-116
116900060,158,162,-4
116900062,1,9,-8
116900064,51,814,-763
116900065,20,148,-128
116900067,76,110,-34
116900068,118,273,-155
116900070,3,1,2
116900072,17,378,-361
116900073,9,179,-170
116900074,5,49,-44
116900076,7,41,-34
116900077,5,221,-216
116900078,232,137,95
116900079,31,374,-343
116900080,3,16,-13
116900081,328,1448,-1120
116900082,415,934,-519
116900083,55,102,-47
116900084,236,64,172
116900085,13,155,-142
116900086,71,216,-145
116900088,301,41,260
116900090,108,97,11
116900091,131,73,58
116900092,65,792,-727
116900093,1299,2081,-782
116900094,4946,4270,676
116900095,326,117,209
116900096,73,165,-92
116900097,4444,2083,2361
116900098,796,239,557
116900099,615,473,142
116900100,597,28,569
116900101,173,535,-362
116900103,5,1,4
116900104,54,91,-37
116900105,205,72,133
116900106,767,3,764
116900107,4687,1680,3007
116900110,14,1,13
116900111,347,846,-499
116900112,162,973,-811
116900113,2527,1132,1395
116900116,169,308,-139
116900117,99,91,8
116900118,921,661,260
116900120,193,92,101
116900121,59,11,48
116900122,501,799,-298
116900123,111,741,-630
116900124,163,1108,-945
116900125,176,230,-54
116900126,141,422,-281
116900128,0,43,-43
116900129,0,267,-267
116900130,786,2383,-1597
116900131,44,166,-122
116900132,20,66,-46
116900133,63,82,-19
116900134,150,207,-57
116900136,143,171,-28
116900137,347,171,176
116900138,127,160,-33
116900139,97,309,-212
116900140,154,120,34
116900141,584,377,207
116900142,5,36,-31
116900143,173,328,-155
116900144,16,43,-27
116900145,70,255,-185
116900147,887,248,639
116900148,4,33,-29
116900149,30,210,-180
116900150,7,8,-1
116900151,32,13,19
116900153,55,75,-20
116900154,817,282,535
116900155,68,44,24
116900157,397,352,45
116900158,1113,171,942
116900159,31,312,-281
116900160,2559,292,2267
116900161,8371,4861,3510
116900162,32,145,-113
116900163,137,135,2
116900164,148,48,100
116900165,180,121,59
116900166,12,123,-111
116900167,315,54,261
116900168,301,68,233
116900169,1065,245,820
116900170,191,342,-151
116900171,27,226,-199
116900172,229,176,53
116900173,152,63,89
116900174,40,48,-8
116900175,294,103,191
116900178,11,145,-134
116900179,65,167,-102
116900180,55,27,28
116900182,262,200,62
116900183,83,70,13
116900185,14,28,-14
116900186,95,267,-172
116900187,29,23,6
116900188,118,18,100
116900189,20,3,17
116900191,291,445,-154
116900192,127,130,-3
116900194,79,698,-619
116900195,33,7,26
116900196,25,137,-112
116900197,51,3,48
116900198,213,114,99
116900200,35,47,-12
116900201,38,7,31
116900202,122,48,74
116900203,65,3,62
116900204,45,59,-14
116900206,15,46,-31
116900207,39,26,13
116900208,19,90,-71
116900209,25,133,-108
116900210,317,223,94
116900211,124,5,119
116900212,44,105,-61
116900213,155,189,-34
116900214,118,120,-2
116900215,24,56,-32
116900216,240,184,56
116900218,9,222,-213
116900219,1047,485,562
116900220,79,160,-81
116900221,64,314,-250
116900222,292,302,-10
116900223,69,186,-117
116900226,44,76,-32
116900227,236,70,166
116900228,223,276,-53
116900230,43,326,-283
116900231,7,498,-491
116900232,6,566,-560
116900233,121,90,31
116900234,13,2,11
116900235,317,401,-84
116900238,1519,427,1092
116900239,11,1356,-1345
116900240,6765,3988,2777
116900241,45,101,-56
116900242,1231,349,882
116900243,2,52,-50
116900245,16,8,8
116900246,63,45,18
116900247,436,12,424
116900248,79,43,36
116900249,165,69,96
116900250,218,47,171
116900251,526,417,109
116900252,102,952,-850
116900254,13,100,-87
116900255,79,62,17
116900256,222,146,76
116900257,8,595,-587
116900258,0,317,-317
116900259,141,9,132
116900260,1,154,-153
116900261,25,2,23
116900262,101,118,-17
116900263,0,9,-9
116900264,44,45,-1
116900265,16,0,16
116900266,1,51,-50
116900267,4,1,3
116900268,76,8,68
116900269,347,542,-195
116900271,1040,133,907
116900272,783,539,244
116900273,403,58,345
116900274,52,92,-40
116900275,100,120,-20
116900276,312,74,238
116900277,509,28,481
116900278,7,5,2
116900279,0,27,-27
116900280,16,24,-8
116900281,7584,3075,4509
116900282,3,110,-107
116900283,10,151,-141
116900284,8,211,-203
116900285,261,334,-73
116900286,150,15,135
116900287,2,87,-85
116900288,33,126,-93
116900289,6,23,-17
116900290,4,44,-40
116900291,10,8,2
116900292,0,29,-29
116900293,54,47,7
116900294,23,111,-88
116900295,677,29,648
116900296,146,67,79
116900297,11,98,-87
116900298,88,48,40
116900299,53,56,-3
116900300,6,67,-61
116900301,88,86,2
116900302,93,51,42
116900303,460,94,366
116900304,0,111,-111
116900305,39,101,-62
116900306,190,153,37
116900307,81,1,80
116900308,2,167,-165
116900309,31,100,-69
116900310,8,57,-49
117000001,2184,2043,141
117000002,2972,6085,-3113
117000003,9068,3459,5609
117000004,5052,6596,-1544
117000005,2305,2026,279
117000006,1425,4810,-3385
117000007,3888,1489,2399
117000008,1356,5480,-4124
117000009,5117,1933,3184
117000010,3070,5242,-2172
117000011,1758,2047,-289
117000012,1296,1973,-677
117000013,2278,1162,1116
117000014,2038,3091,-1053
117000015,3822,1412,2410
117000016,690,55,635
117000017,1110,125,985
117000018,227,399,-172
117000019,352,41,311
117000020,467,1231,-764
117000021,2816,744,2072
117000022,691,87,604
117000023,1250,183,1067
117000024,747,75,672
117000025,2087,499,1588
117000026,5503,880,4623
117000027,2011,1952,59
117000028,4172,1189,2983
117000030,986,660,326
117000031,430,292,138
117000032,3010,1327,1683
117000033,1322,1204,118
117000034,587,421,166
117000035,308,369,-61
117000036,508,549,-41
117000037,363,297,66
117000038,289,740,-451
117000039,575,331,244
117000040,224,923,-699
117000041,810,213,597
117000044,38,1011,-973
117000045,565,72,493
117000046,699,829,-130
117000047,1201,719,482
117000048,2490,1706,784
117000049,114,549,-435
117000050,145,2178,-2033
117000051,1632,193,1439
117000052,14,396,-382
117000053,401,65,336
117000054,1471,3,1468
117000055,97,3401,-3304
117000056,445,16,429
117000057,683,2475,-1792
117000060,483,1892,-1409
117000061,2234,1195,1039
117000062,274,609,-335
117000063,2139,1021,1118
117000064,1024,870,154
117000066,1004,781,223
117000067,201,489,-288
117000074,158,300,-142
117000076,57,71,-14
117000077,146,133,13
117000078,128,739,-611
117000079,329,253,76
117000080,1,372,-371
117000081,1091,137,954
117000082,50,63,-13
117000083,472,419,53
117000084,480,4,476
117000085,200,693,-493
117000086,790,619,171
117000087,242,430,-188
117000088,219,291,-72
117000089,1307,305,1002
117000090,222,1584,-1362
117000091,689,322,367
117000092,388,1838,-1450
117000093,1081,768,313
117000094,1148,3206,-2058
117000095,2918,994,1924
117000096,565,2921,-2356
117000097,993,1357,-364
117000098,2844,5895,-3051
117000099,2381,1185,1196
117000100,149,225,-76
117000101,219,1366,-1147
117000102,1312,729,583
117000103,877,2082,-1205
117000104,1088,692,396
117000105,822,2181,-1359
117000106,911,939,-28
117000107,662,2215,-1553
117000108,1369,955,414
117000109,2018,2707,-689
117000110,1239,748,491
117000111,3931,5674,-1743
117000112,2667,2123,544
117000113,120,309,-189
117000114,135,115,20
117000115,77,148,-71
117000116,77,241,-164
117000117,2015,597,1418
117000118,524,195,329
117000119,1732,187,1545
117000120,900,447,453
117000121,135,1454,-1319
117000122,410,1570,-1160
117000123,2487,22,2465
117000124,826,42,784
117000125,988,68,920
117000126,204,28,176
117000127,258,300,-42
117000128,562,746,-184
117000129,1157,665,492
117000130,148,0,148
117000131,1,147,-146
117000132,1723,53,1670
117000133,950,52,898
117000134,0,33,-33
117000135,3,30,-27
117000136,0,48,-48
117000137,73,88,-15
117000138,3,478,-475
117000140,605,2113,-1508
117000141,1389,742,647
117000181,558,303,255
117000182,400,353,47
117000195,188,1205,-1017
117000196,149,86,63
117000225,398,16,382
117000226,14,240,-226
117000276,172,8,164
117000277,0,483,-483
117000310,2403,3094,-691
117000315,35,2044,-2009
117000320,117,0,117
117000906,251,9,242
117000907,6,432,-426
117000909,137,40,97
117000910,143,140,3
117000911,101,229,-128
117000915,4,680,-676
117000916,36,5,31
117000917,791,34,757
117000918,152,86,66
117000919,5,175,-170
117000920,2,1274,-1272
117000921,8,1858,-1850
117000922,57,148,-91
117000924,750,1149,-399
117000926,959,68,891
117000927,1939,443,1496
117000928,0,143,-143
117000929,211,781,-570
117000930,166,28,138
117000931,321,116,205
117900002,214,333,-119
117900003,633,364,269
117900005,8,89,-81
117900006,2,15,-13
117900007,132,120,12
117900008,0,38,-38
117900010,1169,115,1054
117900011,72,15,57
117900012,40,78,-38
117900013,1,245,-244
117900014,1668,209,1459
117900015,16,135,-119
117900016,1452,568,884
117900017,1468,476,992
117900018,207,74,133
117900019,417,402,15
117900020,57,359,-302
117900021,26,81,-55
117900023,567,585,-18
117900024,72,75,-3
117900025,42,7,35
117900026,273,449,-176
117900028,164,6,158
117900029,200,1281,-1081
117900031,595,133,462
117900032,775,625,150
117900033,212,1188,-976
117900034,105,68,37
117900035,276,70,206
117900036,224,802,-578
117900037,65,108,-43
117900038,30,372,-342
117900039,3,105,-102
117900040,92,460,-368
117900041,6,40,-34
117900042,5072,641,4431
117900043,36,26,10
117900044,111,7256,-7145
117900045,197,151,46
117900048,209,381,-172
117900049,234,859,-625
117900050,30,72,-42
117900051,199,1,198
117900052,73,325,-252
117900053,1028,720,308
117900054,0,15,-15
117900055,127,473,-346
117900056,351,31,320
117900057,1025,1346,-321
117900058,132,18,114
117900059,628,88,540
117900060,1040,5731,-4691
117900061,48,441,-393
117900063,355,212,143
117900065,622,1161,-539
117900066,9,66,-57
117900067,271,237,34
117900069,897,431,466
117900070,600,16,584
117900071,104,163,-59
117900073,338,493,-155
117900074,889,16,873
117900075,102,82,20
117900076,22,82,-60
117900077,222,144,78
117900078,205,495,-290
117900080,280,54,226
117900081,513,418,95
117900082,290,276,14
117900083,297,630,-333
117900086,177,37,140
117900087,90,54,36
117900088,3254,2223,1031
117900089,1491,424,1067
117900090,967,716,251
117900091,173,181,-8
117900092,66,26,40
117900093,62,65,-3
117900094,6,9,-3
117900095,895,794,101
117900096,45,259,-214
117900097,162,63,99
117900098,5,0,5
117900099,259,258,1
117900100,110,0,110
117900101,418,1326,-908
117900102,51,56,-5
117900103,27,0,27
117900104,39,122,-83
117900105,148,286,-138
117900106,75,35,40
117900107,20,0,20
117900109,304,330,-26
117900110,46,1,45
117900111,299,23,276
117900112,51,17,34
117900113,5673,1815,3858
117900114,7,0,7
117900115,327,70,257
117900116,1001,1000,1
117900117,292,346,-54
117900118,31,0,31
117900119,71,237,-166
117900120,130,82,48
117900121,86,32,54
117900122,995,2458,-1463
117900123,967,594,373
117900124,567,667,-100
117900125,1574,1304,270
117900126,215,660,-445
117900127,476,619,-143
117900128,213,758,-545
117900129,82,3,79
117900130,824,476,348
117900131,0,122,-122
117900132,12,94,-82
117900133,6,135,-129
117900134,45,159,-114
117900135,10,213,-203
117900136,0,25,-25
117900137,16,239,-223
117900138,0,30,-30
117900139,140,131,9
117900140,5633,55,5578
117900141,326,262,64
117900142,526,65,461
117900144,143,87,56
117900145,38,12,26
117900146,400,93,307
117900147,40,60,-20
117900148,3483,1079,2404
117900149,53,163,-110
117900150,18,63,-45
117900151,41,102,-61
117900152,185,74,111
117900153,23,101,-78
117900154,594,881,-287
117900156,990,881,109
117900157,97,565,-468
117900158,108,127,-19
117900160,478,449,29
117900161,2516,2650,-134
117900162,522,643,-121
117900163,297,51,246
117900165,0,9,-9
117900166,96,381,-285
117900168,28,178,-150
117900169,2,141,-139
117900170,0,37,-37
117900171,0,12,-12
117900172,18,27,-9
117900173,191,71,120
117900174,49,61,-12
117900175,3,34,-31
117900176,7,32,-25
117900177,10,60,-50
117900178,89,30,59
117900180,250,23,227
117900181,108,210,-102
117900182,9,31,-22
117900183,63,195,-132
117900184,12,58,-46
117900185,22,36,-14
117900186,18,19,-1
117900187,15,6,9
117900188,188,24,164
117900189,58,19,39
117900190,32,1,31
117900191,66,2,64
117900192,148,0,148
117900193,1,87,-86
117900194,4,4,0
117900195,16,53,-37
117900196,6,20,-14
117900207,148,102,46
117900208,24,24,0
117900209,157,218,-61
117900210,97,229,-132
117900211,5,178,-173
117900212,107,171,-64
117900213,35,23,12
117900214,6,17,-11
117900215,48,23,25
117900216,94,22,72
117900217,153,125,28
117900218,278,282,-4
117900219,28,83,-55
117900220,341,184,157
117900222,170,317,-147
117900223,158,282,-124
118000001,949,686,263
118000002,1606,2186,-580
118000003,5263,2398,2865
118000004,5168,1947,3221
118000005,4622,4621,1
118000006,6057,9622,-3565
118000007,9345,2173,7172
118000008,7636,2684,4952
118000009,2908,3242,-334
118000010,5202,4166,1036
118000011,1092,2514,-1422
118000012,1180,2489,-1309
118000013,3792,2804,988
118000014,1956,3299,-1343
118000016,226,390,-164
118000017,282,451,-169
118000018,604,583,21
118000019,2426,1347,1079
118000020,1376,1948,-572
118000021,929,2154,-1225
118000022,2053,711,1342
118000023,1329,362,967
118000024,1350,863,487
118000027,15615,10058,5557
118000029,904,618,286
118000032,1613,3162,-1549
118000033,3604,3623,-19
118000034,6015,2188,3827
118000035,1832,2157,-325
118000036,1622,1039,583
118000037,907,983,-76
118000038,120,85,35
118000039,172,347,-175
118000040,1747,1774,-27
118000041,2318,1529,789
118000045,1289,78,1211
118000046,2787,515,2272
118000047,4000,649,3351
118000048,5345,1333,4012
118000051,2680,517,2163
118000052,1810,372,1438
118000053,866,488,378
118000054,2021,1681,340
118000055,1130,2223,-1093
118000056,212,279,-67
118000057,163,410,-247
118000058,4343,1173,3170
118000059,3650,639,3011
118000060,1024,587,437
118000061,937,1236,-299
118000062,730,236,494
118000063,469,432,37
118000064,1237,1159,78
118000065,6124,1838,4286
118000066,1004,1134,-130
118000067,1537,665,872
118000068,2746,4016,-1270
118000069,4737,1130,3607
118000070,7418,1606,5812
118000071,3695,5553,-1858
118000072,4254,1001,3253
118000073,4326,395,3931
118000074,957,643,314
118000075,1177,242,935
118000076,2023,1611,412
118000077,1607,1206,401
118000078,2363,1859,504
118000079,163,324,-161
118000080,1538,862,676
118000081,2219,1013,1206
118000082,342,974,-632
118000083,1678,1611,67
118000084,2913,1787,1126
118000086,341,562,-221
118000087,5524,2670,2854
118000088,1832,1815,17
118000089,3707,2094,1613
118000090,2082,2893,-811
118000091,1184,2362,-1178
118000092,1166,451,715
118000093,157,787,-630
118000096,671,576,95
118000097,810,648,162
118000098,253,167,86
118000099,392,865,-473
118000101,860,298,562
118000102,266,1261,-995
118000107,2787,536,2251
118000108,580,2412,-1832
118000110,2,25,-23
118000111,0,556,-556
118000112,362,9,353
118000113,4,914,-910
118000114,275,9,266
118000115,15,31,-16
118000116,71,0,71
118000117,1507,828,679
118000118,1223,715,508
118000119,914,1023,-109
118000120,1731,1166,565
118000121,201,576,-375
118000122,1934,342,1592
118000123,33,315,-282
118000125,2120,981,1139
118000126,1337,1475,-138
118000127,1850,747,1103
118000128,770,1075,-305
118000129,1458,384,1074
118000130,3156,4363,-1207
118000131,1055,975,80
118000132,2132,1560,572
118000133,1469,532,937
118000135,693,361,332
118000136,127,552,-425
118000137,922,180,742
118000138,430,589,-159
118000139,319,131,188
118000140,2341,4246,-1905
118000141,1872,2454,-582
118000142,1714,2451,-737
118000143,1631,1377,254
118000144,1637,1210,427
118000145,1906,2895,-989
118000146,1371,1438,-67
118000147,1258,1822,-564
118000148,607,1519,-912
118000149,798,1189,-391
118000150,210,462,-252
118000151,292,470,-178
118000153,1018,1558,-540
118000154,1360,2135,-775
118000155,828,1652,-824
118000156,2463,2504,-41
118000157,526,487,39
118000158,187,468,-281
118000159,15,96,-81
118000160,401,569,-168
118000161,388,787,-399
118000162,2276,1112,1164
118000163,605,1168,-563
118000164,2542,2363,179
118000168,1120,302,818
118000169,1280,1698,-418
118000170,4239,5701,-1462
118000171,342,539,-197
118000172,142,343,-201
118000173,1221,1360,-139
118000175,315,416,-101
118000176,240,517,-277
118000177,206,651,-445
118000178,94,69,25
118000179,1727,1167,560
118000180,685,973,-288
118000181,971,432,539
118000182,347,294,53
118000183,316,319,-3
118000184,649,1273,-624
118000185,967,852,115
118000186,727,825,-98
118000187,1085,682,403
118000188,914,166,748
118000189,504,650,-146
118000190,14,5,9
118000191,16,28,-12
118000192,107,101,6
118000193,65,293,-228
118000194,3076,1262,1814
118000195,1158,650,508
118000196,936,130,806
118000197,778,77,701
118000198,926,494,432
118000199,1855,426,1429
118000200,49,139,-90
118000201,824,431,393
118000202,74,56,18
118000203,2496,448,2048
118000204,322,262,60
118000205,863,371,492
118000206,233,255,-22
118000207,0,78,-78
118000208,1351,1635,-284
118000209,1872,2293,-421
118000210,29,32,-3
118000211,15,47,-32
118000213,1297,634,663
118000214,618,744,-126
118000215,246,473,-227
118000216,1258,4367,-3109
118000217,21,110,-89
118000218,48,118,-70
118000219,416,444,-28
118000220,4,27,-23
118000221,119,306,-187
118000222,39,1,38
118000223,28,62,-34
118000224,289,97,192
118000225,161,950,-789
118000226,1819,121,1698
118000227,817,341,476
118000228,121,131,-10
118000229,338,36,302
118000230,94,228,-134
118000231,50,207,-157
118000232,715,1052,-337
118000233,784,810,-26
118000234,198,190,8
118000236,442,322,120
118000237,85,369,-284
118000238,193,274,-81
118000239,315,325,-10
118000240,478,101,377
118000241,177,310,-133
118000242,253,449,-196
118000243,133,154,-21
118000244,9,127,-118
118000246,121,21,100
118000255,50,182,-132
118000256,61,246,-185
118000259,8,35,-27
118000260,213,89,124
118000261,16,59,-43
118000263,127,265,-138
118000266,1693,492,1201
118000267,0,85,-85
118000268,889,2,887
118000270,41,10,31
118000271,238,383,-145
118000272,77,20,57
118000273,124,59,65
118000274,97,320,-223
118000276,327,372,-45
118000295,3,65,-62
118000298,108,410,-302
118000299,88,180,-92
118000301,1,60,-59
118000302,81,103,-22
118000311,257,88,169
118000312,241,152,89
118000313,21,190,-169
118000314,43,81,-38
118000315,14,66,-52
118000316,560,612,-52
118000325,37,62,-25
118000326,14,55,-41
118000331,11,50,-39
118000332,26,30,-4
118000333,50,71,-21
118000335,246,1,245
118000336,0,316,-316
118000407,116,73,43
118000457,6,46,-40
118000465,3485,3896,-411
118000480,52,146,-94
118000489,28,191,-163
118000490,72,405,-333
118000492,233,239,-6
118000510,50,15,35
118000514,183,328,-145
118000515,649,751,-102
118000517,463,307,156
118000524,664,172,492
118000525,805,776,29
118000530,10,102,-92
118000531,234,327,-93
118000532,217,345,-128
118000533,491,188,303
118000534,769,351,418
118000535,159,143,16
118000536,776,1111,-335
118000537,45,70,-25
118000538,51,68,-17
118000539,4,41,-37
118000540,288,120,168
118000541,173,49,124
118000542,118,173,-55
118000543,124,166,-42
118000546,32,21,11
118000553,0,0,0
118000560,2682,1331,1351
118000562,38,272,-234
118000563,2513,1512,1001
118000576,120,192,-72
118000577,276,289,-13
118000578,109,82,27
118000579,890,1216,-326
118000583,0,0,0
118000595,180,121,59
118000596,0,79,-79
118000597,161,205,-44
118000598,1,0,1
118000599,52,51,1
118000600,1,3,-2
118000601,1,0,1
118000602,4,11,-7
118000603,0,64,-64
118000605,31,338,-307
118000606,27,33,-6
118900001,854,974,-120
118900002,1116,843,273
118900003,126,11,115
118900004,87,54,33
118900005,97,18,79
118900006,132,1,131
118900007,6,2,4
118900008,1513,51,1462
118900009,29,19,10
118900010,35,7,28
118900011,116,13,103
118900012,508,193,315
118900013,442,90,352
118900015,129,33,96
118900016,5,21,-16
118900017,250,246,4
118900018,722,18,704
118900019,49,19,30
118900020,206,94,112
118900021,184,404,-220
118900022,148,118,30
118900023,134,124,10
118900024,72,109,-37
118900025,64,18,46
118900026,47,67,-20
118900027,405,270,135
118900028,163,190,-27
118900029,295,297,-2
118900030,188,80,108
118900031,121,116,5
118900032,260,199,61
118900033,682,428,254
118900034,107,9,98
118900035,174,225,-51
118900036,794,710,84
118900037,845,237,608
118900038,298,245,53
118900039,302,185,117
118900040,189,214,-25
118900041,445,220,225
118900042,243,103,140
118900045,249,178,71
118900046,915,288,627
118900047,801,243,558
118900048,290,148,142
118900049,49,39,10
118900050,13,99,-86
118900051,151,74,77
118900052,498,211,287
118900053,23,81,-58
118900054,84,84,0
118900055,38,94,-56
118900056,96,258,-162
118900057,546,393,153
118900058,457,288,169
118900059,13,75,-62
118900060,69,185,-116
118900062,139,162,-23
118900064,629,533,96
118900065,23,202,-179
118900066,88,99,-11
118900067,5016,3113,1903
118900068,8,588,-580
118900069,340,326,14
118900071,1,76,-75
118900072,377,367,10
118900073,75,127,-52
118900074,90,154,-64
118900075,48,78,-30
118900076,308,65,243
118900077,203,178,25
118900078,59,4,55
118900079,51,175,-124
118900080,20,81,-61
118900081,60,22,38
118900082,488,129,359
118900083,22,16,6
118900084,6,21,-15
118900085,601,1239,-638
118900086,17,68,-51
118900087,9,211,-202
118900088,0,13,-13
118900089,48,14,34
118900090,496,539,-43
118900091,105,139,-34
118900092,78,65,13
118900093,136,14,122
118900096,150,120,30
118900097,187,800,-613
118900099,52,291,-239
118900100,113,237,-124
118900101,46,413,-367
118900102,14,55,-41
118900103,19,70,-51
118900104,127,115,12
118900105,123,117,6
118900107,92,85,7
118900108,112,82,30
118900110,1042,565,477
118900111,258,476,-218
118900112,51,156,-105
118900113,176,553,-377
118900114,13,57,-44
118900115,91,290,-199
118900116,90,192,-102
118900117,141,185,-44
118900118,210,442,-232
118900119,131,324,-193
118900120,103,390,-287
118900121,9,241,-232
118900122,8,812,-804
118900123,123,282,-159
118900124,81,176,-95
118900126,26,399,-373
118900129,240,171,69
118900130,83,119,-36
118900131,125,289,-164
118900132,631,199,432
118900133,20,74,-54
118900135,298,214,84
118900136,252,717,-465
118900137,11,26,-15
118900139,214,459,-245
118900140,413,834,-421
118900141,43,167,-124
118900144,94,612,-518
118900145,21,152,-131
118900146,258,857,-599
118900147,296,131,165
118900148,44,31,13
118900150,493,697,-204
118900152,366,804,-438
118900157,124,146,-22
118900158,65,57,8
118900159,3,135,-132
118900161,103,7,96
118900163,189,61,128
118900164,11,92,-81
118900165,23,178,-155
118900166,22,0,22
118900167,35,90,-55
118900168,103,71,32
118900169,103,375,-272
118900170,107,110,-3
118900171,11,29,-18
118900174,51,39,12
118900175,306,475,-169
118900176,125,228,-103
118900177,36,69,-33
118900178,29,123,-94
118900179,13,51,-38
118900181,43,73,-30
118900182,53,39,14
118900183,24,81,-57
118900184,429,62,367
118900185,162,193,-31
118900186,97,84,13
118900187,151,310,-159
118900188,234,327,-93
118900189,29,766,-737
118900190,19,539,-520
118900191,150,56,94
118900192,159,35,124
118900193,305,10,295
118900195,330,684,-354
118900196,22,151,-129
118900197,54,81,-27
118900198,7,32,-25
118900199,45,58,-13
118900200,21,7,14
118900201,26,4,22
118900202,3,49,-46
118900203,2,23,-21
118900204,12,33,-21
118900205,10,32,-22
118900206,5,17,-12
119000001,1599,1514,85
119000002,4145,2703,1442
119000003,1858,1494,364
119000004,2279,1628,651
119000005,1665,2301,-636
119000006,1995,1624,371
119000007,3650,3473,177
119000008,2143,2057,86
119000009,3273,3664,-391
119000010,7583,4001,3582
119000011,4008,2026,1982
119000012,2973,2650,323
119000013,1705,1321,384
119000014,2613,3365,-752
119000019,232,179,53
119000020,1612,1361,251
119000021,3488,2451,1037
119000022,3122,2294,828
119000023,392,250,142
119000024,1818,8312,-6494
119000025,11786,1089,10697
119000026,132,224,-92
119000027,283,299,-16
119000028,1897,1218,679
119000029,135,279,-144
119000030,400,1013,-613
119000031,842,770,72
119000032,1696,2132,-436
119000033,2044,1548,496
119000034,1439,1034,405
119000035,18,374,-356
119000036,1202,1085,117
119000037,892,2003,-1111
119000038,111,1043,-932
119000039,281,304,-23
119000040,996,513,483
119000041,1150,1545,-395
119000048,3000,3572,-572
119000049,1796,3201,-1405
119000050,1565,2349,-784
119000051,1749,990,759
119000052,2062,3210,-1148
119000053,1488,1013,475
119000054,2500,4018,-1518
119000055,3174,3739,-565
119000056,1854,2257,-403
119000057,1251,2646,-1395
119000058,1735,2345,-610
119000059,1071,1835,-764
119000060,1235,1007,228
119000061,822,935,-113
119000062,1078,1316,-238
119000063,344,381,-37
119000064,1779,1735,44
119000065,1777,3064,-1287
119000066,1716,1204,512
119000067,1792,2522,-730
119000068,1350,1220,130
119000069,1352,2510,-1158
119000070,1729,1046,683
119000071,528,723,-195
119000072,6737,3428,3309
119000073,4991,5853,-862
119000074,1031,3586,-2555
119000075,1299,2641,-1342
119000076,450,782,-332
119000077,1020,431,589
119000078,377,303,74
119000079,174,605,-431
119000080,274,164,110
119000081,302,330,-28
119000082,787,192,595
119000083,377,337,40
119000084,279,446,-167
119000085,442,271,171
119000086,240,468,-228
119000087,1735,845,890
119000088,263,198,65
119000089,69,187,-118
119000090,160,152,8
119000091,132,310,-178
119000092,434,214,220
119000093,4090,3154,936
119000094,2371,6326,-3955
119000095,1254,2942,-1688
119000097,2651,1781,870
119000098,666,2115,-1449
119000099,2214,2033,181
119000100,2599,2545,54
119000101,3506,1700,1806
119000102,1123,730,393
119000103,1642,376,1266
119000104,3153,1434,1719
119000105,795,1346,-551
119000106,314,1787,-1473
119000107,529,478,51
119000108,362,1247,-885
119000109,120,312,-192
119000110,429,258,171
119000111,46,456,-410
119000112,211,60,151
119000113,2116,252,1864
119000114,615,890,-275
119000115,159,202,-43
119000116,157,110,47
119000117,153,339,-186
119000118,0,3,-3
119000123,5612,563,5049
119000124,686,214,472
119000125,2320,1014,1306
119000126,787,903,-116
119000127,454,799,-345
119000128,40,2,38
119000131,707,923,-216
119000132,1,4,-3
119000133,2,9,-7
119000134,3035,644,2391
119000135,101,184,-83
119000136,145,240,-95
119000137,117,444,-327
119000138,236,362,-126
119000139,209,236,-27
119000140,135,322,-187
119000284,1490,3066,-1576
119000285,2398,2253,145
119000286,6940,5609,1331
119000287,1225,2432,-1207
119000288,2134,1560,574
119000289,3725,4122,-397
119000290,121,501,-380
119000291,5,443,-438
119000293,88,143,-55
119000294,48,48,0
119000295,2173,467,1706
119000296,153,139,14
119000302,3865,1621,2244
119000303,95,187,-92
119000314,1187,6901,-5714
119000315,1,607,-606
119000316,82,138,-56
119000317,52,424,-372
119000319,385,361,24
119900001,201,956,-755
119900002,115,296,-181
119900003,58,1084,-1026
119900004,350,550,-200
119900005,136,169,-33
119900006,141,351,-210
119900007,910,151,759
119900008,74,23,51
119900009,495,618,-123
119900010,794,979,-185
119900011,7,52,-45
119900012,29,45,-16
119900013,1462,774,688
119900014,535,198,337
119900015,50,20,30
119900016,21,74,-53
119900017,16,53,-37
119900018,2232,532,1700
119900019,21,6,15
119900020,100,169,-69
119900021,132,69,63
119900022,113,338,-225
119900023,760,1034,-274
119900025,68,20,48
119900026,740,76,664
119900027,43,27,16
119900028,314,68,246
119900029,0,4,-4
119900030,323,473,-150
119900031,54,214,-160
119900033,1931,169,1762
119900034,192,109,83
119900037,125,40,85
119900038,25,219,-194
119900039,37,3,34
119900040,163,12,151
119900041,56,42,14
119900042,55,157,-102
119900043,70,199,-129
119900044,165,485,-320
119900046,44,50,-6
119900047,194,52,142
119900049,132,12,120
119900050,46,80,-34
119900051,710,10,700
119900052,29,48,-19
119900053,106,197,-91
119900054,82,3,79
119900055,777,318,459
119900057,107,64,43
119900058,175,1,174
119900059,110,58,52
119900060,195,2,193
119900061,132,7,125
119900062,30,13,17
119900063,7,50,-43
119900065,210,4,206
119900067,51,29,22
119900068,246,1,245
119900069,53,9,44
119900070,535,7,528
119900071,316,6,310
119900073,1815,529,1286
119900074,87,28,59
119900075,5553,1838,3715
119900076,83,118,-35
119900077,523,1180,-657
119900078,319,722,-403
119900079,115,268,-153
119900080,354,325,29
119900081,296,26,270
119900082,771,36,735
119900083,324,114,210
119900084,949,296,653
119900085,93,56,37
119900086,288,1240,-952
119900087,750,266,484
119900088,44,30,14
119900089,14,566,-552
119900090,158,41,117
119900091,55,1286,-1231
119900092,32,355,-323
119900093,945,212,733
119900094,57,177,-120
119900095,214,82,132
119900096,26,66,-40
119900097,587,166,421
119900098,32,45,-13
119900099,23,191,-168
119900100,2877,2035,842
119900101,211,765,-554
119900102,26,283,-257
119900103,14,348,-334
119900104,27,171,-144
119900105,694,1112,-418
119900106,7,198,-191
119900107,393,3789,-3396
119900108,1991,691,1300
119900109,31,236,-205
119900110,494,840,-346
119900111,116,632,-516
119900112,2656,467,2189
119900113,67,329,-262
119900114,126,1818,-1692
119900115,165,1284,-1119
119900116,111,309,-198
119900117,203,957,-754
119900118,33,1225,-1192
119900119,106,248,-142
119900120,487,611,-124
119900121,340,1328,-988
119900122,486,369,117
119900123,184,321,-137
119900124,121,1120,-999
119900125,30,367,-337
119900126,4703,237,4466
119900127,2878,965,1913
119900128,329,882,-553
119900129,227,828,-601
119900130,41,237,-196
119900131,40,308,-268
119900132,1,347,-346
119900133,17,44,-27
119900134,2455,250,2205
119900135,1,435,-434
119900136,126,413,-287
119900138,356,544,-188
119900139,73,78,-5
119900140,2,123,-121
119900141,137,597,-460
119900142,1,21,-20
119900143,12,218,-206
119900144,1980,184,1796
119900145,82,244,-162
119900146,157,133,24
119900147,1,124,-123
119900148,90,42,48
119900149,1660,2626,-966
119900150,204,192,12
119900151,1624,647,977
119900152,51,430,-379
119900153,100,74,26
119900154,15,975,-960
119900155,29,33,-4
119900156,15,4,11
119900157,87,261,-174
119900158,76,53,23
119900159,7,1759,-1752
119900160,17,175,-158
119900161,185,231,-46
119900162,566,697,-131
119900163,90,100,-10
119900164,0,1,-1
119900165,76,274,-198
119900166,45,31,14
119900167,97,95,2
119900168,623,462,161
119900169,86,247,-161
119900170,128,186,-58
119900171,810,495,315
119900172,98,17,81
119900173,13,567,-554
119900174,3,149,-146
119900175,805,773,32
119900177,62,271,-209
119900178,1,119,-118
119900179,85,272,-187
119900180,834,738,96
119900181,36,63,-27
119900182,4,413,-409
119900183,146,847,-701
119900184,2568,549,2019
119900185,24,123,-99
119900186,58,466,-408
119900187,8,386,-378
119900188,42,370,-328
119900189,425,220,205
119900190,42,187,-145
119900191,330,132,198
119900192,17,210,-193
119900193,217,204,13
119900194,10,37,-27
119900195,27,160,-133
119900196,1177,329,848
119900197,109,143,-34
119900198,89,441,-352
119900199,100,19,81
119900200,456,602,-146
119900201,336,157,179
119900202,129,179,-50
119900203,131,425,-294
119900204,253,285,-32
119900205,413,666,-253
119900206,100,153,-53
119900208,199,166,33
119900209,442,871,-429
119900210,13,31,-18
119900211,44,8,36
119900212,329,693,-364
119900213,1,71,-70
119900214,11,118,-107
119900215,24,92,-68
119900216,11,63,-52
119900217,17,57,-40
119900218,14,49,-35
119900219,11,101,-90
119900220,4,99,-95
119900221,16,339,-323
119900222,17,252,-235
119900223,5,77,-72
119900224,7,26,-19
119900225,953,45,908
119900226,657,1150,-493
119900227,986,276,710
119900228,42,254,-212
119900229,258,400,-142
119900230,1584,609,975
119900231,138,189,-51
119900232,160,71,89
119900233,23,4,19
119900234,19,24,-5
119900235,11,28,-17
119900236,16,214,-198
119900237,23,459,-436
119900238,7,77,-70
119900240,71,156,-85
119900241,160,207,-47
119900242,1389,2042,-653
119900244,807,1366,-559
119900245,88,161,-73
119900246,209,423,-214
119900247,12,59,-47
119900248,54,126,-72
119900249,136,63,73
119900253,3446,361,3085
119900254,47,474,-427
119900255,56,399,-343
119900256,235,958,-723
119900257,42,0,42
119900258,54,1,53
119900259,8,163,-155
119900260,56,4,52
119900261,244,178,66
119900262,2,317,-315
119900263,1126,458,668
119900264,74,215,-141
119900265,331,497,-166
119900266,170,302,-132
119900267,173,303,-130
119900268,103,217,-114
119900269,654,1241,-587
119900271,6,108,-102
119900272,236,65,171
119900275,60,4,56
119900276,22,2,20
119900277,11,3,8
119900278,204,67,137
119900279,111,241,-130
119900280,980,224,756
119900281,1,137,-136
119900282,42,41,1
119900283,6,372,-366
119900284,57,200,-143
119900285,24,75,-51
119900286,3,20,-17
119900288,5,71,-66
119900289,1,47,-46
119900290,3,47,-44
119900291,0,23,-23
119900292,28,29,-1
119900293,20,93,-73
119900294,30,81,-51
119900295,27,66,-39
119900296,18,267,-249
119900297,0,17,-17
119900298,0,2,-2
119900299,32,221,-189
119900300,117,165,-48
119900301,104,22,82
119900302,24,57,-33
119900303,139,120,19
119900304,106,26,80
119900305,10,95,-85
119900306,22,2,20
119900307,17,110,-93
119900308,1,13,-12
119900309,14,85,-71
119900310,332,300,32
119900311,48,132,-84
119900312,82,104,-22
119900313,232,385,-153
119900314,95,320,-225
119900315,1051,2484,-1433
119900318,6,18,-12
119900319,0,305,-305
119900320,73,631,-558
119900321,43,3,40
120000001,7918,13619,-5701
120000002,2808,3215,-407
120000003,3481,1660,1821
120000004,2965,2277,688
120000005,4492,1883,2609
120000006,1336,1497,-161
120000007,3819,2906,913
120000008,1142,1449,-307
120000009,4398,1059,3339
120000010,1782,2974,-1192
120000011,1135,2192,-1057
120000012,1483,2720,-1237
120000013,2235,2689,-454
120000014,606,1909,-1303
120000015,2799,1828,971
120000016,3275,2861,414
120000017,2569,2381,188
120000018,4149,8803,-4654
120000019,907,1513,-606
120000020,3243,2859,384
120000021,1727,2188,-461
120000022,2243,3368,-1125
120000023,823,1693,-870
120000024,1204,2426,-1222
120000025,1995,2486,-491
120000026,1101,1983,-882
120000027,1278,1767,-489
120000028,837,398,439
120000029,3346,486,2860
120000030,427,959,-532
120000031,1528,7010,-5482
120000032,9001,3936,5065
120000033,4584,2110,2474
120000034,1517,2448,-931
120000035,1541,2603,-1062
120000036,2414,4952,-2538
120000037,629,1233,-604
120000038,8948,2926,6022
120000039,532,1016,-484
120000040,140,180,-40
120000041,1274,1585,-311
120000042,1654,3349,-1695
120000043,4252,2527,1725
120000044,4127,1637,2490
120000045,4409,1023,3386
120000046,1962,2244,-282
120000047,1728,4099,-2371
120000048,7906,3954,3952
120000049,3725,3151,574
120000050,4137,5191,-1054
120000051,3187,4648,-1461
120000052,13334,2544,10790
120000053,1138,4017,-2879
120000054,1287,6084,-4797
120000055,1715,6206,-4491
120000056,2997,3931,-934
120000057,2283,626,1657
120000058,1872,268,1604
120000059,66,1323,-1257
120000061,143,622,-479
120000062,188,350,-162
120000063,1927,2734,-807
120000064,240,1536,-1296
120000065,573,1892,-1319
120000066,210,444,-234
120000067,54,564,-510
120000068,180,1064,-884
120000069,697,1526,-829
120000070,45,1006,-961
120000071,297,265,32
120000072,477,580,-103
120000073,519,85,434
120000074,61,73,-12
120000075,531,237,294
120000076,1363,425,938
120000077,1642,549,1093
120000078,2857,944,1913
120000079,283,591,-308
120000080,251,294,-43
120000081,238,190,48
120000082,203,307,-104
120000083,167,540,-373
120000084,436,445,-9
120000085,215,425,-210
120000086,315,760,-445
120000087,197,1032,-835
120000088,795,1483,-688
120000089,825,635,190
120000090,634,591,43
120000091,648,1058,-410
120000092,965,728,237
120000093,271,526,-255
120000094,156,632,-476
120000095,892,659,233
120000096,192,968,-776
120000098,506,903,-397
120000099,255,863,-608
120000100,607,1172,-565
120000101,701,585,116
120000102,506,696,-190
120000103,1074,667,407
120000104,1344,434,910
120000105,2168,704,1464
120000106,1853,585,1268
120000107,2738,528,2210
120000108,849,171,678
120000109,1078,102,976
120000110,112,1221,-1109
120000111,102,1536,-1434
120000112,913,4148,-3235
120000113,629,2991,-2362
120000114,1069,3649,-2580
120000115,395,2827,-2432
120000116,660,2539,-1879
120000117,1644,1733,-89
120000118,67,27,40
120000119,59,155,-96
120000120,74,52,22
120000121,199,138,61
120000122,320,394,-74
120000123,5995,4697,1298
120000124,359,472,-113
120000125,388,786,-398
120000126,339,640,-301
120000127,2262,870,1392
120000128,4372,2768,1604
120000129,293,338,-45
120000130,823,816,7
120000131,309,628,-319
120000134,405,1134,-729
120000135,333,345,-12
120000137,179,1790,-1611
120000138,441,535,-94
120000139,141,872,-731
120000140,457,585,-128
120000141,208,622,-414
120000142,337,584,-247
120000143,0,101,-101
120000144,45,1,44
120000145,249,1,248
120000146,2809,933,1876
120000149,524,1025,-501
120000150,4112,9195,-5083
120000151,346,543,-197
120000152,326,289,37
120000153,131,744,-613
120000154,444,464,-20
120000155,138,412,-274
120000156,2480,815,1665
120000157,760,645,115
120000158,726,1074,-348
120000159,2134,2558,-424
120000160,2212,1384,828
120000161,1715,3043,-1328
120000162,132,292,-160
120000163,413,1560,-1147
120000164,342,442,-100
120000165,410,955,-545
120000166,883,563,320
120000167,45,37,8
120000168,5,102,-97
120000169,40,383,-343
120000170,54,347,-293
120000171,6,108,-102
120000172,25,51,-26
120000173,3422,443,2979
120000174,805,23,782
120000175,1000,14,986
120000176,478,51,427
120000177,1435,147,1288
120000178,235,8,227
120000179,490,13,477
120000180,648,52,596
120000181,133,258,-125
120000182,103,162,-59
120000183,9,147,-138
120000184,133,736,-603
120000186,100,120,-20
120000187,94,61,33
120000188,512,139,373
120000190,1311,31,1280
120000191,1625,47,1578
120000192,1069,26,1043
120000193,405,6,399
120000195,46,2,44
120000196,255,48,207
120000197,105,190,-85
120000198,78,128,-50
120000199,62,2,60
120000200,87,1,86
120000201,13,8,5
120000202,3,54,-51
120000203,39,295,-256
120000207,2,84,-82
120000208,11,349,-338
120000209,2,97,-95
120000210,106,84,22
120000211,57,0,57
120000212,133,1,132
120000213,43,321,-278
120000214,0,381,-381
120000215,5,167,-162
120000216,47,10,37
120000217,671,1138,-467
120000218,251,992,-741
120000219,12,611,-599
120000220,21,2162,-2141
120000225,1052,2,1050
120000226,279,3,276
120000227,685,33,652
120000228,6062,2109,3953
120000230,231,17,214
120000231,878,2629,-1751
120000233,139,15,124
120000235,132,876,-744
120000236,666,50,616
120000237,3,1929,-1926
120000238,0,246,-246
120000241,996,3393,-2397
120000412,805,8,797
120000413,146,385,-239
120000414,50,2,48
120000415,0,188,-188
120000416,40,11,29
120000417,4,81,-77
120000418,47,4,43
120000419,6,379,-373
120000420,725,85,640
120000421,12339,5914,6425
120000422,168,644,-476
120000423,2,60,-58
120000424,77,159,-82
120000436,116,545,-429
120000437,195,169,26
120000438,4902,429,4473
120000439,125,413,-288
120000443,104,0,104
120000444,1034,669,365
120000445,1480,1485,-5
120000446,1148,471,677
120000447,110,3,107
120000449,29,11,18
120000450,4,319,-315
120000451,82,306,-224
120000452,70,3,67
120000453,0,416,-416
120000454,163,74,89
120000455,86,119,-33
120000456,2749,2975,-226
120000457,1012,893,119
120000458,578,770,-192
120000459,72,104,-32
120000665,2201,165,2036
120000668,151,192,-41
120000669,24,272,-248
120000670,290,304,-14
120000671,821,441,380
120000672,163,691,-528
120900001,59,91,-32
120900002,441,315,126
120900003,260,37,223
120900004,7,58,-51
120900005,16,2254,-2238
120900006,188,164,24
120900007,102,152,-50
120900008,145,1473,-1328
120900009,1088,83,1005
120900010,369,73,296
120900011,326,172,154
120900012,635,807,-172
120900013,301,67,234
120900014,2,559,-557
120900015,496,66,430
120900016,506,65,441
120900017,3207,98,3109
120900018,73,555,-482
120900019,474,184,290
120900020,863,994,-131
120900021,524,106,418
120900022,42,302,-260
120900023,118,41,77
120900024,1588,406,1182
120900025,1905,993,912
120900026,151,158,-7
120900027,923,63,860
120900028,226,48,178
120900029,210,285,-75
120900030,928,648,280
120900031,183,99,84
120900032,632,149,483
120900033,831,26,805
120900034,16,2186,-2170
120900035,27,52,-25
120900037,160,13,147
120900038,39,199,-160
120900039,75,42,33
120900040,176,4,172
120900041,114,36,78
120900042,273,59,214
120900043,33,10,23
120900044,8,400,-392
120900045,107,82,25
120900046,304,10,294
120900047,115,47,68
120900048,101,11,90
120900049,247,1,246
120900050,3119,1187,1932
120900051,225,117,108
120900052,401,2,399
120900053,114,77,37
120900054,1672,622,1050
120900055,239,1,238
120900056,346,6,340
120900057,97,10,87
120900058,335,1,334
120900059,60,4,56
120900060,39,23,16
120900061,228,289,-61
120900062,167,2,165
120900063,402,3,399
120900064,336,0,336
120900065,291,0,291
120900066,118,231,-113
120900067,134,39,95
120900068,155,0,155
120900069,126,59,67
120900071,3,0,3
120900072,472,5,467
120900073,293,102,191
120900074,263,3,260
120900076,190,1,189
120900077,3583,280,3303
120900078,465,1461,-996
120900079,345,111,234
120900080,539,2593,-2054
120900081,746,148,598
120900082,556,332,224
120900083,44,1,43
120900084,210,256,-46
120900085,138,172,-34
120900086,162,268,-106
120900087,407,226,181
120900088,230,301,-71
120900089,4797,1835,2962
120900090,112,229,-117
120900091,638,495,143
120900092,1457,845,612
120900093,3728,289,3439
120900094,626,226,400
120900095,604,34,570
120900096,30,178,-148
120900097,652,1077,-425
120900098,307,179,128
120900099,49,70,-21
120900100,70,405,-335
120900101,896,408,488
120900102,21,109,-88
120900103,45,188,-143
120900104,19,40,-21
120900105,32,774,-742
120900106,1521,606,915
120900107,265,134,131
120900108,2,824,-822
120900109,45,750,-705
120900110,17,956,-939
120900111,171,391,-220
120900112,3,1267,-1264
120900113,34,1041,-1007
120900114,24,156,-132
120900115,136,246,-110
120900116,259,594,-335
120900117,3,592,-589
120900118,3,1036,-1033
120900119,3068,6373,-3305
120900120,47,722,-675
120900121,102,560,-458
120900122,239,722,-483
120900123,1,512,-511
120900124,3,790,-787
120900125,2,1082,-1080
120900126,1789,1013,776
120900127,21,658,-637
120900128,1372,1406,-34
120900129,36,382,-346
120900130,0,215,-215
120900131,59,73,-14
120900132,559,360,199
120900133,224,1132,-908
120900134,1056,450,606
120900135,8,759,-751
120900136,17,24,-7
120900137,130,84,46
120900138,23,256,-233
120900139,7,826,-819
120900140,2,34,-32
120900141,115,115,0
120900142,21,767,-746
120900143,4,1084,-1080
120900144,1,146,-145
120900145,109,994,-885
120900146,7,1129,-1122
120900147,19,477,-458
120900148,76,180,-104
120900149,0,434,-434
120900150,21,711,-690
120900151,26,756,-730
120900152,100,33,67
120900153,11,73,-62
120900154,0,340,-340
120900155,104,1297,-1193
120900156,89,509,-420
120900157,46,301,-255
120900158,51,657,-606
120900159,162,441,-279
120900160,52,646,-594
120900161,53,558,-505
120900162,33,586,-553
120900163,23,244,-221
120900164,3,4,-1
120900165,6,13,-7
120900166,199,160,39
120900167,547,139,408
120900169,50,481,-431
120900170,2379,1891,488
120900171,1040,447,593
120900172,1458,302,1156
120900173,17,68,-51
120900174,7,112,-105
120900175,320,188,132
120900176,4,236,-232
120900177,2,754,-752
120900178,0,241,-241
120900179,1127,515,612
120900180,154,145,9
120900181,159,82,77
120900182,16,495,-479
120900183,273,124,149
120900184,124,70,54
120900185,11,312,-301
120900186,1,625,-624
120900187,301,919,-618
120900188,104,19,85
120900189,144,721,-577
120900190,55,25,30
120900191,6,20,-14
120900192,14221,4524,9697
120900194,27,91,-64
120900195,122,273,-151
120900196,790,53,737
120900197,375,74,301
120900198,295,655,-360
120900199,290,326,-36
120900200,92,119,-27
120900201,573,156,417
120900202,1,185,-184
120900203,32,99,-67
120900204,207,373,-166
120900205,50,75,-25
120900206,13,17,-4
120900207,57,1387,-1330
121000001,1368,927,441
121000002,4273,2437,1836
121000003,3501,1859,1642
121000004,2680,7661,-4981
121000005,2438,2812,-374
121000006,3079,1611,1468
121000007,3807,2675,1132
121000008,9598,3721,5877
121000009,6183,5443,740
121000010,9595,6466,3129
121000011,7630,10375,-2745
121000012,12647,9333,3314
121000013,5101,6617,-1516
121000014,6636,6813,-177
121000015,5283,6189,-906
121000016,4737,5138,-401
121000017,1844,3104,-1260
121000018,1593,1695,-102
121000019,18553,10141,8412
121000020,10480,11492,-1012
121000021,3785,2709,1076
121000022,1828,1843,-15
121000023,3177,2996,181
121000024,2978,3474,-496
121000025,611,1400,-789
121000026,356,144,212
121000027,1231,853,378
121000028,846,414,432
121000029,909,654,255
121000030,602,324,278
121000031,765,539,226
121000032,170,104,66
121000034,618,212,406
121000035,362,97,265
121000036,1972,989,983
121000037,800,565,235
121000038,751,511,240
121000039,504,315,189
121000041,518,335,183
121000042,245,337,-92
121000043,871,557,314
121000044,2053,699,1354
121000045,346,263,83
121000046,506,761,-255
121000047,528,285,243
121000049,1960,631,1329
121000050,400,1013,-613
121000051,1071,266,805
121000052,497,630,-133
121000053,414,82,332
121000054,24,298,-274
121000055,1333,980,353
121000056,807,911,-104
121000057,381,419,-38
121000058,293,88,205
121000059,1699,1304,395
121000060,445,743,-298
121000061,243,102,141
121000062,104,317,-213
121000063,756,595,161
121000064,628,770,-142
121000065,568,292,276
121000066,595,465,130
121000067,897,280,617
121000068,866,217,649
121000069,513,336,177
121000070,2537,1138,1399
121000071,1815,1163,652
121000072,1548,656,892
121000073,1590,634,956
121000074,122,148,-26
121000075,57,64,-7
121000076,1002,308,694
121000077,134,103,31
121000078,128,123,5
121000080,2232,547,1685
121000081,2331,3554,-1223
121000082,149,230,-81
121000083,358,127,231
121000084,211,100,111
121000085,202,453,-251
121000086,128,618,-490
121000087,65,234,-169
121000088,405,607,-202
121000089,297,225,72
121000090,521,294,227
121000091,1083,606,477
121000092,152,55,97
121000093,98,166,-68
121000094,365,674,-309
121000095,296,471,-175
121000096,2042,1829,213
121000097,921,1399,-478
121000098,443,1244,-801
121000099,492,822,-330
121000100,921,516,405
121000101,293,277,16
121000102,212,278,-66
121000103,135,257,-122
121000104,224,111,113
121000105,298,230,68
121000106,179,343,-164
121000107,2556,3080,-524
121000109,1408,1080,328
121000110,291,688,-397
121000114,2449,1793,656
121000115,844,714,130
121000116,354,685,-331
121000117,698,292,406
121000118,1325,171,1154
121000119,411,288,123
121000120,169,401,-232
121000121,724,868,-144
121000123,1316,442,874
121000127,220,139,81
121000128,839,458,381
121000129,791,400,391
121000130,428,887,-459
121000131,2359,1591,768
121000132,1482,1242,240
121000135,219,196,23
121000136,1579,404,1175
121000137,360,169,191
121000138,1643,560,1083
121000139,890,67,823
121000141,455,161,294
121000142,788,488,300
121000143,71,12,59
121000144,673,1048,-375
121000145,753,1096,-343
121000146,1377,774,603
121000147,1110,523,587
121000148,1113,928,185
121000149,2894,1276,1618
121000152,541,851,-310
121000153,1620,784,836
121000154,794,1074,-280
121000155,1124,1444,-320
121000156,391,1171,-780
121000157,1226,2551,-1325
121000158,392,742,-350
121000159,166,594,-428
121000160,297,647,-350
121000161,144,292,-148
121000162,54,160,-106
121000165,1360,1290,70
121000166,26,580,-554
121000168,624,323,301
121000169,63,129,-66
121000170,273,180,93
121000171,47,118,-71
121000172,525,488,37
121000173,1097,839,258
121000174,259,406,-147
121000175,914,410,504
121000176,388,196,192
121000177,1501,632,869
121000178,209,62,147
121000179,75,82,-7
121000181,464,468,-4
121000182,72,172,-100
121000183,50,57,-7
121000184,119,64,55
121000185,38,141,-103
121000186,198,279,-81
121000187,118,154,-36
121000188,123,226,-103
121000192,674,343,331
121000193,692,471,221
121000194,2331,2032,299
121000195,357,824,-467
121000196,1278,258,1020
121000197,455,595,-140
121000198,439,81,358
121000199,295,346,-51
121000200,767,80,687
121000201,7,208,-201
121000202,1025,110,915
121000203,806,2102,-1296
121000204,2667,606,2061
121000205,275,257,18
121000206,238,19,219
121000207,2178,414,1764
121000208,8,330,-322
121000209,341,369,-28
121000210,302,488,-186
121000211,386,174,212
121000212,276,766,-490
121000213,8378,3026,5352
121000214,573,3248,-2675
121000215,1392,739,653
121000216,653,811,-158
121000217,5245,4057,1188
121000218,739,1575,-836
121000219,2491,452,2039
121000220,420,53,367
121000221,163,361,-198
121000222,3270,2114,1156
121000223,1392,424,968
121000224,542,195,347
121000225,3801,1316,2485
121000226,9787,1438,8349
121000227,23,164,-141
121000228,28,569,-541
121000229,222,319,-97
121000230,56,1529,-1473
121000231,869,34,835
121000232,409,297,112
121000233,699,409,290
121000234,30,47,-17
121000235,80,61,19
121000236,10,53,-43
121000237,29,11,18
121000238,4,85,-81
121000239,38,7,31
121000240,8,320,-312
121000241,96,5,91
121000242,34,185,-151
121000243,371,123,248
121000244,3,59,-56
121000245,54,26,28
121000246,0,74,-74
121000247,68,2,66
121000248,988,510,478
121000249,174,237,-63
121000250,663,114,549
121000251,24,510,-486
121000252,89,61,28
121000253,1027,421,606
121000254,1530,285,1245
121000255,390,140,250
121000256,694,229,465
121000257,98,76,22
121000258,417,57,360
121000259,161,45,116
121000260,257,140,117
121000261,360,69,291
121000262,830,975,-145
121000263,348,450,-102
121000271,265,1461,-1196
121000273,272,9,263
121000274,54,34,20
121000275,4,12,-8
121000276,3,25,-22
121000278,385,72,313
121000279,90,12,78
121000280,277,60,217
121000289,171,24,147
121000290,1287,686,601
121000294,83,120,-37
121000297,839,1383,-544
121000299,611,251,360
121000300,477,509,-32
121000302,100,648,-548
121000303,520,360,160
121000304,367,38,329
121000305,117,43,74
121000306,85,108,-23
121000308,223,437,-214
121000309,425,575,-150
121000310,143,286,-143
121000311,57,724,-667
121000312,269,208,61
121000313,383,605,-222
121000314,78,66,12
121000315,25,96,-71
121000530,1114,1392,-278
121000531,1162,1506,-344
121000532,5399,5300,99
121000533,2222,2624,-402
121000918,165,199,-34
121000919,100,46,54
121000938,181,113,68
121000939,245,116,129
121000956,815,1554,-739
121000957,8,14,-6
121000958,183,34,149
121000959,746,862,-116
121000960,3001,2138,863
121000961,163,99,64
121000962,298,1154,-856
121000973,0,101,-101
121000976,12,168,-156
121000979,264,87,177
121000981,341,210,131
121000982,473,241,232
121000983,537,370,167
121000984,42,65,-23
121000985,513,690,-177
121000986,581,293,288
121000987,247,1418,-1171
121000988,778,154,624
121001302,291,143,148
121001308,13,9,4
121001309,148,82,66
121001313,433,258,175
121001314,3141,3853,-712
121001315,3954,2239,1715
121001326,418,395,23
121900001,87,159,-72
121900002,157,16,141
121900003,398,17,381
121900004,169,313,-144
121900005,20,6,14
121900006,99,25,74
121900007,1705,2500,-795
121900008,371,88,283
121900009,402,15,387
121900010,194,3,191
121900011,138,279,-141
121900012,38,0,38
121900013,2011,57,1954
121900014,1284,381,903
121900015,174,178,-4
121900016,13,58,-45
121900017,349,490,-141
121900018,280,7,273
121900019,297,248,49
121900020,34,0,34
121900021,715,20,695
121900022,151,206,-55
121900023,81,289,-208
121900024,308,96,212
121900025,423,313,110
121900026,223,25,198
121900027,319,106,213
121900028,255,24,231
121900029,116,135,-19
121900030,618,839,-221
121900031,1125,8113,-6988
121900032,61,67,-6
121900033,118,145,-27
121900034,589,59,530
121900035,2242,1919,323
121900036,79,340,-261
121900037,142,488,-346
121900038,30,135,-105
121900039,397,32,365
121900040,32,66,-34
121900041,36,133,-97
121900042,369,119,250
121900043,6,6,0
121900044,175,56,119
121900046,214,151,63
121900047,128,50,78
121900048,14,116,-102
121900050,11,18,-7
121900051,131,182,-51
121900052,82,33,49
121900053,324,497,-173
121900054,477,751,-274
121900055,0,12,-12
121900058,183,162,21
121900059,351,135,216
121900060,102,292,-190
121900062,76,105,-29
121900063,1929,324,1605
121900064,292,588,-296
121900066,144,17,127
121900067,45,34,11
121900069,163,78,85
121900070,365,97,268
121900071,179,208,-29
121900072,55,170,-115
121900073,267,190,77
121900074,517,915,-398
121900075,1297,357,940
121900076,1168,565,603
121900078,59,19,40
121900079,1,2,-1
121900080,616,282,334
121900082,49,105,-56
121900084,3,204,-201
121900086,17,29,-12
121900087,145,81,64
121900088,1201,2148,-947
121900089,172,331,-159
121900090,8,116,-108
121900091,67,128,-61
121900092,60,59,1
121900093,89,59,30
121900094,11,0,11
121900095,170,148,22
121900096,1168,384,784
121900097,558,111,447
121900098,3,0,3
121900099,194,67,127
121900100,189,235,-46
121900101,147,118,29
121900102,5,112,-107
121900103,1037,205,832
121900104,1435,307,1128
121900105,170,175,-5
121900106,1,1,0
121900107,39,27,12
121900108,1,24,-23
121900109,329,147,182
121900110,315,1090,-775
121900111,1442,90,1352
121900112,168,80,88
121900113,82,737,-655
121900114,37,80,-43
121900117,151,29,122
121900118,2108,449,1659
121900119,106,116,-10
121900120,75,1401,-1326
121900121,395,35,360
121900122,13,32,-19
121900123,134,448,-314
121900124,86,161,-75
121900125,752,962,-210
121900127,20,62,-42
121900128,106,80,26
121900129,633,126,507
121900130,120,167,-47
121900131,366,59,307
121900132,56,73,-17
121900133,87,510,-423
121900134,57,121,-64
121900135,1852,222,1630
121900136,176,503,-327
121900137,37,329,-292
121900138,91,109,-18
121900139,479,402,77
121900140,57,153,-96
121900141,53,49,4
121900142,79,136,-57
121900143,3,129,-126
121900144,143,183,-40
121900145,128,151,-23
121900146,564,714,-150
121900147,43,110,-67
121900148,143,206,-63
121900149,291,613,-322
121900150,61,135,-74
121900151,57,216,-159
121900152,90,116,-26
121900153,94,404,-310
121900154,25,192,-167
121900155,2,81,-79
121900156,140,67,73
121900157,3,393,-390
121900158,88,87,1
121900159,2,182,-180
121900160,2,255,-253
121900161,294,245,49
121900162,126,141,-15
121900163,268,603,-335
121900164,442,172,270
121900165,193,136,57
121900166,378,143,235
121900167,170,94,76
121900168,222,155,67
121900169,0,250,-250
121900170,3,296,-293
121900171,403,466,-63
121900172,449,192,257
121900173,858,222,636
121900174,32,50,-18
121900175,433,122,311
121900176,646,1397,-751
121900177,143,70,73
121900178,61,64,-3
121900179,341,148,193
121900180,4261,3171,1090
121900182,918,272,646
121900183,800,524,276
121900184,35,422,-387
121900186,10,269,-259
121900187,29,108,-79
121900188,454,528,-74
121900189,21,71,-50
121900190,301,533,-232
121900191,75,251,-176
121900192,332,592,-260
121900193,74,160,-86
121900194,5,104,-99
121900195,83,64,19
121900196,1097,1054,43
121900197,342,1591,-1249
121900198,876,1267,-391
121900199,1,10,-9
121900200,170,214,-44
121900201,1083,608,475
121900202,115,380,-265
121900203,157,738,-581
121900204,713,1407,-694
121900205,20,88,-68
121900206,13,4,9
121900207,128,26,102
121900208,226,270,-44
121900209,28,22,6
121900210,1627,807,820
121900211,378,922,-544
121900212,127,100,27
121900213,129,78,51
121900214,4,366,-362
121900215,60,40,20
121900216,48,69,-21
121900217,166,89,77
121900218,159,323,-164
121900220,68,8,60
121900221,258,559,-301
121900222,191,124,67
121900223,144,37,107
121900224,71,36,35
121900225,309,114,195
121900226,177,234,-57
121900227,133,422,-289
121900228,192,419,-227
121900230,150,94,56
121900231,326,352,-26
121900232,250,368,-118
121900233,192,130,62
121900234,368,305,63
121900235,399,191,208
121900236,268,165,103
121900237,187,279,-92
121900238,134,237,-103
121900239,112,18,94
121900240,164,97,67
121900241,48,63,-15
121900242,5,0,5
121900243,5,0,5
121900244,9,0,9
121900245,135,52,83
121900246,1743,236,1507
121900248,1175,912,263
121900250,177,232,-55
121900251,275,30,245
121900252,359,105,254
121900253,201,892,-691
121900254,494,218,276
121900255,205,76,129
121900258,2444,1840,604
121900259,320,660,-340
121900260,37,139,-102
121900261,168,600,-432
121900262,411,1344,-933
121900263,144,360,-216
121900264,1866,1616,250
121900265,209,301,-92
121900266,384,199,185
121900267,59,45,14
121900269,126,440,-314
121900270,19,202,-183
121900271,46,87,-41
121900273,860,2289,-1429
121900274,229,208,21
121900277,468,902,-434
121900278,149,712,-563
121900279,166,172,-6
121900280,302,264,38
121900281,316,82,234
121900284,59,23,36
121900286,138,95,43
121900287,14,25,-11
121900288,14,7,7
121900290,253,215,38
121900291,423,585,-162
121900292,201,130,71
121900293,921,2613,-1692
121900294,197,1,196
121900295,71,298,-227
121900296,127,51,76
121900298,559,461,98
121900299,0,1,-1
121900300,94,1,93
121900301,105,1,104
121900302,1,26,-25
121900303,974,312,662
121900304,1,5,-4
121900305,8,4,4
121900306,38,3,35
121900307,29,4,25
121900308,23,293,-270
121900309,12,216,-204
121900310,22,450,-428
121900311,309,13,296
121900312,205,34,171
121900313,640,32,608
121900314,7,74,-67
121900315,4,2,2
121900316,0,24,-24
121900317,4,3,1
121900318,4,23,-19
121900319,20,380,-360
121900320,57,140,-83
121900321,5,0,5
121900322,1,36,-35
121900323,19,13,6
121900324,9,91,-82
121900325,8,1,7
121900326,6,18,-12
121900327,3,66,-63
121900328,0,20,-20
121900329,0,235,-235
121900330,0,38,-38
121900331,33,6,27
121900332,59,33,26
121900333,40,0,40
121900334,218,66,152
122000001,2111,3587,-1476
122000002,4189,1337,2852
122000003,1697,1799,-102
122000004,2624,1132,1492
122000005,2378,1149,1229
122000006,2082,651,1431
122000007,1383,1405,-22
122000008,3986,4178,-192
122000009,430,295,135
122000010,1807,2771,-964
122000011,2555,1008,1547
122000012,1354,1137,217
122000013,2720,1357,1363
122000014,1538,2000,-462
122000015,1109,841,268
122000016,488,616,-128
122000017,992,905,87
122000018,1087,893,194
122000019,752,1119,-367
122000020,113,158,-45
122000021,389,227,162
122000022,1326,1148,178
122000023,678,2456,-1778
122000024,952,846,106
122000025,2297,1122,1175
122000026,1283,689,594
122000027,509,5000,-4491
122000028,567,337,230
122000029,324,285,39
122000030,352,147,205
122000031,198,296,-98
122000032,1706,3413,-1707
122000033,1216,864,352
122000034,866,639,227
122000035,243,1053,-810
122000036,511,524,-13
122000037,293,229,64
122000038,237,334,-97
122000039,744,628,116
122000040,354,656,-302
122000041,519,545,-26
122000042,475,537,-62
122000043,83,128,-45
122000044,85,183,-98
122000045,1874,436,1438
122000046,801,1114,-313
122000047,246,148,98
122000048,3164,4503,-1339
122000049,5812,2020,3792
122000050,2113,638,1475
122000051,583,257,326
122000052,550,240,310
122000053,207,543,-336
122000054,2490,1780,710
122000055,3178,2316,862
122000056,4759,3790,969
122000057,3019,3106,-87
122000058,3788,970,2818
122000059,2800,1209,1591
122000060,820,450,370
122000061,440,376,64
122000062,1692,352,1340
122000063,1754,593,1161
122000064,3844,2346,1498
122000065,6303,2222,4081
122000066,545,358,187
122000067,2500,1178,1322
122000068,1160,1852,-692
122000069,1087,720,367
122000070,681,4597,-3916
122000071,1005,1683,-678
122000072,323,331,-8
122000073,447,488,-41
122000074,2572,1610,962
122000075,521,1591,-1070
122000076,1486,878,608
122000077,2241,629,1612
122000078,2813,1980,833
122000079,2869,868,2001
122000080,1496,366,1130
122000081,180,358,-178
122000082,1256,658,598
122000083,1371,3759,-2388
122000084,1205,764,441
122000085,287,1881,-1594
122000086,1973,6075,-4102
122000087,308,163,145
122000088,242,262,-20
122000089,6953,3274,3679
122000090,309,581,-272
122000091,402,60,342
122000092,235,21,214
122000093,2238,894,1344
122000094,7612,1646,5966
122000095,2835,2596,239
122000096,2314,1996,318
122000098,2769,1496,1273
122000099,4856,596,4260
122000100,1235,718,517
122000101,264,1461,-1197
122000102,1501,1047,454
122000103,1787,1375,412
122000104,358,142,216
122000105,355,200,155
122000106,428,445,-17
122000107,820,454,366
122000108,431,659,-228
122000109,290,481,-191
122000110,319,432,-113
122000111,2342,1041,1301
122000112,725,1625,-900
122000113,598,566,32
122000114,5546,1718,3828
122000115,1356,2653,-1297
122000116,356,446,-90
122000117,903,372,531
122000118,334,591,-257
122000119,2427,1507,920
122000120,2090,2653,-563
122000121,2088,2070,18
122000122,746,1239,-493
122000123,1423,1309,114
122000124,859,385,474
122000125,524,590,-66
122000126,595,647,-52
122000127,981,853,128
122000128,583,751,-168
122000129,467,1803,-1336
122000130,2384,919,1465
122000131,1330,971,359
122000132,665,366,299
122000133,855,1568,-713
122000134,602,628,-26
122000135,791,706,85
122000136,568,457,111
122000137,1145,716,429
122000139,1855,3116,-1261
122000140,1482,462,1020
122000141,3991,877,3114
122000142,491,567,-76
122000143,412,348,64
122000144,1336,899,437
122000145,1643,593,1050
122000146,565,726,-161
122000147,1055,434,621
122000148,2582,1265,1317
122000149,1708,1135,573
122000150,1182,828,354
122000151,188,305,-117
122000152,456,309,147
122000153,338,241,97
122000154,223,187,36
122000155,1284,2472,-1188
122000156,1622,1534,88
122000157,2226,1020,1206
122000158,414,458,-44
122000159,839,1240,-401
122000160,3168,1737,1431
122000161,1018,830,188
122000162,1594,1568,26
122000163,179,56,123
122000164,22,49,-27
122000165,956,545,411
122000166,1847,1255,592
122000167,201,170,31
122000168,171,433,-262
122000169,622,209,413
122000170,257,242,15
122000171,24,71,-47
122000172,1134,1616,-482
122000173,1188,1895,-707
122000174,2543,872,1671
122000175,1961,346,1615
122000176,256,531,-275
122000177,1766,1086,680
122000178,2895,3663,-768
122000179,1536,2304,-768
122000180,1359,1025,334
122000181,1736,2397,-661
122000182,1276,1151,125
122000183,1449,1194,255
122000184,1622,1621,1
122000185,831,1002,-171
122000186,540,689,-149
122000187,2738,978,1760
122000188,423,163,260
122000189,219,328,-109
122000190,1568,1069,499
122000191,1110,516,594
122000192,1284,296,988
122000193,428,432,-4
122000194,1131,213,918
122000195,326,348,-22
122000196,1148,612,536
122000197,539,499,40
122000198,529,733,-204
122000199,484,264,220
122000200,1717,869,848
122000201,1267,1247,20
122000202,1413,903,510
122000203,1979,1287,692
122000204,1250,1691,-441
122000205,1381,1528,-147
122000206,2128,680,1448
122000207,2052,961,1091
122000208,3477,1302,2175
122000209,3749,461,3288
122000210,2178,1674,504
122000211,1916,949,967
122000212,851,515,336
122000213,992,1170,-178
122000214,1811,1693,118
122000215,1552,1436,116
122000217,2173,1244,929
122000218,928,101,827
122000219,1263,905,358
122000220,347,652,-305
122000221,122,480,-358
122000222,526,177,349
122000223,1291,386,905
122000225,897,295,602
122000226,2044,1881,163
122000227,270,3067,-2797
122000228,338,266,72
122000229,27,395,-368
122000230,54,531,-477
122000231,293,761,-468
122000232,779,945,-166
122000233,2,109,-107
122000234,343,178,165
122000235,839,174,665
122000236,804,142,662
122000237,83,92,-9
122000238,278,448,-170
122000239,491,198,293
122000240,1647,492,1155
122000241,1199,584,615
122000242,564,120,444
122000243,250,84,166
122000244,60,468,-408
122000245,48,244,-196
122000246,298,195,103
122000247,583,757,-174
122000248,1477,1966,-489
122000249,854,843,11
122000250,1762,1195,567
122000251,199,426,-227
122000252,540,79,461
122000253,29,259,-230
122000254,176,81,95
122000255,691,1538,-847
122000256,377,1163,-786
122000257,354,353,1
122000258,472,273,199
122000259,9,612,-603
122000260,358,891,-533
122000261,7,205,-198
122000262,0,71,-71
122000263,221,107,114
122000264,1345,560,785
122000265,3428,891,2537
122000266,7766,662,7104
122000267,201,126,75
122000268,244,378,-134
122000269,1232,296,936
122000270,2424,148,2276
122000271,523,1044,-521
122000272,335,1047,-712
122000273,366,423,-57
122000274,201,361,-160
122000275,238,298,-60
122000276,429,492,-63
122000277,1184,1220,-36
122000278,1167,872,295
122000279,180,403,-223
122000280,1366,645,721
122000281,789,704,85
122000282,273,101,172
122000283,1181,76,1105
122000284,208,109,99
122000285,751,86,665
122000286,265,122,143
122000287,1557,1343,214
122000288,743,265,478
122000291,1243,802,441
122000293,340,252,88
122000294,89,231,-142
122000295,1403,217,1186
122000296,55,815,-760
122000297,2493,3034,-541
122000299,295,349,-54
122000300,495,492,3
122000301,12603,2948,9655
122000302,828,1423,-595
122000303,3836,1326,2510
122000304,72,269,-197
122000305,758,883,-125
122000306,31,810,-779
122000307,135,104,31
122000309,130,83,47
122000310,61,55,6
122000311,438,197,241
122000312,243,73,170
122000313,160,62,98
122000314,183,262,-79
122000315,234,17,217
122000316,693,204,489
122000317,1014,263,751
122000318,258,367,-109
122000319,262,506,-244
122000320,453,2249,-1796
122000321,177,276,-99
122000322,2056,3357,-1301
122000323,1560,2194,-634
122000324,1335,1315,20
122000325,875,1299,-424
122000326,47,134,-87
122000327,303,579,-276
122000328,1095,641,454
122000330,1730,541,1189
122000333,18,173,-155
122000337,796,1503,-707
122000338,377,329,48
122000340,492,260,232
122000342,2408,972,1436
122000343,474,1260,-786
122000344,54,39,15
122000345,252,103,149
122000346,306,563,-257
122000348,505,595,-90
122000349,83,606,-523
122000351,135,188,-53
122000352,456,108,348
122000353,68,116,-48
122000355,146,144,2
122000356,2255,822,1433
122000357,69,22,47
122000358,0,58,-58
122000359,0,27,-27
122000360,1,46,-45
122000362,7,86,-79
122000364,97,305,-208
122000365,12,70,-58
122000366,11,9,2
122000368,431,572,-141
122000370,12,62,-50
122000371,44,1,43
122000372,72,0,72
122000381,62,324,-262
122000382,69,300,-231
122000384,5036,2092,2944
122000385,50,2,48
122000386,1251,1310,-59
122000387,1429,484,945
122000388,1770,553,1217
122000389,233,561,-328
122000390,828,237,591
122000391,385,93,292
122000392,182,192,-10
122000393,412,568,-156
122000394,505,292,213
122000395,224,165,59
122000396,426,109,317
122000397,108,78,30
122000398,24,79,-55
122000399,146,63,83
122000400,212,396,-184
122000401,110,65,45
122000402,239,144,95
122000403,480,1047,-567
122000404,132,310,-178
122000408,621,981,-360
122000503,8,165,-157
122000524,177,113,64
122000544,59,5445,-5386
122000614,484,429,55
122000616,212,0,212
122000640,80,148,-68
122000641,87,364,-277
122000642,1952,1073,879
122000643,22,126,-104
122000644,178,27,151
122000645,126,353,-227
122000651,2290,668,1622
122000664,180,37,143
122000665,1071,512,559
122000666,551,1040,-489
122000673,63,301,-238
122000674,116,51,65
122000675,1847,1375,472
122000686,409,1148,-739
122000687,2726,379,2347
122000688,155,712,-557
122000689,666,599,67
122000690,1211,644,567
122000691,298,2240,-1942
122000692,1233,352,881
122000693,349,1711,-1362
122000695,295,473,-178
122000696,382,357,25
122000698,307,701,-394
122000699,218,62,156
122000701,1504,338,1166
122000702,488,1856,-1368
122000703,160,60,100
122000717,189,53,136
122000718,733,1764,-1031
122000719,163,90,73
122000720,368,295,73
122000724,240,328,-88
122900001,25,8,17
122900002,1187,4556,-3369
122900003,415,46,369
122900004,411,43,368
122900005,90,13,77
122900006,1796,142,1654
122900007,107,30,77
122900008,1033,62,971
122900009,588,355,233
122900010,157,154,3
122900012,220,202,18
122900014,127,250,-123
122900015,1998,628,1370
122900016,291,259,32
122900017,377,644,-267
122900018,201,25,176
122900020,682,305,377
122900021,67,1137,-1070
122900022,689,791,-102
122900023,219,163,56
122900024,102,108,-6
122900025,12,129,-117
122900026,141,255,-114
122900027,39,804,-765
122900028,174,155,19
122900029,4654,2759,1895
122900030,1074,380,694
122900031,132,253,-121
122900032,90,420,-330
122900033,378,101,277
122900034,3745,7194,-3449
122900035,12,14,-2
122900036,41,248,-207
122900037,574,82,492
122900038,160,3645,-3485
122900039,88,499,-411
122900040,420,314,106
122900041,317,158,159
122900042,162,210,-48
122900043,737,143,594
122900044,122,342,-220
122900045,87,76,11
122900046,334,68,266
122900047,641,202,439
122900048,39,321,-282
122900049,2032,107,1925
122900051,130,111,19
122900052,65,185,-120
122900053,15,43,-28
122900055,418,139,279
122900057,446,50,396
122900061,407,199,208
122900062,393,716,-323
122900063,221,329,-108
122900064,1828,439,1389
122900065,627,159,468
122900066,512,262,250
122900067,1201,699,502
122900069,224,2147,-1923
122900070,332,50,282
122900071,107,487,-380
122900073,31,283,-252
122900074,642,493,149
122900075,0,72,-72
122900076,6,255,-249
122900077,1,92,-91
122900078,115,119,-4
122900080,42,16,26
122900081,443,157,286
122900082,730,239,491
122900083,219,119,100
122900084,7,257,-250
122900086,7,97,-90
122900087,294,417,-123
122900088,40,96,-56
122900089,218,165,53
122900090,11,680,-669
122900091,185,1,184
122900092,0,95,-95
122900093,0,294,-294
122900094,2,177,-175
122900095,152,5,147
122900096,220,352,-132
122900097,96,30,66
122900098,90,79,11
122900099,45,9,36
122900100,950,115,835
122900101,707,298,409
122900102,26,18,8
122900103,96,7,89
122900104,103,11,92
122900105,11,4,7
122900106,3,72,-69
122900107,6,163,-157
122900108,3,200,-197
122900109,191,144,47
123000001,1885,391,1494
123000002,5080,3830,1250
123000003,4051,3925,126
123000004,3420,4373,-953
123000005,2593,2803,-210
123000006,2761,2952,-191
123000007,3675,3022,653
123000008,2608,3536,-928
123000009,5217,3289,1928
123000010,3698,3622,76
123000011,5252,863,4389
123000012,1360,2391,-1031
123000013,3903,1008,2895
123000014,1566,3587,-2021
123000015,4524,1106,3418
123000016,5482,3696,1786
123000017,3134,1923,1211
123000018,54,103,-49
123000019,212,334,-122
123000020,117,159,-42
123000021,68,547,-479
123000022,306,4124,-3818
123000023,1387,1443,-56
123000024,1542,585,957
123000025,225,278,-53
123000026,66,80,-14
123000027,1594,214,1380
123000028,2134,185,1949
123000029,3178,300,2878
123000030,485,421,64
123000031,122,314,-192
123000032,218,280,-62
123000033,395,63,332
123000034,1285,1327,-42
123000035,280,399,-119
123000036,208,876,-668
123000037,216,249,-33
123000038,112,199,-87
123000039,360,1031,-671
123000040,944,289,655
123000041,1311,899,412
123000042,1352,511,841
123000043,1886,4490,-2604
123000044,5080,2201,2879
123000045,7283,2040,5243
123000046,781,1227,-446
123000047,2640,1023,1617
123000048,40,453,-413
123000049,6200,7611,-1411
123000050,1068,1289,-221
123000051,125,188,-63
123000052,593,2778,-2185
123000053,2063,2811,-748
123000054,1161,1187,-26
123000055,862,1494,-632
123000056,1548,1722,-174
123000057,13785,5054,8731
123000058,2200,1409,791
123000059,855,497,358
123000060,804,527,277
123000061,265,706,-441
123000063,624,870,-246
123000064,817,232,585
123000065,6295,3097,3198
123000066,847,703,144
123000067,546,565,-19
123000068,3053,2907,146
123000069,6175,3195,2980
123000070,242,665,-423
123000071,692,1183,-491
123000072,1049,1226,-177
123000073,1024,913,111
123000074,1079,1809,-730
123000075,309,950,-641
123000076,559,927,-368
123000077,2218,3114,-896
123000078,1223,1952,-729
123000079,1167,2093,-926
123000080,2019,2431,-412
123000081,152,483,-331
123000082,301,937,-636
123000083,560,194,366
123000084,613,809,-196
123000085,391,97,294
123000086,269,220,49
123000087,330,333,-3
123000088,1170,1394,-224
123000089,406,1382,-976
123000090,1166,1178,-12
123000091,1594,1900,-306
123000092,1147,1315,-168
123000094,442,219,223
123000095,387,705,-318
123000096,525,480,45
123000097,503,943,-440
123000098,664,750,-86
123000099,511,791,-280
123000100,592,647,-55
123000101,516,648,-132
123000102,597,565,32
123000104,338,379,-41
123000105,517,438,79
123000106,463,406,57
123000107,409,585,-176
123000108,929,1285,-356
123000111,761,396,365
123000112,819,626,193
123000113,431,1109,-678
123000114,408,729,-321
123000115,298,299,-1
123000116,52,137,-85
123000117,1463,1946,-483
123000118,437,782,-345
123000119,270,875,-605
123000120,404,762,-358
123000121,443,753,-310
123000122,437,225,212
123000123,420,711,-291
123000124,568,489,79
123000125,862,545,317
123000126,2840,4375,-1535
123000127,1044,730,314
123000128,301,382,-81
123000129,484,220,264
123000130,503,100,403
123000131,790,852,-62
123000132,421,579,-158
123000133,318,373,-55
123000134,427,166,261
123000135,1199,908,291
123000136,260,1084,-824
123000137,120,329,-209
123000138,88,357,-269
123000139,407,167,240
123000140,99,707,-608
123000141,617,126,491
123000142,858,907,-49
123000143,2226,2542,-316
123000144,19,20,-1
123000145,196,104,92
123000146,47,75,-28
123000147,182,114,68
123000149,359,358,1
123000150,215,207,8
123000151,263,446,-183
123000152,94,354,-260
123000153,159,668,-509
123000154,1799,2136,-337
123000155,2094,902,1192
123000156,69,122,-53
123000157,539,759,-220
123000158,547,688,-141
123000159,3226,1925,1301
123000160,1284,1093,191
123000161,1035,1056,-21
123000162,832,1488,-656
123000163,280,430,-150
123000164,1214,399,815
123000165,427,1873,-1446
123000166,34,201,-167
123000167,169,360,-191
123000168,232,308,-76
123000169,667,138,529
123000170,49,224,-175
123000171,382,33,349
123000172,148,573,-425
123000173,444,213,231
123000174,803,304,499
123000175,616,1331,-715
123000176,657,242,415
123000177,246,929,-683
123000178,906,228,678
123000179,79,678,-599
123000180,1272,342,930
123000181,336,1803,-1467
123000182,201,333,-132
123000183,172,525,-353
123000185,467,566,-99
123000186,5,714,-709
123000187,508,6,502
123000188,209,2,207
123000189,50,186,-136
123000190,38,194,-156
123000192,45,383,-338
123000193,135,951,-816
123000194,435,355,80
123000195,405,41,364
123000196,237,197,40
123000197,132,167,-35
123000198,51,239,-188
123000199,55,512,-457
123000200,210,0,210
123000201,624,55,569
123000202,55,1079,-1024
123000203,669,103,566
123000204,83,1231,-1148
123000205,490,1731,-1241
123000206,1451,220,1231
123000207,281,1291,-1010
123000208,833,142,691
123000209,1839,505,1334
123000210,488,1738,-1250
123000211,567,2352,-1785
123000212,2402,505,1897
123000213,670,90,580
123000215,254,198,56
123000216,156,938,-782
123000217,192,42,150
123000218,124,466,-342
123000219,1136,224,912
123000220,503,99,404
123000221,284,119,165
123000222,366,372,-6
123000223,186,446,-260
123000224,369,656,-287
123000225,163,103,60
123000226,72,319,-247
123000227,104,320,-216
123000228,214,69,145
123000229,1255,1665,-410
123000232,99,656,-557
123000233,832,246,586
123000234,188,709,-521
123000235,676,333,343
123000236,249,775,-526
123000237,227,64,163
123000238,102,652,-550
123000239,465,1491,-1026
123000240,43,420,-377
123000241,844,128,716
123000242,73,187,-114
123000243,896,977,-81
123000244,1097,650,447
123000245,81,156,-75
123000249,546,989,-443
123000252,924,189,735
123000253,821,419,402
123000254,510,952,-442
123000255,996,845,151
123000256,50,222,-172
123000257,2172,1716,456
123000258,1331,1792,-461
123000259,317,501,-184
123000260,358,460,-102
123000261,132,155,-23
123000262,73,241,-168
123000263,317,102,215
123000264,150,57,93
123000265,36,176,-140
123000266,489,674,-185
123000267,367,289,78
123000268,76,65,11
123000269,43,80,-37
123000270,23,62,-39
123000271,97,78,19
123000272,758,272,486
123000273,197,600,-403
123000274,1166,496,670
123000275,343,978,-635
123000278,2993,2637,356
123000279,139,127,12
123000280,350,352,-2
123000281,458,81,377
123000282,151,276,-125
123000283,125,68,57
123000284,47,121,-74
123000286,328,256,72
123000287,646,230,416
123000288,1072,648,424
123000289,593,880,-287
123000291,384,827,-443
123000294,238,273,-35
123000295,963,831,132
123000296,628,338,290
123000297,584,1025,-441
123000298,455,441,14
123000299,180,445,-265
123000300,1085,1174,-89
123000301,129,218,-89
123000302,59,184,-125
123000303,200,85,115
123000305,1113,918,195
123000306,108,268,-160
123000309,61,64,-3
123000310,76,33,43
123000311,110,267,-157
123000312,1017,958,59
123000313,447,777,-330
123000315,34,424,-390
123000316,2023,437,1586
123000317,249,56,193
123000318,46,247,-201
123000329,15,14,1
123000337,723,302,421
123000338,1109,45,1064
123000339,156,180,-24
123000340,164,463,-299
123000342,36,170,-134
123000343,80,3,77
123000344,1382,510,872
123000345,359,544,-185
123000346,314,99,215
123000352,1545,743,802
123000353,19,165,-146
123000354,1097,12,1085
123000355,2,971,-969
123000356,238,11,227
123000357,2,282,-280
123000359,9,208,-199
123000360,149,185,-36
123000361,536,273,263
123000362,162,122,40
123000363,49,154,-105
123000364,437,501,-64
123000365,32,322,-290
123000366,299,1496,-1197
123000367,1408,1854,-446
123000370,57,258,-201
123000371,254,34,220
123000372,441,36,405
123000373,12,405,-393
123000374,24,225,-201
123000375,200,58,142
123000376,809,631,178
123000377,220,29,191
123000378,12,227,-215
123000379,12,271,-259
123000380,87,289,-202
123000381,169,42,127
123000382,1038,215,823
123000383,326,1138,-812
123000384,477,63,414
123000385,535,847,-312
123000436,99,1219,-1120
123000507,169,340,-171
123000508,144,707,-563
123000517,224,27,197
123000518,28,189,-161
123000519,106,65,41
123000520,62,237,-175
123000521,309,101,208
123000522,112,388,-276
123000541,3,9,-6
123000542,1,24,-23
123000565,551,35,516
123000566,151,790,-639
123000567,57,292,-235
123000573,34,817,-783
123000574,513,72,441
123000575,1063,1028,35
123000576,585,1675,-1090
123000577,90,720,-630
123000578,718,82,636
123000579,4465,4709,-244
123000580,90,29,61
123000582,227,23,204
123000583,15,348,-333
123000584,167,262,-95
123000585,1,166,-165
123000586,95,2,93
123000596,111,147,-36
123000597,76,137,-61
123000602,24,18,6
123000603,412,859,-447
123000604,559,908,-349
123000605,1098,15,1083
123000606,3,414,-411
123000609,23,334,-311
123000610,107,137,-30
123000613,67,225,-158
123000614,267,91,176
123000615,70,227,-157
123000616,390,54,336
123000617,95,429,-334
123000618,69,461,-392
123000619,526,52,474
123000620,11,361,-350
123000622,263,33,230
123000624,115,98,17
123000630,817,509,308
123000631,267,2018,-1751
123000632,1539,1617,-78
123000633,0,478,-478
123000634,65,102,-37
123000635,236,131,105
123000636,123,757,-634
123000637,201,41,160
123000638,592,77,515
123000639,905,3072,-2167
123000640,23,847,-824
123000648,959,165,794
123000649,249,1375,-1126
123000650,667,127,540
123000651,179,312,-133
123000652,323,88,235
123000653,40,248,-208
123000654,85,170,-85
123900001,1241,44,1197
123900002,29,1839,-1810
123900003,409,478,-69
123900005,266,172,94
123900006,302,46,256
124000001,1625,116,1509
124000002,30,1064,-1034
124000003,642,129,513
124000004,57,587,-530
124000005,783,423,360
124000006,236,1276,-1040
124000007,459,90,369
124000008,17,841,-824
124000009,454,269,185
124000010,167,730,-563
124000011,1123,261,862
124000012,335,673,-338
124000017,121,111,10
124000018,84,87,-3
124000019,80,116,-36
124000020,31,168,-137
124000021,122,83,39
124000022,95,223,-128
124000023,906,126,780
124000024,1057,646,411
124000025,770,378,392
124000026,833,572,261
124000027,1389,650,739
124000028,2702,1043,1659
124000031,1288,1863,-575
124000032,3340,1405,1935
124000033,1023,776,247
124000034,865,1278,-413
124000035,268,155,113
124000036,159,723,-564
124000037,385,849,-464
124000038,49,113,-64
124000039,1070,342,728
124000040,602,761,-159
124000041,290,87,203
124000042,85,431,-346
124000043,120,117,3
124000044,70,263,-193
124000045,606,620,-14
124000046,237,879,-642
124000047,1080,918,162
124000048,799,1598,-799
124000049,1314,780,534
124000050,694,2084,-1390
124000051,681,570,111
124000052,696,1161,-465
124000053,380,1332,-952
124000054,818,583,235
124000055,1198,2014,-816
124000056,3145,1591,1554
124000057,837,529,308
124000058,509,1466,-957
124000059,556,820,-264
124000060,1263,888,375
124000061,1379,4017,-2638
124000062,7819,1907,5912
124000063,1771,2048,-277
124000064,2598,1807,791
124000065,193,413,-220
124000066,404,99,305
124000067,123,198,-75
124000068,61,101,-40
124000069,493,248,245
124000070,257,461,-204
124000071,130,120,10
124000072,208,458,-250
124000073,727,145,582
124000074,319,699,-380
124000075,116,57,59
124000076,7,200,-193
124000077,2077,662,1415
124000078,3351,1034,2317
124000079,536,894,-358
124000080,374,143,231
124000081,132,586,-454
124000082,51,165,-114
124000083,102,175,-73
124000084,133,411,-278
124000085,99,32,67
124000086,89,84,5
124000087,306,89,217
124000088,146,302,-156
124000089,758,370,388
124000090,165,437,-272
124000091,483,150,333
124000092,175,763,-588
124000093,116,103,13
124000094,90,521,-431
124000095,57,93,-36
124000096,76,254,-178
124000097,146,176,-30
124000098,55,151,-96
124000099,324,175,149
124000100,104,102,2
124000101,77,110,-33
124000102,119,79,40
124000103,78,146,-68
124000104,149,95,54
124000105,65,106,-41
124000106,214,96,118
124000107,11,144,-133
124000108,80,33,47
124000109,144,119,25
124000110,279,175,104
124000111,161,160,1
124000112,578,758,-180
124000113,87,108,-21
124000114,379,518,-139
124000115,467,735,-268
124000116,116,146,-30
124000117,104,87,17
124000118,40,91,-51
124000119,1254,518,736
124000120,624,446,178
124000121,2477,941,1536
124000122,493,1267,-774
124000123,840,480,360
124000124,565,1184,-619
124000125,330,387,-57
124000126,382,644,-262
124000127,671,390,281
124000128,594,977,-383
124000129,1706,1343,363
124000130,781,729,52
124000131,982,499,483
124000132,1036,921,115
124000133,820,968,-148
124000134,849,878,-29
124000135,1557,1582,-25
124000136,941,1223,-282
124000137,1396,557,839
124000138,1711,1265,446
124000139,1105,58,1047
124000140,80,632,-552
124000141,502,29,473
124000142,50,730,-680
124000143,118,24,94
124000144,10,201,-191
124000145,87,67,20
124000146,24,137,-113
124000148,27,98,-71
124000149,982,421,561
124000150,322,553,-231
124000151,719,346,373
124000152,659,1270,-611
124000153,464,583,-119
124000154,277,737,-460
124000155,1111,974,137
124000156,1566,920,646
124000169,182,437,-255
124000170,691,492,199
124000171,226,218,8
124000172,340,550,-210
124000173,432,245,187
124000174,422,630,-208
124000175,22,103,-81
124000176,50,23,27
124000177,3,27,-24
124000178,42,32,10
124000185,39,10,29
124000186,1,59,-58
124000187,2,144,-142
124000188,46,12,34
124000190,156,45,111
124000191,765,143,622
124000192,3089,317,2772
124000193,1045,993,52
124000194,334,525,-191
124000195,263,536,-273
124000196,1300,1195,105
124000197,78,46,32
124000198,21,63,-42
124000201,395,1019,-624
124000202,605,237,368
124000203,200,764,-564
124000204,491,447,44
124000205,65,526,-461
124000206,407,398,9
124000207,1,70,-69
124000209,179,400,-221
124000210,292,152,140
124000211,487,0,487
124000212,3,527,-524
124000213,242,458,-216
124000214,236,593,-357
124000215,422,46,376
124000216,7,623,-616
124000329,97,1997,-1900
124000338,60,898,-838
124000339,529,108,421
124000341,942,92,850
124000344,21,0,21
124000357,1604,3821,-2217
124000358,1555,2980,-1425
124000359,985,780,205
124000360,695,666,29
124000361,2068,598,1470
124000362,1543,1665,-122
124000363,343,386,-43
124000364,835,975,-140
124000365,910,1275,-365
124000366,2442,1582,860
124000367,203,526,-323
124000368,458,271,187
124000369,163,174,-11
124000370,47,555,-508
124000402,23,11,12
124000403,88,9,79
124000404,11,120,-109
124000405,869,695,174
124000406,844,893,-49
124000407,2,45,-43
124000411,14,374,-360
124000412,275,27,248
124000413,1406,31,1375
124000414,58,128,-70
124000415,48,199,-151
124000416,128,365,-237
124000417,141,107,34
124000418,91,142,-51
124000419,74,167,-93
124000420,54,85,-31
124000421,32,279,-247
124000422,43,24,19
124000423,101,31,70
124000424,4,130,-126
124000425,89,31,58
124000426,7,213,-206
124000427,109,9,100
124000428,71,54,17
124000429,44,79,-35
124000430,675,536,139
124000431,326,519,-193
124000432,170,1061,-891
124000439,22,19,3
124000443,0,74,-74
124000445,1147,945,202
124000446,2614,79,2535
124000447,19,227,-208
124000448,51,15,36
124000449,82,17,65
124000450,14,318,-304
124000451,6,169,-163
124000452,428,69,359
124000453,2451,3738,-1287
124000454,3281,5035,-1754
124000455,17,1014,-997
124000456,351,3,348
124000457,5,268,-263
124000458,6,254,-248
124000459,238,1,237
124000460,2,303,-301
124900001,368,370,-2
124900002,113,399,-286
124900003,759,665,94
124900004,373,299,74
124900005,333,159,174
124900006,428,361,67
124900008,1026,456,570
124900009,116,191,-75
124900010,65,54,11
124900011,325,244,81
124900012,320,124,196
124900013,400,133,267
124900014,179,85,94
124900015,146,247,-101
124900016,64,64,0
124900017,568,1221,-653
124900018,26,16,10
124900020,70,50,20
124900021,158,39,119
124900022,31,19,12
124900024,171,37,134
124900026,361,8,353
124900027,122,259,-137
124900028,473,79,394
124900029,2,365,-363
124900030,4,89,-85
124900031,18,329,-311
124900032,162,166,-4
124900033,93,330,-237
124900034,2,97,-95
124900035,150,364,-214
124900036,0,69,-69
124900037,109,276,-167
124900038,208,486,-278
124900039,2,51,-49
124900040,197,63,134
124900041,291,1238,-947
124900042,179,3,176
124900043,499,1171,-672
124900044,65,3,62
124900045,543,938,-395
124900047,87,145,-58
124900048,158,187,-29
124900050,156,270,-114
124900052,120,288,-168
124900053,90,316,-226
124900054,2673,421,2252
124900055,1,107,-106
124900057,27,379,-352
124900060,76,223,-147
124900061,43,15,28
124900062,93,18,75
124900066,0,15,-15
124900067,6,182,-176
124900068,179,314,-135
124900070,49,13,36
124900072,73,32,41
124900075,155,220,-65
124900076,28,794,-766
124900077,30,68,-38
124900078,78,16,62
124900079,593,203,390
124900080,236,794,-558
124900081,853,287,566
124900082,442,1260,-818
124900083,198,579,-381
124900085,1236,170,1066
124900086,44,843,-799
124900087,601,77,524
124900088,518,132,386
124900089,1401,51,1350
124900090,190,201,-11
124900091,252,455,-203
124900092,204,293,-89
124900093,216,179,37
124900094,227,241,-14
124900095,59,360,-301
124900096,492,192,300
124900097,257,79,178
124900098,104,367,-263
124900099,574,431,143
124900100,168,71,97
124900101,89,263,-174
124900102,150,59,91
124900103,106,279,-173
124900104,54,199,-145
124900105,110,160,-50
124900106,220,51,169
124900107,83,15,68
124900108,151,68,83
124900111,1,58,-57
124900112,53,473,-420
124900113,112,192,-80
124900114,284,100,184
124900115,44,13,31
124900116,145,102,43
124900117,635,92,543
124900118,241,175,66
124900119,242,160,82
124900120,67,318,-251
124900121,105,263,-158
124900122,412,193,219
124900123,362,80,282
124900124,108,213,-105
124900125,508,6,502
124900126,0,502,-502
204000001,123,15,108
204000002,66,22,44
204000003,42,8,34
204000004,17,0,17
204000005,857,672,185
204000006,1400,2247,-847
204000011,19,37,-18
204000012,48,109,-61
204000019,648,617,31
204000020,636,812,-176
204000021,1937,863,1074
204000022,536,554,-18
204000023,639,1210,-571
204000031,168,31,137
204000032,681,42,639
204000034,37,203,-166
204000035,3,1,2
204000036,15,14,1
204000037,13,18,-5
204000038,2,7,-5
204000039,9,49,-40
204000040,4,33,-29
204000041,28,29,-1
204000042,40,12,28
204000043,18,4,14
204000044,27,1,26
204000045,47,7,40
204000046,21,3,18
204000057,15,26,-11
204000062,34,131,-97
204000068,72,301,-229
204000069,63,331,-268
204000070,64,120,-56
204000080,69,67,2
204000085,2326,1895,431
204000086,3226,2740,486
204000087,46,12,34
204000088,7,102,-95
204000090,86,369,-283
204000093,214,120,94
204000096,991,1347,-356
204000097,255,87,168
204000099,1026,1972,-946
204000100,1186,2007,-821
204000105,2619,1799,820
204000110,1141,1509,-368
204000111,600,883,-283
204000112,1191,853,338
204000113,704,902,-198
204000114,700,642,58
204000115,528,368,160
204000116,1407,558,849
204000119,2541,3012,-471
204000132,605,368,237
204000133,725,434,291
204000134,191,170,21
204000135,825,168,657
204000136,476,309,167
204000138,413,584,-171
204000140,261,185,76
204000141,200,126,74
204000144,10,22,-12
204000145,380,53,327
204000146,14,268,-254
204000147,102,252,-150
204000148,635,38,597
204000154,4,1,3
204000155,2,12,-10
204000177,55,88,-33
204000179,17,19,-2
204000180,1,50,-49
204000222,4,9,-5
204000235,15,12,3
204000236,58,270,-212
204000238,7,28,-21
204000240,361,84,277
204000263,819,1348,-529
204000268,1185,868,317
204000308,238,40,198
204000317,13,93,-80
204000322,12,38,-26
204000323,16,11,5
204000328,213,126,87
204000329,98,199,-101
204000330,301,189,112
204000331,222,147,75
205000001,1302,1971,-669
205000013,6,94,-88
205000014,26,105,-79
205000015,45,239,-194
205000016,18,193,-175
205000017,33,82,-49
205000022,444,990,-546
205000025,1902,1423,479
205000029,179,4,175
205000045,128,332,-204
205000046,102,695,-593
205000047,54,525,-471
205000048,407,1581,-1174
205000049,147,1091,-944
205000050,1214,464,750
205000059,1,296,-295
205000060,0,100,-100
205000061,7,103,-96
205000062,7,88,-81
205000063,35,240,-205
205000064,22,190,-168
205000065,83,651,-568
205000066,151,1005,-854
205000067,54,1279,-1225
205000069,167,26,141
205000082,171,319,-148
205000110,112,325,-213
205000111,270,374,-104
205000112,158,209,-51
205000113,262,307,-45
205000121,209,123,86
205000123,66,224,-158
205000126,466,348,118
205000127,701,451,250
205000128,843,272,571
205000129,725,268,457
205000130,1643,122,1521
205000131,1576,27,1549
205000132,1178,5,1173
205000133,1344,1,1343
205000134,505,1,504
205000137,77,210,-133
205000138,231,359,-128
205000139,56,141,-85
205000144,143,107,36
205000145,316,243,73
205000151,162,92,70
205000152,206,46,160
205000153,178,130,48
205000154,88,175,-87
205000155,145,30,115
205000207,6,128,-122
205000233,135,24,111
205000234,0,0,0
205000243,4,1,3
205000244,0,3,-3
205000245,26,183,-157
205000249,0,25,-25
205000250,4,2,2
205000264,27,100,-73
206000027,4,7,-3
206000028,4,1,3
206000043,23,97,-74
206000053,2,9,-7
206000054,7,20,-13
206000055,1,18,-17
206000075,6,7,-1
206000076,31,5,26
206000077,29,8,21
206000078,23,5,18
206000079,11,5,6
206000082,415,52,363
206000100,62,570,-508
206000103,7,13,-6
206000104,28,21,7
206000105,5,17,-12
206000106,21,18,3
206000125,30,0,30
206000157,61,427,-366
206000170,0,121,-121
206000171,3,155,-152
206000172,5,559,-554
206000173,0,238,-238
206000174,9,109,-100
206000175,3,111,-108
206000176,8,242,-234
206000177,1,170,-169
206000178,2,121,-119
206000179,7,58,-51
206000180,11,150,-139
206000181,15,222,-207
206000182,10,274,-264
206000183,13,678,-665
206000184,5,309,-304
206000185,10,209,-199
206000186,134,1149,-1015
206000223,5,153,-148
206000226,6,3,3
206000227,11,1,10
206000237,34,319,-285
206000238,12,561,-549
206000239,386,1667,-1281
206000240,2,60,-58
206000241,0,89,-89
206000242,7,240,-233
206000243,14,248,-234
206000244,83,590,-507
206000245,508,55,453
206000246,101,8,93
206000247,100,7,93
206000248,239,39,200
206000252,78,40,38
206000258,35,23,12
206000315,23,8,15
206000317,569,103,466
206000318,278,64,214
206000319,697,121,576
206000320,75,61,14
206000321,85,13,72
206000322,254,19,235
206000323,93,8,85
206000324,79,8,71
206000325,81,16,65
206000326,86,8,78
206000327,742,15,727
206000328,120,9,111
206000329,150,9,141
206000330,30,8,22
206000331,100,11,89
206000332,26,5,21
206000333,333,1,332
206000334,125,0,125
206000335,0,13,-13
206000361,2,154,-152
206000392,2,12,-10
206000405,152,1,151
206000441,13,11,2
206000498,41,3,38
206000515,58,38,20
206000530,169,70,99
206000531,162,163,-1
206000532,2098,256,1842
206000535,320,2021,-1701
206000536,30,153,-123
206000537,14,146,-132
206000613,1134,242,892
206000784,365,29,336
207000001,207,589,-382
207000002,142,369,-227
207000003,179,202,-23
207000007,659,306,353
207000008,44,22,22
207000009,49,79,-30
207000010,485,510,-25
207000012,211,292,-81
207000015,393,1506,-1113
207000019,430,101,329
207000021,564,246,318
207000022,208,153,55
207000023,267,103,164
207000024,9,42,-33
207000025,20,81,-61
207000026,140,59,81
207000027,50,82,-32
207000028,64,195,-131
207000029,265,454,-189
207000033,370,344,26
207000034,238,130,108
207000039,244,185,59
207000040,254,131,123
207000041,113,62,51
207000042,180,75,105
207000043,195,173,22
207000051,143,360,-217
207000052,143,228,-85
207000053,450,720,-270
207000054,41,130,-89
207000055,157,183,-26
207000056,369,426,-57
207000057,123,260,-137
207000058,176,413,-237
207000059,103,734,-631
207000060,97,305,-208
207000061,294,353,-59
207000062,307,43,264
207000063,290,170,120
207000064,345,191,154
207000065,302,251,51
207000066,168,183,-15
207000067,44,149,-105
207000068,157,102,55
207000069,584,449,135
207000082,14,292,-278
207000083,102,396,-294
207000084,177,251,-74
207000085,166,22,144
207000086,143,9,134
207000106,36,48,-12
207000107,115,22,93
207000108,66,10,56
207000109,58,18,40
207000110,69,103,-34
207000111,85,122,-37
207000112,310,614,-304
207000114,26,50,-24
207000115,27,88,-61
207000116,17,426,-409
207000117,6,139,-133
207000118,6,98,-92
207000119,38,93,-55
207000123,194,27,167
207000124,48,23,25
207000125,47,76,-29
207000126,57,99,-42
207000134,74,187,-113
207000135,25,315,-290
207000148,52,215,-163
207000149,77,44,33
207000152,172,469,-297
207000153,1025,1152,-127
207000154,566,217,349
207000159,86,250,-164
207000160,170,561,-391
207000238,1,198,-197
207000242,0,197,-197
207000248,66,19,47
207000249,217,50,167
207000250,908,82,826
207000251,125,84,41
207000252,62,75,-13
207000278,54,104,-50
207000279,35,191,-156
207000280,351,85,266
207000281,100,1177,-1077
207000282,150,75,75
207000283,119,237,-118
207000284,97,123,-26
207000285,220,37,183
207000291,17,157,-140
207000304,178,87,91
207000306,110,434,-324
207000310,69,80,-11
207000353,247,3,244
207000356,20,31,-11
207000357,31,18,13
207000358,5,34,-29
207000415,2,223,-221
207000417,55,2,53
207000418,117,169,-52
207000438,0,3,-3
207000439,985,614,371
207000446,131,6,125
207000460,12,22,-10
207000466,235,159,76
207000467,170,99,71
207000468,88,446,-358
207000476,2,79,-77
207000477,393,97,296
207000478,0,16,-16
207000523,0,17,-17
207000524,101,1,100
207000527,134,225,-91
207000530,324,11,313
207000531,352,7,345
207000532,69,21,48
207000534,551,60,491
207000535,54,346,-292
207000537,22,139,-117
207000540,6,272,-266
207000541,2,397,-395
207000548,21,335,-314
207000549,283,18,265
207000561,91,185,-94
207000562,53,234,-181
207000567,191,247,-56
207000568,108,93,15
207000569,363,927,-564
207000584,399,187,212
207000585,136,253,-117
207000587,89,20,69
207000616,0,136,-136
207000617,115,1,114
207000624,63,46,17
207000631,10,67,-57
207900008,267,246,21
208000001,777,914,-137
208000002,926,549,377
208000003,1277,698,579
208000004,1772,906,866
208000005,45,25,20
208000019,616,1193,-577
208000020,183,642,-459
208000021,201,536,-335
208000022,1037,648,389
208000028,1696,1062,634
208000033,481,608,-127
208000034,1350,1783,-433
208000037,551,26,525
208000040,180,189,-9
208000041,914,679,235
208000042,1477,692,785
208000047,193,406,-213
208000064,2908,1879,1029
208000066,1879,1958,-79
208000070,340,484,-144
208000071,341,984,-643
208000072,331,1428,-1097
208000080,343,557,-214
208000081,377,216,161
208000082,535,386,149
208000083,186,470,-284
208000084,77,11,66
208000085,1520,784,736
208000086,768,1313,-545
208000087,545,914,-369
208000089,882,631,251
208000090,981,1012,-31
208000093,264,175,89
208000094,428,502,-74
208000095,766,398,368
208000104,922,1264,-342
208000105,774,1363,-589
208000114,121,262,-141
208000115,473,425,48
208000116,569,1169,-600
208000117,158,181,-23
208000118,110,131,-21
208000155,1251,1032,219
208000158,1913,3099,-1186
208000186,3829,3799,30
208000204,783,1136,-353
208000205,1200,1563,-363
208000282,5386,2250,3136
209000004,317,170,147
209000005,47,24,23
209000006,553,199,354
209000007,453,261,192
209000010,655,180,475
209000011,312,296,16
209000012,238,266,-28
209000013,262,510,-248
209000014,675,1244,-569
209000025,389,62,327
209000026,676,194,482
209000027,699,943,-244
209000028,484,831,-347
209000029,1380,806,574
209000030,870,1635,-765
209000031,3737,2601,1136
209000034,178,283,-105
209000035,105,214,-109
209000036,180,172,8
209000037,241,308,-67
209000038,106,227,-121
209000039,79,175,-96
209000040,254,623,-369
209000041,199,414,-215
209000042,213,453,-240
209000043,710,1031,-321
209000044,151,837,-686
209000045,1557,436,1121
209000046,502,530,-28
209000047,425,228,197
209000048,528,293,235
209000049,106,129,-23
209000050,249,209,40
209000051,315,493,-178
209000052,218,442,-224
209000062,32,175,-143
209000063,57,147,-90
209000064,54,184,-130
209000065,68,54,14
209000066,50,57,-7
209000067,63,66,-3
209000080,56,301,-245
209000082,76,53,23
209000091,88,122,-34
209000093,48,39,9
209000094,241,185,56
209000110,23,114,-91
209000111,440,1707,-1267
209000112,858,717,141
209000113,2349,637,1712
209000114,405,407,-2
209000115,118,214,-96
209000116,926,665,261
209000118,65,60,5
209000119,114,19,95
209000121,268,745,-477
209000135,79,152,-73
209000142,678,1659,-981
209000143,172,106,66
209000144,187,110,77
209000229,191,156,35
209000240,56,486,-430
209000259,117,149,-32
209000260,52,1006,-954
209000261,4,479,-475
209000262,0,427,-427
209000263,0,118,-118
209000264,0,43,-43
209000265,420,3,417
209000266,58,3,55
209000267,701,13,688
209000268,750,43,707
210000037,99,26,73
210000047,95,24,71
210000048,90,35,55
210000049,36,23,13
210000052,42,104,-62
210000053,49,84,-35
210000054,128,92,36
210000070,68,3,65
210000071,39,1,38
210000072,70,1,69
210000073,0,27,-27
210000074,0,182,-182
210000075,3,85,-82
210000076,12,191,-179
210000077,193,36,157
210000078,70,57,13
210000079,136,20,116
210000080,327,81,246
210000081,186,18,168
210000082,167,2,165
210000083,132,1,131
210000084,28,0,28
210000085,0,120,-120
210000086,5,142,-137
210000099,44,290,-246
210000100,37,239,-202
210000101,93,286,-193
210000105,42,421,-379
210000159,1,276,-275
210000163,191,263,-72
210000164,347,170,177
210000168,234,44,190
210000187,0,11,-11
210000188,0,23,-23
210000214,31,0,31
210000219,67,79,-12
210000220,74,85,-11
210000232,2,31,-29
210000233,43,73,-30
210000234,24,195,-171
210000235,55,123,-68
210000245,0,51,-51
210000246,34,30,4
210000258,16,118,-102
210000259,355,37,318
210000282,101,314,-213
210000285,0,149,-149
210000286,16,205,-189
210000290,5,13,-8
210000295,34,293,-259
210000296,83,96,-13
210000320,125,111,14
210000321,92,68,24
210000338,241,76,165
210000339,423,1339,-916
210000340,120,471,-351
210000341,344,378,-34
210000342,277,277,0
210000343,358,259,99
210000344,632,164,468
210000345,290,369,-79
210000346,211,207,4
210000347,481,67,414
210000348,352,21,331
210000349,349,17,332
210000350,111,82,29
210000351,144,125,19
210000352,70,106,-36
210000353,42,131,-89
210000354,120,110,10
210000355,186,134,52
210000356,239,80,159
210000357,225,81,144
210000358,483,141,342
210000359,389,84,305
210000360,251,137,114
210000361,230,179,51
210000362,328,232,96
210000363,1061,252,809
210000364,147,115,32
210000365,149,55,94
210000366,121,83,38
210000367,67,28,39
210000368,163,45,118
210000369,43,33,10
210000370,112,34,78
210000372,156,35,121
210000373,151,34,117
210000374,112,23,89
210000375,37,117,-80
210000376,157,187,-30
210000404,87,203,-116
210000439,18,51,-33
210000472,143,11,132
210000482,112,89,23
210000564,396,199,197
210000567,0,58,-58
210000568,702,2,700
211000092,51,56,-5
211000094,20,6,14
211000169,169,10,159
211000172,46,289,-243
211000209,1,21,-20
211000226,9,31,-22
211000270,28,22,6
211000275,17,15,2
211000276,59,11,48
211000279,36,41,-5
211000281,33,54,-21
211000302,20,82,-62
211507980,3,43,-40
211977296,44,6,38
212000003,319,66,253
212000004,267,36,231
212000005,88,28,60
212000006,92,84,8
212000008,231,204,27
212000009,35,157,-122
212000012,63,107,-44
212000013,17,67,-50
212000014,280,150,130
212000015,331,302,29
212000016,472,656,-184
212000027,451,586,-135
212000028,325,537,-212
212000029,242,462,-220
212000030,32,39,-7
212000031,62,63,-1
212000048,41,179,-138
212000049,23,134,-111
212000050,45,5,40
212000051,225,258,-33
212000052,167,367,-200
212000053,376,752,-376
212000054,164,211,-47
212000055,186,395,-209
212000056,12,40,-28
212000057,8,33,-25
212000058,387,36,351
212000070,125,317,-192
212000077,205,841,-636
212000099,246,373,-127
212000108,494,281,213
212000111,173,156,17
212000120,372,137,235
212000138,223,32,191
212000156,20,121,-101
212000158,4,19,-15
212000159,261,65,196
212000160,448,362,86
212000161,79,11,68
212000310,41,16,25
212000311,6,96,-90
212000374,42,8,34
213000001,54,416,-362
213000005,320,167,153
213000006,1028,227,801
213000007,241,12,229
213000009,729,451,278
213000010,196,258,-62
213000011,276,153,123
213000012,121,232,-111
213000014,76,6,70
213000015,142,2,140
213000016,313,1,312
213000017,63,1,62
213000018,3,180,-177
213000019,0,161,-161
213000020,75,293,-218
213000021,11,132,-121
213000023,226,238,-12
213000033,227,1449,-1222
213000034,581,265,316
213000035,124,452,-328
213000045,149,319,-170
213000046,188,234,-46
213000047,659,1090,-431
213000056,76,108,-32
213000069,311,6,305
213000073,2,24,-22
213000074,58,379,-321
213000075,715,4,711
213000076,82,1,81
213000085,6,38,-32
213000086,19,184,-165
213000091,148,17,131
213000092,38,11,27
213000099,181,1088,-907
213000100,1292,370,922
213000101,230,155,75
213000102,311,338,-27
213000103,702,807,-105
213000104,65,382,-317
213000105,0,116,-116
213000106,38,148,-110
213000107,169,625,-456
213000108,42,522,-480
213000109,11,256,-245
213000110,11,78,-67
213000111,20,54,-34
213000112,180,79,101
213000115,54,8,46
213000116,35,691,-656
213000117,8,946,-938
213000118,257,328,-71
213000119,30,658,-628
213000120,99,579,-480
213000122,235,626,-391
213000123,540,1072,-532
213000124,95,1007,-912
213000125,94,18,76
213000126,47,123,-76
213000127,122,177,-55
213000128,529,826,-297
213000129,364,596,-232
213000130,322,279,43
213000132,206,112,94
213000133,359,93,266
213000134,778,15,763
213000136,445,22,423
213000137,544,139,405
213000139,1087,28,1059
213000147,272,35,237
213000148,116,19,97
213000149,71,9,62
213000150,1,104,-103
213000151,7,73,-66
213000152,5,73,-68
213000153,2,61,-59
213000154,24,252,-228
213000155,20,274,-254
213000156,85,886,-801
213000157,778,573,205
213000158,356,639,-283
213000159,286,754,-468
213000163,400,81,319
213000165,471,183,288
213000171,22,188,-166
213000172,29,287,-258
213000173,23,119,-96
213000174,2,34,-32
213000175,17,26,-9
213000176,7,118,-111
213000177,12,17,-5
213000178,38,4,34
213000179,123,51,72
213000180,138,88,50
213000184,80,448,-368
213000188,386,85,301
213000189,227,42,185
213000190,701,721,-20
213000191,259,463,-204
213000192,196,498,-302
213000193,987,137,850
213000194,1,63,-62
213000195,19,569,-550
213000196,323,1174,-851
213000197,257,1329,-1072
213000198,186,0,186
213000200,144,904,-760
213000201,101,36,65
213000202,9,588,-579
213000203,3879,833,3046
213000204,838,176,662
213000205,168,175,-7
213000206,383,141,242
213000207,260,27,233
213000208,342,2,340
213000209,346,2,344
213000210,1228,9,1219
213000211,29,25,4
213000212,95,16,79
213000213,40,36,4
213000218,269,667,-398
213000219,447,23,424
213000220,427,6,421
213000223,298,239,59
213000224,83,54,29
213000225,98,10,88
213000226,74,9,65
213000227,831,332,499
213000228,296,183,113
213000229,712,56,656
213000230,705,73,632
213000232,70,779,-709
213000233,11,32,-21
213000234,3,33,-30
213000293,80,71,9
213000294,342,9,333
213000295,101,73,28
213000296,58,22,36
213000297,8,101,-93
213000298,17,72,-55
213000299,83,58,25
213000300,25,10,15
213000303,3,27,-24
213000304,6,9,-3
213000305,25,12,13
213000306,164,28,136
213000307,550,118,432
213000308,98,250,-152
213000309,205,62,143
213000310,316,112,204
213000311,267,736,-469
213000315,123,125,-2
213000316,302,88,214
213000322,19,25,-6
213000323,28,47,-19
213000340,125,613,-488
213000341,398,126,272
213000346,210,145,65
213000347,788,260,528
213000348,5,57,-52
213000349,18,12,6
213000350,241,1399,-1158
213000366,44,362,-318
213000367,210,39,171
213000379,68,57,11
213000386,11,239,-228
213000406,68,292,-224
213000417,1281,581,700
213000425,87,36,51
213000426,106,60,46
213000427,16,267,-251
213000428,23,171,-148
213000429,29,3,26
213000430,77,636,-559
213000431,178,1,177
213000432,3,49,-46
213000433,7,131,-124
213000434,69,103,-34
213000435,42,90,-48
213000439,147,10,137
213000441,0,1,-1
213000443,587,525,62
213000445,0,102,-102
213000446,3,14,-11
213000447,6,56,-50
213000448,2,67,-65
213000449,216,4,212
213000450,9,52,-43
213000451,176,90,86
213000452,22,28,-6
213000453,69,298,-229
213000455,287,0,287
213000456,0,137,-137
213000481,168,9,159
213000482,66,5,61
213000489,424,127,297
213000491,0,251,-251
213000492,1297,66,1231
213000493,0,150,-150
213000494,149,101,48
213000495,0,110,-110
213000496,290,172,118
213000497,36,196,-160
213000498,74,103,-29
213000499,107,343,-236
213000500,197,66,131
213000501,70,19,51
213000502,296,71,225
213000503,0,23,-23
213000504,4,60,-56
213000505,7,19,-12
213000506,0,11,-11
213000507,2,100,-98
213900244,13,0,13
213900245,0,27,-27
218000003,42,19,23
218000004,67,17,50
218000005,85,37,48
218000006,94,26,68
218000007,21,13,8
218000012,325,215,110
218000013,108,191,-83
218000014,400,480,-80
218000019,793,549,244
218000020,292,523,-231
218000040,2,4,-2
218000046,31,116,-85
218000047,25,186,-161
218000048,34,230,-196
218000049,58,159,-101
218000050,297,319,-22
218000051,80,311,-231
218000052,1,108,-107
218000053,8,18,-10
218000054,9,38,-29
218000055,34,12,22
218000056,15,29,-14
218000057,5,39,-34
218000064,2,29,-27
218000065,83,68,15
218000066,7,71,-64
218000067,55,92,-37
218000068,86,115,-29
218000069,192,197,-5
218000070,317,260,57
218000071,214,240,-26
218000072,302,241,61
218000078,702,1156,-454
218000079,56,79,-23
218000080,60,69,-9
218000081,227,226,1
218000082,45,149,-104
218000083,44,92,-48
218000084,78,138,-60
218000085,102,414,-312
218000086,60,189,-129
218000087,154,231,-77
218000090,13,167,-154
218000091,847,720,127
218000092,61,210,-149
218000093,126,94,32
218000094,548,831,-283
218000099,279,697,-418
218000100,261,279,-18
218000101,659,145,514
218000102,360,371,-11
218000103,62,184,-122
218000104,89,58,31
218000105,41,25,16
218000106,7,5,2
218000107,52,77,-25
218000108,5,51,-46
218000112,57,18,39
218000117,64,57,7
218000134,423,865,-442
218000135,167,124,43
218000136,171,72,99
218000137,189,106,83
218000138,55,105,-50
218000139,159,309,-150
218000140,347,311,36
218000141,85,56,29
218000142,164,199,-35
218000143,72,253,-181
218000144,146,65,81
218000145,314,364,-50
218000146,33,179,-146
218000151,44,43,1
218000152,191,103,88
218000170,11,51,-40
218000171,110,12,98
218000172,85,11,74
218000173,45,4,41
218000174,80,13,67
218000176,220,51,169
218000177,345,231,114
218000178,101,251,-150
218000179,147,106,41
218000180,63,32,31
218000181,214,70,144
218000187,12,20,-8
218000188,43,73,-30
218000189,17,76,-59
218000190,4,9,-5
218000191,149,97,52
218000192,123,266,-143
218000193,358,378,-20
218000194,97,354,-257
218000195,119,48,71
218000196,211,375,-164
218000197,180,390,-210
218000198,33,144,-111
218000199,41,19,22
218000200,108,43,65
218000201,25,9,16
218000202,134,366,-232
218000207,20,43,-23
218000208,74,79,-5
218000211,103,17,86
218000213,105,53,52
218000214,6,26,-20
218000215,67,76,-9
218000217,2,165,-163
218000218,119,95,24
218000219,56,34,22
218000220,347,315,32
218000221,1871,195,1676
218000222,113,38,75
218000223,67,306,-239
218000224,25,177,-152
218000225,203,38,165
218000226,119,85,34
218000232,55,107,-52
218000239,153,11,142
218000240,13,4,9
218000241,32,6,26
218000242,63,14,49
218000243,87,14,73
218000244,33,2,31
218000245,39,0,39
218000246,1,1,0
218000247,1,1,0
218000248,0,15,-15
218000249,1,2,-1
218000250,3,10,-7
218000251,5,18,-13
218000252,4,26,-22
218000253,2,32,-30
218000254,2,3,-1
218000255,2,12,-10
218000256,2,46,-44
218000267,818,1330,-512
218000268,14,66,-52
218000269,7,15,-8
218000270,113,68,45
218000271,46,88,-42
218000273,7,11,-4
218000274,10,11,-1
218000275,26,58,-32
218000276,10,65,-55
218000278,27,39,-12
218000279,56,85,-29
218000280,13,54,-41
218000281,5,25,-20
218000282,680,479,201
218000284,123,34,89
218000301,68,102,-34
218000302,125,35,90
218000303,56,65,-9
218000316,826,1411,-585
218000317,780,1514,-734
218000318,441,1022,-581
218000319,1010,1439,-429
218000320,913,979,-66
218000338,114,35,79
218000345,136,81,55
218000346,98,232,-134
218000459,41,348,-307
218000490,54,37,17
218000501,108,70,38
218000502,45,132,-87
218000503,86,25,61
218000504,198,33,165
218000505,53,185,-132
218000506,31,329,-298
218000508,13,2,11
218000510,233,10,223
218000520,128,108,20
218000521,8,63,-55
218000522,1,101,-100
218000523,316,3,313
218000524,17,117,-100
218000525,162,10,152
218000526,32,116,-84
218000529,45,196,-151
218000531,15,33,-18
218000532,48,16,32
218000534,127,22,105
218000537,37,51,-14
218000538,178,233,-55
218000540,286,59,227
218000543,141,69,72
218000544,49,97,-48
218000545,42,49,-7
218000546,61,68,-7
218000547,152,92,60
218000548,195,163,32
218000549,403,242,161
218000550,222,380,-158
218000551,157,729,-572
218000552,469,52,417
218000553,51,116,-65
218000554,91,31,60
218000555,54,54,0
218000556,211,386,-175
218000557,313,189,124
218000558,49,0,49
218000559,1,41,-40
218000560,1,16,-15
218000561,22,0,22
218000562,41,174,-133
218000563,258,9,249
218000564,11,107,-96
218000565,223,19,204
218000566,277,15,262
218000567,1,71,-70
218000568,12,2,10
218000569,8,73,-65
218000570,144,7,137
218000571,0,188,-188
218000572,213,3,210
218000573,12,82,-70
218000574,95,41,54
218000575,88,0,88
218000576,1,79,-78
218000577,162,0,162
218000578,1,102,-101
218000579,34,88,-54
218000581,5,46,-41
218000582,112,1,111
218000583,15,9,6
218000584,0,19,-19
218000585,53,0,53
218000586,2,59,-57
218000587,9,0,9
218000588,0,3,-3
218000589,0,0,0
218000590,8,0,8
218000591,3,0,3
218000592,26,0,26
218000593,101,3,98
218000594,67,0,67
218000597,36,0,36
218000598,2,0,2
218000599,46,0,46
218000600,38,1,37
218000601,5,0,5
218000602,0,19,-19
218000603,0,3,-3
218000604,25,0,25
218000605,2,185,-183
218000606,884,1,883
218000607,2,38,-36
218000608,98,22,76
218000609,4,55,-51
218000610,91,4,87
218000611,19,0,19
218000612,0,19,-19
218000613,24,0,24
218000614,1,39,-38
218000615,250,3,247
218000616,1,78,-77
218000617,60,2,58
218000618,0,12,-12
218000619,171,28,143
218000620,2,8,-6
218000621,2,2,0
218000622,0,10,-10
218000623,301,0,301
218000624,23,16,7
218000625,36,0,36
218000626,2,10,-8
218000628,142,57,85
218000631,67,25,42
218000632,4,107,-103
218000633,118,0,118
218000634,6,40,-34
218000635,14,8,6
218000636,893,1642,-749
218000637,747,709,38
218000638,115,67,48
218000639,29,189,-160
218000640,127,34,93
218000641,136,309,-173
218000652,91,104,-13
218000653,163,89,74
218000663,5,196,-191
218000675,76,68,8
218000680,219,542,-323
218000681,421,172,249
218000691,129,358,-229
218000693,191,172,19
218000718,681,710,-29
218000719,1388,376,1012
218000720,9,62,-53
218000721,236,7,229
218001147,8,422,-414
218001214,15,16,-1
218001258,294,2,292
218001329,200,133,67
218001330,188,177,11
218001351,51,21,30
218001352,33,23,10
218001353,28,19,9
218001354,21,29,-8
218001355,56,322,-266
218001356,197,31,166
218001357,63,293,-230
218001358,252,22,230
218001361,280,17,263
218001362,2,516,-514
219000001,51,66,-15
219000002,57,67,-10
219000003,49,36,13
219000004,55,64,-9
219000017,223,15,208
219000020,88,37,51
219000022,134,2,132
219000023,129,0,129
219000029,1,131,-130
219000034,157,17,140
219000039,178,70,108
219000040,48,25,23
219000041,108,37,71
219000051,0,31,-31
219000052,0,17,-17
219000053,0,134,-134
219000055,170,1,169
219000056,54,1,53
219000057,104,2,102
219000062,34,123,-89
219000063,57,18,39
219000064,3,104,-101
219000110,713,40,673
219000111,116,46,70
219000112,183,94,89
219000113,131,62,69
219000114,231,89,142
219000116,66,43,23
219000117,113,84,29
219000118,142,64,78
219000123,275,118,157
219000124,132,53,79
219000125,7,23,-16
219000126,75,98,-23
219000127,1,3,-2
219000128,32,147,-115
219000129,44,150,-106
219000130,862,634,228
219000131,859,841,18
219000133,77,55,22
219000134,18,21,-3
219000135,33,48,-15
219000136,136,221,-85
219000138,52,23,29
219000139,21,75,-54
219000140,20,2,18
219000141,18,127,-109
219000142,12,123,-111
219000143,19,133,-114
219000145,24,55,-31
219000146,2,40,-38
219000147,1,49,-48
219000148,1,34,-33
219000149,8,147,-139
219000150,5,111,-106
219000151,5,50,-45
219000157,289,165,124
219000158,163,281,-118
219000161,142,20,122
219000163,1592,548,1044
219000166,104,203,-99
219000167,115,211,-96
219000168,279,181,98
219000174,403,94,309
219000175,58,5,53
219000176,47,3,44
219000177,32,1,31
219000178,12,3,9
219000179,17,9,8
219000180,41,51,-10
219000182,128,30,98
219000183,51,25,26
219000184,95,7,88
219000185,1,59,-58
219000186,51,47,4
219000187,28,73,-45
219000189,161,198,-37
219000190,152,275,-123
219000191,1482,1086,396
219000192,222,132,90
219000193,411,176,235
219000195,3,110,-107
219000196,8,169,-161
219000198,37,192,-155
219000199,104,395,-291
219000200,47,324,-277
219000201,123,296,-173
219000203,61,133,-72
219000204,415,178,237
219000205,88,184,-96
219000207,179,209,-30
219000209,33,77,-44
219000210,132,142,-10
219000213,18,220,-202
219000239,205,332,-127
219000240,261,390,-129
219000241,88,203,-115
219000242,116,233,-117
219000243,100,304,-204
219000244,90,125,-35
219000245,73,58,15
219000246,65,24,41
219000247,87,40,47
219000248,812,357,455
219000249,259,71,188
219000250,161,138,23
219000251,593,153,440
219000252,237,187,50
219000253,340,75,265
219000255,103,109,-6
219000256,196,93,103
219000257,206,0,206
219000262,133,239,-106
219000263,85,230,-145
219000267,0,155,-155
219000268,4,2,2
219000269,9,4,5
219000270,7,0,7
219000271,151,11,140
219000278,0,14,-14
219000279,1,4,-3
219000283,0,10,-10
219000295,5,111,-106
219000296,99,626,-527
219000297,17,188,-171
219000298,12,192,-180
219000299,360,88,272
219000300,35,307,-272
219000301,219,395,-176
219000302,49,293,-244
219000307,35,56,-21
219000308,41,52,-11
219000311,174,63,111
219000312,437,106,331
219000313,272,67,205
219000314,87,639,-552
219000315,166,58,108
219000316,353,56,297
219000317,94,14,80
219000320,2,66,-64
219000321,0,13,-13
219000323,7,81,-74
219000325,1,20,-19
219000326,76,118,-42
219000327,85,36,49
219000328,42,41,1
219000329,264,118,146
219000330,23,19,4
219000331,59,39,20
219000332,84,86,-2
219000333,14,4,10
219000335,86,4,82
219000337,25,0,25
219000338,67,0,67
219000344,44,92,-48
219000345,110,114,-4
219000346,52,171,-119
219000348,113,121,-8
219000349,69,208,-139
219000350,172,112,60
219000351,20,4,16
219000352,341,66,275
219000353,124,60,64
219000354,124,112,12
219000355,159,75,84
219000356,1490,1006,484
219000363,267,90,177
219000364,107,47,60
219000365,181,29,152
219000366,230,422,-192
219000368,556,529,27
219000370,1186,355,831
219000371,15,27,-12
219000382,14,29,-15
219000383,960,804,156
219000385,711,531,180
219000386,1038,1431,-393
219000387,5,8,-3
219000390,8,2,6
219000391,2,0,2
219000397,70,50,20
219000398,80,45,35
219000401,7,147,-140
219000402,20,130,-110
219000403,123,272,-149
219000404,17,114,-97
219000407,5,39,-34
219000409,53,39,14
219000410,68,46,22
219000411,65,26,39
219000446,226,346,-120
219000447,1,23,-22
219000448,20,11,9
219000452,158,80,78
219000453,151,174,-23
219000454,334,239,95
219000556,258,106,152
219000558,355,244,111
219000590,24,187,-163
219000591,77,80,-3
219000592,152,428,-276
219000595,6,20,-14
219000635,112,61,51
219000636,31,130,-99
219000657,17,14,3
219000658,15,41,-26
219000673,1,18,-17
219000676,23,0,23
219000679,90,5,85
219000684,106,0,106
219000685,0,99,-99
219000686,2,4,-2
219000688,0,96,-96
219000689,34,279,-245
219000690,160,28,132
219000691,60,202,-142
219000692,160,22,138
219000693,0,16,-16
219000694,7,0,7
219000695,14,5,9
219000698,73,2,71
219000699,0,21,-21
219000727,0,176,-176
219000728,129,6,123
219000770,54,0,54
219000771,2,28,-26
219000788,492,351,141
219001150,8,15,-7
219001151,0,4,-4
219001166,74,21,53
219001167,0,95,-95
219001178,39,0,39
220000001,294,67,227
220000002,40,153,-113
220000003,649,267,382
220000004,1026,493,533
220000005,1625,1545,80
220000006,296,991,-695
220000007,364,771,-407
220000008,411,1139,-728
220000009,251,490,-239
220000010,202,170,32
220000011,935,4614,-3679
220000012,104,538,-434
220000014,214,52,162
220000015,152,227,-75
220000017,46,351,-305
220000018,5527,1742,3785
220000019,72,306,-234
220000020,467,266,201
220000021,550,202,348
220000022,512,581,-69
220000023,266,194,72
220000024,1526,442,1084
220000025,845,842,3
220000026,264,169,95
220000027,117,113,4
220000028,82,62,20
220000029,177,190,-13
220000030,181,90,91
220000031,339,413,-74
220000064,24,681,-657
221000046,12,0,12
221000047,0,3,-3
221000048,0,1,-1
221000049,0,7,-7
221000050,14,0,14
221000055,67,50,17
221000068,264,84,180
221000069,246,59,187
221000070,183,12,171
221000071,64,9,55
221000072,196,15,181
221000073,162,58,104
221000074,2,24,-22
221000075,20,26,-6
221000076,12,42,-30
221000077,28,65,-37
221000081,61,26,35
221000082,47,13,34
221000083,32,11,21
221000084,6,2,4
221000085,8,54,-46
221000086,21,132,-111
221000087,2,124,-122
221000088,5,201,-196
221000089,37,344,-307
221000090,145,572,-427
221000098,105,12,93
221000099,167,14,153
221000100,97,11,86
221000101,255,7,248
221000107,26,5,21
221000108,26,10,16
221000109,3,31,-28
221000110,1,52,-51
221000111,55,368,-313
221000112,9,160,-151
221000113,22,192,-170
221000114,6,179,-173
221000120,40,31,9
221000121,1,23,-22
221000122,93,13,80
221000123,11,31,-20
221000124,58,159,-101
221000155,80,8,72
221000156,101,39,62
221000175,21,19,2
221000176,1,1,0
221000182,23,6,17
221000241,621,192,429
221000242,181,483,-302
221000243,711,117,594
221000244,259,591,-332
221000245,158,144,14
221000246,46,330,-284
221000247,106,156,-50
221000248,102,232,-130
221000267,53,736,-683
221000325,103,39,64
221000331,54,95,-41
221000338,5,17,-12
221000378,322,58,264
221000381,82,99,-17
222000282,12,2,10
222000296,2,21,-19
222000568,224,16,208
222000569,194,31,163
222000570,83,4,79
222000571,266,7,259
222000577,10,204,-194
222000578,24,255,-231
222000579,30,177,-147
222000580,105,1019,-914
222000599,0,153,-153
222000600,0,277,-277
222000601,12,888,-876
222000603,27,24,3
222000604,12,40,-28
222000605,11,27,-16
222000606,2,9,-7
222000607,12,3,9
222000608,65,10,55
222000609,55,331,-276
222000616,165,46,119
222000617,23,16,7
222000618,2,4,-2
222000620,52,13,39
222000621,70,11,59
222000623,491,8,483
222000624,219,2,217
222000625,444,75,369
222000636,60,2,58
222000686,20,22,-2
222000687,53,15,38
222001066,192,3,189
222001067,8,4,4
222001068,16,38,-22
222001069,33,38,-5
222001082,11,43,-32
222001083,5,52,-47
222001084,0,44,-44
222001085,1,85,-84
222001111,19,182,-163
222001112,110,33,77
222001313,95,5,90
222001314,9,87,-78
222001464,156,43,113
222001465,41,191,-150
222001484,96,55,41
222001485,16,45,-29
222001494,249,164,85
222001495,96,365,-269
222001496,340,139,201
222001497,157,473,-316
222001502,25,117,-92
222001503,72,54,18
222001504,20,251,-231
222001505,203,20,183
222001506,25,224,-199
222001507,178,37,141
222001510,247,38,209
222001511,34,404,-370
222001514,382,112,270
222001515,217,579,-362
222001518,226,63,163
222001519,33,244,-211
222001527,194,47,147
222001528,32,177,-145
222001529,169,27,142
222001530,56,212,-156
222001533,104,280,-176
222001534,177,55,122
222001535,231,185,46
222001536,129,365,-236
222001537,183,26,157
222001538,44,439,-395
222001563,357,78,279
222001564,40,764,-724
222001568,464,101,363
222001576,1,2,-1
222001579,2,3,-1
222001583,15,179,-164
222001584,38,27,11
222001596,794,1334,-540
222001597,1683,267,1416
222001626,0,162,-162
222001650,91,77,14
222001651,75,122,-47
222001914,154,32,122
222001915,30,204,-174
222001968,444,274,170
222001969,439,913,-474
222001970,154,260,-106
222001971,16,19,-3
222001972,1,13,-12
225000001,372,222,150
225000002,593,147,446
225000003,500,100,400
225000004,268,258,10
225000005,34,71,-37
225000006,0,179,-179
225000007,2747,1805,942
225000010,283,4,279
225000011,529,1352,-823
225000012,179,635,-456
225000013,277,194,83
225000014,1677,104,1573
225000015,115,236,-121
225000021,676,242,434
225000027,293,617,-324
225000032,603,159,444
225000042,113,788,-675
225000049,43,60,-17
225000050,83,23,60
225000053,12,262,-250
225000058,1061,153,908
225000067,215,224,-9
225000068,172,377,-205
225000069,150,476,-326
225000070,89,435,-346
225000071,33,237,-204
225000075,36,1419,-1383
225000076,85,148,-63
225000078,83,60,23
225000085,46,139,-93
225000086,246,57,189
225000087,227,22,205
225000088,11,199,-188
225000089,498,1099,-601
225000090,47,539,-492
225000091,173,257,-84
225000092,45,85,-40
225000093,192,337,-145
225000094,15,318,-303
225000095,338,491,-153
225000096,452,586,-134
225000098,528,320,208
225000099,252,216,36
225000100,255,211,44
225000104,120,604,-484
225000110,17,514,-497
225000111,318,1251,-933
225000112,591,1326,-735
225000113,276,694,-418
225000114,57,335,-278
225000115,2716,775,1941
225000116,1153,252,901
225000117,975,303,672
225000118,989,294,695
225000119,195,118,77
225000120,664,82,582
225000121,330,32,298
225000123,1332,33,1299
225000125,417,326,91
225000126,1332,252,1080
225000127,1012,914,98
225000128,599,759,-160
225000132,245,37,208
225000133,216,38,178
225000134,468,151,317
225000135,41,17,24
225000136,166,24,142
225000137,178,73,105
225000138,384,64,320
225000143,117,271,-154
225000144,10,489,-479
225000145,49,56,-7
225000146,91,174,-83
225000147,33,424,-391
225000148,4,257,-253
225000149,64,506,-442
225000151,36,312,-276
225000155,531,668,-137
225000156,375,1043,-668
225000157,476,477,-1
225000158,83,379,-296
225000171,9,153,-144
225000180,29,5,24
225000181,1,53,-52
225000182,94,24,70
225000185,12,505,-493
225000187,60,389,-329
225000191,118,4,114
225000194,0,10,-10
225000208,3,56,-53
225000209,116,19,97
225000210,10,319,-309
225000217,0,20,-20
225000218,26,2,24
225000223,0,52,-52
225000224,552,2,550
225000225,4,126,-122
225000226,108,6,102
225000227,60,182,-122
225000228,8,32,-24
225000229,1,97,-96
225000230,57,2,55
225000231,0,106,-106
225000232,130,1,129
225000241,179,2,177
225000242,0,69,-69
225000249,35,41,-6
225000250,53,1091,-1038
225000251,336,29,307
226000042,658,574,84
226000043,153,331,-178
226000044,341,840,-499
226000045,158,495,-337
226000046,522,75,447
226000047,481,106,375
226000048,455,146,309
226000049,276,227,49
226000070,1,37,-36
226000071,0,63,-63
226000072,0,12,-12
226000073,0,14,-14
226000074,1,13,-12
226000084,11,101,-90
226000085,4,22,-18
226000086,5,14,-9
226000087,13,18,-5
226000088,27,18,9
226000090,250,119,131
226000091,4,36,-32
226000092,9,3,6
226000093,50,2,48
226000094,37,10,27
226000095,287,10,277
226000105,4,1,3
226000106,16,0,16
226000107,9,0,9
226000108,75,0,75
226000109,86,0,86
226000124,113,85,28
226000134,406,541,-135
226000135,896,689,207
226000136,296,383,-87
226000137,12,634,-622
226000138,6,407,-401
226000139,3,24,-21
226000156,204,7,197
226000157,289,15,274
226000163,140,231,-91
226000202,14,532,-518
226000231,332,22,310
226000232,74,6,68
227000033,13,6,7
227000037,133,34,99
227000038,276,104,172
227000049,0,63,-63
227000050,5,110,-105
227000055,250,1,249
227000056,154,1,153
227000084,0,45,-45
227000085,0,39,-39
227000088,123,10,113
227000089,148,4,144
227000090,88,3,85
227000091,48,3,45
227000093,260,0,260
227000094,21,1,20
227000130,67,71,-4
227000131,19,214,-195
227000132,49,257,-208
227000133,15,257,-242
227000134,18,393,-375
227000152,0,2,-2
227000153,0,54,-54
227000155,1,20,-19
227000156,4,24,-20
227000165,2,23,-21
227000196,33,375,-342
227000199,180,40,140
227000230,23,380,-357
227000232,196,22,174
227000241,210,33,177
227000242,62,448,-386
227000243,318,113,205
227000244,222,82,140
227000245,19,396,-377
227000246,84,529,-445
227000247,204,103,101
227000248,525,39,486
227000249,49,250,-201
227000250,68,26,42
227000251,309,304,5
227000252,19,369,-350
227000253,62,33,29
227000262,206,68,138
227000266,557,28,529
227000267,64,1214,-1150
227000486,541,166,375
227000655,197,7,190
227000661,85,16,69
227000680,451,37,414
229000265,40,55,-15
229000296,5,9,-4
229000297,7,49,-42
229000298,23,154,-131
229000320,10,7,3
229000321,30,8,22
229000412,76,67,9
229000414,10,64,-54
229000415,32,5,27
229000416,1,8,-7
229000417,1,15,-14
229000419,153,249,-96
229000440,308,73,235
229000442,12,1,11
229000443,8,8,0
229000444,1,23,-22
229000445,37,4,33
229000446,72,23,49
229000847,24,0,24
229000848,24,0,24
229000849,79,0,79
229000851,15,0,15
229000854,0,36,-36
229000856,1,84,-83
229000857,0,26,-26
229000858,1,65,-64
229000919,6,118,-112
229000930,1,232,-231
229000937,68,17,51
229000966,33,23,10
229000981,14,67,-53
229000985,3,28,-25
229000986,1,7,-6
229000987,1,1,0
229000988,8,2,6
229000989,18,8,10
229000990,0,2,-2
229000991,0,0,0
229000992,11,20,-9
229000993,153,24,129
229000998,10,61,-51
229000999,73,21,52
229001034,0,19,-19
229001035,9,0,9
229001037,50,14,36
229001042,8,40,-32
229001047,6,51,-45
229001050,44,76,-32
229001200,9,1,8
229001338,4,45,-41
229001394,173,28,145
229001422,117,36,81
229001423,26,142,-116
229001431,50,54,-4
229001432,54,75,-21
229001444,93,57,36
229001445,30,172,-142
229001503,167,88,79
229001504,119,199,-80
229001505,82,43,39
229001506,85,188,-103
229001509,75,45,30
229001545,81,2,79
229001546,10,88,-78
229001553,69,12,57
229001554,23,126,-103
229001559,3,6,-3
229001560,3,15,-12
229001630,49,12,37
229001631,12,52,-40
229001635,0,8,-8
229001636,2,2,0
229001658,1,136,-135
229001659,68,2,66
229001660,7,4,3
229001661,23,34,-11
229001662,84,0,84
229001663,0,6,-6
229002584,189,120,69
229002831,259,157,102
229002841,4,8,-4
229002842,29,22,7
229002843,97,22,75
229002844,92,32,60
229002845,36,30,6
229002846,97,7,90
229002847,22,5,17
229002848,8,25,-17
229002849,4,40,-36
229002850,12,0,12
229002851,144,50,94
229002852,135,23,112
229002853,138,9,129
229002854,83,23,60
229002855,18,10,8
229002856,163,7,156
229002857,18,32,-14
229002858,48,5,43
229002859,26,8,18
229002860,98,11,87
229002861,72,26,46
229002862,32,17,15
229002863,44,7,37
229002864,15,21,-6
229002865,5,7,-2
229002866,6,7,-1
229002867,10,24,-14
229002868,26,7,19
229002869,38,104,-66
229002870,30,5,25
235000066,411,78,333
235000067,122,134,-12
235000072,47,49,-2
235000073,45,413,-368
235000074,48,70,-22
235000080,57,98,-41
235000081,126,118,8
235000082,150,48,102
235000083,134,141,-7
235000084,102,71,31
235000085,40,76,-36
235000089,32,49,-17
235000092,42,140,-98
235000093,10,5,5
235000097,6,6,0
235000098,66,24,42
235000099,28,23,5
235000116,61,30,31
235000117,850,16,834
235000133,14,341,-327
235000134,9,128,-119
235000206,9,0,9
235000207,1,4,-3
235000208,6,1,5
235000209,27,1,26
235000210,16,2,14
235000212,1,24,-23
235000213,2,8,-6
235000220,2,3,-1
235000221,92,9,83
235000238,23,82,-59
235000239,1,17,-16
235000242,371,415,-44
235000245,720,202,518
235000246,22,80,-58
235000284,3,126,-123
235000295,146,9,137
235000305,221,42,179
235000306,103,11,92
235000307,9,2,7
235000308,75,2,73
235000309,104,1,103
235000310,21,0,21
235000311,256,76,180
235000322,0,23,-23
235000323,0,58,-58
235000324,1,9,-8
235000325,0,7,-7
235000326,12,211,-199
235000351,4,108,-104
235000352,9,32,-23
235000353,1,21,-20
235000354,12,14,-2
235000355,15,27,-12
235000356,70,7,63
235000357,12,13,-1
235000358,99,10,89
235000359,13,7,6
235000360,36,7,29
235000361,47,2,45
235000381,92,237,-145
235000382,113,31,82
235000390,13,2,11
235000391,84,16,68
235000392,186,227,-41
235000393,104,144,-40
235000395,122,56,66
235000396,193,108,85
235000400,176,139,37
235000401,64,159,-95
235000405,81,249,-168
235000406,35,224,-189
235000407,79,90,-11
235000409,191,156,35
235000410,26,233,-207
235000411,0,101,-101
235000485,0,1,-1
235000486,8,0,8
235000549,66,97,-31
235000550,56,125,-69
235000599,47,58,-11
235000600,16,7,9
235000601,16,27,-11
235000602,42,71,-29
235000614,1,3,-2
235000648,1,23,-22
235000649,44,3,41
235000685,1,7,-6
235000815,17,21,-4
235000834,0,15,-15
235000855,46,37,9
235000862,47,169,-122
235000891,15,40,-25
235000892,32,6,26
235000901,51,65,-14
235000907,5,11,-6
235001010,38,62,-24
235001029,499,356,143
235001030,332,206,126
235001078,92,107,-15
235001079,94,107,-13
235001147,24,84,-60
235001166,33,68,-35
235001167,113,40,73
235001169,45,253,-208
235001188,2,11,-9
235001189,14,2,12
235001197,10,42,-32
235001200,40,24,16
235001207,285,54,231
235001210,118,262,-144
235001215,48,257,-209
235001239,1,48,-47
235001244,2,5,-3
235016267,0,107,-107
277102712,0,1,-1
277103813,0,0,0
277104249,0,1,-1
277104250,0,17,-17
277104251,0,6,-6
277104252,0,7,-7
990011530,1,258,-257
990014944,1,478,-477
990015176,117,41,76
990016032,0,357,-357
990032570,0,38,-38
990070001,108,1,107
990070103,0,0,0
990070601,0,32,-32
990070751,396,0,396
990070766,1,595,-594
990071180,548,316,232
990071343,62,2,60
990071387,6,10,-4
990071823,21,1,20
990072600,1,724,-723
990072964,1,398,-397
990073285,0,0,0
990074393,1,918,-917
990074870,870,1,869
990075106,733,9,724
990075746,482,7,475
990076437,729,13,716
990076458,1,818,-817
997000007,423,9,414
997000041,0,104,-104
997000058,19,0,19
997000062,149,2,147
997000069,0,3,-3
997000070,0,44,-44
997000100,7,0,7
997000141,0,619,-619
997000198,440,669,-229
998000475,0,32,-32
998000736,0,170,-170
998000965,0,28,-28
998001031,0,84,-84
998001700,0,15,-15
998001899,0,1,-1
998001900,3,1,2
998003073,629,4,625
998101900,0,0,0
998102850,1,54,-53
998501927,837,616,221
998501929,41,2,39
998501930,45,0,45
998501931,99,0,99
998501932,6,1,5
998501933,66,1,65
998501937,8,1,7
998501944,8,2,6
998501950,0,1,-1
998501970,26,4,22
998501971,0,66,-66
998501973,0,49,-49
998501974,0,256,-256
998501975,438,2,436
998501976,123,0,123
998501977,0,24,-24
998501978,41,0,41
998501979,0,7,-7
998501980,114,1,113
998501981,35,1,34
998501982,0,91,-91
998501983,0,0,0
998502006,0,0,0
998502024,0,23,-23
998502032,0,3,-3
998502062,26,3,23
998502063,0,0,0
998502173,70,0,70
998502269,0,2,-2
998502546,0,100,-100
998502578,2,1,1
998502599,72,385,-313
998502621,1,0,1
998601159,0,208,-208
998601292,0,13,-13
999033574,0,798,-798
999800001,25,1,24
999800002,1,3,-2
999800003,3,0,3
999800004,0,3,-3
999800005,0,5,-5
