dong,insum,outsum,diff
강남구 개포1동,946,914,32
강남구 개포2동,14669,12055,2614
강남구 개포4동,9421,6108,3313
강남구 논현1동,23122,21539,1583
강남구 논현2동,13093,15865,-2772
강남구 대치1동,14628,16540,-1912
강남구 대치2동,21038,22518,-1480
강남구 대치4동,20262,18795,1467
강남구 도곡1동,16369,15122,1247
강남구 도곡2동,5615,6148,-533
강남구 삼성1동,22801,22338,463
강남구 삼성2동,12803,11740,1063
강남구 세곡동,21894,15269,6625
강남구 수서동,15570,16886,-1316
강남구 신사동,15241,17534,-2293
강남구 압구정동,25611,27722,-2111
강남구 역삼1동,49476,43310,6166
강남구 역삼2동,18004,16414,1590
강남구 일원1동,6750,6113,637
강남구 일원2동,3013,2091,922
강남구 일원본동,9582,7302,2280
강남구 청담동,20869,21430,-561
강동구 강일동,11973,8551,3422
강동구 고덕제1동,5031,4797,234
강동구 고덕제2동,7496,8195,-699
강동구 길동,10659,6997,3662
강동구 둔촌제1동,163,252,-89
강동구 둔촌제2동,7208,7150,58
강동구 명일제1동,11495,10777,718
강동구 명일제2동,8107,6478,1629
강동구 상일동,10581,9813,768
강동구 성내제1동,6787,5099,1688
강동구 성내제2동,7814,8046,-232
강동구 성내제3동,8696,8905,-209
강동구 암사제1동,7803,5593,2210
강동구 암사제2동,2440,3891,-1451
강동구 암사제3동,1786,662,1124
강동구 천호제1동,4318,4304,14
강동구 천호제2동,14131,15946,-1815
강동구 천호제3동,6640,7515,-875
강북구 미아동,15583,14006,1577
강북구 번1동,25980,26768,-788
강북구 번2동,10337,8866,1471
강북구 번3동,16763,12495,4268
강북구 삼각산동,5516,4935,581
강북구 삼양동,14415,10857,3558
강북구 송중동,43848,46548,-2700
강북구 송천동,25092,25051,41
강북구 수유1동,18937,14018,4919
강북구 수유2동,11524,8547,2977
강북구 수유3동,26687,33397,-6710
강북구 우이동,15567,11758,3809
강북구 월곡제1동,1609,1911,-302
강북구 인수동,13877,11381,2496
강서구 가양제1동,11820,10197,1623
강서구 가양제2동,3093,2436,657
강서구 가양제3동,2688,2129,559
강서구 공항동,9564,9768,-204
강서구 등촌제1동,13243,14123,-880
강서구 등촌제2동,7454,5466,1988
강서구 등촌제3동,14926,17883,-2957
강서구 발산제1동,20715,19332,1383
강서구 방화제1동,9550,9609,-59
강서구 방화제2동,6765,7162,-397
강서구 방화제3동,1892,1405,487
강서구 염창동,7997,6227,1770
강서구 우장산동,13402,12103,1299
강서구 화곡본동,8498,6436,2062
강서구 화곡제1동,25171,25598,-427
강서구 화곡제2동,7162,5031,2131
강서구 화곡제3동,7349,7945,-596
강서구 화곡제4동,8017,5626,2391
강서구 화곡제6동,18719,12439,6280
강서구 화곡제8동,10408,10268,140
관악구 낙성대동,22699,33700,-11001
관악구 난곡동,15411,9107,6304
관악구 난향동,8879,5706,3173
관악구 남현동,9885,10336,-451
관악구 대학동,29153,25743,3410
관악구 미성동,19568,16157,3411
관악구 보라매동,13985,12832,1153
관악구 삼성동,17200,17631,-431
관악구 서림동,17870,8947,8923
관악구 서원동,27077,33836,-6759
관악구 성현동,14260,10447,3813
관악구 신림동,26860,32885,-6025
관악구 신사동,9408,7956,1452
관악구 신원동,4255,3524,731
관악구 은천동,16482,15777,705
관악구 인헌동,8006,6956,1050
관악구 조원동,17303,29243,-11940
관악구 중앙동,5343,3757,1586
관악구 청룡동,21197,15256,5941
관악구 청림동,4126,3510,616
관악구 행운동,27280,23432,3848
광진구 광장동,6046,5168,878
광진구 구의제1동,9490,8430,1060
광진구 구의제2동,10499,9963,536
광진구 구의제3동,8656,10301,-1645
광진구 군자동,11333,10367,966
광진구 능동,7700,8335,-635
광진구 자양제1동,3750,2713,1037
광진구 자양제2동,14314,11477,2837
광진구 자양제3동,4472,3729,743
광진구 자양제4동,12002,12706,-704
광진구 중곡제1동,5969,4240,1729
광진구 중곡제2동,8087,7503,584
광진구 중곡제3동,7707,4655,3052
광진구 중곡제4동,5543,4852,691
광진구 화양동,10105,12583,-2478
구로구 가리봉동,7978,9725,-1747
구로구 개봉제1동,24216,23726,490
구로구 개봉제2동,14692,14211,481
구로구 개봉제3동,6007,5043,964
구로구 고척제1동,17425,14371,3054
구로구 고척제2동,15856,11367,4489
구로구 구로제1동,8248,6843,1405
구로구 구로제2동,27077,26055,1022
구로구 구로제3동,23201,27345,-4144
구로구 구로제4동,17225,15174,2051
구로구 구로제5동,17575,20253,-2678
구로구 수궁동,17609,17261,348
구로구 신도림동,20271,24707,-4436
구로구 오류제1동,11759,9807,1952
구로구 오류제2동,9353,8536,817
구로구 항동,3534,2231,1303
금천구 가산동,28031,30944,-2913
금천구 독산제1동,27433,28304,-871
금천구 독산제2동,13806,10299,3507
금천구 독산제3동,17996,14044,3952
금천구 독산제4동,11057,6819,4238
금천구 미성동,112,165,-53
금천구 시흥제1동,24877,28077,-3200
금천구 시흥제2동,10075,9183,892
금천구 시흥제3동,7652,7135,517
금천구 시흥제4동,9133,4075,5058
금천구 시흥제5동,17550,10337,7213
노원구 공릉1동,13826,13483,343
노원구 공릉2동,16741,17142,-401
노원구 상계10동,6314,5246,1068
노원구 상계1동,11610,10428,1182
노원구 상계2동,10677,15439,-4762
노원구 상계3.4동,3234,3210,24
노원구 상계5동,9016,7899,1117
노원구 상계6.7동,17947,16736,1211
노원구 상계8동,5055,3432,1623
노원구 상계9동,5259,4670,589
노원구 월계1동,25541,24325,1216
노원구 월계2동,10246,8423,1823
노원구 월계3동,9861,9555,306
노원구 중계1동,8331,6448,1883
노원구 중계2.3동,11424,13209,-1785
노원구 중계4동,5747,8451,-2704
노원구 중계본동,10586,7586,3000
노원구 하계1동,15531,12194,3337
노원구 하계2동,9341,10309,-968
도봉구 도봉제1동,13127,9800,3327
도봉구 도봉제2동,9779,12149,-2370
도봉구 방학제1동,15860,13693,2167
도봉구 방학제2동,6578,5924,654
도봉구 방학제3동,12643,7376,5267
도봉구 쌍문제1동,11315,10145,1170
도봉구 쌍문제2동,13390,12030,1360
도봉구 쌍문제3동,7100,9960,-2860
도봉구 쌍문제4동,9022,5742,3280
도봉구 창제1동,16636,18182,-1546
도봉구 창제2동,8657,8059,598
도봉구 창제3동,9646,6888,2758
도봉구 창제4동,15903,15696,207
도봉구 창제5동,10684,10615,69
동대문구 답십리제1동,12805,12465,340
동대문구 답십리제2동,14666,10819,3847
동대문구 면목제5동,605,201,404
동대문구 용신동,47361,48194,-833
동대문구 이문제1동,9481,10051,-570
동대문구 이문제2동,4385,3984,401
동대문구 장안제1동,19801,19854,-53
동대문구 장안제2동,15575,13801,1774
동대문구 전농제1동,16707,19935,-3228
동대문구 전농제2동,13895,9476,4419
동대문구 제기동,37464,32631,4833
동대문구 청량리동,28762,32627,-3865
동대문구 회기동,10452,9667,785
동대문구 휘경제1동,20338,18343,1995
동대문구 휘경제2동,12857,10526,2331
동작구 노량진제1동,27792,35927,-8135
동작구 노량진제2동,18015,14230,3785
동작구 대방동,33257,28075,5182
동작구 사당제1동,8961,9501,-540
동작구 사당제2동,16218,13945,2273
동작구 사당제3동,7413,5554,1859
동작구 사당제4동,1628,1431,197
동작구 사당제5동,7511,5566,1945
동작구 상도제1동,36523,35208,1315
동작구 상도제2동,16106,15419,687
동작구 상도제3동,11327,8980,2347
동작구 상도제4동,11302,7440,3862
동작구 신대방제1동,6901,6016,885
동작구 신대방제2동,20743,16254,4489
동작구 흑석동,23751,19366,4385
마포구 공덕동,13327,11727,1600
마포구 대흥동,18098,16312,1786
마포구 도화동,5898,5745,153
마포구 망원제1동,8767,6434,2333
마포구 망원제2동,5438,4659,779
마포구 상암동,28153,30484,-2331
마포구 서강동,8069,7333,736
마포구 서교동,51821,68823,-17002
마포구 성산제1동,11078,8204,2874
마포구 성산제2동,18729,15432,3297
마포구 신수동,3852,3590,262
마포구 아현동,18504,14673,3831
마포구 연남동,8741,8355,386
마포구 염리동,3578,3431,147
마포구 용강동,11789,9551,2238
마포구 합정동,8812,14281,-5469
서대문구 남가좌제1동,11854,8550,3304
서대문구 남가좌제2동,17558,12712,4846
서대문구 북가좌제1동,4938,5777,-839
서대문구 북가좌제2동,15147,10695,4452
서대문구 북아현동,10848,11117,-269
서대문구 신촌동,50981,54760,-3779
서대문구 연희동,39311,38146,1165
서대문구 천연동,20362,17276,3086
서대문구 충현동,22932,24301,-1369
서대문구 홍은제1동,14794,12131,2663
서대문구 홍은제2동,26587,20609,5978
서대문구 홍제제1동,22758,22562,196
서대문구 홍제제2동,11700,9712,1988
서대문구 홍제제3동,13226,10792,2434
서초구 내곡동,9502,9942,-440
서초구 반포1동,17101,14065,3036
서초구 반포2동,5366,5310,56
서초구 반포3동,17542,17401,141
서초구 반포4동,20907,25699,-4792
서초구 반포본동,8525,8308,217
서초구 방배1동,12118,10544,1574
서초구 방배2동,11693,13164,-1471
서초구 방배3동,11463,9005,2458
서초구 방배4동,13462,12928,534
서초구 방배본동,10130,7938,2192
서초구 서초1동,11580,11307,273
서초구 서초2동,19930,23593,-3663
서초구 서초3동,22598,22678,-80
서초구 서초4동,19296,20030,-734
서초구 양재1동,42895,38214,4681
서초구 양재2동,20611,18032,2579
서초구 잠원동,13839,16760,-2921
성동구 금호1가동,6868,5966,902
성동구 금호2.3가동,10988,10361,627
성동구 금호4가동,6408,5256,1152
성동구 마장동,8215,8964,-749
성동구 사근동,5575,5243,332
성동구 성수1가제1동,5308,5397,-89
성동구 성수1가제2동,3115,4737,-1622
성동구 성수2가제1동,5088,3824,1264
성동구 성수2가제3동,4565,5229,-664
성동구 송정동,4312,2586,1726
성동구 옥수동,11412,11372,40
성동구 왕십리도선동,8655,7950,705
성동구 왕십리제2동,8214,9021,-807
성동구 용답동,7469,7048,421
성동구 응봉동,5959,4931,1028
성동구 행당제1동,11091,13512,-2421
성동구 행당제2동,9990,8181,1809
성북구 길음제1동,18290,18794,-504
성북구 길음제2동,11334,15653,-4319
성북구 돈암제1동,17109,13145,3964
성북구 돈암제2동,7063,4976,2087
성북구 동선동,20281,23811,-3530
성북구 보문동,8266,7207,1059
성북구 삼선동,30536,28236,2300
성북구 석관동,9809,9008,801
성북구 성북동,21799,21089,710
성북구 안암동,12099,11368,731
성북구 월곡제1동,15507,14210,1297
성북구 월곡제2동,8872,8125,747
성북구 장위제1동,11643,9772,1871
성북구 장위제2동,9579,8432,1147
성북구 장위제3동,6691,5058,1633
성북구 정릉제1동,12904,12131,773
성북구 정릉제2동,17650,13599,4051
성북구 정릉제3동,9478,9907,-429
성북구 정릉제4동,18191,15370,2821
성북구 종암동,26687,21803,4884
송파구 가락1동,3504,3095,409
송파구 가락2동,13212,10224,2988
송파구 가락본동,13309,12387,922
송파구 거여1동,3573,2698,875
송파구 거여2동,1032,592,440
송파구 마천1동,5440,3791,1649
송파구 마천2동,9758,7606,2152
송파구 문정1동,3987,3999,-12
송파구 문정2동,13480,19635,-6155
송파구 방이1동,5476,4202,1274
송파구 방이2동,10302,11746,-1444
송파구 삼전동,11296,8025,3271
송파구 석촌동,15239,15420,-181
송파구 송파1동,10221,11362,-1141
송파구 송파2동,5436,3724,1712
송파구 오금동,13023,10858,2165
송파구 오륜동,4997,5767,-770
송파구 위례동,9736,7925,1811
송파구 잠실2동,3280,5850,-2570
송파구 잠실3동,22105,28995,-6890
송파구 잠실4동,670,735,-65
송파구 잠실6동,9313,15893,-6580
송파구 잠실7동,4149,3925,224
송파구 잠실본동,16871,13346,3525
송파구 장지동,9530,6101,3429
송파구 풍납1동,4551,2970,1581
송파구 풍납2동,8316,7728,588
양천구 목1동,23501,26755,-3254
양천구 목2동,17276,15213,2063
양천구 목3동,16958,14974,1984
양천구 목4동,13390,9525,3865
양천구 목5동,16747,16925,-178
양천구 신월1동,5921,2994,2927
양천구 신월2동,6905,6826,79
양천구 신월3동,6194,4183,2011
양천구 신월4동,6964,6128,836
양천구 신월5동,6265,5510,755
양천구 신월6동,6483,3433,3050
양천구 신월7동,11340,8721,2619
양천구 신정1동,8216,9718,-1502
양천구 신정2동,5089,3349,1740
양천구 신정3동,23336,17519,5817
양천구 신정4동,17764,20732,-2968
양천구 신정6동,4776,3970,806
양천구 신정7동,7061,6370,691
영등포구 당산제1동,9104,9241,-137
영등포구 당산제2동,18340,19984,-1644
영등포구 대림제1동,9391,6930,2461
영등포구 대림제2동,5032,4979,53
영등포구 대림제3동,10975,9368,1607
영등포구 도림동,7964,6239,1725
영등포구 문래동,11613,14316,-2703
영등포구 신길제1동,8090,5893,2197
영등포구 신길제3동,11796,8463,3333
영등포구 신길제4동,3709,2902,807
영등포구 신길제5동,6414,7287,-873
영등포구 신길제6동,8802,7643,1159
영등포구 신길제7동,8117,7737,380
영등포구 양평제1동,7056,5769,1287
영등포구 양평제2동,12389,9944,2445
영등포구 여의동,42631,44997,-2366
영등포구 영등포동,37605,48219,-10614
영등포구 영등포본동,12945,14187,-1242
용산구 남영동,28819,26841,1978
용산구 보광동,7216,4236,2980
용산구 서빙고동,9575,7705,1870
용산구 용문동,3638,3069,569
용산구 용산2가동,9386,9394,-8
용산구 원효로제1동,10270,9041,1229
용산구 원효로제2동,6712,4880,1832
용산구 이촌제1동,10850,9422,1428
용산구 이촌제2동,3506,2174,1332
용산구 이태원제1동,9961,10878,-917
용산구 이태원제2동,7048,5838,1210
용산구 청파동,11628,11247,381
용산구 필동,1776,1031,745
용산구 한강로동,23551,29602,-6051
용산구 한남동,31178,30456,722
용산구 효창동,6105,4821,1284
용산구 후암동,9526,7121,2405
은평구 갈현제1동,9532,6944,2588
은평구 갈현제2동,12080,9147,2933
은평구 구산동,14634,7445,7189
은평구 녹번동,18255,15879,2376
은평구 대조동,22826,31169,-8343
은평구 불광제1동,19419,16751,2668
은평구 불광제2동,16816,16216,600
은평구 수색동,8710,8090,620
은평구 신사제1동,13415,13994,-579
은평구 신사제2동,12222,11303,919
은평구 역촌동,18269,12944,5325
은평구 응암제1동,19055,22362,-3307
은평구 응암제2동,8155,5650,2505
은평구 응암제3동,13860,12113,1747
은평구 증산동,12681,11926,755
은평구 진관동,29074,27594,1480
종로구 가회동,2993,2974,19
종로구 교남동,5273,3825,1448
종로구 무악동,3925,2909,1016
종로구 부암동,13733,15447,-1714
종로구 사직동,30537,37637,-7100
종로구 삼청동,3780,5808,-2028
종로구 숭인제1동,972,1348,-376
종로구 숭인제2동,11400,13268,-1868
종로구 이화동,12840,13792,-952
종로구 종로1.2.3.4가동,76972,94654,-17682
종로구 종로5.6가동,16681,17287,-606
종로구 창신제1동,15280,9809,5471
종로구 창신제2동,5401,7768,-2367
종로구 창신제3동,3434,3256,178
종로구 청운효자동,10080,11394,-1314
종로구 충현동,2587,1082,1505
종로구 평창동,13666,9767,3899
종로구 혜화동,19599,22982,-3383
중구 광희동,16045,18659,-2614
중구 다산동,5941,5206,735
중구 동화동,1316,1355,-39
중구 명동,24070,30774,-6704
중구 소공동,36236,41401,-5165
중구 신당동,7475,4262,3213
중구 신당제5동,8204,7810,394
중구 약수동,4680,3585,1095
중구 을지로동,5283,6854,-1571
중구 장충동,4875,5073,-198
중구 중림동,6568,5283,1285
중구 청구동,3604,2842,762
중구 필동,4485,4321,164
중구 황학동,5943,5570,373
중구 회현동,28449,36610,-8161
중랑구 망우본동,21088,16343,4745
중랑구 망우제3동,5454,4310,1144
중랑구 면목본동,17826,18977,-1151
중랑구 면목제2동,6583,5130,1453
중랑구 면목제3.8동,16254,14790,1464
중랑구 면목제4동,6932,5659,1273
중랑구 면목제5동,6801,4476,2325
중랑구 면목제7동,4757,5297,-540
중랑구 묵제1동,9845,9826,19
중랑구 묵제2동,4394,2701,1693
중랑구 상봉제1동,9405,8460,945
중랑구 상봉제2동,15103,17910,-2807
중랑구 신내1동,16700,13520,3180
중랑구 신내2동,13494,10984,2510
중랑구 중화제1동,5734,7159,-1425
중랑구 중화제2동,13047,11789,1258
NA,343973,302251,41722
