ID,insum,outsum,diff
100000001,426,185,241
100000002,1266,2556,-1290
100000003,1853,2440,-587
100000004,128,771,-643
100000005,1546,1697,-151
100000006,210,193,17
100000007,682,1030,-348
100000008,37,150,-113
100000009,85,552,-467
100000010,20,115,-95
100000011,134,45,89
100000012,33,46,-13
100000013,2,29,-27
100000014,23,161,-138
100000015,558,798,-240
100000016,57,820,-763
100000017,102,921,-819
100000018,189,202,-13
100000019,907,1162,-255
100000020,550,2112,-1562
100000021,1519,509,1010
100000022,198,1337,-1139
100000023,1213,667,546
100000025,140,740,-600
100000028,267,798,-531
100000029,4,377,-373
100000030,66,8,58
100000031,878,3278,-2400
100000032,751,2079,-1328
100000033,409,1420,-1011
100000034,18,548,-530
100000035,166,442,-276
100000036,136,686,-550
100000037,371,234,137
100000038,1403,529,874
100000039,115,118,-3
100000040,162,108,54
100000041,686,250,436
100000042,527,173,354
100000043,250,86,164
100000044,24,32,-8
100000045,50,186,-136
100000046,87,187,-100
100000047,27,134,-107
100000048,62,180,-118
100000049,469,391,78
100000051,236,165,71
100000053,35,0,35
100000054,92,7,85
100000055,201,161,40
100000056,157,212,-55
100000057,1111,163,948
100000058,355,238,117
100000059,15,78,-63
100000060,318,183,135
100000061,1380,384,996
100000062,602,420,182
100000063,426,213,213
100000064,722,232,490
100000065,186,264,-78
100000066,64,165,-101
100000067,105,220,-115
100000068,154,467,-313
100000069,98,451,-353
100000072,87,171,-84
100000073,402,516,-114
100000075,386,78,308
100000076,546,2866,-2320
100000077,31,332,-301
100000078,7,29,-22
100000079,3,51,-48
100000080,1,50,-49
100000081,5,31,-26
100000102,938,2218,-1280
100000103,626,1594,-968
100000104,1201,1055,146
100000105,497,445,52
100000106,315,1321,-1006
100000107,55,506,-451
100000108,154,247,-93
100000109,228,589,-361
100000116,151,190,-39
100000117,3,78,-75
100000118,296,455,-159
100000119,382,517,-135
100000121,51,260,-209
100000122,211,832,-621
100000123,471,1002,-531
100000124,712,1218,-506
100000125,2987,1987,1000
100000126,219,251,-32
100000127,439,411,28
100000128,89,1298,-1209
100000129,66,297,-231
100000130,398,107,291
100000131,308,509,-201
100000132,257,861,-604
100000133,550,275,275
100000135,339,629,-290
100000139,89,367,-278
100000140,81,65,16
100000142,343,154,189
100000143,249,101,148
100000144,612,189,423
100000147,762,2703,-1941
100000150,39,281,-242
100000151,50,701,-651
100000153,18,228,-210
100000154,3,372,-369
100000155,0,32,-32
100000156,21,144,-123
100000157,109,178,-69
100000158,67,105,-38
100000159,51,696,-645
100000165,469,167,302
100000169,29,698,-669
100000174,181,460,-279
100000179,11,300,-289
100000180,227,434,-207
100000181,100,104,-4
100000188,35,48,-13
100000189,367,148,219
100000190,165,448,-283
100000191,268,250,18
100000192,2,68,-66
100000193,121,77,44
100000330,142,448,-306
100000355,78,208,-130
100000362,974,409,565
100000363,3619,3728,-109
100000364,70,160,-90
100000365,3267,4315,-1048
100000366,814,372,442
100000367,3034,3325,-291
100000368,586,568,18
100000369,107,1085,-978
100000370,38,589,-551
100000376,11,307,-296
100000379,199,1809,-1610
100000380,1197,3799,-2602
100000384,2255,2904,-649
100000385,457,2247,-1790
100000386,696,2698,-2002
100000387,1359,3062,-1703
100000388,974,1878,-904
100000389,1877,2830,-953
100000390,1121,1126,-5
100000391,1459,3653,-2194
100000392,281,754,-473
100000393,226,1778,-1552
100000394,694,2113,-1419
100000395,421,1891,-1470
100000396,492,870,-378
100000397,560,2695,-2135
100000398,3921,1850,2071
100000413,0,0,0
100900002,13,1,12
100900003,334,203,131
100900004,1,98,-97
100900005,88,3,85
100900006,20,7,13
100900007,33,0,33
100900008,0,33,-33
100900009,4,10,-6
100900010,31,5,26
100900011,132,80,52
100900012,0,14,-14
100900013,500,14,486
100900014,3,0,3
100900015,14,7,7
100900016,0,17,-17
100900017,485,15,470
100900018,0,4,-4
100900019,0,20,-20
100900020,195,1,194
100900021,172,2,170
100900022,0,12,-12
100900023,0,4,-4
100900024,140,0,140
100900025,0,0,0
100900026,95,14,81
100900027,121,1019,-898
100900028,25,99,-74
100900029,79,0,79
100900030,0,34,-34
100900031,578,5,573
100900032,186,0,186
100900033,36,142,-106
100900034,548,0,548
100900035,98,0,98
100900036,0,0,0
100900037,95,22,73
100900038,4,3,1
100900039,137,61,76
100900040,545,220,325
100900041,917,29,888
100900042,100,1963,-1863
100900043,0,14,-14
100900044,433,235,198
100900045,0,0,0
100900046,525,1,524
100900047,330,50,280
100900048,76,0,76
100900049,1,23,-22
100900050,0,1,-1
100900051,22,26,-4
100900052,42,1,41
100900053,403,4,399
100900054,0,1,-1
100900055,42,620,-578
100900056,0,33,-33
100900057,636,41,595
100900058,130,33,97
100900059,84,0,84
100900060,164,4,160
100900061,17,113,-96
100900062,2,2,0
100900063,139,445,-306
100900064,268,5,263
100900065,23,130,-107
100900066,47,8,39
100900067,1,1,0
100900068,70,25,45
100900069,38,0,38
100900070,360,3,357
100900071,78,47,31
100900072,2,23,-21
100900073,62,128,-66
100900074,0,17,-17
100900075,361,35,326
100900076,4,1,3
100900077,22,0,22
100900078,26,89,-63
100900079,0,0,0
100900080,35,42,-7
100900081,11,51,-40
100900082,92,70,22
100900083,3,2,1
100900085,9,170,-161
100900086,16,176,-160
100900088,85,84,1
100900089,1,41,-40
100900090,14,232,-218
100900091,2,2,0
100900092,37,118,-81
100900093,126,125,1
100900094,73,33,40
100900095,0,9,-9
100900096,16,30,-14
100900097,3,0,3
100900098,4,2,2
100900099,0,54,-54
100900100,0,30,-30
100900101,77,4,73
100900102,0,23,-23
100900103,0,1,-1
100900104,0,35,-35
100900105,1,22,-21
100900106,1,0,1
100900107,452,235,217
100900108,2,17,-15
100900109,14,1,13
100900110,5,10,-5
100900111,3,41,-38
100900112,1,3,-2
100900113,2,36,-34
100900114,2,13,-11
100900115,2,0,2
100900116,230,125,105
100900117,67,765,-698
100900118,1,21,-20
100900119,6,0,6
100900120,0,1,-1
100900121,236,187,49
100900122,4,32,-28
100900123,107,3,104
100900124,0,4,-4
100900125,1,10,-9
100900126,191,4,187
100900127,1,0,1
100900128,17,60,-43
100900129,0,70,-70
100900131,0,13,-13
100900133,37,2,35
100900134,0,0,0
100900135,0,105,-105
100900137,37,12,25
100900138,39,57,-18
100900139,0,0,0
100900140,0,40,-40
100900141,1,126,-125
100900142,0,2,-2
100900143,128,75,53
100900144,0,5,-5
100900145,1,65,-64
100900146,1,35,-34
100900147,2,391,-389
100900148,1,76,-75
100900149,1,217,-216
100900150,0,15,-15
100900151,3,72,-69
100900152,15,1,14
100900153,0,187,-187
100900154,16,38,-22
100900155,11,5,6
100900156,0,0,0
100900157,8,123,-115
100900159,0,0,0
100900160,8,1,7
100900161,6,0,6
100900162,2,70,-68
100900163,6,10,-4
100900164,62,0,62
100900165,82,38,44
100900166,1,0,1
100900167,1,10,-9
100900168,4,8,-4
100900169,17,203,-186
100900170,4,2,2
100900171,0,141,-141
100900172,1,119,-118
100900173,0,15,-15
100900174,2,6,-4
100900176,258,19,239
100900177,68,15,53
100900178,140,176,-36
100900179,31,35,-4
100900180,0,0,0
100900181,2,1,1
100900182,1,4,-3
100900184,4,21,-17
100900186,234,108,126
100900187,22,53,-31
100900188,48,8,40
100900189,630,179,451
100900191,58,501,-443
100900192,11,129,-118
100900195,47,52,-5
100900197,11,26,-15
100900198,34,7,27
100900199,10,1,9
100900200,288,45,243
100900201,1,146,-145
100900202,13,0,13
100900203,0,7,-7
100900204,25,26,-1
100900205,21,353,-332
100900206,49,77,-28
100900207,131,65,66
100900210,3,33,-30
100900211,29,42,-13
100900213,24,8,16
100900214,40,31,9
100900215,12,0,12
100900217,24,15,9
101000001,660,1274,-614
101000002,2117,2635,-518
101000003,63,504,-441
101000004,2233,3954,-1721
101000005,2129,3511,-1382
101000006,2170,5570,-3400
101000007,712,2467,-1755
101000008,939,1530,-591
101000009,1060,239,821
101000010,346,299,47
101000011,203,73,130
101000012,84,216,-132
101000013,226,683,-457
101000014,187,281,-94
101000015,1823,557,1266
101000016,64,342,-278
101000017,118,169,-51
101000018,619,1741,-1122
101000020,563,406,157
101000021,168,233,-65
101000022,40,227,-187
101000023,343,472,-129
101000025,173,348,-175
101000026,171,18,153
101000027,771,1968,-1197
101000028,430,259,171
101000029,4,501,-497
101000030,289,142,147
101000031,20,433,-413
101000032,916,2304,-1388
101000033,324,1702,-1378
101000034,210,1127,-917
101000035,134,138,-4
101000036,81,781,-700
101000037,259,1295,-1036
101000039,484,1169,-685
101000040,897,2123,-1226
101000041,911,3025,-2114
101000042,16,392,-376
101000043,1412,2657,-1245
101000045,70,356,-286
101000046,397,1191,-794
101000047,501,2485,-1984
101000048,146,257,-111
101000049,167,505,-338
101000050,198,677,-479
101000051,312,1194,-882
101000052,464,789,-325
101000053,124,369,-245
101000054,279,167,112
101000055,441,686,-245
101000056,13,104,-91
101000057,278,1046,-768
101000058,206,815,-609
101000059,556,1709,-1153
101000060,544,392,152
101000061,87,1301,-1214
101000062,84,293,-209
101000063,55,760,-705
101000064,102,516,-414
101000065,41,358,-317
101000066,136,710,-574
101000067,128,324,-196
101000068,66,192,-126
101000069,141,15,126
101000070,268,259,9
101000071,1438,718,720
101000072,181,854,-673
101000073,194,967,-773
101000074,914,1590,-676
101000075,1124,876,248
101000077,1033,1035,-2
101000078,465,479,-14
101000079,588,634,-46
101000080,678,319,359
101000081,737,793,-56
101000082,947,710,237
101000083,1564,936,628
101000084,371,235,136
101000085,801,633,168
101000086,445,338,107
101000087,291,410,-119
101000088,827,567,260
101000089,317,603,-286
101000090,566,322,244
101000091,199,194,5
101000092,1098,373,725
101000093,540,216,324
101000094,254,200,54
101000095,289,264,25
101000096,347,178,169
101000097,114,154,-40
101000098,218,274,-56
101000099,198,350,-152
101000100,725,867,-142
101000101,41,288,-247
101000102,283,528,-245
101000103,175,231,-56
101000104,82,472,-390
101000105,209,411,-202
101000106,69,1332,-1263
101000107,108,166,-58
101000108,166,48,118
101000109,297,40,257
101000110,3,80,-77
101000111,9,53,-44
101000113,58,477,-419
101000114,678,2362,-1684
101000115,0,0,0
101000116,0,0,0
101000117,28,2,26
101000119,2,51,-49
101000120,5,25,-20
101000121,2,31,-29
101000122,24,57,-33
101000123,20,31,-11
101000124,629,334,295
101000125,28,126,-98
101000128,51,589,-538
101000130,73,98,-25
101000131,746,176,570
101000132,277,232,45
101000135,1,14,-13
101000136,15,80,-65
101000137,4,226,-222
101000141,272,2271,-1999
101000147,540,151,389
101000148,353,6,347
101000149,1,2,-1
101000150,59,68,-9
101000151,269,12,257
101000152,126,92,34
101000153,129,68,61
101000154,403,212,191
101000155,422,77,345
101000156,15,122,-107
101000157,3,32,-29
101000160,0,0,0
101000163,17,442,-425
101000164,161,73,88
101000165,147,166,-19
101000166,32,163,-131
101000168,508,178,330
101000252,1386,424,962
101000254,5,18,-13
101000258,42,0,42
101000261,140,31,109
101000262,607,2618,-2011
101000263,104,706,-602
101000265,4,364,-360
101000266,105,130,-25
101000269,8,5,3
101000290,95,1546,-1451
101000293,0,0,0
101000294,87,116,-29
101000295,104,88,16
101000301,178,511,-333
101000304,911,1718,-807
101000305,1024,670,354
101000328,21,533,-512
101900001,6,9,-3
101900002,0,1,-1
101900003,20,33,-13
101900004,1,21,-20
101900005,593,1623,-1030
101900006,379,32,347
101900007,58,71,-13
101900008,13,71,-58
101900009,21,174,-153
101900010,160,320,-160
101900011,55,399,-344
101900012,64,24,40
101900013,121,26,95
101900017,4,46,-42
101900018,187,66,121
101900019,18,13,5
101900020,22,5,17
101900021,0,5,-5
101900022,43,113,-70
101900023,38,21,17
101900026,37,18,19
101900027,12,69,-57
102000001,1364,3117,-1753
102000002,1168,547,621
102000003,1063,3627,-2564
102000004,1090,1634,-544
102000005,396,1954,-1558
102000006,200,810,-610
102000007,523,2664,-2141
102000008,1927,831,1096
102000009,3455,3756,-301
102000010,1541,1112,429
102000011,2172,2249,-77
102000012,1790,1255,535
102000018,901,1494,-593
102000019,736,607,129
102000026,161,199,-38
102000029,125,93,32
102000030,83,226,-143
102000031,63,76,-13
102000032,379,164,215
102000033,150,129,21
102000034,142,148,-6
102000035,230,162,68
102000036,10,143,-133
102000037,105,24,81
102000038,62,59,3
102000039,42,38,4
102000040,72,98,-26
102000041,27,243,-216
102000042,13,160,-147
102000043,10,153,-143
102000044,141,461,-320
102000045,144,318,-174
102000046,747,192,555
102000047,279,181,98
102000048,207,204,3
102000049,499,275,224
102000050,372,446,-74
102000051,108,152,-44
102000052,437,294,143
102000053,338,602,-264
102000054,533,265,268
102000055,481,109,372
102000056,617,116,501
102000057,704,233,471
102000058,328,236,92
102000059,318,1054,-736
102000060,428,980,-552
102000061,736,713,23
102000062,1039,428,611
102000063,480,592,-112
102000064,285,367,-82
102000065,5,116,-111
102000066,315,245,70
102000067,1173,1946,-773
102000068,2923,1144,1779
102000069,27,933,-906
102000070,815,15,800
102000071,2769,5383,-2614
102000072,974,1316,-342
102000073,167,103,64
102000074,297,181,116
102000075,56,37,19
102000076,238,73,165
102000077,416,65,351
102000078,896,150,746
102000079,74,27,47
102000080,247,68,179
102000081,82,273,-191
102000082,265,332,-67
102000083,256,52,204
102000084,534,34,500
102000085,552,186,366
102000086,967,252,715
102000087,143,406,-263
102000088,218,109,109
102000089,795,138,657
102000090,174,644,-470
102000091,703,442,261
102000092,61,290,-229
102000093,262,452,-190
102000094,171,122,49
102000095,201,391,-190
102000096,472,127,345
102000097,324,145,179
102000098,126,138,-12
102000099,460,249,211
102000100,56,384,-328
102000101,85,250,-165
102000102,42,419,-377
102000103,910,296,614
102000104,251,139,112
102000105,114,159,-45
102000106,344,128,216
102000107,1103,101,1002
102000108,260,132,128
102000109,179,164,15
102000110,778,160,618
102000111,0,102,-102
102000112,58,109,-51
102000113,0,10,-10
102000114,292,218,74
102000115,87,146,-59
102000116,91,472,-381
102000117,43,221,-178
102000118,439,1156,-717
102000119,276,753,-477
102000120,95,322,-227
102000121,396,173,223
102000122,289,521,-232
102000123,391,265,126
102000124,574,497,77
102000125,274,202,72
102000126,176,207,-31
102000127,445,135,310
102000128,282,335,-53
102000129,460,160,300
102000130,216,399,-183
102000131,451,474,-23
102000132,220,774,-554
102000133,1903,427,1476
102000134,678,313,365
102000135,148,358,-210
102000136,273,233,40
102000137,189,109,80
102000138,83,43,40
102000139,23,95,-72
102000140,46,107,-61
102000141,26,224,-198
102000142,110,57,53
102000143,129,97,32
102000144,208,34,174
102000145,101,96,5
102000146,148,69,79
102000147,142,190,-48
102000148,66,95,-29
102000149,201,49,152
102000150,332,12,320
102000151,71,14,57
102000152,89,62,27
102000153,306,272,34
102000154,83,186,-103
102000155,11,210,-199
102000156,114,58,56
102000157,20,121,-101
102000158,67,285,-218
102000159,443,571,-128
102000161,704,813,-109
102000162,36,82,-46
102000163,6,178,-172
102000164,125,333,-208
102000165,68,58,10
102000166,4,55,-51
102000167,60,66,-6
102000168,66,77,-11
102000169,17,291,-274
102000170,110,32,78
102000171,1,37,-36
102000172,1,144,-143
102000173,214,122,92
102000174,50,17,33
102000175,82,24,58
102000176,8,18,-10
102000178,58,116,-58
102000179,183,110,73
102000180,431,112,319
102000181,671,128,543
102000182,333,142,191
102000183,1001,375,626
102000184,714,263,451
102000185,1563,263,1300
102000186,631,413,218
102000187,397,261,136
102000188,595,473,122
102000189,921,135,786
102000190,303,1033,-730
102000191,382,155,227
102000192,481,476,5
102000193,19,33,-14
102000194,13,63,-50
102000195,301,163,138
102000196,124,151,-27
102000197,650,82,568
102000198,98,118,-20
102000199,749,63,686
102000200,116,215,-99
102000201,986,185,801
102000202,0,12,-12
102000203,159,73,86
102000204,320,123,197
102000205,608,148,460
102000206,130,58,72
102000207,404,233,171
102000208,171,149,22
102000209,23,39,-16
102000210,282,39,243
102000211,309,20,289
102000212,291,12,279
102000213,1,32,-31
102000214,345,0,345
102000215,6,77,-71
102000216,115,44,71
102000217,1,23,-22
102000218,88,81,7
102000219,22,23,-1
102000225,171,415,-244
102000226,34,50,-16
102000227,36,0,36
102000228,0,6,-6
102000229,29,35,-6
102000230,130,181,-51
102000231,162,213,-51
102000232,31,85,-54
102000233,271,90,181
102000234,45,699,-654
102000236,57,10,47
102000237,192,77,115
102000238,69,144,-75
102000240,53,194,-141
102000241,105,5,100
102000243,3,19,-16
102000245,1,17,-16
102000246,15,63,-48
102000247,60,155,-95
102000248,165,305,-140
102000249,50,21,29
102000250,27,42,-15
102000254,323,30,293
102000266,0,60,-60
102000271,14,0,14
102000286,107,156,-49
102000297,680,177,503
102000301,0,0,0
102000303,0,0,0
102000307,0,3,-3
102900001,539,123,416
102900002,89,10,79
102900003,39,78,-39
102900005,167,107,60
102900006,181,22,159
102900007,358,3,355
102900008,118,1,117
102900009,77,68,9
102900010,142,411,-269
102900011,336,110,226
102900012,181,24,157
102900013,14,12,2
102900015,414,148,266
102900016,55,5,50
102900017,96,33,63
102900018,47,10,37
102900019,105,122,-17
102900020,92,5,87
102900021,28,12,16
102900022,17,2,15
102900023,3,0,3
102900024,10,17,-7
102900025,17,7,10
102900026,122,989,-867
102900027,29,9,20
102900028,47,478,-431
102900029,12,46,-34
102900030,105,181,-76
102900031,92,28,64
102900032,28,6,22
102900033,35,16,19
102900034,366,7,359
102900035,65,69,-4
102900036,130,46,84
102900037,46,52,-6
102900038,113,44,69
102900039,89,272,-183
102900040,39,69,-30
102900041,50,14,36
102900042,126,44,82
102900043,141,44,97
102900044,179,283,-104
102900045,96,100,-4
102900046,141,47,94
102900047,30,76,-46
102900048,134,53,81
102900049,26,84,-58
102900050,34,54,-20
102900051,27,50,-23
102900052,2,11,-9
102900053,85,66,19
102900054,23,353,-330
102900055,9,144,-135
102900056,5,75,-70
102900057,2,24,-22
102900058,164,49,115
102900059,3,17,-14
102900060,15,68,-53
102900061,72,64,8
102900062,164,115,49
102900063,999,36,963
102900064,15,103,-88
102900065,277,54,223
102900066,115,2,113
102900068,12,79,-67
102900070,73,52,21
102900072,0,4,-4
102900073,6,0,6
102900075,1,26,-25
102900076,2,26,-24
102900077,0,2,-2
102900078,5,3,2
102900079,48,0,48
102900080,178,9,169
102900081,4,61,-57
102900082,16,12,4
102900083,22,2,20
102900084,1,2,-1
102900085,26,8,18
102900086,0,5,-5
102900087,101,37,64
102900088,17,21,-4
102900089,79,24,55
102900090,0,5,-5
102900091,176,0,176
102900092,123,48,75
102900093,47,71,-24
102900094,0,30,-30
102900095,28,0,28
102900096,12,2,10
102900097,118,60,58
102900098,4,1,3
103000001,1344,998,346
103000002,1703,1474,229
103000003,1535,1391,144
103000004,374,227,147
103000005,713,1409,-696
103000006,672,588,84
103000007,182,146,36
103000008,433,302,131
103000009,825,743,82
103000010,45,13,32
103000011,635,264,371
103000012,517,726,-209
103000013,1233,700,533
103000014,598,1300,-702
103000015,604,236,368
103000016,267,728,-461
103000017,129,458,-329
103000018,185,133,52
103000019,103,300,-197
103000020,805,792,13
103000021,1576,2344,-768
103000022,317,719,-402
103000023,527,1350,-823
103000024,30,47,-17
103000025,58,722,-664
103000026,90,73,17
103000027,35,487,-452
103000028,151,114,37
103000029,53,107,-54
103000030,907,629,278
103000031,512,1350,-838
103000032,911,421,490
103000033,2384,1982,402
103000034,668,437,231
103000035,62,648,-586
103000036,63,192,-129
103000037,394,203,191
103000038,167,414,-247
103000039,253,91,162
103000040,462,253,209
103000041,817,673,144
103000042,650,108,542
103000043,499,231,268
103000044,146,47,99
103000046,112,191,-79
103000047,365,98,267
103000048,191,72,119
103000049,37,45,-8
103000050,269,61,208
103000051,446,216,230
103000052,423,74,349
103000053,145,90,55
103000054,805,149,656
103000055,873,455,418
103000056,397,425,-28
103000057,854,78,776
103000058,340,123,217
103000059,408,249,159
103000060,366,106,260
103000061,414,303,111
103000062,246,51,195
103000063,579,337,242
103000064,27,50,-23
103000065,3,64,-61
103000066,89,1,88
103000069,102,66,36
103000070,324,91,233
103000071,596,315,281
103000072,113,163,-50
103000073,480,20,460
103000074,453,32,421
103000075,90,149,-59
103000076,137,402,-265
103000077,6,157,-151
103000078,283,418,-135
103000079,170,478,-308
103000080,186,169,17
103000081,121,709,-588
103000082,268,67,201
103000083,35,155,-120
103000084,35,4,31
103000085,0,48,-48
103000086,344,253,91
103000087,153,429,-276
103000088,171,191,-20
103000089,146,431,-285
103000090,2681,1073,1608
103000091,494,448,46
103000092,182,86,96
103000093,185,165,20
103000094,134,41,93
103000095,83,172,-89
103000096,286,6,280
103000097,3,268,-265
103000098,213,11,202
103000099,23,180,-157
103000100,47,157,-110
103000101,843,27,816
103000102,106,102,4
103000103,409,52,357
103000104,72,28,44
103000105,148,44,104
103000106,12,71,-59
103000107,131,7,124
103000108,754,865,-111
103000109,238,458,-220
103000110,254,615,-361
103000111,185,295,-110
103000112,95,196,-101
103000113,106,646,-540
103000114,772,307,465
103000115,521,656,-135
103000116,612,260,352
103000117,340,287,53
103000118,180,195,-15
103000119,382,162,220
103000120,10,126,-116
103000121,7,119,-112
103000122,265,606,-341
103000125,3,28,-25
103000126,324,0,324
103000127,0,38,-38
103000128,111,0,111
103000129,0,65,-65
103000130,31,5,26
103000131,39,41,-2
103000132,24,40,-16
103000133,26,106,-80
103000134,141,406,-265
103000135,230,129,101
103000136,138,110,28
103000137,118,393,-275
103000138,202,388,-186
103000139,0,18,-18
103000140,11,3,8
103000141,7,42,-35
103000142,28,19,9
103000143,19,80,-61
103000144,138,14,124
103000145,5,82,-77
103000150,19,16,3
103000152,65,232,-167
103000153,112,187,-75
103000156,0,104,-104
103000157,350,0,350
103000159,184,19,165
103000162,29,10,19
103000163,2,12,-10
103000164,1,21,-20
103000165,14,105,-91
103000166,139,334,-195
103000167,98,113,-15
103000168,90,47,43
103000169,175,366,-191
103000170,1083,205,878
103000171,9,20,-11
103000172,505,56,449
103000173,438,88,350
103000174,327,127,200
103000175,192,56,136
103000176,406,414,-8
103000177,70,208,-138
103000178,29,155,-126
103000179,37,4,33
103000183,159,2,157
103000185,132,63,69
103000186,218,46,172
103000187,509,28,481
103000188,14,50,-36
103000189,339,650,-311
103000191,194,181,13
103000292,211,838,-627
103000293,261,1558,-1297
103000295,41,29,12
103000296,23,1,22
103000297,7,31,-24
103000504,71,5,66
103000505,0,0,0
103000506,0,55,-55
103000507,75,1,74
103000508,19,19,0
103000509,167,182,-15
103900001,19,21,-2
103900002,147,18,129
103900003,286,68,218
103900004,45,0,45
103900005,1,10,-9
103900006,8,0,8
103900007,113,3,110
103900008,1,0,1
103900009,159,52,107
103900010,133,16,117
103900011,209,18,191
103900012,3,46,-43
103900013,7,7,0
103900014,41,7,34
103900015,53,3,50
103900016,17,27,-10
103900017,35,12,23
103900018,51,8,43
103900019,10,188,-178
103900020,112,268,-156
103900021,147,85,62
103900022,328,171,157
103900023,263,0,263
103900024,6,65,-59
103900025,4,7,-3
103900026,0,0,0
103900027,173,52,121
103900028,23,126,-103
103900029,570,69,501
103900030,124,92,32
103900031,36,0,36
103900032,85,103,-18
103900033,21,10,11
103900034,39,17,22
103900035,30,20,10
103900036,24,10,14
103900037,15,6,9
103900038,11,140,-129
103900039,89,45,44
103900040,5,111,-106
103900041,58,7,51
103900042,115,28,87
103900043,200,10,190
103900044,13,206,-193
103900045,131,94,37
103900047,93,1,92
103900048,3,11,-8
103900049,15,376,-361
103900050,8,100,-92
103900051,0,69,-69
103900052,98,113,-15
103900053,185,71,114
103900054,71,50,21
103900055,163,64,99
103900056,5,0,5
103900057,74,11,63
103900058,237,70,167
103900059,0,20,-20
103900060,35,29,6
103900061,177,9,168
103900062,201,85,116
103900063,0,0,0
103900064,93,1,92
103900065,83,68,15
103900066,155,47,108
103900067,144,14,130
103900068,0,0,0
103900069,23,0,23
103900070,55,42,13
103900071,6,13,-7
103900072,11,64,-53
103900073,22,11,11
103900074,42,3,39
103900075,190,31,159
103900076,370,158,212
103900077,14,78,-64
103900078,123,28,95
103900079,29,17,12
103900080,1,1,0
103900081,5,1,4
103900082,25,22,3
103900083,1187,883,304
103900084,12,25,-13
103900085,25,43,-18
103900086,569,87,482
103900088,79,183,-104
103900089,6,71,-65
103900090,10,25,-15
103900091,219,16,203
103900092,315,165,150
103900093,10,61,-51
103900094,1,26,-25
103900095,20,150,-130
103900096,60,9,51
103900097,3,33,-30
103900098,78,55,23
103900099,171,22,149
103900100,225,16,209
103900101,66,202,-136
103900102,0,3,-3
103900104,0,2,-2
103900105,3,4,-1
103900106,0,41,-41
103900107,120,29,91
103900108,33,46,-13
103900109,90,13,77
103900110,75,12,63
103900111,150,108,42
103900112,0,32,-32
103900113,11,60,-49
103900114,190,93,97
103900115,63,61,2
103900116,416,658,-242
103900117,17,7,10
103900119,16,188,-172
103900120,13,37,-24
103900122,167,35,132
103900123,58,274,-216
103900124,13,29,-16
103900125,114,4,110
103900126,357,24,333
103900127,29,15,14
103900128,74,6,68
103900131,8,10,-2
103900133,451,2,449
103900134,0,5,-5
103900135,6,0,6
103900137,1,6,-5
103900138,77,23,54
103900139,51,1416,-1365
103900140,2,210,-208
103900141,58,32,26
103900142,326,28,298
103900143,102,2,100
103900144,1,7,-6
103900145,54,21,33
103900146,140,49,91
103900147,196,41,155
103900148,156,16,140
103900149,128,61,67
103900150,1194,2171,-977
103900151,0,10,-10
103900152,528,50,478
103900153,3,11,-8
103900154,37,965,-928
103900155,15,24,-9
103900156,12,14,-2
103900157,58,2,56
103900158,178,4,174
103900159,146,0,146
103900160,4,6,-2
103900161,19,67,-48
103900162,24,7,17
103900163,2,68,-66
103900167,0,35,-35
103900168,33,6,27
103900169,22,27,-5
103900170,0,7,-7
103900171,0,1,-1
103900172,0,0,0
103900173,13,5,8
103900174,159,10,149
103900175,2,76,-74
103900176,0,10,-10
103900177,2,3,-1
103900178,50,0,50
103900179,38,2,36
103900180,3,6,-3
103900181,12,8,4
103900182,0,16,-16
103900184,28,4,24
103900185,24,263,-239
103900187,26,51,-25
103900188,63,52,11
103900189,61,1,60
103900190,39,1,38
103900191,2,30,-28
103900192,16,23,-7
103900193,7,4,3
103900194,15,10,5
103900195,0,48,-48
103900196,2,4,-2
103900197,0,12,-12
103900198,1,6,-5
103900199,90,8,82
103900200,154,33,121
103900201,14,15,-1
103900202,0,13,-13
103900203,35,14,21
103900204,0,5,-5
103900207,0,10,-10
103900208,60,0,60
103900209,0,3,-3
103900210,21,5,16
103900211,406,55,351
103900212,42,16,26
103900213,2,53,-51
103900214,83,167,-84
103900215,37,135,-98
103900216,4,26,-22
103900217,100,17,83
103900218,0,83,-83
103900219,192,7,185
103900233,14,4,10
103900235,12,15,-3
103900236,2,6,-4
103900242,0,0,0
103900243,0,2,-2
103900244,51,16,35
103900245,24,11,13
103900246,0,5,-5
103900247,13,17,-4
103900248,1,7,-6
103900249,0,49,-49
103900250,1,11,-10
103900251,1,24,-23
103900253,0,7,-7
103900254,1,10,-9
103900255,0,5,-5
103900256,6,24,-18
103900257,22,55,-33
103900258,2,1,1
103900259,2,1,1
103900261,1,0,1
103900262,5,0,5
103900263,18,2,16
103900264,2,2,0
103900265,0,0,0
103900266,0,21,-21
103900267,1,6,-5
103900268,5,18,-13
103900269,73,1,72
103900270,5,7,-2
103900271,20,11,9
103900272,35,2,33
103900273,34,1,33
103900274,40,5,35
103900275,34,1,33
103900276,0,0,0
103900277,1,1,0
103900278,0,5,-5
103900279,0,39,-39
103900280,0,2,-2
104000001,1351,819,532
104000002,1260,1269,-9
104000003,1395,879,516
104000004,1424,1096,328
104000005,1165,957,208
104000006,1239,996,243
104000007,2770,2034,736
104000008,201,120,81
104000009,282,163,119
104000010,97,233,-136
104000011,124,96,28
104000012,59,151,-92
104000013,152,337,-185
104000014,65,127,-62
104000015,309,74,235
104000016,95,84,11
104000018,482,75,407
104000019,555,110,445
104000020,75,185,-110
104000021,194,116,78
104000022,128,190,-62
104000023,897,167,730
104000024,128,68,60
104000026,38,36,2
104000027,110,65,45
104000028,472,179,293
104000029,132,131,1
104000030,279,271,8
104000031,868,84,784
104000032,100,82,18
104000033,617,99,518
104000034,177,109,68
104000035,939,74,865
104000036,581,207,374
104000037,69,124,-55
104000038,325,178,147
104000039,156,80,76
104000040,38,342,-304
104000041,431,168,263
104000042,212,118,94
104000043,65,112,-47
104000044,151,170,-19
104000045,272,173,99
104000046,240,301,-61
104000047,208,333,-125
104000048,386,345,41
104000049,333,163,170
104000050,36,279,-243
104000051,63,272,-209
104000052,1141,757,384
104000053,527,218,309
104000054,341,111,230
104000055,1196,768,428
104000056,248,70,178
104000057,136,102,34
104000058,605,484,121
104000059,319,445,-126
104000060,624,707,-83
104000061,563,435,128
104000062,210,51,159
104000064,327,79,248
104000065,26,288,-262
104000069,237,774,-537
104000070,12,308,-296
104000071,55,31,24
104000072,291,70,221
104000075,3,78,-75
104000076,230,22,208
104000082,1103,1597,-494
104000083,288,52,236
104000084,48,180,-132
104000085,255,83,172
104000086,140,210,-70
104000087,118,340,-222
104000090,364,254,110
104000092,826,373,453
104000094,256,312,-56
104000095,1362,573,789
104000096,1279,7,1272
104000097,1284,230,1054
104000098,2244,185,2059
104000100,1563,208,1355
104000101,682,548,134
104000106,51,334,-283
104000107,341,139,202
104000108,81,99,-18
104000109,154,34,120
104000110,297,657,-360
104000111,802,1535,-733
104000112,209,196,13
104000116,0,269,-269
104000117,215,113,102
104000118,620,45,575
104000119,346,96,250
104000120,252,107,145
104000121,93,214,-121
104000122,369,352,17
104000123,449,339,110
104000124,136,437,-301
104000125,703,1890,-1187
104000126,233,290,-57
104000127,804,807,-3
104000128,330,62,268
104000129,162,6,156
104000130,2,272,-270
104000131,180,214,-34
104000132,250,241,9
104000133,697,651,46
104000134,504,946,-442
104000135,175,612,-437
104000136,297,1127,-830
104000137,1056,165,891
104000138,695,364,331
104000139,1253,1143,110
104000141,320,279,41
104000142,304,213,91
104000143,449,93,356
104000144,49,103,-54
104000145,158,101,57
104000146,80,160,-80
104000147,58,142,-84
104000148,234,75,159
104000149,79,52,27
104000150,615,251,364
104000151,176,154,22
104000152,176,179,-3
104000153,389,301,88
104000154,315,159,156
104000155,311,702,-391
104000157,729,619,110
104000158,43,232,-189
104000159,344,198,146
104000160,1065,1445,-380
104000161,87,69,18
104000162,85,47,38
104000165,340,250,90
104000167,362,968,-606
104000168,557,1,556
104000169,196,26,170
104000170,88,121,-33
104000248,177,209,-32
104000251,14,35,-21
104000272,0,0,0
104000273,0,0,0
104000274,0,0,0
104000275,0,0,0
104000279,353,268,85
104000290,13,465,-452
104000291,395,573,-178
104000293,528,485,43
104000294,50,0,50
104000295,707,883,-176
104000296,292,329,-37
104000297,716,1595,-879
104000298,999,414,585
104000299,553,492,61
104900001,19,20,-1
104900002,21,179,-158
104900003,26,40,-14
104900004,6,24,-18
104900005,218,43,175
104900006,356,17,339
104900007,214,68,146
104900009,63,104,-41
104900010,45,3,42
104900011,2,0,2
104900012,40,9,31
104900013,31,13,18
104900014,788,105,683
104900015,35,1,34
104900016,98,40,58
104900017,61,46,15
104900018,3,23,-20
104900019,59,2825,-2766
104900020,27,26,1
104900021,7,6,1
104900022,2,114,-112
104900023,0,13,-13
104900024,6,497,-491
104900025,46,141,-95
104900026,4,32,-28
104900027,519,201,318
104900028,1,344,-343
104900029,3,36,-33
104900030,225,112,113
104900031,6,66,-60
104900032,9,15,-6
104900033,114,73,41
104900034,232,83,149
104900035,239,129,110
104900036,456,22,434
104900037,70,60,10
104900038,30,608,-578
104900039,140,683,-543
104900040,491,37,454
104900041,192,41,151
104900042,112,108,4
104900043,27,242,-215
104900044,760,50,710
104900045,109,29,80
104900046,278,27,251
104900047,365,44,321
104900048,294,30,264
104900049,67,66,1
104900050,375,4,371
104900051,198,2,196
104900052,123,0,123
104900053,241,19,222
104900054,169,12,157
104900055,284,0,284
104900056,177,6,171
104900057,27,0,27
104900058,144,26,118
104900059,59,7,52
104900060,0,47,-47
104900061,36,59,-23
104900063,0,44,-44
104900064,0,42,-42
104900065,3,57,-54
104900066,0,22,-22
104900067,1,37,-36
104900068,3,30,-27
104900070,8,43,-35
104900071,0,44,-44
104900072,4,65,-61
104900073,53,14,39
104900074,29,23,6
104900075,3,5,-2
104900076,44,17,27
104900077,34,29,5
104900078,27,44,-17
104900079,52,426,-374
104900080,40,51,-11
104900082,0,14,-14
104900085,2,71,-69
104900087,184,2,182
104900089,459,2,457
104900090,839,295,544
104900091,110,154,-44
104900093,28,65,-37
104900097,357,1106,-749
104900098,84,14,70
104900099,19,225,-206
104900100,226,34,192
104900102,7,65,-58
104900103,35,5,30
104900104,504,1076,-572
104900106,65,17,48
104900107,33,23,10
104900108,1,22,-21
104900109,31,85,-54
104900110,0,48,-48
104900111,106,34,72
104900112,191,57,134
104900113,288,42,246
104900114,218,91,127
104900115,449,14,435
104900116,204,10,194
104900118,1,6,-5
104900119,0,5,-5
104900120,19,170,-151
104900121,0,21,-21
104900122,0,21,-21
104900123,166,28,138
104900124,84,0,84
104900125,124,2,122
104900126,2,7,-5
104900127,2,2,0
104900128,52,21,31
104900129,349,1386,-1037
105000001,1373,562,811
105000002,1034,694,340
105000003,1150,1635,-485
105000004,549,418,131
105000005,801,741,60
105000006,609,997,-388
105000007,770,918,-148
105000008,379,1375,-996
105000009,1971,1829,142
105000010,1054,527,527
105000011,1593,1679,-86
105000012,846,775,71
105000013,492,594,-102
105000014,1722,1418,304
105000015,4000,6714,-2714
105000016,608,534,74
105000017,889,674,215
105000018,336,595,-259
105000019,482,392,90
105000020,37,279,-242
105000021,165,79,86
105000022,29,29,0
105000023,383,72,311
105000028,3,34,-31
105000029,267,514,-247
105000030,1510,899,611
105000033,482,541,-59
105000034,41,595,-554
105000037,300,66,234
105000038,367,614,-247
105000039,312,382,-70
105000040,379,424,-45
105000041,165,261,-96
105000042,915,618,297
105000043,293,269,24
105000044,321,110,211
105000045,92,126,-34
105000046,562,76,486
105000047,128,184,-56
105000048,761,165,596
105000049,125,176,-51
105000050,653,304,349
105000051,118,149,-31
105000052,294,328,-34
105000053,30,60,-30
105000054,237,234,3
105000055,305,76,229
105000056,1030,680,350
105000057,787,193,594
105000058,463,366,97
105000059,737,368,369
105000060,212,174,38
105000061,963,313,650
105000062,266,224,42
105000063,119,200,-81
105000064,1723,254,1469
105000065,195,188,7
105000066,385,420,-35
105000067,1100,377,723
105000068,178,303,-125
105000069,632,1321,-689
105000070,207,661,-454
105000071,106,1247,-1141
105000072,655,2729,-2074
105000073,732,433,299
105000074,156,213,-57
105000075,259,226,33
105000076,539,290,249
105000077,810,221,589
105000078,288,439,-151
105000079,382,895,-513
105000080,1066,1016,50
105000081,514,473,41
105000082,416,788,-372
105000083,1258,1136,122
105000084,168,426,-258
105000085,1779,1164,615
105000086,346,328,18
105000087,529,584,-55
105000088,1067,1365,-298
105000089,893,420,473
105000090,88,149,-61
105000091,203,212,-9
105000092,250,184,66
105000093,122,123,-1
105000094,64,81,-17
105000095,86,219,-133
105000096,555,868,-313
105000097,221,211,10
105000098,782,757,25
105000099,295,330,-35
105000100,979,350,629
105000101,1121,444,677
105000102,747,538,209
105000103,550,459,91
105000104,1153,317,836
105000105,593,394,199
105000106,845,234,611
105000107,838,222,616
105000108,929,280,649
105000109,1433,246,1187
105000110,594,109,485
105000111,1046,144,902
105000112,432,204,228
105000113,414,346,68
105000114,501,812,-311
105000115,189,1089,-900
105000116,765,347,418
105000117,437,257,180
105000118,654,182,472
105000119,191,169,22
105000120,1215,205,1010
105000121,534,248,286
105000122,289,204,85
105000123,304,245,59
105000124,1111,254,857
105000125,553,407,146
105000126,1102,499,603
105000127,1579,501,1078
105000128,381,656,-275
105000129,630,120,510
105000130,96,1874,-1778
105000131,107,105,2
105000132,757,516,241
105000133,117,282,-165
105000134,863,209,654
105000135,155,80,75
105000136,7,14,-7
105000137,323,33,290
105000138,36,19,17
105000139,325,116,209
105000140,521,115,406
105000141,157,83,74
105000142,256,125,131
105000143,71,163,-92
105000144,225,120,105
105000145,493,149,344
105000146,158,110,48
105000147,491,105,386
105000148,442,298,144
105000149,1673,975,698
105000150,383,178,205
105000151,404,167,237
105000152,129,125,4
105000153,649,132,517
105000154,178,192,-14
105000155,269,205,64
105000156,61,168,-107
105000157,338,334,4
105000158,1412,324,1088
105000159,191,348,-157
105000160,2284,291,1993
105000161,354,326,28
105000162,429,1632,-1203
105000163,373,284,89
105000164,40,91,-51
105000165,193,4744,-4551
105000166,1346,1033,313
105000167,597,1658,-1061
105000168,222,89,133
105000169,423,68,355
105000170,229,518,-289
105000171,620,58,562
105000172,180,2,178
105000173,437,2,435
105000174,38,17,21
105000175,60,48,12
105000176,403,44,359
105000177,225,169,56
105000178,148,86,62
105000179,953,33,920
105000180,239,29,210
105000181,78,78,0
105000182,49,22,27
105000183,785,1445,-660
105000184,117,110,7
105000185,129,466,-337
105000186,216,237,-21
105000187,376,184,192
105000188,130,184,-54
105000189,19,193,-174
105000190,111,99,12
105000191,136,113,23
105000192,210,44,166
105000193,74,42,32
105000194,364,32,332
105000195,87,177,-90
105000196,26,99,-73
105000197,91,162,-71
105000198,58,74,-16
105000199,23,250,-227
105000200,64,261,-197
105000201,72,18,54
105000203,8,75,-67
105000204,42,44,-2
105000205,20,46,-26
105000207,56,34,22
105000208,87,143,-56
105000209,51,21,30
105000212,487,275,212
105000213,14,62,-48
105000214,64,49,15
105000215,53,51,2
105000216,49,35,14
105000217,54,44,10
105000218,1546,281,1265
105000221,119,57,62
105000222,121,38,83
105000223,222,33,189
105000226,52,42,10
105000227,51,39,12
105000228,9,755,-746
105000229,61,270,-209
105000231,247,79,168
105000233,546,405,141
105000234,176,406,-230
105000235,423,222,201
105000237,778,48,730
105000243,78,13,65
105000248,2,18,-16
105000262,206,108,98
105000269,65,50,15
105000270,441,7,434
105000271,0,82,-82
105000282,10,19,-9
105000287,78,47,31
105000288,640,245,395
105000289,454,774,-320
105000290,14,3,11
105000402,631,1457,-826
105000426,134,149,-15
105000438,447,556,-109
105000446,1901,1708,193
105000447,980,649,331
105000454,376,61,315
105000455,107,57,50
105000474,26,0,26
105000477,702,229,473
105000478,1096,2746,-1650
105000479,30,27,3
105000480,2615,3261,-646
105000481,2102,1640,462
105000482,894,1360,-466
105000483,628,746,-118
105000484,544,706,-162
105000485,624,1230,-606
105000486,476,625,-149
105000488,899,1024,-125
105000489,743,192,551
105000549,96,47,49
105000550,133,282,-149
105000551,3,54,-51
105000552,709,384,325
105000555,200,591,-391
105900001,8,897,-889
105900002,536,438,98
105900003,1,43,-42
105900004,10,14,-4
105900005,5,48,-43
105900006,11,26,-15
105900007,7,15,-8
105900008,16,99,-83
105900009,62,17,45
105900011,81,18,63
105900012,250,66,184
105900013,1,10,-9
105900014,0,12,-12
105900015,37,51,-14
105900016,270,106,164
105900017,1044,9,1035
105900018,29,72,-43
105900019,21,61,-40
105900020,21,63,-42
105900021,12,203,-191
105900022,85,98,-13
105900023,22,56,-34
105900024,0,50,-50
105900025,207,0,207
105900026,90,4,86
105900027,2556,1022,1534
105900028,91,43,48
105900029,568,130,438
105900030,76,49,27
105900031,121,23,98
105900032,49,18,31
105900033,28,30,-2
105900034,54,36,18
105900035,112,41,71
105900036,56,7,49
105900037,51,23,28
105900038,47,61,-14
105900039,40,18,22
105900040,33,15,18
105900041,39,75,-36
105900042,11,28,-17
105900043,379,24,355
105900044,0,79,-79
105900045,0,276,-276
105900046,0,23,-23
105900047,2,0,2
105900048,55,85,-30
105900050,175,564,-389
105900051,13,275,-262
105900052,202,13,189
105900053,568,1740,-1172
105900054,68,62,6
105900056,206,225,-19
105900057,3,47,-44
105900058,1,13,-12
105900059,0,44,-44
106000001,1017,858,159
106000002,403,1084,-681
106000003,1635,1827,-192
106000004,1337,1351,-14
106000005,2715,2060,655
106000006,2018,941,1077
106000007,400,55,345
106000008,117,189,-72
106000009,350,65,285
106000010,142,276,-134
106000011,1033,403,630
106000012,437,345,92
106000013,1348,626,722
106000014,451,537,-86
106000015,1612,539,1073
106000016,565,654,-89
106000017,810,312,498
106000018,277,262,15
106000019,460,128,332
106000020,108,144,-36
106000021,288,166,122
106000022,216,122,94
106000023,811,174,637
106000024,227,296,-69
106000025,179,136,43
106000026,72,44,28
106000027,1631,538,1093
106000028,228,70,158
106000029,258,201,57
106000030,36,159,-123
106000034,18,78,-60
106000035,552,853,-301
106000036,79,322,-243
106000037,249,366,-117
106000038,14,30,-16
106000039,35,77,-42
106000040,33,929,-896
106000041,485,228,257
106000043,190,88,102
106000046,171,28,143
106000047,40,282,-242
106000049,775,23,752
106000050,63,129,-66
106000051,733,279,454
106000052,0,0,0
106000053,413,38,375
106000054,0,0,0
106000055,592,190,402
106000056,0,0,0
106000057,486,103,383
106000058,0,0,0
106000059,392,148,244
106000060,19,42,-23
106000061,167,540,-373
106000062,63,46,17
106000063,558,542,16
106000064,0,0,0
106000065,334,114,220
106000066,28,7,21
106000067,318,30,288
106000068,34,31,3
106000069,354,12,342
106000070,137,28,109
106000071,586,96,490
106000072,887,576,311
106000073,676,2781,-2105
106000074,363,342,21
106000075,245,351,-106
106000076,612,379,233
106000077,865,336,529
106000078,830,222,608
106000079,577,147,430
106000080,664,226,438
106000081,561,244,317
106000082,787,275,512
106000083,314,421,-107
106000084,421,225,196
106000085,610,392,218
106000086,273,133,140
106000087,428,300,128
106000088,225,126,99
106000089,696,103,593
106000090,237,148,89
106000091,182,247,-65
106000092,425,164,261
106000093,273,45,228
106000094,95,90,5
106000095,844,292,552
106000096,1151,95,1056
106000097,1023,296,727
106000098,838,121,717
106000099,74,112,-38
106000100,847,62,785
106000101,483,46,437
106000102,42,114,-72
106000103,215,145,70
106000104,837,205,632
106000105,290,159,131
106000106,652,112,540
106000107,48,137,-89
106000108,473,81,392
106000109,89,73,16
106000110,332,38,294
106000111,101,81,20
106000112,154,497,-343
106000113,198,252,-54
106000114,236,510,-274
106000115,160,295,-135
106000116,240,85,155
106000117,351,149,202
106000118,698,635,63
106000119,463,245,218
106000120,476,670,-194
106000121,138,59,79
106000122,198,105,93
106000123,677,49,628
106000124,81,39,42
106000125,19,74,-55
106000126,361,38,323
106000127,702,200,502
106000128,705,92,613
106000129,397,214,183
106000130,649,134,515
106000131,19,374,-355
106000132,308,96,212
106000133,667,826,-159
106000134,184,1744,-1560
106000135,58,348,-290
106000136,594,948,-354
106000137,72,361,-289
106000138,1525,53,1472
106000139,101,55,46
106000140,0,8,-8
106000141,5,5,0
106000142,165,82,83
106000143,0,8,-8
106000144,28,76,-48
106000145,70,49,21
106000146,441,49,392
106000147,183,348,-165
106000148,178,449,-271
106000149,518,202,316
106000150,608,1116,-508
106000151,1392,329,1063
106000152,494,784,-290
106000153,90,673,-583
106000154,555,62,493
106000155,127,150,-23
106000156,879,71,808
106000157,281,621,-340
106000158,692,371,321
106000159,855,863,-8
106000160,262,1673,-1411
106000161,346,105,241
106000162,417,880,-463
106000163,168,96,72
106000164,425,41,384
106000165,125,189,-64
106000166,578,26,552
106000167,186,217,-31
106000168,509,46,463
106000169,66,110,-44
106000170,546,74,472
106000171,94,299,-205
106000172,1160,309,851
106000173,458,643,-185
106000174,849,111,738
106000175,105,165,-60
106000176,1471,251,1220
106000177,437,395,42
106000178,1805,341,1464
106000179,482,352,130
106000180,488,284,204
106000181,1034,537,497
106000182,1190,146,1044
106000183,1060,173,887
106000184,613,220,393
106000185,721,640,81
106000186,109,25,84
106000187,22,433,-411
106000188,0,0,0
106000189,10,8,2
106000190,32,0,32
106000191,324,41,283
106000192,0,0,0
106000193,35,88,-53
106000194,33,90,-57
106000195,62,48,14
106000196,12,177,-165
106000197,340,37,303
106000198,104,21,83
106000199,233,758,-525
106000200,106,106,0
106000201,67,3696,-3629
106000202,980,312,668
106000203,3,83,-80
106000204,53,5,48
106000205,2,94,-92
106000206,54,5,49
106000207,5,95,-90
106000208,1049,42,1007
106000209,1536,105,1431
106000210,94,256,-162
106000211,168,409,-241
106000212,1242,160,1082
106000213,110,668,-558
106000214,718,189,529
106000215,325,205,120
106000216,432,88,344
106000217,143,184,-41
106000218,231,82,149
106000219,123,137,-14
106000220,491,106,385
106000221,141,32,109
106000222,49,48,1
106000223,251,49,202
106000224,151,64,87
106000225,35,92,-57
106000226,32,56,-24
106000228,0,3,-3
106000229,86,113,-27
106000231,779,12,767
106000232,26,48,-22
106000233,292,54,238
106000234,15,117,-102
106000235,65,48,17
106000236,47,210,-163
106000237,0,220,-220
106000238,15,36,-21
106000239,0,57,-57
106000240,3,7,-4
106000241,3,287,-284
106000242,71,14,57
106000249,117,62,55
106000250,19,313,-294
106000251,39,5,34
106000252,5,1,4
106000253,80,5,75
106000254,33,5,28
106000255,39,24,15
106000256,3,1,2
106000257,8,84,-76
106000258,17,7,10
106000259,0,7,-7
106000260,11,0,11
106000261,3,5,-2
106000262,48,1,47
106000263,10,2,8
106000264,54,1,53
106000265,5,13,-8
106000266,109,3,106
106000267,2,29,-27
106000268,124,1,123
106000269,4,8,-4
106000270,38,59,-21
106000271,18,9,9
106000272,32,9,23
106000273,3,36,-33
106000274,56,2,54
106000275,105,57,48
106000276,14,5,9
106000277,99,89,10
106000278,24,0,24
106000279,0,3,-3
106000280,47,5,42
106000281,16,24,-8
106000282,77,12,65
106000283,39,8,31
106000284,120,35,85
106000285,29,40,-11
106000286,29,12,17
106000287,29,9,20
106000288,64,8,56
106000289,62,41,21
106000290,73,16,57
106000291,37,21,16
106000292,18,15,3
106000293,54,26,28
106000294,58,9,49
106000295,18,10,8
106000296,4,5,-1
106000297,13,54,-41
106000298,16,29,-13
106000299,12,19,-7
106000300,27,23,4
106000301,31,43,-12
106000303,30,11,19
106000304,4,9,-5
106000305,46,16,30
106000306,13,9,4
106000307,123,0,123
106000308,3,43,-40
106000309,1,24,-23
106000310,130,135,-5
106000311,298,72,226
106000312,72,55,17
106000313,121,72,49
106000318,6,83,-77
106000319,473,137,336
106000320,3,106,-103
106000321,39,311,-272
106000322,113,29,84
106000324,40,185,-145
106000325,1448,300,1148
106000326,319,454,-135
106000327,198,21,177
106000328,14,6,8
106000329,29,64,-35
106000330,8,55,-47
106000428,72,162,-90
106000429,108,272,-164
106000430,297,537,-240
106000431,1465,165,1300
106000432,446,735,-289
106000433,1696,713,983
106000434,2255,672,1583
106000435,894,701,193
106000436,1,70,-69
106000437,342,42,300
106000438,105,221,-116
106000439,7,342,-335
106000440,183,155,28
106000441,0,1,-1
106000442,141,7,134
106000443,181,76,105
106000450,4,71,-67
106000451,35,76,-41
106000454,1,32,-31
106000455,0,64,-64
106000456,73,9,64
106000457,5,112,-107
106000458,819,419,400
106000459,62,84,-22
106000460,1365,36,1329
106000461,67,193,-126
106000462,0,22,-22
106000463,5,121,-116
106000464,1,705,-704
106000465,638,3,635
106000466,0,224,-224
106000467,106,312,-206
106000468,75,62,13
106000469,573,2,571
106000470,32,716,-684
106000471,2,134,-132
106000472,98,11,87
106000473,2,6,-4
106000474,250,339,-89
106000475,236,131,105
106000476,74,273,-199
106000477,3,14,-11
106000480,0,106,-106
106900001,0,0,0
106900002,0,75,-75
106900003,62,282,-220
106900004,0,4,-4
106900006,0,2,-2
106900007,0,2,-2
106900008,336,17,319
106900009,308,53,255
106900010,211,76,135
106900012,322,1697,-1375
106900013,296,159,137
106900014,41,4,37
106900015,11,0,11
106900016,316,7,309
106900017,3,3,0
106900018,23,0,23
106900019,135,0,135
106900020,430,1009,-579
106900021,268,126,142
106900022,1204,5,1199
106900023,22,10,12
106900024,411,25,386
106900025,12,102,-90
106900026,0,104,-104
106900027,722,5,717
107000001,1775,2146,-371
107000002,702,561,141
107000003,4774,4573,201
107000004,1496,708,788
107000005,4780,3014,1766
107000006,1272,669,603
107000007,2670,2974,-304
107000008,1635,1020,615
107000009,5170,3471,1699
107000010,2040,1658,382
107000011,261,321,-60
107000012,955,611,344
107000013,33,15,18
107000014,23,18,5
107000015,146,95,51
107000016,235,125,110
107000017,360,272,88
107000018,0,230,-230
107000020,347,359,-12
107000021,357,166,191
107000022,358,516,-158
107000023,674,116,558
107000024,529,577,-48
107000025,141,178,-37
107000026,298,187,111
107000027,720,206,514
107000028,627,288,339
107000029,2202,1397,805
107000030,854,834,20
107000031,2869,1216,1653
107000032,117,281,-164
107000033,718,1267,-549
107000034,1043,349,694
107000035,112,131,-19
107000036,176,614,-438
107000037,55,390,-335
107000038,70,81,-11
107000039,403,432,-29
107000040,101,76,25
107000041,511,264,247
107000042,164,1048,-884
107000043,579,268,311
107000044,127,95,32
107000045,22,99,-77
107000046,312,120,192
107000047,158,266,-108
107000048,306,90,216
107000049,194,265,-71
107000050,287,180,107
107000051,202,204,-2
107000052,429,987,-558
107000053,170,266,-96
107000054,15,61,-46
107000055,176,119,57
107000056,316,305,11
107000057,678,142,536
107000058,1499,1311,188
107000059,651,1084,-433
107000060,3789,2726,1063
107000061,1584,895,689
107000062,4389,1344,3045
107000063,1109,1101,8
107000064,3163,1837,1326
107000065,953,1214,-261
107000066,683,1383,-700
107000067,532,376,156
107000068,393,309,84
107000069,633,459,174
107000070,798,13,785
107000071,2319,36,2283
107000072,2,480,-478
107000073,549,339,210
107000074,33,205,-172
107000075,1141,77,1064
107000076,93,370,-277
107000077,1967,305,1662
107000078,154,377,-223
107000079,1993,400,1593
107000080,132,454,-322
107000081,2653,307,2346
107000082,303,263,40
107000083,995,487,508
107000084,76,174,-98
107000085,1289,1032,257
107000086,963,786,177
107000087,1305,923,382
107000088,823,842,-19
107000089,897,887,10
107000090,414,243,171
107000091,967,448,519
107000092,278,217,61
107000093,852,522,330
107000094,253,306,-53
107000095,839,386,453
107000096,222,244,-22
107000097,1217,206,1011
107000098,142,342,-200
107000099,241,214,27
107000100,73,133,-60
107000101,80,177,-97
107000102,137,202,-65
107000103,224,148,76
107000104,67,146,-79
107000105,435,113,322
107000106,40,102,-62
107000107,568,129,439
107000108,75,146,-71
107000109,573,84,489
107000110,10,230,-220
107000111,349,11,338
107000112,18,330,-312
107000113,674,39,635
107000114,13,321,-308
107000115,508,205,303
107000116,10,259,-249
107000117,97,850,-753
107000118,20,41,-21
107000119,490,1320,-830
107000120,840,423,417
107000121,512,232,280
107000122,387,254,133
107000123,391,203,188
107000124,344,132,212
107000125,782,121,661
107000126,838,170,668
107000129,138,199,-61
107000130,753,398,355
107000131,211,458,-247
107000132,356,165,191
107000133,173,29,144
107000134,144,2,142
107000135,0,166,-166
107000136,260,0,260
107000137,4,105,-101
107000138,13,5,8
107000139,0,167,-167
107000140,725,37,688
107000141,44,172,-128
107000142,286,22,264
107000143,14,217,-203
107000144,238,417,-179
107000145,32,113,-81
107000146,119,195,-76
107000147,1608,250,1358
107000150,83,2387,-2304
107000151,3,10,-7
107000152,170,1869,-1699
107000153,30,86,-56
107000154,0,79,-79
107000155,648,3,645
107000156,797,1,796
107000157,3,223,-220
107000158,733,0,733
107000159,7,182,-175
107000160,1242,63,1179
107000161,6,257,-251
107000162,100,380,-280
107000163,64,0,64
107000164,768,1,767
107000165,1122,6,1116
107000166,2,102,-100
107000167,452,111,341
107000168,547,171,376
107000169,108,130,-22
107000170,2511,280,2231
107000171,87,210,-123
107000172,935,1173,-238
107000173,165,121,44
107000174,749,3660,-2911
107000175,1229,223,1006
107000176,0,0,0
107000177,0,0,0
107000178,43,1,42
107000179,210,434,-224
107000180,1572,76,1496
107000181,179,216,-37
107000182,1524,206,1318
107000183,84,269,-185
107000184,1057,210,847
107000185,131,325,-194
107000186,537,75,462
107000187,528,527,1
107000188,370,123,247
107000189,529,199,330
107000190,498,179,319
107000191,535,207,328
107000192,819,158,661
107000193,185,121,64
107000194,187,115,72
107000197,551,42,509
107000198,162,379,-217
107000199,159,157,2
107000200,427,323,104
107000201,139,100,39
107000202,67,205,-138
107000203,115,300,-185
107000204,128,725,-597
107000205,285,110,175
107000206,123,428,-305
107000207,101,210,-109
107000208,70,161,-91
107000209,216,210,6
107000210,50,130,-80
107000211,14,9,5
107000212,50,19,31
107000213,0,16,-16
107000214,1,10,-9
107000215,350,42,308
107000216,262,56,206
107000217,131,21,110
107000219,28,119,-91
107000220,40,46,-6
107000222,68,89,-21
107000224,227,41,186
107000225,75,123,-48
107000226,354,27,327
107000227,28,52,-24
107000228,20,135,-115
107000229,13,65,-52
107000230,268,142,126
107000231,227,415,-188
107000232,47,6,41
107000233,81,298,-217
107000234,1,45,-44
107000235,47,7,40
107000236,1,81,-80
107000237,17,0,17
107000238,19,0,19
107000239,692,219,473
107000240,14,90,-76
107000243,1,26,-25
107000244,5,9,-4
107000246,0,154,-154
107000249,1,293,-292
107000251,0,4,-4
107000252,0,74,-74
107000255,82,88,-6
107000257,0,252,-252
107000258,3,140,-137
107000259,1,39,-38
107000260,1239,4,1235
107000262,2,70,-68
107000263,384,0,384
107000266,5,11,-6
107000267,2,39,-37
107000268,57,19,38
107000269,0,2,-2
107000270,114,41,73
107000271,0,0,0
107000272,90,0,90
107000273,0,30,-30
107000274,178,26,152
107000275,8,185,-177
107000280,1055,8,1047
107000281,5,144,-139
107000282,3,164,-161
107000290,13,11,2
107000291,21,6,15
107000292,1,27,-26
107000293,0,3,-3
107000294,1,43,-42
107000295,18,9,9
107000296,0,8,-8
107000444,140,1,139
107000496,3,6,-3
107000497,333,388,-55
107000500,189,46,143
107000501,38,88,-50
107000502,133,80,53
107000505,122,211,-89
107000506,0,0,0
107000508,0,24,-24
107000509,36,315,-279
107000510,3,8,-5
107000514,64,505,-441
107000515,0,50,-50
107000516,426,118,308
107000518,894,1325,-431
107000519,302,131,171
107000520,157,6,151
107000521,629,89,540
107000522,884,319,565
107900001,40,15,25
107900002,21,4,17
107900003,309,2,307
107900004,14,0,14
107900005,1782,3,1779
107900006,34,4,30
107900007,220,4,216
107900008,30,6,24
107900009,48,3,45
107900010,19,0,19
107900012,251,38,213
107900013,87,5,82
107900014,66,1,65
107900015,1246,23,1223
107900016,82,31,51
107900017,19,0,19
107900018,64,388,-324
107900019,22,6,16
107900020,6,25,-19
107900021,111,3,108
107900023,0,0,0
107900024,0,2,-2
107900025,91,27,64
107900026,34,13,21
107900027,1,182,-181
107900028,80,4,76
107900030,192,2,190
107900031,82,29,53
107900032,29,0,29
107900033,27,3,24
107900034,100,2,98
107900035,1171,39,1132
107900036,27,44,-17
107900037,3,3,0
107900038,5,145,-140
107900039,15,4,11
107900040,9,266,-257
107900041,0,0,0
107900043,82,12,70
107900044,1,9,-8
107900045,33,28,5
107900046,424,110,314
107900047,46,1,45
107900048,183,7,176
107900049,49,496,-447
107900050,3,53,-50
107900051,27,20,7
107900052,0,73,-73
107900053,54,11,43
107900055,126,62,64
107900056,18,93,-75
107900057,1,0,1
107900058,15,92,-77
107900060,0,0,0
107900061,1,14,-13
107900063,72,24,48
107900064,83,280,-197
107900065,410,7,403
107900066,3,1,2
107900067,0,0,0
107900068,30,312,-282
107900069,1,1777,-1776
107900070,125,101,24
107900071,1,106,-105
107900072,147,33,114
107900073,38,2,36
107900074,82,137,-55
107900076,93,17,76
107900077,104,1,103
107900078,32,5,27
107900079,17,7,10
107900080,10,169,-159
107900081,5,18,-13
107900082,1,0,1
107900083,307,64,243
107900084,57,72,-15
107900086,18,98,-80
107900087,63,23,40
107900088,13,10,3
107900089,39,165,-126
107900090,62,1062,-1000
107900091,33,75,-42
107900092,379,81,298
107900093,13,15,-2
107900095,290,631,-341
107900097,18,22,-4
107900098,86,73,13
107900100,144,801,-657
107900101,70,14,56
107900102,21,0,21
107900103,12,36,-24
107900104,278,2,276
107900105,27,67,-40
107900106,0,87,-87
107900107,113,113,0
107900108,35,4,31
107900109,1292,10,1282
107900110,89,7,82
107900111,0,110,-110
107900112,32,186,-154
107900113,130,8,122
107900114,317,28,289
107900115,0,16,-16
107900116,199,25,174
107900117,113,71,42
107900118,1,42,-41
107900119,42,59,-17
107900120,23,1,22
107900121,0,20,-20
107900122,0,6,-6
107900123,3,31,-28
107900124,6,13,-7
107900125,27,22,5
107900126,19,1,18
107900127,150,64,86
107900128,39,11,28
107900129,85,16,69
107900130,168,0,168
107900131,12,28,-16
107900132,9,74,-65
107900133,0,44,-44
107900134,3,20,-17
107900135,0,18,-18
107900136,4,17,-13
107900137,6,14,-8
107900138,67,6,61
107900139,82,3,79
107900141,11,6,5
107900142,6,114,-108
107900143,4,8,-4
107900144,0,23,-23
107900145,0,7,-7
107900146,17,27,-10
107900147,9,8,1
107900148,100,31,69
107900149,170,20,150
107900150,0,98,-98
107900151,31,19,12
107900152,1,23,-22
107900153,38,96,-58
107900154,35,2,33
107900155,53,9,44
107900156,4,36,-32
107900157,7,12,-5
107900158,813,59,754
107900159,8,116,-108
107900160,99,27,72
107900161,29,34,-5
107900162,0,13,-13
107900163,0,7,-7
107900164,9,3,6
107900165,6,184,-178
107900166,15,19,-4
107900167,5,47,-42
107900168,24,6,18
107900169,0,26,-26
107900171,0,113,-113
107900172,9,40,-31
107900173,81,25,56
107900174,85,2,83
107900175,0,15,-15
107900176,32,3,29
107900177,0,23,-23
107900178,0,13,-13
107900179,4,12,-8
107900180,56,746,-690
107900181,72,133,-61
107900182,0,74,-74
107900183,18,14,4
107900184,35,9,26
107900185,27,6,21
107900186,0,2,-2
107900187,0,15,-15
107900188,106,16,90
107900189,3,12,-9
107900190,10,50,-40
107900191,19,14,5
107900193,1,39,-38
107900194,58,15,43
107900195,207,58,149
107900196,34,6,28
107900197,53,77,-24
107900199,1,121,-120
107900201,37,25,12
107900203,20,3,17
107900204,67,43,24
107900205,51,67,-16
107900206,29,260,-231
107900207,0,64,-64
107900208,0,77,-77
107900209,66,18,48
107900210,16,4,12
107900213,62,65,-3
107900214,0,18,-18
107900215,58,111,-53
107900216,1,34,-33
107900217,34,7,27
107900218,0,103,-103
107900219,9,8,1
107900220,2,20,-18
107900221,10,35,-25
107900223,34,10,24
107900224,20,149,-129
107900225,0,34,-34
107900226,2,102,-100
107900227,25,66,-41
107900228,12,54,-42
107900229,13,25,-12
107900230,16,10,6
107900231,11,14,-3
107900232,112,8,104
107900233,0,24,-24
107900234,147,21,126
107900235,1,37,-36
107900236,235,13,222
107900237,14,130,-116
107900238,17,5,12
107900239,81,180,-99
107900240,3,18,-15
107900241,0,36,-36
107900242,7,10,-3
107900243,0,13,-13
107900244,301,2,299
107900245,576,10,566
107900246,163,24,139
107900248,274,11,263
107900249,615,54,561
107900250,0,75,-75
107900251,1,96,-95
107900252,402,39,363
107900253,119,4,115
107900254,0,48,-48
107900255,14,19,-5
107900256,75,134,-59
107900257,163,50,113
107900258,94,30,64
107900259,5,1617,-1612
107900261,0,54,-54
107900262,30,44,-14
107900264,285,5,280
107900265,26,50,-24
107900267,258,2,256
107900268,0,1,-1
107900269,1,2,-1
107900270,0,4,-4
107900271,0,9,-9
107900272,16,32,-16
107900273,6,17,-11
107900274,116,0,116
107900275,1,2,-1
107900276,0,21,-21
107900277,0,12,-12
107900278,220,93,127
107900279,14,44,-30
107900280,598,200,398
107900281,343,3836,-3493
107900282,28,645,-617
107900283,405,314,91
107900284,406,156,250
107900285,103,25,78
107900286,6,5,1
107900287,269,37,232
107900290,0,302,-302
107900291,334,4,330
107900292,72,28,44
107900293,34,190,-156
107900295,22,16,6
107900297,1,101,-100
107900298,223,364,-141
107900299,1054,1667,-613
107900300,68,137,-69
107900301,175,234,-59
107900302,53,4,49
107900303,295,129,166
107900304,276,42,234
107900305,119,3,116
107900306,0,9,-9
107900307,3,79,-76
107900308,129,24,105
107900309,6,0,6
107900310,3,0,3
107900311,209,184,25
107900312,28,0,28
107900313,1,62,-61
107900314,0,93,-93
107900315,3,15,-12
107900316,44,0,44
107900317,45,1,44
107900318,1,122,-121
107900319,0,19,-19
107900320,2,14,-12
107900321,93,0,93
107900322,0,12,-12
107900323,7,52,-45
107900324,50,0,50
107900325,150,0,150
107900326,275,58,217
107900327,0,58,-58
107900328,0,0,0
107900329,3,31,-28
107900330,9,42,-33
107900331,461,6,455
107900332,380,2,378
107900333,82,0,82
107900334,4,19,-15
107900335,29,5,24
107900336,31,6,25
107900337,226,645,-419
107900338,0,77,-77
107900339,1,15,-14
107900340,0,110,-110
107900341,28,0,28
107900342,91,40,51
107900343,16,0,16
107900344,0,23,-23
107900345,15,5,10
107900346,0,0,0
107900347,13,0,13
107900348,0,1,-1
107900349,15,10,5
107900350,1,73,-72
107900351,1,20,-19
107900352,0,2,-2
107900353,15,1,14
107900354,1,274,-273
108000001,2662,1523,1139
108000002,478,784,-306
108000003,1747,1004,743
108000004,3825,3800,25
108000005,5383,2323,3060
108000006,1260,1392,-132
108000007,3189,1606,1583
108000008,1239,1255,-16
108000009,3562,1702,1860
108000010,863,1189,-326
108000011,8179,4665,3514
108000012,3095,3143,-48
108000014,210,562,-352
108000015,436,109,327
108000016,88,253,-165
108000017,821,173,648
108000018,1081,310,771
108000019,211,167,44
108000020,544,190,354
108000021,126,270,-144
108000022,174,249,-75
108000023,875,107,768
108000024,203,88,115
108000025,322,41,281
108000026,496,70,426
108000027,623,72,551
108000028,536,103,433
108000029,290,50,240
108000030,288,101,187
108000031,114,111,3
108000032,1554,260,1294
108000033,283,247,36
108000034,1454,190,1264
108000035,213,449,-236
108000036,132,346,-214
108000037,1605,143,1462
108000038,2451,132,2319
108000039,146,335,-189
108000040,1421,343,1078
108000041,154,581,-427
108000042,383,32,351
108000043,36,35,1
108000044,653,25,628
108000045,40,81,-41
108000046,1152,60,1092
108000047,100,190,-90
108000048,39,61,-22
108000049,622,86,536
108000050,13,84,-71
108000051,301,125,176
108000052,18,146,-128
108000053,212,90,122
108000054,148,307,-159
108000055,479,222,257
108000056,175,421,-246
108000057,516,793,-277
108000058,870,2478,-1608
108000059,858,476,382
108000060,114,201,-87
108000061,38,68,-30
108000062,639,227,412
108000063,290,150,140
108000064,191,122,69
108000065,274,184,90
108000066,691,250,441
108000067,1252,335,917
108000068,760,85,675
108000069,73,302,-229
108000070,1749,155,1594
108000071,193,259,-66
108000072,957,214,743
108000073,308,399,-91
108000074,511,174,337
108000075,182,112,70
108000076,662,115,547
108000077,234,140,94
108000078,1916,379,1537
108000079,142,252,-110
108000080,1426,170,1256
108000081,146,349,-203
108000082,172,254,-82
108000083,1150,325,825
108000084,90,195,-105
108000085,807,202,605
108000086,132,114,18
108000087,109,1397,-1288
108000088,158,4,154
108000089,115,137,-22
108000090,547,32,515
108000091,34,185,-151
108000092,316,14,302
108000093,172,179,-7
108000094,867,20,847
108000095,80,113,-33
108000096,502,52,450
108000097,26,111,-85
108000098,1442,435,1007
108000099,228,21,207
108000100,79,110,-31
108000101,911,512,399
108000102,856,1950,-1094
108000106,343,1,342
108000107,0,408,-408
108000108,654,78,576
108000109,1,142,-141
108000110,342,62,280
108000111,149,187,-38
108000112,12,93,-81
108000113,140,141,-1
108000115,135,87,48
108000117,155,161,-6
108000118,23,122,-99
108000119,265,84,181
108000120,118,558,-440
108000121,226,133,93
108000122,599,182,417
108000123,414,105,309
108000124,176,70,106
108000125,360,97,263
108000126,149,67,82
108000127,436,83,353
108000128,628,38,590
108000129,115,97,18
108000130,351,65,286
108000131,571,95,476
108000132,113,171,-58
108000133,1059,75,984
108000134,137,68,69
108000135,1253,298,955
108000136,72,78,-6
108000137,458,70,388
108000138,184,158,26
108000139,457,94,363
108000140,490,4,486
108000141,8,13,-5
108000142,21,17,4
108000143,11,20,-9
108000144,72,5,67
108000145,40,2,38
108000146,129,8,121
108000147,39,1,38
108000148,94,1,93
108000149,19,12,7
108000150,67,4,63
108000151,1,13,-12
108000152,35,29,6
108000153,662,60,602
108000154,24,1,23
108000155,65,33,32
108000156,181,58,123
108000157,27,1177,-1150
108000158,12,441,-429
108000159,78,108,-30
108000160,805,800,5
108000161,639,2103,-1464
108000165,2,224,-222
108000172,11,120,-109
108000173,248,1134,-886
108000175,723,58,665
108000178,148,98,50
108000179,35,511,-476
108000181,103,1,102
108000182,65,3,62
108000183,0,2,-2
108000184,162,1705,-1543
108000185,146,100,46
108000186,412,9,403
108000187,44,79,-35
108000188,828,31,797
108000189,148,1077,-929
108000190,4,30,-26
108000192,109,91,18
108000193,100,11,89
108000194,13,2,11
108000195,2,256,-254
108000196,72,44,28
108000198,248,29,219
108000199,0,36,-36
108000200,851,46,805
108000203,45,98,-53
108000204,196,54,142
108000205,64,48,16
108000339,265,197,68
108000364,45,121,-76
108000365,12,113,-101
108000367,42,87,-45
108000368,14,13,1
108000369,123,97,26
108000371,1,318,-317
108000372,386,7,379
108000373,140,74,66
108000376,102,41,61
108000377,570,71,499
108000378,5644,6946,-1302
108000379,1,41,-40
108000381,233,8,225
108000382,62,0,62
108000383,0,93,-93
108900001,9,133,-124
108900002,71,12,59
108900003,35,278,-243
108900004,3,246,-243
108900005,39,102,-63
108900006,465,46,419
108900007,238,54,184
108900008,148,22,126
108900009,36,61,-25
108900010,369,33,336
108900011,800,67,733
108900012,337,125,212
108900013,144,95,49
108900014,5,27,-22
108900015,0,154,-154
108900016,1,88,-87
108900017,22,62,-40
108900018,127,163,-36
108900019,7,103,-96
108900020,15,42,-27
108900021,23,57,-34
108900022,114,16,98
108900023,5,22,-17
108900024,16,46,-30
108900025,167,10,157
108900026,9,41,-32
108900027,0,22,-22
108900028,57,73,-16
108900029,17,43,-26
108900030,0,10,-10
108900031,84,59,25
108900032,0,34,-34
108900033,0,16,-16
108900034,0,31,-31
108900035,72,299,-227
108900036,66,104,-38
108900037,13,69,-56
108900038,0,60,-60
108900039,1,59,-58
108900040,3,45,-42
108900041,1570,1267,303
108900042,0,172,-172
108900043,21,256,-235
108900044,0,90,-90
108900045,91,52,39
108900046,2,82,-80
108900047,0,23,-23
108900048,9,125,-116
108900049,438,1106,-668
108900050,1,85,-84
108900051,0,14,-14
108900052,4,20,-16
108900053,6,170,-164
108900054,36,32,4
108900055,18,69,-51
108900056,0,27,-27
108900057,0,54,-54
108900058,16,91,-75
108900059,501,41,460
108900060,11,49,-38
108900061,3,2,1
108900062,0,50,-50
108900063,26,54,-28
108900064,196,15,181
108900065,11,98,-87
108900066,291,32,259
108900067,0,61,-61
108900068,24,35,-11
108900069,45,13,32
108900070,10,27,-17
108900071,154,14,140
108900072,621,114,507
108900073,3,31,-28
108900074,256,41,215
108900075,4,3,1
108900076,440,12,428
108900077,44,93,-49
108900078,57,28,29
108900079,132,16,116
108900080,5,488,-483
108900081,12,78,-66
108900082,35,25,10
108900083,0,143,-143
108900084,69,54,15
108900085,242,24,218
108900086,103,18,85
108900087,30,50,-20
108900088,235,52,183
108900089,1,31,-30
108900090,71,37,34
108900091,44,11,33
108900092,167,42,125
108900093,51,22,29
108900094,76,22,54
108900095,6,43,-37
108900096,69,0,69
108900097,57,65,-8
108900098,455,648,-193
108900099,94,46,48
108900100,39,18,21
108900101,75,95,-20
108900102,2,892,-890
108900103,214,84,130
108900104,18,52,-34
108900105,0,1465,-1465
108900106,211,51,160
108900108,131,5,126
108900109,548,43,505
108900110,31,48,-17
108900111,116,101,15
108900112,153,24,129
108900113,69,14,55
108900114,81,0,81
108900115,206,78,128
108900116,57,1,56
108900117,182,2,180
108900118,482,29,453
108900119,345,8,337
108900120,330,91,239
108900121,161,28,133
108900122,138,4,134
108900123,268,31,237
108900124,478,25,453
108900125,523,8,515
108900126,66,24,42
108900127,269,41,228
108900128,188,0,188
108900129,798,49,749
108900130,284,1,283
108900131,477,2,475
108900132,353,10,343
108900133,213,6,207
108900134,497,26,471
108900135,252,2,250
108900136,14,3,11
108900137,174,1,173
108900138,444,12,432
108900139,462,18,444
108900140,375,49,326
108900141,426,18,408
108900142,61,0,61
108900143,100,1,99
108900144,51,0,51
108900145,236,2,234
108900146,67,0,67
108900147,272,0,272
108900148,32,3,29
108900149,148,28,120
108900150,136,16,120
108900151,25,20,5
108900152,28,0,28
108900153,99,55,44
108900154,3095,136,2959
108900155,62,23,39
108900156,62,2,60
108900157,9,65,-56
108900158,456,40,416
108900159,3,82,-79
108900160,3,113,-110
108900161,9,74,-65
108900162,166,29,137
108900163,4,346,-342
108900164,44,9,35
108900165,33,12,21
108900167,223,6667,-6444
108900168,1636,1072,564
108900169,28,32,-4
108900171,1153,2299,-1146
108900172,134,19,115
108900173,74,76,-2
108900174,721,90,631
108900176,29,49,-20
108900177,1061,4658,-3597
108900178,862,2741,-1879
108900179,84,875,-791
108900180,50,128,-78
108900182,35,158,-123
108900183,64,42,22
108900184,207,100,107
108900185,27,103,-76
108900186,4,88,-84
108900187,473,8,465
108900188,568,9,559
108900189,149,12,137
108900190,5,320,-315
108900191,21,143,-122
108900192,17,74,-57
108900193,0,23,-23
108900194,0,52,-52
108900195,64,30,34
108900196,5,77,-72
108900198,0,71,-71
108900199,46,89,-43
108900200,425,202,223
108900201,110,267,-157
108900203,336,32,304
108900204,310,2,308
108900205,137,9,128
108900206,285,24,261
108900207,127,128,-1
108900208,4,71,-67
108900209,52,113,-61
108900210,110,17,93
108900211,39,226,-187
108900212,63,709,-646
108900215,34,103,-69
108900216,100,114,-14
108900217,37,0,37
108900218,27,1,26
108900219,18,6,12
108900220,12,9,3
108900221,9,29,-20
108900222,181,17,164
108900223,5,62,-57
108900224,71,97,-26
108900225,0,103,-103
108900226,11,0,11
108900227,83,100,-17
108900230,53,53,0
108900231,4,50,-46
108900232,0,66,-66
108900233,274,66,208
108900234,99,60,39
108900235,79,118,-39
108900236,16,150,-134
108900237,21,56,-35
108900240,92,31,61
108900241,49,38,11
108900245,1,864,-863
108900249,42,4,38
108900250,138,16,122
108900257,107,18,89
108900258,1,30,-29
108900259,0,10,-10
108900260,6,1,5
108900261,7,12,-5
108900262,43,8,35
108900263,33,22,11
108900264,22,43,-21
108900265,115,253,-138
108900266,97,515,-418
108900267,0,146,-146
108900268,0,9,-9
108900269,25,9,16
108900270,56,3,53
108900271,23,2,21
108900272,160,5,155
108900273,102,224,-122
108900274,10,6,4
109000001,2085,2273,-188
109000002,279,820,-541
109000003,1998,258,1740
109000004,233,736,-503
109000005,1496,259,1237
109000006,250,415,-165
109000007,1613,169,1444
109000008,292,385,-93
109000009,2713,394,2319
109000010,245,640,-395
109000011,3482,1063,2419
109000012,571,780,-209
109000013,3838,3046,792
109000014,571,483,88
109000015,2345,7126,-4781
109000016,970,569,401
109000017,2690,433,2257
109000018,334,667,-333
109000019,1727,482,1245
109000020,450,436,14
109000023,116,1,115
109000024,3,103,-100
109000025,171,269,-98
109000026,172,67,105
109000027,77,265,-188
109000028,26,32,-6
109000029,42,205,-163
109000030,2,63,-61
109000031,273,30,243
109000032,10,70,-60
109000033,512,72,440
109000034,3,33,-30
109000035,4,11,-7
109000036,13,256,-243
109000037,289,2270,-1981
109000038,133,165,-32
109000039,625,524,101
109000040,1292,10569,-9277
109000041,554,1722,-1168
109000042,285,1258,-973
109000044,334,15,319
109000045,48,16,32
109000046,501,8,493
109000047,13,24,-11
109000048,330,93,237
109000049,68,20,48
109000050,237,81,156
109000051,36,4,32
109000052,304,341,-37
109000053,237,37,200
109000054,29,174,-145
109000055,104,82,22
109000056,55,80,-25
109000057,621,225,396
109000058,89,69,20
109000059,34,489,-455
109000060,55,267,-212
109000061,83,1025,-942
109000062,60,228,-168
109000063,100,13,87
109000064,534,23,511
109000065,160,28,132
109000066,367,45,322
109000067,18,24,-6
109000068,230,4,226
109000069,189,13,176
109000070,2,238,-236
109000071,163,17,146
109000072,48,105,-57
109000073,36,71,-35
109000074,7,79,-72
109000075,22,37,-15
109000076,49,150,-101
109000077,123,124,-1
109000078,32,79,-47
109000079,86,160,-74
109000080,164,61,103
109000081,152,148,4
109000082,530,71,459
109000083,175,168,7
109000088,90,88,2
109000089,377,39,338
109000090,59,116,-57
109000091,388,56,332
109000092,57,82,-25
109000093,387,101,286
109000094,808,2,806
109000095,92,88,4
109000096,771,40,731
109000097,10,45,-35
109000098,9,94,-85
109000099,529,66,463
109000100,167,206,-39
109000101,1278,186,1092
109000102,227,161,66
109000103,407,142,265
109000104,1765,138,1627
109000105,183,230,-47
109000106,1278,158,1120
109000107,247,288,-41
109000108,1999,165,1834
109000109,159,222,-63
109000110,813,253,560
109000111,363,276,87
109000112,40,39,1
109000113,128,64,64
109000114,121,103,18
109000115,260,6,254
109000116,7,180,-173
109000117,104,5,99
109000118,3,130,-127
109000119,1498,12,1486
109000120,117,189,-72
109000121,639,2,637
109000122,102,175,-73
109000123,10,32,-22
109000124,613,83,530
109000125,720,90,630
109000126,197,162,35
109000127,987,38,949
109000128,244,274,-30
109000129,2669,90,2579
109000130,147,282,-135
109000131,505,457,48
109000132,187,476,-289
109000133,98,230,-132
109000134,214,308,-94
109000135,112,240,-128
109000136,115,144,-29
109000137,161,97,64
109000138,170,85,85
109000139,395,95,300
109000140,86,74,12
109000141,280,173,107
109000142,56,164,-108
109000143,38,20,18
109000145,44,49,-5
109000146,30,13,17
109000148,603,759,-156
109000149,26,31,-5
109000150,16,82,-66
109000155,512,440,72
109000156,412,66,346
109000158,17,150,-133
109000159,35,105,-70
109000160,1048,60,988
109000161,356,213,143
109000162,1240,138,1102
109000163,751,312,439
109000164,684,618,66
109000165,948,210,738
109000166,659,50,609
109000167,91,100,-9
109000170,19,14,5
109000171,59,4,55
109000172,1,23,-22
109000173,0,74,-74
109000174,161,14,147
109000175,26,30,-4
109000176,244,56,188
109000177,4,19,-15
109000178,815,54,761
109000179,1394,3844,-2450
109000180,1249,1517,-268
109000181,42,1,41
109000182,54,5,49
109000183,69,8,61
109000184,31,8,23
109000185,3,0,3
109000188,173,338,-165
109000189,1967,165,1802
109000190,531,198,333
109000191,205,140,65
109000192,403,42,361
109000193,263,37,226
109000194,124,14,110
109000195,146,42,104
109000196,120,7,113
109000197,118,66,52
109000198,246,15,231
109000199,39,53,-14
109000206,123,3,120
109000207,132,5,127
109000208,79,77,2
109000209,166,26,140
109000210,30,131,-101
109000211,813,171,642
109000214,106,118,-12
109000215,67,61,6
109000216,292,316,-24
109000217,15,38,-23
109000218,131,86,45
109000221,43,211,-168
109000222,421,40,381
109000223,352,273,79
109000224,75,56,19
109000225,179,9,170
109000226,35,28,7
109000227,1502,136,1366
109000228,0,46,-46
109000231,0,55,-55
109000232,478,42,436
109000236,46,236,-190
109000241,767,315,452
109000242,725,172,553
109000293,51,32,19
109000361,34,46,-12
109000364,27,124,-97
109000396,4,106,-102
109000397,580,0,580
109000399,47,96,-49
109000400,106,60,46
109000403,4,619,-615
109000406,303,2,301
109000407,26,40,-14
109000408,0,3,-3
109000410,378,44,334
109000411,116,29,87
109900001,49,0,49
109900002,459,1,458
109900003,572,7,565
109900004,92,53,39
109900005,13,0,13
109900006,351,22,329
109900007,1007,54,953
109900008,0,4,-4
109900009,43,99,-56
109900010,431,2,429
109900011,40,35,5
109900012,285,58,227
109900013,225,22,203
109900014,133,50,83
109900015,88,11,77
109900016,86,2,84
109900017,190,47,143
109900018,102,5,97
109900019,46,15,31
109900020,36,6,30
109900021,39,7,32
109900022,47,33,14
109900023,26,6,20
109900024,0,0,0
109900025,1,10,-9
109900026,1,53,-52
109900027,32,23,9
109900028,275,1612,-1337
109900029,1,58,-57
109900030,6,5,1
109900031,1,217,-216
109900032,3,49,-46
109900033,2,139,-137
109900034,20,16,4
109900035,33,40,-7
109900036,1,6,-5
109900037,4,98,-94
109900038,74,48,26
109900039,0,0,0
109900040,26,106,-80
109900041,14,72,-58
109900042,1,82,-81
109900044,18,53,-35
109900045,50,3,47
109900046,68,17,51
109900047,53,87,-34
109900048,0,14,-14
109900049,13,12,1
109900050,0,7,-7
109900051,0,5,-5
109900052,16,54,-38
109900053,0,57,-57
109900054,863,45,818
109900055,145,87,58
109900056,3,84,-81
109900057,0,32,-32
109900058,0,9,-9
109900059,1323,36,1287
109900060,585,44,541
109900061,37,23,14
109900062,0,22,-22
109900063,21,179,-158
109900064,384,36,348
109900065,20,24,-4
109900066,51,104,-53
109900067,0,85,-85
109900068,57,6,51
109900069,0,1,-1
109900070,7,72,-65
109900071,0,3,-3
109900072,0,21,-21
109900073,402,70,332
109900074,0,5,-5
109900075,3,5,-2
109900076,1,26,-25
109900077,13,15,-2
109900078,44,31,13
109900080,73,43,30
109900081,1,61,-60
109900082,31,39,-8
109900083,0,9,-9
109900084,6,59,-53
109900085,35,107,-72
109900086,24,546,-522
109900087,31,72,-41
109900089,430,20,410
109900090,180,180,0
109900091,484,12,472
109900092,72,17,55
109900093,796,37,759
109900094,8,23,-15
109900095,15,69,-54
109900096,37,1,36
109900097,104,0,104
109900098,524,3,521
109900099,382,2,380
109900100,40,0,40
109900101,1007,3,1004
109900102,154,19,135
109900103,13,37,-24
109900104,720,92,628
109900105,488,18,470
109900106,257,29,228
109900107,352,11,341
109900108,34,55,-21
109900109,13,7,6
109900110,17,77,-60
109900111,55,81,-26
109900112,64,117,-53
109900113,609,196,413
109900114,105,622,-517
109900115,90,31,59
109900117,1125,40,1085
109900118,68,56,12
109900119,27,54,-27
109900120,26,12,14
109900121,119,63,56
109900122,482,9,473
109900123,21,18,3
109900124,9,69,-60
109900125,0,55,-55
109900126,394,8,386
109900128,293,2,291
109900130,1299,1999,-700
109900131,4,70,-66
109900132,1,51,-50
109900133,40,82,-42
109900134,18,5,13
109900135,28,18,10
109900136,1,9,-8
109900137,85,48,37
109900140,40,24,16
109900142,1588,59,1529
109900145,1,347,-346
109900146,29,27,2
109900148,4,13,-9
109900149,1,8,-7
109900150,0,10,-10
109900151,0,3,-3
109900152,0,2,-2
109900153,0,2,-2
109900154,1,0,1
109900155,6,5,1
109900157,71,36,35
109900158,46,12,34
109900159,37,5,32
109900160,45,13,32
109900161,289,32,257
109900162,161,16,145
109900163,165,70,95
109900164,44,142,-98
109900165,80,0,80
109900166,0,23,-23
109900167,50,154,-104
109900168,64,216,-152
109900169,142,29,113
109900170,66,708,-642
109900171,247,78,169
109900172,134,161,-27
109900173,509,1239,-730
109900174,10,33,-23
109900175,31,19,12
109900176,14,33,-19
109900177,5,16,-11
109900178,1,17,-16
109900179,1,36,-35
109900180,0,2,-2
110000001,147,130,17
110000002,453,302,151
110000003,167,328,-161
110000004,319,277,42
110000005,196,1496,-1300
110000006,116,220,-104
110000007,72,30,42
110000008,9,106,-97
110000009,7,3,4
110000010,4,61,-57
110000011,10,11,-1
110000012,243,122,121
110000013,15,311,-296
110000014,356,318,38
110000015,86,308,-222
110000016,200,796,-596
110000017,1290,172,1118
110000018,916,191,725
110000019,12,27,-15
110000020,166,90,76
110000021,39,112,-73
110000022,721,22,699
110000023,1,34,-33
110000024,189,158,31
110000025,733,1,732
110000026,5,110,-105
110000027,209,267,-58
110000028,563,169,394
110000029,204,335,-131
110000030,239,206,33
110000031,83,148,-65
110000032,603,97,506
110000033,39,56,-17
110000034,630,152,478
110000035,242,330,-88
110000036,959,197,762
110000037,39,174,-135
110000038,117,482,-365
110000039,475,3221,-2746
110000040,242,100,142
110000041,288,2048,-1760
110000042,29,69,-40
110000043,487,252,235
110000044,40,54,-14
110000045,46,54,-8
110000046,6,13,-7
110000047,27,20,7
110000048,1,86,-85
110000049,5,12,-7
110000050,3,107,-104
110000051,10,5,5
110000052,14,17,-3
110000053,10,4,6
110000054,33,144,-111
110000055,46,52,-6
110000056,44,23,21
110000057,122,341,-219
110000058,281,187,94
110000059,203,190,13
110000060,632,317,315
110000061,221,256,-35
110000062,485,240,245
110000063,32,113,-81
110000064,27,24,3
110000065,141,69,72
110000066,72,3,69
110000067,13,21,-8
110000068,94,38,56
110000069,575,4,571
110000071,355,5,350
110000073,1,0,1
110000075,41,3,38
110000076,291,329,-38
110000077,108,652,-544
110000078,78,17,61
110000080,46,105,-59
110000081,14,71,-57
110000082,4,129,-125
110000083,87,172,-85
110000084,769,607,162
110000085,501,348,153
110000086,349,1155,-806
110000087,11,4,7
110000088,147,118,29
110000089,144,34,110
110000090,82,54,28
110000091,230,59,171
110000092,6,31,-25
110000093,12,6,6
110000094,88,53,35
110000095,97,562,-465
110000096,509,1448,-939
110000097,370,1010,-640
110000098,861,190,671
110000099,504,834,-330
110000100,1371,71,1300
110000101,135,69,66
110000102,45,40,5
110000104,241,134,107
110000105,80,111,-31
110000106,131,328,-197
110000107,89,124,-35
110000108,40,93,-53
110000109,63,81,-18
110000110,756,1531,-775
110000111,1199,1554,-355
110000112,91,289,-198
110000113,49,1649,-1600
110000114,293,424,-131
110000115,395,73,322
110000116,32,10,22
110000117,358,52,306
110000118,750,52,698
110000119,581,79,502
110000120,135,23,112
110000121,39,271,-232
110000122,119,190,-71
110000123,212,147,65
110000124,0,256,-256
110000125,224,1,223
110000126,102,3,99
110000127,439,2,437
110000128,8,312,-304
110000129,0,98,-98
110000130,177,67,110
110000131,67,82,-15
110000132,0,122,-122
110000133,2,123,-121
110000134,26,140,-114
110000135,95,5,90
110000136,17,72,-55
110000137,421,107,314
110000138,643,161,482
110000139,767,144,623
110000140,358,262,96
110000143,200,155,45
110000144,782,658,124
110000145,564,385,179
110000146,382,199,183
110000147,122,444,-322
110000148,413,54,359
110000151,223,355,-132
110000152,169,238,-69
110000153,294,10,284
110000154,21,52,-31
110000155,399,673,-274
110000156,280,433,-153
110000157,247,960,-713
110000160,130,75,55
110000161,81,117,-36
110000166,656,20,636
110000167,1299,329,970
110000168,310,447,-137
110000169,332,229,103
110000170,122,38,84
110000171,293,67,226
110000172,157,203,-46
110000173,199,155,44
110000174,66,130,-64
110000175,1180,31,1149
110000176,20,546,-526
110000177,88,878,-790
110000178,178,2004,-1826
110000179,491,102,389
110000180,123,94,29
110000181,648,199,449
110000182,52,60,-8
110000183,2629,4421,-1792
110000184,170,1871,-1701
110000185,154,277,-123
110000186,229,539,-310
110000191,1086,235,851
110000192,554,1,553
110000193,1117,1,1116
110000194,17,138,-121
110000195,267,11,256
110000196,396,39,357
110000197,54,8,46
110000198,17,16,1
110000199,19,37,-18
110000200,192,149,43
110000201,481,593,-112
110000202,622,243,379
110000203,91,114,-23
110000204,5,65,-60
110000205,296,7,289
110000206,158,244,-86
110000207,1208,43,1165
110000208,53,196,-143
110000209,75,112,-37
110000210,1196,166,1030
110000211,628,248,380
110000212,211,972,-761
110000213,184,18,166
110000214,303,5,298
110000215,33,71,-38
110000216,40,46,-6
110000217,286,20,266
110000218,78,24,54
110000219,250,12,238
110000220,2,33,-31
110000221,437,1,436
110000222,29,73,-44
110000223,5,23,-18
110000224,2,0,2
110000225,89,255,-166
110000226,170,23,147
110000227,77,212,-135
110000228,207,30,177
110000229,0,82,-82
110000230,400,223,177
110000231,157,203,-46
110000232,60,78,-18
110000233,77,136,-59
110000234,236,119,117
110000235,515,297,218
110000236,181,114,67
110000237,1173,396,777
110000238,532,290,242
110000239,928,255,673
110000240,0,9,-9
110000242,0,4,-4
110000243,99,36,63
110000244,31,71,-40
110000245,2,159,-157
110000246,676,138,538
110000247,470,501,-31
110000248,595,209,386
110000249,80,10,70
110000250,9,45,-36
110000251,203,54,149
110000252,398,61,337
110000253,1219,77,1142
110000254,602,155,447
110000255,75,160,-85
110000256,317,38,279
110000257,89,29,60
110000258,0,48,-48
110000259,89,12,77
110000260,78,30,48
110000263,448,22,426
110000264,435,55,380
110000265,707,586,121
110000266,674,786,-112
110000267,30,18,12
110000268,183,44,139
110000269,0,16,-16
110000270,89,1,88
110000271,523,46,477
110000272,402,438,-36
110000273,356,372,-16
110000274,116,1587,-1471
110000275,335,353,-18
110000276,86,411,-325
110000277,241,73,168
110000278,121,180,-59
110000279,593,146,447
110000280,491,118,373
110000281,56,21,35
110000282,59,2,57
110000283,4,36,-32
110000284,0,11,-11
110000285,1,85,-84
110000286,8,0,8
110000287,75,0,75
110000288,1,13,-12
110000289,188,1607,-1419
110000290,230,484,-254
110000291,798,405,393
110000292,218,4695,-4477
110000293,400,166,234
110000294,1236,1307,-71
110000295,41,153,-112
110000296,500,135,365
110000297,1827,55,1772
110000298,10,130,-120
110000299,132,25,107
110000301,323,9,314
110000302,361,221,140
110000303,438,1,437
110000304,111,55,56
110000305,1267,7,1260
110000306,260,174,86
110000307,1722,5,1717
110000308,285,13,272
110000309,1,148,-147
110000310,815,18,797
110000311,1,164,-163
110000312,425,12,413
110000313,1235,497,738
110000314,0,39,-39
110000315,683,871,-188
110000316,100,386,-286
110000317,98,177,-79
110000318,0,9,-9
110000319,1,12,-11
110000320,0,10,-10
110000321,22,33,-11
110000322,43,134,-91
110000323,515,59,456
110000324,697,438,259
110000325,788,2427,-1639
110000327,204,97,107
110000328,49,149,-100
110000333,596,621,-25
110000334,124,335,-211
110000335,397,174,223
110000336,164,218,-54
110000337,1306,167,1139
110000338,261,92,169
110000339,430,57,373
110000340,32,37,-5
110000341,279,106,173
110000342,42,0,42
110000343,0,1,-1
110000344,13,71,-58
110000345,27,122,-95
110000346,509,710,-201
110000347,653,256,397
110000348,23,5,18
110000349,9,8,1
110000350,20,0,20
110000351,1112,195,917
110000352,230,894,-664
110000353,1454,209,1245
110000354,290,1783,-1493
110000355,263,20,243
110000356,158,7,151
110000357,486,7,479
110000361,28,10,18
110000362,147,18,129
110000363,455,11,444
110000364,250,89,161
110000365,73,1,72
110000366,0,96,-96
110000367,221,66,155
110000368,1,48,-47
110000369,33,5,28
110000373,0,126,-126
110000374,30,8,22
110000375,52,361,-309
110000376,15,48,-33
110000377,48,200,-152
110000378,2,322,-320
110000379,891,1866,-975
110000380,110,4,106
110000383,0,147,-147
110000384,376,36,340
110000385,2,37,-35
110000387,112,1,111
110000388,23,59,-36
110000389,196,1,195
110000391,640,95,545
110000396,151,15,136
110000397,51,18,33
110000398,1,2,-1
110000399,52,1,51
110000587,133,47,86
110000589,192,32,160
110000640,75,20,55
110000652,5,143,-138
110000653,198,120,78
110000654,0,106,-106
110000656,0,81,-81
110000674,80,17,63
110000675,0,8,-8
110000676,0,6,-6
110000679,32,326,-294
110000682,88,83,5
110000683,140,106,34
110000684,0,26,-26
110000685,6,10,-4
110000686,0,23,-23
110000687,6,1,5
110000688,22,959,-937
110000689,15,33,-18
110000692,9,52,-43
110000693,4,172,-168
110000694,0,39,-39
110000695,19,161,-142
110000696,16,35,-19
110900001,225,22,203
110900002,161,47,114
110900003,1290,70,1220
110900004,415,28,387
110900005,723,2734,-2011
110900006,68,54,14
110900007,172,94,78
110900008,0,9,-9
110900009,233,393,-160
110900010,2,18,-16
110900011,1,10,-9
110900012,2,89,-87
110900013,786,28,758
110900014,219,2,217
110900015,88,333,-245
110900016,31,149,-118
110900017,350,10,340
110900018,413,5,408
110900019,355,6,349
110900020,218,27,191
110900021,129,77,52
110900022,63,44,19
110900023,7,85,-78
110900024,35,57,-22
110900025,0,14,-14
110900027,2,19,-17
110900028,7,16,-9
110900029,2,59,-57
110900030,2,19,-17
110900031,3,56,-53
110900032,0,24,-24
110900033,31,53,-22
110900035,14,314,-300
110900036,58,6,52
110900037,40,8,32
110900038,121,40,81
110900039,0,117,-117
110900040,136,2,134
110900041,6,18,-12
110900042,27,28,-1
110900043,4,7,-3
110900044,25,0,25
110900045,76,80,-4
110900046,6,18,-12
110900047,52,210,-158
110900049,115,60,55
110900050,30,1,29
110900051,9,39,-30
110900052,0,59,-59
110900053,95,7,88
110900054,10,71,-61
110900055,3,0,3
110900056,9,87,-78
110900057,1,82,-81
110900058,188,21,167
110900059,185,160,25
110900060,190,12,178
110900061,1,28,-27
110900062,61,20,41
110900063,2,38,-36
110900064,9,0,9
110900065,53,26,27
110900066,5,19,-14
110900067,73,389,-316
110900068,88,17,71
110900069,1,2,-1
110900070,72,15,57
110900071,58,1030,-972
110900073,0,7,-7
110900074,572,69,503
110900075,412,28,384
110900077,1007,104,903
110900078,89,7,82
110900079,387,141,246
110900080,135,29,106
110900081,1,14,-13
110900082,131,21,110
110900083,129,43,86
110900084,69,3,66
110900085,24,66,-42
110900086,17,133,-116
110900087,253,23,230
110900088,8,0,8
110900090,22,77,-55
110900091,0,27,-27
110900093,152,45,107
110900095,18,5,13
110900097,5,4,1
110900098,0,9,-9
110900099,19,66,-47
110900100,0,2,-2
110900102,23,73,-50
110900105,227,56,171
110900108,15,63,-48
110900111,73,17,56
110900112,420,2,418
110900113,83,40,43
110900115,0,8,-8
110900116,1203,297,906
110900118,15,2951,-2936
110900119,845,58,787
110900120,116,13,103
110900121,33,0,33
110900122,291,57,234
110900125,125,472,-347
110900127,49,365,-316
110900128,31,89,-58
110900129,93,378,-285
110900130,48,136,-88
110900131,139,5,134
110900132,438,7,431
110900133,50,20,30
110900135,27,52,-25
110900136,279,3,276
110900137,1,0,1
110900138,86,134,-48
110900139,0,42,-42
110900140,6,0,6
110900141,15,27,-12
110900142,29,13,16
110900143,310,31,279
110900144,0,75,-75
110900145,108,83,25
110900146,84,145,-61
110900147,7,14,-7
110900148,0,15,-15
110900149,0,7,-7
110900150,13,8,5
110900151,0,22,-22
110900152,13,20,-7
110900153,131,2,129
111000001,528,293,235
111000002,343,471,-128
111000003,1471,773,698
111000004,388,578,-190
111000005,497,763,-266
111000006,485,1018,-533
111000007,2196,1848,348
111000008,1610,2189,-579
111000009,202,329,-127
111000010,926,297,629
111000011,60,390,-330
111000012,211,348,-137
111000013,195,543,-348
111000014,1376,239,1137
111000017,5,361,-356
111000018,62,121,-59
111000020,134,432,-298
111000021,9,46,-37
111000023,62,28,34
111000025,1076,1512,-436
111000029,58,20,38
111000030,24,10,14
111000031,692,433,259
111000032,316,86,230
111000033,118,39,79
111000034,154,72,82
111000037,414,310,104
111000038,812,507,305
111000039,517,444,73
111000040,526,435,91
111000041,86,117,-31
111000042,869,911,-42
111000043,1138,2061,-923
111000044,1217,228,989
111000045,1989,976,1013
111000046,1339,736,603
111000047,1597,4391,-2794
111000049,76,113,-37
111000050,258,252,6
111000051,192,202,-10
111000052,138,207,-69
111000053,65,122,-57
111000054,162,134,28
111000055,285,345,-60
111000056,65,204,-139
111000057,37,133,-96
111000058,447,53,394
111000059,396,157,239
111000060,2835,344,2491
111000061,565,97,468
111000062,846,199,647
111000063,958,551,407
111000064,851,218,633
111000065,1015,366,649
111000066,623,182,441
111000067,744,174,570
111000068,473,85,388
111000069,379,638,-259
111000070,252,186,66
111000071,78,103,-25
111000072,924,442,482
111000073,134,772,-638
111000074,744,512,232
111000075,394,128,266
111000076,485,217,268
111000077,618,357,261
111000078,701,217,484
111000079,457,144,313
111000080,358,152,206
111000081,992,3207,-2215
111000082,726,142,584
111000084,500,252,248
111000085,511,513,-2
111000086,862,312,550
111000087,422,194,228
111000088,1624,1975,-351
111000089,320,323,-3
111000090,284,326,-42
111000091,319,139,180
111000092,1238,279,959
111000093,591,370,221
111000094,710,342,368
111000095,434,1371,-937
111000096,385,4074,-3689
111000097,1158,370,788
111000098,154,206,-52
111000099,156,528,-372
111000100,316,450,-134
111000101,146,266,-120
111000102,75,75,0
111000104,793,34,759
111000107,28,98,-70
111000109,729,44,685
111000110,854,238,616
111000111,2806,45,2761
111000112,1640,71,1569
111000113,675,1728,-1053
111000114,536,2672,-2136
111000115,1397,414,983
111000116,474,257,217
111000117,293,199,94
111000118,468,199,269
111000119,992,270,722
111000120,537,279,258
111000121,249,245,4
111000122,125,204,-79
111000123,476,582,-106
111000124,180,691,-511
111000125,137,237,-100
111000126,26,127,-101
111000127,677,32,645
111000128,1885,75,1810
111000129,2087,103,1984
111000130,2038,114,1924
111000131,2118,133,1985
111000132,1646,1098,548
111000133,53,14,39
111000134,44,10,34
111000135,67,101,-34
111000136,297,79,218
111000138,14,20,-6
111000140,0,21,-21
111000141,65,100,-35
111000142,0,74,-74
111000143,1,97,-96
111000144,0,138,-138
111000145,52,1,51
111000146,89,2,87
111000147,51,3,48
111000148,28,25,3
111000149,0,130,-130
111000150,95,5,90
111000151,0,5,-5
111000153,120,100,20
111000154,189,72,117
111000155,139,43,96
111000156,337,136,201
111000157,146,192,-46
111000158,470,337,133
111000159,1189,387,802
111000160,290,95,195
111000161,2,233,-231
111000162,3,37,-34
111000163,488,361,127
111000164,153,954,-801
111000165,276,74,202
111000166,106,56,50
111000167,46,115,-69
111000168,109,139,-30
111000169,136,95,41
111000170,107,121,-14
111000171,213,94,119
111000172,69,232,-163
111000173,70,478,-408
111000174,222,53,169
111000175,67,35,32
111000176,355,45,310
111000177,867,132,735
111000178,1881,152,1729
111000179,378,27,351
111000180,254,177,77
111000181,1400,61,1339
111000182,289,38,251
111000183,83,91,-8
111000184,182,54,128
111000185,70,36,34
111000186,124,75,49
111000187,148,57,91
111000188,185,63,122
111000189,70,139,-69
111000190,74,57,17
111000191,124,48,76
111000192,44,98,-54
111000193,103,24,79
111000194,32,26,6
111000195,27,64,-37
111000196,28,40,-12
111000197,412,25,387
111000198,260,18,242
111000199,294,99,195
111000200,483,154,329
111000201,617,23,594
111000202,371,17,354
111000203,240,49,191
111000204,171,910,-739
111000213,86,185,-99
111000214,478,328,150
111000215,689,342,347
111000217,1028,240,788
111000218,1370,332,1038
111000219,81,69,12
111000220,308,281,27
111000221,57,53,4
111000224,4,59,-55
111000225,372,296,76
111000226,15,1,14
111000227,25,0,25
111000228,1,587,-586
111000229,4,1432,-1428
111000230,16,59,-43
111000231,389,70,319
111000232,590,133,457
111000233,1067,165,902
111000234,126,205,-79
111000239,6,18,-12
111000240,29,259,-230
111000241,34,50,-16
111000242,211,39,172
111000243,140,80,60
111000244,669,47,622
111000245,265,32,233
111000246,560,59,501
111000247,398,117,281
111000248,395,71,324
111000249,381,100,281
111000250,36,5,31
111000251,22,16,6
111000253,31,5,26
111000255,29,2,27
111000257,23,2,21
111000260,32,338,-306
111000261,1073,13,1060
111000271,11,100,-89
111000273,902,408,494
111000274,889,1164,-275
111000275,31,8,23
111000276,75,322,-247
111000277,156,90,66
111000278,206,47,159
111000291,629,7279,-6650
111000298,344,40,304
111000299,341,81,260
111000300,20,70,-50
111000302,211,16,195
111000303,108,39,69
111000312,35,8,27
111000315,0,84,-84
111000320,74,62,12
111000321,262,71,191
111000322,279,80,199
111000323,327,32,295
111000324,188,68,120
111000325,16,19,-3
111000326,117,60,57
111000327,169,129,40
111000328,332,218,114
111000329,0,21,-21
111000330,32,12,20
111000331,9,3,6
111000332,261,272,-11
111000334,115,291,-176
111000335,689,26,663
111000337,1388,110,1278
111000338,36,13,23
111000339,654,74,580
111000340,19,160,-141
111000341,1173,647,526
111000342,8,316,-308
111000344,716,203,513
111000345,40,108,-68
111000346,3,54,-51
111000347,85,0,85
111000350,83,62,21
111000351,32,166,-134
111000352,128,26,102
111000353,44,81,-37
111000354,284,34,250
111000355,169,86,83
111000358,71,182,-111
111000360,75,123,-48
111000361,178,75,103
111000546,518,78,440
111000547,335,59,276
111000548,54,46,8
111000549,117,21,96
111000550,12,465,-453
111000551,87,12,75
111000552,151,81,70
111000907,628,11,617
111000908,44,1,43
111000916,1952,25,1927
111000917,32,173,-141
111000918,106,135,-29
111000920,432,12,420
111000921,0,37,-37
111000922,571,42,529
111000924,4,119,-115
111000925,2730,1092,1638
111000926,737,490,247
111000927,1576,2134,-558
111000928,1748,473,1275
111000929,1624,380,1244
111000930,459,497,-38
111000931,1238,692,546
111000932,1171,608,563
111000933,2133,1576,557
111000934,398,512,-114
111000935,1711,560,1151
111000936,307,385,-78
111000937,1054,592,462
111000938,349,305,44
111000939,585,2,583
111000940,928,18,910
111000941,295,46,249
111000943,808,87,721
111000944,41,73,-32
111000945,94,234,-140
111001109,281,528,-247
111001110,49,107,-58
111001111,140,0,140
111001112,136,4,132
111001113,0,88,-88
111001114,232,52,180
111001115,9,185,-176
111001116,518,3958,-3440
111001117,109,1277,-1168
111001120,73,40,33
111001121,21,94,-73
111001122,125,37,88
111001123,536,21,515
111001124,138,39,99
111001125,1,299,-298
111900001,20,12,8
111900002,36,15,21
111900003,0,27,-27
111900004,4,3,1
111900006,10,10,0
111900007,264,1,263
111900008,211,0,211
111900009,231,32,199
111900010,17,135,-118
111900012,35,17,18
111900013,20,13,7
111900014,919,4078,-3159
111900015,0,24,-24
111900016,0,20,-20
111900017,0,25,-25
111900018,123,2,121
111900019,13,87,-74
111900020,0,13,-13
111900021,7,2,5
111900022,8,3,5
111900023,73,12,61
111900024,29,4,25
111900025,0,18,-18
111900026,0,27,-27
111900027,0,5,-5
111900028,0,37,-37
111900029,0,14,-14
111900030,3,88,-85
111900031,6,5,1
111900032,0,60,-60
111900033,4,10,-6
111900034,20,115,-95
111900035,41,98,-57
111900036,0,47,-47
111900038,36,97,-61
111900039,3,71,-68
111900040,0,108,-108
111900042,1,25,-24
111900043,0,57,-57
111900044,28,43,-15
111900046,3,54,-51
111900048,353,119,234
111900049,2,67,-65
111900050,132,3,129
111900051,1,50,-49
111900052,83,54,29
111900053,265,1823,-1558
111900054,227,0,227
111900055,1,58,-57
111900056,45,179,-134
111900057,87,4,83
111900058,464,82,382
111900059,499,564,-65
111900060,205,0,205
111900061,1,49,-48
111900062,44,28,16
111900063,184,26,158
111900064,16,60,-44
111900065,208,21,187
111900066,151,63,88
111900067,0,36,-36
111900068,28,27,1
111900069,29,3,26
111900070,172,16,156
111900071,0,41,-41
111900072,17,12,5
111900073,831,107,724
111900074,0,21,-21
111900075,39,1,38
111900076,234,46,188
111900077,17,0,17
111900078,351,27,324
111900079,27,32,-5
111900080,40,52,-12
111900082,146,18,128
111900083,203,24,179
111900084,81,0,81
111900085,21,41,-20
111900086,104,11,93
111900087,81,0,81
111900088,636,6,630
111900089,61,1,60
111900090,21,30,-9
111900091,627,4,623
111900092,149,0,149
111900093,492,4,488
111900094,118,0,118
111900095,333,10,323
111900096,243,6,237
111900097,142,0,142
111900098,314,7,307
111900099,92,0,92
111900100,39,3,36
111900101,236,2,234
111900102,620,41,579
111900103,38,14,24
111900104,62,13,49
111900105,90,145,-55
111900106,65,1,64
111900110,396,59,337
111900111,225,4,221
111900112,126,2855,-2729
111900113,136,40,96
111900118,358,35,323
111900119,74,38,36
111900122,7,23,-16
111900123,16,3,13
111900124,17,26,-9
111900125,222,102,120
111900126,256,2,254
111900127,0,86,-86
111900128,0,110,-110
111900129,306,21,285
111900130,131,29,102
111900131,361,1,360
111900132,0,156,-156
111900133,0,63,-63
111900134,3,69,-66
111900135,0,17,-17
111900136,4,50,-46
111900137,54,11,43
111900138,17,17,0
111900139,12,18,-6
111900140,76,4,72
111900141,71,0,71
111900142,49,0,49
111900143,62,21,41
111900144,0,12,-12
111900145,11,54,-43
111900146,0,38,-38
111900147,15,54,-39
111900148,0,96,-96
111900149,15,57,-42
111900150,0,22,-22
111900151,0,18,-18
111900152,15,25,-10
111900153,200,589,-389
111900154,11,506,-495
111900155,46,61,-15
111900156,55,46,9
111900157,171,12,159
111900158,456,57,399
111900159,384,75,309
111900160,235,5,230
111900161,273,0,273
111900162,53,196,-143
111900163,2,46,-44
111900164,80,25,55
111901113,718,29,689
111901114,221,60,161
111901115,224,0,224
111901116,36,0,36
111901117,11,52,-41
111901118,1,348,-347
111901119,150,7,143
111901121,3,40,-37
111901122,3,75,-72
111901123,351,51,300
111901124,295,2,293
111901125,939,126,813
111901127,113,1142,-1029
111901128,1,6,-5
111901129,0,22,-22
111901130,3,17,-14
111901131,0,183,-183
111901132,32,15,17
111901133,81,0,81
111901134,164,1,163
111901135,42,1,41
111901136,60,44,16
111901137,1,0,1
111901138,25,3,22
111901139,1,17,-16
111901140,2,36,-34
111901141,0,32,-32
111901142,0,40,-40
111901143,0,21,-21
111901144,38,3,35
111901145,53,102,-49
111901146,7,0,7
111901147,8,16,-8
111901148,0,6,-6
112000001,2096,665,1431
112000002,662,1450,-788
112000003,2438,410,2028
112000004,414,189,225
112000005,2637,2408,229
112000006,358,216,142
112000007,2958,1917,1041
112000008,1982,2644,-662
112000009,1408,646,762
112000010,1777,2437,-660
112000011,797,505,292
112000012,2127,2587,-460
112000013,1011,946,65
112000014,572,1956,-1384
112000015,867,1514,-647
112000016,937,2188,-1251
112000017,286,1556,-1270
112000024,231,149,82
112000026,1320,1210,110
112000027,398,217,181
112000028,351,378,-27
112000029,245,397,-152
112000030,74,7,67
112000031,454,1634,-1180
112000032,86,5,81
112000033,643,1598,-955
112000034,98,27,71
112000035,60,217,-157
112000036,119,506,-387
112000037,278,408,-130
112000038,328,434,-106
112000039,83,14,69
112000040,6,74,-68
112000041,79,222,-143
112000042,218,51,167
112000050,657,327,330
112000051,490,908,-418
112000054,590,455,135
112000057,155,101,54
112000058,82,120,-38
112000059,281,194,87
112000061,864,301,563
112000062,235,486,-251
112000063,116,901,-785
112000064,1078,927,151
112000065,484,386,98
112000066,1242,659,583
112000067,175,141,34
112000068,1473,841,632
112000069,197,540,-343
112000070,581,394,187
112000071,317,554,-237
112000072,1615,403,1212
112000073,362,681,-319
112000074,447,270,177
112000075,583,515,68
112000076,1169,685,484
112000077,672,211,461
112000078,1285,401,884
112000079,930,650,280
112000080,428,379,49
112000081,356,633,-277
112000082,645,181,464
112000083,403,569,-166
112000084,820,221,599
112000085,920,387,533
112000086,1313,276,1037
112000087,583,82,501
112000088,376,156,220
112000089,129,76,53
112000090,61,108,-47
112000091,188,142,46
112000092,1904,272,1632
112000093,606,207,399
112000094,452,262,190
112000095,569,112,457
112000096,643,178,465
112000097,1452,207,1245
112000098,93,187,-94
112000099,410,1243,-833
112000100,1656,230,1426
112000101,240,100,140
112000102,1237,155,1082
112000103,224,192,32
112000105,185,172,13
112000106,1784,97,1687
112000107,105,45,60
112000108,444,284,160
112000109,292,19,273
112000110,1478,211,1267
112000111,232,725,-493
112000112,1237,179,1058
112000113,279,365,-86
112000114,1325,198,1127
112000115,202,47,155
112000116,321,123,198
112000117,410,157,253
112000118,183,238,-55
112000119,90,142,-52
112000120,33,69,-36
112000121,29,130,-101
112000122,353,20,333
112000123,638,21,617
112000124,377,10,367
112000125,168,106,62
112000126,445,136,309
112000127,937,1187,-250
112000128,239,267,-28
112000129,67,19,48
112000130,105,57,48
112000131,24,19,5
112000132,97,24,73
112000133,356,17,339
112000134,256,79,177
112000135,743,139,604
112000136,387,264,123
112000137,899,436,463
112000138,536,251,285
112000139,149,252,-103
112000140,87,282,-195
112000141,531,94,437
112000142,65,162,-97
112000143,942,41,901
112000144,160,244,-84
112000145,2033,120,1913
112000146,365,416,-51
112000147,1681,593,1088
112000148,422,508,-86
112000149,351,108,243
112000150,252,94,158
112000151,194,87,107
112000152,514,72,442
112000153,23,59,-36
112000154,68,132,-64
112000155,92,55,37
112000157,174,373,-199
112000158,130,70,60
112000159,829,89,740
112000167,90,136,-46
112000169,83,533,-450
112000173,928,80,848
112000175,202,79,123
112000176,470,415,55
112000177,777,163,614
112000178,13,94,-81
112000179,253,30,223
112000180,283,59,224
112000181,420,254,166
112000182,1535,199,1336
112000183,9,4,5
112000184,302,71,231
112000185,580,80,500
112000187,1727,1007,720
112000195,52,3,49
112000196,8,0,8
112000197,18,46,-28
112000198,9,54,-45
112000199,192,196,-4
112000202,414,5,409
112000216,11,44,-33
112000230,145,1,144
112000231,0,30,-30
112000256,40,143,-103
112000313,27,22,5
112000314,19,44,-25
112000337,49,271,-222
112000352,26,61,-35
112000392,666,256,410
112000398,1127,191,936
112000399,326,2326,-2000
112000400,351,318,33
112000401,543,416,127
112000402,2553,2453,100
112000403,529,3097,-2568
112000404,794,445,349
112000405,1889,1629,260
112000406,846,603,243
112000407,5381,4580,801
112000408,2186,854,1332
112000409,507,729,-222
112000410,32,133,-101
112000411,1329,886,443
112000412,191,117,74
112000413,1098,3484,-2386
112000414,89,16,73
112000415,72,5,67
112000416,2178,319,1859
112000417,151,29,122
112000421,61,11,50
112000422,211,84,127
112000424,267,1136,-869
112000425,174,156,18
112000426,141,207,-66
112000427,4,23,-19
112000428,275,77,198
112000429,855,664,191
112000430,1329,1299,30
112000431,59,64,-5
112000432,149,293,-144
112000433,275,188,87
112000437,39,68,-29
112900001,84,1,83
112900002,514,144,370
112900003,46,13,33
112900004,84,83,1
112900005,207,6,201
112900006,31,27,4
112900007,62,5,57
112900008,0,6,-6
112900009,204,123,81
112900010,232,74,158
112900011,69,10,59
112900012,0,4,-4
112900013,1,44,-43
112900014,3,44,-41
112900015,36,155,-119
112900016,6,36,-30
112900017,14,37,-23
112900018,3,57,-54
112900019,2,48,-46
112900020,114,191,-77
112900021,6,87,-81
112900022,2,5,-3
112900023,0,32,-32
112900024,10,21,-11
112900025,17,35,-18
112900026,0,29,-29
112900027,0,131,-131
112900028,6,30,-24
112900029,11,40,-29
112900030,31,32,-1
112900031,1,45,-44
112900032,37,38,-1
112900034,0,14,-14
112900035,2,30,-28
112900036,1,16,-15
112900037,8,95,-87
112900038,601,26,575
112900039,1,39,-38
112900040,1,117,-116
112900041,39,425,-386
112900042,52,334,-282
112900043,21,8,13
112900044,55,46,9
112900045,42,30,12
112900046,64,5,59
112900047,3,15,-12
112900049,159,11,148
112900050,5,144,-139
112900051,29,132,-103
112900052,1,131,-130
112900053,39,69,-30
112900054,43,61,-18
112900055,32,2,30
112900056,114,138,-24
112900057,3,69,-66
112900058,130,130,0
112900059,35,32,3
112900060,5,19,-14
112900061,29,16,13
112900062,24,21,3
112900063,3,6,-3
112900064,1,15,-14
112900065,4,3,1
112900066,187,189,-2
112900067,97,12,85
112900068,34,35,-1
112900069,286,522,-236
112900071,9,12,-3
112900072,21,2010,-1989
112900073,260,128,132
112900074,39,250,-211
112900075,241,659,-418
112900076,4,28,-24
112900078,185,477,-292
112900079,181,6,175
112900080,107,6,101
112900081,32,238,-206
112900082,417,5,412
112900083,104,90,14
112900084,140,161,-21
112900086,45,0,45
112900087,762,54,708
112900088,41,1,40
112900089,599,3,596
112900090,45,41,4
112900091,188,4,184
112900092,46,452,-406
112900093,812,14,798
112900095,85,1,84
112900096,378,99,279
112900097,15,16,-1
112900098,43,0,43
112900099,890,5,885
112900100,43,2,41
112900101,233,1,232
112900102,46,50,-4
112900103,161,3,158
112900104,147,0,147
112900105,2,0,2
112900106,116,43,73
112900107,11,0,11
112900108,0,0,0
112900109,84,0,84
112900110,1196,4,1192
112900111,516,4,512
112900112,228,0,228
112900113,0,6,-6
112900114,304,13,291
112900115,1587,2,1585
112900116,81,11,70
112900117,121,2,119
112900118,0,2,-2
112900119,57,2,55
112900120,148,82,66
112900121,403,9,394
112900122,1,4,-3
112900123,90,8,82
112900124,0,10,-10
112900125,2,40,-38
112900126,15,40,-25
112900127,167,27,140
112900128,12,91,-79
112900129,1,154,-153
112900130,84,15,69
112900131,3,126,-123
112900132,18,321,-303
112900133,4,399,-395
112900134,0,48,-48
112900135,48,9,39
112900137,0,132,-132
112900138,1,21,-20
112900139,10,228,-218
112900141,473,1,472
112900142,12,67,-55
112900143,4,371,-367
112900144,2,977,-975
112900145,3,110,-107
112900146,2,28,-26
112900147,1,161,-160
112900148,6,0,6
112900149,35,94,-59
112900151,0,5,-5
112900152,2291,150,2141
112900153,92,1012,-920
112900154,0,4,-4
112900155,59,4,55
112900156,324,220,104
112900157,335,13,322
112900158,37,2,35
112900159,99,74,25
112900160,4,54,-50
112900161,45,7,38
112900162,1,7,-6
112900163,2,37,-35
112900164,2,38,-36
112900165,10,30,-20
112900166,2,37,-35
112900167,6,15,-9
112900168,17,0,17
112900169,12,5,7
112900170,152,1,151
112900172,26,17,9
112900173,39,7,32
112900174,164,31,133
112900175,68,40,28
112900176,5,30,-25
112900177,269,45,224
112900178,195,1736,-1541
112900179,2,175,-173
112900180,962,758,204
112900181,773,3,770
112900182,9,168,-159
112900183,16,20,-4
112900184,107,102,5
112900185,13,85,-72
112900186,342,276,66
112900187,16,261,-245
112900188,266,570,-304
112900189,0,0,0
112900190,1,0,1
112900192,189,120,69
112900193,298,47,251
112900194,24,1,23
112900195,245,4,241
112900196,122,80,42
112900197,13,141,-128
112900199,298,59,239
112900200,264,23,241
112900201,144,10,134
112900202,199,110,89
112900203,156,15,141
112900204,57,42,15
112900205,3,2,1
112900206,8,6,2
112900207,66,0,66
112900208,17,86,-69
112900209,20,69,-49
112900210,3,0,3
112900211,23,2,21
112900212,1,0,1
112900213,54,0,54
112900214,3,5,-2
112900215,45,10,35
112900216,8,13,-5
112900217,0,1,-1
112900218,29,3,26
112900219,60,7,53
112900220,1,0,1
112900221,18,19,-1
112900222,0,6,-6
112900223,277,1,276
112900224,521,43,478
112900225,327,33,294
112900226,32,70,-38
112900227,626,209,417
112900228,82,32,50
112900229,295,20,275
112900230,2222,973,1249
112900232,163,258,-95
112900233,17,22,-5
112900234,55,2,53
112900235,5,3,2
112900236,447,1,446
112900237,273,178,95
112900238,14,0,14
112900239,100,325,-225
112900240,1,0,1
112900241,0,1,-1
112900242,0,0,0
112900243,0,3,-3
112900244,0,1,-1
112900245,0,0,0
112900246,0,0,0
112900247,2,0,2
112900248,1,0,1
112900249,0,0,0
112900250,7,0,7
112900251,8,0,8
112900252,11,0,11
112900253,3,0,3
112900254,2,0,2
112900255,0,2,-2
112900256,0,7,-7
112900257,0,3,-3
113000001,2013,1620,393
113000002,1779,1397,382
113000003,596,715,-119
113000004,749,737,12
113000005,670,375,295
113000006,511,608,-97
113000007,1266,366,900
113000008,852,396,456
113000009,532,215,317
113000010,708,332,376
113000011,330,336,-6
113000012,553,240,313
113000013,223,230,-7
113000014,224,332,-108
113000015,31,61,-30
113000016,63,221,-158
113000017,25,114,-89
113000018,304,21,283
113000019,25,35,-10
113000020,133,10,123
113000021,724,221,503
113000022,558,607,-49
113000025,17,60,-43
113000026,382,364,18
113000027,365,315,50
113000028,203,192,11
113000029,237,253,-16
113000030,62,112,-50
113000031,61,75,-14
113000032,82,51,31
113000033,149,62,87
113000034,47,31,16
113000035,5,2,3
113000036,13,28,-15
113000037,5,8,-3
113000038,1,22,-21
113000039,4,117,-113
113000040,22,13,9
113000042,201,169,32
113000051,462,952,-490
113000052,809,163,646
113000053,194,125,69
113000054,193,364,-171
113000055,814,100,714
113000056,994,339,655
113000058,137,272,-135
113000059,591,97,494
113000060,120,227,-107
113000061,303,377,-74
113000062,176,171,5
113000063,191,28,163
113000064,145,71,74
113000065,209,186,23
113000066,685,55,630
113000067,1581,196,1385
113000068,209,173,36
113000069,246,124,122
113000070,1665,177,1488
113000071,202,117,85
113000072,533,95,438
113000073,113,271,-158
113000074,439,182,257
113000075,886,346,540
113000076,162,733,-571
113000077,304,226,78
113000078,129,416,-287
113000079,134,236,-102
113000080,206,286,-80
113000081,430,340,90
113000082,289,140,149
113000083,388,259,129
113000084,477,200,277
113000085,656,137,519
113000086,221,238,-17
113000087,567,458,109
113000088,391,329,62
113000089,358,647,-289
113000090,67,273,-206
113000091,78,35,43
113000094,570,95,475
113000095,133,130,3
113000096,32,182,-150
113000097,445,117,328
113000098,37,10,27
113000099,437,88,349
113000100,66,80,-14
113000101,56,131,-75
113000102,255,101,154
113000103,1303,172,1131
113000104,322,1085,-763
113000105,474,112,362
113000106,195,69,126
113000107,597,439,158
113000108,476,264,212
113000109,154,570,-416
113000110,1432,285,1147
113000111,93,262,-169
113000112,445,144,301
113000113,735,129,606
113000114,74,358,-284
113000116,110,86,24
113000117,259,150,109
113000118,33,205,-172
113000119,149,259,-110
113000120,26,281,-255
113000121,228,269,-41
113000124,171,55,116
113000125,4,691,-687
113000127,528,88,440
113000128,457,144,313
113000129,74,285,-211
113000133,562,55,507
113000134,1,603,-602
113000135,1879,1743,136
113000137,410,1467,-1057
113000139,69,72,-3
113000140,26,32,-6
113000141,68,26,42
113000142,132,82,50
113000143,115,41,74
113000144,69,37,32
113000145,61,30,31
113000146,24,2,22
113000147,56,17,39
113000148,187,44,143
113000149,74,55,19
113000150,136,128,8
113000151,2,6,-4
113000152,25,124,-99
113000153,260,75,185
113000154,148,683,-535
113000155,132,312,-180
113000156,54,85,-31
113000157,90,114,-24
113000158,136,17,119
113000159,337,71,266
113000160,185,179,6
113000161,181,135,46
113000162,251,23,228
113000163,48,5,43
113000164,0,4,-4
113000166,124,14,110
113000167,31,20,11
113000168,127,19,108
113000169,105,4,101
113000170,33,32,1
113000171,9,10,-1
113000172,166,17,149
113000173,49,18,31
113000174,62,54,8
113000175,282,22,260
113000176,453,40,413
113000177,53,62,-9
113000178,21,64,-43
113000179,198,28,170
113000180,563,843,-280
113000181,1020,482,538
113000182,39,103,-64
113000183,182,328,-146
113000184,2,7,-5
113000189,66,153,-87
113000190,208,93,115
113000192,334,1459,-1125
113000193,731,1012,-281
113000194,322,994,-672
113000195,661,643,18
113000196,337,85,252
113000197,563,1092,-529
113000198,30,116,-86
113000199,563,186,377
113000201,87,173,-86
113000202,2290,461,1829
113000203,42,85,-43
113000204,178,1286,-1108
113000205,0,1,-1
113000206,15,4,11
113000207,9,4,5
113000208,11,9,2
113000209,10,16,-6
113000210,2,19,-17
113000211,35,24,11
113000212,9,10,-1
113000213,2,39,-37
113000214,62,70,-8
113000234,37,153,-116
113000410,26,73,-47
113000411,449,961,-512
113000412,1807,591,1216
113000413,883,944,-61
113000414,1360,4607,-3247
113000415,579,482,97
113000416,862,705,157
113000417,229,445,-216
113000418,2043,1707,336
113000419,568,621,-53
113000420,1349,1908,-559
113000421,2035,3183,-1148
113000422,3821,3285,536
113000423,581,1368,-787
113000424,558,3574,-3016
113000425,1,39,-38
113000428,5,0,5
113000430,0,19,-19
113000432,1725,67,1658
113000433,77,309,-232
113000434,23,52,-29
113000435,3,57,-54
113000436,2,385,-383
113000437,766,34,732
113000438,191,19,172
113000439,6,10,-4
113000440,73,18,55
113000441,84,97,-13
113000442,54,13,41
113000443,299,29,270
113000444,181,14,167
113000445,68,15,53
113000446,5,25,-20
113000448,75,112,-37
113000449,23,715,-692
113000450,169,1346,-1177
113000451,743,137,606
113000452,17,272,-255
113000453,20,159,-139
113000454,47,64,-17
113000455,2,233,-231
113000456,317,717,-400
113000468,431,115,316
113000469,41,84,-43
113000470,98,12,86
113000471,2,231,-229
113000472,22,50,-28
113000474,861,369,492
113000475,578,528,50
113000476,1080,925,155
113000477,3174,807,2367
113000478,1427,1258,169
113000479,61,37,24
113000483,0,0,0
113000484,0,0,0
113000485,0,0,0
113000486,0,0,0
113000487,0,0,0
113000488,0,0,0
113000489,0,0,0
113000490,0,0,0
113000491,0,0,0
113000492,0,0,0
113000493,0,0,0
113000495,43,16,27
113000496,57,66,-9
113000497,0,0,0
113000499,0,0,0
113900001,0,119,-119
113900002,0,14,-14
113900003,0,30,-30
113900004,0,48,-48
113900005,1,64,-63
113900006,0,13,-13
113900007,21,161,-140
113900008,0,0,0
113900009,13,0,13
113900010,5,0,5
113900011,82,0,82
113900012,26,0,26
113900013,11,0,11
113900014,234,5,229
113900015,0,8,-8
113900016,20,0,20
113900017,5,8,-3
113900018,28,123,-95
113900019,96,5,91
113900020,124,0,124
113900022,20,0,20
113900023,8,0,8
113900024,24,0,24
113900025,32,8,24
113900026,19,0,19
113900027,1,21,-20
113900028,11,141,-130
113900029,40,35,5
113900030,359,1,358
113900031,17,1,16
113900032,10,0,10
113900033,20,4,16
113900035,7,0,7
113900036,21,13,8
113900037,76,227,-151
113900038,32,78,-46
113900039,127,6,121
113900040,0,4,-4
113900041,3,0,3
113900042,10,1,9
113900043,57,24,33
113900044,4,96,-92
113900045,25,0,25
113900046,21,174,-153
113900047,83,11,72
113900048,12,16,-4
113900049,74,203,-129
113900050,52,47,5
113900051,66,14,52
113900052,2,4,-2
113900053,121,381,-260
113900054,2,0,2
113900055,14,74,-60
113900056,33,21,12
113900057,2,13,-11
113900058,43,12,31
113900059,78,26,52
113900060,30,37,-7
113900061,186,42,144
113900062,74,0,74
113900063,28,8,20
113900064,5,3,2
113900065,337,6,331
113900066,210,27,183
113900067,150,14,136
113900068,205,333,-128
113900069,10,1,9
113900070,32,79,-47
113900071,65,3,62
113900072,3,13,-10
113900073,207,125,82
113900074,92,25,67
113900075,169,695,-526
113900076,77,0,77
113900077,20,45,-25
113900078,21,9,12
113900079,0,10,-10
113900080,143,49,94
113900081,15,12,3
113900082,38,48,-10
113900083,257,29,228
113900084,87,15,72
113900085,2,48,-46
113900086,27,5,22
113900087,45,47,-2
113900088,66,107,-41
113900089,181,5,176
113900090,85,104,-19
113900091,1,0,1
113900092,1,9,-8
113900093,1,340,-339
113900094,253,69,184
113900095,89,19,70
113900096,90,27,63
113900097,10,15,-5
113900098,389,65,324
113900099,0,1,-1
113900100,0,0,0
113900101,1,13,-12
113900102,1,23,-22
113900103,52,154,-102
113900104,46,22,24
113900105,100,15,85
113900106,0,2,-2
113900107,0,1,-1
113900108,10,43,-33
113900109,29,29,0
113900110,0,1,-1
113900111,52,14,38
113900112,103,5,98
113900113,314,57,257
113900114,0,1,-1
113900115,0,1,-1
113900116,1,35,-34
113900117,11,1,10
113900118,37,285,-248
113900119,70,107,-37
113900120,37,10,27
113900121,45,9,36
113900122,82,1838,-1756
113900123,145,15,130
113900124,0,22,-22
113900125,211,15,196
113900126,3,8,-5
113900127,52,216,-164
113900128,94,24,70
113900129,3,45,-42
113900130,1,6,-5
113900131,69,4,65
113900132,8,7,1
113900133,4,12,-8
113900135,112,66,46
113900136,12,8,4
113900137,171,60,111
113900138,6,59,-53
113900139,34,52,-18
113900140,45,110,-65
113900141,232,82,150
113900142,22,11,11
113900143,1,13,-12
113900144,42,24,18
113900145,35,9,26
113900146,117,26,91
113900148,20,54,-34
113900149,27,56,-29
113900150,393,86,307
113900151,221,41,180
113900152,7,48,-41
113900153,99,55,44
113900154,0,46,-46
113900155,7,12,-5
113900156,25,58,-33
113900157,14,196,-182
113900158,52,43,9
113900159,0,28,-28
113900160,70,32,38
113900161,54,45,9
113900162,41,71,-30
113900163,136,37,99
113900164,198,13,185
113900165,77,51,26
113900166,13,12,1
113900167,166,22,144
113900168,7,3,4
113900169,38,62,-24
113900171,78,17,61
113900172,1,13,-12
113900173,4,69,-65
113900174,49,112,-63
113900175,99,61,38
113900176,22,31,-9
113900177,29,57,-28
113900178,100,20,80
113900179,4,189,-185
113900180,8,10,-2
113900181,498,52,446
113900182,142,45,97
113900183,8,5,3
113900184,2,143,-141
113900185,27,2,25
113900186,3,14,-11
113900187,3,13,-10
113900188,2,24,-22
113900189,131,27,104
113900190,50,17,33
113900191,5,26,-21
113900192,0,166,-166
113900193,0,91,-91
113900194,383,61,322
113900195,51,82,-31
113900196,0,26,-26
113900197,0,43,-43
113900198,0,58,-58
113900199,15,65,-50
113900200,1,15,-14
113900201,0,31,-31
113900202,3,14,-11
113900203,0,5,-5
113900204,2,36,-34
113900205,0,4,-4
113900206,0,24,-24
113900207,0,9,-9
113900208,0,6,-6
113900209,0,0,0
113900210,102,105,-3
113900211,106,8,98
113900212,270,97,173
113900214,48,50,-2
113900215,118,9,109
113900216,38,44,-6
113900217,85,42,43
113900218,28,48,-20
113900219,30,128,-98
113900220,35,42,-7
113900221,38,120,-82
113900222,9,142,-133
113900223,54,78,-24
113900224,9,9,0
113900225,142,19,123
113900226,97,18,79
113900227,79,38,41
113900228,24,160,-136
113900229,2,258,-256
113900230,484,678,-194
113900231,16,10,6
113900232,18,4,14
113900233,32,28,4
113900234,56,90,-34
113900235,59,13,46
113900236,335,21,314
113900237,93,6,87
113900238,78,172,-94
113900239,12,49,-37
113900240,2,39,-37
113900241,2,3,-1
113900242,1,13,-12
113900243,3,29,-26
113900244,75,51,24
113900245,171,44,127
113900246,2,12,-10
113900247,26,201,-175
113900248,333,566,-233
113900249,62,249,-187
113900250,1,118,-117
113900251,589,26,563
113900252,409,4,405
113900253,266,5,261
113900254,96,42,54
113900255,536,12,524
113900256,320,20,300
113900257,6,121,-115
113900258,2,146,-144
113900259,321,37,284
113900260,144,15,129
113900261,25,6,19
113900262,163,88,75
113900263,4,53,-49
113900264,1,64,-63
113900265,10,60,-50
113900266,17,27,-10
113900267,4,118,-114
113900268,32,86,-54
113900269,26,14,12
113900270,30,96,-66
113900271,92,76,16
113900273,8,2,6
113900274,18,8,10
113900275,0,9,-9
113900276,1,40,-39
113900277,145,1,144
113900278,13,15,-2
113900279,10,7,3
113900280,149,111,38
113900281,20,424,-404
113900282,97,53,44
113900283,59,179,-120
113900284,448,51,397
113900285,37,7,30
113900286,31,14,17
113900287,9,5,4
113900288,0,27,-27
113900289,80,73,7
113900290,27,97,-70
113900291,27,31,-4
113900292,0,0,0
113900293,2,49,-47
113900294,411,22,389
113900295,110,48,62
113900296,499,133,366
113900297,974,5,969
113900298,4,170,-166
113900299,99,62,37
113900300,1169,1865,-696
113900301,66,287,-221
113900302,669,217,452
113900303,35,328,-293
113900304,0,25,-25
113900305,82,0,82
113900306,25,0,25
113900307,1,0,1
113900308,9,10,-1
113900309,0,161,-161
113900310,0,0,0
113900311,8,0,8
113900312,20,35,-15
113900313,5,0,5
114000001,402,565,-163
114000002,174,67,107
114000003,33,80,-47
114000004,403,95,308
114000005,366,32,334
114000006,437,304,133
114000007,371,353,18
114000008,666,530,136
114000009,1007,89,918
114000011,1623,642,981
114000012,2383,436,1947
114000013,1318,413,905
114000014,153,42,111
114000015,1211,68,1143
114000016,150,17,133
114000017,68,488,-420
114000018,87,8,79
114000026,1886,415,1471
114000027,2906,923,1983
114000028,926,1518,-592
114000038,307,58,249
114000039,45,23,22
114000040,177,217,-40
114000042,53,105,-52
114000043,19,39,-20
114000044,353,20,333
114000045,2,8,-6
114000046,512,963,-451
114000047,0,42,-42
114000048,49,33,16
114000049,1072,557,515
114000050,950,328,622
114000051,1459,914,545
114000052,1714,1486,228
114000053,18,321,-303
114000054,99,283,-184
114000055,155,4,151
114000056,23,188,-165
114000057,1320,801,519
114000058,32,290,-258
114000059,2,306,-304
114000060,124,229,-105
114000061,792,926,-134
114000062,88,425,-337
114000063,324,361,-37
114000064,609,1564,-955
114000065,388,553,-165
114000066,356,320,36
114000067,7,577,-570
114000068,134,328,-194
114000069,548,133,415
114000070,886,687,199
114000071,600,69,531
114000072,585,64,521
114000073,32,43,-11
114000074,57,7,50
114000075,114,13,101
114000076,1,24,-23
114000077,1,8,-7
114000078,177,84,93
114000079,265,3,262
114000080,47,38,9
114000081,32,22,10
114000082,15,91,-76
114000083,35,3,32
114000084,92,61,31
114000085,36,105,-69
114000086,208,31,177
114000087,140,5,135
114000088,53,19,34
114000089,262,104,158
114000090,413,218,195
114000091,325,324,1
114000092,128,167,-39
114000093,585,121,464
114000094,323,93,230
114000095,133,141,-8
114000096,36,116,-80
114000097,34,186,-152
114000098,713,38,675
114000099,499,84,415
114000100,1537,212,1325
114000101,191,155,36
114000102,671,151,520
114000103,55,85,-30
114000104,1,16,-15
114000105,152,32,120
114000106,277,1117,-840
114000107,367,69,298
114000108,427,326,101
114000109,450,898,-448
114000110,279,235,44
114000111,1373,540,833
114000112,120,531,-411
114000113,979,380,599
114000114,149,377,-228
114000115,1004,417,587
114000116,654,2775,-2121
114000117,3226,255,2971
114000118,2452,112,2340
114000119,2111,188,1923
114000120,605,474,131
114000121,176,257,-81
114000122,252,92,160
114000123,1754,126,1628
114000124,892,89,803
114000125,605,545,60
114000126,942,96,846
114000127,55,45,10
114000128,653,90,563
114000130,312,467,-155
114000131,294,10,284
114000132,328,105,223
114000133,306,184,122
114000134,19,5,14
114000138,3,2,1
114000139,172,78,94
114000144,443,198,245
114000145,20,0,20
114000146,24,18,6
114000147,436,1348,-912
114000148,339,751,-412
114000149,127,108,19
114000150,53,65,-12
114000151,163,1133,-970
114000152,25,6,19
114000153,116,456,-340
114000154,200,97,103
114000155,473,1686,-1213
114000156,306,230,76
114000157,123,681,-558
114000158,237,258,-21
114000159,82,62,20
114000160,12,87,-75
114000161,366,715,-349
114000162,545,1003,-458
114000163,14,4,10
114000165,165,74,91
114000166,113,143,-30
114000167,1055,631,424
114000168,162,70,92
114000169,378,461,-83
114000170,542,451,91
114000171,889,5853,-4964
114000174,51,111,-60
114000176,105,78,27
114000177,303,165,138
114000178,20,14,6
114000179,516,455,61
114000180,145,143,2
114000181,739,2829,-2090
114000182,445,926,-481
114000183,254,167,87
114000184,1074,301,773
114000185,673,517,156
114000189,1166,79,1087
114000190,2390,309,2081
114000191,72,230,-158
114000192,64,330,-266
114000193,143,392,-249
114000194,926,575,351
114000195,230,135,95
114000196,0,91,-91
114000197,1743,10,1733
114000198,150,145,5
114000199,326,640,-314
114000200,291,385,-94
114000201,160,220,-60
114000202,546,368,178
114000203,522,467,55
114000204,57,73,-16
114000205,188,482,-294
114000206,313,523,-210
114000207,239,320,-81
114000208,313,344,-31
114000209,178,380,-202
114000210,125,250,-125
114000211,1337,467,870
114000212,777,704,73
114000213,1671,303,1368
114000214,38,16,22
114000215,54,27,27
114000216,1095,284,811
114000217,330,146,184
114000218,190,90,100
114000219,1115,99,1016
114000220,14,243,-229
114000221,1096,92,1004
114000222,154,245,-91
114000223,476,97,379
114000224,39,160,-121
114000225,174,134,40
114000226,214,46,168
114000227,938,301,637
114000228,785,241,544
114000229,1158,732,426
114000230,1130,470,660
114000231,768,683,85
114000232,865,101,764
114000233,1597,28,1569
114000234,935,357,578
114000235,1182,662,520
114000236,1,226,-225
114000237,83,257,-174
114000238,45,251,-206
114000239,51,339,-288
114000240,645,603,42
114000241,215,312,-97
114000242,503,264,239
114000243,1312,859,453
114000244,292,161,131
114000245,394,579,-185
114000246,32,21,11
114000247,312,341,-29
114000248,1141,446,695
114000249,798,210,588
114000250,513,117,396
114000251,126,40,86
114000252,52,10,42
114000253,22,16,6
114000254,25,3,22
114000255,149,95,54
114000256,120,339,-219
114000257,253,486,-233
114000258,160,105,55
114000259,102,151,-49
114000260,0,7,-7
114000261,47,25,22
114000262,194,37,157
114000263,2,1,1
114000264,1147,79,1068
114000265,0,0,0
114000267,3,1254,-1251
114000268,1,429,-428
114000270,103,3,100
114000271,108,130,-22
114000283,1145,98,1047
114000285,3,101,-98
114000288,72,78,-6
114000289,1460,67,1393
114000293,186,99,87
114000294,100,198,-98
114000395,951,37,914
114000396,375,121,254
114000402,598,127,471
114000403,367,80,287
114000405,233,150,83
114000423,307,116,191
114000424,503,57,446
114000425,955,60,895
114000426,321,704,-383
114000427,72,3,69
114000428,69,51,18
114000429,23,46,-23
114000432,82,3,79
114000434,25,5,20
114000435,0,23,-23
114900001,406,111,295
114900002,187,19,168
114900003,378,137,241
114900004,45,187,-142
114900005,170,138,32
114900006,39,73,-34
114900007,67,1,66
114900008,302,5,297
114900010,371,923,-552
114900011,319,56,263
114900013,186,11,175
114900015,45,295,-250
114900018,305,8,297
114900020,37,21,16
114900022,13,205,-192
114900024,63,105,-42
114900025,440,60,380
114900026,29,47,-18
114900027,135,77,58
114900029,14,17,-3
114900030,202,59,143
114900031,312,1,311
114900032,461,1,460
114900033,162,1189,-1027
114900034,13,27,-14
114900035,10,93,-83
114900036,45,52,-7
114900037,41,11,30
114900038,109,87,22
114900039,446,55,391
114900040,121,7,114
114900041,813,37,776
114900042,638,56,582
114900043,206,44,162
114900044,63,26,37
114900046,13,36,-23
114900047,23,1845,-1822
114900048,11,40,-29
114900049,4,23,-19
114900050,26,58,-32
114900051,14,36,-22
114900052,14,21,-7
114900053,5,70,-65
114900054,2,9,-7
114900057,29,6,23
114900058,0,30,-30
114900059,104,36,68
114900060,71,188,-117
114900061,5,9,-4
114900062,32,85,-53
114900063,28,2,26
114900064,1212,41,1171
114900065,184,420,-236
114900067,5,49,-44
114900068,5,39,-34
114900069,70,23,47
114900070,459,60,399
114900072,9,18,-9
114900073,0,26,-26
114900074,785,44,741
114900075,150,0,150
114900076,5,28,-23
114900080,229,70,159
114900082,1019,852,167
114900083,29,203,-174
114900090,437,45,392
114900091,28,62,-34
114900095,21,19,2
114900096,18,93,-75
114900097,137,0,137
114900098,2,33,-31
114900099,204,29,175
115000001,1454,1034,420
115000002,2045,3519,-1474
115000003,1542,811,731
115000004,2443,3479,-1036
115000005,688,842,-154
115000006,772,729,43
115000007,106,102,4
115000008,149,292,-143
115000009,112,92,20
115000010,130,97,33
115000013,9,73,-64
115000015,3,72,-69
115000016,18,114,-96
115000019,15,437,-422
115000020,35,404,-369
115000021,76,193,-117
115000022,100,93,7
115000023,245,310,-65
115000024,153,67,86
115000025,517,241,276
115000026,117,45,72
115000027,273,130,143
115000028,119,83,36
115000029,605,24,581
115000030,190,153,37
115000031,365,45,320
115000032,1,51,-50
115000033,57,4,53
115000034,58,198,-140
115000035,397,71,326
115000036,1,103,-102
115000037,376,54,322
115000038,29,97,-68
115000039,1309,1754,-445
115000040,1378,1299,79
115000041,749,2424,-1675
115000042,159,279,-120
115000043,1591,1119,472
115000044,1481,1247,234
115000045,1268,421,847
115000046,2287,1049,1238
115000047,1759,786,973
115000048,1071,661,410
115000049,768,978,-210
115000050,1990,788,1202
115000051,936,2550,-1614
115000052,666,740,-74
115000053,1423,1907,-484
115000054,406,438,-32
115000055,84,430,-346
115000056,112,107,5
115000057,329,808,-479
115000058,55,325,-270
115000059,69,253,-184
115000061,96,123,-27
115000062,142,344,-202
115000063,337,147,190
115000064,122,46,76
115000065,18,308,-290
115000067,115,11,104
115000069,77,117,-40
115000070,29,674,-645
115000071,62,11,51
115000072,1,5,-4
115000073,832,13,819
115000075,25,45,-20
115000076,943,697,246
115000077,1030,495,535
115000078,830,358,472
115000079,672,483,189
115000080,1878,581,1297
115000081,169,226,-57
115000082,2814,2016,798
115000083,1479,487,992
115000084,2232,285,1947
115000085,495,234,261
115000086,668,198,470
115000087,204,632,-428
115000088,872,305,567
115000089,733,531,202
115000090,266,488,-222
115000091,181,237,-56
115000092,654,362,292
115000093,621,1,620
115000094,2220,4595,-2375
115000095,1498,3757,-2259
115000096,653,313,340
115000097,1099,873,226
115000098,1107,218,889
115000099,1406,657,749
115000100,1098,273,825
115000101,306,316,-10
115000102,363,72,291
115000103,216,308,-92
115000105,56,46,10
115000106,669,225,444
115000107,95,111,-16
115000108,857,643,214
115000109,1546,3712,-2166
115000110,521,1176,-655
115000111,126,224,-98
115000112,323,271,52
115000113,112,190,-78
115000114,298,104,194
115000116,632,644,-12
115000117,606,712,-106
115000118,765,648,117
115000119,592,713,-121
115000120,211,682,-471
115000121,294,251,43
115000122,339,569,-230
115000123,188,684,-496
115000124,327,513,-186
115000125,200,471,-271
115000126,47,255,-208
115000127,153,66,87
115000128,117,497,-380
115000129,140,303,-163
115000130,155,136,19
115000131,487,132,355
115000132,204,50,154
115000133,423,47,376
115000134,202,34,168
115000135,107,34,73
115000136,82,72,10
115000137,12,27,-15
115000138,161,95,66
115000139,71,24,47
115000140,384,61,323
115000141,94,65,29
115000142,24,41,-17
115000143,557,202,355
115000144,275,29,246
115000145,114,100,14
115000146,188,88,100
115000147,157,111,46
115000148,88,321,-233
115000149,335,95,240
115000150,191,105,86
115000151,603,116,487
115000152,217,191,26
115000153,653,172,481
115000154,540,139,401
115000155,354,227,127
115000156,218,384,-166
115000157,138,172,-34
115000158,23,106,-83
115000159,152,188,-36
115000160,106,121,-15
115000161,44,190,-146
115000162,260,587,-327
115000163,122,181,-59
115000164,132,204,-72
115000165,76,240,-164
115000167,12,16,-4
115000168,346,101,245
115000169,112,217,-105
115000170,34,107,-73
115000171,181,155,26
115000172,318,480,-162
115000173,78,477,-399
115000174,26,261,-235
115000175,73,97,-24
115000176,5,74,-69
115000177,2,186,-184
115000178,0,128,-128
115000179,21,76,-55
115000180,29,91,-62
115000181,510,62,448
115000182,855,116,739
115000183,304,133,171
115000186,198,27,171
115000187,237,79,158
115000188,213,118,95
115000189,183,215,-32
115000190,282,254,28
115000191,74,301,-227
115000194,99,25,74
115000195,23,36,-13
115000196,179,6,173
115000197,149,88,61
115000198,336,22,314
115000199,348,49,299
115000200,308,27,281
115000201,101,43,58
115000206,368,7,361
115000207,114,37,77
115000208,85,235,-150
115000209,355,104,251
115000210,100,57,43
115000211,44,75,-31
115000212,302,147,155
115000224,182,4,178
115000225,57,6,51
115000229,96,76,20
115000230,13,116,-103
115000231,234,278,-44
115000232,1708,195,1513
115000233,55,25,30
115000234,24,109,-85
115000241,43,31,12
115000242,141,27,114
115000243,22,44,-22
115000244,4,30,-26
115000246,22,2,20
115000247,17,3,14
115000248,30,1,29
115000249,1,1,0
115000250,106,3,103
115000251,237,8,229
115000252,51,50,1
115000253,8,261,-253
115000258,97,12,85
115000259,24,7,17
115000261,39,2,37
115000262,0,16,-16
115000263,2,9,-7
115000264,0,1,-1
115000267,1,19,-18
115000268,7,30,-23
115000269,48,23,25
115000270,0,29,-29
115000272,27,26,1
115000273,222,6,216
115000280,371,374,-3
115000281,86,758,-672
115000282,306,1435,-1129
115000284,54,125,-71
115000296,139,15,124
115000297,32,383,-351
115000298,12,426,-414
115000300,97,74,23
115000302,313,14,299
115000303,616,22,594
115000304,659,53,606
115000305,72,81,-9
115000306,191,58,133
115000307,177,44,133
115000308,5,2,3
115000309,4,86,-82
115000310,1196,209,987
115000311,795,420,375
115000313,37,91,-54
115000314,234,94,140
115000315,133,408,-275
115000316,13,55,-42
115000317,43,146,-103
115000318,634,141,493
115000319,50,61,-11
115000320,3,244,-241
115000321,285,21,264
115000322,26,85,-59
115000449,54,123,-69
115000557,0,1513,-1513
115000558,28,41,-13
115000587,491,118,373
115000588,965,996,-31
115000589,1993,1214,779
115000590,266,531,-265
115000591,622,402,220
115000592,333,464,-131
115000593,1119,384,735
115000594,264,870,-606
115000609,124,139,-15
115000617,151,1455,-1304
115000624,227,6,221
115000633,355,543,-188
115000634,1347,267,1080
115000635,309,63,246
115000638,153,236,-83
115000641,29,101,-72
115000642,136,40,96
115000643,15,96,-81
115000644,62,113,-51
115000646,310,458,-148
115000647,29,186,-157
115000648,1484,258,1226
115000893,675,432,243
115000894,81,346,-265
115000895,137,337,-200
115000896,525,191,334
115000897,86,26,60
115000898,104,59,45
115000899,64,509,-445
115000900,9,72,-63
115000901,24,172,-148
115000912,209,40,169
115000913,0,1,-1
115000915,0,0,0
115000916,0,1,-1
115000917,0,9,-9
115000918,17,397,-380
115000919,0,45,-45
115000920,0,29,-29
115000921,64,17,47
115000922,104,408,-304
115000923,28,609,-581
115000925,130,66,64
115000927,24,24,0
115000933,29,184,-155
115000934,35,82,-47
115000935,77,36,41
115000936,13,516,-503
115000937,147,96,51
115000938,6,38,-32
115000939,0,59,-59
115000940,0,20,-20
115000941,0,8,-8
115000942,0,69,-69
115000943,0,22,-22
115000944,0,2,-2
115900001,199,1,198
115900002,20,22,-2
115900003,94,15,79
115900004,0,14,-14
115900005,233,2,231
115900006,26,36,-10
115900008,100,2,98
115900009,17,15,2
115900010,414,14,400
115900011,113,37,76
115900012,186,2,184
115900013,308,31,277
115900014,70,33,37
115900015,153,7,146
115900016,51,3,48
115900017,46,29,17
115900018,48,5,43
115900019,10,5,5
115900020,159,1,158
115900021,237,136,101
115900022,199,0,199
115900023,2,16,-14
115900025,12,43,-31
115900026,263,43,220
115900027,0,46,-46
115900028,74,13,61
115900029,1,65,-64
115900030,36,18,18
115900031,21,175,-154
115900032,56,171,-115
115900033,0,19,-19
115900034,10,43,-33
115900035,5,19,-14
115900036,3,801,-798
115900037,11,92,-81
115900038,9,6,3
115900039,87,20,67
115900041,71,417,-346
115900042,42,1,41
115900043,59,7,52
115900044,27,252,-225
115900046,404,41,363
115900047,51,124,-73
115900049,83,49,34
115900051,0,2,-2
115900052,2,85,-83
115900053,219,25,194
115900054,409,7,402
115900055,8,37,-29
115900056,89,28,61
115900057,1,36,-35
115900058,4,18,-14
115900060,10,27,-17
115900061,157,2,155
115900062,24,32,-8
115900063,13,2,11
115900064,100,83,17
115900065,134,14,120
115900066,43,38,5
115900067,26,44,-18
115900068,795,1060,-265
115900069,28,97,-69
115900070,122,19,103
115900071,0,56,-56
115900072,4,50,-46
115900073,162,111,51
115900074,1,70,-69
115900075,8,45,-37
115900076,0,28,-28
115900077,0,35,-35
115900078,16,47,-31
115900079,323,2,321
115900080,65,18,47
115900081,40,23,17
115900082,80,24,56
115900084,538,4,534
115900085,1,33,-32
115900086,414,50,364
115900088,0,49,-49
115900089,332,113,219
115900090,398,0,398
115900091,0,9,-9
115900092,45,27,18
115900093,1,0,1
115900094,7,65,-58
115900096,0,2,-2
115900097,0,139,-139
115900098,205,72,133
115900099,51,30,21
115900100,0,150,-150
115900101,120,29,91
115900102,94,24,70
115900103,195,33,162
115900104,118,33,85
115900105,254,79,175
115900106,98,1,97
115900107,67,25,42
115900108,68,2,66
115900109,7,147,-140
115900110,1,0,1
115900111,0,7,-7
115900112,53,183,-130
115900113,67,2,65
115900114,0,21,-21
115900115,60,42,18
115900116,15,138,-123
115900117,33,0,33
115900118,3,69,-66
115900119,127,34,93
115900120,29,54,-25
115900121,191,5,186
115900124,90,532,-442
115900125,288,26,262
115900126,689,11,678
115900127,576,10,566
115900128,1,28,-27
115900129,234,11,223
115900130,5,302,-297
115900131,285,17,268
115900132,336,0,336
115900134,262,4,258
115900135,234,326,-92
115900137,15,1,14
115900139,14,40,-26
115900140,447,4,443
115900141,0,15,-15
115900142,0,9,-9
115900143,103,91,12
115900144,134,59,75
115900146,5,30,-25
115900147,39,235,-196
115900148,13,1,12
115900149,61,5,56
115900150,102,4,98
115900151,42,15,27
115900152,37,45,-8
115900153,91,44,47
115900154,73,158,-85
115900155,0,9,-9
115900156,214,189,25
115900157,206,146,60
115900158,2,3,-1
115900159,139,21,118
115900160,0,1,-1
115900161,4,29,-25
115900163,192,28,164
115900164,551,7,544
115900166,25,31,-6
115900168,268,13,255
115900171,52,44,8
115900172,8,34,-26
115900173,77,47,30
115900174,48,70,-22
115900175,138,21,117
115900178,23,115,-92
115900179,308,0,308
115900180,40,78,-38
115900181,163,41,122
115900182,447,29,418
115900183,4,58,-54
115900184,109,0,109
115900187,0,173,-173
115900189,0,53,-53
115900190,45,305,-260
115900191,9,49,-40
115900192,8,50,-42
115900193,29,25,4
115900194,609,8,601
115900195,87,1623,-1536
115900198,145,54,91
115900199,106,23,83
115900200,83,71,12
115900201,71,170,-99
115900202,0,142,-142
115900203,0,5,-5
115900204,0,17,-17
115900205,1,1,0
115900206,435,14,421
115900207,28,4,24
115900208,70,19,51
115900209,21,35,-14
115900210,0,101,-101
115900211,0,38,-38
115900212,168,29,139
115900213,39,150,-111
115900214,332,38,294
115900215,6,94,-88
115900216,0,28,-28
115900217,5,25,-20
115900218,0,4,-4
115900219,134,0,134
115900220,229,8,221
115900221,179,3,176
115900222,71,11,60
115900223,0,218,-218
115900224,192,1214,-1022
115900225,59,31,28
115900226,2,11,-9
115900227,1,6,-5
115900228,0,7,-7
115900229,1,2,-1
115900230,20,14,6
115900231,66,1,65
115900232,9,0,9
115900233,77,0,77
115900234,17,19,-2
115900235,7,11,-4
115900236,3,13,-10
115900237,30,9,21
115900238,2,3,-1
115900239,9,8,1
115900240,7,1,6
115900241,245,4,241
115900242,134,200,-66
115900243,6,6,0
115900244,1,0,1
115900245,62,1,61
115900246,1,0,1
115900247,0,0,0
115900248,0,0,0
115900249,2,2,0
115900250,7,0,7
115900251,1,0,1
115900252,3,0,3
115900253,11,1,10
115900254,8,21,-13
115900255,0,20,-20
115900256,2,10,-8
115900257,0,1,-1
115900258,0,0,0
115900259,1,0,1
115900260,1,0,1
115900261,0,0,0
115900262,9,0,9
115900263,0,1,-1
115900264,5,0,5
115900265,0,0,0
115900266,1,10,-9
115900267,0,2,-2
115900268,0,0,0
115900269,791,68,723
115900270,240,48,192
115900271,225,0,225
115900272,14,0,14
115900273,1,46,-45
115900274,0,0,0
115900275,0,1,-1
115900276,0,5,-5
115900277,0,13,-13
115900278,54,18,36
115900279,25,141,-116
115900280,4,320,-316
115900281,69,155,-86
115900282,2,21,-19
115900283,25,0,25
115900284,0,1,-1
116000001,2239,843,1396
116000002,2350,9692,-7342
116000003,365,414,-49
116000004,2362,4146,-1784
116000005,442,1271,-829
116000006,1228,2213,-985
116000007,769,877,-108
116000008,2555,1220,1335
116000009,421,863,-442
116000010,2002,815,1187
116000011,311,502,-191
116000012,1095,479,616
116000013,2244,1328,916
116000014,4601,11882,-7281
116000015,17,414,-397
116000016,1521,3473,-1952
116000017,27,275,-248
116000018,72,105,-33
116000019,561,137,424
116000020,247,274,-27
116000021,414,164,250
116000022,241,118,123
116000023,595,493,102
116000024,326,204,122
116000025,454,300,154
116000026,555,840,-285
116000027,215,344,-129
116000028,273,571,-298
116000029,148,145,3
116000030,390,417,-27
116000031,13,4,9
116000032,191,15,176
116000033,506,114,392
116000034,529,402,127
116000035,175,62,113
116000036,93,345,-252
116000037,117,212,-95
116000038,30,312,-282
116000039,136,272,-136
116000040,208,361,-153
116000041,17,265,-248
116000042,323,259,64
116000043,36,195,-159
116000044,1,54,-53
116000045,856,722,134
116000046,491,459,32
116000047,819,1156,-337
116000048,1626,607,1019
116000049,1142,899,243
116000050,829,461,368
116000051,1917,730,1187
116000052,1343,895,448
116000053,1731,218,1513
116000054,621,637,-16
116000055,420,218,202
116000056,1464,797,667
116000057,803,180,623
116000058,1243,1520,-277
116000059,1149,3041,-1892
116000060,805,646,159
116000061,103,936,-833
116000062,218,196,22
116000063,278,915,-637
116000066,105,407,-302
116000067,108,193,-85
116000068,315,277,38
116000069,87,95,-8
116000078,272,667,-395
116000080,769,251,518
116000082,19,10,9
116000083,1194,167,1027
116000084,529,960,-431
116000085,983,1097,-114
116000086,293,259,34
116000087,2163,1166,997
116000088,520,282,238
116000089,145,34,111
116000090,152,138,14
116000091,87,484,-397
116000093,521,188,333
116000094,509,197,312
116000095,520,115,405
116000096,827,1314,-487
116000097,531,205,326
116000098,53,5077,-5024
116000099,2007,207,1800
116000100,144,4,140
116000101,1018,62,956
116000102,178,250,-72
116000103,209,154,55
116000104,130,257,-127
116000105,907,59,848
116000106,284,203,81
116000107,1510,131,1379
116000108,0,177,-177
116000111,102,16,86
116000113,83,13,70
116000114,4,29,-25
116000115,216,53,163
116000116,149,96,53
116000117,857,645,212
116000118,823,344,479
116000119,2729,757,1972
116000120,1332,1047,285
116000121,814,217,597
116000122,419,300,119
116000123,1434,129,1305
116000124,316,171,145
116000125,2238,111,2127
116000126,133,220,-87
116000127,393,301,92
116000128,1749,159,1590
116000129,659,75,584
116000130,466,261,205
116000133,1250,140,1110
116000134,701,372,329
116000135,2112,446,1666
116000136,371,657,-286
116000137,711,162,549
116000138,345,102,243
116000139,1121,2318,-1197
116000140,213,170,43
116000141,253,295,-42
116000142,2489,1405,1084
116000143,1415,1183,232
116000144,1646,981,665
116000145,2103,673,1430
116000146,668,61,607
116000147,95,129,-34
116000148,491,356,135
116000149,238,226,12
116000151,512,273,239
116000153,109,283,-174
116000155,113,214,-101
116000156,424,202,222
116000157,45,2,43
116000158,211,28,183
116000159,4,4,0
116000160,55,30,25
116000161,3,62,-59
116000162,29,159,-130
116000163,15,6,9
116000164,10,15,-5
116000177,10,141,-131
116000194,57,95,-38
116000195,977,183,794
116000196,31,7,24
116000197,18,20,-2
116000198,885,503,382
116000200,251,463,-212
116000201,412,103,309
116000202,8,57,-49
116000203,0,25,-25
116000204,0,26,-26
116000205,0,44,-44
116000206,0,41,-41
116000207,3,20,-17
116000233,84,147,-63
116000287,202,50,152
116000288,233,116,117
116000292,44,48,-4
116000296,1,72,-71
116000297,149,1,148
116000304,268,4,264
116000305,1,19,-18
116000346,289,35,254
116000352,80,5,75
116000354,25,3,22
116000357,0,3,-3
116000358,293,113,180
116000361,12,1,11
116000372,1699,3568,-1869
116000381,146,39,107
116000388,5,14,-9
116000389,448,103,345
116000445,694,93,601
116000446,592,44,548
116000447,4,324,-320
116000448,233,25,208
116000563,298,641,-343
116000565,142,97,45
116000568,19,397,-378
116000579,4,136,-132
116000584,24,2,22
116000585,10,35,-25
116000586,24,51,-27
116000587,212,73,139
116000589,5,21,-16
116000590,95,28,67
116000591,251,61,190
116000592,7,28,-21
116000593,0,8,-8
116000594,825,119,706
116000595,482,34,448
116000596,171,1,170
116000597,408,135,273
116000598,6,90,-84
116000602,0,155,-155
116000605,105,31,74
116000606,44,178,-134
116000607,1,13,-12
116000609,33,780,-747
116000611,189,82,107
116000612,1249,1928,-679
116000613,525,196,329
116000614,304,102,202
116000615,0,0,0
116000616,74,16,58
116000617,82,3,79
116000618,3,8,-5
116000619,11,82,-71
116000620,335,79,256
116000621,73,36,37
116000622,38,41,-3
116000624,63,27,36
116000627,136,12,124
116000628,42,65,-23
116000629,37,182,-145
116000630,832,11,821
116000631,344,6,338
116000632,1265,39,1226
116000633,159,55,104
116000634,676,7,669
116000635,930,847,83
116000636,158,598,-440
116000637,617,8,609
116000638,57,130,-73
116000640,0,13,-13
116000641,1,7,-6
116000644,38,43,-5
116900001,52,21,31
116900002,97,0,97
116900003,60,0,60
116900004,12,51,-39
116900005,176,7,169
116900006,36,77,-41
116900007,10,22,-12
116900008,457,29,428
116900009,18,5,13
116900010,0,166,-166
116900011,1,21,-20
116900012,91,45,46
116900013,12,17,-5
116900014,184,31,153
116900015,586,11,575
116900016,327,6,321
116900017,0,131,-131
116900018,73,43,30
116900019,0,38,-38
116900020,422,1480,-1058
116900023,17,5,12
116900024,569,16,553
116900025,999,196,803
116900026,46,142,-96
116900027,36,12,24
116900028,2,15,-13
116900029,0,161,-161
116900031,1,0,1
116900032,3,47,-44
116900033,34,2,32
116900034,6,5,1
116900035,86,56,30
116900036,3,47,-44
116900038,2,2,0
116900041,96,1,95
116900042,60,35,25
116900043,34,46,-12
116900047,4,182,-178
116900049,9,37,-28
116900050,41,40,1
116900051,282,8,274
116900052,72,23,49
116900055,0,8,-8
116900057,19,14,5
116900058,2,57,-55
116900059,0,4,-4
116900060,75,89,-14
116900062,1,21,-20
116900064,29,46,-17
116900065,0,32,-32
116900067,27,2,25
116900068,79,98,-19
116900070,19,1,18
116900072,2,39,-37
116900073,1,37,-36
116900074,0,9,-9
116900076,11,4,7
116900077,1,49,-48
116900078,33,29,4
116900079,9,123,-114
116900080,1,5,-4
116900081,57,169,-112
116900082,43,428,-385
116900083,7,3,4
116900084,21,9,12
116900085,13,68,-55
116900086,12,379,-367
116900088,51,4,47
116900090,5,1,4
116900091,268,6,262
116900092,15,112,-97
116900093,646,579,67
116900094,1481,3142,-1661
116900095,189,18,171
116900096,225,204,21
116900097,549,1981,-1432
116900098,95,81,14
116900099,59,502,-443
116900100,832,27,805
116900101,34,123,-89
116900103,1,0,1
116900104,8,849,-841
116900105,234,130,104
116900106,2356,23,2333
116900107,701,2328,-1627
116900110,2,0,2
116900111,488,223,265
116900112,258,139,119
116900113,450,1695,-1245
116900116,5,93,-88
116900117,107,18,89
116900118,362,679,-317
116900120,421,28,393
116900121,62,6,56
116900122,1159,107,1052
116900123,169,170,-1
116900124,58,73,-15
116900125,411,97,314
116900126,20,338,-318
116900128,2,7,-5
116900129,0,42,-42
116900130,200,2903,-2703
116900131,14,68,-54
116900132,51,57,-6
116900133,87,28,59
116900134,131,125,6
116900136,77,45,32
116900137,32,9,23
116900138,99,9,90
116900139,6,65,-59
116900140,74,24,50
116900141,236,29,207
116900142,2,11,-9
116900143,191,27,164
116900144,16,2,14
116900145,32,36,-4
116900147,53,229,-176
116900148,0,1,-1
116900149,55,128,-73
116900150,12,0,12
116900151,8,13,-5
116900153,108,39,69
116900154,61,235,-174
116900155,22,29,-7
116900157,795,10,785
116900158,124,196,-72
116900159,29,150,-121
116900160,473,313,160
116900161,1186,5524,-4338
116900162,4,46,-42
116900163,343,9,334
116900164,61,30,31
116900165,427,137,290
116900166,105,34,71
116900167,376,10,366
116900168,340,19,321
116900169,63,178,-115
116900170,489,78,411
116900171,63,92,-29
116900172,65,232,-167
116900173,425,14,411
116900174,64,78,-14
116900175,84,100,-16
116900178,27,30,-3
116900179,18,318,-300
116900180,60,7,53
116900182,373,118,255
116900183,150,45,105
116900185,27,21,6
116900186,129,77,52
116900187,25,37,-12
116900188,100,17,83
116900189,83,0,83
116900191,83,68,15
116900192,209,59,150
116900194,52,489,-437
116900195,52,1,51
116900196,4,34,-30
116900197,107,2,105
116900198,12,353,-341
116900200,64,0,64
116900201,253,1,252
116900202,34,7,27
116900203,138,0,138
116900204,66,137,-71
116900206,22,2,20
116900207,5,3,2
116900208,2,31,-29
116900209,19,30,-11
116900210,91,25,66
116900211,182,3,179
116900212,66,5,61
116900213,70,22,48
116900214,230,85,145
116900215,32,14,18
116900216,84,46,38
116900218,2,109,-107
116900219,266,123,143
116900220,45,96,-51
116900221,102,163,-61
116900222,110,64,46
116900223,24,30,-6
116900226,152,6,146
116900227,287,14,273
116900228,229,47,182
116900230,34,52,-18
116900231,21,97,-76
116900232,14,78,-64
116900233,222,67,155
116900234,2,1,1
116900235,26,39,-13
116900238,222,59,163
116900239,0,1150,-1150
116900240,2452,2255,197
116900241,80,11,69
116900242,213,526,-313
116900243,0,4,-4
116900245,15,28,-13
116900246,76,22,54
116900247,821,1,820
116900248,62,0,62
116900249,462,102,360
116900250,195,17,178
116900251,96,560,-464
116900252,136,123,13
116900253,77,23,54
116900254,28,77,-49
116900255,98,103,-5
116900256,407,111,296
116900257,4,35,-31
116900258,0,27,-27
116900259,134,2,132
116900260,2,5,-3
116900261,32,0,32
116900262,36,17,19
116900263,0,1,-1
116900264,26,34,-8
116900265,61,0,61
116900266,5,0,5
116900267,1,0,1
116900268,1,155,-154
116900269,194,311,-117
116900271,175,269,-94
116900272,144,104,40
116900273,7,28,-21
116900274,110,10,100
116900275,152,33,119
116900276,238,155,83
116900277,95,13,82
116900278,1,1,0
116900279,4,14,-10
116900280,4,2,2
116900281,1439,4105,-2666
116900282,0,15,-15
116900283,1,4,-3
116900284,14,48,-34
116900285,31,191,-160
116900286,24,1,23
116900287,2,9,-7
116900288,166,47,119
116900289,18,1,17
116900290,2,0,2
116900291,41,7,34
116900292,0,23,-23
116900293,35,1,34
116900294,3,34,-31
116900295,47,292,-245
116900296,43,24,19
116900297,0,23,-23
116900298,11,146,-135
116900299,0,277,-277
116900300,1,24,-23
116900301,32,24,8
116900302,2,67,-65
116900303,103,47,56
116900304,0,70,-70
116900305,0,4,-4
116900306,172,31,141
116900307,128,0,128
116900308,0,8,-8
116900309,184,70,114
117000001,2009,1379,630
117000002,1096,1368,-272
117000003,3539,1165,2374
117000004,1132,1622,-490
117000005,2118,797,1321
117000006,645,1050,-405
117000007,3805,756,3049
117000008,651,1269,-618
117000009,2508,851,1657
117000010,752,674,78
117000011,2134,516,1618
117000012,1221,457,764
117000013,1843,342,1501
117000014,1020,1708,-688
117000015,1658,972,686
117000016,96,192,-96
117000017,57,307,-250
117000018,19,674,-655
117000019,6,76,-70
117000020,256,1584,-1328
117000021,1104,748,356
117000022,146,290,-144
117000023,37,336,-299
117000024,77,255,-178
117000025,238,1510,-1272
117000026,938,1526,-588
117000027,373,995,-622
117000028,275,352,-77
117000030,111,175,-64
117000031,216,92,124
117000032,759,975,-216
117000033,788,378,410
117000034,135,141,-6
117000035,138,139,-1
117000036,159,163,-4
117000037,219,76,143
117000038,125,271,-146
117000039,102,128,-26
117000040,50,310,-260
117000041,925,25,900
117000044,1,269,-268
117000045,424,148,276
117000046,164,417,-253
117000047,503,540,-37
117000048,684,477,207
117000049,23,153,-130
117000050,198,450,-252
117000051,2068,32,2036
117000052,66,85,-19
117000053,927,5,922
117000054,1073,2,1071
117000055,5,427,-422
117000056,498,16,482
117000057,257,615,-358
117000060,303,438,-135
117000061,1622,747,875
117000062,177,395,-218
117000063,938,509,429
117000064,367,187,180
117000066,201,240,-39
117000067,55,302,-247
117000074,5,50,-45
117000076,12,13,-1
117000077,31,17,14
117000078,173,187,-14
117000079,147,34,113
117000080,0,212,-212
117000081,157,42,115
117000082,21,37,-16
117000083,36,0,36
117000084,71,0,71
117000085,279,322,-43
117000086,302,141,161
117000087,40,222,-182
117000088,293,43,250
117000089,1948,86,1862
117000090,227,356,-129
117000091,1048,49,999
117000092,272,343,-71
117000093,1506,120,1386
117000094,381,514,-133
117000095,2487,86,2401
117000096,349,544,-195
117000097,1269,303,966
117000098,772,1075,-303
117000099,3819,417,3402
117000100,207,149,58
117000101,72,257,-185
117000102,1688,148,1540
117000103,162,374,-212
117000104,1413,185,1228
117000105,231,482,-251
117000106,1730,142,1588
117000107,181,475,-294
117000108,1959,561,1398
117000109,408,775,-367
117000110,1377,1107,270
117000111,2299,2352,-53
117000112,2471,758,1713
117000113,29,60,-31
117000114,255,45,210
117000115,22,19,3
117000116,245,48,197
117000117,916,581,335
117000118,240,210,30
117000119,52,320,-268
117000120,3,307,-304
117000121,11,390,-379
117000122,576,744,-168
117000123,370,68,302
117000124,29,51,-22
117000125,8,264,-256
117000126,6,6,0
117000127,41,114,-73
117000128,50,169,-119
117000129,81,469,-388
117000130,112,1,111
117000131,0,34,-34
117000132,2473,41,2432
117000133,2809,34,2775
117000134,0,0,0
117000135,1,38,-37
117000136,0,41,-41
117000137,205,38,167
117000138,1,0,1
117000140,109,288,-179
117000141,1645,126,1519
117000181,86,65,21
117000182,1122,1027,95
117000195,30,285,-255
117000196,389,150,239
117000225,12,110,-98
117000226,1,88,-87
117000276,355,5,350
117000277,0,121,-121
117000310,524,2015,-1491
117000315,39,286,-247
117000320,27,0,27
117000906,612,21,591
117000907,2,62,-60
117000909,46,47,-1
117000910,224,93,131
117000911,11,61,-50
117000915,0,131,-131
117000916,50,0,50
117000917,1009,11,998
117000918,116,41,75
117000919,0,10,-10
117000920,1,290,-289
117000921,1,311,-310
117000922,5,22,-17
117000924,694,556,138
117000926,348,249,99
117000927,87,279,-192
117000928,1,33,-32
117000929,328,95,233
117000930,366,8,358
117000931,82,68,14
117900002,31,400,-369
117900003,35,17,18
117900005,0,79,-79
117900006,0,42,-42
117900007,94,29,65
117900008,0,15,-15
117900010,287,108,179
117900011,0,174,-174
117900012,32,14,18
117900013,0,68,-68
117900014,468,84,384
117900015,8,91,-83
117900016,385,1067,-682
117900017,442,368,74
117900018,226,185,41
117900019,566,173,393
117900020,38,85,-47
117900021,22,37,-15
117900022,12,0,12
117900023,683,24,659
117900024,25,33,-8
117900025,3,1,2
117900026,340,115,225
117900028,16,0,16
117900029,146,198,-52
117900030,111,212,-101
117900031,116,111,5
117900032,713,206,507
117900033,381,162,219
117900034,7,3,4
117900035,117,18,99
117900036,176,137,39
117900037,202,15,187
117900038,15,17,-2
117900039,0,11,-11
117900040,24,80,-56
117900041,0,21,-21
117900042,721,182,539
117900043,0,11,-11
117900044,36,2692,-2656
117900045,82,53,29
117900048,226,31,195
117900049,155,189,-34
117900050,2,120,-118
117900051,5,17,-12
117900052,16,567,-551
117900053,1452,81,1371
117900054,0,11,-11
117900055,282,85,197
117900056,13,60,-47
117900057,319,284,35
117900058,3,46,-43
117900059,49,57,-8
117900060,1812,603,1209
117900061,4,193,-189
117900063,325,105,220
117900065,112,348,-236
117900066,5,155,-150
117900067,508,77,431
117900069,544,39,505
117900070,73,298,-225
117900071,149,28,121
117900073,521,47,474
117900074,18,148,-130
117900075,150,28,122
117900076,5,38,-33
117900077,495,11,484
117900078,351,204,147
117900080,144,22,122
117900081,100,80,20
117900082,604,141,463
117900083,522,211,311
117900086,129,58,71
117900087,119,25,94
117900088,336,324,12
117900089,1727,324,1403
117900090,330,559,-229
117900091,222,16,206
117900092,181,23,158
117900093,179,2,177
117900094,32,54,-22
117900095,347,715,-368
117900096,116,104,12
117900097,119,3,116
117900098,172,10,162
117900099,178,1471,-1293
117900100,360,0,360
117900101,579,1767,-1188
117900102,76,7,69
117900103,137,0,137
117900104,6,529,-523
117900105,50,55,-5
117900106,77,12,65
117900107,59,0,59
117900109,762,543,219
117900110,111,1,110
117900111,711,48,663
117900112,35,1,34
117900113,459,1664,-1205
117900114,34,1,33
117900115,35,46,-11
117900116,281,215,66
117900117,622,237,385
117900118,117,0,117
117900119,321,21,300
117900120,338,5,333
117900121,71,25,46
117900122,466,3549,-3083
117900123,435,181,254
117900124,93,176,-83
117900125,1026,377,649
117900126,31,129,-98
117900127,298,70,228
117900128,218,160,58
117900129,86,2,84
117900130,292,80,212
117900131,0,16,-16
117900132,0,7,-7
117900133,1,6,-5
117900134,26,26,0
117900135,0,52,-52
117900136,0,10,-10
117900137,0,59,-59
117900138,0,8,-8
117900139,11,21,-10
117900140,4254,233,4021
117900141,31,144,-113
117900142,28,322,-294
117900144,5,109,-104
117900145,1,76,-75
117900146,46,201,-155
117900147,58,72,-14
117900148,1064,1420,-356
117900149,31,22,9
117900150,71,22,49
117900151,27,77,-50
117900152,7,23,-16
117900153,22,134,-112
117900154,280,279,1
117900156,262,167,95
117900157,97,88,9
117900158,314,36,278
117900160,546,441,105
117900161,324,271,53
117900162,390,190,200
117900163,26,397,-371
117900165,4,10,-6
117900166,1,60,-59
117900168,130,86,44
117900169,0,19,-19
117900170,0,8,-8
117900171,0,4,-4
117900172,0,9,-9
117900173,41,7,34
117900174,3,10,-7
117900175,1,9,-8
117900176,7,16,-9
117900177,4,1,3
117900178,17,6,11
117900180,94,68,26
117900181,6,518,-512
117900182,0,71,-71
117900183,87,59,28
117900184,59,17,42
117900185,119,0,119
117900186,38,0,38
117900187,11,1,10
117900188,80,11,69
117900189,58,13,45
117900190,32,0,32
117900191,36,0,36
117900192,104,0,104
117900193,25,18,7
117900194,0,0,0
117900195,5,2,3
117900196,3,6,-3
117900207,12,59,-47
117900208,18,36,-18
117900209,119,49,70
117900210,29,15,14
117900211,2,23,-21
117900212,56,54,2
117900213,35,1,34
117900214,3,4,-1
117900215,8,111,-103
117900216,10,35,-25
117900217,20,51,-31
117900218,22,36,-14
117900219,0,64,-64
117900220,4,104,-100
117900222,116,42,74
117900223,40,197,-157
118000001,313,691,-378
118000002,246,630,-384
118000003,952,1838,-886
118000004,741,1003,-262
118000005,1481,1449,32
118000006,849,1872,-1023
118000007,2658,5145,-2487
118000008,702,2751,-2049
118000009,664,1722,-1058
118000010,1409,1979,-570
118000011,1200,470,730
118000012,350,480,-130
118000013,801,807,-6
118000014,695,494,201
118000016,92,141,-49
118000017,407,307,100
118000018,131,123,8
118000019,593,1069,-476
118000020,198,1066,-868
118000021,256,1338,-1082
118000022,583,286,297
118000023,216,200,16
118000024,352,379,-27
118000027,3268,3359,-91
118000029,372,462,-90
118000032,97,685,-588
118000033,1049,1818,-769
118000034,1245,1084,161
118000035,820,783,37
118000036,297,359,-62
118000037,284,544,-260
118000038,233,26,207
118000039,88,41,47
118000040,785,596,189
118000041,1259,710,549
118000045,63,162,-99
118000046,169,513,-344
118000047,184,738,-554
118000048,479,1083,-604
118000051,935,1398,-463
118000052,500,778,-278
118000053,54,425,-371
118000054,1348,621,727
118000055,807,694,113
118000056,32,236,-204
118000057,50,228,-178
118000058,779,2032,-1253
118000059,367,1815,-1448
118000060,584,293,291
118000061,582,584,-2
118000062,316,110,206
118000063,114,655,-541
118000064,240,575,-335
118000065,933,633,300
118000066,571,1566,-995
118000067,230,300,-70
118000068,240,5768,-5528
118000069,480,608,-128
118000070,1600,1225,375
118000071,1251,5327,-4076
118000072,304,2705,-2401
118000073,215,1461,-1246
118000074,244,953,-709
118000075,346,794,-448
118000076,789,2832,-2043
118000077,480,488,-8
118000078,1012,1066,-54
118000079,39,204,-165
118000080,256,209,47
118000081,660,579,81
118000082,71,567,-496
118000083,500,877,-377
118000084,511,764,-253
118000086,161,291,-130
118000087,1546,1273,273
118000088,626,678,-52
118000089,1560,1744,-184
118000090,484,1521,-1037
118000091,608,2071,-1463
118000092,258,185,73
118000093,63,419,-356
118000096,397,361,36
118000097,215,239,-24
118000098,167,61,106
118000099,350,85,265
118000101,888,174,714
118000102,217,321,-104
118000107,670,123,547
118000108,136,2048,-1912
118000110,1,6,-5
118000111,1,42,-41
118000112,661,3,658
118000113,2,125,-123
118000114,602,4,598
118000115,0,4,-4
118000116,19,0,19
118000117,267,279,-12
118000118,627,570,57
118000119,650,640,10
118000120,483,416,67
118000121,12,122,-110
118000122,143,128,15
118000123,67,97,-30
118000125,463,744,-281
118000126,310,1196,-886
118000127,379,482,-103
118000128,163,1131,-968
118000129,390,297,93
118000130,836,1354,-518
118000131,156,368,-212
118000132,1350,1311,39
118000133,864,385,479
118000135,211,362,-151
118000136,62,188,-126
118000137,172,71,101
118000138,200,139,61
118000139,227,86,141
118000140,1554,4802,-3248
118000141,2042,927,1115
118000142,1526,829,697
118000143,2119,757,1362
118000144,455,190,265
118000145,507,383,124
118000146,761,192,569
118000147,440,407,33
118000148,422,1088,-666
118000149,442,166,276
118000150,475,90,385
118000151,586,82,504
118000153,1324,434,890
118000154,1005,597,408
118000155,1500,490,1010
118000156,873,1361,-488
118000157,242,141,101
118000158,83,393,-310
118000159,94,92,2
118000160,497,196,301
118000161,302,137,165
118000162,586,535,51
118000163,708,806,-98
118000164,1184,1002,182
118000168,277,321,-44
118000169,270,360,-90
118000170,1030,1048,-18
118000171,202,165,37
118000172,75,113,-38
118000173,532,768,-236
118000175,49,113,-64
118000176,182,196,-14
118000177,197,198,-1
118000178,4,12,-8
118000179,506,335,171
118000180,351,235,116
118000181,247,79,168
118000182,94,42,52
118000183,132,85,47
118000184,834,242,592
118000185,257,678,-421
118000186,102,554,-452
118000187,1078,153,925
118000188,623,12,611
118000189,847,54,793
118000190,17,2,15
118000191,0,2,-2
118000192,2,39,-37
118000193,3,149,-146
118000194,613,561,52
118000195,91,674,-583
118000196,13,138,-125
118000197,17,729,-712
118000198,213,1500,-1287
118000199,153,1126,-973
118000200,29,204,-175
118000201,78,267,-189
118000202,12,96,-84
118000203,38,587,-549
118000204,15,226,-211
118000205,8,70,-62
118000206,181,72,109
118000207,0,26,-26
118000208,824,854,-30
118000209,1403,381,1022
118000210,114,5,109
118000211,77,32,45
118000213,263,1265,-1002
118000214,34,186,-152
118000215,322,38,284
118000216,3573,748,2825
118000217,2,13,-11
118000218,22,30,-8
118000219,157,59,98
118000220,8,25,-17
118000221,424,450,-26
118000222,31,1,30
118000223,35,43,-8
118000224,76,16,60
118000225,85,321,-236
118000226,793,54,739
118000227,139,114,25
118000228,7,98,-91
118000229,23,60,-37
118000230,19,69,-50
118000231,6,87,-81
118000232,331,107,224
118000233,847,240,607
118000234,225,40,185
118000236,177,105,72
118000237,149,69,80
118000238,155,12,143
118000239,210,162,48
118000240,54,62,-8
118000241,125,47,78
118000242,264,75,189
118000243,103,75,28
118000244,77,15,62
118000246,0,0,0
118000255,12,148,-136
118000256,87,75,12
118000259,2,61,-59
118000260,165,27,138
118000261,18,5,13
118000263,66,86,-20
118000266,57,70,-13
118000267,1,54,-53
118000268,57,0,57
118000270,77,0,77
118000271,164,57,107
118000272,35,5,30
118000273,129,27,102
118000274,49,60,-11
118000276,203,34,169
118000295,31,57,-26
118000298,45,37,8
118000299,35,33,2
118000301,0,19,-19
118000302,23,25,-2
118000311,990,36,954
118000312,201,46,155
118000313,18,11,7
118000314,84,16,68
118000315,12,9,3
118000316,683,145,538
118000325,52,1,51
118000326,5,26,-21
118000331,39,3,36
118000332,32,4,28
118000333,24,4,20
118000335,457,0,457
118000336,0,50,-50
118000407,292,33,259
118000457,0,31,-31
118000465,381,960,-579
118000480,13,26,-13
118000489,1,270,-269
118000490,2,103,-101
118000492,565,32,533
118000510,2,0,2
118000514,20,103,-83
118000515,195,516,-321
118000517,113,71,42
118000524,109,123,-14
118000525,106,214,-108
118000530,26,95,-69
118000531,315,84,231
118000532,69,71,-2
118000533,136,102,34
118000534,248,121,127
118000535,296,22,274
118000536,27,143,-116
118000537,15,18,-3
118000538,7,12,-5
118000539,2,52,-50
118000540,72,33,39
118000541,17,40,-23
118000542,23,117,-94
118000543,104,60,44
118000546,64,8,56
118000553,0,0,0
118000560,248,859,-611
118000562,23,15,8
118000563,910,438,472
118000576,44,36,8
118000577,54,43,11
118000578,27,30,-3
118000579,307,753,-446
118000583,0,0,0
118000595,155,56,99
118000596,0,34,-34
118000597,66,36,30
118000598,2,0,2
118000599,187,5,182
118000600,0,0,0
118000601,0,0,0
118000602,0,5,-5
118000603,0,3,-3
118000605,40,11,29
118900001,343,410,-67
118900002,291,400,-109
118900003,402,7,395
118900004,52,14,38
118900005,77,1,76
118900006,55,0,55
118900007,1,0,1
118900008,356,13,343
118900009,69,91,-22
118900010,44,6,38
118900011,47,7,40
118900012,46,30,16
118900013,81,250,-169
118900015,195,2,193
118900016,0,2,-2
118900017,4,46,-42
118900018,439,51,388
118900019,2,0,2
118900020,15,15,0
118900021,37,154,-117
118900022,63,31,32
118900023,10,31,-21
118900024,35,18,17
118900025,14,42,-28
118900026,25,12,13
118900027,182,99,83
118900028,143,43,100
118900029,105,58,47
118900030,537,9,528
118900031,31,15,16
118900032,116,39,77
118900033,204,153,51
118900034,188,18,170
118900035,75,46,29
118900036,820,139,681
118900037,100,222,-122
118900038,400,43,357
118900039,407,37,370
118900040,103,18,85
118900041,220,114,106
118900042,70,22,48
118900045,60,99,-39
118900046,251,250,1
118900047,95,307,-212
118900048,34,242,-208
118900049,10,3,7
118900050,21,6,15
118900051,31,33,-2
118900052,67,251,-184
118900053,2,16,-14
118900054,126,20,106
118900055,93,27,66
118900056,8,24,-16
118900057,489,172,317
118900058,185,151,34
118900059,3,38,-35
118900060,64,42,22
118900062,101,37,64
118900064,79,254,-175
118900065,15,84,-69
118900066,44,14,30
118900067,1112,2944,-1832
118900068,1,89,-88
118900069,380,23,357
118900071,1,8,-7
118900072,106,134,-28
118900073,231,26,205
118900074,63,17,46
118900075,62,4,58
118900076,113,7,106
118900077,170,44,126
118900078,2,0,2
118900079,17,7,10
118900080,32,11,21
118900081,19,3,16
118900082,902,68,834
118900083,23,22,1
118900084,2,3,-1
118900085,219,109,110
118900086,10,29,-19
118900087,69,384,-315
118900088,0,0,0
118900089,3,4,-1
118900090,59,34,25
118900091,97,64,33
118900092,105,11,94
118900093,1,4,-3
118900096,3,19,-16
118900097,75,105,-30
118900099,23,27,-4
118900100,4,26,-22
118900101,155,54,101
118900102,2,18,-16
118900103,4,56,-52
118900104,160,25,135
118900105,51,9,42
118900107,39,40,-1
118900108,24,25,-1
118900110,286,474,-188
118900111,236,77,159
118900112,63,37,26
118900113,23,41,-18
118900114,3,8,-5
118900115,17,96,-79
118900116,61,49,12
118900117,64,34,30
118900118,165,67,98
118900119,54,130,-76
118900120,30,193,-163
118900121,26,307,-281
118900122,2,291,-289
118900123,46,38,8
118900124,74,29,45
118900126,7,77,-70
118900129,145,21,124
118900130,4,34,-30
118900131,171,109,62
118900132,154,36,118
118900133,2,25,-23
118900135,112,67,45
118900136,175,81,94
118900137,2,14,-12
118900139,74,147,-73
118900140,230,196,34
118900141,39,15,24
118900144,97,122,-25
118900145,0,54,-54
118900146,125,149,-24
118900147,54,107,-53
118900148,19,6,13
118900150,42,238,-196
118900152,308,128,180
118900157,14,61,-47
118900158,91,14,77
118900159,0,64,-64
118900161,40,43,-3
118900163,13,12,1
118900164,0,11,-11
118900165,15,33,-18
118900166,25,1,24
118900167,7,34,-27
118900168,9,48,-39
118900169,97,63,34
118900170,177,7,170
118900171,31,7,24
118900174,34,8,26
118900175,392,103,289
118900176,103,80,23
118900177,90,3,87
118900178,33,36,-3
118900179,2,6,-4
118900181,39,7,32
118900182,5,17,-12
118900183,10,60,-50
118900184,69,3,66
118900185,63,3,60
118900186,59,21,38
118900187,58,127,-69
118900188,113,105,8
118900189,8,257,-249
118900190,12,27,-15
118900191,231,4,227
118900192,251,0,251
118900193,800,4,796
118900195,88,90,-2
118900196,25,29,-4
118900197,253,5,248
118900198,19,6,13
118900199,48,3,45
118900200,21,13,8
118900201,2,13,-11
118900202,3,2,1
118900203,15,1,14
118900204,6,2,4
118900205,0,5,-5
118900206,0,28,-28
119000001,923,606,317
119000002,2121,1289,832
119000003,2180,311,1869
119000004,1448,1045,403
119000005,1344,1161,183
119000006,2250,845,1405
119000007,2453,2099,354
119000008,841,619,222
119000009,1337,3400,-2063
119000010,1754,2184,-430
119000011,1536,1199,337
119000012,614,1677,-1063
119000013,1944,1077,867
119000014,762,1188,-426
119000019,84,54,30
119000020,1522,1004,518
119000021,2959,2142,817
119000022,605,1526,-921
119000023,91,132,-41
119000024,881,9921,-9040
119000025,1490,640,850
119000026,18,258,-240
119000027,74,252,-178
119000028,878,240,638
119000029,26,116,-90
119000030,401,385,16
119000031,473,312,161
119000032,466,809,-343
119000033,974,592,382
119000034,665,270,395
119000035,7,100,-93
119000036,1455,179,1276
119000037,886,387,499
119000038,82,268,-186
119000039,530,209,321
119000040,197,456,-259
119000041,438,832,-394
119000048,998,866,132
119000049,1257,725,532
119000050,519,675,-156
119000051,1265,427,838
119000052,851,838,13
119000053,1257,447,810
119000054,1711,475,1236
119000055,3154,751,2403
119000056,2665,651,2014
119000057,871,396,475
119000058,480,476,4
119000059,450,356,94
119000060,1021,230,791
119000061,279,213,66
119000062,578,324,254
119000063,347,218,129
119000064,177,326,-149
119000065,585,926,-341
119000066,1052,517,535
119000067,663,505,158
119000068,1010,246,764
119000069,1006,418,588
119000070,1873,331,1542
119000071,103,128,-25
119000072,1659,922,737
119000073,1948,3874,-1926
119000074,956,557,399
119000075,2998,787,2211
119000076,90,176,-86
119000077,368,245,123
119000078,223,68,155
119000079,75,206,-131
119000080,358,53,305
119000081,147,83,64
119000082,372,35,337
119000083,272,113,159
119000084,156,114,42
119000085,240,53,187
119000086,205,157,48
119000087,322,181,141
119000088,212,20,192
119000089,28,61,-33
119000090,49,55,-6
119000091,48,121,-73
119000092,49,124,-75
119000093,1405,978,427
119000094,2690,1998,692
119000095,1365,1246,119
119000097,625,428,197
119000098,574,2549,-1975
119000099,896,369,527
119000100,2738,1330,1408
119000101,1546,797,749
119000102,75,862,-787
119000103,420,182,238
119000104,343,194,149
119000105,473,1391,-918
119000106,159,206,-47
119000107,941,320,621
119000108,284,282,2
119000109,79,147,-68
119000110,85,63,22
119000111,8,273,-265
119000112,63,18,45
119000113,290,80,210
119000114,340,674,-334
119000115,19,123,-104
119000116,17,85,-68
119000117,24,137,-113
119000118,5,1,4
119000123,447,1484,-1037
119000124,618,57,561
119000125,3014,330,2684
119000126,1196,297,899
119000127,515,74,441
119000128,36,0,36
119000131,812,73,739
119000132,1,0,1
119000133,0,3,-3
119000134,477,267,210
119000135,211,74,137
119000136,191,25,166
119000137,235,64,171
119000138,489,37,452
119000139,55,31,24
119000140,81,83,-2
119000284,466,1000,-534
119000285,598,437,161
119000286,1556,1042,514
119000287,820,614,206
119000288,1026,288,738
119000289,437,459,-22
119000290,129,123,6
119000291,9,162,-153
119000293,111,160,-49
119000294,15,15,0
119000295,418,132,286
119000296,261,71,190
119000302,860,707,153
119000303,7,36,-29
119000310,0,0,0
119000314,798,7956,-7158
119000315,0,42,-42
119000316,99,30,69
119000317,42,49,-7
119900001,60,300,-240
119900002,101,20,81
119900003,0,63,-63
119900004,39,1080,-1041
119900005,123,29,94
119900006,65,119,-54
119900007,215,73,142
119900008,18,16,2
119900009,154,71,83
119900010,246,260,-14
119900011,19,203,-184
119900012,5,69,-64
119900013,679,677,2
119900014,253,49,204
119900015,182,9,173
119900016,18,19,-1
119900017,42,14,28
119900018,464,860,-396
119900019,18,1,17
119900020,22,31,-9
119900021,26,8,18
119900022,29,655,-626
119900023,96,1418,-1322
119900025,221,0,221
119900026,134,63,71
119900027,5,4,1
119900028,119,108,11
119900029,6,0,6
119900030,196,88,108
119900031,58,490,-432
119900033,278,217,61
119900034,394,14,380
119900037,99,3,96
119900038,9,133,-124
119900039,46,5,41
119900040,67,29,38
119900041,85,2,83
119900042,33,31,2
119900043,75,5,70
119900044,72,489,-417
119900046,117,5,112
119900047,157,134,23
119900048,37,19,18
119900049,89,1,88
119900050,51,76,-25
119900051,899,25,874
119900052,44,13,31
119900053,165,33,132
119900054,146,1,145
119900055,727,129,598
119900057,304,28,276
119900058,306,4,302
119900059,23,15,8
119900060,382,14,368
119900062,59,0,59
119900063,12,39,-27
119900065,257,0,257
119900066,0,0,0
119900067,41,6,35
119900068,518,0,518
119900069,104,0,104
119900070,495,2,493
119900071,741,19,722
119900073,399,82,317
119900074,21,71,-50
119900075,623,856,-233
119900076,458,123,335
119900077,965,117,848
119900078,524,265,259
119900079,344,52,292
119900080,1056,240,816
119900081,348,51,297
119900082,1431,124,1307
119900083,116,40,76
119900084,139,33,106
119900085,10,24,-14
119900087,48,116,-68
119900088,20,10,10
119900089,2,96,-94
119900090,32,6,26
119900091,8,115,-107
119900092,14,112,-98
119900093,459,89,370
119900094,1,36,-35
119900095,53,6,47
119900096,40,32,8
119900097,22,107,-85
119900098,9,0,9
119900099,6,53,-47
119900100,387,1108,-721
119900101,23,228,-205
119900102,28,41,-13
119900103,38,40,-2
119900104,29,31,-2
119900105,186,583,-397
119900106,1,37,-36
119900107,25,563,-538
119900108,1148,264,884
119900109,3,72,-69
119900110,199,55,144
119900111,89,43,46
119900112,481,414,67
119900113,5,72,-67
119900114,117,113,4
119900115,281,99,182
119900116,18,176,-158
119900117,77,113,-36
119900118,68,114,-46
119900119,95,25,70
119900120,143,117,26
119900121,291,91,200
119900122,4,59,-55
119900123,14,55,-41
119900124,145,126,19
119900125,0,36,-36
119900126,665,104,561
119900127,258,122,136
119900128,228,121,107
119900129,169,53,116
119900130,4,17,-13
119900131,19,42,-23
119900132,0,10,-10
119900133,42,15,27
119900134,166,26,140
119900135,0,31,-31
119900136,12,50,-38
119900138,21,33,-12
119900139,7,41,-34
119900140,5,10,-5
119900141,9,333,-324
119900142,11,12,-1
119900143,4,56,-52
119900144,399,44,355
119900145,2,18,-16
119900146,32,29,3
119900147,0,93,-93
119900148,352,8,344
119900149,92,2706,-2614
119900150,44,15,29
119900151,371,456,-85
119900152,57,31,26
119900153,125,12,113
119900154,31,42,-11
119900155,8,1,7
119900156,8,1,7
119900157,114,33,81
119900158,110,21,89
119900159,8,166,-158
119900160,16,32,-16
119900161,67,47,20
119900162,559,297,262
119900163,25,66,-41
119900164,0,1,-1
119900165,155,19,136
119900166,73,10,63
119900167,0,7,-7
119900168,594,99,495
119900169,6,105,-99
119900170,58,41,17
119900171,210,139,71
119900172,20,10,10
119900173,2,53,-51
119900174,0,8,-8
119900175,1153,104,1049
119900177,4,20,-16
119900178,0,30,-30
119900179,56,704,-648
119900180,603,166,437
119900181,8,49,-41
119900182,0,44,-44
119900183,18,182,-164
119900184,268,80,188
119900185,26,186,-160
119900186,3,751,-748
119900187,6,54,-48
119900188,67,116,-49
119900189,26,81,-55
119900190,47,176,-129
119900191,48,84,-36
119900192,8,42,-34
119900193,486,49,437
119900194,20,6,14
119900195,2,50,-48
119900196,101,116,-15
119900197,219,35,184
119900198,65,82,-17
119900199,83,2,81
119900200,467,142,325
119900201,55,37,18
119900202,9,107,-98
119900203,62,254,-192
119900204,80,80,0
119900205,596,24,572
119900206,309,44,265
119900208,68,14,54
119900209,305,793,-488
119900210,19,10,9
119900211,12,1,11
119900212,311,106,205
119900213,2,37,-35
119900214,28,5,23
119900215,33,4,29
119900216,10,3,7
119900217,10,7,3
119900218,0,2,-2
119900219,8,11,-3
119900220,2,13,-11
119900221,7,24,-17
119900222,0,34,-34
119900223,1,5,-4
119900224,1,2,-1
119900225,92,12,80
119900226,60,944,-884
119900227,226,96,130
119900228,18,115,-97
119900229,29,94,-65
119900230,261,85,176
119900231,243,23,220
119900232,88,9,79
119900233,101,4,97
119900234,3,22,-19
119900235,10,7,3
119900236,19,35,-16
119900237,23,113,-90
119900238,2,28,-26
119900240,49,30,19
119900241,89,55,34
119900242,580,436,144
119900244,145,338,-193
119900245,53,65,-12
119900246,63,151,-88
119900247,5,17,-12
119900248,5,158,-153
119900249,146,9,137
119900253,452,218,234
119900254,36,561,-525
119900255,62,110,-48
119900256,815,281,534
119900257,94,7,87
119900258,219,21,198
119900259,20,31,-11
119900260,189,9,180
119900261,220,19,201
119900262,2,38,-36
119900263,376,57,319
119900264,122,41,81
119900265,313,50,263
119900266,259,19,240
119900267,53,117,-64
119900268,72,10,62
119900269,482,147,335
119900271,2,11,-9
119900272,23,41,-18
119900275,62,27,35
119900276,61,0,61
119900277,14,0,14
119900278,104,39,65
119900279,27,100,-73
119900280,117,12,105
119900281,1,170,-169
119900282,4,43,-39
119900283,1,17,-16
119900284,28,55,-27
119900285,0,69,-69
119900286,0,10,-10
119900288,2,2,0
119900289,10,3,7
119900290,1,0,1
119900291,0,14,-14
119900292,17,49,-32
119900293,19,13,6
119900294,14,0,14
119900295,0,0,0
119900296,0,0,0
119900299,11,36,-25
119900300,147,54,93
119900301,12,118,-106
119900302,15,47,-32
119900303,263,48,215
119900304,151,2,149
119900305,2,17,-15
119900306,3,1,2
119900307,123,18,105
119900308,1,2,-1
119900309,20,115,-95
119900310,38,46,-8
119900311,87,22,65
119900312,99,12,87
119900313,28,90,-62
119900314,142,159,-17
119900315,1497,440,1057
119900318,5,44,-39
119900319,6,70,-64
119900320,135,109,26
119900321,171,11,160
119900322,1,29,-28
119900323,0,85,-85
119900324,2,48,-46
119900325,269,128,141
119900326,83,16,67
120000001,4052,14484,-10432
120000002,1562,941,621
120000003,1038,396,642
120000004,1270,565,705
120000005,1359,483,876
120000006,662,332,330
120000007,1083,1730,-647
120000008,491,353,138
120000009,898,415,483
120000010,1145,829,316
120000011,520,501,19
120000012,871,785,86
120000013,2100,1250,850
120000014,355,557,-202
120000015,1565,703,862
120000016,2785,1416,1369
120000017,2207,1974,233
120000018,2172,10403,-8231
120000019,552,603,-51
120000020,1261,1558,-297
120000021,920,720,200
120000022,2232,2978,-746
120000023,970,855,115
120000024,745,919,-174
120000025,1805,662,1143
120000026,2723,1125,1598
120000027,1576,1358,218
120000028,412,386,26
120000029,317,409,-92
120000030,77,375,-298
120000031,884,2246,-1362
120000032,1989,930,1059
120000033,2008,399,1609
120000034,1995,345,1650
120000035,1845,454,1391
120000036,1584,2090,-506
120000037,357,1229,-872
120000038,1148,1001,147
120000039,186,517,-331
120000040,15,550,-535
120000041,344,476,-132
120000042,1119,569,550
120000043,3050,505,2545
120000044,4647,983,3664
120000045,5794,431,5363
120000046,4187,2820,1367
120000047,198,3577,-3379
120000048,3493,1719,1774
120000049,2447,1015,1432
120000050,1496,1450,46
120000051,1191,1819,-628
120000052,3079,649,2430
120000053,599,899,-300
120000054,527,1590,-1063
120000055,661,1257,-596
120000056,1963,1277,686
120000057,1939,366,1573
120000058,695,372,323
120000059,8,1346,-1338
120000061,37,191,-154
120000062,67,139,-72
120000063,291,815,-524
120000064,227,406,-179
120000065,192,424,-232
120000066,133,131,2
120000067,19,130,-111
120000068,96,142,-46
120000069,397,136,261
120000070,95,240,-145
120000071,769,37,732
120000072,807,164,643
120000073,778,41,737
120000074,34,19,15
120000075,958,117,841
120000076,1893,149,1744
120000077,1776,123,1653
120000078,1359,346,1013
120000079,331,132,199
120000080,80,127,-47
120000081,273,39,234
120000082,383,143,240
120000083,44,620,-576
120000084,90,83,7
120000085,95,183,-88
120000086,108,191,-83
120000087,103,98,5
120000088,324,272,52
120000089,546,128,418
120000090,359,114,245
120000091,943,190,753
120000092,686,149,537
120000093,776,190,586
120000094,260,252,8
120000095,309,139,170
120000096,215,225,-10
120000098,360,244,116
120000099,91,230,-139
120000100,381,251,130
120000101,365,79,286
120000102,423,778,-355
120000103,811,472,339
120000104,1727,148,1579
120000105,2050,106,1944
120000106,2511,107,2404
120000107,4267,120,4147
120000108,1406,59,1347
120000109,904,33,871
120000110,15,306,-291
120000111,57,359,-302
120000112,215,782,-567
120000113,111,600,-489
120000114,149,460,-311
120000115,95,484,-389
120000116,83,468,-385
120000117,239,353,-114
120000118,37,14,23
120000119,0,12,-12
120000120,73,94,-21
120000121,9,9,0
120000122,96,415,-319
120000123,1097,6913,-5816
120000124,256,202,54
120000125,608,202,406
120000126,168,343,-175
120000127,263,215,48
120000128,879,1325,-446
120000129,97,69,28
120000130,388,109,279
120000131,384,189,195
120000134,75,81,-6
120000135,706,336,370
120000137,177,75,102
120000138,1031,64,967
120000139,106,88,18
120000140,1056,103,953
120000141,224,171,53
120000142,605,166,439
120000143,0,30,-30
120000144,76,0,76
120000145,389,0,389
120000146,469,701,-232
120000149,204,193,11
120000150,463,6477,-6014
120000151,389,102,287
120000152,720,59,661
120000153,340,109,231
120000154,229,267,-38
120000155,56,149,-93
120000156,217,1129,-912
120000157,668,131,537
120000158,430,153,277
120000159,823,648,175
120000160,1054,1387,-333
120000161,2128,1498,630
120000162,123,220,-97
120000163,465,115,350
120000164,438,80,358
120000165,717,111,606
120000166,1459,122,1337
120000167,13,84,-71
120000168,1,193,-192
120000169,2,415,-413
120000170,6,313,-307
120000171,0,133,-133
120000172,2,111,-109
120000173,104,128,-24
120000174,17,45,-28
120000175,24,24,0
120000176,24,26,-2
120000177,169,39,130
120000178,41,20,21
120000179,26,20,6
120000180,36,15,21
120000181,6,277,-271
120000182,24,338,-314
120000183,1,181,-180
120000184,15,348,-333
120000186,9,271,-262
120000187,24,58,-34
120000188,54,43,11
120000190,88,29,59
120000191,124,24,100
120000192,55,5,50
120000193,48,0,48
120000195,3,1,2
120000196,73,8,65
120000197,5,34,-29
120000198,220,2,218
120000199,294,0,294
120000200,262,1,261
120000201,59,64,-5
120000202,1,23,-22
120000203,60,35,25
120000207,1,17,-16
120000208,11,26,-15
120000209,0,7,-7
120000210,9,10,-1
120000211,263,0,263
120000212,232,0,232
120000213,172,89,83
120000214,0,20,-20
120000215,1,13,-12
120000216,118,13,105
120000217,143,190,-47
120000218,25,203,-178
120000219,1,164,-163
120000220,0,473,-473
120000225,2156,1,2155
120000226,430,4,426
120000227,655,74,581
120000228,3327,2308,1019
120000230,251,17,234
120000231,998,229,769
120000233,390,17,373
120000235,87,137,-50
120000236,1093,4,1089
120000237,0,220,-220
120000238,0,136,-136
120000241,851,2162,-1311
120000412,180,4,176
120000413,288,58,230
120000414,314,1,313
120000415,1,9,-8
120000416,76,2,74
120000417,2,40,-38
120000418,288,1,287
120000419,7,45,-38
120000420,15,5,10
120000421,3775,2280,1495
120000422,66,1419,-1353
120000423,1,43,-42
120000424,101,5,96
120000436,120,1002,-882
120000437,13,42,-29
120000438,728,131,597
120000439,106,399,-293
120000443,171,0,171
120000444,1381,136,1245
120000445,1107,589,518
120000446,177,91,86
120000447,346,2,344
120000449,158,1,157
120000450,0,27,-27
120000451,104,52,52
120000452,173,0,173
120000453,0,11,-11
120000454,17,17,0
120000455,50,24,26
120000456,553,2105,-1552
120000457,238,242,-4
120000458,198,135,63
120000459,104,16,88
120000665,78,159,-81
120000668,34,332,-298
120000669,164,49,115
120000670,57,229,-172
120000671,882,351,531
120000672,8,123,-115
120900001,159,16,143
120900002,67,118,-51
120900003,78,0,78
120900004,4,41,-37
120900005,300,192,108
120900006,572,50,522
120900007,63,38,25
120900008,715,447,268
120900009,127,3,124
120900010,683,80,603
120900011,2,122,-120
120900012,17,855,-838
120900013,400,83,317
120900014,61,122,-61
120900015,951,20,931
120900016,1514,21,1493
120900017,648,35,613
120900018,101,98,3
120900019,283,181,102
120900020,261,352,-91
120900021,446,21,425
120900022,2,67,-65
120900023,643,30,613
120900024,599,146,453
120900025,432,296,136
120900026,21,32,-11
120900027,134,9,125
120900028,576,113,463
120900029,7,755,-748
120900030,1723,227,1496
120900031,486,72,414
120900032,1472,54,1418
120900033,915,34,881
120900034,4,1353,-1349
120900035,18,9,9
120900037,277,2,275
120900038,49,509,-460
120900039,93,27,66
120900040,465,1,464
120900041,6,11,-5
120900042,365,30,335
120900043,54,23,31
120900044,3,212,-209
120900045,22,18,4
120900046,684,2,682
120900047,70,202,-132
120900048,125,5,120
120900049,724,0,724
120900050,431,2048,-1617
120900051,210,39,171
120900052,1035,2,1033
120900053,439,16,423
120900054,295,69,226
120900055,588,1,587
120900056,615,13,602
120900057,225,10,215
120900058,860,1,859
120900059,60,0,60
120900060,28,3,25
120900061,80,24,56
120900062,205,0,205
120900063,845,7,838
120900064,850,1,849
120900065,867,2,865
120900066,531,87,444
120900067,177,33,144
120900068,429,1,428
120900069,254,3,251
120900071,22,1,21
120900072,901,7,894
120900073,860,46,814
120900074,985,41,944
120900076,388,0,388
120900077,549,308,241
120900078,724,100,624
120900079,1052,62,990
120900080,1164,279,885
120900081,1177,175,1002
120900082,190,188,2
120900083,117,14,103
120900084,295,443,-148
120900085,15,5,10
120900086,4,330,-326
120900087,450,88,362
120900088,83,763,-680
120900089,678,2901,-2223
120900090,145,23,122
120900091,146,576,-430
120900092,44,114,-70
120900093,574,77,497
120900094,67,66,1
120900095,104,4,100
120900096,45,71,-26
120900097,229,222,7
120900098,74,59,15
120900099,9,17,-8
120900100,16,46,-30
120900101,21,46,-25
120900102,24,14,10
120900103,31,66,-35
120900104,1,5,-4
120900105,3,70,-67
120900106,194,62,132
120900107,120,43,77
120900108,0,92,-92
120900109,7,94,-87
120900110,1,70,-69
120900111,53,68,-15
120900112,2,192,-190
120900113,5,133,-128
120900114,27,51,-24
120900115,85,119,-34
120900116,516,92,424
120900117,1,81,-80
120900118,16,88,-72
120900119,2136,1082,1054
120900120,6,121,-115
120900121,6,106,-100
120900122,732,96,636
120900123,1,82,-81
120900124,2,105,-103
120900125,1,124,-123
120900126,172,140,32
120900127,3,62,-59
120900128,60,320,-260
120900129,60,77,-17
120900130,24,97,-73
120900131,11,15,-4
120900132,867,85,782
120900133,24,199,-175
120900134,34,126,-92
120900135,35,229,-194
120900136,5,23,-18
120900137,336,36,300
120900138,0,144,-144
120900139,3,179,-176
120900140,0,62,-62
120900141,146,47,99
120900142,1,132,-131
120900143,1,194,-193
120900144,0,107,-107
120900145,22,159,-137
120900146,0,130,-130
120900147,3,1,2
120900148,55,42,13
120900149,0,94,-94
120900150,40,75,-35
120900151,0,40,-40
120900152,11,4,7
120900153,10,0,10
120900154,0,53,-53
120900155,178,170,8
120900156,90,63,27
120900157,0,0,0
120900158,36,95,-59
120900159,0,26,-26
120900160,13,143,-130
120900161,2,262,-260
120900162,7,129,-122
120900163,5,157,-152
120900164,0,24,-24
120900165,0,50,-50
120900166,6,288,-282
120900167,40,25,15
120900169,61,63,-2
120900170,126,3446,-3320
120900171,254,50,204
120900172,54,414,-360
120900173,0,16,-16
120900174,5,17,-12
120900175,76,22,54
120900176,1,269,-268
120900177,2,966,-964
120900178,2,456,-454
120900179,74,43,31
120900180,19,123,-104
120900181,9,17,-8
120900182,7,37,-30
120900183,260,42,218
120900184,33,11,22
120900185,52,488,-436
120900186,0,86,-86
120900187,443,130,313
120900188,211,25,186
120900189,28,2034,-2006
120900190,132,1,131
120900191,40,2,38
120900192,3000,9069,-6069
120900194,71,13,58
120900195,28,52,-24
120900196,194,8,186
120900197,637,27,610
120900198,55,250,-195
120900199,106,297,-191
120900200,7,55,-48
120900201,191,45,146
120900202,0,34,-34
120900203,32,10,22
120900204,32,85,-53
120900205,4,11,-7
120900206,63,12,51
120900207,1,179,-178
121000001,455,462,-7
121000002,728,1059,-331
121000003,2330,1162,1168
121000004,719,1662,-943
121000005,1653,2139,-486
121000006,929,1601,-672
121000007,1126,2261,-1135
121000008,1654,2158,-504
121000009,2343,3281,-938
121000010,2094,1894,200
121000011,2565,3500,-935
121000012,4720,1979,2741
121000013,2995,2749,246
121000014,2245,1491,754
121000015,2518,3704,-1186
121000016,1568,1263,305
121000017,1035,1443,-408
121000018,1412,726,686
121000019,2772,3900,-1128
121000020,4389,6776,-2387
121000021,674,574,100
121000022,918,1697,-779
121000023,898,369,529
121000024,1979,2102,-123
121000025,125,384,-259
121000026,63,83,-20
121000027,806,605,201
121000028,272,398,-126
121000029,281,332,-51
121000030,238,274,-36
121000031,126,215,-89
121000032,47,114,-67
121000034,106,177,-71
121000035,46,149,-103
121000036,534,436,98
121000037,158,777,-619
121000038,138,521,-383
121000039,37,141,-104
121000041,114,336,-222
121000042,99,290,-191
121000043,136,425,-289
121000044,354,345,9
121000045,144,215,-71
121000046,354,454,-100
121000047,29,101,-72
121000049,463,605,-142
121000050,45,1030,-985
121000051,376,139,237
121000052,251,1110,-859
121000053,134,136,-2
121000054,6,176,-170
121000055,299,640,-341
121000056,427,753,-326
121000057,94,89,5
121000058,86,53,33
121000059,2319,544,1775
121000060,489,608,-119
121000061,11,358,-347
121000062,42,198,-156
121000063,537,739,-202
121000064,276,450,-174
121000065,110,217,-107
121000066,187,353,-166
121000067,232,185,47
121000068,154,436,-282
121000069,86,896,-810
121000070,409,392,17
121000071,692,801,-109
121000072,252,184,68
121000073,364,546,-182
121000074,44,111,-67
121000075,2,35,-33
121000076,167,87,80
121000077,58,71,-13
121000078,42,182,-140
121000080,509,194,315
121000081,818,1514,-696
121000082,57,91,-34
121000083,55,34,21
121000084,84,147,-63
121000085,91,147,-56
121000086,260,213,47
121000087,32,77,-45
121000088,190,124,66
121000089,79,195,-116
121000090,93,282,-189
121000091,524,570,-46
121000092,95,12,83
121000093,119,68,51
121000094,100,235,-135
121000095,114,429,-315
121000096,2525,604,1921
121000097,155,747,-592
121000098,115,217,-102
121000099,320,138,182
121000100,613,95,518
121000101,151,33,118
121000102,158,27,131
121000103,22,86,-64
121000104,127,25,102
121000105,151,21,130
121000106,73,153,-80
121000107,837,1113,-276
121000109,511,749,-238
121000110,99,345,-246
121000114,1247,839,408
121000115,226,152,74
121000116,100,152,-52
121000117,193,65,128
121000118,815,71,744
121000119,166,131,35
121000120,137,370,-233
121000121,326,2131,-1805
121000123,187,116,71
121000127,43,71,-28
121000128,653,91,562
121000129,532,73,459
121000130,195,775,-580
121000131,495,520,-25
121000132,144,541,-397
121000135,84,114,-30
121000136,270,878,-608
121000137,179,201,-22
121000138,198,2097,-1899
121000139,23,363,-340
121000141,161,56,105
121000142,199,381,-182
121000143,3,11,-8
121000144,196,537,-341
121000145,206,278,-72
121000146,399,487,-88
121000147,613,203,410
121000148,247,252,-5
121000149,1011,777,234
121000152,147,110,37
121000153,759,178,581
121000154,549,195,354
121000155,1186,333,853
121000156,153,363,-210
121000157,408,420,-12
121000158,173,152,21
121000159,202,245,-43
121000160,281,134,147
121000161,189,195,-6
121000162,54,45,9
121000165,382,1292,-910
121000166,16,296,-280
121000168,202,310,-108
121000169,8,78,-70
121000170,127,47,80
121000171,57,36,21
121000172,405,340,65
121000173,917,662,255
121000174,372,444,-72
121000175,846,215,631
121000176,190,119,71
121000177,308,283,25
121000178,73,15,58
121000179,52,24,28
121000181,90,215,-125
121000182,156,443,-287
121000183,17,322,-305
121000184,25,308,-283
121000185,33,394,-361
121000186,113,535,-422
121000187,159,42,117
121000188,158,19,139
121000192,273,236,37
121000193,323,147,176
121000194,742,939,-197
121000195,190,510,-320
121000196,205,135,70
121000197,31,148,-117
121000198,87,129,-42
121000199,107,92,15
121000200,403,96,307
121000201,0,154,-154
121000202,413,61,352
121000203,312,560,-248
121000204,1794,308,1486
121000205,205,168,37
121000206,43,55,-12
121000207,1409,639,770
121000208,3,245,-242
121000209,767,78,689
121000210,513,186,327
121000211,125,33,92
121000212,202,205,-3
121000213,4761,1335,3426
121000214,341,1024,-683
121000215,481,506,-25
121000216,224,400,-176
121000217,1656,2097,-441
121000218,279,651,-372
121000219,675,257,418
121000220,172,24,148
121000221,330,316,14
121000222,2950,1992,958
121000223,129,583,-454
121000224,80,260,-180
121000225,200,4012,-3812
121000226,591,1346,-755
121000227,32,81,-49
121000228,13,148,-135
121000229,65,202,-137
121000230,70,567,-497
121000231,1136,40,1096
121000232,129,106,23
121000233,381,209,172
121000234,1,50,-49
121000235,42,99,-57
121000236,0,24,-24
121000237,1,14,-13
121000238,0,18,-18
121000239,54,3,51
121000240,3,45,-42
121000241,95,1,94
121000242,6,57,-51
121000243,98,22,76
121000244,0,24,-24
121000245,18,0,18
121000246,0,56,-56
121000247,71,0,71
121000248,121,158,-37
121000249,32,81,-49
121000250,473,574,-101
121000251,5,237,-232
121000252,46,69,-23
121000253,192,385,-193
121000254,611,203,408
121000255,26,469,-443
121000256,156,359,-203
121000257,2,89,-87
121000258,29,205,-176
121000259,6,90,-84
121000260,1,91,-90
121000261,17,160,-143
121000262,403,229,174
121000263,154,228,-74
121000271,163,563,-400
121000273,17,6,11
121000274,2,127,-125
121000275,1,6,-5
121000276,2,114,-112
121000278,65,21,44
121000279,2,49,-47
121000280,6,132,-126
121000289,107,27,80
121000290,315,519,-204
121000294,172,28,144
121000297,107,516,-409
121000299,48,751,-703
121000300,570,303,267
121000302,6,246,-240
121000303,187,41,146
121000304,179,26,153
121000305,145,15,130
121000306,89,73,16
121000308,51,44,7
121000309,88,100,-12
121000310,58,70,-12
121000311,24,141,-117
121000312,207,133,74
121000313,49,61,-12
121000314,0,3,-3
121000315,4,22,-18
121000530,973,551,422
121000531,885,808,77
121000532,2074,3173,-1099
121000533,1729,1162,567
121000918,35,91,-56
121000919,13,61,-48
121000938,15,72,-57
121000939,4,102,-98
121000956,983,642,341
121000957,16,29,-13
121000958,0,66,-66
121000959,727,218,509
121000960,826,546,280
121000961,174,7,167
121000962,70,103,-33
121000973,1,155,-154
121000976,0,17,-17
121000979,44,182,-138
121000981,202,12,190
121000982,355,251,104
121000983,250,58,192
121000984,2,18,-16
121000985,631,265,366
121000986,452,153,299
121000987,72,227,-155
121000988,749,60,689
121001302,44,24,20
121001308,0,3,-3
121001309,9,218,-209
121001313,112,200,-88
121001314,573,965,-392
121001315,2415,1813,602
121900001,31,200,-169
121900002,22,0,22
121900003,67,2,65
121900004,19,178,-159
121900005,3,0,3
121900006,52,5,47
121900007,1829,618,1211
121900008,55,74,-19
121900009,493,82,411
121900010,25,0,25
121900011,190,71,119
121900012,13,0,13
121900013,57,35,22
121900014,735,101,634
121900015,176,51,125
121900016,1,2,-1
121900017,136,245,-109
121900018,136,2,134
121900019,145,32,113
121900020,9,1,8
121900021,525,2,523
121900022,69,60,9
121900023,44,286,-242
121900024,73,43,30
121900025,239,103,136
121900026,79,17,62
121900027,156,93,63
121900028,72,0,72
121900029,54,396,-342
121900030,130,171,-41
121900031,167,2524,-2357
121900032,51,15,36
121900033,50,94,-44
121900034,158,58,100
121900035,1102,627,475
121900036,78,302,-224
121900037,54,806,-752
121900038,35,11,24
121900039,95,4,91
121900040,28,17,11
121900041,59,167,-108
121900042,234,52,182
121900043,0,2,-2
121900044,23,29,-6
121900046,38,65,-27
121900047,41,57,-16
121900048,23,23,0
121900050,37,2,35
121900051,110,134,-24
121900052,52,8,44
121900053,292,155,137
121900054,89,323,-234
121900055,2,16,-14
121900058,101,10,91
121900059,31,35,-4
121900060,57,141,-84
121900061,80,1699,-1619
121900062,118,47,71
121900063,961,164,797
121900064,160,199,-39
121900066,14,45,-31
121900067,3,0,3
121900069,75,41,34
121900070,115,107,8
121900071,346,102,244
121900072,13,13,0
121900073,14,108,-94
121900074,143,314,-171
121900075,141,340,-199
121900076,177,160,17
121900077,0,1,-1
121900078,44,54,-10
121900079,0,0,0
121900080,163,104,59
121900082,43,22,21
121900084,23,3,20
121900085,0,3,-3
121900086,4,29,-25
121900087,27,42,-15
121900088,379,491,-112
121900089,63,74,-11
121900090,15,3,12
121900091,2,8,-6
121900092,68,60,8
121900093,64,26,38
121900094,1,0,1
121900095,106,55,51
121900096,394,273,121
121900097,196,70,126
121900098,0,1,-1
121900099,93,25,68
121900100,9,38,-29
121900101,48,16,32
121900102,0,6,-6
121900103,143,156,-13
121900104,772,144,628
121900105,62,63,-1
121900106,1,1,0
121900107,30,11,19
121900108,0,0,0
121900109,129,42,87
121900110,346,121,225
121900111,60,75,-15
121900112,21,25,-4
121900113,19,88,-69
121900114,2,1,1
121900117,1,16,-15
121900118,293,66,227
121900119,104,23,81
121900120,50,191,-141
121900121,28,3,25
121900122,19,28,-9
121900123,97,71,26
121900124,39,35,4
121900125,727,255,472
121900127,6,156,-150
121900128,15,7,8
121900129,76,39,37
121900130,34,1336,-1302
121900131,98,10,88
121900132,15,28,-13
121900133,2,273,-271
121900134,2,157,-155
121900135,4256,330,3926
121900136,51,41,10
121900137,1,72,-71
121900138,27,61,-34
121900139,150,924,-774
121900140,2,5,-3
121900141,17,3,14
121900142,16,5,11
121900143,0,22,-22
121900144,55,78,-23
121900145,36,50,-14
121900146,44,47,-3
121900147,7,14,-7
121900148,31,39,-8
121900149,16,15,1
121900150,39,17,22
121900151,4,55,-51
121900152,6,1,5
121900153,0,90,-90
121900154,0,27,-27
121900155,0,24,-24
121900156,3,15,-12
121900157,0,21,-21
121900158,29,11,18
121900159,0,13,-13
121900160,10,29,-19
121900161,21,89,-68
121900162,2,18,-16
121900163,207,93,114
121900164,64,114,-50
121900165,39,65,-26
121900166,95,42,53
121900167,81,9,72
121900168,20,20,0
121900169,0,3,-3
121900170,7,11,-4
121900171,328,124,204
121900172,159,39,120
121900173,179,110,69
121900174,42,3,39
121900175,9,59,-50
121900176,175,406,-231
121900177,20,62,-42
121900178,9,0,9
121900179,51,142,-91
121900180,563,3252,-2689
121900182,296,172,124
121900183,104,985,-881
121900184,45,864,-819
121900186,1,191,-190
121900187,1,69,-68
121900188,716,63,653
121900189,13,4,9
121900190,25,349,-324
121900191,19,100,-81
121900192,94,667,-573
121900193,2,67,-65
121900194,0,62,-62
121900195,0,5,-5
121900196,73,438,-365
121900197,57,298,-241
121900198,2870,487,2383
121900199,0,17,-17
121900200,0,43,-43
121900201,162,203,-41
121900202,14,213,-199
121900203,42,295,-253
121900204,202,359,-157
121900205,3,40,-37
121900206,1,19,-18
121900207,2,9,-7
121900208,10,185,-175
121900209,14,20,-6
121900210,559,365,194
121900211,106,116,-10
121900212,7,52,-45
121900213,106,7,99
121900214,0,205,-205
121900215,13,57,-44
121900216,8,114,-106
121900217,30,59,-29
121900218,80,168,-88
121900220,60,2,58
121900221,166,130,36
121900222,69,5,64
121900223,14,20,-6
121900224,16,15,1
121900225,34,108,-74
121900226,50,10,40
121900227,89,238,-149
121900228,28,33,-5
121900230,13,86,-73
121900231,41,186,-145
121900232,40,99,-59
121900233,53,39,14
121900234,46,59,-13
121900235,194,50,144
121900236,95,9,86
121900237,38,80,-42
121900238,17,77,-60
121900239,38,9,29
121900240,82,24,58
121900241,2,9,-7
121900242,0,0,0
121900243,0,0,0
121900244,0,0,0
121900245,112,11,101
121900246,1698,98,1600
121900247,143,54,89
121900248,287,209,78
121900250,32,254,-222
121900251,230,12,218
121900252,109,39,70
121900253,51,540,-489
121900254,33,119,-86
121900255,179,34,145
121900258,1997,710,1287
121900259,41,134,-93
121900260,45,26,19
121900261,11,118,-107
121900262,83,153,-70
121900263,20,67,-47
121900264,236,131,105
121900265,107,13,94
121900266,254,29,225
121900267,45,23,22
121900269,81,283,-202
121900270,57,104,-47
121900271,4,428,-424
121900273,186,954,-768
121900274,197,118,79
121900277,61,182,-121
121900278,47,351,-304
121900279,32,60,-28
121900280,26,122,-96
121900281,30,127,-97
121900284,13,2,11
121900286,106,21,85
121900287,0,8,-8
121900288,1,0,1
121900290,36,154,-118
121900291,211,231,-20
121900292,34,79,-45
121900293,346,1115,-769
121900294,100,0,100
121900295,25,11,14
121900296,67,104,-37
121900298,25,347,-322
121900299,0,70,-70
121900300,11,27,-16
121900301,10,0,10
121900302,6,59,-53
121900303,26,63,-37
121900304,0,1,-1
121900305,1,4,-3
121900306,176,1,175
121900307,101,4,97
121900308,0,10,-10
121900309,1,21,-20
121900310,0,65,-65
121900311,274,3,271
121900312,133,9,124
121900313,204,13,191
121900314,2,7,-5
121900315,15,0,15
121900316,0,0,0
121900317,8,10,-2
121900318,0,0,0
121900319,25,89,-64
121900320,1,0,1
121900321,41,0,41
121900322,0,0,0
121900323,2,4,-2
121900324,0,7,-7
121900325,3,0,3
121900326,0,0,0
121900327,0,8,-8
121900328,0,0,0
121900329,0,19,-19
121900330,0,56,-56
121900331,13,37,-24
121900332,43,18,25
121900333,13,0,13
121900334,16,13,3
122000001,408,1011,-603
122000002,862,207,655
122000003,385,574,-189
122000004,356,357,-1
122000005,1523,1450,73
122000006,207,507,-300
122000007,230,672,-442
122000008,496,1061,-565
122000009,56,131,-75
122000010,1159,1177,-18
122000011,914,540,374
122000012,291,603,-312
122000013,181,664,-483
122000014,1537,449,1088
122000015,405,377,28
122000016,275,270,5
122000017,309,664,-355
122000018,646,795,-149
122000019,284,672,-388
122000020,133,167,-34
122000021,67,157,-90
122000022,335,451,-116
122000023,168,394,-226
122000024,184,615,-431
122000025,310,548,-238
122000026,239,358,-119
122000027,169,270,-101
122000028,330,271,59
122000029,114,207,-93
122000030,101,25,76
122000031,26,345,-319
122000032,939,774,165
122000033,130,534,-404
122000034,91,413,-322
122000035,68,163,-95
122000036,115,194,-79
122000037,172,138,34
122000038,69,190,-121
122000039,214,171,43
122000040,127,79,48
122000041,285,659,-374
122000042,226,611,-385
122000043,25,56,-31
122000044,26,78,-52
122000045,357,259,98
122000046,277,264,13
122000047,67,52,15
122000048,845,1614,-769
122000049,2441,1194,1247
122000050,301,457,-156
122000051,70,449,-379
122000052,181,435,-254
122000053,127,1140,-1013
122000054,950,803,147
122000055,1173,1845,-672
122000056,1281,1058,223
122000057,918,1666,-748
122000058,289,721,-432
122000059,333,852,-519
122000060,185,159,26
122000061,124,119,5
122000062,331,125,206
122000063,129,459,-330
122000064,1559,2616,-1057
122000065,1126,1435,-309
122000066,217,513,-296
122000067,416,1017,-601
122000068,701,723,-22
122000069,369,253,116
122000070,306,551,-245
122000071,1319,617,702
122000072,165,186,-21
122000073,21,278,-257
122000074,834,611,223
122000075,354,334,20
122000076,1336,623,713
122000077,292,816,-524
122000078,396,876,-480
122000079,154,890,-736
122000080,125,182,-57
122000081,51,142,-91
122000082,149,488,-339
122000083,1208,473,735
122000084,1195,515,680
122000085,62,248,-186
122000086,989,2787,-1798
122000087,157,181,-24
122000088,63,166,-103
122000089,1614,1180,434
122000090,118,403,-285
122000091,63,258,-195
122000092,33,60,-27
122000093,615,1650,-1035
122000094,2507,1152,1355
122000095,370,1333,-963
122000096,293,651,-358
122000098,1267,2062,-795
122000099,163,630,-467
122000100,313,175,138
122000101,100,151,-51
122000102,789,407,382
122000103,411,607,-196
122000104,312,151,161
122000105,153,173,-20
122000106,164,437,-273
122000107,550,314,236
122000108,139,218,-79
122000109,155,151,4
122000110,113,247,-134
122000111,812,521,291
122000112,436,795,-359
122000113,204,152,52
122000114,433,1327,-894
122000115,742,933,-191
122000116,47,176,-129
122000117,226,134,92
122000118,435,90,345
122000119,481,360,121
122000120,303,526,-223
122000121,334,432,-98
122000122,76,309,-233
122000123,329,627,-298
122000124,152,139,13
122000125,36,208,-172
122000126,84,257,-173
122000127,125,96,29
122000128,135,149,-14
122000129,95,796,-701
122000130,849,301,548
122000131,317,115,202
122000132,128,128,0
122000133,348,227,121
122000134,412,488,-76
122000135,314,149,165
122000136,249,192,57
122000137,712,251,461
122000139,388,958,-570
122000140,77,317,-240
122000141,1559,570,989
122000142,55,636,-581
122000143,162,126,36
122000144,747,209,538
122000145,286,227,59
122000146,115,806,-691
122000147,148,187,-39
122000148,172,404,-232
122000149,609,216,393
122000150,750,257,493
122000151,12,61,-49
122000152,59,96,-37
122000153,115,74,41
122000154,90,53,37
122000155,495,749,-254
122000156,2335,1642,693
122000157,422,2370,-1948
122000158,99,259,-160
122000159,429,354,75
122000160,736,384,352
122000161,447,261,186
122000162,222,446,-224
122000163,153,48,105
122000164,15,26,-11
122000165,196,578,-382
122000166,210,963,-753
122000167,87,124,-37
122000168,40,877,-837
122000169,183,58,125
122000170,92,101,-9
122000171,8,18,-10
122000172,838,643,195
122000173,875,1090,-215
122000174,424,1183,-759
122000175,257,84,173
122000176,123,1405,-1282
122000177,403,997,-594
122000178,1674,1193,481
122000179,1143,1433,-290
122000180,244,526,-282
122000181,260,899,-639
122000182,334,517,-183
122000183,492,302,190
122000184,1235,1044,191
122000185,318,884,-566
122000186,165,365,-200
122000187,886,393,493
122000188,150,77,73
122000189,47,118,-71
122000190,384,803,-419
122000191,308,227,81
122000192,414,138,276
122000193,368,366,2
122000194,158,77,81
122000195,65,584,-519
122000196,512,116,396
122000197,208,407,-199
122000198,117,828,-711
122000199,211,83,128
122000200,323,254,69
122000201,414,1326,-912
122000202,346,1079,-733
122000203,789,419,370
122000204,395,409,-14
122000205,180,221,-41
122000206,1384,499,885
122000207,1179,685,494
122000208,1071,560,511
122000209,483,126,357
122000210,686,489,197
122000211,280,525,-245
122000212,308,305,3
122000213,284,686,-402
122000214,710,884,-174
122000215,1224,1314,-90
122000217,555,577,-22
122000218,275,46,229
122000219,748,263,485
122000220,98,381,-283
122000221,94,298,-204
122000222,134,45,89
122000223,118,292,-174
122000225,298,124,174
122000226,562,528,34
122000227,29,350,-321
122000228,80,103,-23
122000229,6,236,-230
122000230,3,219,-216
122000231,119,383,-264
122000232,201,183,18
122000233,0,59,-59
122000234,299,68,231
122000235,257,101,156
122000236,762,42,720
122000237,44,35,9
122000238,65,207,-142
122000239,297,56,241
122000240,421,136,285
122000241,781,125,656
122000242,154,15,139
122000243,145,36,109
122000244,43,114,-71
122000245,39,12,27
122000246,227,85,142
122000247,147,131,16
122000248,740,222,518
122000249,625,446,179
122000250,602,328,274
122000251,3,23,-20
122000252,112,39,73
122000253,14,21,-7
122000254,179,90,89
122000255,181,475,-294
122000256,162,330,-168
122000257,150,121,29
122000258,101,247,-146
122000259,9,350,-341
122000260,31,243,-212
122000261,23,94,-71
122000262,1,52,-51
122000263,22,138,-116
122000264,854,65,789
122000265,1051,338,713
122000266,1708,187,1521
122000267,34,251,-217
122000268,91,20,71
122000269,456,138,318
122000270,229,44,185
122000271,91,335,-244
122000272,96,91,5
122000273,168,63,105
122000274,68,128,-60
122000275,13,186,-173
122000276,652,348,304
122000277,272,920,-648
122000278,824,81,743
122000279,73,100,-27
122000280,191,166,25
122000281,317,154,163
122000282,30,477,-447
122000283,13,166,-153
122000284,30,27,3
122000285,298,39,259
122000286,6,121,-115
122000287,830,1394,-564
122000288,170,173,-3
122000291,1094,361,733
122000293,82,55,27
122000294,49,220,-171
122000295,809,135,674
122000296,33,511,-478
122000297,896,2909,-2013
122000299,231,229,2
122000300,120,239,-119
122000301,3004,2430,574
122000302,199,1765,-1566
122000303,574,368,206
122000304,8,150,-142
122000305,1064,189,875
122000306,41,230,-189
122000307,34,59,-25
122000309,21,142,-121
122000310,4,93,-89
122000311,52,48,4
122000312,74,198,-124
122000313,17,156,-139
122000314,132,299,-167
122000315,176,36,140
122000316,790,202,588
122000317,1487,144,1343
122000318,179,1202,-1023
122000319,58,187,-129
122000320,96,245,-149
122000321,48,82,-34
122000322,667,514,153
122000323,221,637,-416
122000324,480,957,-477
122000325,316,719,-403
122000326,95,60,35
122000327,85,248,-163
122000328,261,184,77
122000330,713,555,158
122000332,173,1127,-954
122000333,40,40,0
122000337,570,142,428
122000338,214,91,123
122000340,9,683,-674
122000342,713,319,394
122000343,293,176,117
122000344,68,6,62
122000345,31,88,-57
122000346,40,25,15
122000348,224,353,-129
122000349,37,59,-22
122000351,150,133,17
122000352,146,28,118
122000353,36,19,17
122000355,92,221,-129
122000356,103,516,-413
122000357,43,5,38
122000358,0,6,-6
122000359,0,0,0
122000360,0,0,0
122000362,4,4,0
122000364,223,81,142
122000365,1,16,-15
122000366,31,3,28
122000368,272,183,89
122000370,2,2,0
122000371,51,0,51
122000372,6,0,6
122000381,112,122,-10
122000382,11,161,-150
122000384,471,490,-19
122000385,39,10,29
122000386,74,671,-597
122000387,59,625,-566
122000388,510,289,221
122000389,85,209,-124
122000390,115,227,-112
122000391,35,438,-403
122000392,60,63,-3
122000393,1,526,-525
122000394,316,118,198
122000395,88,62,26
122000396,117,20,97
122000397,11,58,-47
122000398,8,105,-97
122000399,73,20,53
122000400,7,268,-261
122000401,41,4,37
122000402,339,123,216
122000403,143,213,-70
122000404,217,65,152
122000408,109,503,-394
122000503,2,53,-51
122000524,14,75,-61
122000544,20,957,-937
122000616,88,1,87
122000640,95,41,54
122000641,92,131,-39
122000642,759,197,562
122000643,14,158,-144
122000644,78,16,62
122000645,14,74,-60
122000651,187,595,-408
122000664,90,24,66
122000665,254,174,80
122000666,83,207,-124
122000673,9,88,-79
122000674,333,88,245
122000675,1175,477,698
122000686,233,426,-193
122000687,1271,174,1097
122000688,179,190,-11
122000689,796,126,670
122000690,2193,98,2095
122000691,778,365,413
122000692,932,53,879
122000693,211,391,-180
122000695,285,195,90
122000696,462,49,413
122000698,153,129,24
122000699,263,44,219
122000701,1003,154,849
122000702,290,605,-315
122000703,67,41,26
122000712,0,0,0
122000717,14,66,-52
122000718,31,699,-668
122000719,4,34,-30
122000720,612,50,562
122000724,55,34,21
122900001,13,16,-3
122900002,303,3510,-3207
122900003,160,3,157
122900004,2470,105,2365
122900005,37,193,-156
122900006,53,1192,-1139
122900007,24,17,7
122900008,109,294,-185
122900009,107,84,23
122900010,152,63,89
122900012,157,164,-7
122900014,28,29,-1
122900015,626,182,444
122900016,73,43,30
122900017,120,271,-151
122900018,48,1,47
122900019,1,155,-154
122900020,40,514,-474
122900021,11,129,-118
122900022,673,513,160
122900023,283,95,188
122900024,37,51,-14
122900025,2,66,-64
122900026,1,9,-8
122900027,3,415,-412
122900028,44,40,4
122900029,2150,997,1153
122900030,294,39,255
122900031,4,198,-194
122900032,90,96,-6
122900033,102,79,23
122900034,1038,1566,-528
122900035,13,20,-7
122900036,19,5,14
122900037,79,39,40
122900038,14,901,-887
122900039,19,171,-152
122900040,180,298,-118
122900041,40,252,-212
122900042,90,64,26
122900043,161,129,32
122900044,76,179,-103
122900045,29,68,-39
122900046,58,240,-182
122900047,17,23,-6
122900048,3,165,-162
122900049,1330,47,1283
122900051,11,105,-94
122900052,82,26,56
122900053,0,13,-13
122900055,60,14,46
122900057,145,3,142
122900061,253,18,235
122900062,191,372,-181
122900063,133,90,43
122900064,504,244,260
122900065,96,137,-41
122900066,155,44,111
122900067,330,117,213
122900068,7,48,-41
122900069,129,691,-562
122900070,194,6,188
122900071,28,76,-48
122900072,17,114,-97
122900073,35,34,1
122900074,1018,94,924
122900075,0,17,-17
122900076,0,50,-50
122900077,2,9,-7
122900078,185,25,160
122900080,0,17,-17
122900081,63,46,17
122900082,825,30,795
122900083,18,36,-18
122900084,0,72,-72
122900086,0,22,-22
122900087,221,423,-202
122900088,16,120,-104
122900089,4,211,-207
122900090,0,64,-64
122900091,263,4,259
122900092,0,46,-46
122900093,0,21,-21
122900094,1,55,-54
122900095,156,5,151
122900096,426,17,409
122900097,16,19,-3
122900098,12,54,-42
122900099,78,54,24
122900100,10,472,-462
122900101,94,97,-3
122900102,15,54,-39
122900103,288,2,286
122900104,117,0,117
122900105,4,10,-6
122900106,0,1,-1
122900107,1,15,-14
122900108,7,30,-23
123000001,406,297,109
123000002,1208,3499,-2291
123000003,2011,1605,406
123000004,1200,2073,-873
123000005,1902,998,904
123000006,1077,1070,7
123000007,1562,1027,535
123000008,978,1593,-615
123000009,2268,1955,313
123000010,1560,1823,-263
123000011,760,579,181
123000012,206,1099,-893
123000013,2178,500,1678
123000014,223,1387,-1164
123000015,1356,573,783
123000016,1301,1260,41
123000017,3574,1791,1783
123000018,165,39,126
123000019,377,15,362
123000020,269,22,247
123000021,282,224,58
123000022,739,1018,-279
123000023,1650,1238,412
123000024,982,450,532
123000025,222,49,173
123000026,31,114,-83
123000027,15,595,-580
123000028,64,2926,-2862
123000029,103,1119,-1016
123000030,163,56,107
123000031,402,64,338
123000032,582,112,470
123000033,187,54,133
123000034,435,400,35
123000035,163,264,-101
123000036,60,415,-355
123000037,36,82,-46
123000038,17,203,-186
123000039,260,947,-687
123000040,210,37,173
123000041,256,457,-201
123000042,214,383,-169
123000043,626,6139,-5513
123000044,1696,968,728
123000045,1548,763,785
123000046,86,425,-339
123000047,276,368,-92
123000048,11,1096,-1085
123000049,2068,3859,-1791
123000050,914,649,265
123000051,26,67,-41
123000052,281,939,-658
123000053,884,993,-109
123000054,868,988,-120
123000055,1146,2130,-984
123000056,412,308,104
123000057,1725,1832,-107
123000058,192,644,-452
123000059,56,170,-114
123000060,661,224,437
123000061,129,211,-82
123000063,504,328,176
123000064,797,95,702
123000065,1329,1085,244
123000066,174,187,-13
123000067,301,224,77
123000068,602,524,78
123000069,1454,412,1042
123000070,108,130,-22
123000071,980,282,698
123000072,452,219,233
123000073,971,413,558
123000074,489,393,96
123000075,135,652,-517
123000076,332,134,198
123000077,751,548,203
123000078,1164,464,700
123000079,1391,605,786
123000080,1136,220,916
123000081,42,105,-63
123000082,50,299,-249
123000083,520,77,443
123000084,380,257,123
123000085,279,81,198
123000086,472,43,429
123000087,297,72,225
123000088,597,198,399
123000089,533,372,161
123000090,453,330,123
123000091,695,680,15
123000092,356,339,17
123000094,387,35,352
123000095,535,195,340
123000096,564,76,488
123000097,297,62,235
123000098,473,117,356
123000099,371,119,252
123000100,195,518,-323
123000101,134,83,51
123000102,224,566,-342
123000104,141,132,9
123000105,148,49,99
123000106,235,92,143
123000107,175,79,96
123000108,255,345,-90
123000111,562,53,509
123000112,690,93,597
123000113,312,224,88
123000114,122,305,-183
123000115,150,210,-60
123000116,54,60,-6
123000117,1087,608,479
123000118,293,152,141
123000119,87,148,-61
123000120,158,169,-11
123000121,331,205,126
123000122,109,67,42
123000123,294,184,110
123000124,164,105,59
123000125,671,493,178
123000126,556,1688,-1132
123000127,359,160,199
123000128,79,49,30
123000129,769,30,739
123000130,656,8,648
123000131,864,319,545
123000132,95,182,-87
123000133,116,61,55
123000134,185,18,167
123000135,1071,162,909
123000136,116,183,-67
123000137,59,62,-3
123000138,20,95,-75
123000139,453,65,388
123000140,43,188,-145
123000141,147,34,113
123000142,656,393,263
123000143,338,599,-261
123000144,1,22,-21
123000145,142,502,-360
123000146,4,216,-212
123000147,22,385,-363
123000149,111,194,-83
123000150,28,140,-112
123000151,64,291,-227
123000152,8,83,-75
123000153,18,550,-532
123000154,500,1253,-753
123000155,758,944,-186
123000156,12,33,-21
123000157,185,469,-284
123000158,192,380,-188
123000159,849,1952,-1103
123000160,322,478,-156
123000161,583,541,42
123000162,642,1175,-533
123000163,491,76,415
123000164,1420,80,1340
123000165,94,432,-338
123000166,8,33,-25
123000167,95,58,37
123000168,213,78,135
123000169,646,48,598
123000170,91,42,49
123000171,727,21,706
123000172,27,140,-113
123000173,268,102,166
123000174,400,225,175
123000175,154,302,-148
123000176,430,133,297
123000177,150,272,-122
123000178,549,54,495
123000179,5,320,-315
123000180,901,118,783
123000181,232,388,-156
123000182,223,109,114
123000183,95,238,-143
123000184,48,160,-112
123000185,522,323,199
123000186,7,141,-134
123000187,382,1,381
123000188,202,1,201
123000189,885,119,766
123000190,30,238,-208
123000192,2,189,-187
123000193,6,165,-159
123000194,172,99,73
123000195,212,1,211
123000196,258,8,250
123000197,42,55,-13
123000198,36,456,-420
123000199,26,298,-272
123000200,483,8,475
123000201,960,21,939
123000202,36,229,-193
123000203,707,21,686
123000204,56,333,-277
123000205,49,335,-286
123000206,2135,151,1984
123000207,29,292,-263
123000208,391,43,348
123000209,1216,201,1015
123000210,73,435,-362
123000211,158,496,-338
123000212,2637,210,2427
123000213,196,28,168
123000215,53,93,-40
123000216,70,486,-416
123000217,128,12,116
123000218,75,198,-123
123000219,306,85,221
123000220,174,66,108
123000221,64,28,36
123000222,209,160,49
123000223,317,115,202
123000224,324,133,191
123000225,121,34,87
123000226,138,91,47
123000227,31,54,-23
123000228,213,49,164
123000229,277,202,75
123000232,18,141,-123
123000233,482,28,454
123000234,130,138,-8
123000235,677,141,536
123000236,150,194,-44
123000237,357,70,287
123000238,30,79,-49
123000239,160,218,-58
123000240,30,459,-429
123000241,150,7,143
123000242,81,105,-24
123000243,385,383,2
123000244,442,172,270
123000245,0,50,-50
123000249,188,288,-100
123000252,413,102,311
123000253,932,206,726
123000254,431,218,213
123000255,281,354,-73
123000256,26,59,-33
123000257,732,521,211
123000258,371,183,188
123000259,324,179,145
123000260,411,61,350
123000261,248,144,104
123000262,25,42,-17
123000263,284,19,265
123000264,192,30,162
123000265,4,22,-18
123000266,223,179,44
123000267,517,137,380
123000268,6,5,1
123000269,23,42,-19
123000270,46,46,0
123000271,8,23,-15
123000272,322,142,180
123000273,147,767,-620
123000274,743,308,435
123000275,105,193,-88
123000278,715,1539,-824
123000279,117,29,88
123000280,157,137,20
123000281,218,40,178
123000282,10,109,-99
123000283,191,32,159
123000284,7,20,-13
123000286,57,150,-93
123000287,67,101,-34
123000288,402,743,-341
123000289,69,837,-768
123000291,26,178,-152
123000294,117,170,-53
123000295,498,1166,-668
123000296,533,589,-56
123000297,543,140,403
123000298,875,135,740
123000299,88,71,17
123000300,788,309,479
123000301,65,130,-65
123000302,172,19,153
123000303,21,590,-569
123000305,172,309,-137
123000306,166,18,148
123000309,44,18,26
123000310,103,1,102
123000311,2,51,-49
123000312,211,210,1
123000313,397,327,70
123000315,288,47,241
123000316,701,98,603
123000317,149,188,-39
123000318,28,156,-128
123000329,2,1,1
123000337,161,960,-799
123000338,76,305,-229
123000339,291,35,256
123000340,20,119,-99
123000342,1,19,-18
123000343,129,2,127
123000344,197,62,135
123000345,70,208,-138
123000346,359,29,330
123000352,250,240,10
123000353,35,13,22
123000354,398,27,371
123000355,6,741,-735
123000356,216,1,215
123000357,0,39,-39
123000359,0,36,-36
123000360,61,115,-54
123000361,519,117,402
123000362,217,24,193
123000363,127,42,85
123000364,196,155,41
123000365,14,107,-93
123000366,171,944,-773
123000367,111,172,-61
123000370,5,44,-39
123000371,538,11,527
123000372,157,0,157
123000373,2,28,-26
123000374,3,36,-33
123000375,284,36,248
123000376,571,357,214
123000377,554,3,551
123000378,1,72,-71
123000379,1,119,-118
123000380,2,48,-46
123000381,49,183,-134
123000382,499,103,396
123000383,22,258,-236
123000384,482,121,361
123000385,20,67,-47
123000436,53,883,-830
123000507,27,41,-14
123000508,50,839,-789
123000517,74,2,72
123000518,10,55,-45
123000519,39,24,15
123000520,27,31,-4
123000521,199,46,153
123000522,62,115,-53
123000541,6,1,5
123000542,0,0,0
123000565,519,16,503
123000566,207,253,-46
123000567,218,143,75
123000573,0,47,-47
123000574,585,29,556
123000575,1864,51,1813
123000576,464,271,193
123000577,6,155,-149
123000578,265,137,128
123000579,532,2999,-2467
123000580,96,47,49
123000582,376,5,371
123000583,5,84,-79
123000584,95,88,7
123000585,0,6,-6
123000586,48,0,48
123000596,64,22,42
123000597,58,70,-12
123000602,102,21,81
123000603,1043,157,886
123000604,482,151,331
123000605,214,48,166
123000606,0,97,-97
123000609,19,135,-116
123000610,46,70,-24
123000613,65,65,0
123000614,215,32,183
123000615,27,40,-13
123000616,589,31,558
123000617,59,81,-22
123000618,12,281,-269
123000619,332,14,318
123000620,0,103,-103
123000622,436,4,432
123000624,201,21,180
123000630,1265,340,925
123000631,74,365,-291
123000632,304,176,128
123000633,0,121,-121
123000634,3,127,-124
123000635,36,29,7
123000636,33,311,-278
123000637,86,9,77
123000638,278,142,136
123000639,661,3743,-3082
123000640,30,228,-198
123000648,317,7,310
123000649,16,173,-157
123900001,687,33,654
123900002,26,623,-597
123900003,16,115,-99
123900005,173,145,28
123900006,244,37,207
124000001,1104,107,997
124000002,5,431,-426
124000003,825,112,713
124000004,36,99,-63
124000005,819,864,-45
124000006,71,133,-62
124000007,522,41,481
124000008,43,227,-184
124000009,631,333,298
124000010,104,281,-177
124000011,832,309,523
124000012,63,335,-272
124000017,170,84,86
124000018,14,5,9
124000019,143,16,127
124000020,25,5,20
124000021,70,28,42
124000022,3,20,-17
124000023,565,743,-178
124000024,545,185,360
124000025,592,741,-149
124000026,812,929,-117
124000027,2080,1227,853
124000028,1057,3437,-2380
124000030,1018,463,555
124000031,455,5461,-5006
124000032,1021,189,832
124000033,450,712,-262
124000034,337,290,47
124000035,235,231,4
124000036,51,239,-188
124000037,152,490,-338
124000038,0,14,-14
124000039,141,112,29
124000040,53,244,-191
124000041,387,19,368
124000042,147,34,113
124000043,94,35,59
124000044,18,9,9
124000045,759,70,689
124000046,85,131,-46
124000047,1433,113,1320
124000048,337,129,208
124000049,1252,120,1132
124000050,297,337,-40
124000051,987,176,811
124000052,277,265,12
124000053,412,1183,-771
124000054,196,97,99
124000055,556,2058,-1502
124000056,576,203,373
124000057,796,259,537
124000058,218,340,-122
124000059,567,609,-42
124000060,203,287,-84
124000061,575,3090,-2515
124000062,1384,627,757
124000063,655,358,297
124000064,730,394,336
124000065,3,122,-119
124000066,63,64,-1
124000067,70,59,11
124000068,3,36,-33
124000069,289,53,236
124000070,117,62,55
124000071,69,46,23
124000072,27,36,-9
124000073,531,36,495
124000074,61,58,3
124000075,383,27,356
124000076,0,0,0
124000077,114,483,-369
124000078,485,450,35
124000079,45,492,-447
124000080,542,42,500
124000081,94,67,27
124000082,31,74,-43
124000083,3,41,-38
124000084,21,559,-538
124000085,15,12,3
124000086,12,254,-242
124000087,10,159,-149
124000088,110,146,-36
124000089,343,50,293
124000090,93,137,-44
124000091,331,35,296
124000092,131,193,-62
124000093,105,76,29
124000094,40,157,-117
124000095,80,39,41
124000096,82,91,-9
124000097,83,45,38
124000098,115,46,69
124000099,128,12,116
124000100,61,76,-15
124000101,100,110,-10
124000102,46,25,21
124000103,87,45,42
124000104,37,44,-7
124000105,78,42,36
124000106,43,37,6
124000107,13,124,-111
124000108,24,22,2
124000109,166,63,103
124000110,68,15,53
124000111,162,71,91
124000112,601,170,431
124000113,87,134,-47
124000114,216,212,4
124000115,156,439,-283
124000116,103,142,-39
124000117,24,43,-19
124000118,7,23,-16
124000119,452,230,222
124000120,299,109,190
124000121,430,279,151
124000122,197,604,-407
124000123,205,119,86
124000124,211,173,38
124000125,307,105,202
124000126,121,112,9
124000127,698,117,581
124000128,367,149,218
124000129,767,388,379
124000130,214,92,122
124000131,370,332,38
124000132,173,229,-56
124000133,678,342,336
124000134,283,165,118
124000135,931,853,78
124000136,133,248,-115
124000137,413,360,53
124000138,196,286,-90
124000139,172,30,142
124000140,16,308,-292
124000141,510,19,491
124000142,5,124,-119
124000143,66,3,63
124000144,0,36,-36
124000145,185,5,180
124000146,10,41,-31
124000148,1,42,-41
124000149,587,133,454
124000150,116,241,-125
124000151,808,255,553
124000152,290,311,-21
124000153,620,580,40
124000154,339,275,64
124000155,500,278,222
124000156,321,333,-12
124000169,104,188,-84
124000170,183,189,-6
124000171,210,191,19
124000172,123,127,-4
124000173,384,119,265
124000174,285,178,107
124000175,0,0,0
124000176,35,5,30
124000177,0,0,0
124000178,12,47,-35
124000190,18,45,-27
124000191,45,292,-247
124000192,674,461,213
124000193,52,1058,-1006
124000194,120,79,41
124000195,371,182,189
124000196,229,317,-88
124000197,38,17,21
124000198,35,13,22
124000201,20,544,-524
124000202,409,21,388
124000203,469,81,388
124000204,1048,86,962
124000205,94,16,78
124000206,909,141,768
124000207,0,27,-27
124000209,165,27,138
124000210,894,151,743
124000211,868,3,865
124000212,0,44,-44
124000213,417,83,334
124000214,517,34,483
124000215,442,41,401
124000216,12,537,-525
124000329,6,445,-439
124000338,25,215,-190
124000339,1602,12,1590
124000341,1704,16,1688
124000344,34,13,21
124000357,861,1596,-735
124000358,478,1539,-1061
124000359,969,354,615
124000360,1072,262,810
124000361,1846,1005,841
124000362,741,1634,-893
124000363,208,127,81
124000364,273,281,-8
124000365,361,478,-117
124000366,953,490,463
124000367,7,193,-186
124000368,215,933,-718
124000369,68,37,31
124000370,22,505,-483
124000402,23,5,18
124000403,135,36,99
124000404,8,33,-25
124000405,349,169,180
124000406,250,94,156
124000407,0,10,-10
124000411,3,73,-70
124000412,322,0,322
124000413,36,46,-10
124000414,80,29,51
124000415,86,55,31
124000416,102,61,41
124000417,141,41,100
124000418,229,17,212
124000419,52,26,26
124000420,55,10,45
124000421,25,69,-44
124000422,25,5,20
124000423,47,32,15
124000424,0,7,-7
124000425,99,63,36
124000426,0,41,-41
124000427,49,1,48
124000428,1,179,-178
124000429,90,22,68
124000430,468,139,329
124000431,161,68,93
124000432,148,509,-361
124000439,2,10,-8
124000443,0,0,0
124000445,21,1302,-1281
124000446,568,191,377
124900001,476,48,428
124900002,80,53,27
124900003,593,91,502
124900004,427,87,340
124900005,103,38,65
124900006,528,86,442
124900008,150,123,27
124900009,33,268,-235
124900010,176,46,130
124900011,503,84,419
124900012,133,23,110
124900013,326,20,306
124900014,185,24,161
124900015,42,291,-249
124900016,75,102,-27
124900017,112,1996,-1884
124900018,102,4,98
124900020,104,8,96
124900021,309,9,300
124900022,52,0,52
124900024,294,0,294
124900026,13,3,10
124900027,30,84,-54
124900028,190,6,184
124900029,5,243,-238
124900030,0,12,-12
124900031,6,59,-53
124900032,99,28,71
124900033,12,75,-63
124900034,21,48,-27
124900035,23,35,-12
124900036,5,36,-31
124900037,63,68,-5
124900038,56,67,-11
124900039,5,77,-72
124900040,26,9,17
124900041,152,141,11
124900042,9,0,9
124900043,197,194,3
124900044,23,0,23
124900045,64,191,-127
124900046,67,50,17
124900047,6,29,-23
124900048,160,14,146
124900050,112,22,90
124900052,36,64,-28
124900053,32,42,-10
124900054,410,22,388
124900055,0,13,-13
124900057,0,0,0
124900060,0,42,-42
124900061,94,0,94
124900062,116,1,115
124900066,0,2,-2
124900067,0,1,-1
124900068,81,377,-296
124900070,1,1,0
124900072,154,14,140
124900075,181,55,126
124900076,26,545,-519
124900077,2,23,-21
124900078,13,0,13
124900079,26,44,-18
124900080,171,52,119
124900081,769,54,715
124900082,109,91,18
124900083,83,87,-4
124900085,108,154,-46
124900086,5,299,-294
124900087,24,23,1
124900088,30,18,12
124900089,222,6,216
124900090,317,64,253
124900091,122,89,33
124900092,125,51,74
124900093,437,43,394
124900094,402,45,357
124900095,95,293,-198
124900096,112,91,21
124900097,303,7,296
124900098,46,63,-17
124900099,48,150,-102
124900100,167,5,162
124900101,124,34,90
124900102,247,0,247
124900103,26,19,7
124900104,3,34,-31
124900105,22,17,5
124900106,166,10,156
124900107,180,1,179
124900108,28,19,9
124900111,0,0,0
124900112,51,68,-17
124900113,0,40,-40
124900114,8,16,-8
124900115,0,4,-4
124900116,242,201,41
124900117,74,102,-28
124900118,6,520,-514
124900119,150,142,8
124900120,2,60,-58
124900121,5,190,-185
124900122,8,27,-19
124900123,55,31,24
124900124,8,27,-19
204000001,154,4,150
204000002,3,4,-1
204000003,19,0,19
204000004,11,18,-7
204000005,215,128,87
204000006,688,1017,-329
204000011,0,0,0
204000012,4,8,-4
204000019,955,242,713
204000020,522,188,334
204000021,510,456,54
204000022,803,285,518
204000023,92,299,-207
204000031,16,4,12
204000032,89,6,83
204000034,16,13,3
204000035,1,6,-5
204000036,0,1,-1
204000037,0,29,-29
204000038,0,22,-22
204000039,5,14,-9
204000040,1,1,0
204000041,5,20,-15
204000042,12,18,-6
204000043,4,5,-1
204000044,34,1,33
204000045,22,1,21
204000046,16,0,16
204000057,0,38,-38
204000062,0,143,-143
204000068,7,64,-57
204000069,13,43,-30
204000070,90,17,73
204000080,17,11,6
204000085,301,192,109
204000086,481,382,99
204000087,25,15,10
204000088,0,0,0
204000090,22,12,10
204000093,368,13,355
204000096,807,209,598
204000097,294,5,289
204000099,676,1404,-728
204000100,1126,422,704
204000105,333,114,219
204000110,75,287,-212
204000111,122,182,-60
204000112,106,165,-59
204000113,89,214,-125
204000114,722,804,-82
204000115,483,143,340
204000116,325,121,204
204000119,1689,500,1189
204000132,520,443,77
204000133,619,68,551
204000134,181,33,148
204000135,434,14,420
204000136,464,91,373
204000138,201,567,-366
204000140,145,82,63
204000141,140,30,110
204000144,0,29,-29
204000145,283,3,280
204000146,0,8,-8
204000147,4,23,-19
204000148,39,15,24
204000154,13,2,11
204000155,0,14,-14
204000177,60,26,34
204000179,20,6,14
204000180,0,17,-17
204000222,18,30,-12
204000235,8,18,-10
204000236,20,13,7
204000238,35,30,5
204000240,132,23,109
204000263,133,177,-44
204000268,430,133,297
204000308,20,1,19
204000317,0,17,-17
204000322,12,16,-4
204000323,3,18,-15
204000328,217,18,199
204000329,20,43,-23
204000330,140,10,130
204000331,18,3,15
205000001,164,239,-75
205000013,2,33,-31
205000014,2,4,-2
205000015,8,9,-1
205000016,4,13,-9
205000017,36,6,30
205000022,64,158,-94
205000025,275,128,147
205000029,457,6,451
205000045,86,47,39
205000046,29,25,4
205000047,4,26,-22
205000048,159,54,105
205000049,36,31,5
205000050,103,9,94
205000059,0,11,-11
205000060,0,22,-22
205000061,0,69,-69
205000062,0,57,-57
205000063,13,133,-120
205000064,4,83,-79
205000065,12,184,-172
205000066,40,74,-34
205000067,25,138,-113
205000069,66,8,58
205000082,66,71,-5
205000110,23,23,0
205000111,26,10,16
205000112,65,67,-2
205000113,37,44,-7
205000121,98,58,40
205000123,15,4,11
205000126,563,88,475
205000127,414,36,378
205000128,201,48,153
205000129,549,65,484
205000130,125,18,107
205000131,19,18,1
205000132,43,19,24
205000133,66,0,66
205000134,239,0,239
205000137,24,17,7
205000138,12,17,-5
205000139,3,11,-8
205000144,67,18,49
205000145,143,36,107
205000151,51,40,11
205000152,22,21,1
205000153,124,33,91
205000154,19,39,-20
205000155,43,22,21
205000207,0,0,0
205000233,16,0,16
205000234,0,0,0
205000243,1,1,0
205000244,0,0,0
205000245,1,3,-2
205000249,0,2,-2
205000250,1,0,1
205000264,0,6,-6
206000027,0,6,-6
206000028,5,1,4
206000043,7,24,-17
206000053,0,0,0
206000054,0,1,-1
206000055,0,2,-2
206000075,5,10,-5
206000076,20,0,20
206000077,27,0,27
206000078,5,2,3
206000079,31,4,27
206000082,211,68,143
206000100,2,132,-130
206000103,0,0,0
206000104,0,0,0
206000105,0,0,0
206000106,0,0,0
206000108,412,37,375
206000125,132,0,132
206000157,0,31,-31
206000170,1,100,-99
206000171,2,100,-98
206000172,21,62,-41
206000173,0,35,-35
206000174,14,16,-2
206000175,2,14,-12
206000176,9,36,-27
206000177,1,23,-22
206000178,0,66,-66
206000179,0,15,-15
206000180,2,28,-26
206000181,1,37,-36
206000182,3,25,-22
206000183,5,64,-59
206000184,1,18,-17
206000185,0,10,-10
206000186,28,142,-114
206000223,1,63,-62
206000226,35,1,34
206000227,15,0,15
206000237,5,29,-24
206000238,6,84,-78
206000239,42,386,-344
206000240,0,0,0
206000241,2,60,-58
206000242,1,35,-34
206000243,1,27,-26
206000244,10,67,-57
206000245,2242,27,2215
206000246,601,2,599
206000247,721,3,718
206000248,775,4,771
206000252,6,40,-34
206000258,0,0,0
206000315,11,4,7
206000317,497,176,321
206000318,495,60,435
206000319,2973,38,2935
206000320,1010,26,984
206000321,958,6,952
206000322,1298,8,1290
206000323,451,8,443
206000324,533,4,529
206000325,264,7,257
206000326,356,9,347
206000327,36,4,32
206000328,327,7,320
206000329,831,1,830
206000330,177,1,176
206000331,504,1,503
206000332,80,0,80
206000333,1524,1,1523
206000334,970,3,967
206000335,0,6,-6
206000361,0,7,-7
206000392,0,3,-3
206000405,301,0,301
206000441,74,36,38
206000498,90,8,82
206000515,48,23,25
206000530,502,37,465
206000531,271,176,95
206000532,753,148,605
206000535,12,654,-642
206000536,3,55,-52
206000537,2,65,-63
206000613,797,261,536
207000001,33,131,-98
207000002,26,87,-61
207000003,20,100,-80
207000007,1814,131,1683
207000008,304,4,300
207000009,41,8,33
207000010,38,125,-87
207000012,430,72,358
207000015,44,247,-203
207000019,301,32,269
207000021,286,141,145
207000022,135,103,32
207000023,237,12,225
207000024,1,2,-1
207000025,7,21,-14
207000026,0,0,0
207000027,0,2,-2
207000028,6,59,-53
207000029,28,97,-69
207000033,123,225,-102
207000034,102,38,64
207000039,678,32,646
207000040,903,17,886
207000041,93,6,87
207000042,342,38,304
207000043,261,154,107
207000051,3,30,-27
207000052,0,23,-23
207000053,132,216,-84
207000054,34,33,1
207000055,23,46,-23
207000056,67,140,-73
207000057,31,113,-82
207000058,71,138,-67
207000059,30,191,-161
207000060,21,228,-207
207000061,62,1001,-939
207000062,688,42,646
207000063,569,36,533
207000064,356,26,330
207000065,243,97,146
207000066,520,85,435
207000067,91,29,62
207000068,164,46,118
207000069,603,147,456
207000082,4,101,-97
207000083,46,130,-84
207000084,523,97,426
207000085,297,54,243
207000086,478,11,467
207000106,115,10,105
207000107,141,3,138
207000108,167,0,167
207000109,53,1,52
207000110,32,1,31
207000111,42,60,-18
207000112,45,171,-126
207000114,0,0,0
207000115,0,0,0
207000116,0,0,0
207000117,0,0,0
207000118,0,0,0
207000119,0,0,0
207000123,231,3,228
207000124,100,8,92
207000125,42,4,38
207000126,116,2,114
207000134,192,74,118
207000135,36,120,-84
207000148,107,129,-22
207000149,0,0,0
207000152,12,144,-132
207000153,30,295,-265
207000154,180,71,109
207000159,11,9,2
207000160,13,19,-6
207000238,0,0,0
207000242,0,0,0
207000248,0,0,0
207000249,0,0,0
207000250,0,0,0
207000251,0,0,0
207000252,0,0,0
207000278,121,68,53
207000279,3,20,-17
207000280,1243,24,1219
207000281,53,145,-92
207000282,20,416,-396
207000283,13,75,-62
207000284,10,1170,-1160
207000285,39,73,-34
207000291,0,1,-1
207000304,46,11,35
207000306,26,214,-188
207000310,185,77,108
207000353,65,0,65
207000356,0,4,-4
207000357,1,39,-38
207000358,1,17,-16
207000415,0,0,0
207000417,46,2,44
207000418,72,28,44
207000438,0,1,-1
207000439,291,99,192
207000446,61,2,59
207000460,100,6,94
207000466,1,0,1
207000467,689,12,677
207000468,15,11,4
207000476,5,25,-20
207000477,236,23,213
207000478,1,4,-3
207000523,0,0,0
207000524,24,0,24
207000527,242,45,197
207000530,232,2,230
207000531,107,0,107
207000532,34,38,-4
207000534,120,23,97
207000535,0,2,-2
207000537,0,0,0
207000540,0,0,0
207000541,0,0,0
207000548,0,0,0
207000549,134,3,131
207000561,124,65,59
207000562,0,0,0
207000567,14,80,-66
207000568,206,6,200
207000569,659,112,547
207000584,0,0,0
207000585,5,72,-67
207000587,173,0,173
207000616,0,20,-20
207000617,214,0,214
207000624,3,10,-7
207000631,3,11,-8
207900008,499,62,437
208000001,328,462,-134
208000002,515,536,-21
208000003,560,282,278
208000004,595,311,284
208000005,0,0,0
208000019,804,271,533
208000020,200,123,77
208000021,198,172,26
208000022,360,193,167
208000028,326,808,-482
208000033,162,146,16
208000034,271,527,-256
208000037,195,10,185
208000040,171,35,136
208000041,380,223,157
208000042,778,310,468
208000047,65,61,4
208000064,1195,724,471
208000066,634,510,124
208000070,516,373,143
208000071,610,133,477
208000072,808,265,543
208000080,195,209,-14
208000081,269,69,200
208000082,81,57,24
208000083,56,62,-6
208000084,4,85,-81
208000085,227,78,149
208000086,280,188,92
208000087,201,317,-116
208000089,442,130,312
208000090,313,192,121
208000093,4,37,-33
208000094,98,149,-51
208000095,485,213,272
208000104,1059,229,830
208000105,541,358,183
208000114,44,252,-208
208000115,293,190,103
208000116,1004,810,194
208000117,13,79,-66
208000118,51,193,-142
208000155,331,476,-145
208000158,745,954,-209
208000186,497,977,-480
208000204,492,446,46
208000205,707,415,292
208000282,428,325,103
209000004,384,99,285
209000005,26,18,8
209000006,309,91,218
209000007,266,231,35
209000010,0,0,0
209000011,0,0,0
209000012,11,18,-7
209000013,15,14,1
209000014,20,62,-42
209000025,531,39,492
209000026,1237,154,1083
209000027,31,43,-12
209000028,24,40,-16
209000029,66,36,30
209000030,92,160,-68
209000031,365,140,225
209000034,184,218,-34
209000035,256,183,73
209000036,420,41,379
209000037,511,125,386
209000038,311,85,226
209000039,117,59,58
209000040,278,176,102
209000041,172,183,-11
209000042,271,140,131
209000043,402,338,64
209000044,314,403,-89
209000045,398,141,257
209000046,374,137,237
209000047,221,96,125
209000048,389,343,46
209000049,15,35,-20
209000050,93,53,40
209000051,66,27,39
209000052,37,23,14
209000062,0,0,0
209000063,1,0,1
209000064,0,2,-2
209000065,298,25,273
209000066,261,12,249
209000067,211,17,194
209000080,3,14,-11
209000082,110,20,90
209000091,0,0,0
209000093,0,0,0
209000094,0,0,0
209000110,50,107,-57
209000111,368,1539,-1171
209000112,1209,291,918
209000113,1770,266,1504
209000114,920,335,585
209000115,11,25,-14
209000116,85,110,-25
209000118,2,76,-74
209000119,0,0,0
209000121,7,54,-47
209000135,41,73,-32
209000142,545,1424,-879
209000143,0,0,0
209000144,60,146,-86
209000229,137,38,99
209000240,9,15,-6
209000259,1,5,-4
209000260,1,121,-120
209000261,0,74,-74
209000262,0,43,-43
209000263,0,55,-55
209000264,0,27,-27
209000265,183,0,183
209000266,42,0,42
209000267,827,10,817
209000268,309,73,236
210000037,152,15,137
210000047,19,8,11
210000048,43,15,28
210000049,54,1,53
210000052,14,1,13
210000053,9,3,6
210000054,2,21,-19
210000070,112,15,97
210000071,121,5,116
210000072,46,0,46
210000073,0,0,0
210000074,0,0,0
210000075,0,1,-1
210000076,0,1,-1
210000077,1,17,-16
210000078,0,54,-54
210000079,15,24,-9
210000080,52,148,-96
210000081,60,5,55
210000082,4,0,4
210000083,21,1,20
210000084,59,0,59
210000085,0,4,-4
210000086,0,2,-2
210000099,1,7,-6
210000100,1,8,-7
210000101,0,15,-15
210000105,2,30,-28
210000159,0,1,-1
210000163,1,7,-6
210000164,268,128,140
210000168,200,24,176
210000187,0,0,0
210000188,0,0,0
210000214,57,0,57
210000219,173,30,143
210000220,180,9,171
210000232,0,0,0
210000233,2,0,2
210000234,0,0,0
210000235,3,1,2
210000245,0,0,0
210000246,13,0,13
210000258,1,6,-5
210000259,143,27,116
210000282,0,2,-2
210000285,0,2,-2
210000286,0,4,-4
210000290,0,0,0
210000295,10,33,-23
210000296,5,1,4
210000320,264,36,228
210000321,127,11,116
210000338,16,12,4
210000339,11,85,-74
210000340,7,21,-14
210000341,60,23,37
210000342,77,22,55
210000343,44,48,-4
210000344,8,31,-23
210000345,14,62,-48
210000346,7,22,-15
210000347,8,27,-19
210000348,25,39,-14
210000349,8,26,-18
210000350,31,15,16
210000351,48,7,41
210000352,18,13,5
210000353,32,26,6
210000354,30,20,10
210000355,14,61,-47
210000356,20,65,-45
210000357,15,115,-100
210000358,172,186,-14
210000359,89,158,-69
210000360,128,131,-3
210000361,198,57,141
210000362,272,76,196
210000363,341,123,218
210000364,117,32,85
210000365,144,12,132
210000366,251,24,227
210000367,68,7,61
210000368,72,26,46
210000369,40,30,10
210000370,130,39,91
210000372,16,10,6
210000373,1,32,-31
210000374,73,38,35
210000375,4,17,-13
210000376,15,108,-93
210000404,2,3,-1
210000439,30,9,21
210000472,32,1,31
210000482,117,89,28
210000564,166,103,63
210000567,1,84,-83
210000568,204,3,201
211000092,13,24,-11
211000094,28,1,27
211000169,241,1,240
211000172,18,105,-87
211000209,0,32,-32
211000226,3,0,3
211000270,35,5,30
211000275,46,13,33
211000276,137,4,133
211000279,15,13,2
211000281,137,6,131
211507980,0,57,-57
211977296,6,0,6
212000003,216,25,191
212000004,3,36,-33
212000005,2,48,-46
212000006,6,82,-76
212000008,53,95,-42
212000009,35,55,-20
212000012,23,24,-1
212000013,4,10,-6
212000014,84,24,60
212000015,105,58,47
212000016,128,140,-12
212000027,507,111,396
212000028,275,139,136
212000029,192,142,50
212000030,60,11,49
212000031,40,13,27
212000048,2,133,-131
212000049,0,81,-81
212000050,4,4,0
212000051,135,46,89
212000052,100,53,47
212000053,59,94,-35
212000054,556,20,536
212000055,524,49,475
212000056,41,19,22
212000057,24,38,-14
212000058,123,14,109
212000070,67,35,32
212000077,86,107,-21
212000099,458,62,396
212000108,257,128,129
212000111,407,42,365
212000120,18,96,-78
212000138,44,16,28
212000156,2,18,-16
212000158,4,35,-31
212000159,550,55,495
212000160,631,33,598
212000161,91,8,83
212000310,13,1,12
212000311,13,32,-19
212000374,10,7,3
213000001,11,138,-127
213000005,469,19,450
213000006,510,55,455
213000007,24,2,22
213000009,72,87,-15
213000010,256,54,202
213000011,140,31,109
213000012,126,148,-22
213000014,52,9,43
213000015,228,1,227
213000016,170,0,170
213000017,21,0,21
213000018,1,8,-7
213000019,1,41,-40
213000020,103,85,18
213000021,0,30,-30
213000023,321,156,165
213000033,212,527,-315
213000034,307,81,226
213000035,137,294,-157
213000045,99,108,-9
213000046,51,49,2
213000047,97,568,-471
213000056,142,0,142
213000069,88,10,78
213000073,0,34,-34
213000074,58,156,-98
213000075,489,4,485
213000076,8,0,8
213000085,0,2,-2
213000086,0,23,-23
213000091,246,9,237
213000092,13,8,5
213000099,102,551,-449
213000100,542,147,395
213000101,588,69,519
213000102,448,119,329
213000103,300,221,79
213000104,24,126,-102
213000105,26,527,-501
213000106,35,59,-24
213000107,63,192,-129
213000108,32,149,-117
213000109,4,108,-104
213000110,15,51,-36
213000111,0,93,-93
213000112,7,247,-240
213000115,27,1,26
213000116,15,170,-155
213000117,1,151,-150
213000118,845,191,654
213000119,6,190,-184
213000120,8,81,-73
213000122,76,229,-153
213000123,31,269,-238
213000124,34,358,-324
213000125,128,56,72
213000126,20,23,-3
213000127,4,61,-57
213000128,60,303,-243
213000129,149,942,-793
213000130,895,389,506
213000132,902,88,814
213000133,664,48,616
213000134,712,14,698
213000136,484,5,479
213000137,386,25,361
213000139,141,9,132
213000147,4,15,-11
213000148,24,27,-3
213000149,7,5,2
213000150,0,154,-154
213000151,1,173,-172
213000152,0,161,-161
213000153,0,94,-94
213000154,29,141,-112
213000155,27,121,-94
213000156,31,432,-401
213000157,902,135,767
213000158,258,245,13
213000159,727,118,609
213000163,1759,134,1625
213000165,385,158,227
213000171,0,5,-5
213000172,0,13,-13
213000173,0,25,-25
213000174,1,13,-12
213000175,0,13,-13
213000176,87,45,42
213000177,123,8,115
213000178,285,3,282
213000179,253,2,251
213000180,344,0,344
213000184,59,134,-75
213000188,624,76,548
213000189,664,25,639
213000190,569,66,503
213000191,594,53,541
213000192,187,46,141
213000193,261,61,200
213000194,0,83,-83
213000195,27,304,-277
213000196,225,537,-312
213000197,393,358,35
213000198,7,1,6
213000200,84,245,-161
213000201,2,109,-107
213000202,9,217,-208
213000203,876,216,660
213000204,911,10,901
213000205,311,3,308
213000206,415,0,415
213000207,14,4,10
213000208,15,2,13
213000209,36,1,35
213000210,70,2,68
213000211,0,25,-25
213000212,1,53,-52
213000213,0,11,-11
213000218,278,306,-28
213000219,671,19,652
213000220,833,7,826
213000223,161,93,68
213000224,45,54,-9
213000225,53,5,48
213000226,35,4,31
213000227,1031,95,936
213000228,582,26,556
213000229,109,9,100
213000230,368,3,365
213000232,31,813,-782
213000233,7,52,-45
213000234,0,21,-21
213000293,2,129,-127
213000294,63,2,61
213000295,3,141,-138
213000296,108,31,77
213000297,0,16,-16
213000298,1,16,-15
213000299,34,25,9
213000300,2,10,-8
213000303,0,9,-9
213000304,0,11,-11
213000305,0,27,-27
213000306,14,15,-1
213000307,52,107,-55
213000308,10,17,-7
213000309,82,3,79
213000310,105,52,53
213000311,83,278,-195
213000315,29,19,10
213000316,212,38,174
213000322,97,11,86
213000323,131,13,118
213000324,67,7,60
213000325,63,37,26
213000326,83,22,61
213000327,29,22,7
213000328,15,41,-26
213000329,45,3,42
213000340,26,243,-217
213000341,1021,36,985
213000346,62,257,-195
213000347,111,307,-196
213000348,0,48,-48
213000349,0,5,-5
213000350,162,223,-61
213000366,39,109,-70
213000367,244,8,236
213000379,36,52,-16
213000386,9,109,-100
213000406,38,157,-119
213000417,1057,305,752
213000425,311,18,293
213000426,158,22,136
213000427,66,33,33
213000428,39,16,23
213000429,2,11,-9
213000430,26,95,-69
213000431,15,0,15
213000432,12,244,-232
213000433,32,16,16
213000434,135,24,111
213000435,61,18,43
213000436,34,16,18
213000437,2,0,2
213000438,96,10,86
213000439,58,9,49
213000440,3,130,-127
213000441,2,0,2
213000442,1,12,-11
213000443,318,399,-81
213000444,21,4,17
213000445,0,68,-68
213000446,1,198,-197
213000447,0,50,-50
213000448,10,63,-53
213000449,781,1,780
213000450,27,2,25
213000451,224,28,196
213000452,6,3,3
213000453,1,28,-27
213000455,71,10,61
213000456,0,105,-105
213000481,6,0,6
213000482,38,0,38
213000489,64,42,22
213000491,12,222,-210
213000492,23,5,18
213000493,0,187,-187
213000494,305,32,273
213000495,0,10,-10
213000496,371,113,258
213000497,17,395,-378
213000498,35,267,-232
213000499,90,181,-91
213000500,557,34,523
213000501,136,7,129
213000502,64,39,25
213000503,0,40,-40
213000504,2,81,-79
213000505,32,0,32
213000506,0,0,0
213000507,1,34,-33
213900244,112,0,112
213900245,0,1,-1
218000003,66,3,63
218000004,15,2,13
218000005,5,34,-29
218000006,21,22,-1
218000007,1,3,-2
218000012,68,144,-76
218000013,53,44,9
218000014,54,48,6
218000019,216,136,80
218000020,143,162,-19
218000021,6,11,-5
218000022,5,12,-7
218000023,0,10,-10
218000024,2,2,0
218000025,9,3,6
218000026,13,8,5
218000027,15,2,13
218000028,2,3,-1
218000029,5,2,3
218000030,10,1,9
218000031,0,0,0
218000032,1,3,-2
218000040,7,0,7
218000046,101,95,6
218000047,9,72,-63
218000048,127,57,70
218000049,37,71,-34
218000050,188,54,134
218000051,94,105,-11
218000052,0,28,-28
218000053,0,2,-2
218000054,23,9,14
218000055,0,7,-7
218000056,10,16,-6
218000057,1,32,-31
218000064,1,1,0
218000065,39,8,31
218000066,5,25,-20
218000067,68,27,41
218000068,128,16,112
218000069,356,35,321
218000070,259,119,140
218000071,219,118,101
218000072,101,71,30
218000078,398,231,167
218000079,300,3,297
218000080,143,7,136
218000081,578,46,532
218000082,186,26,160
218000083,24,7,17
218000084,38,45,-7
218000085,30,21,9
218000086,0,13,-13
218000087,46,43,3
218000090,17,139,-122
218000091,884,193,691
218000092,117,73,44
218000093,73,5,68
218000094,323,130,193
218000099,139,66,73
218000100,96,40,56
218000101,70,48,22
218000102,126,35,91
218000103,47,14,33
218000104,44,7,37
218000105,26,8,18
218000106,44,7,37
218000107,95,22,73
218000108,0,29,-29
218000112,17,9,8
218000117,52,24,28
218000134,235,172,63
218000135,11,90,-79
218000136,89,93,-4
218000137,108,47,61
218000138,13,35,-22
218000139,103,148,-45
218000140,306,161,145
218000141,22,28,-6
218000142,78,74,4
218000143,28,73,-45
218000144,4,101,-97
218000145,372,133,239
218000146,58,20,38
218000151,4,33,-29
218000152,18,69,-51
218000153,5,8,-3
218000154,5,3,2
218000155,32,2,30
218000156,69,0,69
218000157,22,4,18
218000158,10,0,10
218000159,1,1,0
218000160,2,1,1
218000161,34,0,34
218000162,78,0,78
218000163,34,0,34
218000164,73,1,72
218000165,106,10,96
218000170,0,26,-26
218000171,32,5,27
218000172,0,4,-4
218000173,12,1,11
218000174,9,6,3
218000176,166,9,157
218000177,279,24,255
218000178,84,24,60
218000179,102,49,53
218000180,33,8,25
218000181,260,28,232
218000187,11,3,8
218000188,2,13,-11
218000189,0,23,-23
218000190,22,2,20
218000191,29,1,28
218000192,72,27,45
218000193,66,51,15
218000194,57,45,12
218000195,137,43,94
218000196,246,52,194
218000197,590,47,543
218000198,59,36,23
218000199,20,8,12
218000200,6,6,0
218000201,1,0,1
218000202,12,116,-104
218000207,23,6,17
218000208,28,48,-20
218000211,21,1,20
218000212,0,0,0
218000213,136,146,-10
218000214,7,76,-69
218000215,73,49,24
218000217,3,33,-30
218000218,306,108,198
218000219,1,37,-36
218000220,54,306,-252
218000221,434,220,214
218000222,0,23,-23
218000223,27,122,-95
218000224,5,134,-129
218000225,132,13,119
218000226,234,30,204
218000230,0,9,-9
218000232,56,33,23
218000239,35,2,33
218000240,0,6,-6
218000241,5,1,4
218000242,0,2,-2
218000243,0,1,-1
218000244,4,0,4
218000245,0,1,-1
218000246,0,2,-2
218000247,0,0,0
218000248,0,7,-7
218000249,0,0,0
218000250,1,1,0
218000251,0,14,-14
218000252,0,6,-6
218000253,0,5,-5
218000254,0,0,0
218000255,0,1,-1
218000256,6,34,-28
218000267,317,396,-79
218000268,0,17,-17
218000269,0,3,-3
218000270,16,4,12
218000271,4,9,-5
218000273,45,4,41
218000274,8,4,4
218000275,61,62,-1
218000276,18,16,2
218000278,14,28,-14
218000279,47,8,39
218000280,0,2,-2
218000281,0,5,-5
218000282,293,400,-107
218000284,12,2,10
218000301,4,38,-34
218000302,13,14,-1
218000303,1,29,-28
218000316,1109,379,730
218000317,2047,185,1862
218000318,1092,171,921
218000319,465,211,254
218000320,246,122,124
218000338,9,13,-4
218000345,100,16,84
218000346,49,41,8
218000459,29,140,-111
218000490,0,20,-20
218000501,67,13,54
218000502,20,7,13
218000503,104,5,99
218000504,56,0,56
218000505,8,25,-17
218000506,3,58,-55
218000508,0,0,0
218000510,61,2,59
218000520,91,52,39
218000521,0,15,-15
218000522,4,245,-241
218000523,48,1,47
218000524,0,113,-113
218000525,6,10,-4
218000526,0,54,-54
218000529,13,24,-11
218000530,28,10,18
218000531,7,16,-9
218000532,62,15,47
218000534,400,15,385
218000537,0,88,-88
218000538,36,119,-83
218000540,35,35,0
218000543,128,19,109
218000544,1,34,-33
218000545,197,49,148
218000546,7,17,-10
218000547,80,138,-58
218000548,62,62,0
218000549,711,75,636
218000550,30,141,-111
218000551,42,101,-59
218000552,369,40,329
218000553,41,52,-11
218000554,30,8,22
218000555,8,38,-30
218000556,106,41,65
218000557,553,109,444
218000558,14,0,14
218000559,0,18,-18
218000560,0,11,-11
218000561,1,0,1
218000562,0,41,-41
218000563,63,13,50
218000564,0,37,-37
218000565,64,21,43
218000566,72,13,59
218000567,0,57,-57
218000568,0,0,0
218000569,0,97,-97
218000570,29,0,29
218000571,0,54,-54
218000572,18,2,16
218000573,0,101,-101
218000574,24,9,15
218000575,53,0,53
218000576,0,54,-54
218000577,46,3,43
218000578,0,14,-14
218000579,3,7,-4
218000581,0,3,-3
218000582,80,2,78
218000583,9,0,9
218000584,0,26,-26
218000585,13,0,13
218000586,6,14,-8
218000587,0,0,0
218000588,0,7,-7
218000589,0,19,-19
218000590,0,0,0
218000591,0,31,-31
218000592,1,12,-11
218000593,1,48,-47
218000594,0,7,-7
218000597,0,7,-7
218000598,0,8,-8
218000599,0,122,-122
218000600,0,4,-4
218000601,2,80,-78
218000602,0,0,0
218000603,0,5,-5
218000604,40,0,40
218000605,0,284,-284
218000606,261,20,241
218000607,3,50,-47
218000608,29,18,11
218000609,1,15,-14
218000610,62,0,62
218000611,1,0,1
218000612,1,18,-17
218000613,25,0,25
218000614,26,24,2
218000615,131,0,131
218000616,2,142,-140
218000617,0,0,0
218000618,1,26,-25
218000619,22,6,16
218000620,0,28,-28
218000621,0,1,-1
218000622,0,93,-93
218000623,1,0,1
218000624,0,75,-75
218000625,6,1,5
218000626,0,29,-29
218000628,146,97,49
218000631,108,16,92
218000632,0,50,-50
218000633,27,6,21
218000634,0,0,0
218000635,3,1,2
218000636,287,128,159
218000637,961,88,873
218000638,380,11,369
218000639,27,30,-3
218000640,547,0,547
218000641,108,22,86
218000652,41,21,20
218000653,202,19,183
218000663,2,14,-12
218000675,1,51,-50
218000676,0,5,-5
218000677,25,2,23
218000680,129,80,49
218000681,579,21,558
218000691,117,101,16
218000693,670,35,635
218000703,4,1,3
218000718,6,52,-46
218000719,9,84,-75
218000720,0,53,-53
218000721,2,4,-2
218000725,1,0,1
218001147,0,23,-23
218001214,36,47,-11
218001258,125,0,125
218001329,77,147,-70
218001330,30,104,-74
218001351,2,4,-2
218001352,2,8,-6
218001353,0,0,0
218001354,1,22,-21
218001355,0,18,-18
218001356,726,41,685
218001357,0,25,-25
218001358,567,0,567
218001361,685,30,655
218001362,0,10,-10
219000001,0,0,0
219000002,0,0,0
219000003,26,18,8
219000004,17,44,-27
219000017,13,19,-6
219000020,145,9,136
219000022,137,0,137
219000023,32,1,31
219000029,0,0,0
219000034,42,25,17
219000039,0,3,-3
219000040,16,20,-4
219000041,82,26,56
219000051,0,1,-1
219000052,0,1,-1
219000053,0,1,-1
219000054,0,0,0
219000055,251,1,250
219000056,0,0,0
219000057,44,0,44
219000062,4,25,-21
219000063,228,1,227
219000064,1,14,-13
219000110,172,168,4
219000111,79,56,23
219000112,178,7,171
219000113,140,18,122
219000114,105,15,90
219000116,56,36,20
219000117,66,5,61
219000118,18,4,14
219000123,56,0,56
219000124,1,0,1
219000125,0,0,0
219000126,0,0,0
219000127,0,0,0
219000128,3,14,-11
219000129,0,3,-3
219000130,39,50,-11
219000131,481,661,-180
219000133,25,50,-25
219000134,1,20,-19
219000135,2,12,-10
219000136,25,102,-77
219000138,66,1,65
219000139,31,2,29
219000140,74,1,73
219000141,61,1,60
219000142,1,0,1
219000143,1,1,0
219000145,3,4,-1
219000146,0,0,0
219000147,0,0,0
219000148,0,0,0
219000149,0,0,0
219000150,0,0,0
219000151,0,0,0
219000157,190,69,121
219000158,161,31,130
219000161,154,0,154
219000163,547,161,386
219000166,49,40,9
219000167,48,42,6
219000168,158,19,139
219000174,505,72,433
219000175,103,2,101
219000176,196,6,190
219000177,71,4,67
219000178,129,0,129
219000179,49,40,9
219000180,40,1,39
219000182,76,1,75
219000183,34,2,32
219000184,29,0,29
219000185,0,0,0
219000186,26,6,20
219000187,30,11,19
219000189,0,4,-4
219000190,2,4,-2
219000191,15,81,-66
219000192,186,163,23
219000193,10,2,8
219000195,0,0,0
219000196,0,0,0
219000198,0,0,0
219000199,0,0,0
219000200,0,0,0
219000201,0,5,-5
219000203,1,2,-1
219000204,5,23,-18
219000205,3,30,-27
219000207,13,36,-23
219000209,0,2,-2
219000210,0,6,-6
219000213,5,25,-20
219000239,52,93,-41
219000240,37,196,-159
219000241,61,40,21
219000242,7,39,-32
219000243,70,262,-192
219000244,5,157,-152
219000245,6,122,-116
219000246,13,26,-13
219000247,182,26,156
219000248,284,399,-115
219000249,120,118,2
219000250,115,55,60
219000251,402,66,336
219000252,196,42,154
219000253,171,4,167
219000255,116,150,-34
219000256,393,17,376
219000257,53,0,53
219000262,22,16,6
219000263,21,16,5
219000267,1,0,1
219000268,0,0,0
219000269,1,1,0
219000270,2,0,2
219000271,133,2,131
219000278,0,0,0
219000279,0,0,0
219000283,0,1,-1
219000295,3,14,-11
219000296,4,73,-69
219000297,0,1,-1
219000298,0,2,-2
219000299,129,29,100
219000300,13,9,4
219000301,2,26,-24
219000302,2,25,-23
219000307,0,0,0
219000308,52,14,38
219000311,129,22,107
219000312,241,62,179
219000313,261,59,202
219000314,5,10,-5
219000315,236,10,226
219000316,434,20,414
219000317,135,12,123
219000320,0,0,0
219000321,0,0,0
219000323,0,0,0
219000325,0,0,0
219000326,0,12,-12
219000327,0,0,0
219000328,0,0,0
219000329,166,96,70
219000330,4,1,3
219000331,11,8,3
219000332,107,17,90
219000333,41,18,23
219000335,67,1,66
219000337,4,1,3
219000338,12,0,12
219000344,0,0,0
219000345,0,0,0
219000346,0,0,0
219000348,2,4,-2
219000349,0,26,-26
219000350,1,1,0
219000351,0,0,0
219000352,30,36,-6
219000353,62,30,32
219000354,575,26,549
219000355,88,6,82
219000356,227,463,-236
219000363,85,34,51
219000364,129,12,117
219000365,111,10,101
219000366,92,482,-390
219000368,142,239,-97
219000370,372,302,70
219000371,0,0,0
219000382,1,2,-1
219000383,51,159,-108
219000385,35,146,-111
219000386,59,304,-245
219000387,0,1,-1
219000390,3,4,-1
219000391,0,0,0
219000397,0,0,0
219000398,35,49,-14
219000401,5,9,-4
219000402,2,18,-16
219000403,11,28,-17
219000404,37,17,20
219000407,10,5,5
219000409,30,10,20
219000410,55,6,49
219000411,80,3,77
219000446,5,39,-34
219000447,0,0,0
219000448,2,12,-10
219000452,47,86,-39
219000453,2,63,-61
219000454,209,248,-39
219000556,429,17,412
219000558,24,68,-44
219000590,1,109,-108
219000591,163,32,131
219000592,3,23,-20
219000595,0,0,0
219000635,54,25,29
219000636,2,1,1
219000657,6,0,6
219000658,0,3,-3
219000673,0,0,0
219000676,19,12,7
219000679,9,0,9
219000684,159,1,158
219000685,0,7,-7
219000686,1,0,1
219000688,0,2,-2
219000689,3,57,-54
219000690,69,18,51
219000691,6,13,-7
219000692,125,4,121
219000693,0,0,0
219000694,0,0,0
219000695,65,1,64
219000698,0,0,0
219000699,0,0,0
219000727,0,0,0
219000728,75,0,75
219000770,1,0,1
219000771,0,0,0
219000788,61,229,-168
219001150,0,95,-95
219001151,0,1,-1
219001166,2,37,-35
219001167,2,6,-4
219001178,61,0,61
220000001,3,41,-38
220000002,1,50,-49
220000003,20,67,-47
220000004,112,117,-5
220000005,121,282,-161
220000006,36,91,-55
220000007,144,43,101
220000008,58,136,-78
220000009,27,70,-43
220000010,5,43,-38
220000011,115,2059,-1944
220000012,2,247,-245
220000014,75,31,44
220000015,51,318,-267
220000017,17,109,-92
220000018,3976,679,3297
220000019,72,345,-273
220000020,260,135,125
220000021,615,102,513
220000022,768,83,685
220000023,138,124,14
220000024,461,424,37
220000025,374,1100,-726
220000026,169,506,-337
220000027,4,151,-147
220000028,12,344,-332
220000029,4,18,-14
220000030,3,51,-48
220000031,478,284,194
220000064,23,394,-371
221000046,2,0,2
221000047,0,0,0
221000048,0,0,0
221000049,0,12,-12
221000050,13,0,13
221000055,12,38,-26
221000057,120,2,118
221000068,241,84,157
221000069,268,14,254
221000070,154,4,150
221000071,72,1,71
221000072,215,3,212
221000073,166,11,155
221000074,0,2,-2
221000075,0,19,-19
221000076,2,3,-1
221000077,0,7,-7
221000081,7,2,5
221000082,37,1,36
221000083,5,0,5
221000084,0,5,-5
221000085,5,68,-63
221000086,3,144,-141
221000087,0,90,-90
221000088,0,79,-79
221000089,6,67,-61
221000090,12,103,-91
221000098,128,11,117
221000099,172,10,162
221000100,151,3,148
221000101,101,6,95
221000102,89,9,80
221000109,1,4,-3
221000110,0,31,-31
221000111,4,23,-19
221000112,0,38,-38
221000113,2,32,-30
221000114,0,73,-73
221000120,11,47,-36
221000121,0,25,-25
221000122,3,43,-40
221000123,3,40,-37
221000124,15,190,-175
221000155,31,9,22
221000156,89,12,77
221000175,27,11,16
221000176,1,21,-20
221000182,74,1,73
221000241,345,260,85
221000242,18,83,-65
221000243,281,121,160
221000244,36,262,-226
221000245,55,28,27
221000246,7,191,-184
221000247,134,39,95
221000248,43,115,-72
221000267,35,225,-190
221000325,58,55,3
221000331,2,73,-71
221000338,1,32,-31
221000378,302,8,294
221000381,12,21,-9
222000282,0,4,-4
222000296,2,14,-12
222000568,185,17,168
222000569,76,16,60
222000570,134,6,128
222000571,318,6,312
222000577,0,41,-41
222000578,1,85,-84
222000579,41,57,-16
222000580,18,527,-509
222000599,0,34,-34
222000600,0,50,-50
222000601,1,185,-184
222000603,5,12,-7
222000604,0,28,-28
222000605,1,29,-28
222000606,0,5,-5
222000607,0,7,-7
222000608,3,3,0
222000609,13,30,-17
222000616,548,5,543
222000617,2,5,-3
222000618,1,0,1
222000620,2,2,0
222000621,4,13,-9
222000623,377,4,373
222000624,241,2,239
222000625,711,5,706
222000636,15,1,14
222000686,5,23,-18
222000687,11,1,10
222001066,348,1,347
222001067,70,2,68
222001068,240,6,234
222001069,188,14,174
222001082,15,28,-13
222001083,101,4,97
222001084,0,28,-28
222001085,0,232,-232
222001111,102,23,79
222001112,293,11,282
222001313,0,2,-2
222001314,1,27,-26
222001464,381,16,365
222001465,29,32,-3
222001484,216,19,197
222001485,2,23,-21
222001494,717,103,614
222001495,38,61,-23
222001496,391,47,344
222001497,30,159,-129
222001502,2,13,-11
222001503,158,11,147
222001504,3,34,-31
222001505,388,14,374
222001506,0,9,-9
222001507,132,7,125
222001510,587,8,579
222001511,0,64,-64
222001514,657,32,625
222001515,16,94,-78
222001518,526,20,506
222001519,4,60,-56
222001527,106,23,83
222001528,0,13,-13
222001529,448,2,446
222001530,21,37,-16
222001533,7,27,-20
222001534,563,5,558
222001535,302,87,215
222001536,9,141,-132
222001537,350,3,347
222001538,1,70,-69
222001563,855,30,825
222001564,22,95,-73
222001568,89,11,78
222001576,0,2,-2
222001579,0,14,-14
222001583,4,28,-24
222001584,182,5,177
222001596,105,277,-172
222001597,1082,83,999
222001626,0,20,-20
222001650,2,16,-14
222001651,7,126,-119
222001914,234,6,228
222001915,1,17,-16
222001968,447,67,380
222001969,104,217,-113
222001970,26,166,-140
222001971,53,0,53
222001972,14,1,13
225000001,400,75,325
225000002,523,60,463
225000003,888,39,849
225000004,488,63,425
225000005,38,22,16
225000006,0,2,-2
225000007,106,288,-182
225000010,156,23,133
225000011,118,775,-657
225000012,150,520,-370
225000013,55,37,18
225000014,402,38,364
225000015,49,49,0
225000021,355,62,293
225000027,37,74,-37
225000032,403,29,374
225000042,27,92,-65
225000049,9,4,5
225000050,83,16,67
225000053,0,0,0
225000058,284,58,226
225000067,12,14,-2
225000068,11,16,-5
225000069,7,26,-19
225000070,5,31,-26
225000071,1,49,-48
225000075,19,211,-192
225000076,0,0,0
225000078,30,18,12
225000085,68,30,38
225000086,208,26,182
225000087,78,4,74
225000088,1,7,-6
225000089,0,0,0
225000090,0,0,0
225000091,0,0,0
225000092,5,27,-22
225000093,38,20,18
225000094,0,17,-17
225000095,19,14,5
225000096,8,15,-7
225000098,671,34,637
225000099,411,32,379
225000100,610,68,542
225000104,49,104,-55
225000110,0,42,-42
225000111,123,94,29
225000112,285,231,54
225000113,21,268,-247
225000114,19,165,-146
225000115,443,333,110
225000116,139,42,97
225000117,371,237,134
225000118,581,137,444
225000119,255,15,240
225000120,387,17,370
225000121,84,6,78
225000123,400,3,397
225000125,468,77,391
225000126,261,119,142
225000127,293,1627,-1334
225000128,323,1151,-828
225000132,492,27,465
225000133,107,7,100
225000134,426,64,362
225000135,76,14,62
225000136,358,10,348
225000137,262,25,237
225000138,343,56,287
225000143,3,2,1
225000144,0,2,-2
225000145,58,27,31
225000146,0,0,0
225000147,0,0,0
225000148,0,0,0
225000149,0,0,0
225000151,0,0,0
225000155,2,17,-15
225000156,30,444,-414
225000157,118,103,15
225000158,3,20,-17
225000171,1,28,-27
225000180,18,0,18
225000181,0,1,-1
225000182,9,2,7
225000185,1,76,-75
225000187,4,38,-34
225000191,11,1,10
225000194,0,8,-8
225000208,0,2,-2
225000209,70,13,57
225000210,0,0,0
225000217,0,1,-1
225000218,10,1,9
225000223,0,119,-119
225000224,7,0,7
225000225,1,250,-249
225000226,27,2,25
225000227,3,94,-91
225000228,3,7,-4
225000229,0,14,-14
225000230,0,0,0
225000231,0,9,-9
225000232,59,0,59
225000241,24,0,24
225000242,0,6,-6
225000249,17,0,17
225000250,0,0,0
225000251,408,14,394
225000256,0,7,-7
225000257,0,6,-6
226000042,12,10,2
226000043,0,27,-27
226000044,5,50,-45
226000045,4,47,-43
226000046,685,27,658
226000047,365,20,345
226000048,379,80,299
226000049,295,146,149
226000070,0,0,0
226000071,0,0,0
226000072,0,0,0
226000073,0,0,0
226000074,0,0,0
226000084,0,0,0
226000085,0,0,0
226000086,0,0,0
226000087,0,0,0
226000088,0,0,0
226000090,15,44,-29
226000091,4,20,-16
226000092,15,14,1
226000093,5,32,-27
226000094,4,4,0
226000095,7,8,-1
226000105,21,0,21
226000106,2,0,2
226000107,11,0,11
226000108,3,0,3
226000109,138,0,138
226000124,239,81,158
226000134,989,258,731
226000135,1646,247,1399
226000136,663,110,553
226000137,0,0,0
226000138,0,2,-2
226000139,0,0,0
226000156,256,0,256
226000157,263,2,261
226000163,0,0,0
226000202,0,0,0
226000231,565,9,556
226000232,38,2,36
227000033,410,10,400
227000036,600,19,581
227000037,598,11,587
227000038,117,11,106
227000084,0,0,0
227000085,0,0,0
227000088,25,1,24
227000089,50,2,48
227000090,38,2,36
227000091,108,6,102
227000092,8,0,8
227000093,101,0,101
227000094,4,0,4
227000130,0,0,0
227000131,0,0,0
227000132,0,0,0
227000133,0,1,-1
227000134,0,0,0
227000152,0,0,0
227000153,0,0,0
227000154,0,0,0
227000155,0,0,0
227000156,0,0,0
227000165,0,0,0
227000196,600,45,555
227000199,538,23,515
227000230,1,61,-60
227000232,902,70,832
227000242,0,4,-4
227000243,352,36,316
227000245,1,10,-9
227000246,1,20,-19
227000247,599,9,590
227000248,134,54,80
227000249,12,17,-5
227000250,278,200,78
227000251,5,70,-65
227000252,2,11,-9
227000253,307,50,257
227000262,678,15,663
227000266,1825,32,1793
227000267,3,142,-139
227000282,1,1,0
227000284,555,12,543
227000286,0,0,0
227000287,0,1,-1
227000291,0,5,-5
227000484,210,5,205
227000485,0,11,-11
227000655,361,11,350
227000656,632,20,612
227000657,242,3,239
227000661,454,10,444
227000680,37,192,-155
229000265,24,7,17
229000296,0,17,-17
229000297,0,8,-8
229000298,2,179,-177
229000320,10,0,10
229000321,1,0,1
229000412,7,14,-7
229000414,15,26,-11
229000415,3,5,-2
229000416,2,2,0
229000417,0,0,0
229000419,88,86,2
229000440,189,21,168
229000442,25,5,20
229000443,0,1,-1
229000444,0,24,-24
229000445,37,5,32
229000446,43,13,30
229000491,0,0,0
229000492,0,4,-4
229000493,0,5,-5
229000494,47,0,47
229000495,87,0,87
229000496,151,0,151
229000507,0,0,0
229000508,0,0,0
229000509,0,1,-1
229000510,0,0,0
229000511,0,1,-1
229000512,0,0,0
229000513,0,0,0
229000514,0,1,-1
229000517,0,1,-1
229000518,2,4,-2
229000519,0,2,-2
229000520,2,7,-5
229000521,62,5,57
229000522,2,1,1
229000523,1,1,0
229000524,3,0,3
229000527,2,0,2
229000528,0,2,-2
229000529,11,0,11
229000530,104,1,103
229000531,23,0,23
229000532,2,0,2
229000533,63,0,63
229000534,6,0,6
229000564,90,0,90
229000565,36,0,36
229000566,0,0,0
229000567,0,0,0
229000582,72,0,72
229000583,6,0,6
229000584,0,0,0
229000585,0,0,0
229000718,0,0,0
229000719,0,0,0
229000720,0,0,0
229000721,0,0,0
229000722,0,0,0
229000723,0,0,0
229000724,0,0,0
229000725,0,0,0
229000738,2,0,2
229000739,0,0,0
229000740,1,0,1
229000741,18,0,18
229000742,9,0,9
229000743,37,0,37
229000744,0,0,0
229000745,0,0,0
229000746,7,0,7
229000847,119,0,119
229000848,148,0,148
229000849,151,3,148
229000851,209,0,209
229000854,0,0,0
229000856,0,0,0
229000857,0,0,0
229000858,0,0,0
229000919,0,0,0
229000930,0,0,0
229000937,74,8,66
229000966,8,20,-12
229000981,0,0,0
229000985,2,6,-4
229000986,0,0,0
229000987,0,2,-2
229000988,1,9,-8
229000989,0,1,-1
229000990,0,9,-9
229000991,0,0,0
229000992,46,0,46
229000993,103,12,91
229000998,18,55,-37
229000999,72,0,72
229001034,0,10,-10
229001035,9,1,8
229001037,36,1,35
229001042,3,3,0
229001047,0,34,-34
229001050,32,15,17
229001168,0,0,0
229001200,43,0,43
229001338,0,0,0
229001394,212,0,212
229001422,105,33,72
229001423,0,0,0
229001431,23,24,-1
229001432,0,0,0
229001444,121,1,120
229001445,94,21,73
229001479,42,0,42
229001503,160,11,149
229001504,0,0,0
229001505,71,8,63
229001506,0,0,0
229001509,17,3,14
229001545,55,14,41
229001546,0,0,0
229001553,38,4,34
229001554,0,0,0
229001559,2,2,0
229001560,0,15,-15
229001630,106,0,106
229001631,5,10,-5
229001635,0,16,-16
229001636,0,0,0
229001658,0,0,0
229001659,44,2,42
229001660,1,1,0
229001661,0,13,-13
229001662,20,0,20
229001663,0,0,0
229002584,199,107,92
229002831,112,28,84
229002841,0,13,-13
229002842,4,4,0
229002843,23,16,7
229002844,0,57,-57
229002845,0,57,-57
229002846,1,3,-2
229002847,0,1,-1
229002848,2,12,-10
229002849,0,64,-64
229002850,2,0,2
229002851,12,117,-105
229002852,27,6,21
229002853,16,3,13
229002854,12,8,4
229002855,0,1,-1
229002856,30,12,18
229002857,40,20,20
229002858,43,2,41
229002859,4,2,2
229002860,23,9,14
229002861,15,47,-32
229002862,0,0,0
229002863,0,7,-7
229002864,43,13,30
229002865,0,20,-20
229002866,14,17,-3
229002867,0,12,-12
229002868,1,0,1
229002869,1,40,-39
229002870,36,1,35
235000066,74,15,59
235000067,44,57,-13
235000072,0,0,0
235000073,0,0,0
235000074,0,0,0
235000080,0,0,0
235000081,0,0,0
235000082,239,8,231
235000083,116,34,82
235000084,24,27,-3
235000085,227,43,184
235000089,23,9,14
235000092,0,0,0
235000093,0,0,0
235000097,0,2,-2
235000098,58,5,53
235000099,10,24,-14
235000116,2,7,-5
235000117,377,12,365
235000133,0,0,0
235000134,0,0,0
235000206,1,5,-4
235000207,0,1,-1
235000208,0,0,0
235000209,4,0,4
235000210,11,0,11
235000212,0,0,0
235000213,0,0,0
235000220,0,0,0
235000221,0,0,0
235000238,10,330,-320
235000239,0,34,-34
235000242,113,864,-751
235000245,0,0,0
235000246,0,1,-1
235000284,11,34,-23
235000295,14,2,12
235000305,164,12,152
235000306,387,0,387
235000307,13,3,10
235000308,13,0,13
235000309,45,0,45
235000310,31,0,31
235000311,16,13,3
235000322,0,5,-5
235000323,0,24,-24
235000324,0,9,-9
235000325,0,8,-8
235000326,13,44,-31
235000351,19,40,-21
235000352,13,45,-32
235000353,13,12,1
235000354,0,6,-6
235000355,2,40,-38
235000356,34,0,34
235000357,17,0,17
235000358,2,2,0
235000359,0,1,-1
235000360,29,0,29
235000361,26,1,25
235000381,0,0,0
235000382,172,15,157
235000390,0,0,0
235000391,151,4,147
235000392,96,56,40
235000393,134,62,72
235000395,110,13,97
235000396,582,19,563
235000400,23,9,14
235000401,0,0,0
235000405,0,0,0
235000406,0,0,0
235000407,0,0,0
235000409,0,0,0
235000410,0,0,0
235000411,0,0,0
235000485,0,0,0
235000486,1,0,1
235000549,82,90,-8
235000550,0,0,0
235000599,0,0,0
235000600,0,0,0
235000601,32,16,16
235000602,109,39,70
235000614,0,0,0
235000648,0,0,0
235000649,23,5,18
235000685,0,0,0
235000815,20,2,18
235000834,0,6,-6
235000855,21,16,5
235000862,0,0,0
235000891,0,0,0
235000892,18,7,11
235000901,0,0,0
235000907,0,1,-1
235001010,34,39,-5
235001029,0,0,0
235001030,199,27,172
235001078,103,19,84
235001079,0,0,0
235001147,12,13,-1
235001166,1,21,-20
235001167,0,0,0
235001169,1,55,-54
235001188,0,0,0
235001189,1,0,1
235001197,0,0,0
235001200,0,0,0
235001207,166,27,139
235001210,0,0,0
235001215,0,0,0
235001239,0,0,0
235001244,0,0,0
235016267,0,22,-22
277101746,0,0,0
277102712,5,0,5
277103813,0,0,0
277103898,0,0,0
277104249,0,1,-1
277104250,1,2,-1
277104251,0,0,0
277104252,0,4,-4
990011530,0,71,-71
990014944,1,48,-47
990015176,10,14,-4
990015618,0,64,-64
990016032,0,59,-59
990032570,0,14,-14
990070001,52,2,50
990070103,0,0,0
990070601,2,21,-19
990070751,1447,0,1447
990070766,1,49,-48
990071180,317,22,295
990071343,0,0,0
990071387,0,0,0
990071823,293,13,280
990072600,0,534,-534
990072964,1,100,-99
990073285,0,1,-1
990074393,0,206,-206
990074870,1102,24,1078
990075106,174,0,174
990075746,578,21,557
990076437,2450,3,2447
990076458,0,245,-245
997000007,154,5,149
997000041,2,251,-249
997000058,42,0,42
997000062,70,0,70
997000069,0,0,0
997000070,0,9,-9
997000100,36,0,36
997000141,0,0,0
997000198,0,0,0
998000475,0,1,-1
998000736,0,27,-27
998000965,0,26,-26
998001031,0,27,-27
998001700,0,7,-7
998001899,0,0,0
998001900,0,9,-9
998003073,1339,29,1310
998101900,0,0,0
998102850,0,66,-66
998501927,189,79,110
998501929,155,18,137
998501930,55,0,55
998501931,50,4,46
998501932,7,0,7
998501933,52,13,39
998501937,17,4,13
998501944,1,0,1
998501950,1,10,-9
998501970,115,4,111
998501971,0,5,-5
998501973,0,0,0
998501974,0,111,-111
998501975,104,6,98
998501976,63,0,63
998501977,0,19,-19
998501978,2,0,2
998501979,0,0,0
998501980,65,12,53
998501981,53,1,52
998501982,1,66,-65
998501983,0,32,-32
998502006,0,0,0
998502024,0,4,-4
998502032,0,1,-1
998502062,9,5,4
998502063,0,0,0
998502173,3,0,3
998502269,0,0,0
998502546,1,77,-76
998502578,0,0,0
998502599,1,181,-180
998601159,0,20,-20
998601292,0,6,-6
999033574,1,320,-319
999800001,47,15,32
999800002,1,1,0
999800003,1,6,-5
999800004,0,1,-1
999800005,0,0,0
