dong,insum,outsum,diff
강남구 개포1동,1044,854,190
강남구 개포2동,13954,10717,3237
강남구 개포4동,8353,6572,1781
강남구 논현1동,25796,28804,-3008
강남구 논현2동,14217,23348,-9131
강남구 대치1동,10541,14929,-4388
강남구 대치2동,17680,26491,-8811
강남구 대치4동,17649,19974,-2325
강남구 도곡1동,13985,15743,-1758
강남구 도곡2동,5246,5130,116
강남구 삼성1동,24086,25485,-1399
강남구 삼성2동,12385,16663,-4278
강남구 세곡동,21171,11579,9592
강남구 수서동,11586,16020,-4434
강남구 신사동,11638,18148,-6510
강남구 압구정동,21422,31753,-10331
강남구 역삼1동,44695,50754,-6059
강남구 역삼2동,16634,18602,-1968
강남구 일원1동,7112,6165,947
강남구 일원2동,2906,1911,995
강남구 일원본동,10994,7046,3948
강남구 청담동,21864,30511,-8647
강동구 강일동,13070,6557,6513
강동구 고덕제1동,5652,3987,1665
강동구 고덕제2동,7316,9592,-2276
강동구 길동,10257,8480,1777
강동구 둔촌제1동,90,309,-219
강동구 둔촌제2동,6529,7089,-560
강동구 명일제1동,10248,10414,-166
강동구 명일제2동,7291,7279,12
강동구 상일동,10820,9045,1775
강동구 성내제1동,5961,4865,1096
강동구 성내제2동,5884,7744,-1860
강동구 성내제3동,7753,9118,-1365
강동구 암사제1동,8736,4622,4114
강동구 암사제2동,1898,4408,-2510
강동구 암사제3동,1777,578,1199
강동구 천호제1동,3766,3590,176
강동구 천호제2동,11304,15750,-4446
강동구 천호제3동,6052,7577,-1525
강북구 미아동,11931,13361,-1430
강북구 번1동,22079,24015,-1936
강북구 번2동,8848,6528,2320
강북구 번3동,17396,8655,8741
강북구 삼각산동,5560,3718,1842
강북구 삼양동,13189,8385,4804
강북구 송중동,33762,33568,194
강북구 송천동,24736,22729,2007
강북구 수유1동,16811,13098,3713
강북구 수유2동,11696,7548,4148
강북구 수유3동,22177,36330,-14153
강북구 우이동,13386,9989,3397
강북구 월곡제1동,2194,2206,-12
강북구 인수동,12947,8429,4518
강서구 가양제1동,9499,9366,133
강서구 가양제2동,2696,2207,489
강서구 가양제3동,2947,1945,1002
강서구 공항동,9837,8482,1355
강서구 등촌제1동,11870,14704,-2834
강서구 등촌제2동,7358,4107,3251
강서구 등촌제3동,12284,17593,-5309
강서구 발산제1동,19105,17685,1420
강서구 방화제1동,8768,9307,-539
강서구 방화제2동,6469,7087,-618
강서구 방화제3동,1851,1299,552
강서구 염창동,8044,5592,2452
강서구 우장산동,12620,12932,-312
강서구 화곡본동,8716,5890,2826
강서구 화곡제1동,24844,25026,-182
강서구 화곡제2동,7845,4461,3384
강서구 화곡제3동,6176,7612,-1436
강서구 화곡제4동,7093,5567,1526
강서구 화곡제6동,16765,12224,4541
강서구 화곡제8동,9533,9386,147
관악구 낙성대동,22268,30162,-7894
관악구 난곡동,17097,7362,9735
관악구 난향동,8526,3991,4535
관악구 남현동,11134,9668,1466
관악구 대학동,22811,40050,-17239
관악구 미성동,19731,15744,3987
관악구 보라매동,13705,13743,-38
관악구 삼성동,16061,13659,2402
관악구 서림동,20082,7212,12870
관악구 서원동,25052,39056,-14004
관악구 성현동,14087,7923,6164
관악구 신림동,23833,34198,-10365
관악구 신사동,10029,8194,1835
관악구 신원동,4283,3480,803
관악구 은천동,16087,15311,776
관악구 인헌동,8187,6741,1446
관악구 조원동,16326,32878,-16552
관악구 중앙동,4656,3945,711
관악구 청룡동,21608,18332,3276
관악구 청림동,5190,2216,2974
관악구 행운동,22412,22753,-341
광진구 광장동,4952,4208,744
광진구 구의제1동,8553,8445,108
광진구 구의제2동,10327,9321,1006
광진구 구의제3동,5571,9119,-3548
광진구 군자동,10564,10177,387
광진구 능동,6743,7087,-344
광진구 자양제1동,3441,2553,888
광진구 자양제2동,15465,10645,4820
광진구 자양제3동,4266,3247,1019
광진구 자양제4동,12719,12598,121
광진구 중곡제1동,5933,4109,1824
광진구 중곡제2동,8576,7998,578
광진구 중곡제3동,7083,4047,3036
광진구 중곡제4동,5467,4081,1386
광진구 화양동,8734,10916,-2182
구로구 가리봉동,7059,9328,-2269
구로구 개봉제1동,22324,20375,1949
구로구 개봉제2동,14111,12923,1188
구로구 개봉제3동,6759,4254,2505
구로구 고척제1동,15545,12240,3305
구로구 고척제2동,15225,9547,5678
구로구 구로제1동,8433,6288,2145
구로구 구로제2동,23917,24551,-634
구로구 구로제3동,22005,35522,-13517
구로구 구로제4동,14930,15114,-184
구로구 구로제5동,15866,21179,-5313
구로구 수궁동,16440,15975,465
구로구 신도림동,16788,25596,-8808
구로구 오류제1동,10322,8077,2245
구로구 오류제2동,9181,8221,960
구로구 항동,4034,1212,2822
금천구 가산동,25005,34468,-9463
금천구 독산제1동,24226,25147,-921
금천구 독산제2동,14598,8686,5912
금천구 독산제3동,18270,12914,5356
금천구 독산제4동,11301,6642,4659
금천구 미성동,105,105,0
금천구 시흥제1동,20758,24655,-3897
금천구 시흥제2동,9885,5904,3981
금천구 시흥제3동,7497,6792,705
금천구 시흥제4동,9197,3531,5666
금천구 시흥제5동,16545,8501,8044
노원구 공릉1동,12275,12296,-21
노원구 공릉2동,13553,15124,-1571
노원구 상계10동,5238,5303,-65
노원구 상계1동,11244,9267,1977
노원구 상계2동,7949,17051,-9102
노원구 상계3.4동,3307,2288,1019
노원구 상계5동,8259,7878,381
노원구 상계6.7동,15322,19334,-4012
노원구 상계8동,5473,3155,2318
노원구 상계9동,6040,3779,2261
노원구 월계1동,21145,22420,-1275
노원구 월계2동,11707,6737,4970
노원구 월계3동,8836,7325,1511
노원구 중계1동,7199,6835,364
노원구 중계2.3동,9462,11670,-2208
노원구 중계4동,5369,6609,-1240
노원구 중계본동,8974,6633,2341
노원구 하계1동,13742,11516,2226
노원구 하계2동,8012,8176,-164
도봉구 도봉제1동,12336,9089,3247
도봉구 도봉제2동,8870,11424,-2554
도봉구 방학제1동,13384,12409,975
도봉구 방학제2동,6618,4591,2027
도봉구 방학제3동,12884,5038,7846
도봉구 쌍문제1동,10846,6770,4076
도봉구 쌍문제2동,13442,11200,2242
도봉구 쌍문제3동,9156,14499,-5343
도봉구 쌍문제4동,8739,4498,4241
도봉구 창제1동,14420,17040,-2620
도봉구 창제2동,8957,6189,2768
도봉구 창제3동,10095,5511,4584
도봉구 창제4동,12450,15767,-3317
도봉구 창제5동,9085,11468,-2383
동대문구 답십리제1동,12803,12310,493
동대문구 답십리제2동,14349,10397,3952
동대문구 면목제5동,519,195,324
동대문구 용신동,34330,40902,-6572
동대문구 이문제1동,7572,8757,-1185
동대문구 이문제2동,4528,3504,1024
동대문구 장안제1동,19093,21463,-2370
동대문구 장안제2동,15720,12344,3376
동대문구 전농제1동,16407,17634,-1227
동대문구 전농제2동,13571,8441,5130
동대문구 제기동,25196,28915,-3719
동대문구 청량리동,22425,29333,-6908
동대문구 회기동,9033,12383,-3350
동대문구 휘경제1동,20946,18427,2519
동대문구 휘경제2동,11479,8928,2551
동작구 노량진제1동,24834,36453,-11619
동작구 노량진제2동,15306,13578,1728
동작구 대방동,32593,26199,6394
동작구 사당제1동,8545,9081,-536
동작구 사당제2동,12966,12217,749
동작구 사당제3동,8112,4514,3598
동작구 사당제4동,1728,1784,-56
동작구 사당제5동,7332,4068,3264
동작구 상도제1동,34100,31866,2234
동작구 상도제2동,15993,14695,1298
동작구 상도제3동,13426,8680,4746
동작구 상도제4동,13537,5773,7764
동작구 신대방제1동,7518,9392,-1874
동작구 신대방제2동,20528,17577,2951
동작구 흑석동,21138,17436,3702
마포구 공덕동,13045,9535,3510
마포구 대흥동,14892,17318,-2426
마포구 도화동,4579,5122,-543
마포구 망원제1동,9498,5891,3607
마포구 망원제2동,5935,4153,1782
마포구 상암동,29219,37699,-8480
마포구 서강동,8617,6569,2048
마포구 서교동,41545,68697,-27152
마포구 성산제1동,10901,8804,2097
마포구 성산제2동,19611,12946,6665
마포구 신수동,4514,3272,1242
마포구 아현동,16385,14250,2135
마포구 연남동,9554,9189,365
마포구 염리동,2697,2597,100
마포구 용강동,11715,10068,1647
마포구 합정동,7778,13501,-5723
서대문구 남가좌제1동,10491,7059,3432
서대문구 남가좌제2동,15631,9023,6608
서대문구 북가좌제1동,4904,5046,-142
서대문구 북가좌제2동,15546,8138,7408
서대문구 북아현동,8053,8051,2
서대문구 신촌동,41970,59889,-17919
서대문구 연희동,34588,32145,2443
서대문구 천연동,20077,17978,2099
서대문구 충현동,18904,22798,-3894
서대문구 홍은제1동,14534,9649,4885
서대문구 홍은제2동,26233,16030,10203
서대문구 홍제제1동,20854,23928,-3074
서대문구 홍제제2동,9101,6596,2505
서대문구 홍제제3동,12194,10596,1598
서초구 내곡동,8873,8410,463
서초구 반포1동,20095,14015,6080
서초구 반포2동,4401,4515,-114
서초구 반포3동,10724,11551,-827
서초구 반포4동,17038,26591,-9553
서초구 반포본동,7901,8083,-182
서초구 방배1동,11814,11156,658
서초구 방배2동,13201,13747,-546
서초구 방배3동,13444,9517,3927
서초구 방배4동,14242,14228,14
서초구 방배본동,9443,8150,1293
서초구 서초1동,10828,12566,-1738
서초구 서초2동,19172,31342,-12170
서초구 서초3동,22454,29141,-6687
서초구 서초4동,18581,22624,-4043
서초구 양재1동,45800,41961,3839
서초구 양재2동,19183,21182,-1999
서초구 잠원동,13355,14483,-1128
성동구 금호1가동,6739,4559,2180
성동구 금호2.3가동,10165,10288,-123
성동구 금호4가동,6004,4125,1879
성동구 마장동,7642,8632,-990
성동구 사근동,4156,4638,-482
성동구 성수1가제1동,4492,5273,-781
성동구 성수1가제2동,2954,4754,-1800
성동구 성수2가제1동,5551,4184,1367
성동구 성수2가제3동,4355,5565,-1210
성동구 송정동,4952,2561,2391
성동구 옥수동,10002,9631,371
성동구 왕십리도선동,8082,7876,206
성동구 왕십리제2동,7641,7353,288
성동구 용답동,6967,6822,145
성동구 응봉동,7038,3091,3947
성동구 행당제1동,7318,12375,-5057
성동구 행당제2동,8512,6507,2005
성북구 길음제1동,17805,16955,850
성북구 길음제2동,8345,15917,-7572
성북구 돈암제1동,16155,11771,4384
성북구 돈암제2동,8204,3284,4920
성북구 동선동,14840,21598,-6758
성북구 보문동,9176,6147,3029
성북구 삼선동,23047,22318,729
성북구 석관동,8781,7418,1363
성북구 성북동,18957,19686,-729
성북구 안암동,10330,13724,-3394
성북구 월곡제1동,13547,12585,962
성북구 월곡제2동,6942,7394,-452
성북구 장위제1동,11650,7016,4634
성북구 장위제2동,9066,7816,1250
성북구 장위제3동,6407,4115,2292
성북구 정릉제1동,10981,9031,1950
성북구 정릉제2동,17884,9779,8105
성북구 정릉제3동,5721,8973,-3252
성북구 정릉제4동,17264,12719,4545
성북구 종암동,25271,18286,6985
송파구 가락1동,3217,2568,649
송파구 가락2동,12505,9734,2771
송파구 가락본동,12667,13176,-509
송파구 거여1동,3546,2632,914
송파구 거여2동,1031,526,505
송파구 마천1동,5651,3518,2133
송파구 마천2동,9276,6401,2875
송파구 문정1동,4022,4129,-107
송파구 문정2동,9667,17896,-8229
송파구 방이1동,5342,3636,1706
송파구 방이2동,9482,11788,-2306
송파구 삼전동,11901,7191,4710
송파구 석촌동,14562,13861,701
송파구 송파1동,10096,10112,-16
송파구 송파2동,4642,3526,1116
송파구 오금동,12580,10924,1656
송파구 오륜동,5033,5260,-227
송파구 위례동,9207,6094,3113
송파구 잠실2동,3221,6740,-3519
송파구 잠실3동,16645,27040,-10395
송파구 잠실4동,736,776,-40
송파구 잠실6동,6439,15530,-9091
송파구 잠실7동,4068,4553,-485
송파구 잠실본동,15242,12525,2717
송파구 장지동,9622,4995,4627
송파구 풍납1동,5171,3067,2104
송파구 풍납2동,8470,8522,-52
양천구 목1동,16301,26031,-9730
양천구 목2동,16017,13346,2671
양천구 목3동,15418,14077,1341
양천구 목4동,13745,7370,6375
양천구 목5동,14753,15638,-885
양천구 신월1동,6532,2641,3891
양천구 신월2동,7967,6764,1203
양천구 신월3동,5361,3623,1738
양천구 신월4동,6637,4646,1991
양천구 신월5동,5898,4711,1187
양천구 신월6동,4916,2979,1937
양천구 신월7동,11692,6715,4977
양천구 신정1동,6643,9599,-2956
양천구 신정2동,5090,3709,1381
양천구 신정3동,25495,16071,9424
양천구 신정4동,15275,22149,-6874
양천구 신정6동,4867,3774,1093
양천구 신정7동,7140,5874,1266
영등포구 당산제1동,8282,10713,-2431
영등포구 당산제2동,16776,20257,-3481
영등포구 대림제1동,10334,7721,2613
영등포구 대림제2동,3098,4548,-1450
영등포구 대림제3동,10330,8290,2040
영등포구 도림동,8624,5494,3130
영등포구 문래동,10588,15628,-5040
영등포구 신길제1동,8673,5665,3008
영등포구 신길제3동,11530,7422,4108
영등포구 신길제4동,4302,2421,1881
영등포구 신길제5동,7238,6519,719
영등포구 신길제6동,9254,7433,1821
영등포구 신길제7동,9208,6292,2916
영등포구 양평제1동,6700,6569,131
영등포구 양평제2동,10653,8755,1898
영등포구 여의동,32154,56414,-24260
영등포구 영등포동,28758,48079,-19321
영등포구 영등포본동,10632,14015,-3383
용산구 남영동,22082,24415,-2333
용산구 보광동,8312,3730,4582
용산구 서빙고동,9315,6540,2775
용산구 용문동,3048,2472,576
용산구 용산2가동,9974,7977,1997
용산구 원효로제1동,9194,8883,311
용산구 원효로제2동,7347,4721,2626
용산구 이촌제1동,8093,7895,198
용산구 이촌제2동,4078,1681,2397
용산구 이태원제1동,8356,9385,-1029
용산구 이태원제2동,6004,4097,1907
용산구 청파동,11488,10124,1364
용산구 필동,257,674,-417
용산구 한강로동,20964,31079,-10115
용산구 한남동,29264,30206,-942
용산구 효창동,6210,3790,2420
용산구 후암동,8872,5886,2986
은평구 갈현제1동,10618,6120,4498
은평구 갈현제2동,11310,8426,2884
은평구 구산동,13592,4915,8677
은평구 녹번동,16947,13214,3733
은평구 대조동,17767,30303,-12536
은평구 불광제1동,17257,13409,3848
은평구 불광제2동,15005,14799,206
은평구 수색동,7523,6548,975
은평구 신사제1동,12403,12303,100
은평구 신사제2동,12039,10584,1455
은평구 역촌동,18677,10993,7684
은평구 응암제1동,16856,22931,-6075
은평구 응암제2동,8750,4475,4275
은평구 응암제3동,12053,10150,1903
은평구 증산동,11476,11682,-206
은평구 진관동,26305,25478,827
종로구 가회동,3344,3622,-278
종로구 교남동,5325,3135,2190
종로구 무악동,2574,1881,693
종로구 부암동,10467,9747,720
종로구 사직동,24883,37725,-12842
종로구 삼청동,2373,5997,-3624
종로구 숭인제1동,980,786,194
종로구 숭인제2동,8439,12728,-4289
종로구 이화동,9960,13054,-3094
종로구 종로1.2.3.4가동,52107,105784,-53677
종로구 종로5.6가동,10757,19498,-8741
종로구 창신제1동,8857,7822,1035
종로구 창신제2동,5154,9255,-4101
종로구 창신제3동,3150,2322,828
종로구 청운효자동,7445,7949,-504
종로구 충현동,2229,824,1405
종로구 평창동,11618,10160,1458
종로구 혜화동,15830,20508,-4678
중구 광희동,10481,17168,-6687
중구 다산동,5995,4739,1256
중구 동화동,1213,1242,-29
중구 명동,17969,28238,-10269
중구 소공동,17912,37536,-19624
중구 신당동,5941,5496,445
중구 신당제5동,6436,7254,-818
중구 약수동,4182,3093,1089
중구 을지로동,2998,7557,-4559
중구 장충동,3142,4247,-1105
중구 중림동,4852,4425,427
중구 청구동,3182,2454,728
중구 필동,3480,4284,-804
중구 황학동,5904,5351,553
중구 회현동,23968,36272,-12304
중랑구 망우본동,18832,16090,2742
중랑구 망우제3동,6375,3719,2656
중랑구 면목본동,14952,16515,-1563
중랑구 면목제2동,6377,4686,1691
중랑구 면목제3.8동,12690,11741,949
중랑구 면목제4동,6929,4972,1957
중랑구 면목제5동,5697,3059,2638
중랑구 면목제7동,4772,4467,305
중랑구 묵제1동,9082,8811,271
중랑구 묵제2동,4354,2512,1842
중랑구 상봉제1동,9126,7785,1341
중랑구 상봉제2동,12701,15497,-2796
중랑구 신내1동,17218,11183,6035
중랑구 신내2동,13360,11299,2061
중랑구 중화제1동,4811,6310,-1499
중랑구 중화제2동,13025,10988,2037
NA,323663,278076,45587
