ID,insum,outsum,diff
100000001,452,350,102
100000002,821,348,473
100000003,5736,1203,4533
100000004,1420,385,1035
100000005,1575,1428,147
100000006,135,88,47
100000007,346,229,117
100000008,55,369,-314
100000009,126,76,50
100000010,12,27,-15
100000011,209,44,165
100000012,73,395,-322
100000013,10,135,-125
100000014,131,305,-174
100000015,508,419,89
100000016,586,812,-226
100000017,275,760,-485
100000018,672,279,393
100000019,3138,908,2230
100000020,1037,1107,-70
100000021,4496,1021,3475
100000022,672,344,328
100000023,4137,458,3679
100000025,1686,202,1484
100000028,839,417,422
100000029,165,109,56
100000030,344,16,328
100000031,3913,1746,2167
100000032,1858,1508,350
100000033,400,1113,-713
100000034,532,184,348
100000035,1421,486,935
100000036,1268,546,722
100000037,177,259,-82
100000038,424,397,27
100000039,277,85,192
100000040,36,50,-14
100000041,200,204,-4
100000042,195,187,8
100000043,196,138,58
100000044,259,454,-195
100000045,258,942,-684
100000046,278,860,-582
100000047,148,629,-481
100000048,172,480,-308
100000049,982,1892,-910
100000051,228,879,-651
100000053,7,2,5
100000054,38,13,25
100000055,236,206,30
100000056,148,329,-181
100000057,850,478,372
100000058,297,947,-650
100000059,18,65,-47
100000060,171,169,2
100000061,717,292,425
100000062,787,308,479
100000063,226,164,62
100000064,321,209,112
100000065,331,800,-469
100000066,91,653,-562
100000067,202,602,-400
100000068,198,964,-766
100000069,123,1191,-1068
100000072,331,953,-622
100000073,548,866,-318
100000075,330,290,40
100000076,1138,956,182
100000077,361,35,326
100000078,97,13,84
100000079,50,18,32
100000080,10,9,1
100000081,25,16,9
100000102,1220,592,628
100000103,1901,457,1444
100000104,2671,540,2131
100000105,2687,285,2402
100000106,1156,574,582
100000107,234,133,101
100000108,412,872,-460
100000109,1663,681,982
100000116,669,242,427
100000117,22,5,17
100000118,696,290,406
100000119,347,290,57
100000121,77,431,-354
100000122,550,402,148
100000123,3242,2775,467
100000124,6312,3028,3284
100000125,2868,541,2327
100000126,551,164,387
100000127,1727,337,1390
100000128,614,581,33
100000129,395,289,106
100000130,251,361,-110
100000131,3541,1668,1873
100000132,1986,738,1248
100000133,7904,1976,5928
100000135,207,425,-218
100000139,137,299,-162
100000140,53,122,-69
100000142,136,452,-316
100000143,1246,785,461
100000144,2951,941,2010
100000147,575,1174,-599
100000150,23,388,-365
100000151,305,197,108
100000153,206,150,56
100000154,32,19,13
100000155,0,16,-16
100000156,16,53,-37
100000157,41,95,-54
100000158,45,72,-27
100000159,225,330,-105
100000165,732,545,187
100000169,302,156,146
100000174,1065,193,872
100000179,79,437,-358
100000180,330,574,-244
100000181,49,167,-118
100000188,44,207,-163
100000189,247,174,73
100000190,244,149,95
100000191,339,270,69
100000192,55,46,9
100000193,87,88,-1
100000330,1305,217,1088
100000355,285,328,-43
100000362,3179,2380,799
100000363,1163,1992,-829
100000364,237,142,95
100000365,1990,2971,-981
100000366,2726,1745,981
100000367,1422,2002,-580
100000368,1397,1176,221
100000369,342,658,-316
100000370,91,241,-150
100000376,36,47,-11
100000379,1365,564,801
100000380,1956,885,1071
100000384,3722,1111,2611
100000385,3061,1598,1463
100000386,5492,1446,4046
100000387,4849,1627,3222
100000388,9867,1750,8117
100000389,8384,1695,6689
100000390,8778,1396,7382
100000391,5717,1697,4020
100000392,1956,536,1420
100000393,722,585,137
100000394,3720,1361,2359
100000395,1631,458,1173
100000396,2549,855,1694
100000397,1208,542,666
100000398,7502,5116,2386
100000413,19,3,16
100900002,0,34,-34
100900003,98,49,49
100900004,16,632,-616
100900005,32,6,26
100900006,0,166,-166
100900007,75,2,73
100900008,11,403,-392
100900009,9,12,-3
100900010,1,112,-111
100900011,14,241,-227
100900012,1,253,-252
100900013,143,1,142
100900014,0,2,-2
100900015,76,53,23
100900016,0,37,-37
100900017,197,34,163
100900018,0,7,-7
100900019,2,2,0
100900020,65,0,65
100900021,510,0,510
100900022,2,10,-8
100900023,0,4,-4
100900024,269,0,269
100900025,7,1,6
100900026,21,92,-71
100900027,349,1035,-686
100900028,32,44,-12
100900029,73,5,68
100900030,0,4,-4
100900031,120,28,92
100900032,59,1,58
100900033,160,66,94
100900034,148,0,148
100900035,138,0,138
100900036,11,0,11
100900037,11,167,-156
100900038,8,11,-3
100900039,217,509,-292
100900040,60,768,-708
100900041,82,797,-715
100900042,164,213,-49
100900043,0,0,0
100900044,1844,129,1715
100900045,11,0,11
100900046,306,3,303
100900047,444,31,413
100900048,21,5,16
100900049,6,149,-143
100900050,0,8,-8
100900051,9,22,-13
100900052,29,7,22
100900053,48,16,32
100900054,2,108,-106
100900055,42,108,-66
100900056,8,68,-60
100900057,257,152,105
100900058,83,9,74
100900059,8,1,7
100900060,40,16,24
100900061,213,174,39
100900062,1,41,-40
100900063,46,206,-160
100900064,260,7,253
100900065,26,15,11
100900066,23,20,3
100900067,3,10,-7
100900068,9,100,-91
100900069,95,0,95
100900070,41,2,39
100900071,439,135,304
100900072,1,81,-80
100900073,15,431,-416
100900074,0,7,-7
100900075,1742,108,1634
100900076,10,8,2
100900077,0,105,-105
100900078,76,62,14
100900079,0,25,-25
100900080,2,112,-110
100900081,13,22,-9
100900082,6,639,-633
100900083,1,54,-53
100900085,1,33,-32
100900086,37,138,-101
100900088,24,497,-473
100900089,0,14,-14
100900090,100,262,-162
100900091,0,13,-13
100900092,45,46,-1
100900093,36,82,-46
100900094,41,509,-468
100900095,2,16,-14
100900096,5,69,-64
100900097,0,6,-6
100900098,0,45,-45
100900099,25,375,-350
100900100,7,130,-123
100900101,202,17,185
100900102,1,13,-12
100900103,0,28,-28
100900104,13,88,-75
100900105,3,27,-24
100900106,39,0,39
100900107,993,194,799
100900108,0,0,0
100900109,1,32,-31
100900110,2,9,-7
100900111,65,85,-20
100900112,0,4,-4
100900113,1,11,-10
100900114,0,20,-20
100900115,0,11,-11
100900116,327,152,175
100900117,91,162,-71
100900118,1,31,-30
100900119,0,15,-15
100900120,0,5,-5
100900121,118,96,22
100900122,85,156,-71
100900123,7,54,-47
100900124,0,5,-5
100900125,3,38,-35
100900126,23,91,-68
100900127,1,7,-6
100900128,51,66,-15
100900129,0,43,-43
100900131,25,50,-25
100900133,6,32,-26
100900134,4,4,0
100900135,0,53,-53
100900137,264,120,144
100900138,229,84,145
100900139,2,6,-4
100900140,0,721,-721
100900141,1,134,-133
100900142,0,0,0
100900143,814,139,675
100900144,10,3,7
100900145,7,44,-37
100900146,6,5,1
100900147,0,127,-127
100900148,21,808,-787
100900149,3,26,-23
100900150,0,2,-2
100900151,56,324,-268
100900152,56,2,54
100900153,1,76,-75
100900154,0,0,0
100900155,0,4,-4
100900156,14,0,14
100900157,0,68,-68
100900159,1,7,-6
100900160,3,13,-10
100900161,82,0,82
100900162,8,105,-97
100900163,61,161,-100
100900164,4,25,-21
100900165,17,38,-21
100900166,20,0,20
100900167,4,52,-48
100900168,8,66,-58
100900169,117,885,-768
100900170,1,2,-1
100900171,12,620,-608
100900172,0,4,-4
100900173,1,432,-431
100900174,22,24,-2
100900176,735,21,714
100900177,671,102,569
100900178,69,93,-24
100900179,38,26,12
100900180,0,3,-3
100900181,35,19,16
100900182,21,5,16
100900184,0,78,-78
100900186,589,334,255
100900187,2,131,-129
100900188,33,1,32
100900189,393,60,333
100900191,654,379,275
100900192,97,66,31
100900195,39,97,-58
100900197,2,32,-30
100900198,8,139,-131
100900199,4,0,4
100900200,447,211,236
100900201,5,600,-595
100900202,4,0,4
100900203,0,16,-16
100900204,98,74,24
100900205,47,109,-62
100900206,35,20,15
100900207,62,57,5
100900210,20,487,-467
100900211,122,21,101
100900213,16,5,11
100900214,585,28,557
100900215,0,19,-19
100900217,81,37,44
101000001,2744,1597,1147
101000002,2250,1631,619
101000003,526,903,-377
101000004,8441,5728,2713
101000006,6926,3355,3571
101000007,1373,1655,-282
101000008,2016,1504,512
101000009,743,1512,-769
101000010,427,1046,-619
101000011,1582,377,1205
101000012,1124,208,916
101000013,251,392,-141
101000014,241,268,-27
101000015,536,612,-76
101000016,202,191,11
101000017,216,241,-25
101000018,2242,1485,757
101000020,2918,532,2386
101000021,525,129,396
101000022,162,36,126
101000023,1026,463,563
101000025,45,151,-106
101000026,293,22,271
101000027,869,747,122
101000028,553,102,451
101000029,5,388,-383
101000030,268,18,250
101000031,88,73,15
101000032,2208,1040,1168
101000033,1587,1039,548
101000034,1481,639,842
101000035,728,139,589
101000036,857,174,683
101000037,2841,577,2264
101000039,2285,502,1783
101000040,2682,1234,1448
101000041,4691,1348,3343
101000042,282,238,44
101000043,3391,1124,2267
101000045,474,141,333
101000046,889,382,507
101000047,554,619,-65
101000048,266,413,-147
101000049,328,349,-21
101000050,855,251,604
101000051,1212,458,754
101000052,966,247,719
101000053,571,813,-242
101000054,979,812,167
101000055,1066,428,638
101000056,45,34,11
101000057,1778,370,1408
101000058,1247,308,939
101000059,2248,874,1374
101000060,1539,133,1406
101000061,1025,410,615
101000062,1300,137,1163
101000063,333,173,160
101000064,873,193,680
101000065,102,191,-89
101000066,137,89,48
101000067,433,127,306
101000068,136,85,51
101000069,254,29,225
101000070,1363,310,1053
101000071,1039,430,609
101000072,614,1649,-1035
101000073,377,204,173
101000074,2266,1154,1112
101000075,3862,1517,2345
101000077,827,650,177
101000078,693,935,-242
101000079,278,648,-370
101000080,422,485,-63
101000081,666,684,-18
101000082,2167,1531,636
101000083,1082,880,202
101000084,733,886,-153
101000085,1075,709,366
101000086,933,892,41
101000087,593,1116,-523
101000088,488,542,-54
101000089,478,796,-318
101000090,1752,1107,645
101000091,223,1117,-894
101000092,532,762,-230
101000093,874,485,389
101000094,275,699,-424
101000095,138,505,-367
101000096,229,420,-191
101000097,157,263,-106
101000098,277,327,-50
101000099,961,875,86
101000100,583,355,228
101000101,190,155,35
101000102,567,203,364
101000103,449,221,228
101000104,124,178,-54
101000105,882,125,757
101000106,391,278,113
101000107,95,179,-84
101000108,1130,236,894
101000109,59,77,-18
101000110,17,540,-523
101000111,58,94,-36
101000113,94,182,-88
101000114,1129,651,478
101000115,34,46,-12
101000116,9,57,-48
101000117,64,176,-112
101000119,121,10,111
101000120,172,8,164
101000121,54,5,49
101000122,52,14,38
101000123,17,5,12
101000124,192,187,5
101000125,131,277,-146
101000128,376,217,159
101000130,224,165,59
101000131,282,501,-219
101000132,180,1260,-1080
101000135,57,5,52
101000136,74,47,27
101000137,36,114,-78
101000141,1512,701,811
101000147,868,429,439
101000148,1803,12,1791
101000149,55,19,36
101000150,28,1053,-1025
101000151,25,80,-55
101000152,305,198,107
101000153,573,314,259
101000154,87,1315,-1228
101000155,55,92,-37
101000156,13,147,-134
101000157,34,6,28
101000160,14,37,-23
101000163,64,46,18
101000164,408,257,151
101000165,109,233,-124
101000166,149,259,-110
101000168,473,224,249
101000252,479,424,55
101000254,168,16,152
101000258,28,12,16
101000261,68,108,-40
101000262,278,606,-328
101000263,84,317,-233
101000265,28,358,-330
101000266,156,171,-15
101000269,100,2,98
101000290,876,792,84
101000293,7,92,-85
101000294,350,360,-10
101000295,117,270,-153
101000301,576,62,514
101000304,983,1873,-890
101000305,1303,1126,177
101000328,66,237,-171
101900001,10,78,-68
101900002,0,14,-14
101900003,52,61,-9
101900004,6,25,-19
101900005,3659,425,3234
101900006,492,4,488
101900007,258,27,231
101900008,76,74,2
101900009,25,116,-91
101900010,681,173,508
101900011,192,318,-126
101900012,53,61,-8
101900013,826,67,759
101900017,10,78,-68
101900018,1349,69,1280
101900019,47,26,21
101900020,79,47,32
101900021,0,18,-18
101900022,27,1238,-1211
101900023,26,205,-179
101900026,52,32,20
101900027,5,98,-93
102000001,1222,2561,-1339
102000002,1908,941,967
102000003,2715,2238,477
102000004,6491,1238,5253
102000005,1085,1380,-295
102000006,1431,714,717
102000007,942,2263,-1321
102000008,5162,1119,4043
102000009,3789,4709,-920
102000010,4746,1904,2842
102000011,1416,1520,-104
102000012,2202,2250,-48
102000018,2373,1423,950
102000019,1947,619,1328
102000026,169,243,-74
102000029,428,132,296
102000030,64,117,-53
102000031,13,173,-160
102000032,131,246,-115
102000033,83,366,-283
102000034,249,246,3
102000035,652,354,298
102000036,10,135,-125
102000037,66,43,23
102000038,50,62,-12
102000039,64,30,34
102000040,321,59,262
102000041,121,117,4
102000042,45,41,4
102000043,74,93,-19
102000044,155,306,-151
102000045,429,665,-236
102000046,599,248,351
102000047,448,665,-217
102000048,109,423,-314
102000049,372,333,39
102000050,514,612,-98
102000051,154,285,-131
102000052,590,507,83
102000053,247,486,-239
102000054,176,504,-328
102000055,417,810,-393
102000056,280,801,-521
102000057,773,375,398
102000058,777,1421,-644
102000059,1130,809,321
102000060,747,565,182
102000061,672,2078,-1406
102000062,486,873,-387
102000063,817,1112,-295
102000064,423,488,-65
102000065,12,92,-80
102000066,843,721,122
102000067,1581,1577,4
102000068,6039,2066,3973
102000069,27,1110,-1083
102000070,2143,33,2110
102000071,4867,6630,-1763
102000072,2715,3493,-778
102000073,263,767,-504
102000074,199,661,-462
102000075,109,288,-179
102000076,132,306,-174
102000077,185,1146,-961
102000078,331,771,-440
102000079,33,235,-202
102000080,80,150,-70
102000081,267,603,-336
102000082,553,150,403
102000083,106,613,-507
102000084,65,417,-352
102000085,1084,905,179
102000086,612,856,-244
102000087,390,1679,-1289
102000088,127,221,-94
102000089,476,459,17
102000090,302,1011,-709
102000091,881,413,468
102000092,374,576,-202
102000093,477,431,46
102000094,803,304,499
102000095,661,471,190
102000096,878,418,460
102000097,1033,569,464
102000098,415,530,-115
102000099,564,293,271
102000100,753,407,346
102000101,762,212,550
102000102,288,931,-643
102000103,880,224,656
102000104,795,317,478
102000105,66,666,-600
102000106,269,722,-453
102000107,282,349,-67
102000108,256,203,53
102000109,127,418,-291
102000110,274,1247,-973
102000111,5,205,-200
102000112,78,84,-6
102000113,0,25,-25
102000114,666,233,433
102000115,152,116,36
102000116,184,156,28
102000117,98,331,-233
102000118,1445,644,801
102000119,2165,355,1810
102000120,52,294,-242
102000121,451,340,111
102000122,166,535,-369
102000123,809,548,261
102000124,651,671,-20
102000125,520,507,13
102000126,314,499,-185
102000127,639,512,127
102000128,321,730,-409
102000129,424,699,-275
102000130,259,429,-170
102000131,466,419,47
102000132,177,266,-89
102000133,539,2218,-1679
102000134,244,457,-213
102000135,859,376,483
102000136,756,188,568
102000137,556,434,122
102000138,173,309,-136
102000139,32,234,-202
102000140,128,164,-36
102000141,92,444,-352
102000142,132,221,-89
102000143,19,342,-323
102000144,37,311,-274
102000145,93,304,-211
102000146,120,172,-52
102000147,156,147,9
102000148,90,146,-56
102000149,67,524,-457
102000150,124,171,-47
102000151,48,272,-224
102000152,57,106,-49
102000153,453,152,301
102000154,245,356,-111
102000155,81,185,-104
102000156,251,24,227
102000157,39,122,-83
102000158,283,154,129
102000159,1079,100,979
102000161,3291,672,2619
102000162,126,78,48
102000163,66,230,-164
102000164,828,303,525
102000165,178,74,104
102000166,26,91,-65
102000167,112,114,-2
102000168,123,88,35
102000169,41,220,-179
102000170,541,72,469
102000171,82,31,51
102000172,8,161,-153
102000173,210,158,52
102000174,18,41,-23
102000175,46,162,-116
102000176,22,43,-21
102000178,112,440,-328
102000179,89,119,-30
102000180,186,478,-292
102000181,123,569,-446
102000182,228,598,-370
102000183,625,1590,-965
102000184,556,756,-200
102000185,752,1381,-629
102000186,306,1452,-1146
102000187,218,1515,-1297
102000188,298,1182,-884
102000189,2154,720,1434
102000190,465,1170,-705
102000191,993,391,602
102000192,404,724,-320
102000193,12,205,-193
102000194,38,130,-92
102000195,160,416,-256
102000196,48,497,-449
102000197,157,365,-208
102000198,55,810,-755
102000199,161,309,-148
102000200,117,978,-861
102000201,218,347,-129
102000202,0,154,-154
102000203,94,251,-157
102000204,131,755,-624
102000205,370,729,-359
102000206,221,497,-276
102000207,289,357,-68
102000208,138,429,-291
102000209,17,34,-17
102000210,68,426,-358
102000211,114,395,-281
102000212,52,7,45
102000213,1,293,-292
102000214,47,11,36
102000215,3,407,-404
102000216,14,16,-2
102000217,9,187,-178
102000218,79,33,46
102000219,180,271,-91
102000225,790,495,295
102000226,1802,102,1700
102000227,47,0,47
102000228,0,64,-64
102000229,24,10,14
102000230,127,531,-404
102000231,142,327,-185
102000232,8,92,-84
102000233,249,379,-130
102000234,64,1090,-1026
102000236,268,47,221
102000237,251,126,125
102000238,110,184,-74
102000240,694,367,327
102000241,181,34,147
102000243,7,25,-18
102000245,19,120,-101
102000246,16,18,-2
102000247,1026,690,336
102000248,524,502,22
102000249,44,122,-78
102000250,22,310,-288
102000254,18,494,-476
102000266,14,109,-95
102000271,7,0,7
102000286,264,195,69
102000297,908,543,365
102000299,0,0,0
102000301,0,0,0
102000305,0,0,0
102000307,0,4,-4
102900001,817,655,162
102900002,210,48,162
102900003,13,251,-238
102900005,155,250,-95
102900006,230,133,97
102900007,246,26,220
102900008,113,50,63
102900009,284,49,235
102900010,497,280,217
102900011,1551,173,1378
102900012,256,33,223
102900013,9,45,-36
102900015,469,114,355
102900016,10,112,-102
102900017,34,523,-489
102900018,5,101,-96
102900019,128,255,-127
102900020,20,26,-6
102900021,4,98,-94
102900022,181,25,156
102900023,9,47,-38
102900024,13,57,-44
102900025,160,78,82
102900026,267,841,-574
102900027,45,41,4
102900028,88,239,-151
102900029,41,59,-18
102900030,159,89,70
102900031,54,122,-68
102900032,15,133,-118
102900033,27,116,-89
102900034,87,100,-13
102900035,39,347,-308
102900036,46,564,-518
102900037,83,576,-493
102900038,276,375,-99
102900039,18,199,-181
102900040,49,121,-72
102900041,51,107,-56
102900042,111,294,-183
102900043,64,207,-143
102900044,230,1430,-1200
102900045,48,397,-349
102900046,41,275,-234
102900047,27,643,-616
102900048,250,553,-303
102900049,29,260,-231
102900050,127,221,-94
102900051,76,129,-53
102900053,147,513,-366
102900054,509,420,89
102900055,22,51,-29
102900056,57,307,-250
102900057,2,13,-11
102900058,189,42,147
102900059,2,32,-30
102900060,35,266,-231
102900061,26,315,-289
102900062,34,1184,-1150
102900063,303,277,26
102900064,145,206,-61
102900065,1182,434,748
102900066,169,13,156
102900068,40,52,-12
102900070,66,551,-485
102900072,12,18,-6
102900073,75,6,69
102900075,27,4,23
102900076,124,25,99
102900077,11,9,2
102900078,17,49,-32
102900079,110,8,102
102900080,122,23,99
102900081,46,151,-105
102900082,2,180,-178
102900083,214,4,210
102900084,0,4,-4
102900085,35,39,-4
102900086,2,18,-16
102900087,18,95,-77
102900088,4,27,-23
102900089,165,57,108
102900090,1,348,-347
102900091,46,1,45
102900092,84,791,-707
102900094,1,33,-32
102900095,65,0,65
102900096,8,10,-2
102900097,0,71,-71
103000001,1441,1858,-417
103000002,1125,1264,-139
103000003,1780,1575,205
103000004,751,407,344
103000005,1245,1452,-207
103000006,443,919,-476
103000007,380,603,-223
103000008,479,817,-338
103000009,386,481,-95
103000010,208,144,64
103000011,1295,528,767
103000012,660,822,-162
103000013,5186,1319,3867
103000014,840,823,17
103000015,1788,642,1146
103000016,475,546,-71
103000017,115,168,-53
103000018,732,272,460
103000019,93,105,-12
103000020,1075,1030,45
103000021,678,824,-146
103000022,603,967,-364
103000023,304,666,-362
103000024,93,123,-30
103000025,37,147,-110
103000026,1599,89,1510
103000027,258,194,64
103000028,549,226,323
103000029,437,95,342
103000030,1569,390,1179
103000031,1108,695,413
103000032,1580,1215,365
103000033,2031,1692,339
103000034,1213,455,758
103000035,320,540,-220
103000036,282,310,-28
103000037,623,238,385
103000038,451,508,-57
103000039,73,363,-290
103000040,141,1032,-891
103000041,1072,2493,-1421
103000042,381,540,-159
103000043,197,1107,-910
103000044,71,239,-168
103000046,164,214,-50
103000047,225,516,-291
103000048,82,113,-31
103000049,57,115,-58
103000050,301,447,-146
103000051,229,327,-98
103000052,666,361,305
103000053,111,225,-114
103000054,948,844,104
103000055,796,1101,-305
103000056,359,1787,-1428
103000057,324,236,88
103000058,190,748,-558
103000059,222,681,-459
103000060,597,611,-14
103000061,339,604,-265
103000062,550,599,-49
103000063,386,605,-219
103000064,76,231,-155
103000065,2,319,-317
103000066,49,6,43
103000069,51,238,-187
103000070,395,1075,-680
103000071,446,261,185
103000072,64,794,-730
103000073,150,71,79
103000074,224,46,178
103000075,88,685,-597
103000076,99,85,14
103000077,28,296,-268
103000078,929,138,791
103000079,1042,278,764
103000080,683,111,572
103000081,266,411,-145
103000082,163,97,66
103000083,28,324,-296
103000084,91,6,85
103000085,0,63,-63
103000086,444,164,280
103000087,70,254,-184
103000088,202,197,5
103000089,100,178,-78
103000090,933,752,181
103000091,311,312,-1
103000092,161,174,-13
103000093,216,492,-276
103000094,88,99,-11
103000095,8,312,-304
103000096,441,46,395
103000097,20,559,-539
103000098,632,64,568
103000099,199,492,-293
103000100,26,569,-543
103000101,220,129,91
103000102,75,530,-455
103000103,244,153,91
103000104,24,137,-113
103000105,32,116,-84
103000106,7,91,-84
103000107,287,41,246
103000108,367,476,-109
103000109,216,244,-28
103000110,218,232,-14
103000111,309,247,62
103000112,126,212,-86
103000113,252,441,-189
103000114,437,180,257
103000115,229,345,-116
103000116,212,398,-186
103000117,92,337,-245
103000118,873,891,-18
103000119,1418,675,743
103000120,21,66,-45
103000121,156,437,-281
103000122,139,117,22
103000125,7,508,-501
103000126,147,1,146
103000127,0,347,-347
103000128,59,0,59
103000129,0,152,-152
103000130,18,6,12
103000131,189,83,106
103000132,104,50,54
103000133,7,150,-143
103000134,452,294,158
103000135,599,143,456
103000136,459,186,273
103000137,363,355,8
103000138,697,388,309
103000139,1,34,-33
103000140,73,16,57
103000141,20,84,-64
103000142,140,37,103
103000143,21,135,-114
103000144,120,43,77
103000145,14,15,-1
103000150,80,48,32
103000152,138,137,1
103000153,100,133,-33
103000156,3,484,-481
103000157,146,1,145
103000159,42,48,-6
103000162,49,6,43
103000163,2,16,-14
103000164,5,8,-3
103000165,100,367,-267
103000166,67,95,-28
103000167,84,83,1
103000168,43,93,-50
103000169,101,143,-42
103000170,405,500,-95
103000171,25,37,-12
103000172,105,262,-157
103000173,77,596,-519
103000174,93,233,-140
103000175,89,524,-435
103000176,547,143,404
103000177,541,344,197
103000178,324,232,92
103000179,65,12,53
103000183,38,25,13
103000185,43,52,-9
103000186,23,142,-119
103000187,91,570,-479
103000188,3,64,-61
103000189,415,739,-324
103000191,396,308,88
103000292,2215,419,1796
103000293,1244,555,689
103000295,58,52,6
103000296,67,9,58
103000297,13,1,12
103000504,73,5,68
103000505,11,7,4
103000506,1,183,-182
103000507,81,1,80
103000508,38,14,24
103000509,141,331,-190
103900001,3,307,-304
103900002,1551,122,1429
103900003,1012,99,913
103900004,2,0,2
103900005,0,203,-203
103900006,0,0,0
103900007,10,12,-2
103900008,2,0,2
103900009,54,203,-149
103900010,76,170,-94
103900011,50,220,-170
103900012,2,8,-6
103900013,8,78,-70
103900014,21,25,-4
103900015,39,17,22
103900016,114,311,-197
103900017,4,58,-54
103900018,644,109,535
103900019,16,104,-88
103900020,64,155,-91
103900021,640,41,599
103900022,386,504,-118
103900023,49,1,48
103900024,37,473,-436
103900025,3,27,-24
103900026,1,0,1
103900027,167,156,11
103900028,9,169,-160
103900029,432,57,375
103900030,63,6,57
103900031,1,0,1
103900032,20,16,4
103900033,8,1,7
103900034,8,195,-187
103900035,20,51,-31
103900036,41,7,34
103900037,5,24,-19
103900038,67,27,40
103900039,10,377,-367
103900040,5,160,-155
103900041,2,15,-13
103900042,26,481,-455
103900043,32,120,-88
103900044,105,62,43
103900045,101,98,3
103900047,16,27,-11
103900048,38,7,31
103900049,141,785,-644
103900050,2,87,-85
103900051,1,33,-32
103900052,63,625,-562
103900053,33,829,-796
103900054,23,618,-595
103900055,85,170,-85
103900056,10,40,-30
103900057,4,257,-253
103900058,44,581,-537
103900059,0,0,0
103900060,2,148,-146
103900061,25,63,-38
103900062,29,36,-7
103900063,4,1,3
103900064,13,1,12
103900065,590,185,405
103900066,26,1,25
103900067,17,2,15
103900068,2,0,2
103900069,13,7,6
103900070,61,181,-120
103900071,8,133,-125
103900072,2,313,-311
103900073,8,7,1
103900074,9,102,-93
103900075,51,88,-37
103900076,109,481,-372
103900077,22,24,-2
103900078,27,117,-90
103900079,38,179,-141
103900080,4,31,-27
103900081,104,5,99
103900082,4,69,-65
103900083,1600,140,1460
103900084,12,67,-55
103900085,64,77,-13
103900086,139,160,-21
103900088,363,103,260
103900089,96,189,-93
103900090,1,161,-160
103900091,633,145,488
103900092,149,456,-307
103900093,49,350,-301
103900094,3,172,-169
103900095,79,113,-34
103900096,8,280,-272
103900097,2,362,-360
103900098,68,47,21
103900099,4,195,-191
103900100,27,256,-229
103900101,27,607,-580
103900102,1,23,-22
103900104,0,18,-18
103900105,94,125,-31
103900106,0,21,-21
103900107,17,117,-100
103900108,16,384,-368
103900109,25,46,-21
103900110,58,35,23
103900111,10,534,-524
103900112,8,32,-24
103900113,101,130,-29
103900114,370,325,45
103900115,133,44,89
103900116,5608,606,5002
103900117,198,102,96
103900119,8,18,-10
103900120,20,49,-29
103900122,19,275,-256
103900123,1093,319,774
103900124,27,525,-498
103900125,49,61,-12
103900126,122,328,-206
103900127,74,723,-649
103900128,9,193,-184
103900131,10,109,-99
103900133,525,11,514
103900134,0,0,0
103900135,7,9,-2
103900137,1,47,-46
103900138,10,320,-310
103900139,240,544,-304
103900140,3,9,-6
103900141,116,54,62
103900142,28,139,-111
103900143,1,1,0
103900144,0,74,-74
103900145,63,261,-198
103900146,192,242,-50
103900147,136,71,65
103900148,54,160,-106
103900149,30,608,-578
103900150,5321,879,4442
103900151,10,97,-87
103900152,60,499,-439
103900153,0,0,0
103900154,1012,399,613
103900155,6,170,-164
103900156,4,136,-132
103900157,6,151,-145
103900158,6,161,-155
103900159,11,37,-26
103900160,15,6,9
103900161,17,104,-87
103900162,78,151,-73
103900163,4,260,-256
103900167,4,19,-15
103900168,10,63,-53
103900169,1,7,-6
103900170,0,78,-78
103900171,0,61,-61
103900172,7,30,-23
103900173,3,3,0
103900174,32,32,0
103900175,29,14,15
103900176,3,5,-2
103900177,1,28,-27
103900178,3,47,-44
103900179,14,104,-90
103900180,5,93,-88
103900181,45,10,35
103900182,12,5,7
103900184,313,7,306
103900185,126,54,72
103900187,32,12,20
103900188,16,10,6
103900189,17,2,15
103900190,17,29,-12
103900191,15,29,-14
103900192,7,44,-37
103900193,64,91,-27
103900194,9,248,-239
103900195,0,13,-13
103900196,14,8,6
103900197,1,35,-34
103900198,4,51,-47
103900199,50,84,-34
103900200,75,144,-69
103900201,28,150,-122
103900202,3,35,-32
103900203,12,20,-8
103900204,1,105,-104
103900207,0,110,-110
103900208,6,3,3
103900209,6,88,-82
103900210,6,30,-24
103900211,137,556,-419
103900212,16,407,-391
103900213,55,162,-107
103900214,183,72,111
103900215,739,223,516
103900216,5,391,-386
103900217,210,62,148
103900218,0,129,-129
103900219,23,246,-223
103900233,49,0,49
103900235,27,13,14
103900236,14,0,14
103900242,1,2,-1
103900243,1,8,-7
103900244,19,253,-234
103900245,26,183,-157
103900246,30,18,12
103900247,34,121,-87
103900248,3,22,-19
103900249,3,9,-6
103900250,13,7,6
103900251,0,11,-11
103900253,21,29,-8
103900254,3,2,1
103900255,6,7,-1
103900256,7,19,-12
103900257,62,42,20
103900258,6,2,4
103900259,44,1,43
103900261,1,0,1
103900262,14,0,14
103900263,30,22,8
103900264,34,6,28
103900265,27,2,25
103900266,1,24,-23
103900267,2,59,-57
103900268,4,113,-109
103900269,73,48,25
103900270,2,140,-138
103900271,30,205,-175
103900272,4,33,-29
103900273,1,6,-5
103900274,1,4,-3
103900275,2,2,0
103900276,1,36,-35
103900277,0,16,-16
103900278,0,9,-9
103900279,0,3,-3
103900280,1,53,-52
104000001,1152,1785,-633
104000002,913,1862,-949
104000003,1350,1583,-233
104000004,2508,1623,885
104000005,629,1292,-663
104000006,1703,2043,-340
104000007,2312,2337,-25
104000008,180,403,-223
104000009,57,92,-35
104000010,63,164,-101
104000011,501,444,57
104000012,84,395,-311
104000013,39,118,-79
104000014,145,549,-404
104000015,131,117,14
104000016,254,329,-75
104000018,329,98,231
104000019,199,67,132
104000020,141,743,-602
104000021,177,659,-482
104000022,66,277,-211
104000023,260,229,31
104000024,121,261,-140
104000026,35,228,-193
104000027,124,377,-253
104000028,149,229,-80
104000029,228,531,-303
104000030,83,221,-138
104000031,366,188,178
104000032,171,302,-131
104000033,231,213,18
104000034,195,422,-227
104000035,265,342,-77
104000036,221,504,-283
104000037,129,292,-163
104000038,171,210,-39
104000039,85,506,-421
104000040,322,400,-78
104000041,316,218,98
104000042,150,377,-227
104000043,152,302,-150
104000044,179,725,-546
104000045,485,1110,-625
104000046,906,1402,-496
104000047,312,1120,-808
104000048,862,1843,-981
104000049,290,326,-36
104000050,150,456,-306
104000051,63,529,-466
104000052,515,940,-425
104000053,445,615,-170
104000054,191,361,-170
104000055,3004,2163,841
104000056,1797,270,1527
104000057,91,535,-444
104000058,376,562,-186
104000059,229,979,-750
104000060,253,742,-489
104000061,774,1017,-243
104000062,209,250,-41
104000064,566,181,385
104000065,48,215,-167
104000069,1000,391,609
104000070,59,214,-155
104000071,213,342,-129
104000072,811,329,482
104000075,30,203,-173
104000076,239,17,222
104000082,1275,1546,-271
104000083,562,201,361
104000084,62,397,-335
104000085,115,187,-72
104000086,116,303,-187
104000087,394,648,-254
104000090,390,1364,-974
104000092,498,2150,-1652
104000094,417,1739,-1322
104000095,841,1092,-251
104000096,460,351,109
104000097,743,870,-127
104000098,767,1123,-356
104000100,589,511,78
104000101,641,1920,-1279
104000106,130,493,-363
104000107,322,480,-158
104000108,248,416,-168
104000109,188,19,169
104000110,659,700,-41
104000111,3880,1008,2872
104000112,1756,373,1383
104000116,1,1148,-1147
104000117,37,827,-790
104000118,152,213,-61
104000119,302,163,139
104000120,116,740,-624
104000121,110,604,-494
104000122,338,577,-239
104000123,538,1184,-646
104000124,1261,2249,-988
104000125,3758,1944,1814
104000126,125,406,-281
104000127,1313,3668,-2355
104000128,555,410,145
104000129,280,27,253
104000130,6,187,-181
104000131,789,637,152
104000132,491,882,-391
104000133,872,620,252
104000134,507,882,-375
104000135,254,499,-245
104000136,619,1179,-560
104000137,1362,180,1182
104000138,928,247,681
104000139,7106,2377,4729
104000141,1199,1765,-566
104000142,397,997,-600
104000143,257,839,-582
104000144,36,160,-124
104000145,270,99,171
104000146,321,426,-105
104000147,59,248,-189
104000148,111,87,24
104000149,161,380,-219
104000150,287,322,-35
104000151,152,579,-427
104000152,233,732,-499
104000153,108,269,-161
104000154,961,575,386
104000155,178,314,-136
104000157,1009,1722,-713
104000158,103,204,-101
104000159,310,251,59
104000160,1178,903,275
104000161,133,109,24
104000162,25,91,-66
104000165,1050,816,234
104000167,317,289,28
104000168,304,4,300
104000169,17,24,-7
104000170,756,159,597
104000248,89,638,-549
104000251,47,320,-273
104000272,0,0,0
104000273,0,0,0
104000274,0,0,0
104000275,0,0,0
104000279,495,348,147
104000290,26,256,-230
104000291,685,816,-131
104000293,368,535,-167
104000294,1,0,1
104000295,237,557,-320
104000296,174,555,-381
104000297,601,1009,-408
104000298,1525,720,805
104000299,364,1054,-690
104000302,170,125,45
104000303,167,132,35
104900001,61,255,-194
104900002,19,56,-37
104900003,22,318,-296
104900004,22,253,-231
104900005,102,144,-42
104900006,61,68,-7
104900007,90,170,-80
104900009,54,387,-333
104900010,12,4,8
104900011,0,0,0
104900012,53,1,52
104900013,30,3,27
104900014,2662,165,2497
104900015,59,2,57
104900016,52,254,-202
104900017,24,182,-158
104900018,3,206,-203
104900019,168,653,-485
104900020,25,275,-250
104900021,0,187,-187
104900022,2,78,-76
104900023,0,84,-84
104900024,5,74,-69
104900025,29,296,-267
104900026,0,101,-101
104900027,110,97,13
104900028,18,62,-44
104900029,15,50,-35
104900030,172,128,44
104900031,79,138,-59
104900032,36,115,-79
104900033,42,86,-44
104900034,110,51,59
104900035,39,30,9
104900036,34,30,4
104900037,44,227,-183
104900038,375,143,232
104900039,441,40,401
104900040,40,80,-40
104900041,84,55,29
104900042,59,285,-226
104900043,7,18,-11
104900044,99,122,-23
104900045,114,23,91
104900046,23,81,-58
104900047,101,94,7
104900048,86,47,39
104900049,2,3,-1
104900050,37,42,-5
104900051,27,21,6
104900052,3,0,3
104900053,126,19,107
104900054,73,10,63
104900055,12,0,12
104900056,60,1,59
104900057,10,2,8
104900058,99,78,21
104900059,7,9,-2
104900060,3,215,-212
104900061,208,489,-281
104900063,0,115,-115
104900064,0,80,-80
104900065,0,51,-51
104900066,2,176,-174
104900067,0,150,-150
104900068,2,182,-180
104900070,38,261,-223
104900071,3,644,-641
104900072,7,152,-145
104900073,7,180,-173
104900074,16,172,-156
104900075,20,56,-36
104900076,41,360,-319
104900077,886,38,848
104900078,64,784,-720
104900079,67,105,-38
104900080,19,469,-450
104900082,9,230,-221
104900085,0,214,-214
104900087,195,4,191
104900089,19,0,19
104900090,183,215,-32
104900091,267,527,-260
104900093,112,417,-305
104900097,2048,720,1328
104900098,18,37,-19
104900099,264,332,-68
104900100,635,71,564
104900102,13,172,-159
104900103,342,60,282
104900104,2123,519,1604
104900106,8,113,-105
104900107,45,294,-249
104900108,9,187,-178
104900109,43,50,-7
104900110,5,42,-37
104900111,61,63,-2
104900112,76,764,-688
104900113,269,329,-60
104900114,136,555,-419
104900115,178,442,-264
104900116,52,290,-238
104900118,4,50,-46
104900119,0,36,-36
104900120,74,12,62
104900121,0,82,-82
104900122,2,33,-31
104900123,3,2,1
104900124,3,0,3
104900125,210,41,169
104900126,80,55,25
104900127,20,10,10
104900128,39,62,-23
104900129,1815,408,1407
105000001,1241,1362,-121
105000002,1223,1349,-126
105000003,1580,2972,-1392
105000004,239,760,-521
105000005,384,823,-439
105000006,567,996,-429
105000007,457,750,-293
105000008,355,1036,-681
105000009,631,1770,-1139
105000010,2008,1872,136
105000011,997,1286,-289
105000012,2675,2361,314
105000013,410,679,-269
105000014,644,1146,-502
105000015,4016,2784,1232
105000016,1988,1172,816
105000017,1021,713,308
105000018,747,568,179
105000019,948,680,268
105000020,64,266,-202
105000021,209,123,86
105000022,62,21,41
105000023,201,181,20
105000028,32,116,-84
105000029,253,526,-273
105000030,2979,2795,184
105000031,2,23,-21
105000033,703,1798,-1095
105000034,59,349,-290
105000037,397,373,24
105000038,903,679,224
105000039,2412,1445,967
105000040,350,506,-156
105000041,320,1058,-738
105000042,1307,594,713
105000043,1352,1823,-471
105000044,149,201,-52
105000045,215,758,-543
105000046,311,273,38
105000047,278,1235,-957
105000048,233,156,77
105000049,202,718,-516
105000050,214,211,3
105000051,130,504,-374
105000052,147,669,-522
105000053,70,147,-77
105000054,100,721,-621
105000055,205,339,-134
105000056,350,1851,-1501
105000057,605,783,-178
105000058,1269,1220,49
105000059,344,251,93
105000060,358,460,-102
105000061,207,236,-29
105000062,736,831,-95
105000063,165,580,-415
105000064,335,381,-46
105000065,214,917,-703
105000066,463,1709,-1246
105000067,301,298,3
105000068,316,686,-370
105000069,1893,394,1499
105000070,579,676,-97
105000071,130,262,-132
105000072,503,573,-70
105000073,424,248,176
105000074,640,782,-142
105000075,297,549,-252
105000076,863,808,55
105000077,1206,615,591
105000078,929,738,191
105000079,1089,1201,-112
105000080,883,469,414
105000081,511,469,42
105000082,337,220,117
105000083,393,314,79
105000084,241,972,-731
105000085,596,560,36
105000086,435,741,-306
105000087,1546,1354,192
105000088,805,793,12
105000089,2320,1878,442
105000090,697,743,-46
105000091,1568,1501,67
105000092,349,1007,-658
105000093,221,158,63
105000094,201,115,86
105000095,61,319,-258
105000096,562,381,181
105000097,791,414,377
105000098,335,332,3
105000099,459,714,-255
105000100,439,1046,-607
105000101,903,1437,-534
105000102,524,1266,-742
105000103,755,1446,-691
105000104,594,733,-139
105000105,460,1174,-714
105000106,469,898,-429
105000107,463,621,-158
105000108,611,1217,-606
105000109,647,949,-302
105000110,354,547,-193
105000111,289,366,-77
105000112,538,544,-6
105000113,158,340,-182
105000114,2443,534,1909
105000115,128,470,-342
105000116,263,333,-70
105000117,486,1272,-786
105000118,97,292,-195
105000119,236,949,-713
105000120,253,501,-248
105000121,490,767,-277
105000122,131,289,-158
105000123,713,1121,-408
105000124,915,806,109
105000125,410,1273,-863
105000126,1008,1537,-529
105000127,1172,1327,-155
105000128,170,923,-753
105000129,370,224,146
105000130,49,479,-430
105000131,225,251,-26
105000132,283,257,26
105000133,176,832,-656
105000134,179,390,-211
105000135,185,551,-366
105000136,55,257,-202
105000137,171,190,-19
105000138,145,264,-119
105000139,625,935,-310
105000140,123,310,-187
105000141,62,514,-452
105000142,41,316,-275
105000143,95,490,-395
105000144,181,494,-313
105000145,257,309,-52
105000146,354,507,-153
105000147,343,219,124
105000148,646,383,263
105000149,976,707,269
105000150,1638,998,640
105000151,133,147,-14
105000152,95,477,-382
105000153,390,213,177
105000154,514,582,-68
105000155,219,313,-94
105000156,622,624,-2
105000157,906,1288,-382
105000158,1200,585,615
105000159,304,979,-675
105000160,829,399,430
105000161,447,1456,-1009
105000162,243,883,-640
105000163,806,872,-66
105000164,136,232,-96
105000165,1006,2240,-1234
105000166,5414,192,5222
105000167,1799,765,1034
105000168,101,710,-609
105000169,137,375,-238
105000170,31,818,-787
105000171,698,207,491
105000172,22,24,-2
105000173,24,16,8
105000174,21,13,8
105000175,55,121,-66
105000176,31,49,-18
105000177,58,74,-16
105000178,87,457,-370
105000179,51,121,-70
105000180,41,110,-69
105000181,26,383,-357
105000182,31,55,-24
105000183,1709,884,825
105000184,1161,559,602
105000185,791,372,419
105000186,315,837,-522
105000187,373,198,175
105000188,119,74,45
105000189,98,466,-368
105000190,80,245,-165
105000191,210,401,-191
105000192,41,68,-27
105000193,33,97,-64
105000194,141,75,66
105000195,102,1015,-913
105000196,21,43,-22
105000197,85,507,-422
105000198,299,161,138
105000199,106,124,-18
105000200,61,154,-93
105000201,34,12,22
105000203,13,239,-226
105000204,28,79,-51
105000205,68,171,-103
105000207,465,164,301
105000208,189,209,-20
105000209,94,303,-209
105000211,53,9,44
105000212,588,1104,-516
105000213,129,95,34
105000214,35,157,-122
105000215,76,222,-146
105000216,35,314,-279
105000217,80,280,-200
105000218,352,744,-392
105000221,76,196,-120
105000222,40,47,-7
105000223,55,145,-90
105000226,11,254,-243
105000227,10,126,-116
105000228,124,386,-262
105000229,47,180,-133
105000231,82,135,-53
105000233,394,402,-8
105000234,367,918,-551
105000235,101,336,-235
105000237,277,26,251
105000243,13,41,-28
105000248,39,33,6
105000262,86,1384,-1298
105000269,43,93,-50
105000270,113,100,13
105000271,0,284,-284
105000282,43,32,11
105000287,189,66,123
105000288,121,297,-176
105000289,345,405,-60
105000290,2,1,1
105000402,3378,739,2639
105000426,191,383,-192
105000438,287,325,-38
105000440,0,20,-20
105000446,7543,2934,4609
105000447,4446,1659,2787
105000454,65,735,-670
105000455,294,176,118
105000474,2,0,2
105000477,66,285,-219
105000478,606,978,-372
105000479,46,82,-36
105000480,753,1111,-358
105000481,1252,1337,-85
105000482,2912,1903,1009
105000483,651,698,-47
105000484,1526,1965,-439
105000485,621,871,-250
105000486,1948,1507,441
105000488,1458,1648,-190
105000489,347,513,-166
105000549,14,58,-44
105000550,386,831,-445
105000551,7,73,-66
105000552,2476,1376,1100
105000555,542,442,100
105000556,20,31,-11
105000557,24,244,-220
105900001,0,494,-494
105900002,1184,215,969
105900003,11,73,-62
105900004,228,63,165
105900005,1,117,-116
105900006,2,37,-35
105900007,16,20,-4
105900008,18,581,-563
105900009,2,10,-8
105900011,36,31,5
105900012,351,165,186
105900013,2,12,-10
105900014,2,53,-51
105900015,69,216,-147
105900016,59,580,-521
105900017,276,29,247
105900018,108,182,-74
105900019,64,437,-373
105900020,5,55,-50
105900021,7,237,-230
105900022,89,226,-137
105900023,1,91,-90
105900024,5,116,-111
105900025,15,18,-3
105900026,102,15,87
105900027,3020,1855,1165
105900028,18,110,-92
105900029,1283,200,1083
105900030,83,219,-136
105900031,240,122,118
105900032,20,106,-86
105900033,15,87,-72
105900034,59,169,-110
105900035,51,81,-30
105900036,11,86,-75
105900037,31,57,-26
105900038,65,217,-152
105900039,16,157,-141
105900040,25,63,-38
105900041,116,225,-109
105900042,16,70,-54
105900043,1118,27,1091
105900044,1,79,-78
105900045,1,265,-264
105900046,3,81,-78
105900047,6,15,-9
105900048,30,319,-289
105900050,1387,300,1087
105900051,5,904,-899
105900052,172,69,103
105900053,2614,614,2000
105900054,193,133,60
105900056,856,122,734
105900057,10,148,-138
105900058,6,27,-21
105900059,0,19,-19
106000001,1990,695,1295
106000002,1722,2273,-551
106000003,1817,1359,458
106000004,1675,1403,272
106000005,1284,3215,-1931
106000006,4068,2978,1090
106000007,321,379,-58
106000008,284,232,52
106000009,289,242,47
106000010,307,377,-70
106000011,301,788,-487
106000012,398,1163,-765
106000013,783,1399,-616
106000014,1301,1264,37
106000015,600,740,-140
106000016,775,1696,-921
106000017,467,485,-18
106000018,326,482,-156
106000019,155,361,-206
106000020,146,356,-210
106000021,173,419,-246
106000022,169,305,-136
106000023,322,249,73
106000024,250,731,-481
106000025,76,159,-83
106000026,91,357,-266
106000027,473,719,-246
106000028,335,749,-414
106000029,606,1348,-742
106000030,559,169,390
106000034,115,381,-266
106000035,493,598,-105
106000036,219,181,38
106000037,797,1009,-212
106000038,262,60,202
106000039,101,28,73
106000040,99,484,-385
106000041,541,174,367
106000043,321,31,290
106000046,211,39,172
106000047,19,308,-289
106000049,198,66,132
106000050,146,578,-432
106000051,168,232,-64
106000052,38,432,-394
106000053,94,60,34
106000054,212,318,-106
106000055,270,368,-98
106000056,182,471,-289
106000057,137,87,50
106000058,90,139,-49
106000059,83,144,-61
106000060,346,498,-152
106000061,97,160,-63
106000062,125,463,-338
106000063,327,254,73
106000064,19,300,-281
106000065,85,64,21
106000066,36,257,-221
106000067,65,34,31
106000068,28,523,-495
106000069,55,78,-23
106000070,167,575,-408
106000071,231,159,72
106000072,2938,836,2102
106000073,1146,1174,-28
106000074,163,477,-314
106000075,124,614,-490
106000076,641,1082,-441
106000077,1460,816,644
106000078,269,599,-330
106000079,252,639,-387
106000080,405,690,-285
106000081,227,639,-412
106000082,1398,694,704
106000083,171,674,-503
106000084,411,420,-9
106000085,798,713,85
106000086,402,386,16
106000087,288,388,-100
106000088,242,534,-292
106000089,332,344,-12
106000090,162,518,-356
106000091,156,548,-392
106000092,260,181,79
106000093,105,51,54
106000094,46,286,-240
106000095,190,895,-705
106000096,265,554,-289
106000097,374,1109,-735
106000098,201,788,-587
106000099,84,683,-599
106000100,239,255,-16
106000101,344,221,123
106000102,70,444,-374
106000103,152,623,-471
106000104,285,312,-27
106000105,202,761,-559
106000106,254,438,-184
106000107,74,502,-428
106000108,91,250,-159
106000109,48,356,-308
106000110,62,223,-161
106000111,114,539,-425
106000112,73,263,-190
106000113,869,586,283
106000114,309,219,90
106000115,101,492,-391
106000116,82,228,-146
106000117,609,701,-92
106000118,549,681,-132
106000119,1814,788,1026
106000120,491,526,-35
106000121,73,151,-78
106000122,44,214,-170
106000123,96,213,-117
106000124,10,250,-240
106000125,10,267,-257
106000126,92,172,-80
106000127,258,903,-645
106000128,241,247,-6
106000129,169,636,-467
106000130,297,242,55
106000131,66,401,-335
106000132,718,105,613
106000133,3079,528,2551
106000134,420,325,95
106000135,159,707,-548
106000136,281,196,85
106000137,49,1363,-1314
106000138,248,56,192
106000139,8,66,-58
106000140,14,105,-91
106000141,23,123,-100
106000142,14,34,-20
106000143,11,130,-119
106000144,29,36,-7
106000145,59,329,-270
106000146,55,93,-38
106000147,321,513,-192
106000148,525,763,-238
106000149,233,359,-126
106000150,288,1216,-928
106000151,3270,551,2719
106000152,1071,679,392
106000153,63,1005,-942
106000154,1062,156,906
106000155,26,95,-69
106000156,308,205,103
106000157,228,1028,-800
106000158,2464,433,2031
106000159,3496,754,2742
106000160,96,1013,-917
106000161,726,342,384
106000162,78,364,-286
106000163,88,406,-318
106000164,109,172,-63
106000165,75,561,-486
106000166,170,172,-2
106000167,112,1160,-1048
106000168,67,190,-123
106000169,47,617,-570
106000170,144,156,-12
106000171,42,534,-492
106000172,1288,524,764
106000173,459,1659,-1200
106000174,426,177,249
106000175,167,726,-559
106000176,509,400,109
106000177,313,1475,-1162
106000178,1688,881,807
106000179,669,1252,-583
106000180,639,1255,-616
106000181,181,1434,-1253
106000182,281,444,-163
106000183,310,791,-481
106000184,507,763,-256
106000185,414,585,-171
106000186,600,152,448
106000187,115,495,-380
106000188,0,1,-1
106000189,0,39,-39
106000190,2,0,2
106000191,407,142,265
106000192,0,36,-36
106000193,173,98,75
106000194,91,370,-279
106000195,120,52,68
106000196,31,258,-227
106000197,140,181,-41
106000198,86,227,-141
106000199,581,407,174
106000200,261,83,178
106000201,348,640,-292
106000202,4563,360,4203
106000203,163,114,49
106000204,13,2,11
106000205,24,94,-70
106000206,22,11,11
106000207,38,687,-649
106000208,277,48,229
106000209,477,184,293
106000210,113,1003,-890
106000211,201,1308,-1107
106000212,233,76,157
106000213,541,764,-223
106000214,1742,280,1462
106000215,107,345,-238
106000216,167,281,-114
106000217,108,410,-302
106000218,194,173,21
106000219,61,276,-215
106000220,198,195,3
106000221,39,216,-177
106000222,22,152,-130
106000223,29,101,-72
106000224,69,287,-218
106000225,20,46,-26
106000226,71,314,-243
106000228,12,79,-67
106000229,57,633,-576
106000231,177,50,127
106000232,22,359,-337
106000233,192,66,126
106000234,88,155,-67
106000235,91,32,59
106000236,26,33,-7
106000237,0,10,-10
106000238,5,9,-4
106000239,1,56,-55
106000240,6,1,5
106000241,9,510,-501
106000242,108,10,98
106000249,17,24,-7
106000250,20,278,-258
106000251,22,25,-3
106000252,13,90,-77
106000253,3,43,-40
106000254,18,78,-60
106000255,10,72,-62
106000256,52,80,-28
106000257,55,211,-156
106000258,39,20,19
106000259,0,36,-36
106000260,6,8,-2
106000261,1,32,-31
106000262,17,17,0
106000263,2,84,-82
106000264,70,8,62
106000265,1,73,-72
106000266,46,4,42
106000267,3,70,-67
106000268,222,12,210
106000269,50,48,2
106000270,103,275,-172
106000271,18,167,-149
106000272,82,29,53
106000273,5,98,-93
106000274,113,25,88
106000275,46,133,-87
106000276,44,33,11
106000277,71,136,-65
106000278,131,22,109
106000279,0,45,-45
106000280,21,80,-59
106000281,53,59,-6
106000282,38,37,1
106000283,48,78,-30
106000284,20,92,-72
106000285,67,92,-25
106000286,56,108,-52
106000287,59,82,-23
106000288,38,114,-76
106000289,28,63,-35
106000290,52,79,-27
106000291,17,74,-57
106000292,35,118,-83
106000293,32,55,-23
106000294,65,130,-65
106000295,16,26,-10
106000296,33,85,-52
106000297,50,170,-120
106000298,119,24,95
106000299,67,100,-33
106000300,28,57,-29
106000301,35,69,-34
106000303,2,27,-25
106000304,38,20,18
106000305,19,17,2
106000306,41,48,-7
106000307,7,5,2
106000308,37,111,-74
106000309,11,44,-33
106000310,73,388,-315
106000311,154,73,81
106000312,36,146,-110
106000313,62,168,-106
106000318,98,128,-30
106000319,294,22,272
106000320,2,15,-13
106000321,128,39,89
106000322,48,186,-138
106000324,1,128,-127
106000325,519,706,-187
106000326,465,1358,-893
106000327,41,168,-127
106000328,1,62,-61
106000329,26,195,-169
106000330,26,43,-17
106000428,32,124,-92
106000429,67,455,-388
106000430,185,1275,-1090
106000431,400,205,195
106000432,913,1941,-1028
106000433,618,441,177
106000434,1315,469,846
106000435,1542,1833,-291
106000436,15,244,-229
106000437,94,19,75
106000438,214,41,173
106000439,69,300,-231
106000440,106,388,-282
106000441,1,0,1
106000442,86,0,86
106000443,39,543,-504
106000450,3,126,-123
106000451,17,11,6
106000454,1,54,-53
106000455,5,134,-129
106000456,57,10,47
106000457,5,856,-851
106000458,144,102,42
106000459,16,337,-321
106000460,189,12,177
106000461,10,1505,-1495
106000462,0,5,-5
106000463,4,21,-17
106000464,2,486,-484
106000465,105,0,105
106000466,1,460,-459
106000467,373,356,17
106000468,25,135,-110
106000469,143,0,143
106000470,119,796,-677
106000471,18,436,-418
106000472,31,7,24
106000473,15,12,3
106000474,181,716,-535
106000475,155,124,31
106000476,159,126,33
106000477,29,208,-179
106000480,0,40,-40
106900001,1,3,-2
106900002,2,453,-451
106900003,146,444,-298
106900004,1,39,-38
106900006,0,18,-18
106900007,0,11,-11
106900008,55,217,-162
106900009,86,303,-217
106900010,42,251,-209
106900012,1191,526,665
106900013,137,22,115
106900014,13,0,13
106900015,3,1,2
106900016,27,0,27
106900017,2,0,2
106900018,2,0,2
106900019,10,2,8
106900020,1889,281,1608
106900021,10,26,-16
106900022,55,0,55
106900023,4,228,-224
106900024,102,7,95
106900025,34,421,-387
106900026,5,713,-708
106900027,109,2,107
107000001,1291,959,332
107000002,1849,2632,-783
107000003,2435,2928,-493
107000004,3923,4460,-537
107000005,913,2020,-1107
107000006,2016,4961,-2945
107000007,3158,2900,258
107000008,14567,8885,5682
107000009,2695,2790,-95
107000010,7532,8864,-1332
107000011,631,1037,-406
107000012,2556,2733,-177
107000013,47,181,-134
107000014,8,222,-214
107000015,249,815,-566
107000016,186,1019,-833
107000017,1207,553,654
107000018,3,153,-150
107000020,710,228,482
107000021,454,794,-340
107000022,390,1253,-863
107000023,720,401,319
107000024,230,1784,-1554
107000025,91,265,-174
107000026,77,601,-524
107000027,703,575,128
107000028,710,1371,-661
107000029,853,856,-3
107000030,2457,2614,-157
107000031,1315,944,371
107000032,136,613,-477
107000033,3127,2535,592
107000034,3948,1413,2535
107000035,224,122,102
107000036,294,605,-311
107000037,37,469,-432
107000038,190,229,-39
107000039,281,326,-45
107000040,73,245,-172
107000041,736,361,375
107000042,425,1108,-683
107000043,1902,466,1436
107000044,376,329,47
107000045,62,263,-201
107000046,265,199,66
107000047,157,726,-569
107000048,190,193,-3
107000049,272,477,-205
107000050,394,330,64
107000051,288,184,104
107000052,561,361,200
107000053,171,80,91
107000054,30,163,-133
107000055,216,119,97
107000056,344,543,-199
107000057,1498,257,1241
107000058,1054,1087,-33
107000059,1129,2002,-873
107000060,1685,2723,-1038
107000061,3619,2835,784
107000062,1215,1779,-564
107000063,2066,4203,-2137
107000064,1361,1211,150
107000065,2098,4591,-2493
107000066,840,1204,-364
107000067,421,732,-311
107000068,880,434,446
107000069,209,235,-26
107000070,195,51,144
107000071,540,13,527
107000072,29,2617,-2588
107000073,110,69,41
107000074,65,616,-551
107000075,451,94,357
107000076,505,1485,-980
107000077,995,180,815
107000078,970,2394,-1424
107000079,708,226,482
107000080,651,2406,-1755
107000081,414,349,65
107000082,233,2343,-2110
107000083,399,164,235
107000084,256,2021,-1765
107000085,1846,2123,-277
107000086,2641,1896,745
107000087,1453,1298,155
107000088,1638,2192,-554
107000089,853,1184,-331
107000090,592,889,-297
107000091,547,766,-219
107000092,400,904,-504
107000093,470,575,-105
107000094,451,1050,-599
107000095,193,456,-263
107000096,387,716,-329
107000097,256,250,6
107000098,201,658,-457
107000099,187,152,35
107000100,165,255,-90
107000101,22,86,-64
107000102,305,327,-22
107000103,205,107,98
107000104,137,234,-97
107000105,168,93,75
107000106,62,225,-163
107000107,235,107,128
107000108,79,793,-714
107000109,151,70,81
107000110,39,414,-375
107000111,58,22,36
107000112,10,278,-268
107000113,169,72,97
107000114,55,602,-547
107000115,112,46,66
107000116,31,791,-760
107000117,70,137,-67
107000118,69,177,-108
107000119,1091,556,535
107000120,1960,267,1693
107000121,195,373,-178
107000122,426,559,-133
107000123,96,583,-487
107000124,210,607,-397
107000125,231,590,-359
107000126,289,915,-626
107000129,48,859,-811
107000130,106,104,2
107000131,137,605,-468
107000132,185,188,-3
107000133,188,58,130
107000134,77,2,75
107000135,2,164,-162
107000136,154,1,153
107000137,15,261,-246
107000138,142,9,133
107000139,7,216,-209
107000140,290,24,266
107000141,87,636,-549
107000142,187,15,172
107000143,28,696,-668
107000144,128,88,40
107000145,81,470,-389
107000146,124,80,44
107000147,3218,726,2492
107000150,715,789,-74
107000151,17,16,1
107000152,357,240,117
107000153,304,180,124
107000154,154,48,106
107000155,320,10,310
107000156,345,12,333
107000157,14,2340,-2326
107000158,162,5,157
107000159,43,1283,-1240
107000160,224,48,176
107000161,37,1653,-1616
107000162,72,138,-66
107000163,6,1,5
107000164,65,0,65
107000165,156,0,156
107000166,28,1130,-1102
107000167,169,252,-83
107000168,373,178,195
107000169,632,801,-169
107000170,384,273,111
107000171,262,2382,-2120
107000172,370,393,-23
107000173,682,895,-213
107000174,632,1036,-404
107000175,8420,1100,7320
107000176,0,0,0
107000177,0,0,0
107000178,0,28,-28
107000179,110,2520,-2410
107000180,322,220,102
107000181,96,1051,-955
107000182,456,465,-9
107000183,53,811,-758
107000184,216,496,-280
107000185,74,1065,-991
107000186,152,193,-41
107000187,691,722,-31
107000188,279,222,57
107000189,149,541,-392
107000190,181,424,-243
107000191,371,917,-546
107000192,665,747,-82
107000193,220,233,-13
107000194,490,534,-44
107000197,194,155,39
107000198,94,607,-513
107000199,410,639,-229
107000200,645,283,362
107000201,189,185,4
107000202,99,356,-257
107000203,431,366,65
107000204,494,458,36
107000205,1909,884,1025
107000206,493,510,-17
107000207,532,537,-5
107000208,887,159,728
107000209,1562,262,1300
107000210,988,124,864
107000211,6,23,-17
107000212,7,147,-140
107000213,12,10,2
107000214,15,75,-60
107000215,126,344,-218
107000216,77,373,-296
107000217,38,95,-57
107000219,39,106,-67
107000220,45,254,-209
107000222,202,525,-323
107000224,153,12,141
107000225,110,557,-447
107000226,117,41,76
107000227,41,346,-305
107000228,52,114,-62
107000229,134,56,78
107000230,659,412,247
107000231,493,209,284
107000232,34,37,-3
107000233,375,175,200
107000234,0,9,-9
107000235,17,6,11
107000236,18,198,-180
107000237,2,0,2
107000238,3,2,1
107000239,4524,186,4338
107000240,41,969,-928
107000243,0,21,-21
107000244,10,48,-38
107000246,3,922,-919
107000249,1,612,-611
107000251,1,287,-286
107000252,4,1185,-1181
107000255,484,80,404
107000257,3,646,-643
107000258,0,100,-100
107000259,0,160,-160
107000260,142,1,141
107000262,2,727,-725
107000263,53,0,53
107000266,4,7,-3
107000267,25,189,-164
107000268,91,153,-62
107000269,87,29,58
107000270,0,5,-5
107000271,7,774,-767
107000272,2,210,-208
107000273,2,183,-181
107000274,210,23,187
107000275,54,566,-512
107000280,159,20,139
107000281,12,1035,-1023
107000282,9,1447,-1438
107000290,1,53,-52
107000291,7,6,1
107000292,3,39,-36
107000293,19,3,16
107000294,0,23,-23
107000295,12,1,11
107000296,0,4,-4
107000444,132,1,131
107000496,0,19,-19
107000497,784,2759,-1975
107000500,161,285,-124
107000501,40,148,-108
107000502,67,329,-262
107000505,397,557,-160
107000506,0,5,-5
107000508,3,743,-740
107000509,121,229,-108
107000510,19,26,-7
107000514,15,198,-183
107000515,8,283,-275
107000516,47,118,-71
107000518,237,167,70
107000519,2593,876,1717
107000520,57,8,49
107000521,167,399,-232
107000522,225,563,-338
107900001,7,207,-200
107900002,16,0,16
107900003,38,1,37
107900004,7,2,5
107900005,182,0,182
107900006,10,0,10
107900007,70,8,62
107900008,19,34,-15
107900009,35,1,34
107900010,2,2,0
107900012,76,5,71
107900013,117,42,75
107900014,3,0,3
107900015,148,0,148
107900016,290,94,196
107900017,4,0,4
107900018,13,25,-12
107900019,1,58,-57
107900020,50,4,46
107900021,12,115,-103
107900023,1,1,0
107900024,1,37,-36
107900025,127,261,-134
107900026,13,102,-89
107900027,5,59,-54
107900028,7,50,-43
107900030,70,5,65
107900031,15,159,-144
107900032,0,0,0
107900033,4,0,4
107900034,74,3,71
107900035,166,4,162
107900036,14,1,13
107900037,0,44,-44
107900038,89,40,49
107900039,3,53,-50
107900040,33,43,-10
107900041,0,0,0
107900043,7,90,-83
107900044,2,1,1
107900045,18,11,7
107900046,91,18,73
107900047,34,73,-39
107900048,15,0,15
107900049,156,155,1
107900050,82,241,-159
107900051,20,58,-38
107900052,0,2,-2
107900053,8,54,-46
107900055,109,67,42
107900056,23,7,16
107900057,0,0,0
107900058,17,512,-495
107900060,4,30,-26
107900061,20,1,19
107900063,29,67,-38
107900064,103,11,92
107900065,28,3,25
107900066,0,3,-3
107900067,0,0,0
107900068,66,209,-143
107900069,45,271,-226
107900070,12,10,2
107900071,4,655,-651
107900072,36,141,-105
107900073,15,75,-60
107900074,688,59,629
107900076,55,36,19
107900077,17,0,17
107900079,5,6,-1
107900080,126,88,38
107900081,5,47,-42
107900082,20,12,8
107900083,77,44,33
107900084,20,44,-24
107900086,21,45,-24
107900087,81,18,63
107900088,4,4,0
107900089,181,587,-406
107900090,208,317,-109
107900091,80,293,-213
107900093,30,41,-11
107900095,2215,674,1541
107900097,10,28,-18
107900098,20,83,-63
107900100,663,278,385
107900101,681,72,609
107900102,6,1,5
107900103,19,117,-98
107900104,49,2,47
107900105,1,338,-337
107900106,4,1317,-1313
107900107,789,75,714
107900108,187,35,152
107900109,148,0,148
107900110,4,81,-77
107900111,13,1010,-997
107900112,88,151,-63
107900113,46,86,-40
107900114,41,217,-176
107900115,1,34,-33
107900116,31,191,-160
107900117,160,275,-115
107900118,38,89,-51
107900119,9,29,-20
107900120,10,1,9
107900121,0,90,-90
107900122,1,38,-37
107900123,0,2,-2
107900124,5,36,-31
107900125,16,141,-125
107900126,0,15,-15
107900127,330,30,300
107900128,54,28,26
107900129,14,39,-25
107900130,8,6,2
107900131,106,20,86
107900132,53,307,-254
107900133,0,36,-36
107900134,10,7,3
107900135,0,147,-147
107900136,29,13,16
107900137,36,43,-7
107900138,3,19,-16
107900139,2,11,-9
107900141,39,5,34
107900142,31,732,-701
107900143,30,18,12
107900144,1,83,-82
107900145,8,74,-66
107900146,19,66,-47
107900147,9,13,-4
107900148,73,103,-30
107900149,1277,64,1213
107900150,36,536,-500
107900151,0,64,-64
107900152,5,159,-154
107900153,52,96,-44
107900154,11,5,6
107900155,9,22,-13
107900156,2,340,-338
107900157,28,68,-40
107900158,132,3,129
107900159,21,821,-800
107900160,9,93,-84
107900161,4,204,-200
107900162,0,44,-44
107900163,11,35,-24
107900164,1,9,-8
107900165,34,27,7
107900166,10,186,-176
107900167,3,4,-1
107900168,10,56,-46
107900169,0,149,-149
107900171,5,1323,-1318
107900172,1,264,-263
107900173,1,163,-162
107900174,20,2,18
107900175,2,7,-5
107900176,6,31,-25
107900177,0,17,-17
107900178,0,271,-271
107900179,2,107,-105
107900180,789,133,656
107900181,173,283,-110
107900182,2,1199,-1197
107900183,4,243,-239
107900184,24,213,-189
107900185,8,3,5
107900186,11,22,-11
107900187,0,73,-73
107900188,558,31,527
107900189,2,86,-84
107900190,97,25,72
107900191,11,118,-107
107900193,1,20,-19
107900194,23,2,21
107900195,2881,220,2661
107900196,21,31,-10
107900197,247,36,211
107900199,1,1001,-1000
107900201,23,108,-85
107900203,32,47,-15
107900204,149,113,36
107900206,134,116,18
107900207,0,613,-613
107900208,1,669,-668
107900209,184,65,119
107900210,37,87,-50
107900213,75,200,-125
107900214,4,136,-132
107900215,88,167,-79
107900216,15,30,-15
107900217,9,35,-26
107900218,12,1326,-1314
107900219,5,115,-110
107900220,87,39,48
107900221,94,211,-117
107900223,29,500,-471
107900224,71,218,-147
107900225,1,623,-622
107900226,7,69,-62
107900227,39,374,-335
107900228,4,68,-64
107900229,1,219,-218
107900230,1,103,-102
107900231,2,164,-162
107900232,11,224,-213
107900233,5,71,-66
107900234,23,132,-109
107900235,8,62,-54
107900236,42,68,-26
107900237,64,290,-226
107900238,20,94,-74
107900239,1008,242,766
107900240,1,120,-119
107900241,3,61,-58
107900242,7,299,-292
107900243,2,21,-19
107900244,126,1,125
107900245,84,23,61
107900246,30,6,24
107900248,71,364,-293
107900249,100,2,98
107900250,0,401,-401
107900251,7,737,-730
107900252,168,2,166
107900253,15,0,15
107900254,30,78,-48
107900255,355,42,313
107900256,158,371,-213
107900257,31,10,21
107900258,21,170,-149
107900259,70,354,-284
107900261,1,377,-376
107900262,25,91,-66
107900264,45,1,44
107900265,29,146,-117
107900267,22,7,15
107900268,57,7,50
107900269,0,9,-9
107900270,1,0,1
107900271,0,3,-3
107900272,126,29,97
107900273,17,57,-40
107900274,20,1,19
107900275,4,2,2
107900276,1,32,-31
107900277,0,178,-178
107900278,71,341,-270
107900279,106,27,79
107900280,1314,599,715
107900281,2631,448,2183
107900282,27,107,-80
107900283,1027,214,813
107900284,39,668,-629
107900285,26,109,-83
107900286,48,43,5
107900287,43,53,-10
107900290,1,44,-43
107900291,108,4,104
107900292,38,223,-185
107900293,38,383,-345
107900295,21,109,-88
107900297,3,134,-131
107900298,392,624,-232
107900299,2673,582,2091
107900301,245,139,106
107900302,46,4,42
107900303,14,170,-156
107900304,57,343,-286
107900305,89,3,86
107900306,9,4,5
107900307,12,269,-257
107900308,94,6,88
107900309,6,1,5
107900310,0,0,0
107900311,62,56,6
107900312,1,0,1
107900313,0,57,-57
107900314,1,30,-29
107900315,0,35,-35
107900316,5,0,5
107900317,16,1,15
107900318,1,69,-68
107900319,2,191,-189
107900320,1,113,-112
107900321,39,1,38
107900322,0,166,-166
107900323,3,80,-77
107900324,60,1,59
107900325,11,0,11
107900326,106,336,-230
107900327,0,0,0
107900328,0,0,0
107900329,0,0,0
107900330,1,376,-375
107900331,33,22,11
107900332,47,31,16
107900333,22,5,17
107900334,0,189,-189
107900335,47,53,-6
107900336,8,25,-17
107900337,987,254,733
107900338,2,81,-79
107900339,2,18,-16
107900340,0,31,-31
107900341,11,1,10
107900342,44,47,-3
107900343,2,1,1
107900344,2,62,-60
107900345,34,16,18
107900346,3,2,1
107900347,3,0,3
107900348,0,3,-3
107900349,4,2,2
107900350,31,223,-192
107900351,2,182,-180
107900352,1,38,-37
107900353,2,3,-1
107900354,1,40,-39
108000001,1490,1606,-116
108000002,1831,2509,-678
108000003,1660,963,697
108000004,11983,11042,941
108000005,2415,1703,712
108000006,2879,4027,-1148
108000007,2298,1950,348
108000008,3275,4181,-906
108000009,1121,1794,-673
108000010,1414,3886,-2472
108000011,5593,4422,1171
108000012,12055,11550,505
108000014,360,322,38
108000015,265,187,78
108000016,117,551,-434
108000017,284,246,38
108000018,552,268,284
108000019,694,377,317
108000020,483,230,253
108000021,240,1232,-992
108000022,306,1000,-694
108000023,404,95,309
108000024,77,533,-456
108000025,76,129,-53
108000026,187,457,-270
108000027,169,536,-367
108000028,94,248,-154
108000029,118,775,-657
108000030,135,105,30
108000031,66,424,-358
108000032,421,254,167
108000033,287,973,-686
108000034,617,234,383
108000035,446,1972,-1526
108000036,164,1028,-864
108000037,586,151,435
108000038,765,162,603
108000039,201,1794,-1593
108000040,578,341,237
108000041,557,1965,-1408
108000042,61,205,-144
108000043,117,207,-90
108000044,104,125,-21
108000045,64,605,-541
108000046,458,110,348
108000047,148,869,-721
108000048,52,364,-312
108000049,125,94,31
108000050,76,575,-499
108000051,107,59,48
108000052,192,545,-353
108000053,106,86,20
108000054,279,591,-312
108000055,526,205,321
108000056,963,795,168
108000057,313,372,-59
108000058,1270,1170,100
108000059,2299,1172,1127
108000060,56,311,-255
108000061,180,471,-291
108000062,215,207,8
108000063,133,502,-369
108000064,85,192,-107
108000065,295,408,-113
108000066,784,386,398
108000067,545,193,352
108000068,244,220,24
108000069,113,868,-755
108000070,543,349,194
108000071,296,1472,-1176
108000072,467,494,-27
108000073,731,1352,-621
108000074,131,222,-91
108000075,154,535,-381
108000076,277,233,44
108000077,398,612,-214
108000078,872,636,236
108000079,713,1389,-676
108000080,400,316,84
108000081,244,2443,-2199
108000082,734,1018,-284
108000083,888,396,492
108000084,177,839,-662
108000085,180,136,44
108000086,551,508,43
108000087,101,726,-625
108000088,220,92,128
108000089,84,191,-107
108000091,69,348,-279
108000092,45,55,-10
108000093,68,646,-578
108000094,159,83,76
108000095,50,375,-325
108000096,79,103,-24
108000097,58,394,-336
108000098,374,1046,-672
108000099,354,217,137
108000100,28,265,-237
108000101,309,542,-233
108000102,574,979,-405
108000106,384,1,383
108000107,1,478,-477
108000108,178,11,167
108000109,8,502,-494
108000110,48,149,-101
108000111,84,473,-389
108000112,24,59,-35
108000113,403,205,198
108000115,327,249,78
108000117,492,118,374
108000118,263,409,-146
108000119,449,376,73
108000120,75,344,-269
108000121,68,433,-365
108000122,91,179,-88
108000123,218,234,-16
108000124,109,482,-373
108000125,54,386,-332
108000126,58,643,-585
108000127,84,361,-277
108000128,132,704,-572
108000129,82,1387,-1305
108000130,67,359,-292
108000131,316,92,224
108000132,956,923,33
108000133,247,199,48
108000134,552,741,-189
108000135,271,129,142
108000136,599,1083,-484
108000137,79,275,-196
108000138,137,877,-740
108000139,49,264,-215
108000140,12,24,-12
108000141,7,127,-120
108000142,23,85,-62
108000143,14,442,-428
108000144,71,40,31
108000145,5,10,-5
108000146,92,20,72
108000147,4,17,-13
108000148,108,29,79
108000149,4,20,-16
108000150,2,0,2
108000151,152,27,125
108000152,53,564,-511
108000153,50,51,-1
108000154,31,8,23
108000155,10,8,2
108000156,508,348,160
108000157,29,230,-201
108000158,25,216,-191
108000159,475,85,390
108000160,3697,365,3332
108000161,3201,569,2632
108000165,2,63,-61
108000172,7,72,-65
108000173,2002,551,1451
108000175,117,51,66
108000178,297,320,-23
108000179,158,327,-169
108000181,56,35,21
108000182,136,45,91
108000183,14,268,-254
108000184,875,673,202
108000185,36,630,-594
108000186,60,448,-388
108000187,30,781,-751
108000188,76,163,-87
108000189,1125,1254,-129
108000190,14,53,-39
108000192,26,488,-462
108000193,425,25,400
108000194,11,7,4
108000195,2,733,-731
108000196,28,49,-21
108000198,212,322,-110
108000199,0,98,-98
108000200,104,508,-404
108000203,47,828,-781
108000204,35,16,19
108000205,528,417,111
108000339,1019,171,848
108000364,268,307,-39
108000365,32,287,-255
108000367,68,195,-127
108000368,8,35,-27
108000369,1136,42,1094
108000371,2,465,-463
108000372,135,6,129
108000373,74,178,-104
108000376,45,16,29
108000377,168,278,-110
108000378,6052,4217,1835
108000379,6,97,-91
108000381,16,8,8
108000382,115,6,109
108000383,0,122,-122
108900001,123,951,-828
108900002,147,22,125
108900003,187,786,-599
108900004,962,125,837
108900007,31,81,-50
108900008,7,90,-83
108900009,14,56,-42
108900010,32,125,-93
108900011,99,237,-138
108900012,75,348,-273
108900013,13,172,-159
108900014,0,35,-35
108900015,0,4,-4
108900016,1,115,-114
108900017,50,104,-54
108900018,37,396,-359
108900019,6,898,-892
108900020,7,209,-202
108900021,48,235,-187
108900022,3,0,3
108900023,0,18,-18
108900024,2,123,-121
108900025,14,52,-38
108900026,13,49,-36
108900027,0,101,-101
108900028,18,383,-365
108900029,5,184,-179
108900030,0,120,-120
108900031,20,521,-501
108900032,3,219,-216
108900033,1,50,-49
108900034,0,219,-219
108900035,77,1893,-1816
108900038,1,269,-268
108900039,0,528,-528
108900040,4,57,-53
108900041,4023,994,3029
108900042,0,168,-168
108900043,10,354,-344
108900044,1,646,-645
108900045,9,540,-531
108900046,26,837,-811
108900047,0,65,-65
108900048,14,696,-682
108900049,3696,360,3336
108900050,2,255,-253
108900051,0,165,-165
108900052,8,167,-159
108900053,45,72,-27
108900054,22,184,-162
108900055,40,378,-338
108900056,0,134,-134
108900057,0,176,-176
108900058,9,428,-419
108900059,67,1,66
108900060,17,55,-38
108900061,18,22,-4
108900062,1,322,-321
108900063,1,329,-328
108900064,13,77,-64
108900065,3,294,-291
108900066,87,43,44
108900067,7,179,-172
108900068,4,160,-156
108900069,13,123,-110
108900070,16,145,-129
108900071,4,35,-31
108900072,1736,83,1653
108900073,14,479,-465
108900074,29,384,-355
108900075,32,68,-36
108900076,48,30,18
108900077,107,552,-445
108900078,7,149,-142
108900079,579,155,424
108900080,15,143,-128
108900081,44,203,-159
108900082,9,82,-73
108900083,3,63,-60
108900085,1642,79,1563
108900086,12,264,-252
108900087,68,119,-51
108900088,255,112,143
108900089,1,32,-31
108900090,4,279,-275
108900091,64,58,6
108900092,115,115,0
108900093,19,22,-3
108900094,81,36,45
108900095,42,587,-545
108900096,421,11,410
108900097,96,133,-37
108900098,2421,121,2300
108900099,128,227,-99
108900100,10,65,-55
108900101,51,37,14
108900102,118,261,-143
108900103,22,21,1
108900105,2,200,-198
108900106,90,422,-332
108900108,51,12,39
108900109,69,19,50
108900110,40,352,-312
108900111,75,514,-439
108900113,20,7,13
108900114,18,8,10
108900115,20,36,-16
108900116,3,3,0
108900117,21,8,13
108900118,88,4,84
108900119,41,28,13
108900120,55,43,12
108900121,71,10,61
108900122,15,26,-11
108900123,50,12,38
108900124,103,41,62
108900125,42,1,41
108900126,19,0,19
108900127,34,9,25
108900128,13,2,11
108900129,199,43,156
108900130,68,0,68
108900131,89,0,89
108900132,119,32,87
108900133,60,14,46
108900134,21,145,-124
108900135,26,0,26
108900136,1,0,1
108900137,19,0,19
108900138,95,4,91
108900140,43,175,-132
108900141,44,8,36
108900142,12,0,12
108900143,4,0,4
108900144,8,0,8
108900145,31,1,30
108900146,10,0,10
108900147,29,0,29
108900148,26,8,18
108900150,113,11,102
108900151,26,1,25
108900152,8,5,3
108900153,32,377,-345
108900154,1250,160,1090
108900156,14,4,10
108900157,1,541,-540
108900158,36,13,23
108900159,2,285,-283
108900160,0,185,-185
108900161,2,430,-428
108900162,23,0,23
108900163,2,66,-64
108900164,12,67,-55
108900168,8204,891,7313
108900169,9,59,-50
108900171,4587,645,3942
108900172,58,10,48
108900173,128,172,-44
108900174,117,224,-107
108900176,62,543,-481
108900177,6611,905,5706
108900178,3862,593,3269
108900180,29,53,-24
108900183,156,98,58
108900184,88,51,37
108900185,9,234,-225
108900186,12,228,-216
108900189,53,58,-5
108900190,21,2134,-2113
108900192,16,252,-236
108900195,33,292,-259
108900196,2,368,-366
108900199,62,193,-131
108900200,115,163,-48
108900201,81,714,-633
108900203,71,4,67
108900204,71,3,68
108900205,57,5,52
108900206,62,8,54
108900207,65,16,49
108900208,23,306,-283
108900209,143,432,-289
108900210,88,121,-33
108900211,56,131,-75
108900212,339,389,-50
108900215,59,545,-486
108900216,198,36,162
108900217,22,0,22
108900218,40,4,36
108900221,25,26,-1
108900224,12,48,-36
108900225,0,103,-103
108900227,51,57,-6
108900230,298,241,57
108900232,1,351,-350
108900233,62,26,36
108900234,97,29,68
108900235,79,461,-382
108900236,13,272,-259
108900240,9,25,-16
108900241,6,2,4
108900245,1,266,-265
108900250,104,64,40
108900258,9,205,-196
108900259,19,58,-39
108900260,5,92,-87
108900261,72,79,-7
108900262,243,59,184
108900263,21,219,-198
108900264,217,113,104
108900265,1118,139,979
108900266,796,97,699
108900267,0,37,-37
108900268,5,8,-3
108900269,13,0,13
108900270,16,3,13
108900271,5,1,4
108900272,24,0,24
108900273,693,170,523
108900274,11,36,-25
109000001,1726,616,1110
109000002,2395,962,1433
109000003,1031,350,681
109000004,377,2276,-1899
109000005,706,499,207
109000006,416,1657,-1241
109000007,484,369,115
109000008,254,1576,-1322
109000009,1699,521,1178
109000010,954,2894,-1940
109000011,1121,924,197
109000012,984,3181,-2197
109000013,1296,925,371
109000014,928,2993,-2065
109000015,1857,2185,-328
109000016,7065,3239,3826
109000017,1027,670,357
109000018,493,2673,-2180
109000019,1112,593,519
109000020,938,1837,-899
109000023,128,13,115
109000024,5,175,-170
109000025,236,208,28
109000026,418,205,213
109000027,50,185,-135
109000028,40,60,-20
109000029,87,58,29
109000030,31,401,-370
109000031,36,43,-7
109000032,22,349,-327
109000033,95,56,39
109000034,32,14,18
109000035,12,29,-17
109000036,50,246,-196
109000037,108,351,-243
109000038,394,178,216
109000039,326,180,146
109000040,3400,1509,1891
109000041,3920,639,3281
109000042,519,641,-122
109000044,118,40,78
109000045,27,443,-416
109000046,69,46,23
109000047,20,367,-347
109000048,347,62,285
109000049,142,360,-218
109000050,160,112,48
109000051,212,232,-20
109000052,217,1454,-1237
109000053,45,75,-30
109000054,59,500,-441
109000055,15,119,-104
109000056,71,490,-419
109000057,116,127,-11
109000058,724,175,549
109000059,359,871,-512
109000060,176,141,35
109000061,1147,302,845
109000062,68,109,-41
109000063,138,158,-20
109000064,30,150,-120
109000065,49,283,-234
109000066,62,72,-10
109000067,23,318,-295
109000068,118,0,118
109000069,259,5,254
109000070,0,590,-590
109000071,152,61,91
109000072,53,264,-211
109000073,13,39,-26
109000074,19,157,-138
109000075,38,354,-316
109000076,71,92,-21
109000077,298,224,74
109000078,18,73,-55
109000079,112,197,-85
109000080,63,112,-49
109000081,29,483,-454
109000082,121,285,-164
109000083,109,784,-675
109000088,45,271,-226
109000089,55,9,46
109000090,158,405,-247
109000091,135,25,110
109000092,260,533,-273
109000093,123,37,86
109000094,56,0,56
109000095,46,670,-624
109000096,167,76,91
109000097,65,81,-16
109000098,26,52,-26
109000099,342,169,173
109000100,120,546,-426
109000101,367,537,-170
109000102,183,706,-523
109000103,161,466,-305
109000104,506,415,91
109000105,222,1217,-995
109000106,775,362,413
109000107,188,1458,-1270
109000108,437,287,150
109000109,263,1512,-1249
109000110,553,245,308
109000111,631,1771,-1140
109000112,208,125,83
109000113,74,139,-65
109000114,56,493,-437
109000115,590,88,502
109000116,6,145,-139
109000117,39,91,-52
109000118,11,289,-278
109000119,221,195,26
109000120,62,1003,-941
109000121,90,54,36
109000122,58,949,-891
109000123,14,91,-77
109000124,232,246,-14
109000125,240,278,-38
109000126,160,799,-639
109000127,287,191,96
109000128,227,2071,-1844
109000129,595,218,377
109000130,313,2133,-1820
109000131,305,130,175
109000132,411,1242,-831
109000133,259,632,-373
109000134,360,1094,-734
109000135,505,846,-341
109000136,120,298,-178
109000137,66,229,-163
109000138,119,337,-218
109000139,132,298,-166
109000140,47,369,-322
109000141,123,411,-288
109000142,77,409,-332
109000143,52,30,22
109000145,45,73,-28
109000146,123,59,64
109000148,2852,381,2471
109000149,20,21,-1
109000150,117,118,-1
109000155,168,301,-133
109000156,641,748,-107
109000158,12,152,-140
109000159,15,480,-465
109000160,226,186,40
109000161,156,1254,-1098
109000162,619,794,-175
109000163,382,1378,-996
109000164,479,1757,-1278
109000165,411,559,-148
109000166,144,111,33
109000167,62,710,-648
109000170,21,31,-10
109000171,59,29,30
109000172,29,43,-14
109000173,37,25,12
109000174,24,50,-26
109000175,15,107,-92
109000176,98,253,-155
109000177,13,129,-116
109000178,160,314,-154
109000179,5758,1238,4520
109000180,3671,2286,1385
109000181,8,36,-28
109000182,9,48,-39
109000183,10,35,-25
109000184,18,24,-6
109000185,12,98,-86
109000188,260,2034,-1774
109000189,842,685,157
109000190,155,418,-263
109000191,144,533,-389
109000192,81,154,-73
109000193,58,398,-340
109000194,46,96,-50
109000195,52,311,-259
109000196,88,74,14
109000197,59,425,-366
109000198,68,44,24
109000199,51,330,-279
109000206,81,39,42
109000207,44,35,9
109000208,51,37,14
109000209,74,68,6
109000210,135,416,-281
109000211,98,266,-168
109000214,145,581,-436
109000215,30,49,-19
109000216,68,74,-6
109000217,101,54,47
109000218,54,62,-8
109000221,107,739,-632
109000222,205,39,166
109000223,106,122,-16
109000224,15,249,-234
109000225,37,27,10
109000226,32,220,-188
109000227,293,1098,-805
109000228,0,209,-209
109000231,3,316,-313
109000232,70,386,-316
109000236,81,586,-505
109000241,533,1188,-655
109000242,432,838,-406
109000293,7,13,-6
109000361,70,158,-88
109000364,121,506,-385
109000396,3,759,-756
109000397,83,2,81
109000399,85,402,-317
109000400,27,368,-341
109000403,25,121,-96
109000406,143,44,99
109000407,74,184,-110
109000408,2,502,-500
109000410,396,103,293
109000411,17,22,-5
109900001,39,0,39
109900002,162,6,156
109900003,28,0,28
109900004,370,160,210
109900005,8,7,1
109900006,113,177,-64
109900007,145,714,-569
109900008,0,33,-33
109900009,43,780,-737
109900010,139,4,135
109900011,15,10,5
109900012,88,87,1
109900013,108,41,67
109900014,68,30,38
109900015,139,23,116
109900016,37,30,7
109900017,15,39,-24
109900018,40,78,-38
109900019,28,42,-14
109900020,1,22,-21
109900021,5,2,3
109900022,65,288,-223
109900023,9,0,9
109900024,6,1,5
109900025,4,51,-47
109900026,1,114,-113
109900027,18,1,17
109900028,1909,208,1701
109900029,1,413,-412
109900030,4,0,4
109900031,0,34,-34
109900032,5,193,-188
109900033,0,292,-292
109900034,9,0,9
109900035,5,17,-12
109900036,25,67,-42
109900037,10,391,-381
109900038,9,173,-164
109900039,1,0,1
109900040,12,536,-524
109900041,16,406,-390
109900042,8,407,-399
109900044,15,229,-214
109900045,18,29,-11
109900046,61,50,11
109900047,247,274,-27
109900048,0,55,-55
109900049,3,8,-5
109900050,0,228,-228
109900051,0,49,-49
109900052,15,167,-152
109900053,4,378,-374
109900054,111,69,42
109900055,13,159,-146
109900056,10,50,-40
109900057,4,213,-209
109900058,0,79,-79
109900059,125,48,77
109900060,124,113,11
109900061,48,263,-215
109900062,2,174,-172
109900063,0,204,-204
109900064,119,111,8
109900065,62,77,-15
109900066,160,674,-514
109900067,0,317,-317
109900068,7,1,6
109900069,1,22,-21
109900070,44,226,-182
109900071,1,17,-16
109900072,1,104,-103
109900073,41,475,-434
109900074,2,43,-41
109900075,3,4,-1
109900076,13,440,-427
109900077,23,50,-27
109900078,38,157,-119
109900080,71,212,-141
109900081,2,77,-75
109900082,14,339,-325
109900083,6,27,-21
109900084,6,81,-75
109900085,80,878,-798
109900086,46,94,-48
109900087,68,233,-165
109900089,101,23,78
109900090,267,669,-402
109900091,52,39,13
109900092,99,11,88
109900093,166,48,118
109900094,21,53,-32
109900095,51,151,-100
109900096,2,1,1
109900097,12,1,11
109900098,78,6,72
109900099,21,1,20
109900100,17,0,17
109900101,83,3,80
109900102,160,9,151
109900103,0,26,-26
109900104,74,970,-896
109900105,131,12,119
109900106,39,59,-20
109900107,64,30,34
109900108,37,480,-443
109900109,29,146,-117
109900110,23,377,-354
109900111,99,756,-657
109900112,173,685,-512
109900113,157,98,59
109900114,584,62,522
109900115,35,52,-17
109900117,160,60,100
109900118,104,271,-167
109900119,286,194,92
109900120,20,5,15
109900121,131,67,64
109900122,111,2,109
109900123,1,102,-101
109900124,15,678,-663
109900125,2,201,-199
109900126,23,125,-102
109900128,27,39,-12
109900130,8707,753,7954
109900131,48,60,-12
109900132,33,107,-74
109900133,33,305,-272
109900134,11,24,-13
109900135,310,44,266
109900136,23,134,-111
109900137,23,307,-284
109900140,74,272,-198
109900142,197,136,61
109900145,2,60,-58
109900146,171,21,150
109900148,9,43,-34
109900149,26,27,-1
109900150,2,37,-35
109900151,1,33,-32
109900152,0,14,-14
109900153,0,21,-21
109900154,4,1,3
109900155,4,3,1
109900157,21,152,-131
109900158,47,76,-29
109900159,36,11,25
109900160,22,13,9
109900161,54,14,40
109900162,41,33,8
109900163,504,164,340
109900164,23,199,-176
109900165,28,1,27
109900166,0,154,-154
109900167,54,571,-517
109900168,57,520,-463
109900169,36,125,-89
109900170,160,163,-3
109900171,28,30,-2
109900172,44,75,-31
109900173,3275,499,2776
109900174,14,93,-79
109900175,15,51,-36
109900176,42,146,-104
109900177,25,191,-166
109900178,0,85,-85
109900179,3,11,-8
109900180,3,2,1
110000001,448,334,114
110000002,391,323,68
110000003,764,417,347
110000004,427,431,-4
110000005,582,753,-171
110000006,438,292,146
110000007,50,101,-51
110000008,1,57,-56
110000009,12,35,-23
110000010,12,65,-53
110000011,11,62,-51
110000012,566,318,248
110000013,18,235,-217
110000014,585,277,308
110000015,367,418,-51
110000016,222,520,-298
110000017,3394,247,3147
110000018,2598,332,2266
110000019,20,139,-119
110000020,358,174,184
110000021,285,294,-9
110000022,362,74,288
110000023,12,174,-162
110000024,472,286,186
110000025,98,0,98
110000026,8,426,-418
110000027,318,237,81
110000028,518,674,-156
110000029,308,653,-345
110000030,139,311,-172
110000031,138,464,-326
110000032,436,403,33
110000033,66,44,22
110000034,146,942,-796
110000035,155,818,-663
110000036,150,922,-772
110000037,57,551,-494
110000038,111,647,-536
110000039,328,845,-517
110000040,243,375,-132
110000041,86,284,-198
110000042,43,271,-228
110000043,151,80,71
110000044,23,52,-29
110000045,88,18,70
110000046,5,5,0
110000047,0,1,-1
110000048,1,4,-3
110000049,7,3,4
110000050,2,1,1
110000051,20,2,18
110000052,15,34,-19
110000053,6,2,4
110000054,47,146,-99
110000055,95,29,66
110000056,52,27,25
110000057,246,602,-356
110000058,299,437,-138
110000059,343,444,-101
110000060,273,753,-480
110000061,706,718,-12
110000062,547,556,-9
110000063,25,82,-57
110000064,21,100,-79
110000065,38,118,-80
110000066,26,71,-45
110000067,38,197,-159
110000068,35,362,-327
110000069,55,150,-95
110000071,17,232,-215
110000073,4,16,-12
110000075,6,103,-97
110000076,199,123,76
110000077,340,294,46
110000078,4,58,-54
110000080,157,440,-283
110000081,9,204,-195
110000082,7,169,-162
110000083,131,440,-309
110000084,340,239,101
110000085,2671,1132,1539
110000086,1239,394,845
110000087,1,35,-34
110000088,19,168,-149
110000089,105,141,-36
110000090,16,204,-188
110000091,1385,193,1192
110000092,19,123,-104
110000093,36,5,31
110000094,236,198,38
110000095,35,300,-265
110000096,2834,1378,1456
110000097,592,614,-22
110000098,727,262,465
110000099,621,1149,-528
110000100,93,635,-542
110000101,8,504,-496
110000102,16,20,-4
110000104,56,59,-3
110000105,26,279,-253
110000106,168,120,48
110000107,195,432,-237
110000108,119,17,102
110000109,200,226,-26
110000110,3745,2133,1612
110000111,6536,1058,5478
110000112,1110,264,846
110000113,671,395,276
110000114,46,228,-182
110000115,163,253,-90
110000116,22,35,-13
110000117,78,501,-423
110000118,120,177,-57
110000119,84,307,-223
110000120,155,137,18
110000121,91,207,-116
110000122,132,392,-260
110000123,140,322,-182
110000124,4,796,-792
110000125,441,1,440
110000126,74,5,69
110000127,298,12,286
110000128,16,1319,-1303
110000129,2,645,-643
110000130,70,35,35
110000131,63,560,-497
110000132,1,578,-577
110000133,35,198,-163
110000134,26,270,-244
110000135,150,30,120
110000136,26,286,-260
110000137,171,555,-384
110000138,263,741,-478
110000139,460,1412,-952
110000140,382,181,201
110000143,572,194,378
110000144,3033,626,2407
110000145,976,448,528
110000146,1229,391,838
110000147,129,345,-216
110000148,177,267,-90
110000151,701,525,176
110000152,666,185,481
110000153,32,72,-40
110000154,2,5,-3
110000155,725,1122,-397
110000156,605,738,-133
110000157,842,1019,-177
110000160,222,293,-71
110000161,103,405,-302
110000166,140,96,44
110000167,299,323,-24
110000168,387,176,211
110000169,182,203,-21
110000170,57,93,-36
110000171,264,263,1
110000172,83,682,-599
110000173,833,1053,-220
110000174,28,1168,-1140
110000175,150,110,40
110000176,21,230,-209
110000177,122,590,-468
110000178,267,331,-64
110000179,845,218,627
110000180,44,243,-199
110000181,116,256,-140
110000182,185,189,-4
110000183,7683,3004,4679
110000184,298,1104,-806
110000185,305,428,-123
110000186,340,341,-1
110000191,91,332,-241
110000192,128,0,128
110000193,145,1,144
110000194,7,943,-936
110000195,90,277,-187
110000196,138,493,-355
110000197,12,162,-150
110000198,25,34,-9
110000199,6,76,-70
110000200,878,516,362
110000201,223,325,-102
110000202,412,226,186
110000203,406,546,-140
110000204,2,246,-244
110000205,18,65,-47
110000206,290,1243,-953
110000207,179,198,-19
110000208,28,88,-60
110000209,38,632,-594
110000210,185,499,-314
110000211,234,510,-276
110000212,173,646,-473
110000213,31,61,-30
110000214,53,122,-69
110000215,44,481,-437
110000216,22,500,-478
110000217,64,184,-120
110000218,63,404,-341
110000219,79,62,17
110000220,6,366,-360
110000221,155,68,87
110000222,26,313,-287
110000223,8,47,-39
110000224,156,13,143
110000225,62,389,-327
110000226,96,29,67
110000227,308,248,60
110000228,120,321,-201
110000229,0,245,-245
110000230,185,458,-273
110000231,67,122,-55
110000232,51,150,-99
110000233,51,213,-162
110000234,220,287,-67
110000235,613,574,39
110000236,94,725,-631
110000237,544,775,-231
110000238,591,1218,-627
110000239,662,860,-198
110000240,0,81,-81
110000242,0,8,-8
110000243,31,113,-82
110000244,62,276,-214
110000245,34,315,-281
110000246,264,542,-278
110000247,2719,2537,182
110000248,3305,935,2370
110000249,58,2,56
110000250,5,140,-135
110000251,68,337,-269
110000252,156,253,-97
110000253,762,311,451
110000254,947,980,-33
110000255,191,923,-732
110000256,394,131,263
110000257,591,264,327
110000258,6,422,-416
110000259,56,19,37
110000260,15,353,-338
110000263,712,55,657
110000264,173,541,-368
110000265,672,1261,-589
110000266,1434,1892,-458
110000267,12,115,-103
110000268,156,305,-149
110000269,1,59,-58
110000270,21,1,20
110000271,1722,219,1503
110000272,463,669,-206
110000273,1646,901,745
110000274,119,852,-733
110000275,2262,277,1985
110000276,67,270,-203
110000277,71,248,-177
110000278,155,640,-485
110000279,466,512,-46
110000280,103,335,-232
110000281,10,149,-139
110000282,148,39,109
110000283,17,70,-53
110000284,14,24,-10
110000285,0,116,-116
110000286,23,0,23
110000287,20,3,17
110000288,1,51,-50
110000289,216,696,-480
110000290,1074,540,534
110000291,4194,972,3222
110000292,958,4598,-3640
110000293,237,794,-557
110000294,303,916,-613
110000295,62,662,-600
110000296,129,244,-115
110000297,3680,220,3460
110000298,719,359,360
110000299,1303,14,1289
110000301,230,1,229
110000302,135,1064,-929
110000303,116,0,116
110000304,65,252,-187
110000305,332,5,327
110000306,67,1726,-1659
110000307,356,3,353
110000308,129,7,122
110000309,7,1183,-1176
110000310,233,50,183
110000311,15,767,-752
110000312,815,27,788
110000313,4921,1124,3797
110000314,0,173,-173
110000315,1950,1067,883
110000316,500,890,-390
110000317,279,236,43
110000318,2,57,-55
110000319,12,29,-17
110000320,11,38,-27
110000321,4,64,-60
110000322,53,400,-347
110000323,180,299,-119
110000324,3877,716,3161
110000325,1600,2140,-540
110000327,409,222,187
110000328,94,404,-310
110000333,542,512,30
110000334,435,976,-541
110000335,881,536,345
110000336,255,1002,-747
110000337,449,410,39
110000338,48,165,-117
110000339,59,174,-115
110000340,14,127,-113
110000341,151,506,-355
110000342,268,2,266
110000343,0,13,-13
110000344,24,124,-100
110000345,91,82,9
110000346,1649,1074,575
110000347,878,700,178
110000348,0,19,-19
110000349,10,40,-30
110000350,32,5,27
110000351,239,763,-524
110000352,179,963,-784
110000353,2588,695,1893
110000354,442,979,-537
110000355,30,58,-28
110000356,245,2,243
110000357,195,15,180
110000361,2,79,-77
110000362,22,28,-6
110000363,112,104,8
110000364,26,326,-300
110000365,85,1,84
110000366,1,73,-72
110000367,155,151,4
110000368,2,64,-62
110000369,21,1,20
110000373,1,243,-242
110000374,18,11,7
110000375,90,465,-375
110000376,25,97,-72
110000377,39,104,-65
110000378,9,213,-204
110000379,2924,540,2384
110000380,7,11,-4
110000383,0,335,-335
110000384,1818,186,1632
110000385,0,110,-110
110000387,21,8,13
110000388,15,253,-238
110000389,160,50,110
110000391,155,249,-94
110000396,12,84,-72
110000397,26,158,-132
110000398,3,52,-49
110000399,89,0,89
110000587,39,27,12
110000589,56,187,-131
110000640,79,127,-48
110000652,7,93,-86
110000653,85,402,-317
110000654,0,23,-23
110000656,0,435,-435
110000674,7,9,-2
110000675,3,10,-7
110000676,2,22,-20
110000679,800,260,540
110000682,34,82,-48
110000683,212,491,-279
110000684,1,43,-42
110000685,3,5,-2
110000686,0,23,-23
110000687,1,1,0
110000688,27,271,-244
110000689,18,80,-62
110000692,44,203,-159
110000693,53,220,-167
110000694,0,62,-62
110000695,84,565,-481
110000696,87,103,-16
110900001,80,5,75
110900002,92,145,-53
110900003,115,816,-701
110900004,65,261,-196
110900005,3249,660,2589
110900006,45,4,41
110900007,11,11,0
110900008,3,35,-32
110900009,115,15,100
110900010,2,34,-32
110900011,5,64,-59
110900012,4,105,-101
110900013,274,113,161
110900014,40,5,35
110900015,624,113,511
110900016,6,157,-151
110900017,80,18,62
110900018,190,26,164
110900019,57,17,40
110900020,23,343,-320
110900021,34,526,-492
110900022,57,379,-322
110900023,31,288,-257
110900024,14,428,-414
110900025,2,47,-45
110900027,20,192,-172
110900028,11,107,-96
110900029,18,350,-332
110900030,7,240,-233
110900031,1,160,-159
110900032,1,65,-64
110900033,11,238,-227
110900035,9,369,-360
110900036,14,9,5
110900037,9,19,-10
110900038,757,102,655
110900039,6,224,-218
110900040,111,10,101
110900041,0,142,-142
110900042,25,25,0
110900043,2,156,-154
110900044,160,18,142
110900045,22,561,-539
110900046,87,242,-155
110900047,558,55,503
110900049,17,32,-15
110900050,4,1,3
110900051,25,137,-112
110900052,0,207,-207
110900053,35,42,-7
110900054,17,233,-216
110900055,20,0,20
110900056,35,84,-49
110900057,2,207,-205
110900058,41,200,-159
110900059,369,721,-352
110900060,195,53,142
110900061,43,26,17
110900062,20,269,-249
110900063,10,57,-47
110900064,7,0,7
110900065,326,84,242
110900066,7,44,-37
110900067,409,202,207
110900068,180,170,10
110900069,0,14,-14
110900070,62,20,42
110900071,199,170,29
110900073,0,19,-19
110900074,109,53,56
110900075,94,54,40
110900077,105,227,-122
110900078,7,119,-112
110900079,1943,388,1555
110900080,17,33,-16
110900081,3,83,-80
110900082,33,187,-154
110900083,43,22,21
110900084,12,156,-144
110900085,27,216,-189
110900086,27,72,-45
110900087,92,50,42
110900088,17,0,17
110900090,10,15,-5
110900091,0,69,-69
110900093,94,48,46
110900095,8,18,-10
110900097,6,21,-15
110900098,5,61,-56
110900099,43,379,-336
110900100,0,18,-18
110900102,11,15,-4
110900105,358,263,95
110900108,1,57,-56
110900111,133,36,97
110900112,151,0,151
110900113,399,12,387
110900115,2,74,-72
110900116,113,1846,-1733
110900118,129,637,-508
110900119,4775,121,4654
110900120,1,129,-128
110900121,31,0,31
110900122,131,100,31
110900125,77,143,-66
110900127,399,339,60
110900128,305,140,165
110900129,175,116,59
110900130,776,130,646
110900131,25,23,2
110900132,93,19,74
110900133,13,288,-275
110900135,39,334,-295
110900136,116,9,107
110900138,0,0,0
110900139,42,0,42
110900140,10,0,10
110900141,72,88,-16
110900142,37,180,-143
110900143,37,32,5
110900144,2,439,-437
110900145,30,10,20
110900146,138,18,120
110900147,119,134,-15
110900148,1,179,-178
110900149,0,56,-56
110900150,9,12,-3
110900151,1,30,-29
110900152,1,279,-278
110900153,24,12,12
111000001,209,386,-177
111000002,495,519,-24
111000003,257,239,18
111000004,283,1029,-746
111000005,415,400,15
111000006,493,1128,-635
111000007,2479,888,1591
111000008,2614,2328,286
111000009,187,471,-284
111000010,322,215,107
111000011,394,773,-379
111000012,629,190,439
111000013,193,1043,-850
111000014,696,387,309
111000017,58,229,-171
111000018,92,222,-130
111000020,1776,1294,482
111000021,58,132,-74
111000023,67,129,-62
111000025,4652,1153,3499
111000029,47,93,-46
111000030,57,49,8
111000031,1705,406,1299
111000032,420,159,261
111000033,167,102,65
111000034,196,144,52
111000037,1891,1028,863
111000038,1546,1150,396
111000039,950,1578,-628
111000040,826,1604,-778
111000041,1197,916,281
111000042,4871,1955,2916
111000043,1243,974,269
111000044,579,278,301
111000045,369,691,-322
111000046,509,905,-396
111000047,898,1407,-509
111000049,168,408,-240
111000050,1062,1067,-5
111000051,229,857,-628
111000052,476,1017,-541
111000053,309,680,-371
111000054,325,688,-363
111000055,800,1603,-803
111000056,53,629,-576
111000057,45,707,-662
111000058,78,107,-29
111000059,92,219,-127
111000060,1500,489,1011
111000061,537,250,287
111000062,351,149,202
111000063,1749,626,1123
111000064,179,483,-304
111000065,425,561,-136
111000066,105,149,-44
111000067,281,441,-160
111000068,134,443,-309
111000069,942,1252,-310
111000070,1904,1024,880
111000071,174,600,-426
111000072,299,170,129
111000073,64,402,-338
111000074,893,771,122
111000075,275,465,-190
111000076,153,613,-460
111000077,442,533,-91
111000078,1063,863,200
111000079,949,671,278
111000080,231,582,-351
111000081,1594,1974,-380
111000082,292,663,-371
111000084,281,401,-120
111000085,532,1651,-1119
111000086,2190,1311,879
111000087,543,766,-223
111000088,4523,1264,3259
111000089,279,722,-443
111000090,859,1038,-179
111000091,293,672,-379
111000092,482,1085,-603
111000093,500,601,-101
111000094,1366,704,662
111000095,822,1092,-270
111000096,2338,3732,-1394
111000097,4433,867,3566
111000098,199,1189,-990
111000099,196,2045,-1849
111000100,124,1854,-1730
111000101,264,722,-458
111000102,27,607,-580
111000104,104,127,-23
111000107,36,566,-530
111000109,102,123,-21
111000110,303,333,-30
111000111,473,270,203
111000112,494,175,319
111000113,367,284,83
111000114,760,553,207
111000115,6252,528,5724
111000116,765,437,328
111000117,530,512,18
111000118,1574,673,901
111000119,582,1258,-676
111000120,172,379,-207
111000121,141,427,-286
111000122,171,775,-604
111000123,417,2544,-2127
111000124,294,3041,-2747
111000125,90,1890,-1800
111000126,38,948,-910
111000127,357,92,265
111000128,351,184,167
111000129,743,228,515
111000130,496,601,-105
111000131,346,484,-138
111000132,304,282,22
111000133,53,149,-96
111000134,53,139,-86
111000135,29,57,-28
111000136,111,181,-70
111000138,8,3,5
111000140,0,2,-2
111000141,40,138,-98
111000142,3,86,-83
111000143,2,67,-65
111000144,3,72,-69
111000145,25,3,22
111000146,16,3,13
111000147,41,1,40
111000148,26,48,-22
111000149,2,24,-22
111000150,2,3,-1
111000151,3,12,-9
111000153,442,292,150
111000154,529,130,399
111000155,37,132,-95
111000156,317,142,175
111000157,84,210,-126
111000158,473,379,94
111000159,1737,470,1267
111000160,112,421,-309
111000161,3,159,-156
111000162,2,115,-113
111000163,156,488,-332
111000164,639,1145,-506
111000165,1021,300,721
111000166,668,139,529
111000167,120,368,-248
111000168,171,275,-104
111000169,204,326,-122
111000170,395,262,133
111000171,280,771,-491
111000172,46,543,-497
111000173,150,1095,-945
111000174,52,421,-369
111000175,19,198,-179
111000176,48,146,-98
111000177,67,324,-257
111000178,233,353,-120
111000179,72,212,-140
111000180,118,263,-145
111000181,225,221,4
111000182,92,135,-43
111000183,127,158,-31
111000184,201,170,31
111000185,182,503,-321
111000186,97,341,-244
111000187,40,294,-254
111000188,97,409,-312
111000189,1141,539,602
111000190,143,513,-370
111000191,62,420,-358
111000192,119,596,-477
111000193,384,350,34
111000194,17,410,-393
111000195,48,424,-376
111000196,16,309,-293
111000197,100,188,-88
111000198,135,114,21
111000199,48,148,-100
111000200,99,271,-172
111000201,147,214,-67
111000202,92,156,-64
111000203,136,160,-24
111000204,197,234,-37
111000213,47,350,-303
111000214,895,1288,-393
111000215,518,1072,-554
111000217,555,801,-246
111000218,417,358,59
111000219,454,470,-16
111000220,2221,419,1802
111000221,336,67,269
111000224,103,260,-157
111000225,165,145,20
111000226,85,1,84
111000227,32,13,19
111000228,5,115,-110
111000229,14,156,-142
111000230,93,413,-320
111000231,145,1124,-979
111000232,76,834,-758
111000233,155,644,-489
111000234,22,106,-84
111000239,132,132,0
111000240,9,55,-46
111000241,14,356,-342
111000242,23,25,-2
111000243,27,716,-689
111000244,50,53,-3
111000245,170,462,-292
111000246,91,513,-422
111000247,64,1106,-1042
111000248,153,259,-106
111000249,218,843,-625
111000250,40,114,-74
111000251,17,80,-63
111000253,0,0,0
111000255,0,0,0
111000257,0,0,0
111000260,16,921,-905
111000261,181,57,124
111000271,30,288,-258
111000273,3428,900,2528
111000274,697,1100,-403
111000275,53,89,-36
111000276,150,1976,-1826
111000277,87,441,-354
111000278,307,220,87
111000291,336,1497,-1161
111000298,156,229,-73
111000299,325,28,297
111000300,32,473,-441
111000302,129,50,79
111000303,50,232,-182
111000312,25,41,-16
111000315,25,190,-165
111000320,134,431,-297
111000321,95,19,76
111000322,66,456,-390
111000323,60,6,54
111000324,201,229,-28
111000325,12,64,-52
111000326,219,392,-173
111000327,216,533,-317
111000328,245,443,-198
111000329,0,41,-41
111000330,23,12,11
111000331,11,3,8
111000332,420,1508,-1088
111000334,276,1410,-1134
111000335,154,78,76
111000337,168,325,-157
111000338,2,102,-100
111000339,64,510,-446
111000340,37,738,-701
111000341,327,108,219
111000342,32,143,-111
111000344,366,583,-217
111000345,59,24,35
111000346,8,60,-52
111000347,15,2,13
111000350,131,128,3
111000351,36,205,-169
111000352,69,141,-72
111000353,43,252,-209
111000354,209,178,31
111000355,113,568,-455
111000358,58,1412,-1354
111000360,33,824,-791
111000361,36,363,-327
111000546,93,584,-491
111000547,131,469,-338
111000548,52,133,-81
111000549,99,282,-183
111000550,65,158,-93
111000551,442,70,372
111000552,197,40,157
111000907,66,8,58
111000908,10,2,8
111000916,367,170,197
111000917,15,228,-213
111000918,51,932,-881
111000920,126,23,103
111000921,0,333,-333
111000922,73,318,-245
111000924,12,760,-748
111000925,807,1038,-231
111000926,589,2437,-1848
111000927,2139,2002,137
111000928,4680,2576,2104
111000929,421,678,-257
111000930,398,1694,-1296
111000931,727,989,-262
111000932,2221,1535,686
111000933,1717,1061,656
111000934,1514,1885,-371
111000935,453,752,-299
111000936,474,1796,-1322
111000937,480,725,-245
111000938,1075,2069,-994
111000939,155,31,124
111000940,157,237,-80
111000941,61,479,-418
111000943,107,201,-94
111000944,41,446,-405
111000945,10,1837,-1827
111001109,138,64,74
111001110,95,563,-468
111001111,4,2,2
111001112,46,1,45
111001113,26,134,-108
111001114,755,43,712
111001115,71,220,-149
111001116,4050,725,3325
111001117,342,347,-5
111001120,69,267,-198
111001121,85,306,-221
111001122,95,693,-598
111001123,51,99,-48
111001124,29,450,-421
111001125,0,13,-13
111001126,0,1,-1
111001127,0,41,-41
111001128,392,618,-226
111900001,1,152,-151
111900002,1,546,-545
111900003,3,264,-261
111900004,15,89,-74
111900006,3,9,-6
111900007,19,2,17
111900008,21,1,20
111900009,16,1,15
111900010,101,384,-283
111900012,57,51,6
111900013,0,45,-45
111900014,5934,797,5137
111900015,0,63,-63
111900016,0,93,-93
111900017,0,100,-100
111900018,57,0,57
111900019,1,62,-61
111900020,4,39,-35
111900021,14,41,-27
111900022,4,40,-36
111900023,111,23,88
111900024,2,72,-70
111900025,1,26,-25
111900026,0,73,-73
111900027,2,139,-137
111900028,2,353,-351
111900029,3,83,-80
111900030,60,221,-161
111900031,0,19,-19
111900032,2,318,-316
111900033,9,75,-66
111900034,121,472,-351
111900035,5,236,-231
111900036,1,310,-309
111900038,176,416,-240
111900039,38,342,-304
111900040,6,696,-690
111900042,19,49,-30
111900043,1,383,-382
111900044,142,164,-22
111900046,49,184,-135
111900048,29,719,-690
111900049,18,282,-264
111900050,20,4,16
111900051,2,243,-241
111900052,288,512,-224
111900053,978,151,827
111900054,8,0,8
111900055,7,545,-538
111900056,75,83,-8
111900057,17,27,-10
111900058,55,731,-676
111900059,1502,151,1351
111900060,87,0,87
111900061,6,244,-238
111900062,1,13,-12
111900063,86,118,-32
111900064,106,197,-91
111900065,15,7,8
111900066,24,67,-43
111900067,0,208,-208
111900068,16,15,1
111900069,18,7,11
111900070,29,92,-63
111900071,0,173,-173
111900072,6,3,3
111900073,147,26,121
111900074,6,151,-145
111900075,18,1,17
111900076,11,10,1
111900077,2,1,1
111900078,36,4,32
111900079,6,3,3
111900080,112,25,87
111900082,16,5,11
111900083,11,5,6
111900084,7,1,6
111900085,6,19,-13
111900086,12,1,11
111900087,9,0,9
111900088,73,3,70
111900089,7,1,6
111900090,20,10,10
111900091,25,1,24
111900092,15,0,15
111900093,61,3,58
111900094,21,0,21
111900095,38,1,37
111900096,12,0,12
111900097,4,0,4
111900098,20,2,18
111900099,3,0,3
111900100,14,2,12
111900101,41,1,40
111900102,67,655,-588
111900103,34,40,-6
111900104,29,52,-23
111900105,56,52,4
111900106,963,20,943
111900110,2674,117,2557
111900111,12,154,-142
111900112,538,444,94
111900113,205,29,176
111900118,48,6,42
111900119,87,23,64
111900122,62,11,51
111900123,8,31,-23
111900124,11,91,-80
111900125,65,3,62
111900126,27,1,26
111900127,3,637,-634
111900128,3,466,-463
111900129,30,18,12
111900130,41,4,37
111900131,54,0,54
111900132,45,941,-896
111900133,1,224,-223
111900134,15,270,-255
111900135,0,0,0
111900136,24,28,-4
111900137,43,25,18
111900138,3,35,-32
111900139,11,111,-100
111900140,15,9,6
111900141,12,5,7
111900142,37,6,31
111900143,0,201,-201
111900144,0,169,-169
111900145,0,577,-577
111900146,0,302,-302
111900147,99,497,-398
111900148,42,724,-682
111900149,14,345,-331
111900150,11,182,-171
111900151,3,13,-10
111900152,65,16,49
111900153,1116,86,1030
111900154,6,62,-56
111900155,15,16,-1
111900156,3,16,-13
111900157,10,4,6
111900158,58,2,56
111900159,31,0,31
111900160,41,0,41
111900161,16,0,16
111900162,82,56,26
111900163,23,154,-131
111900164,29,8,21
111901113,41,216,-175
111901114,17,324,-307
111901115,12,1,11
111901116,36,2,34
111901117,4,5,-1
111901118,85,24,61
111901119,913,30,883
111901121,113,252,-139
111901122,2,494,-492
111901123,17,391,-374
111901124,21,1,20
111901125,81,114,-33
111901127,544,46,498
111901128,5,61,-56
111901129,5,92,-87
111901130,3,154,-151
111901131,4,226,-222
111901132,23,0,23
111901133,14,1,13
111901134,4,2,2
111901135,1,2,-1
111901136,0,1,-1
111901138,44,23,21
111901139,3,37,-34
111901140,4,128,-124
111901141,4,179,-175
111901142,5,116,-111
111901143,0,55,-55
111901144,54,16,38
111901145,97,65,32
111901146,80,2,78
111901147,918,53,865
111901148,6,29,-23
111901149,6,2,4
111901150,1,0,1
111901151,0,0,0
112000001,614,532,82
112000002,548,1868,-1320
112000003,332,450,-118
112000004,383,1274,-891
112000005,720,707,13
112000006,876,1452,-576
112000007,934,757,177
112000008,1316,2098,-782
112000009,2999,2740,259
112000010,1329,1472,-143
112000011,1216,1906,-690
112000012,4437,824,3613
112000013,5289,2458,2831
112000014,2000,290,1710
112000015,2863,1393,1470
112000016,1715,475,1240
112000017,815,617,198
112000024,1175,442,733
112000026,4095,4288,-193
112000027,423,226,197
112000028,1322,1464,-142
112000029,113,326,-213
112000030,159,87,72
112000031,1011,1087,-76
112000032,505,34,471
112000033,1686,460,1226
112000034,359,21,338
112000035,33,149,-116
112000036,395,320,75
112000037,360,828,-468
112000038,430,571,-141
112000039,27,65,-38
112000040,68,252,-184
112000041,163,375,-212
112000042,528,204,324
112000050,333,910,-577
112000051,279,410,-131
112000054,1116,1796,-680
112000057,429,270,159
112000058,262,363,-101
112000059,570,282,288
112000061,5630,912,4718
112000062,2759,352,2407
112000063,1849,418,1431
112000064,4442,4737,-295
112000065,2119,2428,-309
112000066,2026,534,1492
112000067,475,496,-21
112000068,1040,624,416
112000069,478,1817,-1339
112000070,808,288,520
112000071,474,2692,-2218
112000072,390,547,-157
112000073,728,1481,-753
112000074,317,494,-177
112000075,456,539,-83
112000076,2272,2295,-23
112000077,214,580,-366
112000078,555,538,17
112000079,726,1093,-367
112000080,252,661,-409
112000081,564,1441,-877
112000082,506,428,78
112000083,375,1400,-1025
112000084,458,416,42
112000085,564,1177,-613
112000086,632,1079,-447
112000087,127,471,-344
112000088,308,603,-295
112000089,162,445,-283
112000090,216,354,-138
112000091,347,995,-648
112000092,531,388,143
112000093,974,1029,-55
112000094,236,603,-367
112000095,223,506,-283
112000096,196,834,-638
112000097,320,317,3
112000098,378,1368,-990
112000099,300,265,35
112000100,447,608,-161
112000101,214,812,-598
112000102,245,475,-230
112000103,138,1172,-1034
112000105,414,1931,-1517
112000106,492,319,173
112000107,22,84,-62
112000108,108,1478,-1370
112000109,69,56,13
112000110,637,329,308
112000111,888,3699,-2811
112000112,1432,287,1145
112000113,659,1865,-1206
112000114,913,545,368
112000115,102,458,-356
112000116,138,731,-593
112000117,191,354,-163
112000118,374,634,-260
112000119,228,775,-547
112000120,30,247,-217
112000121,38,590,-552
112000122,72,129,-57
112000123,164,101,63
112000124,90,59,31
112000125,30,108,-78
112000126,67,696,-629
112000127,1563,708,855
112000128,903,361,542
112000129,49,85,-36
112000130,19,29,-10
112000131,17,242,-225
112000132,16,257,-241
112000133,111,155,-44
112000134,190,344,-154
112000135,331,382,-51
112000136,484,1180,-696
112000137,470,832,-362
112000138,826,1098,-272
112000139,519,160,359
112000140,610,890,-280
112000141,144,172,-28
112000142,81,827,-746
112000143,231,133,98
112000144,127,1460,-1333
112000145,768,471,297
112000146,398,2096,-1698
112000147,702,980,-278
112000148,859,1883,-1024
112000149,109,545,-436
112000150,57,492,-435
112000151,210,489,-279
112000152,92,230,-138
112000153,123,277,-154
112000154,81,102,-21
112000155,67,46,21
112000157,315,249,66
112000158,101,562,-461
112000159,108,165,-57
112000167,62,6,56
112000169,218,190,28
112000173,184,178,6
112000175,84,285,-201
112000176,4539,1249,3290
112000177,91,35,56
112000178,34,398,-364
112000179,98,125,-27
112000180,235,260,-25
112000181,487,1420,-933
112000182,223,1525,-1302
112000183,14,55,-41
112000184,113,427,-314
112000185,129,463,-334
112000187,1210,1394,-184
112000195,57,5,52
112000196,53,0,53
112000197,19,92,-73
112000198,25,345,-320
112000199,464,954,-490
112000202,76,2,74
112000216,27,96,-69
112000230,20,3,17
112000231,0,325,-325
112000256,13,65,-52
112000313,122,205,-83
112000314,5,4,1
112000337,91,435,-344
112000352,95,91,4
112000392,1672,793,879
112000398,336,471,-135
112000399,939,729,210
112000400,1059,2900,-1841
112000401,1768,2242,-474
112000402,781,1241,-460
112000403,944,789,155
112000404,194,366,-172
112000405,897,1821,-924
112000406,3318,2755,563
112000407,1762,3337,-1575
112000408,5463,4715,748
112000409,1259,3925,-2666
112000410,112,41,71
112000411,3363,266,3097
112000412,608,148,460
112000413,6692,844,5848
112000414,39,84,-45
112000415,45,57,-12
112000416,807,918,-111
112000417,117,46,71
112000421,15,83,-68
112000422,137,396,-259
112000424,1489,820,669
112000425,194,1185,-991
112000426,58,272,-214
112000427,0,19,-19
112000428,26,404,-378
112000429,1150,2129,-979
112000430,921,2678,-1757
112000431,25,74,-49
112000432,317,1951,-1634
112000433,494,329,165
112000437,10,270,-260
112900001,11,2,9
112900002,47,1089,-1042
112900003,12,201,-189
112900004,4,265,-261
112900005,24,210,-186
112900006,5,338,-333
112900007,8,104,-96
112900008,0,3,-3
112900009,153,64,89
112900010,36,545,-509
112900011,207,175,32
112900012,1,50,-49
112900013,0,89,-89
112900014,2,227,-225
112900015,213,734,-521
112900016,1,277,-276
112900017,20,144,-124
112900018,9,497,-488
112900019,24,111,-87
112900020,313,1268,-955
112900021,1,251,-250
112900022,3,38,-35
112900023,1,313,-312
112900024,9,158,-149
112900025,71,95,-24
112900026,3,241,-238
112900027,1,1120,-1119
112900028,28,69,-41
112900029,3,491,-488
112900030,268,109,159
112900031,4,432,-428
112900032,50,200,-150
112900034,3,26,-23
112900035,2,373,-371
112900036,11,94,-83
112900037,127,59,68
112900038,99,58,41
112900039,17,212,-195
112900040,3,194,-191
112900041,895,290,605
112900042,34,262,-228
112900043,6,15,-9
112900044,322,214,108
112900045,405,179,226
112900046,159,52,107
112900047,11,18,-7
112900049,15,37,-22
112900050,20,532,-512
112900051,280,527,-247
112900052,5,954,-949
112900053,184,62,122
112900054,159,12,147
112900055,71,7,64
112900056,98,69,29
112900057,3,524,-521
112900058,159,49,110
112900059,26,88,-62
112900060,2,127,-125
112900061,22,99,-77
112900062,20,113,-93
112900063,46,2,44
112900064,89,78,11
112900065,10,2,8
112900066,45,20,25
112900067,463,43,420
112900068,12,2,10
112900069,2140,198,1942
112900071,7,3,4
112900072,110,160,-50
112900073,133,7,126
112900074,18,42,-24
112900075,1805,181,1624
112900076,32,1,31
112900078,37,111,-74
112900079,51,4,47
112900080,12,0,12
112900081,32,42,-10
112900082,73,4,69
112900083,14,16,-2
112900084,39,9,30
112900086,15,0,15
112900087,139,26,113
112900088,9,1,8
112900089,195,3,192
112900090,5,4,1
112900091,33,0,33
112900092,47,46,1
112900093,220,6,214
112900095,1,0,1
112900096,77,29,48
112900097,16,301,-285
112900098,7,0,7
112900099,161,7,154
112900100,7,0,7
112900101,49,0,49
112900102,24,4,20
112900103,58,0,58
112900104,26,0,26
112900105,4,0,4
112900106,185,28,157
112900107,0,0,0
112900108,1,0,1
112900109,11,0,11
112900110,130,4,126
112900111,137,0,137
112900112,39,2,37
112900113,0,9,-9
112900114,4,7,-3
112900115,144,3,141
112900116,29,33,-4
112900117,91,66,25
112900118,8,57,-49
112900119,20,3,17
112900120,562,113,449
112900121,156,121,35
112900122,7,97,-90
112900123,70,9,61
112900124,1,79,-78
112900125,34,189,-155
112900126,84,232,-148
112900127,101,16,85
112900128,328,508,-180
112900129,3,800,-797
112900130,48,42,6
112900131,21,216,-195
112900132,41,324,-283
112900133,5,998,-993
112900134,0,194,-194
112900135,30,8,22
112900137,1,643,-642
112900138,1,370,-369
112900139,109,862,-753
112900141,119,7,112
112900142,31,28,3
112900143,37,503,-466
112900144,1,466,-465
112900145,42,323,-281
112900146,5,1202,-1197
112900147,3,2065,-2062
112900148,5,0,5
112900149,93,374,-281
112900151,21,39,-18
112900152,4034,771,3263
112900153,778,384,394
112900154,1,66,-65
112900155,41,3,38
112900156,20,1238,-1218
112900157,43,228,-185
112900158,0,4,-4
112900159,77,21,56
112900160,16,200,-184
112900161,23,15,8
112900162,14,8,6
112900163,58,2,56
112900164,21,34,-13
112900165,43,14,29
112900166,8,29,-21
112900167,0,17,-17
112900168,0,1,-1
112900169,1,1,0
112900170,12,50,-38
112900172,55,2,53
112900173,108,76,32
112900174,90,6,84
112900175,64,29,35
112900176,7,4,3
112900177,72,11,61
112900178,218,354,-136
112900179,24,475,-451
112900180,322,2005,-1683
112900181,137,3,134
112900182,9,1277,-1268
112900183,57,79,-22
112900184,230,150,80
112900185,93,283,-190
112900186,1016,280,736
112900187,23,112,-89
112900188,636,156,480
112900189,0,19,-19
112900190,1,54,-53
112900192,172,80,92
112900193,429,68,361
112900194,3,93,-90
112900195,114,8,106
112900196,158,503,-345
112900197,61,315,-254
112900199,91,425,-334
112900200,103,179,-76
112900201,51,51,0
112900202,48,616,-568
112900203,17,172,-155
112900204,467,161,306
112900205,1,3,-2
112900206,6,29,-23
112900207,1,0,1
112900208,19,25,-6
112900209,213,254,-41
112900210,0,5,-5
112900211,25,17,8
112900212,2,20,-18
112900213,6,3,3
112900214,5,5,0
112900215,2,174,-172
112900216,25,16,9
112900217,1,40,-39
112900218,1,16,-15
112900219,9,7,2
112900220,0,0,0
112900221,4,71,-67
112900222,0,13,-13
112900223,138,2,136
112900224,59,565,-506
112900225,82,436,-354
112900226,155,100,55
112900227,71,1087,-1016
112900228,22,19,3
112900229,21,27,-6
112900230,5697,1184,4513
112900232,68,70,-2
112900233,8,112,-104
112900234,0,103,-103
112900235,18,7,11
112900236,9,14,-5
112900237,18,242,-224
112900238,1,29,-28
112900239,334,213,121
112900240,3,132,-129
112900241,2,155,-153
112900242,8,258,-250
112900243,2,204,-202
112900244,0,204,-204
112900245,4,50,-46
112900246,0,15,-15
112900247,77,19,58
112900248,20,2,18
112900249,40,9,31
112900250,28,15,13
112900251,16,19,-3
112900252,8,15,-7
112900253,4,12,-8
112900254,4,18,-14
112900255,0,25,-25
112900256,0,15,-15
112900257,0,6,-6
112900258,12,9,3
113000001,3275,3105,170
113000002,2489,2310,179
113000003,1361,1020,341
113000004,1452,1424,28
113000005,669,651,18
113000006,548,792,-244
113000007,847,787,60
113000008,714,1136,-422
113000009,436,687,-251
113000010,448,1050,-602
113000011,424,1367,-943
113000012,523,539,-16
113000013,819,312,507
113000014,1525,1123,402
113000015,451,190,261
113000016,271,189,82
113000017,9,175,-166
113000018,101,26,75
113000019,14,183,-169
113000020,29,4,25
113000021,473,454,19
113000022,281,921,-640
113000025,33,213,-180
113000026,101,227,-126
113000027,444,197,247
113000028,521,274,247
113000029,514,386,128
113000030,423,449,-26
113000031,268,167,101
113000032,302,114,188
113000033,270,255,15
113000034,387,210,177
113000035,16,24,-8
113000036,16,38,-22
113000037,18,19,-1
113000038,11,37,-26
113000039,42,358,-316
113000040,36,79,-43
113000042,525,527,-2
113000051,336,958,-622
113000052,1735,799,936
113000053,145,537,-392
113000054,75,429,-354
113000055,419,724,-305
113000056,335,1495,-1160
113000058,556,831,-275
113000059,854,600,254
113000060,35,509,-474
113000061,453,582,-129
113000062,969,106,863
113000063,17,158,-141
113000064,8,303,-295
113000065,137,1005,-868
113000066,179,64,115
113000067,669,704,-35
113000068,355,1664,-1309
113000069,229,1114,-885
113000070,505,496,9
113000071,162,625,-463
113000072,187,259,-72
113000073,241,911,-670
113000074,579,213,366
113000075,1440,294,1146
113000076,920,1219,-299
113000077,1416,335,1081
113000078,1046,880,166
113000079,830,444,386
113000080,713,431,282
113000081,775,624,151
113000082,939,527,412
113000083,385,493,-108
113000084,1421,792,629
113000085,744,405,339
113000086,746,743,3
113000087,902,650,252
113000088,1434,766,668
113000089,663,1138,-475
113000090,197,227,-30
113000091,574,160,414
113000094,386,104,282
113000095,149,836,-687
113000096,152,651,-499
113000097,273,182,91
113000098,40,19,21
113000099,811,138,673
113000100,59,327,-268
113000101,268,352,-84
113000102,272,128,144
113000103,1700,506,1194
113000104,187,1634,-1447
113000105,242,335,-93
113000106,178,482,-304
113000107,343,761,-418
113000108,566,1274,-708
113000109,262,1554,-1292
113000110,1031,284,747
113000111,109,350,-241
113000112,324,299,25
113000113,1746,211,1535
113000114,483,592,-109
113000116,444,208,236
113000117,461,137,324
113000118,94,146,-52
113000119,102,274,-172
113000120,17,177,-160
113000121,173,539,-366
113000124,100,115,-15
113000125,17,382,-365
113000127,2708,353,2355
113000128,234,225,9
113000129,449,736,-287
113000133,2922,463,2459
113000134,3,384,-381
113000135,2029,1289,740
113000137,2059,888,1171
113000139,340,92,248
113000140,131,177,-46
113000141,290,55,235
113000142,486,376,110
113000143,374,116,258
113000144,316,447,-131
113000145,42,112,-70
113000146,49,49,0
113000147,56,59,-3
113000148,39,121,-82
113000149,52,88,-36
113000150,368,215,153
113000151,119,53,66
113000152,11,96,-85
113000153,1127,293,834
113000154,320,629,-309
113000155,126,213,-87
113000156,128,239,-111
113000157,198,510,-312
113000158,294,118,176
113000159,497,382,115
113000160,371,727,-356
113000161,134,540,-406
113000162,280,226,54
113000163,48,44,4
113000164,43,51,-8
113000166,65,36,29
113000167,13,219,-206
113000168,29,206,-177
113000169,46,29,17
113000170,46,46,0
113000171,36,86,-50
113000172,149,54,95
113000173,23,12,11
113000174,92,478,-386
113000175,157,83,74
113000176,223,68,155
113000177,69,336,-267
113000178,109,334,-225
113000179,119,68,51
113000180,252,997,-745
113000181,455,906,-451
113000182,153,170,-17
113000183,164,391,-227
113000184,7,101,-94
113000189,949,369,580
113000190,1116,220,896
113000192,1868,816,1052
113000193,3098,533,2565
113000194,1074,609,465
113000195,1660,306,1354
113000196,67,53,14
113000197,787,555,232
113000198,26,255,-229
113000199,311,317,-6
113000201,167,101,66
113000202,2158,902,1256
113000203,365,61,304
113000204,1058,829,229
113000205,8,7,1
113000206,5,32,-27
113000207,21,14,7
113000208,15,27,-12
113000209,8,10,-2
113000210,5,20,-15
113000211,294,103,191
113000212,303,25,278
113000213,19,91,-72
113000214,83,148,-65
113000234,105,1278,-1173
113000410,60,53,7
113000411,1686,3046,-1360
113000412,9445,1349,8096
113000413,3686,1263,2423
113000414,9828,4688,5140
113000415,2155,1542,613
113000416,7638,2116,5522
113000417,2765,1571,1194
113000418,2335,1849,486
113000419,1444,1210,234
113000420,3112,1897,1215
113000421,3470,2735,735
113000422,14600,4033,10567
113000423,2515,1850,665
113000424,3787,4551,-764
113000425,2,29,-27
113000428,9,1,8
113000430,8,6,2
113000432,585,40,545
113000433,137,759,-622
113000434,5,279,-274
113000435,18,549,-531
113000436,83,1565,-1482
113000437,146,5,141
113000438,72,2,70
113000439,12,169,-157
113000440,35,36,-1
113000441,57,141,-84
113000442,77,263,-186
113000443,44,204,-160
113000444,45,252,-207
113000445,33,99,-66
113000446,19,84,-65
113000448,177,81,96
113000449,187,471,-284
113000450,403,1101,-698
113000451,1124,91,1033
113000452,351,257,94
113000453,116,192,-76
113000454,517,24,493
113000455,32,95,-63
113000456,2496,1390,1106
113000468,2037,221,1816
113000469,127,45,82
113000470,394,56,338
113000471,7,237,-230
113000472,28,201,-173
113000474,145,623,-478
113000475,850,1330,-480
113000476,704,1720,-1016
113000477,1200,1992,-792
113000478,1940,4245,-2305
113000479,13,241,-228
113000485,0,0,0
113000486,0,0,0
113000487,0,0,0
113000488,0,0,0
113000489,0,0,0
113000490,0,0,0
113000491,0,0,0
113000492,0,0,0
113000495,112,211,-99
113000496,70,79,-9
113000497,0,0,0
113000499,0,0,0
113900001,6,41,-35
113900002,2,85,-83
113900003,0,41,-41
113900004,1,13,-12
113900005,0,8,-8
113900006,0,17,-17
113900007,51,0,51
113900008,10,0,10
113900009,106,0,106
113900010,41,0,41
113900011,3,0,3
113900012,3,0,3
113900013,140,1,139
113900014,358,2,356
113900015,0,58,-58
113900016,7,0,7
113900017,1,43,-42
113900018,328,34,294
113900019,18,24,-6
113900020,28,0,28
113900022,1,0,1
113900023,0,0,0
113900024,22,52,-30
113900025,262,2,260
113900026,28,0,28
113900027,3,45,-42
113900028,6,373,-367
113900029,17,243,-226
113900030,64,3,61
113900031,0,0,0
113900032,3,0,3
113900033,63,55,8
113900035,7,2,5
113900036,1,48,-47
113900037,21,579,-558
113900038,72,24,48
113900039,26,7,19
113900040,3,3,0
113900041,0,1,-1
113900042,25,13,12
113900043,146,66,80
113900044,86,19,67
113900045,18,1,17
113900046,232,557,-325
113900047,16,95,-79
113900048,272,16,256
113900049,651,84,567
113900050,112,215,-103
113900051,95,271,-176
113900052,193,87,106
113900053,200,88,112
113900054,14,4,10
113900055,76,413,-337
113900056,25,110,-85
113900057,32,80,-48
113900058,18,150,-132
113900059,88,304,-216
113900060,95,214,-119
113900061,694,17,677
113900062,51,6,45
113900063,30,104,-74
113900064,8,127,-119
113900065,254,8,246
113900066,117,426,-309
113900067,18,322,-304
113900068,231,246,-15
113900069,45,6,39
113900070,156,308,-152
113900071,21,46,-25
113900072,32,139,-107
113900073,91,278,-187
113900074,12,392,-380
113900075,502,608,-106
113900076,142,4,138
113900077,13,221,-208
113900078,46,38,8
113900079,2,49,-47
113900080,183,99,84
113900081,15,172,-157
113900082,78,181,-103
113900083,63,610,-547
113900084,127,37,90
113900085,30,278,-248
113900086,7,16,-9
113900087,16,183,-167
113900088,15,19,-4
113900089,247,19,228
113900090,157,204,-47
113900091,18,12,6
113900092,34,45,-11
113900093,55,349,-294
113900094,82,471,-389
113900095,32,79,-47
113900096,55,24,31
113900097,1,111,-110
113900098,173,25,148
113900099,0,38,-38
113900100,0,0,0
113900101,17,31,-14
113900102,74,72,2
113900103,119,179,-60
113900104,66,61,5
113900105,8,281,-273
113900106,0,64,-64
113900107,0,26,-26
113900108,111,91,20
113900109,157,112,45
113900110,9,15,-6
113900111,18,54,-36
113900112,78,100,-22
113900113,365,261,104
113900114,0,97,-97
113900115,1,103,-102
113900116,47,68,-21
113900117,38,9,29
113900118,66,128,-62
113900119,241,146,95
113900120,26,31,-5
113900121,32,49,-17
113900122,138,784,-646
113900123,120,106,14
113900124,0,100,-100
113900125,994,121,873
113900126,80,31,49
113900127,161,282,-121
113900128,54,31,23
113900129,6,52,-46
113900130,0,1,-1
113900131,38,41,-3
113900132,16,30,-14
113900133,8,17,-9
113900135,135,308,-173
113900136,74,50,24
113900137,153,140,13
113900138,31,72,-41
113900139,457,46,411
113900140,308,48,260
113900141,134,338,-204
113900142,34,48,-14
113900143,5,4,1
113900144,266,50,216
113900145,58,158,-100
113900146,12,35,-23
113900148,86,104,-18
113900149,72,27,45
113900150,1009,330,679
113900151,72,185,-113
113900152,18,61,-43
113900153,361,293,68
113900154,2,48,-46
113900155,144,33,111
113900156,150,508,-358
113900157,16,195,-179
113900158,198,64,134
113900159,3,119,-116
113900160,227,576,-349
113900161,6,130,-124
113900162,408,268,140
113900163,340,116,224
113900164,64,30,34
113900165,507,417,90
113900166,119,50,69
113900167,139,16,123
113900168,67,117,-50
113900169,82,350,-268
113900171,26,20,6
113900172,9,213,-204
113900173,38,551,-513
113900174,222,639,-417
113900175,100,34,66
113900176,117,605,-488
113900177,139,144,-5
113900178,121,65,56
113900179,10,544,-534
113900180,66,92,-26
113900181,146,38,108
113900182,233,792,-559
113900183,25,63,-38
113900184,7,440,-433
113900185,128,39,89
113900186,16,23,-7
113900187,24,125,-101
113900188,17,102,-85
113900189,126,28,98
113900190,224,110,114
113900191,39,124,-85
113900192,0,126,-126
113900193,7,247,-240
113900194,1435,642,793
113900195,253,385,-132
113900196,0,97,-97
113900197,1,254,-253
113900198,17,125,-108
113900199,152,478,-326
113900200,4,192,-188
113900201,1,235,-234
113900202,27,167,-140
113900203,2,207,-205
113900204,22,541,-519
113900205,5,72,-67
113900206,2,88,-86
113900207,1,51,-50
113900208,0,47,-47
113900209,1,90,-89
113900210,309,256,53
113900211,104,9,95
113900212,39,400,-361
113900214,385,196,189
113900215,8,86,-78
113900216,4,1140,-1136
113900217,10,281,-271
113900218,31,15,16
113900219,62,337,-275
113900220,44,35,9
113900221,190,83,107
113900222,222,125,97
113900223,30,967,-937
113900224,105,44,61
113900225,570,138,432
113900226,175,78,97
113900227,213,64,149
113900228,226,214,12
113900229,9,337,-328
113900230,3334,684,2650
113900231,73,153,-80
113900232,18,87,-69
113900233,17,48,-31
113900234,66,261,-195
113900235,20,22,-2
113900236,19,209,-190
113900237,28,5,23
113900238,87,198,-111
113900239,30,21,9
113900240,0,34,-34
113900241,93,34,59
113900242,21,96,-75
113900243,57,322,-265
113900244,383,125,258
113900245,976,115,861
113900246,17,13,4
113900247,90,67,23
113900248,2783,546,2237
113900249,688,99,589
113900250,20,54,-34
113900251,189,134,55
113900252,179,6,173
113900253,330,13,317
113900254,169,30,139
113900255,227,6,221
113900256,119,16,103
113900257,23,644,-621
113900258,8,399,-391
113900259,170,197,-27
113900260,72,19,53
113900261,7,111,-104
113900262,47,712,-665
113900263,22,368,-346
113900264,5,573,-568
113900265,74,226,-152
113900266,21,247,-226
113900267,90,283,-193
113900268,137,157,-20
113900269,38,91,-53
113900270,132,220,-88
113900271,324,1096,-772
113900273,3,1,2
113900274,10,4,6
113900275,6,46,-40
113900276,1,241,-240
113900277,24,1,23
113900278,138,123,15
113900279,69,84,-15
113900280,768,260,508
113900281,189,604,-415
113900282,641,224,417
113900283,163,238,-75
113900284,315,67,248
113900285,58,9,49
113900286,6,113,-107
113900287,1,45,-44
113900288,0,76,-76
113900289,1238,32,1206
113900290,323,39,284
113900291,154,155,-1
113900292,2,4,-2
113900293,0,175,-175
113900294,151,13,138
113900295,613,182,431
113900296,1935,213,1722
113900297,318,6,312
113900298,7,1087,-1080
113900299,14,124,-110
113900300,4725,1364,3361
113900301,551,155,396
113900302,2177,399,1778
113900303,437,93,344
113900304,3,147,-144
113900305,20,2,18
113900306,4,0,4
113900307,17,0,17
113900308,50,56,-6
113900309,2,573,-571
113900310,0,13,-13
113900311,0,0,0
113900312,85,66,19
113900313,32,7,25
113900314,0,10,-10
113900315,13,6,7
114000001,852,2584,-1732
114000002,68,410,-342
114000003,118,1294,-1176
114000004,234,396,-162
114000005,128,224,-96
114000006,5020,1556,3464
114000007,400,1051,-651
114000008,1951,695,1256
114000009,136,123,13
114000011,1481,2290,-809
114000012,789,2209,-1420
114000013,523,1751,-1228
114000014,540,565,-25
114000015,534,506,28
114000016,232,394,-162
114000017,46,216,-170
114000018,242,48,194
114000026,417,1508,-1091
114000027,865,1717,-852
114000028,973,1375,-402
114000038,67,121,-54
114000039,68,298,-230
114000040,52,181,-129
114000042,41,205,-164
114000043,73,251,-178
114000044,104,366,-262
114000045,38,173,-135
114000046,2562,3302,-740
114000047,5,34,-29
114000048,86,198,-112
114000049,1493,864,629
114000050,1914,867,1047
114000051,5141,1207,3934
114000052,3087,806,2281
114000053,21,313,-292
114000054,27,986,-959
114000055,119,15,104
114000056,831,357,474
114000057,6819,1733,5086
114000058,369,343,26
114000059,186,133,53
114000060,404,843,-439
114000061,3580,966,2614
114000062,1350,439,911
114000063,3676,1373,2303
114000064,7281,1603,5678
114000065,1617,1470,147
114000066,154,437,-283
114000067,23,246,-223
114000068,400,265,135
114000069,457,234,223
114000070,2179,892,1287
114000071,300,414,-114
114000072,57,292,-235
114000073,4,99,-95
114000074,4,23,-19
114000075,25,165,-140
114000076,9,126,-117
114000077,4,51,-47
114000078,47,1076,-1029
114000079,24,26,-2
114000080,71,89,-18
114000081,18,74,-56
114000082,58,529,-471
114000083,15,352,-337
114000084,56,84,-28
114000085,119,812,-693
114000086,73,666,-593
114000087,19,269,-250
114000088,25,46,-21
114000089,1353,520,833
114000090,596,326,270
114000091,1423,256,1167
114000092,948,214,734
114000093,626,530,96
114000094,264,403,-139
114000095,60,41,19
114000096,55,322,-267
114000097,33,606,-573
114000098,128,25,103
114000099,88,909,-821
114000100,248,578,-330
114000101,116,1137,-1021
114000102,97,183,-86
114000103,128,680,-552
114000104,3,395,-392
114000105,22,62,-40
114000106,533,216,317
114000107,57,93,-36
114000108,2268,1297,971
114000109,128,390,-262
114000110,256,1644,-1388
114000111,351,224,127
114000112,211,2218,-2007
114000113,409,181,228
114000114,819,1818,-999
114000115,730,267,463
114000116,156,418,-262
114000117,588,231,357
114000118,562,168,394
114000119,347,154,193
114000120,387,750,-363
114000121,340,416,-76
114000122,237,173,64
114000123,334,130,204
114000124,114,156,-42
114000125,475,1397,-922
114000126,341,118,223
114000127,29,113,-84
114000128,364,493,-129
114000130,197,242,-45
114000131,98,15,83
114000132,524,919,-395
114000133,1255,1256,-1
114000134,22,208,-186
114000138,65,217,-152
114000139,852,64,788
114000144,404,166,238
114000145,73,186,-113
114000146,41,351,-310
114000147,541,410,131
114000148,1576,610,966
114000149,353,99,254
114000150,2729,792,1937
114000151,1447,645,802
114000152,186,15,171
114000153,1650,1408,242
114000154,1244,809,435
114000155,1272,948,324
114000156,901,335,566
114000157,251,467,-216
114000158,2371,578,1793
114000159,331,369,-38
114000160,124,155,-31
114000161,1574,655,919
114000162,858,434,424
114000163,5,132,-127
114000165,250,77,173
114000166,601,109,492
114000167,4388,1027,3361
114000168,774,541,233
114000169,1620,254,1366
114000170,784,279,505
114000171,374,639,-265
114000174,157,341,-184
114000176,668,299,369
114000177,1499,611,888
114000178,12,58,-46
114000179,828,418,410
114000180,215,380,-165
114000181,904,1202,-298
114000182,3899,1600,2299
114000183,827,880,-53
114000184,5403,1481,3922
114000185,491,586,-95
114000189,140,24,116
114000190,687,59,628
114000191,6,17,-11
114000192,245,1228,-983
114000193,721,2516,-1795
114000194,644,1014,-370
114000195,11,6,5
114000196,2,282,-280
114000197,283,88,195
114000198,775,299,476
114000199,1249,689,560
114000200,508,2084,-1576
114000201,66,914,-848
114000202,482,589,-107
114000203,280,949,-669
114000204,70,302,-232
114000205,223,1670,-1447
114000206,205,1042,-837
114000207,377,1742,-1365
114000208,298,2554,-2256
114000209,523,3134,-2611
114000210,268,1708,-1440
114000211,498,1171,-673
114000212,367,507,-140
114000213,632,434,198
114000214,33,245,-212
114000215,60,42,18
114000216,224,91,133
114000217,38,222,-184
114000218,85,241,-156
114000219,280,186,94
114000220,2,1195,-1193
114000221,188,55,133
114000222,113,1085,-972
114000223,180,29,151
114000224,95,564,-469
114000225,45,412,-367
114000226,20,214,-194
114000227,502,436,66
114000228,311,845,-534
114000229,268,1051,-783
114000230,650,1307,-657
114000231,328,957,-629
114000232,189,82,107
114000233,730,120,610
114000234,508,820,-312
114000235,347,1202,-855
114000236,0,394,-394
114000237,39,1058,-1019
114000238,13,98,-85
114000239,99,1290,-1191
114000240,356,468,-112
114000241,197,966,-769
114000242,693,749,-56
114000243,477,620,-143
114000244,238,228,10
114000245,167,445,-278
114000246,120,45,75
114000247,265,579,-314
114000248,328,392,-64
114000249,241,381,-140
114000250,99,402,-303
114000251,50,255,-205
114000252,34,84,-50
114000253,40,241,-201
114000254,7,83,-76
114000255,297,115,182
114000256,1198,298,900
114000257,728,2110,-1382
114000258,52,370,-318
114000259,23,215,-192
114000260,0,18,-18
114000261,12,11,1
114000262,21,207,-186
114000263,2,0,2
114000264,187,455,-268
114000265,0,3,-3
114000267,4,866,-862
114000268,1,1722,-1721
114000270,56,0,56
114000271,118,73,45
114000283,365,309,56
114000285,37,276,-239
114000288,25,362,-337
114000289,802,178,624
114000293,52,250,-198
114000294,127,374,-247
114000395,526,51,475
114000396,106,186,-80
114000402,156,285,-129
114000403,124,513,-389
114000405,64,541,-477
114000423,54,486,-432
114000424,223,149,74
114000425,105,581,-476
114000426,173,274,-101
114000427,35,124,-89
114000428,302,58,244
114000429,5,181,-176
114000432,31,130,-99
114000434,21,118,-97
114000435,0,170,-170
114900001,157,1351,-1194
114900002,175,23,152
114900003,94,1859,-1765
114900004,95,60,35
114900005,122,890,-768
114900006,11,9,2
114900007,29,7,22
114900008,41,28,13
114900010,2825,1608,1217
114900011,14,47,-33
114900013,30,41,-11
114900018,453,62,391
114900020,20,26,-6
114900022,13,558,-545
114900025,185,166,19
114900026,40,29,11
114900029,48,18,30
114900030,58,147,-89
114900031,62,45,17
114900032,45,16,29
114900034,46,350,-304
114900035,152,174,-22
114900036,181,1006,-825
114900039,447,816,-369
114900040,31,253,-222
114900041,190,708,-518
114900042,281,940,-659
114900044,26,13,13
114900047,123,945,-822
114900048,28,205,-177
114900049,23,397,-374
114900050,29,619,-590
114900051,16,428,-412
114900052,53,114,-61
114900053,22,174,-152
114900054,19,126,-107
114900057,61,2,59
114900058,0,92,-92
114900059,18,15,3
114900063,34,296,-262
114900064,314,716,-402
114900065,87,620,-533
114900067,5,370,-365
114900068,55,350,-295
114900069,225,182,43
114900070,115,565,-450
114900072,7,283,-276
114900073,1,161,-160
114900074,103,928,-825
114900075,45,1,44
114900076,4,298,-294
114900080,2431,300,2131
114900082,3306,1206,2100
114900083,234,626,-392
114900090,64,43,21
114900091,73,156,-83
114900097,30,1,29
114900098,7,209,-202
114900099,37,1,36
115000001,7178,5657,1521
115000002,1879,2212,-333
115000003,2861,3968,-1107
115000004,1233,3004,-1771
115000005,636,2439,-1803
115000006,265,1006,-741
115000007,56,94,-38
115000008,225,319,-94
115000009,58,312,-254
115000010,166,140,26
115000013,65,78,-13
115000015,98,127,-29
115000016,33,97,-64
115000019,11,250,-239
115000020,91,108,-17
115000021,191,338,-147
115000022,306,237,69
115000023,167,174,-7
115000024,559,403,156
115000025,380,230,150
115000026,128,323,-195
115000027,99,115,-16
115000028,50,378,-328
115000029,127,78,49
115000030,102,506,-404
115000031,352,95,257
115000032,11,224,-213
115000033,34,5,29
115000034,80,670,-590
115000035,433,14,419
115000036,2,359,-357
115000037,89,4,85
115000038,40,171,-131
115000039,2177,1230,947
115000040,5212,2012,3200
115000041,674,1540,-866
115000042,495,402,93
115000043,1895,1553,342
115000044,2525,3552,-1027
115000045,1097,2444,-1347
115000046,852,1570,-718
115000047,881,1443,-562
115000048,990,2726,-1736
115000049,1014,2231,-1217
115000050,1291,1227,64
115000051,1472,825,647
115000052,2696,1589,1107
115000053,861,685,176
115000054,696,1100,-404
115000055,21,236,-215
115000056,94,152,-58
115000057,203,512,-309
115000058,215,84,131
115000059,80,318,-238
115000061,85,54,31
115000062,52,259,-207
115000063,56,280,-224
115000064,67,141,-74
115000065,4,141,-137
115000067,140,13,127
115000069,24,177,-153
115000070,17,387,-370
115000071,102,5,97
115000072,20,43,-23
115000073,791,7,784
115000075,13,46,-33
115000076,2476,2678,-202
115000077,772,3421,-2649
115000078,271,1647,-1376
115000079,426,2070,-1644
115000080,965,2625,-1660
115000081,287,770,-483
115000082,1688,1841,-153
115000083,988,3145,-2157
115000084,530,772,-242
115000085,214,1047,-833
115000086,284,832,-548
115000087,408,1177,-769
115000088,790,464,326
115000089,1285,1308,-23
115000090,656,412,244
115000091,262,1241,-979
115000092,210,237,-27
115000093,271,1,270
115000094,5604,3016,2588
115000095,4871,2874,1997
115000096,381,1859,-1478
115000097,210,621,-411
115000098,284,754,-470
115000099,719,2768,-2049
115000100,328,346,-18
115000101,257,1469,-1212
115000102,159,92,67
115000103,351,818,-467
115000105,38,214,-176
115000106,122,125,-3
115000107,115,555,-440
115000108,3027,2560,467
115000109,3748,1204,2544
115000110,801,502,299
115000111,521,1153,-632
115000112,334,279,55
115000113,633,668,-35
115000114,1130,634,496
115000116,1846,753,1093
115000117,2564,952,1612
115000118,1531,808,723
115000119,1599,999,600
115000120,539,365,174
115000121,1452,459,993
115000122,2813,444,2369
115000123,1365,731,634
115000124,487,371,116
115000125,213,405,-192
115000126,72,178,-106
115000127,188,65,123
115000128,686,484,202
115000129,111,112,-1
115000130,157,958,-801
115000131,173,261,-88
115000132,47,405,-358
115000133,119,251,-132
115000134,55,190,-135
115000135,43,212,-169
115000136,114,189,-75
115000137,45,154,-109
115000138,82,205,-123
115000139,96,199,-103
115000140,58,183,-125
115000141,99,257,-158
115000142,38,297,-259
115000143,195,383,-188
115000144,207,43,164
115000145,81,449,-368
115000146,104,190,-86
115000147,193,447,-254
115000148,199,1435,-1236
115000149,214,141,73
115000150,361,1499,-1138
115000151,246,331,-85
115000152,300,1833,-1533
115000153,205,285,-80
115000154,245,207,38
115000155,276,1169,-893
115000156,538,352,186
115000157,555,701,-146
115000158,404,218,186
115000159,515,211,304
115000160,374,132,242
115000161,127,414,-287
115000162,363,313,50
115000163,442,388,54
115000164,337,328,9
115000165,235,260,-25
115000167,60,67,-7
115000168,420,224,196
115000169,346,234,112
115000170,68,125,-57
115000171,206,152,54
115000172,1327,354,973
115000173,179,148,31
115000174,44,114,-70
115000175,80,91,-11
115000176,92,40,52
115000177,40,60,-20
115000178,16,257,-241
115000179,14,13,1
115000180,40,521,-481
115000181,165,64,101
115000182,226,283,-57
115000183,76,772,-696
115000186,308,182,126
115000187,32,597,-565
115000188,306,285,21
115000189,191,296,-105
115000190,439,175,264
115000191,110,290,-180
115000194,119,74,45
115000195,321,162,159
115000196,42,122,-80
115000197,72,404,-332
115000198,78,243,-165
115000199,54,344,-290
115000200,163,118,45
115000201,51,349,-298
115000206,64,19,45
115000207,20,202,-182
115000208,325,454,-129
115000209,153,90,63
115000210,73,47,26
115000211,111,162,-51
115000212,1015,178,837
115000224,57,43,14
115000225,33,38,-5
115000229,136,109,27
115000230,42,323,-281
115000231,228,2184,-1956
115000232,478,288,190
115000233,39,192,-153
115000234,8,192,-184
115000241,20,246,-226
115000242,23,236,-213
115000243,20,232,-212
115000244,3,75,-72
115000246,12,6,6
115000247,15,5,10
115000248,3,1,2
115000249,29,4,25
115000250,70,27,43
115000251,44,140,-96
115000252,24,131,-107
115000253,6,98,-92
115000258,82,162,-80
115000259,187,118,69
115000261,16,26,-10
115000262,0,20,-20
115000263,1,22,-21
115000264,9,30,-21
115000267,16,43,-27
115000268,14,47,-33
115000269,39,40,-1
115000270,1,9,-8
115000272,40,81,-41
115000273,64,16,48
115000280,2534,35,2499
115000281,579,101,478
115000282,467,172,295
115000284,307,66,241
115000296,229,8,221
115000297,115,8,107
115000298,117,35,82
115000300,45,155,-110
115000302,105,140,-35
115000303,144,108,36
115000304,217,95,122
115000305,35,970,-935
115000306,62,570,-508
115000307,3,258,-255
115000308,40,26,14
115000309,1,0,1
115000310,354,1216,-862
115000311,238,1070,-832
115000313,108,690,-582
115000314,119,57,62
115000315,1049,230,819
115000316,16,27,-11
115000317,68,354,-286
115000318,298,142,156
115000319,6,209,-203
115000320,4,64,-60
115000321,115,5,110
115000322,22,189,-167
115000449,213,46,167
115000557,0,228,-228
115000558,118,38,80
115000587,128,225,-97
115000588,1532,3482,-1950
115000589,1736,2070,-334
115000590,572,1138,-566
115000591,1163,470,693
115000592,449,1063,-614
115000593,960,283,677
115000594,659,954,-295
115000609,158,140,18
115000617,1176,634,542
115000624,46,66,-20
115000633,263,1301,-1038
115000634,1505,441,1064
115000635,97,98,-1
115000638,1063,611,452
115000641,66,38,28
115000642,300,174,126
115000643,58,384,-326
115000644,109,384,-275
115000646,495,603,-108
115000647,65,300,-235
115000648,419,1229,-810
115000893,3040,647,2393
115000894,35,1026,-991
115000895,233,682,-449
115000896,717,222,495
115000897,278,52,226
115000898,662,125,537
115000899,783,650,133
115000900,58,256,-198
115000901,54,56,-2
115000912,123,39,84
115000913,2,21,-19
115000915,12,0,12
115000916,3,0,3
115000917,0,0,0
115000918,73,77,-4
115000919,32,3,29
115000920,8,10,-2
115000921,970,38,932
115000922,890,265,625
115000923,369,594,-225
115000925,38,67,-29
115000927,7,31,-24
115000933,258,102,156
115000934,29,177,-148
115000935,13,65,-52
115000936,51,185,-134
115000937,1334,93,1241
115000938,215,90,125
115000939,253,74,179
115000940,2,10,-8
115000941,2,4,-2
115000942,43,25,18
115000943,49,13,36
115000944,2,1,1
115900001,6,78,-72
115900002,82,135,-53
115900003,55,132,-77
115900004,0,37,-37
115900005,23,1,22
115900006,55,286,-231
115900008,16,11,5
115900009,36,203,-167
115900010,60,166,-106
115900011,75,222,-147
115900012,20,114,-94
115900013,347,103,244
115900014,46,137,-91
115900015,15,152,-137
115900016,51,20,31
115900017,3,0,3
115900018,181,79,102
115900019,75,7,68
115900020,4,0,4
115900021,1494,48,1446
115900022,2085,3,2082
115900023,6,0,6
115900025,56,94,-38
115900026,734,369,365
115900027,1,381,-380
115900028,405,32,373
115900029,5,457,-452
115900030,8,4,4
115900031,244,103,141
115900032,175,474,-299
115900033,1,29,-28
115900034,13,446,-433
115900035,18,61,-43
115900036,151,123,28
115900037,11,503,-492
115900038,2,4,-2
115900039,37,253,-216
115900041,154,109,45
115900042,1,4,-3
115900043,13,115,-102
115900044,122,96,26
115900046,81,253,-172
115900047,44,15,29
115900049,65,185,-120
115900051,0,72,-72
115900052,8,384,-376
115900053,49,244,-195
115900054,29,35,-6
115900055,22,214,-192
115900056,44,277,-233
115900057,2,3,-1
115900058,28,106,-78
115900060,13,107,-94
115900061,23,0,23
115900062,4,359,-355
115900063,32,7,25
115900064,87,175,-88
115900065,26,118,-92
115900066,142,158,-16
115900067,6,788,-782
115900068,3736,72,3664
115900069,34,167,-133
115900070,29,257,-228
115900071,0,613,-613
115900072,53,163,-110
115900073,12,13,-1
115900074,3,325,-322
115900075,32,307,-275
115900076,2,103,-101
115900077,4,291,-287
115900078,34,132,-98
115900079,35,6,29
115900080,336,125,211
115900081,6,62,-56
115900082,149,108,41
115900084,56,15,41
115900085,39,15,24
115900086,1198,249,949
115900088,2,8,-6
115900089,80,779,-699
115900090,44,8,36
115900091,0,11,-11
115900092,5,201,-196
115900093,0,46,-46
115900094,3,405,-402
115900096,0,17,-17
115900097,11,598,-587
115900098,28,364,-336
115900099,9,73,-64
115900100,10,493,-483
115900101,49,304,-255
115900102,6,61,-55
115900103,86,139,-53
115900104,15,181,-166
115900105,37,673,-636
115900106,13,5,8
115900107,19,185,-166
115900108,20,49,-29
115900109,32,400,-368
115900110,0,9,-9
115900111,1,59,-58
115900112,15,696,-681
115900113,7,8,-1
115900114,2,162,-160
115900115,11,75,-64
115900116,40,802,-762
115900117,7,9,-2
115900118,3,419,-416
115900119,25,70,-45
115900120,9,282,-273
115900121,64,141,-77
115900124,84,142,-58
115900125,99,11,88
115900126,133,30,103
115900127,172,22,150
115900128,7,55,-48
115900129,299,17,282
115900130,20,157,-137
115900131,53,20,33
115900132,76,10,66
115900134,51,7,44
115900135,474,324,150
115900137,3,4,-1
115900139,44,13,31
115900140,30,11,19
115900141,2,16,-14
115900142,4,4,0
115900143,40,122,-82
115900144,42,114,-72
115900146,2,129,-127
115900147,87,118,-31
115900148,0,19,-19
115900149,11,41,-30
115900150,13,98,-85
115900151,1,44,-43
115900152,12,301,-289
115900153,14,198,-184
115900154,307,217,90
115900155,0,45,-45
115900156,215,542,-327
115900157,23,314,-291
115900158,13,4,9
115900159,15,227,-212
115900160,2,1,1
115900161,20,131,-111
115900163,63,48,15
115900164,59,58,1
115900166,123,161,-38
115900168,22,159,-137
115900171,56,201,-145
115900172,9,112,-103
115900173,53,132,-79
115900174,188,179,9
115900175,36,108,-72
115900178,2,595,-593
115900179,38,4,34
115900180,20,309,-289
115900181,50,279,-229
115900182,124,275,-151
115900183,42,11,31
115900184,904,15,889
115900187,2,80,-78
115900189,0,42,-42
115900190,294,249,45
115900191,39,483,-444
115900192,1,30,-29
115900193,67,25,42
115900194,140,10,130
115900195,270,300,-30
115900198,141,165,-24
115900199,105,162,-57
115900200,330,168,162
115900201,80,114,-34
115900202,1,2,-1
115900203,0,1,-1
115900204,0,0,0
115900205,13,0,13
115900206,35,107,-72
115900207,2,11,-9
115900208,26,257,-231
115900209,0,139,-139
115900210,2,142,-140
115900211,2,177,-175
115900212,33,202,-169
115900213,30,4,26
115900214,63,159,-96
115900215,14,25,-11
115900216,4,67,-63
115900217,1,64,-63
115900218,2,46,-44
115900219,17,1,16
115900220,11,1,10
115900221,8,7,1
115900222,5,2,3
115900223,3,25,-22
115900224,1269,126,1143
115900225,72,9,63
115900226,1,32,-31
115900227,17,21,-4
115900228,0,14,-14
115900229,7,34,-27
115900230,36,37,-1
115900231,33,0,33
115900232,5,0,5
115900233,20,0,20
115900234,11,4,7
115900235,3,4,-1
115900236,2,29,-27
115900237,0,48,-48
115900238,8,14,-6
115900239,3,23,-20
115900240,4,39,-35
115900241,42,58,-16
115900242,124,105,19
115900243,2,5,-3
115900244,0,5,-5
115900245,13,10,3
115900246,6,0,6
115900247,6,3,3
115900248,5,1,4
115900249,1,1,0
115900250,1,7,-6
115900251,0,0,0
115900252,0,3,-3
115900253,2,5,-3
115900254,8,16,-8
115900255,3,6,-3
115900256,15,13,2
115900257,2,4,-2
115900258,0,1,-1
115900259,7,1,6
115900260,10,1,9
115900261,5,0,5
115900262,0,1,-1
115900263,2,2,0
115900264,4,13,-9
115900265,1,1,0
115900266,1,1,0
115900267,0,4,-4
115900268,2,8,-6
115900269,63,349,-286
115900270,131,652,-521
115900271,11,0,11
115900272,7,1,6
115900273,1,5,-4
115900274,0,6,-6
115900275,0,30,-30
115900276,0,60,-60
115900277,0,100,-100
115900278,6,57,-51
115900279,4,89,-85
115900280,13,74,-61
115900281,407,80,327
115900282,14,1,13
115900283,1,3,-2
115900284,10,3,7
116000001,14202,3862,10340
116000002,2201,2260,-59
116000003,1035,1550,-515
116000004,905,933,-28
116000005,1531,2104,-573
116000006,822,692,130
116000007,2729,3366,-637
116000008,2083,857,1226
116000009,1177,2385,-1208
116000010,590,521,69
116000011,492,1460,-968
116000012,328,325,3
116000013,12325,3521,8804
116000014,16867,3204,13663
116000015,359,310,49
116000016,6470,789,5681
116000017,18,220,-202
116000018,455,284,171
116000019,219,120,99
116000020,271,980,-709
116000021,71,187,-116
116000022,154,362,-208
116000023,296,242,54
116000024,482,1055,-573
116000025,212,238,-26
116000026,829,1674,-845
116000027,201,317,-116
116000028,221,376,-155
116000029,690,424,266
116000030,144,148,-4
116000031,82,148,-66
116000032,106,227,-121
116000033,79,344,-265
116000034,237,602,-365
116000035,110,471,-361
116000036,1417,240,1177
116000037,415,201,214
116000038,306,157,149
116000039,467,174,293
116000040,499,96,403
116000041,221,393,-172
116000042,258,131,127
116000043,40,395,-355
116000044,9,63,-54
116000045,709,603,106
116000046,556,570,-14
116000047,1140,1153,-13
116000048,1175,886,289
116000049,440,1069,-629
116000050,814,1145,-331
116000051,1247,982,265
116000052,1518,2296,-778
116000053,581,835,-254
116000054,274,1846,-1572
116000055,222,1228,-1006
116000056,252,661,-409
116000057,1723,1820,-97
116000058,1942,1465,477
116000059,1417,1815,-398
116000060,2726,631,2095
116000061,437,737,-300
116000062,448,266,182
116000063,232,962,-730
116000066,102,152,-50
116000067,170,560,-390
116000068,80,86,-6
116000069,165,415,-250
116000078,126,575,-449
116000080,515,826,-311
116000082,4,66,-62
116000083,667,268,399
116000084,1474,3024,-1550
116000085,1035,512,523
116000086,1629,1337,292
116000087,697,444,253
116000088,494,854,-360
116000089,71,68,3
116000090,102,122,-20
116000091,92,78,14
116000093,496,309,187
116000094,184,526,-342
116000095,319,357,-38
116000096,266,717,-451
116000097,175,537,-362
116000098,187,2070,-1883
116000099,5959,224,5735
116000100,31,6,25
116000101,199,1217,-1018
116000102,107,1017,-910
116000103,204,170,34
116000104,64,1281,-1217
116000105,327,172,155
116000106,124,1028,-904
116000107,556,439,117
116000108,7,129,-122
116000111,16,8,8
116000113,119,30,89
116000114,43,168,-125
116000115,45,35,10
116000116,134,460,-326
116000117,534,995,-461
116000118,617,1228,-611
116000119,766,874,-108
116000120,1301,3641,-2340
116000121,377,223,154
116000122,918,2092,-1174
116000123,175,244,-69
116000124,130,943,-813
116000125,546,337,209
116000126,111,1104,-993
116000127,642,1324,-682
116000128,571,396,175
116000129,230,186,44
116000130,101,130,-29
116000133,185,705,-520
116000134,664,2359,-1695
116000135,568,1074,-506
116000136,532,1820,-1288
116000137,234,443,-209
116000138,902,268,634
116000139,983,1743,-760
116000140,59,187,-128
116000141,211,818,-607
116000142,2783,2990,-207
116000143,1377,978,399
116000144,739,2360,-1621
116000145,713,1104,-391
116000146,167,277,-110
116000147,79,74,5
116000148,131,268,-137
116000149,257,403,-146
116000151,269,832,-563
116000153,33,232,-199
116000155,113,126,-13
116000156,508,534,-26
116000157,6,22,-16
116000158,83,372,-289
116000159,10,3,7
116000160,22,102,-80
116000161,2,73,-71
116000162,28,17,11
116000163,5,1,4
116000164,2,4,-2
116000177,12,65,-53
116000194,34,193,-159
116000195,701,471,230
116000196,0,2,-2
116000197,1,4,-3
116000198,1100,586,514
116000200,448,171,277
116000201,273,498,-225
116000202,1,291,-290
116000203,0,77,-77
116000204,4,34,-30
116000205,0,121,-121
116000206,0,98,-98
116000207,5,32,-27
116000233,63,588,-525
116000287,40,494,-454
116000288,37,201,-164
116000292,11,179,-168
116000296,0,152,-152
116000297,32,21,11
116000304,15,29,-14
116000305,26,93,-67
116000346,17,203,-186
116000352,28,57,-29
116000354,12,17,-5
116000357,0,5,-5
116000358,75,26,49
116000361,495,1,494
116000372,7466,1249,6217
116000381,26,0,26
116000388,0,49,-49
116000389,305,456,-151
116000445,81,796,-715
116000446,80,863,-783
116000447,3,268,-265
116000448,380,185,195
116000563,505,285,220
116000565,67,358,-291
116000568,24,84,-60
116000579,11,104,-93
116000583,21,79,-58
116000584,3,10,-7
116000585,4,15,-11
116000586,139,47,92
116000587,80,285,-205
116000589,20,55,-35
116000590,33,38,-5
116000591,22,201,-179
116000592,5,122,-117
116000593,0,39,-39
116000594,78,521,-443
116000595,255,149,106
116000596,15,7,8
116000597,75,34,41
116000598,9,217,-208
116000605,72,79,-7
116000606,8,83,-75
116000607,3,46,-43
116000609,92,258,-166
116000611,17,494,-477
116000612,289,1298,-1009
116000613,91,231,-140
116000614,305,686,-381
116000615,1,66,-65
116000616,10,104,-94
116000617,15,95,-80
116000618,1,183,-182
116000619,10,37,-27
116000620,5,14,-9
116000621,19,31,-12
116000622,7,102,-95
116000624,22,50,-28
116000627,7,74,-67
116000628,19,525,-506
116000629,25,297,-272
116000630,57,19,38
116000631,27,36,-9
116000632,132,101,31
116000633,51,346,-295
116000634,125,247,-122
116000635,1975,912,1063
116000636,718,615,103
116000637,91,109,-18
116000638,41,465,-424
116000639,17,2,15
116000640,4,8,-4
116000641,20,180,-160
116000643,0,100,-100
116000644,7,918,-911
116000645,10,19,-9
116900001,67,139,-72
116900002,154,3,151
116900003,6,65,-59
116900004,11,23,-12
116900005,64,26,38
116900006,104,131,-27
116900007,59,152,-93
116900008,86,385,-299
116900009,2,1,1
116900010,3,1568,-1565
116900011,16,32,-16
116900012,48,138,-90
116900013,4,89,-85
116900014,26,322,-296
116900016,17,0,17
116900017,2,567,-565
116900018,15,19,-4
116900019,3,315,-312
116900020,1080,164,916
116900023,22,5,17
116900025,221,736,-515
116900026,82,494,-412
116900027,4,27,-23
116900028,2,88,-86
116900029,33,9,24
116900031,1,1,0
116900032,4,298,-294
116900033,0,7,-7
116900034,7,53,-46
116900035,37,118,-81
116900036,1,82,-81
116900038,9,3,6
116900041,9,10,-1
116900042,764,113,651
116900043,6,40,-34
116900047,55,21,34
116900049,19,184,-165
116900050,21,247,-226
116900051,11,169,-158
116900052,80,57,23
116900055,2,2,0
116900057,6,212,-206
116900058,14,298,-284
116900059,0,117,-117
116900060,61,161,-100
116900062,0,0,0
116900064,15,779,-764
116900065,6,47,-41
116900067,29,106,-77
116900068,56,414,-358
116900070,0,0,0
116900072,11,443,-432
116900073,14,107,-93
116900074,1,25,-24
116900076,3,14,-11
116900077,8,146,-138
116900078,149,81,68
116900079,8,272,-264
116900080,5,15,-10
116900081,83,907,-824
116900082,98,985,-887
116900083,25,57,-32
116900084,112,46,66
116900085,5,102,-97
116900086,17,165,-148
116900088,304,28,276
116900090,113,35,78
116900091,38,86,-48
116900092,31,560,-529
116900093,1272,1054,218
116900094,5104,1101,4003
116900095,76,158,-82
116900096,56,38,18
116900097,2251,645,1606
116900098,758,88,670
116900099,288,162,126
116900100,199,6,193
116900101,195,568,-373
116900103,0,1,-1
116900104,16,54,-38
116900105,117,22,95
116900106,345,292,53
116900107,3007,547,2460
116900110,14,0,14
116900111,106,833,-727
116900112,76,542,-466
116900113,1728,583,1145
116900116,56,119,-63
116900117,12,58,-46
116900118,851,369,482
116900120,48,74,-26
116900121,19,45,-26
116900122,134,740,-606
116900123,24,619,-595
116900124,63,568,-505
116900125,77,166,-89
116900126,153,318,-165
116900128,0,14,-14
116900129,1,315,-314
116900130,797,1516,-719
116900131,19,104,-85
116900132,11,83,-72
116900133,34,68,-34
116900134,77,143,-66
116900136,49,160,-111
116900137,93,116,-23
116900138,94,172,-78
116900139,30,305,-275
116900140,73,155,-82
116900141,194,227,-33
116900142,0,7,-7
116900143,83,448,-365
116900144,1,25,-24
116900145,27,255,-228
116900147,423,217,206
116900148,1,22,-21
116900149,8,64,-56
116900150,5,3,2
116900151,50,12,38
116900153,17,28,-11
116900154,190,71,119
116900155,23,24,-1
116900157,79,253,-174
116900158,24,33,-9
116900159,30,110,-80
116900160,242,113,129
116900161,7168,1803,5365
116900162,3,108,-105
116900163,22,128,-106
116900164,22,15,7
116900165,77,44,33
116900166,3,75,-72
116900167,68,64,4
116900168,35,60,-25
116900169,359,71,288
116900170,75,113,-38
116900171,32,219,-187
116900172,140,39,101
116900173,21,35,-14
116900174,9,18,-9
116900175,66,42,24
116900178,4,160,-156
116900179,46,33,13
116900180,35,31,4
116900182,104,174,-70
116900183,51,38,13
116900185,12,15,-3
116900186,68,263,-195
116900187,7,8,-1
116900188,24,3,21
116900189,1,2,-1
116900191,115,234,-119
116900192,62,116,-54
116900194,20,227,-207
116900195,10,8,2
116900196,15,93,-78
116900197,15,2,13
116900198,237,113,124
116900200,4,47,-43
116900201,8,2,6
116900202,51,39,12
116900203,26,0,26
116900204,16,35,-19
116900206,6,46,-40
116900207,5,22,-17
116900208,3,96,-93
116900209,8,96,-88
116900210,123,113,10
116900211,123,9,114
116900212,2,74,-72
116900213,97,178,-81
116900214,28,102,-74
116900215,34,81,-47
116900216,56,288,-232
116900218,3,374,-371
116900219,428,328,100
116900220,64,189,-125
116900221,45,162,-117
116900222,303,261,42
116900223,64,112,-48
116900226,3,96,-93
116900227,38,60,-22
116900228,71,238,-167
116900230,12,827,-815
116900233,113,150,-37
116900234,2,4,-2
116900235,45,220,-175
116900238,1022,174,848
116900239,13,326,-313
116900240,4433,1030,3403
116900241,8,127,-119
116900242,1069,92,977
116900243,0,27,-27
116900245,7,10,-3
116900246,24,12,12
116900247,123,8,115
116900248,14,14,0
116900249,44,68,-24
116900250,50,27,23
116900251,313,79,234
116900252,9,678,-669
116900254,1,68,-67
116900255,51,11,40
116900256,93,44,49
116900257,2,530,-528
116900258,3,332,-329
116900259,11,2,9
116900260,0,120,-120
116900261,12,1,11
116900262,33,106,-73
116900263,0,6,-6
116900264,8,9,-1
116900265,6,0,6
116900266,3,26,-23
116900267,8,2,6
116900268,3,11,-8
116900269,159,438,-279
116900271,1627,35,1592
116900272,298,435,-137
116900273,176,16,160
116900274,62,49,13
116900275,38,98,-60
116900276,174,30,144
116900277,405,6,399
116900278,1,3,-2
116900279,0,11,-11
116900280,0,30,-30
116900281,4998,841,4157
116900282,2,129,-127
116900283,5,115,-110
116900284,13,150,-137
116900285,246,69,177
116900286,157,7,150
116900287,2,70,-68
116900288,15,142,-127
116900289,3,34,-31
116900290,0,20,-20
116900291,2,5,-3
116900292,0,0,0
116900293,11,74,-63
116900294,9,81,-72
116900295,67,24,43
116900296,28,53,-25
116900297,1,24,-23
116900298,69,36,33
116900299,11,22,-11
116900300,0,123,-123
116900301,44,49,-5
116900302,21,22,-1
116900303,348,21,327
116900304,0,84,-84
116900305,4,7,-3
116900306,32,139,-107
116900307,31,0,31
116900308,0,225,-225
116900309,15,71,-56
116900310,5,49,-44
117000001,535,678,-143
117000002,887,3198,-2311
117000003,3756,1657,2099
117000004,3025,3568,-543
117000005,627,950,-323
117000006,623,3447,-2824
117000007,1503,884,619
117000008,814,3225,-2411
117000009,2864,792,2072
117000010,2045,2918,-873
117000011,594,990,-396
117000012,707,1509,-802
117000013,515,853,-338
117000014,379,1929,-1550
117000015,1661,739,922
117000016,260,49,211
117000017,272,88,184
117000018,64,158,-94
117000019,48,3,45
117000020,664,485,179
117000021,2372,322,2050
117000022,281,43,238
117000023,435,106,329
117000024,245,39,206
117000025,492,380,112
117000026,1508,425,1083
117000027,1532,776,756
117000028,715,330,385
117000030,349,460,-111
117000031,358,160,198
117000032,1279,1070,209
117000033,667,565,102
117000034,127,204,-77
117000035,153,175,-22
117000036,175,188,-13
117000037,90,149,-59
117000038,116,279,-163
117000039,142,245,-103
117000040,126,1122,-996
117000041,377,105,272
117000044,21,956,-935
117000045,181,39,142
117000046,263,700,-437
117000047,272,498,-226
117000048,1425,1054,371
117000049,84,257,-173
117000050,55,2327,-2272
117000051,768,125,643
117000052,4,574,-570
117000053,70,42,28
117000054,624,3,621
117000055,144,3024,-2880
117000056,196,9,187
117000057,484,1492,-1008
117000060,222,1901,-1679
117000061,464,353,111
117000062,169,420,-251
117000063,513,346,167
117000064,688,570,118
117000066,850,353,497
117000067,109,221,-112
117000074,161,50,111
117000076,53,31,22
117000077,98,49,49
117000078,51,338,-287
117000079,99,104,-5
117000080,5,318,-313
117000081,268,58,210
117000082,19,40,-21
117000083,43,4,39
117000084,166,1,165
117000085,62,284,-222
117000086,543,590,-47
117000087,113,308,-195
117000088,185,84,101
117000089,696,222,474
117000090,115,1310,-1195
117000091,240,227,13
117000092,160,1648,-1488
117000093,335,487,-152
117000094,298,2050,-1752
117000095,860,560,300
117000096,256,2146,-1890
117000097,383,825,-442
117000098,2068,4838,-2770
117000099,1013,481,532
117000100,79,78,1
117000101,203,1088,-885
117000102,468,323,145
117000103,516,1622,-1106
117000104,456,299,157
117000105,327,1907,-1580
117000106,367,359,8
117000107,256,2386,-2130
117000108,484,455,29
117000109,1111,2765,-1654
117000110,525,320,205
117000111,1718,3124,-1406
117000112,1208,1212,-4
117000113,29,356,-327
117000114,59,61,-2
117000115,62,158,-96
117000116,21,139,-118
117000117,902,229,673
117000118,127,181,-54
117000119,114,27,87
117000120,66,58,8
117000121,14,194,-180
117000122,376,336,40
117000123,910,12,898
117000124,169,20,149
117000125,212,26,186
117000126,29,45,-16
117000127,109,225,-116
117000128,284,298,-14
117000129,386,274,112
117000130,45,0,45
117000131,0,223,-223
117000132,580,44,536
117000133,314,123,191
117000134,1,63,-62
117000135,4,22,-18
117000136,0,62,-62
117000137,36,19,17
117000138,0,353,-353
117000140,232,1667,-1435
117000141,543,364,179
117000181,684,230,454
117000182,161,80,81
117000195,146,1201,-1055
117000196,36,44,-8
117000225,69,5,64
117000226,2,51,-49
117000276,52,5,47
117000277,4,483,-479
117000310,1472,1753,-281
117000315,27,298,-271
117000320,63,0,63
117000906,31,6,25
117000907,7,451,-444
117000909,52,47,5
117000910,117,70,47
117000911,68,233,-165
117000915,7,454,-447
117000916,6,1,5
117000917,312,11,301
117000918,47,63,-16
117000919,10,151,-141
117000920,1,1373,-1372
117000921,7,2126,-2119
117000922,14,62,-48
117000924,160,402,-242
117000926,930,38,892
117000927,458,136,322
117000928,1,264,-263
117000929,151,453,-302
117000930,69,24,45
117000931,225,29,196
117900002,85,268,-183
117900003,669,182,487
117900005,0,3,-3
117900006,0,25,-25
117900007,30,141,-111
117900008,0,38,-38
117900010,78,96,-18
117900011,17,3,14
117900012,9,156,-147
117900013,1,246,-245
117900014,291,279,12
117900015,10,223,-213
117900016,850,203,647
117900017,208,506,-298
117900018,136,30,106
117900019,106,530,-424
117900020,34,87,-53
117900021,5,104,-99
117900023,515,30,485
117900024,51,154,-103
117900025,72,16,56
117900026,115,348,-233
117900028,9,1,8
117900029,62,849,-787
117900030,102,102,0
117900031,44,55,-11
117900032,230,111,119
117900033,87,872,-785
117900034,43,46,-3
117900035,35,32,3
117900036,61,664,-603
117900037,34,117,-83
117900038,13,441,-428
117900039,1,72,-71
117900040,63,556,-493
117900041,0,63,-63
117900042,3621,282,3339
117900043,19,42,-23
117900044,6,1038,-1032
117900045,74,61,13
117900048,53,289,-236
117900049,74,559,-485
117900050,3,18,-15
117900051,10,5,5
117900052,40,161,-121
117900053,360,469,-109
117900054,0,22,-22
117900055,85,75,10
117900056,128,19,109
117900057,405,1012,-607
117900058,23,10,13
117900059,350,43,307
117900060,210,4337,-4127
117900061,5,58,-53
117900063,67,161,-94
117900065,543,802,-259
117900066,1,48,-47
117900067,157,254,-97
117900069,206,434,-228
117900070,88,3,85
117900071,60,104,-44
117900073,69,280,-211
117900074,104,2,102
117900075,8,83,-75
117900076,20,62,-42
117900077,50,68,-18
117900078,115,208,-93
117900080,62,35,27
117900081,416,274,142
117900082,96,110,-14
117900083,93,562,-469
117900086,29,43,-14
117900087,20,45,-25
117900088,1862,998,864
117900089,503,124,379
117900090,141,624,-483
117900091,81,79,2
117900092,14,53,-39
117900093,31,58,-27
117900094,3,9,-6
117900095,107,638,-531
117900096,22,191,-169
117900097,29,74,-45
117900098,3,1,2
117900099,42,406,-364
117900100,15,1,14
117900101,231,479,-248
117900102,11,43,-32
117900103,7,0,7
117900104,8,74,-66
117900105,60,129,-69
117900106,23,32,-9
117900107,9,0,9
117900109,95,181,-86
117900110,18,1,17
117900111,149,2,147
117900112,8,7,1
117900113,2497,1090,1407
117900114,1,2,-1
117900115,79,8,71
117900116,645,487,158
117900117,187,188,-1
117900118,9,0,9
117900119,35,277,-242
117900120,44,78,-34
117900121,9,7,2
117900122,600,616,-16
117900123,236,712,-476
117900124,392,349,43
117900125,631,396,235
117900126,250,399,-149
117900127,133,514,-381
117900128,85,788,-703
117900129,13,0,13
117900130,511,305,206
117900131,1,89,-88
117900132,6,56,-50
117900133,3,160,-157
117900134,24,180,-156
117900135,18,259,-241
117900136,1,58,-57
117900137,16,305,-289
117900138,0,52,-52
117900139,17,104,-87
117900140,3881,115,3766
117900141,81,209,-128
117900142,16,4,12
117900144,15,74,-59
117900145,17,6,11
117900146,119,118,1
117900147,12,43,-31
117900148,1977,584,1393
117900149,12,149,-137
117900150,9,97,-88
117900151,32,154,-122
117900152,96,105,-9
117900153,18,71,-53
117900154,124,434,-310
117900156,389,403,-14
117900157,46,266,-220
117900158,51,39,12
117900160,179,134,45
117900161,1570,1685,-115
117900162,83,249,-166
117900163,44,12,32
117900165,0,11,-11
117900166,74,67,7
117900168,71,98,-27
117900169,1,79,-78
117900170,2,35,-33
117900171,4,7,-3
117900172,14,38,-24
117900173,79,21,58
117900174,27,24,3
117900175,1,16,-15
117900176,8,38,-30
117900177,8,28,-20
117900178,47,25,22
117900180,146,13,133
117900181,60,94,-34
117900182,5,8,-3
117900183,17,89,-72
117900184,2,19,-17
117900185,7,20,-13
117900186,7,8,-1
117900187,4,3,1
117900188,117,15,102
117900189,23,5,18
117900190,2,0,2
117900191,24,0,24
117900192,19,0,19
117900193,5,32,-27
117900194,2,5,-3
117900195,4,12,-8
117900196,4,18,-14
117900207,47,18,29
117900208,12,23,-11
117900209,84,115,-31
117900210,150,114,36
117900211,8,120,-112
117900212,57,120,-63
117900213,6,9,-3
117900214,0,37,-37
117900215,9,59,-50
117900216,33,23,10
117900217,58,27,31
117900218,139,105,34
117900219,1,29,-28
117900220,21,48,-27
117900222,137,227,-90
117900223,102,91,11
118000001,452,231,221
118000002,1029,1259,-230
118000003,869,593,276
118000004,2149,1706,443
118000005,3921,889,3032
118000006,6323,3982,2341
118000007,4063,1189,2874
118000008,3851,1817,2034
118000009,1445,2003,-558
118000010,1834,2959,-1125
118000011,458,2441,-1983
118000012,555,2449,-1894
118000013,2517,2207,310
118000014,1553,3368,-1815
118000016,184,532,-348
118000017,130,262,-132
118000018,148,555,-407
118000019,1183,991,192
118000020,741,734,7
118000021,499,1110,-611
118000022,1464,452,1012
118000023,839,216,623
118000024,1299,415,884
118000027,13102,2854,10248
118000029,868,426,442
118000032,1073,870,203
118000033,1800,1417,383
118000034,3045,1125,1920
118000035,1143,893,250
118000036,669,722,-53
118000037,404,623,-219
118000038,57,114,-57
118000039,49,279,-230
118000040,932,1841,-909
118000041,1067,1046,21
118000045,470,86,384
118000046,1118,320,798
118000047,1116,245,871
118000048,2165,817,1348
118000051,1375,327,1048
118000052,810,190,620
118000053,187,180,7
118000054,1326,572,754
118000055,981,961,20
118000056,97,161,-64
118000057,130,199,-69
118000058,1963,625,1338
118000059,1395,355,1040
118000060,351,624,-273
118000061,229,763,-534
118000062,349,133,216
118000063,218,279,-61
118000064,500,790,-290
118000065,3895,937,2958
118000066,483,577,-94
118000067,1180,702,478
118000068,1095,1675,-580
118000069,2313,845,1468
118000070,6063,924,5139
118000071,2616,2422,194
118000072,1340,645,695
118000073,1766,261,1505
118000074,124,325,-201
118000075,475,272,203
118000076,701,663,38
118000077,809,756,53
118000078,1216,1423,-207
118000079,198,250,-52
118000080,796,598,198
118000081,1048,890,158
118000082,270,504,-234
118000083,1584,661,923
118000084,1725,1188,537
118000086,94,618,-524
118000087,4791,1828,2963
118000088,1510,1310,200
118000089,3083,1571,1512
118000090,1643,1381,262
118000091,1047,1105,-58
118000092,1028,287,741
118000093,105,408,-303
118000096,309,335,-26
118000097,395,316,79
118000098,142,142,0
118000099,148,961,-813
118000101,333,278,55
118000102,157,1345,-1188
118000107,2557,274,2283
118000108,252,415,-163
118000110,0,10,-10
118000111,1,677,-676
118000112,106,1,105
118000113,4,858,-854
118000114,52,4,48
118000115,8,2,6
118000116,24,0,24
118000117,753,633,120
118000118,466,596,-130
118000119,356,1068,-712
118000120,887,1126,-239
118000121,38,358,-320
118000122,582,97,485
118000123,43,215,-172
118000125,1127,844,283
118000126,314,1633,-1319
118000127,1140,479,661
118000128,549,795,-246
118000129,453,149,304
118000130,2606,3668,-1062
118000131,539,952,-413
118000132,1825,1402,423
118000133,230,360,-130
118000135,230,194,36
118000136,69,463,-394
118000137,351,53,298
118000138,135,678,-543
118000139,106,141,-35
118000140,1416,1731,-315
118000141,881,1644,-763
118000142,701,1874,-1173
118000143,602,655,-53
118000144,899,684,215
118000145,875,2585,-1710
118000146,591,1471,-880
118000147,425,1430,-1005
118000148,179,1172,-993
118000149,349,919,-570
118000150,89,165,-76
118000151,97,362,-265
118000153,394,908,-514
118000154,314,1130,-816
118000155,372,993,-621
118000156,1470,1417,53
118000157,206,302,-96
118000158,107,452,-345
118000159,8,29,-21
118000160,113,362,-249
118000161,195,733,-538
118000162,575,597,-22
118000163,213,385,-172
118000164,1449,840,609
118000168,1295,129,1166
118000169,654,1549,-895
118000170,2670,5927,-3257
118000171,128,623,-495
118000172,55,204,-149
118000173,480,833,-353
118000175,63,217,-154
118000176,144,308,-164
118000177,111,454,-343
118000178,23,28,-5
118000179,1250,420,830
118000180,518,675,-157
118000181,495,236,259
118000182,173,291,-118
118000183,134,192,-58
118000184,184,998,-814
118000185,695,474,221
118000186,329,610,-281
118000187,414,991,-577
118000188,123,192,-69
118000189,117,713,-596
118000190,1,6,-5
118000191,7,10,-3
118000192,78,72,6
118000193,37,161,-124
118000194,1238,706,532
118000195,538,329,209
118000196,179,39,140
118000197,136,64,72
118000198,507,193,314
118000199,275,133,142
118000200,38,111,-73
118000201,223,192,31
118000202,7,17,-10
118000203,984,132,852
118000204,188,105,83
118000205,551,243,308
118000206,85,131,-46
118000207,2,97,-95
118000208,678,1232,-554
118000209,738,1576,-838
118000210,15,24,-9
118000211,3,12,-9
118000213,497,410,87
118000214,434,157,277
118000215,84,166,-82
118000216,488,1801,-1313
118000217,6,89,-83
118000218,28,100,-72
118000219,265,313,-48
118000220,0,11,-11
118000221,35,156,-121
118000222,62,14,48
118000223,15,15,0
118000224,196,120,76
118000225,51,715,-664
118000226,255,63,192
118000227,769,378,391
118000228,117,70,47
118000229,68,9,59
118000230,27,226,-199
118000231,25,152,-127
118000232,263,830,-567
118000233,349,593,-244
118000234,70,231,-161
118000236,148,338,-190
118000237,13,517,-504
118000238,89,213,-124
118000239,96,165,-69
118000240,346,64,282
118000241,39,223,-184
118000242,143,565,-422
118000243,54,121,-67
118000244,19,140,-121
118000246,0,5,-5
118000255,18,173,-155
118000256,48,166,-118
118000259,4,35,-31
118000260,27,57,-30
118000261,9,59,-50
118000263,16,147,-131
118000266,82,432,-350
118000267,0,51,-51
118000268,97,0,97
118000270,15,20,-5
118000271,89,257,-168
118000272,25,27,-2
118000273,36,109,-73
118000274,82,327,-245
118000276,103,146,-43
118000295,9,73,-64
118000298,63,391,-328
118000299,35,209,-174
118000301,0,58,-58
118000302,49,77,-28
118000311,59,117,-58
118000312,69,235,-166
118000313,15,101,-86
118000314,17,74,-57
118000315,4,34,-30
118000316,234,426,-192
118000325,11,53,-42
118000326,6,42,-36
118000331,7,45,-38
118000332,4,23,-19
118000333,5,38,-33
118000335,22,1,21
118000336,1,272,-271
118000407,25,74,-49
118000457,1,40,-39
118000465,2588,1469,1119
118000480,18,85,-67
118000489,56,94,-38
118000490,61,346,-285
118000492,122,147,-25
118000510,64,16,48
118000514,112,256,-144
118000515,316,233,83
118000517,293,113,180
118000524,432,104,328
118000525,519,665,-146
118000530,3,61,-58
118000531,58,194,-136
118000532,61,263,-202
118000533,152,92,60
118000534,203,332,-129
118000535,55,71,-16
118000536,435,180,255
118000537,10,20,-10
118000538,13,65,-52
118000539,7,32,-25
118000540,142,176,-34
118000541,46,88,-42
118000542,38,85,-47
118000543,53,146,-93
118000546,19,19,0
118000553,0,1,-1
118000560,2815,392,2423
118000562,5,289,-284
118000563,1550,1197,353
118000576,65,145,-80
118000577,205,184,21
118000578,92,81,11
118000579,643,705,-62
118000583,0,0,0
118000595,104,48,56
118000596,0,49,-49
118000597,95,202,-107
118000598,3,0,3
118000599,17,40,-23
118000600,1,8,-7
118000601,0,0,0
118000602,0,4,-4
118000603,0,38,-38
118000605,26,402,-376
118000606,3,38,-35
118900001,868,350,518
118900002,775,267,508
118900003,53,2,51
118900004,5,53,-48
118900005,40,1,39
118900006,19,0,19
118900007,7,1,6
118900008,562,36,526
118900009,13,7,6
118900010,2,0,2
118900011,42,12,30
118900012,142,161,-19
118900013,520,13,507
118900015,43,11,32
118900016,3,24,-21
118900017,43,63,-20
118900018,813,11,802
118900019,22,22,0
118900020,48,66,-18
118900021,65,210,-145
118900022,66,93,-27
118900023,22,74,-52
118900024,16,115,-99
118900025,13,19,-6
118900026,26,80,-54
118900027,235,101,134
118900028,17,132,-115
118900029,38,259,-221
118900030,37,31,6
118900031,37,110,-73
118900032,15,107,-92
118900033,152,564,-412
118900034,8,5,3
118900035,65,249,-184
118900036,287,442,-155
118900037,87,188,-101
118900038,160,273,-113
118900039,76,183,-107
118900040,77,96,-19
118900041,103,197,-94
118900042,52,101,-49
118900045,74,94,-20
118900046,587,102,485
118900047,633,166,467
118900048,36,111,-75
118900049,40,19,21
118900050,8,175,-167
118900051,43,30,13
118900052,77,150,-73
118900053,5,42,-37
118900054,25,63,-38
118900055,4,97,-93
118900056,39,67,-28
118900057,74,165,-91
118900058,143,318,-175
118900059,9,44,-35
118900060,12,77,-65
118900062,36,127,-91
118900064,344,141,203
118900065,18,86,-68
118900066,24,86,-62
118900067,5707,1972,3735
118900068,3,69,-66
118900069,90,193,-103
118900071,0,28,-28
118900072,170,221,-51
118900073,34,74,-40
118900074,39,58,-19
118900075,3,72,-69
118900076,56,29,27
118900077,55,108,-53
118900078,2,2,0
118900079,33,88,-55
118900080,1,32,-31
118900081,28,11,17
118900082,187,66,121
118900083,1,11,-10
118900084,10,8,2
118900085,301,660,-359
118900086,7,21,-14
118900087,28,68,-40
118900088,0,20,-20
118900089,2,7,-5
118900090,262,387,-125
118900091,114,50,64
118900092,24,45,-21
118900093,32,3,29
118900096,72,91,-19
118900097,96,735,-639
118900099,14,179,-165
118900100,60,117,-57
118900101,19,455,-436
118900102,6,38,-32
118900103,29,26,3
118900104,11,7,4
118900105,71,112,-41
118900107,114,87,27
118900108,28,69,-41
118900110,1098,161,937
118900111,95,406,-311
118900112,9,53,-44
118900113,64,463,-399
118900114,6,57,-51
118900115,41,200,-159
118900116,26,131,-105
118900117,20,156,-136
118900118,67,410,-343
118900119,40,227,-187
118900120,73,232,-159
118900121,2,199,-197
118900122,1,207,-206
118900123,74,208,-134
118900124,22,154,-132
118900126,4,163,-159
118900129,50,105,-55
118900130,28,43,-15
118900131,40,228,-188
118900132,73,78,-5
118900133,17,32,-15
118900135,96,147,-51
118900136,138,655,-517
118900137,3,22,-19
118900139,51,374,-323
118900140,314,855,-541
118900141,38,255,-217
118900144,146,602,-456
118900145,19,146,-127
118900146,112,499,-387
118900147,15,82,-67
118900148,14,49,-35
118900150,49,145,-96
118900152,133,723,-590
118900157,48,62,-14
118900158,12,72,-60
118900159,0,224,-224
118900161,42,2,40
118900163,130,31,99
118900164,0,67,-67
118900165,17,263,-246
118900166,8,2,6
118900167,20,125,-105
118900168,4,34,-30
118900169,23,404,-381
118900170,16,78,-62
118900171,2,49,-47
118900174,20,47,-27
118900175,74,182,-108
118900176,16,86,-70
118900177,2,30,-28
118900178,6,55,-49
118900179,0,9,-9
118900181,27,71,-44
118900182,45,25,20
118900183,19,68,-49
118900184,112,15,97
118900185,53,102,-49
118900186,50,115,-65
118900187,52,227,-175
118900188,64,206,-142
118900189,8,215,-207
118900190,12,550,-538
118900191,55,18,37
118900192,40,15,25
118900193,68,3,65
118900195,140,634,-494
118900196,10,138,-128
118900197,31,92,-61
118900198,0,39,-39
118900199,7,39,-32
118900200,29,3,26
118900201,8,2,6
118900202,5,47,-42
118900203,1,33,-32
118900204,5,24,-19
118900205,0,7,-7
118900206,0,26,-26
119000001,495,559,-64
119000002,1221,1394,-173
119000003,621,1224,-603
119000004,969,840,129
119000005,688,1061,-373
119000006,918,1200,-282
119000007,1668,2073,-405
119000008,944,1725,-781
119000009,3787,1683,2104
119000010,8990,2959,6031
119000011,5305,1172,4133
119000012,4880,1987,2893
119000013,2168,878,1290
119000014,1673,2675,-1002
119000019,133,169,-36
119000020,582,959,-377
119000021,1350,1377,-27
119000022,2464,771,1693
119000023,340,126,214
119000024,2463,3239,-776
119000025,9948,952,8996
119000026,313,182,131
119000027,794,211,583
119000028,1422,841,581
119000029,101,221,-120
119000030,230,1010,-780
119000031,431,681,-250
119000032,1895,1448,447
119000033,1069,1437,-368
119000034,556,931,-375
119000035,13,364,-351
119000036,514,1210,-696
119000037,481,2206,-1725
119000038,58,948,-890
119000039,79,276,-197
119000040,1005,481,524
119000041,672,748,-76
119000048,3178,3480,-302
119000049,763,3381,-2618
119000050,1023,1848,-825
119000051,1053,785,268
119000052,2054,2149,-95
119000053,1381,951,430
119000054,1697,2874,-1177
119000055,1231,2845,-1614
119000056,948,1689,-741
119000057,717,2002,-1285
119000058,938,1812,-874
119000059,520,1159,-639
119000060,658,603,55
119000061,443,739,-296
119000062,622,982,-360
119000063,152,220,-68
119000064,876,1256,-380
119000065,1301,2657,-1356
119000066,850,704,146
119000067,1173,2220,-1047
119000068,739,839,-100
119000069,696,2218,-1522
119000070,776,1083,-307
119000071,373,801,-428
119000072,4739,2903,1836
119000073,3019,4029,-1010
119000074,389,3452,-3063
119000075,363,2156,-1793
119000076,243,774,-531
119000077,399,428,-29
119000078,176,321,-145
119000079,44,697,-653
119000080,103,179,-76
119000081,75,367,-292
119000082,165,225,-60
119000083,116,259,-143
119000084,143,614,-471
119000085,457,260,197
119000086,138,352,-214
119000087,1235,765,470
119000088,235,256,-21
119000089,35,121,-86
119000090,182,128,54
119000091,134,183,-49
119000092,587,157,430
119000093,2858,3075,-217
119000094,1073,3337,-2264
119000095,743,2705,-1962
119000097,2917,1139,1778
119000098,399,991,-592
119000099,1362,1293,69
119000100,1132,1570,-438
119000101,1623,1884,-261
119000102,509,403,106
119000103,1047,392,655
119000104,2469,1279,1190
119000105,356,608,-252
119000106,102,1789,-1687
119000107,147,402,-255
119000108,83,1378,-1295
119000109,54,195,-141
119000110,287,299,-12
119000111,23,355,-332
119000112,170,94,76
119000113,1747,198,1549
119000114,408,276,132
119000115,107,51,56
119000116,81,49,32
119000117,53,209,-156
119000118,1,4,-3
119000123,1502,447,1055
119000124,144,197,-53
119000125,697,962,-265
119000126,279,1035,-756
119000127,128,890,-762
119000128,33,4,29
119000131,277,1088,-811
119000132,4,7,-3
119000133,0,1,-1
119000134,2616,392,2224
119000135,26,177,-151
119000136,45,298,-253
119000137,40,503,-463
119000138,72,440,-368
119000139,73,318,-245
119000140,59,200,-141
119000284,1406,2154,-748
119000285,2176,1834,342
119000286,4622,3849,773
119000287,1120,1856,-736
119000288,1154,1696,-542
119000289,1719,3684,-1965
119000290,143,476,-333
119000291,7,282,-275
119000293,47,130,-83
119000294,42,26,16
119000295,1479,457,1022
119000296,82,223,-141
119000302,4444,1063,3381
119000303,101,59,42
119000304,0,0,0
119000314,1097,3284,-2187
119000315,1,749,-748
119000316,23,114,-91
119000317,24,551,-527
119900001,46,377,-331
119900002,24,213,-189
119900003,25,1123,-1098
119900004,239,168,71
119900005,31,128,-97
119900006,59,213,-154
119900007,267,41,226
119900008,2,19,-17
119900009,160,455,-295
119900010,532,760,-228
119900011,9,30,-21
119900012,5,24,-19
119900013,845,384,461
119900014,510,182,328
119900015,46,19,27
119900016,8,87,-79
119900017,5,18,-13
119900018,906,81,825
119900019,10,8,2
119900020,46,171,-125
119900021,31,16,15
119900022,52,116,-64
119900023,651,232,419
119900025,46,38,8
119900026,731,38,693
119900027,1,7,-6
119900028,56,17,39
119900029,0,7,-7
119900030,384,335,49
119900031,6,71,-65
119900033,1818,71,1747
119900034,108,164,-56
119900037,21,19,2
119900038,13,93,-80
119900039,33,1,32
119900040,27,6,21
119900041,44,38,6
119900042,6,87,-81
119900043,30,139,-109
119900044,99,159,-60
119900046,21,87,-66
119900047,57,22,35
119900048,57,67,-10
119900049,16,7,9
119900050,14,26,-12
119900051,128,1,127
119900052,16,41,-25
119900053,35,173,-138
119900054,13,0,13
119900055,331,155,176
119900057,30,56,-26
119900058,31,0,31
119900059,52,46,6
119900060,71,1,70
119900061,35,1,34
119900062,15,22,-7
119900063,0,26,-26
119900065,85,8,77
119900067,32,19,13
119900068,106,1,105
119900069,20,6,14
119900070,131,2,129
119900071,63,2,61
119900073,1436,336,1100
119900074,23,8,15
119900075,4582,1134,3448
119900076,112,483,-371
119900077,140,1382,-1242
119900078,145,781,-636
119900079,329,254,75
119900080,162,287,-125
119900081,106,186,-80
119900082,169,118,51
119900083,177,51,126
119900084,227,95,132
119900085,107,33,74
119900086,73,883,-810
119900087,88,82,6
119900088,28,44,-16
119900089,2,452,-450
119900090,138,38,100
119900091,13,1118,-1105
119900092,6,285,-279
119900093,457,57,400
119900094,17,225,-208
119900095,99,72,27
119900096,11,81,-70
119900097,186,109,77
119900098,13,13,0
119900099,8,253,-245
119900100,2415,914,1501
119900101,192,478,-286
119900102,22,370,-348
119900103,11,511,-500
119900104,18,209,-191
119900105,254,1016,-762
119900106,8,208,-200
119900107,186,3257,-3071
119900108,1256,600,656
119900109,8,159,-151
119900110,171,604,-433
119900111,24,352,-328
119900112,2736,339,2397
119900113,33,499,-466
119900114,77,1515,-1438
119900115,32,1271,-1239
119900116,179,162,17
119900117,85,1019,-934
119900118,14,1137,-1123
119900119,53,205,-152
119900120,502,758,-256
119900121,97,1531,-1434
119900122,162,395,-233
119900123,128,186,-58
119900124,46,970,-924
119900125,27,486,-459
119900126,4987,152,4835
119900127,2356,740,1616
119900128,148,773,-625
119900129,29,769,-740
119900130,33,232,-199
119900131,6,331,-325
119900132,1,304,-303
119900133,3,12,-9
119900134,1861,170,1691
119900135,0,375,-375
119900136,141,622,-481
119900138,343,658,-315
119900139,3,56,-53
119900140,4,124,-120
119900141,74,220,-146
119900142,1,7,-6
119900143,4,255,-251
119900144,2436,192,2244
119900145,17,225,-208
119900146,103,65,38
119900147,3,68,-65
119900148,22,45,-23
119900149,1435,1139,296
119900150,134,146,-12
119900151,1025,514,511
119900152,34,417,-383
119900153,38,29,9
119900154,7,749,-742
119900155,9,18,-9
119900156,2,2,0
119900157,26,270,-244
119900158,38,54,-16
119900159,6,1438,-1432
119900160,8,221,-213
119900161,120,173,-53
119900162,317,318,-1
119900163,104,77,27
119900164,0,0,0
119900165,36,295,-259
119900166,11,20,-9
119900167,40,96,-56
119900168,210,294,-84
119900169,94,88,6
119900170,62,64,-2
119900171,302,497,-195
119900172,56,13,43
119900173,2,521,-519
119900174,2,271,-269
119900175,275,528,-253
119900177,8,218,-210
119900178,8,171,-163
119900179,20,114,-94
119900180,359,434,-75
119900181,16,12,4
119900182,2,416,-414
119900183,65,979,-914
119900184,2171,318,1853
119900185,4,43,-39
119900186,18,134,-116
119900187,6,510,-504
119900188,13,261,-248
119900189,193,110,83
119900190,27,78,-51
119900191,123,90,33
119900192,6,228,-222
119900193,52,137,-85
119900194,6,27,-21
119900195,36,175,-139
119900196,1400,273,1127
119900197,20,107,-87
119900198,22,500,-478
119900199,104,12,92
119900200,106,404,-298
119900201,391,152,239
119900202,142,16,126
119900203,48,200,-152
119900204,53,225,-172
119900205,137,579,-442
119900206,26,84,-58
119900208,53,79,-26
119900209,182,284,-102
119900210,4,25,-21
119900211,50,5,45
119900212,42,259,-217
119900213,6,38,-32
119900214,4,85,-81
119900215,18,80,-62
119900216,10,94,-84
119900217,1,68,-67
119900218,5,73,-68
119900219,6,115,-109
119900220,2,96,-94
119900221,7,561,-554
119900222,12,399,-387
119900223,15,122,-107
119900224,36,29,7
119900225,1426,35,1391
119900226,881,550,331
119900227,1247,279,968
119900228,2,210,-208
119900229,177,327,-150
119900230,958,344,614
119900231,25,132,-107
119900232,84,51,33
119900233,17,0,17
119900234,3,11,-8
119900235,4,7,-3
119900236,2,187,-185
119900237,15,462,-447
119900238,0,53,-53
119900240,13,127,-114
119900241,108,297,-189
119900242,1271,387,884
119900244,480,797,-317
119900245,29,98,-69
119900246,129,125,4
119900247,11,43,-32
119900248,14,17,-3
119900249,61,29,32
119900253,3189,155,3034
119900254,17,109,-92
119900255,47,478,-431
119900256,161,1384,-1223
119900257,11,0,11
119900258,11,0,11
119900259,1,204,-203
119900260,16,0,16
119900261,33,172,-139
119900262,4,252,-248
119900263,624,300,324
119900264,13,295,-282
119900265,80,365,-285
119900266,76,247,-171
119900267,76,362,-286
119900268,31,205,-174
119900269,126,1479,-1353
119900271,15,66,-51
119900272,33,16,17
119900275,35,1,34
119900276,6,0,6
119900277,2,0,2
119900278,148,14,134
119900279,57,97,-40
119900280,919,131,788
119900281,0,43,-43
119900282,29,11,18
119900283,5,275,-270
119900284,22,176,-154
119900285,8,17,-9
119900286,1,8,-7
119900288,3,22,-19
119900289,0,17,-17
119900290,0,24,-24
119900291,0,22,-22
119900292,10,7,3
119900293,7,45,-38
119900294,4,66,-62
119900295,2,66,-64
119900296,3,171,-168
119900297,0,14,-14
119900298,1,1,0
119900299,17,229,-212
119900300,38,192,-154
119900301,41,6,35
119900302,10,34,-24
119900303,65,221,-156
119900304,23,15,8
119900305,19,68,-49
119900306,8,2,6
119900307,9,77,-68
119900308,1,10,-9
119900309,3,16,-13
119900310,222,195,27
119900311,18,160,-142
119900312,34,55,-21
119900313,67,341,-274
119900314,16,198,-182
119900315,205,2330,-2125
119900318,21,8,13
119900319,0,336,-336
119900320,22,692,-670
119900321,21,0,21
120000001,5479,4658,821
120000002,1680,3135,-1455
120000003,2885,1981,904
120000004,2724,2308,416
120000005,4790,1953,2837
120000006,1480,1298,182
120000007,2579,1834,745
120000008,861,1226,-365
120000009,4507,987,3520
120000010,982,3147,-2165
120000011,717,1895,-1178
120000012,1215,2617,-1402
120000013,1441,2661,-1220
120000014,366,1459,-1093
120000015,1365,1434,-69
120000016,1876,1581,295
120000017,1177,1146,31
120000018,4140,4161,-21
120000019,522,692,-170
120000020,1882,1496,386
120000021,2178,1196,982
120000022,2420,2360,60
120000023,588,1467,-879
120000024,1079,1792,-713
120000025,1138,2059,-921
120000026,501,1809,-1308
120000027,804,1409,-605
120000028,422,258,164
120000029,1563,321,1242
120000030,61,561,-500
120000031,1476,3090,-1614
120000032,9181,2739,6442
120000033,1493,1415,78
120000034,643,2004,-1361
120000035,896,2088,-1192
120000036,1601,2820,-1219
120000037,333,534,-201
120000038,9905,2630,7275
120000039,296,861,-565
120000040,24,72,-48
120000041,179,1835,-1656
120000042,1090,4673,-3583
120000043,2908,2243,665
120000044,1799,973,826
120000045,1888,751,1137
120000046,899,1305,-406
120000047,1368,2055,-687
120000048,7131,2409,4722
120000049,1561,2217,-656
120000050,1486,3883,-2397
120000051,3101,2841,260
120000052,13378,2126,11252
120000053,786,4272,-3486
120000054,1216,6272,-5056
120000055,547,3741,-3194
120000056,2607,4114,-1507
120000057,1333,865,468
120000058,208,145,63
120000059,58,904,-846
120000061,42,503,-461
120000062,174,183,-9
120000063,1926,3097,-1171
120000064,250,1631,-1381
120000065,206,1656,-1450
120000066,69,445,-376
120000067,23,440,-417
120000068,99,1028,-929
120000069,323,1610,-1287
120000070,22,1079,-1057
120000071,62,146,-84
120000072,119,361,-242
120000073,134,60,74
120000074,26,38,-12
120000075,123,169,-46
120000076,349,243,106
120000077,584,334,250
120000078,3677,327,3350
120000079,129,678,-549
120000080,71,279,-208
120000081,183,208,-25
120000082,145,222,-77
120000083,98,214,-116
120000084,347,543,-196
120000085,323,560,-237
120000086,190,819,-629
120000087,81,1321,-1240
120000088,395,901,-506
120000089,463,214,249
120000090,289,341,-52
120000091,330,586,-256
120000092,596,326,270
120000093,136,388,-252
120000094,71,280,-209
120000095,400,710,-310
120000096,130,1300,-1170
120000098,267,943,-676
120000099,90,764,-674
120000100,300,910,-610
120000101,355,491,-136
120000102,163,275,-112
120000103,448,259,189
120000104,531,176,355
120000105,687,210,477
120000106,643,205,438
120000107,929,315,614
120000108,240,88,152
120000109,310,27,283
120000110,64,886,-822
120000111,48,1308,-1260
120000112,439,4260,-3821
120000113,384,2915,-2531
120000114,266,2138,-1872
120000115,205,1967,-1762
120000116,364,1953,-1589
120000117,905,1668,-763
120000118,10,23,-13
120000119,20,45,-25
120000120,31,19,12
120000121,34,38,-4
120000122,117,123,-6
120000123,5639,1406,4233
120000124,208,432,-224
120000125,197,673,-476
120000126,196,337,-141
120000127,682,307,375
120000128,1812,1392,420
120000129,204,195,9
120000130,506,578,-72
120000131,196,325,-129
120000134,196,1531,-1335
120000135,81,305,-224
120000137,45,2122,-2077
120000138,142,562,-420
120000139,55,943,-888
120000140,122,610,-488
120000141,54,533,-479
120000142,84,539,-455
120000143,1,100,-99
120000144,14,0,14
120000145,80,9,71
120000146,1398,426,972
120000149,301,794,-493
120000150,5331,5457,-126
120000151,381,264,117
120000152,112,258,-146
120000153,46,535,-489
120000154,274,355,-81
120000155,151,168,-17
120000156,1350,324,1026
120000157,647,458,189
120000158,426,697,-271
120000159,1752,1982,-230
120000160,1460,939,521
120000161,708,2385,-1677
120000162,41,141,-100
120000163,151,1470,-1319
120000164,132,482,-350
120000165,117,952,-835
120000166,256,420,-164
120000167,8,15,-7
120000168,4,39,-35
120000169,73,78,-5
120000170,119,69,50
120000171,15,19,-4
120000172,10,21,-11
120000173,1755,83,1672
120000174,452,4,448
120000175,396,10,386
120000176,107,50,57
120000177,793,333,460
120000178,77,3,74
120000179,226,1,225
120000180,443,26,417
120000181,117,38,79
120000182,62,29,33
120000183,7,142,-135
120000184,51,1253,-1202
120000186,23,26,-3
120000187,39,12,27
120000188,123,20,103
120000190,788,5,783
120000191,1314,9,1305
120000192,1389,4,1385
120000193,599,3,596
120000195,33,0,33
120000196,138,22,116
120000197,35,68,-33
120000198,48,140,-92
120000199,25,0,25
120000200,19,1,18
120000201,2,13,-11
120000202,2,40,-38
120000203,18,419,-401
120000207,5,59,-54
120000208,11,415,-404
120000209,4,201,-197
120000210,155,100,55
120000211,35,1,34
120000212,21,0,21
120000213,19,344,-325
120000214,2,444,-442
120000215,5,122,-117
120000216,16,3,13
120000217,742,1246,-504
120000218,246,1661,-1415
120000219,14,934,-920
120000220,9,3162,-3153
120000225,396,2,394
120000226,100,0,100
120000227,586,14,572
120000228,7777,1094,6683
120000230,39,1,38
120000231,236,2243,-2007
120000233,49,2,47
120000235,64,618,-554
120000236,240,0,240
120000237,6,2201,-2195
120000238,3,54,-51
120000241,789,1638,-849
120000412,1718,13,1705
120000413,95,472,-377
120000414,9,2,7
120000415,2,234,-232
120000416,4,19,-15
120000417,2,141,-139
120000418,37,24,13
120000419,12,471,-459
120000420,118,49,69
120000421,13203,5252,7951
120000422,211,235,-24
120000423,2,32,-30
120000424,21,193,-172
120000436,74,227,-153
120000437,183,179,4
120000438,4581,317,4264
120000439,91,160,-69
120000443,42,1,41
120000444,256,401,-145
120000445,1062,930,132
120000446,793,265,528
120000447,29,1,28
120000449,29,16,13
120000450,4,431,-427
120000451,30,207,-177
120000452,9,0,9
120000453,1,224,-223
120000454,58,102,-44
120000455,24,51,-27
120000456,3048,1623,1425
120000457,998,788,210
120000458,273,595,-322
120000459,53,35,18
120000665,727,120,607
120000668,70,83,-13
120000669,46,417,-371
120000670,156,320,-164
120000671,217,90,127
120000672,63,393,-330
120900001,25,18,7
120900002,45,125,-80
120900003,149,27,122
120900004,1,19,-18
120900005,0,1582,-1582
120900006,68,93,-25
120900007,44,155,-111
120900008,45,967,-922
120900009,196,46,150
120900010,100,31,69
120900011,238,50,188
120900012,800,359,441
120900013,125,15,110
120900014,4,749,-745
120900015,107,54,53
120900016,152,36,116
120900017,3394,104,3290
120900018,19,461,-442
120900019,147,51,96
120900020,324,260,64
120900021,108,32,76
120900022,8,404,-396
120900023,26,26,0
120900024,953,345,608
120900025,2140,599,1541
120900026,16,117,-101
120900027,341,83,258
120900028,65,21,44
120900029,41,120,-79
120900030,309,304,5
120900031,34,13,21
120900032,185,110,75
120900033,209,65,144
120900034,17,1098,-1081
120900035,17,31,-14
120900037,33,6,27
120900038,22,59,-37
120900039,12,18,-6
120900040,38,0,38
120900041,73,7,66
120900042,69,53,16
120900043,4,1,3
120900044,3,317,-314
120900045,107,69,38
120900046,85,5,80
120900047,63,22,41
120900048,37,8,29
120900049,70,1,69
120900050,3742,447,3295
120900051,70,78,-8
120900052,83,2,81
120900053,63,58,5
120900054,1018,549,469
120900055,77,1,76
120900056,103,3,100
120900057,36,14,22
120900058,66,1,65
120900059,27,0,27
120900060,6,34,-28
120900061,168,224,-56
120900062,33,0,33
120900063,118,0,118
120900064,56,0,56
120900065,61,2,59
120900066,58,212,-154
120900067,73,24,49
120900068,36,0,36
120900069,87,114,-27
120900071,6,0,6
120900072,119,0,119
120900073,108,234,-126
120900074,75,3,72
120900076,48,3,45
120900077,2807,122,2685
120900078,180,674,-494
120900079,126,94,32
120900080,130,2663,-2533
120900081,165,1201,-1036
120900082,368,129,239
120900083,108,81,27
120900084,67,120,-53
120900085,95,78,17
120900086,124,72,52
120900087,96,13,83
120900088,77,85,-8
120900089,4482,690,3792
120900090,21,142,-121
120900091,228,114,114
120900092,378,701,-323
120900093,4571,257,4314
120900094,445,192,253
120900095,96,18,78
120900096,24,84,-60
120900097,426,1400,-974
120900098,178,191,-13
120900099,27,92,-65
120900100,36,445,-409
120900101,168,331,-163
120900102,11,104,-93
120900103,10,115,-105
120900104,25,33,-8
120900105,18,1010,-992
120900106,981,514,467
120900107,362,150,212
120900108,5,1107,-1102
120900109,8,863,-855
120900110,6,371,-365
120900111,85,432,-347
120900112,1,1502,-1501
120900113,9,949,-940
120900114,16,299,-283
120900115,110,105,5
120900116,73,538,-465
120900117,1,617,-616
120900118,1,850,-849
120900119,3734,2152,1582
120900120,13,721,-708
120900121,53,314,-261
120900122,41,607,-566
120900123,2,560,-558
120900124,4,712,-708
120900125,5,992,-987
120900126,744,556,188
120900127,2,636,-634
120900128,635,793,-158
120900129,43,467,-424
120900130,2,398,-396
120900131,21,38,-17
120900132,146,299,-153
120900133,164,1117,-953
120900134,136,455,-319
120900135,3,684,-681
120900136,16,11,5
120900137,10,80,-70
120900138,5,247,-242
120900139,4,889,-885
120900140,4,38,-34
120900141,13,52,-39
120900142,9,877,-868
120900143,3,1137,-1134
120900144,0,213,-213
120900145,25,848,-823
120900146,5,1144,-1139
120900147,0,267,-267
120900148,38,83,-45
120900149,1,382,-381
120900150,10,490,-480
120900151,1,705,-704
120900152,0,48,-48
120900153,0,44,-44
120900154,0,292,-292
120900155,59,1089,-1030
120900156,9,486,-477
120900157,13,205,-192
120900158,10,571,-561
120900159,54,666,-612
120900160,6,344,-338
120900161,12,1192,-1180
120900162,10,1338,-1328
120900163,5,76,-71
120900164,0,3,-3
120900165,7,7,0
120900166,5,51,-46
120900167,47,53,-6
120900169,15,497,-482
120900170,2550,786,1764
120900171,1037,290,747
120900172,828,64,764
120900173,1,33,-32
120900174,2,84,-82
120900175,384,137,247
120900176,11,104,-93
120900177,0,188,-188
120900178,0,108,-108
120900179,383,287,96
120900180,55,44,11
120900181,14,63,-49
120900182,6,245,-239
120900183,350,55,295
120900184,91,47,44
120900185,2,275,-273
120900186,0,544,-544
120900187,99,286,-187
120900188,25,4,21
120900189,85,191,-106
120900190,16,5,11
120900191,0,12,-12
120900192,13322,1177,12145
120900194,11,58,-47
120900195,54,263,-209
120900196,182,37,145
120900197,152,19,133
120900198,102,592,-490
120900199,106,74,32
120900200,108,47,61
120900201,625,126,499
120900202,0,200,-200
120900203,9,15,-6
120900204,322,366,-44
120900205,56,92,-36
120900206,19,13,6
120900207,43,1027,-984
121000001,641,807,-166
121000002,1128,747,381
121000003,3214,1489,1725
121000004,1875,1697,178
121000005,1689,2082,-393
121000006,1998,952,1046
121000007,2562,2166,396
121000008,3441,2477,964
121000009,7619,3548,4071
121000010,9229,2622,6607
121000011,10881,6194,4687
121000012,16098,4495,11603
121000013,4668,4471,197
121000014,6088,4463,1625
121000015,3526,4307,-781
121000016,4208,2734,1474
121000017,1083,3254,-2171
121000018,1592,1341,251
121000019,14770,6958,7812
121000020,8648,4713,3935
121000021,2124,2849,-725
121000022,1041,1066,-25
121000023,3985,3130,855
121000024,1954,2351,-397
121000025,784,578,206
121000026,270,77,193
121000027,1438,591,847
121000028,415,344,71
121000029,530,539,-9
121000030,201,243,-42
121000031,324,534,-210
121000032,109,76,33
121000034,167,83,84
121000035,75,58,17
121000036,504,678,-174
121000037,364,471,-107
121000038,453,425,28
121000039,324,429,-105
121000041,165,555,-390
121000042,161,227,-66
121000043,794,448,346
121000044,1626,475,1151
121000045,154,259,-105
121000046,171,438,-267
121000047,7,132,-125
121000049,1623,915,708
121000050,245,880,-635
121000051,257,465,-208
121000052,163,475,-312
121000053,188,50,138
121000054,14,147,-133
121000055,1639,720,919
121000056,670,924,-254
121000057,109,247,-138
121000058,394,76,318
121000059,1413,589,824
121000060,431,584,-153
121000061,46,85,-39
121000062,99,152,-53
121000063,447,357,90
121000064,281,431,-150
121000065,298,315,-17
121000066,478,375,103
121000067,733,198,535
121000068,383,207,176
121000069,352,147,205
121000070,1253,1093,160
121000071,651,570,81
121000072,761,799,-38
121000073,487,491,-4
121000074,89,95,-6
121000075,26,14,12
121000076,787,219,568
121000077,75,47,28
121000078,56,94,-38
121000080,2296,497,1799
121000081,1860,1129,731
121000082,170,223,-53
121000083,226,132,94
121000084,195,107,88
121000085,499,488,11
121000086,115,764,-649
121000087,84,214,-130
121000088,263,396,-133
121000089,348,137,211
121000090,284,250,34
121000091,1713,401,1312
121000092,75,82,-7
121000093,99,170,-71
121000094,422,228,194
121000095,186,492,-306
121000096,2118,1387,731
121000097,1312,1064,248
121000098,220,1013,-793
121000099,208,760,-552
121000100,276,603,-327
121000101,92,234,-142
121000102,47,472,-425
121000103,42,231,-189
121000104,67,186,-119
121000105,136,288,-152
121000106,101,243,-142
121000107,1713,3323,-1610
121000109,1182,843,339
121000110,222,272,-50
121000114,2022,1517,505
121000115,634,647,-13
121000116,411,518,-107
121000117,1138,226,912
121000118,863,256,607
121000119,111,368,-257
121000120,194,382,-188
121000121,556,865,-309
121000123,1772,640,1132
121000127,51,99,-48
121000128,281,606,-325
121000129,147,447,-300
121000130,226,883,-657
121000131,1713,829,884
121000132,802,669,133
121000135,409,159,250
121000136,1133,404,729
121000137,332,98,234
121000138,509,246,263
121000139,403,40,363
121000141,92,77,15
121000142,1110,348,762
121000143,138,6,132
121000144,712,601,111
121000145,195,1110,-915
121000146,648,526,122
121000147,393,345,48
121000148,421,899,-478
121000149,1142,802,340
121000152,234,555,-321
121000153,1430,357,1073
121000154,510,314,196
121000155,654,660,-6
121000156,316,560,-244
121000157,1261,1359,-98
121000158,405,519,-114
121000159,84,506,-422
121000160,178,704,-526
121000161,47,311,-264
121000162,16,228,-212
121000165,1245,1055,190
121000166,21,301,-280
121000168,98,184,-86
121000169,12,134,-122
121000170,75,59,16
121000171,17,110,-93
121000172,273,348,-75
121000173,887,471,416
121000174,93,307,-214
121000175,281,349,-68
121000176,255,225,30
121000177,427,491,-64
121000178,37,31,6
121000179,87,50,37
121000181,331,283,48
121000182,36,143,-107
121000183,20,50,-30
121000184,34,51,-17
121000185,4,108,-104
121000186,109,229,-120
121000187,78,279,-201
121000188,31,241,-210
121000192,424,278,146
121000193,348,289,59
121000194,1974,1614,360
121000195,338,804,-466
121000196,476,155,321
121000197,109,584,-475
121000198,87,48,39
121000199,51,441,-390
121000200,155,44,111
121000201,2,205,-203
121000202,105,39,66
121000203,380,1956,-1576
121000204,563,366,197
121000205,75,252,-177
121000206,41,36,5
121000207,763,292,471
121000208,5,383,-378
121000209,93,458,-365
121000210,138,417,-279
121000211,44,123,-79
121000212,145,545,-400
121000213,6346,1588,4758
121000214,504,827,-323
121000215,937,594,343
121000216,334,342,-8
121000217,2842,1335,1507
121000218,367,1457,-1090
121000219,667,260,407
121000220,217,55,162
121000221,92,165,-73
121000222,1777,1781,-4
121000223,406,197,209
121000224,232,64,168
121000225,912,524,388
121000226,1049,382,667
121000227,13,264,-251
121000228,14,824,-810
121000229,35,450,-415
121000230,53,1647,-1594
121000231,164,4,160
121000232,258,95,163
121000233,262,227,35
121000234,2,14,-12
121000235,15,16,-1
121000236,4,18,-14
121000237,1,1,0
121000238,0,59,-59
121000239,7,2,5
121000240,4,106,-102
121000241,20,4,16
121000242,6,86,-80
121000243,79,15,64
121000244,1,63,-62
121000245,2,27,-25
121000246,0,108,-108
121000247,7,4,3
121000248,263,293,-30
121000249,20,184,-164
121000250,80,59,21
121000251,13,407,-394
121000252,30,27,3
121000253,83,448,-365
121000254,209,168,41
121000255,112,99,13
121000256,125,104,21
121000257,13,42,-29
121000258,17,41,-24
121000259,7,17,-10
121000260,17,88,-71
121000261,20,36,-16
121000262,1001,398,603
121000263,215,389,-174
121000271,161,1442,-1281
121000273,49,6,43
121000274,1,31,-30
121000275,2,28,-26
121000276,0,7,-7
121000278,16,57,-41
121000279,19,11,8
121000280,20,56,-36
121000289,38,8,30
121000290,853,599,254
121000294,28,182,-154
121000297,613,482,131
121000299,116,200,-84
121000300,535,326,209
121000302,67,357,-290
121000303,318,238,80
121000304,291,43,248
121000305,69,40,29
121000306,19,101,-82
121000308,106,255,-149
121000309,264,433,-169
121000310,30,347,-317
121000311,93,557,-464
121000312,230,114,116
121000313,371,361,10
121000314,96,69,27
121000315,47,67,-20
121000530,464,1058,-594
121000531,724,1072,-348
121000532,3289,2485,804
121000533,1754,1642,112
121000918,4,200,-196
121000919,7,32,-25
121000938,194,111,83
121000939,402,46,356
121000956,273,969,-696
121000957,0,15,-15
121000958,13,34,-21
121000959,170,1104,-934
121000960,797,1979,-1182
121000961,131,18,113
121000962,202,505,-303
121000963,1,0,1
121000973,0,199,-199
121000976,25,162,-137
121000979,115,35,80
121000981,204,31,173
121000982,115,253,-138
121000983,134,396,-262
121000984,17,15,2
121000985,163,473,-310
121000986,33,313,-280
121000987,108,1211,-1103
121000988,264,74,190
121001302,264,83,181
121001308,2,7,-5
121001309,48,27,21
121001313,54,353,-299
121001314,3629,3131,498
121001315,3008,863,2145
121001326,234,380,-146
121900001,48,123,-75
121900002,9,13,-4
121900003,159,11,148
121900004,56,266,-210
121900005,2,0,2
121900006,30,14,16
121900007,1175,1731,-556
121900008,505,32,473
121900009,208,9,199
121900010,168,3,165
121900011,121,310,-189
121900012,2,0,2
121900013,303,5,298
121900014,640,198,442
121900015,41,164,-123
121900016,1,12,-11
121900017,134,319,-185
121900018,149,1,148
121900019,120,186,-66
121900020,26,3,23
121900021,287,3,284
121900022,120,77,43
121900023,17,228,-211
121900024,249,31,218
121900025,157,116,41
121900026,86,20,66
121900027,71,34,37
121900028,55,0,55
121900029,23,81,-58
121900030,301,305,-4
121900031,529,1663,-1134
121900032,14,20,-6
121900033,86,58,28
121900034,75,45,30
121900035,1562,877,685
121900036,33,179,-146
121900037,128,465,-337
121900038,1,69,-68
121900039,206,10,196
121900040,4,44,-40
121900041,42,98,-56
121900042,155,101,54
121900043,0,3,-3
121900044,227,13,214
121900046,150,54,96
121900047,62,30,32
121900048,5,60,-55
121900050,7,34,-27
121900051,35,97,-62
121900052,31,12,19
121900053,116,133,-17
121900054,461,507,-46
121900055,1,6,-5
121900058,36,154,-118
121900059,157,50,107
121900060,27,163,-136
121900061,111,86,25
121900062,47,17,30
121900063,194,116,78
121900064,91,482,-391
121900066,10,9,1
121900067,0,3,-3
121900069,174,99,75
121900070,44,48,-4
121900071,58,154,-96
121900072,12,84,-72
121900073,131,95,36
121900074,313,168,145
121900075,167,105,62
121900076,97,478,-381
121900078,12,11,1
121900079,0,0,0
121900080,258,257,1
121900082,32,64,-32
121900084,2,201,-199
121900086,1,17,-16
121900087,159,51,108
121900088,1729,1151,578
121900089,18,348,-330
121900090,0,59,-59
121900091,6,80,-74
121900092,36,51,-15
121900093,62,53,9
121900094,15,2,13
121900095,86,64,22
121900096,1494,195,1299
121900097,57,73,-16
121900098,0,0,0
121900099,46,63,-17
121900100,41,82,-41
121900101,46,58,-12
121900102,8,82,-74
121900103,412,96,316
121900104,553,126,427
121900105,31,40,-9
121900106,0,0,0
121900107,1,25,-24
121900108,0,0,0
121900109,276,84,192
121900110,86,779,-693
121900111,561,42,519
121900112,79,50,29
121900113,15,68,-53
121900114,0,0,0
121900117,27,10,17
121900118,1926,149,1777
121900119,43,97,-54
121900120,20,969,-949
121900121,297,39,258
121900122,8,7,1
121900123,132,244,-112
121900124,63,157,-94
121900125,469,718,-249
121900127,5,55,-50
121900128,30,95,-65
121900129,898,36,862
121900130,52,149,-97
121900131,90,81,9
121900132,18,80,-62
121900133,31,17,14
121900134,7,73,-66
121900135,1624,182,1442
121900136,39,401,-362
121900137,25,135,-110
121900138,46,161,-115
121900139,229,280,-51
121900140,15,108,-93
121900141,9,2,7
121900142,15,64,-49
121900143,2,76,-74
121900144,173,242,-69
121900145,55,77,-22
121900146,307,474,-167
121900147,54,138,-84
121900148,65,178,-113
121900149,112,516,-404
121900150,60,158,-98
121900151,47,176,-129
121900152,34,80,-46
121900153,45,364,-319
121900154,19,92,-73
121900155,0,35,-35
121900156,87,81,6
121900157,2,353,-351
121900158,22,86,-64
121900159,1,183,-182
121900160,8,211,-203
121900161,289,175,114
121900162,86,53,33
121900163,29,638,-609
121900164,139,116,23
121900165,39,151,-112
121900166,44,158,-114
121900167,36,58,-22
121900168,135,73,62
121900169,2,218,-216
121900170,3,128,-125
121900171,203,188,15
121900172,126,139,-13
121900173,445,137,308
121900174,7,48,-41
121900175,22,127,-105
121900176,263,1262,-999
121900177,85,55,30
121900178,18,85,-67
121900179,147,49,98
121900180,4359,1363,2996
121900182,225,163,62
121900183,292,201,91
121900184,16,451,-435
121900186,5,191,-186
121900187,10,58,-48
121900188,440,130,310
121900189,12,121,-109
121900190,123,287,-164
121900191,27,95,-68
121900192,473,314,159
121900193,10,192,-182
121900194,2,85,-83
121900195,68,92,-24
121900196,303,411,-108
121900197,219,1388,-1169
121900198,585,597,-12
121900199,0,13,-13
121900200,57,132,-75
121900201,522,513,9
121900202,56,199,-143
121900203,127,418,-291
121900204,642,476,166
121900205,6,82,-76
121900206,0,4,-4
121900207,97,19,78
121900208,49,112,-63
121900209,15,6,9
121900210,541,442,99
121900211,149,295,-146
121900212,71,73,-2
121900213,14,100,-86
121900214,2,189,-187
121900215,5,23,-18
121900216,15,31,-16
121900217,181,59,122
121900218,107,189,-82
121900220,108,3,105
121900221,111,377,-266
121900222,22,107,-85
121900223,49,23,26
121900224,16,38,-22
121900225,51,24,27
121900226,95,490,-395
121900227,49,210,-161
121900228,104,125,-21
121900230,41,25,16
121900231,133,115,18
121900232,72,226,-154
121900233,161,169,-8
121900234,77,214,-137
121900235,119,164,-45
121900236,164,93,71
121900237,112,197,-85
121900238,59,125,-66
121900239,63,31,32
121900240,128,55,73
121900241,11,46,-35
121900242,0,0,0
121900243,0,0,0
121900244,4,0,4
121900245,108,110,-2
121900246,611,282,329
121900248,658,432,226
121900250,125,136,-11
121900251,130,10,120
121900252,565,88,477
121900253,107,718,-611
121900254,391,145,246
121900255,73,28,45
121900258,1140,724,416
121900259,308,230,78
121900260,13,97,-84
121900261,101,231,-130
121900262,256,329,-73
121900263,64,171,-107
121900264,1572,612,960
121900265,44,251,-207
121900266,55,156,-101
121900267,13,11,2
121900269,53,126,-73
121900270,12,56,-44
121900271,15,78,-63
121900273,237,555,-318
121900274,36,147,-111
121900277,79,1011,-932
121900278,24,512,-488
121900279,53,233,-180
121900280,43,161,-118
121900281,233,36,197
121900284,12,3,9
121900286,19,150,-131
121900287,2,14,-12
121900288,1,0,1
121900290,93,130,-37
121900291,276,368,-92
121900292,96,70,26
121900293,599,2235,-1636
121900294,122,0,122
121900295,9,171,-162
121900296,26,8,18
121900298,79,181,-102
121900299,0,0,0
121900300,13,0,13
121900301,40,0,40
121900302,0,37,-37
121900303,119,342,-223
121900304,3,3,0
121900305,0,0,0
121900306,27,2,25
121900307,5,3,2
121900308,23,261,-238
121900309,6,176,-170
121900310,28,491,-463
121900311,88,5,83
121900312,39,9,30
121900313,93,10,83
121900314,1,21,-20
121900315,1,0,1
121900316,0,10,-10
121900317,1,0,1
121900318,1,12,-11
121900319,1,3,-2
121900320,23,57,-34
121900321,4,0,4
121900322,0,22,-22
121900323,11,3,8
121900324,0,19,-19
121900325,0,0,0
121900326,0,10,-10
121900327,0,37,-37
121900328,0,18,-18
121900329,0,143,-143
121900330,0,23,-23
121900331,3,6,-3
121900332,44,7,37
121900333,6,0,6
121900334,48,20,28
122000001,2018,1787,231
122000002,4052,1051,3001
122000003,1598,926,672
122000004,2007,720,1287
122000005,1936,625,1311
122000006,1602,283,1319
122000007,748,704,44
122000008,4439,2107,2332
122000009,536,147,389
122000010,1754,1383,371
122000011,2768,518,2250
122000012,902,628,274
122000013,1384,719,665
122000014,847,1182,-335
122000015,982,730,252
122000016,362,489,-127
122000017,724,801,-77
122000018,834,843,-9
122000019,522,1144,-622
122000020,143,162,-19
122000021,533,253,280
122000022,684,926,-242
122000023,373,1958,-1585
122000024,867,559,308
122000025,1007,643,364
122000026,1801,578,1223
122000027,445,2898,-2453
122000028,538,207,331
122000029,227,141,86
122000030,284,88,196
122000031,87,97,-10
122000032,868,1605,-737
122000033,626,444,182
122000034,455,323,132
122000035,260,414,-154
122000036,353,487,-134
122000037,232,221,11
122000038,225,339,-114
122000039,605,523,82
122000040,309,213,96
122000041,220,333,-113
122000042,125,294,-169
122000043,70,95,-25
122000044,78,117,-39
122000045,884,421,463
122000046,355,554,-199
122000047,206,146,60
122000048,2328,2252,76
122000049,3184,1562,1622
122000050,1233,430,803
122000051,314,182,132
122000052,407,133,274
122000053,100,241,-141
122000054,1625,1396,229
122000055,1793,1440,353
122000056,3337,2163,1174
122000057,2747,1610,1137
122000058,3546,940,2606
122000059,2556,1136,1420
122000060,1005,467,538
122000061,617,188,429
122000062,1112,178,934
122000063,571,306,265
122000064,2772,2267,505
122000065,4576,2164,2412
122000066,597,389,208
122000067,958,806,152
122000068,476,800,-324
122000069,565,518,47
122000070,304,1683,-1379
122000071,547,1003,-456
122000072,257,229,28
122000073,232,252,-20
122000074,765,865,-100
122000075,285,699,-414
122000076,952,789,163
122000077,984,407,577
122000078,2495,1443,1052
122000079,737,408,329
122000080,560,204,356
122000081,125,143,-18
122000082,1246,512,734
122000083,643,2689,-2046
122000084,499,421,78
122000085,149,1236,-1087
122000086,1604,2536,-932
122000087,355,101,254
122000088,252,136,116
122000089,3999,2517,1482
122000090,158,293,-135
122000091,127,57,70
122000092,45,13,32
122000093,872,732,140
122000094,5180,1243,3937
122000095,2368,971,1397
122000096,1625,925,700
122000098,2114,963,1151
122000099,1392,620,772
122000100,1021,531,490
122000101,172,989,-817
122000102,1024,748,276
122000103,664,935,-271
122000104,141,115,26
122000105,147,167,-20
122000106,451,362,89
122000107,623,349,274
122000108,276,757,-481
122000109,140,254,-114
122000110,216,441,-225
122000111,2161,1015,1146
122000112,444,1441,-997
122000113,298,563,-265
122000114,1889,1058,831
122000115,1543,777,766
122000116,394,601,-207
122000117,771,310,461
122000118,261,605,-344
122000119,2675,1182,1493
122000120,5257,1770,3487
122000121,6435,1688,4747
122000122,1062,1225,-163
122000123,4299,904,3395
122000124,1409,416,993
122000125,380,447,-67
122000126,749,531,218
122000127,2598,657,1941
122000128,963,946,17
122000129,244,301,-57
122000130,2662,257,2405
122000131,3599,264,3335
122000132,1568,351,1217
122000133,913,1614,-701
122000134,409,401,8
122000135,700,1079,-379
122000136,267,144,123
122000137,642,533,109
122000139,930,2525,-1595
122000140,748,349,399
122000141,3981,620,3361
122000142,392,449,-57
122000143,976,135,841
122000144,3028,572,2456
122000145,1410,655,755
122000146,575,628,-53
122000147,1027,398,629
122000148,1745,1036,709
122000149,2374,987,1387
122000150,1553,751,802
122000151,505,303,202
122000152,644,344,300
122000153,552,209,343
122000154,485,109,376
122000155,2571,1895,676
122000156,2131,1406,725
122000157,1481,901,580
122000158,202,312,-110
122000159,1778,1063,715
122000160,9771,450,9321
122000161,1879,686,1193
122000162,2101,1518,583
122000163,218,43,175
122000164,23,46,-23
122000165,672,512,160
122000166,673,694,-21
122000167,168,187,-19
122000168,173,342,-169
122000169,491,135,356
122000170,175,236,-61
122000171,26,53,-27
122000172,1039,1077,-38
122000173,971,1688,-717
122000174,1192,578,614
122000175,883,329,554
122000176,310,452,-142
122000177,1246,1101,145
122000178,2066,1323,743
122000179,1421,1903,-482
122000180,1473,603,870
122000181,1963,1267,696
122000182,2340,519,1821
122000183,1216,820,396
122000184,3327,1138,2189
122000185,1358,962,396
122000186,445,500,-55
122000187,1024,1621,-597
122000188,524,131,393
122000189,211,263,-52
122000190,737,1274,-537
122000191,579,267,312
122000192,878,194,684
122000193,230,514,-284
122000194,450,121,329
122000195,81,298,-217
122000196,604,418,186
122000197,335,445,-110
122000198,313,612,-299
122000199,264,279,-15
122000200,782,323,459
122000201,1070,1345,-275
122000202,695,768,-73
122000203,2726,1074,1652
122000204,1559,1292,267
122000205,1373,641,732
122000206,1916,884,1032
122000207,975,1275,-300
122000208,1114,1406,-292
122000209,1512,244,1268
122000210,895,1435,-540
122000211,578,932,-354
122000212,356,432,-76
122000213,662,981,-319
122000214,1093,1587,-494
122000215,997,1279,-282
122000217,1200,987,213
122000218,375,42,333
122000219,1198,912,286
122000220,233,723,-490
122000221,83,325,-242
122000222,452,47,405
122000223,666,429,237
122000225,457,367,90
122000226,796,1494,-698
122000227,221,1186,-965
122000228,329,394,-65
122000229,29,352,-323
122000230,67,833,-766
122000231,118,605,-487
122000232,329,695,-366
122000233,0,110,-110
122000234,83,192,-109
122000235,239,190,49
122000236,308,218,90
122000237,26,25,1
122000238,87,93,-6
122000239,208,77,131
122000240,521,195,326
122000241,350,241,109
122000242,213,84,129
122000243,84,46,38
122000244,32,571,-539
122000245,89,390,-301
122000246,124,131,-7
122000247,421,1151,-730
122000248,1376,2566,-1190
122000249,229,359,-130
122000250,1018,305,713
122000251,234,316,-82
122000252,442,35,407
122000253,16,291,-275
122000254,107,56,51
122000255,396,2058,-1662
122000256,313,1432,-1119
122000257,57,495,-438
122000258,33,140,-107
122000259,8,634,-626
122000260,4,80,-76
122000261,3,206,-203
122000262,0,59,-59
122000263,39,139,-100
122000264,197,472,-275
122000265,1139,551,588
122000266,2587,379,2208
122000267,45,97,-52
122000268,40,382,-342
122000269,353,208,145
122000270,217,88,129
122000271,165,768,-603
122000272,215,820,-605
122000273,235,385,-150
122000274,56,157,-101
122000275,16,148,-132
122000276,113,404,-291
122000277,412,923,-511
122000278,382,718,-336
122000279,74,846,-772
122000280,437,936,-499
122000281,288,852,-564
122000282,75,290,-215
122000283,263,55,208
122000284,53,84,-31
122000285,200,105,95
122000286,47,201,-154
122000287,460,950,-490
122000288,150,253,-103
122000291,400,272,128
122000293,299,552,-253
122000294,61,110,-49
122000295,925,113,812
122000296,67,441,-374
122000297,2280,1211,1069
122000299,175,315,-140
122000300,263,361,-98
122000301,10952,1715,9237
122000302,663,314,349
122000303,3306,830,2476
122000304,18,119,-101
122000305,537,712,-175
122000306,18,705,-687
122000307,57,87,-30
122000309,19,31,-12
122000310,12,8,4
122000311,10,25,-15
122000312,60,15,45
122000313,5,20,-15
122000314,48,128,-80
122000315,62,10,52
122000316,114,152,-38
122000317,476,175,301
122000318,36,83,-47
122000319,186,323,-137
122000320,232,1733,-1501
122000321,51,217,-166
122000322,2064,1416,648
122000323,1334,869,465
122000324,1194,900,294
122000325,631,714,-83
122000326,11,122,-111
122000327,150,379,-229
122000328,2065,1109,956
122000330,1297,480,817
122000332,113,202,-89
122000333,7,134,-127
122000337,319,2857,-2538
122000338,144,553,-409
122000340,219,124,95
122000342,1947,1022,925
122000343,264,1639,-1375
122000344,16,20,-4
122000345,5,33,-28
122000346,184,538,-354
122000348,174,540,-366
122000349,76,745,-669
122000351,52,187,-135
122000352,365,42,323
122000353,23,133,-110
122000355,101,115,-14
122000356,939,597,342
122000357,22,13,9
122000358,0,101,-101
122000359,0,57,-57
122000360,0,75,-75
122000362,7,120,-113
122000364,39,456,-417
122000365,1,24,-23
122000366,4,4,0
122000368,352,634,-282
122000370,6,122,-116
122000371,4,0,4
122000372,2,0,2
122000381,21,279,-258
122000382,55,304,-249
122000384,3182,1577,1605
122000385,4,0,4
122000386,313,543,-230
122000387,236,399,-163
122000388,1539,286,1253
122000389,123,672,-549
122000390,260,222,38
122000391,121,38,83
122000392,142,228,-86
122000393,15,172,-157
122000394,147,242,-95
122000395,62,154,-92
122000396,143,111,32
122000397,24,100,-76
122000398,34,52,-18
122000399,32,86,-54
122000400,60,268,-208
122000401,80,134,-54
122000402,57,53,4
122000403,195,1023,-828
122000404,57,196,-139
122000408,732,952,-220
122000503,8,42,-34
122000524,146,57,89
122000544,21,817,-796
122000614,480,110,370
122000616,625,1,624
122000640,27,268,-241
122000641,31,516,-485
122000642,798,1055,-257
122000643,10,66,-56
122000644,107,36,71
122000645,87,109,-22
122000651,1145,426,719
122000664,121,26,95
122000665,767,458,309
122000666,419,1133,-714
122000673,24,304,-280
122000674,54,48,6
122000675,821,969,-148
122000686,143,1080,-937
122000687,242,311,-69
122000688,96,649,-553
122000689,157,485,-328
122000690,234,583,-349
122000691,172,2065,-1893
122000692,473,312,161
122000693,338,1691,-1353
122000695,77,523,-446
122000696,66,245,-179
122000698,33,942,-909
122000699,90,54,36
122000701,590,279,311
122000702,228,1670,-1442
122000703,91,32,59
122000712,0,1,-1
122000717,209,48,161
122000718,890,466,424
122000719,22,55,-33
122000720,76,245,-169
122000724,231,412,-181
122900001,10,1,9
122900002,697,904,-207
122900003,90,21,69
122900004,396,6,390
122900005,46,60,-14
122900006,461,261,200
122900007,61,3,58
122900008,406,29,377
122900009,519,149,370
122900010,115,71,44
122900012,511,196,315
122900014,77,275,-198
122900015,1546,178,1368
122900016,22,264,-242
122900017,680,519,161
122900018,146,18,128
122900019,2,131,-129
122900020,205,271,-66
122900021,36,366,-330
122900022,173,843,-670
122900023,93,190,-97
122900024,53,71,-18
122900025,7,86,-79
122900026,85,326,-241
122900027,26,484,-458
122900028,77,97,-20
122900029,2632,763,1869
122900030,964,246,718
122900031,58,134,-76
122900032,83,163,-80
122900033,215,105,110
122900034,2516,2446,70
122900035,51,40,11
122900036,4,51,-47
122900037,247,138,109
122900038,105,1387,-1282
122900039,126,294,-168
122900040,91,287,-196
122900041,119,123,-4
122900042,72,199,-127
122900043,198,87,111
122900044,57,194,-137
122900045,54,99,-45
122900046,53,31,22
122900047,113,80,33
122900048,36,90,-54
122900049,1279,34,1245
122900051,81,69,12
122900052,22,63,-41
122900053,17,5,12
122900055,97,47,50
122900057,152,9,143
122900061,338,74,264
122900062,181,268,-87
122900063,56,341,-285
122900064,550,524,26
122900065,173,114,59
122900066,164,142,22
122900067,1318,670,648
122900069,79,534,-455
122900070,61,17,44
122900071,49,490,-441
122900073,47,185,-138
122900074,120,602,-482
122900075,2,70,-68
122900076,4,156,-152
122900077,0,169,-169
122900078,21,132,-111
122900080,45,12,33
122900081,64,80,-16
122900082,357,142,215
122900083,158,82,76
122900084,4,132,-128
122900086,2,14,-12
122900087,73,457,-384
122900088,15,29,-14
122900089,4,72,-68
122900090,4,614,-610
122900091,25,1,24
122900092,0,277,-277
122900093,1,324,-323
122900094,4,190,-186
122900095,46,1,45
122900096,106,354,-248
122900097,16,15,1
122900098,116,82,34
122900099,5,0,5
122900100,84,56,28
122900101,627,87,540
122900102,3,7,-4
122900103,16,8,8
122900104,5,0,5
122900105,2,1,1
122900106,0,63,-63
122900107,0,172,-172
122900108,4,232,-228
122900109,43,156,-113
123000001,1324,340,984
123000002,3841,1484,2357
123000003,3121,1856,1265
123000004,2968,3306,-338
123000005,1838,1622,216
123000006,2680,2241,439
123000007,2030,1560,470
123000008,1904,3402,-1498
123000009,3006,2243,763
123000010,3069,2780,289
123000011,2449,878,1571
123000012,979,2136,-1157
123000013,2724,997,1727
123000014,1212,3218,-2006
123000015,2693,464,2229
123000016,4787,1723,3064
123000017,2102,1232,870
123000018,23,55,-32
123000019,63,253,-190
123000020,41,95,-54
123000021,16,79,-63
123000022,265,456,-191
123000023,803,953,-150
123000024,713,394,319
123000025,39,76,-37
123000026,9,130,-121
123000027,109,226,-117
123000028,272,232,40
123000029,434,217,217
123000030,52,638,-586
123000031,60,364,-304
123000032,91,272,-181
123000033,82,59,23
123000034,339,309,30
123000035,96,143,-47
123000036,148,303,-155
123000037,107,347,-240
123000038,44,178,-134
123000039,584,636,-52
123000040,899,380,519
123000041,477,264,213
123000042,561,566,-5
123000043,2269,2135,134
123000044,4519,1558,2961
123000045,7648,1034,6614
123000046,630,461,169
123000047,2394,674,1720
123000048,34,215,-181
123000049,4765,2387,2378
123000050,396,711,-315
123000051,104,99,5
123000052,353,1250,-897
123000053,1965,1550,415
123000054,847,886,-39
123000055,864,677,187
123000056,876,1674,-798
123000057,13681,3646,10035
123000058,274,528,-254
123000059,259,298,-39
123000060,606,392,214
123000061,89,476,-387
123000063,718,458,260
123000064,791,170,621
123000065,6588,2954,3634
123000066,897,542,355
123000067,259,487,-228
123000068,2526,3156,-630
123000069,7558,3770,3788
123000070,303,617,-314
123000071,352,1060,-708
123000072,622,1480,-858
123000073,415,783,-368
123000074,830,2087,-1257
123000075,240,537,-297
123000076,382,1393,-1011
123000077,1773,3162,-1389
123000078,720,1655,-935
123000079,525,1722,-1197
123000080,1392,2044,-652
123000081,161,400,-239
123000082,336,988,-652
123000083,571,89,482
123000084,261,791,-530
123000085,41,128,-87
123000086,97,438,-341
123000087,73,440,-367
123000088,459,1055,-596
123000089,326,990,-664
123000090,870,1123,-253
123000091,1375,1046,329
123000092,1171,1060,111
123000094,244,226,18
123000095,147,465,-318
123000096,203,367,-164
123000097,172,1231,-1059
123000098,313,435,-122
123000099,429,851,-422
123000100,287,394,-107
123000101,374,298,76
123000102,497,432,65
123000104,270,214,56
123000105,466,477,-11
123000106,453,195,258
123000107,403,497,-94
123000108,1028,889,139
123000111,340,151,189
123000112,361,402,-41
123000113,469,1057,-588
123000114,325,423,-98
123000115,145,268,-123
123000116,22,184,-162
123000117,1073,2102,-1029
123000118,305,847,-542
123000119,155,871,-716
123000120,281,820,-539
123000121,339,470,-131
123000122,291,266,25
123000123,376,391,-15
123000124,566,434,132
123000125,862,327,535
123000126,1924,1514,410
123000127,1674,685,989
123000128,299,354,-55
123000129,142,134,8
123000130,160,35,125
123000131,430,357,73
123000132,347,424,-77
123000133,528,273,255
123000134,716,172,544
123000135,602,657,-55
123000136,122,1111,-989
123000137,95,344,-249
123000138,43,452,-409
123000139,210,85,125
123000140,139,574,-435
123000141,618,67,551
123000142,735,934,-199
123000143,908,2471,-1563
123000144,8,10,-2
123000145,138,96,42
123000146,12,57,-45
123000147,34,72,-38
123000149,313,278,35
123000150,179,126,53
123000151,229,337,-108
123000152,25,268,-243
123000153,161,325,-164
123000154,1732,1156,576
123000155,2106,725,1381
123000156,33,54,-21
123000157,583,811,-228
123000158,821,336,485
123000159,1941,1127,814
123000160,557,393,164
123000161,616,429,187
123000162,230,628,-398
123000163,102,22,80
123000164,348,108,240
123000165,186,1780,-1594
123000166,12,178,-166
123000167,78,252,-174
123000168,106,282,-176
123000169,202,60,142
123000170,23,332,-309
123000171,69,36,33
123000172,168,612,-444
123000173,203,62,141
123000174,443,83,360
123000175,791,1371,-580
123000176,293,54,239
123000177,222,1037,-815
123000178,241,35,206
123000179,15,760,-745
123000180,529,172,357
123000181,174,829,-655
123000183,101,115,-14
123000184,34,801,-767
123000186,7,647,-640
123000187,187,4,183
123000188,69,5,64
123000189,83,215,-132
123000190,13,54,-41
123000192,3,505,-502
123000193,25,464,-439
123000194,437,271,166
123000195,170,13,157
123000196,79,2,77
123000197,35,101,-66
123000198,10,180,-170
123000199,2,472,-470
123000200,137,2,135
123000201,246,7,239
123000202,28,1033,-1005
123000203,242,25,217
123000204,37,1254,-1217
123000205,230,2118,-1888
123000206,453,68,385
123000207,56,942,-886
123000208,114,46,68
123000209,558,141,417
123000210,264,1450,-1186
123000211,490,2536,-2046
123000212,863,159,704
123000213,91,33,58
123000215,145,69,76
123000216,123,156,-33
123000217,122,20,102
123000218,61,194,-133
123000219,575,23,552
123000220,332,34,298
123000221,78,85,-7
123000222,124,365,-241
123000223,43,507,-464
123000224,287,672,-385
123000225,66,61,5
123000226,57,322,-265
123000227,63,351,-288
123000228,76,50,26
123000229,983,1791,-808
123000232,44,493,-449
123000233,305,63,242
123000234,126,596,-470
123000235,136,189,-53
123000236,88,887,-799
123000237,162,22,140
123000238,41,623,-582
123000239,353,1797,-1444
123000240,10,130,-120
123000241,840,86,754
123000242,67,149,-82
123000243,267,856,-589
123000244,507,411,96
123000245,30,156,-126
123000249,432,433,-1
123000252,287,78,209
123000253,240,158,82
123000254,270,922,-652
123000255,453,520,-67
123000256,29,224,-195
123000257,2238,1548,690
123000258,776,1736,-960
123000259,63,280,-217
123000260,152,516,-364
123000261,63,148,-85
123000262,55,242,-187
123000263,176,74,102
123000264,106,24,82
123000265,27,170,-143
123000266,353,552,-199
123000267,113,181,-68
123000268,9,68,-59
123000269,23,22,1
123000270,28,26,2
123000271,32,57,-25
123000272,562,186,376
123000273,109,376,-267
123000274,564,189,375
123000275,131,821,-690
123000278,2304,2180,124
123000279,35,77,-42
123000280,154,301,-147
123000281,137,58,79
123000282,52,207,-155
123000283,49,29,20
123000284,28,95,-67
123000286,289,177,112
123000287,536,207,329
123000288,517,275,242
123000289,390,254,136
123000291,188,647,-459
123000294,205,217,-12
123000295,506,669,-163
123000296,139,331,-192
123000297,223,925,-702
123000298,201,644,-443
123000299,36,233,-197
123000300,606,542,64
123000301,39,110,-71
123000302,34,118,-84
123000303,20,104,-84
123000305,792,719,73
123000306,24,237,-213
123000309,35,64,-29
123000310,51,26,25
123000311,0,239,-239
123000312,706,1313,-607
123000313,349,362,-13
123000315,44,225,-181
123000316,1333,170,1163
123000317,147,17,130
123000318,25,300,-275
123000329,6,7,-1
123000337,65,160,-95
123000338,199,33,166
123000339,43,376,-333
123000340,185,360,-175
123000342,3,175,-172
123000343,8,0,8
123000344,606,405,201
123000345,488,574,-86
123000346,145,83,62
123000352,1559,623,936
123000353,11,121,-110
123000354,44,1,43
123000355,1,278,-277
123000356,66,0,66
123000357,1,235,-234
123000359,2,177,-175
123000360,40,14,26
123000361,337,179,158
123000362,71,63,8
123000363,36,201,-165
123000364,250,209,41
123000365,27,155,-128
123000366,196,823,-627
123000367,445,1516,-1071
123000370,7,244,-237
123000371,64,3,61
123000372,85,3,82
123000373,3,289,-286
123000374,3,108,-105
123000375,97,10,87
123000376,466,440,26
123000377,93,2,91
123000378,2,338,-336
123000379,0,197,-197
123000380,27,130,-103
123000381,81,31,50
123000382,617,27,590
123000383,127,456,-329
123000384,233,41,192
123000385,273,409,-136
123000436,24,305,-281
123000507,198,337,-139
123000508,130,309,-179
123000517,228,18,210
123000518,41,164,-123
123000519,122,77,45
123000520,34,179,-145
123000521,197,71,126
123000522,143,445,-302
123000541,1,1,0
123000542,1,36,-35
123000565,123,19,104
123000566,62,849,-787
123000567,73,255,-182
123000573,23,891,-868
123000574,249,36,213
123000575,954,891,63
123000576,369,1348,-979
123000577,77,291,-214
123000578,451,80,371
123000579,4580,1596,2984
123000580,51,14,37
123000582,96,15,81
123000583,11,349,-338
123000584,96,149,-53
123000585,0,47,-47
123000586,16,0,16
123000596,132,103,29
123000597,32,67,-35
123000602,3,2,1
123000603,89,247,-158
123000604,266,998,-732
123000605,545,11,534
123000606,1,194,-193
123000609,13,388,-375
123000610,36,104,-68
123000613,41,132,-91
123000614,136,29,107
123000615,64,244,-180
123000616,353,45,308
123000617,26,416,-390
123000618,37,481,-444
123000619,491,14,477
123000620,8,464,-456
123000622,186,21,165
123000624,154,54,100
123000630,400,184,216
123000631,146,1911,-1765
123000632,1335,1335,0
123000633,8,220,-212
123000634,66,20,46
123000635,202,98,104
123000636,44,789,-745
123000637,226,20,206
123000638,191,94,97
123000639,637,1641,-1004
123000640,34,989,-955
123000648,95,34,61
123000649,32,574,-542
123000650,81,249,-168
123000651,10,509,-499
123900001,1135,69,1066
123900002,8,660,-652
123900003,209,461,-252
123900005,72,49,23
123900006,59,9,50
124000001,930,101,829
124000002,93,1248,-1155
124000003,153,115,38
124000004,25,604,-579
124000005,382,132,250
124000006,167,1351,-1184
124000007,348,55,293
124000008,7,310,-303
124000009,195,130,65
124000010,70,491,-421
124000011,255,131,124
124000012,110,849,-739
124000017,22,76,-54
124000018,50,132,-82
124000019,54,109,-55
124000020,43,240,-197
124000021,36,83,-47
124000022,89,262,-173
124000023,758,854,-96
124000024,837,482,355
124000025,669,847,-178
124000026,887,813,74
124000027,3866,1918,1948
124000028,2448,2419,29
124000030,1723,662,1061
124000031,565,669,-104
124000032,3271,1084,2187
124000033,424,243,181
124000034,907,1181,-274
124000035,125,43,82
124000036,98,619,-521
124000037,146,187,-41
124000038,50,74,-24
124000039,1226,156,1070
124000040,651,321,330
124000041,151,58,93
124000042,48,240,-192
124000043,163,54,109
124000044,94,261,-167
124000045,331,440,-109
124000046,107,701,-594
124000047,395,745,-350
124000048,244,1683,-1439
124000049,599,620,-21
124000050,312,2230,-1918
124000051,191,497,-306
124000052,253,1445,-1192
124000053,302,664,-362
124000054,487,663,-176
124000055,737,902,-165
124000056,3014,1148,1866
124000057,427,315,112
124000058,286,1367,-1081
124000059,261,372,-111
124000060,726,804,-78
124000061,817,1864,-1047
124000062,4464,1464,3000
124000063,1049,1334,-285
124000064,2243,1850,393
124000065,46,82,-36
124000066,224,45,179
124000067,14,161,-147
124000068,46,122,-76
124000069,123,134,-11
124000070,103,487,-384
124000071,61,45,16
124000072,27,316,-289
124000073,287,94,193
124000074,80,748,-668
124000075,53,20,33
124000076,4,189,-185
124000077,1752,450,1302
124000078,2601,195,2406
124000079,651,587,64
124000080,161,66,95
124000081,75,756,-681
124000082,13,110,-97
124000083,22,143,-121
124000084,42,126,-84
124000085,26,37,-11
124000086,85,62,23
124000087,54,36,18
124000088,71,190,-119
124000089,202,245,-43
124000090,82,351,-269
124000091,161,132,29
124000092,56,701,-645
124000093,72,29,43
124000094,81,283,-202
124000095,49,43,6
124000096,44,250,-206
124000097,58,53,5
124000098,44,120,-76
124000099,61,82,-21
124000100,22,69,-47
124000101,25,109,-84
124000102,63,95,-32
124000103,22,83,-61
124000104,35,100,-65
124000105,13,34,-21
124000106,97,106,-9
124000107,5,59,-54
124000108,47,35,12
124000109,103,26,77
124000110,63,91,-28
124000111,111,127,-16
124000112,293,554,-261
124000113,34,62,-28
124000114,127,519,-392
124000115,288,693,-405
124000116,59,65,-6
124000117,56,58,-2
124000118,19,56,-37
124000119,666,405,261
124000120,345,431,-86
124000121,1369,429,940
124000122,500,887,-387
124000123,533,260,273
124000124,495,700,-205
124000125,282,272,10
124000126,353,496,-143
124000127,421,290,131
124000128,571,1046,-475
124000129,1177,876,301
124000130,543,518,25
124000131,637,386,251
124000132,719,649,70
124000133,384,590,-206
124000134,398,694,-296
124000135,1014,963,51
124000136,676,980,-304
124000137,805,388,417
124000138,1114,812,302
124000139,287,37,250
124000140,59,466,-407
124000141,193,20,173
124000142,29,601,-572
124000143,19,6,13
124000144,4,161,-157
124000145,25,13,12
124000146,13,103,-90
124000148,7,19,-12
124000149,431,219,212
124000150,225,461,-236
124000151,390,163,227
124000152,431,916,-485
124000153,260,242,18
124000154,279,774,-495
124000155,691,469,222
124000156,983,852,131
124000169,210,236,-26
124000170,441,328,113
124000171,130,156,-26
124000172,229,550,-321
124000173,182,305,-123
124000174,151,582,-431
124000175,4,116,-112
124000176,12,4,8
124000177,23,49,-26
124000178,17,11,6
124000185,12,3,9
124000186,2,49,-47
124000187,2,87,-85
124000188,14,5,9
124000190,234,20,214
124000191,337,60,277
124000192,889,157,732
124000193,262,864,-602
124000194,286,580,-294
124000195,153,395,-242
124000196,710,1067,-357
124000197,19,43,-24
124000198,12,25,-13
124000201,96,807,-711
124000202,294,4,290
124000203,67,786,-719
124000204,133,194,-61
124000205,17,526,-509
124000206,91,35,56
124000207,0,41,-41
124000209,125,453,-328
124000210,50,137,-87
124000211,105,1,104
124000212,1,503,-502
124000213,71,318,-247
124000214,107,712,-605
124000215,54,4,50
124000216,3,448,-445
124000329,7,926,-919
124000338,29,1616,-1587
124000339,122,35,87
124000341,205,27,178
124000344,16,3,13
124000357,659,870,-211
124000358,577,712,-135
124000359,425,323,102
124000360,217,279,-62
124000361,556,552,4
124000362,1034,1302,-268
124000363,180,401,-221
124000364,383,800,-417
124000365,663,1047,-384
124000366,1530,815,715
124000367,57,454,-397
124000368,161,133,28
124000369,37,56,-19
124000370,38,345,-307
124000402,18,4,14
124000403,38,1,37
124000404,13,76,-63
124000405,799,512,287
124000406,840,717,123
124000407,4,24,-20
124000411,4,369,-365
124000412,103,10,93
124000413,114,32,82
124000414,18,102,-84
124000415,39,247,-208
124000416,77,392,-315
124000417,102,112,-10
124000418,40,118,-78
124000419,60,234,-174
124000420,17,61,-44
124000421,14,355,-341
124000422,34,9,25
124000423,61,21,40
124000424,1,178,-177
124000425,27,6,21
124000426,3,273,-270
124000427,40,22,18
124000428,5,20,-15
124000429,17,53,-36
124000430,171,211,-40
124000431,288,530,-242
124000432,81,740,-659
124000439,1,5,-4
124000443,1,2,-1
124000445,338,278,60
124000446,2560,77,2483
124000447,15,36,-21
124000448,17,7,10
124000449,19,4,15
124000450,10,403,-393
124000451,0,190,-190
124900001,137,172,-35
124900002,70,471,-401
124900003,280,401,-121
124900004,132,312,-180
124900005,129,146,-17
124900006,168,290,-122
124900008,699,322,377
124900009,78,69,9
124900010,47,12,35
124900011,79,79,0
124900012,154,50,104
124900013,160,81,79
124900014,104,35,69
124900015,54,47,7
124900016,7,15,-8
124900017,367,137,230
124900018,0,2,-2
124900020,15,19,-4
124900021,49,10,39
124900022,9,8,1
124900024,52,7,45
124900026,133,28,105
124900027,27,92,-65
124900028,415,89,326
124900029,9,204,-195
124900030,1,77,-76
124900031,13,246,-233
124900032,144,115,29
124900033,44,273,-229
124900034,4,93,-89
124900035,73,326,-253
124900036,0,31,-31
124900037,68,260,-192
124900039,0,20,-20
124900040,26,63,-37
124900042,23,0,23
124900043,252,1260,-1008
124900044,24,1,23
124900045,603,506,97
124900047,767,368,399
124900048,87,134,-47
124900050,64,217,-153
124900052,39,238,-199
124900053,75,536,-461
124900054,1324,238,1086
124900055,1,178,-177
124900057,3,49,-46
124900060,1194,606,588
124900061,28,9,19
124900062,10,6,4
124900066,0,43,-43
124900067,2,126,-124
124900068,159,113,46
124900070,14,12,2
124900072,26,11,15
124900075,33,204,-171
124900076,35,199,-164
124900077,20,82,-62
124900078,13,5,8
124900079,491,40,451
124900080,129,780,-651
124900081,304,181,123
124900082,403,1476,-1073
124900083,203,887,-684
124900085,2585,317,2268
124900086,28,296,-268
124900087,1711,61,1650
124900088,820,191,629
124900089,1078,23,1055
124900090,59,116,-57
124900091,139,467,-328
124900092,92,415,-323
124900093,57,118,-61
124900094,81,126,-45
124900095,19,173,-154
124900096,285,55,230
124900097,75,41,34
124900098,65,300,-235
124900099,273,223,50
124900100,71,27,44
124900101,8,507,-499
124900102,64,23,41
124900103,30,267,-237
124900104,27,163,-136
124900105,47,139,-92
124900106,135,11,124
124900107,29,3,26
124900108,105,24,81
124900111,1,44,-43
124900112,146,825,-679
124900113,154,66,88
124900114,332,24,308
124900115,21,14,7
124900116,45,72,-27
124900117,632,70,562
124900118,110,73,37
124900119,132,66,66
124900120,15,294,-279
124900121,90,59,31
124900122,448,136,312
124900123,465,42,423
124900124,180,151,29
204000001,35,37,-2
204000002,12,33,-21
204000003,0,1,-1
204000004,1,0,1
204000005,313,160,153
204000006,421,463,-42
204000011,5,57,-52
204000012,11,118,-107
204000019,366,409,-43
204000020,230,542,-312
204000021,1220,594,626
204000022,223,384,-161
204000023,210,1206,-996
204000031,90,26,64
204000032,509,28,481
204000034,25,296,-271
204000035,0,3,-3
204000036,9,18,-9
204000037,3,35,-32
204000038,0,31,-31
204000039,1,54,-53
204000040,0,48,-48
204000041,6,44,-38
204000042,9,8,1
204000043,5,3,2
204000044,9,5,4
204000045,16,15,1
204000046,26,2,24
204000057,15,40,-25
204000062,5,309,-304
204000068,26,119,-93
204000069,24,130,-106
204000070,24,143,-119
204000080,7,39,-32
204000085,552,1235,-683
204000086,2324,1467,857
204000087,35,15,20
204000088,5,105,-100
204000090,20,471,-451
204000093,172,70,102
204000096,352,515,-163
204000097,112,63,49
204000099,527,825,-298
204000100,362,609,-247
204000105,1479,1016,463
204000110,477,1034,-557
204000111,260,650,-390
204000112,402,802,-400
204000113,312,669,-357
204000114,313,194,119
204000115,143,247,-104
204000116,258,355,-97
204000119,908,866,42
204000132,220,172,48
204000133,261,258,3
204000134,96,135,-39
204000135,220,109,111
204000136,128,176,-48
204000138,151,137,14
204000140,93,75,18
204000141,78,39,39
204000144,24,10,14
204000145,485,17,468
204000146,81,284,-203
204000147,55,188,-133
204000148,407,20,387
204000154,0,0,0
204000155,1,12,-11
204000177,38,105,-67
204000179,3,7,-4
204000180,0,62,-62
204000222,1,5,-4
204000235,7,4,3
204000236,59,251,-192
204000238,19,11,8
204000240,313,39,274
204000263,348,1159,-811
204000268,669,227,442
204000308,133,9,124
204000317,6,67,-61
204000322,3,19,-16
204000323,22,6,16
204000328,225,79,146
204000329,126,75,51
204000330,159,104,55
204000331,47,163,-116
205000001,798,978,-180
205000013,4,82,-78
205000014,8,94,-86
205000015,39,217,-178
205000016,9,189,-180
205000017,21,86,-65
205000022,274,508,-234
205000025,1466,772,694
205000029,94,9,85
205000045,20,134,-114
205000046,42,552,-510
205000047,27,448,-421
205000048,72,929,-857
205000049,76,660,-584
205000050,1055,270,785
205000059,1,212,-211
205000060,0,45,-45
205000061,2,16,-14
205000062,0,21,-21
205000063,6,40,-34
205000064,12,106,-94
205000065,34,654,-620
205000066,47,734,-687
205000067,20,992,-972
205000069,183,15,168
205000082,128,147,-19
205000110,65,158,-93
205000111,144,228,-84
205000112,46,64,-18
205000113,192,199,-7
205000121,94,32,62
205000123,54,182,-128
205000126,126,40,86
205000127,207,47,160
205000128,192,26,166
205000129,152,29,123
205000130,68,4,64
205000131,45,2,43
205000132,125,1,124
205000133,41,0,41
205000134,29,0,29
205000137,98,162,-64
205000138,202,204,-2
205000139,37,86,-49
205000144,45,40,5
205000145,171,91,80
205000151,39,12,27
205000152,54,19,35
205000153,131,14,117
205000154,15,20,-5
205000155,54,4,50
205000207,28,140,-112
205000233,3,0,3
205000234,0,0,0
205000243,0,1,-1
205000244,0,3,-3
205000245,13,297,-284
205000249,1,16,-15
205000250,2,1,1
205000264,2,99,-97
206000027,6,4,2
206000028,23,1,22
206000043,11,157,-146
206000053,8,13,-5
206000054,19,29,-10
206000055,2,39,-37
206000075,9,2,7
206000076,30,10,20
206000077,8,3,5
206000078,3,8,-5
206000079,35,9,26
206000082,307,18,289
206000100,51,524,-473
206000103,13,25,-12
206000104,26,25,1
206000105,10,17,-7
206000106,14,36,-22
206000125,22,0,22
206000157,134,608,-474
206000170,0,223,-223
206000171,3,224,-221
206000172,2,978,-976
206000173,1,361,-360
206000174,2,192,-190
206000175,2,299,-297
206000176,15,431,-416
206000177,2,268,-266
206000178,0,178,-178
206000179,3,109,-106
206000180,10,227,-217
206000181,5,378,-373
206000182,23,330,-307
206000183,35,1104,-1069
206000184,6,421,-415
206000185,7,329,-322
206000186,140,1603,-1463
206000223,6,241,-235
206000226,6,4,2
206000227,27,1,26
206000237,21,383,-362
206000238,48,800,-752
206000239,555,2259,-1704
206000240,1,53,-52
206000241,0,128,-128
206000242,9,468,-459
206000243,12,384,-372
206000244,85,881,-796
206000245,260,35,225
206000246,48,13,35
206000247,71,11,60
206000248,105,8,97
206000252,66,13,53
206000258,9,25,-16
206000315,29,6,23
206000317,195,71,124
206000318,102,33,69
206000319,423,83,340
206000320,36,22,14
206000321,51,13,38
206000322,86,4,82
206000323,64,15,49
206000324,50,1,49
206000325,106,11,95
206000326,48,5,43
206000327,97,9,88
206000328,42,1,41
206000329,59,5,54
206000330,14,9,5
206000331,32,6,26
206000332,21,4,17
206000333,136,4,132
206000334,99,2,97
206000335,1,26,-25
206000361,6,190,-184
206000392,2,50,-48
206000405,82,0,82
206000441,12,6,6
206000498,11,5,6
206000515,134,25,109
206000530,78,31,47
206000531,84,51,33
206000532,1172,100,1072
206000535,254,1998,-1744
206000536,33,274,-241
206000537,6,149,-143
206000613,950,112,838
206000784,419,25,394
207000001,122,339,-217
207000002,34,285,-251
207000003,89,226,-137
207000007,470,241,229
207000008,47,7,40
207000009,18,42,-24
207000010,420,469,-49
207000012,215,199,16
207000015,225,1556,-1331
207000019,119,61,58
207000021,466,119,347
207000022,62,85,-23
207000023,72,62,10
207000024,0,5,-5
207000025,3,55,-52
207000026,87,48,39
207000027,6,67,-61
207000028,20,230,-210
207000029,199,306,-107
207000033,188,133,55
207000034,156,33,123
207000039,159,101,58
207000040,64,162,-98
207000041,21,45,-24
207000042,105,72,33
207000043,135,206,-71
207000051,61,241,-180
207000052,1,145,-144
207000053,331,524,-193
207000054,26,122,-96
207000055,58,205,-147
207000056,150,394,-244
207000057,96,212,-116
207000058,67,408,-341
207000059,32,885,-853
207000060,27,275,-248
207000061,61,136,-75
207000062,99,64,35
207000063,109,163,-54
207000064,167,171,-4
207000065,162,229,-67
207000066,82,163,-81
207000067,46,140,-94
207000068,74,46,28
207000069,542,340,202
207000082,23,395,-372
207000083,43,339,-296
207000084,84,150,-66
207000085,61,6,55
207000086,44,4,40
207000106,25,37,-12
207000107,19,27,-8
207000108,32,11,21
207000109,32,10,22
207000110,22,31,-9
207000111,42,56,-14
207000112,81,115,-34
207000114,16,18,-2
207000115,11,41,-30
207000116,4,126,-122
207000117,4,84,-80
207000118,1,47,-46
207000119,19,72,-53
207000123,154,17,137
207000124,39,7,32
207000125,49,16,33
207000126,51,22,29
207000134,27,227,-200
207000135,18,322,-304
207000148,27,88,-61
207000149,69,19,50
207000152,100,371,-271
207000153,868,729,139
207000154,270,136,134
207000159,29,240,-211
207000160,32,505,-473
207000238,0,56,-56
207000242,2,137,-135
207000248,38,24,14
207000249,101,42,59
207000250,422,37,385
207000251,39,37,2
207000252,30,40,-10
207000278,48,46,2
207000279,21,188,-167
207000280,136,58,78
207000281,63,1229,-1166
207000282,99,14,85
207000283,111,152,-41
207000284,28,48,-20
207000285,178,32,146
207000291,7,103,-96
207000304,57,63,-6
207000306,31,293,-262
207000310,24,72,-48
207000353,69,6,63
207000356,5,12,-7
207000357,4,5,-1
207000358,10,14,-4
207000415,9,111,-102
207000417,8,1,7
207000418,63,135,-72
207000438,0,3,-3
207000439,1077,214,863
207000446,42,6,36
207000460,6,9,-3
207000466,147,103,44
207000467,75,81,-6
207000468,21,416,-395
207000476,1,67,-66
207000477,110,148,-38
207000478,0,7,-7
207000523,0,26,-26
207000524,25,0,25
207000527,104,134,-30
207000530,57,1,56
207000531,78,6,72
207000532,26,9,17
207000534,625,27,598
207000535,33,102,-69
207000537,17,79,-62
207000540,2,124,-122
207000541,1,206,-205
207000548,8,243,-235
207000549,55,5,50
207000561,48,44,4
207000562,14,159,-145
207000567,124,204,-80
207000568,39,111,-72
207000569,66,945,-879
207000584,321,99,222
207000585,70,91,-21
207000587,24,41,-17
207000616,1,207,-206
207000617,31,0,31
207000624,31,8,23
207000631,3,34,-31
207900008,38,221,-183
208000001,238,447,-209
208000002,197,370,-173
208000003,462,383,79
208000004,537,533,4
208000005,0,11,-11
208000019,289,593,-304
208000020,55,339,-284
208000021,63,374,-311
208000022,335,511,-176
208000028,678,585,93
208000033,273,518,-245
208000034,615,1009,-394
208000037,192,23,169
208000040,33,147,-114
208000041,388,325,63
208000042,451,402,49
208000047,86,366,-280
208000064,1814,948,866
208000066,819,466,353
208000070,104,366,-262
208000071,124,591,-467
208000072,124,809,-685
208000080,72,239,-167
208000081,92,152,-60
208000082,138,220,-82
208000083,47,265,-218
208000084,2,14,-12
208000085,487,456,31
208000086,270,720,-450
208000087,143,595,-452
208000089,253,500,-247
208000090,321,841,-520
208000093,37,96,-59
208000094,260,476,-216
208000095,380,230,150
208000104,444,616,-172
208000105,400,722,-322
208000114,23,75,-52
208000115,334,248,86
208000116,82,705,-623
208000117,14,74,-60
208000118,48,65,-17
208000155,314,637,-323
208000158,1180,1513,-333
208000186,1859,1019,840
208000204,200,645,-445
208000205,562,930,-368
208000282,2045,638,1407
209000004,46,90,-44
209000005,9,31,-22
209000006,175,74,101
209000007,139,174,-35
209000010,320,104,216
209000011,125,137,-12
209000012,181,186,-5
209000013,142,504,-362
209000014,560,1426,-866
209000025,109,15,94
209000026,311,38,273
209000027,202,821,-619
209000028,204,925,-721
209000029,444,880,-436
209000030,360,1411,-1051
209000031,3136,1976,1160
209000034,122,158,-36
209000035,83,103,-20
209000036,70,109,-39
209000037,95,154,-59
209000038,45,115,-70
209000039,51,134,-83
209000040,160,340,-180
209000041,121,280,-159
209000042,172,260,-88
209000043,534,393,141
209000044,149,333,-184
209000045,619,252,367
209000046,146,305,-159
209000047,95,109,-14
209000048,97,133,-36
209000049,64,134,-70
209000050,156,167,-11
209000051,134,323,-189
209000052,81,309,-228
209000062,31,140,-109
209000063,8,124,-116
209000064,7,150,-143
209000065,11,33,-22
209000066,11,34,-23
209000067,27,55,-28
209000080,5,119,-114
209000082,38,25,13
209000091,24,60,-36
209000093,92,31,61
209000094,175,65,110
209000110,31,44,-13
209000111,303,635,-332
209000112,282,265,17
209000113,540,238,302
209000114,144,134,10
209000115,55,127,-72
209000116,671,494,177
209000118,2,30,-28
209000119,13,8,5
209000121,83,603,-520
209000135,45,46,-1
209000142,670,404,266
209000143,30,46,-16
209000144,12,51,-39
209000229,58,117,-59
209000240,21,387,-366
209000259,98,112,-14
209000260,24,701,-677
209000261,4,369,-365
209000262,1,396,-395
209000263,0,86,-86
209000264,1,14,-13
209000265,72,1,71
209000266,16,0,16
209000267,125,2,123
209000268,274,19,255
210000037,32,26,6
210000047,21,32,-11
210000048,28,31,-3
210000049,50,29,21
210000052,30,122,-92
210000053,13,67,-54
210000054,64,69,-5
210000070,38,2,36
210000071,14,0,14
210000072,34,0,34
210000073,0,23,-23
210000074,0,89,-89
210000075,1,51,-50
210000076,2,127,-125
210000077,36,11,25
210000078,38,11,27
210000079,16,18,-2
210000080,62,31,31
210000081,73,2,71
210000082,38,0,38
210000083,80,0,80
210000084,4,0,4
210000085,0,82,-82
210000086,1,96,-95
210000099,46,189,-143
210000100,28,201,-173
210000101,71,180,-109
210000105,41,110,-69
210000159,0,82,-82
210000163,142,165,-23
210000164,232,59,173
210000168,152,23,129
210000187,0,4,-4
210000188,0,15,-15
210000214,5,0,5
210000219,17,42,-25
210000220,45,64,-19
210000232,0,21,-21
210000233,8,34,-26
210000234,36,107,-71
210000235,22,97,-75
210000245,2,24,-22
210000246,22,21,1
210000258,13,121,-108
210000259,104,14,90
210000282,21,131,-110
210000285,0,131,-131
210000286,3,165,-162
210000290,2,7,-5
210000295,16,82,-66
210000296,6,46,-40
210000320,75,100,-25
210000321,48,100,-52
210000338,49,99,-50
210000339,498,443,55
210000340,109,138,-29
210000341,67,168,-101
210000342,105,159,-54
210000343,87,143,-56
210000344,116,83,33
210000345,133,74,59
210000346,24,49,-25
210000347,42,16,26
210000348,41,10,31
210000349,36,3,33
210000350,36,46,-10
210000351,28,91,-63
210000352,26,85,-59
210000353,13,95,-82
210000354,36,117,-81
210000355,34,71,-37
210000356,28,29,-1
210000357,19,25,-6
210000358,273,83,190
210000359,34,42,-8
210000360,90,97,-7
210000361,67,125,-58
210000362,148,108,40
210000363,726,114,612
210000364,81,57,24
210000365,61,31,30
210000366,63,55,8
210000367,21,27,-6
210000368,90,6,84
210000369,6,28,-22
210000370,29,54,-25
210000372,20,34,-14
210000373,16,11,5
210000374,39,9,30
210000375,13,62,-49
210000376,43,125,-82
210000404,107,100,7
210000439,17,44,-27
210000472,66,4,62
210000482,95,57,38
210000564,684,90,594
210000567,1,15,-14
210000568,412,3,409
211000092,23,52,-29
211000094,73,11,62
211000169,190,3,187
211000172,7,169,-162
211000209,1,11,-10
211000226,2,17,-15
211000270,8,33,-25
211000275,11,29,-18
211000276,18,17,1
211000279,2,73,-71
211000281,6,48,-42
211000302,5,75,-70
211507980,1,23,-22
211977296,2,5,-3
212000003,65,46,19
212000004,21,25,-4
212000005,10,21,-11
212000006,7,79,-72
212000008,50,204,-154
212000009,6,120,-114
212000012,28,55,-27
212000013,6,34,-28
212000014,140,142,-2
212000015,96,201,-105
212000016,207,422,-215
212000027,272,350,-78
212000028,163,298,-135
212000029,93,225,-132
212000030,9,20,-11
212000031,21,59,-38
212000048,20,64,-44
212000049,8,52,-44
212000050,12,5,7
212000051,76,187,-111
212000052,64,364,-300
212000053,180,496,-316
212000054,64,129,-65
212000055,60,242,-182
212000056,5,45,-40
212000057,13,19,-6
212000058,214,42,172
212000070,50,302,-252
212000077,33,676,-643
212000099,105,168,-63
212000108,79,115,-36
212000111,107,142,-35
212000120,70,82,-12
212000138,36,19,17
212000156,1,101,-100
212000158,5,6,-1
212000159,93,56,37
212000160,211,177,34
212000161,13,9,4
212000310,11,15,-4
212000311,5,52,-47
212000374,10,10,0
213000001,20,537,-517
213000005,252,57,195
213000006,916,58,858
213000007,46,3,43
213000009,214,115,99
213000010,101,97,4
213000011,111,73,38
213000012,73,266,-193
213000014,27,2,25
213000015,54,5,49
213000016,55,0,55
213000017,11,0,11
213000018,1,224,-223
213000019,1,149,-148
213000020,58,234,-176
213000021,0,98,-98
213000023,131,86,45
213000033,196,424,-228
213000034,152,217,-65
213000035,70,53,17
213000045,38,193,-155
213000046,50,124,-74
213000047,258,522,-264
213000056,22,13,9
213000069,30,3,27
213000073,0,8,-8
213000074,114,417,-303
213000075,318,4,314
213000076,11,0,11
213000085,5,25,-20
213000086,11,177,-166
213000091,11,5,6
213000092,21,7,14
213000099,112,662,-550
213000100,873,124,749
213000101,70,150,-80
213000102,97,336,-239
213000103,460,657,-197
213000104,31,402,-371
213000105,0,64,-64
213000106,4,165,-161
213000107,40,637,-597
213000108,10,400,-390
213000109,2,206,-204
213000110,1,44,-43
213000111,0,33,-33
213000112,108,115,-7
213000115,15,6,9
213000116,46,492,-446
213000117,1,540,-539
213000118,159,209,-50
213000119,21,710,-689
213000120,44,611,-567
213000122,157,697,-540
213000123,607,1044,-437
213000124,35,1145,-1110
213000125,90,16,74
213000126,32,59,-27
213000127,156,115,41
213000128,626,334,292
213000129,352,206,146
213000130,187,97,90
213000132,107,72,35
213000133,101,71,30
213000134,431,8,423
213000136,132,11,121
213000137,281,70,211
213000139,238,4,234
213000147,6,0,6
213000148,5,5,0
213000149,16,7,9
213000150,1,49,-48
213000151,2,47,-45
213000152,1,69,-68
213000153,0,13,-13
213000154,4,267,-263
213000155,13,262,-249
213000156,45,473,-428
213000157,500,588,-88
213000158,186,496,-310
213000159,236,394,-158
213000163,263,114,149
213000165,417,83,334
213000171,0,142,-142
213000172,1,254,-253
213000173,2,169,-167
213000174,0,150,-150
213000175,43,151,-108
213000176,4,4,0
213000177,5,0,5
213000178,16,0,16
213000179,35,1,34
213000180,23,0,23
213000184,37,309,-272
213000188,100,61,39
213000189,56,18,38
213000190,652,448,204
213000191,99,382,-283
213000192,71,489,-418
213000193,1227,125,1102
213000194,0,8,-8
213000195,14,471,-457
213000196,88,629,-541
213000197,156,138,18
213000198,20,3,17
213000200,40,790,-750
213000201,129,75,54
213000202,7,520,-513
213000203,1829,269,1560
213000204,372,13,359
213000205,68,27,41
213000206,98,30,68
213000207,42,10,32
213000208,9,1,8
213000209,24,1,23
213000210,126,1,125
213000211,0,7,-7
213000212,1,15,-14
213000213,6,8,-2
213000218,79,751,-672
213000219,379,13,366
213000220,337,9,328
213000223,170,57,113
213000224,3,22,-19
213000225,9,1,8
213000226,7,4,3
213000227,316,122,194
213000228,51,74,-23
213000229,388,19,369
213000230,195,11,184
213000232,48,301,-253
213000233,2,24,-22
213000234,2,17,-15
213000293,2,27,-25
213000294,20,4,16
213000295,0,58,-58
213000296,55,18,37
213000297,1,52,-51
213000298,2,54,-52
213000299,39,40,-1
213000300,6,3,3
213000303,1,38,-37
213000304,0,1,-1
213000305,3,8,-5
213000306,26,26,0
213000307,48,102,-54
213000308,49,254,-205
213000309,48,42,6
213000310,146,95,51
213000311,245,368,-123
213000315,19,95,-76
213000316,22,78,-56
213000322,35,114,-79
213000323,39,160,-121
213000324,18,62,-44
213000325,24,89,-65
213000326,16,42,-26
213000327,21,52,-31
213000328,69,60,9
213000329,51,39,12
213000340,61,879,-818
213000341,148,94,54
213000346,132,24,108
213000347,738,60,678
213000348,5,104,-99
213000349,42,15,27
213000350,100,1116,-1016
213000366,25,168,-143
213000367,82,20,62
213000379,128,124,4
213000386,2,113,-111
213000406,83,223,-140
213000417,461,251,210
213000425,236,109,127
213000426,176,167,9
213000427,17,282,-265
213000428,12,186,-174
213000429,6,5,1
213000430,72,665,-593
213000431,33,1,32
213000432,1,3,-2
213000433,7,76,-69
213000434,17,60,-43
213000435,61,98,-37
213000436,17,50,-33
213000437,22,41,-19
213000438,36,30,6
213000439,16,8,8
213000440,36,188,-152
213000441,2,0,2
213000442,179,62,117
213000443,232,190,42
213000444,10,84,-74
213000445,0,70,-70
213000446,1,2,-1
213000447,0,20,-20
213000448,1,56,-55
213000449,43,3,40
213000450,10,32,-22
213000451,36,66,-30
213000452,4,7,-3
213000453,32,196,-164
213000455,228,9,219
213000456,0,211,-211
213000481,12,5,7
213000482,60,2,58
213000489,337,10,327
213000491,1,44,-43
213000492,53,1,52
213000493,0,21,-21
213000494,57,114,-57
213000495,0,139,-139
213000496,105,155,-50
213000497,15,245,-230
213000498,35,202,-167
213000499,51,671,-620
213000500,86,102,-16
213000501,50,22,28
213000502,58,16,42
213000503,0,55,-55
213000504,5,146,-141
213000505,4,7,-3
213000506,0,6,-6
213000507,2,137,-135
213900244,3,0,3
213900245,0,45,-45
218000003,12,15,-3
218000004,8,6,2
218000005,21,19,2
218000006,21,28,-7
218000007,4,8,-4
218000012,204,119,85
218000013,51,140,-89
218000014,393,299,94
218000019,768,325,443
218000020,266,303,-37
218000040,6,0,6
218000046,22,209,-187
218000047,4,197,-193
218000048,44,295,-251
218000049,57,187,-130
218000050,137,300,-163
218000051,36,363,-327
218000052,1,79,-78
218000053,0,10,-10
218000054,44,20,24
218000055,1,11,-10
218000056,3,26,-23
218000057,2,32,-30
218000064,0,4,-4
218000065,13,46,-33
218000066,11,69,-58
218000067,13,81,-68
218000068,25,75,-50
218000069,63,177,-114
218000070,133,285,-152
218000071,118,280,-162
218000072,237,201,36
218000078,387,1053,-666
218000079,17,51,-34
218000080,44,63,-19
218000081,132,237,-105
218000082,10,110,-100
218000083,11,80,-69
218000084,41,157,-116
218000085,84,362,-278
218000086,11,124,-113
218000087,99,223,-124
218000090,10,38,-28
218000091,428,371,57
218000092,30,163,-133
218000093,45,66,-21
218000094,278,771,-493
218000099,196,327,-131
218000100,176,294,-118
218000101,113,138,-25
218000102,118,302,-184
218000103,22,234,-212
218000104,18,37,-19
218000105,30,14,16
218000106,19,9,10
218000107,19,128,-109
218000108,1,55,-54
218000112,48,19,29
218000117,20,44,-24
218000134,189,592,-403
218000135,10,69,-59
218000136,60,34,26
218000137,44,95,-51
218000138,4,80,-76
218000139,59,293,-234
218000140,102,167,-65
218000141,14,40,-26
218000142,44,126,-82
218000143,13,132,-119
218000144,21,34,-13
218000145,105,338,-233
218000146,22,92,-70
218000151,8,5,3
218000152,38,48,-10
218000170,4,16,-12
218000171,11,6,5
218000172,5,7,-2
218000173,39,7,32
218000174,5,2,3
218000176,59,7,52
218000177,106,44,62
218000178,47,61,-14
218000179,59,23,36
218000180,21,12,9
218000181,54,13,41
218000187,5,5,0
218000188,55,31,24
218000189,4,34,-30
218000190,1,7,-6
218000191,36,112,-76
218000192,68,365,-297
218000193,179,360,-181
218000194,35,291,-256
218000195,65,88,-23
218000196,136,229,-93
218000197,103,337,-234
218000198,5,152,-147
218000199,14,27,-13
218000200,34,24,10
218000201,12,6,6
218000202,96,111,-15
218000207,8,39,-31
218000208,9,38,-29
218000211,9,8,1
218000213,48,41,7
218000214,4,6,-2
218000215,30,71,-41
218000217,0,78,-78
218000218,107,51,56
218000219,12,9,3
218000220,56,199,-143
218000221,322,163,159
218000222,30,15,15
218000223,29,59,-30
218000224,2,16,-14
218000225,166,15,151
218000226,27,25,2
218000232,41,68,-27
218000239,44,0,44
218000240,6,1,5
218000241,0,0,0
218000242,1,0,1
218000243,2,0,2
218000244,7,1,6
218000245,2,0,2
218000246,0,0,0
218000247,0,0,0
218000248,0,14,-14
218000249,0,0,0
218000250,1,9,-8
218000251,0,12,-12
218000252,1,22,-21
218000253,0,7,-7
218000254,0,19,-19
218000255,2,3,-1
218000256,0,36,-36
218000267,741,1080,-339
218000268,8,50,-42
218000269,3,6,-3
218000270,22,78,-56
218000271,36,74,-38
218000273,2,6,-4
218000274,9,11,-2
218000275,9,29,-20
218000276,5,29,-24
218000278,17,26,-9
218000279,33,99,-66
218000280,5,68,-63
218000281,14,17,-3
218000282,293,146,147
218000284,68,15,53
218000301,7,62,-55
218000302,32,22,10
218000303,6,34,-28
218000316,567,1132,-565
218000317,368,1137,-769
218000318,185,928,-743
218000319,560,1252,-692
218000320,449,657,-208
218000338,4,32,-28
218000345,98,57,41
218000346,51,97,-46
218000459,41,221,-180
218000490,8,34,-26
218000501,15,22,-7
218000502,9,117,-108
218000503,27,11,16
218000504,66,7,59
218000505,9,144,-135
218000506,26,119,-93
218000508,0,2,-2
218000510,117,9,108
218000520,44,107,-63
218000521,1,51,-50
218000522,1,98,-97
218000523,48,15,33
218000524,40,101,-61
218000525,22,16,6
218000526,57,64,-7
218000529,16,179,-163
218000531,4,38,-34
218000532,25,22,3
218000534,28,20,8
218000537,24,46,-22
218000538,32,114,-82
218000540,175,68,107
218000543,61,34,27
218000544,26,135,-109
218000545,21,43,-22
218000546,26,110,-84
218000547,47,68,-21
218000548,91,117,-26
218000549,396,84,312
218000550,351,387,-36
218000551,306,171,135
218000552,647,29,618
218000553,17,60,-43
218000554,41,19,22
218000555,14,38,-24
218000556,42,324,-282
218000557,127,133,-6
218000558,7,0,7
218000559,0,8,-8
218000560,0,3,-3
218000561,22,0,22
218000562,7,148,-141
218000563,69,18,51
218000564,8,67,-59
218000565,190,13,177
218000566,320,24,296
218000567,12,45,-33
218000568,5,1,4
218000569,7,32,-25
218000570,105,5,100
218000571,1,71,-70
218000572,25,2,23
218000573,46,55,-9
218000574,252,90,162
218000575,44,0,44
218000576,1,75,-74
218000577,5,0,5
218000578,0,80,-80
218000579,18,0,18
218000581,0,30,-30
218000582,2,3,-1
218000583,0,0,0
218000584,0,10,-10
218000585,12,0,12
218000586,0,49,-49
218000587,0,0,0
218000588,0,0,0
218000589,0,0,0
218000590,0,0,0
218000591,0,0,0
218000592,0,0,0
218000593,0,0,0
218000594,0,0,0
218000597,0,0,0
218000598,0,0,0
218000599,0,0,0
218000600,0,0,0
218000601,0,0,0
218000602,0,0,0
218000603,0,4,-4
218000604,7,1,6
218000605,1,18,-17
218000606,7,0,7
218000607,7,15,-8
218000608,13,4,9
218000609,0,55,-55
218000610,29,0,29
218000611,7,0,7
218000612,1,43,-42
218000613,7,0,7
218000614,2,44,-42
218000615,13,3,10
218000616,3,99,-96
218000617,1,0,1
218000618,1,22,-21
218000619,9,3,6
218000620,0,26,-26
218000621,0,0,0
218000622,0,1,-1
218000623,0,0,0
218000624,0,11,-11
218000625,9,2,7
218000626,0,8,-8
218000628,36,58,-22
218000631,18,16,2
218000632,0,42,-42
218000633,34,0,34
218000634,12,13,-1
218000635,2,4,-2
218000636,377,1172,-795
218000637,341,576,-235
218000638,29,29,0
218000639,7,174,-167
218000640,50,13,37
218000641,24,258,-234
218000652,100,92,8
218000653,103,39,64
218000663,2,79,-77
218000675,21,34,-13
218000680,160,496,-336
218000681,252,89,163
218000691,89,350,-261
218000693,65,86,-21
218000718,918,201,717
218000719,1218,54,1164
218000720,5,34,-29
218000721,24,6,18
218001147,4,298,-294
218001214,2,9,-7
218001258,56,3,53
218001329,113,78,35
218001330,133,105,28
218001351,20,16,4
218001352,1,12,-11
218001353,4,7,-3
218001354,1,35,-34
218001355,17,332,-315
218001356,83,7,76
218001357,23,231,-208
218001358,111,3,108
218001361,52,3,49
218001362,1,269,-268
219000001,4,72,-68
219000002,15,88,-73
219000003,27,29,-2
219000004,51,28,23
219000017,62,18,44
219000020,50,9,41
219000022,83,1,82
219000023,42,0,42
219000029,0,56,-56
219000034,6,5,1
219000039,13,34,-21
219000040,29,12,17
219000041,155,38,117
219000051,1,50,-49
219000052,0,14,-14
219000053,1,250,-249
219000054,0,18,-18
219000055,32,0,32
219000056,6,0,6
219000057,14,0,14
219000062,14,179,-165
219000063,29,9,20
219000064,1,47,-46
219000110,193,51,142
219000111,98,29,69
219000112,132,50,82
219000113,73,40,33
219000114,405,17,388
219000116,58,26,32
219000117,115,91,24
219000118,34,60,-26
219000123,190,82,108
219000124,24,47,-23
219000125,7,29,-22
219000126,47,117,-70
219000127,3,8,-5
219000128,36,76,-40
219000129,46,142,-96
219000130,916,580,336
219000131,740,656,84
219000133,25,17,8
219000134,11,10,1
219000135,22,41,-19
219000136,59,112,-53
219000138,26,17,9
219000139,13,40,-27
219000140,16,0,16
219000141,16,164,-148
219000142,14,105,-91
219000143,9,113,-104
219000145,6,38,-32
219000146,4,51,-47
219000147,0,49,-49
219000148,2,61,-59
219000149,23,243,-220
219000150,3,132,-129
219000151,3,89,-86
219000157,222,158,64
219000158,87,210,-123
219000161,137,12,125
219000163,1376,395,981
219000166,52,140,-88
219000167,52,191,-139
219000168,619,69,550
219000174,165,65,100
219000175,34,1,33
219000176,24,5,19
219000177,4,6,-2
219000178,16,5,11
219000179,5,4,1
219000180,37,18,19
219000182,43,14,29
219000183,10,51,-41
219000184,27,9,18
219000185,0,96,-96
219000186,9,64,-55
219000187,17,125,-108
219000189,134,122,12
219000190,129,129,0
219000191,1373,595,778
219000192,129,94,35
219000193,514,134,380
219000195,1,93,-92
219000196,1,173,-172
219000198,27,161,-134
219000199,100,218,-118
219000200,30,261,-231
219000201,91,258,-167
219000203,10,103,-93
219000204,147,165,-18
219000205,80,220,-140
219000207,476,181,295
219000209,17,108,-91
219000210,54,114,-60
219000213,6,220,-214
219000239,105,218,-113
219000240,148,261,-113
219000241,49,234,-185
219000242,75,192,-117
219000243,42,248,-206
219000244,4,106,-102
219000245,37,25,12
219000246,29,18,11
219000247,18,25,-7
219000248,297,145,152
219000249,197,46,151
219000250,37,53,-16
219000251,262,75,187
219000252,78,60,18
219000253,63,16,47
219000255,66,48,18
219000256,69,44,25
219000257,48,2,46
219000262,65,239,-174
219000263,50,238,-188
219000267,3,156,-153
219000268,1,14,-13
219000269,2,1,1
219000270,6,0,6
219000271,39,4,35
219000278,1,15,-14
219000279,2,2,0
219000283,1,30,-29
219000295,3,95,-92
219000296,46,515,-469
219000297,21,210,-189
219000298,10,265,-255
219000299,337,42,295
219000300,28,322,-294
219000301,153,236,-83
219000302,26,177,-151
219000307,46,77,-31
219000308,42,26,16
219000311,60,40,20
219000312,144,41,103
219000313,86,21,65
219000314,73,521,-448
219000315,58,22,36
219000316,114,6,108
219000317,14,3,11
219000320,0,61,-61
219000321,0,17,-17
219000323,7,111,-104
219000325,1,38,-37
219000326,60,130,-70
219000327,36,32,4
219000328,33,34,-1
219000329,208,81,127
219000330,39,39,0
219000331,23,55,-32
219000332,49,58,-9
219000333,5,1,4
219000335,30,5,25
219000337,1,1,0
219000338,30,0,30
219000344,23,108,-85
219000345,83,116,-33
219000346,20,214,-194
219000348,53,144,-91
219000349,10,235,-225
219000350,25,46,-21
219000351,0,2,-2
219000352,182,60,122
219000353,86,60,26
219000354,81,115,-34
219000355,58,34,24
219000356,1401,253,1148
219000363,241,23,218
219000364,56,7,49
219000365,71,4,67
219000366,200,65,135
219000368,303,326,-23
219000370,767,117,650
219000371,11,14,-3
219000382,7,12,-5
219000383,714,440,274
219000385,499,359,140
219000386,912,878,34
219000387,0,4,-4
219000390,3,0,3
219000391,1,1,0
219000397,79,74,5
219000398,63,26,37
219000401,12,51,-39
219000402,5,82,-77
219000403,31,107,-76
219000404,9,42,-33
219000407,3,18,-15
219000409,9,19,-10
219000410,14,26,-12
219000411,12,18,-6
219000446,198,271,-73
219000447,0,18,-18
219000448,6,7,-1
219000452,82,39,43
219000453,62,109,-47
219000454,176,156,20
219000556,76,37,39
219000558,82,259,-177
219000590,13,121,-108
219000591,29,28,1
219000592,80,420,-340
219000595,1,31,-30
219000635,33,17,16
219000636,8,94,-86
219000657,21,21,0
219000658,8,48,-40
219000673,0,14,-14
219000676,1,0,1
219000679,8,2,6
219000684,14,3,11
219000685,3,83,-80
219000686,2,0,2
219000688,0,112,-112
219000689,52,130,-78
219000690,127,13,114
219000691,57,83,-26
219000692,72,12,60
219000693,0,25,-25
219000694,7,0,7
219000695,24,0,24
219000698,14,0,14
219000699,0,9,-9
219000727,2,219,-217
219000728,58,2,56
219000770,12,3,9
219000771,0,30,-30
219000788,167,253,-86
219001150,0,9,-9
219001151,0,5,-5
219001166,31,1,30
219001167,3,57,-54
219001178,9,0,9
220000001,8,19,-11
220000002,6,105,-99
220000003,283,251,32
220000004,408,529,-121
220000005,1082,1088,-6
220000006,92,829,-737
220000007,154,845,-691
220000008,153,990,-837
220000009,99,388,-289
220000010,85,120,-35
220000011,443,1243,-800
220000012,32,100,-68
220000014,35,73,-38
220000015,23,133,-110
220000017,16,239,-223
220000018,3267,472,2795
220000019,62,235,-173
220000020,54,174,-120
220000021,254,171,83
220000022,250,376,-126
220000023,84,156,-72
220000024,1065,252,813
220000025,305,282,23
220000026,134,84,50
220000027,11,63,-52
220000028,9,24,-15
220000029,31,83,-52
220000030,32,74,-42
220000031,74,201,-127
220000064,15,628,-613
221000046,2,0,2
221000047,0,0,0
221000048,0,0,0
221000049,0,6,-6
221000050,9,0,9
221000055,34,46,-12
221000057,32,4,28
221000068,170,68,102
221000069,144,36,108
221000070,65,18,47
221000071,46,9,37
221000072,81,22,59
221000073,82,71,11
221000074,0,13,-13
221000075,25,20,5
221000076,10,35,-25
221000077,33,62,-29
221000081,12,2,10
221000082,24,1,23
221000083,28,4,24
221000084,4,2,2
221000085,14,49,-35
221000086,8,137,-129
221000087,1,156,-155
221000088,20,118,-98
221000089,33,165,-132
221000090,123,323,-200
221000098,81,13,68
221000099,81,25,56
221000100,52,8,44
221000101,270,7,263
221000102,76,6,70
221000109,2,59,-57
221000110,8,96,-88
221000111,17,164,-147
221000112,3,124,-121
221000113,12,141,-129
221000114,12,185,-173
221000120,6,19,-13
221000121,1,28,-27
221000122,20,23,-3
221000123,12,34,-22
221000124,18,262,-244
221000155,52,1,51
221000156,45,20,25
221000175,0,2,-2
221000176,6,13,-7
221000182,35,3,32
221000241,523,126,397
221000242,219,235,-16
221000243,327,76,251
221000244,156,281,-125
221000245,46,104,-58
221000246,23,175,-152
221000247,22,123,-101
221000248,21,139,-118
221000267,32,535,-503
221000325,49,30,19
221000331,0,48,-48
221000338,0,18,-18
221000378,104,13,91
221000381,71,99,-28
222000282,3,0,3
222000296,1,6,-5
222000568,129,11,118
222000569,49,14,35
222000570,46,6,40
222000571,59,1,58
222000577,0,164,-164
222000578,8,127,-119
222000579,20,74,-54
222000580,97,610,-513
222000599,0,120,-120
222000600,2,225,-223
222000601,10,653,-643
222000603,10,7,3
222000604,9,18,-9
222000605,2,8,-6
222000606,1,6,-5
222000607,0,2,-2
222000608,1,12,-11
222000609,22,255,-233
222000616,33,37,-4
222000617,2,10,-8
222000618,0,0,0
222000620,5,8,-3
222000621,8,5,3
222000623,373,2,371
222000624,120,0,120
222000625,196,19,177
222000636,22,0,22
222000686,3,5,-2
222000687,16,23,-7
222001066,92,0,92
222001067,2,3,-1
222001068,8,17,-9
222001069,5,23,-18
222001082,1,33,-32
222001083,5,52,-47
222001084,0,26,-26
222001085,0,87,-87
222001111,2,177,-175
222001112,19,6,13
222001313,10,2,8
222001314,0,55,-55
222001464,38,51,-13
222001465,12,176,-164
222001484,36,54,-18
222001485,11,72,-61
222001494,54,73,-19
222001495,96,386,-290
222001496,73,44,29
222001497,96,502,-406
222001502,23,78,-55
222001503,6,5,1
222001504,9,215,-206
222001505,14,0,14
222001506,27,238,-211
222001507,34,5,29
222001510,28,11,17
222001511,22,326,-304
222001514,174,25,149
222001515,162,497,-335
222001518,14,13,1
222001519,26,292,-266
222001527,40,3,37
222001528,52,101,-49
222001529,11,9,2
222001530,14,120,-106
222001533,138,260,-122
222001534,5,7,-2
222001535,78,70,8
222001536,47,345,-298
222001537,36,7,29
222001538,32,372,-340
222001563,39,27,12
222001564,22,703,-681
222001568,96,60,36
222001576,0,0,0
222001579,1,1,0
222001583,9,239,-230
222001584,31,19,12
222001596,297,1014,-717
222001597,498,103,395
222001626,1,152,-151
222001650,44,53,-9
222001651,24,73,-49
222001914,48,12,36
222001915,56,173,-117
222001968,283,136,147
222001969,445,735,-290
222001970,32,133,-101
222001971,4,14,-10
222001972,0,18,-18
225000001,471,58,413
225000002,159,44,115
225000003,169,61,108
225000004,93,130,-37
225000005,19,23,-4
225000006,0,70,-70
225000007,2167,861,1306
225000010,61,3,58
225000011,289,422,-133
225000012,76,217,-141
225000013,62,76,-14
225000014,321,22,299
225000015,121,143,-22
225000021,357,69,288
225000027,158,378,-220
225000032,436,56,380
225000042,44,454,-410
225000049,23,60,-37
225000050,26,5,21
225000053,1,117,-116
225000058,269,71,198
225000067,81,163,-82
225000068,64,303,-239
225000069,194,341,-147
225000070,31,381,-350
225000071,6,231,-225
225000075,28,514,-486
225000076,113,71,42
225000078,29,10,19
225000085,26,55,-29
225000086,40,19,21
225000087,80,6,74
225000088,8,124,-116
225000089,300,378,-78
225000090,22,272,-250
225000091,44,198,-154
225000092,8,47,-39
225000093,75,306,-231
225000094,4,280,-276
225000095,186,392,-206
225000096,52,254,-202
225000098,222,103,119
225000099,111,64,47
225000100,92,67,25
225000104,32,375,-343
225000110,3,378,-375
225000111,82,824,-742
225000112,125,764,-639
225000113,80,481,-401
225000114,29,232,-203
225000115,1973,310,1663
225000116,815,54,761
225000117,402,187,215
225000118,326,128,198
225000119,55,44,11
225000120,204,21,183
225000121,171,11,160
225000123,482,11,471
225000125,103,199,-96
225000126,626,158,468
225000127,670,364,306
225000128,208,263,-55
225000132,102,13,89
225000133,153,10,143
225000134,354,20,334
225000135,14,2,12
225000136,83,7,76
225000137,39,28,11
225000138,123,23,100
225000143,32,125,-93
225000144,1,281,-280
225000145,24,24,0
225000146,22,82,-60
225000147,10,305,-295
225000148,0,193,-193
225000149,26,311,-285
225000151,24,295,-271
225000155,107,236,-129
225000156,72,401,-329
225000157,81,221,-140
225000158,33,283,-250
225000171,1,132,-131
225000180,4,0,4
225000181,0,45,-45
225000182,23,6,17
225000185,14,164,-150
225000187,37,303,-266
225000191,14,0,14
225000194,0,11,-11
225000208,0,46,-46
225000209,16,5,11
225000210,15,129,-114
225000217,1,12,-11
225000218,4,0,4
225000223,1,32,-31
225000224,52,2,50
225000225,1,2,-1
225000226,20,0,20
225000227,21,59,-38
225000228,7,3,4
225000229,0,91,-91
225000230,1,0,1
225000231,0,95,-95
225000232,22,0,22
225000241,21,0,21
225000242,2,42,-40
225000249,24,25,-1
225000250,18,788,-770
225000251,163,9,154
226000042,231,229,2
226000043,50,200,-150
226000044,91,495,-404
226000045,69,322,-253
226000046,116,35,81
226000047,153,29,124
226000048,168,38,130
226000049,86,43,43
226000070,0,38,-38
226000071,0,40,-40
226000072,0,4,-4
226000073,0,3,-3
226000074,0,6,-6
226000084,1,42,-41
226000085,0,8,-8
226000086,1,1,0
226000087,0,7,-7
226000088,7,6,1
226000090,10,14,-4
226000091,3,3,0
226000092,1,1,0
226000093,19,2,17
226000094,8,0,8
226000095,5,0,5
226000105,0,0,0
226000106,1,0,1
226000107,3,0,3
226000108,8,0,8
226000109,29,0,29
226000124,74,20,54
226000134,207,224,-17
226000135,481,333,148
226000136,100,178,-78
226000137,9,402,-393
226000138,9,259,-250
226000139,1,29,-28
226000156,29,2,27
226000157,54,3,51
226000163,45,28,17
226000202,5,329,-324
226000231,95,8,87
226000232,25,7,18
227000033,229,37,192
227000036,151,16,135
227000037,68,11,57
227000038,107,17,90
227000049,0,10,-10
227000050,0,44,-44
227000055,13,0,13
227000056,7,0,7
227000084,1,25,-24
227000085,0,22,-22
227000088,38,2,36
227000089,56,0,56
227000090,13,0,13
227000091,4,1,3
227000093,21,0,21
227000094,2,0,2
227000130,22,63,-41
227000131,13,196,-183
227000132,11,224,-213
227000133,6,206,-200
227000134,12,367,-355
227000152,0,4,-4
227000153,0,43,-43
227000155,0,14,-14
227000156,0,11,-11
227000165,2,17,-15
227000196,73,248,-175
227000199,57,304,-247
227000230,13,320,-307
227000232,90,9,81
227000242,48,360,-312
227000243,304,55,249
227000245,15,325,-310
227000246,46,327,-281
227000247,157,56,101
227000248,57,27,30
227000249,25,241,-216
227000250,373,148,225
227000251,114,322,-208
227000252,10,313,-303
227000253,34,29,5
227000262,141,16,125
227000266,266,23,243
227000267,66,1390,-1324
227000282,2,173,-171
227000284,78,9,69
227000286,0,84,-84
227000287,5,106,-101
227000291,11,397,-386
227000484,343,6,337
227000485,15,274,-259
227000655,32,6,26
227000656,408,10,398
227000657,14,22,-8
227000661,155,4,151
227000680,42,23,19
229000265,2,18,-16
229000296,0,2,-2
229000297,3,20,-17
229000298,3,70,-67
229000320,1,2,-1
229000321,1,1,0
229000412,4,33,-29
229000414,3,17,-14
229000415,1,0,1
229000416,0,3,-3
229000417,2,16,-14
229000419,57,106,-49
229000440,115,41,74
229000442,0,0,0
229000443,0,4,-4
229000444,0,13,-13
229000445,6,5,1
229000446,12,11,1
229000847,5,0,5
229000848,2,0,2
229000849,24,1,23
229000851,5,0,5
229000854,0,67,-67
229000856,2,135,-133
229000857,0,32,-32
229000858,0,112,-112
229000919,3,87,-84
229000930,2,145,-143
229000937,54,13,41
229000966,28,18,10
229000981,9,70,-61
229000985,1,13,-12
229000986,0,2,-2
229000987,0,0,0
229000988,0,2,-2
229000989,0,0,0
229000990,0,0,0
229000991,0,0,0
229000992,3,1,2
229000993,80,9,71
229000998,19,48,-29
229000999,43,4,39
229001034,0,5,-5
229001035,0,0,0
229001037,20,3,17
229001042,4,6,-2
229001047,8,21,-13
229001050,14,32,-18
229001200,0,5,-5
229001338,0,7,-7
229001394,190,0,190
229001422,104,24,80
229001423,20,122,-102
229001431,38,23,15
229001432,40,85,-45
229001444,44,30,14
229001445,10,97,-87
229001503,78,72,6
229001504,47,194,-147
229001505,76,37,39
229001506,23,200,-177
229001509,19,16,3
229001545,58,2,56
229001546,5,93,-88
229001553,29,9,20
229001554,3,83,-80
229001559,1,15,-14
229001560,1,4,-3
229001630,19,9,10
229001631,6,44,-38
229001635,0,6,-6
229001636,0,0,0
229001658,7,59,-52
229001659,110,1,109
229001660,1,1,0
229001661,0,21,-21
229001662,20,0,20
229001663,0,22,-22
229002584,65,51,14
229002831,81,28,53
229002841,3,19,-16
229002842,0,20,-20
229002843,2,11,-9
229002844,0,10,-10
229002845,1,42,-41
229002846,5,5,0
229002847,2,8,-6
229002848,0,0,0
229002849,1,32,-31
229002850,4,1,3
229002851,15,41,-26
229002852,13,10,3
229002853,8,12,-4
229002854,6,37,-31
229002855,18,46,-28
229002856,11,11,0
229002857,0,26,-26
229002858,3,1,2
229002859,6,13,-7
229002860,10,3,7
229002861,31,11,20
229002862,0,22,-22
229002863,1,13,-12
229002864,1,13,-12
229002865,0,2,-2
229002866,2,5,-3
229002867,1,9,-8
229002868,0,10,-10
229002869,5,58,-53
229002870,5,7,-2
235000066,174,97,77
235000067,50,133,-83
235000072,19,32,-13
235000073,70,174,-104
235000074,17,90,-73
235000080,2,44,-42
235000081,62,128,-66
235000082,65,68,-3
235000083,67,77,-10
235000084,3,24,-21
235000085,27,28,-1
235000089,3,54,-51
235000092,5,96,-91
235000093,1,1,0
235000097,17,3,14
235000098,32,25,7
235000099,18,27,-9
235000116,46,17,29
235000117,677,10,667
235000133,5,141,-136
235000134,8,81,-73
235000206,8,0,8
235000207,0,0,0
235000208,0,0,0
235000209,1,3,-2
235000210,2,0,2
235000212,0,11,-11
235000213,3,7,-4
235000220,2,1,1
235000221,13,5,8
235000238,1,12,-11
235000239,0,2,-2
235000242,108,148,-40
235000245,944,149,795
235000246,3,46,-43
235000284,1,47,-46
235000295,17,2,15
235000305,16,2,14
235000306,14,2,12
235000307,1,2,-1
235000308,1,0,1
235000309,16,0,16
235000310,6,0,6
235000311,25,2,23
235000322,0,24,-24
235000323,0,40,-40
235000324,0,3,-3
235000325,0,9,-9
235000326,4,212,-208
235000351,0,49,-49
235000352,10,40,-30
235000353,1,21,-20
235000354,0,31,-31
235000355,0,48,-48
235000356,8,2,6
235000357,21,2,19
235000358,9,4,5
235000359,0,2,-2
235000360,6,3,3
235000361,7,1,6
235000381,32,259,-227
235000382,46,26,20
235000390,11,2,9
235000391,18,26,-8
235000392,38,105,-67
235000393,44,42,2
235000395,27,13,14
235000396,162,39,123
235000400,30,74,-44
235000401,12,153,-141
235000405,41,380,-339
235000406,33,266,-233
235000407,47,101,-54
235000409,247,114,133
235000410,22,167,-145
235000411,0,59,-59
235000485,0,4,-4
235000486,0,0,0
235000549,22,45,-23
235000550,31,141,-110
235000599,25,36,-11
235000600,2,5,-3
235000601,27,17,10
235000602,22,80,-58
235000614,0,0,0
235000648,0,15,-15
235000649,19,1,18
235000685,1,1,0
235000815,2,12,-10
235000834,0,7,-7
235000855,30,26,4
235000862,23,185,-162
235000891,0,2,-2
235000892,6,2,4
235000901,28,55,-27
235000907,4,5,-1
235001010,15,47,-32
235001029,509,268,241
235001030,306,123,183
235001078,64,46,18
235001079,57,104,-47
235001147,11,27,-16
235001166,8,59,-51
235001167,2,43,-41
235001169,14,178,-164
235001188,0,3,-3
235001189,1,1,0
235001197,3,38,-35
235001200,20,11,9
235001207,94,33,61
235001210,25,324,-299
235001215,40,231,-191
235001239,0,20,-20
235001244,0,0,0
235016267,0,9,-9
277102712,3,10,-7
277103813,0,0,0
277103814,0,1,-1
277104249,0,5,-5
277104250,0,5,-5
277104251,0,10,-10
277104252,0,3,-3
990011530,0,176,-176
990014944,1,403,-402
990015176,12,8,4
990015618,0,45,-45
990016032,0,221,-221
990032570,1,28,-27
990070001,23,2,21
990070103,0,1,-1
990070601,0,26,-26
990070751,108,0,108
990070766,0,868,-868
990071180,120,100,20
990071343,14,8,6
990071387,0,6,-6
990071823,81,0,81
990072600,0,432,-432
990072964,0,558,-558
990073285,0,1,-1
990074393,3,758,-755
990074870,161,8,153
990075106,126,0,126
990075746,48,3,45
990076437,145,3,142
990076458,0,1039,-1039
997000007,67,5,62
997000041,0,105,-105
997000058,3,2,1
997000062,20,1,19
997000069,0,0,0
997000070,0,37,-37
997000100,0,0,0
997000141,1,108,-107
997000198,388,107,281
998000475,0,13,-13
998000736,0,183,-183
998000965,0,6,-6
998001031,0,45,-45
998001700,0,16,-16
998001899,0,2,-2
998001900,1,0,1
998003073,187,1,186
998101900,0,0,0
998102850,1,67,-66
998501927,179,222,-43
998501929,52,0,52
998501930,30,1,29
998501931,38,11,27
998501932,12,0,12
998501933,8,4,4
998501937,8,1,7
998501944,1,2,-1
998501950,0,4,-4
998501970,8,2,6
998501971,1,42,-41
998501973,0,43,-43
998501974,0,146,-146
998501975,21,0,21
998501976,51,11,40
998501977,0,8,-8
998501978,11,1,10
998501979,0,6,-6
998501980,59,0,59
998501981,10,1,9
998501982,0,45,-45
998501983,0,0,0
998502006,0,0,0
998502024,0,2,-2
998502032,0,0,0
998502062,3,0,3
998502063,0,0,0
998502173,28,0,28
998502269,0,2,-2
998502546,2,84,-82
998502578,2,0,2
998502599,72,66,6
998502621,0,2,-2
998601159,0,289,-289
998601292,0,8,-8
999033574,2,498,-496
999800001,22,0,22
999800002,1,5,-4
999800003,2,3,-1
999800004,0,3,-3
999800005,0,2,-2
