ID,insum,outsum,diff
100000001,550,761,-211
100000002,5005,747,4258
100000003,5085,2952,2133
100000004,1662,1038,624
100000005,2165,3914,-1749
100000006,553,123,430
100000007,3009,557,2452
100000008,300,360,-60
100000009,631,154,477
100000010,40,48,-8
100000011,779,66,713
100000012,153,613,-460
100000013,36,137,-101
100000014,368,232,136
100000015,1895,2056,-161
100000016,1159,1284,-125
100000017,850,713,137
100000018,1643,473,1170
100000019,4690,2084,2606
100000020,1590,5257,-3667
100000021,4746,2031,2715
100000022,2637,1331,1306
100000023,5721,1220,4501
100000025,2936,705,2231
100000028,2694,861,1833
100000029,226,193,33
100000030,419,43,376
100000031,5660,6315,-655
100000032,2676,4145,-1469
100000033,1295,2319,-1024
100000034,728,387,341
100000035,1876,874,1002
100000036,2779,1336,1443
100000037,481,437,44
100000038,1725,964,761
100000039,771,172,599
100000040,149,166,-17
100000041,1058,398,660
100000042,1199,426,773
100000043,924,391,533
100000044,484,588,-104
100000045,709,1083,-374
100000046,700,1017,-317
100000047,374,730,-356
100000048,575,605,-30
100000049,1819,2033,-214
100000051,519,1008,-489
100000053,183,6,177
100000054,507,40,467
100000055,1693,228,1465
100000056,630,398,232
100000057,1810,663,1147
100000058,927,1088,-161
100000059,16,83,-67
100000060,362,294,68
100000061,2183,534,1649
100000062,1823,578,1245
100000063,720,250,470
100000064,1463,322,1141
100000065,560,802,-242
100000066,430,657,-227
100000067,559,691,-132
100000068,515,1467,-952
100000069,545,1490,-945
100000072,380,1159,-779
100000073,1378,1236,142
100000075,779,291,488
100000076,4785,2264,2521
100000077,570,150,420
100000078,118,44,74
100000079,48,56,-8
100000080,44,39,5
100000081,144,76,68
100000102,4285,1460,2825
100000103,6398,890,5508
100000104,4727,1916,2811
100000105,3777,999,2778
100000106,2597,1745,852
100000107,674,632,42
100000108,1425,890,535
100000109,5065,1063,4002
100000116,1896,774,1122
100000117,92,55,37
100000118,2619,727,1892
100000119,1041,518,523
100000121,247,440,-193
100000122,1929,836,1093
100000123,3987,4958,-971
100000124,6256,6887,-631
100000125,2846,922,1924
100000126,1200,310,890
100000127,2475,373,2102
100000128,2301,1205,1096
100000129,469,381,88
100000130,312,543,-231
100000131,2675,3109,-434
100000132,1161,2335,-1174
100000133,5667,2597,3070
100000135,467,826,-359
100000139,402,215,187
100000140,661,261,400
100000142,376,563,-187
100000143,1448,696,752
100000144,3806,723,3083
100000147,1054,2474,-1420
100000150,20,302,-282
100000151,903,717,186
100000153,569,339,230
100000154,265,111,154
100000155,40,43,-3
100000156,315,108,207
100000157,73,62,11
100000158,190,54,136
100000159,774,407,367
100000165,1690,701,989
100000169,668,319,349
100000174,1458,330,1128
100000179,85,563,-478
100000180,2291,888,1403
100000181,576,219,357
100000188,71,254,-183
100000189,853,285,568
100000190,1329,535,794
100000191,624,436,188
100000192,63,151,-88
100000193,164,166,-2
100000330,1800,679,1121
100000355,351,497,-146
100000362,5554,3421,2133
100000363,3123,4641,-1518
100000364,394,136,258
100000365,4230,4663,-433
100000366,6624,2766,3858
100000367,4486,4115,371
100000368,2712,1701,1011
100000369,1084,1868,-784
100000370,131,486,-355
100000376,208,97,111
100000379,4333,1222,3111
100000380,7622,2399,5223
100000384,6490,3785,2705
100000385,5100,3838,1262
100000386,9084,4744,4340
100000387,7679,4481,3198
100000388,8867,5404,3463
100000389,8057,5377,2680
100000390,8053,4541,3512
100000391,5764,5907,-143
100000392,5512,2273,3239
100000393,2808,2898,-90
100000394,11341,5332,6009
100000395,5202,2466,2736
100000396,10969,2579,8390
100000397,6554,3299,3255
100000398,11875,7661,4214
100000413,34,6,28
100900002,8,45,-37
100900003,236,166,70
100900004,17,517,-500
100900005,100,15,85
100900006,14,148,-134
100900007,322,10,312
100900008,1,371,-370
100900009,60,67,-7
100900010,48,92,-44
100900011,143,251,-108
100900012,0,210,-210
100900013,818,13,805
100900014,1,11,-10
100900015,111,85,26
100900016,5,34,-29
100900017,608,29,579
100900018,4,12,-8
100900019,11,105,-94
100900020,311,4,307
100900021,356,1,355
100900022,5,26,-21
100900023,2,23,-21
100900024,868,2,866
100900025,11,14,-3
100900026,91,85,6
100900027,339,2281,-1942
100900028,129,141,-12
100900029,70,6,64
100900030,9,19,-10
100900031,425,53,372
100900032,165,1,164
100900033,213,158,55
100900034,354,0,354
100900035,820,2,818
100900036,24,2,22
100900037,78,219,-141
100900038,241,17,224
100900039,244,615,-371
100900040,273,566,-293
100900041,566,665,-99
100900042,917,178,739
100900043,0,11,-11
100900044,2502,492,2010
100900045,180,1,179
100900046,1012,15,997
100900047,751,156,595
100900048,201,23,178
100900049,57,198,-141
100900050,0,26,-26
100900051,69,46,23
100900052,155,15,140
100900053,267,8,259
100900054,44,61,-17
100900055,192,488,-296
100900056,119,195,-76
100900057,450,1244,-794
100900058,348,36,312
100900059,142,2,140
100900060,110,6,104
100900061,404,322,82
100900062,5,64,-59
100900063,139,506,-367
100900064,685,9,676
100900065,156,81,75
100900066,74,93,-19
100900067,4,13,-9
100900068,92,64,28
100900069,1171,11,1160
100900070,201,4,197
100900071,668,296,372
100900072,1,30,-29
100900073,119,306,-187
100900074,6,5,1
100900075,1358,356,1002
100900076,7,23,-16
100900077,17,98,-81
100900078,93,366,-273
100900079,12,31,-19
100900080,32,149,-117
100900081,132,197,-65
100900082,75,660,-585
100900083,4,43,-39
100900085,2,64,-62
100900086,165,1099,-934
100900088,77,578,-501
100900089,0,20,-20
100900090,123,327,-204
100900091,3,17,-14
100900092,237,231,6
100900093,175,384,-209
100900094,78,568,-490
100900095,1,31,-30
100900096,22,79,-57
100900097,0,1,-1
100900098,8,2,6
100900099,36,528,-492
100900100,9,239,-230
100900101,344,47,297
100900102,4,29,-25
100900103,13,12,1
100900104,5,147,-142
100900105,7,183,-176
100900106,58,4,54
100900107,1575,574,1001
100900108,6,11,-5
100900109,64,60,4
100900110,0,19,-19
100900111,31,191,-160
100900112,0,14,-14
100900113,14,15,-1
100900114,13,13,0
100900115,1,42,-41
100900116,557,913,-356
100900117,251,539,-288
100900118,29,51,-22
100900119,30,18,12
100900120,5,13,-8
100900121,184,668,-484
100900122,125,197,-72
100900123,102,159,-57
100900124,19,16,3
100900125,27,78,-51
100900126,131,163,-32
100900127,2,4,-2
100900128,92,184,-92
100900129,1,85,-84
100900131,44,151,-107
100900133,126,40,86
100900134,5,11,-6
100900135,0,94,-94
100900137,292,151,141
100900138,461,360,101
100900139,30,6,24
100900140,3,565,-562
100900141,4,278,-274
100900142,1,11,-10
100900143,732,347,385
100900144,16,7,9
100900145,28,146,-118
100900146,10,90,-80
100900147,26,159,-133
100900148,45,720,-675
100900149,17,99,-82
100900150,6,61,-55
100900151,99,334,-235
100900152,70,4,66
100900153,7,127,-120
100900154,0,32,-32
100900155,15,4,11
100900156,16,8,8
100900157,8,118,-110
100900159,5,14,-9
100900160,12,27,-15
100900161,72,5,67
100900162,10,168,-158
100900163,123,218,-95
100900164,35,23,12
100900165,18,110,-92
100900166,15,4,11
100900167,15,78,-63
100900168,30,108,-78
100900169,111,790,-679
100900170,38,8,30
100900171,24,529,-505
100900172,0,13,-13
100900173,2,435,-433
100900174,547,54,493
100900176,1221,182,1039
100900177,570,355,215
100900178,359,94,265
100900179,75,63,12
100900180,4,3,1
100900181,101,60,41
100900182,30,20,10
100900184,10,179,-169
100900186,635,597,38
100900187,13,122,-109
100900188,23,18,5
100900189,551,174,377
100900191,1357,888,469
100900192,430,186,244
100900195,205,123,82
100900197,20,40,-20
100900198,8,210,-202
100900199,4,7,-3
100900200,516,328,188
100900201,40,522,-482
100900202,73,1,72
100900203,0,90,-90
100900204,523,126,397
100900205,129,392,-263
100900206,111,61,50
100900207,204,84,120
100900210,79,545,-466
100900211,272,140,132
100900213,56,23,33
100900214,737,186,551
100900215,11,58,-47
100900217,118,96,22
101000001,5442,2330,3112
101000002,4041,3796,245
101000003,660,1659,-999
101000004,8295,7534,761
101000005,3987,4491,-504
101000006,6069,7058,-989
101000007,1784,2685,-901
101000008,5904,2815,3089
101000009,1922,1721,201
101000010,1017,1346,-329
101000011,1977,665,1312
101000012,1635,627,1008
101000013,585,861,-276
101000014,567,699,-132
101000015,1087,770,317
101000016,560,371,189
101000017,696,452,244
101000018,5639,2418,3221
101000020,4506,962,3544
101000021,1963,307,1656
101000022,428,50,378
101000023,2466,720,1746
101000025,154,426,-272
101000026,708,22,686
101000027,2584,1700,884
101000028,1277,201,1076
101000029,178,868,-690
101000030,1873,72,1801
101000031,658,252,406
101000032,10923,2743,8180
101000033,3533,2176,1357
101000034,4343,1466,2877
101000035,1245,337,908
101000036,2474,597,1877
101000037,5263,1479,3784
101000039,3185,1756,1429
101000040,4448,2895,1553
101000041,10695,4566,6129
101000042,863,761,102
101000043,7597,4252,3345
101000045,1877,572,1305
101000046,4723,694,4029
101000047,2563,1279,1284
101000048,937,753,184
101000049,978,1011,-33
101000050,1845,1107,738
101000051,2088,1501,587
101000052,2035,655,1380
101000053,1190,1696,-506
101000054,1610,1300,310
101000055,1582,1402,180
101000056,69,125,-56
101000057,2716,810,1906
101000058,1860,892,968
101000059,4777,1594,3183
101000060,2041,519,1522
101000061,1155,1177,-22
101000062,925,654,271
101000063,875,731,144
101000064,1963,749,1214
101000065,480,336,144
101000066,774,523,251
101000067,1417,544,873
101000068,534,311,223
101000069,650,52,598
101000070,1651,693,958
101000071,2010,820,1190
101000072,912,3627,-2715
101000073,745,549,196
101000074,6140,2781,3359
101000075,5783,2474,3309
101000077,1099,865,234
101000078,892,1909,-1017
101000079,640,436,204
101000080,792,364,428
101000081,1392,1506,-114
101000082,3893,3433,460
101000083,2183,2324,-141
101000084,1370,1087,283
101000085,1410,1269,141
101000086,1022,1126,-104
101000087,884,1338,-454
101000088,903,1168,-265
101000089,828,1480,-652
101000090,2293,1580,713
101000091,430,1552,-1122
101000092,779,1277,-498
101000093,1486,902,584
101000094,718,1476,-758
101000095,318,768,-450
101000096,398,573,-175
101000097,1332,280,1052
101000098,1021,494,527
101000099,1503,1417,86
101000100,1173,652,521
101000101,389,343,46
101000102,1520,380,1140
101000103,1025,340,685
101000104,459,586,-127
101000105,1313,258,1055
101000106,936,460,476
101000107,154,330,-176
101000108,985,390,595
101000109,227,74,153
101000110,30,616,-586
101000111,151,198,-47
101000113,255,729,-474
101000114,8448,2352,6096
101000115,194,214,-20
101000116,192,140,52
101000117,681,288,393
101000119,170,47,123
101000120,275,33,242
101000121,82,29,53
101000122,140,59,81
101000123,126,59,67
101000124,411,166,245
101000125,293,531,-238
101000128,1286,273,1013
101000130,242,279,-37
101000131,631,575,56
101000132,485,1562,-1077
101000135,105,22,83
101000136,713,68,645
101000137,32,306,-274
101000141,2296,2325,-29
101000147,929,552,377
101000148,2364,14,2350
101000149,206,105,101
101000150,67,861,-794
101000151,120,70,50
101000152,359,384,-25
101000153,499,371,128
101000154,236,1250,-1014
101000155,170,138,32
101000156,32,306,-274
101000157,20,24,-4
101000160,146,58,88
101000163,191,164,27
101000164,644,456,188
101000165,239,369,-130
101000166,211,382,-171
101000168,843,380,463
101000252,1580,989,591
101000254,496,43,453
101000258,23,6,17
101000261,161,16,145
101000262,1089,1295,-206
101000263,260,640,-380
101000265,64,525,-461
101000266,437,198,239
101000269,128,10,118
101000290,1609,2747,-1138
101000293,21,68,-47
101000294,500,483,17
101000295,150,606,-456
101000301,945,286,659
101000304,2379,2487,-108
101000305,3442,1697,1745
101000328,121,364,-243
101900001,26,59,-33
101900002,0,11,-11
101900003,80,69,11
101900004,10,38,-28
101900005,4619,1452,3167
101900006,701,39,662
101900007,695,136,559
101900008,118,296,-178
101900009,55,419,-364
101900010,1003,609,394
101900011,301,1355,-1054
101900012,100,309,-209
101900013,1151,151,1000
101900017,31,134,-103
101900018,1472,256,1216
101900019,313,118,195
101900020,82,86,-4
101900021,1,55,-54
101900022,133,1221,-1088
101900023,71,242,-171
101900026,115,40,75
101900027,20,110,-90
102000001,4465,3976,489
102000002,3587,1217,2370
102000003,3549,5973,-2424
102000004,8318,2886,5432
102000005,1696,2301,-605
102000006,2195,1870,325
102000007,1801,5249,-3448
102000008,6109,1807,4302
102000009,5129,7631,-2502
102000010,5674,4307,1367
102000011,3121,2345,776
102000012,4117,3661,456
102000018,3207,3090,117
102000019,2497,1730,767
102000026,319,930,-611
102000029,329,193,136
102000030,124,318,-194
102000031,69,187,-118
102000032,335,405,-70
102000033,184,405,-221
102000034,447,538,-91
102000035,767,629,138
102000036,25,351,-326
102000037,297,104,193
102000038,272,250,22
102000039,273,74,199
102000040,575,187,388
102000041,234,351,-117
102000042,304,206,98
102000043,424,170,254
102000044,859,544,315
102000045,811,1096,-285
102000046,1005,645,360
102000047,706,1238,-532
102000048,275,885,-610
102000049,1052,669,383
102000050,1062,1259,-197
102000051,375,759,-384
102000052,1595,827,768
102000053,1025,878,147
102000054,517,836,-319
102000055,756,905,-149
102000056,609,1457,-848
102000057,1576,620,956
102000058,1113,1895,-782
102000059,1803,1847,-44
102000060,1636,962,674
102000061,1523,2088,-565
102000062,1304,1134,170
102000063,1098,1592,-494
102000064,643,772,-129
102000065,39,99,-60
102000066,1021,1168,-147
102000067,2350,3577,-1227
102000068,11599,3205,8394
102000069,49,1762,-1713
102000070,2532,37,2495
102000071,9568,10193,-625
102000072,3876,5076,-1200
102000073,814,1025,-211
102000074,726,784,-58
102000075,168,323,-155
102000076,227,587,-360
102000077,418,1250,-832
102000078,843,1084,-241
102000079,122,308,-186
102000080,231,241,-10
102000081,314,733,-419
102000082,725,307,418
102000083,471,391,80
102000084,174,350,-176
102000085,1546,1301,245
102000086,887,1364,-477
102000087,891,1844,-953
102000088,352,263,89
102000089,937,370,567
102000090,532,1293,-761
102000091,1779,458,1321
102000092,412,1243,-831
102000093,545,585,-40
102000094,1080,671,409
102000095,1084,1099,-15
102000096,848,890,-42
102000097,914,971,-57
102000098,598,999,-401
102000099,927,695,232
102000100,953,1317,-364
102000101,1278,680,598
102000102,331,2466,-2135
102000103,1338,358,980
102000104,890,326,564
102000105,299,617,-318
102000106,680,832,-152
102000107,1010,563,447
102000108,638,247,391
102000109,799,583,216
102000110,679,1641,-962
102000111,12,267,-255
102000112,200,103,97
102000113,13,40,-27
102000114,992,362,630
102000115,210,274,-64
102000116,616,290,326
102000117,301,498,-197
102000118,1710,1006,704
102000119,2403,745,1658
102000120,267,395,-128
102000121,900,425,475
102000122,412,728,-316
102000123,1304,896,408
102000124,824,1080,-256
102000125,779,1028,-249
102000126,504,515,-11
102000127,925,659,266
102000128,584,730,-146
102000129,1418,700,718
102000130,635,414,221
102000131,1114,419,695
102000132,541,425,116
102000133,1334,1953,-619
102000134,601,624,-23
102000135,858,1100,-242
102000136,888,605,283
102000137,860,687,173
102000138,236,443,-207
102000139,104,309,-205
102000140,661,183,478
102000141,161,397,-236
102000142,231,352,-121
102000143,104,436,-332
102000144,218,357,-139
102000145,310,456,-146
102000146,379,263,116
102000147,401,391,10
102000148,173,393,-220
102000149,84,482,-398
102000150,195,137,58
102000151,126,338,-212
102000152,146,174,-28
102000153,1090,382,708
102000154,342,685,-343
102000155,83,288,-205
102000156,345,83,262
102000157,129,247,-118
102000158,570,449,121
102000159,1012,395,617
102000161,3462,1685,1777
102000162,196,108,88
102000163,86,525,-439
102000164,1024,987,37
102000165,305,89,216
102000166,48,114,-66
102000167,252,170,82
102000168,199,100,99
102000169,92,609,-517
102000170,603,147,456
102000171,203,64,139
102000172,230,282,-52
102000173,522,231,291
102000174,60,63,-3
102000175,106,156,-50
102000176,40,36,4
102000178,432,471,-39
102000179,654,197,457
102000180,652,444,208
102000181,472,609,-137
102000182,415,542,-127
102000183,1351,1699,-348
102000184,1532,744,788
102000185,2045,1339,706
102000186,919,1870,-951
102000187,633,1542,-909
102000188,667,1416,-749
102000189,2385,979,1406
102000190,604,2787,-2183
102000191,1136,522,614
102000192,971,1259,-288
102000193,43,134,-91
102000194,110,189,-79
102000195,532,435,97
102000196,190,387,-197
102000197,584,394,190
102000198,212,759,-547
102000199,705,283,422
102000200,284,968,-684
102000201,756,422,334
102000202,4,108,-104
102000203,351,224,127
102000204,357,766,-409
102000205,882,549,333
102000206,658,713,-55
102000207,1148,447,701
102000208,493,503,-10
102000209,75,57,18
102000210,269,418,-149
102000211,533,335,198
102000212,291,9,282
102000213,5,292,-287
102000214,203,5,198
102000215,4,348,-344
102000216,51,66,-15
102000217,18,117,-99
102000218,228,119,109
102000219,373,300,73
102000225,831,632,199
102000226,2841,803,2038
102000227,116,1,115
102000228,0,80,-80
102000229,11,33,-22
102000230,310,518,-208
102000231,201,553,-352
102000232,13,247,-234
102000233,479,907,-428
102000234,98,1148,-1050
102000236,287,114,173
102000237,737,117,620
102000238,186,302,-116
102000240,740,526,214
102000241,140,110,30
102000243,20,75,-55
102000245,30,173,-143
102000246,22,25,-3
102000247,1209,974,235
102000248,732,829,-97
102000249,106,197,-91
102000250,70,414,-344
102000254,69,328,-259
102000266,56,176,-120
102000271,17,0,17
102000286,385,396,-11
102000297,1688,1122,566
102000301,0,0,0
102000303,0,0,0
102000307,0,5,-5
102900001,1143,918,225
102900002,395,48,347
102900003,66,217,-151
102900005,261,362,-101
102900006,512,190,322
102900007,413,41,372
102900008,206,46,160
102900009,561,184,377
102900010,637,450,187
102900011,1804,347,1457
102900012,320,69,251
102900013,30,50,-20
102900015,755,339,416
102900016,44,125,-81
102900017,124,505,-381
102900018,13,153,-140
102900019,327,401,-74
102900020,115,40,75
102900021,12,123,-111
102900022,627,143,484
102900023,11,45,-34
102900024,21,35,-14
102900025,236,105,131
102900026,484,1656,-1172
102900027,46,74,-28
102900028,149,619,-470
102900029,126,159,-33
102900030,544,313,231
102900031,148,123,25
102900032,70,85,-15
102900033,73,152,-79
102900034,388,108,280
102900035,140,280,-140
102900036,269,585,-316
102900037,256,644,-388
102900038,358,639,-281
102900039,23,407,-384
102900040,134,203,-69
102900041,98,201,-103
102900042,128,356,-228
102900043,133,277,-144
102900044,619,1948,-1329
102900045,104,530,-426
102900046,114,239,-125
102900047,78,550,-472
102900048,667,684,-17
102900049,93,324,-231
102900050,254,331,-77
102900051,203,162,41
102900052,33,26,7
102900053,390,707,-317
102900054,809,983,-174
102900055,61,146,-85
102900056,138,420,-282
102900057,10,40,-30
102900058,217,65,152
102900059,22,39,-17
102900060,119,437,-318
102900061,127,492,-365
102900062,169,1003,-834
102900063,1137,425,712
102900064,154,420,-266
102900065,1705,628,1077
102900066,308,31,277
102900068,128,97,31
102900070,109,540,-431
102900072,31,45,-14
102900073,174,7,167
102900075,32,36,-4
102900076,251,72,179
102900077,24,30,-6
102900078,32,71,-39
102900079,189,21,168
102900080,339,44,295
102900081,60,256,-196
102900082,7,179,-172
102900083,298,13,285
102900084,11,15,-4
102900085,196,140,56
102900086,10,25,-15
102900087,58,108,-50
102900088,22,23,-1
102900089,304,146,158
102900090,0,307,-307
102900091,128,7,121
102900092,251,861,-610
102900093,195,230,-35
102900094,0,49,-49
102900095,78,1,77
102900096,36,25,11
102900097,4,132,-128
102900098,43,9,34
103000001,2546,3042,-496
103000002,3017,2668,349
103000003,4175,3030,1145
103000004,929,826,103
103000005,2003,3892,-1889
103000006,575,1569,-994
103000007,478,850,-372
103000008,1306,902,404
103000009,1256,1029,227
103000010,165,140,25
103000011,1657,1293,364
103000012,1242,1453,-211
103000013,5734,2313,3421
103000014,1266,2724,-1458
103000015,2131,697,1434
103000016,491,1648,-1157
103000017,165,368,-203
103000018,891,506,385
103000019,216,202,14
103000020,3190,1529,1661
103000021,1953,1440,513
103000022,1049,1224,-175
103000023,599,1821,-1222
103000024,58,194,-136
103000025,81,540,-459
103000026,1525,160,1365
103000027,279,494,-215
103000028,481,389,92
103000029,301,251,50
103000030,1928,817,1111
103000031,1647,2310,-663
103000032,2000,2000,0
103000033,2657,2730,-73
103000034,1718,1117,601
103000035,401,1579,-1178
103000036,418,611,-193
103000037,601,482,119
103000038,428,1242,-814
103000039,290,456,-166
103000040,423,1244,-821
103000041,1717,2865,-1148
103000042,1120,693,427
103000043,407,1184,-777
103000044,134,206,-72
103000046,220,430,-210
103000047,582,625,-43
103000048,149,176,-27
103000049,65,195,-130
103000050,616,464,152
103000051,341,525,-184
103000052,769,352,417
103000053,203,554,-351
103000054,2430,1323,1107
103000055,1917,2143,-226
103000056,663,2269,-1606
103000057,381,360,21
103000058,463,812,-349
103000059,401,706,-305
103000060,1005,689,316
103000061,472,948,-476
103000062,874,677,197
103000063,579,728,-149
103000064,101,247,-146
103000065,2,363,-361
103000066,188,8,180
103000069,312,443,-131
103000070,856,875,-19
103000071,912,460,452
103000072,108,823,-715
103000073,444,111,333
103000074,642,94,548
103000075,79,705,-626
103000076,381,307,74
103000077,95,312,-217
103000078,1903,526,1377
103000079,1285,637,648
103000080,1555,421,1134
103000081,575,988,-413
103000082,529,161,368
103000083,118,313,-195
103000084,199,8,191
103000085,6,127,-121
103000086,1074,514,560
103000087,177,653,-476
103000088,538,414,124
103000089,284,609,-325
103000090,1859,717,1142
103000091,590,485,105
103000092,278,304,-26
103000093,279,433,-154
103000094,211,97,114
103000095,51,379,-328
103000096,603,88,515
103000097,108,671,-563
103000098,1408,163,1245
103000099,572,527,45
103000100,105,769,-664
103000101,869,124,745
103000102,71,657,-586
103000103,595,203,392
103000104,55,128,-73
103000105,124,93,31
103000106,7,102,-95
103000107,242,65,177
103000108,1384,566,818
103000109,426,364,62
103000110,432,423,9
103000111,678,376,302
103000112,468,255,213
103000113,1185,682,503
103000114,2515,401,2114
103000115,419,520,-101
103000116,417,479,-62
103000117,273,433,-160
103000118,1203,914,289
103000119,1606,740,866
103000120,251,158,93
103000121,811,831,-20
103000122,647,478,169
103000125,9,299,-290
103000126,482,8,474
103000127,0,132,-132
103000128,136,3,133
103000129,1,104,-103
103000130,65,16,49
103000131,112,72,40
103000132,107,107,0
103000133,12,52,-40
103000134,910,809,101
103000135,640,354,286
103000136,789,451,338
103000137,665,642,23
103000138,817,736,81
103000139,2,92,-90
103000140,133,17,116
103000141,30,110,-80
103000142,143,65,78
103000143,57,186,-129
103000144,292,62,230
103000145,45,27,18
103000150,76,57,19
103000152,394,238,156
103000153,363,203,160
103000156,5,330,-325
103000157,361,0,361
103000159,250,88,162
103000162,220,38,182
103000163,16,56,-40
103000164,95,23,72
103000165,136,388,-252
103000166,158,202,-44
103000167,235,112,123
103000168,71,176,-105
103000169,161,421,-260
103000170,583,450,133
103000171,26,71,-45
103000172,351,393,-42
103000173,360,590,-230
103000174,164,357,-193
103000175,207,363,-156
103000176,764,527,237
103000177,615,467,148
103000178,234,357,-123
103000179,104,38,66
103000183,109,20,89
103000185,63,83,-20
103000186,117,199,-82
103000187,382,576,-194
103000188,7,82,-75
103000189,1963,923,1040
103000191,626,684,-58
103000292,1905,1413,492
103000293,908,1650,-742
103000295,127,80,47
103000296,339,3,336
103000297,56,17,39
103000504,183,6,177
103000505,10,7,3
103000506,0,260,-260
103000507,174,2,172
103000508,54,35,19
103000509,263,704,-441
103900001,1,276,-275
103900002,1377,168,1209
103900003,1804,83,1721
103900004,73,1,72
103900005,6,212,-206
103900006,2,2,0
103900007,45,0,45
103900008,15,0,15
103900009,193,343,-150
103900010,163,280,-117
103900011,187,147,40
103900012,5,17,-12
103900013,34,74,-40
103900014,43,19,24
103900015,65,15,50
103900016,186,200,-14
103900017,28,75,-47
103900018,674,168,506
103900019,44,238,-194
103900020,185,387,-202
103900021,656,63,593
103900022,982,693,289
103900023,124,3,121
103900024,154,321,-167
103900025,11,50,-39
103900026,26,0,26
103900027,663,333,330
103900028,9,229,-220
103900029,1087,124,963
103900030,512,60,452
103900031,10,0,10
103900032,63,64,-1
103900033,183,12,171
103900034,21,148,-127
103900035,48,33,15
103900036,36,33,3
103900037,76,36,40
103900038,65,179,-114
103900039,32,321,-289
103900040,5,162,-157
103900041,31,44,-13
103900042,50,339,-289
103900043,118,78,40
103900044,177,277,-100
103900045,274,170,104
103900047,56,32,24
103900048,56,24,32
103900049,201,1078,-877
103900050,6,91,-85
103900051,0,26,-26
103900052,184,458,-274
103900053,160,802,-642
103900054,88,495,-407
103900055,427,223,204
103900056,37,48,-11
103900057,41,232,-191
103900058,205,806,-601
103900059,0,3,-3
103900060,41,241,-200
103900061,108,58,50
103900062,182,87,95
103900063,7,0,7
103900064,105,2,103
103900065,668,321,347
103900066,134,25,109
103900067,139,4,135
103900068,0,0,0
103900069,77,4,73
103900070,125,216,-91
103900071,13,120,-107
103900072,5,220,-215
103900073,28,28,0
103900074,60,105,-45
103900075,189,96,93
103900076,327,591,-264
103900077,106,128,-22
103900078,205,128,77
103900079,105,184,-79
103900080,4,41,-37
103900081,148,17,131
103900082,6,112,-106
103900083,1878,959,919
103900084,55,116,-61
103900085,59,114,-55
103900086,440,254,186
103900088,336,373,-37
103900089,29,183,-154
103900090,0,168,-168
103900091,1137,268,869
103900092,893,374,519
103900093,104,343,-239
103900094,6,133,-127
103900095,598,185,413
103900096,21,241,-220
103900097,7,441,-434
103900098,203,108,95
103900099,34,225,-191
103900100,175,466,-291
103900101,51,1208,-1157
103900102,2,30,-28
103900104,0,38,-38
103900105,103,181,-78
103900106,0,20,-20
103900107,59,261,-202
103900108,41,360,-319
103900109,42,101,-59
103900110,195,35,160
103900111,80,609,-529
103900112,17,45,-28
103900113,100,210,-110
103900114,407,263,144
103900115,242,181,61
103900116,5077,2077,3000
103900117,143,91,52
103900119,33,69,-36
103900120,38,70,-32
103900122,51,251,-200
103900123,1568,522,1046
103900124,59,461,-402
103900125,94,62,32
103900126,410,452,-42
103900127,113,477,-364
103900128,92,155,-63
103900131,24,128,-104
103900133,856,38,818
103900134,0,5,-5
103900135,13,2,11
103900137,0,27,-27
103900138,70,330,-260
103900139,217,1273,-1056
103900140,1,82,-81
103900141,231,78,153
103900142,131,118,13
103900143,25,2,23
103900144,0,48,-48
103900145,158,225,-67
103900146,257,307,-50
103900147,384,95,289
103900148,123,206,-83
103900149,152,623,-471
103900150,6079,3032,3047
103900151,41,136,-95
103900152,467,494,-27
103900153,15,1,14
103900154,958,1646,-688
103900155,25,247,-222
103900156,17,167,-150
103900157,41,269,-228
103900158,48,136,-88
103900159,127,90,37
103900160,44,27,17
103900161,77,236,-159
103900162,65,151,-86
103900163,5,422,-417
103900167,9,75,-66
103900168,71,108,-37
103900169,30,22,8
103900170,0,134,-134
103900171,3,39,-36
103900172,5,17,-12
103900173,12,20,-8
103900174,95,37,58
103900175,42,46,-4
103900176,18,19,-1
103900177,5,37,-32
103900178,47,87,-40
103900179,39,141,-102
103900180,14,80,-66
103900181,70,36,34
103900182,31,18,13
103900184,426,74,352
103900185,257,228,29
103900187,32,65,-33
103900188,22,27,-5
103900189,85,3,82
103900190,70,56,14
103900191,34,27,7
103900192,24,50,-26
103900193,162,121,41
103900194,92,187,-95
103900195,13,47,-34
103900196,15,24,-9
103900197,4,15,-11
103900198,9,29,-20
103900199,180,45,135
103900200,119,119,0
103900201,97,146,-49
103900202,3,40,-37
103900203,50,43,7
103900204,0,109,-109
103900207,0,98,-98
103900208,70,3,67
103900209,10,88,-78
103900210,40,12,28
103900211,460,451,9
103900212,60,343,-283
103900213,179,272,-93
103900214,368,123,245
103900215,622,388,234
103900216,9,356,-347
103900217,381,59,322
103900218,0,465,-465
103900219,161,381,-220
103900233,69,2,67
103900235,64,15,49
103900236,37,2,35
103900242,6,33,-27
103900243,13,7,6
103900244,60,301,-241
103900245,79,235,-156
103900246,79,45,34
103900247,35,125,-90
103900248,33,68,-35
103900249,25,54,-29
103900250,60,27,33
103900251,7,53,-46
103900253,75,68,7
103900254,8,31,-23
103900255,98,24,74
103900256,55,47,8
103900257,234,310,-76
103900258,100,2,98
103900259,196,11,185
103900261,7,3,4
103900262,41,10,31
103900263,49,128,-79
103900264,97,49,48
103900265,153,44,109
103900266,2,46,-44
103900267,5,75,-70
103900268,18,99,-81
103900269,145,33,112
103900270,56,128,-72
103900271,20,155,-135
103900272,53,65,-12
103900273,19,60,-41
103900274,46,10,36
103900275,28,7,21
103900276,4,78,-74
103900277,2,70,-68
103900278,3,57,-54
103900279,1,23,-22
103900280,0,99,-99
104000001,2516,2207,309
104000002,1882,3216,-1334
104000003,2553,2573,-20
104000004,3111,3286,-175
104000005,1410,2149,-739
104000006,2971,3285,-314
104000007,4864,4502,362
104000008,499,458,41
104000009,236,176,60
104000010,166,250,-84
104000011,738,427,311
104000012,161,447,-286
104000013,190,185,5
104000014,344,811,-467
104000015,309,192,117
104000016,588,493,95
104000018,643,166,477
104000019,631,160,471
104000020,153,696,-543
104000021,310,651,-341
104000022,152,270,-118
104000023,496,378,118
104000024,184,411,-227
104000026,83,387,-304
104000027,381,418,-37
104000028,464,290,174
104000029,534,559,-25
104000030,320,288,32
104000031,947,375,572
104000032,188,375,-187
104000033,481,496,-15
104000034,289,418,-129
104000035,721,399,322
104000036,738,518,220
104000037,243,256,-13
104000038,350,366,-16
104000039,164,319,-155
104000040,327,451,-124
104000041,521,393,128
104000042,247,435,-188
104000043,338,447,-109
104000044,274,735,-461
104000045,1175,1207,-32
104000046,1443,1648,-205
104000047,876,1266,-390
104000048,1009,1914,-905
104000049,628,363,265
104000050,181,641,-460
104000051,143,617,-474
104000052,1262,1782,-520
104000053,788,608,180
104000054,514,539,-25
104000055,4142,2560,1582
104000056,1456,226,1230
104000057,118,421,-303
104000058,751,858,-107
104000059,608,1209,-601
104000060,1058,1234,-176
104000061,1860,1208,652
104000062,229,177,52
104000064,548,372,176
104000065,175,519,-344
104000069,1483,928,555
104000070,71,368,-297
104000071,130,399,-269
104000072,500,266,234
104000075,46,269,-223
104000076,426,33,393
104000082,2379,3364,-985
104000083,755,211,544
104000084,129,601,-472
104000085,268,218,50
104000086,194,419,-225
104000087,400,1264,-864
104000090,623,1351,-728
104000092,915,2603,-1688
104000094,759,1812,-1053
104000095,1924,1567,357
104000096,1581,242,1339
104000097,1616,952,664
104000098,1564,1188,376
104000100,1361,636,725
104000101,1295,2272,-977
104000106,81,559,-478
104000107,532,583,-51
104000108,329,458,-129
104000109,291,78,213
104000110,919,969,-50
104000111,3819,2109,1710
104000112,2189,551,1638
104000116,4,1273,-1269
104000117,94,791,-697
104000118,512,223,289
104000119,360,235,125
104000120,139,719,-580
104000121,185,710,-525
104000122,498,763,-265
104000123,1101,1299,-198
104000124,1104,2852,-1748
104000125,3760,3390,370
104000126,308,407,-99
104000127,1707,3555,-1848
104000128,663,439,224
104000129,450,33,417
104000130,23,273,-250
104000131,1013,566,447
104000132,1187,748,439
104000133,1371,881,490
104000134,918,1936,-1018
104000135,445,1547,-1102
104000136,756,3349,-2593
104000137,1486,380,1106
104000138,1099,469,630
104000139,7061,3308,3753
104000141,1212,1523,-311
104000142,751,751,0
104000143,554,606,-52
104000144,70,205,-135
104000145,388,199,189
104000146,369,699,-330
104000147,120,372,-252
104000148,256,151,105
104000149,129,335,-206
104000150,857,490,367
104000151,428,515,-87
104000152,503,617,-114
104000153,447,509,-62
104000154,1127,716,411
104000155,373,513,-140
104000157,1097,1621,-524
104000158,483,380,103
104000159,765,469,296
104000160,1600,1830,-230
104000161,235,204,31
104000162,65,130,-65
104000165,1411,1159,252
104000167,542,923,-381
104000168,480,9,471
104000169,98,46,52
104000170,554,486,68
104000248,276,738,-462
104000251,69,259,-190
104000272,0,0,0
104000273,0,0,0
104000274,0,0,0
104000275,0,0,0
104000279,587,403,184
104000290,96,328,-232
104000291,805,1147,-342
104000293,916,677,239
104000294,19,0,19
104000295,846,913,-67
104000296,417,1023,-606
104000297,946,1923,-977
104000298,1960,993,967
104000299,696,1601,-905
104900001,161,341,-180
104900002,31,136,-105
104900003,47,247,-200
104900004,77,273,-196
104900005,249,175,74
104900006,264,110,154
104900007,216,190,26
104900009,130,360,-230
104900010,36,41,-5
104900011,9,6,3
104900012,194,30,164
104900013,115,21,94
104900014,3152,373,2779
104900015,131,10,121
104900016,199,258,-59
104900017,204,134,70
104900018,14,161,-147
104900019,426,2363,-1937
104900020,49,221,-172
104900021,2,252,-250
104900022,7,152,-145
104900023,2,96,-94
104900024,46,99,-53
104900025,48,248,-200
104900026,4,118,-114
104900027,352,279,73
104900028,22,84,-62
104900029,55,80,-25
104900030,489,214,275
104900031,100,345,-245
104900032,35,122,-87
104900033,107,218,-111
104900034,299,110,189
104900035,276,122,154
104900036,147,47,100
104900037,96,208,-112
104900038,446,484,-38
104900039,918,307,611
104900040,350,62,288
104900041,190,185,5
104900042,127,284,-157
104900043,5,88,-83
104900044,408,194,214
104900045,476,51,425
104900046,94,61,33
104900047,321,126,195
104900048,198,83,115
104900049,14,18,-4
104900050,199,58,141
104900051,255,33,222
104900052,41,6,35
104900053,317,77,240
104900054,69,32,37
104900055,72,0,72
104900056,146,14,132
104900057,28,0,28
104900058,574,98,476
104900059,146,42,104
104900060,0,391,-391
104900061,196,545,-349
104900063,0,93,-93
104900064,1,85,-84
104900065,1,182,-181
104900066,1,169,-168
104900067,3,320,-317
104900068,12,217,-205
104900070,170,277,-107
104900071,2,567,-565
104900072,53,268,-215
104900073,26,165,-139
104900074,63,231,-168
104900075,32,45,-13
104900076,92,303,-211
104900077,952,148,804
104900078,153,595,-442
104900079,106,401,-295
104900080,98,480,-382
104900082,15,354,-339
104900085,2,222,-220
104900087,343,8,335
104900089,121,1,120
104900090,564,513,51
104900091,440,608,-168
104900093,215,506,-291
104900097,2630,1661,969
104900098,52,37,15
104900099,98,488,-390
104900100,534,233,301
104900102,22,167,-145
104900103,375,75,300
104900104,3001,1484,1517
104900106,46,126,-80
104900107,85,252,-167
104900108,20,211,-191
104900109,75,217,-142
104900110,7,63,-56
104900111,86,85,1
104900112,221,747,-526
104900113,508,379,129
104900114,271,465,-194
104900115,556,413,143
104900116,204,229,-25
104900118,12,55,-43
104900119,9,42,-33
104900120,43,124,-81
104900121,0,80,-80
104900122,3,72,-69
104900123,30,8,22
104900124,41,0,41
104900125,414,2,412
104900126,56,65,-9
104900127,30,57,-27
104900128,128,201,-73
104900129,2185,1571,614
105000001,2647,1844,803
105000002,2447,1878,569
105000003,3861,3868,-7
105000004,568,1253,-685
105000005,798,1167,-369
105000006,1154,1626,-472
105000007,1406,1504,-98
105000008,2076,2803,-727
105000009,1663,2887,-1224
105000010,3282,2607,675
105000011,2382,2287,95
105000012,4414,3063,1351
105000013,892,1231,-339
105000014,1442,2266,-824
105000015,7837,8627,-790
105000016,3701,2171,1530
105000017,2018,1027,991
105000018,1441,1623,-182
105000019,1937,989,948
105000020,245,493,-248
105000021,583,141,442
105000022,285,80,205
105000023,391,265,126
105000028,62,144,-82
105000029,482,977,-495
105000030,4711,3400,1311
105000033,1311,2131,-820
105000034,167,571,-404
105000037,629,348,281
105000038,1545,1242,303
105000039,2704,1794,910
105000040,662,843,-181
105000041,449,1100,-651
105000042,2313,1211,1102
105000043,1701,1801,-100
105000044,449,384,65
105000045,433,856,-423
105000046,734,341,393
105000047,494,1376,-882
105000048,638,247,391
105000049,232,657,-425
105000050,512,417,95
105000051,243,586,-343
105000052,512,904,-392
105000053,271,213,58
105000054,317,829,-512
105000055,505,294,211
105000056,756,2079,-1323
105000057,1028,821,207
105000058,1465,1332,133
105000059,650,592,58
105000060,589,711,-122
105000061,604,466,138
105000062,1062,1099,-37
105000063,373,603,-230
105000064,1087,802,285
105000065,485,782,-297
105000066,1299,1940,-641
105000067,1175,757,418
105000068,905,967,-62
105000069,2731,1367,1364
105000070,957,677,280
105000071,540,686,-146
105000072,1023,1833,-810
105000073,882,533,349
105000074,1099,922,177
105000075,762,809,-47
105000076,1883,1025,858
105000077,2706,933,1773
105000078,1534,1313,221
105000079,2127,2532,-405
105000080,1529,1101,428
105000081,3356,1149,2207
105000082,1365,907,458
105000083,3372,1583,1789
105000084,946,1031,-85
105000085,1592,1198,394
105000086,577,1067,-490
105000087,1968,2096,-128
105000088,1792,1502,290
105000089,3301,2065,1236
105000090,983,912,71
105000091,1710,1681,29
105000092,826,1044,-218
105000093,415,258,157
105000094,262,200,62
105000095,102,573,-471
105000096,1429,841,588
105000097,1457,670,787
105000098,2021,588,1433
105000099,1883,749,1134
105000100,1000,1285,-285
105000101,1991,1745,246
105000102,1288,1485,-197
105000103,1336,2022,-686
105000104,1762,1034,728
105000105,982,2012,-1030
105000106,1096,1539,-443
105000107,1004,1140,-136
105000108,1096,1675,-579
105000109,1340,1687,-347
105000110,573,827,-254
105000111,688,770,-82
105000112,1090,923,167
105000113,401,667,-266
105000114,3474,1189,2285
105000115,352,1073,-721
105000116,677,429,248
105000117,958,1189,-231
105000118,378,338,40
105000119,476,1109,-633
105000120,855,580,275
105000121,857,1170,-313
105000122,322,583,-261
105000123,1160,1373,-213
105000124,1422,815,607
105000125,799,1929,-1130
105000126,1663,1953,-290
105000127,2222,2089,133
105000128,551,1257,-706
105000129,787,334,453
105000130,265,1937,-1672
105000131,984,521,463
105000132,628,459,169
105000133,402,1057,-655
105000134,509,485,24
105000135,415,773,-358
105000136,168,451,-283
105000137,388,206,182
105000138,203,450,-247
105000139,1061,1093,-32
105000140,281,492,-211
105000141,253,581,-328
105000142,144,518,-374
105000143,174,638,-464
105000144,365,835,-470
105000145,604,474,130
105000146,603,872,-269
105000147,531,338,193
105000148,908,582,326
105000149,1748,1693,55
105000150,1765,1457,308
105000151,464,340,124
105000152,166,570,-404
105000153,490,492,-2
105000154,550,666,-116
105000155,293,658,-365
105000156,877,787,90
105000157,750,1495,-745
105000158,1837,725,1112
105000159,250,1172,-922
105000160,1637,543,1094
105000161,588,1373,-785
105000162,607,1552,-945
105000163,1330,985,345
105000164,161,272,-111
105000165,1482,4646,-3164
105000166,5979,661,5318
105000167,2640,1262,1378
105000168,227,775,-548
105000169,426,336,90
105000170,156,1126,-970
105000171,1047,285,762
105000172,127,21,106
105000173,100,24,76
105000174,114,33,81
105000175,58,118,-60
105000176,239,79,160
105000177,260,130,130
105000178,85,546,-461
105000179,340,121,219
105000180,153,93,60
105000181,63,348,-285
105000182,22,30,-8
105000183,2481,1514,967
105000184,1361,771,590
105000185,1469,695,774
105000186,566,624,-58
105000187,786,173,613
105000188,330,85,245
105000189,269,427,-158
105000190,264,377,-113
105000191,281,339,-58
105000192,175,58,117
105000193,122,133,-11
105000194,240,85,155
105000195,301,877,-576
105000196,31,91,-60
105000197,220,561,-341
105000198,541,381,160
105000199,289,445,-156
105000200,200,214,-14
105000201,157,59,98
105000203,10,235,-225
105000204,67,90,-23
105000205,127,227,-100
105000207,536,138,398
105000208,211,348,-137
105000209,169,238,-69
105000212,1027,1272,-245
105000213,201,200,1
105000214,116,234,-118
105000215,220,267,-47
105000216,106,242,-136
105000217,96,242,-146
105000218,898,961,-63
105000221,189,256,-67
105000222,230,44,186
105000223,207,160,47
105000226,47,258,-211
105000227,71,140,-69
105000228,231,1182,-951
105000229,116,323,-207
105000231,275,266,9
105000233,694,644,50
105000234,485,1263,-778
105000235,345,582,-237
105000237,782,80,702
105000243,27,40,-13
105000248,176,64,112
105000262,237,1317,-1080
105000269,65,184,-119
105000270,307,88,219
105000271,0,261,-261
105000282,122,46,76
105000287,307,113,194
105000288,368,437,-69
105000289,3095,1521,1574
105000290,88,2,86
105000402,3793,2462,1331
105000426,542,592,-50
105000438,3570,1116,2454
105000446,11783,5520,6263
105000447,7482,3245,4237
105000454,306,776,-470
105000455,293,211,82
105000474,20,4,16
105000477,237,336,-99
105000478,1525,2865,-1340
105000479,136,149,-13
105000480,6536,3853,2683
105000481,3424,2739,685
105000482,5662,5758,-96
105000483,1322,1596,-274
105000484,2559,2842,-283
105000485,1631,2142,-511
105000486,4718,3201,1517
105000488,8227,5348,2879
105000489,1018,807,211
105000549,70,160,-90
105000550,587,1305,-718
105000551,35,95,-60
105000552,3930,2211,1719
105000555,1113,846,267
105000556,16,16,0
105000557,7,30,-23
105900001,5,748,-743
105900002,1122,511,611
105900003,8,116,-108
105900004,302,124,178
105900005,4,216,-212
105900006,4,42,-38
105900007,62,11,51
105900008,51,645,-594
105900009,15,14,1
105900011,173,42,131
105900012,441,101,340
105900013,0,25,-25
105900014,4,67,-63
105900015,98,328,-230
105900016,230,436,-206
105900017,754,58,696
105900018,143,225,-82
105900019,46,311,-265
105900020,55,51,4
105900021,28,163,-135
105900022,255,273,-18
105900023,8,67,-59
105900024,7,64,-57
105900025,107,24,83
105900026,295,27,268
105900027,3302,6949,-3647
105900028,135,133,2
105900029,1607,328,1279
105900030,244,270,-26
105900031,284,119,165
105900032,49,125,-76
105900033,231,109,122
105900034,141,182,-41
105900035,160,110,50
105900036,60,127,-67
105900037,60,63,-3
105900038,115,284,-169
105900039,110,128,-18
105900040,72,77,-5
105900041,145,263,-118
105900042,74,98,-24
105900043,1737,40,1697
105900044,2,264,-262
105900045,2,613,-611
105900046,0,172,-172
105900047,4,46,-42
105900048,110,541,-431
105900050,6014,675,5339
105900051,10,769,-759
105900052,511,235,276
105900053,3210,1540,1670
105900054,302,167,135
105900056,551,227,324
105900057,5,86,-81
105900058,9,22,-13
105900059,0,20,-20
106000001,3846,2170,1676
106000002,2269,5013,-2744
106000003,3203,3772,-569
106000004,2291,3122,-831
106000005,2718,5311,-2593
106000006,5847,5274,573
106000007,443,510,-67
106000008,374,317,57
106000009,461,368,93
106000010,515,717,-202
106000011,750,971,-221
106000012,737,1659,-922
106000013,1486,1789,-303
106000014,1703,1971,-268
106000015,1193,1062,131
106000016,1280,2472,-1192
106000017,697,690,7
106000018,661,605,56
106000019,337,409,-72
106000020,275,465,-190
106000021,283,459,-176
106000022,375,304,71
106000023,686,339,347
106000024,578,738,-160
106000025,85,251,-166
106000026,145,324,-179
106000027,955,1318,-363
106000028,550,640,-90
106000029,1211,1405,-194
106000030,691,367,324
106000034,257,691,-434
106000035,1028,1515,-487
106000036,225,349,-124
106000037,1852,1587,265
106000038,361,111,250
106000039,183,58,125
106000040,156,884,-728
106000041,889,379,510
106000043,572,198,374
106000046,353,49,304
106000047,41,391,-350
106000049,942,154,788
106000050,324,845,-521
106000051,547,384,163
106000052,107,657,-550
106000053,253,110,143
106000054,344,561,-217
106000055,813,1034,-221
106000056,328,461,-133
106000057,209,334,-125
106000058,125,205,-80
106000059,243,289,-46
106000060,442,595,-153
106000061,169,597,-428
106000062,117,658,-541
106000063,580,611,-31
106000064,29,376,-347
106000065,332,288,44
106000066,89,374,-285
106000067,261,95,166
106000068,48,659,-611
106000069,148,71,77
106000070,429,794,-365
106000071,910,346,564
106000072,3861,1709,2152
106000073,1915,2834,-919
106000074,562,752,-190
106000075,338,1415,-1077
106000076,1904,2036,-132
106000077,3520,1514,2006
106000078,731,1130,-399
106000079,543,1119,-576
106000080,1086,735,351
106000081,548,1340,-792
106000082,2276,960,1316
106000083,333,1489,-1156
106000084,1067,742,325
106000085,1272,1705,-433
106000086,644,864,-220
106000087,866,600,266
106000088,348,735,-387
106000089,803,422,381
106000090,313,581,-268
106000091,258,637,-379
106000092,602,253,349
106000093,316,107,209
106000094,63,359,-296
106000095,562,1124,-562
106000096,955,665,290
106000097,807,1089,-282
106000098,662,995,-333
106000099,234,806,-572
106000100,1131,267,864
106000101,1166,215,951
106000102,164,506,-342
106000103,271,556,-285
106000104,725,462,263
106000105,418,770,-352
106000106,616,509,107
106000107,113,435,-322
106000108,329,290,39
106000109,177,369,-192
106000110,187,270,-83
106000111,159,507,-348
106000112,196,466,-270
106000113,962,687,275
106000114,532,448,84
106000115,256,567,-311
106000116,281,256,25
106000117,867,683,184
106000118,1021,1262,-241
106000119,1781,1054,727
106000120,655,1069,-414
106000121,224,143,81
106000122,101,274,-173
106000123,291,175,116
106000124,44,237,-193
106000125,64,273,-209
106000126,275,139,136
106000127,752,920,-168
106000128,644,243,401
106000129,493,585,-92
106000130,628,366,262
106000131,141,856,-715
106000132,757,154,603
106000133,2674,1314,1360
106000134,613,1656,-1043
106000135,268,750,-482
106000136,566,864,-298
106000137,106,1098,-992
106000138,951,94,857
106000139,61,112,-51
106000140,34,83,-49
106000141,102,125,-23
106000142,81,53,28
106000143,58,104,-46
106000144,49,50,-1
106000145,231,324,-93
106000146,295,195,100
106000147,417,463,-46
106000148,688,771,-83
106000149,491,390,101
106000150,484,1926,-1442
106000151,3822,753,3069
106000152,1362,1686,-324
106000153,102,1794,-1692
106000154,1316,232,1084
106000155,110,259,-149
106000156,515,266,249
106000157,580,1844,-1264
106000158,2723,897,1826
106000159,3785,1701,2084
106000160,304,2646,-2342
106000161,1413,426,987
106000162,140,763,-623
106000163,223,471,-248
106000164,313,329,-16
106000165,200,563,-363
106000166,766,301,465
106000167,334,1228,-894
106000168,364,225,139
106000169,147,618,-471
106000170,556,213,343
106000171,136,890,-754
106000172,2505,1123,1382
106000173,806,2527,-1721
106000174,912,386,526
106000175,284,959,-675
106000176,1044,599,445
106000177,675,2238,-1563
106000178,2885,1532,1353
106000179,991,2126,-1135
106000180,723,1381,-658
106000181,572,1578,-1006
106000182,892,610,282
106000183,844,694,150
106000184,2112,718,1394
106000185,1518,907,611
106000186,804,152,652
106000187,258,1144,-886
106000188,0,2,-2
106000189,14,54,-40
106000190,22,0,22
106000191,523,224,299
106000192,22,27,-5
106000193,304,201,103
106000194,217,254,-37
106000195,217,89,128
106000196,100,221,-121
106000197,313,222,91
106000198,70,265,-195
106000199,718,845,-127
106000200,249,155,94
106000201,486,2866,-2380
106000202,4600,562,4038
106000203,107,256,-149
106000204,104,5,99
106000205,33,157,-124
106000206,135,36,99
106000207,44,760,-716
106000208,901,119,782
106000209,1075,315,760
106000210,238,1044,-806
106000211,378,1287,-909
106000212,743,441,302
106000213,741,1651,-910
106000214,2340,544,1796
106000215,219,581,-362
106000216,281,393,-112
106000217,340,616,-276
106000218,500,390,110
106000219,119,411,-292
106000220,377,309,68
106000221,95,290,-195
106000222,40,112,-72
106000223,148,75,73
106000224,170,253,-83
106000225,79,66,13
106000226,103,307,-204
106000228,28,132,-104
106000229,145,639,-494
106000231,544,140,404
106000232,75,381,-306
106000233,559,124,435
106000234,138,167,-29
106000235,307,121,186
106000236,114,44,70
106000237,7,18,-11
106000238,176,17,159
106000239,1,156,-155
106000240,64,21,43
106000241,14,783,-769
106000242,385,45,340
106000249,50,99,-49
106000250,65,571,-506
106000251,58,38,20
106000252,15,75,-60
106000253,18,66,-48
106000254,40,30,10
106000255,16,166,-150
106000256,83,58,25
106000257,123,207,-84
106000258,193,32,161
106000259,7,53,-46
106000260,27,3,24
106000261,4,60,-56
106000262,82,6,76
106000263,23,65,-42
106000264,181,6,175
106000265,10,126,-116
106000266,135,24,111
106000267,12,57,-45
106000268,474,44,430
106000269,60,46,14
106000270,162,467,-305
106000271,61,227,-166
106000272,131,61,70
106000273,11,263,-252
106000274,179,42,137
106000275,148,203,-55
106000276,161,53,108
106000277,164,178,-14
106000278,214,44,170
106000279,18,57,-39
106000280,104,135,-31
106000281,62,58,4
106000282,57,61,-4
106000283,113,67,46
106000284,38,79,-41
106000285,110,119,-9
106000286,82,99,-17
106000287,80,87,-7
106000288,112,160,-48
106000289,84,61,23
106000290,65,101,-36
106000291,61,115,-54
106000292,83,108,-25
106000293,94,78,16
106000294,96,121,-25
106000295,44,33,11
106000296,53,90,-37
106000297,46,248,-202
106000298,130,59,71
106000299,49,144,-95
106000300,43,99,-56
106000301,62,95,-33
106000303,20,52,-32
106000304,36,23,13
106000305,28,57,-29
106000306,18,41,-23
106000307,47,15,32
106000308,28,77,-49
106000309,9,51,-42
106000310,311,608,-297
106000311,307,131,176
106000312,60,149,-89
106000313,155,209,-54
106000318,110,262,-152
106000319,1115,193,922
106000320,6,38,-32
106000321,387,66,321
106000322,106,144,-38
106000324,6,143,-137
106000325,1383,938,445
106000326,931,2038,-1107
106000327,134,94,40
106000328,8,91,-83
106000329,45,219,-174
106000330,22,60,-38
106000428,96,236,-140
106000429,211,477,-266
106000430,477,1321,-844
106000431,1908,410,1498
106000432,2122,3297,-1175
106000433,2044,1487,557
106000434,2975,1345,1630
106000435,1987,2991,-1004
106000436,13,227,-214
106000437,333,35,298
106000438,828,160,668
106000439,55,394,-339
106000440,235,531,-296
106000441,0,1,-1
106000442,202,13,189
106000443,122,466,-344
106000450,1,169,-168
106000451,50,45,5
106000454,5,159,-154
106000455,5,180,-175
106000456,158,30,128
106000457,10,972,-962
106000458,586,110,476
106000459,230,386,-156
106000460,1017,41,976
106000461,98,1320,-1222
106000462,3,36,-33
106000463,3,22,-19
106000464,3,484,-481
106000465,477,4,473
106000466,2,648,-646
106000467,473,517,-44
106000468,77,160,-83
106000469,165,1,164
106000470,199,1756,-1557
106000471,43,630,-587
106000472,114,9,105
106000473,23,32,-9
106000474,344,606,-262
106000475,375,180,195
106000476,155,200,-45
106000477,37,143,-106
106000480,1,338,-337
106900001,1,3,-2
106900002,2,521,-519
106900003,235,739,-504
106900004,0,51,-51
106900006,1,7,-6
106900007,0,9,-9
106900008,280,236,44
106900009,194,330,-136
106900010,162,246,-84
106900012,1659,1719,-60
106900013,481,97,384
106900014,23,3,20
106900015,11,0,11
106900016,224,1,223
106900017,1,1,0
106900018,1,0,1
106900019,27,3,24
106900020,2402,1128,1274
106900021,151,63,88
106900022,541,20,521
106900023,78,251,-173
106900024,381,15,366
106900025,42,600,-558
106900026,2,639,-637
106900027,1172,3,1169
107000001,3773,2661,1112
107000002,4007,4891,-884
107000003,4212,5831,-1619
107000004,5326,5750,-424
107000005,3172,4763,-1591
107000006,4128,5686,-1558
107000007,4572,9267,-4695
107000008,12260,10148,2112
107000009,5593,6359,-766
107000010,11379,11806,-427
107000011,1098,1257,-159
107000012,4421,3744,677
107000013,75,129,-54
107000014,55,289,-234
107000015,650,873,-223
107000016,570,1042,-472
107000017,4645,1003,3642
107000018,21,337,-316
107000020,3012,447,2565
107000021,1293,625,668
107000022,861,953,-92
107000023,1672,330,1342
107000024,467,1442,-975
107000025,259,497,-238
107000026,189,488,-299
107000027,1309,1217,92
107000028,1216,1583,-367
107000029,2507,2327,180
107000030,2754,3261,-507
107000031,3210,2214,996
107000032,434,940,-506
107000033,3172,5337,-2165
107000034,3607,1957,1650
107000035,373,284,89
107000036,476,1482,-1006
107000037,68,805,-737
107000038,264,312,-48
107000039,851,723,128
107000040,152,350,-198
107000041,1533,670,863
107000042,877,1938,-1061
107000043,2536,995,1541
107000044,597,367,230
107000045,145,308,-163
107000046,687,386,301
107000047,402,868,-466
107000048,551,285,266
107000049,587,731,-144
107000050,969,605,364
107000051,525,437,88
107000052,1358,1009,349
107000053,391,235,156
107000054,55,345,-290
107000055,314,176,138
107000056,491,926,-435
107000057,1735,273,1462
107000058,1905,2001,-96
107000059,2226,3938,-1712
107000060,3405,5062,-1657
107000061,5954,4343,1611
107000062,3279,2720,559
107000063,4459,6030,-1571
107000064,4566,1965,2601
107000065,4704,5435,-731
107000066,1838,2461,-623
107000067,1034,1137,-103
107000068,1399,581,818
107000069,769,465,304
107000070,1049,7,1042
107000071,2458,32,2426
107000072,67,3104,-3037
107000073,600,292,308
107000074,142,928,-786
107000075,1431,479,952
107000076,681,1622,-941
107000077,2935,1156,1779
107000078,2562,3443,-881
107000079,2346,855,1491
107000080,1117,3287,-2170
107000081,1381,519,862
107000082,497,1965,-1468
107000083,978,388,590
107000084,392,1858,-1466
107000085,2769,3334,-565
107000086,3419,3647,-228
107000087,2366,2110,256
107000088,3033,3692,-659
107000089,1247,1893,-646
107000090,901,1264,-363
107000091,1057,758,299
107000092,766,1380,-614
107000093,967,820,147
107000094,1201,1418,-217
107000095,605,683,-78
107000096,624,1022,-398
107000097,706,376,330
107000098,592,744,-152
107000099,466,310,156
107000100,284,337,-53
107000101,88,200,-112
107000102,562,405,157
107000103,365,244,121
107000104,262,396,-134
107000105,368,164,204
107000106,237,456,-219
107000107,611,229,382
107000108,224,760,-536
107000109,722,178,544
107000110,81,529,-448
107000111,387,46,341
107000112,41,370,-329
107000113,559,107,452
107000114,85,796,-711
107000115,471,116,355
107000116,98,937,-839
107000117,81,655,-574
107000118,136,309,-173
107000119,1486,1631,-145
107000120,2125,484,1641
107000121,544,692,-148
107000122,1040,968,72
107000123,363,837,-474
107000124,583,943,-360
107000125,687,795,-108
107000126,893,789,104
107000129,474,813,-339
107000130,750,233,517
107000131,475,711,-236
107000132,492,273,219
107000133,1214,129,1085
107000134,259,3,256
107000135,9,255,-246
107000136,856,5,851
107000137,15,312,-297
107000138,387,19,368
107000139,27,336,-309
107000140,1337,97,1240
107000141,119,736,-617
107000142,555,84,471
107000143,60,816,-756
107000144,392,473,-81
107000145,144,559,-415
107000146,147,324,-177
107000147,4138,1269,2869
107000150,662,2054,-1392
107000151,45,83,-38
107000152,678,940,-262
107000153,284,443,-159
107000154,252,152,100
107000155,696,8,688
107000156,932,13,919
107000157,18,1868,-1850
107000158,512,13,499
107000159,40,1428,-1388
107000160,743,96,647
107000161,53,1438,-1385
107000162,216,357,-141
107000163,235,1,234
107000164,404,0,404
107000165,673,7,666
107000166,57,1198,-1141
107000167,439,210,229
107000168,753,406,347
107000169,805,856,-51
107000170,1597,668,929
107000171,517,2090,-1573
107000172,904,1156,-252
107000173,681,1070,-389
107000174,810,3890,-3080
107000175,6792,1802,4990
107000176,0,0,0
107000177,0,1,-1
107000178,9,51,-42
107000179,234,2557,-2323
107000180,990,329,661
107000181,410,1347,-937
107000182,1296,871,425
107000183,150,835,-685
107000184,818,689,129
107000185,402,1363,-961
107000186,1039,318,721
107000187,972,1244,-272
107000188,584,578,6
107000189,380,983,-603
107000190,545,745,-200
107000191,633,1226,-593
107000192,1447,854,593
107000193,406,462,-56
107000194,1017,729,288
107000197,709,196,513
107000198,269,756,-487
107000199,555,952,-397
107000200,898,759,139
107000201,363,221,142
107000202,249,498,-249
107000203,1206,479,727
107000204,1867,548,1319
107000205,2126,949,1177
107000206,908,1130,-222
107000207,713,1068,-355
107000208,1134,395,739
107000209,2021,973,1048
107000210,753,354,399
107000211,9,24,-15
107000212,8,474,-466
107000213,11,36,-25
107000214,11,248,-237
107000215,344,449,-105
107000216,301,322,-21
107000217,131,95,36
107000219,85,117,-32
107000220,174,193,-19
107000222,226,806,-580
107000224,282,48,234
107000225,140,472,-332
107000226,300,84,216
107000227,84,225,-141
107000228,56,181,-125
107000229,238,179,59
107000230,1171,557,614
107000231,1669,969,700
107000232,110,81,29
107000233,1185,708,477
107000234,0,56,-56
107000235,51,4,47
107000236,34,575,-541
107000237,16,0,16
107000238,13,0,13
107000239,3838,573,3265
107000240,72,891,-819
107000243,0,59,-59
107000244,8,74,-66
107000246,3,1137,-1134
107000249,6,979,-973
107000251,1,222,-221
107000252,2,896,-894
107000255,523,65,458
107000257,2,470,-468
107000258,1,123,-122
107000259,2,173,-171
107000260,485,3,482
107000262,9,587,-578
107000263,191,3,188
107000266,4,3,1
107000267,73,97,-24
107000268,113,169,-56
107000269,676,46,630
107000270,6,13,-7
107000271,3,790,-787
107000272,18,181,-163
107000273,1,235,-234
107000274,867,141,726
107000275,39,476,-437
107000280,599,32,567
107000281,11,1044,-1033
107000282,14,998,-984
107000290,4,15,-11
107000291,49,15,34
107000292,5,28,-23
107000293,248,1,247
107000294,0,57,-57
107000295,30,3,27
107000296,0,7,-7
107000444,241,3,238
107000496,1,20,-19
107000497,1429,2679,-1250
107000500,399,260,139
107000501,87,178,-91
107000502,263,315,-52
107000505,572,894,-322
107000506,1,26,-25
107000508,8,493,-485
107000509,234,1048,-814
107000510,15,15,0
107000514,64,256,-192
107000515,8,207,-199
107000516,238,236,2
107000518,973,968,5
107000519,2325,986,1339
107000520,69,21,48
107000521,647,419,228
107000522,737,717,20
107900001,34,204,-170
107900002,42,2,40
107900003,377,17,360
107900004,27,0,27
107900005,977,6,971
107900006,204,1,203
107900007,283,28,255
107900008,47,25,22
107900009,165,4,161
107900010,22,3,19
107900012,237,14,223
107900013,215,65,150
107900014,28,0,28
107900015,633,12,621
107900016,380,68,312
107900017,16,1,15
107900018,55,112,-57
107900019,15,46,-31
107900020,99,16,83
107900021,31,138,-107
107900023,4,0,4
107900024,1,23,-22
107900025,171,299,-128
107900026,42,66,-24
107900027,40,34,6
107900028,46,64,-18
107900030,113,14,99
107900031,49,164,-115
107900032,16,1,15
107900033,20,5,15
107900034,208,15,193
107900035,596,37,559
107900036,64,18,46
107900037,0,39,-39
107900038,120,161,-41
107900039,29,50,-21
107900040,25,59,-34
107900041,3,0,3
107900043,47,147,-100
107900044,8,5,3
107900045,53,39,14
107900046,85,121,-36
107900047,12,74,-62
107900048,177,4,173
107900049,268,1003,-735
107900050,100,332,-232
107900051,88,40,48
107900052,39,7,32
107900053,19,64,-45
107900055,463,164,299
107900056,68,39,29
107900057,0,0,0
107900058,37,679,-642
107900060,22,27,-5
107900061,13,6,7
107900063,94,109,-15
107900064,356,109,247
107900065,120,17,103
107900066,13,8,5
107900067,0,0,0
107900068,264,239,25
107900069,26,1509,-1483
107900070,86,43,43
107900071,28,723,-695
107900072,84,133,-49
107900073,59,100,-41
107900074,781,202,579
107900076,71,31,40
107900077,54,0,54
107900079,9,11,-2
107900080,357,240,117
107900081,17,112,-95
107900082,21,12,9
107900083,286,155,131
107900084,83,78,5
107900086,42,103,-61
107900087,656,101,555
107900088,6,5,1
107900089,306,874,-568
107900090,420,2024,-1604
107900091,154,373,-219
107900092,0,0,0
107900093,48,61,-13
107900095,3377,1784,1593
107900097,7,65,-58
107900098,34,163,-129
107900100,855,901,-46
107900101,1042,173,869
107900102,10,4,6
107900103,37,185,-148
107900104,192,6,186
107900105,1,481,-480
107900106,2,1146,-1144
107900107,818,480,338
107900108,316,120,196
107900109,1036,17,1019
107900110,31,65,-34
107900111,6,838,-832
107900112,107,351,-244
107900113,146,155,-9
107900114,154,180,-26
107900115,9,28,-19
107900116,111,180,-69
107900117,612,319,293
107900118,89,125,-36
107900119,76,199,-123
107900120,20,20,0
107900121,2,103,-101
107900122,5,48,-43
107900123,3,20,-17
107900124,23,12,11
107900125,31,177,-146
107900126,2,39,-37
107900127,383,261,122
107900128,71,66,5
107900129,38,24,14
107900130,36,28,8
107900131,457,144,313
107900132,105,320,-215
107900133,1,73,-72
107900134,38,26,12
107900135,2,166,-164
107900136,41,35,6
107900137,81,53,28
107900138,46,29,17
107900139,31,63,-32
107900141,43,36,7
107900142,59,777,-718
107900143,37,32,5
107900144,1,143,-142
107900145,7,54,-47
107900146,26,133,-107
107900147,46,21,25
107900148,152,157,-5
107900149,1071,190,881
107900150,95,667,-572
107900151,30,95,-65
107900152,9,196,-187
107900153,129,223,-94
107900154,38,20,18
107900155,59,28,31
107900156,4,308,-304
107900157,30,92,-62
107900158,537,20,517
107900159,34,810,-776
107900160,112,156,-44
107900161,12,180,-168
107900162,0,63,-63
107900163,52,9,43
107900164,11,36,-25
107900165,23,88,-65
107900166,11,232,-221
107900167,21,3,18
107900168,18,47,-29
107900169,0,152,-152
107900171,11,1279,-1268
107900172,0,291,-291
107900173,13,174,-161
107900174,96,7,89
107900175,5,11,-6
107900176,21,38,-17
107900177,1,106,-105
107900178,1,156,-155
107900179,5,112,-107
107900180,578,427,151
107900181,304,379,-75
107900182,8,1332,-1324
107900183,26,277,-251
107900184,71,202,-131
107900185,72,1,71
107900186,20,32,-12
107900187,0,117,-117
107900188,703,103,600
107900189,8,82,-74
107900190,75,74,1
107900191,38,119,-81
107900193,11,41,-30
107900194,243,6,237
107900195,2969,410,2559
107900196,42,74,-32
107900197,761,236,525
107900199,5,980,-975
107900201,99,94,5
107900203,14,76,-62
107900204,231,183,48
107900206,972,146,826
107900207,2,619,-617
107900208,1,624,-623
107900209,338,115,223
107900210,91,106,-15
107900213,446,343,103
107900214,6,123,-117
107900215,137,227,-90
107900216,154,121,33
107900217,19,82,-63
107900218,3,1232,-1229
107900219,21,99,-78
107900220,164,215,-51
107900221,140,148,-8
107900223,75,438,-363
107900224,118,253,-135
107900225,5,696,-691
107900226,111,132,-21
107900227,140,376,-236
107900228,10,85,-75
107900229,3,256,-253
107900230,7,83,-76
107900231,4,200,-196
107900232,46,164,-118
107900233,9,191,-182
107900234,67,110,-43
107900235,32,64,-32
107900236,77,76,1
107900237,87,411,-324
107900238,15,113,-98
107900239,1057,396,661
107900240,23,119,-96
107900241,17,78,-61
107900242,17,284,-267
107900243,2,55,-53
107900244,243,0,243
107900245,523,34,489
107900246,123,6,117
107900248,72,401,-329
107900249,448,16,432
107900250,1,435,-434
107900251,81,1369,-1288
107900252,626,6,620
107900253,110,1,109
107900254,53,392,-339
107900255,292,64,228
107900256,1294,349,945
107900257,129,87,42
107900258,99,279,-180
107900259,50,1571,-1521
107900261,1,306,-305
107900262,47,126,-79
107900264,172,4,168
107900265,108,144,-36
107900267,160,17,143
107900268,28,11,17
107900269,1,4,-3
107900270,0,0,0
107900271,4,6,-2
107900272,109,11,98
107900273,37,74,-37
107900274,34,0,34
107900275,25,0,25
107900276,0,83,-83
107900277,0,189,-189
107900278,244,287,-43
107900279,134,138,-4
107900280,1542,1938,-396
107900281,2072,1928,144
107900282,57,304,-247
107900283,1248,438,810
107900284,547,729,-182
107900285,92,70,22
107900286,207,95,112
107900287,91,188,-97
107900290,0,94,-94
107900291,349,13,336
107900292,74,238,-164
107900293,71,481,-410
107900295,48,96,-48
107900297,1,258,-257
107900298,1050,740,310
107900299,3070,1800,1270
107900300,34,119,-85
107900301,449,504,-55
107900302,91,43,48
107900303,154,287,-133
107900304,189,412,-223
107900305,207,6,201
107900306,7,13,-6
107900307,35,187,-152
107900308,99,56,43
107900309,178,2,176
107900310,357,2,355
107900311,4,51,-47
107900312,117,3,114
107900313,0,65,-65
107900314,1,36,-35
107900315,0,32,-32
107900316,26,1,25
107900317,174,12,162
107900318,4,160,-156
107900319,3,175,-172
107900320,0,154,-154
107900321,122,1,121
107900322,3,117,-114
107900323,4,168,-164
107900324,144,0,144
107900325,90,0,90
107900326,325,312,13
107900327,0,32,-32
107900328,251,3,248
107900329,194,71,123
107900330,13,395,-382
107900331,161,20,141
107900332,169,22,147
107900333,56,17,39
107900334,2,189,-187
107900335,33,53,-20
107900336,23,43,-20
107900337,1270,739,531
107900338,2,115,-113
107900339,5,20,-15
107900340,0,54,-54
107900341,36,4,32
107900342,134,113,21
107900343,108,2,106
107900344,7,58,-51
107900345,98,25,73
107900346,11,1,10
107900347,14,5,9
107900348,1,0,1
107900349,32,4,28
107900350,29,270,-241
107900351,5,237,-232
107900352,2,36,-34
107900353,12,11,1
107900354,24,30,-6
108000001,2482,3836,-1354
108000002,2522,3231,-709
108000003,3287,2769,518
108000004,15059,17853,-2794
108000005,7078,4855,2223
108000006,8370,8179,191
108000007,4709,3985,724
108000008,5319,7137,-1818
108000009,3085,3830,-745
108000010,3286,5264,-1978
108000011,9642,10423,-781
108000012,17203,18049,-846
108000014,1240,610,630
108000015,672,293,379
108000016,341,698,-357
108000017,875,360,515
108000018,1384,539,845
108000019,2034,765,1269
108000020,1310,457,853
108000021,432,1754,-1322
108000022,423,1427,-1004
108000023,1113,175,938
108000024,286,558,-272
108000025,266,253,13
108000026,524,465,59
108000027,499,637,-138
108000028,480,273,207
108000029,438,660,-222
108000030,838,206,632
108000031,370,590,-220
108000032,1239,519,720
108000033,686,1256,-570
108000034,1388,408,980
108000035,735,2449,-1714
108000036,359,1112,-753
108000037,1370,372,998
108000038,2047,464,1583
108000039,559,2371,-1812
108000040,1616,742,874
108000041,631,2526,-1895
108000042,211,249,-38
108000043,162,259,-97
108000044,360,173,187
108000045,194,621,-427
108000046,1184,331,853
108000047,419,955,-536
108000048,144,414,-270
108000049,657,297,360
108000050,155,649,-494
108000051,221,136,85
108000052,205,723,-518
108000053,313,174,139
108000054,434,1012,-578
108000055,907,412,495
108000056,1155,1166,-11
108000057,667,960,-293
108000058,1819,3306,-1487
108000059,3565,2141,1424
108000060,190,541,-351
108000061,209,391,-182
108000062,541,514,27
108000063,316,508,-192
108000064,162,306,-144
108000065,575,433,142
108000066,1688,825,863
108000067,1432,474,958
108000068,640,391,249
108000069,277,1079,-802
108000070,1433,607,826
108000071,569,1578,-1009
108000072,1338,1088,250
108000073,1538,1934,-396
108000074,495,309,186
108000075,281,857,-576
108000076,543,492,51
108000077,690,705,-15
108000078,1804,1407,397
108000079,843,1966,-1123
108000080,865,524,341
108000081,513,1996,-1483
108000082,991,1930,-939
108000083,1501,947,554
108000084,421,1204,-783
108000085,517,363,154
108000086,655,786,-131
108000087,76,1507,-1431
108000088,459,83,376
108000089,307,264,43
108000090,151,74,77
108000091,167,558,-391
108000092,126,90,36
108000093,156,717,-561
108000094,502,73,429
108000095,118,511,-393
108000096,251,207,44
108000097,151,561,-410
108000098,1225,1226,-1
108000099,1038,211,827
108000100,88,353,-265
108000101,939,1256,-317
108000102,1378,2644,-1266
108000106,786,6,780
108000107,3,525,-522
108000108,795,46,749
108000109,7,758,-751
108000110,157,279,-122
108000111,190,781,-591
108000112,62,107,-45
108000113,443,241,202
108000115,360,319,41
108000117,793,265,528
108000118,310,845,-535
108000119,688,423,265
108000120,115,741,-626
108000121,179,511,-332
108000122,375,388,-13
108000123,491,221,270
108000124,221,594,-373
108000125,341,280,61
108000126,159,448,-289
108000127,406,315,91
108000128,506,546,-40
108000129,268,1193,-925
108000130,276,322,-46
108000131,738,397,341
108000132,2094,1487,607
108000133,655,500,155
108000134,488,647,-159
108000135,881,418,463
108000136,531,886,-355
108000137,291,381,-90
108000138,300,959,-659
108000139,341,317,24
108000140,67,30,37
108000141,27,109,-82
108000142,54,133,-79
108000143,32,280,-248
108000144,195,38,157
108000145,30,19,11
108000146,306,42,264
108000147,53,47,6
108000148,283,39,244
108000149,36,26,10
108000150,40,5,35
108000151,431,62,369
108000152,125,500,-375
108000153,366,126,240
108000154,55,11,44
108000155,44,32,12
108000156,550,311,239
108000157,132,627,-495
108000158,90,575,-485
108000159,743,201,542
108000160,3789,977,2812
108000161,3061,1914,1147
108000165,3,133,-130
108000172,1,257,-256
108000173,2257,1640,617
108000175,415,99,316
108000178,420,377,43
108000179,200,617,-417
108000181,70,43,27
108000182,207,41,166
108000183,154,275,-121
108000184,1060,1685,-625
108000185,203,550,-347
108000186,178,309,-131
108000187,81,689,-608
108000188,441,233,208
108000189,1540,3852,-2312
108000190,38,120,-82
108000192,229,618,-389
108000193,975,25,950
108000194,45,21,24
108000195,0,1129,-1129
108000196,192,208,-16
108000198,697,370,327
108000199,0,195,-195
108000200,318,527,-209
108000203,125,741,-616
108000204,65,35,30
108000205,383,490,-107
108000339,1356,357,999
108000364,222,502,-280
108000365,56,300,-244
108000367,172,350,-178
108000368,6,64,-58
108000369,1288,162,1126
108000371,4,499,-495
108000372,580,7,573
108000373,253,185,68
108000376,80,29,51
108000377,275,317,-42
108000378,8372,9624,-1252
108000379,34,228,-194
108000381,62,7,55
108000382,204,3,201
108000383,0,178,-178
108900001,133,1012,-879
108900002,175,52,123
108900003,322,764,-442
108900004,2041,455,1586
108900005,12,133,-121
108900006,375,86,289
108900007,138,141,-3
108900008,64,140,-76
108900009,43,92,-49
108900010,146,146,0
108900011,345,403,-58
108900012,218,362,-144
108900013,65,146,-81
108900014,20,91,-71
108900015,0,44,-44
108900016,0,215,-215
108900017,176,250,-74
108900018,73,428,-355
108900019,36,796,-760
108900020,40,214,-174
108900021,91,194,-103
108900022,150,0,150
108900023,10,23,-13
108900024,21,124,-103
108900025,94,96,-2
108900026,10,99,-89
108900027,0,76,-76
108900028,66,429,-363
108900029,45,223,-178
108900030,0,98,-98
108900031,62,414,-352
108900032,17,215,-198
108900033,0,78,-78
108900034,2,218,-216
108900035,219,1499,-1280
108900036,56,114,-58
108900037,21,189,-168
108900038,1,330,-329
108900039,0,454,-454
108900040,5,89,-84
108900041,4753,2490,2263
108900042,17,291,-274
108900043,57,442,-385
108900044,2,557,-555
108900045,27,579,-552
108900046,38,860,-822
108900047,0,98,-98
108900048,116,1132,-1016
108900049,4480,985,3495
108900050,3,239,-236
108900051,0,191,-191
108900052,16,205,-189
108900053,77,138,-61
108900054,63,172,-109
108900055,66,359,-293
108900056,0,177,-177
108900057,2,137,-135
108900058,25,366,-341
108900059,372,26,346
108900060,91,139,-48
108900061,70,35,35
108900062,1,278,-277
108900063,12,327,-315
108900064,133,79,54
108900065,4,243,-239
108900066,200,94,106
108900067,13,200,-187
108900068,6,185,-179
108900069,34,112,-78
108900070,43,130,-87
108900071,71,47,24
108900072,2005,470,1535
108900073,23,388,-365
108900074,100,489,-389
108900075,77,60,17
108900076,203,68,135
108900077,157,588,-431
108900078,18,173,-155
108900079,843,239,604
108900080,27,770,-743
108900081,37,226,-189
108900082,41,107,-66
108900083,29,322,-293
108900084,155,46,109
108900085,2095,135,1960
108900086,67,274,-207
108900087,110,179,-69
108900088,918,336,582
108900089,11,120,-109
108900090,31,311,-280
108900091,100,88,12
108900092,340,350,-10
108900093,56,79,-23
108900094,189,90,99
108900095,46,470,-424
108900096,408,22,386
108900097,225,259,-34
108900098,2533,421,2112
108900099,273,237,36
108900100,51,133,-82
108900101,138,130,8
108900102,89,685,-596
108900103,69,122,-53
108900104,55,163,-108
108900105,3,1000,-997
108900106,281,360,-79
108900108,635,49,586
108900109,366,57,309
108900110,116,391,-275
108900111,354,624,-270
108900112,103,12,91
108900113,39,45,-6
108900114,48,6,42
108900115,60,67,-7
108900116,68,11,57
108900117,112,20,92
108900118,492,14,478
108900119,177,19,158
108900120,178,180,-2
108900121,282,68,214
108900122,107,22,85
108900123,114,95,19
108900124,407,152,255
108900125,257,3,254
108900126,80,16,64
108900127,134,26,108
108900128,105,22,83
108900129,545,119,426
108900130,227,3,224
108900131,347,2,345
108900132,430,73,357
108900133,182,64,118
108900134,197,220,-23
108900135,117,6,111
108900136,33,2,31
108900137,90,0,90
108900138,532,28,504
108900139,217,48,169
108900140,201,271,-70
108900141,205,8,197
108900142,101,3,98
108900143,34,1,33
108900144,47,1,46
108900145,87,6,81
108900146,67,0,67
108900147,158,0,158
108900148,61,35,26
108900149,173,160,13
108900150,198,6,192
108900151,196,5,191
108900152,124,10,114
108900153,126,471,-345
108900154,3732,406,3326
108900155,119,23,96
108900156,89,6,83
108900157,12,495,-483
108900158,271,29,242
108900159,2,279,-277
108900160,10,277,-267
108900161,5,421,-416
108900162,62,0,62
108900163,6,196,-190
108900164,62,73,-11
108900165,98,29,69
108900167,729,2141,-1412
108900168,8779,2182,6597
108900169,50,96,-46
108900171,5378,2412,2966
108900172,154,39,115
108900173,187,397,-210
108900174,658,627,31
108900176,110,550,-440
108900177,6205,3311,2894
108900178,4429,2528,1901
108900179,250,484,-234
108900180,76,212,-136
108900182,9,127,-118
108900183,167,201,-34
108900184,343,130,213
108900185,60,243,-183
108900186,38,241,-203
108900187,148,23,125
108900188,214,18,196
108900189,215,108,107
108900190,47,2841,-2794
108900191,72,7,65
108900192,93,230,-137
108900193,157,24,133
108900194,21,149,-128
108900195,106,332,-226
108900196,22,402,-380
108900198,1,212,-211
108900199,204,293,-89
108900200,897,313,584
108900201,412,1382,-970
108900203,340,69,271
108900204,248,15,233
108900205,147,19,128
108900206,373,22,351
108900207,123,53,70
108900208,26,322,-296
108900209,253,538,-285
108900210,112,191,-79
108900211,133,377,-244
108900212,743,980,-237
108900215,99,414,-315
108900216,494,127,367
108900217,107,0,107
108900218,115,8,107
108900219,41,5,36
108900220,14,7,7
108900221,43,122,-79
108900222,68,8,60
108900223,4,30,-26
108900224,31,144,-113
108900225,1,165,-164
108900227,109,184,-75
108900230,300,268,32
108900231,15,110,-95
108900232,4,281,-277
108900233,225,68,157
108900234,242,118,124
108900235,152,517,-365
108900236,30,256,-226
108900237,39,104,-65
108900240,107,60,47
108900241,19,24,-5
108900245,8,988,-980
108900249,47,12,35
108900250,249,119,130
108900257,48,204,-156
108900258,5,224,-219
108900259,26,91,-65
108900260,5,97,-92
108900261,78,98,-20
108900262,201,130,71
108900263,59,171,-112
108900264,609,209,400
108900265,834,236,598
108900266,1039,454,585
108900267,1,78,-77
108900268,6,1,5
108900269,51,15,36
108900270,58,9,49
108900271,44,12,32
108900272,166,7,159
108900273,967,543,424
108900274,51,93,-42
109000001,3925,1425,2500
109000002,2440,1740,700
109000003,2472,598,1874
109000004,607,2646,-2039
109000005,2585,837,1748
109000006,853,2359,-1506
109000007,1420,691,729
109000008,554,2215,-1661
109000009,3259,1406,1853
109000010,1749,4163,-2414
109000011,2822,2016,806
109000012,1954,3933,-1979
109000013,2893,2754,139
109000014,1748,3680,-1932
109000015,3238,6247,-3009
109000016,8681,4633,4048
109000017,2048,1340,708
109000018,1163,3653,-2490
109000019,2990,1420,1570
109000020,1418,2189,-771
109000023,204,37,167
109000024,4,221,-217
109000025,394,503,-109
109000026,878,312,566
109000027,97,310,-213
109000028,115,104,11
109000029,177,224,-47
109000030,91,695,-604
109000031,151,139,12
109000032,111,505,-394
109000033,435,150,285
109000034,74,39,35
109000035,36,63,-27
109000036,73,336,-263
109000037,183,883,-700
109000038,585,315,270
109000039,774,489,285
109000040,4065,5591,-1526
109000041,4457,1518,2939
109000042,784,1083,-299
109000044,379,69,310
109000045,89,351,-262
109000046,316,66,250
109000047,118,426,-308
109000048,858,149,709
109000049,325,495,-170
109000050,352,266,86
109000051,335,263,72
109000052,415,1052,-637
109000053,127,55,72
109000054,62,492,-430
109000055,167,176,-9
109000056,211,401,-190
109000057,379,312,67
109000058,901,219,682
109000059,797,1081,-284
109000060,413,283,130
109000061,1052,716,336
109000062,71,266,-195
109000063,174,148,26
109000064,164,112,52
109000065,98,242,-144
109000066,238,81,157
109000067,45,283,-238
109000068,2396,47,2349
109000069,974,34,940
109000070,8,1085,-1077
109000071,340,86,254
109000072,79,329,-250
109000073,50,122,-72
109000074,33,192,-159
109000075,99,307,-208
109000076,124,232,-108
109000077,338,249,89
109000078,81,198,-117
109000079,125,174,-49
109000080,115,109,6
109000081,90,491,-401
109000082,522,215,307
109000083,278,697,-419
109000088,107,487,-380
109000089,213,59,154
109000090,177,430,-253
109000091,266,149,117
109000092,339,564,-225
109000093,175,202,-27
109000094,389,4,385
109000095,117,472,-355
109000096,458,268,190
109000097,52,154,-102
109000098,62,128,-66
109000099,806,449,357
109000100,211,737,-526
109000101,1075,763,312
109000102,311,796,-485
109000103,309,578,-269
109000104,1185,642,543
109000105,504,1129,-625
109000106,1502,790,712
109000107,611,1889,-1278
109000108,1444,556,888
109000109,392,1782,-1390
109000110,1061,480,581
109000111,966,2107,-1141
109000112,319,109,210
109000113,442,216,226
109000114,178,368,-190
109000115,1305,76,1229
109000116,7,231,-224
109000117,125,95,30
109000118,15,326,-311
109000119,804,332,472
109000120,133,849,-716
109000121,336,50,286
109000122,84,860,-776
109000123,37,79,-42
109000124,466,390,76
109000125,718,367,351
109000126,363,800,-437
109000127,693,231,462
109000128,515,1759,-1244
109000129,1633,651,982
109000130,525,2531,-2006
109000131,703,430,273
109000132,560,1894,-1334
109000133,426,1150,-724
109000134,819,1630,-811
109000135,1212,1349,-137
109000136,325,278,47
109000137,213,338,-125
109000138,517,323,194
109000139,389,376,13
109000140,194,439,-245
109000141,375,487,-112
109000142,121,472,-351
109000143,72,85,-13
109000145,112,265,-153
109000146,113,131,-18
109000148,3788,1197,2591
109000149,36,56,-20
109000150,147,180,-33
109000155,582,608,-26
109000156,1326,691,635
109000158,75,280,-205
109000159,123,502,-379
109000160,914,217,697
109000161,296,1244,-948
109000162,1556,729,827
109000163,874,1893,-1019
109000164,1137,2717,-1580
109000165,1033,489,544
109000166,558,123,435
109000167,143,690,-547
109000170,35,55,-20
109000171,49,42,7
109000172,37,81,-44
109000173,17,74,-57
109000174,105,54,51
109000175,46,114,-68
109000176,234,239,-5
109000177,42,157,-115
109000178,456,364,92
109000179,5266,3794,1472
109000180,4633,2968,1665
109000181,16,35,-19
109000182,38,29,9
109000183,41,34,7
109000184,18,10,8
109000185,32,60,-28
109000188,393,2150,-1757
109000189,1729,969,760
109000190,405,389,16
109000191,291,434,-143
109000192,311,214,97
109000193,141,366,-225
109000194,147,114,33
109000195,128,387,-259
109000196,210,84,126
109000197,122,415,-293
109000198,227,49,178
109000199,105,402,-297
109000206,220,30,190
109000207,83,33,50
109000208,107,58,49
109000209,164,143,21
109000210,168,462,-294
109000211,484,447,37
109000214,284,409,-125
109000215,185,84,101
109000216,350,180,170
109000217,155,91,64
109000218,206,179,27
109000221,526,1153,-627
109000222,796,236,560
109000223,253,238,15
109000224,39,211,-172
109000225,61,34,27
109000226,58,234,-176
109000227,812,1006,-194
109000228,0,439,-439
109000231,4,407,-403
109000232,319,459,-140
109000236,216,712,-496
109000241,1951,2072,-121
109000242,1511,1526,-15
109000293,23,47,-24
109000361,111,217,-106
109000364,140,507,-367
109000396,1,621,-620
109000397,417,11,406
109000399,131,387,-256
109000400,112,235,-123
109000403,78,568,-490
109000406,433,5,428
109000407,209,216,-7
109000408,2,597,-595
109000410,817,268,549
109000411,170,40,130
109900001,100,1,99
109900002,702,13,689
109900003,172,0,172
109900004,811,155,656
109900005,23,10,13
109900006,216,206,10
109900007,490,655,-165
109900008,0,40,-40
109900009,104,568,-464
109900010,370,10,360
109900011,111,38,73
109900012,197,160,37
109900013,333,114,219
109900014,299,42,257
109900015,405,166,239
109900016,98,27,71
109900017,135,131,4
109900018,123,89,34
109900019,131,68,63
109900020,28,33,-5
109900021,52,15,37
109900022,66,270,-204
109900023,21,2,19
109900024,26,3,23
109900025,3,45,-42
109900026,2,158,-156
109900027,30,58,-28
109900028,1754,766,988
109900029,4,355,-351
109900030,25,7,18
109900031,0,85,-85
109900032,8,296,-288
109900033,5,368,-363
109900034,20,2,18
109900035,8,20,-12
109900036,4,63,-59
109900037,22,481,-459
109900038,30,227,-197
109900039,8,0,8
109900040,24,589,-565
109900041,60,296,-236
109900042,18,377,-359
109900044,75,231,-156
109900045,173,59,114
109900046,21,71,-50
109900047,227,314,-87
109900048,0,79,-79
109900049,12,40,-28
109900050,1,231,-230
109900051,1,45,-44
109900052,46,247,-201
109900053,8,439,-431
109900054,410,181,229
109900055,44,243,-199
109900056,19,139,-120
109900057,7,186,-179
109900058,0,105,-105
109900059,396,98,298
109900060,314,81,233
109900061,49,243,-194
109900062,0,263,-263
109900063,8,314,-306
109900064,585,231,354
109900065,93,116,-23
109900066,321,919,-598
109900067,0,323,-323
109900068,39,4,35
109900069,0,22,-22
109900070,32,293,-261
109900071,1,27,-26
109900072,29,159,-130
109900073,240,518,-278
109900074,5,38,-33
109900075,23,36,-13
109900076,20,255,-235
109900077,36,46,-10
109900078,119,220,-101
109900080,88,257,-169
109900081,38,128,-90
109900082,24,303,-279
109900083,16,64,-48
109900084,96,134,-38
109900085,282,768,-486
109900086,100,304,-204
109900087,324,401,-77
109900089,430,153,277
109900090,425,1031,-606
109900091,213,83,130
109900092,552,10,542
109900093,521,111,410
109900094,56,92,-36
109900095,82,220,-138
109900096,17,3,14
109900097,69,3,66
109900098,320,25,295
109900099,108,0,108
109900100,56,0,56
109900101,326,8,318
109900102,329,17,312
109900103,35,40,-5
109900104,449,732,-283
109900105,476,29,447
109900106,292,49,243
109900107,340,63,277
109900108,67,360,-293
109900109,19,109,-90
109900110,51,323,-272
109900111,263,1024,-761
109900112,370,714,-344
109900113,555,363,192
109900114,1245,321,924
109900115,85,72,13
109900117,709,93,616
109900118,192,387,-195
109900119,541,256,285
109900120,47,29,18
109900121,305,325,-20
109900122,335,7,328
109900123,14,145,-131
109900124,35,652,-617
109900125,1,192,-191
109900126,129,138,-9
109900128,140,33,107
109900130,8233,2046,6187
109900131,39,113,-74
109900132,26,160,-134
109900133,60,277,-217
109900134,63,73,-10
109900135,393,78,315
109900136,34,106,-72
109900137,94,314,-220
109900140,156,249,-93
109900142,924,282,642
109900145,1,271,-270
109900146,430,35,395
109900148,36,70,-34
109900149,63,51,12
109900150,8,75,-67
109900151,3,52,-49
109900152,0,30,-30
109900153,1,59,-58
109900154,38,1,37
109900155,42,19,23
109900157,39,232,-193
109900158,38,113,-75
109900159,144,29,115
109900160,116,42,74
109900161,188,59,129
109900162,137,84,53
109900163,613,284,329
109900164,48,242,-194
109900165,208,10,198
109900166,0,163,-163
109900167,178,440,-262
109900168,174,561,-387
109900169,152,176,-24
109900170,268,677,-409
109900171,124,72,52
109900172,150,192,-42
109900173,3442,1850,1592
109900174,19,128,-109
109900175,66,72,-6
109900176,48,130,-82
109900177,44,226,-182
109900178,1,76,-75
109900179,11,17,-6
109900180,7,16,-9
110000001,899,595,304
110000002,561,615,-54
110000003,864,794,70
110000004,577,542,35
110000005,576,1590,-1014
110000006,452,332,120
110000007,99,147,-48
110000008,18,45,-27
110000009,71,33,38
110000010,28,61,-33
110000011,94,86,8
110000012,681,458,223
110000013,47,563,-516
110000014,557,427,130
110000015,325,487,-162
110000016,282,1415,-1133
110000017,2570,204,2366
110000018,2735,384,2351
110000019,10,95,-85
110000020,363,214,149
110000021,555,430,125
110000022,628,182,446
110000023,1,108,-107
110000024,756,387,369
110000025,229,2,227
110000026,13,278,-265
110000027,1392,393,999
110000028,904,565,339
110000029,607,814,-207
110000030,202,327,-125
110000031,375,604,-229
110000032,708,445,263
110000033,500,47,453
110000034,351,578,-227
110000035,884,536,348
110000036,1226,651,575
110000037,231,442,-211
110000038,244,643,-399
110000039,723,2494,-1771
110000040,342,283,59
110000041,295,1189,-894
110000042,111,201,-90
110000043,821,307,514
110000044,164,75,89
110000045,884,95,789
110000046,8,8,0
110000047,73,12,61
110000048,22,7,15
110000049,149,9,140
110000050,7,10,-3
110000051,115,7,108
110000052,49,34,15
110000053,182,17,165
110000054,326,170,156
110000055,953,70,883
110000056,259,55,204
110000057,401,720,-319
110000058,1198,540,658
110000059,765,504,261
110000060,642,971,-329
110000061,829,843,-14
110000062,664,921,-257
110000063,36,104,-68
110000064,120,81,39
110000065,49,68,-19
110000066,71,38,33
110000067,115,213,-98
110000068,279,283,-4
110000069,154,62,92
110000071,102,94,8
110000073,7,32,-25
110000075,9,102,-93
110000076,234,262,-28
110000077,443,885,-442
110000078,37,50,-13
110000080,271,634,-363
110000081,45,276,-231
110000082,76,360,-284
110000083,263,647,-384
110000084,828,636,192
110000085,2026,1585,441
110000086,1344,1812,-468
110000087,8,45,-37
110000088,49,222,-173
110000089,214,98,116
110000090,114,224,-110
110000091,1307,358,949
110000092,18,85,-67
110000093,59,6,53
110000094,479,252,227
110000095,129,718,-589
110000096,2374,1852,522
110000097,1008,1179,-171
110000098,1987,693,1294
110000099,829,1550,-721
110000100,733,461,272
110000101,18,297,-279
110000102,68,54,14
110000104,323,133,190
110000105,70,262,-192
110000106,628,337,291
110000107,308,321,-13
110000108,118,33,85
110000109,285,287,-2
110000110,2926,3866,-940
110000111,5673,2479,3194
110000112,1044,812,232
110000113,506,1859,-1353
110000114,90,482,-392
110000115,245,276,-31
110000116,38,49,-11
110000117,137,369,-232
110000118,352,187,165
110000119,150,275,-125
110000120,314,164,150
110000121,68,299,-231
110000122,305,533,-228
110000123,501,531,-30
110000124,2,816,-814
110000125,907,7,900
110000126,235,16,219
110000127,945,39,906
110000128,22,1258,-1236
110000129,2,401,-399
110000130,353,176,177
110000131,75,332,-257
110000132,3,648,-645
110000133,41,385,-344
110000134,16,326,-310
110000135,161,30,131
110000136,67,274,-207
110000137,541,532,9
110000138,620,651,-31
110000139,667,1060,-393
110000140,997,541,456
110000143,625,394,231
110000144,4760,1308,3452
110000145,1737,591,1146
110000146,1467,562,905
110000147,301,495,-194
110000148,421,235,186
110000151,841,542,299
110000152,713,353,360
110000153,81,37,44
110000154,48,19,29
110000155,1690,3318,-1628
110000156,938,1871,-933
110000157,1456,1482,-26
110000160,273,291,-18
110000161,109,275,-166
110000166,262,114,148
110000167,728,517,211
110000168,672,435,237
110000169,653,334,319
110000170,69,91,-22
110000171,630,158,472
110000172,135,820,-685
110000173,991,1221,-230
110000174,151,1070,-919
110000175,405,71,334
110000176,34,225,-191
110000177,106,752,-646
110000178,404,924,-520
110000179,1231,409,822
110000180,132,281,-149
110000181,354,433,-79
110000182,335,190,145
110000183,10000,5770,4230
110000184,727,1870,-1143
110000185,1161,774,387
110000186,674,983,-309
110000191,644,345,299
110000192,442,12,430
110000193,642,9,633
110000194,11,1046,-1035
110000195,350,330,20
110000196,270,329,-59
110000197,73,158,-85
110000198,135,67,68
110000199,60,98,-38
110000200,1080,426,654
110000201,594,725,-131
110000202,1165,464,701
110000203,660,735,-75
110000204,2,242,-240
110000205,89,58,31
110000206,534,1288,-754
110000207,604,329,275
110000208,130,184,-54
110000209,118,771,-653
110000210,621,495,126
110000211,659,721,-62
110000212,319,833,-514
110000213,163,59,104
110000214,135,104,31
110000215,164,439,-275
110000216,82,426,-344
110000217,256,191,65
110000218,111,435,-324
110000219,245,55,190
110000220,92,308,-216
110000221,216,68,148
110000222,73,189,-116
110000223,7,77,-70
110000224,58,13,45
110000225,160,585,-425
110000226,226,58,168
110000227,504,541,-37
110000228,354,288,66
110000229,0,235,-235
110000230,458,650,-192
110000231,127,133,-6
110000232,144,191,-47
110000233,182,238,-56
110000234,553,363,190
110000235,1023,948,75
110000236,546,803,-257
110000237,1696,1248,448
110000238,1077,1240,-163
110000239,1769,1156,613
110000240,0,70,-70
110000242,0,18,-18
110000243,92,103,-11
110000244,88,299,-211
110000245,41,410,-369
110000246,599,519,80
110000247,1189,4854,-3665
110000248,2038,1678,360
110000249,98,16,82
110000250,29,264,-235
110000251,257,703,-446
110000252,192,200,-8
110000253,1147,685,462
110000254,624,1201,-577
110000255,242,881,-639
110000256,449,230,219
110000257,661,415,246
110000258,1,429,-428
110000259,84,12,72
110000260,16,292,-276
110000263,492,95,397
110000264,217,473,-256
110000265,889,1420,-531
110000266,1562,1945,-383
110000267,15,164,-149
110000268,223,375,-152
110000269,3,65,-62
110000270,34,1,33
110000271,1758,277,1481
110000272,900,817,83
110000273,2938,1186,1752
110000274,202,1156,-954
110000275,1893,437,1456
110000276,200,245,-45
110000277,171,305,-134
110000278,221,636,-415
110000279,658,557,101
110000280,336,344,-8
110000281,30,187,-157
110000282,255,50,205
110000283,35,81,-46
110000284,48,41,7
110000285,4,312,-308
110000286,18,0,18
110000287,50,3,47
110000288,2,81,-79
110000289,397,1399,-1002
110000290,973,537,436
110000291,5104,1187,3917
110000292,1273,3469,-2196
110000293,442,691,-249
110000294,601,788,-187
110000295,92,752,-660
110000296,307,286,21
110000297,2210,270,1940
110000298,259,653,-394
110000299,418,65,353
110000301,175,25,150
110000302,191,930,-739
110000303,310,9,301
110000304,131,217,-86
110000305,891,22,869
110000306,119,1216,-1097
110000307,1154,3,1151
110000308,486,3,483
110000309,13,747,-734
110000310,542,57,485
110000311,21,607,-586
110000312,426,56,370
110000313,2549,3950,-1401
110000314,0,319,-319
110000315,3402,1993,1409
110000316,480,1101,-621
110000317,446,219,227
110000318,2,91,-89
110000319,12,14,-2
110000320,45,37,8
110000321,22,32,-10
110000322,287,313,-26
110000323,328,163,165
110000324,3417,1263,2154
110000325,2328,2143,185
110000327,506,330,176
110000328,261,355,-94
110000333,664,418,246
110000334,641,1158,-517
110000335,670,448,222
110000336,548,1049,-501
110000337,1060,499,561
110000338,310,181,129
110000339,180,204,-24
110000340,57,197,-140
110000341,418,480,-62
110000342,438,0,438
110000343,0,6,-6
110000344,58,110,-52
110000345,111,90,21
110000346,2023,1488,535
110000347,942,660,282
110000348,53,23,30
110000349,15,28,-13
110000350,38,8,30
110000351,798,660,138
110000352,607,1516,-909
110000353,2503,645,1858
110000354,1112,2461,-1349
110000355,102,98,4
110000356,708,8,700
110000357,250,10,240
110000361,19,47,-28
110000362,20,39,-19
110000363,234,114,120
110000364,129,307,-178
110000365,165,3,162
110000366,0,95,-95
110000367,257,185,72
110000368,1,75,-74
110000369,21,9,12
110000373,5,216,-211
110000374,143,22,121
110000375,70,823,-753
110000376,39,98,-59
110000377,63,467,-404
110000378,27,374,-347
110000379,3028,1335,1693
110000380,43,8,35
110000383,1,791,-790
110000384,2062,524,1538
110000385,1,190,-189
110000387,91,4,87
110000388,22,269,-247
110000389,604,3,601
110000391,443,313,130
110000396,121,139,-18
110000397,92,125,-33
110000398,2,19,-17
110000399,192,4,188
110000587,109,25,84
110000589,177,135,42
110000640,229,80,149
110000652,30,82,-52
110000653,309,388,-79
110000654,111,64,47
110000656,1,607,-606
110000674,55,10,45
110000675,5,2,3
110000676,0,26,-26
110000679,354,835,-481
110000682,76,109,-33
110000683,288,532,-244
110000684,5,43,-38
110000685,12,15,-3
110000686,4,31,-27
110000687,38,1,37
110000688,64,655,-591
110000689,31,50,-19
110000692,93,116,-23
110000693,129,163,-34
110000694,0,169,-169
110000695,189,467,-278
110000696,87,128,-41
110900001,278,15,263
110900002,335,121,214
110900003,554,602,-48
110900004,296,136,160
110900005,3098,1677,1421
110900006,45,18,27
110900007,101,18,83
110900008,12,47,-35
110900009,339,88,251
110900010,6,84,-78
110900011,15,123,-108
110900012,14,103,-89
110900013,786,173,613
110900014,218,8,210
110900015,613,472,141
110900016,45,161,-116
110900017,320,45,275
110900018,341,41,300
110900019,133,15,118
110900020,51,339,-288
110900021,55,509,-454
110900022,50,263,-213
110900023,57,448,-391
110900024,14,372,-358
110900025,1,72,-71
110900027,28,176,-148
110900028,46,133,-87
110900029,17,301,-284
110900030,42,250,-208
110900031,7,166,-159
110900032,1,67,-66
110900033,25,161,-136
110900035,30,540,-510
110900036,45,13,32
110900037,67,26,41
110900038,996,215,781
110900039,8,261,-253
110900040,156,40,116
110900041,5,117,-112
110900042,113,61,52
110900043,0,87,-87
110900044,208,13,195
110900045,21,460,-439
110900046,42,324,-282
110900047,559,213,346
110900049,39,59,-20
110900050,15,4,11
110900051,25,172,-147
110900052,5,172,-167
110900053,68,37,31
110900054,23,196,-173
110900055,30,2,28
110900056,41,90,-49
110900057,13,189,-176
110900058,229,227,2
110900059,537,525,12
110900060,395,106,289
110900061,14,47,-33
110900062,86,203,-117
110900063,51,100,-49
110900064,12,0,12
110900065,346,126,220
110900066,10,104,-94
110900067,362,597,-235
110900068,281,180,101
110900069,3,22,-19
110900070,147,59,88
110900071,245,425,-180
110900073,0,25,-25
110900074,236,117,119
110900075,350,71,279
110900077,512,419,93
110900078,15,98,-83
110900079,1885,864,1021
110900080,127,35,92
110900081,8,66,-58
110900082,103,143,-40
110900083,101,32,69
110900084,61,131,-70
110900085,35,366,-331
110900086,49,217,-168
110900087,222,65,157
110900088,11,0,11
110900090,46,44,2
110900091,0,54,-54
110900093,223,77,146
110900095,73,46,27
110900097,7,22,-15
110900098,29,106,-77
110900099,42,397,-355
110900100,0,21,-21
110900102,72,12,60
110900105,376,302,74
110900108,20,79,-59
110900111,349,103,246
110900112,655,6,649
110900113,481,44,437
110900115,3,78,-75
110900116,559,1834,-1275
110900118,127,2160,-2033
110900119,3649,268,3381
110900120,8,111,-103
110900121,83,0,83
110900122,312,187,125
110900125,230,334,-104
110900127,455,1067,-612
110900128,252,263,-11
110900129,318,559,-241
110900130,1001,461,540
110900131,143,49,94
110900132,214,36,178
110900133,50,207,-157
110900135,44,321,-277
110900136,181,6,175
110900139,16,0,16
110900140,2,0,2
110900141,538,138,400
110900142,30,159,-129
110900143,119,71,48
110900144,3,769,-766
110900145,143,34,109
110900146,333,122,211
110900147,126,344,-218
110900148,6,258,-252
110900149,1,94,-93
110900150,49,24,25
110900151,10,51,-41
110900152,17,250,-233
110900153,98,31,67
111000001,975,529,446
111000002,738,659,79
111000003,1122,1042,80
111000004,711,1045,-334
111000005,1198,1361,-163
111000006,1125,1548,-423
111000007,4036,3582,454
111000008,3440,3751,-311
111000009,355,842,-487
111000010,775,298,477
111000011,401,855,-454
111000012,568,402,166
111000013,389,949,-560
111000014,1110,634,476
111000017,117,784,-667
111000018,248,379,-131
111000020,1344,2702,-1358
111000021,82,103,-21
111000023,101,93,8
111000025,4977,2589,2388
111000029,60,92,-32
111000030,50,88,-38
111000031,1715,1228,487
111000032,517,258,259
111000033,324,302,22
111000034,295,265,30
111000037,2338,1189,1149
111000038,3707,2435,1272
111000039,1767,2368,-601
111000040,1726,2615,-889
111000041,1697,1824,-127
111000042,4163,2809,1354
111000043,1630,2567,-937
111000044,1315,946,369
111000045,1692,1835,-143
111000046,1317,1274,43
111000047,1726,2846,-1120
111000049,424,513,-89
111000050,1854,1740,114
111000051,430,1289,-859
111000052,484,1847,-1363
111000053,366,994,-628
111000054,312,978,-666
111000055,1123,2004,-881
111000056,101,554,-453
111000057,67,674,-607
111000058,315,106,209
111000059,312,291,21
111000060,2924,933,1991
111000061,462,313,149
111000062,562,228,334
111000063,1450,776,674
111000064,430,527,-97
111000065,1003,827,176
111000066,399,312,87
111000067,504,753,-249
111000068,449,1051,-602
111000069,1679,2058,-379
111000070,1778,1163,615
111000071,248,744,-496
111000072,737,381,356
111000073,224,781,-557
111000074,1329,1525,-196
111000075,883,642,241
111000076,452,592,-140
111000077,1547,1771,-224
111000078,2575,1441,1134
111000079,1293,732,561
111000080,426,672,-246
111000081,1768,4013,-2245
111000082,695,743,-48
111000084,778,645,133
111000085,1082,1607,-525
111000086,2771,1455,1316
111000087,718,862,-144
111000088,5312,2063,3249
111000089,683,797,-114
111000090,965,1475,-510
111000091,693,689,4
111000092,925,953,-28
111000093,467,957,-490
111000094,1473,973,500
111000095,536,1897,-1361
111000096,1765,6719,-4954
111000097,4537,1435,3102
111000098,793,1220,-427
111000099,534,2026,-1492
111000100,268,1642,-1374
111000101,325,742,-417
111000102,142,535,-393
111000104,442,183,259
111000107,60,569,-509
111000109,370,281,89
111000110,1418,632,786
111000111,1617,410,1207
111000112,1351,518,833
111000113,901,1148,-247
111000114,2180,2960,-780
111000115,5783,994,4789
111000116,800,850,-50
111000117,494,973,-479
111000118,1287,859,428
111000119,942,1162,-220
111000120,455,606,-151
111000121,307,660,-353
111000122,585,982,-397
111000123,894,2791,-1897
111000124,504,3016,-2512
111000125,219,1677,-1458
111000126,89,812,-723
111000127,703,179,524
111000128,1235,371,864
111000129,2157,431,1726
111000130,1519,687,832
111000131,1157,580,577
111000132,981,563,418
111000133,139,153,-14
111000134,95,102,-7
111000135,24,75,-51
111000136,282,357,-75
111000138,11,4,7
111000140,3,7,-4
111000141,290,367,-77
111000142,27,148,-121
111000143,3,129,-126
111000144,43,172,-129
111000145,2288,26,2262
111000146,132,9,123
111000147,338,55,283
111000148,384,60,324
111000149,27,36,-9
111000150,232,11,221
111000151,9,28,-19
111000153,550,596,-46
111000154,805,199,606
111000155,108,166,-58
111000156,302,485,-183
111000157,208,736,-528
111000158,998,675,323
111000159,2575,732,1843
111000160,313,300,13
111000161,11,255,-244
111000162,82,179,-97
111000163,673,904,-231
111000164,785,3804,-3019
111000165,1167,492,675
111000166,1846,432,1414
111000167,149,489,-340
111000168,222,432,-210
111000169,303,610,-307
111000170,461,466,-5
111000171,372,778,-406
111000172,112,476,-364
111000173,366,1030,-664
111000174,127,433,-306
111000175,48,271,-223
111000176,313,126,187
111000177,228,216,12
111000178,1125,288,837
111000179,158,142,16
111000180,178,354,-176
111000181,715,241,474
111000182,162,234,-72
111000183,179,368,-189
111000184,389,269,120
111000185,270,487,-217
111000186,217,278,-61
111000187,99,210,-111
111000188,146,360,-214
111000189,1094,536,558
111000190,170,451,-281
111000191,116,384,-268
111000192,195,611,-416
111000193,265,333,-68
111000194,40,286,-246
111000195,109,329,-220
111000196,32,236,-204
111000197,307,116,191
111000198,434,86,348
111000199,134,119,15
111000200,222,282,-60
111000201,373,224,149
111000202,168,205,-37
111000203,210,188,22
111000204,359,662,-303
111000213,150,359,-209
111000214,1401,1696,-295
111000215,968,1415,-447
111000217,1251,1092,159
111000218,1086,1005,81
111000219,447,204,243
111000220,2072,611,1461
111000221,854,92,762
111000224,86,479,-393
111000225,339,195,144
111000226,177,2,175
111000227,29,6,23
111000228,22,257,-235
111000229,25,543,-518
111000230,237,417,-180
111000231,763,971,-208
111000232,317,812,-495
111000233,575,759,-184
111000234,89,290,-201
111000239,130,152,-22
111000240,35,156,-121
111000241,23,319,-296
111000242,100,58,42
111000243,89,620,-531
111000244,240,82,158
111000245,724,582,142
111000246,371,436,-65
111000247,223,828,-605
111000248,556,397,159
111000249,418,691,-273
111000250,39,95,-56
111000251,67,93,-26
111000253,4,7,-3
111000255,11,3,8
111000257,26,15,11
111000260,57,980,-923
111000261,871,78,793
111000271,33,223,-190
111000273,5322,1530,3792
111000274,1140,2113,-973
111000275,111,55,56
111000276,265,1897,-1632
111000277,151,360,-209
111000278,543,228,315
111000291,671,4432,-3761
111000298,506,266,240
111000299,591,112,479
111000300,90,562,-472
111000302,200,89,111
111000303,62,188,-126
111000312,31,60,-29
111000315,27,216,-189
111000320,310,583,-273
111000321,300,102,198
111000322,318,423,-105
111000323,156,18,138
111000324,249,230,19
111000325,40,65,-25
111000326,179,384,-205
111000327,360,549,-189
111000328,237,458,-221
111000329,1,39,-38
111000330,53,25,28
111000331,8,9,-1
111000332,473,1399,-926
111000334,330,1477,-1147
111000335,505,233,272
111000337,902,382,520
111000338,36,85,-49
111000339,319,367,-48
111000340,63,619,-556
111000341,941,524,417
111000342,327,474,-147
111000344,712,740,-28
111000345,335,83,252
111000346,18,88,-70
111000347,100,1,99
111000350,134,100,34
111000351,116,190,-74
111000352,109,84,25
111000353,108,191,-83
111000354,440,104,336
111000355,283,486,-203
111000358,150,1253,-1103
111000360,143,724,-581
111000361,80,313,-233
111000546,424,588,-164
111000547,186,440,-254
111000548,69,201,-132
111000549,192,284,-92
111000550,80,574,-494
111000551,538,151,387
111000552,2242,123,2119
111000907,750,9,741
111000908,22,1,21
111000916,1115,243,872
111000917,32,442,-410
111000918,147,825,-678
111000920,423,27,396
111000921,7,324,-317
111000922,242,286,-44
111000924,24,764,-740
111000925,1801,2224,-423
111000926,835,2485,-1650
111000927,2433,4916,-2483
111000928,4548,4170,378
111000929,857,1047,-190
111000930,677,2691,-2014
111000931,1648,2431,-783
111000932,4186,2627,1559
111000933,3117,1857,1260
111000934,2269,3204,-935
111000935,1241,881,360
111000936,1133,2383,-1250
111000937,812,1179,-367
111000938,1744,2315,-571
111000939,383,90,293
111000940,267,142,125
111000941,185,397,-212
111000943,259,235,24
111000944,154,395,-241
111000945,56,1650,-1594
111001109,407,235,172
111001110,212,616,-404
111001111,43,14,29
111001112,191,23,168
111001113,2,213,-211
111001114,1290,154,1136
111001115,126,318,-192
111001116,4300,3480,820
111001117,516,2027,-1511
111001120,63,232,-169
111001121,147,297,-150
111001122,174,583,-409
111001123,209,145,64
111001124,87,238,-151
111001125,2,67,-65
111900001,6,122,-116
111900002,10,676,-666
111900003,4,355,-351
111900004,39,140,-101
111900006,3,21,-18
111900007,68,7,61
111900008,84,0,84
111900009,119,220,-101
111900010,395,600,-205
111900012,78,130,-52
111900013,12,69,-57
111900014,5652,2440,3212
111900015,1,63,-62
111900016,0,132,-132
111900017,1,119,-118
111900018,199,3,196
111900019,4,66,-62
111900020,9,37,-28
111900021,46,118,-72
111900022,8,76,-68
111900023,108,107,1
111900024,5,88,-83
111900025,0,76,-76
111900026,1,92,-91
111900027,7,169,-162
111900028,1,354,-353
111900029,3,117,-114
111900030,40,305,-265
111900031,1,19,-18
111900032,2,376,-374
111900033,5,110,-105
111900034,433,509,-76
111900035,31,219,-188
111900036,2,273,-271
111900038,346,645,-299
111900039,46,406,-360
111900040,3,644,-641
111900042,25,111,-86
111900043,5,404,-399
111900044,284,219,65
111900046,28,169,-141
111900048,87,504,-417
111900049,32,225,-193
111900050,85,15,70
111900051,0,154,-154
111900052,484,563,-79
111900053,985,640,345
111900054,83,3,80
111900055,16,289,-273
111900056,182,206,-24
111900057,53,37,16
111900058,255,666,-411
111900059,1883,319,1564
111900060,215,1,214
111900061,9,110,-101
111900062,10,43,-33
111900063,345,187,158
111900064,91,127,-36
111900065,38,16,22
111900066,65,157,-92
111900067,0,314,-314
111900068,48,19,29
111900069,41,15,26
111900070,91,133,-42
111900071,1,171,-170
111900072,18,10,8
111900073,564,127,437
111900074,8,113,-105
111900075,48,4,44
111900076,106,49,57
111900077,16,3,13
111900078,144,13,131
111900079,33,24,9
111900080,262,228,34
111900082,53,12,41
111900083,73,10,63
111900084,72,12,60
111900085,22,64,-42
111900086,18,3,15
111900087,21,0,21
111900088,417,2,415
111900089,66,3,63
111900090,37,26,11
111900091,42,3,39
111900092,86,0,86
111900093,319,7,312
111900094,79,1,78
111900095,97,16,81
111900096,44,0,44
111900097,20,0,20
111900098,152,0,152
111900099,51,0,51
111900100,40,0,40
111900101,100,27,73
111900102,277,535,-258
111900103,77,54,23
111900104,89,60,29
111900105,250,111,139
111900106,1031,63,968
111900110,1830,330,1500
111900111,81,129,-48
111900112,527,1413,-886
111900113,289,90,199
111900118,273,75,198
111900119,288,127,161
111900122,66,71,-5
111900123,31,26,5
111900124,22,118,-96
111900125,343,23,320
111900126,163,14,149
111900127,2,659,-657
111900128,3,548,-545
111900129,201,6,195
111900130,203,20,183
111900131,347,1,346
111900132,21,1003,-982
111900133,11,280,-269
111900134,6,225,-219
111900135,5,22,-17
111900136,69,114,-45
111900137,70,62,8
111900138,33,105,-72
111900139,10,165,-155
111900140,52,14,38
111900141,32,7,25
111900142,54,17,37
111900143,12,194,-182
111900144,0,59,-59
111900145,2,411,-409
111900146,4,215,-211
111900147,125,416,-291
111900148,15,585,-570
111900149,8,259,-251
111900150,9,119,-110
111900151,3,36,-33
111900152,81,58,23
111900153,1223,300,923
111900154,7,125,-118
111900155,26,45,-19
111900156,25,51,-26
111900157,62,17,45
111900158,359,24,335
111900159,164,6,158
111900160,131,3,128
111900161,80,2,78
111900162,74,135,-61
111900163,31,234,-203
111900164,68,43,25
111901113,287,148,139
111901114,115,184,-69
111901115,61,0,61
111901116,19,0,19
111901117,13,23,-10
111901118,133,132,1
111901119,957,65,892
111901121,233,276,-43
111901122,2,549,-547
111901123,112,389,-277
111901124,121,1,120
111901125,249,218,31
111901127,512,328,184
111901128,11,56,-45
111901129,2,121,-119
111901130,8,158,-150
111901131,2,197,-195
111901132,106,18,88
111901133,33,4,29
111901134,32,0,32
111901135,6,4,2
111901136,20,41,-21
111901137,0,24,-24
111901138,185,60,125
111901139,9,28,-19
111901140,5,105,-100
111901141,3,185,-182
111901142,1,151,-150
111901143,2,82,-80
111901144,39,34,5
111901145,143,275,-132
111901146,460,26,434
111901147,486,81,405
111901148,10,41,-31
112000001,1533,813,720
112000002,773,2556,-1783
112000003,897,804,93
112000004,542,1257,-715
112000005,2338,2585,-247
112000006,2107,2075,32
112000007,2137,1499,638
112000008,2275,3380,-1105
112000009,3775,3834,-59
112000010,2949,2702,247
112000011,2477,2173,304
112000012,5323,2805,2518
112000013,6408,3274,3134
112000014,3984,749,3235
112000015,4590,2784,1806
112000016,7591,825,6766
112000017,3452,1281,2171
112000024,2282,900,1382
112000026,4191,5136,-945
112000027,839,503,336
112000028,1918,1636,282
112000029,391,646,-255
112000030,196,127,69
112000031,1517,4143,-2626
112000032,520,51,469
112000033,2378,996,1382
112000034,418,40,378
112000035,83,213,-130
112000036,1350,630,720
112000037,1137,602,535
112000038,1268,715,553
112000039,47,59,-12
112000040,83,257,-174
112000041,591,465,126
112000042,1152,344,808
112000050,1304,1720,-416
112000051,742,1076,-334
112000054,2011,2534,-523
112000057,356,382,-26
112000058,342,525,-183
112000059,615,733,-118
112000061,3719,2384,1335
112000062,1759,521,1238
112000063,1254,1744,-490
112000064,4081,5709,-1628
112000065,2279,2491,-212
112000066,3524,1330,2194
112000067,895,633,262
112000068,3011,1924,1087
112000069,809,1561,-752
112000070,1731,731,1000
112000071,1075,2396,-1321
112000072,1835,829,1006
112000073,1705,1710,-5
112000074,1464,746,718
112000075,1418,1106,312
112000076,3436,2562,874
112000077,494,593,-99
112000078,1451,564,887
112000079,1163,1163,0
112000080,556,822,-266
112000081,1661,2211,-550
112000082,1325,752,573
112000083,694,1247,-553
112000084,1117,881,236
112000085,1215,1120,95
112000086,1641,1491,150
112000087,307,429,-122
112000088,519,634,-115
112000089,279,311,-32
112000090,208,288,-80
112000091,662,1196,-534
112000092,1494,1197,297
112000093,1413,948,465
112000094,460,889,-429
112000095,657,806,-149
112000096,442,739,-297
112000097,968,420,548
112000098,1000,1063,-63
112000099,605,1016,-411
112000100,1245,873,372
112000101,431,935,-504
112000102,955,537,418
112000103,294,1026,-732
112000105,639,1666,-1027
112000106,1412,415,997
112000107,67,138,-71
112000108,263,1814,-1551
112000109,139,73,66
112000110,1531,577,954
112000111,1145,3108,-1963
112000112,3105,580,2525
112000113,858,1695,-837
112000114,2075,915,1160
112000115,310,388,-78
112000116,338,810,-472
112000117,1002,736,266
112000118,1133,826,307
112000119,412,868,-456
112000120,84,435,-351
112000121,123,568,-445
112000122,209,149,60
112000123,501,186,315
112000124,257,58,199
112000125,152,147,5
112000126,146,597,-451
112000127,2076,1539,537
112000128,918,649,269
112000129,118,81,37
112000130,157,80,77
112000131,55,403,-348
112000132,94,255,-161
112000133,360,313,47
112000134,337,314,23
112000135,919,683,236
112000136,1023,1012,11
112000137,1348,1304,44
112000138,1831,1066,765
112000139,981,429,552
112000140,1014,1037,-23
112000141,606,364,242
112000142,301,580,-279
112000143,953,255,698
112000144,334,1408,-1074
112000145,1870,538,1332
112000146,578,2252,-1674
112000147,1884,1762,122
112000148,1782,2536,-754
112000149,310,643,-333
112000150,221,506,-285
112000151,288,463,-175
112000152,238,473,-235
112000153,209,237,-28
112000154,81,178,-97
112000155,179,94,85
112000157,779,583,196
112000158,211,569,-358
112000159,406,350,56
112000167,287,83,204
112000169,446,393,53
112000173,538,186,352
112000175,376,395,-19
112000176,3264,2450,814
112000177,440,128,312
112000178,61,475,-414
112000179,175,111,64
112000180,220,343,-123
112000181,1191,2114,-923
112000182,830,1893,-1063
112000183,35,51,-16
112000184,327,415,-88
112000185,384,599,-215
112000187,3281,2096,1185
112000195,137,16,121
112000196,195,0,195
112000197,129,117,12
112000198,26,261,-235
112000199,1158,963,195
112000202,287,0,287
112000216,68,245,-177
112000230,77,10,67
112000231,2,186,-184
112000256,29,189,-160
112000313,119,115,4
112000314,66,16,50
112000337,240,456,-216
112000352,441,270,171
112000392,1368,1377,-9
112000398,1036,768,268
112000399,3648,1752,1896
112000400,1636,3698,-2062
112000401,2776,2865,-89
112000402,2291,2276,15
112000403,2855,2658,197
112000404,550,564,-14
112000405,1470,2541,-1071
112000406,3823,3201,622
112000407,5093,6896,-1803
112000408,8347,7674,673
112000409,1713,5306,-3593
112000410,361,159,202
112000411,3933,1044,2889
112000412,1253,473,780
112000413,8366,4151,4215
112000414,86,92,-6
112000415,73,45,28
112000416,1892,1230,662
112000417,214,51,163
112000421,34,123,-89
112000422,394,395,-1
112000424,2601,2400,201
112000425,399,1039,-640
112000426,92,321,-229
112000427,0,6,-6
112000428,214,449,-235
112000429,2199,2977,-778
112000430,2640,3138,-498
112000431,133,133,0
112000432,426,1421,-995
112000433,446,800,-354
112000437,53,293,-240
112900001,43,2,41
112900002,286,1102,-816
112900003,35,426,-391
112900004,54,186,-132
112900005,139,247,-108
112900006,5,341,-336
112900007,44,225,-181
112900008,5,28,-23
112900009,352,79,273
112900010,265,738,-473
112900011,218,241,-23
112900012,0,29,-29
112900013,1,127,-126
112900014,4,194,-190
112900015,282,771,-489
112900016,4,228,-224
112900017,13,213,-200
112900018,1,251,-250
112900019,42,134,-92
112900020,380,1253,-873
112900021,1,307,-306
112900022,5,79,-74
112900023,1,193,-192
112900024,32,185,-153
112900025,60,267,-207
112900026,7,269,-262
112900027,4,1246,-1242
112900028,42,112,-70
112900029,4,596,-592
112900030,198,206,-8
112900031,1,495,-494
112900032,116,312,-196
112900034,1,38,-37
112900035,0,357,-357
112900036,40,122,-82
112900037,169,138,31
112900038,442,109,333
112900039,16,257,-241
112900040,5,274,-269
112900041,820,961,-141
112900042,46,282,-236
112900043,14,23,-9
112900044,459,457,2
112900045,368,237,131
112900046,185,69,116
112900047,17,8,9
112900049,155,80,75
112900050,42,528,-486
112900051,306,536,-230
112900052,2,779,-777
112900053,249,98,151
112900054,191,38,153
112900055,157,24,133
112900056,308,133,175
112900057,27,530,-503
112900058,232,261,-29
112900059,58,128,-70
112900060,10,200,-190
112900061,66,129,-63
112900062,55,163,-108
112900063,144,15,129
112900064,159,234,-75
112900065,62,24,38
112900066,162,162,0
112900067,390,176,214
112900068,35,37,-2
112900069,2005,601,1404
112900071,31,9,22
112900072,231,1544,-1313
112900073,204,56,148
112900074,72,209,-137
112900075,1524,792,732
112900076,119,19,100
112900078,221,406,-185
112900079,140,25,115
112900080,30,6,24
112900081,50,162,-112
112900082,582,23,559
112900083,88,68,20
112900084,236,91,145
112900086,38,0,38
112900087,475,81,394
112900088,102,18,84
112900089,644,33,611
112900090,18,14,4
112900091,154,3,151
112900092,118,185,-67
112900093,821,12,809
112900095,23,2,21
112900096,337,130,207
112900097,34,277,-243
112900098,96,0,96
112900099,686,9,677
112900100,53,3,50
112900101,174,3,171
112900102,107,5,102
112900103,125,4,121
112900104,515,0,515
112900105,12,0,12
112900106,388,116,272
112900107,3,3,0
112900108,81,0,81
112900109,77,1,76
112900110,746,2,744
112900111,580,0,580
112900112,182,2,180
112900113,0,16,-16
112900114,128,34,94
112900115,889,2,887
112900116,105,24,81
112900117,97,86,11
112900118,20,92,-72
112900119,98,4,94
112900120,713,229,484
112900121,145,207,-62
112900122,12,104,-92
112900123,138,23,115
112900124,12,94,-82
112900125,34,313,-279
112900126,154,189,-35
112900127,363,62,301
112900128,327,684,-357
112900129,2,925,-923
112900130,200,38,162
112900131,28,230,-202
112900132,94,389,-295
112900133,26,1050,-1024
112900134,2,222,-220
112900135,107,31,76
112900137,1,610,-609
112900138,4,343,-339
112900139,220,1175,-955
112900141,600,26,574
112900142,69,127,-58
112900143,52,511,-459
112900144,0,247,-247
112900145,37,450,-413
112900146,3,1151,-1148
112900147,4,1811,-1807
112900148,46,1,45
112900149,211,443,-232
112900151,22,75,-53
112900152,3905,855,3050
112900153,1734,1625,109
112900154,0,100,-100
112900155,155,30,125
112900156,179,1256,-1077
112900157,323,74,249
112900158,34,19,15
112900159,132,79,53
112900160,60,261,-201
112900161,111,25,86
112900162,20,11,9
112900163,90,22,68
112900164,30,145,-115
112900165,82,34,48
112900166,11,39,-28
112900167,3,38,-35
112900168,3,0,3
112900169,14,14,0
112900170,59,89,-30
112900172,62,19,43
112900173,189,71,118
112900174,254,39,215
112900175,132,106,26
112900176,14,17,-3
112900177,201,51,150
112900178,579,2267,-1688
112900179,33,423,-390
112900180,1775,1509,266
112900181,426,2,424
112900182,65,1150,-1085
112900183,114,248,-134
112900184,468,348,120
112900185,255,404,-149
112900186,1300,746,554
112900187,84,363,-279
112900188,812,228,584
112900189,4,33,-29
112900190,4,65,-61
112900192,480,449,31
112900193,1137,279,858
112900194,30,148,-118
112900195,810,28,782
112900196,206,377,-171
112900197,149,332,-183
112900199,509,534,-25
112900200,343,224,119
112900201,37,62,-25
112900202,241,819,-578
112900203,153,251,-98
112900204,891,441,450
112900205,4,11,-7
112900206,21,88,-67
112900207,21,0,21
112900208,67,206,-139
112900209,517,357,160
112900210,3,35,-32
112900211,47,97,-50
112900212,1,106,-105
112900213,41,21,20
112900214,35,20,15
112900215,8,201,-193
112900216,33,87,-54
112900217,0,69,-69
112900218,44,15,29
112900219,41,8,33
112900220,1,0,1
112900221,17,81,-64
112900222,0,14,-14
112900223,895,8,887
112900224,219,493,-274
112900225,320,409,-89
112900226,190,261,-71
112900227,404,1391,-987
112900228,48,17,31
112900229,122,79,43
112900230,6228,3231,2997
112900232,135,204,-69
112900233,62,148,-86
112900234,13,103,-90
112900235,113,27,86
112900236,238,17,221
112900237,182,324,-142
112900238,1,58,-57
112900239,946,372,574
112900240,5,91,-86
112900241,26,106,-80
112900242,1,125,-124
112900243,6,95,-89
112900244,1,71,-70
112900245,1,24,-23
112900246,0,9,-9
112900247,67,19,48
112900248,10,1,9
112900249,27,5,22
112900250,40,13,27
112900251,33,15,18
112900252,26,23,3
112900253,21,10,11
112900254,8,2,6
112900255,0,14,-14
112900256,1,17,-16
112900257,12,17,-5
113000001,5115,6933,-1818
113000002,3369,3854,-485
113000003,1772,2899,-1127
113000004,2091,2841,-750
113000005,1675,1277,398
113000006,1208,1707,-499
113000007,2470,1455,1015
113000008,2071,1982,89
113000009,798,982,-184
113000010,1030,1732,-702
113000011,699,1549,-850
113000012,1287,941,346
113000013,1517,666,851
113000014,1826,1257,569
113000015,659,176,483
113000016,409,532,-123
113000017,46,241,-195
113000018,555,51,504
113000019,110,227,-117
113000020,418,40,378
113000021,2172,660,1512
113000022,615,1035,-420
113000025,159,296,-137
113000026,502,382,120
113000027,1176,467,709
113000028,1221,260,961
113000029,753,710,43
113000030,385,636,-251
113000031,299,327,-28
113000032,231,348,-117
113000033,291,475,-184
113000034,397,398,-1
113000035,31,41,-10
113000036,15,43,-28
113000037,73,56,17
113000038,5,57,-52
113000039,68,681,-613
113000040,61,146,-85
113000042,874,535,339
113000051,875,2769,-1894
113000052,1883,1224,659
113000053,291,525,-234
113000054,296,883,-587
113000055,1045,769,276
113000056,786,1077,-291
113000058,815,852,-37
113000059,1059,684,375
113000060,234,572,-338
113000061,518,953,-435
113000062,1076,280,796
113000063,145,144,1
113000064,60,359,-299
113000065,177,909,-732
113000066,556,109,447
113000067,1666,1405,261
113000068,357,1609,-1252
113000069,503,1359,-856
113000070,1796,997,799
113000071,299,668,-369
113000072,616,493,123
113000073,436,1528,-1092
113000074,1075,535,540
113000075,1952,770,1182
113000076,1009,1776,-767
113000077,1268,493,775
113000078,869,2420,-1551
113000079,1053,806,247
113000080,823,561,262
113000081,661,787,-126
113000082,1236,776,460
113000083,554,954,-400
113000084,1619,1292,327
113000085,872,734,138
113000086,1208,1558,-350
113000087,958,892,66
113000088,2549,1470,1079
113000089,867,1581,-714
113000090,287,601,-314
113000091,551,352,199
113000094,1460,215,1245
113000095,288,868,-580
113000096,199,725,-526
113000097,1146,327,819
113000098,99,29,70
113000099,1219,346,873
113000100,144,378,-234
113000101,495,508,-13
113000102,570,426,144
113000103,2786,624,2162
113000104,370,2715,-2345
113000105,477,431,46
113000106,348,532,-184
113000107,832,893,-61
113000108,990,1550,-560
113000109,613,5030,-4417
113000110,1661,445,1216
113000111,159,959,-800
113000112,400,324,76
113000113,1404,314,1090
113000114,307,2007,-1700
113000116,672,265,407
113000117,799,126,673
113000118,150,555,-405
113000119,456,304,152
113000120,79,303,-224
113000121,708,761,-53
113000124,196,122,74
113000125,57,701,-644
113000127,2757,449,2308
113000128,523,712,-189
113000129,637,1381,-744
113000133,2695,1485,1210
113000134,9,1256,-1247
113000135,3344,3839,-495
113000137,1769,2982,-1213
113000139,324,168,156
113000140,142,217,-75
113000141,261,188,73
113000142,628,899,-271
113000143,225,188,37
113000144,382,644,-262
113000145,42,103,-61
113000146,122,98,24
113000147,149,111,38
113000148,118,112,6
113000149,95,123,-28
113000150,569,377,192
113000151,76,75,1
113000152,32,94,-62
113000153,1514,697,817
113000154,703,1671,-968
113000155,301,554,-253
113000156,168,410,-242
113000157,308,1012,-704
113000158,579,217,362
113000159,814,825,-11
113000160,702,1303,-601
113000161,240,526,-286
113000162,661,480,181
113000163,105,52,53
113000164,36,83,-47
113000166,113,117,-4
113000167,27,78,-51
113000168,50,115,-65
113000169,113,72,41
113000170,86,111,-25
113000171,62,94,-32
113000172,216,73,143
113000173,28,30,-2
113000174,84,465,-381
113000175,367,138,229
113000176,415,122,293
113000177,112,384,-272
113000178,169,301,-132
113000179,289,178,111
113000180,840,1394,-554
113000181,1530,1210,320
113000182,269,532,-263
113000183,171,501,-330
113000184,13,136,-123
113000189,491,916,-425
113000190,1008,520,488
113000192,2760,1516,1244
113000193,5674,1237,4437
113000194,2816,960,1856
113000195,2722,752,1970
113000196,397,74,323
113000197,2202,1195,1007
113000198,61,279,-218
113000199,1233,277,956
113000201,1513,351,1162
113000202,3595,3973,-378
113000203,362,210,152
113000204,2194,1504,690
113000205,30,20,10
113000206,15,37,-22
113000207,40,18,22
113000208,26,46,-20
113000209,36,21,15
113000210,4,37,-33
113000211,330,203,127
113000212,170,22,148
113000213,43,276,-233
113000214,179,313,-134
113000234,165,985,-820
113000410,333,206,127
113000411,2896,4432,-1536
113000412,8913,2893,6020
113000413,3791,3165,626
113000414,8222,12085,-3863
113000415,2584,3167,-583
113000416,8408,4384,4024
113000417,2670,3594,-924
113000418,3821,2806,1015
113000419,1584,1800,-216
113000420,3705,5164,-1459
113000421,3756,5921,-2165
113000422,11752,10924,828
113000423,2333,4665,-2332
113000424,3615,10228,-6613
113000425,10,149,-139
113000428,114,37,77
113000430,60,46,14
113000432,2207,167,2040
113000433,98,833,-735
113000434,21,205,-184
113000435,26,563,-537
113000436,72,950,-878
113000437,642,11,631
113000438,254,10,244
113000439,32,143,-111
113000440,122,30,92
113000441,210,260,-50
113000442,124,183,-59
113000443,146,235,-89
113000444,173,208,-35
113000445,100,149,-49
113000446,27,109,-82
113000448,240,204,36
113000449,252,1701,-1449
113000450,590,5970,-5380
113000451,1272,204,1068
113000452,613,976,-363
113000453,116,311,-195
113000454,3287,83,3204
113000455,67,155,-88
113000456,3552,2469,1083
113000468,2155,329,1826
113000469,262,104,158
113000470,378,44,334
113000471,15,402,-387
113000472,88,341,-253
113000474,438,740,-302
113000475,1564,1817,-253
113000476,1100,1733,-633
113000477,2233,1983,250
113000478,4036,6712,-2676
113000479,57,210,-153
113000483,0,1,-1
113000484,0,0,0
113000485,0,0,0
113000486,6,0,6
113000487,0,3,-3
113000488,0,0,0
113000489,0,2,-2
113000490,0,0,0
113000491,3,12,-9
113000492,1,0,1
113000493,0,0,0
113000495,158,160,-2
113000496,96,103,-7
113000499,0,0,0
113900001,6,293,-287
113900002,1,122,-121
113900003,1,130,-129
113900004,2,92,-90
113900005,1,98,-97
113900006,3,21,-18
113900007,641,50,591
113900008,434,1,433
113900009,610,3,607
113900010,838,5,833
113900011,92,1,91
113900012,17,1,16
113900013,2543,20,2523
113900014,853,3,850
113900015,1,53,-52
113900016,31,0,31
113900017,2,46,-44
113900018,393,140,253
113900019,91,37,54
113900020,80,3,77
113900022,8,0,8
113900023,75,0,75
113900024,52,74,-22
113900025,237,10,227
113900026,32,0,32
113900027,6,76,-70
113900028,16,411,-395
113900029,35,188,-153
113900030,179,6,173
113900031,4,2,2
113900032,12,1,11
113900033,79,74,5
113900035,53,0,53
113900036,24,81,-57
113900037,103,457,-354
113900038,83,70,13
113900039,137,7,130
113900040,11,3,8
113900041,3,9,-6
113900042,74,44,30
113900043,252,140,112
113900044,343,240,103
113900045,67,3,64
113900046,194,581,-387
113900047,67,78,-11
113900048,238,79,159
113900049,626,320,306
113900050,203,268,-65
113900051,192,404,-212
113900052,110,186,-76
113900053,438,571,-133
113900054,12,2,10
113900055,100,440,-340
113900056,31,171,-140
113900057,10,79,-69
113900058,36,177,-141
113900059,153,308,-155
113900060,140,271,-131
113900061,938,206,732
113900062,91,19,72
113900063,87,107,-20
113900064,19,134,-115
113900065,657,20,637
113900066,254,360,-106
113900067,67,173,-106
113900068,462,420,42
113900069,76,30,46
113900070,143,389,-246
113900071,74,52,22
113900072,57,200,-143
113900073,191,416,-225
113900074,54,246,-192
113900075,1193,1316,-123
113900076,115,4,111
113900077,59,176,-117
113900078,50,37,13
113900079,2,35,-33
113900080,395,162,233
113900081,51,197,-146
113900082,168,242,-74
113900083,176,364,-188
113900084,227,119,108
113900085,32,267,-235
113900086,17,9,8
113900087,44,148,-104
113900088,50,85,-35
113900089,392,45,347
113900090,548,301,247
113900091,18,12,6
113900092,46,83,-37
113900093,81,673,-592
113900094,205,238,-33
113900095,132,106,26
113900096,152,18,134
113900097,53,105,-52
113900098,495,83,412
113900099,0,69,-69
113900100,0,2,-2
113900101,23,57,-34
113900102,149,113,36
113900103,262,160,102
113900104,90,220,-130
113900105,64,204,-140
113900106,0,58,-58
113900107,1,17,-16
113900108,235,180,55
113900109,280,175,105
113900110,50,16,34
113900111,132,68,64
113900112,97,77,20
113900113,707,460,247
113900114,1,107,-106
113900115,1,71,-70
113900116,95,120,-25
113900117,102,29,73
113900118,130,162,-32
113900119,231,450,-219
113900120,70,39,31
113900121,42,78,-36
113900122,280,1862,-1582
113900123,422,256,166
113900124,2,65,-63
113900125,1143,113,1030
113900126,120,48,72
113900127,318,584,-266
113900128,133,58,75
113900129,10,161,-151
113900130,1,24,-23
113900131,180,79,101
113900132,93,47,46
113900133,25,51,-26
113900135,367,360,7
113900136,98,67,31
113900137,368,270,98
113900138,55,124,-69
113900139,319,136,183
113900140,316,259,57
113900141,428,384,44
113900142,122,54,68
113900143,7,30,-23
113900144,374,184,190
113900145,342,147,195
113900146,92,34,58
113900148,142,298,-156
113900149,171,72,99
113900150,818,582,236
113900151,268,213,55
113900152,6,51,-45
113900153,353,597,-244
113900154,4,129,-125
113900155,200,122,78
113900156,254,419,-165
113900157,38,225,-187
113900158,461,288,173
113900159,15,249,-234
113900160,433,540,-107
113900161,75,184,-109
113900162,640,664,-24
113900163,278,269,9
113900164,245,37,208
113900165,674,388,286
113900166,136,128,8
113900167,185,34,151
113900168,123,94,29
113900169,292,311,-19
113900171,172,46,126
113900172,9,173,-164
113900173,43,605,-562
113900174,345,578,-233
113900175,238,114,124
113900176,213,615,-402
113900177,348,194,154
113900178,215,90,125
113900179,14,555,-541
113900180,152,87,65
113900181,645,87,558
113900182,643,924,-281
113900183,57,70,-13
113900184,14,561,-547
113900185,195,71,124
113900186,28,37,-9
113900187,32,123,-91
113900188,58,126,-68
113900189,259,123,136
113900190,296,119,177
113900191,86,164,-78
113900192,5,380,-375
113900193,27,233,-206
113900194,1856,1039,817
113900195,318,404,-86
113900196,5,115,-110
113900197,1,230,-229
113900198,31,134,-103
113900199,127,706,-579
113900200,14,225,-211
113900201,0,200,-200
113900202,38,326,-288
113900203,0,121,-121
113900204,47,526,-479
113900205,16,167,-151
113900206,3,146,-143
113900207,2,73,-71
113900208,0,54,-54
113900209,1,71,-70
113900210,530,618,-88
113900211,158,54,104
113900212,226,470,-244
113900214,431,369,62
113900215,81,98,-17
113900216,83,895,-812
113900217,62,255,-193
113900218,113,44,69
113900219,78,337,-259
113900220,131,126,5
113900221,264,85,179
113900222,231,414,-183
113900223,91,934,-843
113900224,80,70,10
113900225,471,214,257
113900226,265,84,181
113900227,233,215,18
113900228,264,421,-157
113900229,64,487,-423
113900230,4168,2368,1800
113900231,195,202,-7
113900232,68,93,-25
113900233,100,48,52
113900234,285,474,-189
113900235,98,30,68
113900236,76,372,-296
113900237,122,4,118
113900238,214,619,-405
113900239,80,95,-15
113900240,3,125,-122
113900241,133,52,81
113900242,36,120,-84
113900243,122,428,-306
113900244,380,207,173
113900245,1178,224,954
113900246,9,23,-14
113900247,182,342,-160
113900248,2786,1677,1109
113900249,931,391,540
113900250,37,133,-96
113900251,632,180,452
113900252,477,17,460
113900253,689,59,630
113900254,758,123,635
113900255,433,13,420
113900256,359,27,332
113900257,33,616,-583
113900258,18,418,-400
113900259,488,193,295
113900260,171,16,155
113900261,27,88,-61
113900262,135,578,-443
113900263,137,567,-430
113900264,5,460,-455
113900265,121,248,-127
113900266,29,196,-167
113900267,116,390,-274
113900268,256,363,-107
113900269,50,146,-96
113900270,290,379,-89
113900271,525,1138,-613
113900273,99,12,87
113900274,49,30,19
113900275,16,37,-21
113900276,0,176,-176
113900277,93,2,91
113900278,239,217,22
113900279,71,59,12
113900280,1348,381,967
113900281,584,1278,-694
113900282,677,541,136
113900283,300,482,-182
113900284,864,127,737
113900285,121,29,92
113900286,11,112,-101
113900287,20,21,-1
113900288,3,109,-106
113900289,918,80,838
113900290,340,160,180
113900291,102,192,-90
113900292,9,6,3
113900293,1,208,-207
113900294,474,19,455
113900295,384,390,-6
113900296,1970,298,1672
113900297,1889,37,1852
113900298,20,1580,-1560
113900299,48,213,-165
113900300,4980,2782,2198
113900301,776,366,410
113900302,2421,893,1528
113900303,542,347,195
113900304,4,137,-133
113900305,73,0,73
113900306,33,1,32
113900307,118,0,118
113900308,86,97,-11
113900309,4,936,-932
113900310,1,15,-14
113900311,4,0,4
113900312,188,169,19
113900313,36,8,28
114000001,1030,3107,-2077
114000002,190,273,-83
114000003,38,213,-175
114000004,315,240,75
114000005,136,156,-20
114000006,2717,2003,714
114000007,515,1037,-522
114000008,1732,1499,233
114000009,534,189,345
114000011,2423,3225,-802
114000012,1914,2135,-221
114000013,1361,1682,-321
114000014,367,275,92
114000015,1542,426,1116
114000016,191,322,-131
114000017,85,228,-143
114000018,280,41,239
114000026,1304,1340,-36
114000027,2644,1904,740
114000028,2157,2411,-254
114000038,171,118,53
114000039,113,55,58
114000040,76,196,-120
114000042,129,252,-123
114000043,92,109,-17
114000044,120,45,75
114000045,26,53,-27
114000046,2853,4434,-1581
114000047,35,44,-9
114000048,70,37,33
114000049,1468,1365,103
114000050,1543,2144,-601
114000051,3264,1715,1549
114000052,4330,1337,2993
114000053,72,512,-440
114000054,147,945,-798
114000055,404,21,383
114000056,1045,717,328
114000057,7144,2104,5040
114000058,511,1037,-526
114000059,234,299,-65
114000060,862,722,140
114000061,3784,2126,1658
114000062,2220,958,1262
114000063,3068,1501,1567
114000064,5950,3203,2747
114000065,1715,2583,-868
114000066,457,659,-202
114000067,19,538,-519
114000068,388,519,-131
114000069,912,449,463
114000070,2106,1593,513
114000071,603,498,105
114000072,327,272,55
114000073,20,80,-60
114000074,30,13,17
114000075,30,146,-116
114000076,17,102,-85
114000077,9,34,-25
114000078,160,527,-367
114000079,105,24,81
114000080,71,92,-21
114000081,61,78,-17
114000082,40,440,-400
114000083,52,201,-149
114000084,247,41,206
114000085,112,602,-490
114000086,205,399,-194
114000087,70,181,-111
114000088,28,56,-28
114000089,1099,370,729
114000090,630,643,-13
114000091,1484,687,797
114000092,801,394,407
114000093,913,647,266
114000094,410,348,62
114000095,262,121,141
114000096,128,396,-268
114000097,114,718,-604
114000098,412,63,349
114000099,468,643,-175
114000100,1090,651,439
114000101,285,971,-686
114000102,420,307,113
114000103,110,414,-304
114000104,3,252,-249
114000105,114,83,31
114000106,772,798,-26
114000107,283,104,179
114000108,1911,1023,888
114000109,377,914,-537
114000110,522,1391,-869
114000111,1162,603,559
114000112,513,1648,-1135
114000113,1018,381,637
114000114,1120,1289,-169
114000115,1947,750,1197
114000116,645,1213,-568
114000117,2203,400,1803
114000118,1912,372,1540
114000119,1483,322,1161
114000120,552,859,-307
114000121,455,770,-315
114000122,482,269,213
114000123,1448,334,1114
114000124,989,269,720
114000125,780,1318,-538
114000126,1121,193,928
114000127,185,167,18
114000128,744,474,270
114000130,553,448,105
114000131,210,98,112
114000132,571,622,-51
114000133,694,1273,-579
114000134,48,152,-104
114000138,52,169,-117
114000139,497,224,273
114000144,614,416,198
114000145,56,190,-134
114000146,97,294,-197
114000147,1155,1370,-215
114000148,1921,1625,296
114000149,383,260,123
114000150,651,549,102
114000151,650,1089,-439
114000152,186,31,155
114000153,882,1408,-526
114000154,744,573,171
114000155,1007,2170,-1163
114000156,875,455,420
114000157,345,876,-531
114000158,1566,613,953
114000159,145,366,-221
114000160,97,258,-161
114000161,1609,2370,-761
114000162,988,1628,-640
114000163,7,108,-101
114000165,433,206,227
114000166,553,312,241
114000167,3591,1329,2262
114000168,707,536,171
114000169,1505,974,531
114000170,1075,919,156
114000171,884,2626,-1742
114000174,204,443,-239
114000176,686,333,353
114000177,1927,857,1070
114000178,47,68,-21
114000179,1216,722,494
114000180,413,650,-237
114000181,1611,2910,-1299
114000182,4727,2417,2310
114000183,771,1021,-250
114000184,5375,1371,4004
114000185,1010,807,203
114000189,600,81,519
114000190,1897,339,1558
114000191,28,71,-43
114000192,250,1493,-1243
114000193,901,3068,-2167
114000194,1193,1023,170
114000195,118,18,100
114000196,0,247,-247
114000197,992,66,926
114000198,1367,365,1002
114000199,2012,1510,502
114000200,747,1736,-989
114000201,244,849,-605
114000202,934,526,408
114000203,429,725,-296
114000204,137,421,-284
114000205,163,1476,-1313
114000206,520,1296,-776
114000207,692,1907,-1215
114000208,399,2800,-2401
114000209,454,2555,-2101
114000210,306,1569,-1263
114000211,1062,1542,-480
114000212,606,734,-128
114000213,1210,579,631
114000214,87,177,-90
114000215,183,88,95
114000216,1416,265,1151
114000217,191,266,-75
114000218,92,249,-157
114000219,1114,262,852
114000220,28,1138,-1110
114000221,642,194,448
114000222,132,969,-837
114000223,381,97,284
114000224,73,626,-553
114000225,189,575,-386
114000226,109,226,-117
114000227,865,393,472
114000228,678,804,-126
114000229,923,1172,-249
114000230,1378,1256,122
114000231,726,1218,-492
114000232,574,95,479
114000233,1708,138,1570
114000234,1213,841,372
114000235,979,1507,-528
114000236,0,611,-611
114000237,85,886,-801
114000238,186,201,-15
114000239,136,1257,-1121
114000240,661,667,-6
114000241,257,975,-718
114000242,1023,912,111
114000243,1247,839,408
114000244,658,451,207
114000245,257,646,-389
114000246,292,34,258
114000247,710,627,83
114000248,960,545,415
114000249,438,502,-64
114000250,385,670,-285
114000251,269,337,-68
114000252,67,68,-1
114000253,74,102,-28
114000254,31,57,-26
114000255,624,155,469
114000256,1869,1412,457
114000257,442,1341,-899
114000258,306,293,13
114000259,109,200,-91
114000260,0,28,-28
114000261,41,40,1
114000262,108,129,-21
114000263,19,1,18
114000264,817,507,310
114000265,0,4,-4
114000267,2,1484,-1482
114000268,1,1768,-1767
114000270,201,2,199
114000271,628,53,575
114000283,912,331,581
114000285,44,289,-245
114000288,63,334,-271
114000289,958,140,818
114000293,114,505,-391
114000294,165,284,-119
114000395,1785,55,1730
114000396,427,426,1
114000402,367,300,67
114000403,327,361,-34
114000405,133,492,-359
114000423,220,396,-176
114000424,299,117,182
114000425,444,362,82
114000426,260,757,-497
114000427,33,68,-35
114000428,255,188,67
114000429,15,168,-153
114000432,83,177,-94
114000434,41,70,-29
114000435,0,132,-132
114900001,589,1130,-541
114900002,380,34,346
114900003,408,1533,-1125
114900004,176,334,-158
114900005,515,840,-325
114900006,50,29,21
114900007,166,10,156
114900008,104,108,-4
114900010,2341,2084,257
114900011,158,133,25
114900013,210,90,120
114900015,66,334,-268
114900018,737,19,718
114900020,173,72,101
114900022,14,568,-554
114900024,309,131,178
114900025,387,222,165
114900026,62,91,-29
114900027,209,220,-11
114900029,35,15,20
114900030,309,187,122
114900031,347,33,314
114900032,241,34,207
114900033,887,519,368
114900034,51,189,-138
114900035,161,244,-83
114900036,239,694,-455
114900037,105,183,-78
114900038,145,665,-520
114900039,432,486,-54
114900040,58,146,-88
114900041,528,499,29
114900042,617,779,-162
114900043,620,214,406
114900044,98,27,71
114900046,63,112,-49
114900047,200,1473,-1273
114900048,101,283,-182
114900049,11,151,-140
114900050,39,462,-423
114900051,21,314,-293
114900052,38,182,-144
114900053,42,301,-259
114900054,26,129,-103
114900057,205,6,199
114900058,1,48,-47
114900059,49,22,27
114900060,1361,649,712
114900061,119,170,-51
114900062,243,243,0
114900063,46,218,-172
114900064,955,518,437
114900065,333,706,-373
114900067,45,379,-334
114900068,43,162,-119
114900069,184,124,60
114900070,419,475,-56
114900072,0,275,-275
114900073,1,121,-120
114900074,389,634,-245
114900075,118,5,113
114900076,3,269,-266
114900080,2111,416,1695
114900082,3408,1667,1741
114900083,1204,1080,124
114900090,243,215,28
114900091,130,184,-54
114900095,309,128,181
114900096,459,537,-78
114900097,123,1,122
114900098,3,209,-206
114900099,151,5,146
115000001,7515,5242,2273
115000002,3435,3718,-283
115000003,4601,4191,410
115000004,3587,4939,-1352
115000005,1540,2459,-919
115000006,1012,1536,-524
115000007,130,172,-42
115000008,444,571,-127
115000009,283,308,-25
115000010,363,150,213
115000013,58,235,-177
115000015,87,387,-300
115000016,65,198,-133
115000019,23,437,-414
115000020,145,558,-413
115000021,273,476,-203
115000022,466,401,65
115000023,285,450,-165
115000024,1123,501,622
115000025,770,635,135
115000026,142,401,-259
115000027,234,279,-45
115000028,155,812,-657
115000029,521,148,373
115000030,531,1009,-478
115000031,1047,212,835
115000032,10,287,-277
115000033,183,39,144
115000034,115,1008,-893
115000035,1027,58,969
115000036,1,343,-342
115000037,453,6,447
115000038,50,196,-146
115000039,3846,2631,1215
115000040,5971,3843,2128
115000041,1255,2601,-1346
115000042,747,609,138
115000043,3070,2185,885
115000044,3522,4167,-645
115000045,2484,2149,335
115000046,1822,2262,-440
115000047,1794,1699,95
115000048,1588,2748,-1160
115000049,1637,3783,-2146
115000050,2924,1885,1039
115000051,1720,2550,-830
115000052,2901,2056,845
115000053,1529,1534,-5
115000054,663,1280,-617
115000055,105,443,-338
115000056,232,457,-225
115000057,622,632,-10
115000058,453,158,295
115000059,232,136,96
115000061,349,136,213
115000062,219,250,-31
115000063,264,376,-112
115000064,342,108,234
115000065,47,341,-294
115000067,228,36,192
115000069,65,256,-191
115000070,38,981,-943
115000071,164,33,131
115000072,17,55,-38
115000073,1521,86,1435
115000075,116,89,27
115000076,3799,2989,810
115000077,1830,2624,-794
115000078,1029,1605,-576
115000079,1042,2051,-1009
115000080,1784,2497,-713
115000081,444,971,-527
115000082,2932,3530,-598
115000083,1827,2380,-553
115000084,1646,1161,485
115000085,660,860,-200
115000086,852,764,88
115000087,450,1551,-1101
115000088,1592,572,1020
115000089,1511,1356,155
115000090,523,778,-255
115000091,306,1053,-747
115000092,372,355,17
115000093,464,2,462
115000094,7353,4851,2502
115000095,5206,5025,181
115000096,640,1679,-1039
115000097,712,778,-66
115000098,840,795,45
115000099,2066,3096,-1030
115000100,895,478,417
115000101,491,1571,-1080
115000102,360,208,152
115000103,297,671,-374
115000105,47,164,-117
115000106,464,251,213
115000107,138,482,-344
115000108,3575,2494,1081
115000109,4497,3330,1167
115000110,1365,1213,152
115000111,657,1721,-1064
115000112,551,534,17
115000113,506,853,-347
115000114,1345,835,510
115000116,3127,1602,1525
115000117,3423,2440,983
115000118,1980,1537,443
115000119,1528,1997,-469
115000120,519,955,-436
115000121,1594,884,710
115000122,2985,1526,1459
115000123,1359,1736,-377
115000124,947,976,-29
115000125,399,577,-178
115000126,149,213,-64
115000127,603,105,498
115000128,618,713,-95
115000129,316,277,39
115000130,330,911,-581
115000131,643,276,367
115000132,180,340,-160
115000133,479,281,198
115000134,178,156,22
115000135,153,202,-49
115000136,292,240,52
115000137,138,167,-29
115000138,230,256,-26
115000139,236,197,39
115000140,250,234,16
115000141,169,254,-85
115000142,135,309,-174
115000143,544,517,27
115000144,567,92,475
115000145,299,386,-87
115000146,424,240,184
115000147,492,478,14
115000148,276,1233,-957
115000149,569,207,362
115000150,629,1064,-435
115000151,965,414,551
115000152,463,1395,-932
115000153,930,398,532
115000154,799,250,549
115000155,570,1047,-477
115000156,1416,615,801
115000157,931,803,128
115000158,704,323,381
115000159,899,424,475
115000160,485,294,191
115000161,173,509,-336
115000162,690,630,60
115000163,586,588,-2
115000164,678,598,80
115000165,439,369,70
115000167,168,74,94
115000168,756,316,440
115000169,753,304,449
115000170,269,133,136
115000171,413,228,185
115000172,1214,503,711
115000173,397,474,-77
115000174,111,316,-205
115000175,256,69,187
115000176,153,53,100
115000177,158,50,108
115000178,31,227,-196
115000179,63,23,40
115000180,117,578,-461
115000181,548,134,414
115000182,746,344,402
115000183,305,891,-586
115000186,618,234,384
115000187,201,795,-594
115000188,404,515,-111
115000189,226,431,-205
115000190,821,583,238
115000191,343,550,-207
115000194,165,145,20
115000195,259,303,-44
115000196,86,111,-25
115000197,264,282,-18
115000198,191,155,36
115000199,230,244,-14
115000200,258,100,158
115000201,124,347,-223
115000206,352,57,295
115000207,90,330,-240
115000208,440,615,-175
115000209,513,208,305
115000210,157,100,57
115000211,227,188,39
115000212,1800,257,1543
115000224,434,61,373
115000225,39,69,-30
115000229,191,145,46
115000230,94,354,-260
115000231,372,2232,-1860
115000232,1209,303,906
115000233,161,193,-32
115000234,32,256,-224
115000241,58,225,-167
115000242,55,324,-269
115000243,24,229,-205
115000244,7,71,-64
115000246,28,10,18
115000247,30,9,21
115000248,18,21,-3
115000249,41,14,27
115000250,400,36,364
115000251,190,118,72
115000252,71,153,-82
115000253,19,352,-333
115000258,233,161,72
115000259,266,93,173
115000261,16,13,3
115000262,9,36,-27
115000263,8,42,-34
115000264,21,39,-18
115000267,42,67,-25
115000268,32,134,-102
115000269,100,75,25
115000270,1,19,-18
115000272,45,158,-113
115000273,327,25,302
115000280,1551,116,1435
115000281,458,539,-81
115000282,991,651,340
115000284,376,147,229
115000296,1030,27,1003
115000297,292,82,210
115000298,70,323,-253
115000300,270,157,113
115000302,581,206,375
115000303,537,143,394
115000304,518,92,426
115000305,60,826,-766
115000306,166,401,-235
115000307,67,236,-169
115000308,20,11,9
115000309,8,51,-43
115000310,768,952,-184
115000311,665,1231,-566
115000313,98,677,-579
115000314,360,133,227
115000315,1091,535,556
115000316,36,77,-41
115000317,181,512,-331
115000318,797,296,501
115000319,58,309,-251
115000320,20,199,-179
115000321,514,3,511
115000322,38,241,-203
115000449,165,201,-36
115000557,1,922,-921
115000558,559,107,452
115000587,488,319,169
115000588,2816,3243,-427
115000589,3697,2765,932
115000590,1138,1291,-153
115000591,1149,673,476
115000592,858,1725,-867
115000593,1416,513,903
115000594,931,2372,-1441
115000609,237,241,-4
115000617,1635,2684,-1049
115000624,187,80,107
115000633,360,2276,-1916
115000634,2779,742,2037
115000635,471,152,319
115000638,946,668,278
115000641,63,136,-73
115000642,303,237,66
115000643,128,500,-372
115000644,125,393,-268
115000646,780,1292,-512
115000647,217,376,-159
115000648,1458,1832,-374
115000893,3457,1479,1978
115000894,168,1299,-1131
115000895,584,880,-296
115000896,1767,383,1384
115000897,524,127,397
115000898,686,224,462
115000899,685,1311,-626
115000900,141,403,-262
115000901,87,129,-42
115000912,361,92,269
115000913,2,17,-15
115000915,54,0,54
115000916,0,0,0
115000917,0,8,-8
115000918,64,263,-199
115000919,16,4,12
115000920,127,59,68
115000921,785,103,682
115000922,2257,731,1526
115000923,741,1038,-297
115000925,96,61,35
115000927,51,60,-9
115000933,500,199,301
115000934,125,180,-55
115000935,68,63,5
115000936,31,514,-483
115000937,1082,150,932
115000938,173,164,9
115000939,144,140,4
115000940,36,20,16
115000941,24,26,-2
115000942,207,99,108
115000943,106,13,93
115000944,6,7,-1
115900001,89,53,36
115900002,65,146,-81
115900003,153,109,44
115900004,4,66,-62
115900005,120,6,114
115900006,95,230,-135
115900008,68,11,57
115900009,58,213,-155
115900010,232,189,43
115900011,342,217,125
115900012,115,69,46
115900013,383,153,230
115900014,92,119,-27
115900015,89,84,5
115900016,65,20,45
115900017,3,7,-4
115900018,195,63,132
115900019,260,21,239
115900020,27,0,27
115900021,1348,135,1213
115900022,1755,9,1746
115900023,100,0,100
115900025,33,227,-194
115900026,748,221,527
115900027,1,256,-255
115900028,566,45,521
115900029,12,383,-371
115900030,56,17,39
115900031,413,186,227
115900032,375,722,-347
115900033,0,30,-30
115900034,22,386,-364
115900035,103,16,87
115900036,97,539,-442
115900037,37,339,-302
115900038,40,5,35
115900039,134,221,-87
115900041,431,468,-37
115900042,32,6,26
115900043,104,71,33
115900044,214,217,-3
115900046,188,247,-59
115900047,135,108,27
115900049,125,234,-109
115900051,0,38,-38
115900052,9,283,-274
115900053,146,170,-24
115900054,171,40,131
115900055,11,123,-112
115900056,181,289,-108
115900057,58,6,52
115900058,30,72,-42
115900060,29,98,-69
115900061,207,0,207
115900062,18,272,-254
115900063,54,11,43
115900064,154,246,-92
115900065,87,72,15
115900066,185,102,83
115900067,6,648,-642
115900068,3159,650,2509
115900069,31,207,-176
115900070,136,141,-5
115900071,1,430,-429
115900072,44,171,-127
115900073,39,49,-10
115900074,3,294,-291
115900075,17,219,-202
115900076,4,93,-89
115900077,2,246,-244
115900078,35,108,-73
115900079,137,13,124
115900080,501,216,285
115900081,20,50,-30
115900082,118,96,22
115900084,257,28,229
115900085,54,67,-13
115900086,1474,450,1024
115900088,15,44,-29
115900089,219,682,-463
115900090,194,10,184
115900091,4,16,-12
115900092,17,185,-168
115900093,9,25,-16
115900094,6,374,-368
115900096,1,14,-13
115900097,6,440,-434
115900098,124,416,-292
115900099,39,50,-11
115900100,9,460,-451
115900101,142,318,-176
115900102,20,75,-55
115900103,215,160,55
115900104,47,133,-86
115900105,109,528,-419
115900106,37,15,22
115900107,33,118,-85
115900108,55,48,7
115900109,31,384,-353
115900110,8,31,-23
115900111,0,108,-108
115900112,26,801,-775
115900113,32,21,11
115900114,4,136,-132
115900115,91,160,-69
115900116,61,823,-762
115900117,70,17,53
115900118,0,302,-302
115900119,124,112,12
115900120,18,262,-244
115900121,106,168,-62
115900124,117,448,-331
115900125,183,24,159
115900126,489,92,397
115900127,467,41,426
115900128,9,60,-51
115900129,496,34,462
115900130,24,215,-191
115900131,255,19,236
115900132,374,9,365
115900134,232,11,221
115900135,490,869,-379
115900137,33,5,28
115900139,64,60,4
115900140,164,17,147
115900141,7,36,-29
115900142,16,26,-10
115900143,217,231,-14
115900144,67,152,-85
115900146,7,118,-111
115900147,272,242,30
115900148,54,5,49
115900149,71,14,57
115900150,121,67,54
115900151,15,55,-40
115900152,81,263,-182
115900153,103,199,-96
115900154,525,280,245
115900155,0,30,-30
115900156,551,631,-80
115900157,139,381,-242
115900158,15,21,-6
115900159,76,218,-142
115900160,4,7,-3
115900161,46,126,-80
115900163,124,125,-1
115900164,453,14,439
115900166,173,185,-12
115900168,93,191,-98
115900171,109,343,-234
115900172,68,137,-69
115900173,229,156,73
115900174,258,189,69
115900175,87,196,-109
115900178,7,583,-576
115900179,180,16,164
115900180,33,183,-150
115900181,123,211,-88
115900182,239,221,18
115900183,57,34,23
115900184,1493,41,1452
115900187,8,124,-116
115900189,0,133,-133
115900190,375,1096,-721
115900191,28,331,-303
115900192,10,68,-58
115900193,79,62,17
115900194,518,44,474
115900195,522,1459,-937
115900198,148,315,-167
115900199,118,219,-101
115900200,201,250,-49
115900201,315,211,104
115900202,0,72,-72
115900203,1,10,-9
115900204,0,4,-4
115900205,141,33,108
115900206,123,127,-4
115900207,18,26,-8
115900208,132,201,-69
115900209,2,142,-140
115900210,2,140,-138
115900211,1,163,-162
115900212,92,225,-133
115900213,145,66,79
115900214,324,184,140
115900215,21,75,-54
115900216,2,71,-69
115900217,3,37,-34
115900218,2,28,-26
115900219,77,6,71
115900220,82,25,57
115900221,56,27,29
115900222,42,15,27
115900223,17,194,-177
115900224,1254,706,548
115900225,70,24,46
115900226,12,38,-26
115900227,27,43,-16
115900228,11,44,-33
115900229,1,42,-41
115900230,61,116,-55
115900231,109,1,108
115900232,53,0,53
115900233,75,8,67
115900234,61,18,43
115900235,39,35,4
115900236,32,10,22
115900237,15,18,-3
115900238,8,39,-31
115900239,10,27,-17
115900240,6,49,-43
115900241,121,85,36
115900242,298,280,18
115900243,3,3,0
115900244,7,9,-2
115900245,22,9,13
115900246,3,11,-8
115900247,30,11,19
115900248,20,9,11
115900249,4,13,-9
115900250,10,5,5
115900251,0,12,-12
115900252,0,2,-2
115900253,2,7,-5
115900254,17,29,-12
115900255,8,27,-19
115900256,12,20,-8
115900257,2,3,-1
115900258,0,1,-1
115900259,15,4,11
115900260,13,4,9
115900261,15,0,15
115900262,0,1,-1
115900263,11,3,8
115900264,2,6,-4
115900265,0,13,-13
115900266,7,11,-4
115900267,7,17,-10
115900268,6,6,0
115900269,267,299,-32
115900270,260,468,-208
115900271,112,1,111
115900272,23,1,22
115900273,12,17,-5
115900274,3,4,-1
115900275,0,10,-10
115900276,0,29,-29
115900277,0,55,-55
115900278,37,85,-48
115900279,12,129,-117
115900280,19,295,-276
115900281,441,261,180
115900282,27,15,12
115900283,11,22,-11
115900284,19,20,-1
116000001,11942,5159,6783
116000002,4049,8640,-4591
116000003,1503,1514,-11
116000004,1843,2555,-712
116000005,4150,3437,713
116000006,3613,1698,1915
116000007,3215,3602,-387
116000008,3860,1754,2106
116000009,1677,2756,-1079
116000010,2412,1255,1157
116000011,926,1877,-951
116000012,1074,807,267
116000013,14679,5048,9631
116000014,16865,11693,5172
116000015,308,1309,-1001
116000016,6588,2742,3846
116000017,28,622,-594
116000018,507,327,180
116000019,851,294,557
116000020,457,869,-412
116000021,359,304,55
116000022,264,387,-123
116000023,989,857,132
116000024,623,917,-294
116000025,935,680,255
116000026,1906,2137,-231
116000027,1385,511,874
116000028,534,703,-169
116000029,1314,589,725
116000030,641,398,243
116000031,164,229,-65
116000032,328,262,66
116000033,281,460,-179
116000034,1213,1097,116
116000035,569,1282,-713
116000036,1845,704,1141
116000037,726,472,254
116000038,770,312,458
116000039,807,229,578
116000040,1808,219,1589
116000041,255,501,-246
116000042,457,202,255
116000043,60,627,-567
116000044,27,99,-72
116000045,1939,1226,713
116000046,1475,1446,29
116000047,2976,3992,-1016
116000048,2853,1835,1018
116000049,838,2202,-1364
116000050,1086,2055,-969
116000051,4867,2030,2837
116000052,5666,4771,895
116000053,2918,1208,1710
116000054,1386,2763,-1377
116000055,506,1371,-865
116000056,635,1193,-558
116000057,3974,1880,2094
116000058,2796,1906,890
116000059,2535,4381,-1846
116000060,2661,938,1723
116000061,903,969,-66
116000062,972,202,770
116000063,779,1187,-408
116000066,187,557,-370
116000067,167,464,-297
116000068,216,230,-14
116000069,233,342,-109
116000078,378,1030,-652
116000080,1716,1029,687
116000082,4,91,-87
116000083,1426,322,1104
116000084,1926,4065,-2139
116000085,1926,1323,603
116000086,2063,1490,573
116000087,1434,1345,89
116000088,719,903,-184
116000089,188,75,113
116000090,138,210,-72
116000091,191,285,-94
116000093,368,370,-2
116000094,488,688,-200
116000095,573,470,103
116000096,629,1202,-573
116000097,630,770,-140
116000098,143,4557,-4414
116000099,7196,262,6934
116000100,151,5,146
116000101,547,888,-341
116000102,230,1400,-1170
116000103,337,206,131
116000104,234,1489,-1255
116000105,907,200,707
116000106,360,885,-525
116000107,1241,396,845
116000108,250,173,77
116000111,193,25,168
116000113,69,90,-21
116000114,34,138,-104
116000115,195,63,132
116000116,223,500,-277
116000117,1290,2128,-838
116000118,1235,1443,-208
116000119,2376,1749,627
116000120,2594,4389,-1795
116000121,596,544,52
116000122,1175,1790,-615
116000123,621,390,231
116000124,366,1035,-669
116000125,1846,589,1257
116000126,205,1556,-1351
116000127,1068,1471,-403
116000128,1192,867,325
116000129,714,202,512
116000130,504,317,187
116000133,583,1079,-496
116000134,1841,2235,-394
116000135,1866,1443,423
116000136,1153,2096,-943
116000137,964,671,293
116000138,716,478,238
116000139,2241,2278,-37
116000140,226,233,-7
116000141,347,804,-457
116000142,3569,3779,-210
116000143,2129,1822,307
116000144,1279,2479,-1200
116000145,1628,1499,129
116000146,380,234,146
116000147,554,129,425
116000148,480,390,90
116000149,525,488,37
116000151,904,705,199
116000153,91,747,-656
116000155,228,332,-104
116000156,276,880,-604
116000157,42,17,25
116000158,303,501,-198
116000159,9,15,-6
116000160,10,59,-49
116000161,5,75,-70
116000162,32,70,-38
116000163,25,0,25
116000164,36,15,21
116000177,144,115,29
116000194,87,357,-270
116000195,1865,739,1126
116000196,10,9,1
116000197,5,12,-7
116000198,2822,1065,1757
116000200,831,389,442
116000201,629,703,-74
116000202,8,243,-235
116000203,4,127,-123
116000204,10,79,-69
116000205,1,144,-143
116000206,2,55,-53
116000207,6,35,-29
116000233,220,604,-384
116000287,135,473,-338
116000288,163,269,-106
116000292,61,141,-80
116000296,42,203,-161
116000297,141,43,98
116000304,91,33,58
116000305,16,56,-40
116000346,159,147,12
116000352,158,34,124
116000354,71,20,51
116000357,50,28,22
116000358,231,63,168
116000361,428,4,424
116000372,9598,3475,6123
116000381,113,0,113
116000388,2,49,-47
116000389,735,491,244
116000445,217,652,-435
116000446,380,732,-352
116000447,12,526,-514
116000448,577,238,339
116000563,910,860,50
116000565,33,441,-408
116000568,54,189,-135
116000579,15,97,-82
116000584,22,8,14
116000585,22,14,8
116000586,97,108,-11
116000587,630,605,25
116000589,51,40,11
116000590,45,37,8
116000591,141,254,-113
116000592,8,76,-68
116000593,0,34,-34
116000594,367,417,-50
116000595,509,107,402
116000596,123,10,113
116000597,290,54,236
116000598,5,157,-152
116000605,269,101,168
116000606,80,191,-111
116000607,3,59,-56
116000609,207,779,-572
116000611,95,526,-431
116000612,770,2018,-1248
116000613,389,352,37
116000614,455,611,-156
116000615,1,245,-244
116000616,51,90,-39
116000617,56,55,1
116000618,4,138,-134
116000619,25,49,-24
116000620,53,70,-17
116000621,28,94,-66
116000622,37,175,-138
116000624,78,71,7
116000627,90,107,-17
116000628,64,650,-586
116000629,35,531,-496
116000630,247,14,233
116000631,193,41,152
116000632,576,138,438
116000633,105,360,-255
116000634,336,220,116
116000635,4044,1989,2055
116000636,1666,1016,650
116000637,298,102,196
116000638,109,433,-324
116000640,4,18,-14
116000641,95,152,-57
116000644,32,734,-702
116900001,142,126,16
116900002,174,4,170
116900003,38,71,-33
116900004,25,32,-7
116900005,228,46,182
116900006,133,118,15
116900007,116,172,-56
116900008,294,322,-28
116900009,13,3,10
116900010,0,1411,-1411
116900011,10,17,-7
116900012,87,159,-72
116900013,4,132,-128
116900014,63,322,-259
116900015,240,46,194
116900016,168,0,168
116900017,1,529,-528
116900018,53,77,-24
116900019,9,346,-337
116900020,1213,628,585
116900023,63,10,53
116900024,340,40,300
116900025,780,783,-3
116900026,172,649,-477
116900027,28,64,-36
116900028,3,88,-85
116900029,0,35,-35
116900031,0,3,-3
116900032,2,285,-283
116900033,1,13,-12
116900034,5,48,-43
116900035,162,174,-12
116900036,0,107,-107
116900038,17,3,14
116900041,26,14,12
116900042,718,199,519
116900043,16,59,-43
116900047,52,80,-28
116900049,38,272,-234
116900050,72,456,-384
116900051,73,178,-105
116900052,246,62,184
116900055,0,5,-5
116900057,22,222,-200
116900058,17,377,-360
116900059,0,108,-108
116900060,170,152,18
116900062,0,3,-3
116900064,71,629,-558
116900065,16,101,-85
116900067,98,79,19
116900068,129,287,-158
116900070,4,2,2
116900072,25,386,-361
116900073,5,107,-102
116900074,8,31,-23
116900076,7,31,-24
116900077,4,143,-139
116900078,258,89,169
116900079,41,184,-143
116900080,9,8,1
116900081,307,1370,-1063
116900082,464,914,-450
116900083,68,59,9
116900084,253,49,204
116900085,37,169,-132
116900086,57,169,-112
116900088,303,40,263
116900090,145,67,78
116900091,233,47,186
116900092,53,680,-627
116900093,1388,2268,-880
116900094,5232,4578,654
116900095,377,134,243
116900096,55,163,-108
116900097,3591,2021,1570
116900098,785,231,554
116900099,558,430,128
116900100,748,14,734
116900101,264,632,-368
116900103,5,0,5
116900104,62,73,-11
116900105,234,74,160
116900106,1139,111,1028
116900107,3771,1766,2005
116900110,11,0,11
116900111,379,801,-422
116900112,186,1031,-845
116900113,2443,1235,1208
116900116,166,308,-142
116900117,96,66,30
116900118,805,719,86
116900120,141,92,49
116900121,45,33,12
116900122,480,603,-123
116900123,101,611,-510
116900124,134,862,-728
116900125,211,208,3
116900126,187,548,-361
116900128,0,41,-41
116900129,1,269,-268
116900130,812,2399,-1587
116900131,36,151,-115
116900132,32,71,-39
116900133,66,79,-13
116900134,142,210,-68
116900136,148,145,3
116900137,329,156,173
116900138,142,205,-63
116900139,98,341,-243
116900140,139,161,-22
116900141,528,307,221
116900142,1,56,-55
116900143,195,476,-281
116900144,11,72,-61
116900145,104,316,-212
116900147,1070,332,738
116900148,7,24,-17
116900149,25,215,-190
116900150,9,4,5
116900151,40,8,32
116900153,80,71,9
116900154,727,326,401
116900155,72,75,-3
116900157,383,308,75
116900158,743,195,548
116900159,33,285,-252
116900160,2724,331,2393
116900161,6168,4326,1842
116900162,25,128,-103
116900163,145,133,12
116900164,162,38,124
116900165,165,122,43
116900166,18,74,-56
116900167,276,52,224
116900168,344,77,267
116900169,1230,338,892
116900170,188,395,-207
116900171,29,203,-174
116900172,216,169,47
116900173,140,41,99
116900174,27,35,-8
116900175,219,151,68
116900178,11,144,-133
116900179,100,182,-82
116900180,100,19,81
116900182,274,202,72
116900183,155,78,77
116900185,34,36,-2
116900186,106,255,-149
116900187,34,39,-5
116900188,62,14,48
116900189,78,2,76
116900191,327,364,-37
116900192,133,142,-9
116900194,96,734,-638
116900195,32,20,12
116900196,15,103,-88
116900197,57,4,53
116900198,180,178,2
116900200,36,32,4
116900201,71,12,59
116900202,149,45,104
116900203,87,1,86
116900204,24,72,-48
116900206,1,17,-16
116900207,26,32,-6
116900208,11,94,-83
116900209,28,99,-71
116900210,501,230,271
116900211,129,14,115
116900212,70,85,-15
116900213,181,185,-4
116900214,109,146,-37
116900215,12,61,-49
116900216,274,244,30
116900218,8,238,-230
116900219,1160,421,739
116900220,109,213,-104
116900221,61,318,-257
116900222,296,311,-15
116900223,77,160,-83
116900226,58,49,9
116900227,220,51,169
116900228,197,204,-7
116900230,48,233,-185
116900231,24,398,-374
116900232,9,418,-409
116900233,127,73,54
116900234,9,3,6
116900235,162,237,-75
116900238,1379,306,1073
116900239,42,1018,-976
116900240,5339,3423,1916
116900241,26,95,-69
116900242,1115,255,860
116900243,0,35,-35
116900245,16,12,4
116900246,115,17,98
116900247,404,10,394
116900248,91,60,31
116900249,240,107,133
116900250,209,42,167
116900251,541,319,222
116900252,62,840,-778
116900253,120,95,25
116900254,20,77,-57
116900255,98,54,44
116900256,174,80,94
116900257,11,490,-479
116900258,1,251,-250
116900259,125,3,122
116900260,2,105,-103
116900261,34,2,32
116900262,110,130,-20
116900263,0,9,-9
116900264,73,62,11
116900265,15,0,15
116900266,8,26,-18
116900267,4,3,1
116900268,72,6,66
116900269,244,444,-200
116900271,1238,172,1066
116900272,501,548,-47
116900273,429,47,382
116900274,67,84,-17
116900275,106,108,-2
116900276,555,109,446
116900277,386,28,358
116900278,2,6,-4
116900279,1,13,-12
116900280,20,17,3
116900281,6477,3179,3298
116900282,4,103,-99
116900283,8,98,-90
116900284,13,184,-171
116900285,257,350,-93
116900286,149,9,140
116900287,3,55,-52
116900288,34,143,-109
116900289,22,31,-9
116900290,0,26,-26
116900291,9,18,-9
116900292,0,19,-19
116900293,22,79,-57
116900294,49,93,-44
116900295,685,35,650
116900296,276,51,225
116900297,10,93,-83
116900298,163,25,138
116900299,102,45,57
116900300,7,89,-82
116900301,127,86,41
116900302,133,44,89
116900303,419,86,333
116900304,0,202,-202
116900305,36,145,-109
116900306,110,125,-15
116900307,56,3,53
116900308,2,120,-118
116900309,69,179,-110
117000001,1965,1811,154
117000002,2566,5593,-3027
117000003,8501,3520,4981
117000004,4895,6360,-1465
117000005,2332,2094,238
117000006,1526,4494,-2968
117000007,3882,1510,2372
117000008,1289,5401,-4112
117000009,4941,2141,2800
117000010,2934,5172,-2238
117000011,1929,1918,11
117000012,1290,1637,-347
117000013,2216,1024,1192
117000014,1939,2906,-967
117000015,4041,1380,2661
117000016,671,87,584
117000017,1177,100,1077
117000018,430,447,-17
117000019,598,34,564
117000020,436,1410,-974
117000021,2740,865,1875
117000022,881,79,802
117000023,1185,242,943
117000024,707,115,592
117000025,1754,494,1260
117000026,5565,919,4646
117000027,2275,1835,440
117000028,3906,961,2945
117000030,820,573,247
117000031,401,262,139
117000032,2954,1443,1511
117000033,1529,990,539
117000034,456,418,38
117000035,260,292,-32
117000036,377,437,-60
117000037,236,275,-39
117000038,321,689,-368
117000039,456,309,147
117000040,154,1175,-1021
117000041,952,191,761
117000044,18,1103,-1085
117000045,639,62,577
117000046,640,829,-189
117000047,1195,767,428
117000048,2006,1488,518
117000049,107,565,-458
117000050,144,2103,-1959
117000051,1839,181,1658
117000052,41,378,-337
117000053,370,79,291
117000054,1399,14,1385
117000055,17,3562,-3545
117000056,467,6,461
117000057,569,2383,-1814
117000060,528,1910,-1382
117000061,1687,972,715
117000062,326,639,-313
117000063,1948,1011,937
117000064,938,986,-48
117000066,1184,801,383
117000067,212,452,-240
117000074,112,231,-119
117000076,33,50,-17
117000077,143,140,3
117000078,115,670,-555
117000079,299,272,27
117000080,3,404,-401
117000081,996,97,899
117000082,9,78,-69
117000083,195,13,182
117000084,432,3,429
117000085,190,600,-410
117000086,859,550,309
117000087,106,586,-480
117000088,263,272,-9
117000089,1288,305,983
117000090,270,1488,-1218
117000091,740,310,430
117000092,360,1676,-1316
117000093,1026,701,325
117000094,1105,3101,-1996
117000095,2854,747,2107
117000096,502,2808,-2306
117000097,1149,1188,-39
117000098,2421,5362,-2941
117000099,2522,1166,1356
117000100,155,211,-56
117000101,199,1266,-1067
117000102,1519,672,847
117000103,756,1825,-1069
117000104,1324,673,651
117000105,886,1952,-1066
117000106,976,719,257
117000107,546,2066,-1520
117000108,1375,941,434
117000109,2239,2783,-544
117000110,1342,936,406
117000111,4182,5621,-1439
117000112,2700,2004,696
117000113,104,223,-119
117000114,108,131,-23
117000115,76,97,-21
117000116,77,226,-149
117000117,2122,588,1534
117000118,517,195,322
117000119,1413,145,1268
117000120,928,372,556
117000121,150,981,-831
117000122,649,1846,-1197
117000123,2314,33,2281
117000124,799,37,762
117000125,930,89,841
117000126,158,27,131
117000127,243,318,-75
117000128,498,710,-212
117000129,926,569,357
117000130,200,1,199
117000131,0,96,-96
117000132,1892,35,1857
117000133,1091,97,994
117000134,0,34,-34
117000135,1,38,-37
117000136,2,32,-30
117000137,58,99,-41
117000138,6,600,-594
117000140,420,1653,-1233
117000141,1419,591,828
117000181,546,333,213
117000182,425,392,33
117000195,139,1131,-992
117000196,135,68,67
117000225,505,13,492
117000226,21,204,-183
117000276,213,17,196
117000277,0,475,-475
117000310,2699,3162,-463
117000315,54,1988,-1934
117000320,124,0,124
117000906,268,9,259
117000907,8,378,-370
117000909,78,36,42
117000910,139,134,5
117000911,66,185,-119
117000915,7,678,-671
117000916,43,3,40
117000917,823,31,792
117000918,68,54,14
117000919,4,187,-183
117000920,3,1248,-1245
117000921,2,1576,-1574
117000922,55,92,-37
117000924,637,1092,-455
117000926,940,90,850
117000927,1912,443,1469
117000928,1,113,-112
117000929,160,518,-358
117000930,143,13,130
117000931,342,147,195
117900002,243,491,-248
117900003,677,325,352
117900005,22,157,-135
117900006,0,23,-23
117900007,169,121,48
117900008,0,37,-37
117900010,601,92,509
117900011,52,28,24
117900012,61,119,-58
117900013,0,278,-278
117900014,983,138,845
117900015,31,120,-89
117900016,1227,565,662
117900017,831,419,412
117900018,276,65,211
117900019,457,350,107
117900020,52,336,-284
117900021,33,63,-30
117900022,13,9,4
117900023,472,661,-189
117900024,144,66,78
117900025,48,9,39
117900026,256,316,-60
117900028,245,9,236
117900029,220,904,-684
117900030,369,353,16
117900031,602,102,500
117900032,576,606,-30
117900033,147,937,-790
117900034,67,66,1
117900035,169,58,111
117900036,236,597,-361
117900037,83,105,-22
117900038,32,297,-265
117900039,4,48,-44
117900040,73,439,-366
117900041,3,31,-28
117900042,3834,411,3423
117900043,40,39,1
117900044,5,5075,-5070
117900045,252,88,164
117900048,216,267,-51
117900049,239,754,-515
117900050,27,50,-23
117900051,334,2,332
117900052,42,380,-338
117900053,1003,579,424
117900054,8,22,-14
117900055,118,515,-397
117900056,495,26,469
117900057,1107,1189,-82
117900058,178,14,164
117900059,663,78,585
117900060,1266,4826,-3560
117900061,32,470,-438
117900063,319,229,90
117900065,549,1059,-510
117900066,11,45,-34
117900067,366,245,121
117900069,927,370,557
117900070,691,16,675
117900071,170,145,25
117900073,337,389,-52
117900074,982,30,952
117900075,81,113,-32
117900076,35,45,-10
117900077,304,81,223
117900078,200,545,-345
117900080,259,43,216
117900081,433,354,79
117900082,296,239,57
117900083,252,581,-329
117900086,175,32,143
117900087,106,55,51
117900088,2925,2005,920
117900089,1349,465,884
117900090,671,606,65
117900091,214,148,66
117900092,60,40,20
117900093,49,61,-12
117900094,18,14,4
117900095,650,480,170
117900096,52,235,-183
117900097,114,58,56
117900098,7,4,3
117900099,180,253,-73
117900100,140,1,139
117900101,361,1155,-794
117900102,51,42,9
117900103,38,2,36
117900104,22,150,-128
117900105,122,205,-83
117900106,68,42,26
117900107,13,0,13
117900109,436,303,133
117900110,83,1,82
117900111,252,8,244
117900112,35,25,10
117900113,4856,2082,2774
117900114,27,2,25
117900115,247,45,202
117900116,793,786,7
117900117,258,301,-43
117900118,39,1,38
117900119,113,231,-118
117900120,173,103,70
117900121,42,8,34
117900122,985,2158,-1173
117900123,815,586,229
117900124,505,539,-34
117900125,1385,1242,143
117900126,171,551,-380
117900127,409,617,-208
117900128,310,708,-398
117900129,67,3,64
117900130,723,450,273
117900131,0,120,-120
117900132,15,81,-66
117900133,9,122,-113
117900134,33,145,-112
117900135,37,186,-149
117900136,1,40,-39
117900137,25,275,-250
117900138,0,19,-19
117900139,136,101,35
117900140,5105,622,4483
117900141,426,234,192
117900142,307,78,229
117900144,212,112,100
117900145,67,35,32
117900146,515,132,383
117900147,53,66,-13
117900148,3204,1041,2163
117900149,67,142,-75
117900150,32,61,-29
117900151,55,91,-36
117900152,128,60,68
117900153,21,118,-97
117900154,623,769,-146
117900156,963,910,53
117900157,98,504,-406
117900158,136,65,71
117900160,456,414,42
117900161,2439,2334,105
117900162,325,473,-148
117900163,229,27,202
117900165,0,8,-8
117900166,99,342,-243
117900168,18,186,-168
117900169,3,129,-126
117900170,1,22,-21
117900171,0,19,-19
117900172,6,24,-18
117900173,138,82,56
117900174,33,48,-15
117900175,8,49,-41
117900176,12,29,-17
117900177,11,38,-27
117900178,116,48,68
117900180,296,40,256
117900181,76,188,-112
117900182,4,24,-20
117900183,51,177,-126
117900184,17,46,-29
117900185,44,35,9
117900186,48,18,30
117900187,11,6,5
117900188,155,30,125
117900189,41,13,28
117900190,15,0,15
117900191,61,0,61
117900192,110,0,110
117900193,3,66,-63
117900194,12,3,9
117900195,11,45,-34
117900196,14,14,0
117900207,161,84,77
117900208,34,33,1
117900209,166,184,-18
117900210,96,149,-53
117900211,1,161,-160
117900212,75,228,-153
117900213,14,24,-10
117900214,25,36,-11
117900215,42,46,-4
117900216,107,22,85
117900217,222,190,32
117900218,318,424,-106
117900219,26,70,-44
117900220,386,177,209
117900222,170,253,-83
117900223,117,299,-182
118000001,1166,816,350
118000002,1691,2148,-457
118000003,5072,2698,2374
118000004,4777,2271,2506
118000005,4742,4732,10
118000006,6249,11102,-4853
118000007,10353,2711,7642
118000008,8702,3555,5147
118000009,2592,3211,-619
118000010,5150,4411,739
118000011,1033,2206,-1173
118000012,1231,2171,-940
118000013,3351,3002,349
118000014,1884,3125,-1241
118000016,242,470,-228
118000017,316,481,-165
118000018,504,551,-47
118000019,2479,1456,1023
118000020,1476,2329,-853
118000021,1008,2575,-1567
118000022,2200,710,1490
118000023,1432,238,1194
118000024,1475,842,633
118000027,14049,10162,3887
118000029,868,567,301
118000032,1317,3019,-1702
118000033,3443,3769,-326
118000034,5772,2390,3382
118000035,1740,2166,-426
118000036,1607,1055,552
118000037,1021,764,257
118000038,157,67,90
118000039,132,456,-324
118000040,1750,1571,179
118000041,2707,1467,1240
118000045,1352,178,1174
118000046,3095,621,2474
118000047,4370,620,3750
118000048,7063,1439,5624
118000051,2987,1007,1980
118000052,2657,571,2086
118000053,1221,783,438
118000054,3887,2524,1363
118000055,3590,2963,627
118000056,397,319,78
118000057,415,647,-232
118000058,4644,1015,3629
118000059,3458,655,2803
118000060,1216,495,721
118000061,956,1372,-416
118000062,772,299,473
118000063,457,367,90
118000064,1326,1042,284
118000065,6133,2066,4067
118000066,844,1239,-395
118000067,1982,844,1138
118000068,2877,4257,-1380
118000069,5915,1361,4554
118000070,8693,2016,6677
118000071,4486,6243,-1757
118000072,4562,1027,3535
118000073,4815,579,4236
118000074,985,771,214
118000075,1153,269,884
118000076,2395,1868,527
118000077,1716,1261,455
118000078,2110,1955,155
118000079,240,360,-120
118000080,1677,939,738
118000081,2401,1105,1296
118000082,382,1042,-660
118000083,1897,1624,273
118000084,3073,1902,1171
118000086,416,634,-218
118000087,6028,2632,3396
118000088,1889,1898,-9
118000089,3594,2086,1508
118000090,2276,3020,-744
118000091,1203,2488,-1285
118000092,1302,584,718
118000093,113,779,-666
118000096,757,623,134
118000097,917,659,258
118000098,298,173,125
118000099,313,704,-391
118000101,1127,345,782
118000102,369,1418,-1049
118000107,2286,499,1787
118000108,634,2390,-1756
118000110,0,15,-15
118000111,2,398,-396
118000112,447,4,443
118000113,8,699,-691
118000114,234,9,225
118000115,16,21,-5
118000116,117,1,116
118000117,1584,923,661
118000118,1093,776,317
118000119,866,1031,-165
118000120,1856,1406,450
118000121,170,549,-379
118000122,2030,284,1746
118000123,46,331,-285
118000125,2332,948,1384
118000126,1739,1534,205
118000127,1695,748,947
118000128,919,1255,-336
118000129,1795,414,1381
118000130,3139,4446,-1307
118000131,1459,940,519
118000132,2545,1737,808
118000133,1367,519,848
118000135,733,436,297
118000136,148,509,-361
118000137,956,109,847
118000138,295,564,-269
118000139,383,84,299
118000140,2278,4295,-2017
118000141,1969,2607,-638
118000142,1786,2417,-631
118000143,1620,1283,337
118000144,1404,1041,363
118000145,1699,2798,-1099
118000146,1331,1307,24
118000147,1090,1809,-719
118000148,598,1392,-794
118000149,739,1056,-317
118000150,386,336,50
118000151,276,469,-193
118000153,1098,1449,-351
118000154,1238,1762,-524
118000155,984,1612,-628
118000156,2778,2539,239
118000157,482,383,99
118000158,134,496,-362
118000159,13,93,-80
118000160,378,455,-77
118000161,390,739,-349
118000162,2065,881,1184
118000163,764,1156,-392
118000164,2485,1830,655
118000168,1282,444,838
118000169,1412,1592,-180
118000170,4626,6095,-1469
118000171,347,545,-198
118000172,90,307,-217
118000173,1194,983,211
118000175,330,354,-24
118000176,266,393,-127
118000177,173,495,-322
118000178,128,47,81
118000179,1280,856,424
118000180,707,763,-56
118000181,863,342,521
118000182,296,375,-79
118000183,334,349,-15
118000184,622,1061,-439
118000185,796,866,-70
118000186,875,827,48
118000187,1156,707,449
118000188,798,222,576
118000189,425,772,-347
118000190,32,5,27
118000191,12,19,-7
118000192,534,335,199
118000193,409,500,-91
118000194,3157,1250,1907
118000195,1556,616,940
118000196,1028,137,891
118000197,1105,112,993
118000198,1077,503,574
118000199,2332,492,1840
118000200,76,148,-72
118000201,926,364,562
118000202,97,54,43
118000203,2806,422,2384
118000204,305,380,-75
118000205,453,324,129
118000206,242,213,29
118000207,0,76,-76
118000208,1459,1518,-59
118000209,1839,1929,-90
118000210,37,26,11
118000211,32,18,14
118000213,1319,817,502
118000214,781,680,101
118000215,300,748,-448
118000216,1353,5091,-3738
118000217,33,101,-68
118000218,56,95,-39
118000219,504,457,47
118000220,0,20,-20
118000221,108,238,-130
118000222,64,10,54
118000223,24,48,-24
118000224,270,75,195
118000225,132,744,-612
118000226,1459,139,1320
118000227,859,334,525
118000228,154,148,6
118000229,395,76,319
118000230,84,192,-108
118000231,104,133,-29
118000232,672,931,-259
118000233,809,705,104
118000234,317,245,72
118000236,480,315,165
118000237,67,618,-551
118000238,181,172,9
118000239,365,327,38
118000240,402,129,273
118000241,190,244,-54
118000242,260,663,-403
118000243,159,178,-19
118000244,21,135,-114
118000246,1,10,-9
118000255,82,326,-244
118000256,125,241,-116
118000259,9,77,-68
118000260,207,100,107
118000261,24,67,-43
118000263,100,235,-135
118000266,978,338,640
118000267,0,70,-70
118000268,1000,67,933
118000270,94,22,72
118000271,135,323,-188
118000272,72,33,39
118000273,96,73,23
118000274,106,243,-137
118000276,302,337,-35
118000295,4,81,-77
118000298,92,401,-309
118000299,43,196,-153
118000301,1,64,-63
118000302,49,111,-62
118000311,303,97,206
118000312,231,176,55
118000313,30,147,-117
118000314,54,59,-5
118000315,17,43,-26
118000316,637,604,33
118000325,29,36,-7
118000326,18,39,-21
118000331,5,52,-47
118000332,4,19,-15
118000333,32,53,-21
118000335,218,0,218
118000336,0,267,-267
118000407,134,61,73
118000457,5,35,-30
118000465,3201,3723,-522
118000480,28,160,-132
118000489,157,340,-183
118000490,178,487,-309
118000492,221,202,19
118000510,60,12,48
118000514,189,324,-135
118000515,671,699,-28
118000517,391,305,86
118000524,682,174,508
118000525,1016,793,223
118000530,15,71,-56
118000531,223,336,-113
118000532,190,266,-76
118000533,395,179,216
118000534,809,366,443
118000535,180,113,67
118000536,610,953,-343
118000537,38,74,-36
118000538,26,67,-41
118000539,4,56,-52
118000540,257,171,86
118000541,234,58,176
118000542,121,117,4
118000543,166,139,27
118000546,51,25,26
118000553,0,0,0
118000560,2725,1420,1305
118000562,16,198,-182
118000563,2406,1536,870
118000576,174,211,-37
118000577,190,150,40
118000578,240,149,91
118000579,688,1210,-522
118000583,0,0,0
118000595,183,90,93
118000596,0,56,-56
118000597,159,161,-2
118000598,2,0,2
118000599,56,45,11
118000600,2,0,2
118000601,2,0,2
118000602,2,4,-2
118000603,0,29,-29
118000605,49,332,-283
118900001,863,1292,-429
118900002,922,772,150
118900003,234,15,219
118900004,42,41,1
118900005,103,8,95
118900006,162,20,142
118900007,8,1,7
118900008,1198,37,1161
118900009,58,31,27
118900010,68,6,62
118900011,126,18,108
118900012,391,219,172
118900013,475,127,348
118900015,136,39,97
118900016,5,16,-11
118900017,321,212,109
118900018,794,22,772
118900019,44,13,31
118900020,209,130,79
118900021,153,281,-128
118900022,128,113,15
118900023,163,79,84
118900024,148,123,25
118900025,42,20,22
118900026,30,74,-44
118900027,384,328,56
118900028,148,129,19
118900029,289,321,-32
118900030,226,86,140
118900031,111,119,-8
118900032,140,195,-55
118900033,772,422,350
118900034,174,11,163
118900035,196,181,15
118900036,748,706,42
118900037,804,226,578
118900038,310,269,41
118900039,324,201,123
118900040,200,145,55
118900041,412,161,251
118900042,172,113,59
118900045,208,177,31
118900046,858,306,552
118900047,541,280,261
118900048,427,160,267
118900049,63,37,26
118900050,32,140,-108
118900051,102,73,29
118900052,581,253,328
118900053,45,93,-48
118900054,65,46,19
118900055,35,96,-61
118900056,88,230,-142
118900057,541,372,169
118900058,678,334,344
118900059,8,89,-81
118900060,34,93,-59
118900062,186,150,36
118900064,554,551,3
118900065,46,291,-245
118900066,55,74,-19
118900067,4871,3314,1557
118900068,8,653,-645
118900069,243,224,19
118900071,8,49,-41
118900072,313,377,-64
118900073,64,103,-39
118900074,107,174,-67
118900075,75,65,10
118900076,361,50,311
118900077,176,152,24
118900078,37,6,31
118900079,51,190,-139
118900080,11,95,-84
118900081,82,17,65
118900082,403,120,283
118900083,13,9,4
118900084,8,22,-14
118900085,436,1127,-691
118900086,20,79,-59
118900087,12,150,-138
118900088,0,10,-10
118900089,64,10,54
118900090,378,461,-83
118900091,136,162,-26
118900092,108,80,28
118900093,172,21,151
118900096,93,145,-52
118900097,228,600,-372
118900099,31,169,-138
118900100,88,240,-152
118900101,95,436,-341
118900102,24,67,-43
118900103,37,87,-50
118900104,147,178,-31
118900105,214,77,137
118900107,110,76,34
118900108,123,122,1
118900110,1389,752,637
118900111,325,560,-235
118900112,45,170,-125
118900113,77,531,-454
118900114,36,75,-39
118900115,80,294,-214
118900116,85,134,-49
118900117,96,194,-98
118900118,238,447,-209
118900119,114,232,-118
118900120,111,255,-144
118900121,36,194,-158
118900122,11,679,-668
118900123,103,172,-69
118900124,49,150,-101
118900126,28,263,-235
118900129,208,134,74
118900130,117,141,-24
118900131,99,211,-112
118900132,667,139,528
118900133,22,91,-69
118900135,211,160,51
118900136,254,557,-303
118900137,9,23,-14
118900139,251,379,-128
118900140,387,700,-313
118900141,59,184,-125
118900144,153,533,-380
118900145,23,112,-89
118900146,244,698,-454
118900147,299,146,153
118900148,90,37,53
118900150,152,602,-450
118900152,337,865,-528
118900157,123,160,-37
118900158,65,83,-18
118900159,2,159,-157
118900161,76,7,69
118900163,188,69,119
118900164,6,114,-108
118900165,35,205,-170
118900166,10,3,7
118900167,38,97,-59
118900168,10,82,-72
118900169,101,404,-303
118900170,110,95,15
118900171,9,29,-20
118900174,59,44,15
118900175,267,433,-166
118900176,106,221,-115
118900177,46,54,-8
118900178,33,140,-107
118900179,3,24,-21
118900181,54,130,-76
118900182,73,45,28
118900183,16,101,-85
118900184,410,59,351
118900185,115,137,-22
118900186,82,71,11
118900187,219,226,-7
118900188,253,205,48
118900189,22,683,-661
118900190,15,405,-390
118900191,116,50,66
118900192,161,18,143
118900193,368,10,358
118900195,344,669,-325
118900196,33,153,-120
118900197,78,68,10
118900198,17,18,-1
118900199,62,43,19
118900200,18,10,8
118900201,31,26,5
118900202,19,73,-54
118900203,7,36,-29
118900204,18,26,-8
118900205,1,7,-6
118900206,1,14,-13
119000001,1298,1270,28
119000002,4005,2525,1480
119000003,1883,1178,705
119000004,2106,1557,549
119000005,1670,2032,-362
119000006,2342,1618,724
119000007,3373,3445,-72
119000008,2231,2002,229
119000009,3412,4083,-671
119000010,7821,4053,3768
119000011,4230,2605,1625
119000012,3522,3292,230
119000013,1974,1235,739
119000014,2653,3460,-807
119000019,223,145,78
119000020,1703,1191,512
119000021,3441,2187,1254
119000022,3013,2298,715
119000023,394,282,112
119000024,1952,8686,-6734
119000025,10207,1376,8831
119000026,198,339,-141
119000027,359,443,-84
119000028,2019,1390,629
119000029,110,276,-166
119000030,484,1056,-572
119000031,941,825,116
119000032,1842,2415,-573
119000033,2211,1579,632
119000034,1148,1056,92
119000035,22,331,-309
119000036,1283,912,371
119000037,988,1799,-811
119000038,119,995,-876
119000039,292,313,-21
119000040,1465,611,854
119000041,1108,1258,-150
119000048,3367,3848,-481
119000049,1682,2824,-1142
119000050,1592,2738,-1146
119000051,1670,1000,670
119000052,1964,3404,-1440
119000053,1844,1115,729
119000054,2602,3895,-1293
119000055,3053,3532,-479
119000056,1902,2115,-213
119000057,1324,2438,-1114
119000058,1704,2350,-646
119000059,992,1802,-810
119000060,1204,907,297
119000061,951,910,41
119000062,1199,1251,-52
119000063,378,418,-40
119000064,1463,1469,-6
119000065,1972,3344,-1372
119000066,2000,1029,971
119000067,2079,2559,-480
119000068,1458,1143,315
119000069,1412,2465,-1053
119000070,1658,1113,545
119000071,370,721,-351
119000072,6387,3222,3165
119000073,4880,5827,-947
119000074,1092,3290,-2198
119000075,1441,2406,-965
119000076,477,806,-329
119000077,1023,409,614
119000078,399,199,200
119000079,167,558,-391
119000080,331,247,84
119000081,293,307,-14
119000082,722,193,529
119000083,469,285,184
119000084,283,431,-148
119000085,367,242,125
119000086,225,409,-184
119000087,1550,958,592
119000088,277,261,16
119000089,77,214,-137
119000090,163,174,-11
119000091,127,359,-232
119000092,437,223,214
119000093,4217,3469,748
119000094,2561,6817,-4256
119000095,1447,2804,-1357
119000097,2663,1684,979
119000098,760,2096,-1336
119000099,2272,1925,347
119000100,2770,2555,215
119000101,3828,1578,2250
119000102,1200,752,448
119000103,1863,383,1480
119000104,2796,1339,1457
119000105,813,1451,-638
119000106,304,1520,-1216
119000107,585,413,172
119000108,402,1064,-662
119000109,107,224,-117
119000110,557,270,287
119000111,63,415,-352
119000112,286,76,210
119000113,2332,242,2090
119000114,693,829,-136
119000115,99,203,-104
119000116,128,83,45
119000117,69,340,-271
119000118,3,0,3
119000123,5241,558,4683
119000124,687,192,495
119000125,2688,1025,1663
119000126,949,877,72
119000127,435,705,-270
119000128,21,5,16
119000131,780,916,-136
119000132,2,2,0
119000133,0,8,-8
119000134,2871,656,2215
119000135,96,191,-95
119000136,256,204,52
119000137,139,392,-253
119000138,315,346,-31
119000139,155,224,-69
119000140,146,380,-234
119000284,1445,3277,-1832
119000285,2485,2416,69
119000286,7211,5904,1307
119000287,1526,2448,-922
119000288,2054,1482,572
119000289,2850,4050,-1200
119000290,145,451,-306
119000291,6,403,-397
119000293,63,163,-100
119000294,52,28,24
119000295,2036,427,1609
119000296,151,128,23
119000299,0,0,0
119000302,3412,1428,1984
119000303,37,160,-123
119000310,0,0,0
119000314,1322,7360,-6038
119000315,4,510,-506
119000316,103,114,-11
119000317,36,341,-305
119900001,221,1126,-905
119900002,84,293,-209
119900003,53,1069,-1016
119900004,306,605,-299
119900005,103,134,-31
119900006,163,333,-170
119900007,938,140,798
119900008,45,13,32
119900009,473,580,-107
119900010,910,815,95
119900011,20,59,-39
119900012,20,93,-73
119900013,1568,683,885
119900014,524,172,352
119900015,65,30,35
119900016,54,91,-37
119900017,21,34,-13
119900018,2224,592,1632
119900019,37,3,34
119900020,109,154,-45
119900021,102,56,46
119900022,120,334,-214
119900023,756,1153,-397
119900025,106,18,88
119900026,842,94,748
119900027,35,32,3
119900028,218,85,133
119900029,0,3,-3
119900030,387,447,-60
119900031,51,297,-246
119900033,1944,214,1730
119900034,249,118,131
119900037,175,45,130
119900038,46,205,-159
119900039,46,22,24
119900040,155,8,147
119900041,59,22,37
119900042,54,138,-84
119900043,85,175,-90
119900044,179,583,-404
119900046,68,54,14
119900047,179,52,127
119900048,97,44,53
119900049,81,16,65
119900050,97,83,14
119900051,678,9,669
119900052,24,37,-13
119900053,155,158,-3
119900054,101,9,92
119900055,926,380,546
119900057,111,54,57
119900058,133,4,129
119900059,128,55,73
119900060,166,12,154
119900061,64,2,62
119900062,30,16,14
119900063,11,36,-25
119900065,222,2,220
119900066,0,1,-1
119900067,55,24,31
119900068,279,2,277
119900069,104,12,92
119900070,676,2,674
119900071,467,22,445
119900073,1610,569,1041
119900074,32,28,4
119900075,5247,2245,3002
119900076,372,449,-77
119900077,585,1122,-537
119900078,455,954,-499
119900079,203,208,-5
119900080,391,432,-41
119900081,278,45,233
119900082,877,195,682
119900083,309,112,197
119900084,1180,185,995
119900085,122,86,36
119900086,338,857,-519
119900087,824,284,540
119900088,27,52,-25
119900089,18,533,-515
119900090,151,55,96
119900091,30,950,-920
119900092,22,388,-366
119900093,896,158,738
119900094,55,152,-97
119900095,161,94,67
119900096,36,107,-71
119900097,615,127,488
119900098,20,47,-27
119900099,7,198,-191
119900100,2358,2184,174
119900101,148,896,-748
119900102,28,262,-234
119900103,30,384,-354
119900104,36,247,-211
119900105,768,867,-99
119900106,29,195,-166
119900107,377,3507,-3130
119900108,1730,615,1115
119900109,56,229,-173
119900110,430,645,-215
119900111,40,325,-285
119900112,2707,475,2232
119900113,92,316,-224
119900114,174,1365,-1191
119900115,190,1387,-1197
119900116,94,372,-278
119900117,197,850,-653
119900118,43,1101,-1058
119900119,137,234,-97
119900120,485,606,-121
119900121,292,1164,-872
119900122,621,410,211
119900123,214,338,-124
119900124,179,993,-814
119900125,55,369,-314
119900126,4257,371,3886
119900127,2263,985,1278
119900128,309,690,-381
119900129,160,655,-495
119900130,23,252,-229
119900131,43,280,-237
119900132,13,282,-269
119900133,17,48,-31
119900134,2178,267,1911
119900135,0,464,-464
119900136,165,474,-309
119900138,351,688,-337
119900139,58,50,8
119900140,3,108,-105
119900141,131,651,-520
119900142,11,28,-17
119900143,11,169,-158
119900144,2230,234,1996
119900145,140,222,-82
119900146,162,163,-1
119900147,2,157,-155
119900148,123,69,54
119900149,1631,2793,-1162
119900150,108,180,-72
119900151,1904,660,1244
119900152,62,366,-304
119900153,127,62,65
119900154,35,396,-361
119900155,27,43,-16
119900156,16,3,13
119900157,100,245,-145
119900158,98,66,32
119900159,7,1600,-1593
119900160,17,139,-122
119900161,205,200,5
119900162,628,868,-240
119900163,106,128,-22
119900164,0,2,-2
119900165,131,271,-140
119900166,76,38,38
119900167,87,81,6
119900168,605,446,159
119900169,73,436,-363
119900170,183,204,-21
119900171,690,475,215
119900172,81,10,71
119900173,4,473,-469
119900174,1,149,-148
119900175,824,622,202
119900177,21,242,-221
119900178,35,140,-105
119900179,96,284,-188
119900180,745,680,65
119900181,52,75,-23
119900182,4,357,-353
119900183,119,826,-707
119900184,2516,565,1951
119900185,31,157,-126
119900186,62,644,-582
119900187,11,397,-386
119900188,43,342,-299
119900189,391,272,119
119900190,60,150,-90
119900191,457,142,315
119900192,22,182,-160
119900193,227,167,60
119900194,19,70,-51
119900195,33,137,-104
119900196,1208,355,853
119900197,109,130,-21
119900198,60,342,-282
119900199,101,18,83
119900200,455,575,-120
119900201,324,151,173
119900202,116,149,-33
119900203,144,415,-271
119900204,235,318,-83
119900205,463,598,-135
119900206,118,138,-20
119900208,150,174,-24
119900209,397,921,-524
119900210,32,48,-16
119900211,92,11,81
119900212,188,393,-205
119900213,3,40,-37
119900214,22,102,-80
119900215,62,100,-38
119900216,4,80,-76
119900217,4,76,-72
119900218,18,69,-51
119900219,4,205,-201
119900220,3,117,-114
119900221,16,328,-312
119900222,16,218,-202
119900223,19,76,-57
119900224,12,12,0
119900225,1043,36,1007
119900226,684,1420,-736
119900227,1024,335,689
119900228,73,165,-92
119900229,304,502,-198
119900230,1617,634,983
119900231,170,146,24
119900232,140,95,45
119900233,66,9,57
119900234,32,47,-15
119900235,19,45,-26
119900236,21,189,-168
119900237,47,382,-335
119900238,5,107,-102
119900240,70,175,-105
119900241,155,224,-69
119900242,1168,2148,-980
119900244,792,1398,-606
119900245,73,160,-87
119900246,258,430,-172
119900247,16,77,-61
119900248,46,89,-43
119900249,161,122,39
119900253,3443,308,3135
119900254,64,484,-420
119900255,77,433,-356
119900256,310,781,-471
119900257,38,1,37
119900258,82,9,73
119900259,14,117,-103
119900260,46,5,41
119900261,255,179,76
119900262,1,238,-237
119900263,987,370,617
119900264,64,225,-161
119900265,203,288,-85
119900266,213,287,-74
119900267,188,381,-193
119900268,98,208,-110
119900269,602,940,-338
119900271,23,74,-51
119900272,303,71,232
119900275,66,3,63
119900276,29,4,25
119900277,18,6,12
119900278,191,67,124
119900279,87,187,-100
119900280,869,183,686
119900281,1,164,-163
119900282,45,53,-8
119900283,9,280,-271
119900284,48,186,-138
119900285,21,44,-23
119900286,2,11,-9
119900288,3,53,-50
119900289,0,29,-29
119900290,3,35,-32
119900291,0,41,-41
119900292,46,31,15
119900293,23,25,-2
119900294,22,27,-5
119900295,9,15,-6
119900296,8,96,-88
119900297,1,3,-2
119900298,1,1,0
119900299,40,149,-109
119900300,136,137,-1
119900301,68,23,45
119900302,16,25,-9
119900303,106,121,-15
119900304,102,18,84
119900305,20,98,-78
119900306,22,4,18
119900307,34,107,-73
119900308,5,24,-19
119900309,25,89,-64
119900310,290,296,-6
119900311,58,139,-81
119900312,95,66,29
119900313,291,316,-25
119900314,123,297,-174
119900315,1131,2373,-1242
119900318,10,18,-8
119900319,1,248,-247
119900320,79,583,-504
119900321,41,1,40
119900322,18,48,-30
119900323,1,73,-72
119900324,1,26,-25
119900325,55,218,-163
119900326,62,39,23
120000001,7394,13909,-6515
120000002,2606,3361,-755
120000003,3355,1831,1524
120000004,2969,2469,500
120000005,4825,2237,2588
120000006,1387,1627,-240
120000007,3721,3106,615
120000008,1283,1556,-273
120000009,3968,1226,2742
120000010,1791,3132,-1341
120000011,1062,2173,-1111
120000012,1633,3037,-1404
120000013,2585,2748,-163
120000014,629,1895,-1266
120000015,2870,1790,1080
120000016,3212,2673,539
120000017,2362,2349,13
120000018,4248,9541,-5293
120000019,994,1481,-487
120000020,2941,3216,-275
120000021,1774,2345,-571
120000022,2412,3734,-1322
120000023,947,1780,-833
120000024,1310,2351,-1041
120000025,2235,2444,-209
120000026,1279,1916,-637
120000027,1436,2002,-566
120000028,927,397,530
120000029,3954,632,3322
120000030,145,889,-744
120000031,1610,6774,-5164
120000032,8820,4291,4529
120000033,4298,2020,2278
120000034,1498,2091,-593
120000035,1642,2510,-868
120000036,2585,5043,-2458
120000037,639,1448,-809
120000038,8070,3311,4759
120000039,450,854,-404
120000040,92,128,-36
120000041,1536,1519,17
120000042,1618,2871,-1253
120000043,4441,2439,2002
120000044,4223,1650,2573
120000045,4368,1208,3160
120000046,2059,2244,-185
120000047,1641,4268,-2627
120000048,7882,4267,3615
120000049,4201,2978,1223
120000050,4258,5202,-944
120000051,3278,4874,-1596
120000052,12118,2673,9445
120000053,1072,3548,-2476
120000054,1313,5682,-4369
120000055,1584,5653,-4069
120000056,3259,4337,-1078
120000057,2394,616,1778
120000058,2802,282,2520
120000059,31,1387,-1356
120000061,106,602,-496
120000062,238,315,-77
120000063,1707,2774,-1067
120000064,214,1315,-1101
120000065,531,1695,-1164
120000066,261,434,-173
120000067,65,459,-394
120000068,215,878,-663
120000069,820,1348,-528
120000070,49,931,-882
120000071,331,241,90
120000072,626,573,53
120000073,550,84,466
120000074,182,79,103
120000075,769,301,468
120000076,1424,473,951
120000077,1461,674,787
120000078,3364,1110,2254
120000079,258,480,-222
120000080,154,296,-142
120000081,264,212,52
120000082,162,288,-126
120000083,99,490,-391
120000084,391,410,-19
120000085,269,295,-26
120000086,291,563,-272
120000087,179,880,-701
120000088,702,1468,-766
120000089,881,678,203
120000090,615,439,176
120000091,756,1024,-268
120000092,834,560,274
120000093,248,437,-189
120000094,119,599,-480
120000095,813,538,275
120000096,229,903,-674
120000098,682,855,-173
120000099,235,807,-572
120000100,668,1048,-380
120000101,375,526,-151
120000102,344,650,-306
120000103,994,639,355
120000104,1373,408,965
120000105,2039,645,1394
120000106,1755,615,1140
120000107,2825,603,2222
120000108,1059,161,898
120000109,1084,84,1000
120000110,103,1160,-1057
120000111,153,1388,-1235
120000112,846,3863,-3017
120000113,556,2733,-2177
120000114,993,3294,-2301
120000115,284,2624,-2340
120000116,555,2145,-1590
120000117,1468,1449,19
120000118,47,42,5
120000119,34,66,-32
120000120,59,64,-5
120000121,64,59,5
120000122,322,395,-73
120000123,6422,4831,1591
120000124,339,458,-119
120000125,384,844,-460
120000126,463,719,-256
120000127,2562,782,1780
120000128,4796,2393,2403
120000129,289,303,-14
120000130,726,628,98
120000131,309,555,-246
120000134,307,1181,-874
120000135,337,396,-59
120000137,182,1712,-1530
120000138,553,439,114
120000139,243,838,-595
120000140,544,549,-5
120000141,186,524,-338
120000142,289,539,-250
120000143,2,101,-99
120000144,56,0,56
120000145,298,0,298
120000146,2441,1127,1314
120000149,409,931,-522
120000150,3902,10850,-6948
120000151,388,517,-129
120000152,293,189,104
120000153,154,613,-459
120000154,450,507,-57
120000155,133,299,-166
120000156,1380,625,755
120000157,886,579,307
120000158,751,1029,-278
120000159,2187,2765,-578
120000160,2312,1603,709
120000161,1707,2782,-1075
120000162,76,353,-277
120000163,454,1395,-941
120000164,343,386,-43
120000165,401,899,-498
120000166,1089,561,528
120000167,34,35,-1
120000168,9,209,-200
120000169,36,565,-529
120000170,62,304,-242
120000171,16,97,-81
120000172,23,62,-39
120000173,3806,266,3540
120000174,773,23,750
120000175,1051,20,1031
120000176,544,35,509
120000177,1820,95,1725
120000178,143,10,133
120000179,635,20,615
120000180,656,97,559
120000181,96,230,-134
120000182,77,129,-52
120000183,13,188,-175
120000184,127,728,-601
120000186,119,105,14
120000187,131,57,74
120000188,671,92,579
120000190,1748,23,1725
120000191,1726,58,1668
120000192,1446,31,1415
120000193,506,7,499
120000195,65,4,61
120000196,342,45,297
120000197,108,208,-100
120000198,102,81,21
120000199,78,0,78
120000200,62,1,61
120000201,9,16,-7
120000202,2,54,-52
120000203,41,272,-231
120000207,1,62,-61
120000208,4,262,-258
120000209,12,91,-79
120000210,121,75,46
120000211,83,5,78
120000212,130,0,130
120000213,102,331,-229
120000214,0,357,-357
120000215,3,170,-167
120000216,56,12,44
120000217,645,1227,-582
120000218,201,958,-757
120000219,6,502,-496
120000220,12,1826,-1814
120000225,1028,1,1027
120000226,379,3,376
120000227,634,39,595
120000228,5699,2681,3018
120000230,269,5,264
120000231,863,2179,-1316
120000233,246,34,212
120000235,196,847,-651
120000236,729,3,726
120000237,6,1868,-1862
120000238,3,186,-183
120000241,1057,3756,-2699
120000412,1361,16,1345
120000413,207,417,-210
120000414,97,3,94
120000415,5,208,-203
120000416,56,10,46
120000417,7,84,-77
120000418,59,9,50
120000419,9,437,-428
120000420,43,29,14
120000421,12922,6462,6460
120000422,162,657,-495
120000423,1,55,-54
120000424,50,186,-136
120000436,113,522,-409
120000437,201,174,27
120000438,4427,416,4011
120000439,166,437,-271
120000443,175,1,174
120000444,1007,675,332
120000445,1337,1452,-115
120000446,988,331,657
120000447,151,6,145
120000449,59,8,51
120000450,3,324,-321
120000451,72,232,-160
120000452,104,4,100
120000453,0,536,-536
120000454,105,48,57
120000455,100,111,-11
120000456,2676,3543,-867
120000457,945,746,199
120000458,469,670,-201
120000459,60,89,-29
120000665,1786,168,1618
120000668,117,189,-72
120000669,44,297,-253
120000670,324,309,15
120000671,933,429,504
120000672,144,538,-394
120900001,56,75,-19
120900002,829,330,499
120900003,391,46,345
120900004,14,76,-62
120900005,118,1046,-928
120900006,293,169,124
120900007,114,134,-20
120900008,211,1141,-930
120900009,825,51,774
120900010,388,64,324
120900011,296,153,143
120900012,547,848,-301
120900013,211,53,158
120900014,80,533,-453
120900015,496,44,452
120900016,680,36,644
120900017,2947,129,2818
120900018,96,414,-318
120900019,397,214,183
120900020,724,880,-156
120900021,493,115,378
120900022,55,260,-205
120900023,128,41,87
120900024,1486,369,1117
120900025,1924,1012,912
120900026,137,130,7
120900027,906,45,861
120900028,229,55,174
120900029,151,353,-202
120900030,1017,566,451
120900031,191,57,134
120900032,700,147,553
120900033,726,46,680
120900034,17,2360,-2343
120900035,17,75,-58
120900037,192,13,179
120900038,55,182,-127
120900039,94,36,58
120900040,188,3,185
120900041,230,120,110
120900042,293,55,238
120900043,41,15,26
120900044,5,384,-379
120900045,114,112,2
120900046,272,2,270
120900047,144,75,69
120900048,94,7,87
120900049,265,1,264
120900050,2162,1010,1152
120900051,231,117,114
120900052,462,5,457
120900053,171,90,81
120900054,1423,771,652
120900055,245,1,244
120900056,347,8,339
120900057,125,15,110
120900058,346,1,345
120900059,57,5,52
120900060,46,37,9
120900061,227,406,-179
120900062,176,1,175
120900063,432,2,430
120900064,383,0,383
120900065,287,1,286
120900066,183,322,-139
120900067,229,148,81
120900068,250,0,250
120900069,161,50,111
120900071,3,0,3
120900072,547,1,546
120900073,318,200,118
120900074,442,53,389
120900076,208,0,208
120900077,3485,288,3197
120900078,650,1103,-453
120900079,529,92,437
120900080,485,2244,-1759
120900081,563,740,-177
120900082,568,330,238
120900083,88,2,86
120900084,229,256,-27
120900085,104,139,-35
120900086,102,258,-156
120900087,379,270,109
120900088,208,268,-60
120900089,4345,1823,2522
120900090,88,166,-78
120900091,596,572,24
120900092,1519,702,817
120900093,3189,274,2915
120900094,566,202,364
120900095,474,24,450
120900096,38,203,-165
120900097,593,888,-295
120900098,297,194,103
120900099,40,101,-61
120900100,80,315,-235
120900101,845,319,526
120900102,13,134,-121
120900103,73,193,-120
120900104,29,48,-19
120900105,27,603,-576
120900106,1449,592,857
120900107,254,158,96
120900108,1,800,-799
120900109,44,689,-645
120900110,17,1001,-984
120900111,175,354,-179
120900112,4,1119,-1115
120900113,14,951,-937
120900114,45,197,-152
120900115,176,220,-44
120900116,229,472,-243
120900117,1,613,-612
120900118,5,1010,-1005
120900119,2565,6140,-3575
120900120,47,705,-658
120900121,82,538,-456
120900122,339,619,-280
120900123,2,394,-392
120900124,2,782,-780
120900125,6,929,-923
120900126,1668,1222,446
120900127,10,487,-477
120900128,1151,1431,-280
120900129,62,317,-255
120900130,1,317,-316
120900131,32,43,-11
120900132,549,346,203
120900133,109,976,-867
120900134,971,423,548
120900135,5,664,-659
120900136,17,18,-1
120900137,227,98,129
120900138,28,224,-196
120900139,0,742,-742
120900140,5,40,-35
120900141,144,144,0
120900142,27,625,-598
120900143,4,842,-838
120900144,0,150,-150
120900145,82,787,-705
120900146,3,1105,-1102
120900147,0,362,-362
120900148,90,147,-57
120900149,0,391,-391
120900150,27,624,-597
120900151,2,729,-727
120900152,0,50,-50
120900153,9,58,-49
120900154,0,339,-339
120900155,154,1177,-1023
120900156,15,419,-404
120900157,43,293,-250
120900158,41,645,-604
120900159,100,421,-321
120900160,27,608,-581
120900161,17,461,-444
120900162,17,486,-469
120900163,22,305,-283
120900164,6,7,-1
120900165,15,15,0
120900166,171,202,-31
120900167,642,98,544
120900169,56,540,-484
120900170,1950,1913,37
120900171,1079,394,685
120900172,1648,260,1388
120900173,0,58,-58
120900174,4,105,-101
120900175,247,232,15
120900176,5,354,-349
120900177,3,742,-739
120900178,1,305,-304
120900179,1017,497,520
120900180,119,96,23
120900181,85,63,22
120900182,19,673,-654
120900183,264,203,61
120900184,127,64,63
120900185,1,226,-225
120900186,1,461,-460
120900187,372,773,-401
120900188,100,17,83
120900189,110,751,-641
120900190,30,12,18
120900191,5,30,-25
120900192,12644,4675,7969
120900194,30,70,-40
120900195,110,268,-158
120900196,1037,37,1000
120900197,449,88,361
120900198,287,538,-251
120900199,224,327,-103
120900200,68,158,-90
120900201,519,128,391
120900202,2,189,-187
120900203,38,76,-38
120900204,205,371,-166
120900205,69,80,-11
120900206,11,18,-7
120900207,60,1329,-1269
121000001,1591,1065,526
121000002,4166,2435,1731
121000003,3719,1839,1880
121000004,3211,7830,-4619
121000005,2652,2977,-325
121000006,3991,1751,2240
121000007,4123,2547,1576
121000008,9612,3825,5787
121000009,6939,6033,906
121000010,11119,6831,4288
121000011,8498,13274,-4776
121000012,15668,11642,4026
121000013,5472,7884,-2412
121000014,7907,7305,602
121000015,6132,7525,-1393
121000016,5558,4932,626
121000017,2200,3715,-1515
121000018,2111,1737,374
121000019,17049,10727,6322
121000020,11035,11020,15
121000021,3750,2861,889
121000022,1888,1917,-29
121000023,3902,3037,865
121000024,3325,4120,-795
121000025,650,1777,-1127
121000026,269,149,120
121000027,1761,1298,463
121000028,884,459,425
121000029,1271,703,568
121000030,612,337,275
121000031,843,702,141
121000032,286,74,212
121000034,873,233,640
121000035,369,106,263
121000036,2285,1244,1041
121000037,891,461,430
121000038,913,721,192
121000039,566,470,96
121000041,602,424,178
121000042,298,309,-11
121000043,982,652,330
121000044,2133,732,1401
121000045,481,298,183
121000046,586,666,-80
121000047,800,68,732
121000049,2823,547,2276
121000050,422,1079,-657
121000051,1187,295,892
121000052,618,573,45
121000053,433,103,330
121000054,31,267,-236
121000055,1479,1064,415
121000056,864,1025,-161
121000057,397,482,-85
121000058,465,159,306
121000059,2003,1399,604
121000060,544,1098,-554
121000061,289,153,136
121000062,183,333,-150
121000063,721,624,97
121000064,693,841,-148
121000065,587,309,278
121000066,742,447,295
121000067,1073,351,722
121000068,845,350,495
121000069,593,375,218
121000070,2412,1049,1363
121000071,1547,1133,414
121000072,1452,663,789
121000073,1440,710,730
121000074,117,145,-28
121000075,79,90,-11
121000076,1193,344,849
121000077,155,124,31
121000078,98,161,-63
121000080,2292,608,1684
121000081,1897,3473,-1576
121000082,197,255,-58
121000083,291,131,160
121000084,230,153,77
121000085,277,514,-237
121000086,142,802,-660
121000087,72,207,-135
121000088,417,655,-238
121000089,387,304,83
121000090,593,298,295
121000091,1583,794,789
121000092,209,92,117
121000093,162,195,-33
121000094,456,685,-229
121000095,430,486,-56
121000096,2088,2528,-440
121000097,941,1842,-901
121000098,548,951,-403
121000099,643,741,-98
121000100,980,471,509
121000101,325,226,99
121000102,241,243,-2
121000103,224,206,18
121000104,277,130,147
121000105,252,291,-39
121000106,269,311,-42
121000107,2730,3843,-1113
121000109,1580,1118,462
121000110,343,780,-437
121000114,2934,1881,1053
121000115,970,768,202
121000116,319,880,-561
121000117,923,301,622
121000118,1224,246,978
121000119,391,388,3
121000120,259,419,-160
121000121,756,750,6
121000123,1377,475,902
121000127,192,103,89
121000128,960,420,540
121000129,661,377,284
121000130,454,771,-317
121000131,2026,1456,570
121000132,1259,1176,83
121000135,264,231,33
121000136,2140,566,1574
121000137,426,201,225
121000138,1766,638,1128
121000139,950,73,877
121000141,333,119,214
121000142,857,588,269
121000143,104,26,78
121000144,709,1199,-490
121000145,763,1069,-306
121000146,1195,648,547
121000147,989,354,635
121000148,1003,945,58
121000149,2360,1270,1090
121000152,559,807,-248
121000153,1603,748,855
121000154,782,876,-94
121000155,1075,1394,-319
121000156,350,1176,-826
121000157,1222,2526,-1304
121000158,449,704,-255
121000159,271,561,-290
121000160,283,607,-324
121000161,119,345,-226
121000162,74,195,-121
121000165,1494,1628,-134
121000166,10,801,-791
121000168,498,227,271
121000169,40,128,-88
121000170,300,135,165
121000171,38,168,-130
121000172,582,498,84
121000173,1121,1011,110
121000174,307,420,-113
121000175,1030,440,590
121000176,403,299,104
121000177,1479,628,851
121000178,194,49,145
121000179,77,45,32
121000181,543,430,113
121000182,73,144,-71
121000183,45,79,-34
121000184,149,89,60
121000185,35,167,-132
121000186,191,258,-67
121000187,151,214,-63
121000188,166,196,-30
121000192,657,284,373
121000193,846,442,404
121000194,2308,2208,100
121000195,517,962,-445
121000196,1321,242,1079
121000197,399,518,-119
121000198,550,96,454
121000199,245,337,-92
121000200,773,61,712
121000201,2,200,-198
121000202,1096,79,1017
121000203,930,1781,-851
121000204,3042,571,2471
121000205,296,220,76
121000206,214,22,192
121000207,2054,393,1661
121000208,12,367,-355
121000209,390,350,40
121000210,468,424,44
121000211,274,175,99
121000212,270,642,-372
121000213,7375,2781,4594
121000214,537,3550,-3013
121000215,1176,706,470
121000216,734,885,-151
121000217,6139,4360,1779
121000218,769,1760,-991
121000219,2703,585,2118
121000220,487,49,438
121000221,180,269,-89
121000222,3283,2285,998
121000223,1385,412,973
121000224,635,221,414
121000225,4203,1373,2830
121000226,11082,1572,9510
121000227,7,171,-164
121000228,20,607,-587
121000229,217,326,-109
121000230,54,1575,-1521
121000231,884,48,836
121000232,328,288,40
121000233,684,430,254
121000234,68,48,20
121000235,119,65,54
121000236,11,86,-75
121000237,45,13,32
121000238,8,105,-97
121000239,68,7,61
121000240,25,337,-312
121000241,108,10,98
121000242,68,232,-164
121000243,554,174,380
121000244,13,69,-56
121000245,135,35,100
121000246,6,72,-66
121000247,106,5,101
121000248,1391,623,768
121000249,172,273,-101
121000250,775,144,631
121000251,15,522,-507
121000252,116,77,39
121000253,954,485,469
121000254,1457,264,1193
121000255,291,167,124
121000256,571,170,401
121000257,173,75,98
121000258,452,44,408
121000259,138,48,90
121000260,348,133,215
121000261,426,46,380
121000262,939,1622,-683
121000263,395,368,27
121000271,240,1914,-1674
121000273,282,3,279
121000274,11,34,-23
121000275,12,12,0
121000276,9,32,-23
121000278,187,43,144
121000279,72,13,59
121000280,111,31,80
121000289,200,20,180
121000290,1317,711,606
121000294,109,127,-18
121000297,1161,1608,-447
121000299,889,275,614
121000300,542,716,-174
121000302,193,1081,-888
121000303,646,389,257
121000304,441,67,374
121000305,189,31,158
121000306,122,99,23
121000308,178,463,-285
121000309,594,718,-124
121000310,142,320,-178
121000311,68,993,-925
121000312,312,244,68
121000313,391,620,-229
121000314,273,148,125
121000315,94,147,-53
121000530,1134,1260,-126
121000531,1116,1286,-170
121000532,5808,5584,224
121000533,2499,2989,-490
121000918,155,205,-50
121000919,122,65,57
121000938,727,546,181
121000939,1010,350,660
121000956,1038,1400,-362
121000957,2,4,-2
121000958,269,29,240
121000959,675,683,-8
121000960,2714,1902,812
121000961,222,140,82
121000962,300,1196,-896
121000963,0,0,0
121000973,1,124,-123
121000976,9,208,-199
121000979,260,59,201
121000981,499,296,203
121000982,514,162,352
121000983,504,334,170
121000984,53,45,8
121000985,641,557,84
121000986,641,298,343
121000987,232,1128,-896
121000988,820,122,698
121001302,373,99,274
121001308,3,8,-5
121001309,211,97,114
121001313,645,283,362
121001314,3019,4103,-1084
121001315,4354,2431,1923
121900001,104,169,-65
121900002,158,35,123
121900003,506,15,491
121900004,151,327,-176
121900005,28,8,20
121900006,103,26,77
121900007,1609,3285,-1676
121900008,1117,115,1002
121900009,426,24,402
121900010,248,3,245
121900011,171,292,-121
121900012,42,2,40
121900013,1828,62,1766
121900014,1020,441,579
121900015,139,160,-21
121900016,6,38,-32
121900017,341,418,-77
121900018,293,7,286
121900019,324,187,137
121900020,24,0,24
121900021,742,12,730
121900022,230,195,35
121900023,70,260,-190
121900024,312,73,239
121900025,524,258,266
121900026,321,38,283
121900027,231,106,125
121900028,126,16,110
121900029,173,120,53
121900030,708,774,-66
121900031,959,7423,-6464
121900032,92,67,25
121900033,112,142,-30
121900034,565,98,467
121900035,1830,2104,-274
121900036,84,225,-141
121900037,114,460,-346
121900038,30,166,-136
121900039,444,38,406
121900040,34,67,-33
121900041,41,148,-107
121900042,324,105,219
121900043,29,5,24
121900044,145,66,79
121900046,206,164,42
121900047,153,49,104
121900048,24,111,-87
121900050,36,28,8
121900051,135,123,12
121900052,132,30,102
121900053,323,350,-27
121900054,487,686,-199
121900055,2,17,-15
121900058,223,192,31
121900059,401,150,251
121900060,113,255,-142
121900061,822,116,706
121900062,109,99,10
121900063,1617,226,1391
121900064,284,484,-200
121900066,57,7,50
121900067,23,40,-17
121900069,178,84,94
121900070,268,84,184
121900071,220,178,42
121900072,34,149,-115
121900073,252,149,103
121900074,520,799,-279
121900075,1101,359,742
121900076,1054,480,574
121900077,23,37,-14
121900078,48,16,32
121900079,0,0,0
121900080,675,363,312
121900082,44,118,-74
121900084,5,192,-187
121900085,1,10,-9
121900086,16,34,-18
121900087,181,97,84
121900088,1400,3020,-1620
121900089,170,302,-132
121900090,14,94,-80
121900091,51,138,-87
121900092,73,56,17
121900093,55,65,-10
121900094,17,4,13
121900095,165,85,80
121900096,1494,421,1073
121900097,522,144,378
121900098,2,5,-3
121900099,235,56,179
121900100,190,237,-47
121900101,135,141,-6
121900102,3,99,-96
121900103,1156,169,987
121900104,1456,323,1133
121900105,199,134,65
121900106,2,6,-4
121900107,39,16,23
121900108,2,13,-11
121900109,410,161,249
121900110,360,1001,-641
121900111,1528,134,1394
121900112,214,61,153
121900113,83,529,-446
121900114,6,13,-7
121900117,219,40,179
121900118,2043,534,1509
121900119,117,100,17
121900120,29,1583,-1554
121900121,569,48,521
121900122,21,35,-14
121900123,109,482,-373
121900124,112,154,-42
121900125,729,1112,-383
121900127,4,56,-52
121900128,113,88,25
121900129,590,186,404
121900130,89,174,-85
121900131,288,69,219
121900132,69,91,-22
121900133,89,435,-346
121900134,30,103,-73
121900135,1688,205,1483
121900136,209,387,-178
121900137,35,459,-424
121900138,132,160,-28
121900139,399,350,49
121900140,91,136,-45
121900141,60,8,52
121900142,95,149,-54
121900143,5,184,-179
121900144,128,219,-91
121900145,183,185,-2
121900146,661,646,15
121900147,81,161,-80
121900148,144,281,-137
121900149,318,595,-277
121900150,66,100,-34
121900151,96,197,-101
121900152,71,146,-75
121900153,79,490,-411
121900154,14,172,-158
121900155,1,87,-86
121900156,116,81,35
121900157,3,349,-346
121900158,75,73,2
121900159,0,234,-234
121900160,55,219,-164
121900161,413,303,110
121900162,137,146,-9
121900163,251,553,-302
121900164,446,131,315
121900165,264,91,173
121900166,344,88,256
121900167,196,82,114
121900168,206,167,39
121900169,3,221,-218
121900170,3,202,-199
121900171,550,483,67
121900172,460,261,199
121900173,938,284,654
121900174,30,53,-23
121900175,339,113,226
121900176,738,1230,-492
121900177,179,58,121
121900178,54,60,-6
121900179,329,131,198
121900180,4062,3498,564
121900182,876,208,668
121900183,768,586,182
121900184,61,369,-308
121900186,2,181,-179
121900187,91,130,-39
121900188,387,463,-76
121900189,30,78,-48
121900190,209,527,-318
121900191,74,163,-89
121900192,383,581,-198
121900193,74,118,-44
121900194,4,102,-98
121900195,111,87,24
121900196,872,1278,-406
121900197,237,1464,-1227
121900198,925,1509,-584
121900199,4,19,-15
121900200,171,198,-27
121900201,907,635,272
121900202,96,442,-346
121900203,193,911,-718
121900204,871,1432,-561
121900205,11,92,-81
121900206,11,10,1
121900207,175,26,149
121900208,177,244,-67
121900209,56,23,33
121900210,1692,1058,634
121900211,236,591,-355
121900212,126,103,23
121900213,130,91,39
121900214,5,468,-463
121900215,72,55,17
121900216,86,87,-1
121900217,224,100,124
121900218,185,420,-235
121900220,105,3,102
121900221,290,830,-540
121900222,198,120,78
121900223,182,32,150
121900224,95,50,45
121900225,261,70,191
121900226,205,497,-292
121900227,173,366,-193
121900228,158,361,-203
121900230,159,91,68
121900231,442,408,34
121900232,282,289,-7
121900233,168,186,-18
121900234,347,225,122
121900235,486,156,330
121900236,350,126,224
121900237,189,258,-69
121900238,110,265,-155
121900239,141,27,114
121900240,156,104,52
121900241,30,38,-8
121900242,24,55,-31
121900243,1,0,1
121900244,3,1,2
121900245,215,106,109
121900246,1976,376,1600
121900247,206,210,-4
121900248,1066,852,214
121900250,241,210,31
121900251,244,22,222
121900252,513,113,400
121900253,243,930,-687
121900254,526,188,338
121900255,170,78,92
121900258,2429,2100,329
121900259,309,633,-324
121900260,138,175,-37
121900261,200,619,-419
121900262,334,1318,-984
121900263,154,352,-198
121900264,1843,1646,197
121900265,257,257,0
121900266,333,133,200
121900267,58,37,21
121900269,118,459,-341
121900270,20,191,-171
121900271,48,113,-65
121900273,709,2044,-1335
121900274,213,188,25
121900277,314,722,-408
121900278,145,643,-498
121900279,174,139,35
121900280,255,260,-5
121900281,478,126,352
121900284,19,8,11
121900286,119,72,47
121900287,7,27,-20
121900288,23,3,20
121900290,192,175,17
121900291,334,564,-230
121900292,253,141,112
121900293,990,2566,-1576
121900294,227,2,225
121900295,114,268,-154
121900296,163,43,120
121900298,493,577,-84
121900299,0,0,0
121900300,55,4,51
121900301,97,4,93
121900302,0,43,-43
121900303,868,216,652
121900304,0,23,-23
121900305,2,1,1
121900306,61,1,60
121900307,22,14,8
121900308,21,247,-226
121900309,16,197,-181
121900310,17,403,-386
121900311,317,32,285
121900312,154,18,136
121900313,550,31,519
121900314,16,39,-23
121900315,3,0,3
121900316,0,9,-9
121900317,19,6,13
121900318,2,13,-11
121900319,34,247,-213
121900320,62,106,-44
121900321,5,2,3
121900322,0,15,-15
121900323,6,11,-5
121900324,5,47,-42
121900325,15,6,9
121900326,0,11,-11
121900327,0,59,-59
121900328,0,33,-33
121900329,1,171,-170
121900330,0,56,-56
121900331,21,12,9
121900332,66,41,25
121900333,28,6,22
121900334,125,70,55
122000001,2346,3898,-1552
122000002,4680,1531,3149
122000003,1926,1987,-61
122000004,2863,1523,1340
122000005,2342,1324,1018
122000006,2229,667,1562
122000007,1551,1622,-71
122000008,5021,5499,-478
122000009,541,320,221
122000010,2224,3055,-831
122000011,2884,1225,1659
122000012,1221,1018,203
122000013,2827,1248,1579
122000014,1726,2172,-446
122000015,1700,1162,538
122000016,595,901,-306
122000017,1095,991,104
122000018,1517,1103,414
122000019,806,1174,-368
122000020,203,199,4
122000021,563,486,77
122000022,1445,1282,163
122000023,683,2811,-2128
122000024,1018,832,186
122000025,2535,1314,1221
122000026,1434,827,607
122000027,549,4704,-4155
122000028,713,425,288
122000029,535,335,200
122000030,496,158,338
122000031,177,323,-146
122000032,2064,4044,-1980
122000033,1122,996,126
122000034,1090,673,417
122000035,310,1000,-690
122000036,529,495,34
122000037,336,233,103
122000038,313,363,-50
122000039,854,641,213
122000040,511,631,-120
122000041,557,563,-6
122000042,517,504,13
122000043,167,130,37
122000044,166,148,18
122000045,2164,510,1654
122000046,970,1181,-211
122000047,383,225,158
122000048,3724,4793,-1069
122000049,5764,2272,3492
122000050,2370,650,1720
122000051,507,343,164
122000052,645,277,368
122000053,288,606,-318
122000054,3007,1914,1093
122000055,3672,2720,952
122000056,5112,4134,978
122000057,3380,3262,118
122000058,3785,1095,2690
122000059,3399,1613,1786
122000060,1050,663,387
122000061,606,484,122
122000062,1969,346,1623
122000063,1968,715,1253
122000064,4518,2329,2189
122000065,6721,2342,4379
122000066,1512,839,673
122000067,2642,1357,1285
122000068,1443,2088,-645
122000069,700,538,162
122000070,686,4194,-3508
122000071,1012,1574,-562
122000072,369,350,19
122000073,456,491,-35
122000074,2768,1471,1297
122000075,589,1408,-819
122000076,1879,1092,787
122000077,2356,672,1684
122000078,3121,2167,954
122000079,3181,946,2235
122000080,1595,376,1219
122000081,207,333,-126
122000082,1587,698,889
122000083,1396,3956,-2560
122000084,1341,820,521
122000085,264,1991,-1727
122000086,2115,6192,-4077
122000087,342,130,212
122000088,346,322,24
122000089,6856,3019,3837
122000090,294,536,-242
122000091,483,67,416
122000092,311,17,294
122000093,2445,1053,1392
122000094,7804,1700,6104
122000095,2912,2867,45
122000096,1817,1953,-136
122000098,2857,1616,1241
122000099,4800,615,4185
122000100,1302,736,566
122000101,301,1356,-1055
122000102,1487,990,497
122000103,2005,1353,652
122000104,308,150,158
122000105,347,202,145
122000106,640,485,155
122000107,1070,545,525
122000108,499,667,-168
122000109,350,467,-117
122000110,326,427,-101
122000111,2749,1233,1516
122000112,848,1649,-801
122000113,664,587,77
122000114,6152,1749,4403
122000115,2033,2432,-399
122000116,385,424,-39
122000117,999,350,649
122000118,361,583,-222
122000119,2544,1603,941
122000120,2132,2740,-608
122000121,2251,2211,40
122000122,720,1270,-550
122000123,1901,1421,480
122000124,808,335,473
122000125,479,511,-32
122000126,602,663,-61
122000127,1283,1006,277
122000128,536,710,-174
122000129,462,1380,-918
122000130,2644,1055,1589
122000131,1290,987,303
122000132,663,389,274
122000133,913,1395,-482
122000134,719,724,-5
122000135,705,588,117
122000136,622,501,121
122000137,1123,666,457
122000139,2099,3126,-1027
122000140,1687,576,1111
122000141,3913,872,3041
122000142,508,516,-8
122000143,425,350,75
122000144,1540,1159,381
122000145,1617,706,911
122000146,610,891,-281
122000147,1124,390,734
122000148,2986,1429,1557
122000149,2006,1272,734
122000150,1339,915,424
122000151,267,376,-109
122000152,504,369,135
122000153,390,290,100
122000154,350,147,203
122000155,1575,3002,-1427
122000156,2233,1971,262
122000157,2488,1273,1215
122000158,478,556,-78
122000159,985,1422,-437
122000160,3325,1714,1611
122000161,1145,830,315
122000162,1631,1588,43
122000163,225,58,167
122000164,38,49,-11
122000165,1225,744,481
122000166,1954,1365,589
122000167,295,166,129
122000168,182,442,-260
122000169,894,225,669
122000170,281,184,97
122000171,70,82,-12
122000172,1352,1710,-358
122000173,1356,2260,-904
122000174,3089,818,2271
122000175,1844,315,1529
122000176,304,686,-382
122000177,2275,1383,892
122000178,3912,3303,609
122000179,1663,2840,-1177
122000180,1919,1286,633
122000181,1941,3329,-1388
122000182,1828,1369,459
122000183,1636,1247,389
122000184,2402,2166,236
122000185,1317,1257,60
122000186,588,745,-157
122000187,2267,873,1394
122000188,359,195,164
122000189,271,320,-49
122000190,1618,1036,582
122000191,1452,681,771
122000192,1434,335,1099
122000193,445,502,-57
122000194,977,179,798
122000195,279,404,-125
122000196,1185,463,722
122000197,482,436,46
122000198,630,772,-142
122000199,599,316,283
122000200,2066,724,1342
122000201,1722,1250,472
122000202,1635,1068,567
122000203,2088,1384,704
122000204,1130,1883,-753
122000205,1244,1648,-404
122000206,2171,707,1464
122000207,1975,825,1150
122000208,3220,1086,2134
122000209,3201,433,2768
122000210,2087,1486,601
122000211,1743,914,829
122000212,958,546,412
122000213,1143,1473,-330
122000214,1931,1699,232
122000215,1738,1552,186
122000217,2300,1196,1104
122000218,843,105,738
122000219,1295,890,405
122000220,353,570,-217
122000221,79,454,-375
122000222,679,165,514
122000223,1512,375,1137
122000225,1010,216,794
122000226,2269,1772,497
122000227,276,2837,-2561
122000228,266,267,-1
122000229,21,328,-307
122000230,73,550,-477
122000231,277,658,-381
122000232,625,784,-159
122000233,2,89,-87
122000234,555,178,377
122000235,1039,151,888
122000236,778,144,634
122000237,137,74,63
122000238,288,356,-68
122000239,507,169,338
122000240,1118,504,614
122000241,1219,485,734
122000242,556,115,441
122000243,217,56,161
122000244,74,329,-255
122000245,118,201,-83
122000246,300,160,140
122000247,541,642,-101
122000248,1322,1919,-597
122000249,861,818,43
122000250,1891,1215,676
122000251,233,448,-215
122000252,548,81,467
122000253,44,259,-215
122000254,261,96,165
122000255,672,1456,-784
122000256,373,1160,-787
122000257,184,287,-103
122000258,207,300,-93
122000259,19,491,-472
122000260,1,95,-94
122000261,8,208,-200
122000262,1,50,-49
122000263,262,102,160
122000264,1174,450,724
122000265,3360,841,2519
122000266,7441,634,6807
122000267,106,81,25
122000268,164,329,-165
122000269,1163,274,889
122000270,1830,129,1701
122000271,440,936,-496
122000272,408,825,-417
122000273,471,316,155
122000274,154,199,-45
122000275,62,183,-121
122000276,513,424,89
122000277,1278,1197,81
122000278,1316,720,596
122000279,180,456,-276
122000280,1310,722,588
122000281,859,651,208
122000282,307,119,188
122000283,1239,66,1173
122000284,215,90,125
122000285,750,94,656
122000286,330,123,207
122000287,1639,1272,367
122000288,933,225,708
122000291,1489,698,791
122000293,367,260,107
122000294,122,239,-117
122000295,1330,158,1172
122000296,70,790,-720
122000297,2225,2594,-369
122000299,340,361,-21
122000300,492,635,-143
122000301,10666,3290,7376
122000302,1114,1619,-505
122000303,4086,1392,2694
122000304,119,200,-81
122000305,951,299,652
122000306,34,789,-755
122000307,189,169,20
122000309,162,67,95
122000310,92,90,2
122000311,440,238,202
122000312,221,102,119
122000313,228,67,161
122000314,122,261,-139
122000315,303,20,283
122000316,708,233,475
122000317,1117,217,900
122000318,353,701,-348
122000319,219,457,-238
122000320,416,2082,-1666
122000321,135,170,-35
122000322,2341,3252,-911
122000323,1827,2154,-327
122000324,1800,1324,476
122000325,997,1352,-355
122000326,69,110,-41
122000327,427,708,-281
122000328,1223,588,635
122000330,1847,626,1221
122000332,316,415,-99
122000333,9,126,-117
122000337,774,1351,-577
122000338,341,316,25
122000340,491,276,215
122000342,1790,921,869
122000343,402,1058,-656
122000344,48,17,31
122000345,309,48,261
122000346,287,537,-250
122000348,527,578,-51
122000349,70,550,-480
122000351,119,156,-37
122000352,536,148,388
122000353,107,112,-5
122000355,161,130,31
122000356,2147,955,1192
122000357,71,27,44
122000358,1,61,-60
122000359,0,24,-24
122000360,11,28,-17
122000362,8,63,-55
122000364,117,275,-158
122000365,0,34,-34
122000366,5,5,0
122000368,373,536,-163
122000370,15,63,-48
122000371,83,0,83
122000372,10,2,8
122000381,45,386,-341
122000382,81,204,-123
122000384,5096,2070,3026
122000385,46,0,46
122000386,1026,1281,-255
122000387,1185,427,758
122000388,2003,624,1379
122000389,247,537,-290
122000390,707,264,443
122000391,574,123,451
122000392,160,194,-34
122000393,573,152,421
122000394,495,227,268
122000395,222,189,33
122000396,351,109,242
122000397,107,80,27
122000398,37,64,-27
122000399,192,66,126
122000400,266,428,-162
122000401,134,95,39
122000402,212,178,34
122000403,439,897,-458
122000404,115,310,-195
122000408,958,1366,-408
122000503,18,149,-131
122000524,145,90,55
122000544,61,4394,-4333
122000616,407,0,407
122000640,57,163,-106
122000641,112,432,-320
122000642,2232,933,1299
122000643,43,157,-114
122000644,209,28,181
122000645,104,325,-221
122000651,2476,736,1740
122000664,164,41,123
122000665,1137,479,658
122000666,549,1025,-476
122000673,42,365,-323
122000674,154,59,95
122000675,1772,1268,504
122000686,333,978,-645
122000687,2264,344,1920
122000688,181,642,-461
122000689,783,724,59
122000690,1133,637,496
122000691,334,1989,-1655
122000692,1277,375,902
122000693,338,1306,-968
122000695,228,443,-215
122000696,268,281,-13
122000698,250,685,-435
122000699,216,57,159
122000701,1443,402,1041
122000702,431,1751,-1320
122000703,162,89,73
122000712,0,0,0
122000717,142,37,105
122000718,260,684,-424
122000719,152,94,58
122000720,344,321,23
122000724,125,23,102
122900001,25,5,20
122900002,1192,4837,-3645
122900003,412,39,373
122900004,474,40,434
122900005,70,26,44
122900006,1598,162,1436
122900007,170,53,117
122900008,992,82,910
122900009,725,395,330
122900010,189,215,-26
122900012,245,228,17
122900014,150,283,-133
122900015,1810,602,1208
122900016,213,242,-29
122900017,413,639,-226
122900018,193,25,168
122900019,8,199,-191
122900020,839,252,587
122900021,33,990,-957
122900022,603,849,-246
122900023,466,206,260
122900024,108,95,13
122900025,23,160,-137
122900026,95,299,-204
122900027,53,715,-662
122900028,157,206,-49
122900029,4080,3144,936
122900030,1003,445,558
122900031,98,284,-186
122900032,77,505,-428
122900033,434,143,291
122900034,3285,5767,-2482
122900035,20,27,-7
122900036,62,224,-162
122900037,522,96,426
122900038,118,3788,-3670
122900039,92,667,-575
122900040,339,277,62
122900041,381,163,218
122900042,177,225,-48
122900043,669,189,480
122900044,122,338,-216
122900045,95,84,11
122900046,399,80,319
122900047,419,203,216
122900048,47,391,-344
122900049,1282,105,1177
122900051,106,96,10
122900052,78,177,-99
122900053,18,40,-22
122900055,437,121,316
122900057,386,46,340
122900061,468,188,280
122900062,422,663,-241
122900063,243,330,-87
122900064,1897,443,1454
122900065,634,170,464
122900066,550,294,256
122900067,1111,635,476
122900068,106,253,-147
122900069,258,1951,-1693
122900070,373,21,352
122900071,111,481,-370
122900072,13,552,-539
122900073,18,254,-236
122900074,800,548,252
122900075,4,63,-59
122900076,5,185,-180
122900077,2,141,-139
122900078,144,143,1
122900080,43,23,20
122900081,337,128,209
122900082,628,186,442
122900083,175,92,83
122900084,7,222,-215
122900086,9,77,-68
122900087,334,341,-7
122900088,47,94,-47
122900089,98,131,-33
122900090,14,643,-629
122900091,178,2,176
122900092,0,174,-174
122900093,0,229,-229
122900094,2,170,-168
122900095,215,1,214
122900096,186,152,34
122900097,48,19,29
122900098,79,82,-3
122900099,43,13,30
122900100,1005,149,856
122900101,1044,299,745
122900102,24,19,5
122900103,90,13,77
122900104,106,8,98
122900105,10,3,7
122900106,3,89,-86
122900107,2,167,-165
122900108,3,209,-206
123000001,2099,431,1668
123000002,5077,3942,1135
123000003,4077,4012,65
123000004,3411,4845,-1434
123000005,2817,3231,-414
123000006,2644,2867,-223
123000007,3541,3128,413
123000008,2644,3648,-1004
123000009,5218,3457,1761
123000010,3648,3542,106
123000011,5880,908,4972
123000012,1301,2547,-1246
123000013,3766,908,2858
123000014,1494,3957,-2463
123000015,3952,991,2961
123000016,4664,3350,1314
123000017,2983,2005,978
123000018,57,124,-67
123000019,173,318,-145
123000020,108,142,-34
123000021,65,419,-354
123000022,356,3776,-3420
123000023,1505,1491,14
123000024,1759,658,1101
123000025,230,300,-70
123000026,22,47,-25
123000027,1351,250,1101
123000028,2085,190,1895
123000029,3105,356,2749
123000030,477,389,88
123000031,121,262,-141
123000032,328,244,84
123000033,338,72,266
123000034,1354,1334,20
123000035,303,398,-95
123000036,219,904,-685
123000037,224,255,-31
123000038,147,306,-159
123000039,432,1150,-718
123000040,897,299,598
123000041,1497,822,675
123000042,1601,449,1152
123000043,3518,7272,-3754
123000044,5070,2314,2756
123000045,8604,2550,6054
123000046,812,1280,-468
123000047,2482,1208,1274
123000048,57,593,-536
123000049,6294,6895,-601
123000050,1015,1325,-310
123000051,137,243,-106
123000052,558,3274,-2716
123000053,2263,3269,-1006
123000054,1176,1083,93
123000055,1102,1747,-645
123000056,1450,1793,-343
123000057,13606,6130,7476
123000058,692,840,-148
123000059,447,489,-42
123000060,757,246,511
123000061,204,693,-489
123000063,793,928,-135
123000064,855,217,638
123000065,6244,3429,2815
123000066,784,730,54
123000067,648,543,105
123000068,2970,3310,-340
123000069,6250,3810,2440
123000070,278,745,-467
123000071,856,1111,-255
123000072,1169,1248,-79
123000073,1213,834,379
123000074,1045,1625,-580
123000075,316,1022,-706
123000076,514,816,-302
123000077,2165,3390,-1225
123000078,1179,1786,-607
123000079,1160,2043,-883
123000080,2157,2364,-207
123000081,176,460,-284
123000082,426,939,-513
123000083,957,221,736
123000084,505,877,-372
123000085,267,70,197
123000086,333,302,31
123000087,298,379,-81
123000088,967,904,63
123000089,487,1301,-814
123000090,1277,1212,65
123000091,1449,2115,-666
123000092,1071,1558,-487
123000094,493,208,285
123000095,380,615,-235
123000096,611,457,154
123000097,530,845,-315
123000098,612,641,-29
123000099,497,768,-271
123000100,604,700,-96
123000101,628,634,-6
123000102,537,673,-136
123000104,334,432,-98
123000105,421,499,-78
123000106,461,447,14
123000107,430,619,-189
123000108,771,1305,-534
123000111,744,320,424
123000112,918,583,335
123000113,582,1361,-779
123000114,437,645,-208
123000115,345,278,67
123000116,24,168,-144
123000117,1452,1801,-349
123000118,424,909,-485
123000119,234,913,-679
123000120,441,816,-375
123000121,467,756,-289
123000122,513,249,264
123000123,478,764,-286
123000124,594,585,9
123000125,1317,1238,79
123000126,1740,3333,-1593
123000127,1188,710,478
123000128,334,366,-32
123000129,594,197,397
123000130,409,72,337
123000131,670,590,80
123000132,433,584,-151
123000133,339,398,-59
123000134,495,200,295
123000135,1781,1136,645
123000136,246,1055,-809
123000137,96,385,-289
123000138,104,388,-284
123000139,412,150,262
123000140,130,693,-563
123000141,778,124,654
123000142,998,1007,-9
123000143,2103,2572,-469
123000144,29,15,14
123000145,243,76,167
123000146,93,107,-14
123000147,249,105,144
123000149,441,367,74
123000150,307,237,70
123000151,365,486,-121
123000152,73,364,-291
123000153,180,613,-433
123000154,1892,2063,-171
123000155,2111,941,1170
123000156,63,161,-98
123000157,668,759,-91
123000158,637,809,-172
123000159,3585,2204,1381
123000160,860,672,188
123000161,1399,1105,294
123000162,721,1579,-858
123000163,401,84,317
123000164,1471,325,1146
123000165,413,1681,-1268
123000166,40,190,-150
123000167,183,255,-72
123000168,237,271,-34
123000169,648,145,503
123000170,81,206,-125
123000171,550,35,515
123000172,165,532,-367
123000173,452,280,172
123000174,973,359,614
123000175,599,1219,-620
123000176,644,259,385
123000177,231,774,-543
123000178,868,153,715
123000179,77,578,-501
123000180,1413,317,1096
123000181,314,1506,-1192
123000182,184,323,-139
123000183,175,596,-421
123000184,56,617,-561
123000185,446,401,45
123000186,4,552,-548
123000187,514,9,505
123000188,203,5,198
123000189,139,182,-43
123000190,53,53,0
123000192,14,339,-325
123000193,66,859,-793
123000194,379,306,73
123000195,223,51,172
123000196,275,71,204
123000197,41,235,-194
123000198,198,269,-71
123000199,5,647,-642
123000200,463,17,446
123000201,750,62,688
123000202,15,1187,-1172
123000203,826,100,726
123000204,91,1175,-1084
123000205,555,1866,-1311
123000206,1789,267,1522
123000207,85,814,-729
123000208,521,150,371
123000209,1975,555,1420
123000210,579,1846,-1267
123000211,545,2396,-1851
123000212,2681,380,2301
123000213,629,98,531
123000215,350,118,232
123000216,236,764,-528
123000217,185,37,148
123000218,118,437,-319
123000219,896,187,709
123000220,497,70,427
123000221,292,85,207
123000222,517,383,134
123000223,173,345,-172
123000224,385,550,-165
123000225,183,89,94
123000226,73,309,-236
123000227,111,260,-149
123000228,172,62,110
123000229,1165,1632,-467
123000232,80,716,-636
123000233,643,190,453
123000234,159,726,-567
123000235,613,264,349
123000236,233,683,-450
123000237,350,85,265
123000238,80,681,-601
123000239,453,1490,-1037
123000240,45,469,-424
123000241,656,123,533
123000242,115,232,-117
123000243,952,1074,-122
123000244,970,667,303
123000245,46,203,-157
123000249,542,929,-387
123000252,923,201,722
123000253,799,480,319
123000254,506,847,-341
123000255,1095,818,277
123000256,30,214,-184
123000257,2945,2268,677
123000258,871,947,-76
123000259,222,343,-121
123000260,371,488,-117
123000261,159,180,-21
123000262,88,234,-146
123000263,350,99,251
123000264,148,65,83
123000265,42,162,-120
123000266,392,712,-320
123000267,468,294,174
123000268,42,49,-7
123000269,66,54,12
123000270,21,56,-35
123000271,129,60,69
123000272,697,273,424
123000273,259,642,-383
123000274,1170,591,579
123000275,319,953,-634
123000278,3000,2480,520
123000279,91,131,-40
123000280,310,287,23
123000281,296,115,181
123000282,150,300,-150
123000283,100,90,10
123000284,50,124,-74
123000286,321,250,71
123000287,626,272,354
123000288,1316,723,593
123000289,568,936,-368
123000291,261,766,-505
123000294,260,244,16
123000295,935,882,53
123000296,580,437,143
123000297,614,841,-227
123000298,519,468,51
123000299,44,268,-224
123000300,832,872,-40
123000301,179,244,-65
123000302,70,223,-153
123000303,183,85,98
123000305,1072,881,191
123000306,132,219,-87
123000309,47,66,-19
123000310,58,45,13
123000311,1,73,-72
123000312,807,833,-26
123000313,407,408,-1
123000315,55,300,-245
123000316,1646,268,1378
123000317,293,88,205
123000318,65,217,-152
123000329,20,12,8
123000337,1138,283,855
123000338,1150,51,1099
123000339,132,222,-90
123000340,160,462,-302
123000342,22,111,-89
123000343,70,3,67
123000344,1231,483,748
123000345,327,509,-182
123000346,288,73,215
123000352,1620,811,809
123000353,24,129,-105
123000354,581,3,578
123000355,1,575,-574
123000356,203,6,197
123000357,1,219,-218
123000359,1,167,-166
123000360,193,147,46
123000361,456,277,179
123000362,243,96,147
123000363,106,144,-38
123000364,440,491,-51
123000365,23,282,-259
123000366,281,1892,-1611
123000367,293,1090,-797
123000370,61,202,-141
123000371,206,19,187
123000372,232,15,217
123000373,2,352,-350
123000374,4,201,-197
123000375,240,30,210
123000376,948,665,283
123000377,256,10,246
123000378,9,307,-298
123000379,5,214,-209
123000380,53,276,-223
123000381,168,38,130
123000382,911,91,820
123000383,178,1130,-952
123000384,477,78,399
123000385,498,741,-243
123000436,48,1200,-1152
123000507,251,361,-110
123000508,312,658,-346
123000517,302,22,280
123000518,21,301,-280
123000519,124,92,32
123000520,45,238,-193
123000521,282,113,169
123000522,108,497,-389
123000541,2,1,1
123000542,0,22,-22
123000565,607,17,590
123000566,176,550,-374
123000567,75,209,-134
123000573,22,598,-576
123000574,543,46,497
123000575,1076,1062,14
123000576,709,1434,-725
123000577,98,759,-661
123000578,718,75,643
123000579,4225,4845,-620
123000580,93,33,60
123000582,501,24,477
123000583,11,366,-355
123000584,226,299,-73
123000585,0,137,-137
123000586,88,2,86
123000596,92,176,-84
123000597,63,170,-107
123000602,14,15,-1
123000603,525,800,-275
123000604,438,829,-391
123000605,1107,174,933
123000606,0,349,-349
123000609,19,383,-364
123000610,159,136,23
123000613,72,154,-82
123000614,214,47,167
123000615,72,162,-90
123000616,419,37,382
123000617,60,329,-269
123000618,70,425,-355
123000619,578,44,534
123000620,7,347,-340
123000622,284,23,261
123000624,113,74,39
123000630,856,364,492
123000631,216,1622,-1406
123000632,1077,967,110
123000633,0,266,-266
123000634,57,101,-44
123000635,172,134,38
123000636,178,618,-440
123000637,189,29,160
123000638,680,90,590
123000639,774,2989,-2215
123000640,24,831,-807
123000648,367,94,273
123000649,58,607,-549
123900001,1160,43,1117
123900002,35,1979,-1944
123900003,443,601,-158
123900005,281,201,80
123900006,391,29,362
124000001,1858,139,1719
124000002,93,1887,-1794
124000003,686,172,514
124000004,67,609,-542
124000005,925,450,475
124000006,306,1288,-982
124000007,572,172,400
124000008,8,1000,-992
124000009,637,298,339
124000010,151,786,-635
124000011,1979,316,1663
124000012,517,852,-335
124000017,138,144,-6
124000018,115,95,20
124000019,139,136,3
124000020,45,199,-154
124000021,146,78,68
124000022,103,297,-194
124000023,1921,1489,432
124000024,1089,624,465
124000025,1602,1647,-45
124000026,979,1100,-121
124000027,4936,5235,-299
124000028,2342,5085,-2743
124000030,3340,1510,1830
124000031,1278,2880,-1602
124000032,3827,1030,2797
124000033,836,897,-61
124000034,1510,1025,485
124000035,237,157,80
124000036,131,611,-480
124000037,355,943,-588
124000038,29,108,-79
124000039,997,370,627
124000040,617,975,-358
124000041,311,52,259
124000042,42,393,-351
124000043,122,86,36
124000044,63,259,-196
124000045,620,481,139
124000046,277,770,-493
124000047,1179,808,371
124000048,810,1449,-639
124000049,1384,644,740
124000050,673,1839,-1166
124000051,792,499,293
124000052,608,1126,-518
124000053,436,1322,-886
124000054,843,525,318
124000055,1316,2192,-876
124000056,2714,1655,1059
124000057,807,496,311
124000058,506,1485,-979
124000059,483,945,-462
124000060,1134,756,378
124000061,1476,4394,-2918
124000062,7254,2299,4955
124000063,1778,2113,-335
124000064,2838,1859,979
124000065,151,340,-189
124000066,383,93,290
124000067,128,198,-70
124000068,45,136,-91
124000069,641,195,446
124000070,225,558,-333
124000071,109,85,24
124000072,188,436,-248
124000073,799,160,639
124000074,244,808,-564
124000075,166,30,136
124000076,13,191,-178
124000077,2283,672,1611
124000078,3324,1090,2234
124000079,535,1102,-567
124000080,392,147,245
124000081,125,714,-589
124000082,33,144,-111
124000083,117,127,-10
124000084,102,555,-453
124000085,120,54,66
124000086,57,80,-23
124000087,187,89,98
124000088,112,257,-145
124000089,717,303,414
124000090,111,378,-267
124000091,430,142,288
124000092,132,708,-576
124000093,104,88,16
124000094,100,469,-369
124000095,62,92,-30
124000096,142,272,-130
124000097,104,191,-87
124000098,69,103,-34
124000099,183,134,49
124000100,62,113,-51
124000101,83,118,-35
124000102,110,69,41
124000103,83,128,-45
124000104,181,69,112
124000105,57,62,-5
124000106,174,99,75
124000107,24,140,-116
124000108,48,43,5
124000109,100,90,10
124000110,276,140,136
124000111,169,193,-24
124000112,608,734,-126
124000113,92,89,3
124000114,275,511,-236
124000115,606,728,-122
124000116,153,122,31
124000117,60,90,-30
124000118,55,100,-45
124000119,1369,445,924
124000120,915,428,487
124000121,2143,893,1250
124000122,526,1263,-737
124000123,941,642,299
124000124,566,958,-392
124000125,381,432,-51
124000126,337,625,-288
124000127,726,410,316
124000128,552,917,-365
124000129,1813,1344,469
124000130,696,666,30
124000131,1110,499,611
124000132,1015,890,125
124000133,787,766,21
124000134,817,666,151
124000135,1533,1600,-67
124000136,1073,1148,-75
124000137,1189,545,644
124000138,1568,1230,338
124000139,888,43,845
124000140,28,411,-383
124000141,582,18,564
124000142,27,363,-336
124000143,115,20,95
124000144,4,123,-119
124000145,72,43,29
124000146,12,84,-72
124000148,19,108,-89
124000149,963,509,454
124000150,321,529,-208
124000151,722,406,316
124000152,671,1117,-446
124000153,471,532,-61
124000154,198,652,-454
124000155,1169,984,185
124000156,1629,801,828
124000169,189,456,-267
124000170,514,389,125
124000171,314,226,88
124000172,387,521,-134
124000173,480,223,257
124000174,444,531,-87
124000175,10,126,-116
124000176,45,9,36
124000177,7,36,-29
124000178,24,27,-3
124000190,88,57,31
124000191,679,117,562
124000192,4812,421,4391
124000193,1190,1090,100
124000194,426,540,-114
124000195,273,594,-321
124000196,1219,1146,73
124000197,52,55,-3
124000198,26,40,-14
124000201,259,991,-732
124000202,553,270,283
124000203,247,803,-556
124000204,788,417,371
124000205,54,546,-492
124000206,383,338,45
124000207,1,42,-41
124000209,199,573,-374
124000210,272,147,125
124000211,346,1,345
124000212,0,390,-390
124000213,276,340,-64
124000214,227,539,-312
124000215,451,19,432
124000216,4,478,-474
124000329,137,2001,-1864
124000338,61,846,-785
124000339,725,94,631
124000341,994,67,927
124000344,58,25,33
124000357,1198,2921,-1723
124000358,802,1886,-1084
124000359,897,809,88
124000360,837,655,182
124000361,2915,800,2115
124000362,2047,2489,-442
124000363,340,341,-1
124000364,816,793,23
124000365,975,1257,-282
124000366,2012,978,1034
124000367,187,583,-396
124000368,548,503,45
124000369,265,177,88
124000370,120,904,-784
124000402,35,7,28
124000403,103,14,89
124000404,10,101,-91
124000405,786,770,16
124000406,785,768,17
124000407,3,49,-46
124000411,5,368,-363
124000412,385,9,376
124000413,1055,33,1022
124000414,72,166,-94
124000415,40,149,-109
124000416,148,297,-149
124000417,101,111,-10
124000418,109,148,-39
124000419,53,160,-107
124000420,61,102,-41
124000421,38,291,-253
124000422,18,43,-25
124000423,200,21,179
124000424,2,153,-151
124000425,82,80,2
124000426,9,195,-186
124000427,109,18,91
124000428,56,53,3
124000429,34,56,-22
124000430,665,490,175
124000431,344,494,-150
124000432,188,911,-723
124000439,6,8,-2
124000443,0,3,-3
124000445,1121,1646,-525
124000446,2581,86,2495
124000447,0,22,-22
124900001,459,321,138
124900002,122,383,-261
124900003,947,585,362
124900004,490,329,161
124900005,234,178,56
124900006,565,359,206
124900008,1167,555,612
124900009,145,222,-77
124900010,85,76,9
124900011,398,199,199
124900012,417,110,307
124900013,520,135,385
124900014,191,54,137
124900015,163,313,-150
124900016,47,70,-23
124900017,556,1218,-662
124900018,19,10,9
124900020,53,55,-2
124900021,200,26,174
124900022,220,18,202
124900024,246,42,204
124900026,370,10,360
124900027,129,315,-186
124900028,456,78,378
124900029,13,439,-426
124900030,5,108,-103
124900031,23,320,-297
124900032,155,161,-6
124900033,65,283,-218
124900034,2,92,-90
124900035,168,379,-211
124900036,16,45,-29
124900037,152,253,-101
124900038,285,490,-205
124900039,2,30,-28
124900040,169,75,94
124900041,304,1246,-942
124900042,149,1,148
124900043,470,1263,-793
124900044,60,2,58
124900045,657,1029,-372
124900047,156,142,14
124900048,160,133,27
124900050,140,227,-87
124900052,77,311,-234
124900053,75,310,-235
124900054,1767,328,1439
124900055,2,118,-116
124900057,6,63,-57
124900060,97,155,-58
124900061,52,23,29
124900062,98,15,83
124900066,0,10,-10
124900067,5,143,-138
124900068,189,383,-194
124900070,43,20,23
124900072,60,39,21
124900075,120,206,-86
124900076,25,913,-888
124900077,22,70,-48
124900078,59,22,37
124900079,623,176,447
124900080,223,892,-669
124900081,860,246,614
124900082,380,1154,-774
124900083,257,562,-305
124900085,1061,350,711
124900086,77,1149,-1072
124900087,688,114,574
124900088,672,140,532
124900089,1337,45,1292
124900090,230,201,29
124900091,245,396,-151
124900092,229,279,-50
124900093,261,175,86
124900094,257,215,42
124900095,94,379,-285
124900096,477,251,226
124900097,208,77,131
124900098,92,358,-266
124900099,603,418,185
124900100,270,48,222
124900101,71,283,-212
124900102,162,51,111
124900103,121,194,-73
124900104,77,141,-64
124900105,108,109,-1
124900106,301,24,277
124900107,56,6,50
124900108,185,98,87
124900111,5,61,-56
124900112,38,431,-393
124900113,138,266,-128
124900114,278,125,153
124900115,38,34,4
124900116,158,153,5
124900117,481,75,406
124900118,307,211,96
124900119,274,165,109
124900120,52,336,-284
124900121,143,297,-154
124900122,305,168,137
124900123,364,110,254
124900124,138,354,-216
204000001,181,36,145
204000002,28,9,19
204000003,67,0,67
204000004,36,1,35
204000005,774,620,154
204000006,1227,2039,-812
204000011,30,62,-32
204000012,87,113,-26
204000019,772,524,248
204000020,625,651,-26
204000021,1534,753,781
204000022,628,528,100
204000023,627,1243,-616
204000031,83,21,62
204000032,513,44,469
204000034,36,196,-160
204000035,7,3,4
204000036,7,13,-6
204000037,6,9,-3
204000038,2,14,-12
204000039,5,37,-32
204000040,4,18,-14
204000041,43,18,25
204000042,43,17,26
204000043,29,3,26
204000044,47,6,41
204000045,30,1,29
204000046,14,1,13
204000057,3,27,-24
204000062,50,60,-10
204000068,47,317,-270
204000069,48,288,-240
204000070,58,102,-44
204000080,42,75,-33
204000085,1981,1906,75
204000086,3165,2543,622
204000087,60,5,55
204000088,7,98,-91
204000090,67,267,-200
204000093,260,74,186
204000096,1041,1036,5
204000097,256,42,214
204000099,991,1902,-911
204000100,1118,1859,-741
204000105,2299,1509,790
204000110,723,1415,-692
204000111,708,872,-164
204000112,1056,763,293
204000113,597,846,-249
204000114,698,629,69
204000115,466,335,131
204000116,1112,438,674
204000119,2461,2829,-368
204000132,467,312,155
204000133,645,318,327
204000134,225,171,54
204000135,604,98,506
204000136,729,201,528
204000138,374,385,-11
204000140,242,113,129
204000141,211,75,136
204000144,13,21,-8
204000145,422,28,394
204000146,21,284,-263
204000147,52,184,-132
204000148,369,40,329
204000154,14,1,13
204000155,1,3,-2
204000177,87,66,21
204000179,17,9,8
204000180,0,47,-47
204000222,3,3,0
204000235,11,13,-2
204000236,53,255,-202
204000238,22,35,-13
204000240,319,70,249
204000263,681,1188,-507
204000268,1040,853,187
204000308,212,34,178
204000317,14,125,-111
204000322,3,33,-30
204000323,14,17,-3
204000328,158,90,68
204000329,62,127,-65
204000330,205,66,139
204000331,68,122,-54
205000001,1045,1839,-794
205000013,6,57,-51
205000014,16,75,-59
205000015,27,157,-130
205000016,20,175,-155
205000017,18,56,-38
205000022,438,905,-467
205000025,1354,1309,45
205000029,220,6,214
205000045,176,249,-73
205000046,102,514,-412
205000047,39,514,-475
205000048,281,1291,-1010
205000049,163,939,-776
205000050,1054,367,687
205000059,0,263,-263
205000060,1,111,-110
205000061,2,62,-60
205000062,8,33,-25
205000063,19,168,-149
205000064,20,148,-128
205000065,70,536,-466
205000066,131,825,-694
205000067,36,1026,-990
205000069,182,11,171
205000082,150,307,-157
205000110,87,269,-182
205000111,176,241,-65
205000112,145,225,-80
205000113,187,309,-122
205000121,161,188,-27
205000123,73,221,-148
205000126,456,282,174
205000127,696,419,277
205000128,1005,286,719
205000129,895,352,543
205000130,1119,93,1026
205000131,1508,34,1474
205000132,1098,6,1092
205000133,1181,1,1180
205000134,552,2,550
205000137,67,117,-50
205000138,170,308,-138
205000139,48,102,-54
205000144,84,68,16
205000145,211,248,-37
205000151,173,116,57
205000152,150,63,87
205000153,234,98,136
205000154,81,151,-70
205000155,154,19,135
205000207,16,147,-131
205000233,54,0,54
205000234,0,3,-3
205000243,0,0,0
205000244,0,4,-4
205000245,9,220,-211
205000249,0,41,-41
205000250,7,0,7
205000264,9,100,-91
206000027,13,5,8
206000028,5,1,4
206000043,5,99,-94
206000053,4,4,0
206000054,12,36,-24
206000055,1,10,-9
206000075,14,10,4
206000076,25,8,17
206000077,20,11,9
206000078,13,5,8
206000079,18,7,11
206000082,496,23,473
206000100,36,706,-670
206000103,2,17,-15
206000104,15,24,-9
206000105,7,9,-2
206000106,6,19,-13
206000125,57,0,57
206000157,33,566,-533
206000170,1,170,-169
206000171,0,192,-192
206000172,6,501,-495
206000173,0,237,-237
206000174,12,85,-73
206000175,2,165,-163
206000176,20,263,-243
206000177,0,130,-130
206000178,4,125,-121
206000179,7,88,-81
206000180,15,159,-144
206000181,3,228,-225
206000182,9,278,-269
206000183,15,742,-727
206000184,2,303,-301
206000185,13,228,-215
206000186,109,1076,-967
206000223,5,154,-149
206000226,6,2,4
206000227,15,0,15
206000237,17,349,-332
206000238,31,600,-569
206000239,381,2081,-1700
206000240,2,38,-36
206000241,1,119,-118
206000242,6,248,-242
206000243,6,246,-240
206000244,69,560,-491
206000245,454,34,420
206000246,105,9,96
206000247,80,1,79
206000248,216,21,195
206000252,88,21,67
206000258,33,43,-10
206000315,23,4,19
206000317,498,86,412
206000318,347,58,289
206000319,795,76,719
206000320,106,31,75
206000321,132,10,122
206000322,340,8,332
206000323,110,10,100
206000324,115,10,105
206000325,145,9,136
206000326,110,12,98
206000327,587,17,570
206000328,125,1,124
206000329,164,7,157
206000330,31,2,29
206000331,90,2,88
206000332,26,6,20
206000333,357,1,356
206000334,170,2,168
206000335,0,19,-19
206000361,2,201,-199
206000392,0,18,-18
206000405,173,0,173
206000441,29,10,19
206000498,44,2,42
206000515,84,25,59
206000530,150,71,79
206000531,149,164,-15
206000532,2408,197,2211
206000535,228,2465,-2237
206000536,22,206,-184
206000537,6,133,-127
206000613,1308,209,1099
206000784,480,23,457
207000001,291,537,-246
207000002,157,357,-200
207000003,134,230,-96
207000007,705,246,459
207000008,56,22,34
207000009,52,41,11
207000010,415,498,-83
207000012,258,178,80
207000015,289,1378,-1089
207000019,389,106,283
207000021,610,172,438
207000022,159,138,21
207000023,212,55,157
207000024,10,9,1
207000025,34,71,-37
207000026,112,68,44
207000027,57,101,-44
207000028,82,202,-120
207000029,274,519,-245
207000033,322,386,-64
207000034,289,79,210
207000039,250,140,110
207000040,245,109,136
207000041,87,32,55
207000042,269,62,207
207000043,248,229,19
207000051,182,324,-142
207000052,21,165,-144
207000053,481,732,-251
207000054,64,168,-104
207000055,238,215,23
207000056,409,467,-58
207000057,164,343,-179
207000058,174,379,-205
207000059,106,775,-669
207000060,109,259,-150
207000061,290,420,-130
207000062,309,52,257
207000063,283,126,157
207000064,424,178,246
207000065,365,276,89
207000066,222,230,-8
207000067,36,132,-96
207000068,149,88,61
207000069,662,491,171
207000082,13,236,-223
207000083,114,369,-255
207000084,155,216,-61
207000085,173,9,164
207000086,127,1,126
207000106,59,38,21
207000107,76,17,59
207000108,64,10,54
207000109,71,11,60
207000110,40,73,-33
207000111,91,57,34
207000112,291,621,-330
207000114,22,33,-11
207000115,13,74,-61
207000116,18,383,-365
207000117,8,125,-117
207000118,1,94,-93
207000119,61,81,-20
207000123,225,30,195
207000124,40,37,3
207000125,67,48,19
207000126,44,91,-47
207000134,54,163,-109
207000135,24,242,-218
207000148,66,195,-129
207000149,101,46,55
207000152,166,442,-276
207000153,1059,1488,-429
207000154,488,150,338
207000159,119,176,-57
207000160,125,581,-456
207000238,0,148,-148
207000242,6,144,-138
207000248,15,44,-29
207000249,215,35,180
207000250,838,87,751
207000251,136,71,65
207000252,55,79,-24
207000278,89,87,2
207000279,22,195,-173
207000280,491,58,433
207000281,124,1057,-933
207000282,233,89,144
207000283,156,199,-43
207000284,116,151,-35
207000285,146,45,101
207000291,12,102,-90
207000304,161,73,88
207000306,95,485,-390
207000310,78,129,-51
207000353,276,6,270
207000356,12,18,-6
207000357,28,19,9
207000358,34,44,-10
207000415,3,164,-161
207000417,45,3,42
207000418,136,218,-82
207000438,0,4,-4
207000439,1131,595,536
207000446,130,4,126
207000460,23,10,13
207000466,212,204,8
207000467,158,85,73
207000468,57,414,-357
207000476,9,70,-61
207000477,483,98,385
207000478,11,21,-10
207000523,0,26,-26
207000524,59,2,57
207000527,118,273,-155
207000530,379,22,357
207000531,391,14,377
207000532,65,19,46
207000534,598,67,531
207000535,47,382,-335
207000537,16,82,-66
207000540,9,230,-221
207000541,6,333,-327
207000548,7,252,-245
207000549,333,14,319
207000561,152,174,-22
207000562,39,188,-149
207000567,185,326,-141
207000568,110,74,36
207000569,322,804,-482
207000584,339,243,96
207000585,82,344,-262
207000587,53,19,34
207000616,0,193,-193
207000617,113,0,113
207000624,42,34,8
207000631,12,60,-48
207900008,205,123,82
208000001,687,968,-281
208000002,849,554,295
208000003,1185,553,632
208000004,1558,871,687
208000005,26,28,-2
208000019,530,980,-450
208000020,177,514,-337
208000021,191,581,-390
208000022,954,557,397
208000028,1725,925,800
208000033,485,608,-123
208000034,1183,1708,-525
208000037,474,31,443
208000040,259,145,114
208000041,1120,498,622
208000042,1655,550,1105
208000047,173,311,-138
208000064,2524,1669,855
208000066,1730,1780,-50
208000070,381,393,-12
208000071,412,704,-292
208000072,382,1220,-838
208000080,294,504,-210
208000081,391,192,199
208000082,533,346,187
208000083,194,418,-224
208000084,72,18,54
208000085,1577,692,885
208000086,761,1103,-342
208000087,619,789,-170
208000089,955,631,324
208000090,987,914,73
208000093,195,158,37
208000094,572,506,66
208000095,854,370,484
208000104,893,1128,-235
208000105,616,1210,-594
208000114,125,230,-105
208000115,478,291,187
208000116,834,1146,-312
208000117,253,182,71
208000118,126,144,-18
208000155,1162,980,182
208000158,1639,3242,-1603
208000186,3304,3997,-693
208000204,560,1081,-521
208000205,1233,1327,-94
208000282,4709,2485,2224
209000004,237,212,25
209000005,35,33,2
209000006,517,160,357
209000007,469,275,194
209000010,672,164,508
209000011,174,257,-83
209000012,136,199,-63
209000013,246,380,-134
209000014,594,1241,-647
209000025,336,56,280
209000026,744,149,595
209000027,637,874,-237
209000028,397,780,-383
209000029,1097,777,320
209000030,813,1522,-709
209000031,3327,2770,557
209000034,188,303,-115
209000035,107,202,-95
209000036,206,128,78
209000037,226,252,-26
209000038,119,199,-80
209000039,67,192,-125
209000040,203,556,-353
209000041,165,431,-266
209000042,213,422,-209
209000043,837,905,-68
209000044,169,737,-568
209000045,1636,431,1205
209000046,508,452,56
209000047,440,221,219
209000048,600,272,328
209000049,72,153,-81
209000050,189,232,-43
209000051,318,456,-138
209000052,186,425,-239
209000062,44,128,-84
209000063,54,147,-93
209000064,27,135,-108
209000065,63,37,26
209000066,57,49,8
209000067,81,52,29
209000080,16,243,-227
209000082,78,72,6
209000091,67,115,-48
209000093,55,47,8
209000094,257,235,22
209000110,48,113,-65
209000111,395,1336,-941
209000112,903,649,254
209000113,1908,485,1423
209000114,498,317,181
209000115,85,184,-99
209000116,769,679,90
209000118,53,70,-17
209000119,135,18,117
209000121,222,663,-441
209000135,74,157,-83
209000142,634,1431,-797
209000143,166,106,60
209000144,182,89,93
209000229,266,162,104
209000240,34,404,-370
209000259,128,186,-58
209000260,57,1103,-1046
209000261,1,494,-493
209000262,1,407,-406
209000263,1,99,-98
209000264,1,70,-69
209000265,381,37,344
209000266,95,0,95
209000267,670,6,664
209000268,541,46,495
210000037,70,12,58
210000047,95,13,82
210000048,92,21,71
210000049,60,9,51
210000052,54,97,-43
210000053,31,60,-29
210000054,114,97,17
210000070,89,0,89
210000071,38,0,38
210000072,31,0,31
210000073,0,35,-35
210000074,1,112,-111
210000075,4,101,-97
210000076,8,146,-138
210000077,135,35,100
210000078,66,53,13
210000079,139,15,124
210000080,321,68,253
210000081,194,15,179
210000082,223,2,221
210000083,113,0,113
210000084,31,1,30
210000085,2,60,-58
210000086,3,129,-126
210000099,34,256,-222
210000100,38,216,-178
210000101,96,285,-189
210000105,34,292,-258
210000159,0,232,-232
210000163,162,247,-85
210000164,320,152,168
210000168,165,27,138
210000187,0,12,-12
210000188,0,26,-26
210000214,29,0,29
210000219,43,46,-3
210000220,90,48,42
210000232,4,13,-9
210000233,25,54,-29
210000234,32,147,-115
210000235,52,97,-45
210000245,0,29,-29
210000246,19,1,18
210000258,11,76,-65
210000259,346,38,308
210000282,66,267,-201
210000285,0,137,-137
210000286,14,184,-170
210000290,1,4,-3
210000295,53,190,-137
210000296,80,58,22
210000320,144,83,61
210000321,109,81,28
210000338,180,80,100
210000339,345,1363,-1018
210000340,123,440,-317
210000341,237,344,-107
210000342,212,233,-21
210000343,323,236,87
210000344,386,172,214
210000345,293,384,-91
210000346,262,214,48
210000347,520,52,468
210000348,369,17,352
210000349,343,12,331
210000350,162,74,88
210000351,148,132,16
210000352,43,126,-83
210000353,54,164,-110
210000354,73,150,-77
210000355,148,106,42
210000356,199,49,150
210000357,184,44,140
210000358,393,128,265
210000359,325,95,230
210000360,229,151,78
210000361,246,150,96
210000362,354,213,141
210000363,969,222,747
210000364,145,154,-9
210000365,190,77,113
210000366,124,65,59
210000367,97,28,69
210000368,197,58,139
210000369,55,19,36
210000370,83,45,38
210000372,101,33,68
210000373,122,18,104
210000374,85,16,69
210000375,39,101,-62
210000376,170,163,7
210000404,70,163,-93
210000439,25,46,-21
210000472,133,17,116
210000482,140,74,66
210000564,470,243,227
210000567,1,27,-26
210000568,532,10,522
211000092,30,77,-47
211000094,18,3,15
211000169,253,12,241
211000172,5,219,-214
211000209,1,18,-17
211000226,10,19,-9
211000270,38,26,12
211000275,21,7,14
211000276,83,25,58
211000279,33,44,-11
211000281,52,41,11
211000302,2,26,-24
211507980,0,33,-33
211977296,62,2,60
212000003,219,55,164
212000004,233,20,213
212000005,82,27,55
212000006,92,119,-27
212000008,243,220,23
212000009,23,157,-134
212000012,59,105,-46
212000013,22,56,-34
212000014,259,181,78
212000015,288,262,26
212000016,442,551,-109
212000027,437,594,-157
212000028,289,548,-259
212000029,229,377,-148
212000030,34,37,-3
212000031,59,108,-49
212000048,40,154,-114
212000049,19,107,-88
212000050,23,8,15
212000051,200,238,-38
212000052,219,427,-208
212000053,351,813,-462
212000054,148,180,-32
212000055,167,264,-97
212000056,7,54,-47
212000057,10,42,-32
212000058,337,47,290
212000070,118,289,-171
212000077,177,899,-722
212000099,213,322,-109
212000108,412,227,185
212000111,267,131,136
212000120,268,77,191
212000138,218,20,198
212000156,8,171,-163
212000158,6,15,-9
212000159,322,69,253
212000160,425,261,164
212000161,84,11,73
212000310,50,16,34
212000311,17,96,-79
212000374,59,11,48
213000001,28,456,-428
213000005,380,135,245
213000006,998,253,745
213000007,333,10,323
213000009,583,425,158
213000010,140,261,-121
213000011,328,128,200
213000012,105,252,-147
213000014,52,9,43
213000015,194,5,189
213000016,298,4,294
213000017,79,2,77
213000018,3,125,-122
213000019,1,146,-145
213000020,89,338,-249
213000021,5,127,-122
213000023,267,244,23
213000033,284,1497,-1213
213000034,642,392,250
213000035,90,448,-358
213000045,148,241,-93
213000046,179,240,-61
213000047,658,958,-300
213000056,63,97,-34
213000069,223,10,213
213000073,1,13,-12
213000074,76,386,-310
213000075,715,9,706
213000076,81,3,78
213000085,4,33,-29
213000086,18,146,-128
213000091,100,13,87
213000092,97,18,79
213000099,145,1080,-935
213000100,1271,282,989
213000101,236,147,89
213000102,257,277,-20
213000103,724,689,35
213000104,45,446,-401
213000105,4,108,-104
213000106,33,168,-135
213000107,172,590,-418
213000108,54,494,-440
213000109,11,250,-239
213000110,12,74,-62
213000111,22,48,-26
213000112,250,88,162
213000115,53,10,43
213000116,25,648,-623
213000117,10,887,-877
213000118,413,443,-30
213000119,38,569,-531
213000120,67,506,-439
213000122,182,520,-338
213000123,451,1239,-788
213000124,116,989,-873
213000125,139,11,128
213000126,46,79,-33
213000127,150,168,-18
213000128,596,957,-361
213000129,470,678,-208
213000130,317,369,-52
213000132,249,98,151
213000133,429,83,346
213000134,811,8,803
213000136,364,39,325
213000137,536,133,403
213000139,887,32,855
213000147,216,27,189
213000148,148,50,98
213000149,73,20,53
213000150,0,109,-109
213000151,1,90,-89
213000152,4,77,-73
213000153,5,41,-36
213000154,26,255,-229
213000155,39,319,-280
213000156,104,870,-766
213000157,777,525,252
213000158,429,1067,-638
213000159,404,693,-289
213000163,395,93,302
213000165,472,174,298
213000171,3,119,-116
213000172,1,378,-377
213000173,0,240,-240
213000174,4,148,-144
213000175,10,99,-89
213000176,26,24,2
213000177,34,3,31
213000178,84,3,81
213000179,124,4,120
213000180,135,1,134
213000184,67,422,-355
213000188,341,83,258
213000189,292,35,257
213000190,709,557,152
213000191,188,367,-179
213000192,214,392,-178
213000193,842,140,702
213000194,11,83,-72
213000195,18,596,-578
213000196,343,1326,-983
213000197,280,1106,-826
213000198,166,5,161
213000200,146,1008,-862
213000201,93,45,48
213000202,15,538,-523
213000203,3100,867,2233
213000204,912,112,800
213000205,217,194,23
213000206,453,136,317
213000207,303,24,279
213000208,307,0,307
213000209,287,2,285
213000210,1098,6,1092
213000211,54,10,44
213000212,78,13,65
213000213,81,14,67
213000218,268,864,-596
213000219,491,16,475
213000220,437,9,428
213000223,337,234,103
213000224,107,48,59
213000225,118,7,111
213000226,105,11,94
213000227,853,283,570
213000228,305,123,182
213000229,704,77,627
213000230,567,32,535
213000232,119,755,-636
213000233,9,56,-47
213000234,2,28,-26
213000293,47,52,-5
213000294,335,17,318
213000295,24,93,-69
213000296,60,29,31
213000297,6,105,-99
213000298,43,115,-72
213000299,108,61,47
213000300,18,9,9
213000303,7,29,-22
213000304,5,14,-9
213000305,18,10,8
213000306,143,37,106
213000307,620,55,565
213000308,150,198,-48
213000309,166,91,75
213000310,331,84,247
213000311,293,607,-314
213000315,112,132,-20
213000316,163,70,93
213000322,124,150,-26
213000323,57,67,-10
213000324,41,46,-5
213000325,38,75,-37
213000326,7,25,-18
213000327,34,56,-22
213000328,14,183,-169
213000329,100,60,40
213000340,77,529,-452
213000341,365,95,270
213000346,171,160,11
213000347,689,321,368
213000348,11,97,-86
213000349,18,18,0
213000350,262,1359,-1097
213000366,45,370,-325
213000367,226,36,190
213000379,92,72,20
213000386,22,222,-200
213000406,68,395,-327
213000417,1187,588,599
213000425,93,38,55
213000426,91,81,10
213000427,35,314,-279
213000428,29,156,-127
213000429,54,9,45
213000430,114,574,-460
213000431,162,2,160
213000432,4,52,-48
213000433,21,165,-144
213000434,48,130,-82
213000435,74,89,-15
213000436,35,83,-48
213000437,0,28,-28
213000438,152,82,70
213000439,112,22,90
213000440,6,340,-334
213000441,0,2,-2
213000442,2,50,-48
213000443,560,429,131
213000444,56,51,5
213000445,0,124,-124
213000446,1,48,-47
213000447,13,39,-26
213000448,6,132,-126
213000449,179,6,173
213000450,20,56,-36
213000451,202,79,123
213000452,14,33,-19
213000453,39,252,-213
213000455,370,4,366
213000456,2,159,-157
213000481,180,8,172
213000482,60,4,56
213000489,279,101,178
213000491,0,237,-237
213000492,1210,18,1192
213000493,0,191,-191
213000494,236,76,160
213000495,1,102,-101
213000496,343,225,118
213000497,54,219,-165
213000498,62,148,-86
213000499,97,437,-340
213000500,295,75,220
213000501,97,13,84
213000502,314,58,256
213000503,0,38,-38
213000504,7,101,-94
213000505,9,15,-6
213000506,0,13,-13
213000507,11,79,-68
213900244,29,0,29
213900245,0,44,-44
218000003,56,25,31
218000004,71,28,43
218000005,76,37,39
218000006,76,48,28
218000007,16,11,5
218000012,238,187,51
218000013,83,178,-95
218000014,395,463,-68
218000019,722,702,20
218000020,189,413,-224
218000021,46,73,-27
218000022,8,28,-20
218000023,5,33,-28
218000024,8,22,-14
218000025,23,18,5
218000026,5,53,-48
218000027,0,9,-9
218000028,5,2,3
218000029,1,2,-1
218000030,12,36,-24
218000031,8,29,-21
218000032,1,24,-23
218000040,20,8,12
218000046,38,99,-61
218000047,15,159,-144
218000048,78,129,-51
218000049,125,136,-11
218000050,292,263,29
218000051,96,264,-168
218000052,0,113,-113
218000053,1,10,-9
218000054,15,63,-48
218000055,1,12,-11
218000056,20,24,-4
218000057,7,40,-33
218000064,1,4,-3
218000065,102,68,34
218000066,17,81,-64
218000067,42,71,-29
218000068,78,66,12
218000069,180,158,22
218000070,270,266,4
218000071,243,204,39
218000072,315,241,74
218000078,750,1039,-289
218000079,49,57,-8
218000080,54,91,-37
218000081,179,195,-16
218000082,47,100,-53
218000083,32,89,-57
218000084,98,156,-58
218000085,124,434,-310
218000086,54,168,-114
218000087,167,194,-27
218000090,13,96,-83
218000091,964,545,419
218000092,47,143,-96
218000093,92,76,16
218000094,559,803,-244
218000099,257,744,-487
218000100,281,315,-34
218000101,622,146,476
218000102,376,279,97
218000103,95,159,-64
218000104,59,40,19
218000105,28,16,12
218000106,9,10,-1
218000107,81,84,-3
218000108,4,62,-58
218000112,53,21,32
218000117,46,58,-12
218000134,593,844,-251
218000135,187,100,87
218000136,213,65,148
218000137,206,95,111
218000138,43,110,-67
218000139,150,403,-253
218000140,319,228,91
218000141,135,49,86
218000142,153,116,37
218000143,88,191,-103
218000144,107,61,46
218000145,381,349,32
218000146,52,195,-143
218000151,11,37,-26
218000152,222,88,134
218000153,4,4,0
218000154,9,3,6
218000155,8,0,8
218000156,34,11,23
218000157,14,14,0
218000158,4,8,-4
218000159,3,3,0
218000160,6,2,4
218000161,16,2,14
218000162,18,6,12
218000163,4,0,4
218000164,29,3,26
218000165,25,20,5
218000170,12,48,-36
218000171,130,29,101
218000172,36,20,16
218000173,68,13,55
218000174,49,12,37
218000176,179,25,154
218000177,337,205,132
218000178,82,237,-155
218000179,86,111,-25
218000180,73,34,39
218000181,245,85,160
218000187,4,15,-11
218000188,30,53,-23
218000189,31,57,-26
218000190,17,13,4
218000191,135,61,74
218000192,173,283,-110
218000193,293,455,-162
218000194,68,409,-341
218000195,89,61,28
218000196,273,272,1
218000197,214,330,-116
218000198,11,138,-127
218000199,64,18,46
218000200,87,26,61
218000201,28,5,23
218000202,115,278,-163
218000207,8,45,-37
218000208,50,50,0
218000211,95,7,88
218000212,3,2,1
218000213,164,75,89
218000214,8,27,-19
218000215,54,90,-36
218000217,6,180,-174
218000218,153,99,54
218000219,76,21,55
218000220,240,309,-69
218000221,1580,189,1391
218000222,112,34,78
218000223,117,335,-218
218000224,19,195,-176
218000225,204,32,172
218000226,130,78,52
218000230,0,4,-4
218000232,41,75,-34
218000239,311,8,303
218000240,40,4,36
218000241,54,2,52
218000242,80,9,71
218000243,98,2,96
218000244,38,4,34
218000245,36,2,34
218000246,0,2,-2
218000247,2,1,1
218000248,0,10,-10
218000249,0,0,0
218000250,7,5,2
218000251,3,13,-10
218000252,3,17,-14
218000253,1,27,-26
218000254,1,17,-16
218000255,1,16,-15
218000256,11,62,-51
218000267,738,1075,-337
218000268,20,62,-42
218000269,8,9,-1
218000270,73,67,6
218000271,26,88,-62
218000273,6,7,-1
218000274,7,3,4
218000275,11,51,-40
218000276,9,38,-29
218000278,19,33,-14
218000279,66,85,-19
218000280,4,47,-43
218000281,16,20,-4
218000282,614,483,131
218000284,109,16,93
218000301,135,127,8
218000302,123,37,86
218000303,56,74,-18
218000316,722,1366,-644
218000317,814,1306,-492
218000318,557,996,-439
218000319,1126,1467,-341
218000320,947,877,70
218000338,97,33,64
218000345,98,58,40
218000346,55,143,-88
218000459,48,383,-335
218000490,38,33,5
218000501,84,32,52
218000502,30,86,-56
218000503,111,20,91
218000504,204,31,173
218000505,45,153,-108
218000506,19,215,-196
218000508,6,3,3
218000510,204,9,195
218000520,128,114,14
218000521,10,40,-30
218000522,0,136,-136
218000523,261,10,251
218000524,47,177,-130
218000525,223,15,208
218000526,38,126,-88
218000529,69,167,-98
218000530,9,7,2
218000531,10,35,-25
218000532,38,13,25
218000534,150,9,141
218000537,44,65,-21
218000538,138,176,-38
218000540,289,69,220
218000543,127,68,59
218000544,55,129,-74
218000545,52,53,-1
218000546,34,76,-42
218000547,172,96,76
218000548,191,105,86
218000549,389,228,161
218000550,247,329,-82
218000551,163,534,-371
218000552,493,56,437
218000553,33,87,-54
218000554,41,21,20
218000555,67,41,26
218000556,237,410,-173
218000557,303,226,77
218000558,168,3,165
218000559,0,38,-38
218000560,0,27,-27
218000561,32,0,32
218000562,24,181,-157
218000563,252,30,222
218000564,14,122,-108
218000565,254,13,241
218000566,348,24,324
218000567,1,70,-69
218000568,28,3,25
218000569,19,105,-86
218000570,156,7,149
218000571,1,134,-133
218000572,201,2,199
218000573,8,69,-61
218000574,134,56,78
218000575,166,2,164
218000576,0,66,-66
218000577,181,0,181
218000578,0,61,-61
218000579,22,20,2
218000581,25,40,-15
218000582,67,2,65
218000583,10,0,10
218000584,1,12,-11
218000585,27,6,21
218000586,9,61,-52
218000587,4,1,3
218000588,4,3,1
218000589,2,3,-1
218000590,3,1,2
218000591,0,4,-4
218000592,9,1,8
218000593,20,0,20
218000594,0,0,0
218000597,3,0,3
218000598,0,0,0
218000599,3,0,3
218000600,9,0,9
218000601,0,0,0
218000602,0,11,-11
218000603,0,7,-7
218000604,14,0,14
218000605,0,82,-82
218000606,202,9,193
218000607,10,41,-31
218000608,90,14,76
218000609,4,52,-48
218000610,89,3,86
218000611,33,0,33
218000612,0,20,-20
218000613,35,1,34
218000614,0,30,-30
218000615,210,2,208
218000616,5,117,-112
218000617,47,0,47
218000618,0,19,-19
218000619,172,78,94
218000620,5,13,-8
218000621,3,3,0
218000622,0,10,-10
218000623,217,2,215
218000624,24,14,10
218000625,25,0,25
218000626,4,5,-1
218000628,146,49,97
218000631,56,27,29
218000632,2,82,-80
218000633,90,1,89
218000634,3,18,-15
218000635,14,4,10
218000636,888,1462,-574
218000637,714,619,95
218000638,101,55,46
218000639,12,162,-150
218000640,170,27,143
218000641,69,273,-204
218000652,101,108,-7
218000653,176,90,86
218000663,8,155,-147
218000675,97,48,49
218000676,2,25,-23
218000677,7,3,4
218000680,142,401,-259
218000681,397,161,236
218000691,96,292,-196
218000693,159,164,-5
218000703,5,39,-34
218000718,590,625,-35
218000719,1064,375,689
218000720,32,106,-74
218000721,275,12,263
218000725,6,2,4
218001147,1,114,-113
218001214,20,17,3
218001258,132,3,129
218001329,239,171,68
218001330,156,162,-6
218001351,70,19,51
218001352,10,30,-20
218001353,30,22,8
218001354,3,13,-10
218001355,8,279,-271
218001356,238,8,230
218001357,51,235,-184
218001358,202,17,185
218001361,255,22,233
218001362,0,245,-245
219000001,31,25,6
219000002,36,51,-15
219000003,21,17,4
219000004,54,47,7
219000017,268,26,242
219000020,98,36,62
219000022,172,3,169
219000023,117,0,117
219000029,0,87,-87
219000034,107,26,81
219000039,130,52,78
219000040,52,10,42
219000041,91,21,70
219000051,0,32,-32
219000052,0,19,-19
219000053,0,112,-112
219000054,22,85,-63
219000055,106,5,101
219000056,29,0,29
219000057,134,9,125
219000062,33,115,-82
219000063,68,4,64
219000064,1,71,-70
219000110,734,48,686
219000111,111,63,48
219000112,179,119,60
219000113,129,75,54
219000114,253,94,159
219000116,98,47,51
219000117,119,72,47
219000118,233,43,190
219000123,176,81,95
219000124,60,48,12
219000125,19,13,6
219000126,98,100,-2
219000127,2,5,-3
219000128,8,112,-104
219000129,27,178,-151
219000130,724,602,122
219000131,669,831,-162
219000133,77,37,40
219000134,9,16,-7
219000135,29,41,-12
219000136,85,170,-85
219000138,89,11,78
219000139,33,38,-5
219000140,45,0,45
219000141,8,107,-99
219000142,11,75,-64
219000143,11,94,-83
219000145,22,55,-33
219000146,4,48,-44
219000147,5,35,-30
219000148,2,36,-34
219000149,15,116,-101
219000150,2,86,-84
219000151,0,46,-46
219000157,186,165,21
219000158,123,296,-173
219000161,128,9,119
219000163,1504,538,966
219000166,93,203,-110
219000167,113,222,-109
219000168,305,188,117
219000174,344,105,239
219000175,66,0,66
219000176,76,4,72
219000177,41,7,34
219000178,50,1,49
219000179,12,5,7
219000180,29,25,4
219000182,122,21,101
219000183,51,31,20
219000184,79,4,75
219000185,2,71,-69
219000186,36,53,-17
219000187,40,118,-78
219000189,162,183,-21
219000190,109,190,-81
219000191,1249,1290,-41
219000192,200,152,48
219000193,343,119,224
219000195,1,50,-49
219000196,12,142,-130
219000198,27,143,-116
219000199,71,302,-231
219000200,40,313,-273
219000201,132,258,-126
219000203,63,184,-121
219000204,376,259,117
219000205,76,194,-118
219000207,203,278,-75
219000209,20,76,-56
219000210,91,109,-18
219000213,18,201,-183
219000239,234,405,-171
219000240,294,371,-77
219000241,94,245,-151
219000242,89,192,-103
219000243,191,316,-125
219000244,81,94,-13
219000245,39,29,10
219000246,52,14,38
219000247,141,35,106
219000248,942,350,592
219000249,187,83,104
219000250,105,103,2
219000251,454,145,309
219000252,243,164,79
219000253,379,66,313
219000255,140,87,53
219000256,164,86,78
219000257,176,1,175
219000262,91,169,-78
219000263,119,221,-102
219000267,1,125,-124
219000268,2,3,-1
219000269,9,3,6
219000270,15,0,15
219000271,100,3,97
219000278,1,8,-7
219000279,0,7,-7
219000283,0,12,-12
219000295,10,88,-78
219000296,59,550,-491
219000297,5,135,-130
219000298,7,140,-133
219000299,418,81,337
219000300,44,295,-251
219000301,185,405,-220
219000302,27,200,-173
219000307,36,40,-4
219000308,54,25,29
219000311,158,47,111
219000312,393,92,301
219000313,292,52,240
219000314,54,506,-452
219000315,250,30,220
219000316,414,80,334
219000317,78,10,68
219000320,1,50,-49
219000321,1,7,-6
219000323,3,68,-65
219000325,3,21,-18
219000326,55,118,-63
219000327,51,32,19
219000328,27,34,-7
219000329,304,116,188
219000330,35,17,18
219000331,39,25,14
219000332,92,61,31
219000333,11,7,4
219000335,110,0,110
219000337,29,1,28
219000338,84,0,84
219000344,22,105,-83
219000345,64,88,-24
219000346,37,93,-56
219000348,105,77,28
219000349,50,223,-173
219000350,144,130,14
219000351,18,2,16
219000352,333,57,276
219000353,99,49,50
219000354,108,102,6
219000355,160,82,78
219000356,1529,988,541
219000363,229,42,187
219000364,123,32,91
219000365,181,16,165
219000366,205,257,-52
219000368,534,509,25
219000370,1036,310,726
219000371,15,23,-8
219000382,8,14,-6
219000383,864,868,-4
219000385,676,599,77
219000386,915,1605,-690
219000387,5,6,-1
219000390,12,1,11
219000391,7,0,7
219000397,105,60,45
219000398,74,56,18
219000401,12,103,-91
219000402,28,130,-102
219000403,135,331,-196
219000404,23,131,-108
219000407,3,37,-34
219000409,38,39,-1
219000410,75,25,50
219000411,49,14,35
219000446,168,281,-113
219000447,1,29,-28
219000448,24,11,13
219000452,116,53,63
219000453,83,144,-61
219000454,379,254,125
219000556,261,91,170
219000558,232,219,13
219000590,43,172,-129
219000591,61,75,-14
219000592,109,438,-329
219000595,4,12,-8
219000635,119,64,55
219000636,16,83,-67
219000657,13,12,1
219000658,20,36,-16
219000673,0,11,-11
219000676,13,9,4
219000679,54,8,46
219000684,89,7,82
219000685,3,78,-75
219000686,8,1,7
219000688,0,71,-71
219000689,21,271,-250
219000690,151,15,136
219000691,38,158,-120
219000692,164,26,138
219000693,0,33,-33
219000694,5,0,5
219000695,13,2,11
219000698,36,0,36
219000699,0,3,-3
219000727,3,113,-110
219000728,41,9,32
219000770,44,2,42
219000771,2,28,-26
219000788,572,200,372
219001150,1,29,-28
219001151,15,3,12
219001166,41,28,13
219001167,2,78,-76
219001178,26,0,26
220000001,152,59,93
220000002,38,139,-101
220000003,469,267,202
220000004,967,494,473
220000005,1428,1280,148
220000006,344,777,-433
220000007,375,631,-256
220000008,301,1089,-788
220000009,179,471,-292
220000010,223,169,54
220000011,931,4046,-3115
220000012,89,419,-330
220000014,184,51,133
220000015,165,202,-37
220000017,52,288,-236
220000018,4690,2289,2401
220000019,122,271,-149
220000020,427,179,248
220000021,559,194,365
220000022,539,447,92
220000023,246,133,113
220000024,1445,293,1152
220000025,977,680,297
220000026,207,150,57
220000027,59,78,-19
220000028,56,53,3
220000029,189,211,-22
220000030,152,107,45
220000031,272,299,-27
220000064,9,627,-618
221000046,10,1,9
221000047,0,2,-2
221000048,0,0,0
221000049,0,22,-22
221000050,33,0,33
221000055,53,49,4
221000057,55,11,44
221000068,224,116,108
221000069,328,80,248
221000070,269,23,246
221000071,62,12,50
221000072,244,16,228
221000073,192,63,129
221000074,1,17,-16
221000075,32,32,0
221000076,19,51,-32
221000077,28,87,-59
221000081,14,4,10
221000082,48,7,41
221000083,48,3,45
221000084,5,4,1
221000085,6,76,-70
221000086,18,123,-105
221000087,5,180,-175
221000088,17,216,-199
221000089,25,299,-274
221000090,150,558,-408
221000098,113,16,97
221000099,169,9,160
221000100,142,8,134
221000101,238,20,218
221000102,111,13,98
221000109,2,69,-67
221000110,15,107,-92
221000111,14,240,-226
221000112,8,170,-162
221000113,23,175,-152
221000114,6,199,-193
221000120,77,35,42
221000121,4,16,-12
221000122,63,22,41
221000123,32,27,5
221000124,116,206,-90
221000155,112,17,95
221000156,93,47,46
221000175,24,3,21
221000176,9,3,6
221000182,33,3,30
221000241,744,237,507
221000242,179,567,-388
221000243,875,135,740
221000244,283,746,-463
221000245,168,175,-7
221000246,40,373,-333
221000247,119,213,-94
221000248,159,233,-74
221000267,81,647,-566
221000325,100,55,45
221000331,34,84,-50
221000338,46,31,15
221000378,189,33,156
221000381,68,94,-26
222000282,22,1,21
222000296,6,26,-20
222000568,307,14,293
222000569,214,15,199
222000570,110,11,99
222000571,225,11,214
222000577,12,200,-188
222000578,22,287,-265
222000579,24,173,-149
222000580,117,1011,-894
222000599,0,100,-100
222000600,1,298,-297
222000601,4,913,-909
222000603,23,21,2
222000604,13,62,-49
222000605,23,30,-7
222000606,36,11,25
222000607,12,10,2
222000608,66,20,46
222000609,57,234,-177
222000616,245,32,213
222000617,19,21,-2
222000618,18,8,10
222000620,45,11,34
222000621,67,13,54
222000623,454,7,447
222000624,318,1,317
222000625,447,13,434
222000636,42,2,40
222000686,39,16,23
222000687,42,25,17
222001066,215,0,215
222001067,5,2,3
222001068,25,22,3
222001069,22,18,4
222001082,13,36,-23
222001083,14,53,-39
222001084,0,52,-52
222001085,2,83,-81
222001111,23,144,-121
222001112,85,27,58
222001313,82,2,80
222001314,16,110,-94
222001464,87,56,31
222001465,52,154,-102
222001484,127,50,77
222001485,52,39,13
222001494,269,166,103
222001495,133,299,-166
222001496,262,116,146
222001497,150,422,-272
222001502,13,85,-72
222001503,100,63,37
222001504,19,236,-217
222001505,243,14,229
222001506,26,275,-249
222001507,233,15,218
222001510,234,15,219
222001511,28,350,-322
222001514,528,169,359
222001515,213,539,-326
222001518,205,61,144
222001519,51,187,-136
222001527,189,44,145
222001528,58,167,-109
222001529,193,52,141
222001530,41,163,-122
222001533,104,253,-149
222001534,220,67,153
222001535,165,218,-53
222001536,107,293,-186
222001537,209,27,182
222001538,54,393,-339
222001563,405,68,337
222001564,40,636,-596
222001568,354,79,275
222001576,4,0,4
222001579,0,11,-11
222001583,26,167,-141
222001584,71,35,36
222001596,393,1041,-648
222001597,925,184,741
222001626,4,135,-131
222001650,73,89,-16
222001651,91,94,-3
222001914,132,53,79
222001915,63,215,-152
222001968,332,271,61
222001969,456,755,-299
222001970,163,201,-38
222001971,6,14,-8
222001972,1,8,-7
225000001,380,164,216
225000002,433,137,296
225000003,479,82,397
225000004,329,241,88
225000005,79,48,31
225000006,0,173,-173
225000007,2324,1690,634
225000010,229,12,217
225000011,494,1376,-882
225000012,178,593,-415
225000013,195,148,47
225000014,1702,101,1601
225000015,85,218,-133
225000021,697,340,357
225000027,236,502,-266
225000032,657,180,477
225000042,163,781,-618
225000049,26,51,-25
225000050,114,21,93
225000053,7,264,-257
225000058,877,135,742
225000067,182,161,21
225000068,126,305,-179
225000069,100,463,-363
225000070,36,402,-366
225000071,28,186,-158
225000075,38,1665,-1627
225000076,124,142,-18
225000078,75,43,32
225000085,43,134,-91
225000086,219,37,182
225000087,222,36,186
225000088,15,147,-132
225000089,367,1108,-741
225000090,37,407,-370
225000091,176,217,-41
225000092,14,45,-31
225000093,172,348,-176
225000094,18,354,-336
225000095,328,487,-159
225000096,357,574,-217
225000098,557,261,296
225000099,340,176,164
225000100,240,140,100
225000104,71,408,-337
225000110,14,446,-432
225000111,368,1149,-781
225000112,652,1211,-559
225000113,307,669,-362
225000114,78,331,-253
225000115,2457,881,1576
225000116,937,203,734
225000117,995,345,650
225000118,905,360,545
225000119,205,118,87
225000120,624,59,565
225000121,271,51,220
225000123,1044,15,1029
225000125,475,249,226
225000126,1269,269,1000
225000127,1024,816,208
225000128,566,649,-83
225000132,214,32,182
225000133,209,40,169
225000134,505,112,393
225000135,49,7,42
225000136,183,19,164
225000137,198,63,135
225000138,335,53,282
225000143,90,176,-86
225000144,2,386,-384
225000145,35,42,-7
225000146,51,149,-98
225000147,39,337,-298
225000148,4,218,-214
225000149,72,520,-448
225000151,38,249,-211
225000155,409,553,-144
225000156,273,1068,-795
225000157,363,407,-44
225000158,73,352,-279
225000171,5,158,-153
225000180,59,0,59
225000181,1,103,-102
225000182,146,4,142
225000185,14,442,-428
225000187,61,352,-291
225000191,132,1,131
225000194,0,16,-16
225000208,0,35,-35
225000209,86,16,70
225000210,5,316,-311
225000217,0,11,-11
225000218,17,1,16
225000223,0,34,-34
225000224,605,0,605
225000225,6,165,-159
225000226,72,2,70
225000227,55,177,-122
225000228,13,11,2
225000229,0,89,-89
225000230,5,0,5
225000231,0,71,-71
225000232,123,0,123
225000241,311,2,309
225000242,2,51,-49
225000249,20,0,20
225000250,47,971,-924
225000251,351,35,316
226000042,510,427,83
226000043,132,269,-137
226000044,240,606,-366
226000045,121,465,-344
226000046,367,76,291
226000047,374,111,263
226000048,388,88,300
226000049,281,202,79
226000070,0,52,-52
226000071,0,52,-52
226000072,0,13,-13
226000073,0,36,-36
226000074,1,18,-17
226000084,3,61,-58
226000085,5,17,-12
226000086,6,22,-16
226000087,5,23,-18
226000088,94,7,87
226000090,254,72,182
226000091,17,14,3
226000092,10,0,10
226000093,56,0,56
226000094,47,1,46
226000095,80,6,74
226000105,49,0,49
226000106,16,1,15
226000107,3,0,3
226000108,73,0,73
226000109,118,0,118
226000124,162,87,75
226000134,443,397,46
226000135,902,638,264
226000136,288,359,-71
226000137,4,594,-590
226000138,14,354,-340
226000139,2,13,-11
226000156,118,10,108
226000157,132,8,124
226000163,98,26,72
226000202,22,505,-483
226000231,342,18,324
226000232,73,11,62
227000033,318,94,224
227000036,283,32,251
227000037,192,50,142
227000038,289,70,219
227000049,0,17,-17
227000050,2,41,-39
227000055,112,0,112
227000056,57,0,57
227000084,8,102,-94
227000085,0,47,-47
227000088,143,0,143
227000089,194,2,192
227000090,103,0,103
227000091,43,2,41
227000092,13,0,13
227000093,214,1,213
227000094,19,0,19
227000130,53,63,-10
227000131,12,222,-210
227000132,32,251,-219
227000133,9,229,-220
227000134,28,469,-441
227000152,0,4,-4
227000153,0,53,-53
227000154,1,3,-2
227000155,2,19,-17
227000156,0,20,-20
227000165,4,27,-23
227000196,217,236,-19
227000199,175,503,-328
227000230,11,520,-509
227000232,678,23,655
227000242,57,580,-523
227000243,419,78,341
227000245,12,449,-437
227000246,128,639,-511
227000247,352,94,258
227000248,452,41,411
227000249,42,291,-249
227000250,808,231,577
227000251,269,329,-60
227000252,28,470,-442
227000253,127,26,101
227000262,262,52,210
227000266,1061,28,1033
227000267,28,1839,-1811
227000282,4,178,-174
227000284,406,17,389
227000286,2,63,-61
227000287,13,67,-54
227000291,9,581,-572
227000484,392,20,372
227000485,18,959,-941
227000655,89,7,82
227000656,526,23,503
227000657,62,8,54
227000661,391,22,369
227000680,421,38,383
229000265,25,49,-24
229000296,0,26,-26
229000297,2,44,-42
229000298,11,165,-154
229000320,8,8,0
229000321,8,3,5
229000412,32,50,-18
229000414,4,93,-89
229000415,24,0,24
229000416,0,4,-4
229000417,1,13,-12
229000419,94,317,-223
229000440,341,47,294
229000442,15,8,7
229000443,1,1,0
229000444,22,26,-4
229000445,45,7,38
229000446,43,12,31
229000491,3,16,-13
229000492,6,103,-97
229000493,0,51,-51
229000494,15,2,13
229000495,52,1,51
229000496,34,3,31
229000507,0,31,-31
229000508,0,11,-11
229000509,0,36,-36
229000510,3,27,-24
229000511,5,40,-35
229000512,0,26,-26
229000513,0,7,-7
229000514,1,3,-2
229000517,1,6,-5
229000518,6,30,-24
229000519,5,17,-12
229000520,23,37,-14
229000521,24,5,19
229000522,11,4,7
229000523,2,5,-3
229000524,3,2,1
229000527,0,0,0
229000528,0,0,0
229000529,0,0,0
229000530,38,1,37
229000531,24,1,23
229000532,29,0,29
229000533,57,1,56
229000534,30,1,29
229000564,32,0,32
229000565,5,0,5
229000566,0,9,-9
229000567,0,51,-51
229000582,53,1,52
229000583,2,0,2
229000584,0,26,-26
229000585,1,38,-37
229000718,0,0,0
229000719,0,0,0
229000720,0,2,-2
229000721,0,2,-2
229000722,0,7,-7
229000723,0,12,-12
229000724,0,1,-1
229000725,0,1,-1
229000738,0,0,0
229000739,1,0,1
229000740,2,0,2
229000741,1,0,1
229000742,4,0,4
229000743,8,0,8
229000744,0,0,0
229000745,1,0,1
229000746,9,0,9
229000847,31,1,30
229000848,24,0,24
229000849,80,0,80
229000851,22,0,22
229000854,0,20,-20
229000856,2,84,-82
229000857,0,22,-22
229000858,0,44,-44
229000919,8,79,-71
229000930,0,166,-166
229000937,57,9,48
229000966,38,13,25
229000981,24,36,-12
229000985,5,31,-26
229000986,3,7,-4
229000987,0,0,0
229000988,11,3,8
229000989,23,8,15
229000990,16,2,14
229000991,4,2,2
229000992,7,4,3
229000993,169,14,155
229000998,5,78,-73
229000999,79,3,76
229001034,0,11,-11
229001035,35,0,35
229001037,40,3,37
229001042,2,14,-12
229001047,4,49,-45
229001050,35,42,-7
229001168,0,5,-5
229001200,4,0,4
229001338,4,27,-23
229001394,143,0,143
229001422,90,15,75
229001423,36,104,-68
229001431,36,36,0
229001432,45,72,-27
229001444,107,41,66
229001445,48,235,-187
229001479,4,5,-1
229001503,144,75,69
229001504,84,175,-91
229001505,67,31,36
229001506,43,129,-86
229001509,43,30,13
229001545,64,2,62
229001546,6,72,-66
229001553,39,12,27
229001554,15,79,-64
229001559,3,20,-17
229001560,3,26,-23
229001630,50,7,43
229001631,4,38,-34
229001635,2,5,-3
229001636,4,0,4
229001658,1,98,-97
229001659,82,1,81
229001660,4,5,-1
229001661,46,35,11
229001662,70,0,70
229001663,0,14,-14
229002584,140,143,-3
229002831,255,169,86
229002841,7,24,-17
229002842,46,26,20
229002843,128,6,122
229002844,111,44,67
229002845,40,51,-11
229002846,52,11,41
229002847,20,7,13
229002848,6,14,-8
229002849,75,52,23
229002850,22,0,22
229002851,76,40,36
229002852,182,16,166
229002853,167,22,145
229002854,126,50,76
229002855,43,11,32
229002856,233,13,220
229002857,22,34,-12
229002858,39,10,29
229002859,50,15,35
229002860,112,7,105
229002861,60,35,25
229002862,59,15,44
229002863,64,10,54
229002864,52,27,25
229002865,9,6,3
229002866,15,20,-5
229002867,17,23,-6
229002868,42,13,29
229002869,31,172,-141
229002870,28,7,21
235000066,545,78,467
235000067,123,160,-37
235000072,29,56,-27
235000073,87,274,-187
235000074,49,77,-28
235000080,22,76,-54
235000081,87,132,-45
235000082,175,87,88
235000083,153,101,52
235000084,52,76,-24
235000085,70,113,-43
235000089,20,36,-16
235000092,44,161,-117
235000093,12,9,3
235000097,10,9,1
235000098,52,11,41
235000099,54,25,29
235000116,129,37,92
235000117,922,12,910
235000133,6,389,-383
235000134,9,170,-161
235000206,13,7,6
235000207,3,0,3
235000208,6,3,3
235000209,30,2,28
235000210,11,0,11
235000212,7,29,-22
235000213,2,13,-11
235000220,5,2,3
235000221,98,15,83
235000238,16,49,-33
235000239,2,11,-9
235000242,339,427,-88
235000245,696,178,518
235000246,14,75,-61
235000284,6,99,-93
235000295,186,16,170
235000305,255,30,225
235000306,116,23,93
235000307,16,8,8
235000308,21,2,19
235000309,98,1,97
235000310,33,0,33
235000311,175,114,61
235000322,0,44,-44
235000323,0,45,-45
235000324,0,10,-10
235000325,2,6,-4
235000326,10,185,-175
235000351,11,63,-52
235000352,12,38,-26
235000353,1,26,-25
235000354,9,31,-22
235000355,10,26,-16
235000356,78,1,77
235000357,45,5,40
235000358,55,6,49
235000359,6,5,1
235000360,39,2,37
235000361,66,3,63
235000381,81,246,-165
235000382,134,53,81
235000390,22,6,16
235000391,84,13,71
235000392,119,215,-96
235000393,83,115,-32
235000395,132,56,76
235000396,383,70,313
235000400,92,37,55
235000401,50,142,-92
235000405,76,315,-239
235000406,55,219,-164
235000407,103,142,-39
235000409,195,142,53
235000410,34,287,-253
235000411,1,95,-94
235000485,0,4,-4
235000486,20,0,20
235000549,93,144,-51
235000550,78,187,-109
235000599,92,54,38
235000600,13,14,-1
235000601,17,40,-23
235000602,114,160,-46
235000614,1,0,1
235000648,0,17,-17
235000649,48,1,47
235000685,1,2,-1
235000815,5,13,-8
235000834,0,26,-26
235000855,41,131,-90
235000862,40,129,-89
235000891,0,3,-3
235000892,20,5,15
235000901,70,99,-29
235000907,5,13,-8
235001010,73,86,-13
235001029,557,444,113
235001030,389,318,71
235001078,106,100,6
235001079,102,100,2
235001147,10,76,-66
235001166,24,99,-75
235001167,105,52,53
235001169,30,273,-243
235001188,0,9,-9
235001189,7,1,6
235001197,14,21,-7
235001200,49,45,4
235001207,169,23,146
235001210,46,76,-30
235001215,52,130,-78
235001239,3,52,-49
235001244,2,3,-1
235016267,1,167,-166
277101746,0,0,0
277102712,4,0,4
277103813,1,1,0
277103814,0,0,0
277103898,0,1,-1
277104249,0,4,-4
277104250,0,23,-23
277104251,0,9,-9
277104252,0,3,-3
990011530,1,249,-248
990014944,1,435,-434
990015176,72,4,68
990015618,1,198,-197
990016032,0,378,-378
990032570,0,39,-39
990070001,81,1,80
990070103,0,2,-2
990070601,0,31,-31
990070751,425,0,425
990070766,2,496,-494
990071180,582,192,390
990071343,48,0,48
990071387,0,8,-8
990071823,462,39,423
990072600,8,615,-607
990072964,1,292,-291
990073285,0,0,0
990074393,3,900,-897
990074870,1053,6,1047
990075106,1201,6,1195
990075746,475,3,472
990076437,837,6,831
990076458,3,817,-814
997000007,724,5,719
997000041,0,106,-106
997000058,16,1,15
997000062,99,0,99
997000069,0,1,-1
997000070,0,48,-48
997000100,10,0,10
997000141,1,411,-410
997000198,457,972,-515
998000475,1,40,-39
998000736,0,176,-176
998000965,0,46,-46
998001031,0,64,-64
998001700,1,18,-17
998001899,0,1,-1
998001900,5,3,2
998003073,884,8,876
998101900,0,0,0
998102850,1,74,-73
998501927,973,395,578
998501929,96,28,68
998501930,54,0,54
998501931,134,4,130
998501932,6,2,4
998501933,66,1,65
998501937,1,0,1
998501944,5,0,5
998501950,0,4,-4
998501970,38,4,34
998501971,1,73,-72
998501973,0,34,-34
998501974,0,224,-224
998501975,515,3,512
998501976,119,2,117
998501977,1,19,-18
998501978,29,2,27
998501979,0,11,-11
998501980,227,4,223
998501981,36,0,36
998501982,0,93,-93
998501983,0,2,-2
998502024,0,11,-11
998502032,0,6,-6
998502062,36,0,36
998502063,0,0,0
998502173,38,0,38
998502269,0,4,-4
998502546,2,134,-132
998502578,2,13,-11
998502599,99,439,-340
998601159,0,139,-139
998601292,0,8,-8
999033574,0,738,-738
999800001,17,1,16
999800002,0,7,-7
999800003,1,0,1
999800004,0,2,-2
999800005,0,15,-15
