dong,insum,outsum,diff
강남구 개포1동,0,0,0
강남구 개포2동,154,201,-47
강남구 개포4동,0,0,0
강남구 논현1동,1403,1035,368
강남구 논현2동,0,0,0
강남구 대치1동,177,138,39
강남구 대치2동,767,584,183
강남구 대치4동,799,426,373
강남구 도곡1동,241,291,-50
강남구 도곡2동,137,56,81
강남구 삼성1동,606,402,204
강남구 삼성2동,445,419,26
강남구 세곡동,42,128,-86
강남구 수서동,177,153,24
강남구 신사동,0,0,0
강남구 압구정동,0,0,0
강남구 역삼1동,3539,2431,1108
강남구 역삼2동,517,360,157
강남구 일원1동,0,0,0
강남구 일원2동,0,0,0
강남구 일원본동,161,212,-51
강남구 청담동,621,614,7
강동구 강일동,257,313,-56
강동구 고덕제1동,6,38,-32
강동구 고덕제2동,166,124,42
강동구 길동,623,254,369
강동구 둔촌제1동,0,0,0
강동구 둔촌제2동,0,0,0
강동구 명일제1동,128,131,-3
강동구 명일제2동,128,47,81
강동구 상일동,18,154,-136
강동구 성내제1동,0,0,0
강동구 성내제2동,249,325,-76
강동구 성내제3동,36,77,-41
강동구 암사제1동,0,0,0
강동구 암사제2동,0,0,0
강동구 암사제3동,0,0,0
강동구 천호제1동,77,61,16
강동구 천호제2동,0,0,0
강동구 천호제3동,341,94,247
강북구 미아동,202,432,-230
강북구 번1동,392,1249,-857
강북구 번2동,0,0,0
강북구 번3동,0,0,0
강북구 삼각산동,0,0,0
강북구 삼양동,0,0,0
강북구 송중동,683,918,-235
강북구 송천동,389,201,188
강북구 수유1동,56,34,22
강북구 수유2동,0,0,0
강북구 수유3동,795,136,659
강북구 우이동,47,132,-85
강북구 월곡제1동,0,0,0
강북구 인수동,0,0,0
강서구 가양제1동,43,194,-151
강서구 가양제2동,0,0,0
강서구 가양제3동,0,0,0
강서구 공항동,119,255,-136
강서구 등촌제1동,150,416,-266
강서구 등촌제2동,128,218,-90
강서구 등촌제3동,83,436,-353
강서구 발산제1동,1261,319,942
강서구 방화제1동,340,445,-105
강서구 방화제2동,232,121,111
강서구 방화제3동,0,0,0
강서구 염창동,0,0,0
강서구 우장산동,114,187,-73
강서구 화곡본동,0,0,0
강서구 화곡제1동,517,566,-49
강서구 화곡제2동,0,0,0
강서구 화곡제3동,100,108,-8
강서구 화곡제4동,55,159,-104
강서구 화곡제6동,342,99,243
강서구 화곡제8동,175,348,-173
관악구 낙성대동,348,408,-60
관악구 난곡동,0,0,0
관악구 난향동,0,0,0
관악구 남현동,836,572,264
관악구 대학동,0,0,0
관악구 미성동,56,64,-8
관악구 보라매동,41,175,-134
관악구 삼성동,0,0,0
관악구 서림동,0,0,0
관악구 서원동,195,271,-76
관악구 성현동,0,0,0
관악구 신림동,1121,1622,-501
관악구 신사동,285,530,-245
관악구 신원동,0,0,0
관악구 은천동,141,338,-197
관악구 인헌동,91,111,-20
관악구 조원동,366,706,-340
관악구 중앙동,323,466,-143
관악구 청룡동,228,277,-49
관악구 청림동,0,0,0
관악구 행운동,251,526,-275
광진구 광장동,187,130,57
광진구 구의제1동,52,83,-31
광진구 구의제2동,123,260,-137
광진구 구의제3동,0,0,0
광진구 군자동,520,343,177
광진구 능동,676,846,-170
광진구 자양제1동,25,36,-11
광진구 자양제2동,0,0,0
광진구 자양제3동,0,0,0
광진구 자양제4동,746,848,-102
광진구 중곡제1동,256,340,-84
광진구 중곡제2동,202,665,-463
광진구 중곡제3동,152,213,-61
광진구 중곡제4동,0,0,0
광진구 화양동,934,781,153
구로구 가리봉동,62,318,-256
구로구 개봉제1동,471,459,12
구로구 개봉제2동,309,321,-12
구로구 개봉제3동,0,0,0
구로구 고척제1동,159,192,-33
구로구 고척제2동,0,0,0
구로구 구로제1동,70,100,-30
구로구 구로제2동,15,104,-89
구로구 구로제3동,139,303,-164
구로구 구로제4동,10,97,-87
구로구 구로제5동,106,276,-170
구로구 수궁동,366,691,-325
구로구 신도림동,722,523,199
구로구 오류제1동,466,497,-31
구로구 오류제2동,0,0,0
구로구 항동,0,0,0
금천구 가산동,256,106,150
금천구 독산제1동,80,367,-287
금천구 독산제2동,79,37,42
금천구 독산제3동,357,90,267
금천구 독산제4동,134,25,109
금천구 미성동,0,0,0
금천구 시흥제1동,267,260,7
금천구 시흥제2동,0,0,0
금천구 시흥제3동,0,0,0
금천구 시흥제4동,0,0,0
금천구 시흥제5동,141,184,-43
노원구 공릉1동,941,972,-31
노원구 공릉2동,0,0,0
노원구 상계10동,22,532,-510
노원구 상계1동,23,89,-66
노원구 상계2동,846,60,786
노원구 상계3.4동,0,0,0
노원구 상계5동,0,0,0
노원구 상계6.7동,538,595,-57
노원구 상계8동,1,34,-33
노원구 상계9동,2,6,-4
노원구 월계1동,39,26,13
노원구 월계2동,0,0,0
노원구 월계3동,68,161,-93
노원구 중계1동,0,0,0
노원구 중계2.3동,285,345,-60
노원구 중계4동,0,0,0
노원구 중계본동,0,0,0
노원구 하계1동,74,110,-36
노원구 하계2동,122,177,-55
도봉구 도봉제1동,365,239,126
도봉구 도봉제2동,69,561,-492
도봉구 방학제1동,300,591,-291
도봉구 방학제2동,5,119,-114
도봉구 방학제3동,116,82,34
도봉구 쌍문제1동,0,0,0
도봉구 쌍문제2동,277,30,247
도봉구 쌍문제3동,98,35,63
도봉구 쌍문제4동,0,0,0
도봉구 창제1동,215,367,-152
도봉구 창제2동,45,220,-175
도봉구 창제3동,0,0,0
도봉구 창제4동,0,0,0
도봉구 창제5동,61,501,-440
동대문구 답십리제1동,32,95,-63
동대문구 답십리제2동,63,74,-11
동대문구 면목제5동,0,0,0
동대문구 용신동,919,1249,-330
동대문구 이문제1동,137,266,-129
동대문구 이문제2동,49,89,-40
동대문구 장안제1동,136,216,-80
동대문구 장안제2동,0,0,0
동대문구 전농제1동,151,354,-203
동대문구 전농제2동,0,0,0
동대문구 제기동,178,97,81
동대문구 청량리동,282,423,-141
동대문구 회기동,78,76,2
동대문구 휘경제1동,267,319,-52
동대문구 휘경제2동,137,545,-408
동작구 노량진제1동,327,368,-41
동작구 노량진제2동,150,211,-61
동작구 대방동,0,0,0
동작구 사당제1동,658,353,305
동작구 사당제2동,40,36,4
동작구 사당제3동,0,0,0
동작구 사당제4동,0,0,0
동작구 사당제5동,0,0,0
동작구 상도제1동,0,0,0
동작구 상도제2동,141,136,5
동작구 상도제3동,93,183,-90
동작구 상도제4동,0,0,0
동작구 신대방제1동,15,9,6
동작구 신대방제2동,117,190,-73
동작구 흑석동,0,0,0
마포구 공덕동,174,214,-40
마포구 대흥동,88,89,-1
마포구 도화동,0,0,0
마포구 망원제1동,0,0,0
마포구 망원제2동,0,0,0
마포구 상암동,2,0,2
마포구 서강동,0,0,0
마포구 서교동,2380,1645,735
마포구 성산제1동,0,0,0
마포구 성산제2동,7,22,-15
마포구 신수동,0,0,0
마포구 아현동,142,247,-105
마포구 연남동,0,0,0
마포구 염리동,0,0,0
마포구 용강동,336,252,84
마포구 합정동,777,455,322
서대문구 남가좌제1동,55,91,-36
서대문구 남가좌제2동,0,0,0
서대문구 북가좌제1동,6,30,-24
서대문구 북가좌제2동,0,0,0
서대문구 북아현동,140,154,-14
서대문구 신촌동,552,743,-191
서대문구 연희동,17,40,-23
서대문구 천연동,159,142,17
서대문구 충현동,138,355,-217
서대문구 홍은제1동,43,179,-136
서대문구 홍은제2동,0,0,0
서대문구 홍제제1동,303,108,195
서대문구 홍제제2동,155,399,-244
서대문구 홍제제3동,0,0,0
서초구 내곡동,0,0,0
서초구 반포1동,401,618,-217
서초구 반포2동,0,0,0
서초구 반포3동,0,0,0
서초구 반포4동,0,0,0
서초구 반포본동,0,0,0
서초구 방배1동,7,39,-32
서초구 방배2동,12,17,-5
서초구 방배3동,311,392,-81
서초구 방배4동,0,0,0
서초구 방배본동,0,0,0
서초구 서초1동,431,239,192
서초구 서초2동,193,371,-178
서초구 서초3동,339,341,-2
서초구 서초4동,1139,400,739
서초구 양재1동,40,95,-55
서초구 양재2동,0,0,0
서초구 잠원동,231,923,-692
성동구 금호1가동,0,0,0
성동구 금호2.3가동,0,0,0
성동구 금호4가동,0,0,0
성동구 마장동,0,0,0
성동구 사근동,79,49,30
성동구 성수1가제1동,0,0,0
성동구 성수1가제2동,154,255,-101
성동구 성수2가제1동,21,21,0
성동구 성수2가제3동,279,389,-110
성동구 송정동,0,0,0
성동구 옥수동,0,0,0
성동구 왕십리도선동,0,0,0
성동구 왕십리제2동,223,260,-37
성동구 용답동,221,296,-75
성동구 응봉동,0,0,0
성동구 행당제1동,236,211,25
성동구 행당제2동,0,0,0
성북구 길음제1동,570,387,183
성북구 길음제2동,185,335,-150
성북구 돈암제1동,134,267,-133
성북구 돈암제2동,0,0,0
성북구 동선동,826,414,412
성북구 보문동,157,297,-140
성북구 삼선동,228,354,-126
성북구 석관동,204,448,-244
성북구 성북동,89,53,36
성북구 안암동,0,0,0
성북구 월곡제1동,0,0,0
성북구 월곡제2동,0,0,0
성북구 장위제1동,0,0,0
성북구 장위제2동,9,16,-7
성북구 장위제3동,0,0,0
성북구 정릉제1동,0,0,0
성북구 정릉제2동,0,0,0
성북구 정릉제3동,0,0,0
성북구 정릉제4동,0,0,0
성북구 종암동,0,0,0
송파구 가락1동,2,101,-99
송파구 가락2동,0,0,0
송파구 가락본동,859,501,358
송파구 거여1동,0,0,0
송파구 거여2동,0,0,0
송파구 마천1동,0,0,0
송파구 마천2동,0,0,0
송파구 문정1동,0,0,0
송파구 문정2동,2077,1336,741
송파구 방이1동,0,0,0
송파구 방이2동,0,0,0
송파구 삼전동,0,0,0
송파구 석촌동,281,735,-454
송파구 송파1동,175,169,6
송파구 송파2동,93,61,32
송파구 오금동,0,0,0
송파구 오륜동,0,0,0
송파구 위례동,1357,681,676
송파구 잠실2동,193,154,39
송파구 잠실3동,450,423,27
송파구 잠실4동,0,0,0
송파구 잠실6동,0,0,0
송파구 잠실7동,9,113,-104
송파구 잠실본동,247,500,-253
송파구 장지동,339,87,252
송파구 풍납1동,0,0,0
송파구 풍납2동,0,0,0
양천구 목1동,496,227,269
양천구 목2동,418,485,-67
양천구 목3동,443,477,-34
양천구 목4동,263,228,35
양천구 목5동,0,0,0
양천구 신월1동,0,0,0
양천구 신월2동,79,179,-100
양천구 신월3동,0,0,0
양천구 신월4동,109,195,-86
양천구 신월5동,0,0,0
양천구 신월6동,0,0,0
양천구 신월7동,88,175,-87
양천구 신정1동,0,0,0
양천구 신정2동,0,0,0
양천구 신정3동,392,609,-217
양천구 신정4동,939,1077,-138
양천구 신정6동,0,0,0
양천구 신정7동,0,0,0
영등포구 당산제1동,205,136,69
영등포구 당산제2동,595,437,158
영등포구 대림제1동,37,81,-44
영등포구 대림제2동,52,300,-248
영등포구 대림제3동,74,111,-37
영등포구 도림동,0,0,0
영등포구 문래동,238,309,-71
영등포구 신길제1동,0,0,0
영등포구 신길제3동,0,0,0
영등포구 신길제4동,0,0,0
영등포구 신길제5동,0,0,0
영등포구 신길제6동,0,0,0
영등포구 신길제7동,0,0,0
영등포구 양평제1동,112,115,-3
영등포구 양평제2동,81,103,-22
영등포구 여의동,375,369,6
영등포구 영등포동,1125,803,322
영등포구 영등포본동,434,141,293
용산구 남영동,268,264,4
용산구 보광동,0,0,0
용산구 서빙고동,0,0,0
용산구 용문동,0,0,0
용산구 용산2가동,0,0,0
용산구 원효로제1동,0,0,0
용산구 원효로제2동,0,0,0
용산구 이촌제1동,15,32,-17
용산구 이촌제2동,0,0,0
용산구 이태원제1동,0,0,0
용산구 이태원제2동,0,0,0
용산구 청파동,67,63,4
용산구 필동,0,0,0
용산구 한강로동,446,325,121
용산구 한남동,502,897,-395
용산구 효창동,0,0,0
용산구 후암동,0,0,0
은평구 갈현제1동,133,71,62
은평구 갈현제2동,0,0,0
은평구 구산동,0,0,0
은평구 녹번동,280,492,-212
은평구 대조동,432,387,45
은평구 불광제1동,470,658,-188
은평구 불광제2동,996,321,675
은평구 수색동,67,71,-4
은평구 신사제1동,0,0,0
은평구 신사제2동,0,0,0
은평구 역촌동,0,0,0
은평구 응암제1동,0,0,0
은평구 응암제2동,0,0,0
은평구 응암제3동,0,0,0
은평구 증산동,106,89,17
은평구 진관동,556,530,26
종로구 가회동,0,0,0
종로구 교남동,102,68,34
종로구 무악동,18,47,-29
종로구 부암동,0,0,0
종로구 사직동,648,639,9
종로구 삼청동,0,0,0
종로구 숭인제1동,0,0,0
종로구 숭인제2동,990,1217,-227
종로구 이화동,167,177,-10
종로구 종로1.2.3.4가동,4027,3414,613
종로구 종로5.6가동,668,878,-210
종로구 창신제1동,1066,862,204
종로구 창신제2동,762,656,106
종로구 창신제3동,0,0,0
종로구 청운효자동,0,0,0
종로구 충현동,144,68,76
종로구 평창동,0,0,0
종로구 혜화동,245,156,89
중구 광희동,2925,2014,911
중구 다산동,138,92,46
중구 동화동,0,0,0
중구 명동,707,623,84
중구 소공동,655,445,210
중구 신당동,155,154,1
중구 신당제5동,161,112,49
중구 약수동,15,89,-74
중구 을지로동,60,65,-5
중구 장충동,25,153,-128
중구 중림동,104,131,-27
중구 청구동,0,0,0
중구 필동,141,91,50
중구 황학동,92,48,44
중구 회현동,841,497,344
중랑구 망우본동,340,441,-101
중랑구 망우제3동,0,0,0
중랑구 면목본동,41,211,-170
중랑구 면목제2동,207,260,-53
중랑구 면목제3.8동,39,78,-39
중랑구 면목제4동,106,322,-216
중랑구 면목제5동,223,343,-120
중랑구 면목제7동,16,117,-101
중랑구 묵제1동,221,404,-183
중랑구 묵제2동,113,79,34
중랑구 상봉제1동,248,39,209
중랑구 상봉제2동,329,949,-620
중랑구 신내1동,137,221,-84
중랑구 신내2동,0,0,0
중랑구 중화제1동,123,222,-99
중랑구 중화제2동,278,220,58
NA,8600,20731,-12131
