ID,insum,outsum,diff
100000001,0,0,0
100000002,1364,2164,-800
100000003,2187,2764,-577
100000004,224,761,-537
100000005,1144,1709,-565
100000006,67,52,15
100000007,329,271,58
100000008,2,41,-39
100000009,33,184,-151
100000010,0,54,-54
100000011,56,55,1
100000012,52,43,9
100000013,0,7,-7
100000014,9,10,-1
100000015,368,796,-428
100000016,56,226,-170
100000017,62,80,-18
100000018,194,179,15
100000019,416,856,-440
100000020,248,1075,-827
100000021,299,157,142
100000022,200,742,-542
100000023,548,478,70
100000025,161,725,-564
100000028,359,472,-113
100000029,3,43,-40
100000030,99,6,93
100000031,554,2185,-1631
100000032,260,1175,-915
100000033,121,1035,-914
100000034,15,191,-176
100000035,163,498,-335
100000036,141,285,-144
100000037,290,117,173
100000038,908,429,479
100000039,64,27,37
100000040,12,91,-79
100000041,355,171,184
100000042,256,58,198
100000043,133,79,54
100000044,17,22,-5
100000045,27,75,-48
100000046,162,58,104
100000047,15,21,-6
100000048,62,154,-92
100000049,215,231,-16
100000051,249,104,145
100000053,27,1,26
100000054,62,7,55
100000055,58,27,31
100000056,123,103,20
100000057,430,175,255
100000058,81,167,-86
100000059,3,59,-56
100000060,92,280,-188
100000061,411,209,202
100000062,309,208,101
100000063,234,172,62
100000064,289,175,114
100000065,87,111,-24
100000066,96,44,52
100000067,86,110,-24
100000068,85,207,-122
100000069,29,172,-143
100000072,26,53,-27
100000073,232,235,-3
100000075,195,52,143
100000076,460,1540,-1080
100000077,79,203,-124
100000078,6,95,-89
100000079,11,39,-28
100000080,6,46,-40
100000081,4,26,-22
100000102,877,1687,-810
100000103,382,436,-54
100000104,292,279,13
100000105,270,331,-61
100000106,274,1470,-1196
100000107,51,498,-447
100000108,54,100,-46
100000109,581,370,211
100000116,314,469,-155
100000117,3,67,-64
100000118,1353,450,903
100000119,356,424,-68
100000121,28,190,-162
100000122,93,491,-398
100000123,1555,1847,-292
100000124,827,1246,-419
100000125,454,1678,-1224
100000126,141,268,-127
100000127,335,357,-22
100000128,26,449,-423
100000129,31,148,-117
100000130,356,286,70
100000131,147,264,-117
100000132,176,1295,-1119
100000133,791,387,404
100000135,161,189,-28
100000139,122,248,-126
100000140,0,0,0
100000142,187,65,122
100000143,81,61,20
100000144,570,14,556
100000147,805,3410,-2605
100000150,14,129,-115
100000151,140,844,-704
100000153,0,65,-65
100000154,0,79,-79
100000155,1,37,-36
100000156,39,100,-61
100000157,417,93,324
100000158,29,92,-63
100000159,33,341,-308
100000165,508,186,322
100000169,5,128,-123
100000174,51,91,-40
100000179,10,471,-461
100000180,55,62,-7
100000181,19,53,-34
100000188,8,39,-31
100000189,313,122,191
100000190,124,472,-348
100000191,39,158,-119
100000192,3,85,-82
100000193,49,85,-36
100000330,288,399,-111
100000355,36,62,-26
100000362,949,473,476
100000363,2608,3169,-561
100000364,181,65,116
100000365,4463,4069,394
100000366,957,655,302
100000367,2946,3481,-535
100000368,112,62,50
100000369,134,1183,-1049
100000370,9,502,-493
100000376,25,235,-210
100000379,360,1492,-1132
100000380,1681,2674,-993
100000384,1633,2646,-1013
100000385,342,2339,-1997
100000386,1113,1993,-880
100000387,745,3871,-3126
100000388,1371,1261,110
100000389,1621,2996,-1375
100000390,708,765,-57
100000391,1722,4095,-2373
100000392,315,617,-302
100000393,228,1952,-1724
100000394,762,1222,-460
100000395,445,1247,-802
100000396,690,432,258
100000397,465,1667,-1202
100000398,6469,2044,4425
100000413,0,0,0
100900002,0,0,0
100900003,21,52,-31
100900004,0,0,0
100900005,0,0,0
100900006,0,0,0
100900007,0,0,0
100900008,0,0,0
100900009,0,0,0
100900010,0,0,0
100900011,0,0,0
100900012,0,0,0
100900013,0,0,0
100900014,0,0,0
100900015,0,0,0
100900016,0,0,0
100900017,30,4,26
100900018,0,0,0
100900019,0,0,0
100900020,0,0,0
100900021,9,0,9
100900022,0,0,0
100900023,0,0,0
100900024,0,0,0
100900025,0,0,0
100900026,0,0,0
100900027,8,181,-173
100900028,6,5,1
100900029,0,0,0
100900030,4,0,4
100900031,148,23,125
100900032,68,0,68
100900033,0,0,0
100900034,0,0,0
100900035,0,0,0
100900036,1,0,1
100900037,0,0,0
100900038,0,4,-4
100900039,56,0,56
100900040,124,17,107
100900041,123,0,123
100900042,55,130,-75
100900043,0,3,-3
100900044,41,0,41
100900045,0,0,0
100900046,67,0,67
100900047,83,9,74
100900048,3,0,3
100900049,0,0,0
100900050,0,0,0
100900051,10,9,1
100900052,0,0,0
100900053,0,0,0
100900054,0,0,0
100900055,0,0,0
100900056,0,0,0
100900057,66,5,61
100900058,0,0,0
100900059,0,0,0
100900060,0,0,0
100900061,0,0,0
100900062,0,0,0
100900063,6,127,-121
100900064,25,0,25
100900065,0,0,0
100900066,3,1,2
100900067,1,0,1
100900068,0,0,0
100900069,0,0,0
100900070,0,0,0
100900071,0,0,0
100900072,0,0,0
100900073,0,0,0
100900074,0,0,0
100900075,4,1,3
100900076,1,0,1
100900077,0,3,-3
100900078,5,0,5
100900079,0,0,0
100900080,0,1,-1
100900081,0,1,-1
100900082,0,0,0
100900083,0,0,0
100900085,0,0,0
100900086,1,0,1
100900088,0,0,0
100900089,0,0,0
100900090,1,8,-7
100900091,0,1,-1
100900092,23,0,23
100900093,0,0,0
100900094,0,0,0
100900095,0,0,0
100900096,0,1,-1
100900097,0,0,0
100900098,0,0,0
100900099,0,0,0
100900100,0,0,0
100900101,0,0,0
100900102,0,0,0
100900103,0,0,0
100900104,0,0,0
100900105,0,0,0
100900106,0,0,0
100900107,0,0,0
100900108,0,0,0
100900109,0,0,0
100900110,6,5,1
100900111,0,0,0
100900112,0,0,0
100900113,0,0,0
100900114,0,0,0
100900115,0,0,0
100900116,23,0,23
100900117,0,0,0
100900118,0,0,0
100900119,0,0,0
100900120,0,0,0
100900121,16,0,16
100900122,0,0,0
100900123,0,0,0
100900124,0,0,0
100900125,0,0,0
100900126,0,0,0
100900127,0,0,0
100900128,0,0,0
100900129,0,0,0
100900131,0,0,0
100900133,0,0,0
100900134,0,0,0
100900135,0,0,0
100900137,0,0,0
100900138,0,0,0
100900139,0,0,0
100900140,0,0,0
100900141,0,0,0
100900142,0,0,0
100900143,0,0,0
100900144,0,0,0
100900145,0,0,0
100900146,0,0,0
100900147,0,0,0
100900148,0,0,0
100900149,0,0,0
100900150,0,0,0
100900151,0,0,0
100900152,0,0,0
100900153,0,0,0
100900154,2,0,2
100900155,0,0,0
100900156,0,0,0
100900157,0,0,0
100900159,0,0,0
100900160,0,0,0
100900161,0,0,0
100900162,0,0,0
100900163,0,0,0
100900164,0,0,0
100900165,0,0,0
100900166,0,0,0
100900167,0,0,0
100900168,0,0,0
100900169,0,0,0
100900170,0,0,0
100900171,0,0,0
100900172,0,0,0
100900173,0,0,0
100900174,0,0,0
100900176,0,0,0
100900177,0,0,0
100900178,39,3,36
100900179,0,0,0
100900180,0,0,0
100900181,0,0,0
100900182,1,0,1
100900184,1,10,-9
100900186,0,0,0
100900187,0,0,0
100900188,0,0,0
100900189,0,0,0
100900191,0,0,0
100900192,0,0,0
100900195,0,2,-2
100900197,147,94,53
100900198,6,6,0
100900199,5,2,3
100900200,0,0,0
100900201,0,0,0
100900202,2,0,2
100900203,0,0,0
100900204,1,0,1
100900205,0,0,0
100900206,0,0,0
100900207,0,0,0
100900210,0,0,0
100900211,0,0,0
100900213,0,0,0
100900214,0,0,0
100900215,0,0,0
100900217,1,0,1
101000001,396,612,-216
101000002,152,632,-480
101000003,34,377,-343
101000004,2444,4039,-1595
101000005,1993,3087,-1094
101000006,2402,3497,-1095
101000007,568,2353,-1785
101000008,1052,2337,-1285
101000009,1023,256,767
101000010,143,269,-126
101000011,66,193,-127
101000012,22,25,-3
101000013,249,322,-73
101000014,242,494,-252
101000015,583,566,17
101000016,38,263,-225
101000017,56,198,-142
101000018,523,672,-149
101000020,849,178,671
101000021,84,311,-227
101000022,0,0,0
101000023,128,263,-135
101000025,83,125,-42
101000026,76,0,76
101000027,708,1366,-658
101000028,301,139,162
101000029,17,544,-527
101000030,78,52,26
101000031,72,622,-550
101000032,1056,1871,-815
101000033,227,1384,-1157
101000034,173,1108,-935
101000035,53,80,-27
101000036,290,520,-230
101000037,280,1282,-1002
101000039,274,768,-494
101000040,317,1213,-896
101000041,1509,3196,-1687
101000042,6,418,-412
101000043,951,2015,-1064
101000045,138,302,-164
101000046,670,1184,-514
101000047,708,1535,-827
101000048,99,201,-102
101000049,45,317,-272
101000050,139,811,-672
101000051,81,1328,-1247
101000052,461,1153,-692
101000053,99,371,-272
101000054,241,134,107
101000055,299,1082,-783
101000056,16,86,-70
101000057,119,374,-255
101000058,318,1374,-1056
101000059,787,1968,-1181
101000060,65,92,-27
101000061,165,1714,-1549
101000062,64,119,-55
101000063,140,1029,-889
101000064,125,347,-222
101000065,52,689,-637
101000066,119,728,-609
101000067,62,96,-34
101000068,181,328,-147
101000069,126,35,91
101000070,196,115,81
101000071,484,609,-125
101000072,1796,1038,758
101000073,682,694,-12
101000074,2378,1670,708
101000075,3556,957,2599
101000077,1696,513,1183
101000078,893,750,143
101000079,1076,525,551
101000080,423,76,347
101000081,692,612,80
101000082,1114,646,468
101000083,1186,765,421
101000084,243,150,93
101000085,1230,699,531
101000086,76,134,-58
101000087,108,130,-22
101000088,571,601,-30
101000089,338,778,-440
101000090,273,158,115
101000091,192,182,10
101000092,760,241,519
101000093,560,296,264
101000094,53,67,-14
101000095,54,83,-29
101000096,298,251,47
101000097,53,71,-18
101000098,47,267,-220
101000099,329,594,-265
101000100,216,563,-347
101000101,221,224,-3
101000102,81,243,-162
101000103,283,160,123
101000104,38,226,-188
101000105,13,139,-126
101000106,1,82,-81
101000107,23,30,-7
101000108,155,39,116
101000109,46,43,3
101000110,11,42,-31
101000111,22,57,-35
101000113,41,195,-154
101000114,822,1160,-338
101000115,0,0,0
101000116,0,0,0
101000117,0,0,0
101000119,2,30,-28
101000120,4,26,-22
101000121,2,13,-11
101000122,1,15,-14
101000123,10,20,-10
101000124,513,129,384
101000125,90,33,57
101000128,44,105,-61
101000130,544,94,450
101000131,442,328,114
101000132,68,129,-61
101000135,0,22,-22
101000136,9,21,-12
101000137,5,237,-232
101000141,319,2719,-2400
101000147,176,43,133
101000148,67,1,66
101000149,0,0,0
101000150,37,91,-54
101000151,12,15,-3
101000152,82,20,62
101000153,140,20,120
101000154,143,91,52
101000155,3,2,1
101000156,0,1,-1
101000157,4,5,-1
101000160,0,0,0
101000163,89,274,-185
101000164,62,13,49
101000165,138,126,12
101000166,154,235,-81
101000168,10,10,0
101000252,780,227,553
101000254,0,0,0
101000258,354,2,352
101000261,426,35,391
101000262,182,1826,-1644
101000263,56,683,-627
101000265,2,223,-221
101000266,57,58,-1
101000269,0,0,0
101000290,62,1176,-1114
101000293,0,0,0
101000294,178,137,41
101000295,61,84,-23
101000301,44,328,-284
101000304,544,1485,-941
101000305,979,729,250
101000328,22,398,-376
101900001,1,0,1
101900002,0,0,0
101900003,0,0,0
101900004,0,0,0
101900005,0,0,0
101900006,0,0,0
101900007,0,0,0
101900008,0,0,0
101900009,0,0,0
101900010,0,0,0
101900011,0,0,0
101900012,0,0,0
101900013,0,0,0
101900017,0,0,0
101900018,8,0,8
101900019,4,0,4
101900020,8,0,8
101900021,0,0,0
101900022,29,4,25
101900023,0,0,0
101900026,0,0,0
101900027,0,0,0
102000001,750,1990,-1240
102000002,720,230,490
102000003,347,1858,-1511
102000004,403,1392,-989
102000005,162,1295,-1133
102000006,160,1106,-946
102000007,174,1702,-1528
102000008,974,759,215
102000009,2098,2684,-586
102000010,802,953,-151
102000011,1458,2241,-783
102000012,1303,1190,113
102000018,405,375,30
102000019,82,353,-271
102000026,1,80,-79
102000029,137,18,119
102000030,13,56,-43
102000031,1,48,-47
102000032,126,70,56
102000033,140,117,23
102000034,30,39,-9
102000035,68,58,10
102000036,16,87,-71
102000037,13,15,-2
102000038,26,24,2
102000039,15,18,-3
102000040,47,58,-11
102000041,10,123,-113
102000042,9,125,-116
102000043,0,44,-44
102000044,87,253,-166
102000045,78,259,-181
102000046,172,169,3
102000047,153,180,-27
102000048,88,139,-51
102000049,327,179,148
102000050,189,366,-177
102000051,52,178,-126
102000052,344,309,35
102000053,408,338,70
102000054,116,131,-15
102000055,167,38,129
102000056,403,56,347
102000057,186,71,115
102000058,61,85,-24
102000059,101,78,23
102000060,494,487,7
102000061,163,180,-17
102000062,632,427,205
102000063,72,359,-287
102000064,365,429,-64
102000065,8,58,-50
102000066,217,154,63
102000067,399,1440,-1041
102000068,1090,734,356
102000069,19,415,-396
102000070,481,9,472
102000071,2536,3732,-1196
102000072,666,636,30
102000073,61,51,10
102000074,179,59,120
102000075,56,81,-25
102000076,81,40,41
102000077,564,166,398
102000078,488,27,461
102000079,49,25,24
102000080,92,41,51
102000081,53,156,-103
102000082,73,78,-5
102000083,71,27,44
102000084,314,69,245
102000085,341,117,224
102000086,562,202,360
102000087,82,312,-230
102000088,115,39,76
102000089,373,102,271
102000090,136,342,-206
102000091,637,195,442
102000092,150,154,-4
102000093,120,220,-100
102000094,191,51,140
102000095,85,188,-103
102000096,369,109,260
102000097,125,136,-11
102000098,140,146,-6
102000099,275,167,108
102000100,43,196,-153
102000101,79,177,-98
102000102,59,233,-174
102000103,48,272,-224
102000104,57,143,-86
102000105,88,111,-23
102000106,219,49,170
102000107,498,38,460
102000108,180,31,149
102000109,81,59,22
102000110,489,125,364
102000111,5,31,-26
102000112,34,30,4
102000113,1,26,-25
102000114,112,104,8
102000115,14,59,-45
102000116,32,189,-157
102000117,8,64,-56
102000118,213,729,-516
102000119,165,127,38
102000120,52,194,-142
102000121,115,143,-28
102000122,57,293,-236
102000123,73,116,-43
102000124,111,293,-182
102000125,68,61,7
102000126,99,193,-94
102000127,106,51,55
102000128,52,269,-217
102000129,142,95,47
102000130,190,426,-236
102000131,191,206,-15
102000132,59,344,-285
102000133,1000,302,698
102000134,167,154,13
102000135,74,241,-167
102000136,22,71,-49
102000137,31,28,3
102000138,28,22,6
102000139,31,66,-35
102000140,0,16,-16
102000141,14,43,-29
102000142,47,19,28
102000143,37,35,2
102000144,118,24,94
102000145,58,25,33
102000146,121,26,95
102000147,22,13,9
102000148,8,116,-108
102000149,47,39,8
102000150,185,10,175
102000151,12,80,-68
102000152,44,46,-2
102000153,228,145,83
102000154,76,72,4
102000155,60,56,4
102000156,18,27,-9
102000157,1,52,-51
102000158,6,95,-89
102000159,32,37,-5
102000161,17,304,-287
102000162,4,23,-19
102000163,9,209,-200
102000164,188,332,-144
102000165,1,0,1
102000166,0,32,-32
102000167,0,0,0
102000168,15,16,-1
102000169,11,158,-147
102000170,0,0,0
102000171,0,0,0
102000172,0,33,-33
102000173,89,119,-30
102000174,7,5,2
102000175,93,6,87
102000176,9,8,1
102000178,28,56,-28
102000179,110,55,55
102000180,197,54,143
102000181,319,102,217
102000182,203,104,99
102000183,563,162,401
102000184,205,65,140
102000185,1161,111,1050
102000186,349,82,267
102000187,158,117,41
102000188,393,347,46
102000189,241,34,207
102000190,166,628,-462
102000191,237,93,144
102000192,76,223,-147
102000193,11,9,2
102000194,28,35,-7
102000195,107,18,89
102000196,67,48,19
102000197,214,11,203
102000198,37,70,-33
102000199,276,11,265
102000200,79,148,-69
102000201,173,26,147
102000202,0,9,-9
102000203,36,6,30
102000204,84,129,-45
102000205,304,103,201
102000206,61,40,21
102000207,132,142,-10
102000208,16,94,-78
102000209,37,7,30
102000210,66,8,58
102000211,12,0,12
102000212,209,18,191
102000213,0,1,-1
102000214,127,3,124
102000215,0,2,-2
102000216,8,44,-36
102000217,0,3,-3
102000218,25,42,-17
102000219,2,15,-13
102000225,233,256,-23
102000226,0,0,0
102000227,57,3,54
102000228,0,0,0
102000229,5,5,0
102000230,54,135,-81
102000231,85,171,-86
102000232,3,83,-80
102000233,77,124,-47
102000234,5,380,-375
102000236,32,7,25
102000237,75,19,56
102000238,6,5,1
102000240,0,0,0
102000241,25,2,23
102000243,0,28,-28
102000245,0,0,0
102000246,6,25,-19
102000247,16,172,-156
102000248,128,342,-214
102000249,19,24,-5
102000250,26,73,-47
102000254,72,61,11
102000266,2,15,-13
102000271,33,3,30
102000286,35,121,-86
102000297,154,147,7
102000299,0,0,0
102000301,0,0,0
102000303,0,0,0
102000305,0,0,0
102000307,0,0,0
102900001,117,7,110
102900002,38,0,38
102900003,0,0,0
102900005,59,3,56
102900006,75,1,74
102900007,96,1,95
102900008,50,2,48
102900009,24,0,24
102900010,13,0,13
102900011,0,0,0
102900012,0,0,0
102900013,0,0,0
102900015,0,0,0
102900016,0,0,0
102900017,0,0,0
102900018,0,0,0
102900019,0,0,0
102900020,0,0,0
102900021,0,0,0
102900022,0,0,0
102900023,0,0,0
102900024,0,0,0
102900025,0,0,0
102900026,2,159,-157
102900027,0,0,0
102900028,4,54,-50
102900029,0,0,0
102900030,1,17,-16
102900031,29,17,12
102900032,0,0,0
102900033,0,0,0
102900034,101,0,101
102900035,0,0,0
102900036,135,16,119
102900037,36,16,20
102900038,30,12,18
102900039,4,0,4
102900040,0,0,0
102900041,0,0,0
102900042,0,0,0
102900043,0,0,0
102900044,0,0,0
102900045,0,0,0
102900046,0,0,0
102900047,0,0,0
102900048,0,0,0
102900049,0,0,0
102900050,0,0,0
102900051,0,0,0
102900053,0,0,0
102900054,0,0,0
102900055,0,0,0
102900056,0,0,0
102900057,0,0,0
102900058,0,0,0
102900059,0,0,0
102900060,1,7,-6
102900061,8,8,0
102900062,30,19,11
102900063,64,6,58
102900064,2,65,-63
102900065,45,0,45
102900066,24,1,23
102900068,0,0,0
102900070,0,0,0
102900072,0,0,0
102900073,0,0,0
102900075,0,0,0
102900076,0,0,0
102900077,0,0,0
102900078,0,0,0
102900079,41,0,41
102900080,37,0,37
102900081,0,0,0
102900082,0,0,0
102900083,0,0,0
102900084,0,0,0
102900085,0,0,0
102900086,0,0,0
102900087,0,0,0
102900088,0,0,0
102900089,0,0,0
102900090,0,0,0
102900091,0,0,0
102900092,0,0,0
102900094,0,0,0
102900095,5,0,5
102900096,0,0,0
102900097,0,0,0
103000001,2152,1388,764
103000002,1200,1179,21
103000003,1089,1222,-133
103000004,136,338,-202
103000005,916,978,-62
103000006,485,621,-136
103000007,284,208,76
103000008,167,65,102
103000009,395,381,14
103000010,125,20,105
103000011,328,637,-309
103000012,465,835,-370
103000013,323,375,-52
103000014,701,1557,-856
103000015,149,28,121
103000016,228,401,-173
103000017,105,220,-115
103000018,170,170,0
103000019,162,171,-9
103000020,373,488,-115
103000021,1895,1932,-37
103000022,117,278,-161
103000023,490,1696,-1206
103000024,22,45,-23
103000025,15,289,-274
103000026,102,27,75
103000027,27,246,-219
103000028,188,217,-29
103000029,55,56,-1
103000030,222,422,-200
103000031,316,944,-628
103000032,745,422,323
103000033,2291,2189,102
103000034,560,465,95
103000035,148,481,-333
103000036,89,138,-49
103000037,152,126,26
103000038,219,590,-371
103000039,159,86,73
103000040,120,305,-185
103000041,540,470,70
103000042,580,86,494
103000043,409,278,131
103000044,38,7,31
103000046,22,22,0
103000047,76,122,-46
103000048,24,30,-6
103000049,13,83,-70
103000050,81,11,70
103000051,25,57,-32
103000052,31,8,23
103000053,6,23,-17
103000054,905,103,802
103000055,997,463,534
103000056,327,239,88
103000057,628,163,465
103000058,257,89,168
103000059,284,245,39
103000060,313,86,227
103000061,259,271,-12
103000062,172,32,140
103000063,336,372,-36
103000064,60,20,40
103000065,4,12,-8
103000066,50,9,41
103000069,106,54,52
103000070,88,35,53
103000071,156,127,29
103000072,48,95,-47
103000073,298,54,244
103000074,215,32,183
103000075,9,67,-58
103000076,55,213,-158
103000077,2,47,-45
103000078,162,286,-124
103000079,116,293,-177
103000080,371,160,211
103000081,82,360,-278
103000082,328,38,290
103000083,17,52,-35
103000084,10,4,6
103000085,0,15,-15
103000086,342,228,114
103000087,38,389,-351
103000088,215,157,58
103000089,113,298,-185
103000090,3010,1977,1033
103000091,585,609,-24
103000092,322,129,193
103000093,94,122,-28
103000094,149,95,54
103000095,8,70,-62
103000096,274,8,266
103000097,1,58,-57
103000098,338,30,308
103000099,22,43,-21
103000100,79,127,-48
103000101,528,45,483
103000102,28,83,-55
103000103,279,26,253
103000104,39,33,6
103000105,119,13,106
103000106,13,48,-35
103000107,113,17,96
103000108,675,1019,-344
103000109,153,518,-365
103000110,385,484,-99
103000111,105,159,-54
103000112,61,160,-99
103000113,56,441,-385
103000114,490,272,218
103000115,510,378,132
103000116,532,174,358
103000117,412,160,252
103000118,47,101,-54
103000119,49,115,-66
103000120,5,13,-8
103000121,23,44,-21
103000122,708,906,-198
103000125,1,65,-64
103000126,276,1,275
103000127,0,23,-23
103000128,19,0,19
103000129,0,48,-48
103000130,49,7,42
103000131,31,94,-63
103000132,7,25,-18
103000133,3,42,-39
103000134,84,108,-24
103000135,110,105,5
103000136,144,65,79
103000137,57,249,-192
103000138,111,264,-153
103000139,0,3,-3
103000140,19,10,9
103000141,0,33,-33
103000142,42,9,33
103000143,9,15,-6
103000144,95,24,71
103000145,0,16,-16
103000150,11,19,-8
103000152,52,173,-121
103000153,81,214,-133
103000156,0,24,-24
103000157,61,1,60
103000159,113,33,80
103000162,16,4,12
103000163,1,5,-4
103000164,0,2,-2
103000165,24,47,-23
103000166,75,221,-146
103000167,116,36,80
103000168,80,43,37
103000169,100,157,-57
103000170,689,209,480
103000171,0,24,-24
103000172,389,113,276
103000173,11,5,6
103000174,598,137,461
103000175,88,31,57
103000176,174,223,-49
103000177,19,28,-9
103000178,29,19,10
103000179,40,1,39
103000183,120,1,119
103000185,75,5,70
103000186,120,60,60
103000187,2,2,0
103000188,1,46,-45
103000189,241,263,-22
103000191,145,159,-14
103000292,35,183,-148
103000293,35,663,-628
103000295,51,41,10
103000296,22,0,22
103000297,4,1,3
103000504,6,0,6
103000505,0,1,-1
103000506,0,26,-26
103000507,110,0,110
103000508,23,57,-34
103000509,107,132,-25
103900001,0,0,0
103900002,0,0,0
103900003,61,16,45
103900004,3,0,3
103900005,0,0,0
103900006,0,0,0
103900007,0,0,0
103900008,0,0,0
103900009,77,13,64
103900010,78,4,74
103900011,0,0,0
103900012,0,5,-5
103900013,0,0,0
103900014,1,0,1
103900015,36,0,36
103900016,0,0,0
103900017,0,0,0
103900018,0,0,0
103900019,1,39,-38
103900020,0,0,0
103900021,40,1,39
103900022,69,3,66
103900023,28,0,28
103900024,0,11,-11
103900025,0,0,0
103900026,0,0,0
103900027,26,5,21
103900028,7,25,-18
103900029,156,6,150
103900030,24,2,22
103900031,0,0,0
103900032,6,2,4
103900033,0,0,0
103900034,0,0,0
103900035,0,0,0
103900036,9,1,8
103900037,0,4,-4
103900038,0,25,-25
103900039,0,0,0
103900040,0,0,0
103900041,1,3,-2
103900042,0,0,0
103900043,0,0,0
103900044,0,58,-58
103900045,22,0,22
103900047,0,0,0
103900048,0,0,0
103900049,0,0,0
103900050,10,4,6
103900051,0,0,0
103900052,0,0,0
103900053,1,0,1
103900054,0,0,0
103900055,0,0,0
103900056,0,0,0
103900057,15,0,15
103900058,0,0,0
103900059,0,0,0
103900060,45,2,43
103900061,23,1,22
103900062,0,0,0
103900063,0,0,0
103900064,7,0,7
103900065,15,10,5
103900066,20,2,18
103900067,6,2,4
103900068,0,0,0
103900069,1,1,0
103900070,3,8,-5
103900071,2,0,2
103900072,0,0,0
103900073,1,21,-20
103900074,26,3,23
103900075,14,0,14
103900076,0,0,0
103900077,3,12,-9
103900078,3,2,1
103900079,0,0,0
103900080,0,0,0
103900081,0,0,0
103900082,0,0,0
103900083,32,156,-124
103900084,0,0,0
103900085,2,0,2
103900086,27,8,19
103900088,2,16,-14
103900089,0,8,-8
103900090,0,0,0
103900091,0,0,0
103900092,0,0,0
103900093,42,1,41
103900094,0,0,0
103900095,0,0,0
103900096,23,0,23
103900097,0,0,0
103900098,0,0,0
103900099,8,0,8
103900100,0,0,0
103900101,0,0,0
103900102,0,0,0
103900104,0,1,-1
103900105,0,0,0
103900106,0,0,0
103900107,37,5,32
103900108,5,5,0
103900109,24,0,24
103900110,0,0,0
103900111,0,0,0
103900112,0,1,-1
103900113,0,0,0
103900114,0,0,0
103900115,0,0,0
103900116,4,7,-3
103900117,6,0,6
103900119,0,56,-56
103900120,4,0,4
103900122,0,0,0
103900123,0,0,0
103900124,0,0,0
103900125,0,0,0
103900126,43,1,42
103900127,0,1,-1
103900128,0,0,0
103900131,0,0,0
103900133,46,0,46
103900134,0,0,0
103900135,0,0,0
103900137,0,0,0
103900138,0,0,0
103900139,13,107,-94
103900140,0,0,0
103900141,19,1,18
103900142,43,0,43
103900143,1,0,1
103900144,0,0,0
103900145,1,11,-10
103900146,60,6,54
103900147,0,0,0
103900148,0,0,0
103900149,25,0,25
103900150,128,45,83
103900151,0,0,0
103900152,173,0,173
103900153,0,0,0
103900154,0,3,-3
103900155,2,0,2
103900156,0,0,0
103900157,0,0,0
103900158,28,2,26
103900159,0,0,0
103900160,0,0,0
103900161,1,2,-1
103900162,0,0,0
103900163,0,0,0
103900167,0,10,-10
103900168,1,1,0
103900169,0,13,-13
103900170,0,0,0
103900171,0,0,0
103900172,0,0,0
103900173,0,0,0
103900174,34,0,34
103900175,0,27,-27
103900176,0,0,0
103900177,0,0,0
103900178,0,0,0
103900179,0,0,0
103900180,0,0,0
103900181,0,0,0
103900182,0,0,0
103900184,0,0,0
103900185,0,0,0
103900187,2,5,-3
103900188,6,0,6
103900189,11,0,11
103900190,4,0,4
103900191,0,0,0
103900192,0,0,0
103900193,0,0,0
103900194,0,0,0
103900195,0,0,0
103900196,0,0,0
103900197,0,0,0
103900198,0,0,0
103900199,0,0,0
103900200,0,0,0
103900201,0,0,0
103900202,0,0,0
103900203,6,1,5
103900204,0,0,0
103900207,0,0,0
103900208,11,0,11
103900209,0,0,0
103900210,0,0,0
103900211,60,0,60
103900212,0,0,0
103900213,0,0,0
103900214,138,206,-68
103900215,0,0,0
103900216,1,1,0
103900217,23,1,22
103900218,0,0,0
103900219,0,0,0
103900233,0,0,0
103900235,0,0,0
103900236,0,0,0
103900242,0,0,0
103900243,0,0,0
103900244,10,1,9
103900245,0,0,0
103900246,0,1,-1
103900247,0,0,0
103900248,0,0,0
103900249,0,0,0
103900250,0,0,0
103900251,0,0,0
103900253,0,0,0
103900254,0,0,0
103900255,0,0,0
103900256,0,0,0
103900257,0,0,0
103900258,0,0,0
103900259,0,0,0
103900261,0,0,0
103900262,0,0,0
103900263,0,0,0
103900264,0,0,0
103900265,0,0,0
103900266,0,1,-1
103900267,0,0,0
103900268,0,0,0
103900269,2,0,2
103900270,0,0,0
103900271,0,0,0
103900272,0,0,0
103900273,0,0,0
103900274,0,0,0
103900275,0,0,0
103900276,0,0,0
103900277,0,0,0
103900278,0,0,0
103900279,0,0,0
103900280,0,0,0
104000001,940,749,191
104000002,1068,1413,-345
104000003,1169,1034,135
104000004,1246,1279,-33
104000005,887,1201,-314
104000006,1270,801,469
104000007,2672,1440,1232
104000008,37,38,-1
104000009,496,258,238
104000010,50,168,-118
104000011,40,9,31
104000012,13,34,-21
104000013,106,160,-54
104000014,73,33,40
104000015,180,39,141
104000016,22,44,-22
104000018,466,74,392
104000019,732,148,584
104000020,34,124,-90
104000021,150,248,-98
104000022,52,154,-102
104000023,517,88,429
104000024,13,22,-9
104000026,33,3,30
104000027,9,19,-10
104000028,488,157,331
104000029,34,11,23
104000030,471,414,57
104000031,673,38,635
104000032,31,32,-1
104000033,450,50,400
104000034,69,28,41
104000035,747,91,656
104000036,463,182,281
104000037,24,34,-10
104000038,358,139,219
104000039,262,197,65
104000040,80,224,-144
104000041,214,118,96
104000042,201,128,73
104000043,22,73,-51
104000044,111,86,25
104000045,272,105,167
104000046,284,184,100
104000047,129,421,-292
104000048,487,623,-136
104000049,257,120,137
104000050,51,199,-148
104000051,1,20,-19
104000052,558,604,-46
104000053,429,102,327
104000054,220,36,184
104000055,1128,238,890
104000056,251,5,246
104000057,0,0,0
104000058,638,356,282
104000059,264,485,-221
104000060,304,303,1
104000061,293,140,153
104000062,79,15,64
104000064,143,36,107
104000065,13,59,-46
104000069,312,535,-223
104000070,30,146,-116
104000071,0,0,0
104000072,109,30,79
104000075,0,0,0
104000076,0,0,0
104000082,425,902,-477
104000083,271,51,220
104000084,38,171,-133
104000085,231,47,184
104000086,144,80,64
104000087,59,144,-85
104000090,37,100,-63
104000092,89,151,-62
104000094,148,104,44
104000095,347,566,-219
104000096,888,24,864
104000097,861,107,754
104000098,1331,143,1188
104000100,1102,106,996
104000101,490,536,-46
104000106,13,96,-83
104000107,489,118,371
104000108,69,19,50
104000109,63,26,37
104000110,92,231,-139
104000111,296,390,-94
104000112,49,32,17
104000116,0,85,-85
104000117,183,77,106
104000118,275,60,215
104000119,77,77,0
104000120,81,77,4
104000121,31,132,-101
104000122,417,262,155
104000123,184,331,-147
104000124,205,704,-499
104000125,226,510,-284
104000126,229,301,-72
104000127,392,694,-302
104000128,513,100,413
104000129,62,4,58
104000130,0,76,-76
104000131,0,2,-2
104000132,1,0,1
104000133,346,180,166
104000134,274,675,-401
104000135,85,983,-898
104000136,417,1457,-1040
104000137,724,253,471
104000138,61,24,37
104000139,1035,1323,-288
104000141,310,387,-77
104000142,218,65,153
104000143,132,30,102
104000144,65,73,-8
104000145,149,82,67
104000146,21,63,-42
104000147,11,48,-37
104000148,124,83,41
104000149,5,21,-16
104000150,351,101,250
104000151,41,44,-3
104000152,125,107,18
104000153,384,246,138
104000154,150,230,-80
104000155,264,397,-133
104000157,442,343,99
104000158,30,169,-139
104000159,213,108,105
104000160,982,1212,-230
104000161,31,18,13
104000162,31,50,-19
104000165,333,157,176
104000167,264,597,-333
104000168,309,0,309
104000169,94,14,80
104000170,0,1,-1
104000248,0,76,-76
104000251,0,0,0
104000272,0,0,0
104000273,0,0,0
104000274,0,0,0
104000275,0,0,0
104000279,182,537,-355
104000290,0,26,-26
104000291,451,323,128
104000293,441,376,65
104000294,0,0,0
104000295,307,808,-501
104000296,138,188,-50
104000297,187,1133,-946
104000298,483,270,213
104000299,415,671,-256
104900001,0,0,0
104900002,0,0,0
104900003,0,0,0
104900004,0,0,0
104900005,0,0,0
104900006,0,0,0
104900007,0,0,0
104900009,0,0,0
104900010,0,0,0
104900011,0,0,0
104900012,0,0,0
104900013,0,0,0
104900014,0,0,0
104900015,0,0,0
104900016,0,0,0
104900017,3,0,3
104900018,0,0,0
104900019,0,0,0
104900020,0,0,0
104900021,0,0,0
104900022,4,0,4
104900023,0,0,0
104900024,0,0,0
104900025,0,0,0
104900026,0,0,0
104900027,0,0,0
104900028,0,0,0
104900029,0,0,0
104900030,0,0,0
104900031,0,0,0
104900032,0,0,0
104900033,0,0,0
104900034,0,0,0
104900035,0,0,0
104900036,0,0,0
104900037,0,0,0
104900038,0,0,0
104900039,0,0,0
104900040,2,0,2
104900041,0,0,0
104900042,0,0,0
104900043,0,0,0
104900044,93,4,89
104900045,0,0,0
104900046,0,0,0
104900047,50,2,48
104900048,38,3,35
104900049,0,0,0
104900050,0,0,0
104900051,7,3,4
104900052,0,0,0
104900053,48,2,46
104900054,11,1,10
104900055,0,0,0
104900056,18,0,18
104900057,0,0,0
104900058,20,0,20
104900059,29,0,29
104900060,0,0,0
104900061,0,0,0
104900063,0,0,0
104900064,0,0,0
104900065,1,0,1
104900066,0,0,0
104900067,0,0,0
104900068,0,0,0
104900070,0,0,0
104900071,0,0,0
104900072,0,0,0
104900073,0,0,0
104900074,0,0,0
104900075,0,0,0
104900076,0,0,0
104900077,0,0,0
104900078,0,0,0
104900079,0,0,0
104900080,0,0,0
104900082,0,0,0
104900085,1,1,0
104900087,72,0,72
104900089,0,0,0
104900090,0,0,0
104900091,0,0,0
104900093,0,0,0
104900097,0,0,0
104900098,0,0,0
104900099,0,0,0
104900100,0,0,0
104900102,0,0,0
104900103,0,0,0
104900104,0,0,0
104900106,0,0,0
104900107,0,0,0
104900108,0,0,0
104900109,0,0,0
104900110,0,0,0
104900111,0,0,0
104900112,0,0,0
104900113,0,0,0
104900114,0,0,0
104900115,0,0,0
104900116,0,0,0
104900118,0,0,0
104900119,0,0,0
104900120,0,0,0
104900121,0,0,0
104900122,0,0,0
104900123,0,0,0
104900124,0,0,0
104900125,34,0,34
104900126,0,0,0
104900127,0,0,0
104900128,36,0,36
104900129,0,0,0
105000001,926,493,433
105000002,617,675,-58
105000003,786,1325,-539
105000004,402,575,-173
105000005,279,600,-321
105000006,471,1134,-663
105000007,270,830,-560
105000008,341,1559,-1218
105000009,1666,1331,335
105000010,854,538,316
105000011,1178,1657,-479
105000012,497,610,-113
105000013,441,512,-71
105000014,1875,1230,645
105000015,3641,5620,-1979
105000016,994,775,219
105000017,1086,647,439
105000018,1075,440,635
105000019,883,883,0
105000020,18,120,-102
105000021,101,13,88
105000022,31,33,-2
105000023,223,169,54
105000028,11,147,-136
105000029,64,257,-193
105000030,1427,1081,346
105000031,0,0,0
105000033,467,423,44
105000034,44,347,-303
105000037,122,8,114
105000038,363,565,-202
105000039,156,315,-159
105000040,254,505,-251
105000041,33,199,-166
105000042,824,573,251
105000043,182,130,52
105000044,193,200,-7
105000045,87,80,7
105000046,313,65,248
105000047,108,155,-47
105000048,547,289,258
105000049,163,110,53
105000050,433,193,240
105000051,78,63,15
105000052,258,207,51
105000053,116,17,99
105000054,231,252,-21
105000055,239,37,202
105000056,591,346,245
105000057,1019,109,910
105000058,449,370,79
105000059,596,192,404
105000060,273,84,189
105000061,500,154,346
105000062,215,90,125
105000063,27,42,-15
105000064,643,128,515
105000065,48,42,6
105000066,251,149,102
105000067,769,339,430
105000068,42,157,-115
105000069,520,435,85
105000070,309,501,-192
105000071,246,831,-585
105000072,703,1233,-530
105000073,384,330,54
105000074,32,154,-122
105000075,118,198,-80
105000076,434,228,206
105000077,845,206,639
105000078,371,563,-192
105000079,123,238,-115
105000080,1108,937,171
105000081,168,116,52
105000082,383,747,-364
105000083,1462,1129,333
105000084,142,145,-3
105000085,2068,1184,884
105000086,203,123,80
105000087,119,189,-70
105000088,959,988,-29
105000089,478,472,6
105000090,172,143,29
105000091,175,94,81
105000092,158,103,55
105000093,145,104,41
105000094,229,72,157
105000095,28,150,-122
105000096,467,559,-92
105000097,133,70,63
105000098,554,449,105
105000099,104,76,28
105000100,356,240,116
105000101,1025,388,637
105000102,517,280,237
105000103,520,335,185
105000104,532,128,404
105000105,487,380,107
105000106,528,239,289
105000107,499,125,374
105000108,502,172,330
105000109,646,231,415
105000110,367,88,279
105000111,282,139,143
105000112,422,173,249
105000113,166,338,-172
105000114,875,873,2
105000115,143,693,-550
105000116,396,165,231
105000117,207,108,99
105000118,208,109,99
105000119,82,99,-17
105000120,687,228,459
105000121,165,96,69
105000122,206,171,35
105000123,225,147,78
105000124,821,150,671
105000125,543,276,267
105000126,724,293,431
105000127,1028,256,772
105000128,136,219,-83
105000129,251,74,177
105000130,54,1728,-1674
105000131,55,31,24
105000132,443,552,-109
105000133,97,83,14
105000134,477,169,308
105000135,27,28,-1
105000136,0,0,0
105000137,248,32,216
105000138,0,0,0
105000139,165,125,40
105000140,396,65,331
105000141,106,91,15
105000142,254,82,172
105000143,101,135,-34
105000144,64,108,-44
105000145,306,204,102
105000146,0,0,0
105000147,461,81,380
105000148,387,128,259
105000149,914,625,289
105000150,40,13,27
105000151,234,60,174
105000152,74,97,-23
105000153,312,53,259
105000154,145,52,93
105000155,96,108,-12
105000156,47,96,-49
105000157,322,147,175
105000158,558,168,390
105000159,104,83,21
105000160,761,181,580
105000161,202,134,68
105000162,191,608,-417
105000163,314,162,152
105000164,22,71,-49
105000165,63,1858,-1795
105000166,170,274,-104
105000167,270,782,-512
105000168,56,144,-88
105000169,177,44,133
105000170,39,446,-407
105000171,442,39,403
105000172,45,0,45
105000173,103,15,88
105000174,14,11,3
105000175,0,0,0
105000176,138,16,122
105000177,189,37,152
105000178,68,48,20
105000179,173,4,169
105000180,0,0,0
105000181,37,23,14
105000182,0,0,0
105000183,574,1293,-719
105000184,15,3,12
105000185,153,291,-138
105000186,10,17,-7
105000187,165,119,46
105000188,26,82,-56
105000189,1,54,-53
105000190,62,109,-47
105000191,20,37,-17
105000192,156,29,127
105000193,37,8,29
105000194,228,15,213
105000195,19,62,-43
105000196,58,130,-72
105000197,5,124,-119
105000198,15,11,4
105000199,29,182,-153
105000200,98,124,-26
105000201,15,3,12
105000203,18,185,-167
105000204,16,54,-38
105000205,53,130,-77
105000207,0,0,0
105000208,76,97,-21
105000209,0,0,0
105000211,51,0,51
105000212,328,105,223
105000213,37,19,18
105000214,101,20,81
105000215,77,49,28
105000216,27,0,27
105000217,0,0,0
105000218,931,171,760
105000221,87,23,64
105000222,104,23,81
105000223,69,21,48
105000226,39,36,3
105000227,9,34,-25
105000228,28,426,-398
105000229,180,295,-115
105000231,173,42,131
105000233,312,308,4
105000234,220,274,-54
105000235,186,241,-55
105000237,302,30,272
105000243,27,21,6
105000248,4,14,-10
105000262,166,12,154
105000269,26,26,0
105000270,247,3,244
105000271,0,15,-15
105000282,10,9,1
105000287,68,13,55
105000288,202,106,96
105000289,643,834,-191
105000290,13,44,-31
105000402,254,916,-662
105000426,41,212,-171
105000438,550,602,-52
105000440,4,0,4
105000446,1622,2714,-1092
105000447,1416,349,1067
105000454,0,0,0
105000455,80,45,35
105000474,39,12,27
105000477,164,114,50
105000478,672,2259,-1587
105000479,38,26,12
105000480,1988,2857,-869
105000481,1196,873,323
105000482,690,1522,-832
105000483,365,831,-466
105000484,488,1211,-723
105000485,1008,1312,-304
105000486,617,1277,-660
105000488,650,1316,-666
105000489,542,249,293
105000549,13,32,-19
105000550,0,0,0
105000551,14,14,0
105000552,550,267,283
105000555,627,590,37
105000556,2,14,-12
105000557,5,37,-32
105900001,0,63,-63
105900002,94,19,75
105900003,0,0,0
105900004,0,0,0
105900005,0,0,0
105900006,8,8,0
105900007,0,0,0
105900008,0,0,0
105900009,1,4,-3
105900011,1,4,-3
105900012,1,7,-6
105900013,0,2,-2
105900014,0,0,0
105900015,0,0,0
105900016,12,0,12
105900017,0,0,0
105900018,0,0,0
105900019,0,5,-5
105900020,0,0,0
105900021,1,32,-31
105900022,0,0,0
105900023,0,8,-8
105900024,0,1,-1
105900025,1,0,1
105900026,0,0,0
105900027,514,62,452
105900028,7,0,7
105900029,312,49,263
105900030,15,38,-23
105900031,0,0,0
105900032,0,0,0
105900033,0,0,0
105900034,0,0,0
105900035,0,0,0
105900036,0,0,0
105900037,0,0,0
105900038,0,0,0
105900039,0,0,0
105900040,0,0,0
105900041,0,0,0
105900042,0,0,0
105900043,49,0,49
105900044,0,0,0
105900045,0,0,0
105900046,0,0,0
105900047,0,0,0
105900048,46,17,29
105900050,17,78,-61
105900051,0,54,-54
105900052,6,0,6
105900053,0,0,0
105900054,0,0,0
105900056,15,10,5
105900057,0,1,-1
105900058,0,0,0
105900059,0,0,0
106000001,1078,756,322
106000002,58,628,-570
106000003,1205,1742,-537
106000004,362,1721,-1359
106000005,2029,2323,-294
106000006,1172,1002,170
106000007,421,124,297
106000008,33,53,-20
106000009,341,198,143
106000010,31,82,-51
106000011,831,396,435
106000012,116,187,-71
106000013,1143,771,372
106000014,193,257,-64
106000015,1389,603,786
106000016,222,220,2
106000017,720,170,550
106000018,62,141,-79
106000019,243,157,86
106000020,38,32,6
106000021,425,208,217
106000022,77,36,41
106000023,716,144,572
106000024,60,41,19
106000025,285,256,29
106000026,6,30,-24
106000027,1651,650,1001
106000028,5,27,-22
106000029,39,25,14
106000030,0,0,0
106000034,0,0,0
106000035,415,638,-223
106000036,0,1,-1
106000037,147,49,98
106000038,12,20,-8
106000039,6,17,-11
106000040,4,58,-54
106000041,294,95,199
106000043,157,40,117
106000046,129,6,123
106000047,0,0,0
106000049,552,9,543
106000050,54,66,-12
106000051,449,192,257
106000052,0,0,0
106000053,294,13,281
106000054,0,0,0
106000055,395,29,366
106000056,0,0,0
106000057,151,44,107
106000058,0,0,0
106000059,186,125,61
106000060,0,0,0
106000061,87,383,-296
106000062,0,0,0
106000063,506,426,80
106000064,0,0,0
106000065,348,54,294
106000066,26,29,-3
106000067,268,70,198
106000068,24,5,19
106000069,154,14,140
106000070,74,11,63
106000071,382,127,255
106000072,424,712,-288
106000073,449,1341,-892
106000074,326,426,-100
106000075,109,327,-218
106000076,502,241,261
106000077,686,300,386
106000078,622,119,503
106000079,620,86,534
106000080,762,101,661
106000081,372,121,251
106000082,769,50,719
106000083,249,272,-23
106000084,606,151,455
106000085,331,275,56
106000086,284,152,132
106000087,274,135,139
106000088,184,136,48
106000089,602,37,565
106000090,274,182,92
106000091,65,77,-12
106000092,226,104,122
106000093,362,38,324
106000094,0,0,0
106000095,419,95,324
106000096,780,82,698
106000097,401,75,326
106000098,596,57,539
106000099,66,90,-24
106000100,806,64,742
106000101,559,58,501
106000102,16,79,-63
106000103,36,166,-130
106000104,495,70,425
106000105,73,142,-69
106000106,441,70,371
106000107,47,122,-75
106000108,321,35,286
106000109,26,54,-28
106000110,208,47,161
106000111,47,82,-35
106000112,134,140,-6
106000113,76,235,-159
106000114,246,164,82
106000115,113,209,-96
106000116,235,136,99
106000117,11,44,-33
106000118,631,343,288
106000119,32,100,-68
106000120,349,455,-106
106000121,116,58,58
106000122,116,59,57
106000123,247,41,206
106000124,133,35,98
106000125,31,66,-35
106000126,277,26,251
106000127,240,122,118
106000128,271,47,224
106000129,179,153,26
106000130,589,86,503
106000131,23,301,-278
106000132,302,29,273
106000133,140,482,-342
106000134,207,1219,-1012
106000135,0,120,-120
106000136,373,500,-127
106000137,1,136,-135
106000138,935,31,904
106000139,65,40,25
106000140,0,0,0
106000141,0,0,0
106000142,63,13,50
106000143,0,0,0
106000144,49,26,23
106000145,0,0,0
106000146,292,89,203
106000147,189,111,78
106000148,108,229,-121
106000149,497,100,397
106000150,277,688,-411
106000151,809,185,624
106000152,498,846,-348
106000153,33,479,-446
106000154,305,65,240
106000155,48,76,-28
106000156,467,38,429
106000157,102,481,-379
106000158,366,409,-43
106000159,310,535,-225
106000160,211,923,-712
106000161,157,62,95
106000162,159,370,-211
106000163,63,66,-3
106000164,324,41,283
106000165,71,78,-7
106000166,412,20,392
106000167,140,209,-69
106000168,256,51,205
106000169,88,120,-32
106000170,312,22,290
106000171,131,406,-275
106000172,663,81,582
106000173,528,530,-2
106000174,632,10,622
106000175,76,5,71
106000176,738,210,528
106000177,129,101,28
106000178,965,215,750
106000179,73,39,34
106000180,176,250,-74
106000181,359,296,63
106000182,880,67,813
106000183,884,54,830
106000184,466,71,395
106000185,312,195,117
106000186,96,7,89
106000187,8,209,-201
106000188,0,0,0
106000189,1,23,-22
106000190,0,2,-2
106000191,124,3,121
106000192,0,0,0
106000193,17,57,-40
106000194,3,26,-23
106000195,8,21,-13
106000196,25,58,-33
106000197,151,30,121
106000198,21,22,-1
106000199,139,150,-11
106000200,38,120,-82
106000201,38,1040,-1002
106000202,193,109,84
106000203,0,0,0
106000204,4,1,3
106000205,0,0,0
106000206,4,0,4
106000207,0,8,-8
106000208,686,23,663
106000209,1003,126,877
106000210,34,16,18
106000211,8,39,-31
106000212,764,87,677
106000213,10,72,-62
106000214,567,77,490
106000215,96,154,-58
106000216,424,71,353
106000217,17,128,-111
106000218,298,31,267
106000219,27,103,-76
106000220,321,51,270
106000221,42,67,-25
106000222,35,23,12
106000223,187,32,155
106000224,28,65,-37
106000225,23,76,-53
106000226,33,129,-96
106000228,0,0,0
106000229,0,0,0
106000231,330,2,328
106000232,0,0,0
106000233,122,5,117
106000234,0,0,0
106000235,28,19,9
106000236,0,0,0
106000237,0,0,0
106000238,3,4,-1
106000239,0,0,0
106000240,2,1,1
106000241,0,80,-80
106000242,54,7,47
106000249,94,8,86
106000250,16,148,-132
106000251,8,2,6
106000252,0,0,0
106000253,17,0,17
106000254,0,0,0
106000255,24,2,22
106000256,0,0,0
106000257,10,51,-41
106000258,1,2,-1
106000259,0,0,0
106000260,9,0,9
106000261,0,0,0
106000262,7,0,7
106000263,0,0,0
106000264,40,0,40
106000265,0,0,0
106000266,63,1,62
106000267,0,0,0
106000268,116,1,115
106000269,0,0,0
106000270,14,12,2
106000271,1,36,-35
106000272,0,0,0
106000273,0,12,-12
106000274,0,0,0
106000275,6,10,-4
106000276,0,0,0
106000277,11,18,-7
106000278,0,0,0
106000279,0,0,0
106000280,0,0,0
106000281,0,0,0
106000282,0,0,0
106000283,0,0,0
106000284,0,0,0
106000285,0,0,0
106000286,0,0,0
106000287,0,0,0
106000288,0,0,0
106000289,0,0,0
106000290,0,0,0
106000291,0,0,0
106000292,0,0,0
106000293,0,0,0
106000294,0,0,0
106000295,0,0,0
106000296,0,0,0
106000297,0,0,0
106000298,0,0,0
106000299,0,0,0
106000300,0,0,0
106000301,0,0,0
106000303,5,3,2
106000304,0,0,0
106000305,0,2,-2
106000306,0,0,0
106000307,36,1,35
106000308,0,0,0
106000309,0,0,0
106000310,115,38,77
106000311,85,9,76
106000312,36,49,-13
106000313,28,4,24
106000318,0,0,0
106000319,393,81,312
106000320,0,24,-24
106000321,16,171,-155
106000322,170,34,136
106000324,27,27,0
106000325,1382,391,991
106000326,81,243,-162
106000327,156,9,147
106000328,2,4,-2
106000329,1,9,-8
106000330,13,25,-12
106000428,42,152,-110
106000429,13,187,-174
106000430,20,267,-247
106000431,940,133,807
106000432,57,445,-388
106000433,1052,647,405
106000434,1887,700,1187
106000435,76,419,-343
106000436,0,38,-38
106000437,127,20,107
106000438,33,178,-145
106000439,1,44,-43
106000440,43,149,-106
106000441,0,1,-1
106000442,9,0,9
106000443,234,281,-47
106000450,0,0,0
106000451,29,35,-6
106000454,0,0,0
106000455,0,3,-3
106000456,16,10,6
106000457,0,0,0
106000458,559,133,426
106000459,0,0,0
106000460,468,4,464
106000461,0,0,0
106000462,0,0,0
106000463,6,13,-7
106000464,0,0,0
106000465,352,0,352
106000466,0,0,0
106000467,0,50,-50
106000468,49,58,-9
106000469,156,0,156
106000470,3,39,-36
106000471,0,0,0
106000472,33,3,30
106000473,0,0,0
106000474,41,83,-42
106000475,195,102,93
106000476,95,271,-176
106000477,0,0,0
106000480,0,0,0
106900001,0,0,0
106900002,0,0,0
106900003,0,0,0
106900004,0,0,0
106900006,0,0,0
106900007,0,0,0
106900008,0,0,0
106900009,0,0,0
106900010,0,0,0
106900012,0,0,0
106900013,0,0,0
106900014,0,0,0
106900015,0,0,0
106900016,0,0,0
106900017,0,0,0
106900018,0,0,0
106900019,41,0,41
106900020,0,0,0
106900021,12,0,12
106900022,0,0,0
106900023,0,0,0
106900024,0,0,0
106900025,0,0,0
106900026,0,0,0
106900027,209,1,208
107000001,1528,2475,-947
107000002,519,706,-187
107000003,3865,3975,-110
107000004,1102,679,423
107000005,3377,2661,716
107000006,1274,552,722
107000007,2375,2754,-379
107000008,1240,845,395
107000009,5335,5689,-354
107000010,1801,880,921
107000011,73,119,-46
107000012,521,175,346
107000013,0,0,0
107000014,0,0,0
107000015,0,0,0
107000016,0,0,0
107000017,165,139,26
107000018,0,44,-44
107000020,146,291,-145
107000021,165,70,95
107000022,243,342,-99
107000023,551,94,457
107000024,161,560,-399
107000025,117,88,29
107000026,123,141,-18
107000027,483,167,316
107000028,402,272,130
107000029,1379,848,531
107000030,686,582,104
107000031,1620,718,902
107000032,64,373,-309
107000033,847,1067,-220
107000034,320,167,153
107000035,112,129,-17
107000036,92,353,-261
107000037,48,409,-361
107000038,69,53,16
107000039,336,512,-176
107000040,101,26,75
107000041,473,306,167
107000042,103,837,-734
107000043,334,262,72
107000044,84,152,-68
107000045,44,112,-68
107000046,353,178,175
107000047,175,236,-61
107000048,233,216,17
107000049,125,262,-137
107000050,366,231,135
107000051,220,252,-32
107000052,289,438,-149
107000053,289,218,71
107000054,19,121,-102
107000055,119,74,45
107000056,345,549,-204
107000057,552,229,323
107000058,1412,1613,-201
107000059,133,332,-199
107000060,3313,3126,187
107000061,768,651,117
107000062,2833,1239,1594
107000063,586,583,3
107000064,2322,1591,731
107000065,487,678,-191
107000066,1309,1557,-248
107000067,377,374,3
107000068,300,438,-138
107000069,396,545,-149
107000070,382,24,358
107000071,1316,22,1294
107000072,1,115,-114
107000073,313,79,234
107000074,36,58,-22
107000075,1352,64,1288
107000076,23,122,-99
107000077,1421,168,1253
107000078,46,135,-89
107000079,1282,190,1092
107000080,58,165,-107
107000081,1308,261,1047
107000082,307,250,57
107000083,596,281,315
107000084,114,288,-174
107000085,1091,940,151
107000086,514,702,-188
107000087,724,805,-81
107000088,474,601,-127
107000089,602,531,71
107000090,216,196,20
107000091,749,194,555
107000092,133,218,-85
107000093,436,579,-143
107000094,189,202,-13
107000095,749,382,367
107000096,52,105,-53
107000097,421,181,240
107000098,104,136,-32
107000099,380,313,67
107000100,24,142,-118
107000101,88,203,-115
107000102,182,236,-54
107000103,326,82,244
107000104,70,117,-47
107000105,459,67,392
107000106,13,54,-41
107000107,367,138,229
107000108,91,72,19
107000109,298,26,272
107000110,0,0,0
107000111,233,22,211
107000112,0,0,0
107000113,473,46,427
107000114,0,0,0
107000115,535,78,457
107000116,0,0,0
107000117,78,351,-273
107000118,0,0,0
107000119,314,729,-415
107000120,0,0,0
107000121,482,173,309
107000122,237,147,90
107000123,295,181,114
107000124,161,94,67
107000125,584,117,467
107000126,246,123,123
107000129,41,51,-10
107000130,368,128,240
107000131,98,54,44
107000132,137,66,71
107000133,114,2,112
107000134,164,0,164
107000135,0,84,-84
107000136,283,2,281
107000137,0,75,-75
107000138,2,1,1
107000139,0,72,-72
107000140,339,1,338
107000141,21,92,-71
107000142,59,8,51
107000143,2,105,-103
107000144,123,139,-16
107000145,12,73,-61
107000146,9,46,-37
107000147,388,190,198
107000150,238,903,-665
107000151,15,3,12
107000152,147,609,-462
107000153,0,41,-41
107000154,0,72,-72
107000155,326,18,308
107000156,411,3,408
107000157,0,138,-138
107000158,262,6,256
107000159,18,91,-73
107000160,721,46,675
107000161,10,149,-139
107000162,59,166,-107
107000163,61,0,61
107000164,298,0,298
107000165,491,33,458
107000166,2,75,-73
107000167,210,35,175
107000168,479,60,419
107000169,52,129,-77
107000170,968,173,795
107000171,50,137,-87
107000172,414,546,-132
107000173,115,77,38
107000174,355,1273,-918
107000175,572,176,396
107000176,3,0,3
107000177,0,0,0
107000178,0,2,-2
107000179,48,215,-167
107000180,1100,97,1003
107000181,118,56,62
107000182,1169,73,1096
107000183,88,21,67
107000184,658,100,558
107000185,117,65,52
107000186,407,89,318
107000187,347,345,2
107000188,64,86,-22
107000189,250,151,99
107000190,161,91,70
107000191,431,409,22
107000192,325,55,270
107000193,110,192,-82
107000194,102,132,-30
107000197,395,43,352
107000198,79,59,20
107000199,161,93,68
107000200,126,175,-49
107000201,110,79,31
107000202,39,183,-144
107000203,84,288,-204
107000204,112,1213,-1101
107000205,172,86,86
107000206,80,723,-643
107000207,113,207,-94
107000208,110,125,-15
107000209,108,227,-119
107000210,32,108,-76
107000211,0,25,-25
107000212,0,13,-13
107000213,0,2,-2
107000214,0,23,-23
107000215,113,27,86
107000216,72,130,-58
107000217,24,8,16
107000219,9,52,-43
107000220,4,16,-12
107000222,18,24,-6
107000224,165,6,159
107000225,46,54,-8
107000226,176,11,165
107000227,6,22,-16
107000228,7,48,-41
107000229,61,12,49
107000230,78,95,-17
107000231,230,431,-201
107000232,21,2,19
107000233,28,242,-214
107000234,0,67,-67
107000235,83,1,82
107000236,0,0,0
107000237,27,0,27
107000238,40,0,40
107000239,407,186,221
107000240,2,48,-46
107000243,0,104,-104
107000244,9,0,9
107000246,0,42,-42
107000249,0,51,-51
107000251,0,5,-5
107000252,0,88,-88
107000255,32,0,32
107000257,0,118,-118
107000258,0,34,-34
107000259,0,15,-15
107000260,712,1,711
107000262,0,36,-36
107000263,245,1,244
107000266,1,3,-2
107000267,3,10,-7
107000268,18,8,10
107000269,3,0,3
107000270,116,46,70
107000271,2,0,2
107000272,92,0,92
107000273,0,25,-25
107000274,119,58,61
107000275,0,54,-54
107000280,510,9,501
107000281,12,84,-72
107000282,2,164,-162
107000290,1,1,0
107000291,3,0,3
107000292,0,1,-1
107000293,0,0,0
107000294,0,15,-15
107000295,24,0,24
107000296,0,3,-3
107000444,96,3,93
107000496,1,1,0
107000497,135,211,-76
107000500,128,53,75
107000501,1,51,-50
107000502,102,54,48
107000505,46,255,-209
107000506,0,0,0
107000508,0,56,-56
107000509,29,214,-185
107000510,2,3,-1
107000514,31,99,-68
107000515,2,20,-18
107000516,328,58,270
107000518,568,361,207
107000519,109,19,90
107000520,25,2,23
107000521,165,35,130
107000522,278,134,144
107900001,3,0,3
107900002,2,11,-9
107900003,10,0,10
107900004,2,0,2
107900005,612,2,610
107900006,27,2,25
107900007,126,2,124
107900008,28,0,28
107900009,2,0,2
107900010,0,0,0
107900012,95,1,94
107900013,37,1,36
107900014,0,0,0
107900015,306,4,302
107900016,54,19,35
107900017,4,0,4
107900018,7,69,-62
107900019,23,0,23
107900020,0,0,0
107900021,0,0,0
107900023,1,0,1
107900024,0,0,0
107900025,46,27,19
107900026,5,1,4
107900027,0,0,0
107900028,6,1,5
107900030,49,3,46
107900031,23,3,20
107900032,14,0,14
107900033,0,1,-1
107900034,35,1,34
107900035,236,8,228
107900036,11,14,-3
107900037,0,0,0
107900038,10,45,-35
107900039,5,0,5
107900040,0,0,0
107900041,0,0,0
107900043,26,13,13
107900044,3,1,2
107900045,24,33,-9
107900046,39,50,-11
107900047,0,0,0
107900048,33,0,33
107900049,12,75,-63
107900050,3,5,-2
107900051,2,0,2
107900052,0,0,0
107900053,1,0,1
107900055,61,13,48
107900056,2,26,-24
107900057,0,0,0
107900058,1,29,-28
107900060,0,0,0
107900061,0,0,0
107900063,7,33,-26
107900064,58,32,26
107900065,121,1,120
107900066,0,0,0
107900067,0,0,0
107900068,15,124,-109
107900069,4,500,-496
107900070,12,29,-17
107900071,4,40,-36
107900072,57,2,55
107900073,0,0,0
107900074,0,0,0
107900076,29,1,28
107900077,2,0,2
107900079,4,0,4
107900080,3,17,-14
107900081,0,0,0
107900082,0,0,0
107900083,64,37,27
107900084,2,16,-14
107900086,0,26,-26
107900087,5,5,0
107900088,5,0,5
107900089,5,33,-28
107900090,3,118,-115
107900091,65,51,14
107900093,0,0,0
107900095,213,229,-16
107900097,6,4,2
107900098,16,9,7
107900100,47,416,-369
107900101,18,3,15
107900102,2,1,1
107900103,2,10,-8
107900104,0,0,0
107900105,0,14,-14
107900106,0,74,-74
107900107,0,0,0
107900108,8,4,4
107900109,585,2,583
107900110,38,1,37
107900111,0,104,-104
107900112,17,102,-85
107900113,0,0,0
107900114,66,27,39
107900115,0,0,0
107900116,52,33,19
107900117,40,49,-9
107900118,1,3,-2
107900119,18,16,2
107900120,1,1,0
107900121,0,0,0
107900122,0,0,0
107900123,0,3,-3
107900124,0,0,0
107900125,2,9,-7
107900126,0,2,-2
107900127,0,0,0
107900128,1,13,-12
107900129,0,1,-1
107900130,0,0,0
107900131,3,13,-10
107900132,2,37,-35
107900133,0,1,-1
107900134,4,8,-4
107900135,0,10,-10
107900136,0,0,0
107900137,14,14,0
107900138,3,1,2
107900139,0,0,0
107900141,3,1,2
107900142,1,17,-16
107900143,8,1,7
107900144,0,22,-22
107900145,0,0,0
107900146,8,18,-10
107900147,2,0,2
107900148,2,8,-6
107900149,38,4,34
107900150,1,11,-10
107900151,0,1,-1
107900152,1,0,1
107900153,1,76,-75
107900154,1,6,-5
107900155,0,0,0
107900156,0,0,0
107900157,2,8,-6
107900158,140,4,136
107900159,2,33,-31
107900160,62,21,41
107900161,1,6,-5
107900162,0,0,0
107900163,0,0,0
107900164,0,1,-1
107900165,8,47,-39
107900166,1,8,-7
107900167,0,0,0
107900168,1,1,0
107900169,1,5,-4
107900171,0,30,-30
107900172,0,0,0
107900173,4,2,2
107900174,0,0,0
107900175,0,0,0
107900176,1,0,1
107900177,0,0,0
107900178,0,18,-18
107900179,0,0,0
107900180,3,171,-168
107900181,0,0,0
107900182,0,24,-24
107900183,0,3,-3
107900184,0,0,0
107900185,0,0,0
107900186,3,0,3
107900187,0,3,-3
107900188,241,70,171
107900189,0,0,0
107900190,1,34,-33
107900191,0,0,0
107900193,0,0,0
107900194,0,0,0
107900195,98,26,72
107900196,0,0,0
107900197,2,8,-6
107900199,0,0,0
107900201,0,0,0
107900203,2,0,2
107900204,0,0,0
107900206,7,103,-96
107900207,0,25,-25
107900208,0,34,-34
107900209,0,0,0
107900210,1,0,1
107900213,0,0,0
107900214,0,30,-30
107900215,5,45,-40
107900216,0,0,0
107900217,0,0,0
107900218,0,0,0
107900219,1,0,1
107900220,0,0,0
107900221,5,2,3
107900223,0,0,0
107900224,49,48,1
107900225,0,0,0
107900226,0,0,0
107900227,5,11,-6
107900228,0,1,-1
107900229,0,0,0
107900230,0,0,0
107900231,0,0,0
107900232,8,1,7
107900233,0,0,0
107900234,0,0,0
107900235,1,6,-5
107900236,0,0,0
107900237,0,0,0
107900238,0,0,0
107900239,20,44,-24
107900240,6,2,4
107900241,0,0,0
107900242,0,7,-7
107900243,0,0,0
107900244,0,0,0
107900245,161,17,144
107900246,94,8,86
107900248,111,1,110
107900249,139,26,113
107900250,0,28,-28
107900251,1,46,-45
107900252,63,4,59
107900253,50,0,50
107900254,1,8,-7
107900255,15,5,10
107900256,22,1,21
107900257,63,1,62
107900258,6,6,0
107900259,3,411,-408
107900261,0,28,-28
107900262,0,0,0
107900264,48,1,47
107900265,9,30,-21
107900267,69,1,68
107900268,0,0,0
107900269,0,0,0
107900270,0,0,0
107900271,0,0,0
107900272,13,0,13
107900273,18,0,18
107900274,36,0,36
107900275,4,0,4
107900276,0,0,0
107900277,0,0,0
107900278,92,0,92
107900279,0,0,0
107900280,326,62,264
107900281,117,777,-660
107900282,6,184,-178
107900283,186,63,123
107900284,235,40,195
107900285,20,4,16
107900286,1,0,1
107900287,96,30,66
107900290,0,0,0
107900291,67,2,65
107900292,91,34,57
107900293,21,82,-61
107900295,1,0,1
107900297,0,1,-1
107900298,131,160,-29
107900299,120,293,-173
107900301,42,122,-80
107900302,3,14,-11
107900303,109,15,94
107900304,58,0,58
107900305,50,2,48
107900306,0,0,0
107900307,0,0,0
107900308,42,4,38
107900309,1,0,1
107900310,0,0,0
107900311,0,0,0
107900312,0,0,0
107900313,0,0,0
107900314,0,0,0
107900315,0,0,0
107900316,0,0,0
107900317,0,0,0
107900318,0,0,0
107900319,1,1,0
107900320,0,14,-14
107900321,36,0,36
107900322,0,5,-5
107900323,0,3,-3
107900324,38,0,38
107900325,37,0,37
107900326,89,10,79
107900327,0,0,0
107900328,0,0,0
107900329,0,0,0
107900330,3,7,-4
107900331,103,17,86
107900332,166,1,165
107900333,33,0,33
107900334,0,6,-6
107900335,1,0,1
107900336,1,4,-3
107900337,81,251,-170
107900338,0,1,-1
107900339,0,0,0
107900340,0,0,0
107900341,0,0,0
107900342,51,7,44
107900343,7,0,7
107900344,0,8,-8
107900345,40,6,34
107900346,0,0,0
107900347,9,0,9
107900348,0,0,0
107900349,26,0,26
107900350,0,29,-29
107900351,1,1,0
107900352,0,12,-12
107900353,0,0,0
107900354,0,51,-51
108000001,1970,1120,850
108000002,79,192,-113
108000003,1891,1038,853
108000004,1157,2733,-1576
108000005,5111,2280,2831
108000006,742,1090,-348
108000007,3470,1510,1960
108000008,850,759,91
108000009,2868,1694,1174
108000010,573,704,-131
108000011,8062,3964,4098
108000012,2545,1678,867
108000014,178,319,-141
108000015,476,62,414
108000016,14,8,6
108000017,648,74,574
108000018,1152,120,1032
108000019,257,97,160
108000020,607,170,437
108000021,28,32,-4
108000022,147,229,-82
108000023,699,61,638
108000024,134,81,53
108000025,190,13,177
108000026,356,52,304
108000027,222,15,207
108000028,456,91,365
108000029,166,6,160
108000030,202,37,165
108000031,71,23,48
108000032,1016,118,898
108000033,91,205,-114
108000034,1355,95,1260
108000035,126,434,-308
108000036,37,69,-32
108000037,1056,71,985
108000038,1845,143,1702
108000039,53,98,-45
108000040,1009,276,733
108000041,37,141,-104
108000042,379,29,350
108000043,12,7,5
108000044,679,17,662
108000045,33,2,31
108000046,1089,100,989
108000047,70,202,-132
108000048,0,0,0
108000049,488,88,400
108000050,4,36,-32
108000051,180,61,119
108000052,19,32,-13
108000053,288,90,198
108000054,84,296,-212
108000055,493,167,326
108000056,210,186,24
108000057,309,601,-292
108000058,829,1596,-767
108000059,365,686,-321
108000060,137,297,-160
108000061,169,141,28
108000062,403,140,263
108000063,224,121,103
108000064,178,131,47
108000065,272,179,93
108000066,656,64,592
108000067,915,135,780
108000068,573,147,426
108000069,34,337,-303
108000070,1494,133,1361
108000071,117,398,-281
108000072,1117,169,948
108000073,296,279,17
108000074,440,216,224
108000075,115,196,-81
108000076,978,120,858
108000077,150,124,26
108000078,1379,296,1083
108000079,127,322,-195
108000080,1016,254,762
108000081,148,306,-158
108000082,194,187,7
108000083,713,285,428
108000084,58,89,-31
108000085,327,190,137
108000086,81,34,47
108000087,97,1062,-965
108000088,404,28,376
108000089,69,84,-15
108000091,10,125,-115
108000092,211,11,200
108000093,40,100,-60
108000094,655,14,641
108000095,12,43,-31
108000096,508,72,436
108000097,39,34,5
108000098,1031,301,730
108000099,283,102,181
108000100,242,217,25
108000101,664,442,222
108000102,677,1211,-534
108000106,336,0,336
108000107,0,96,-96
108000108,250,3,247
108000109,1,160,-159
108000110,251,30,221
108000111,34,181,-147
108000112,14,136,-122
108000113,144,148,-4
108000115,99,59,40
108000117,277,37,240
108000118,162,499,-337
108000119,268,30,238
108000120,86,223,-137
108000121,114,38,76
108000122,453,91,362
108000123,306,22,284
108000124,55,9,46
108000125,282,44,238
108000126,121,22,99
108000127,310,65,245
108000128,233,24,209
108000129,85,26,59
108000130,203,91,112
108000131,402,36,366
108000132,75,85,-10
108000133,1034,93,941
108000134,113,38,75
108000135,833,111,722
108000136,19,76,-57
108000137,315,53,262
108000138,64,231,-167
108000139,349,76,273
108000140,409,4,405
108000141,3,36,-33
108000142,10,19,-9
108000143,17,15,2
108000144,687,6,681
108000145,52,24,28
108000146,616,5,611
108000147,9,7,2
108000148,272,14,258
108000149,2,2,0
108000150,27,22,5
108000151,2,52,-50
108000152,54,12,42
108000153,281,8,273
108000154,31,4,27
108000155,54,21,33
108000156,262,45,217
108000157,22,556,-534
108000158,25,163,-138
108000159,120,54,66
108000160,862,474,388
108000161,616,737,-121
108000165,20,80,-60
108000172,0,48,-48
108000173,598,526,72
108000175,241,41,200
108000178,168,215,-47
108000179,96,487,-391
108000181,20,4,16
108000182,91,16,75
108000183,1,46,-45
108000184,95,1081,-986
108000185,0,2,-2
108000186,93,0,93
108000187,1,30,-29
108000188,176,1,175
108000189,252,3466,-3214
108000190,0,0,0
108000192,125,95,30
108000193,9,157,-148
108000194,20,4,16
108000195,0,10,-10
108000196,136,9,127
108000198,191,31,160
108000199,0,0,0
108000200,177,0,177
108000203,1,17,-16
108000204,34,22,12
108000205,38,14,24
108000339,494,286,208
108000364,61,156,-95
108000365,21,38,-17
108000367,48,7,41
108000368,0,0,0
108000369,97,21,76
108000371,1,133,-132
108000372,304,0,304
108000373,85,19,66
108000376,58,10,48
108000377,355,162,193
108000378,5947,5279,668
108000379,0,0,0
108000381,60,9,51
108000382,64,0,64
108000383,0,21,-21
108900001,2,18,-16
108900002,57,1,56
108900003,0,16,-16
108900004,244,128,116
108900007,89,94,-5
108900008,47,25,22
108900009,48,70,-22
108900010,78,40,38
108900011,414,55,359
108900012,190,61,129
108900013,78,41,37
108900014,1,12,-11
108900015,0,0,0
108900016,0,0,0
108900017,32,37,-5
108900018,45,29,16
108900019,1,12,-11
108900020,27,5,22
108900021,35,64,-29
108900022,16,0,16
108900023,0,0,0
108900024,5,4,1
108900025,99,3,96
108900026,0,0,0
108900027,0,11,-11
108900028,12,33,-21
108900029,1,8,-7
108900030,0,0,0
108900031,17,23,-6
108900032,0,0,0
108900033,0,13,-13
108900034,0,9,-9
108900035,36,79,-43
108900038,0,22,-22
108900039,0,15,-15
108900040,2,18,-16
108900041,723,746,-23
108900042,0,23,-23
108900043,0,0,0
108900044,0,27,-27
108900045,56,70,-14
108900046,3,50,-47
108900047,0,13,-13
108900048,19,20,-1
108900049,94,234,-140
108900050,2,59,-57
108900051,0,9,-9
108900052,1,5,-4
108900053,1,60,-59
108900054,0,0,0
108900055,4,21,-17
108900056,0,22,-22
108900057,0,28,-28
108900058,0,18,-18
108900059,102,13,89
108900060,25,52,-27
108900061,1,0,1
108900062,3,17,-14
108900063,2,4,-2
108900064,18,14,4
108900065,5,14,-9
108900066,151,12,139
108900067,2,12,-10
108900068,1,24,-23
108900069,80,3,77
108900070,10,9,1
108900071,39,1,38
108900072,116,77,39
108900073,1,13,-12
108900074,68,5,63
108900075,15,2,13
108900076,140,27,113
108900077,18,29,-11
108900078,30,17,13
108900079,102,18,84
108900080,25,101,-76
108900081,8,34,-26
108900082,11,4,7
108900083,0,27,-27
108900085,88,0,88
108900086,13,15,-2
108900087,36,21,15
108900088,138,42,96
108900089,0,68,-68
108900090,20,8,12
108900091,7,17,-10
108900092,107,42,65
108900093,11,32,-21
108900094,38,18,20
108900095,3,21,-18
108900096,20,2,18
108900097,60,6,54
108900098,305,253,52
108900099,100,13,87
108900100,21,20,1
108900101,29,37,-8
108900102,0,241,-241
108900103,23,19,4
108900105,1,618,-617
108900106,133,35,98
108900108,63,1,62
108900109,79,3,76
108900110,36,36,0
108900111,175,18,157
108900113,27,23,4
108900114,8,0,8
108900115,49,5,44
108900116,4,1,3
108900117,67,1,66
108900118,140,7,133
108900119,158,1,157
108900120,87,34,53
108900121,40,4,36
108900122,44,4,40
108900123,62,4,58
108900124,40,8,32
108900125,148,1,147
108900126,32,10,22
108900127,68,14,54
108900128,153,15,138
108900129,81,6,75
108900130,90,1,89
108900131,268,11,257
108900132,85,1,84
108900133,56,21,35
108900134,305,13,292
108900135,186,0,186
108900136,28,7,21
108900137,76,2,74
108900138,264,2,262
108900140,279,9,270
108900141,154,2,152
108900142,21,0,21
108900143,9,0,9
108900144,55,3,52
108900145,88,11,77
108900146,10,0,10
108900147,193,0,193
108900148,8,2,6
108900150,20,2,18
108900151,2,0,2
108900152,94,2,92
108900153,170,9,161
108900154,1746,202,1544
108900156,43,1,42
108900157,0,28,-28
108900158,156,14,142
108900159,0,27,-27
108900160,0,33,-33
108900161,0,24,-24
108900162,13,5,8
108900163,4,162,-158
108900164,30,5,25
108900168,596,607,-11
108900169,6,18,-12
108900171,185,960,-775
108900172,43,3,40
108900173,30,48,-18
108900174,475,40,435
108900176,8,12,-4
108900177,169,657,-488
108900178,297,976,-679
108900180,24,85,-61
108900183,32,16,16
108900184,165,18,147
108900185,2,50,-48
108900186,4,40,-36
108900189,72,6,66
108900190,2,70,-68
108900192,5,31,-26
108900195,10,16,-6
108900196,2,6,-4
108900199,46,44,2
108900200,150,107,43
108900201,70,162,-92
108900203,201,23,178
108900204,79,1,78
108900205,151,14,137
108900206,60,16,44
108900207,38,32,6
108900208,23,41,-18
108900209,32,23,9
108900210,1,0,1
108900211,3,25,-22
108900212,2,120,-118
108900215,0,2,-2
108900216,56,14,42
108900217,1,0,1
108900218,23,0,23
108900221,0,0,0
108900224,0,0,0
108900225,0,0,0
108900227,25,56,-31
108900230,10,16,-6
108900232,0,23,-23
108900233,119,7,112
108900234,65,15,50
108900235,0,0,0
108900236,0,0,0
108900240,2,17,-15
108900241,1,16,-15
108900245,3,111,-108
108900250,46,0,46
108900258,0,3,-3
108900259,0,1,-1
108900260,0,0,0
108900261,3,1,2
108900262,4,0,4
108900263,8,7,1
108900264,2,3,-1
108900265,44,128,-84
108900266,11,198,-187
108900267,0,61,-61
108900268,8,7,1
108900269,7,1,6
108900270,17,1,16
108900271,1,1,0
108900272,35,0,35
108900273,16,161,-145
108900274,0,0,0
109000001,683,2028,-1345
109000002,0,148,-148
109000003,1215,241,974
109000004,3,96,-93
109000005,991,266,725
109000006,2,93,-91
109000007,889,300,589
109000008,5,47,-42
109000009,1485,447,1038
109000010,9,122,-113
109000011,2051,686,1365
109000012,23,161,-138
109000013,2667,1596,1071
109000014,64,211,-147
109000015,2473,3900,-1427
109000016,106,201,-95
109000017,1655,402,1253
109000018,29,181,-152
109000019,1303,611,692
109000020,8,42,-34
109000023,50,0,50
109000024,0,22,-22
109000025,71,127,-56
109000026,245,172,73
109000027,19,120,-101
109000028,114,12,102
109000029,31,98,-67
109000030,0,0,0
109000031,258,18,240
109000032,2,1,1
109000033,217,43,174
109000034,0,0,0
109000035,0,2,-2
109000036,5,70,-65
109000037,71,757,-686
109000038,75,38,37
109000039,178,380,-202
109000040,284,3141,-2857
109000041,158,645,-487
109000042,159,325,-166
109000044,167,5,162
109000045,17,1,16
109000046,184,6,178
109000047,2,6,-4
109000048,214,45,169
109000049,17,9,8
109000050,111,61,50
109000051,6,31,-25
109000052,95,55,40
109000053,335,38,297
109000054,17,20,-3
109000055,5,64,-59
109000056,67,6,61
109000057,54,204,-150
109000058,130,2,128
109000059,0,237,-237
109000060,100,120,-20
109000061,21,1057,-1036
109000062,20,131,-111
109000063,3,18,-15
109000064,100,37,63
109000065,0,8,-8
109000066,103,0,103
109000067,0,27,-27
109000068,136,2,134
109000069,133,1,132
109000070,0,10,-10
109000071,115,27,88
109000072,36,331,-295
109000073,8,43,-35
109000074,11,168,-157
109000075,69,3,66
109000076,22,128,-106
109000077,46,86,-40
109000078,15,26,-11
109000079,48,35,13
109000080,81,7,74
109000081,36,78,-42
109000082,238,5,233
109000083,76,65,11
109000088,71,54,17
109000089,212,8,204
109000090,73,52,21
109000091,170,14,156
109000092,130,165,-35
109000093,182,43,139
109000094,340,2,338
109000095,7,45,-38
109000096,469,8,461
109000097,4,19,-15
109000098,46,31,15
109000099,349,16,333
109000100,19,118,-99
109000101,797,177,620
109000102,154,51,103
109000103,213,111,102
109000104,1176,124,1052
109000105,49,108,-59
109000106,768,144,624
109000107,112,121,-9
109000108,922,190,732
109000109,97,70,27
109000110,386,299,87
109000111,130,205,-75
109000112,35,35,0
109000113,139,26,113
109000114,185,112,73
109000115,283,22,261
109000116,3,62,-59
109000117,103,3,100
109000118,0,65,-65
109000119,698,12,686
109000120,39,40,-1
109000121,357,5,352
109000122,17,51,-34
109000123,10,4,6
109000124,318,74,244
109000125,619,62,557
109000126,35,9,26
109000127,816,53,763
109000128,21,25,-4
109000129,1096,107,989
109000130,13,45,-32
109000131,463,283,180
109000132,113,153,-40
109000133,12,76,-64
109000134,34,68,-34
109000135,26,23,3
109000136,150,129,21
109000137,313,54,259
109000138,169,99,70
109000139,215,23,192
109000140,117,85,32
109000141,110,43,67
109000142,5,62,-57
109000143,5,22,-17
109000145,23,129,-106
109000146,54,182,-128
109000148,0,0,0
109000149,4,117,-113
109000150,38,110,-72
109000155,144,335,-191
109000156,200,18,182
109000158,7,198,-191
109000159,2,136,-134
109000160,474,65,409
109000161,250,154,96
109000162,667,116,551
109000163,539,98,441
109000164,820,521,299
109000165,564,253,311
109000166,375,41,334
109000167,128,65,63
109000170,5,11,-6
109000171,19,1,18
109000172,2,4,-2
109000173,1,7,-6
109000174,13,2,11
109000175,48,12,36
109000176,133,83,50
109000177,25,7,18
109000178,199,62,137
109000179,404,720,-316
109000180,737,298,439
109000181,2,13,-11
109000182,35,38,-3
109000183,26,4,22
109000184,27,51,-24
109000185,24,23,1
109000188,160,209,-49
109000189,440,61,379
109000190,112,146,-34
109000191,206,85,121
109000192,201,30,171
109000193,88,18,70
109000194,71,3,68
109000195,19,17,2
109000196,72,4,68
109000197,99,10,89
109000198,168,5,163
109000199,30,19,11
109000206,84,7,77
109000207,52,3,49
109000208,83,56,27
109000209,43,22,21
109000210,12,10,2
109000211,237,230,7
109000214,149,179,-30
109000215,95,15,80
109000216,108,155,-47
109000217,4,0,4
109000218,12,10,2
109000221,18,96,-78
109000222,313,31,282
109000223,106,126,-20
109000224,137,15,122
109000225,66,14,52
109000226,58,50,8
109000227,470,97,373
109000228,0,0,0
109000231,0,21,-21
109000232,311,28,283
109000236,1,24,-23
109000241,509,204,305
109000242,373,107,266
109000293,9,25,-16
109000361,67,35,32
109000364,4,19,-15
109000396,1,43,-42
109000397,429,0,429
109000399,64,112,-48
109000400,45,35,10
109000403,3,553,-550
109000406,102,1,101
109000407,42,78,-36
109000408,0,13,-13
109000410,0,0,0
109000411,160,11,149
109900001,23,0,23
109900002,149,1,148
109900003,142,0,142
109900004,42,2,40
109900005,4,0,4
109900006,184,21,163
109900007,255,2,253
109900008,0,0,0
109900009,0,4,-4
109900010,0,0,0
109900011,2,33,-31
109900012,19,11,8
109900013,47,31,16
109900014,10,4,6
109900015,33,8,25
109900016,34,2,32
109900017,43,26,17
109900018,7,1,6
109900019,10,3,7
109900020,14,0,14
109900021,2,0,2
109900022,102,17,85
109900023,11,0,11
109900024,0,0,0
109900025,0,1,-1
109900026,0,7,-7
109900027,4,1,3
109900028,24,99,-75
109900029,0,1,-1
109900030,1,0,1
109900031,0,21,-21
109900032,0,0,0
109900033,0,14,-14
109900034,0,1,-1
109900035,1,2,-1
109900036,0,0,0
109900037,4,0,4
109900038,0,2,-2
109900039,22,0,22
109900040,0,0,0
109900041,5,2,3
109900042,0,1,-1
109900044,17,2,15
109900045,14,1,13
109900046,33,4,29
109900047,20,32,-12
109900048,0,1,-1
109900049,0,0,0
109900050,0,3,-3
109900051,0,0,0
109900052,0,1,-1
109900053,0,5,-5
109900054,279,13,266
109900055,18,19,-1
109900056,0,0,0
109900057,0,5,-5
109900058,0,0,0
109900059,409,15,394
109900060,106,6,100
109900061,1,5,-4
109900062,0,0,0
109900063,0,18,-18
109900064,100,29,71
109900065,0,6,-6
109900066,0,6,-6
109900067,0,0,0
109900068,52,0,52
109900069,0,0,0
109900070,7,8,-1
109900071,0,0,0
109900072,0,12,-12
109900073,92,13,79
109900074,0,4,-4
109900075,0,0,0
109900076,1,10,-9
109900077,1,49,-48
109900078,5,2,3
109900080,10,7,3
109900081,0,13,-13
109900082,2,10,-8
109900083,0,11,-11
109900084,0,0,0
109900085,3,33,-30
109900086,2,81,-79
109900087,4,23,-19
109900089,43,1,42
109900090,63,64,-1
109900091,172,3,169
109900092,0,0,0
109900093,49,1,48
109900094,0,0,0
109900095,6,24,-18
109900096,12,0,12
109900097,9,0,9
109900098,86,1,85
109900099,217,0,217
109900100,0,0,0
109900101,245,0,245
109900102,0,0,0
109900103,9,2,7
109900104,367,20,347
109900105,0,0,0
109900106,0,0,0
109900107,0,0,0
109900108,0,0,0
109900109,0,0,0
109900110,0,0,0
109900111,4,15,-11
109900112,8,3,5
109900113,254,76,178
109900114,101,27,74
109900115,5,3,2
109900117,388,5,383
109900118,21,13,8
109900119,38,41,-3
109900120,4,1,3
109900121,22,4,18
109900122,195,1,194
109900123,0,1,-1
109900124,1,2,-1
109900125,0,17,-17
109900126,85,6,79
109900128,94,2,92
109900130,199,279,-80
109900131,2,7,-5
109900132,0,16,-16
109900133,11,16,-5
109900134,0,0,0
109900135,0,0,0
109900136,0,0,0
109900137,8,8,0
109900140,24,7,17
109900142,200,4,196
109900145,0,82,-82
109900146,7,1,6
109900148,23,23,0
109900149,0,2,-2
109900150,0,5,-5
109900151,0,6,-6
109900152,0,1,-1
109900153,0,22,-22
109900154,2,0,2
109900155,8,6,2
109900157,5,13,-8
109900158,0,2,-2
109900159,33,19,14
109900160,9,2,7
109900161,53,4,49
109900162,45,15,30
109900163,93,32,61
109900164,31,87,-56
109900165,23,0,23
109900166,6,46,-40
109900167,7,36,-29
109900168,67,54,13
109900169,0,0,0
109900170,6,202,-196
109900171,28,15,13
109900172,5,33,-28
109900173,66,249,-183
109900174,2,3,-1
109900175,0,0,0
109900176,0,0,0
109900177,0,0,0
109900178,0,0,0
109900179,0,0,0
109900180,14,1,13
110000001,97,75,22
110000002,325,699,-374
110000003,130,185,-55
110000004,337,593,-256
110000005,214,852,-638
110000006,67,356,-289
110000007,40,13,27
110000008,9,11,-2
110000009,0,9,-9
110000010,24,24,0
110000011,7,25,-18
110000012,76,105,-29
110000013,30,206,-176
110000014,199,87,112
110000015,55,255,-200
110000016,277,529,-252
110000017,1047,279,768
110000018,182,113,69
110000019,8,6,2
110000020,134,35,99
110000021,33,64,-31
110000022,155,4,151
110000023,2,32,-30
110000024,41,41,0
110000025,355,0,355
110000026,2,85,-83
110000027,104,217,-113
110000028,520,158,362
110000029,21,136,-115
110000030,90,236,-146
110000031,21,36,-15
110000032,284,110,174
110000033,24,31,-7
110000034,98,161,-63
110000035,163,170,-7
110000036,232,199,33
110000037,21,166,-145
110000038,52,184,-132
110000039,358,1071,-713
110000040,110,57,53
110000041,229,1014,-785
110000042,36,95,-59
110000043,274,164,110
110000044,12,19,-7
110000045,7,58,-51
110000046,5,14,-9
110000047,3,13,-10
110000048,2,8,-6
110000049,6,10,-4
110000050,4,13,-9
110000051,1,12,-11
110000052,51,67,-16
110000053,5,11,-6
110000054,28,84,-56
110000055,45,70,-25
110000056,58,56,2
110000057,78,64,14
110000058,318,256,62
110000059,44,124,-80
110000060,748,285,463
110000061,109,142,-33
110000062,630,315,315
110000063,32,25,7
110000064,32,1,31
110000065,41,20,21
110000066,14,7,7
110000067,25,9,16
110000068,15,14,1
110000069,197,17,180
110000071,174,2,172
110000073,1,0,1
110000075,0,2,-2
110000076,167,55,112
110000077,75,132,-57
110000078,58,1,57
110000080,48,118,-70
110000081,9,42,-33
110000082,6,109,-103
110000083,103,115,-12
110000084,364,579,-215
110000085,629,310,319
110000086,455,672,-217
110000087,14,13,1
110000088,24,34,-10
110000089,107,14,93
110000090,16,4,12
110000091,38,8,30
110000092,0,1,-1
110000093,47,14,33
110000094,205,24,181
110000095,105,247,-142
110000096,279,312,-33
110000097,356,555,-199
110000098,660,158,502
110000099,194,212,-18
110000100,337,17,320
110000101,0,23,-23
110000102,28,18,10
110000104,126,60,66
110000105,32,44,-12
110000106,120,193,-73
110000107,38,69,-31
110000108,48,96,-48
110000109,2,24,-22
110000110,1050,1394,-344
110000111,988,1034,-46
110000112,102,189,-87
110000113,43,467,-424
110000114,61,234,-173
110000115,123,65,58
110000116,45,26,19
110000117,129,35,94
110000118,202,9,193
110000119,71,29,42
110000120,119,43,76
110000121,18,87,-69
110000122,99,124,-25
110000123,324,207,117
110000124,0,166,-166
110000125,282,0,282
110000126,98,7,91
110000127,337,10,327
110000128,0,108,-108
110000129,0,31,-31
110000130,133,28,105
110000131,8,34,-26
110000132,0,78,-78
110000133,1,75,-74
110000134,4,30,-26
110000135,117,5,112
110000136,6,44,-38
110000137,318,13,305
110000138,100,41,59
110000139,568,39,529
110000140,543,113,430
110000143,203,52,151
110000144,1039,376,663
110000145,328,228,100
110000146,420,124,296
110000147,21,273,-252
110000148,187,23,164
110000151,115,159,-44
110000152,95,664,-569
110000153,0,0,0
110000154,0,0,0
110000155,419,321,98
110000156,115,299,-184
110000157,143,506,-363
110000160,259,84,175
110000161,38,67,-29
110000166,200,1,199
110000167,543,295,248
110000168,314,170,144
110000169,331,130,201
110000170,21,32,-11
110000171,209,31,178
110000172,47,146,-99
110000173,243,237,6
110000174,34,58,-24
110000175,253,19,234
110000176,53,274,-221
110000177,59,414,-355
110000178,149,820,-671
110000179,220,115,105
110000180,22,77,-55
110000181,147,75,72
110000182,101,9,92
110000183,2039,2490,-451
110000184,103,995,-892
110000185,73,188,-115
110000186,53,139,-86
110000191,658,75,583
110000192,236,2,234
110000193,612,2,610
110000194,0,79,-79
110000195,211,8,203
110000196,157,4,153
110000197,20,11,9
110000198,27,7,20
110000199,7,18,-11
110000200,207,37,170
110000201,198,362,-164
110000202,459,183,276
110000203,61,45,16
110000204,0,16,-16
110000205,122,11,111
110000206,55,65,-10
110000207,710,25,685
110000208,22,86,-64
110000209,12,66,-54
110000210,901,132,769
110000211,502,189,313
110000212,133,411,-278
110000213,55,8,47
110000214,44,17,27
110000215,5,52,-47
110000216,11,82,-71
110000217,228,16,212
110000218,39,44,-5
110000219,92,22,70
110000220,0,16,-16
110000221,224,3,221
110000222,14,79,-65
110000223,8,19,-11
110000224,0,0,0
110000225,32,101,-69
110000226,68,8,60
110000227,14,128,-114
110000228,95,21,74
110000229,0,8,-8
110000230,250,228,22
110000231,84,58,26
110000232,35,38,-3
110000233,72,80,-8
110000234,126,115,11
110000235,240,264,-24
110000236,0,0,0
110000237,351,118,233
110000238,472,183,289
110000239,337,133,204
110000240,0,2,-2
110000242,0,0,0
110000243,58,11,47
110000244,4,36,-32
110000245,1,74,-73
110000246,277,79,198
110000247,155,307,-152
110000248,204,125,79
110000249,60,3,57
110000250,3,24,-21
110000251,31,81,-50
110000252,115,16,99
110000253,491,138,353
110000254,160,55,105
110000255,27,72,-45
110000256,168,66,102
110000257,74,3,71
110000258,1,49,-48
110000259,45,6,39
110000260,16,53,-37
110000263,108,9,99
110000264,245,137,108
110000265,735,322,413
110000266,555,446,109
110000267,0,0,0
110000268,28,1,27
110000269,0,0,0
110000270,14,0,14
110000271,253,10,243
110000272,216,161,55
110000273,99,197,-98
110000274,91,514,-423
110000275,168,54,114
110000276,37,200,-163
110000277,155,55,100
110000278,123,134,-11
110000279,495,103,392
110000280,237,63,174
110000281,47,16,31
110000282,19,0,19
110000283,2,21,-19
110000284,1,1,0
110000285,0,7,-7
110000286,1,0,1
110000287,22,0,22
110000288,0,0,0
110000289,82,997,-915
110000290,83,81,2
110000291,237,269,-32
110000292,234,1466,-1232
110000293,322,115,207
110000294,652,307,345
110000295,23,116,-93
110000296,243,40,203
110000297,644,15,629
110000298,1,38,-37
110000299,25,24,1
110000301,287,11,276
110000302,92,88,4
110000303,195,3,192
110000304,15,20,-5
110000305,479,1,478
110000306,1,50,-49
110000307,535,0,535
110000308,230,3,227
110000309,2,90,-88
110000310,404,14,390
110000311,2,107,-105
110000312,161,13,148
110000313,393,95,298
110000314,0,41,-41
110000315,330,474,-144
110000316,12,187,-175
110000317,13,13,0
110000318,0,14,-14
110000319,3,4,-1
110000320,1,9,-8
110000321,18,7,11
110000322,32,81,-49
110000323,189,73,116
110000324,200,57,143
110000325,1028,974,54
110000327,165,16,149
110000328,2,20,-18
110000333,231,365,-134
110000334,22,125,-103
110000335,98,89,9
110000336,23,67,-44
110000337,877,82,795
110000338,167,75,92
110000339,212,30,182
110000340,4,7,-3
110000341,169,25,144
110000342,12,0,12
110000343,0,0,0
110000344,0,6,-6
110000345,17,43,-26
110000346,968,406,562
110000347,824,216,608
110000348,1,3,-2
110000349,2,0,2
110000350,37,1,36
110000351,492,128,364
110000352,177,451,-274
110000353,868,145,723
110000354,138,801,-663
110000355,1,0,1
110000356,164,2,162
110000357,242,15,227
110000361,0,0,0
110000362,0,0,0
110000363,228,8,220
110000364,109,70,39
110000365,41,0,41
110000366,0,21,-21
110000367,58,23,35
110000368,0,5,-5
110000369,37,0,37
110000373,0,32,-32
110000374,5,20,-15
110000375,59,81,-22
110000376,14,39,-25
110000377,18,177,-159
110000378,1,90,-89
110000379,800,1118,-318
110000380,166,12,154
110000383,0,51,-51
110000384,234,11,223
110000385,0,6,-6
110000387,18,1,17
110000388,6,40,-34
110000389,502,0,502
110000391,356,28,328
110000396,52,5,47
110000397,51,6,45
110000398,1,19,-18
110000399,65,0,65
110000587,72,6,66
110000589,117,12,105
110000640,97,7,90
110000652,3,48,-45
110000653,34,31,3
110000654,0,0,0
110000656,0,0,0
110000674,0,0,0
110000675,0,0,0
110000676,0,0,0
110000679,36,20,16
110000682,61,62,-1
110000683,109,59,50
110000684,0,0,0
110000685,0,2,-2
110000686,0,0,0
110000687,1,0,1
110000688,5,152,-147
110000689,42,6,36
110000692,0,12,-12
110000693,1,115,-114
110000694,0,0,0
110000695,8,27,-19
110000696,78,16,62
110900001,33,0,33
110900002,34,4,30
110900003,243,2,241
110900004,144,2,142
110900005,0,0,0
110900006,15,0,15
110900007,24,13,11
110900008,0,0,0
110900009,9,89,-80
110900010,0,0,0
110900011,1,2,-1
110900012,0,0,0
110900013,214,39,175
110900014,7,0,7
110900015,18,160,-142
110900016,0,0,0
110900017,155,14,141
110900018,22,0,22
110900019,2,0,2
110900020,0,0,0
110900021,0,0,0
110900022,0,0,0
110900023,5,37,-32
110900024,0,0,0
110900025,0,0,0
110900027,0,0,0
110900028,0,0,0
110900029,0,2,-2
110900030,0,0,0
110900031,0,0,0
110900032,0,0,0
110900033,1,2,-1
110900035,0,0,0
110900036,27,1,26
110900037,16,0,16
110900038,0,0,0
110900039,0,0,0
110900040,36,1,35
110900041,0,0,0
110900042,0,0,0
110900043,0,0,0
110900044,0,0,0
110900045,0,0,0
110900046,0,0,0
110900047,0,0,0
110900049,7,12,-5
110900050,1,0,1
110900051,0,0,0
110900052,0,0,0
110900053,0,0,0
110900054,0,0,0
110900055,0,0,0
110900056,0,0,0
110900057,0,0,0
110900058,0,0,0
110900059,2,1,1
110900060,23,3,20
110900061,0,0,0
110900062,0,0,0
110900063,3,2,1
110900064,0,0,0
110900065,15,21,-6
110900066,0,7,-7
110900067,1,0,1
110900068,0,0,0
110900069,0,0,0
110900070,0,0,0
110900071,0,0,0
110900073,0,1,-1
110900074,83,1,82
110900075,43,3,40
110900077,124,48,76
110900078,0,0,0
110900079,259,241,18
110900080,41,5,36
110900081,0,0,0
110900082,12,17,-5
110900083,3,0,3
110900084,0,0,0
110900085,0,47,-47
110900086,0,13,-13
110900087,39,17,22
110900088,2,0,2
110900090,0,0,0
110900091,0,0,0
110900093,0,0,0
110900095,4,6,-2
110900097,1,1,0
110900098,0,10,-10
110900099,1,43,-42
110900100,0,8,-8
110900102,12,15,-3
110900105,18,9,9
110900108,6,4,2
110900111,4,3,1
110900112,141,3,138
110900113,25,0,25
110900115,0,1,-1
110900116,164,62,102
110900118,0,337,-337
110900119,60,0,60
110900120,0,0,0
110900121,1,0,1
110900122,27,0,27
110900125,99,90,9
110900127,0,0,0
110900128,30,34,-4
110900129,5,125,-120
110900130,11,118,-107
110900131,26,3,23
110900132,51,1,50
110900133,0,1,-1
110900135,0,0,0
110900136,10,0,10
110900139,0,0,0
110900140,0,0,0
110900141,12,4,8
110900142,0,0,0
110900143,50,9,41
110900144,0,0,0
110900145,17,12,5
110900146,53,21,32
110900147,0,0,0
110900148,0,0,0
110900149,0,0,0
110900150,3,13,-10
110900151,0,13,-13
110900152,3,4,-1
110900153,48,3,45
111000001,450,277,173
111000002,102,2,100
111000003,745,467,278
111000004,6,30,-24
111000005,459,642,-183
111000006,37,30,7
111000007,1116,1313,-197
111000008,124,103,21
111000009,24,117,-93
111000010,474,311,163
111000011,12,385,-373
111000012,92,168,-76
111000013,81,472,-391
111000014,566,144,422
111000017,8,45,-37
111000018,5,7,-2
111000020,29,148,-119
111000021,56,36,20
111000023,27,54,-27
111000025,280,332,-52
111000029,18,7,11
111000030,4,5,-1
111000031,876,294,582
111000032,373,110,263
111000033,90,45,45
111000034,14,62,-48
111000037,227,412,-185
111000038,468,342,126
111000039,469,389,80
111000040,409,341,68
111000041,92,212,-120
111000042,340,666,-326
111000043,821,981,-160
111000044,706,111,595
111000045,1227,576,651
111000046,580,400,180
111000047,1173,1923,-750
111000049,11,19,-8
111000050,112,106,6
111000051,66,61,5
111000052,53,68,-15
111000053,55,66,-11
111000054,31,76,-45
111000055,286,220,66
111000056,35,39,-4
111000057,29,46,-17
111000058,248,16,232
111000059,200,60,140
111000060,2416,239,2177
111000061,259,70,189
111000062,604,78,526
111000063,687,263,424
111000064,581,136,445
111000065,883,209,674
111000066,295,42,253
111000067,186,62,124
111000068,88,25,63
111000069,97,138,-41
111000070,103,70,33
111000071,4,11,-7
111000072,547,351,196
111000073,150,418,-268
111000074,776,475,301
111000075,268,70,198
111000076,504,138,366
111000077,598,229,369
111000078,364,144,220
111000079,270,82,188
111000080,111,120,-9
111000081,282,936,-654
111000082,273,78,195
111000084,214,207,7
111000085,438,488,-50
111000086,557,363,194
111000087,511,175,336
111000088,517,452,65
111000089,275,233,42
111000090,179,200,-21
111000091,191,116,75
111000092,725,241,484
111000093,274,287,-13
111000094,494,268,226
111000095,225,837,-612
111000096,422,2510,-2088
111000097,167,190,-23
111000098,85,88,-3
111000099,71,161,-90
111000100,68,120,-52
111000101,48,128,-80
111000102,1,43,-42
111000104,290,15,275
111000107,1,50,-49
111000109,289,11,278
111000110,320,103,217
111000111,1318,56,1262
111000112,954,56,898
111000113,344,687,-343
111000114,284,1012,-728
111000115,1041,225,816
111000116,229,64,165
111000117,77,85,-8
111000118,251,58,193
111000119,509,85,424
111000120,200,85,115
111000121,142,133,9
111000122,169,167,2
111000123,324,288,36
111000124,158,338,-180
111000125,46,86,-40
111000126,28,52,-24
111000127,377,19,358
111000128,970,39,931
111000129,1359,111,1248
111000130,1540,145,1395
111000131,1246,102,1144
111000132,903,410,493
111000133,86,6,80
111000134,61,19,42
111000135,4,74,-70
111000136,349,80,269
111000138,2,5,-3
111000140,0,1,-1
111000141,22,10,12
111000142,0,3,-3
111000143,0,8,-8
111000144,1,26,-25
111000145,31,23,8
111000146,42,2,40
111000147,39,3,36
111000148,19,11,8
111000149,0,45,-45
111000150,2,2,0
111000151,1,9,-8
111000153,134,25,109
111000154,25,26,-1
111000155,69,22,47
111000156,235,71,164
111000157,27,122,-95
111000158,425,317,108
111000159,643,323,320
111000160,250,33,217
111000161,2,104,-102
111000162,1,7,-6
111000163,36,53,-17
111000164,15,242,-227
111000165,121,42,79
111000166,38,14,24
111000167,3,36,-33
111000168,52,44,8
111000169,109,14,95
111000170,95,46,49
111000171,93,18,75
111000172,65,102,-37
111000173,75,163,-88
111000174,33,22,11
111000175,22,39,-17
111000176,176,41,135
111000177,352,76,276
111000178,837,89,748
111000179,292,30,262
111000180,69,97,-28
111000181,281,57,224
111000182,76,17,59
111000183,79,47,32
111000184,229,26,203
111000185,113,25,88
111000186,33,5,28
111000187,104,14,90
111000188,151,58,93
111000189,33,45,-12
111000190,23,26,-3
111000191,15,15,0
111000192,33,30,3
111000193,34,14,20
111000194,7,25,-18
111000195,7,63,-56
111000196,8,8,0
111000197,291,21,270
111000198,220,4,216
111000199,120,38,82
111000200,401,198,203
111000201,296,21,275
111000202,224,23,201
111000203,199,42,157
111000204,169,473,-304
111000213,109,121,-12
111000214,353,144,209
111000215,329,155,174
111000217,751,123,628
111000218,619,181,438
111000219,99,14,85
111000220,297,14,283
111000221,77,18,59
111000224,0,15,-15
111000225,380,342,38
111000226,30,9,21
111000227,3,1,2
111000228,1,414,-413
111000229,3,555,-552
111000230,36,35,1
111000231,312,75,237
111000232,320,158,162
111000233,320,51,269
111000234,32,85,-53
111000239,0,0,0
111000240,7,62,-55
111000241,0,0,0
111000242,33,37,-4
111000243,0,0,0
111000244,326,18,308
111000245,318,56,262
111000246,266,53,213
111000247,190,77,113
111000248,416,62,354
111000249,181,40,141
111000250,46,5,41
111000251,63,22,41
111000253,1,3,-2
111000255,14,0,14
111000257,18,3,15
111000260,1,39,-38
111000261,397,1,396
111000271,0,27,-27
111000273,377,345,32
111000274,368,307,61
111000275,39,7,32
111000276,57,178,-121
111000277,85,56,29
111000278,204,37,167
111000291,422,3703,-3281
111000298,191,76,115
111000299,57,20,37
111000300,12,14,-2
111000302,113,40,73
111000303,105,22,83
111000312,25,10,15
111000315,0,14,-14
111000320,80,69,11
111000321,226,36,190
111000322,140,36,104
111000323,123,4,119
111000324,128,55,73
111000325,1,20,-19
111000326,54,52,2
111000327,156,127,29
111000328,100,91,9
111000329,0,45,-45
111000330,19,10,9
111000331,6,4,2
111000332,152,149,3
111000334,36,90,-54
111000335,354,3,351
111000337,553,8,545
111000338,3,6,-3
111000339,172,4,168
111000340,4,63,-59
111000341,491,133,358
111000342,1,34,-33
111000344,461,122,339
111000345,24,5,19
111000346,1,4,-3
111000347,81,0,81
111000350,43,125,-82
111000351,4,144,-140
111000352,47,26,21
111000353,7,69,-62
111000354,70,32,38
111000355,34,96,-62
111000358,45,55,-10
111000360,68,22,46
111000361,42,9,33
111000546,66,0,66
111000547,172,20,152
111000548,6,4,2
111000549,65,6,59
111000550,4,52,-48
111000551,26,22,4
111000552,46,3,43
111000907,500,8,492
111000908,12,0,12
111000916,386,2,384
111000917,0,5,-5
111000918,25,35,-10
111000920,134,0,134
111000921,0,10,-10
111000922,72,13,59
111000924,1,81,-80
111000925,2124,538,1586
111000926,464,303,161
111000927,1132,1348,-216
111000928,773,519,254
111000929,1293,248,1045
111000930,268,516,-248
111000931,1200,465,735
111000932,658,552,106
111000933,1703,1014,689
111000934,350,420,-70
111000935,1030,210,820
111000936,204,339,-135
111000937,607,433,174
111000938,392,229,163
111000939,375,9,366
111000940,277,22,255
111000941,123,26,97
111000943,290,49,241
111000944,88,58,30
111000945,160,6,154
111001109,171,120,51
111001110,55,1,54
111001111,13,3,10
111001112,184,7,177
111001113,0,51,-51
111001114,62,70,-8
111001115,0,0,0
111001116,366,1942,-1576
111001117,40,105,-65
111001120,24,23,1
111001121,5,17,-12
111001122,63,15,48
111001123,144,43,101
111001124,15,12,3
111001125,1,295,-294
111001126,19,6,13
111900001,0,1,-1
111900002,0,3,-3
111900003,0,19,-19
111900004,1,20,-19
111900006,0,0,0
111900007,0,0,0
111900008,0,0,0
111900009,16,0,16
111900010,2,2,0
111900012,1,0,1
111900013,4,10,-6
111900014,273,1297,-1024
111900015,0,6,-6
111900016,0,5,-5
111900017,0,3,-3
111900018,42,5,37
111900019,1,36,-35
111900020,0,0,0
111900021,4,3,1
111900022,1,0,1
111900023,49,13,36
111900024,12,1,11
111900025,0,9,-9
111900026,0,11,-11
111900027,0,0,0
111900028,0,0,0
111900029,0,0,0
111900030,0,0,0
111900031,0,0,0
111900032,0,0,0
111900033,3,1,2
111900034,0,0,0
111900035,0,0,0
111900036,0,0,0
111900038,0,0,0
111900039,0,0,0
111900040,0,0,0
111900042,0,0,0
111900043,0,0,0
111900044,0,0,0
111900046,0,0,0
111900048,157,78,79
111900049,0,0,0
111900050,0,0,0
111900051,0,5,-5
111900052,0,0,0
111900053,48,499,-451
111900054,0,0,0
111900055,1,32,-31
111900056,13,41,-28
111900057,49,7,42
111900058,210,9,201
111900059,84,57,27
111900060,0,0,0
111900061,0,5,-5
111900062,29,23,6
111900063,77,0,77
111900064,7,24,-17
111900065,61,9,52
111900066,5,0,5
111900067,0,0,0
111900068,6,19,-13
111900069,17,6,11
111900070,28,0,28
111900071,0,0,0
111900072,23,9,14
111900073,66,10,56
111900074,0,0,0
111900075,71,0,71
111900076,19,1,18
111900077,32,0,32
111900078,37,4,33
111900079,29,12,17
111900080,0,0,0
111900082,187,21,166
111900083,43,2,41
111900084,86,2,84
111900085,0,0,0
111900086,171,1,170
111900087,32,0,32
111900088,99,3,96
111900089,75,2,73
111900090,0,0,0
111900091,434,2,432
111900092,102,0,102
111900093,112,0,112
111900094,64,1,63
111900095,0,0,0
111900096,192,2,190
111900097,71,0,71
111900098,72,1,71
111900099,37,0,37
111900100,0,0,0
111900101,0,0,0
111900102,42,0,42
111900103,0,0,0
111900104,0,0,0
111900105,3,1,2
111900106,49,14,35
111900110,0,0,0
111900111,32,8,24
111900112,0,0,0
111900113,28,22,6
111900118,40,6,34
111900119,0,15,-15
111900122,9,9,0
111900123,1,3,-2
111900124,12,1,11
111900125,22,1,21
111900126,18,0,18
111900127,0,0,0
111900128,0,0,0
111900129,50,1,49
111900130,15,1,14
111900131,51,0,51
111900132,0,0,0
111900133,0,0,0
111900134,0,0,0
111900135,0,0,0
111900136,0,0,0
111900137,26,0,26
111900138,3,13,-10
111900139,0,10,-10
111900140,34,17,17
111900141,56,1,55
111900142,29,1,28
111900143,0,0,0
111900144,0,0,0
111900145,0,0,0
111900146,0,0,0
111900147,0,0,0
111900148,0,0,0
111900149,0,0,0
111900150,0,0,0
111900151,0,0,0
111900152,0,0,0
111900153,0,0,0
111900154,0,0,0
111900155,0,0,0
111900156,0,0,0
111900157,0,0,0
111900158,0,0,0
111900159,0,0,0
111900160,0,0,0
111900161,3,0,3
111900162,0,0,0
111900163,0,0,0
111900164,0,0,0
111901113,88,0,88
111901114,52,0,52
111901115,0,0,0
111901116,0,0,0
111901117,0,0,0
111901118,0,0,0
111901119,0,0,0
111901121,0,0,0
111901122,1,0,1
111901123,51,0,51
111901124,0,0,0
111901125,235,73,162
111901127,0,0,0
111901128,0,0,0
111901129,0,0,0
111901130,0,0,0
111901131,0,86,-86
111901132,0,0,0
111901133,0,0,0
111901134,0,0,0
111901135,0,0,0
111901136,0,0,0
111901138,0,0,0
111901139,0,0,0
111901140,0,0,0
111901141,0,0,0
111901142,0,0,0
111901143,0,0,0
111901144,0,0,0
111901145,4,1,3
111901146,0,0,0
111901147,7,5,2
111901148,0,3,-3
111901149,0,0,0
112000001,1426,721,705
112000002,175,236,-61
112000003,719,309,410
112000004,91,58,33
112000005,2434,1739,695
112000006,81,52,29
112000007,2019,1297,722
112000008,1484,2373,-889
112000009,1678,534,1144
112000010,898,2501,-1603
112000011,575,293,282
112000012,1946,4023,-2077
112000013,747,495,252
112000014,229,2618,-2389
112000015,182,710,-528
112000016,420,1134,-714
112000017,112,449,-337
112000024,46,62,-16
112000026,427,355,72
112000027,301,449,-148
112000028,310,68,242
112000029,112,407,-295
112000030,16,0,16
112000031,227,1583,-1356
112000032,6,2,4
112000033,325,1201,-876
112000034,4,1,3
112000035,0,21,-21
112000036,32,577,-545
112000037,22,117,-95
112000038,139,390,-251
112000039,56,34,22
112000040,7,32,-25
112000041,95,147,-52
112000042,298,43,255
112000050,594,673,-79
112000051,649,709,-60
112000054,371,487,-116
112000057,3,24,-21
112000058,24,199,-175
112000059,95,252,-157
112000061,525,217,308
112000062,155,394,-239
112000063,247,338,-91
112000064,612,403,209
112000065,335,126,209
112000066,634,673,-39
112000067,80,67,13
112000068,1107,949,158
112000069,22,162,-140
112000070,260,291,-31
112000071,161,103,58
112000072,897,170,727
112000073,105,138,-33
112000074,434,180,254
112000075,766,369,397
112000076,786,280,506
112000077,759,130,629
112000078,727,167,560
112000079,1022,453,569
112000080,228,199,29
112000081,187,471,-284
112000082,497,369,128
112000083,268,308,-40
112000084,460,305,155
112000085,709,183,526
112000086,1315,444,871
112000087,235,67,168
112000088,411,114,297
112000089,69,73,-4
112000090,76,75,1
112000091,200,79,121
112000092,962,116,846
112000093,209,77,132
112000094,462,94,368
112000095,291,61,230
112000096,589,102,487
112000097,1028,189,839
112000098,64,27,37
112000099,204,939,-735
112000100,973,128,845
112000101,35,62,-27
112000102,390,122,268
112000103,50,54,-4
112000105,69,55,14
112000106,1165,74,1091
112000107,33,21,12
112000108,183,174,9
112000109,138,24,114
112000110,523,93,430
112000111,113,222,-109
112000112,620,50,570
112000113,123,99,24
112000114,597,136,461
112000115,135,23,112
112000116,45,38,7
112000117,49,38,11
112000118,144,91,53
112000119,71,129,-58
112000120,1,7,-6
112000121,73,68,5
112000122,265,36,229
112000123,411,22,389
112000124,182,8,174
112000125,96,33,63
112000126,184,64,120
112000127,576,695,-119
112000128,59,414,-355
112000129,106,9,97
112000130,17,3,14
112000131,38,8,30
112000132,3,7,-4
112000133,177,31,146
112000134,112,28,84
112000135,403,68,335
112000136,152,133,19
112000137,510,268,242
112000138,211,198,13
112000139,140,176,-36
112000140,53,94,-41
112000141,250,89,161
112000142,39,48,-9
112000143,697,41,656
112000144,41,73,-32
112000145,1324,105,1219
112000146,98,104,-6
112000147,992,302,690
112000148,219,131,88
112000149,206,44,162
112000150,0,14,-14
112000151,100,27,73
112000152,58,39,19
112000153,13,27,-14
112000154,43,0,43
112000155,27,21,6
112000157,54,207,-153
112000158,120,19,101
112000159,100,27,73
112000167,16,3,13
112000169,64,455,-391
112000173,177,8,169
112000175,84,48,36
112000176,461,249,212
112000177,91,26,65
112000178,21,27,-6
112000179,108,2,106
112000180,39,6,33
112000181,221,75,146
112000182,821,85,736
112000183,42,31,11
112000184,149,25,124
112000185,29,45,-16
112000187,761,204,557
112000195,105,5,100
112000196,19,0,19
112000197,3,9,-6
112000198,0,8,-8
112000199,3,100,-97
112000202,189,0,189
112000216,23,30,-7
112000230,26,0,26
112000231,0,3,-3
112000256,43,55,-12
112000313,15,1,14
112000314,2,18,-16
112000337,32,97,-65
112000352,3,9,-6
112000392,561,664,-103
112000398,605,329,276
112000399,289,2031,-1742
112000400,263,415,-152
112000401,577,389,188
112000402,1464,2734,-1270
112000403,323,1971,-1648
112000404,236,681,-445
112000405,1585,1419,166
112000406,801,508,293
112000407,3225,2175,1050
112000408,1289,801,488
112000409,322,706,-384
112000410,0,0,0
112000411,127,36,91
112000412,0,0,0
112000413,94,321,-227
112000414,29,5,24
112000415,18,1,17
112000416,1243,400,843
112000417,126,48,78
112000421,14,4,10
112000422,77,30,47
112000424,96,580,-484
112000425,28,22,6
112000426,47,41,6
112000427,0,0,0
112000428,56,40,16
112000429,646,729,-83
112000430,858,1374,-516
112000431,47,49,-2
112000432,58,22,36
112000433,119,214,-95
112000437,55,81,-26
112900001,17,1,16
112900002,62,1,61
112900003,23,1,22
112900004,15,0,15
112900005,40,0,40
112900006,0,0,0
112900007,75,0,75
112900008,0,3,-3
112900009,26,0,26
112900010,19,0,19
112900011,0,0,0
112900012,0,0,0
112900013,1,6,-5
112900014,0,0,0
112900015,4,7,-3
112900016,0,0,0
112900017,1,0,1
112900018,0,0,0
112900019,0,0,0
112900020,16,12,4
112900021,0,0,0
112900022,0,0,0
112900023,0,0,0
112900024,0,0,0
112900025,6,1,5
112900026,0,0,0
112900027,0,0,0
112900028,0,0,0
112900029,25,4,21
112900030,0,0,0
112900031,0,0,0
112900032,0,0,0
112900034,2,2,0
112900035,0,0,0
112900036,0,0,0
112900037,0,0,0
112900038,57,1,56
112900039,0,0,0
112900040,0,0,0
112900041,3,21,-18
112900042,0,0,0
112900043,0,0,0
112900044,4,0,4
112900045,0,0,0
112900046,0,0,0
112900047,0,0,0
112900049,0,0,0
112900050,10,0,10
112900051,1,0,1
112900052,3,0,3
112900053,0,0,0
112900054,2,0,2
112900055,0,0,0
112900056,0,0,0
112900057,0,0,0
112900058,5,7,-2
112900059,0,0,0
112900060,0,0,0
112900061,0,0,0
112900062,0,0,0
112900063,0,0,0
112900064,0,0,0
112900065,0,0,0
112900066,31,13,18
112900067,0,0,0
112900068,0,1,-1
112900069,4,0,4
112900071,0,0,0
112900072,0,30,-30
112900073,58,13,45
112900074,0,0,0
112900075,24,0,24
112900076,0,0,0
112900078,0,0,0
112900079,0,0,0
112900080,0,0,0
112900081,2,5,-3
112900082,65,4,61
112900083,7,6,1
112900084,0,0,0
112900086,0,0,0
112900087,31,0,31
112900088,28,0,28
112900089,156,5,151
112900090,2,0,2
112900091,0,0,0
112900092,10,0,10
112900093,0,0,0
112900095,0,0,0
112900096,61,5,56
112900097,0,0,0
112900098,5,0,5
112900099,144,8,136
112900100,4,0,4
112900101,0,0,0
112900102,0,0,0
112900103,0,0,0
112900104,0,0,0
112900105,0,0,0
112900106,7,1,6
112900107,0,0,0
112900108,1,0,1
112900109,7,0,7
112900110,0,0,0
112900111,0,0,0
112900112,0,0,0
112900113,0,0,0
112900114,0,0,0
112900115,404,18,386
112900116,8,0,8
112900117,0,0,0
112900118,0,0,0
112900119,0,0,0
112900120,0,0,0
112900121,0,0,0
112900122,0,0,0
112900123,0,0,0
112900124,0,0,0
112900125,0,1,-1
112900126,14,5,9
112900127,0,0,0
112900128,0,0,0
112900129,0,10,-10
112900130,0,0,0
112900131,0,0,0
112900132,0,0,0
112900133,0,54,-54
112900134,0,15,-15
112900135,0,0,0
112900137,0,3,-3
112900138,0,1,-1
112900139,0,0,0
112900141,99,0,99
112900142,0,0,0
112900143,0,0,0
112900144,0,0,0
112900145,0,0,0
112900146,0,0,0
112900147,0,0,0
112900148,0,0,0
112900149,0,0,0
112900151,0,0,0
112900152,145,1,144
112900153,7,114,-107
112900154,0,0,0
112900155,17,0,17
112900156,12,0,12
112900157,151,2,149
112900158,2,0,2
112900159,0,0,0
112900160,0,0,0
112900161,0,0,0
112900162,0,0,0
112900163,0,0,0
112900164,0,0,0
112900165,0,0,0
112900166,0,0,0
112900167,0,0,0
112900168,0,0,0
112900169,0,0,0
112900170,0,0,0
112900172,0,0,0
112900173,0,0,0
112900174,0,0,0
112900175,0,0,0
112900176,0,0,0
112900177,0,0,0
112900178,2,1,1
112900179,6,27,-21
112900180,230,38,192
112900181,0,0,0
112900182,0,0,0
112900183,0,0,0
112900184,20,21,-1
112900185,1,5,-4
112900186,27,50,-23
112900187,0,0,0
112900188,24,22,2
112900189,0,0,0
112900190,0,0,0
112900192,64,43,21
112900193,41,8,33
112900194,0,0,0
112900195,67,1,66
112900196,35,6,29
112900197,0,16,-16
112900199,56,0,56
112900200,8,0,8
112900201,22,1,21
112900202,0,9,-9
112900203,1,0,1
112900204,2,13,-11
112900205,5,0,5
112900206,0,0,0
112900207,0,0,0
112900208,0,2,-2
112900209,0,0,0
112900210,0,0,0
112900211,0,0,0
112900212,0,0,0
112900213,0,0,0
112900214,0,0,0
112900215,0,0,0
112900216,0,0,0
112900217,0,0,0
112900218,27,0,27
112900219,4,1,3
112900220,0,0,0
112900221,11,2,9
112900222,0,4,-4
112900223,160,1,159
112900224,32,0,32
112900225,0,0,0
112900226,0,0,0
112900227,204,2,202
112900228,22,1,21
112900229,0,0,0
112900230,148,136,12
112900232,0,3,-3
112900233,0,0,0
112900234,0,0,0
112900235,0,0,0
112900236,3,0,3
112900237,42,1,41
112900238,0,0,0
112900239,0,0,0
112900240,0,0,0
112900241,0,0,0
112900242,0,0,0
112900243,0,0,0
112900244,0,0,0
112900245,0,0,0
112900246,0,0,0
112900247,4,0,4
112900248,0,0,0
112900249,13,0,13
112900250,1,0,1
112900251,2,1,1
112900252,1,0,1
112900253,0,0,0
112900254,4,0,4
112900255,0,0,0
112900256,0,0,0
112900257,0,2,-2
112900258,0,0,0
113000001,1162,1179,-17
113000002,1376,1649,-273
113000003,306,666,-360
113000004,282,595,-313
113000005,269,341,-72
113000006,187,532,-345
113000007,435,297,138
113000008,234,450,-216
113000009,301,227,74
113000010,417,221,196
113000011,203,117,86
113000012,434,59,375
113000013,91,92,-1
113000014,155,310,-155
113000015,27,50,-23
113000016,10,28,-18
113000017,1,15,-14
113000018,42,3,39
113000019,0,0,0
113000020,231,31,200
113000021,444,126,318
113000022,204,240,-36
113000025,10,9,1
113000026,138,200,-62
113000027,120,179,-59
113000028,4,126,-122
113000029,267,238,29
113000030,0,0,0
113000031,0,0,0
113000032,31,97,-66
113000033,138,101,37
113000034,0,0,0
113000035,0,0,0
113000036,8,24,-16
113000037,0,0,0
113000038,20,24,-4
113000039,0,17,-17
113000040,4,0,4
113000042,143,205,-62
113000051,347,899,-552
113000052,275,132,143
113000053,84,54,30
113000054,46,374,-328
113000055,511,107,404
113000056,440,142,298
113000058,63,246,-183
113000059,358,116,242
113000060,101,169,-68
113000061,148,177,-29
113000062,137,56,81
113000063,138,49,89
113000064,54,47,7
113000065,110,79,31
113000066,467,40,427
113000067,696,52,644
113000068,152,124,28
113000069,116,159,-43
113000070,645,100,545
113000071,96,74,22
113000072,157,42,115
113000073,102,201,-99
113000074,244,70,174
113000075,461,128,333
113000076,130,588,-458
113000077,192,285,-93
113000078,99,247,-148
113000079,19,99,-80
113000080,66,95,-29
113000081,187,187,0
113000082,153,33,120
113000083,208,392,-184
113000084,356,190,166
113000085,313,251,62
113000086,230,246,-16
113000087,299,526,-227
113000088,219,200,19
113000089,305,816,-511
113000090,16,180,-164
113000091,55,2,53
113000094,372,79,293
113000095,83,24,59
113000096,37,22,15
113000097,182,36,146
113000098,8,7,1
113000099,273,48,225
113000100,53,19,34
113000101,6,4,2
113000102,92,72,20
113000103,473,113,360
113000104,421,815,-394
113000105,318,96,222
113000106,134,46,88
113000107,468,304,164
113000108,445,305,140
113000109,108,363,-255
113000110,431,260,171
113000111,17,156,-139
113000112,122,176,-54
113000113,532,284,248
113000114,5,177,-172
113000116,55,45,10
113000117,88,95,-7
113000118,9,264,-255
113000119,96,114,-18
113000120,48,277,-229
113000121,73,60,13
113000124,105,45,60
113000125,8,321,-313
113000127,166,22,144
113000128,83,194,-111
113000129,0,0,0
113000133,228,1,227
113000134,14,367,-353
113000135,1511,1673,-162
113000137,382,804,-422
113000139,107,17,90
113000140,0,0,0
113000141,47,44,3
113000142,62,108,-46
113000143,69,146,-77
113000144,6,27,-21
113000145,50,18,32
113000146,0,0,0
113000147,0,0,0
113000148,100,30,70
113000149,71,104,-33
113000150,1,0,1
113000151,0,0,0
113000152,6,77,-71
113000153,140,117,23
113000154,71,309,-238
113000155,95,194,-99
113000156,41,60,-19
113000157,61,105,-44
113000158,128,5,123
113000159,307,15,292
113000160,116,123,-7
113000161,128,102,26
113000162,0,0,0
113000163,22,9,13
113000164,0,0,0
113000166,90,40,50
113000167,0,0,0
113000168,0,0,0
113000169,102,5,97
113000170,71,23,48
113000171,0,0,0
113000172,162,18,144
113000173,61,6,55
113000174,0,0,0
113000175,189,15,174
113000176,264,6,258
113000177,0,0,0
113000178,0,0,0
113000179,137,29,108
113000180,379,693,-314
113000181,610,407,203
113000182,20,19,1
113000183,31,187,-156
113000184,0,0,0
113000189,9,98,-89
113000190,82,67,15
113000192,266,803,-537
113000193,521,685,-164
113000194,149,459,-310
113000195,209,543,-334
113000196,140,136,4
113000197,334,714,-380
113000198,9,98,-89
113000199,199,58,141
113000201,20,28,-8
113000202,640,102,538
113000203,30,8,22
113000204,101,733,-632
113000205,0,0,0
113000206,1,7,-6
113000207,0,0,0
113000208,8,55,-47
113000209,0,0,0
113000210,0,18,-18
113000211,80,28,52
113000212,10,2,8
113000213,10,15,-5
113000214,4,4,0
113000234,0,59,-59
113000410,4,45,-41
113000411,634,890,-256
113000412,782,455,327
113000413,532,692,-160
113000414,864,3158,-2294
113000415,254,405,-151
113000416,474,475,-1
113000417,150,227,-77
113000418,1179,1337,-158
113000419,364,667,-303
113000420,912,1361,-449
113000421,1667,2848,-1181
113000422,1946,2329,-383
113000423,500,1450,-950
113000424,744,2693,-1949
113000425,0,51,-51
113000428,38,1,37
113000430,0,0,0
113000432,717,29,688
113000433,22,110,-88
113000434,0,0,0
113000435,0,2,-2
113000436,0,15,-15
113000437,394,2,392
113000438,46,3,43
113000439,0,0,0
113000440,29,8,21
113000441,72,18,54
113000442,0,0,0
113000443,48,7,41
113000444,0,0,0
113000445,15,17,-2
113000446,0,0,0
113000448,0,0,0
113000449,4,425,-421
113000450,14,485,-471
113000451,4,0,4
113000452,45,120,-75
113000453,0,0,0
113000454,47,84,-37
113000455,0,0,0
113000456,87,42,45
113000468,162,18,144
113000469,17,19,-2
113000470,118,38,80
113000471,0,108,-108
113000472,10,15,-5
113000474,665,542,123
113000475,338,509,-171
113000476,468,907,-439
113000477,1703,717,986
113000478,1075,1201,-126
113000479,2,25,-23
113000484,0,0,0
113000485,0,0,0
113000486,0,0,0
113000487,0,0,0
113000488,0,0,0
113000489,0,0,0
113000490,0,0,0
113000491,0,0,0
113000492,0,0,0
113000493,0,0,0
113000495,0,0,0
113000496,13,23,-10
113000499,0,0,0
113900001,0,0,0
113900002,0,0,0
113900003,0,0,0
113900004,0,0,0
113900005,0,0,0
113900006,0,0,0
113900007,0,0,0
113900008,0,0,0
113900009,0,0,0
113900010,0,0,0
113900011,0,0,0
113900012,0,0,0
113900013,0,0,0
113900014,129,4,125
113900015,0,0,0
113900016,2,0,2
113900017,0,0,0
113900018,0,0,0
113900019,0,0,0
113900020,53,0,53
113900022,6,0,6
113900023,0,0,0
113900024,0,0,0
113900025,33,6,27
113900026,0,0,0
113900027,0,0,0
113900028,0,0,0
113900029,0,0,0
113900030,49,0,49
113900031,1,0,1
113900032,0,0,0
113900033,0,0,0
113900035,0,0,0
113900036,0,0,0
113900037,0,0,0
113900038,0,0,0
113900039,61,11,50
113900040,2,0,2
113900041,0,0,0
113900042,0,0,0
113900043,0,0,0
113900044,0,30,-30
113900045,0,0,0
113900046,0,0,0
113900047,0,0,0
113900048,0,0,0
113900049,0,0,0
113900050,2,20,-18
113900051,0,0,0
113900052,0,4,-4
113900053,76,92,-16
113900054,0,0,0
113900055,0,0,0
113900056,0,0,0
113900057,0,0,0
113900058,0,0,0
113900059,0,0,0
113900060,1,2,-1
113900061,2,23,-21
113900062,0,0,0
113900063,0,0,0
113900064,0,0,0
113900065,139,3,136
113900066,0,0,0
113900067,14,2,12
113900068,77,90,-13
113900069,0,0,0
113900070,0,0,0
113900071,0,0,0
113900072,0,0,0
113900073,102,86,16
113900074,19,16,3
113900075,72,212,-140
113900076,0,0,0
113900077,0,0,0
113900078,0,0,0
113900079,0,0,0
113900080,7,1,6
113900081,0,0,0
113900082,0,0,0
113900083,10,2,8
113900084,22,4,18
113900085,0,0,0
113900086,0,0,0
113900087,0,0,0
113900088,0,0,0
113900089,90,4,86
113900090,1,0,1
113900091,0,0,0
113900092,0,0,0
113900093,0,0,0
113900094,3,7,-4
113900095,7,13,-6
113900096,0,0,0
113900097,0,0,0
113900098,219,26,193
113900099,0,0,0
113900100,0,0,0
113900101,0,0,0
113900102,1,0,1
113900103,18,16,2
113900104,55,38,17
113900105,2,0,2
113900106,0,0,0
113900107,0,0,0
113900108,0,0,0
113900109,6,0,6
113900110,0,0,0
113900111,0,0,0
113900112,10,0,10
113900113,19,13,6
113900114,0,0,0
113900115,0,0,0
113900116,0,0,0
113900117,0,0,0
113900118,0,5,-5
113900119,6,61,-55
113900120,0,0,0
113900121,0,0,0
113900122,17,805,-788
113900123,2,0,2
113900124,0,0,0
113900125,18,2,16
113900126,0,0,0
113900127,0,0,0
113900128,0,0,0
113900129,0,34,-34
113900130,0,0,0
113900131,0,0,0
113900132,0,0,0
113900133,0,0,0
113900135,0,0,0
113900136,0,0,0
113900137,0,3,-3
113900138,0,0,0
113900139,0,0,0
113900140,18,21,-3
113900141,0,0,0
113900142,0,0,0
113900143,0,0,0
113900144,20,4,16
113900145,0,0,0
113900146,0,0,0
113900148,0,0,0
113900149,0,0,0
113900150,52,24,28
113900151,0,0,0
113900152,0,0,0
113900153,0,0,0
113900154,0,0,0
113900155,0,0,0
113900156,0,0,0
113900157,1,10,-9
113900158,0,0,0
113900159,0,0,0
113900160,0,0,0
113900161,0,0,0
113900162,2,26,-24
113900163,0,0,0
113900164,2,0,2
113900165,0,0,0
113900166,3,1,2
113900167,0,0,0
113900168,0,0,0
113900169,0,0,0
113900171,0,0,0
113900172,0,0,0
113900173,0,18,-18
113900174,0,0,0
113900175,52,5,47
113900176,0,0,0
113900177,0,8,-8
113900178,0,0,0
113900179,0,39,-39
113900180,6,1,5
113900181,49,1,48
113900182,0,0,0
113900183,0,2,-2
113900184,0,43,-43
113900185,4,0,4
113900186,0,0,0
113900187,1,6,-5
113900188,0,0,0
113900189,0,0,0
113900190,0,0,0
113900191,0,0,0
113900192,0,0,0
113900193,0,7,-7
113900194,37,7,30
113900195,0,0,0
113900196,0,0,0
113900197,0,7,-7
113900198,0,0,0
113900199,0,4,-4
113900200,0,0,0
113900201,0,10,-10
113900202,0,0,0
113900203,3,6,-3
113900204,0,5,-5
113900205,0,0,0
113900206,0,0,0
113900207,0,0,0
113900208,0,0,0
113900209,0,0,0
113900210,0,0,0
113900211,0,0,0
113900212,88,0,88
113900214,8,22,-14
113900215,212,5,207
113900216,0,0,0
113900217,0,0,0
113900218,0,0,0
113900219,0,0,0
113900220,0,0,0
113900221,2,19,-17
113900222,0,0,0
113900223,0,0,0
113900224,0,0,0
113900225,9,2,7
113900226,8,1,7
113900227,3,1,2
113900228,0,0,0
113900229,0,15,-15
113900230,69,10,59
113900231,0,0,0
113900232,0,0,0
113900233,0,0,0
113900234,0,0,0
113900235,0,0,0
113900236,71,4,67
113900237,0,0,0
113900238,2,57,-55
113900239,0,0,0
113900240,0,0,0
113900241,0,0,0
113900242,0,0,0
113900243,1,2,-1
113900244,4,8,-4
113900245,12,1,11
113900246,0,10,-10
113900247,23,89,-66
113900248,0,0,0
113900249,2,50,-48
113900250,5,34,-29
113900251,198,4,194
113900252,131,0,131
113900253,67,2,65
113900254,115,7,108
113900255,232,2,230
113900256,108,0,108
113900257,2,28,-26
113900258,14,37,-23
113900259,104,4,100
113900260,171,1,170
113900261,3,15,-12
113900262,78,14,64
113900263,0,5,-5
113900264,0,2,-2
113900265,7,0,7
113900266,3,0,3
113900267,0,0,0
113900268,0,36,-36
113900269,0,0,0
113900270,0,0,0
113900271,0,0,0
113900273,0,0,0
113900274,9,1,8
113900275,0,0,0
113900276,0,6,-6
113900277,35,0,35
113900278,0,0,0
113900279,0,0,0
113900280,15,13,2
113900281,4,110,-106
113900282,0,0,0
113900283,0,0,0
113900284,215,87,128
113900285,3,0,3
113900286,0,0,0
113900287,0,0,0
113900288,0,0,0
113900289,0,0,0
113900290,0,0,0
113900291,0,0,0
113900292,0,0,0
113900293,1,0,1
113900294,179,0,179
113900295,18,61,-43
113900296,89,22,67
113900297,150,0,150
113900298,0,0,0
113900299,2,0,2
113900300,204,7,197
113900301,64,0,64
113900302,58,4,54
113900303,0,0,0
113900304,0,0,0
113900305,42,0,42
113900306,21,0,21
113900307,0,0,0
113900308,1,0,1
113900309,0,3,-3
113900310,0,0,0
113900311,4,0,4
113900312,0,0,0
113900313,0,0,0
114000001,325,336,-11
114000002,38,83,-45
114000003,30,29,1
114000004,60,17,43
114000005,67,5,62
114000006,221,233,-12
114000007,157,87,70
114000008,180,224,-44
114000009,135,71,64
114000011,1217,311,906
114000012,1515,194,1321
114000013,825,301,524
114000014,32,17,15
114000015,242,19,223
114000016,6,41,-35
114000017,19,135,-116
114000018,10,11,-1
114000026,901,306,595
114000027,1227,558,669
114000028,507,1116,-609
114000038,19,3,16
114000039,0,0,0
114000040,77,86,-9
114000042,10,47,-37
114000043,100,27,73
114000044,49,28,21
114000045,31,14,17
114000046,338,494,-156
114000047,15,49,-34
114000048,26,34,-8
114000049,425,292,133
114000050,226,288,-62
114000051,616,706,-90
114000052,520,739,-219
114000053,81,136,-55
114000054,28,233,-205
114000055,16,1,15
114000056,2,51,-49
114000057,576,502,74
114000058,0,20,-20
114000059,7,43,-36
114000060,40,149,-109
114000061,517,917,-400
114000062,80,374,-294
114000063,95,131,-36
114000064,229,362,-133
114000065,208,322,-114
114000066,264,362,-98
114000067,27,142,-115
114000068,63,79,-16
114000069,127,50,77
114000070,887,618,269
114000071,43,33,10
114000072,98,10,88
114000073,30,18,12
114000074,5,3,2
114000075,28,7,21
114000076,17,8,9
114000077,0,1,-1
114000078,17,12,5
114000079,10,0,10
114000080,3,59,-56
114000081,12,38,-26
114000082,1,76,-75
114000083,0,0,0
114000084,63,28,35
114000085,14,10,4
114000086,5,35,-30
114000087,0,0,0
114000088,36,11,25
114000089,88,26,62
114000090,244,334,-90
114000091,178,260,-82
114000092,68,58,10
114000093,281,121,160
114000094,224,224,0
114000095,36,155,-119
114000096,25,29,-4
114000097,53,39,14
114000098,249,46,203
114000099,221,54,167
114000100,1193,106,1087
114000101,155,61,94
114000102,161,81,80
114000103,29,85,-56
114000104,0,18,-18
114000105,36,8,28
114000106,141,247,-106
114000107,97,13,84
114000108,18,42,-24
114000109,499,499,0
114000110,6,10,-4
114000111,807,301,506
114000112,1,18,-17
114000113,630,125,505
114000114,10,18,-8
114000115,946,259,687
114000116,559,1422,-863
114000117,1782,129,1653
114000118,1639,150,1489
114000119,1562,204,1358
114000120,259,145,114
114000121,0,0,0
114000122,123,34,89
114000123,772,86,686
114000124,458,67,391
114000125,194,271,-77
114000126,698,69,629
114000127,58,7,51
114000128,405,43,362
114000130,109,180,-71
114000131,70,15,55
114000132,82,66,16
114000133,77,85,-8
114000134,0,0,0
114000138,0,0,0
114000139,135,171,-36
114000144,223,185,38
114000145,0,0,0
114000146,0,0,0
114000147,613,1132,-519
114000148,223,427,-204
114000149,30,62,-32
114000150,9,10,-1
114000151,94,842,-748
114000152,7,2,5
114000153,69,353,-284
114000154,67,55,12
114000155,350,676,-326
114000156,293,376,-83
114000157,52,308,-256
114000158,108,42,66
114000159,20,31,-11
114000160,13,61,-48
114000161,240,603,-363
114000162,675,927,-252
114000163,0,0,0
114000165,92,186,-94
114000166,102,57,45
114000167,709,275,434
114000168,28,2,26
114000169,310,483,-173
114000170,568,247,321
114000171,567,3031,-2464
114000174,7,3,4
114000176,13,2,11
114000177,35,5,30
114000178,86,15,71
114000179,477,367,110
114000180,14,3,11
114000181,335,1599,-1264
114000182,314,300,14
114000183,128,39,89
114000184,115,62,53
114000185,707,478,229
114000189,787,78,709
114000190,1986,414,1572
114000191,60,99,-39
114000192,0,0,0
114000193,0,0,0
114000194,615,292,323
114000195,156,37,119
114000196,0,0,0
114000197,1218,3,1215
114000198,0,0,0
114000199,1,60,-59
114000200,115,78,37
114000201,33,76,-43
114000202,483,205,278
114000203,242,232,10
114000204,0,0,0
114000205,28,149,-121
114000206,42,187,-145
114000207,59,103,-44
114000208,53,60,-7
114000209,26,85,-59
114000210,14,149,-135
114000211,1149,484,665
114000212,392,448,-56
114000213,1309,414,895
114000214,19,0,19
114000215,18,1,17
114000216,368,135,233
114000217,286,78,208
114000218,67,6,61
114000219,467,50,417
114000220,0,1,-1
114000221,441,22,419
114000222,9,69,-60
114000223,429,63,366
114000224,15,70,-55
114000225,85,38,47
114000226,91,10,81
114000227,709,248,461
114000228,627,133,494
114000229,553,235,318
114000230,1220,235,985
114000231,431,323,108
114000232,564,110,454
114000233,1161,20,1141
114000234,822,362,460
114000235,453,336,117
114000236,0,0,0
114000237,98,124,-26
114000238,39,271,-232
114000239,36,230,-194
114000240,341,348,-7
114000241,85,112,-27
114000242,203,92,111
114000243,979,612,367
114000244,311,101,210
114000245,74,96,-22
114000246,0,0,0
114000247,362,191,171
114000248,864,413,451
114000249,628,157,471
114000250,265,27,238
114000251,210,10,200
114000252,0,19,-19
114000253,11,12,-1
114000254,0,0,0
114000255,13,103,-90
114000256,65,134,-69
114000257,61,168,-107
114000258,63,57,6
114000259,0,3,-3
114000260,0,0,0
114000261,23,11,12
114000262,0,0,0
114000263,11,0,11
114000264,174,37,137
114000265,0,0,0
114000267,0,352,-352
114000268,0,0,0
114000270,112,0,112
114000271,80,28,52
114000283,513,81,432
114000285,0,0,0
114000288,10,0,10
114000289,244,25,219
114000293,115,13,102
114000294,28,130,-102
114000395,404,8,396
114000396,178,71,107
114000402,387,100,287
114000403,196,49,147
114000405,67,61,6
114000423,161,62,99
114000424,243,98,145
114000425,465,112,353
114000426,220,425,-205
114000427,46,10,36
114000428,30,31,-1
114000429,28,5,23
114000432,71,7,64
114000434,0,10,-10
114000435,0,0,0
114900001,185,35,150
114900002,49,7,42
114900003,143,56,87
114900004,19,30,-11
114900005,40,57,-17
114900006,9,2,7
114900007,23,1,22
114900008,38,4,34
114900010,0,0,0
114900011,50,19,31
114900013,21,6,15
114900015,3,35,-32
114900018,29,0,29
114900020,3,8,-5
114900022,7,25,-18
114900024,16,15,1
114900025,126,27,99
114900026,48,3,45
114900027,35,9,26
114900029,7,1,6
114900030,54,10,44
114900031,87,1,86
114900032,99,0,99
114900033,27,91,-64
114900034,0,0,0
114900035,1,19,-18
114900036,70,27,43
114900037,0,0,0
114900038,0,0,0
114900039,0,0,0
114900040,0,0,0
114900041,0,0,0
114900042,0,0,0
114900043,0,0,0
114900044,1,2,-1
114900046,0,0,0
114900047,0,0,0
114900048,0,0,0
114900049,0,0,0
114900050,0,0,0
114900051,0,0,0
114900052,0,0,0
114900053,0,0,0
114900054,0,0,0
114900057,3,3,0
114900058,0,0,0
114900059,4,1,3
114900060,8,9,-1
114900061,0,0,0
114900062,6,4,2
114900063,0,0,0
114900064,0,0,0
114900065,0,0,0
114900067,0,0,0
114900068,0,0,0
114900069,0,0,0
114900070,92,30,62
114900072,0,0,0
114900073,0,0,0
114900074,147,8,139
114900075,43,0,43
114900076,0,0,0
114900080,87,13,74
114900082,371,3,368
114900083,0,0,0
114900090,47,35,12
114900091,0,0,0
114900095,0,0,0
114900096,3,0,3
114900097,6,1,5
114900098,0,0,0
114900099,10,2,8
115000001,471,562,-91
115000002,1574,2665,-1091
115000003,491,275,216
115000004,1761,2681,-920
115000005,119,133,-14
115000006,441,681,-240
115000007,100,198,-98
115000008,197,135,62
115000009,253,219,34
115000010,86,122,-36
115000013,0,0,0
115000015,0,0,0
115000016,3,251,-248
115000019,42,127,-85
115000020,16,121,-105
115000021,0,30,-30
115000022,3,22,-19
115000023,194,284,-90
115000024,1,7,-6
115000025,437,203,234
115000026,0,0,0
115000027,193,43,150
115000028,0,0,0
115000029,512,6,506
115000030,0,23,-23
115000031,293,33,260
115000032,0,0,0
115000033,101,15,86
115000034,0,0,0
115000035,342,6,336
115000036,0,0,0
115000037,203,9,194
115000038,34,265,-231
115000039,793,941,-148
115000040,873,694,179
115000041,430,1365,-935
115000042,167,68,99
115000043,1219,822,397
115000044,788,213,575
115000045,418,145,273
115000046,1479,811,668
115000047,1441,416,1025
115000048,376,189,187
115000049,358,427,-69
115000050,1391,445,946
115000051,773,1906,-1133
115000052,188,492,-304
115000053,795,1789,-994
115000054,222,150,72
115000055,7,85,-78
115000056,81,73,8
115000057,50,226,-176
115000058,21,122,-101
115000059,5,179,-174
115000061,41,58,-17
115000062,23,11,12
115000063,15,11,4
115000064,110,16,94
115000065,8,3,5
115000067,72,2,70
115000069,4,5,-1
115000070,1,58,-57
115000071,34,16,18
115000072,0,0,0
115000073,519,59,460
115000075,45,21,24
115000076,528,400,128
115000077,559,342,217
115000078,500,174,326
115000079,418,287,131
115000080,1228,343,885
115000081,27,14,13
115000082,1676,1445,231
115000083,516,211,305
115000084,1830,249,1581
115000085,194,194,0
115000086,647,186,461
115000087,116,335,-219
115000088,806,249,557
115000089,96,88,8
115000090,201,128,73
115000091,233,167,66
115000092,318,201,117
115000093,278,1,277
115000094,1685,2931,-1246
115000095,907,2236,-1329
115000096,309,255,54
115000097,555,496,59
115000098,707,79,628
115000099,1086,341,745
115000100,832,218,614
115000101,41,42,-1
115000102,335,148,187
115000103,180,136,44
115000105,32,24,8
115000106,266,194,72
115000107,14,40,-26
115000108,355,273,82
115000109,1073,1808,-735
115000110,603,533,70
115000111,80,553,-473
115000112,172,121,51
115000113,200,276,-76
115000114,188,127,61
115000116,412,360,52
115000117,385,247,138
115000118,269,588,-319
115000119,397,201,196
115000120,117,896,-779
115000121,203,141,62
115000122,296,227,69
115000123,132,1194,-1062
115000124,147,213,-66
115000125,113,358,-245
115000126,62,211,-149
115000127,123,6,117
115000128,36,304,-268
115000129,49,90,-41
115000130,170,35,135
115000131,211,41,170
115000132,123,38,85
115000133,209,24,185
115000134,84,19,65
115000135,55,14,41
115000136,48,59,-11
115000137,1,4,-3
115000138,192,31,161
115000139,11,5,6
115000140,202,45,157
115000141,30,3,27
115000142,17,3,14
115000143,689,250,439
115000144,163,10,153
115000145,32,12,20
115000146,215,91,124
115000147,101,45,56
115000148,73,187,-114
115000149,116,138,-22
115000150,120,70,50
115000151,362,153,209
115000152,165,103,62
115000153,463,108,355
115000154,350,97,253
115000155,106,84,22
115000156,125,356,-231
115000157,33,70,-37
115000158,8,99,-91
115000159,66,52,14
115000160,97,80,17
115000161,31,196,-165
115000162,424,409,15
115000163,80,84,-4
115000164,25,132,-107
115000165,210,336,-126
115000167,138,16,122
115000168,125,157,-32
115000169,5,9,-4
115000170,0,0,0
115000171,120,200,-80
115000172,18,20,-2
115000173,44,115,-71
115000174,7,174,-167
115000175,1,2,-1
115000176,7,66,-59
115000177,0,10,-10
115000178,1,5,-4
115000179,2,34,-32
115000180,0,26,-26
115000181,298,20,278
115000182,459,45,414
115000183,9,17,-8
115000186,227,10,217
115000187,48,14,34
115000188,361,92,269
115000189,60,5,55
115000190,253,73,180
115000191,1,12,-11
115000194,0,0,0
115000195,49,27,22
115000196,83,19,64
115000197,54,50,4
115000198,272,11,261
115000199,108,46,62
115000200,91,7,84
115000201,21,37,-16
115000206,291,1,290
115000207,0,0,0
115000208,32,20,12
115000209,344,90,254
115000210,64,24,40
115000211,52,11,41
115000212,151,21,130
115000224,16,7,9
115000225,29,7,22
115000229,17,14,3
115000230,15,14,1
115000231,167,109,58
115000232,1015,105,910
115000233,5,34,-29
115000234,1,4,-3
115000241,11,23,-12
115000242,78,5,73
115000243,5,13,-8
115000244,21,17,4
115000246,1,1,0
115000247,0,0,0
115000248,1,0,1
115000249,0,1,-1
115000250,99,3,96
115000251,70,7,63
115000252,7,22,-15
115000253,1,67,-66
115000258,123,4,119
115000259,20,2,18
115000261,27,1,26
115000262,1,7,-6
115000263,1,39,-38
115000264,0,16,-16
115000267,0,8,-8
115000268,0,0,0
115000269,31,3,28
115000270,11,33,-22
115000272,6,1,5
115000273,100,4,96
115000280,71,439,-368
115000281,0,0,0
115000282,79,373,-294
115000284,11,38,-27
115000296,121,0,121
115000297,5,326,-321
115000298,0,0,0
115000300,81,6,75
115000302,211,43,168
115000303,306,8,298
115000304,265,31,234
115000305,8,34,-26
115000306,16,1,15
115000307,26,14,12
115000308,1,0,1
115000309,0,22,-22
115000310,334,106,228
115000311,671,319,352
115000313,2,24,-22
115000314,85,48,37
115000315,7,51,-44
115000316,10,18,-8
115000317,32,34,-2
115000318,483,41,442
115000319,1,17,-16
115000320,0,25,-25
115000321,70,4,66
115000322,0,10,-10
115000449,4,26,-22
115000557,0,0,0
115000558,96,20,76
115000587,204,108,96
115000588,93,102,-9
115000589,1441,1017,424
115000590,27,35,-8
115000591,353,292,61
115000592,12,42,-30
115000593,629,385,244
115000594,12,65,-53
115000609,85,92,-7
115000617,15,404,-389
115000624,52,0,52
115000633,197,168,29
115000634,1383,204,1179
115000635,277,34,243
115000638,4,41,-37
115000641,4,13,-9
115000642,111,2,109
115000643,0,0,0
115000644,2,1,1
115000646,160,253,-93
115000647,35,34,1
115000648,824,52,772
115000893,747,407,340
115000894,0,6,-6
115000895,0,0,0
115000896,333,190,143
115000897,84,20,64
115000898,85,85,0
115000899,6,35,-29
115000900,1,106,-105
115000901,0,0,0
115000912,114,62,52
115000913,0,4,-4
115000915,7,0,7
115000916,0,0,0
115000917,0,10,-10
115000918,2,163,-161
115000919,0,5,-5
115000920,0,0,0
115000921,0,0,0
115000922,122,256,-134
115000923,0,29,-29
115000925,20,6,14
115000927,3,1,2
115000933,1,14,-13
115000934,8,28,-20
115000935,27,1,26
115000936,5,227,-222
115000937,68,67,1
115000938,24,30,-6
115000939,10,30,-20
115000940,1,16,-15
115000941,0,23,-23
115000942,2,76,-74
115000943,0,0,0
115000944,0,0,0
115900001,84,0,84
115900002,7,0,7
115900003,32,5,27
115900004,0,0,0
115900005,30,0,30
115900006,0,7,-7
115900008,3,0,3
115900009,2,3,-1
115900010,156,18,138
115900011,33,7,26
115900012,19,0,19
115900013,114,10,104
115900014,5,0,5
115900015,18,2,16
115900016,26,3,23
115900017,1,4,-3
115900018,29,1,28
115900019,0,1,-1
115900020,55,20,35
115900021,20,1,19
115900022,52,0,52
115900023,1,0,1
115900025,0,11,-11
115900026,113,4,109
115900027,0,0,0
115900028,14,7,7
115900029,0,21,-21
115900030,0,2,-2
115900031,2,31,-29
115900032,41,42,-1
115900033,0,0,0
115900034,0,22,-22
115900035,0,0,0
115900036,0,97,-97
115900037,0,4,-4
115900038,2,0,2
115900039,37,5,32
115900041,10,63,-53
115900042,2,0,2
115900043,3,0,3
115900044,28,60,-32
115900046,169,5,164
115900047,1,28,-27
115900049,23,18,5
115900051,0,0,0
115900052,0,0,0
115900053,78,12,66
115900054,113,1,112
115900055,0,0,0
115900056,10,2,8
115900057,0,4,-4
115900058,0,0,0
115900060,0,3,-3
115900061,49,0,49
115900062,5,6,-1
115900063,0,0,0
115900064,1,20,-19
115900065,20,4,16
115900066,1,2,-1
115900067,0,8,-8
115900068,0,0,0
115900069,2,6,-4
115900070,37,1,36
115900071,0,0,0
115900072,4,8,-4
115900073,25,16,9
115900074,0,0,0
115900075,3,3,0
115900076,0,2,-2
115900077,0,0,0
115900078,1,2,-1
115900079,174,0,174
115900080,15,0,15
115900081,13,20,-7
115900082,4,20,-16
115900084,68,0,68
115900085,1,0,1
115900086,199,22,177
115900088,0,0,0
115900089,244,0,244
115900090,67,0,67
115900091,0,0,0
115900092,0,0,0
115900093,0,0,0
115900094,0,0,0
115900096,0,0,0
115900097,0,0,0
115900098,1,0,1
115900099,1,0,1
115900100,0,17,-17
115900101,0,0,0
115900102,4,0,4
115900103,8,0,8
115900104,40,0,40
115900105,49,11,38
115900106,0,0,0
115900107,58,7,51
115900108,0,0,0
115900109,0,112,-112
115900110,0,0,0
115900111,0,0,0
115900112,0,125,-125
115900113,0,0,0
115900114,0,0,0
115900115,0,0,0
115900116,7,86,-79
115900117,0,0,0
115900118,0,0,0
115900119,0,0,0
115900120,2,5,-3
115900121,15,5,10
115900124,27,162,-135
115900125,61,4,57
115900126,129,5,124
115900127,228,0,228
115900128,0,2,-2
115900129,51,0,51
115900130,0,9,-9
115900131,84,1,83
115900132,213,2,211
115900134,107,2,105
115900135,46,53,-7
115900137,10,0,10
115900139,0,0,0
115900140,76,0,76
115900141,0,0,0
115900142,0,0,0
115900143,0,0,0
115900144,0,0,0
115900146,21,5,16
115900147,40,87,-47
115900148,8,0,8
115900149,6,0,6
115900150,13,0,13
115900151,1,3,-2
115900152,16,13,3
115900153,23,6,17
115900154,3,51,-48
115900155,0,0,0
115900156,41,48,-7
115900157,56,35,21
115900158,0,0,0
115900159,32,7,25
115900160,0,0,0
115900161,1,7,-6
115900163,54,0,54
115900164,182,1,181
115900166,9,1,8
115900168,0,0,0
115900171,21,21,0
115900172,2,4,-2
115900173,47,35,12
115900174,5,15,-10
115900175,45,4,41
115900178,0,15,-15
115900179,22,0,22
115900180,1,6,-5
115900181,78,14,64
115900182,142,8,134
115900183,0,0,0
115900184,48,1,47
115900187,1,12,-11
115900189,0,7,-7
115900190,2,52,-50
115900191,0,22,-22
115900192,2,22,-20
115900193,22,10,12
115900194,170,0,170
115900195,4,438,-434
115900198,24,33,-9
115900199,8,12,-4
115900200,44,1,43
115900201,69,18,51
115900202,0,25,-25
115900203,12,1,11
115900204,0,0,0
115900205,0,1,-1
115900206,0,0,0
115900207,0,0,0
115900208,13,9,4
115900209,5,7,-2
115900210,0,11,-11
115900211,0,10,-10
115900212,0,0,0
115900213,2,39,-37
115900214,142,22,120
115900215,0,30,-30
115900216,0,0,0
115900217,0,0,0
115900218,0,0,0
115900219,17,0,17
115900220,56,0,56
115900221,46,0,46
115900222,49,14,35
115900223,0,108,-108
115900224,46,283,-237
115900225,13,9,4
115900226,0,4,-4
115900227,1,0,1
115900228,0,0,0
115900229,0,9,-9
115900230,1,33,-32
115900231,0,0,0
115900232,0,0,0
115900233,0,0,0
115900234,0,0,0
115900235,0,0,0
115900236,0,0,0
115900237,0,0,0
115900238,0,0,0
115900239,0,0,0
115900240,0,0,0
115900241,0,0,0
115900242,15,78,-63
115900243,1,0,1
115900244,4,0,4
115900245,28,0,28
115900246,1,0,1
115900247,0,0,0
115900248,0,0,0
115900249,0,0,0
115900250,2,4,-2
115900251,1,0,1
115900252,1,0,1
115900253,3,2,1
115900254,1,3,-2
115900255,0,3,-3
115900256,2,0,2
115900257,0,0,0
115900258,0,0,0
115900259,0,0,0
115900260,0,0,0
115900261,0,0,0
115900262,0,0,0
115900263,0,0,0
115900264,0,0,0
115900265,0,0,0
115900266,0,0,0
115900267,0,0,0
115900268,0,0,0
115900269,0,0,0
115900270,23,9,14
115900271,32,0,32
115900272,3,0,3
115900273,0,3,-3
115900274,0,0,0
115900275,0,0,0
115900276,0,0,0
115900277,0,1,-1
115900278,0,0,0
115900279,0,0,0
115900280,15,1,14
115900281,0,0,0
115900282,0,5,-5
115900283,9,9,0
115900284,0,0,0
116000001,894,576,318
116000002,2886,9345,-6459
116000003,222,274,-52
116000004,966,3282,-2316
116000005,81,520,-439
116000006,286,731,-445
116000007,610,908,-298
116000008,1243,662,581
116000009,187,998,-811
116000010,976,649,327
116000011,383,686,-303
116000012,902,312,590
116000013,1046,1231,-185
116000014,1687,7274,-5587
116000015,44,208,-164
116000016,593,3067,-2474
116000017,11,267,-256
116000018,88,59,29
116000019,363,72,291
116000020,256,86,170
116000021,227,109,118
116000022,148,100,48
116000023,234,247,-13
116000024,213,54,159
116000025,191,231,-40
116000026,440,238,202
116000027,310,374,-64
116000028,593,1781,-1188
116000029,188,178,10
116000030,344,920,-576
116000031,0,0,0
116000032,156,3,153
116000033,571,235,336
116000034,1573,886,687
116000035,252,155,97
116000036,54,77,-23
116000037,69,199,-130
116000038,101,305,-204
116000039,58,37,21
116000040,165,293,-128
116000041,18,72,-54
116000042,651,398,253
116000043,96,127,-31
116000044,3,12,-9
116000045,2595,2146,449
116000046,478,433,45
116000047,556,875,-319
116000048,3818,1253,2565
116000049,1979,1109,870
116000050,681,337,344
116000051,3173,1119,2054
116000052,1030,516,514
116000053,2885,578,2307
116000054,395,448,-53
116000055,340,192,148
116000056,1557,1463,94
116000057,552,128,424
116000058,418,612,-194
116000059,895,4885,-3990
116000060,171,321,-150
116000061,87,661,-574
116000062,92,87,5
116000063,213,826,-613
116000066,60,793,-733
116000067,12,36,-24
116000068,65,187,-122
116000069,50,27,23
116000078,248,558,-310
116000080,490,120,370
116000082,0,32,-32
116000083,589,102,487
116000084,358,771,-413
116000085,499,240,259
116000086,177,260,-83
116000087,854,575,279
116000088,198,123,75
116000089,21,7,14
116000090,33,32,1
116000091,10,39,-29
116000093,185,83,102
116000094,169,71,98
116000095,339,39,300
116000096,378,518,-140
116000097,184,52,132
116000098,26,2341,-2315
116000099,631,55,576
116000100,80,3,77
116000101,213,11,202
116000102,56,159,-103
116000103,204,50,154
116000104,131,82,49
116000105,667,23,644
116000106,267,44,223
116000107,957,15,942
116000108,0,24,-24
116000111,44,22,22
116000113,45,1,44
116000114,2,29,-27
116000115,420,181,239
116000116,35,69,-34
116000117,945,422,523
116000118,433,120,313
116000119,1689,551,1138
116000120,502,206,296
116000121,388,195,193
116000122,74,37,37
116000123,1040,95,945
116000124,57,78,-21
116000125,1358,90,1268
116000126,54,43,11
116000127,129,31,98
116000128,1025,143,882
116000129,310,25,285
116000130,184,107,77
116000133,287,27,260
116000134,486,176,310
116000135,1192,332,860
116000136,480,494,-14
116000137,420,192,228
116000138,193,150,43
116000139,1286,2167,-881
116000140,71,168,-97
116000141,80,52,28
116000142,1216,1559,-343
116000143,1066,1059,7
116000144,1042,811,231
116000145,2073,549,1524
116000146,176,7,169
116000147,100,138,-38
116000148,143,272,-129
116000149,159,99,60
116000151,298,254,44
116000153,141,675,-534
116000155,201,423,-222
116000156,96,77,19
116000157,71,1,70
116000158,216,32,184
116000159,14,0,14
116000160,0,8,-8
116000161,2,75,-73
116000162,7,87,-80
116000163,10,7,3
116000164,2,0,2
116000177,19,11,8
116000194,32,37,-5
116000195,521,91,430
116000196,0,0,0
116000197,0,0,0
116000198,1443,938,505
116000200,67,392,-325
116000201,196,97,99
116000202,7,24,-17
116000203,0,18,-18
116000204,0,3,-3
116000205,0,8,-8
116000206,0,3,-3
116000207,6,2,4
116000233,0,0,0
116000287,15,38,-23
116000288,132,67,65
116000292,0,0,0
116000296,1,24,-23
116000297,21,0,21
116000304,37,4,33
116000305,14,14,0
116000346,0,0,0
116000352,0,0,0
116000354,0,0,0
116000357,0,0,0
116000358,5,0,5
116000361,5,0,5
116000372,2105,3494,-1389
116000381,42,6,36
116000388,0,3,-3
116000389,54,5,49
116000445,55,26,29
116000446,486,41,445
116000447,2,32,-30
116000448,199,54,145
116000563,252,1513,-1261
116000565,11,61,-50
116000568,15,72,-57
116000579,1,18,-17
116000583,0,2,-2
116000584,8,0,8
116000585,24,25,-1
116000586,4,27,-23
116000587,447,124,323
116000589,36,4,32
116000590,50,2,48
116000591,200,31,169
116000592,91,27,64
116000593,0,0,0
116000594,127,48,79
116000595,129,24,105
116000596,118,0,118
116000597,200,80,120
116000598,30,29,1
116000605,16,21,-5
116000606,29,109,-80
116000607,0,0,0
116000609,11,227,-216
116000611,17,18,-1
116000612,1300,1633,-333
116000613,456,138,318
116000614,46,35,11
116000615,0,0,0
116000616,39,7,32
116000617,93,0,93
116000618,6,3,3
116000619,1,28,-27
116000620,156,49,107
116000621,57,65,-8
116000622,156,63,93
116000624,40,18,22
116000627,83,27,56
116000628,44,35,9
116000629,6,23,-17
116000630,400,3,397
116000631,143,3,140
116000632,258,1,257
116000633,15,25,-10
116000634,72,5,67
116000635,1778,1741,37
116000636,197,716,-519
116000637,49,0,49
116000638,2,42,-40
116000640,26,6,20
116000641,0,0,0
116000644,0,0,0
116900001,26,0,26
116900002,41,0,41
116900003,0,0,0
116900004,74,43,31
116900005,46,2,44
116900006,23,22,1
116900007,6,3,3
116900008,63,14,49
116900009,2,1,1
116900010,0,44,-44
116900011,0,1,-1
116900012,18,16,2
116900013,0,25,-25
116900014,0,0,0
116900015,158,1,157
116900016,80,0,80
116900017,0,65,-65
116900018,0,0,0
116900019,0,0,0
116900020,25,87,-62
116900023,0,0,0
116900024,166,5,161
116900025,310,36,274
116900026,0,60,-60
116900027,0,0,0
116900028,0,0,0
116900029,1,9,-8
116900031,0,0,0
116900032,0,5,-5
116900033,0,0,0
116900034,0,0,0
116900035,5,2,3
116900036,0,6,-6
116900038,0,0,0
116900041,2,0,2
116900042,0,0,0
116900043,18,16,2
116900047,2,12,-10
116900049,0,0,0
116900050,37,23,14
116900051,40,1,39
116900052,11,12,-1
116900055,0,2,-2
116900057,0,0,0
116900058,1,8,-7
116900059,0,1,-1
116900060,19,67,-48
116900062,0,3,-3
116900064,0,0,0
116900065,0,1,-1
116900067,2,0,2
116900068,88,30,58
116900070,2,0,2
116900072,0,0,0
116900073,0,0,0
116900074,1,1,0
116900076,2,3,-1
116900077,1,6,-5
116900078,0,0,0
116900079,2,25,-23
116900080,0,0,0
116900081,12,24,-12
116900082,14,70,-56
116900083,5,3,2
116900084,6,0,6
116900085,0,1,-1
116900086,1,56,-55
116900088,4,0,4
116900090,0,3,-3
116900091,15,0,15
116900092,6,10,-4
116900093,45,80,-35
116900094,479,793,-314
116900095,11,0,11
116900096,41,1,40
116900097,173,541,-368
116900098,59,3,56
116900099,1,49,-48
116900100,321,6,315
116900101,31,5,26
116900103,8,0,8
116900104,5,96,-91
116900105,80,22,58
116900106,868,8,860
116900107,487,685,-198
116900110,0,0,0
116900111,363,64,299
116900112,107,60,47
116900113,108,676,-568
116900116,0,0,0
116900117,0,19,-19
116900118,69,30,39
116900120,72,5,67
116900121,61,12,49
116900122,276,47,229
116900123,63,44,19
116900124,8,12,-4
116900125,39,1,38
116900126,6,157,-151
116900128,0,0,0
116900129,0,0,0
116900130,2,373,-371
116900131,0,0,0
116900132,0,0,0
116900133,0,0,0
116900134,0,0,0
116900136,0,0,0
116900137,0,0,0
116900138,0,0,0
116900139,0,0,0
116900140,0,0,0
116900141,0,0,0
116900142,1,0,1
116900143,0,0,0
116900144,0,0,0
116900145,0,0,0
116900147,0,0,0
116900148,0,0,0
116900149,0,12,-12
116900150,0,0,0
116900151,0,0,0
116900153,2,0,2
116900154,8,5,3
116900155,0,0,0
116900157,85,1,84
116900158,5,0,5
116900159,1,18,-17
116900160,184,175,9
116900161,353,24,329
116900162,0,1,-1
116900163,48,7,41
116900164,4,0,4
116900165,148,36,112
116900166,21,0,21
116900167,49,5,44
116900168,102,3,99
116900169,6,23,-17
116900170,245,120,125
116900171,1,1,0
116900172,1,28,-27
116900173,31,2,29
116900174,3,5,-2
116900175,3,8,-5
116900178,0,0,0
116900179,2,35,-33
116900180,3,0,3
116900182,78,8,70
116900183,97,20,77
116900185,12,5,7
116900186,1,1,0
116900187,14,2,12
116900188,17,0,17
116900189,0,0,0
116900191,8,4,4
116900192,123,8,115
116900194,7,219,-212
116900195,3,1,2
116900196,1,4,-3
116900197,17,2,15
116900198,0,24,-24
116900200,0,0,0
116900201,9,0,9
116900202,0,1,-1
116900203,13,2,11
116900204,1,14,-13
116900206,0,0,0
116900207,0,1,-1
116900208,0,2,-2
116900209,6,0,6
116900210,16,4,12
116900211,20,0,20
116900212,0,0,0
116900213,53,2,51
116900214,0,0,0
116900215,2,1,1
116900216,1,0,1
116900218,0,0,0
116900219,158,6,152
116900220,6,8,-2
116900221,0,0,0
116900222,232,99,133
116900223,17,18,-1
116900226,46,2,44
116900227,43,0,43
116900228,78,0,78
116900230,0,18,-18
116900231,3,15,-12
116900232,0,5,-5
116900233,131,0,131
116900234,6,1,5
116900235,1,0,1
116900238,84,1,83
116900239,3,79,-76
116900240,1043,138,905
116900241,0,1,-1
116900242,142,187,-45
116900243,0,0,0
116900245,19,17,2
116900246,4,1,3
116900247,137,6,131
116900248,12,2,10
116900249,109,0,109
116900250,66,5,61
116900251,14,62,-48
116900252,50,12,38
116900254,1,6,-5
116900255,0,0,0
116900256,0,0,0
116900257,0,0,0
116900258,0,0,0
116900259,5,0,5
116900260,0,0,0
116900261,11,7,4
116900262,32,0,32
116900263,0,0,0
116900264,1,0,1
116900265,0,0,0
116900266,0,0,0
116900267,0,1,-1
116900268,0,0,0
116900269,293,138,155
116900271,0,0,0
116900272,80,21,59
116900273,0,2,-2
116900274,62,0,62
116900275,4,0,4
116900276,159,94,65
116900277,16,0,16
116900278,0,0,0
116900279,0,0,0
116900280,0,0,0
116900281,417,917,-500
116900282,1,1,0
116900283,0,1,-1
116900284,0,5,-5
116900285,5,12,-7
116900286,7,1,6
116900287,0,5,-5
116900288,19,4,15
116900289,3,0,3
116900290,0,0,0
116900291,0,0,0
116900292,0,0,0
116900293,0,0,0
116900294,0,0,0
116900295,0,0,0
116900296,0,0,0
116900297,0,0,0
116900298,0,0,0
116900299,0,0,0
116900300,0,0,0
116900301,0,0,0
116900302,0,0,0
116900303,27,0,27
116900304,0,0,0
116900305,0,0,0
116900306,221,15,206
116900307,0,0,0
116900308,0,1,-1
116900309,0,0,0
117000001,2601,1695,906
117000002,1450,803,647
117000003,3690,1571,2119
117000004,1437,1150,287
117000005,2722,923,1799
117000006,556,666,-110
117000007,3247,601,2646
117000008,275,796,-521
117000009,1878,567,1311
117000010,535,695,-160
117000011,1454,375,1079
117000012,748,241,507
117000013,1467,261,1206
117000014,502,1018,-516
117000015,658,963,-305
117000016,58,108,-50
117000017,106,121,-15
117000018,6,381,-375
117000019,6,66,-60
117000020,189,882,-693
117000021,1001,446,555
117000022,136,225,-89
117000023,81,470,-389
117000024,33,132,-99
117000025,8,238,-230
117000026,1200,1347,-147
117000027,166,202,-36
117000028,255,224,31
117000030,202,224,-22
117000031,576,145,431
117000032,745,709,36
117000033,513,290,223
117000034,476,167,309
117000035,356,123,233
117000036,192,166,26
117000037,268,132,136
117000038,257,290,-33
117000039,247,143,104
117000040,5,116,-111
117000041,684,5,679
117000044,1,75,-74
117000045,250,89,161
117000046,179,211,-32
117000047,563,288,275
117000048,207,117,90
117000049,12,197,-185
117000050,80,242,-162
117000051,1477,16,1461
117000052,27,118,-91
117000053,317,0,317
117000054,1304,6,1298
117000055,2,236,-234
117000056,394,40,354
117000057,90,161,-71
117000060,166,60,106
117000061,1669,613,1056
117000062,50,59,-9
117000063,1502,380,1122
117000064,740,148,592
117000066,31,90,-59
117000067,173,376,-203
117000074,1,66,-65
117000076,8,5,3
117000077,36,14,22
117000078,160,43,117
117000079,33,18,15
117000080,0,0,0
117000081,194,38,156
117000082,2,9,-7
117000083,43,0,43
117000084,26,0,26
117000085,165,96,69
117000086,184,77,107
117000087,0,149,-149
117000088,250,78,172
117000089,1567,124,1443
117000090,65,196,-131
117000091,867,26,841
117000092,84,180,-96
117000093,1612,86,1526
117000094,164,203,-39
117000095,3041,85,2956
117000096,174,247,-73
117000097,2010,251,1759
117000098,367,395,-28
117000099,3382,344,3038
117000100,49,53,-4
117000101,45,91,-46
117000102,1804,197,1607
117000103,91,153,-62
117000104,1341,182,1159
117000105,93,153,-60
117000106,1714,152,1562
117000107,147,164,-17
117000108,1576,835,741
117000109,449,206,243
117000110,1890,1612,278
117000111,2065,2002,63
117000112,1420,753,667
117000113,39,34,5
117000114,99,64,35
117000115,13,20,-7
117000116,51,19,32
117000117,225,143,82
117000118,88,58,30
117000119,19,167,-148
117000120,3,154,-151
117000121,1,263,-262
117000122,14,381,-367
117000123,189,107,82
117000124,6,18,-12
117000125,7,40,-33
117000126,9,8,1
117000127,14,16,-2
117000128,15,3,12
117000129,202,772,-570
117000130,30,0,30
117000131,0,0,0
117000132,2058,107,1951
117000133,1736,5,1731
117000134,0,0,0
117000135,0,0,0
117000136,0,0,0
117000137,177,90,87
117000138,0,0,0
117000140,62,111,-49
117000141,1750,255,1495
117000181,12,12,0
117000182,329,434,-105
117000195,0,51,-51
117000196,141,143,-2
117000225,7,12,-5
117000226,0,14,-14
117000276,215,11,204
117000277,0,28,-28
117000310,202,1498,-1296
117000315,6,209,-203
117000320,37,0,37
117000906,295,33,262
117000907,0,38,-38
117000909,42,121,-79
117000910,211,46,165
117000911,22,51,-29
117000915,11,77,-66
117000916,0,0,0
117000917,923,20,903
117000918,101,169,-68
117000919,0,6,-6
117000920,0,137,-137
117000921,0,26,-26
117000922,12,7,5
117000924,166,349,-183
117000926,172,57,115
117000927,180,399,-219
117000928,0,0,0
117000929,52,37,15
117000930,9,2,7
117000931,64,82,-18
117900002,38,429,-391
117900003,0,0,0
117900005,0,9,-9
117900006,0,0,0
117900007,81,21,60
117900008,0,1,-1
117900010,63,38,25
117900011,1,41,-40
117900012,5,11,-6
117900013,0,9,-9
117900014,166,29,137
117900015,0,30,-30
117900016,111,350,-239
117900017,295,29,266
117900018,84,16,68
117900019,265,19,246
117900020,5,45,-40
117900021,10,3,7
117900023,60,0,60
117900024,23,2,21
117900025,1,0,1
117900026,155,26,129
117900028,7,1,6
117900029,104,32,72
117900030,49,156,-107
117900031,26,27,-1
117900032,272,83,189
117900033,260,32,228
117900034,0,0,0
117900035,68,12,56
117900036,163,31,132
117900037,59,5,54
117900038,0,0,0
117900039,0,0,0
117900040,0,0,0
117900041,0,0,0
117900042,241,66,175
117900043,0,0,0
117900044,1,1193,-1192
117900045,76,37,39
117900048,188,14,174
117900049,51,35,16
117900050,0,91,-91
117900051,7,0,7
117900052,0,0,0
117900053,425,32,393
117900054,0,15,-15
117900055,83,62,21
117900056,4,15,-11
117900057,148,219,-71
117900058,1,0,1
117900059,0,0,0
117900060,785,415,370
117900061,2,116,-114
117900063,97,19,78
117900065,77,94,-17
117900066,1,31,-30
117900067,378,34,344
117900069,285,16,269
117900070,15,36,-21
117900071,150,57,93
117900073,314,13,301
117900074,5,63,-58
117900075,54,12,42
117900076,0,1,-1
117900077,79,0,79
117900078,136,185,-49
117900080,87,38,49
117900081,58,27,31
117900082,204,103,101
117900083,265,35,230
117900086,109,10,99
117900087,8,13,-5
117900088,210,65,145
117900089,696,65,631
117900090,222,44,178
117900091,174,16,158
117900092,19,17,2
117900093,50,1,49
117900094,61,10,51
117900095,92,73,19
117900096,113,47,66
117900097,2,2,0
117900098,29,0,29
117900099,60,336,-276
117900100,168,0,168
117900101,309,659,-350
117900102,18,15,3
117900103,19,0,19
117900104,1,56,-55
117900105,54,9,45
117900106,19,16,3
117900107,45,0,45
117900109,388,276,112
117900110,70,0,70
117900111,354,12,342
117900112,22,0,22
117900113,190,53,137
117900114,32,1,31
117900115,19,18,1
117900116,227,124,103
117900117,126,48,78
117900118,63,0,63
117900119,133,0,133
117900120,247,2,245
117900121,69,0,69
117900122,104,964,-860
117900123,245,62,183
117900124,91,85,6
117900125,292,187,105
117900126,51,41,10
117900127,139,22,117
117900128,163,46,117
117900129,80,1,79
117900130,196,0,196
117900131,0,0,0
117900132,0,0,0
117900133,0,0,0
117900134,0,0,0
117900135,0,0,0
117900136,0,0,0
117900137,0,0,0
117900138,0,0,0
117900139,9,0,9
117900140,1062,191,871
117900141,9,54,-45
117900142,4,51,-47
117900144,1,36,-35
117900145,0,28,-28
117900146,6,71,-65
117900147,35,8,27
117900148,197,650,-453
117900149,16,6,10
117900150,6,14,-8
117900151,40,5,35
117900152,0,0,0
117900153,2,85,-83
117900154,193,98,95
117900156,125,28,97
117900157,54,38,16
117900158,65,0,65
117900160,220,110,110
117900161,133,38,95
117900162,300,98,202
117900163,12,33,-21
117900165,0,2,-2
117900166,0,23,-23
117900168,137,1,136
117900169,0,4,-4
117900170,0,3,-3
117900171,0,0,0
117900172,1,0,1
117900173,7,3,4
117900174,1,8,-7
117900175,0,1,-1
117900176,3,17,-14
117900177,1,0,1
117900178,6,0,6
117900180,19,1,18
117900181,0,336,-336
117900182,0,45,-45
117900183,22,81,-59
117900184,30,7,23
117900185,61,0,61
117900186,77,2,75
117900187,30,1,29
117900188,34,8,26
117900189,15,12,3
117900190,3,0,3
117900191,10,0,10
117900192,24,0,24
117900193,88,23,65
117900194,4,0,4
117900195,15,4,11
117900196,16,1,15
117900207,23,21,2
117900208,5,4,1
117900209,64,4,60
117900210,0,0,0
117900211,0,0,0
117900212,136,41,95
117900213,45,0,45
117900214,0,1,-1
117900215,0,0,0
117900216,0,0,0
117900217,0,0,0
117900218,0,0,0
117900219,0,0,0
117900220,0,47,-47
117900222,9,17,-8
117900223,31,148,-117
118000001,212,896,-684
118000002,92,390,-298
118000003,1555,2866,-1311
118000004,512,507,5
118000005,1065,1896,-831
118000006,1252,1624,-372
118000007,2735,4943,-2208
118000008,2323,2150,173
118000009,563,1144,-581
118000010,921,1189,-268
118000011,464,205,259
118000012,301,168,133
118000013,302,320,-18
118000014,408,376,32
118000016,103,25,78
118000017,637,673,-36
118000018,109,39,70
118000019,432,746,-314
118000020,108,677,-569
118000021,108,894,-786
118000022,574,377,197
118000023,285,226,59
118000024,390,452,-62
118000027,2987,4187,-1200
118000029,158,672,-514
118000032,215,1070,-855
118000033,1441,1933,-492
118000034,987,1237,-250
118000035,295,727,-432
118000036,125,438,-313
118000037,166,398,-232
118000038,86,226,-140
118000039,56,34,22
118000040,480,463,17
118000041,257,362,-105
118000045,72,234,-162
118000046,48,996,-948
118000047,36,349,-313
118000048,483,1438,-955
118000051,411,940,-529
118000052,295,897,-602
118000053,244,590,-346
118000054,585,572,13
118000055,280,592,-312
118000056,17,171,-154
118000057,52,138,-86
118000058,387,389,-2
118000059,205,969,-764
118000060,259,205,54
118000061,268,254,14
118000062,78,22,56
118000063,49,548,-499
118000064,211,809,-598
118000065,798,239,559
118000066,282,1540,-1258
118000067,109,697,-588
118000068,220,2130,-1910
118000069,294,556,-262
118000070,504,1150,-646
118000071,360,1970,-1610
118000072,396,2778,-2382
118000073,142,1001,-859
118000074,66,407,-341
118000075,190,340,-150
118000076,2800,5158,-2358
118000077,628,638,-10
118000078,889,1147,-258
118000079,48,167,-119
118000080,99,241,-142
118000081,835,698,137
118000082,97,772,-675
118000083,251,880,-629
118000084,284,223,61
118000086,15,92,-77
118000087,1157,1307,-150
118000088,278,980,-702
118000089,753,818,-65
118000090,106,1183,-1077
118000091,178,1269,-1091
118000092,225,79,146
118000093,30,602,-572
118000096,78,280,-202
118000097,136,157,-21
118000098,63,212,-149
118000099,0,0,0
118000101,629,157,472
118000102,386,204,182
118000107,32,7,25
118000108,39,368,-329
118000110,0,0,0
118000111,0,0,0
118000112,224,0,224
118000113,0,0,0
118000114,239,1,238
118000115,0,15,-15
118000116,18,2,16
118000117,224,251,-27
118000118,492,519,-27
118000119,495,601,-106
118000120,369,236,133
118000121,13,109,-96
118000122,58,53,5
118000123,51,180,-129
118000125,17,195,-178
118000126,139,409,-270
118000127,413,523,-110
118000128,26,440,-414
118000129,185,279,-94
118000130,391,898,-507
118000131,88,173,-85
118000132,1666,1418,248
118000133,427,208,219
118000135,141,292,-151
118000136,10,203,-193
118000137,84,68,16
118000138,20,71,-51
118000139,89,6,83
118000140,934,4285,-3351
118000141,2273,1320,953
118000142,755,756,-1
118000143,2402,1507,895
118000144,419,171,248
118000145,636,192,444
118000146,851,89,762
118000147,705,225,480
118000148,131,574,-443
118000149,354,133,221
118000150,685,197,488
118000151,386,53,333
118000153,1791,1006,785
118000154,904,578,326
118000155,2098,1161,937
118000156,583,931,-348
118000157,262,114,148
118000158,69,156,-87
118000159,40,68,-28
118000160,502,142,360
118000161,166,118,48
118000162,390,273,117
118000163,506,640,-134
118000164,940,772,168
118000168,77,0,77
118000169,186,375,-189
118000170,930,1034,-104
118000171,90,108,-18
118000172,41,79,-38
118000173,480,308,172
118000175,133,216,-83
118000176,379,362,17
118000177,310,462,-152
118000178,1,20,-19
118000179,575,664,-89
118000180,490,319,171
118000181,158,39,119
118000182,93,118,-25
118000183,121,72,49
118000184,847,285,562
118000185,143,495,-352
118000186,102,461,-359
118000187,863,173,690
118000188,76,0,76
118000189,27,4,23
118000190,3,0,3
118000191,1,7,-6
118000192,3,82,-79
118000193,3,180,-177
118000194,545,1086,-541
118000195,108,708,-600
118000196,6,68,-62
118000197,53,339,-286
118000198,318,760,-442
118000199,421,640,-219
118000200,0,0,0
118000201,58,271,-213
118000202,0,0,0
118000203,31,118,-87
118000204,3,36,-33
118000205,48,36,12
118000206,341,84,257
118000207,0,60,-60
118000208,618,725,-107
118000209,1081,184,897
118000210,71,19,52
118000211,54,25,29
118000213,99,821,-722
118000214,113,39,74
118000215,123,8,115
118000216,510,21,489
118000217,1,24,-23
118000218,39,4,35
118000219,82,55,27
118000220,11,30,-19
118000221,12,265,-253
118000222,18,3,15
118000223,57,5,52
118000224,36,9,27
118000225,0,0,0
118000226,153,3,150
118000227,52,140,-88
118000228,0,0,0
118000229,0,0,0
118000230,0,0,0
118000231,0,0,0
118000232,0,0,0
118000233,421,123,298
118000234,0,0,0
118000236,134,2,132
118000237,0,0,0
118000238,186,1,185
118000239,238,147,91
118000240,44,8,36
118000241,44,3,41
118000242,0,0,0
118000243,0,0,0
118000244,0,20,-20
118000246,0,0,0
118000255,61,210,-149
118000256,49,138,-89
118000259,0,5,-5
118000260,42,0,42
118000261,0,0,0
118000263,16,24,-8
118000266,15,22,-7
118000267,0,0,0
118000268,25,0,25
118000270,0,0,0
118000271,69,71,-2
118000272,24,1,23
118000273,0,0,0
118000274,0,0,0
118000276,60,10,50
118000295,0,0,0
118000298,1,1,0
118000299,0,0,0
118000301,0,0,0
118000302,11,7,4
118000311,142,8,134
118000312,0,0,0
118000313,13,10,3
118000314,6,1,5
118000315,5,13,-8
118000316,23,11,12
118000325,104,1,103
118000326,6,13,-7
118000331,149,0,149
118000332,51,1,50
118000333,51,1,50
118000335,135,1,134
118000336,0,0,0
118000407,107,7,100
118000457,0,0,0
118000465,162,264,-102
118000480,1,3,-2
118000489,3,232,-229
118000490,4,49,-45
118000492,252,62,190
118000510,0,0,0
118000514,31,16,15
118000515,47,134,-87
118000517,125,32,93
118000524,6,47,-41
118000525,3,2,1
118000530,3,33,-30
118000531,142,113,29
118000532,0,0,0
118000533,0,0,0
118000534,0,0,0
118000535,117,24,93
118000536,3,2,1
118000537,0,0,0
118000538,0,13,-13
118000539,25,168,-143
118000540,8,4,4
118000541,6,2,4
118000542,31,37,-6
118000543,29,13,16
118000546,3,2,1
118000553,0,0,0
118000557,0,0,0
118000560,0,0,0
118000562,0,0,0
118000563,617,706,-89
118000576,158,36,122
118000577,47,118,-71
118000578,89,17,72
118000579,71,281,-210
118000583,0,0,0
118000595,98,45,53
118000596,0,0,0
118000597,62,72,-10
118000598,7,0,7
118000599,279,6,273
118000600,0,0,0
118000601,5,0,5
118000602,1,1,0
118000603,0,5,-5
118000605,2,1,1
118900001,0,0,0
118900002,47,1,46
118900003,38,0,38
118900004,4,0,4
118900005,0,0,0
118900006,0,0,0
118900007,0,0,0
118900008,141,0,141
118900009,0,0,0
118900010,0,0,0
118900011,0,0,0
118900012,122,28,94
118900013,0,0,0
118900015,0,0,0
118900016,0,0,0
118900017,0,0,0
118900018,0,0,0
118900019,0,0,0
118900020,0,0,0
118900021,11,3,8
118900022,20,4,16
118900023,0,0,0
118900024,0,0,0
118900025,0,0,0
118900026,16,3,13
118900027,0,0,0
118900028,57,19,38
118900029,0,0,0
118900030,0,0,0
118900031,3,2,1
118900032,0,0,0
118900033,0,0,0
118900034,0,0,0
118900035,14,0,14
118900036,168,50,118
118900037,0,0,0
118900038,92,2,90
118900039,0,0,0
118900040,29,14,15
118900041,0,0,0
118900042,7,0,7
118900045,6,5,1
118900046,0,1,-1
118900047,4,31,-27
118900048,0,0,0
118900049,0,0,0
118900050,0,0,0
118900051,2,15,-13
118900052,0,0,0
118900053,0,0,0
118900054,8,2,6
118900055,0,0,0
118900056,1,6,-5
118900057,80,36,44
118900058,0,0,0
118900059,0,0,0
118900060,41,2,39
118900062,0,0,0
118900064,0,0,0
118900065,0,0,0
118900066,0,0,0
118900067,22,152,-130
118900068,0,0,0
118900069,0,0,0
118900071,0,0,0
118900072,0,0,0
118900073,0,0,0
118900074,0,0,0
118900075,0,0,0
118900076,0,0,0
118900077,0,0,0
118900078,0,0,0
118900079,0,0,0
118900080,0,0,0
118900081,0,0,0
118900082,0,0,0
118900083,0,0,0
118900084,0,0,0
118900085,0,0,0
118900086,0,0,0
118900087,3,0,3
118900088,0,0,0
118900089,0,0,0
118900090,0,0,0
118900091,0,0,0
118900092,0,0,0
118900093,0,0,0
118900096,2,17,-15
118900097,17,42,-25
118900099,6,8,-2
118900100,0,0,0
118900101,0,0,0
118900102,0,0,0
118900103,0,0,0
118900104,46,0,46
118900105,0,0,0
118900107,0,0,0
118900108,0,0,0
118900110,39,0,39
118900111,0,0,0
118900112,0,0,0
118900113,0,0,0
118900114,0,0,0
118900115,1,21,-20
118900116,1,2,-1
118900117,20,18,2
118900118,15,4,11
118900119,7,3,4
118900120,0,5,-5
118900121,0,0,0
118900122,0,0,0
118900123,49,5,44
118900124,0,0,0
118900126,0,0,0
118900129,0,0,0
118900130,0,0,0
118900131,51,6,45
118900132,0,0,0
118900133,0,0,0
118900135,0,0,0
118900136,155,39,116
118900137,0,0,0
118900139,0,0,0
118900140,152,44,108
118900141,0,0,0
118900144,9,15,-6
118900145,0,0,0
118900146,2,35,-33
118900147,0,0,0
118900148,0,0,0
118900150,0,0,0
118900152,0,0,0
118900157,0,0,0
118900158,0,0,0
118900159,0,0,0
118900161,0,0,0
118900163,0,0,0
118900164,0,0,0
118900165,0,0,0
118900166,0,0,0
118900167,0,0,0
118900168,0,0,0
118900169,0,0,0
118900170,0,0,0
118900171,0,0,0
118900174,0,0,0
118900175,74,42,32
118900176,28,31,-3
118900177,0,0,0
118900178,0,0,0
118900179,0,0,0
118900181,35,7,28
118900182,0,0,0
118900183,0,0,0
118900184,0,0,0
118900185,42,0,42
118900186,4,3,1
118900187,39,2,37
118900188,26,4,22
118900189,0,0,0
118900190,0,0,0
118900191,0,0,0
118900192,0,0,0
118900193,0,0,0
118900195,33,0,33
118900196,0,0,0
118900197,0,0,0
118900198,0,0,0
118900199,0,0,0
118900200,0,0,0
118900201,0,0,0
118900202,0,0,0
118900203,0,0,0
118900204,0,0,0
118900205,0,0,0
118900206,0,0,0
119000001,1025,746,279
119000002,1686,786,900
119000003,945,294,651
119000004,553,1125,-572
119000005,955,1445,-490
119000006,955,509,446
119000007,1469,1636,-167
119000008,363,432,-69
119000009,749,2229,-1480
119000010,819,1202,-383
119000011,915,861,54
119000012,599,1043,-444
119000013,2392,1191,1201
119000014,621,1232,-611
119000019,44,25,19
119000020,542,849,-307
119000021,874,1143,-269
119000022,108,347,-239
119000023,40,151,-111
119000024,326,6849,-6523
119000025,1065,391,674
119000026,10,172,-162
119000027,35,207,-172
119000028,1146,253,893
119000029,8,82,-74
119000030,258,523,-265
119000031,317,405,-88
119000032,180,538,-358
119000033,1029,705,324
119000034,448,278,170
119000035,12,87,-75
119000036,1035,155,880
119000037,441,296,145
119000038,50,134,-84
119000039,308,162,146
119000040,117,412,-295
119000041,272,759,-487
119000048,1522,519,1003
119000049,527,240,287
119000050,317,487,-170
119000051,327,186,141
119000052,368,461,-93
119000053,523,403,120
119000054,1145,463,682
119000055,2514,471,2043
119000056,1766,507,1259
119000057,685,423,262
119000058,477,366,111
119000059,640,346,294
119000060,440,106,334
119000061,113,287,-174
119000062,210,169,41
119000063,349,187,162
119000064,139,123,16
119000065,161,243,-82
119000066,551,480,71
119000067,548,330,218
119000068,561,228,333
119000069,451,230,221
119000070,652,174,478
119000071,36,123,-87
119000072,533,335,198
119000073,991,2182,-1191
119000074,1257,371,886
119000075,1167,767,400
119000076,54,229,-175
119000077,182,129,53
119000078,80,31,49
119000079,36,160,-124
119000080,103,31,72
119000081,110,48,62
119000082,87,15,72
119000083,40,37,3
119000084,128,45,83
119000085,104,45,59
119000086,132,35,97
119000087,297,75,222
119000088,101,6,95
119000089,9,50,-41
119000090,49,59,-10
119000091,29,72,-43
119000092,153,103,50
119000093,905,615,290
119000094,1173,1105,68
119000095,766,530,236
119000097,569,386,183
119000098,423,2093,-1670
119000099,1099,286,813
119000100,1649,823,826
119000101,764,547,217
119000102,27,165,-138
119000103,360,203,157
119000104,141,38,103
119000105,171,611,-440
119000106,87,86,1
119000107,525,237,288
119000108,122,124,-2
119000109,5,34,-29
119000110,0,0,0
119000111,0,18,-18
119000112,0,0,0
119000113,112,3,109
119000114,20,98,-78
119000115,66,99,-33
119000116,11,81,-70
119000117,22,36,-14
119000118,2,0,2
119000123,228,605,-377
119000124,259,21,238
119000125,1605,109,1496
119000126,644,191,453
119000127,119,37,82
119000128,0,0,0
119000131,328,43,285
119000132,0,0,0
119000133,3,5,-2
119000134,196,412,-216
119000135,42,6,36
119000136,0,0,0
119000137,26,15,11
119000138,0,0,0
119000139,3,3,0
119000140,0,0,0
119000284,207,428,-221
119000285,278,178,100
119000286,1039,729,310
119000287,497,333,164
119000288,319,145,174
119000289,268,485,-217
119000290,162,239,-77
119000291,0,39,-39
119000293,125,177,-52
119000294,52,55,-3
119000295,118,137,-19
119000296,68,8,60
119000297,0,0,0
119000299,0,0,0
119000302,1071,789,282
119000303,3,30,-27
119000314,285,2440,-2155
119000315,0,2,-2
119000316,0,0,0
119000317,17,10,7
119900001,0,0,0
119900002,56,41,15
119900003,0,0,0
119900004,0,0,0
119900005,0,0,0
119900006,0,0,0
119900007,2,0,2
119900008,0,0,0
119900009,47,41,6
119900010,169,164,5
119900011,0,0,0
119900012,0,0,0
119900013,168,137,31
119900014,63,54,9
119900015,0,0,0
119900016,0,0,0
119900017,4,4,0
119900018,89,207,-118
119900019,0,0,0
119900020,0,0,0
119900021,0,0,0
119900022,15,101,-86
119900023,69,536,-467
119900025,0,0,0
119900026,0,0,0
119900027,0,6,-6
119900028,30,28,2
119900029,0,0,0
119900030,0,0,0
119900031,1,228,-227
119900033,221,58,163
119900034,0,0,0
119900037,0,0,0
119900038,10,11,-1
119900039,1,0,1
119900040,110,1,109
119900041,0,0,0
119900042,0,0,0
119900043,1,2,-1
119900044,3,44,-41
119900046,0,0,0
119900047,0,0,0
119900048,13,0,13
119900049,1,0,1
119900050,1,12,-11
119900051,251,0,251
119900052,0,0,0
119900053,0,0,0
119900054,106,0,106
119900055,1,0,1
119900057,0,0,0
119900058,0,0,0
119900059,6,1,5
119900060,13,2,11
119900061,89,0,89
119900062,0,0,0
119900063,0,0,0
119900065,0,0,0
119900067,0,0,0
119900068,5,0,5
119900069,17,1,16
119900070,113,0,113
119900071,129,4,125
119900073,60,0,60
119900074,0,1,-1
119900075,174,81,93
119900076,0,0,0
119900077,11,0,11
119900078,133,9,124
119900079,34,0,34
119900080,135,46,89
119900081,67,1,66
119900082,936,134,802
119900083,71,60,11
119900084,0,0,0
119900085,0,0,0
119900086,65,24,41
119900087,0,0,0
119900088,0,0,0
119900089,1,30,-29
119900090,0,0,0
119900091,2,7,-5
119900092,1,2,-1
119900093,0,0,0
119900094,2,0,2
119900095,0,0,0
119900096,0,0,0
119900097,15,0,15
119900098,0,0,0
119900099,0,0,0
119900100,69,104,-35
119900101,1,108,-107
119900102,0,0,0
119900103,0,0,0
119900104,0,0,0
119900105,24,20,4
119900106,0,0,0
119900107,1,12,-11
119900108,340,134,206
119900109,0,0,0
119900110,25,4,21
119900111,10,1,9
119900112,0,0,0
119900113,0,4,-4
119900114,38,53,-15
119900115,32,12,20
119900116,1,2,-1
119900117,21,20,1
119900118,37,9,28
119900119,4,2,2
119900120,18,8,10
119900121,2,1,1
119900122,2,1,1
119900123,1,11,-10
119900124,0,11,-11
119900125,0,0,0
119900126,136,29,107
119900127,20,0,20
119900128,0,1,-1
119900129,0,0,0
119900130,0,0,0
119900131,0,1,-1
119900132,2,0,2
119900133,0,0,0
119900134,13,1,12
119900135,0,0,0
119900136,0,0,0
119900138,0,0,0
119900139,0,0,0
119900140,0,3,-3
119900141,0,0,0
119900142,2,0,2
119900143,4,0,4
119900144,0,0,0
119900145,0,0,0
119900146,0,0,0
119900147,0,0,0
119900148,10,0,10
119900149,0,557,-557
119900150,0,0,0
119900151,196,70,126
119900152,0,0,0
119900153,1,4,-3
119900154,1,0,1
119900155,0,0,0
119900156,28,15,13
119900157,0,0,0
119900158,11,9,2
119900159,1,2,-1
119900160,0,0,0
119900161,41,5,36
119900162,85,19,66
119900163,0,0,0
119900164,0,0,0
119900165,0,0,0
119900166,6,9,-3
119900167,0,0,0
119900168,131,16,115
119900169,0,0,0
119900170,0,0,0
119900171,4,3,1
119900172,5,18,-13
119900173,0,0,0
119900174,0,0,0
119900175,230,16,214
119900177,1,0,1
119900178,3,2,1
119900179,29,216,-187
119900180,145,16,129
119900181,0,5,-5
119900182,0,0,0
119900183,4,0,4
119900184,8,3,5
119900185,2,78,-76
119900186,0,0,0
119900187,0,0,0
119900188,69,66,3
119900189,0,0,0
119900190,0,0,0
119900191,5,2,3
119900192,0,1,-1
119900193,80,7,73
119900194,3,1,2
119900195,0,0,0
119900196,0,0,0
119900197,0,0,0
119900198,0,2,-2
119900199,8,0,8
119900200,0,0,0
119900201,0,0,0
119900202,0,3,-3
119900203,0,0,0
119900204,5,6,-1
119900205,205,8,197
119900206,0,0,0
119900208,0,0,0
119900209,49,56,-7
119900210,0,0,0
119900211,0,0,0
119900212,362,2,360
119900213,0,0,0
119900214,0,0,0
119900215,0,0,0
119900216,0,0,0
119900217,0,0,0
119900218,0,0,0
119900219,0,0,0
119900220,0,0,0
119900221,0,0,0
119900222,0,0,0
119900223,0,0,0
119900224,0,0,0
119900225,0,0,0
119900226,10,129,-119
119900227,30,2,28
119900228,0,2,-2
119900229,0,0,0
119900230,18,2,16
119900231,39,14,25
119900232,0,0,0
119900233,3,2,1
119900234,0,0,0
119900235,0,0,0
119900236,0,1,-1
119900237,5,8,-3
119900238,0,0,0
119900240,0,0,0
119900241,0,0,0
119900242,79,8,71
119900244,43,107,-64
119900245,0,0,0
119900246,0,0,0
119900247,0,2,-2
119900248,0,0,0
119900249,0,0,0
119900253,104,97,7
119900254,4,214,-210
119900255,3,4,-1
119900256,141,32,109
119900257,0,0,0
119900258,0,0,0
119900259,0,0,0
119900260,9,1,8
119900261,24,6,18
119900262,0,0,0
119900263,214,11,203
119900264,0,0,0
119900265,0,0,0
119900266,0,0,0
119900267,0,20,-20
119900268,12,2,10
119900269,75,4,71
119900271,0,0,0
119900272,2,1,1
119900275,0,0,0
119900276,0,0,0
119900277,0,0,0
119900278,0,0,0
119900279,0,0,0
119900280,0,1,-1
119900281,0,0,0
119900282,0,0,0
119900283,0,9,-9
119900284,175,75,100
119900285,0,0,0
119900286,0,0,0
119900288,5,6,-1
119900289,0,1,-1
119900290,0,0,0
119900291,0,0,0
119900292,8,12,-4
119900293,1,1,0
119900294,4,2,2
119900295,80,0,80
119900296,93,9,84
119900297,0,7,-7
119900298,2,2,0
119900299,0,0,0
119900300,0,0,0
119900301,0,0,0
119900302,0,0,0
119900303,0,0,0
119900304,0,0,0
119900305,0,0,0
119900306,0,0,0
119900307,0,0,0
119900308,0,0,0
119900309,0,32,-32
119900310,0,0,0
119900311,0,0,0
119900312,5,4,1
119900313,7,0,7
119900314,0,0,0
119900315,3,1,2
119900318,0,0,0
119900319,0,0,0
119900320,102,7,95
119900321,48,23,25
120000001,4240,12277,-8037
120000002,794,492,302
120000003,480,496,-16
120000004,996,780,216
120000005,923,676,247
120000006,360,318,42
120000007,816,543,273
120000008,319,339,-20
120000009,436,252,184
120000010,513,327,186
120000011,172,201,-29
120000012,351,377,-26
120000013,1111,640,471
120000014,391,424,-33
120000015,1305,818,487
120000016,2829,1887,942
120000017,1756,1685,71
120000018,2146,5753,-3607
120000019,401,572,-171
120000020,1538,1207,331
120000021,842,1341,-499
120000022,3331,3494,-163
120000023,674,848,-174
120000024,732,919,-187
120000025,1926,608,1318
120000026,1415,1663,-248
120000027,1865,1889,-24
120000028,350,198,152
120000029,193,564,-371
120000030,33,235,-202
120000031,496,1208,-712
120000032,1336,937,399
120000033,1260,259,1001
120000034,1386,267,1119
120000035,1180,216,964
120000036,1373,1804,-431
120000037,532,1432,-900
120000038,1099,2159,-1060
120000039,27,157,-130
120000040,15,89,-74
120000041,48,166,-118
120000042,371,402,-31
120000043,1704,582,1122
120000044,3683,611,3072
120000045,3323,238,3085
120000046,1837,1268,569
120000047,200,2597,-2397
120000048,2228,1856,372
120000049,1600,661,939
120000050,1056,1070,-14
120000051,968,1468,-500
120000052,1046,729,317
120000053,713,570,143
120000054,518,535,-17
120000055,927,719,208
120000056,1766,969,797
120000057,834,249,585
120000058,233,390,-157
120000059,176,1096,-920
120000061,1,135,-134
120000062,80,81,-1
120000063,319,263,56
120000064,156,231,-75
120000065,251,196,55
120000066,121,74,47
120000067,5,111,-106
120000068,41,186,-145
120000069,272,174,98
120000070,68,184,-116
120000071,261,32,229
120000072,685,107,578
120000073,445,31,414
120000074,60,12,48
120000075,661,46,615
120000076,1358,69,1289
120000077,881,127,754
120000078,472,184,288
120000079,399,134,265
120000080,79,72,7
120000081,259,82,177
120000082,196,177,19
120000083,22,1016,-994
120000084,57,60,-3
120000085,94,13,81
120000086,60,34,26
120000087,47,55,-8
120000088,372,263,109
120000089,1091,200,891
120000090,370,147,223
120000091,525,196,329
120000092,575,118,457
120000093,336,136,200
120000094,149,319,-170
120000095,317,95,222
120000096,97,108,-11
120000098,335,82,253
120000099,92,89,3
120000100,292,151,141
120000101,226,127,99
120000102,330,834,-504
120000103,677,487,190
120000104,1819,159,1660
120000105,2254,81,2173
120000106,2297,93,2204
120000107,3533,103,3430
120000108,1160,23,1137
120000109,794,16,778
120000110,6,167,-161
120000111,1,159,-158
120000112,26,300,-274
120000113,26,217,-191
120000114,92,196,-104
120000115,80,179,-99
120000116,124,219,-95
120000117,319,142,177
120000118,2,31,-29
120000119,6,80,-74
120000120,39,77,-38
120000121,14,41,-27
120000122,93,398,-305
120000123,501,3927,-3426
120000124,233,173,60
120000125,293,100,193
120000126,87,198,-111
120000127,116,181,-65
120000128,442,803,-361
120000129,122,90,32
120000130,439,165,274
120000131,146,168,-22
120000134,49,12,37
120000135,58,264,-206
120000137,39,25,14
120000138,192,35,157
120000139,90,35,55
120000140,125,9,116
120000141,203,32,171
120000142,381,75,306
120000143,0,0,0
120000144,47,1,46
120000145,63,0,63
120000146,455,593,-138
120000149,144,169,-25
120000150,240,3552,-3312
120000151,272,92,180
120000152,404,61,343
120000153,46,64,-18
120000154,91,103,-12
120000155,67,87,-20
120000156,129,404,-275
120000157,415,131,284
120000158,106,46,60
120000159,553,723,-170
120000160,1083,877,206
120000161,782,836,-54
120000162,38,194,-156
120000163,266,108,158
120000164,177,51,126
120000165,252,46,206
120000166,866,45,821
120000167,0,0,0
120000168,0,0,0
120000169,0,0,0
120000170,0,0,0
120000171,0,0,0
120000172,0,0,0
120000173,17,0,17
120000174,4,0,4
120000175,4,0,4
120000176,2,0,2
120000177,62,3,59
120000178,1,0,1
120000179,6,0,6
120000180,18,0,18
120000181,0,39,-39
120000182,3,82,-79
120000183,0,114,-114
120000184,38,320,-282
120000186,2,39,-37
120000187,2,19,-17
120000188,12,49,-37
120000190,24,94,-70
120000191,51,25,26
120000192,26,39,-13
120000193,40,21,19
120000195,0,0,0
120000196,3,2,1
120000197,5,7,-2
120000198,30,0,30
120000199,0,0,0
120000200,0,0,0
120000201,0,0,0
120000202,0,0,0
120000203,0,0,0
120000207,0,0,0
120000208,0,0,0
120000209,0,0,0
120000210,0,0,0
120000211,0,0,0
120000212,0,0,0
120000213,0,0,0
120000214,0,0,0
120000215,0,0,0
120000216,0,0,0
120000217,0,0,0
120000218,0,0,0
120000219,0,0,0
120000220,0,0,0
120000225,891,3,888
120000226,183,1,182
120000227,246,10,236
120000228,0,0,0
120000230,48,6,42
120000231,215,28,187
120000233,247,1,246
120000235,0,47,-47
120000236,649,0,649
120000237,0,41,-41
120000238,0,0,0
120000241,786,1578,-792
120000412,78,2,76
120000413,108,18,90
120000414,141,0,141
120000415,0,10,-10
120000416,47,0,47
120000417,1,2,-1
120000418,116,0,116
120000419,0,1,-1
120000420,18,23,-5
120000421,1677,1125,552
120000422,4,301,-297
120000423,0,0,0
120000424,0,0,0
120000436,48,637,-589
120000437,6,14,-8
120000438,145,82,63
120000439,184,208,-24
120000443,141,0,141
120000444,1088,127,961
120000445,826,634,192
120000446,116,51,65
120000447,135,0,135
120000449,74,0,74
120000450,0,15,-15
120000451,29,55,-26
120000452,356,12,344
120000453,0,0,0
120000454,62,4,58
120000455,13,44,-31
120000456,76,594,-518
120000457,150,134,16
120000458,186,106,80
120000459,41,14,27
120000665,10,108,-98
120000668,13,257,-244
120000669,85,100,-15
120000670,4,180,-176
120000671,449,194,255
120000672,2,123,-121
120900001,60,3,57
120900002,1,13,-12
120900003,0,0,0
120900004,0,33,-33
120900005,0,51,-51
120900006,284,31,253
120900007,0,0,0
120900008,163,75,88
120900009,0,0,0
120900010,131,33,98
120900011,0,0,0
120900012,3,313,-310
120900013,76,12,64
120900014,3,14,-11
120900015,469,17,452
120900016,568,1,567
120900017,72,2,70
120900018,50,21,29
120900019,97,120,-23
120900020,44,182,-138
120900021,351,5,346
120900022,0,11,-11
120900023,324,4,320
120900024,351,35,316
120900025,34,39,-5
120900026,2,23,-21
120900027,0,0,0
120900028,401,82,319
120900029,0,0,0
120900030,522,98,424
120900031,266,14,252
120900032,772,15,757
120900033,452,32,420
120900034,0,292,-292
120900035,16,0,16
120900037,138,3,135
120900038,0,0,0
120900039,0,0,0
120900040,153,0,153
120900041,2,5,-3
120900042,188,23,165
120900043,24,1,23
120900044,2,35,-33
120900045,16,0,16
120900046,334,1,333
120900047,0,0,0
120900048,0,0,0
120900049,235,0,235
120900050,152,524,-372
120900051,126,60,66
120900052,221,0,221
120900053,93,12,81
120900054,181,1,180
120900055,316,2,314
120900056,0,0,0
120900057,0,0,0
120900058,484,1,483
120900059,70,0,70
120900060,27,4,23
120900061,58,1,57
120900062,136,4,132
120900063,0,0,0
120900064,293,0,293
120900065,339,0,339
120900066,276,9,267
120900067,77,10,67
120900068,132,0,132
120900069,0,0,0
120900071,30,0,30
120900072,0,0,0
120900073,0,0,0
120900074,179,5,174
120900076,163,0,163
120900077,454,272,182
120900078,596,71,525
120900079,118,4,114
120900080,150,10,140
120900081,558,86,472
120900082,146,17,129
120900083,121,3,118
120900084,89,180,-91
120900085,0,0,0
120900086,5,178,-173
120900087,258,57,201
120900088,14,172,-158
120900089,310,1463,-1153
120900090,40,3,37
120900091,80,271,-191
120900092,14,25,-11
120900093,0,0,0
120900094,27,35,-8
120900095,0,0,0
120900096,0,1,-1
120900097,33,34,-1
120900098,0,0,0
120900099,1,0,1
120900100,0,0,0
120900101,0,0,0
120900102,0,0,0
120900103,7,8,-1
120900104,6,1,5
120900105,0,0,0
120900106,74,34,40
120900107,51,5,46
120900108,0,0,0
120900109,24,30,-6
120900110,0,0,0
120900111,12,5,7
120900112,0,0,0
120900113,2,34,-32
120900114,4,9,-5
120900115,49,64,-15
120900116,48,12,36
120900117,0,0,0
120900118,6,42,-36
120900119,686,307,379
120900120,1,23,-22
120900121,0,11,-11
120900122,103,15,88
120900123,0,0,0
120900124,0,36,-36
120900125,0,27,-27
120900126,49,29,20
120900127,0,0,0
120900128,40,16,24
120900129,76,17,59
120900130,0,30,-30
120900131,0,0,0
120900132,539,12,527
120900133,1,39,-38
120900134,2,11,-9
120900135,26,28,-2
120900136,0,0,0
120900137,141,16,125
120900138,0,4,-4
120900139,0,20,-20
120900140,0,0,0
120900141,51,15,36
120900142,2,15,-13
120900143,0,22,-22
120900144,0,11,-11
120900145,33,26,7
120900146,0,18,-18
120900147,0,0,0
120900148,27,4,23
120900149,0,12,-12
120900150,0,33,-33
120900151,0,7,-7
120900152,0,0,0
120900153,0,0,0
120900154,0,4,-4
120900155,17,7,10
120900156,29,24,5
120900157,0,0,0
120900158,0,18,-18
120900159,0,0,0
120900160,1,17,-16
120900161,0,0,0
120900162,0,0,0
120900163,0,0,0
120900164,0,0,0
120900165,0,0,0
120900166,0,0,0
120900167,0,0,0
120900169,0,0,0
120900170,10,945,-935
120900171,64,3,61
120900172,0,0,0
120900173,0,1,-1
120900174,0,0,0
120900175,33,1,32
120900176,1,126,-125
120900177,0,474,-474
120900178,0,146,-146
120900179,34,21,13
120900180,0,0,0
120900181,0,0,0
120900182,0,0,0
120900183,12,6,6
120900184,31,16,15
120900185,0,0,0
120900186,0,15,-15
120900187,96,87,9
120900188,5,0,5
120900189,0,0,0
120900190,50,4,46
120900191,0,1,-1
120900192,672,2166,-1494
120900194,17,2,15
120900195,4,12,-8
120900196,0,0,0
120900197,323,27,296
120900198,1,43,-42
120900199,65,111,-46
120900200,0,0,0
120900201,59,3,56
120900202,0,12,-12
120900203,14,2,12
120900204,9,15,-6
120900205,2,0,2
120900206,3,0,3
120900207,0,29,-29
121000001,141,410,-269
121000002,303,757,-454
121000003,278,917,-639
121000004,300,1043,-743
121000005,1290,2686,-1396
121000006,633,1203,-570
121000007,231,1548,-1317
121000008,628,1324,-696
121000009,718,2695,-1977
121000010,854,1218,-364
121000011,1290,3089,-1799
121000012,1849,1362,487
121000013,1691,3281,-1590
121000014,2218,1430,788
121000015,2256,3721,-1465
121000016,836,530,306
121000017,406,1878,-1472
121000018,705,964,-259
121000019,1750,2643,-893
121000020,3577,6254,-2677
121000021,245,395,-150
121000022,393,2033,-1640
121000023,652,246,406
121000024,1329,1717,-388
121000025,27,283,-256
121000026,57,120,-63
121000027,179,554,-375
121000028,41,192,-151
121000029,84,148,-64
121000030,0,0,0
121000031,32,182,-150
121000032,0,0,0
121000034,15,67,-52
121000035,0,10,-10
121000036,142,249,-107
121000037,111,380,-269
121000038,476,486,-10
121000039,77,19,58
121000041,80,169,-89
121000042,8,239,-231
121000043,327,381,-54
121000044,38,210,-172
121000045,48,217,-169
121000046,0,0,0
121000047,10,39,-29
121000049,469,332,137
121000050,69,1464,-1395
121000051,217,74,143
121000052,93,808,-715
121000053,24,45,-21
121000054,0,24,-24
121000055,239,591,-352
121000056,671,466,205
121000057,0,23,-23
121000058,46,86,-40
121000059,221,953,-732
121000060,409,654,-245
121000061,7,395,-388
121000062,221,237,-16
121000063,95,690,-595
121000064,173,563,-390
121000065,70,144,-74
121000066,28,28,0
121000067,75,39,36
121000068,134,685,-551
121000069,9,690,-681
121000070,288,284,4
121000071,288,929,-641
121000072,116,75,41
121000073,129,496,-367
121000074,4,42,-38
121000075,0,2,-2
121000076,23,35,-12
121000077,21,44,-23
121000078,1,50,-49
121000080,165,124,41
121000081,410,1338,-928
121000082,5,18,-13
121000083,25,69,-44
121000084,2,1,1
121000085,33,12,21
121000086,18,238,-220
121000087,7,185,-178
121000088,145,90,55
121000089,5,212,-207
121000090,54,94,-40
121000091,408,865,-457
121000092,43,27,16
121000093,22,86,-64
121000094,69,129,-60
121000095,8,124,-116
121000096,526,169,357
121000097,121,706,-585
121000098,127,143,-16
121000099,149,120,29
121000100,269,128,141
121000101,57,92,-35
121000102,11,9,2
121000103,45,75,-30
121000104,11,1,10
121000105,5,2,3
121000106,61,110,-49
121000107,664,1538,-874
121000109,350,996,-646
121000110,22,553,-531
121000114,789,1361,-572
121000115,124,55,69
121000116,81,96,-15
121000117,95,36,59
121000118,164,33,131
121000119,30,40,-10
121000120,99,365,-266
121000121,50,64,-14
121000123,75,73,2
121000127,10,19,-9
121000128,202,69,133
121000129,105,86,19
121000130,98,223,-125
121000131,31,189,-158
121000132,59,249,-190
121000135,114,174,-60
121000136,257,599,-342
121000137,57,88,-31
121000138,125,1056,-931
121000139,0,0,0
121000141,24,1,23
121000142,18,83,-65
121000143,2,15,-13
121000144,531,637,-106
121000145,123,194,-71
121000146,190,91,99
121000147,111,41,70
121000148,92,119,-27
121000149,466,466,0
121000152,105,64,41
121000153,133,76,57
121000154,186,72,114
121000155,240,281,-41
121000156,119,180,-61
121000157,193,260,-67
121000158,464,244,220
121000159,242,134,108
121000160,253,90,163
121000161,124,229,-105
121000162,95,69,26
121000165,722,1801,-1079
121000166,19,284,-265
121000168,50,81,-31
121000169,2,13,-11
121000170,73,10,63
121000171,8,38,-30
121000172,172,321,-149
121000173,524,667,-143
121000174,267,519,-252
121000175,387,90,297
121000176,153,154,-1
121000177,164,68,96
121000178,95,47,48
121000179,5,18,-13
121000181,119,75,44
121000182,179,255,-76
121000183,15,174,-159
121000184,17,353,-336
121000185,1,670,-669
121000186,103,757,-654
121000187,129,119,10
121000188,35,49,-14
121000192,152,55,97
121000193,43,60,-17
121000194,522,919,-397
121000195,248,529,-281
121000196,54,145,-91
121000197,37,64,-27
121000198,33,142,-109
121000199,36,37,-1
121000200,155,98,57
121000201,0,85,-85
121000202,60,3,57
121000203,5,71,-66
121000204,709,28,681
121000205,109,98,11
121000206,135,123,12
121000207,550,208,342
121000208,0,105,-105
121000209,393,16,377
121000210,318,141,177
121000211,24,0,24
121000212,109,100,9
121000213,345,437,-92
121000214,159,1017,-858
121000215,272,104,168
121000216,136,397,-261
121000217,998,1319,-321
121000218,62,394,-332
121000219,309,280,29
121000220,24,3,21
121000221,11,105,-94
121000222,621,772,-151
121000223,0,0,0
121000224,177,87,90
121000225,64,882,-818
121000226,181,841,-660
121000227,4,89,-85
121000228,15,55,-40
121000229,19,33,-14
121000230,13,141,-128
121000231,596,3,593
121000232,70,42,28
121000233,138,74,64
121000234,4,32,-28
121000235,3,24,-21
121000236,2,25,-23
121000237,0,5,-5
121000238,3,16,-13
121000239,12,0,12
121000240,1,26,-25
121000241,44,0,44
121000242,1,43,-42
121000243,77,4,73
121000244,0,5,-5
121000245,31,0,31
121000246,0,3,-3
121000247,15,0,15
121000248,69,47,22
121000249,2,40,-38
121000250,108,318,-210
121000251,2,55,-53
121000252,4,53,-49
121000253,80,146,-66
121000254,318,73,245
121000255,10,54,-44
121000256,26,202,-176
121000257,5,68,-63
121000258,47,176,-129
121000259,20,27,-7
121000260,6,25,-19
121000261,11,181,-170
121000262,124,87,37
121000263,339,52,287
121000271,47,1024,-977
121000273,4,0,4
121000274,5,60,-55
121000275,0,2,-2
121000276,0,22,-22
121000278,13,23,-10
121000279,6,6,0
121000280,2,19,-17
121000289,75,10,65
121000290,96,458,-362
121000294,83,7,76
121000297,160,357,-197
121000299,39,209,-170
121000300,101,108,-7
121000302,4,313,-309
121000303,67,32,35
121000304,426,109,317
121000305,55,67,-12
121000306,83,136,-53
121000308,0,2,-2
121000309,0,1,-1
121000310,0,0,0
121000311,0,0,0
121000312,61,95,-34
121000313,0,0,0
121000314,0,2,-2
121000315,0,2,-2
121000530,428,374,54
121000531,798,419,379
121000532,1547,1519,28
121000533,2164,1461,703
121000918,0,0,0
121000919,21,104,-83
121000938,14,11,3
121000939,23,76,-53
121000956,516,214,302
121000957,0,0,0
121000958,12,11,1
121000959,195,43,152
121000960,275,196,79
121000961,117,0,117
121000962,10,71,-61
121000973,0,0,0
121000976,0,0,0
121000979,0,0,0
121000981,63,10,53
121000982,331,79,252
121000983,47,7,40
121000984,1,2,-1
121000985,166,93,73
121000986,100,69,31
121000987,12,87,-75
121000988,274,42,232
121001302,18,16,2
121001308,0,47,-47
121001309,4,119,-115
121001311,0,0,0
121001313,0,0,0
121001314,571,263,308
121001315,1703,130,1573
121001326,14,58,-44
121900001,59,376,-317
121900002,0,0,0
121900003,0,0,0
121900004,0,0,0
121900005,11,0,11
121900006,0,0,0
121900007,417,12,405
121900008,0,0,0
121900009,0,0,0
121900010,0,0,0
121900011,3,0,3
121900012,14,0,14
121900013,25,0,25
121900014,0,0,0
121900015,47,0,47
121900016,0,0,0
121900017,0,0,0
121900018,0,0,0
121900019,0,0,0
121900020,6,1,5
121900021,55,0,55
121900022,0,0,0
121900023,0,0,0
121900024,0,0,0
121900025,0,0,0
121900026,0,0,0
121900027,0,0,0
121900028,6,0,6
121900029,0,0,0
121900030,0,0,0
121900031,4,51,-47
121900032,0,0,0
121900033,0,0,0
121900034,0,0,0
121900035,0,0,0
121900036,0,0,0
121900037,0,0,0
121900038,0,0,0
121900039,0,0,0
121900040,0,0,0
121900041,0,0,0
121900042,0,0,0
121900043,0,0,0
121900044,0,0,0
121900046,0,0,0
121900047,0,0,0
121900048,0,0,0
121900050,0,0,0
121900051,0,0,0
121900052,0,0,0
121900053,9,7,2
121900054,0,0,0
121900055,0,0,0
121900058,0,0,0
121900059,0,0,0
121900060,0,0,0
121900061,0,0,0
121900062,0,0,0
121900063,10,7,3
121900064,0,0,0
121900066,0,0,0
121900067,0,0,0
121900069,0,0,0
121900070,3,1,2
121900071,0,0,0
121900072,0,0,0
121900073,0,0,0
121900074,2,0,2
121900075,2,11,-9
121900076,0,0,0
121900077,0,0,0
121900078,0,0,0
121900079,0,0,0
121900080,0,0,0
121900082,0,0,0
121900084,0,0,0
121900085,0,0,0
121900086,0,0,0
121900087,0,0,0
121900088,0,0,0
121900089,0,0,0
121900090,0,0,0
121900091,0,0,0
121900092,0,0,0
121900093,0,0,0
121900094,0,0,0
121900095,0,0,0
121900096,0,0,0
121900097,0,0,0
121900098,0,0,0
121900099,0,0,0
121900100,0,0,0
121900101,0,0,0
121900102,0,0,0
121900103,0,0,0
121900104,75,33,42
121900105,0,0,0
121900106,0,0,0
121900107,0,0,0
121900108,0,0,0
121900109,0,0,0
121900110,0,0,0
121900111,0,0,0
121900112,0,0,0
121900113,0,0,0
121900114,0,0,0
121900117,0,0,0
121900118,0,0,0
121900119,0,0,0
121900120,0,0,0
121900121,0,0,0
121900122,0,0,0
121900123,0,0,0
121900124,4,0,4
121900125,11,4,7
121900127,0,0,0
121900128,0,0,0
121900129,0,0,0
121900130,0,0,0
121900131,0,0,0
121900132,0,0,0
121900133,0,0,0
121900134,0,0,0
121900135,158,39,119
121900136,1,0,1
121900137,0,0,0
121900138,0,0,0
121900139,0,0,0
121900140,0,0,0
121900141,3,0,3
121900142,0,0,0
121900143,0,0,0
121900144,0,0,0
121900145,0,0,0
121900146,0,0,0
121900147,0,0,0
121900148,0,0,0
121900149,0,0,0
121900150,0,0,0
121900151,0,0,0
121900152,0,0,0
121900153,0,0,0
121900154,0,0,0
121900155,0,0,0
121900156,0,0,0
121900157,0,0,0
121900158,0,0,0
121900159,0,0,0
121900160,0,0,0
121900161,0,0,0
121900162,0,0,0
121900163,0,0,0
121900164,0,0,0
121900165,0,0,0
121900166,0,0,0
121900167,0,0,0
121900168,0,0,0
121900169,0,0,0
121900170,0,0,0
121900171,0,0,0
121900172,0,0,0
121900173,0,0,0
121900174,0,0,0
121900175,0,0,0
121900176,0,0,0
121900177,0,0,0
121900178,0,0,0
121900179,0,0,0
121900180,55,263,-208
121900182,0,0,0
121900183,0,0,0
121900184,0,0,0
121900186,0,0,0
121900187,0,0,0
121900188,0,0,0
121900189,0,0,0
121900190,4,0,4
121900191,0,0,0
121900192,0,0,0
121900193,0,0,0
121900194,0,0,0
121900195,0,0,0
121900196,0,0,0
121900197,0,0,0
121900198,342,0,342
121900199,0,0,0
121900200,0,0,0
121900201,0,0,0
121900202,0,0,0
121900203,0,0,0
121900204,0,0,0
121900205,0,0,0
121900206,0,0,0
121900207,0,0,0
121900208,0,0,0
121900209,0,0,0
121900210,0,0,0
121900211,0,0,0
121900212,0,0,0
121900213,0,0,0
121900214,0,0,0
121900215,0,0,0
121900216,0,0,0
121900217,15,1,14
121900218,0,0,0
121900220,0,0,0
121900221,0,0,0
121900222,0,0,0
121900223,1,0,1
121900224,0,0,0
121900225,0,0,0
121900226,1,0,1
121900227,0,0,0
121900228,0,0,0
121900230,0,9,-9
121900231,0,2,-2
121900232,0,0,0
121900233,0,0,0
121900234,0,0,0
121900235,0,0,0
121900236,0,0,0
121900237,0,0,0
121900238,0,0,0
121900239,0,0,0
121900240,0,0,0
121900241,0,0,0
121900242,0,0,0
121900243,0,0,0
121900244,0,0,0
121900245,0,0,0
121900246,42,8,34
121900248,0,0,0
121900250,0,0,0
121900251,0,0,0
121900252,0,0,0
121900253,4,61,-57
121900254,0,0,0
121900255,0,0,0
121900258,490,284,206
121900259,0,0,0
121900260,0,0,0
121900261,0,0,0
121900262,0,0,0
121900263,0,0,0
121900264,0,0,0
121900265,0,0,0
121900266,0,0,0
121900267,0,0,0
121900269,0,0,0
121900270,0,0,0
121900271,0,0,0
121900273,13,8,5
121900274,45,13,32
121900277,0,0,0
121900278,0,0,0
121900279,0,0,0
121900280,0,0,0
121900281,0,0,0
121900284,0,0,0
121900286,25,5,20
121900287,0,4,-4
121900288,0,0,0
121900290,0,0,0
121900291,0,0,0
121900292,0,25,-25
121900293,0,0,0
121900294,0,0,0
121900295,0,0,0
121900296,0,0,0
121900298,0,4,-4
121900299,0,0,0
121900300,4,2,2
121900301,7,0,7
121900302,0,0,0
121900303,0,0,0
121900304,0,0,0
121900305,0,0,0
121900306,0,0,0
121900307,43,1,42
121900308,0,0,0
121900309,0,0,0
121900310,0,0,0
121900311,78,0,78
121900312,33,5,28
121900313,64,2,62
121900314,0,0,0
121900315,0,0,0
121900316,0,0,0
121900317,0,0,0
121900318,0,0,0
121900319,0,0,0
121900320,0,0,0
121900321,0,0,0
121900322,0,0,0
121900323,0,0,0
121900324,0,0,0
121900325,0,0,0
121900326,0,0,0
121900327,0,0,0
121900328,0,0,0
121900329,0,0,0
121900330,0,0,0
121900331,7,0,7
121900332,0,0,0
121900333,0,0,0
121900334,0,0,0
122000001,350,780,-430
122000002,388,265,123
122000003,350,594,-244
122000004,322,461,-139
122000005,984,2448,-1464
122000006,159,744,-585
122000007,230,763,-533
122000008,596,1013,-417
122000009,119,151,-32
122000010,1387,1250,137
122000011,311,402,-91
122000012,144,446,-302
122000013,200,924,-724
122000014,512,857,-345
122000015,294,576,-282
122000016,115,405,-290
122000017,277,671,-394
122000018,342,704,-362
122000019,113,709,-596
122000020,33,58,-25
122000021,17,132,-115
122000022,105,120,-15
122000023,77,79,-2
122000024,392,421,-29
122000025,163,498,-335
122000026,406,356,50
122000027,111,344,-233
122000028,101,369,-268
122000029,93,83,10
122000030,55,2,53
122000031,11,605,-594
122000032,156,219,-63
122000033,122,169,-47
122000034,12,92,-80
122000035,1,99,-98
122000036,102,103,-1
122000037,18,72,-54
122000038,57,210,-153
122000039,36,50,-14
122000040,17,30,-13
122000041,246,990,-744
122000042,232,636,-404
122000043,35,94,-59
122000044,42,94,-52
122000045,165,86,79
122000046,255,178,77
122000047,12,14,-2
122000048,870,2023,-1153
122000049,1970,1229,741
122000050,183,375,-192
122000051,127,730,-603
122000052,95,467,-372
122000053,160,1409,-1249
122000054,367,564,-197
122000055,2230,2301,-71
122000056,872,1202,-330
122000057,929,1123,-194
122000058,506,624,-118
122000059,505,901,-396
122000060,64,82,-18
122000061,12,61,-49
122000062,207,45,162
122000063,67,377,-310
122000064,1442,2139,-697
122000065,1156,1194,-38
122000066,159,171,-12
122000067,717,1926,-1209
122000068,140,1621,-1481
122000069,56,136,-80
122000070,656,393,263
122000071,185,337,-152
122000072,4,70,-66
122000073,28,135,-107
122000074,370,597,-227
122000075,169,504,-335
122000076,292,319,-27
122000077,152,393,-241
122000078,466,415,51
122000079,111,440,-329
122000080,86,284,-198
122000081,4,133,-129
122000082,157,251,-94
122000083,118,252,-134
122000084,76,73,3
122000085,11,137,-126
122000086,677,2394,-1717
122000087,163,167,-4
122000088,48,12,36
122000089,662,748,-86
122000090,81,166,-85
122000091,59,38,21
122000092,6,16,-10
122000093,937,2000,-1063
122000094,1296,1236,60
122000095,489,1562,-1073
122000096,108,999,-891
122000098,1067,3207,-2140
122000099,123,359,-236
122000100,125,68,57
122000101,65,83,-18
122000102,32,174,-142
122000103,76,140,-64
122000104,33,76,-43
122000105,55,101,-46
122000106,108,165,-57
122000107,133,189,-56
122000108,7,19,-12
122000109,83,130,-47
122000110,64,82,-18
122000111,331,219,112
122000112,104,197,-93
122000113,146,117,29
122000114,303,2020,-1717
122000115,437,1394,-957
122000116,31,223,-192
122000117,155,38,117
122000118,196,30,166
122000119,125,114,11
122000120,41,126,-85
122000121,193,439,-246
122000122,89,381,-292
122000123,160,387,-227
122000124,47,255,-208
122000125,70,211,-141
122000126,34,181,-147
122000127,48,223,-175
122000128,143,105,38
122000129,59,191,-132
122000130,380,322,58
122000131,100,78,22
122000132,5,2,3
122000133,76,50,26
122000134,103,232,-129
122000135,165,128,37
122000136,67,99,-32
122000137,199,348,-149
122000139,135,503,-368
122000140,83,307,-224
122000141,289,287,2
122000142,33,364,-331
122000143,41,76,-35
122000144,123,77,46
122000145,115,50,65
122000146,94,283,-189
122000147,127,166,-39
122000148,118,127,-9
122000149,218,71,147
122000150,221,126,95
122000151,0,1,-1
122000152,9,1,8
122000153,94,151,-57
122000154,46,68,-22
122000155,284,157,127
122000156,1013,1264,-251
122000157,219,654,-435
122000158,73,58,15
122000159,197,214,-17
122000160,332,244,88
122000161,215,168,47
122000162,104,210,-106
122000163,27,11,16
122000164,0,10,-10
122000165,81,502,-421
122000166,95,134,-39
122000167,4,10,-6
122000168,28,790,-762
122000169,48,20,28
122000170,40,250,-210
122000171,0,0,0
122000172,268,861,-593
122000173,181,881,-700
122000174,397,1107,-710
122000175,131,33,98
122000176,222,942,-720
122000177,490,1602,-1112
122000178,484,342,142
122000179,267,1268,-1001
122000180,431,1268,-837
122000181,402,1474,-1072
122000182,146,205,-59
122000183,48,63,-15
122000184,790,867,-77
122000185,393,669,-276
122000186,130,308,-178
122000187,432,255,177
122000188,0,0,0
122000189,60,74,-14
122000190,283,327,-44
122000191,77,119,-42
122000192,101,31,70
122000193,57,208,-151
122000194,110,43,67
122000195,23,267,-244
122000196,53,105,-52
122000197,30,56,-26
122000198,69,343,-274
122000199,103,70,33
122000200,123,125,-2
122000201,459,685,-226
122000202,192,502,-310
122000203,273,226,47
122000204,330,392,-62
122000205,78,195,-117
122000206,485,665,-180
122000207,277,746,-469
122000208,515,396,119
122000209,465,103,362
122000210,199,262,-63
122000211,74,200,-126
122000212,149,96,53
122000213,114,270,-156
122000214,353,764,-411
122000215,1342,581,761
122000217,297,325,-28
122000218,110,73,37
122000219,122,153,-31
122000220,49,265,-216
122000221,19,245,-226
122000222,40,21,19
122000223,109,206,-97
122000225,79,92,-13
122000226,66,344,-278
122000227,30,171,-141
122000228,19,76,-57
122000229,7,204,-197
122000230,6,66,-60
122000231,11,100,-89
122000232,113,126,-13
122000233,0,22,-22
122000234,120,40,80
122000235,120,46,74
122000236,163,2,161
122000237,4,7,-3
122000238,37,84,-47
122000239,76,52,24
122000240,185,66,119
122000241,233,68,165
122000242,32,5,27
122000243,21,6,15
122000244,17,65,-48
122000245,9,2,7
122000246,50,160,-110
122000247,126,11,115
122000248,101,100,1
122000249,191,218,-27
122000250,117,166,-49
122000251,0,0,0
122000252,11,5,6
122000253,0,0,0
122000254,32,25,7
122000255,65,190,-125
122000256,6,37,-31
122000257,3,15,-12
122000258,25,168,-143
122000259,3,117,-114
122000260,19,101,-82
122000261,14,43,-29
122000262,0,0,0
122000263,34,2,32
122000264,303,67,236
122000265,402,151,251
122000266,711,110,601
122000267,3,2,1
122000268,58,6,52
122000269,42,28,14
122000270,9,1,8
122000271,0,0,0
122000272,0,0,0
122000273,26,6,20
122000274,4,0,4
122000275,0,22,-22
122000276,147,194,-47
122000277,216,479,-263
122000278,296,93,203
122000279,40,7,33
122000280,124,15,109
122000281,62,49,13
122000282,16,297,-281
122000283,3,15,-12
122000284,3,14,-11
122000285,0,0,0
122000286,0,0,0
122000287,883,435,448
122000288,110,38,72
122000291,874,300,574
122000293,14,35,-21
122000294,42,169,-127
122000295,355,29,326
122000296,53,364,-311
122000297,622,1727,-1105
122000299,183,68,115
122000300,29,46,-17
122000301,413,1029,-616
122000302,157,722,-565
122000303,394,26,368
122000304,2,19,-17
122000305,571,92,479
122000306,35,142,-107
122000307,12,37,-25
122000309,0,0,0
122000310,0,27,-27
122000311,20,31,-11
122000312,32,52,-20
122000313,12,79,-67
122000314,131,251,-120
122000315,82,0,82
122000316,350,67,283
122000317,464,82,382
122000318,162,291,-129
122000319,9,153,-144
122000320,16,80,-64
122000321,9,65,-56
122000322,463,340,123
122000323,188,265,-77
122000324,279,652,-373
122000325,189,333,-144
122000326,4,0,4
122000327,47,162,-115
122000328,89,155,-66
122000330,236,491,-255
122000332,10,123,-113
122000333,4,10,-6
122000337,107,91,16
122000338,32,17,15
122000340,8,92,-84
122000342,135,185,-50
122000343,34,70,-36
122000344,35,0,35
122000345,33,19,14
122000346,14,1,13
122000348,163,191,-28
122000349,0,65,-65
122000351,75,24,51
122000352,21,19,2
122000353,2,0,2
122000355,46,488,-442
122000356,29,77,-48
122000357,20,19,1
122000358,0,0,0
122000359,0,0,0
122000360,0,0,0
122000362,2,3,-1
122000364,56,20,36
122000365,0,9,-9
122000366,1,0,1
122000368,34,89,-55
122000370,2,2,0
122000371,0,0,0
122000372,0,0,0
122000381,16,86,-70
122000382,1,6,-5
122000384,266,426,-160
122000385,30,0,30
122000386,9,519,-510
122000387,89,162,-73
122000388,80,517,-437
122000389,40,53,-13
122000390,32,221,-189
122000391,5,93,-88
122000392,43,20,23
122000393,0,30,-30
122000394,43,28,15
122000395,44,20,24
122000396,30,18,12
122000397,0,0,0
122000398,13,109,-96
122000399,55,31,24
122000400,9,91,-82
122000401,33,13,20
122000402,73,43,30
122000403,10,2,8
122000404,77,45,32
122000408,182,343,-161
122000503,1,5,-4
122000524,1,0,1
122000544,14,38,-24
122000616,0,0,0
122000640,1,26,-25
122000641,20,36,-16
122000642,230,106,124
122000643,20,132,-112
122000644,0,0,0
122000645,1,13,-12
122000651,93,579,-486
122000664,38,14,24
122000665,113,204,-91
122000666,42,160,-118
122000673,3,54,-51
122000674,87,108,-21
122000675,778,374,404
122000686,123,73,50
122000687,416,48,368
122000688,179,94,85
122000689,226,26,200
122000690,862,33,829
122000691,428,114,314
122000692,177,10,167
122000693,93,156,-63
122000695,6,0,6
122000696,111,27,84
122000698,2,0,2
122000699,65,15,50
122000701,231,69,162
122000702,122,262,-140
122000703,4,16,-12
122000712,0,0,0
122000717,0,37,-37
122000718,34,728,-694
122000719,3,34,-31
122000720,177,24,153
122000724,42,0,42
122900001,0,0,0
122900002,61,399,-338
122900003,9,0,9
122900004,0,0,0
122900005,0,0,0
122900006,0,0,0
122900007,0,0,0
122900008,0,0,0
122900009,34,0,34
122900010,8,5,3
122900012,8,11,-3
122900014,0,0,0
122900015,140,8,132
122900016,0,0,0
122900017,0,0,0
122900018,0,0,0
122900019,0,0,0
122900020,0,0,0
122900021,0,0,0
122900022,0,0,0
122900023,0,0,0
122900024,0,0,0
122900025,0,0,0
122900026,0,0,0
122900027,1,91,-90
122900028,0,0,0
122900029,2,0,2
122900030,0,0,0
122900031,1,34,-33
122900032,0,0,0
122900033,2,56,-54
122900034,7,61,-54
122900035,3,1,2
122900036,0,0,0
122900037,0,0,0
122900038,2,98,-96
122900039,0,4,-4
122900040,5,10,-5
122900041,6,38,-32
122900042,4,22,-18
122900043,11,45,-34
122900044,2,17,-15
122900045,0,34,-34
122900046,6,20,-14
122900047,1,0,1
122900048,0,0,0
122900049,0,0,0
122900051,1,2,-1
122900052,62,10,52
122900053,1,4,-3
122900055,4,1,3
122900057,2,1,1
122900061,0,0,0
122900062,0,0,0
122900063,0,0,0
122900064,0,0,0
122900065,0,0,0
122900066,0,0,0
122900067,3,0,3
122900069,0,0,0
122900070,109,8,101
122900071,0,0,0
122900072,22,0,22
122900073,0,0,0
122900074,247,1,246
122900075,0,0,0
122900076,0,0,0
122900077,0,0,0
122900078,117,1,116
122900080,0,0,0
122900081,12,0,12
122900082,250,0,250
122900083,0,0,0
122900084,1,0,1
122900086,0,0,0
122900087,36,0,36
122900088,0,4,-4
122900089,0,0,0
122900090,0,0,0
122900091,0,0,0
122900092,0,0,0
122900093,0,0,0
122900094,0,0,0
122900095,0,0,0
122900096,45,0,45
122900097,0,0,0
122900098,0,0,0
122900099,0,0,0
122900100,0,0,0
122900101,0,0,0
122900102,0,0,0
122900103,0,0,0
122900104,0,0,0
122900105,0,0,0
122900106,0,0,0
122900107,0,0,0
122900108,0,0,0
123000001,443,180,263
123000002,522,2607,-2085
123000003,1116,1084,32
123000004,945,1234,-289
123000005,1261,832,429
123000006,787,1035,-248
123000007,791,672,119
123000008,383,378,5
123000009,1656,1625,31
123000010,487,441,46
123000011,874,801,73
123000012,35,103,-68
123000013,802,289,513
123000014,20,262,-242
123000015,907,602,305
123000016,62,127,-65
123000017,3600,1825,1775
123000018,125,46,79
123000019,147,12,135
123000020,89,1,88
123000021,74,47,27
123000022,716,171,545
123000023,1305,1120,185
123000024,555,389,166
123000025,37,81,-44
123000026,2,75,-73
123000027,3,219,-216
123000028,268,1952,-1684
123000029,14,195,-181
123000030,5,20,-15
123000031,268,73,195
123000032,355,63,292
123000033,35,53,-18
123000034,482,465,17
123000035,84,193,-109
123000036,50,473,-423
123000037,13,16,-3
123000038,7,111,-104
123000039,324,867,-543
123000040,19,15,4
123000041,136,500,-364
123000042,33,73,-40
123000043,634,3306,-2672
123000044,638,402,236
123000045,290,137,153
123000046,77,329,-252
123000047,219,82,137
123000048,10,768,-758
123000049,2819,2277,542
123000050,339,437,-98
123000051,8,20,-12
123000052,225,497,-272
123000053,942,929,13
123000054,271,1038,-767
123000055,1225,1883,-658
123000056,97,329,-232
123000057,490,750,-260
123000058,66,178,-112
123000059,40,126,-86
123000060,167,89,78
123000061,35,128,-93
123000063,140,159,-19
123000064,215,45,170
123000065,403,511,-108
123000066,143,135,8
123000067,239,189,50
123000068,470,403,67
123000069,953,311,642
123000070,100,61,39
123000071,398,258,140
123000072,59,23,36
123000073,537,276,261
123000074,195,36,159
123000075,149,388,-239
123000076,103,139,-36
123000077,480,183,297
123000078,798,456,342
123000079,876,520,356
123000080,393,126,267
123000081,3,7,-4
123000082,46,139,-93
123000083,202,16,186
123000084,204,19,185
123000085,131,23,108
123000086,151,73,78
123000087,46,72,-26
123000088,440,120,320
123000089,319,249,70
123000090,0,0,0
123000091,367,228,139
123000092,0,0,0
123000094,117,16,101
123000095,197,152,45
123000096,198,66,132
123000097,236,66,170
123000098,196,70,126
123000099,190,140,50
123000100,66,394,-328
123000101,98,37,61
123000102,364,625,-261
123000104,124,125,-1
123000105,8,10,-2
123000106,98,120,-22
123000107,1,7,-6
123000108,215,46,169
123000111,211,58,153
123000112,182,116,66
123000113,129,49,80
123000114,97,200,-103
123000115,34,115,-81
123000116,14,30,-16
123000117,498,342,156
123000118,126,123,3
123000119,34,68,-34
123000120,75,145,-70
123000121,145,250,-105
123000122,0,0,0
123000123,311,133,178
123000124,0,0,0
123000125,468,454,14
123000126,423,1235,-812
123000127,74,159,-85
123000128,0,0,0
123000129,322,33,289
123000130,330,5,325
123000131,422,138,284
123000132,0,0,0
123000133,0,0,0
123000134,25,17,8
123000135,340,196,144
123000136,0,0,0
123000137,0,0,0
123000138,0,0,0
123000139,222,26,196
123000140,0,0,0
123000141,92,25,67
123000142,113,31,82
123000143,86,128,-42
123000144,0,0,0
123000145,31,270,-239
123000146,12,85,-73
123000147,1,28,-27
123000149,60,115,-55
123000150,10,10,0
123000151,60,208,-148
123000152,3,19,-16
123000153,15,308,-293
123000154,204,460,-256
123000155,197,293,-96
123000156,3,5,-2
123000157,55,92,-37
123000158,187,214,-27
123000159,440,1409,-969
123000160,293,464,-171
123000161,454,184,270
123000162,427,555,-128
123000163,407,46,361
123000164,901,22,879
123000165,47,288,-241
123000166,3,14,-11
123000167,53,8,45
123000168,55,23,32
123000169,254,37,217
123000170,10,0,10
123000171,243,1,242
123000172,0,26,-26
123000173,165,53,112
123000174,223,76,147
123000175,40,45,-5
123000176,242,35,207
123000177,62,67,-5
123000178,318,21,297
123000179,0,67,-67
123000180,572,156,416
123000181,128,197,-69
123000182,74,46,28
123000183,66,64,2
123000184,36,13,23
123000185,337,188,149
123000186,0,0,0
123000187,339,5,334
123000188,142,0,142
123000189,106,69,37
123000190,67,21,46
123000192,0,41,-41
123000193,4,155,-151
123000194,37,42,-5
123000195,173,11,162
123000196,273,2,271
123000197,37,10,27
123000198,0,123,-123
123000199,1,61,-60
123000200,415,6,409
123000201,585,10,575
123000202,1,38,-37
123000203,615,29,586
123000204,2,90,-88
123000205,22,147,-125
123000206,1445,111,1334
123000207,11,118,-107
123000208,285,37,248
123000209,907,133,774
123000210,34,194,-160
123000211,68,315,-247
123000212,2044,99,1945
123000213,205,18,187
123000215,39,121,-82
123000216,38,289,-251
123000217,104,5,99
123000218,14,27,-13
123000219,173,59,114
123000220,165,20,145
123000221,24,17,7
123000222,136,102,34
123000223,203,91,112
123000224,128,83,45
123000225,132,2,130
123000226,75,1,74
123000227,23,1,22
123000228,128,7,121
123000229,129,103,26
123000232,1,23,-22
123000233,225,27,198
123000234,8,13,-5
123000235,220,53,167
123000236,17,39,-22
123000237,242,7,235
123000238,3,4,-1
123000239,67,99,-32
123000240,17,204,-187
123000241,84,66,18
123000242,8,63,-55
123000243,87,123,-36
123000244,89,72,17
123000245,0,0,0
123000249,0,0,0
123000252,323,74,249
123000253,400,202,198
123000254,109,94,15
123000255,136,199,-63
123000256,1,1,0
123000257,256,209,47
123000258,267,86,181
123000259,138,155,-17
123000260,309,104,205
123000261,62,50,12
123000262,4,11,-7
123000263,95,25,70
123000264,84,18,66
123000265,2,11,-9
123000266,99,81,18
123000267,76,116,-40
123000268,0,0,0
123000269,18,68,-50
123000270,25,62,-37
123000271,8,14,-6
123000272,294,83,211
123000273,122,603,-481
123000274,529,317,212
123000275,38,62,-24
123000278,234,605,-371
123000279,45,51,-6
123000280,80,55,25
123000281,79,48,31
123000282,34,148,-114
123000283,104,36,68
123000284,6,26,-20
123000286,66,255,-189
123000287,86,121,-35
123000288,311,419,-108
123000289,71,438,-367
123000291,15,20,-5
123000294,81,365,-284
123000295,340,984,-644
123000296,608,872,-264
123000297,164,81,83
123000298,153,31,122
123000299,32,160,-128
123000300,432,139,293
123000301,55,46,9
123000302,171,34,137
123000303,19,523,-504
123000305,112,252,-140
123000306,30,8,22
123000309,22,19,3
123000310,11,3,8
123000311,0,0,0
123000312,155,96,59
123000313,215,101,114
123000315,241,19,222
123000316,448,57,391
123000317,55,65,-10
123000318,0,43,-43
123000329,2,4,-2
123000337,99,139,-40
123000338,285,189,96
123000339,45,3,42
123000340,17,61,-44
123000342,2,10,-8
123000343,21,0,21
123000344,173,51,122
123000345,58,95,-37
123000346,388,38,350
123000352,60,91,-31
123000353,13,5,8
123000354,436,9,427
123000355,0,99,-99
123000356,109,3,106
123000357,0,7,-7
123000359,0,3,-3
123000360,56,89,-33
123000361,87,27,60
123000362,90,7,83
123000363,27,1,26
123000364,160,95,65
123000365,2,35,-33
123000366,45,352,-307
123000367,20,157,-137
123000370,2,1,1
123000371,128,1,127
123000372,27,11,16
123000373,0,1,-1
123000374,0,0,0
123000375,260,14,246
123000376,339,393,-54
123000377,168,1,167
123000378,0,5,-5
123000379,2,27,-25
123000380,0,0,0
123000381,6,30,-24
123000382,125,47,78
123000383,0,0,0
123000384,81,26,55
123000385,0,0,0
123000436,8,481,-473
123000507,9,102,-93
123000508,101,981,-880
123000517,54,2,52
123000518,4,59,-55
123000519,19,18,1
123000520,23,78,-55
123000521,22,39,-17
123000522,48,106,-58
123000541,33,3,30
123000542,0,0,0
123000565,316,8,308
123000566,105,94,11
123000567,46,33,13
123000573,1,5,-4
123000574,279,4,275
123000575,482,3,479
123000576,81,1,80
123000577,0,0,0
123000578,151,12,139
123000579,516,1699,-1183
123000580,54,40,14
123000582,132,3,129
123000583,16,1,15
123000584,68,90,-22
123000585,0,0,0
123000586,38,0,38
123000596,71,25,46
123000597,114,129,-15
123000602,23,2,21
123000603,375,35,340
123000604,167,58,109
123000605,188,8,180
123000606,0,0,0
123000609,2,48,-46
123000610,11,33,-22
123000613,9,24,-15
123000614,185,22,163
123000615,1,18,-17
123000616,191,30,161
123000617,0,0,0
123000618,0,0,0
123000619,51,1,50
123000620,0,0,0
123000622,109,0,109
123000624,29,31,-2
123000630,785,200,585
123000631,80,55,25
123000632,206,45,161
123000633,0,104,-104
123000634,20,61,-41
123000635,0,0,0
123000636,24,118,-94
123000637,24,2,22
123000638,87,121,-34
123000639,346,1213,-867
123000640,9,0,9
123000648,97,27,70
123000649,0,24,-24
123900001,0,0,0
123900002,0,0,0
123900003,0,0,0
123900005,1,2,-1
123900006,0,0,0
124000001,591,110,481
124000002,1,264,-263
124000003,482,66,416
124000004,0,49,-49
124000005,530,302,228
124000006,0,30,-30
124000007,34,19,15
124000008,0,17,-17
124000009,435,34,401
124000010,26,14,12
124000011,395,62,333
124000012,3,47,-44
124000017,89,37,52
124000018,0,0,0
124000019,118,44,74
124000020,0,0,0
124000021,46,18,28
124000022,0,0,0
124000023,417,825,-408
124000024,256,79,177
124000025,361,684,-323
124000026,387,838,-451
124000027,2408,1125,1283
124000028,96,3066,-2970
124000030,670,150,520
124000031,531,2207,-1676
124000032,0,21,-21
124000033,348,381,-33
124000034,29,99,-70
124000035,134,24,110
124000036,1,37,-36
124000037,62,161,-99
124000038,1,8,-7
124000039,60,14,46
124000040,55,68,-13
124000041,198,15,183
124000042,8,18,-10
124000043,51,12,39
124000044,2,20,-18
124000045,338,76,262
124000046,0,0,0
124000047,340,73,267
124000048,0,0,0
124000049,822,116,706
124000050,0,0,0
124000051,476,114,362
124000052,0,0,0
124000053,338,530,-192
124000054,0,0,0
124000055,885,803,82
124000056,3,2,1
124000057,692,212,480
124000058,4,3,1
124000059,477,596,-119
124000060,112,14,98
124000061,521,1461,-940
124000062,197,85,112
124000063,257,35,222
124000064,209,85,124
124000065,0,0,0
124000066,15,17,-2
124000067,8,17,-9
124000068,0,0,0
124000069,168,8,160
124000070,0,0,0
124000071,43,28,15
124000072,0,0,0
124000073,230,18,212
124000074,0,0,0
124000075,181,40,141
124000076,0,0,0
124000077,28,69,-41
124000078,300,318,-18
124000079,2,60,-58
124000080,188,49,139
124000081,0,0,0
124000082,23,91,-68
124000083,0,0,0
124000084,2,206,-204
124000085,12,1,11
124000086,26,158,-132
124000087,29,37,-8
124000088,32,128,-96
124000089,188,3,185
124000090,17,5,12
124000091,194,10,184
124000092,76,99,-23
124000093,30,73,-43
124000094,19,169,-150
124000095,45,9,36
124000096,3,50,-47
124000097,100,6,94
124000098,58,4,54
124000099,60,22,38
124000100,8,48,-40
124000101,158,36,122
124000102,43,20,23
124000103,129,57,72
124000104,61,10,51
124000105,185,27,158
124000106,47,7,40
124000107,34,219,-185
124000108,16,5,11
124000109,54,15,39
124000110,67,15,52
124000111,70,59,11
124000112,232,109,123
124000113,52,23,29
124000114,116,132,-16
124000115,151,198,-47
124000116,17,43,-26
124000117,20,39,-19
124000118,11,12,-1
124000119,207,98,109
124000120,181,71,110
124000121,541,161,380
124000122,38,172,-134
124000123,345,89,256
124000124,187,124,63
124000125,197,84,113
124000126,141,87,54
124000127,679,48,631
124000128,212,104,108
124000129,727,467,260
124000130,130,19,111
124000131,325,205,120
124000132,179,30,149
124000133,479,278,201
124000134,149,246,-97
124000135,458,559,-101
124000136,60,169,-109
124000137,183,320,-137
124000138,49,130,-81
124000139,80,6,74
124000140,6,97,-91
124000141,129,0,129
124000142,4,45,-41
124000143,8,0,8
124000144,0,9,-9
124000145,57,9,48
124000146,9,6,3
124000148,0,14,-14
124000149,221,86,135
124000150,40,64,-24
124000151,172,174,-2
124000152,51,72,-21
124000153,207,641,-434
124000154,23,84,-61
124000155,357,92,265
124000156,57,61,-4
124000169,17,126,-109
124000170,76,94,-18
124000171,62,112,-50
124000172,96,45,51
124000173,153,47,106
124000174,168,90,78
124000175,0,0,0
124000176,3,45,-42
124000177,0,0,0
124000178,4,65,-61
124000190,8,23,-15
124000191,2,48,-46
124000192,372,183,189
124000193,5,123,-118
124000194,30,23,7
124000195,171,230,-59
124000196,132,94,38
124000197,75,20,55
124000198,70,13,57
124000201,2,0,2
124000202,199,19,180
124000203,52,2,50
124000204,520,24,496
124000205,55,0,55
124000206,722,172,550
124000207,0,0,0
124000209,103,5,98
124000210,511,100,411
124000211,402,1,401
124000212,0,0,0
124000213,72,0,72
124000214,238,10,228
124000215,284,28,256
124000216,0,0,0
124000329,0,35,-35
124000338,4,151,-147
124000339,559,6,553
124000341,432,2,430
124000344,35,38,-3
124000357,810,950,-140
124000358,679,960,-281
124000359,903,254,649
124000360,363,246,117
124000361,1089,635,454
124000362,247,310,-63
124000363,0,0,0
124000364,0,0,0
124000365,9,69,-60
124000366,6,209,-203
124000367,14,15,-1
124000368,112,192,-80
124000369,36,57,-21
124000370,2,69,-67
124000402,2,1,1
124000403,111,3,108
124000404,3,11,-8
124000405,614,99,515
124000406,181,141,40
124000407,0,10,-10
124000411,0,39,-39
124000412,123,0,123
124000413,0,18,-18
124000414,165,54,111
124000415,22,24,-2
124000416,84,57,27
124000417,62,74,-12
124000418,231,15,216
124000419,105,10,95
124000420,112,8,104
124000421,74,25,49
124000422,3,30,-27
124000423,35,4,31
124000424,0,15,-15
124000425,23,0,23
124000426,0,6,-6
124000427,100,0,100
124000428,0,8,-8
124000429,36,12,24
124000430,117,157,-40
124000431,19,47,-28
124000432,77,262,-185
124000439,0,1,-1
124000443,0,0,0
124000445,5,447,-442
124000446,6,49,-43
124000447,4,49,-45
124900001,0,0,0
124900002,0,0,0
124900003,0,0,0
124900004,0,0,0
124900005,0,0,0
124900006,0,0,0
124900008,0,0,0
124900009,0,0,0
124900010,0,0,0
124900011,0,0,0
124900012,0,0,0
124900013,0,0,0
124900014,0,0,0
124900015,9,35,-26
124900016,15,8,7
124900017,0,23,-23
124900018,1,0,1
124900020,16,2,14
124900021,75,8,67
124900022,5,0,5
124900024,72,1,71
124900026,3,0,3
124900027,0,0,0
124900028,0,0,0
124900029,0,0,0
124900030,0,0,0
124900031,0,0,0
124900032,0,0,0
124900033,0,0,0
124900034,0,0,0
124900035,0,0,0
124900036,0,0,0
124900037,0,0,0
124900038,0,0,0
124900039,0,0,0
124900040,0,0,0
124900041,0,0,0
124900042,0,0,0
124900043,0,0,0
124900044,0,0,0
124900045,0,0,0
124900047,0,0,0
124900048,0,0,0
124900050,0,0,0
124900052,0,0,0
124900053,0,0,0
124900054,0,0,0
124900055,0,0,0
124900057,0,0,0
124900060,0,0,0
124900061,11,0,11
124900062,5,0,5
124900066,0,0,0
124900067,0,0,0
124900068,0,0,0
124900070,0,0,0
124900072,0,0,0
124900075,0,0,0
124900076,0,0,0
124900077,0,0,0
124900078,0,0,0
124900079,0,0,0
124900080,0,0,0
124900081,0,0,0
124900082,0,0,0
124900083,0,0,0
124900085,0,0,0
124900086,0,0,0
124900087,0,0,0
124900088,0,0,0
124900089,0,0,0
124900090,22,2,20
124900091,0,0,0
124900092,0,0,0
124900093,38,2,36
124900094,59,0,59
124900095,2,22,-20
124900096,26,6,20
124900097,72,4,68
124900098,0,0,0
124900099,0,0,0
124900100,44,1,43
124900101,38,0,38
124900102,57,0,57
124900103,0,0,0
124900104,0,0,0
124900105,0,0,0
124900106,25,2,23
124900107,7,4,3
124900108,0,0,0
124900111,0,0,0
124900112,0,0,0
124900113,0,0,0
124900114,0,0,0
124900115,0,0,0
124900116,53,45,8
124900117,0,0,0
124900118,1,66,-65
124900119,0,0,0
124900120,0,0,0
124900121,0,0,0
124900122,0,0,0
124900123,0,0,0
124900124,0,0,0
204000001,52,10,42
204000002,3,22,-19
204000003,4,6,-2
204000004,9,2,7
204000005,338,419,-81
204000006,960,1328,-368
204000011,0,0,0
204000012,0,0,0
204000019,889,273,616
204000020,442,245,197
204000021,384,373,11
204000022,681,257,424
204000023,0,0,0
204000031,28,0,28
204000032,92,2,90
204000034,9,3,6
204000035,0,0,0
204000036,0,0,0
204000037,0,0,0
204000038,0,0,0
204000039,0,0,0
204000040,0,0,0
204000041,0,0,0
204000042,8,2,6
204000043,2,10,-8
204000044,36,0,36
204000045,10,8,2
204000046,1,3,-2
204000057,0,0,0
204000062,0,0,0
204000068,0,0,0
204000069,0,0,0
204000070,68,50,18
204000080,0,0,0
204000085,0,0,0
204000086,0,0,0
204000087,13,1,12
204000088,0,0,0
204000090,34,21,13
204000093,650,6,644
204000096,764,259,505
204000097,116,7,109
204000099,1380,1540,-160
204000100,1079,549,530
204000105,0,0,0
204000110,0,0,0
204000111,0,0,0
204000112,0,0,0
204000113,0,0,0
204000114,347,619,-272
204000115,197,116,81
204000116,155,250,-95
204000119,1514,562,952
204000132,549,216,333
204000133,663,37,626
204000134,165,29,136
204000135,628,42,586
204000136,311,115,196
204000138,121,604,-483
204000140,152,145,7
204000141,138,32,106
204000144,0,19,-19
204000145,55,7,48
204000146,0,0,0
204000147,5,1,4
204000148,85,3,82
204000154,1,0,1
204000155,0,0,0
204000177,87,7,80
204000179,8,2,6
204000180,0,2,-2
204000222,0,0,0
204000235,0,0,0
204000236,2,8,-6
204000238,10,1,9
204000240,87,1,86
204000263,0,0,0
204000268,612,151,461
204000308,16,1,15
204000317,0,0,0
204000322,0,0,0
204000323,16,0,16
204000328,234,8,226
204000329,4,8,-4
204000330,44,2,42
204000331,10,12,-2
205000001,0,0,0
205000013,0,0,0
205000014,0,0,0
205000015,0,0,0
205000016,0,0,0
205000017,0,0,0
205000022,0,0,0
205000025,0,0,0
205000029,109,42,67
205000045,0,0,0
205000046,0,0,0
205000047,0,0,0
205000048,0,0,0
205000049,0,0,0
205000050,0,0,0
205000059,0,0,0
205000060,0,0,0
205000061,0,0,0
205000062,0,0,0
205000063,0,0,0
205000064,0,0,0
205000065,0,0,0
205000066,0,0,0
205000067,0,0,0
205000069,89,54,35
205000082,108,81,27
205000110,0,0,0
205000111,0,0,0
205000112,82,104,-22
205000113,0,0,0
205000121,116,34,82
205000123,0,0,0
205000126,587,89,498
205000127,521,36,485
205000128,337,17,320
205000129,537,33,504
205000130,112,17,95
205000131,33,4,29
205000132,44,3,41
205000133,28,0,28
205000134,177,0,177
205000137,0,0,0
205000138,0,0,0
205000139,0,0,0
205000144,33,82,-49
205000145,158,37,121
205000151,23,52,-29
205000152,25,24,1
205000153,117,18,99
205000154,57,22,35
205000155,89,6,83
205000207,0,0,0
205000233,14,0,14
205000234,0,0,0
205000243,0,1,-1
205000244,0,0,0
205000245,0,0,0
205000249,0,0,0
205000250,7,0,7
205000264,0,0,0
206000027,16,12,4
206000028,19,9,10
206000043,0,32,-32
206000053,0,0,0
206000054,0,0,0
206000055,0,0,0
206000075,1,36,-35
206000076,15,7,8
206000077,2,2,0
206000078,11,4,7
206000079,3,12,-9
206000082,124,15,109
206000100,0,190,-190
206000103,0,0,0
206000104,0,0,0
206000105,0,0,0
206000106,0,0,0
206000125,140,0,140
206000157,0,0,0
206000170,0,0,0
206000171,0,19,-19
206000172,1,9,-8
206000173,0,5,-5
206000174,1,7,-6
206000175,0,1,-1
206000176,0,1,-1
206000177,0,7,-7
206000178,0,11,-11
206000179,0,9,-9
206000180,2,11,-9
206000181,0,5,-5
206000182,6,24,-18
206000183,15,34,-19
206000184,0,1,-1
206000185,0,1,-1
206000186,1,16,-15
206000223,0,1,-1
206000226,21,1,20
206000227,6,3,3
206000237,0,12,-12
206000238,0,10,-10
206000239,8,96,-88
206000240,0,0,0
206000241,0,78,-78
206000242,0,0,0
206000243,0,0,0
206000244,0,3,-3
206000245,465,33,432
206000246,197,21,176
206000247,183,3,180
206000248,174,1,173
206000252,7,32,-25
206000258,0,0,0
206000315,13,3,10
206000317,321,69,252
206000318,251,13,238
206000319,663,17,646
206000320,205,8,197
206000321,187,2,185
206000322,232,2,230
206000323,110,9,101
206000324,95,3,92
206000325,68,3,65
206000326,74,15,59
206000327,8,37,-29
206000328,46,1,45
206000329,267,0,267
206000330,14,0,14
206000331,173,0,173
206000332,31,0,31
206000333,520,4,516
206000334,178,2,176
206000335,0,0,0
206000361,0,0,0
206000392,0,0,0
206000405,88,0,88
206000441,16,31,-15
206000498,20,1,19
206000515,27,7,20
206000530,115,47,68
206000531,105,96,9
206000532,238,76,162
206000535,2,175,-173
206000536,0,20,-20
206000537,1,20,-19
206000613,429,54,375
206000784,243,43,200
207000001,0,0,0
207000002,0,0,0
207000003,0,0,0
207000007,980,142,838
207000008,146,4,142
207000009,36,0,36
207000010,43,213,-170
207000012,331,69,262
207000015,63,300,-237
207000019,181,38,143
207000021,238,172,66
207000022,173,108,65
207000023,92,43,49
207000024,3,2,1
207000025,10,18,-8
207000026,0,0,0
207000027,0,0,0
207000028,0,0,0
207000029,0,0,0
207000033,175,227,-52
207000034,123,26,97
207000039,412,54,358
207000040,313,24,289
207000041,46,6,40
207000042,166,18,148
207000043,114,152,-38
207000051,0,0,0
207000052,0,0,0
207000053,0,0,0
207000054,0,0,0
207000055,0,0,0
207000056,0,0,0
207000057,0,0,0
207000058,0,0,0
207000059,0,0,0
207000060,0,0,0
207000061,87,1084,-997
207000062,379,30,349
207000063,273,24,249
207000064,306,35,271
207000065,188,33,155
207000066,325,68,257
207000067,92,33,59
207000068,102,5,97
207000069,508,172,336
207000082,1,158,-157
207000083,23,185,-162
207000084,364,108,256
207000085,171,35,136
207000086,320,8,312
207000106,37,11,26
207000107,108,4,104
207000108,97,1,96
207000109,35,4,31
207000110,73,15,58
207000111,70,37,33
207000112,73,151,-78
207000114,0,0,0
207000115,0,0,0
207000116,0,0,0
207000117,0,0,0
207000118,0,0,0
207000119,0,0,0
207000123,144,5,139
207000124,78,18,60
207000125,69,6,63
207000126,39,3,36
207000134,140,105,35
207000135,17,366,-349
207000148,63,107,-44
207000149,0,0,0
207000152,0,0,0
207000153,0,0,0
207000154,195,70,125
207000159,0,0,0
207000160,0,0,0
207000238,0,0,0
207000242,0,0,0
207000248,0,0,0
207000249,0,0,0
207000250,0,0,0
207000251,0,0,0
207000252,0,0,0
207000278,96,74,22
207000279,0,0,0
207000280,707,43,664
207000281,36,113,-77
207000282,10,190,-180
207000283,2,9,-7
207000284,16,396,-380
207000285,5,92,-87
207000291,0,0,0
207000304,74,11,63
207000306,0,0,0
207000310,84,31,53
207000353,40,2,38
207000356,0,0,0
207000357,1,85,-84
207000358,0,13,-13
207000415,0,0,0
207000417,2,0,2
207000418,48,34,14
207000438,0,0,0
207000439,259,161,98
207000446,33,4,29
207000460,44,4,40
207000466,0,0,0
207000467,156,23,133
207000468,0,0,0
207000476,10,5,5
207000477,172,20,152
207000478,0,0,0
207000523,0,0,0
207000524,10,0,10
207000527,141,34,107
207000530,209,6,203
207000531,83,0,83
207000532,13,0,13
207000534,114,39,75
207000535,0,0,0
207000537,0,0,0
207000540,0,0,0
207000541,0,0,0
207000548,0,0,0
207000549,40,0,40
207000561,146,48,98
207000562,0,0,0
207000567,0,0,0
207000568,35,0,35
207000569,178,11,167
207000584,0,0,0
207000585,5,12,-7
207000587,275,0,275
207000616,0,0,0
207000617,95,0,95
207000624,5,6,-1
207000631,0,8,-8
207900008,372,59,313
208000001,319,455,-136
208000002,331,472,-141
208000003,497,485,12
208000004,430,287,143
208000005,0,0,0
208000019,524,184,340
208000020,178,153,25
208000021,20,74,-54
208000022,163,79,84
208000028,116,742,-626
208000033,70,62,8
208000034,111,285,-174
208000037,63,0,63
208000040,79,45,34
208000041,95,281,-186
208000042,350,280,70
208000047,0,0,0
208000064,885,1033,-148
208000066,653,1102,-449
208000070,210,217,-7
208000071,294,99,195
208000072,386,257,129
208000080,117,163,-46
208000081,156,45,111
208000082,11,2,9
208000083,13,2,11
208000084,2,34,-32
208000085,20,3,17
208000086,11,16,-5
208000087,68,138,-70
208000089,0,0,0
208000090,0,0,0
208000093,0,0,0
208000094,27,108,-81
208000095,208,45,163
208000104,1136,277,859
208000105,425,356,69
208000114,45,511,-466
208000115,212,304,-92
208000116,264,652,-388
208000117,23,54,-31
208000118,48,146,-98
208000155,46,96,-50
208000158,53,204,-151
208000186,514,946,-432
208000204,35,114,-79
208000205,120,101,19
208000282,49,89,-40
209000004,157,81,76
209000005,28,34,-6
209000006,299,66,233
209000007,144,173,-29
209000010,0,0,0
209000011,0,0,0
209000012,0,0,0
209000013,0,0,0
209000014,0,0,0
209000025,177,27,150
209000026,441,30,411
209000027,0,0,0
209000028,0,0,0
209000029,0,0,0
209000030,0,0,0
209000031,0,0,0
209000034,132,216,-84
209000035,173,204,-31
209000036,495,54,441
209000037,309,126,183
209000038,261,42,219
209000039,124,66,58
209000040,170,22,148
209000041,72,27,45
209000042,61,49,12
209000043,132,66,66
209000044,185,106,79
209000045,349,49,300
209000046,239,79,160
209000047,303,20,283
209000048,976,195,781
209000049,0,0,0
209000050,0,0,0
209000051,0,0,0
209000052,0,0,0
209000062,0,0,0
209000063,0,0,0
209000064,0,0,0
209000065,173,28,145
209000066,125,48,77
209000067,128,20,108
209000080,0,0,0
209000082,22,16,6
209000091,0,0,0
209000093,0,0,0
209000094,0,0,0
209000110,11,90,-79
209000111,172,555,-383
209000112,507,100,407
209000113,449,97,352
209000114,268,225,43
209000115,0,0,0
209000116,0,0,0
209000118,1,63,-62
209000119,0,0,0
209000121,0,0,0
209000135,23,28,-5
209000142,351,326,25
209000143,0,0,0
209000144,22,139,-117
209000229,247,11,236
209000240,0,0,0
209000259,0,0,0
209000260,0,0,0
209000261,0,0,0
209000262,0,0,0
209000263,0,0,0
209000264,0,0,0
209000265,92,0,92
209000266,34,0,34
209000267,737,2,735
209000268,447,53,394
210000037,106,7,99
210000047,30,6,24
210000048,27,12,15
210000049,19,0,19
210000052,0,0,0
210000053,0,0,0
210000054,0,0,0
210000070,98,6,92
210000071,82,0,82
210000072,21,0,21
210000073,0,0,0
210000074,0,0,0
210000075,0,0,0
210000076,0,0,0
210000077,0,0,0
210000078,0,0,0
210000079,24,8,16
210000080,25,90,-65
210000081,24,1,23
210000082,3,0,3
210000083,29,0,29
210000084,106,0,106
210000085,0,0,0
210000086,0,0,0
210000099,0,0,0
210000100,0,0,0
210000101,0,0,0
210000105,0,0,0
210000159,0,0,0
210000163,0,0,0
210000164,180,71,109
210000168,96,8,88
210000187,0,0,0
210000188,0,0,0
210000214,9,0,9
210000219,43,28,15
210000220,80,34,46
210000232,0,0,0
210000233,0,0,0
210000234,0,0,0
210000235,0,0,0
210000245,0,0,0
210000246,6,0,6
210000258,0,0,0
210000259,121,3,118
210000282,0,0,0
210000285,0,0,0
210000286,0,0,0
210000290,1,0,1
210000295,0,0,0
210000296,0,0,0
210000320,157,12,145
210000321,89,5,84
210000338,0,0,0
210000339,0,0,0
210000340,0,0,0
210000341,0,0,0
210000342,0,0,0
210000343,0,0,0
210000344,0,0,0
210000345,0,0,0
210000346,0,0,0
210000347,0,0,0
210000348,0,0,0
210000349,0,0,0
210000350,0,0,0
210000351,0,0,0
210000352,40,13,27
210000353,27,14,13
210000354,41,12,29
210000355,9,30,-21
210000356,1,47,-46
210000357,38,62,-24
210000358,45,86,-41
210000359,38,85,-47
210000360,94,34,60
210000361,88,68,20
210000362,160,48,112
210000363,273,95,178
210000364,139,34,105
210000365,100,10,90
210000366,202,13,189
210000367,24,2,22
210000368,56,14,42
210000369,20,23,-3
210000370,44,8,36
210000372,1,9,-8
210000373,0,39,-39
210000374,31,15,16
210000375,21,6,15
210000376,40,22,18
210000404,0,0,0
210000439,73,13,60
210000472,34,10,24
210000482,19,24,-5
210000564,188,88,100
210000567,1,25,-24
210000568,182,1,181
211000092,24,5,19
211000094,19,0,19
211000169,86,0,86
211000172,8,161,-153
211000209,0,4,-4
211000226,17,1,16
211000270,3,18,-15
211000275,2,31,-29
211000276,77,0,77
211000279,4,11,-7
211000281,20,7,13
211000302,0,0,0
211507980,0,34,-34
211977296,2,3,-1
212000003,228,23,205
212000004,0,0,0
212000005,0,0,0
212000006,0,0,0
212000008,0,0,0
212000009,0,0,0
212000012,0,0,0
212000013,0,0,0
212000014,0,0,0
212000015,0,0,0
212000016,0,0,0
212000027,573,91,482
212000028,230,181,49
212000029,119,251,-132
212000030,38,35,3
212000031,35,27,8
212000048,0,0,0
212000049,0,0,0
212000050,0,0,0
212000051,0,0,0
212000052,0,0,0
212000053,0,0,0
212000054,385,32,353
212000055,345,58,287
212000056,12,25,-13
212000057,2,23,-21
212000058,22,6,16
212000070,0,0,0
212000077,0,0,0
212000099,258,92,166
212000108,302,96,206
212000111,364,25,339
212000120,0,0,0
212000138,0,0,0
212000156,0,0,0
212000158,0,19,-19
212000159,610,23,587
212000160,650,87,563
212000161,114,63,51
212000310,0,0,0
212000311,15,64,-49
212000374,0,0,0
213000001,1,131,-130
213000005,156,20,136
213000006,282,62,220
213000007,49,4,45
213000009,91,129,-38
213000010,393,48,345
213000011,130,25,105
213000012,0,0,0
213000014,73,9,64
213000015,176,17,159
213000016,227,1,226
213000017,78,0,78
213000018,0,0,0
213000019,0,8,-8
213000020,4,16,-12
213000021,0,7,-7
213000023,575,112,463
213000033,33,150,-117
213000034,428,96,332
213000035,241,226,15
213000045,37,111,-74
213000046,23,26,-3
213000047,90,669,-579
213000056,93,5,88
213000069,5,0,5
213000073,0,0,0
213000074,0,45,-45
213000075,364,3,361
213000076,15,0,15
213000085,0,0,0
213000086,0,0,0
213000091,103,0,103
213000092,23,5,18
213000099,0,248,-248
213000100,513,216,297
213000101,275,59,216
213000102,175,65,110
213000103,261,131,130
213000104,11,68,-57
213000105,0,26,-26
213000106,8,3,5
213000107,40,3,37
213000108,3,45,-42
213000109,0,29,-29
213000110,1,32,-31
213000111,0,30,-30
213000112,14,49,-35
213000115,14,0,14
213000116,0,71,-71
213000117,1,98,-97
213000118,467,187,280
213000119,0,11,-11
213000120,0,12,-12
213000122,8,62,-54
213000123,5,107,-102
213000124,4,50,-46
213000125,113,29,84
213000126,1,4,-3
213000127,1,34,-33
213000128,11,157,-146
213000129,109,713,-604
213000130,474,341,133
213000132,268,98,170
213000133,690,45,645
213000134,893,5,888
213000136,477,10,467
213000137,348,13,335
213000139,110,0,110
213000147,24,1,23
213000148,4,0,4
213000149,2,0,2
213000150,0,0,0
213000151,0,0,0
213000152,0,0,0
213000153,0,0,0
213000154,0,0,0
213000155,0,0,0
213000156,0,0,0
213000157,0,0,0
213000158,27,134,-107
213000159,650,88,562
213000163,633,109,524
213000165,359,69,290
213000171,0,0,0
213000172,0,0,0
213000173,0,0,0
213000174,0,0,0
213000175,0,0,0
213000176,76,58,18
213000177,101,2,99
213000178,237,1,236
213000179,167,0,167
213000180,126,0,126
213000184,5,58,-53
213000188,212,17,195
213000189,331,19,312
213000190,156,11,145
213000191,375,1,374
213000192,170,2,168
213000193,0,0,0
213000194,0,0,0
213000195,0,0,0
213000196,0,0,0
213000197,465,235,230
213000198,6,0,6
213000200,60,20,40
213000201,0,28,-28
213000202,3,26,-23
213000203,754,321,433
213000204,600,10,590
213000205,254,13,241
213000206,505,1,504
213000207,7,0,7
213000208,3,0,3
213000209,39,1,38
213000210,46,0,46
213000211,0,0,0
213000212,0,0,0
213000213,0,0,0
213000218,192,321,-129
213000219,253,39,214
213000220,250,5,245
213000223,79,87,-8
213000224,7,26,-19
213000225,22,16,6
213000226,70,12,58
213000227,756,60,696
213000228,300,23,277
213000229,14,6,8
213000230,243,9,234
213000232,3,246,-243
213000233,0,0,0
213000234,0,0,0
213000293,0,2,-2
213000294,78,0,78
213000295,1,1,0
213000296,52,17,35
213000297,0,0,0
213000298,0,0,0
213000299,8,18,-10
213000300,1,8,-7
213000303,0,0,0
213000304,0,0,0
213000305,2,4,-2
213000306,0,0,0
213000307,5,25,-20
213000308,0,0,0
213000309,55,10,45
213000310,84,23,61
213000311,10,132,-122
213000315,0,0,0
213000316,131,10,121
213000322,25,3,22
213000323,61,4,57
213000324,28,1,27
213000325,25,3,22
213000326,20,7,13
213000327,20,7,13
213000328,1,12,-11
213000329,22,1,21
213000340,0,8,-8
213000341,408,60,348
213000346,52,174,-122
213000347,112,229,-117
213000348,0,6,-6
213000349,0,0,0
213000350,31,85,-54
213000366,5,78,-73
213000367,247,28,219
213000379,2,9,-7
213000386,0,13,-13
213000406,0,19,-19
213000417,718,158,560
213000425,44,6,38
213000426,53,1,52
213000427,16,20,-4
213000428,27,14,13
213000429,0,3,-3
213000430,5,10,-5
213000431,1,1,0
213000432,0,187,-187
213000433,1,5,-4
213000434,8,15,-7
213000435,22,3,19
213000436,6,1,5
213000437,0,0,0
213000438,65,7,58
213000439,2,7,-5
213000440,0,13,-13
213000441,0,0,0
213000442,0,8,-8
213000443,292,166,126
213000444,7,1,6
213000445,0,34,-34
213000446,0,61,-61
213000447,0,40,-40
213000448,1,9,-8
213000449,419,5,414
213000450,0,1,-1
213000451,6,2,4
213000452,0,0,0
213000453,0,0,0
213000455,13,0,13
213000456,0,3,-3
213000481,4,0,4
213000482,21,0,21
213000489,23,17,6
213000491,0,0,0
213000492,24,0,24
213000493,0,0,0
213000494,144,33,111
213000495,0,0,0
213000496,461,59,402
213000497,2,12,-10
213000498,1,13,-12
213000499,7,19,-12
213000500,269,15,254
213000501,54,16,38
213000502,84,12,72
213000503,0,0,0
213000504,0,4,-4
213000505,1,0,1
213000506,0,0,0
213000507,0,4,-4
213900244,14,0,14
213900245,0,0,0
218000003,0,0,0
218000004,0,0,0
218000005,17,46,-29
218000006,25,6,19
218000007,4,2,2
218000012,19,63,-44
218000013,13,53,-40
218000014,22,78,-56
218000019,87,47,40
218000020,113,39,74
218000021,0,0,0
218000022,0,0,0
218000023,0,0,0
218000024,0,0,0
218000025,0,0,0
218000026,0,0,0
218000027,0,0,0
218000028,0,0,0
218000029,0,0,0
218000030,0,0,0
218000031,0,0,0
218000032,0,0,0
218000040,0,0,0
218000046,31,27,4
218000047,1,30,-29
218000048,44,20,24
218000049,35,54,-19
218000050,128,50,78
218000051,11,90,-79
218000052,0,28,-28
218000053,1,1,0
218000054,7,13,-6
218000055,0,5,-5
218000056,6,15,-9
218000057,1,18,-17
218000064,1,10,-9
218000065,74,8,66
218000066,4,35,-31
218000067,19,43,-24
218000068,31,9,22
218000069,69,5,64
218000070,39,21,18
218000071,67,29,38
218000072,63,37,26
218000078,45,40,5
218000079,201,27,174
218000080,103,32,71
218000081,399,57,342
218000082,108,44,64
218000083,0,0,0
218000084,0,0,0
218000085,0,0,0
218000086,0,0,0
218000087,0,0,0
218000090,10,45,-35
218000091,577,223,354
218000092,106,30,76
218000093,10,12,-2
218000094,0,0,0
218000099,93,152,-59
218000100,33,96,-63
218000101,71,46,25
218000102,123,24,99
218000103,6,14,-8
218000104,35,2,33
218000105,0,0,0
218000106,0,0,0
218000107,0,0,0
218000108,0,0,0
218000112,0,0,0
218000117,3,54,-51
218000134,31,51,-20
218000135,0,14,-14
218000136,44,31,13
218000137,5,32,-27
218000138,0,0,0
218000139,74,3,71
218000140,243,111,132
218000141,6,7,-1
218000142,156,14,142
218000143,39,93,-54
218000144,20,88,-68
218000145,138,90,48
218000146,34,63,-29
218000151,1,7,-6
218000152,52,16,36
218000153,0,0,0
218000154,1,0,1
218000155,5,1,4
218000156,23,1,22
218000157,3,3,0
218000158,3,0,3
218000159,0,0,0
218000160,1,0,1
218000161,8,0,8
218000162,25,3,22
218000163,8,0,8
218000164,14,0,14
218000165,28,1,27
218000170,0,26,-26
218000171,22,1,21
218000172,1,1,0
218000173,4,6,-2
218000174,3,1,2
218000176,223,8,215
218000177,267,65,202
218000178,163,29,134
218000179,200,5,195
218000180,35,0,35
218000181,244,18,226
218000187,0,0,0
218000188,0,0,0
218000189,0,0,0
218000190,0,0,0
218000191,0,0,0
218000192,0,0,0
218000193,0,0,0
218000194,0,0,0
218000195,79,34,45
218000196,256,62,194
218000197,426,38,388
218000198,69,34,35
218000199,22,2,20
218000200,21,8,13
218000201,2,3,-1
218000202,0,0,0
218000207,0,0,0
218000208,0,0,0
218000211,8,0,8
218000212,0,0,0
218000213,84,103,-19
218000214,2,25,-23
218000215,9,23,-14
218000217,2,18,-16
218000218,157,116,41
218000219,0,36,-36
218000220,19,196,-177
218000221,148,134,14
218000222,0,61,-61
218000223,28,262,-234
218000224,1,134,-133
218000225,135,23,112
218000226,143,1,142
218000230,0,0,0
218000232,0,5,-5
218000239,36,0,36
218000240,0,0,0
218000241,1,0,1
218000242,0,0,0
218000243,8,0,8
218000244,2,0,2
218000245,1,13,-12
218000246,0,1,-1
218000247,0,0,0
218000248,0,1,-1
218000249,0,0,0
218000250,0,0,0
218000251,0,2,-2
218000252,0,0,0
218000253,0,0,0
218000254,0,0,0
218000255,0,1,-1
218000256,0,2,-2
218000267,0,0,0
218000268,0,0,0
218000269,0,0,0
218000270,0,0,0
218000271,0,0,0
218000273,34,16,18
218000274,30,0,30
218000275,23,31,-8
218000276,5,10,-5
218000278,2,3,-1
218000279,30,6,24
218000280,0,6,-6
218000281,0,5,-5
218000282,72,306,-234
218000284,26,7,19
218000301,0,0,0
218000302,44,26,18
218000303,0,0,0
218000316,714,312,402
218000317,1081,249,832
218000318,747,119,628
218000319,15,15,0
218000320,0,0,0
218000338,2,8,-6
218000345,0,0,0
218000346,31,71,-40
218000459,25,31,-6
218000490,0,0,0
218000501,67,27,40
218000502,0,0,0
218000503,60,8,52
218000504,117,3,114
218000505,0,0,0
218000506,0,0,0
218000508,0,0,0
218000510,47,20,27
218000520,127,100,27
218000521,0,6,-6
218000522,0,11,-11
218000523,53,22,31
218000524,0,73,-73
218000525,44,10,34
218000526,0,60,-60
218000529,0,4,-4
218000530,1,1,0
218000531,15,2,13
218000532,0,0,0
218000534,133,11,122
218000537,16,26,-10
218000538,31,114,-83
218000540,0,0,0
218000543,20,12,8
218000544,0,0,0
218000545,35,14,21
218000546,0,0,0
218000547,19,38,-19
218000548,0,0,0
218000549,310,19,291
218000550,6,82,-76
218000551,2,127,-125
218000552,171,39,132
218000553,0,0,0
218000554,0,0,0
218000555,32,19,13
218000556,7,0,7
218000557,114,74,40
218000558,12,0,12
218000559,0,100,-100
218000560,0,4,-4
218000561,9,0,9
218000562,0,105,-105
218000563,79,30,49
218000564,0,34,-34
218000565,26,2,24
218000566,32,1,31
218000567,0,47,-47
218000568,1,0,1
218000569,0,52,-52
218000570,5,0,5
218000571,0,45,-45
218000572,19,0,19
218000573,2,73,-71
218000574,1,9,-8
218000575,84,0,84
218000576,1,97,-96
218000577,7,0,7
218000578,1,42,-41
218000579,1,1,0
218000581,0,0,0
218000582,26,0,26
218000583,1,0,1
218000584,0,0,0
218000585,49,0,49
218000586,33,2,31
218000587,0,0,0
218000588,0,0,0
218000589,0,0,0
218000590,2,0,2
218000591,0,0,0
218000592,0,0,0
218000593,0,0,0
218000594,0,0,0
218000597,0,6,-6
218000598,0,0,0
218000599,0,1,-1
218000600,0,0,0
218000601,0,0,0
218000602,0,0,0
218000603,0,9,-9
218000604,2,0,2
218000605,0,6,-6
218000606,21,0,21
218000607,3,19,-16
218000608,32,2,30
218000609,0,4,-4
218000610,3,0,3
218000611,18,0,18
218000612,0,3,-3
218000613,29,0,29
218000614,0,9,-9
218000615,19,0,19
218000616,1,47,-46
218000617,5,2,3
218000618,1,2,-1
218000619,3,0,3
218000620,0,2,-2
218000621,1,1,0
218000622,0,13,-13
218000623,19,0,19
218000624,0,22,-22
218000625,0,0,0
218000626,0,15,-15
218000628,138,37,101
218000631,25,8,17
218000632,0,27,-27
218000633,24,0,24
218000634,0,0,0
218000635,2,4,-2
218000636,32,23,9
218000637,442,69,373
218000638,324,13,311
218000639,6,42,-36
218000640,248,6,242
218000641,49,74,-25
218000652,26,24,2
218000653,151,16,135
218000663,0,2,-2
218000675,0,23,-23
218000676,0,0,0
218000677,2,0,2
218000680,32,21,11
218000681,273,28,245
218000691,37,22,15
218000693,209,13,196
218000703,0,0,0
218000718,0,31,-31
218000719,3,53,-50
218000720,1,18,-17
218000721,2,0,2
218000725,0,0,0
218001147,0,0,0
218001214,0,1,-1
218001258,372,1,371
218001329,25,48,-23
218001330,5,10,-5
218001351,5,20,-15
218001352,0,3,-3
218001353,1,1,0
218001354,0,3,-3
218001355,0,0,0
218001356,322,31,291
218001357,0,0,0
218001358,226,1,225
218001361,584,22,562
218001362,0,0,0
219000001,0,0,0
219000002,0,0,0
219000003,17,33,-16
219000004,16,20,-4
219000017,10,96,-86
219000020,131,16,115
219000022,105,1,104
219000023,59,1,58
219000029,0,0,0
219000034,24,44,-20
219000039,0,0,0
219000040,2,59,-57
219000041,126,66,60
219000051,0,0,0
219000052,0,0,0
219000053,0,0,0
219000054,0,0,0
219000055,185,0,185
219000056,0,0,0
219000057,25,0,25
219000062,0,0,0
219000063,42,8,34
219000064,0,0,0
219000110,173,93,80
219000111,57,46,11
219000112,128,20,108
219000113,77,10,67
219000114,61,26,35
219000116,48,18,30
219000117,129,24,105
219000118,19,56,-37
219000123,101,0,101
219000124,2,0,2
219000125,0,0,0
219000126,0,0,0
219000127,0,0,0
219000128,0,0,0
219000129,0,0,0
219000130,0,0,0
219000131,655,916,-261
219000133,4,63,-59
219000134,8,35,-27
219000135,11,15,-4
219000136,35,76,-41
219000138,92,1,91
219000139,8,0,8
219000140,52,0,52
219000141,9,0,9
219000142,4,0,4
219000143,0,0,0
219000145,5,9,-4
219000146,0,0,0
219000147,0,0,0
219000148,0,0,0
219000149,0,0,0
219000150,0,0,0
219000151,0,0,0
219000157,147,31,116
219000158,68,57,11
219000161,52,3,49
219000163,153,226,-73
219000166,41,22,19
219000167,6,13,-7
219000168,120,70,50
219000174,203,26,177
219000175,79,1,78
219000176,97,10,87
219000177,48,0,48
219000178,80,1,79
219000179,9,43,-34
219000180,5,1,4
219000182,51,3,48
219000183,42,3,39
219000184,26,0,26
219000185,0,0,0
219000186,88,1,87
219000187,43,1,42
219000189,0,0,0
219000190,0,0,0
219000191,0,0,0
219000192,222,215,7
219000193,0,0,0
219000195,0,0,0
219000196,0,0,0
219000198,0,0,0
219000199,0,0,0
219000200,0,0,0
219000201,0,0,0
219000203,0,0,0
219000204,0,0,0
219000205,0,0,0
219000207,0,0,0
219000209,0,0,0
219000210,0,0,0
219000213,0,0,0
219000239,0,0,0
219000240,0,0,0
219000241,0,0,0
219000242,0,0,0
219000243,0,0,0
219000244,0,0,0
219000245,0,0,0
219000246,17,29,-12
219000247,197,70,127
219000248,283,222,61
219000249,52,91,-39
219000250,102,49,53
219000251,151,61,90
219000252,336,101,235
219000253,129,41,88
219000255,107,68,39
219000256,176,70,106
219000257,162,0,162
219000262,0,0,0
219000263,0,0,0
219000267,0,0,0
219000268,0,0,0
219000269,0,1,-1
219000270,44,0,44
219000271,128,0,128
219000278,0,0,0
219000279,0,0,0
219000283,0,0,0
219000295,0,0,0
219000296,0,0,0
219000297,0,0,0
219000298,0,0,0
219000299,190,6,184
219000300,0,0,0
219000301,0,0,0
219000302,0,0,0
219000307,0,0,0
219000308,4,14,-10
219000311,138,11,127
219000312,277,40,237
219000313,286,12,274
219000314,0,0,0
219000315,230,3,227
219000316,314,41,273
219000317,34,23,11
219000320,0,0,0
219000321,0,0,0
219000323,0,0,0
219000325,0,0,0
219000326,0,0,0
219000327,0,0,0
219000328,0,0,0
219000329,107,67,40
219000330,0,22,-22
219000331,19,20,-1
219000332,60,47,13
219000333,30,3,27
219000335,17,1,16
219000337,3,0,3
219000338,35,0,35
219000344,0,0,0
219000345,0,0,0
219000346,0,0,0
219000348,0,0,0
219000349,0,0,0
219000350,0,0,0
219000351,0,0,0
219000352,15,42,-27
219000353,93,70,23
219000354,162,76,86
219000355,106,41,65
219000356,342,754,-412
219000363,74,39,35
219000364,205,33,172
219000365,220,18,202
219000366,138,261,-123
219000368,51,423,-372
219000370,238,568,-330
219000371,0,0,0
219000382,0,6,-6
219000383,0,0,0
219000385,0,0,0
219000386,0,0,0
219000387,0,1,-1
219000390,9,7,2
219000391,5,1,4
219000397,0,0,0
219000398,42,16,26
219000401,0,0,0
219000402,0,0,0
219000403,0,0,0
219000404,0,0,0
219000407,0,0,0
219000409,73,47,26
219000410,44,10,34
219000411,31,2,29
219000446,0,0,0
219000447,0,0,0
219000448,3,7,-4
219000452,24,17,7
219000453,0,0,0
219000454,121,302,-181
219000556,184,14,170
219000558,0,0,0
219000590,0,0,0
219000591,50,31,19
219000592,0,0,0
219000595,0,0,0
219000635,109,26,83
219000636,0,0,0
219000657,0,1,-1
219000658,0,0,0
219000673,0,0,0
219000676,1,0,1
219000679,16,0,16
219000684,76,0,76
219000685,0,0,0
219000686,0,1,-1
219000688,0,0,0
219000689,0,0,0
219000690,135,5,130
219000691,23,0,23
219000692,36,5,31
219000693,0,0,0
219000694,0,0,0
219000695,38,1,37
219000698,5,0,5
219000699,0,0,0
219000727,0,0,0
219000728,59,0,59
219000770,3,0,3
219000771,0,0,0
219000788,0,0,0
219001150,0,29,-29
219001151,0,0,0
219001166,18,1,17
219001167,0,0,0
219001178,78,0,78
220000001,1,14,-13
220000002,3,12,-9
220000003,0,0,0
220000004,0,0,0
220000005,0,0,0
220000006,0,0,0
220000007,0,0,0
220000008,0,0,0
220000009,31,84,-53
220000010,7,5,2
220000011,9,277,-268
220000012,8,62,-54
220000014,0,0,0
220000015,22,210,-188
220000017,27,59,-32
220000018,654,200,454
220000019,240,404,-164
220000020,81,26,55
220000021,222,89,133
220000022,408,135,273
220000023,56,47,9
220000024,293,217,76
220000025,272,767,-495
220000026,62,527,-465
220000027,24,47,-23
220000028,35,71,-36
220000029,0,0,0
220000030,0,0,0
220000031,143,185,-42
220000064,0,0,0
221000046,2,0,2
221000047,0,0,0
221000048,0,0,0
221000049,0,0,0
221000050,4,0,4
221000055,10,1,9
221000057,91,1,90
221000068,233,120,113
221000069,187,82,105
221000070,234,19,215
221000071,110,2,108
221000072,251,7,244
221000073,143,2,141
221000074,0,0,0
221000075,0,0,0
221000076,0,0,0
221000077,0,0,0
221000081,1,1,0
221000082,35,1,34
221000083,6,3,3
221000084,1,3,-2
221000085,9,0,9
221000086,0,0,0
221000087,0,0,0
221000088,0,0,0
221000089,0,0,0
221000090,0,0,0
221000098,79,5,74
221000099,183,5,178
221000100,175,0,175
221000101,177,7,170
221000102,147,2,145
221000109,0,0,0
221000110,0,0,0
221000111,0,0,0
221000112,0,0,0
221000113,0,0,0
221000114,0,0,0
221000120,26,5,21
221000121,0,14,-14
221000122,19,15,4
221000123,1,37,-36
221000124,14,44,-30
221000155,76,3,73
221000156,22,19,3
221000175,10,4,6
221000176,0,24,-24
221000182,19,7,12
221000241,368,338,30
221000242,0,0,0
221000243,366,121,245
221000244,0,0,0
221000245,84,37,47
221000246,0,0,0
221000247,235,51,184
221000248,0,0,0
221000267,5,164,-159
221000325,38,32,6
221000331,1,9,-8
221000338,5,54,-49
221000378,280,10,270
221000381,23,18,5
222000282,0,7,-7
222000296,0,13,-13
222000568,332,18,314
222000569,82,68,14
222000570,97,21,76
222000571,404,0,404
222000577,0,11,-11
222000578,1,57,-56
222000579,19,49,-30
222000580,10,217,-207
222000599,0,19,-19
222000600,0,31,-31
222000601,0,97,-97
222000603,8,5,3
222000604,5,19,-14
222000605,1,33,-32
222000606,0,2,-2
222000607,0,36,-36
222000608,2,0,2
222000609,7,4,3
222000616,217,10,207
222000617,2,1,1
222000618,0,0,0
222000620,1,2,-1
222000621,9,5,4
222000623,239,0,239
222000624,285,2,283
222000625,369,4,365
222000636,58,3,55
222000686,6,15,-9
222000687,2,3,-1
222001066,71,0,71
222001067,33,0,33
222001068,85,1,84
222001069,21,3,18
222001082,5,9,-4
222001083,7,13,-6
222001084,0,1,-1
222001085,0,27,-27
222001111,11,50,-39
222001112,92,1,91
222001313,1,2,-1
222001314,0,17,-17
222001464,112,6,106
222001465,4,9,-5
222001484,76,33,43
222001485,1,3,-2
222001494,415,49,366
222001495,11,24,-13
222001496,356,22,334
222001497,37,49,-12
222001502,0,0,0
222001503,30,5,25
222001504,0,0,0
222001505,245,16,229
222001506,0,0,0
222001507,41,5,36
222001510,439,3,436
222001511,0,0,0
222001514,235,38,197
222001515,0,0,0
222001518,206,52,154
222001519,0,0,0
222001527,31,20,11
222001528,0,0,0
222001529,191,14,177
222001530,0,0,0
222001533,0,0,0
222001534,333,13,320
222001535,150,20,130
222001536,4,31,-27
222001537,83,3,80
222001538,0,0,0
222001563,721,7,714
222001564,0,0,0
222001568,78,6,72
222001576,0,11,-11
222001579,0,6,-6
222001583,17,4,13
222001584,55,4,51
222001596,57,61,-4
222001597,430,70,360
222001626,0,17,-17
222001650,0,18,-18
222001651,30,55,-25
222001914,84,42,42
222001915,0,0,0
222001968,245,26,219
222001969,91,95,-4
222001970,73,37,36
222001971,71,4,67
222001972,1,1,0
225000001,291,58,233
225000002,436,81,355
225000003,385,40,345
225000004,245,43,202
225000005,20,14,6
225000006,0,0,0
225000007,0,0,0
225000010,68,2,66
225000011,71,867,-796
225000012,138,529,-391
225000013,84,30,54
225000014,421,48,373
225000015,1,3,-2
225000021,159,44,115
225000027,0,0,0
225000032,187,37,150
225000042,2,0,2
225000049,0,0,0
225000050,51,2,49
225000053,0,0,0
225000058,379,71,308
225000067,0,0,0
225000068,0,0,0
225000069,0,0,0
225000070,0,0,0
225000071,0,0,0
225000075,0,0,0
225000076,0,0,0
225000078,25,21,4
225000085,71,17,54
225000086,162,3,159
225000087,44,1,43
225000088,0,0,0
225000089,0,0,0
225000090,0,0,0
225000091,0,0,0
225000092,0,0,0
225000093,0,0,0
225000094,0,0,0
225000095,0,0,0
225000096,0,0,0
225000098,235,99,136
225000099,446,42,404
225000100,444,79,365
225000104,0,2,-2
225000110,0,0,0
225000111,4,1,3
225000112,3,7,-4
225000113,4,7,-3
225000114,0,14,-14
225000115,27,18,9
225000116,268,67,201
225000117,467,351,116
225000118,766,161,605
225000119,71,5,66
225000120,272,18,254
225000121,89,13,76
225000123,922,12,910
225000125,282,80,202
225000126,585,123,462
225000127,453,1070,-617
225000128,276,728,-452
225000132,310,22,288
225000133,165,7,158
225000134,293,87,206
225000135,72,3,69
225000136,204,1,203
225000137,227,26,201
225000138,484,34,450
225000143,0,0,0
225000144,0,0,0
225000145,13,34,-21
225000146,0,0,0
225000147,0,0,0
225000148,0,0,0
225000149,0,0,0
225000151,0,0,0
225000155,0,0,0
225000156,9,19,-10
225000157,1,16,-15
225000158,0,0,0
225000171,0,0,0
225000180,12,0,12
225000181,0,0,0
225000182,13,6,7
225000185,0,0,0
225000187,0,1,-1
225000191,1,0,1
225000194,0,0,0
225000208,0,0,0
225000209,66,3,63
225000210,0,0,0
225000217,0,0,0
225000218,8,0,8
225000223,0,0,0
225000224,2,0,2
225000225,0,0,0
225000226,129,0,129
225000227,0,0,0
225000228,2,22,-20
225000229,0,0,0
225000230,0,0,0
225000231,0,0,0
225000232,75,0,75
225000241,29,0,29
225000242,0,0,0
225000249,27,0,27
225000250,0,0,0
225000251,295,13,282
226000042,0,0,0
226000043,0,0,0
226000044,0,0,0
226000045,0,0,0
226000046,337,29,308
226000047,155,10,145
226000048,214,33,181
226000049,174,89,85
226000070,0,0,0
226000071,0,0,0
226000072,0,0,0
226000073,0,0,0
226000074,0,0,0
226000084,0,0,0
226000085,0,0,0
226000086,0,0,0
226000087,0,0,0
226000088,0,0,0
226000090,16,38,-22
226000091,0,9,-9
226000092,0,0,0
226000093,0,0,0
226000094,10,0,10
226000095,10,16,-6
226000105,17,3,14
226000106,17,0,17
226000107,12,0,12
226000108,5,0,5
226000109,25,0,25
226000124,79,21,58
226000134,203,237,-34
226000135,669,229,440
226000136,201,106,95
226000137,0,0,0
226000138,0,0,0
226000139,0,0,0
226000156,117,0,117
226000157,91,4,87
226000163,0,0,0
226000202,0,0,0
226000231,166,0,166
226000232,5,2,3
227000033,271,26,245
227000036,479,6,473
227000037,385,13,372
227000038,40,9,31
227000049,0,0,0
227000050,0,0,0
227000055,39,0,39
227000056,2,0,2
227000084,0,0,0
227000085,0,0,0
227000088,25,0,25
227000089,7,0,7
227000090,36,0,36
227000091,48,8,40
227000093,36,0,36
227000094,1,0,1
227000130,0,0,0
227000131,0,0,0
227000132,0,0,0
227000133,0,0,0
227000134,0,0,0
227000152,0,0,0
227000153,0,0,0
227000155,0,0,0
227000156,0,0,0
227000165,0,0,0
227000196,167,1,166
227000199,288,19,269
227000230,0,0,0
227000232,269,9,260
227000242,0,0,0
227000243,290,16,274
227000245,0,0,0
227000246,0,0,0
227000247,382,26,356
227000248,72,33,39
227000249,0,0,0
227000250,176,145,31
227000251,0,0,0
227000252,0,0,0
227000253,242,11,231
227000262,520,6,514
227000266,655,18,637
227000267,0,0,0
227000282,0,0,0
227000284,273,30,243
227000286,0,0,0
227000287,0,0,0
227000291,0,0,0
227000484,235,4,231
227000485,0,0,0
227000655,122,0,122
227000656,356,15,341
227000657,28,7,21
227000661,157,46,111
227000680,31,100,-69
229000265,7,3,4
229000296,0,10,-10
229000297,0,34,-34
229000298,5,30,-25
229000320,3,0,3
229000321,0,1,-1
229000412,3,7,-4
229000414,0,13,-13
229000415,7,0,7
229000416,0,0,0
229000417,0,0,0
229000419,30,28,2
229000440,158,2,156
229000442,2,0,2
229000443,0,0,0
229000444,0,3,-3
229000445,35,0,35
229000446,6,2,4
229000491,0,0,0
229000492,0,0,0
229000493,0,0,0
229000494,11,0,11
229000495,27,0,27
229000496,39,0,39
229000507,0,0,0
229000508,0,0,0
229000509,0,0,0
229000510,0,0,0
229000511,0,0,0
229000512,0,0,0
229000513,0,0,0
229000514,0,0,0
229000517,0,0,0
229000518,0,0,0
229000519,0,0,0
229000520,0,0,0
229000521,14,2,12
229000522,1,0,1
229000523,1,1,0
229000524,2,0,2
229000527,1,0,1
229000528,0,2,-2
229000529,2,0,2
229000530,15,0,15
229000531,3,0,3
229000532,1,0,1
229000533,6,0,6
229000534,5,0,5
229000564,18,1,17
229000565,5,0,5
229000566,0,0,0
229000567,0,0,0
229000582,24,3,21
229000583,1,3,-2
229000584,0,0,0
229000585,0,0,0
229000718,0,0,0
229000719,0,0,0
229000720,0,0,0
229000721,0,0,0
229000722,0,0,0
229000723,0,0,0
229000724,0,0,0
229000725,0,0,0
229000738,0,0,0
229000739,0,0,0
229000740,1,0,1
229000741,33,0,33
229000742,0,0,0
229000743,26,0,26
229000744,0,0,0
229000745,0,0,0
229000746,2,0,2
229000847,36,0,36
229000848,62,0,62
229000849,88,0,88
229000851,103,0,103
229000854,0,0,0
229000856,0,0,0
229000857,0,0,0
229000858,0,0,0
229000919,0,0,0
229000930,0,0,0
229000937,119,1,118
229000966,37,5,32
229000981,0,1,-1
229000985,0,0,0
229000986,0,0,0
229000987,0,1,-1
229000988,1,1,0
229000989,0,0,0
229000990,0,0,0
229000991,0,0,0
229000992,33,1,32
229000993,45,17,28
229000998,1,1,0
229000999,6,0,6
229001034,0,6,-6
229001035,0,0,0
229001037,8,0,8
229001042,0,3,-3
229001047,0,20,-20
229001050,23,10,13
229001168,0,0,0
229001200,27,0,27
229001338,1,0,1
229001394,117,0,117
229001422,129,12,117
229001423,0,0,0
229001431,22,13,9
229001432,0,0,0
229001444,22,0,22
229001445,23,10,13
229001479,13,0,13
229001503,89,15,74
229001504,1,0,1
229001505,67,3,64
229001506,0,0,0
229001509,7,0,7
229001545,6,1,5
229001546,0,0,0
229001553,43,2,41
229001554,0,0,0
229001559,0,2,-2
229001560,0,4,-4
229001630,41,1,40
229001631,1,17,-16
229001635,0,13,-13
229001636,0,0,0
229001658,0,0,0
229001659,25,0,25
229001660,0,0,0
229001661,0,3,-3
229001662,1,0,1
229001663,0,0,0
229002584,32,18,14
229002831,41,37,4
229002841,0,11,-11
229002842,4,2,2
229002843,5,7,-2
229002844,0,31,-31
229002845,0,7,-7
229002846,5,2,3
229002847,0,0,0
229002848,23,0,23
229002849,0,3,-3
229002850,2,0,2
229002851,0,30,-30
229002852,75,4,71
229002853,28,1,27
229002854,2,4,-2
229002855,0,4,-4
229002856,2,2,0
229002857,0,2,-2
229002858,5,0,5
229002859,0,1,-1
229002860,4,1,3
229002861,17,5,12
229002862,0,1,-1
229002863,0,1,-1
229002864,18,47,-29
229002865,0,1,-1
229002866,13,4,9
229002867,0,1,-1
229002868,1,0,1
229002869,2,11,-9
229002870,11,0,11
235000066,35,8,27
235000067,35,32,3
235000072,0,0,0
235000073,0,0,0
235000074,0,0,0
235000080,0,0,0
235000081,0,0,0
235000082,79,5,74
235000083,50,8,42
235000084,18,8,10
235000085,127,16,111
235000089,3,12,-9
235000092,0,0,0
235000093,0,0,0
235000097,0,0,0
235000098,16,3,13
235000099,3,27,-24
235000116,8,2,6
235000117,253,2,251
235000133,0,0,0
235000134,0,0,0
235000206,3,10,-7
235000207,0,0,0
235000208,0,1,-1
235000209,2,0,2
235000210,15,2,13
235000212,0,0,0
235000213,0,0,0
235000220,0,0,0
235000221,0,0,0
235000238,1,218,-217
235000239,0,35,-35
235000242,124,754,-630
235000245,0,0,0
235000246,0,0,0
235000284,0,0,0
235000295,31,0,31
235000305,144,0,144
235000306,93,0,93
235000307,3,1,2
235000308,10,0,10
235000309,39,0,39
235000310,25,0,25
235000311,8,0,8
235000322,0,0,0
235000323,0,0,0
235000324,0,0,0
235000325,0,0,0
235000326,0,0,0
235000351,0,2,-2
235000352,0,3,-3
235000353,0,0,0
235000354,0,1,-1
235000355,0,1,-1
235000356,22,0,22
235000357,9,0,9
235000358,8,2,6
235000359,2,1,1
235000360,2,1,1
235000361,42,0,42
235000381,0,0,0
235000382,75,2,73
235000390,3,0,3
235000391,115,4,111
235000392,130,50,80
235000393,118,46,72
235000395,119,3,116
235000396,287,19,268
235000400,9,16,-7
235000401,0,0,0
235000405,0,0,0
235000406,0,0,0
235000407,0,0,0
235000409,0,0,0
235000410,0,0,0
235000411,0,0,0
235000485,0,0,0
235000486,0,0,0
235000549,37,29,8
235000550,0,0,0
235000599,0,0,0
235000600,0,0,0
235000601,7,3,4
235000602,85,11,74
235000614,0,0,0
235000648,0,0,0
235000649,18,0,18
235000685,0,0,0
235000815,0,0,0
235000834,0,0,0
235000855,18,9,9
235000862,0,0,0
235000891,0,0,0
235000892,1,0,1
235000901,0,0,0
235000907,0,0,0
235001010,38,17,21
235001029,0,0,0
235001030,164,29,135
235001078,97,25,72
235001079,0,0,0
235001147,10,9,1
235001166,12,33,-21
235001167,0,0,0
235001169,0,0,0
235001188,0,0,0
235001189,3,1,2
235001197,0,0,0
235001200,0,0,0
235001207,265,3,262
235001210,0,0,0
235001215,0,0,0
235001239,0,0,0
235001244,0,1,-1
235016267,0,0,0
277101746,0,0,0
277102712,0,0,0
277103813,8,6,2
277103814,0,0,0
277103898,0,0,0
277104249,0,0,0
277104250,0,16,-16
277104251,0,0,0
277104252,1,8,-7
990011530,0,0,0
990014944,0,24,-24
990015176,41,13,28
990015618,0,0,0
990016032,0,0,0
990032570,0,8,-8
990070001,51,1,50
990070103,0,0,0
990070601,0,19,-19
990070751,629,7,622
990070766,0,0,0
990071180,608,0,608
990071343,5,0,5
990071387,0,0,0
990071823,83,1,82
990072600,0,27,-27
990072964,0,3,-3
990073285,0,1,-1
990074393,1,110,-109
990074870,586,7,579
990075106,195,2,193
990075746,436,11,425
990076437,1197,1,1196
990076458,0,0,0
997000007,101,4,97
997000041,0,24,-24
997000058,35,0,35
997000062,45,10,35
997000069,0,0,0
997000070,0,0,0
997000100,55,9,46
997000141,0,0,0
997000198,0,0,0
998000475,0,0,0
998000736,0,3,-3
998000965,0,6,-6
998001031,0,3,-3
998001700,0,0,0
998001899,0,0,0
998001900,3,50,-47
998003073,516,3,513
998101900,0,12,-12
998102850,0,0,0
998501927,153,0,153
998501929,86,8,78
998501930,53,0,53
998501931,50,1,49
998501932,2,0,2
998501933,98,1,97
998501937,6,0,6
998501944,0,0,0
998501950,1,0,1
998501970,25,0,25
998501971,0,50,-50
998501973,0,2,-2
998501974,0,38,-38
998501975,248,2,246
998501976,62,0,62
998501977,0,1,-1
998501978,7,0,7
998501979,0,0,0
998501980,22,1,21
998501981,71,0,71
998501982,0,0,0
998501983,0,0,0
998502006,0,0,0
998502024,0,7,-7
998502032,0,1,-1
998502062,7,5,2
998502063,0,0,0
998502173,12,0,12
998502269,0,0,0
998502546,0,28,-28
998502578,0,0,0
998502599,0,0,0
998601159,0,5,-5
998601292,0,0,0
999033574,0,0,0
999800001,11,0,11
999800002,0,0,0
999800003,3,1,2
999800004,0,1,-1
999800005,0,0,0
