ID,insum,outsum,diff
100000001,621,986,-365
100000002,2568,3117,-549
100000003,5360,4839,521
100000004,1178,971,207
100000005,2415,4983,-2568
100000006,574,206,368
100000007,1732,802,930
100000008,242,721,-479
100000009,524,270,254
100000010,84,99,-15
100000011,1452,196,1256
100000012,114,1204,-1090
100000013,135,318,-183
100000014,346,365,-19
100000015,1493,2425,-932
100000016,867,1306,-439
100000017,566,879,-313
100000018,1361,647,714
100000019,3528,2332,1196
100000020,1764,5881,-4117
100000021,4885,2475,2410
100000022,1153,2686,-1533
100000023,4500,1772,2728
100000025,877,1241,-364
100000028,1108,1325,-217
100000029,251,378,-127
100000030,124,32,92
100000031,3332,5917,-2585
100000032,1988,3651,-1663
100000033,1003,2688,-1685
100000034,251,661,-410
100000035,1411,1752,-341
100000036,1508,1410,98
100000037,837,494,343
100000038,2526,1054,1472
100000039,521,314,207
100000040,211,170,41
100000041,1263,597,666
100000042,1380,738,642
100000043,1316,654,662
100000044,407,1082,-675
100000045,557,1744,-1187
100000046,591,748,-157
100000047,237,441,-204
100000048,350,488,-138
100000049,1416,1421,-5
100000051,483,742,-259
100000053,236,6,230
100000054,727,44,683
100000055,1260,361,899
100000056,620,518,102
100000057,1938,688,1250
100000058,900,956,-56
100000059,15,163,-148
100000060,459,308,151
100000061,2308,437,1871
100000062,1937,530,1407
100000063,901,321,580
100000064,1364,399,965
100000065,406,709,-303
100000066,165,680,-515
100000067,349,596,-247
100000068,459,1315,-856
100000069,275,1099,-824
100000072,304,745,-441
100000073,1001,995,6
100000075,791,301,490
100000076,1789,3095,-1306
100000077,258,221,37
100000078,49,36,13
100000079,31,70,-39
100000080,26,46,-20
100000081,138,160,-22
100000102,2267,2523,-256
100000103,2560,2073,487
100000104,3682,3063,619
100000105,2245,1822,423
100000106,1930,2198,-268
100000107,480,1153,-673
100000108,452,959,-507
100000109,1852,1244,608
100000116,1204,921,283
100000117,95,118,-23
100000118,1202,1428,-226
100000119,551,881,-330
100000121,412,485,-73
100000122,594,1205,-611
100000123,1885,3916,-2031
100000124,3302,6165,-2863
100000125,3275,1731,1544
100000126,622,498,124
100000127,1301,471,830
100000128,1093,2684,-1591
100000129,383,461,-78
100000130,510,441,69
100000131,1787,2526,-739
100000132,1172,2924,-1752
100000133,3891,2225,1666
100000135,575,1115,-540
100000139,365,526,-161
100000140,288,337,-49
100000142,527,617,-90
100000143,1397,479,918
100000144,3001,806,2195
100000147,1142,3154,-2012
100000150,66,468,-402
100000151,959,1218,-259
100000153,192,389,-197
100000154,30,186,-156
100000155,16,57,-41
100000156,400,455,-55
100000157,170,161,9
100000158,323,145,178
100000159,206,655,-449
100000165,1681,912,769
100000169,208,864,-656
100000174,518,857,-339
100000179,108,596,-488
100000180,1359,2206,-847
100000181,632,264,368
100000188,74,191,-117
100000189,917,407,510
100000190,773,1105,-332
100000191,677,604,73
100000192,52,131,-79
100000193,357,200,157
100000330,1064,850,214
100000355,265,715,-450
100000362,3513,2481,1032
100000363,4306,4539,-233
100000364,219,296,-77
100000365,5620,7528,-1908
100000366,5946,3057,2889
100000367,5614,7358,-1744
100000368,1836,1262,574
100000369,858,2128,-1270
100000370,198,926,-728
100000376,53,182,-129
100000379,1697,1721,-24
100000380,3424,4560,-1136
100000384,4397,5058,-661
100000385,3155,4062,-907
100000386,5802,4951,851
100000387,4335,5436,-1101
100000388,5221,6048,-827
100000389,6134,6095,39
100000390,6596,6251,345
100000391,5008,7885,-2877
100000392,3009,4126,-1117
100000393,2599,4799,-2200
100000394,6586,7877,-1291
100000395,4662,4765,-103
100000396,7114,3950,3164
100000397,5007,7191,-2184
100000398,8832,7264,1568
100000413,28,6,22
100900002,6,27,-21
100900003,386,195,191
100900004,22,718,-696
100900005,93,27,66
100900006,17,91,-74
100900007,245,13,232
100900008,6,365,-359
100900009,72,94,-22
100900010,45,56,-11
100900011,131,158,-27
100900012,1,180,-179
100900013,859,9,850
100900014,3,6,-3
100900015,77,36,41
100900016,4,28,-24
100900017,699,75,624
100900018,0,23,-23
100900019,15,69,-54
100900020,400,11,389
100900021,167,2,165
100900022,13,32,-19
100900023,0,20,-20
100900024,470,2,468
100900025,22,6,16
100900026,121,121,0
100900027,475,2033,-1558
100900028,90,187,-97
100900029,53,7,46
100900030,2,80,-78
100900031,513,55,458
100900032,126,2,124
100900033,240,201,39
100900034,689,1,688
100900035,361,0,361
100900036,5,1,4
100900037,86,146,-60
100900038,55,40,15
100900039,281,607,-326
100900040,1699,510,1189
100900041,576,562,14
100900042,846,1571,-725
100900043,0,14,-14
100900044,1273,553,720
100900045,2,4,-2
100900046,452,7,445
100900047,638,129,509
100900048,118,38,80
100900049,87,112,-25
100900050,7,13,-6
100900051,34,102,-68
100900052,276,30,246
100900053,343,26,317
100900054,9,51,-42
100900055,219,570,-351
100900056,76,145,-69
100900057,1267,715,552
100900058,215,53,162
100900059,106,7,99
100900060,222,9,213
100900061,312,137,175
100900062,7,24,-17
100900063,221,624,-403
100900064,242,14,228
100900065,97,100,-3
100900066,187,113,74
100900067,1,3,-2
100900068,100,70,30
100900069,252,7,245
100900070,329,6,323
100900071,635,143,492
100900072,3,64,-61
100900073,160,306,-146
100900074,5,8,-3
100900075,1445,300,1145
100900076,2,26,-24
100900077,21,59,-38
100900078,91,225,-134
100900079,13,16,-3
100900080,51,113,-62
100900081,32,101,-69
100900082,149,426,-277
100900083,9,14,-5
100900085,9,385,-376
100900086,155,494,-339
100900088,165,362,-197
100900089,4,15,-11
100900090,81,391,-310
100900091,0,15,-15
100900092,184,120,64
100900093,232,267,-35
100900094,159,300,-141
100900095,0,22,-22
100900096,56,95,-39
100900097,3,2,1
100900098,18,26,-8
100900099,21,438,-417
100900100,31,430,-399
100900101,265,47,218
100900102,44,94,-50
100900103,7,29,-22
100900104,4,192,-188
100900105,37,503,-466
100900106,35,8,27
100900107,1593,758,835
100900108,6,31,-25
100900109,19,36,-17
100900110,4,20,-16
100900111,52,159,-107
100900112,8,21,-13
100900113,15,42,-27
100900114,15,14,1
100900115,2,19,-17
100900116,751,492,259
100900117,253,923,-670
100900118,20,36,-16
100900119,24,11,13
100900120,7,12,-5
100900121,344,420,-76
100900122,230,134,96
100900123,156,167,-11
100900124,27,25,2
100900125,8,76,-68
100900126,239,192,47
100900127,6,19,-13
100900128,47,145,-98
100900129,0,216,-216
100900131,115,235,-120
100900133,70,35,35
100900134,2,6,-4
100900135,0,195,-195
100900137,232,161,71
100900138,564,484,80
100900139,2,6,-4
100900140,9,340,-331
100900141,2,572,-570
100900142,1,6,-5
100900143,591,353,238
100900144,13,6,7
100900145,123,320,-197
100900146,6,39,-33
100900147,23,580,-557
100900148,41,399,-358
100900149,25,379,-354
100900150,0,24,-24
100900151,103,352,-249
100900152,146,10,136
100900153,7,192,-185
100900154,10,109,-99
100900155,23,10,13
100900156,20,6,14
100900157,8,168,-160
100900159,4,49,-45
100900160,18,2,16
100900161,35,20,15
100900162,35,363,-328
100900163,140,116,24
100900164,38,52,-14
100900165,9,8,1
100900166,21,7,14
100900167,18,48,-30
100900168,43,128,-85
100900169,79,788,-709
100900170,37,7,30
100900171,14,426,-412
100900172,0,37,-37
100900173,18,218,-200
100900174,217,24,193
100900176,1460,190,1270
100900177,502,262,240
100900178,229,149,80
100900179,170,367,-197
100900180,10,0,10
100900181,113,73,40
100900182,34,22,12
100900184,10,151,-141
100900186,622,374,248
100900187,17,79,-62
100900188,22,7,15
100900189,1507,223,1284
100900191,756,886,-130
100900192,214,339,-125
100900195,75,175,-100
100900197,19,38,-19
100900198,37,146,-109
100900199,6,12,-6
100900200,624,345,279
100900201,65,444,-379
100900202,100,0,100
100900203,5,330,-325
100900204,272,1198,-926
100900205,157,555,-398
100900206,169,57,112
100900207,283,147,136
100900210,140,289,-149
100900211,601,159,442
100900213,195,50,145
100900214,492,127,365
100900215,20,53,-33
100900217,169,109,60
101000001,3250,2077,1173
101000002,5582,6042,-460
101000003,510,1073,-563
101000004,6425,5340,1085
101000005,3529,4231,-702
101000006,5181,5640,-459
101000007,2955,3403,-448
101000008,2138,2252,-114
101000009,1774,1061,713
101000010,847,900,-53
101000011,1351,396,955
101000012,1210,760,450
101000013,668,941,-273
101000014,457,519,-62
101000015,1188,895,293
101000016,263,459,-196
101000017,508,547,-39
101000018,2242,2312,-70
101000020,1994,1001,993
101000021,684,425,259
101000022,106,58,48
101000023,1150,575,575
101000025,299,371,-72
101000026,319,18,301
101000027,1690,2529,-839
101000028,1017,215,802
101000029,261,1832,-1571
101000030,1779,132,1647
101000031,803,894,-91
101000032,7012,4827,2185
101000033,2033,3789,-1756
101000034,1822,1641,181
101000035,755,361,394
101000036,1374,1019,355
101000037,2320,1961,359
101000039,2111,2631,-520
101000040,2794,4256,-1462
101000041,7604,7767,-163
101000042,405,1217,-812
101000043,6033,7368,-1335
101000045,1472,991,481
101000046,3266,1839,1427
101000047,2046,4061,-2015
101000048,756,496,260
101000049,647,2199,-1552
101000050,1546,1820,-274
101000051,1582,2642,-1060
101000052,1537,1050,487
101000053,1122,1591,-469
101000054,1897,1064,833
101000055,1208,1182,26
101000056,31,81,-50
101000057,1849,1335,514
101000058,1078,1156,-78
101000059,1886,2213,-327
101000060,1549,664,885
101000061,749,1483,-734
101000062,587,798,-211
101000063,537,1008,-471
101000064,978,1092,-114
101000065,405,465,-60
101000066,999,874,125
101000067,1169,1075,94
101000068,267,463,-196
101000069,227,75,152
101000070,800,1093,-293
101000071,2259,943,1316
101000072,812,2786,-1974
101000073,770,1049,-279
101000074,4930,3704,1226
101000075,3700,5598,-1898
101000077,1544,1281,263
101000078,834,1606,-772
101000079,690,472,218
101000080,581,595,-14
101000081,1721,1654,67
101000082,2771,2673,98
101000083,2622,2057,565
101000084,1132,759,373
101000085,1396,1054,342
101000086,1009,1077,-68
101000087,799,883,-84
101000088,1266,995,271
101000089,1121,1421,-300
101000090,1686,1010,676
101000091,453,622,-169
101000092,1172,853,319
101000093,1505,681,824
101000094,928,867,61
101000095,541,501,40
101000096,451,428,23
101000097,404,475,-71
101000098,368,464,-96
101000099,745,967,-222
101000100,850,935,-85
101000101,283,391,-108
101000102,625,496,129
101000103,748,505,243
101000104,294,574,-280
101000105,300,550,-250
101000106,802,993,-191
101000107,270,331,-61
101000108,634,235,399
101000109,358,78,280
101000110,58,301,-243
101000111,93,261,-168
101000113,198,542,-344
101000114,7747,7479,268
101000115,191,301,-110
101000116,221,204,17
101000117,1751,437,1314
101000119,64,55,9
101000120,151,50,101
101000121,60,46,14
101000122,139,100,39
101000123,70,130,-60
101000124,620,261,359
101000125,259,428,-169
101000128,292,440,-148
101000130,247,337,-90
101000131,947,486,461
101000132,664,713,-49
101000135,36,42,-6
101000136,387,171,216
101000137,31,300,-269
101000141,1117,2858,-1741
101000147,916,440,476
101000148,927,31,896
101000149,455,538,-83
101000150,93,561,-468
101000151,279,54,225
101000152,325,249,76
101000153,399,212,187
101000154,265,708,-443
101000155,261,117,144
101000156,19,319,-300
101000157,47,28,19
101000160,82,73,9
101000163,190,305,-115
101000164,374,268,106
101000165,244,354,-110
101000166,213,274,-61
101000168,849,393,456
101000252,2090,899,1191
101000254,260,108,152
101000258,38,1,37
101000261,103,54,49
101000262,892,2784,-1892
101000263,302,1094,-792
101000265,99,872,-773
101000266,376,358,18
101000269,34,12,22
101000290,963,2317,-1354
101000293,28,69,-41
101000294,651,397,254
101000295,203,394,-191
101000301,661,520,141
101000304,1629,2737,-1108
101000305,2503,1200,1303
101000328,150,493,-343
101900001,40,126,-86
101900002,0,15,-15
101900003,53,119,-66
101900004,3,66,-63
101900005,2526,2152,374
101900006,1141,54,1087
101900007,767,154,613
101900008,112,301,-189
101900009,45,386,-341
101900010,797,710,87
101900011,207,946,-739
101900012,265,174,91
101900013,769,210,559
101900017,14,157,-143
101900018,754,247,507
101900019,204,117,87
101900020,163,62,101
101900021,0,51,-51
101900022,173,766,-593
101900023,119,146,-27
101900026,105,41,64
101900027,13,128,-115
102000001,2192,3949,-1757
102000002,2037,987,1050
102000003,3099,6371,-3272
102000004,4916,2645,2271
102000005,1299,1921,-622
102000006,978,1690,-712
102000007,1553,4416,-2863
102000008,3445,1331,2114
102000009,6258,7433,-1175
102000010,4407,2739,1668
102000011,3377,2630,747
102000012,3020,2604,416
102000018,2213,2438,-225
102000019,2078,1156,922
102000026,174,490,-316
102000029,232,190,42
102000030,114,324,-210
102000031,73,115,-42
102000032,535,334,201
102000033,262,296,-34
102000034,424,317,107
102000035,906,590,316
102000036,30,199,-169
102000037,128,88,40
102000038,183,302,-119
102000039,228,78,150
102000040,360,203,157
102000041,145,408,-263
102000042,176,289,-113
102000043,158,196,-38
102000044,245,434,-189
102000045,760,819,-59
102000046,1042,470,572
102000047,706,799,-93
102000048,375,563,-188
102000049,949,715,234
102000050,1051,1010,41
102000051,369,536,-167
102000052,1046,681,365
102000053,837,761,76
102000054,750,1024,-274
102000055,1155,555,600
102000056,972,907,65
102000057,1463,563,900
102000058,1066,1205,-139
102000059,1358,1332,26
102000060,1087,1001,86
102000061,1663,1566,97
102000062,1698,999,699
102000063,1223,1350,-127
102000064,692,853,-161
102000065,58,170,-112
102000066,911,1005,-94
102000067,1967,3062,-1095
102000068,8851,3012,5839
102000069,95,2379,-2284
102000070,1351,51,1300
102000071,6480,8859,-2379
102000072,2647,3816,-1169
102000073,1269,1105,164
102000074,737,986,-249
102000075,166,380,-214
102000076,211,445,-234
102000077,641,762,-121
102000078,1016,692,324
102000079,185,264,-79
102000080,277,258,19
102000081,280,823,-543
102000082,718,363,355
102000083,603,222,381
102000084,377,260,117
102000085,1640,759,881
102000086,1161,758,403
102000087,756,1300,-544
102000088,418,256,162
102000089,1216,370,846
102000090,421,955,-534
102000091,1413,591,822
102000092,368,684,-316
102000093,821,814,7
102000094,819,606,213
102000095,994,1124,-130
102000096,633,799,-166
102000097,699,678,21
102000098,490,669,-179
102000099,808,926,-118
102000100,564,1401,-837
102000101,872,983,-111
102000102,285,1505,-1220
102000103,1361,430,931
102000104,650,312,338
102000105,303,502,-199
102000106,847,520,327
102000107,1305,447,858
102000108,693,176,517
102000109,486,477,9
102000110,1117,889,228
102000111,19,354,-335
102000112,171,104,67
102000113,15,22,-7
102000114,731,319,412
102000115,237,247,-10
102000116,461,472,-11
102000117,184,576,-392
102000118,893,1451,-558
102000119,1259,868,391
102000120,225,373,-148
102000121,916,446,470
102000122,613,851,-238
102000123,1127,872,255
102000124,970,1036,-66
102000125,822,851,-29
102000126,774,728,46
102000127,1150,646,504
102000128,743,764,-21
102000129,1123,700,423
102000130,743,707,36
102000131,1066,567,499
102000132,492,717,-225
102000133,2018,1286,732
102000134,715,742,-27
102000135,605,700,-95
102000136,787,457,330
102000137,696,758,-62
102000138,272,370,-98
102000139,86,534,-448
102000140,230,613,-383
102000141,187,337,-150
102000142,337,345,-8
102000143,177,331,-154
102000144,346,359,-13
102000145,351,410,-59
102000146,417,270,147
102000147,463,364,99
102000148,235,414,-179
102000149,151,307,-156
102000150,341,88,253
102000151,104,205,-101
102000152,170,141,29
102000153,1089,596,493
102000154,234,547,-313
102000155,84,269,-185
102000156,267,126,141
102000157,80,344,-264
102000158,441,461,-20
102000159,694,460,234
102000161,2690,1786,904
102000162,138,142,-4
102000163,106,504,-398
102000164,795,975,-180
102000165,309,139,170
102000166,72,197,-125
102000167,263,213,50
102000168,261,176,85
102000169,135,491,-356
102000170,497,250,247
102000171,233,279,-46
102000172,141,429,-288
102000173,542,294,248
102000174,90,58,32
102000175,142,87,55
102000176,57,27,30
102000178,252,281,-29
102000179,344,224,120
102000180,914,377,537
102000181,739,422,317
102000182,628,488,140
102000183,1700,1361,339
102000184,1615,675,940
102000185,2694,1064,1630
102000186,1316,1392,-76
102000187,910,1246,-336
102000188,1016,1275,-259
102000189,1868,739,1129
102000190,584,2343,-1759
102000191,986,448,538
102000192,1226,1441,-215
102000193,59,103,-44
102000194,42,120,-78
102000195,361,375,-14
102000196,224,264,-40
102000197,684,343,341
102000198,261,565,-304
102000199,928,270,658
102000200,296,723,-427
102000201,1096,353,743
102000202,4,59,-55
102000203,391,184,207
102000204,519,575,-56
102000205,956,329,627
102000206,563,469,94
102000207,562,383,179
102000208,331,384,-53
102000209,63,45,18
102000210,371,319,52
102000211,382,205,177
102000212,390,15,375
102000213,5,206,-201
102000214,270,4,266
102000215,7,266,-259
102000216,50,76,-26
102000217,13,87,-74
102000218,260,219,41
102000219,332,189,143
102000225,473,697,-224
102000226,2869,1260,1609
102000227,174,4,170
102000228,0,68,-68
102000229,26,53,-27
102000230,317,375,-58
102000231,278,345,-67
102000232,33,123,-90
102000233,380,561,-181
102000234,153,920,-767
102000236,242,69,173
102000237,390,124,266
102000238,151,211,-60
102000240,444,649,-205
102000241,153,117,36
102000243,43,77,-34
102000245,32,118,-86
102000246,18,44,-26
102000247,711,914,-203
102000248,602,1263,-661
102000249,136,146,-10
102000250,89,378,-289
102000254,147,226,-79
102000266,18,328,-310
102000271,17,0,17
102000286,401,363,38
102000297,1628,768,860
102000299,0,0,0
102000301,0,0,0
102000303,0,0,0
102000305,0,0,0
102000307,0,4,-4
102900001,827,531,296
102900002,347,40,307
102900003,70,196,-126
102900005,258,113,145
102900006,303,98,205
102900007,434,9,425
102900008,138,32,106
102900009,378,287,91
102900010,268,781,-513
102900011,1322,238,1084
102900012,398,71,327
102900013,46,58,-12
102900015,623,461,162
102900016,69,83,-14
102900017,185,439,-254
102900018,45,113,-68
102900019,288,273,15
102900020,161,42,119
102900021,39,81,-42
102900022,531,203,328
102900023,85,44,41
102900024,47,35,12
102900025,188,95,93
102900026,279,1563,-1284
102900027,80,66,14
102900028,142,581,-439
102900029,155,160,-5
102900030,352,283,69
102900031,168,121,47
102900032,81,81,0
102900033,145,179,-34
102900034,415,64,351
102900035,147,303,-156
102900036,274,359,-85
102900037,284,336,-52
102900038,362,307,55
102900039,10,452,-442
102900040,122,284,-162
102900041,71,197,-126
102900042,214,229,-15
102900043,121,176,-55
102900044,517,1469,-952
102900045,105,463,-358
102900046,163,171,-8
102900047,137,458,-321
102900048,607,422,185
102900049,141,323,-182
102900050,194,286,-92
102900051,214,152,62
102900053,371,496,-125
102900054,428,966,-538
102900055,93,220,-127
102900056,79,302,-223
102900057,8,38,-30
102900058,340,77,263
102900059,40,41,-1
102900060,120,300,-180
102900061,145,321,-176
102900062,260,733,-473
102900063,1101,408,693
102900064,102,328,-226
102900065,1886,665,1221
102900066,225,12,213
102900068,73,73,0
102900070,188,420,-232
102900072,11,45,-34
102900073,84,8,76
102900075,41,74,-33
102900076,135,148,-13
102900077,36,30,6
102900078,47,73,-26
102900079,178,6,172
102900080,311,32,279
102900081,59,279,-220
102900082,19,165,-146
102900083,192,24,168
102900084,3,33,-30
102900085,345,122,223
102900086,16,50,-34
102900087,126,98,28
102900088,43,23,20
102900089,199,99,100
102900090,1,264,-263
102900091,165,5,160
102900092,256,571,-315
102900094,4,134,-130
102900095,139,6,133
102900096,61,26,35
102900097,5,77,-72
103000001,2115,2335,-220
103000002,1920,2172,-252
103000003,3008,2200,808
103000004,864,632,232
103000005,1646,2891,-1245
103000006,760,1326,-566
103000007,413,605,-192
103000008,890,580,310
103000009,1139,885,254
103000010,309,166,143
103000011,1333,1057,276
103000012,1255,1288,-33
103000013,3021,1717,1304
103000014,1355,2197,-842
103000015,1422,573,849
103000016,529,1265,-736
103000017,235,344,-109
103000018,614,315,299
103000019,261,262,-1
103000020,1776,1198,578
103000021,1643,1755,-112
103000022,632,744,-112
103000023,731,1667,-936
103000024,87,149,-62
103000025,145,682,-537
103000026,727,108,619
103000027,323,642,-319
103000028,300,343,-43
103000029,266,360,-94
103000030,1157,1067,90
103000031,1107,1761,-654
103000032,2029,1305,724
103000033,2785,2522,263
103000034,1238,929,309
103000035,368,1123,-755
103000036,345,468,-123
103000037,559,480,79
103000038,375,782,-407
103000039,465,292,173
103000040,435,713,-278
103000041,1549,1623,-74
103000042,1240,369,871
103000043,563,730,-167
103000044,337,143,194
103000046,387,355,32
103000047,515,583,-68
103000048,211,189,22
103000049,57,154,-97
103000050,663,445,218
103000051,485,408,77
103000052,729,280,449
103000053,189,573,-384
103000054,2393,1074,1319
103000055,1705,1611,94
103000056,800,1083,-283
103000057,866,257,609
103000058,706,677,29
103000059,571,695,-124
103000060,759,500,259
103000061,468,799,-331
103000062,1018,557,461
103000063,864,747,117
103000064,179,178,1
103000065,6,385,-379
103000066,227,15,212
103000069,423,338,85
103000070,894,674,220
103000071,1269,490,779
103000072,112,531,-419
103000073,574,108,466
103000074,483,92,391
103000075,116,542,-426
103000076,288,350,-62
103000077,38,326,-288
103000078,841,557,284
103000079,579,772,-193
103000080,792,298,494
103000081,353,1262,-909
103000082,495,157,338
103000083,82,316,-234
103000084,100,7,93
103000085,0,152,-152
103000086,490,424,66
103000087,100,534,-434
103000088,270,233,37
103000089,234,429,-195
103000090,2007,792,1215
103000091,549,407,142
103000092,209,205,4
103000093,257,329,-72
103000094,166,81,85
103000095,91,267,-176
103000096,545,65,480
103000097,68,618,-550
103000098,641,112,529
103000099,185,572,-387
103000100,78,505,-427
103000101,802,95,707
103000102,111,461,-350
103000103,651,110,541
103000104,57,68,-11
103000105,139,71,68
103000106,7,122,-115
103000107,196,33,163
103000108,952,670,282
103000109,425,432,-7
103000110,480,414,66
103000111,416,404,12
103000112,283,164,119
103000113,373,517,-144
103000114,1206,431,775
103000115,528,443,85
103000116,640,438,202
103000117,398,373,25
103000118,467,509,-42
103000119,883,430,453
103000120,35,104,-69
103000121,256,751,-495
103000122,526,937,-411
103000125,17,207,-190
103000126,710,0,710
103000127,0,125,-125
103000128,179,3,176
103000129,1,106,-105
103000130,65,58,7
103000131,141,107,34
103000132,73,198,-125
103000133,13,123,-110
103000134,323,793,-470
103000135,532,285,247
103000136,449,398,51
103000137,407,561,-154
103000138,678,682,-4
103000139,2,58,-56
103000140,112,30,82
103000141,76,116,-40
103000142,126,78,48
103000143,39,163,-124
103000144,159,50,109
103000145,25,145,-120
103000150,129,51,78
103000152,221,214,7
103000153,237,151,86
103000156,5,265,-260
103000157,495,2,493
103000159,94,24,70
103000162,66,45,21
103000163,31,117,-86
103000164,21,11,10
103000165,76,192,-116
103000166,293,303,-10
103000167,192,125,67
103000168,123,143,-20
103000169,208,403,-195
103000170,996,356,640
103000171,39,109,-70
103000172,502,297,205
103000173,681,335,346
103000174,169,332,-163
103000175,357,206,151
103000176,685,578,107
103000177,440,336,104
103000178,148,243,-95
103000179,183,47,136
103000183,121,19,102
103000185,119,39,80
103000186,153,175,-22
103000187,565,245,320
103000188,13,60,-47
103000189,640,624,16
103000191,365,338,27
103000292,1079,1493,-414
103000293,803,1959,-1156
103000295,63,100,-37
103000296,292,4,288
103000297,10,18,-8
103000504,0,12,-12
103000505,3,33,-30
103000506,1,212,-211
103000507,217,6,211
103000508,46,35,11
103000509,253,495,-242
103900001,6,73,-67
103900002,838,139,699
103900003,1071,473,598
103900004,103,0,103
103900005,1,134,-133
103900006,32,46,-14
103900007,78,4,74
103900008,10,1,9
103900010,179,343,-164
103900012,14,41,-27
103900014,59,17,42
103900015,78,5,73
103900017,25,78,-53
103900018,552,135,417
103900019,60,347,-287
103900020,197,355,-158
103900021,304,153,151
103900022,1021,591,430
103900023,131,0,131
103900024,69,314,-245
103900025,10,26,-16
103900026,110,0,110
103900027,639,194,445
103900028,168,371,-203
103900029,1061,175,886
103900030,256,103,153
103900031,31,4,27
103900032,84,91,-7
103900033,75,12,63
103900034,34,111,-77
103900035,52,38,14
103900036,39,32,7
103900037,65,55,10
103900038,102,206,-104
103900039,87,261,-174
103900040,11,108,-97
103900041,43,78,-35
103900042,54,344,-290
103900043,191,77,114
103900044,89,251,-162
103900045,324,147,177
103900047,99,19,80
103900048,29,26,3
103900049,187,1009,-822
103900050,11,102,-91
103900051,0,35,-35
103900053,227,391,-164
103900054,173,267,-94
103900055,152,79,73
103900056,58,54,4
103900057,30,109,-79
103900058,257,476,-219
103900059,0,47,-47
103900060,77,203,-126
103900061,175,43,132
103900062,339,124,215
103900063,15,0,15
103900064,124,2,122
103900065,426,222,204
103900066,147,21,126
103900067,229,23,206
103900068,3,0,3
103900069,74,8,66
103900070,136,207,-71
103900071,17,96,-79
103900072,17,128,-111
103900073,30,29,1
103900074,117,59,58
103900075,198,48,150
103900076,563,502,61
103900077,25,95,-70
103900078,408,95,313
103900079,138,144,-6
103900080,12,26,-14
103900081,76,16,60
103900082,10,122,-112
103900083,1003,838,165
103900084,23,135,-112
103900085,80,127,-47
103900086,695,332,363
103900088,271,487,-216
103900089,63,127,-64
103900090,0,149,-149
103900091,1093,194,899
103900092,463,412,51
103900093,62,221,-159
103900094,22,84,-62
103900095,577,402,175
103900096,23,123,-100
103900097,14,316,-302
103900098,250,117,133
103900099,42,61,-19
103900100,211,295,-84
103900101,140,976,-836
103900102,3,33,-30
103900104,2,29,-27
103900105,88,167,-79
103900106,1,135,-134
103900107,175,173,2
103900108,86,239,-153
103900109,154,59,95
103900110,207,51,156
103900111,94,376,-282
103900112,35,73,-38
103900113,53,109,-56
103900114,592,475,117
103900115,216,124,92
103900116,3313,2576,737
103900117,94,43,51
103900119,41,91,-50
103900120,74,68,6
103900122,99,171,-72
103900123,982,566,416
103900124,54,353,-299
103900125,89,74,15
103900126,551,232,319
103900127,185,247,-62
103900128,337,188,149
103900131,47,93,-46
103900133,863,45,818
103900134,1,3,-2
103900135,1,1,0
103900137,0,11,-11
103900138,65,108,-43
103900139,184,1655,-1471
103900140,5,153,-148
103900141,208,38,170
103900142,133,67,66
103900143,51,0,51
103900144,1,28,-27
103900145,151,190,-39
103900146,279,200,79
103900147,292,103,189
103900148,538,422,116
103900149,311,487,-176
103900150,4823,3518,1305
103900151,91,175,-84
103900152,540,304,236
103900153,3,0,3
103900154,1030,1707,-677
103900155,40,145,-105
103900156,56,121,-65
103900157,53,115,-62
103900158,97,97,0
103900159,174,32,142
103900160,52,36,16
103900161,78,118,-40
103900162,287,345,-58
103900163,19,370,-351
103900167,10,83,-73
103900168,128,65,63
103900169,23,39,-16
103900170,1,78,-77
103900171,1,34,-33
103900172,6,9,-3
103900173,17,14,3
103900174,196,49,147
103900175,33,79,-46
103900176,9,35,-26
103900177,14,57,-43
103900178,56,48,8
103900179,82,100,-18
103900180,10,67,-57
103900181,53,48,5
103900182,32,11,21
103900184,325,67,258
103900185,85,337,-252
103900187,20,82,-62
103900188,68,29,39
103900189,100,10,90
103900190,63,39,24
103900191,19,28,-9
103900192,29,66,-37
103900193,95,112,-17
103900194,61,235,-174
103900195,7,100,-93
103900196,103,30,73
103900197,19,21,-2
103900198,16,39,-23
103900199,136,54,82
103900200,160,107,53
103900201,83,150,-67
103900202,13,48,-35
103900203,46,25,21
103900204,0,77,-77
103900207,2,58,-56
103900208,102,1,101
103900209,5,117,-112
103900210,40,30,10
103900211,561,255,306
103900212,275,328,-53
103900213,42,188,-146
103900214,277,217,60
103900215,234,382,-148
103900216,16,284,-268
103900217,462,25,437
103900218,12,337,-325
103900219,216,184,32
103900233,16,0,16
103900235,30,10,20
103900236,18,4,14
103900242,4,15,-11
103900243,0,6,-6
103900244,104,182,-78
103900245,103,136,-33
103900246,50,37,13
103900247,31,104,-73
103900248,12,122,-110
103900249,24,89,-65
103900250,24,36,-12
103900251,3,31,-28
103900253,19,66,-47
103900254,1,24,-23
103900255,6,26,-20
103900256,10,28,-18
103900257,117,128,-11
103900258,23,6,17
103900259,65,14,51
103900261,10,7,3
103900262,18,7,11
103900263,45,40,5
103900264,65,25,40
103900265,67,3,64
103900266,2,104,-102
103900267,2,68,-66
103900268,26,61,-35
103900269,158,22,136
103900270,80,109,-29
103900271,37,72,-35
103900272,52,45,7
103900273,22,27,-5
103900274,82,3,79
103900275,35,10,25
103900276,8,62,-54
103900277,4,48,-44
103900278,4,20,-16
103900279,4,24,-20
103900280,1,74,-73
104000001,2212,1500,712
104000002,1614,1909,-295
104000003,2098,1831,267
104000004,2316,2185,131
104000005,1496,1621,-125
104000006,3290,2625,665
104000007,3865,4136,-271
104000008,167,189,-22
104000009,171,123,48
104000010,181,327,-146
104000011,372,215,157
104000012,134,239,-105
104000013,233,186,47
104000014,259,488,-229
104000015,344,125,219
104000016,434,311,123
104000018,920,167,753
104000019,611,213,398
104000020,117,396,-279
104000021,231,405,-174
104000022,130,214,-84
104000023,895,330,565
104000024,208,265,-57
104000026,43,259,-216
104000027,209,147,62
104000028,414,199,215
104000029,336,228,108
104000030,299,195,104
104000031,1280,308,972
104000032,225,195,30
104000033,584,408,176
104000034,285,196,89
104000035,786,311,475
104000036,782,393,389
104000037,277,164,113
104000038,719,584,135
104000039,219,174,45
104000040,227,291,-64
104000041,899,354,545
104000042,190,278,-88
104000043,253,288,-35
104000044,277,468,-191
104000045,819,727,92
104000046,850,1015,-165
104000047,709,920,-211
104000048,911,1040,-129
104000049,446,282,164
104000050,142,494,-352
104000051,91,437,-346
104000052,1979,1783,196
104000053,883,380,503
104000054,273,250,23
104000055,2762,1791,971
104000056,1055,278,777
104000057,271,456,-185
104000058,832,614,218
104000059,534,1031,-497
104000060,870,1015,-145
104000061,1126,868,258
104000062,546,191,355
104000064,554,324,230
104000065,161,577,-416
104000069,815,1134,-319
104000070,49,453,-404
104000071,308,426,-118
104000072,665,311,354
104000075,57,243,-186
104000076,417,49,368
104000082,1936,2748,-812
104000083,695,175,520
104000084,127,438,-311
104000085,205,275,-70
104000086,173,392,-219
104000087,364,1676,-1312
104000090,757,979,-222
104000092,1135,1412,-277
104000094,720,1019,-299
104000095,1719,1240,479
104000096,1437,78,1359
104000097,1710,592,1118
104000098,2189,625,1564
104000100,1591,456,1135
104000101,1019,1362,-343
104000106,110,621,-511
104000107,531,323,208
104000108,243,344,-101
104000109,301,94,207
104000110,786,866,-80
104000111,2597,2052,545
104000112,1419,500,919
104000116,2,761,-759
104000117,193,438,-245
104000118,537,156,381
104000119,515,264,251
104000120,219,467,-248
104000121,188,624,-436
104000122,695,624,71
104000123,488,727,-239
104000124,667,1270,-603
104000125,2399,3797,-1398
104000126,386,338,48
104000127,1025,1775,-750
104000128,500,354,146
104000129,319,21,298
104000130,6,193,-187
104000131,441,393,48
104000132,336,445,-109
104000133,1399,744,655
104000134,940,1428,-488
104000135,456,1721,-1265
104000136,657,3626,-2969
104000137,1587,397,1190
104000138,741,234,507
104000139,4056,2358,1698
104000141,973,1106,-133
104000142,586,454,132
104000143,600,345,255
104000144,97,146,-49
104000145,409,194,215
104000146,262,405,-143
104000147,110,189,-79
104000148,343,171,172
104000149,193,178,15
104000150,912,446,466
104000151,299,250,49
104000152,453,429,24
104000153,572,513,59
104000154,707,410,297
104000155,425,563,-138
104000157,917,1022,-105
104000158,364,548,-184
104000159,744,592,152
104000160,1746,1728,18
104000161,141,136,5
104000162,59,115,-56
104000165,902,844,58
104000167,576,989,-413
104000168,569,9,560
104000169,156,39,117
104000170,354,509,-155
104000248,281,392,-111
104000251,64,161,-97
104000272,0,0,0
104000273,0,0,0
104000274,0,0,0
104000275,0,0,0
104000279,2432,1902,530
104000290,66,218,-152
104000291,556,1032,-476
104000293,862,578,284
104000294,26,1,25
104000295,678,698,-20
104000296,412,660,-248
104000297,984,1673,-689
104000298,2092,925,1167
104000299,752,1236,-484
104000302,121,153,-32
104000303,161,123,38
104900001,122,243,-121
104900002,52,178,-126
104900003,37,234,-197
104900004,71,189,-118
104900005,261,206,55
104900006,254,89,165
104900007,246,171,75
104900009,131,229,-98
104900010,88,47,41
104900011,32,17,15
104900012,278,28,250
104900013,105,17,88
104900014,1641,231,1410
104900015,86,4,82
104900016,186,149,37
104900017,157,153,4
104900018,9,155,-146
104900019,196,2888,-2692
104900020,72,234,-162
104900021,0,94,-94
104900022,3,104,-101
104900023,0,39,-39
104900024,13,113,-100
104900025,62,147,-85
104900026,1,40,-39
104900027,385,235,150
104900028,32,64,-32
104900029,37,52,-15
104900030,467,151,316
104900031,74,165,-91
104900032,46,50,-4
104900033,223,179,44
104900034,311,141,170
104900035,347,174,173
104900036,207,72,135
104900037,119,162,-43
104900038,242,736,-494
104900039,380,349,31
104900040,390,98,292
104900041,259,132,127
104900042,115,213,-98
104900043,14,185,-171
104900044,690,141,549
104900045,415,33,382
104900046,242,96,146
104900047,271,104,167
104900048,288,71,217
104900049,38,29,9
104900050,264,63,201
104900051,263,43,220
104900052,37,2,35
104900053,355,77,278
104900054,135,18,117
104900055,118,2,116
104900056,170,11,159
104900057,48,1,47
104900058,436,257,179
104900059,229,52,177
104900061,183,328,-145
104900063,19,110,-91
104900064,0,49,-49
104900065,0,179,-179
104900066,0,75,-75
104900067,0,229,-229
104900068,15,123,-108
104900070,142,181,-39
104900071,2,336,-334
104900072,56,152,-96
104900073,60,106,-46
104900074,34,121,-87
104900075,69,38,31
104900076,67,194,-127
104900077,572,179,393
104900078,173,387,-214
104900079,101,473,-372
104900080,82,478,-396
104900082,6,304,-298
104900085,38,204,-166
104900089,134,3,131
104900091,627,373,254
104900093,185,355,-170
104900097,1845,1864,-19
104900098,95,31,64
104900099,46,346,-300
104900100,361,152,209
104900102,37,102,-65
104900103,371,47,324
104900106,82,119,-37
104900107,135,125,10
104900108,55,171,-116
104900109,87,130,-43
104900110,10,51,-41
104900111,117,92,25
104900112,221,397,-176
104900113,652,232,420
104900114,307,290,17
104900115,678,327,351
104900116,268,123,145
104900118,20,50,-30
104900119,11,47,-36
104900120,38,310,-272
104900121,0,45,-45
104900122,1,39,-38
104900123,69,7,62
104900124,54,0,54
104900125,269,2,267
104900126,52,27,25
104900127,26,38,-12
104900128,63,52,11
104900129,1103,1673,-570
105000001,2538,1218,1320
105000002,2295,1341,954
105000003,2882,2752,130
105000004,527,702,-175
105000005,820,904,-84
105000006,1311,1645,-334
105000007,1134,1667,-533
105000008,1483,3507,-2024
105000009,2217,3102,-885
105000010,2480,1540,940
105000011,3311,3053,258
105000012,2784,2467,317
105000013,923,1121,-198
105000014,1931,2544,-613
105000015,8795,13170,-4375
105000016,2127,1824,303
105000017,1567,736,831
105000018,1146,1314,-168
105000019,1063,873,190
105000020,206,411,-205
105000021,302,161,141
105000022,336,109,227
105000023,497,414,83
105000028,53,95,-42
105000029,399,1271,-872
105000030,3248,2218,1030
105000031,3,33,-30
105000033,1030,1548,-518
105000034,121,926,-805
105000037,517,192,325
105000038,1489,1795,-306
105000039,1789,1476,313
105000040,761,1161,-400
105000041,406,1027,-621
105000042,2802,1545,1257
105000043,1387,1625,-238
105000044,569,411,158
105000045,257,454,-197
105000046,1206,325,881
105000047,531,864,-333
105000048,647,220,427
105000049,205,387,-182
105000050,752,385,367
105000051,161,311,-150
105000052,560,744,-184
105000053,116,120,-4
105000054,411,695,-284
105000055,782,259,523
105000056,1347,1557,-210
105000057,1184,642,542
105000058,1129,896,233
105000059,632,547,85
105000060,439,438,1
105000061,695,523,172
105000062,567,554,13
105000063,275,366,-91
105000064,1460,716,744
105000065,334,446,-112
105000066,891,1022,-131
105000067,1344,672,672
105000068,373,713,-340
105000069,1329,1703,-374
105000070,454,839,-385
105000071,236,818,-582
105000072,1177,2203,-1026
105000073,825,540,285
105000074,793,568,225
105000075,473,710,-237
105000076,1023,863,160
105000077,2287,949,1338
105000078,931,1139,-208
105000079,1038,3109,-2071
105000080,1454,1122,332
105000081,3360,1328,2032
105000082,918,1722,-804
105000083,4215,3713,502
105000084,616,689,-73
105000085,1728,2150,-422
105000086,743,900,-157
105000087,1363,1627,-264
105000088,1375,1518,-143
105000089,2315,1645,670
105000090,754,723,31
105000091,1075,1265,-190
105000092,558,710,-152
105000093,313,331,-18
105000094,329,237,92
105000095,126,579,-453
105000096,1072,1246,-174
105000097,760,843,-83
105000098,821,555,266
105000099,693,692,1
105000100,1296,1008,288
105000101,1683,1750,-67
105000102,1447,1580,-133
105000103,1252,2203,-951
105000104,2220,999,1221
105000105,1106,1386,-280
105000106,1233,1171,62
105000107,1428,673,755
105000108,1390,1017,373
105000109,1435,1216,219
105000110,838,408,430
105000111,851,602,249
105000112,1177,532,645
105000113,395,614,-219
105000114,1800,962,838
105000115,310,1103,-793
105000116,851,497,354
105000117,987,711,276
105000118,508,339,169
105000119,562,544,18
105000120,905,468,437
105000121,699,653,46
105000122,455,544,-89
105000123,886,886,0
105000124,1922,625,1297
105000125,771,1325,-554
105000126,1933,1347,586
105000127,2168,1445,723
105000128,607,783,-176
105000129,717,372,345
105000130,335,2831,-2496
105000131,547,279,268
105000132,947,597,350
105000133,411,742,-331
105000134,769,563,206
105000135,414,450,-36
105000136,166,311,-145
105000137,557,225,332
105000138,221,289,-68
105000139,886,631,255
105000140,480,377,103
105000141,301,442,-141
105000142,242,394,-152
105000143,167,449,-282
105000144,269,644,-375
105000145,669,400,269
105000146,371,732,-361
105000147,678,279,399
105000148,1050,594,456
105000149,2281,1917,364
105000150,1455,1146,309
105000151,399,320,79
105000152,145,374,-229
105000153,573,588,-15
105000154,532,364,168
105000155,290,782,-492
105000156,601,562,39
105000157,625,1043,-418
105000158,1550,706,844
105000159,303,742,-439
105000160,1693,556,1137
105000161,662,654,8
105000162,514,1347,-833
105000163,879,582,297
105000164,196,175,21
105000165,594,4591,-3997
105000166,3608,853,2755
105000167,1288,1459,-171
105000168,498,432,66
105000169,548,233,315
105000170,188,948,-760
105000171,873,178,695
105000172,189,33,156
105000173,191,49,142
105000174,75,55,20
105000175,77,107,-30
105000176,413,98,315
105000177,338,170,168
105000178,185,356,-171
105000179,622,165,457
105000180,138,109,29
105000181,150,230,-80
105000182,52,51,1
105000183,1768,1918,-150
105000184,958,1179,-221
105000185,1043,1198,-155
105000186,511,859,-348
105000187,799,242,557
105000188,216,202,14
105000189,145,516,-371
105000190,286,288,-2
105000191,424,368,56
105000192,299,73,226
105000193,74,130,-56
105000194,540,99,441
105000195,261,654,-393
105000196,133,279,-146
105000197,302,492,-190
105000198,538,246,292
105000199,285,746,-461
105000200,121,242,-121
105000201,79,39,40
105000203,31,167,-136
105000204,94,73,21
105000205,101,156,-55
105000207,391,170,221
105000208,201,495,-294
105000209,173,294,-121
105000211,327,10,317
105000212,1094,872,222
105000213,161,187,-26
105000214,175,235,-60
105000215,323,135,188
105000216,178,191,-13
105000217,118,179,-61
105000218,1354,932,422
105000221,200,152,48
105000222,598,252,346
105000223,346,223,123
105000226,91,205,-114
105000227,53,125,-72
105000228,187,1701,-1514
105000229,163,448,-285
105000231,414,253,161
105000233,804,620,184
105000234,462,1101,-639
105000235,304,504,-200
105000237,748,60,688
105000243,27,36,-9
105000248,54,70,-16
105000262,313,887,-574
105000269,95,215,-120
105000270,447,23,424
105000271,0,173,-173
105000282,59,38,21
105000287,341,84,257
105000288,546,367,179
105000289,2516,1839,677
105000290,44,24,20
105000402,2577,3288,-711
105000426,421,515,-94
105000438,3757,1486,2271
105000440,52,18,34
105000446,8800,4939,3861
105000447,4622,2162,2460
105000454,524,504,20
105000455,267,182,85
105000474,72,0,72
105000477,405,532,-127
105000478,1674,4140,-2466
105000479,117,124,-7
105000480,9171,6940,2231
105000481,4725,3437,1288
105000482,4098,7128,-3030
105000483,1794,1988,-194
105000484,2163,2957,-794
105000485,1517,3370,-1853
105000486,2924,2271,653
105000488,8603,4376,4227
105000489,912,770,142
105000549,133,165,-32
105000550,390,1338,-948
105000551,31,141,-110
105000552,2348,1185,1163
105000555,1269,901,368
105000556,44,42,2
105000557,71,209,-138
105900001,5,1969,-1964
105900002,913,603,310
105900003,23,94,-71
105900004,153,95,58
105900005,6,228,-222
105900006,21,64,-43
105900007,65,35,30
105900008,55,346,-291
105900009,25,11,14
105900011,92,36,56
105900012,410,87,323
105900013,0,28,-28
105900014,3,57,-54
105900015,146,289,-143
105900016,513,376,137
105900017,1146,33,1113
105900018,146,138,8
105900019,89,273,-184
105900020,65,50,15
105900021,19,213,-194
105900022,261,112,149
105900023,6,95,-89
105900024,6,354,-348
105900025,190,21,169
105900026,214,8,206
105900027,8671,3813,4858
105900028,461,460,1
105900029,1426,328,1098
105900030,156,200,-44
105900031,238,130,108
105900032,55,88,-33
105900033,84,68,16
105900034,233,133,100
105900035,132,100,32
105900036,139,107,32
105900037,87,53,34
105900038,156,202,-46
105900039,118,70,48
105900040,67,71,-4
105900041,142,128,14
105900042,50,142,-92
105900043,962,37,925
105900044,4,193,-189
105900045,2,581,-579
105900046,4,239,-235
105900047,11,33,-22
105900048,87,322,-235
105900050,2564,4368,-1804
105900051,48,941,-893
105900052,430,98,332
105900053,1984,2284,-300
105900054,278,129,149
105900056,414,350,64
105900057,42,182,-140
105900058,10,19,-9
105900059,1,39,-38
106000001,3558,2177,1381
106000002,1796,4453,-2657
106000003,2838,3199,-361
106000004,1483,2414,-931
106000005,3264,4409,-1145
106000006,4792,2887,1905
106000007,489,552,-63
106000008,602,313,289
106000009,557,361,196
106000010,558,481,77
106000011,991,817,174
106000012,826,990,-164
106000013,1642,1654,-12
106000014,1421,1149,272
106000015,1673,1111,562
106000016,1097,1437,-340
106000017,538,619,-81
106000018,512,420,92
106000019,389,355,34
106000020,322,292,30
106000021,329,403,-74
106000022,330,188,142
106000023,604,333,271
106000024,557,379,178
106000025,152,156,-4
106000026,136,294,-158
106000027,1566,1193,373
106000028,562,373,189
106000029,607,847,-240
106000030,427,461,-34
106000034,153,436,-283
106000035,884,1736,-852
106000036,164,374,-210
106000037,1609,1082,527
106000038,261,109,152
106000039,81,98,-17
106000040,120,834,-714
106000041,629,484,145
106000043,505,261,244
106000046,379,58,321
106000047,38,370,-332
106000049,960,201,759
106000050,231,485,-254
106000051,638,383,255
106000052,100,386,-286
106000053,387,109,278
106000054,274,304,-30
106000055,1007,702,305
106000056,247,282,-35
106000057,416,245,171
106000058,139,120,19
106000059,300,266,34
106000060,265,366,-101
106000061,241,466,-225
106000062,132,406,-274
106000063,694,570,124
106000064,27,245,-218
106000065,310,277,33
106000066,106,222,-116
106000067,356,69,287
106000068,53,419,-366
106000069,239,52,187
106000070,436,635,-199
106000071,952,270,682
106000072,2194,1398,796
106000073,1365,2764,-1399
106000074,639,557,82
106000075,318,1082,-764
106000076,1493,1666,-173
106000077,2707,1092,1615
106000078,1013,790,223
106000079,572,676,-104
106000080,1189,474,715
106000081,610,881,-271
106000082,1897,731,1166
106000083,418,1250,-832
106000084,1071,557,514
106000085,1189,1182,7
106000086,523,721,-198
106000087,929,499,430
106000088,396,639,-243
106000089,1006,297,709
106000090,289,470,-181
106000091,299,372,-73
106000092,616,221,395
106000093,316,114,202
106000094,82,222,-140
106000095,799,582,217
106000096,830,522,308
106000097,1096,549,547
106000098,716,794,-78
106000099,208,912,-704
106000100,1193,200,993
106000101,1297,436,861
106000102,329,854,-525
106000103,218,521,-303
106000104,951,392,559
106000105,415,467,-52
106000106,664,419,245
106000107,154,212,-58
106000108,448,251,197
106000109,233,242,-9
106000110,274,240,34
106000111,225,353,-128
106000112,244,489,-245
106000113,599,492,107
106000114,423,529,-106
106000115,231,324,-93
106000116,322,180,142
106000117,942,513,429
106000118,1132,956,176
106000119,1096,713,383
106000120,727,1100,-373
106000121,201,108,93
106000122,123,138,-15
106000123,519,126,393
106000124,79,141,-62
106000125,25,182,-157
106000126,295,104,191
106000127,812,711,101
106000128,731,169,562
106000129,420,350,70
106000130,763,301,462
106000131,152,513,-361
106000132,568,153,415
106000133,1415,927,488
106000134,496,1609,-1113
106000135,173,453,-280
106000136,701,879,-178
106000137,64,533,-469
106000138,952,104,848
106000139,48,78,-30
106000140,40,49,-9
106000141,111,34,77
106000142,130,48,82
106000143,54,55,-1
106000144,64,67,-3
106000145,181,188,-7
106000146,378,138,240
106000147,671,515,156
106000148,890,781,109
106000149,582,449,133
106000150,435,1620,-1185
106000151,2990,727,2263
106000152,979,1623,-644
106000153,102,1646,-1544
106000154,1320,190,1130
106000155,123,273,-150
106000156,720,191,529
106000157,634,1193,-559
106000158,1637,771,866
106000159,2061,1629,432
106000160,415,2228,-1813
106000161,1150,278,872
106000162,343,764,-421
106000163,430,312,118
106000164,415,262,153
106000165,175,400,-225
106000166,663,236,427
106000167,285,722,-437
106000168,550,184,366
106000169,308,402,-94
106000170,788,205,583
106000171,210,900,-690
106000172,2427,1059,1368
106000173,999,2141,-1142
106000174,975,342,633
106000175,209,573,-364
106000176,1433,689,744
106000177,633,1670,-1037
106000178,2649,1299,1350
106000179,720,1580,-860
106000180,625,950,-325
106000181,738,1442,-704
106000182,1338,533,805
106000183,1200,423,777
106000184,992,517,475
106000185,793,1129,-336
106000186,685,128,557
106000187,160,783,-623
106000188,1,0,1
106000189,27,32,-5
106000190,24,0,24
106000191,626,164,462
106000192,4,23,-19
106000193,361,190,171
106000194,173,330,-157
106000195,217,132,85
106000196,79,304,-225
106000197,630,205,425
106000198,130,190,-60
106000199,890,590,300
106000200,202,192,10
106000201,394,2148,-1754
106000202,2623,503,2120
106000203,27,150,-123
106000204,140,3,137
106000205,44,131,-87
106000206,92,22,70
106000207,46,464,-418
106000208,1337,173,1164
106000209,1334,335,999
106000210,335,750,-415
106000211,252,757,-505
106000212,734,402,332
106000213,518,1553,-1035
106000214,2016,534,1482
106000215,243,422,-179
106000216,317,309,8
106000217,250,302,-52
106000218,486,349,137
106000219,161,240,-79
106000220,435,237,198
106000221,227,194,33
106000222,81,113,-32
106000223,282,90,192
106000224,228,147,81
106000225,116,78,38
106000226,73,195,-122
106000228,30,75,-45
106000229,80,576,-496
106000231,1017,117,900
106000232,76,257,-181
106000233,455,79,376
106000234,68,163,-95
106000235,595,111,484
106000236,226,71,155
106000237,11,20,-9
106000238,53,11,42
106000239,5,116,-111
106000240,37,2,35
106000241,31,467,-436
106000242,237,25,212
106000249,80,55,25
106000250,66,405,-339
106000251,107,26,81
106000252,17,48,-31
106000253,48,54,-6
106000254,102,24,78
106000255,16,160,-144
106000256,54,46,8
106000257,119,160,-41
106000258,258,22,236
106000259,8,46,-38
106000260,31,7,24
106000261,4,52,-48
106000262,58,17,41
106000263,6,49,-43
106000264,220,6,214
106000265,6,126,-120
106000266,92,27,65
106000267,7,62,-55
106000268,395,56,339
106000269,60,50,10
106000270,120,384,-264
106000271,69,141,-72
106000272,173,44,129
106000273,19,157,-138
106000274,144,27,117
106000275,134,248,-114
106000276,138,31,107
106000277,108,279,-171
106000278,166,37,129
106000279,22,39,-17
106000280,81,69,12
106000281,95,49,46
106000282,58,74,-16
106000283,115,38,77
106000284,69,91,-22
106000285,115,68,47
106000286,117,117,0
106000287,122,53,69
106000288,99,125,-26
106000289,81,56,25
106000290,68,83,-15
106000291,101,78,23
106000292,91,60,31
106000293,137,90,47
106000294,141,100,41
106000295,37,45,-8
106000296,20,57,-37
106000297,53,193,-140
106000298,83,59,24
106000299,68,122,-54
106000300,77,103,-26
106000301,56,115,-59
106000303,20,58,-38
106000304,39,20,19
106000305,63,35,28
106000306,34,30,4
106000307,53,16,37
106000308,37,81,-44
106000309,15,53,-38
106000310,269,391,-122
106000311,351,142,209
106000312,108,166,-58
106000313,199,196,3
106000318,93,374,-281
106000319,887,279,608
106000320,3,76,-73
106000321,246,96,150
106000322,181,97,84
106000324,18,136,-118
106000325,1567,743,824
106000326,951,1313,-362
106000327,224,103,121
106000328,54,116,-62
106000329,258,203,55
106000330,89,79,10
106000428,76,165,-89
106000429,174,461,-287
106000430,390,925,-535
106000431,2190,392,1798
106000432,1442,2137,-695
106000433,2282,1401,881
106000434,3087,1409,1678
106000435,1177,1940,-763
106000436,21,167,-146
106000437,224,62,162
106000438,231,168,63
106000439,37,495,-458
106000440,235,651,-416
106000441,3,0,3
106000442,143,5,138
106000443,175,214,-39
106000450,2,107,-105
106000451,35,56,-21
106000454,4,167,-163
106000455,20,141,-121
106000456,110,36,74
106000457,19,644,-625
106000458,1020,67,953
106000459,163,205,-42
106000460,1417,25,1392
106000461,81,704,-623
106000462,1,24,-23
106000463,0,11,-11
106000464,9,345,-336
106000465,710,4,706
106000466,3,373,-370
106000467,258,368,-110
106000468,92,102,-10
106000469,102,0,102
106000470,265,1456,-1191
106000471,20,432,-412
106000472,155,16,139
106000473,27,12,15
106000474,436,373,63
106000475,441,213,228
106000476,200,223,-23
106000477,53,124,-71
106000480,0,256,-256
106900001,0,8,-8
106900002,3,251,-248
106900003,153,1264,-1111
106900004,1,17,-16
106900006,0,7,-7
106900007,0,8,-8
106900008,312,117,195
106900009,292,204,88
106900010,207,147,60
106900012,925,1885,-960
106900013,516,151,365
106900014,25,1,24
106900015,9,2,7
106900016,326,9,317
106900017,3,1,2
106900018,5,0,5
106900019,21,0,21
106900020,2179,1313,866
106900021,84,78,6
106900022,545,1,544
106900023,304,251,53
106900024,483,43,440
106900025,51,563,-512
106900026,0,341,-341
106900027,759,9,750
107000001,3598,3383,215
107000002,2202,3556,-1354
107000003,5725,5894,-169
107000004,3761,3308,453
107000005,4577,5523,-946
107000006,3138,2862,276
107000007,5377,9409,-4032
107000008,8300,6077,2223
107000009,7559,7675,-116
107000010,7696,6809,887
107000011,1012,1088,-76
107000012,3243,2281,962
107000013,103,104,-1
107000014,80,266,-186
107000015,475,741,-266
107000016,683,609,74
107000017,2221,1759,462
107000018,12,1221,-1209
107000020,1703,2021,-318
107000021,1191,440,751
107000022,831,1598,-767
107000023,2203,181,2022
107000024,626,1164,-538
107000025,196,375,-179
107000026,298,409,-111
107000027,1352,970,382
107000028,1219,1091,128
107000029,3654,3052,602
107000030,2640,2231,409
107000031,4321,2374,1947
107000032,397,801,-404
107000033,2494,3476,-982
107000034,3020,1256,1764
107000035,364,222,142
107000036,337,1274,-937
107000037,96,776,-680
107000038,250,285,-35
107000039,865,684,181
107000040,143,259,-116
107000041,1261,580,681
107000042,601,1741,-1140
107000043,2182,955,1227
107000044,452,331,121
107000045,91,276,-185
107000046,809,353,456
107000047,480,704,-224
107000048,654,318,336
107000049,662,689,-27
107000050,1108,524,584
107000051,315,332,-17
107000052,994,980,14
107000053,336,206,130
107000054,59,236,-177
107000055,330,136,194
107000056,618,780,-162
107000057,1849,294,1555
107000058,2118,2195,-77
107000059,1714,2599,-885
107000060,4595,4901,-306
107000061,4246,2759,1487
107000062,4777,2926,1851
107000063,3549,3800,-251
107000064,4868,2595,2273
107000065,3370,3469,-99
107000066,2232,3057,-825
107000067,1238,1305,-67
107000068,1217,873,344
107000069,939,642,297
107000070,1339,11,1328
107000071,3274,41,3233
107000072,43,2144,-2101
107000073,723,372,351
107000074,139,679,-540
107000075,1846,529,1317
107000076,538,1046,-508
107000077,3697,1233,2464
107000078,2063,2310,-247
107000079,2783,1060,1723
107000080,982,2275,-1293
107000081,2129,625,1504
107000082,527,1313,-786
107000083,1414,434,980
107000084,318,1319,-1001
107000085,3132,2934,198
107000086,3299,2914,385
107000087,2845,1923,922
107000088,2971,3076,-105
107000089,1534,1566,-32
107000090,965,866,99
107000091,1516,731,785
107000092,875,862,13
107000093,1232,742,490
107000094,791,875,-84
107000095,860,580,280
107000096,520,620,-100
107000097,833,351,482
107000098,481,553,-72
107000099,504,253,251
107000100,229,287,-58
107000101,92,147,-55
107000102,238,260,-22
107000103,271,149,122
107000104,189,239,-50
107000105,383,112,271
107000106,331,199,132
107000107,532,178,354
107000108,141,403,-262
107000109,617,175,442
107000110,57,493,-436
107000111,391,59,332
107000112,42,259,-217
107000113,734,122,612
107000114,101,438,-337
107000115,608,152,456
107000116,119,533,-414
107000117,124,624,-500
107000118,119,124,-5
107000119,1334,1307,27
107000120,950,473,477
107000121,951,597,354
107000122,1120,721,399
107000123,519,572,-53
107000124,511,615,-104
107000125,1064,612,452
107000126,903,605,298
107000129,193,622,-429
107000130,604,180,424
107000131,350,412,-62
107000132,483,302,181
107000133,463,149,314
107000134,309,5,304
107000135,1,233,-232
107000136,753,7,746
107000137,4,495,-491
107000138,403,42,361
107000139,46,597,-551
107000140,1553,131,1422
107000141,189,750,-561
107000142,470,101,369
107000143,64,560,-496
107000144,637,440,197
107000145,205,408,-203
107000146,279,338,-59
107000147,4394,1038,3356
107000150,543,2705,-2162
107000151,38,89,-51
107000152,411,1444,-1033
107000153,112,296,-184
107000154,205,296,-91
107000155,996,17,979
107000156,1148,37,1111
107000157,91,1097,-1006
107000158,779,31,748
107000159,44,652,-608
107000160,1154,133,1021
107000161,86,954,-868
107000162,288,576,-288
107000163,235,7,228
107000164,941,6,935
107000165,1082,7,1075
107000166,30,808,-778
107000167,635,205,430
107000168,1072,553,519
107000169,646,761,-115
107000170,2162,816,1346
107000171,625,1341,-716
107000172,1294,1432,-138
107000173,730,719,11
107000174,978,4850,-3872
107000175,4806,1302,3504
107000176,1,2,-1
107000177,7,4,3
107000178,20,37,-17
107000179,294,1488,-1194
107000180,1366,256,1110
107000181,434,826,-392
107000182,1754,665,1089
107000183,155,571,-416
107000184,1072,563,509
107000185,407,913,-506
107000186,1080,327,753
107000187,1133,1077,56
107000188,565,552,13
107000189,450,888,-438
107000190,626,621,5
107000191,939,1013,-74
107000192,1545,615,930
107000193,406,426,-20
107000194,901,568,333
107000197,964,240,724
107000198,350,575,-225
107000199,749,578,171
107000200,645,519,126
107000201,526,297,229
107000202,337,426,-89
107000203,633,1091,-458
107000204,700,1512,-812
107000205,1429,816,613
107000206,738,1468,-730
107000207,669,1018,-349
107000208,794,567,227
107000209,1260,1268,-8
107000210,530,293,237
107000211,0,60,-60
107000212,15,228,-213
107000213,7,20,-13
107000214,6,106,-100
107000215,302,230,72
107000216,350,277,73
107000217,225,94,131
107000219,74,120,-46
107000220,131,162,-31
107000222,340,467,-127
107000224,453,57,396
107000225,619,333,286
107000226,464,108,356
107000227,134,219,-85
107000228,122,227,-105
107000229,155,114,41
107000230,1009,392,617
107000231,1095,1721,-626
107000232,116,36,80
107000233,1015,839,176
107000234,1,54,-53
107000235,90,5,85
107000236,8,370,-362
107000237,27,1,26
107000238,42,2,40
107000239,3120,495,2625
107000240,107,669,-562
107000243,1,20,-19
107000244,2,45,-43
107000246,1,1063,-1062
107000249,1,1095,-1094
107000251,2,472,-470
107000252,2,794,-792
107000255,240,47,193
107000257,2,366,-364
107000258,0,88,-88
107000259,1,137,-136
107000260,963,7,956
107000262,12,386,-374
107000263,325,15,310
107000266,10,7,3
107000267,66,96,-30
107000268,134,105,29
107000269,579,86,493
107000270,4,18,-14
107000271,13,423,-410
107000272,20,123,-103
107000273,24,377,-353
107000274,1014,15,999
107000275,641,2621,-1980
107000280,946,28,918
107000281,43,550,-507
107000282,72,656,-584
107000290,10,32,-22
107000291,5,8,-3
107000292,2,120,-118
107000293,37,4,33
107000294,0,38,-38
107000295,25,3,22
107000296,1,11,-10
107000444,344,8,336
107000496,2,10,-8
107000497,1152,1609,-457
107000500,387,280,107
107000501,105,178,-73
107000502,154,249,-95
107000505,334,612,-278
107000506,1,111,-110
107000508,5,411,-406
107000509,241,651,-410
107000510,21,22,-1
107000514,42,397,-355
107000515,22,154,-132
107000516,347,216,131
107000518,1260,1411,-151
107000519,1341,698,643
107000520,75,37,38
107000521,677,346,331
107000522,995,470,525
107900001,70,114,-44
107900002,63,2,61
107900003,59,32,27
107900004,0,4,-4
107900005,1304,4,1300
107900006,120,0,120
107900007,233,56,177
107900008,222,23,199
107900009,129,17,112
107900010,37,1,36
107900012,315,55,260
107900013,222,17,205
107900014,28,3,25
107900015,786,7,779
107900016,358,54,304
107900017,13,1,12
107900018,60,138,-78
107900019,16,41,-25
107900020,93,35,58
107900021,118,92,26
107900023,0,1,-1
107900024,0,14,-14
107900025,180,135,45
107900026,109,27,82
107900027,36,53,-17
107900028,82,61,21
107900030,188,31,157
107900031,58,80,-22
107900032,11,0,11
107900033,12,5,7
107900034,327,20,307
107900035,808,62,746
107900036,67,25,42
107900037,0,28,-28
107900038,125,181,-56
107900039,46,43,3
107900040,27,131,-104
107900041,0,1,-1
107900043,36,77,-41
107900044,6,5,1
107900045,89,54,35
107900046,150,199,-49
107900047,39,33,6
107900048,196,17,179
107900049,374,943,-569
107900050,161,256,-95
107900051,63,46,17
107900052,24,66,-42
107900053,36,73,-37
107900055,438,200,238
107900056,149,43,106
107900057,1,0,1
107900058,31,424,-393
107900060,16,71,-55
107900061,12,5,7
107900063,76,143,-67
107900064,224,135,89
107900065,201,8,193
107900066,30,6,24
107900067,0,0,0
107900068,92,536,-444
107900069,23,2241,-2218
107900070,144,55,89
107900071,27,444,-417
107900072,106,114,-8
107900073,162,111,51
107900074,555,282,273
107900076,127,59,68
107900077,56,3,53
107900079,15,27,-12
107900080,131,932,-801
107900081,46,79,-33
107900082,14,16,-2
107900083,272,142,130
107900084,109,126,-17
107900086,86,161,-75
107900087,440,147,293
107900088,31,5,26
107900089,197,709,-512
107900090,574,2014,-1440
107900091,137,231,-94
107900093,70,69,1
107900095,2577,1811,766
107900097,12,34,-22
107900098,41,178,-137
107900100,707,1099,-392
107900101,606,161,445
107900102,26,16,10
107900103,46,131,-85
107900104,288,13,275
107900105,2,286,-284
107900106,0,643,-643
107900107,1349,470,879
107900108,180,118,62
107900109,1287,23,1264
107900110,64,97,-33
107900111,7,606,-599
107900112,93,300,-207
107900113,177,87,90
107900114,177,131,46
107900115,2,41,-39
107900116,189,152,37
107900117,310,244,66
107900118,58,119,-61
107900119,73,180,-107
107900120,24,47,-23
107900121,2,135,-133
107900122,0,121,-121
107900123,9,44,-35
107900124,20,35,-15
107900125,21,154,-133
107900126,5,63,-58
107900127,444,261,183
107900128,55,69,-14
107900129,70,51,19
107900130,80,22,58
107900131,502,289,213
107900132,121,225,-104
107900133,2,68,-66
107900134,28,84,-56
107900135,5,128,-123
107900136,50,45,5
107900137,91,106,-15
107900138,50,80,-30
107900139,26,27,-1
107900141,53,30,23
107900142,41,552,-511
107900143,244,20,224
107900144,0,127,-127
107900145,14,95,-81
107900146,42,91,-49
107900147,30,36,-6
107900148,106,60,46
107900149,623,173,450
107900150,53,395,-342
107900151,43,92,-49
107900152,21,129,-108
107900153,126,248,-122
107900154,32,29,3
107900155,72,75,-3
107900156,3,210,-207
107900157,27,40,-13
107900158,723,16,707
107900159,22,495,-473
107900160,108,182,-74
107900161,54,163,-109
107900162,1,34,-33
107900163,51,42,9
107900164,10,38,-28
107900165,55,123,-68
107900166,16,131,-115
107900167,19,55,-36
107900168,40,33,7
107900169,171,176,-5
107900171,6,754,-748
107900172,3,284,-281
107900173,12,90,-78
107900174,128,5,123
107900175,21,66,-45
107900176,56,37,19
107900177,2,149,-147
107900178,0,154,-154
107900179,16,131,-115
107900180,434,570,-136
107900181,258,193,65
107900182,518,862,-344
107900183,56,134,-78
107900184,99,359,-260
107900185,130,1,129
107900186,22,31,-9
107900187,1,151,-150
107900188,427,120,307
107900189,26,90,-64
107900190,58,113,-55
107900191,38,105,-67
107900193,38,118,-80
107900194,141,6,135
107900195,1553,252,1301
107900196,93,115,-22
107900197,444,347,97
107900199,1,839,-838
107900201,76,68,8
107900203,46,62,-16
107900204,147,136,11
107900206,551,416,135
107900207,3,448,-445
107900208,14,444,-430
107900209,276,108,168
107900210,54,63,-9
107900213,361,310,51
107900214,18,85,-67
107900215,138,299,-161
107900216,106,50,56
107900217,45,90,-45
107900218,23,1376,-1353
107900219,32,69,-37
107900220,214,193,21
107900221,100,141,-41
107900223,148,424,-276
107900224,77,243,-166
107900225,7,428,-421
107900226,96,73,23
107900227,98,257,-159
107900228,14,70,-56
107900229,1,161,-160
107900230,19,84,-65
107900231,31,163,-132
107900232,86,118,-32
107900233,8,89,-81
107900234,107,78,29
107900235,28,101,-73
107900236,144,43,101
107900237,31,282,-251
107900238,61,75,-14
107900239,500,422,78
107900240,39,82,-43
107900241,13,59,-46
107900242,27,127,-100
107900243,1,36,-35
107900244,308,1,307
107900245,585,43,542
107900246,371,9,362
107900248,498,222,276
107900249,883,30,853
107900250,0,371,-371
107900251,78,1010,-932
107900252,773,13,760
107900253,183,6,177
107900254,53,229,-176
107900255,230,90,140
107900256,922,1505,-583
107900257,166,87,79
107900258,87,190,-103
107900259,56,1813,-1757
107900261,1,140,-139
107900262,87,80,7
107900264,427,6,421
107900265,192,121,71
107900267,208,22,186
107900268,15,4,11
107900269,0,0,0
107900270,0,2,-2
107900271,2,12,-10
107900272,70,30,40
107900273,64,47,17
107900274,101,1,100
107900275,32,0,32
107900276,0,72,-72
107900277,0,137,-137
107900278,298,335,-37
107900279,46,152,-106
107900280,2291,1449,842
107900281,836,2623,-1787
107900282,18,414,-396
107900283,730,575,155
107900284,369,319,50
107900285,97,65,32
107900286,74,50,24
107900287,198,146,52
107900290,0,147,-147
107900291,570,23,547
107900292,118,135,-17
107900293,68,338,-270
107900295,56,40,16
107900297,2,247,-245
107900298,677,683,-6
107900299,2010,2153,-143
107900301,406,682,-276
107900302,94,29,65
107900303,182,241,-59
107900304,329,272,57
107900305,309,9,300
107900306,13,21,-8
107900307,62,193,-131
107900308,186,115,71
107900309,91,1,90
107900310,404,4,400
107900311,9,742,-733
107900312,72,0,72
107900313,1,157,-156
107900314,2,50,-48
107900315,0,37,-37
107900316,25,2,23
107900317,69,24,45
107900318,18,104,-86
107900319,3,102,-99
107900320,2,80,-78
107900321,126,4,122
107900322,4,117,-113
107900323,4,103,-99
107900324,154,5,149
107900325,152,0,152
107900326,356,169,187
107900327,0,52,-52
107900328,100,2,98
107900329,89,130,-41
107900330,6,210,-204
107900331,253,25,228
107900332,277,35,242
107900333,68,14,54
107900334,16,106,-90
107900335,85,26,59
107900336,24,56,-32
107900337,732,727,5
107900338,11,183,-172
107900339,2,15,-13
107900340,1,52,-51
107900341,79,0,79
107900342,158,73,85
107900343,29,3,26
107900344,15,41,-26
107900345,86,28,58
107900346,20,0,20
107900347,30,1,29
107900348,1,1,0
107900349,21,3,18
107900350,51,171,-120
107900351,5,127,-122
107900352,3,33,-30
107900353,12,12,0
107900354,2,37,-35
108000001,2955,3452,-497
108000002,1736,2047,-311
108000003,3248,3222,26
108000004,10098,11367,-1269
108000005,7770,6215,1555
108000006,6755,5993,762
108000007,4896,3878,1018
108000008,3654,4706,-1052
108000009,3457,4094,-637
108000010,2582,3428,-846
108000011,11736,10876,860
108000012,13152,12181,971
108000014,1174,922,252
108000015,886,258,628
108000016,262,865,-603
108000017,1024,361,663
108000018,1829,596,1233
108000019,1893,833,1060
108000020,1277,479,798
108000021,300,1575,-1275
108000022,340,1088,-748
108000023,1176,192,984
108000024,401,420,-19
108000025,331,278,53
108000026,941,375,566
108000027,723,473,250
108000028,890,192,698
108000029,531,619,-88
108000030,573,225,348
108000031,177,450,-273
108000032,1732,604,1128
108000033,658,846,-188
108000034,1706,433,1273
108000035,667,1657,-990
108000036,375,816,-441
108000037,1759,389,1370
108000038,2451,540,1911
108000039,492,1475,-983
108000040,1652,862,790
108000041,584,1584,-1000
108000042,306,169,137
108000043,208,217,-9
108000044,554,156,398
108000045,279,361,-82
108000046,1465,328,1137
108000047,425,764,-339
108000048,185,273,-88
108000049,1005,233,772
108000050,133,503,-370
108000051,408,134,274
108000052,177,495,-318
108000053,448,214,234
108000054,431,809,-378
108000055,1022,527,495
108000056,1016,1090,-74
108000057,561,1082,-521
108000058,1812,3647,-1835
108000059,2807,1629,1178
108000060,216,670,-454
108000061,399,391,8
108000062,765,494,271
108000063,413,350,63
108000064,254,204,50
108000065,579,383,196
108000066,1286,661,625
108000067,1798,679,1119
108000068,798,331,467
108000069,249,757,-508
108000070,1956,738,1218
108000071,700,1132,-432
108000072,1843,1159,684
108000073,1141,1272,-131
108000074,680,385,295
108000075,371,675,-304
108000076,896,536,360
108000077,556,490,66
108000078,2452,1253,1199
108000079,780,1177,-397
108000080,1433,512,921
108000081,501,1134,-633
108000082,816,1375,-559
108000083,1719,991,728
108000084,383,864,-481
108000085,767,450,317
108000086,756,546,210
108000087,155,1799,-1644
108000088,651,176,475
108000089,290,289,1
108000091,219,399,-180
108000092,165,77,88
108000093,202,414,-212
108000094,532,96,436
108000095,160,252,-92
108000096,355,201,154
108000097,189,270,-81
108000098,1732,1206,526
108000099,1149,339,810
108000100,172,387,-215
108000101,1199,1324,-125
108000102,1827,3420,-1593
108000106,1219,3,1216
108000107,3,897,-894
108000108,865,48,817
108000109,29,830,-801
108000110,231,322,-91
108000111,141,454,-313
108000112,40,130,-90
108000113,378,168,210
108000115,311,204,107
108000117,565,292,273
108000118,457,1779,-1322
108000119,528,317,211
108000120,182,697,-515
108000121,224,366,-142
108000122,542,309,233
108000123,704,182,522
108000124,416,407,9
108000125,363,208,155
108000126,185,295,-110
108000127,555,228,327
108000128,485,391,94
108000129,357,747,-390
108000130,491,173,318
108000131,895,453,442
108000132,1538,1070,468
108000133,922,406,516
108000134,473,404,69
108000135,1070,399,671
108000136,292,627,-335
108000137,466,260,206
108000138,390,763,-373
108000139,548,314,234
108000140,162,26,136
108000141,24,54,-30
108000142,47,61,-14
108000143,28,265,-237
108000144,493,71,422
108000145,37,14,23
108000146,576,68,508
108000147,41,19,22
108000148,656,86,570
108000149,21,12,9
108000150,34,19,15
108000151,224,128,96
108000152,106,395,-289
108000153,592,133,459
108000154,43,13,30
108000155,24,13,11
108000156,960,417,543
108000157,239,1042,-803
108000158,86,671,-585
108000159,364,229,135
108000160,1975,956,1019
108000161,1625,2169,-544
108000165,3,155,-152
108000172,3,249,-246
108000173,1173,1661,-488
108000175,640,118,522
108000178,376,229,147
108000179,197,785,-588
108000181,57,22,35
108000182,220,67,153
108000183,74,573,-499
108000184,820,2151,-1331
108000185,176,345,-169
108000186,423,385,38
108000187,123,329,-206
108000188,668,228,440
108000189,1496,8077,-6581
108000190,52,91,-39
108000192,183,435,-252
108000193,713,29,684
108000194,49,24,25
108000195,2,667,-665
108000196,209,147,62
108000198,746,285,461
108000199,0,244,-244
108000200,382,370,12
108000203,126,478,-352
108000204,125,88,37
108000205,230,336,-106
108000339,1022,328,694
108000364,263,523,-260
108000365,78,284,-206
108000367,262,245,17
108000368,10,41,-31
108000369,553,223,330
108000371,14,768,-754
108000372,779,11,768
108000373,224,218,6
108000376,113,32,81
108000377,570,211,359
108000378,8396,9292,-896
108000379,27,195,-168
108000381,58,8,50
108000382,217,0,217
108000383,5,250,-245
108900001,73,843,-770
108900002,157,46,111
108900003,244,473,-229
108900004,403,490,-87
108900007,306,133,173
108900008,147,120,27
108900009,87,130,-43
108900010,246,131,115
108900011,555,268,287
108900012,416,303,113
108900013,165,211,-46
108900014,11,129,-118
108900015,14,170,-156
108900016,0,216,-216
108900017,232,365,-133
108900018,160,249,-89
108900019,27,489,-462
108900020,36,128,-92
108900021,122,192,-70
108900022,119,13,106
108900023,11,30,-19
108900024,29,102,-73
108900025,127,95,32
108900026,18,97,-79
108900027,0,62,-62
108900028,81,294,-213
108900029,50,160,-110
108900030,0,76,-76
108900031,119,250,-131
108900032,10,138,-128
108900033,0,111,-111
108900034,0,162,-162
108900035,309,983,-674
108900038,1,218,-217
108900039,1,254,-253
108900040,2,75,-73
108900041,3784,2748,1036
108900042,15,310,-295
108900043,105,344,-239
108900044,1,340,-339
108900045,70,343,-273
108900046,33,433,-400
108900047,28,157,-129
108900048,105,685,-580
108900049,1874,1121,753
108900050,1,147,-146
108900051,2,127,-125
108900052,36,146,-110
108900053,69,177,-108
108900054,73,176,-103
108900055,41,241,-200
108900056,0,106,-106
108900057,1,140,-139
108900058,28,239,-211
108900059,361,30,331
108900060,78,151,-73
108900061,102,20,82
108900062,6,194,-188
108900063,27,205,-178
108900064,257,45,212
108900065,19,176,-157
108900066,404,110,294
108900067,6,106,-100
108900068,4,126,-122
108900069,71,75,-4
108900070,21,70,-49
108900071,104,57,47
108900072,1358,443,915
108900073,73,255,-182
108900074,226,310,-84
108900075,50,36,14
108900076,306,76,230
108900077,110,373,-263
108900078,40,94,-54
108900079,643,131,512
108900080,23,658,-635
108900081,45,185,-140
108900082,91,85,6
108900083,11,220,-209
108900085,1718,152,1566
108900086,151,172,-21
108900087,82,119,-37
108900088,835,360,475
108900089,12,124,-112
108900090,72,238,-166
108900091,102,45,57
108900092,475,252,223
108900093,86,103,-17
108900094,301,85,216
108900095,19,257,-238
108900096,284,11,273
108900097,301,169,132
108900098,1456,614,842
108900099,407,170,237
108900100,88,112,-24
108900101,184,167,17
108900102,63,923,-860
108900103,119,103,16
108900105,5,1202,-1197
108900106,501,247,254
108900108,264,94,170
108900109,388,78,310
108900110,188,265,-77
108900111,450,384,66
108900113,45,60,-15
108900114,84,11,73
108900115,53,66,-13
108900116,62,11,51
108900117,216,18,198
108900118,584,19,565
108900119,287,19,268
108900120,254,194,60
108900121,252,80,172
108900122,164,22,142
108900123,164,92,72
108900124,514,163,351
108900125,470,5,465
108900126,114,25,89
108900127,140,21,119
108900128,164,34,130
108900129,795,127,668
108900130,386,4,382
108900131,366,7,359
108900132,485,63,422
108900133,273,79,194
108900134,471,233,238
108900135,145,11,134
108900136,42,0,42
108900137,146,0,146
108900138,728,81,647
108900140,381,174,207
108900141,327,19,308
108900142,103,1,102
108900143,77,0,77
108900144,120,2,118
108900145,244,10,234
108900146,86,0,86
108900147,299,0,299
108900148,79,17,62
108900150,249,7,242
108900151,206,10,196
108900152,246,2,244
108900153,221,246,-25
108900154,4353,339,4014
108900156,75,14,61
108900157,19,375,-356
108900158,411,22,389
108900159,4,124,-120
108900160,8,202,-194
108900161,5,310,-305
108900162,138,1,137
108900163,10,213,-203
108900164,70,83,-13
108900168,5149,2039,3110
108900169,50,88,-38
108900171,4663,2775,1888
108900172,188,41,147
108900173,121,275,-154
108900174,832,581,251
108900176,86,285,-199
108900177,3374,4892,-1518
108900178,2559,3338,-779
108900180,111,238,-127
108900183,177,189,-12
108900184,388,160,228
108900185,109,241,-132
108900186,42,333,-291
108900189,324,124,200
108900190,27,1614,-1587
108900192,69,175,-106
108900195,126,209,-83
108900196,40,265,-225
108900199,215,281,-66
108900200,544,388,156
108900201,275,1045,-770
108900203,375,120,255
108900204,350,18,332
108900205,178,30,148
108900206,454,73,381
108900207,167,82,85
108900208,26,248,-222
108900209,197,387,-190
108900210,155,158,-3
108900211,182,442,-260
108900212,447,1191,-744
108900215,54,355,-301
108900216,494,381,113
108900217,123,0,123
108900218,146,22,124
108900221,78,205,-127
108900224,45,158,-113
108900225,3,266,-263
108900227,121,265,-144
108900230,157,207,-50
108900232,4,154,-150
108900233,318,80,238
108900234,334,153,181
108900235,202,361,-159
108900236,63,270,-207
108900240,72,95,-23
108900241,32,37,-5
108900245,4,1054,-1050
108900250,294,96,198
108900258,18,166,-148
108900259,144,58,86
108900260,25,64,-39
108900261,95,97,-2
108900262,106,142,-36
108900263,27,143,-116
108900264,489,241,248
108900265,603,354,249
108900266,595,614,-19
108900267,4,113,-109
108900268,21,8,13
108900269,127,10,117
108900270,76,5,71
108900271,41,44,-3
108900272,255,14,241
108900273,684,801,-117
108900274,146,60,86
109000001,2614,1897,717
109000002,1320,2199,-879
109000003,2464,396,2068
109000004,506,1700,-1194
109000005,2228,635,1593
109000006,658,1796,-1138
109000007,1439,576,863
109000008,471,1315,-844
109000009,3337,1205,2132
109000010,1235,2687,-1452
109000011,3292,1965,1327
109000012,1633,2407,-774
109000013,3403,2619,784
109000014,1682,2204,-522
109000015,4460,8728,-4268
109000016,4496,2622,1874
109000017,2448,1249,1199
109000018,973,2313,-1340
109000019,2518,1331,1187
109000020,1010,1515,-505
109000023,294,35,259
109000024,10,169,-159
109000025,324,454,-130
109000026,637,289,348
109000027,91,300,-209
109000028,150,87,63
109000029,88,184,-96
109000030,81,498,-417
109000031,160,153,7
109000032,147,409,-262
109000033,345,219,126
109000034,58,46,12
109000035,23,52,-29
109000036,59,236,-177
109000037,283,1344,-1061
109000038,329,256,73
109000039,831,725,106
109000040,2135,6285,-4150
109000041,1777,1560,217
109000042,469,994,-525
109000044,401,180,221
109000045,93,315,-222
109000046,386,87,299
109000047,75,344,-269
109000048,1168,518,650
109000049,233,441,-208
109000050,519,478,41
109000051,252,218,34
109000052,430,597,-167
109000053,951,190,761
109000054,142,296,-154
109000055,323,211,112
109000056,340,242,98
109000057,596,426,170
109000058,1513,381,1132
109000059,604,1354,-750
109000060,624,414,210
109000061,699,808,-109
109000062,79,334,-255
109000063,209,139,70
109000064,331,139,192
109000065,125,150,-25
109000066,381,65,316
109000067,57,167,-110
109000068,2980,30,2950
109000069,860,31,829
109000070,10,1723,-1713
109000071,395,115,280
109000072,138,505,-367
109000073,74,84,-10
109000074,31,135,-104
109000075,80,274,-194
109000076,225,265,-40
109000077,305,282,23
109000078,124,156,-32
109000079,169,123,46
109000080,262,94,168
109000081,147,338,-191
109000082,770,169,601
109000083,296,436,-140
109000088,115,330,-215
109000089,292,63,229
109000090,130,283,-153
109000091,341,182,159
109000092,305,332,-27
109000093,228,205,23
109000094,495,2,493
109000095,85,305,-220
109000096,636,250,386
109000097,83,120,-37
109000098,49,140,-91
109000099,1128,294,834
109000100,255,531,-276
109000101,1469,582,887
109000102,336,614,-278
109000103,947,499,448
109000104,1655,445,1210
109000105,417,888,-471
109000106,1891,706,1185
109000107,587,1382,-795
109000108,1610,554,1056
109000109,440,1224,-784
109000110,1145,539,606
109000111,757,1353,-596
109000112,360,86,274
109000113,361,113,248
109000114,116,254,-138
109000115,1082,83,999
109000116,20,565,-545
109000117,211,85,126
109000118,17,259,-242
109000119,1489,242,1247
109000120,209,464,-255
109000121,844,67,777
109000122,150,455,-305
109000123,50,180,-130
109000124,620,335,285
109000125,675,269,406
109000126,433,576,-143
109000127,1696,278,1418
109000128,463,799,-336
109000129,2063,696,1367
109000130,749,1518,-769
109000131,1582,1032,550
109000132,1007,1906,-899
109000133,263,738,-475
109000134,748,1088,-340
109000135,1151,1578,-427
109000136,257,248,9
109000137,276,421,-145
109000138,418,223,195
109000139,432,366,66
109000140,206,460,-254
109000141,799,453,346
109000142,152,418,-266
109000143,115,98,17
109000145,106,363,-257
109000146,113,80,33
109000148,2220,1268,952
109000149,11,63,-52
109000150,136,250,-114
109000155,761,602,159
109000156,975,549,426
109000158,97,220,-123
109000159,85,400,-315
109000160,964,203,761
109000161,319,809,-490
109000162,1811,568,1243
109000163,993,1187,-194
109000164,1310,1969,-659
109000165,1272,459,813
109000166,683,104,579
109000167,149,345,-196
109000170,43,34,9
109000171,87,32,55
109000172,55,66,-11
109000173,34,85,-51
109000174,103,53,50
109000175,113,268,-155
109000176,318,175,143
109000177,30,63,-33
109000178,666,282,384
109000179,2909,3503,-594
109000180,3662,3047,615
109000181,12,16,-4
109000182,56,23,33
109000183,37,11,26
109000184,20,7,13
109000185,36,22,14
109000188,389,1183,-794
109000189,2091,699,1392
109000190,523,429,94
109000191,298,309,-11
109000192,491,228,263
109000193,180,207,-27
109000194,290,122,168
109000195,140,186,-46
109000196,367,126,241
109000197,160,251,-91
109000198,349,48,301
109000199,142,282,-140
109000206,194,26,168
109000207,145,28,117
109000208,64,77,-13
109000209,97,128,-31
109000210,137,409,-272
109000211,656,316,340
109000214,493,577,-84
109000215,140,57,83
109000216,287,290,-3
109000217,219,95,124
109000218,294,166,128
109000221,486,789,-303
109000222,834,249,585
109000223,332,290,42
109000224,51,131,-80
109000225,111,20,91
109000226,66,180,-114
109000227,983,692,291
109000228,5,1981,-1976
109000231,0,192,-192
109000232,360,209,151
109000236,192,640,-448
109000241,1928,1565,363
109000242,1656,1053,603
109000293,96,170,-74
109000361,135,195,-60
109000364,174,370,-196
109000396,2,317,-315
109000397,605,14,591
109000399,127,323,-196
109000400,105,233,-128
109000403,179,1634,-1455
109000406,308,3,305
109000407,253,152,101
109000408,1,382,-381
109000410,1048,267,781
109000411,282,26,256
109900001,108,0,108
109900002,679,8,671
109900003,244,0,244
109900005,37,2,35
109900006,363,125,238
109900007,797,339,458
109900008,0,26,-26
109900009,93,323,-230
109900010,581,26,555
109900011,122,44,78
109900012,330,183,147
109900013,275,198,77
109900015,339,198,141
109900017,27,33,-6
109900018,130,19,111
109900019,233,28,205
109900020,48,65,-17
109900021,51,27,24
109900022,219,153,66
109900023,11,16,-5
109900024,16,10,6
109900025,10,39,-29
109900027,38,54,-16
109900028,995,1196,-201
109900029,0,158,-158
109900030,63,10,53
109900031,0,121,-121
109900032,13,206,-193
109900033,7,408,-401
109900034,60,7,53
109900035,42,23,19
109900036,13,34,-21
109900037,20,281,-261
109900038,145,205,-60
109900039,18,1,17
109900040,23,326,-303
109900041,49,252,-203
109900042,14,576,-562
109900044,63,164,-101
109900045,341,204,137
109900046,143,110,33
109900047,222,218,4
109900048,25,99,-74
109900049,8,27,-19
109900050,0,89,-89
109900051,1,34,-33
109900052,77,218,-141
109900053,4,170,-166
109900054,686,207,479
109900055,84,175,-91
109900056,27,156,-129
109900057,12,86,-74
109900058,0,84,-84
109900060,405,98,307
109900061,59,169,-110
109900062,0,109,-109
109900064,452,197,255
109900065,90,102,-12
109900066,312,571,-259
109900067,7,178,-171
109900068,86,3,83
109900069,1,22,-21
109900071,2,23,-21
109900072,25,106,-81
109900073,405,297,108
109900074,10,38,-28
109900075,28,28,0
109900076,30,218,-188
109900077,42,38,4
109900078,106,172,-66
109900080,128,194,-66
109900081,27,246,-219
109900082,58,258,-200
109900083,17,42,-25
109900084,51,100,-49
109900085,149,394,-245
109900086,136,479,-343
109900087,267,355,-88
109900089,657,186,471
109900092,471,34,437
109900093,955,149,806
109900094,78,73,5
109900095,98,133,-35
109900096,42,4,38
109900097,92,4,88
109900098,428,59,369
109900099,168,1,167
109900100,33,0,33
109900101,456,7,449
109900102,363,20,343
109900103,310,73,237
109900104,534,533,1
109900105,502,24,478
109900106,340,50,290
109900107,646,78,568
109900108,89,229,-140
109900109,43,115,-72
109900111,169,490,-321
109900114,628,1177,-549
109900115,164,74,90
109900117,877,131,746
109900121,525,600,-75
109900123,13,111,-98
109900125,1,121,-120
109900126,268,70,198
109900130,4280,1929,2351
109900131,36,108,-72
109900132,43,104,-61
109900134,68,69,-1
109900135,322,51,271
109900137,139,182,-43
109900140,195,125,70
109900149,67,55,12
109900150,13,79,-66
109900151,15,46,-31
109900152,1,35,-34
109900153,1,70,-69
109900154,90,0,90
109900155,63,30,33
109900157,30,160,-130
109900159,295,117,178
109900161,189,52,137
109900162,304,155,149
109900163,449,183,266
109900164,92,236,-144
109900165,202,7,195
109900166,0,79,-79
109900167,206,278,-72
109900168,204,439,-235
109900169,200,167,33
109900170,173,960,-787
109900171,165,71,94
109900172,188,220,-32
109900173,1812,2103,-291
109900174,51,68,-17
109900175,79,52,27
109900176,120,122,-2
109900177,40,123,-83
109900178,10,158,-148
109900179,69,19,50
109900180,8,6,2
110000001,913,496,417
110000002,554,695,-141
110000003,724,629,95
110000004,453,617,-164
110000005,348,1642,-1294
110000006,279,338,-59
110000007,77,66,11
110000008,21,54,-33
110000009,50,28,22
110000010,44,63,-19
110000011,45,49,-4
110000012,630,273,357
110000013,58,520,-462
110000014,631,423,208
110000015,187,634,-447
110000016,237,1454,-1217
110000017,2384,280,2104
110000018,2306,372,1934
110000019,15,114,-99
110000020,594,209,385
110000021,547,405,142
110000022,667,118,549
110000023,9,170,-161
110000024,544,418,126
110000025,354,4,350
110000026,7,237,-230
110000027,586,1066,-480
110000028,825,632,193
110000029,563,616,-53
110000030,235,319,-84
110000031,294,325,-31
110000032,671,314,357
110000033,268,150,118
110000034,414,569,-155
110000035,755,421,334
110000036,801,543,258
110000037,172,345,-173
110000038,221,557,-336
110000039,684,2943,-2259
110000040,279,292,-13
110000041,304,1291,-987
110000042,107,444,-337
110000043,766,346,420
110000044,104,444,-340
110000045,1262,145,1117
110000046,15,116,-101
110000047,92,81,11
110000048,20,88,-68
110000049,74,37,37
110000050,15,48,-33
110000051,42,29,13
110000052,52,37,15
110000053,107,25,82
110000054,185,814,-629
110000055,450,100,350
110000056,144,145,-1
110000057,415,515,-100
110000058,1031,423,608
110000059,930,545,385
110000060,846,811,35
110000061,741,636,105
110000062,627,836,-209
110000063,36,126,-90
110000064,87,46,41
110000065,66,64,2
110000066,69,14,55
110000067,74,124,-50
110000068,278,111,167
110000069,301,85,216
110000071,216,95,121
110000073,19,19,0
110000075,9,68,-59
110000076,266,232,34
110000077,300,767,-467
110000078,33,32,1
110000080,259,465,-206
110000081,57,201,-144
110000082,40,268,-228
110000083,181,513,-332
110000084,1135,797,338
110000085,1363,1389,-26
110000086,1267,2025,-758
110000087,9,47,-38
110000088,72,183,-111
110000089,252,75,177
110000090,188,155,33
110000091,810,208,602
110000092,13,51,-38
110000093,75,8,67
110000094,408,208,200
110000095,210,466,-256
110000096,1490,1615,-125
110000097,1000,1196,-196
110000098,2098,590,1508
110000099,760,1347,-587
110000100,928,401,527
110000101,33,219,-186
110000102,108,68,40
110000104,413,134,279
110000105,65,233,-168
110000106,642,473,169
110000107,232,342,-110
110000108,131,97,34
110000109,187,163,24
110000110,2086,3917,-1831
110000111,4378,2507,1871
110000112,880,1248,-368
110000113,273,2101,-1828
110000114,202,463,-261
110000115,324,223,101
110000116,48,48,0
110000117,256,233,23
110000118,354,123,231
110000119,213,207,6
110000120,296,102,194
110000121,74,267,-193
110000122,370,458,-88
110000123,519,640,-121
110000124,1,752,-751
110000125,1103,8,1095
110000126,269,37,232
110000127,1138,41,1097
110000128,22,858,-836
110000129,6,419,-413
110000130,375,150,225
110000131,105,302,-197
110000132,1,529,-528
110000133,42,435,-393
110000134,20,290,-270
110000135,189,39,150
110000136,61,210,-149
110000137,467,397,70
110000138,694,535,159
110000139,873,716,157
110000140,1043,698,345
110000143,552,282,270
110000144,4492,1702,2790
110000145,1556,1290,266
110000146,1100,648,452
110000147,420,620,-200
110000148,548,171,377
110000151,644,949,-305
110000152,699,353,346
110000153,124,19,105
110000154,9,26,-17
110000155,1065,4059,-2994
110000156,878,2103,-1225
110000157,1017,2229,-1212
110000160,414,217,197
110000161,202,225,-23
110000166,552,101,451
110000167,774,515,259
110000168,916,483,433
110000169,900,361,539
110000170,114,51,63
110000171,504,102,402
110000172,165,626,-461
110000173,841,818,23
110000174,148,664,-516
110000175,709,42,667
110000176,149,272,-123
110000177,187,714,-527
110000178,330,1353,-1023
110000179,949,254,695
110000180,145,190,-45
110000181,436,416,20
110000182,247,110,137
110000183,6612,6058,554
110000184,260,2143,-1883
110000185,994,586,408
110000186,671,585,86
110000191,1081,242,839
110000192,660,21,639
110000193,975,13,962
110000194,12,682,-670
110000195,489,221,268
110000196,413,246,167
110000197,76,102,-26
110000198,312,54,258
110000199,316,103,213
110000200,917,406,511
110000201,974,852,122
110000202,1159,546,613
110000203,595,557,38
110000204,2,181,-179
110000205,112,39,73
110000206,467,909,-442
110000207,1008,404,604
110000208,198,185,13
110000209,120,896,-776
110000210,1335,393,942
110000211,930,714,216
110000212,385,1050,-665
110000213,248,118,130
110000214,274,204,70
110000215,191,217,-26
110000216,116,216,-100
110000217,327,144,183
110000218,189,178,11
110000219,345,89,256
110000220,115,150,-35
110000221,344,61,283
110000222,64,148,-84
110000223,4,155,-151
110000224,50,12,38
110000225,249,583,-334
110000226,249,49,200
110000227,715,725,-10
110000228,295,128,167
110000229,1,193,-192
110000230,542,651,-109
110000231,155,161,-6
110000232,174,228,-54
110000233,136,246,-110
110000234,704,999,-295
110000235,786,850,-64
110000236,541,607,-66
110000237,2123,1203,920
110000238,1518,1225,293
110000239,1800,949,851
110000240,0,78,-78
110000242,0,13,-13
110000243,109,92,17
110000244,110,477,-367
110000245,41,363,-322
110000246,631,400,231
110000247,922,4034,-3112
110000248,1766,1579,187
110000249,91,17,74
110000250,25,121,-96
110000251,274,453,-179
110000252,225,156,69
110000253,1231,536,695
110000254,543,958,-415
110000255,179,716,-537
110000256,432,249,183
110000257,600,394,206
110000258,7,389,-382
110000259,131,15,116
110000260,25,184,-159
110000263,488,72,416
110000264,262,303,-41
110000265,1132,1642,-510
110000266,1798,2623,-825
110000267,34,175,-141
110000268,283,368,-85
110000269,4,42,-38
110000270,87,7,80
110000271,1125,205,920
110000272,1067,1039,28
110000273,2525,1461,1064
110000274,138,1372,-1234
110000275,1365,459,906
110000276,224,326,-102
110000277,266,277,-11
110000278,323,559,-236
110000279,789,748,41
110000280,377,386,-9
110000281,46,377,-331
110000282,260,15,245
110000283,75,132,-57
110000284,48,35,13
110000285,4,578,-574
110000286,15,0,15
110000287,55,1,54
110000288,0,53,-53
110000289,437,1758,-1321
110000290,612,524,88
110000291,3906,1203,2703
110000292,1186,4061,-2875
110000293,538,533,5
110000294,1067,871,196
110000295,145,579,-434
110000296,434,253,181
110000297,2098,317,1781
110000298,200,542,-342
110000299,338,75,263
110000301,412,23,389
110000302,658,642,16
110000303,528,13,515
110000304,233,158,75
110000305,1095,22,1073
110000306,222,836,-614
110000307,1388,7,1381
110000308,484,9,475
110000309,8,587,-579
110000310,739,61,678
110000311,14,492,-478
110000312,420,77,343
110000313,2185,3162,-977
110000314,3,175,-172
110000315,2394,2561,-167
110000316,493,1377,-884
110000317,301,953,-652
110000318,2,50,-48
110000319,12,22,-10
110000320,59,41,18
110000321,11,44,-33
110000322,260,284,-24
110000323,435,161,274
110000324,2601,1696,905
110000325,1948,2746,-798
110000327,349,235,114
110000328,134,268,-134
110000333,751,617,134
110000334,711,1113,-402
110000335,783,373,410
110000336,622,829,-207
110000337,1421,501,920
110000338,455,172,283
110000339,307,200,107
110000340,36,142,-106
110000341,441,396,45
110000342,329,3,326
110000343,0,8,-8
110000344,267,171,96
110000345,455,196,259
110000346,1833,1907,-74
110000347,1139,691,448
110000348,22,17,5
110000349,5,15,-10
110000350,57,5,52
110000351,1017,678,339
110000352,682,1335,-653
110000353,2559,628,1931
110000354,998,2965,-1967
110000355,83,50,33
110000356,744,5,739
110000357,318,11,307
110000361,19,40,-21
110000362,59,6,53
110000363,417,170,247
110000364,234,284,-50
110000365,138,4,134
110000366,0,125,-125
110000367,295,140,155
110000368,5,53,-48
110000369,36,2,34
110000373,4,204,-200
110000374,116,27,89
110000375,117,1116,-999
110000376,35,95,-60
110000377,66,407,-341
110000378,14,332,-318
110000379,2227,1761,466
110000380,73,10,63
110000383,1,1200,-1199
110000384,1738,1062,676
110000385,0,147,-147
110000387,82,15,67
110000388,22,175,-153
110000389,866,7,859
110000391,735,257,478
110000396,138,129,9
110000397,193,87,106
110000398,2,65,-63
110000399,116,0,116
110000587,85,55,30
110000589,193,144,49
110000640,171,70,101
110000652,12,294,-282
110000653,415,393,22
110000654,189,943,-754
110000656,0,392,-392
110000674,33,14,19
110000675,13,11,2
110000676,1,27,-26
110000679,333,1354,-1021
110000682,91,184,-93
110000683,288,486,-198
110000684,9,33,-24
110000685,13,18,-5
110000686,1,38,-37
110000687,63,5,58
110000688,56,814,-758
110000689,32,37,-5
110000692,28,150,-122
110000693,49,346,-297
110000694,0,120,-120
110000695,122,488,-366
110000696,58,44,14
110900001,216,4,212
110900002,283,165,118
110900003,830,347,483
110900004,451,104,347
110900005,1636,2128,-492
110900006,78,8,70
110900007,109,19,90
110900008,16,33,-17
110900009,367,157,210
110900010,15,46,-31
110900011,32,64,-32
110900012,13,34,-21
110900013,857,131,726
110900014,293,8,285
110900015,358,498,-140
110900016,44,100,-56
110900017,371,39,332
110900018,442,50,392
110900019,185,11,174
110900020,77,171,-94
110900021,64,315,-251
110900022,96,183,-87
110900023,78,544,-466
110900024,33,251,-218
110900025,9,55,-46
110900027,51,198,-147
110900028,29,99,-70
110900029,12,234,-222
110900030,36,178,-142
110900031,105,136,-31
110900032,0,57,-57
110900033,34,138,-104
110900035,11,364,-353
110900036,92,15,77
110900037,85,9,76
110900038,705,175,530
110900039,8,203,-195
110900040,128,26,102
110900041,49,71,-22
110900042,181,42,139
110900043,7,58,-51
110900044,204,16,188
110900045,42,274,-232
110900046,24,120,-96
110900047,362,305,57
110900049,61,69,-8
110900050,24,7,17
110900051,32,149,-117
110900052,0,113,-113
110900053,69,28,41
110900054,33,110,-77
110900055,8,1,7
110900056,26,108,-82
110900057,2,100,-98
110900058,303,162,141
110900059,509,417,92
110900060,456,122,334
110900061,14,49,-35
110900062,150,149,1
110900063,23,80,-57
110900064,10,1,9
110900065,286,111,175
110900066,2,48,-46
110900067,224,487,-263
110900068,211,150,61
110900069,134,108,26
110900070,122,63,59
110900071,178,608,-430
110900073,0,10,-10
110900074,321,84,237
110900075,319,62,257
110900077,770,516,254
110900078,29,56,-27
110900079,1869,1194,675
110900080,136,79,57
110900081,16,36,-20
110900082,141,71,70
110900083,117,54,63
110900084,67,51,16
110900085,61,173,-112
110900086,70,332,-262
110900087,341,56,285
110900088,10,10,0
110900090,37,40,-3
110900091,2,43,-41
110900093,217,90,127
110900095,47,23,24
110900097,13,16,-3
110900098,36,61,-25
110900099,33,341,-308
110900100,0,14,-14
110900102,37,6,31
110900105,943,219,724
110900108,9,41,-32
110900111,230,81,149
110900112,747,7,740
110900113,425,42,383
110900115,12,43,-31
110900116,596,1023,-427
110900118,132,3087,-2955
110900119,2187,185,2002
110900120,10,53,-43
110900121,162,1,161
110900122,431,201,230
110900125,366,399,-33
110900127,419,1194,-775
110900128,312,433,-121
110900129,302,857,-555
110900130,827,664,163
110900131,241,24,217
110900132,308,38,270
110900133,63,120,-57
110900135,59,183,-124
110900136,311,10,301
110900138,0,0,0
110900139,6,0,6
110900140,1,0,1
110900141,423,564,-141
110900142,55,122,-67
110900143,176,74,102
110900144,3,491,-488
110900145,138,43,95
110900146,321,178,143
110900147,115,332,-217
110900148,4,216,-212
110900149,1,47,-46
110900150,31,20,11
110900151,3,83,-80
110900152,70,144,-74
110900153,201,47,154
111000001,651,618,33
111000002,715,531,184
111000003,1335,612,723
111000004,459,905,-446
111000005,1446,1024,422
111000006,843,1573,-730
111000007,3536,2678,858
111000008,1701,2498,-797
111000009,470,796,-326
111000010,867,249,618
111000011,329,1465,-1136
111000012,581,403,178
111000013,472,1152,-680
111000014,1094,504,590
111000017,145,955,-810
111000018,253,375,-122
111000020,748,2120,-1372
111000021,63,104,-41
111000023,91,81,10
111000025,3795,3399,396
111000029,58,91,-33
111000030,25,109,-84
111000031,1862,1120,742
111000032,497,340,157
111000033,313,338,-25
111000034,107,264,-157
111000037,1164,830,334
111000038,2829,1542,1287
111000039,1687,1619,68
111000040,1351,1848,-497
111000041,1566,1359,207
111000042,2287,1957,330
111000043,1756,2926,-1170
111000044,2007,1117,890
111000045,2263,2152,111
111000046,1410,1553,-143
111000047,2533,3801,-1268
111000049,445,406,39
111000050,1231,1084,147
111000051,480,728,-248
111000052,514,1346,-832
111000053,283,648,-365
111000054,342,583,-241
111000055,1047,1261,-214
111000056,200,321,-121
111000057,106,357,-251
111000058,442,70,372
111000059,472,251,221
111000060,3689,855,2834
111000061,536,325,211
111000062,827,281,546
111000063,1809,846,963
111000064,753,431,322
111000065,1074,721,353
111000066,447,294,153
111000067,502,567,-65
111000068,603,858,-255
111000069,1465,1474,-9
111000070,1036,760,276
111000071,253,414,-161
111000072,1127,494,633
111000073,342,910,-568
111000074,1352,1398,-46
111000075,1065,580,485
111000076,483,542,-59
111000077,1577,1561,16
111000078,2680,1249,1431
111000079,1205,649,556
111000080,640,593,47
111000081,1392,3433,-2041
111000082,758,598,160
111000084,793,504,289
111000085,931,876,55
111000086,2120,885,1235
111000087,680,507,173
111000088,3564,1624,1940
111000089,679,804,-125
111000090,787,1204,-417
111000091,701,388,313
111000092,1366,756,610
111000093,714,1028,-314
111000094,1639,967,672
111000095,663,1953,-1290
111000096,1441,6758,-5317
111000097,3821,1483,2338
111000098,774,900,-126
111000099,568,1366,-798
111000100,450,1036,-586
111000101,461,729,-268
111000102,293,461,-168
111000104,615,177,438
111000107,119,644,-525
111000109,541,231,310
111000110,1515,678,837
111000111,2483,424,2059
111000112,1737,568,1169
111000113,885,1352,-467
111000114,1985,3369,-1384
111000115,4502,1013,3489
111000116,894,762,132
111000117,458,778,-320
111000118,1232,618,614
111000119,1062,854,208
111000120,522,546,-24
111000121,400,622,-222
111000122,510,922,-412
111000123,1013,1997,-984
111000124,450,1821,-1371
111000125,275,1072,-797
111000126,112,621,-509
111000127,932,150,782
111000128,1989,249,1740
111000129,2651,413,2238
111000130,2063,556,1507
111000131,1794,534,1260
111000132,1438,757,681
111000133,167,154,13
111000134,148,100,48
111000135,66,103,-37
111000136,379,313,66
111000138,21,5,16
111000140,0,0,0
111000141,173,465,-292
111000142,24,180,-156
111000143,3,265,-262
111000144,35,1086,-1051
111000145,1432,40,1392
111000146,166,16,150
111000147,270,40,230
111000148,184,67,117
111000149,6,30,-24
111000150,25,7,18
111000151,2,18,-16
111000153,553,584,-31
111000154,727,205,522
111000155,116,141,-25
111000156,490,613,-123
111000157,262,1037,-775
111000158,863,718,145
111000159,2616,858,1758
111000160,558,355,203
111000161,16,319,-303
111000162,129,148,-19
111000163,778,746,32
111000164,579,2992,-2413
111000165,840,392,448
111000166,1574,299,1275
111000167,190,277,-87
111000168,225,338,-113
111000169,255,577,-322
111000170,445,370,75
111000171,431,489,-58
111000172,183,401,-218
111000173,460,717,-257
111000174,247,251,-4
111000175,65,265,-200
111000176,348,92,256
111000177,344,176,168
111000178,1189,295,894
111000179,274,165,109
111000180,230,430,-200
111000181,1181,182,999
111000182,223,128,95
111000183,206,245,-39
111000184,392,198,194
111000185,369,315,54
111000186,235,197,38
111000187,130,167,-37
111000188,236,250,-14
111000189,840,490,350
111000190,231,227,4
111000191,183,225,-42
111000192,206,348,-142
111000193,379,247,132
111000194,67,306,-239
111000195,190,262,-72
111000196,88,159,-71
111000197,481,136,345
111000198,618,99,519
111000199,269,156,113
111000200,405,326,79
111000201,657,255,402
111000202,393,168,225
111000203,400,254,146
111000204,540,1263,-723
111000213,182,473,-291
111000214,1403,1170,233
111000215,1057,1081,-24
111000217,1339,716,623
111000218,1199,909,290
111000219,463,194,269
111000220,1028,523,505
111000221,479,66,413
111000224,58,279,-221
111000225,488,345,143
111000226,83,1,82
111000227,47,4,43
111000228,18,391,-373
111000229,50,747,-697
111000230,309,230,79
111000231,1065,524,541
111000232,718,676,42
111000233,899,604,295
111000234,155,417,-262
111000239,97,115,-18
111000240,52,218,-166
111000241,36,239,-203
111000242,157,61,96
111000243,208,375,-167
111000244,532,77,455
111000245,1442,310,1132
111000246,576,269,307
111000247,324,547,-223
111000248,739,326,413
111000249,386,492,-106
111000250,55,70,-15
111000251,43,96,-53
111000253,29,11,18
111000255,52,9,43
111000257,41,30,11
111000260,63,1100,-1037
111000261,1250,75,1175
111000271,66,306,-240
111000273,2477,1089,1388
111000274,1251,2065,-814
111000275,217,68,149
111000276,272,1277,-1005
111000277,186,312,-126
111000278,610,177,433
111000291,884,5370,-4486
111000298,446,194,252
111000299,597,150,447
111000300,105,488,-383
111000302,272,101,171
111000303,109,159,-50
111000312,71,58,13
111000315,6,110,-104
111000320,269,434,-165
111000321,441,150,291
111000322,330,360,-30
111000323,332,24,308
111000324,457,330,127
111000325,71,62,9
111000326,238,270,-32
111000327,582,300,282
111000328,300,459,-159
111000329,3,23,-20
111000330,72,4,68
111000331,36,9,27
111000332,544,1068,-524
111000334,299,960,-661
111000335,1022,193,829
111000337,1282,337,945
111000338,60,77,-17
111000339,623,198,425
111000340,106,470,-364
111000341,1416,670,746
111000342,330,1596,-1266
111000344,1019,606,413
111000345,260,139,121
111000346,32,174,-142
111000347,112,4,108
111000350,180,132,48
111000351,107,320,-213
111000352,196,99,97
111000353,116,245,-129
111000354,562,187,375
111000355,264,515,-251
111000358,134,841,-707
111000360,204,417,-213
111000361,192,161,31
111000546,747,482,265
111000547,335,326,9
111000548,137,260,-123
111000549,338,191,147
111000550,104,841,-737
111000551,630,196,434
111000552,1802,333,1469
111000907,448,32,416
111000908,28,2,26
111000916,1713,233,1480
111000917,44,338,-294
111000918,233,552,-319
111000920,587,33,554
111000921,17,146,-129
111000922,443,259,184
111000924,38,489,-451
111000925,2694,1603,1091
111000926,1049,1370,-321
111000927,2609,3577,-968
111000928,3714,2306,1408
111000929,1339,1149,190
111000930,762,1784,-1022
111000931,1937,2397,-460
111000932,3577,1814,1763
111000933,3689,2524,1165
111000934,1865,2779,-914
111000935,1825,930,895
111000936,1132,1697,-565
111000937,1142,1187,-45
111000938,1377,1331,46
111000939,458,44,414
111000940,457,121,336
111000941,461,275,186
111000943,483,261,222
111000944,179,274,-95
111000945,72,1068,-996
111001109,435,388,47
111001110,150,424,-274
111001111,75,13,62
111001112,98,5,93
111001113,0,185,-185
111001114,651,171,480
111001115,62,585,-523
111001116,3673,3690,-17
111001117,527,2499,-1972
111001120,110,251,-141
111001121,221,189,32
111001122,276,335,-59
111001123,302,86,216
111001124,120,135,-15
111001125,2,167,-165
111001126,0,0,0
111001127,0,29,-29
111001128,532,535,-3
111900001,2,167,-165
111900002,1,431,-430
111900003,1,237,-236
111900004,29,60,-31
111900006,15,29,-14
111900007,115,1,114
111900008,200,1,199
111900009,112,3,109
111900010,227,262,-35
111900012,53,73,-20
111900013,13,30,-17
111900014,3301,3795,-494
111900015,1,50,-49
111900016,0,104,-104
111900017,0,68,-68
111900018,141,7,134
111900019,3,103,-100
111900020,1,42,-41
111900021,36,83,-47
111900022,22,63,-41
111900023,107,76,31
111900024,20,68,-48
111900025,0,32,-32
111900026,1,68,-67
111900027,5,98,-93
111900028,17,291,-274
111900029,1,55,-54
111900030,27,260,-233
111900032,1,266,-265
111900033,5,47,-42
111900034,214,385,-171
111900035,34,188,-154
111900036,0,201,-201
111900038,196,418,-222
111900039,64,276,-212
111900040,4,326,-322
111900042,26,150,-124
111900043,3,248,-245
111900044,289,153,136
111900046,41,118,-77
111900048,232,443,-211
111900049,20,143,-123
111900050,110,35,75
111900051,3,124,-121
111900052,384,344,40
111900053,804,1541,-737
111900054,156,4,152
111900055,9,216,-207
111900056,130,282,-152
111900057,153,51,102
111900058,394,413,-19
111900059,1204,531,673
111900060,342,4,338
111900061,5,115,-110
111900062,33,47,-14
111900063,296,255,41
111900064,73,137,-64
111900065,115,26,89
111900066,122,206,-84
111900067,1,244,-243
111900068,39,38,1
111900069,90,35,55
111900070,136,87,49
111900071,1,142,-141
111900072,71,21,50
111900073,826,145,681
111900074,18,109,-91
111900075,109,9,100
111900076,173,55,118
111900077,51,1,50
111900078,292,16,276
111900079,64,28,36
111900080,220,243,-23
111900082,160,22,138
111900083,152,12,140
111900084,74,10,64
111900085,53,103,-50
111900086,55,6,49
111900087,60,0,60
111900088,518,20,498
111900089,99,5,94
111900090,65,37,28
111900091,261,2,259
111900092,120,3,117
111900093,474,11,463
111900094,87,0,87
111900095,207,16,191
111900096,191,0,191
111900097,68,0,68
111900098,254,4,250
111900099,79,0,79
111900100,77,5,72
111900101,80,31,49
111900102,485,341,144
111900103,59,69,-10
111900104,160,38,122
111900105,256,185,71
111900106,573,27,546
111900110,1155,336,819
111900111,195,94,101
111900112,335,2400,-2065
111900113,210,92,118
111900118,328,80,248
111900119,291,127,164
111900122,150,72,78
111900123,28,31,-3
111900124,52,77,-25
111900125,502,35,467
111900126,276,5,271
111900127,0,376,-376
111900128,1,372,-371
111900129,280,13,267
111900130,140,25,115
111900131,534,3,531
111900132,18,616,-598
111900133,17,298,-281
111900134,4,188,-184
111900135,14,34,-20
111900136,75,161,-86
111900137,64,49,15
111900138,24,55,-31
111900139,11,76,-65
111900140,114,12,102
111900141,68,7,61
111900142,131,41,90
111900143,76,150,-74
111900144,1,60,-59
111900145,0,263,-263
111900146,0,148,-148
111900147,104,251,-147
111900148,30,432,-402
111900149,5,182,-177
111900150,9,100,-91
111900151,4,17,-13
111900152,69,65,4
111900153,936,661,275
111900154,8,265,-257
111900155,60,80,-20
111900156,67,78,-11
111900157,177,19,158
111900158,508,82,426
111900159,323,16,307
111900160,365,2,363
111900161,142,5,137
111900162,436,491,-55
111900163,34,126,-92
111900164,104,57,47
111901113,435,121,314
111901114,189,115,74
111901115,46,2,44
111901116,21,1,20
111901117,13,21,-8
111901118,49,195,-146
111901119,439,45,394
111901121,91,109,-18
111901122,1,240,-239
111901123,177,199,-22
111901124,225,7,218
111901125,378,181,197
111901127,337,334,3
111901129,8,58,-50
111901130,24,212,-188
111901131,5,238,-233
111901132,146,27,119
111901133,34,1,33
111901134,62,4,58
111901135,46,16,30
111901136,35,41,-6
111901138,146,33,113
111901139,76,28,48
111901140,11,53,-42
111901141,14,91,-77
111901142,6,141,-135
111901143,4,183,-179
111901144,49,51,-2
111901145,189,454,-265
111901146,320,30,290
111901147,307,219,88
111901148,16,60,-44
111901149,10,7,3
111901150,20,0,20
111901151,0,0,0
111901152,11,28,-17
112000001,1614,644,970
112000002,560,1507,-947
112000003,1558,933,625
112000004,634,614,20
112000005,3327,3430,-103
112000006,1577,1258,319
112000007,3323,2334,989
112000008,2626,4059,-1433
112000009,2448,2239,209
112000010,3013,3485,-472
112000011,1284,1288,-4
112000012,3554,5179,-1625
112000013,2610,2608,2
112000014,1770,2953,-1183
112000015,1959,3241,-1282
112000016,3058,2128,930
112000017,1234,3150,-1916
112000024,1695,681,1014
112000026,2271,2779,-508
112000027,769,635,134
112000028,996,1118,-122
112000029,487,640,-153
112000030,135,78,57
112000031,1044,4472,-3428
112000032,192,51,141
112000033,1292,2444,-1152
112000034,123,46,77
112000035,59,397,-338
112000036,464,1121,-657
112000037,762,743,19
112000038,1125,1118,7
112000039,81,79,2
112000040,67,197,-130
112000041,454,396,58
112000042,842,350,492
112000050,1163,1171,-8
112000051,1051,1492,-441
112000054,1375,1513,-138
112000057,461,403,58
112000058,291,468,-177
112000059,436,712,-276
112000061,2571,1861,710
112000062,1342,883,459
112000063,844,1769,-925
112000064,3127,4415,-1288
112000065,1480,2081,-601
112000066,3378,1516,1862
112000067,777,667,110
112000068,3098,2643,455
112000069,576,1601,-1025
112000070,1678,889,789
112000071,909,2278,-1369
112000072,2513,778,1735
112000073,1381,1905,-524
112000074,1448,1030,418
112000075,1302,1222,80
112000076,2927,2160,767
112000077,747,458,289
112000078,1966,550,1416
112000079,1435,1149,286
112000080,661,654,7
112000081,1245,1830,-585
112000082,1514,754,760
112000083,630,1089,-459
112000084,1176,700,476
112000085,1214,952,262
112000086,1688,1130,558
112000087,536,580,-44
112000088,750,445,305
112000089,238,308,-70
112000090,238,279,-41
112000091,687,663,24
112000092,2047,981,1066
112000093,1420,703,717
112000094,726,768,-42
112000095,637,686,-49
112000096,681,492,189
112000097,1296,581,715
112000098,790,744,46
112000099,723,1566,-843
112000100,1851,688,1163
112000101,468,603,-135
112000102,1331,526,805
112000103,343,631,-288
112000105,636,1066,-430
112000106,2054,473,1581
112000107,108,142,-34
112000108,383,1213,-830
112000109,177,107,70
112000110,1796,647,1149
112000111,831,2862,-2031
112000112,3199,618,2581
112000113,827,1310,-483
112000114,2210,819,1391
112000115,433,438,-5
112000116,506,689,-183
112000117,1205,800,405
112000118,688,665,23
112000119,431,482,-51
112000120,87,265,-178
112000121,140,299,-159
112000122,351,131,220
112000123,847,140,707
112000124,471,82,389
112000125,307,244,63
112000126,356,383,-27
112000127,2015,2249,-234
112000128,753,562,191
112000129,136,93,43
112000130,224,98,126
112000131,52,183,-131
112000132,169,246,-77
112000133,386,150,236
112000134,421,329,92
112000135,1224,754,470
112000136,941,1183,-242
112000137,1963,1716,247
112000138,1565,1180,385
112000139,817,703,114
112000140,859,1087,-228
112000141,898,309,589
112000142,158,552,-394
112000143,1017,193,824
112000144,272,761,-489
112000145,2537,552,1985
112000146,508,1373,-865
112000147,2723,1570,1153
112000148,1379,1685,-306
112000149,516,496,20
112000150,333,497,-164
112000151,419,271,148
112000152,405,317,88
112000153,150,213,-63
112000154,151,170,-19
112000155,127,113,14
112000157,648,503,145
112000158,289,268,21
112000159,458,296,162
112000167,335,73,262
112000169,259,435,-176
112000173,700,154,546
112000175,362,287,75
112000176,2120,1835,285
112000177,727,200,527
112000178,125,244,-119
112000179,305,91,214
112000180,211,300,-89
112000181,1128,1202,-74
112000182,1335,1017,318
112000183,28,43,-15
112000184,513,272,241
112000185,659,396,263
112000187,3899,2253,1646
112000195,129,17,112
112000196,220,1,219
112000197,230,168,62
112000198,43,203,-160
112000199,911,677,234
112000202,471,2,469
112000216,60,197,-137
112000230,83,5,78
112000231,4,177,-173
112000256,62,218,-156
112000313,57,95,-38
112000314,47,36,11
112000337,498,494,4
112000352,406,346,60
112000392,1315,1236,79
112000398,1495,789,706
112000399,1265,1949,-684
112000400,1520,2080,-560
112000401,1914,1811,103
112000402,2832,3577,-745
112000403,1303,3050,-1747
112000404,1061,916,145
112000405,2013,2701,-688
112000406,2599,1746,853
112000407,7181,7409,-228
112000408,6292,4295,1997
112000409,1405,2973,-1568
112000410,294,341,-47
112000411,2556,1475,1081
112000412,1273,461,812
112000413,5472,5264,208
112000414,85,68,17
112000415,134,26,108
112000416,2839,1221,1618
112000417,349,77,272
112000421,26,113,-87
112000422,312,214,98
112000424,1579,2399,-820
112000425,419,647,-228
112000426,137,254,-117
112000427,2,22,-20
112000428,251,314,-63
112000429,1856,2002,-146
112000430,2353,2618,-265
112000431,133,141,-8
112000432,543,940,-397
112000433,306,625,-319
112000437,67,151,-84
112900001,49,2,47
112900002,567,892,-325
112900003,100,315,-215
112900004,57,202,-145
112900005,250,166,84
112900007,43,135,-92
112900008,1,50,-49
112900009,283,105,178
112900010,388,601,-213
112900011,156,186,-30
112900012,3,28,-25
112900013,11,158,-147
112900014,3,187,-184
112900015,316,570,-254
112900016,19,157,-138
112900017,40,160,-120
112900018,271,485,-214
112900019,30,138,-108
112900020,321,890,-569
112900021,8,250,-242
112900022,12,57,-45
112900023,1,140,-139
112900024,16,178,-162
112900025,82,158,-76
112900026,69,175,-106
112900027,16,939,-923
112900028,21,108,-87
112900029,18,388,-370
112900030,107,102,5
112900031,12,381,-369
112900032,222,199,23
112900034,0,24,-24
112900035,8,332,-324
112900036,38,110,-72
112900037,108,195,-87
112900038,506,124,382
112900039,13,200,-187
112900040,13,385,-372
112900041,480,798,-318
112900042,76,228,-152
112900043,33,63,-30
112900044,329,350,-21
112900045,353,219,134
112900046,114,43,71
112900047,15,30,-15
112900049,217,60,157
112900050,26,391,-365
112900051,199,408,-209
112900052,12,569,-557
112900053,361,107,254
112900054,162,43,119
112900055,100,23,77
112900056,341,217,124
112900057,40,333,-293
112900058,263,294,-31
112900059,106,103,3
112900060,20,101,-81
112900061,70,76,-6
112900062,64,96,-32
112900063,132,18,114
112900064,149,173,-24
112900065,49,20,29
112900066,199,193,6
112900067,299,121,178
112900068,59,48,11
112900069,1404,756,648
112900071,45,10,35
112900072,167,1778,-1611
112900073,409,101,308
112900074,90,333,-243
112900075,881,851,30
112900076,67,44,23
112900078,255,340,-85
112900079,285,45,240
112900080,92,4,88
112900081,57,195,-138
112900082,495,39,456
112900083,108,107,1
112900084,188,106,82
112900086,90,3,87
112900087,635,114,521
112900088,146,22,124
112900089,618,51,567
112900090,58,32,26
112900091,257,15,242
112900092,169,334,-165
112900093,1186,29,1157
112900095,45,0,45
112900096,525,156,369
112900097,91,220,-129
112900098,127,0,127
112900099,739,25,714
112900100,74,1,73
112900101,368,3,365
112900102,117,10,107
112900103,231,1,230
112900104,546,8,538
112900105,21,0,21
112900106,378,90,288
112900107,5,0,5
112900108,18,2,16
112900109,84,3,81
112900110,1347,22,1325
112900111,683,2,681
112900112,335,0,335
112900113,0,8,-8
112900114,158,17,141
112900115,1507,5,1502
112900116,163,37,126
112900117,121,59,62
112900118,29,93,-64
112900119,148,3,145
112900120,645,279,366
112900121,91,150,-59
112900122,20,85,-65
112900123,125,14,111
112900124,12,83,-71
112900125,62,339,-277
112900126,195,156,39
112900127,309,104,205
112900128,287,599,-312
112900129,0,497,-497
112900130,239,67,172
112900131,47,436,-389
112900132,90,421,-331
112900133,23,933,-910
112900134,1,165,-164
112900135,101,41,60
112900137,14,363,-349
112900138,6,179,-173
112900139,189,762,-573
112900141,644,39,605
112900142,76,196,-120
112900143,20,331,-311
112900144,7,574,-567
112900145,38,275,-237
112900146,7,861,-854
112900147,2,1094,-1092
112900148,41,2,39
112900149,164,389,-225
112900151,30,56,-26
112900152,3554,631,2923
112900153,1511,2152,-641
112900154,1,98,-97
112900155,154,25,129
112900156,302,868,-566
112900157,496,100,396
112900158,63,30,33
112900159,199,86,113
112900160,62,224,-162
112900161,90,66,24
112900162,19,16,3
112900163,71,34,37
112900164,39,216,-177
112900165,98,25,73
112900166,13,64,-51
112900167,5,67,-62
112900168,11,8,3
112900169,9,25,-16
112900170,112,104,8
112900172,37,18,19
112900173,147,69,78
112900174,204,43,161
112900175,110,106,4
112900176,11,61,-50
112900177,264,67,197
112900178,725,2409,-1684
112900179,62,384,-322
112900180,1803,1470,333
112900181,567,4,563
112900182,75,645,-570
112900183,132,230,-98
112900184,410,393,17
112900185,206,559,-353
112900186,1039,892,147
112900187,94,474,-380
112900188,454,725,-271
112900189,25,21,4
112900190,15,53,-38
112900192,573,555,18
112900193,1077,325,752
112900194,75,84,-9
112900195,844,35,809
112900196,245,242,3
112900197,130,283,-153
112900199,463,260,203
112900200,510,164,346
112900201,120,108,12
112900202,368,586,-218
112900203,219,156,63
112900204,741,517,224
112900205,64,55,9
112900206,23,80,-57
112900207,26,0,26
112900208,97,330,-233
112900209,424,256,168
112900210,0,18,-18
112900211,60,23,37
112900212,2,112,-110
112900213,59,11,48
112900214,17,9,8
112900215,14,118,-104
112900216,39,41,-2
112900217,0,50,-50
112900218,68,6,62
112900219,68,2,66
112900220,2,0,2
112900221,51,95,-44
112900222,0,35,-35
112900223,928,14,914
112900224,336,276,60
112900225,382,229,153
112900226,229,297,-68
112900227,482,495,-13
112900228,88,31,57
112900229,202,70,132
112900230,5142,3267,1875
112900232,303,244,59
112900233,58,110,-52
112900234,16,50,-34
112900235,72,24,48
112900236,189,4,185
112900237,259,196,63
112900238,5,16,-11
112900239,507,536,-29
112900240,5,39,-34
112900241,20,62,-42
112900242,14,71,-57
112900243,16,88,-72
112900244,9,43,-34
112900245,0,29,-29
112900246,6,23,-17
112900247,128,20,108
112900248,8,0,8
112900249,10,7,3
112900250,48,22,26
112900251,65,15,50
112900252,66,11,55
112900253,29,8,21
112900254,20,5,15
112900255,21,23,-2
112900256,0,41,-41
112900257,14,33,-19
112900258,56,26,30
113000001,5470,3808,1662
113000002,3737,3063,674
113000003,1808,1381,427
113000004,1459,2007,-548
113000005,1909,842,1067
113000006,993,1184,-191
113000007,1906,1010,896
113000008,1431,1500,-69
113000009,1193,706,487
113000010,1184,1180,4
113000011,773,1198,-425
113000012,1762,549,1213
113000013,1330,769,561
113000014,1510,1737,-227
113000015,326,181,145
113000016,352,1021,-669
113000017,45,380,-335
113000018,438,62,376
113000019,144,289,-145
113000020,492,102,390
113000021,1014,463,551
113000022,655,1190,-535
113000025,179,525,-346
113000026,404,472,-68
113000027,527,560,-33
113000028,505,588,-83
113000029,774,768,6
113000030,315,583,-268
113000031,228,281,-53
113000032,268,288,-20
113000033,292,401,-109
113000034,334,288,46
113000035,38,41,-3
113000036,24,66,-42
113000037,54,27,27
113000038,18,47,-29
113000039,84,259,-175
113000040,54,113,-59
113000042,685,559,126
113000051,819,1991,-1172
113000052,1772,617,1155
113000053,482,312,170
113000054,326,582,-256
113000055,988,507,481
113000056,1022,740,282
113000058,676,866,-190
113000059,1180,471,709
113000060,275,484,-209
113000061,543,706,-163
113000062,596,233,363
113000063,199,79,120
113000064,53,234,-181
113000065,136,506,-370
113000066,707,81,626
113000067,2106,882,1224
113000068,383,849,-466
113000069,516,810,-294
113000070,2347,782,1565
113000071,376,478,-102
113000072,794,403,391
113000073,314,1032,-718
113000074,882,328,554
113000075,1872,588,1284
113000076,491,2046,-1555
113000077,1051,746,305
113000078,644,2015,-1371
113000079,665,839,-174
113000080,744,827,-83
113000081,912,756,156
113000082,1055,774,281
113000083,525,885,-360
113000084,1486,1042,444
113000085,833,649,184
113000086,1000,1079,-79
113000087,900,976,-76
113000088,1787,1167,620
113000089,1004,1420,-416
113000090,227,519,-292
113000091,449,297,152
113000094,1111,220,891
113000095,221,643,-422
113000096,171,594,-423
113000097,1058,343,715
113000098,126,60,66
113000099,882,331,551
113000100,131,319,-188
113000101,278,447,-169
113000102,572,449,123
113000103,1742,341,1401
113000104,565,2003,-1438
113000105,901,419,482
113000106,304,296,8
113000107,1011,799,212
113000108,635,813,-178
113000109,610,1434,-824
113000110,1588,367,1221
113000111,243,638,-395
113000112,372,397,-25
113000113,1221,399,822
113000114,300,1276,-976
113000116,601,315,286
113000117,862,95,767
113000118,154,416,-262
113000119,385,314,71
113000120,63,255,-192
113000121,516,900,-384
113000124,263,133,130
113000125,70,711,-641
113000127,2050,268,1782
113000128,642,425,217
113000129,468,659,-191
113000133,1768,1374,394
113000134,7,924,-917
113000135,3669,4372,-703
113000137,1299,3397,-2098
113000139,363,204,159
113000140,117,241,-124
113000141,225,275,-50
113000142,472,1115,-643
113000143,263,246,17
113000144,339,703,-364
113000145,81,124,-43
113000146,136,59,77
113000147,159,95,64
113000148,194,132,62
113000149,107,106,1
113000150,481,260,221
113000151,77,64,13
113000152,41,78,-37
113000153,1206,420,786
113000154,667,1394,-727
113000155,331,587,-256
113000156,155,324,-169
113000157,286,678,-392
113000158,642,201,441
113000159,815,615,200
113000160,560,784,-224
113000161,254,309,-55
113000162,753,292,461
113000163,129,59,70
113000164,17,76,-59
113000166,205,136,69
113000167,45,90,-45
113000168,68,102,-34
113000169,257,81,176
113000170,129,102,27
113000171,52,83,-31
113000172,286,72,214
113000173,103,40,63
113000174,145,388,-243
113000175,404,115,289
113000176,528,171,357
113000177,197,421,-224
113000178,164,243,-79
113000179,302,211,91
113000180,436,1051,-615
113000181,1116,781,335
113000182,167,297,-130
113000183,138,606,-468
113000184,26,85,-59
113000189,478,999,-521
113000190,666,497,169
113000192,920,2644,-1724
113000193,2414,2136,278
113000194,1018,1183,-165
113000195,1476,1278,198
113000196,185,68,117
113000197,1113,1263,-150
113000198,67,249,-182
113000199,1224,337,887
113000201,229,359,-130
113000202,3344,685,2659
113000203,187,164,23
113000204,820,2219,-1399
113000205,8,20,-12
113000206,8,26,-18
113000207,68,15,53
113000208,43,46,-3
113000209,12,13,-1
113000210,3,16,-13
113000211,183,294,-111
113000212,73,40,33
113000213,50,152,-102
113000214,164,233,-69
113000234,226,688,-462
113000410,175,211,-36
113000411,2171,3927,-1756
113000412,5384,2414,2970
113000413,1921,2822,-901
113000414,5006,11866,-6860
113000415,1906,2436,-530
113000416,6121,3399,2722
113000417,1997,2279,-282
113000418,4761,3420,1341
113000419,1627,1771,-144
113000420,3847,5459,-1612
113000421,3879,5931,-2052
113000422,10754,10332,422
113000423,1814,5286,-3472
113000424,2582,9802,-7220
113000425,6,82,-76
113000428,44,36,8
113000430,15,195,-180
113000432,2196,216,1980
113000433,104,534,-430
113000434,20,130,-110
113000435,27,360,-333
113000436,28,830,-802
113000437,1028,23,1005
113000438,261,15,246
113000439,9,99,-90
113000440,101,31,70
113000441,228,174,54
113000442,110,113,-3
113000443,308,167,141
113000444,178,126,52
113000445,119,94,25
113000446,53,78,-25
113000448,226,131,95
113000449,157,585,-428
113000450,439,1591,-1152
113000451,1217,180,1037
113000452,271,400,-129
113000453,64,349,-285
113000454,378,99,279
113000455,55,361,-306
113000456,2901,2231,670
113000468,1192,121,1071
113000469,52,58,-6
113000470,329,32,297
113000471,16,334,-318
113000472,132,292,-160
113000474,787,561,226
113000475,1443,1438,5
113000476,1476,1795,-319
113000477,3703,1872,1831
113000478,3213,4241,-1028
113000479,68,151,-83
113000484,0,0,0
113000485,0,0,0
113000486,9,0,9
113000487,1,2,-1
113000488,0,1,-1
113000489,1,13,-12
113000490,0,4,-4
113000491,16,6,10
113000492,2,3,-1
113000493,1,0,1
113000495,176,132,44
113000496,149,84,65
113000499,0,0,0
113900001,0,206,-206
113900002,0,63,-63
113900003,0,73,-73
113900004,0,62,-62
113900005,2,71,-69
113900006,0,24,-24
113900007,30,0,30
113900008,11,3,8
113900009,52,0,52
113900010,60,1,59
113900011,45,0,45
113900012,63,1,62
113900013,159,4,155
113900014,507,0,507
113900015,1,54,-53
113900016,23,0,23
113900017,6,37,-31
113900018,270,197,73
113900019,102,25,77
113900020,145,0,145
113900022,28,1,27
113900023,35,0,35
113900024,115,27,88
113900025,291,12,279
113900026,58,3,55
113900027,5,48,-43
113900028,21,312,-291
113900029,76,124,-48
113900030,266,2,264
113900031,12,1,11
113900032,26,1,25
113900033,86,37,49
113900035,38,0,38
113900036,20,72,-52
113900037,202,335,-133
113900038,40,71,-31
113900039,148,14,134
113900040,6,8,-2
113900041,8,1,7
113900042,65,39,26
113900043,100,86,14
113900044,269,295,-26
113900045,65,1,64
113900046,158,517,-359
113900047,54,92,-38
113900048,146,80,66
113900049,392,243,149
113900050,247,275,-28
113900051,181,232,-51
113900052,128,171,-43
113900053,498,439,59
113900054,17,0,17
113900055,79,342,-263
113900056,44,127,-83
113900057,19,32,-13
113900058,63,75,-12
113900059,187,210,-23
113900060,122,196,-74
113900061,539,185,354
113900062,91,5,86
113900063,55,83,-28
113900064,14,57,-43
113900065,328,17,311
113900066,319,194,125
113900067,136,380,-244
113900068,507,375,132
113900069,29,28,1
113900070,115,362,-247
113900071,58,64,-6
113900072,45,115,-70
113900073,274,272,2
113900074,134,758,-624
113900075,1051,992,59
113900076,186,16,170
113900077,33,133,-100
113900078,26,52,-26
113900079,1,28,-27
113900080,452,157,295
113900081,47,151,-104
113900082,89,155,-66
113900083,271,246,25
113900084,279,112,167
113900085,47,241,-194
113900086,49,8,41
113900087,59,113,-54
113900088,58,98,-40
113900089,349,28,321
113900090,551,295,256
113900091,13,8,5
113900092,37,86,-49
113900093,60,669,-609
113900094,409,314,95
113900095,130,91,39
113900096,259,57,202
113900097,36,46,-10
113900098,588,70,518
113900099,0,26,-26
113900100,0,2,-2
113900101,12,72,-60
113900102,105,121,-16
113900103,291,240,51
113900104,92,164,-72
113900105,121,140,-19
113900106,0,26,-26
113900107,7,27,-20
113900108,181,198,-17
113900109,314,150,164
113900110,47,17,30
113900111,161,86,75
113900112,256,142,114
113900113,872,402,470
113900114,1,43,-42
113900115,0,76,-76
113900116,73,121,-48
113900117,78,27,51
113900118,173,320,-147
113900119,166,388,-222
113900120,78,71,7
113900121,77,58,19
113900122,389,1876,-1487
113900123,415,160,255
113900124,0,88,-88
113900125,641,112,529
113900126,133,32,101
113900127,193,589,-396
113900128,153,60,93
113900129,24,118,-94
113900130,0,54,-54
113900131,211,60,151
113900132,45,42,3
113900133,27,61,-34
113900135,311,277,34
113900136,83,77,6
113900137,324,237,87
113900138,37,145,-108
113900139,231,166,65
113900140,163,339,-176
113900141,558,178,380
113900142,98,58,40
113900143,9,35,-26
113900144,153,280,-127
113900145,353,108,245
113900146,149,23,126
113900148,108,283,-175
113900149,128,77,51
113900150,364,405,-41
113900151,336,151,185
113900152,33,32,1
113900153,193,449,-256
113900154,2,86,-84
113900155,126,146,-20
113900156,184,318,-134
113900157,27,244,-217
113900158,234,386,-152
113900159,13,242,-229
113900160,473,388,85
113900161,56,273,-217
113900162,315,673,-358
113900163,208,235,-27
113900164,223,44,179
113900165,683,300,383
113900166,127,149,-22
113900167,284,54,230
113900168,66,70,-4
113900169,179,236,-57
113900171,146,51,95
113900172,9,116,-107
113900173,19,427,-408
113900174,515,447,68
113900175,271,135,136
113900176,310,396,-86
113900177,288,130,158
113900178,306,101,205
113900179,19,291,-272
113900180,100,98,2
113900181,609,88,521
113900182,540,675,-135
113900183,39,71,-32
113900184,10,354,-344
113900185,126,82,44
113900186,21,25,-4
113900187,32,110,-78
113900188,35,103,-68
113900189,237,83,154
113900190,226,89,137
113900191,76,138,-62
113900192,1110,1425,-315
113900193,23,138,-115
113900194,1064,774,290
113900195,253,327,-74
113900196,11,108,-97
113900197,2,112,-110
113900198,21,257,-236
113900199,125,446,-321
113900200,14,236,-222
113900201,0,102,-102
113900202,22,219,-197
113900203,10,74,-64
113900204,35,328,-293
113900205,3,118,-115
113900206,1,103,-102
113900207,0,47,-47
113900208,0,45,-45
113900209,0,72,-72
113900210,483,577,-94
113900211,139,47,92
113900212,178,287,-109
113900214,300,383,-83
113900215,108,96,12
113900216,89,573,-484
113900217,53,153,-100
113900218,131,104,27
113900219,96,439,-343
113900220,98,97,1
113900221,335,193,142
113900222,829,565,264
113900223,192,632,-440
113900224,85,65,20
113900225,666,182,484
113900226,315,77,238
113900227,338,174,164
113900228,240,454,-214
113900229,53,787,-734
113900230,2616,2716,-100
113900231,130,103,27
113900232,92,70,22
113900233,63,38,25
113900234,261,371,-110
113900235,116,26,90
113900236,118,225,-107
113900237,196,8,188
113900238,170,457,-287
113900239,36,95,-59
113900240,3,152,-149
113900241,90,57,33
113900242,39,105,-66
113900243,105,308,-203
113900244,290,163,127
113900245,980,243,737
113900246,16,22,-6
113900247,90,400,-310
113900248,1999,1420,579
113900249,610,348,262
113900250,57,164,-107
113900251,670,147,523
113900252,538,17,521
113900253,557,36,521
113900254,732,95,637
113900255,375,10,365
113900256,350,23,327
113900257,41,429,-388
113900258,17,297,-280
113900259,489,111,378
113900260,170,11,159
113900261,29,60,-31
113900262,148,376,-228
113900263,111,476,-365
113900264,5,333,-328
113900265,183,219,-36
113900266,62,135,-73
113900267,83,373,-290
113900268,244,299,-55
113900269,89,132,-43
113900270,219,531,-312
113900271,511,720,-209
113900273,42,9,33
113900274,85,29,56
113900275,25,51,-26
113900276,0,98,-98
113900277,119,6,113
113900278,220,130,90
113900279,100,60,40
113900280,1220,484,736
113900281,428,1077,-649
113900282,843,599,244
113900283,353,487,-134
113900284,649,197,452
113900285,115,38,77
113900286,11,59,-48
113900287,50,21,29
113900288,1,144,-143
113900289,591,101,490
113900290,259,198,61
113900291,84,114,-30
113900292,9,5,4
113900293,1,172,-171
113900294,493,22,471
113900295,402,370,32
113900296,930,195,735
113900297,1902,33,1869
113900298,14,1317,-1303
113900299,94,121,-27
113900300,2208,1871,337
113900301,555,317,238
113900302,1760,843,917
113900303,304,310,-6
113900304,1,91,-90
113900305,121,0,121
113900306,52,4,48
113900307,12,0,12
113900308,54,66,-12
113900309,2,554,-552
113900310,6,9,-3
113900311,6,7,-1
113900312,194,210,-16
113900313,17,4,13
113900314,1,11,-10
113900315,31,1,30
114000001,800,1757,-957
114000002,329,288,41
114000003,259,726,-467
114000004,331,390,-59
114000005,265,155,110
114000006,2005,1780,225
114000007,600,997,-397
114000008,1151,1559,-408
114000009,728,227,501
114000011,2648,1880,768
114000012,2562,1330,1232
114000013,1555,1175,380
114000014,634,423,211
114000015,1678,235,1443
114000016,234,200,34
114000017,91,363,-272
114000018,163,31,132
114000026,1820,994,826
114000027,3022,1804,1218
114000028,2252,2274,-22
114000038,276,123,153
114000039,241,186,55
114000040,128,218,-90
114000042,204,147,57
114000043,301,180,121
114000044,360,158,202
114000045,52,74,-22
114000046,2343,4332,-1989
114000047,5,90,-85
114000048,121,105,16
114000049,1400,1541,-141
114000050,1507,1967,-460
114000051,2732,1845,887
114000052,3040,2080,960
114000053,71,684,-613
114000054,205,695,-490
114000055,214,22,192
114000056,645,852,-207
114000057,3603,1854,1749
114000058,353,1229,-876
114000059,178,285,-107
114000060,467,720,-253
114000061,2545,2672,-127
114000062,1567,1390,177
114000063,1945,1358,587
114000064,3790,3481,309
114000065,1156,1963,-807
114000066,524,570,-46
114000067,27,677,-650
114000068,592,652,-60
114000069,876,488,388
114000070,2084,1594,490
114000071,608,350,258
114000072,685,139,546
114000073,7,70,-63
114000074,54,13,41
114000075,67,52,15
114000076,19,69,-50
114000077,11,24,-13
114000078,615,475,140
114000079,159,16,143
114000080,69,77,-8
114000081,100,63,37
114000082,58,358,-300
114000083,51,181,-130
114000084,276,78,198
114000085,74,365,-291
114000086,237,268,-31
114000087,107,99,8
114000088,59,17,42
114000089,532,310,222
114000090,839,838,1
114000091,1229,826,403
114000092,867,471,396
114000093,1255,668,587
114000094,377,322,55
114000095,244,167,77
114000096,92,253,-161
114000097,129,370,-241
114000098,586,101,485
114000099,693,406,287
114000100,1495,408,1087
114000101,452,520,-68
114000102,625,318,307
114000103,188,303,-115
114000104,45,147,-102
114000105,121,61,60
114000106,589,1037,-448
114000107,381,92,289
114000108,1485,933,552
114000109,655,1453,-798
114000110,492,995,-503
114000111,1699,650,1049
114000112,421,1622,-1201
114000113,1635,453,1182
114000114,1014,1119,-105
114000115,2451,975,1476
114000116,995,1677,-682
114000117,2920,457,2463
114000118,2566,450,2116
114000119,1790,465,1325
114000120,464,526,-62
114000121,502,680,-178
114000122,417,370,47
114000123,1895,388,1507
114000124,913,259,654
114000125,784,1052,-268
114000126,1812,233,1579
114000127,218,156,62
114000128,771,313,458
114000130,574,445,129
114000131,363,98,265
114000132,523,424,99
114000133,669,1074,-405
114000134,59,81,-22
114000138,37,162,-125
114000139,402,326,76
114000144,758,461,297
114000145,82,91,-9
114000146,83,160,-77
114000147,1341,1846,-505
114000148,1520,1569,-49
114000149,399,284,115
114000150,1170,1303,-133
114000151,1216,2226,-1010
114000152,124,42,82
114000153,966,2542,-1576
114000154,676,835,-159
114000155,1153,2035,-882
114000156,726,616,110
114000157,319,1061,-742
114000158,1185,587,598
114000159,246,431,-185
114000160,88,403,-315
114000161,1296,2905,-1609
114000162,1139,2445,-1306
114000163,23,92,-69
114000165,528,355,173
114000166,619,354,265
114000167,2584,1404,1180
114000168,578,501,77
114000169,1360,1208,152
114000170,1240,1219,21
114000171,1251,3784,-2533
114000174,204,329,-125
114000176,367,418,-51
114000177,1327,623,704
114000178,59,44,15
114000179,1116,717,399
114000180,365,476,-111
114000181,1333,3545,-2212
114000182,1745,2036,-291
114000183,756,811,-55
114000184,2396,821,1575
114000185,1359,649,710
114000189,1054,122,932
114000190,2828,408,2420
114000191,71,81,-10
114000192,132,894,-762
114000193,480,1500,-1020
114000194,1303,700,603
114000195,196,34,162
114000196,0,160,-160
114000197,1289,93,1196
114000198,589,265,324
114000199,1727,1592,135
114000200,541,1261,-720
114000201,135,592,-457
114000202,812,496,316
114000203,620,593,27
114000204,202,371,-169
114000205,189,1044,-855
114000206,582,1079,-497
114000207,517,1100,-583
114000208,309,1576,-1267
114000209,468,1457,-989
114000210,213,725,-512
114000211,1036,1191,-155
114000212,656,763,-107
114000213,1371,566,805
114000214,74,152,-78
114000215,213,54,159
114000216,1307,312,995
114000217,356,200,156
114000218,161,181,-20
114000219,1290,164,1126
114000220,41,749,-708
114000221,802,132,670
114000222,163,736,-573
114000223,499,137,362
114000224,80,392,-312
114000225,255,414,-159
114000226,229,192,37
114000227,895,485,410
114000228,794,544,250
114000229,1165,1011,154
114000230,1636,950,686
114000231,1013,1160,-147
114000232,730,143,587
114000233,2116,112,2004
114000234,1122,812,310
114000235,1046,1102,-56
114000236,0,317,-317
114000237,99,584,-485
114000238,110,201,-91
114000239,160,853,-693
114000240,771,633,138
114000241,242,692,-450
114000242,752,668,84
114000243,1425,710,715
114000244,503,300,203
114000245,354,646,-292
114000246,95,44,51
114000247,681,490,191
114000248,1327,437,890
114000249,522,470,52
114000250,538,473,65
114000251,395,212,183
114000252,54,55,-1
114000253,49,148,-99
114000254,52,61,-9
114000255,519,192,327
114000256,1017,1891,-874
114000257,486,1019,-533
114000258,303,322,-19
114000259,143,223,-80
114000260,0,25,-25
114000261,54,41,13
114000262,157,99,58
114000263,5,3,2
114000264,977,317,660
114000265,0,0,0
114000267,4,1504,-1500
114000268,0,894,-894
114000270,141,8,133
114000271,323,59,264
114000283,1186,328,858
114000285,20,151,-131
114000288,108,349,-241
114000289,1365,135,1230
114000293,223,430,-207
114000294,175,329,-154
114000395,1216,14,1202
114000396,587,524,63
114000402,535,244,291
114000403,296,250,46
114000405,176,311,-135
114000423,343,273,70
114000424,397,157,240
114000425,832,282,550
114000426,278,741,-463
114000427,79,55,24
114000428,162,178,-16
114000429,18,158,-140
114000432,118,97,21
114000434,49,82,-33
114000435,2,113,-111
114900001,574,589,-15
114900002,399,76,323
114900003,711,892,-181
114900004,168,406,-238
114900005,663,535,128
114900006,89,53,36
114900007,274,24,250
114900008,160,100,60
114900010,1502,1764,-262
114900011,172,118,54
114900013,288,155,133
114900018,777,29,748
114900020,152,97,55
114900022,1,459,-458
114900025,461,146,315
114900026,80,113,-33
114900029,151,23,128
114900030,252,183,69
114900031,364,27,337
114900032,302,25,277
114900034,32,133,-101
114900035,123,242,-119
114900036,179,381,-202
114900039,391,340,51
114900040,55,112,-57
114900041,745,295,450
114900042,868,403,465
114900044,201,38,163
114900047,159,1863,-1704
114900048,82,235,-153
114900049,45,160,-115
114900050,36,265,-229
114900051,41,273,-232
114900052,39,193,-154
114900053,105,262,-157
114900054,32,74,-42
114900057,226,5,221
114900058,0,51,-51
114900059,78,51,27
114900063,83,140,-57
114900064,1507,279,1228
114900065,446,587,-141
114900067,53,298,-245
114900068,46,160,-114
114900069,133,95,38
114900070,533,285,248
114900072,4,207,-203
114900073,0,110,-110
114900074,687,490,197
114900075,216,7,209
114900076,6,243,-237
114900080,1373,281,1092
114900082,2834,2241,593
114900083,884,875,9
114900090,361,164,197
114900091,108,127,-19
114900097,149,0,149
114900098,4,146,-142
114900099,217,11,206
115000001,4461,2922,1539
115000002,4089,4150,-61
115000003,4134,2257,1877
115000004,4500,5333,-833
115000005,1450,1726,-276
115000006,1001,1362,-361
115000007,235,192,43
115000008,428,543,-115
115000009,237,201,36
115000010,282,179,103
115000013,66,191,-125
115000015,85,318,-233
115000016,64,210,-146
115000019,38,387,-349
115000020,103,514,-411
115000021,221,386,-165
115000022,477,316,161
115000023,370,487,-117
115000024,734,432,302
115000025,750,599,151
115000026,137,378,-241
115000027,276,225,51
115000028,128,620,-492
115000029,597,84,513
115000030,531,884,-353
115000031,1303,199,1104
115000032,10,233,-223
115000033,249,37,212
115000034,98,953,-855
115000035,909,76,833
115000036,0,343,-343
115000037,537,17,520
115000038,50,194,-144
115000039,3242,3088,154
115000040,3692,2380,1312
115000041,1327,3098,-1771
115000042,694,466,228
115000043,4040,2396,1644
115000044,3627,2858,769
115000045,2375,1235,1140
115000046,2507,2406,101
115000047,2393,1325,1068
115000048,1730,1534,196
115000049,1318,2331,-1013
115000050,3018,1678,1340
115000051,1606,2638,-1032
115000052,1702,1580,122
115000053,1811,1561,250
115000054,603,916,-313
115000055,150,743,-593
115000056,199,500,-301
115000057,491,1264,-773
115000058,366,316,50
115000059,209,132,77
115000061,157,169,-12
115000062,194,279,-85
115000063,341,304,37
115000064,212,89,123
115000065,51,416,-365
115000067,210,14,196
115000069,77,273,-196
115000070,32,658,-626
115000071,109,14,95
115000072,20,79,-59
115000073,1264,53,1211
115000075,92,68,24
115000076,2638,2108,530
115000077,1858,1610,248
115000078,1272,952,320
115000079,1190,1280,-90
115000080,2281,1646,635
115000081,381,524,-143
115000082,3593,2967,626
115000083,1836,1345,491
115000084,2295,904,1391
115000085,748,640,108
115000086,1249,791,458
115000087,460,1065,-605
115000088,1837,712,1125
115000089,1454,1040,414
115000090,433,822,-389
115000091,221,628,-407
115000092,679,333,346
115000093,450,3,447
115000094,5145,5121,24
115000095,3428,5190,-1762
115000096,738,923,-185
115000097,1030,858,172
115000098,1123,601,522
115000099,2344,1815,529
115000100,1071,290,781
115000101,495,1078,-583
115000102,542,242,300
115000103,349,505,-156
115000105,66,90,-24
115000106,607,251,356
115000107,196,320,-124
115000108,2296,1894,402
115000109,3285,4139,-854
115000110,1282,1493,-211
115000111,481,1245,-764
115000112,567,690,-123
115000113,483,661,-178
115000114,1592,646,946
115000116,3123,1778,1345
115000117,2833,2703,130
115000118,1890,1467,423
115000119,1621,1981,-360
115000120,494,1288,-794
115000121,1091,763,328
115000122,2381,1207,1174
115000123,1068,1981,-913
115000124,640,696,-56
115000125,425,635,-210
115000126,152,333,-181
115000127,323,99,224
115000128,434,802,-368
115000129,263,331,-68
115000130,399,467,-68
115000131,858,217,641
115000132,261,306,-45
115000133,568,224,344
115000134,223,288,-65
115000135,187,138,49
115000136,298,316,-18
115000137,131,153,-22
115000138,411,205,206
115000139,248,178,70
115000140,418,165,253
115000141,183,174,9
115000142,163,187,-24
115000143,813,440,373
115000144,562,156,406
115000145,271,211,60
115000146,410,297,113
115000147,454,403,51
115000148,261,697,-436
115000149,639,251,388
115000150,612,505,107
115000151,1118,390,728
115000152,567,697,-130
115000153,1057,438,619
115000154,923,253,670
115000155,454,638,-184
115000156,950,593,357
115000157,488,636,-148
115000158,446,367,79
115000159,659,474,185
115000160,414,307,107
115000161,148,352,-204
115000162,630,708,-78
115000163,423,606,-183
115000164,632,494,138
115000165,371,477,-106
115000167,196,74,122
115000168,505,278,227
115000169,437,271,166
115000170,113,133,-20
115000171,364,267,97
115000172,859,577,282
115000173,322,489,-167
115000174,98,299,-201
115000175,140,118,22
115000176,78,97,-19
115000177,75,112,-37
115000178,6,184,-178
115000179,27,34,-7
115000180,103,394,-291
115000181,671,137,534
115000182,762,250,512
115000183,293,588,-295
115000186,670,201,469
115000187,193,601,-408
115000188,413,377,36
115000189,160,375,-215
115000190,569,307,262
115000191,134,377,-243
115000194,114,118,-4
115000195,219,289,-70
115000196,186,78,108
115000197,194,208,-14
115000198,336,148,188
115000199,251,147,104
115000200,375,99,276
115000201,159,225,-66
115000206,314,37,277
115000207,118,230,-112
115000208,258,494,-236
115000209,628,220,408
115000210,115,103,12
115000211,264,223,41
115000212,1113,239,874
115000224,423,50,373
115000225,33,81,-48
115000229,168,139,29
115000230,132,232,-100
115000231,262,1011,-749
115000232,1813,241,1572
115000233,105,102,3
115000234,47,300,-253
115000241,81,226,-145
115000242,116,215,-99
115000243,59,168,-109
115000244,6,106,-100
115000246,122,52,70
115000247,4,9,-5
115000248,13,3,10
115000249,8,4,4
115000250,280,116,164
115000251,589,352,237
115000252,312,344,-32
115000253,30,272,-242
115000258,360,333,27
115000259,339,121,218
115000261,4,6,-2
115000262,13,23,-10
115000263,7,58,-51
115000264,90,85,5
115000267,50,47,3
115000268,34,63,-29
115000269,109,44,65
115000270,6,18,-12
115000272,77,158,-81
115000273,280,26,254
115000280,2624,345,2279
115000281,669,1225,-556
115000282,449,600,-151
115000284,253,160,93
115000296,843,8,835
115000297,112,266,-154
115000298,43,623,-580
115000300,192,192,0
115000302,564,122,442
115000303,665,116,549
115000304,639,60,579
115000305,120,477,-357
115000306,178,260,-82
115000307,90,176,-86
115000308,18,28,-10
115000310,948,537,411
115000311,1047,993,54
115000313,145,402,-257
115000314,426,140,286
115000315,796,578,218
115000316,67,77,-10
115000317,173,353,-180
115000318,792,251,541
115000319,39,257,-218
115000320,9,263,-254
115000321,243,12,231
115000322,47,158,-111
115000449,169,160,9
115000557,3,1081,-1078
115000558,432,165,267
115000587,560,243,317
115000588,1928,2229,-301
115000589,3582,1959,1623
115000590,1168,1340,-172
115000591,1441,809,632
115000592,666,1572,-906
115000593,1356,584,772
115000594,726,2563,-1837
115000609,186,188,-2
115000617,1247,2932,-1685
115000624,193,52,141
115000633,369,1577,-1208
115000634,2570,686,1884
115000635,614,152,462
115000638,555,486,69
115000641,35,77,-42
115000642,363,300,63
115000643,143,472,-329
115000644,236,395,-159
115000646,831,1511,-680
115000647,151,450,-299
115000648,1892,1282,610
115000893,2743,1535,1208
115000894,137,918,-781
115000895,382,938,-556
115000896,1204,434,770
115000897,574,138,436
115000898,477,207,270
115000899,441,1087,-646
115000900,52,329,-277
115000901,38,149,-111
115000912,469,100,369
115000913,2,9,-7
115000915,37,2,35
115000916,32,28,4
115000917,0,5,-5
115000918,72,281,-209
115000919,6,11,-5
115000920,8,55,-47
115000921,403,70,333
115000922,841,812,29
115000923,323,1305,-982
115000925,171,97,74
115000927,95,138,-43
115000933,220,286,-66
115000934,109,160,-51
115000935,121,67,54
115000936,39,685,-646
115000937,815,162,653
115000938,168,276,-108
115000939,203,265,-62
115000940,25,13,12
115000941,12,28,-16
115000942,18,127,-109
115000943,15,28,-13
115000944,7,23,-16
115900001,104,23,81
115900002,77,90,-13
115900003,184,68,116
115900004,5,48,-43
115900005,185,8,177
115900006,143,158,-15
115900008,71,9,62
115900009,64,147,-83
115900010,290,114,176
115900011,412,222,190
115900012,175,41,134
115900013,306,102,204
115900014,126,140,-14
115900015,162,51,111
115900016,143,15,128
115900017,8,7,1
115900018,168,40,128
115900019,60,14,46
115900020,56,0,56
115900021,801,197,604
115900022,1075,13,1062
115900023,79,21,58
115900025,17,148,-131
115900026,700,148,552
115900027,2,196,-194
115900028,485,29,456
115900029,22,259,-237
115900030,23,35,-12
115900031,216,198,18
115900032,517,519,-2
115900033,0,39,-39
115900034,27,242,-215
115900035,27,18,9
115900036,51,670,-619
115900037,66,238,-172
115900038,44,6,38
115900039,176,168,8
115900041,332,526,-194
115900042,33,1,32
115900043,78,54,24
115900044,220,212,8
115900046,249,155,94
115900047,176,135,41
115900049,158,204,-46
115900051,1,34,-33
115900052,12,187,-175
115900053,189,130,59
115900054,251,44,207
115900055,12,78,-66
115900056,146,190,-44
115900057,45,8,37
115900058,22,49,-27
115900060,56,104,-48
115900061,217,0,217
115900062,29,167,-138
115900063,78,6,72
115900064,166,248,-82
115900065,121,79,42
115900066,145,116,29
115900067,7,409,-402
115900068,2043,1106,937
115900069,42,121,-79
115900070,158,99,59
115900071,0,203,-203
115900072,38,95,-57
115900073,90,89,1
115900074,2,193,-191
115900075,34,155,-121
115900076,7,33,-26
115900077,8,161,-153
115900078,60,100,-40
115900079,237,9,228
115900080,377,141,236
115900081,13,64,-51
115900082,105,108,-3
115900084,431,22,409
115900085,42,67,-25
115900086,1038,406,632
115900088,8,58,-50
115900089,322,573,-251
115900090,423,14,409
115900091,0,26,-26
115900092,40,102,-62
115900093,14,16,-2
115900094,6,260,-254
115900096,7,4,3
115900097,4,257,-253
115900098,167,212,-45
115900099,180,54,126
115900100,9,285,-276
115900101,121,146,-25
115900102,103,65,38
115900103,327,126,201
115900104,95,79,16
115900105,242,400,-158
115900106,75,35,40
115900107,74,68,6
115900108,101,41,60
115900109,31,254,-223
115900110,3,21,-18
115900111,0,66,-66
115900112,26,583,-557
115900113,45,36,9
115900114,0,66,-66
115900115,52,127,-75
115900116,72,536,-464
115900117,113,15,98
115900118,1,157,-156
115900119,114,118,-4
115900120,27,205,-178
115900121,176,177,-1
115900124,260,513,-253
115900125,327,58,269
115900126,583,44,539
115900127,558,53,505
115900128,6,137,-131
115900129,535,44,491
115900130,17,232,-215
115900131,200,24,176
115900132,524,10,514
115900134,282,14,268
115900135,356,977,-621
115900137,33,7,26
115900139,40,60,-20
115900140,232,27,205
115900141,5,46,-41
115900142,2,16,-14
115900143,325,336,-11
115900144,97,191,-94
115900146,10,48,-38
115900147,191,200,-9
115900148,57,8,49
115900149,95,17,78
115900150,78,21,57
115900151,22,91,-69
115900152,102,183,-81
115900153,112,145,-33
115900154,274,316,-42
115900155,0,61,-61
115900156,652,802,-150
115900157,204,410,-206
115900158,21,10,11
115900159,144,223,-79
115900160,25,6,19
115900161,40,148,-108
115900163,180,72,108
115900164,510,35,475
115900166,122,102,20
115900168,83,105,-22
115900171,81,279,-198
115900172,53,112,-59
115900173,206,93,113
115900174,226,243,-17
115900175,79,152,-73
115900178,4,367,-363
115900179,281,21,260
115900180,71,88,-17
115900181,169,132,37
115900182,394,146,248
115900183,25,32,-7
115900184,1103,7,1096
115900187,14,94,-80
115900189,2,218,-216
115900190,110,1063,-953
115900191,42,214,-172
115900192,14,126,-112
115900193,338,82,256
115900194,597,36,561
115900195,546,1686,-1140
115900198,165,291,-126
115900199,197,156,41
115900200,222,240,-18
115900201,451,364,87
115900202,3,66,-63
115900203,5,19,-14
115900204,2,13,-11
115900205,61,16,45
115900206,227,129,98
115900207,50,26,24
115900208,79,155,-76
115900209,8,122,-114
115900210,0,111,-111
115900211,1,133,-132
115900212,120,160,-40
115900213,76,83,-7
115900214,495,195,300
115900215,29,149,-120
115900216,4,76,-72
115900217,6,29,-23
115900218,11,19,-8
115900219,112,5,107
115900220,180,14,166
115900221,113,17,96
115900222,55,21,34
115900223,14,399,-385
115900224,582,1087,-505
115900225,67,40,27
115900226,12,23,-11
115900227,2,24,-22
115900228,9,36,-27
115900229,6,32,-26
115900230,42,80,-38
115900231,129,6,123
115900232,49,4,45
115900233,102,27,75
115900234,59,23,36
115900235,36,23,13
115900236,80,29,51
115900237,32,10,22
115900238,50,16,34
115900239,19,30,-11
115900240,12,42,-30
115900241,201,80,121
115900242,200,371,-171
115900243,6,3,3
115900244,15,19,-4
115900245,53,4,49
115900246,18,8,10
115900247,37,12,25
115900248,11,5,6
115900249,3,5,-2
115900250,4,13,-9
115900251,3,17,-14
115900252,5,3,2
115900253,15,18,-3
115900254,6,33,-27
115900255,1,12,-11
115900256,21,54,-33
115900257,6,15,-9
115900258,0,1,-1
115900259,4,2,2
115900260,8,1,7
115900261,3,3,0
115900262,0,0,0
115900263,13,1,12
115900264,9,2,7
115900265,2,6,-4
115900266,3,9,-6
115900267,13,19,-6
115900268,11,3,8
115900269,422,302,120
115900270,358,218,140
115900271,97,0,97
115900272,26,9,17
115900273,10,21,-11
115900274,9,9,0
115900275,1,13,-12
115900276,0,12,-12
115900277,0,36,-36
115900278,40,88,-48
115900279,23,164,-141
115900280,14,453,-439
115900281,336,269,67
115900282,15,12,3
115900283,14,25,-11
115900284,13,4,9
116000001,7962,3312,4650
116000002,4608,9835,-5227
116000003,1369,1422,-53
116000004,2432,3300,-868
116000005,2060,2964,-904
116000006,2642,2695,-53
116000007,1988,2934,-946
116000008,3696,2695,1001
116000009,1173,1705,-532
116000010,2286,1558,728
116000011,790,1506,-716
116000012,1665,1040,625
116000013,5705,3083,2622
116000014,7775,10893,-3118
116000015,173,1169,-996
116000016,4276,3106,1170
116000017,22,635,-613
116000018,609,225,384
116000019,690,302,388
116000020,523,622,-99
116000021,398,263,135
116000022,373,330,43
116000023,895,559,336
116000024,579,576,3
116000025,670,658,12
116000026,1585,2176,-591
116000027,405,537,-132
116000028,460,792,-332
116000029,427,559,-132
116000030,763,379,384
116000031,140,340,-200
116000032,363,140,223
116000033,361,372,-11
116000034,584,672,-88
116000035,352,524,-172
116000036,1379,1096,283
116000037,496,419,77
116000038,291,452,-161
116000039,502,468,34
116000040,647,410,237
116000041,129,401,-272
116000042,574,291,283
116000043,54,624,-570
116000044,15,70,-55
116000045,1729,1014,715
116000046,897,1504,-607
116000047,1382,1768,-386
116000048,1813,1633,180
116000049,1159,2959,-1800
116000050,1304,999,305
116000051,5279,2866,2413
116000052,4520,4589,-69
116000053,1624,713,911
116000054,774,2407,-1633
116000055,685,728,-43
116000056,974,951,23
116000057,2574,1461,1113
116000058,2993,2921,72
116000059,3050,4342,-1292
116000060,1828,892,936
116000061,508,1040,-532
116000062,566,221,345
116000063,565,1106,-541
116000066,321,447,-126
116000067,195,362,-167
116000068,185,268,-83
116000069,251,354,-103
116000078,593,927,-334
116000080,1724,758,966
116000082,10,44,-34
116000083,1658,413,1245
116000084,1495,2784,-1289
116000085,2058,1626,432
116000086,1533,1016,517
116000087,2061,1364,697
116000088,652,796,-144
116000089,183,112,71
116000090,79,164,-85
116000091,485,240,245
116000093,541,241,300
116000094,531,473,58
116000095,715,468,247
116000096,694,1064,-370
116000097,800,590,210
116000098,127,4938,-4811
116000099,4629,272,4357
116000100,277,18,259
116000101,844,645,199
116000102,263,926,-663
116000103,508,306,202
116000104,162,920,-758
116000105,1002,174,828
116000106,420,887,-467
116000107,2028,309,1719
116000108,123,136,-13
116000111,152,28,124
116000113,115,79,36
116000114,33,116,-83
116000115,324,81,243
116000116,228,311,-83
116000117,1356,1333,23
116000118,1150,820,330
116000119,3278,1812,1466
116000120,2610,2711,-101
116000121,904,551,353
116000122,1019,1264,-245
116000123,1116,416,700
116000124,338,639,-301
116000125,2869,664,2205
116000126,284,1073,-789
116000127,840,971,-131
116000128,1849,831,1018
116000129,1285,263,1022
116000130,620,492,128
116000133,1094,716,378
116000134,1462,1514,-52
116000135,2522,1323,1199
116000136,893,1600,-707
116000137,1053,726,327
116000138,736,553,183
116000139,1476,2256,-780
116000140,109,169,-60
116000141,281,449,-168
116000142,2923,2367,556
116000143,1883,1717,166
116000144,1503,1772,-269
116000145,1735,1054,681
116000146,557,142,415
116000147,170,113,57
116000148,517,598,-81
116000149,623,604,19
116000151,602,495,107
116000153,97,257,-160
116000155,188,155,33
116000156,338,765,-427
116000157,77,22,55
116000158,365,250,115
116000159,18,9,9
116000160,7,35,-28
116000161,1,54,-53
116000162,81,84,-3
116000163,19,13,6
116000164,6,7,-1
116000177,165,94,71
116000194,105,308,-203
116000195,1213,520,693
116000196,13,4,9
116000197,6,14,-8
116000198,2278,957,1321
116000200,625,565,60
116000201,588,518,70
116000202,9,201,-192
116000203,3,83,-80
116000204,10,70,-60
116000205,1,129,-128
116000206,10,92,-82
116000207,15,54,-39
116000233,185,285,-100
116000287,176,331,-155
116000288,283,173,110
116000292,34,67,-33
116000296,17,262,-245
116000297,141,25,116
116000304,135,35,100
116000305,41,46,-5
116000346,141,49,92
116000352,81,20,61
116000354,19,10,9
116000357,4,23,-19
116000358,393,56,337
116000361,305,1,304
116000372,3552,3758,-206
116000381,101,2,99
116000388,4,42,-38
116000389,729,423,306
116000445,489,454,35
116000446,674,480,194
116000447,29,572,-543
116000448,546,124,422
116000563,1067,846,221
116000565,30,301,-271
116000568,54,134,-80
116000579,15,132,-117
116000583,115,50,65
116000584,23,10,13
116000585,39,35,4
116000586,71,97,-26
116000587,472,484,-12
116000589,32,71,-39
116000590,60,58,2
116000591,292,190,102
116000592,7,62,-55
116000593,0,28,-28
116000594,623,291,332
116000595,570,101,469
116000596,73,9,64
116000597,352,87,265
116000598,22,146,-124
116000605,219,126,93
116000606,66,175,-109
116000607,1,32,-31
116000609,141,795,-654
116000611,147,364,-217
116000612,882,1773,-891
116000613,675,309,366
116000614,384,392,-8
116000615,1,396,-395
116000616,58,61,-3
116000617,76,32,44
116000618,2,46,-44
116000619,56,67,-11
116000620,155,434,-279
116000621,54,101,-47
116000622,64,143,-79
116000624,195,82,113
116000627,92,38,54
116000628,66,248,-182
116000629,32,195,-163
116000630,333,17,316
116000631,172,59,113
116000632,745,64,681
116000633,181,193,-12
116000634,287,124,163
116000635,2508,2274,234
116000636,716,1397,-681
116000637,378,44,334
116000638,122,236,-114
116000639,115,1,114
116000640,25,17,8
116000641,19,94,-75
116000643,2,148,-146
116000644,24,333,-309
116000645,21,11,10
116900001,244,153,91
116900002,233,1,232
116900003,23,47,-24
116900004,30,29,1
116900005,271,45,226
116900006,167,193,-26
116900007,116,139,-23
116900008,400,177,223
116900009,25,7,18
116900010,189,930,-741
116900011,19,25,-6
116900012,197,129,68
116900013,1,103,-102
116900014,137,148,-11
116900015,423,38,385
116900016,276,3,273
116900017,0,330,-330
116900018,80,71,9
116900019,4,182,-178
116900020,706,888,-182
116900023,43,10,33
116900024,533,28,505
116900025,986,626,360
116900026,59,365,-306
116900027,17,57,-40
116900028,4,85,-81
116900029,0,31,-31
116900031,0,1,-1
116900032,0,241,-241
116900033,8,5,3
116900034,25,52,-27
116900035,102,131,-29
116900036,6,119,-113
116900038,38,5,33
116900041,28,12,16
116900042,398,168,230
116900043,11,34,-23
116900047,29,112,-83
116900049,16,239,-223
116900050,97,331,-234
116900051,134,89,45
116900052,162,102,60
116900055,0,4,-4
116900057,13,165,-152
116900058,14,241,-227
116900059,1,100,-99
116900060,197,159,38
116900062,0,10,-10
116900064,88,448,-360
116900065,32,87,-55
116900067,81,56,25
116900068,98,119,-21
116900070,3,7,-4
116900072,19,240,-221
116900073,26,106,-80
116900074,3,27,-24
116900076,8,52,-44
116900077,8,117,-109
116900078,199,82,117
116900079,45,143,-98
116900080,8,21,-13
116900081,266,867,-601
116900082,199,857,-658
116900083,22,21,1
116900084,81,63,18
116900085,43,114,-71
116900086,56,134,-78
116900088,216,86,130
116900090,119,38,81
116900091,324,32,292
116900092,77,418,-341
116900093,1430,1445,-15
116900094,2961,2971,-10
116900095,167,88,79
116900096,67,258,-191
116900097,1805,2484,-679
116900098,671,356,315
116900099,513,451,62
116900100,824,32,792
116900101,241,363,-122
116900103,4,0,4
116900104,88,78,10
116900105,217,115,102
116900106,1532,61,1471
116900107,2260,2158,102
116900110,7,0,7
116900111,635,377,258
116900112,330,715,-385
116900113,1188,1330,-142
116900116,78,557,-479
116900117,161,82,79
116900118,554,715,-161
116900120,311,59,252
116900121,222,28,194
116900122,747,460,287
116900123,194,522,-328
116900124,137,678,-541
116900125,322,193,129
116900126,91,436,-345
116900128,1,27,-26
116900129,0,257,-257
116900130,408,3270,-2862
116900131,79,253,-174
116900132,53,80,-27
116900133,133,118,15
116900134,143,186,-43
116900136,223,145,78
116900137,252,109,143
116900138,155,136,19
116900139,153,331,-178
116900140,187,124,63
116900141,641,324,317
116900142,0,60,-60
116900143,290,236,54
116900144,36,70,-34
116900145,53,125,-72
116900147,341,435,-94
116900148,6,28,-22
116900149,50,236,-186
116900150,4,13,-9
116900151,50,9,41
116900153,104,68,36
116900154,342,560,-218
116900155,65,53,12
116900157,548,244,304
116900158,90,221,-131
116900159,77,226,-149
116900160,646,720,-74
116900161,3963,5393,-1430
116900162,12,95,-83
116900163,188,111,77
116900164,112,44,68
116900165,239,297,-58
116900166,38,58,-20
116900167,441,48,393
116900168,328,52,276
116900169,448,580,-132
116900170,287,515,-228
116900171,38,101,-63
116900172,145,340,-195
116900173,163,15,148
116900174,37,56,-19
116900175,156,195,-39
116900178,23,83,-60
116900179,83,247,-164
116900180,79,13,66
116900182,425,226,199
116900183,183,89,94
116900185,22,43,-21
116900186,78,155,-77
116900187,95,42,53
116900188,133,18,115
116900189,71,4,67
116900191,336,581,-245
116900192,302,104,198
116900194,149,1330,-1181
116900195,31,14,17
116900196,22,75,-53
116900197,135,7,128
116900198,125,215,-90
116900200,75,19,56
116900201,103,9,94
116900202,72,41,31
116900203,133,3,130
116900204,56,111,-55
116900206,27,9,18
116900207,22,28,-6
116900208,8,95,-87
116900209,38,83,-45
116900210,470,227,243
116900211,201,2,199
116900212,49,65,-16
116900213,165,81,84
116900214,157,121,36
116900215,35,41,-6
116900216,266,162,104
116900218,7,155,-148
116900219,883,292,591
116900220,90,164,-74
116900221,139,255,-116
116900222,389,271,118
116900223,119,259,-140
116900226,76,46,30
116900227,104,55,49
116900228,386,155,231
116900230,56,154,-98
116900231,29,247,-218
116900232,9,265,-256
116900233,290,78,212
116900234,22,11,11
116900235,498,282,216
116900238,1178,245,933
116900239,12,797,-785
116900240,3593,3106,487
116900241,70,133,-63
116900242,676,595,81
116900243,0,12,-12
116900245,25,23,2
116900246,133,22,111
116900247,831,25,806
116900248,85,32,53
116900249,287,72,215
116900250,352,52,300
116900251,331,549,-218
116900252,172,513,-341
116900254,19,67,-48
116900255,127,62,65
116900256,393,96,297
116900257,13,318,-305
116900258,0,171,-171
116900259,264,7,257
116900260,0,86,-86
116900261,73,2,71
116900262,171,145,26
116900263,1,10,-9
116900264,110,50,60
116900265,50,0,50
116900266,16,27,-11
116900267,5,1,4
116900268,140,131,9
116900269,284,506,-222
116900271,897,187,710
116900272,284,180,104
116900273,144,79,65
116900274,105,37,68
116900275,141,78,63
116900276,334,165,169
116900277,343,29,314
116900278,7,7,0
116900279,3,28,-25
116900280,20,13,7
116900281,3691,3614,77
116900282,5,77,-72
116900283,15,82,-67
116900284,10,132,-122
116900285,169,208,-39
116900286,205,14,191
116900287,4,24,-20
116900288,61,72,-11
116900289,20,14,6
116900290,11,14,-3
116900291,25,4,21
116900292,9,24,-15
116900293,36,37,-1
116900294,22,98,-76
116900295,126,79,47
116900296,70,98,-28
116900297,10,115,-105
116900298,74,65,9
116900299,26,76,-50
116900300,0,52,-52
116900301,33,108,-75
116900302,40,69,-29
116900303,206,78,128
116900304,0,124,-124
116900305,14,20,-6
116900306,170,95,75
116900307,71,0,71
116900308,2,80,-78
116900309,130,57,73
116900310,22,46,-24
117000001,1907,1407,500
117000002,1708,3061,-1353
117000003,5729,2849,2880
117000004,2880,3789,-909
117000005,2125,1694,431
117000006,1095,2561,-1466
117000007,3795,1039,2756
117000008,1003,2760,-1757
117000009,4288,1675,2613
117000010,2191,3123,-932
117000011,2059,1470,589
117000012,1215,997,218
117000013,1566,761,805
117000014,1041,1694,-653
117000015,2158,1170,988
117000016,250,115,135
117000017,177,110,67
117000018,113,492,-379
117000019,114,23,91
117000020,381,1142,-761
117000021,1142,609,533
117000022,240,128,112
117000023,200,235,-35
117000024,162,229,-67
117000025,296,1038,-742
117000026,1497,1289,208
117000027,1717,5150,-3433
117000028,3053,1955,1098
117000030,406,413,-7
117000031,381,286,95
117000032,1319,1122,197
117000033,1138,615,523
117000034,379,262,117
117000035,336,301,35
117000036,390,255,135
117000037,326,216,110
117000038,167,444,-277
117000039,366,172,194
117000040,219,673,-454
117000041,1148,153,995
117000044,16,656,-640
117000045,508,70,438
117000046,405,684,-279
117000047,935,566,369
117000048,1546,752,794
117000049,107,419,-312
117000050,144,1378,-1234
117000051,2196,180,2016
117000052,86,247,-161
117000053,657,51,606
117000054,1624,1,1623
117000055,78,2034,-1956
117000056,641,19,622
117000057,566,1830,-1264
117000060,440,839,-399
117000061,1544,775,769
117000062,244,484,-240
117000063,1686,961,725
117000064,574,584,-10
117000066,705,671,34
117000067,123,632,-509
117000074,104,211,-107
117000076,75,32,43
117000077,166,152,14
117000078,180,565,-385
117000079,312,192,120
117000080,0,279,-279
117000081,943,103,840
117000082,19,104,-85
117000083,661,200,461
117000084,164,1,163
117000085,259,710,-451
117000086,697,452,245
117000087,100,476,-376
117000088,349,175,174
117000089,1519,201,1318
117000090,301,921,-620
117000091,790,204,586
117000092,400,1014,-614
117000093,1282,644,638
117000094,1057,2015,-958
117000095,3415,830,2585
117000096,702,1747,-1045
117000097,1554,1005,549
117000098,2090,2852,-762
117000099,3450,1103,2347
117000100,227,354,-127
117000101,222,749,-527
117000102,1735,606,1129
117000103,624,1087,-463
117000104,1354,577,777
117000105,790,1082,-292
117000106,1230,638,592
117000107,494,1229,-735
117000108,1751,833,918
117000109,1107,1649,-542
117000110,1704,1101,603
117000111,2920,3435,-515
117000112,3009,1408,1601
117000113,129,142,-13
117000114,247,135,112
117000115,77,70,7
117000116,133,210,-77
117000117,1240,927,313
117000118,217,140,77
117000119,152,175,-23
117000120,141,520,-379
117000121,110,1238,-1128
117000122,324,674,-350
117000123,1267,39,1228
117000124,538,81,457
117000125,194,155,39
117000126,39,17,22
117000127,168,206,-38
117000128,336,677,-341
117000129,359,775,-416
117000130,116,3,113
117000131,0,98,-98
117000132,2754,35,2719
117000133,1555,44,1511
117000134,1,46,-45
117000135,6,57,-51
117000136,3,22,-19
117000137,100,100,0
117000138,2,547,-545
117000140,417,1048,-631
117000141,1706,510,1196
117000181,400,161,239
117000182,367,810,-443
117000195,144,781,-637
117000196,282,125,157
117000225,106,28,78
117000226,6,104,-98
117000276,322,8,314
117000277,1,228,-227
117000310,1209,1836,-627
117000315,41,514,-473
117000320,120,1,119
117000906,365,12,353
117000907,6,245,-239
117000909,51,41,10
117000910,201,166,35
117000911,84,176,-92
117000915,5,430,-425
117000916,25,4,21
117000917,1179,26,1153
117000918,88,52,36
117000919,4,45,-41
117000920,0,965,-965
117000921,0,771,-771
117000922,26,78,-52
117000924,442,666,-224
117000926,636,109,527
117000927,1311,1090,221
117000928,0,97,-97
117000929,358,258,100
117000930,275,18,257
117000931,379,223,156
117900002,64,386,-322
117900003,523,327,196
117900005,1,41,-40
117900006,0,39,-39
117900007,85,99,-14
117900008,0,16,-16
117900010,285,83,202
117900011,16,126,-110
117900012,79,65,14
117900013,1,139,-138
117900014,563,98,465
117900015,21,71,-50
117900016,862,984,-122
117900017,608,358,250
117900018,125,150,-25
117900019,402,183,219
117900020,61,368,-307
117900021,30,56,-26
117900023,689,69,620
117900024,87,57,30
117900025,79,12,67
117900026,338,226,112
117900028,46,5,41
117900029,231,450,-219
117900031,78,69,9
117900032,844,477,367
117900033,242,371,-129
117900034,68,39,29
117900035,207,108,99
117900036,211,225,-14
117900037,155,70,85
117900038,51,203,-152
117900039,3,48,-45
117900040,159,223,-64
117900041,0,44,-44
117900042,2811,235,2576
117900043,24,41,-17
117900044,21,2873,-2852
117900045,189,152,37
117900048,386,276,110
117900049,227,314,-87
117900050,12,51,-39
117900051,15,4,11
117900052,42,315,-273
117900053,1638,489,1149
117900054,8,30,-22
117900055,200,141,59
117900056,173,65,108
117900057,1093,1133,-40
117900058,65,31,34
117900059,240,70,170
117900060,2341,4154,-1813
117900061,32,202,-170
117900063,358,145,213
117900065,845,1035,-190
117900066,3,116,-113
117900067,501,137,364
117900069,720,241,479
117900070,108,25,83
117900071,83,125,-42
117900073,462,164,298
117900074,75,37,38
117900075,84,73,11
117900076,35,61,-26
117900077,439,143,296
117900078,292,773,-481
117900080,107,39,68
117900081,465,336,129
117900082,395,331,64
117900083,320,312,8
117900086,152,34,118
117900087,140,26,114
117900088,2688,1547,1141
117900089,1981,556,1425
117900090,460,369,91
117900091,99,164,-65
117900092,56,25,31
117900093,59,33,26
117900094,24,21,3
117900095,368,659,-291
117900096,84,177,-93
117900097,280,58,222
117900098,35,4,31
117900099,158,219,-61
117900100,234,2,232
117900101,438,1611,-1173
117900102,58,39,19
117900103,57,4,53
117900104,18,86,-68
117900105,129,166,-37
117900106,86,31,55
117900107,39,2,37
117900109,538,315,223
117900110,319,0,319
117900111,420,31,389
117900112,44,17,27
117900113,1920,1499,421
117900114,17,0,17
117900115,201,55,146
117900116,674,696,-22
117900117,542,234,308
117900118,109,0,109
117900119,206,111,95
117900120,184,37,147
117900121,97,35,62
117900122,1151,3420,-2269
117900123,602,316,286
117900124,824,665,159
117900125,1665,1887,-222
117900126,198,437,-239
117900127,434,344,90
117900128,331,475,-144
117900129,151,3,148
117900130,680,319,361
117900131,1,111,-110
117900132,16,96,-80
117900133,12,78,-66
117900134,51,291,-240
117900135,16,141,-125
117900136,0,19,-19
117900137,24,273,-249
117900138,0,35,-35
117900139,117,89,28
117900140,2914,274,2640
117900141,113,142,-29
117900142,77,50,27
117900144,42,153,-111
117900145,17,45,-28
117900146,178,131,47
117900147,70,41,29
117900148,1799,1469,330
117900149,282,152,130
117900150,37,23,14
117900151,32,61,-29
117900152,104,40,64
117900153,24,78,-54
117900154,411,404,7
117900156,793,568,225
117900157,65,477,-412
117900158,269,107,162
117900160,615,695,-80
117900161,1984,1529,455
117900162,397,319,78
117900163,52,141,-89
117900165,1,22,-21
117900166,107,427,-320
117900168,92,159,-67
117900169,2,93,-91
117900170,1,39,-38
117900171,5,25,-20
117900172,20,38,-18
117900173,116,80,36
117900174,60,53,7
117900175,5,21,-16
117900176,17,20,-3
117900177,13,28,-15
117900178,101,36,65
117900180,230,28,202
117900181,59,353,-294
117900182,1,30,-29
117900183,60,154,-94
117900184,9,45,-36
117900185,38,41,-3
117900186,68,20,48
117900187,31,9,22
117900188,130,45,85
117900189,51,45,6
117900190,51,5,46
117900191,70,0,70
117900192,247,0,247
117900193,4,52,-48
117900194,24,12,12
117900195,13,48,-35
117900196,30,33,-3
117900207,150,173,-23
117900208,27,24,3
117900209,154,167,-13
117900210,132,213,-81
117900211,5,152,-147
117900212,96,107,-11
117900213,19,9,10
117900214,11,42,-31
117900215,59,38,21
117900216,50,21,29
117900217,87,330,-243
117900218,119,125,-6
117900219,7,116,-109
117900220,61,75,-14
117900222,229,279,-50
117900223,142,320,-178
118000001,641,840,-199
118000002,509,1265,-756
118000003,1958,3127,-1169
118000004,1849,1929,-80
118000005,3923,5391,-1468
118000006,3857,7981,-4124
118000007,4456,3677,779
118000008,3084,3719,-635
118000009,1379,2135,-756
118000010,3359,3215,144
118000011,1375,1485,-110
118000012,860,1539,-679
118000013,2000,1928,72
118000014,1585,2166,-581
118000016,218,259,-41
118000017,403,372,31
118000018,300,302,-2
118000019,1863,1419,444
118000020,1052,2765,-1713
118000021,694,2842,-2148
118000022,1383,737,646
118000023,885,314,571
118000024,1223,988,235
118000027,11156,11293,-137
118000029,849,737,112
118000032,888,3596,-2708
118000033,2178,5472,-3294
118000034,3938,2460,1478
118000035,1626,2641,-1015
118000036,971,1216,-245
118000037,703,763,-60
118000038,183,84,99
118000039,92,181,-89
118000040,1494,1221,273
118000041,2369,1149,1220
118000045,269,145,124
118000046,1154,500,654
118000047,672,905,-233
118000048,1818,1909,-91
118000051,1232,1019,213
118000052,752,561,191
118000053,185,371,-186
118000054,1090,1110,-20
118000055,1029,1355,-326
118000056,250,351,-101
118000057,229,374,-145
118000058,1708,1498,210
118000059,1223,1218,5
118000060,1069,451,618
118000061,1075,1107,-32
118000062,470,245,225
118000063,284,601,-317
118000064,677,981,-304
118000065,2558,1264,1294
118000066,681,1414,-733
118000067,713,754,-41
118000068,1308,3935,-2627
118000069,2523,884,1639
118000070,4234,1513,2721
118000071,2510,5663,-3153
118000072,1106,1254,-148
118000073,1044,611,433
118000074,463,629,-166
118000075,601,296,305
118000076,1087,2721,-1634
118000077,1120,1276,-156
118000078,1659,2185,-526
118000079,151,363,-212
118000080,820,833,-13
118000081,1659,1352,307
118000082,318,992,-674
118000083,1364,1434,-70
118000084,2527,1359,1168
118000086,239,448,-209
118000087,3869,2435,1434
118000088,1470,1457,13
118000089,2986,2163,823
118000090,1285,2250,-965
118000091,932,2171,-1239
118000092,825,390,435
118000093,103,693,-590
118000096,441,536,-95
118000097,700,607,93
118000098,307,149,158
118000099,622,493,129
118000101,1114,340,774
118000102,436,801,-365
118000107,1146,396,750
118000108,581,1926,-1345
118000110,0,22,-22
118000111,1,224,-223
118000112,613,1,612
118000113,2,381,-379
118000114,371,6,365
118000115,6,7,-1
118000116,28,0,28
118000117,848,631,217
118000118,854,951,-97
118000119,791,1044,-253
118000120,1282,965,317
118000121,79,666,-587
118000122,1276,419,857
118000123,50,281,-231
118000125,1403,791,612
118000126,593,1451,-858
118000127,1443,612,831
118000128,476,938,-462
118000129,954,488,466
118000130,1638,2455,-817
118000131,518,894,-376
118000132,2881,2130,751
118000133,1045,547,498
118000135,553,430,123
118000136,135,510,-375
118000137,551,81,470
118000138,383,414,-31
118000139,424,94,330
118000140,2091,4125,-2034
118000141,1864,1606,258
118000142,1697,1295,402
118000143,1981,1023,958
118000144,846,558,288
118000145,1302,1213,89
118000146,1185,572,613
118000147,788,1040,-252
118000148,500,1050,-550
118000149,863,735,128
118000150,373,281,92
118000151,521,395,126
118000153,1224,843,381
118000154,1511,1168,343
118000155,1174,1025,149
118000156,1539,2178,-639
118000157,537,323,214
118000158,213,351,-138
118000159,21,80,-59
118000160,494,321,173
118000161,486,490,-4
118000162,1362,989,373
118000163,731,676,55
118000164,1661,1088,573
118000168,557,461,96
118000169,930,942,-12
118000170,2720,3596,-876
118000171,293,622,-329
118000172,112,219,-107
118000173,926,1206,-280
118000175,278,319,-41
118000176,253,514,-261
118000177,223,519,-296
118000178,42,46,-4
118000179,1104,1291,-187
118000180,834,608,226
118000181,674,234,440
118000182,267,203,64
118000183,191,284,-93
118000184,901,604,297
118000185,1008,1083,-75
118000186,535,968,-433
118000187,1299,526,773
118000188,484,145,339
118000189,540,369,171
118000190,13,5,8
118000191,24,10,14
118000192,229,289,-60
118000193,125,472,-347
118000194,1208,807,401
118000195,496,1055,-559
118000196,229,183,46
118000197,124,200,-76
118000198,364,660,-296
118000199,389,338,51
118000200,51,165,-114
118000201,350,526,-176
118000202,39,59,-20
118000203,578,567,11
118000204,93,354,-261
118000205,168,313,-145
118000206,198,150,48
118000207,0,53,-53
118000208,1219,1412,-193
118000209,1748,1213,535
118000210,87,50,37
118000211,37,34,3
118000213,574,1329,-755
118000214,360,513,-153
118000215,365,138,227
118000216,1522,1341,181
118000217,28,75,-47
118000218,81,54,27
118000219,330,187,143
118000220,5,36,-31
118000221,245,264,-19
118000222,72,16,56
118000223,68,28,40
118000224,117,60,57
118000225,116,420,-304
118000226,818,125,693
118000227,594,341,253
118000228,85,196,-111
118000229,114,69,45
118000230,118,127,-9
118000231,59,200,-141
118000232,686,504,182
118000233,990,700,290
118000234,425,149,276
118000236,273,270,3
118000237,97,233,-136
118000238,238,121,117
118000239,213,226,-13
118000240,241,138,103
118000241,126,97,29
118000242,274,301,-27
118000243,242,110,132
118000244,32,87,-55
118000246,3,13,-10
118000255,87,267,-180
118000256,186,195,-9
118000259,3,33,-30
118000260,136,69,67
118000261,35,15,20
118000263,67,122,-55
118000266,112,156,-44
118000267,0,114,-114
118000268,234,44,190
118000270,92,27,65
118000271,292,196,96
118000272,77,30,47
118000273,142,46,96
118000274,85,197,-112
118000276,445,265,180
118000295,9,76,-67
118000298,104,185,-81
118000299,36,116,-80
118000301,0,50,-50
118000302,69,52,17
118000311,495,78,417
118000312,274,134,140
118000313,41,81,-40
118000314,94,32,62
118000315,14,24,-10
118000316,597,324,273
118000325,63,32,31
118000326,14,22,-8
118000331,22,31,-9
118000332,7,18,-11
118000333,23,43,-20
118000335,352,0,352
118000336,0,131,-131
118000407,146,47,99
118000457,9,23,-14
118000465,2523,3509,-986
118000480,62,34,28
118000489,58,379,-321
118000490,41,254,-213
118000492,274,162,112
118000510,40,10,30
118000514,148,202,-54
118000515,591,541,50
118000517,323,156,167
118000524,252,280,-28
118000525,532,586,-54
118000530,19,67,-48
118000531,372,300,72
118000532,206,211,-5
118000533,285,120,165
118000534,450,288,162
118000535,303,145,158
118000536,391,1250,-859
118000537,15,113,-98
118000538,52,37,15
118000539,26,114,-88
118000540,237,81,156
118000541,133,29,104
118000542,79,181,-102
118000543,145,176,-31
118000546,42,16,26
118000553,0,0,0
118000560,1684,2033,-349
118000562,26,103,-77
118000563,1286,1070,216
118000576,240,120,120
118000577,177,155,22
118000578,184,114,70
118000579,498,1086,-588
118000583,0,1,-1
118000595,202,92,110
118000596,0,69,-69
118000597,181,131,50
118000598,6,3,3
118000599,60,64,-4
118000600,2,4,-2
118000601,5,0,5
118000602,5,4,1
118000603,0,23,-23
118000605,69,234,-165
118000606,20,23,-3
118900001,393,1050,-657
118900002,646,704,-58
118900003,300,9,291
118900004,63,29,34
118900005,45,5,40
118900006,119,2,117
118900007,3,0,3
118900008,1286,43,1243
118900009,67,28,39
118900010,41,6,35
118900011,134,22,112
118900012,459,141,318
118900013,470,106,364
118900015,172,54,118
118900016,2,3,-1
118900017,179,225,-46
118900018,714,16,698
118900019,21,13,8
118900020,149,136,13
118900021,154,257,-103
118900022,137,103,34
118900023,124,91,33
118900024,90,111,-21
118900025,51,16,35
118900026,66,52,14
118900027,321,140,181
118900028,174,118,56
118900029,324,456,-132
118900030,315,33,282
118900031,121,75,46
118900032,209,127,82
118900033,282,326,-44
118900034,138,16,122
118900035,98,103,-5
118900036,1139,554,585
118900037,237,250,-13
118900038,401,90,311
118900039,460,121,339
118900040,205,151,54
118900041,521,122,399
118900042,173,84,89
118900045,234,145,89
118900046,668,346,322
118900047,363,249,114
118900048,143,203,-60
118900049,28,32,-4
118900050,31,47,-16
118900051,83,107,-24
118900052,181,184,-3
118900053,31,89,-58
118900054,151,43,108
118900055,86,64,22
118900056,25,285,-260
118900057,650,420,230
118900058,322,316,6
118900059,15,64,-49
118900060,85,129,-44
118900062,481,224,257
118900064,390,485,-95
118900065,45,121,-76
118900066,61,51,10
118900067,3515,3260,255
118900068,7,160,-153
118900069,356,161,195
118900071,1,34,-33
118900072,350,251,99
118900073,153,96,57
118900074,85,108,-23
118900075,42,69,-27
118900076,170,115,55
118900077,172,139,33
118900078,23,2,21
118900079,45,119,-74
118900080,10,76,-66
118900081,50,37,13
118900082,726,106,620
118900083,16,4,12
118900084,20,26,-6
118900085,513,554,-41
118900086,31,54,-23
118900087,33,206,-173
118900088,0,4,-4
118900089,33,16,17
118900090,399,285,114
118900091,129,165,-36
118900092,112,36,76
118900093,93,17,76
118900096,92,103,-11
118900097,205,293,-88
118900099,46,164,-118
118900100,80,177,-97
118900101,68,197,-129
118900102,11,67,-56
118900103,21,70,-49
118900104,139,60,79
118900105,127,82,45
118900107,87,47,40
118900108,86,69,17
118900110,801,580,221
118900111,481,278,203
118900112,79,136,-57
118900113,103,279,-176
118900114,11,48,-37
118900115,86,269,-183
118900116,121,157,-36
118900117,84,157,-73
118900118,224,234,-10
118900119,145,175,-30
118900120,97,284,-187
118900121,10,131,-121
118900122,16,877,-861
118900123,131,160,-29
118900124,46,109,-63
118900126,24,309,-285
118900129,213,178,35
118900130,57,170,-113
118900131,158,191,-33
118900132,243,175,68
118900133,12,76,-64
118900135,153,151,2
118900136,151,362,-211
118900137,2,29,-27
118900139,205,234,-29
118900140,397,445,-48
118900141,48,83,-35
118900144,129,250,-121
118900145,113,100,13
118900146,270,429,-159
118900147,107,136,-29
118900148,61,46,15
118900150,216,534,-318
118900152,500,493,7
118900157,65,108,-43
118900158,93,43,50
118900159,0,118,-118
118900161,58,10,48
118900163,86,65,21
118900164,1,103,-102
118900165,45,80,-35
118900166,10,1,9
118900167,56,43,13
118900168,8,151,-143
118900169,81,129,-48
118900170,131,62,69
118900171,32,24,8
118900174,37,39,-2
118900175,383,448,-65
118900176,141,202,-61
118900177,85,45,40
118900178,39,103,-64
118900179,2,12,-10
118900181,91,60,31
118900182,51,21,30
118900183,50,66,-16
118900184,257,114,143
118900185,201,96,105
118900186,83,75,8
118900187,189,204,-15
118900188,244,227,17
118900189,22,575,-553
118900190,10,211,-201
118900191,154,42,112
118900192,175,13,162
118900193,503,8,495
118900195,193,401,-208
118900196,25,75,-50
118900197,101,37,64
118900198,25,5,20
118900199,75,21,54
118900200,29,10,19
118900201,24,31,-7
118900202,23,37,-14
118900203,9,13,-4
118900204,2,17,-15
118900205,1,4,-3
118900206,8,6,2
119000001,1204,1625,-421
119000002,2938,3065,-127
119000003,2368,808,1560
119000004,2032,1187,845
119000005,1468,1614,-146
119000006,3128,1512,1616
119000007,3030,2668,362
119000008,1629,1554,75
119000009,3091,3960,-869
119000010,4610,3575,1035
119000011,3335,2689,646
119000012,2733,2967,-234
119000013,2649,1725,924
119000014,1409,2268,-859
119000019,193,108,85
119000020,1863,1307,556
119000021,4054,2313,1741
119000022,1631,2083,-452
119000023,311,251,60
119000024,1809,10473,-8664
119000025,4928,1009,3919
119000026,186,468,-282
119000027,301,332,-31
119000028,1407,702,705
119000029,113,280,-167
119000030,563,895,-332
119000031,866,611,255
119000032,1374,2056,-682
119000033,1937,1022,915
119000034,967,840,127
119000035,28,260,-232
119000036,1865,588,1277
119000037,1161,1188,-27
119000038,156,583,-427
119000039,314,223,91
119000040,674,536,138
119000041,634,1145,-511
119000048,2705,2049,656
119000049,1816,1726,90
119000050,1351,1525,-174
119000051,1682,848,834
119000052,1667,2423,-756
119000053,1922,1082,840
119000054,3089,2343,746
119000055,4348,2352,1996
119000056,2570,1549,1021
119000057,1625,1440,185
119000058,1713,1388,325
119000059,1176,1254,-78
119000060,1387,889,498
119000061,836,671,165
119000062,1023,1098,-75
119000063,571,429,142
119000064,687,798,-111
119000065,1415,2408,-993
119000066,2024,1107,917
119000067,1800,1658,142
119000068,1743,931,812
119000069,1457,1847,-390
119000070,2399,758,1641
119000071,487,560,-73
119000072,4072,2477,1595
119000073,3989,6198,-2209
119000074,1266,1688,-422
119000075,2309,1854,455
119000076,354,1112,-758
119000077,569,546,23
119000078,399,242,157
119000079,177,640,-463
119000080,462,172,290
119000081,312,423,-111
119000082,827,224,603
119000083,520,366,154
119000084,330,405,-75
119000085,558,200,358
119000086,280,520,-240
119000087,1273,585,688
119000088,416,304,112
119000089,80,193,-113
119000090,149,103,46
119000091,140,388,-248
119000092,417,159,258
119000093,2979,1974,1005
119000094,2982,4075,-1093
119000095,1491,2493,-1002
119000097,1964,979,985
119000098,914,2563,-1649
119000099,1894,1180,714
119000100,3430,2591,839
119000101,3107,1794,1313
119000102,517,1331,-814
119000103,1050,609,441
119000104,1660,960,700
119000105,912,1853,-941
119000106,332,1005,-673
119000107,951,446,505
119000108,345,670,-325
119000109,77,558,-481
119000110,354,315,39
119000111,42,634,-592
119000112,187,72,115
119000113,1473,227,1246
119000114,835,791,44
119000115,151,112,39
119000116,60,84,-24
119000117,94,302,-208
119000118,4,1,3
119000123,2417,1831,586
119000124,807,166,641
119000125,3578,502,3076
119000126,1208,556,652
119000127,542,432,110
119000128,18,6,12
119000131,811,460,351
119000132,5,0,5
119000133,0,10,-10
119000134,1650,529,1121
119000135,154,174,-20
119000136,224,169,55
119000137,193,253,-60
119000138,498,187,311
119000139,260,146,114
119000140,247,318,-71
119000284,1000,2089,-1089
119000285,1595,1595,0
119000286,5397,4317,1080
119000287,1186,1550,-364
119000288,1672,1066,606
119000289,1248,2053,-805
119000290,197,311,-114
119000291,11,198,-187
119000293,155,151,4
119000294,54,38,16
119000295,1116,250,866
119000296,285,139,146
119000297,0,0,0
119000302,1896,1055,841
119000303,33,139,-106
119000310,0,0,0
119000314,1368,9738,-8370
119000315,2,275,-273
119000316,151,89,62
119000317,111,236,-125
119000319,501,163,338
119900001,211,1164,-953
119900002,121,232,-111
119900003,35,595,-560
119900004,278,962,-684
119900005,214,84,130
119900006,150,273,-123
119900007,1002,195,807
119900008,64,36,28
119900009,471,489,-18
119900010,626,851,-225
119900011,15,69,-54
119900012,25,95,-70
119900013,1835,990,845
119900014,390,168,222
119900015,97,25,72
119900016,22,60,-38
119900017,56,28,28
119900018,1179,793,386
119900019,24,12,12
119900020,124,149,-25
119900021,161,248,-87
119900022,82,633,-551
119900023,434,1537,-1103
119900025,202,29,173
119900026,535,130,405
119900027,87,13,74
119900028,288,125,163
119900029,3,6,-3
119900030,442,383,59
119900031,41,398,-357
119900033,1260,312,948
119900034,376,95,281
119900037,189,37,152
119900038,22,251,-229
119900039,70,19,51
119900040,236,18,218
119900041,99,33,66
119900042,144,209,-65
119900043,151,132,19
119900044,124,744,-620
119900046,104,42,62
119900047,264,84,180
119900049,124,5,119
119900050,68,92,-24
119900051,958,14,944
119900052,55,37,18
119900053,202,147,55
119900054,155,10,145
119900055,1020,398,622
119900057,224,75,149
119900058,217,5,212
119900059,104,42,62
119900060,231,16,215
119900061,270,10,260
119900062,62,17,45
119900063,14,37,-23
119900065,201,8,193
119900067,65,15,50
119900068,460,1,459
119900069,120,19,101
119900070,783,3,780
119900071,557,21,536
119900073,1347,575,772
119900074,16,27,-11
119900075,3032,1847,1185
119900076,624,262,362
119900077,800,674,126
119900078,479,719,-240
119900079,479,176,303
119900080,330,316,14
119900081,567,149,418
119900082,1149,178,971
119900083,344,110,234
119900084,431,241,190
119900085,53,42,11
119900086,417,912,-495
119900087,389,346,43
119900088,27,31,-4
119900089,19,424,-405
119900090,111,45,66
119900091,73,711,-638
119900092,269,271,-2
119900093,894,191,703
119900094,147,153,-6
119900095,163,71,92
119900096,43,98,-55
119900097,417,187,230
119900098,43,60,-17
119900099,22,134,-112
119900100,1441,2499,-1058
119900101,155,1235,-1080
119900102,30,227,-197
119900103,48,200,-152
119900104,31,100,-69
119900105,544,1914,-1370
119900106,7,107,-100
119900107,220,1736,-1516
119900108,2666,585,2081
119900109,7,95,-88
119900110,719,468,251
119900111,90,269,-179
119900112,1032,587,445
119900113,68,216,-148
119900114,242,845,-603
119900115,271,716,-445
119900116,173,425,-252
119900117,312,541,-229
119900118,84,593,-509
119900119,221,165,56
119900120,560,393,167
119900121,420,671,-251
119900122,415,235,180
119900123,172,273,-101
119900124,213,544,-331
119900125,48,229,-181
119900126,2834,244,2590
119900127,1598,798,800
119900128,417,508,-91
119900129,237,326,-89
119900130,39,203,-164
119900131,44,183,-139
119900132,0,200,-200
119900133,28,62,-34
119900134,1128,132,996
119900135,0,277,-277
119900136,165,237,-72
119900138,325,381,-56
119900139,4,97,-93
119900140,0,94,-94
119900141,77,616,-539
119900142,0,24,-24
119900143,23,223,-200
119900144,1234,175,1059
119900145,86,108,-22
119900146,125,161,-36
119900147,1,109,-108
119900148,172,41,131
119900149,727,3471,-2744
119900150,137,95,42
119900151,1181,601,580
119900152,96,218,-122
119900153,126,69,57
119900154,52,445,-393
119900155,33,30,3
119900156,19,9,10
119900157,140,161,-21
119900158,206,56,150
119900159,5,954,-949
119900160,42,96,-54
119900161,193,100,93
119900162,718,760,-42
119900163,105,164,-59
119900164,1,4,-3
119900165,235,138,97
119900166,81,34,47
119900167,50,75,-25
119900168,877,416,461
119900169,172,224,-52
119900170,161,209,-48
119900171,1654,332,1322
119900172,121,11,110
119900173,3,275,-272
119900174,1,99,-98
119900175,1238,563,675
119900177,23,132,-109
119900178,2,103,-101
119900179,92,512,-420
119900180,896,654,242
119900181,66,112,-46
119900182,11,272,-261
119900183,126,561,-435
119900184,1424,379,1045
119900185,64,191,-127
119900186,55,859,-804
119900187,15,234,-219
119900188,70,223,-153
119900189,492,323,169
119900190,61,269,-208
119900191,265,244,21
119900192,32,124,-92
119900193,312,116,196
119900194,23,72,-49
119900195,99,160,-61
119900196,665,275,390
119900197,216,121,95
119900198,172,220,-48
119900199,134,8,126
119900200,896,546,350
119900201,245,120,125
119900202,83,177,-94
119900203,152,437,-285
119900204,245,171,74
119900205,738,407,331
119900206,172,122,50
119900208,174,244,-70
119900209,431,1161,-730
119900210,32,40,-8
119900211,66,11,55
119900212,226,187,39
119900213,10,37,-27
119900214,39,64,-25
119900215,32,53,-21
119900216,19,52,-33
119900217,7,45,-38
119900218,18,35,-17
119900219,14,85,-71
119900220,5,71,-66
119900221,13,181,-168
119900222,12,125,-113
119900223,9,42,-33
119900224,8,17,-9
119900225,462,25,437
119900226,391,1566,-1175
119900227,839,260,579
119900228,25,185,-160
119900229,299,288,11
119900230,1041,416,625
119900231,249,124,125
119900232,159,101,58
119900233,53,2,51
119900234,16,48,-32
119900235,13,46,-33
119900236,10,142,-132
119900237,34,338,-304
119900238,5,69,-64
119900240,98,108,-10
119900241,203,213,-10
119900242,1053,1028,25
119900244,562,924,-362
119900245,202,165,37
119900246,229,479,-250
119900247,28,109,-81
119900248,49,151,-102
119900249,188,73,115
119900253,1828,327,1501
119900254,83,731,-648
119900255,79,566,-487
119900256,517,496,21
119900257,122,2,120
119900258,163,18,145
119900259,7,80,-73
119900260,95,5,90
119900261,220,119,101
119900262,2,120,-118
119900263,1028,255,773
119900264,99,123,-24
119900265,520,295,225
119900266,278,156,122
119900267,181,358,-177
119900268,157,146,11
119900269,1142,775,367
119900271,19,66,-47
119900272,216,224,-8
119900275,166,79,87
119900276,39,1,38
119900277,11,5,6
119900278,105,128,-23
119900279,110,205,-95
119900280,594,119,475
119900281,1,204,-203
119900282,24,77,-53
119900283,19,166,-147
119900284,44,80,-36
119900285,23,99,-76
119900286,1,18,-17
119900288,5,15,-10
119900289,1,27,-26
119900290,7,21,-14
119900291,1,54,-53
119900292,25,48,-23
119900293,27,79,-52
119900294,19,61,-42
119900295,23,41,-18
119900296,38,120,-82
119900297,1,8,-7
119900298,5,11,-6
119900299,47,155,-108
119900300,209,119,90
119900301,15,27,-12
119900302,26,23,3
119900303,270,135,135
119900304,404,28,376
119900305,12,82,-70
119900306,15,0,15
119900307,39,60,-21
119900308,0,25,-25
119900309,22,120,-98
119900310,236,206,30
119900311,91,80,11
119900312,111,46,65
119900313,324,192,132
119900314,159,325,-166
119900315,1829,1549,280
119900318,10,30,-20
119900319,5,164,-159
119900320,164,361,-197
119900321,98,8,90
120000001,5239,13593,-8354
120000002,2596,2134,462
120000003,2733,1369,1364
120000004,2305,1679,626
120000005,3266,1747,1519
120000006,1189,1157,32
120000007,3173,2619,554
120000008,991,1108,-117
120000009,1949,959,990
120000010,1828,1947,-119
120000011,861,1220,-359
120000012,1380,2017,-637
120000013,2973,2448,525
120000014,699,1159,-460
120000015,2177,1338,839
120000016,3401,1959,1442
120000017,2734,2111,623
120000018,3170,9819,-6649
120000019,1097,1351,-254
120000020,2863,2778,85
120000021,1922,2091,-169
120000022,2552,3560,-1008
120000023,1037,1537,-500
120000024,1380,2287,-907
120000025,2598,1799,799
120000026,2057,1621,436
120000027,2137,1959,178
120000028,793,1942,-1149
120000029,2574,1286,1288
120000030,248,1019,-771
120000031,1846,5529,-3683
120000032,6385,3469,2916
120000033,4232,1596,2636
120000034,1977,1478,499
120000035,2080,1598,482
120000036,2730,4143,-1413
120000037,623,1456,-833
120000038,4644,3229,1415
120000039,744,830,-86
120000040,92,582,-490
120000041,1878,1664,214
120000042,2009,2087,-78
120000043,4396,1405,2991
120000044,5230,1422,3808
120000045,5635,977,4658
120000046,3128,2484,644
120000047,709,4371,-3662
120000048,5471,3659,1812
120000049,3353,2687,666
120000050,2927,3300,-373
120000051,2304,3335,-1031
120000052,6731,1876,4855
120000053,1585,1804,-219
120000054,1291,2881,-1590
120000055,1560,3639,-2079
120000056,4158,3091,1067
120000057,3521,1333,2188
120000058,3845,1582,2263
120000059,17,1543,-1526
120000061,126,567,-441
120000062,221,310,-89
120000063,1275,2116,-841
120000064,251,845,-594
120000065,448,1056,-608
120000066,463,487,-24
120000067,60,462,-402
120000068,175,664,-489
120000069,607,778,-171
120000070,110,558,-448
120000071,560,153,407
120000072,850,412,438
120000073,912,69,843
120000074,178,95,83
120000075,1003,341,662
120000076,1991,373,1618
120000077,2002,634,1368
120000078,3488,1102,2386
120000079,547,395,152
120000080,301,384,-83
120000081,433,208,225
120000082,350,274,76
120000083,125,719,-594
120000084,328,322,6
120000085,350,359,-9
120000086,353,397,-44
120000087,279,479,-200
120000088,850,894,-44
120000089,1069,473,596
120000090,719,436,283
120000091,971,886,85
120000092,1143,550,593
120000093,456,462,-6
120000094,186,682,-496
120000095,928,366,562
120000096,319,579,-260
120000098,776,668,108
120000099,485,740,-255
120000100,745,717,28
120000101,557,391,166
120000102,546,989,-443
120000103,1461,818,643
120000104,1930,457,1473
120000105,2932,612,2320
120000106,2292,677,1615
120000107,4323,598,3725
120000108,1360,85,1275
120000109,1058,72,986
120000110,84,725,-641
120000111,188,828,-640
120000112,690,1992,-1302
120000113,532,1501,-969
120000114,829,1777,-948
120000115,366,1474,-1108
120000116,614,1339,-725
120000117,752,929,-177
120000118,66,23,43
120000119,36,52,-16
120000120,79,61,18
120000121,34,56,-22
120000122,225,357,-132
120000123,2962,5628,-2666
120000124,439,324,115
120000125,518,464,54
120000126,294,936,-642
120000127,1934,984,950
120000128,2529,3802,-1273
120000129,278,240,38
120000130,856,433,423
120000131,304,636,-332
120000134,283,709,-426
120000135,621,448,173
120000137,211,846,-635
120000138,1113,361,752
120000139,281,493,-212
120000140,828,453,375
120000141,309,670,-361
120000142,527,562,-35
120000143,0,79,-79
120000144,102,8,94
120000145,428,0,428
120000146,976,829,147
120000149,614,810,-196
120000150,2573,10713,-8140
120000151,385,363,22
120000152,392,140,252
120000153,185,393,-208
120000154,482,411,71
120000155,138,248,-110
120000156,786,1047,-261
120000157,874,533,341
120000158,801,651,150
120000159,1749,2051,-302
120000160,2192,1406,786
120000161,2071,1813,258
120000162,100,249,-149
120000163,712,1045,-333
120000164,445,344,101
120000165,578,640,-62
120000166,1550,487,1063
120000167,129,168,-39
120000168,25,520,-495
120000169,59,1402,-1343
120000170,57,1207,-1150
120000171,19,486,-467
120000172,51,423,-372
120000173,2899,1901,998
120000174,358,29,329
120000175,171,54,117
120000176,178,45,133
120000177,1005,118,887
120000178,116,15,101
120000179,155,65,90
120000180,752,113,639
120000181,153,1248,-1095
120000182,64,653,-589
120000183,14,533,-519
120000184,139,1064,-925
120000186,42,642,-600
120000187,55,356,-301
120000188,84,642,-558
120000190,703,73,630
120000191,473,96,377
120000192,546,37,509
120000193,166,7,159
120000195,80,3,77
120000196,207,36,171
120000197,59,100,-41
120000198,111,62,49
120000199,129,1,128
120000200,96,1,95
120000201,33,16,17
120000202,3,34,-31
120000203,66,118,-52
120000207,1,36,-35
120000208,17,157,-140
120000209,9,55,-46
120000210,34,42,-8
120000211,137,1,136
120000212,190,0,190
120000213,189,167,22
120000214,1,187,-186
120000215,7,100,-93
120000216,83,26,57
120000217,568,1041,-473
120000218,164,579,-415
120000219,3,349,-346
120000220,4,1099,-1095
120000225,1658,5,1653
120000226,342,3,339
120000227,901,36,865
120000228,10195,2883,7312
120000230,332,15,317
120000231,1280,1491,-211
120000233,294,1,293
120000235,203,491,-288
120000236,924,3,921
120000237,3,1048,-1045
120000238,2,1041,-1039
120000241,1038,2954,-1916
120000412,542,5,537
120000413,240,150,90
120000414,136,2,134
120000415,0,58,-58
120000416,100,4,96
120000417,6,46,-40
120000418,135,17,118
120000419,9,149,-140
120000420,39,23,16
120000421,7413,4630,2783
120000422,109,1472,-1363
120000423,1,62,-61
120000424,93,126,-33
120000436,120,657,-537
120000437,121,133,-12
120000438,1844,196,1648
120000439,215,491,-276
120000443,221,0,221
120000444,1477,339,1138
120000445,1569,836,733
120000446,596,169,427
120000447,279,4,275
120000449,137,3,134
120000450,6,150,-144
120000451,111,207,-96
120000452,100,2,98
120000453,0,215,-215
120000454,91,45,46
120000455,88,44,44
120000456,1982,3135,-1153
120000457,760,448,312
120000458,418,527,-109
120000459,84,54,30
120000665,672,317,355
120000668,98,1133,-1035
120000669,95,187,-92
120000670,197,1111,-914
120000671,1306,527,779
120000672,68,445,-377
120900001,54,103,-49
120900002,324,408,-84
120900003,160,12,148
120900004,10,71,-61
120900005,20,777,-757
120900006,365,244,121
120900007,200,60,140
120900008,337,1051,-714
120900009,628,44,584
120900010,400,99,301
120900011,314,189,125
120900012,164,868,-704
120900013,344,123,221
120900014,1,343,-342
120900015,881,109,772
120900016,834,48,786
120900017,1767,55,1712
120900018,109,349,-240
120900019,583,317,266
120900020,681,1093,-412
120900021,713,220,493
120900022,23,267,-244
120900023,277,45,232
120900024,1452,404,1048
120900025,1387,953,434
120900026,266,132,134
120900027,879,25,854
120900028,419,85,334
120900029,143,495,-352
120900030,1336,682,654
120900031,283,111,172
120900032,1197,52,1145
120900033,973,79,894
120900034,29,2510,-2481
120900035,33,56,-23
120900037,177,9,168
120900038,44,340,-296
120900039,127,43,84
120900040,250,2,248
120900041,134,28,106
120900042,547,40,507
120900043,72,36,36
120900044,24,307,-283
120900045,162,61,101
120900046,416,2,414
120900047,135,115,20
120900048,128,25,103
120900049,449,3,446
120900050,1525,1295,230
120900051,341,98,243
120900052,574,8,566
120900053,291,47,244
120900054,1507,362,1145
120900055,396,5,391
120900056,526,20,506
120900057,116,24,92
120900058,561,1,560
120900059,109,4,105
120900060,65,16,49
120900061,253,151,102
120900062,291,3,288
120900063,648,5,643
120900064,687,5,682
120900065,543,3,540
120900066,319,173,146
120900067,173,57,116
120900068,311,1,310
120900069,218,23,195
120900071,9,2,7
120900072,740,7,733
120900073,562,60,502
120900074,587,14,573
120900076,274,0,274
120900077,1899,191,1708
120900078,802,624,178
120900079,826,130,696
120900080,897,1395,-498
120900081,940,446,494
120900082,397,419,-22
120900083,117,6,111
120900084,319,428,-109
120900085,45,123,-78
120900086,58,319,-261
120900087,423,373,50
120900088,165,378,-213
120900089,2119,2574,-455
120900090,282,101,181
120900091,607,836,-229
120900092,981,326,655
120900093,1627,113,1514
120900094,410,187,223
120900095,311,22,289
120900096,66,182,-116
120900097,648,514,134
120900098,220,142,78
120900099,58,37,21
120900100,89,174,-85
120900101,518,225,293
120900102,28,86,-58
120900103,46,256,-210
120900104,21,45,-24
120900105,45,437,-392
120900106,1161,404,757
120900107,206,118,88
120900108,9,460,-451
120900109,66,452,-386
120900110,7,791,-784
120900111,138,253,-115
120900112,14,560,-546
120900113,29,581,-552
120900114,43,117,-74
120900115,143,286,-143
120900116,363,246,117
120900117,5,377,-372
120900118,20,607,-587
120900119,5410,3719,1691
120900120,64,300,-236
120900121,479,365,114
120900122,468,333,135
120900123,6,287,-281
120900124,3,385,-382
120900125,6,410,-404
120900126,1295,636,659
120900127,6,356,-350
120900128,1034,1049,-15
120900129,43,170,-127
120900130,21,449,-428
120900131,135,48,87
120900132,1006,202,804
120900133,199,577,-378
120900134,638,382,256
120900135,3,409,-406
120900136,54,120,-66
120900137,196,64,132
120900138,23,193,-170
120900139,3,522,-519
120900140,6,102,-96
120900141,115,176,-61
120900142,8,287,-279
120900143,5,665,-660
120900144,1,80,-79
120900145,288,639,-351
120900146,3,690,-687
120900147,3,405,-402
120900148,103,125,-22
120900149,2,194,-192
120900150,36,410,-374
120900151,15,514,-499
120900152,0,28,-28
120900153,65,84,-19
120900154,1,209,-208
120900155,166,706,-540
120900156,106,358,-252
120900157,120,293,-173
120900158,71,484,-413
120900159,337,486,-149
120900160,22,585,-563
120900161,159,495,-336
120900162,154,670,-516
120900163,124,839,-715
120900164,1,57,-56
120900165,82,227,-145
120900166,41,462,-421
120900167,290,129,161
120900169,94,260,-166
120900170,772,2509,-1737
120900171,688,183,505
120900172,456,1426,-970
120900173,2,63,-61
120900174,4,57,-53
120900175,267,99,168
120900176,19,314,-295
120900177,1,1089,-1088
120900178,5,304,-299
120900179,692,340,352
120900180,79,146,-67
120900181,105,33,72
120900182,31,431,-400
120900183,680,57,623
120900184,370,44,326
120900185,10,312,-302
120900186,0,347,-347
120900187,429,812,-383
120900188,249,6,243
120900189,91,1369,-1278
120900190,90,12,78
120900191,15,21,-6
120900192,6357,7021,-664
120900194,49,62,-13
120900195,117,199,-82
120900196,885,27,858
120900197,603,118,485
120900198,221,409,-188
120900199,391,372,19
120900200,52,96,-44
120900201,320,127,193
120900202,1,117,-116
120900203,47,46,1
120900204,103,148,-45
120900205,44,24,20
120900206,25,33,-8
120900207,41,929,-888
121000001,554,865,-311
121000002,1943,1167,776
121000003,2253,1683,570
121000004,2223,2692,-469
121000005,1626,2591,-965
121000006,2749,1743,1006
121000007,2394,2805,-411
121000008,4334,3413,921
121000009,4302,5151,-849
121000010,7080,5133,1947
121000011,6916,10108,-3192
121000012,13307,8542,4765
121000013,4325,6223,-1898
121000014,5445,4693,752
121000015,3621,6749,-3128
121000016,4013,2976,1037
121000017,1768,3197,-1429
121000018,2486,1646,840
121000019,13728,11170,2558
121000020,12726,15178,-2452
121000021,2568,2415,153
121000022,2454,2916,-462
121000023,2940,2282,658
121000024,4537,4420,117
121000025,646,1326,-680
121000026,391,188,203
121000027,1523,1172,351
121000028,799,515,284
121000029,790,538,252
121000030,600,366,234
121000031,563,628,-65
121000032,236,135,101
121000034,299,210,89
121000035,177,121,56
121000036,842,813,29
121000037,634,537,97
121000038,507,902,-395
121000039,305,409,-104
121000041,481,474,7
121000042,311,374,-63
121000043,695,533,162
121000044,1175,902,273
121000045,354,198,156
121000046,575,685,-110
121000047,224,276,-52
121000049,1128,492,636
121000050,313,1118,-805
121000051,581,277,304
121000052,410,634,-224
121000053,375,113,262
121000054,54,367,-313
121000055,1053,1189,-136
121000056,751,971,-220
121000057,239,513,-274
121000058,394,238,156
121000059,2108,1212,896
121000060,630,980,-350
121000061,65,402,-337
121000062,172,378,-206
121000063,875,811,64
121000064,776,829,-53
121000065,320,484,-164
121000066,735,499,236
121000067,538,589,-51
121000068,657,382,275
121000069,377,754,-377
121000070,1672,1199,473
121000071,1465,1348,117
121000072,1567,682,885
121000073,1101,851,250
121000074,214,180,34
121000075,48,258,-210
121000076,659,362,297
121000077,149,239,-90
121000078,134,134,0
121000080,1728,536,1192
121000081,2636,2655,-19
121000082,102,250,-148
121000083,203,123,80
121000084,203,162,41
121000085,246,382,-136
121000086,267,661,-394
121000087,62,322,-260
121000088,551,499,52
121000089,362,358,4
121000090,360,437,-77
121000091,1347,991,356
121000092,203,78,125
121000093,185,211,-26
121000094,502,724,-222
121000095,327,735,-408
121000096,2500,1953,547
121000097,683,1914,-1231
121000098,640,1124,-484
121000099,829,673,156
121000100,888,385,503
121000101,459,309,150
121000102,260,207,53
121000103,190,240,-50
121000104,228,103,125
121000105,412,155,257
121000106,390,328,62
121000107,1760,2507,-747
121000109,972,1012,-40
121000110,245,739,-494
121000114,2590,1918,672
121000115,975,612,363
121000116,228,693,-465
121000117,624,245,379
121000118,1423,188,1235
121000119,316,437,-121
121000120,310,437,-127
121000121,530,1283,-753
121000123,1244,736,508
121000127,120,114,6
121000128,1075,492,583
121000129,943,513,430
121000130,578,891,-313
121000131,1954,1698,256
121000132,1575,1701,-126
121000135,310,400,-90
121000136,853,1100,-247
121000137,418,313,105
121000138,742,1486,-744
121000139,264,507,-243
121000141,209,135,74
121000142,632,989,-357
121000143,115,43,72
121000144,811,1573,-762
121000145,607,893,-286
121000146,1288,1030,258
121000147,922,531,391
121000148,847,978,-131
121000149,2043,1274,769
121000152,373,449,-76
121000153,1800,489,1311
121000154,1191,502,689
121000155,1405,930,475
121000156,436,969,-533
121000157,825,1347,-522
121000158,384,430,-46
121000159,181,338,-157
121000160,344,330,14
121000161,203,317,-114
121000162,97,152,-55
121000165,1327,1881,-554
121000166,24,452,-428
121000168,355,229,126
121000169,74,113,-39
121000170,347,80,267
121000171,95,138,-43
121000172,659,516,143
121000173,1235,1057,178
121000174,359,442,-83
121000175,1006,297,709
121000176,412,261,151
121000177,735,522,213
121000178,116,59,57
121000179,55,73,-18
121000181,309,384,-75
121000182,154,271,-117
121000183,121,109,12
121000184,53,143,-90
121000185,40,213,-173
121000186,247,496,-249
121000187,230,122,108
121000188,171,135,36
121000192,852,450,402
121000193,602,504,98
121000194,1937,1903,34
121000195,199,723,-524
121000196,504,232,272
121000197,139,658,-519
121000198,181,101,80
121000199,128,344,-216
121000200,510,94,416
121000201,4,204,-200
121000202,678,113,565
121000203,702,1439,-737
121000204,2561,599,1962
121000205,103,179,-76
121000206,100,46,54
121000207,1773,377,1396
121000208,4,222,-218
121000209,465,218,247
121000210,620,327,293
121000211,304,118,186
121000212,532,448,84
121000213,7923,2377,5546
121000214,743,1759,-1016
121000215,941,840,101
121000216,493,595,-102
121000217,3609,2314,1295
121000218,403,1394,-991
121000219,1285,406,879
121000220,142,32,110
121000221,102,256,-154
121000222,2054,1951,103
121000223,345,432,-87
121000224,317,283,34
121000225,930,1673,-743
121000226,1599,1085,514
121000227,14,154,-140
121000228,15,425,-410
121000229,266,264,2
121000230,52,1178,-1126
121000231,883,28,855
121000232,361,221,140
121000233,582,332,250
121000234,24,43,-19
121000235,71,78,-7
121000236,18,48,-30
121000237,48,21,27
121000238,5,76,-71
121000239,63,3,60
121000240,7,148,-141
121000241,98,24,74
121000242,89,573,-484
121000243,728,186,542
121000244,28,108,-80
121000245,116,26,90
121000246,5,95,-90
121000247,154,4,150
121000248,1161,736,425
121000249,159,220,-61
121000250,520,208,312
121000251,29,259,-230
121000252,118,75,43
121000253,285,347,-62
121000254,601,187,414
121000255,81,209,-128
121000256,251,162,89
121000257,29,76,-47
121000258,97,74,23
121000259,65,69,-4
121000260,63,171,-108
121000261,68,83,-15
121000262,908,510,398
121000263,497,404,93
121000271,279,1148,-869
121000273,51,7,44
121000274,11,58,-47
121000275,2,14,-12
121000276,4,20,-16
121000278,54,50,4
121000279,39,26,13
121000280,49,27,22
121000289,251,28,223
121000290,1059,835,224
121000294,164,82,82
121000297,718,982,-264
121000299,113,543,-430
121000300,734,440,294
121000302,35,852,-817
121000303,478,288,190
121000304,475,51,424
121000305,190,48,142
121000306,145,124,21
121000308,134,225,-91
121000309,266,378,-112
121000310,90,246,-156
121000311,85,663,-578
121000312,285,262,23
121000313,213,382,-169
121000314,83,138,-55
121000315,52,156,-104
121000530,1492,1171,321
121000531,1563,1353,210
121000532,5688,6710,-1022
121000533,3025,3172,-147
121000918,44,115,-71
121000919,57,75,-18
121000938,169,200,-31
121000939,205,240,-35
121000956,1338,971,367
121000957,5,23,-18
121000958,20,42,-22
121000959,835,600,235
121000960,1375,1402,-27
121000961,235,115,120
121000962,317,562,-245
121000963,0,0,0
121000973,0,158,-158
121000976,12,146,-134
121000979,456,140,316
121000981,472,231,241
121000982,412,208,204
121000983,393,246,147
121000984,11,74,-63
121000985,724,382,342
121000986,276,167,109
121000987,269,666,-397
121000988,781,114,667
121001302,252,121,131
121001308,1,14,-13
121001309,38,109,-71
121001311,0,0,0
121001313,166,153,13
121001314,1751,2025,-274
121001315,4586,2604,1982
121001326,456,435,21
121900001,164,195,-31
121900002,30,25,5
121900003,364,15,349
121900004,76,326,-250
121900005,23,18,5
121900006,109,13,96
121900007,1537,1575,-38
121900008,488,329,159
121900009,479,17,462
121900010,207,3,204
121900011,128,284,-156
121900012,14,0,14
121900013,932,85,847
121900014,983,297,686
121900015,165,141,24
121900016,4,21,-17
121900017,692,424,268
121900018,287,7,280
121900019,500,225,275
121900020,37,2,35
121900021,895,11,884
121900022,246,162,84
121900023,120,264,-144
121900024,251,96,155
121900025,504,360,144
121900026,314,36,278
121900027,313,117,196
121900028,219,4,215
121900029,102,179,-77
121900030,463,428,35
121900031,691,5023,-4332
121900032,53,48,5
121900033,173,261,-88
121900034,229,85,144
121900035,2112,1763,349
121900036,83,262,-179
121900037,119,930,-811
121900038,28,105,-77
121900039,326,25,301
121900040,96,93,3
121900041,76,176,-100
121900042,336,149,187
121900043,7,2,5
121900044,95,25,70
121900046,179,279,-100
121900047,185,51,134
121900048,20,49,-29
121900050,33,48,-15
121900051,167,182,-15
121900052,123,46,77
121900053,506,288,218
121900054,431,871,-440
121900055,0,9,-9
121900058,251,116,135
121900059,327,128,199
121900060,134,236,-102
121900062,158,99,59
121900063,1260,434,826
121900064,257,493,-236
121900066,43,25,18
121900067,48,55,-7
121900069,186,130,56
121900070,133,100,33
121900071,295,217,78
121900072,76,164,-88
121900073,223,200,23
121900074,672,768,-96
121900075,337,437,-100
121900076,299,522,-223
121900078,62,26,36
121900079,0,0,0
121900080,609,263,346
121900082,58,108,-50
121900084,19,76,-57
121900086,21,61,-40
121900087,151,108,43
121900088,1414,2199,-785
121900089,221,245,-24
121900090,41,48,-7
121900091,70,99,-29
121900092,72,103,-31
121900093,70,70,0
121900094,18,6,12
121900095,268,137,131
121900096,922,834,88
121900097,468,161,307
121900098,5,0,5
121900099,221,55,166
121900100,199,429,-230
121900101,130,134,-4
121900102,6,114,-108
121900103,395,280,115
121900104,1316,306,1010
121900105,285,133,152
121900106,2,8,-6
121900107,44,19,25
121900108,3,16,-13
121900109,256,175,81
121900110,528,527,1
121900111,485,187,298
121900112,135,137,-2
121900113,67,294,-227
121900114,72,40,32
121900117,107,68,39
121900118,1361,457,904
121900119,254,95,159
121900120,60,924,-864
121900121,392,30,362
121900122,37,44,-7
121900123,209,337,-128
121900124,92,130,-38
121900125,1187,814,373
121900127,30,62,-32
121900128,86,88,-2
121900129,484,169,315
121900130,107,157,-50
121900131,240,70,170
121900132,67,84,-17
121900133,91,901,-810
121900134,26,189,-163
121900135,2936,347,2589
121900136,427,326,101
121900137,57,292,-235
121900138,60,106,-46
121900139,318,616,-298
121900140,91,153,-62
121900141,95,41,54
121900142,137,87,50
121900143,5,137,-132
121900144,126,249,-123
121900145,192,168,24
121900146,565,611,-46
121900147,60,166,-106
121900148,109,209,-100
121900149,215,390,-175
121900150,63,143,-80
121900151,50,194,-144
121900152,77,73,4
121900153,108,590,-482
121900154,15,214,-199
121900155,0,152,-152
121900156,142,84,58
121900157,1,268,-267
121900158,76,81,-5
121900159,0,165,-165
121900160,26,197,-171
121900161,229,298,-69
121900162,122,174,-52
121900163,244,424,-180
121900164,355,203,152
121900165,265,119,146
121900166,159,118,41
121900167,69,100,-31
121900168,114,210,-96
121900169,4,163,-159
121900170,9,126,-117
121900171,553,443,110
121900172,514,140,374
121900173,629,190,439
121900174,43,57,-14
121900175,106,174,-68
121900176,434,1137,-703
121900177,170,83,87
121900178,35,36,-1
121900179,573,166,407
121900180,2451,3665,-1214
121900182,595,334,261
121900183,413,1177,-764
121900184,58,667,-609
121900186,6,275,-269
121900187,36,151,-115
121900188,425,242,183
121900189,23,120,-97
121900190,191,331,-140
121900191,107,309,-202
121900192,267,849,-582
121900193,44,145,-101
121900194,9,120,-111
121900195,55,86,-31
121900196,674,669,5
121900197,297,1053,-756
121900198,964,865,99
121900199,6,17,-11
121900200,49,183,-134
121900201,762,733,29
121900202,111,537,-426
121900203,152,715,-563
121900204,625,945,-320
121900205,8,53,-45
121900206,24,45,-21
121900207,112,25,87
121900208,102,240,-138
121900209,78,32,46
121900210,1190,920,270
121900211,440,527,-87
121900212,107,106,1
121900213,217,70,147
121900214,9,381,-372
121900215,52,63,-11
121900216,28,168,-140
121900217,217,142,75
121900218,142,359,-217
121900220,110,10,100
121900221,192,406,-214
121900222,151,94,57
121900223,168,39,129
121900224,63,33,30
121900225,99,91,8
121900226,244,173,71
121900227,252,540,-288
121900228,140,178,-38
121900230,81,230,-149
121900231,246,1031,-785
121900232,179,326,-147
121900233,195,248,-53
121900234,270,207,63
121900235,411,113,298
121900236,336,137,199
121900237,187,214,-27
121900238,140,208,-68
121900239,232,28,204
121900240,185,83,102
121900241,51,59,-8
121900242,6,1,5
121900243,7,0,7
121900244,33,1,32
121900245,167,36,131
121900246,2192,251,1941
121900248,1100,1102,-2
121900250,153,263,-110
121900251,542,34,508
121900252,437,116,321
121900253,142,898,-756
121900254,410,257,153
121900255,360,59,301
121900258,3005,1599,1406
121900259,320,450,-130
121900260,69,113,-44
121900261,143,463,-320
121900262,254,702,-448
121900263,271,224,47
121900264,1150,903,247
121900265,263,178,85
121900266,435,130,305
121900267,71,32,39
121900269,193,617,-424
121900270,31,172,-141
121900271,28,80,-52
121900273,389,1499,-1110
121900274,249,169,80
121900277,455,1157,-702
121900278,71,748,-677
121900279,126,161,-35
121900280,69,237,-168
121900281,195,320,-125
121900284,87,5,82
121900286,147,113,34
121900287,12,33,-21
121900288,9,3,6
121900290,181,319,-138
121900291,264,501,-237
121900292,145,114,31
121900293,820,2137,-1317
121900294,247,5,242
121900295,121,162,-41
121900296,22,106,-84
121900298,210,684,-474
121900299,0,19,-19
121900300,108,4,104
121900301,88,2,86
121900302,0,52,-52
121900303,265,322,-57
121900304,8,6,2
121900305,4,5,-1
121900306,180,0,180
121900307,97,10,87
121900308,34,244,-210
121900309,20,216,-196
121900310,12,335,-323
121900311,517,53,464
121900312,422,22,400
121900313,328,23,305
121900314,3,53,-50
121900315,18,0,18
121900316,0,12,-12
121900317,32,5,27
121900318,1,36,-35
121900319,33,136,-103
121900320,33,40,-7
121900321,13,0,13
121900322,1,17,-16
121900323,19,8,11
121900324,2,31,-29
121900325,13,1,12
121900326,0,14,-14
121900327,1,61,-60
121900328,0,21,-21
121900329,0,104,-104
121900330,1,60,-59
121900331,11,18,-7
121900332,91,26,65
121900333,25,3,22
121900334,107,65,42
122000001,1882,5075,-3193
122000002,3631,1376,2255
122000003,1600,2927,-1327
122000004,2347,1476,871
122000005,2293,1804,489
122000006,1243,956,287
122000007,789,1685,-896
122000008,2471,3996,-1525
122000009,392,414,-22
122000010,1856,2604,-748
122000011,2782,1412,1370
122000012,836,1624,-788
122000013,880,821,59
122000014,1626,992,634
122000015,1246,961,285
122000016,541,839,-298
122000017,1062,1079,-17
122000018,1207,1354,-147
122000019,766,933,-167
122000020,169,212,-43
122000021,229,400,-171
122000022,1024,865,159
122000023,598,1444,-846
122000024,592,1160,-568
122000025,646,1593,-947
122000026,786,1187,-401
122000027,570,1411,-841
122000028,897,406,491
122000029,371,402,-31
122000030,200,107,93
122000031,251,283,-32
122000032,1588,1516,72
122000033,511,1300,-789
122000034,513,593,-80
122000035,240,648,-408
122000036,495,447,48
122000037,335,215,120
122000038,225,299,-74
122000039,558,414,144
122000040,241,247,-6
122000041,543,575,-32
122000042,344,474,-130
122000043,106,126,-20
122000044,112,139,-27
122000045,1226,452,774
122000046,748,615,133
122000047,189,204,-15
122000048,3011,3546,-535
122000049,4506,3360,1146
122000050,1025,801,224
122000051,256,369,-113
122000052,395,463,-68
122000053,235,944,-709
122000054,1978,1685,293
122000055,1843,3134,-1291
122000056,3648,2764,884
122000057,2763,3226,-463
122000058,1806,1435,371
122000059,2135,1910,225
122000060,537,745,-208
122000061,408,563,-155
122000062,744,250,494
122000063,724,724,0
122000064,2679,2938,-259
122000065,2856,2162,694
122000066,359,463,-104
122000067,1221,1075,146
122000068,1040,837,203
122000069,853,767,86
122000070,683,1066,-383
122000071,1529,1052,477
122000072,387,417,-30
122000073,354,767,-413
122000074,2340,1399,941
122000075,757,983,-226
122000076,2262,1081,1181
122000077,827,911,-84
122000078,1374,2733,-1359
122000079,678,1221,-543
122000080,522,400,122
122000081,135,205,-70
122000082,548,877,-329
122000083,1300,1343,-43
122000084,1149,664,485
122000085,209,778,-569
122000086,2093,4061,-1968
122000087,343,233,110
122000088,243,329,-86
122000089,4156,1974,2182
122000090,209,423,-214
122000091,106,128,-22
122000092,87,17,70
122000093,1290,1818,-528
122000094,4252,2397,1855
122000095,1566,2882,-1316
122000096,1510,1357,153
122000098,2603,2278,325
122000099,1509,746,763
122000100,797,519,278
122000101,318,543,-225
122000102,1706,981,725
122000103,1727,1351,376
122000104,520,163,357
122000105,453,222,231
122000106,405,589,-184
122000107,980,386,594
122000108,375,632,-257
122000109,469,303,166
122000110,360,452,-92
122000111,2384,1135,1249
122000112,966,1078,-112
122000113,596,627,-31
122000114,2306,1357,949
122000115,1787,1131,656
122000116,517,455,62
122000117,1528,397,1131
122000118,645,828,-183
122000119,3112,2745,367
122000120,1925,4510,-2585
122000121,1871,3287,-1416
122000122,646,1408,-762
122000123,1485,1600,-115
122000124,986,514,472
122000125,677,721,-44
122000126,521,948,-427
122000127,865,1096,-231
122000128,473,648,-175
122000129,652,1278,-626
122000130,2850,1497,1353
122000131,1402,1276,126
122000132,579,590,-11
122000133,793,1088,-295
122000134,886,782,104
122000135,620,622,-2
122000136,797,635,162
122000137,1602,741,861
122000139,928,2827,-1899
122000140,618,622,-4
122000141,3053,873,2180
122000142,243,836,-593
122000143,387,640,-253
122000144,1295,1122,173
122000145,975,642,333
122000146,877,1198,-321
122000147,618,508,110
122000148,1398,1761,-363
122000149,2005,1500,505
122000150,976,963,13
122000151,173,371,-198
122000152,347,364,-17
122000153,319,357,-38
122000154,227,239,-12
122000155,1305,2271,-966
122000156,2146,2511,-365
122000157,1118,2056,-938
122000158,355,582,-227
122000159,637,1570,-933
122000160,3368,2648,720
122000161,1272,1191,81
122000162,2133,1720,413
122000163,219,97,122
122000164,21,109,-88
122000165,628,651,-23
122000166,720,998,-278
122000167,212,241,-29
122000168,187,514,-327
122000169,331,195,136
122000170,298,219,79
122000171,51,100,-49
122000172,1586,1208,378
122000173,1306,1907,-601
122000174,1913,877,1036
122000175,843,232,611
122000176,253,658,-405
122000177,1303,1362,-59
122000178,2448,1986,462
122000179,1449,2030,-581
122000180,1444,1289,155
122000181,1314,2721,-1407
122000182,1589,1212,377
122000183,1928,902,1026
122000184,2667,2326,341
122000185,1385,1755,-370
122000186,378,699,-321
122000187,1658,975,683
122000188,329,177,152
122000189,253,248,5
122000190,723,1083,-360
122000191,694,549,145
122000192,963,279,684
122000193,370,670,-300
122000194,411,179,232
122000195,136,502,-366
122000196,909,594,315
122000197,531,566,-35
122000198,352,770,-418
122000199,289,333,-44
122000200,865,507,358
122000201,1130,1503,-373
122000202,1079,1445,-366
122000203,2562,1455,1107
122000204,1261,1646,-385
122000205,1284,1243,41
122000206,2516,994,1522
122000207,1598,1453,145
122000208,1939,1256,683
122000209,1503,326,1177
122000210,1994,1474,520
122000211,1264,1333,-69
122000212,737,451,286
122000213,1001,1262,-261
122000214,1940,1549,391
122000215,1959,1496,463
122000217,1627,1275,352
122000218,714,71,643
122000219,1127,816,311
122000220,348,647,-299
122000221,92,384,-292
122000222,528,133,395
122000223,1187,500,687
122000225,745,256,489
122000226,1505,1704,-199
122000227,238,2130,-1892
122000228,360,371,-11
122000229,75,471,-396
122000230,92,384,-292
122000231,410,646,-236
122000232,455,797,-342
122000233,0,91,-91
122000234,357,53,304
122000235,615,123,492
122000236,1210,71,1139
122000237,120,75,45
122000238,302,261,41
122000239,669,123,546
122000240,1100,521,579
122000241,1744,465,1279
122000242,576,117,459
122000243,340,67,273
122000244,87,390,-303
122000245,129,269,-140
122000246,479,159,320
122000247,488,550,-62
122000248,849,1379,-530
122000249,1072,768,304
122000250,2174,1037,1137
122000251,210,422,-212
122000252,413,100,313
122000253,52,188,-136
122000254,244,54,190
122000255,583,1043,-460
122000256,422,661,-239
122000257,208,220,-12
122000258,311,223,88
122000259,39,396,-357
122000260,183,484,-301
122000261,27,195,-168
122000262,0,35,-35
122000263,303,140,163
122000264,1157,321,836
122000265,2027,738,1289
122000266,3306,575,2731
122000267,158,107,51
122000268,133,252,-119
122000269,743,286,457
122000270,497,117,380
122000271,295,706,-411
122000272,339,726,-387
122000273,391,329,62
122000274,213,195,18
122000275,159,200,-41
122000276,754,486,268
122000277,1203,1427,-224
122000278,1738,686,1052
122000279,223,440,-217
122000280,870,490,380
122000281,726,609,117
122000282,174,416,-242
122000283,190,158,32
122000284,205,89,116
122000285,284,95,189
122000286,57,142,-85
122000287,1155,1159,-4
122000288,506,270,236
122000291,1892,611,1281
122000293,228,214,14
122000294,134,207,-73
122000295,1182,206,976
122000296,49,569,-520
122000297,1930,3133,-1203
122000299,546,303,243
122000300,501,535,-34
122000301,6786,2959,3827
122000302,542,1475,-933
122000303,2726,1028,1698
122000304,48,205,-157
122000305,1151,539,612
122000306,54,459,-405
122000307,108,105,3
122000309,66,55,11
122000310,29,99,-70
122000311,148,140,8
122000312,115,164,-49
122000313,91,86,5
122000314,130,263,-133
122000315,244,41,203
122000316,818,205,613
122000317,1409,267,1142
122000318,260,459,-199
122000319,224,302,-78
122000320,331,1026,-695
122000321,91,147,-56
122000322,1758,1954,-196
122000323,1025,2069,-1044
122000324,981,1198,-217
122000325,743,1504,-761
122000326,79,79,0
122000327,443,878,-435
122000328,865,564,301
122000330,1829,764,1065
122000333,12,113,-101
122000337,1096,1071,25
122000338,438,281,157
122000340,381,580,-199
122000342,1387,889,498
122000343,484,879,-395
122000344,79,19,60
122000345,29,32,-3
122000346,282,377,-95
122000348,653,572,81
122000349,88,513,-425
122000351,140,145,-5
122000352,248,144,104
122000353,95,63,32
122000355,150,412,-262
122000356,874,948,-74
122000357,104,14,90
122000358,0,51,-51
122000359,0,26,-26
122000360,0,19,-19
122000362,8,71,-63
122000364,221,248,-27
122000365,2,46,-44
122000366,13,9,4
122000368,345,535,-190
122000370,24,45,-21
122000371,21,0,21
122000372,10,3,7
122000381,76,273,-197
122000382,92,260,-168
122000384,1867,991,876
122000385,61,0,61
122000386,217,1029,-812
122000387,426,578,-152
122000388,1124,763,361
122000389,126,537,-411
122000390,283,217,66
122000391,267,269,-2
122000392,136,149,-13
122000393,126,188,-62
122000394,534,173,361
122000395,130,145,-15
122000396,215,65,150
122000397,29,32,-3
122000398,23,39,-16
122000399,178,51,127
122000400,108,457,-349
122000401,142,60,82
122000402,273,99,174
122000403,456,609,-153
122000404,222,174,48
122000408,967,1240,-273
122000503,12,89,-77
122000524,433,147,286
122000544,97,1677,-1580
122000614,464,341,123
122000616,221,5,216
122000640,105,114,-9
122000641,145,181,-36
122000642,946,673,273
122000643,48,169,-121
122000644,126,53,73
122000645,79,141,-62
122000651,1063,899,164
122000664,158,42,116
122000665,1129,390,739
122000666,656,1035,-379
122000673,49,171,-122
122000674,198,85,113
122000675,1699,617,1082
122000686,500,891,-391
122000687,1315,246,1069
122000688,256,427,-171
122000689,860,314,546
122000690,2126,316,1810
122000691,688,1135,-447
122000692,1347,289,1058
122000693,383,1242,-859
122000695,272,308,-36
122000696,408,216,192
122000698,395,424,-29
122000699,155,51,104
122000701,1274,243,1031
122000702,423,814,-391
122000703,167,41,126
122000712,0,0,0
122000717,112,55,57
122000718,870,1744,-874
122000719,116,79,37
122000720,611,174,437
122000724,356,244,112
122900001,27,10,17
122900002,829,4019,-3190
122900003,255,18,237
122900004,1129,39,1090
122900005,70,86,-16
122900006,282,626,-344
122900007,170,81,89
122900008,295,197,98
122900009,584,354,230
122900010,223,107,116
122900012,215,354,-139
122900014,132,150,-18
122900015,1084,823,261
122900016,116,138,-22
122900017,344,655,-311
122900018,161,9,152
122900020,130,290,-160
122900021,69,383,-314
122900022,842,751,91
122900023,274,89,185
122900024,95,101,-6
122900025,19,293,-274
122900026,57,248,-191
122900027,57,660,-603
122900028,73,113,-40
122900029,3189,2282,907
122900030,805,411,394
122900031,44,258,-214
122900032,130,334,-204
122900033,149,112,37
122900034,3438,3588,-150
122900035,12,21,-9
122900036,67,60,7
122900037,247,134,113
122900038,62,2180,-2118
122900039,75,446,-371
122900040,212,383,-171
122900041,169,355,-186
122900042,104,258,-154
122900043,245,181,64
122900044,107,261,-154
122900045,81,94,-13
122900046,111,304,-193
122900047,102,183,-81
122900048,55,143,-88
122900049,1149,132,1017
122900051,86,98,-12
122900052,134,129,5
122900053,34,27,7
122900055,207,49,158
122900057,192,29,163
122900061,362,84,278
122900062,474,410,64
122900063,163,165,-2
122900064,646,320,326
122900065,491,200,291
122900066,531,293,238
122900067,783,511,272
122900069,266,925,-659
122900070,388,45,343
122900071,149,320,-171
122900073,26,151,-125
122900074,606,344,262
122900075,0,48,-48
122900076,3,165,-162
122900077,13,102,-89
122900078,183,30,153
122900080,63,51,12
122900081,152,131,21
122900082,879,216,663
122900083,112,121,-9
122900084,3,157,-154
122900086,22,106,-84
122900087,201,382,-181
122900088,35,177,-142
122900089,142,282,-140
122900090,4,308,-304
122900091,276,2,274
122900092,108,180,-72
122900093,0,136,-136
122900094,5,149,-144
122900095,170,8,162
122900096,162,80,82
122900097,24,51,-27
122900098,45,87,-42
122900099,93,16,77
122900100,130,236,-106
122900101,432,204,228
122900102,20,25,-5
122900103,158,9,149
122900104,298,3,295
122900105,12,14,-2
122900106,2,62,-60
122900107,2,135,-133
122900108,5,145,-140
122900109,157,83,74
123000001,1013,488,525
123000002,3123,4933,-1810
123000003,3449,3629,-180
123000004,2584,3601,-1017
123000005,2460,2897,-437
123000006,1905,1928,-23
123000007,4103,2654,1449
123000008,2613,2705,-92
123000009,4075,2576,1499
123000010,2965,3127,-162
123000011,1911,822,1089
123000012,698,2038,-1340
123000013,3228,911,2317
123000014,835,2927,-2092
123000015,2651,996,1655
123000016,3639,3539,100
123000017,3739,1859,1880
123000018,110,69,41
123000019,344,154,190
123000020,190,54,136
123000021,143,139,4
123000022,275,1358,-1083
123000023,1672,1754,-82
123000024,1621,693,928
123000025,190,93,97
123000026,113,109,4
123000027,89,545,-456
123000028,954,1463,-509
123000029,677,1537,-860
123000030,227,241,-14
123000031,314,176,138
123000032,444,116,328
123000033,295,66,229
123000034,1049,795,254
123000035,374,339,35
123000036,251,868,-617
123000037,281,242,39
123000038,83,233,-150
123000039,453,1451,-998
123000040,680,306,374
123000041,951,1095,-144
123000042,769,591,178
123000043,1511,5841,-4330
123000044,3625,2246,1379
123000045,4314,2194,2120
123000046,568,1453,-885
123000047,695,650,45
123000048,58,857,-799
123000049,3516,6488,-2972
123000050,1390,1391,-1
123000051,165,174,-9
123000052,718,3022,-2304
123000053,2397,2571,-174
123000054,1454,1306,148
123000055,1244,2354,-1110
123000056,1147,1458,-311
123000057,5252,3306,1946
123000058,400,262,138
123000059,102,134,-32
123000060,667,375,292
123000061,231,350,-119
123000063,697,714,-17
123000064,1357,976,381
123000065,2746,1717,1029
123000066,523,417,106
123000067,947,622,325
123000068,2412,2309,103
123000069,4960,2590,2370
123000070,130,98,32
123000071,1333,953,380
123000072,1090,677,413
123000073,1229,590,639
123000074,882,692,190
123000075,571,1041,-470
123000076,837,576,261
123000077,2473,2235,238
123000078,1468,1365,103
123000079,1831,1621,210
123000080,2350,1311,1039
123000081,242,415,-173
123000082,551,1252,-701
123000083,746,501,245
123000084,1715,875,840
123000085,1471,1444,27
123000086,732,539,193
123000087,656,367,289
123000088,1679,622,1057
123000089,560,933,-373
123000090,1002,748,254
123000091,1374,1210,164
123000092,1023,1056,-33
123000094,643,436,207
123000095,511,528,-17
123000096,709,316,393
123000097,487,575,-88
123000098,783,410,373
123000099,620,564,56
123000100,398,561,-163
123000101,466,559,-93
123000102,497,623,-126
123000104,345,494,-149
123000105,474,453,21
123000106,485,484,1
123000107,378,544,-166
123000108,583,1164,-581
123000111,1183,1347,-164
123000112,856,689,167
123000113,692,986,-294
123000114,337,577,-240
123000115,227,274,-47
123000116,49,135,-86
123000117,1129,1171,-42
123000118,456,566,-110
123000119,245,738,-493
123000120,734,900,-166
123000121,460,464,-4
123000122,276,261,15
123000123,472,534,-62
123000124,418,425,-7
123000125,818,936,-118
123000126,864,2464,-1600
123000127,734,625,109
123000128,303,310,-7
123000129,781,181,600
123000130,622,97,525
123000131,706,600,106
123000132,362,717,-355
123000133,251,390,-139
123000134,358,168,190
123000135,1789,3337,-1548
123000136,181,503,-322
123000137,117,217,-100
123000138,72,296,-224
123000139,467,88,379
123000140,74,545,-471
123000141,676,110,566
123000142,1042,1014,28
123000143,936,1732,-796
123000144,51,36,15
123000145,249,101,148
123000146,25,71,-46
123000147,60,108,-48
123000149,434,544,-110
123000150,246,271,-25
123000151,282,591,-309
123000152,78,295,-217
123000153,256,757,-501
123000154,1534,1976,-442
123000155,1908,1226,682
123000156,38,147,-109
123000157,598,824,-226
123000158,526,742,-216
123000159,2201,2696,-495
123000160,1325,1258,67
123000161,1133,904,229
123000162,620,852,-232
123000163,809,222,587
123000164,1028,340,688
123000165,330,807,-477
123000166,53,88,-35
123000167,176,237,-61
123000168,273,168,105
123000169,683,141,542
123000170,117,102,15
123000171,602,16,586
123000172,136,366,-230
123000173,474,257,217
123000174,851,290,561
123000175,503,890,-387
123000176,831,302,529
123000177,240,696,-456
123000178,762,526,236
123000179,24,237,-213
123000180,1518,311,1207
123000181,281,962,-681
123000182,207,206,1
123000183,201,571,-370
123000184,148,370,-222
123000185,682,265,417
123000186,3,355,-352
123000187,525,3,522
123000188,265,1,264
123000189,21,139,-118
123000190,2,77,-75
123000192,31,437,-406
123000193,52,715,-663
123000194,400,313,87
123000195,549,84,465
123000196,177,24,153
123000197,52,21,31
123000198,6,440,-434
123000199,6,428,-422
123000200,517,11,506
123000201,485,14,471
123000202,10,420,-410
123000203,813,69,744
123000204,38,452,-414
123000205,441,1219,-778
123000206,2429,359,2070
123000207,84,852,-768
123000208,649,630,19
123000209,2646,850,1796
123000210,304,1367,-1063
123000211,392,1496,-1104
123000212,3679,667,3012
123000213,876,100,776
123000215,103,224,-121
123000216,118,982,-864
123000217,216,23,193
123000218,28,546,-518
123000219,664,83,581
123000220,521,84,437
123000221,191,96,95
123000222,268,205,63
123000223,239,200,39
123000224,397,337,60
123000225,283,76,207
123000226,81,213,-132
123000227,81,230,-149
123000228,208,50,158
123000229,860,1156,-296
123000232,81,377,-296
123000233,683,130,553
123000234,106,476,-370
123000235,1064,242,822
123000236,224,583,-359
123000237,315,73,242
123000238,73,324,-251
123000239,371,855,-484
123000240,55,409,-354
123000241,399,65,334
123000242,87,129,-42
123000243,609,739,-130
123000244,760,719,41
123000245,35,135,-100
123000249,1265,486,779
123000252,807,208,599
123000253,1097,492,605
123000254,600,737,-137
123000255,1017,756,261
123000256,133,462,-329
123000257,1541,1578,-37
123000258,792,863,-71
123000259,361,299,62
123000260,465,313,152
123000261,179,95,84
123000262,96,163,-67
123000263,400,69,331
123000264,178,86,92
123000265,53,136,-83
123000266,547,503,44
123000267,587,309,278
123000268,63,76,-13
123000269,70,51,19
123000270,49,48,1
123000271,71,58,13
123000272,747,263,484
123000273,298,582,-284
123000274,1167,550,617
123000275,223,623,-400
123000278,2027,2358,-331
123000279,125,88,37
123000280,294,290,4
123000281,260,96,164
123000282,79,251,-172
123000283,112,48,64
123000284,94,67,27
123000286,185,335,-150
123000287,489,216,273
123000288,1321,777,544
123000289,441,1000,-559
123000291,207,704,-497
123000294,260,283,-23
123000295,918,778,140
123000296,568,382,186
123000297,746,488,258
123000298,666,286,380
123000299,190,250,-60
123000300,1673,1076,597
123000301,141,197,-56
123000302,108,149,-41
123000303,131,262,-131
123000305,775,904,-129
123000306,118,96,22
123000309,52,54,-2
123000310,39,41,-2
123000311,494,149,345
123000312,473,480,-7
123000313,490,315,175
123000315,205,239,-34
123000316,852,354,498
123000317,196,62,134
123000318,63,190,-127
123000329,13,11,2
123000337,1339,549,790
123000338,254,68,186
123000339,220,84,136
123000340,127,286,-159
123000342,22,108,-86
123000343,27,8,19
123000344,948,391,557
123000345,341,548,-207
123000346,407,62,345
123000352,885,825,60
123000353,46,112,-66
123000354,402,35,367
123000355,0,207,-207
123000356,305,2,303
123000357,3,90,-87
123000359,8,88,-80
123000360,158,58,100
123000361,157,227,-70
123000362,317,68,249
123000363,77,150,-73
123000364,556,544,12
123000365,25,314,-289
123000366,362,1506,-1144
123000367,430,1071,-641
123000370,30,301,-271
123000371,502,22,480
123000372,258,18,240
123000373,11,253,-242
123000374,52,141,-89
123000375,401,30,371
123000376,965,700,265
123000377,264,9,255
123000378,6,155,-149
123000379,1,159,-158
123000380,45,362,-317
123000381,123,56,67
123000382,753,64,689
123000383,125,1149,-1024
123000384,399,75,324
123000385,135,438,-303
123000436,57,898,-841
123000507,127,250,-123
123000508,229,1069,-840
123000517,233,29,204
123000518,21,211,-190
123000519,154,64,90
123000520,42,200,-158
123000521,344,107,237
123000522,103,297,-194
123000541,9,4,5
123000542,0,9,-9
123000565,867,38,829
123000566,321,433,-112
123000567,93,149,-56
123000573,48,653,-605
123000574,613,66,547
123000575,1216,880,336
123000576,753,1008,-255
123000577,42,509,-467
123000578,466,54,412
123000579,1931,5110,-3179
123000580,153,31,122
123000582,327,42,285
123000583,20,208,-188
123000584,198,273,-75
123000585,0,77,-77
123000586,87,19,68
123000596,79,77,2
123000597,51,112,-61
123000602,105,7,98
123000603,849,467,382
123000604,542,546,-4
123000605,743,11,732
123000606,2,382,-380
123000609,10,341,-331
123000610,156,115,41
123000613,33,199,-166
123000614,250,40,210
123000615,84,146,-62
123000616,682,34,648
123000617,105,203,-98
123000618,57,409,-352
123000619,466,40,426
123000620,33,292,-259
123000622,358,16,342
123000624,156,76,80
123000630,1301,427,874
123000631,239,843,-604
123000632,1312,956,356
123000633,0,269,-269
123000634,60,129,-69
123000635,108,89,19
123000636,57,384,-327
123000637,193,24,169
123000638,499,28,471
123000639,798,3824,-3026
123000640,35,371,-336
123000648,1285,861,424
123000649,215,830,-615
123000650,137,58,79
123000651,7,90,-83
123000652,129,2,127
123000653,1,0,1
123900001,998,41,957
123900002,17,994,-977
123900003,156,335,-179
123900005,217,205,12
123900006,256,45,211
124000001,1673,101,1572
124000002,75,1188,-1113
124000003,856,172,684
124000004,80,377,-297
124000005,942,353,589
124000006,195,718,-523
124000007,415,97,318
124000008,4,356,-352
124000009,715,142,573
124000010,202,334,-132
124000011,799,218,581
124000012,203,360,-157
124000017,230,93,137
124000018,134,52,82
124000019,157,108,49
124000020,32,161,-129
124000021,146,99,47
124000022,122,159,-37
124000023,541,185,356
124000024,870,351,519
124000025,575,458,117
124000026,707,355,352
124000027,1299,724,575
124000028,1833,702,1131
124000031,1390,2557,-1167
124000032,1591,813,778
124000033,977,494,483
124000034,521,883,-362
124000035,339,196,143
124000036,165,456,-291
124000037,297,1053,-756
124000038,39,122,-83
124000039,671,469,202
124000040,373,1013,-640
124000041,458,98,360
124000042,107,362,-255
124000043,78,76,2
124000044,90,157,-67
124000045,881,445,436
124000046,296,506,-210
124000047,1557,734,823
124000048,786,899,-113
124000049,1742,559,1183
124000050,733,1189,-456
124000051,902,469,433
124000052,635,688,-53
124000053,601,1504,-903
124000054,835,419,416
124000055,1367,2602,-1235
124000056,1628,1069,559
124000057,1011,525,486
124000058,416,896,-480
124000059,730,1152,-422
124000060,890,549,341
124000061,1410,5445,-4035
124000062,4132,1473,2659
124000063,1181,1332,-151
124000064,1649,1079,570
124000065,144,410,-266
124000066,271,100,171
124000067,186,111,75
124000068,72,107,-35
124000069,619,96,523
124000070,223,386,-163
124000071,242,93,149
124000072,184,316,-132
124000073,752,151,601
124000074,227,545,-318
124000075,300,25,275
124000076,20,131,-111
124000077,1110,791,319
124000078,1756,1210,546
124000079,290,1263,-973
124000080,545,140,405
124000081,174,423,-249
124000082,144,176,-32
124000083,153,156,-3
124000084,80,498,-418
124000085,87,78,9
124000086,30,82,-52
124000087,204,83,121
124000088,177,373,-196
124000089,757,267,490
124000090,199,341,-142
124000091,494,116,378
124000092,144,568,-424
124000093,125,101,24
124000094,84,386,-302
124000095,96,79,17
124000096,178,153,25
124000097,121,199,-78
124000098,55,102,-47
124000099,239,79,160
124000100,54,122,-68
124000101,91,97,-6
124000102,105,48,57
124000103,123,89,34
124000104,81,33,48
124000105,85,96,-11
124000106,119,39,80
124000107,16,176,-160
124000108,37,17,20
124000109,142,112,30
124000110,211,79,132
124000111,252,112,140
124000112,648,482,166
124000113,105,125,-20
124000114,347,377,-30
124000115,314,581,-267
124000116,91,182,-91
124000117,49,96,-47
124000118,38,76,-38
124000119,846,412,434
124000120,522,471,51
124000121,1789,803,986
124000122,470,1124,-654
124000123,840,419,421
124000124,364,808,-444
124000125,385,394,-9
124000126,310,507,-197
124000127,905,317,588
124000128,496,746,-250
124000129,2085,1420,665
124000130,684,507,177
124000131,780,540,240
124000132,692,672,20
124000133,861,687,174
124000134,788,590,198
124000135,1479,1385,94
124000136,662,830,-168
124000137,921,663,258
124000138,977,940,37
124000139,706,55,651
124000140,66,402,-336
124000141,790,29,761
124000142,47,421,-374
124000143,126,8,118
124000144,12,145,-133
124000145,174,45,129
124000146,40,69,-29
124000148,6,85,-79
124000149,1063,344,719
124000150,282,572,-290
124000151,960,313,647
124000152,795,1014,-219
124000153,691,633,58
124000154,362,588,-226
124000155,1205,809,396
124000156,1299,844,455
124000169,190,401,-211
124000170,396,390,6
124000171,250,184,66
124000172,236,392,-156
124000173,498,148,350
124000174,387,412,-25
124000175,7,69,-62
124000176,36,11,25
124000177,5,42,-37
124000178,58,37,21
124000185,59,13,46
124000186,2,44,-42
124000187,5,67,-62
124000188,89,9,80
124000190,72,41,31
124000191,123,233,-110
124000192,876,305,571
124000193,170,769,-599
124000194,430,354,76
124000195,355,509,-154
124000196,810,766,44
124000197,40,31,9
124000198,38,49,-11
124000201,215,605,-390
124000202,507,222,285
124000203,378,354,24
124000204,887,259,628
124000205,87,342,-255
124000206,633,268,365
124000207,0,31,-31
124000209,172,233,-61
124000210,546,157,389
124000211,691,4,687
124000212,1,248,-247
124000213,427,182,245
124000214,460,355,105
124000215,322,17,305
124000216,2,280,-278
124000329,94,987,-893
124000338,93,534,-441
124000339,1021,67,954
124000341,1379,61,1318
124000344,55,22,33
124000357,1579,3092,-1513
124000358,1528,2404,-876
124000359,1172,723,449
124000360,899,482,417
124000361,1375,746,629
124000362,953,1263,-310
124000363,296,365,-69
124000364,466,787,-321
124000365,597,1030,-433
124000366,1541,1467,74
124000367,113,325,-212
124000368,440,387,53
124000369,152,118,34
124000370,53,391,-338
124000402,25,14,11
124000403,155,18,137
124000404,11,104,-93
124000405,952,583,369
124000406,695,627,68
124000407,5,31,-26
124000411,14,276,-262
124000412,451,5,446
124000413,115,26,89
124000414,61,92,-31
124000415,91,105,-14
124000416,177,155,22
124000417,216,128,88
124000418,222,66,156
124000419,93,94,-1
124000420,71,48,23
124000421,52,127,-75
124000422,35,12,23
124000423,107,35,72
124000424,9,98,-89
124000425,170,10,160
124000426,11,184,-173
124000427,184,9,175
124000428,6,76,-70
124000429,67,56,11
124000430,748,355,393
124000431,267,365,-98
124000432,205,656,-451
124000439,6,3,3
124000443,0,5,-5
124000445,259,1156,-897
124000446,1100,393,707
124000447,45,121,-76
124000448,110,15,95
124000449,159,9,150
124000450,37,115,-78
124000451,7,121,-114
124000452,258,67,191
124000453,2679,3410,-731
124000454,2018,4529,-2511
124900001,607,309,298
124900002,108,210,-102
124900003,1150,444,706
124900004,649,238,411
124900005,213,83,130
124900006,680,223,457
124900008,921,504,417
124900009,130,257,-127
124900010,159,121,38
124900011,442,285,157
124900012,386,89,297
124900013,473,155,318
124900014,210,57,153
124900015,109,274,-165
124900016,77,78,-1
124900017,381,1447,-1066
124900018,76,14,62
124900020,74,46,28
124900021,272,48,224
124900022,53,7,46
124900024,274,13,261
124900026,155,8,147
124900027,130,360,-230
124900028,284,67,217
124900029,24,413,-389
124900030,5,85,-80
124900031,38,154,-116
124900032,249,176,73
124900033,101,215,-114
124900034,7,115,-108
124900035,119,309,-190
124900036,4,82,-78
124900037,212,174,38
124900038,184,207,-23
124900039,1,170,-169
124900040,114,107,7
124900041,232,687,-455
124900042,133,4,129
124900043,487,652,-165
124900044,83,2,81
124900045,400,964,-564
124900047,125,130,-5
124900048,239,93,146
124900050,157,116,41
124900052,94,309,-215
124900053,96,268,-172
124900054,1151,352,799
124900055,1,143,-142
124900057,4,75,-71
124900060,64,152,-88
124900061,83,8,75
124900062,221,19,202
124900066,0,13,-13
124900067,11,96,-85
124900068,190,447,-257
124900070,85,182,-97
124900072,115,34,81
124900075,210,190,20
124900076,38,1114,-1076
124900077,39,75,-36
124900078,55,10,45
124900079,311,162,149
124900080,271,394,-123
124900081,1118,263,855
124900082,292,634,-342
124900083,243,380,-137
124900085,717,416,301
124900086,57,1311,-1254
124900087,554,66,488
124900088,457,66,391
124900089,948,27,921
124900090,269,178,91
124900091,254,199,55
124900092,188,135,53
124900093,315,120,195
124900094,438,187,251
124900095,52,349,-297
124900096,364,212,152
124900097,389,70,319
124900098,144,242,-98
124900099,381,388,-7
124900100,305,43,262
124900101,87,204,-117
124900102,247,16,231
124900103,129,165,-36
124900104,66,123,-57
124900105,155,98,57
124900106,369,33,336
124900107,107,10,97
124900108,173,57,116
124900111,21,161,-140
124900112,45,359,-314
124900113,106,287,-181
124900114,125,203,-78
124900115,72,24,48
124900116,204,144,60
124900117,237,172,65
124900118,105,430,-325
124900119,312,129,183
124900120,32,291,-259
124900121,74,358,-284
124900122,204,191,13
124900123,273,136,137
124900124,144,298,-154
124900125,177,3,174
124900126,1,116,-115
204000001,164,12,152
204000002,19,8,11
204000003,15,3,12
204000004,6,2,4
204000005,711,536,175
204000006,1271,1319,-48
204000011,12,31,-19
204000012,54,108,-54
204000019,688,406,282
204000020,688,932,-244
204000021,2542,845,1697
204000022,619,447,172
204000023,506,555,-49
204000031,80,10,70
204000032,406,29,377
204000034,61,130,-69
204000035,2,5,-3
204000036,1,10,-9
204000037,2,22,-20
204000038,4,8,-4
204000039,1,16,-15
204000040,0,11,-11
204000041,7,19,-12
204000042,40,3,37
204000043,54,0,54
204000044,38,4,34
204000045,55,1,54
204000046,8,5,3
204000057,9,11,-2
204000062,23,45,-22
204000068,33,279,-246
204000069,82,372,-290
204000070,102,120,-18
204000080,81,67,14
204000085,2095,1140,955
204000086,2008,1523,485
204000087,65,15,50
204000088,8,115,-107
204000090,101,224,-123
204000093,390,60,330
204000096,869,923,-54
204000097,368,28,340
204000099,1024,1514,-490
204000100,1213,1847,-634
204000105,2061,1132,929
204000110,505,1255,-750
204000111,480,675,-195
204000112,1246,2035,-789
204000113,432,1133,-701
204000114,598,685,-87
204000115,574,380,194
204000116,2184,1636,548
204000119,1901,2471,-570
204000132,810,414,396
204000133,1116,217,899
204000134,309,86,223
204000135,888,105,783
204000136,950,212,738
204000138,453,679,-226
204000140,275,166,109
204000141,181,65,116
204000144,10,31,-21
204000145,468,23,445
204000146,21,249,-228
204000147,34,198,-164
204000148,240,36,204
204000154,8,5,3
204000155,0,7,-7
204000177,71,47,24
204000179,16,11,5
204000180,0,30,-30
204000222,2,7,-5
204000235,16,8,8
204000236,52,230,-178
204000238,21,19,2
204000240,361,65,296
204000263,657,870,-213
204000268,942,682,260
204000308,99,33,66
204000317,14,63,-49
204000322,7,35,-28
204000323,7,4,3
204000328,198,78,120
204000329,77,188,-111
204000330,178,57,121
204000331,132,144,-12
205000001,875,1511,-636
205000013,2,80,-78
205000014,13,90,-77
205000015,35,145,-110
205000016,16,127,-111
205000017,20,69,-49
205000022,317,772,-455
205000025,1266,1005,261
205000029,238,6,232
205000045,164,596,-432
205000046,180,860,-680
205000047,69,521,-452
205000048,353,864,-511
205000049,141,696,-555
205000050,869,322,547
205000059,1,185,-184
205000060,1,82,-81
205000061,4,87,-83
205000062,3,84,-81
205000063,18,128,-110
205000064,37,76,-39
205000065,60,433,-373
205000066,109,630,-521
205000067,34,780,-746
205000069,323,17,306
205000082,148,135,13
205000110,77,252,-175
205000111,261,210,51
205000112,143,151,-8
205000113,170,332,-162
205000121,241,22,219
205000123,31,159,-128
205000126,481,76,405
205000127,923,111,812
205000128,440,49,391
205000129,717,42,675
205000130,114,20,94
205000131,72,10,62
205000132,117,6,111
205000133,87,1,86
205000134,270,0,270
205000137,60,113,-53
205000138,112,236,-124
205000139,26,102,-76
205000144,68,69,-1
205000145,302,160,142
205000151,117,28,89
205000152,180,12,168
205000153,226,38,188
205000154,96,33,63
205000155,106,10,96
205000207,15,174,-159
205000233,30,1,29
205000234,0,1,-1
205000243,0,0,0
205000244,0,4,-4
205000245,6,141,-135
205000249,1,14,-13
205000250,4,1,3
205000264,5,94,-89
206000027,3,3,0
206000028,2,3,-1
206000043,7,35,-28
206000053,3,0,3
206000054,2,38,-36
206000055,1,15,-14
206000075,8,27,-19
206000076,28,23,5
206000077,16,8,8
206000078,17,7,10
206000079,12,25,-13
206000082,376,38,338
206000100,27,365,-338
206000103,15,10,5
206000104,18,29,-11
206000105,10,7,3
206000106,16,24,-8
206000125,82,0,82
206000157,42,412,-370
206000170,0,108,-108
206000171,1,126,-125
206000172,13,242,-229
206000173,3,127,-124
206000174,11,49,-38
206000175,3,61,-58
206000176,13,90,-77
206000177,0,84,-84
206000178,1,158,-157
206000179,2,81,-79
206000180,15,121,-106
206000181,1,79,-78
206000182,8,79,-71
206000183,11,304,-293
206000184,7,188,-181
206000185,8,82,-74
206000186,107,597,-490
206000223,3,161,-158
206000226,23,4,19
206000227,21,2,19
206000237,41,223,-182
206000238,20,357,-337
206000239,155,1263,-1108
206000240,2,40,-38
206000241,0,54,-54
206000242,6,146,-140
206000243,12,100,-88
206000244,50,401,-351
206000245,827,42,785
206000246,256,11,245
206000247,218,6,212
206000248,374,16,358
206000252,45,37,8
206000258,19,52,-33
206000315,25,6,19
206000317,594,109,485
206000318,579,76,503
206000319,1494,127,1367
206000320,243,27,216
206000321,226,13,213
206000322,425,18,407
206000323,178,10,168
206000324,151,16,135
206000325,186,18,168
206000326,192,15,177
206000327,158,16,142
206000328,167,10,157
206000329,269,7,262
206000330,65,10,55
206000331,225,5,220
206000332,50,5,45
206000333,636,6,630
206000334,293,13,280
206000335,0,18,-18
206000361,5,140,-135
206000392,4,11,-7
206000405,135,4,131
206000441,43,20,23
206000498,33,0,33
206000515,54,38,16
206000530,370,65,305
206000531,255,224,31
206000532,1894,293,1601
206000535,173,1408,-1235
206000536,15,142,-127
206000537,6,138,-132
206000613,1671,258,1413
206000784,443,34,409
207000001,116,576,-460
207000002,112,366,-254
207000003,186,136,50
207000007,1191,257,934
207000008,138,10,128
207000009,86,73,13
207000010,450,372,78
207000012,369,221,148
207000015,250,984,-734
207000019,229,62,167
207000021,432,154,278
207000022,144,112,32
207000023,191,44,147
207000024,3,17,-14
207000025,29,74,-45
207000026,84,52,32
207000027,28,73,-45
207000028,45,157,-112
207000029,198,402,-204
207000033,230,393,-163
207000034,258,91,167
207000039,471,115,356
207000040,425,77,348
207000041,82,42,40
207000042,179,41,138
207000043,232,144,88
207000051,106,154,-48
207000052,63,103,-40
207000053,404,456,-52
207000054,65,101,-36
207000055,199,81,118
207000056,335,286,49
207000057,174,364,-190
207000058,193,277,-84
207000059,172,363,-191
207000060,90,171,-81
207000061,252,577,-325
207000062,341,39,302
207000063,381,99,282
207000064,375,93,282
207000065,304,228,76
207000066,222,159,63
207000067,52,94,-42
207000068,159,62,97
207000069,706,312,394
207000082,9,207,-198
207000083,81,222,-141
207000084,319,292,27
207000085,238,24,214
207000086,256,6,250
207000106,64,35,29
207000107,109,21,88
207000108,79,10,69
207000109,47,11,36
207000110,52,95,-43
207000111,94,124,-30
207000112,123,655,-532
207000114,16,34,-18
207000115,23,45,-22
207000116,22,416,-394
207000117,10,51,-41
207000118,8,81,-73
207000119,19,56,-37
207000123,138,20,118
207000124,70,24,46
207000125,53,32,21
207000126,64,54,10
207000134,95,197,-102
207000135,25,165,-140
207000148,66,290,-224
207000149,49,24,25
207000152,122,364,-242
207000153,850,1200,-350
207000154,301,155,146
207000159,114,155,-41
207000160,131,282,-151
207000238,0,167,-167
207000242,2,144,-142
207000248,32,21,11
207000249,100,22,78
207000250,431,48,383
207000251,169,62,107
207000252,84,54,30
207000278,133,87,46
207000279,23,95,-72
207000280,715,72,643
207000281,135,651,-516
207000282,170,121,49
207000283,77,262,-185
207000284,60,297,-237
207000285,112,91,21
207000291,18,82,-64
207000304,100,64,36
207000306,85,294,-209
207000310,90,81,9
207000353,269,5,264
207000356,27,23,4
207000357,13,27,-14
207000358,12,47,-35
207000415,2,165,-163
207000417,63,4,59
207000418,147,136,11
207000438,0,2,-2
207000439,755,661,94
207000446,194,13,181
207000460,30,9,21
207000466,181,124,57
207000467,294,99,195
207000468,71,239,-168
207000476,3,43,-40
207000477,546,37,509
207000478,3,56,-53
207000523,0,13,-13
207000524,100,0,100
207000527,143,136,7
207000530,490,14,476
207000531,337,16,321
207000532,47,21,26
207000534,278,56,222
207000535,44,307,-263
207000537,30,93,-63
207000540,12,152,-140
207000541,4,244,-240
207000548,14,182,-168
207000549,475,21,454
207000561,174,177,-3
207000562,31,145,-114
207000567,229,224,5
207000568,352,86,266
207000569,626,717,-91
207000584,241,126,115
207000585,40,390,-350
207000587,186,19,167
207000616,0,76,-76
207000617,116,0,116
207000624,67,34,33
207000631,4,86,-82
207900008,326,115,211
208000001,528,1132,-604
208000002,718,558,160
208000003,1221,368,853
208000004,1298,695,603
208000005,5,27,-22
208000019,564,784,-220
208000020,171,445,-274
208000021,263,248,15
208000022,1143,453,690
208000028,950,1035,-85
208000033,597,525,72
208000034,1033,1169,-136
208000037,223,13,210
208000040,186,121,65
208000041,862,502,360
208000042,1157,516,641
208000047,149,202,-53
208000064,1963,1403,560
208000066,1196,2269,-1073
208000070,362,375,-13
208000071,371,609,-238
208000072,336,906,-570
208000080,327,347,-20
208000081,464,130,334
208000082,284,177,107
208000083,121,310,-189
208000084,11,24,-13
208000085,803,577,226
208000086,424,986,-562
208000087,328,662,-334
208000089,1079,309,770
208000090,1038,466,572
208000093,119,208,-89
208000094,528,341,187
208000095,587,410,177
208000104,918,698,220
208000105,615,761,-146
208000114,98,315,-217
208000115,440,260,180
208000116,596,1015,-419
208000117,105,176,-71
208000118,95,134,-39
208000155,580,902,-322
208000158,1386,3340,-1954
208000186,2887,3979,-1092
208000204,627,927,-300
208000205,1290,770,520
208000282,4431,2732,1699
209000004,374,175,199
209000005,43,43,0
209000006,387,181,206
209000007,249,297,-48
209000010,347,94,253
209000011,114,193,-79
209000012,167,130,37
209000013,193,225,-32
209000014,447,677,-230
209000025,370,51,319
209000026,568,133,435
209000027,367,562,-195
209000028,275,476,-201
209000029,381,414,-33
209000030,406,760,-354
209000031,1765,1409,356
209000034,198,260,-62
209000035,159,237,-78
209000036,249,123,126
209000037,325,223,102
209000038,165,191,-26
209000039,69,168,-99
209000040,227,452,-225
209000041,173,388,-215
209000042,224,317,-93
209000043,560,827,-267
209000044,169,790,-621
209000045,1121,340,781
209000046,504,356,148
209000047,309,171,138
209000048,555,270,285
209000049,81,67,14
209000050,154,110,44
209000051,244,185,59
209000052,134,156,-22
209000062,58,50,8
209000063,50,45,5
209000064,44,89,-45
209000065,106,23,83
209000066,87,29,58
209000067,105,38,67
209000080,18,144,-126
209000082,69,53,16
209000091,38,77,-39
209000093,31,17,14
209000094,146,151,-5
209000110,26,151,-125
209000111,552,1317,-765
209000112,912,552,360
209000113,1445,510,935
209000114,697,414,283
209000115,47,73,-26
209000116,391,254,137
209000118,10,26,-16
209000119,14,14,0
209000121,112,359,-247
209000135,81,237,-156
209000142,605,1550,-945
209000143,53,43,10
209000144,33,100,-67
209000229,234,130,104
209000240,33,223,-190
209000259,70,73,-3
209000260,40,661,-621
209000261,5,363,-358
209000262,1,285,-284
209000263,0,140,-140
209000264,0,127,-127
209000265,367,12,355
209000266,88,3,85
209000267,845,5,840
209000268,566,42,524
210000037,79,25,54
210000047,78,11,67
210000048,95,18,77
210000049,32,11,21
210000052,47,33,14
210000053,35,38,-3
210000054,33,67,-34
210000070,134,2,132
210000071,90,1,89
210000072,42,0,42
210000073,0,18,-18
210000074,1,105,-104
210000075,4,106,-102
210000076,16,129,-113
210000077,5,39,-34
210000078,21,32,-11
210000079,34,9,25
210000080,119,98,21
210000081,141,12,129
210000082,114,0,114
210000083,66,3,63
210000084,60,0,60
210000085,0,40,-40
210000086,0,73,-73
210000099,28,222,-194
210000100,36,139,-103
210000101,82,154,-72
210000105,20,154,-134
210000159,1,163,-162
210000163,82,181,-99
210000164,209,177,32
210000168,184,53,131
210000187,0,17,-17
210000188,2,22,-20
210000214,10,0,10
210000219,35,45,-10
210000220,123,60,63
210000232,4,22,-18
210000233,36,38,-2
210000234,26,83,-57
210000235,49,62,-13
210000245,1,47,-46
210000246,15,0,15
210000258,10,66,-56
210000259,304,57,247
210000282,70,246,-176
210000285,0,85,-85
210000286,21,102,-81
210000290,6,21,-15
210000295,30,101,-71
210000296,31,49,-18
210000320,168,71,97
210000321,140,43,97
210000338,55,55,0
210000339,226,1138,-912
210000340,83,341,-258
210000341,207,282,-75
210000342,225,187,38
210000343,183,155,28
210000344,140,124,16
210000345,144,200,-56
210000346,61,107,-46
210000347,44,34,10
210000348,106,40,66
210000349,52,20,32
210000350,141,92,49
210000351,179,113,66
210000352,53,55,-2
210000353,54,75,-21
210000354,88,84,4
210000355,52,82,-30
210000356,26,78,-52
210000357,60,87,-27
210000358,222,214,8
210000359,82,104,-22
210000360,188,119,69
210000361,199,160,39
210000362,274,144,130
210000363,708,300,408
210000364,118,123,-5
210000365,134,73,61
210000366,132,59,73
210000367,88,34,54
210000368,182,27,155
210000369,35,45,-10
210000370,45,40,5
210000372,18,26,-8
210000373,27,29,-2
210000374,81,66,15
210000375,45,57,-12
210000376,43,109,-66
210000404,57,130,-73
210000439,44,27,17
210000472,74,6,68
210000482,70,79,-9
210000564,331,274,57
210000567,2,41,-39
210000568,312,2,310
211000092,57,34,23
211000094,17,10,7
211000169,207,8,199
211000172,5,259,-254
211000209,4,17,-13
211000226,14,40,-26
211000270,37,11,26
211000275,17,13,4
211000276,75,14,61
211000279,11,25,-14
211000281,47,28,19
211000302,26,51,-25
211507980,3,65,-62
211977296,43,3,40
212000003,124,40,84
212000004,29,39,-10
212000005,12,44,-32
212000006,40,52,-12
212000008,199,129,70
212000009,42,102,-60
212000012,96,61,35
212000013,44,50,-6
212000014,265,179,86
212000015,232,206,26
212000016,442,398,44
212000027,511,389,122
212000028,350,358,-8
212000029,239,233,6
212000030,66,36,30
212000031,61,47,14
212000048,53,124,-71
212000049,22,96,-74
212000050,13,8,5
212000051,207,167,40
212000052,200,205,-5
212000053,370,378,-8
212000054,279,92,187
212000055,287,184,103
212000056,16,30,-14
212000057,14,26,-12
212000058,227,43,184
212000070,105,147,-42
212000077,174,432,-258
212000099,334,234,100
212000108,185,147,38
212000111,246,106,140
212000120,112,50,62
212000138,130,26,104
212000156,9,79,-70
212000158,20,15,5
212000159,506,48,458
212000160,683,260,423
212000161,90,13,77
212000310,35,10,25
212000311,18,74,-56
212000374,29,6,23
213000001,35,283,-248
213000005,320,138,182
213000006,751,294,457
213000007,120,19,101
213000009,739,415,324
213000010,190,232,-42
213000011,178,129,49
213000012,135,218,-83
213000014,92,20,72
213000015,263,10,253
213000016,487,2,485
213000017,76,2,74
213000018,3,119,-116
213000019,1,123,-122
213000020,94,218,-124
213000021,6,110,-104
213000023,436,242,194
213000033,331,1413,-1082
213000034,825,217,608
213000035,135,162,-27
213000045,189,264,-75
213000046,204,158,46
213000047,636,1212,-576
213000056,140,28,112
213000069,121,1,120
213000073,0,62,-62
213000074,69,374,-305
213000075,528,4,524
213000076,39,0,39
213000085,7,36,-29
213000086,13,119,-106
213000091,244,11,233
213000092,103,11,92
213000099,158,1142,-984
213000100,960,264,696
213000101,502,103,399
213000102,579,178,401
213000103,878,633,245
213000104,56,295,-239
213000105,8,216,-208
213000106,34,106,-72
213000107,196,375,-179
213000108,55,322,-267
213000109,6,189,-183
213000110,20,67,-47
213000111,9,84,-75
213000112,99,109,-10
213000115,72,6,66
213000116,34,314,-280
213000117,12,553,-541
213000118,385,235,150
213000119,36,506,-470
213000120,114,354,-240
213000122,147,430,-283
213000123,284,815,-531
213000124,98,886,-788
213000125,173,21,152
213000126,41,144,-103
213000127,105,202,-97
213000128,338,903,-565
213000129,318,695,-377
213000130,572,370,202
213000132,400,104,296
213000133,570,97,473
213000134,848,35,813
213000136,537,28,509
213000137,578,80,498
213000139,339,30,309
213000147,71,16,55
213000148,31,18,13
213000149,21,9,12
213000150,2,190,-188
213000151,3,129,-126
213000152,1,96,-95
213000153,6,111,-105
213000154,36,197,-161
213000155,31,187,-156
213000156,77,320,-243
213000157,524,341,183
213000158,320,761,-441
213000159,444,439,5
213000163,1027,99,928
213000165,892,287,605
213000171,50,90,-40
213000172,68,182,-114
213000173,26,137,-111
213000174,3,75,-72
213000175,51,61,-10
213000176,16,96,-80
213000177,46,21,25
213000178,136,20,116
213000179,227,47,180
213000180,255,88,167
213000184,86,320,-234
213000188,343,94,249
213000189,367,46,321
213000190,646,634,12
213000191,303,260,43
213000192,196,247,-51
213000193,720,232,488
213000194,3,65,-62
213000195,23,303,-280
213000196,227,1086,-859
213000197,433,496,-63
213000198,68,5,63
213000200,96,598,-502
213000201,52,45,7
213000202,8,461,-453
213000203,2850,617,2233
213000204,804,81,723
213000205,233,76,157
213000206,419,35,384
213000207,140,13,127
213000208,79,2,77
213000209,153,12,141
213000210,311,11,300
213000211,7,22,-15
213000212,19,43,-24
213000213,18,58,-40
213000218,238,386,-148
213000219,489,14,475
213000220,370,12,358
213000223,164,259,-95
213000224,66,54,12
213000225,70,14,56
213000226,78,9,69
213000227,924,209,715
213000228,450,93,357
213000229,187,27,160
213000230,580,34,546
213000232,37,1005,-968
213000233,19,110,-91
213000234,4,63,-59
213000293,18,113,-95
213000294,186,30,156
213000295,10,101,-91
213000296,73,13,60
213000297,10,72,-62
213000298,15,75,-60
213000299,45,29,16
213000300,24,4,20
213000303,9,37,-28
213000304,5,20,-15
213000305,7,19,-12
213000306,38,30,8
213000307,110,72,38
213000308,91,135,-44
213000309,113,62,51
213000310,308,199,109
213000311,244,606,-362
213000315,72,72,0
213000316,169,70,99
213000322,55,33,22
213000323,62,47,15
213000340,142,412,-270
213000341,580,101,479
213000346,233,227,6
213000347,596,459,137
213000348,9,112,-103
213000349,11,10,1
213000350,265,764,-499
213000366,92,269,-177
213000367,248,20,228
213000379,76,59,17
213000386,10,301,-291
213000406,95,375,-280
213000417,1218,392,826
213000425,183,24,159
213000426,186,61,125
213000427,61,131,-70
213000428,76,143,-67
213000429,3,3,0
213000430,134,475,-341
213000431,59,6,53
213000432,3,60,-57
213000433,22,113,-91
213000434,92,85,7
213000435,145,89,56
213000439,33,8,25
213000441,4,2,2
213000443,353,292,61
213000445,0,81,-81
213000446,0,48,-48
213000447,2,32,-30
213000448,7,123,-116
213000449,375,8,367
213000450,14,49,-35
213000451,207,56,151
213000452,33,14,19
213000453,40,203,-163
213000455,477,25,452
213000456,0,383,-383
213000481,6,6,0
213000482,36,2,34
213000489,225,62,163
213000491,3,202,-199
213000492,204,11,193
213000493,1,126,-125
213000494,239,106,133
213000495,0,63,-63
213000496,318,114,204
213000497,24,235,-211
213000498,151,133,18
213000499,172,301,-129
213000500,468,59,409
213000501,141,34,107
213000502,148,80,68
213000503,2,46,-44
213000504,6,42,-36
213000505,8,12,-4
213000506,0,3,-3
213000507,6,141,-135
213900244,63,1,62
213900245,0,17,-17
218000003,20,57,-37
218000004,30,43,-13
218000005,46,36,10
218000006,37,23,14
218000007,10,11,-1
218000012,164,159,5
218000013,109,148,-39
218000014,351,404,-53
218000019,716,498,218
218000020,288,414,-126
218000040,4,3,1
218000046,48,129,-81
218000047,12,149,-137
218000048,46,113,-67
218000049,70,119,-49
218000050,286,230,56
218000051,79,239,-160
218000052,5,133,-128
218000053,7,18,-11
218000054,14,99,-85
218000055,5,27,-22
218000056,35,46,-11
218000057,3,30,-27
218000064,10,11,-1
218000065,88,36,52
218000066,8,54,-46
218000067,41,68,-27
218000068,118,76,42
218000069,221,159,62
218000070,167,237,-70
218000071,194,220,-26
218000072,244,171,73
218000078,992,527,465
218000079,115,54,61
218000080,134,54,80
218000081,428,156,272
218000082,60,72,-12
218000083,72,47,25
218000084,188,88,100
218000085,182,196,-14
218000086,94,110,-16
218000087,160,133,27
218000090,18,128,-110
218000091,1098,524,574
218000092,87,143,-56
218000093,75,58,17
218000094,511,531,-20
218000099,270,665,-395
218000100,261,279,-18
218000101,235,156,79
218000102,527,219,308
218000103,90,112,-22
218000104,97,25,72
218000105,27,28,-1
218000106,18,5,13
218000107,79,51,28
218000108,12,34,-22
218000112,33,39,-6
218000117,49,40,9
218000134,533,422,111
218000135,27,68,-41
218000136,123,113,10
218000137,178,110,68
218000138,33,74,-41
218000139,182,252,-70
218000140,423,272,151
218000141,82,51,31
218000142,204,144,60
218000143,150,281,-131
218000144,66,84,-18
218000145,391,231,160
218000146,74,145,-71
218000151,11,5,6
218000152,80,49,31
218000170,11,35,-24
218000171,31,5,26
218000172,12,12,0
218000173,37,13,24
218000174,28,8,20
218000176,143,32,111
218000177,261,171,90
218000178,56,156,-100
218000179,103,51,52
218000180,73,32,41
218000181,162,42,120
218000187,7,21,-14
218000188,24,47,-23
218000189,23,51,-28
218000190,4,7,-3
218000191,201,60,141
218000192,174,144,30
218000193,455,257,198
218000194,109,211,-102
218000195,92,46,46
218000196,327,190,137
218000197,329,201,128
218000198,35,105,-70
218000199,51,28,23
218000200,90,37,53
218000201,23,13,10
218000202,87,281,-194
218000207,4,22,-18
218000208,33,56,-23
218000211,48,28,20
218000213,108,99,9
218000214,4,24,-20
218000215,42,63,-21
218000217,5,105,-100
218000218,129,51,78
218000219,8,29,-21
218000220,70,285,-215
218000221,374,167,207
218000222,6,45,-39
218000223,30,304,-274
218000224,15,132,-117
218000225,131,13,118
218000226,92,40,52
218000232,46,51,-5
218000239,211,23,188
218000240,28,8,20
218000241,84,4,80
218000242,93,2,91
218000243,145,28,117
218000244,77,1,76
218000245,13,1,12
218000246,16,0,16
218000247,15,0,15
218000248,0,26,-26
218000249,1,7,-6
218000250,3,10,-7
218000251,7,57,-50
218000252,3,113,-110
218000253,5,86,-81
218000254,0,46,-46
218000255,3,52,-49
218000256,18,109,-91
218000267,487,986,-499
218000268,12,42,-30
218000269,1,8,-7
218000270,133,51,82
218000271,22,47,-25
218000273,28,7,21
218000274,12,5,7
218000275,28,30,-2
218000276,14,41,-27
218000278,26,31,-5
218000279,106,53,53
218000280,14,42,-28
218000281,14,25,-11
218000282,458,524,-66
218000284,92,9,83
218000301,80,104,-24
218000302,105,58,47
218000303,24,86,-62
218000316,695,910,-215
218000317,1173,731,442
218000318,794,500,294
218000319,1142,737,405
218000320,946,570,376
218000338,79,37,42
218000345,67,117,-50
218000346,37,200,-163
218000459,22,201,-179
218000490,30,44,-14
218000501,96,23,73
218000502,32,57,-25
218000503,118,22,96
218000504,166,32,134
218000505,59,134,-75
218000506,26,222,-196
218000508,8,10,-2
218000510,166,13,153
218000520,112,92,20
218000521,12,49,-37
218000522,0,120,-120
218000523,112,11,101
218000524,29,256,-227
218000525,114,12,102
218000526,17,140,-123
218000529,49,131,-82
218000531,53,17,36
218000532,28,17,11
218000534,159,15,144
218000537,21,64,-43
218000538,119,233,-114
218000540,160,102,58
218000543,152,45,107
218000544,26,52,-26
218000545,52,54,-2
218000546,46,73,-27
218000547,82,144,-62
218000548,120,86,34
218000549,361,445,-84
218000550,190,287,-97
218000551,132,1073,-941
218000552,313,50,263
218000553,53,113,-60
218000554,33,37,-4
218000555,23,49,-26
218000556,192,168,24
218000557,242,160,82
218000558,63,2,61
218000559,0,43,-43
218000560,0,25,-25
218000561,23,0,23
218000562,27,180,-153
218000563,178,15,163
218000564,8,107,-99
218000565,143,16,127
218000566,329,26,303
218000567,1,111,-110
218000568,33,4,29
218000569,12,241,-229
218000570,189,16,173
218000571,1,124,-123
218000572,115,0,115
218000573,17,307,-290
218000574,194,30,164
218000575,122,3,119
218000576,1,73,-72
218000577,110,3,107
218000578,2,79,-77
218000579,48,18,30
218000581,3,35,-32
218000582,42,2,40
218000583,6,0,6
218000584,1,15,-14
218000585,90,2,88
218000586,2,43,-41
218000587,2,1,1
218000588,0,6,-6
218000589,5,2,3
218000590,4,0,4
218000591,3,5,-2
218000592,4,2,2
218000593,11,4,7
218000594,8,1,7
218000597,0,0,0
218000598,0,0,0
218000599,5,1,4
218000600,2,0,2
218000601,2,0,2
218000602,0,3,-3
218000603,0,3,-3
218000604,10,0,10
218000605,1,70,-69
218000606,101,1,100
218000607,13,30,-17
218000608,56,18,38
218000609,5,30,-25
218000610,74,3,71
218000611,24,0,24
218000612,2,24,-22
218000613,36,0,36
218000614,0,37,-37
218000615,229,4,225
218000616,3,90,-87
218000617,16,5,11
218000618,1,17,-16
218000619,24,13,11
218000620,4,17,-13
218000621,0,2,-2
218000622,0,4,-4
218000623,107,2,105
218000624,2,13,-11
218000625,10,0,10
218000626,0,7,-7
218000628,225,44,181
218000631,32,19,13
218000632,0,102,-102
218000633,123,0,123
218000634,5,19,-14
218000635,19,6,13
218000636,795,766,29
218000637,1025,389,636
218000638,221,41,180
218000639,27,127,-100
218000640,247,42,205
218000641,72,204,-132
218000652,25,51,-26
218000653,123,27,96
218000663,22,225,-203
218000675,68,50,18
218000680,232,290,-58
218000681,461,182,279
218000691,207,145,62
218000693,261,164,97
218000718,278,1007,-729
218000719,591,585,6
218000720,17,412,-395
218000721,267,29,238
218001147,3,161,-158
218001214,2,66,-64
218001258,320,12,308
218001329,148,90,58
218001330,146,78,68
218001351,26,20,6
218001352,15,24,-9
218001353,10,11,-1
218001354,16,35,-19
218001355,37,183,-146
218001356,387,21,366
218001357,39,138,-99
218001358,306,15,291
218001361,402,11,391
218001362,2,122,-120
219000001,55,39,16
219000002,34,35,-1
219000003,59,33,26
219000004,51,81,-30
219000017,79,46,33
219000020,150,29,121
219000022,166,1,165
219000023,82,0,82
219000029,0,88,-88
219000034,27,19,8
219000039,37,150,-113
219000040,70,112,-42
219000041,140,43,97
219000051,0,36,-36
219000052,1,30,-29
219000053,3,68,-65
219000055,218,1,217
219000056,7,0,7
219000057,66,0,66
219000062,12,99,-87
219000063,89,9,80
219000064,2,89,-87
219000110,363,179,184
219000111,126,68,58
219000112,198,87,111
219000113,193,38,155
219000114,188,66,122
219000116,112,60,52
219000117,194,49,145
219000118,156,42,114
219000123,210,85,125
219000124,75,51,24
219000125,23,18,5
219000126,71,85,-14
219000127,0,2,-2
219000128,10,139,-129
219000129,19,123,-104
219000130,396,465,-69
219000131,626,907,-281
219000133,39,60,-21
219000134,16,40,-24
219000135,30,56,-26
219000136,125,259,-134
219000138,75,24,51
219000139,52,47,5
219000140,76,0,76
219000141,40,88,-48
219000142,9,55,-46
219000143,16,73,-57
219000145,17,49,-32
219000146,8,18,-10
219000147,3,22,-19
219000148,7,17,-10
219000149,10,82,-72
219000150,2,50,-48
219000151,3,32,-29
219000157,290,112,178
219000158,231,217,14
219000161,111,10,101
219000163,1106,466,640
219000166,162,188,-26
219000167,159,154,5
219000168,285,120,165
219000174,496,160,336
219000175,86,3,83
219000176,112,4,108
219000177,52,0,52
219000178,44,2,42
219000179,19,5,14
219000180,30,28,2
219000182,139,16,123
219000183,97,31,66
219000184,151,21,130
219000185,6,18,-12
219000186,67,32,35
219000187,35,56,-21
219000189,57,215,-158
219000190,57,202,-145
219000191,672,1330,-658
219000192,205,183,22
219000193,202,166,36
219000195,2,48,-46
219000196,9,100,-91
219000198,17,81,-64
219000199,44,235,-191
219000200,32,190,-158
219000201,73,191,-118
219000203,29,133,-104
219000204,97,311,-214
219000205,67,184,-117
219000207,168,203,-35
219000209,25,66,-41
219000210,22,54,-32
219000213,7,106,-99
219000239,175,185,-10
219000240,214,308,-94
219000241,128,132,-4
219000242,42,113,-71
219000243,65,177,-112
219000244,6,56,-50
219000245,33,55,-22
219000246,41,28,13
219000247,179,31,148
219000248,519,482,37
219000249,135,118,17
219000250,145,90,55
219000251,511,324,187
219000252,238,180,58
219000253,643,111,532
219000255,147,128,19
219000256,268,101,167
219000257,138,1,137
219000262,98,137,-39
219000263,53,142,-89
219000267,0,55,-55
219000268,1,5,-4
219000269,3,3,0
219000270,7,1,6
219000271,190,2,188
219000278,0,6,-6
219000279,2,3,-1
219000283,2,11,-9
219000295,10,90,-80
219000296,71,354,-283
219000297,28,101,-73
219000298,20,86,-66
219000299,410,89,321
219000300,29,149,-120
219000301,249,288,-39
219000302,31,307,-276
219000307,32,40,-8
219000308,68,49,19
219000311,206,66,140
219000312,777,166,611
219000313,428,62,366
219000314,50,342,-292
219000315,317,50,267
219000316,592,52,540
219000317,143,13,130
219000320,2,75,-73
219000321,0,9,-9
219000323,3,47,-44
219000325,1,20,-19
219000326,82,63,19
219000327,57,21,36
219000328,44,38,6
219000329,208,160,48
219000330,35,21,14
219000331,67,51,16
219000332,128,91,37
219000333,27,6,21
219000335,71,4,67
219000337,20,4,16
219000338,103,1,102
219000344,10,51,-41
219000345,63,59,4
219000346,47,102,-55
219000348,189,45,144
219000349,44,120,-76
219000350,79,379,-300
219000351,4,5,-1
219000352,204,141,63
219000353,106,70,36
219000354,193,67,126
219000355,131,73,58
219000356,875,1518,-643
219000363,258,101,157
219000364,133,70,63
219000365,114,33,81
219000366,250,422,-172
219000368,307,537,-230
219000370,923,641,282
219000371,22,25,-3
219000382,17,32,-15
219000383,485,1092,-607
219000385,402,430,-28
219000386,630,1299,-669
219000387,1,12,-11
219000390,5,0,5
219000391,3,1,2
219000397,45,47,-2
219000398,66,89,-23
219000401,14,74,-60
219000402,56,115,-59
219000403,160,319,-159
219000404,24,124,-100
219000407,5,42,-37
219000409,57,40,17
219000410,213,56,157
219000411,72,19,53
219000446,116,291,-175
219000447,1,32,-31
219000448,8,12,-4
219000452,111,131,-20
219000453,79,191,-112
219000454,158,317,-159
219000556,288,112,176
219000558,284,137,147
219000590,31,123,-92
219000591,87,170,-83
219000592,82,299,-217
219000595,1,10,-9
219000635,237,69,168
219000636,56,99,-43
219000657,15,11,4
219000658,15,137,-122
219000673,0,17,-17
219000676,3,0,3
219000679,28,6,22
219000684,111,0,111
219000685,0,24,-24
219000686,0,8,-8
219000688,1,63,-62
219000689,16,206,-190
219000690,127,10,117
219000691,40,206,-166
219000692,199,19,180
219000693,0,14,-14
219000694,5,0,5
219000695,19,3,16
219000698,25,0,25
219000699,0,12,-12
219000727,1,80,-79
219000728,107,2,105
219000770,72,3,69
219000771,20,61,-41
219000788,339,309,30
219001150,0,13,-13
219001151,1,10,-9
219001166,70,27,43
219001167,1,62,-61
219001178,47,2,45
220000001,43,85,-42
220000002,12,90,-78
220000003,296,191,105
220000004,338,378,-40
220000005,851,1312,-461
220000006,193,601,-408
220000007,353,370,-17
220000008,290,607,-317
220000009,213,319,-106
220000010,179,71,108
220000011,428,2993,-2565
220000012,120,216,-96
220000014,127,56,71
220000015,55,233,-178
220000017,85,203,-118
220000018,3214,701,2513
220000019,93,310,-217
220000020,399,236,163
220000021,896,180,716
220000022,840,342,498
220000023,456,140,316
220000024,1455,429,1026
220000025,604,1006,-402
220000026,257,325,-68
220000027,43,103,-60
220000028,76,62,14
220000029,45,106,-61
220000030,77,105,-28
220000031,485,430,55
220000064,13,729,-716
221000046,5,0,5
221000047,0,3,-3
221000048,0,7,-7
221000049,0,23,-23
221000050,20,1,19
221000055,44,42,2
221000068,276,166,110
221000069,308,93,215
221000070,190,24,166
221000071,99,13,86
221000072,251,15,236
221000073,184,45,139
221000074,1,13,-12
221000075,21,30,-9
221000076,28,29,-1
221000077,28,126,-98
221000081,52,6,46
221000082,72,8,64
221000083,27,4,23
221000084,2,2,0
221000085,15,40,-25
221000086,15,88,-73
221000087,5,95,-90
221000088,9,128,-119
221000089,39,201,-162
221000090,85,402,-317
221000098,99,12,87
221000099,214,12,202
221000100,92,6,86
221000101,318,25,293
221000103,12,26,-14
221000104,10,51,-41
221000107,34,2,32
221000108,74,26,48
221000111,26,232,-206
221000112,8,166,-158
221000113,15,119,-104
221000114,9,134,-125
221000120,43,25,18
221000121,1,46,-45
221000122,35,38,-3
221000123,14,16,-2
221000124,23,114,-91
221000155,75,18,57
221000156,58,31,27
221000175,6,13,-7
221000176,4,4,0
221000182,83,7,76
221000241,624,299,325
221000242,116,459,-343
221000243,523,220,303
221000244,151,568,-417
221000245,155,121,34
221000246,48,334,-286
221000247,176,114,62
221000248,177,155,22
221000267,54,503,-449
221000325,83,61,22
221000331,10,50,-40
221000338,10,27,-17
221000378,178,28,150
221000381,46,39,7
222000282,11,0,11
222000296,4,21,-17
222000568,350,24,326
222000569,192,34,158
222000570,121,25,96
222000571,361,20,341
222000577,7,101,-94
222000578,32,113,-81
222000579,21,92,-71
222000580,60,643,-583
222000599,0,130,-130
222000600,2,233,-231
222000601,3,693,-690
222000603,10,71,-61
222000604,9,54,-45
222000605,22,35,-13
222000606,1,21,-20
222000607,11,10,1
222000608,25,20,5
222000609,39,106,-67
222000616,374,21,353
222000617,23,28,-5
222000618,29,4,25
222000620,25,14,11
222000621,58,16,42
222000623,417,2,415
222000624,336,4,332
222000625,516,9,507
222000636,52,8,44
222000686,108,16,92
222000687,62,22,40
222001066,243,3,240
222001067,19,1,18
222001068,65,27,38
222001069,66,22,44
222001082,6,13,-7
222001083,17,23,-6
222001084,0,29,-29
222001085,1,94,-93
222001111,39,94,-55
222001112,151,22,129
222001313,48,3,45
222001314,11,96,-85
222001464,188,33,155
222001465,45,82,-37
222001484,112,29,83
222001485,33,26,7
222001494,423,134,289
222001495,80,173,-93
222001496,342,80,262
222001497,133,254,-121
222001502,18,63,-45
222001503,85,30,55
222001504,34,235,-201
222001505,295,13,282
222001506,25,285,-260
222001507,261,33,228
222001510,490,25,465
222001511,34,237,-203
222001514,525,123,402
222001515,153,443,-290
222001518,276,47,229
222001519,47,171,-124
222001527,173,80,93
222001528,51,155,-104
222001529,279,32,247
222001530,46,197,-151
222001533,152,193,-41
222001534,291,57,234
222001535,277,240,37
222001536,29,177,-148
222001537,292,42,250
222001538,76,379,-303
222001563,703,87,616
222001564,59,366,-307
222001568,340,161,179
222001576,0,5,-5
222001579,1,13,-12
222001583,27,91,-64
222001584,90,14,76
222001596,478,1134,-656
222001597,1640,388,1252
222001626,0,99,-99
222001650,59,124,-65
222001651,64,261,-197
222001914,163,64,99
222001915,27,225,-198
222001968,525,268,257
222001969,368,468,-100
222001970,185,189,-4
222001971,35,11,24
222001972,1,17,-16
225000001,366,135,231
225000002,552,128,424
225000003,625,71,554
225000004,390,164,226
225000005,72,55,17
225000006,0,158,-158
225000007,938,1039,-101
225000010,298,21,277
225000011,254,846,-592
225000012,251,437,-186
225000013,73,90,-17
225000014,609,77,532
225000015,96,116,-20
225000021,648,146,502
225000027,154,369,-215
225000032,698,85,613
225000042,82,427,-345
225000049,36,64,-28
225000050,77,18,59
225000053,6,240,-234
225000058,693,177,516
225000067,185,139,46
225000068,86,208,-122
225000069,107,328,-221
225000070,78,262,-184
225000071,35,97,-62
225000075,26,480,-454
225000076,67,133,-66
225000078,57,39,18
225000085,74,137,-63
225000086,286,54,232
225000087,149,4,145
225000088,5,186,-181
225000089,207,813,-606
225000090,28,325,-297
225000091,161,104,57
225000092,36,51,-15
225000093,201,200,1
225000094,15,180,-165
225000095,261,235,26
225000096,244,335,-91
225000098,692,245,447
225000099,290,150,140
225000100,378,143,235
225000104,93,315,-222
225000110,3,307,-304
225000111,193,735,-542
225000112,225,796,-571
225000113,154,611,-457
225000114,37,232,-195
225000115,1077,550,527
225000116,905,199,706
225000117,647,200,447
225000118,940,162,778
225000119,215,56,159
225000120,526,61,465
225000121,213,19,194
225000123,466,15,451
225000125,372,156,216
225000126,693,158,535
225000127,629,1122,-493
225000128,516,719,-203
225000132,367,25,342
225000133,202,22,180
225000134,617,134,483
225000135,63,7,56
225000136,305,12,293
225000137,212,49,163
225000138,407,82,325
225000143,40,193,-153
225000144,4,227,-223
225000145,24,20,4
225000146,50,82,-32
225000147,36,215,-179
225000148,7,134,-127
225000149,68,299,-231
225000151,39,132,-93
225000155,321,301,20
225000156,144,619,-475
225000157,203,248,-45
225000158,48,143,-95
225000171,17,155,-138
225000180,59,8,51
225000181,0,43,-43
225000182,58,5,53
225000185,10,314,-304
225000187,24,297,-273
225000191,98,2,96
225000194,0,4,-4
225000208,2,32,-30
225000209,89,20,69
225000210,4,195,-191
225000217,0,30,-30
225000218,16,1,15
225000223,0,52,-52
225000224,32,0,32
225000225,0,38,-38
225000226,30,0,30
225000227,30,90,-60
225000228,8,4,4
225000229,0,73,-73
225000230,20,0,20
225000231,1,61,-60
225000232,109,0,109
225000241,93,1,92
225000242,0,28,-28
225000249,10,0,10
225000250,33,452,-419
225000251,357,25,332
226000042,246,362,-116
226000043,54,214,-160
226000044,100,351,-251
226000045,32,238,-206
226000046,447,107,340
226000047,359,121,238
226000048,359,133,226
226000049,274,217,57
226000070,0,52,-52
226000071,0,65,-65
226000072,0,20,-20
226000073,0,3,-3
226000074,0,11,-11
226000084,3,48,-45
226000085,1,7,-6
226000086,6,8,-2
226000087,1,16,-15
226000088,22,12,10
226000090,293,207,86
226000091,10,56,-46
226000092,12,11,1
226000093,33,1,32
226000094,3,6,-3
226000095,19,4,15
226000105,15,1,14
226000106,3,1,2
226000107,7,0,7
226000108,67,0,67
226000109,83,1,82
226000124,80,60,20
226000134,724,410,314
226000135,1341,519,822
226000136,569,361,208
226000137,13,255,-242
226000138,20,186,-166
226000139,1,32,-31
226000156,183,2,181
226000157,314,11,303
226000163,162,164,-2
226000202,8,221,-213
226000231,636,16,620
226000232,30,3,27
227000033,428,79,349
227000036,377,47,330
227000037,352,22,330
227000038,256,51,205
227000049,1,32,-31
227000050,1,67,-66
227000055,92,0,92
227000056,47,5,42
227000084,1,60,-59
227000085,1,47,-46
227000088,40,8,32
227000089,144,1,143
227000090,36,5,31
227000091,29,1,28
227000093,157,0,157
227000094,31,1,30
227000130,59,101,-42
227000131,12,131,-119
227000132,16,157,-141
227000133,12,119,-107
227000134,23,211,-188
227000152,0,14,-14
227000153,0,55,-55
227000155,4,21,-17
227000156,0,7,-7
227000165,8,50,-42
227000196,269,126,143
227000199,318,242,76
227000230,4,201,-197
227000232,307,21,286
227000242,55,357,-302
227000243,446,112,334
227000245,33,275,-242
227000246,93,395,-302
227000247,424,106,318
227000248,158,32,126
227000249,29,134,-105
227000250,380,209,171
227000251,108,248,-140
227000252,29,188,-159
227000253,167,20,147
227000262,499,65,434
227000266,876,26,850
227000267,32,783,-751
227000282,1,99,-98
227000284,367,15,352
227000286,2,41,-39
227000287,18,42,-24
227000291,9,226,-217
227000484,206,16,190
227000485,16,529,-513
227000655,102,8,94
227000656,343,10,333
227000657,67,7,60
227000661,86,20,66
227000680,141,59,82
229000265,19,26,-7
229000296,1,14,-13
229000297,7,26,-19
229000298,4,92,-88
229000320,6,6,0
229000321,11,4,7
229000412,10,43,-33
229000414,12,59,-47
229000415,29,1,28
229000416,2,8,-6
229000417,2,6,-4
229000419,56,263,-207
229000440,323,66,257
229000442,20,2,18
229000443,4,3,1
229000444,6,29,-23
229000445,45,7,38
229000446,37,19,18
229000847,46,0,46
229000848,12,1,11
229000849,124,2,122
229000851,39,0,39
229000854,0,13,-13
229000856,2,70,-68
229000857,0,32,-32
229000858,0,36,-36
229000919,15,79,-64
229000930,2,194,-192
229000937,121,12,109
229000966,83,22,61
229000981,23,21,2
229000985,14,19,-5
229000986,3,3,0
229000987,0,1,-1
229000988,1,0,1
229000989,12,9,3
229000990,3,0,3
229000991,2,2,0
229000992,4,8,-4
229000993,105,6,99
229000998,8,47,-39
229000999,70,10,60
229001034,0,11,-11
229001035,1,0,1
229001037,43,7,36
229001042,6,9,-3
229001047,9,34,-25
229001050,22,47,-25
229001200,31,1,30
229001338,3,13,-10
229001394,245,3,242
229001422,120,8,112
229001423,18,95,-77
229001431,89,54,35
229001432,36,65,-29
229001444,146,34,112
229001445,43,106,-63
229001503,258,98,160
229001504,133,145,-12
229001505,157,35,122
229001506,76,101,-25
229001509,20,23,-3
229001545,89,4,85
229001546,7,72,-65
229001553,122,21,101
229001554,27,56,-29
229001559,4,8,-4
229001560,4,18,-14
229001630,51,4,47
229001631,5,18,-13
229001635,0,17,-17
229001636,11,0,11
229001658,0,85,-85
229001659,49,2,47
229001660,28,2,26
229001661,9,17,-8
229001662,18,0,18
229001663,0,17,-17
229002584,140,96,44
229002831,105,131,-26
229002841,23,26,-3
229002842,9,9,0
229002843,50,13,37
229002844,39,38,1
229002845,15,67,-52
229002846,46,14,32
229002847,2,4,-2
229002848,7,5,2
229002849,0,62,-62
229002850,6,1,5
229002851,26,128,-102
229002852,176,28,148
229002853,137,22,115
229002854,53,44,9
229002855,11,29,-18
229002856,29,16,13
229002857,10,174,-164
229002858,25,2,23
229002859,26,127,-101
229002860,271,10,261
229002861,21,12,9
229002862,19,20,-1
229002863,11,16,-5
229002864,35,21,14
229002865,12,14,-2
229002866,15,5,10
229002867,0,16,-16
229002868,14,17,-3
229002869,12,108,-96
229002870,52,8,44
235000066,337,85,252
235000067,75,90,-15
235000072,22,52,-30
235000073,78,303,-225
235000074,28,43,-15
235000080,19,122,-103
235000081,75,101,-26
235000082,277,53,224
235000083,201,64,137
235000084,37,46,-9
235000085,120,55,65
235000089,17,35,-18
235000092,41,140,-99
235000093,7,1,6
235000097,1,7,-6
235000098,65,20,45
235000099,39,17,22
235000116,46,21,25
235000117,543,9,534
235000133,7,423,-416
235000134,4,163,-159
235000206,5,3,2
235000207,1,1,0
235000208,1,2,-1
235000209,24,0,24
235000210,9,5,4
235000212,9,31,-22
235000213,2,14,-12
235000220,16,7,9
235000221,37,19,18
235000238,5,114,-109
235000239,4,22,-18
235000242,343,844,-501
235000245,617,181,436
235000246,13,66,-53
235000284,6,145,-139
235000295,124,9,115
235000305,265,12,253
235000306,243,11,232
235000307,31,3,28
235000308,18,3,15
235000309,63,0,63
235000310,17,2,15
235000311,89,5,84
235000322,0,20,-20
235000323,0,38,-38
235000324,1,26,-25
235000325,1,9,-8
235000326,4,102,-98
235000351,1,50,-49
235000352,11,40,-29
235000353,1,22,-21
235000354,7,29,-22
235000355,5,78,-73
235000356,79,1,78
235000357,43,5,38
235000358,279,6,273
235000359,19,5,14
235000360,38,14,24
235000361,41,6,35
235000381,97,207,-110
235000382,166,31,135
235000390,20,9,11
235000391,149,17,132
235000392,252,313,-61
235000393,144,191,-47
235000395,121,57,64
235000396,543,80,463
235000400,51,75,-24
235000401,10,110,-100
235000405,77,204,-127
235000406,51,187,-136
235000407,140,84,56
235000409,252,120,132
235000410,94,218,-124
235000411,4,74,-70
235000485,0,8,-8
235000486,6,1,5
235000549,123,87,36
235000550,72,128,-56
235000599,98,58,40
235000600,13,4,9
235000601,21,19,2
235000602,78,55,23
235000614,0,2,-2
235000648,0,18,-18
235000649,38,1,37
235000685,1,4,-3
235000815,69,94,-25
235000834,0,9,-9
235000855,80,78,2
235000862,43,121,-78
235000891,0,12,-12
235000892,13,1,12
235000901,89,75,14
235000907,5,15,-10
235001010,93,59,34
235001029,463,323,140
235001030,353,263,90
235001078,96,103,-7
235001079,89,79,10
235001147,15,47,-32
235001166,40,65,-25
235001167,51,50,1
235001169,14,280,-266
235001188,5,7,-2
235001189,14,2,12
235001197,11,18,-7
235001200,59,39,20
235001207,437,58,379
235001210,87,163,-76
235001215,30,144,-114
235001239,0,29,-29
235001244,0,7,-7
235016267,0,30,-30
277102712,2,0,2
277103813,0,0,0
277103814,0,0,0
277104249,0,1,-1
277104250,0,9,-9
277104251,0,6,-6
277104252,0,2,-2
990011530,1,144,-143
990014944,1,245,-244
990015176,70,5,65
990015618,19,118,-99
990016032,0,156,-156
990032570,1,33,-32
990070001,24,0,24
990070103,0,3,-3
990070601,0,28,-28
990070751,808,5,803
990070766,2,347,-345
990071180,429,147,282
990071343,26,3,23
990071387,0,20,-20
990071823,10,1,9
990072600,1,986,-985
990072964,1,253,-252
990073285,0,6,-6
990074393,1,522,-521
990074870,1507,33,1474
990075106,1445,5,1440
990075746,579,8,571
990076437,1267,4,1263
990076458,0,382,-382
997000007,715,16,699
997000041,0,176,-176
997000058,39,0,39
997000062,65,55,10
997000069,1,1,0
997000070,0,15,-15
997000100,22,1,21
997000141,3,1454,-1451
997000198,261,1658,-1397
998000475,2,30,-28
998000736,1,129,-128
998000965,0,6,-6
998001031,1,50,-49
998001700,0,6,-6
998001899,0,2,-2
998001900,4,3,1
998003073,821,8,813
998101900,0,0,0
998102850,0,245,-245
998501927,1092,925,167
998501929,104,6,98
998501930,59,1,58
998501931,117,5,112
998501932,3,0,3
998501933,39,1,38
998501937,9,6,3
998501944,7,0,7
998501950,0,6,-6
998501970,52,2,50
998501971,0,67,-67
998501973,0,36,-36
998501974,2,189,-187
998501975,93,2,91
998501976,129,4,125
998501977,0,21,-21
998501978,13,0,13
998501979,0,11,-11
998501980,39,1,38
998501981,26,2,24
998501982,0,77,-77
998501983,0,5,-5
998502006,0,0,0
998502024,0,11,-11
998502032,0,0,0
998502062,13,1,12
998502063,0,0,0
998502173,59,2,57
998502269,0,3,-3
998502546,1,119,-118
998502578,3,5,-2
998502599,71,252,-181
998502621,2,0,2
998601159,1,88,-87
998601292,0,26,-26
999033574,3,284,-281
999800001,88,43,45
999800002,0,2,-2
999800003,2,2,0
999800004,0,6,-6
999800005,0,4,-4
