dong,insum,outsum,diff
강남구 개포1동,960,1129,-169
강남구 개포2동,14686,14424,262
강남구 개포4동,10869,8142,2727
강남구 논현1동,25088,22891,2197
강남구 논현2동,16766,16595,171
강남구 대치1동,15527,15671,-144
강남구 대치2동,24765,22026,2739
강남구 대치4동,19684,17778,1906
강남구 도곡1동,15500,14868,632
강남구 도곡2동,6137,6631,-494
강남구 삼성1동,29233,22578,6655
강남구 삼성2동,13564,10786,2778
강남구 세곡동,20934,22310,-1376
강남구 수서동,19555,15799,3756
강남구 신사동,19738,15984,3754
강남구 압구정동,33649,25605,8044
강남구 역삼1동,54137,40545,13592
강남구 역삼2동,21343,15058,6285
강남구 일원1동,10667,7931,2736
강남구 일원2동,3129,2784,345
강남구 일원본동,10828,7875,2953
강남구 청담동,26303,19653,6650
강동구 강일동,11621,13129,-1508
강동구 고덕제1동,5072,5585,-513
강동구 고덕제2동,8056,7948,108
강동구 길동,10407,9543,864
강동구 둔촌제1동,374,246,128
강동구 둔촌제2동,8771,7496,1275
강동구 명일제1동,11873,12148,-275
강동구 명일제2동,10772,7851,2921
강동구 상일동,13939,11866,2073
강동구 성내제1동,7797,6731,1066
강동구 성내제2동,10280,9793,487
강동구 성내제3동,10311,11069,-758
강동구 암사제1동,7397,8380,-983
강동구 암사제2동,2778,3605,-827
강동구 암사제3동,1498,889,609
강동구 천호제1동,3960,6973,-3013
강동구 천호제2동,17628,18495,-867
강동구 천호제3동,6822,8461,-1639
강북구 미아동,20797,17247,3550
강북구 번1동,34955,33239,1716
강북구 번2동,8911,11222,-2311
강북구 번3동,14558,17053,-2495
강북구 삼각산동,5363,8059,-2696
강북구 삼양동,14674,17454,-2780
강북구 송중동,60221,55586,4635
강북구 송천동,21502,26545,-5043
강북구 수유1동,17315,15695,1620
강북구 수유2동,9918,12296,-2378
강북구 수유3동,31497,33468,-1971
강북구 우이동,14333,11379,2954
강북구 월곡제1동,1773,1765,8
강북구 인수동,11957,15102,-3145
강서구 가양제1동,14757,10758,3999
강서구 가양제2동,2814,2899,-85
강서구 가양제3동,2707,3041,-334
강서구 공항동,9766,10834,-1068
강서구 등촌제1동,14763,16105,-1342
강서구 등촌제2동,7085,7891,-806
강서구 등촌제3동,18470,18565,-95
강서구 발산제1동,25679,20515,5164
강서구 방화제1동,9950,11091,-1141
강서구 방화제2동,7717,7902,-185
강서구 방화제3동,1726,1557,169
강서구 염창동,7640,8728,-1088
강서구 우장산동,13358,15198,-1840
강서구 화곡본동,7282,8263,-981
강서구 화곡제1동,26655,29661,-3006
강서구 화곡제2동,4954,5915,-961
강서구 화곡제3동,9446,9459,-13
강서구 화곡제4동,6644,7707,-1063
강서구 화곡제6동,16459,14819,1640
강서구 화곡제8동,12656,10785,1871
관악구 낙성대동,20529,33652,-13123
관악구 난곡동,11512,14660,-3148
관악구 난향동,6905,7902,-997
관악구 남현동,8742,11641,-2899
관악구 대학동,31092,18275,12817
관악구 미성동,18931,23462,-4531
관악구 보라매동,16075,16023,52
관악구 삼성동,16233,23880,-7647
관악구 서림동,16649,14514,2135
관악구 서원동,36151,34295,1856
관악구 성현동,10570,14906,-4336
관악구 신림동,37800,32463,5337
관악구 신사동,9111,11589,-2478
관악구 신원동,4816,4566,250
관악구 은천동,18547,19420,-873
관악구 인헌동,8445,9241,-796
관악구 조원동,23060,23729,-669
관악구 중앙동,7080,5446,1634
관악구 청룡동,20932,14797,6135
관악구 청림동,3262,4786,-1524
관악구 행운동,32353,27330,5023
광진구 광장동,5717,4979,738
광진구 구의제1동,10573,10360,213
광진구 구의제2동,10837,12771,-1934
광진구 구의제3동,11693,9746,1947
광진구 군자동,11404,13211,-1807
광진구 능동,8334,10536,-2202
광진구 자양제1동,3538,3085,453
광진구 자양제2동,13863,15812,-1949
광진구 자양제3동,5339,4856,483
광진구 자양제4동,14834,14479,355
광진구 중곡제1동,5198,5661,-463
광진구 중곡제2동,7663,8976,-1313
광진구 중곡제3동,7158,7002,156
광진구 중곡제4동,5645,7166,-1521
광진구 화양동,14122,13711,411
구로구 가리봉동,9794,9498,296
구로구 개봉제1동,27695,29267,-1572
구로구 개봉제2동,15925,16694,-769
구로구 개봉제3동,5441,7291,-1850
구로구 고척제1동,19011,17365,1646
구로구 고척제2동,13195,15577,-2382
구로구 구로제1동,7100,7091,9
구로구 구로제2동,30938,28004,2934
구로구 구로제3동,40758,25107,15651
구로구 구로제4동,18613,14457,4156
구로구 구로제5동,21928,19327,2601
구로구 수궁동,18010,17759,251
구로구 신도림동,22912,21879,1033
구로구 오류제1동,11304,12762,-1458
구로구 오류제2동,9053,9419,-366
구로구 항동,2891,3263,-372
금천구 가산동,43698,30688,13010
금천구 독산제1동,30629,35850,-5221
금천구 독산제2동,12175,14625,-2450
금천구 독산제3동,16893,18380,-1487
금천구 독산제4동,10418,8121,2297
금천구 미성동,157,283,-126
금천구 시흥제1동,29062,35253,-6191
금천구 시흥제2동,8737,12376,-3639
금천구 시흥제3동,9746,8887,859
금천구 시흥제4동,6745,5702,1043
금천구 시흥제5동,15096,13924,1172
노원구 공릉1동,13541,15384,-1843
노원구 공릉2동,18718,15206,3512
노원구 상계10동,8827,5852,2975
노원구 상계1동,11989,11838,151
노원구 상계2동,13941,15672,-1731
노원구 상계3.4동,3156,4112,-956
노원구 상계5동,9130,9131,-1
노원구 상계6.7동,20616,16228,4388
노원구 상계8동,4490,4313,177
노원구 상계9동,5453,5931,-478
노원구 월계1동,29520,23379,6141
노원구 월계2동,9793,11167,-1374
노원구 월계3동,11426,11415,11
노원구 중계1동,7946,9687,-1741
노원구 중계2.3동,12516,11769,747
노원구 중계4동,6844,7093,-249
노원구 중계본동,9215,9907,-692
노원구 하계1동,14905,12489,2416
노원구 하계2동,10053,9405,648
도봉구 도봉제1동,14373,10219,4154
도봉구 도봉제2동,12592,13243,-651
도봉구 방학제1동,15181,17592,-2411
도봉구 방학제2동,6030,8994,-2964
도봉구 방학제3동,9495,9905,-410
도봉구 쌍문제1동,10353,13616,-3263
도봉구 쌍문제2동,11796,14652,-2856
도봉구 쌍문제3동,7480,7989,-509
도봉구 쌍문제4동,8002,8669,-667
도봉구 창제1동,24405,17635,6770
도봉구 창제2동,7493,11200,-3707
도봉구 창제3동,8645,10078,-1433
도봉구 창제4동,19648,16304,3344
도봉구 창제5동,13276,14174,-898
동대문구 답십리제1동,11882,15264,-3382
동대문구 답십리제2동,13910,14668,-758
동대문구 면목제5동,458,73,385
동대문구 용신동,58615,49186,9429
동대문구 이문제1동,9773,10483,-710
동대문구 이문제2동,4590,4613,-23
동대문구 장안제1동,24117,21996,2121
동대문구 장안제2동,15890,18424,-2534
동대문구 전농제1동,17246,22049,-4803
동대문구 전농제2동,12119,11674,445
동대문구 제기동,40689,28310,12379
동대문구 청량리동,37709,32423,5286
동대문구 회기동,11619,7226,4393
동대문구 휘경제1동,17155,17639,-484
동대문구 휘경제2동,14870,13532,1338
동작구 노량진제1동,34026,34707,-681
동작구 노량진제2동,20309,14854,5455
동작구 대방동,33172,32218,954
동작구 사당제1동,11900,13522,-1622
동작구 사당제2동,23079,18526,4553
동작구 사당제3동,5449,7353,-1904
동작구 사당제4동,1379,1578,-199
동작구 사당제5동,6503,7493,-990
동작구 상도제1동,36564,37460,-896
동작구 상도제2동,15375,18248,-2873
동작구 상도제3동,11932,13903,-1971
동작구 상도제4동,9430,12313,-2883
동작구 신대방제1동,6598,6363,235
동작구 신대방제2동,20116,17586,2530
동작구 흑석동,26407,21021,5386
마포구 공덕동,12330,14326,-1996
마포구 대흥동,18314,15289,3025
마포구 도화동,6912,7254,-342
마포구 망원제1동,8172,8269,-97
마포구 망원제2동,5620,6054,-434
마포구 상암동,36899,29572,7327
마포구 서강동,6623,7637,-1014
마포구 서교동,67833,65721,2112
마포구 성산제1동,10703,10968,-265
마포구 성산제2동,18350,18915,-565
마포구 신수동,3262,4083,-821
마포구 아현동,18521,16763,1758
마포구 연남동,7149,7466,-317
마포구 염리동,2792,3225,-433
마포구 용강동,10889,11087,-198
마포구 합정동,10309,13735,-3426
서대문구 남가좌제1동,11402,9955,1447
서대문구 남가좌제2동,16085,17342,-1257
서대문구 북가좌제1동,4502,7530,-3028
서대문구 북가좌제2동,12740,16865,-4125
서대문구 북아현동,12390,13153,-763
서대문구 신촌동,73169,46640,26529
서대문구 연희동,44986,46086,-1100
서대문구 천연동,22429,21012,1417
서대문구 충현동,25180,26073,-893
서대문구 홍은제1동,14831,16296,-1465
서대문구 홍은제2동,24305,25807,-1502
서대문구 홍제제1동,25502,22004,3498
서대문구 홍제제2동,13097,16542,-3445
서대문구 홍제제3동,13879,12348,1531
서초구 내곡동,17394,9640,7754
서초구 반포1동,16279,14097,2182
서초구 반포2동,8255,5346,2909
서초구 반포3동,23714,17334,6380
서초구 반포4동,24120,20873,3247
서초구 반포본동,8775,7950,825
서초구 방배1동,12440,13168,-728
서초구 방배2동,12617,13723,-1106
서초구 방배3동,11221,9794,1427
서초구 방배4동,12918,14168,-1250
서초구 방배본동,9629,8398,1231
서초구 서초1동,12351,11880,471
서초구 서초2동,23955,23050,905
서초구 서초3동,26133,22238,3895
서초구 서초4동,19026,20338,-1312
서초구 양재1동,46016,44178,1838
서초구 양재2동,25112,19166,5946
서초구 잠원동,14385,17060,-2675
성동구 금호1가동,5653,7234,-1581
성동구 금호2.3가동,12514,12997,-483
성동구 금호4가동,5593,6761,-1168
성동구 마장동,9791,9754,37
성동구 사근동,8346,5471,2875
성동구 성수1가제1동,6458,5369,1089
성동구 성수1가제2동,4279,4266,13
성동구 성수2가제1동,5234,4918,316
성동구 성수2가제3동,6327,5172,1155
성동구 송정동,4110,3338,772
성동구 옥수동,12136,12357,-221
성동구 왕십리도선동,11203,9831,1372
성동구 왕십리제2동,7055,10778,-3723
성동구 용답동,8878,9028,-150
성동구 응봉동,4463,7117,-2654
성동구 행당제1동,14726,13306,1420
성동구 행당제2동,9077,9989,-912
성북구 길음제1동,18256,21318,-3062
성북구 길음제2동,15773,17982,-2209
성북구 돈암제1동,18510,16722,1788
성북구 돈암제2동,4990,6755,-1765
성북구 동선동,24202,25341,-1139
성북구 보문동,8030,8918,-888
성북구 삼선동,34539,33449,1090
성북구 석관동,9217,11575,-2358
성북구 성북동,20391,20551,-160
성북구 안암동,13347,9590,3757
성북구 월곡제1동,16726,17730,-1004
성북구 월곡제2동,9785,8200,1585
성북구 장위제1동,9371,14106,-4735
성북구 장위제2동,9865,9717,148
성북구 장위제3동,6313,6606,-293
성북구 정릉제1동,11540,14336,-2796
성북구 정릉제2동,15609,20620,-5011
성북구 정릉제3동,11039,7310,3729
성북구 정릉제4동,16480,18229,-1749
성북구 종암동,25422,27350,-1928
송파구 가락1동,3685,4205,-520
송파구 가락2동,13333,14351,-1018
송파구 가락본동,15706,14205,1501
송파구 거여1동,3637,4860,-1223
송파구 거여2동,1208,1312,-104
송파구 마천1동,4693,4294,399
송파구 마천2동,10017,12359,-2342
송파구 문정1동,4311,5800,-1489
송파구 문정2동,19116,19528,-412
송파구 방이1동,5397,5333,64
송파구 방이2동,12382,13642,-1260
송파구 삼전동,11162,11976,-814
송파구 석촌동,16467,19684,-3217
송파구 송파1동,11061,12231,-1170
송파구 송파2동,5256,4847,409
송파구 오금동,12890,13246,-356
송파구 오륜동,7190,6332,858
송파구 위례동,10326,10338,-12
송파구 잠실2동,4671,6952,-2281
송파구 잠실3동,35099,26955,8144
송파구 잠실4동,764,970,-206
송파구 잠실6동,11810,10984,826
송파구 잠실7동,5252,3937,1315
송파구 잠실본동,18105,16371,1734
송파구 장지동,10730,7746,2984
송파구 풍납1동,4836,4379,457
송파구 풍납2동,13194,7898,5296
양천구 목1동,35269,26704,8565
양천구 목2동,18703,19852,-1149
양천구 목3동,17022,17618,-596
양천구 목4동,11711,14052,-2341
양천구 목5동,19744,15841,3903
양천구 신월1동,4295,3648,647
양천구 신월2동,5390,8202,-2812
양천구 신월3동,5833,5715,118
양천구 신월4동,6073,9870,-3797
양천구 신월5동,5475,7949,-2474
양천구 신월6동,5235,4294,941
양천구 신월7동,9056,13411,-4355
양천구 신정1동,8304,9521,-1217
양천구 신정2동,4474,3687,787
양천구 신정3동,23264,22654,610
양천구 신정4동,23775,20053,3722
양천구 신정6동,4788,4053,735
양천구 신정7동,6567,7242,-675
영등포구 당산제1동,11381,9718,1663
영등포구 당산제2동,22011,18812,3199
영등포구 대림제1동,9947,9051,896
영등포구 대림제2동,5547,4966,581
영등포구 대림제3동,10612,9860,752
영등포구 도림동,5853,8747,-2894
영등포구 문래동,16643,15551,1092
영등포구 신길제1동,6424,7229,-805
영등포구 신길제3동,9507,11713,-2206
영등포구 신길제4동,2876,3962,-1086
영등포구 신길제5동,7735,7771,-36
영등포구 신길제6동,9031,10500,-1469
영등포구 신길제7동,8058,9218,-1160
영등포구 양평제1동,8100,6878,1222
영등포구 양평제2동,12311,9490,2821
영등포구 여의동,64290,36348,27942
영등포구 영등포동,55574,47958,7616
영등포구 영등포본동,15414,15456,-42
용산구 남영동,25527,23988,1539
용산구 보광동,7792,7281,511
용산구 서빙고동,8028,7941,87
용산구 용문동,3893,3982,-89
용산구 용산2가동,9065,12007,-2942
용산구 원효로제1동,9696,10410,-714
용산구 원효로제2동,6947,6463,484
용산구 이촌제1동,9672,8796,876
용산구 이촌제2동,2905,2912,-7
용산구 이태원제1동,10575,11494,-919
용산구 이태원제2동,5976,6037,-61
용산구 청파동,10827,11585,-758
용산구 필동,2386,767,1619
용산구 한강로동,35968,30379,5589
용산구 한남동,34248,29525,4723
용산구 효창동,5317,6246,-929
용산구 후암동,7890,8407,-517
은평구 갈현제1동,8022,10860,-2838
은평구 갈현제2동,14983,14216,767
은평구 구산동,10854,8789,2065
은평구 녹번동,22755,22484,271
은평구 대조동,28291,32010,-3719
은평구 불광제1동,22324,23762,-1438
은평구 불광제2동,15975,19776,-3801
은평구 수색동,9152,10293,-1141
은평구 신사제1동,13066,17773,-4707
은평구 신사제2동,12278,14118,-1840
은평구 역촌동,17437,17467,-30
은평구 응암제1동,19489,25848,-6359
은평구 응암제2동,7258,7692,-434
은평구 응암제3동,14468,16342,-1874
은평구 증산동,15021,15152,-131
은평구 진관동,32441,29162,3279
종로구 가회동,2236,2751,-515
종로구 교남동,7453,5183,2270
종로구 무악동,4153,3839,314
종로구 부암동,12613,11241,1372
종로구 사직동,35272,29377,5895
종로구 삼청동,5695,3688,2007
종로구 숭인제1동,866,1476,-610
종로구 숭인제2동,15136,10341,4795
종로구 이화동,15963,11152,4811
종로구 종로1.2.3.4가동,98457,64209,34248
종로구 종로5.6가동,25135,12755,12380
종로구 창신제1동,16541,9991,6550
종로구 창신제2동,4864,5118,-254
종로구 창신제3동,2809,3471,-662
종로구 청운효자동,11363,8185,3178
종로구 충현동,2786,1404,1382
종로구 평창동,15557,11522,4035
종로구 혜화동,20894,19157,1737
중구 광희동,19098,13556,5542
중구 다산동,4610,6131,-1521
중구 동화동,1163,1558,-395
중구 명동,24970,20780,4190
중구 소공동,54369,27420,26949
중구 신당동,5574,4825,749
중구 신당제5동,10596,7967,2629
중구 약수동,4549,4690,-141
중구 을지로동,7391,5081,2310
중구 장충동,5890,3582,2308
중구 중림동,7751,5596,2155
중구 청구동,4216,3925,291
중구 필동,4219,3610,609
중구 황학동,6184,6121,63
중구 회현동,37868,30748,7120
중랑구 망우본동,21657,20247,1410
중랑구 망우제3동,4706,6213,-1507
중랑구 면목본동,18743,20049,-1306
중랑구 면목제2동,5500,6730,-1230
중랑구 면목제3.8동,17577,17462,115
중랑구 면목제4동,6319,7194,-875
중랑구 면목제5동,5798,6602,-804
중랑구 면목제7동,4493,6875,-2382
중랑구 묵제1동,9909,11872,-1963
중랑구 묵제2동,3646,3449,197
중랑구 상봉제1동,10085,10000,85
중랑구 상봉제2동,20284,21805,-1521
중랑구 신내1동,15838,19195,-3357
중랑구 신내2동,14736,12923,1813
중랑구 중화제1동,5267,8469,-3202
중랑구 중화제2동,12662,13928,-1266
NA,361495,372819,-11324
