ID,insum,outsum,diff
100000001,613,724,-111
100000002,3623,1337,2286
100000003,4490,3166,1324
100000004,1303,987,316
100000005,2043,3779,-1736
100000006,1701,149,1552
100000007,2028,700,1328
100000008,798,529,269
100000009,1189,186,1003
100000010,204,54,150
100000011,991,120,871
100000012,118,775,-657
100000013,950,217,733
100000014,1266,308,958
100000015,1625,2035,-410
100000016,1074,1391,-317
100000017,1228,942,286
100000018,1745,705,1040
100000019,4425,2065,2360
100000020,1908,6037,-4129
100000021,4730,2451,2279
100000022,1481,1725,-244
100000023,5303,1731,3572
100000025,1665,990,675
100000028,1902,997,905
100000029,209,274,-65
100000030,321,51,270
100000031,4281,6251,-1970
100000032,2785,2863,-78
100000033,828,2003,-1175
100000034,525,446,79
100000035,1609,1110,499
100000036,2318,1283,1035
100000037,719,417,302
100000038,2016,950,1066
100000039,681,216,465
100000040,183,142,41
100000041,1075,479,596
100000042,1168,535,633
100000043,1026,479,547
100000044,513,815,-302
100000045,637,1334,-697
100000046,793,991,-198
100000047,322,587,-265
100000048,545,513,32
100000049,1703,2194,-491
100000051,502,1032,-530
100000053,260,9,251
100000054,528,35,493
100000055,1187,273,914
100000056,552,383,169
100000057,1963,752,1211
100000058,926,1205,-279
100000059,15,112,-97
100000060,332,328,4
100000061,2115,467,1648
100000062,2259,571,1688
100000063,815,253,562
100000064,1357,318,1039
100000065,456,926,-470
100000066,179,687,-508
100000067,575,725,-150
100000068,561,1821,-1260
100000069,351,1519,-1168
100000072,390,856,-466
100000073,938,1090,-152
100000075,658,378,280
100000076,2561,2062,499
100000077,482,171,311
100000078,29,61,-32
100000079,42,57,-15
100000080,37,75,-38
100000081,175,207,-32
100000102,2555,1886,669
100000103,4310,1260,3050
100000104,4158,2340,1818
100000105,3498,1386,2112
100000106,2384,1956,428
100000107,594,921,-327
100000108,795,1044,-249
100000109,3153,1427,1726
100000116,1501,1138,363
100000117,111,115,-4
100000118,1854,1188,666
100000119,575,786,-211
100000121,259,444,-185
100000122,818,878,-60
100000123,2840,3843,-1003
100000124,6650,5655,995
100000125,3298,1301,1997
100000126,818,366,452
100000127,1418,376,1042
100000128,2080,1615,465
100000129,366,390,-24
100000130,430,452,-22
100000131,2320,2369,-49
100000132,1241,2560,-1319
100000133,5399,2354,3045
100000135,685,1082,-397
100000139,493,270,223
100000140,500,348,152
100000142,519,605,-86
100000143,1693,677,1016
100000144,3255,960,2295
100000147,1207,2438,-1231
100000150,36,412,-376
100000151,1062,945,117
100000153,260,358,-98
100000154,115,151,-36
100000155,25,69,-44
100000156,575,477,98
100000157,150,126,24
100000158,333,127,206
100000159,510,529,-19
100000165,1612,775,837
100000169,364,482,-118
100000174,806,487,319
100000179,129,467,-338
100000180,2475,1907,568
100000181,541,206,335
100000188,73,215,-142
100000189,806,317,489
100000190,1054,929,125
100000191,742,584,158
100000192,91,149,-58
100000193,331,170,161
100000330,1641,888,753
100000355,217,647,-430
100000362,5246,3434,1812
100000363,3437,4440,-1003
100000364,345,296,49
100000365,5229,5857,-628
100000366,6680,3230,3450
100000367,5434,5135,299
100000368,3323,1617,1706
100000369,1101,1589,-488
100000370,221,742,-521
100000376,126,146,-20
100000379,2023,1251,772
100000380,4807,3226,1581
100000384,5544,4093,1451
100000385,4291,3720,571
100000386,9028,4654,4374
100000387,5865,4883,982
100000388,8196,5831,2365
100000389,7228,5994,1234
100000390,8049,5783,2266
100000391,6125,6477,-352
100000392,4135,3586,549
100000393,3278,4226,-948
100000394,8682,8031,651
100000395,5821,3744,2077
100000396,9606,4131,5475
100000397,6332,6384,-52
100000398,10938,8426,2512
100000413,21,15,6
100900002,3,40,-37
100900003,299,165,134
100900004,36,624,-588
100900005,100,24,76
100900006,26,128,-102
100900007,417,17,400
100900008,6,374,-368
100900009,79,183,-104
100900010,131,127,4
100900011,207,248,-41
100900012,1,278,-277
100900013,865,20,845
100900014,2,12,-10
100900015,101,88,13
100900016,4,70,-66
100900017,572,82,490
100900018,0,34,-34
100900019,21,157,-136
100900020,302,20,282
100900021,357,3,354
100900022,21,61,-40
100900023,0,66,-66
100900024,600,0,600
100900025,23,11,12
100900026,133,129,4
100900027,571,2277,-1706
100900028,138,162,-24
100900029,66,11,55
100900030,10,69,-59
100900031,680,81,599
100900032,229,0,229
100900033,229,184,45
100900034,412,3,409
100900035,408,1,407
100900036,13,1,12
100900037,88,160,-72
100900038,143,50,93
100900039,208,528,-320
100900040,369,549,-180
100900041,886,696,190
100900042,1575,765,810
100900043,0,16,-16
100900044,1902,505,1397
100900045,69,0,69
100900046,1009,17,992
100900047,723,295,428
100900048,159,53,106
100900049,89,206,-117
100900050,6,17,-11
100900051,27,64,-37
100900052,276,58,218
100900053,395,65,330
100900054,16,83,-67
100900055,244,609,-365
100900056,136,165,-29
100900057,701,1251,-550
100900058,264,83,181
100900059,132,6,126
100900060,170,10,160
100900061,415,207,208
100900062,6,56,-50
100900063,246,570,-324
100900064,687,25,662
100900065,100,107,-7
100900066,139,177,-38
100900067,2,16,-14
100900068,406,97,309
100900069,486,9,477
100900070,383,6,377
100900071,805,255,550
100900072,4,46,-42
100900073,118,406,-288
100900074,13,9,4
100900075,1455,335,1120
100900076,13,36,-23
100900077,28,101,-73
100900078,103,309,-206
100900079,13,23,-10
100900080,74,194,-120
100900081,31,133,-102
100900082,148,538,-390
100900083,13,24,-11
100900085,13,204,-191
100900086,162,702,-540
100900088,115,552,-437
100900089,6,27,-21
100900090,120,403,-283
100900091,2,20,-18
100900092,225,160,65
100900093,231,295,-64
100900094,114,485,-371
100900095,1,34,-33
100900096,29,117,-88
100900097,5,8,-3
100900098,36,17,19
100900099,47,572,-525
100900100,7,473,-466
100900101,275,72,203
100900102,234,68,166
100900103,17,33,-16
100900104,16,186,-170
100900105,14,388,-374
100900106,71,5,66
100900107,1460,756,704
100900108,2,26,-24
100900109,24,32,-8
100900110,2,29,-27
100900111,49,176,-127
100900112,3,8,-5
100900113,10,34,-24
100900114,21,19,2
100900115,11,52,-41
100900116,671,645,26
100900117,256,685,-429
100900118,9,50,-41
100900119,27,20,7
100900120,5,4,1
100900121,239,469,-230
100900122,150,187,-37
100900123,59,198,-139
100900124,23,15,8
100900125,18,65,-47
100900126,123,423,-300
100900127,8,11,-3
100900128,80,140,-60
100900129,0,170,-170
100900131,89,233,-144
100900133,47,35,12
100900134,3,4,-1
100900135,0,133,-133
100900137,299,165,134
100900138,503,367,136
100900139,8,12,-4
100900140,12,570,-558
100900141,0,455,-455
100900142,2,17,-15
100900143,1057,359,698
100900144,28,6,22
100900145,448,187,261
100900146,5,50,-45
100900147,11,323,-312
100900148,28,603,-575
100900149,56,215,-159
100900150,6,43,-37
100900151,151,405,-254
100900152,159,6,153
100900153,5,168,-163
100900154,5,60,-55
100900155,11,20,-9
100900156,19,5,14
100900157,3,162,-159
100900159,6,28,-22
100900160,24,13,11
100900161,84,7,77
100900162,13,292,-279
100900163,248,292,-44
100900164,59,53,6
100900165,5,50,-45
100900166,30,12,18
100900167,17,74,-57
100900168,32,136,-104
100900169,135,802,-667
100900170,54,7,47
100900171,22,481,-459
100900172,0,17,-17
100900173,2,357,-355
100900174,262,35,227
100900176,1560,168,1392
100900177,747,236,511
100900178,250,136,114
100900179,151,166,-15
100900180,42,5,37
100900181,105,82,23
100900182,39,32,7
100900184,16,158,-142
100900186,533,434,99
100900187,3,106,-103
100900188,51,11,40
100900189,979,209,770
100900191,1091,1033,58
100900192,342,398,-56
100900195,110,90,20
100900197,29,75,-46
100900198,18,150,-132
100900199,10,18,-8
100900200,526,375,151
100900201,57,459,-402
100900202,67,0,67
100900203,2,110,-108
100900204,165,326,-161
100900205,170,477,-307
100900206,162,84,78
100900207,212,124,88
100900210,70,556,-486
100900211,369,121,248
100900213,106,63,43
100900214,826,162,664
100900215,19,46,-27
100900217,125,91,34
101000001,3456,2275,1181
101000002,4391,3995,396
101000003,613,1429,-816
101000004,7481,5936,1545
101000005,3540,3994,-454
101000006,6112,5745,367
101000007,2477,2986,-509
101000008,3585,2736,849
101000009,2126,1529,597
101000010,878,1272,-394
101000011,1668,699,969
101000012,1525,790,735
101000013,700,1107,-407
101000014,557,672,-115
101000015,1068,851,217
101000016,348,368,-20
101000017,657,526,131
101000018,4525,2612,1913
101000020,3920,1109,2811
101000021,915,430,485
101000022,183,55,128
101000023,1739,752,987
101000025,256,353,-97
101000026,365,31,334
101000027,1890,2162,-272
101000028,885,229,656
101000029,247,1450,-1203
101000030,2034,131,1903
101000031,1110,575,535
101000032,10078,4770,5308
101000033,2938,2722,216
101000034,2603,1575,1028
101000035,950,428,522
101000036,2230,899,1331
101000037,3708,1807,1901
101000039,3144,2201,943
101000040,3793,3178,615
101000041,10685,7322,3363
101000042,590,1145,-555
101000043,8393,6348,2045
101000045,1787,973,814
101000046,4695,1621,3074
101000047,2649,3218,-569
101000048,640,516,124
101000049,767,1524,-757
101000050,1865,1652,213
101000051,2135,2323,-188
101000052,1614,882,732
101000053,1058,1182,-124
101000054,1726,1047,679
101000055,1337,1126,211
101000056,62,158,-96
101000057,2633,1173,1460
101000058,1529,1091,438
101000059,3086,2337,749
101000060,2057,618,1439
101000061,990,1346,-356
101000062,893,678,215
101000063,773,960,-187
101000064,1547,1058,489
101000065,479,442,37
101000066,1091,840,251
101000067,1406,922,484
101000068,351,435,-84
101000069,405,79,326
101000070,1601,1031,570
101000071,1748,920,828
101000072,749,2640,-1891
101000073,850,867,-17
101000074,6677,3266,3411
101000075,5392,4887,505
101000077,1538,1079,459
101000078,1131,2112,-981
101000079,879,423,456
101000080,874,490,384
101000081,1823,1470,353
101000082,3389,3353,36
101000083,2408,2149,259
101000084,1356,1028,328
101000085,1339,1270,69
101000086,1151,1085,66
101000087,911,1065,-154
101000088,1032,1037,-5
101000089,911,1354,-443
101000090,2033,1367,666
101000091,485,878,-393
101000092,816,1022,-206
101000093,1396,844,552
101000094,900,948,-48
101000095,454,616,-162
101000096,420,562,-142
101000097,432,355,77
101000098,374,501,-127
101000099,1180,1024,156
101000100,887,679,208
101000101,333,410,-77
101000102,906,430,476
101000103,992,568,424
101000104,394,612,-218
101000105,542,288,254
101000106,576,587,-11
101000107,262,276,-14
101000108,853,330,523
101000109,305,70,235
101000110,36,464,-428
101000111,109,181,-72
101000113,198,533,-335
101000114,9459,6022,3437
101000115,113,115,-2
101000116,204,92,112
101000117,717,209,508
101000119,107,55,52
101000120,143,45,98
101000121,97,59,38
101000122,150,111,39
101000123,81,151,-70
101000124,908,301,607
101000125,312,513,-201
101000128,474,311,163
101000130,242,273,-31
101000131,686,604,82
101000132,626,928,-302
101000135,75,49,26
101000136,586,167,419
101000137,40,378,-338
101000141,1748,2662,-914
101000147,913,539,374
101000148,1168,24,1144
101000149,146,313,-167
101000150,72,743,-671
101000151,198,59,139
101000152,307,386,-79
101000153,573,308,265
101000154,197,1031,-834
101000155,251,140,111
101000156,30,293,-263
101000157,39,32,7
101000160,59,57,2
101000163,241,293,-52
101000164,510,359,151
101000165,210,320,-110
101000166,234,288,-54
101000168,805,392,413
101000252,1711,1000,711
101000254,489,96,393
101000258,39,12,27
101000261,196,61,135
101000262,1170,1738,-568
101000263,259,786,-527
101000265,132,684,-552
101000266,391,260,131
101000269,40,11,29
101000290,1112,2503,-1391
101000293,9,52,-43
101000294,627,408,219
101000295,158,500,-342
101000301,958,445,513
101000304,1891,2442,-551
101000305,2983,1375,1608
101000328,140,333,-193
101900001,51,109,-58
101900002,0,15,-15
101900003,86,109,-23
101900004,6,65,-59
101900005,3529,1855,1674
101900006,936,42,894
101900007,629,226,403
101900008,79,261,-182
101900009,50,382,-332
101900010,1060,680,380
101900011,242,1002,-760
101900012,206,206,0
101900013,1073,209,864
101900017,20,161,-141
101900018,1341,354,987
101900019,237,143,94
101900020,68,77,-9
101900021,3,73,-70
101900022,272,1162,-890
101900023,270,214,56
101900026,136,56,80
101900027,20,129,-109
102000001,2410,3774,-1364
102000002,3210,1147,2063
102000003,3672,5791,-2119
102000004,7033,2948,4085
102000005,1255,1724,-469
102000006,1278,1778,-500
102000007,1420,3576,-2156
102000008,4344,1525,2819
102000009,5839,7121,-1282
102000010,6082,3333,2749
102000011,3056,2363,693
102000012,3259,3124,135
102000018,3017,2618,399
102000019,2222,1530,692
102000026,218,559,-341
102000029,290,311,-21
102000030,119,355,-236
102000031,77,181,-104
102000032,368,254,114
102000033,266,416,-150
102000034,453,349,104
102000035,1307,650,657
102000036,22,255,-233
102000037,303,72,231
102000038,198,319,-121
102000039,190,74,116
102000040,487,253,234
102000041,227,354,-127
102000042,264,228,36
102000043,471,229,242
102000044,365,375,-10
102000045,914,841,73
102000046,980,697,283
102000047,641,1075,-434
102000048,370,758,-388
102000049,1050,786,264
102000050,1093,1176,-83
102000051,429,710,-281
102000052,1233,840,393
102000053,807,882,-75
102000054,565,856,-291
102000055,1021,718,303
102000056,647,925,-278
102000057,1347,490,857
102000058,889,1369,-480
102000059,1454,1068,386
102000060,1029,869,160
102000061,1360,1814,-454
102000062,1319,1100,219
102000063,1046,1270,-224
102000064,564,691,-127
102000065,47,143,-96
102000066,873,721,152
102000067,1853,2732,-879
102000068,7626,2463,5163
102000069,84,1315,-1231
102000070,1707,53,1654
102000071,7082,8485,-1403
102000072,3174,3791,-617
102000073,920,724,196
102000074,514,795,-281
102000075,111,202,-91
102000076,171,425,-254
102000077,431,840,-409
102000078,906,880,26
102000079,170,225,-55
102000080,243,195,48
102000081,255,668,-413
102000082,668,283,385
102000083,446,309,137
102000084,257,328,-71
102000085,1787,1065,722
102000086,977,1049,-72
102000087,856,1454,-598
102000088,319,302,17
102000089,1180,414,766
102000090,473,1056,-583
102000091,1117,462,655
102000092,375,639,-264
102000093,758,756,2
102000094,962,632,330
102000095,971,998,-27
102000096,569,630,-61
102000097,660,674,-14
102000098,545,577,-32
102000099,717,761,-44
102000100,794,1050,-256
102000101,1079,675,404
102000102,330,1305,-975
102000103,1154,360,794
102000104,713,309,404
102000105,250,601,-351
102000106,755,666,89
102000107,1063,581,482
102000108,927,213,714
102000109,502,579,-77
102000110,965,1242,-277
102000111,12,273,-261
102000112,324,128,196
102000113,12,31,-19
102000114,783,363,420
102000115,266,339,-73
102000116,493,388,105
102000117,372,600,-228
102000118,1404,1053,351
102000119,1927,706,1221
102000120,216,427,-211
102000121,980,487,493
102000122,711,936,-225
102000123,1136,1091,45
102000124,1297,1148,149
102000125,805,905,-100
102000126,814,739,75
102000127,1326,688,638
102000128,765,1035,-270
102000129,1408,752,656
102000130,694,835,-141
102000131,1511,658,853
102000132,564,933,-369
102000133,1690,1830,-140
102000134,682,725,-43
102000135,847,752,95
102000136,1044,582,462
102000137,991,929,62
102000138,300,385,-85
102000139,126,516,-390
102000140,410,723,-313
102000141,233,451,-218
102000142,363,381,-18
102000143,113,426,-313
102000144,261,425,-164
102000145,365,524,-159
102000146,398,326,72
102000147,418,441,-23
102000148,233,618,-385
102000149,166,495,-329
102000150,306,130,176
102000151,90,327,-237
102000152,204,143,61
102000153,1094,563,531
102000154,341,626,-285
102000155,126,303,-177
102000156,397,136,261
102000157,156,353,-197
102000158,513,479,34
102000159,911,472,439
102000161,3316,1987,1329
102000162,200,181,19
102000163,155,490,-335
102000164,1047,986,61
102000165,439,142,297
102000166,154,182,-28
102000167,323,259,64
102000168,313,174,139
102000169,104,375,-271
102000170,576,133,443
102000171,159,138,21
102000172,71,254,-183
102000173,396,236,160
102000174,73,68,5
102000175,128,119,9
102000176,77,38,39
102000178,274,431,-157
102000179,283,255,28
102000180,1194,456,738
102000181,571,559,12
102000182,712,511,201
102000183,1665,1641,24
102000184,1959,897,1062
102000185,2119,1418,701
102000186,1105,1945,-840
102000187,1146,1469,-323
102000188,1612,1313,299
102000189,2002,677,1325
102000190,499,2380,-1881
102000191,1213,466,747
102000192,975,1534,-559
102000193,46,162,-116
102000194,49,121,-72
102000195,418,429,-11
102000196,154,422,-268
102000197,637,413,224
102000198,226,737,-511
102000199,1114,312,802
102000200,277,1065,-788
102000201,966,472,494
102000202,1,87,-86
102000203,331,194,137
102000204,430,580,-150
102000205,994,353,641
102000206,579,659,-80
102000207,1215,427,788
102000208,569,501,68
102000209,272,41,231
102000210,393,414,-21
102000211,681,326,355
102000212,389,19,370
102000213,15,307,-292
102000214,292,14,278
102000215,12,417,-405
102000216,33,51,-18
102000217,11,123,-112
102000218,256,200,56
102000219,446,272,174
102000225,728,550,178
102000226,1389,734,655
102000227,131,3,128
102000228,0,94,-94
102000229,41,50,-9
102000230,269,403,-134
102000231,325,447,-122
102000232,43,168,-125
102000233,367,622,-255
102000234,90,1208,-1118
102000236,307,76,231
102000237,503,132,371
102000238,153,199,-46
102000240,598,658,-60
102000241,244,152,92
102000243,16,63,-47
102000245,22,134,-112
102000246,27,49,-22
102000247,840,944,-104
102000248,552,892,-340
102000249,177,132,45
102000250,85,379,-294
102000254,96,339,-243
102000266,31,387,-356
102000271,37,0,37
102000286,458,399,59
102000297,1525,975,550
102000301,0,0,0
102000303,0,0,0
102000307,0,4,-4
102900001,1141,682,459
102900002,547,37,510
102900003,57,190,-133
102900005,316,290,26
102900006,488,145,343
102900007,527,46,481
102900008,176,48,128
102900009,683,279,404
102900010,597,630,-33
102900011,1759,277,1482
102900012,319,83,236
102900013,21,79,-58
102900015,631,455,176
102900016,80,146,-66
102900017,163,619,-456
102900018,41,164,-123
102900019,444,324,120
102900020,119,16,103
102900021,26,103,-77
102900022,639,194,445
102900023,31,60,-29
102900024,33,39,-6
102900025,283,117,166
102900026,371,1687,-1316
102900027,68,39,29
102900028,120,609,-489
102900029,197,192,5
102900030,588,251,337
102900031,170,131,39
102900032,81,96,-15
102900033,100,211,-111
102900034,453,107,346
102900035,121,311,-190
102900036,268,532,-264
102900037,626,540,86
102900038,616,478,138
102900039,32,489,-457
102900040,97,256,-159
102900041,63,140,-77
102900042,161,230,-69
102900043,173,250,-77
102900044,477,1853,-1376
102900045,119,521,-402
102900046,83,255,-172
102900047,91,499,-408
102900048,613,542,71
102900049,127,325,-198
102900050,291,321,-30
102900051,196,208,-12
102900053,444,573,-129
102900054,621,819,-198
102900055,51,179,-128
102900056,142,391,-249
102900057,4,60,-56
102900058,285,67,218
102900059,27,72,-45
102900060,111,472,-361
102900061,166,502,-336
102900062,215,933,-718
102900063,1069,419,650
102900064,90,380,-290
102900065,1164,425,739
102900066,300,18,282
102900068,115,93,22
102900070,214,496,-282
102900072,28,50,-22
102900073,275,9,266
102900075,48,64,-16
102900076,161,133,28
102900077,73,55,18
102900078,43,88,-45
102900079,120,21,99
102900080,370,52,318
102900081,117,231,-114
102900082,8,205,-197
102900083,233,16,217
102900084,8,38,-30
102900085,486,156,330
102900086,12,62,-50
102900087,74,81,-7
102900088,50,21,29
102900089,292,130,162
102900090,3,348,-345
102900091,132,10,122
102900092,311,730,-419
102900094,3,66,-63
102900095,97,2,95
102900096,40,10,30
102900097,183,387,-204
103000001,2006,2522,-516
103000002,1922,2266,-344
103000003,3112,2694,418
103000004,956,823,133
103000005,1626,2494,-868
103000006,706,1273,-567
103000007,399,768,-369
103000008,954,740,214
103000009,995,1014,-19
103000010,132,112,20
103000011,1579,1424,155
103000012,1334,1520,-186
103000013,3780,2163,1617
103000014,1298,2250,-952
103000015,1626,666,960
103000016,518,1217,-699
103000017,205,362,-157
103000018,681,429,252
103000019,265,275,-10
103000020,2568,1458,1110
103000021,1666,1437,229
103000022,798,1142,-344
103000023,667,1429,-762
103000024,119,220,-101
103000025,200,505,-305
103000026,1539,154,1385
103000027,503,536,-33
103000028,430,389,41
103000029,317,296,21
103000030,1682,1039,643
103000031,1442,1546,-104
103000032,2202,1842,360
103000033,2602,2552,50
103000034,1382,1263,119
103000035,400,1299,-899
103000036,368,541,-173
103000037,662,570,92
103000038,502,913,-411
103000039,433,421,12
103000040,447,890,-443
103000041,1654,2430,-776
103000042,1100,511,589
103000043,499,883,-384
103000044,234,157,77
103000046,334,497,-163
103000047,558,641,-83
103000048,181,173,8
103000049,174,142,32
103000050,651,459,192
103000051,488,498,-10
103000052,725,403,322
103000053,173,579,-406
103000054,2576,1578,998
103000055,1963,2253,-290
103000056,693,1736,-1043
103000057,455,292,163
103000058,467,870,-403
103000059,388,825,-437
103000060,736,579,157
103000061,434,994,-560
103000062,998,592,406
103000063,733,890,-157
103000064,170,169,1
103000065,3,436,-433
103000066,188,14,174
103000069,792,363,429
103000070,1049,906,143
103000071,1051,422,629
103000072,136,695,-559
103000073,474,114,360
103000074,520,110,410
103000075,83,615,-532
103000076,291,305,-14
103000077,46,356,-310
103000078,1122,577,545
103000079,853,642,211
103000080,1182,411,771
103000081,541,1077,-536
103000082,562,216,346
103000083,121,270,-149
103000084,167,4,163
103000085,4,169,-165
103000086,590,399,191
103000087,122,504,-382
103000088,322,349,-27
103000089,261,349,-88
103000090,1753,754,999
103000091,552,382,170
103000092,238,353,-115
103000093,275,357,-82
103000094,220,107,113
103000095,64,342,-278
103000096,600,120,480
103000097,107,714,-607
103000098,937,193,744
103000099,325,601,-276
103000100,87,649,-562
103000101,742,109,633
103000102,131,637,-506
103000103,563,237,326
103000104,55,123,-68
103000105,117,113,4
103000106,8,135,-127
103000107,284,57,227
103000108,552,475,77
103000109,363,359,4
103000110,478,423,55
103000111,518,430,88
103000112,318,229,89
103000113,738,642,96
103000114,1239,501,738
103000115,476,424,52
103000116,567,366,201
103000117,290,448,-158
103000118,857,768,89
103000119,1186,683,503
103000120,112,160,-48
103000121,427,795,-368
103000122,580,632,-52
103000125,17,289,-272
103000126,544,1,543
103000127,1,161,-160
103000128,213,7,206
103000129,1,102,-101
103000130,71,43,28
103000131,178,82,96
103000132,120,143,-23
103000133,16,90,-74
103000134,609,663,-54
103000135,610,320,290
103000136,810,475,335
103000137,557,619,-62
103000138,930,838,92
103000139,4,85,-81
103000140,151,31,120
103000141,115,158,-43
103000142,296,102,194
103000143,55,207,-152
103000144,249,82,167
103000145,37,92,-55
103000150,96,54,42
103000152,195,261,-66
103000153,242,157,85
103000156,4,394,-390
103000157,366,1,365
103000159,173,76,97
103000162,104,25,79
103000163,34,53,-19
103000164,14,27,-13
103000165,101,305,-204
103000166,226,257,-31
103000167,121,109,12
103000168,65,188,-123
103000169,181,434,-253
103000170,719,408,311
103000171,97,107,-10
103000172,430,333,97
103000173,457,562,-105
103000174,133,325,-192
103000175,242,297,-55
103000176,855,591,264
103000177,575,474,101
103000178,359,292,67
103000179,202,60,142
103000183,99,22,77
103000185,97,58,39
103000186,110,167,-57
103000187,460,434,26
103000188,8,89,-81
103000189,803,825,-22
103000191,578,625,-47
103000292,1550,1515,35
103000293,1061,1718,-657
103000295,69,96,-27
103000296,384,8,376
103000297,49,40,9
103000504,91,19,72
103000505,10,20,-10
103000506,1,251,-250
103000507,235,3,232
103000508,51,55,-4
103000509,200,564,-364
103900001,6,175,-169
103900002,1369,189,1180
103900003,1587,164,1423
103900004,139,5,134
103900005,4,199,-195
103900006,18,0,18
103900007,81,3,78
103900008,10,5,5
103900009,254,489,-235
103900010,139,343,-204
103900011,265,200,65
103900012,12,15,-3
103900013,72,73,-1
103900014,61,21,40
103900015,53,11,42
103900016,292,181,111
103900017,45,93,-48
103900018,859,204,655
103900019,94,316,-222
103900020,161,405,-244
103900021,431,47,384
103900022,1077,771,306
103900023,121,1,120
103900024,96,357,-261
103900025,20,46,-26
103900026,116,0,116
103900027,681,325,356
103900028,19,267,-248
103900029,1039,157,882
103900030,210,96,114
103900031,18,11,7
103900032,100,69,31
103900033,97,11,86
103900034,31,161,-130
103900035,31,44,-13
103900036,46,32,14
103900037,50,44,6
103900038,123,193,-70
103900039,60,299,-239
103900040,19,186,-167
103900041,49,47,2
103900042,55,354,-299
103900043,126,72,54
103900044,111,183,-72
103900045,321,176,145
103900047,56,19,37
103900048,68,23,45
103900049,194,979,-785
103900050,14,91,-77
103900051,0,28,-28
103900052,162,378,-216
103900053,145,623,-478
103900054,115,371,-256
103900055,414,196,218
103900056,97,79,18
103900057,29,173,-144
103900058,231,636,-405
103900059,1,22,-21
103900060,28,219,-191
103900061,123,36,87
103900062,266,76,190
103900063,6,1,5
103900064,103,4,99
103900065,887,436,451
103900066,107,11,96
103900067,187,12,175
103900068,11,1,10
103900069,89,46,43
103900070,144,202,-58
103900071,15,153,-138
103900072,19,191,-172
103900073,42,32,10
103900074,92,67,25
103900075,180,58,122
103900076,476,462,14
103900077,47,69,-22
103900078,225,111,114
103900079,210,166,44
103900080,13,42,-29
103900081,107,28,79
103900082,7,112,-105
103900083,1338,775,563
103900084,50,97,-47
103900085,65,157,-92
103900086,500,344,156
103900088,431,514,-83
103900089,78,150,-72
103900090,3,115,-112
103900091,1144,335,809
103900092,541,365,176
103900093,90,274,-184
103900094,19,118,-99
103900095,267,232,35
103900096,22,194,-172
103900097,12,514,-502
103900098,174,99,75
103900099,51,137,-86
103900100,188,350,-162
103900101,103,1008,-905
103900102,7,30,-23
103900104,2,31,-29
103900105,142,283,-141
103900106,1,67,-66
103900107,124,168,-44
103900108,75,331,-256
103900109,95,88,7
103900110,130,37,93
103900111,75,545,-470
103900112,36,83,-47
103900113,117,198,-81
103900114,350,339,11
103900115,262,173,89
103900116,5719,2601,3118
103900117,174,85,89
103900119,24,75,-51
103900120,67,99,-32
103900122,97,206,-109
103900123,1587,707,880
103900124,60,459,-399
103900125,97,92,5
103900126,411,392,19
103900127,176,425,-249
103900128,160,137,23
103900131,78,180,-102
103900133,838,72,766
103900134,1,4,-3
103900135,8,7,1
103900137,0,31,-31
103900138,47,267,-220
103900139,216,1555,-1339
103900140,7,114,-107
103900141,266,57,209
103900142,118,129,-11
103900143,83,1,82
103900144,3,82,-79
103900145,157,178,-21
103900146,238,248,-10
103900147,289,129,160
103900148,179,245,-66
103900149,303,549,-246
103900150,5254,3310,1944
103900151,44,139,-95
103900152,385,374,11
103900153,6,8,-2
103900154,870,1423,-553
103900155,60,249,-189
103900156,48,168,-120
103900157,40,199,-159
103900158,59,175,-116
103900159,140,76,64
103900160,66,45,21
103900161,81,198,-117
103900162,59,149,-90
103900163,2,410,-408
103900167,16,111,-95
103900168,88,93,-5
103900169,84,53,31
103900170,4,94,-90
103900171,1,61,-60
103900172,19,23,-4
103900173,10,14,-4
103900174,163,79,84
103900175,52,62,-10
103900176,14,36,-22
103900177,21,92,-71
103900178,61,51,10
103900179,23,81,-58
103900180,19,121,-102
103900181,56,39,17
103900182,69,11,58
103900184,442,86,356
103900185,176,282,-106
103900187,36,56,-20
103900188,91,19,72
103900189,126,18,108
103900190,78,65,13
103900191,49,48,1
103900192,15,112,-97
103900193,164,234,-70
103900194,66,281,-215
103900195,6,69,-63
103900196,26,27,-1
103900197,27,46,-19
103900198,5,85,-80
103900199,104,59,45
103900200,159,142,17
103900201,121,244,-123
103900202,16,74,-58
103900203,39,15,24
103900204,0,98,-98
103900207,8,109,-101
103900208,75,1,74
103900209,5,87,-82
103900210,41,30,11
103900211,416,362,54
103900212,146,368,-222
103900213,106,269,-163
103900214,296,201,95
103900215,623,393,230
103900216,13,373,-360
103900217,375,70,305
103900218,5,248,-243
103900219,122,297,-175
103900233,116,2,114
103900235,60,25,35
103900236,17,8,9
103900242,9,33,-24
103900243,10,8,2
103900244,84,220,-136
103900245,90,224,-134
103900246,55,43,12
103900247,29,142,-113
103900248,6,50,-44
103900249,60,37,23
103900250,35,39,-4
103900251,5,34,-29
103900253,22,89,-67
103900254,6,29,-23
103900255,7,28,-21
103900256,15,55,-40
103900257,116,112,4
103900258,49,3,46
103900259,75,11,64
103900261,9,3,6
103900262,13,1,12
103900263,74,50,24
103900264,48,46,2
103900265,72,56,16
103900266,2,101,-99
103900267,5,83,-78
103900268,7,123,-116
103900269,140,53,87
103900270,64,202,-138
103900271,81,121,-40
103900272,61,60,1
103900273,26,55,-29
103900274,70,15,55
103900275,32,3,29
103900276,7,43,-36
103900277,4,71,-67
103900278,15,54,-39
103900279,4,35,-31
103900280,1,94,-93
104000001,1895,1636,259
104000002,1370,2237,-867
104000003,2060,1792,268
104000004,2396,2389,7
104000005,1221,1581,-360
104000006,2647,2226,421
104000007,3537,3871,-334
104000008,199,332,-133
104000009,202,124,78
104000010,138,239,-101
104000011,483,348,135
104000012,149,370,-221
104000013,228,162,66
104000014,242,701,-459
104000015,260,121,139
104000016,535,451,84
104000018,718,146,572
104000019,555,167,388
104000020,203,752,-549
104000021,255,717,-462
104000022,151,299,-148
104000023,599,302,297
104000024,231,347,-116
104000026,51,386,-335
104000027,216,333,-117
104000028,339,240,99
104000029,311,452,-141
104000030,208,224,-16
104000031,1072,396,676
104000032,236,320,-84
104000033,511,532,-21
104000034,264,294,-30
104000035,802,431,371
104000036,615,561,54
104000037,258,219,39
104000038,445,268,177
104000039,201,255,-54
104000040,298,396,-98
104000041,693,320,373
104000042,203,290,-87
104000043,266,371,-105
104000044,190,556,-366
104000045,917,998,-81
104000046,965,1578,-613
104000047,757,1154,-397
104000048,991,1675,-684
104000049,489,291,198
104000050,136,535,-399
104000051,87,534,-447
104000052,1329,1421,-92
104000053,997,477,520
104000054,774,479,295
104000055,3748,2453,1295
104000056,1302,196,1106
104000057,117,499,-382
104000058,728,607,121
104000059,472,952,-480
104000060,898,1082,-184
104000061,1280,984,296
104000062,313,155,158
104000064,446,278,168
104000065,370,705,-335
104000069,1032,946,86
104000070,94,412,-318
104000071,119,514,-395
104000072,500,164,336
104000075,67,302,-235
104000076,442,77,365
104000082,2029,2835,-806
104000083,788,151,637
104000084,140,630,-490
104000085,292,291,1
104000086,155,475,-320
104000087,576,1669,-1093
104000090,636,1195,-559
104000092,1122,2046,-924
104000094,969,1447,-478
104000095,1684,1176,508
104000096,1175,198,977
104000097,1350,855,495
104000098,1875,1086,789
104000100,1396,642,754
104000101,1143,1427,-284
104000106,45,594,-549
104000107,655,598,57
104000108,267,461,-194
104000109,304,77,227
104000110,728,1005,-277
104000111,3476,1993,1483
104000112,2260,571,1689
104000116,3,934,-931
104000117,134,542,-408
104000118,475,252,223
104000119,623,281,342
104000120,270,637,-367
104000121,223,728,-505
104000122,571,729,-158
104000123,828,1107,-279
104000124,1000,2092,-1092
104000125,2986,3465,-479
104000126,401,368,33
104000127,1463,3281,-1818
104000128,654,520,134
104000129,331,34,297
104000130,5,210,-205
104000131,706,539,167
104000132,448,530,-82
104000133,1357,902,455
104000134,900,1464,-564
104000135,448,1620,-1172
104000136,766,3563,-2797
104000137,1580,445,1135
104000138,806,242,564
104000139,6003,2805,3198
104000141,1039,1278,-239
104000142,552,759,-207
104000143,504,594,-90
104000144,106,174,-68
104000145,360,240,120
104000146,305,609,-304
104000147,120,317,-197
104000148,274,124,150
104000149,163,336,-173
104000150,879,429,450
104000151,394,513,-119
104000152,489,588,-99
104000153,489,412,77
104000154,1109,619,490
104000155,415,519,-104
104000157,921,1405,-484
104000158,436,424,12
104000159,771,410,361
104000160,1559,1791,-232
104000161,154,183,-29
104000162,72,153,-81
104000165,1023,1037,-14
104000167,662,895,-233
104000168,466,9,457
104000169,92,50,42
104000170,561,514,47
104000248,306,617,-311
104000251,61,221,-160
104000272,0,0,0
104000273,0,0,0
104000274,0,0,0
104000275,0,0,0
104000279,637,430,207
104000290,79,275,-196
104000291,613,1041,-428
104000293,619,680,-61
104000294,19,0,19
104000295,467,674,-207
104000296,264,528,-264
104000297,668,1602,-934
104000298,1801,589,1212
104000299,695,1222,-527
104900001,192,365,-173
104900002,56,154,-98
104900003,53,306,-253
104900004,106,295,-189
104900005,188,223,-35
104900006,273,73,200
104900007,217,217,0
104900009,122,303,-181
104900010,59,72,-13
104900011,28,14,14
104900012,228,23,205
104900013,170,17,153
104900014,2723,339,2384
104900015,108,5,103
104900016,208,237,-29
104900017,146,138,8
104900018,6,196,-190
104900019,353,2117,-1764
104900020,50,240,-190
104900021,0,125,-125
104900022,8,116,-108
104900023,1,70,-69
104900024,20,76,-56
104900025,67,234,-167
104900026,0,80,-80
104900027,396,257,139
104900028,21,83,-62
104900029,48,82,-34
104900030,483,196,287
104900031,81,202,-121
104900032,36,104,-68
104900033,78,219,-141
104900034,328,146,182
104900035,235,167,68
104900036,231,89,142
104900037,121,211,-90
104900038,429,549,-120
104900039,705,270,435
104900040,455,123,332
104900041,261,159,102
104900042,106,201,-95
104900043,33,115,-82
104900044,489,173,316
104900045,405,59,346
104900046,136,95,41
104900047,289,134,155
104900048,238,88,150
104900049,24,19,5
104900050,258,79,179
104900051,292,60,232
104900052,32,0,32
104900053,409,81,328
104900054,123,28,95
104900055,63,1,62
104900056,158,20,138
104900057,37,1,36
104900058,437,168,269
104900059,97,70,27
104900060,2,302,-300
104900061,187,466,-279
104900063,4,121,-117
104900064,0,84,-84
104900065,1,138,-137
104900066,0,141,-141
104900067,4,298,-294
104900068,9,188,-179
104900070,158,240,-82
104900071,2,430,-428
104900072,32,276,-244
104900073,69,152,-83
104900074,49,213,-164
104900075,56,49,7
104900076,94,287,-193
104900077,721,198,523
104900078,211,473,-262
104900079,102,431,-329
104900080,85,423,-338
104900082,10,401,-391
104900085,1,190,-189
104900087,303,3,300
104900089,101,0,101
104900090,865,631,234
104900091,889,647,242
104900093,206,472,-266
104900097,1941,1614,327
104900098,101,33,68
104900099,286,601,-315
104900100,457,223,234
104900102,21,141,-120
104900103,423,39,384
104900104,2601,1648,953
104900106,118,108,10
104900107,99,198,-99
104900108,26,218,-192
104900109,106,157,-51
104900110,8,51,-43
104900111,108,83,25
104900112,234,718,-484
104900113,680,302,378
104900114,265,427,-162
104900115,553,399,154
104900116,281,200,81
104900118,25,59,-34
104900119,7,39,-32
104900120,60,209,-149
104900121,1,68,-67
104900122,4,81,-77
104900123,40,6,34
104900124,20,0,20
104900125,343,9,334
104900126,64,61,3
104900127,29,57,-28
104900128,126,158,-32
104900129,1481,1347,134
105000001,2196,1341,855
105000002,2012,1331,681
105000003,3031,3254,-223
105000004,451,786,-335
105000005,669,858,-189
105000006,1241,1577,-336
105000007,1253,1200,53
105000008,1650,2367,-717
105000009,1894,2846,-952
105000010,3319,2236,1083
105000011,3041,2383,658
105000012,3792,2999,793
105000013,923,964,-41
105000014,1653,2294,-641
105000015,8849,11750,-2901
105000016,2833,1998,835
105000017,1588,830,758
105000018,1363,1350,13
105000019,1652,729,923
105000020,201,369,-168
105000021,246,77,169
105000022,297,105,192
105000023,481,416,65
105000028,80,137,-57
105000029,563,1189,-626
105000030,4180,2797,1383
105000031,8,35,-27
105000033,1060,1841,-781
105000034,176,844,-668
105000037,605,375,230
105000038,1774,1503,271
105000039,2607,1611,996
105000040,1022,937,85
105000041,815,1184,-369
105000042,2703,1606,1097
105000043,2021,2030,-9
105000044,520,401,119
105000045,268,858,-590
105000046,954,325,629
105000047,459,1500,-1041
105000048,534,204,330
105000049,248,507,-259
105000050,665,345,320
105000051,159,436,-277
105000052,666,862,-196
105000053,117,157,-40
105000054,403,858,-455
105000055,1300,282,1018
105000056,1647,1906,-259
105000057,1448,799,649
105000058,1197,1260,-63
105000059,658,573,85
105000060,378,638,-260
105000061,478,555,-77
105000062,564,854,-290
105000063,270,494,-224
105000064,1247,841,406
105000065,373,559,-186
105000066,1063,1432,-369
105000067,1148,825,323
105000068,474,805,-331
105000069,1815,1317,498
105000070,583,775,-192
105000071,257,619,-362
105000072,880,1880,-1000
105000073,758,568,190
105000074,1129,846,283
105000075,423,875,-452
105000076,1147,1134,13
105000077,2456,1025,1431
105000078,1392,1315,77
105000079,1419,2869,-1450
105000080,1702,1184,518
105000081,3278,1208,2070
105000082,1021,1519,-498
105000083,4061,2848,1213
105000084,813,838,-25
105000085,1740,1662,78
105000086,588,939,-351
105000087,1455,1715,-260
105000088,1373,1435,-62
105000089,2692,2135,557
105000090,986,770,216
105000091,1229,1445,-216
105000092,862,849,13
105000093,347,233,114
105000094,293,231,62
105000095,133,485,-352
105000096,1384,1014,370
105000097,1193,802,391
105000098,765,657,108
105000099,962,658,304
105000100,1047,1117,-70
105000101,1892,1761,131
105000102,1776,1427,349
105000103,1263,2037,-774
105000104,3603,897,2706
105000105,2328,1907,421
105000106,1741,1651,90
105000107,1186,984,202
105000108,1353,1492,-139
105000109,1385,1564,-179
105000110,621,604,17
105000111,611,840,-229
105000112,1155,679,476
105000113,351,743,-392
105000114,2632,1046,1586
105000115,305,1133,-828
105000116,584,525,59
105000117,795,1130,-335
105000118,449,509,-60
105000119,676,964,-288
105000120,774,636,138
105000121,729,971,-242
105000122,494,646,-152
105000123,1681,1293,388
105000124,1508,792,716
105000125,853,1822,-969
105000126,1731,1629,102
105000127,2222,1910,312
105000128,891,1062,-171
105000129,714,311,403
105000130,339,2370,-2031
105000131,641,396,245
105000132,685,550,135
105000133,438,931,-493
105000134,597,552,45
105000135,414,566,-152
105000136,113,341,-228
105000137,411,249,162
105000138,194,334,-140
105000139,1014,959,55
105000140,338,556,-218
105000141,309,601,-292
105000142,182,472,-290
105000143,178,646,-468
105000144,280,802,-522
105000145,558,463,95
105000146,458,886,-428
105000147,485,355,130
105000148,1223,638,585
105000149,1913,1974,-61
105000150,2079,1557,522
105000151,446,373,73
105000152,188,536,-348
105000153,498,724,-226
105000154,575,513,62
105000155,249,908,-659
105000156,865,580,285
105000157,861,1473,-612
105000158,1532,667,865
105000159,210,937,-727
105000160,1376,577,799
105000161,601,997,-396
105000162,424,1388,-964
105000163,981,781,200
105000164,235,257,-22
105000165,923,3896,-2973
105000166,4587,742,3845
105000167,1972,1161,811
105000168,348,560,-212
105000169,474,479,-5
105000170,181,1485,-1304
105000171,1050,215,835
105000172,156,79,77
105000173,133,115,18
105000174,37,62,-25
105000175,81,141,-60
105000176,282,116,166
105000177,248,185,63
105000178,117,436,-319
105000179,372,190,182
105000180,122,122,0
105000181,94,257,-163
105000182,41,49,-8
105000183,2064,1678,386
105000184,1930,928,1002
105000185,1401,817,584
105000186,568,640,-72
105000187,811,148,663
105000188,308,103,205
105000189,246,470,-224
105000190,310,332,-22
105000191,400,323,77
105000192,274,79,195
105000193,71,107,-36
105000194,510,155,355
105000195,332,683,-351
105000196,115,265,-150
105000197,299,600,-301
105000198,621,370,251
105000199,336,698,-362
105000200,182,200,-18
105000201,140,39,101
105000203,28,199,-171
105000204,89,81,8
105000205,121,255,-134
105000207,467,216,251
105000208,214,449,-235
105000209,186,407,-221
105000211,217,23,194
105000212,1131,1212,-81
105000213,150,191,-41
105000214,196,270,-74
105000215,293,150,143
105000216,129,476,-347
105000217,146,356,-210
105000218,1089,1004,85
105000221,124,199,-75
105000222,748,127,621
105000223,615,189,426
105000226,102,218,-116
105000227,73,165,-92
105000228,315,1642,-1327
105000229,112,431,-319
105000231,360,313,47
105000233,787,648,139
105000234,765,1096,-331
105000235,382,542,-160
105000237,637,77,560
105000243,22,37,-15
105000248,69,92,-23
105000262,285,1181,-896
105000269,145,215,-70
105000270,443,58,385
105000271,0,229,-229
105000282,77,58,19
105000287,360,111,249
105000288,605,477,128
105000289,2870,1910,960
105000290,13,2,11
105000402,3452,3194,258
105000426,473,525,-52
105000438,3651,1626,2025
105000440,30,31,-1
105000446,10921,5417,5504
105000447,6244,2968,3276
105000454,353,702,-349
105000455,286,165,121
105000474,51,2,49
105000477,350,557,-207
105000478,1504,3474,-1970
105000479,102,144,-42
105000480,8335,5587,2748
105000481,4002,2908,1094
105000482,5173,7347,-2174
105000483,1548,1613,-65
105000484,2391,2970,-579
105000485,1477,2421,-944
105000486,4660,2508,2152
105000488,9224,5463,3761
105000489,745,805,-60
105000549,265,147,118
105000550,570,1585,-1015
105000551,36,104,-68
105000552,2739,1890,849
105000555,1086,889,197
105000556,39,33,6
105000557,48,203,-155
105900001,8,1280,-1272
105900002,1164,568,596
105900003,7,97,-90
105900004,277,131,146
105900005,6,180,-174
105900006,9,99,-90
105900007,151,25,126
105900008,68,579,-511
105900009,20,7,13
105900011,149,24,125
105900012,397,95,302
105900013,2,40,-38
105900014,14,68,-54
105900015,189,301,-112
105900016,487,567,-80
105900017,1135,38,1097
105900018,152,156,-4
105900019,72,289,-217
105900020,44,48,-4
105900021,29,203,-174
105900022,239,147,92
105900023,7,91,-84
105900024,21,203,-182
105900025,200,52,148
105900026,242,20,222
105900027,6169,7174,-1005
105900028,816,289,527
105900029,1328,361,967
105900030,197,220,-23
105900031,378,216,162
105900032,43,159,-116
105900033,59,139,-80
105900034,198,233,-35
105900035,130,120,10
105900036,90,109,-19
105900037,95,80,15
105900038,199,236,-37
105900039,129,96,33
105900040,42,112,-70
105900041,130,164,-34
105900042,61,118,-57
105900043,1008,72,936
105900044,5,237,-232
105900045,2,615,-613
105900046,8,231,-223
105900047,9,43,-34
105900048,95,472,-377
105900050,6038,2863,3175
105900051,35,949,-914
105900052,512,321,191
105900053,2707,2406,301
105900054,328,198,130
105900056,584,336,248
105900057,29,128,-99
105900058,11,24,-13
105900059,0,31,-31
106000001,3859,2289,1570
106000002,2162,4545,-2383
106000003,2323,3248,-925
106000004,1634,2181,-547
106000005,2768,5790,-3022
106000006,5626,4006,1620
106000007,469,624,-155
106000008,438,316,122
106000009,589,409,180
106000010,543,530,13
106000011,954,1025,-71
106000012,813,1239,-426
106000013,1613,2050,-437
106000014,1575,1598,-23
106000015,1454,1240,214
106000016,1070,1960,-890
106000017,356,558,-202
106000018,484,348,136
106000019,384,474,-90
106000020,227,457,-230
106000021,328,394,-66
106000022,256,301,-45
106000023,525,399,126
106000024,434,501,-67
106000025,78,198,-120
106000026,95,233,-138
106000027,1115,1255,-140
106000028,576,508,68
106000029,779,1262,-483
106000030,565,400,165
106000034,247,578,-331
106000035,1199,1941,-742
106000036,195,425,-230
106000037,1767,1412,355
106000038,374,93,281
106000039,134,82,52
106000040,134,839,-705
106000041,718,462,256
106000043,609,253,356
106000046,389,124,265
106000047,54,423,-369
106000049,783,283,500
106000050,322,704,-382
106000051,573,386,187
106000052,94,562,-468
106000053,254,146,108
106000054,303,433,-130
106000055,844,1020,-176
106000056,253,322,-69
106000057,257,342,-85
106000058,106,145,-39
106000059,231,350,-119
106000060,342,502,-160
106000061,191,462,-271
106000062,141,468,-327
106000063,557,469,88
106000064,56,334,-278
106000065,290,265,25
106000066,119,322,-203
106000067,488,90,398
106000068,66,576,-510
106000069,172,78,94
106000070,441,804,-363
106000071,874,336,538
106000072,2471,1407,1064
106000073,1483,2669,-1186
106000074,554,623,-69
106000075,332,1336,-1004
106000076,1849,2123,-274
106000077,3079,1545,1534
106000078,871,956,-85
106000079,520,936,-416
106000080,1038,650,388
106000081,568,1032,-464
106000082,2044,859,1185
106000083,393,1446,-1053
106000084,1093,727,366
106000085,1373,1377,-4
106000086,605,944,-339
106000087,856,553,303
106000088,367,786,-419
106000089,782,382,400
106000090,267,588,-321
106000091,287,511,-224
106000092,521,255,266
106000093,247,191,56
106000094,88,256,-168
106000095,650,702,-52
106000096,787,704,83
106000097,941,871,70
106000098,734,1119,-385
106000099,222,730,-508
106000100,1085,252,833
106000101,1284,297,987
106000102,282,662,-380
106000103,420,493,-73
106000104,875,469,406
106000105,404,623,-219
106000106,520,543,-23
106000107,154,315,-161
106000108,247,373,-126
106000109,183,322,-139
106000110,218,376,-158
106000111,196,424,-228
106000112,203,527,-324
106000113,695,484,211
106000114,487,602,-115
106000115,229,413,-184
106000116,242,220,22
106000117,867,687,180
106000118,1082,1284,-202
106000119,1412,892,520
106000120,735,973,-238
106000121,163,164,-1
106000122,79,271,-192
106000123,396,157,239
106000124,50,271,-221
106000125,38,220,-182
106000126,260,164,96
106000127,735,761,-26
106000128,643,290,353
106000129,451,570,-119
106000130,639,371,268
106000131,184,807,-623
106000132,510,195,315
106000133,1717,1173,544
106000134,610,1513,-903
106000135,280,664,-384
106000136,597,934,-337
106000137,97,715,-618
106000138,830,122,708
106000139,42,101,-59
106000140,35,80,-45
106000141,71,87,-16
106000142,101,53,48
106000143,56,55,1
106000144,52,52,0
106000145,217,247,-30
106000146,295,137,158
106000147,412,512,-100
106000148,481,825,-344
106000149,551,420,131
106000150,434,1743,-1309
106000151,3207,677,2530
106000152,824,1606,-782
106000153,111,865,-754
106000154,1226,237,989
106000155,96,255,-159
106000156,597,255,342
106000157,628,1423,-795
106000158,1972,905,1067
106000159,2784,1662,1122
106000160,301,2105,-1804
106000161,1428,456,972
106000162,264,795,-531
106000163,487,406,81
106000164,328,326,2
106000165,180,549,-369
106000166,589,283,306
106000167,347,988,-641
106000168,409,243,166
106000169,213,619,-406
106000170,822,277,545
106000171,241,1128,-887
106000172,2448,1553,895
106000173,1212,2399,-1187
106000174,918,368,550
106000175,307,798,-491
106000176,1367,850,517
106000177,709,2134,-1425
106000178,2877,1713,1164
106000179,1216,2136,-920
106000180,728,1215,-487
106000181,636,1524,-888
106000182,1085,817,268
106000183,1171,678,493
106000184,1792,722,1070
106000185,938,1082,-144
106000186,784,213,571
106000187,207,1017,-810
106000188,8,1,7
106000189,22,46,-24
106000190,25,0,25
106000191,610,225,385
106000192,4,20,-16
106000193,489,268,221
106000194,139,342,-203
106000195,877,125,752
106000196,130,313,-183
106000197,759,205,554
106000198,269,221,48
106000199,942,683,259
106000200,211,223,-12
106000201,476,2036,-1560
106000202,3297,523,2774
106000203,47,175,-128
106000204,90,6,84
106000205,55,182,-127
106000206,124,21,103
106000207,30,622,-592
106000208,1188,178,1010
106000209,1116,354,762
106000210,290,913,-623
106000211,308,1026,-718
106000212,691,348,343
106000213,746,1712,-966
106000214,2318,702,1616
106000215,381,471,-90
106000216,393,356,37
106000217,256,455,-199
106000218,459,408,51
106000219,142,282,-140
106000220,372,287,85
106000221,176,262,-86
106000222,49,108,-59
106000223,177,118,59
106000224,231,257,-26
106000225,80,110,-30
106000226,132,234,-102
106000228,73,98,-25
106000229,57,657,-600
106000231,869,142,727
106000232,115,334,-219
106000233,799,106,693
106000234,457,200,257
106000235,1943,69,1874
106000236,954,60,894
106000237,46,18,28
106000238,551,12,539
106000239,2,219,-217
106000240,29,3,26
106000241,24,634,-610
106000242,224,22,202
106000249,62,81,-19
106000250,71,491,-420
106000251,187,27,160
106000252,69,67,2
106000253,17,57,-40
106000254,58,32,26
106000255,16,149,-133
106000256,42,54,-12
106000257,155,249,-94
106000258,685,21,664
106000259,20,43,-23
106000260,55,14,41
106000261,5,83,-78
106000262,102,7,95
106000263,4,75,-71
106000264,149,7,142
106000265,14,161,-147
106000266,78,28,50
106000267,13,71,-58
106000268,627,86,541
106000269,93,31,62
106000270,137,496,-359
106000271,76,260,-184
106000272,304,40,264
106000273,10,268,-258
106000274,173,33,140
106000275,125,270,-145
106000276,150,50,100
106000277,89,301,-212
106000278,190,36,154
106000279,11,39,-28
106000280,81,88,-7
106000281,71,55,16
106000282,80,58,22
106000283,123,69,54
106000284,80,109,-29
106000285,87,88,-1
106000286,81,146,-65
106000287,122,87,35
106000288,81,166,-85
106000289,97,58,39
106000290,75,91,-16
106000291,112,123,-11
106000292,67,109,-42
106000293,146,94,52
106000294,137,87,50
106000295,41,61,-20
106000296,18,90,-72
106000297,58,232,-174
106000298,117,63,54
106000299,70,111,-41
106000300,57,97,-40
106000301,106,121,-15
106000303,13,104,-91
106000304,29,20,9
106000305,47,66,-19
106000306,30,57,-27
106000307,79,52,27
106000308,13,113,-100
106000309,23,74,-51
106000310,326,448,-122
106000311,401,196,205
106000312,98,161,-63
106000313,177,218,-41
106000318,92,359,-267
106000319,822,200,622
106000320,2,48,-46
106000321,368,77,291
106000322,146,167,-21
106000324,14,145,-131
106000325,1370,899,471
106000326,894,1626,-732
106000327,132,165,-33
106000328,15,140,-125
106000329,198,267,-69
106000330,124,55,69
106000428,83,190,-107
106000429,141,459,-318
106000430,340,1240,-900
106000431,2189,458,1731
106000432,2022,2954,-932
106000433,2116,1557,559
106000434,2884,1689,1195
106000435,1573,2518,-945
106000436,17,222,-205
106000437,349,58,291
106000438,498,129,369
106000439,80,327,-247
106000440,330,399,-69
106000441,1,0,1
106000442,135,10,125
106000443,161,295,-134
106000450,5,155,-150
106000451,32,37,-5
106000454,7,571,-564
106000455,18,196,-178
106000456,106,48,58
106000457,19,1053,-1034
106000458,668,124,544
106000459,219,377,-158
106000460,1225,38,1187
106000461,93,1318,-1225
106000462,0,42,-42
106000463,3,25,-22
106000464,17,455,-438
106000465,609,2,607
106000466,5,552,-547
106000467,508,666,-158
106000468,74,165,-91
106000469,192,1,191
106000470,290,1541,-1251
106000471,23,682,-659
106000472,184,14,170
106000473,39,17,22
106000474,356,577,-221
106000475,611,309,302
106000476,213,205,8
106000477,34,119,-85
106000480,0,310,-310
106900001,0,13,-13
106900002,3,413,-410
106900003,257,814,-557
106900004,1,20,-19
106900006,0,3,-3
106900007,0,11,-11
106900008,225,193,32
106900009,248,294,-46
106900010,204,280,-76
106900012,1469,1697,-228
106900013,676,131,545
106900014,22,3,19
106900015,15,1,14
106900016,265,12,253
106900017,7,2,5
106900018,1,0,1
106900019,40,6,34
106900020,2348,1168,1180
106900021,118,94,24
106900022,564,2,562
106900023,60,288,-228
106900024,452,45,407
106900025,61,597,-536
106900026,1,586,-585
106900027,648,7,641
107000001,3541,3131,410
107000002,3328,5057,-1729
107000003,4868,5907,-1039
107000004,4540,5021,-481
107000005,3828,4963,-1135
107000006,6042,4983,1059
107000007,5061,8935,-3874
107000008,11390,8855,2535
107000009,6154,6575,-421
107000010,11334,9974,1360
107000011,1284,1391,-107
107000012,4460,3322,1138
107000013,76,139,-63
107000014,50,259,-209
107000015,547,769,-222
107000016,593,804,-211
107000017,3859,1325,2534
107000018,33,933,-900
107000020,2425,1069,1356
107000021,1712,568,1144
107000022,818,1408,-590
107000023,2573,275,2298
107000024,562,1334,-772
107000025,226,374,-148
107000026,260,540,-280
107000027,1315,1091,224
107000028,1188,1649,-461
107000029,2957,2720,237
107000030,3070,3128,-58
107000031,3569,2426,1143
107000032,576,1057,-481
107000033,2927,4573,-1646
107000034,3045,1571,1474
107000035,293,260,33
107000036,408,1174,-766
107000037,100,746,-646
107000038,270,243,27
107000039,881,839,42
107000040,172,362,-190
107000041,1349,733,616
107000042,655,1958,-1303
107000043,2350,1195,1155
107000044,547,441,106
107000045,76,316,-240
107000046,727,386,341
107000047,385,773,-388
107000048,623,311,312
107000049,664,761,-97
107000050,1113,573,540
107000051,421,372,49
107000052,1121,954,167
107000053,365,197,168
107000054,72,293,-221
107000055,410,154,256
107000056,457,770,-313
107000057,1396,223,1173
107000058,2125,2207,-82
107000059,2113,3134,-1021
107000060,3736,5032,-1296
107000061,4950,3634,1316
107000062,3603,2891,712
107000063,3858,4921,-1063
107000064,3934,2143,1791
107000065,4647,4680,-33
107000066,1745,2343,-598
107000067,1120,1153,-33
107000068,1292,676,616
107000069,640,458,182
107000070,1267,22,1245
107000071,2777,51,2726
107000072,59,2786,-2727
107000073,694,324,370
107000074,148,850,-702
107000075,1661,547,1114
107000076,752,1535,-783
107000077,3210,1406,1804
107000078,2891,3350,-459
107000079,2377,1118,1259
107000080,1266,3220,-1954
107000081,1396,625,771
107000082,633,1869,-1236
107000083,1298,386,912
107000084,403,1964,-1561
107000085,2938,3465,-527
107000086,3595,3411,184
107000087,2556,2080,476
107000088,3309,3567,-258
107000089,1408,1614,-206
107000090,1045,1206,-161
107000091,1295,896,399
107000092,795,1090,-295
107000093,1179,825,354
107000094,1096,1172,-76
107000095,630,709,-79
107000096,558,851,-293
107000097,775,407,368
107000098,1075,791,284
107000099,606,306,300
107000100,313,381,-68
107000101,100,172,-72
107000102,211,297,-86
107000103,280,185,95
107000104,178,281,-103
107000105,377,166,211
107000106,765,280,485
107000107,526,179,347
107000108,155,612,-457
107000109,651,180,471
107000110,72,471,-399
107000111,261,50,211
107000112,63,283,-220
107000113,515,158,357
107000114,100,519,-419
107000115,448,146,302
107000116,76,736,-660
107000117,134,493,-359
107000118,156,161,-5
107000119,1361,1515,-154
107000120,1177,406,771
107000121,900,795,105
107000122,1235,934,301
107000123,392,676,-284
107000124,581,864,-283
107000125,896,655,241
107000126,958,832,126
107000129,211,775,-564
107000130,536,270,266
107000131,357,603,-246
107000132,463,353,110
107000133,976,129,847
107000134,336,2,334
107000135,2,254,-252
107000136,824,13,811
107000137,6,406,-400
107000138,358,23,335
107000139,22,427,-405
107000140,1794,119,1675
107000141,176,658,-482
107000142,550,84,466
107000143,90,711,-621
107000144,733,408,325
107000145,154,468,-314
107000146,224,332,-108
107000147,4288,1262,3026
107000150,692,2865,-2173
107000151,33,137,-104
107000152,476,1292,-816
107000153,209,408,-199
107000154,359,315,44
107000155,821,34,787
107000156,1067,42,1025
107000157,49,1474,-1425
107000158,564,31,533
107000159,64,983,-919
107000160,801,157,644
107000161,99,1502,-1403
107000162,266,520,-254
107000163,276,9,267
107000164,571,4,567
107000165,973,7,966
107000166,70,1162,-1092
107000167,664,359,305
107000168,941,522,419
107000169,705,929,-224
107000170,1744,1019,725
107000171,753,1757,-1004
107000172,860,1295,-435
107000173,668,861,-193
107000174,911,4570,-3659
107000175,6380,1786,4594
107000176,0,5,-5
107000177,2,0,2
107000178,24,66,-42
107000179,315,2195,-1880
107000180,1174,388,786
107000181,423,1268,-845
107000182,1604,877,727
107000183,118,806,-688
107000184,986,771,215
107000185,371,1215,-844
107000186,1081,419,662
107000187,1527,1451,76
107000188,739,660,79
107000189,361,1176,-815
107000190,566,731,-165
107000191,921,1306,-385
107000192,1608,798,810
107000193,390,429,-39
107000194,847,687,160
107000197,792,268,524
107000198,281,778,-497
107000199,677,680,-3
107000200,549,652,-103
107000201,544,372,172
107000202,357,450,-93
107000203,1452,746,706
107000204,1549,1018,531
107000205,2331,959,1372
107000206,895,1299,-404
107000207,673,914,-241
107000208,896,590,306
107000209,1996,1235,761
107000210,824,410,414
107000211,4,36,-32
107000212,22,289,-267
107000213,5,38,-33
107000214,48,137,-89
107000215,417,390,27
107000216,473,310,163
107000217,280,139,141
107000219,81,120,-39
107000220,352,205,147
107000222,289,773,-484
107000224,446,103,343
107000225,372,403,-31
107000226,400,107,293
107000227,167,273,-106
107000228,99,210,-111
107000229,237,130,107
107000230,1015,474,541
107000231,1751,1736,15
107000232,165,71,94
107000233,1629,975,654
107000234,3,66,-63
107000235,63,10,53
107000236,14,465,-451
107000237,19,1,18
107000238,97,3,94
107000239,3155,457,2698
107000240,96,885,-789
107000243,0,56,-56
107000244,4,100,-96
107000246,5,1001,-996
107000249,2,1062,-1060
107000251,8,417,-409
107000252,6,1087,-1081
107000255,434,118,316
107000257,2,407,-405
107000258,0,126,-126
107000259,6,169,-163
107000260,652,14,638
107000262,6,500,-494
107000263,183,27,156
107000266,6,24,-18
107000267,89,155,-66
107000268,127,140,-13
107000269,770,57,713
107000270,4,10,-6
107000271,11,628,-617
107000272,17,137,-120
107000273,20,211,-191
107000274,2327,297,2030
107000275,133,1173,-1040
107000280,706,38,668
107000281,51,897,-846
107000282,91,868,-777
107000290,11,39,-28
107000291,53,9,44
107000292,8,90,-82
107000293,97,4,93
107000294,0,42,-42
107000295,156,2,154
107000296,0,14,-14
107000444,288,11,277
107000496,5,21,-16
107000497,1495,2491,-996
107000500,280,335,-55
107000501,124,159,-35
107000502,154,292,-138
107000505,429,798,-369
107000506,1,34,-33
107000508,11,625,-614
107000509,241,905,-664
107000510,65,30,35
107000514,81,303,-222
107000515,19,173,-154
107000516,287,257,30
107000518,1089,1197,-108
107000519,1868,903,965
107000520,54,31,23
107000521,594,357,237
107000522,864,606,258
107900001,66,161,-95
107900002,45,11,34
107900003,242,22,220
107900004,20,3,17
107900005,981,6,975
107900006,129,3,126
107900007,273,33,240
107900008,93,24,69
107900009,164,10,154
107900010,29,1,28
107900012,239,32,207
107900013,225,47,178
107900014,27,3,24
107900015,873,6,867
107900016,398,99,299
107900017,9,5,4
107900018,59,99,-40
107900019,18,42,-24
107900020,86,12,74
107900021,77,150,-73
107900023,1,0,1
107900024,2,32,-30
107900025,207,247,-40
107900026,59,55,4
107900027,27,61,-34
107900028,66,66,0
107900030,146,24,122
107900031,84,126,-42
107900032,10,5,5
107900033,13,4,9
107900034,356,19,337
107900035,761,43,718
107900036,43,11,32
107900037,0,47,-47
107900038,138,209,-71
107900039,20,47,-27
107900040,77,134,-57
107900041,4,1,3
107900043,20,89,-69
107900044,13,6,7
107900045,115,47,68
107900046,186,153,33
107900047,54,54,0
107900048,157,5,152
107900049,350,1439,-1089
107900050,122,296,-174
107900051,62,51,11
107900052,62,33,29
107900053,44,102,-58
107900055,445,220,225
107900056,78,37,41
107900057,0,0,0
107900058,48,590,-542
107900060,142,34,108
107900061,15,13,2
107900063,73,120,-47
107900064,221,128,93
107900065,139,17,122
107900066,23,10,13
107900067,1,0,1
107900068,137,380,-243
107900069,58,1896,-1838
107900070,106,34,72
107900071,35,837,-802
107900072,80,146,-66
107900073,456,105,351
107900074,813,281,532
107900076,112,50,62
107900077,65,2,63
107900079,12,21,-9
107900080,340,514,-174
107900081,56,156,-100
107900082,34,18,16
107900083,297,183,114
107900084,66,113,-47
107900086,116,147,-31
107900087,663,163,500
107900088,40,5,35
107900089,261,970,-709
107900090,530,2047,-1517
107900091,220,411,-191
107900093,75,91,-16
107900095,3235,2276,959
107900097,35,57,-22
107900098,38,115,-77
107900100,1020,1171,-151
107900101,1070,248,822
107900102,32,10,22
107900103,59,148,-89
107900104,287,8,279
107900105,0,326,-326
107900106,4,971,-967
107900107,936,400,536
107900108,235,175,60
107900109,1143,18,1125
107900110,34,98,-64
107900111,29,747,-718
107900112,76,266,-190
107900113,206,125,81
107900114,133,145,-12
107900115,0,43,-43
107900116,126,190,-64
107900117,460,346,114
107900118,84,218,-134
107900119,61,317,-256
107900120,51,19,32
107900121,2,199,-197
107900122,2,84,-82
107900123,3,46,-43
107900124,11,23,-12
107900125,36,232,-196
107900126,8,62,-54
107900127,424,270,154
107900128,71,54,17
107900129,57,40,17
107900130,49,36,13
107900131,692,282,410
107900132,161,405,-244
107900133,1,83,-82
107900134,35,82,-47
107900135,7,201,-194
107900136,27,27,0
107900137,190,79,111
107900138,63,57,6
107900139,24,122,-98
107900141,42,37,5
107900142,114,815,-701
107900143,96,47,49
107900144,2,137,-135
107900145,10,82,-72
107900146,50,101,-51
107900147,54,64,-10
107900148,114,93,21
107900149,899,243,656
107900150,73,707,-634
107900151,21,107,-86
107900152,11,148,-137
107900153,143,266,-123
107900154,52,31,21
107900155,62,99,-37
107900156,3,336,-333
107900157,27,55,-28
107900158,674,23,651
107900159,33,731,-698
107900160,112,131,-19
107900161,21,169,-148
107900162,3,44,-41
107900163,55,32,23
107900164,5,64,-59
107900165,25,68,-43
107900166,13,166,-153
107900167,17,52,-35
107900168,33,29,4
107900169,0,159,-159
107900171,16,1281,-1265
107900172,4,328,-324
107900173,15,131,-116
107900174,85,8,77
107900175,67,36,31
107900176,25,42,-17
107900177,2,87,-85
107900178,0,132,-132
107900179,12,129,-117
107900180,650,389,261
107900181,349,235,114
107900182,3,1052,-1049
107900183,47,220,-173
107900184,160,195,-35
107900185,118,4,114
107900186,20,56,-36
107900187,0,86,-86
107900188,645,165,480
107900189,31,109,-78
107900190,57,136,-79
107900191,60,117,-57
107900193,11,42,-31
107900194,171,7,164
107900195,2287,360,1927
107900196,60,82,-22
107900197,855,381,474
107900199,4,910,-906
107900201,68,113,-45
107900203,27,67,-40
107900204,272,169,103
107900206,979,233,746
107900207,3,591,-588
107900208,24,618,-594
107900209,426,155,271
107900210,82,127,-45
107900213,446,376,70
107900214,16,119,-103
107900215,154,295,-141
107900216,192,77,115
107900217,46,79,-33
107900218,12,1249,-1237
107900219,57,143,-86
107900220,226,266,-40
107900221,144,214,-70
107900223,61,529,-468
107900224,114,269,-155
107900225,10,604,-594
107900226,118,106,12
107900227,111,379,-268
107900228,12,134,-122
107900229,2,210,-208
107900230,12,112,-100
107900231,10,180,-170
107900232,93,158,-65
107900233,7,111,-104
107900234,95,113,-18
107900235,15,93,-78
107900236,120,99,21
107900237,70,375,-305
107900238,30,84,-54
107900239,841,450,391
107900240,19,83,-64
107900241,9,76,-67
107900242,33,194,-161
107900243,3,69,-66
107900244,270,2,268
107900245,589,43,546
107900246,1251,19,1232
107900248,339,432,-93
107900249,540,32,508
107900250,1,458,-457
107900251,97,1202,-1105
107900252,745,31,714
107900253,110,3,107
107900254,56,553,-497
107900255,305,95,210
107900256,2203,895,1308
107900257,146,120,26
107900258,94,244,-150
107900259,89,1658,-1569
107900261,9,286,-277
107900262,71,128,-57
107900264,146,5,141
107900265,343,138,205
107900267,180,17,163
107900268,33,12,21
107900269,2,9,-7
107900270,0,0,0
107900271,1,35,-34
107900272,117,19,98
107900273,64,121,-57
107900274,56,0,56
107900275,32,3,29
107900276,4,100,-96
107900277,0,177,-177
107900278,218,387,-169
107900279,116,154,-38
107900280,1613,2268,-655
107900281,1530,2123,-593
107900282,70,369,-299
107900283,811,394,417
107900284,543,634,-91
107900285,104,70,34
107900286,205,109,96
107900287,181,172,9
107900290,0,115,-115
107900291,386,27,359
107900292,107,191,-84
107900293,59,432,-373
107900295,73,62,11
107900297,3,302,-299
107900298,741,772,-31
107900299,2959,1852,1107
107900301,1324,558,766
107900302,86,48,38
107900303,202,252,-50
107900304,222,460,-238
107900305,231,10,221
107900306,17,30,-13
107900307,60,248,-188
107900308,206,88,118
107900309,89,27,62
107900310,285,0,285
107900311,9,216,-207
107900312,47,1,46
107900313,0,127,-127
107900314,1,61,-60
107900315,1,54,-53
107900316,37,2,35
107900317,96,16,80
107900318,19,111,-92
107900319,4,165,-161
107900320,2,165,-163
107900321,140,5,135
107900322,4,161,-157
107900323,4,121,-117
107900324,142,2,140
107900325,82,0,82
107900326,251,207,44
107900327,2,63,-61
107900328,125,1,124
107900329,115,72,43
107900330,6,255,-249
107900331,185,57,128
107900332,220,21,199
107900333,39,20,19
107900334,10,158,-148
107900335,100,47,53
107900336,75,68,7
107900337,940,700,240
107900338,3,138,-135
107900339,6,35,-29
107900340,1,55,-54
107900341,51,1,50
107900342,101,115,-14
107900343,39,2,37
107900344,6,54,-48
107900345,92,34,58
107900346,26,2,24
107900347,26,2,24
107900348,5,5,0
107900349,20,2,18
107900350,17,245,-228
107900351,8,161,-153
107900352,2,34,-32
107900353,14,6,8
107900354,33,43,-10
108000001,2631,3379,-748
108000002,2151,2716,-565
108000003,3123,3100,23
108000004,12163,15042,-2879
108000005,7723,6261,1462
108000006,8644,8352,292
108000007,4993,4163,830
108000008,4343,6676,-2333
108000009,3632,4098,-466
108000010,3782,4471,-689
108000011,11383,11334,49
108000012,16752,15564,1188
108000014,1028,664,364
108000015,685,241,444
108000016,303,761,-458
108000017,983,365,618
108000018,1741,627,1114
108000019,1944,706,1238
108000020,1367,479,888
108000021,350,1704,-1354
108000022,403,1318,-915
108000023,1126,279,847
108000024,387,514,-127
108000025,268,293,-25
108000026,733,461,272
108000027,739,800,-61
108000028,734,276,458
108000029,467,956,-489
108000030,495,203,292
108000031,252,657,-405
108000032,1413,597,816
108000033,712,1117,-405
108000034,1333,465,868
108000035,637,2353,-1716
108000036,348,949,-601
108000037,1377,459,918
108000038,2183,563,1620
108000039,547,1923,-1376
108000040,1667,948,719
108000041,622,2369,-1747
108000042,255,254,1
108000043,182,321,-139
108000044,490,206,284
108000045,335,593,-258
108000046,1314,262,1052
108000047,382,993,-611
108000048,310,407,-97
108000049,1208,243,965
108000050,140,621,-481
108000051,331,148,183
108000052,267,740,-473
108000053,427,238,189
108000054,458,1012,-554
108000055,934,543,391
108000056,1467,1331,136
108000057,506,1142,-636
108000058,1909,3460,-1551
108000059,3269,2101,1168
108000060,213,594,-381
108000061,294,557,-263
108000062,651,486,165
108000063,429,529,-100
108000064,160,210,-50
108000065,515,551,-36
108000066,1330,749,581
108000067,1785,630,1155
108000068,552,406,146
108000069,261,1024,-763
108000070,1599,764,835
108000071,634,1483,-849
108000072,1527,1200,327
108000073,1276,1744,-468
108000074,529,468,61
108000075,372,920,-548
108000076,679,576,103
108000077,602,705,-103
108000078,1913,1533,380
108000079,903,1673,-770
108000080,1102,589,513
108000081,704,1754,-1050
108000082,978,1792,-814
108000083,1653,1058,595
108000084,634,1135,-501
108000085,786,534,252
108000086,796,677,119
108000087,178,1736,-1558
108000088,672,186,486
108000089,352,360,-8
108000091,256,536,-280
108000092,170,88,82
108000093,166,476,-310
108000094,417,74,343
108000095,164,334,-170
108000096,280,167,113
108000097,130,422,-292
108000098,1408,1355,53
108000099,990,272,718
108000100,125,480,-355
108000101,1592,1406,186
108000102,1714,3147,-1433
108000106,900,1,899
108000107,2,583,-581
108000108,770,53,717
108000109,10,625,-615
108000110,189,328,-139
108000111,180,679,-499
108000112,60,152,-92
108000113,424,238,186
108000115,309,309,0
108000117,607,330,277
108000118,618,1585,-967
108000119,606,312,294
108000120,189,695,-506
108000121,278,467,-189
108000122,460,290,170
108000123,1730,245,1485
108000124,918,606,312
108000125,327,302,25
108000126,152,391,-239
108000127,543,413,130
108000128,615,528,87
108000129,526,1156,-630
108000130,712,330,382
108000131,1015,687,328
108000132,2125,1606,519
108000133,820,716,104
108000134,615,649,-34
108000135,1108,535,573
108000136,491,947,-456
108000137,465,477,-12
108000138,387,964,-577
108000139,488,364,124
108000140,104,30,74
108000141,40,86,-46
108000142,68,92,-24
108000143,56,403,-347
108000144,391,82,309
108000145,36,11,25
108000146,445,85,360
108000147,18,22,-4
108000148,402,84,318
108000149,23,24,-1
108000150,33,13,20
108000151,290,117,173
108000152,142,490,-348
108000153,408,196,212
108000154,55,20,35
108000155,46,20,26
108000156,825,451,374
108000157,130,762,-632
108000158,85,651,-566
108000159,613,206,407
108000160,2803,1056,1747
108000161,2334,2227,107
108000165,7,142,-135
108000172,9,360,-351
108000173,1827,2008,-181
108000175,552,151,401
108000178,341,281,60
108000179,158,707,-549
108000181,75,43,32
108000182,314,119,195
108000183,71,448,-377
108000184,1010,2000,-990
108000185,224,487,-263
108000186,382,623,-241
108000187,150,586,-436
108000188,535,264,271
108000189,2180,6120,-3940
108000190,48,127,-79
108000192,211,609,-398
108000193,591,27,564
108000194,55,8,47
108000195,2,955,-953
108000196,802,186,616
108000198,724,369,355
108000199,0,191,-191
108000200,387,616,-229
108000203,123,675,-552
108000204,159,93,66
108000205,369,537,-168
108000339,1279,385,894
108000364,278,750,-472
108000365,63,316,-253
108000367,201,395,-194
108000368,5,74,-69
108000369,1143,222,921
108000371,5,626,-621
108000372,749,20,729
108000373,235,200,35
108000376,89,22,67
108000377,425,269,156
108000378,8413,9431,-1018
108000379,22,177,-155
108000381,82,13,69
108000382,151,0,151
108000383,3,206,-203
108900001,94,1097,-1003
108900002,172,55,117
108900003,333,599,-266
108900004,1311,458,853
108900007,174,194,-20
108900008,114,186,-72
108900009,71,133,-62
108900010,229,242,-13
108900011,508,423,85
108900012,233,414,-181
108900013,136,266,-130
108900014,14,163,-149
108900015,0,59,-59
108900016,1,244,-243
108900017,344,379,-35
108900018,110,343,-233
108900019,20,680,-660
108900020,41,188,-147
108900021,73,223,-150
108900022,99,8,91
108900023,5,17,-12
108900024,43,93,-50
108900025,116,158,-42
108900026,21,71,-50
108900027,0,74,-74
108900028,70,277,-207
108900029,50,316,-266
108900030,0,93,-93
108900031,104,413,-309
108900032,8,209,-201
108900033,1,81,-80
108900034,0,228,-228
108900035,362,1224,-862
108900038,2,284,-282
108900039,1,481,-480
108900040,13,92,-79
108900041,4703,2725,1978
108900042,4,344,-340
108900043,38,383,-345
108900044,6,445,-439
108900045,56,455,-399
108900046,71,664,-593
108900047,0,108,-108
108900048,127,842,-715
108900049,2934,1362,1572
108900050,2,212,-210
108900051,2,216,-214
108900052,29,194,-165
108900053,81,187,-106
108900054,65,176,-111
108900055,56,303,-247
108900056,1,138,-137
108900057,0,115,-115
108900058,35,297,-262
108900059,343,36,307
108900060,77,115,-38
108900061,101,32,69
108900062,8,232,-224
108900063,12,265,-253
108900064,187,75,112
108900065,7,207,-200
108900066,352,124,228
108900067,21,170,-149
108900068,4,160,-156
108900069,78,89,-11
108900070,38,109,-71
108900071,56,80,-24
108900072,1801,646,1155
108900073,38,305,-267
108900074,251,367,-116
108900075,74,51,23
108900076,267,81,186
108900077,132,467,-335
108900078,21,138,-117
108900079,813,233,580
108900080,51,674,-623
108900081,69,220,-151
108900082,95,120,-25
108900083,24,219,-195
108900085,2081,172,1909
108900086,83,246,-163
108900087,114,181,-67
108900088,848,414,434
108900089,38,157,-119
108900090,55,221,-166
108900091,93,108,-15
108900092,421,370,51
108900093,95,86,9
108900094,176,79,97
108900095,87,300,-213
108900096,294,20,274
108900097,231,205,26
108900098,2320,692,1628
108900099,357,236,121
108900100,83,102,-19
108900101,198,163,35
108900102,83,744,-661
108900103,116,180,-64
108900105,10,1085,-1075
108900106,411,338,73
108900108,481,69,412
108900109,288,57,231
108900110,210,418,-208
108900111,440,516,-76
108900113,28,58,-30
108900114,75,10,65
108900115,54,86,-32
108900116,61,11,50
108900117,160,14,146
108900118,440,14,426
108900119,184,35,149
108900120,246,171,75
108900121,293,141,152
108900122,125,26,99
108900123,129,147,-18
108900124,406,259,147
108900125,380,2,378
108900126,112,22,90
108900127,123,17,106
108900128,95,56,39
108900129,656,172,484
108900130,294,3,291
108900131,321,2,319
108900132,444,59,385
108900133,172,93,79
108900134,289,259,30
108900135,140,13,127
108900136,66,1,65
108900137,162,0,162
108900138,634,49,585
108900140,296,222,74
108900141,248,9,239
108900142,123,11,112
108900143,57,0,57
108900144,84,0,84
108900145,163,15,148
108900146,68,0,68
108900147,192,1,191
108900148,100,48,52
108900150,254,5,249
108900151,299,7,292
108900152,216,14,202
108900153,158,394,-236
108900154,4192,475,3717
108900156,96,10,86
108900157,19,398,-379
108900158,399,43,356
108900159,3,226,-223
108900160,17,234,-217
108900161,9,356,-347
108900162,115,2,113
108900163,20,212,-192
108900164,57,76,-19
108900168,7084,2290,4794
108900169,55,87,-32
108900171,5926,2464,3462
108900172,179,52,127
108900173,142,305,-163
108900174,631,639,-8
108900176,101,391,-290
108900177,4595,3930,665
108900178,3505,2864,641
108900180,81,228,-147
108900183,173,196,-23
108900184,350,205,145
108900185,183,265,-82
108900186,52,327,-275
108900189,306,166,140
108900190,80,2704,-2624
108900192,75,223,-148
108900195,139,261,-122
108900196,39,298,-259
108900199,220,319,-99
108900200,728,268,460
108900201,470,1326,-856
108900203,429,111,318
108900204,275,8,267
108900205,163,27,136
108900206,493,63,430
108900207,172,77,95
108900208,12,292,-280
108900209,244,469,-225
108900210,176,179,-3
108900211,205,452,-247
108900212,633,1287,-654
108900215,79,355,-276
108900216,499,122,377
108900217,145,2,143
108900218,124,75,49
108900221,46,100,-54
108900224,35,166,-131
108900225,3,145,-142
108900227,105,246,-141
108900230,231,246,-15
108900232,7,227,-220
108900233,293,96,197
108900234,238,154,84
108900235,203,485,-282
108900236,21,244,-223
108900240,198,116,82
108900241,33,51,-18
108900245,9,1167,-1158
108900250,215,132,83
108900258,10,222,-212
108900259,113,76,37
108900260,10,71,-61
108900261,110,111,-1
108900262,144,145,-1
108900263,54,179,-125
108900264,654,318,336
108900265,973,325,648
108900266,877,491,386
108900267,3,71,-68
108900268,9,5,4
108900269,93,30,63
108900270,53,10,43
108900271,23,22,1
108900272,181,8,173
108900273,1004,813,191
108900274,39,54,-15
109000001,2781,1190,1591
109000002,1680,1545,135
109000003,2232,459,1773
109000004,434,1842,-1408
109000005,2214,686,1528
109000006,709,1944,-1235
109000007,1272,623,649
109000008,437,1571,-1134
109000009,3181,1312,1869
109000010,1513,3408,-1895
109000011,2825,2138,687
109000012,1761,3151,-1390
109000013,2733,2478,255
109000014,1687,2820,-1133
109000015,3392,6168,-2776
109000016,5721,3606,2115
109000017,2015,1211,804
109000018,921,2661,-1740
109000019,2301,1336,965
109000020,1017,1910,-893
109000023,251,46,205
109000024,13,157,-144
109000025,328,386,-58
109000026,672,326,346
109000027,53,281,-228
109000028,145,87,58
109000029,59,176,-117
109000030,93,451,-358
109000031,176,237,-61
109000032,121,396,-275
109000033,279,186,93
109000034,80,55,25
109000035,24,95,-71
109000036,201,402,-201
109000037,246,864,-618
109000038,585,371,214
109000039,823,558,265
109000040,4087,6460,-2373
109000041,3229,1695,1534
109000042,585,1234,-649
109000044,376,90,286
109000045,150,339,-189
109000046,297,96,201
109000047,82,431,-349
109000048,722,247,475
109000049,262,547,-285
109000050,291,297,-6
109000051,278,314,-36
109000052,528,985,-457
109000053,197,91,106
109000054,1428,541,887
109000055,432,250,182
109000056,492,526,-34
109000057,569,389,180
109000058,952,295,657
109000059,865,1533,-668
109000060,396,417,-21
109000061,1072,903,169
109000062,165,355,-190
109000063,202,226,-24
109000064,275,167,108
109000065,124,236,-112
109000066,372,104,268
109000067,88,315,-227
109000068,3301,18,3283
109000069,1939,30,1909
109000070,11,1187,-1176
109000071,367,79,288
109000072,101,378,-277
109000073,65,98,-33
109000074,35,178,-143
109000075,88,364,-276
109000076,134,266,-132
109000077,338,321,17
109000078,106,184,-78
109000079,129,212,-83
109000080,160,97,63
109000081,126,566,-440
109000082,604,239,365
109000083,276,779,-503
109000088,92,478,-386
109000089,244,41,203
109000090,153,402,-249
109000091,214,199,15
109000092,319,500,-181
109000093,216,197,19
109000094,394,1,393
109000095,117,398,-281
109000096,508,357,151
109000097,97,163,-66
109000098,56,178,-122
109000099,995,321,674
109000100,232,657,-425
109000101,1372,652,720
109000102,298,729,-431
109000103,507,674,-167
109000104,1374,499,875
109000105,352,1185,-833
109000106,1720,689,1031
109000107,544,2095,-1551
109000108,1476,584,892
109000109,415,1812,-1397
109000110,942,559,383
109000111,882,1815,-933
109000112,636,186,450
109000113,507,152,355
109000114,208,491,-283
109000115,1422,93,1329
109000116,25,257,-232
109000117,234,88,146
109000118,9,305,-296
109000119,928,317,611
109000120,160,683,-523
109000121,444,63,381
109000122,108,660,-552
109000123,37,75,-38
109000124,600,480,120
109000125,818,403,415
109000126,460,686,-226
109000127,753,247,506
109000128,436,1406,-970
109000129,1673,817,856
109000130,650,1937,-1287
109000131,778,570,208
109000132,780,1797,-1017
109000133,480,960,-480
109000134,834,1418,-584
109000135,1024,1503,-479
109000136,327,249,78
109000137,335,348,-13
109000138,411,338,73
109000139,428,481,-53
109000140,285,319,-34
109000141,454,498,-44
109000142,140,474,-334
109000143,96,72,24
109000145,128,399,-271
109000146,109,94,15
109000148,2955,1374,1581
109000149,13,51,-38
109000150,152,265,-113
109000155,687,475,212
109000156,922,681,241
109000158,69,235,-166
109000159,72,425,-353
109000160,725,197,528
109000161,237,995,-758
109000162,1476,789,687
109000163,860,1620,-760
109000164,1228,2552,-1324
109000165,1131,627,504
109000166,560,152,408
109000167,159,543,-384
109000170,61,85,-24
109000171,63,47,16
109000172,39,67,-28
109000173,15,69,-54
109000174,98,70,28
109000175,73,113,-40
109000176,300,281,19
109000177,41,139,-98
109000178,620,407,213
109000179,4849,4229,620
109000180,4327,3212,1115
109000181,19,46,-27
109000182,34,26,8
109000183,37,37,0
109000184,60,17,43
109000185,25,53,-28
109000188,863,1938,-1075
109000189,2535,1090,1445
109000190,551,402,149
109000191,339,462,-123
109000192,313,249,64
109000193,170,294,-124
109000194,257,129,128
109000195,145,322,-177
109000196,271,149,122
109000197,135,357,-222
109000198,260,84,176
109000199,120,444,-324
109000206,188,34,154
109000207,111,34,77
109000208,58,82,-24
109000209,137,182,-45
109000210,246,485,-239
109000211,415,504,-89
109000214,472,379,93
109000215,153,92,61
109000216,167,256,-89
109000217,496,139,357
109000218,834,230,604
109000221,537,1083,-546
109000222,933,299,634
109000223,315,249,66
109000224,46,155,-109
109000225,61,44,17
109000226,54,190,-136
109000227,872,1046,-174
109000228,5,972,-967
109000231,5,240,-235
109000232,328,291,37
109000236,240,746,-506
109000241,2007,2203,-196
109000242,1770,1476,294
109000293,40,72,-32
109000361,160,343,-183
109000364,186,564,-378
109000396,2,482,-480
109000397,461,10,451
109000399,159,432,-273
109000400,83,299,-216
109000403,113,748,-635
109000406,463,14,449
109000407,270,234,36
109000408,1,440,-439
109000410,922,286,636
109000411,191,21,170
109900001,77,3,74
109900002,773,19,754
109900003,207,0,207
109900004,925,126,799
109900005,24,11,13
109900006,368,210,158
109900007,665,493,172
109900008,1,57,-56
109900009,119,440,-321
109900010,434,24,410
109900011,107,67,40
109900012,351,201,150
109900013,313,192,121
109900014,423,54,369
109900015,434,242,192
109900016,163,24,139
109900017,148,221,-73
109900018,244,65,179
109900019,307,63,244
109900020,29,58,-29
109900021,26,18,8
109900022,172,251,-79
109900023,17,3,14
109900024,24,6,18
109900025,30,66,-36
109900026,2,137,-135
109900027,38,75,-37
109900028,1443,821,622
109900029,3,265,-262
109900030,30,22,8
109900031,0,99,-99
109900032,11,334,-323
109900033,3,458,-455
109900034,40,0,40
109900035,16,22,-6
109900036,25,73,-48
109900037,30,420,-390
109900038,50,219,-169
109900039,19,2,17
109900040,17,421,-404
109900041,102,301,-199
109900042,147,474,-327
109900044,312,269,43
109900045,344,102,242
109900046,79,123,-44
109900047,449,341,108
109900048,0,83,-83
109900049,4,25,-21
109900050,2,134,-132
109900051,1,56,-55
109900052,109,301,-192
109900053,6,271,-265
109900054,516,193,323
109900055,49,246,-197
109900056,70,198,-128
109900057,3,158,-155
109900058,3,83,-80
109900059,476,133,343
109900060,433,155,278
109900061,46,278,-232
109900062,1,135,-134
109900063,9,341,-332
109900064,465,263,202
109900065,72,113,-41
109900066,318,870,-552
109900067,0,215,-215
109900068,60,10,50
109900069,2,40,-38
109900070,41,321,-280
109900071,7,25,-18
109900072,34,162,-128
109900073,356,456,-100
109900074,29,51,-22
109900075,32,53,-21
109900076,36,379,-343
109900077,48,84,-36
109900078,81,191,-110
109900080,152,255,-103
109900081,30,223,-193
109900082,24,337,-313
109900083,19,57,-38
109900084,47,186,-139
109900085,213,663,-450
109900086,174,301,-127
109900087,343,580,-237
109900089,579,318,261
109900090,475,871,-396
109900091,258,69,189
109900092,1359,29,1330
109900093,804,141,663
109900094,79,111,-32
109900095,402,172,230
109900096,35,6,29
109900097,81,0,81
109900098,332,40,292
109900099,145,1,144
109900100,44,1,43
109900101,309,6,303
109900102,453,29,424
109900103,36,23,13
109900104,431,671,-240
109900105,405,31,374
109900106,246,67,179
109900107,362,99,263
109900108,99,232,-133
109900109,39,148,-109
109900110,84,332,-248
109900111,245,708,-463
109900112,266,551,-285
109900113,646,557,89
109900114,1232,660,572
109900115,158,122,36
109900117,844,117,727
109900118,263,488,-225
109900119,580,360,220
109900120,86,43,43
109900121,393,495,-102
109900122,410,15,395
109900123,16,127,-111
109900124,46,517,-471
109900125,0,135,-135
109900126,283,96,187
109900128,194,47,147
109900130,5868,2202,3666
109900131,41,174,-133
109900132,30,154,-124
109900133,98,316,-218
109900134,157,82,75
109900135,416,78,338
109900136,132,111,21
109900137,120,298,-178
109900140,239,193,46
109900142,995,296,699
109900145,4,469,-465
109900146,467,66,401
109900148,57,113,-56
109900149,39,80,-41
109900150,4,100,-96
109900151,7,46,-39
109900152,2,24,-22
109900153,3,71,-68
109900154,47,0,47
109900155,78,43,35
109900157,52,231,-179
109900158,37,120,-83
109900159,154,38,116
109900160,189,42,147
109900161,227,88,139
109900162,151,124,27
109900163,610,215,395
109900164,82,215,-133
109900165,283,7,276
109900166,4,151,-147
109900167,180,539,-359
109900168,184,665,-481
109900169,191,217,-26
109900170,221,632,-411
109900171,154,76,78
109900172,139,181,-42
109900173,2657,1878,779
109900174,38,84,-46
109900175,117,75,42
109900176,77,176,-99
109900177,50,223,-173
109900178,51,170,-119
109900179,110,20,90
109900180,9,16,-7
110000001,906,504,402
110000002,571,799,-228
110000003,868,706,162
110000004,534,667,-133
110000005,489,1643,-1154
110000006,402,312,90
110000007,111,112,-1
110000008,16,43,-27
110000009,56,32,24
110000010,28,61,-33
110000011,27,70,-43
110000012,589,377,212
110000013,35,502,-467
110000014,738,417,321
110000015,232,1042,-810
110000016,242,1340,-1098
110000017,2585,261,2324
110000018,2057,343,1714
110000019,6,103,-97
110000020,405,235,170
110000021,787,447,340
110000022,760,222,538
110000023,6,163,-157
110000024,627,347,280
110000025,384,9,375
110000026,10,301,-291
110000027,1208,661,547
110000028,854,829,25
110000029,480,682,-202
110000030,278,511,-233
110000031,246,487,-241
110000032,620,563,57
110000033,323,115,208
110000034,447,831,-384
110000035,746,509,237
110000036,644,789,-145
110000037,201,401,-200
110000038,235,715,-480
110000039,706,2651,-1945
110000040,277,275,2
110000041,243,1176,-933
110000042,61,312,-251
110000043,637,273,364
110000044,144,233,-89
110000045,818,100,718
110000046,2,21,-19
110000047,52,32,20
110000048,11,19,-8
110000049,45,5,40
110000050,12,14,-2
110000051,24,9,15
110000052,32,46,-14
110000053,63,8,55
110000054,464,247,217
110000055,960,67,893
110000056,182,142,40
110000057,327,586,-259
110000058,1101,537,564
110000059,946,563,383
110000060,800,1017,-217
110000061,727,708,19
110000062,640,964,-324
110000063,34,83,-49
110000064,93,68,25
110000065,80,77,3
110000066,47,57,-10
110000067,112,147,-35
110000068,295,122,173
110000069,189,112,77
110000071,108,115,-7
110000073,9,24,-15
110000075,9,94,-85
110000076,247,321,-74
110000077,377,1205,-828
110000078,22,54,-32
110000080,370,679,-309
110000081,205,222,-17
110000082,66,334,-268
110000083,241,584,-343
110000084,1183,749,434
110000085,2244,1707,537
110000086,1885,1797,88
110000087,13,64,-51
110000088,79,226,-147
110000089,319,149,170
110000090,1118,281,837
110000091,1171,289,882
110000092,25,67,-42
110000093,50,7,43
110000094,481,246,235
110000095,176,551,-375
110000096,1955,2040,-85
110000097,1057,1143,-86
110000098,1709,637,1072
110000099,682,1496,-814
110000100,796,491,305
110000101,55,354,-299
110000102,89,53,36
110000104,627,176,451
110000105,154,370,-216
110000106,612,364,248
110000107,305,492,-187
110000108,133,56,77
110000109,291,264,27
110000110,2979,4717,-1738
110000111,5373,2527,2846
110000112,1307,1356,-49
110000113,412,1975,-1563
110000114,202,545,-343
110000115,308,325,-17
110000116,42,88,-46
110000117,172,260,-88
110000118,330,258,72
110000119,213,218,-5
110000120,313,153,160
110000121,102,335,-233
110000122,401,610,-209
110000123,565,772,-207
110000124,1,1087,-1086
110000125,890,14,876
110000126,293,18,275
110000127,1169,44,1125
110000128,30,1232,-1202
110000129,1,641,-640
110000130,360,181,179
110000131,110,484,-374
110000132,2,730,-728
110000133,35,934,-899
110000134,16,430,-414
110000135,195,36,159
110000136,66,318,-252
110000137,480,519,-39
110000138,757,646,111
110000139,741,1069,-328
110000140,908,647,261
110000143,661,469,192
110000144,5293,1941,3352
110000145,2079,1166,913
110000146,1750,809,941
110000147,423,572,-149
110000148,687,252,435
110000151,1052,1001,51
110000152,779,380,399
110000153,71,46,25
110000154,8,32,-24
110000155,1295,3906,-2611
110000156,1167,2396,-1229
110000157,2041,1995,46
110000160,349,330,19
110000161,194,330,-136
110000166,454,115,339
110000167,746,557,189
110000168,927,484,443
110000169,794,360,434
110000170,237,90,147
110000171,612,140,472
110000172,135,701,-566
110000173,1270,1211,59
110000174,149,906,-757
110000175,537,70,467
110000176,1109,285,824
110000177,238,741,-503
110000178,408,1389,-981
110000179,1196,350,846
110000180,177,216,-39
110000181,317,495,-178
110000182,393,131,262
110000183,7817,5638,2179
110000184,361,2085,-1724
110000185,1270,666,604
110000186,748,746,2
110000191,896,342,554
110000192,557,7,550
110000193,1104,8,1096
110000194,13,1052,-1039
110000195,380,328,52
110000196,296,318,-22
110000197,86,193,-107
110000198,166,71,95
110000199,148,108,40
110000200,1749,471,1278
110000201,1548,865,683
110000202,1144,647,497
110000203,1017,695,322
110000204,7,232,-225
110000205,85,73,12
110000206,741,1338,-597
110000207,907,388,519
110000208,244,179,65
110000209,155,868,-713
110000210,983,563,420
110000211,853,739,114
110000212,363,999,-636
110000213,161,103,58
110000214,214,126,88
110000215,220,325,-105
110000216,118,289,-171
110000217,220,171,49
110000218,212,303,-91
110000219,276,68,208
110000220,100,250,-150
110000221,293,79,214
110000222,75,227,-152
110000223,6,205,-199
110000224,95,13,82
110000225,254,666,-412
110000226,280,88,192
110000227,750,616,134
110000228,328,260,68
110000229,0,255,-255
110000230,663,678,-15
110000231,211,203,8
110000232,571,222,349
110000233,473,262,211
110000234,832,687,145
110000235,937,1078,-141
110000236,552,664,-112
110000237,1978,1239,739
110000238,1138,1525,-387
110000239,1650,1066,584
110000240,0,80,-80
110000242,0,5,-5
110000243,102,118,-16
110000244,138,335,-197
110000245,59,384,-325
110000246,915,520,395
110000247,1362,4346,-2984
110000248,1847,1282,565
110000249,87,16,71
110000250,119,151,-32
110000251,258,462,-204
110000252,375,191,184
110000253,1249,625,624
110000254,703,1167,-464
110000255,228,868,-640
110000256,417,307,110
110000257,692,415,277
110000258,7,309,-302
110000259,103,23,80
110000260,18,199,-181
110000263,542,110,432
110000264,339,410,-71
110000265,1051,1856,-805
110000266,1812,2805,-993
110000267,32,140,-108
110000268,346,384,-38
110000269,8,88,-80
110000270,46,2,44
110000271,1323,251,1072
110000272,1215,862,353
110000273,3034,1374,1660
110000274,245,1240,-995
110000275,1639,478,1161
110000276,644,339,305
110000277,286,339,-53
110000278,538,608,-70
110000279,879,768,111
110000280,435,349,86
110000281,48,356,-308
110000282,277,46,231
110000283,81,167,-86
110000284,98,92,6
110000285,4,484,-480
110000286,22,2,20
110000287,59,2,57
110000288,7,98,-91
110000289,409,1390,-981
110000290,1076,687,389
110000291,4189,1338,2851
110000292,1413,4066,-2653
110000293,724,771,-47
110000294,933,1106,-173
110000295,117,796,-679
110000296,395,304,91
110000297,2716,333,2383
110000298,243,630,-387
110000299,348,75,273
110000301,843,36,807
110000302,1295,983,312
110000303,919,5,914
110000304,336,284,52
110000305,1261,18,1243
110000306,132,1110,-978
110000307,1580,6,1574
110000308,460,6,454
110000309,12,651,-639
110000310,909,61,848
110000311,16,555,-539
110000312,444,87,357
110000313,2782,3294,-512
110000314,5,304,-299
110000315,3298,2463,835
110000316,492,1435,-943
110000317,666,471,195
110000318,3,73,-70
110000319,105,28,77
110000320,117,57,60
110000321,17,49,-32
110000322,353,288,65
110000323,557,160,397
110000324,2933,1481,1452
110000325,2548,2423,125
110000327,473,316,157
110000328,165,323,-158
110000333,942,562,380
110000334,866,1232,-366
110000335,757,487,270
110000336,829,1023,-194
110000337,1421,485,936
110000338,496,207,289
110000339,364,206,158
110000340,576,144,432
110000341,401,521,-120
110000342,462,2,460
110000343,1,27,-26
110000344,1807,166,1641
110000345,1885,172,1713
110000346,2388,1903,485
110000347,1128,753,375
110000348,25,32,-7
110000349,8,51,-43
110000350,49,11,38
110000351,873,795,78
110000352,651,1387,-736
110000353,2629,764,1865
110000354,1170,2721,-1551
110000355,92,85,7
110000356,598,5,593
110000357,322,24,298
110000361,13,44,-31
110000362,66,21,45
110000363,321,141,180
110000364,200,357,-157
110000365,185,0,185
110000366,0,81,-81
110000367,379,197,182
110000368,4,56,-52
110000369,211,4,207
110000373,3,267,-264
110000374,279,12,267
110000375,170,1021,-851
110000376,26,129,-103
110000377,87,493,-406
110000378,21,304,-283
110000379,2659,1642,1017
110000380,61,13,48
110000383,3,1207,-1204
110000384,2488,947,1541
110000385,1,158,-157
110000387,106,19,87
110000388,42,231,-189
110000389,710,6,704
110000391,908,315,593
110000396,156,132,24
110000397,155,149,6
110000398,8,44,-36
110000399,129,1,128
110000587,260,66,194
110000589,218,220,-2
110000640,132,47,85
110000652,19,128,-109
110000653,326,458,-132
110000654,104,213,-109
110000656,0,620,-620
110000674,24,6,18
110000675,10,10,0
110000676,2,30,-28
110000679,461,1127,-666
110000682,122,213,-91
110000683,379,643,-264
110000684,5,35,-30
110000685,8,21,-13
110000686,2,24,-22
110000687,49,3,46
110000688,64,748,-684
110000689,51,59,-8
110000692,49,147,-98
110000693,95,262,-167
110000694,0,170,-170
110000695,455,522,-67
110000696,60,81,-21
110900001,295,17,278
110900002,675,159,516
110900003,589,511,78
110900004,395,198,197
110900005,2248,2003,245
110900006,58,10,48
110900007,120,26,94
110900008,16,68,-52
110900009,411,92,319
110900010,6,86,-80
110900011,28,76,-48
110900012,10,92,-82
110900013,743,200,543
110900014,830,23,807
110900015,465,534,-69
110900016,35,129,-94
110900017,363,34,329
110900018,397,56,341
110900019,185,23,162
110900020,78,277,-199
110900021,94,521,-427
110900022,318,274,44
110900023,79,396,-317
110900024,19,398,-379
110900025,5,32,-27
110900027,46,228,-182
110900028,38,96,-58
110900029,25,275,-250
110900030,35,198,-163
110900031,1,151,-150
110900032,0,72,-72
110900033,52,203,-151
110900035,11,564,-553
110900036,101,19,82
110900037,45,44,1
110900038,743,227,516
110900039,6,227,-221
110900040,163,43,120
110900041,2,94,-92
110900042,112,66,46
110900043,2,91,-89
110900044,232,14,218
110900045,64,395,-331
110900046,32,215,-183
110900047,531,227,304
110900049,73,80,-7
110900050,28,6,22
110900051,44,243,-199
110900052,9,136,-127
110900053,67,37,30
110900054,189,179,10
110900055,30,3,27
110900056,88,118,-30
110900057,7,168,-161
110900058,208,200,8
110900059,673,495,178
110900060,456,103,353
110900061,33,28,5
110900062,145,244,-99
110900063,51,470,-419
110900064,29,0,29
110900065,403,160,243
110900066,7,140,-133
110900067,328,569,-241
110900068,225,276,-51
110900069,9,23,-14
110900070,107,102,5
110900071,318,479,-161
110900073,0,35,-35
110900074,283,64,219
110900075,355,129,226
110900077,1129,634,495
110900078,28,45,-17
110900079,2466,1273,1193
110900080,137,92,45
110900081,3,57,-54
110900082,145,153,-8
110900083,97,59,38
110900084,37,84,-47
110900085,54,251,-197
110900086,49,368,-319
110900087,288,78,210
110900088,7,0,7
110900090,31,38,-7
110900091,0,64,-64
110900093,264,148,116
110900095,57,63,-6
110900097,5,12,-7
110900098,24,74,-50
110900099,57,338,-281
110900100,0,41,-41
110900102,64,27,37
110900105,586,228,358
110900108,14,89,-75
110900111,460,500,-40
110900112,858,5,853
110900113,419,48,371
110900115,10,67,-57
110900116,593,1625,-1032
110900118,110,2360,-2250
110900119,3444,313,3131
110900120,10,60,-50
110900121,129,2,127
110900122,387,193,194
110900125,403,439,-36
110900127,570,1184,-614
110900128,510,516,-6
110900129,443,915,-472
110900130,1072,633,439
110900131,212,56,156
110900132,260,41,219
110900133,169,181,-12
110900135,79,314,-235
110900136,341,23,318
110900139,43,0,43
110900140,1,0,1
110900141,475,205,270
110900142,45,146,-101
110900143,157,71,86
110900144,4,602,-598
110900145,234,28,206
110900146,445,152,293
110900147,156,294,-138
110900148,4,285,-281
110900149,0,71,-71
110900150,58,23,35
110900151,3,50,-47
110900152,36,195,-159
110900153,154,52,102
111000001,451,524,-73
111000002,960,677,283
111000003,967,701,266
111000004,506,945,-439
111000005,1101,1152,-51
111000006,904,1493,-589
111000007,3738,2468,1270
111000008,2064,3043,-979
111000009,389,901,-512
111000010,785,219,566
111000011,434,1190,-756
111000012,767,307,460
111000013,438,1072,-634
111000014,2036,591,1445
111000017,135,907,-772
111000018,257,412,-155
111000020,918,2490,-1572
111000021,57,101,-44
111000023,95,98,-3
111000025,4112,4224,-112
111000029,108,151,-43
111000030,41,120,-79
111000031,2092,1389,703
111000032,846,451,395
111000033,271,389,-118
111000034,218,161,57
111000037,1653,1279,374
111000038,3860,2680,1180
111000039,1956,2296,-340
111000040,1811,2474,-663
111000041,1971,1780,191
111000042,3033,2549,484
111000043,1656,2725,-1069
111000044,1668,1226,442
111000045,2082,2389,-307
111000046,1402,1959,-557
111000047,2125,3792,-1667
111000049,472,465,7
111000050,1409,1422,-13
111000051,442,912,-470
111000052,820,1553,-733
111000053,397,805,-408
111000054,308,850,-542
111000055,950,1646,-696
111000056,161,457,-296
111000057,58,514,-456
111000058,345,68,277
111000059,887,251,636
111000060,4153,854,3299
111000061,505,371,134
111000062,741,396,345
111000063,2841,1022,1819
111000064,581,695,-114
111000065,966,1111,-145
111000066,387,521,-134
111000067,852,626,226
111000068,649,1133,-484
111000069,2152,2383,-231
111000070,1307,1116,191
111000071,275,682,-407
111000072,1088,501,587
111000073,343,800,-457
111000074,1509,1783,-274
111000075,1124,649,475
111000076,443,562,-119
111000077,1696,1954,-258
111000078,2890,1596,1294
111000079,1306,873,433
111000080,440,773,-333
111000081,1661,3916,-2255
111000082,601,706,-105
111000084,741,524,217
111000085,892,1361,-469
111000086,2449,1250,1199
111000087,689,720,-31
111000088,4651,2080,2571
111000089,739,745,-6
111000090,899,1437,-538
111000091,677,472,205
111000092,1147,926,221
111000093,945,1068,-123
111000094,2511,1134,1377
111000095,610,2187,-1577
111000096,2242,7191,-4949
111000097,4596,1869,2727
111000098,826,1356,-530
111000099,634,1888,-1254
111000100,364,1572,-1208
111000101,447,725,-278
111000102,282,491,-209
111000104,541,209,332
111000107,99,620,-521
111000109,460,278,182
111000110,1260,737,523
111000111,1987,582,1405
111000112,1918,662,1256
111000113,985,1418,-433
111000114,2353,3456,-1103
111000115,5961,1495,4466
111000116,919,1036,-117
111000117,471,1004,-533
111000118,2702,941,1761
111000119,940,1192,-252
111000120,409,654,-245
111000121,304,704,-400
111000122,603,1309,-706
111000123,996,2752,-1756
111000124,436,2423,-1987
111000125,290,1402,-1112
111000126,108,893,-785
111000127,880,171,709
111000128,1586,405,1181
111000129,2427,541,1886
111000130,1794,758,1036
111000131,1395,692,703
111000132,1142,705,437
111000133,188,183,5
111000134,181,136,45
111000135,58,195,-137
111000136,294,358,-64
111000138,20,10,10
111000140,5,6,-1
111000141,169,363,-194
111000142,9,140,-131
111000143,3,124,-121
111000144,33,384,-351
111000145,2186,25,2161
111000146,152,8,144
111000147,365,62,303
111000148,148,59,89
111000149,7,35,-28
111000150,32,9,23
111000151,4,46,-42
111000153,687,748,-61
111000154,813,234,579
111000155,83,171,-88
111000156,429,642,-213
111000157,293,1025,-732
111000158,700,692,8
111000159,2142,681,1461
111000160,407,379,28
111000161,12,238,-226
111000162,152,164,-12
111000163,761,818,-57
111000164,698,3190,-2492
111000165,1119,514,605
111000166,2081,427,1654
111000167,186,491,-305
111000168,223,458,-235
111000169,313,678,-365
111000170,572,450,122
111000171,526,705,-179
111000172,184,467,-283
111000173,417,837,-420
111000174,182,365,-183
111000175,61,229,-168
111000176,583,190,393
111000177,349,258,91
111000178,1109,451,658
111000179,171,229,-58
111000180,237,631,-394
111000181,975,256,719
111000182,223,211,12
111000183,1293,355,938
111000184,370,278,92
111000185,578,479,99
111000186,1086,293,793
111000187,147,244,-97
111000188,212,372,-160
111000189,1188,600,588
111000190,227,430,-203
111000191,193,399,-206
111000192,241,625,-384
111000193,292,303,-11
111000194,102,329,-227
111000195,197,329,-132
111000196,88,200,-112
111000197,391,223,168
111000198,795,179,616
111000199,224,146,78
111000200,347,375,-28
111000201,549,268,281
111000202,247,251,-4
111000203,286,323,-37
111000204,452,1101,-649
111000213,225,564,-339
111000214,1651,1391,260
111000215,1119,1391,-272
111000217,1363,1123,240
111000218,1380,1116,264
111000219,444,195,249
111000220,1604,595,1009
111000221,883,130,753
111000224,78,417,-339
111000225,322,304,18
111000226,116,2,114
111000227,33,11,22
111000228,28,282,-254
111000229,51,741,-690
111000230,229,315,-86
111000231,1031,852,179
111000232,642,970,-328
111000233,841,754,87
111000234,135,320,-185
111000239,135,150,-15
111000240,27,157,-130
111000241,46,311,-265
111000242,181,43,138
111000243,154,565,-411
111000244,494,75,419
111000245,1496,482,1014
111000246,476,376,100
111000247,256,870,-614
111000248,643,483,160
111000249,429,747,-318
111000250,52,78,-26
111000251,30,86,-56
111000253,27,21,6
111000255,47,22,25
111000257,40,32,8
111000260,65,913,-848
111000261,1121,154,967
111000271,48,275,-227
111000273,3326,1557,1769
111000274,1123,2102,-979
111000275,170,104,66
111000276,245,1895,-1650
111000277,164,397,-233
111000278,578,357,221
111000291,682,4571,-3889
111000298,541,233,308
111000299,560,138,422
111000300,124,561,-437
111000302,292,88,204
111000303,83,238,-155
111000312,54,65,-11
111000315,18,144,-126
111000320,331,657,-326
111000321,338,104,234
111000322,338,516,-178
111000323,200,29,171
111000324,340,323,17
111000325,37,87,-50
111000326,182,365,-183
111000327,464,418,46
111000328,254,566,-312
111000329,3,43,-40
111000330,74,8,66
111000331,22,8,14
111000332,504,1418,-914
111000334,409,1488,-1079
111000335,1273,249,1024
111000337,1040,398,642
111000338,73,125,-52
111000339,620,375,245
111000340,376,609,-233
111000341,1307,694,613
111000342,276,768,-492
111000344,1066,764,302
111000345,392,66,326
111000346,14,115,-101
111000347,114,19,95
111000350,235,133,102
111000351,179,305,-126
111000352,204,107,97
111000353,96,232,-136
111000354,563,111,452
111000355,442,526,-84
111000358,149,1154,-1005
111000360,211,606,-395
111000361,120,298,-178
111000546,979,603,376
111000547,459,553,-94
111000548,133,307,-174
111000549,342,380,-38
111000550,111,869,-758
111000551,805,207,598
111000552,2398,207,2191
111000907,356,13,343
111000908,25,0,25
111000916,1382,288,1094
111000917,52,392,-340
111000918,209,748,-539
111000920,546,15,531
111000921,12,226,-214
111000922,530,296,234
111000924,38,726,-688
111000925,2723,1885,838
111000926,976,1647,-671
111000927,2968,4260,-1292
111000928,4034,3736,298
111000929,2264,1281,983
111000930,1135,2473,-1338
111000931,1806,2812,-1006
111000932,3819,2418,1401
111000933,3424,2513,911
111000934,1954,3405,-1451
111000935,1185,1176,9
111000936,1127,2202,-1075
111000937,880,1705,-825
111000938,1417,1811,-394
111000939,413,78,335
111000940,399,166,233
111000941,483,462,21
111000943,311,372,-61
111000944,145,394,-249
111000945,102,1430,-1328
111001109,491,330,161
111001110,164,427,-263
111001111,100,4,96
111001112,115,17,98
111001113,2,171,-169
111001114,872,121,751
111001115,78,494,-416
111001116,4850,3688,1162
111001117,599,2837,-2238
111001120,123,298,-175
111001121,224,281,-57
111001122,208,481,-273
111001123,211,134,77
111001124,53,306,-253
111001125,5,71,-66
111001126,1,0,1
111001127,0,1,-1
111900001,16,226,-210
111900002,1,627,-626
111900003,3,289,-286
111900004,63,104,-41
111900006,7,46,-39
111900007,76,2,74
111900008,184,1,183
111900009,112,2,110
111900010,392,532,-140
111900012,74,89,-15
111900013,28,43,-15
111900014,4804,3197,1607
111900015,0,51,-51
111900016,0,115,-115
111900017,1,87,-86
111900018,163,6,157
111900019,1,87,-86
111900020,1,56,-55
111900021,37,115,-78
111900022,11,61,-50
111900023,102,103,-1
111900024,19,68,-49
111900025,0,37,-37
111900026,0,81,-81
111900027,2,130,-128
111900028,1,294,-293
111900029,7,113,-106
111900030,46,333,-287
111900031,2,21,-19
111900032,2,271,-269
111900033,7,92,-85
111900034,303,486,-183
111900035,160,154,6
111900036,2,234,-232
111900038,286,603,-317
111900039,40,354,-314
111900040,1,474,-473
111900042,27,141,-114
111900043,5,337,-332
111900044,335,172,163
111900046,60,124,-64
111900048,199,655,-456
111900049,55,202,-147
111900050,95,29,66
111900051,4,200,-196
111900052,445,402,43
111900053,1092,1184,-92
111900054,106,13,93
111900055,39,412,-373
111900056,230,297,-67
111900057,112,40,72
111900058,334,622,-288
111900059,1669,519,1150
111900060,378,1,377
111900061,7,172,-165
111900062,47,74,-27
111900063,559,250,309
111900064,154,223,-69
111900065,68,24,44
111900066,119,138,-19
111900067,2,369,-367
111900068,40,34,6
111900069,68,34,34
111900070,163,143,20
111900071,3,307,-304
111900072,60,11,49
111900073,669,127,542
111900074,14,186,-172
111900075,76,7,69
111900076,130,44,86
111900077,32,1,31
111900078,247,20,227
111900079,35,29,6
111900080,210,277,-67
111900082,116,34,82
111900083,105,13,92
111900084,105,5,100
111900085,40,109,-69
111900086,39,6,33
111900087,84,0,84
111900088,386,5,381
111900089,112,7,105
111900090,72,57,15
111900091,240,1,239
111900092,81,0,81
111900093,312,4,308
111900094,99,0,99
111900095,205,37,168
111900096,139,14,125
111900097,69,0,69
111900098,176,1,175
111900099,69,0,69
111900100,275,12,263
111900101,76,20,56
111900102,888,440,448
111900103,78,69,9
111900104,141,67,74
111900105,331,201,130
111900106,852,49,803
111900110,1514,412,1102
111900111,313,148,165
111900112,541,2602,-2061
111900113,259,98,161
111900118,309,100,209
111900119,309,157,152
111900122,188,97,91
111900123,40,36,4
111900124,26,97,-71
111900125,434,25,409
111900126,256,3,253
111900127,2,550,-548
111900128,10,422,-412
111900129,267,3,264
111900130,242,20,222
111900131,409,3,406
111900132,26,883,-857
111900133,4,286,-282
111900134,10,195,-185
111900135,14,30,-16
111900136,85,149,-64
111900137,87,109,-22
111900138,15,78,-63
111900139,28,180,-152
111900140,77,16,61
111900141,127,24,103
111900142,113,46,67
111900143,31,223,-192
111900144,0,91,-91
111900145,0,355,-355
111900146,3,240,-237
111900147,119,401,-282
111900148,27,549,-522
111900149,8,225,-217
111900150,23,137,-114
111900151,4,18,-14
111900152,72,89,-17
111900153,1504,418,1086
111900154,10,201,-191
111900155,47,80,-33
111900156,41,66,-25
111900157,107,20,87
111900158,473,68,405
111900159,281,15,266
111900160,219,0,219
111900161,159,8,151
111900162,64,132,-68
111900163,51,203,-152
111900164,77,81,-4
111901113,351,174,177
111901114,325,283,42
111901115,68,1,67
111901116,29,5,24
111901117,30,26,4
111901118,50,234,-184
111901119,821,59,762
111901121,238,216,22
111901122,3,493,-490
111901123,146,316,-170
111901124,135,1,134
111901125,311,193,118
111901127,483,257,226
111901128,7,69,-62
111901129,5,90,-85
111901130,11,154,-143
111901131,3,164,-161
111901132,58,12,46
111901133,33,0,33
111901134,62,2,60
111901135,19,7,12
111901136,3,18,-15
111901138,238,50,188
111901139,9,35,-26
111901140,5,70,-65
111901141,10,132,-122
111901142,8,94,-86
111901143,0,74,-74
111901144,41,43,-2
111901145,117,269,-152
111901146,474,28,446
111901147,494,166,328
111901148,20,57,-37
111901149,23,2,21
111901150,11,0,11
112000001,1613,764,849
112000002,664,2130,-1466
112000003,1128,957,171
112000004,754,1015,-261
112000005,2592,3053,-461
112000006,1943,1875,68
112000007,2415,1839,576
112000008,2023,3209,-1186
112000009,3014,2902,112
112000010,2255,2714,-459
112000011,1537,1468,69
112000012,3520,3305,215
112000013,4573,2690,1883
112000014,2882,1595,1287
112000015,4166,2650,1516
112000016,4147,1133,3014
112000017,2120,1873,247
112000024,2525,1174,1351
112000026,3743,4662,-919
112000027,831,539,292
112000028,1365,1455,-90
112000029,426,538,-112
112000030,152,107,45
112000031,1229,3786,-2557
112000032,421,77,344
112000033,1928,1524,404
112000034,288,78,210
112000035,212,317,-105
112000036,938,729,209
112000037,1403,612,791
112000038,1527,741,786
112000039,59,64,-5
112000040,99,274,-175
112000041,456,470,-14
112000042,1077,399,678
112000050,1102,1296,-194
112000051,835,1140,-305
112000054,1716,1875,-159
112000057,466,420,46
112000058,255,491,-236
112000059,476,774,-298
112000061,2721,1857,864
112000062,1435,672,763
112000063,1109,1553,-444
112000064,3772,4957,-1185
112000065,1883,2363,-480
112000066,3354,1342,2012
112000067,784,707,77
112000068,2870,2165,705
112000069,925,1637,-712
112000070,1933,835,1098
112000071,918,2379,-1461
112000072,1990,938,1052
112000073,1439,1944,-505
112000074,1271,1015,256
112000075,1343,1118,225
112000076,3267,2591,676
112000077,983,571,412
112000078,1605,596,1009
112000079,1277,1184,93
112000080,677,781,-104
112000081,1284,2345,-1061
112000082,1268,903,365
112000083,496,1204,-708
112000084,1000,890,110
112000085,966,986,-20
112000086,1461,1516,-55
112000087,357,411,-54
112000088,649,706,-57
112000089,353,330,23
112000090,320,255,65
112000091,634,1034,-400
112000092,1793,1278,515
112000093,1548,921,627
112000094,534,885,-351
112000095,591,889,-298
112000096,516,615,-99
112000097,918,703,215
112000098,935,940,-5
112000099,558,1501,-943
112000100,1676,906,770
112000101,660,1058,-398
112000102,1062,618,444
112000103,340,1099,-759
112000105,565,1680,-1115
112000106,1531,599,932
112000107,92,258,-166
112000108,236,1605,-1369
112000109,134,169,-35
112000110,1902,734,1168
112000111,1172,3066,-1894
112000112,4301,713,3588
112000113,840,1622,-782
112000114,2526,966,1560
112000115,378,476,-98
112000116,463,975,-512
112000117,865,771,94
112000118,999,869,130
112000119,418,863,-445
112000120,84,389,-305
112000121,107,466,-359
112000122,308,212,96
112000123,619,240,379
112000124,293,98,195
112000125,213,278,-65
112000126,208,466,-258
112000127,2004,1821,183
112000128,784,567,217
112000129,118,111,7
112000130,232,107,125
112000131,38,342,-304
112000132,136,235,-99
112000133,304,168,136
112000134,406,396,10
112000135,2001,683,1318
112000136,1394,1332,62
112000137,2247,1571,676
112000138,2500,1249,1251
112000139,976,621,355
112000140,1106,1169,-63
112000141,631,366,265
112000142,174,540,-366
112000143,998,297,701
112000144,287,1201,-914
112000145,2165,619,1546
112000146,588,1917,-1329
112000147,2468,1863,605
112000148,1724,2176,-452
112000149,482,611,-129
112000150,250,705,-455
112000151,390,444,-54
112000152,308,453,-145
112000153,209,322,-113
112000154,122,196,-74
112000155,127,117,10
112000157,791,525,266
112000158,325,499,-174
112000159,403,401,2
112000167,302,114,188
112000169,373,414,-41
112000173,595,220,375
112000175,385,404,-19
112000176,2639,1851,788
112000177,477,196,281
112000178,72,353,-281
112000179,188,97,91
112000180,240,385,-145
112000181,1434,1856,-422
112000182,1059,1501,-442
112000183,28,63,-35
112000184,408,413,-5
112000185,480,556,-76
112000187,3264,2200,1064
112000195,139,21,118
112000196,184,0,184
112000197,130,156,-26
112000198,65,221,-156
112000199,1260,882,378
112000202,387,1,386
112000216,74,290,-216
112000230,87,4,83
112000231,7,201,-194
112000256,37,254,-217
112000313,91,143,-52
112000314,35,40,-5
112000337,284,624,-340
112000352,352,376,-24
112000392,1063,1118,-55
112000398,1126,927,199
112000399,1484,1763,-279
112000400,1709,3248,-1539
112000401,2894,2507,387
112000402,2385,2673,-288
112000403,1715,2469,-754
112000404,691,789,-98
112000405,1764,2761,-997
112000406,3245,2625,620
112000407,5964,8122,-2158
112000408,7644,7352,292
112000409,1738,4997,-3259
112000410,474,318,156
112000411,3868,1430,2438
112000412,1567,671,896
112000413,7367,4682,2685
112000414,64,88,-24
112000415,123,40,83
112000416,2118,1728,390
112000417,190,78,112
112000421,57,87,-30
112000422,504,319,185
112000424,1992,2200,-208
112000425,433,961,-528
112000426,142,299,-157
112000427,0,25,-25
112000428,285,363,-78
112000429,2154,2503,-349
112000430,2619,2742,-123
112000431,68,117,-49
112000432,704,1207,-503
112000433,369,739,-370
112000437,81,202,-121
112900001,68,2,66
112900002,394,840,-446
112900003,77,416,-339
112900004,45,216,-171
112900005,198,284,-86
112900006,7,315,-308
112900007,46,219,-173
112900008,2,25,-23
112900009,400,115,285
112900010,389,871,-482
112900011,188,287,-99
112900012,1,71,-70
112900013,0,116,-116
112900014,2,298,-296
112900015,375,662,-287
112900016,3,230,-227
112900017,26,137,-111
112900018,5,298,-293
112900019,58,164,-106
112900020,318,990,-672
112900021,4,213,-209
112900022,18,52,-34
112900023,1,198,-197
112900024,16,209,-193
112900025,76,201,-125
112900026,4,203,-199
112900027,38,996,-958
112900028,16,111,-95
112900029,25,557,-532
112900030,174,134,40
112900031,4,425,-421
112900032,131,276,-145
112900034,2,38,-36
112900035,3,360,-357
112900036,35,145,-110
112900037,189,196,-7
112900038,481,178,303
112900039,20,274,-254
112900040,4,340,-336
112900041,702,1009,-307
112900042,65,322,-257
112900043,34,52,-18
112900044,563,426,137
112900045,357,318,39
112900046,229,57,172
112900047,21,35,-14
112900049,179,76,103
112900050,28,433,-405
112900051,298,672,-374
112900052,8,982,-974
112900053,529,79,450
112900054,215,48,167
112900055,165,50,115
112900056,425,302,123
112900057,29,607,-578
112900058,315,381,-66
112900059,150,97,53
112900060,17,141,-124
112900061,84,121,-37
112900062,127,149,-22
112900063,172,14,158
112900064,172,206,-34
112900065,26,31,-5
112900066,171,122,49
112900067,467,219,248
112900068,40,48,-8
112900069,1830,705,1125
112900071,26,15,11
112900072,178,1629,-1451
112900073,253,96,157
112900074,103,203,-100
112900075,1293,710,583
112900076,107,49,58
112900078,311,453,-142
112900079,402,45,357
112900080,65,6,59
112900081,54,166,-112
112900082,459,35,424
112900083,133,95,38
112900084,273,104,169
112900086,100,0,100
112900087,627,134,493
112900088,123,10,113
112900089,754,25,729
112900090,48,14,34
112900091,262,8,254
112900092,173,243,-70
112900093,1751,37,1714
112900095,53,2,51
112900096,456,185,271
112900097,119,264,-145
112900098,53,2,51
112900099,675,20,655
112900100,123,0,123
112900101,326,68,258
112900102,152,11,141
112900103,214,4,210
112900104,154,3,151
112900105,24,0,24
112900106,377,128,249
112900107,3,2,1
112900108,35,0,35
112900109,117,0,117
112900110,1029,25,1004
112900111,760,7,753
112900112,274,4,270
112900113,0,5,-5
112900114,135,60,75
112900115,1278,3,1275
112900116,156,19,137
112900117,138,78,60
112900118,25,67,-42
112900119,154,7,147
112900120,866,277,589
112900121,104,217,-113
112900122,18,116,-98
112900123,151,22,129
112900124,13,98,-85
112900125,48,450,-402
112900126,189,239,-50
112900127,315,127,188
112900128,387,805,-418
112900129,5,795,-790
112900130,253,57,196
112900131,71,249,-178
112900132,276,440,-164
112900133,39,1009,-970
112900134,2,229,-227
112900135,92,24,68
112900137,4,452,-448
112900138,6,219,-213
112900139,181,1012,-831
112900141,595,34,561
112900142,77,125,-48
112900143,32,518,-486
112900144,3,298,-295
112900145,37,532,-495
112900146,10,1133,-1123
112900147,6,1724,-1718
112900148,64,6,58
112900149,302,765,-463
112900151,14,48,-34
112900152,3667,914,2753
112900153,1789,2089,-300
112900154,1,130,-129
112900155,163,21,142
112900156,254,1234,-980
112900157,337,95,242
112900158,56,27,29
112900159,181,125,56
112900160,79,283,-204
112900161,97,38,59
112900162,39,16,23
112900163,132,62,70
112900164,56,258,-202
112900165,366,32,334
112900166,13,96,-83
112900167,8,67,-59
112900168,12,3,9
112900169,12,16,-4
112900170,121,94,27
112900172,66,18,48
112900173,157,90,67
112900174,192,42,150
112900175,143,152,-9
112900176,10,56,-46
112900177,236,70,166
112900178,914,2261,-1347
112900179,39,453,-414
112900180,1693,1555,138
112900181,434,6,428
112900182,40,1003,-963
112900183,159,307,-148
112900184,358,322,36
112900185,263,622,-359
112900186,1151,812,339
112900187,110,661,-551
112900188,694,365,329
112900189,5,24,-19
112900190,23,38,-15
112900192,520,544,-24
112900193,1161,314,847
112900194,53,75,-22
112900195,757,56,701
112900196,198,250,-52
112900197,228,350,-122
112900199,562,483,79
112900200,417,232,185
112900201,127,104,23
112900202,391,750,-359
112900203,234,224,10
112900204,894,661,233
112900205,14,14,0
112900206,31,89,-58
112900207,31,0,31
112900208,84,328,-244
112900209,468,315,153
112900210,3,12,-9
112900211,108,57,51
112900212,2,116,-114
112900213,104,24,80
112900214,44,21,23
112900215,16,165,-149
112900216,50,82,-32
112900217,19,51,-32
112900218,60,29,31
112900219,65,13,52
112900220,1,0,1
112900221,51,88,-37
112900222,0,16,-16
112900223,851,20,831
112900224,292,426,-134
112900225,399,358,41
112900226,200,361,-161
112900227,524,982,-458
112900228,49,51,-2
112900229,218,58,160
112900230,5706,3376,2330
112900232,213,235,-22
112900233,86,144,-58
112900234,13,96,-83
112900235,128,41,87
112900236,221,10,211
112900237,186,259,-73
112900238,1,42,-41
112900239,989,343,646
112900240,8,75,-67
112900241,17,131,-114
112900242,8,122,-114
112900243,9,108,-99
112900244,6,69,-63
112900245,1,29,-28
112900246,1,17,-16
112900247,150,37,113
112900248,14,1,13
112900249,27,12,15
112900250,49,32,17
112900251,78,18,60
112900252,47,23,24
112900253,28,3,25
112900254,7,3,4
112900255,1,46,-45
112900256,7,49,-42
112900257,10,38,-28
112900258,7,27,-20
113000001,5299,4432,867
113000002,3579,3581,-2
113000003,1819,1514,305
113000004,1794,2331,-537
113000005,1551,843,708
113000006,1106,1289,-183
113000007,2152,1268,884
113000008,2057,1794,263
113000009,892,763,129
113000010,1159,1284,-125
113000011,625,1515,-890
113000012,1561,786,775
113000013,1265,709,556
113000014,1454,1310,144
113000015,432,222,210
113000016,303,711,-408
113000017,55,313,-258
113000018,447,81,366
113000019,165,327,-162
113000020,605,66,539
113000021,1372,588,784
113000022,588,1096,-508
113000025,140,312,-172
113000026,361,373,-12
113000027,710,416,294
113000028,874,416,458
113000029,754,648,106
113000030,415,663,-248
113000031,321,380,-59
113000032,265,303,-38
113000033,265,394,-129
113000034,350,348,2
113000035,35,41,-6
113000036,23,49,-26
113000037,61,40,21
113000038,18,47,-29
113000039,81,322,-241
113000040,73,116,-43
113000042,707,603,104
113000051,903,2354,-1451
113000052,1769,872,897
113000053,422,374,48
113000054,344,761,-417
113000055,1073,686,387
113000056,838,885,-47
113000058,783,885,-102
113000059,1137,740,397
113000060,212,482,-270
113000061,492,941,-449
113000062,927,298,629
113000063,158,122,36
113000064,41,297,-256
113000065,117,789,-672
113000066,571,124,447
113000067,1714,1490,224
113000068,300,1366,-1066
113000069,592,1223,-631
113000070,2288,1301,987
113000071,401,589,-188
113000072,740,568,172
113000073,401,1352,-951
113000074,984,383,601
113000075,2042,780,1262
113000076,634,1848,-1214
113000077,1055,612,443
113000078,701,2035,-1334
113000079,807,814,-7
113000080,806,606,200
113000081,789,794,-5
113000082,1528,740,788
113000083,517,856,-339
113000084,1668,1217,451
113000085,792,692,100
113000086,1314,1357,-43
113000087,1167,947,220
113000088,2272,1359,913
113000089,964,1531,-567
113000090,291,500,-209
113000091,453,364,89
113000094,950,182,768
113000095,206,700,-494
113000096,146,631,-485
113000097,911,397,514
113000098,134,52,82
113000099,839,337,502
113000100,147,405,-258
113000101,397,564,-167
113000102,574,458,116
113000103,1832,579,1253
113000104,408,1844,-1436
113000105,553,356,197
113000106,297,440,-143
113000107,789,762,27
113000108,593,1252,-659
113000109,531,1642,-1111
113000110,1270,415,855
113000111,217,492,-275
113000112,340,394,-54
113000113,1238,440,798
113000114,364,1207,-843
113000116,617,308,309
113000117,761,114,647
113000118,150,419,-269
113000119,316,264,52
113000120,82,259,-177
113000121,588,739,-151
113000124,252,133,119
113000125,55,685,-630
113000127,2501,360,2141
113000128,337,541,-204
113000129,436,598,-162
113000133,1885,1493,392
113000134,8,1000,-992
113000135,3471,3828,-357
113000137,1773,2939,-1166
113000139,292,184,108
113000140,133,239,-106
113000141,204,201,3
113000142,599,925,-326
113000143,191,191,0
113000144,360,647,-287
113000145,86,136,-50
113000146,183,87,96
113000147,176,140,36
113000148,173,105,68
113000149,123,108,15
113000150,418,328,90
113000151,85,67,18
113000152,37,87,-50
113000153,1308,533,775
113000154,756,1462,-706
113000155,291,555,-264
113000156,94,370,-276
113000157,285,854,-569
113000158,691,261,430
113000159,799,791,8
113000160,624,931,-307
113000161,221,390,-169
113000162,692,619,73
113000163,121,75,46
113000164,25,79,-54
113000166,132,120,12
113000167,94,146,-52
113000168,109,135,-26
113000169,181,113,68
113000170,102,92,10
113000171,39,134,-95
113000172,207,93,114
113000173,68,30,38
113000174,144,553,-409
113000175,412,103,309
113000176,488,186,302
113000177,153,498,-345
113000178,167,355,-188
113000179,261,254,7
113000180,633,1104,-471
113000181,1308,908,400
113000182,155,383,-228
113000183,174,545,-371
113000184,23,131,-108
113000189,481,722,-241
113000190,877,529,348
113000192,1735,1721,14
113000193,3774,1360,2414
113000194,2173,1151,1022
113000195,2662,837,1825
113000196,224,78,146
113000197,2005,966,1039
113000198,91,293,-202
113000199,1195,305,890
113000201,88,199,-111
113000202,2934,767,2167
113000203,286,28,258
113000204,1490,1670,-180
113000205,22,22,0
113000206,12,36,-24
113000207,74,30,44
113000208,49,46,3
113000209,46,24,22
113000210,3,28,-25
113000211,206,231,-25
113000212,117,34,83
113000213,41,131,-90
113000214,159,271,-112
113000234,220,822,-602
113000410,169,258,-89
113000411,2438,4056,-1618
113000412,6500,2601,3899
113000413,2527,2766,-239
113000414,6092,11750,-5658
113000415,2135,2831,-696
113000416,7998,4417,3581
113000417,2374,2750,-376
113000418,4233,3122,1111
113000419,1492,1600,-108
113000420,3857,4869,-1012
113000421,3838,5587,-1749
113000422,10750,9391,1359
113000423,2074,4294,-2220
113000424,3051,7999,-4948
113000425,14,90,-76
113000428,84,79,5
113000430,15,166,-151
113000432,1949,188,1761
113000433,156,746,-590
113000434,56,156,-100
113000435,46,636,-590
113000436,43,1048,-1005
113000437,895,32,863
113000438,264,10,254
113000439,39,106,-67
113000440,127,47,80
113000441,178,180,-2
113000442,139,174,-35
113000443,233,232,1
113000444,151,172,-21
113000445,115,107,8
113000446,43,87,-44
113000448,179,147,32
113000449,210,806,-596
113000450,363,1370,-1007
113000451,1177,200,977
113000452,423,456,-33
113000453,75,261,-186
113000454,845,99,746
113000455,69,250,-181
113000456,3353,2514,839
113000468,1486,175,1311
113000469,92,67,25
113000470,403,26,377
113000471,13,383,-370
113000472,79,358,-279
113000474,598,565,33
113000475,1465,1624,-159
113000476,1167,1787,-620
113000477,3297,2064,1233
113000478,4194,5429,-1235
113000479,67,246,-179
113000483,0,0,0
113000484,0,0,0
113000485,3,0,3
113000486,1,0,1
113000487,0,0,0
113000488,4,2,2
113000489,0,0,0
113000490,0,3,-3
113000491,1,1,0
113000492,1,0,1
113000493,0,0,0
113000495,198,209,-11
113000496,148,170,-22
113000499,0,0,0
113900001,0,3,-3
113900002,0,1,-1
113900003,0,2,-2
113900004,0,0,0
113900005,162,65,97
113900006,0,0,0
113900007,16,30,-14
113900008,33,127,-94
113900009,139,60,79
113900010,131,72,59
113900011,64,61,3
113900012,35,50,-15
113900013,251,25,226
113900014,451,3,448
113900015,0,48,-48
113900016,29,0,29
113900017,7,44,-37
113900018,394,245,149
113900019,186,89,97
113900020,129,0,129
113900022,13,0,13
113900023,21,0,21
113900024,119,46,73
113900025,220,6,214
113900026,46,0,46
113900027,0,68,-68
113900028,33,442,-409
113900029,61,199,-138
113900030,180,2,178
113900031,12,0,12
113900032,26,1,25
113900033,65,50,15
113900035,53,0,53
113900036,27,133,-106
113900037,165,424,-259
113900038,58,127,-69
113900039,103,17,86
113900040,10,9,1
113900041,3,10,-7
113900042,92,37,55
113900043,166,112,54
113900044,294,295,-1
113900045,68,4,64
113900046,285,541,-256
113900047,47,78,-31
113900048,224,110,114
113900049,571,318,253
113900050,205,327,-122
113900051,257,366,-109
113900052,155,150,5
113900053,587,514,73
113900054,14,1,13
113900055,101,316,-215
113900056,33,171,-138
113900057,14,58,-44
113900058,46,132,-86
113900059,206,279,-73
113900060,184,215,-31
113900061,875,282,593
113900062,88,4,84
113900063,65,122,-57
113900064,11,119,-108
113900065,358,23,335
113900066,363,331,32
113900067,102,200,-98
113900068,402,324,78
113900069,39,29,10
113900070,181,438,-257
113900071,47,66,-19
113900072,58,183,-125
113900073,206,391,-185
113900074,73,250,-177
113900075,1172,933,239
113900076,140,8,132
113900077,64,150,-86
113900078,45,65,-20
113900079,2,47,-45
113900080,435,254,181
113900081,50,199,-149
113900082,112,189,-77
113900083,253,440,-187
113900084,273,112,161
113900085,49,293,-244
113900086,24,20,4
113900087,70,165,-95
113900088,54,87,-33
113900089,418,44,374
113900090,565,434,131
113900091,16,23,-7
113900092,74,89,-15
113900093,101,714,-613
113900094,416,377,39
113900095,126,99,27
113900096,200,74,126
113900097,49,105,-56
113900098,463,75,388
113900099,0,51,-51
113900100,0,4,-4
113900101,26,59,-33
113900102,154,147,7
113900103,322,258,64
113900104,112,203,-91
113900105,112,226,-114
113900106,0,29,-29
113900107,0,22,-22
113900108,249,244,5
113900109,409,172,237
113900110,32,21,11
113900111,173,122,51
113900112,135,113,22
113900113,829,489,340
113900114,0,56,-56
113900115,0,91,-91
113900116,105,131,-26
113900117,80,28,52
113900118,173,246,-73
113900119,188,455,-267
113900120,58,41,17
113900121,70,95,-25
113900122,325,1534,-1209
113900123,431,308,123
113900124,3,74,-71
113900125,743,130,613
113900126,182,57,125
113900127,310,662,-352
113900128,172,61,111
113900129,9,138,-129
113900130,1,21,-20
113900131,218,96,122
113900132,49,68,-19
113900133,17,67,-50
113900135,294,372,-78
113900136,138,88,50
113900137,328,285,43
113900138,52,135,-83
113900139,301,154,147
113900140,279,312,-33
113900141,517,347,170
113900142,139,86,53
113900143,18,21,-3
113900144,186,179,7
113900145,342,138,204
113900146,158,58,100
113900148,154,282,-128
113900149,134,76,58
113900150,528,409,119
113900151,378,169,209
113900152,34,41,-7
113900153,251,482,-231
113900154,3,102,-99
113900155,183,190,-7
113900156,238,364,-126
113900157,41,273,-232
113900158,328,332,-4
113900159,22,272,-250
113900160,664,495,169
113900161,68,212,-144
113900162,441,703,-262
113900163,225,331,-106
113900164,228,79,149
113900165,1053,450,603
113900166,123,118,5
113900167,258,33,225
113900168,93,100,-7
113900169,194,306,-112
113900171,205,77,128
113900172,3,162,-159
113900173,54,552,-498
113900174,312,489,-177
113900175,367,112,255
113900176,313,516,-203
113900177,332,166,166
113900178,503,132,371
113900179,32,413,-381
113900180,179,101,78
113900181,480,148,332
113900182,683,919,-236
113900183,37,80,-43
113900184,18,440,-422
113900185,227,83,144
113900186,49,37,12
113900187,47,146,-99
113900188,49,174,-125
113900189,247,99,148
113900190,310,101,209
113900191,102,214,-112
113900192,9,379,-370
113900193,26,212,-186
113900194,1455,1029,426
113900195,259,348,-89
113900196,4,119,-115
113900197,1,123,-122
113900198,50,222,-172
113900199,169,633,-464
113900200,20,231,-211
113900201,0,152,-152
113900202,43,237,-194
113900203,1,83,-82
113900204,55,406,-351
113900205,9,135,-126
113900206,9,145,-136
113900207,3,57,-54
113900208,3,71,-68
113900209,0,69,-69
113900210,552,715,-163
113900211,194,84,110
113900212,137,387,-250
113900214,431,380,51
113900215,146,96,50
113900216,76,799,-723
113900217,76,231,-155
113900218,210,61,149
113900219,88,353,-265
113900220,132,102,30
113900221,502,186,316
113900222,283,436,-153
113900223,122,887,-765
113900224,114,98,16
113900225,445,216,229
113900226,347,102,245
113900227,488,250,238
113900228,312,364,-52
113900229,61,698,-637
113900230,3670,2989,681
113900231,168,159,9
113900232,106,99,7
113900233,72,66,6
113900234,261,390,-129
113900235,85,32,53
113900236,153,277,-124
113900237,113,9,104
113900238,250,559,-309
113900239,67,94,-27
113900240,3,161,-158
113900241,112,57,55
113900242,32,119,-87
113900243,137,425,-288
113900244,310,222,88
113900245,1143,242,901
113900246,15,35,-20
113900247,172,403,-231
113900248,2286,1579,707
113900249,739,321,418
113900250,59,106,-47
113900251,559,164,395
113900252,455,23,432
113900253,648,56,592
113900254,677,100,577
113900255,348,19,329
113900256,328,17,311
113900257,37,525,-488
113900258,17,357,-340
113900259,436,136,300
113900260,179,31,148
113900261,17,82,-65
113900262,133,473,-340
113900263,176,616,-440
113900264,6,453,-447
113900265,261,274,-13
113900266,42,194,-152
113900267,92,445,-353
113900268,331,464,-133
113900269,91,130,-39
113900270,265,722,-457
113900271,596,1024,-428
113900273,47,18,29
113900274,56,58,-2
113900275,32,55,-23
113900276,2,155,-153
113900277,92,3,89
113900278,267,169,98
113900279,88,85,3
113900280,1460,587,873
113900281,649,1282,-633
113900282,755,660,95
113900283,367,560,-193
113900284,645,213,432
113900285,128,43,85
113900286,14,87,-73
113900287,40,46,-6
113900288,2,93,-91
113900289,856,126,730
113900290,285,198,87
113900291,83,154,-71
113900292,23,4,19
113900293,4,226,-222
113900294,345,13,332
113900295,395,328,67
113900296,1716,422,1294
113900297,2348,56,2292
113900298,17,1586,-1569
113900299,86,140,-54
113900300,4100,2914,1186
113900301,691,289,402
113900302,2464,987,1477
113900303,477,441,36
113900304,2,129,-127
113900305,116,0,116
113900306,33,1,32
113900307,32,0,32
113900308,73,107,-34
113900309,3,733,-730
113900310,1,13,-12
113900311,7,0,7
113900312,214,251,-37
113900313,10,7,3
113900314,27,371,-344
113900315,163,134,29
114000001,929,2586,-1657
114000002,310,359,-49
114000003,123,542,-419
114000004,373,385,-12
114000005,245,263,-18
114000006,2199,1770,429
114000007,640,1035,-395
114000008,1161,1424,-263
114000009,589,248,341
114000011,2248,2528,-280
114000012,2291,1798,493
114000013,1284,1405,-121
114000014,527,500,27
114000015,2613,363,2250
114000016,218,364,-146
114000017,69,265,-196
114000018,212,37,175
114000026,1373,1151,222
114000027,2510,1825,685
114000028,2041,2339,-298
114000038,254,152,102
114000039,138,117,21
114000040,87,226,-139
114000042,119,154,-35
114000043,194,169,25
114000044,194,140,54
114000045,45,110,-65
114000046,4853,4216,637
114000047,16,61,-45
114000048,77,112,-35
114000049,1122,1468,-346
114000050,1224,2093,-869
114000051,2371,1711,660
114000052,4995,1331,3664
114000053,93,490,-397
114000054,292,619,-327
114000055,404,33,371
114000056,1124,796,328
114000057,4832,2119,2713
114000058,530,1250,-720
114000059,255,357,-102
114000060,686,867,-181
114000061,3003,2765,238
114000062,2077,1344,733
114000063,2945,1584,1361
114000064,5676,3642,2034
114000065,1664,2095,-431
114000066,464,553,-89
114000067,22,652,-630
114000068,509,859,-350
114000069,799,838,-39
114000070,1894,1709,185
114000071,585,451,134
114000072,712,335,377
114000073,18,66,-48
114000074,56,31,25
114000075,49,93,-44
114000076,7,106,-99
114000077,8,36,-28
114000078,670,447,223
114000079,146,30,116
114000080,67,81,-14
114000081,70,83,-13
114000082,37,393,-356
114000083,100,273,-173
114000084,367,89,278
114000085,120,570,-450
114000086,333,385,-52
114000087,188,138,50
114000088,39,30,9
114000089,910,390,520
114000090,791,1073,-282
114000091,1179,1122,57
114000092,820,650,170
114000093,1240,1030,210
114000094,348,290,58
114000095,167,121,46
114000096,164,394,-230
114000097,105,594,-489
114000098,496,105,391
114000099,608,577,31
114000100,1198,743,455
114000101,480,757,-277
114000102,632,374,258
114000103,247,394,-147
114000104,178,194,-16
114000105,178,135,43
114000106,702,914,-212
114000107,304,165,139
114000108,1597,1156,441
114000109,501,1262,-761
114000110,656,1614,-958
114000111,1434,1147,287
114000112,584,2383,-1799
114000113,1389,707,682
114000114,1538,1661,-123
114000115,2017,1366,651
114000116,582,1262,-680
114000117,2163,502,1661
114000118,1884,506,1378
114000119,1331,406,925
114000120,558,917,-359
114000121,344,687,-343
114000122,398,308,90
114000123,1841,509,1332
114000124,818,307,511
114000125,807,1232,-425
114000126,4290,278,4012
114000127,252,154,98
114000128,811,396,415
114000130,488,501,-13
114000131,310,236,74
114000132,469,465,4
114000133,815,1266,-451
114000134,85,158,-73
114000138,46,233,-187
114000139,369,267,102
114000144,721,481,240
114000145,60,181,-121
114000146,122,215,-93
114000147,1216,1641,-425
114000148,2081,1950,131
114000149,325,389,-64
114000150,1163,1153,10
114000151,1119,1510,-391
114000152,103,43,60
114000153,727,2228,-1501
114000154,913,1005,-92
114000155,2125,2107,18
114000156,873,566,307
114000157,400,1087,-687
114000158,1352,763,589
114000159,222,460,-238
114000160,110,425,-315
114000161,1335,2686,-1351
114000162,941,2045,-1104
114000163,14,113,-99
114000165,665,302,363
114000166,745,498,247
114000167,2935,1603,1332
114000168,962,737,225
114000169,1297,1112,185
114000170,1460,1115,345
114000171,963,2666,-1703
114000174,215,534,-319
114000176,635,514,121
114000177,1935,957,978
114000178,85,48,37
114000179,1129,839,290
114000180,502,810,-308
114000181,1664,3322,-1658
114000182,2807,2333,474
114000183,1209,1068,141
114000184,3847,1318,2529
114000185,949,998,-49
114000189,688,86,602
114000190,2181,258,1923
114000191,34,64,-30
114000192,312,1390,-1078
114000193,668,2806,-2138
114000194,1046,1193,-147
114000195,138,39,99
114000196,7,214,-207
114000197,823,54,769
114000198,733,293,440
114000199,1729,1742,-13
114000200,688,1503,-815
114000201,121,725,-604
114000202,1936,590,1346
114000203,544,636,-92
114000204,166,397,-231
114000205,265,1290,-1025
114000206,516,1330,-814
114000207,627,1740,-1113
114000208,400,2566,-2166
114000209,494,2168,-1674
114000210,248,1324,-1076
114000211,825,2026,-1201
114000212,597,802,-205
114000213,1199,590,609
114000214,121,207,-86
114000215,202,96,106
114000216,1639,612,1027
114000217,318,269,49
114000218,109,276,-167
114000219,1092,192,900
114000220,24,771,-747
114000221,662,136,526
114000222,186,887,-701
114000223,414,142,272
114000224,87,564,-477
114000225,217,570,-353
114000226,117,230,-113
114000227,784,610,174
114000228,686,830,-144
114000229,901,1242,-341
114000230,1617,1362,255
114000231,745,1294,-549
114000232,558,137,421
114000233,1826,150,1676
114000234,1037,1036,1
114000235,962,1456,-494
114000236,1,429,-428
114000237,115,887,-772
114000238,290,111,179
114000239,238,1064,-826
114000240,922,743,179
114000241,306,991,-685
114000242,870,965,-95
114000243,1494,844,650
114000244,1194,490,704
114000245,367,625,-258
114000246,189,75,114
114000247,1526,865,661
114000248,907,532,375
114000249,383,649,-266
114000250,488,736,-248
114000251,372,256,116
114000252,71,47,24
114000253,38,107,-69
114000254,25,65,-40
114000255,434,176,258
114000256,1581,1725,-144
114000257,501,1219,-718
114000258,529,379,150
114000259,261,230,31
114000260,0,41,-41
114000261,41,31,10
114000262,369,117,252
114000263,23,2,21
114000264,1072,422,650
114000265,0,0,0
114000267,1,2050,-2049
114000268,4,1213,-1209
114000270,210,5,205
114000271,430,45,385
114000283,1453,483,970
114000285,26,201,-175
114000288,93,304,-211
114000289,922,265,657
114000293,173,420,-247
114000294,176,252,-76
114000395,1998,58,1940
114000396,545,439,106
114000402,461,335,126
114000403,225,345,-120
114000405,109,469,-360
114000423,360,410,-50
114000424,490,149,341
114000425,692,314,378
114000426,313,855,-542
114000427,53,69,-16
114000428,269,214,55
114000429,10,219,-209
114000432,91,89,2
114000434,38,147,-109
114000435,2,318,-316
114900001,520,899,-379
114900002,1669,106,1563
114900003,518,1309,-791
114900004,246,379,-133
114900005,525,747,-222
114900006,221,58,163
114900007,257,32,225
114900008,144,165,-21
114900010,1638,1871,-233
114900011,178,204,-26
114900013,209,199,10
114900015,28,235,-207
114900018,1087,74,1013
114900020,161,66,95
114900022,102,826,-724
114900024,127,72,55
114900025,381,136,245
114900026,90,168,-78
114900027,86,89,-3
114900029,179,48,131
114900030,330,191,139
114900031,344,54,290
114900032,374,35,339
114900033,375,284,91
114900034,52,172,-120
114900035,128,311,-183
114900036,237,562,-325
114900037,44,70,-26
114900038,56,223,-167
114900039,401,410,-9
114900040,77,141,-64
114900041,619,510,109
114900042,671,655,16
114900043,260,100,160
114900044,137,45,92
114900046,22,34,-12
114900047,267,1692,-1425
114900048,159,315,-156
114900049,72,248,-176
114900050,47,397,-350
114900051,31,372,-341
114900052,336,229,107
114900053,421,237,184
114900054,36,153,-117
114900057,209,17,192
114900058,2,130,-128
114900059,71,72,-1
114900060,530,345,185
114900061,43,77,-34
114900062,136,136,0
114900063,51,210,-159
114900064,1159,477,682
114900065,333,615,-282
114900067,48,386,-338
114900068,77,226,-149
114900069,208,126,82
114900070,452,415,37
114900072,8,394,-386
114900073,1,286,-285
114900074,522,653,-131
114900075,300,2,298
114900076,9,420,-411
114900080,1707,344,1363
114900082,3200,1826,1374
114900083,972,1026,-54
114900090,273,311,-38
114900091,162,167,-5
114900095,142,48,94
114900096,157,251,-94
114900097,202,2,200
114900098,1,226,-225
114900099,205,4,201
115000001,6103,3826,2277
115000002,2953,3605,-652
115000003,4258,3262,996
115000004,3245,5330,-2085
115000005,1548,1985,-437
115000006,785,1487,-702
115000007,165,160,5
115000008,615,505,110
115000009,148,219,-71
115000010,247,190,57
115000013,78,183,-105
115000015,119,324,-205
115000016,62,179,-117
115000019,50,509,-459
115000020,131,632,-501
115000021,307,540,-233
115000022,543,439,104
115000023,376,515,-139
115000024,1131,560,571
115000025,765,670,95
115000026,154,467,-313
115000027,254,313,-59
115000028,180,925,-745
115000029,479,144,335
115000030,660,1259,-599
115000031,1333,226,1107
115000032,14,313,-299
115000033,268,34,234
115000034,75,1011,-936
115000035,1155,52,1103
115000036,0,362,-362
115000037,533,10,523
115000038,59,164,-105
115000039,3414,2725,689
115000040,6719,3072,3647
115000041,1640,3436,-1796
115000042,1070,603,467
115000043,3793,2078,1715
115000044,3861,3809,52
115000045,2349,1918,431
115000046,1880,2242,-362
115000047,1925,1451,474
115000048,1505,2426,-921
115000049,1578,3251,-1673
115000050,2692,1805,887
115000051,1563,2527,-964
115000052,2436,1783,653
115000053,1570,1455,115
115000054,764,1377,-613
115000055,160,576,-416
115000056,324,607,-283
115000057,647,1030,-383
115000058,674,292,382
115000059,217,119,98
115000061,348,113,235
115000062,186,271,-85
115000063,277,334,-57
115000064,220,119,101
115000065,51,392,-341
115000067,209,18,191
115000069,98,344,-246
115000070,34,792,-758
115000071,138,14,124
115000072,7,80,-73
115000073,1107,48,1059
115000075,100,62,38
115000076,3053,2573,480
115000077,1771,2341,-570
115000078,1068,1355,-287
115000079,1197,1700,-503
115000080,2902,2292,610
115000081,475,939,-464
115000082,3311,3268,43
115000083,1945,2381,-436
115000084,1696,1132,564
115000085,736,900,-164
115000086,825,820,5
115000087,480,1407,-927
115000088,1573,681,892
115000089,1338,1217,121
115000090,444,916,-472
115000091,241,1026,-785
115000092,594,311,283
115000093,450,3,447
115000094,6186,5140,1046
115000095,4233,5176,-943
115000096,601,1387,-786
115000097,765,911,-146
115000098,892,780,112
115000099,2104,2592,-488
115000100,843,390,453
115000101,344,1546,-1202
115000102,331,219,112
115000103,359,761,-402
115000105,70,188,-118
115000106,517,264,253
115000107,151,484,-333
115000108,3101,2688,413
115000109,3981,3671,310
115000110,1298,1388,-90
115000111,668,1948,-1280
115000112,645,697,-52
115000113,553,869,-316
115000114,1906,787,1119
115000116,3780,2358,1422
115000117,3867,3529,338
115000118,3625,1660,1965
115000119,4115,2694,1421
115000120,853,1220,-367
115000121,1726,969,757
115000122,3980,1512,2468
115000123,1248,1928,-680
115000124,1213,847,366
115000125,383,603,-220
115000126,159,349,-190
115000127,422,85,337
115000128,641,896,-255
115000129,387,322,65
115000130,380,929,-549
115000131,824,280,544
115000132,350,392,-42
115000133,612,285,327
115000134,568,212,356
115000135,523,125,398
115000136,247,291,-44
115000137,126,155,-29
115000138,335,312,23
115000139,241,245,-4
115000140,396,252,144
115000141,156,263,-107
115000142,116,234,-118
115000143,654,595,59
115000144,603,90,513
115000145,247,336,-89
115000146,655,298,357
115000147,428,444,-16
115000148,261,980,-719
115000149,460,183,277
115000150,689,899,-210
115000151,908,673,235
115000152,581,1091,-510
115000153,844,645,199
115000154,683,376,307
115000155,773,977,-204
115000156,1002,700,302
115000157,744,710,34
115000158,527,371,156
115000159,743,541,202
115000160,526,362,164
115000161,157,438,-281
115000162,733,732,1
115000163,512,640,-128
115000164,677,618,59
115000165,325,505,-180
115000167,178,67,111
115000168,616,326,290
115000169,609,353,256
115000170,227,107,120
115000171,336,231,105
115000172,1096,610,486
115000173,351,469,-118
115000174,141,316,-175
115000175,196,75,121
115000176,162,92,70
115000177,67,67,0
115000178,27,233,-206
115000179,43,14,29
115000180,141,542,-401
115000181,524,122,402
115000182,872,246,626
115000183,354,707,-353
115000186,753,284,469
115000187,195,752,-557
115000188,448,434,14
115000189,203,434,-231
115000190,715,293,422
115000191,152,455,-303
115000194,125,211,-86
115000195,228,319,-91
115000196,135,136,-1
115000197,238,231,7
115000198,249,167,82
115000199,305,125,180
115000200,302,93,209
115000201,123,350,-227
115000206,608,46,562
115000207,84,274,-190
115000208,404,593,-189
115000209,1114,329,785
115000210,135,169,-34
115000211,252,226,26
115000212,1515,306,1209
115000224,413,48,365
115000225,28,107,-79
115000229,186,157,29
115000230,113,409,-296
115000231,269,1655,-1386
115000232,1283,294,989
115000233,103,215,-112
115000234,31,277,-246
115000241,92,279,-187
115000242,98,247,-149
115000243,51,274,-223
115000244,13,126,-113
115000246,60,26,34
115000247,32,15,17
115000248,33,26,7
115000249,30,25,5
115000250,218,44,174
115000251,293,140,153
115000252,148,245,-97
115000253,11,462,-451
115000258,324,251,73
115000259,302,158,144
115000261,22,19,3
115000262,8,31,-23
115000263,18,52,-34
115000264,33,60,-27
115000267,84,66,18
115000268,20,155,-135
115000269,151,58,93
115000270,2,16,-14
115000272,47,145,-98
115000273,299,41,258
115000280,2158,144,2014
115000281,466,619,-153
115000282,721,562,159
115000284,487,162,325
115000296,1291,18,1273
115000297,245,104,141
115000298,125,341,-216
115000300,161,158,3
115000302,625,163,462
115000303,609,163,446
115000304,564,85,479
115000305,97,559,-462
115000306,214,255,-41
115000307,173,190,-17
115000308,41,21,20
115000309,11,37,-26
115000310,864,976,-112
115000311,792,1077,-285
115000313,135,578,-443
115000314,415,180,235
115000315,968,466,502
115000316,64,123,-59
115000317,188,415,-227
115000318,726,346,380
115000319,44,275,-231
115000320,5,270,-265
115000321,290,7,283
115000322,51,207,-156
115000449,240,166,74
115000557,0,988,-988
115000558,491,113,378
115000587,467,385,82
115000588,2091,2599,-508
115000589,3285,2376,909
115000590,1096,1159,-63
115000591,1801,695,1106
115000592,621,1525,-904
115000593,1228,573,655
115000594,932,2006,-1074
115000609,195,263,-68
115000617,1661,2727,-1066
115000624,281,83,198
115000633,367,2181,-1814
115000634,2184,792,1392
115000635,545,139,406
115000638,792,867,-75
115000641,53,126,-73
115000642,382,273,109
115000643,144,492,-348
115000644,177,405,-228
115000646,824,1415,-591
115000647,184,420,-236
115000648,1488,2055,-567
115000893,3175,1437,1738
115000894,118,1122,-1004
115000895,539,861,-322
115000896,1270,388,882
115000897,550,143,407
115000898,553,193,360
115000899,557,1060,-503
115000900,158,383,-225
115000901,77,105,-28
115000912,396,94,302
115000913,5,26,-21
115000915,34,0,34
115000916,7,1,6
115000917,0,1,-1
115000918,77,357,-280
115000919,17,14,3
115000920,66,43,23
115000921,536,69,467
115000922,1142,672,470
115000923,501,1032,-531
115000925,148,76,72
115000927,59,50,9
115000933,262,238,24
115000934,168,195,-27
115000935,95,104,-9
115000936,40,515,-475
115000937,843,140,703
115000938,209,204,5
115000939,310,237,73
115000940,16,8,8
115000941,7,12,-5
115000942,32,85,-53
115000943,32,19,13
115000944,5,10,-5
115900001,74,41,33
115900002,82,97,-15
115900003,155,124,31
115900004,5,42,-37
115900005,173,7,166
115900006,108,254,-146
115900008,40,3,37
115900009,79,213,-134
115900010,294,182,112
115900011,309,324,-15
115900012,163,56,107
115900013,358,116,242
115900014,114,190,-76
115900015,118,76,42
115900016,99,32,67
115900017,11,1,10
115900018,150,82,68
115900019,36,9,27
115900020,55,4,51
115900021,1307,143,1164
115900022,1586,18,1568
115900023,43,10,33
115900025,66,220,-154
115900026,697,222,475
115900027,0,250,-250
115900028,595,58,537
115900029,14,312,-298
115900030,25,42,-17
115900031,402,298,104
115900032,499,644,-145
115900033,1,39,-38
115900034,32,387,-355
115900035,29,24,5
115900036,103,578,-475
115900037,48,346,-298
115900038,37,18,19
115900039,171,220,-49
115900041,505,514,-9
115900042,27,3,24
115900043,97,72,25
115900044,300,260,40
115900046,238,279,-41
115900047,160,118,42
115900049,113,197,-84
115900051,5,41,-36
115900052,11,217,-206
115900053,278,167,111
115900054,209,50,159
115900055,22,143,-121
115900056,216,256,-40
115900057,17,4,13
115900058,42,85,-43
115900060,53,104,-51
115900061,216,0,216
115900062,28,296,-268
115900063,82,12,70
115900064,152,338,-186
115900065,157,97,60
115900066,237,123,114
115900067,8,612,-604
115900068,2687,862,1825
115900069,79,236,-157
115900070,169,187,-18
115900071,1,360,-359
115900072,47,150,-103
115900073,58,72,-14
115900074,5,297,-292
115900075,22,211,-189
115900076,6,71,-65
115900077,9,219,-210
115900078,143,137,6
115900079,164,24,140
115900080,342,226,116
115900081,6,73,-67
115900082,115,185,-70
115900084,369,12,357
115900085,31,114,-83
115900086,1391,596,795
115900088,12,53,-41
115900089,294,659,-365
115900090,274,14,260
115900091,9,25,-16
115900092,16,163,-147
115900093,3,40,-37
115900094,5,313,-308
115900096,7,27,-20
115900097,4,309,-305
115900098,155,334,-179
115900099,239,56,183
115900100,5,449,-444
115900101,102,275,-173
115900102,64,67,-3
115900103,237,175,62
115900104,55,109,-54
115900105,182,525,-343
115900106,57,21,36
115900107,122,92,30
115900108,93,58,35
115900109,61,363,-302
115900110,1,17,-16
115900111,1,82,-81
115900112,21,837,-816
115900113,29,61,-32
115900114,7,156,-149
115900115,58,225,-167
115900116,62,801,-739
115900117,46,33,13
115900118,1,211,-210
115900119,105,129,-24
115900120,27,223,-196
115900121,177,273,-96
115900124,387,709,-322
115900125,242,48,194
115900126,628,94,534
115900127,641,65,576
115900128,8,91,-83
115900129,720,73,647
115900130,19,226,-207
115900131,593,33,560
115900132,611,12,599
115900134,328,12,316
115900135,437,916,-479
115900137,54,6,48
115900139,25,39,-14
115900140,207,30,177
115900141,3,38,-35
115900142,11,21,-10
115900143,170,251,-81
115900144,54,157,-103
115900146,20,96,-76
115900147,254,229,25
115900148,117,6,111
115900149,76,53,23
115900150,50,27,23
115900151,17,101,-84
115900152,115,263,-148
115900153,122,166,-44
115900154,432,342,90
115900155,0,33,-33
115900156,536,819,-283
115900157,140,426,-286
115900158,14,10,4
115900159,106,259,-153
115900160,19,4,15
115900161,57,171,-114
115900163,134,151,-17
115900164,451,16,435
115900166,225,137,88
115900168,76,174,-98
115900171,107,411,-304
115900172,93,144,-51
115900173,222,103,119
115900174,226,222,4
115900175,155,220,-65
115900178,7,493,-486
115900179,170,7,163
115900180,28,140,-112
115900181,148,246,-98
115900182,372,210,162
115900183,67,33,34
115900184,1669,11,1658
115900187,25,120,-95
115900189,1,193,-192
115900190,173,1227,-1054
115900191,40,358,-318
115900192,8,86,-78
115900193,856,160,696
115900194,656,71,585
115900195,576,1858,-1282
115900198,234,365,-131
115900199,156,247,-91
115900200,438,396,42
115900201,396,247,149
115900202,0,36,-36
115900203,9,19,-10
115900204,0,8,-8
115900205,88,54,34
115900206,177,144,33
115900207,35,36,-1
115900208,185,169,16
115900209,6,133,-127
115900210,15,128,-113
115900211,3,146,-143
115900212,119,290,-171
115900213,75,66,9
115900214,384,226,158
115900215,39,111,-72
115900216,11,74,-63
115900217,32,47,-15
115900218,5,29,-24
115900219,95,8,87
115900220,133,20,113
115900221,80,11,69
115900222,52,29,23
115900223,10,340,-330
115900224,966,1017,-51
115900225,73,27,46
115900226,13,30,-17
115900227,8,31,-23
115900228,10,26,-16
115900229,4,41,-37
115900230,47,91,-44
115900231,89,5,84
115900232,53,2,51
115900233,71,11,60
115900234,42,28,14
115900235,41,43,-2
115900236,198,22,176
115900237,68,26,42
115900238,135,16,119
115900239,13,31,-18
115900240,25,38,-13
115900241,156,162,-6
115900242,265,307,-42
115900243,3,12,-9
115900244,11,24,-13
115900245,43,24,19
115900246,26,15,11
115900247,42,9,33
115900248,16,3,13
115900249,6,18,-12
115900250,5,20,-15
115900251,1,12,-11
115900252,1,3,-2
115900253,5,27,-22
115900254,10,19,-9
115900255,6,14,-8
115900256,11,18,-7
115900257,6,10,-4
115900258,0,4,-4
115900259,3,0,3
115900260,8,1,7
115900261,6,4,2
115900262,1,0,1
115900263,5,0,5
115900264,18,0,18
115900265,2,8,-6
115900266,5,26,-21
115900267,9,11,-2
115900268,7,14,-7
115900269,369,398,-29
115900270,414,367,47
115900271,76,0,76
115900272,19,4,15
115900273,10,21,-11
115900274,0,11,-11
115900275,4,18,-14
115900276,0,35,-35
115900277,1,65,-64
115900278,42,92,-50
115900279,37,165,-128
115900280,11,249,-238
115900281,405,169,236
115900282,11,14,-3
115900283,8,25,-17
115900284,16,8,8
116000001,11425,4682,6743
116000002,4495,8748,-4253
116000003,1470,1825,-355
116000004,2024,2924,-900
116000005,3638,3172,466
116000006,2582,2203,379
116000007,2700,3315,-615
116000008,3408,1772,1636
116000009,2323,2733,-410
116000010,1975,1415,560
116000011,802,1933,-1131
116000012,1252,1062,190
116000013,8505,4034,4471
116000014,11131,8133,2998
116000015,315,1004,-689
116000016,5139,2747,2392
116000017,37,651,-614
116000018,694,250,444
116000019,617,256,361
116000020,581,668,-87
116000021,327,286,41
116000022,372,349,23
116000023,852,646,206
116000024,740,736,4
116000025,759,698,61
116000026,1887,2227,-340
116000027,638,602,36
116000028,465,644,-179
116000029,641,688,-47
116000030,761,445,316
116000031,163,320,-157
116000032,354,190,164
116000033,289,504,-215
116000034,535,833,-298
116000035,338,663,-325
116000036,1827,1097,730
116000037,743,499,244
116000038,512,434,78
116000039,646,352,294
116000040,853,249,604
116000041,206,406,-200
116000042,525,230,295
116000043,74,634,-560
116000044,39,120,-81
116000045,1600,1014,586
116000046,875,1453,-578
116000047,1591,2082,-491
116000048,1533,1619,-86
116000049,1094,2704,-1610
116000050,1369,1192,177
116000051,6040,2583,3457
116000052,5774,4781,993
116000053,1770,916,854
116000054,647,2190,-1543
116000055,585,892,-307
116000056,692,1009,-317
116000057,2290,1556,734
116000058,2334,2073,261
116000059,2542,3942,-1400
116000060,1956,1019,937
116000061,672,843,-171
116000062,721,221,500
116000063,651,911,-260
116000066,287,530,-243
116000067,215,530,-315
116000068,214,307,-93
116000069,202,342,-140
116000078,482,914,-432
116000080,1623,1007,616
116000082,8,81,-73
116000083,1318,335,983
116000084,2174,4213,-2039
116000085,1954,1854,100
116000086,1959,1599,360
116000087,1607,1403,204
116000088,663,1109,-446
116000089,188,45,143
116000090,159,187,-28
116000091,313,261,52
116000093,484,320,164
116000094,624,602,22
116000095,765,522,243
116000096,599,1284,-685
116000097,1138,559,579
116000098,120,5838,-5718
116000099,4961,228,4733
116000100,313,24,289
116000101,736,881,-145
116000102,225,1095,-870
116000103,492,262,230
116000104,227,1113,-886
116000105,918,155,763
116000106,949,873,76
116000107,3023,356,2667
116000108,935,152,783
116000111,123,40,83
116000113,115,108,7
116000114,61,132,-71
116000115,363,248,115
116000116,322,551,-229
116000117,1268,2057,-789
116000118,1378,1288,90
116000119,2699,2104,595
116000120,3003,4390,-1387
116000121,760,600,160
116000122,1201,1852,-651
116000123,753,470,283
116000124,350,907,-557
116000125,2488,709,1779
116000126,284,1595,-1311
116000127,901,1295,-394
116000128,1365,763,602
116000129,1156,253,903
116000130,451,423,28
116000133,810,778,32
116000134,1905,2307,-402
116000135,2068,1357,711
116000136,1135,2244,-1109
116000137,998,618,380
116000138,850,558,292
116000139,1650,1727,-77
116000140,130,184,-54
116000141,317,733,-416
116000142,2728,2934,-206
116000143,1672,1511,161
116000144,1346,2029,-683
116000145,1417,1214,203
116000146,378,274,104
116000147,192,130,62
116000148,412,477,-65
116000149,602,611,-9
116000151,673,556,117
116000153,131,423,-292
116000155,171,238,-67
116000156,405,983,-578
116000157,61,18,43
116000158,337,253,84
116000159,14,15,-1
116000160,22,68,-46
116000161,12,82,-70
116000162,58,61,-3
116000163,33,6,27
116000164,7,14,-7
116000177,1062,99,963
116000194,110,327,-217
116000195,1162,706,456
116000196,0,0,0
116000197,7,14,-7
116000198,2474,1016,1458
116000200,672,301,371
116000201,652,678,-26
116000202,22,251,-229
116000203,2,102,-100
116000204,12,74,-62
116000205,1,165,-164
116000206,1,132,-131
116000207,6,57,-51
116000233,203,431,-228
116000287,109,480,-371
116000288,216,194,22
116000292,0,0,0
116000296,31,216,-185
116000297,111,28,83
116000304,91,48,43
116000305,39,78,-39
116000346,105,98,7
116000352,95,55,40
116000354,34,17,17
116000357,30,23,7
116000358,354,44,310
116000361,458,9,449
116000372,5182,3163,2019
116000381,82,1,81
116000388,2,58,-56
116000389,824,536,288
116000445,315,522,-207
116000446,497,613,-116
116000447,16,509,-493
116000448,518,231,287
116000563,731,701,30
116000565,68,382,-314
116000568,63,240,-177
116000579,33,110,-77
116000583,107,87,20
116000584,21,14,7
116000585,16,15,1
116000586,96,87,9
116000587,512,667,-155
116000589,88,88,0
116000590,63,92,-29
116000591,244,284,-40
116000592,20,99,-79
116000593,1,25,-24
116000594,381,458,-77
116000595,509,172,337
116000596,63,10,53
116000597,365,73,292
116000598,17,214,-197
116000605,422,121,301
116000606,86,228,-142
116000607,20,96,-76
116000609,190,786,-596
116000611,109,554,-445
116000612,613,1581,-968
116000613,484,365,119
116000614,420,597,-177
116000615,5,317,-312
116000616,48,86,-38
116000617,55,43,12
116000618,0,117,-117
116000619,78,63,15
116000620,79,68,11
116000621,38,100,-62
116000622,79,171,-92
116000624,311,102,209
116000627,43,54,-11
116000628,37,407,-370
116000629,30,312,-282
116000630,355,20,335
116000631,215,51,164
116000632,528,55,473
116000633,158,226,-68
116000634,253,172,81
116000635,2940,1832,1108
116000636,989,1101,-112
116000637,484,86,398
116000638,118,330,-212
116000639,7,0,7
116000640,15,27,-12
116000641,14,27,-13
116000643,0,38,-38
116000644,30,487,-457
116000645,15,8,7
116900001,245,134,111
116900002,196,1,195
116900003,30,52,-22
116900004,30,81,-51
116900005,307,68,239
116900006,165,167,-2
116900007,117,146,-29
116900008,406,338,68
116900009,29,4,25
116900010,1,1234,-1233
116900011,42,52,-10
116900012,531,167,364
116900013,3,142,-139
116900014,95,229,-134
116900016,179,1,178
116900017,6,524,-518
116900018,53,53,0
116900019,5,308,-303
116900020,840,282,558
116900023,79,21,58
116900025,893,700,193
116900026,119,498,-379
116900027,29,39,-10
116900028,7,107,-100
116900029,144,593,-449
116900031,2,3,-1
116900032,6,333,-327
116900033,10,7,3
116900034,29,65,-36
116900035,119,141,-22
116900036,6,88,-82
116900038,60,0,60
116900041,27,30,-3
116900042,636,221,415
116900043,12,75,-63
116900047,37,91,-54
116900049,20,277,-257
116900050,110,398,-288
116900051,99,197,-98
116900052,204,72,132
116900055,2,4,-2
116900057,17,215,-198
116900058,15,330,-315
116900059,7,160,-153
116900060,167,170,-3
116900062,1,8,-7
116900064,82,636,-554
116900065,35,97,-62
116900067,129,85,44
116900068,128,166,-38
116900070,1,2,-1
116900072,26,301,-275
116900073,15,104,-89
116900074,7,43,-36
116900076,13,46,-33
116900077,9,114,-105
116900078,199,107,92
116900079,46,182,-136
116900080,11,36,-25
116900081,390,1206,-816
116900082,492,838,-346
116900083,71,35,36
116900084,152,58,94
116900085,10,64,-54
116900086,58,160,-102
116900088,236,61,175
116900090,206,47,159
116900091,356,25,331
116900092,85,703,-618
116900093,1667,1884,-217
116900094,3681,2954,727
116900095,148,102,46
116900096,83,138,-55
116900097,2824,2277,547
116900098,810,366,444
116900099,791,619,172
116900100,697,33,664
116900101,339,446,-107
116900103,1,0,1
116900104,66,80,-14
116900105,178,127,51
116900106,1550,287,1263
116900107,3026,1941,1085
116900110,10,2,8
116900111,465,595,-130
116900112,244,823,-579
116900113,1660,1468,192
116900116,149,560,-411
116900117,168,122,46
116900118,632,696,-64
116900120,428,72,356
116900121,288,23,265
116900122,711,726,-15
116900123,187,666,-479
116900124,205,868,-663
116900125,180,65,115
116900126,145,536,-391
116900128,0,31,-31
116900129,3,339,-336
116900130,594,2297,-1703
116900131,48,260,-212
116900132,42,154,-112
116900133,126,137,-11
116900134,222,289,-67
116900136,397,188,209
116900137,262,112,150
116900138,210,170,40
116900139,130,394,-264
116900140,176,140,36
116900141,753,480,273
116900142,16,205,-189
116900143,270,385,-115
116900144,9,85,-76
116900145,91,233,-142
116900147,479,467,12
116900148,28,120,-92
116900149,75,235,-160
116900150,0,0,0
116900151,66,21,45
116900153,93,63,30
116900154,544,609,-65
116900155,126,79,47
116900157,542,358,184
116900158,168,245,-77
116900159,126,256,-130
116900160,864,610,254
116900161,5395,4708,687
116900162,10,92,-82
116900163,154,165,-11
116900164,74,75,-1
116900165,246,231,15
116900166,24,58,-34
116900167,463,112,351
116900168,270,115,155
116900169,686,425,261
116900170,227,580,-353
116900171,31,154,-123
116900172,213,280,-67
116900173,182,46,136
116900174,58,49,9
116900175,168,156,12
116900178,23,128,-105
116900179,94,259,-165
116900180,79,32,47
116900182,399,333,66
116900183,157,196,-39
116900185,7,23,-16
116900186,64,196,-132
116900187,43,47,-4
116900188,136,31,105
116900189,0,0,0
116900191,378,885,-507
116900192,182,136,46
116900194,163,1086,-923
116900195,45,18,27
116900196,13,100,-87
116900197,105,25,80
116900198,214,186,28
116900200,59,43,16
116900201,77,5,72
116900202,117,48,69
116900203,114,13,101
116900204,58,64,-6
116900206,5,23,-18
116900207,41,34,7
116900208,8,104,-96
116900209,27,103,-76
116900210,480,276,204
116900211,217,7,210
116900212,52,71,-19
116900213,209,127,82
116900214,153,152,1
116900215,22,48,-26
116900216,278,240,38
116900218,96,344,-248
116900219,1347,381,966
116900220,125,226,-101
116900221,119,289,-170
116900222,499,338,161
116900223,118,337,-219
116900226,80,46,34
116900227,138,82,56
116900228,270,223,47
116900230,77,534,-457
116900233,457,161,296
116900234,17,6,11
116900235,158,303,-145
116900238,1538,347,1191
116900239,11,792,-781
116900240,4725,3165,1560
116900241,87,138,-51
116900242,1059,592,467
116900243,2,15,-13
116900245,14,33,-19
116900246,78,37,41
116900247,941,67,874
116900248,100,36,64
116900249,228,90,138
116900250,332,35,297
116900251,386,292,94
116900252,117,784,-667
116900254,16,112,-96
116900255,126,63,63
116900256,363,135,228
116900257,52,430,-378
116900258,3,198,-195
116900259,242,19,223
116900260,0,107,-107
116900261,54,1,53
116900262,354,176,178
116900263,1,15,-14
116900264,7,16,-9
116900265,13,0,13
116900266,185,111,74
116900267,0,1,-1
116900268,195,75,120
116900269,280,528,-248
116900271,1063,153,910
116900272,356,297,59
116900273,162,48,114
116900274,79,75,4
116900275,136,103,33
116900276,369,122,247
116900277,132,5,127
116900278,6,8,-2
116900279,2,47,-45
116900280,355,64,291
116900281,5348,3142,2206
116900282,15,149,-134
116900283,21,108,-87
116900284,9,199,-190
116900285,249,139,110
116900286,246,25,221
116900287,8,44,-36
116900288,88,150,-62
116900289,11,21,-10
116900290,8,22,-14
116900291,15,10,5
116900292,0,13,-13
116900293,36,60,-24
116900294,41,139,-98
116900295,119,45,74
116900296,72,68,4
116900297,12,92,-80
116900298,105,44,61
116900299,35,48,-13
116900300,1,70,-69
116900301,48,137,-89
116900302,155,75,80
116900303,299,104,195
116900304,0,159,-159
116900305,19,48,-29
116900306,238,94,144
116900307,179,11,168
116900308,2,137,-135
116900309,211,188,23
117000001,1504,1305,199
117000002,1788,4190,-2402
117000003,5602,2790,2812
117000004,3664,4764,-1100
117000005,1839,1772,67
117000006,1224,3355,-2131
117000007,3155,1223,1932
117000008,1102,3515,-2413
117000009,4484,1763,2721
117000010,2724,4054,-1330
117000011,2344,1520,824
117000012,1284,1232,52
117000013,1650,852,798
117000014,1086,2060,-974
117000015,2112,1140,972
117000016,367,87,280
117000017,354,92,262
117000018,137,511,-374
117000019,105,22,83
117000020,516,1107,-591
117000021,1934,618,1316
117000022,536,116,420
117000023,470,229,241
117000024,309,181,128
117000025,537,861,-324
117000026,2686,1127,1559
117000027,2643,3892,-1249
117000028,4117,1587,2530
117000030,505,504,1
117000031,374,260,114
117000032,1714,1088,626
117000033,999,661,338
117000034,367,304,63
117000035,309,289,20
117000036,479,348,131
117000037,249,214,35
117000038,235,552,-317
117000039,387,292,95
117000040,225,912,-687
117000041,782,153,629
117000044,19,770,-751
117000045,378,90,288
117000046,372,631,-259
117000047,759,581,178
117000048,2036,1080,956
117000049,87,478,-391
117000050,103,1962,-1859
117000051,1914,137,1777
117000052,45,290,-245
117000053,517,34,483
117000054,1600,8,1592
117000055,138,2997,-2859
117000056,679,29,650
117000057,541,2172,-1631
117000060,424,1370,-946
117000061,1232,792,440
117000062,243,667,-424
117000063,1510,889,621
117000064,749,810,-61
117000066,919,860,59
117000067,127,405,-278
117000074,196,171,25
117000076,110,33,77
117000077,162,153,9
117000078,111,676,-565
117000079,462,261,201
117000080,2,354,-352
117000081,1068,137,931
117000082,24,77,-53
117000083,122,5,117
117000084,213,3,210
117000085,416,686,-270
117000086,1012,477,535
117000087,108,486,-378
117000088,268,178,90
117000089,1218,294,924
117000090,287,1125,-838
117000091,672,229,443
117000092,355,1221,-866
117000093,919,778,141
117000094,1278,2957,-1679
117000095,3044,885,2159
117000096,567,2291,-1724
117000097,1218,1174,44
117000098,2497,4489,-1992
117000099,2616,1209,1407
117000100,144,305,-161
117000101,216,1032,-816
117000102,1323,705,618
117000103,672,1690,-1018
117000104,1041,604,437
117000105,818,1486,-668
117000106,828,735,93
117000107,543,1968,-1425
117000108,1208,835,373
117000109,1534,2636,-1102
117000110,1255,848,407
117000111,3329,4229,-900
117000112,2730,1645,1085
117000113,212,308,-96
117000114,234,129,105
117000115,124,126,-2
117000116,120,183,-63
117000117,1328,1061,267
117000118,267,131,136
117000119,352,137,215
117000120,160,479,-319
117000121,154,923,-769
117000122,357,715,-358
117000123,1505,32,1473
117000124,899,65,834
117000125,369,95,274
117000126,117,23,94
117000127,244,319,-75
117000128,684,772,-88
117000129,435,582,-147
117000130,135,3,132
117000131,0,120,-120
117000132,3159,30,3129
117000133,1195,18,1177
117000134,1,65,-64
117000135,5,46,-41
117000136,2,22,-20
117000137,69,95,-26
117000138,10,553,-543
117000140,402,1405,-1003
117000141,1321,502,819
117000181,571,578,-7
117000182,374,377,-3
117000195,231,967,-736
117000196,210,108,102
117000225,161,21,140
117000226,7,201,-194
117000276,211,25,186
117000277,0,388,-388
117000310,1506,2159,-653
117000315,43,769,-726
117000320,126,1,125
117000906,282,14,268
117000907,11,322,-311
117000909,57,31,26
117000910,177,169,8
117000911,119,209,-90
117000915,12,544,-532
117000916,30,3,27
117000917,912,41,871
117000918,63,54,9
117000919,3,103,-100
117000920,2,1183,-1181
117000921,2,1157,-1155
117000922,36,111,-75
117000924,352,748,-396
117000926,856,103,753
117000927,1720,838,882
117000928,0,126,-126
117000929,208,411,-203
117000930,231,24,207
117000931,486,168,318
117900002,120,368,-248
117900003,773,353,420
117900005,0,60,-60
117900006,0,15,-15
117900007,121,78,43
117900008,0,17,-17
117900010,244,86,158
117900011,135,73,62
117900012,54,73,-19
117900013,0,185,-185
117900014,558,122,436
117900015,24,103,-79
117900016,1067,696,371
117900017,402,305,97
117900018,273,118,155
117900019,306,288,18
117900020,73,437,-364
117900021,20,77,-57
117900023,700,138,562
117900024,99,72,27
117900025,37,10,27
117900026,327,226,101
117900028,61,7,54
117900029,193,605,-412
117900030,456,315,141
117900031,187,98,89
117900032,1162,550,612
117900033,174,484,-310
117900034,48,60,-12
117900035,455,114,341
117900036,160,345,-185
117900037,125,134,-9
117900038,16,330,-314
117900039,14,66,-52
117900040,192,451,-259
117900041,8,48,-40
117900042,3170,306,2864
117900043,53,64,-11
117900044,3,2505,-2502
117900045,191,146,45
117900048,298,345,-47
117900049,190,349,-159
117900050,5,76,-71
117900051,31,1,30
117900052,48,251,-203
117900053,1436,735,701
117900054,1,39,-38
117900055,178,199,-21
117900056,351,44,307
117900057,1320,1275,45
117900058,229,35,194
117900059,328,94,234
117900060,2453,4681,-2228
117900061,26,203,-177
117900063,231,178,53
117900065,1037,1288,-251
117900066,3,56,-53
117900067,328,186,142
117900069,512,253,259
117900070,312,20,292
117900071,80,119,-39
117900073,381,320,61
117900074,189,32,157
117900075,68,95,-27
117900076,24,48,-24
117900077,384,166,218
117900078,307,866,-559
117900080,109,52,57
117900081,524,372,152
117900082,394,373,21
117900083,223,385,-162
117900086,116,31,85
117900087,163,60,103
117900088,3470,2106,1364
117900089,1915,778,1137
117900090,365,378,-13
117900091,135,230,-95
117900092,56,28,28
117900093,64,83,-19
117900094,46,22,24
117900095,257,411,-154
117900096,97,270,-173
117900097,169,105,64
117900098,19,8,11
117900099,122,172,-50
117900100,134,3,131
117900101,396,1504,-1108
117900102,63,45,18
117900103,74,5,69
117900104,30,112,-82
117900105,138,181,-43
117900106,106,72,34
117900107,50,1,49
117900109,535,348,187
117900110,96,0,96
117900111,392,17,375
117900112,58,16,42
117900113,2982,1319,1663
117900114,41,3,38
117900115,282,62,220
117900116,976,940,36
117900117,415,343,72
117900118,66,1,65
117900119,125,209,-84
117900120,170,80,90
117900121,52,14,38
117900122,1208,2677,-1469
117900123,614,367,247
117900124,1023,720,303
117900125,1586,2092,-506
117900126,277,534,-257
117900127,451,486,-35
117900128,411,586,-175
117900129,38,2,36
117900130,1037,404,633
117900131,7,107,-100
117900132,11,120,-109
117900133,22,141,-119
117900134,42,234,-192
117900135,28,240,-212
117900136,0,45,-45
117900137,47,276,-229
117900138,0,40,-40
117900139,103,140,-37
117900140,2980,172,2808
117900141,336,185,151
117900142,164,36,128
117900144,65,154,-89
117900145,149,42,107
117900146,240,148,92
117900147,52,47,5
117900148,2374,1420,954
117900149,120,233,-113
117900150,49,55,-6
117900151,36,70,-34
117900152,123,53,70
117900153,12,85,-73
117900154,370,531,-161
117900156,914,939,-25
117900157,77,594,-517
117900158,215,128,87
117900160,536,667,-131
117900161,2650,2081,569
117900162,270,360,-90
117900163,118,108,10
117900165,0,18,-18
117900166,107,478,-371
117900168,29,209,-180
117900169,1,94,-93
117900170,0,53,-53
117900171,6,25,-19
117900172,14,34,-20
117900173,160,66,94
117900174,25,65,-40
117900175,4,37,-33
117900176,10,36,-26
117900177,55,42,13
117900178,204,41,163
117900180,217,99,118
117900181,99,317,-218
117900182,8,36,-28
117900183,60,173,-113
117900184,54,77,-23
117900185,32,55,-23
117900186,48,37,11
117900187,12,5,7
117900188,244,120,124
117900189,56,38,18
117900190,39,2,37
117900191,111,0,111
117900192,274,2,272
117900193,6,116,-110
117900194,8,4,4
117900195,96,73,23
117900196,19,22,-3
117900207,169,150,19
117900208,37,31,6
117900209,199,182,17
117900210,148,212,-64
117900211,5,182,-177
117900212,109,151,-42
117900213,23,21,2
117900214,14,26,-12
117900215,29,33,-4
117900216,60,28,32
117900217,169,278,-109
117900218,160,191,-31
117900219,15,99,-84
117900220,157,84,73
117900222,220,274,-54
117900223,201,280,-79
118000001,718,868,-150
118000002,951,2003,-1052
118000003,2412,2828,-416
118000004,3905,2883,1022
118000005,4770,4577,193
118000006,5913,9731,-3818
118000007,5231,3232,1999
118000008,5759,3737,2022
118000009,1887,2769,-882
118000010,5190,4040,1150
118000011,1275,2247,-972
118000012,1216,1972,-756
118000013,3529,2248,1281
118000014,2621,2771,-150
118000016,141,529,-388
118000017,422,335,87
118000018,408,591,-183
118000019,2304,1442,862
118000020,1351,2879,-1528
118000021,788,2646,-1858
118000022,1724,719,1005
118000023,948,296,652
118000024,1492,1027,465
118000027,13720,10871,2849
118000029,953,601,352
118000032,1344,3224,-1880
118000033,3018,4754,-1736
118000034,5202,2447,2755
118000035,1714,2415,-701
118000036,1047,964,83
118000037,710,825,-115
118000038,163,76,87
118000039,79,260,-181
118000040,1509,1283,226
118000041,2143,1500,643
118000045,617,207,410
118000046,1664,460,1204
118000047,1012,751,261
118000048,3875,1708,2167
118000051,1796,899,897
118000052,1041,468,573
118000053,509,430,79
118000054,1867,1354,513
118000055,1188,1773,-585
118000056,895,363,532
118000057,288,415,-127
118000058,3833,1367,2466
118000059,1925,733,1192
118000060,1009,551,458
118000061,2233,1126,1107
118000062,709,305,404
118000063,332,510,-178
118000064,732,1107,-375
118000065,4284,1708,2576
118000066,647,1323,-676
118000067,1393,841,552
118000068,1854,3909,-2055
118000069,3099,1042,2057
118000070,5287,1651,3636
118000071,3115,6628,-3513
118000072,2079,1253,826
118000073,2719,559,2160
118000074,477,665,-188
118000075,1127,358,769
118000076,1571,2029,-458
118000077,1419,1184,235
118000078,1580,1974,-394
118000079,263,334,-71
118000080,1237,989,248
118000081,1874,1111,763
118000082,257,1069,-812
118000083,1494,1606,-112
118000084,3367,1403,1964
118000086,323,569,-246
118000087,4355,2469,1886
118000088,1760,1492,268
118000089,2977,1877,1100
118000090,1426,2515,-1089
118000091,951,1944,-993
118000092,1071,514,557
118000093,118,692,-574
118000096,530,674,-144
118000097,797,729,68
118000098,268,188,80
118000099,414,801,-387
118000101,866,378,488
118000102,373,1479,-1106
118000107,1764,556,1208
118000108,691,1760,-1069
118000110,0,24,-24
118000111,0,326,-326
118000112,429,2,427
118000113,14,557,-543
118000114,392,17,375
118000115,19,13,6
118000116,43,0,43
118000117,1237,737,500
118000118,787,785,2
118000119,1098,997,101
118000120,1459,1104,355
118000121,127,736,-609
118000122,1245,391,854
118000123,77,267,-190
118000125,1574,856,718
118000126,739,1290,-551
118000127,1671,611,1060
118000128,808,1204,-396
118000129,907,401,506
118000130,2113,2883,-770
118000131,937,896,41
118000132,1980,1549,431
118000133,981,415,566
118000135,543,382,161
118000136,150,355,-205
118000137,549,106,443
118000138,402,528,-126
118000139,329,142,187
118000140,2653,3452,-799
118000141,1968,1941,27
118000142,1617,1397,220
118000143,1888,1106,782
118000144,1378,894,484
118000145,1787,2110,-323
118000146,1059,942,117
118000147,632,1639,-1007
118000148,490,1182,-692
118000149,903,954,-51
118000150,396,360,36
118000151,387,449,-62
118000153,1087,975,112
118000154,1180,1425,-245
118000155,1099,1298,-199
118000156,1748,2162,-414
118000157,502,381,121
118000158,255,464,-209
118000159,18,87,-69
118000160,485,422,63
118000161,481,777,-296
118000162,1541,775,766
118000163,809,705,104
118000164,1721,1261,460
118000168,1114,484,630
118000169,1017,1180,-163
118000170,4149,5441,-1292
118000171,333,680,-347
118000172,129,283,-154
118000173,1027,1080,-53
118000175,260,287,-27
118000176,217,373,-156
118000177,218,421,-203
118000178,28,45,-17
118000179,1180,1049,131
118000180,886,719,167
118000181,706,289,417
118000182,238,232,6
118000183,219,271,-52
118000184,689,694,-5
118000185,1042,983,59
118000186,772,1037,-265
118000187,1097,768,329
118000188,503,149,354
118000189,498,610,-112
118000190,11,15,-4
118000191,33,31,2
118000192,233,278,-45
118000193,143,350,-207
118000194,1181,888,293
118000195,1164,855,309
118000196,392,149,243
118000197,306,150,156
118000198,646,645,1
118000199,465,273,192
118000200,47,188,-141
118000201,424,397,27
118000202,61,40,21
118000203,1451,533,918
118000204,170,307,-137
118000205,211,359,-148
118000206,231,208,23
118000207,0,35,-35
118000208,1299,1571,-272
118000209,1621,1921,-300
118000210,69,47,22
118000211,16,25,-9
118000213,851,941,-90
118000214,611,472,139
118000215,258,207,51
118000216,1510,2687,-1177
118000217,33,138,-105
118000218,81,119,-38
118000219,490,323,167
118000220,6,39,-33
118000221,148,274,-126
118000222,61,8,53
118000223,39,49,-10
118000224,123,114,9
118000225,152,692,-540
118000226,882,225,657
118000227,787,340,447
118000228,135,190,-55
118000229,176,50,126
118000230,184,183,1
118000231,76,215,-139
118000232,690,853,-163
118000233,887,781,106
118000234,416,197,219
118000236,299,308,-9
118000237,105,318,-213
118000238,209,173,36
118000239,237,235,2
118000240,380,167,213
118000241,111,182,-71
118000242,315,595,-280
118000243,255,196,59
118000244,49,151,-102
118000246,1,20,-19
118000255,82,234,-152
118000256,109,251,-142
118000259,6,39,-33
118000260,181,160,21
118000261,35,51,-16
118000263,65,142,-77
118000266,125,265,-140
118000267,0,81,-81
118000268,364,7,357
118000270,78,17,61
118000271,208,346,-138
118000272,108,43,65
118000273,122,50,72
118000274,116,258,-142
118000276,396,312,84
118000295,4,99,-95
118000298,89,337,-248
118000299,99,170,-71
118000301,1,59,-58
118000302,76,105,-29
118000311,387,109,278
118000312,222,167,55
118000313,41,114,-73
118000314,94,88,6
118000315,33,70,-37
118000316,533,489,44
118000325,37,56,-19
118000326,12,46,-34
118000331,24,53,-29
118000332,10,37,-27
118000333,32,76,-44
118000335,233,2,231
118000336,0,206,-206
118000407,136,80,56
118000457,8,32,-24
118000465,3424,3679,-255
118000480,37,77,-40
118000489,43,199,-156
118000490,76,280,-204
118000492,378,202,176
118000510,85,17,68
118000514,192,294,-102
118000515,643,511,132
118000517,331,196,135
118000524,331,180,151
118000525,926,801,125
118000530,11,96,-85
118000531,309,293,16
118000532,182,297,-115
118000533,338,124,214
118000534,506,450,56
118000535,283,152,131
118000536,750,1281,-531
118000537,28,114,-86
118000538,42,46,-4
118000539,17,66,-49
118000540,278,101,177
118000541,157,37,120
118000542,78,134,-56
118000543,145,187,-42
118000546,43,16,27
118000553,0,2,-2
118000557,0,0,0
118000560,2487,1696,791
118000562,25,137,-112
118000563,1627,1288,339
118000576,198,157,41
118000577,207,235,-28
118000578,207,130,77
118000579,602,1001,-399
118000583,0,0,0
118000595,194,99,95
118000596,0,58,-58
118000597,143,144,-1
118000598,11,0,11
118000599,58,49,9
118000600,3,7,-4
118000601,12,1,11
118000602,1,5,-4
118000603,0,30,-30
118000605,27,139,-112
118000606,65,276,-211
118900001,601,1260,-659
118900002,738,742,-4
118900003,275,13,262
118900004,25,49,-24
118900005,84,6,78
118900006,143,10,133
118900007,25,1,24
118900008,1137,37,1100
118900009,50,32,18
118900010,77,1,76
118900011,177,51,126
118900012,313,175,138
118900013,412,81,331
118900015,136,124,12
118900016,8,8,0
118900017,267,332,-65
118900018,740,23,717
118900019,66,23,43
118900020,218,151,67
118900021,100,253,-153
118900022,124,103,21
118900023,141,113,28
118900024,92,138,-46
118900025,57,32,25
118900026,47,73,-26
118900027,397,232,165
118900028,130,114,16
118900029,261,362,-101
118900030,275,95,180
118900031,144,119,25
118900032,181,166,15
118900033,324,349,-25
118900034,142,22,120
118900035,103,184,-81
118900036,1087,606,481
118900037,419,200,219
118900038,267,184,83
118900039,426,122,304
118900040,188,172,16
118900041,493,192,301
118900042,221,78,143
118900045,287,181,106
118900046,878,362,516
118900047,537,199,338
118900048,163,140,23
118900049,42,38,4
118900050,27,116,-89
118900051,153,149,4
118900052,275,202,73
118900053,31,72,-41
118900054,101,59,42
118900055,77,108,-31
118900056,123,322,-199
118900057,545,386,159
118900058,358,302,56
118900059,22,67,-45
118900060,248,168,80
118900062,399,208,191
118900064,617,469,148
118900065,37,149,-112
118900066,72,82,-10
118900067,3487,2528,959
118900068,33,196,-163
118900069,313,272,41
118900071,3,69,-66
118900072,354,329,25
118900073,80,114,-34
118900074,120,207,-87
118900075,52,69,-17
118900076,145,116,29
118900077,166,181,-15
118900078,40,13,27
118900079,53,222,-169
118900080,15,137,-122
118900081,78,46,32
118900082,534,214,320
118900083,25,7,18
118900084,14,34,-20
118900085,635,864,-229
118900086,39,103,-64
118900087,25,134,-109
118900088,0,10,-10
118900089,39,27,12
118900090,364,390,-26
118900091,164,216,-52
118900092,109,90,19
118900093,170,23,147
118900096,113,151,-38
118900097,231,425,-194
118900099,63,142,-79
118900100,138,236,-98
118900101,49,275,-226
118900102,43,82,-39
118900103,39,98,-59
118900104,173,104,69
118900105,180,142,38
118900107,202,140,62
118900108,69,116,-47
118900110,1331,719,612
118900111,811,456,355
118900112,54,195,-141
118900113,113,432,-319
118900114,14,76,-62
118900115,82,351,-269
118900116,132,222,-90
118900117,71,211,-140
118900118,207,295,-88
118900119,99,191,-92
118900120,70,308,-238
118900121,8,153,-145
118900122,8,714,-706
118900123,150,187,-37
118900124,44,209,-165
118900126,24,316,-292
118900129,290,253,37
118900130,75,170,-95
118900131,275,203,72
118900132,243,196,47
118900133,15,120,-105
118900135,288,203,85
118900136,130,459,-329
118900137,4,34,-30
118900139,261,325,-64
118900140,305,460,-155
118900141,120,154,-34
118900144,139,388,-249
118900145,143,87,56
118900146,332,629,-297
118900147,303,171,132
118900148,64,62,2
118900150,126,436,-310
118900152,465,844,-379
118900157,80,148,-68
118900158,64,37,27
118900159,1,175,-174
118900161,87,6,81
118900163,110,132,-22
118900164,2,115,-113
118900165,40,131,-91
118900166,42,7,35
118900167,81,126,-45
118900168,8,134,-126
118900169,102,280,-178
118900170,132,126,6
118900171,27,23,4
118900174,63,78,-15
118900175,317,419,-102
118900176,126,227,-101
118900177,59,93,-34
118900178,54,242,-188
118900179,12,25,-13
118900181,99,114,-15
118900182,97,44,53
118900183,48,123,-75
118900184,238,93,145
118900185,52,113,-61
118900186,79,95,-16
118900187,236,262,-26
118900188,252,187,65
118900189,31,625,-594
118900190,11,268,-257
118900191,103,36,67
118900192,124,13,111
118900193,318,5,313
118900195,246,644,-398
118900196,28,138,-110
118900197,95,36,59
118900198,21,26,-5
118900199,80,59,21
118900200,34,16,18
118900201,35,18,17
118900202,7,67,-60
118900203,12,43,-31
118900204,24,36,-12
118900205,5,12,-7
118900206,1,22,-21
119000001,1041,1433,-392
119000002,3374,2554,820
119000003,1827,1040,787
119000004,2665,1059,1606
119000005,1426,1610,-184
119000006,2566,1563,1003
119000007,3169,2910,259
119000008,1885,1878,7
119000009,3641,4283,-642
119000010,6017,3941,2076
119000011,3582,2844,738
119000012,2911,3113,-202
119000013,2125,1485,640
119000014,1985,3100,-1115
119000019,286,147,139
119000020,2195,1376,819
119000021,3581,2018,1563
119000022,1955,2034,-79
119000023,327,255,72
119000024,1612,7807,-6195
119000025,6367,1246,5121
119000026,152,371,-219
119000027,231,426,-195
119000028,1855,952,903
119000029,131,313,-182
119000030,542,966,-424
119000031,729,742,-13
119000032,1815,2363,-548
119000033,1810,1421,389
119000034,813,884,-71
119000035,30,329,-299
119000036,1472,857,615
119000037,1067,1646,-579
119000038,143,821,-678
119000039,246,320,-74
119000040,814,505,309
119000041,668,1061,-393
119000048,2835,3085,-250
119000049,1813,2524,-711
119000050,3092,1885,1207
119000051,3543,917,2626
119000052,1769,3030,-1261
119000053,1794,1126,668
119000054,2788,3070,-282
119000055,3408,3247,161
119000056,2018,2039,-21
119000057,1306,1854,-548
119000058,1728,1670,58
119000059,1169,1621,-452
119000060,1274,1055,219
119000061,793,785,8
119000062,1064,1227,-163
119000063,402,420,-18
119000064,948,1287,-339
119000065,2072,3233,-1161
119000066,1750,1174,576
119000067,1644,2033,-389
119000068,1299,1161,138
119000069,1404,2303,-899
119000070,2029,1003,1026
119000071,536,733,-197
119000072,4710,2768,1942
119000073,4206,6062,-1856
119000074,1034,2501,-1467
119000075,1703,2068,-365
119000076,371,889,-518
119000077,709,448,261
119000078,362,274,88
119000079,206,603,-397
119000080,428,197,231
119000081,299,472,-173
119000082,750,235,515
119000083,595,376,219
119000084,289,495,-206
119000085,561,206,355
119000086,277,393,-116
119000087,1569,950,619
119000088,344,237,107
119000089,83,183,-100
119000090,134,156,-22
119000091,128,337,-209
119000092,446,187,259
119000093,3262,2800,462
119000094,2492,5168,-2676
119000095,1605,2702,-1097
119000097,2161,1477,684
119000098,786,1942,-1156
119000099,2188,1759,429
119000100,2834,2547,287
119000101,3222,1832,1390
119000102,986,1000,-14
119000103,1427,512,915
119000104,2437,1669,768
119000105,775,1581,-806
119000106,387,1408,-1021
119000107,703,370,333
119000108,331,992,-661
119000109,122,436,-314
119000110,333,322,11
119000111,44,554,-510
119000112,206,85,121
119000113,2199,319,1880
119000114,872,866,6
119000115,131,122,9
119000116,111,87,24
119000117,132,329,-197
119000118,0,1,-1
119000123,4635,1426,3209
119000124,622,236,386
119000125,3098,834,2264
119000126,888,778,110
119000127,462,514,-52
119000128,15,5,10
119000131,829,736,93
119000132,2,1,1
119000133,1,8,-7
119000134,1925,572,1353
119000135,145,225,-80
119000136,240,238,2
119000137,200,348,-148
119000138,290,260,30
119000139,247,211,36
119000140,170,370,-200
119000284,1320,2559,-1239
119000285,2082,2267,-185
119000286,6737,5258,1479
119000287,1204,2058,-854
119000288,1805,1362,443
119000289,1905,2972,-1067
119000290,231,452,-221
119000291,11,253,-242
119000293,109,148,-39
119000294,45,16,29
119000295,1173,382,791
119000296,192,146,46
119000297,0,0,0
119000302,2562,1250,1312
119000303,62,185,-123
119000310,0,0,0
119000314,1292,8143,-6851
119000315,1,460,-459
119000316,78,102,-24
119000317,81,343,-262
119900001,234,1160,-926
119900002,185,336,-151
119900003,83,1229,-1146
119900004,339,979,-640
119900005,139,138,1
119900006,175,404,-229
119900007,1106,202,904
119900008,1041,72,969
119900009,729,942,-213
119900010,913,1124,-211
119900011,20,105,-85
119900012,21,90,-69
119900013,1767,907,860
119900014,427,208,219
119900015,119,40,79
119900016,47,71,-24
119900017,38,72,-34
119900018,1963,781,1182
119900019,35,12,23
119900020,183,211,-28
119900021,102,96,6
119900022,88,578,-490
119900023,579,1203,-624
119900025,152,23,129
119900026,681,129,552
119900027,23,55,-32
119900028,628,126,502
119900029,1,5,-4
119900030,541,544,-3
119900031,55,348,-293
119900033,2012,260,1752
119900034,362,134,228
119900037,169,34,135
119900038,54,261,-207
119900039,26,9,17
119900040,271,21,250
119900041,78,32,46
119900042,560,135,425
119900043,63,174,-111
119900044,202,693,-491
119900046,95,67,28
119900047,244,88,156
119900048,122,68,54
119900049,148,7,141
119900050,90,97,-7
119900051,782,10,772
119900052,39,23,16
119900053,211,162,49
119900054,94,12,82
119900055,1106,514,592
119900057,229,65,164
119900058,200,0,200
119900059,141,62,79
119900060,223,19,204
119900061,203,5,198
119900062,57,16,41
119900063,25,47,-22
119900065,161,8,153
119900067,178,19,159
119900068,381,4,377
119900069,87,21,66
119900070,814,19,795
119900071,526,17,509
119900073,1558,794,764
119900074,28,22,6
119900075,4582,2482,2100
119900076,573,377,196
119900077,654,1023,-369
119900078,745,1017,-272
119900079,721,255,466
119900080,377,270,107
119900081,501,130,371
119900082,1035,248,787
119900083,403,233,170
119900084,614,313,301
119900085,59,68,-9
119900086,491,1324,-833
119900087,568,316,252
119900088,29,60,-31
119900089,28,528,-500
119900090,129,60,69
119900091,90,799,-709
119900092,215,345,-130
119900093,954,294,660
119900094,121,185,-64
119900095,232,106,126
119900096,52,109,-57
119900097,631,190,441
119900098,44,62,-18
119900099,34,259,-225
119900100,2296,2208,88
119900101,162,959,-797
119900102,74,237,-163
119900103,49,345,-296
119900104,35,188,-153
119900105,583,1578,-995
119900106,18,167,-149
119900107,346,2567,-2221
119900108,1993,627,1366
119900109,66,157,-91
119900110,627,562,65
119900111,68,288,-220
119900112,1531,605,926
119900113,99,299,-200
119900114,222,1112,-890
119900115,288,1026,-738
119900116,211,512,-301
119900117,361,672,-311
119900118,76,880,-804
119900119,336,253,83
119900120,605,495,110
119900121,396,1083,-687
119900122,539,368,171
119900123,267,430,-163
119900124,214,921,-707
119900125,64,279,-215
119900126,3336,272,3064
119900127,2191,1069,1122
119900128,595,686,-91
119900129,261,540,-279
119900130,41,255,-214
119900131,53,263,-210
119900132,15,264,-249
119900133,69,102,-33
119900134,1726,228,1498
119900135,0,353,-353
119900136,228,349,-121
119900138,364,497,-133
119900139,115,131,-16
119900140,2,135,-133
119900141,109,723,-614
119900142,3,27,-24
119900143,28,223,-195
119900144,1620,247,1373
119900145,97,148,-51
119900146,158,295,-137
119900147,6,192,-186
119900148,174,64,110
119900149,1168,2868,-1700
119900150,136,176,-40
119900151,1449,710,739
119900152,101,443,-342
119900153,144,99,45
119900154,32,538,-506
119900155,48,38,10
119900156,22,12,10
119900157,109,296,-187
119900158,136,133,3
119900159,12,1427,-1415
119900160,35,170,-135
119900161,182,198,-16
119900162,725,809,-84
119900163,244,183,61
119900164,0,4,-4
119900165,174,231,-57
119900166,94,77,17
119900167,89,111,-22
119900168,671,454,217
119900169,93,330,-237
119900170,233,296,-63
119900171,1826,408,1418
119900172,135,36,99
119900173,12,377,-365
119900174,31,173,-142
119900175,947,808,139
119900177,23,204,-181
119900178,15,133,-118
119900179,79,430,-351
119900180,830,888,-58
119900181,52,132,-80
119900182,7,276,-269
119900183,160,713,-553
119900184,2147,501,1646
119900185,52,146,-94
119900186,52,653,-601
119900187,18,343,-325
119900188,112,425,-313
119900189,490,454,36
119900190,65,260,-195
119900191,313,146,167
119900192,105,196,-91
119900193,253,221,32
119900194,9,125,-116
119900195,134,279,-145
119900196,1344,430,914
119900197,162,159,3
119900198,340,256,84
119900199,182,20,162
119900200,556,700,-144
119900201,367,206,161
119900202,151,232,-81
119900203,170,573,-403
119900204,245,224,21
119900205,529,527,2
119900206,130,146,-16
119900208,160,260,-100
119900209,498,1092,-594
119900210,35,37,-2
119900211,125,15,110
119900212,190,343,-153
119900213,11,103,-92
119900214,30,124,-94
119900215,80,102,-22
119900216,13,93,-80
119900217,23,64,-41
119900218,45,131,-86
119900219,13,138,-125
119900220,7,107,-100
119900221,51,328,-277
119900222,28,184,-156
119900223,18,78,-60
119900224,13,44,-31
119900225,1001,69,932
119900226,576,1508,-932
119900227,1022,253,769
119900228,1198,321,877
119900229,404,446,-42
119900230,1515,577,938
119900231,185,209,-24
119900232,305,113,192
119900233,47,7,40
119900234,18,51,-33
119900235,45,80,-35
119900236,109,178,-69
119900237,38,382,-344
119900238,8,64,-56
119900240,91,142,-51
119900241,148,324,-176
119900242,1205,1534,-329
119900244,617,1204,-587
119900245,124,210,-86
119900246,346,519,-173
119900247,22,123,-101
119900248,72,168,-96
119900249,195,84,111
119900253,2651,361,2290
119900254,77,478,-401
119900255,74,546,-472
119900256,437,817,-380
119900257,25,2,23
119900258,99,3,96
119900259,39,135,-96
119900260,62,5,57
119900261,384,195,189
119900262,0,231,-231
119900263,996,341,655
119900264,114,218,-104
119900265,516,338,178
119900266,336,280,56
119900267,262,459,-197
119900268,388,163,225
119900269,1038,1094,-56
119900271,12,87,-75
119900272,324,134,190
119900275,119,37,82
119900276,55,1,54
119900277,4,14,-10
119900278,223,102,121
119900279,113,302,-189
119900280,792,136,656
119900281,0,181,-181
119900282,80,112,-32
119900283,5,242,-237
119900284,43,197,-154
119900285,22,39,-17
119900286,0,7,-7
119900288,4,20,-16
119900289,0,28,-28
119900290,11,15,-4
119900291,1,66,-65
119900292,32,33,-1
119900293,15,85,-70
119900294,21,72,-51
119900295,24,50,-26
119900296,38,258,-220
119900297,1,21,-20
119900298,8,17,-9
119900299,177,139,38
119900300,599,126,473
119900301,26,21,5
119900302,56,70,-14
119900303,322,390,-68
119900304,147,85,62
119900305,18,106,-88
119900306,25,1,24
119900307,81,81,0
119900308,1,27,-26
119900309,25,144,-119
119900310,248,312,-64
119900311,50,141,-91
119900312,72,100,-28
119900313,330,280,50
119900314,158,355,-197
119900315,1391,1999,-608
119900318,13,20,-7
119900319,7,267,-260
119900320,114,399,-285
119900321,60,1,59
120000001,5432,11432,-6000
120000002,2929,3155,-226
120000003,3428,2011,1417
120000004,2957,2393,564
120000005,4561,2259,2302
120000006,1185,1446,-261
120000007,3577,3003,574
120000008,988,1486,-498
120000009,3171,966,2205
120000010,1754,2478,-724
120000011,1031,1703,-672
120000012,1369,2520,-1151
120000013,2619,2766,-147
120000014,588,1403,-815
120000015,2524,1466,1058
120000016,3212,2177,1035
120000017,2634,1860,774
120000018,3557,8748,-5191
120000019,935,1355,-420
120000020,2856,2930,-74
120000021,1750,2071,-321
120000022,2901,3592,-691
120000023,1031,1669,-638
120000024,1479,2502,-1023
120000025,2699,2043,656
120000026,1538,1934,-396
120000027,1803,2194,-391
120000028,949,822,127
120000029,3203,765,2438
120000030,2816,921,1895
120000031,1728,6052,-4324
120000032,7767,4567,3200
120000033,4587,2067,2520
120000034,1615,1911,-296
120000035,1662,2244,-582
120000036,2704,4829,-2125
120000037,677,1323,-646
120000038,6114,3245,2869
120000039,607,797,-190
120000040,607,281,326
120000041,1799,1236,563
120000042,2382,2276,106
120000043,4121,1838,2283
120000044,4030,1529,2501
120000045,4353,1105,3248
120000046,2579,2405,174
120000047,1121,3860,-2739
120000048,6595,4083,2512
120000049,2802,2772,30
120000050,3505,3974,-469
120000051,3048,3979,-931
120000052,8307,2677,5630
120000053,1351,2677,-1326
120000054,1294,4131,-2837
120000055,1915,4720,-2805
120000056,3647,3467,180
120000057,2854,802,2052
120000058,4439,684,3755
120000059,24,1583,-1559
120000061,164,647,-483
120000062,212,275,-63
120000063,1667,2706,-1039
120000064,159,1185,-1026
120000065,731,1613,-882
120000066,313,529,-216
120000067,74,480,-406
120000068,206,868,-662
120000069,601,1126,-525
120000070,95,711,-616
120000071,381,132,249
120000072,608,438,170
120000073,780,113,667
120000074,190,94,96
120000075,878,311,567
120000076,1676,401,1275
120000077,1511,621,890
120000078,3101,1165,1936
120000079,373,406,-33
120000080,268,302,-34
120000081,383,187,196
120000082,289,280,9
120000083,180,745,-565
120000084,364,383,-19
120000085,269,344,-75
120000086,365,650,-285
120000087,158,682,-524
120000088,804,1166,-362
120000089,1073,738,335
120000090,642,578,64
120000091,1340,1077,263
120000092,1150,650,500
120000093,343,466,-123
120000094,185,710,-525
120000095,1136,633,503
120000096,221,816,-595
120000098,1357,1109,248
120000099,525,874,-349
120000100,709,1030,-321
120000101,432,428,4
120000102,386,739,-353
120000103,1336,797,539
120000104,1301,461,840
120000105,2582,736,1846
120000106,2115,731,1384
120000107,3154,611,2543
120000108,1065,165,900
120000109,940,64,876
120000110,89,877,-788
120000111,149,1024,-875
120000112,829,2793,-1964
120000113,775,2265,-1490
120000114,1033,2944,-1911
120000115,312,2357,-2045
120000116,863,1970,-1107
120000117,1074,1356,-282
120000118,57,27,30
120000119,31,96,-65
120000120,53,62,-9
120000121,49,57,-8
120000122,243,340,-97
120000123,5177,4254,923
120000124,421,347,74
120000125,415,669,-254
120000126,389,807,-418
120000127,2802,841,1961
120000128,3750,3387,363
120000129,270,252,18
120000130,776,537,239
120000131,251,688,-437
120000134,472,1191,-719
120000135,528,550,-22
120000137,227,1327,-1100
120000138,770,413,357
120000139,325,733,-408
120000140,687,490,197
120000141,779,550,229
120000142,944,527,417
120000143,0,92,-92
120000144,88,2,86
120000145,331,2,329
120000146,1353,852,501
120000149,620,1154,-534
120000150,3359,11255,-7896
120000151,375,490,-115
120000152,355,204,151
120000153,214,492,-278
120000154,473,434,39
120000155,97,272,-175
120000156,956,864,92
120000157,1000,596,404
120000158,921,934,-13
120000159,2174,2677,-503
120000160,2277,1333,944
120000161,1828,2206,-378
120000162,59,214,-155
120000163,605,1442,-837
120000164,473,378,95
120000165,476,806,-330
120000166,1253,484,769
120000167,68,137,-69
120000168,14,322,-308
120000169,60,989,-929
120000170,60,638,-578
120000171,24,270,-246
120000172,54,149,-95
120000173,2619,944,1675
120000174,564,62,502
120000175,343,31,312
120000176,514,48,466
120000177,1384,166,1218
120000178,108,14,94
120000179,373,43,330
120000180,838,75,763
120000181,144,708,-564
120000182,71,439,-368
120000183,23,359,-336
120000184,156,980,-824
120000186,84,421,-337
120000187,32,171,-139
120000188,122,269,-147
120000190,1135,34,1101
120000191,1037,94,943
120000192,1096,25,1071
120000193,397,8,389
120000195,110,3,107
120000196,340,52,288
120000197,135,111,24
120000198,117,81,36
120000199,85,0,85
120000200,116,0,116
120000201,18,33,-15
120000202,6,58,-52
120000203,35,247,-212
120000207,1,73,-72
120000208,11,233,-222
120000209,3,88,-85
120000210,108,77,31
120000211,148,4,144
120000212,188,0,188
120000213,113,289,-176
120000214,1,297,-296
120000215,6,118,-112
120000216,50,18,32
120000217,577,882,-305
120000218,190,738,-548
120000219,10,470,-460
120000220,7,1633,-1626
120000225,1264,10,1254
120000226,288,4,284
120000227,746,38,708
120000228,7120,2510,4610
120000230,281,11,270
120000231,945,1944,-999
120000233,220,5,215
120000235,237,737,-500
120000236,695,0,695
120000237,4,1206,-1202
120000238,1,528,-527
120000241,1102,2826,-1724
120000412,1157,17,1140
120000413,238,261,-23
120000414,121,3,118
120000415,0,119,-119
120000416,165,10,155
120000417,4,116,-112
120000418,99,23,76
120000419,28,312,-284
120000420,52,49,3
120000421,10048,5795,4253
120000422,123,901,-778
120000423,4,43,-39
120000424,58,159,-101
120000436,175,556,-381
120000437,152,136,16
120000438,2994,323,2671
120000439,185,384,-199
120000443,164,2,162
120000444,1281,524,757
120000445,1533,1020,513
120000446,664,234,430
120000447,157,5,152
120000449,147,5,142
120000450,3,250,-247
120000451,72,186,-114
120000452,127,3,124
120000453,2,260,-258
120000454,86,56,30
120000455,100,72,28
120000456,2287,3130,-843
120000457,1005,551,454
120000458,437,725,-288
120000459,37,54,-17
120000665,1031,253,778
120000668,183,498,-315
120000669,58,165,-107
120000670,229,448,-219
120000671,1242,372,870
120000672,120,645,-525
120900001,39,96,-57
120900002,351,454,-103
120900003,287,32,255
120900004,10,64,-54
120900005,6,951,-945
120900006,357,174,183
120900007,147,87,60
120900008,259,1127,-868
120900009,632,56,576
120900010,386,89,297
120900011,236,167,69
120900012,388,956,-568
120900013,210,63,147
120900014,6,487,-481
120900015,1254,81,1173
120900016,646,61,585
120900017,2310,133,2177
120900018,84,459,-375
120900019,556,347,209
120900020,798,1124,-326
120900021,539,199,340
120900022,90,409,-319
120900023,291,42,249
120900024,1818,524,1294
120900025,1749,1061,688
120900026,179,180,-1
120900027,627,33,594
120900028,294,113,181
120900029,207,396,-189
120900030,914,663,251
120900031,218,91,127
120900032,779,100,679
120900033,809,97,712
120900034,62,2237,-2175
120900035,59,97,-38
120900037,242,14,228
120900038,52,231,-179
120900039,78,30,48
120900040,255,5,250
120900041,168,29,139
120900042,427,53,374
120900043,44,24,20
120900044,7,406,-399
120900045,191,105,86
120900046,314,8,306
120900047,204,93,111
120900048,143,20,123
120900049,365,4,361
120900050,2151,1191,960
120900051,347,119,228
120900052,529,3,526
120900053,228,89,139
120900054,1691,576,1115
120900055,358,1,357
120900056,459,27,432
120900057,110,18,92
120900058,420,1,419
120900059,73,2,71
120900060,65,28,37
120900061,246,217,29
120900062,226,1,225
120900063,470,5,465
120900064,521,1,520
120900065,377,1,376
120900066,289,239,50
120900067,179,68,111
120900068,187,1,186
120900069,206,59,147
120900071,34,1,33
120900072,665,11,654
120900073,420,204,216
120900074,497,13,484
120900076,304,1,303
120900077,2692,361,2331
120900078,638,808,-170
120900079,634,100,534
120900080,597,1777,-1180
120900081,772,841,-69
120900082,500,422,78
120900083,76,9,67
120900084,229,390,-161
120900085,82,152,-70
120900086,192,303,-111
120900087,342,303,39
120900088,144,284,-140
120900089,3208,1993,1215
120900090,178,126,52
120900091,661,773,-112
120900092,1351,501,850
120900093,2260,210,2050
120900094,464,166,298
120900095,422,27,395
120900096,35,233,-198
120900097,589,633,-44
120900098,316,204,112
120900099,100,72,28
120900100,94,280,-186
120900101,829,306,523
120900102,36,83,-47
120900103,69,194,-125
120900104,20,39,-19
120900105,46,521,-475
120900106,1476,609,867
120900107,242,135,107
120900108,6,602,-596
120900109,70,657,-587
120900110,6,594,-588
120900111,139,327,-188
120900112,26,775,-749
120900113,15,839,-824
120900114,26,170,-144
120900115,168,234,-66
120900116,234,412,-178
120900117,0,506,-506
120900118,11,668,-657
120900119,3708,4694,-986
120900120,80,583,-503
120900121,123,491,-368
120900122,465,472,-7
120900123,5,479,-474
120900124,2,561,-559
120900125,0,684,-684
120900126,1881,1286,595
120900127,13,548,-535
120900128,1326,1603,-277
120900129,72,315,-243
120900130,7,447,-440
120900131,62,72,-10
120900132,788,296,492
120900133,151,831,-680
120900134,872,422,450
120900135,9,592,-583
120900136,23,59,-36
120900137,186,93,93
120900138,31,191,-160
120900139,7,659,-652
120900140,2,69,-67
120900141,178,235,-57
120900142,15,482,-467
120900143,6,898,-892
120900144,0,136,-136
120900145,442,851,-409
120900146,7,1033,-1026
120900147,21,530,-509
120900148,72,133,-61
120900149,0,258,-258
120900150,47,522,-475
120900151,0,626,-626
120900152,0,31,-31
120900153,22,54,-32
120900154,0,251,-251
120900155,158,984,-826
120900156,72,336,-264
120900157,129,211,-82
120900158,50,575,-525
120900159,284,391,-107
120900160,14,727,-713
120900161,90,455,-365
120900162,72,572,-500
120900163,48,595,-547
120900164,4,16,-12
120900165,9,49,-40
120900166,99,391,-292
120900167,439,154,285
120900169,76,361,-285
120900170,1240,2233,-993
120900171,1222,403,819
120900172,934,817,117
120900173,0,62,-62
120900174,7,111,-104
120900175,247,149,98
120900176,17,327,-310
120900177,1,821,-820
120900178,2,403,-401
120900179,1047,480,567
120900180,116,147,-31
120900181,73,59,14
120900182,14,272,-258
120900183,397,53,344
120900184,192,61,131
120900185,18,316,-298
120900186,2,443,-441
120900187,419,1074,-655
120900188,209,21,188
120900189,113,936,-823
120900190,62,7,55
120900191,10,27,-17
120900192,10340,5441,4899
120900194,48,78,-30
120900195,69,262,-193
120900196,713,45,668
120900197,559,113,446
120900198,220,537,-317
120900199,315,376,-61
120900200,63,120,-57
120900201,519,158,361
120900202,1,213,-212
120900203,42,86,-44
120900204,144,257,-113
120900205,64,64,0
120900206,17,74,-57
120900207,117,1283,-1166
121000001,690,990,-300
121000002,2117,1181,936
121000003,2830,1783,1047
121000004,2753,3155,-402
121000005,2073,2578,-505
121000006,3479,1530,1949
121000007,2485,2700,-215
121000008,5023,3173,1850
121000009,4958,5052,-94
121000010,7774,4796,2978
121000011,8100,10723,-2623
121000012,14382,9056,5326
121000013,4646,6699,-2053
121000014,5869,5536,333
121000015,4019,6886,-2867
121000016,4358,3225,1133
121000017,1879,3631,-1752
121000018,2408,1723,685
121000019,16783,12245,4538
121000020,12525,14341,-1816
121000021,3476,2839,637
121000022,3065,2658,407
121000023,3998,2880,1118
121000024,4766,4757,9
121000025,584,1410,-826
121000026,301,160,141
121000027,1644,1181,463
121000028,851,538,313
121000029,1070,741,329
121000030,646,389,257
121000031,680,614,66
121000032,183,125,58
121000034,521,255,266
121000035,148,150,-2
121000036,1209,874,335
121000037,575,587,-12
121000038,556,841,-285
121000039,347,360,-13
121000041,674,444,230
121000042,395,366,29
121000043,692,555,137
121000044,1412,898,514
121000045,433,251,182
121000046,591,763,-172
121000047,76,98,-22
121000049,1916,597,1319
121000050,393,1115,-722
121000051,741,290,451
121000052,322,651,-329
121000053,443,102,341
121000054,64,354,-290
121000055,1093,1028,65
121000056,908,986,-78
121000057,382,519,-137
121000058,541,240,301
121000059,2071,1266,805
121000060,649,955,-306
121000061,147,223,-76
121000062,481,395,86
121000063,814,743,71
121000064,755,858,-103
121000065,487,561,-74
121000066,882,642,240
121000067,837,501,336
121000068,745,409,336
121000069,553,666,-113
121000070,2359,1234,1125
121000071,1461,1209,252
121000072,1802,786,1016
121000073,1285,863,422
121000074,308,170,138
121000075,64,181,-117
121000076,1384,484,900
121000077,194,165,29
121000078,115,146,-31
121000080,2361,637,1724
121000081,2658,2846,-188
121000082,147,311,-164
121000083,275,174,101
121000084,149,181,-32
121000085,323,363,-40
121000086,256,732,-476
121000087,56,338,-282
121000088,438,550,-112
121000089,347,354,-7
121000090,434,321,113
121000091,1372,902,470
121000092,193,96,97
121000093,171,242,-71
121000094,656,661,-5
121000095,425,638,-213
121000096,2201,2345,-144
121000097,811,1911,-1100
121000098,588,1094,-506
121000099,797,831,-34
121000100,880,637,243
121000101,360,291,69
121000102,284,420,-136
121000103,299,243,56
121000104,272,268,4
121000105,388,390,-2
121000106,318,325,-7
121000107,1936,3012,-1076
121000109,1360,1041,319
121000110,334,719,-385
121000114,2614,1967,647
121000115,876,800,76
121000116,292,896,-604
121000117,890,256,634
121000118,1485,220,1265
121000119,425,355,70
121000120,263,488,-225
121000121,606,1086,-480
121000123,1592,560,1032
121000127,146,93,53
121000128,930,584,346
121000129,715,797,-82
121000130,629,850,-221
121000131,2636,2145,491
121000132,1821,1810,11
121000135,369,375,-6
121000136,2120,792,1328
121000137,493,293,200
121000138,1175,931,244
121000139,683,325,358
121000141,208,130,78
121000142,754,1048,-294
121000143,131,36,95
121000144,1014,1736,-722
121000145,563,1124,-561
121000146,1237,937,300
121000147,1035,531,504
121000148,897,1072,-175
121000149,2001,1398,603
121000152,722,551,171
121000153,1852,627,1225
121000154,861,604,257
121000155,1309,1105,204
121000156,387,932,-545
121000157,1072,1879,-807
121000158,584,589,-5
121000159,146,443,-297
121000160,303,498,-195
121000161,186,236,-50
121000162,116,175,-59
121000165,1535,1790,-255
121000166,18,544,-526
121000168,376,256,120
121000169,75,220,-145
121000170,358,64,294
121000171,63,197,-134
121000172,727,524,203
121000173,1150,1058,92
121000174,308,433,-125
121000175,873,405,468
121000176,444,266,178
121000177,1172,741,431
121000178,142,95,47
121000179,113,100,13
121000181,634,475,159
121000182,135,244,-109
121000183,196,118,78
121000184,102,171,-69
121000185,44,171,-127
121000186,210,377,-167
121000187,166,254,-88
121000188,139,234,-95
121000192,761,426,335
121000193,564,550,14
121000194,2285,2138,147
121000195,298,802,-504
121000196,758,291,467
121000197,190,594,-404
121000198,194,104,90
121000199,143,298,-155
121000200,459,95,364
121000201,2,183,-181
121000202,639,91,548
121000203,897,2180,-1283
121000204,2458,760,1698
121000205,218,191,27
121000206,122,14,108
121000207,1813,330,1483
121000208,5,256,-251
121000209,360,290,70
121000210,555,430,125
121000211,348,177,171
121000212,367,454,-87
121000213,8515,2876,5639
121000214,733,2128,-1395
121000215,1157,907,250
121000216,547,638,-91
121000217,3765,2583,1182
121000218,431,1458,-1027
121000219,1409,440,969
121000220,192,62,130
121000221,137,174,-37
121000222,2250,2321,-71
121000223,964,385,579
121000224,482,159,323
121000225,1943,1570,373
121000226,2934,980,1954
121000227,11,230,-219
121000228,23,627,-604
121000229,281,281,0
121000230,60,1371,-1311
121000231,908,41,867
121000232,462,267,195
121000233,564,376,188
121000234,34,43,-9
121000235,97,83,14
121000236,11,51,-40
121000237,84,20,64
121000238,8,69,-61
121000239,69,19,50
121000240,3,164,-161
121000241,105,17,88
121000242,92,329,-237
121000243,549,211,338
121000244,17,100,-83
121000245,132,49,83
121000246,3,116,-113
121000247,81,8,73
121000248,1890,511,1379
121000249,93,210,-117
121000250,497,174,323
121000251,32,397,-365
121000252,105,78,27
121000253,617,432,185
121000254,665,226,439
121000255,310,183,127
121000256,343,178,165
121000257,83,88,-5
121000258,176,63,113
121000259,109,67,42
121000260,247,121,126
121000261,340,48,292
121000262,738,715,23
121000263,885,422,463
121000271,343,1380,-1037
121000273,87,3,84
121000274,10,34,-24
121000275,1,15,-14
121000276,9,13,-4
121000278,39,47,-8
121000279,40,16,24
121000280,39,37,2
121000289,216,23,193
121000290,1151,800,351
121000294,122,119,3
121000297,1238,1104,134
121000299,253,391,-138
121000300,975,584,391
121000302,67,967,-900
121000303,393,370,23
121000304,536,55,481
121000305,168,41,127
121000306,98,108,-10
121000308,153,326,-173
121000309,315,436,-121
121000310,104,373,-269
121000311,93,772,-679
121000312,217,175,42
121000313,277,418,-141
121000314,151,156,-5
121000315,57,164,-107
121000530,1272,1235,37
121000531,1942,1441,501
121000532,5737,6718,-981
121000533,2978,3320,-342
121000918,70,156,-86
121000919,67,70,-3
121000938,146,287,-141
121000939,203,275,-72
121000956,1144,1008,136
121000957,8,18,-10
121000958,77,37,40
121000959,619,862,-243
121000960,2068,2321,-253
121000961,214,216,-2
121000962,302,632,-330
121000973,2,143,-141
121000976,17,222,-205
121000979,410,188,222
121000981,450,346,104
121000982,411,176,235
121000983,375,517,-142
121000984,43,88,-45
121000985,546,383,163
121000986,250,198,52
121000987,203,830,-627
121000988,610,133,477
121001302,347,104,243
121001308,3,9,-6
121001309,97,84,13
121001313,312,216,96
121001314,2055,2622,-567
121001315,4164,2015,2149
121001326,634,376,258
121900001,233,230,3
121900002,50,30,20
121900003,418,12,406
121900004,129,277,-148
121900005,20,7,13
121900006,84,25,59
121900007,1665,2196,-531
121900008,827,266,561
121900009,443,12,431
121900010,206,1,205
121900011,148,310,-162
121900012,11,0,11
121900013,1432,98,1334
121900014,1186,388,798
121900015,235,206,29
121900016,10,36,-26
121900017,1620,432,1188
121900018,322,7,315
121900019,427,219,208
121900020,27,1,26
121900021,861,21,840
121900022,251,238,13
121900023,83,250,-167
121900024,312,123,189
121900025,617,351,266
121900026,339,41,298
121900027,220,85,135
121900028,191,9,182
121900029,92,164,-72
121900030,369,568,-199
121900031,982,5087,-4105
121900032,91,64,27
121900033,241,192,49
121900034,323,67,256
121900035,2074,2125,-51
121900036,97,263,-166
121900037,166,703,-537
121900038,51,154,-103
121900039,401,79,322
121900040,68,103,-35
121900041,91,147,-56
121900042,366,108,258
121900043,4,3,1
121900044,181,59,122
121900046,280,328,-48
121900047,157,56,101
121900048,38,107,-69
121900050,22,63,-41
121900051,173,159,14
121900052,134,36,98
121900053,713,366,347
121900054,584,969,-385
121900055,9,11,-2
121900058,234,144,90
121900059,396,177,219
121900060,119,298,-179
121900061,151,171,-20
121900062,167,109,58
121900063,1220,364,856
121900064,261,588,-327
121900066,80,38,42
121900067,75,60,15
121900069,229,146,83
121900070,169,68,101
121900071,306,359,-53
121900072,44,157,-113
121900073,308,202,106
121900074,692,909,-217
121900075,385,411,-26
121900076,329,467,-138
121900077,1,6,-5
121900078,92,28,64
121900079,0,0,0
121900080,1026,463,563
121900082,45,76,-31
121900084,19,170,-151
121900085,1,4,-3
121900086,16,45,-29
121900087,197,127,70
121900088,1660,2637,-977
121900089,169,327,-158
121900090,126,99,27
121900091,53,112,-59
121900092,82,67,15
121900093,91,74,17
121900094,24,10,14
121900095,250,151,99
121900096,1102,801,301
121900097,520,306,214
121900098,6,6,0
121900099,207,71,136
121900100,274,519,-245
121900101,108,146,-38
121900102,21,144,-123
121900103,537,239,298
121900104,1339,343,996
121900105,238,193,45
121900106,6,9,-3
121900107,44,33,11
121900108,4,20,-16
121900109,261,159,102
121900110,407,928,-521
121900111,935,183,752
121900112,177,155,22
121900113,54,333,-279
121900114,82,70,12
121900117,137,52,85
121900118,1777,754,1023
121900119,372,102,270
121900120,61,1099,-1038
121900121,512,36,476
121900122,46,71,-25
121900123,257,348,-91
121900124,240,160,80
121900125,1239,919,320
121900127,27,107,-80
121900128,81,148,-67
121900129,561,148,413
121900130,122,247,-125
121900131,356,77,279
121900132,68,110,-42
121900133,117,756,-639
121900134,24,208,-184
121900135,2060,387,1673
121900136,930,411,519
121900137,57,358,-301
121900138,137,162,-25
121900139,434,544,-110
121900140,68,232,-164
121900141,67,46,21
121900142,117,149,-32
121900143,8,167,-159
121900144,156,250,-94
121900145,290,195,95
121900146,587,702,-115
121900147,80,172,-92
121900148,220,279,-59
121900149,314,565,-251
121900150,94,149,-55
121900151,88,271,-183
121900152,68,117,-49
121900153,86,693,-607
121900154,14,306,-292
121900155,1,140,-139
121900156,160,92,68
121900157,3,363,-360
121900158,67,108,-41
121900159,0,216,-216
121900160,55,260,-205
121900161,371,417,-46
121900162,79,171,-92
121900163,249,804,-555
121900164,516,199,317
121900165,229,135,94
121900166,140,163,-23
121900167,113,146,-33
121900168,141,266,-125
121900169,3,163,-160
121900170,8,208,-200
121900171,688,394,294
121900172,688,272,416
121900173,1161,290,871
121900174,33,54,-21
121900175,105,247,-142
121900176,530,1553,-1023
121900177,192,84,108
121900178,52,52,0
121900179,573,228,345
121900180,3580,3292,288
121900182,625,269,356
121900183,763,878,-115
121900184,81,487,-406
121900186,8,252,-244
121900187,35,221,-186
121900188,514,419,95
121900189,32,131,-99
121900190,249,523,-274
121900191,287,222,65
121900192,358,656,-298
121900193,52,141,-89
121900194,2,119,-117
121900195,61,82,-21
121900196,929,912,17
121900197,412,1508,-1096
121900198,1075,851,224
121900199,3,28,-25
121900200,83,337,-254
121900201,860,686,174
121900202,111,569,-458
121900203,204,738,-534
121900204,820,1325,-505
121900205,38,101,-63
121900206,27,22,5
121900207,128,29,99
121900208,169,248,-79
121900209,56,30,26
121900210,1177,926,251
121900211,344,511,-167
121900212,511,113,398
121900213,182,82,100
121900214,7,334,-327
121900215,47,120,-73
121900216,51,141,-90
121900217,260,176,84
121900218,189,404,-215
121900220,163,11,152
121900221,271,549,-278
121900222,177,125,52
121900223,161,51,110
121900224,75,43,32
121900225,101,102,-1
121900226,307,470,-163
121900227,324,542,-218
121900228,247,370,-123
121900230,128,219,-91
121900231,321,898,-577
121900232,209,510,-301
121900233,174,203,-29
121900234,292,244,48
121900235,405,237,168
121900236,392,232,160
121900237,181,246,-65
121900238,194,267,-73
121900239,254,42,212
121900240,296,114,182
121900241,45,33,12
121900242,5,0,5
121900243,7,0,7
121900244,44,1,43
121900245,232,92,140
121900246,1726,251,1475
121900248,1393,1295,98
121900250,232,290,-58
121900251,377,47,330
121900252,575,100,475
121900253,186,835,-649
121900254,578,262,316
121900255,334,102,232
121900258,2592,2137,455
121900259,385,545,-160
121900260,64,127,-63
121900261,245,604,-359
121900262,379,812,-433
121900263,339,254,85
121900264,1783,1289,494
121900265,225,304,-79
121900266,566,171,395
121900267,91,41,50
121900269,181,751,-570
121900270,20,190,-170
121900271,54,165,-111
121900273,531,1498,-967
121900274,281,231,50
121900277,428,1109,-681
121900278,102,826,-724
121900279,116,224,-108
121900280,119,277,-158
121900281,386,244,142
121900284,62,7,55
121900286,172,156,16
121900287,12,18,-6
121900288,6,0,6
121900290,234,346,-112
121900291,377,547,-170
121900292,161,193,-32
121900293,1191,2512,-1321
121900294,258,4,254
121900295,155,251,-96
121900296,72,103,-31
121900298,284,667,-383
121900299,1,12,-11
121900300,178,18,160
121900301,81,2,79
121900302,1,38,-37
121900303,329,333,-4
121900304,2,44,-42
121900305,13,31,-18
121900306,316,12,304
121900307,100,37,63
121900308,58,349,-291
121900309,13,274,-261
121900310,62,468,-406
121900311,409,38,371
121900312,295,20,275
121900313,384,24,360
121900314,2,55,-53
121900315,29,0,29
121900316,2,34,-32
121900317,18,3,15
121900318,1,20,-19
121900319,31,125,-94
121900320,67,76,-9
121900321,10,3,7
121900322,1,21,-20
121900323,23,12,11
121900324,0,54,-54
121900325,12,1,11
121900326,0,19,-19
121900327,10,70,-60
121900328,1,36,-35
121900329,7,261,-254
121900330,0,34,-34
121900331,21,2,19
121900332,76,45,31
121900333,34,2,32
121900334,152,71,81
122000001,2238,4689,-2451
122000002,4667,1765,2902
122000003,2475,2527,-52
122000004,3608,1753,1855
122000005,2436,1681,755
122000006,1784,901,883
122000007,1201,2091,-890
122000008,3758,4748,-990
122000009,468,402,66
122000010,2242,2659,-417
122000011,3338,1415,1923
122000012,1301,1554,-253
122000013,1309,937,372
122000014,1555,1219,336
122000015,1503,1158,345
122000016,704,1001,-297
122000017,1164,995,169
122000018,1437,1285,152
122000019,726,1188,-462
122000020,184,223,-39
122000021,295,471,-176
122000022,1272,917,355
122000023,770,1515,-745
122000024,841,1235,-394
122000025,1420,1553,-133
122000026,1363,1076,287
122000027,555,2457,-1902
122000028,965,504,461
122000029,549,506,43
122000030,357,164,193
122000031,235,259,-24
122000032,1892,1963,-71
122000033,728,1234,-506
122000034,800,662,138
122000035,363,833,-470
122000036,632,603,29
122000037,312,221,91
122000038,276,317,-41
122000039,611,430,181
122000040,315,250,65
122000041,494,492,2
122000042,327,491,-164
122000043,137,129,8
122000044,165,184,-19
122000045,1325,567,758
122000046,688,774,-86
122000047,356,280,76
122000048,4805,4212,593
122000049,5592,3431,2161
122000050,1402,769,633
122000051,336,294,42
122000052,554,420,134
122000053,229,724,-495
122000054,2514,2076,438
122000055,2218,3183,-965
122000056,5113,3698,1415
122000057,3755,3585,170
122000058,2933,1365,1568
122000059,3201,1767,1434
122000060,791,693,98
122000061,589,530,59
122000062,1389,355,1034
122000063,1364,674,690
122000064,3248,2546,702
122000065,4242,2335,1907
122000066,1414,953,461
122000067,1679,1235,444
122000068,1395,1048,347
122000069,675,456,219
122000070,1062,1696,-634
122000071,1218,1333,-115
122000072,419,444,-25
122000073,365,675,-310
122000074,2955,1809,1146
122000075,855,1306,-451
122000076,2194,1157,1037
122000077,1219,746,473
122000078,2551,2587,-36
122000079,1688,1343,345
122000080,958,439,519
122000081,272,363,-91
122000082,923,811,112
122000083,1402,2026,-624
122000084,1570,776,794
122000085,345,993,-648
122000086,1975,4650,-2675
122000087,381,173,208
122000088,319,405,-86
122000089,4975,2132,2843
122000090,217,429,-212
122000091,183,81,102
122000092,173,15,158
122000093,1864,1633,231
122000094,5396,2150,3246
122000095,2530,3332,-802
122000096,2158,1719,439
122000098,3086,1990,1096
122000099,2054,652,1402
122000100,904,463,441
122000101,483,685,-202
122000102,1869,1282,587
122000103,2018,2035,-17
122000104,404,238,166
122000105,981,314,667
122000106,443,645,-202
122000107,1092,421,671
122000108,449,930,-481
122000109,413,312,101
122000110,456,629,-173
122000111,2695,1294,1401
122000112,975,1302,-327
122000113,669,698,-29
122000114,2934,1253,1681
122000115,2005,1276,729
122000116,508,477,31
122000117,2140,451,1689
122000118,602,839,-237
122000119,3129,2447,682
122000120,1843,4278,-2435
122000121,1997,3313,-1316
122000122,833,1899,-1066
122000123,1638,1904,-266
122000124,988,579,409
122000125,855,725,130
122000126,667,1302,-635
122000127,1044,1488,-444
122000128,506,713,-207
122000129,524,1276,-752
122000130,2959,1872,1087
122000131,1191,1443,-252
122000132,579,739,-160
122000133,1005,1471,-466
122000134,898,832,66
122000135,771,988,-217
122000136,813,794,19
122000137,1483,1135,348
122000139,1430,2819,-1389
122000140,1143,633,510
122000141,3380,852,2528
122000142,459,766,-307
122000143,446,476,-30
122000144,1199,1319,-120
122000145,996,779,217
122000146,640,956,-316
122000147,799,480,319
122000148,2214,1981,233
122000149,2027,1791,236
122000150,1132,919,213
122000151,227,363,-136
122000152,402,392,10
122000153,430,294,136
122000154,345,223,122
122000155,1952,2260,-308
122000156,2608,2358,250
122000157,1908,1904,4
122000158,389,610,-221
122000159,812,1426,-614
122000160,3022,2610,412
122000161,1057,1109,-52
122000162,2244,1842,402
122000163,266,105,161
122000164,27,103,-76
122000165,1138,644,494
122000166,1160,974,186
122000167,318,226,92
122000168,242,527,-285
122000169,484,174,310
122000170,358,220,138
122000171,40,103,-63
122000172,1324,1420,-96
122000173,1444,2348,-904
122000174,2329,916,1413
122000175,1294,313,981
122000176,405,819,-414
122000177,1312,1410,-98
122000178,2797,2120,677
122000179,1606,2425,-819
122000180,1855,1284,571
122000181,1807,2677,-870
122000182,1799,1328,471
122000183,1892,860,1032
122000184,2934,2056,878
122000185,1624,1614,10
122000186,481,749,-268
122000187,1740,1013,727
122000188,401,170,231
122000189,236,313,-77
122000190,1094,983,111
122000191,900,664,236
122000192,1072,314,758
122000193,416,703,-287
122000194,483,163,320
122000195,206,534,-328
122000196,1207,690,517
122000197,476,633,-157
122000198,494,887,-393
122000199,315,358,-43
122000200,1033,599,434
122000201,1655,1581,74
122000202,1350,1393,-43
122000203,3637,1420,2217
122000204,1727,1946,-219
122000205,1478,1423,55
122000206,2202,935,1267
122000207,1932,1279,653
122000208,1988,1319,669
122000209,1787,351,1436
122000210,1985,1597,388
122000211,1349,1138,211
122000212,866,493,373
122000213,1103,1113,-10
122000214,2022,1551,471
122000215,1943,1608,335
122000217,2535,1359,1176
122000218,697,82,615
122000219,1172,973,199
122000220,491,673,-182
122000221,98,416,-318
122000222,569,127,442
122000223,1385,557,828
122000225,781,291,490
122000226,2218,1695,523
122000227,345,2277,-1932
122000228,420,406,14
122000229,138,517,-379
122000230,346,474,-128
122000231,461,740,-279
122000232,710,980,-270
122000233,1,113,-112
122000234,375,150,225
122000235,533,143,390
122000236,988,140,848
122000237,219,93,126
122000238,731,275,456
122000239,724,104,620
122000240,1031,563,468
122000241,1410,524,886
122000242,650,148,502
122000243,263,110,153
122000244,54,324,-270
122000245,126,256,-130
122000246,416,269,147
122000247,1039,714,325
122000248,1046,1532,-486
122000249,2503,968,1535
122000250,2102,1120,982
122000251,272,344,-72
122000252,618,242,376
122000253,167,457,-290
122000254,319,166,153
122000255,750,1759,-1009
122000256,523,983,-460
122000257,140,263,-123
122000258,269,327,-58
122000259,27,401,-374
122000260,5,53,-48
122000261,17,260,-243
122000262,2,57,-55
122000263,293,80,213
122000264,984,362,622
122000265,2159,922,1237
122000266,3910,746,3164
122000267,108,131,-23
122000268,163,525,-362
122000269,833,413,420
122000270,720,165,555
122000271,357,1013,-656
122000272,407,958,-551
122000273,429,482,-53
122000274,233,206,27
122000275,94,205,-111
122000276,746,578,168
122000277,1312,1539,-227
122000278,2538,1140,1398
122000279,192,547,-355
122000280,930,724,206
122000281,780,919,-139
122000282,490,211,279
122000283,652,129,523
122000284,401,114,287
122000285,503,96,407
122000286,136,150,-14
122000287,1119,1296,-177
122000288,588,272,316
122000291,1721,806,915
122000293,467,279,188
122000294,168,185,-17
122000295,1688,237,1451
122000296,78,603,-525
122000297,2651,2398,253
122000299,491,324,167
122000300,555,624,-69
122000301,9682,3557,6125
122000302,836,1156,-320
122000303,3443,1323,2120
122000304,88,265,-177
122000305,974,496,478
122000306,45,903,-858
122000307,233,220,13
122000309,107,52,55
122000310,50,100,-50
122000311,296,161,135
122000312,178,148,30
122000313,159,80,79
122000314,100,205,-105
122000315,220,62,158
122000316,631,200,431
122000317,1196,296,900
122000318,278,583,-305
122000319,262,360,-98
122000320,420,1393,-973
122000321,184,217,-33
122000322,2380,2253,127
122000323,1706,2250,-544
122000324,1237,1155,82
122000325,1085,1564,-479
122000326,63,107,-44
122000327,493,757,-264
122000328,932,646,286
122000330,1677,694,983
122000332,188,233,-45
122000333,16,112,-96
122000337,1233,1490,-257
122000338,396,403,-7
122000340,400,434,-34
122000342,1732,936,796
122000343,431,1116,-685
122000344,60,38,22
122000345,29,34,-5
122000346,430,446,-16
122000348,677,712,-35
122000349,163,876,-713
122000351,126,238,-112
122000352,431,134,297
122000353,67,115,-48
122000355,182,206,-24
122000356,1441,1058,383
122000357,126,35,91
122000358,0,52,-52
122000359,0,24,-24
122000360,1,76,-75
122000362,6,72,-66
122000364,149,320,-171
122000365,6,38,-32
122000366,14,5,9
122000368,451,633,-182
122000370,38,53,-15
122000371,37,0,37
122000372,20,2,18
122000381,95,313,-218
122000382,102,269,-167
122000384,3497,1358,2139
122000385,89,2,87
122000386,484,1084,-600
122000387,514,644,-130
122000388,1508,876,632
122000389,131,551,-420
122000390,354,269,85
122000391,437,182,255
122000392,329,333,-4
122000393,119,171,-52
122000394,582,240,342
122000395,179,181,-2
122000396,283,133,150
122000397,79,40,39
122000398,40,59,-19
122000399,151,89,62
122000400,174,490,-316
122000401,162,94,68
122000402,233,96,137
122000403,460,877,-417
122000404,110,215,-105
122000408,865,1124,-259
122000503,13,102,-89
122000524,216,148,68
122000544,68,2177,-2109
122000616,306,1,305
122000640,86,122,-36
122000641,112,329,-217
122000642,1319,1105,214
122000643,48,167,-119
122000644,185,42,143
122000645,105,181,-76
122000651,1614,844,770
122000664,170,34,136
122000665,1129,568,561
122000666,677,1246,-569
122000673,32,264,-232
122000674,158,73,85
122000675,1873,1192,681
122000686,1155,932,223
122000687,1904,362,1542
122000688,260,834,-574
122000689,814,434,380
122000690,1734,494,1240
122000691,1232,1843,-611
122000692,1343,357,986
122000693,487,1545,-1058
122000695,240,437,-197
122000696,341,257,84
122000698,364,832,-468
122000699,201,87,114
122000701,1168,291,877
122000702,534,1153,-619
122000703,189,65,124
122000712,0,0,0
122000717,163,46,117
122000718,713,925,-212
122000719,117,109,8
122000720,415,236,179
122000724,304,292,12
122900001,34,15,19
122900002,1213,4182,-2969
122900003,345,45,300
122900004,580,41,539
122900005,189,46,143
122900006,960,259,701
122900007,243,50,193
122900008,677,50,627
122900009,634,372,262
122900010,265,171,94
122900012,246,338,-92
122900014,133,302,-169
122900015,1704,813,891
122900016,97,329,-232
122900017,413,608,-195
122900018,166,21,145
122900019,34,173,-139
122900020,327,364,-37
122900021,92,552,-460
122900022,778,613,165
122900024,230,137,93
122900025,20,374,-354
122900026,72,455,-383
122900027,67,892,-825
122900028,148,248,-100
122900029,4078,2608,1470
122900030,994,571,423
122900031,94,257,-163
122900032,105,353,-248
122900033,252,180,72
122900034,4624,4258,366
122900035,8,25,-17
122900036,65,94,-29
122900037,395,140,255
122900038,173,2172,-1999
122900039,129,524,-395
122900040,272,400,-128
122900041,346,279,67
122900042,152,313,-161
122900043,408,251,157
122900044,122,297,-175
122900045,106,109,-3
122900046,246,189,57
122900047,165,179,-14
122900048,60,200,-140
122900049,1533,150,1383
122900051,58,113,-55
122900052,104,225,-121
122900053,34,45,-11
122900055,416,138,278
122900057,262,50,212
122900061,440,161,279
122900062,513,545,-32
122900063,142,347,-205
122900064,999,362,637
122900065,371,98,273
122900066,717,545,172
122900067,1502,828,674
122900069,1116,1429,-313
122900070,403,55,348
122900071,152,364,-212
122900072,15,218,-203
122900073,60,267,-207
122900074,682,611,71
122900075,2,67,-65
122900076,14,221,-207
122900077,7,160,-153
122900078,190,119,71
122900080,75,51,24
122900081,193,241,-48
122900082,771,489,282
122900083,172,390,-218
122900084,13,247,-234
122900086,8,79,-71
122900087,278,494,-216
122900088,66,158,-92
122900089,29,116,-87
122900090,13,514,-501
122900091,207,2,205
122900092,1,205,-204
122900093,1,293,-292
122900094,2,294,-292
122900095,183,14,169
122900096,414,171,243
122900097,26,45,-19
122900098,191,134,57
122900099,70,19,51
122900100,304,139,165
122900101,447,241,206
122900102,16,62,-46
122900103,103,9,94
122900104,89,9,80
122900105,8,39,-31
122900106,1,57,-56
122900107,5,167,-162
122900108,4,161,-157
122900109,368,196,172
123000001,1649,404,1245
123000002,3293,3773,-480
123000003,3488,3437,51
123000004,3083,3848,-765
123000005,2420,2736,-316
123000006,2216,2293,-77
123000007,4145,2648,1497
123000008,3222,2973,249
123000009,4175,2562,1613
123000010,3169,3121,48
123000011,2560,809,1751
123000012,914,2224,-1310
123000013,3169,896,2273
123000014,1384,2974,-1590
123000015,3383,977,2406
123000016,4319,3504,815
123000017,2874,1663,1211
123000018,82,115,-33
123000019,236,248,-12
123000020,181,116,65
123000021,79,186,-107
123000022,342,2021,-1679
123000023,1751,1489,262
123000024,1403,634,769
123000025,311,192,119
123000026,213,93,120
123000027,295,468,-173
123000028,2129,447,1682
123000029,1782,892,890
123000030,210,427,-217
123000031,161,255,-94
123000032,305,214,91
123000033,241,106,135
123000034,1094,991,103
123000035,322,426,-104
123000036,290,945,-655
123000037,363,327,36
123000038,48,186,-138
123000039,408,1201,-793
123000040,879,382,497
123000041,1208,1204,4
123000042,1210,661,549
123000043,2906,7360,-4454
123000044,4320,2350,1970
123000045,6842,2576,4266
123000046,802,1219,-417
123000047,2203,1033,1170
123000048,124,632,-508
123000049,6071,7642,-1571
123000050,1187,1185,2
123000051,85,181,-96
123000052,677,2912,-2235
123000053,2309,3192,-883
123000054,1227,1270,-43
123000055,1154,1721,-567
123000056,1326,1691,-365
123000057,10775,6291,4484
123000058,747,849,-102
123000059,552,510,42
123000060,822,383,439
123000061,334,652,-318
123000063,701,829,-128
123000064,973,292,681
123000065,5766,2603,3163
123000066,696,594,102
123000067,826,664,162
123000068,2437,2911,-474
123000069,6134,3310,2824
123000070,303,733,-430
123000071,850,953,-103
123000072,1074,1006,68
123000073,1018,777,241
123000074,972,1191,-219
123000075,379,941,-562
123000076,1114,749,365
123000077,2221,2868,-647
123000078,1362,1732,-370
123000079,1101,1938,-837
123000080,2111,1895,216
123000081,151,394,-243
123000082,356,992,-636
123000083,829,212,617
123000084,622,617,5
123000085,231,97,134
123000086,450,227,223
123000087,223,302,-79
123000088,1663,800,863
123000089,508,1067,-559
123000090,1094,949,145
123000091,1399,1296,103
123000092,877,1138,-261
123000094,511,224,287
123000095,514,689,-175
123000096,581,479,102
123000097,396,700,-304
123000098,660,578,82
123000099,653,686,-33
123000100,576,745,-169
123000101,600,622,-22
123000102,677,630,47
123000104,343,381,-38
123000105,552,517,35
123000106,481,396,85
123000107,430,485,-55
123000108,643,996,-353
123000111,906,353,553
123000112,915,578,337
123000113,524,1215,-691
123000114,426,666,-240
123000115,377,270,107
123000116,36,116,-80
123000117,2215,1761,454
123000118,462,837,-375
123000119,318,894,-576
123000120,630,755,-125
123000121,405,520,-115
123000122,245,264,-19
123000123,347,662,-315
123000124,507,458,49
123000125,1051,1036,15
123000126,1325,3149,-1824
123000127,891,580,311
123000128,311,287,24
123000129,557,210,347
123000130,569,77,492
123000131,676,545,131
123000132,376,608,-232
123000133,263,359,-96
123000134,344,191,153
123000135,2065,1111,954
123000136,262,736,-474
123000137,187,259,-72
123000138,95,465,-370
123000139,416,113,303
123000140,125,742,-617
123000141,715,130,585
123000142,877,989,-112
123000143,1358,2008,-650
123000144,135,30,105
123000145,284,110,174
123000146,29,79,-50
123000147,111,108,3
123000149,325,397,-72
123000150,178,235,-57
123000151,290,405,-115
123000152,260,361,-101
123000153,855,644,211
123000154,1450,1650,-200
123000155,1913,1019,894
123000156,43,133,-90
123000157,588,763,-175
123000158,619,799,-180
123000159,3071,2167,904
123000160,747,642,105
123000161,1361,1036,325
123000162,906,1801,-895
123000163,440,88,352
123000164,1223,359,864
123000165,456,1618,-1162
123000166,41,148,-107
123000167,165,313,-148
123000168,378,256,122
123000169,551,143,408
123000170,71,209,-138
123000171,495,32,463
123000172,424,543,-119
123000173,489,244,245
123000174,864,368,496
123000175,830,1185,-355
123000176,702,250,452
123000177,362,857,-495
123000178,789,121,668
123000179,40,597,-557
123000180,1403,334,1069
123000181,369,1590,-1221
123000182,298,449,-151
123000183,195,611,-416
123000184,231,584,-353
123000185,520,357,163
123000186,4,696,-692
123000187,616,2,614
123000188,165,0,165
123000189,177,179,-2
123000190,53,82,-29
123000192,26,445,-419
123000193,83,943,-860
123000194,606,469,137
123000195,259,50,209
123000196,280,51,229
123000197,68,171,-103
123000198,41,383,-342
123000199,8,576,-568
123000200,513,10,503
123000201,935,27,908
123000202,27,1217,-1190
123000203,860,66,794
123000204,81,1305,-1224
123000205,478,1957,-1479
123000206,1734,227,1507
123000207,84,1035,-951
123000208,469,233,236
123000209,2069,671,1398
123000210,571,2516,-1945
123000211,622,2736,-2114
123000212,2422,421,2001
123000213,691,88,603
123000215,106,185,-79
123000216,114,722,-608
123000217,161,49,112
123000218,65,632,-567
123000219,876,83,793
123000220,633,123,510
123000221,486,134,352
123000222,324,323,1
123000223,212,322,-110
123000224,490,542,-52
123000225,501,104,397
123000226,90,291,-201
123000227,105,281,-176
123000228,214,57,157
123000229,1305,1430,-125
123000232,257,568,-311
123000233,746,231,515
123000234,145,667,-522
123000235,726,336,390
123000236,244,733,-489
123000237,259,84,175
123000238,93,459,-366
123000239,430,1274,-844
123000240,57,410,-353
123000241,803,117,686
123000242,97,170,-73
123000243,749,930,-181
123000244,852,820,32
123000245,66,190,-124
123000249,433,546,-113
123000252,699,196,503
123000253,976,521,455
123000254,669,1102,-433
123000255,1125,1039,86
123000256,42,266,-224
123000257,2832,2040,792
123000258,1312,922,390
123000259,295,412,-117
123000260,418,410,8
123000261,182,132,50
123000262,125,244,-119
123000263,298,103,195
123000264,170,101,69
123000265,61,152,-91
123000266,641,814,-173
123000267,439,310,129
123000268,40,78,-38
123000269,81,70,11
123000270,32,65,-33
123000271,101,95,6
123000272,702,321,381
123000273,226,557,-331
123000274,1027,670,357
123000275,350,797,-447
123000278,4095,2448,1647
123000279,137,120,17
123000280,604,393,211
123000281,346,109,237
123000282,140,298,-158
123000283,111,73,38
123000284,56,98,-42
123000286,338,286,52
123000287,615,291,324
123000288,1390,783,607
123000289,487,1011,-524
123000291,310,781,-471
123000294,188,220,-32
123000295,851,807,44
123000296,517,410,107
123000297,603,760,-157
123000298,522,492,30
123000299,67,207,-140
123000300,833,776,57
123000301,140,216,-76
123000302,105,185,-80
123000303,70,139,-69
123000305,849,801,48
123000306,105,186,-81
123000309,67,73,-6
123000310,76,53,23
123000311,0,96,-96
123000312,590,939,-349
123000313,469,326,143
123000315,68,329,-261
123000316,1175,325,850
123000317,202,76,126
123000318,83,229,-146
123000329,9,6,3
123000337,916,284,632
123000338,609,68,541
123000339,180,305,-125
123000340,221,567,-346
123000342,167,136,31
123000343,44,7,37
123000344,1208,474,734
123000345,370,674,-304
123000346,286,43,243
123000352,1228,754,474
123000353,39,134,-95
123000354,314,5,309
123000355,4,544,-540
123000356,365,2,363
123000357,2,138,-136
123000359,14,160,-146
123000360,208,66,142
123000361,293,302,-9
123000362,269,91,178
123000363,104,176,-72
123000364,539,496,43
123000365,22,351,-329
123000366,370,1661,-1291
123000367,320,950,-630
123000370,65,265,-200
123000371,1267,25,1242
123000372,344,23,321
123000373,8,331,-323
123000374,81,184,-103
123000375,502,36,466
123000376,849,591,258
123000377,218,33,185
123000378,13,250,-237
123000379,1,245,-244
123000380,43,361,-318
123000381,133,57,76
123000382,1057,123,934
123000383,179,1063,-884
123000384,352,105,247
123000385,204,450,-246
123000436,34,812,-778
123000507,160,255,-95
123000508,208,765,-557
123000517,288,31,257
123000518,36,226,-190
123000519,121,83,38
123000520,67,220,-153
123000521,323,102,221
123000522,153,332,-179
123000541,6,5,1
123000542,0,10,-10
123000565,856,55,801
123000566,228,860,-632
123000567,96,253,-157
123000573,38,690,-652
123000574,567,54,513
123000575,1194,1111,83
123000576,563,1267,-704
123000577,46,508,-462
123000578,448,53,395
123000579,2523,4057,-1534
123000580,102,45,57
123000582,316,30,286
123000583,21,311,-290
123000584,154,288,-134
123000585,0,220,-220
123000586,65,0,65
123000596,136,109,27
123000597,63,130,-67
123000602,38,8,30
123000603,538,735,-197
123000604,427,884,-457
123000605,892,33,859
123000606,2,385,-383
123000609,20,318,-298
123000610,189,126,63
123000613,41,226,-185
123000614,204,51,153
123000615,131,151,-20
123000616,468,47,421
123000617,102,349,-247
123000618,95,518,-423
123000619,415,67,348
123000620,38,304,-266
123000622,327,22,305
123000624,142,82,60
123000630,1095,370,725
123000631,299,1351,-1052
123000632,755,817,-62
123000633,2,321,-319
123000634,65,89,-24
123000635,161,121,40
123000636,36,616,-580
123000637,175,29,146
123000638,497,64,433
123000639,865,3069,-2204
123000640,19,689,-670
123000648,338,131,207
123000649,50,554,-504
123900001,1003,54,949
123900002,51,1084,-1033
123900003,364,383,-19
123900005,169,160,9
123900006,223,41,182
124000001,1539,155,1384
124000002,87,1371,-1284
124000003,728,163,565
124000004,98,483,-385
124000005,865,341,524
124000006,190,1042,-852
124000007,382,88,294
124000008,7,422,-415
124000009,492,229,263
124000010,149,378,-229
124000011,840,299,541
124000012,248,530,-282
124000017,183,196,-13
124000018,102,76,26
124000019,138,169,-31
124000020,60,173,-113
124000021,141,107,34
124000022,113,193,-80
124000023,1347,1366,-19
124000024,1094,469,625
124000025,852,1508,-656
124000026,1026,893,133
124000027,3562,4117,-555
124000028,2054,3492,-1438
124000030,2563,1306,1257
124000031,1581,2563,-982
124000032,2753,1208,1545
124000033,914,617,297
124000034,866,1247,-381
124000035,321,216,105
124000036,151,689,-538
124000037,436,1133,-697
124000038,55,162,-107
124000039,1216,521,695
124000040,595,1143,-548
124000041,406,78,328
124000042,180,447,-267
124000043,177,115,62
124000044,122,184,-62
124000045,699,577,122
124000046,344,704,-360
124000047,1272,1054,218
124000048,1236,1210,26
124000049,1768,874,894
124000050,1115,1730,-615
124000051,947,700,247
124000052,622,1036,-414
124000053,448,1397,-949
124000054,949,575,374
124000055,1269,2376,-1107
124000056,2157,1623,534
124000057,939,641,298
124000058,476,1308,-832
124000059,506,1134,-628
124000060,1341,697,644
124000061,1355,4624,-3269
124000062,5976,2096,3880
124000063,1413,1776,-363
124000064,2599,1415,1184
124000065,161,537,-376
124000066,328,143,185
124000067,234,207,27
124000068,74,151,-77
124000069,817,213,604
124000070,274,461,-187
124000071,639,103,536
124000072,412,431,-19
124000073,863,231,632
124000074,295,663,-368
124000075,295,31,264
124000076,29,262,-233
124000077,1643,767,876
124000078,3196,1484,1712
124000079,559,1019,-460
124000080,879,182,697
124000081,394,445,-51
124000082,47,175,-128
124000083,71,121,-50
124000084,68,224,-156
124000085,105,50,55
124000086,52,48,4
124000087,351,109,242
124000088,231,401,-170
124000089,694,366,328
124000090,124,290,-166
124000091,447,156,291
124000092,88,484,-396
124000093,154,153,1
124000094,127,373,-246
124000095,83,151,-68
124000096,113,249,-136
124000097,110,184,-74
124000098,61,135,-74
124000099,216,126,90
124000100,77,111,-34
124000101,69,148,-79
124000102,95,83,12
124000103,75,157,-82
124000104,123,80,43
124000105,71,161,-90
124000106,173,79,94
124000107,17,167,-150
124000108,69,37,32
124000109,125,128,-3
124000110,236,112,124
124000111,206,181,25
124000112,501,554,-53
124000113,72,164,-92
124000114,264,383,-119
124000115,425,597,-172
124000116,144,203,-59
124000117,47,103,-56
124000118,53,107,-54
124000119,829,456,373
124000120,449,458,-9
124000121,1627,1059,568
124000122,648,1183,-535
124000123,1028,529,499
124000124,302,837,-535
124000125,368,421,-53
124000126,355,681,-326
124000127,789,583,206
124000128,567,905,-338
124000129,1727,1304,423
124000130,927,564,363
124000131,957,588,369
124000132,1019,934,85
124000133,669,826,-157
124000134,774,617,157
124000135,1571,1742,-171
124000136,914,980,-66
124000137,1106,798,308
124000138,1252,1125,127
124000139,880,64,816
124000140,37,433,-396
124000141,676,183,493
124000142,46,503,-457
124000143,144,24,120
124000144,24,158,-134
124000145,199,55,144
124000146,136,72,64
124000148,246,169,77
124000149,1728,537,1191
124000150,477,613,-136
124000151,1019,528,491
124000152,930,1261,-331
124000153,672,706,-34
124000154,435,631,-196
124000155,1270,1085,185
124000156,1572,1076,496
124000169,184,387,-203
124000170,556,400,156
124000171,220,212,8
124000172,313,513,-200
124000173,454,213,241
124000174,340,604,-264
124000175,9,157,-148
124000176,62,24,38
124000177,14,38,-24
124000178,51,48,3
124000185,0,0,0
124000186,0,0,0
124000187,0,0,0
124000188,0,0,0
124000190,110,47,63
124000191,143,135,8
124000192,2179,373,1806
124000193,569,891,-322
124000194,395,467,-72
124000195,241,683,-442
124000196,1285,1089,196
124000197,26,41,-15
124000198,39,61,-22
124000201,316,723,-407
124000202,504,347,157
124000203,638,522,116
124000204,680,417,263
124000205,134,468,-334
124000206,939,309,630
124000207,2,45,-43
124000209,259,472,-213
124000210,342,168,174
124000211,508,3,505
124000212,3,416,-413
124000213,423,259,164
124000214,310,558,-248
124000215,377,17,360
124000216,5,350,-345
124000329,169,1456,-1287
124000338,108,691,-583
124000339,910,192,718
124000341,1277,175,1102
124000344,30,11,19
124000357,787,1945,-1158
124000358,648,1315,-667
124000359,801,729,72
124000360,664,576,88
124000361,1937,719,1218
124000362,1184,1620,-436
124000363,256,350,-94
124000364,523,729,-206
124000365,649,947,-298
124000366,1610,752,858
124000367,122,487,-365
124000368,648,374,274
124000369,190,147,43
124000370,80,605,-525
124000402,42,23,19
124000403,145,74,71
124000404,18,119,-101
124000405,1066,1090,-24
124000406,891,1420,-529
124000407,7,63,-56
124000411,9,289,-280
124000412,399,18,381
124000413,255,42,213
124000414,51,142,-91
124000415,49,131,-82
124000416,155,227,-72
124000417,125,121,4
124000418,190,119,71
124000419,83,103,-20
124000420,56,95,-39
124000421,51,209,-158
124000422,38,20,18
124000423,135,56,79
124000424,7,136,-129
124000425,179,13,166
124000426,15,196,-181
124000427,161,15,146
124000428,10,47,-37
124000429,152,91,61
124000430,715,492,223
124000431,354,528,-174
124000432,250,751,-501
124000439,8,13,-5
124000443,0,5,-5
124000445,945,1130,-185
124000446,1392,227,1165
124000447,23,153,-130
124000448,5,0,5
124000449,0,0,0
124000450,16,55,-39
124000451,11,47,-36
124900001,482,370,112
124900002,126,318,-192
124900003,966,658,308
124900004,546,360,186
124900005,327,155,172
124900006,612,461,151
124900008,1272,629,643
124900009,172,373,-201
124900010,132,146,-14
124900011,507,248,259
124900012,359,177,182
124900013,543,203,340
124900014,629,71,558
124900015,107,372,-265
124900016,60,63,-3
124900017,551,1237,-686
124900018,86,21,65
124900020,96,60,36
124900021,422,76,346
124900022,119,3,116
124900024,261,20,241
124900026,111,21,90
124900027,95,398,-303
124900028,398,80,318
124900029,7,465,-458
124900030,6,93,-87
124900031,51,214,-163
124900032,151,219,-68
124900033,216,247,-31
124900034,5,80,-75
124900035,166,329,-163
124900036,6,54,-48
124900037,165,272,-107
124900038,258,332,-74
124900039,2,48,-46
124900040,125,64,61
124900041,237,977,-740
124900042,126,2,124
124900043,489,952,-463
124900044,81,5,76
124900045,615,1079,-464
124900047,185,180,5
124900048,222,116,106
124900050,163,276,-113
124900052,118,324,-206
124900053,245,298,-53
124900054,1514,536,978
124900055,2,127,-125
124900057,9,87,-78
124900060,70,196,-126
124900061,75,6,69
124900062,244,30,214
124900066,0,19,-19
124900067,7,162,-155
124900068,271,464,-193
124900070,97,29,68
124900072,113,28,85
124900075,211,230,-19
124900076,40,1097,-1057
124900077,25,105,-80
124900078,102,19,83
124900079,544,158,386
124900080,269,531,-262
124900081,825,353,472
124900082,363,873,-510
124900083,269,431,-162
124900085,962,423,539
124900086,76,1173,-1097
124900087,638,90,548
124900088,608,109,499
124900089,1376,25,1351
124900090,242,237,5
124900091,240,371,-131
124900092,191,242,-51
124900093,310,204,106
124900094,285,262,23
124900095,72,423,-351
124900096,476,229,247
124900097,347,84,263
124900098,142,357,-215
124900099,507,432,75
124900100,299,92,207
124900101,96,532,-436
124900102,222,30,192
124900103,142,238,-96
124900104,63,170,-107
124900105,95,142,-47
124900106,336,54,282
124900107,87,10,77
124900108,215,67,148
124900111,18,123,-105
124900112,68,412,-344
124900113,119,269,-150
124900114,177,163,14
124900115,283,39,244
124900116,200,156,44
124900117,400,118,282
124900118,263,267,-4
124900119,349,283,66
124900120,41,306,-265
124900121,135,425,-290
124900122,304,222,82
124900123,352,210,142
124900124,114,343,-229
204000001,101,9,92
204000002,15,7,8
204000003,26,3,23
204000004,7,3,4
204000005,680,566,114
204000006,1146,1228,-82
204000012,76,140,-64
204000019,511,446,65
204000020,578,615,-37
204000021,1413,705,708
204000022,457,438,19
204000023,507,872,-365
204000031,179,40,139
204000032,632,23,609
204000034,39,166,-127
204000035,0,3,-3
204000036,5,17,-12
204000037,6,15,-9
204000038,2,12,-10
204000039,6,18,-12
204000040,7,19,-12
204000041,4,18,-14
204000042,31,15,16
204000043,35,6,29
204000044,22,1,21
204000045,28,5,23
204000046,10,1,9
204000057,2,7,-5
204000062,35,55,-20
204000068,31,267,-236
204000069,42,276,-234
204000070,137,60,77
204000080,132,63,69
204000085,1898,1969,-71
204000086,2727,2007,720
204000087,40,11,29
204000088,6,86,-80
204000090,49,247,-198
204000093,281,54,227
204000096,733,1044,-311
204000097,333,29,304
204000099,1012,1347,-335
204000100,1163,1782,-619
204000105,2131,1421,710
204000110,494,1137,-643
204000111,471,601,-130
204000112,1235,701,534
204000113,481,778,-297
204000114,600,609,-9
204000115,549,380,169
204000116,1427,597,830
204000119,1757,2526,-769
204000132,695,484,211
204000133,770,334,436
204000134,323,114,209
204000135,1020,129,891
204000136,641,230,411
204000138,381,692,-311
204000140,231,163,68
204000141,179,85,94
204000144,24,16,8
204000145,403,24,379
204000146,27,321,-294
204000147,50,281,-231
204000148,289,29,260
204000154,4,4,0
204000155,6,4,2
204000177,72,63,9
204000179,24,18,6
204000180,0,31,-31
204000222,2,5,-3
204000235,18,15,3
204000236,62,252,-190
204000238,15,30,-15
204000240,333,108,225
204000263,701,1123,-422
204000268,1056,683,373
204000308,189,36,153
204000317,12,78,-66
204000322,23,24,-1
204000323,17,11,6
204000328,202,74,128
204000329,80,180,-100
204000330,180,51,129
204000331,88,123,-35
205000001,1009,1758,-749
205000013,8,78,-70
205000014,16,67,-51
205000015,39,188,-149
205000016,28,180,-152
205000017,14,86,-72
205000022,361,821,-460
205000025,1257,1115,142
205000029,255,11,244
205000045,126,357,-231
205000046,139,593,-454
205000047,56,467,-411
205000048,312,1008,-696
205000049,217,779,-562
205000050,803,316,487
205000059,0,195,-195
205000060,0,83,-83
205000061,2,46,-44
205000062,3,73,-70
205000063,20,81,-61
205000064,33,47,-14
205000065,45,470,-425
205000066,85,678,-593
205000067,25,774,-749
205000069,173,15,158
205000082,115,158,-43
205000110,85,308,-223
205000111,182,246,-64
205000112,144,180,-36
205000113,226,329,-103
205000121,228,52,176
205000123,45,216,-171
205000126,420,93,327
205000127,687,157,530
205000128,570,96,474
205000129,478,110,368
205000130,265,31,234
205000131,174,5,169
205000132,357,3,354
205000133,245,1,244
205000134,232,0,232
205000137,68,113,-45
205000138,148,275,-127
205000139,40,105,-65
205000144,98,70,28
205000145,330,152,178
205000151,135,47,88
205000152,240,18,222
205000153,244,38,206
205000154,67,44,23
205000155,96,15,81
205000207,7,147,-140
205000233,71,35,36
205000234,0,0,0
205000243,1,2,-1
205000244,4,3,1
205000245,22,184,-162
205000249,0,37,-37
205000250,8,2,6
205000264,2,79,-77
206000027,15,2,13
206000028,5,1,4
206000043,13,39,-26
206000053,1,5,-4
206000054,4,24,-20
206000055,2,24,-22
206000075,7,15,-8
206000076,19,20,-1
206000077,22,7,15
206000078,38,5,33
206000079,10,10,0
206000082,363,30,333
206000100,24,414,-390
206000103,0,0,0
206000104,8,16,-8
206000105,17,14,3
206000106,5,10,-5
206000125,56,0,56
206000157,24,257,-233
206000170,2,141,-139
206000171,3,197,-194
206000172,4,302,-298
206000173,4,196,-192
206000174,13,80,-67
206000175,7,95,-88
206000176,26,152,-126
206000177,1,122,-121
206000178,3,150,-147
206000179,9,72,-63
206000180,18,121,-103
206000181,41,126,-85
206000182,7,127,-120
206000183,11,427,-416
206000184,6,230,-224
206000185,3,144,-141
206000186,85,881,-796
206000223,7,189,-182
206000226,16,3,13
206000227,10,3,7
206000237,32,290,-258
206000238,35,466,-431
206000239,167,1543,-1376
206000240,35,133,-98
206000241,0,68,-68
206000242,4,213,-209
206000243,3,159,-156
206000244,58,475,-417
206000245,565,51,514
206000246,164,20,144
206000247,145,6,139
206000248,237,15,222
206000252,65,35,30
206000258,42,100,-58
206000315,23,9,14
206000317,405,71,334
206000318,375,58,317
206000319,893,74,819
206000320,128,31,97
206000321,128,11,117
206000322,343,13,330
206000323,130,11,119
206000324,120,10,110
206000325,154,7,147
206000326,137,9,128
206000327,270,9,261
206000328,146,3,143
206000329,166,6,160
206000330,44,3,41
206000331,89,1,88
206000332,19,3,16
206000333,453,5,448
206000334,212,5,207
206000335,0,17,-17
206000361,22,320,-298
206000392,1,17,-16
206000405,93,2,91
206000441,18,16,2
206000498,28,3,25
206000515,71,37,34
206000530,186,39,147
206000531,172,156,16
206000532,1294,209,1085
206000535,220,1520,-1300
206000536,18,163,-145
206000537,34,145,-111
206000613,1117,154,963
206000784,421,26,395
207000001,165,601,-436
207000002,109,290,-181
207000003,166,163,3
207000007,739,194,545
207000008,85,18,67
207000009,34,31,3
207000010,379,461,-82
207000012,316,275,41
207000015,255,1176,-921
207000019,232,83,149
207000021,471,148,323
207000022,150,109,41
207000023,169,36,133
207000024,3,12,-9
207000025,15,56,-41
207000026,80,30,50
207000027,40,77,-37
207000028,77,196,-119
207000029,235,464,-229
207000033,202,325,-123
207000034,276,75,201
207000039,264,170,94
207000040,281,129,152
207000041,134,43,91
207000042,174,66,108
207000043,266,226,40
207000051,145,242,-97
207000052,103,120,-17
207000053,446,553,-107
207000054,48,113,-65
207000055,174,150,24
207000056,300,327,-27
207000057,167,277,-110
207000058,229,265,-36
207000059,129,521,-392
207000060,65,201,-136
207000061,210,454,-244
207000062,251,46,205
207000063,278,100,178
207000064,376,119,257
207000065,320,222,98
207000066,185,162,23
207000067,56,102,-46
207000068,116,71,45
207000069,635,304,331
207000082,9,220,-211
207000083,73,282,-209
207000084,162,220,-58
207000085,187,15,172
207000086,141,4,137
207000106,24,39,-15
207000107,72,17,55
207000108,69,16,53
207000109,73,10,63
207000110,66,95,-29
207000111,71,74,-3
207000112,197,542,-345
207000114,32,48,-16
207000115,20,80,-60
207000116,32,275,-243
207000117,8,96,-88
207000118,6,83,-77
207000119,54,61,-7
207000123,221,22,199
207000124,80,39,41
207000125,59,49,10
207000126,95,71,24
207000134,58,147,-89
207000135,20,188,-168
207000148,76,256,-180
207000149,73,45,28
207000152,118,321,-203
207000153,867,1189,-322
207000154,350,172,178
207000159,104,180,-76
207000160,153,333,-180
207000238,1,180,-179
207000242,2,170,-168
207000248,32,21,11
207000249,134,45,89
207000250,660,82,578
207000251,139,91,48
207000252,136,67,69
207000278,71,86,-15
207000279,22,109,-87
207000280,467,82,385
207000281,141,886,-745
207000282,176,92,84
207000283,147,216,-69
207000284,79,157,-78
207000285,121,58,63
207000291,38,108,-70
207000304,86,74,12
207000306,94,330,-236
207000310,80,96,-16
207000353,298,4,294
207000356,24,17,7
207000357,18,12,6
207000358,17,17,0
207000415,3,187,-184
207000417,44,10,34
207000418,112,124,-12
207000438,0,4,-4
207000439,898,523,375
207000446,182,8,174
207000460,19,13,6
207000466,226,137,89
207000467,219,117,102
207000468,52,318,-266
207000476,4,39,-35
207000477,552,68,484
207000478,3,22,-19
207000523,0,20,-20
207000524,99,0,99
207000527,116,185,-69
207000530,469,11,458
207000531,279,18,261
207000532,100,22,78
207000534,477,65,412
207000535,46,321,-275
207000537,22,117,-95
207000540,7,166,-159
207000541,6,281,-275
207000548,10,237,-227
207000549,356,20,336
207000561,166,147,19
207000562,41,186,-145
207000567,196,261,-65
207000568,171,93,78
207000569,380,648,-268
207000584,309,217,92
207000585,63,368,-305
207000587,164,33,131
207000616,0,134,-134
207000617,141,0,141
207000624,47,33,14
207000631,18,72,-54
207900008,219,92,127
208000001,617,873,-256
208000002,617,460,157
208000003,1017,440,577
208000004,1502,589,913
208000005,16,17,-1
208000019,500,1047,-547
208000020,126,512,-386
208000021,236,312,-76
208000022,979,493,486
208000028,1172,788,384
208000033,630,710,-80
208000034,966,1270,-304
208000037,258,20,238
208000040,155,171,-16
208000041,860,513,347
208000042,1286,683,603
208000047,163,238,-75
208000064,2131,1351,780
208000066,1587,2052,-465
208000070,284,366,-82
208000071,383,747,-364
208000072,313,1164,-851
208000080,287,301,-14
208000081,357,118,239
208000082,325,261,64
208000083,110,485,-375
208000084,19,15,4
208000085,893,700,193
208000086,431,1081,-650
208000087,342,811,-469
208000089,933,342,591
208000090,907,632,275
208000093,167,153,14
208000094,873,411,462
208000095,604,422,182
208000104,807,864,-57
208000105,652,988,-336
208000114,86,326,-240
208000115,412,423,-11
208000116,450,903,-453
208000117,197,149,48
208000118,102,153,-51
208000155,765,987,-222
208000158,1238,3020,-1782
208000186,3607,4049,-442
208000204,597,869,-272
208000205,1223,972,251
208000282,5691,2787,2904
209000004,455,145,310
209000005,45,28,17
209000006,448,166,282
209000007,254,262,-8
209000010,395,100,295
209000011,167,236,-69
209000012,389,152,237
209000013,330,281,49
209000014,600,876,-276
209000025,250,48,202
209000026,492,107,385
209000027,426,683,-257
209000028,427,499,-72
209000029,540,539,1
209000030,552,1060,-508
209000031,2168,1817,351
209000034,157,229,-72
209000035,153,152,1
209000036,185,131,54
209000037,279,272,7
209000038,133,146,-13
209000039,81,141,-60
209000040,231,557,-326
209000041,173,418,-245
209000042,216,393,-177
209000043,674,817,-143
209000044,171,733,-562
209000045,1442,588,854
209000046,616,782,-166
209000047,503,216,287
209000048,556,309,247
209000049,95,128,-33
209000050,243,164,79
209000051,450,330,120
209000052,197,304,-107
209000062,36,88,-52
209000063,61,68,-7
209000064,98,75,23
209000065,91,35,56
209000066,70,31,39
209000067,65,43,22
209000080,30,229,-199
209000082,74,32,42
209000091,42,108,-66
209000093,55,35,20
209000094,170,219,-49
209000110,52,142,-90
209000111,369,1194,-825
209000112,686,962,-276
209000113,1157,906,251
209000114,458,438,20
209000115,108,151,-43
209000116,640,383,257
209000118,21,39,-18
209000119,37,12,25
209000121,156,483,-327
209000135,86,214,-128
209000142,545,999,-454
209000143,90,54,36
209000144,40,96,-56
209000229,284,245,39
209000240,39,272,-233
209000259,126,132,-6
209000260,40,770,-730
209000261,0,431,-431
209000262,1,414,-413
209000263,1,167,-166
209000264,0,85,-85
209000265,965,7,958
209000266,190,5,185
209000267,699,11,688
209000268,516,41,475
210000037,89,38,51
210000047,60,18,42
210000048,120,22,98
210000049,39,10,29
210000052,53,83,-30
210000053,31,49,-18
210000054,78,53,25
210000070,110,1,109
210000071,76,1,75
210000072,27,0,27
210000073,0,23,-23
210000074,0,86,-86
210000075,0,128,-128
210000076,8,137,-129
210000077,30,31,-1
210000078,41,37,4
210000079,26,12,14
210000080,121,51,70
210000081,119,25,94
210000082,174,1,173
210000083,90,1,89
210000084,34,0,34
210000085,0,58,-58
210000086,3,98,-95
210000099,37,269,-232
210000100,27,219,-192
210000101,67,212,-145
210000105,34,154,-120
210000159,1,146,-145
210000163,155,204,-49
210000164,270,200,70
210000168,118,38,80
210000187,0,7,-7
210000188,1,19,-18
210000214,64,0,64
210000219,29,41,-12
210000220,103,33,70
210000232,2,18,-16
210000233,27,47,-20
210000234,18,139,-121
210000235,51,73,-22
210000245,2,31,-29
210000246,22,7,15
210000258,10,93,-83
210000259,344,63,281
210000282,98,224,-126
210000285,0,99,-99
210000286,11,136,-125
210000290,5,17,-12
210000295,49,114,-65
210000296,43,33,10
210000320,134,47,87
210000321,119,47,72
210000338,58,62,-4
210000339,330,1136,-806
210000340,150,341,-191
210000341,237,277,-40
210000342,239,201,38
210000343,149,200,-51
210000344,285,114,171
210000345,163,204,-41
210000346,55,75,-20
210000347,80,19,61
210000348,172,15,157
210000349,56,23,33
210000350,128,60,68
210000351,137,109,28
210000352,55,62,-7
210000353,42,77,-35
210000354,113,58,55
210000355,53,71,-18
210000356,38,53,-15
210000357,82,26,56
210000358,220,93,127
210000359,78,70,8
210000360,138,88,50
210000361,162,96,66
210000362,186,161,25
210000363,700,227,473
210000364,113,129,-16
210000365,118,59,59
210000366,101,47,54
210000367,106,24,82
210000368,114,37,77
210000369,16,22,-6
210000370,35,60,-25
210000372,15,38,-23
210000373,33,12,21
210000374,44,19,25
210000375,26,66,-40
210000376,64,125,-61
210000404,68,117,-49
210000439,25,43,-18
210000472,88,3,85
210000482,65,70,-5
210000564,317,264,53
210000567,3,37,-34
210000568,266,2,264
211000092,37,40,-3
211000094,30,17,13
211000169,233,20,213
211000172,15,313,-298
211000209,1,11,-10
211000226,10,51,-41
211000270,19,13,6
211000275,20,12,8
211000276,81,26,55
211000279,12,28,-16
211000281,61,29,32
211000302,33,100,-67
211507980,1,53,-52
211977296,40,5,35
212000003,119,39,80
212000004,45,23,22
212000005,24,23,1
212000006,44,48,-4
212000008,153,197,-44
212000009,34,107,-73
212000012,64,95,-31
212000013,27,48,-21
212000014,309,169,140
212000015,325,243,82
212000016,447,592,-145
212000027,482,452,30
212000028,314,385,-71
212000029,193,284,-91
212000030,52,23,29
212000031,69,45,24
212000048,62,168,-106
212000049,19,125,-106
212000050,35,13,22
212000051,178,195,-17
212000052,207,249,-42
212000053,379,547,-168
212000054,209,116,93
212000055,208,231,-23
212000056,16,32,-16
212000057,19,39,-20
212000058,193,36,157
212000070,141,184,-43
212000077,141,694,-553
212000099,194,279,-85
212000108,172,156,16
212000111,160,102,58
212000120,133,73,60
212000138,97,30,67
212000156,14,125,-111
212000158,19,8,11
212000159,281,48,233
212000160,459,223,236
212000161,69,18,51
212000310,65,19,46
212000311,11,52,-41
212000374,40,21,19
213000001,32,301,-269
213000005,356,152,204
213000006,1042,304,738
213000007,186,8,178
213000009,719,511,208
213000010,143,310,-167
213000011,205,109,96
213000012,148,317,-169
213000014,83,11,72
213000015,244,5,239
213000016,874,2,872
213000017,99,0,99
213000018,5,184,-179
213000019,0,160,-160
213000020,132,407,-275
213000021,7,125,-118
213000023,325,198,127
213000033,277,1527,-1250
213000034,711,265,446
213000035,114,216,-102
213000045,171,245,-74
213000046,230,186,44
213000047,698,1177,-479
213000056,79,31,48
213000069,116,1,115
213000073,1,44,-43
213000074,72,352,-280
213000075,507,10,497
213000076,46,2,44
213000085,6,28,-22
213000086,13,161,-148
213000091,175,26,149
213000092,117,10,107
213000099,179,1057,-878
213000100,1122,248,874
213000101,304,99,205
213000102,395,222,173
213000103,782,748,34
213000104,52,322,-270
213000105,6,142,-136
213000106,84,116,-32
213000107,173,453,-280
213000108,57,444,-387
213000109,15,279,-264
213000110,7,79,-72
213000111,29,88,-59
213000112,196,133,63
213000115,69,11,58
213000116,37,405,-368
213000117,6,595,-589
213000118,343,226,117
213000119,50,598,-548
213000120,131,502,-371
213000122,164,549,-385
213000123,366,1320,-954
213000124,123,1123,-1000
213000125,104,18,86
213000126,36,105,-69
213000127,146,169,-23
213000128,473,966,-493
213000129,316,545,-229
213000130,468,267,201
213000132,278,79,199
213000133,344,99,245
213000134,662,31,631
213000136,482,40,442
213000137,547,93,454
213000139,399,31,368
213000147,69,10,59
213000148,12,6,6
213000149,60,10,50
213000150,1,103,-102
213000151,5,114,-109
213000152,4,97,-93
213000153,1,93,-92
213000154,26,169,-143
213000155,32,190,-158
213000156,105,551,-446
213000157,534,405,129
213000158,323,853,-530
213000159,519,573,-54
213000163,712,107,605
213000165,699,216,483
213000171,2,127,-125
213000172,3,310,-307
213000173,6,239,-233
213000174,3,153,-150
213000175,13,67,-54
213000176,26,36,-10
213000177,29,4,25
213000178,107,3,104
213000179,145,1,144
213000180,116,4,112
213000184,157,377,-220
213000188,219,97,122
213000189,249,49,200
213000190,800,768,32
213000191,227,448,-221
213000192,203,418,-215
213000193,835,288,547
213000194,1,91,-90
213000195,26,366,-340
213000196,242,1099,-857
213000197,398,495,-97
213000198,52,4,48
213000200,133,850,-717
213000201,70,69,1
213000202,22,561,-539
213000203,3116,699,2417
213000204,673,77,596
213000205,251,68,183
213000206,410,78,332
213000207,174,5,169
213000208,100,1,99
213000209,189,3,186
213000210,447,4,443
213000211,11,36,-25
213000212,19,33,-14
213000213,28,62,-34
213000218,245,575,-330
213000219,402,25,377
213000220,369,10,359
213000223,218,264,-46
213000224,55,53,2
213000225,100,13,87
213000226,88,22,66
213000227,730,233,497
213000228,413,121,292
213000229,432,42,390
213000230,497,31,466
213000232,79,943,-864
213000233,11,71,-60
213000234,6,44,-38
213000293,20,81,-61
213000294,147,18,129
213000295,38,91,-53
213000296,56,17,39
213000297,7,79,-72
213000298,41,81,-40
213000299,59,50,9
213000300,71,3,68
213000303,17,28,-11
213000304,3,11,-8
213000305,12,15,-3
213000306,55,29,26
213000307,187,107,80
213000308,85,187,-102
213000309,113,48,65
213000310,453,152,301
213000311,300,683,-383
213000315,76,114,-38
213000316,182,68,114
213000322,104,135,-31
213000323,97,59,38
213000324,43,23,20
213000325,35,52,-17
213000326,10,31,-21
213000327,4,19,-15
213000328,16,142,-126
213000329,82,28,54
213000340,195,537,-342
213000341,426,93,333
213000346,270,332,-62
213000347,794,622,172
213000348,31,93,-62
213000349,57,19,38
213000350,312,975,-663
213000366,78,289,-211
213000367,300,37,263
213000379,147,61,86
213000386,17,246,-229
213000406,82,359,-277
213000417,1011,452,559
213000425,105,31,74
213000426,118,50,68
213000427,35,227,-192
213000428,36,225,-189
213000429,44,4,40
213000430,108,737,-629
213000431,278,2,276
213000432,1,55,-54
213000433,12,91,-79
213000434,81,114,-33
213000435,73,65,8
213000436,26,63,-37
213000437,1,3,-2
213000438,142,36,106
213000439,62,18,44
213000440,5,310,-305
213000441,1,4,-3
213000442,3,50,-47
213000443,461,391,70
213000444,32,24,8
213000445,0,63,-63
213000446,1,89,-88
213000447,7,43,-36
213000448,17,143,-126
213000449,251,4,247
213000450,25,34,-9
213000451,176,61,115
213000452,10,10,0
213000453,46,246,-200
213000455,606,6,600
213000456,3,368,-365
213000481,51,6,45
213000482,82,5,77
213000489,356,51,305
213000491,4,182,-178
213000492,229,2,227
213000493,1,108,-107
213000494,186,121,65
213000495,0,88,-88
213000496,365,175,190
213000497,76,258,-182
213000498,95,183,-88
213000499,179,419,-240
213000500,385,90,295
213000501,97,40,57
213000502,207,135,72
213000503,4,43,-39
213000504,9,84,-75
213000505,7,9,-2
213000506,0,12,-12
213000507,1,115,-114
213900244,48,2,46
213900245,0,37,-37
218000003,27,50,-23
218000004,49,42,7
218000005,62,35,27
218000006,62,29,33
218000007,19,18,1
218000012,162,175,-13
218000013,163,125,38
218000014,344,489,-145
218000019,831,633,198
218000020,279,457,-178
218000021,0,0,0
218000022,0,0,0
218000023,0,0,0
218000024,0,0,0
218000025,0,0,0
218000026,0,0,0
218000027,0,0,0
218000028,0,0,0
218000029,0,0,0
218000030,0,0,0
218000031,0,0,0
218000032,0,0,0
218000040,5,1,4
218000046,55,84,-29
218000047,6,125,-119
218000048,61,90,-29
218000049,98,97,1
218000050,259,262,-3
218000051,52,246,-194
218000052,1,98,-97
218000053,3,9,-6
218000054,26,41,-15
218000055,4,16,-12
218000056,19,21,-2
218000057,6,29,-23
218000064,3,12,-9
218000065,69,47,22
218000066,22,62,-40
218000067,66,92,-26
218000068,86,73,13
218000069,203,103,100
218000070,259,242,17
218000071,174,230,-56
218000072,247,181,66
218000078,801,837,-36
218000079,56,86,-30
218000080,76,84,-8
218000081,341,209,132
218000082,53,88,-35
218000083,80,50,30
218000084,142,106,36
218000085,127,279,-152
218000086,67,113,-46
218000087,205,171,34
218000090,11,130,-119
218000091,930,475,455
218000092,73,193,-120
218000093,71,64,7
218000094,439,738,-299
218000099,285,739,-454
218000100,243,330,-87
218000101,298,153,145
218000102,343,251,92
218000103,70,122,-52
218000104,73,39,34
218000105,12,20,-8
218000106,12,12,0
218000107,45,52,-7
218000108,11,30,-19
218000112,53,25,28
218000117,97,54,43
218000134,517,582,-65
218000135,54,85,-31
218000136,189,89,100
218000137,225,143,82
218000138,41,146,-105
218000139,197,370,-173
218000140,385,224,161
218000141,82,71,11
218000142,222,192,30
218000143,122,242,-120
218000144,58,75,-17
218000145,313,304,9
218000146,98,197,-99
218000151,4,16,-12
218000152,99,41,58
218000153,6,1,5
218000154,7,1,6
218000155,2,0,2
218000156,25,7,18
218000157,7,3,4
218000158,3,1,2
218000159,4,5,-1
218000160,2,2,0
218000161,4,2,2
218000162,9,3,6
218000163,5,0,5
218000164,13,1,12
218000165,14,11,3
218000170,9,32,-23
218000171,44,11,33
218000172,17,9,8
218000173,90,5,85
218000174,37,4,33
218000176,150,40,110
218000177,243,185,58
218000178,63,151,-88
218000179,85,57,28
218000180,56,21,35
218000181,152,26,126
218000187,6,30,-24
218000188,26,46,-20
218000189,22,54,-32
218000190,29,28,1
218000191,172,64,108
218000192,156,195,-39
218000193,343,355,-12
218000194,72,272,-200
218000195,132,82,50
218000196,272,228,44
218000197,305,365,-60
218000198,29,179,-150
218000199,46,83,-37
218000200,117,33,84
218000201,17,19,-2
218000202,68,168,-100
218000207,11,14,-3
218000208,38,35,3
218000211,60,15,45
218000212,0,0,0
218000213,83,50,33
218000214,1,18,-17
218000215,32,54,-22
218000217,6,70,-64
218000218,105,41,64
218000219,25,21,4
218000220,89,238,-149
218000221,605,150,455
218000222,8,14,-6
218000223,31,241,-210
218000224,10,87,-77
218000225,107,11,96
218000226,76,49,27
218000230,2,1,1
218000232,32,70,-38
218000239,276,20,256
218000240,36,3,33
218000241,94,1,93
218000242,116,4,112
218000243,216,5,211
218000244,94,13,81
218000245,19,3,16
218000246,15,0,15
218000247,5,1,4
218000248,1,13,-12
218000249,1,1,0
218000250,0,4,-4
218000251,6,27,-21
218000252,4,24,-20
218000253,5,20,-15
218000254,0,16,-16
218000255,7,17,-10
218000256,6,104,-98
218000267,540,1058,-518
218000268,10,58,-48
218000269,3,9,-6
218000270,99,62,37
218000271,27,90,-63
218000273,17,1,16
218000274,19,9,10
218000275,28,63,-35
218000276,9,40,-31
218000278,40,37,3
218000279,75,52,23
218000280,13,50,-37
218000281,24,17,7
218000282,434,386,48
218000284,81,14,67
218000301,94,116,-22
218000302,116,61,55
218000303,41,56,-15
218000316,626,961,-335
218000317,887,1122,-235
218000318,527,856,-329
218000319,944,1032,-88
218000320,608,595,13
218000338,67,43,24
218000345,103,76,27
218000346,31,152,-121
218000459,30,153,-123
218000490,48,58,-10
218000501,115,42,73
218000502,26,71,-45
218000503,107,18,89
218000504,176,40,136
218000505,58,199,-141
218000506,36,331,-295
218000508,5,6,-1
218000510,173,15,158
218000520,98,94,4
218000521,4,49,-45
218000522,1,127,-126
218000523,112,7,105
218000524,53,165,-112
218000525,86,22,64
218000526,45,130,-85
218000529,63,154,-91
218000530,9,1,8
218000531,12,10,2
218000532,22,19,3
218000534,138,15,123
218000537,53,56,-3
218000538,166,189,-23
218000540,294,70,224
218000543,106,37,69
218000544,81,72,9
218000545,29,42,-13
218000546,39,62,-23
218000547,63,105,-42
218000548,201,88,113
218000549,333,365,-32
218000550,237,278,-41
218000551,165,806,-641
218000552,468,49,419
218000553,65,98,-33
218000554,64,36,28
218000555,36,34,2
218000556,177,196,-19
218000557,195,154,41
218000558,87,1,86
218000559,2,35,-33
218000560,0,24,-24
218000561,64,0,64
218000562,21,149,-128
218000563,192,20,172
218000564,7,115,-108
218000565,210,27,183
218000566,495,26,469
218000567,6,100,-94
218000568,48,0,48
218000569,11,126,-115
218000570,156,15,141
218000571,5,118,-113
218000572,143,2,141
218000573,22,129,-107
218000574,165,35,130
218000575,81,0,81
218000576,0,87,-87
218000577,94,1,93
218000578,2,68,-66
218000579,79,20,59
218000581,5,47,-42
218000582,32,4,28
218000583,9,0,9
218000584,2,17,-15
218000585,37,5,32
218000586,12,40,-28
218000587,3,9,-6
218000588,2,1,1
218000589,1,4,-3
218000590,10,0,10
218000591,56,4,52
218000592,35,0,35
218000593,3,0,3
218000594,0,0,0
218000596,0,0,0
218000597,2,0,2
218000598,0,1,-1
218000599,5,0,5
218000600,2,2,0
218000601,1,1,0
218000602,0,10,-10
218000603,0,6,-6
218000604,22,2,20
218000605,1,95,-94
218000606,145,3,142
218000607,6,35,-29
218000608,60,18,42
218000609,6,63,-57
218000610,46,1,45
218000611,21,4,17
218000612,2,24,-22
218000613,22,0,22
218000614,0,58,-58
218000615,150,1,149
218000616,2,137,-135
218000617,21,0,21
218000618,0,21,-21
218000619,17,26,-9
218000620,5,11,-6
218000621,0,0,0
218000622,0,9,-9
218000623,103,2,101
218000624,10,21,-11
218000625,18,0,18
218000626,0,7,-7
218000628,134,30,104
218000631,46,21,25
218000632,12,105,-93
218000633,82,1,81
218000634,26,25,1
218000635,13,14,-1
218000636,775,1074,-299
218000637,842,515,327
218000638,113,38,75
218000639,13,189,-176
218000640,251,32,219
218000641,82,300,-218
218000652,55,79,-24
218000653,107,36,71
218000663,4,176,-172
218000675,140,54,86
218000676,0,0,0
218000677,4,0,4
218000680,228,315,-87
218000681,316,143,173
218000691,190,200,-10
218000693,205,160,45
218000703,0,0,0
218000718,499,1053,-554
218000719,922,613,309
218000720,20,158,-138
218000721,130,20,110
218000725,0,0,0
218001147,7,156,-149
218001214,17,68,-51
218001258,214,10,204
218001329,109,162,-53
218001330,160,68,92
218001351,28,16,12
218001352,14,21,-7
218001353,20,9,11
218001354,16,17,-1
218001355,16,255,-239
218001356,304,39,265
218001357,36,182,-146
218001358,225,28,197
218001361,176,2,174
218001362,1,90,-89
219000001,61,59,2
219000002,73,73,0
219000003,50,34,16
219000004,57,62,-5
219000017,168,33,135
219000020,111,64,47
219000022,118,5,113
219000023,189,7,182
219000029,1,72,-71
219000034,44,19,25
219000039,112,116,-4
219000040,67,56,11
219000041,123,33,90
219000051,0,39,-39
219000052,0,19,-19
219000053,2,92,-90
219000054,12,94,-82
219000055,192,1,191
219000056,6,1,5
219000057,55,0,55
219000062,29,73,-44
219000063,83,12,71
219000064,0,49,-49
219000110,632,64,568
219000111,123,37,86
219000112,232,65,167
219000113,116,83,33
219000114,186,169,17
219000116,88,46,42
219000117,157,50,107
219000118,251,32,219
219000123,249,71,178
219000124,104,62,42
219000125,17,15,2
219000126,99,97,2
219000127,0,5,-5
219000128,24,99,-75
219000129,32,132,-100
219000130,461,443,18
219000131,756,835,-79
219000133,79,49,30
219000134,15,21,-6
219000135,51,59,-8
219000136,114,200,-86
219000138,67,21,46
219000139,22,38,-16
219000140,48,7,41
219000141,22,114,-92
219000142,17,97,-80
219000143,17,91,-74
219000145,28,42,-14
219000146,3,24,-21
219000147,3,16,-13
219000148,5,17,-12
219000149,12,71,-59
219000150,4,74,-70
219000151,2,26,-24
219000157,155,187,-32
219000158,235,255,-20
219000161,134,11,123
219000163,1510,586,924
219000166,209,173,36
219000167,130,173,-43
219000168,239,116,123
219000174,412,120,292
219000175,44,4,40
219000176,85,12,73
219000177,23,1,22
219000178,28,5,23
219000179,17,5,12
219000180,23,27,-4
219000182,140,28,112
219000183,79,24,55
219000184,108,4,104
219000185,1,33,-32
219000186,50,42,8
219000187,51,53,-2
219000189,92,211,-119
219000190,90,243,-153
219000191,945,1179,-234
219000192,180,163,17
219000193,224,119,105
219000195,0,77,-77
219000196,12,103,-91
219000198,17,116,-99
219000199,58,229,-171
219000200,37,184,-147
219000201,92,202,-110
219000203,33,134,-101
219000204,231,208,23
219000205,70,127,-57
219000207,134,228,-94
219000209,14,71,-57
219000210,92,92,0
219000213,16,104,-88
219000239,248,274,-26
219000240,243,351,-108
219000241,133,127,6
219000242,97,129,-32
219000243,107,199,-92
219000244,18,102,-84
219000245,77,87,-10
219000246,63,54,9
219000247,149,26,123
219000248,555,370,185
219000249,142,114,28
219000250,125,103,22
219000251,578,223,355
219000252,269,175,94
219000253,460,77,383
219000255,119,95,24
219000256,225,87,138
219000257,99,1,98
219000262,156,124,32
219000263,76,174,-98
219000267,3,95,-92
219000268,5,2,3
219000269,3,1,2
219000270,12,0,12
219000271,116,4,112
219000278,0,8,-8
219000279,4,3,1
219000283,0,6,-6
219000295,16,89,-73
219000296,74,426,-352
219000297,24,123,-99
219000298,16,136,-120
219000299,411,110,301
219000300,22,172,-150
219000301,251,343,-92
219000302,58,266,-208
219000307,48,23,25
219000308,46,70,-24
219000311,231,59,172
219000312,674,160,514
219000313,337,66,271
219000314,47,376,-329
219000315,244,53,191
219000316,499,63,436
219000317,101,39,62
219000320,3,81,-78
219000321,0,14,-14
219000323,2,53,-51
219000325,0,18,-18
219000326,70,64,6
219000327,61,24,37
219000328,28,57,-29
219000329,356,84,272
219000330,41,23,18
219000331,46,54,-8
219000332,86,81,5
219000333,20,3,17
219000335,61,9,52
219000337,17,0,17
219000338,64,2,62
219000344,33,67,-34
219000345,54,65,-11
219000346,51,87,-36
219000348,151,81,70
219000349,61,160,-99
219000350,157,224,-67
219000351,11,6,5
219000352,527,123,404
219000353,77,62,15
219000354,153,125,28
219000355,188,65,123
219000356,1252,1121,131
219000363,242,75,167
219000364,100,44,56
219000365,145,16,129
219000366,247,313,-66
219000368,445,598,-153
219000370,1255,564,691
219000371,20,26,-6
219000382,33,22,11
219000383,748,955,-207
219000385,460,445,15
219000386,765,1221,-456
219000387,4,13,-9
219000390,11,3,8
219000391,6,0,6
219000397,47,51,-4
219000398,62,87,-25
219000401,14,86,-72
219000402,30,111,-81
219000403,175,368,-193
219000404,76,176,-100
219000407,3,32,-29
219000409,34,59,-25
219000410,67,36,31
219000411,64,12,52
219000446,157,285,-128
219000447,17,21,-4
219000448,24,7,17
219000452,145,83,62
219000453,93,137,-44
219000454,192,254,-62
219000556,269,82,187
219000558,180,208,-28
219000590,39,140,-101
219000591,55,84,-29
219000592,147,281,-134
219000595,3,17,-14
219000635,283,62,221
219000636,34,84,-50
219000657,37,56,-19
219000658,33,78,-45
219000673,0,35,-35
219000676,55,4,51
219000679,19,7,12
219000684,111,1,110
219000685,1,45,-44
219000686,4,1,3
219000688,0,72,-72
219000689,24,236,-212
219000690,119,26,93
219000691,44,155,-111
219000692,155,35,120
219000693,0,16,-16
219000694,6,0,6
219000695,14,3,11
219000698,20,1,19
219000699,0,27,-27
219000727,1,94,-93
219000728,186,3,183
219000770,62,0,62
219000771,1,30,-29
219000788,586,195,391
219001150,1,21,-20
219001151,0,1,-1
219001166,31,36,-5
219001167,7,91,-84
219001178,51,1,50
220000001,39,72,-33
220000002,17,105,-88
220000003,328,213,115
220000004,445,428,17
220000005,1385,1558,-173
220000006,344,742,-398
220000007,373,460,-87
220000008,374,868,-494
220000009,288,358,-70
220000010,256,112,144
220000011,501,2450,-1949
220000012,157,289,-132
220000014,138,57,81
220000015,65,180,-115
220000017,30,168,-138
220000018,3161,1440,1721
220000019,79,239,-160
220000020,355,298,57
220000021,653,157,496
220000022,596,433,163
220000023,350,135,215
220000024,1265,372,893
220000025,616,846,-230
220000026,308,220,88
220000027,21,86,-65
220000028,61,38,23
220000029,100,116,-16
220000030,107,86,21
220000031,297,300,-3
220000064,18,781,-763
221000046,8,0,8
221000047,0,3,-3
221000048,0,5,-5
221000049,0,8,-8
221000050,21,0,21
221000055,63,66,-3
221000057,65,15,50
221000068,290,171,119
221000069,282,85,197
221000070,150,24,126
221000071,80,8,72
221000072,175,17,158
221000073,199,57,142
221000074,3,16,-13
221000075,26,42,-16
221000076,21,43,-22
221000077,30,126,-96
221000081,49,11,38
221000082,84,8,76
221000083,32,4,28
221000084,8,3,5
221000085,38,72,-34
221000086,16,99,-83
221000087,8,150,-142
221000088,12,167,-155
221000089,39,222,-183
221000090,135,489,-354
221000098,94,10,84
221000099,153,15,138
221000100,79,10,69
221000101,229,45,184
221000102,122,22,100
221000109,4,126,-122
221000110,15,95,-80
221000111,38,263,-225
221000112,7,135,-128
221000113,18,173,-155
221000114,16,172,-156
221000120,71,28,43
221000121,1,23,-22
221000122,54,44,10
221000123,18,25,-7
221000124,57,146,-89
221000155,48,7,41
221000156,89,25,64
221000175,6,13,-7
221000176,1,3,-2
221000182,50,15,35
221000241,736,290,446
221000242,176,452,-276
221000243,598,193,405
221000244,320,497,-177
221000245,149,116,33
221000246,49,257,-208
221000247,73,132,-59
221000248,111,133,-22
221000267,82,506,-424
221000325,164,52,112
221000331,9,40,-31
221000338,12,16,-4
221000378,133,21,112
221000381,52,44,8
222000282,13,3,10
222000296,2,20,-18
222000568,256,17,239
222000569,130,45,85
222000570,86,23,63
222000571,216,25,191
222000577,8,197,-189
222000578,38,196,-158
222000579,30,170,-140
222000580,102,933,-831
222000599,0,85,-85
222000600,5,303,-298
222000601,10,733,-723
222000603,20,42,-22
222000604,6,37,-31
222000605,18,28,-10
222000606,0,11,-11
222000607,1,3,-2
222000608,35,11,24
222000609,73,207,-134
222000616,345,30,315
222000617,17,22,-5
222000618,7,5,2
222000620,19,5,14
222000621,81,10,71
222000623,496,12,484
222000624,336,5,331
222000625,473,19,454
222000636,40,0,40
222000686,22,9,13
222000687,33,26,7
222001066,168,3,165
222001067,12,1,11
222001068,29,14,15
222001069,59,36,23
222001082,1,42,-41
222001083,13,62,-49
222001084,0,31,-31
222001085,1,82,-81
222001111,22,139,-117
222001112,67,29,38
222001313,40,5,35
222001314,9,136,-127
222001464,153,65,88
222001465,22,152,-130
222001484,88,56,32
222001485,40,52,-12
222001494,419,181,238
222001495,189,238,-49
222001496,240,114,126
222001497,120,385,-265
222001502,14,90,-76
222001503,90,53,37
222001504,11,261,-250
222001505,330,21,309
222001506,43,395,-352
222001507,299,19,280
222001510,316,22,294
222001511,47,302,-255
222001514,451,180,271
222001515,232,432,-200
222001518,220,78,142
222001519,65,164,-99
222001527,146,67,79
222001528,39,140,-101
222001529,156,40,116
222001530,47,158,-111
222001533,169,257,-88
222001534,220,81,139
222001535,148,231,-83
222001536,99,267,-168
222001537,235,57,178
222001538,63,336,-273
222001563,615,98,517
222001564,66,442,-376
222001568,420,138,282
222001576,0,1,-1
222001579,3,3,0
222001583,13,134,-121
222001584,84,25,59
222001596,762,909,-147
222001597,2393,315,2078
222001626,1,163,-162
222001650,235,88,147
222001651,155,112,43
222001914,155,58,97
222001915,51,183,-132
222001968,434,323,111
222001969,393,595,-202
222001970,170,202,-32
222001971,21,12,9
222001972,1,15,-14
225000001,344,135,209
225000002,647,121,526
225000003,619,62,557
225000004,319,175,144
225000005,91,31,60
225000006,0,166,-166
225000007,1331,1152,179
225000010,287,12,275
225000011,273,725,-452
225000012,177,415,-238
225000013,112,120,-8
225000014,646,67,579
225000015,55,145,-90
225000021,530,143,387
225000027,192,431,-239
225000032,494,118,376
225000042,67,543,-476
225000049,34,60,-26
225000050,70,16,54
225000053,4,274,-270
225000058,455,117,338
225000067,240,140,100
225000068,103,235,-132
225000069,122,365,-243
225000070,75,318,-243
225000071,29,143,-114
225000075,18,684,-666
225000076,58,118,-60
225000078,62,40,22
225000085,46,123,-77
225000086,194,57,137
225000087,176,21,155
225000088,11,134,-123
225000089,210,900,-690
225000090,62,323,-261
225000091,214,134,80
225000092,43,61,-18
225000093,220,246,-26
225000094,10,218,-208
225000095,248,360,-112
225000096,349,477,-128
225000098,544,324,220
225000099,262,153,109
225000100,278,134,144
225000104,90,343,-253
225000110,7,267,-260
225000111,213,841,-628
225000112,290,965,-675
225000113,196,421,-225
225000114,66,191,-125
225000115,1233,519,714
225000116,879,138,741
225000117,697,272,425
225000118,769,172,597
225000119,174,61,113
225000120,636,26,610
225000121,224,23,201
225000123,472,13,459
225000125,348,199,149
225000126,644,171,473
225000127,582,880,-298
225000128,471,526,-55
225000132,234,39,195
225000133,177,12,165
225000134,433,131,302
225000135,32,11,21
225000136,223,13,210
225000137,141,40,101
225000138,255,53,202
225000143,49,196,-147
225000144,3,362,-359
225000145,29,27,2
225000146,59,101,-42
225000147,14,239,-225
225000148,5,199,-194
225000149,33,396,-363
225000151,33,164,-131
225000155,429,421,8
225000156,185,617,-432
225000157,178,307,-129
225000158,58,203,-145
225000171,7,142,-135
225000180,31,3,28
225000181,0,79,-79
225000182,103,2,101
225000185,10,295,-285
225000187,50,219,-169
225000191,130,4,126
225000194,0,7,-7
225000208,0,35,-35
225000209,59,11,48
225000210,7,198,-191
225000217,0,18,-18
225000218,7,3,4
225000223,1,35,-34
225000224,61,0,61
225000225,1,45,-44
225000226,38,3,35
225000227,39,101,-62
225000228,11,19,-8
225000229,0,77,-77
225000230,30,1,29
225000231,0,58,-58
225000232,150,1,149
225000241,65,0,65
225000242,0,57,-57
225000249,8,0,8
225000250,40,763,-723
225000251,282,22,260
226000042,274,403,-129
226000043,50,289,-239
226000044,159,511,-352
226000045,43,327,-284
226000046,212,81,131
226000047,292,93,199
226000048,317,81,236
226000049,194,159,35
226000070,0,50,-50
226000071,1,29,-28
226000072,0,8,-8
226000073,0,2,-2
226000074,0,4,-4
226000084,1,41,-40
226000085,3,16,-13
226000086,6,7,-1
226000087,2,9,-7
226000088,22,11,11
226000090,97,85,12
226000091,8,34,-26
226000092,5,7,-2
226000093,32,2,30
226000094,20,2,18
226000095,16,6,10
226000105,13,2,11
226000106,9,1,8
226000107,11,0,11
226000108,16,0,16
226000109,51,0,51
226000124,87,69,18
226000134,491,340,151
226000135,1088,404,684
226000136,1456,319,1137
226000137,7,361,-354
226000138,9,175,-166
226000139,0,19,-19
226000156,144,1,143
226000157,154,1,153
226000163,83,54,29
226000202,8,237,-229
226000231,347,4,343
226000232,42,4,38
227000033,214,64,150
227000036,210,17,193
227000037,219,23,196
227000038,223,31,192
227000049,0,23,-23
227000050,0,46,-46
227000055,89,1,88
227000056,21,0,21
227000084,4,89,-85
227000085,0,50,-50
227000088,29,3,26
227000089,115,0,115
227000090,35,3,32
227000091,12,1,11
227000093,104,0,104
227000094,14,1,13
227000130,30,74,-44
227000131,27,218,-191
227000132,11,193,-182
227000133,23,186,-163
227000134,15,326,-311
227000152,0,8,-8
227000153,1,39,-38
227000155,1,11,-10
227000156,1,18,-17
227000165,13,26,-13
227000196,249,176,73
227000199,277,418,-141
227000230,26,351,-325
227000232,374,32,342
227000242,77,416,-339
227000243,362,80,282
227000245,20,332,-312
227000246,112,489,-377
227000247,233,77,156
227000248,165,33,132
227000249,28,229,-201
227000250,482,121,361
227000251,117,216,-99
227000252,22,312,-290
227000253,117,30,87
227000262,274,50,224
227000266,922,18,904
227000267,42,1315,-1273
227000282,8,131,-123
227000284,424,28,396
227000286,0,71,-71
227000287,6,73,-67
227000291,11,438,-427
227000484,314,7,307
227000485,21,808,-787
227000655,82,20,62
227000656,438,30,408
227000657,66,12,54
227000661,304,28,276
227000680,113,32,81
229000265,9,31,-22
229000296,7,13,-6
229000297,2,27,-25
229000298,7,91,-84
229000320,3,5,-2
229000321,31,7,24
229000412,19,23,-4
229000414,7,29,-22
229000415,17,1,16
229000416,5,1,4
229000417,1,25,-24
229000419,83,268,-185
229000440,303,68,235
229000442,7,0,7
229000443,17,4,13
229000444,0,21,-21
229000445,48,8,40
229000446,49,10,39
229000491,0,0,0
229000492,0,1,-1
229000493,0,0,0
229000494,3,2,1
229000495,9,1,8
229000496,4,1,3
229000507,0,10,-10
229000508,0,3,-3
229000509,0,5,-5
229000510,0,2,-2
229000511,0,6,-6
229000512,0,4,-4
229000513,0,1,-1
229000514,0,0,0
229000517,0,0,0
229000518,0,0,0
229000519,0,0,0
229000520,0,0,0
229000521,9,3,6
229000522,0,1,-1
229000523,2,1,1
229000524,1,1,0
229000527,0,0,0
229000528,0,0,0
229000529,3,0,3
229000530,15,0,15
229000531,3,0,3
229000532,6,0,6
229000533,3,0,3
229000534,18,0,18
229000564,13,0,13
229000565,3,0,3
229000566,0,2,-2
229000567,0,10,-10
229000582,13,1,12
229000583,0,0,0
229000584,0,6,-6
229000585,0,7,-7
229000718,0,0,0
229000719,0,0,0
229000720,0,1,-1
229000721,0,2,-2
229000722,0,3,-3
229000723,0,1,-1
229000724,0,0,0
229000725,0,0,0
229000738,1,0,1
229000739,2,0,2
229000740,0,0,0
229000741,2,0,2
229000742,1,0,1
229000743,5,0,5
229000744,0,0,0
229000745,2,0,2
229000746,1,0,1
229000847,51,0,51
229000848,14,0,14
229000849,55,1,54
229000851,14,0,14
229000854,0,25,-25
229000856,1,74,-73
229000857,0,32,-32
229000858,1,32,-31
229000919,18,105,-87
229000930,5,256,-251
229000937,96,21,75
229000966,48,40,8
229000981,22,50,-28
229000985,6,20,-14
229000986,0,3,-3
229000987,0,2,-2
229000988,1,4,-3
229000989,17,3,14
229000990,0,1,-1
229000991,1,4,-3
229000992,11,4,7
229000993,130,19,111
229000998,3,46,-43
229000999,30,22,8
229001034,0,6,-6
229001035,3,2,1
229001037,49,3,46
229001042,13,7,6
229001047,3,29,-26
229001050,39,19,20
229001168,0,4,-4
229001200,22,2,20
229001338,6,41,-35
229001394,163,5,158
229001422,112,23,89
229001423,26,200,-174
229001431,51,67,-16
229001432,75,88,-13
229001444,122,37,85
229001445,15,105,-90
229001479,4,2,2
229001503,178,95,83
229001504,248,153,95
229001505,123,21,102
229001506,88,131,-43
229001509,29,21,8
229001545,76,5,71
229001546,11,189,-178
229001553,82,16,66
229001554,90,126,-36
229001559,2,11,-9
229001560,2,21,-19
229001630,27,9,18
229001631,2,20,-18
229001635,2,11,-9
229001636,10,2,8
229001658,3,116,-113
229001659,61,13,48
229001660,14,2,12
229001661,5,12,-7
229001662,38,3,35
229001663,0,15,-15
229002584,133,129,4
229002831,112,107,5
229002841,9,8,1
229002842,13,26,-13
229002843,49,10,39
229002844,20,43,-23
229002845,41,48,-7
229002846,29,16,13
229002847,1,10,-9
229002848,10,11,-1
229002849,4,46,-42
229002850,11,2,9
229002851,20,78,-58
229002852,138,35,103
229002853,79,11,68
229002854,23,27,-4
229002855,4,17,-13
229002856,48,22,26
229002857,6,57,-51
229002858,25,5,20
229002859,8,28,-20
229002860,162,7,155
229002861,46,23,23
229002862,53,14,39
229002863,20,10,10
229002864,21,29,-8
229002865,10,12,-2
229002866,17,26,-9
229002867,3,27,-24
229002868,7,19,-12
229002869,21,92,-71
229002870,34,17,17
235000066,423,110,313
235000067,120,103,17
235000072,23,87,-64
235000073,45,335,-290
235000074,45,63,-18
235000080,30,107,-77
235000081,127,142,-15
235000082,162,68,94
235000083,168,150,18
235000084,23,74,-51
235000085,132,64,68
235000089,65,40,25
235000092,18,204,-186
235000093,9,2,7
235000097,2,10,-8
235000098,87,9,78
235000099,34,21,13
235000116,70,18,52
235000117,716,10,706
235000133,6,374,-368
235000134,9,178,-169
235000206,10,0,10
235000207,0,1,-1
235000208,4,2,2
235000209,18,2,16
235000210,9,0,9
235000212,4,29,-25
235000213,4,12,-8
235000220,1,2,-1
235000221,52,15,37
235000238,8,73,-65
235000239,0,20,-20
235000242,310,511,-201
235000245,574,163,411
235000246,10,60,-50
235000284,10,108,-98
235000295,163,12,151
235000305,291,12,279
235000306,202,5,197
235000307,23,1,22
235000308,24,1,23
235000309,40,0,40
235000310,18,0,18
235000311,90,7,83
235000322,1,28,-27
235000323,0,56,-56
235000324,0,3,-3
235000325,0,17,-17
235000326,4,130,-126
235000351,6,61,-55
235000352,11,48,-37
235000353,4,27,-23
235000354,11,19,-8
235000355,12,33,-21
235000356,114,8,106
235000357,24,3,21
235000358,168,6,162
235000359,17,2,15
235000360,35,14,21
235000361,50,8,42
235000381,96,186,-90
235000382,164,45,119
235000390,7,5,2
235000391,209,17,192
235000392,190,280,-90
235000393,115,156,-41
235000395,92,44,48
235000396,371,81,290
235000400,66,101,-35
235000401,18,134,-116
235000405,117,244,-127
235000406,84,217,-133
235000407,163,86,77
235000409,274,105,169
235000410,53,179,-126
235000411,3,71,-68
235000485,0,6,-6
235000486,5,0,5
235000549,120,108,12
235000550,112,187,-75
235000599,79,29,50
235000600,4,8,-4
235000601,15,29,-14
235000602,76,47,29
235000614,0,1,-1
235000648,0,17,-17
235000649,35,2,33
235000685,3,8,-5
235000815,10,31,-21
235000834,0,11,-11
235000855,90,64,26
235000862,47,129,-82
235000891,0,10,-10
235000892,17,1,16
235000901,180,100,80
235000907,2,25,-23
235001010,44,58,-14
235001029,508,377,131
235001030,345,274,71
235001078,89,121,-32
235001079,90,109,-19
235001147,23,37,-14
235001166,13,54,-41
235001167,26,39,-13
235001169,31,275,-244
235001188,2,9,-7
235001189,6,0,6
235001197,14,48,-34
235001200,48,43,5
235001207,305,49,256
235001210,104,209,-105
235001215,29,189,-160
235001239,2,60,-58
235001244,1,5,-4
235016267,0,34,-34
277101746,0,0,0
277102712,2,0,2
277103813,0,0,0
277103814,0,0,0
277103898,0,0,0
277104249,0,4,-4
277104250,0,4,-4
277104251,0,3,-3
277104252,0,7,-7
990011530,1,161,-160
990014944,1,428,-427
990015176,62,35,27
990015618,0,91,-91
990016032,0,204,-204
990032570,0,42,-42
990070001,90,11,79
990070103,0,3,-3
990070601,0,31,-31
990070751,643,6,637
990070766,2,367,-365
990071180,492,186,306
990071343,12,3,9
990071387,0,15,-15
990071823,536,7,529
990072600,5,807,-802
990072964,1,288,-287
990073285,1,1,0
990074393,0,528,-528
990074870,1198,10,1188
990075106,1279,13,1266
990075746,442,3,439
990076437,856,8,848
990076458,1,684,-683
997000007,552,15,537
997000041,0,140,-140
997000058,63,0,63
997000062,29,0,29
997000069,0,2,-2
997000070,0,18,-18
997000100,17,0,17
997000141,2,595,-593
997000198,281,747,-466
998000475,1,43,-42
998000736,0,144,-144
998000965,1,7,-6
998001031,0,76,-76
998001700,0,15,-15
998001899,0,4,-4
998001900,13,3,10
998003073,1015,69,946
998101900,0,0,0
998102850,0,233,-233
998501927,892,572,320
998501929,70,4,66
998501930,48,0,48
998501931,549,92,457
998501932,3,0,3
998501933,54,1,53
998501937,32,5,27
998501944,17,0,17
998501950,0,9,-9
998501970,70,6,64
998501971,0,89,-89
998501973,1,47,-46
998501974,5,277,-272
998501975,100,5,95
998501976,188,1,187
998501977,0,31,-31
998501978,10,0,10
998501979,0,14,-14
998501980,74,1,73
998501981,34,22,12
998501982,0,60,-60
998501983,2,4,-2
998502006,0,0,0
998502024,0,8,-8
998502032,0,7,-7
998502062,17,0,17
998502063,0,0,0
998502173,81,0,81
998502269,0,2,-2
998502546,0,148,-148
998502578,1,4,-3
998502599,79,297,-218
998502621,1,0,1
998601159,1,143,-142
998601292,0,33,-33
999033574,2,404,-402
999800001,31,2,29
999800002,0,6,-6
999800003,1,0,1
999800004,0,3,-3
999800005,0,6,-6
