ID,insum,outsum,diff
100000001,699,391,308
100000002,1248,565,683
100000003,6882,1488,5394
100000004,1941,696,1245
100000005,1872,1785,87
100000006,257,87,170
100000007,769,286,483
100000008,170,539,-369
100000009,201,105,96
100000010,13,26,-13
100000011,798,53,745
100000012,93,605,-512
100000013,25,159,-134
100000014,338,292,46
100000015,1109,794,315
100000016,1092,1125,-33
100000017,566,894,-328
100000018,1088,410,678
100000019,5363,1342,4021
100000020,1767,2444,-677
100000021,6296,1511,4785
100000022,1366,639,727
100000023,6528,695,5833
100000025,2818,292,2526
100000028,1874,643,1231
100000029,284,174,110
100000030,673,38,635
100000031,5224,3625,1599
100000032,2959,2029,930
100000033,682,1398,-716
100000034,727,197,530
100000035,1894,532,1362
100000036,2721,657,2064
100000037,249,349,-100
100000038,732,596,136
100000039,429,155,274
100000040,102,80,22
100000041,492,279,213
100000042,414,224,190
100000043,622,238,384
100000044,504,701,-197
100000045,507,1118,-611
100000046,557,1207,-650
100000047,198,742,-544
100000048,307,583,-276
100000049,1408,2369,-961
100000051,298,1053,-755
100000053,26,6,20
100000054,116,38,78
100000055,374,240,134
100000056,206,448,-242
100000057,1249,651,598
100000058,781,1296,-515
100000059,1,95,-94
100000060,212,193,19
100000061,970,407,563
100000062,1231,349,882
100000063,342,176,166
100000064,674,282,392
100000065,292,946,-654
100000066,134,800,-666
100000067,396,823,-427
100000068,439,1526,-1087
100000069,183,1721,-1538
100000072,463,758,-295
100000073,887,1143,-256
100000075,428,310,118
100000076,1763,1246,517
100000077,672,86,586
100000078,103,20,83
100000079,69,27,42
100000080,9,12,-3
100000081,66,32,34
100000102,1892,1000,892
100000103,3526,546,2980
100000104,5218,844,4374
100000105,4556,367,4189
100000106,2722,947,1775
100000107,634,281,353
100000108,741,933,-192
100000109,2915,913,2002
100000116,1114,357,757
100000117,21,37,-16
100000118,1117,634,483
100000119,489,417,72
100000121,158,585,-427
100000122,595,662,-67
100000123,3644,3530,114
100000124,7763,4278,3485
100000125,3508,643,2865
100000126,588,182,406
100000127,1489,379,1110
100000128,799,815,-16
100000129,480,290,190
100000130,324,562,-238
100000131,3998,2139,1859
100000132,1924,1128,796
100000133,9723,2514,7209
100000135,311,470,-159
100000139,185,262,-77
100000140,159,197,-38
100000142,342,561,-219
100000143,1657,1080,577
100000144,3614,998,2616
100000147,721,1464,-743
100000150,13,453,-440
100000151,453,275,178
100000153,279,219,60
100000154,95,33,62
100000155,10,22,-12
100000156,37,67,-30
100000157,50,217,-167
100000158,78,101,-23
100000159,289,384,-95
100000165,1129,649,480
100000169,665,235,430
100000174,1853,388,1465
100000179,91,563,-472
100000180,534,956,-422
100000181,160,247,-87
100000188,53,328,-275
100000189,415,241,174
100000190,363,356,7
100000191,303,298,5
100000192,103,58,45
100000193,63,93,-30
100000330,2206,440,1766
100000355,104,471,-367
100000362,4291,2997,1294
100000363,1593,2688,-1095
100000364,311,132,179
100000365,2734,3956,-1222
100000366,3312,2031,1281
100000367,2118,2727,-609
100000368,1891,1719,172
100000369,823,822,1
100000370,93,236,-143
100000376,47,76,-29
100000379,2348,888,1460
100000380,2976,1298,1678
100000384,5739,1710,4029
100000385,6359,2389,3970
100000386,9809,2205,7604
100000387,8318,2600,5718
100000388,13452,2387,11065
100000389,11862,2532,9330
100000390,13320,2235,11085
100000391,7983,2575,5408
100000392,3467,924,2543
100000393,1328,1020,308
100000394,5463,2063,3400
100000395,2769,750,2019
100000396,4400,1493,2907
100000397,2199,1325,874
100000398,9823,6885,2938
100000413,35,5,30
100900002,6,78,-72
100900003,172,59,113
100900004,12,629,-617
100900005,96,3,93
100900006,6,220,-214
100900007,372,3,369
100900008,1,470,-469
100900009,9,15,-6
100900010,11,186,-175
100900011,26,287,-261
100900012,0,308,-308
100900013,190,9,181
100900014,3,13,-10
100900015,111,77,34
100900016,2,47,-45
100900017,368,41,327
100900018,1,12,-11
100900019,10,24,-14
100900020,158,0,158
100900021,498,2,496
100900022,11,7,4
100900023,0,7,-7
100900024,723,1,722
100900025,18,3,15
100900026,23,116,-93
100900027,455,1350,-895
100900028,76,101,-25
100900029,85,3,82
100900030,0,5,-5
100900031,150,62,88
100900032,129,0,129
100900033,209,86,123
100900034,159,0,159
100900035,551,2,549
100900036,26,0,26
100900037,10,216,-206
100900038,25,9,16
100900039,494,703,-209
100900040,134,813,-679
100900041,334,878,-544
100900042,268,291,-23
100900043,0,15,-15
100900044,2635,275,2360
100900045,38,0,38
100900046,562,7,555
100900047,865,54,811
100900048,53,9,44
100900049,24,249,-225
100900050,0,28,-28
100900051,29,49,-20
100900052,56,12,44
100900053,142,29,113
100900054,5,122,-117
100900055,170,251,-81
100900056,60,163,-103
100900057,368,265,103
100900058,143,27,116
100900059,41,0,41
100900060,54,8,46
100900061,267,165,102
100900062,1,78,-77
100900063,86,291,-205
100900064,292,2,290
100900065,63,38,25
100900066,64,49,15
100900067,0,3,-3
100900068,41,102,-61
100900069,275,1,274
100900070,76,5,71
100900071,576,175,401
100900072,0,89,-89
100900073,40,555,-515
100900074,0,8,-8
100900075,2140,239,1901
100900076,29,35,-6
100900077,8,155,-147
100900078,78,97,-19
100900079,6,40,-34
100900080,6,157,-151
100900081,22,49,-27
100900082,45,782,-737
100900083,0,53,-53
100900085,1,42,-41
100900086,85,271,-186
100900088,14,748,-734
100900089,1,44,-43
100900090,51,296,-245
100900091,0,20,-20
100900092,71,84,-13
100900093,61,141,-80
100900094,48,754,-706
100900095,0,38,-38
100900096,8,80,-72
100900097,1,5,-4
100900098,10,13,-3
100900099,44,520,-476
100900100,6,200,-194
100900101,296,27,269
100900102,18,18,0
100900103,0,16,-16
100900104,6,95,-89
100900105,3,51,-48
100900106,58,4,54
100900107,1394,366,1028
100900108,2,5,-3
100900109,9,32,-23
100900110,0,33,-33
100900111,62,81,-19
100900112,0,1,-1
100900113,4,16,-12
100900114,1,11,-10
100900115,1,15,-14
100900116,426,259,167
100900117,144,363,-219
100900118,3,45,-42
100900119,13,40,-27
100900120,1,14,-13
100900121,152,206,-54
100900122,95,150,-55
100900123,56,84,-28
100900124,0,9,-9
100900125,15,60,-45
100900126,75,120,-45
100900127,2,6,-4
100900128,70,70,0
100900129,0,99,-99
100900131,37,94,-57
100900133,23,42,-19
100900134,2,3,-1
100900135,0,94,-94
100900137,262,139,123
100900138,380,177,203
100900139,1,9,-8
100900140,8,772,-764
100900141,0,240,-240
100900142,0,3,-3
100900143,963,206,757
100900144,15,1,14
100900145,16,74,-58
100900146,16,6,10
100900147,3,143,-140
100900148,45,945,-900
100900149,33,77,-44
100900150,0,3,-3
100900151,75,460,-385
100900152,83,0,83
100900153,5,117,-112
100900154,1,18,-17
100900155,1,4,-3
100900156,29,1,28
100900157,4,67,-63
100900159,0,16,-16
100900160,2,3,-1
100900161,149,0,149
100900162,5,128,-123
100900163,119,202,-83
100900164,10,40,-30
100900165,15,67,-52
100900166,15,2,13
100900167,23,84,-61
100900168,13,71,-58
100900169,148,951,-803
100900170,13,8,5
100900171,12,622,-610
100900172,0,13,-13
100900173,13,527,-514
100900174,295,44,251
100900176,1096,50,1046
100900177,814,163,651
100900178,144,113,31
100900179,81,33,48
100900180,1,1,0
100900181,81,17,64
100900182,8,11,-3
100900184,4,134,-130
100900186,851,441,410
100900187,5,132,-127
100900188,29,5,24
100900189,487,98,389
100900191,828,432,396
100900192,216,142,74
100900195,58,103,-45
100900197,16,145,-129
100900198,15,188,-173
100900199,5,15,-10
100900200,456,270,186
100900201,32,653,-621
100900202,10,0,10
100900203,0,42,-42
100900204,102,86,16
100900205,67,248,-181
100900206,36,17,19
100900207,73,54,19
100900210,66,738,-672
100900211,252,50,202
100900213,14,14,0
100900214,689,49,640
100900215,6,32,-26
100900217,126,56,70
101000001,4431,2380,2051
101000002,3106,2181,925
101000003,761,1209,-448
101000004,9026,5259,3767
101000005,2527,3403,-876
101000006,9732,5329,4403
101000007,2000,2173,-173
101000008,3112,2316,796
101000009,1145,2031,-886
101000010,642,1365,-723
101000011,2157,612,1545
101000012,1510,315,1195
101000013,463,681,-218
101000014,395,434,-39
101000015,764,693,71
101000016,318,272,46
101000017,390,463,-73
101000018,3716,1963,1753
101000020,3723,812,2911
101000021,980,148,832
101000022,327,57,270
101000023,1515,591,924
101000025,160,229,-69
101000026,423,18,405
101000027,1302,1247,55
101000028,812,138,674
101000029,33,659,-626
101000030,444,72,372
101000031,208,61,147
101000032,3916,1465,2451
101000033,2537,1807,730
101000034,2946,889,2057
101000035,1043,189,854
101000036,1677,309,1368
101000037,5214,876,4338
101000039,3895,966,2929
101000040,4222,1819,2403
101000041,9003,2166,6837
101000042,589,351,238
101000043,7189,1586,5603
101000045,1056,231,825
101000046,1508,658,850
101000047,915,824,91
101000048,697,732,-35
101000049,764,579,185
101000050,1855,385,1470
101000051,2684,700,1984
101000052,1640,387,1253
101000053,847,1333,-486
101000054,1528,1719,-191
101000055,1414,629,785
101000056,63,83,-20
101000057,2821,435,2386
101000058,2066,507,1559
101000059,3451,1201,2250
101000060,2047,201,1846
101000061,1380,623,757
101000062,1779,292,1487
101000063,499,317,182
101000064,1347,264,1083
101000065,170,286,-116
101000066,282,154,128
101000067,609,281,328
101000068,226,151,75
101000069,282,41,241
101000070,1590,611,979
101000071,1806,607,1199
101000072,931,2464,-1533
101000073,630,405,225
101000074,4434,2088,2346
101000075,6403,2524,3879
101000077,844,965,-121
101000078,839,1475,-636
101000079,355,576,-221
101000080,519,440,79
101000081,973,940,33
101000082,2999,2185,814
101000083,1373,1129,244
101000084,1066,1292,-226
101000085,1294,825,469
101000086,1120,834,286
101000087,853,1254,-401
101000088,675,724,-49
101000089,710,1019,-309
101000090,2337,1679,658
101000091,315,1740,-1425
101000092,762,1151,-389
101000093,1206,664,542
101000094,438,1008,-570
101000095,180,771,-591
101000096,246,597,-351
101000097,199,244,-45
101000098,365,502,-137
101000099,937,1126,-189
101000100,742,483,259
101000101,284,259,25
101000102,656,214,442
101000103,727,335,392
101000104,168,257,-89
101000105,1124,210,914
101000106,749,573,176
101000107,106,220,-114
101000108,1149,270,879
101000109,88,49,39
101000110,19,617,-598
101000111,131,196,-65
101000113,102,341,-239
101000114,1792,989,803
101000115,121,135,-14
101000116,76,183,-107
101000117,256,351,-95
101000119,183,13,170
101000120,283,13,270
101000121,69,15,54
101000122,77,47,30
101000123,20,27,-7
101000124,279,288,-9
101000125,147,359,-212
101000128,819,352,467
101000130,246,174,72
101000131,407,601,-194
101000132,260,1572,-1312
101000135,81,14,67
101000136,187,66,121
101000137,41,143,-102
101000141,2625,1298,1327
101000147,844,594,250
101000148,2713,22,2691
101000149,164,40,124
101000150,26,1112,-1086
101000151,54,50,4
101000152,276,247,29
101000153,492,388,104
101000154,74,1694,-1620
101000155,93,82,11
101000156,25,256,-231
101000157,45,16,29
101000160,57,92,-35
101000163,121,58,63
101000164,561,336,225
101000165,170,245,-75
101000166,275,316,-41
101000168,513,265,248
101000252,998,531,467
101000254,370,14,356
101000258,66,4,62
101000261,100,117,-17
101000262,527,804,-277
101000263,146,409,-263
101000265,37,631,-594
101000266,214,218,-4
101000269,104,14,90
101000290,1946,1411,535
101000293,22,101,-79
101000294,484,433,51
101000295,125,463,-338
101000301,736,130,606
101000304,1582,2136,-554
101000305,2078,1561,517
101000328,88,296,-208
101900001,15,77,-62
101900002,0,21,-21
101900003,99,102,-3
101900004,6,38,-32
101900005,4696,632,4064
101900006,682,11,671
101900007,355,25,330
101900008,88,288,-200
101900009,49,296,-247
101900010,1020,384,636
101900011,226,1104,-878
101900012,82,176,-94
101900013,1132,75,1057
101900017,24,59,-35
101900018,1892,126,1766
101900019,148,50,98
101900020,140,65,75
101900021,0,30,-30
101900022,29,1277,-1248
101900023,43,309,-266
101900026,62,27,35
101900027,8,84,-76
102000001,1841,3239,-1398
102000002,2624,1145,1479
102000003,3682,3381,301
102000004,9252,1906,7346
102000005,1413,1648,-235
102000006,2086,1181,905
102000007,1364,2894,-1530
102000008,6100,1567,4533
102000009,5157,5929,-772
102000010,6182,2749,3433
102000011,1974,1815,159
102000012,2898,3078,-180
102000018,2991,1904,1087
102000019,2349,1121,1228
102000026,211,375,-164
102000029,467,185,282
102000030,64,190,-126
102000031,18,219,-201
102000032,169,303,-134
102000033,103,400,-297
102000034,409,300,109
102000035,772,507,265
102000036,5,131,-126
102000037,112,68,44
102000038,93,105,-12
102000039,52,38,14
102000040,430,103,327
102000041,121,156,-35
102000042,94,50,44
102000043,127,134,-7
102000044,228,468,-240
102000045,558,1009,-451
102000046,628,337,291
102000047,536,1054,-518
102000048,116,632,-516
102000049,634,454,180
102000050,867,911,-44
102000051,201,444,-243
102000052,865,778,87
102000053,494,663,-169
102000054,205,707,-502
102000055,566,912,-346
102000056,408,1274,-866
102000057,1325,424,901
102000058,972,1854,-882
102000059,1189,1203,-14
102000060,1111,917,194
102000061,999,2456,-1457
102000062,796,1328,-532
102000063,1122,1388,-266
102000064,452,578,-126
102000065,28,120,-92
102000066,1828,972,856
102000067,2566,2342,224
102000068,8743,2580,6163
102000069,32,1648,-1616
102000070,2442,53,2389
102000071,7235,8993,-1758
102000072,3052,4496,-1444
102000073,656,1203,-547
102000074,517,803,-286
102000075,257,304,-47
102000076,292,456,-164
102000077,291,1258,-967
102000078,668,870,-202
102000079,63,261,-198
102000080,146,193,-47
102000081,195,850,-655
102000082,682,344,338
102000083,186,739,-553
102000084,132,481,-349
102000085,1369,1189,180
102000086,912,1108,-196
102000087,440,2108,-1668
102000088,165,263,-98
102000089,628,530,98
102000090,373,1250,-877
102000091,1274,479,795
102000092,571,788,-217
102000093,874,592,282
102000094,954,416,538
102000095,770,855,-85
102000096,983,520,463
102000097,1067,768,299
102000098,498,647,-149
102000099,618,412,206
102000100,1184,479,705
102000101,1325,278,1047
102000102,371,1419,-1048
102000103,1161,307,854
102000104,947,352,595
102000105,142,844,-702
102000106,498,934,-436
102000107,504,513,-9
102000108,495,249,246
102000109,268,542,-274
102000110,442,1527,-1085
102000111,8,278,-270
102000112,100,62,38
102000113,13,16,-3
102000114,926,277,649
102000115,194,140,54
102000116,437,270,167
102000117,253,394,-141
102000118,1560,923,637
102000119,2769,396,2373
102000120,62,417,-355
102000121,904,404,500
102000122,344,652,-308
102000123,1302,689,613
102000124,759,801,-42
102000125,990,618,372
102000126,512,559,-47
102000127,871,535,336
102000128,482,932,-450
102000129,907,855,52
102000130,383,600,-217
102000131,1089,607,482
102000132,439,464,-25
102000133,845,2492,-1647
102000134,360,594,-234
102000135,1053,513,540
102000136,891,333,558
102000137,826,606,220
102000138,176,391,-215
102000139,34,311,-277
102000140,202,190,12
102000141,106,503,-397
102000142,94,381,-287
102000143,32,515,-483
102000144,62,453,-391
102000145,168,430,-262
102000146,199,286,-87
102000147,184,222,-38
102000148,161,165,-4
102000149,110,658,-548
102000150,194,200,-6
102000151,98,379,-281
102000152,111,145,-34
102000153,683,187,496
102000154,393,579,-186
102000155,73,192,-119
102000156,370,34,336
102000157,90,118,-28
102000158,380,242,138
102000159,1274,166,1108
102000161,4537,1086,3451
102000162,225,87,138
102000163,75,342,-267
102000164,1163,633,530
102000165,273,96,177
102000166,28,72,-44
102000167,163,160,3
102000168,144,112,32
102000169,98,372,-274
102000170,613,113,500
102000171,115,65,50
102000172,54,203,-149
102000173,275,182,93
102000174,38,31,7
102000175,59,145,-86
102000176,17,31,-14
102000178,263,564,-301
102000179,203,222,-19
102000180,389,572,-183
102000181,385,661,-276
102000182,357,660,-303
102000183,943,1837,-894
102000184,953,813,140
102000185,1133,1636,-503
102000186,575,1807,-1232
102000187,503,1724,-1221
102000188,491,1330,-839
102000189,2301,882,1419
102000190,557,1722,-1165
102000191,1226,559,667
102000192,734,977,-243
102000193,33,194,-161
102000194,41,167,-126
102000195,280,554,-274
102000196,78,572,-494
102000197,220,482,-262
102000198,89,878,-789
102000199,345,357,-12
102000200,174,1207,-1033
102000201,325,515,-190
102000202,4,158,-154
102000203,107,312,-205
102000204,227,1057,-830
102000205,532,716,-184
102000206,404,665,-261
102000207,728,534,194
102000208,162,506,-344
102000209,36,33,3
102000210,118,516,-398
102000211,227,467,-240
102000212,58,14,44
102000213,5,322,-317
102000214,63,19,44
102000215,3,569,-566
102000216,17,21,-4
102000217,1,181,-180
102000218,106,38,68
102000219,298,340,-42
102000225,840,767,73
102000226,4722,378,4344
102000227,39,1,38
102000228,0,63,-63
102000229,31,13,18
102000230,254,619,-365
102000231,183,390,-207
102000232,5,132,-127
102000233,315,560,-245
102000234,106,1384,-1278
102000236,276,83,193
102000237,496,155,341
102000238,187,268,-81
102000240,768,543,225
102000241,202,96,106
102000243,12,47,-35
102000245,32,196,-164
102000246,28,34,-6
102000247,2721,1088,1633
102000248,1079,742,337
102000249,66,136,-70
102000250,31,436,-405
102000254,42,440,-398
102000266,27,147,-120
102000271,11,0,11
102000286,390,258,132
102000297,1255,696,559
102000301,0,0,0
102000303,0,0,0
102000305,0,0,0
102000307,0,4,-4
102900001,1013,810,203
102900002,310,17,293
102900003,19,328,-309
102900005,158,298,-140
102900006,359,181,178
102900007,449,22,427
102900008,181,88,93
102900009,434,139,295
102900010,469,618,-149
102900011,1727,209,1518
102900012,340,48,292
102900013,10,72,-62
102900015,553,108,445
102900016,29,137,-108
102900017,88,639,-551
102900018,6,132,-126
102900019,220,418,-198
102900020,56,46,10
102900021,5,117,-112
102900022,282,52,230
102900023,10,43,-33
102900024,14,46,-32
102900025,244,99,145
102900026,417,1223,-806
102900027,31,58,-27
102900028,52,353,-301
102900029,80,83,-3
102900030,324,192,132
102900031,61,116,-55
102900032,19,124,-105
102900033,73,222,-149
102900034,156,110,46
102900035,51,504,-453
102900036,88,602,-514
102900037,134,686,-552
102900038,329,521,-192
102900039,39,389,-350
102900040,76,194,-118
102900041,47,147,-100
102900042,94,281,-187
102900043,74,237,-163
102900044,507,1619,-1112
102900045,55,452,-397
102900046,72,287,-215
102900047,51,715,-664
102900048,391,702,-311
102900049,70,346,-276
102900050,179,326,-147
102900051,115,143,-28
102900053,229,668,-439
102900054,590,609,-19
102900055,51,86,-35
102900056,111,448,-337
102900057,1,25,-24
102900058,293,43,250
102900059,4,57,-53
102900060,53,386,-333
102900061,61,409,-348
102900062,84,1410,-1326
102900063,566,389,177
102900064,178,379,-201
102900065,1528,464,1064
102900066,224,24,200
102900068,46,89,-43
102900070,125,654,-529
102900072,14,26,-12
102900073,86,7,79
102900075,28,25,3
102900076,310,36,274
102900077,41,27,14
102900078,39,63,-24
102900079,223,6,217
102900080,193,23,170
102900081,74,186,-112
102900082,27,257,-230
102900083,364,5,359
102900084,0,17,-17
102900085,98,28,70
102900086,5,31,-26
102900087,35,104,-69
102900088,8,24,-16
102900089,220,94,126
102900090,4,398,-394
102900091,63,1,62
102900092,94,1023,-929
102900094,0,50,-50
102900095,65,1,64
102900096,20,14,6
102900097,13,125,-112
103000001,1806,2304,-498
103000002,1590,1875,-285
103000003,2970,2265,705
103000004,934,605,329
103000005,1836,1973,-137
103000006,475,1126,-651
103000007,421,735,-314
103000008,803,984,-181
103000009,575,685,-110
103000010,215,199,16
103000011,1803,881,922
103000012,933,1131,-198
103000013,6277,1769,4508
103000014,1121,1259,-138
103000015,2365,740,1625
103000016,597,686,-89
103000017,85,248,-163
103000018,904,375,529
103000019,118,137,-19
103000020,1460,1145,315
103000021,1125,1175,-50
103000022,779,1103,-324
103000023,365,967,-602
103000024,109,186,-77
103000025,61,269,-208
103000026,1741,152,1589
103000027,229,272,-43
103000028,726,320,406
103000029,376,118,258
103000030,1739,505,1234
103000031,1223,1075,148
103000032,1666,1602,64
103000033,2132,2106,26
103000034,1546,857,689
103000035,344,886,-542
103000036,393,420,-27
103000037,682,346,336
103000038,383,648,-265
103000039,212,444,-232
103000040,174,1155,-981
103000041,1363,2974,-1611
103000042,551,647,-96
103000043,252,1091,-839
103000044,98,298,-200
103000046,149,214,-65
103000047,340,719,-379
103000048,91,124,-33
103000049,95,202,-107
103000050,478,675,-197
103000051,254,467,-213
103000052,573,335,238
103000053,102,341,-239
103000054,1398,964,434
103000055,1194,1327,-133
103000056,436,2660,-2224
103000057,448,328,120
103000058,292,896,-604
103000059,275,644,-369
103000060,573,713,-140
103000061,373,709,-336
103000062,920,854,66
103000063,493,614,-121
103000064,88,287,-199
103000065,4,318,-314
103000066,63,10,53
103000069,105,365,-260
103000070,468,1173,-705
103000071,606,349,257
103000072,108,834,-726
103000073,221,95,126
103000074,372,58,314
103000075,77,705,-628
103000076,192,176,16
103000077,49,263,-214
103000078,1373,299,1074
103000079,1160,371,789
103000080,1499,150,1349
103000081,533,540,-7
103000082,340,119,221
103000083,66,287,-221
103000084,178,2,176
103000085,5,91,-86
103000086,735,190,545
103000087,104,321,-217
103000088,360,271,89
103000089,172,286,-114
103000090,1385,882,503
103000091,428,346,82
103000092,252,320,-68
103000093,219,500,-281
103000094,137,101,36
103000095,22,337,-315
103000096,733,72,661
103000097,33,554,-521
103000098,1179,114,1065
103000099,315,622,-307
103000100,71,764,-693
103000101,380,127,253
103000102,126,659,-533
103000103,386,188,198
103000104,43,158,-115
103000105,66,136,-70
103000106,10,111,-101
103000107,183,64,119
103000108,518,531,-13
103000109,355,287,68
103000110,405,360,45
103000111,448,286,162
103000112,225,237,-12
103000113,588,469,119
103000114,687,225,462
103000115,297,474,-177
103000116,291,493,-202
103000117,120,407,-287
103000118,1038,1023,15
103000119,1725,604,1121
103000120,38,74,-36
103000121,374,618,-244
103000122,335,242,93
103000125,3,509,-506
103000126,218,2,216
103000127,0,341,-341
103000128,62,0,62
103000129,2,151,-149
103000130,28,20,8
103000131,202,64,138
103000132,49,79,-30
103000133,12,178,-166
103000134,835,430,405
103000135,763,181,582
103000136,766,246,520
103000137,526,453,73
103000138,904,513,391
103000139,3,47,-44
103000140,177,25,152
103000141,19,74,-55
103000142,102,54,48
103000143,34,155,-121
103000144,145,55,90
103000145,16,21,-5
103000150,66,70,-4
103000152,275,190,85
103000153,124,130,-6
103000156,2,606,-604
103000157,152,2,150
103000159,51,29,22
103000162,76,38,38
103000163,5,21,-16
103000164,46,11,35
103000165,103,438,-335
103000166,118,191,-73
103000167,161,101,60
103000168,42,185,-143
103000169,127,228,-101
103000170,387,507,-120
103000171,32,75,-43
103000172,176,272,-96
103000173,150,712,-562
103000174,106,244,-138
103000175,106,516,-410
103000176,603,245,358
103000177,663,387,276
103000178,364,226,138
103000179,50,33,17
103000183,47,7,40
103000185,64,70,-6
103000186,39,157,-118
103000187,165,679,-514
103000188,18,100,-82
103000189,757,910,-153
103000191,495,521,-26
103000292,2188,628,1560
103000293,1438,865,573
103000295,109,70,39
103000296,207,6,201
103000297,25,7,18
103000504,108,13,95
103000505,13,4,9
103000506,2,217,-215
103000507,113,1,112
103000508,73,26,47
103000509,166,529,-363
103900001,6,410,-404
103900002,1809,146,1663
103900003,1422,63,1359
103900004,9,0,9
103900005,3,252,-249
103900006,2,0,2
103900007,28,2,26
103900008,2,0,2
103900009,152,228,-76
103900010,121,199,-78
103900011,79,225,-146
103900012,2,12,-10
103900013,10,66,-56
103900014,55,28,27
103900015,18,24,-6
103900016,167,298,-131
103900017,16,67,-51
103900018,674,119,555
103900019,35,184,-149
103900020,104,247,-143
103900021,807,49,758
103900022,702,617,85
103900023,47,0,47
103900024,65,492,-427
103900025,1,26,-25
103900026,23,0,23
103900027,392,206,186
103900028,11,172,-161
103900029,617,143,474
103900030,70,20,50
103900031,6,0,6
103900032,31,28,3
103900033,41,3,38
103900034,12,255,-243
103900035,14,51,-37
103900036,23,18,5
103900037,39,25,14
103900038,33,99,-66
103900039,39,422,-383
103900040,5,202,-197
103900041,9,39,-30
103900042,32,454,-422
103900043,42,93,-51
103900044,191,112,79
103900045,120,174,-54
103900047,18,33,-15
103900048,38,45,-7
103900049,189,1188,-999
103900050,0,61,-61
103900051,0,19,-19
103900052,76,585,-509
103900053,55,946,-891
103900054,23,611,-588
103900055,242,176,66
103900056,21,57,-36
103900057,4,253,-249
103900058,92,749,-657
103900059,0,4,-4
103900060,39,199,-160
103900061,39,48,-9
103900062,75,48,27
103900063,1,0,1
103900064,27,3,24
103900065,732,259,473
103900066,44,7,37
103900067,35,2,33
103900068,0,0,0
103900069,57,0,57
103900070,76,224,-148
103900071,23,176,-153
103900072,2,349,-347
103900073,23,7,16
103900074,34,86,-52
103900075,94,101,-7
103900076,151,838,-687
103900077,33,43,-10
103900078,68,119,-51
103900079,133,209,-76
103900080,11,19,-8
103900081,144,21,123
103900082,6,67,-61
103900083,1901,250,1651
103900084,28,107,-79
103900085,78,88,-10
103900086,180,226,-46
103900088,395,145,250
103900089,25,169,-144
103900090,2,233,-231
103900091,744,219,525
103900092,192,515,-323
103900093,85,347,-262
103900094,9,187,-178
103900095,148,122,26
103900096,9,296,-287
103900097,2,523,-521
103900098,102,50,52
103900099,23,267,-244
103900100,67,342,-275
103900101,41,825,-784
103900102,0,28,-28
103900104,1,20,-19
103900105,101,151,-50
103900106,0,21,-21
103900107,30,195,-165
103900108,31,426,-395
103900109,29,96,-67
103900110,101,41,60
103900111,21,730,-709
103900112,6,39,-33
103900113,115,134,-19
103900114,433,294,139
103900115,180,64,116
103900116,6654,978,5676
103900117,318,127,191
103900119,21,42,-21
103900120,14,73,-59
103900122,27,325,-298
103900123,1433,533,900
103900124,16,558,-542
103900125,66,75,-9
103900126,183,480,-297
103900127,55,644,-589
103900128,29,207,-178
103900131,12,147,-135
103900133,629,20,609
103900134,0,0,0
103900135,22,12,10
103900137,0,40,-40
103900138,24,432,-408
103900139,199,770,-571
103900140,4,36,-32
103900141,176,47,129
103900142,41,196,-155
103900143,16,6,10
103900144,1,68,-67
103900145,107,288,-181
103900146,163,293,-130
103900147,155,99,56
103900148,80,213,-133
103900149,44,758,-714
103900150,7175,1400,5775
103900151,20,162,-142
103900152,131,668,-537
103900153,2,0,2
103900154,1166,653,513
103900155,16,242,-226
103900156,8,176,-168
103900157,10,196,-186
103900158,31,220,-189
103900159,36,58,-22
103900160,18,9,9
103900161,32,136,-104
103900162,34,190,-156
103900163,6,305,-299
103900167,3,62,-59
103900168,33,113,-80
103900169,6,20,-14
103900170,2,73,-71
103900171,4,84,-80
103900172,7,20,-13
103900173,7,8,-1
103900174,50,42,8
103900175,29,33,-4
103900176,8,20,-12
103900177,1,30,-29
103900178,23,69,-46
103900179,10,153,-143
103900180,7,86,-79
103900181,55,35,20
103900182,29,33,-4
103900184,546,37,509
103900185,145,88,57
103900187,70,28,42
103900188,22,9,13
103900189,52,7,45
103900190,38,41,-3
103900191,14,23,-9
103900192,7,75,-68
103900193,158,136,22
103900194,13,382,-369
103900195,0,29,-29
103900196,2,9,-7
103900197,9,27,-18
103900198,16,40,-24
103900199,83,106,-23
103900200,73,149,-76
103900201,73,136,-63
103900202,6,35,-29
103900203,23,13,10
103900204,2,125,-123
103900207,1,136,-135
103900208,11,1,10
103900209,7,84,-77
103900210,11,36,-25
103900211,285,608,-323
103900212,32,436,-404
103900213,127,248,-121
103900214,162,58,104
103900215,799,258,541
103900216,5,399,-394
103900217,284,32,252
103900218,5,218,-213
103900219,52,281,-229
103900233,59,1,58
103900235,27,15,12
103900236,31,0,31
103900242,5,8,-3
103900243,6,3,3
103900244,42,286,-244
103900245,33,247,-214
103900246,35,29,6
103900247,29,148,-119
103900248,6,64,-58
103900249,8,9,-1
103900250,23,16,7
103900251,1,36,-35
103900253,20,20,0
103900254,3,15,-12
103900255,16,5,11
103900256,28,14,14
103900257,52,89,-37
103900258,13,2,11
103900259,97,1,96
103900261,3,0,3
103900262,19,1,18
103900263,54,46,8
103900264,76,11,65
103900265,87,14,73
103900266,1,27,-26
103900267,6,57,-51
103900268,4,139,-135
103900269,33,49,-16
103900270,13,148,-135
103900271,73,187,-114
103900272,51,75,-24
103900273,9,42,-33
103900274,12,4,8
103900275,21,2,19
103900276,2,105,-103
103900277,2,64,-62
103900278,4,48,-44
103900279,0,12,-12
103900280,1,180,-179
104000001,1525,2121,-596
104000002,1190,2283,-1093
104000003,2039,2099,-60
104000004,3187,2298,889
104000005,929,1720,-791
104000006,2271,2607,-336
104000007,3423,3206,217
104000008,240,532,-292
104000009,113,119,-6
104000010,140,165,-25
104000011,660,476,184
104000012,118,471,-353
104000013,91,110,-19
104000014,167,744,-577
104000015,173,172,1
104000016,388,365,23
104000018,430,132,298
104000019,391,99,292
104000020,195,1019,-824
104000021,288,706,-418
104000022,99,307,-208
104000023,270,233,37
104000024,194,350,-156
104000026,45,306,-261
104000027,201,424,-223
104000028,236,225,11
104000029,396,623,-227
104000030,168,247,-79
104000031,513,221,292
104000032,187,382,-195
104000033,368,303,65
104000034,203,456,-253
104000035,419,455,-36
104000036,378,647,-269
104000037,194,314,-120
104000038,203,286,-83
104000039,132,469,-337
104000040,413,467,-54
104000041,394,261,133
104000042,177,489,-312
104000043,163,438,-275
104000044,175,829,-654
104000045,575,1240,-665
104000046,1285,1492,-207
104000047,643,1377,-734
104000048,1030,1954,-924
104000049,347,312,35
104000050,183,543,-360
104000051,90,756,-666
104000052,766,1067,-301
104000053,620,744,-124
104000054,261,439,-178
104000055,3601,2583,1018
104000056,1504,240,1264
104000057,154,656,-502
104000058,418,665,-247
104000059,371,1150,-779
104000060,445,958,-513
104000061,791,1246,-455
104000062,192,240,-48
104000064,597,288,309
104000065,110,326,-216
104000069,1420,505,915
104000070,49,279,-230
104000071,164,404,-240
104000072,684,398,286
104000075,37,214,-177
104000076,352,55,297
104000082,1838,1811,27
104000083,729,187,542
104000084,112,417,-305
104000085,252,211,41
104000086,175,416,-241
104000087,442,830,-388
104000090,508,1474,-966
104000092,546,2514,-1968
104000094,659,2033,-1374
104000095,1157,1289,-132
104000096,847,357,490
104000097,1031,1109,-78
104000098,983,1347,-364
104000100,926,675,251
104000101,723,2253,-1530
104000106,119,568,-449
104000107,454,698,-244
104000108,381,527,-146
104000109,222,68,154
104000110,889,877,12
104000111,4673,1423,3250
104000112,2232,504,1728
104000116,6,1237,-1231
104000117,56,961,-905
104000118,271,264,7
104000119,288,224,64
104000120,128,949,-821
104000121,182,650,-468
104000122,456,729,-273
104000123,851,1592,-741
104000124,1600,2854,-1254
104000125,4365,2429,1936
104000126,210,358,-148
104000127,1557,4270,-2713
104000128,791,492,299
104000129,433,37,396
104000130,14,373,-359
104000131,1113,817,296
104000132,750,1029,-279
104000133,988,821,167
104000134,643,1292,-649
104000135,347,830,-483
104000136,856,1900,-1044
104000137,1597,212,1385
104000138,1238,381,857
104000139,8743,3019,5724
104000141,1322,2070,-748
104000142,628,1114,-486
104000143,393,915,-522
104000144,60,229,-169
104000145,333,138,195
104000146,392,569,-177
104000147,83,378,-295
104000148,160,152,8
104000149,218,412,-194
104000150,378,367,11
104000151,261,697,-436
104000152,369,728,-359
104000153,155,336,-181
104000154,976,667,309
104000155,253,430,-177
104000157,1023,1854,-831
104000158,156,270,-114
104000159,486,319,167
104000160,1401,1110,291
104000161,142,137,5
104000162,20,98,-78
104000165,1339,943,396
104000167,455,497,-42
104000168,465,10,455
104000169,43,44,-1
104000170,808,256,552
104000248,204,723,-519
104000251,54,353,-299
104000272,0,0,0
104000273,0,0,0
104000274,0,0,0
104000275,0,0,0
104000279,664,561,103
104000290,44,345,-301
104000291,532,1075,-543
104000293,479,603,-124
104000294,4,0,4
104000295,391,645,-254
104000296,211,673,-462
104000297,689,1339,-650
104000298,1905,886,1019
104000299,419,1270,-851
104000302,108,93,15
104000303,121,113,8
104900001,58,413,-355
104900002,20,78,-58
104900003,35,351,-316
104900004,43,327,-284
104900005,105,159,-54
104900006,129,97,32
104900007,138,216,-78
104900009,61,500,-439
104900010,10,11,-1
104900011,2,6,-4
104900012,117,14,103
104900013,40,8,32
104900014,3700,238,3462
104900015,89,0,89
104900016,80,293,-213
104900017,74,167,-93
104900018,3,185,-182
104900019,274,928,-654
104900020,35,221,-186
104900021,1,277,-276
104900022,11,128,-117
104900023,2,192,-190
104900024,7,97,-90
104900025,37,325,-288
104900026,4,131,-127
104900027,157,172,-15
104900028,20,73,-53
104900029,38,99,-61
104900030,265,104,161
104900031,148,184,-36
104900032,27,137,-110
104900033,75,128,-53
104900034,135,68,67
104900035,100,78,22
104900036,74,37,37
104900037,64,282,-218
104900038,446,169,277
104900039,794,135,659
104900040,123,52,71
104900041,91,113,-22
104900042,42,348,-306
104900043,11,34,-23
104900044,204,109,95
104900045,164,44,120
104900046,39,112,-73
104900047,131,116,15
104900048,113,66,47
104900049,2,6,-4
104900050,72,73,-1
104900051,109,21,88
104900052,17,0,17
104900053,186,23,163
104900054,49,21,28
104900055,37,0,37
104900056,79,8,71
104900057,30,0,30
104900058,263,116,147
104900059,37,41,-4
104900060,1,321,-320
104900061,240,514,-274
104900063,0,125,-125
104900064,0,92,-92
104900065,0,88,-88
104900066,2,176,-174
104900067,2,201,-199
104900068,0,214,-214
104900070,62,296,-234
104900071,2,716,-714
104900072,17,190,-173
104900073,30,266,-236
104900074,24,208,-184
104900075,10,53,-43
104900076,44,429,-385
104900077,1056,74,982
104900078,138,827,-689
104900079,97,157,-60
104900080,18,526,-508
104900082,14,294,-280
104900085,1,250,-249
104900087,249,8,241
104900089,61,1,60
104900090,242,413,-171
104900091,355,800,-445
104900093,213,551,-338
104900097,2529,992,1537
104900098,25,37,-12
104900099,314,392,-78
104900100,688,132,556
104900102,22,206,-184
104900103,439,75,364
104900104,2886,894,1992
104900106,18,139,-121
104900107,30,278,-248
104900108,15,278,-263
104900109,41,100,-59
104900110,2,40,-38
104900111,85,59,26
104900112,161,829,-668
104900113,352,389,-37
104900114,166,571,-405
104900115,296,481,-185
104900116,60,317,-257
104900118,18,54,-36
104900119,1,30,-29
104900120,134,35,99
104900121,0,117,-117
104900122,3,94,-91
104900123,5,3,2
104900124,7,1,6
104900125,252,2,250
104900126,55,49,6
104900127,15,16,-1
104900128,37,156,-119
104900129,2367,693,1674
105000001,1775,1695,80
105000002,1588,1553,35
105000003,2152,3580,-1428
105000004,407,976,-569
105000005,424,1132,-708
105000006,734,1391,-657
105000007,590,952,-362
105000008,539,1407,-868
105000009,1040,2242,-1202
105000010,2724,2252,472
105000011,1385,1744,-359
105000012,3548,3160,388
105000013,655,882,-227
105000014,881,1610,-729
105000015,6023,3937,2086
105000016,2795,1506,1289
105000017,1519,1044,475
105000018,1148,789,359
105000019,1440,900,540
105000020,159,261,-102
105000021,251,110,141
105000022,123,22,101
105000023,260,238,22
105000028,57,135,-78
105000029,222,653,-431
105000030,3169,3458,-289
105000031,1,17,-16
105000033,925,2019,-1094
105000034,72,428,-356
105000037,463,406,57
105000038,1155,947,208
105000039,3227,1734,1493
105000040,344,610,-266
105000041,417,1206,-789
105000042,1670,948,722
105000043,1781,1931,-150
105000044,201,253,-52
105000045,202,799,-597
105000046,478,341,137
105000047,356,1347,-991
105000048,365,182,183
105000049,218,627,-409
105000050,325,280,45
105000051,200,492,-292
105000052,295,772,-477
105000053,104,141,-37
105000054,106,820,-714
105000055,233,329,-96
105000056,558,2364,-1806
105000057,882,1038,-156
105000058,1226,1300,-74
105000059,360,460,-100
105000060,302,514,-212
105000061,332,400,-68
105000062,661,1058,-397
105000063,340,738,-398
105000064,567,533,34
105000065,307,1089,-782
105000066,697,1882,-1185
105000067,550,486,64
105000068,381,912,-531
105000069,2672,613,2059
105000070,714,681,33
105000071,169,395,-226
105000072,785,965,-180
105000073,496,414,82
105000074,716,859,-143
105000075,403,794,-391
105000076,1173,930,243
105000077,1604,677,927
105000078,1374,942,432
105000079,1346,1557,-211
105000080,1236,655,581
105000081,868,548,320
105000082,339,353,-14
105000083,641,453,188
105000084,402,1054,-652
105000085,865,818,47
105000086,541,849,-308
105000087,2042,1705,337
105000088,1217,1226,-9
105000089,2787,2303,484
105000090,929,891,38
105000091,1938,2062,-124
105000092,486,1036,-550
105000093,306,147,159
105000094,243,158,85
105000095,64,381,-317
105000096,774,590,184
105000097,894,680,214
105000098,442,429,13
105000099,661,885,-224
105000100,534,1156,-622
105000101,1206,1983,-777
105000102,977,1460,-483
105000103,1023,1966,-943
105000104,911,795,116
105000105,622,1577,-955
105000106,625,1134,-509
105000107,592,781,-189
105000108,757,1606,-849
105000109,766,1325,-559
105000110,446,784,-338
105000111,362,497,-135
105000112,895,782,113
105000113,345,431,-86
105000114,3256,841,2415
105000115,261,587,-326
105000116,387,475,-88
105000117,614,1519,-905
105000118,169,323,-154
105000119,377,1265,-888
105000120,374,531,-157
105000121,516,1096,-580
105000122,194,327,-133
105000123,883,1393,-510
105000124,981,814,167
105000125,535,1523,-988
105000126,1297,1870,-573
105000127,1549,1709,-160
105000128,338,1352,-1014
105000129,584,239,345
105000130,78,700,-622
105000131,391,328,63
105000132,464,378,86
105000133,231,1010,-779
105000134,235,515,-280
105000135,344,657,-313
105000136,128,354,-226
105000137,292,241,51
105000138,224,352,-128
105000139,657,878,-221
105000140,135,464,-329
105000141,128,599,-471
105000142,57,523,-466
105000143,112,612,-500
105000144,226,583,-357
105000145,394,450,-56
105000146,402,591,-189
105000147,373,302,71
105000148,985,629,356
105000149,1505,1411,94
105000150,2188,1259,929
105000151,230,285,-55
105000152,162,685,-523
105000153,372,357,15
105000154,723,872,-149
105000155,210,447,-237
105000156,729,800,-71
105000157,942,1703,-761
105000158,1383,756,627
105000159,291,1254,-963
105000160,1029,516,513
105000161,520,1811,-1291
105000162,301,1073,-772
105000163,1171,1216,-45
105000164,200,247,-47
105000165,1280,2841,-1561
105000166,7254,228,7026
105000167,2487,920,1567
105000168,168,910,-742
105000169,234,442,-208
105000170,88,982,-894
105000171,832,243,589
105000172,45,59,-14
105000173,39,22,17
105000174,13,35,-22
105000175,87,122,-35
105000176,79,80,-1
105000177,57,114,-57
105000178,92,606,-514
105000179,101,106,-5
105000180,59,90,-31
105000181,33,436,-403
105000182,34,64,-30
105000183,2372,1080,1292
105000184,1344,791,553
105000185,838,584,254
105000186,426,996,-570
105000187,441,237,204
105000188,105,92,13
105000189,144,622,-478
105000190,130,331,-201
105000191,288,491,-203
105000192,91,55,36
105000193,64,91,-27
105000194,212,76,136
105000195,149,956,-807
105000196,26,86,-60
105000197,199,680,-481
105000198,484,222,262
105000199,191,148,43
105000200,83,171,-88
105000201,44,9,35
105000203,9,318,-309
105000204,53,80,-27
105000205,93,264,-171
105000207,657,219,438
105000208,205,322,-117
105000209,200,388,-188
105000211,60,9,51
105000212,679,1228,-549
105000213,180,139,41
105000214,61,203,-142
105000215,143,273,-130
105000216,37,300,-263
105000217,101,340,-239
105000218,507,977,-470
105000221,110,207,-97
105000222,49,47,2
105000223,89,171,-82
105000226,15,353,-338
105000227,31,182,-151
105000228,195,575,-380
105000229,51,187,-136
105000231,117,230,-113
105000233,473,520,-47
105000234,387,1191,-804
105000235,252,347,-95
105000237,409,25,384
105000243,14,43,-29
105000248,35,48,-13
105000262,140,1648,-1508
105000269,78,141,-63
105000270,166,84,82
105000271,0,314,-314
105000282,80,36,44
105000287,263,89,174
105000288,275,346,-71
105000289,575,592,-17
105000290,4,4,0
105000402,4144,1141,3003
105000426,304,468,-164
105000438,468,479,-11
105000440,5,52,-47
105000446,10678,3848,6830
105000447,5957,2423,3534
105000454,118,975,-857
105000455,254,236,18
105000474,6,0,6
105000477,161,313,-152
105000478,871,1498,-627
105000479,43,138,-95
105000480,1203,1460,-257
105000481,1611,1731,-120
105000482,3723,2548,1175
105000483,922,1027,-105
105000484,2150,2434,-284
105000485,853,1134,-281
105000486,2858,2125,733
105000488,2390,2383,7
105000489,457,652,-195
105000549,18,113,-95
105000550,375,1083,-708
105000551,18,89,-71
105000552,3317,1660,1657
105000555,690,571,119
105000556,37,18,19
105000557,32,264,-232
105900001,6,853,-847
105900002,1471,255,1216
105900003,15,109,-94
105900004,228,94,134
105900005,8,151,-143
105900006,4,28,-24
105900007,19,9,10
105900008,31,708,-677
105900009,12,20,-8
105900011,63,39,24
105900012,203,167,36
105900013,2,27,-25
105900014,4,67,-63
105900015,81,286,-205
105900016,177,761,-584
105900017,521,46,475
105900018,222,255,-33
105900019,64,496,-432
105900020,17,57,-40
105900021,19,336,-317
105900022,121,283,-162
105900023,2,101,-99
105900024,3,115,-112
105900025,30,31,-1
105900026,157,26,131
105900027,4065,1807,2258
105900028,28,99,-71
105900029,1512,222,1290
105900030,111,243,-132
105900031,322,147,175
105900032,34,104,-70
105900033,52,113,-61
105900034,69,223,-154
105900035,69,114,-45
105900036,28,150,-122
105900037,63,83,-20
105900038,99,266,-167
105900039,35,143,-108
105900040,38,72,-34
105900041,181,319,-138
105900042,27,116,-89
105900043,1502,43,1459
105900044,1,121,-120
105900045,4,357,-353
105900046,1,120,-119
105900047,2,27,-25
105900048,30,414,-384
105900050,1053,404,649
105900051,4,1102,-1098
105900052,205,29,176
105900053,3358,1028,2330
105900054,236,241,-5
105900056,823,143,680
105900057,19,143,-124
105900058,5,29,-24
105900059,0,33,-33
106000001,3496,1068,2428
106000002,2582,3413,-831
106000003,2552,1959,593
106000004,2236,2108,128
106000005,1842,4200,-2358
106000006,4858,4175,683
106000007,425,416,9
106000008,380,239,141
106000009,402,254,148
106000010,330,561,-231
106000011,483,772,-289
106000012,600,1567,-967
106000013,1134,1557,-423
106000014,1624,1688,-64
106000015,961,881,80
106000016,961,2208,-1247
106000017,631,630,1
106000018,430,564,-134
106000019,274,397,-123
106000020,175,436,-261
106000021,212,412,-200
106000022,241,392,-151
106000023,390,362,28
106000024,446,788,-342
106000025,90,227,-137
106000026,205,377,-172
106000027,704,1049,-345
106000028,386,812,-426
106000029,705,1569,-864
106000030,788,254,534
106000034,136,590,-454
106000035,678,915,-237
106000036,279,320,-41
106000037,1444,1448,-4
106000038,477,73,404
106000039,131,40,91
106000040,144,628,-484
106000041,698,164,534
106000043,464,77,387
106000046,290,29,261
106000047,26,329,-303
106000049,396,97,299
106000050,218,756,-538
106000051,319,257,62
106000052,49,566,-517
106000053,64,101,-37
106000054,272,448,-176
106000055,400,626,-226
106000056,215,509,-294
106000057,114,209,-95
106000058,103,174,-71
106000059,166,250,-84
106000060,425,572,-147
106000061,128,302,-174
106000062,125,591,-466
106000063,361,319,42
106000064,21,386,-365
106000065,198,129,69
106000066,92,296,-204
106000067,146,98,48
106000068,38,528,-490
106000069,114,52,62
106000070,265,628,-363
106000071,464,289,175
106000072,4181,1162,3019
106000073,1689,1697,-8
106000074,231,577,-346
106000075,224,926,-702
106000076,1038,1211,-173
106000077,2564,1040,1524
106000078,427,838,-411
106000079,434,987,-553
106000080,763,867,-104
106000081,361,916,-555
106000082,1871,896,975
106000083,246,958,-712
106000084,821,556,265
106000085,1271,868,403
106000086,513,524,-11
106000087,705,460,245
106000088,265,614,-349
106000089,510,431,79
106000090,192,477,-285
106000091,225,572,-347
106000092,461,213,248
106000093,158,60,98
106000094,90,324,-234
106000095,277,1230,-953
106000096,517,696,-179
106000097,500,1491,-991
106000098,251,925,-674
106000099,128,791,-663
106000100,495,274,221
106000101,483,307,176
106000102,101,484,-383
106000103,211,668,-457
106000104,423,413,10
106000105,247,942,-695
106000106,302,366,-64
106000107,67,547,-480
106000108,139,354,-215
106000109,67,482,-415
106000110,128,270,-142
106000111,153,716,-563
106000112,105,336,-231
106000113,984,662,322
106000114,328,349,-21
106000115,162,525,-363
106000116,105,249,-144
106000117,722,775,-53
106000118,648,938,-290
106000119,2277,971,1306
106000120,657,627,30
106000121,90,143,-53
106000122,21,332,-311
106000123,164,263,-99
106000124,19,354,-335
106000125,36,323,-287
106000126,92,252,-160
106000127,379,905,-526
106000128,313,345,-32
106000129,267,700,-433
106000130,428,380,48
106000131,116,552,-436
106000132,849,100,749
106000133,3577,800,2777
106000134,706,553,153
106000135,216,837,-621
106000136,378,363,15
106000137,61,1492,-1431
106000138,443,41,402
106000139,21,106,-85
106000140,20,124,-104
106000141,35,147,-112
106000142,33,59,-26
106000143,11,157,-146
106000144,27,85,-58
106000145,140,381,-241
106000146,199,187,12
106000147,299,414,-115
106000148,651,736,-85
106000149,411,363,48
106000150,325,1542,-1217
106000151,4222,659,3563
106000152,1385,876,509
106000153,80,1125,-1045
106000154,1428,224,1204
106000155,42,175,-133
106000156,331,285,46
106000157,375,1408,-1033
106000158,3223,633,2590
106000159,4729,1113,3616
106000160,125,1429,-1304
106000161,1036,479,557
106000162,117,577,-460
106000163,147,527,-380
106000164,153,380,-227
106000165,145,740,-595
106000166,257,208,49
106000167,230,1501,-1271
106000168,92,269,-177
106000169,89,878,-789
106000170,251,236,15
106000171,91,779,-688
106000172,2182,681,1501
106000173,713,2340,-1627
106000174,961,301,660
106000175,230,952,-722
106000176,780,514,266
106000177,431,2034,-1603
106000178,2195,1159,1036
106000179,999,1824,-825
106000180,724,1751,-1027
106000181,304,1878,-1574
106000182,375,521,-146
106000183,441,1026,-585
106000184,401,1000,-599
106000185,296,905,-609
106000186,607,130,477
106000187,136,740,-604
106000188,1,2,-1
106000189,1,44,-43
106000190,1,4,-3
106000191,424,164,260
106000192,1,14,-13
106000193,188,117,71
106000194,140,259,-119
106000195,119,73,46
106000196,44,279,-235
106000197,145,239,-94
106000198,60,251,-191
106000199,826,389,437
106000200,362,150,212
106000201,436,911,-475
106000202,6051,513,5538
106000203,187,190,-3
106000204,19,1,18
106000205,17,141,-124
106000206,23,18,5
106000207,55,827,-772
106000208,415,73,342
106000209,858,200,658
106000210,214,1363,-1149
106000211,305,1490,-1185
106000212,364,116,248
106000213,748,1034,-286
106000214,2430,422,2008
106000215,195,461,-266
106000216,233,306,-73
106000217,222,485,-263
106000218,374,264,110
106000219,81,287,-206
106000220,229,255,-26
106000221,76,262,-186
106000222,17,131,-114
106000223,46,103,-57
106000224,63,355,-292
106000225,43,71,-28
106000226,118,279,-161
106000228,9,119,-110
106000229,82,788,-706
106000231,341,83,258
106000232,51,483,-432
106000233,195,102,93
106000234,39,254,-215
106000235,130,84,46
106000236,37,43,-6
106000237,1,5,-4
106000238,3,8,-5
106000239,3,44,-41
106000240,29,0,29
106000241,12,638,-626
106000242,130,11,119
106000249,35,64,-29
106000250,35,396,-361
106000251,20,13,7
106000252,10,85,-75
106000253,13,41,-28
106000254,36,61,-25
106000255,9,55,-46
106000256,79,110,-31
106000257,76,230,-154
106000258,69,10,59
106000259,1,41,-40
106000260,9,6,3
106000261,0,59,-59
106000262,16,21,-5
106000263,1,51,-50
106000264,185,8,177
106000265,4,106,-102
106000266,89,12,77
106000267,8,87,-79
106000268,413,14,399
106000269,46,54,-8
106000270,139,346,-207
106000271,62,176,-114
106000272,86,70,16
106000273,5,161,-156
106000274,158,50,108
106000275,78,143,-65
106000276,83,62,21
106000277,96,115,-19
106000278,183,33,150
106000279,40,75,-35
106000280,23,158,-135
106000281,71,92,-21
106000282,67,69,-2
106000283,51,75,-24
106000284,46,116,-70
106000285,89,104,-15
106000286,50,167,-117
106000287,66,70,-4
106000288,86,134,-48
106000289,31,55,-24
106000290,58,76,-18
106000291,47,75,-28
106000292,58,123,-65
106000293,100,69,31
106000294,105,104,1
106000295,18,35,-17
106000296,43,97,-54
106000297,55,187,-132
106000298,136,42,94
106000299,38,121,-83
106000300,61,110,-49
106000301,44,98,-54
106000303,14,57,-43
106000304,62,37,25
106000305,22,26,-4
106000306,31,69,-38
106000307,18,4,14
106000308,20,124,-104
106000309,15,49,-34
106000310,111,538,-427
106000311,175,98,77
106000312,56,205,-149
106000313,88,220,-132
106000318,165,147,18
106000319,322,35,287
106000320,8,48,-40
106000321,211,62,149
106000322,58,211,-153
106000324,10,196,-186
106000325,736,770,-34
106000326,628,1855,-1227
106000327,71,154,-83
106000328,5,112,-107
106000329,34,242,-208
106000330,28,42,-14
106000428,22,178,-156
106000429,62,633,-571
106000430,241,1476,-1235
106000431,736,299,437
106000432,1473,2383,-910
106000433,1124,662,462
106000434,2018,690,1328
106000435,1793,2407,-614
106000436,7,292,-285
106000437,79,32,47
106000438,117,70,47
106000439,36,568,-532
106000440,126,482,-356
106000441,0,1,-1
106000442,110,2,108
106000443,59,525,-466
106000450,3,172,-169
106000451,13,9,4
106000454,5,61,-56
106000455,15,196,-181
106000456,157,20,137
106000457,5,1197,-1192
106000458,171,147,24
106000459,36,431,-395
106000460,383,31,352
106000461,16,1889,-1873
106000462,2,5,-3
106000463,2,27,-25
106000464,6,549,-543
106000465,118,0,118
106000466,2,687,-685
106000467,488,450,38
106000468,36,208,-172
106000469,181,4,177
106000470,213,1114,-901
106000471,16,602,-586
106000472,42,4,38
106000473,11,25,-14
106000474,251,721,-470
106000475,205,149,56
106000476,164,138,26
106000477,30,178,-148
106000480,0,61,-61
106900001,1,16,-15
106900002,5,569,-564
106900003,205,611,-406
106900004,1,74,-73
106900006,0,22,-22
106900007,0,9,-9
106900008,77,213,-136
106900009,86,413,-327
106900010,89,340,-251
106900012,1761,864,897
106900013,230,35,195
106900014,23,0,23
106900015,15,0,15
106900016,51,2,49
106900017,3,1,2
106900018,0,0,0
106900019,14,1,13
106900020,2370,545,1825
106900021,18,45,-27
106900022,154,2,152
106900023,11,287,-276
106900024,115,5,110
106900025,60,548,-488
106900026,2,833,-831
106900027,209,3,206
107000001,1557,1280,277
107000002,2278,3391,-1113
107000003,2916,3783,-867
107000004,4211,6019,-1808
107000005,1559,2862,-1303
107000006,2927,6488,-3561
107000007,3997,4570,-573
107000008,18557,10595,7962
107000009,3612,3751,-139
107000010,10017,11837,-1820
107000011,1128,1084,44
107000012,4159,3604,555
107000013,47,189,-142
107000014,18,257,-239
107000015,370,894,-524
107000016,308,1189,-881
107000017,1554,742,812
107000018,3,250,-247
107000020,864,271,593
107000021,692,826,-134
107000022,512,1212,-700
107000023,945,274,671
107000024,296,2017,-1721
107000025,108,350,-242
107000026,150,708,-558
107000027,904,705,199
107000028,1049,1586,-537
107000029,1270,1339,-69
107000030,3131,3196,-65
107000031,2013,1443,570
107000032,196,966,-770
107000033,3326,3170,156
107000034,4190,1879,2311
107000035,276,157,119
107000036,302,842,-540
107000037,73,545,-472
107000038,216,242,-26
107000039,372,449,-77
107000040,85,285,-200
107000041,974,464,510
107000042,495,1519,-1024
107000043,2510,686,1824
107000044,526,394,132
107000045,74,306,-232
107000046,340,327,13
107000047,240,838,-598
107000048,281,315,-34
107000049,434,773,-339
107000050,545,415,130
107000051,399,269,130
107000052,833,645,188
107000053,218,194,24
107000054,54,264,-210
107000055,310,134,176
107000056,570,846,-276
107000057,1938,238,1700
107000058,1356,1493,-137
107000059,1951,2672,-721
107000060,2414,3631,-1217
107000061,4692,3536,1156
107000062,1999,2324,-325
107000063,3103,5583,-2480
107000064,2147,1658,489
107000065,2747,5410,-2663
107000066,1101,1503,-402
107000067,567,861,-294
107000068,1175,549,626
107000069,411,328,83
107000070,282,7,275
107000071,1208,17,1191
107000072,40,3811,-3771
107000073,255,119,136
107000074,101,894,-793
107000075,662,208,454
107000076,667,1821,-1154
107000077,1404,439,965
107000078,1467,3304,-1837
107000079,1205,386,819
107000080,1001,3037,-2036
107000081,724,405,319
107000082,470,2862,-2392
107000083,674,238,436
107000084,441,2541,-2100
107000085,2475,2732,-257
107000086,3577,2333,1244
107000087,2095,1629,466
107000088,2439,3008,-569
107000089,1020,1468,-448
107000090,698,1135,-437
107000091,780,913,-133
107000092,508,1141,-633
107000093,699,758,-59
107000094,703,1427,-724
107000095,321,500,-179
107000096,444,908,-464
107000097,361,343,18
107000098,337,857,-520
107000099,249,183,66
107000100,210,263,-53
107000101,59,144,-85
107000102,325,312,13
107000103,235,166,69
107000104,192,353,-161
107000105,198,81,117
107000106,78,282,-204
107000107,261,185,76
107000108,97,915,-818
107000109,332,110,222
107000110,93,516,-423
107000111,117,19,98
107000112,26,370,-344
107000113,249,108,141
107000114,64,717,-653
107000115,224,78,146
107000116,62,988,-926
107000117,108,223,-115
107000118,165,249,-84
107000119,1687,819,868
107000120,2414,313,2101
107000121,355,670,-315
107000122,860,747,113
107000123,216,828,-612
107000124,366,802,-436
107000125,395,891,-496
107000126,548,1207,-659
107000129,124,1105,-981
107000130,206,146,60
107000131,210,682,-472
107000132,271,292,-21
107000133,814,127,687
107000134,253,2,251
107000135,1,185,-184
107000136,665,3,662
107000137,14,344,-330
107000138,343,14,329
107000139,14,302,-288
107000140,670,39,631
107000141,87,744,-657
107000142,231,40,191
107000143,38,953,-915
107000144,192,273,-81
107000145,135,593,-458
107000146,117,230,-113
107000147,4256,950,3306
107000150,893,968,-75
107000151,27,48,-21
107000152,506,440,66
107000153,321,278,43
107000154,162,63,99
107000155,315,14,301
107000156,520,6,514
107000157,13,2596,-2583
107000158,340,11,329
107000159,32,1543,-1511
107000160,353,56,297
107000161,40,2076,-2036
107000162,110,162,-52
107000163,15,1,14
107000164,111,0,111
107000165,228,0,228
107000166,64,1458,-1394
107000167,233,274,-41
107000168,562,239,323
107000169,985,1179,-194
107000170,635,426,209
107000171,392,3049,-2657
107000172,449,469,-20
107000173,690,1206,-516
107000174,759,1533,-774
107000175,10205,1483,8722
107000176,0,0,0
107000177,1,0,1
107000178,5,68,-63
107000179,169,3319,-3150
107000180,554,263,291
107000181,204,1372,-1168
107000182,704,725,-21
107000183,63,1031,-968
107000184,433,800,-367
107000185,202,1271,-1069
107000186,307,274,33
107000187,869,1117,-248
107000188,417,363,54
107000189,266,717,-451
107000190,364,626,-262
107000191,551,1094,-543
107000192,986,932,54
107000193,328,288,40
107000194,929,628,301
107000197,316,202,114
107000198,143,761,-618
107000199,521,717,-196
107000200,899,430,469
107000201,305,279,26
107000202,186,378,-192
107000203,525,548,-23
107000204,521,656,-135
107000205,2388,1121,1267
107000206,660,825,-165
107000207,648,846,-198
107000208,1233,290,943
107000209,2056,485,1571
107000210,1409,214,1195
107000211,7,13,-6
107000212,4,214,-210
107000213,10,39,-29
107000214,10,92,-82
107000215,235,432,-197
107000216,118,408,-290
107000217,61,124,-63
107000219,43,155,-112
107000220,56,253,-197
107000222,214,653,-439
107000224,175,31,144
107000225,114,632,-518
107000226,123,53,70
107000227,88,531,-443
107000228,93,158,-65
107000229,238,99,139
107000230,841,542,299
107000231,782,346,436
107000232,45,66,-21
107000233,563,269,294
107000234,3,15,-12
107000235,58,7,51
107000236,22,249,-227
107000237,7,0,7
107000238,9,1,8
107000239,5135,367,4768
107000240,31,1111,-1080
107000243,0,50,-50
107000244,3,77,-74
107000246,2,1087,-1085
107000249,1,963,-962
107000251,1,292,-291
107000252,3,1420,-1417
107000255,626,85,541
107000257,3,741,-738
107000258,0,152,-152
107000259,2,241,-239
107000260,203,0,203
107000262,4,954,-950
107000263,103,1,102
107000266,1,1,0
107000267,45,165,-120
107000268,197,203,-6
107000269,117,30,87
107000270,0,5,-5
107000271,6,1094,-1088
107000272,7,237,-230
107000273,1,287,-286
107000274,349,219,130
107000275,33,567,-534
107000280,236,5,231
107000281,10,1218,-1208
107000282,11,1453,-1442
107000290,0,39,-39
107000291,5,8,-3
107000292,3,45,-42
107000293,31,2,29
107000294,1,46,-45
107000295,31,3,28
107000296,0,4,-4
107000444,119,1,118
107000496,0,25,-25
107000497,1042,3179,-2137
107000500,213,359,-146
107000501,95,197,-102
107000502,152,390,-238
107000505,528,823,-295
107000506,0,17,-17
107000508,3,758,-755
107000509,203,778,-575
107000510,11,26,-15
107000514,39,298,-259
107000515,12,312,-300
107000516,100,148,-48
107000518,508,378,130
107000519,3546,1065,2481
107000520,53,7,46
107000521,293,489,-196
107000522,434,700,-266
107900001,20,308,-288
107900002,16,5,11
107900003,107,9,98
107900004,7,0,7
107900005,280,0,280
107900006,21,1,20
107900007,106,17,89
107900008,29,29,0
107900009,64,4,60
107900010,6,0,6
107900012,152,9,143
107900013,250,55,195
107900014,8,2,6
107900015,221,2,219
107900016,441,74,367
107900017,5,3,2
107900018,24,30,-6
107900019,15,71,-56
107900020,66,4,62
107900021,23,161,-138
107900023,0,0,0
107900024,0,14,-14
107900025,169,283,-114
107900026,16,111,-95
107900027,9,41,-32
107900028,23,95,-72
107900030,122,13,109
107900031,30,257,-227
107900032,3,1,2
107900033,10,6,4
107900034,137,5,132
107900035,326,9,317
107900036,19,5,14
107900037,2,42,-40
107900038,140,62,78
107900039,10,67,-57
107900040,23,24,-1
107900041,0,0,0
107900043,19,147,-128
107900044,1,2,-1
107900045,15,35,-20
107900046,55,31,24
107900047,4,70,-66
107900048,58,15,43
107900049,278,190,88
107900050,84,309,-225
107900051,29,69,-40
107900052,2,6,-4
107900053,15,70,-55
107900055,294,111,183
107900056,36,19,17
107900057,1,0,1
107900058,11,690,-679
107900060,10,37,-27
107900061,19,0,19
107900063,45,99,-54
107900064,229,38,191
107900065,43,4,39
107900066,2,5,-3
107900067,0,0,0
107900068,108,266,-158
107900069,21,462,-441
107900070,34,13,21
107900071,6,858,-852
107900072,31,188,-157
107900073,47,122,-75
107900074,1044,104,940
107900076,59,58,1
107900077,19,7,12
107900079,7,10,-3
107900080,88,169,-81
107900081,12,74,-62
107900082,16,15,1
107900083,118,57,61
107900084,47,80,-33
107900086,50,81,-31
107900087,281,32,249
107900088,22,6,16
107900089,221,730,-509
107900090,333,612,-279
107900091,126,447,-321
107900093,42,44,-2
107900095,2789,838,1951
107900097,15,34,-19
107900098,27,101,-74
107900100,935,371,564
107900101,908,89,819
107900102,16,4,12
107900103,25,185,-160
107900104,96,3,93
107900105,1,777,-776
107900106,0,1604,-1604
107900107,948,120,828
107900108,228,67,161
107900109,398,27,371
107900110,4,75,-71
107900111,6,1421,-1415
107900112,87,202,-115
107900113,61,107,-46
107900114,59,218,-159
107900115,2,48,-46
107900116,82,238,-156
107900117,165,379,-214
107900118,53,111,-58
107900119,31,36,-5
107900120,40,8,32
107900121,0,90,-90
107900122,0,43,-43
107900123,0,26,-26
107900124,0,54,-54
107900125,25,125,-100
107900126,4,12,-8
107900127,369,106,263
107900128,77,30,47
107900129,13,43,-30
107900130,18,29,-11
107900131,254,28,226
107900132,85,356,-271
107900133,1,69,-68
107900134,17,14,3
107900135,2,163,-161
107900136,38,21,17
107900137,53,61,-8
107900138,23,19,4
107900139,11,22,-11
107900141,20,7,13
107900142,36,941,-905
107900143,30,35,-5
107900144,1,149,-148
107900145,9,94,-85
107900146,20,85,-65
107900147,30,18,12
107900148,83,112,-29
107900149,1293,107,1186
107900150,67,606,-539
107900151,2,96,-94
107900152,9,194,-185
107900153,123,119,4
107900154,18,6,12
107900155,17,20,-3
107900156,2,427,-425
107900157,14,83,-69
107900158,189,5,184
107900159,35,922,-887
107900160,25,170,-145
107900161,5,270,-265
107900162,0,49,-49
107900163,14,32,-18
107900164,9,14,-5
107900165,6,42,-36
107900166,6,252,-246
107900167,5,2,3
107900168,7,49,-42
107900169,2,159,-157
107900171,12,1536,-1524
107900172,0,296,-296
107900173,2,205,-203
107900174,28,2,26
107900175,1,11,-10
107900176,10,40,-30
107900177,0,21,-21
107900178,1,236,-235
107900179,2,110,-108
107900180,887,190,697
107900181,247,424,-177
107900182,3,1641,-1638
107900183,17,309,-292
107900184,48,266,-218
107900185,22,2,20
107900186,3,20,-17
107900187,1,103,-102
107900188,788,67,721
107900189,8,104,-96
107900190,126,32,94
107900191,23,153,-130
107900193,5,16,-11
107900194,139,3,136
107900195,4052,446,3606
107900196,39,81,-42
107900197,288,72,216
107900199,5,1256,-1251
107900201,39,121,-82
107900203,46,60,-14
107900204,195,170,25
107900206,196,174,22
107900207,1,480,-479
107900208,9,957,-948
107900209,260,63,197
107900210,67,91,-24
107900213,164,280,-116
107900214,6,147,-141
107900215,152,232,-80
107900216,86,56,30
107900217,14,51,-37
107900218,15,1667,-1652
107900219,13,119,-106
107900220,146,105,41
107900221,183,238,-55
107900223,28,586,-558
107900224,136,250,-114
107900225,4,692,-688
107900226,38,101,-63
107900227,72,456,-384
107900228,3,126,-123
107900229,3,313,-310
107900230,2,167,-165
107900231,11,209,-198
107900232,21,241,-220
107900233,4,169,-165
107900234,40,183,-143
107900235,21,84,-63
107900236,50,95,-45
107900237,71,411,-340
107900238,5,113,-108
107900239,1213,286,927
107900240,4,157,-153
107900241,9,50,-41
107900242,22,386,-364
107900243,2,36,-34
107900244,180,6,174
107900245,154,28,126
107900246,36,0,36
107900248,50,485,-435
107900249,182,4,178
107900250,1,438,-437
107900251,39,1111,-1072
107900252,274,7,267
107900253,57,1,56
107900254,51,68,-17
107900255,367,64,303
107900256,153,469,-316
107900257,44,13,31
107900258,71,192,-121
107900259,70,533,-463
107900261,2,405,-403
107900262,36,117,-81
107900264,52,5,47
107900265,45,180,-135
107900267,53,11,42
107900268,44,7,37
107900269,1,3,-2
107900270,0,0,0
107900271,0,2,-2
107900272,88,4,84
107900273,16,74,-58
107900274,11,0,11
107900275,4,0,4
107900276,0,51,-51
107900277,1,146,-145
107900278,96,261,-165
107900279,111,42,69
107900280,1700,852,848
107900281,3016,731,2285
107900282,42,138,-96
107900283,1083,296,787
107900284,124,890,-766
107900285,22,105,-83
107900286,89,58,31
107900287,102,75,27
107900290,2,49,-47
107900291,183,5,178
107900292,69,233,-164
107900293,31,565,-534
107900295,40,144,-104
107900297,0,251,-251
107900298,615,783,-168
107900299,3734,1090,2644
107900301,387,223,164
107900302,78,5,73
107900303,33,301,-268
107900304,75,505,-430
107900305,120,11,109
107900306,10,7,3
107900307,34,330,-296
107900308,131,17,114
107900309,12,0,12
107900310,1,0,1
107900311,100,76,24
107900312,2,0,2
107900313,1,67,-66
107900314,1,38,-37
107900315,0,43,-43
107900316,15,2,13
107900317,35,1,34
107900318,8,96,-88
107900319,3,193,-190
107900320,7,170,-163
107900321,26,3,23
107900322,0,191,-191
107900323,20,107,-87
107900324,79,0,79
107900325,32,0,32
107900326,103,389,-286
107900327,0,1,-1
107900328,0,0,0
107900329,0,0,0
107900330,2,502,-500
107900331,75,29,46
107900332,74,42,32
107900333,29,4,25
107900334,11,218,-207
107900335,34,40,-6
107900336,11,24,-13
107900337,1210,370,840
107900338,0,87,-87
107900339,1,25,-24
107900340,2,52,-50
107900341,5,0,5
107900342,59,125,-66
107900343,11,1,10
107900344,1,122,-121
107900345,46,38,8
107900346,10,0,10
107900347,16,12,4
107900348,1,1,0
107900349,11,3,8
107900350,31,280,-249
107900351,0,290,-290
107900352,1,77,-76
107900353,7,3,4
107900354,2,55,-53
108000001,1890,2334,-444
108000002,2223,3112,-889
108000003,2389,1302,1087
108000004,14846,14462,384
108000005,3371,2209,1162
108000006,4548,5583,-1035
108000007,3111,2693,418
108000008,4097,5340,-1243
108000009,1839,2390,-551
108000010,2071,4724,-2653
108000011,7940,5940,2000
108000012,15873,15286,587
108000014,824,458,366
108000015,417,287,130
108000016,177,710,-533
108000017,384,325,59
108000018,821,382,439
108000019,1236,509,727
108000020,889,361,528
108000021,378,1497,-1119
108000022,393,1167,-774
108000023,666,86,580
108000024,153,642,-489
108000025,121,226,-105
108000026,242,574,-332
108000027,288,673,-385
108000028,217,252,-35
108000029,161,911,-750
108000030,215,167,48
108000031,154,532,-378
108000032,704,354,350
108000033,317,1219,-902
108000034,954,306,648
108000035,662,2439,-1777
108000036,252,1390,-1138
108000037,1012,244,768
108000038,1120,288,832
108000039,314,2296,-1982
108000040,910,559,351
108000041,560,2533,-1973
108000042,75,249,-174
108000043,110,276,-166
108000044,141,158,-17
108000045,109,707,-598
108000046,578,197,381
108000047,220,1064,-844
108000048,95,425,-330
108000049,375,144,231
108000050,154,770,-616
108000051,120,49,71
108000052,254,760,-506
108000053,208,79,129
108000054,352,972,-620
108000055,648,243,405
108000056,1062,1046,16
108000057,351,586,-235
108000058,1592,1767,-175
108000059,3379,1629,1750
108000060,89,342,-253
108000061,276,555,-279
108000062,332,262,70
108000063,287,584,-297
108000064,104,247,-143
108000065,329,595,-266
108000066,1263,615,648
108000067,817,283,534
108000068,376,396,-20
108000069,133,1132,-999
108000070,791,516,275
108000071,364,1900,-1536
108000072,809,634,175
108000073,1135,2088,-953
108000074,161,309,-148
108000075,245,816,-571
108000076,377,331,46
108000077,604,772,-168
108000078,1115,1027,88
108000079,965,1822,-857
108000080,475,404,71
108000081,429,2712,-2283
108000082,900,1425,-525
108000083,954,483,471
108000084,310,1160,-850
108000085,247,249,-2
108000086,973,749,224
108000087,127,958,-831
108000088,349,128,221
108000089,190,156,34
108000091,111,529,-418
108000092,59,88,-29
108000093,69,732,-663
108000094,303,87,216
108000095,74,469,-395
108000096,119,155,-36
108000097,106,540,-434
108000098,676,1235,-559
108000099,683,290,393
108000100,40,328,-288
108000101,590,606,-16
108000102,877,1513,-636
108000106,556,1,555
108000107,2,652,-650
108000108,449,30,419
108000109,7,695,-688
108000110,83,150,-67
108000111,91,567,-476
108000112,37,108,-71
108000113,515,248,267
108000115,415,266,149
108000117,609,217,392
108000118,310,669,-359
108000119,688,418,270
108000120,86,427,-341
108000121,146,489,-343
108000122,205,254,-49
108000123,341,262,79
108000124,128,552,-424
108000125,137,394,-257
108000126,76,633,-557
108000127,172,420,-248
108000128,267,873,-606
108000129,129,1588,-1459
108000130,141,378,-237
108000131,511,167,344
108000132,1400,1218,182
108000133,407,328,79
108000134,621,768,-147
108000135,512,267,245
108000136,768,1244,-476
108000137,133,413,-280
108000138,213,1049,-836
108000139,92,377,-285
108000140,20,29,-9
108000141,18,152,-134
108000142,21,152,-131
108000143,21,691,-670
108000144,96,62,34
108000145,13,35,-22
108000146,160,39,121
108000147,14,48,-34
108000148,102,54,48
108000149,19,19,0
108000150,8,3,5
108000151,316,33,283
108000152,57,657,-600
108000153,103,76,27
108000154,33,13,20
108000155,18,9,9
108000156,854,428,426
108000157,67,373,-306
108000158,71,313,-242
108000159,637,101,536
108000160,4851,524,4327
108000161,3932,954,2978
108000165,1,78,-77
108000172,1,135,-134
108000173,2882,889,1993
108000175,175,66,109
108000178,300,310,-10
108000179,183,435,-252
108000181,40,44,-4
108000182,416,53,363
108000183,57,460,-403
108000184,989,1052,-63
108000185,68,607,-539
108000186,106,595,-489
108000187,42,814,-772
108000188,152,252,-100
108000189,1774,2326,-552
108000190,41,104,-63
108000192,45,669,-624
108000193,581,29,552
108000194,27,13,14
108000195,0,1020,-1020
108000196,57,79,-22
108000198,405,425,-20
108000199,0,108,-108
108000200,140,682,-542
108000203,46,942,-896
108000204,46,28,18
108000205,382,557,-175
108000339,1309,276,1033
108000364,495,354,141
108000365,35,314,-279
108000367,103,350,-247
108000368,3,35,-32
108000369,1441,91,1350
108000371,6,623,-617
108000372,308,3,305
108000373,147,162,-15
108000376,61,20,41
108000377,212,332,-120
108000378,7449,5817,1632
108000379,23,131,-108
108000381,21,9,12
108000382,81,0,81
108000383,0,141,-141
108900001,80,978,-898
108900002,115,37,78
108900003,291,867,-576
108900004,1593,207,1386
108900007,55,127,-72
108900008,42,98,-56
108900009,21,70,-49
108900010,68,139,-71
108900011,169,299,-130
108900012,101,401,-300
108900013,38,228,-190
108900014,3,84,-81
108900015,0,30,-30
108900016,2,164,-162
108900017,92,153,-61
108900018,41,527,-486
108900019,12,1140,-1128
108900020,33,302,-269
108900021,43,198,-155
108900022,12,3,9
108900023,3,33,-30
108900024,13,120,-107
108900025,18,108,-90
108900026,17,64,-47
108900027,0,105,-105
108900028,20,525,-505
108900029,25,200,-175
108900030,1,136,-135
108900031,28,732,-704
108900032,0,191,-191
108900033,0,68,-68
108900034,0,253,-253
108900035,158,1933,-1775
108900038,0,435,-435
108900039,1,570,-569
108900040,1,71,-70
108900041,4878,1441,3437
108900042,3,206,-203
108900043,34,407,-373
108900044,1,695,-694
108900045,21,828,-807
108900046,48,974,-926
108900047,0,69,-69
108900048,73,1037,-964
108900049,5352,531,4821
108900050,2,321,-319
108900051,2,240,-238
108900052,9,237,-228
108900053,83,98,-15
108900054,22,216,-194
108900055,41,494,-453
108900056,1,181,-180
108900057,0,173,-173
108900058,24,412,-388
108900059,139,16,123
108900060,29,74,-45
108900061,36,4,32
108900062,1,377,-376
108900063,2,377,-375
108900064,37,53,-16
108900065,3,314,-311
108900066,118,81,37
108900067,8,186,-178
108900068,6,300,-294
108900069,24,125,-101
108900070,23,148,-125
108900071,30,51,-21
108900072,2086,211,1875
108900073,9,504,-495
108900074,44,444,-400
108900075,46,58,-12
108900076,127,63,64
108900077,174,677,-503
108900078,5,220,-215
108900079,793,199,594
108900080,21,276,-255
108900081,60,208,-148
108900082,25,129,-104
108900083,15,108,-93
108900085,1983,113,1870
108900086,38,433,-395
108900087,103,188,-85
108900088,403,148,255
108900089,6,52,-46
108900090,13,523,-510
108900091,100,92,8
108900092,240,170,70
108900093,41,44,-3
108900094,94,56,38
108900095,124,699,-575
108900096,444,28,416
108900097,118,160,-42
108900098,2970,222,2748
108900099,199,394,-195
108900100,36,136,-100
108900101,89,57,32
108900102,110,356,-246
108900103,24,54,-30
108900105,8,416,-408
108900106,122,563,-441
108900108,135,31,104
108900109,151,24,127
108900110,38,522,-484
108900111,136,664,-528
108900113,25,17,8
108900114,27,21,6
108900115,36,57,-21
108900116,8,8,0
108900117,29,12,17
108900118,235,1,234
108900119,78,30,48
108900120,157,60,97
108900121,139,31,108
108900122,33,23,10
108900123,43,37,6
108900124,200,57,143
108900125,74,1,73
108900126,28,3,25
108900127,30,7,23
108900128,54,6,48
108900129,246,51,195
108900130,139,0,139
108900131,147,2,145
108900132,172,36,136
108900133,74,34,40
108900134,113,218,-105
108900135,21,3,18
108900136,4,0,4
108900137,39,0,39
108900138,187,14,173
108900140,55,221,-166
108900141,75,6,69
108900142,49,3,46
108900143,18,0,18
108900144,18,1,17
108900145,66,3,63
108900146,9,0,9
108900147,61,0,61
108900148,69,29,40
108900150,97,5,92
108900151,41,2,39
108900152,19,6,13
108900153,27,527,-500
108900154,2260,371,1889
108900156,24,5,19
108900157,4,553,-549
108900158,66,20,46
108900159,3,311,-308
108900160,7,236,-229
108900161,5,485,-480
108900162,34,0,34
108900163,13,115,-102
108900164,21,47,-26
108900168,9754,1399,8355
108900169,25,108,-83
108900171,6229,1084,5145
108900172,171,32,139
108900173,205,255,-50
108900174,273,422,-149
108900176,96,580,-484
108900177,7797,1402,6395
108900178,4887,1240,3647
108900180,47,145,-98
108900183,110,143,-33
108900184,137,110,27
108900185,21,276,-255
108900186,24,307,-283
108900189,103,119,-16
108900190,70,2929,-2859
108900192,41,232,-191
108900195,54,354,-300
108900196,19,562,-543
108900199,99,257,-158
108900200,258,303,-45
108900201,210,1009,-799
108900203,159,24,135
108900204,161,5,156
108900205,73,7,66
108900206,116,11,105
108900207,114,50,64
108900208,28,299,-271
108900209,203,437,-234
108900210,107,153,-46
108900211,88,196,-108
108900212,610,578,32
108900215,92,598,-506
108900216,439,71,368
108900217,53,0,53
108900218,39,7,32
108900221,36,36,0
108900224,23,73,-50
108900225,0,149,-149
108900227,45,65,-20
108900230,362,279,83
108900232,3,396,-393
108900233,111,24,87
108900234,195,62,133
108900235,122,600,-478
108900236,9,338,-329
108900240,35,63,-28
108900241,5,12,-7
108900245,1,437,-436
108900250,117,84,33
108900258,7,268,-261
108900259,10,94,-84
108900260,6,127,-121
108900261,133,133,0
108900262,270,90,180
108900263,66,234,-168
108900264,288,192,96
108900265,1254,160,1094
108900266,1134,181,953
108900267,0,46,-46
108900268,10,2,8
108900269,17,7,10
108900270,23,0,23
108900271,10,1,9
108900272,36,0,36
108900273,896,247,649
108900274,23,45,-22
109000001,2285,861,1424
109000002,2836,1190,1646
109000003,1477,442,1035
109000004,407,2672,-2265
109000005,1402,635,767
109000006,480,2091,-1611
109000007,598,591,7
109000008,306,1993,-1687
109000009,2345,950,1395
109000010,1316,3672,-2356
109000011,1588,1251,337
109000012,1413,3990,-2577
109000013,1941,1375,566
109000014,1121,3360,-2239
109000015,2322,2891,-569
109000016,9416,3815,5601
109000017,1277,925,352
109000018,588,3157,-2569
109000019,1574,901,673
109000020,1215,2290,-1075
109000023,160,10,150
109000024,3,140,-137
109000025,355,231,124
109000026,506,221,285
109000027,54,205,-151
109000028,80,62,18
109000029,102,111,-9
109000030,65,687,-622
109000031,98,63,35
109000032,52,526,-474
109000033,190,69,121
109000034,41,31,10
109000035,19,43,-24
109000036,65,308,-243
109000037,181,471,-290
109000038,370,260,110
109000039,470,284,186
109000040,4688,2657,2031
109000041,4862,916,3946
109000042,907,900,7
109000044,148,55,93
109000045,51,368,-317
109000046,134,49,85
109000047,72,397,-325
109000048,512,79,433
109000049,180,436,-256
109000050,209,150,59
109000051,251,218,33
109000052,233,1601,-1368
109000053,79,39,40
109000054,58,572,-514
109000055,99,117,-18
109000056,115,459,-344
109000057,199,149,50
109000058,681,198,483
109000059,466,841,-375
109000060,303,196,107
109000061,1400,335,1065
109000062,47,178,-131
109000063,124,182,-58
109000064,35,158,-123
109000065,37,335,-298
109000066,199,113,86
109000067,29,380,-351
109000068,266,7,259
109000069,451,7,444
109000070,9,741,-732
109000071,199,53,146
109000072,57,295,-238
109000073,30,56,-26
109000074,30,220,-190
109000075,39,403,-364
109000076,85,115,-30
109000077,327,244,83
109000078,22,103,-81
109000079,102,225,-123
109000080,105,112,-7
109000081,61,535,-474
109000082,201,279,-78
109000083,139,876,-737
109000088,98,363,-265
109000089,122,18,104
109000090,116,386,-270
109000091,166,57,109
109000092,318,513,-195
109000093,97,117,-20
109000094,112,0,112
109000095,65,720,-655
109000096,249,99,150
109000097,51,114,-63
109000098,41,62,-21
109000099,668,260,408
109000100,147,506,-359
109000101,521,675,-154
109000102,185,753,-568
109000103,200,597,-397
109000104,732,561,171
109000105,258,1362,-1104
109000106,1044,507,537
109000107,339,1896,-1557
109000108,801,413,388
109000109,327,1757,-1430
109000110,843,299,544
109000111,780,2041,-1261
109000112,183,100,83
109000113,91,130,-39
109000114,76,285,-209
109000115,738,104,634
109000116,4,199,-195
109000117,69,138,-69
109000118,9,278,-269
109000119,332,321,11
109000120,118,1096,-978
109000121,101,50,51
109000122,69,1055,-986
109000123,8,88,-80
109000124,200,314,-114
109000125,304,297,7
109000126,252,886,-634
109000127,241,175,66
109000128,280,2249,-1969
109000129,784,297,487
109000130,462,2558,-2096
109000131,381,207,174
109000132,524,1705,-1181
109000133,242,921,-679
109000134,507,1260,-753
109000135,792,1219,-427
109000136,160,366,-206
109000137,107,266,-159
109000138,255,411,-156
109000139,201,447,-246
109000140,75,485,-410
109000141,139,409,-270
109000142,69,487,-418
109000143,53,33,20
109000145,56,221,-165
109000146,97,97,0
109000148,3466,544,2922
109000149,14,37,-23
109000150,113,124,-11
109000155,231,434,-203
109000156,967,787,180
109000158,12,207,-195
109000159,30,612,-582
109000160,355,234,121
109000161,123,1368,-1245
109000162,975,911,64
109000163,407,1577,-1170
109000164,743,2397,-1654
109000165,631,595,36
109000166,304,106,198
109000167,86,868,-782
109000170,34,45,-11
109000171,55,65,-10
109000172,40,42,-2
109000173,15,40,-25
109000174,39,47,-8
109000175,24,112,-88
109000176,93,294,-201
109000177,16,122,-106
109000178,290,456,-166
109000179,6641,1866,4775
109000180,4458,2339,2119
109000181,5,31,-26
109000182,9,37,-28
109000183,4,43,-39
109000184,16,16,0
109000185,11,43,-32
109000188,400,2713,-2313
109000189,1386,809,577
109000190,310,494,-184
109000191,181,671,-490
109000192,114,196,-82
109000193,79,427,-348
109000194,61,130,-69
109000195,54,448,-394
109000196,106,59,47
109000197,107,455,-348
109000198,130,37,93
109000199,63,489,-426
109000206,97,17,80
109000207,57,23,34
109000208,52,50,2
109000209,174,87,87
109000210,155,506,-351
109000211,149,301,-152
109000214,186,663,-477
109000215,70,54,16
109000216,177,137,40
109000217,93,62,31
109000218,204,111,93
109000221,136,1106,-970
109000222,498,81,417
109000223,180,173,7
109000224,37,378,-341
109000225,63,39,24
109000226,24,286,-262
109000227,481,1208,-727
109000228,0,218,-218
109000231,1,412,-411
109000232,114,450,-336
109000236,182,777,-595
109000241,1097,1640,-543
109000242,806,1033,-227
109000293,9,22,-13
109000361,81,270,-189
109000364,91,607,-516
109000396,4,859,-855
109000397,205,3,202
109000399,101,533,-432
109000400,34,334,-300
109000403,38,212,-174
109000406,251,16,235
109000407,106,196,-90
109000408,4,742,-738
109000410,453,168,285
109000411,65,22,43
109900001,59,13,46
109900002,228,10,218
109900003,61,0,61
109900004,421,154,267
109900005,11,1,10
109900006,150,287,-137
109900007,215,824,-609
109900008,0,32,-32
109900009,46,794,-748
109900010,153,9,144
109900011,28,17,11
109900012,76,108,-32
109900013,169,67,102
109900014,102,35,67
109900015,223,63,160
109900016,39,30,9
109900017,46,61,-15
109900018,69,93,-24
109900019,40,46,-6
109900020,9,25,-16
109900021,7,6,1
109900022,68,374,-306
109900023,8,4,4
109900024,5,0,5
109900025,6,67,-61
109900026,2,158,-156
109900027,21,4,17
109900028,2279,269,2010
109900029,9,518,-509
109900030,5,8,-3
109900031,0,42,-42
109900032,6,254,-248
109900033,3,448,-445
109900034,5,0,5
109900035,6,12,-6
109900036,7,86,-79
109900037,3,513,-510
109900038,23,260,-237
109900039,3,0,3
109900040,13,646,-633
109900041,20,446,-426
109900042,5,398,-393
109900044,65,276,-211
109900045,76,24,52
109900046,40,88,-48
109900047,254,328,-74
109900048,10,64,-54
109900049,1,17,-16
109900050,0,279,-279
109900051,0,57,-57
109900052,13,186,-173
109900053,3,547,-544
109900054,208,113,95
109900055,15,202,-187
109900056,20,94,-74
109900057,3,241,-238
109900058,1,102,-101
109900059,206,71,135
109900060,158,149,9
109900061,57,263,-206
109900062,0,268,-268
109900063,3,292,-289
109900064,229,215,14
109900065,80,98,-18
109900066,159,918,-759
109900067,1,456,-455
109900068,15,4,11
109900069,0,24,-24
109900070,43,265,-222
109900071,2,18,-16
109900072,4,120,-116
109900073,101,699,-598
109900074,5,41,-36
109900075,10,19,-9
109900076,16,530,-514
109900077,19,43,-24
109900078,74,249,-175
109900080,85,289,-204
109900081,8,72,-64
109900082,23,363,-340
109900083,13,26,-13
109900084,23,99,-76
109900085,165,1110,-945
109900086,76,150,-74
109900087,226,271,-45
109900089,190,50,140
109900090,369,1100,-731
109900091,87,78,9
109900092,138,8,130
109900093,284,55,229
109900094,24,70,-46
109900095,57,203,-146
109900096,25,0,25
109900097,57,6,51
109900098,134,11,123
109900099,53,0,53
109900100,32,1,31
109900101,106,4,102
109900102,197,15,182
109900103,7,25,-18
109900104,156,1079,-923
109900105,207,26,181
109900106,70,59,11
109900107,126,39,87
109900108,32,456,-424
109900109,19,177,-158
109900110,28,391,-363
109900111,189,1099,-910
109900112,316,902,-586
109900113,370,177,193
109900114,486,238,248
109900115,83,45,38
109900117,274,75,199
109900118,163,383,-220
109900119,482,210,272
109900120,26,3,23
109900121,270,111,159
109900122,162,1,161
109900123,4,146,-142
109900124,16,755,-739
109900125,1,216,-215
109900126,48,178,-130
109900128,55,47,8
109900130,10691,910,9781
109900131,50,157,-107
109900132,25,201,-176
109900133,22,386,-364
109900134,34,27,7
109900135,393,45,348
109900136,21,117,-96
109900137,35,360,-325
109900140,83,315,-232
109900142,353,179,174
109900145,0,94,-94
109900146,225,36,189
109900148,27,57,-30
109900149,25,45,-20
109900150,0,85,-85
109900151,2,64,-62
109900152,0,9,-9
109900153,1,69,-68
109900154,2,0,2
109900155,19,9,10
109900157,27,236,-209
109900158,37,100,-63
109900159,61,33,28
109900160,60,22,38
109900161,151,40,111
109900162,61,44,17
109900163,435,204,231
109900164,40,202,-162
109900165,83,5,78
109900166,0,167,-167
109900167,85,543,-458
109900168,84,525,-441
109900169,76,128,-52
109900170,221,337,-116
109900171,60,61,-1
109900172,47,191,-144
109900173,4060,796,3264
109900174,24,131,-107
109900175,21,39,-18
109900176,47,142,-95
109900177,17,237,-220
109900178,1,89,-88
109900179,2,22,-20
109900180,0,14,-14
110000001,652,506,146
110000002,501,388,113
110000003,688,562,126
110000004,484,404,80
110000005,685,969,-284
110000006,660,341,319
110000007,55,118,-63
110000008,12,35,-23
110000009,6,59,-53
110000010,11,58,-47
110000011,19,64,-45
110000012,540,370,170
110000013,22,298,-276
110000014,667,350,317
110000015,340,407,-67
110000016,323,859,-536
110000017,3794,238,3556
110000018,3298,427,2871
110000019,15,166,-151
110000020,538,230,308
110000021,322,323,-1
110000022,429,93,336
110000023,8,181,-173
110000024,466,346,120
110000025,75,4,71
110000026,5,620,-615
110000027,439,311,128
110000028,512,487,25
110000029,407,793,-386
110000030,164,241,-77
110000031,192,531,-339
110000032,383,359,24
110000033,93,53,40
110000034,159,850,-691
110000035,219,991,-772
110000036,239,724,-485
110000037,95,649,-554
110000038,143,565,-422
110000039,453,1179,-726
110000040,252,428,-176
110000041,135,631,-496
110000042,80,305,-225
110000043,459,174,285
110000044,55,50,5
110000045,206,61,145
110000046,3,8,-5
110000047,8,7,1
110000048,4,6,-2
110000049,14,3,11
110000050,6,11,-5
110000051,10,2,8
110000052,27,22,5
110000053,37,2,35
110000054,100,181,-81
110000055,203,32,171
110000056,275,43,232
110000057,309,711,-402
110000058,630,554,76
110000059,438,509,-71
110000060,412,737,-325
110000061,854,815,39
110000062,639,681,-42
110000063,23,79,-56
110000064,66,93,-27
110000065,22,66,-44
110000066,57,36,21
110000067,38,295,-257
110000068,82,498,-416
110000069,46,100,-54
110000071,72,170,-98
110000073,1,23,-22
110000075,2,84,-82
110000076,203,106,97
110000077,493,221,272
110000078,3,43,-40
110000080,180,541,-361
110000081,17,226,-209
110000082,16,161,-145
110000083,165,437,-272
110000084,513,336,177
110000085,2967,1211,1756
110000086,1196,681,515
110000087,2,58,-56
110000088,24,191,-167
110000089,126,119,7
110000090,26,272,-246
110000091,1557,258,1299
110000092,34,80,-46
110000093,31,3,28
110000094,348,258,90
110000095,82,314,-232
110000096,3597,1588,2009
110000097,834,872,-38
110000098,1214,441,773
110000099,781,1279,-498
110000100,219,796,-577
110000101,19,560,-541
110000102,23,49,-26
110000104,77,94,-17
110000105,42,289,-247
110000106,300,242,58
110000107,307,395,-88
110000108,180,41,139
110000109,217,242,-25
110000110,4390,2265,2125
110000111,7864,1342,6522
110000112,1129,239,890
110000113,768,725,43
110000114,84,268,-184
110000115,158,262,-104
110000116,26,36,-10
110000117,140,560,-420
110000118,173,213,-40
110000119,101,316,-215
110000120,207,187,20
110000121,64,194,-130
110000122,220,454,-234
110000123,270,370,-100
110000124,1,858,-857
110000125,567,1,566
110000126,167,12,155
110000127,395,32,363
110000128,16,1409,-1393
110000129,6,728,-722
110000130,121,84,37
110000131,102,565,-463
110000132,1,743,-742
110000133,26,213,-187
110000134,25,254,-229
110000135,183,17,166
110000136,30,269,-239
110000137,231,612,-381
110000138,331,849,-518
110000139,436,1350,-914
110000140,595,304,291
110000143,650,267,383
110000144,3807,796,3011
110000145,1140,499,641
110000146,1121,520,601
110000147,210,562,-352
110000148,375,326,49
110000151,849,477,372
110000152,665,262,403
110000153,29,97,-68
110000154,5,9,-4
110000155,961,1526,-565
110000156,590,1028,-438
110000157,877,1211,-334
110000160,320,406,-86
110000161,121,377,-256
110000166,130,107,23
110000167,467,359,108
110000168,513,225,288
110000169,294,240,54
110000170,58,55,3
110000171,330,174,156
110000172,106,776,-670
110000173,995,1348,-353
110000174,35,1242,-1207
110000175,226,58,168
110000176,13,187,-174
110000177,140,594,-454
110000178,353,576,-223
110000179,1290,310,980
110000180,88,296,-208
110000181,143,332,-189
110000182,379,207,172
110000183,10890,3704,7186
110000184,452,1422,-970
110000185,456,641,-185
110000186,549,483,66
110000191,203,382,-179
110000192,134,0,134
110000193,183,1,182
110000194,6,1302,-1296
110000195,112,369,-257
110000196,153,500,-347
110000197,27,180,-153
110000198,57,65,-8
110000199,23,117,-94
110000200,1035,589,446
110000201,281,415,-134
110000202,625,264,361
110000203,440,679,-239
110000204,4,266,-262
110000205,27,58,-31
110000206,386,1461,-1075
110000207,328,242,86
110000208,59,125,-66
110000209,47,727,-680
110000210,332,513,-181
110000211,303,612,-309
110000212,217,759,-542
110000213,54,72,-18
110000214,73,156,-83
110000215,63,590,-527
110000216,27,644,-617
110000217,101,235,-134
110000218,69,447,-378
110000219,103,51,52
110000220,16,362,-346
110000221,118,80,38
110000222,39,373,-334
110000223,4,83,-79
110000224,141,10,131
110000225,140,493,-353
110000226,144,44,100
110000227,452,361,91
110000228,278,419,-141
110000229,1,225,-224
110000230,289,533,-244
110000231,97,121,-24
110000232,71,203,-132
110000233,98,230,-132
110000234,375,310,65
110000235,891,762,129
110000236,209,920,-711
110000237,947,1082,-135
110000238,678,1177,-499
110000239,911,1272,-361
110000240,2,144,-142
110000242,0,11,-11
110000243,50,133,-83
110000244,90,359,-269
110000245,41,364,-323
110000246,321,636,-315
110000247,2007,3044,-1037
110000248,2986,1154,1832
110000249,75,2,73
110000250,5,177,-172
110000251,64,416,-352
110000252,137,280,-143
110000253,846,345,501
110000254,809,1116,-307
110000255,174,1128,-954
110000256,270,140,130
110000257,630,335,295
110000258,3,461,-458
110000259,59,15,44
110000260,14,402,-388
110000263,724,63,661
110000264,128,538,-410
110000265,819,1534,-715
110000266,1602,1681,-79
110000267,16,160,-144
110000268,154,491,-337
110000269,2,94,-92
110000270,19,1,18
110000271,2024,260,1764
110000272,616,816,-200
110000273,2310,937,1373
110000274,134,745,-611
110000275,2634,367,2267
110000276,108,207,-99
110000277,84,368,-284
110000278,137,777,-640
110000279,507,654,-147
110000280,127,354,-227
110000281,7,108,-101
110000282,177,41,136
110000283,50,34,16
110000284,23,25,-2
110000285,1,107,-106
110000286,12,0,12
110000287,18,6,12
110000288,1,64,-63
110000289,318,959,-641
110000290,1286,495,791
110000291,5518,1224,4294
110000292,997,3284,-2287
110000293,246,906,-660
110000294,380,704,-324
110000295,60,717,-657
110000296,153,269,-116
110000297,2811,228,2583
110000298,411,435,-24
110000299,972,24,948
110000301,112,8,104
110000302,178,1276,-1098
110000303,250,5,245
110000304,87,256,-169
110000305,353,9,344
110000306,68,1897,-1829
110000307,469,1,468
110000308,270,6,264
110000309,6,1294,-1288
110000310,357,66,291
110000311,17,879,-862
110000312,587,24,563
110000313,4077,1499,2578
110000314,0,204,-204
110000315,2793,1270,1523
110000316,435,914,-479
110000317,389,170,219
110000318,0,82,-82
110000319,12,18,-6
110000320,23,41,-18
110000321,4,57,-53
110000322,91,485,-394
110000323,170,269,-99
110000324,4750,1074,3676
110000325,1929,1755,174
110000327,447,154,293
110000328,172,439,-267
110000333,393,362,31
110000334,433,1371,-938
110000335,954,490,464
110000336,263,1225,-962
110000337,555,492,63
110000338,99,238,-139
110000339,63,225,-162
110000340,9,187,-178
110000341,167,549,-382
110000342,344,5,339
110000343,0,7,-7
110000344,50,173,-123
110000345,117,69,48
110000346,1933,1118,815
110000347,871,672,199
110000348,5,15,-10
110000349,6,27,-21
110000350,36,9,27
110000351,366,859,-493
110000352,307,1270,-963
110000353,2876,793,2083
110000354,575,1440,-865
110000355,44,76,-32
110000356,379,4,375
110000357,163,9,154
110000361,10,104,-94
110000362,27,90,-63
110000363,129,190,-61
110000364,83,318,-235
110000365,98,4,94
110000366,0,100,-100
110000367,326,246,80
110000368,0,67,-67
110000369,26,1,25
110000373,12,329,-317
110000374,14,0,14
110000375,128,617,-489
110000376,30,103,-73
110000377,61,272,-211
110000378,10,259,-249
110000379,3358,697,2661
110000380,34,20,14
110000383,0,596,-596
110000384,2615,533,2082
110000385,1,131,-130
110000387,45,8,37
110000388,21,243,-222
110000389,275,5,270
110000391,133,419,-286
110000396,68,100,-32
110000397,49,175,-126
110000398,6,26,-20
110000399,173,2,171
110000587,34,23,11
110000589,109,163,-54
110000640,100,128,-28
110000652,5,100,-95
110000653,119,440,-321
110000654,5,21,-16
110000656,3,595,-592
110000674,21,8,13
110000675,0,6,-6
110000676,4,26,-22
110000679,639,428,211
110000682,102,86,16
110000683,320,487,-167
110000684,0,49,-49
110000685,10,8,2
110000686,2,23,-21
110000687,17,2,15
110000688,79,422,-343
110000689,18,72,-54
110000692,24,265,-241
110000693,71,223,-152
110000694,0,95,-95
110000695,79,650,-571
110000696,113,124,-11
110900001,149,8,141
110900002,683,194,489
110900003,194,1004,-810
110900004,86,228,-142
110900005,3675,888,2787
110900006,47,13,34
110900007,29,9,20
110900008,19,56,-37
110900009,200,28,172
110900010,3,45,-42
110900011,6,80,-74
110900012,3,115,-112
110900013,378,140,238
110900014,68,16,52
110900015,728,224,504
110900016,15,190,-175
110900017,137,47,90
110900018,315,54,261
110900019,44,15,29
110900020,27,417,-390
110900021,31,583,-552
110900022,59,415,-356
110900023,45,398,-353
110900024,35,433,-398
110900025,1,29,-28
110900027,25,261,-236
110900028,15,142,-127
110900029,43,377,-334
110900030,15,340,-325
110900031,0,132,-132
110900032,0,93,-93
110900033,16,286,-270
110900035,17,355,-338
110900036,29,13,16
110900037,10,14,-4
110900038,1147,198,949
110900039,6,222,-216
110900040,94,15,79
110900041,2,150,-148
110900042,32,31,1
110900043,1,153,-152
110900044,254,25,229
110900045,45,628,-583
110900046,115,324,-209
110900047,749,69,680
110900049,23,27,-4
110900050,2,0,2
110900051,29,125,-96
110900052,4,244,-240
110900053,22,35,-13
110900054,12,341,-329
110900055,6,0,6
110900056,33,67,-34
110900057,2,206,-204
110900058,63,214,-151
110900059,377,672,-295
110900060,211,70,141
110900061,24,26,-2
110900062,38,281,-243
110900063,8,97,-89
110900064,0,0,0
110900065,424,65,359
110900066,2,55,-53
110900067,504,319,185
110900068,195,229,-34
110900069,0,16,-16
110900070,121,47,74
110900071,209,219,-10
110900073,0,12,-12
110900074,157,75,82
110900075,182,59,123
110900077,220,392,-172
110900078,11,132,-121
110900079,2383,452,1931
110900080,39,49,-10
110900081,1,121,-120
110900082,31,240,-209
110900083,47,43,4
110900084,19,179,-160
110900085,15,273,-258
110900086,62,113,-51
110900087,119,74,45
110900088,9,0,9
110900090,10,14,-4
110900091,0,58,-58
110900093,132,74,58
110900095,22,35,-13
110900097,4,23,-19
110900098,25,84,-59
110900099,48,571,-523
110900100,0,14,-14
110900102,5,16,-11
110900105,396,327,69
110900108,0,115,-115
110900111,183,46,137
110900112,310,0,310
110900113,566,40,526
110900115,1,97,-96
110900116,256,2404,-2148
110900118,93,884,-791
110900119,5670,219,5451
110900120,7,104,-97
110900121,49,0,49
110900122,122,143,-21
110900125,212,200,12
110900127,506,543,-37
110900128,327,197,130
110900129,176,219,-43
110900130,907,187,720
110900131,44,52,-8
110900132,158,20,138
110900133,17,273,-256
110900135,30,374,-344
110900136,158,8,150
110900139,11,0,11
110900140,2,0,2
110900141,111,113,-2
110900142,44,238,-194
110900143,60,86,-26
110900144,3,528,-525
110900145,67,15,52
110900146,199,35,164
110900147,96,183,-87
110900148,3,256,-253
110900149,0,50,-50
110900150,4,14,-10
110900151,2,54,-52
110900152,9,391,-382
110900153,28,24,4
111000001,224,398,-174
111000002,592,678,-86
111000003,397,396,1
111000004,331,1145,-814
111000005,624,627,-3
111000006,658,1175,-517
111000007,3335,1225,2110
111000008,3053,2968,85
111000009,256,739,-483
111000010,439,247,192
111000011,373,835,-462
111000012,576,294,282
111000013,295,1437,-1142
111000014,865,621,244
111000017,91,402,-311
111000018,108,280,-172
111000020,2152,1835,317
111000021,87,115,-28
111000023,111,180,-69
111000025,6732,1711,5021
111000029,49,109,-60
111000030,23,71,-48
111000031,1810,618,1192
111000032,493,183,310
111000033,321,128,193
111000034,249,164,85
111000037,2892,1437,1455
111000038,2575,1786,789
111000039,1382,2009,-627
111000040,1256,2291,-1035
111000041,1644,1468,176
111000042,5767,2499,3268
111000043,1574,1225,349
111000044,984,544,440
111000045,1097,1219,-122
111000046,793,959,-166
111000047,1372,1704,-332
111000049,302,516,-214
111000050,1619,1700,-81
111000051,327,1057,-730
111000052,504,1267,-763
111000053,298,1004,-706
111000054,232,971,-739
111000055,1035,1982,-947
111000056,83,656,-573
111000057,50,920,-870
111000058,120,136,-16
111000059,165,295,-130
111000060,2057,933,1124
111000061,252,266,-14
111000062,509,210,299
111000063,1557,680,877
111000064,287,432,-145
111000065,614,647,-33
111000066,216,246,-30
111000067,206,618,-412
111000068,161,641,-480
111000069,1229,1770,-541
111000070,2315,1191,1124
111000071,266,663,-397
111000072,558,278,280
111000073,177,475,-298
111000074,1117,1001,116
111000075,492,576,-84
111000076,270,762,-492
111000077,578,725,-147
111000078,1364,1019,345
111000079,1190,677,513
111000080,332,655,-323
111000081,2043,2522,-479
111000082,502,655,-153
111000084,472,393,79
111000085,760,1705,-945
111000086,2859,1449,1410
111000087,722,977,-255
111000088,5689,1525,4164
111000089,413,868,-455
111000090,1082,1491,-409
111000091,548,805,-257
111000092,762,1247,-485
111000093,326,720,-394
111000094,1195,735,460
111000095,778,1477,-699
111000096,2790,4910,-2120
111000097,5267,872,4395
111000098,345,1190,-845
111000099,322,2411,-2089
111000100,203,2455,-2252
111000101,350,822,-472
111000102,67,788,-721
111000104,152,193,-41
111000107,36,673,-637
111000109,112,218,-106
111000110,550,555,-5
111000111,721,470,251
111000112,894,250,644
111000113,619,380,239
111000114,1196,1040,156
111000115,7469,758,6711
111000116,757,595,162
111000117,547,641,-94
111000118,1495,935,560
111000119,754,1683,-929
111000120,277,558,-281
111000121,200,536,-336
111000122,338,897,-559
111000123,542,3055,-2513
111000124,280,3853,-3573
111000125,149,2177,-2028
111000126,84,1044,-960
111000127,395,200,195
111000128,569,267,302
111000129,985,426,559
111000130,693,516,177
111000131,546,628,-82
111000132,445,313,132
111000133,66,141,-75
111000134,87,148,-61
111000135,21,138,-117
111000136,181,216,-35
111000138,7,12,-5
111000140,1,1,0
111000141,176,262,-86
111000142,27,152,-125
111000143,2,110,-108
111000144,15,125,-110
111000145,301,10,291
111000146,28,4,24
111000147,350,22,328
111000148,88,90,-2
111000149,3,27,-24
111000150,3,7,-4
111000151,1,22,-21
111000153,519,451,68
111000154,699,181,518
111000155,79,149,-70
111000156,362,296,66
111000157,132,391,-259
111000158,771,482,289
111000159,2617,560,2057
111000160,196,417,-221
111000161,7,249,-242
111000162,0,158,-158
111000163,288,756,-468
111000164,720,1769,-1049
111000165,1298,447,851
111000166,1143,261,882
111000167,173,469,-296
111000168,267,387,-120
111000169,304,473,-169
111000170,442,420,22
111000171,346,1012,-666
111000172,52,712,-660
111000173,102,1616,-1514
111000174,77,553,-476
111000175,19,230,-211
111000176,97,208,-111
111000177,94,292,-198
111000178,373,396,-23
111000179,64,230,-166
111000180,111,266,-155
111000181,338,241,97
111000182,88,179,-91
111000183,179,240,-61
111000184,281,187,94
111000185,320,526,-206
111000186,155,346,-191
111000187,80,294,-214
111000188,110,514,-404
111000189,1573,567,1006
111000190,154,545,-391
111000191,102,412,-310
111000192,138,708,-570
111000193,371,360,11
111000194,38,411,-373
111000195,88,504,-416
111000196,32,332,-300
111000197,129,236,-107
111000198,211,133,78
111000199,43,158,-115
111000200,63,298,-235
111000201,192,227,-35
111000202,155,150,5
111000203,141,184,-43
111000204,231,311,-80
111000213,131,346,-215
111000214,913,1560,-647
111000215,653,1416,-763
111000217,651,959,-308
111000218,674,889,-215
111000219,369,208,161
111000220,2616,432,2184
111000221,663,109,554
111000224,96,360,-264
111000225,207,143,64
111000226,118,1,117
111000227,26,6,20
111000228,7,139,-132
111000229,17,266,-249
111000230,149,393,-244
111000231,303,1424,-1121
111000232,169,825,-656
111000233,215,763,-548
111000234,28,145,-117
111000239,184,187,-3
111000240,12,42,-30
111000241,29,444,-415
111000242,51,23,28
111000243,55,809,-754
111000244,90,79,11
111000245,261,567,-306
111000246,158,631,-473
111000247,100,1196,-1096
111000248,221,379,-158
111000249,319,941,-622
111000250,21,131,-110
111000251,20,95,-75
111000253,13,2,11
111000255,16,2,14
111000257,24,18,6
111000260,44,1151,-1107
111000261,282,68,214
111000271,29,359,-330
111000273,5970,1488,4482
111000274,853,1475,-622
111000275,98,103,-5
111000276,234,2235,-2001
111000277,91,462,-371
111000278,422,253,169
111000291,455,2027,-1572
111000298,195,268,-73
111000299,428,67,361
111000300,56,588,-532
111000302,171,54,117
111000303,47,271,-224
111000312,47,52,-5
111000315,32,364,-332
111000320,235,569,-334
111000321,179,50,129
111000322,122,580,-458
111000323,94,15,79
111000324,265,282,-17
111000325,34,63,-29
111000326,51,379,-328
111000327,253,678,-425
111000328,132,383,-251
111000329,2,12,-10
111000330,29,8,21
111000331,12,3,9
111000332,370,1501,-1131
111000334,395,1652,-1257
111000335,235,154,81
111000337,299,315,-16
111000338,9,122,-113
111000339,104,637,-533
111000340,74,881,-807
111000341,528,219,309
111000342,60,251,-191
111000344,420,642,-222
111000345,393,38,355
111000346,42,85,-43
111000347,25,4,21
111000350,138,152,-14
111000351,58,227,-169
111000352,67,116,-49
111000353,38,216,-178
111000354,169,153,16
111000355,223,618,-395
111000358,55,1700,-1645
111000360,62,1105,-1043
111000361,74,444,-370
111000546,192,648,-456
111000547,137,717,-580
111000548,40,137,-97
111000549,103,364,-261
111000550,62,338,-276
111000551,589,109,480
111000552,615,85,530
111000907,125,4,121
111000908,17,0,17
111000916,532,192,340
111000917,17,326,-309
111000918,69,1104,-1035
111000920,186,7,179
111000921,6,435,-429
111000922,148,239,-91
111000924,14,965,-951
111000925,1215,1578,-363
111000926,868,2545,-1677
111000927,2769,2900,-131
111000928,5792,3390,2402
111000929,526,832,-306
111000930,490,2179,-1689
111000931,1066,1279,-213
111000932,3108,2033,1075
111000933,2443,1409,1034
111000934,2040,2563,-523
111000935,661,939,-278
111000936,669,2198,-1529
111000937,563,975,-412
111000938,1435,2519,-1084
111000939,171,90,81
111000940,223,237,-14
111000941,98,588,-490
111000943,124,250,-126
111000944,62,627,-565
111000945,51,2110,-2059
111001109,208,125,83
111001110,179,705,-526
111001111,10,3,7
111001112,60,3,57
111001113,29,75,-46
111001114,1047,53,994
111001115,151,262,-111
111001116,5476,1276,4200
111001117,592,587,5
111001120,95,305,-210
111001121,133,389,-256
111001122,143,694,-551
111001123,76,149,-73
111001124,32,411,-379
111001125,1,17,-16
111001126,0,0,0
111001127,0,42,-42
111900001,2,231,-229
111900002,5,565,-560
111900003,1,323,-322
111900004,6,141,-135
111900006,3,13,-10
111900007,37,7,30
111900008,31,0,31
111900009,21,0,21
111900010,238,490,-252
111900012,93,81,12
111900013,6,51,-45
111900014,7232,1173,6059
111900015,2,62,-60
111900016,1,206,-205
111900017,1,145,-144
111900018,34,2,32
111900019,0,46,-46
111900020,3,34,-31
111900021,15,64,-49
111900022,6,63,-57
111900023,109,68,41
111900024,3,76,-73
111900025,0,39,-39
111900026,0,97,-97
111900027,1,232,-231
111900028,1,515,-514
111900029,0,104,-104
111900030,55,355,-300
111900031,2,15,-13
111900032,3,418,-415
111900033,5,140,-135
111900034,141,587,-446
111900035,1,174,-173
111900036,1,319,-318
111900038,365,528,-163
111900039,33,324,-291
111900040,0,784,-784
111900042,33,64,-31
111900043,10,474,-464
111900044,249,227,22
111900046,58,206,-148
111900048,46,989,-943
111900049,21,287,-266
111900050,38,3,35
111900051,2,337,-335
111900052,370,503,-133
111900053,1471,198,1273
111900054,28,3,25
111900055,10,625,-615
111900056,127,71,56
111900057,28,61,-33
111900058,82,814,-732
111900059,2183,220,1963
111900060,135,2,133
111900061,10,268,-258
111900062,12,37,-25
111900063,157,167,-10
111900064,103,219,-116
111900065,30,8,22
111900066,75,97,-22
111900067,2,303,-301
111900068,12,7,5
111900069,37,10,27
111900070,51,132,-81
111900071,1,202,-201
111900072,14,7,7
111900073,163,32,131
111900074,3,133,-130
111900075,13,2,11
111900076,43,11,32
111900077,4,1,3
111900078,65,2,63
111900079,16,11,5
111900080,188,75,113
111900082,31,8,23
111900083,21,4,17
111900084,24,2,22
111900085,21,24,-3
111900086,12,3,9
111900087,8,0,8
111900088,110,0,110
111900089,18,0,18
111900090,56,23,33
111900091,48,4,44
111900092,12,1,11
111900093,76,1,75
111900094,20,0,20
111900095,77,5,72
111900096,74,0,74
111900097,8,0,8
111900098,39,0,39
111900099,5,0,5
111900100,17,1,16
111900101,30,7,23
111900102,92,664,-572
111900103,48,34,14
111900104,62,53,9
111900105,123,89,34
111900106,1146,31,1115
111900110,3115,200,2915
111900111,21,199,-178
111900112,592,655,-63
111900113,363,72,291
111900118,129,19,110
111900119,127,32,95
111900122,43,25,18
111900123,6,14,-8
111900124,11,93,-82
111900125,151,8,143
111900126,74,0,74
111900127,3,728,-725
111900128,2,706,-704
111900129,76,3,73
111900130,45,6,39
111900131,101,1,100
111900132,23,1280,-1257
111900133,7,274,-267
111900134,25,296,-271
111900135,3,4,-1
111900136,37,81,-44
111900137,76,34,42
111900138,4,62,-58
111900139,15,140,-125
111900140,24,16,8
111900141,22,6,16
111900142,26,8,18
111900143,10,400,-390
111900144,2,102,-100
111900145,6,759,-753
111900146,1,404,-403
111900147,132,537,-405
111900148,33,971,-938
111900149,4,413,-409
111900150,22,176,-154
111900151,1,26,-25
111900152,101,29,72
111900153,1793,178,1615
111900154,7,96,-89
111900155,35,13,22
111900156,9,22,-13
111900157,21,8,13
111900158,122,11,111
111900159,89,12,77
111900160,53,0,53
111900161,25,2,23
111900162,114,89,25
111900163,45,210,-165
111900164,66,26,40
111901113,105,168,-63
111901114,33,369,-336
111901115,16,0,16
111901116,6,1,5
111901117,7,5,2
111901118,103,34,69
111901119,1293,58,1235
111901121,237,310,-73
111901122,5,691,-686
111901123,42,472,-430
111901124,66,2,64
111901125,103,160,-57
111901127,821,89,732
111901128,11,98,-87
111901129,6,123,-117
111901130,3,247,-244
111901131,1,248,-247
111901132,21,3,18
111901133,24,2,22
111901134,25,2,23
111901135,9,1,8
111901136,0,6,-6
111901138,44,31,13
111901139,12,41,-29
111901140,6,143,-137
111901141,8,276,-268
111901142,4,156,-152
111901143,2,110,-108
111901144,40,23,17
111901145,312,116,196
111901146,155,6,149
111901147,867,71,796
111901148,10,20,-10
111901149,0,2,-2
111901150,6,0,6
112000001,1019,628,391
112000002,658,2281,-1623
112000003,406,660,-254
112000004,411,1469,-1058
112000005,1272,1028,244
112000006,1113,1799,-686
112000007,1093,937,156
112000008,1989,2719,-730
112000009,4170,3469,701
112000010,1578,2139,-561
112000011,1718,2419,-701
112000012,4934,1679,3255
112000013,5706,2896,2810
112000014,1913,697,1216
112000015,2305,2215,90
112000016,2464,689,1775
112000017,1047,1128,-81
112000024,1769,524,1245
112000026,4468,4982,-514
112000027,688,332,356
112000028,1759,1536,223
112000029,207,412,-205
112000030,190,89,101
112000031,1100,1866,-766
112000032,437,41,396
112000033,1602,777,825
112000034,191,29,162
112000035,66,167,-101
112000036,705,482,223
112000037,564,798,-234
112000038,567,867,-300
112000039,23,92,-69
112000040,128,314,-186
112000041,501,509,-8
112000042,801,212,589
112000050,628,1060,-432
112000051,456,528,-72
112000054,1508,2565,-1057
112000057,450,293,157
112000058,283,397,-114
112000059,799,415,384
112000061,6167,1351,4816
112000062,2626,379,2247
112000063,1862,562,1300
112000064,5244,5503,-259
112000065,2778,2643,135
112000066,2817,773,2044
112000067,730,623,107
112000068,1616,984,632
112000069,719,2085,-1366
112000070,1201,447,754
112000071,501,2853,-2352
112000072,601,678,-77
112000073,1048,1550,-502
112000074,724,661,63
112000075,730,814,-84
112000076,2732,2561,171
112000077,258,659,-401
112000078,680,655,25
112000079,866,1193,-327
112000080,314,955,-641
112000081,939,1779,-840
112000082,801,539,262
112000083,426,1499,-1073
112000084,639,678,-39
112000085,693,1409,-716
112000086,916,1515,-599
112000087,151,459,-308
112000088,210,752,-542
112000089,122,290,-168
112000090,93,417,-324
112000091,598,1247,-649
112000092,745,567,178
112000093,1217,1055,162
112000094,295,716,-421
112000095,379,691,-312
112000096,408,1009,-601
112000097,421,345,76
112000098,521,1555,-1034
112000099,379,453,-74
112000100,793,763,30
112000101,275,834,-559
112000102,344,466,-122
112000103,181,1215,-1034
112000105,410,2355,-1945
112000106,616,393,223
112000107,39,131,-92
112000108,185,1830,-1645
112000109,71,105,-34
112000110,827,427,400
112000111,1124,3868,-2744
112000112,1847,383,1464
112000113,776,2118,-1342
112000114,1061,686,375
112000115,127,578,-451
112000116,133,912,-779
112000117,368,574,-206
112000118,656,846,-190
112000119,310,979,-669
112000120,117,337,-220
112000121,53,759,-706
112000122,128,133,-5
112000123,272,113,159
112000124,147,58,89
112000125,91,91,0
112000126,100,788,-688
112000127,2239,958,1281
112000128,1164,469,695
112000129,79,119,-40
112000130,43,29,14
112000131,12,392,-380
112000132,32,331,-299
112000133,106,264,-158
112000134,246,408,-162
112000135,482,575,-93
112000136,609,1142,-533
112000137,746,1095,-349
112000138,991,1289,-298
112000139,771,216,555
112000140,1128,975,153
112000141,258,166,92
112000142,119,898,-779
112000143,447,174,273
112000144,178,1805,-1627
112000145,1115,636,479
112000146,524,2354,-1830
112000147,986,1205,-219
112000148,1412,2238,-826
112000149,121,799,-678
112000150,114,630,-516
112000151,297,584,-287
112000152,181,382,-201
112000153,208,306,-98
112000154,112,95,17
112000155,98,43,55
112000157,562,412,150
112000158,134,562,-428
112000159,159,201,-42
112000167,98,42,56
112000169,252,277,-25
112000173,301,173,128
112000175,194,338,-144
112000176,5373,1621,3752
112000177,175,58,117
112000178,38,620,-582
112000179,84,156,-72
112000180,290,407,-117
112000181,964,1777,-813
112000182,335,1965,-1630
112000183,22,53,-31
112000184,119,553,-434
112000185,134,616,-482
112000187,2116,2049,67
112000195,58,4,54
112000196,60,0,60
112000197,39,88,-49
112000198,24,381,-357
112000199,660,823,-163
112000202,113,3,110
112000216,43,182,-139
112000230,19,2,17
112000231,2,412,-410
112000256,16,99,-83
112000313,100,193,-93
112000314,12,16,-4
112000337,118,476,-358
112000352,269,135,134
112000392,1920,1011,909
112000398,544,639,-95
112000399,2067,1168,899
112000400,1450,4049,-2599
112000401,2379,3183,-804
112000402,1031,1650,-619
112000403,1537,1368,169
112000404,239,455,-216
112000405,975,1901,-926
112000406,3097,3294,-197
112000407,3081,4352,-1271
112000408,7349,6349,1000
112000409,1523,5138,-3615
112000410,174,89,85
112000411,4625,489,4136
112000412,851,243,608
112000413,8956,1430,7526
112000414,52,92,-40
112000415,85,39,46
112000416,1187,1080,107
112000417,107,85,22
112000421,23,145,-122
112000422,219,477,-258
112000424,2284,1225,1059
112000425,251,1286,-1035
112000426,100,366,-266
112000427,0,15,-15
112000428,76,409,-333
112000429,1634,2816,-1182
112000430,1424,2950,-1526
112000431,40,116,-76
112000432,385,2255,-1870
112000433,551,516,35
112000437,14,407,-393
112900001,20,0,20
112900002,96,1353,-1257
112900003,15,352,-337
112900004,25,401,-376
112900005,82,254,-172
112900006,6,396,-390
112900007,6,214,-208
112900008,27,10,17
112900009,242,80,162
112900010,107,759,-652
112900011,336,263,73
112900012,0,29,-29
112900013,1,152,-151
112900014,0,328,-328
112900015,291,831,-540
112900016,2,239,-237
112900017,31,181,-150
112900018,1,407,-406
112900019,71,157,-86
112900020,422,1316,-894
112900021,1,364,-363
112900022,20,67,-47
112900023,2,366,-364
112900024,11,173,-162
112900025,55,172,-117
112900026,4,256,-252
112900027,6,1358,-1352
112900028,22,112,-90
112900029,5,683,-678
112900030,326,138,188
112900031,2,544,-542
112900032,69,188,-119
112900034,1,55,-54
112900035,5,532,-527
112900036,18,113,-95
112900037,111,79,32
112900038,169,91,78
112900039,10,343,-333
112900040,2,262,-260
112900041,1305,509,796
112900042,36,443,-407
112900043,12,41,-29
112900044,418,293,125
112900045,577,282,295
112900046,161,42,119
112900047,13,16,-3
112900049,51,69,-18
112900050,44,626,-582
112900051,239,602,-363
112900052,9,1058,-1049
112900053,357,75,282
112900054,262,14,248
112900055,112,13,99
112900056,133,107,26
112900057,10,722,-712
112900058,203,68,135
112900059,50,81,-31
112900060,9,218,-209
112900061,80,132,-52
112900062,20,109,-89
112900063,70,3,67
112900064,146,101,45
112900065,27,15,12
112900066,60,53,7
112900067,562,94,468
112900068,16,6,10
112900069,2399,257,2142
112900071,22,0,22
112900072,145,451,-306
112900073,104,19,85
112900074,25,59,-34
112900075,2263,263,2000
112900076,45,7,38
112900078,88,168,-80
112900079,68,8,60
112900080,11,0,11
112900081,38,68,-30
112900082,133,6,127
112900083,23,32,-9
112900084,107,28,79
112900086,6,0,6
112900087,227,18,209
112900088,20,3,17
112900089,288,6,282
112900090,7,6,1
112900091,32,0,32
112900092,79,104,-25
112900093,365,11,354
112900095,7,0,7
112900096,158,30,128
112900097,25,319,-294
112900098,12,0,12
112900099,213,2,211
112900100,11,4,7
112900101,81,1,80
112900102,32,2,30
112900103,105,3,102
112900104,31,0,31
112900105,4,0,4
112900106,190,38,152
112900107,0,2,-2
112900108,97,0,97
112900109,30,0,30
112900110,301,23,278
112900111,190,1,189
112900112,108,1,107
112900113,0,26,-26
112900114,19,17,2
112900115,241,1,240
112900116,27,53,-26
112900117,104,109,-5
112900118,27,61,-34
112900119,79,2,77
112900120,681,186,495
112900121,226,150,76
112900122,9,156,-147
112900123,121,8,113
112900124,7,130,-123
112900125,31,165,-134
112900126,131,241,-110
112900127,149,33,116
112900128,422,656,-234
112900129,2,860,-858
112900130,98,49,49
112900131,31,233,-202
112900132,34,333,-299
112900133,19,1192,-1173
112900134,1,235,-234
112900135,19,18,1
112900137,0,800,-800
112900138,9,471,-462
112900139,172,1046,-874
112900141,187,13,174
112900142,54,56,-2
112900143,54,611,-557
112900144,2,395,-393
112900145,40,414,-374
112900146,11,1600,-1589
112900147,3,2394,-2391
112900148,20,1,19
112900149,121,405,-284
112900151,17,33,-16
112900152,4637,925,3712
112900153,1441,605,836
112900154,0,83,-83
112900155,41,9,32
112900156,65,1702,-1637
112900157,83,283,-200
112900158,6,12,-6
112900159,149,30,119
112900160,25,197,-172
112900161,36,10,26
112900162,29,7,22
112900163,126,20,106
112900164,29,62,-33
112900165,69,16,53
112900166,9,29,-20
112900167,6,15,-9
112900168,0,0,0
112900169,6,4,2
112900170,20,84,-64
112900172,81,5,76
112900173,195,76,119
112900174,118,25,93
112900175,89,45,44
112900176,1,9,-8
112900177,94,16,78
112900178,413,611,-198
112900179,20,534,-514
112900180,493,1969,-1476
112900181,146,16,130
112900182,23,1617,-1594
112900183,70,157,-87
112900184,254,219,35
112900185,156,273,-117
112900186,1411,437,974
112900187,32,170,-138
112900188,554,206,348
112900189,4,23,-19
112900190,1,34,-33
112900192,301,132,169
112900193,849,162,687
112900194,16,91,-75
112900195,295,22,273
112900196,147,397,-250
112900197,90,349,-259
112900199,135,561,-426
112900200,151,216,-65
112900201,35,61,-26
112900202,119,916,-797
112900203,62,262,-200
112900204,647,205,442
112900205,2,1,1
112900206,7,51,-44
112900207,0,0,0
112900208,32,52,-20
112900209,299,318,-19
112900210,0,6,-6
112900211,19,15,4
112900212,1,46,-45
112900213,16,1,15
112900214,11,4,7
112900215,2,215,-213
112900216,30,45,-15
112900217,0,88,-88
112900218,11,18,-7
112900219,14,8,6
112900220,4,1,3
112900221,2,102,-100
112900222,0,12,-12
112900223,260,2,258
112900224,93,618,-525
112900225,222,514,-292
112900226,157,154,3
112900227,140,1686,-1546
112900228,20,21,-1
112900229,37,78,-41
112900230,6817,1846,4971
112900232,115,88,27
112900233,46,157,-111
112900234,2,87,-85
112900235,24,4,20
112900236,51,15,36
112900237,48,369,-321
112900238,0,39,-39
112900239,325,237,88
112900240,3,154,-151
112900241,4,186,-182
112900242,4,234,-230
112900243,4,166,-162
112900244,21,154,-133
112900245,1,42,-41
112900246,0,17,-17
112900247,83,13,70
112900248,17,2,15
112900249,18,11,7
112900250,20,16,4
112900251,17,16,1
112900252,22,20,2
112900253,5,8,-3
112900254,6,6,0
112900255,0,14,-14
112900256,5,11,-6
112900257,4,12,-8
112900258,6,18,-12
113000001,4262,4342,-80
113000002,3656,3074,582
113000003,1748,1557,191
113000004,2054,1994,60
113000005,1145,998,147
113000006,943,1200,-257
113000007,1151,1168,-17
113000008,1306,1736,-430
113000009,534,814,-280
113000010,584,1510,-926
113000011,427,1544,-1117
113000012,725,544,181
113000013,844,332,512
113000014,1813,1311,502
113000015,592,191,401
113000016,231,231,0
113000017,13,194,-181
113000018,165,31,134
113000019,33,191,-158
113000020,53,23,30
113000021,597,571,26
113000022,291,1172,-881
113000025,67,207,-140
113000026,175,300,-125
113000027,521,271,250
113000028,728,265,463
113000029,800,601,199
113000030,516,499,17
113000031,394,195,199
113000032,274,138,136
113000033,328,315,13
113000034,500,241,259
113000035,12,22,-10
113000036,18,31,-13
113000037,45,11,34
113000038,13,51,-38
113000039,55,516,-461
113000040,66,83,-17
113000042,854,591,263
113000051,535,1474,-939
113000052,2287,1059,1228
113000053,185,668,-483
113000054,154,791,-637
113000055,629,964,-335
113000056,460,1753,-1293
113000058,649,972,-323
113000059,1214,662,552
113000060,51,658,-607
113000061,901,873,28
113000062,1157,129,1028
113000063,65,204,-139
113000064,16,427,-411
113000065,132,1260,-1128
113000066,333,91,242
113000067,834,920,-86
113000068,301,1994,-1693
113000069,332,1532,-1200
113000070,715,675,40
113000071,240,688,-448
113000072,208,302,-94
113000073,376,1500,-1124
113000074,810,286,524
113000075,2035,367,1668
113000076,1178,1510,-332
113000077,1495,351,1144
113000078,1106,1291,-185
113000079,765,575,190
113000080,765,451,314
113000081,832,693,139
113000082,928,648,280
113000083,484,590,-106
113000084,1350,1020,330
113000085,801,470,331
113000086,1032,971,61
113000087,1267,732,535
113000088,1941,1017,924
113000089,1011,1213,-202
113000090,249,259,-10
113000091,723,189,534
113000094,568,131,437
113000095,177,958,-781
113000096,134,807,-673
113000097,473,227,246
113000098,45,27,18
113000099,860,215,645
113000100,150,307,-157
113000101,322,465,-143
113000102,392,264,128
113000103,2461,546,1915
113000104,343,2098,-1755
113000105,366,457,-91
113000106,283,602,-319
113000107,426,802,-376
113000108,821,1801,-980
113000109,506,2599,-2093
113000110,1210,352,858
113000111,175,505,-330
113000112,330,371,-41
113000113,1971,375,1596
113000114,447,984,-537
113000116,520,254,266
113000117,650,143,507
113000118,121,231,-110
113000119,211,297,-86
113000120,40,201,-161
113000121,272,724,-452
113000124,104,128,-24
113000125,34,513,-479
113000127,2975,430,2545
113000128,312,342,-30
113000129,442,830,-388
113000133,3649,644,3005
113000134,23,461,-438
113000135,2723,2000,723
113000137,2309,1195,1114
113000139,286,139,147
113000140,161,216,-55
113000141,291,69,222
113000142,599,572,27
113000143,314,151,163
113000144,345,481,-136
113000145,47,139,-92
113000146,81,53,28
113000147,95,120,-25
113000148,75,135,-60
113000149,58,145,-87
113000150,427,299,128
113000151,78,33,45
113000152,26,150,-124
113000153,1616,376,1240
113000154,578,872,-294
113000155,225,243,-18
113000156,118,291,-173
113000157,227,632,-405
113000158,417,171,246
113000159,651,431,220
113000160,465,978,-513
113000161,154,560,-406
113000162,451,327,124
113000163,45,33,12
113000164,29,83,-54
113000166,85,58,27
113000167,13,202,-189
113000168,51,245,-194
113000169,110,30,80
113000170,66,35,31
113000171,93,97,-4
113000172,187,75,112
113000173,42,9,33
113000174,151,521,-370
113000175,355,117,238
113000176,437,154,283
113000177,164,397,-233
113000178,162,377,-215
113000179,230,115,115
113000180,398,1238,-840
113000181,732,1025,-293
113000182,132,235,-103
113000183,165,564,-399
113000184,11,84,-73
113000189,460,507,-47
113000190,1384,371,1013
113000192,2647,1025,1622
113000193,4426,774,3652
113000194,1953,921,1032
113000195,2368,460,1908
113000196,67,83,-16
113000197,1008,704,304
113000198,35,230,-195
113000199,476,317,159
113000201,287,181,106
113000202,2817,1405,1412
113000203,442,108,334
113000204,1670,959,711
113000205,22,20,2
113000206,8,38,-30
113000207,26,13,13
113000208,50,34,16
113000209,11,14,-3
113000210,11,39,-28
113000211,355,131,224
113000212,249,34,215
113000213,16,120,-104
113000214,85,230,-145
113000234,108,1214,-1106
113000410,71,96,-25
113000411,2339,3949,-1610
113000412,12200,1689,10511
113000413,4267,1568,2699
113000414,12066,6333,5733
113000415,2656,1893,763
113000416,8784,2621,6163
113000417,3554,2053,1501
113000418,3034,2223,811
113000419,1801,1376,425
113000420,3757,2351,1406
113000421,4244,3603,641
113000422,16393,5945,10448
113000423,2421,2511,-90
113000424,4655,5639,-984
113000425,11,76,-65
113000428,64,13,51
113000430,34,8,26
113000432,819,91,728
113000433,121,939,-818
113000434,12,351,-339
113000435,11,868,-857
113000436,44,1320,-1276
113000437,221,22,199
113000438,72,19,53
113000439,6,199,-193
113000440,35,13,22
113000441,107,277,-170
113000442,96,285,-189
113000443,79,293,-214
113000444,73,335,-262
113000445,52,122,-70
113000446,16,112,-96
113000448,174,107,67
113000449,228,793,-565
113000450,509,1733,-1224
113000451,1572,98,1474
113000452,461,316,145
113000453,150,207,-57
113000454,712,35,677
113000455,60,102,-42
113000456,2896,1437,1459
113000468,2571,220,2351
113000469,215,56,159
113000470,368,50,318
113000471,8,341,-333
113000472,82,211,-129
113000474,278,584,-306
113000475,1138,1867,-729
113000476,705,1839,-1134
113000477,1546,1942,-396
113000478,2686,5885,-3199
113000479,29,324,-295
113000484,0,0,0
113000485,0,0,0
113000486,0,0,0
113000487,0,0,0
113000488,0,0,0
113000489,0,0,0
113000490,0,0,0
113000491,0,0,0
113000492,0,0,0
113000493,0,0,0
113000495,160,250,-90
113000496,78,65,13
113900001,1,54,-53
113900002,0,74,-74
113900003,0,71,-71
113900004,1,23,-22
113900005,0,14,-14
113900006,0,22,-22
113900007,37,1,36
113900008,40,0,40
113900009,216,0,216
113900010,92,1,91
113900011,20,0,20
113900012,1,0,1
113900013,504,3,501
113900014,1181,3,1178
113900015,0,53,-53
113900016,17,0,17
113900017,2,37,-35
113900018,427,62,365
113900019,45,56,-11
113900020,42,1,41
113900022,3,0,3
113900023,2,0,2
113900024,26,58,-32
113900025,273,5,268
113900026,32,0,32
113900027,4,63,-59
113900028,13,385,-372
113900029,27,294,-267
113900030,55,3,52
113900031,3,0,3
113900032,3,0,3
113900033,79,72,7
113900035,19,0,19
113900036,5,103,-98
113900037,20,561,-541
113900038,115,36,79
113900039,55,4,51
113900040,1,8,-7
113900041,3,0,3
113900042,29,33,-4
113900043,125,91,34
113900044,149,38,111
113900045,18,3,15
113900046,269,607,-338
113900047,22,99,-77
113900048,362,25,337
113900049,732,128,604
113900050,112,302,-190
113900051,163,302,-139
113900052,187,108,79
113900053,282,90,192
113900054,6,2,4
113900055,78,401,-323
113900056,59,126,-67
113900057,9,98,-89
113900058,27,207,-180
113900059,89,296,-207
113900060,86,219,-133
113900061,737,46,691
113900062,74,11,63
113900063,78,77,1
113900064,31,123,-92
113900065,964,10,954
113900066,148,396,-248
113900067,44,353,-309
113900068,293,308,-15
113900069,133,19,114
113900070,184,369,-185
113900071,30,41,-11
113900072,40,167,-127
113900073,78,342,-264
113900074,14,507,-493
113900075,749,1128,-379
113900076,156,12,144
113900077,22,231,-209
113900078,41,34,7
113900079,2,53,-51
113900080,249,153,96
113900081,26,166,-140
113900082,113,206,-93
113900083,69,680,-611
113900084,153,67,86
113900085,28,304,-276
113900086,12,10,2
113900087,22,185,-163
113900088,27,63,-36
113900089,288,26,262
113900090,288,179,109
113900091,19,25,-6
113900092,57,56,1
113900093,58,435,-377
113900094,103,393,-290
113900095,58,83,-25
113900096,135,34,101
113900097,3,128,-125
113900098,263,64,199
113900099,0,57,-57
113900100,0,4,-4
113900101,22,45,-23
113900102,87,81,6
113900103,170,182,-12
113900104,87,130,-43
113900105,18,401,-383
113900106,1,75,-74
113900107,0,13,-13
113900108,179,118,61
113900109,302,73,229
113900110,16,14,2
113900111,36,69,-33
113900112,32,71,-39
113900113,363,232,131
113900114,0,134,-134
113900115,0,62,-62
113900116,57,85,-28
113900117,68,12,56
113900118,105,148,-43
113900119,245,250,-5
113900120,35,51,-16
113900121,38,49,-11
113900122,204,1607,-1403
113900123,226,155,71
113900124,0,37,-37
113900125,1283,126,1157
113900126,156,31,125
113900127,151,358,-207
113900128,85,31,54
113900129,10,57,-47
113900130,0,7,-7
113900131,62,44,18
113900132,25,24,1
113900133,14,22,-8
113900135,142,363,-221
113900136,56,78,-22
113900137,188,169,19
113900138,27,169,-142
113900139,473,93,380
113900140,345,162,183
113900141,167,449,-282
113900142,51,86,-35
113900143,9,16,-7
113900144,208,108,100
113900145,119,196,-77
113900146,31,51,-20
113900148,128,160,-32
113900149,84,30,54
113900150,1123,428,695
113900151,129,200,-71
113900152,8,57,-49
113900153,400,286,114
113900154,3,90,-87
113900155,246,49,197
113900156,151,481,-330
113900157,50,249,-199
113900158,235,75,160
113900159,8,211,-203
113900160,328,613,-285
113900161,28,189,-161
113900162,415,283,132
113900163,213,191,22
113900164,153,39,114
113900165,450,486,-36
113900166,221,56,165
113900167,240,19,221
113900168,123,115,8
113900169,114,352,-238
113900171,52,51,1
113900172,4,213,-209
113900173,40,565,-525
113900174,277,605,-328
113900175,188,67,121
113900176,143,669,-526
113900177,183,142,41
113900178,131,103,28
113900179,15,656,-641
113900180,119,85,34
113900181,363,107,256
113900182,350,874,-524
113900183,37,55,-18
113900184,46,593,-547
113900185,141,52,89
113900186,13,30,-17
113900187,25,166,-141
113900188,41,124,-83
113900189,165,66,99
113900190,277,68,209
113900191,52,141,-89
113900192,2,161,-159
113900193,10,247,-237
113900194,1690,803,887
113900195,322,373,-51
113900196,1,123,-122
113900197,3,276,-273
113900198,14,141,-127
113900199,151,500,-349
113900200,5,211,-206
113900201,2,229,-227
113900202,44,210,-166
113900203,1,199,-198
113900204,36,573,-537
113900205,14,84,-70
113900206,7,113,-106
113900207,0,63,-63
113900208,0,57,-57
113900209,0,100,-100
113900210,364,436,-72
113900211,159,21,138
113900212,111,538,-427
113900214,386,274,112
113900215,24,76,-52
113900216,27,1188,-1161
113900217,16,279,-263
113900218,56,32,24
113900219,87,494,-407
113900220,68,40,28
113900221,244,87,157
113900222,343,238,105
113900223,37,1021,-984
113900224,115,56,59
113900225,652,184,468
113900226,221,88,133
113900227,369,124,245
113900228,328,265,63
113900229,27,413,-386
113900230,4094,1092,3002
113900231,69,144,-75
113900232,36,95,-59
113900233,26,59,-33
113900234,113,319,-206
113900235,49,22,27
113900236,35,351,-316
113900237,61,9,52
113900238,139,253,-114
113900239,48,37,11
113900240,2,55,-53
113900241,67,30,37
113900242,45,122,-77
113900243,96,361,-265
113900244,443,123,320
113900245,1117,208,909
113900246,8,3,5
113900247,103,137,-34
113900248,3319,637,2682
113900249,1224,189,1035
113900250,21,182,-161
113900251,348,182,166
113900252,278,11,267
113900253,376,27,349
113900254,329,73,256
113900255,255,16,239
113900256,400,14,386
113900257,36,790,-754
113900258,7,521,-514
113900259,226,223,3
113900260,75,9,66
113900261,15,159,-144
113900262,89,723,-634
113900263,58,379,-321
113900264,2,515,-513
113900265,141,206,-65
113900266,27,219,-192
113900267,94,396,-302
113900268,146,189,-43
113900269,38,97,-59
113900270,205,291,-86
113900271,402,1290,-888
113900273,6,11,-5
113900274,18,6,12
113900275,19,28,-9
113900276,0,234,-234
113900277,37,2,35
113900278,210,151,59
113900279,99,64,35
113900280,1063,560,503
113900281,240,796,-556
113900282,738,309,429
113900283,225,282,-57
113900284,704,106,598
113900285,106,30,76
113900286,5,120,-115
113900287,10,33,-23
113900288,1,66,-65
113900289,1430,54,1376
113900290,400,68,332
113900291,168,173,-5
113900292,1,5,-4
113900293,3,165,-162
113900294,206,9,197
113900295,358,186,172
113900296,2486,306,2180
113900297,401,10,391
113900298,6,1301,-1295
113900299,8,120,-112
113900300,5450,1862,3588
113900301,660,286,374
113900302,2295,519,1776
113900303,557,124,433
113900304,1,150,-149
113900305,41,0,41
113900306,6,0,6
113900307,15,0,15
113900308,82,79,3
113900309,3,828,-825
113900310,0,9,-9
113900311,5,0,5
113900312,81,76,5
113900313,9,1,8
113900314,0,16,-16
113900315,21,0,21
114000001,836,2807,-1971
114000002,89,462,-373
114000003,188,1452,-1264
114000004,185,333,-148
114000005,123,223,-100
114000006,3276,1818,1458
114000007,371,1190,-819
114000008,1037,773,264
114000009,208,148,60
114000011,1937,2976,-1039
114000012,1176,2532,-1356
114000013,836,2104,-1268
114000014,424,582,-158
114000015,525,480,45
114000016,188,378,-190
114000017,72,138,-66
114000018,319,78,241
114000026,608,1403,-795
114000027,1209,1914,-705
114000028,1320,1659,-339
114000038,59,153,-94
114000039,86,311,-225
114000040,87,172,-85
114000042,52,177,-125
114000043,90,283,-193
114000044,138,237,-99
114000045,34,80,-46
114000046,2157,4339,-2182
114000047,4,69,-65
114000048,60,184,-124
114000049,1213,727,486
114000050,1487,905,582
114000051,3455,1175,2280
114000052,2166,1075,1091
114000053,29,438,-409
114000054,48,1469,-1421
114000055,117,24,93
114000056,1439,463,976
114000057,7495,2012,5483
114000058,459,366,93
114000059,167,128,39
114000060,401,716,-315
114000061,3015,983,2032
114000062,2003,453,1550
114000063,3382,1447,1935
114000064,7884,2129,5755
114000065,1782,1860,-78
114000066,248,578,-330
114000067,20,240,-220
114000068,396,312,84
114000069,751,333,418
114000070,2182,1075,1107
114000071,436,457,-21
114000072,113,330,-217
114000073,8,114,-106
114000074,9,19,-10
114000075,29,173,-144
114000076,15,152,-137
114000077,8,67,-59
114000078,106,1231,-1125
114000079,51,24,27
114000080,61,107,-46
114000081,31,89,-58
114000082,35,600,-565
114000083,29,273,-244
114000084,79,54,25
114000085,122,812,-690
114000086,79,579,-500
114000087,16,264,-248
114000088,57,76,-19
114000089,1408,421,987
114000090,531,343,188
114000091,1562,345,1217
114000092,729,225,504
114000093,617,454,163
114000094,288,357,-69
114000095,86,74,12
114000096,103,555,-452
114000097,90,1105,-1015
114000098,278,39,239
114000099,155,939,-784
114000100,378,669,-291
114000101,188,1265,-1077
114000102,165,259,-94
114000103,92,508,-416
114000104,1,265,-264
114000105,16,44,-28
114000106,649,268,381
114000107,72,109,-37
114000108,3099,1442,1657
114000109,266,555,-289
114000110,375,1779,-1404
114000111,651,364,287
114000112,218,2595,-2377
114000113,553,334,219
114000114,1110,1943,-833
114000115,1085,502,583
114000116,268,653,-385
114000117,944,315,629
114000118,972,293,679
114000119,716,205,511
114000120,505,996,-491
114000121,305,500,-195
114000122,362,242,120
114000123,619,212,407
114000124,228,277,-49
114000125,650,1776,-1126
114000126,623,140,483
114000127,54,164,-110
114000128,513,483,30
114000130,275,382,-107
114000131,102,24,78
114000132,498,724,-226
114000133,959,1166,-207
114000134,41,191,-150
114000138,30,183,-153
114000139,335,101,234
114000144,471,223,248
114000145,46,146,-100
114000146,75,335,-260
114000147,640,688,-48
114000148,2261,964,1297
114000149,280,142,138
114000150,2167,788,1379
114000151,1678,831,847
114000152,131,29,102
114000153,1529,1443,86
114000154,775,665,110
114000155,986,1201,-215
114000156,640,283,357
114000157,261,671,-410
114000158,2458,563,1895
114000159,230,365,-135
114000160,208,163,45
114000161,1335,932,403
114000162,586,678,-92
114000163,7,165,-158
114000165,226,111,115
114000166,635,172,463
114000167,4692,1083,3609
114000168,678,579,99
114000169,1643,503,1140
114000170,809,449,360
114000171,547,975,-428
114000174,185,409,-224
114000176,536,292,244
114000177,1855,696,1159
114000178,39,64,-25
114000179,1113,589,524
114000180,336,508,-172
114000181,1197,1598,-401
114000182,4798,1983,2815
114000183,1038,932,106
114000184,6554,1635,4919
114000185,630,744,-114
114000189,270,49,221
114000190,986,125,861
114000191,22,35,-13
114000192,300,1490,-1190
114000193,922,3087,-2165
114000194,839,1172,-333
114000195,40,9,31
114000196,6,359,-353
114000197,522,9,513
114000198,958,319,639
114000199,1622,911,711
114000200,528,2467,-1939
114000201,94,1049,-955
114000202,637,883,-246
114000203,413,1217,-804
114000204,93,357,-264
114000205,200,1836,-1636
114000206,294,1188,-894
114000207,457,2157,-1700
114000208,349,3278,-2929
114000209,567,3400,-2833
114000210,333,1729,-1396
114000211,713,1281,-568
114000212,423,722,-299
114000213,825,537,288
114000214,88,222,-134
114000215,109,71,38
114000216,627,276,351
114000217,96,300,-204
114000218,69,329,-260
114000219,540,286,254
114000220,11,1554,-1543
114000221,293,106,187
114000222,152,1260,-1108
114000223,239,47,192
114000224,116,717,-601
114000225,101,418,-317
114000226,26,199,-173
114000227,671,487,184
114000228,472,870,-398
114000229,493,1259,-766
114000230,1179,1536,-357
114000231,549,1135,-586
114000232,286,116,170
114000233,999,100,899
114000234,787,996,-209
114000235,586,1546,-960
114000236,3,522,-519
114000237,64,1178,-1114
114000238,22,153,-131
114000239,109,1478,-1369
114000240,461,572,-111
114000241,247,1159,-912
114000242,764,844,-80
114000243,715,666,49
114000244,372,330,42
114000245,233,588,-355
114000246,117,25,92
114000247,418,657,-239
114000248,524,537,-13
114000249,286,445,-159
114000250,250,476,-226
114000251,86,331,-245
114000252,61,131,-70
114000253,19,232,-213
114000254,7,78,-71
114000255,373,132,241
114000256,1808,373,1435
114000257,782,2060,-1278
114000258,92,445,-353
114000259,51,234,-183
114000260,0,18,-18
114000261,25,17,8
114000262,20,147,-127
114000263,4,1,3
114000264,284,526,-242
114000265,0,2,-2
114000267,5,1181,-1176
114000268,4,2213,-2209
114000270,73,2,71
114000271,266,91,175
114000283,359,420,-61
114000285,40,257,-217
114000288,22,367,-345
114000289,792,180,612
114000293,81,411,-330
114000294,152,289,-137
114000395,808,46,762
114000396,150,245,-95
114000402,215,317,-102
114000403,179,529,-350
114000405,86,675,-589
114000423,80,590,-510
114000424,124,215,-91
114000425,179,547,-368
114000426,153,433,-280
114000427,66,94,-28
114000428,261,67,194
114000429,4,193,-189
114000432,63,141,-78
114000434,28,130,-102
114000435,0,155,-155
114900001,248,1522,-1274
114900002,189,54,135
114900003,170,2144,-1974
114900004,123,156,-33
114900005,173,985,-812
114900006,9,13,-4
114900007,57,17,40
114900008,42,19,23
114900010,2783,1397,1386
114900011,50,88,-38
114900013,77,98,-21
114900018,637,44,593
114900020,75,38,37
114900022,1,1019,-1018
114900025,138,204,-66
114900026,59,67,-8
114900029,45,22,23
114900030,114,218,-104
114900031,97,26,71
114900032,77,25,52
114900034,35,241,-206
114900035,149,198,-49
114900036,176,1118,-942
114900039,271,725,-454
114900040,40,177,-137
114900041,215,694,-479
114900042,360,884,-524
114900044,49,10,39
114900047,125,910,-785
114900048,30,295,-265
114900049,29,326,-297
114900050,26,681,-655
114900051,18,491,-473
114900052,53,193,-140
114900053,27,212,-185
114900054,27,142,-115
114900057,167,8,159
114900058,0,62,-62
114900059,34,23,11
114900063,39,217,-178
114900064,406,703,-297
114900065,199,558,-359
114900067,15,352,-337
114900068,75,361,-286
114900069,199,168,31
114900070,144,648,-504
114900072,5,226,-221
114900073,0,155,-155
114900074,135,868,-733
114900075,51,2,49
114900076,5,315,-310
114900080,2986,349,2637
114900082,3871,1171,2700
114900083,473,667,-194
114900090,112,96,16
114900091,110,171,-61
114900097,43,0,43
114900098,1,199,-198
114900099,54,2,52
115000001,9094,6686,2408
115000002,2362,2642,-280
115000003,3479,4547,-1068
115000004,1776,3484,-1708
115000005,1191,3121,-1930
115000006,430,1326,-896
115000007,64,108,-44
115000008,490,416,74
115000009,118,340,-222
115000010,163,97,66
115000013,87,128,-41
115000015,144,179,-35
115000016,64,205,-141
115000019,16,306,-290
115000020,106,247,-141
115000021,204,371,-167
115000022,353,262,91
115000023,234,321,-87
115000024,870,439,431
115000025,485,410,75
115000026,106,309,-203
115000027,107,233,-126
115000028,121,590,-469
115000029,301,96,205
115000030,185,695,-510
115000031,523,157,366
115000032,4,306,-302
115000033,115,13,102
115000034,117,933,-816
115000035,586,20,566
115000036,1,388,-387
115000037,196,3,193
115000038,39,139,-100
115000039,2731,1610,1121
115000040,6141,3025,3116
115000041,722,1664,-942
115000042,497,508,-11
115000043,2267,2366,-99
115000044,2749,4252,-1503
115000045,1601,2799,-1198
115000046,1018,2156,-1138
115000047,1136,1784,-648
115000048,1147,3057,-1910
115000049,1248,2693,-1445
115000050,2010,1612,398
115000051,1956,1218,738
115000052,3216,1857,1359
115000053,1373,1089,284
115000054,850,1357,-507
115000055,94,333,-239
115000056,172,197,-25
115000057,252,578,-326
115000058,130,173,-43
115000059,92,196,-104
115000061,105,67,38
115000062,117,316,-199
115000063,128,299,-171
115000064,205,172,33
115000065,13,212,-199
115000067,207,28,179
115000069,34,241,-207
115000070,36,525,-489
115000071,68,6,62
115000072,13,62,-49
115000073,1448,26,1422
115000075,40,23,17
115000076,2759,3398,-639
115000077,975,3722,-2747
115000078,430,1935,-1505
115000079,619,2388,-1769
115000080,1170,2805,-1635
115000081,336,782,-446
115000082,2269,2357,-88
115000083,1326,3296,-1970
115000084,741,904,-163
115000085,325,1074,-749
115000086,466,947,-481
115000087,495,1508,-1013
115000088,1149,488,661
115000089,1495,1383,112
115000090,737,483,254
115000091,251,1360,-1109
115000092,238,330,-92
115000093,344,2,342
115000094,7235,3881,3354
115000095,6097,3603,2494
115000096,434,2083,-1649
115000097,346,794,-448
115000098,432,955,-523
115000099,1081,3079,-1998
115000100,504,436,68
115000101,324,1534,-1210
115000102,258,139,119
115000103,328,930,-602
115000105,49,202,-153
115000106,241,193,48
115000107,106,722,-616
115000108,3791,2977,814
115000109,4988,2039,2949
115000110,930,618,312
115000111,628,1477,-849
115000112,361,332,29
115000113,480,760,-280
115000114,1546,754,792
115000116,2513,966,1547
115000117,3049,1330,1719
115000118,1341,1117,224
115000119,1454,1233,221
115000120,382,576,-194
115000121,1721,551,1170
115000122,3922,572,3350
115000123,1622,950,672
115000124,676,523,153
115000125,202,486,-284
115000126,107,223,-116
115000127,232,107,125
115000128,912,611,301
115000129,256,151,105
115000130,244,1098,-854
115000131,283,243,40
115000132,63,489,-426
115000133,144,365,-221
115000134,100,185,-85
115000135,71,212,-141
115000136,92,202,-110
115000137,44,165,-121
115000138,121,222,-101
115000139,139,222,-83
115000140,114,204,-90
115000141,65,319,-254
115000142,72,359,-287
115000143,278,456,-178
115000144,289,77,212
115000145,175,542,-367
115000146,153,164,-11
115000147,222,570,-348
115000148,299,1556,-1257
115000149,264,184,80
115000150,555,1283,-728
115000151,372,351,21
115000152,428,1733,-1305
115000153,414,372,42
115000154,336,235,101
115000155,296,1147,-851
115000156,732,399,333
115000157,795,958,-163
115000158,516,330,186
115000159,697,263,434
115000160,433,204,229
115000161,124,435,-311
115000162,577,430,147
115000163,529,499,30
115000164,517,509,8
115000165,385,292,93
115000167,83,77,6
115000168,589,207,382
115000169,541,366,175
115000170,112,123,-11
115000171,227,158,69
115000172,1543,376,1167
115000173,234,172,62
115000174,52,169,-117
115000175,84,83,1
115000176,72,18,54
115000177,49,56,-7
115000178,7,213,-206
115000179,3,23,-20
115000180,49,617,-568
115000181,236,136,100
115000182,257,296,-39
115000183,100,875,-775
115000186,413,259,154
115000187,88,631,-543
115000188,375,427,-52
115000189,203,413,-210
115000190,449,407,42
115000191,170,350,-180
115000194,116,118,-2
115000195,209,149,60
115000196,51,110,-59
115000197,99,380,-281
115000198,87,189,-102
115000199,71,319,-248
115000200,191,123,68
115000201,65,359,-294
115000206,124,46,78
115000207,15,289,-274
115000208,436,599,-163
115000209,381,114,267
115000210,80,102,-22
115000211,103,163,-60
115000212,1303,212,1091
115000224,122,50,72
115000225,41,30,11
115000229,237,149,88
115000230,78,303,-225
115000231,279,2513,-2234
115000232,810,371,439
115000233,64,212,-148
115000234,22,172,-150
115000241,31,356,-325
115000242,37,362,-325
115000243,30,283,-253
115000244,8,86,-78
115000246,16,10,6
115000247,10,8,2
115000248,12,5,7
115000249,29,5,24
115000250,148,30,118
115000251,80,131,-51
115000252,24,147,-123
115000253,18,161,-143
115000258,125,168,-43
115000259,271,133,138
115000261,6,35,-29
115000262,6,40,-34
115000263,5,45,-40
115000264,12,33,-21
115000267,24,58,-34
115000268,28,68,-40
115000269,109,77,32
115000270,1,16,-15
115000272,31,135,-104
115000273,147,35,112
115000280,2957,57,2900
115000281,718,104,614
115000282,679,327,352
115000284,329,74,255
115000296,435,4,431
115000297,65,35,30
115000298,22,76,-54
115000300,47,201,-154
115000302,153,195,-42
115000303,252,115,137
115000304,239,77,162
115000305,37,1062,-1025
115000306,51,585,-534
115000307,31,309,-278
115000308,54,20,34
115000309,9,5,4
115000310,469,1444,-975
115000311,310,1223,-913
115000313,108,709,-601
115000314,187,54,133
115000315,1153,333,820
115000316,33,37,-4
115000317,93,470,-377
115000318,488,160,328
115000319,65,303,-238
115000320,3,113,-110
115000321,430,13,417
115000322,42,241,-199
115000449,184,90,94
115000557,0,428,-428
115000558,161,77,84
115000587,228,270,-42
115000588,1726,4047,-2321
115000589,2185,2578,-393
115000590,641,1538,-897
115000591,1246,673,573
115000592,631,1448,-817
115000593,1050,442,608
115000594,867,1413,-546
115000609,99,154,-55
115000617,1690,1264,426
115000624,91,98,-7
115000633,274,1648,-1374
115000634,2082,573,1509
115000635,210,95,115
115000638,1081,790,291
115000641,75,106,-31
115000642,321,184,137
115000643,58,373,-315
115000644,127,380,-253
115000646,546,763,-217
115000647,98,361,-263
115000648,762,1443,-681
115000893,3973,891,3082
115000894,30,1084,-1054
115000895,446,883,-437
115000896,1024,287,737
115000897,424,64,360
115000898,482,173,309
115000899,973,962,11
115000900,93,311,-218
115000901,102,73,29
115000912,134,84,50
115000913,2,42,-40
115000915,18,0,18
115000916,1,0,1
115000917,0,2,-2
115000918,77,128,-51
115000919,32,6,26
115000920,22,22,0
115000921,1192,42,1150
115000922,1495,376,1119
115000923,497,749,-252
115000925,48,57,-9
115000927,10,19,-9
115000933,381,123,258
115000934,56,188,-132
115000935,45,78,-33
115000936,39,193,-154
115000937,1294,90,1204
115000938,295,91,204
115000939,418,128,290
115000940,8,8,0
115000941,6,9,-3
115000942,51,44,7
115000943,77,12,65
115000944,2,9,-7
115900001,14,86,-72
115900002,77,134,-57
115900003,62,109,-47
115900004,0,82,-82
115900005,38,2,36
115900006,70,405,-335
115900008,23,16,7
115900009,35,288,-253
115900010,71,184,-113
115900011,165,261,-96
115900012,37,101,-64
115900013,275,117,158
115900014,80,160,-80
115900015,19,130,-111
115900016,32,17,15
115900017,0,2,-2
115900018,139,92,47
115900019,151,23,128
115900020,8,0,8
115900021,1942,121,1821
115900022,2193,13,2180
115900023,13,1,12
115900025,46,129,-83
115900026,810,373,437
115900027,1,423,-422
115900028,540,44,496
115900029,9,565,-556
115900030,31,3,28
115900031,375,104,271
115900032,187,688,-501
115900033,0,42,-42
115900034,20,553,-533
115900035,21,107,-86
115900036,185,276,-91
115900037,13,516,-503
115900038,8,8,0
115900039,69,295,-226
115900041,223,302,-79
115900042,5,3,2
115900043,37,118,-81
115900044,169,188,-19
115900046,105,273,-168
115900047,44,47,-3
115900049,64,193,-129
115900051,0,63,-63
115900052,13,296,-283
115900053,37,288,-251
115900054,54,60,-6
115900055,10,169,-159
115900056,62,353,-291
115900057,5,2,3
115900058,30,74,-44
115900060,25,115,-90
115900061,52,0,52
115900062,9,327,-318
115900063,46,11,35
115900064,130,228,-98
115900065,26,132,-106
115900066,149,202,-53
115900067,1,887,-886
115900068,3901,127,3774
115900069,31,202,-171
115900070,87,239,-152
115900071,3,590,-587
115900072,48,191,-143
115900073,11,17,-6
115900074,3,389,-386
115900075,6,283,-277
115900076,1,116,-115
115900077,9,380,-371
115900078,24,96,-72
115900079,63,12,51
115900080,356,127,229
115900081,2,87,-85
115900082,122,112,10
115900084,129,34,95
115900085,35,52,-17
115900086,1288,309,979
115900088,19,39,-20
115900089,92,807,-715
115900090,125,26,99
115900091,3,12,-9
115900092,50,283,-233
115900093,1,25,-24
115900094,8,436,-428
115900096,0,19,-19
115900097,7,554,-547
115900098,78,470,-392
115900099,22,80,-58
115900100,6,482,-476
115900101,80,375,-295
115900102,15,87,-72
115900103,112,224,-112
115900104,16,157,-141
115900105,48,659,-611
115900106,10,18,-8
115900107,12,196,-184
115900108,19,48,-29
115900109,36,377,-341
115900110,4,11,-7
115900111,1,58,-57
115900112,20,695,-675
115900113,25,23,2
115900114,1,170,-169
115900115,18,123,-105
115900116,78,845,-767
115900117,31,17,14
115900118,3,386,-383
115900119,36,81,-45
115900120,22,295,-273
115900121,70,181,-111
115900124,147,243,-96
115900125,101,30,71
115900126,286,47,239
115900127,326,24,302
115900128,8,100,-92
115900129,333,17,316
115900130,25,182,-157
115900131,94,10,84
115900132,135,8,127
115900134,94,5,89
115900135,581,449,132
115900137,1,2,-1
115900139,39,46,-7
115900140,105,9,96
115900141,8,46,-38
115900142,2,1,1
115900143,97,207,-110
115900144,32,137,-105
115900146,2,149,-147
115900147,149,157,-8
115900148,7,17,-10
115900149,36,28,8
115900150,21,85,-64
115900151,9,56,-47
115900152,26,353,-327
115900153,49,194,-145
115900154,478,264,214
115900155,0,83,-83
115900156,347,524,-177
115900157,47,317,-270
115900158,27,3,24
115900159,17,181,-164
115900160,10,0,10
115900161,26,130,-104
115900163,52,70,-18
115900164,96,55,41
115900166,146,176,-30
115900168,30,138,-108
115900171,40,284,-244
115900172,16,97,-81
115900173,118,131,-13
115900174,237,208,29
115900175,36,173,-137
115900178,2,700,-698
115900179,94,14,80
115900180,30,335,-305
115900181,50,268,-218
115900182,145,320,-175
115900183,80,18,62
115900184,1578,8,1570
115900187,4,78,-74
115900189,4,65,-61
115900190,144,359,-215
115900191,27,441,-414
115900192,4,27,-23
115900193,69,37,32
115900194,179,19,160
115900195,289,599,-310
115900198,112,183,-71
115900199,134,184,-50
115900200,240,238,2
115900201,265,150,115
115900202,1,7,-6
115900203,3,5,-2
115900204,0,1,-1
115900205,24,14,10
115900206,57,154,-97
115900207,8,22,-14
115900208,44,319,-275
115900209,0,145,-145
115900210,2,149,-147
115900211,3,162,-159
115900212,63,177,-114
115900213,30,13,17
115900214,138,277,-139
115900215,16,25,-9
115900216,0,49,-49
115900217,1,73,-72
115900218,0,46,-46
115900219,35,1,34
115900220,23,2,21
115900221,9,12,-3
115900222,9,10,-1
115900223,4,40,-36
115900224,1483,209,1274
115900225,95,21,74
115900226,4,18,-14
115900227,1,23,-22
115900228,4,32,-28
115900229,2,38,-36
115900230,42,68,-26
115900231,63,1,62
115900232,18,0,18
115900233,53,5,48
115900234,31,12,19
115900235,3,8,-5
115900236,4,6,-2
115900237,4,25,-21
115900238,7,20,-13
115900239,9,23,-14
115900240,4,57,-53
115900241,53,57,-4
115900242,175,108,67
115900243,3,8,-5
115900244,1,11,-10
115900245,32,24,8
115900246,6,3,3
115900247,8,2,6
115900248,6,2,4
115900249,1,4,-3
115900250,2,9,-7
115900251,0,8,-8
115900252,0,1,-1
115900253,6,6,0
115900254,5,12,-7
115900255,3,12,-9
115900256,11,6,5
115900257,0,0,0
115900258,0,2,-2
115900259,2,2,0
115900260,10,2,8
115900261,2,1,1
115900262,1,2,-1
115900263,9,1,8
115900264,13,2,11
115900265,0,5,-5
115900266,2,2,0
115900267,5,2,3
115900268,1,3,-2
115900269,139,337,-198
115900270,128,810,-682
115900271,27,1,26
115900272,4,0,4
115900273,1,3,-2
115900274,3,14,-11
115900275,3,30,-27
115900276,1,55,-54
115900277,0,168,-168
115900278,13,111,-98
115900279,8,129,-121
115900280,7,178,-171
115900281,552,108,444
115900282,6,3,3
115900283,1,3,-2
115900284,3,10,-7
116000001,19316,4755,14561
116000002,3813,3388,425
116000003,1354,1927,-573
116000004,1244,1289,-45
116000005,2218,3262,-1044
116000006,1308,877,431
116000007,2569,4032,-1463
116000008,2007,1292,715
116000009,1549,2852,-1303
116000010,1062,775,287
116000011,658,1862,-1204
116000012,423,464,-41
116000013,15687,3681,12006
116000014,19923,5274,14649
116000015,424,561,-137
116000016,7616,1351,6265
116000017,31,314,-283
116000018,689,303,386
116000019,412,231,181
116000020,375,1043,-668
116000021,136,223,-87
116000022,231,486,-255
116000023,448,406,42
116000024,656,1387,-731
116000025,528,502,26
116000026,1323,2084,-761
116000027,230,436,-206
116000028,218,467,-249
116000029,869,536,333
116000030,280,206,74
116000031,108,161,-53
116000032,245,287,-42
116000033,205,457,-252
116000034,269,835,-566
116000035,235,438,-203
116000036,1918,407,1511
116000037,594,384,210
116000038,464,300,164
116000039,576,208,368
116000040,688,149,539
116000041,273,452,-179
116000042,292,145,147
116000043,40,467,-427
116000044,14,100,-86
116000045,1070,874,196
116000046,851,693,158
116000047,1521,1366,155
116000048,1609,1316,293
116000049,527,1544,-1017
116000050,899,1135,-236
116000051,1726,1595,131
116000052,2216,2866,-650
116000053,1063,1080,-17
116000054,431,2190,-1759
116000055,254,1448,-1194
116000056,439,842,-403
116000057,2390,2056,334
116000058,2275,1443,832
116000059,2068,3085,-1017
116000060,2855,845,2010
116000061,474,647,-173
116000062,576,261,315
116000063,399,1096,-697
116000066,142,224,-82
116000067,252,697,-445
116000068,123,143,-20
116000069,221,449,-228
116000078,167,862,-695
116000080,769,981,-212
116000082,1,80,-79
116000083,840,299,541
116000084,1759,4168,-2409
116000085,1441,732,709
116000086,2070,1482,588
116000087,779,812,-33
116000088,597,1069,-472
116000089,155,93,62
116000090,118,131,-13
116000091,112,147,-35
116000093,700,440,260
116000094,279,630,-351
116000095,345,502,-157
116000096,442,991,-549
116000097,344,680,-336
116000098,209,3763,-3554
116000099,8546,292,8254
116000100,51,16,35
116000101,245,1533,-1288
116000102,146,1353,-1207
116000103,242,207,35
116000104,109,1629,-1520
116000105,440,204,236
116000106,555,1254,-699
116000107,1836,445,1391
116000108,46,145,-99
116000111,34,17,17
116000113,115,29,86
116000114,21,136,-115
116000115,103,35,68
116000116,177,566,-389
116000117,873,1808,-935
116000118,875,1454,-579
116000119,1345,1447,-102
116000120,2041,4635,-2594
116000121,413,311,102
116000122,1289,2526,-1237
116000123,255,377,-122
116000124,230,1141,-911
116000125,1049,405,644
116000126,163,1538,-1375
116000127,774,1508,-734
116000128,802,561,241
116000129,491,165,326
116000130,195,206,-11
116000133,322,953,-631
116000134,1071,2809,-1738
116000135,881,1218,-337
116000136,810,2519,-1709
116000137,538,487,51
116000138,1216,364,852
116000139,1465,2052,-587
116000140,85,237,-152
116000141,273,1074,-801
116000142,3709,4039,-330
116000143,1852,1216,636
116000144,906,3085,-2179
116000145,1131,1283,-152
116000146,218,417,-199
116000147,170,118,52
116000148,228,335,-107
116000149,272,530,-258
116000151,346,1089,-743
116000153,38,388,-350
116000155,129,174,-45
116000156,891,912,-21
116000157,33,15,18
116000158,246,333,-87
116000159,11,2,9
116000160,12,123,-111
116000161,8,80,-72
116000162,42,49,-7
116000163,11,5,6
116000164,4,7,-3
116000177,32,91,-59
116000194,50,263,-213
116000195,1067,600,467
116000196,0,7,-7
116000197,5,9,-4
116000198,2331,987,1344
116000200,706,193,513
116000201,383,534,-151
116000202,1,355,-354
116000203,4,71,-67
116000204,11,30,-19
116000205,1,131,-130
116000206,6,71,-65
116000207,1,31,-30
116000233,100,893,-793
116000287,48,632,-584
116000288,54,242,-188
116000292,13,127,-114
116000296,9,221,-212
116000297,53,21,32
116000304,50,63,-13
116000305,10,73,-63
116000346,65,180,-115
116000352,65,54,11
116000354,21,9,12
116000357,25,16,9
116000358,91,22,69
116000361,622,1,621
116000372,9486,1925,7561
116000381,42,0,42
116000388,0,33,-33
116000389,507,453,54
116000445,119,813,-694
116000446,176,985,-809
116000447,11,432,-421
116000448,461,193,268
116000563,722,474,248
116000565,72,427,-355
116000568,29,112,-83
116000579,7,101,-94
116000583,44,83,-39
116000584,5,8,-3
116000585,7,22,-15
116000586,175,65,110
116000587,327,485,-158
116000589,28,96,-68
116000590,29,46,-17
116000591,49,304,-255
116000592,10,126,-116
116000593,0,75,-75
116000594,145,532,-387
116000595,296,160,136
116000596,28,6,22
116000597,101,36,65
116000598,5,179,-174
116000605,145,116,29
116000606,20,156,-136
116000607,6,51,-45
116000609,155,462,-307
116000611,74,580,-506
116000612,468,1679,-1211
116000613,190,310,-120
116000614,335,834,-499
116000615,0,88,-88
116000616,19,115,-96
116000617,34,141,-107
116000618,1,185,-184
116000619,14,37,-23
116000620,38,40,-2
116000621,14,51,-37
116000622,23,112,-89
116000624,68,45,23
116000627,31,130,-99
116000628,28,1053,-1025
116000629,18,501,-483
116000630,154,22,132
116000631,51,47,4
116000632,219,133,86
116000633,61,428,-367
116000634,155,368,-213
116000635,3387,1368,2019
116000636,1649,762,887
116000637,142,126,16
116000638,63,548,-485
116000639,18,1,17
116000640,10,9,1
116000641,63,167,-104
116000643,0,164,-164
116000644,19,1284,-1265
116000645,10,20,-10
116900001,113,115,-2
116900002,200,3,197
116900003,9,54,-45
116900004,18,17,1
116900005,72,48,24
116900006,130,140,-10
116900007,85,160,-75
116900008,88,505,-417
116900009,4,0,4
116900010,2,1983,-1981
116900011,12,35,-23
116900012,47,212,-165
116900013,3,159,-156
116900014,25,449,-424
116900016,43,0,43
116900017,2,697,-695
116900018,26,28,-2
116900019,2,345,-343
116900020,1500,248,1252
116900023,26,3,23
116900025,279,1005,-726
116900026,95,684,-589
116900027,6,34,-28
116900028,4,109,-105
116900029,10,9,1
116900031,1,2,-1
116900032,0,332,-332
116900033,4,10,-6
116900034,4,59,-55
116900035,64,175,-111
116900036,1,106,-105
116900038,3,0,3
116900041,22,7,15
116900042,973,188,785
116900043,7,62,-55
116900047,61,23,38
116900049,34,232,-198
116900050,59,384,-325
116900051,19,266,-247
116900052,125,68,57
116900055,3,2,1
116900057,5,263,-258
116900058,14,352,-338
116900059,1,190,-189
116900060,144,206,-62
116900062,0,6,-6
116900064,31,1054,-1023
116900065,17,77,-60
116900067,33,128,-95
116900068,107,384,-277
116900070,1,5,-4
116900072,6,437,-431
116900073,8,204,-196
116900074,1,40,-39
116900076,3,18,-15
116900077,5,228,-223
116900078,205,107,98
116900079,14,341,-327
116900080,1,16,-15
116900081,221,1323,-1102
116900082,77,995,-918
116900083,49,46,3
116900084,177,58,119
116900085,10,140,-130
116900086,31,211,-180
116900088,377,50,327
116900090,103,48,55
116900091,72,59,13
116900092,52,789,-737
116900093,1543,1478,65
116900094,6139,1631,4508
116900095,100,207,-107
116900096,69,68,1
116900097,3548,1220,2328
116900098,964,150,814
116900099,496,270,226
116900100,338,25,313
116900101,203,705,-502
116900103,7,1,6
116900104,25,39,-14
116900105,216,32,184
116900106,591,128,463
116900107,3958,831,3127
116900110,9,0,9
116900111,117,1221,-1104
116900112,114,826,-712
116900113,2656,792,1864
116900116,89,215,-126
116900117,19,65,-46
116900118,1128,510,618
116900120,89,95,-6
116900121,47,24,23
116900122,156,979,-823
116900123,50,951,-901
116900124,88,722,-634
116900125,83,208,-125
116900126,199,431,-232
116900128,0,34,-34
116900129,2,259,-257
116900130,857,1564,-707
116900131,42,141,-99
116900132,13,64,-51
116900133,70,70,0
116900134,138,183,-45
116900136,43,149,-106
116900137,151,141,10
116900138,122,200,-78
116900139,44,423,-379
116900140,120,132,-12
116900141,281,289,-8
116900142,10,20,-10
116900143,103,476,-373
116900144,4,43,-39
116900145,37,305,-268
116900147,498,227,271
116900148,0,28,-28
116900149,14,82,-68
116900150,9,3,6
116900151,78,9,69
116900153,52,44,8
116900154,472,122,350
116900155,27,35,-8
116900157,128,263,-135
116900158,67,71,-4
116900159,30,184,-154
116900160,382,288,94
116900161,8737,2783,5954
116900162,10,144,-134
116900163,45,134,-89
116900164,36,17,19
116900165,97,143,-46
116900166,8,102,-94
116900167,127,57,70
116900168,62,93,-31
116900169,536,157,379
116900170,57,258,-201
116900171,15,188,-173
116900172,185,62,123
116900173,36,28,8
116900174,7,27,-20
116900175,117,73,44
116900178,17,130,-113
116900179,71,69,2
116900180,59,13,46
116900182,208,174,34
116900183,65,56,9
116900185,5,18,-13
116900186,48,308,-260
116900187,5,13,-8
116900188,73,5,68
116900189,8,0,8
116900191,188,249,-61
116900192,154,113,41
116900194,76,352,-276
116900195,23,0,23
116900196,10,129,-119
116900197,28,3,25
116900198,201,114,87
116900200,18,32,-14
116900201,46,2,44
116900202,128,52,76
116900203,39,6,33
116900204,30,38,-8
116900206,3,31,-28
116900207,8,20,-12
116900208,4,123,-119
116900209,3,122,-119
116900210,202,122,80
116900211,166,7,159
116900212,11,59,-48
116900213,139,163,-24
116900214,48,155,-107
116900215,21,101,-80
116900216,137,375,-238
116900218,8,310,-302
116900219,609,302,307
116900220,44,183,-139
116900221,33,247,-214
116900222,331,237,94
116900223,78,121,-43
116900226,19,68,-49
116900227,83,80,3
116900228,126,310,-184
116900230,43,880,-837
116900233,146,136,10
116900234,3,0,3
116900235,101,286,-185
116900238,1165,296,869
116900239,82,526,-444
116900240,5760,1975,3785
116900241,24,135,-111
116900242,1818,185,1633
116900243,6,47,-41
116900245,27,5,22
116900246,23,12,11
116900247,166,7,159
116900248,26,10,16
116900249,84,97,-13
116900250,66,24,42
116900251,393,81,312
116900252,37,866,-829
116900254,5,77,-72
116900255,60,12,48
116900256,136,49,87
116900257,11,595,-584
116900258,4,394,-390
116900259,34,4,30
116900260,1,158,-157
116900261,7,2,5
116900262,70,172,-102
116900263,0,7,-7
116900264,25,28,-3
116900265,21,1,20
116900266,4,55,-51
116900267,0,1,-1
116900268,12,10,2
116900269,230,446,-216
116900271,2141,52,2089
116900272,501,526,-25
116900273,263,41,222
116900274,25,45,-20
116900275,64,122,-58
116900276,443,33,410
116900277,532,13,519
116900278,1,7,-6
116900279,1,20,-19
116900280,5,40,-35
116900281,7176,1527,5649
116900282,7,152,-145
116900283,11,138,-127
116900284,16,186,-170
116900285,375,90,285
116900286,199,11,188
116900287,8,66,-58
116900288,26,130,-104
116900289,2,36,-34
116900290,2,50,-48
116900291,3,7,-4
116900292,0,4,-4
116900293,19,97,-78
116900294,23,107,-84
116900295,84,21,63
116900296,71,84,-13
116900297,8,70,-62
116900298,112,44,68
116900299,33,19,14
116900300,3,114,-111
116900301,61,101,-40
116900302,31,32,-1
116900303,397,39,358
116900304,0,177,-177
116900305,13,28,-15
116900306,60,132,-72
116900307,31,0,31
116900308,3,300,-297
116900309,32,100,-68
116900310,1,53,-52
117000001,885,1026,-141
117000002,1286,3918,-2632
117000003,5281,2534,2747
117000004,3835,4754,-919
117000005,1209,1215,-6
117000006,837,4566,-3729
117000007,2018,1265,753
117000008,1059,4296,-3237
117000009,3691,1329,2362
117000010,2424,4400,-1976
117000011,938,1944,-1006
117000012,1053,1859,-806
117000013,869,1289,-420
117000014,748,2485,-1737
117000015,2516,1118,1398
117000016,543,72,471
117000017,542,173,369
117000018,98,229,-131
117000019,135,14,121
117000020,916,748,168
117000021,3808,547,3261
117000022,436,38,398
117000023,647,169,478
117000024,374,59,315
117000025,753,525,228
117000026,2912,593,2319
117000027,3921,887,3034
117000028,4410,505,3905
117000030,1143,580,563
117000031,499,238,261
117000032,1884,1353,531
117000033,873,712,161
117000034,337,332,5
117000035,210,193,17
117000036,397,310,87
117000037,243,189,54
117000038,238,373,-135
117000039,288,342,-54
117000040,129,1356,-1227
117000041,411,90,321
117000044,11,1241,-1230
117000045,298,46,252
117000046,387,890,-503
117000047,575,536,39
117000048,1812,1271,541
117000049,103,400,-297
117000050,58,2737,-2679
117000051,1250,198,1052
117000052,9,710,-701
117000053,101,62,39
117000054,928,6,922
117000055,176,3680,-3504
117000056,283,16,267
117000057,658,2020,-1362
117000060,295,1892,-1597
117000061,932,602,330
117000062,172,500,-328
117000063,969,557,412
117000064,835,768,67
117000066,899,646,253
117000067,151,255,-104
117000074,133,142,-9
117000076,99,30,69
117000077,88,64,24
117000078,97,614,-517
117000079,164,162,2
117000080,1,366,-365
117000081,643,105,538
117000082,20,62,-42
117000083,81,15,66
117000084,324,9,315
117000085,128,425,-297
117000086,1207,708,499
117000087,98,403,-305
117000088,185,215,-30
117000089,874,286,588
117000090,210,1578,-1368
117000091,340,349,-9
117000092,242,1962,-1720
117000093,538,591,-53
117000094,476,2628,-2152
117000095,1414,760,654
117000096,377,2738,-2361
117000097,569,1180,-611
117000098,2480,5775,-3295
117000099,1298,653,645
117000100,119,134,-15
117000101,159,1456,-1297
117000102,690,441,249
117000103,706,2052,-1346
117000104,694,394,300
117000105,590,2139,-1549
117000106,660,714,-54
117000107,319,2428,-2109
117000108,790,661,129
117000109,1764,3002,-1238
117000110,987,478,509
117000111,3077,4531,-1454
117000112,1776,1685,91
117000113,108,383,-275
117000114,110,129,-19
117000115,55,186,-131
117000116,87,248,-161
117000117,1077,350,727
117000118,158,176,-18
117000119,141,19,122
117000120,423,64,359
117000121,240,332,-92
117000122,593,615,-22
117000123,1780,14,1766
117000124,940,23,917
117000125,487,27,460
117000126,61,60,1
117000127,149,305,-156
117000128,539,549,-10
117000129,732,429,303
117000130,72,2,70
117000131,0,274,-274
117000132,800,19,781
117000133,324,176,148
117000134,1,58,-57
117000135,9,31,-22
117000136,1,58,-57
117000137,33,40,-7
117000138,6,644,-638
117000140,388,1656,-1268
117000141,1014,530,484
117000181,885,341,544
117000182,227,130,97
117000195,179,1393,-1214
117000196,46,27,19
117000225,132,3,129
117000226,15,105,-90
117000276,86,6,80
117000277,1,614,-613
117000310,2192,2558,-366
117000315,39,505,-466
117000320,93,1,92
117000906,80,6,74
117000907,2,458,-456
117000909,88,24,64
117000910,205,99,106
117000911,119,255,-136
117000915,7,591,-584
117000916,30,3,27
117000917,393,12,381
117000918,21,34,-13
117000919,25,160,-135
117000920,5,1652,-1647
117000921,3,2131,-2128
117000922,32,178,-146
117000924,261,630,-369
117000926,1616,72,1544
117000927,2240,248,1992
117000928,3,304,-301
117000929,75,561,-486
117000930,78,14,64
117000931,996,50,946
117900002,88,354,-266
117900003,791,266,525
117900005,3,2,1
117900006,0,53,-53
117900007,64,165,-101
117900008,0,37,-37
117900010,203,176,27
117900011,30,22,8
117900012,33,230,-197
117900013,0,311,-311
117900014,975,309,666
117900015,24,251,-227
117900016,1289,319,970
117900017,383,644,-261
117900018,251,28,223
117900019,217,562,-345
117900020,48,239,-191
117900021,11,112,-101
117900023,781,95,686
117900024,53,117,-64
117900025,26,8,18
117900026,166,520,-354
117900028,33,1,32
117900029,152,1023,-871
117900030,129,165,-36
117900031,99,100,-1
117900032,402,257,145
117900033,101,1109,-1008
117900034,35,53,-18
117900035,84,32,52
117900036,103,811,-708
117900037,36,142,-106
117900038,18,425,-407
117900039,3,88,-85
117900040,72,552,-480
117900041,7,63,-56
117900042,4606,357,4249
117900043,17,43,-26
117900044,5,2547,-2542
117900045,75,98,-23
117900048,95,337,-242
117900049,75,939,-864
117900050,14,26,-12
117900051,18,2,16
117900052,31,171,-140
117900053,614,731,-117
117900054,0,11,-11
117900055,91,143,-52
117900056,470,21,449
117900057,739,1394,-655
117900058,104,3,101
117900059,251,48,203
117900060,612,5623,-5011
117900061,13,160,-147
117900063,127,259,-132
117900065,679,1097,-418
117900066,3,30,-27
117900067,316,346,-30
117900069,328,562,-234
117900070,215,2,213
117900071,73,131,-58
117900073,190,436,-246
117900074,115,7,108
117900075,32,58,-26
117900076,17,74,-57
117900077,143,102,41
117900078,185,322,-137
117900080,113,61,52
117900081,593,433,160
117900082,170,228,-58
117900083,192,789,-597
117900086,97,42,55
117900087,28,67,-39
117900088,2618,1489,1129
117900089,847,258,589
117900090,288,937,-649
117900091,138,139,-1
117900092,41,69,-28
117900093,24,64,-40
117900094,19,11,8
117900095,244,914,-670
117900096,24,229,-205
117900097,60,50,10
117900098,6,2,4
117900099,69,524,-455
117900100,50,1,49
117900101,273,839,-566
117900102,54,37,17
117900103,17,0,17
117900104,7,142,-135
117900105,156,219,-63
117900106,38,32,6
117900107,4,0,4
117900109,230,232,-2
117900110,37,0,37
117900111,138,7,131
117900112,19,16,3
117900113,3845,1194,2651
117900114,2,0,2
117900115,325,32,293
117900116,871,638,233
117900117,198,220,-22
117900118,12,3,9
117900119,47,371,-324
117900120,30,97,-67
117900121,59,46,13
117900122,894,1181,-287
117900123,466,850,-384
117900124,407,472,-65
117900125,859,645,214
117900126,308,565,-257
117900127,224,647,-423
117900128,123,1001,-878
117900129,18,0,18
117900130,567,270,297
117900131,0,79,-79
117900132,2,122,-120
117900133,2,173,-171
117900134,41,206,-165
117900135,16,320,-304
117900136,0,86,-86
117900137,26,386,-360
117900138,0,50,-50
117900139,28,103,-75
117900140,5919,262,5657
117900141,178,293,-115
117900142,76,5,71
117900144,28,74,-46
117900145,66,6,60
117900146,149,76,73
117900147,18,49,-31
117900148,2687,784,1903
117900149,12,197,-185
117900150,25,82,-57
117900151,31,132,-101
117900152,75,71,4
117900153,7,100,-93
117900154,225,785,-560
117900156,591,698,-107
117900157,28,389,-361
117900158,106,44,62
117900160,286,221,65
117900161,2261,2143,118
117900162,130,435,-305
117900163,61,7,54
117900165,0,8,-8
117900166,80,182,-102
117900168,39,200,-161
117900169,1,127,-126
117900170,0,28,-28
117900171,3,14,-11
117900172,10,58,-48
117900173,123,40,83
117900174,40,29,11
117900175,0,35,-35
117900176,5,50,-45
117900177,6,33,-27
117900178,110,51,59
117900180,229,23,206
117900181,139,151,-12
117900182,4,34,-30
117900183,48,88,-40
117900184,3,43,-40
117900185,11,44,-33
117900186,6,12,-6
117900187,14,3,11
117900188,115,7,108
117900189,28,8,20
117900190,8,0,8
117900191,49,2,47
117900192,84,0,84
117900193,4,39,-35
117900194,0,5,-5
117900195,13,10,3
117900196,11,23,-12
117900207,88,60,28
117900208,25,45,-20
117900209,173,136,37
117900210,177,136,41
117900211,28,148,-120
117900212,79,166,-87
117900213,4,12,-8
117900214,2,44,-42
117900215,10,60,-50
117900216,60,6,54
117900217,277,41,236
117900218,333,179,154
117900219,2,17,-15
117900220,51,53,-2
117900222,231,205,26
117900223,146,161,-15
118000001,805,341,464
118000002,1599,1772,-173
118000003,1512,1043,469
118000004,3245,2263,982
118000005,5423,1593,3830
118000006,8399,6623,1776
118000007,6930,2068,4862
118000008,6252,2901,3351
118000009,1781,2142,-361
118000010,1859,3523,-1664
118000011,608,2524,-1916
118000012,811,2765,-1954
118000013,2826,2874,-48
118000014,1785,3506,-1721
118000016,268,609,-341
118000017,157,316,-159
118000018,193,819,-626
118000019,1769,1217,552
118000020,869,1087,-218
118000021,654,1462,-808
118000022,1678,440,1238
118000023,939,248,691
118000024,1433,552,881
118000027,17596,4275,13321
118000029,1177,480,697
118000032,1608,1254,354
118000033,2534,1833,701
118000034,4616,1635,2981
118000035,1596,1215,381
118000036,1162,846,316
118000037,529,790,-261
118000038,89,135,-46
118000039,66,444,-378
118000040,1571,2266,-695
118000041,1842,1388,454
118000045,834,133,701
118000046,2083,525,1558
118000047,1757,442,1315
118000048,4202,1128,3074
118000051,2602,456,2146
118000052,1836,297,1539
118000053,506,463,43
118000054,3585,1653,1932
118000055,3249,1426,1823
118000056,384,272,112
118000057,428,275,153
118000058,2860,1038,1822
118000059,1496,688,808
118000060,558,589,-31
118000061,413,1153,-740
118000062,460,169,291
118000063,271,411,-140
118000064,904,941,-37
118000065,5845,1391,4454
118000066,710,751,-41
118000067,1790,1096,694
118000068,2080,2726,-646
118000069,3655,1044,2611
118000070,8531,1134,7397
118000071,4101,3767,334
118000072,2138,964,1174
118000073,3156,487,2669
118000074,290,523,-233
118000075,1110,310,800
118000076,1235,1149,86
118000077,1253,987,266
118000078,1662,1594,68
118000079,221,225,-4
118000080,1141,703,438
118000081,1356,1000,356
118000082,309,556,-247
118000083,2155,905,1250
118000084,2720,1151,1569
118000086,172,468,-296
118000087,6192,2236,3956
118000088,2071,1785,286
118000089,3769,2064,1705
118000090,2348,2036,312
118000091,1503,1423,80
118000092,1362,365,997
118000093,109,576,-467
118000096,359,445,-86
118000097,424,450,-26
118000098,234,185,49
118000099,234,977,-743
118000101,536,328,208
118000102,201,1829,-1628
118000107,3284,373,2911
118000108,482,820,-338
118000110,2,30,-28
118000111,4,671,-667
118000112,164,2,162
118000113,2,1107,-1105
118000114,136,4,132
118000115,18,3,15
118000116,26,2,24
118000117,1199,857,342
118000118,853,569,284
118000119,524,883,-359
118000120,1332,1386,-54
118000121,67,402,-335
118000122,972,135,837
118000123,41,298,-257
118000125,1761,1038,723
118000126,558,1285,-727
118000127,1616,569,1047
118000128,782,1028,-246
118000129,825,253,572
118000130,2775,4141,-1366
118000131,765,1131,-366
118000132,1935,1441,494
118000133,431,371,60
118000135,403,252,151
118000136,80,535,-455
118000137,518,77,441
118000138,220,737,-517
118000139,125,104,21
118000140,1715,2488,-773
118000141,1259,2121,-862
118000142,902,2087,-1185
118000143,877,938,-61
118000144,1448,976,472
118000145,1135,3207,-2072
118000146,901,1829,-928
118000147,513,1859,-1346
118000148,256,1518,-1262
118000149,511,1295,-784
118000150,147,266,-119
118000151,143,447,-304
118000153,483,1039,-556
118000154,528,1476,-948
118000155,566,1264,-698
118000156,1925,1946,-21
118000157,245,285,-40
118000158,240,437,-197
118000159,18,58,-40
118000160,225,423,-198
118000161,261,980,-719
118000162,527,628,-101
118000163,330,559,-229
118000164,2216,917,1299
118000168,1205,127,1078
118000169,835,1856,-1021
118000170,3470,6845,-3375
118000171,128,755,-627
118000172,112,291,-179
118000173,656,1115,-459
118000175,169,307,-138
118000176,197,411,-214
118000177,118,499,-381
118000178,38,37,1
118000179,1494,505,989
118000180,590,643,-53
118000181,706,386,320
118000182,196,338,-142
118000183,174,206,-32
118000184,237,1064,-827
118000185,865,705,160
118000186,386,768,-382
118000187,574,1137,-563
118000188,288,231,57
118000189,161,881,-720
118000190,10,5,5
118000191,18,25,-7
118000192,264,168,96
118000193,129,223,-94
118000194,1868,1115,753
118000195,1107,479,628
118000196,296,73,223
118000197,209,82,127
118000198,641,296,345
118000199,637,251,386
118000200,48,147,-99
118000201,548,236,312
118000202,58,35,23
118000203,1974,271,1703
118000204,254,182,72
118000205,450,309,141
118000206,121,176,-55
118000207,0,99,-99
118000208,876,1497,-621
118000209,1175,1841,-666
118000210,23,24,-1
118000211,27,17,10
118000213,844,561,283
118000214,645,266,379
118000215,163,413,-250
118000216,729,3168,-2439
118000217,12,176,-164
118000218,47,121,-74
118000219,382,442,-60
118000220,1,21,-20
118000221,84,198,-114
118000222,71,25,46
118000223,14,20,-6
118000224,197,173,24
118000225,74,837,-763
118000226,608,84,524
118000227,971,263,708
118000228,118,87,31
118000229,281,22,259
118000230,41,254,-213
118000231,75,181,-106
118000232,406,921,-515
118000233,471,752,-281
118000234,83,336,-253
118000236,185,353,-168
118000237,55,679,-624
118000238,97,230,-133
118000239,155,277,-122
118000240,551,72,479
118000241,47,288,-241
118000242,219,668,-449
118000243,75,139,-64
118000244,35,204,-169
118000246,0,5,-5
118000255,65,243,-178
118000256,93,239,-146
118000259,6,31,-25
118000260,71,111,-40
118000261,11,63,-52
118000263,88,226,-138
118000266,70,378,-308
118000267,0,62,-62
118000268,225,2,223
118000270,40,24,16
118000271,108,247,-139
118000272,50,35,15
118000273,63,101,-38
118000274,79,319,-240
118000276,111,249,-138
118000295,10,53,-43
118000298,97,446,-349
118000299,69,222,-153
118000301,0,85,-85
118000302,98,103,-5
118000311,105,116,-11
118000312,80,175,-95
118000313,14,115,-101
118000314,33,70,-37
118000315,6,79,-73
118000316,299,463,-164
118000325,14,90,-76
118000326,12,28,-16
118000331,3,51,-48
118000332,8,36,-28
118000333,15,40,-25
118000335,73,0,73
118000336,0,336,-336
118000407,44,81,-37
118000457,5,29,-24
118000465,3904,2185,1719
118000480,16,150,-134
118000489,114,134,-20
118000490,209,508,-299
118000492,137,157,-20
118000510,90,10,80
118000514,99,272,-173
118000515,560,323,237
118000517,425,168,257
118000524,668,138,530
118000525,752,914,-162
118000530,7,104,-97
118000531,101,234,-133
118000532,93,277,-184
118000533,255,135,120
118000534,403,417,-14
118000535,85,72,13
118000536,766,299,467
118000537,8,38,-30
118000538,20,100,-80
118000539,10,47,-37
118000540,190,182,8
118000541,122,122,0
118000542,53,122,-69
118000543,146,247,-101
118000546,21,20,1
118000553,0,4,-4
118000557,0,0,0
118000560,3218,582,2636
118000562,7,438,-431
118000563,1886,1569,317
118000576,139,237,-98
118000577,185,166,19
118000578,150,119,31
118000579,764,735,29
118000583,0,0,0
118000595,113,63,50
118000596,1,91,-90
118000597,80,154,-74
118000598,2,0,2
118000599,17,36,-19
118000600,5,11,-6
118000601,0,0,0
118000602,0,11,-11
118000603,1,51,-50
118000605,53,611,-558
118000606,7,42,-35
118900001,1034,514,520
118900002,1178,396,782
118900003,76,10,66
118900004,15,43,-28
118900005,34,0,34
118900006,37,0,37
118900007,6,9,-3
118900008,797,47,750
118900009,7,8,-1
118900010,27,2,25
118900011,86,10,76
118900012,252,184,68
118900013,646,29,617
118900015,80,24,56
118900016,7,47,-40
118900017,119,127,-8
118900018,980,5,975
118900019,30,10,20
118900020,172,91,81
118900021,96,288,-192
118900022,112,121,-9
118900023,39,98,-59
118900024,14,185,-171
118900025,32,24,8
118900026,25,97,-72
118900027,310,207,103
118900028,65,170,-105
118900029,64,384,-320
118900030,89,53,36
118900031,76,94,-18
118900032,114,216,-102
118900033,234,713,-479
118900034,50,7,43
118900035,84,281,-197
118900036,412,587,-175
118900037,189,316,-127
118900038,144,332,-188
118900039,137,274,-137
118900040,162,119,43
118900041,106,199,-93
118900042,98,84,14
118900045,98,136,-38
118900046,653,173,480
118900047,682,218,464
118900048,117,191,-74
118900049,44,19,25
118900050,13,227,-214
118900051,77,65,12
118900052,52,198,-146
118900053,15,76,-61
118900054,41,71,-30
118900055,13,131,-118
118900056,156,99,57
118900057,179,218,-39
118900058,213,433,-220
118900059,7,66,-59
118900060,50,104,-54
118900062,59,169,-110
118900064,525,305,220
118900065,20,94,-74
118900066,42,119,-77
118900067,6797,1862,4935
118900068,1,155,-154
118900069,138,278,-140
118900071,1,41,-40
118900072,223,297,-74
118900073,31,127,-96
118900074,75,126,-51
118900075,19,48,-29
118900076,87,47,40
118900077,216,135,81
118900078,18,6,12
118900079,43,155,-112
118900080,3,59,-56
118900081,42,12,30
118900082,242,105,137
118900083,7,9,-2
118900084,10,13,-3
118900085,346,870,-524
118900086,13,57,-44
118900087,9,112,-103
118900088,0,8,-8
118900089,20,12,8
118900090,277,398,-121
118900091,151,91,60
118900092,33,69,-36
118900093,66,13,53
118900096,47,56,-9
118900097,110,597,-487
118900099,41,217,-176
118900100,78,155,-77
118900101,9,224,-215
118900102,7,43,-36
118900103,13,29,-16
118900104,9,22,-13
118900105,67,88,-21
118900107,118,89,29
118900108,17,55,-38
118900110,1321,311,1010
118900111,137,638,-501
118900112,44,120,-76
118900113,57,467,-410
118900114,6,66,-60
118900115,43,263,-220
118900116,62,155,-93
118900117,58,166,-108
118900118,138,523,-385
118900119,39,286,-247
118900120,64,204,-140
118900121,3,278,-275
118900122,3,401,-398
118900123,83,198,-115
118900124,32,109,-77
118900126,14,217,-203
118900129,94,128,-34
118900130,73,53,20
118900131,78,268,-190
118900132,225,106,119
118900133,25,48,-23
118900135,95,203,-108
118900136,120,845,-725
118900137,1,12,-11
118900139,83,522,-439
118900140,312,830,-518
118900141,20,340,-320
118900144,78,599,-521
118900145,19,140,-121
118900146,115,774,-659
118900147,116,151,-35
118900148,20,62,-42
118900150,113,334,-221
118900152,231,940,-709
118900157,73,106,-33
118900158,31,112,-81
118900159,3,218,-215
118900161,95,6,89
118900163,185,44,141
118900164,0,79,-79
118900165,19,298,-279
118900166,14,1,13
118900167,41,189,-148
118900168,0,35,-35
118900169,34,386,-352
118900170,16,99,-83
118900171,2,21,-19
118900174,22,34,-12
118900175,154,302,-148
118900176,40,89,-49
118900177,22,59,-37
118900178,16,64,-48
118900179,1,10,-9
118900181,50,70,-20
118900182,56,19,37
118900183,13,51,-38
118900184,78,26,52
118900185,38,130,-92
118900186,75,90,-15
118900187,117,318,-201
118900188,115,298,-183
118900189,12,328,-316
118900190,9,723,-714
118900191,45,21,24
118900192,66,17,49
118900193,134,7,127
118900195,233,906,-673
118900196,20,147,-127
118900197,56,89,-33
118900198,1,40,-39
118900199,18,75,-57
118900200,14,6,8
118900201,7,10,-3
118900202,10,45,-35
118900203,9,43,-34
118900204,8,41,-33
118900205,5,13,-8
118900206,1,15,-14
119000001,680,898,-218
119000002,1367,2107,-740
119000003,709,1541,-832
119000004,1285,1106,179
119000005,1175,1430,-255
119000006,1308,1417,-109
119000007,2153,2691,-538
119000008,1455,2106,-651
119000009,3324,2061,1263
119000010,8389,3334,5055
119000011,5866,1568,4298
119000012,5757,2885,2872
119000013,2110,995,1115
119000014,2119,3356,-1237
119000019,169,154,15
119000020,786,1132,-346
119000021,1806,1694,112
119000022,2863,1104,1759
119000023,318,174,144
119000024,2241,4239,-1998
119000025,12174,1339,10835
119000026,443,245,198
119000027,725,323,402
119000028,1872,1129,743
119000029,126,256,-130
119000030,343,1300,-957
119000031,516,800,-284
119000032,1967,2086,-119
119000033,1550,1743,-193
119000034,955,1016,-61
119000035,22,388,-366
119000036,662,1238,-576
119000037,720,2502,-1782
119000038,66,1157,-1091
119000039,97,309,-212
119000040,998,439,559
119000041,867,1113,-246
119000048,3726,4200,-474
119000049,987,3856,-2869
119000050,1477,2344,-867
119000051,1737,935,802
119000052,1926,2945,-1019
119000053,1546,1041,505
119000054,2201,3844,-1643
119000055,1942,3529,-1587
119000056,1294,2102,-808
119000057,1130,2478,-1348
119000058,1436,2310,-874
119000059,782,1624,-842
119000060,781,824,-43
119000061,544,777,-233
119000062,807,1190,-383
119000063,248,308,-60
119000064,1261,1778,-517
119000065,1575,3322,-1747
119000066,1184,941,243
119000067,1493,2706,-1213
119000068,881,1008,-127
119000069,1021,2696,-1675
119000070,1197,1186,11
119000071,401,842,-441
119000072,6065,3757,2308
119000073,3714,4517,-803
119000074,653,4048,-3395
119000075,602,2263,-1661
119000076,310,776,-466
119000077,480,486,-6
119000078,182,380,-198
119000079,77,873,-796
119000080,158,206,-48
119000081,106,404,-298
119000082,243,205,38
119000083,213,258,-45
119000084,220,611,-391
119000085,539,370,169
119000086,213,271,-58
119000087,1718,897,821
119000088,307,231,76
119000089,49,111,-62
119000090,174,136,38
119000091,169,231,-62
119000092,720,261,459
119000093,3733,3807,-74
119000094,1621,4340,-2719
119000095,891,3042,-2151
119000097,2863,1586,1277
119000098,513,1319,-806
119000099,1642,1550,92
119000100,1651,1772,-121
119000101,1857,2238,-381
119000102,581,562,19
119000103,1075,435,640
119000104,3088,1391,1697
119000105,488,685,-197
119000106,157,2078,-1921
119000107,287,462,-175
119000108,264,1493,-1229
119000109,67,318,-251
119000110,319,311,8
119000111,22,420,-398
119000112,160,134,26
119000113,2523,230,2293
119000114,506,417,89
119000115,160,119,41
119000116,91,82,9
119000117,53,217,-164
119000118,3,1,2
119000123,2126,709,1417
119000124,243,210,33
119000125,1098,1305,-207
119000126,329,1254,-925
119000127,216,1079,-863
119000128,52,10,42
119000131,370,1209,-839
119000132,7,0,7
119000133,1,4,-3
119000134,2858,508,2350
119000135,23,245,-222
119000136,66,378,-312
119000137,62,583,-521
119000138,104,494,-390
119000139,85,333,-248
119000140,71,198,-127
119000284,1532,2837,-1305
119000285,2431,2180,251
119000286,5834,4524,1310
119000287,1117,2046,-929
119000288,1427,1765,-338
119000289,2327,4361,-2034
119000290,130,604,-474
119000291,1,450,-449
119000293,75,150,-75
119000294,20,24,-4
119000295,1958,561,1397
119000296,119,107,12
119000297,0,0,0
119000299,0,0,0
119000302,4890,1411,3479
119000303,12,142,-130
119000304,0,0,0
119000310,0,0,0
119000314,1318,4141,-2823
119000315,3,740,-737
119000316,22,120,-98
119000317,37,599,-562
119900001,82,543,-461
119900002,43,275,-232
119900003,38,1419,-1381
119900004,255,318,-63
119900005,25,138,-113
119900006,81,294,-213
119900007,470,63,407
119900008,10,16,-6
119900009,325,536,-211
119900010,583,838,-255
119900011,7,33,-26
119900012,7,19,-12
119900013,1140,454,686
119900014,535,150,385
119900015,47,11,36
119900016,7,94,-87
119900017,10,45,-35
119900018,973,167,806
119900019,12,2,10
119900020,39,150,-111
119900021,84,42,42
119900022,80,176,-96
119900023,835,341,494
119900025,53,29,24
119900026,872,43,829
119900027,8,15,-7
119900028,154,14,140
119900029,1,2,-1
119900030,449,353,96
119900031,11,137,-126
119900033,1857,104,1753
119900034,156,129,27
119900037,42,28,14
119900038,13,95,-82
119900039,46,3,43
119900040,32,11,21
119900041,52,30,22
119900042,25,112,-87
119900043,18,180,-162
119900044,161,243,-82
119900046,36,81,-45
119900047,118,92,26
119900048,39,69,-30
119900049,17,5,12
119900050,17,37,-20
119900051,240,11,229
119900052,21,51,-30
119900053,48,199,-151
119900054,31,4,27
119900055,513,232,281
119900057,59,87,-28
119900058,44,10,34
119900059,61,46,15
119900060,102,2,100
119900061,52,3,49
119900062,19,24,-5
119900063,19,19,0
119900065,150,15,135
119900067,37,15,22
119900068,94,4,90
119900069,27,9,18
119900070,166,5,161
119900071,118,7,111
119900073,1645,360,1285
119900074,3,7,-4
119900075,6154,1447,4707
119900076,128,627,-499
119900077,245,1402,-1157
119900078,180,829,-649
119900079,348,295,53
119900080,109,391,-282
119900081,164,132,32
119900082,330,58,272
119900083,343,72,271
119900084,351,101,250
119900085,120,36,84
119900086,136,1171,-1035
119900087,170,121,49
119900088,39,39,0
119900089,6,518,-512
119900090,200,56,144
119900091,21,1164,-1143
119900092,4,367,-363
119900093,467,79,388
119900094,15,201,-186
119900095,157,52,105
119900096,22,64,-42
119900097,329,144,185
119900098,14,30,-16
119900099,17,245,-228
119900100,2775,1381,1394
119900101,189,665,-476
119900102,26,336,-310
119900103,16,526,-510
119900104,12,253,-241
119900105,333,1127,-794
119900106,10,268,-258
119900107,288,3852,-3564
119900108,1682,635,1047
119900109,7,262,-255
119900110,437,782,-345
119900111,22,397,-375
119900112,3278,403,2875
119900113,53,549,-496
119900114,135,1882,-1747
119900115,76,1514,-1438
119900116,143,186,-43
119900117,120,1074,-954
119900118,17,1341,-1324
119900119,48,239,-191
119900120,540,695,-155
119900121,101,1647,-1546
119900122,278,344,-66
119900123,151,250,-99
119900124,65,1105,-1040
119900125,36,453,-417
119900126,5560,174,5386
119900127,2738,801,1937
119900128,176,793,-617
119900129,63,912,-849
119900130,24,315,-291
119900131,7,372,-365
119900132,1,396,-395
119900133,15,18,-3
119900134,2462,232,2230
119900135,0,494,-494
119900136,119,570,-451
119900138,376,668,-292
119900139,2,67,-65
119900140,0,220,-220
119900141,72,283,-211
119900142,0,10,-10
119900143,3,285,-282
119900144,2537,209,2328
119900145,48,219,-171
119900146,148,80,68
119900147,3,99,-96
119900148,40,34,6
119900149,1623,1484,139
119900150,112,172,-60
119900151,1056,553,503
119900152,53,476,-423
119900153,57,48,9
119900154,13,1051,-1038
119900155,12,18,-6
119900156,12,1,11
119900157,28,271,-243
119900158,69,68,1
119900159,7,2049,-2042
119900160,7,229,-222
119900161,134,296,-162
119900162,447,466,-19
119900163,144,75,69
119900164,0,1,-1
119900165,49,268,-219
119900166,19,22,-3
119900167,85,96,-11
119900168,283,395,-112
119900169,146,186,-40
119900170,108,120,-12
119900171,338,535,-197
119900172,61,17,44
119900173,2,576,-574
119900174,3,247,-244
119900175,410,667,-257
119900177,16,278,-262
119900178,3,170,-167
119900179,19,165,-146
119900180,476,605,-129
119900181,20,33,-13
119900182,2,463,-461
119900183,99,1144,-1045
119900184,2791,440,2351
119900185,10,57,-47
119900186,28,170,-142
119900187,9,623,-614
119900188,4,328,-324
119900189,277,129,148
119900190,29,98,-69
119900191,217,80,137
119900192,13,236,-223
119900193,115,162,-47
119900194,7,30,-23
119900195,11,180,-169
119900196,1544,401,1143
119900197,48,103,-55
119900198,25,533,-508
119900199,181,12,169
119900200,168,539,-371
119900201,390,115,275
119900202,254,78,176
119900203,66,160,-94
119900204,76,335,-259
119900205,220,762,-542
119900206,22,109,-87
119900208,74,79,-5
119900209,235,392,-157
119900210,19,39,-20
119900211,69,5,64
119900212,45,333,-288
119900213,2,27,-25
119900214,9,135,-126
119900215,18,94,-76
119900216,5,96,-91
119900217,12,81,-69
119900218,11,68,-57
119900219,6,106,-100
119900220,7,147,-140
119900221,21,593,-572
119900222,13,381,-368
119900223,24,138,-114
119900224,11,60,-49
119900225,1498,37,1461
119900226,1016,844,172
119900227,1446,323,1123
119900228,9,243,-234
119900229,274,394,-120
119900230,1198,514,684
119900231,53,267,-214
119900232,154,33,121
119900233,7,2,5
119900234,6,12,-6
119900235,4,15,-11
119900236,6,244,-238
119900237,23,473,-450
119900238,0,93,-93
119900240,26,146,-120
119900241,98,267,-169
119900242,1339,589,750
119900244,727,983,-256
119900245,45,104,-59
119900246,232,179,53
119900247,10,34,-24
119900248,25,31,-6
119900249,114,34,80
119900253,4060,255,3805
119900254,55,210,-155
119900255,56,455,-399
119900256,141,1478,-1337
119900257,13,0,13
119900258,20,1,19
119900259,4,246,-242
119900260,23,1,22
119900261,118,192,-74
119900262,1,318,-317
119900263,925,358,567
119900264,35,287,-252
119900265,92,421,-329
119900266,69,297,-228
119900267,57,351,-294
119900268,105,264,-159
119900269,280,1489,-1209
119900271,11,56,-45
119900272,84,20,64
119900275,22,1,21
119900276,11,1,10
119900277,4,4,0
119900278,161,37,124
119900279,66,76,-10
119900280,1097,180,917
119900281,0,43,-43
119900282,13,20,-7
119900283,1,370,-369
119900284,30,141,-111
119900285,8,21,-13
119900286,1,4,-3
119900288,0,32,-32
119900289,1,44,-43
119900290,4,31,-27
119900291,0,23,-23
119900292,35,9,26
119900293,13,86,-73
119900294,7,49,-42
119900295,4,77,-73
119900296,1,252,-251
119900297,0,17,-17
119900298,2,2,0
119900299,9,260,-251
119900300,65,214,-149
119900301,17,6,11
119900302,7,37,-30
119900303,137,341,-204
119900304,64,4,60
119900305,15,93,-78
119900306,10,2,8
119900307,5,122,-117
119900308,9,5,4
119900309,14,41,-27
119900310,171,277,-106
119900311,13,199,-186
119900312,64,76,-12
119900313,78,313,-235
119900314,48,186,-138
119900315,435,3159,-2724
119900318,6,27,-21
119900319,2,408,-406
119900320,23,884,-861
119900321,29,0,29
120000001,7244,7317,-73
120000002,1994,3452,-1458
120000003,3699,2193,1506
120000004,3273,2704,569
120000005,5142,2345,2797
120000006,1135,1407,-272
120000007,3432,2186,1246
120000008,1035,1361,-326
120000009,5261,937,4324
120000010,1354,3258,-1904
120000011,1022,2260,-1238
120000012,1348,3239,-1891
120000013,1845,2717,-872
120000014,616,1677,-1061
120000015,2299,1542,757
120000016,2802,2512,290
120000017,1459,1600,-141
120000018,5053,6239,-1186
120000019,768,991,-223
120000020,2758,2072,686
120000021,1709,1547,162
120000022,2747,3155,-408
120000023,883,1647,-764
120000024,1414,2219,-805
120000025,1517,2471,-954
120000026,694,2054,-1360
120000027,1139,1838,-699
120000028,457,318,139
120000029,1833,355,1478
120000030,66,516,-450
120000031,1816,3978,-2162
120000032,10723,3248,7475
120000033,2344,1808,536
120000034,1017,2486,-1469
120000035,1005,2583,-1578
120000036,1910,3787,-1877
120000037,505,756,-251
120000038,11337,2905,8432
120000039,407,968,-561
120000040,35,94,-59
120000041,287,1933,-1646
120000042,1317,4859,-3542
120000043,3612,2534,1078
120000044,2479,1084,1395
120000045,2345,988,1357
120000046,1273,1503,-230
120000047,1965,2041,-76
120000048,8347,3060,5287
120000049,2103,2593,-490
120000050,2143,4814,-2671
120000051,3762,3837,-75
120000052,14708,2624,12084
120000053,891,4621,-3730
120000054,1303,6986,-5683
120000055,810,4555,-3745
120000056,2556,4632,-2076
120000057,1447,877,570
120000058,370,176,194
120000059,39,1004,-965
120000061,67,661,-594
120000062,345,248,97
120000063,1964,3272,-1308
120000064,188,1628,-1440
120000065,285,1964,-1679
120000066,124,440,-316
120000067,27,623,-596
120000068,130,1295,-1165
120000069,333,1542,-1209
120000070,31,1118,-1087
120000071,104,218,-114
120000072,179,554,-375
120000073,240,89,151
120000074,40,85,-45
120000075,161,198,-37
120000076,594,285,309
120000077,769,496,273
120000078,3118,617,2501
120000079,152,718,-566
120000080,131,295,-164
120000081,156,206,-50
120000082,145,204,-59
120000083,103,289,-186
120000084,454,590,-136
120000085,343,494,-151
120000086,221,847,-626
120000087,187,1363,-1176
120000088,555,1297,-742
120000089,760,523,237
120000090,328,404,-76
120000091,503,790,-287
120000092,734,495,239
120000093,139,559,-420
120000094,122,477,-355
120000095,563,757,-194
120000096,169,1190,-1021
120000098,512,1205,-693
120000099,183,822,-639
120000100,423,1131,-708
120000101,327,497,-170
120000102,279,475,-196
120000103,748,310,438
120000104,947,193,754
120000105,1214,253,961
120000106,915,252,663
120000107,1290,320,970
120000108,471,82,389
120000109,558,43,515
120000110,58,1037,-979
120000111,121,1597,-1476
120000112,513,4838,-4325
120000113,422,3457,-3035
120000114,503,2838,-2335
120000115,295,2430,-2135
120000116,556,2134,-1578
120000117,1148,1658,-510
120000118,64,26,38
120000119,44,44,0
120000120,31,31,0
120000121,31,30,1
120000122,280,225,55
120000123,6910,2342,4568
120000124,255,505,-250
120000125,212,602,-390
120000126,327,687,-360
120000127,1207,534,673
120000128,2633,1633,1000
120000129,289,275,14
120000130,609,743,-134
120000131,174,396,-222
120000134,221,1656,-1435
120000135,122,276,-154
120000137,83,2486,-2403
120000138,205,452,-247
120000139,120,1201,-1081
120000140,196,653,-457
120000141,78,597,-519
120000142,138,584,-446
120000143,1,129,-128
120000144,21,4,17
120000145,130,0,130
120000146,2222,646,1576
120000149,430,990,-560
120000150,5918,6915,-997
120000151,373,396,-23
120000152,119,301,-182
120000153,77,770,-693
120000154,442,368,74
120000155,123,137,-14
120000156,1694,398,1296
120000157,780,590,190
120000158,516,943,-427
120000159,1827,2563,-736
120000160,1928,1179,749
120000161,892,2530,-1638
120000162,86,168,-82
120000163,199,1666,-1467
120000164,202,514,-312
120000165,179,1025,-846
120000166,445,571,-126
120000167,15,23,-8
120000168,5,67,-62
120000169,116,168,-52
120000170,164,97,67
120000171,24,26,-2
120000172,27,29,-2
120000173,1953,142,1811
120000174,433,2,431
120000175,568,7,561
120000176,209,85,124
120000177,960,433,527
120000178,44,8,36
120000179,284,16,268
120000180,416,24,392
120000181,105,82,23
120000182,73,54,19
120000183,9,141,-132
120000184,71,1522,-1451
120000186,57,69,-12
120000187,40,38,2
120000188,173,42,131
120000190,1261,11,1250
120000191,1443,6,1437
120000192,1824,4,1820
120000193,461,0,461
120000195,60,0,60
120000196,190,21,169
120000197,64,98,-34
120000198,117,186,-69
120000199,46,0,46
120000200,42,0,42
120000201,6,11,-5
120000202,3,79,-76
120000203,23,472,-449
120000207,2,79,-77
120000208,6,387,-381
120000209,3,190,-187
120000210,150,88,62
120000211,31,0,31
120000212,68,0,68
120000213,33,540,-507
120000214,0,533,-533
120000215,1,167,-166
120000216,30,6,24
120000217,774,1407,-633
120000218,232,1705,-1473
120000219,9,905,-896
120000220,8,3204,-3196
120000225,604,1,603
120000226,111,1,110
120000227,637,10,627
120000228,8463,1445,7018
120000230,102,19,83
120000231,462,2558,-2096
120000233,45,4,41
120000235,106,945,-839
120000236,432,1,431
120000237,7,2451,-2444
120000238,0,70,-70
120000241,1036,2916,-1880
120000412,1995,14,1981
120000413,80,620,-540
120000414,42,1,41
120000415,1,187,-186
120000416,12,5,7
120000417,14,134,-120
120000418,39,18,21
120000419,9,563,-554
120000420,82,22,60
120000421,15477,6087,9390
120000422,211,379,-168
120000423,2,53,-51
120000424,22,219,-197
120000436,118,335,-217
120000437,179,194,-15
120000438,5368,330,5038
120000439,133,226,-93
120000443,90,0,90
120000444,425,541,-116
120000445,1361,1205,156
120000446,945,319,626
120000447,60,2,58
120000449,66,13,53
120000450,6,509,-503
120000451,64,216,-152
120000452,27,1,26
120000453,2,322,-320
120000454,57,16,41
120000455,46,44,2
120000456,3225,2210,1015
120000457,1212,926,286
120000458,425,759,-334
120000459,42,56,-14
120000665,905,156,749
120000668,69,127,-58
120000669,45,489,-444
120000670,225,367,-142
120000671,549,276,273
120000672,127,572,-445
120900001,27,25,2
120900002,120,187,-67
120900003,109,29,80
120900004,2,41,-39
120900005,8,1468,-1460
120900006,96,158,-62
120900007,83,165,-82
120900008,101,1527,-1426
120900009,275,67,208
120900010,181,47,134
120900011,352,78,274
120900012,1099,576,523
120900013,217,23,194
120900014,8,833,-825
120900015,184,53,131
120900016,301,34,267
120900017,3952,86,3866
120900018,26,440,-414
120900019,277,86,191
120900020,520,385,135
120900021,255,39,216
120900022,32,443,-411
120900023,70,41,29
120900024,1185,368,817
120900025,2258,694,1564
120900026,55,114,-59
120900027,396,109,287
120900028,101,30,71
120900029,79,160,-81
120900030,402,372,30
120900031,89,28,61
120900032,310,189,121
120900033,371,30,341
120900034,33,1431,-1398
120900035,11,59,-48
120900037,44,4,40
120900038,23,87,-64
120900039,28,23,5
120900040,88,2,86
120900041,82,17,65
120900042,128,82,46
120900043,10,10,0
120900044,3,355,-352
120900045,91,111,-20
120900046,127,3,124
120900047,67,35,32
120900048,67,13,54
120900049,119,0,119
120900050,4293,768,3525
120900051,121,105,16
120900052,177,0,177
120900053,110,76,34
120900054,1284,724,560
120900055,120,1,119
120900056,128,1,127
120900057,45,12,33
120900058,156,1,155
120900059,37,4,33
120900060,16,31,-15
120900061,186,271,-85
120900062,56,1,55
120900063,160,1,159
120900064,94,0,94
120900065,110,2,108
120900066,75,300,-225
120900067,146,19,127
120900068,54,1,53
120900069,89,105,-16
120900071,1,0,1
120900072,241,2,239
120900073,121,223,-102
120900074,192,5,187
120900076,116,0,116
120900077,3610,162,3448
120900078,215,851,-636
120900079,198,81,117
120900080,188,2928,-2740
120900081,230,1563,-1333
120900082,494,195,299
120900083,29,5,24
120900084,110,180,-70
120900085,142,92,50
120900086,172,121,51
120900087,190,43,147
120900088,120,123,-3
120900089,5270,910,4360
120900090,47,216,-169
120900091,253,212,41
120900092,653,788,-135
120900093,5030,235,4795
120900094,458,189,269
120900095,124,17,107
120900096,16,97,-81
120900097,570,1290,-720
120900098,242,218,24
120900099,29,76,-47
120900100,58,466,-408
120900101,380,410,-30
120900102,14,66,-52
120900103,14,117,-103
120900104,15,28,-13
120900105,35,1099,-1064
120900106,1485,689,796
120900107,398,175,223
120900108,6,1330,-1324
120900109,25,901,-876
120900110,5,466,-461
120900111,112,443,-331
120900112,5,1580,-1575
120900113,13,1220,-1207
120900114,29,228,-199
120900115,127,150,-23
120900116,71,621,-550
120900117,1,680,-679
120900118,11,1171,-1160
120900119,4096,2782,1314
120900120,64,888,-824
120900121,37,391,-354
120900122,98,810,-712
120900123,1,634,-633
120900124,2,940,-938
120900125,6,1315,-1309
120900126,1153,812,341
120900127,6,749,-743
120900128,897,936,-39
120900129,40,492,-452
120900130,3,412,-409
120900131,16,46,-30
120900132,237,453,-216
120900133,148,1163,-1015
120900134,248,489,-241
120900135,4,835,-831
120900136,14,32,-18
120900137,57,98,-41
120900138,18,276,-258
120900139,4,1008,-1004
120900140,2,58,-56
120900141,23,56,-33
120900142,19,994,-975
120900143,6,1391,-1385
120900144,2,207,-205
120900145,47,905,-858
120900146,6,1318,-1312
120900147,1,342,-341
120900148,90,85,5
120900149,1,399,-398
120900150,20,664,-644
120900151,1,796,-795
120900152,2,55,-53
120900153,2,62,-60
120900154,1,337,-336
120900155,67,1396,-1329
120900156,24,448,-424
120900157,6,298,-292
120900158,19,643,-624
120900159,54,785,-731
120900160,20,372,-352
120900161,10,1053,-1043
120900162,12,1209,-1197
120900163,15,91,-76
120900164,21,4,17
120900165,9,4,5
120900166,19,100,-81
120900167,84,33,51
120900169,22,655,-633
120900170,2901,1175,1726
120900171,1276,322,954
120900172,799,97,702
120900173,1,60,-59
120900174,2,95,-93
120900175,297,196,101
120900176,7,169,-162
120900177,1,353,-352
120900178,2,168,-166
120900179,649,392,257
120900180,104,73,31
120900181,22,47,-25
120900182,3,284,-281
120900183,477,91,386
120900184,182,68,114
120900185,4,367,-363
120900186,0,602,-602
120900187,207,492,-285
120900188,42,7,35
120900189,101,304,-203
120900190,24,9,15
120900191,1,24,-23
120900192,14935,1754,13181
120900194,16,59,-43
120900195,76,304,-228
120900196,299,49,250
120900197,293,39,254
120900198,162,628,-466
120900199,177,147,30
120900200,102,86,16
120900201,730,121,609
120900202,4,228,-224
120900203,12,30,-18
120900204,296,403,-107
120900205,103,130,-27
120900206,7,16,-9
120900207,35,1174,-1139
121000001,1067,1144,-77
121000002,1673,955,718
121000003,4153,1930,2223
121000004,2491,2621,-130
121000005,2189,2541,-352
121000006,2979,1253,1726
121000007,3224,2703,521
121000008,4913,2419,2494
121000009,8995,5157,3838
121000010,10268,3207,7061
121000011,13302,9296,4006
121000012,18826,6289,12537
121000013,5465,5725,-260
121000014,7601,5453,2148
121000015,4279,5312,-1033
121000016,5105,3043,2062
121000017,1517,3371,-1854
121000018,1986,1686,300
121000019,19068,8252,10816
121000020,11262,7030,4232
121000021,3244,2992,252
121000022,1443,1408,35
121000023,4128,2897,1231
121000024,2392,2892,-500
121000025,661,811,-150
121000026,337,115,222
121000027,1454,851,603
121000028,602,392,210
121000029,838,602,236
121000030,477,352,125
121000031,463,491,-28
121000032,168,80,88
121000034,353,91,262
121000035,128,85,43
121000036,1017,672,345
121000037,448,511,-63
121000038,583,544,39
121000039,335,315,20
121000041,277,419,-142
121000042,150,249,-99
121000043,875,550,325
121000044,2160,688,1472
121000045,216,297,-81
121000046,271,603,-332
121000047,6,59,-53
121000049,1892,637,1255
121000050,340,943,-603
121000051,525,341,184
121000052,204,412,-208
121000053,368,58,310
121000054,25,216,-191
121000055,1643,921,722
121000056,915,1011,-96
121000057,153,288,-135
121000058,417,83,334
121000059,2063,847,1216
121000060,543,925,-382
121000061,82,152,-70
121000062,134,212,-78
121000063,654,422,232
121000064,497,636,-139
121000065,503,353,150
121000066,679,435,244
121000067,1106,281,825
121000068,561,320,241
121000069,701,207,494
121000070,1943,1212,731
121000071,894,750,144
121000072,1065,629,436
121000073,725,580,145
121000074,87,119,-32
121000075,87,37,50
121000076,1202,275,927
121000077,153,70,83
121000078,87,143,-56
121000080,2928,542,2386
121000081,2306,1605,701
121000082,181,253,-72
121000083,287,120,167
121000084,207,128,79
121000085,366,427,-61
121000086,142,756,-614
121000087,61,233,-172
121000088,268,510,-242
121000089,499,221,278
121000090,370,320,50
121000091,2018,570,1448
121000092,114,78,36
121000093,135,185,-50
121000094,472,330,142
121000095,249,458,-209
121000096,2507,2022,485
121000097,1558,1410,148
121000098,365,1250,-885
121000099,426,841,-415
121000100,457,584,-127
121000101,122,202,-80
121000102,81,446,-365
121000103,58,296,-238
121000104,106,190,-84
121000105,189,291,-102
121000106,143,346,-203
121000107,2137,3761,-1624
121000109,1473,956,517
121000110,350,495,-145
121000114,2682,2298,384
121000115,782,747,35
121000116,431,792,-361
121000117,1353,275,1078
121000118,1051,266,785
121000119,161,258,-97
121000120,190,401,-211
121000121,444,874,-430
121000123,1570,616,954
121000127,96,88,8
121000128,587,621,-34
121000129,272,507,-235
121000130,313,1001,-688
121000131,2624,1114,1510
121000132,1291,968,323
121000135,406,190,216
121000136,746,638,108
121000137,490,119,371
121000138,636,805,-169
121000139,352,124,228
121000141,131,95,36
121000142,916,450,466
121000143,131,17,114
121000144,976,804,172
121000145,331,1223,-892
121000146,1083,735,348
121000147,517,358,159
121000148,748,998,-250
121000149,1539,1006,533
121000152,291,619,-328
121000153,1347,422,925
121000154,654,427,227
121000155,928,995,-67
121000156,365,844,-479
121000157,1421,1782,-361
121000158,401,590,-189
121000159,105,596,-491
121000160,232,708,-476
121000161,66,426,-360
121000162,19,333,-314
121000165,1660,1504,156
121000166,40,597,-557
121000168,143,235,-92
121000169,44,172,-128
121000170,129,70,59
121000171,40,171,-131
121000172,323,381,-58
121000173,856,610,246
121000174,196,340,-144
121000175,452,488,-36
121000176,272,250,22
121000177,636,562,74
121000178,58,46,12
121000179,69,67,2
121000181,322,309,13
121000182,51,150,-99
121000183,11,53,-42
121000184,26,71,-45
121000185,11,125,-114
121000186,145,287,-142
121000187,108,288,-180
121000188,59,265,-206
121000192,447,267,180
121000193,605,370,235
121000194,2686,2081,605
121000195,436,999,-563
121000196,862,200,662
121000197,225,665,-440
121000198,145,64,81
121000199,89,418,-329
121000200,193,64,129
121000201,2,188,-186
121000202,367,60,307
121000203,540,2528,-1988
121000204,1289,521,768
121000205,93,258,-165
121000206,72,20,52
121000207,1446,420,1026
121000208,8,336,-328
121000209,92,470,-378
121000210,197,559,-362
121000211,114,135,-21
121000212,166,875,-709
121000213,8219,2283,5936
121000214,826,1570,-744
121000215,1205,686,519
121000216,408,506,-98
121000217,4129,2028,2101
121000218,621,1760,-1139
121000219,1248,343,905
121000220,399,69,330
121000221,163,243,-80
121000222,2770,2158,612
121000223,586,259,327
121000224,335,93,242
121000225,1105,835,270
121000226,1837,706,1131
121000227,15,212,-197
121000228,22,866,-844
121000229,66,499,-433
121000230,77,1847,-1770
121000231,342,22,320
121000232,402,188,214
121000233,472,337,135
121000234,20,20,0
121000235,51,80,-29
121000236,3,26,-23
121000237,23,27,-4
121000238,2,61,-59
121000239,16,5,11
121000240,6,220,-214
121000241,57,4,53
121000242,48,146,-98
121000243,455,50,405
121000244,1,84,-83
121000245,16,17,-1
121000246,3,91,-88
121000247,13,8,5
121000248,778,614,164
121000249,43,240,-197
121000250,167,100,67
121000251,27,705,-678
121000252,28,18,10
121000253,151,604,-453
121000254,280,202,78
121000255,159,96,63
121000256,181,131,50
121000257,111,62,49
121000258,102,101,1
121000259,23,30,-7
121000260,39,117,-78
121000261,25,41,-16
121000262,1139,508,631
121000263,340,434,-94
121000271,263,1724,-1461
121000273,65,14,51
121000274,4,40,-36
121000275,2,28,-26
121000276,2,4,-2
121000278,25,38,-13
121000279,21,9,12
121000280,24,41,-17
121000289,147,13,134
121000290,1018,697,321
121000294,51,196,-145
121000297,915,540,375
121000299,61,246,-185
121000300,695,557,138
121000302,294,751,-457
121000303,601,345,256
121000304,392,35,357
121000305,76,37,39
121000306,48,100,-52
121000308,124,306,-182
121000309,360,594,-234
121000310,59,442,-383
121000311,41,798,-757
121000312,266,153,113
121000313,516,563,-47
121000314,334,103,231
121000315,112,126,-14
121000530,622,1243,-621
121000531,920,1245,-325
121000532,4453,3514,939
121000533,2077,2012,65
121000918,8,265,-257
121000919,10,39,-29
121000938,1155,510,645
121000939,1946,384,1562
121000956,416,1416,-1000
121000957,1,13,-12
121000958,45,49,-4
121000959,198,1057,-859
121000960,1476,2045,-569
121000961,196,48,148
121000962,373,646,-273
121000973,1,295,-294
121000976,13,147,-134
121000979,225,45,180
121000981,416,92,324
121000982,134,273,-139
121000983,277,449,-172
121000984,6,40,-34
121000985,250,713,-463
121000986,79,344,-265
121000987,127,1634,-1507
121000988,273,98,175
121001302,403,116,287
121001308,2,11,-9
121001309,104,68,36
121001311,0,0,0
121001313,95,404,-309
121001314,4301,4151,150
121001315,3802,1269,2533
121001326,290,364,-74
121900001,81,155,-74
121900002,44,26,18
121900003,234,22,212
121900004,100,333,-233
121900005,5,5,0
121900006,78,18,60
121900007,1625,2189,-564
121900008,1434,78,1356
121900009,392,20,372
121900010,229,6,223
121900011,119,352,-233
121900012,0,0,0
121900013,821,23,798
121900014,758,332,426
121900015,139,112,27
121900016,3,20,-17
121900017,374,463,-89
121900018,208,7,201
121900019,172,195,-23
121900020,11,1,10
121900021,607,12,595
121900022,123,110,13
121900023,53,321,-268
121900024,350,33,317
121900025,368,235,133
121900026,168,37,131
121900027,96,68,28
121900028,215,3,212
121900029,56,157,-101
121900030,456,390,66
121900031,826,3431,-2605
121900032,37,50,-13
121900033,179,88,91
121900034,218,92,126
121900035,1934,1412,522
121900036,29,272,-243
121900037,107,480,-373
121900038,11,97,-86
121900039,434,23,411
121900040,27,69,-42
121900041,107,103,4
121900042,202,112,90
121900043,1,6,-5
121900044,263,20,243
121900046,142,129,13
121900047,106,57,49
121900048,5,93,-88
121900050,12,27,-15
121900051,75,140,-65
121900052,49,39,10
121900053,238,214,24
121900054,428,673,-245
121900055,1,13,-12
121900058,85,183,-98
121900059,201,108,93
121900060,51,299,-248
121900061,89,85,4
121900062,93,41,52
121900063,438,232,206
121900064,128,636,-508
121900066,14,18,-4
121900067,21,19,2
121900069,202,104,98
121900070,108,66,42
121900071,85,248,-163
121900072,14,149,-135
121900073,275,114,161
121900074,456,345,111
121900075,469,251,218
121900076,205,486,-281
121900078,26,27,-1
121900079,0,0,0
121900080,332,301,31
121900082,18,97,-79
121900084,4,242,-238
121900086,8,34,-26
121900087,206,101,105
121900088,2202,1475,727
121900089,41,305,-264
121900090,1,72,-71
121900091,16,156,-140
121900092,36,96,-60
121900093,50,52,-2
121900094,20,7,13
121900095,147,90,57
121900096,1455,315,1140
121900097,171,87,84
121900098,1,0,1
121900099,84,67,17
121900100,133,103,30
121900101,60,70,-10
121900102,4,91,-87
121900103,424,151,273
121900104,589,215,374
121900105,63,48,15
121900106,3,1,2
121900107,6,28,-22
121900108,0,23,-23
121900109,397,98,299
121900110,121,1174,-1053
121900111,549,102,447
121900112,243,89,154
121900113,32,153,-121
121900114,8,33,-25
121900117,67,13,54
121900118,1790,267,1523
121900119,45,72,-27
121900120,24,1479,-1455
121900121,389,29,360
121900122,7,30,-23
121900123,160,393,-233
121900124,86,189,-103
121900125,844,823,21
121900127,16,79,-63
121900128,50,94,-44
121900129,1228,82,1146
121900130,66,161,-95
121900131,88,62,26
121900132,33,121,-88
121900133,74,151,-77
121900134,25,104,-79
121900135,1909,214,1695
121900136,120,508,-388
121900137,39,248,-209
121900138,47,184,-137
121900139,334,351,-17
121900140,20,124,-104
121900141,19,14,5
121900142,60,114,-54
121900143,0,104,-104
121900144,138,258,-120
121900145,89,125,-36
121900146,523,614,-91
121900147,33,133,-100
121900148,118,210,-92
121900149,253,683,-430
121900150,69,119,-50
121900151,59,192,-133
121900152,62,157,-95
121900153,67,361,-294
121900154,11,145,-134
121900155,1,83,-82
121900156,131,91,40
121900157,5,425,-420
121900158,46,93,-47
121900159,0,172,-172
121900160,41,174,-133
121900161,520,271,249
121900162,94,93,1
121900163,50,607,-557
121900164,348,148,200
121900165,82,184,-102
121900166,88,158,-70
121900167,109,67,42
121900168,196,129,67
121900169,6,265,-259
121900170,0,200,-200
121900171,387,359,28
121900172,206,196,10
121900173,745,185,560
121900174,17,36,-19
121900175,40,144,-104
121900176,478,1415,-937
121900177,125,39,86
121900178,20,53,-33
121900179,170,118,52
121900180,5154,2074,3080
121900182,399,253,146
121900183,250,503,-253
121900184,46,416,-370
121900186,7,267,-260
121900187,9,91,-82
121900188,554,275,279
121900189,18,111,-93
121900190,137,437,-300
121900191,66,141,-75
121900192,440,441,-1
121900193,24,174,-150
121900194,2,132,-130
121900195,63,66,-3
121900196,540,707,-167
121900197,198,1840,-1642
121900198,883,754,129
121900199,2,16,-14
121900200,54,132,-78
121900201,862,477,385
121900202,105,261,-156
121900203,222,648,-426
121900204,1027,847,180
121900205,4,92,-88
121900206,4,6,-2
121900207,135,21,114
121900208,155,233,-78
121900209,33,31,2
121900210,889,924,-35
121900211,217,403,-186
121900212,122,89,33
121900213,54,75,-21
121900214,0,271,-271
121900215,24,39,-15
121900216,19,79,-60
121900217,227,75,152
121900218,172,357,-185
121900220,85,11,74
121900221,162,687,-525
121900222,62,153,-91
121900223,100,51,49
121900224,36,44,-8
121900225,122,29,93
121900226,173,828,-655
121900227,61,262,-201
121900228,171,225,-54
121900230,49,36,13
121900231,313,207,106
121900232,222,274,-52
121900233,212,261,-49
121900234,139,292,-153
121900235,175,212,-37
121900236,271,101,170
121900237,105,179,-74
121900238,106,169,-63
121900239,88,40,48
121900240,122,115,7
121900241,35,36,-1
121900242,0,0,0
121900243,0,0,0
121900244,4,0,4
121900245,147,110,37
121900246,1050,382,668
121900248,1149,689,460
121900250,430,187,243
121900251,264,12,252
121900252,727,87,640
121900253,139,856,-717
121900254,710,187,523
121900255,135,42,93
121900258,1774,1400,374
121900259,325,323,2
121900260,14,132,-118
121900261,94,239,-145
121900262,351,494,-143
121900263,64,245,-181
121900264,1852,974,878
121900265,66,253,-187
121900266,113,208,-95
121900267,18,18,0
121900269,65,206,-141
121900270,13,88,-75
121900271,17,118,-101
121900273,339,1062,-723
121900274,140,168,-28
121900277,220,1210,-990
121900278,41,662,-621
121900279,133,251,-118
121900280,146,227,-81
121900281,472,54,418
121900284,64,3,61
121900286,44,129,-85
121900287,16,7,9
121900288,1,1,0
121900290,154,194,-40
121900291,389,432,-43
121900292,178,69,109
121900293,798,2519,-1721
121900294,253,2,251
121900295,25,212,-187
121900296,33,16,17
121900298,238,379,-141
121900299,0,1,-1
121900300,6,0,6
121900301,10,0,10
121900302,0,66,-66
121900303,134,338,-204
121900304,1,30,-29
121900305,0,7,-7
121900306,28,1,27
121900307,65,25,40
121900308,24,305,-281
121900309,25,244,-219
121900310,13,490,-477
121900311,127,5,122
121900312,99,3,96
121900313,137,15,122
121900314,0,43,-43
121900315,2,0,2
121900316,0,14,-14
121900317,0,2,-2
121900318,0,7,-7
121900319,1,19,-18
121900320,25,52,-27
121900321,1,0,1
121900322,0,24,-24
121900323,7,10,-3
121900324,2,34,-32
121900325,6,1,5
121900326,0,27,-27
121900327,4,39,-35
121900328,0,21,-21
121900329,0,220,-220
121900330,1,32,-31
121900331,16,10,6
121900332,31,14,17
121900333,9,1,8
121900334,70,30,40
122000001,2894,2891,3
122000002,6944,1023,5921
122000003,2271,1246,1025
122000004,3088,818,2270
122000005,2707,951,1756
122000006,2155,383,1772
122000007,1097,956,141
122000008,7022,3001,4021
122000009,648,174,474
122000010,1966,1826,140
122000011,3347,636,2711
122000012,1253,734,519
122000013,1882,1052,830
122000014,1270,1738,-468
122000015,1306,868,438
122000016,454,724,-270
122000017,930,1081,-151
122000018,1223,987,236
122000019,600,1191,-591
122000020,136,164,-28
122000021,544,334,210
122000022,1212,1444,-232
122000023,467,2455,-1988
122000024,1234,635,599
122000025,2169,816,1353
122000026,2417,650,1767
122000027,679,4187,-3508
122000028,772,234,538
122000029,327,216,111
122000030,393,69,324
122000031,126,186,-60
122000032,1445,2602,-1157
122000033,896,585,311
122000034,531,450,81
122000035,448,594,-146
122000036,410,606,-196
122000037,268,226,42
122000038,303,268,35
122000039,622,414,208
122000040,394,257,137
122000041,412,474,-62
122000042,227,341,-114
122000043,138,72,66
122000044,99,151,-52
122000045,1259,428,831
122000046,598,799,-201
122000047,266,147,119
122000048,2933,2900,33
122000049,4334,2206,2128
122000050,1576,482,1094
122000051,398,323,75
122000052,580,194,386
122000053,128,374,-246
122000054,2281,1427,854
122000055,2126,1989,137
122000056,4968,2769,2199
122000057,3589,2051,1538
122000058,4521,1087,3434
122000059,4006,1192,2814
122000060,1242,446,796
122000061,899,204,695
122000062,1322,253,1069
122000063,1108,427,681
122000064,3263,2816,447
122000065,5312,2530,2782
122000066,846,558,288
122000067,1439,1194,245
122000068,764,1150,-386
122000069,754,562,192
122000070,468,2669,-2201
122000071,816,1291,-475
122000072,374,277,97
122000073,437,307,130
122000074,1830,1177,653
122000075,363,1051,-688
122000076,1416,919,497
122000077,1109,541,568
122000078,3348,1536,1812
122000079,1252,560,692
122000080,703,270,433
122000081,163,214,-51
122000082,1206,619,587
122000083,1097,3432,-2335
122000084,675,631,44
122000085,180,1227,-1047
122000086,1856,3748,-1892
122000087,389,140,249
122000088,306,202,104
122000089,5645,2259,3386
122000090,230,303,-73
122000091,368,82,286
122000092,114,12,102
122000093,1309,989,320
122000094,6389,1322,5067
122000095,3642,1589,2053
122000096,2193,1024,1169
122000098,3145,1167,1978
122000099,2197,526,1671
122000100,1795,570,1225
122000101,285,881,-596
122000102,1351,989,362
122000103,1536,1221,315
122000104,275,193,82
122000105,207,225,-18
122000106,628,489,139
122000107,764,427,337
122000108,335,812,-477
122000109,269,301,-32
122000110,289,486,-197
122000111,2107,931,1176
122000112,572,1131,-559
122000113,468,541,-73
122000114,2709,1297,1412
122000115,1779,999,780
122000116,479,456,23
122000117,898,287,611
122000118,268,401,-133
122000119,2862,1269,1593
122000120,3857,1911,1946
122000121,4454,1795,2659
122000122,716,1076,-360
122000123,2494,1181,1313
122000124,1265,356,909
122000125,437,622,-185
122000126,788,645,143
122000127,1566,793,773
122000128,545,755,-210
122000129,352,520,-168
122000130,1945,400,1545
122000131,2173,437,1736
122000132,1196,385,811
122000133,923,1351,-428
122000134,398,421,-23
122000135,658,919,-261
122000136,293,194,99
122000137,655,377,278
122000139,1359,2199,-840
122000140,1144,404,740
122000141,4266,673,3593
122000142,573,482,91
122000143,680,176,504
122000144,2198,704,1494
122000145,1674,611,1063
122000146,1004,751,253
122000147,700,321,379
122000148,2572,1047,1525
122000149,1889,825,1064
122000150,1087,674,413
122000151,380,381,-1
122000152,538,302,236
122000153,432,285,147
122000154,354,130,224
122000155,1560,1782,-222
122000156,2680,1733,947
122000157,1948,1082,866
122000158,310,445,-135
122000159,1187,1257,-70
122000160,5959,723,5236
122000161,1906,619,1287
122000162,1983,1155,828
122000163,296,48,248
122000164,27,58,-31
122000165,595,682,-87
122000166,717,967,-250
122000167,222,172,50
122000168,156,428,-272
122000169,534,142,392
122000170,202,278,-76
122000171,35,79,-44
122000172,1238,1396,-158
122000173,1347,1982,-635
122000174,1683,701,982
122000175,1272,307,965
122000176,288,597,-309
122000177,1638,1152,486
122000178,3005,2171,834
122000179,1738,2215,-477
122000180,2065,776,1289
122000181,1942,1967,-25
122000182,2748,773,1975
122000183,1648,888,760
122000184,3389,1630,1759
122000185,1467,968,499
122000186,602,740,-138
122000187,1447,1155,292
122000188,568,161,407
122000189,308,319,-11
122000190,1102,892,210
122000191,1002,312,690
122000192,1057,271,786
122000193,345,630,-285
122000194,514,156,358
122000195,133,364,-231
122000196,711,506,205
122000197,417,505,-88
122000198,420,837,-417
122000199,319,245,74
122000200,1345,453,892
122000201,1251,1358,-107
122000202,1045,987,58
122000203,2498,1296,1202
122000204,1240,1649,-409
122000205,1297,868,429
122000206,1955,859,1096
122000207,963,1171,-208
122000208,1732,1335,397
122000209,2317,322,1995
122000210,1421,1813,-392
122000211,1002,1238,-236
122000212,593,468,125
122000213,885,1219,-334
122000214,1535,1630,-95
122000215,1632,1340,292
122000217,1696,1297,399
122000218,660,71,589
122000219,1516,1030,486
122000220,483,817,-334
122000221,106,361,-255
122000222,667,57,610
122000223,933,521,412
122000225,618,308,310
122000226,800,1706,-906
122000227,229,1611,-1382
122000228,255,474,-219
122000229,46,399,-353
122000230,76,789,-713
122000231,161,638,-477
122000232,406,881,-475
122000233,0,101,-101
122000234,105,173,-68
122000235,294,164,130
122000236,368,170,198
122000237,68,42,26
122000238,87,148,-61
122000239,321,58,263
122000240,665,275,390
122000241,513,395,118
122000242,220,103,117
122000243,154,56,98
122000244,44,617,-573
122000245,58,395,-337
122000246,139,132,7
122000247,396,1027,-631
122000248,1266,2114,-848
122000249,330,458,-128
122000250,1205,513,692
122000251,220,306,-86
122000252,519,50,469
122000253,13,215,-202
122000254,99,43,56
122000255,465,1845,-1380
122000256,512,1525,-1013
122000257,182,694,-512
122000258,33,128,-95
122000259,31,730,-699
122000260,5,74,-69
122000261,4,164,-160
122000262,1,84,-83
122000263,111,104,7
122000264,522,421,101
122000265,1706,621,1085
122000266,4187,572,3615
122000267,24,92,-68
122000268,64,336,-272
122000269,557,228,329
122000270,509,101,408
122000271,205,895,-690
122000272,202,875,-673
122000273,222,379,-157
122000274,97,146,-49
122000275,23,138,-115
122000276,209,522,-313
122000277,545,1294,-749
122000278,479,867,-388
122000279,115,721,-606
122000280,512,838,-326
122000281,330,699,-369
122000282,62,269,-207
122000283,140,58,82
122000284,68,61,7
122000285,305,81,224
122000286,62,159,-97
122000287,195,293,-98
122000288,402,916,-514
122000291,688,428,260
122000293,364,356,8
122000294,62,141,-79
122000295,1237,359,878
122000296,42,507,-465
122000297,1765,1683,82
122000299,1052,385,667
122000300,946,470,476
122000301,9315,1458,7857
122000302,831,478,353
122000303,4194,1061,3133
122000304,11,53,-42
122000305,527,187,340
122000306,15,812,-797
122000307,187,128,59
122000309,85,80,5
122000310,44,12,32
122000311,38,46,-8
122000312,62,31,31
122000313,13,35,-22
122000314,86,208,-122
122000315,127,22,105
122000316,219,163,56
122000317,649,208,441
122000318,421,280,141
122000319,3373,946,2427
122000320,205,1161,-956
122000321,77,286,-209
122000322,2631,2214,417
122000323,1714,1171,543
122000324,1495,1120,375
122000325,830,847,-17
122000326,16,110,-94
122000327,243,446,-203
122000328,1300,993,307
122000330,1744,559,1185
122000332,151,302,-151
122000333,2,184,-182
122000337,459,2362,-1903
122000338,181,449,-268
122000340,445,248,197
122000342,2336,1067,1269
122000343,352,1642,-1290
122000344,14,30,-16
122000345,6,14,-8
122000346,241,547,-306
122000348,279,694,-415
122000349,65,609,-544
122000351,83,219,-136
122000352,216,79,137
122000353,62,91,-29
122000355,95,176,-81
122000356,1483,771,712
122000357,42,10,32
122000358,0,86,-86
122000359,0,45,-45
122000360,0,59,-59
122000362,8,116,-108
122000364,66,497,-431
122000365,3,15,-12
122000366,4,9,-5
122000368,404,846,-442
122000370,15,91,-76
122000371,7,0,7
122000372,6,0,6
122000381,40,328,-288
122000382,33,202,-169
122000384,4250,1987,2263
122000385,12,1,11
122000386,453,444,9
122000387,309,475,-166
122000388,1540,446,1094
122000389,175,853,-678
122000390,316,223,93
122000391,300,99,201
122000392,181,236,-55
122000393,28,147,-119
122000394,252,245,7
122000395,70,151,-81
122000396,244,97,147
122000397,13,80,-67
122000398,6,70,-64
122000399,90,84,6
122000400,155,245,-90
122000401,77,94,-17
122000402,106,65,41
122000403,308,1175,-867
122000404,85,272,-187
122000408,1394,1370,24
122000503,15,60,-45
122000524,165,89,76
122000544,25,1553,-1528
122000614,284,158,126
122000616,807,7,800
122000640,23,208,-185
122000641,29,490,-461
122000642,701,1211,-510
122000643,9,99,-90
122000644,176,35,141
122000645,101,139,-38
122000651,2065,613,1452
122000664,99,20,79
122000665,1055,586,469
122000666,527,1082,-555
122000673,27,351,-324
122000674,64,54,10
122000675,916,1030,-114
122000686,165,1290,-1125
122000687,606,394,212
122000688,126,734,-608
122000689,294,653,-359
122000690,390,722,-332
122000691,226,2476,-2250
122000692,607,331,276
122000693,282,1665,-1383
122000695,99,482,-383
122000696,150,359,-209
122000698,97,1053,-956
122000699,114,23,91
122000701,827,359,468
122000702,386,2160,-1774
122000703,135,51,84
122000717,174,70,104
122000718,676,403,273
122000719,45,45,0
122000720,113,259,-146
122000724,283,409,-126
122900001,17,1,16
122900002,804,986,-182
122900003,158,21,137
122900004,774,15,759
122900005,39,43,-4
122900006,237,357,-120
122900007,718,208,510
122900008,390,120,270
122900009,709,182,527
122900010,134,173,-39
122900012,289,271,18
122900014,103,211,-108
122900015,1962,254,1708
122900016,39,298,-259
122900017,1807,808,999
122900018,203,7,196
122900019,5,140,-135
122900020,80,155,-75
122900021,445,580,-135
122900022,258,947,-689
122900023,121,171,-50
122900024,60,67,-7
122900025,13,154,-141
122900026,133,319,-186
122900027,51,923,-872
122900028,70,124,-54
122900029,3838,1650,2188
122900030,1134,355,779
122900031,318,148,170
122900032,77,172,-95
122900033,135,205,-70
122900034,3271,3303,-32
122900035,44,35,9
122900036,13,118,-105
122900037,301,109,192
122900038,159,1428,-1269
122900039,80,392,-312
122900040,154,330,-176
122900041,144,234,-90
122900042,94,268,-174
122900043,365,148,217
122900044,91,276,-185
122900045,92,66,26
122900046,54,112,-58
122900047,169,95,74
122900048,28,110,-82
122900049,1491,89,1402
122900051,94,64,30
122900052,27,121,-94
122900053,25,10,15
122900055,266,81,185
122900057,188,12,176
122900061,301,96,205
122900062,257,298,-41
122900063,113,368,-255
122900064,872,943,-71
122900065,215,120,95
122900066,235,157,78
122900067,1368,736,632
122900069,103,508,-405
122900070,176,45,131
122900071,188,1455,-1267
122900073,2,48,-46
122900074,170,676,-506
122900076,8,134,-126
122900077,0,195,-195
122900078,40,102,-62
122900080,269,21,248
122900081,143,116,27
122900082,665,170,495
122900083,200,91,109
122900084,22,238,-216
122900086,94,429,-335
122900087,65,477,-412
122900088,55,65,-10
122900089,8,469,-461
122900090,11,1022,-1011
122900091,53,3,50
122900092,0,197,-197
122900093,0,360,-360
122900094,3,250,-247
122900095,72,2,70
122900096,104,286,-182
122900097,8,14,-6
122900098,115,175,-60
122900099,7,3,4
122900100,172,149,23
122900101,813,99,714
122900102,11,7,4
122900103,31,10,21
122900104,32,7,25
122900105,2,4,-2
122900106,24,67,-43
122900107,3,114,-111
122900108,11,430,-419
122900109,65,175,-110
123000001,2001,321,1680
123000002,5703,2106,3597
123000003,3877,2254,1623
123000004,4087,4348,-261
123000005,1976,2222,-246
123000006,3146,2944,202
123000007,2763,2121,642
123000008,2618,3924,-1306
123000009,4026,2759,1267
123000010,3185,4104,-919
123000011,3044,896,2148
123000012,1193,2272,-1079
123000013,3087,980,2107
123000014,1435,3543,-2108
123000015,3936,640,3296
123000016,5969,2043,3926
123000017,3190,1624,1566
123000018,81,92,-11
123000019,88,388,-300
123000020,61,169,-108
123000021,66,102,-36
123000022,478,898,-420
123000023,1134,1070,64
123000024,797,510,287
123000025,98,88,10
123000026,16,126,-110
123000027,275,354,-79
123000028,476,622,-146
123000029,588,531,57
123000030,112,772,-660
123000031,121,400,-279
123000032,137,319,-182
123000033,154,77,77
123000034,526,451,75
123000035,192,222,-30
123000036,196,442,-246
123000037,138,329,-191
123000038,101,199,-98
123000039,557,831,-274
123000040,1236,361,875
123000041,908,450,458
123000042,859,441,418
123000043,3484,3585,-101
123000044,6029,1804,4225
123000045,10863,1350,9513
123000046,947,605,342
123000047,2978,1019,1959
123000048,57,326,-269
123000049,6381,3161,3220
123000050,647,901,-254
123000051,80,148,-68
123000052,537,1808,-1271
123000053,2400,2141,259
123000054,1264,992,272
123000055,847,1034,-187
123000056,1280,1743,-463
123000057,15371,4339,11032
123000058,483,546,-63
123000059,386,365,21
123000060,565,346,219
123000061,137,628,-491
123000063,736,593,143
123000064,606,163,443
123000065,6831,3268,3563
123000066,1134,663,471
123000067,326,571,-245
123000068,3047,3125,-78
123000069,8559,3414,5145
123000070,306,718,-412
123000071,501,1202,-701
123000072,1021,1497,-476
123000073,594,857,-263
123000074,848,2106,-1258
123000075,411,692,-281
123000076,420,1224,-804
123000077,2052,3911,-1859
123000078,933,1855,-922
123000079,716,1961,-1245
123000080,1538,2578,-1040
123000081,215,494,-279
123000082,381,982,-601
123000083,705,77,628
123000084,409,789,-380
123000085,63,119,-56
123000086,140,385,-245
123000087,71,508,-437
123000088,628,1320,-692
123000089,346,1266,-920
123000090,1158,1344,-186
123000091,1573,1306,267
123000092,1211,1133,78
123000094,236,236,0
123000095,180,592,-412
123000096,246,394,-148
123000097,217,1138,-921
123000098,444,555,-111
123000099,522,880,-358
123000100,388,476,-88
123000101,594,351,243
123000102,596,525,71
123000104,343,305,38
123000105,573,624,-51
123000106,614,237,377
123000107,511,625,-114
123000108,1312,1131,181
123000111,492,242,250
123000112,525,478,47
123000113,548,1821,-1273
123000114,364,442,-78
123000115,143,285,-142
123000116,41,163,-122
123000117,1102,2048,-946
123000118,422,883,-461
123000119,184,962,-778
123000120,381,869,-488
123000121,355,473,-118
123000122,384,354,30
123000123,524,505,19
123000124,771,640,131
123000125,1351,694,657
123000126,2269,1516,753
123000127,1886,818,1068
123000128,276,407,-131
123000129,233,136,97
123000130,285,48,237
123000131,546,402,144
123000132,379,504,-125
123000133,447,350,97
123000134,651,188,463
123000135,1017,1076,-59
123000136,191,1494,-1303
123000137,61,389,-328
123000138,48,436,-388
123000139,258,73,185
123000140,151,688,-537
123000141,756,51,705
123000142,996,1178,-182
123000143,1069,2772,-1703
123000144,37,21,16
123000145,139,101,38
123000146,14,68,-54
123000147,91,87,4
123000149,312,291,21
123000150,200,162,38
123000151,344,431,-87
123000152,35,319,-284
123000153,161,473,-312
123000154,1748,1502,246
123000155,2360,866,1494
123000156,43,77,-34
123000157,557,828,-271
123000158,805,459,346
123000159,2397,1367,1030
123000160,419,407,12
123000161,882,681,201
123000162,327,1077,-750
123000163,171,19,152
123000164,716,199,517
123000165,259,2020,-1761
123000166,26,155,-129
123000167,122,237,-115
123000168,155,357,-202
123000169,308,66,242
123000170,35,307,-272
123000171,141,89,52
123000172,207,715,-508
123000173,361,115,246
123000174,481,130,351
123000175,897,1355,-458
123000176,447,92,355
123000177,245,1058,-813
123000178,539,64,475
123000179,33,858,-825
123000180,1029,267,762
123000181,323,1452,-1129
123000182,98,435,-337
123000183,154,168,-14
123000184,49,832,-783
123000185,207,384,-177
123000186,8,649,-641
123000187,247,5,242
123000188,174,1,173
123000189,93,194,-101
123000190,19,65,-46
123000192,17,412,-395
123000193,31,533,-502
123000194,513,261,252
123000195,189,7,182
123000196,177,3,174
123000197,19,123,-104
123000198,4,169,-165
123000199,3,475,-472
123000200,206,3,203
123000201,386,9,377
123000202,13,1435,-1422
123000203,391,26,365
123000204,71,1333,-1262
123000205,283,2079,-1796
123000206,898,98,800
123000207,75,1059,-984
123000208,195,66,129
123000209,989,229,760
123000210,352,1717,-1365
123000211,535,2683,-2148
123000212,1280,264,1016
123000213,246,23,223
123000215,167,109,58
123000216,161,287,-126
123000217,108,25,83
123000218,67,280,-213
123000219,865,20,845
123000220,391,45,346
123000221,152,127,25
123000222,214,437,-223
123000223,75,595,-520
123000224,338,730,-392
123000225,276,58,218
123000226,114,376,-262
123000227,51,316,-265
123000228,136,41,95
123000229,1062,1735,-673
123000232,57,565,-508
123000233,502,127,375
123000234,90,626,-536
123000235,212,253,-41
123000236,100,836,-736
123000237,157,46,111
123000238,48,625,-577
123000239,397,1960,-1563
123000240,29,184,-155
123000241,876,116,760
123000242,27,129,-102
123000243,329,1058,-729
123000244,654,476,178
123000245,55,132,-77
123000249,461,746,-285
123000252,698,87,611
123000253,479,300,179
123000254,295,973,-678
123000255,565,637,-72
123000256,39,230,-191
123000257,2973,2293,680
123000258,784,1086,-302
123000259,115,332,-217
123000260,264,592,-328
123000261,97,123,-26
123000262,128,265,-137
123000263,235,87,148
123000264,180,56,124
123000265,71,113,-42
123000266,404,603,-199
123000267,153,246,-93
123000268,13,95,-82
123000269,26,38,-12
123000270,9,24,-15
123000271,31,127,-96
123000272,611,238,373
123000273,174,478,-304
123000274,930,329,601
123000275,249,1042,-793
123000278,2869,2357,512
123000279,50,63,-13
123000280,217,309,-92
123000281,153,56,97
123000282,58,304,-246
123000283,65,27,38
123000284,44,144,-100
123000286,283,206,77
123000287,621,210,411
123000288,715,479,236
123000289,408,584,-176
123000291,297,846,-549
123000294,217,275,-58
123000295,742,1217,-475
123000296,239,593,-354
123000297,245,962,-717
123000298,297,766,-469
123000299,30,326,-296
123000300,474,513,-39
123000301,45,166,-121
123000302,71,159,-88
123000303,24,157,-133
123000305,1012,902,110
123000306,33,229,-196
123000309,45,75,-30
123000310,48,23,25
123000311,1,137,-136
123000312,861,957,-96
123000313,196,259,-63
123000315,146,349,-203
123000316,1943,134,1809
123000317,198,48,150
123000318,79,283,-204
123000329,5,11,-6
123000337,134,196,-62
123000338,406,83,323
123000339,87,197,-110
123000340,176,416,-240
123000342,6,231,-225
123000343,42,2,40
123000344,945,348,597
123000345,362,501,-139
123000346,228,94,134
123000352,1979,768,1211
123000353,26,194,-168
123000354,90,3,87
123000355,1,350,-349
123000356,84,4,80
123000357,0,309,-309
123000359,4,215,-211
123000360,146,8,138
123000361,470,291,179
123000362,114,86,28
123000363,120,219,-99
123000364,410,306,104
123000365,25,202,-177
123000366,279,1067,-788
123000367,228,1021,-793
123000370,23,325,-302
123000371,217,11,206
123000372,91,6,85
123000373,9,412,-403
123000374,3,223,-220
123000375,109,14,95
123000376,506,560,-54
123000377,161,2,159
123000378,8,365,-357
123000379,3,205,-202
123000380,68,142,-74
123000381,139,32,107
123000382,996,24,972
123000383,183,590,-407
123000384,490,83,407
123000385,428,574,-146
123000436,33,584,-551
123000507,307,412,-105
123000508,337,348,-11
123000517,297,16,281
123000518,40,223,-183
123000519,123,80,43
123000520,50,231,-181
123000521,333,98,235
123000522,161,535,-374
123000541,2,0,2
123000542,0,28,-28
123000565,278,13,265
123000566,41,980,-939
123000567,99,274,-175
123000573,18,957,-939
123000574,267,50,217
123000575,1178,1205,-27
123000576,613,1707,-1094
123000577,89,450,-361
123000578,660,97,563
123000579,5279,2275,3004
123000580,70,10,60
123000582,180,29,151
123000583,11,406,-395
123000584,85,235,-150
123000585,0,98,-98
123000586,17,0,17
123000596,137,128,9
123000597,37,96,-59
123000602,18,0,18
123000603,235,823,-588
123000604,339,1224,-885
123000605,601,54,547
123000606,0,173,-173
123000609,13,403,-390
123000610,76,67,9
123000613,46,158,-112
123000614,144,41,103
123000615,80,264,-184
123000616,237,28,209
123000617,30,381,-351
123000618,40,628,-588
123000619,468,11,457
123000620,10,522,-512
123000622,229,17,212
123000624,140,56,84
123000630,531,413,118
123000631,186,2116,-1930
123000632,1158,1195,-37
123000633,0,248,-248
123000634,58,36,22
123000635,222,140,82
123000636,8,757,-749
123000637,134,35,99
123000638,334,89,245
123000639,928,1903,-975
123000640,49,1031,-982
123000648,168,53,115
123000649,39,721,-682
123900001,1337,41,1296
123900002,13,750,-737
123900003,341,582,-241
123900005,102,94,8
123900006,177,21,156
124000001,1237,159,1078
124000002,96,1619,-1523
124000003,342,119,223
124000004,59,660,-601
124000005,541,262,279
124000006,248,1598,-1350
124000007,506,91,415
124000008,15,488,-473
124000009,270,229,41
124000010,97,626,-529
124000011,537,229,308
124000012,203,869,-666
124000017,61,98,-37
124000018,81,143,-62
124000019,66,94,-28
124000020,36,299,-263
124000021,47,70,-23
124000022,119,242,-123
124000023,791,1043,-252
124000024,1070,629,441
124000025,848,916,-68
124000026,1098,944,154
124000027,4926,2596,2330
124000028,2854,3332,-478
124000030,3188,1191,1997
124000031,843,1005,-162
124000032,5728,1381,4347
124000033,553,265,288
124000034,1553,1404,149
124000035,167,78,89
124000036,122,752,-630
124000037,182,366,-184
124000038,47,116,-69
124000039,1024,268,756
124000040,621,475,146
124000041,130,56,74
124000042,49,318,-269
124000043,282,87,195
124000044,169,309,-140
124000045,404,435,-31
124000046,154,756,-602
124000047,596,742,-146
124000048,483,1989,-1506
124000049,686,681,5
124000050,472,2524,-2052
124000051,300,469,-169
124000052,345,1510,-1165
124000053,486,784,-298
124000054,734,789,-55
124000055,1036,1093,-57
124000056,3720,1369,2351
124000057,692,356,336
124000058,352,1404,-1052
124000059,352,497,-145
124000060,998,928,70
124000061,1115,2375,-1260
124000062,8066,1763,6303
124000063,1385,1653,-268
124000064,2676,1819,857
124000065,190,320,-130
124000066,278,39,239
124000067,38,167,-129
124000068,38,102,-64
124000069,222,248,-26
124000070,96,561,-465
124000071,144,101,43
124000072,145,567,-422
124000073,464,98,366
124000074,148,974,-826
124000075,84,24,60
124000076,7,261,-254
124000077,1740,629,1111
124000078,2461,387,2074
124000079,740,845,-105
124000080,191,117,74
124000081,128,845,-717
124000082,28,122,-94
124000083,53,192,-139
124000084,74,198,-124
124000085,94,50,44
124000086,31,97,-66
124000087,76,49,27
124000088,119,286,-167
124000089,260,275,-15
124000090,88,477,-389
124000091,273,134,139
124000092,81,724,-643
124000093,100,67,33
124000094,164,360,-196
124000095,47,70,-23
124000096,73,250,-177
124000097,69,99,-30
124000098,46,151,-105
124000099,103,86,17
124000100,27,114,-87
124000101,18,138,-120
124000102,93,111,-18
124000103,50,113,-63
124000104,68,99,-31
124000105,18,51,-33
124000106,141,108,33
124000107,13,69,-56
124000108,86,28,58
124000109,102,44,58
124000110,160,137,23
124000111,196,135,61
124000112,379,583,-204
124000113,33,65,-32
124000114,152,569,-417
124000115,250,621,-371
124000116,63,91,-28
124000117,95,86,9
124000118,45,79,-34
124000119,998,489,509
124000120,438,527,-89
124000121,2512,707,1805
124000122,632,1092,-460
124000123,801,339,462
124000124,558,862,-304
124000125,286,297,-11
124000126,405,532,-127
124000127,425,324,101
124000128,529,932,-403
124000129,1313,1021,292
124000130,726,523,203
124000131,732,435,297
124000132,813,664,149
124000133,594,667,-73
124000134,590,728,-138
124000135,1143,1040,103
124000136,802,1067,-265
124000137,1085,412,673
124000138,1362,882,480
124000139,561,61,500
124000140,75,655,-580
124000141,222,19,203
124000142,38,649,-611
124000143,25,6,19
124000144,6,190,-184
124000145,42,32,10
124000146,6,122,-116
124000148,9,44,-35
124000149,687,266,421
124000150,314,517,-203
124000151,472,242,230
124000152,694,1096,-402
124000153,718,383,335
124000154,865,787,78
124000155,1033,581,452
124000156,1391,889,502
124000169,307,323,-16
124000170,630,386,244
124000171,180,247,-67
124000172,369,691,-322
124000173,260,288,-28
124000174,213,845,-632
124000175,8,178,-170
124000176,30,7,23
124000177,13,53,-40
124000178,11,29,-18
124000185,12,10,2
124000186,4,88,-84
124000187,0,126,-126
124000188,15,2,13
124000190,230,23,207
124000191,510,140,370
124000192,1999,260,1739
124000193,405,959,-554
124000194,414,558,-144
124000195,194,502,-308
124000196,887,1210,-323
124000197,57,67,-10
124000198,15,40,-25
124000201,168,1087,-919
124000202,343,99,244
124000203,81,1183,-1102
124000204,193,457,-264
124000205,35,671,-636
124000206,144,350,-206
124000207,1,53,-52
124000209,179,593,-414
124000210,117,152,-35
124000211,109,0,109
124000212,0,554,-554
124000213,128,379,-251
124000214,120,720,-600
124000215,55,6,49
124000216,1,646,-645
124000329,51,2461,-2410
124000338,17,1216,-1199
124000339,216,76,140
124000341,411,60,351
124000344,70,46,24
124000357,686,1441,-755
124000358,636,1063,-427
124000359,600,473,127
124000360,366,421,-55
124000361,1027,804,223
124000362,1518,1850,-332
124000363,292,491,-199
124000364,458,1000,-542
124000365,714,1235,-521
124000366,2118,994,1124
124000367,72,689,-617
124000368,137,181,-44
124000369,59,90,-31
124000370,92,516,-424
124000402,13,4,9
124000403,20,7,13
124000404,7,111,-104
124000405,846,617,229
124000406,949,738,211
124000407,2,28,-26
124000411,3,419,-416
124000412,155,24,131
124000413,268,51,217
124000414,35,124,-89
124000415,22,247,-225
124000416,120,325,-205
124000417,127,107,20
124000418,68,132,-64
124000419,70,207,-137
124000420,44,59,-15
124000421,13,338,-325
124000422,28,12,16
124000423,104,26,78
124000424,2,184,-182
124000425,20,10,10
124000426,2,263,-261
124000427,37,15,22
124000428,13,23,-10
124000429,16,56,-40
124000430,413,542,-129
124000431,318,578,-260
124000432,100,911,-811
124000439,1,4,-3
124000443,1,5,-4
124000445,159,340,-181
124000446,3123,147,2976
124000447,13,48,-35
124000448,20,8,12
124000449,25,3,22
124000450,7,449,-442
124000451,2,208,-206
124900001,282,236,46
124900002,77,506,-429
124900003,427,495,-68
124900004,193,328,-135
124900005,165,188,-23
124900006,235,381,-146
124900008,893,429,464
124900009,173,160,13
124900010,67,26,41
124900011,163,99,64
124900012,287,61,226
124900013,220,101,119
124900014,149,62,87
124900015,83,92,-9
124900016,15,35,-20
124900017,481,259,222
124900018,13,1,12
124900020,32,41,-9
124900021,78,31,47
124900022,6,8,-2
124900024,106,10,96
124900026,119,23,96
124900027,34,152,-118
124900028,614,152,462
124900029,7,338,-331
124900030,2,113,-111
124900031,9,367,-358
124900032,234,117,117
124900033,46,365,-319
124900034,5,139,-134
124900035,92,363,-271
124900036,0,49,-49
124900037,104,288,-184
124900038,250,378,-128
124900039,1,23,-22
124900040,32,84,-52
124900041,223,1430,-1207
124900042,21,2,19
124900043,269,1346,-1077
124900044,37,0,37
124900045,479,700,-221
124900047,128,166,-38
124900048,104,134,-30
124900050,128,322,-194
124900052,132,373,-241
124900053,38,385,-347
124900054,2562,335,2227
124900055,0,100,-100
124900057,10,70,-60
124900060,49,222,-173
124900061,23,3,20
124900062,18,6,12
124900066,0,11,-11
124900067,6,155,-149
124900068,180,176,4
124900070,26,8,18
124900072,33,6,27
124900075,71,240,-169
124900076,20,363,-343
124900077,20,125,-105
124900078,25,4,21
124900079,741,43,698
124900080,177,736,-559
124900081,471,209,262
124900082,253,1161,-908
124900083,160,520,-360
124900085,1280,140,1140
124900086,64,590,-526
124900087,548,36,512
124900088,599,73,526
124900089,1472,30,1442
124900090,109,137,-28
124900091,164,593,-429
124900092,130,434,-304
124900093,106,155,-49
124900094,148,169,-21
124900095,67,276,-209
124900096,431,88,343
124900097,154,45,109
124900098,97,374,-277
124900099,440,242,198
124900100,126,18,108
124900101,34,500,-466
124900102,109,11,98
124900103,57,297,-240
124900104,21,264,-243
124900105,46,178,-132
124900106,169,36,133
124900107,36,7,29
124900108,222,18,204
124900111,1,75,-74
124900112,42,748,-706
124900113,131,97,34
124900114,318,45,273
124900115,40,23,17
124900116,54,74,-20
124900117,654,129,525
124900118,98,84,14
124900119,236,88,148
124900120,37,366,-329
124900121,75,139,-64
124900122,475,216,259
124900123,536,61,475
124900124,154,180,-26
204000001,33,23,10
204000002,16,25,-9
204000003,8,4,4
204000004,8,5,3
204000005,378,293,85
204000006,700,784,-84
204000011,21,53,-32
204000012,24,122,-98
204000019,493,466,27
204000020,288,763,-475
204000021,1719,694,1025
204000022,320,453,-133
204000023,300,1566,-1266
204000031,86,25,61
204000032,511,28,483
204000034,18,286,-268
204000035,0,3,-3
204000036,6,14,-8
204000037,5,39,-34
204000038,1,38,-37
204000039,7,52,-45
204000040,5,42,-37
204000041,5,51,-46
204000042,14,6,8
204000043,13,5,8
204000044,11,1,10
204000045,8,9,-1
204000046,11,6,5
204000057,1,35,-34
204000062,9,251,-242
204000068,28,159,-131
204000069,14,176,-162
204000070,52,118,-66
204000080,18,53,-35
204000085,1130,1638,-508
204000086,2891,2225,666
204000087,52,18,34
204000088,4,114,-110
204000090,16,387,-371
204000093,151,45,106
204000096,388,572,-184
204000097,158,55,103
204000099,706,988,-282
204000100,564,979,-415
204000105,1721,1456,265
204000110,589,1355,-766
204000111,294,807,-513
204000112,623,966,-343
204000113,439,911,-472
204000114,614,304,310
204000115,281,303,-22
204000116,476,452,24
204000119,1349,1283,66
204000132,359,190,169
204000133,465,239,226
204000134,119,139,-20
204000135,289,137,152
204000136,185,240,-55
204000138,171,176,-5
204000140,122,92,30
204000141,86,63,23
204000144,2,26,-24
204000145,676,20,656
204000146,32,289,-257
204000147,32,188,-156
204000148,342,26,316
204000154,5,3,2
204000155,1,9,-8
204000177,111,70,41
204000179,12,1,11
204000180,0,49,-49
204000222,1,30,-29
204000235,7,11,-4
204000236,119,286,-167
204000238,28,15,13
204000240,426,85,341
204000263,359,1488,-1129
204000268,873,430,443
204000308,123,19,104
204000317,24,74,-50
204000322,1,23,-22
204000323,16,14,2
204000328,178,55,123
204000329,106,67,39
204000330,153,113,40
204000331,60,184,-124
205000001,1090,1187,-97
205000013,15,112,-97
205000014,16,171,-155
205000015,23,266,-243
205000016,27,158,-131
205000017,15,84,-69
205000022,332,516,-184
205000025,1451,888,563
205000029,200,4,196
205000045,63,174,-111
205000046,43,534,-491
205000047,36,523,-487
205000048,137,1014,-877
205000049,105,683,-578
205000050,1062,267,795
205000059,3,265,-262
205000060,0,61,-61
205000061,1,25,-24
205000062,2,21,-19
205000063,11,88,-77
205000064,12,127,-115
205000065,51,747,-696
205000066,80,765,-685
205000067,67,1124,-1057
205000069,202,22,180
205000082,116,158,-42
205000110,86,214,-128
205000111,134,318,-184
205000112,101,110,-9
205000113,208,198,10
205000121,110,43,67
205000123,62,179,-117
205000126,314,74,240
205000127,507,96,411
205000128,396,72,324
205000129,384,77,307
205000130,142,27,115
205000131,174,6,168
205000132,285,2,283
205000133,133,4,129
205000134,110,0,110
205000137,67,179,-112
205000138,288,326,-38
205000139,26,90,-64
205000144,66,38,28
205000145,206,92,114
205000151,69,20,49
205000152,102,27,75
205000153,153,38,115
205000154,30,55,-25
205000155,60,9,51
205000207,19,163,-144
205000233,14,3,11
205000234,0,2,-2
205000243,0,1,-1
205000244,0,1,-1
205000245,17,309,-292
205000249,0,21,-21
205000250,1,1,0
205000264,4,83,-79
206000027,8,0,8
206000028,9,3,6
206000043,12,134,-122
206000053,3,12,-9
206000054,3,28,-25
206000055,1,29,-28
206000075,4,13,-9
206000076,35,9,26
206000077,15,2,13
206000078,9,3,6
206000079,8,1,7
206000082,387,16,371
206000100,48,688,-640
206000103,6,33,-27
206000104,9,23,-14
206000105,6,27,-21
206000106,15,40,-25
206000125,49,0,49
206000157,89,827,-738
206000170,1,214,-213
206000171,2,261,-259
206000172,5,1052,-1047
206000173,2,408,-406
206000174,3,186,-183
206000175,3,238,-235
206000176,17,383,-366
206000177,1,273,-272
206000178,5,204,-199
206000179,9,85,-76
206000180,31,245,-214
206000181,4,407,-403
206000182,19,405,-386
206000183,23,1163,-1140
206000184,1,514,-513
206000185,4,393,-389
206000186,119,1834,-1715
206000223,5,311,-306
206000226,7,4,3
206000227,18,1,17
206000237,20,453,-433
206000238,47,805,-758
206000239,547,2628,-2081
206000240,0,64,-64
206000241,2,157,-155
206000242,3,567,-564
206000243,23,486,-463
206000244,51,1158,-1107
206000245,276,41,235
206000246,49,12,37
206000247,59,15,44
206000248,130,6,124
206000252,62,32,30
206000258,15,56,-41
206000315,25,5,20
206000317,257,63,194
206000318,125,46,79
206000319,461,64,397
206000320,31,25,6
206000321,52,10,42
206000322,154,16,138
206000323,56,11,45
206000324,73,10,63
206000325,87,6,81
206000326,87,3,84
206000327,115,11,104
206000328,58,3,55
206000329,73,6,67
206000330,20,5,15
206000331,77,4,73
206000332,19,4,15
206000333,150,5,145
206000334,175,0,175
206000335,0,13,-13
206000361,6,245,-239
206000392,4,40,-36
206000405,118,0,118
206000441,11,9,2
206000498,13,3,10
206000515,118,16,102
206000530,82,30,52
206000531,124,46,78
206000532,2346,83,2263
206000535,325,2207,-1882
206000536,27,313,-286
206000537,4,184,-180
206000613,1172,159,1013
206000784,534,39,495
207000001,128,384,-256
207000002,28,315,-287
207000003,141,209,-68
207000007,514,184,330
207000008,28,13,15
207000009,81,39,42
207000010,440,661,-221
207000012,174,184,-10
207000015,264,2078,-1814
207000019,122,63,59
207000021,441,153,288
207000022,65,95,-30
207000023,73,27,46
207000024,1,3,-2
207000025,16,67,-51
207000026,121,37,84
207000027,11,55,-44
207000028,61,224,-163
207000029,192,406,-214
207000033,149,233,-84
207000034,172,84,88
207000039,181,121,60
207000040,140,157,-17
207000041,33,32,1
207000042,111,81,30
207000043,180,190,-10
207000051,90,335,-245
207000052,16,189,-173
207000053,353,730,-377
207000054,44,116,-72
207000055,80,219,-139
207000056,181,430,-249
207000057,149,316,-167
207000058,56,562,-506
207000059,48,997,-949
207000060,29,338,-309
207000061,108,163,-55
207000062,116,44,72
207000063,134,155,-21
207000064,232,180,52
207000065,186,207,-21
207000066,87,143,-56
207000067,54,108,-54
207000068,65,54,11
207000069,591,289,302
207000082,45,440,-395
207000083,35,437,-402
207000084,148,175,-27
207000085,127,13,114
207000086,68,2,66
207000106,9,33,-24
207000107,30,21,9
207000108,38,11,27
207000109,29,7,22
207000110,44,33,11
207000111,44,58,-14
207000112,147,205,-58
207000114,25,34,-9
207000115,19,76,-57
207000116,10,226,-216
207000117,4,129,-125
207000118,1,82,-81
207000119,25,120,-95
207000123,170,27,143
207000124,61,16,45
207000125,60,17,43
207000126,88,32,56
207000134,25,295,-270
207000135,33,328,-295
207000148,44,147,-103
207000149,126,25,101
207000152,160,379,-219
207000153,1064,820,244
207000154,351,135,216
207000159,53,287,-234
207000160,72,653,-581
207000238,0,61,-61
207000242,1,176,-175
207000248,30,28,2
207000249,170,58,112
207000250,642,53,589
207000251,90,51,39
207000252,65,48,17
207000278,57,71,-14
207000279,24,264,-240
207000280,243,71,172
207000281,53,1408,-1355
207000282,277,52,225
207000283,167,223,-56
207000284,87,116,-29
207000285,209,63,146
207000291,3,125,-122
207000304,88,76,12
207000306,47,427,-380
207000310,21,63,-42
207000353,168,7,161
207000356,0,19,-19
207000357,19,13,6
207000358,33,9,24
207000415,13,167,-154
207000417,19,3,16
207000418,68,150,-82
207000438,0,2,-2
207000439,1065,273,792
207000446,105,6,99
207000460,6,11,-5
207000466,166,153,13
207000467,117,78,39
207000468,23,576,-553
207000476,2,84,-82
207000477,203,110,93
207000478,0,11,-11
207000523,0,38,-38
207000524,42,0,42
207000527,94,146,-52
207000530,127,6,121
207000531,186,5,181
207000532,82,14,68
207000534,666,45,621
207000535,47,180,-133
207000537,21,129,-108
207000540,5,165,-160
207000541,2,278,-276
207000548,5,309,-304
207000549,121,11,110
207000561,80,101,-21
207000562,22,214,-192
207000567,106,269,-163
207000568,36,82,-46
207000569,79,1164,-1085
207000584,364,121,243
207000585,66,198,-132
207000587,32,27,5
207000616,0,194,-194
207000617,69,0,69
207000624,81,28,53
207000631,16,46,-30
207900008,96,248,-152
208000001,319,590,-271
208000002,265,455,-190
208000003,638,474,164
208000004,828,692,136
208000005,11,14,-3
208000019,432,798,-366
208000020,123,389,-266
208000021,87,466,-379
208000022,508,752,-244
208000028,1155,703,452
208000033,368,625,-257
208000034,953,1471,-518
208000037,408,45,363
208000040,243,200,43
208000041,1446,392,1054
208000042,1060,580,480
208000047,54,341,-287
208000064,2471,1405,1066
208000066,1198,749,449
208000070,211,442,-231
208000071,303,776,-473
208000072,320,1199,-879
208000080,131,392,-261
208000081,128,175,-47
208000082,186,423,-237
208000083,89,495,-406
208000084,29,11,18
208000085,855,634,221
208000086,439,929,-490
208000087,203,722,-519
208000089,518,619,-101
208000090,447,1050,-603
208000093,105,80,25
208000094,311,553,-242
208000095,535,368,167
208000104,723,1095,-372
208000105,382,1214,-832
208000114,86,174,-88
208000115,418,323,95
208000116,216,957,-741
208000117,116,98,18
208000118,56,73,-17
208000155,383,1046,-663
208000158,1725,2009,-284
208000186,2622,1607,1015
208000204,299,856,-557
208000205,902,1384,-482
208000282,3153,1034,2119
209000004,125,162,-37
209000005,15,26,-11
209000006,395,146,249
209000007,211,164,47
209000010,473,162,311
209000011,152,162,-10
209000012,161,244,-83
209000013,166,678,-512
209000014,802,1842,-1040
209000025,177,42,135
209000026,376,71,305
209000027,270,1148,-878
209000028,300,1056,-756
209000029,547,909,-362
209000030,545,1674,-1129
209000031,4241,2805,1436
209000034,182,182,0
209000035,129,123,6
209000036,69,126,-57
209000037,144,255,-111
209000038,84,185,-101
209000039,65,182,-117
209000040,292,430,-138
209000041,139,394,-255
209000042,183,329,-146
209000043,703,575,128
209000044,180,507,-327
209000045,992,359,633
209000046,261,412,-151
209000047,312,174,138
209000048,284,203,81
209000049,105,189,-84
209000050,207,323,-116
209000051,280,395,-115
209000052,138,429,-291
209000062,38,215,-177
209000063,40,189,-149
209000064,11,165,-154
209000065,26,25,1
209000066,32,27,5
209000067,50,84,-34
209000080,20,158,-138
209000082,57,31,26
209000091,56,112,-56
209000093,100,37,63
209000094,249,129,120
209000110,44,57,-13
209000111,410,895,-485
209000112,434,434,0
209000113,916,400,516
209000114,256,241,15
209000115,99,228,-129
209000116,952,624,328
209000118,9,53,-44
209000119,24,4,20
209000121,146,846,-700
209000135,54,78,-24
209000142,717,720,-3
209000143,111,79,32
209000144,33,54,-21
209000229,128,141,-13
209000240,30,469,-439
209000259,196,157,39
209000260,50,835,-785
209000261,9,576,-567
209000262,3,545,-542
209000263,0,107,-107
209000264,0,29,-29
209000265,590,25,565
209000266,63,6,57
209000267,322,25,297
209000268,617,29,588
210000037,55,20,35
210000047,62,38,24
210000048,31,21,10
210000049,70,22,48
210000052,26,149,-123
210000053,21,79,-58
210000054,33,78,-45
210000070,50,0,50
210000071,19,0,19
210000072,12,0,12
210000073,0,33,-33
210000074,1,138,-137
210000075,1,63,-62
210000076,5,172,-167
210000077,90,41,49
210000078,87,30,57
210000079,37,5,32
210000080,106,52,54
210000081,101,1,100
210000082,52,1,51
210000083,78,0,78
210000084,25,0,25
210000085,1,75,-74
210000086,3,138,-135
210000099,33,237,-204
210000100,29,248,-219
210000101,76,251,-175
210000105,40,204,-164
210000159,0,138,-138
210000163,188,262,-74
210000164,313,108,205
210000168,141,22,119
210000187,0,12,-12
210000188,0,23,-23
210000214,41,0,41
210000219,17,78,-61
210000220,41,116,-75
210000232,1,19,-18
210000233,32,54,-22
210000234,37,155,-118
210000235,32,165,-133
210000245,0,41,-41
210000246,15,1,14
210000258,14,131,-117
210000259,221,15,206
210000282,66,205,-139
210000285,0,123,-123
210000286,9,192,-183
210000290,3,2,1
210000295,40,183,-143
210000296,66,46,20
210000320,84,137,-53
210000321,45,59,-14
210000338,94,70,24
210000339,596,733,-137
210000340,125,197,-72
210000341,144,198,-54
210000342,112,177,-65
210000343,117,212,-95
210000344,232,95,137
210000345,179,164,15
210000346,35,89,-54
210000347,138,42,96
210000348,128,17,111
210000349,123,21,102
210000350,71,58,13
210000351,89,117,-28
210000352,45,80,-35
210000353,37,136,-99
210000354,32,93,-61
210000355,38,95,-57
210000356,46,51,-5
210000357,54,33,21
210000358,353,77,276
210000359,70,54,16
210000360,118,99,19
210000361,106,152,-46
210000362,185,158,27
210000363,915,129,786
210000364,98,101,-3
210000365,71,47,24
210000366,75,44,31
210000367,46,30,16
210000368,118,23,95
210000369,15,25,-10
210000370,53,53,0
210000372,30,22,8
210000373,29,6,23
210000374,46,27,19
210000375,23,92,-69
210000376,45,132,-87
210000404,124,147,-23
210000439,19,46,-27
210000472,100,4,96
210000482,81,55,26
210000564,579,142,437
210000567,0,28,-28
210000568,556,3,553
211000092,22,64,-42
211000094,94,20,74
211000169,265,10,255
211000172,8,239,-231
211000209,3,3,0
211000226,8,37,-29
211000270,20,16,4
211000275,17,38,-21
211000276,40,25,15
211000279,6,65,-59
211000281,46,86,-40
211000302,13,87,-74
211507980,2,16,-14
211977296,0,6,-6
212000003,68,53,15
212000004,119,22,97
212000005,21,14,7
212000006,32,97,-65
212000008,71,199,-128
212000009,11,127,-116
212000012,36,75,-39
212000013,10,58,-48
212000014,164,156,8
212000015,136,164,-28
212000016,314,494,-180
212000027,369,437,-68
212000028,166,398,-232
212000029,132,233,-101
212000030,18,21,-3
212000031,27,73,-46
212000048,40,75,-35
212000049,15,51,-36
212000050,13,8,5
212000051,128,214,-86
212000052,105,408,-303
212000053,213,521,-308
212000054,134,148,-14
212000055,113,236,-123
212000056,7,33,-26
212000057,7,29,-22
212000058,275,31,244
212000070,78,308,-230
212000077,71,769,-698
212000099,128,190,-62
212000108,125,160,-35
212000111,121,149,-28
212000120,126,139,-13
212000138,61,20,41
212000156,8,134,-126
212000158,8,14,-6
212000159,175,60,115
212000160,288,211,77
212000161,19,16,3
212000310,26,9,17
212000311,3,61,-58
212000374,12,17,-5
213000001,31,602,-571
213000005,257,80,177
213000006,1093,148,945
213000007,51,11,40
213000009,561,203,358
213000010,113,139,-26
213000011,194,118,76
213000012,99,400,-301
213000014,33,5,28
213000015,186,1,185
213000016,122,0,122
213000017,16,0,16
213000018,1,218,-217
213000019,1,208,-207
213000020,125,328,-203
213000021,8,103,-95
213000023,218,135,83
213000033,214,598,-384
213000034,343,318,25
213000035,97,108,-11
213000045,86,266,-180
213000046,86,167,-81
213000047,400,631,-231
213000056,25,17,8
213000069,60,0,60
213000073,7,18,-11
213000074,177,509,-332
213000075,427,17,410
213000076,6,2,4
213000085,9,24,-15
213000086,9,252,-243
213000091,59,8,51
213000092,62,8,54
213000099,133,812,-679
213000100,1408,220,1188
213000101,166,186,-20
213000102,172,427,-255
213000103,569,624,-55
213000104,45,415,-370
213000105,1,90,-89
213000106,11,209,-198
213000107,109,792,-683
213000108,9,593,-584
213000109,2,273,-271
213000110,2,92,-90
213000111,14,53,-39
213000112,206,113,93
213000115,27,7,20
213000116,160,675,-515
213000117,13,819,-806
213000118,209,290,-81
213000119,39,861,-822
213000120,78,787,-709
213000122,258,1016,-758
213000123,767,1911,-1144
213000124,48,1774,-1726
213000125,119,9,110
213000126,50,87,-37
213000127,179,147,32
213000128,794,490,304
213000129,454,375,79
213000130,278,186,92
213000132,175,80,95
213000133,171,77,94
213000134,516,29,487
213000136,220,24,196
213000137,484,81,403
213000139,507,11,496
213000147,26,1,25
213000148,10,5,5
213000149,20,8,12
213000150,0,45,-45
213000151,2,63,-61
213000152,0,75,-75
213000153,1,26,-25
213000154,19,284,-265
213000155,20,321,-301
213000156,58,706,-648
213000157,662,560,102
213000158,214,573,-359
213000159,310,596,-286
213000163,267,89,178
213000165,513,163,350
213000171,1,157,-156
213000172,0,333,-333
213000173,2,300,-298
213000174,1,191,-190
213000175,3,132,-129
213000176,1,33,-32
213000177,10,4,6
213000178,35,3,32
213000179,79,0,79
213000180,43,0,43
213000184,49,366,-317
213000188,255,91,164
213000189,117,36,81
213000190,705,686,19
213000191,151,675,-524
213000192,100,791,-691
213000193,1326,157,1169
213000194,1,23,-22
213000195,21,524,-503
213000196,132,821,-689
213000197,241,250,-9
213000198,32,3,29
213000200,93,1004,-911
213000201,102,47,55
213000202,11,738,-727
213000203,2818,394,2424
213000204,395,34,361
213000205,121,26,95
213000206,211,40,171
213000207,38,7,31
213000208,123,6,117
213000209,118,4,114
213000210,181,4,177
213000211,4,6,-2
213000212,17,28,-11
213000213,10,18,-8
213000218,109,992,-883
213000219,486,23,463
213000220,488,11,477
213000223,218,116,102
213000224,70,43,27
213000225,13,2,11
213000226,34,5,29
213000227,438,192,246
213000228,110,65,45
213000229,688,21,667
213000230,284,24,260
213000232,64,502,-438
213000233,2,22,-20
213000234,6,17,-11
213000293,5,43,-38
213000294,95,11,84
213000295,20,72,-52
213000296,89,22,67
213000297,5,63,-58
213000298,11,91,-80
213000299,44,46,-2
213000300,83,7,76
213000303,2,24,-22
213000304,0,1,-1
213000305,2,7,-5
213000306,59,17,42
213000307,281,91,190
213000308,69,272,-203
213000309,44,46,-2
213000310,200,144,56
213000311,316,555,-239
213000315,56,128,-72
213000316,18,50,-32
213000322,37,110,-73
213000323,55,89,-34
213000324,31,13,18
213000325,11,72,-61
213000326,4,8,-4
213000327,2,28,-26
213000328,1,80,-79
213000329,23,14,9
213000340,110,1013,-903
213000341,205,75,130
213000346,181,92,89
213000347,1019,180,839
213000348,73,215,-142
213000349,135,26,109
213000350,165,1281,-1116
213000366,22,246,-224
213000367,95,33,62
213000379,392,315,77
213000386,8,209,-201
213000406,84,357,-273
213000417,760,376,384
213000425,71,53,18
213000426,69,70,-1
213000427,16,271,-255
213000428,13,240,-227
213000429,41,4,37
213000430,39,1046,-1007
213000431,87,3,84
213000432,1,6,-5
213000433,2,101,-99
213000434,28,101,-73
213000435,39,105,-66
213000436,3,86,-83
213000437,0,1,-1
213000438,114,68,46
213000439,18,11,7
213000440,33,238,-205
213000441,4,0,4
213000442,0,40,-40
213000443,385,274,111
213000444,10,32,-22
213000445,0,101,-101
213000446,0,13,-13
213000447,1,35,-34
213000448,1,46,-45
213000449,129,2,127
213000450,11,36,-25
213000451,76,95,-19
213000452,29,27,2
213000453,24,297,-273
213000455,866,3,863
213000456,1,591,-590
213000481,22,6,16
213000482,81,5,76
213000489,445,46,399
213000491,0,74,-74
213000492,118,2,116
213000493,0,43,-43
213000494,91,133,-42
213000495,0,95,-95
213000496,143,198,-55
213000497,20,326,-306
213000498,55,257,-202
213000499,90,691,-601
213000500,215,87,128
213000501,53,22,31
213000502,70,37,33
213000503,2,72,-70
213000504,7,208,-201
213000505,5,14,-9
213000506,0,4,-4
213000507,1,155,-154
213900244,5,0,5
213900245,0,36,-36
218000003,25,16,9
218000004,17,13,4
218000005,24,26,-2
218000006,66,39,27
218000007,4,10,-6
218000012,267,123,144
218000013,81,156,-75
218000014,472,374,98
218000019,936,406,530
218000020,264,401,-137
218000021,9,59,-50
218000022,4,29,-25
218000023,2,23,-21
218000024,1,13,-12
218000025,11,16,-5
218000026,6,32,-26
218000027,0,12,-12
218000028,1,5,-4
218000029,1,1,0
218000030,4,11,-7
218000031,1,22,-21
218000032,1,14,-13
218000040,9,1,8
218000046,31,181,-150
218000047,11,270,-259
218000048,108,295,-187
218000049,133,191,-58
218000050,273,374,-101
218000051,42,378,-336
218000052,7,142,-135
218000053,2,25,-23
218000054,67,37,30
218000055,0,9,-9
218000056,16,53,-37
218000057,0,40,-40
218000064,0,9,-9
218000065,23,47,-24
218000066,16,100,-84
218000067,18,101,-83
218000068,52,113,-61
218000069,79,173,-94
218000070,82,338,-256
218000071,158,233,-75
218000072,316,255,61
218000078,445,1222,-777
218000079,36,53,-17
218000080,52,58,-6
218000081,137,287,-150
218000082,12,133,-121
218000083,23,76,-53
218000084,41,215,-174
218000085,81,482,-401
218000086,27,178,-151
218000087,159,273,-114
218000090,7,81,-74
218000091,760,517,243
218000092,27,174,-147
218000093,47,128,-81
218000094,456,860,-404
218000099,262,382,-120
218000100,203,266,-63
218000101,63,188,-125
218000102,168,316,-148
218000103,29,156,-127
218000104,28,65,-37
218000105,27,4,23
218000106,10,9,1
218000107,49,103,-54
218000108,4,37,-33
218000112,46,8,38
218000117,20,34,-14
218000134,441,829,-388
218000135,24,108,-84
218000136,224,45,179
218000137,106,122,-16
218000138,10,66,-56
218000139,101,300,-199
218000140,172,208,-36
218000141,20,72,-52
218000142,110,153,-43
218000143,32,162,-130
218000144,46,69,-23
218000145,172,404,-232
218000146,36,105,-69
218000151,6,15,-9
218000152,52,71,-19
218000153,0,1,-1
218000154,2,0,2
218000155,4,1,3
218000156,23,8,15
218000157,5,8,-3
218000158,2,2,0
218000159,0,1,-1
218000160,1,0,1
218000161,3,2,1
218000162,8,3,5
218000163,0,2,-2
218000164,6,5,1
218000165,18,16,2
218000170,3,34,-31
218000171,36,13,23
218000172,17,2,15
218000173,79,16,63
218000174,15,7,8
218000176,107,28,79
218000177,280,83,197
218000178,55,99,-44
218000179,56,37,19
218000180,41,18,23
218000181,86,31,55
218000187,3,4,-1
218000188,35,36,-1
218000189,9,76,-67
218000190,9,18,-9
218000191,66,81,-15
218000192,124,312,-188
218000193,306,524,-218
218000194,65,541,-476
218000195,69,86,-17
218000196,198,282,-84
218000197,133,402,-269
218000198,4,193,-189
218000199,20,33,-13
218000200,107,74,33
218000201,6,8,-2
218000202,136,137,-1
218000207,16,156,-140
218000208,23,66,-43
218000211,41,20,21
218000212,2,3,-1
218000213,89,61,28
218000214,10,21,-11
218000215,34,93,-59
218000217,3,117,-114
218000218,128,62,66
218000219,17,10,7
218000220,91,255,-164
218000221,444,136,308
218000222,63,13,50
218000223,39,115,-76
218000224,5,44,-39
218000225,197,23,174
218000226,67,49,18
218000230,2,0,2
218000232,29,61,-32
218000239,93,4,89
218000240,8,1,7
218000241,17,2,15
218000242,51,1,50
218000243,46,0,46
218000244,14,2,12
218000245,1,2,-1
218000246,0,0,0
218000247,0,0,0
218000248,0,37,-37
218000249,1,3,-2
218000250,5,7,-2
218000251,3,22,-19
218000252,0,35,-35
218000253,24,6,18
218000254,0,2,-2
218000255,0,7,-7
218000256,12,56,-44
218000267,895,1300,-405
218000268,14,82,-68
218000269,10,12,-2
218000270,38,98,-60
218000271,52,87,-35
218000273,12,5,7
218000274,18,3,15
218000275,7,24,-17
218000276,3,46,-43
218000278,7,41,-34
218000279,42,72,-30
218000280,33,59,-26
218000281,48,16,32
218000282,414,208,206
218000284,93,11,82
218000301,26,109,-83
218000302,83,27,56
218000303,57,81,-24
218000316,513,1257,-744
218000317,508,1252,-744
218000318,276,992,-716
218000319,517,1520,-1003
218000320,496,745,-249
218000338,50,36,14
218000345,109,40,69
218000346,45,178,-133
218000459,59,360,-301
218000490,61,36,25
218000501,32,45,-13
218000502,13,158,-145
218000503,60,17,43
218000504,84,7,77
218000505,37,261,-224
218000506,17,275,-258
218000508,56,0,56
218000510,173,8,165
218000520,81,111,-30
218000521,2,100,-98
218000522,1,129,-128
218000523,99,20,79
218000524,100,128,-28
218000525,211,13,198
218000526,111,73,38
218000529,34,275,-241
218000530,7,4,3
218000531,2,21,-19
218000532,16,21,-5
218000534,51,16,35
218000537,16,83,-67
218000538,67,122,-55
218000540,281,74,207
218000543,69,74,-5
218000544,51,107,-56
218000545,18,60,-42
218000546,44,104,-60
218000547,51,54,-3
218000548,60,161,-101
218000549,274,94,180
218000550,257,528,-271
218000551,242,286,-44
218000552,565,29,536
218000553,83,115,-32
218000554,15,17,-2
218000555,15,52,-37
218000556,87,473,-386
218000557,181,202,-21
218000558,104,1,103
218000559,1,34,-33
218000560,0,18,-18
218000561,21,0,21
218000562,34,173,-139
218000563,117,20,97
218000564,5,94,-89
218000565,339,31,308
218000566,922,31,891
218000567,3,78,-75
218000568,3,3,0
218000569,12,107,-95
218000570,416,8,408
218000571,1,115,-114
218000572,52,0,52
218000573,53,77,-24
218000574,261,69,192
218000575,49,2,47
218000576,1,74,-73
218000577,24,0,24
218000578,0,100,-100
218000579,21,0,21
218000581,1,62,-61
218000582,10,3,7
218000583,3,0,3
218000584,0,27,-27
218000585,12,6,6
218000586,6,47,-41
218000587,3,1,2
218000588,0,0,0
218000589,0,0,0
218000590,0,0,0
218000591,0,4,-4
218000592,1,0,1
218000593,1,0,1
218000594,0,0,0
218000596,0,0,0
218000597,0,0,0
218000598,0,0,0
218000599,0,0,0
218000600,0,0,0
218000601,0,0,0
218000602,0,0,0
218000603,0,4,-4
218000604,6,0,6
218000605,0,18,-18
218000606,16,0,16
218000607,14,22,-8
218000608,40,12,28
218000609,1,31,-30
218000610,29,5,24
218000611,20,4,16
218000612,0,33,-33
218000613,5,2,3
218000614,0,36,-36
218000615,55,0,55
218000616,2,154,-152
218000617,3,1,2
218000618,0,16,-16
218000619,18,25,-7
218000620,2,26,-24
218000621,0,1,-1
218000622,0,7,-7
218000623,4,0,4
218000624,0,19,-19
218000625,10,0,10
218000626,0,6,-6
218000628,118,31,87
218000631,26,26,0
218000632,1,78,-77
218000633,70,1,69
218000634,9,36,-27
218000635,25,10,15
218000636,477,1571,-1094
218000637,599,638,-39
218000638,62,43,19
218000639,17,283,-266
218000640,53,31,22
218000641,46,394,-348
218000652,109,138,-29
218000653,146,66,80
218000663,5,113,-108
218000675,106,61,45
218000676,0,18,-18
218000677,4,5,-1
218000680,194,538,-344
218000681,277,108,169
218000691,91,379,-288
218000693,48,140,-92
218000703,1,24,-23
218000718,958,259,699
218000719,1355,53,1302
218000720,2,63,-61
218000721,40,10,30
218000725,2,1,1
218001147,3,348,-345
218001214,8,32,-24
218001258,48,1,47
218001329,95,106,-11
218001330,220,153,67
218001351,35,8,27
218001352,1,16,-15
218001353,24,24,0
218001354,1,20,-19
218001355,21,528,-507
218001356,108,5,103
218001357,36,354,-318
218001358,125,5,120
218001361,45,6,39
218001362,0,263,-263
219000001,21,82,-61
219000002,32,100,-68
219000003,59,23,36
219000004,51,72,-21
219000017,81,20,61
219000020,52,16,36
219000022,110,0,110
219000023,90,0,90
219000029,0,73,-73
219000034,8,13,-5
219000039,9,64,-55
219000040,8,43,-35
219000041,100,25,75
219000051,0,10,-10
219000052,0,17,-17
219000053,0,219,-219
219000054,15,123,-108
219000055,37,3,34
219000056,4,0,4
219000057,27,0,27
219000062,24,103,-79
219000063,49,10,39
219000064,1,39,-38
219000110,186,32,154
219000111,131,20,111
219000112,209,44,165
219000113,104,33,71
219000114,267,42,225
219000116,51,21,30
219000117,131,82,49
219000118,60,72,-12
219000123,298,133,165
219000124,38,69,-31
219000125,12,22,-10
219000126,59,102,-43
219000127,3,3,0
219000128,22,73,-51
219000129,36,113,-77
219000130,1059,578,481
219000131,901,721,180
219000133,50,17,33
219000134,9,27,-18
219000135,16,54,-38
219000136,114,180,-66
219000138,67,19,48
219000139,14,72,-58
219000140,19,1,18
219000141,20,170,-150
219000142,21,94,-73
219000143,9,124,-115
219000145,24,48,-24
219000146,4,88,-84
219000147,2,67,-65
219000148,4,60,-56
219000149,16,198,-182
219000150,6,116,-110
219000151,5,98,-93
219000157,118,162,-44
219000158,98,223,-125
219000161,142,19,123
219000163,1527,402,1125
219000166,59,92,-33
219000167,82,202,-120
219000168,327,74,253
219000174,217,64,153
219000175,46,0,46
219000176,33,2,31
219000177,19,1,18
219000178,26,1,25
219000179,6,1,5
219000180,37,20,17
219000182,42,12,30
219000183,20,54,-34
219000184,39,1,38
219000185,2,87,-85
219000186,11,44,-33
219000187,14,163,-149
219000189,134,99,35
219000190,188,240,-52
219000191,1775,673,1102
219000192,133,130,3
219000193,424,140,284
219000195,6,73,-67
219000196,1,106,-105
219000198,29,179,-150
219000199,84,193,-109
219000200,25,206,-181
219000201,100,213,-113
219000203,13,112,-99
219000204,96,151,-55
219000205,49,184,-135
219000207,200,200,0
219000209,10,112,-102
219000210,42,133,-91
219000213,6,217,-211
219000239,155,205,-50
219000240,196,331,-135
219000241,137,226,-89
219000242,73,244,-171
219000243,60,304,-244
219000244,11,121,-110
219000245,73,46,27
219000246,50,16,34
219000247,54,33,21
219000248,410,219,191
219000249,113,71,42
219000250,164,57,107
219000251,357,111,246
219000252,170,128,42
219000253,193,37,156
219000255,42,63,-21
219000256,77,49,28
219000257,103,0,103
219000262,100,259,-159
219000263,37,217,-180
219000267,2,197,-195
219000268,1,6,-5
219000269,3,1,2
219000270,3,0,3
219000271,75,8,67
219000278,0,13,-13
219000279,3,1,2
219000283,0,10,-10
219000295,4,91,-87
219000296,62,584,-522
219000297,19,130,-111
219000298,9,229,-220
219000299,319,53,266
219000300,23,370,-347
219000301,168,277,-109
219000302,7,184,-177
219000307,85,58,27
219000308,30,41,-11
219000311,81,30,51
219000312,248,29,219
219000313,128,26,102
219000314,108,611,-503
219000315,91,28,63
219000316,221,17,204
219000317,60,12,48
219000320,2,84,-82
219000321,0,10,-10
219000323,4,71,-67
219000325,1,39,-38
219000326,88,148,-60
219000327,64,31,33
219000328,24,34,-10
219000329,239,101,138
219000330,32,21,11
219000331,24,34,-10
219000332,68,49,19
219000333,10,2,8
219000335,47,2,45
219000337,4,1,3
219000338,52,0,52
219000344,34,81,-47
219000345,76,118,-42
219000346,24,162,-138
219000348,43,130,-87
219000349,23,213,-190
219000350,28,118,-90
219000351,2,4,-2
219000352,128,63,65
219000353,77,42,35
219000354,85,81,4
219000355,83,35,48
219000356,1828,396,1432
219000363,225,38,187
219000364,74,20,54
219000365,95,7,88
219000366,276,135,141
219000368,396,343,53
219000370,1036,197,839
219000371,11,13,-2
219000382,6,8,-2
219000383,775,567,208
219000385,620,392,228
219000386,983,1061,-78
219000387,2,2,0
219000390,3,0,3
219000391,2,0,2
219000397,75,81,-6
219000398,78,17,61
219000401,8,110,-102
219000402,26,103,-77
219000403,44,179,-135
219000404,12,62,-50
219000407,1,9,-8
219000409,22,53,-31
219000410,64,33,31
219000411,37,10,27
219000446,213,606,-393
219000447,1,21,-20
219000448,4,1,3
219000452,92,50,42
219000453,46,86,-40
219000454,289,175,114
219000556,94,60,34
219000558,114,280,-166
219000590,21,204,-183
219000591,37,56,-19
219000592,81,395,-314
219000595,0,24,-24
219000635,28,25,3
219000636,8,77,-69
219000657,24,18,6
219000658,16,37,-21
219000673,0,6,-6
219000676,5,0,5
219000679,34,15,19
219000684,48,1,47
219000685,0,0,0
219000686,0,2,-2
219000688,0,104,-104
219000689,61,220,-159
219000690,179,29,150
219000691,84,112,-28
219000692,160,26,134
219000693,0,19,-19
219000694,7,0,7
219000695,4,7,-3
219000698,7,1,6
219000699,0,10,-10
219000727,1,330,-329
219000728,129,0,129
219000770,25,1,24
219000771,1,43,-42
219000788,273,226,47
219001150,0,13,-13
219001151,189,85,104
219001166,38,9,29
219001167,2,77,-75
219001178,14,0,14
220000001,26,52,-26
220000002,20,194,-174
220000003,323,293,30
220000004,460,629,-169
220000005,1679,1488,191
220000006,133,893,-760
220000007,283,882,-599
220000008,201,1322,-1121
220000009,171,585,-414
220000010,167,116,51
220000011,627,1931,-1304
220000012,246,270,-24
220000014,44,75,-31
220000015,44,131,-87
220000017,41,308,-267
220000018,4885,1094,3791
220000019,74,249,-175
220000020,212,222,-10
220000021,417,202,215
220000022,269,441,-172
220000023,122,141,-19
220000024,1349,314,1035
220000025,479,452,27
220000026,184,195,-11
220000027,25,80,-55
220000028,37,23,14
220000029,51,140,-89
220000030,144,91,53
220000031,110,283,-173
220000064,28,773,-745
221000046,12,1,11
221000047,0,4,-4
221000048,0,1,-1
221000049,0,18,-18
221000050,15,0,15
221000055,26,48,-22
221000057,43,9,34
221000068,302,103,199
221000069,273,62,211
221000070,117,19,98
221000071,44,12,32
221000072,89,16,73
221000073,92,89,3
221000074,1,26,-25
221000075,76,15,61
221000076,10,39,-29
221000077,51,54,-3
221000081,6,7,-1
221000082,34,3,31
221000083,73,3,70
221000084,1,5,-4
221000085,12,55,-43
221000086,12,117,-105
221000087,4,182,-178
221000088,16,158,-142
221000089,26,180,-154
221000090,99,352,-253
221000098,87,13,74
221000099,118,18,100
221000100,48,5,43
221000101,251,15,236
221000102,129,27,102
221000109,4,89,-85
221000110,4,130,-126
221000111,17,117,-100
221000112,8,101,-93
221000113,14,166,-152
221000114,14,166,-152
221000120,17,25,-8
221000121,1,18,-17
221000122,8,38,-30
221000123,10,51,-41
221000124,11,301,-290
221000155,45,8,37
221000156,19,38,-19
221000175,0,6,-6
221000176,0,7,-7
221000182,34,2,32
221000241,557,178,379
221000242,173,297,-124
221000243,381,89,292
221000244,183,386,-203
221000245,68,104,-36
221000246,21,224,-203
221000247,41,129,-88
221000248,48,172,-124
221000267,59,693,-634
221000325,61,40,21
221000331,4,75,-71
221000338,3,13,-10
221000378,111,18,93
221000381,41,110,-69
222000282,1,0,1
222000296,6,9,-3
222000568,162,9,153
222000569,74,18,56
222000570,102,11,91
222000571,101,13,88
222000577,1,190,-189
222000578,15,221,-206
222000579,29,154,-125
222000580,112,821,-709
222000599,0,128,-128
222000600,1,292,-291
222000601,8,748,-740
222000603,19,23,-4
222000604,27,32,-5
222000605,6,12,-6
222000606,0,8,-8
222000607,2,3,-1
222000608,15,8,7
222000609,20,397,-377
222000616,78,31,47
222000617,1,11,-10
222000618,0,4,-4
222000620,74,20,54
222000621,123,14,109
222000623,391,4,387
222000624,193,5,188
222000625,257,41,216
222000636,20,4,16
222000686,16,23,-7
222000687,20,34,-14
222001066,175,1,174
222001067,5,8,-3
222001068,7,25,-18
222001069,8,44,-36
222001082,5,41,-36
222001083,8,53,-45
222001084,1,62,-61
222001085,0,53,-53
222001111,4,212,-208
222001112,26,28,-2
222001313,15,6,9
222001314,2,96,-94
222001464,87,59,28
222001465,52,264,-212
222001484,51,33,18
222001485,19,64,-45
222001494,143,101,42
222001495,61,399,-338
222001496,85,60,25
222001497,75,671,-596
222001502,13,107,-94
222001503,39,38,1
222001504,25,270,-245
222001505,128,14,114
222001506,45,223,-178
222001507,198,26,172
222001510,146,17,129
222001511,13,388,-375
222001514,470,88,382
222001515,211,669,-458
222001518,86,26,60
222001519,27,420,-393
222001527,217,47,170
222001528,53,158,-105
222001529,86,34,52
222001530,31,234,-203
222001533,127,367,-240
222001534,79,33,46
222001535,81,122,-41
222001536,69,352,-283
222001537,133,19,114
222001538,27,440,-413
222001563,164,86,78
222001564,18,856,-838
222001568,237,99,138
222001576,0,2,-2
222001579,0,4,-4
222001583,12,200,-188
222001584,63,28,35
222001596,360,1420,-1060
222001597,982,227,755
222001626,0,159,-159
222001650,87,62,25
222001651,115,105,10
222001914,243,70,173
222001915,63,191,-128
222001968,601,187,414
222001969,473,864,-391
222001970,100,187,-87
222001971,8,17,-9
222001972,1,20,-19
225000001,325,76,249
225000002,470,63,407
225000003,176,73,103
225000004,121,189,-68
225000005,16,35,-19
225000006,1,123,-122
225000007,3092,967,2125
225000010,225,3,222
225000011,432,596,-164
225000012,80,294,-214
225000013,45,133,-88
225000014,339,66,273
225000015,69,239,-170
225000021,521,145,376
225000027,230,499,-269
225000032,555,132,423
225000042,57,692,-635
225000049,30,51,-21
225000050,28,11,17
225000053,2,162,-160
225000058,455,141,314
225000067,142,187,-45
225000068,103,573,-470
225000069,194,520,-326
225000070,63,536,-473
225000071,9,349,-340
225000075,19,715,-696
225000076,74,160,-86
225000078,31,18,13
225000085,25,50,-25
225000086,101,14,87
225000087,143,15,128
225000088,17,183,-166
225000089,412,564,-152
225000090,36,352,-316
225000091,43,217,-174
225000092,23,74,-51
225000093,166,429,-263
225000094,17,500,-483
225000095,317,674,-357
225000096,101,418,-317
225000098,268,72,196
225000099,124,95,29
225000100,96,71,25
225000104,65,402,-337
225000110,5,406,-401
225000111,185,1102,-917
225000112,224,985,-761
225000113,83,656,-573
225000114,40,286,-246
225000115,2901,462,2439
225000116,1016,67,949
225000117,745,269,476
225000118,557,248,309
225000119,87,40,47
225000120,505,25,480
225000121,205,14,191
225000123,631,12,619
225000125,172,242,-70
225000126,939,197,742
225000127,937,595,342
225000128,355,325,30
225000132,128,33,95
225000133,167,23,144
225000134,374,67,307
225000135,29,16,13
225000136,116,10,106
225000137,78,47,31
225000138,239,33,206
225000143,63,208,-145
225000144,2,342,-340
225000145,28,24,4
225000146,30,128,-98
225000147,28,372,-344
225000148,6,228,-222
225000149,64,430,-366
225000151,32,284,-252
225000155,233,305,-72
225000156,154,624,-470
225000157,128,341,-213
225000158,43,381,-338
225000171,3,153,-150
225000180,28,0,28
225000181,0,42,-42
225000182,92,3,89
225000185,4,308,-304
225000187,56,356,-300
225000191,107,1,106
225000194,20,41,-21
225000208,1,48,-47
225000209,30,18,12
225000210,5,165,-160
225000217,1,29,-28
225000218,14,1,13
225000223,0,49,-49
225000224,98,1,97
225000225,1,8,-7
225000226,30,0,30
225000227,31,65,-34
225000228,6,2,4
225000229,0,89,-89
225000230,10,0,10
225000231,1,123,-122
225000232,48,0,48
225000241,96,2,94
225000242,1,55,-54
225000249,3,0,3
225000250,28,993,-965
225000251,210,19,191
226000042,420,360,60
226000043,80,272,-192
226000044,148,789,-641
226000045,49,460,-411
226000046,217,35,182
226000047,209,62,147
226000048,238,51,187
226000049,148,84,64
226000070,0,50,-50
226000071,0,62,-62
226000072,0,11,-11
226000073,0,11,-11
226000074,0,5,-5
226000084,1,35,-34
226000085,1,3,-2
226000086,6,2,4
226000087,0,13,-13
226000088,5,13,-8
226000090,56,20,36
226000091,20,5,15
226000092,2,1,1
226000093,89,7,82
226000094,16,4,12
226000095,24,2,22
226000105,4,1,3
226000106,7,0,7
226000107,1,0,1
226000108,20,0,20
226000109,32,0,32
226000124,65,35,30
226000134,235,314,-79
226000135,657,427,230
226000136,107,246,-139
226000137,7,467,-460
226000138,8,354,-346
226000139,0,12,-12
226000156,53,2,51
226000157,89,5,84
226000163,59,32,27
226000202,6,391,-385
226000231,136,7,129
226000232,28,5,23
227000033,294,36,258
227000036,153,18,135
227000037,78,27,51
227000038,142,34,108
227000049,0,18,-18
227000050,0,65,-65
227000055,41,0,41
227000056,13,0,13
227000084,4,44,-40
227000085,0,25,-25
227000088,53,11,42
227000089,67,0,67
227000090,10,1,9
227000091,7,1,6
227000093,26,0,26
227000094,1,0,1
227000130,39,53,-14
227000131,6,336,-330
227000132,20,275,-255
227000133,27,296,-269
227000134,18,436,-418
227000152,0,4,-4
227000153,0,49,-49
227000155,2,18,-16
227000156,0,24,-24
227000165,2,34,-32
227000196,99,382,-283
227000199,87,602,-515
227000230,23,591,-568
227000232,175,35,140
227000242,54,492,-438
227000243,401,47,354
227000245,25,366,-341
227000246,102,420,-318
227000247,184,41,143
227000248,170,34,136
227000249,27,285,-258
227000250,432,135,297
227000251,191,403,-212
227000252,11,453,-442
227000253,63,29,34
227000262,304,21,283
227000266,309,10,299
227000267,57,2426,-2369
227000282,2,287,-285
227000284,167,15,152
227000286,2,104,-102
227000287,4,116,-112
227000291,2,643,-641
227000484,515,18,497
227000485,24,778,-754
227000655,30,14,16
227000656,591,20,571
227000657,24,21,3
227000661,236,16,220
227000680,81,30,51
229000265,1,39,-38
229000296,5,16,-11
229000297,2,46,-44
229000298,3,179,-176
229000320,4,9,-5
229000321,38,6,32
229000412,17,37,-20
229000414,9,67,-58
229000415,7,1,6
229000416,1,7,-6
229000417,10,19,-9
229000419,86,197,-111
229000440,166,64,102
229000442,9,1,8
229000443,0,0,0
229000444,2,38,-36
229000445,15,5,10
229000446,36,14,22
229000491,2,25,-23
229000492,6,96,-90
229000493,2,61,-59
229000494,6,0,6
229000495,34,1,33
229000496,12,0,12
229000507,0,12,-12
229000508,1,14,-13
229000509,0,30,-30
229000510,0,7,-7
229000511,4,34,-30
229000512,0,23,-23
229000513,0,3,-3
229000514,0,1,-1
229000517,0,3,-3
229000518,3,21,-18
229000519,0,6,-6
229000520,3,17,-14
229000521,12,15,-3
229000522,5,6,-1
229000523,2,2,0
229000524,3,0,3
229000527,0,0,0
229000528,0,0,0
229000529,2,0,2
229000530,7,1,6
229000531,4,1,3
229000532,5,0,5
229000533,15,0,15
229000534,15,0,15
229000564,0,0,0
229000565,0,0,0
229000566,0,13,-13
229000567,0,27,-27
229000582,13,0,13
229000583,0,0,0
229000584,0,17,-17
229000585,0,13,-13
229000718,0,2,-2
229000719,0,0,0
229000720,0,9,-9
229000721,0,9,-9
229000722,0,12,-12
229000723,0,10,-10
229000724,0,0,0
229000725,0,0,0
229000738,0,0,0
229000739,0,0,0
229000740,0,0,0
229000741,0,0,0
229000742,0,0,0
229000743,0,0,0
229000744,0,0,0
229000745,0,0,0
229000746,0,1,-1
229000847,8,1,7
229000848,16,0,16
229000849,48,0,48
229000851,4,1,3
229000854,0,52,-52
229000856,1,164,-163
229000857,0,53,-53
229000858,0,145,-145
229000919,3,76,-73
229000930,11,167,-156
229000937,51,20,31
229000966,45,34,11
229000981,13,85,-72
229000985,3,16,-13
229000986,1,4,-3
229000987,0,0,0
229000988,0,4,-4
229000989,0,5,-5
229000990,0,4,-4
229000991,0,1,-1
229000992,4,6,-2
229000993,119,16,103
229000998,11,51,-40
229000999,45,9,36
229001034,0,13,-13
229001035,3,0,3
229001037,35,15,20
229001042,8,19,-11
229001047,1,50,-49
229001050,34,69,-35
229001168,0,1,-1
229001200,4,2,2
229001338,19,12,7
229001394,228,1,227
229001422,88,12,76
229001423,56,118,-62
229001431,25,27,-2
229001432,32,75,-43
229001444,91,48,43
229001445,47,119,-72
229001479,0,4,-4
229001503,142,115,27
229001504,68,170,-102
229001505,80,69,11
229001506,30,199,-169
229001509,46,48,-2
229001545,68,14,54
229001546,0,75,-75
229001553,43,13,30
229001554,13,82,-69
229001559,6,12,-6
229001560,4,13,-9
229001630,52,7,45
229001631,10,56,-46
229001635,0,9,-9
229001636,0,2,-2
229001658,2,68,-66
229001659,72,5,67
229001660,0,0,0
229001661,1,12,-11
229001662,88,3,85
229001663,0,26,-26
229002584,174,132,42
229002831,155,104,51
229002841,6,27,-21
229002842,2,12,-10
229002843,19,23,-4
229002844,12,36,-24
229002845,8,76,-68
229002846,1,7,-6
229002847,12,4,8
229002848,2,8,-6
229002849,3,64,-61
229002850,1,2,-1
229002851,18,87,-69
229002852,26,30,-4
229002853,18,20,-2
229002854,23,42,-19
229002855,10,33,-23
229002856,11,14,-3
229002857,0,32,-32
229002858,2,1,1
229002859,16,16,0
229002860,38,8,30
229002861,13,4,9
229002862,6,24,-18
229002863,2,29,-27
229002864,2,24,-22
229002865,6,14,-8
229002866,6,10,-4
229002867,2,6,-4
229002868,1,8,-7
229002869,7,83,-76
229002870,23,14,9
235000066,371,85,286
235000067,111,102,9
235000072,32,46,-14
235000073,70,192,-122
235000074,12,101,-89
235000080,72,74,-2
235000081,55,141,-86
235000082,103,70,33
235000083,79,101,-22
235000084,110,59,51
235000085,52,88,-36
235000089,21,39,-18
235000092,2,94,-92
235000093,4,1,3
235000097,3,5,-2
235000098,44,14,30
235000099,14,21,-7
235000116,52,20,32
235000117,851,9,842
235000133,8,181,-173
235000134,8,70,-62
235000206,1,2,-1
235000207,0,0,0
235000208,11,0,11
235000209,1,2,-1
235000210,2,0,2
235000212,3,17,-14
235000213,5,4,1
235000220,0,0,0
235000221,14,11,3
235000238,4,17,-13
235000239,0,6,-6
235000242,163,215,-52
235000245,1008,166,842
235000246,8,55,-47
235000284,6,94,-88
235000295,111,5,106
235000305,89,9,80
235000306,40,3,37
235000307,12,2,10
235000308,31,0,31
235000309,32,1,31
235000310,25,1,24
235000311,27,6,21
235000322,0,38,-38
235000323,2,47,-45
235000324,0,9,-9
235000325,0,20,-20
235000326,6,298,-292
235000351,0,77,-77
235000352,25,48,-23
235000353,2,37,-35
235000354,1,42,-41
235000355,15,62,-47
235000356,20,27,-7
235000357,6,13,-7
235000358,45,8,37
235000359,5,7,-2
235000360,45,11,34
235000361,47,3,44
235000381,28,316,-288
235000382,81,56,25
235000390,30,0,30
235000391,43,9,34
235000392,32,113,-81
235000393,59,115,-56
235000395,46,30,16
235000396,224,57,167
235000400,159,146,13
235000401,54,201,-147
235000405,99,331,-232
235000406,77,224,-147
235000407,55,97,-42
235000409,266,127,139
235000410,32,182,-150
235000411,4,78,-74
235000485,0,2,-2
235000486,2,0,2
235000549,33,72,-39
235000550,34,167,-133
235000599,34,68,-34
235000600,8,3,5
235000601,16,40,-24
235000602,29,149,-120
235000614,2,0,2
235000648,0,29,-29
235000649,32,1,31
235000685,0,0,0
235000815,2,32,-30
235000834,0,9,-9
235000855,27,27,0
235000862,12,231,-219
235000891,0,9,-9
235000892,23,18,5
235000901,31,93,-62
235000907,5,5,0
235001010,8,41,-33
235001029,447,293,154
235001030,232,117,115
235001078,44,88,-44
235001079,105,112,-7
235001147,49,37,12
235001166,5,58,-53
235001167,1,62,-61
235001169,29,295,-266
235001188,0,9,-9
235001189,2,1,1
235001197,22,39,-17
235001200,32,21,11
235001207,257,43,214
235001210,32,327,-295
235001215,49,257,-208
235001239,1,42,-41
235001244,0,2,-2
235016267,0,23,-23
277101746,0,0,0
277102712,0,0,0
277103813,1,0,1
277103814,0,0,0
277103898,0,0,0
277104249,0,4,-4
277104250,0,4,-4
277104251,0,1,-1
277104252,0,0,0
990011530,0,281,-281
990014944,0,453,-453
990015176,15,1,14
990015618,0,59,-59
990016032,0,274,-274
990032570,0,41,-41
990070001,23,0,23
990070103,0,2,-2
990070601,0,35,-35
990070751,126,0,126
990070766,2,891,-889
990071180,193,173,20
990071343,20,3,17
990071387,0,5,-5
990071823,169,2,167
990072600,0,548,-548
990072964,0,497,-497
990073285,0,2,-2
990074393,2,1086,-1084
990074870,288,5,283
990075106,370,3,367
990075746,146,3,143
990076437,273,1,272
990076458,2,1072,-1070
997000007,84,6,78
997000041,2,95,-93
997000058,22,0,22
997000062,21,3,18
997000069,0,1,-1
997000070,0,71,-71
997000100,6,0,6
997000141,0,662,-662
997000198,805,471,334
998000475,0,18,-18
998000736,0,291,-291
998000965,0,11,-11
998001031,0,45,-45
998001700,0,19,-19
998001899,0,1,-1
998001900,4,0,4
998003073,323,2,321
998101900,0,0,0
998102850,0,89,-89
998501927,558,323,235
998501929,66,1,65
998501930,38,0,38
998501931,59,2,57
998501932,6,9,-3
998501933,30,7,23
998501937,2,1,1
998501944,64,46,18
998501950,0,7,-7
998501970,8,4,4
998501971,0,48,-48
998501973,0,65,-65
998501974,2,289,-287
998501975,75,1,74
998501976,54,0,54
998501977,1,18,-17
998501978,7,0,7
998501979,0,8,-8
998501980,133,1,132
998501981,13,1,12
998501982,0,58,-58
998501983,0,2,-2
998502006,0,0,0
998502024,0,5,-5
998502032,0,0,0
998502062,10,1,9
998502063,0,0,0
998502173,23,1,22
998502269,0,0,0
998502546,1,79,-78
998502578,0,3,-3
998502599,70,159,-89
998502621,0,2,-2
998601159,1,240,-239
998601292,0,21,-21
999033574,1,709,-708
999800001,14,2,12
999800002,0,2,-2
999800003,4,4,0
999800004,0,3,-3
999800005,0,29,-29
