ID,insum,outsum,diff
100000001,520,738,-218
100000002,2256,2432,-176
100000003,3878,4012,-134
100000004,1153,946,207
100000005,2010,3842,-1832
100000006,466,136,330
100000007,1237,604,633
100000008,105,441,-336
100000009,306,222,84
100000010,69,66,3
100000011,1193,128,1065
100000012,114,965,-851
100000013,44,223,-179
100000014,189,275,-86
100000015,1338,1930,-592
100000016,783,1093,-310
100000017,432,600,-168
100000018,1020,520,500
100000019,3165,1839,1326
100000020,1444,4347,-2903
100000021,3631,1913,1718
100000022,849,1868,-1019
100000023,3567,1352,2215
100000025,830,1240,-410
100000028,911,1007,-96
100000029,158,337,-179
100000030,106,50,56
100000031,2895,4706,-1811
100000032,1628,3018,-1390
100000033,712,2021,-1309
100000034,234,588,-354
100000035,977,1146,-169
100000036,1138,1137,1
100000037,643,396,247
100000038,1959,820,1139
100000039,385,232,153
100000040,179,146,33
100000041,1044,441,603
100000042,849,493,356
100000043,1000,632,368
100000044,410,917,-507
100000045,440,1057,-617
100000046,521,596,-75
100000047,217,375,-158
100000048,248,456,-208
100000049,1222,1194,28
100000051,472,683,-211
100000053,208,5,203
100000054,449,30,419
100000055,1197,278,919
100000056,506,500,6
100000057,1756,576,1180
100000058,815,845,-30
100000059,6,131,-125
100000060,404,267,137
100000061,2017,432,1585
100000062,1512,480,1032
100000063,683,220,463
100000064,1178,292,886
100000065,358,589,-231
100000066,192,507,-315
100000067,362,529,-167
100000068,410,1151,-741
100000069,270,900,-630
100000072,201,561,-360
100000073,863,842,21
100000075,740,287,453
100000076,1277,2388,-1111
100000077,215,240,-25
100000078,64,29,35
100000079,17,48,-31
100000080,24,70,-46
100000081,126,165,-39
100000102,2067,2244,-177
100000103,1715,1496,219
100000104,2708,2336,372
100000105,1843,1380,463
100000106,1515,1965,-450
100000107,270,999,-729
100000108,424,693,-269
100000109,1720,1042,678
100000116,1089,861,228
100000117,70,118,-48
100000118,1123,1310,-187
100000119,594,785,-191
100000121,182,389,-207
100000122,515,911,-396
100000123,1548,3090,-1542
100000124,2805,4927,-2122
100000125,2567,1411,1156
100000126,488,370,118
100000127,962,310,652
100000128,959,2331,-1372
100000129,323,407,-84
100000130,406,402,4
100000131,1397,1917,-520
100000132,973,2279,-1306
100000133,2793,1753,1040
100000135,533,1010,-477
100000139,336,386,-50
100000140,366,368,-2
100000142,485,441,44
100000143,1124,435,689
100000144,2422,552,1870
100000147,1046,2714,-1668
100000150,42,359,-317
100000151,841,1204,-363
100000153,164,338,-174
100000154,27,192,-165
100000155,13,38,-25
100000156,406,522,-116
100000157,150,144,6
100000158,319,100,219
100000159,207,541,-334
100000165,1288,730,558
100000169,144,676,-532
100000174,450,600,-150
100000179,82,442,-360
100000180,881,1637,-756
100000181,559,214,345
100000188,75,144,-69
100000189,791,291,500
100000190,872,1172,-300
100000191,610,501,109
100000192,51,95,-44
100000193,317,152,165
100000330,882,725,157
100000355,234,523,-289
100000362,3186,2065,1121
100000363,3663,3812,-149
100000364,230,260,-30
100000365,5034,6535,-1501
100000366,4729,2613,2116
100000367,4631,6060,-1429
100000368,1465,1095,370
100000369,621,1651,-1030
100000370,159,918,-759
100000376,45,162,-117
100000379,1384,1357,27
100000380,2826,3921,-1095
100000384,4280,4538,-258
100000385,2653,3449,-796
100000386,5187,4656,531
100000387,3806,4959,-1153
100000388,5043,5533,-490
100000389,5668,5837,-169
100000390,6754,5823,931
100000391,5072,7670,-2598
100000392,2803,3442,-639
100000393,2148,4681,-2533
100000394,5824,7568,-1744
100000395,4235,3952,283
100000396,7329,3751,3578
100000397,4839,7117,-2278
100000398,8474,6632,1842
100000413,12,11,1
100900002,6,25,-19
100900003,271,160,111
100900004,18,555,-537
100900005,88,8,80
100900006,21,69,-48
100900007,202,4,198
100900008,2,390,-388
100900009,73,98,-25
100900010,62,64,-2
100900011,99,123,-24
100900012,0,94,-94
100900013,554,14,540
100900014,1,10,-9
100900015,61,31,30
100900016,5,25,-20
100900017,535,55,480
100900018,0,6,-6
100900019,20,90,-70
100900020,229,5,224
100900021,364,2,362
100900022,18,23,-5
100900023,0,15,-15
100900024,443,4,439
100900025,14,16,-2
100900026,103,85,18
100900027,401,1667,-1266
100900028,106,111,-5
100900029,35,11,24
100900030,6,85,-79
100900031,449,31,418
100900032,222,3,219
100900033,142,151,-9
100900034,448,3,445
100900035,287,4,283
100900036,15,1,14
100900037,132,116,16
100900038,58,22,36
100900039,230,450,-220
100900040,366,408,-42
100900041,771,536,235
100900042,797,1310,-513
100900043,0,8,-8
100900044,958,367,591
100900045,4,0,4
100900046,782,7,775
100900047,560,188,372
100900048,114,29,85
100900049,40,121,-81
100900050,3,7,-4
100900051,31,84,-53
100900052,176,37,139
100900053,375,17,358
100900054,5,38,-33
100900055,193,563,-370
100900056,44,104,-60
100900057,1125,658,467
100900058,141,29,112
100900059,94,5,89
100900060,140,3,137
100900061,287,113,174
100900062,2,30,-28
100900063,191,496,-305
100900064,469,23,446
100900065,83,110,-27
100900066,163,100,63
100900067,3,7,-4
100900068,57,58,-1
100900069,216,3,213
100900070,322,9,313
100900071,525,149,376
100900072,1,28,-27
100900073,155,217,-62
100900074,7,7,0
100900075,1110,215,895
100900076,3,27,-24
100900077,47,55,-8
100900078,46,162,-116
100900079,11,15,-4
100900080,48,143,-95
100900081,18,73,-55
100900082,166,335,-169
100900083,11,12,-1
100900085,9,302,-293
100900086,104,317,-213
100900088,110,241,-131
100900089,0,16,-16
100900090,77,317,-240
100900091,3,23,-20
100900092,147,84,63
100900093,256,200,56
100900094,117,223,-106
100900095,9,4,5
100900096,15,84,-69
100900097,1,3,-2
100900098,28,23,5
100900099,31,431,-400
100900100,22,415,-393
100900101,237,46,191
100900102,8,42,-34
100900103,15,31,-16
100900104,9,175,-166
100900105,25,340,-315
100900106,18,6,12
100900107,1221,660,561
100900108,4,20,-16
100900109,31,44,-13
100900110,3,23,-20
100900111,41,150,-109
100900112,0,18,-18
100900113,14,17,-3
100900114,4,6,-2
100900115,2,18,-16
100900116,504,372,132
100900117,251,749,-498
100900118,16,30,-14
100900119,8,15,-7
100900120,7,10,-3
100900121,229,346,-117
100900122,95,103,-8
100900123,113,123,-10
100900124,4,12,-8
100900125,12,60,-48
100900126,173,93,80
100900127,10,13,-3
100900128,54,127,-73
100900129,0,166,-166
100900131,93,182,-89
100900133,62,27,35
100900134,2,6,-4
100900135,0,141,-141
100900137,245,101,144
100900138,351,388,-37
100900139,2,1,1
100900140,5,263,-258
100900141,2,510,-508
100900142,0,12,-12
100900143,365,349,16
100900144,17,7,10
100900145,65,152,-87
100900146,12,30,-18
100900147,22,534,-512
100900148,32,398,-366
100900149,17,348,-331
100900150,1,22,-21
100900151,101,287,-186
100900152,120,8,112
100900153,1,216,-215
100900154,5,42,-37
100900155,3,14,-11
100900156,25,6,19
100900157,15,156,-141
100900159,0,17,-17
100900160,25,5,20
100900161,39,2,37
100900162,19,204,-185
100900163,107,142,-35
100900164,45,38,7
100900165,7,17,-10
100900166,29,3,26
100900167,10,50,-40
100900168,46,101,-55
100900169,77,625,-548
100900170,24,8,16
100900171,9,353,-344
100900172,0,37,-37
100900173,9,192,-183
100900174,95,17,78
100900176,1242,116,1126
100900177,474,194,280
100900178,190,141,49
100900179,142,140,2
100900180,13,1,12
100900181,109,71,38
100900182,34,38,-4
100900184,18,165,-147
100900186,366,276,90
100900187,9,59,-50
100900188,23,4,19
100900189,1016,190,826
100900191,709,881,-172
100900192,241,392,-151
100900195,73,101,-28
100900197,14,42,-28
100900198,25,91,-66
100900199,2,7,-5
100900200,585,305,280
100900201,43,402,-359
100900202,71,0,71
100900203,1,219,-218
100900204,82,325,-243
100900205,144,442,-298
100900206,157,51,106
100900207,222,128,94
100900210,77,288,-211
100900211,370,130,240
100900213,121,32,89
100900214,341,97,244
100900215,29,41,-12
100900217,83,115,-32
101000001,2481,1591,890
101000002,4216,4654,-438
101000003,361,785,-424
101000004,5095,4296,799
101000005,3085,3358,-273
101000006,4028,4865,-837
101000007,1929,2942,-1013
101000008,2111,1869,242
101000009,1691,895,796
101000010,854,767,87
101000011,971,407,564
101000012,920,564,356
101000013,591,881,-290
101000014,409,444,-35
101000015,1037,768,269
101000016,234,402,-168
101000017,402,384,18
101000018,1935,1950,-15
101000020,1533,795,738
101000021,710,342,368
101000022,106,69,37
101000023,989,520,469
101000025,214,340,-126
101000026,297,19,278
101000027,1563,2192,-629
101000028,785,182,603
101000029,194,1541,-1347
101000030,1457,101,1356
101000031,765,783,-18
101000032,5907,4066,1841
101000033,1539,2896,-1357
101000034,1526,1449,77
101000035,657,315,342
101000036,1283,957,326
101000037,1932,1660,272
101000039,1504,2259,-755
101000040,2475,3549,-1074
101000041,5606,5970,-364
101000042,358,862,-504
101000043,4545,5604,-1059
101000045,1214,869,345
101000046,2893,1673,1220
101000047,1947,3605,-1658
101000048,561,493,68
101000049,475,1597,-1122
101000050,1234,1516,-282
101000051,1127,2100,-973
101000052,1298,1021,277
101000053,982,1229,-247
101000054,1798,857,941
101000055,1262,1177,85
101000056,50,100,-50
101000057,1561,1136,425
101000058,891,1096,-205
101000059,1484,1911,-427
101000060,1298,630,668
101000061,624,1380,-756
101000062,595,682,-87
101000063,459,953,-494
101000064,923,981,-58
101000065,400,461,-61
101000066,926,916,10
101000067,1115,949,166
101000068,250,427,-177
101000069,216,82,134
101000070,749,877,-128
101000071,1465,772,693
101000072,685,2535,-1850
101000073,557,1149,-592
101000074,3951,3006,945
101000075,3068,4554,-1486
101000077,1172,1103,69
101000078,601,1416,-815
101000079,682,414,268
101000080,460,579,-119
101000081,1557,1481,76
101000082,2346,2292,54
101000083,2282,1864,418
101000084,969,612,357
101000085,1195,951,244
101000086,938,921,17
101000087,709,765,-56
101000088,1134,968,166
101000089,1001,1196,-195
101000090,1460,1014,446
101000091,377,600,-223
101000092,1138,727,411
101000093,1181,627,554
101000094,822,735,87
101000095,377,451,-74
101000096,326,402,-76
101000097,367,451,-84
101000098,289,348,-59
101000099,716,794,-78
101000100,751,880,-129
101000101,228,326,-98
101000102,520,443,77
101000103,818,386,432
101000104,261,501,-240
101000105,340,534,-194
101000106,627,864,-237
101000107,253,333,-80
101000108,567,230,337
101000109,372,42,330
101000110,30,258,-228
101000111,89,213,-124
101000113,174,469,-295
101000114,6889,6590,299
101000115,183,216,-33
101000116,181,117,64
101000117,1574,324,1250
101000119,78,60,18
101000120,122,53,69
101000121,54,58,-4
101000122,102,117,-15
101000123,74,115,-41
101000124,592,231,361
101000125,198,364,-166
101000128,290,373,-83
101000130,196,246,-50
101000131,829,405,424
101000132,596,664,-68
101000135,35,31,4
101000136,394,165,229
101000137,27,340,-313
101000141,966,2405,-1439
101000147,711,361,350
101000148,789,12,777
101000149,332,495,-163
101000150,78,455,-377
101000151,219,36,183
101000152,285,284,1
101000153,358,206,152
101000154,239,630,-391
101000155,276,129,147
101000156,19,271,-252
101000157,34,23,11
101000160,50,72,-22
101000163,152,338,-186
101000164,323,227,96
101000165,163,290,-127
101000166,179,198,-19
101000168,762,357,405
101000252,2077,827,1250
101000254,243,97,146
101000258,33,7,26
101000261,96,29,67
101000262,805,2444,-1639
101000263,182,881,-699
101000265,96,683,-587
101000266,267,204,63
101000269,29,15,14
101000290,780,1808,-1028
101000293,38,50,-12
101000294,554,369,185
101000295,206,320,-114
101000301,530,391,139
101000304,1536,2172,-636
101000305,2114,1056,1058
101000328,90,367,-277
101900001,42,110,-68
101900002,0,21,-21
101900003,48,88,-40
101900004,2,50,-48
101900005,2142,2023,119
101900006,753,61,692
101900007,556,204,352
101900008,52,223,-171
101900009,28,266,-238
101900010,661,625,36
101900011,168,704,-536
101900012,224,131,93
101900013,600,176,424
101900017,8,115,-107
101900018,889,287,602
101900019,171,152,19
101900020,46,34,12
101900021,0,37,-37
101900022,126,760,-634
101900023,113,163,-50
101900026,97,32,65
101900027,23,93,-70
102000001,2034,3349,-1315
102000002,1811,890,921
102000003,2057,4981,-2924
102000004,3827,2131,1696
102000005,1137,1945,-808
102000006,820,1407,-587
102000007,1335,3763,-2428
102000008,2972,1167,1805
102000009,5410,6469,-1059
102000010,3725,2641,1084
102000011,2798,2281,517
102000012,2464,2201,263
102000018,2044,1875,169
102000019,1655,1061,594
102000026,154,356,-202
102000029,143,181,-38
102000030,86,293,-207
102000031,71,101,-30
102000032,535,248,287
102000033,202,257,-55
102000034,417,257,160
102000035,764,578,186
102000036,15,208,-193
102000037,99,61,38
102000038,152,258,-106
102000039,162,62,100
102000040,339,194,145
102000041,155,313,-158
102000042,164,275,-111
102000043,174,151,23
102000044,249,373,-124
102000045,512,594,-82
102000046,937,431,506
102000047,670,744,-74
102000048,292,582,-290
102000049,756,597,159
102000050,778,966,-188
102000051,368,519,-151
102000052,890,547,343
102000053,758,692,66
102000054,513,923,-410
102000055,975,515,460
102000056,908,808,100
102000057,1227,446,781
102000058,920,1076,-156
102000059,1166,1141,25
102000060,1060,862,198
102000061,1455,1370,85
102000062,1551,970,581
102000063,931,1056,-125
102000064,567,673,-106
102000065,48,134,-86
102000066,679,774,-95
102000067,1760,2422,-662
102000068,6949,2591,4358
102000069,57,2137,-2080
102000070,1113,40,1073
102000071,5549,7533,-1984
102000072,2249,3639,-1390
102000073,772,815,-43
102000074,528,702,-174
102000075,124,325,-201
102000076,215,416,-201
102000077,508,645,-137
102000078,796,642,154
102000079,167,204,-37
102000080,292,191,101
102000081,273,743,-470
102000082,614,229,385
102000083,556,215,341
102000084,434,192,242
102000085,1480,659,821
102000086,1063,723,340
102000087,658,1088,-430
102000088,362,206,156
102000089,1077,270,807
102000090,363,806,-443
102000091,1133,430,703
102000092,321,555,-234
102000093,758,767,-9
102000094,699,596,103
102000095,830,1027,-197
102000096,531,691,-160
102000097,544,589,-45
102000098,402,679,-277
102000099,669,837,-168
102000100,427,1237,-810
102000101,654,754,-100
102000102,276,1096,-820
102000103,1057,344,713
102000104,423,279,144
102000105,277,390,-113
102000106,757,366,391
102000107,1195,346,849
102000108,519,132,387
102000109,382,362,20
102000110,1074,844,230
102000111,9,231,-222
102000112,131,97,34
102000113,14,19,-5
102000114,645,270,375
102000115,215,226,-11
102000116,274,372,-98
102000117,133,369,-236
102000118,888,1353,-465
102000119,1132,700,432
102000120,140,323,-183
102000121,824,381,443
102000122,501,783,-282
102000123,958,776,182
102000124,873,888,-15
102000125,620,680,-60
102000126,463,561,-98
102000127,857,408,449
102000128,561,638,-77
102000129,994,598,396
102000130,591,528,63
102000131,815,368,447
102000132,365,460,-95
102000133,1755,1151,604
102000134,630,538,92
102000135,464,599,-135
102000136,630,395,235
102000137,560,658,-98
102000138,148,278,-130
102000139,47,343,-296
102000140,181,425,-244
102000141,161,326,-165
102000142,262,256,6
102000143,130,319,-189
102000144,257,258,-1
102000145,269,287,-18
102000146,334,206,128
102000147,351,311,40
102000148,155,395,-240
102000149,139,256,-117
102000150,316,82,234
102000151,77,156,-79
102000152,185,150,35
102000153,957,426,531
102000154,190,451,-261
102000155,55,219,-164
102000156,254,117,137
102000157,73,305,-232
102000158,366,419,-53
102000159,552,351,201
102000161,2260,1558,702
102000162,147,130,17
102000163,67,398,-331
102000164,595,842,-247
102000165,194,131,63
102000166,36,104,-68
102000167,200,172,28
102000168,199,130,69
102000169,92,347,-255
102000170,436,142,294
102000171,95,104,-9
102000172,74,292,-218
102000173,327,217,110
102000174,32,67,-35
102000175,68,56,12
102000176,54,20,34
102000178,237,247,-10
102000179,349,203,146
102000180,770,260,510
102000181,686,434,252
102000182,563,436,127
102000183,1557,1064,493
102000184,1689,563,1126
102000185,2270,899,1371
102000186,1097,1072,25
102000187,720,901,-181
102000188,800,958,-158
102000189,1448,518,930
102000190,570,2045,-1475
102000191,831,365,466
102000192,1025,1262,-237
102000193,50,79,-29
102000194,47,93,-46
102000195,306,250,56
102000196,173,201,-28
102000197,571,196,375
102000198,215,406,-191
102000199,894,179,715
102000200,243,525,-282
102000201,961,332,629
102000202,2,50,-48
102000203,357,128,229
102000204,369,438,-69
102000205,927,282,645
102000206,540,339,201
102000207,417,320,97
102000208,309,289,20
102000209,52,43,9
102000210,315,297,18
102000211,361,185,176
102000212,268,8,260
102000213,6,173,-167
102000214,221,13,208
102000215,5,199,-194
102000216,61,61,0
102000217,7,68,-61
102000218,219,137,82
102000219,243,160,83
102000225,370,621,-251
102000226,1716,1151,565
102000227,141,3,138
102000228,0,43,-43
102000229,36,57,-21
102000230,239,330,-91
102000231,202,271,-69
102000232,25,131,-106
102000233,328,395,-67
102000234,108,842,-734
102000236,177,57,120
102000237,369,117,252
102000238,142,143,-1
102000240,372,586,-214
102000241,138,122,16
102000243,10,53,-43
102000245,20,122,-102
102000246,11,40,-29
102000247,563,567,-4
102000248,488,896,-408
102000249,170,98,72
102000250,95,253,-158
102000254,140,157,-17
102000266,16,262,-246
102000271,29,1,28
102000286,335,269,66
102000297,1317,660,657
102000299,0,0,0
102000301,0,0,0
102000303,0,0,0
102000305,0,0,0
102000307,0,7,-7
102900001,833,641,192
102900002,358,35,323
102900003,76,144,-68
102900005,320,237,83
102900006,467,98,369
102900007,332,14,318
102900008,202,29,173
102900009,348,325,23
102900010,304,764,-460
102900011,1248,208,1040
102900012,402,54,348
102900013,25,59,-34
102900015,472,348,124
102900016,62,69,-7
102900017,157,320,-163
102900018,36,82,-46
102900019,198,231,-33
102900020,103,33,70
102900021,47,76,-29
102900022,420,168,252
102900023,13,24,-11
102900024,39,40,-1
102900025,161,73,88
102900026,222,1347,-1125
102900027,84,78,6
102900028,116,605,-489
102900029,80,159,-79
102900030,311,281,30
102900031,160,114,46
102900032,72,52,20
102900033,110,137,-27
102900034,408,60,348
102900035,131,183,-52
102900036,217,244,-27
102900037,259,285,-26
102900038,365,290,75
102900039,27,448,-421
102900040,101,219,-118
102900041,74,158,-84
102900042,216,219,-3
102900043,123,128,-5
102900044,400,1283,-883
102900045,120,366,-246
102900046,131,150,-19
102900047,142,434,-292
102900048,484,358,126
102900049,126,300,-174
102900050,166,197,-31
102900051,176,126,50
102900053,306,491,-185
102900054,372,881,-509
102900055,117,189,-72
102900056,74,283,-209
102900057,14,59,-45
102900058,291,48,243
102900059,29,43,-14
102900060,88,307,-219
102900061,144,259,-115
102900062,179,515,-336
102900063,1021,313,708
102900064,101,296,-195
102900065,1058,323,735
102900066,327,21,306
102900068,94,48,46
102900070,153,370,-217
102900072,6,36,-30
102900073,102,6,96
102900075,37,45,-8
102900076,114,96,18
102900077,39,17,22
102900078,45,43,2
102900079,198,10,188
102900080,276,24,252
102900081,84,234,-150
102900082,10,165,-155
102900083,116,5,111
102900084,7,24,-17
102900085,279,96,183
102900086,20,61,-41
102900087,94,67,27
102900088,45,15,30
102900089,145,71,74
102900090,3,215,-212
102900091,109,1,108
102900092,288,438,-150
102900094,2,95,-93
102900095,84,2,82
102900096,60,15,45
102900097,0,73,-73
103000001,1967,1909,58
103000002,1856,1838,18
103000003,2800,2102,698
103000004,861,545,316
103000005,1452,2208,-756
103000006,810,1140,-330
103000007,346,538,-192
103000008,808,459,349
103000009,1110,748,362
103000010,141,103,38
103000011,1227,870,357
103000012,1253,1078,175
103000013,2561,1445,1116
103000014,1213,2061,-848
103000015,1199,531,668
103000016,457,1152,-695
103000017,182,274,-92
103000018,492,192,300
103000019,295,225,70
103000020,1873,1105,768
103000021,1544,1739,-195
103000022,521,708,-187
103000023,605,1417,-812
103000024,61,100,-39
103000025,92,515,-423
103000026,524,93,431
103000027,209,585,-376
103000028,233,276,-43
103000029,146,225,-79
103000030,1050,985,65
103000031,808,1557,-749
103000032,1740,1170,570
103000033,2559,2251,308
103000034,1093,878,215
103000035,333,1017,-684
103000036,313,433,-120
103000037,452,519,-67
103000038,410,734,-324
103000039,446,257,189
103000040,448,610,-162
103000041,1374,1412,-38
103000042,1206,305,901
103000043,630,656,-26
103000044,273,130,143
103000046,412,373,39
103000047,483,517,-34
103000048,199,178,21
103000049,63,113,-50
103000050,689,341,348
103000051,463,344,119
103000052,663,287,376
103000053,125,466,-341
103000054,2327,971,1356
103000055,1729,1662,67
103000056,759,936,-177
103000057,777,166,611
103000058,512,552,-40
103000059,407,529,-122
103000060,652,405,247
103000061,459,701,-242
103000062,934,377,557
103000063,748,673,75
103000064,122,114,8
103000065,2,293,-291
103000066,182,7,175
103000069,346,288,58
103000070,750,513,237
103000071,1114,374,740
103000072,120,450,-330
103000073,542,87,455
103000074,474,65,409
103000075,93,452,-359
103000076,278,321,-43
103000077,52,313,-261
103000078,700,569,131
103000079,418,656,-238
103000080,838,323,515
103000081,353,1161,-808
103000082,357,127,230
103000083,81,238,-157
103000084,90,3,87
103000085,4,125,-121
103000086,469,392,77
103000087,108,515,-407
103000088,195,227,-32
103000089,212,397,-185
103000090,1762,773,989
103000091,548,489,59
103000092,200,165,35
103000093,256,298,-42
103000094,154,51,103
103000095,44,242,-198
103000096,535,72,463
103000097,68,526,-458
103000098,563,118,445
103000099,197,461,-264
103000100,110,432,-322
103000101,788,74,714
103000102,91,331,-240
103000103,593,87,506
103000104,50,67,-17
103000105,161,48,113
103000106,13,129,-116
103000107,212,22,190
103000108,834,468,366
103000109,398,390,8
103000110,434,403,31
103000111,348,317,31
103000112,268,190,78
103000113,349,453,-104
103000114,1065,338,727
103000115,512,336,176
103000116,593,343,250
103000117,390,368,22
103000118,401,394,7
103000119,742,364,378
103000120,31,88,-57
103000121,254,816,-562
103000122,475,996,-521
103000125,17,115,-98
103000126,586,3,583
103000127,3,80,-77
103000128,138,0,138
103000129,1,75,-74
103000130,52,34,18
103000131,85,59,26
103000132,44,124,-80
103000133,12,55,-43
103000134,377,726,-349
103000135,423,317,106
103000136,501,381,120
103000137,397,613,-216
103000138,547,668,-121
103000139,0,51,-51
103000140,106,27,79
103000141,21,92,-71
103000142,87,57,30
103000143,46,141,-95
103000144,140,50,90
103000145,7,96,-89
103000150,68,40,28
103000152,161,193,-32
103000153,205,135,70
103000156,1,156,-155
103000157,370,1,369
103000159,174,59,115
103000162,76,51,25
103000163,9,72,-63
103000164,37,13,24
103000165,69,174,-105
103000166,203,278,-75
103000167,182,110,72
103000168,106,104,2
103000169,194,323,-129
103000170,876,326,550
103000171,16,89,-73
103000172,359,265,94
103000173,537,312,225
103000174,134,224,-90
103000175,326,208,118
103000176,677,511,166
103000177,342,304,38
103000178,126,215,-89
103000179,147,27,120
103000183,121,15,106
103000185,122,30,92
103000186,147,120,27
103000187,587,252,335
103000188,11,77,-66
103000189,640,551,89
103000191,483,443,40
103000292,860,1233,-373
103000293,592,1713,-1121
103000295,53,123,-70
103000296,174,1,173
103000297,19,35,-16
103000504,33,21,12
103000505,2,11,-9
103000506,0,151,-151
103000507,151,1,150
103000508,43,32,11
103000509,253,423,-170
103900001,25,164,-139
103900002,667,137,530
103900003,857,75,782
103900004,80,0,80
103900005,3,97,-94
103900006,8,1,7
103900007,52,9,43
103900008,26,0,26
103900009,257,358,-101
103900010,163,190,-27
103900011,310,90,220
103900012,15,31,-16
103900013,58,52,6
103900014,58,12,46
103900015,51,12,39
103900016,196,164,32
103900017,17,69,-52
103900018,484,139,345
103900019,45,263,-218
103900020,212,352,-140
103900021,332,56,276
103900022,956,489,467
103900023,114,0,114
103900024,69,254,-185
103900025,21,50,-29
103900026,6,0,6
103900027,582,128,454
103900028,13,225,-212
103900029,933,129,804
103900030,192,104,88
103900031,31,0,31
103900032,62,52,10
103900033,82,14,68
103900034,58,87,-29
103900035,74,30,44
103900036,46,44,2
103900037,68,68,0
103900038,75,185,-110
103900039,59,181,-122
103900040,14,115,-101
103900041,50,54,-4
103900042,82,242,-160
103900043,156,37,119
103900044,67,168,-101
103900045,280,135,145
103900047,92,29,63
103900048,17,29,-12
103900049,152,820,-668
103900050,16,103,-87
103900051,0,32,-32
103900052,180,204,-24
103900053,207,325,-118
103900054,113,258,-145
103900055,358,161,197
103900056,50,40,10
103900057,35,68,-33
103900058,196,415,-219
103900059,0,16,-16
103900060,50,161,-111
103900061,168,28,140
103900062,249,64,185
103900063,5,0,5
103900064,102,2,100
103900065,637,281,356
103900066,122,22,100
103900067,128,13,115
103900068,2,0,2
103900069,64,12,52
103900070,99,144,-45
103900071,19,70,-51
103900072,9,141,-132
103900073,33,24,9
103900074,79,61,18
103900075,208,47,161
103900076,458,387,71
103900077,40,72,-32
103900078,188,83,105
103900079,134,119,15
103900080,8,37,-29
103900081,60,10,50
103900082,9,101,-92
103900083,818,767,51
103900084,53,89,-36
103900085,75,120,-45
103900086,522,238,284
103900088,253,474,-221
103900089,68,109,-41
103900090,47,125,-78
103900091,1101,152,949
103900092,445,222,223
103900093,74,200,-126
103900094,18,58,-40
103900095,198,139,59
103900096,29,96,-67
103900097,9,351,-342
103900098,192,74,118
103900099,42,74,-32
103900100,234,208,26
103900101,81,773,-692
103900102,7,23,-16
103900104,1,24,-23
103900105,106,145,-39
103900106,0,38,-38
103900107,163,181,-18
103900108,75,202,-127
103900109,136,64,72
103900110,183,43,140
103900111,86,334,-248
103900112,22,48,-26
103900113,62,177,-115
103900114,199,184,15
103900115,201,96,105
103900116,2793,2213,580
103900117,91,35,56
103900119,39,64,-25
103900120,52,95,-43
103900122,79,149,-70
103900123,869,467,402
103900124,40,291,-251
103900125,109,52,57
103900126,481,222,259
103900127,143,217,-74
103900128,125,84,41
103900131,57,77,-20
103900133,790,30,760
103900134,0,7,-7
103900135,12,4,8
103900137,4,27,-23
103900138,121,133,-12
103900139,151,1667,-1516
103900140,2,165,-163
103900141,179,38,141
103900142,114,73,41
103900143,51,1,50
103900144,0,17,-17
103900145,170,172,-2
103900146,285,145,140
103900147,272,106,166
103900148,190,150,40
103900149,311,312,-1
103900150,3627,3122,505
103900151,39,98,-59
103900152,509,298,211
103900153,4,7,-3
103900154,454,1301,-847
103900155,64,155,-91
103900156,44,116,-72
103900157,41,90,-49
103900158,76,71,5
103900159,150,44,106
103900160,61,37,24
103900161,85,96,-11
103900162,43,103,-60
103900163,9,328,-319
103900167,11,68,-57
103900168,86,87,-1
103900169,31,34,-3
103900170,0,50,-50
103900171,1,32,-31
103900172,2,8,-6
103900173,8,13,-5
103900174,145,55,90
103900175,20,55,-35
103900176,4,13,-9
103900177,24,63,-39
103900178,47,28,19
103900179,38,56,-18
103900180,6,48,-42
103900181,40,25,15
103900182,29,5,24
103900184,272,76,196
103900185,90,346,-256
103900187,17,62,-45
103900188,40,19,21
103900189,115,15,100
103900190,47,45,2
103900191,25,26,-1
103900192,28,39,-11
103900193,87,66,21
103900194,79,130,-51
103900195,1,112,-111
103900196,51,30,21
103900197,5,11,-6
103900198,10,12,-2
103900199,127,39,88
103900200,160,73,87
103900201,87,142,-55
103900202,6,45,-39
103900203,40,16,24
103900204,1,45,-44
103900207,3,78,-75
103900208,72,0,72
103900209,10,78,-68
103900210,38,19,19
103900211,458,214,244
103900212,87,215,-128
103900213,35,212,-177
103900214,226,210,16
103900215,209,330,-121
103900216,7,238,-231
103900217,451,35,416
103900218,1,226,-225
103900219,150,194,-44
103900233,22,2,20
103900235,27,28,-1
103900236,16,1,15
103900242,1,11,-10
103900243,4,7,-3
103900244,142,151,-9
103900245,105,105,0
103900246,39,32,7
103900247,39,72,-33
103900248,7,106,-99
103900249,13,76,-63
103900250,31,23,8
103900251,2,44,-42
103900253,12,81,-69
103900254,5,33,-28
103900255,3,19,-16
103900256,9,21,-12
103900257,116,109,7
103900258,28,5,23
103900259,48,8,40
103900261,7,4,3
103900262,19,2,17
103900263,62,45,17
103900264,37,21,16
103900265,63,20,43
103900266,3,75,-72
103900267,2,47,-45
103900268,17,36,-19
103900269,109,22,87
103900270,73,70,3
103900271,40,42,-2
103900272,57,40,17
103900273,30,22,8
103900274,69,3,66
103900275,40,14,26
103900276,1,37,-36
103900277,4,36,-32
103900278,4,14,-10
103900279,4,32,-28
103900280,1,57,-56
104000001,2090,1300,790
104000002,1394,1881,-487
104000003,1921,1515,406
104000004,2106,1950,156
104000005,1422,1335,87
104000006,2839,2135,704
104000007,3344,3643,-299
104000008,152,197,-45
104000009,176,107,69
104000010,132,206,-74
104000011,321,146,175
104000012,123,225,-102
104000013,229,163,66
104000014,134,393,-259
104000015,284,152,132
104000016,470,263,207
104000018,743,147,596
104000019,591,133,458
104000020,141,353,-212
104000021,200,322,-122
104000022,104,182,-78
104000023,688,265,423
104000024,170,252,-82
104000026,28,217,-189
104000027,217,163,54
104000028,356,220,136
104000029,301,272,29
104000030,304,205,99
104000031,1166,320,846
104000032,228,156,72
104000033,631,399,232
104000034,312,186,126
104000035,803,268,535
104000036,746,358,388
104000037,243,169,74
104000038,411,253,158
104000039,192,116,76
104000040,156,209,-53
104000041,393,263,130
104000042,149,208,-59
104000043,153,228,-75
104000044,181,333,-152
104000045,745,618,127
104000046,796,924,-128
104000047,577,702,-125
104000048,849,964,-115
104000049,395,257,138
104000050,128,436,-308
104000051,67,359,-292
104000052,1311,1334,-23
104000053,685,351,334
104000054,424,263,161
104000055,2955,1763,1192
104000056,835,169,666
104000057,159,221,-62
104000058,624,625,-1
104000059,460,745,-285
104000060,868,920,-52
104000061,973,805,168
104000062,339,124,215
104000064,497,361,136
104000065,123,519,-396
104000069,666,870,-204
104000070,46,318,-272
104000071,119,231,-112
104000072,519,158,361
104000075,22,210,-188
104000076,327,23,304
104000082,1914,3133,-1219
104000083,638,127,511
104000084,107,405,-298
104000085,232,290,-58
104000086,190,324,-134
104000087,279,1392,-1113
104000090,624,738,-114
104000092,1018,1237,-219
104000094,680,873,-193
104000095,1428,1109,319
104000096,1250,121,1129
104000097,1545,488,1057
104000098,1913,544,1369
104000100,1385,434,951
104000101,846,1202,-356
104000106,41,411,-370
104000107,480,352,128
104000108,167,301,-134
104000109,245,71,174
104000110,651,729,-78
104000111,2077,1769,308
104000112,1188,411,777
104000116,1,679,-678
104000117,143,308,-165
104000118,533,121,412
104000119,454,181,273
104000120,183,407,-224
104000121,144,524,-380
104000122,622,585,37
104000123,545,655,-110
104000124,524,1244,-720
104000125,1953,3440,-1487
104000126,305,279,26
104000127,933,1590,-657
104000128,392,285,107
104000129,273,26,247
104000130,1,215,-214
104000131,397,325,72
104000132,292,371,-79
104000133,1193,621,572
104000134,805,1252,-447
104000135,396,1526,-1130
104000136,651,3293,-2642
104000137,1407,343,1064
104000138,646,257,389
104000139,3412,2183,1229
104000141,855,894,-39
104000142,456,418,38
104000143,449,300,149
104000144,67,133,-66
104000145,349,176,173
104000146,160,385,-225
104000147,111,159,-48
104000148,307,127,180
104000149,138,129,9
104000150,762,329,433
104000151,259,224,35
104000152,373,299,74
104000153,565,364,201
104000154,636,312,324
104000155,382,532,-150
104000157,847,800,47
104000158,281,480,-199
104000159,697,434,263
104000160,1651,1612,39
104000161,85,155,-70
104000162,60,85,-25
104000165,711,741,-30
104000167,561,956,-395
104000168,367,10,357
104000169,108,30,78
104000170,297,495,-198
104000248,310,419,-109
104000251,68,102,-34
104000272,0,0,0
104000273,0,0,0
104000274,0,0,0
104000275,0,0,0
104000279,470,339,131
104000290,64,168,-104
104000291,424,919,-495
104000293,615,467,148
104000294,49,0,49
104000295,601,615,-14
104000296,293,566,-273
104000297,664,1504,-840
104000298,1576,770,806
104000299,537,1098,-561
104900001,136,218,-82
104900002,72,140,-68
104900003,28,217,-189
104900004,81,200,-119
104900005,263,156,107
104900006,230,81,149
104900007,245,156,89
104900009,116,193,-77
104900010,40,31,9
104900011,13,10,3
104900012,193,30,163
104900013,105,26,79
104900014,1762,243,1519
104900015,72,9,63
104900016,173,120,53
104900017,173,134,39
104900018,6,138,-132
104900019,191,2703,-2512
104900020,49,207,-158
104900021,0,87,-87
104900022,6,107,-101
104900023,0,34,-34
104900024,17,54,-37
104900025,59,132,-73
104900026,0,54,-54
104900027,449,238,211
104900028,34,55,-21
104900029,35,37,-2
104900030,483,185,298
104900031,76,164,-88
104900032,39,49,-10
104900033,167,210,-43
104900034,315,130,185
104900035,302,156,146
104900036,215,71,144
104900037,85,97,-12
104900038,259,554,-295
104900039,411,426,-15
104900040,491,87,404
104900041,287,113,174
104900042,114,162,-48
104900043,19,201,-182
104900044,677,161,516
104900045,382,72,310
104900046,142,59,83
104900047,351,87,264
104900048,259,66,193
104900049,28,23,5
104900050,193,44,149
104900051,259,28,231
104900052,73,2,71
104900053,404,90,314
104900054,123,18,105
104900055,84,1,83
104900056,123,17,106
104900057,27,0,27
104900058,272,111,161
104900059,307,84,223
104900060,3,257,-254
104900061,171,394,-223
104900063,0,74,-74
104900064,0,50,-50
104900065,0,193,-193
104900066,2,59,-57
104900067,3,241,-238
104900068,14,136,-122
104900070,162,197,-35
104900071,0,280,-280
104900072,48,179,-131
104900073,21,81,-60
104900074,40,134,-94
104900075,34,18,16
104900076,74,178,-104
104900077,439,211,228
104900078,196,311,-115
104900079,88,383,-295
104900080,67,479,-412
104900082,8,246,-238
104900085,0,172,-172
104900087,242,1,241
104900089,150,0,150
104900090,615,780,-165
104900091,403,350,53
104900093,164,409,-245
104900097,1434,1667,-233
104900098,78,21,57
104900099,122,472,-350
104900100,296,120,176
104900102,29,93,-64
104900103,314,38,276
104900104,1901,1431,470
104900106,74,75,-1
104900107,80,120,-40
104900108,8,126,-118
104900109,74,77,-3
104900110,2,32,-30
104900111,118,50,68
104900112,226,330,-104
104900113,609,223,386
104900114,309,261,48
104900115,556,199,357
104900116,210,129,81
104900118,9,32,-23
104900119,2,37,-35
104900120,21,229,-208
104900121,1,35,-34
104900122,3,34,-31
104900123,35,14,21
104900124,47,0,47
104900125,455,4,451
104900126,41,22,19
104900127,14,36,-22
104900128,113,174,-61
104900129,1033,1722,-689
105000001,2339,1090,1249
105000002,2045,1161,884
105000003,2633,2535,98
105000004,515,672,-157
105000005,817,903,-86
105000006,1182,1379,-197
105000007,1017,1365,-348
105000008,1308,2782,-1474
105000009,2173,2593,-420
105000010,2258,1573,685
105000011,2708,2312,396
105000012,2306,2068,238
105000013,804,860,-56
105000014,1686,2085,-399
105000015,7261,11450,-4189
105000016,1992,1612,380
105000017,1252,626,626
105000018,835,1143,-308
105000019,883,735,148
105000020,150,288,-138
105000021,150,93,57
105000022,229,86,143
105000023,434,304,130
105000028,44,109,-65
105000029,394,1104,-710
105000030,2720,1886,834
105000031,0,13,-13
105000033,783,1335,-552
105000034,92,700,-608
105000037,441,189,252
105000038,1188,1679,-491
105000039,1364,1145,219
105000040,660,982,-322
105000041,281,716,-435
105000042,2345,1402,943
105000043,1171,1269,-98
105000044,500,376,124
105000045,259,422,-163
105000046,1019,253,766
105000047,360,794,-434
105000048,497,188,309
105000049,176,337,-161
105000050,688,304,384
105000051,109,283,-174
105000052,453,574,-121
105000053,141,96,45
105000054,331,619,-288
105000055,490,200,290
105000056,1165,1255,-90
105000057,884,510,374
105000058,963,683,280
105000059,658,510,148
105000060,409,435,-26
105000061,594,459,135
105000062,538,557,-19
105000063,243,397,-154
105000064,1339,646,693
105000065,346,396,-50
105000066,908,931,-23
105000067,1367,685,682
105000068,346,638,-292
105000069,1241,1494,-253
105000070,471,809,-338
105000071,169,698,-529
105000072,920,1864,-944
105000073,773,477,296
105000074,796,559,237
105000075,396,689,-293
105000076,909,736,173
105000077,1883,843,1040
105000078,899,1023,-124
105000079,990,2743,-1753
105000080,1506,1010,496
105000081,3127,1199,1928
105000082,876,1711,-835
105000083,3877,3368,509
105000084,511,505,6
105000085,1347,1856,-509
105000086,553,645,-92
105000087,982,1186,-204
105000088,1142,1298,-156
105000089,1969,1349,620
105000090,676,613,63
105000091,862,1146,-284
105000092,516,623,-107
105000093,211,222,-11
105000094,257,139,118
105000095,80,375,-295
105000096,847,838,9
105000097,707,679,28
105000098,786,567,219
105000099,617,592,25
105000100,1091,766,325
105000101,1570,1310,260
105000102,1155,1014,141
105000103,1097,1459,-362
105000104,1703,688,1015
105000105,846,1381,-535
105000106,1024,1020,4
105000107,1281,714,567
105000108,1276,981,295
105000109,1312,1119,193
105000110,729,368,361
105000111,801,519,282
105000112,1043,483,560
105000113,431,566,-135
105000114,1467,927,540
105000115,303,942,-639
105000116,814,372,442
105000117,769,530,239
105000118,433,231,202
105000119,391,505,-114
105000120,868,405,463
105000121,558,552,6
105000122,415,533,-118
105000123,784,825,-41
105000124,1624,558,1066
105000125,698,1209,-511
105000126,1685,1157,528
105000127,1858,1306,552
105000128,479,715,-236
105000129,593,252,341
105000130,342,2490,-2148
105000131,530,254,276
105000132,794,564,230
105000133,367,642,-275
105000134,671,400,271
105000135,308,383,-75
105000136,126,226,-100
105000137,459,199,260
105000138,175,257,-82
105000139,841,634,207
105000140,398,357,41
105000141,280,322,-42
105000142,159,311,-152
105000143,162,421,-259
105000144,247,601,-354
105000145,594,253,341
105000146,393,631,-238
105000147,587,281,306
105000148,963,483,480
105000149,2005,1702,303
105000150,1368,1010,358
105000151,317,266,51
105000152,116,329,-213
105000153,438,508,-70
105000154,441,363,78
105000155,303,638,-335
105000156,526,466,60
105000157,540,1053,-513
105000158,1424,505,919
105000159,212,691,-479
105000160,1593,445,1148
105000161,518,606,-88
105000162,509,1252,-743
105000163,829,621,208
105000164,197,182,15
105000165,575,4055,-3480
105000166,3252,731,2521
105000167,1055,1182,-127
105000168,402,369,33
105000169,422,176,246
105000170,223,914,-691
105000171,849,143,706
105000172,117,18,99
105000173,232,25,207
105000174,51,20,31
105000175,74,77,-3
105000176,370,74,296
105000177,321,160,161
105000178,143,289,-146
105000179,506,104,402
105000180,141,90,51
105000181,133,194,-61
105000182,44,38,6
105000183,1320,1546,-226
105000184,620,843,-223
105000185,859,1099,-240
105000186,319,625,-306
105000187,716,133,583
105000188,158,114,44
105000189,102,329,-227
105000190,274,235,39
105000191,349,246,103
105000192,293,61,232
105000193,60,104,-44
105000194,432,103,329
105000195,233,520,-287
105000196,70,228,-158
105000197,233,439,-206
105000198,410,221,189
105000199,202,442,-240
105000200,101,230,-129
105000201,73,30,43
105000203,17,121,-104
105000204,79,53,26
105000205,96,179,-83
105000207,349,115,234
105000208,154,442,-288
105000209,168,207,-39
105000211,103,2,101
105000212,1045,749,296
105000213,116,149,-33
105000214,121,181,-60
105000215,317,170,147
105000216,176,188,-12
105000217,110,153,-43
105000218,1153,845,308
105000221,120,146,-26
105000222,337,140,197
105000223,272,145,127
105000226,84,129,-45
105000227,75,120,-45
105000228,135,1396,-1261
105000229,175,400,-225
105000231,337,261,76
105000233,629,530,99
105000234,356,855,-499
105000235,289,456,-167
105000237,616,78,538
105000243,29,16,13
105000248,67,50,17
105000262,257,786,-529
105000269,149,138,11
105000270,346,33,313
105000271,1,142,-141
105000282,76,36,40
105000287,302,72,230
105000288,404,285,119
105000289,2182,1600,582
105000290,9,11,-2
105000402,2135,2861,-726
105000426,356,421,-65
105000438,3442,1412,2030
105000440,10,8,2
105000446,6883,4070,2813
105000447,4029,1919,2110
105000454,487,439,48
105000455,206,132,74
105000474,36,1,35
105000477,332,410,-78
105000478,1596,3645,-2049
105000479,81,84,-3
105000480,8464,6158,2306
105000481,4389,2807,1582
105000482,3649,6492,-2843
105000483,1425,1651,-226
105000484,1596,2565,-969
105000485,1314,2888,-1574
105000486,2402,2047,355
105000488,7785,3930,3855
105000489,813,606,207
105000549,84,108,-24
105000550,317,1163,-846
105000551,59,78,-19
105000552,1873,1183,690
105000555,957,841,116
105000556,25,15,10
105000557,11,73,-62
105900001,9,1492,-1483
105900002,760,472,288
105900003,15,68,-53
105900004,145,86,59
105900005,5,163,-158
105900006,12,87,-75
105900007,43,35,8
105900008,62,365,-303
105900009,16,22,-6
105900011,105,36,69
105900012,341,62,279
105900013,1,33,-32
105900014,10,40,-30
105900015,102,234,-132
105900016,404,347,57
105900017,988,22,966
105900018,139,136,3
105900019,50,209,-159
105900020,50,63,-13
105900021,21,149,-128
105900022,195,107,88
105900023,9,55,-46
105900024,0,94,-94
105900025,151,16,135
105900026,167,12,155
105900027,6654,3018,3636
105900028,358,267,91
105900029,1140,217,923
105900030,150,149,1
105900031,236,140,96
105900032,49,99,-50
105900033,87,77,10
105900034,139,104,35
105900035,126,97,29
105900036,106,73,33
105900037,81,48,33
105900038,103,165,-62
105900039,127,83,44
105900040,55,68,-13
105900041,144,148,-4
105900042,62,124,-62
105900043,855,54,801
105900044,0,165,-165
105900045,1,520,-519
105900046,7,170,-163
105900047,12,32,-20
105900048,99,302,-203
105900050,1999,3453,-1454
105900051,46,828,-782
105900052,334,81,253
105900053,1570,1961,-391
105900054,202,125,77
105900056,388,242,146
105900057,15,54,-39
105900058,7,9,-2
105900059,0,28,-28
106000001,3017,1951,1066
106000002,1528,3892,-2364
106000003,2363,2971,-608
106000004,1208,1928,-720
106000005,3051,4000,-949
106000006,4322,2636,1686
106000007,386,435,-49
106000008,408,223,185
106000009,554,283,271
106000010,483,435,48
106000011,933,782,151
106000012,759,949,-190
106000013,1480,1398,82
106000014,1377,979,398
106000015,1576,898,678
106000016,922,1175,-253
106000017,451,535,-84
106000018,450,334,116
106000019,300,311,-11
106000020,283,213,70
106000021,321,297,24
106000022,273,158,115
106000023,620,218,402
106000024,436,299,137
106000025,114,125,-11
106000026,65,172,-107
106000027,1198,989,209
106000028,435,306,129
106000029,500,614,-114
106000030,422,462,-40
106000034,159,483,-324
106000035,734,1475,-741
106000036,134,366,-232
106000037,1344,943,401
106000038,228,101,127
106000039,90,92,-2
106000040,94,690,-596
106000041,578,380,198
106000043,469,192,277
106000046,302,52,250
106000047,28,281,-253
106000049,932,135,797
106000050,212,426,-214
106000051,593,372,221
106000052,88,321,-233
106000053,307,118,189
106000054,237,259,-22
106000055,1006,677,329
106000056,229,277,-48
106000057,370,187,183
106000058,100,104,-4
106000059,284,202,82
106000060,250,356,-106
106000061,181,444,-263
106000062,152,327,-175
106000063,708,458,250
106000064,28,267,-239
106000065,363,218,145
106000066,106,234,-128
106000067,300,71,229
106000068,37,394,-357
106000069,261,43,218
106000070,381,512,-131
106000071,923,213,710
106000072,1894,1215,679
106000073,1245,2413,-1168
106000074,465,488,-23
106000075,261,1065,-804
106000076,1410,1502,-92
106000077,2453,1076,1377
106000078,886,708,178
106000079,530,628,-98
106000080,966,522,444
106000081,537,779,-242
106000082,1833,684,1149
106000083,443,1079,-636
106000084,990,549,441
106000085,1150,1083,67
106000086,595,617,-22
106000087,777,486,291
106000088,365,534,-169
106000089,804,320,484
106000090,253,434,-181
106000091,225,385,-160
106000092,633,187,446
106000093,259,85,174
106000094,73,185,-112
106000095,688,473,215
106000096,875,456,419
106000097,868,548,320
106000098,567,657,-90
106000099,215,450,-235
106000100,801,163,638
106000101,522,164,358
106000102,152,374,-222
106000103,181,305,-124
106000104,572,316,256
106000105,393,439,-46
106000106,620,394,226
106000107,160,227,-67
106000108,418,254,164
106000109,192,163,29
106000110,236,214,22
106000111,201,267,-66
106000112,232,481,-249
106000113,427,404,23
106000114,303,432,-129
106000115,195,292,-97
106000116,353,152,201
106000117,795,459,336
106000118,948,883,65
106000119,876,615,261
106000120,714,907,-193
106000121,187,94,93
106000122,96,141,-45
106000123,408,74,334
106000124,44,120,-76
106000125,16,140,-124
106000126,253,77,176
106000127,807,529,278
106000128,716,132,584
106000129,369,312,57
106000130,727,249,478
106000131,137,499,-362
106000132,421,118,303
106000133,953,849,104
106000134,461,1235,-774
106000135,180,368,-188
106000136,602,810,-208
106000137,60,427,-367
106000138,969,90,879
106000139,61,88,-27
106000140,23,35,-12
106000141,100,35,65
106000142,105,37,68
106000143,24,30,-6
106000144,34,57,-23
106000145,231,178,53
106000146,345,112,233
106000147,299,299,0
106000148,376,522,-146
106000149,513,244,269
106000150,425,1336,-911
106000151,2494,629,1865
106000152,889,1381,-492
106000153,69,1329,-1260
106000154,1007,157,850
106000155,91,223,-132
106000156,752,228,524
106000157,500,1114,-614
106000158,1457,701,756
106000159,1806,1413,393
106000160,382,1987,-1605
106000161,1065,236,829
106000162,231,751,-520
106000163,375,231,144
106000164,389,203,186
106000165,206,303,-97
106000166,613,185,428
106000167,304,591,-287
106000168,484,171,313
106000169,230,339,-109
106000170,716,135,581
106000171,184,811,-627
106000172,2119,959,1160
106000173,813,1865,-1052
106000174,899,356,543
106000175,184,567,-383
106000176,1208,483,725
106000177,509,1454,-945
106000178,2427,1178,1249
106000179,796,1369,-573
106000180,525,717,-192
106000181,702,1143,-441
106000182,1164,447,717
106000183,1070,299,771
106000184,903,351,552
106000185,623,897,-274
106000186,685,108,577
106000187,126,745,-619
106000188,2,2,0
106000189,17,24,-7
106000190,31,2,29
106000191,543,165,378
106000192,2,23,-21
106000193,291,138,153
106000194,110,205,-95
106000195,218,74,144
106000196,69,259,-190
106000197,459,146,313
106000198,123,164,-41
106000199,413,514,-101
106000200,186,132,54
106000201,353,1953,-1600
106000202,2157,373,1784
106000203,29,155,-126
106000204,93,10,83
106000205,15,138,-123
106000206,58,17,41
106000207,41,343,-302
106000208,1154,156,998
106000209,1245,362,883
106000210,241,663,-422
106000211,227,711,-484
106000212,686,371,315
106000213,466,1295,-829
106000214,1669,438,1231
106000215,224,385,-161
106000216,330,259,71
106000217,221,292,-71
106000218,418,283,135
106000219,127,231,-104
106000220,397,185,212
106000221,146,178,-32
106000222,69,54,15
106000223,222,76,146
106000224,251,108,143
106000225,99,106,-7
106000226,92,194,-102
106000228,50,75,-25
106000229,83,471,-388
106000231,828,90,738
106000232,65,264,-199
106000233,472,96,376
106000234,39,208,-169
106000235,223,111,112
106000236,62,55,7
106000237,1,5,-4
106000238,7,18,-11
106000239,1,68,-67
106000240,16,4,12
106000241,13,415,-402
106000242,236,25,211
106000249,85,53,32
106000250,36,399,-363
106000251,101,11,90
106000252,7,54,-47
106000253,28,43,-15
106000254,44,25,19
106000255,7,108,-101
106000256,49,28,21
106000257,109,156,-47
106000258,122,35,87
106000259,1,36,-35
106000260,38,9,29
106000261,5,41,-36
106000262,69,7,62
106000263,9,24,-15
106000264,169,6,163
106000265,11,78,-67
106000266,79,16,63
106000267,1,61,-60
106000268,355,54,301
106000269,36,28,8
106000270,90,347,-257
106000271,55,146,-91
106000272,124,29,95
106000273,6,186,-180
106000274,128,34,94
106000275,106,172,-66
106000276,109,39,70
106000277,98,215,-117
106000278,120,18,102
106000279,9,19,-10
106000280,47,59,-12
106000281,69,35,34
106000282,70,49,21
106000283,75,51,24
106000284,73,84,-11
106000285,91,70,21
106000286,96,92,4
106000287,108,34,74
106000288,83,123,-40
106000289,103,44,59
106000290,43,67,-24
106000291,88,73,15
106000292,91,49,42
106000293,135,84,51
106000294,106,73,33
106000295,64,56,8
106000296,28,56,-28
106000297,74,180,-106
106000298,81,61,20
106000299,62,101,-39
106000300,53,93,-40
106000301,60,126,-66
106000303,19,62,-43
106000304,14,27,-13
106000305,27,45,-18
106000306,36,36,0
106000307,42,33,9
106000308,18,66,-48
106000309,18,33,-15
106000310,315,346,-31
106000311,322,133,189
106000312,84,140,-56
106000313,189,199,-10
106000318,66,348,-282
106000319,925,209,716
106000320,5,93,-88
106000321,135,87,48
106000322,181,96,85
106000324,30,128,-98
106000325,1413,641,772
106000326,868,1214,-346
106000327,167,62,105
106000328,32,92,-60
106000329,39,186,-147
106000330,34,62,-28
106000428,77,174,-97
106000429,147,386,-239
106000430,357,912,-555
106000431,1730,358,1372
106000432,1421,1948,-527
106000433,2115,1210,905
106000434,2608,1257,1351
106000435,1125,1562,-437
106000436,17,112,-95
106000437,194,60,134
106000438,168,142,26
106000439,38,348,-310
106000440,188,298,-110
106000441,3,0,3
106000442,134,6,128
106000443,186,171,15
106000450,1,103,-102
106000451,34,53,-19
106000454,3,72,-69
106000455,7,112,-105
106000456,87,26,61
106000457,29,512,-483
106000458,767,53,714
106000459,141,224,-83
106000460,1467,16,1451
106000461,92,575,-483
106000462,0,28,-28
106000463,5,8,-3
106000464,1,192,-191
106000465,647,3,644
106000466,4,288,-284
106000467,214,301,-87
106000468,72,88,-16
106000469,86,0,86
106000470,223,1326,-1103
106000471,15,316,-301
106000472,121,7,114
106000473,33,7,26
106000474,221,276,-55
106000475,198,96,102
106000476,136,230,-94
106000477,24,94,-70
106000480,1,247,-246
106900001,0,10,-10
106900002,0,248,-248
106900003,140,532,-392
106900004,0,16,-16
106900006,0,4,-4
106900007,0,3,-3
106900008,303,122,181
106900009,285,179,106
106900010,205,175,30
106900012,909,1502,-593
106900013,329,149,180
106900014,10,2,8
106900015,8,2,6
106900016,264,10,254
106900017,8,0,8
106900018,1,0,1
106900019,35,2,33
106900020,1313,1304,9
106900021,114,148,-34
106900022,837,8,829
106900023,53,230,-177
106900024,388,41,347
106900025,53,349,-296
106900026,0,264,-264
106900027,645,3,642
107000001,3027,2939,88
107000002,1885,2959,-1074
107000003,5046,5269,-223
107000004,3459,2796,663
107000005,4197,4685,-488
107000006,2817,2303,514
107000007,4754,8224,-3470
107000008,6929,5036,1893
107000009,6651,6519,132
107000010,6262,5712,550
107000011,891,945,-54
107000012,2894,2042,852
107000013,100,100,0
107000014,50,269,-219
107000015,434,649,-215
107000016,641,498,143
107000017,1285,1135,150
107000018,15,741,-726
107000020,826,1093,-267
107000021,946,336,610
107000022,708,1126,-418
107000023,1485,192,1293
107000024,504,1084,-580
107000025,217,267,-50
107000026,233,381,-148
107000027,1319,820,499
107000028,1047,896,151
107000029,2783,2206,577
107000030,2039,2001,38
107000031,3887,2136,1751
107000032,375,733,-358
107000033,2184,2842,-658
107000034,2296,1133,1163
107000035,286,194,92
107000036,305,987,-682
107000037,66,667,-601
107000038,194,214,-20
107000039,686,616,70
107000040,131,256,-125
107000041,1221,556,665
107000042,605,1632,-1027
107000043,1881,951,930
107000044,423,291,132
107000045,69,231,-162
107000046,596,314,282
107000047,391,599,-208
107000048,599,229,370
107000049,576,655,-79
107000050,1029,428,601
107000051,224,266,-42
107000052,1090,850,240
107000053,335,189,146
107000054,67,273,-206
107000055,349,166,183
107000056,461,571,-110
107000057,1084,173,911
107000058,1983,1852,131
107000059,1414,2272,-858
107000060,3963,4243,-280
107000061,3838,2417,1421
107000062,4489,2601,1888
107000063,3360,3336,24
107000064,4144,2193,1951
107000065,2382,2899,-517
107000066,1671,2334,-663
107000067,984,1122,-138
107000068,1073,757,316
107000069,794,537,257
107000070,1293,8,1285
107000071,3118,70,3048
107000072,33,1792,-1759
107000073,846,355,491
107000074,175,746,-571
107000075,1770,491,1279
107000076,514,1006,-492
107000077,3323,1283,2040
107000078,2091,2031,60
107000079,2506,1001,1505
107000080,960,1928,-968
107000081,1765,526,1239
107000082,532,1083,-551
107000083,1067,387,680
107000084,277,1171,-894
107000085,2518,2657,-139
107000086,2805,2668,137
107000087,2731,1703,1028
107000088,2385,2822,-437
107000089,1401,1348,53
107000090,907,848,59
107000091,1366,650,716
107000092,756,810,-54
107000093,1151,689,462
107000094,725,869,-144
107000095,731,529,202
107000096,510,578,-68
107000097,701,274,427
107000098,381,415,-34
107000099,338,270,68
107000100,243,236,7
107000101,83,143,-60
107000102,211,218,-7
107000103,344,158,186
107000104,173,236,-63
107000105,321,111,210
107000106,159,186,-27
107000107,600,145,455
107000108,129,344,-215
107000109,654,180,474
107000110,55,595,-540
107000111,366,48,318
107000112,38,272,-234
107000113,650,112,538
107000114,99,423,-324
107000115,584,155,429
107000116,80,492,-412
107000117,232,591,-359
107000118,149,115,34
107000119,1143,1236,-93
107000120,835,376,459
107000121,894,533,361
107000122,993,602,391
107000123,455,488,-33
107000124,515,540,-25
107000125,952,449,503
107000126,785,546,239
107000129,204,425,-221
107000130,622,220,402
107000131,363,392,-29
107000132,533,252,281
107000133,424,88,336
107000134,253,3,250
107000135,1,212,-211
107000136,588,5,583
107000137,4,343,-339
107000138,232,29,203
107000139,25,426,-401
107000140,1042,101,941
107000141,117,624,-507
107000142,446,79,367
107000143,69,500,-431
107000144,470,388,82
107000145,132,388,-256
107000146,187,206,-19
107000147,3362,891,2471
107000150,457,2169,-1712
107000151,16,84,-68
107000152,368,1182,-814
107000153,108,194,-86
107000154,171,247,-76
107000155,725,12,713
107000156,1060,17,1043
107000157,33,889,-856
107000158,609,13,596
107000159,51,539,-488
107000160,1042,99,943
107000161,96,748,-652
107000162,248,390,-142
107000163,204,5,199
107000164,763,4,759
107000165,1129,10,1119
107000166,26,730,-704
107000167,629,205,424
107000168,987,405,582
107000169,514,599,-85
107000170,2028,686,1342
107000171,537,1106,-569
107000172,1026,1382,-356
107000173,503,516,-13
107000174,902,4079,-3177
107000175,3821,1020,2801
107000176,0,0,0
107000177,2,1,1
107000178,27,24,3
107000179,320,1420,-1100
107000180,1314,172,1142
107000181,389,805,-416
107000182,1878,647,1231
107000183,171,536,-365
107000184,989,556,433
107000185,381,870,-489
107000186,998,297,701
107000187,1039,953,86
107000188,532,530,2
107000189,409,724,-315
107000190,533,484,49
107000191,733,867,-134
107000192,1254,452,802
107000193,367,396,-29
107000194,749,522,227
107000197,857,239,618
107000198,300,527,-227
107000199,541,538,3
107000200,509,438,71
107000201,431,232,199
107000202,288,362,-74
107000203,537,948,-411
107000204,666,1335,-669
107000205,1289,784,505
107000206,687,1277,-590
107000207,580,815,-235
107000208,648,492,156
107000209,1316,1210,106
107000210,444,279,165
107000211,4,46,-42
107000212,6,239,-233
107000213,3,16,-13
107000214,6,92,-86
107000215,319,234,85
107000216,342,213,129
107000217,143,87,56
107000219,69,186,-117
107000220,133,155,-22
107000222,188,398,-210
107000224,365,113,252
107000225,145,251,-106
107000226,374,107,267
107000227,78,151,-73
107000228,75,227,-152
107000229,121,88,33
107000230,811,385,426
107000231,1016,1533,-517
107000232,135,30,105
107000233,773,699,74
107000234,3,62,-59
107000235,68,14,54
107000236,5,232,-227
107000237,25,2,23
107000238,19,0,19
107000239,1703,393,1310
107000240,114,553,-439
107000243,0,22,-22
107000244,1,41,-40
107000246,5,737,-732
107000249,1,1005,-1004
107000251,1,398,-397
107000252,1,612,-611
107000255,240,113,127
107000257,1,260,-259
107000258,1,94,-93
107000259,2,126,-124
107000260,804,7,797
107000262,6,302,-296
107000263,273,16,257
107000266,7,11,-4
107000267,51,78,-27
107000268,119,81,38
107000269,535,72,463
107000270,1,28,-27
107000271,11,409,-398
107000272,14,72,-58
107000273,7,185,-178
107000274,603,168,435
107000275,39,791,-752
107000280,812,25,787
107000281,31,426,-395
107000282,34,474,-440
107000290,8,12,-4
107000291,12,2,10
107000292,0,74,-74
107000293,24,7,17
107000294,0,35,-35
107000295,17,1,16
107000296,0,21,-21
107000444,251,7,244
107000496,8,13,-5
107000497,1122,1365,-243
107000500,284,170,114
107000501,57,132,-75
107000502,169,184,-15
107000505,259,612,-353
107000506,0,93,-93
107000508,4,354,-350
107000509,199,507,-308
107000510,15,38,-23
107000514,41,387,-346
107000515,10,105,-95
107000516,315,210,105
107000518,1055,1255,-200
107000519,1004,695,309
107000520,66,27,39
107000521,565,268,297
107000522,858,331,527
107900001,76,159,-83
107900002,62,5,57
107900003,395,31,364
107900004,23,0,23
107900005,1073,5,1068
107900006,108,2,106
107900007,265,35,230
107900008,47,15,32
107900009,96,22,74
107900010,61,3,58
107900012,311,63,248
107900013,153,22,131
107900014,35,3,32
107900015,860,7,853
107900016,337,58,279
107900017,4,0,4
107900018,46,115,-69
107900019,16,33,-17
107900020,51,21,30
107900021,75,68,7
107900023,4,4,0
107900024,0,15,-15
107900025,181,160,21
107900026,64,36,28
107900027,13,25,-12
107900028,79,28,51
107900030,183,36,147
107900031,83,50,33
107900032,39,6,33
107900033,25,6,19
107900034,282,20,262
107900035,716,37,679
107900036,73,13,60
107900037,1,30,-29
107900038,129,182,-53
107900039,39,19,20
107900040,9,135,-126
107900041,4,5,-1
107900043,24,49,-25
107900044,4,7,-3
107900045,82,52,30
107900046,165,138,27
107900047,29,27,2
107900048,183,14,169
107900049,291,578,-287
107900050,116,197,-81
107900051,77,31,46
107900052,24,77,-53
107900053,43,56,-13
107900055,441,188,253
107900056,118,29,89
107900057,0,0,0
107900058,20,322,-302
107900060,25,67,-42
107900061,10,10,0
107900063,75,131,-56
107900064,206,106,100
107900065,206,9,197
107900066,23,10,13
107900067,0,0,0
107900068,62,594,-532
107900069,43,1811,-1768
107900070,124,43,81
107900071,26,438,-412
107900072,75,88,-13
107900073,90,55,35
107900074,483,276,207
107900076,113,22,91
107900077,107,0,107
107900079,4,13,-9
107900080,135,669,-534
107900081,37,46,-9
107900082,17,12,5
107900083,262,155,107
107900084,94,104,-10
107900086,48,90,-42
107900087,399,118,281
107900088,33,7,26
107900089,156,601,-445
107900090,396,1556,-1160
107900091,146,225,-79
107900093,47,50,-3
107900095,2279,1678,601
107900097,17,49,-32
107900098,59,145,-86
107900100,617,1007,-390
107900101,623,150,473
107900102,40,8,32
107900103,38,98,-60
107900104,150,7,143
107900105,0,173,-173
107900106,2,599,-597
107900107,800,372,428
107900108,150,96,54
107900109,1159,13,1146
107900110,59,39,20
107900111,10,462,-452
107900112,86,334,-248
107900113,135,46,89
107900114,150,81,69
107900115,4,15,-11
107900116,145,59,86
107900117,236,216,20
107900118,39,98,-59
107900119,69,193,-124
107900120,46,17,29
107900121,3,94,-91
107900122,1,27,-26
107900123,1,43,-42
107900124,5,32,-27
107900125,45,159,-114
107900126,4,44,-40
107900127,284,262,22
107900128,58,57,1
107900129,58,10,48
107900130,83,15,68
107900131,458,233,225
107900132,87,167,-80
107900133,1,53,-52
107900134,25,89,-64
107900135,13,122,-109
107900136,24,32,-8
107900137,90,82,8
107900138,50,28,22
107900139,37,14,23
107900141,23,42,-19
107900142,41,400,-359
107900143,23,12,11
107900144,1,145,-144
107900145,17,43,-26
107900146,34,68,-34
107900147,26,36,-10
107900148,94,63,31
107900149,501,165,336
107900150,88,407,-319
107900151,50,85,-35
107900152,11,78,-67
107900153,132,246,-114
107900154,34,35,-1
107900155,66,30,36
107900156,6,193,-187
107900157,41,26,15
107900158,674,20,654
107900159,14,490,-476
107900160,121,148,-27
107900161,22,111,-89
107900162,1,43,-42
107900163,20,37,-17
107900164,11,36,-25
107900165,13,62,-49
107900166,14,129,-115
107900167,16,56,-40
107900168,29,36,-7
107900169,2,169,-167
107900171,9,571,-562
107900172,1,180,-179
107900173,18,75,-57
107900174,167,3,164
107900175,15,29,-14
107900176,41,30,11
107900177,0,75,-75
107900178,0,105,-105
107900179,19,80,-61
107900180,322,459,-137
107900181,255,176,79
107900182,0,572,-572
107900183,51,153,-102
107900184,70,134,-64
107900185,153,2,151
107900186,11,37,-26
107900187,2,97,-95
107900188,418,118,300
107900189,9,77,-68
107900190,52,111,-59
107900191,53,72,-19
107900193,9,26,-17
107900194,201,19,182
107900195,1272,237,1035
107900196,59,52,7
107900197,329,282,47
107900199,2,637,-635
107900201,92,59,33
107900203,31,65,-34
107900204,168,144,24
107900206,523,369,154
107900207,1,340,-339
107900208,4,363,-359
107900209,250,112,138
107900210,66,76,-10
107900213,459,263,196
107900214,10,71,-61
107900215,111,259,-148
107900216,91,28,63
107900217,14,70,-56
107900218,24,993,-969
107900219,23,33,-10
107900220,181,210,-29
107900221,69,133,-64
107900223,97,277,-180
107900224,79,265,-186
107900225,8,342,-334
107900226,81,55,26
107900227,106,252,-146
107900228,14,60,-46
107900229,0,126,-126
107900230,14,44,-30
107900231,20,99,-79
107900232,59,94,-35
107900233,6,76,-70
107900234,90,49,41
107900235,23,87,-64
107900236,80,29,51
107900237,45,313,-268
107900238,40,50,-10
107900239,525,300,225
107900240,19,73,-54
107900241,11,57,-46
107900242,30,131,-101
107900243,0,51,-51
107900244,334,7,327
107900245,622,33,589
107900246,179,22,157
107900248,164,178,-14
107900249,561,17,544
107900250,1,288,-287
107900251,50,686,-636
107900252,781,18,763
107900253,187,2,185
107900254,73,142,-69
107900255,123,77,46
107900256,511,856,-345
107900257,144,93,51
107900258,79,160,-81
107900259,67,1726,-1659
107900261,3,151,-148
107900262,34,76,-42
107900264,267,18,249
107900265,99,88,11
107900267,219,28,191
107900268,16,5,11
107900269,1,3,-2
107900270,0,0,0
107900271,2,13,-11
107900272,68,19,49
107900273,31,93,-62
107900274,105,0,105
107900275,32,0,32
107900276,1,64,-63
107900277,0,94,-94
107900278,275,328,-53
107900279,69,142,-73
107900280,1643,1137,506
107900281,634,2330,-1696
107900282,22,323,-301
107900283,608,500,108
107900284,457,481,-24
107900285,82,59,23
107900286,95,42,53
107900287,169,148,21
107900290,2,128,-126
107900291,488,34,454
107900292,130,107,23
107900293,65,372,-307
107900295,63,21,42
107900297,1,208,-207
107900298,569,584,-15
107900299,1720,1910,-190
107900301,407,584,-177
107900302,86,32,54
107900303,155,236,-81
107900304,358,275,83
107900305,273,10,263
107900306,16,47,-31
107900307,35,162,-127
107900308,128,104,24
107900309,82,0,82
107900310,266,3,263
107900311,8,466,-458
107900312,43,0,43
107900313,0,129,-129
107900314,0,41,-41
107900315,0,33,-33
107900316,33,2,31
107900317,55,11,44
107900318,6,80,-74
107900319,4,84,-80
107900320,7,72,-65
107900321,108,5,103
107900322,1,68,-67
107900323,14,78,-64
107900324,133,4,129
107900325,106,0,106
107900326,269,168,101
107900327,1,46,-45
107900328,46,1,45
107900329,61,66,-5
107900330,7,201,-194
107900331,229,18,211
107900332,225,18,207
107900333,66,15,51
107900334,12,95,-83
107900335,44,13,31
107900336,17,43,-26
107900337,661,647,14
107900338,4,158,-154
107900339,0,10,-10
107900340,1,38,-37
107900341,41,0,41
107900342,87,77,10
107900343,45,3,42
107900344,7,42,-35
107900345,93,14,79
107900346,19,1,18
107900347,22,5,17
107900348,3,4,-1
107900349,43,3,40
107900350,29,163,-134
107900351,1,109,-108
107900352,4,13,-9
107900353,16,7,9
107900354,14,31,-17
108000001,2656,3004,-348
108000002,1602,1881,-279
108000003,2895,3118,-223
108000004,9060,10667,-1607
108000005,7108,5610,1498
108000006,6073,5368,705
108000007,4523,3513,1010
108000008,3633,4346,-713
108000009,3203,3832,-629
108000010,2365,3079,-714
108000011,10538,9594,944
108000012,11841,10701,1140
108000014,1009,853,156
108000015,802,232,570
108000016,312,703,-391
108000017,973,369,604
108000018,1511,504,1007
108000019,1543,718,825
108000020,1242,411,831
108000021,255,1479,-1224
108000022,366,1055,-689
108000023,1266,211,1055
108000024,398,357,41
108000025,322,264,58
108000026,826,314,512
108000027,747,484,263
108000028,800,199,601
108000029,510,621,-111
108000030,551,171,380
108000031,178,524,-346
108000032,1589,536,1053
108000033,636,755,-119
108000034,1544,358,1186
108000035,584,1437,-853
108000036,332,679,-347
108000037,1626,350,1276
108000038,2469,422,2047
108000039,475,1299,-824
108000040,1508,790,718
108000041,567,1505,-938
108000042,249,194,55
108000043,188,216,-28
108000044,496,120,376
108000045,347,309,38
108000046,1382,237,1145
108000047,352,594,-242
108000048,188,259,-71
108000049,894,282,612
108000050,157,484,-327
108000051,411,88,323
108000052,166,404,-238
108000053,404,171,233
108000054,416,619,-203
108000055,907,459,448
108000056,880,979,-99
108000057,476,1135,-659
108000058,1599,3206,-1607
108000059,2438,1434,1004
108000060,217,548,-331
108000061,290,370,-80
108000062,737,452,285
108000063,371,341,30
108000064,221,191,30
108000065,460,330,130
108000066,1242,622,620
108000067,1750,560,1190
108000068,731,351,380
108000069,240,640,-400
108000070,1760,662,1098
108000071,586,957,-371
108000072,1671,911,760
108000073,1054,1243,-189
108000074,485,335,150
108000075,312,546,-234
108000076,728,589,139
108000077,537,453,84
108000078,2115,1021,1094
108000079,668,944,-276
108000080,1256,369,887
108000081,436,969,-533
108000082,735,1167,-432
108000083,1669,839,830
108000084,344,759,-415
108000085,676,374,302
108000086,648,441,207
108000087,125,1698,-1573
108000088,729,131,598
108000089,306,261,45
108000091,217,288,-71
108000092,132,78,54
108000093,215,302,-87
108000094,540,102,438
108000095,141,191,-50
108000096,264,161,103
108000097,129,245,-116
108000098,1584,1094,490
108000099,1065,358,707
108000100,132,363,-231
108000101,1117,1292,-175
108000102,1557,2906,-1349
108000106,792,0,792
108000107,3,785,-782
108000108,830,39,791
108000109,8,718,-710
108000110,187,252,-65
108000111,132,438,-306
108000112,46,123,-77
108000113,361,226,135
108000115,257,167,90
108000117,510,261,249
108000118,413,1592,-1179
108000119,587,253,334
108000120,167,584,-417
108000121,188,292,-104
108000122,542,331,211
108000123,562,156,406
108000124,242,340,-98
108000125,342,189,153
108000126,166,310,-144
108000127,471,234,237
108000128,586,343,243
108000129,342,625,-283
108000130,443,140,303
108000131,748,410,338
108000132,1485,867,618
108000133,790,422,368
108000134,374,317,57
108000135,1021,344,677
108000136,218,503,-285
108000137,444,231,213
108000138,400,654,-254
108000139,498,267,231
108000140,93,21,72
108000141,44,36,8
108000142,41,55,-14
108000143,29,242,-213
108000144,429,34,395
108000145,36,15,21
108000146,593,70,523
108000147,31,13,18
108000148,505,83,422
108000149,20,4,16
108000150,33,11,22
108000151,267,117,150
108000152,106,391,-285
108000153,484,119,365
108000154,54,6,48
108000155,38,18,20
108000156,628,301,327
108000157,134,948,-814
108000158,88,683,-595
108000159,320,180,140
108000160,1885,960,925
108000161,1436,2153,-717
108000165,1,117,-116
108000172,5,234,-229
108000173,1127,1862,-735
108000175,549,129,420
108000178,262,254,8
108000179,99,836,-737
108000181,88,21,67
108000182,221,85,136
108000183,41,643,-602
108000184,692,1855,-1163
108000185,204,222,-18
108000186,367,327,40
108000187,75,287,-212
108000188,587,226,361
108000189,1186,7417,-6231
108000190,35,112,-77
108000192,210,433,-223
108000193,682,25,657
108000194,44,10,34
108000195,1,688,-687
108000196,128,161,-33
108000198,754,240,514
108000199,1,328,-327
108000200,368,319,49
108000203,91,342,-251
108000204,110,69,41
108000205,201,255,-54
108000339,905,327,578
108000364,224,518,-294
108000365,81,242,-161
108000367,294,228,66
108000368,8,46,-38
108000369,473,174,299
108000371,6,585,-579
108000372,624,8,616
108000373,224,205,19
108000376,80,42,38
108000377,462,169,293
108000378,7993,9024,-1031
108000379,22,167,-145
108000381,59,11,48
108000382,145,1,144
108000383,2,193,-191
108900001,64,748,-684
108900002,162,38,124
108900003,235,434,-199
108900004,952,406,546
108900007,322,170,152
108900008,120,123,-3
108900009,70,86,-16
108900010,228,139,89
108900011,563,358,205
108900012,292,348,-56
108900013,150,227,-77
108900014,16,90,-74
108900015,0,138,-138
108900016,3,218,-215
108900017,200,364,-164
108900018,130,250,-120
108900019,29,345,-316
108900020,63,146,-83
108900021,115,157,-42
108900022,110,16,94
108900023,12,32,-20
108900024,40,79,-39
108900025,104,71,33
108900026,16,101,-85
108900027,0,53,-53
108900028,84,188,-104
108900029,41,140,-99
108900030,1,52,-51
108900031,156,203,-47
108900032,14,87,-73
108900033,0,77,-77
108900034,1,109,-108
108900035,314,865,-551
108900038,5,168,-163
108900039,0,238,-238
108900040,6,73,-67
108900041,3523,2595,928
108900042,6,304,-298
108900043,70,316,-246
108900044,0,236,-236
108900045,51,304,-253
108900046,32,365,-333
108900047,1,125,-124
108900048,89,566,-477
108900049,1787,1010,777
108900050,0,102,-102
108900051,1,117,-116
108900052,24,118,-94
108900053,59,161,-102
108900054,62,139,-77
108900055,44,245,-201
108900056,0,94,-94
108900057,0,111,-111
108900058,58,206,-148
108900059,373,46,327
108900060,85,111,-26
108900061,83,17,66
108900062,10,173,-163
108900063,13,167,-154
108900064,224,32,192
108900065,27,116,-89
108900066,370,101,269
108900067,3,125,-122
108900068,4,85,-81
108900069,56,49,7
108900070,29,55,-26
108900071,106,48,58
108900072,1159,488,671
108900073,20,194,-174
108900074,198,174,24
108900075,48,32,16
108900076,273,54,219
108900077,114,275,-161
108900078,40,90,-50
108900079,552,156,396
108900080,26,629,-603
108900081,61,161,-100
108900082,102,104,-2
108900083,21,205,-184
108900085,1529,124,1405
108900086,156,140,16
108900087,77,117,-40
108900088,842,315,527
108900089,15,148,-133
108900090,53,170,-117
108900091,95,43,52
108900092,499,252,247
108900093,100,80,20
108900094,164,64,100
108900095,20,174,-154
108900096,205,14,191
108900097,272,153,119
108900098,1334,526,808
108900099,362,165,197
108900100,70,99,-29
108900101,161,192,-31
108900102,48,757,-709
108900103,97,174,-77
108900105,3,1092,-1089
108900106,428,178,250
108900108,277,61,216
108900109,310,65,245
108900110,209,222,-13
108900111,428,308,120
108900113,32,66,-34
108900114,59,12,47
108900115,65,59,6
108900116,50,13,37
108900117,192,8,184
108900118,506,33,473
108900119,277,22,255
108900120,222,169,53
108900121,220,113,107
108900122,132,16,116
108900123,136,111,25
108900124,406,155,251
108900125,401,11,390
108900126,93,33,60
108900127,144,12,132
108900128,131,34,97
108900129,719,158,561
108900130,320,0,320
108900131,341,12,329
108900132,485,51,434
108900133,243,53,190
108900134,356,166,190
108900135,145,13,132
108900136,27,2,25
108900137,155,4,151
108900138,742,90,652
108900140,352,148,204
108900141,353,24,329
108900142,127,8,119
108900143,85,0,85
108900144,84,1,83
108900145,170,5,165
108900146,75,0,75
108900147,303,1,302
108900148,54,20,34
108900150,208,6,202
108900151,229,12,217
108900152,268,7,261
108900153,197,184,13
108900154,3984,348,3636
108900156,70,14,56
108900157,54,352,-298
108900158,286,25,261
108900159,1,148,-147
108900160,15,221,-206
108900161,5,263,-258
108900162,118,4,114
108900163,6,206,-200
108900164,60,56,4
108900168,4452,2016,2436
108900169,95,78,17
108900171,3118,2408,710
108900172,149,25,124
108900173,138,241,-103
108900174,955,459,496
108900176,114,294,-180
108900177,2941,4298,-1357
108900178,2334,2997,-663
108900180,104,213,-109
108900183,131,172,-41
108900184,339,147,192
108900185,69,202,-133
108900186,69,243,-174
108900189,332,107,225
108900190,28,1549,-1521
108900192,59,158,-99
108900195,84,147,-63
108900196,34,186,-152
108900199,213,271,-58
108900200,462,315,147
108900201,311,868,-557
108900203,461,138,323
108900204,310,23,287
108900205,150,24,126
108900206,378,74,304
108900207,176,84,92
108900208,16,229,-213
108900209,168,367,-199
108900210,115,129,-14
108900211,163,436,-273
108900212,413,1099,-686
108900215,51,288,-237
108900216,414,249,165
108900217,99,0,99
108900218,95,13,82
108900221,48,214,-166
108900224,23,158,-135
108900225,1,142,-141
108900227,96,245,-149
108900230,152,158,-6
108900232,2,132,-130
108900233,307,85,222
108900234,287,123,164
108900235,149,361,-212
108900236,41,185,-144
108900240,112,124,-12
108900241,28,34,-6
108900245,8,1118,-1110
108900250,265,96,169
108900258,11,138,-127
108900259,79,34,45
108900260,16,59,-43
108900261,48,78,-30
108900262,96,128,-32
108900263,30,116,-86
108900264,461,204,257
108900265,425,347,78
108900266,490,550,-60
108900267,4,97,-93
108900268,8,6,2
108900269,87,8,79
108900270,63,4,59
108900271,45,4,41
108900272,197,5,192
108900273,607,677,-70
108900274,90,67,23
109000001,2099,1433,666
109000002,1063,1808,-745
109000003,2187,377,1810
109000004,514,1627,-1113
109000005,2141,498,1643
109000006,644,1660,-1016
109000007,1375,509,866
109000008,472,1191,-719
109000009,3109,937,2172
109000010,1135,2437,-1302
109000011,2968,1634,1334
109000012,1395,2130,-735
109000013,3068,2245,823
109000014,1401,1976,-575
109000015,3094,6287,-3193
109000016,4018,2471,1547
109000017,2079,1090,989
109000018,820,2139,-1319
109000019,2201,1242,959
109000020,925,1299,-374
109000023,238,29,209
109000024,7,163,-156
109000025,270,348,-78
109000026,527,239,288
109000027,97,237,-140
109000028,107,65,42
109000029,107,182,-75
109000030,77,335,-258
109000031,190,136,54
109000032,100,324,-224
109000033,294,176,118
109000034,60,46,14
109000035,21,38,-17
109000036,72,217,-145
109000037,232,1022,-790
109000038,360,230,130
109000039,782,629,153
109000040,2755,7574,-4819
109000041,1428,1323,105
109000042,431,922,-491
109000044,334,78,256
109000045,103,250,-147
109000046,314,56,258
109000047,90,309,-219
109000048,614,163,451
109000049,173,427,-254
109000050,275,205,70
109000051,251,148,103
109000052,360,440,-80
109000053,156,35,121
109000054,70,259,-189
109000055,135,147,-12
109000056,286,180,106
109000057,475,347,128
109000058,625,144,481
109000059,618,1250,-632
109000060,309,311,-2
109000061,635,742,-107
109000062,82,273,-191
109000063,196,86,110
109000064,198,97,101
109000065,124,134,-10
109000066,278,56,222
109000067,54,152,-98
109000068,2562,16,2546
109000069,726,37,689
109000070,11,1580,-1569
109000071,392,72,320
109000072,84,221,-137
109000073,55,74,-19
109000074,17,115,-98
109000075,50,287,-237
109000076,116,196,-80
109000077,286,173,113
109000078,112,128,-16
109000079,139,104,35
109000080,243,86,157
109000081,116,307,-191
109000082,629,154,475
109000083,293,397,-104
109000088,87,316,-229
109000089,244,47,197
109000090,92,254,-162
109000091,285,157,128
109000092,287,266,21
109000093,224,155,69
109000094,526,4,522
109000095,96,267,-171
109000096,643,213,430
109000097,71,107,-36
109000098,49,149,-100
109000099,949,325,624
109000100,318,546,-228
109000101,1339,478,861
109000102,302,537,-235
109000103,350,428,-78
109000104,1437,393,1044
109000105,378,695,-317
109000106,1561,612,949
109000107,499,1161,-662
109000108,1532,514,1018
109000109,407,1015,-608
109000110,1092,451,641
109000111,708,1172,-464
109000112,269,70,199
109000113,321,113,208
109000114,119,227,-108
109000115,934,111,823
109000116,12,167,-155
109000117,214,42,172
109000118,15,190,-175
109000119,1042,153,889
109000120,155,413,-258
109000121,444,40,404
109000122,107,356,-249
109000123,33,42,-9
109000124,543,301,242
109000125,672,204,468
109000126,372,452,-80
109000127,809,138,671
109000128,429,783,-354
109000129,1893,573,1320
109000130,396,985,-589
109000131,619,418,201
109000132,518,1094,-576
109000133,223,679,-456
109000134,665,936,-271
109000135,846,1210,-364
109000136,264,245,19
109000137,251,262,-11
109000138,350,181,169
109000139,382,362,20
109000140,135,199,-64
109000141,383,293,90
109000142,140,305,-165
109000143,76,60,16
109000145,112,298,-186
109000146,83,58,25
109000148,1914,1071,843
109000149,16,58,-42
109000150,90,207,-117
109000155,651,473,178
109000156,864,422,442
109000158,76,173,-97
109000159,80,322,-242
109000160,823,162,661
109000161,342,611,-269
109000162,1547,460,1087
109000163,940,1125,-185
109000164,1116,1676,-560
109000165,1167,376,791
109000166,650,89,561
109000167,72,323,-251
109000170,19,26,-7
109000171,51,41,10
109000172,26,51,-25
109000173,32,73,-41
109000174,68,53,15
109000175,47,57,-10
109000176,244,138,106
109000177,33,70,-37
109000178,586,206,380
109000179,2673,3726,-1053
109000180,3236,2825,411
109000181,6,24,-18
109000182,28,16,12
109000183,38,17,21
109000184,52,24,28
109000185,20,21,-1
109000188,383,1022,-639
109000189,1796,631,1165
109000190,501,297,204
109000191,314,291,23
109000192,361,126,235
109000193,178,160,18
109000194,229,50,179
109000195,147,201,-54
109000196,228,93,135
109000197,175,199,-24
109000198,349,42,307
109000199,108,277,-169
109000206,194,21,173
109000207,96,20,76
109000208,96,68,28
109000209,120,93,27
109000210,199,325,-126
109000211,536,314,222
109000214,331,202,129
109000215,144,53,91
109000216,234,239,-5
109000217,147,84,63
109000218,253,154,99
109000221,388,657,-269
109000222,838,215,623
109000223,227,248,-21
109000224,57,84,-27
109000225,68,31,37
109000226,55,150,-95
109000227,834,592,242
109000228,4,1739,-1735
109000231,1,125,-124
109000232,369,198,171
109000236,250,626,-376
109000241,1851,1358,493
109000242,1648,915,733
109000293,29,52,-23
109000361,108,185,-77
109000364,128,323,-195
109000396,0,322,-322
109000397,491,9,482
109000399,142,342,-200
109000400,56,230,-174
109000403,76,685,-609
109000406,298,13,285
109000407,217,179,38
109000408,1,288,-287
109000410,917,209,708
109000411,233,14,219
109900001,101,0,101
109900002,596,17,579
109900003,270,1,269
109900004,618,85,533
109900005,22,2,20
109900006,355,108,247
109900007,845,293,552
109900008,0,19,-19
109900009,124,261,-137
109900010,465,13,452
109900011,80,30,50
109900012,200,136,64
109900013,325,119,206
109900014,361,66,295
109900015,353,189,164
109900016,138,12,126
109900017,148,221,-73
109900018,207,30,177
109900019,249,30,219
109900020,58,73,-15
109900021,32,13,19
109900022,128,157,-29
109900023,16,2,14
109900024,28,3,25
109900025,16,37,-21
109900026,3,122,-119
109900027,41,38,3
109900028,645,857,-212
109900029,2,141,-139
109900030,54,17,37
109900031,0,92,-92
109900032,16,182,-166
109900033,5,419,-414
109900034,36,5,31
109900035,17,8,9
109900036,16,26,-10
109900037,22,348,-326
109900038,82,202,-120
109900039,11,0,11
109900040,29,343,-314
109900041,35,209,-174
109900042,17,322,-305
109900044,61,155,-94
109900045,285,151,134
109900046,59,69,-10
109900047,176,217,-41
109900048,7,62,-55
109900049,4,21,-17
109900050,0,101,-101
109900051,1,34,-33
109900052,55,176,-121
109900053,3,169,-166
109900054,594,174,420
109900055,59,162,-103
109900056,27,134,-107
109900057,1,63,-62
109900058,1,55,-54
109900059,711,79,632
109900060,386,80,306
109900061,37,160,-123
109900062,0,96,-96
109900063,11,346,-335
109900064,464,179,285
109900065,43,96,-53
109900066,263,489,-226
109900067,0,122,-122
109900068,96,4,92
109900069,4,26,-22
109900070,14,217,-203
109900071,3,17,-14
109900072,21,113,-92
109900073,311,221,90
109900074,14,25,-11
109900075,13,22,-9
109900076,18,200,-182
109900077,56,35,21
109900078,72,140,-68
109900080,89,173,-84
109900081,16,159,-143
109900082,45,196,-151
109900083,16,42,-26
109900084,43,93,-50
109900085,157,339,-182
109900086,134,281,-147
109900087,212,327,-115
109900089,479,209,270
109900090,347,602,-255
109900091,292,42,250
109900092,256,28,228
109900093,848,129,719
109900094,73,79,-6
109900095,73,120,-47
109900096,23,2,21
109900097,90,5,85
109900098,403,26,377
109900099,139,0,139
109900100,57,1,56
109900101,465,9,456
109900102,452,20,432
109900103,34,32,2
109900104,600,390,210
109900105,483,24,459
109900106,288,42,246
109900107,391,61,330
109900108,87,191,-104
109900109,19,87,-68
109900110,44,228,-184
109900111,152,423,-271
109900112,234,283,-49
109900113,650,398,252
109900114,463,1037,-574
109900115,147,73,74
109900117,841,117,724
109900118,130,232,-102
109900119,458,227,231
109900120,57,42,15
109900121,270,388,-118
109900122,447,6,441
109900123,15,90,-75
109900124,31,181,-150
109900125,0,98,-98
109900126,217,63,154
109900128,279,22,257
109900130,3409,1602,1807
109900131,32,125,-93
109900132,31,107,-76
109900133,91,209,-118
109900134,49,50,-1
109900135,294,86,208
109900136,32,90,-58
109900137,124,161,-37
109900140,148,96,52
109900142,1081,196,885
109900145,7,465,-458
109900146,277,30,247
109900148,44,64,-20
109900149,54,44,10
109900150,12,85,-73
109900151,4,56,-52
109900152,1,33,-32
109900153,1,75,-74
109900154,38,0,38
109900155,70,25,45
109900157,38,119,-81
109900158,47,88,-41
109900159,115,32,83
109900160,156,35,121
109900161,192,48,144
109900162,149,110,39
109900163,444,139,305
109900164,63,198,-135
109900165,177,5,172
109900166,1,81,-80
109900167,179,277,-98
109900168,152,415,-263
109900169,194,168,26
109900170,170,736,-566
109900171,168,62,106
109900172,142,172,-30
109900173,1600,1886,-286
109900174,26,61,-35
109900175,34,47,-13
109900176,84,74,10
109900177,27,89,-62
109900178,9,149,-140
109900179,51,18,33
109900180,11,12,-1
110000001,707,443,264
110000002,485,520,-35
110000003,718,589,129
110000004,404,525,-121
110000005,320,1339,-1019
110000006,202,265,-63
110000007,89,92,-3
110000008,15,42,-27
110000009,43,18,25
110000010,30,49,-19
110000011,43,50,-7
110000012,424,235,189
110000013,34,377,-343
110000014,455,321,134
110000015,209,413,-204
110000016,176,1224,-1048
110000017,1860,195,1665
110000018,1555,289,1266
110000019,7,78,-71
110000020,486,187,299
110000021,311,292,19
110000022,553,107,446
110000023,7,83,-76
110000024,522,295,227
110000025,298,3,295
110000026,7,189,-182
110000027,429,888,-459
110000028,680,507,173
110000029,382,505,-123
110000030,204,242,-38
110000031,268,337,-69
110000032,622,277,345
110000033,306,66,240
110000034,319,445,-126
110000035,637,346,291
110000036,625,401,224
110000037,176,248,-72
110000038,161,440,-279
110000039,588,2289,-1701
110000040,227,239,-12
110000041,213,1162,-949
110000042,66,274,-208
110000043,507,239,268
110000044,53,300,-247
110000045,269,82,187
110000046,9,21,-12
110000047,38,35,3
110000048,14,37,-23
110000049,32,19,13
110000050,10,26,-16
110000051,35,12,23
110000052,51,43,8
110000053,50,3,47
110000054,122,319,-197
110000055,242,45,197
110000056,124,90,34
110000057,311,458,-147
110000058,846,290,556
110000059,840,437,403
110000060,639,684,-45
110000061,647,622,25
110000062,486,668,-182
110000063,38,91,-53
110000064,72,44,28
110000065,59,42,17
110000066,64,16,48
110000067,50,93,-43
110000068,261,85,176
110000069,244,51,193
110000071,146,69,77
110000073,3,4,-1
110000075,9,40,-31
110000076,268,224,44
110000077,272,501,-229
110000078,15,19,-4
110000080,203,428,-225
110000081,52,178,-126
110000082,43,257,-214
110000083,189,459,-270
110000084,1018,757,261
110000085,1198,1273,-75
110000086,1220,1891,-671
110000087,10,58,-48
110000088,60,151,-91
110000089,186,83,103
110000090,71,119,-48
110000091,599,189,410
110000092,14,44,-30
110000093,47,10,37
110000094,378,183,195
110000095,173,397,-224
110000096,1369,1487,-118
110000097,1045,1048,-3
110000098,1835,554,1281
110000099,626,1182,-556
110000100,872,262,610
110000101,21,168,-147
110000102,94,29,65
110000104,304,106,198
110000105,67,206,-139
110000106,602,398,204
110000107,240,293,-53
110000108,106,76,30
110000109,194,145,49
110000110,1711,3692,-1981
110000111,3639,2284,1355
110000112,714,930,-216
110000113,185,1642,-1457
110000114,137,490,-353
110000115,271,182,89
110000116,40,51,-11
110000117,176,233,-57
110000118,381,70,311
110000119,179,176,3
110000120,255,111,144
110000121,52,226,-174
110000122,263,351,-88
110000123,450,582,-132
110000124,1,579,-578
110000125,1019,0,1019
110000126,267,17,250
110000127,979,49,930
110000128,24,789,-765
110000129,3,343,-340
110000130,308,172,136
110000131,60,209,-149
110000132,3,412,-409
110000133,37,322,-285
110000134,17,307,-290
110000135,142,27,115
110000136,52,209,-157
110000137,473,420,53
110000138,629,475,154
110000139,698,625,73
110000140,829,543,286
110000143,467,277,190
110000144,3999,1550,2449
110000145,1330,1050,280
110000146,981,528,453
110000147,380,473,-93
110000148,440,141,299
110000151,668,750,-82
110000152,661,337,324
110000153,81,24,57
110000154,7,20,-13
110000155,926,3488,-2562
110000156,767,2051,-1284
110000157,917,2051,-1134
110000160,295,173,122
110000161,165,125,40
110000166,501,79,422
110000167,798,439,359
110000168,814,436,378
110000169,787,335,452
110000170,91,48,43
110000171,550,100,450
110000172,148,535,-387
110000173,763,726,37
110000174,122,468,-346
110000175,631,36,595
110000176,60,292,-232
110000177,163,682,-519
110000178,312,1178,-866
110000179,698,287,411
110000180,163,174,-11
110000181,385,298,87
110000182,186,109,77
110000183,5146,4912,234
110000184,251,1530,-1279
110000185,518,472,46
110000186,652,469,183
110000191,1012,196,816
110000192,500,13,487
110000193,1112,21,1091
110000194,14,705,-691
110000195,404,180,224
110000196,306,168,138
110000197,122,86,36
110000198,118,50,68
110000199,51,115,-64
110000200,824,338,486
110000201,620,901,-281
110000202,1065,522,543
110000203,497,462,35
110000204,5,145,-140
110000205,130,47,83
110000206,399,742,-343
110000207,817,300,517
110000208,179,161,18
110000209,93,463,-370
110000210,1198,348,850
110000211,643,403,240
110000212,331,767,-436
110000213,211,48,163
110000214,248,71,177
110000215,131,174,-43
110000216,89,147,-58
110000217,287,70,217
110000218,153,180,-27
110000219,258,37,221
110000220,64,94,-30
110000221,330,44,286
110000222,73,119,-46
110000223,0,92,-92
110000224,23,4,19
110000225,215,483,-268
110000226,205,42,163
110000227,459,504,-45
110000228,252,99,153
110000229,1,164,-163
110000230,414,428,-14
110000231,183,128,55
110000232,150,152,-2
110000233,143,152,-9
110000234,489,430,59
110000235,669,716,-47
110000236,460,451,9
110000237,1615,989,626
110000238,876,1004,-128
110000239,1560,843,717
110000240,0,33,-33
110000242,1,5,-4
110000243,81,86,-5
110000244,77,242,-165
110000245,38,267,-229
110000246,569,321,248
110000247,798,3868,-3070
110000248,1492,1377,115
110000249,69,8,61
110000250,22,147,-125
110000251,243,328,-85
110000252,185,116,69
110000253,1052,515,537
110000254,456,756,-300
110000255,138,650,-512
110000256,342,207,135
110000257,523,333,190
110000258,6,238,-232
110000259,118,12,106
110000260,22,155,-133
110000263,365,64,301
110000264,222,272,-50
110000265,776,1347,-571
110000266,1251,2192,-941
110000267,24,105,-81
110000268,249,290,-41
110000269,3,59,-56
110000270,50,4,46
110000271,886,202,684
110000272,858,786,72
110000273,2163,1190,973
110000274,132,1227,-1095
110000275,1103,397,706
110000276,173,233,-60
110000277,241,195,46
110000278,196,446,-250
110000279,671,524,147
110000280,333,316,17
110000281,57,285,-228
110000282,189,21,168
110000283,32,75,-43
110000284,35,39,-4
110000285,1,465,-464
110000286,17,0,17
110000287,76,5,71
110000288,1,68,-67
110000289,338,1587,-1249
110000290,543,495,48
110000291,3311,965,2346
110000292,989,3513,-2524
110000293,536,508,28
110000294,970,810,160
110000295,187,595,-408
110000296,328,241,87
110000297,1784,262,1522
110000298,153,367,-214
110000299,234,60,174
110000301,194,21,173
110000302,319,479,-160
110000303,323,8,315
110000304,150,127,23
110000305,1042,14,1028
110000306,190,671,-481
110000307,1385,5,1380
110000308,501,14,487
110000309,9,421,-412
110000310,594,36,558
110000311,12,441,-429
110000312,338,94,244
110000313,1758,2767,-1009
110000314,2,175,-173
110000315,2133,2220,-87
110000316,404,1037,-633
110000317,226,364,-138
110000318,3,56,-53
110000319,7,15,-8
110000320,34,21,13
110000321,18,28,-10
110000322,224,193,31
110000323,322,100,222
110000324,2177,1525,652
110000325,1683,2153,-470
110000327,284,222,62
110000328,141,181,-40
110000333,568,488,80
110000334,556,885,-329
110000335,587,320,267
110000336,510,795,-285
110000337,1142,485,657
110000338,378,127,251
110000339,280,135,145
110000340,39,121,-82
110000341,392,381,11
110000342,263,5,258
110000343,0,6,-6
110000344,43,69,-26
110000345,77,110,-33
110000346,1601,1591,10
110000347,814,542,272
110000348,23,7,16
110000349,8,15,-7
110000350,43,7,36
110000351,850,513,337
110000352,611,1122,-511
110000353,1842,489,1353
110000354,833,2255,-1422
110000355,95,61,34
110000356,450,7,443
110000357,288,12,276
110000361,14,38,-24
110000362,45,3,42
110000363,455,74,381
110000364,207,162,45
110000365,134,0,134
110000366,0,95,-95
110000367,313,117,196
110000368,5,66,-61
110000369,23,0,23
110000373,1,203,-202
110000374,64,12,52
110000375,88,623,-535
110000376,36,81,-45
110000377,51,357,-306
110000378,18,284,-266
110000379,1671,1432,239
110000380,66,10,56
110000383,2,805,-803
110000384,1082,596,486
110000385,1,155,-154
110000387,79,27,52
110000388,18,161,-143
110000389,844,5,839
110000391,643,220,423
110000396,147,94,53
110000397,145,80,65
110000398,6,20,-14
110000399,138,1,137
110000587,80,37,43
110000589,159,95,64
110000640,168,44,124
110000652,4,147,-143
110000653,275,232,43
110000654,165,577,-412
110000656,2,365,-363
110000674,26,11,15
110000675,6,13,-7
110000676,1,17,-16
110000679,257,1154,-897
110000682,92,146,-54
110000683,194,371,-177
110000684,2,21,-19
110000685,4,12,-8
110000686,3,21,-18
110000687,10,3,7
110000688,41,759,-718
110000689,32,15,17
110000692,31,112,-81
110000693,51,230,-179
110000694,1,99,-98
110000695,92,322,-230
110000696,67,47,20
110900001,235,17,218
110900002,357,124,233
110900003,791,314,477
110900004,374,107,267
110900005,1393,1790,-397
110900006,45,16,29
110900007,91,41,50
110900008,13,53,-40
110900009,342,128,214
110900010,11,28,-17
110900011,26,46,-20
110900012,13,47,-34
110900013,855,72,783
110900014,160,4,156
110900015,342,549,-207
110900016,27,90,-63
110900017,390,29,361
110900018,365,64,301
110900019,151,14,137
110900020,61,110,-49
110900021,74,301,-227
110900022,69,164,-95
110900023,71,300,-229
110900024,23,165,-142
110900025,5,31,-26
110900027,35,140,-105
110900028,21,71,-50
110900029,21,172,-151
110900030,57,124,-67
110900031,1,119,-118
110900032,0,38,-38
110900033,29,91,-62
110900035,13,385,-372
110900036,60,14,46
110900037,62,10,52
110900038,473,125,348
110900039,12,199,-187
110900040,149,21,128
110900041,10,59,-49
110900042,129,28,101
110900043,12,66,-54
110900044,134,21,113
110900045,60,217,-157
110900046,26,118,-92
110900047,303,187,116
110900049,63,77,-14
110900050,23,5,18
110900051,19,122,-103
110900052,2,81,-79
110900053,57,26,31
110900054,24,110,-86
110900055,23,0,23
110900056,27,62,-35
110900057,1,63,-62
110900058,191,102,89
110900059,469,330,139
110900060,329,75,254
110900061,22,31,-9
110900062,150,167,-17
110900063,32,78,-46
110900064,2,0,2
110900065,205,98,107
110900066,7,30,-23
110900067,218,428,-210
110900068,206,159,47
110900069,3,19,-16
110900070,88,55,33
110900071,213,514,-301
110900073,0,22,-22
110900074,295,61,234
110900075,333,61,272
110900077,677,478,199
110900078,12,20,-8
110900079,1424,1018,406
110900080,121,63,58
110900081,6,15,-9
110900082,122,73,49
110900083,82,47,35
110900084,17,29,-12
110900085,27,169,-142
110900086,46,252,-206
110900087,267,45,222
110900088,8,0,8
110900090,46,40,6
110900091,0,45,-45
110900093,145,83,62
110900095,48,23,25
110900097,4,22,-18
110900098,18,42,-24
110900099,23,211,-188
110900100,0,12,-12
110900102,37,7,30
110900105,413,160,253
110900108,2,26,-24
110900111,234,67,167
110900112,690,4,686
110900113,409,42,367
110900115,9,45,-36
110900116,577,938,-361
110900118,68,2364,-2296
110900119,1712,183,1529
110900120,17,104,-87
110900121,139,1,138
110900122,411,143,268
110900125,310,323,-13
110900127,380,1118,-738
110900128,253,360,-107
110900129,264,761,-497
110900130,722,558,164
110900131,158,44,114
110900132,288,34,254
110900133,51,91,-40
110900135,35,164,-129
110900136,229,11,218
110900138,0,0,0
110900139,4,0,4
110900140,2,0,2
110900141,306,270,36
110900142,54,79,-25
110900143,128,60,68
110900144,3,427,-424
110900145,144,55,89
110900146,214,140,74
110900147,116,241,-125
110900148,5,220,-215
110900149,4,33,-29
110900150,28,16,12
110900151,1,32,-31
110900152,40,128,-88
110900153,155,42,113
111000001,564,494,70
111000002,726,418,308
111000003,1117,549,568
111000004,326,592,-266
111000005,945,903,42
111000006,751,1276,-525
111000007,3157,2286,871
111000008,1412,2291,-879
111000009,412,734,-322
111000010,674,244,430
111000011,293,985,-692
111000012,471,398,73
111000013,349,784,-435
111000014,949,381,568
111000017,100,790,-690
111000018,192,331,-139
111000020,583,1912,-1329
111000021,53,101,-48
111000023,88,76,12
111000025,2756,2845,-89
111000029,63,92,-29
111000030,24,77,-53
111000031,1665,877,788
111000032,417,292,125
111000033,221,284,-63
111000034,88,160,-72
111000037,1003,572,431
111000038,2279,1449,830
111000039,1404,1465,-61
111000040,1274,1509,-235
111000041,1248,1091,157
111000042,1956,1752,204
111000043,1544,2567,-1023
111000044,1789,892,897
111000045,2049,1835,214
111000046,1343,1345,-2
111000047,2037,2953,-916
111000049,333,332,1
111000050,1098,926,172
111000051,339,714,-375
111000052,443,1109,-666
111000053,244,578,-334
111000054,314,493,-179
111000055,1040,1150,-110
111000056,138,354,-216
111000057,125,351,-226
111000058,427,49,378
111000059,436,310,126
111000060,3312,862,2450
111000061,446,276,170
111000062,643,236,407
111000063,1334,711,623
111000064,643,414,229
111000065,952,680,272
111000066,390,301,89
111000067,456,521,-65
111000068,541,810,-269
111000069,1300,1363,-63
111000070,948,720,228
111000071,208,366,-158
111000072,1052,464,588
111000073,278,713,-435
111000074,1387,1309,78
111000075,921,425,496
111000076,467,417,50
111000077,1402,1291,111
111000078,2216,1037,1179
111000079,1147,652,495
111000080,552,481,71
111000081,1356,3070,-1714
111000082,716,442,274
111000084,739,424,315
111000085,927,911,16
111000086,1799,726,1073
111000087,647,423,224
111000088,3248,1772,1476
111000089,688,572,116
111000090,691,1062,-371
111000091,624,351,273
111000092,1345,675,670
111000093,569,885,-316
111000094,1356,833,523
111000095,585,1794,-1209
111000096,1147,6208,-5061
111000097,3180,1311,1869
111000098,672,805,-133
111000099,498,1186,-688
111000100,336,978,-642
111000101,393,636,-243
111000102,211,326,-115
111000104,550,136,414
111000107,88,405,-317
111000109,345,142,203
111000110,1185,511,674
111000111,2020,337,1683
111000112,1651,456,1195
111000113,875,1213,-338
111000114,1890,2895,-1005
111000115,4168,935,3233
111000116,731,671,60
111000117,416,649,-233
111000118,1015,557,458
111000119,948,743,205
111000120,458,501,-43
111000121,391,623,-232
111000122,472,674,-202
111000123,913,1516,-603
111000124,353,1509,-1156
111000125,215,829,-614
111000126,103,514,-411
111000127,836,147,689
111000128,1574,265,1309
111000129,2082,329,1753
111000130,1871,451,1420
111000131,1510,391,1119
111000132,1336,663,673
111000133,155,109,46
111000134,174,73,101
111000135,39,89,-50
111000136,347,265,82
111000138,8,2,6
111000140,6,7,-1
111000141,168,483,-315
111000142,26,165,-139
111000143,7,183,-176
111000144,24,960,-936
111000145,1174,27,1147
111000146,113,12,101
111000147,327,48,279
111000148,167,62,105
111000149,11,43,-32
111000150,31,6,25
111000151,6,16,-10
111000153,425,530,-105
111000154,579,163,416
111000155,110,119,-9
111000156,428,543,-115
111000157,220,768,-548
111000158,719,574,145
111000159,2074,652,1422
111000160,493,318,175
111000161,7,230,-223
111000162,114,126,-12
111000163,623,549,74
111000164,458,2540,-2082
111000165,672,308,364
111000166,1362,285,1077
111000167,181,288,-107
111000168,189,313,-124
111000169,265,517,-252
111000170,355,371,-16
111000171,402,393,9
111000172,134,233,-99
111000173,328,522,-194
111000174,228,151,77
111000175,44,183,-139
111000176,224,69,155
111000177,261,136,125
111000178,1090,219,871
111000179,160,116,44
111000180,174,304,-130
111000181,1073,166,907
111000182,195,120,75
111000183,204,222,-18
111000184,300,167,133
111000185,267,301,-34
111000186,220,173,47
111000187,92,116,-24
111000188,205,196,9
111000189,691,399,292
111000190,156,202,-46
111000191,142,182,-40
111000192,182,323,-141
111000193,225,198,27
111000194,44,234,-190
111000195,115,222,-107
111000196,67,110,-43
111000197,426,83,343
111000198,487,76,411
111000199,202,116,86
111000200,375,255,120
111000201,593,140,453
111000202,317,118,199
111000203,318,167,151
111000204,450,965,-515
111000213,184,324,-140
111000214,1141,840,301
111000215,1005,846,159
111000217,1264,833,431
111000218,1074,805,269
111000219,340,147,193
111000220,756,426,330
111000221,454,70,384
111000224,39,187,-148
111000225,346,293,53
111000226,83,1,82
111000227,31,1,30
111000228,21,285,-264
111000229,30,735,-705
111000230,153,179,-26
111000231,869,407,462
111000232,436,590,-154
111000233,931,461,470
111000234,93,355,-262
111000239,70,97,-27
111000240,38,169,-131
111000241,39,184,-145
111000242,165,55,110
111000243,120,354,-234
111000244,434,67,367
111000245,849,237,612
111000246,521,230,291
111000247,310,509,-199
111000248,714,276,438
111000249,363,425,-62
111000250,63,35,28
111000251,16,55,-39
111000253,4,17,-13
111000255,45,6,39
111000257,31,12,19
111000260,76,751,-675
111000261,1163,84,1079
111000271,50,204,-154
111000273,2035,816,1219
111000274,1145,1624,-479
111000275,146,46,100
111000276,235,938,-703
111000277,190,290,-100
111000278,474,166,308
111000291,643,4670,-4027
111000298,376,156,220
111000299,541,108,433
111000300,65,459,-394
111000302,244,55,189
111000303,77,114,-37
111000312,40,48,-8
111000315,8,81,-73
111000320,189,426,-237
111000321,348,102,246
111000322,247,264,-17
111000323,200,16,184
111000324,319,173,146
111000325,22,43,-21
111000326,173,180,-7
111000327,352,259,93
111000328,255,372,-117
111000329,2,21,-19
111000330,33,7,26
111000331,21,12,9
111000332,489,948,-459
111000334,285,759,-474
111000335,745,196,549
111000337,1131,340,791
111000338,46,50,-4
111000339,534,131,403
111000340,84,273,-189
111000341,1140,540,600
111000342,216,1052,-836
111000344,838,517,321
111000345,227,89,138
111000346,50,141,-91
111000347,114,3,111
111000350,151,67,84
111000351,93,251,-158
111000352,131,54,77
111000353,72,169,-97
111000354,383,79,304
111000355,228,398,-170
111000358,115,599,-484
111000360,178,312,-134
111000361,153,144,9
111000546,482,398,84
111000547,330,269,61
111000548,89,240,-151
111000549,251,152,99
111000550,78,700,-622
111000551,501,134,367
111000552,1280,228,1052
111000907,465,7,458
111000908,29,0,29
111000916,1507,212,1295
111000917,27,326,-299
111000918,232,386,-154
111000920,475,27,448
111000921,7,126,-119
111000922,407,171,236
111000924,46,402,-356
111000925,2423,1475,948
111000926,896,1198,-302
111000927,2410,3376,-966
111000928,3160,2008,1152
111000929,1207,939,268
111000930,631,1455,-824
111000931,1757,2140,-383
111000932,2916,1619,1297
111000933,2973,2020,953
111000934,1364,2295,-931
111000935,1406,744,662
111000936,944,1454,-510
111000937,1008,1018,-10
111000938,1092,1069,23
111000939,490,60,430
111000940,380,67,313
111000941,296,280,16
111000943,353,167,186
111000944,109,179,-70
111000945,86,884,-798
111001109,446,346,100
111001110,135,436,-301
111001111,52,10,42
111001112,86,9,77
111001113,2,152,-150
111001114,575,152,423
111001115,62,442,-380
111001116,2865,3063,-198
111001117,353,2179,-1826
111001120,108,176,-68
111001121,161,154,7
111001122,264,332,-68
111001123,301,97,204
111001124,137,139,-2
111001125,5,115,-110
111001126,18,41,-23
111900001,4,53,-49
111900002,7,308,-301
111900003,0,175,-175
111900004,17,52,-35
111900006,15,46,-31
111900007,80,12,68
111900008,134,5,129
111900009,116,44,72
111900010,195,295,-100
111900012,34,51,-17
111900013,21,26,-5
111900014,2959,3557,-598
111900015,0,44,-44
111900016,0,49,-49
111900017,0,58,-58
111900018,144,0,144
111900019,0,73,-73
111900020,9,38,-29
111900021,33,73,-40
111900022,10,63,-53
111900023,58,65,-7
111900024,26,39,-13
111900025,0,19,-19
111900026,0,32,-32
111900027,4,67,-63
111900028,1,216,-215
111900029,1,47,-46
111900030,18,229,-211
111900031,10,34,-24
111900032,0,187,-187
111900033,6,37,-31
111900034,201,292,-91
111900035,45,121,-76
111900036,0,172,-172
111900038,244,344,-100
111900039,24,230,-206
111900040,1,307,-306
111900042,12,87,-75
111900043,3,183,-180
111900044,200,134,66
111900046,26,89,-63
111900048,245,406,-161
111900049,22,126,-104
111900050,73,23,50
111900051,1,128,-127
111900052,312,272,40
111900053,609,1236,-627
111900054,118,4,114
111900055,7,251,-244
111900056,118,226,-108
111900057,101,20,81
111900058,364,365,-1
111900059,954,442,512
111900060,294,3,291
111900061,3,89,-86
111900062,23,44,-21
111900063,338,210,128
111900064,83,145,-62
111900065,70,10,60
111900066,93,146,-53
111900067,3,198,-195
111900068,46,46,0
111900069,65,12,53
111900070,134,94,40
111900071,1,102,-101
111900072,35,15,20
111900073,940,149,791
111900074,10,103,-93
111900075,78,1,77
111900076,175,79,96
111900077,23,2,21
111900078,292,26,266
111900079,37,26,11
111900080,231,198,33
111900082,134,31,103
111900083,107,6,101
111900084,86,4,82
111900085,36,93,-57
111900086,50,10,40
111900087,48,1,47
111900088,558,19,539
111900089,66,1,65
111900090,52,38,14
111900091,195,0,195
111900092,89,0,89
111900093,387,6,381
111900094,71,0,71
111900095,149,30,119
111900096,169,2,167
111900097,56,0,56
111900098,246,4,242
111900099,51,0,51
111900100,95,3,92
111900101,101,23,78
111900102,376,296,80
111900103,70,52,18
111900104,106,29,77
111900105,259,164,95
111900106,449,35,414
111900110,955,293,662
111900111,142,68,74
111900112,268,2078,-1810
111900113,167,63,104
111900118,282,81,201
111900119,249,127,122
111900122,83,73,10
111900123,17,10,7
111900124,21,75,-54
111900125,405,28,377
111900126,293,5,288
111900127,0,336,-336
111900128,0,336,-336
111900129,268,20,248
111900130,170,28,142
111900131,384,0,384
111900132,23,500,-477
111900133,2,189,-187
111900134,3,142,-139
111900135,9,27,-18
111900136,76,178,-102
111900137,51,46,5
111900138,5,57,-52
111900139,22,76,-54
111900140,136,24,112
111900141,49,6,43
111900142,88,27,61
111900143,24,87,-63
111900144,0,47,-47
111900145,0,217,-217
111900146,2,134,-132
111900147,75,242,-167
111900148,23,353,-330
111900149,3,150,-147
111900150,9,92,-83
111900151,4,21,-17
111900152,76,66,10
111900153,817,433,384
111900154,10,205,-195
111900155,45,77,-32
111900156,57,78,-21
111900157,110,13,97
111900158,413,56,357
111900159,302,22,280
111900160,270,0,270
111900161,189,0,189
111900162,75,167,-92
111900163,31,103,-72
111900164,91,55,36
111901113,391,122,269
111901114,120,147,-27
111901115,78,2,76
111901116,24,3,21
111901117,48,16,32
111901118,39,163,-124
111901119,392,43,349
111901121,123,81,42
111901122,4,282,-278
111901123,166,172,-6
111901124,178,3,175
111901125,365,155,210
111901127,299,453,-154
111901128,5,50,-45
111901129,3,67,-64
111901130,5,76,-71
111901131,3,180,-177
111901132,50,13,37
111901133,63,3,60
111901134,69,5,64
111901135,37,5,32
111901136,11,24,-13
111901137,0,7,-7
111901138,195,30,165
111901139,11,16,-5
111901140,7,57,-50
111901141,3,67,-64
111901142,2,62,-60
111901143,1,58,-57
111901144,42,28,14
111901145,120,262,-142
111901146,244,5,239
111901147,190,115,75
111901148,11,43,-32
111901149,6,2,4
112000001,1479,579,900
112000002,588,1422,-834
112000003,1317,745,572
112000004,571,454,117
112000005,2864,2925,-61
112000006,1435,1048,387
112000007,2997,1965,1032
112000008,2080,3497,-1417
112000009,2301,2041,260
112000010,2506,3287,-781
112000011,1180,1080,100
112000012,3040,4856,-1816
112000013,2338,2418,-80
112000014,1431,2904,-1473
112000015,1684,3154,-1470
112000016,2221,1499,722
112000017,866,2462,-1596
112000024,1461,692,769
112000026,1883,2416,-533
112000027,651,508,143
112000028,771,1031,-260
112000029,423,538,-115
112000030,116,47,69
112000031,933,4158,-3225
112000032,185,26,159
112000033,1151,2233,-1082
112000034,116,31,85
112000035,38,328,-290
112000036,391,969,-578
112000037,565,628,-63
112000038,1092,906,186
112000039,82,40,42
112000040,72,188,-116
112000041,396,347,49
112000042,772,302,470
112000050,1068,1137,-69
112000051,878,1258,-380
112000054,1314,1291,23
112000057,380,242,138
112000058,217,378,-161
112000059,456,623,-167
112000061,2248,1716,532
112000062,1195,876,319
112000063,845,1654,-809
112000064,2638,3876,-1238
112000065,1309,1721,-412
112000066,2863,1335,1528
112000067,626,630,-4
112000068,2888,2375,513
112000069,480,1314,-834
112000070,1603,795,808
112000071,761,1861,-1100
112000072,2176,710,1466
112000073,1284,1701,-417
112000074,1386,1052,334
112000075,1208,1117,91
112000076,2541,1890,651
112000077,633,392,241
112000078,1728,518,1210
112000079,1206,892,314
112000080,711,516,195
112000081,1094,1629,-535
112000082,1244,645,599
112000083,550,928,-378
112000084,1205,638,567
112000085,1072,610,462
112000086,1563,821,742
112000087,495,311,184
112000088,700,321,379
112000089,241,262,-21
112000090,209,220,-11
112000091,568,654,-86
112000092,1842,808,1034
112000093,1262,605,657
112000094,592,644,-52
112000095,602,513,89
112000096,603,476,127
112000097,1152,563,589
112000098,670,553,117
112000099,579,1337,-758
112000100,1573,630,943
112000101,399,512,-113
112000102,1149,390,759
112000103,256,504,-248
112000105,466,768,-302
112000106,1803,358,1445
112000107,81,138,-57
112000108,289,941,-652
112000109,133,72,61
112000110,1738,477,1261
112000111,683,2219,-1536
112000112,2572,531,2041
112000113,616,1062,-446
112000114,1959,760,1199
112000115,295,283,12
112000116,436,513,-77
112000117,862,602,260
112000118,741,609,132
112000119,339,505,-166
112000120,85,229,-144
112000121,112,252,-140
112000122,288,112,176
112000123,699,137,562
112000124,393,64,329
112000125,248,196,52
112000126,220,282,-62
112000127,1590,1826,-236
112000128,648,513,135
112000129,118,83,35
112000130,201,67,134
112000131,32,160,-128
112000132,116,193,-77
112000133,279,123,156
112000134,346,236,110
112000135,879,517,362
112000136,696,939,-243
112000137,1262,1269,-7
112000138,978,765,213
112000139,832,542,290
112000140,632,1043,-411
112000141,754,289,465
112000142,149,326,-177
112000143,951,167,784
112000144,251,638,-387
112000145,2250,414,1836
112000146,462,1178,-716
112000147,2214,1306,908
112000148,1279,1483,-204
112000149,391,365,26
112000150,238,340,-102
112000151,323,181,142
112000152,314,279,35
112000153,147,147,0
112000154,130,153,-23
112000155,102,117,-15
112000157,403,432,-29
112000158,257,241,16
112000159,419,201,218
112000167,277,73,204
112000169,218,396,-178
112000173,763,180,583
112000175,308,252,56
112000176,1799,1743,56
112000177,621,186,435
112000178,75,203,-128
112000179,210,81,129
112000180,234,246,-12
112000181,1152,1183,-31
112000182,1198,864,334
112000183,39,23,16
112000184,354,218,136
112000185,413,303,110
112000187,3409,1893,1516
112000195,96,16,80
112000196,201,2,199
112000197,207,177,30
112000198,27,207,-180
112000199,673,688,-15
112000202,472,18,454
112000216,64,211,-147
112000230,88,3,85
112000231,3,128,-125
112000256,73,213,-140
112000313,66,81,-15
112000314,63,16,47
112000337,187,460,-273
112000352,225,307,-82
112000392,1195,1165,30
112000398,1395,672,723
112000399,1117,1553,-436
112000400,1128,1765,-637
112000401,1733,1365,368
112000402,2699,3251,-552
112000403,1080,2687,-1607
112000404,817,813,4
112000405,1731,2422,-691
112000406,2229,1392,837
112000407,6695,6664,31
112000408,5677,3857,1820
112000409,1189,2517,-1328
112000410,351,299,52
112000411,2268,1175,1093
112000412,1011,401,610
112000413,5046,4794,252
112000414,54,49,5
112000415,124,39,85
112000416,2478,1052,1426
112000417,232,74,158
112000421,51,62,-11
112000422,311,185,126
112000424,1282,2119,-837
112000425,357,478,-121
112000426,109,204,-95
112000427,0,11,-11
112000428,200,250,-50
112000429,1749,1682,67
112000430,1954,2191,-237
112000431,101,162,-61
112000432,498,649,-151
112000433,229,601,-372
112000437,51,115,-64
112900001,60,2,58
112900002,472,604,-132
112900003,84,232,-148
112900004,37,179,-142
112900005,214,142,72
112900006,9,247,-238
112900007,42,164,-122
112900008,4,45,-41
112900009,324,95,229
112900010,375,479,-104
112900011,126,142,-16
112900012,2,53,-51
112900013,1,66,-65
112900014,6,110,-104
112900015,277,486,-209
112900016,23,156,-133
112900017,38,153,-115
112900018,1,145,-144
112900019,19,94,-75
112900020,317,750,-433
112900021,5,186,-181
112900022,14,84,-70
112900023,0,111,-111
112900024,32,156,-124
112900025,69,167,-98
112900026,5,108,-103
112900027,10,714,-704
112900028,16,90,-74
112900029,23,368,-345
112900030,84,85,-1
112900031,3,279,-276
112900032,138,146,-8
112900034,2,27,-25
112900035,2,247,-245
112900036,30,89,-59
112900037,102,186,-84
112900038,481,110,371
112900039,18,194,-176
112900040,4,282,-278
112900041,437,813,-376
112900042,46,199,-153
112900043,33,82,-49
112900044,330,325,5
112900045,166,194,-28
112900046,89,39,50
112900047,2,10,-8
112900049,175,59,116
112900050,24,316,-292
112900051,167,268,-101
112900052,7,465,-458
112900053,153,81,72
112900054,142,34,108
112900055,90,33,57
112900056,305,137,168
112900057,34,277,-243
112900058,232,307,-75
112900059,84,96,-12
112900060,15,97,-82
112900061,84,62,22
112900062,78,80,-2
112900063,72,7,65
112900064,115,188,-73
112900065,14,17,-3
112900066,166,176,-10
112900067,230,115,115
112900068,34,33,1
112900069,1107,727,380
112900071,51,10,41
112900072,119,1575,-1456
112900073,316,83,233
112900074,81,267,-186
112900075,741,792,-51
112900076,51,47,4
112900078,270,271,-1
112900079,176,22,154
112900080,57,4,53
112900081,49,158,-109
112900082,540,26,514
112900083,108,115,-7
112900084,249,131,118
112900086,67,0,67
112900087,620,100,520
112900088,96,25,71
112900089,726,55,671
112900090,45,22,23
112900091,203,4,199
112900092,66,252,-186
112900093,915,24,891
112900095,37,1,36
112900096,423,161,262
112900097,65,186,-121
112900098,74,0,74
112900099,688,25,663
112900100,60,3,57
112900101,375,5,370
112900102,83,7,76
112900103,181,7,174
112900104,134,2,132
112900105,25,0,25
112900106,309,95,214
112900107,3,1,2
112900108,22,1,21
112900109,94,0,94
112900110,1249,36,1213
112900111,634,12,622
112900112,278,1,277
112900113,0,9,-9
112900114,115,18,97
112900115,1291,1,1290
112900116,157,22,135
112900117,67,46,21
112900118,21,106,-85
112900119,170,1,169
112900120,463,186,277
112900121,58,124,-66
112900122,8,57,-49
112900123,84,17,67
112900124,7,46,-39
112900125,39,279,-240
112900126,144,164,-20
112900127,325,92,233
112900128,197,445,-248
112900129,1,467,-466
112900130,148,66,82
112900131,31,177,-146
112900132,93,287,-194
112900133,35,738,-703
112900134,2,169,-167
112900135,92,51,41
112900137,1,291,-290
112900138,6,130,-124
112900139,154,670,-516
112900141,677,29,648
112900142,85,122,-37
112900143,19,231,-212
112900144,0,151,-151
112900145,19,318,-299
112900146,2,620,-618
112900147,2,866,-864
112900148,49,2,47
112900149,259,298,-39
112900151,20,60,-40
112900152,2265,497,1768
112900153,1169,1927,-758
112900154,2,77,-75
112900155,214,25,189
112900156,255,660,-405
112900157,498,123,375
112900158,62,18,44
112900159,173,102,71
112900160,53,168,-115
112900161,94,36,58
112900162,12,12,0
112900163,45,40,5
112900164,19,167,-148
112900165,44,21,23
112900166,11,52,-41
112900167,1,34,-33
112900168,6,1,5
112900169,9,25,-16
112900170,93,54,39
112900172,41,13,28
112900173,107,66,41
112900174,193,42,151
112900175,102,162,-60
112900176,14,40,-26
112900177,196,59,137
112900178,591,1903,-1312
112900179,27,333,-306
112900180,1388,991,397
112900181,544,35,509
112900182,64,567,-503
112900183,90,226,-136
112900184,309,308,1
112900185,173,534,-361
112900186,765,783,-18
112900187,71,393,-322
112900188,423,644,-221
112900189,25,10,15
112900190,2,17,-15
112900192,579,557,22
112900193,1151,285,866
112900194,56,53,3
112900195,830,34,796
112900196,254,247,7
112900197,143,330,-187
112900199,634,347,287
112900200,432,153,279
112900201,145,55,90
112900202,269,471,-202
112900203,220,184,36
112900204,633,477,156
112900205,44,31,13
112900206,46,113,-67
112900207,15,0,15
112900208,73,258,-185
112900209,362,237,125
112900210,0,26,-26
112900211,54,15,39
112900212,0,69,-69
112900213,34,17,17
112900214,12,15,-3
112900215,8,88,-80
112900216,15,37,-22
112900217,0,56,-56
112900218,64,18,46
112900219,69,0,69
112900220,11,0,11
112900221,76,90,-14
112900222,1,36,-35
112900223,812,18,794
112900224,287,256,31
112900225,394,188,206
112900226,160,226,-66
112900227,663,655,8
112900228,55,25,30
112900229,259,32,227
112900230,4474,2672,1802
112900232,168,178,-10
112900233,49,90,-41
112900234,22,42,-20
112900235,81,28,53
112900236,223,8,215
112900237,192,174,18
112900238,4,18,-14
112900239,392,408,-16
112900240,2,45,-43
112900241,9,30,-21
112900242,10,52,-42
112900243,5,41,-36
112900244,13,16,-3
112900245,1,24,-23
112900246,1,8,-7
112900247,49,30,19
112900248,9,0,9
112900249,31,5,26
112900250,29,11,18
112900251,43,15,28
112900252,45,10,35
112900253,30,3,27
112900254,16,1,15
112900255,2,22,-20
112900256,2,25,-23
112900257,10,20,-10
112900258,0,0,0
113000001,4915,3250,1665
113000002,3044,2640,404
113000003,1641,1182,459
113000004,1117,1768,-651
113000005,1595,814,781
113000006,796,897,-101
113000007,1979,932,1047
113000008,1315,1444,-129
113000009,1032,497,535
113000010,906,991,-85
113000011,568,1022,-454
113000012,1589,433,1156
113000013,1036,580,456
113000014,1129,1189,-60
113000015,330,155,175
113000016,372,877,-505
113000017,28,288,-260
113000018,285,27,258
113000019,63,237,-174
113000020,383,68,315
113000021,903,378,525
113000022,618,913,-295
113000025,144,364,-220
113000026,348,406,-58
113000027,392,589,-197
113000028,438,425,13
113000029,654,555,99
113000030,244,441,-197
113000031,214,238,-24
113000032,241,269,-28
113000033,275,355,-80
113000034,241,326,-85
113000035,18,13,5
113000036,13,42,-29
113000037,33,15,18
113000038,10,46,-36
113000039,54,244,-190
113000040,41,85,-44
113000042,574,445,129
113000051,675,1776,-1101
113000052,1558,453,1105
113000053,350,278,72
113000054,328,496,-168
113000055,936,507,429
113000056,980,633,347
113000058,603,695,-92
113000059,1004,408,596
113000060,245,397,-152
113000061,372,644,-272
113000062,512,230,282
113000063,181,71,110
113000064,40,146,-106
113000065,120,450,-330
113000066,692,74,618
113000067,2038,894,1144
113000068,307,759,-452
113000069,436,676,-240
113000070,2209,743,1466
113000071,332,389,-57
113000072,768,310,458
113000073,331,928,-597
113000074,824,272,552
113000075,1628,631,997
113000076,473,1763,-1290
113000077,972,602,370
113000078,620,1809,-1189
113000079,462,691,-229
113000080,538,599,-61
113000081,639,697,-58
113000082,781,550,231
113000083,478,727,-249
113000084,1279,967,312
113000085,725,701,24
113000086,927,1085,-158
113000087,723,820,-97
113000088,1750,1071,679
113000089,818,1219,-401
113000090,206,429,-223
113000091,364,331,33
113000094,1021,162,859
113000095,200,566,-366
113000096,99,464,-365
113000097,963,313,650
113000098,121,30,91
113000099,762,344,418
113000100,139,283,-144
113000101,266,414,-148
113000102,493,411,82
113000103,1679,314,1365
113000104,504,1763,-1259
113000105,763,348,415
113000106,308,265,43
113000107,858,674,184
113000108,599,777,-178
113000109,535,1081,-546
113000110,1453,344,1109
113000111,202,487,-285
113000112,370,309,61
113000113,1121,351,770
113000114,252,1045,-793
113000116,444,251,193
113000117,595,93,502
113000118,61,377,-316
113000119,273,174,99
113000120,42,172,-130
113000121,320,670,-350
113000124,162,87,75
113000125,50,700,-650
113000127,1771,234,1537
113000128,531,388,143
113000129,430,500,-70
113000133,1468,1044,424
113000134,7,821,-814
113000135,3395,3681,-286
113000137,1233,2907,-1674
113000139,268,165,103
113000140,81,215,-134
113000141,148,180,-32
113000142,340,811,-471
113000143,219,172,47
113000144,233,499,-266
113000145,55,92,-37
113000146,149,40,109
113000147,163,46,117
113000148,191,113,78
113000149,125,127,-2
113000150,431,226,205
113000151,48,41,7
113000152,44,91,-47
113000153,987,436,551
113000154,640,1179,-539
113000155,304,441,-137
113000156,139,284,-145
113000157,207,675,-468
113000158,600,191,409
113000159,802,522,280
113000160,532,723,-191
113000161,275,257,18
113000162,684,259,425
113000163,82,61,21
113000164,27,53,-26
113000166,149,84,65
113000167,28,64,-36
113000168,69,63,6
113000169,192,70,122
113000170,94,89,5
113000171,29,73,-44
113000172,267,52,215
113000173,66,34,32
113000174,123,325,-202
113000175,340,91,249
113000176,458,150,308
113000177,172,367,-195
113000178,174,238,-64
113000179,245,134,111
113000180,403,822,-419
113000181,1069,686,383
113000182,138,243,-105
113000183,101,548,-447
113000184,10,93,-83
113000189,275,598,-323
113000190,592,363,229
113000192,820,2225,-1405
113000193,2215,1925,290
113000194,844,982,-138
113000195,1133,967,166
113000196,201,83,118
113000197,869,962,-93
113000198,73,224,-151
113000199,879,240,639
113000201,181,313,-132
113000202,2816,633,2183
113000203,147,115,32
113000204,759,1891,-1132
113000205,11,33,-22
113000206,13,34,-21
113000207,89,11,78
113000208,30,37,-7
113000209,17,20,-3
113000210,5,20,-15
113000211,124,223,-99
113000212,69,20,49
113000213,37,134,-97
113000214,126,170,-44
113000234,197,569,-372
113000410,117,205,-88
113000411,1728,3179,-1451
113000412,4649,2302,2347
113000413,1781,2540,-759
113000414,4263,10144,-5881
113000415,1638,2098,-460
113000416,5284,3016,2268
113000417,1959,2046,-87
113000418,3757,2796,961
113000419,1413,1709,-296
113000420,3403,5184,-1781
113000421,3386,5448,-2062
113000422,8565,9060,-495
113000423,1701,4650,-2949
113000424,2245,8833,-6588
113000425,2,68,-66
113000428,27,64,-37
113000430,11,109,-98
113000432,1955,199,1756
113000433,54,465,-411
113000434,23,97,-74
113000435,29,276,-247
113000436,40,682,-642
113000437,811,25,786
113000438,237,6,231
113000439,21,68,-47
113000440,120,43,77
113000441,239,162,77
113000442,108,91,17
113000443,238,120,118
113000444,164,106,58
113000445,134,71,63
113000446,36,49,-13
113000448,172,132,40
113000449,139,529,-390
113000450,309,1202,-893
113000451,857,150,707
113000452,167,316,-149
113000453,73,327,-254
113000454,267,73,194
113000455,37,270,-233
113000456,2336,2216,120
113000468,1046,90,956
113000469,43,63,-20
113000470,282,8,274
113000471,13,287,-274
113000472,86,214,-128
113000474,684,510,174
113000475,1295,1260,35
113000476,1229,1352,-123
113000477,3134,1542,1592
113000478,2920,3405,-485
113000479,43,112,-69
113000485,0,0,0
113000486,0,0,0
113000487,0,0,0
113000488,0,1,-1
113000489,0,0,0
113000490,0,3,-3
113000491,2,4,-2
113000492,6,2,4
113000493,0,0,0
113000495,126,124,2
113000496,121,93,28
113000497,0,0,0
113000499,0,0,0
113900001,0,149,-149
113900002,0,27,-27
113900003,0,46,-46
113900004,0,30,-30
113900005,1,56,-55
113900006,1,17,-16
113900007,23,23,0
113900008,9,0,9
113900009,40,0,40
113900010,66,0,66
113900011,46,0,46
113900012,14,0,14
113900013,126,1,125
113900014,433,43,390
113900015,0,31,-31
113900016,44,0,44
113900017,0,49,-49
113900018,208,162,46
113900019,96,25,71
113900020,124,0,124
113900022,16,0,16
113900023,37,0,37
113900024,40,19,21
113900025,202,8,194
113900026,49,0,49
113900027,4,43,-39
113900028,33,325,-292
113900029,57,124,-67
113900030,245,1,244
113900031,3,1,2
113900032,17,0,17
113900033,115,41,74
113900035,43,1,42
113900036,15,52,-37
113900037,162,292,-130
113900038,59,80,-21
113900039,152,21,131
113900040,7,18,-11
113900041,2,3,-1
113900042,50,27,23
113900043,109,73,36
113900044,263,264,-1
113900045,75,2,73
113900046,147,471,-324
113900047,30,96,-66
113900048,139,83,56
113900049,326,227,99
113900050,206,216,-10
113900051,177,212,-35
113900052,95,69,26
113900053,610,399,211
113900054,11,3,8
113900055,77,282,-205
113900056,46,155,-109
113900057,8,77,-69
113900058,48,75,-27
113900059,182,189,-7
113900060,59,134,-75
113900061,499,152,347
113900062,100,14,86
113900063,58,83,-25
113900064,22,97,-75
113900065,338,11,327
113900066,310,171,139
113900067,121,106,15
113900068,441,337,104
113900069,74,23,51
113900070,109,240,-131
113900071,49,45,4
113900072,62,93,-31
113900073,315,291,24
113900074,84,150,-66
113900075,1012,859,153
113900076,155,7,148
113900077,23,116,-93
113900078,14,33,-19
113900079,1,19,-18
113900080,431,173,258
113900081,38,109,-71
113900082,100,145,-45
113900083,261,218,43
113900084,200,83,117
113900085,49,206,-157
113900086,42,4,38
113900087,66,84,-18
113900088,68,72,-4
113900089,304,43,261
113900090,575,239,336
113900091,22,5,17
113900092,15,64,-49
113900093,61,660,-599
113900094,303,245,58
113900095,124,111,13
113900096,209,63,146
113900097,9,57,-48
113900098,543,80,463
113900099,2,15,-13
113900100,0,4,-4
113900101,10,51,-41
113900102,92,139,-47
113900103,237,245,-8
113900104,123,181,-58
113900105,120,98,22
113900106,0,15,-15
113900107,0,7,-7
113900108,167,180,-13
113900109,263,165,98
113900110,45,12,33
113900111,198,123,75
113900112,118,26,92
113900113,747,383,364
113900114,0,44,-44
113900115,0,49,-49
113900116,59,110,-51
113900117,72,21,51
113900118,144,243,-99
113900119,145,392,-247
113900120,34,43,-9
113900121,56,56,0
113900122,251,1771,-1520
113900123,418,170,248
113900124,0,56,-56
113900125,611,90,521
113900126,95,37,58
113900127,194,536,-342
113900128,143,39,104
113900129,7,140,-133
113900130,2,53,-51
113900131,180,43,137
113900132,49,58,-9
113900133,22,67,-45
113900135,276,230,46
113900136,77,60,17
113900137,298,262,36
113900138,26,99,-73
113900139,210,150,60
113900140,156,240,-84
113900141,438,154,284
113900142,125,56,69
113900143,4,18,-14
113900144,102,171,-69
113900145,296,117,179
113900146,130,38,92
113900148,114,290,-176
113900149,161,58,103
113900150,435,381,54
113900151,370,126,244
113900152,19,30,-11
113900153,201,459,-258
113900154,2,96,-94
113900155,119,136,-17
113900156,189,255,-66
113900157,23,173,-150
113900158,186,325,-139
113900159,8,198,-190
113900160,341,324,17
113900161,41,216,-175
113900162,276,531,-255
113900163,199,223,-24
113900164,205,50,155
113900165,542,317,225
113900166,129,90,39
113900167,225,38,187
113900168,88,54,34
113900169,156,256,-100
113900171,153,66,87
113900172,5,123,-118
113900173,23,371,-348
113900174,402,422,-20
113900175,217,128,89
113900176,238,330,-92
113900177,298,142,156
113900178,184,101,83
113900179,24,284,-260
113900180,88,57,31
113900181,482,99,383
113900182,428,559,-131
113900183,52,73,-21
113900184,13,401,-388
113900185,129,81,48
113900186,34,22,12
113900187,27,91,-64
113900188,44,103,-59
113900189,202,90,112
113900190,213,119,94
113900191,71,128,-57
113900192,2,261,-259
113900193,8,116,-108
113900194,908,656,252
113900195,205,328,-123
113900196,9,100,-91
113900197,0,79,-79
113900198,17,226,-209
113900199,94,456,-362
113900200,5,187,-182
113900201,0,96,-96
113900202,25,255,-230
113900203,0,50,-50
113900204,34,302,-268
113900205,7,148,-141
113900206,6,121,-115
113900207,1,40,-39
113900208,0,40,-40
113900209,0,71,-71
113900210,432,487,-55
113900211,160,51,109
113900212,158,251,-93
113900214,305,320,-15
113900215,172,90,82
113900216,96,412,-316
113900217,81,112,-31
113900218,122,57,65
113900219,77,408,-331
113900220,118,93,25
113900221,264,172,92
113900222,129,311,-182
113900223,121,425,-304
113900224,74,52,22
113900225,247,148,99
113900226,251,95,156
113900227,278,135,143
113900228,236,420,-184
113900229,34,537,-503
113900230,2250,2443,-193
113900231,98,89,9
113900232,73,53,20
113900233,94,43,51
113900234,285,359,-74
113900235,78,23,55
113900236,155,183,-28
113900237,173,11,162
113900238,189,421,-232
113900239,32,56,-24
113900240,4,127,-123
113900241,87,46,41
113900242,54,113,-59
113900243,91,279,-188
113900244,230,138,92
113900245,757,181,576
113900246,10,20,-10
113900247,93,369,-276
113900248,1678,1328,350
113900249,444,338,106
113900250,46,155,-109
113900251,555,95,460
113900252,460,15,445
113900253,511,33,478
113900254,728,120,608
113900255,390,15,375
113900256,358,14,344
113900257,27,383,-356
113900258,13,274,-261
113900259,468,126,342
113900260,183,6,177
113900261,12,53,-41
113900262,109,341,-232
113900263,108,384,-276
113900264,5,223,-218
113900265,70,158,-88
113900266,47,108,-61
113900267,116,339,-223
113900268,272,322,-50
113900269,51,94,-43
113900270,195,505,-310
113900271,487,604,-117
113900273,28,6,22
113900274,43,36,7
113900275,14,50,-36
113900276,1,82,-81
113900277,131,3,128
113900278,204,118,86
113900279,35,43,-8
113900280,983,417,566
113900281,394,1160,-766
113900282,471,385,86
113900283,322,416,-94
113900284,700,155,545
113900285,114,38,76
113900286,25,39,-14
113900287,47,36,11
113900288,0,107,-107
113900289,462,75,387
113900290,181,194,-13
113900291,83,121,-38
113900292,5,2,3
113900293,2,106,-104
113900294,441,25,416
113900295,332,335,-3
113900296,1305,282,1023
113900297,1747,34,1713
113900298,26,1162,-1136
113900299,102,100,2
113900300,2830,2432,398
113900301,583,272,311
113900302,1580,795,785
113900303,302,332,-30
113900304,0,76,-76
113900305,92,0,92
113900306,32,1,31
113900307,8,0,8
113900308,50,83,-33
113900309,1,498,-497
113900310,0,5,-5
113900311,11,1,10
113900312,179,194,-15
113900313,11,7,4
114000001,755,1548,-793
114000002,255,169,86
114000003,44,127,-83
114000004,254,279,-25
114000005,205,158,47
114000006,1965,1735,230
114000007,507,704,-197
114000008,1036,1279,-243
114000009,579,149,430
114000011,2531,1682,849
114000012,2324,1097,1227
114000013,1535,903,632
114000014,374,115,259
114000015,1507,257,1250
114000016,203,172,31
114000017,80,213,-133
114000018,107,26,81
114000026,1713,963,750
114000027,2630,1610,1020
114000028,2159,2177,-18
114000038,214,100,114
114000039,59,29,30
114000040,116,119,-3
114000042,188,115,73
114000043,38,75,-37
114000044,198,30,168
114000045,33,61,-28
114000046,1939,3806,-1867
114000047,4,47,-43
114000048,42,33,9
114000049,1111,1240,-129
114000050,1322,1752,-430
114000051,2080,1521,559
114000052,2677,1690,987
114000053,76,683,-607
114000054,126,566,-440
114000055,161,16,145
114000056,501,847,-346
114000057,3091,1551,1540
114000058,275,1079,-804
114000059,117,259,-142
114000060,434,633,-199
114000061,2120,2298,-178
114000062,1173,1207,-34
114000063,1770,1185,585
114000064,3128,2600,528
114000065,1147,1740,-593
114000066,378,545,-167
114000067,23,614,-591
114000068,437,506,-69
114000069,666,427,239
114000070,1799,1537,262
114000071,548,321,227
114000072,377,133,244
114000073,13,40,-27
114000074,49,13,36
114000075,37,30,7
114000076,29,57,-28
114000077,8,14,-6
114000078,185,312,-127
114000079,96,12,84
114000080,34,66,-32
114000081,111,65,46
114000082,27,293,-266
114000083,51,103,-52
114000084,229,63,166
114000085,52,299,-247
114000086,217,216,1
114000087,81,77,4
114000088,67,15,52
114000089,390,229,161
114000090,737,640,97
114000091,938,683,255
114000092,631,365,266
114000093,1002,507,495
114000094,306,211,95
114000095,172,114,58
114000096,58,190,-132
114000097,106,306,-200
114000098,485,60,425
114000099,611,262,349
114000100,1442,400,1042
114000101,424,416,8
114000102,453,232,221
114000103,99,214,-115
114000104,14,97,-83
114000105,87,38,49
114000106,541,974,-433
114000107,370,82,288
114000108,904,688,216
114000109,518,887,-369
114000110,558,805,-247
114000111,1488,621,867
114000112,376,1233,-857
114000113,1048,399,649
114000114,963,860,103
114000115,1846,788,1058
114000116,759,1417,-658
114000117,2501,364,2137
114000118,2071,318,1753
114000119,1472,346,1126
114000120,431,539,-108
114000121,358,543,-185
114000122,321,264,57
114000123,1744,286,1458
114000124,864,225,639
114000125,729,837,-108
114000126,1256,187,1069
114000127,178,113,65
114000128,729,198,531
114000130,425,437,-12
114000131,297,72,225
114000132,370,319,51
114000133,506,834,-328
114000134,48,65,-17
114000138,26,128,-102
114000139,312,230,82
114000144,755,423,332
114000145,64,100,-36
114000146,107,125,-18
114000147,1142,1622,-480
114000148,1422,1396,26
114000149,281,223,58
114000150,320,512,-192
114000151,469,1144,-675
114000152,70,29,41
114000153,413,1572,-1159
114000154,406,513,-107
114000155,881,1727,-846
114000156,518,450,68
114000157,252,922,-670
114000158,850,460,390
114000159,153,306,-153
114000160,75,262,-187
114000161,1026,2560,-1534
114000162,821,2114,-1293
114000163,3,51,-48
114000165,409,253,156
114000166,429,307,122
114000167,2104,1182,922
114000168,468,479,-11
114000169,1170,1057,113
114000170,978,936,42
114000171,1043,3217,-2174
114000174,132,306,-174
114000176,346,394,-48
114000177,1156,521,635
114000178,46,38,8
114000179,943,580,363
114000180,300,395,-95
114000181,1149,3087,-1938
114000182,1532,1652,-120
114000183,586,628,-42
114000184,1938,705,1233
114000185,955,567,388
114000189,958,101,857
114000190,2573,345,2228
114000191,32,85,-53
114000192,123,792,-669
114000193,433,1511,-1078
114000194,1162,578,584
114000195,146,28,118
114000196,0,153,-153
114000197,1207,61,1146
114000198,543,280,263
114000199,1401,1356,45
114000200,433,1041,-608
114000201,118,471,-353
114000202,724,354,370
114000203,423,426,-3
114000204,168,329,-161
114000205,158,822,-664
114000206,570,967,-397
114000207,461,861,-400
114000208,349,1405,-1056
114000209,374,1256,-882
114000210,167,637,-470
114000211,859,996,-137
114000212,514,597,-83
114000213,1143,380,763
114000214,65,148,-83
114000215,223,53,170
114000216,1300,227,1073
114000217,325,157,168
114000218,99,165,-66
114000219,1092,111,981
114000220,21,757,-736
114000221,706,115,591
114000222,122,637,-515
114000223,389,106,283
114000224,52,348,-296
114000225,217,382,-165
114000226,182,174,8
114000227,700,324,376
114000228,666,483,183
114000229,938,789,149
114000230,1215,733,482
114000231,791,811,-20
114000232,704,109,595
114000233,1784,74,1710
114000234,950,670,280
114000235,908,938,-30
114000236,0,262,-262
114000237,85,505,-420
114000238,107,173,-66
114000239,145,751,-606
114000240,539,635,-96
114000241,244,608,-364
114000242,668,618,50
114000243,1243,689,554
114000244,422,295,127
114000245,275,596,-321
114000246,77,45,32
114000247,413,409,4
114000248,945,421,524
114000249,406,334,72
114000250,436,392,44
114000251,344,130,214
114000252,88,47,41
114000253,38,60,-22
114000254,19,31,-12
114000255,422,226,196
114000256,845,1829,-984
114000257,240,825,-585
114000258,194,275,-81
114000259,68,149,-81
114000260,0,20,-20
114000261,40,35,5
114000262,149,64,85
114000263,3,0,3
114000264,761,274,487
114000265,0,1,-1
114000267,1,1140,-1139
114000268,0,701,-701
114000270,129,7,122
114000271,235,49,186
114000283,883,258,625
114000285,10,117,-107
114000288,107,331,-224
114000289,1154,95,1059
114000293,140,321,-181
114000294,132,186,-54
114000395,981,19,962
114000396,469,449,20
114000402,413,160,253
114000403,244,244,0
114000405,106,246,-140
114000423,306,191,115
114000424,272,146,126
114000425,876,171,705
114000426,286,655,-369
114000427,55,51,4
114000428,145,202,-57
114000429,6,119,-113
114000432,101,62,39
114000434,23,70,-47
114000435,1,93,-92
114900001,568,545,23
114900002,338,77,261
114900003,647,694,-47
114900004,184,431,-247
114900005,590,411,179
114900006,82,47,35
114900007,249,40,209
114900008,106,81,25
114900010,1176,1519,-343
114900011,164,95,69
114900013,198,112,86
114900015,51,334,-283
114900018,594,17,577
114900020,167,87,80
114900022,8,401,-393
114900024,235,94,141
114900025,335,113,222
114900026,60,88,-28
114900027,147,169,-22
114900029,87,16,71
114900030,259,174,85
114900031,307,22,285
114900032,287,15,272
114900033,523,608,-85
114900034,41,106,-65
114900035,88,173,-85
114900036,156,342,-186
114900037,108,91,17
114900038,111,342,-231
114900039,377,323,54
114900040,73,59,14
114900041,677,261,416
114900042,785,321,464
114900043,391,151,240
114900044,119,30,89
114900046,23,62,-39
114900047,147,1509,-1362
114900048,75,158,-83
114900049,11,154,-143
114900050,26,206,-180
114900051,27,276,-249
114900052,21,166,-145
114900053,70,220,-150
114900054,26,101,-75
114900057,211,15,196
114900058,0,51,-51
114900059,66,42,24
114900060,583,664,-81
114900061,95,68,27
114900062,160,223,-63
114900063,64,100,-36
114900064,1291,235,1056
114900065,361,527,-166
114900067,53,283,-230
114900068,66,142,-76
114900069,144,56,88
114900070,473,277,196
114900072,9,218,-209
114900073,0,98,-98
114900074,596,341,255
114900075,201,6,195
114900076,4,227,-223
114900080,1173,199,974
114900082,2336,1885,451
114900083,783,834,-51
114900090,288,162,126
114900091,83,112,-29
114900095,201,92,109
114900096,259,450,-191
114900097,157,1,156
114900098,3,125,-122
114900099,227,11,216
115000001,4024,2473,1551
115000002,3680,3586,94
115000003,3366,1952,1414
115000004,3936,4621,-685
115000005,1202,1475,-273
115000006,930,1161,-231
115000007,221,174,47
115000008,312,349,-37
115000009,187,196,-9
115000010,255,153,102
115000013,52,160,-108
115000015,71,251,-180
115000016,54,201,-147
115000019,36,347,-311
115000020,123,501,-378
115000021,166,336,-170
115000022,419,277,142
115000023,386,434,-48
115000024,701,327,374
115000025,690,497,193
115000026,123,269,-146
115000027,264,216,48
115000028,182,539,-357
115000029,536,67,469
115000030,514,805,-291
115000031,1181,177,1004
115000032,5,190,-185
115000033,164,32,132
115000034,81,813,-732
115000035,944,40,904
115000036,2,309,-307
115000037,499,8,491
115000038,54,122,-68
115000039,2677,2649,28
115000040,3337,2261,1076
115000041,1023,2670,-1647
115000042,483,445,38
115000043,3376,1903,1473
115000044,2661,2513,148
115000045,1970,1100,870
115000046,2049,1727,322
115000047,2073,998,1075
115000048,1431,1554,-123
115000049,1234,2119,-885
115000050,2681,1331,1350
115000051,1326,2425,-1099
115000052,1424,1381,43
115000053,1758,1565,193
115000054,534,822,-288
115000055,162,647,-485
115000056,181,347,-166
115000057,481,1128,-647
115000058,350,198,152
115000059,118,131,-13
115000061,136,157,-21
115000062,129,151,-22
115000063,273,209,64
115000064,190,65,125
115000065,32,354,-322
115000067,147,20,127
115000069,80,179,-99
115000070,42,639,-597
115000071,129,16,113
115000072,19,61,-42
115000073,1082,41,1041
115000075,74,50,24
115000076,2232,1770,462
115000077,1617,1418,199
115000078,1089,916,173
115000079,1168,1048,120
115000080,2017,1383,634
115000081,379,568,-189
115000082,3334,2843,491
115000083,1689,1255,434
115000084,2181,826,1355
115000085,581,555,26
115000086,1064,551,513
115000087,358,1110,-752
115000088,1607,472,1135
115000089,1228,906,322
115000090,517,668,-151
115000091,199,630,-431
115000092,567,267,300
115000093,434,0,434
115000094,4473,4306,167
115000095,3008,4556,-1548
115000096,690,802,-112
115000097,970,620,350
115000098,925,488,437
115000099,2108,1600,508
115000100,951,301,650
115000101,345,996,-651
115000102,430,189,241
115000103,290,428,-138
115000105,48,113,-65
115000106,511,267,244
115000107,189,266,-77
115000108,2181,1631,550
115000109,2895,3624,-729
115000110,1191,1268,-77
115000111,492,1136,-644
115000112,562,632,-70
115000113,419,560,-141
115000114,1272,491,781
115000116,2842,1904,938
115000117,2504,2386,118
115000118,1612,1349,263
115000119,1223,1707,-484
115000120,461,1152,-691
115000121,957,623,334
115000122,2150,1213,937
115000123,951,2026,-1075
115000124,666,806,-140
115000125,362,603,-241
115000126,108,209,-101
115000127,278,71,207
115000128,285,676,-391
115000129,266,302,-36
115000130,354,548,-194
115000131,869,193,676
115000132,230,256,-26
115000133,477,163,314
115000134,188,158,30
115000135,206,88,118
115000136,241,199,42
115000137,101,116,-15
115000138,322,187,135
115000139,167,161,6
115000140,354,172,182
115000141,174,170,4
115000142,149,180,-31
115000143,798,396,402
115000144,477,47,430
115000145,200,254,-54
115000146,333,211,122
115000147,216,322,-106
115000148,212,616,-404
115000149,600,215,385
115000150,581,468,113
115000151,977,312,665
115000152,484,635,-151
115000153,869,342,527
115000154,877,228,649
115000155,431,559,-128
115000156,856,448,408
115000157,427,557,-130
115000158,358,310,48
115000159,522,440,82
115000160,366,327,39
115000161,123,303,-180
115000162,552,685,-133
115000163,387,479,-92
115000164,550,430,120
115000165,265,419,-154
115000167,143,56,87
115000168,400,294,106
115000169,432,226,206
115000170,97,115,-18
115000171,319,208,111
115000172,722,533,189
115000173,263,440,-177
115000174,61,185,-124
115000175,123,74,49
115000176,66,70,-4
115000177,27,103,-76
115000178,15,165,-150
115000179,21,29,-8
115000180,72,312,-240
115000181,625,111,514
115000182,739,220,519
115000183,336,552,-216
115000186,606,173,433
115000187,165,473,-308
115000188,343,380,-37
115000189,155,387,-232
115000190,568,258,310
115000191,105,379,-274
115000194,85,137,-52
115000195,184,243,-59
115000196,123,84,39
115000197,198,155,43
115000198,294,143,151
115000199,279,108,171
115000200,274,87,187
115000201,119,227,-108
115000206,256,47,209
115000207,144,204,-60
115000208,211,413,-202
115000209,475,216,259
115000210,94,101,-7
115000211,147,191,-44
115000212,944,210,734
115000224,376,46,330
115000225,46,64,-18
115000229,128,122,6
115000230,111,237,-126
115000231,248,919,-671
115000232,1517,237,1280
115000233,88,115,-27
115000234,19,233,-214
115000241,80,148,-68
115000242,107,244,-137
115000243,46,136,-90
115000244,12,75,-63
115000246,25,15,10
115000247,17,12,5
115000248,45,18,27
115000249,36,14,22
115000250,251,16,235
115000251,165,53,112
115000252,68,124,-56
115000253,17,257,-240
115000258,287,105,182
115000259,234,100,134
115000261,20,18,2
115000262,13,23,-10
115000263,15,34,-19
115000264,17,29,-12
115000267,67,56,11
115000268,20,101,-81
115000269,112,58,54
115000270,9,33,-24
115000272,95,120,-25
115000273,325,37,288
115000280,1666,235,1431
115000281,461,795,-334
115000282,411,486,-75
115000284,252,151,101
115000296,764,7,757
115000297,70,296,-226
115000298,32,471,-439
115000300,186,155,31
115000302,480,89,391
115000303,612,102,510
115000304,635,36,599
115000305,80,384,-304
115000306,143,145,-2
115000307,86,149,-63
115000308,22,17,5
115000309,21,36,-15
115000310,859,523,336
115000311,905,774,131
115000313,95,312,-217
115000314,400,117,283
115000315,604,520,84
115000316,53,106,-53
115000317,129,331,-202
115000318,677,233,444
115000319,39,250,-211
115000320,11,272,-261
115000321,243,33,210
115000322,33,156,-123
115000449,128,151,-23
115000557,2,1065,-1063
115000558,318,127,191
115000587,442,195,247
115000588,1539,1896,-357
115000589,3016,1705,1311
115000590,793,957,-164
115000591,1067,610,457
115000592,428,1323,-895
115000593,1151,480,671
115000594,558,2251,-1693
115000609,170,211,-41
115000617,962,2233,-1271
115000624,215,32,183
115000633,304,1394,-1090
115000634,2300,682,1618
115000635,560,108,452
115000638,483,502,-19
115000641,52,116,-64
115000642,218,189,29
115000643,103,332,-229
115000644,111,268,-157
115000646,652,1333,-681
115000647,144,385,-241
115000648,1620,1118,502
115000893,2077,1343,734
115000894,69,771,-702
115000895,325,748,-423
115000896,1007,362,645
115000897,487,116,371
115000898,476,199,277
115000899,324,881,-557
115000900,37,283,-246
115000901,31,117,-86
115000912,359,78,281
115000913,0,11,-11
115000915,12,0,12
115000916,0,0,0
115000917,0,4,-4
115000918,53,257,-204
115000919,6,14,-8
115000920,23,47,-24
115000921,438,51,387
115000922,809,641,168
115000923,241,1006,-765
115000925,87,69,18
115000927,30,54,-24
115000933,185,211,-26
115000934,103,128,-25
115000935,80,68,12
115000936,38,592,-554
115000937,577,118,459
115000938,84,166,-82
115000939,120,144,-24
115000940,8,11,-3
115000941,8,14,-6
115000942,27,132,-105
115000943,11,19,-8
115000944,7,12,-5
115900001,97,23,74
115900002,89,77,12
115900003,157,50,107
115900004,4,43,-39
115900005,217,10,207
115900006,124,148,-24
115900008,60,2,58
115900009,60,133,-73
115900010,274,94,180
115900011,322,136,186
115900012,168,36,132
115900013,235,129,106
115900014,108,65,43
115900015,90,39,51
115900016,69,11,58
115900017,21,8,13
115900018,124,32,92
115900019,95,3,92
115900020,94,5,89
115900021,633,148,485
115900022,829,12,817
115900023,37,24,13
115900025,24,153,-129
115900026,552,117,435
115900027,0,164,-164
115900028,416,35,381
115900029,18,206,-188
115900030,19,21,-2
115900031,182,211,-29
115900032,390,493,-103
115900033,0,20,-20
115900034,24,207,-183
115900035,36,16,20
115900036,32,555,-523
115900037,40,199,-159
115900038,33,7,26
115900039,128,133,-5
115900041,285,467,-182
115900042,30,4,26
115900043,70,46,24
115900044,139,167,-28
115900046,217,131,86
115900047,122,145,-23
115900049,121,122,-1
115900051,5,22,-17
115900052,21,138,-117
115900053,221,88,133
115900054,205,48,157
115900055,11,75,-64
115900056,143,137,6
115900057,12,13,-1
115900058,36,46,-10
115900060,51,81,-30
115900061,191,2,189
115900062,13,213,-200
115900063,67,6,61
115900064,140,170,-30
115900065,139,60,79
115900066,107,104,3
115900067,7,335,-328
115900068,1782,694,1088
115900069,34,115,-81
115900070,147,67,80
115900071,0,194,-194
115900072,37,92,-55
115900073,97,93,4
115900074,4,173,-169
115900075,14,137,-123
115900076,3,43,-40
115900077,2,140,-138
115900078,17,101,-84
115900079,177,13,164
115900080,334,148,186
115900081,20,62,-42
115900082,120,93,27
115900084,414,16,398
115900085,17,56,-39
115900086,1040,401,639
115900088,9,59,-50
115900089,374,528,-154
115900090,413,7,406
115900091,6,22,-16
115900092,25,103,-78
115900093,10,15,-5
115900094,4,192,-188
115900096,4,6,-2
115900097,11,240,-229
115900098,140,169,-29
115900099,36,25,11
115900100,14,315,-301
115900101,111,118,-7
115900102,42,87,-45
115900103,249,100,149
115900104,56,72,-16
115900105,186,340,-154
115900106,56,14,42
115900107,52,56,-4
115900108,123,28,95
115900109,37,225,-188
115900110,2,15,-13
115900111,0,40,-40
115900112,38,511,-473
115900113,36,29,7
115900114,2,63,-61
115900115,52,144,-92
115900116,48,528,-480
115900117,74,15,59
115900118,1,168,-167
115900119,96,124,-28
115900120,18,133,-115
115900121,180,109,71
115900124,187,459,-272
115900125,262,38,224
115900126,556,51,505
115900127,595,48,547
115900128,5,78,-73
115900129,576,34,542
115900130,20,240,-220
115900131,204,17,187
115900132,500,2,498
115900134,274,9,265
115900135,293,985,-692
115900137,11,1,10
115900139,27,50,-23
115900140,210,27,183
115900141,6,14,-8
115900142,7,8,-1
115900143,143,171,-28
115900144,77,135,-58
115900146,16,51,-35
115900147,234,200,34
115900148,29,7,22
115900149,105,26,79
115900150,50,31,19
115900151,12,62,-50
115900152,121,163,-42
115900153,98,139,-41
115900154,286,267,19
115900155,0,28,-28
115900156,488,622,-134
115900157,122,314,-192
115900158,15,6,9
115900159,125,142,-17
115900160,10,6,4
115900161,34,101,-67
115900163,177,93,84
115900164,433,6,427
115900166,155,115,40
115900168,73,65,8
115900171,77,223,-146
115900172,27,95,-68
115900173,175,83,92
115900174,195,147,48
115900175,101,126,-25
115900178,7,344,-337
115900179,259,5,254
115900180,30,97,-67
115900181,174,103,71
115900182,330,96,234
115900183,24,61,-37
115900184,950,4,946
115900187,29,113,-84
115900189,0,182,-182
115900190,77,1078,-1001
115900191,17,220,-203
115900192,7,93,-86
115900193,104,95,9
115900194,585,46,539
115900195,386,1721,-1335
115900198,158,186,-28
115900199,152,109,43
115900200,196,194,2
115900201,507,295,212
115900202,0,57,-57
115900203,3,15,-12
115900204,0,17,-17
115900205,52,6,46
115900206,146,100,46
115900207,29,15,14
115900208,117,77,40
115900209,2,97,-95
115900210,3,92,-89
115900211,0,111,-111
115900212,140,121,19
115900213,75,98,-23
115900214,504,160,344
115900215,31,108,-77
115900216,4,85,-81
115900217,1,23,-22
115900218,4,14,-10
115900219,93,3,90
115900220,172,5,167
115900221,92,7,85
115900222,55,28,27
115900223,10,334,-324
115900224,517,865,-348
115900225,63,43,20
115900226,18,33,-15
115900227,14,27,-13
115900228,5,27,-22
115900229,6,20,-14
115900230,50,67,-17
115900231,121,1,120
115900232,48,3,45
115900233,51,6,45
115900234,38,24,14
115900235,8,29,-21
115900236,12,33,-21
115900237,36,18,18
115900238,10,16,-6
115900239,29,37,-8
115900240,5,32,-27
115900241,196,75,121
115900242,185,255,-70
115900243,1,7,-6
115900244,9,9,0
115900245,51,6,45
115900246,2,9,-7
115900247,48,11,37
115900248,12,1,11
115900249,2,5,-3
115900250,3,20,-17
115900251,2,4,-2
115900252,2,1,1
115900253,5,13,-8
115900254,5,14,-9
115900255,1,10,-9
115900256,11,11,0
115900257,1,12,-11
115900258,0,0,0
115900259,2,4,-2
115900260,12,0,12
115900261,12,0,12
115900262,26,0,26
115900263,8,0,8
115900264,7,7,0
115900265,1,14,-13
115900266,3,14,-11
115900267,12,16,-4
115900268,8,5,3
115900269,430,196,234
115900270,284,186,98
115900271,112,0,112
115900272,23,4,19
115900273,13,23,-10
115900274,1,6,-5
115900275,2,13,-11
115900276,0,21,-21
115900277,0,41,-41
115900278,33,63,-30
115900279,23,119,-96
115900280,16,324,-308
115900281,184,202,-18
115900282,10,11,-1
115900283,5,23,-18
115900284,8,6,2
116000001,6354,2807,3547
116000002,4015,8986,-4971
116000003,1080,1109,-29
116000004,2180,2897,-717
116000005,1303,2149,-846
116000006,2039,2083,-44
116000007,1504,1911,-407
116000008,2813,1913,900
116000009,1106,1363,-257
116000010,1998,1361,637
116000011,690,1188,-498
116000012,1398,826,572
116000013,5128,2554,2574
116000014,6617,9225,-2608
116000015,130,887,-757
116000016,3591,2677,914
116000017,12,560,-548
116000018,442,150,292
116000019,528,164,364
116000020,405,452,-47
116000021,335,197,138
116000022,282,244,38
116000023,919,504,415
116000024,469,573,-104
116000025,577,557,20
116000026,1242,1887,-645
116000027,379,434,-55
116000028,384,582,-198
116000029,370,426,-56
116000030,646,319,327
116000031,136,242,-106
116000032,246,118,128
116000033,328,305,23
116000034,426,519,-93
116000035,293,430,-137
116000036,1151,897,254
116000037,436,345,91
116000038,354,496,-142
116000039,413,362,51
116000040,503,317,186
116000041,106,379,-273
116000042,483,248,235
116000043,67,465,-398
116000044,10,67,-57
116000045,1291,903,388
116000046,676,1100,-424
116000047,1155,1389,-234
116000048,1367,1211,156
116000049,896,2385,-1489
116000050,1006,791,215
116000051,4205,2240,1965
116000052,3563,3486,77
116000053,1392,540,852
116000054,674,2051,-1377
116000055,554,602,-48
116000056,773,724,49
116000057,1688,920,768
116000058,1935,1520,415
116000059,1750,2701,-951
116000060,1501,762,739
116000061,463,691,-228
116000062,503,162,341
116000063,505,841,-336
116000066,282,400,-118
116000067,175,324,-149
116000068,161,248,-87
116000069,201,210,-9
116000078,457,876,-419
116000080,1405,576,829
116000082,7,27,-20
116000083,1533,275,1258
116000084,1438,2406,-968
116000085,1872,1416,456
116000086,1224,823,401
116000087,1814,1274,540
116000088,599,662,-63
116000089,125,46,79
116000090,84,123,-39
116000091,202,265,-63
116000093,498,283,215
116000094,444,403,41
116000095,597,333,264
116000096,677,979,-302
116000097,810,484,326
116000098,115,4067,-3952
116000099,3734,211,3523
116000100,181,19,162
116000101,698,479,219
116000102,244,831,-587
116000103,385,224,161
116000104,209,753,-544
116000105,847,134,713
116000106,293,602,-309
116000107,1575,257,1318
116000108,88,138,-50
116000111,119,29,90
116000113,124,102,22
116000114,41,113,-72
116000115,290,86,204
116000116,180,276,-96
116000117,1176,1320,-144
116000118,1360,772,588
116000119,2998,1452,1546
116000120,2354,2331,23
116000121,806,530,276
116000122,860,924,-64
116000123,920,334,586
116000124,348,571,-223
116000125,2404,561,1843
116000126,217,887,-670
116000127,816,753,63
116000128,1438,677,761
116000129,1180,180,1000
116000130,493,357,136
116000133,863,537,326
116000134,1268,1182,86
116000135,2162,1131,1031
116000136,868,1234,-366
116000137,988,556,432
116000138,591,561,30
116000139,1197,1830,-633
116000140,128,174,-46
116000141,265,387,-122
116000142,2447,1835,612
116000143,1629,1461,168
116000144,1204,1416,-212
116000145,1478,838,640
116000146,512,138,374
116000147,196,101,95
116000148,481,440,41
116000149,500,348,152
116000151,470,352,118
116000153,101,274,-173
116000155,139,175,-36
116000156,268,665,-397
116000157,56,7,49
116000158,248,197,51
116000159,13,9,4
116000160,14,55,-41
116000161,3,38,-35
116000162,33,50,-17
116000163,36,12,24
116000164,9,14,-5
116000177,94,74,20
116000194,99,265,-166
116000195,1185,469,716
116000196,0,0,0
116000197,0,2,-2
116000198,1952,663,1289
116000200,443,375,68
116000201,405,388,17
116000202,9,213,-204
116000203,1,55,-54
116000204,6,48,-42
116000205,0,96,-96
116000206,3,79,-76
116000207,16,46,-30
116000233,202,245,-43
116000287,121,278,-157
116000288,242,144,98
116000292,84,91,-7
116000296,20,193,-173
116000297,72,45,27
116000304,96,16,80
116000305,19,47,-28
116000346,0,0,0
116000352,0,0,0
116000354,0,0,0
116000357,0,0,0
116000358,290,62,228
116000361,199,12,187
116000372,3071,3381,-310
116000381,141,0,141
116000388,6,39,-33
116000389,501,324,177
116000445,443,320,123
116000446,535,315,220
116000447,22,453,-431
116000448,419,120,299
116000563,631,561,70
116000565,36,232,-196
116000568,31,253,-222
116000579,16,79,-63
116000583,17,3,14
116000584,14,5,9
116000585,30,5,25
116000586,28,49,-21
116000587,354,358,-4
116000589,22,41,-19
116000590,49,59,-10
116000591,257,158,99
116000592,14,56,-42
116000593,0,22,-22
116000594,411,272,139
116000595,477,88,389
116000596,58,6,52
116000597,363,86,277
116000598,25,82,-57
116000605,183,92,91
116000606,68,217,-149
116000607,8,49,-41
116000609,159,683,-524
116000611,130,304,-174
116000612,696,1483,-787
116000613,518,216,302
116000614,329,328,1
116000615,1,301,-300
116000616,36,19,17
116000617,69,29,40
116000618,0,40,-40
116000619,29,58,-29
116000620,111,99,12
116000621,43,83,-40
116000622,85,107,-22
116000624,168,97,71
116000627,106,44,62
116000628,64,280,-216
116000629,41,203,-162
116000630,424,24,400
116000631,185,34,151
116000632,868,59,809
116000633,182,123,59
116000634,350,111,239
116000635,1947,1869,78
116000636,523,940,-417
116000637,397,65,332
116000638,119,204,-85
116000640,22,43,-21
116000641,18,76,-58
116000644,29,320,-291
116900001,188,126,62
116900002,160,4,156
116900003,24,22,2
116900004,53,33,20
116900005,233,42,191
116900006,62,114,-52
116900007,89,64,25
116900008,319,174,145
116900009,39,26,13
116900010,2,588,-586
116900011,4,19,-15
116900012,167,104,63
116900013,7,94,-87
116900014,123,100,23
116900015,383,29,354
116900016,161,10,151
116900017,0,309,-309
116900018,63,23,40
116900019,1,167,-166
116900020,574,861,-287
116900023,38,14,24
116900024,495,36,459
116900025,704,471,233
116900026,57,348,-291
116900027,23,28,-5
116900028,5,78,-73
116900029,0,42,-42
116900031,0,2,-2
116900032,1,149,-148
116900033,14,5,9
116900034,2,39,-37
116900035,94,105,-11
116900036,2,86,-84
116900038,19,0,19
116900041,30,7,23
116900042,310,167,143
116900043,22,28,-6
116900047,30,78,-48
116900049,14,175,-161
116900050,75,251,-176
116900051,121,84,37
116900052,126,60,66
116900055,1,4,-3
116900057,21,120,-99
116900058,23,217,-194
116900059,1,91,-90
116900060,152,146,6
116900062,0,29,-29
116900064,73,362,-289
116900065,22,87,-65
116900067,54,34,20
116900068,105,114,-9
116900070,0,6,-6
116900072,17,180,-163
116900073,23,70,-47
116900074,7,28,-21
116900076,6,41,-35
116900077,64,121,-57
116900078,128,46,82
116900079,44,92,-48
116900080,16,32,-16
116900081,234,604,-370
116900082,187,725,-538
116900083,22,16,6
116900084,108,50,58
116900085,61,111,-50
116900086,22,88,-66
116900088,223,56,167
116900090,78,19,59
116900091,293,28,265
116900092,85,405,-320
116900093,1267,1509,-242
116900094,2702,2835,-133
116900095,144,74,70
116900096,66,192,-126
116900097,1416,2063,-647
116900098,617,283,334
116900099,404,465,-61
116900100,653,37,616
116900101,256,331,-75
116900103,4,0,4
116900104,52,45,7
116900105,199,125,74
116900106,1604,69,1535
116900107,2047,1913,134
116900110,12,5,7
116900111,543,275,268
116900112,190,525,-335
116900113,927,1227,-300
116900116,56,468,-412
116900117,83,107,-24
116900118,493,583,-90
116900120,297,45,252
116900121,118,11,107
116900122,647,347,300
116900123,125,394,-269
116900124,142,522,-380
116900125,332,126,206
116900126,84,391,-307
116900128,0,22,-22
116900129,0,157,-157
116900130,298,2667,-2369
116900131,57,204,-147
116900132,54,61,-7
116900133,124,89,35
116900134,161,157,4
116900136,141,154,-13
116900137,184,140,44
116900138,144,98,46
116900139,83,282,-199
116900140,115,100,15
116900141,503,237,266
116900142,1,74,-73
116900143,204,285,-81
116900144,15,61,-46
116900145,65,141,-76
116900147,312,390,-78
116900148,6,55,-49
116900149,37,167,-130
116900150,11,25,-14
116900151,27,15,12
116900153,83,52,31
116900154,307,414,-107
116900155,46,49,-3
116900157,436,160,276
116900158,97,206,-109
116900159,56,211,-155
116900160,617,769,-152
116900161,3079,4842,-1763
116900162,7,72,-65
116900163,140,88,52
116900164,68,32,36
116900165,201,263,-62
116900166,37,57,-20
116900167,289,40,249
116900168,307,38,269
116900169,501,515,-14
116900170,264,476,-212
116900171,32,63,-31
116900172,133,250,-117
116900173,136,27,109
116900174,46,50,-4
116900175,170,191,-21
116900178,26,57,-31
116900179,85,277,-192
116900180,81,29,52
116900182,424,166,258
116900183,180,69,111
116900185,70,92,-22
116900186,57,121,-64
116900187,45,34,11
116900188,86,22,64
116900189,70,1,69
116900191,313,395,-82
116900192,188,83,105
116900194,146,1177,-1031
116900195,26,22,4
116900196,11,65,-54
116900197,88,9,79
116900198,83,167,-84
116900200,56,10,46
116900201,70,4,66
116900202,70,38,32
116900203,80,6,74
116900204,24,88,-64
116900206,9,11,-2
116900207,9,17,-8
116900208,14,70,-56
116900209,18,79,-61
116900210,410,202,208
116900211,156,3,153
116900212,35,29,6
116900213,183,97,86
116900214,178,85,93
116900215,43,50,-7
116900216,199,114,85
116900218,5,131,-126
116900219,864,222,642
116900220,81,119,-38
116900221,81,161,-80
116900222,309,237,72
116900223,95,196,-101
116900226,89,30,59
116900227,146,33,113
116900228,229,122,107
116900230,56,166,-110
116900231,26,193,-167
116900232,4,249,-245
116900233,205,96,109
116900234,9,2,7
116900235,112,157,-45
116900238,960,203,757
116900239,10,969,-959
116900240,2851,2009,842
116900241,78,74,4
116900242,550,428,122
116900243,3,10,-7
116900245,15,9,6
116900246,103,16,87
116900247,715,21,694
116900248,67,27,40
116900249,271,60,211
116900250,321,29,292
116900251,268,287,-19
116900252,91,484,-393
116900253,121,40,81
116900254,17,72,-55
116900255,60,42,18
116900256,255,58,197
116900257,11,198,-187
116900258,0,116,-116
116900259,209,10,199
116900260,0,46,-46
116900261,53,1,52
116900262,146,73,73
116900263,0,2,-2
116900264,74,55,19
116900265,47,1,46
116900266,16,7,9
116900267,1,1,0
116900268,35,41,-6
116900269,187,480,-293
116900271,696,206,490
116900272,250,149,101
116900273,112,92,20
116900274,91,23,68
116900275,131,57,74
116900276,338,129,209
116900277,306,34,272
116900278,1,4,-3
116900279,0,8,-8
116900280,34,6,28
116900281,2950,3200,-250
116900282,1,42,-41
116900283,14,64,-50
116900284,7,99,-92
116900285,140,164,-24
116900286,131,15,116
116900287,4,14,-10
116900288,60,69,-9
116900289,18,4,14
116900290,1,11,-10
116900291,14,8,6
116900292,0,12,-12
116900293,42,27,15
116900294,20,87,-67
116900295,94,61,33
116900296,61,78,-17
116900297,12,109,-97
116900298,71,55,16
116900299,23,45,-22
116900300,1,50,-49
116900301,35,90,-55
116900302,35,64,-29
116900303,138,93,45
116900304,0,154,-154
116900305,8,45,-37
116900306,140,68,72
116900307,56,2,54
116900308,0,50,-50
116900309,75,101,-26
117000001,1688,1254,434
117000002,1410,2640,-1230
117000003,5109,2602,2507
117000004,2690,3201,-511
117000005,1980,1570,410
117000006,975,2109,-1134
117000007,3289,871,2418
117000008,801,2316,-1515
117000009,3918,1569,2349
117000010,1913,2665,-752
117000011,1865,1431,434
117000012,1021,832,189
117000013,1602,662,940
117000014,959,1514,-555
117000015,2036,1092,944
117000016,193,140,53
117000017,156,123,33
117000018,117,510,-393
117000019,61,15,46
117000020,363,1021,-658
117000021,1023,486,537
117000022,238,97,141
117000023,193,213,-20
117000024,180,219,-39
117000025,349,935,-586
117000026,1623,1243,380
117000027,1319,3542,-2223
117000028,2120,1399,721
117000030,291,281,10
117000031,296,207,89
117000032,1074,847,227
117000033,982,502,480
117000034,257,186,71
117000035,283,215,68
117000036,316,218,98
117000037,219,134,85
117000038,139,409,-270
117000039,329,160,169
117000040,223,553,-330
117000041,904,108,796
117000044,16,684,-668
117000045,494,75,419
117000046,310,554,-244
117000047,843,502,341
117000048,1398,652,746
117000049,97,414,-317
117000050,150,1052,-902
117000051,2162,105,2057
117000052,48,218,-170
117000053,601,43,558
117000054,1570,11,1559
117000055,7,1739,-1732
117000056,635,27,608
117000057,420,1697,-1277
117000060,392,755,-363
117000061,1270,666,604
117000062,204,481,-277
117000063,1436,762,674
117000064,452,513,-61
117000066,636,593,43
117000067,143,531,-388
117000074,69,137,-68
117000076,66,43,23
117000077,122,145,-23
117000078,132,515,-383
117000079,300,204,96
117000080,0,233,-233
117000081,858,78,780
117000082,18,69,-51
117000083,101,4,97
117000084,157,1,156
117000085,196,653,-457
117000086,631,351,280
117000087,79,397,-318
117000088,263,134,129
117000089,1429,229,1200
117000090,230,780,-550
117000091,783,224,559
117000092,322,802,-480
117000093,1096,632,464
117000094,939,1738,-799
117000095,3049,645,2404
117000096,500,1456,-956
117000097,1354,882,472
117000098,1767,2639,-872
117000099,3073,968,2105
117000100,180,259,-79
117000101,148,582,-434
117000102,1574,542,1032
117000103,525,983,-458
117000104,1055,536,519
117000105,665,983,-318
117000106,1056,567,489
117000107,441,985,-544
117000108,1469,742,727
117000109,1087,1467,-380
117000110,1383,904,479
117000111,2693,2973,-280
117000112,2752,1212,1540
117000113,91,130,-39
117000114,168,104,64
117000115,80,63,17
117000116,125,160,-35
117000117,1195,804,391
117000118,218,117,101
117000119,177,190,-13
117000120,129,451,-322
117000121,60,794,-734
117000122,283,687,-404
117000123,968,36,932
117000124,364,49,315
117000125,184,123,61
117000126,39,12,27
117000127,108,179,-71
117000128,330,461,-131
117000129,296,632,-336
117000130,103,8,95
117000131,0,76,-76
117000132,2264,20,2244
117000133,1345,14,1331
117000134,1,64,-63
117000135,4,58,-54
117000136,1,24,-23
117000137,93,95,-2
117000138,8,485,-477
117000140,350,905,-555
117000141,1398,440,958
117000181,343,115,228
117000182,392,367,25
117000195,120,577,-457
117000196,248,140,108
117000225,92,28,64
117000226,8,96,-88
117000276,260,13,247
117000277,1,224,-223
117000310,1211,1629,-418
117000315,26,481,-455
117000320,58,1,57
117000906,378,13,365
117000907,11,198,-187
117000909,60,40,20
117000910,191,149,42
117000911,106,141,-35
117000915,3,325,-322
117000916,34,4,30
117000917,1147,30,1117
117000918,63,43,20
117000919,10,65,-55
117000920,1,679,-678
117000921,0,680,-680
117000922,20,68,-48
117000924,397,723,-326
117000926,497,93,404
117000927,900,791,109
117000928,0,78,-78
117000929,208,178,30
117000930,202,13,189
117000931,211,146,65
117900002,57,318,-261
117900003,365,270,95
117900005,5,68,-63
117900006,0,23,-23
117900007,111,48,63
117900008,0,10,-10
117900010,158,68,90
117900011,9,121,-112
117900012,54,55,-1
117900013,0,103,-103
117900014,384,107,277
117900015,17,53,-36
117900016,639,635,4
117900017,391,239,152
117900018,140,126,14
117900019,345,191,154
117900020,39,387,-348
117900021,23,45,-22
117900022,11,3,8
117900023,667,65,602
117900024,60,46,14
117900025,44,10,34
117900026,309,142,167
117900028,30,2,28
117900029,196,289,-93
117900030,399,195,204
117900031,109,74,35
117900032,663,426,237
117900033,178,326,-148
117900034,43,37,6
117900035,127,49,78
117900036,165,214,-49
117900037,112,59,53
117900038,22,168,-146
117900039,2,51,-49
117900040,92,199,-107
117900041,4,23,-19
117900042,2133,206,1927
117900043,19,23,-4
117900044,2,2206,-2204
117900045,164,109,55
117900048,319,162,157
117900049,179,269,-90
117900050,11,75,-64
117900051,14,3,11
117900052,21,225,-204
117900053,1407,415,992
117900054,0,31,-31
117900055,176,98,78
117900056,125,47,78
117900057,930,925,5
117900058,51,34,17
117900059,208,73,135
117900060,2059,3216,-1157
117900061,14,141,-127
117900063,301,114,187
117900065,435,821,-386
117900066,2,59,-57
117900067,417,92,325
117900069,532,186,346
117900070,136,43,93
117900071,102,89,13
117900073,410,162,248
117900074,58,49,9
117900075,68,88,-20
117900076,20,40,-20
117900077,378,69,309
117900078,284,725,-441
117900080,107,34,73
117900081,370,275,95
117900082,308,346,-38
117900083,334,239,95
117900086,100,18,82
117900087,119,33,86
117900088,2319,1317,1002
117900089,1632,634,998
117900090,357,305,52
117900091,127,96,31
117900092,65,16,49
117900093,82,23,59
117900094,23,13,10
117900095,299,269,30
117900096,66,156,-90
117900097,129,30,99
117900098,27,5,22
117900099,124,138,-14
117900100,188,1,187
117900101,304,1266,-962
117900102,78,38,40
117900103,64,3,61
117900104,25,92,-67
117900105,112,139,-27
117900106,88,32,56
117900107,38,0,38
117900109,526,270,256
117900110,82,0,82
117900111,298,20,278
117900112,40,9,31
117900113,1407,1153,254
117900114,20,0,20
117900115,154,49,105
117900116,551,505,46
117900117,506,170,336
117900118,73,1,72
117900119,165,110,55
117900120,141,43,98
117900121,46,13,33
117900122,992,2723,-1731
117900123,497,245,252
117900124,522,546,-24
117900125,1409,1708,-299
117900126,177,320,-143
117900127,387,245,142
117900128,285,296,-11
117900129,48,0,48
117900130,534,270,264
117900131,1,107,-106
117900132,9,61,-52
117900133,7,64,-57
117900134,38,131,-93
117900135,20,108,-88
117900136,0,24,-24
117900137,26,143,-117
117900138,0,31,-31
117900139,124,66,58
117900140,2094,138,1956
117900141,139,165,-26
117900142,56,51,5
117900144,42,121,-79
117900145,17,50,-33
117900146,197,113,84
117900147,57,32,25
117900148,1456,1283,173
117900149,120,152,-32
117900150,31,21,10
117900151,21,65,-44
117900152,72,29,43
117900153,8,94,-86
117900154,321,414,-93
117900156,659,481,178
117900157,85,392,-307
117900158,186,87,99
117900160,508,556,-48
117900161,1839,1353,486
117900162,346,284,62
117900163,44,116,-72
117900165,0,16,-16
117900166,74,418,-344
117900168,26,77,-51
117900169,4,61,-57
117900170,0,16,-16
117900171,4,24,-20
117900172,14,21,-7
117900173,96,54,42
117900174,14,39,-25
117900175,7,12,-5
117900176,14,30,-16
117900177,14,30,-16
117900178,82,19,63
117900180,161,25,136
117900181,69,255,-186
117900182,7,23,-16
117900183,44,114,-70
117900184,6,35,-29
117900185,24,28,-4
117900186,51,31,20
117900187,16,10,6
117900188,103,53,50
117900189,52,28,24
117900190,25,1,24
117900191,99,0,99
117900192,168,3,165
117900193,9,41,-32
117900194,6,6,0
117900195,7,40,-33
117900196,19,28,-9
117900207,124,116,8
117900208,25,22,3
117900209,159,110,49
117900210,84,123,-39
117900211,4,130,-126
117900212,79,86,-7
117900213,27,12,15
117900214,5,50,-45
117900215,10,21,-11
117900216,42,20,22
117900217,54,286,-232
117900218,127,92,35
117900219,5,130,-125
117900220,59,79,-20
117900222,149,160,-11
117900223,118,258,-140
118000001,672,884,-212
118000002,618,1196,-578
118000003,1728,2693,-965
118000004,1644,1716,-72
118000005,3473,4360,-887
118000006,3291,6453,-3162
118000007,3579,3440,139
118000008,2348,3164,-816
118000009,1173,1784,-611
118000010,3018,2966,52
118000011,1121,1204,-83
118000012,687,1210,-523
118000013,1498,1573,-75
118000014,1394,1468,-74
118000016,197,202,-5
118000017,345,362,-17
118000018,305,233,72
118000019,1696,1339,357
118000020,976,2462,-1486
118000021,611,2455,-1844
118000022,1265,586,679
118000023,675,276,399
118000024,1003,940,63
118000027,9168,9326,-158
118000029,684,626,58
118000032,747,2803,-2056
118000033,1973,4567,-2594
118000034,3354,2335,1019
118000035,1379,2222,-843
118000036,695,910,-215
118000037,649,645,4
118000038,187,69,118
118000039,62,90,-28
118000040,1167,923,244
118000041,2029,884,1145
118000045,310,123,187
118000046,955,502,453
118000047,662,868,-206
118000048,1631,1776,-145
118000051,1013,984,29
118000052,510,344,166
118000053,208,390,-182
118000054,792,1098,-306
118000055,789,1245,-456
118000056,104,260,-156
118000057,141,288,-147
118000058,1273,1246,27
118000059,952,983,-31
118000060,797,431,366
118000061,921,966,-45
118000062,349,183,166
118000063,256,521,-265
118000064,712,925,-213
118000065,2362,1242,1120
118000066,675,1319,-644
118000067,547,660,-113
118000068,1146,3628,-2482
118000069,1851,736,1115
118000070,3432,1410,2022
118000071,2284,5414,-3130
118000072,898,1164,-266
118000073,837,586,251
118000074,390,552,-162
118000075,431,177,254
118000076,1075,2624,-1549
118000077,1093,1035,58
118000078,1394,1660,-266
118000079,144,319,-175
118000080,711,727,-16
118000081,1522,1135,387
118000082,263,935,-672
118000083,1286,1153,133
118000084,2244,1265,979
118000086,208,353,-145
118000087,3458,2160,1298
118000088,1351,1274,77
118000089,2403,1690,713
118000090,1075,2100,-1025
118000091,830,1832,-1002
118000092,714,469,245
118000093,107,522,-415
118000096,400,460,-60
118000097,683,524,159
118000098,245,133,112
118000099,534,427,107
118000101,962,266,696
118000102,349,695,-346
118000107,965,333,632
118000108,468,1638,-1170
118000110,1,9,-8
118000111,1,170,-169
118000112,384,3,381
118000113,1,345,-344
118000114,328,8,320
118000115,11,8,3
118000116,20,0,20
118000117,797,517,280
118000118,811,968,-157
118000119,692,1003,-311
118000120,1264,990,274
118000121,111,596,-485
118000122,1137,297,840
118000123,34,256,-222
118000125,1293,598,695
118000126,543,1104,-561
118000127,1302,544,758
118000128,467,914,-447
118000129,918,550,368
118000130,1618,2247,-629
118000131,447,744,-297
118000132,2581,1819,762
118000133,879,527,352
118000135,476,381,95
118000136,123,338,-215
118000137,510,100,410
118000138,283,372,-89
118000139,466,74,392
118000140,1931,3695,-1764
118000141,1861,1421,440
118000142,1545,1183,362
118000143,1725,843,882
118000144,670,533,137
118000145,1167,1053,114
118000146,896,501,395
118000147,764,886,-122
118000148,367,866,-499
118000149,711,606,105
118000150,354,214,140
118000151,361,314,47
118000153,1177,744,433
118000154,1232,922,310
118000155,1174,899,275
118000156,1426,1735,-309
118000157,458,278,180
118000158,204,308,-104
118000159,30,96,-66
118000160,434,192,242
118000161,393,418,-25
118000162,1082,804,278
118000163,733,625,108
118000164,1459,892,567
118000168,456,410,46
118000169,787,822,-35
118000170,2288,2702,-414
118000171,245,435,-190
118000172,110,186,-76
118000173,683,1027,-344
118000175,220,258,-38
118000176,213,341,-128
118000177,199,447,-248
118000178,32,29,3
118000179,815,835,-20
118000180,609,484,125
118000181,502,202,300
118000182,243,177,66
118000183,186,217,-31
118000184,803,464,339
118000185,678,839,-161
118000186,505,668,-163
118000187,940,417,523
118000188,547,109,438
118000189,455,320,135
118000190,4,6,-2
118000191,27,12,15
118000192,185,616,-431
118000193,164,440,-276
118000194,1066,706,360
118000195,419,992,-573
118000196,223,163,60
118000197,82,158,-76
118000198,316,505,-189
118000199,301,306,-5
118000200,65,203,-138
118000201,318,418,-100
118000202,59,45,14
118000203,499,488,11
118000204,85,404,-319
118000205,138,210,-72
118000206,160,153,7
118000207,0,32,-32
118000208,1227,1132,95
118000209,1473,988,485
118000210,72,34,38
118000211,31,33,-2
118000213,442,1171,-729
118000214,372,429,-57
118000215,284,118,166
118000216,1496,1098,398
118000217,29,37,-8
118000218,59,55,4
118000219,274,124,150
118000220,3,48,-45
118000221,188,212,-24
118000222,49,7,42
118000223,56,28,28
118000224,124,57,67
118000225,131,383,-252
118000226,759,122,637
118000227,522,319,203
118000228,64,163,-99
118000229,64,84,-20
118000230,76,113,-37
118000231,80,145,-65
118000232,638,383,255
118000233,843,531,312
118000234,341,92,249
118000236,221,196,25
118000237,80,193,-113
118000238,249,87,162
118000239,228,194,34
118000240,217,122,95
118000241,150,90,60
118000242,222,298,-76
118000243,207,126,81
118000244,44,77,-33
118000246,0,14,-14
118000255,69,214,-145
118000256,177,188,-11
118000259,6,41,-35
118000260,133,48,85
118000261,21,24,-3
118000263,67,81,-14
118000266,87,95,-8
118000267,0,82,-82
118000268,273,1,272
118000270,93,12,81
118000271,178,171,7
118000272,70,19,51
118000273,100,53,47
118000274,87,156,-69
118000276,424,245,179
118000295,9,92,-83
118000298,67,159,-92
118000299,42,89,-47
118000301,0,47,-47
118000302,76,25,51
118000311,425,56,369
118000312,232,99,133
118000313,32,56,-24
118000314,67,30,37
118000315,19,34,-15
118000316,526,304,222
118000325,52,27,25
118000326,27,19,8
118000331,25,36,-11
118000332,12,25,-13
118000333,23,37,-14
118000335,310,1,309
118000336,1,131,-130
118000407,155,32,123
118000457,3,38,-35
118000465,1956,2595,-639
118000480,27,35,-8
118000489,46,362,-316
118000490,38,227,-189
118000492,299,134,165
118000510,28,14,14
118000514,173,148,25
118000515,480,451,29
118000517,260,114,146
118000524,183,238,-55
118000525,521,584,-63
118000530,7,80,-73
118000531,254,238,16
118000532,200,196,4
118000533,237,104,133
118000534,356,300,56
118000535,246,94,152
118000536,334,1074,-740
118000537,6,100,-94
118000538,17,42,-25
118000539,6,59,-53
118000540,226,58,168
118000541,118,43,75
118000542,87,109,-22
118000543,125,120,5
118000546,22,20,2
118000553,0,1,-1
118000557,0,0,0
118000560,1235,1663,-428
118000562,16,78,-62
118000563,1091,870,221
118000576,158,117,41
118000577,174,119,55
118000578,158,83,75
118000579,369,832,-463
118000583,0,0,0
118000595,187,52,135
118000596,0,58,-58
118000597,121,80,41
118000598,13,1,12
118000599,75,62,13
118000600,6,8,-2
118000601,3,0,3
118000602,4,4,0
118000603,0,13,-13
118000605,59,172,-113
118900001,359,852,-493
118900002,478,604,-126
118900003,282,7,275
118900004,44,44,0
118900005,63,2,61
118900006,118,9,109
118900007,4,0,4
118900008,994,21,973
118900009,65,29,36
118900010,60,2,58
118900011,131,29,102
118900012,301,109,192
118900013,384,108,276
118900015,143,28,115
118900016,2,4,-2
118900017,196,241,-45
118900018,628,19,609
118900019,24,18,6
118900020,160,92,68
118900021,119,230,-111
118900022,92,80,12
118900023,114,74,40
118900024,97,101,-4
118900025,52,16,36
118900026,63,46,17
118900027,276,130,146
118900028,162,97,65
118900029,202,327,-125
118900030,341,42,299
118900031,103,73,30
118900032,159,86,73
118900033,306,356,-50
118900034,137,12,125
118900035,98,107,-9
118900036,905,469,436
118900037,263,217,46
118900038,315,90,225
118900039,392,103,289
118900040,165,103,62
118900041,395,127,268
118900042,126,75,51
118900045,205,118,87
118900046,684,287,397
118900047,390,204,186
118900048,114,158,-44
118900049,34,39,-5
118900050,18,34,-16
118900051,64,104,-40
118900052,181,208,-27
118900053,21,87,-66
118900054,104,28,76
118900055,50,42,8
118900056,57,304,-247
118900057,540,354,186
118900058,337,253,84
118900059,14,61,-47
118900060,41,112,-71
118900062,297,111,186
118900064,384,460,-76
118900065,34,85,-51
118900066,64,65,-1
118900067,2906,2717,189
118900068,9,183,-174
118900069,288,140,148
118900071,4,58,-54
118900072,365,244,121
118900073,118,47,71
118900074,121,82,39
118900075,48,23,25
118900076,160,75,85
118900077,131,115,16
118900078,23,3,20
118900079,46,113,-67
118900080,19,68,-49
118900081,49,16,33
118900082,603,120,483
118900083,23,4,19
118900084,15,16,-1
118900085,443,544,-101
118900086,25,74,-49
118900087,22,125,-103
118900088,0,2,-2
118900089,26,24,2
118900090,399,216,183
118900091,113,112,1
118900092,98,38,60
118900093,133,29,104
118900096,57,67,-10
118900097,182,204,-22
118900099,47,91,-44
118900100,102,161,-59
118900101,50,175,-125
118900102,11,60,-49
118900103,28,63,-35
118900104,172,77,95
118900105,116,49,67
118900107,74,29,45
118900108,72,57,15
118900110,921,694,227
118900111,351,297,54
118900112,51,153,-102
118900113,90,276,-186
118900114,9,66,-57
118900115,51,269,-218
118900116,68,134,-66
118900117,94,142,-48
118900118,184,209,-25
118900119,150,140,10
118900120,67,214,-147
118900121,11,83,-72
118900122,6,606,-600
118900123,99,117,-18
118900124,86,103,-17
118900126,31,239,-208
118900129,193,163,30
118900130,50,213,-163
118900131,150,150,0
118900132,183,157,26
118900133,13,89,-76
118900135,139,143,-4
118900136,153,314,-161
118900137,1,45,-44
118900139,185,187,-2
118900140,318,326,-8
118900141,70,72,-2
118900144,169,232,-63
118900145,13,49,-36
118900146,263,416,-153
118900147,87,126,-39
118900148,64,35,29
118900150,119,468,-349
118900152,375,452,-77
118900157,47,103,-56
118900158,81,58,23
118900159,2,90,-88
118900161,53,20,33
118900163,80,46,34
118900164,1,61,-60
118900165,49,84,-35
118900166,13,2,11
118900167,70,62,8
118900168,8,87,-79
118900169,93,107,-14
118900170,114,69,45
118900171,31,26,5
118900174,40,20,20
118900175,331,318,13
118900176,127,177,-50
118900177,46,32,14
118900178,63,83,-20
118900179,5,13,-8
118900181,64,44,20
118900182,39,29,10
118900183,29,94,-65
118900184,198,42,156
118900185,73,73,0
118900186,69,79,-10
118900187,194,175,19
118900188,208,185,23
118900189,26,539,-513
118900190,10,177,-167
118900191,126,27,99
118900192,189,7,182
118900193,438,2,436
118900195,168,376,-208
118900196,26,84,-58
118900197,82,28,54
118900198,30,7,23
118900199,44,25,19
118900200,17,11,6
118900201,15,18,-3
118900202,9,29,-20
118900203,3,14,-11
118900204,5,13,-8
118900205,3,4,-1
118900206,0,10,-10
119000001,1008,1483,-475
119000002,2557,2702,-145
119000003,1877,640,1237
119000004,1628,997,631
119000005,1355,1382,-27
119000006,2465,1160,1305
119000007,2624,2328,296
119000008,1601,1354,247
119000009,2557,3781,-1224
119000010,4260,3382,878
119000011,2921,2449,472
119000012,2401,2723,-322
119000013,2468,1637,831
119000014,1263,2018,-755
119000019,243,96,147
119000020,1584,1066,518
119000021,3556,1974,1582
119000022,1277,1589,-312
119000023,309,205,104
119000024,1506,9278,-7772
119000025,4094,1014,3080
119000026,198,462,-264
119000027,229,310,-81
119000028,1309,604,705
119000029,78,211,-133
119000030,487,727,-240
119000031,689,483,206
119000032,1218,1661,-443
119000033,1901,945,956
119000034,893,673,220
119000035,24,195,-171
119000036,1718,479,1239
119000037,1098,885,213
119000038,151,515,-364
119000039,362,211,151
119000040,616,536,80
119000041,576,1087,-511
119000048,2308,1757,551
119000049,1525,1324,201
119000050,1176,1320,-144
119000051,1496,809,687
119000052,1279,1879,-600
119000053,1625,962,663
119000054,2661,1968,693
119000055,3791,1988,1803
119000056,2350,1343,1007
119000057,1306,1160,146
119000058,1462,1123,339
119000059,985,1049,-64
119000060,1224,790,434
119000061,835,511,324
119000062,950,913,37
119000063,477,371,106
119000064,627,663,-36
119000065,1274,2051,-777
119000066,1638,993,645
119000067,1575,1528,47
119000068,1537,784,753
119000069,1230,1444,-214
119000070,2137,666,1471
119000071,380,514,-134
119000072,3247,1948,1299
119000073,3177,5344,-2167
119000074,1035,1300,-265
119000075,1886,1506,380
119000076,262,774,-512
119000077,482,365,117
119000078,323,193,130
119000079,113,496,-383
119000080,436,166,270
119000081,264,308,-44
119000082,570,200,370
119000083,451,340,111
119000084,250,342,-92
119000085,451,170,281
119000086,229,386,-157
119000087,1213,550,663
119000088,351,215,136
119000089,71,160,-89
119000090,103,94,9
119000091,159,291,-132
119000092,306,147,159
119000093,2751,1824,927
119000094,2716,3610,-894
119000095,1393,2080,-687
119000097,1635,884,751
119000098,831,2130,-1299
119000099,1730,1073,657
119000100,3195,2322,873
119000101,2486,1622,864
119000102,491,1199,-708
119000103,918,578,340
119000104,1545,785,760
119000105,778,1595,-817
119000106,307,702,-395
119000107,822,356,466
119000108,264,504,-240
119000109,48,385,-337
119000110,320,256,64
119000111,14,479,-465
119000112,129,58,71
119000113,1264,180,1084
119000114,764,649,115
119000115,97,93,4
119000116,68,61,7
119000117,74,269,-195
119000118,5,2,3
119000123,1963,1645,318
119000124,505,167,338
119000125,3071,473,2598
119000126,1101,504,597
119000127,533,283,250
119000128,13,4,9
119000131,840,340,500
119000132,1,1,0
119000133,4,5,-1
119000134,1380,517,863
119000135,118,171,-53
119000136,199,141,58
119000137,216,201,15
119000138,361,156,205
119000139,223,132,91
119000140,243,280,-37
119000284,946,1818,-872
119000285,1504,1439,65
119000286,4612,3696,916
119000287,913,1294,-381
119000288,1373,860,513
119000289,1219,1669,-450
119000290,149,278,-129
119000291,14,176,-162
119000293,143,142,1
119000294,55,27,28
119000295,884,207,677
119000296,247,121,126
119000302,1514,917,597
119000303,34,115,-81
119000304,0,0,0
119000310,0,0,0
119000314,1219,8502,-7283
119000315,2,216,-214
119000316,124,85,39
119000317,99,165,-66
119900001,192,867,-675
119900002,110,151,-41
119900003,30,609,-579
119900004,233,947,-714
119900005,130,67,63
119900006,132,271,-139
119900007,939,203,736
119900008,15,37,-22
119900009,468,472,-4
119900010,501,707,-206
119900011,19,85,-66
119900012,13,54,-41
119900013,1613,926,687
119900014,296,104,192
119900015,83,17,66
119900016,31,44,-13
119900017,45,22,23
119900018,1154,670,484
119900019,24,9,15
119900020,201,203,-2
119900021,119,34,85
119900022,70,512,-442
119900023,317,1307,-990
119900025,179,20,159
119900026,496,125,371
119900027,22,19,3
119900028,163,114,49
119900029,3,8,-5
119900030,378,318,60
119900031,38,344,-306
119900033,1188,246,942
119900034,290,90,200
119900037,132,16,116
119900038,32,252,-220
119900039,34,10,24
119900040,68,18,50
119900041,54,12,42
119900042,82,98,-16
119900043,64,79,-15
119900044,164,682,-518
119900046,139,33,106
119900047,218,73,145
119900048,92,18,74
119900049,99,14,85
119900050,63,67,-4
119900051,836,17,819
119900052,68,17,51
119900053,188,104,84
119900054,112,3,109
119900055,1011,347,664
119900057,224,38,186
119900058,197,1,196
119900059,92,31,61
119900060,205,18,187
119900061,241,7,234
119900062,62,5,57
119900063,22,29,-7
119900065,213,8,205
119900066,0,0,0
119900067,87,14,73
119900068,411,4,407
119900069,132,7,125
119900070,733,11,722
119900071,521,11,510
119900073,1116,423,693
119900074,25,17,8
119900075,2615,1690,925
119900076,560,178,382
119900077,691,538,153
119900078,559,679,-120
119900079,373,112,261
119900080,246,255,-9
119900081,316,31,285
119900082,1043,158,885
119900083,343,110,233
119900084,389,262,127
119900085,56,33,23
119900086,450,575,-125
119900087,247,259,-12
119900088,26,28,-2
119900089,20,287,-267
119900090,84,28,56
119900091,27,500,-473
119900092,29,259,-230
119900093,940,157,783
119900094,31,116,-85
119900095,149,83,66
119900096,24,90,-66
119900097,359,148,211
119900098,25,39,-14
119900099,30,102,-72
119900100,1192,2425,-1233
119900101,110,1067,-957
119900102,67,137,-70
119900103,35,170,-135
119900104,35,145,-110
119900105,503,1485,-982
119900106,12,89,-77
119900107,222,1450,-1228
119900108,2298,435,1863
119900109,21,93,-72
119900110,648,372,276
119900111,107,215,-108
119900112,849,431,418
119900113,50,186,-136
119900114,222,618,-396
119900115,274,660,-386
119900116,96,293,-197
119900117,271,399,-128
119900118,87,555,-468
119900119,147,134,13
119900120,467,295,172
119900121,284,538,-254
119900122,455,258,197
119900123,126,217,-91
119900124,169,492,-323
119900125,44,203,-159
119900126,2204,242,1962
119900127,1393,677,716
119900128,383,383,0
119900129,170,288,-118
119900130,34,153,-119
119900131,28,148,-120
119900132,7,147,-140
119900133,28,49,-21
119900134,951,116,835
119900135,0,215,-215
119900136,132,207,-75
119900138,241,344,-103
119900139,7,60,-53
119900140,4,114,-110
119900141,75,539,-464
119900142,2,25,-23
119900143,23,177,-154
119900144,1008,184,824
119900145,88,81,7
119900146,93,127,-34
119900147,3,91,-88
119900148,197,46,151
119900149,577,2943,-2366
119900150,120,98,22
119900151,1062,557,505
119900152,74,117,-43
119900153,114,33,81
119900154,13,252,-239
119900155,26,33,-7
119900156,20,6,14
119900157,110,114,-4
119900158,154,30,124
119900159,0,819,-819
119900160,40,65,-25
119900161,133,124,9
119900162,682,775,-93
119900163,124,128,-4
119900164,0,3,-3
119900165,128,104,24
119900166,76,29,47
119900167,82,52,30
119900168,768,311,457
119900169,59,178,-119
119900170,188,257,-69
119900171,751,302,449
119900172,78,11,67
119900173,6,209,-203
119900174,8,82,-74
119900175,1010,416,594
119900177,15,162,-147
119900178,1,76,-75
119900179,93,358,-265
119900180,820,705,115
119900181,52,88,-36
119900182,4,200,-196
119900183,116,520,-404
119900184,1169,363,806
119900185,60,166,-106
119900186,24,772,-748
119900187,8,228,-220
119900188,63,194,-131
119900189,334,295,39
119900190,57,197,-140
119900191,212,214,-2
119900192,21,86,-65
119900193,304,110,194
119900194,24,78,-54
119900195,42,112,-70
119900196,635,257,378
119900197,207,131,76
119900198,89,137,-48
119900199,117,6,111
119900200,614,491,123
119900201,262,123,139
119900202,59,181,-122
119900203,142,387,-245
119900204,237,157,80
119900205,663,310,353
119900206,182,100,82
119900208,108,107,1
119900209,364,958,-594
119900210,28,22,6
119900211,75,3,72
119900212,216,174,42
119900213,6,58,-52
119900214,21,65,-44
119900215,63,50,13
119900216,15,56,-41
119900217,10,48,-38
119900218,4,49,-45
119900219,14,64,-50
119900220,3,59,-56
119900221,24,149,-125
119900222,17,132,-115
119900223,11,47,-36
119900224,11,15,-4
119900225,588,22,566
119900226,386,1445,-1059
119900227,780,187,593
119900228,20,129,-109
119900229,231,260,-29
119900230,906,287,619
119900231,198,121,77
119900232,167,108,59
119900233,33,10,23
119900234,6,35,-29
119900235,15,35,-20
119900236,17,121,-104
119900237,33,254,-221
119900238,10,66,-56
119900240,63,97,-34
119900241,140,159,-19
119900242,912,936,-24
119900244,441,757,-316
119900245,93,130,-37
119900246,276,450,-174
119900247,27,118,-91
119900248,63,178,-115
119900249,190,78,112
119900253,1377,295,1082
119900254,85,617,-532
119900255,60,545,-485
119900256,440,468,-28
119900257,85,3,82
119900258,118,13,105
119900259,13,75,-62
119900260,126,4,122
119900261,201,88,113
119900262,1,119,-118
119900263,905,262,643
119900264,91,85,6
119900265,286,206,80
119900266,285,142,143
119900267,262,363,-101
119900268,123,89,34
119900269,770,519,251
119900271,22,58,-36
119900272,195,206,-11
119900275,108,40,68
119900276,46,3,43
119900277,13,3,10
119900278,129,79,50
119900279,77,160,-83
119900280,473,121,352
119900281,0,183,-183
119900282,34,87,-53
119900283,15,142,-127
119900284,39,102,-63
119900285,27,92,-65
119900286,0,13,-13
119900288,8,10,-2
119900289,1,32,-31
119900290,7,15,-8
119900291,0,69,-69
119900292,49,71,-22
119900293,13,44,-31
119900294,19,38,-19
119900295,30,17,13
119900296,39,128,-89
119900297,1,16,-15
119900298,6,4,2
119900299,45,110,-65
119900300,146,75,71
119900301,12,28,-16
119900302,23,28,-5
119900303,129,117,12
119900304,125,6,119
119900305,6,61,-55
119900306,15,3,12
119900307,29,42,-13
119900308,3,16,-13
119900309,18,89,-71
119900310,170,161,9
119900311,85,78,7
119900312,68,44,24
119900313,181,153,28
119900314,159,297,-138
119900315,1539,1146,393
119900318,6,26,-20
119900319,32,149,-117
119900320,116,254,-138
119900321,63,2,61
120000001,4769,12887,-8118
120000002,2225,1915,310
120000003,2457,1324,1133
120000004,2254,1480,774
120000005,3032,1692,1340
120000006,1120,958,162
120000007,2824,2544,280
120000008,889,910,-21
120000009,1661,857,804
120000010,1533,1793,-260
120000011,862,1178,-316
120000012,1264,1743,-479
120000013,2691,2018,673
120000014,586,1021,-435
120000015,1875,1221,654
120000016,3209,1846,1363
120000017,2410,1916,494
120000018,2923,9184,-6261
120000019,914,1137,-223
120000020,2476,2515,-39
120000021,1662,1943,-281
120000022,2306,3423,-1117
120000023,1073,1345,-272
120000024,1217,2053,-836
120000025,2379,1570,809
120000026,1835,1473,362
120000027,2024,1921,103
120000028,663,1964,-1301
120000029,1964,969,995
120000030,196,757,-561
120000031,1494,4113,-2619
120000032,5527,2951,2576
120000033,3728,1247,2481
120000034,1855,1149,706
120000035,1663,1271,392
120000036,2332,3667,-1335
120000037,587,1364,-777
120000038,3829,2573,1256
120000039,561,684,-123
120000040,55,353,-298
120000041,1512,1112,400
120000042,1520,1514,6
120000043,4039,1229,2810
120000044,4748,1185,3563
120000045,5373,825,4548
120000046,2935,2173,762
120000047,635,4063,-3428
120000048,5360,3361,1999
120000049,3098,2459,639
120000050,2815,2867,-52
120000051,2103,3066,-963
120000052,5629,1819,3810
120000053,1171,1535,-364
120000054,1203,2476,-1273
120000055,1461,3158,-1697
120000056,3780,2726,1054
120000057,2592,1065,1527
120000058,3642,1530,2112
120000059,9,1509,-1500
120000061,86,485,-399
120000062,160,297,-137
120000063,1142,1732,-590
120000064,223,719,-496
120000065,421,959,-538
120000066,172,388,-216
120000067,44,385,-341
120000068,154,500,-346
120000069,456,586,-130
120000070,74,470,-396
120000071,522,124,398
120000072,743,395,348
120000073,789,99,690
120000074,191,94,97
120000075,858,247,611
120000076,1726,420,1306
120000077,1653,547,1106
120000078,2889,1087,1802
120000079,403,277,126
120000080,204,265,-61
120000081,384,154,230
120000082,305,251,54
120000083,103,627,-524
120000084,303,178,125
120000085,266,204,62
120000086,208,317,-109
120000087,226,339,-113
120000088,669,703,-34
120000089,984,445,539
120000090,671,384,287
120000091,727,784,-57
120000092,958,463,495
120000093,395,369,26
120000094,152,574,-422
120000095,818,308,510
120000096,211,482,-271
120000098,740,589,151
120000099,330,577,-247
120000100,684,701,-17
120000101,467,339,128
120000102,440,847,-407
120000103,1321,749,572
120000104,1684,380,1304
120000105,2572,562,2010
120000106,2050,546,1504
120000107,3350,485,2865
120000108,1208,114,1094
120000109,1051,85,966
120000110,55,630,-575
120000111,115,697,-582
120000112,658,1535,-877
120000113,483,1301,-818
120000114,827,1545,-718
120000115,301,1306,-1005
120000116,546,1235,-689
120000117,711,883,-172
120000118,46,33,13
120000119,25,52,-27
120000120,60,93,-33
120000121,32,51,-19
120000122,214,301,-87
120000123,2546,4828,-2282
120000124,392,282,110
120000125,386,411,-25
120000126,303,893,-590
120000127,1659,837,822
120000128,2055,3253,-1198
120000129,185,199,-14
120000130,748,402,346
120000131,283,553,-270
120000134,273,566,-293
120000135,457,438,19
120000137,214,651,-437
120000138,859,305,554
120000139,233,361,-128
120000140,812,327,485
120000141,211,312,-101
120000142,492,401,91
120000143,0,60,-60
120000144,87,3,84
120000145,362,2,360
120000146,887,692,195
120000149,568,775,-207
120000150,2016,8698,-6682
120000151,408,309,99
120000152,379,120,259
120000153,199,367,-168
120000154,460,350,110
120000155,109,198,-89
120000156,590,933,-343
120000157,795,464,331
120000158,693,646,47
120000159,1457,1785,-328
120000160,2008,1223,785
120000161,1812,1642,170
120000162,67,213,-146
120000163,624,756,-132
120000164,503,247,256
120000165,485,550,-65
120000166,1371,370,1001
120000167,124,93,31
120000168,7,296,-289
120000169,35,1070,-1035
120000170,32,855,-823
120000171,12,287,-275
120000172,42,271,-229
120000173,1955,1372,583
120000174,162,23,139
120000175,150,34,116
120000176,165,34,131
120000177,772,92,680
120000178,22,11,11
120000179,71,26,45
120000180,150,49,101
120000181,32,625,-593
120000182,29,351,-322
120000183,4,196,-192
120000184,121,765,-644
120000186,35,629,-594
120000187,35,371,-336
120000188,53,534,-481
120000190,443,47,396
120000191,369,55,314
120000192,420,27,393
120000193,102,3,99
120000195,27,2,25
120000196,113,32,81
120000197,53,71,-18
120000198,104,68,36
120000199,137,0,137
120000200,113,0,113
120000201,20,21,-1
120000202,4,41,-37
120000203,45,124,-79
120000207,0,49,-49
120000208,10,114,-104
120000209,11,38,-27
120000210,50,38,12
120000211,147,7,140
120000212,194,0,194
120000213,161,154,7
120000214,0,145,-145
120000215,1,65,-64
120000216,67,20,47
120000217,443,897,-454
120000218,123,477,-354
120000219,0,275,-275
120000220,6,825,-819
120000225,1437,5,1432
120000226,349,11,338
120000227,664,48,616
120000228,7187,2633,4554
120000230,308,10,298
120000231,1112,1316,-204
120000233,359,1,358
120000235,216,452,-236
120000236,828,3,825
120000237,2,740,-738
120000238,4,668,-664
120000241,947,2859,-1912
120000412,532,14,518
120000413,210,138,72
120000414,122,5,117
120000415,3,71,-68
120000416,93,4,89
120000417,8,65,-57
120000418,137,6,131
120000419,11,145,-134
120000420,47,10,37
120000421,6524,4379,2145
120000422,104,1316,-1212
120000423,1,58,-57
120000424,98,99,-1
120000436,121,596,-475
120000437,99,106,-7
120000438,1442,167,1275
120000439,167,470,-303
120000443,218,0,218
120000444,1391,351,1040
120000445,1499,860,639
120000446,525,135,390
120000447,207,0,207
120000449,171,3,168
120000450,11,128,-117
120000451,104,122,-18
120000452,204,1,203
120000453,0,142,-142
120000454,86,53,33
120000455,62,22,40
120000456,1719,2817,-1098
120000457,680,364,316
120000458,381,482,-101
120000459,64,46,18
120000665,324,217,107
120000668,68,757,-689
120000669,79,164,-85
120000670,159,965,-806
120000671,972,379,593
120000672,68,355,-287
120900001,62,133,-71
120900002,204,363,-159
120900003,120,16,104
120900004,10,58,-48
120900005,25,532,-507
120900006,294,168,126
120900007,143,39,104
120900008,249,679,-430
120900009,503,22,481
120900010,343,80,263
120900011,133,143,-10
120900012,164,923,-759
120900013,295,89,206
120900014,12,281,-269
120900015,554,62,492
120900016,782,51,731
120900017,1450,71,1379
120900018,121,218,-97
120900019,491,360,131
120900020,554,1088,-534
120900021,641,194,447
120900022,19,208,-189
120900023,247,24,223
120900024,1353,365,988
120900025,1192,915,277
120900026,142,116,26
120900027,768,9,759
120900028,352,109,243
120900029,101,431,-330
120900030,1126,623,503
120900031,211,88,123
120900032,1071,50,1021
120900033,895,56,839
120900034,32,2011,-1979
120900035,55,58,-3
120900037,140,10,130
120900038,53,261,-208
120900039,90,38,52
120900040,265,5,260
120900041,120,16,104
120900042,460,41,419
120900043,47,43,4
120900044,9,233,-224
120900045,88,44,44
120900046,403,6,397
120900047,132,101,31
120900048,95,35,60
120900049,471,0,471
120900050,1288,1093,195
120900051,306,108,198
120900052,512,4,508
120900053,269,26,243
120900054,1117,419,698
120900055,349,1,348
120900056,404,15,389
120900057,153,8,145
120900058,471,0,471
120900059,77,2,75
120900060,60,27,33
120900061,243,193,50
120900062,167,0,167
120900063,525,4,521
120900064,532,1,531
120900065,532,0,532
120900066,378,187,191
120900067,172,56,116
120900068,254,1,253
120900069,206,26,180
120900071,23,1,22
120900072,742,2,740
120900073,475,107,368
120900074,770,47,723
120900076,296,0,296
120900077,1712,187,1525
120900078,846,494,352
120900079,633,88,545
120900080,746,1011,-265
120900081,549,563,-14
120900082,410,312,98
120900083,103,1,102
120900084,253,355,-102
120900085,40,114,-74
120900086,55,282,-227
120900087,360,333,27
120900088,170,343,-173
120900089,1811,2214,-403
120900090,235,75,160
120900091,552,800,-248
120900092,972,341,631
120900093,1238,128,1110
120900094,311,126,185
120900095,177,19,158
120900096,49,143,-94
120900097,484,423,61
120900098,187,101,86
120900099,37,28,9
120900100,52,127,-75
120900101,447,163,284
120900102,24,100,-76
120900103,35,178,-143
120900104,20,40,-20
120900105,34,289,-255
120900106,905,345,560
120900107,222,113,109
120900108,10,383,-373
120900109,30,361,-331
120900110,6,518,-512
120900111,125,220,-95
120900112,18,492,-474
120900113,21,430,-409
120900114,22,99,-77
120900115,116,252,-136
120900116,348,219,129
120900117,0,265,-265
120900118,17,467,-450
120900119,4316,2921,1395
120900120,46,270,-224
120900121,60,304,-244
120900122,424,239,185
120900123,5,164,-159
120900124,0,400,-400
120900125,2,363,-361
120900126,1161,620,541
120900127,9,243,-234
120900128,980,1009,-29
120900129,40,149,-109
120900130,7,348,-341
120900131,78,35,43
120900132,888,123,765
120900133,73,520,-447
120900134,616,251,365
120900135,7,340,-333
120900136,66,75,-9
120900137,162,64,98
120900138,22,146,-124
120900139,0,414,-414
120900140,5,56,-51
120900141,103,140,-37
120900142,22,208,-186
120900143,2,481,-479
120900144,0,57,-57
120900145,66,600,-534
120900146,1,520,-519
120900147,3,297,-294
120900148,103,100,3
120900149,1,156,-155
120900150,36,348,-312
120900151,1,333,-332
120900152,3,36,-33
120900153,44,57,-13
120900154,0,128,-128
120900155,197,654,-457
120900156,41,230,-189
120900157,69,241,-172
120900158,70,423,-353
120900159,207,375,-168
120900160,18,485,-467
120900161,50,390,-340
120900162,97,420,-323
120900163,125,569,-444
120900164,7,51,-44
120900165,60,233,-173
120900166,53,484,-431
120900167,233,118,115
120900169,83,219,-136
120900170,703,2202,-1499
120900171,613,150,463
120900172,302,996,-694
120900173,0,39,-39
120900174,5,75,-70
120900175,241,99,142
120900176,8,271,-263
120900177,5,885,-880
120900178,0,388,-388
120900179,648,300,348
120900180,36,104,-68
120900181,75,52,23
120900182,27,367,-340
120900183,538,78,460
120900184,310,34,276
120900185,7,198,-191
120900186,0,263,-263
120900187,402,702,-300
120900188,170,6,164
120900189,81,1159,-1078
120900190,69,5,64
120900191,6,23,-17
120900192,5281,5968,-687
120900194,50,70,-20
120900195,73,137,-64
120900196,695,34,661
120900197,539,120,419
120900198,179,359,-180
120900199,284,371,-87
120900200,55,76,-21
120900201,300,108,192
120900202,2,77,-75
120900203,23,58,-35
120900204,116,145,-29
120900205,50,24,26
120900206,32,30,2
120900207,46,704,-658
121000001,532,900,-368
121000002,1809,1036,773
121000003,1898,1526,372
121000004,1942,2358,-416
121000005,1507,2246,-739
121000006,2549,1557,992
121000007,1880,2476,-596
121000008,3707,2921,786
121000009,3817,4640,-823
121000010,7078,4639,2439
121000011,6424,9257,-2833
121000012,12230,7667,4563
121000013,4234,5650,-1416
121000014,5077,4291,786
121000015,3241,6177,-2936
121000016,3825,2850,975
121000017,1647,2800,-1153
121000018,2278,1383,895
121000019,10618,8974,1644
121000020,10013,12460,-2447
121000021,1860,2025,-165
121000022,1835,2429,-594
121000023,2604,1950,654
121000024,3769,3935,-166
121000025,506,1027,-521
121000026,292,154,138
121000027,1301,1154,147
121000028,688,409,279
121000029,631,415,216
121000030,554,299,255
121000031,475,525,-50
121000032,159,101,58
121000034,257,179,78
121000035,112,96,16
121000036,728,695,33
121000037,456,448,8
121000038,412,786,-374
121000039,264,339,-75
121000041,439,373,66
121000042,268,264,4
121000043,553,469,84
121000044,1042,729,313
121000045,323,205,118
121000046,542,539,3
121000047,45,92,-47
121000049,1117,466,651
121000050,253,1044,-791
121000051,509,203,306
121000052,367,509,-142
121000053,273,76,197
121000054,38,312,-274
121000055,912,995,-83
121000056,768,944,-176
121000057,237,420,-183
121000058,289,207,82
121000059,1813,1085,728
121000060,537,875,-338
121000061,59,267,-208
121000062,169,384,-215
121000063,759,762,-3
121000064,588,582,6
121000065,285,453,-168
121000066,599,411,188
121000067,533,533,0
121000068,501,392,109
121000069,329,654,-325
121000070,1276,1036,240
121000071,1005,1132,-127
121000072,843,595,248
121000073,848,799,49
121000074,82,139,-57
121000075,33,256,-223
121000076,591,342,249
121000077,95,157,-62
121000078,109,135,-26
121000080,1533,461,1072
121000081,2216,2190,26
121000082,73,201,-128
121000083,183,116,67
121000084,166,100,66
121000085,239,367,-128
121000086,229,577,-348
121000087,40,260,-220
121000088,339,381,-42
121000089,313,364,-51
121000090,408,334,74
121000091,1273,924,349
121000092,147,61,86
121000093,145,196,-51
121000094,512,594,-82
121000095,256,574,-318
121000096,2005,1928,77
121000097,684,1865,-1181
121000098,519,696,-177
121000099,703,602,101
121000100,840,319,521
121000101,389,196,193
121000102,255,194,61
121000103,187,148,39
121000104,205,75,130
121000105,361,150,211
121000106,260,262,-2
121000107,1680,2388,-708
121000109,854,842,12
121000110,196,687,-491
121000114,2572,1865,707
121000115,998,513,485
121000116,238,679,-441
121000117,582,198,384
121000118,1170,218,952
121000119,280,296,-16
121000120,214,439,-225
121000121,401,1060,-659
121000123,940,558,382
121000127,127,91,36
121000128,765,298,467
121000129,630,419,211
121000130,512,497,15
121000131,1612,1329,283
121000132,1210,1409,-199
121000135,290,357,-67
121000136,713,895,-182
121000137,373,256,117
121000138,631,1221,-590
121000139,251,414,-163
121000141,165,84,81
121000142,486,712,-226
121000143,117,32,85
121000144,659,1271,-612
121000145,361,680,-319
121000146,1099,906,193
121000147,701,346,355
121000148,648,806,-158
121000149,1820,1180,640
121000152,305,315,-10
121000153,1424,411,1013
121000154,907,448,459
121000155,1190,855,335
121000156,367,783,-416
121000157,724,1170,-446
121000158,305,370,-65
121000159,166,304,-138
121000160,219,266,-47
121000161,189,213,-24
121000162,96,140,-44
121000165,1172,1659,-487
121000166,31,384,-353
121000168,252,156,96
121000169,67,115,-48
121000170,252,71,181
121000171,78,120,-42
121000172,513,405,108
121000173,978,984,-6
121000174,325,366,-41
121000175,903,279,624
121000176,325,243,82
121000177,586,434,152
121000178,92,29,63
121000179,40,37,3
121000181,310,268,42
121000182,100,202,-102
121000183,78,121,-43
121000184,40,95,-55
121000185,52,181,-129
121000186,166,380,-214
121000187,161,115,46
121000188,135,100,35
121000192,813,296,517
121000193,551,382,169
121000194,1516,1560,-44
121000195,158,755,-597
121000196,573,209,364
121000197,123,635,-512
121000198,139,93,46
121000199,72,269,-197
121000200,452,99,353
121000201,5,135,-130
121000202,711,123,588
121000203,610,1164,-554
121000204,2232,634,1598
121000205,81,145,-64
121000206,69,26,43
121000207,1530,260,1270
121000208,0,169,-169
121000209,370,150,220
121000210,648,217,431
121000211,229,77,152
121000212,355,411,-56
121000213,6457,1953,4504
121000214,608,1462,-854
121000215,847,687,160
121000216,410,507,-97
121000217,3374,2130,1244
121000218,379,1367,-988
121000219,1158,358,800
121000220,151,52,99
121000221,117,217,-100
121000222,1949,1961,-12
121000223,281,460,-179
121000224,287,215,72
121000225,857,1603,-746
121000226,1475,972,503
121000227,17,108,-91
121000228,18,425,-407
121000229,231,181,50
121000230,58,1054,-996
121000231,811,24,787
121000232,304,232,72
121000233,464,278,186
121000234,34,61,-27
121000235,111,78,33
121000236,22,52,-30
121000237,33,22,11
121000238,6,70,-64
121000239,67,6,61
121000240,9,133,-124
121000241,78,24,54
121000242,107,613,-506
121000243,633,247,386
121000244,41,112,-71
121000245,114,28,86
121000246,2,114,-112
121000247,134,6,128
121000248,1093,716,377
121000249,92,138,-46
121000250,499,182,317
121000251,14,252,-238
121000252,104,39,65
121000253,297,248,49
121000254,621,194,427
121000255,74,154,-80
121000256,216,138,78
121000257,39,81,-42
121000258,107,66,41
121000259,60,62,-2
121000260,59,72,-13
121000261,49,52,-3
121000262,787,520,267
121000263,389,329,60
121000271,225,1055,-830
121000273,18,3,15
121000274,17,53,-36
121000275,3,10,-7
121000276,6,19,-13
121000278,28,27,1
121000279,20,12,8
121000280,15,18,-3
121000289,211,11,200
121000290,916,656,260
121000294,146,77,69
121000297,600,856,-256
121000299,125,512,-387
121000300,566,369,197
121000302,43,818,-775
121000303,352,266,86
121000304,379,34,345
121000305,155,53,102
121000306,86,74,12
121000308,148,207,-59
121000309,223,310,-87
121000310,61,236,-175
121000311,50,512,-462
121000312,245,170,75
121000313,209,260,-51
121000314,95,96,-1
121000315,43,151,-108
121000530,1345,1029,316
121000531,1302,1154,148
121000532,5026,6007,-981
121000533,2768,2672,96
121000918,50,103,-53
121000919,65,95,-30
121000938,167,282,-115
121000939,158,292,-134
121000956,1220,627,593
121000957,7,19,-12
121000958,23,36,-13
121000959,735,484,251
121000960,1084,1039,45
121000961,227,103,124
121000962,315,460,-145
121000963,0,0,0
121000973,0,164,-164
121000976,6,140,-134
121000979,381,113,268
121000981,449,170,279
121000982,437,175,262
121000983,342,186,156
121000984,25,55,-30
121000985,703,338,365
121000986,233,150,83
121000987,154,491,-337
121000988,661,117,544
121001302,219,60,159
121001308,3,15,-12
121001309,29,89,-60
121001313,142,150,-8
121001314,1402,1838,-436
121001315,4177,2189,1988
121001326,29,44,-15
121900001,81,133,-52
121900002,48,21,27
121900003,316,32,284
121900004,82,255,-173
121900005,21,11,10
121900006,90,15,75
121900007,1205,1381,-176
121900008,411,293,118
121900009,427,12,415
121900010,193,3,190
121900011,162,211,-49
121900012,1,0,1
121900013,866,87,779
121900014,842,275,567
121900015,146,139,7
121900016,6,31,-25
121900017,312,317,-5
121900018,291,6,285
121900019,396,188,208
121900020,24,0,24
121900021,680,14,666
121900022,156,148,8
121900023,86,148,-62
121900024,281,74,207
121900025,439,330,109
121900026,311,31,280
121900027,230,72,158
121900028,114,10,104
121900029,62,105,-43
121900030,394,373,21
121900031,694,4346,-3652
121900032,65,47,18
121900033,165,252,-87
121900034,277,68,209
121900035,1941,1574,367
121900036,67,227,-160
121900037,99,879,-780
121900038,27,96,-69
121900039,263,30,233
121900040,62,61,1
121900041,60,143,-83
121900042,286,104,182
121900043,1,1,0
121900044,68,34,34
121900046,136,207,-71
121900047,144,37,107
121900048,51,76,-25
121900050,30,70,-40
121900051,124,131,-7
121900052,127,20,107
121900053,308,236,72
121900054,265,697,-432
121900055,3,8,-5
121900058,195,87,108
121900059,307,118,189
121900060,129,216,-87
121900061,147,96,51
121900062,96,78,18
121900063,953,399,554
121900064,188,371,-183
121900066,43,24,19
121900067,39,16,23
121900069,125,119,6
121900070,113,89,24
121900071,305,168,137
121900072,42,97,-55
121900073,196,189,7
121900074,568,616,-48
121900075,276,411,-135
121900076,297,470,-173
121900077,16,18,-2
121900078,73,24,49
121900079,0,0,0
121900080,609,241,368
121900082,41,58,-17
121900084,19,97,-78
121900085,0,11,-11
121900086,13,51,-38
121900087,116,84,32
121900088,1396,2220,-824
121900089,150,155,-5
121900090,29,59,-30
121900091,56,63,-7
121900092,57,75,-18
121900093,67,46,21
121900094,19,11,8
121900095,208,102,106
121900096,827,610,217
121900097,361,113,248
121900098,5,6,-1
121900099,215,32,183
121900100,175,330,-155
121900101,89,87,2
121900102,3,96,-93
121900103,324,172,152
121900104,1142,293,849
121900105,190,124,66
121900106,4,4,0
121900107,37,10,27
121900108,0,3,-3
121900109,181,135,46
121900110,395,501,-106
121900111,322,138,184
121900112,115,151,-36
121900113,46,271,-225
121900117,99,42,57
121900118,1229,354,875
121900119,173,55,118
121900120,32,825,-793
121900121,276,28,248
121900122,23,37,-14
121900123,148,298,-150
121900124,106,100,6
121900125,984,670,314
121900127,2,63,-61
121900128,56,52,4
121900129,422,198,224
121900130,73,121,-48
121900131,216,69,147
121900132,45,73,-28
121900133,60,893,-833
121900134,46,118,-72
121900135,2399,270,2129
121900136,314,226,88
121900137,57,267,-210
121900138,66,118,-52
121900139,268,467,-199
121900140,58,98,-40
121900141,72,41,31
121900142,90,75,15
121900143,5,89,-84
121900144,106,194,-88
121900145,130,150,-20
121900146,437,531,-94
121900147,39,151,-112
121900148,149,179,-30
121900149,233,399,-166
121900150,49,133,-84
121900151,55,211,-156
121900152,79,85,-6
121900153,80,501,-421
121900154,10,191,-181
121900155,0,120,-120
121900156,131,82,49
121900157,1,277,-276
121900158,70,75,-5
121900159,0,144,-144
121900160,47,182,-135
121900161,241,274,-33
121900162,92,119,-27
121900163,234,294,-60
121900164,260,151,109
121900165,186,99,87
121900166,134,106,28
121900167,71,87,-16
121900168,93,171,-78
121900169,0,112,-112
121900170,3,111,-108
121900171,644,380,264
121900172,401,158,243
121900173,586,179,407
121900174,38,34,4
121900175,91,112,-21
121900176,368,1018,-650
121900177,151,76,75
121900178,28,32,-4
121900179,257,144,113
121900180,1925,3217,-1292
121900182,516,220,296
121900183,313,1050,-737
121900184,47,483,-436
121900186,4,168,-164
121900187,31,123,-92
121900188,351,244,107
121900189,23,61,-38
121900190,167,271,-104
121900191,69,197,-128
121900192,243,631,-388
121900193,36,118,-82
121900194,0,93,-93
121900195,66,55,11
121900196,605,580,25
121900197,248,851,-603
121900198,892,784,108
121900199,9,24,-15
121900200,63,151,-88
121900201,549,633,-84
121900202,89,433,-344
121900203,133,768,-635
121900204,536,653,-117
121900205,26,67,-41
121900206,10,41,-31
121900207,98,25,73
121900208,87,226,-139
121900209,43,28,15
121900210,994,716,278
121900211,359,370,-11
121900212,77,92,-15
121900213,184,82,102
121900214,6,359,-353
121900215,49,60,-11
121900216,27,133,-106
121900217,218,159,59
121900218,145,251,-106
121900220,87,13,74
121900221,229,384,-155
121900222,105,71,34
121900223,148,27,121
121900224,80,41,39
121900225,74,82,-8
121900226,218,157,61
121900227,196,401,-205
121900228,180,189,-9
121900230,61,166,-105
121900231,209,845,-636
121900232,144,275,-131
121900233,151,167,-16
121900234,230,129,101
121900235,368,99,269
121900236,271,119,152
121900237,186,200,-14
121900238,154,218,-64
121900239,173,23,150
121900240,174,110,64
121900241,34,34,0
121900242,57,30,27
121900245,200,44,156
121900246,1943,239,1704
121900247,139,146,-7
121900248,808,900,-92
121900250,149,240,-91
121900251,415,31,384
121900252,357,81,276
121900253,154,859,-705
121900254,296,165,131
121900255,318,42,276
121900258,2607,1390,1217
121900259,226,436,-210
121900260,126,129,-3
121900261,131,384,-253
121900262,276,678,-402
121900263,235,170,65
121900264,1053,953,100
121900265,253,155,98
121900266,361,96,265
121900267,48,25,23
121900269,143,530,-387
121900270,20,155,-135
121900271,39,101,-62
121900273,387,1205,-818
121900274,259,229,30
121900277,268,957,-689
121900278,58,729,-671
121900279,117,122,-5
121900280,47,198,-151
121900281,207,276,-69
121900284,59,5,54
121900286,115,74,41
121900287,13,13,0
121900288,0,1,-1
121900290,174,294,-120
121900291,235,468,-233
121900292,130,107,23
121900293,681,1900,-1219
121900294,243,5,238
121900295,117,145,-28
121900296,29,102,-73
121900298,159,639,-480
121900299,0,5,-5
121900300,94,11,83
121900301,52,3,49
121900302,3,40,-37
121900303,252,322,-70
121900304,9,16,-7
121900305,1,1,0
121900306,237,1,236
121900307,108,8,100
121900308,15,156,-141
121900309,2,127,-125
121900310,21,266,-245
121900311,477,19,458
121900312,247,4,243
121900313,338,15,323
121900314,1,34,-33
121900315,23,0,23
121900316,0,11,-11
121900317,17,5,12
121900318,4,18,-14
121900319,64,72,-8
121900320,13,30,-17
121900321,22,0,22
121900322,1,7,-6
121900323,23,11,12
121900324,0,28,-28
121900325,15,2,13
121900326,2,8,-6
121900327,4,28,-24
121900328,0,18,-18
121900329,1,68,-67
121900330,0,50,-50
121900331,30,28,2
121900332,41,24,17
121900333,32,0,32
121900334,45,53,-8
122000001,1443,3965,-2522
122000002,2595,1229,1366
122000003,1302,2386,-1084
122000004,2089,1342,747
122000005,1980,1848,132
122000006,1125,835,290
122000007,756,1397,-641
122000008,2055,3340,-1285
122000009,366,391,-25
122000010,1826,2477,-651
122000011,2404,1324,1080
122000012,779,1360,-581
122000013,823,897,-74
122000014,1485,847,638
122000015,1096,770,326
122000016,461,746,-285
122000017,1025,894,131
122000018,1244,1276,-32
122000019,675,837,-162
122000020,141,194,-53
122000021,159,376,-217
122000022,919,704,215
122000023,487,1209,-722
122000024,591,1002,-411
122000025,735,1562,-827
122000026,660,1009,-349
122000027,519,1290,-771
122000028,762,325,437
122000029,385,403,-18
122000030,182,86,96
122000031,119,274,-155
122000032,1461,1419,42
122000033,478,1106,-628
122000034,429,503,-74
122000035,198,618,-420
122000036,472,360,112
122000037,369,180,189
122000038,197,284,-87
122000039,514,367,147
122000040,181,247,-66
122000041,410,451,-41
122000042,302,346,-44
122000043,93,107,-14
122000044,92,112,-20
122000045,1022,401,621
122000046,630,531,99
122000047,158,208,-50
122000048,2483,3221,-738
122000049,3993,2911,1082
122000050,1016,690,326
122000051,235,357,-122
122000052,390,443,-53
122000053,174,829,-655
122000054,1680,1465,215
122000055,1561,2743,-1182
122000056,3182,2597,585
122000057,2288,2931,-643
122000058,1481,1392,89
122000059,1849,1849,0
122000060,435,570,-135
122000061,307,440,-133
122000062,700,280,420
122000063,789,558,231
122000064,2301,2449,-148
122000065,2602,1822,780
122000066,722,798,-76
122000067,1038,1059,-21
122000068,1057,754,303
122000069,492,563,-71
122000070,659,953,-294
122000071,1430,862,568
122000072,318,422,-104
122000073,309,686,-377
122000074,2351,1187,1164
122000075,605,820,-215
122000076,2373,1002,1371
122000077,785,942,-157
122000078,1243,2451,-1208
122000079,609,1204,-595
122000080,451,387,64
122000081,123,175,-52
122000082,411,832,-421
122000083,1065,1190,-125
122000084,1023,638,385
122000085,234,684,-450
122000086,1676,3314,-1638
122000087,246,161,85
122000088,187,257,-70
122000089,3522,1699,1823
122000090,140,360,-220
122000091,155,82,73
122000092,78,48,30
122000093,1134,1700,-566
122000094,3633,1787,1846
122000095,1282,2249,-967
122000096,1010,1151,-141
122000098,2149,2047,102
122000099,1056,570,486
122000100,675,448,227
122000101,304,377,-73
122000102,1503,880,623
122000103,1570,1303,267
122000104,364,152,212
122000105,433,206,227
122000106,454,534,-80
122000107,917,347,570
122000108,322,574,-252
122000109,382,226,156
122000110,361,459,-98
122000111,2283,1018,1265
122000112,844,1144,-300
122000113,573,455,118
122000114,2131,1298,833
122000115,1584,972,612
122000116,366,355,11
122000117,950,352,598
122000118,415,546,-131
122000119,2330,1857,473
122000120,1391,3488,-2097
122000121,1362,2233,-871
122000122,456,1036,-580
122000123,1227,1376,-149
122000124,665,371,294
122000125,465,638,-173
122000126,363,815,-452
122000127,689,933,-244
122000128,353,547,-194
122000129,397,1144,-747
122000130,2272,1234,1038
122000131,929,995,-66
122000132,451,449,2
122000133,804,886,-82
122000134,806,652,154
122000135,499,449,50
122000136,631,486,145
122000137,1351,619,732
122000139,862,2313,-1451
122000140,527,514,13
122000141,2622,880,1742
122000142,182,720,-538
122000143,309,530,-221
122000144,1086,926,160
122000145,727,619,108
122000146,398,1121,-723
122000147,468,415,53
122000148,1159,1448,-289
122000149,1589,1179,410
122000150,865,773,92
122000151,130,322,-192
122000152,279,298,-19
122000153,296,297,-1
122000154,242,192,50
122000155,1165,1959,-794
122000156,1869,2306,-437
122000157,978,1906,-928
122000158,308,628,-320
122000159,557,1357,-800
122000160,2470,2239,231
122000161,1044,926,118
122000162,1353,1341,12
122000163,220,57,163
122000164,25,77,-52
122000165,458,540,-82
122000166,585,927,-342
122000167,228,237,-9
122000168,145,445,-300
122000169,276,122,154
122000170,225,168,57
122000171,32,89,-57
122000172,1281,1100,181
122000173,1154,1751,-597
122000174,1721,800,921
122000175,732,209,523
122000176,264,742,-478
122000177,1133,1299,-166
122000178,2238,1749,489
122000179,1337,1869,-532
122000180,1231,1229,2
122000181,1245,2543,-1298
122000182,1531,1376,155
122000183,1640,782,858
122000184,2771,2166,605
122000185,1213,1666,-453
122000186,367,596,-229
122000187,1374,767,607
122000188,314,165,149
122000189,189,248,-59
122000190,685,1005,-320
122000191,710,588,122
122000192,797,218,579
122000193,339,610,-271
122000194,402,155,247
122000195,145,435,-290
122000196,722,473,249
122000197,392,443,-51
122000198,341,713,-372
122000199,321,252,69
122000200,765,408,357
122000201,1041,1392,-351
122000202,935,1271,-336
122000203,1903,1133,770
122000204,1002,1356,-354
122000205,887,996,-109
122000206,2091,782,1309
122000207,1332,1142,190
122000208,1658,997,661
122000209,1333,327,1006
122000210,1676,1265,411
122000211,982,1127,-145
122000212,580,385,195
122000213,835,1050,-215
122000214,1570,1234,336
122000215,1847,1386,461
122000217,1493,1130,363
122000218,696,44,652
122000219,843,671,172
122000220,324,551,-227
122000221,38,363,-325
122000222,448,95,353
122000223,849,379,470
122000225,585,251,334
122000226,1129,1413,-284
122000227,211,1747,-1536
122000228,221,254,-33
122000229,15,383,-368
122000230,61,327,-266
122000231,234,520,-286
122000232,404,603,-199
122000233,1,50,-49
122000234,320,56,264
122000235,455,92,363
122000236,951,35,916
122000237,110,65,45
122000238,305,276,29
122000239,443,122,321
122000240,987,405,582
122000241,1406,394,1012
122000242,490,63,427
122000243,251,36,215
122000244,67,214,-147
122000245,103,144,-41
122000246,344,140,204
122000247,399,381,18
122000248,728,1055,-327
122000249,934,703,231
122000250,1913,932,981
122000251,180,361,-181
122000252,319,112,207
122000253,36,176,-140
122000254,224,67,157
122000255,490,897,-407
122000256,275,563,-288
122000257,132,165,-33
122000258,268,186,82
122000259,10,275,-265
122000260,2,38,-36
122000261,11,125,-114
122000262,1,46,-45
122000263,277,112,165
122000264,1049,263,786
122000265,1823,696,1127
122000266,3189,535,2654
122000267,81,66,15
122000268,91,254,-163
122000269,726,229,497
122000270,426,127,299
122000271,266,655,-389
122000272,303,637,-334
122000273,365,247,118
122000274,182,132,50
122000275,37,178,-141
122000276,598,353,245
122000277,1095,1273,-178
122000278,1421,469,952
122000279,149,292,-143
122000280,640,392,248
122000281,585,474,111
122000282,132,362,-230
122000283,163,141,22
122000284,164,59,105
122000285,248,45,203
122000286,71,129,-58
122000287,974,1071,-97
122000288,415,220,195
122000291,1665,550,1115
122000293,140,195,-55
122000294,99,182,-83
122000295,973,181,792
122000296,13,481,-468
122000297,1650,2407,-757
122000299,472,243,229
122000300,467,416,51
122000301,5448,2451,2997
122000302,424,1208,-784
122000303,2039,965,1074
122000304,111,220,-109
122000305,1039,183,856
122000306,30,396,-366
122000307,101,127,-26
122000309,62,60,2
122000310,23,92,-69
122000311,119,98,21
122000312,110,164,-54
122000313,80,66,14
122000314,100,189,-89
122000315,225,73,152
122000316,700,180,520
122000317,1386,237,1149
122000318,280,659,-379
122000319,166,228,-62
122000320,274,829,-555
122000321,104,115,-11
122000322,1534,1613,-79
122000323,899,1782,-883
122000324,924,1103,-179
122000325,675,1501,-826
122000326,77,71,6
122000327,396,653,-257
122000328,605,427,178
122000330,1553,794,759
122000332,164,255,-91
122000333,10,75,-65
122000337,864,871,-7
122000338,296,239,57
122000340,192,500,-308
122000342,965,666,299
122000343,361,686,-325
122000344,66,13,53
122000345,44,26,18
122000346,216,255,-39
122000348,541,444,97
122000349,75,349,-274
122000351,128,106,22
122000352,200,127,73
122000353,72,47,25
122000355,103,348,-245
122000356,830,904,-74
122000357,74,14,60
122000358,1,26,-25
122000359,0,23,-23
122000360,0,35,-35
122000362,10,55,-45
122000364,165,177,-12
122000365,1,19,-18
122000366,8,5,3
122000368,309,452,-143
122000370,21,39,-18
122000371,23,0,23
122000372,10,0,10
122000381,77,270,-193
122000382,88,140,-52
122000384,1549,867,682
122000385,38,1,37
122000386,180,817,-637
122000387,382,516,-134
122000388,947,513,434
122000389,135,515,-380
122000390,272,184,88
122000391,256,267,-11
122000392,141,158,-17
122000393,32,99,-67
122000394,444,161,283
122000395,125,82,43
122000396,168,70,98
122000397,53,69,-16
122000398,23,32,-9
122000399,132,54,78
122000400,82,393,-311
122000401,102,43,59
122000402,288,102,186
122000403,346,454,-108
122000404,170,150,20
122000408,769,1081,-312
122000503,10,85,-75
122000524,125,98,27
122000544,56,1403,-1347
122000616,295,1,294
122000640,84,92,-8
122000641,134,167,-33
122000642,1064,561,503
122000643,32,145,-113
122000644,127,31,96
122000645,71,164,-93
122000651,839,866,-27
122000664,120,38,82
122000665,1008,414,594
122000666,639,888,-249
122000673,33,131,-98
122000674,192,51,141
122000675,1568,515,1053
122000686,264,603,-339
122000687,968,223,745
122000688,209,278,-69
122000689,739,263,476
122000690,1970,330,1640
122000691,625,948,-323
122000692,842,246,596
122000693,239,987,-748
122000695,255,276,-21
122000696,432,141,291
122000698,307,347,-40
122000699,161,51,110
122000701,1290,261,1029
122000702,445,715,-270
122000703,166,45,121
122000712,0,0,0
122000717,49,50,-1
122000718,271,610,-339
122000719,168,97,71
122000720,541,109,432
122000724,163,134,29
122900001,23,2,21
122900002,788,3998,-3210
122900003,270,19,251
122900004,928,36,892
122900005,66,74,-8
122900006,256,510,-254
122900007,63,61,2
122900008,206,176,30
122900009,480,336,144
122900010,221,94,127
122900012,169,288,-119
122900014,90,129,-39
122900015,813,655,158
122900016,89,137,-48
122900017,234,499,-265
122900018,144,12,132
122900019,4,103,-99
122900020,150,283,-133
122900021,39,278,-239
122900022,688,670,18
122900023,458,142,316
122900024,89,69,20
122900025,11,240,-229
122900026,26,187,-161
122900027,30,429,-399
122900028,80,120,-40
122900029,2749,1814,935
122900030,674,359,315
122900031,24,192,-168
122900032,102,232,-130
122900033,174,98,76
122900034,2631,3177,-546
122900035,31,22,9
122900036,76,73,3
122900037,226,122,104
122900038,57,1918,-1861
122900039,73,397,-324
122900040,197,377,-180
122900041,181,358,-177
122900042,111,194,-83
122900043,207,153,54
122900044,123,305,-182
122900045,101,99,2
122900046,102,303,-201
122900047,102,123,-21
122900048,39,172,-133
122900049,923,87,836
122900051,59,95,-36
122900052,127,136,-9
122900053,30,24,6
122900055,197,74,123
122900057,200,49,151
122900061,286,102,184
122900062,400,444,-44
122900063,127,145,-18
122900064,594,276,318
122900065,400,174,226
122900066,475,202,273
122900067,647,438,209
122900068,31,67,-36
122900069,253,807,-554
122900070,335,55,280
122900071,122,283,-161
122900072,17,303,-286
122900073,21,149,-128
122900074,669,325,344
122900075,0,48,-48
122900076,5,153,-148
122900077,2,75,-73
122900078,195,37,158
122900080,35,40,-5
122900081,150,102,48
122900082,783,123,660
122900083,103,97,6
122900084,5,111,-106
122900086,13,59,-46
122900087,202,329,-127
122900088,17,192,-175
122900089,13,167,-154
122900090,2,281,-279
122900091,217,0,217
122900092,1,70,-69
122900093,1,122,-121
122900094,7,121,-114
122900095,158,6,152
122900096,242,66,176
122900097,20,20,0
122900098,33,74,-41
122900099,67,13,54
122900100,109,185,-76
122900101,408,180,228
122900102,10,16,-6
122900103,121,5,116
122900104,257,8,249
122900105,9,14,-5
122900106,1,31,-30
122900107,2,95,-93
122900108,0,101,-101
123000001,939,359,580
123000002,2272,4002,-1730
123000003,3316,3230,86
123000004,2360,3228,-868
123000005,2246,2397,-151
123000006,1792,1647,145
123000007,3317,2180,1137
123000008,2240,2480,-240
123000009,3508,2250,1258
123000010,2301,2597,-296
123000011,1922,709,1213
123000012,560,1697,-1137
123000013,2975,783,2192
123000014,643,2544,-1901
123000015,2124,796,1328
123000016,2469,2798,-329
123000017,3120,1527,1593
123000018,121,79,42
123000019,301,118,183
123000020,143,23,120
123000021,77,87,-10
123000022,274,1060,-786
123000023,1438,1399,39
123000024,1401,601,800
123000025,213,77,136
123000026,21,71,-50
123000027,77,453,-376
123000028,751,1177,-426
123000029,462,1307,-845
123000030,202,208,-6
123000031,251,142,109
123000032,437,76,361
123000033,225,64,161
123000034,888,653,235
123000035,293,312,-19
123000036,241,623,-382
123000037,204,181,23
123000038,63,252,-189
123000039,359,1231,-872
123000040,498,237,261
123000041,807,794,13
123000042,612,485,127
123000043,1899,8130,-6231
123000044,2963,1706,1257
123000045,4271,2009,2262
123000046,486,1140,-654
123000047,1138,942,196
123000048,53,708,-655
123000049,4214,6878,-2664
123000050,1141,1259,-118
123000051,131,162,-31
123000052,712,2729,-2017
123000053,2280,2358,-78
123000054,1337,1059,278
123000055,1184,1832,-648
123000056,972,1059,-87
123000057,5824,4770,1054
123000058,513,830,-317
123000059,269,350,-81
123000060,678,245,433
123000061,197,457,-260
123000063,651,662,-11
123000064,740,248,492
123000065,2856,1891,965
123000066,446,384,62
123000067,754,436,318
123000068,1864,2033,-169
123000069,4291,2129,2162
123000070,204,505,-301
123000071,946,631,315
123000072,957,493,464
123000073,1143,559,584
123000074,875,720,155
123000075,315,886,-571
123000076,548,472,76
123000077,1795,1671,124
123000078,1400,1190,210
123000079,1432,1386,46
123000080,1934,1042,892
123000081,139,226,-87
123000082,307,824,-517
123000083,713,188,525
123000084,514,449,65
123000085,279,51,228
123000086,467,100,367
123000087,303,143,160
123000088,848,468,380
123000089,609,764,-155
123000090,904,623,281
123000091,1173,999,174
123000092,863,930,-67
123000094,391,157,234
123000095,380,416,-36
123000096,604,284,320
123000097,442,457,-15
123000098,718,414,304
123000099,429,510,-81
123000100,320,432,-112
123000101,415,439,-24
123000102,361,500,-139
123000104,323,345,-22
123000105,362,393,-31
123000106,463,368,95
123000107,349,492,-143
123000108,497,1041,-544
123000111,760,265,495
123000112,1023,414,609
123000113,422,661,-239
123000114,337,454,-117
123000115,208,246,-38
123000116,33,82,-49
123000117,1130,1122,8
123000118,427,509,-82
123000119,233,500,-267
123000120,214,552,-338
123000121,417,436,-19
123000122,268,278,-10
123000123,417,437,-20
123000124,363,392,-29
123000125,1003,1165,-162
123000126,954,3078,-2124
123000127,601,578,23
123000128,275,235,40
123000129,615,177,438
123000130,599,93,506
123000131,763,592,171
123000132,311,471,-160
123000133,248,277,-29
123000134,300,95,205
123000135,1727,777,950
123000136,171,484,-313
123000137,99,183,-84
123000138,76,226,-150
123000139,477,76,401
123000140,52,445,-393
123000141,619,82,537
123000142,933,803,130
123000143,840,1544,-704
123000144,19,33,-14
123000145,115,66,49
123000146,18,75,-57
123000147,64,84,-20
123000149,328,304,24
123000150,113,172,-59
123000151,223,429,-206
123000152,38,340,-302
123000153,88,546,-458
123000154,1056,1583,-527
123000155,1529,981,548
123000156,44,65,-21
123000157,521,600,-79
123000158,486,662,-176
123000159,2381,2111,270
123000160,802,672,130
123000161,1259,839,420
123000162,842,1273,-431
123000163,424,106,318
123000164,1205,253,952
123000165,340,968,-628
123000166,40,74,-34
123000167,166,224,-58
123000168,229,126,103
123000169,679,142,537
123000170,96,73,23
123000171,576,14,562
123000172,162,308,-146
123000173,451,262,189
123000174,744,354,390
123000175,391,787,-396
123000176,709,160,549
123000177,183,531,-348
123000178,673,132,541
123000179,39,411,-372
123000180,1330,251,1079
123000181,235,844,-609
123000182,178,204,-26
123000183,146,482,-336
123000184,104,249,-145
123000185,554,209,345
123000186,0,364,-364
123000187,439,8,431
123000188,121,0,121
123000189,158,124,34
123000190,72,63,9
123000192,20,323,-303
123000193,72,646,-574
123000194,340,241,99
123000195,288,34,254
123000196,343,48,295
123000197,77,76,1
123000198,36,762,-726
123000199,5,527,-522
123000200,494,7,487
123000201,1005,22,983
123000202,13,637,-624
123000203,896,74,822
123000204,89,656,-567
123000205,365,923,-558
123000206,1856,232,1624
123000207,88,496,-408
123000208,486,195,291
123000209,2061,607,1454
123000210,356,1378,-1022
123000211,495,1410,-915
123000212,2710,429,2281
123000213,566,86,480
123000215,79,145,-66
123000216,121,443,-322
123000217,192,20,172
123000218,34,443,-409
123000219,481,47,434
123000220,447,91,356
123000221,133,45,88
123000222,283,212,71
123000223,266,163,103
123000224,340,282,58
123000225,201,47,154
123000226,74,165,-91
123000227,78,182,-104
123000228,237,32,205
123000229,806,1063,-257
123000232,84,355,-271
123000233,598,121,477
123000234,112,357,-245
123000235,846,231,615
123000236,189,407,-218
123000237,317,64,253
123000238,37,273,-236
123000239,353,743,-390
123000240,49,339,-290
123000241,259,51,208
123000242,105,117,-12
123000243,599,638,-39
123000244,702,530,172
123000245,35,152,-117
123000249,234,385,-151
123000252,748,176,572
123000253,989,421,568
123000254,503,577,-74
123000255,892,633,259
123000256,24,159,-135
123000257,1687,1216,471
123000258,780,560,220
123000259,297,290,7
123000260,360,274,86
123000261,182,76,106
123000262,114,125,-11
123000263,333,84,249
123000264,186,52,134
123000265,36,91,-55
123000266,405,439,-34
123000267,472,273,199
123000268,95,45,50
123000269,31,51,-20
123000270,44,55,-11
123000271,68,56,12
123000272,647,248,399
123000273,305,501,-196
123000274,1038,460,578
123000275,191,542,-351
123000278,1626,1823,-197
123000279,128,73,55
123000280,231,248,-17
123000281,235,61,174
123000282,60,202,-142
123000283,119,59,60
123000284,75,48,27
123000286,173,280,-107
123000287,392,229,163
123000288,1225,695,530
123000289,260,858,-598
123000291,148,657,-509
123000294,210,235,-25
123000295,807,679,128
123000296,532,346,186
123000297,626,358,268
123000298,667,262,405
123000299,74,138,-64
123000300,743,598,145
123000301,101,211,-110
123000302,114,107,7
123000303,93,203,-110
123000305,693,772,-79
123000306,124,86,38
123000309,65,34,31
123000310,23,49,-26
123000311,0,50,-50
123000312,433,384,49
123000313,383,264,119
123000315,230,180,50
123000316,649,199,450
123000317,222,65,157
123000318,45,146,-101
123000329,12,9,3
123000337,1050,505,545
123000338,245,88,157
123000339,168,80,88
123000340,91,266,-175
123000342,6,73,-67
123000343,34,7,27
123000344,816,248,568
123000345,251,442,-191
123000346,342,49,293
123000352,739,638,101
123000353,41,75,-34
123000354,177,1,176
123000355,0,150,-150
123000356,335,8,327
123000357,0,57,-57
123000359,3,82,-79
123000360,125,80,45
123000361,106,197,-91
123000362,264,62,202
123000363,66,128,-62
123000364,430,383,47
123000365,7,253,-246
123000366,280,1481,-1201
123000367,245,527,-282
123000370,42,130,-88
123000371,213,10,203
123000372,243,20,223
123000373,7,179,-172
123000374,10,95,-85
123000375,269,15,254
123000376,863,614,249
123000377,290,9,281
123000378,11,143,-132
123000379,3,110,-107
123000380,45,286,-241
123000381,98,68,30
123000382,653,79,574
123000383,80,869,-789
123000384,363,96,267
123000385,100,378,-278
123000436,56,728,-672
123000507,115,185,-70
123000508,165,764,-599
123000517,231,28,203
123000518,22,193,-171
123000519,125,63,62
123000520,40,157,-117
123000521,272,66,206
123000522,103,218,-115
123000541,3,1,2
123000542,0,10,-10
123000565,785,55,730
123000566,259,317,-58
123000567,82,131,-49
123000573,31,412,-381
123000574,466,52,414
123000575,1090,671,419
123000576,638,817,-179
123000577,55,426,-371
123000578,398,76,322
123000579,1385,4080,-2695
123000580,138,24,114
123000582,308,27,281
123000583,14,195,-181
123000584,164,214,-50
123000585,2,46,-44
123000586,64,1,63
123000596,51,52,-1
123000597,41,127,-86
123000602,49,16,33
123000603,744,386,358
123000604,430,381,49
123000605,637,99,538
123000606,0,321,-321
123000609,7,224,-217
123000610,125,106,19
123000613,38,118,-80
123000614,170,31,139
123000615,34,95,-61
123000616,530,30,500
123000617,80,165,-85
123000618,35,366,-331
123000619,378,37,341
123000620,22,239,-217
123000622,299,15,284
123000624,128,43,85
123000630,1084,353,731
123000631,173,684,-511
123000632,536,519,17
123000633,2,137,-135
123000634,39,106,-67
123000635,86,93,-7
123000636,28,432,-404
123000637,132,12,120
123000638,369,20,349
123000639,659,3176,-2517
123000640,20,306,-286
123000648,383,88,295
123000649,42,269,-227
123900001,862,49,813
123900002,21,979,-958
123900003,168,330,-162
123900005,243,169,74
123900006,278,44,234
124000001,1781,145,1636
124000002,72,1016,-944
124000003,784,135,649
124000004,82,365,-283
124000005,863,401,462
124000006,202,613,-411
124000007,401,58,343
124000008,6,314,-308
124000009,628,132,496
124000010,141,294,-153
124000011,846,220,626
124000012,229,355,-126
124000017,205,97,108
124000018,94,58,36
124000019,103,112,-9
124000020,46,132,-86
124000021,123,86,37
124000022,82,146,-64
124000023,1011,1055,-44
124000024,791,322,469
124000025,886,1325,-439
124000026,779,811,-32
124000027,3814,3882,-68
124000028,1381,3278,-1897
124000030,1767,1005,762
124000031,1370,2803,-1433
124000032,1622,688,934
124000033,871,362,509
124000034,540,710,-170
124000035,267,125,142
124000036,80,359,-279
124000037,189,1003,-814
124000038,26,59,-33
124000039,551,389,162
124000040,379,919,-540
124000041,261,51,210
124000042,49,359,-310
124000043,77,62,15
124000044,41,113,-72
124000045,667,318,349
124000046,236,456,-220
124000047,1460,570,890
124000048,703,699,4
124000049,1446,423,1023
124000050,659,1036,-377
124000051,889,395,494
124000052,569,571,-2
124000053,408,1210,-802
124000054,667,298,369
124000055,1176,2246,-1070
124000056,1427,922,505
124000057,874,419,455
124000058,337,806,-469
124000059,560,996,-436
124000060,798,405,393
124000061,1395,4958,-3563
124000062,3618,1459,2159
124000063,1024,1192,-168
124000064,1330,967,363
124000065,58,357,-299
124000066,194,80,114
124000067,206,116,90
124000068,59,122,-63
124000069,653,145,508
124000070,238,401,-163
124000071,122,97,25
124000072,137,351,-214
124000073,808,131,677
124000074,147,427,-280
124000075,234,25,209
124000076,7,86,-79
124000077,931,633,298
124000078,1548,1245,303
124000079,223,1265,-1042
124000080,499,156,343
124000081,164,448,-284
124000082,73,115,-42
124000083,94,74,20
124000084,90,487,-397
124000085,67,66,1
124000086,46,138,-92
124000087,82,125,-43
124000088,82,304,-222
124000089,618,186,432
124000090,150,222,-72
124000091,440,112,328
124000092,108,398,-290
124000093,79,71,8
124000094,74,319,-245
124000095,116,60,56
124000096,138,149,-11
124000097,145,121,24
124000098,43,78,-35
124000099,180,70,110
124000100,60,86,-26
124000101,64,88,-24
124000102,72,47,25
124000103,76,78,-2
124000104,68,33,35
124000105,57,73,-16
124000106,82,26,56
124000107,15,119,-104
124000108,41,10,31
124000109,104,101,3
124000110,189,71,118
124000111,190,98,92
124000112,564,452,112
124000113,90,94,-4
124000114,219,308,-89
124000115,292,535,-243
124000116,102,156,-54
124000117,45,68,-23
124000118,25,69,-44
124000119,634,349,285
124000120,415,290,125
124000121,1381,653,728
124000122,430,885,-455
124000123,790,407,383
124000124,341,637,-296
124000125,372,332,40
124000126,251,420,-169
124000127,687,253,434
124000128,465,563,-98
124000129,1620,1163,457
124000130,615,421,194
124000131,680,495,185
124000132,661,557,104
124000133,751,626,125
124000134,624,445,179
124000135,1281,1325,-44
124000136,657,729,-72
124000137,775,641,134
124000138,821,911,-90
124000139,409,32,377
124000140,14,296,-282
124000141,513,33,480
124000142,33,216,-183
124000143,110,5,105
124000144,14,94,-80
124000145,82,26,56
124000146,10,51,-41
124000148,8,74,-66
124000149,872,285,587
124000150,214,570,-356
124000151,692,301,391
124000152,561,884,-323
124000153,553,493,60
124000154,210,407,-197
124000155,1129,756,373
124000156,1122,723,399
124000169,191,334,-143
124000170,342,313,29
124000171,231,172,59
124000172,187,283,-96
124000173,409,168,241
124000174,310,328,-18
124000175,8,63,-55
124000176,39,29,10
124000177,12,16,-4
124000178,56,34,22
124000190,52,48,4
124000191,110,180,-70
124000192,854,281,573
124000193,176,768,-592
124000194,357,341,16
124000195,309,583,-274
124000196,673,777,-104
124000197,33,36,-3
124000198,31,50,-19
124000201,202,527,-325
124000202,420,211,209
124000203,361,324,37
124000204,763,160,603
124000205,51,197,-146
124000206,579,200,379
124000207,0,19,-19
124000209,146,252,-106
124000210,523,165,358
124000211,654,1,653
124000212,0,172,-172
124000213,422,152,270
124000214,383,273,110
124000215,248,7,241
124000216,0,242,-242
124000329,84,792,-708
124000338,72,383,-311
124000339,890,52,838
124000341,1324,37,1287
124000344,32,3,29
124000357,991,1876,-885
124000358,742,1189,-447
124000359,1065,625,440
124000360,752,371,381
124000361,1713,811,902
124000362,970,1343,-373
124000363,231,317,-86
124000364,411,537,-126
124000365,498,758,-260
124000366,1148,628,520
124000367,63,332,-269
124000368,352,362,-10
124000369,202,97,105
124000370,62,443,-381
124000402,28,14,14
124000403,111,14,97
124000404,12,61,-49
124000405,824,539,285
124000406,522,509,13
124000407,3,18,-15
124000411,8,169,-161
124000412,334,7,327
124000413,100,21,79
124000414,44,66,-22
124000415,36,66,-30
124000416,127,138,-11
124000417,169,86,83
124000418,186,63,123
124000419,110,79,31
124000420,59,46,13
124000421,60,105,-45
124000422,47,14,33
124000423,109,23,86
124000424,5,75,-70
124000425,157,6,151
124000426,16,81,-65
124000427,147,5,142
124000428,7,51,-44
124000429,48,39,9
124000430,585,299,286
124000431,162,238,-76
124000432,181,541,-360
124000439,7,8,-1
124000443,0,10,-10
124000445,148,1083,-935
124000446,930,215,715
124000447,6,91,-85
124900001,499,304,195
124900002,131,212,-81
124900003,1017,431,586
124900004,706,238,468
124900005,191,93,98
124900006,657,243,414
124900008,893,455,438
124900009,132,205,-73
124900010,152,87,65
124900011,403,174,229
124900012,331,84,247
124900013,440,137,303
124900014,269,55,214
124900015,113,275,-162
124900016,74,55,19
124900017,414,1266,-852
124900018,65,4,61
124900020,58,47,11
124900021,226,28,198
124900022,48,6,42
124900024,285,5,280
124900026,145,13,132
124900027,90,410,-320
124900028,267,48,219
124900029,4,385,-381
124900030,8,58,-50
124900031,34,154,-120
124900032,124,172,-48
124900033,60,165,-105
124900034,2,98,-96
124900035,165,203,-38
124900036,4,57,-53
124900037,212,121,91
124900038,182,184,-2
124900039,3,53,-50
124900040,135,53,82
124900041,237,677,-440
124900042,68,2,66
124900043,438,601,-163
124900044,64,1,63
124900045,429,887,-458
124900047,124,103,21
124900048,177,71,106
124900050,131,133,-2
124900052,66,275,-209
124900053,86,253,-167
124900054,871,325,546
124900055,0,91,-91
124900057,12,47,-35
124900060,50,125,-75
124900061,95,6,89
124900062,161,22,139
124900066,0,9,-9
124900067,5,97,-92
124900068,246,404,-158
124900070,36,28,8
124900072,106,45,61
124900075,187,182,5
124900076,22,940,-918
124900077,24,64,-40
124900078,78,20,58
124900079,293,101,192
124900080,226,371,-145
124900081,1071,214,857
124900082,295,474,-179
124900083,200,364,-164
124900085,638,484,154
124900086,51,1238,-1187
124900087,452,78,374
124900088,426,69,357
124900089,924,33,891
124900090,300,154,146
124900091,218,174,44
124900092,204,143,61
124900093,347,120,227
124900094,362,142,220
124900095,88,387,-299
124900096,340,200,140
124900097,354,49,305
124900098,133,209,-76
124900099,338,413,-75
124900100,273,21,252
124900101,47,295,-248
124900102,241,12,229
124900103,130,103,27
124900104,93,110,-17
124900105,108,59,49
124900106,309,32,277
124900107,86,7,79
124900108,156,91,65
124900111,5,113,-108
124900112,56,273,-217
124900113,74,312,-238
124900114,135,158,-23
124900115,46,42,4
124900116,157,177,-20
124900117,134,163,-29
124900118,108,309,-201
124900119,297,111,186
124900120,43,258,-215
124900121,64,326,-262
124900122,181,163,18
124900123,158,133,25
124900124,81,265,-184
204000001,79,7,72
204000002,10,7,3
204000003,12,6,6
204000004,5,0,5
204000005,540,462,78
204000006,1139,927,212
204000011,11,28,-17
204000012,70,103,-33
204000019,661,411,250
204000020,629,422,207
204000021,950,620,330
204000022,482,339,143
204000023,529,518,11
204000031,69,15,54
204000032,228,22,206
204000034,29,107,-78
204000035,0,4,-4
204000036,4,12,-8
204000037,0,13,-13
204000038,2,9,-7
204000039,2,19,-17
204000040,6,12,-6
204000041,26,19,7
204000042,38,11,27
204000043,34,2,32
204000044,26,1,25
204000045,41,3,38
204000046,18,0,18
204000057,5,7,-2
204000062,16,21,-5
204000068,20,216,-196
204000069,58,327,-269
204000070,62,65,-3
204000080,36,81,-45
204000085,1695,1103,592
204000086,1838,1279,559
204000087,42,14,28
204000088,6,95,-89
204000090,51,195,-144
204000093,337,85,252
204000096,826,835,-9
204000097,377,16,361
204000099,887,1335,-448
204000100,1076,1589,-513
204000105,1772,820,952
204000110,408,648,-240
204000111,383,378,5
204000112,376,440,-64
204000113,363,412,-49
204000114,590,525,65
204000115,484,213,271
204000116,412,338,74
204000119,1645,2302,-657
204000132,659,260,399
204000133,854,156,698
204000134,195,56,139
204000135,608,38,570
204000136,810,160,650
204000138,372,347,25
204000140,197,156,41
204000141,189,56,133
204000144,13,24,-11
204000145,419,28,391
204000146,27,274,-247
204000147,20,103,-83
204000148,191,27,164
204000154,10,2,8
204000155,3,2,1
204000177,73,43,30
204000179,21,8,13
204000180,0,39,-39
204000222,4,5,-1
204000235,14,7,7
204000236,51,137,-86
204000238,18,13,5
204000240,266,52,214
204000263,570,696,-126
204000268,815,616,199
204000308,103,13,90
204000317,22,56,-34
204000322,8,21,-13
204000323,7,7,0
204000328,145,73,72
204000329,52,99,-47
204000330,206,28,178
204000331,63,124,-61
205000001,717,1379,-662
205000013,4,54,-50
205000014,12,64,-52
205000015,28,125,-97
205000016,20,94,-74
205000017,13,58,-45
205000022,286,662,-376
205000025,1039,905,134
205000029,207,9,198
205000045,128,649,-521
205000046,125,517,-392
205000047,31,330,-299
205000048,316,652,-336
205000049,190,592,-402
205000050,427,286,141
205000059,0,218,-218
205000060,0,117,-117
205000061,1,92,-91
205000062,2,86,-84
205000063,21,105,-84
205000064,33,57,-24
205000065,36,372,-336
205000066,113,461,-348
205000067,31,597,-566
205000069,220,24,196
205000082,143,120,23
205000110,94,199,-105
205000111,204,207,-3
205000112,141,153,-12
205000113,159,256,-97
205000121,186,41,145
205000123,39,161,-122
205000126,425,71,354
205000127,757,136,621
205000128,355,59,296
205000129,611,64,547
205000130,156,22,134
205000131,66,5,61
205000132,142,1,141
205000133,82,0,82
205000134,318,0,318
205000137,45,130,-85
205000138,93,182,-89
205000139,33,92,-59
205000144,72,69,3
205000145,206,138,68
205000151,121,18,103
205000152,175,13,162
205000153,191,17,174
205000154,78,26,52
205000155,92,10,82
205000207,4,129,-125
205000233,25,0,25
205000234,0,1,-1
205000243,1,0,1
205000244,0,1,-1
205000245,11,98,-87
205000249,0,25,-25
205000250,4,1,3
205000264,5,65,-60
206000027,2,3,-1
206000028,2,2,0
206000043,3,42,-39
206000053,3,4,-1
206000054,3,19,-16
206000055,2,12,-10
206000075,7,18,-11
206000076,6,16,-10
206000077,15,0,15
206000078,7,7,0
206000079,13,17,-4
206000082,418,38,380
206000100,12,343,-331
206000103,6,11,-5
206000104,5,15,-10
206000105,2,11,-9
206000106,7,15,-8
206000125,43,0,43
206000157,30,345,-315
206000170,2,99,-97
206000171,10,147,-137
206000172,13,191,-178
206000173,1,101,-100
206000174,19,43,-24
206000175,1,63,-62
206000176,6,100,-94
206000177,0,86,-86
206000178,1,132,-131
206000179,1,86,-85
206000180,10,84,-74
206000181,5,80,-75
206000182,17,80,-63
206000183,15,225,-210
206000184,5,145,-140
206000185,3,52,-49
206000186,91,444,-353
206000223,5,138,-133
206000226,8,3,5
206000227,22,2,20
206000237,12,151,-139
206000238,20,340,-320
206000239,167,1092,-925
206000240,0,43,-43
206000241,0,84,-84
206000242,7,107,-100
206000243,8,85,-77
206000244,46,259,-213
206000245,635,66,569
206000246,187,14,173
206000247,220,5,215
206000248,334,16,318
206000252,45,49,-4
206000258,19,70,-51
206000315,14,7,7
206000317,479,83,396
206000318,615,49,566
206000319,1272,95,1177
206000320,178,39,139
206000321,190,7,183
206000322,475,8,467
206000323,209,5,204
206000324,180,4,176
206000325,177,9,168
206000326,127,8,119
206000327,103,5,98
206000328,139,8,131
206000329,228,6,222
206000330,31,5,26
206000331,185,3,182
206000332,53,4,49
206000333,555,1,554
206000334,248,0,248
206000335,0,12,-12
206000361,4,123,-119
206000392,2,21,-19
206000405,153,1,152
206000441,32,23,9
206000498,26,1,25
206000515,60,37,23
206000530,230,38,192
206000531,192,181,11
206000532,1580,250,1330
206000535,114,1237,-1123
206000536,18,94,-76
206000537,12,98,-86
206000613,1455,223,1232
206000784,414,22,392
207000001,104,513,-409
207000002,113,279,-166
207000003,134,134,0
207000007,1028,228,800
207000008,107,8,99
207000009,46,30,16
207000010,272,254,18
207000012,361,173,188
207000015,166,809,-643
207000019,260,61,199
207000021,353,141,212
207000022,127,88,39
207000023,216,43,173
207000024,6,19,-13
207000025,17,49,-32
207000026,68,52,16
207000027,22,64,-42
207000028,29,128,-99
207000029,138,313,-175
207000033,153,300,-147
207000034,215,63,152
207000039,367,91,276
207000040,408,68,340
207000041,97,20,77
207000042,161,47,114
207000043,204,111,93
207000051,94,170,-76
207000052,13,70,-57
207000053,395,429,-34
207000054,29,97,-68
207000055,166,95,71
207000056,270,274,-4
207000057,136,245,-109
207000058,179,206,-27
207000059,123,310,-187
207000060,67,133,-66
207000061,170,556,-386
207000062,342,47,295
207000063,332,84,248
207000064,288,111,177
207000065,312,150,162
207000066,221,145,76
207000067,51,63,-12
207000068,145,47,98
207000069,603,262,341
207000082,15,139,-124
207000083,46,149,-103
207000084,221,208,13
207000085,196,17,179
207000086,216,3,213
207000106,45,24,21
207000107,66,23,43
207000108,72,5,67
207000109,57,11,46
207000110,40,57,-17
207000111,59,51,8
207000112,129,549,-420
207000114,14,22,-8
207000115,16,45,-29
207000116,10,259,-249
207000117,5,67,-62
207000118,11,51,-40
207000119,52,55,-3
207000123,94,7,87
207000124,73,18,55
207000125,62,42,20
207000126,42,56,-14
207000134,90,120,-30
207000135,15,152,-137
207000148,46,242,-196
207000149,54,37,17
207000152,129,328,-199
207000153,672,1088,-416
207000154,302,119,183
207000159,109,114,-5
207000160,129,224,-95
207000238,0,130,-130
207000242,8,120,-112
207000248,24,15,9
207000249,78,22,56
207000250,314,42,272
207000251,62,46,16
207000252,48,33,15
207000278,73,52,21
207000279,17,72,-55
207000280,595,53,542
207000281,120,525,-405
207000282,156,99,57
207000283,72,177,-105
207000284,65,225,-160
207000285,76,119,-43
207000291,9,60,-51
207000304,97,72,25
207000306,72,329,-257
207000310,105,79,26
207000353,215,0,215
207000356,9,31,-22
207000357,12,9,3
207000358,5,17,-12
207000415,6,118,-112
207000417,64,4,60
207000418,91,111,-20
207000438,0,6,-6
207000439,687,559,128
207000446,160,5,155
207000460,35,12,23
207000466,147,99,48
207000467,202,79,123
207000468,39,164,-125
207000476,5,41,-36
207000477,585,49,536
207000478,2,28,-26
207000523,0,11,-11
207000524,64,0,64
207000527,129,98,31
207000530,450,6,444
207000531,301,10,291
207000532,59,19,40
207000534,282,45,237
207000535,27,310,-283
207000537,17,85,-68
207000540,5,92,-87
207000541,2,187,-185
207000548,14,147,-133
207000549,264,16,248
207000561,136,162,-26
207000562,24,98,-74
207000567,160,216,-56
207000568,175,25,150
207000569,296,329,-33
207000584,208,101,107
207000585,39,249,-210
207000587,115,8,107
207000616,0,78,-78
207000617,100,0,100
207000624,43,37,6
207000631,9,64,-55
207900008,197,48,149
208000001,435,953,-518
208000002,540,511,29
208000003,1048,347,701
208000004,1078,694,384
208000005,6,5,1
208000019,529,718,-189
208000020,168,356,-188
208000021,227,226,1
208000022,948,392,556
208000028,877,860,17
208000033,566,398,168
208000034,850,1054,-204
208000037,198,14,184
208000040,149,125,24
208000041,772,444,328
208000042,1218,463,755
208000047,133,168,-35
208000064,1747,1224,523
208000066,1295,1885,-590
208000070,354,225,129
208000071,413,523,-110
208000072,380,828,-448
208000080,314,327,-13
208000081,406,118,288
208000082,225,168,57
208000083,136,288,-152
208000084,5,16,-11
208000085,719,458,261
208000086,360,719,-359
208000087,295,501,-206
208000089,1049,271,778
208000090,1019,465,554
208000093,120,169,-49
208000094,528,291,237
208000095,534,328,206
208000104,840,588,252
208000105,584,670,-86
208000114,72,305,-233
208000115,368,244,124
208000116,534,931,-397
208000117,112,164,-52
208000118,71,133,-62
208000155,556,757,-201
208000158,1108,3223,-2115
208000186,2500,3779,-1279
208000204,613,818,-205
208000205,979,668,311
208000282,3864,2571,1293
209000004,278,116,162
209000005,29,32,-3
209000006,323,174,149
209000007,191,289,-98
209000010,328,113,215
209000011,94,181,-87
209000012,107,102,5
209000013,168,188,-20
209000014,332,546,-214
209000025,303,59,244
209000026,603,102,501
209000027,306,450,-144
209000028,254,321,-67
209000029,383,372,11
209000030,346,620,-274
209000031,1373,1184,189
209000034,192,309,-117
209000035,159,212,-53
209000036,220,119,101
209000037,319,188,131
209000038,170,184,-14
209000039,106,179,-73
209000040,245,435,-190
209000041,147,361,-214
209000042,265,299,-34
209000043,583,683,-100
209000044,227,730,-503
209000045,1039,300,739
209000046,447,278,169
209000047,412,120,292
209000048,547,216,331
209000049,73,76,-3
209000050,136,87,49
209000051,217,182,35
209000052,118,157,-39
209000062,45,49,-4
209000063,43,35,8
209000064,37,38,-1
209000065,132,33,99
209000066,94,26,68
209000067,105,27,78
209000080,12,126,-114
209000082,77,31,46
209000091,36,76,-40
209000093,34,20,14
209000094,104,132,-28
209000110,47,143,-96
209000111,430,1076,-646
209000112,890,412,478
209000113,1377,396,981
209000114,637,359,278
209000115,59,63,-4
209000116,386,259,127
209000118,10,53,-43
209000119,16,11,5
209000121,107,288,-181
209000135,59,195,-136
209000142,529,1270,-741
209000143,54,45,9
209000144,50,98,-48
209000229,253,97,156
209000240,11,187,-176
209000259,56,77,-21
209000260,29,605,-576
209000261,2,366,-364
209000262,1,288,-287
209000263,0,123,-123
209000264,0,139,-139
209000265,319,6,313
209000266,73,1,72
209000267,764,2,762
209000268,561,39,522
210000037,63,28,35
210000047,69,17,52
210000048,89,16,73
210000049,57,8,49
210000052,54,25,29
210000053,31,42,-11
210000054,32,65,-33
210000070,134,2,132
210000071,99,0,99
210000072,41,0,41
210000073,0,19,-19
210000074,2,87,-85
210000075,2,99,-97
210000076,7,129,-122
210000077,10,46,-36
210000078,37,38,-1
210000079,28,9,19
210000080,88,79,9
210000081,156,16,140
210000082,85,3,82
210000083,86,1,85
210000084,37,0,37
210000085,0,41,-41
210000086,1,67,-66
210000099,26,148,-122
210000100,34,145,-111
210000101,60,114,-54
210000105,25,146,-121
210000159,0,116,-116
210000163,75,227,-152
210000164,225,163,62
210000168,178,41,137
210000187,0,16,-16
210000188,0,13,-13
210000214,21,2,19
210000219,32,40,-8
210000220,109,53,56
210000232,1,15,-14
210000233,26,33,-7
210000234,19,76,-57
210000235,46,46,0
210000245,3,25,-22
210000246,39,11,28
210000258,12,56,-44
210000259,246,56,190
210000282,63,163,-100
210000285,2,114,-112
210000286,13,100,-87
210000290,9,7,2
210000295,41,65,-24
210000296,44,26,18
210000320,171,69,102
210000321,106,34,72
210000338,33,36,-3
210000339,227,1037,-810
210000340,81,312,-231
210000341,158,213,-55
210000342,184,170,14
210000343,132,158,-26
210000344,124,124,0
210000345,117,160,-43
210000346,77,83,-6
210000347,36,34,2
210000348,99,35,64
210000349,70,33,37
210000350,138,49,89
210000351,180,67,113
210000352,71,65,6
210000353,46,86,-40
210000354,49,51,-2
210000355,31,61,-30
210000356,26,67,-41
210000357,52,69,-17
210000358,248,107,141
210000359,112,98,14
210000360,145,121,24
210000361,178,113,65
210000362,203,161,42
210000363,604,221,383
210000364,94,136,-42
210000365,93,64,29
210000366,118,34,84
210000367,109,22,87
210000368,167,29,138
210000369,16,55,-39
210000370,48,30,18
210000372,20,22,-2
210000373,21,7,14
210000374,55,75,-20
210000375,44,56,-12
210000376,60,109,-49
210000404,62,89,-27
210000439,24,32,-8
210000472,64,3,61
210000482,56,79,-23
210000564,223,283,-60
210000567,1,31,-30
210000568,328,10,318
211000092,22,52,-30
211000094,25,6,19
211000169,206,12,194
211000172,12,233,-221
211000209,0,17,-17
211000226,10,21,-11
211000270,23,10,13
211000275,19,6,13
211000276,91,14,77
211000279,15,15,0
211000281,65,14,51
211000302,12,45,-33
211507980,4,33,-29
211977296,46,10,36
212000003,107,44,63
212000004,24,39,-15
212000005,28,38,-10
212000006,33,38,-5
212000008,199,115,84
212000009,38,117,-79
212000012,88,58,30
212000013,26,37,-11
212000014,226,117,109
212000015,221,147,74
212000016,444,389,55
212000027,406,293,113
212000028,301,248,53
212000029,211,204,7
212000030,50,18,32
212000031,45,44,1
212000048,30,125,-95
212000049,20,72,-52
212000050,15,10,5
212000051,224,152,72
212000052,185,171,14
212000053,378,312,66
212000054,251,70,181
212000055,250,129,121
212000056,25,32,-7
212000057,15,22,-7
212000058,168,22,146
212000070,107,118,-11
212000077,117,358,-241
212000099,222,204,18
212000108,137,180,-43
212000111,204,76,128
212000120,76,70,6
212000138,139,21,118
212000156,7,61,-54
212000158,22,20,2
212000159,424,39,385
212000160,600,179,421
212000161,80,10,70
212000310,30,13,17
212000311,6,43,-37
212000374,32,13,19
213000001,19,212,-193
213000005,329,110,219
213000006,733,306,427
213000007,89,3,86
213000009,673,358,315
213000010,166,255,-89
213000011,145,82,63
213000012,91,203,-112
213000014,59,21,38
213000015,257,8,249
213000016,325,0,325
213000017,84,0,84
213000018,6,114,-108
213000019,1,104,-103
213000020,97,219,-122
213000021,2,84,-82
213000023,358,191,167
213000033,337,1260,-923
213000034,675,197,478
213000035,97,156,-59
213000045,155,222,-67
213000046,169,122,47
213000047,584,1127,-543
213000056,116,25,91
213000069,131,5,126
213000073,2,70,-68
213000074,62,264,-202
213000075,531,7,524
213000076,28,1,27
213000085,10,22,-12
213000086,13,101,-88
213000091,176,7,169
213000092,94,10,84
213000099,184,1005,-821
213000100,874,261,613
213000101,384,75,309
213000102,426,166,260
213000103,719,542,177
213000104,55,231,-176
213000105,5,206,-201
213000106,17,70,-53
213000107,144,374,-230
213000108,34,276,-242
213000109,22,145,-123
213000110,10,46,-36
213000111,9,70,-61
213000112,85,110,-25
213000115,47,8,39
213000116,43,261,-218
213000117,6,398,-392
213000118,475,235,240
213000119,35,386,-351
213000120,85,251,-166
213000122,86,322,-236
213000123,232,681,-449
213000124,92,708,-616
213000125,147,17,130
213000126,21,125,-104
213000127,75,173,-98
213000128,304,937,-633
213000129,256,680,-424
213000130,542,291,251
213000132,353,106,247
213000133,495,71,424
213000134,802,26,776
213000136,535,29,506
213000137,595,82,513
213000139,279,21,258
213000147,44,12,32
213000148,39,21,18
213000149,34,0,34
213000150,0,135,-135
213000151,4,114,-110
213000152,3,91,-88
213000153,7,159,-152
213000154,46,137,-91
213000155,40,180,-140
213000156,89,285,-196
213000157,472,277,195
213000158,321,732,-411
213000159,554,356,198
213000163,850,80,770
213000165,828,246,582
213000171,1,52,-51
213000172,3,144,-141
213000173,2,125,-123
213000174,1,84,-83
213000175,4,38,-34
213000176,42,27,15
213000177,59,7,52
213000178,164,6,158
213000179,227,3,224
213000180,202,1,201
213000184,71,278,-207
213000188,249,72,177
213000189,338,43,295
213000190,601,459,142
213000191,270,242,28
213000192,246,197,49
213000193,537,176,361
213000194,0,69,-69
213000195,16,279,-263
213000196,205,967,-762
213000197,396,430,-34
213000198,48,1,47
213000200,111,564,-453
213000201,65,57,8
213000202,14,390,-376
213000203,2323,554,1769
213000204,696,62,634
213000205,244,66,178
213000206,377,44,333
213000207,164,10,154
213000208,96,1,95
213000209,157,5,152
213000210,273,6,267
213000211,11,19,-8
213000212,19,32,-13
213000213,27,62,-35
213000218,181,308,-127
213000219,411,12,399
213000220,372,8,364
213000223,143,251,-108
213000224,96,63,33
213000225,65,13,52
213000226,82,18,64
213000227,902,189,713
213000228,371,106,265
213000229,170,31,139
213000230,511,21,490
213000232,43,813,-770
213000233,14,140,-126
213000234,6,52,-46
213000293,15,78,-63
213000294,170,27,143
213000295,21,98,-77
213000296,66,17,49
213000297,4,53,-49
213000298,7,58,-51
213000299,36,26,10
213000300,22,7,15
213000303,7,26,-19
213000304,4,13,-9
213000305,5,14,-9
213000306,53,34,19
213000307,116,54,62
213000308,70,103,-33
213000309,116,59,57
213000310,288,166,122
213000311,191,606,-415
213000315,70,63,7
213000316,160,52,108
213000322,59,107,-48
213000323,118,47,71
213000324,49,22,27
213000325,38,58,-20
213000326,20,8,12
213000327,24,21,3
213000328,17,103,-86
213000329,97,10,87
213000340,118,301,-183
213000341,520,77,443
213000346,121,184,-63
213000347,434,339,95
213000348,8,136,-128
213000349,32,12,20
213000350,222,616,-394
213000366,62,207,-145
213000367,260,22,238
213000379,83,74,9
213000386,10,238,-228
213000406,63,294,-231
213000417,1100,388,712
213000425,182,28,154
213000426,170,48,122
213000427,46,146,-100
213000428,51,104,-53
213000429,25,4,21
213000430,80,392,-312
213000431,132,3,129
213000432,2,49,-47
213000433,12,61,-49
213000434,73,80,-7
213000435,152,58,94
213000436,38,58,-20
213000437,1,5,-4
213000438,141,37,104
213000439,40,23,17
213000440,3,208,-205
213000441,2,2,0
213000442,2,24,-22
213000443,311,279,32
213000444,37,15,22
213000445,0,70,-70
213000446,4,57,-53
213000447,4,39,-35
213000448,8,116,-108
213000449,290,2,288
213000450,22,36,-14
213000451,164,35,129
213000452,6,15,-9
213000453,39,169,-130
213000455,450,12,438
213000456,0,290,-290
213000481,8,8,0
213000482,32,2,30
213000489,166,53,113
213000491,4,173,-169
213000492,210,3,207
213000493,0,114,-114
213000494,222,86,136
213000495,0,72,-72
213000496,339,108,231
213000497,32,213,-181
213000498,104,130,-26
213000499,166,283,-117
213000500,475,34,441
213000501,110,21,89
213000502,129,48,81
213000503,0,45,-45
213000504,9,63,-54
213000505,11,8,3
213000506,0,8,-8
213000507,3,109,-106
213900244,50,0,50
213900245,0,15,-15
218000003,28,20,8
218000004,19,16,3
218000005,35,35,0
218000006,49,24,25
218000007,6,10,-4
218000012,138,85,53
218000013,89,115,-26
218000014,379,366,13
218000019,618,448,170
218000020,189,327,-138
218000021,15,25,-10
218000022,2,5,-3
218000023,2,8,-6
218000024,1,1,0
218000025,7,10,-3
218000026,2,11,-9
218000027,0,6,-6
218000028,1,3,-2
218000029,1,4,-3
218000030,11,18,-7
218000031,1,6,-5
218000032,1,10,-9
218000040,6,5,1
218000046,37,76,-39
218000047,2,107,-105
218000048,55,48,7
218000049,85,73,12
218000050,232,190,42
218000051,34,177,-143
218000052,2,69,-67
218000053,2,9,-7
218000054,5,67,-62
218000055,4,23,-19
218000056,17,31,-14
218000057,4,26,-22
218000064,3,8,-5
218000065,122,16,106
218000066,6,38,-32
218000067,44,65,-21
218000068,102,42,60
218000069,149,83,66
218000070,126,183,-57
218000071,167,176,-9
218000072,188,157,31
218000078,930,518,412
218000079,81,49,32
218000080,100,30,70
218000081,380,111,269
218000082,39,83,-44
218000083,93,55,38
218000084,152,110,42
218000085,150,208,-58
218000086,89,68,21
218000087,134,106,28
218000090,12,80,-68
218000091,912,456,456
218000092,72,109,-37
218000093,73,27,46
218000094,457,433,24
218000099,294,618,-324
218000100,258,267,-9
218000101,230,129,101
218000102,372,187,185
218000103,50,83,-33
218000104,80,30,50
218000105,43,26,17
218000106,11,4,7
218000107,66,52,14
218000108,9,31,-22
218000112,40,28,12
218000117,43,49,-6
218000134,515,379,136
218000135,38,75,-37
218000136,145,134,11
218000137,196,194,2
218000138,27,105,-78
218000139,157,234,-77
218000140,450,237,213
218000141,86,65,21
218000142,244,117,127
218000143,128,230,-102
218000144,61,82,-21
218000145,396,272,124
218000146,75,156,-81
218000151,17,17,0
218000152,76,54,22
218000153,7,1,6
218000154,7,0,7
218000155,10,1,9
218000156,35,13,22
218000157,26,8,18
218000158,5,5,0
218000159,1,0,1
218000160,5,0,5
218000161,15,1,14
218000162,36,6,30
218000163,11,2,9
218000164,40,7,33
218000165,42,10,32
218000170,5,38,-33
218000171,36,6,30
218000172,14,9,5
218000173,20,7,13
218000174,25,5,20
218000176,101,12,89
218000177,189,169,20
218000178,65,142,-77
218000179,91,62,29
218000180,47,30,17
218000181,96,18,78
218000187,2,28,-26
218000188,39,34,5
218000189,15,48,-33
218000190,15,9,6
218000191,115,40,75
218000192,140,104,36
218000193,374,205,169
218000194,99,163,-64
218000195,71,33,38
218000196,283,150,133
218000197,318,176,142
218000198,22,57,-35
218000199,41,17,24
218000200,62,33,29
218000201,15,13,2
218000202,58,221,-163
218000207,1,14,-13
218000208,29,60,-31
218000211,59,22,37
218000212,0,13,-13
218000213,73,70,3
218000214,2,28,-26
218000215,23,44,-21
218000217,5,54,-49
218000218,102,36,66
218000219,8,13,-5
218000220,41,279,-238
218000221,448,173,275
218000222,6,41,-35
218000223,29,215,-186
218000224,13,109,-96
218000225,100,16,84
218000226,74,42,32
218000230,0,11,-11
218000232,31,42,-11
218000239,196,15,181
218000240,20,12,8
218000241,50,5,45
218000242,82,5,77
218000243,62,4,58
218000244,77,8,69
218000245,80,3,77
218000246,15,0,15
218000247,5,1,4
218000248,0,33,-33
218000249,0,2,-2
218000250,4,6,-2
218000251,7,24,-17
218000252,7,57,-50
218000253,1,69,-68
218000254,0,38,-38
218000255,3,24,-21
218000256,11,105,-94
218000267,368,857,-489
218000268,9,39,-30
218000269,1,15,-14
218000270,103,28,75
218000271,14,39,-25
218000273,17,5,12
218000274,13,3,10
218000275,21,19,2
218000276,10,19,-9
218000278,26,41,-15
218000279,111,31,80
218000280,6,37,-31
218000281,20,19,1
218000282,430,422,8
218000284,45,3,42
218000301,101,120,-19
218000302,97,41,56
218000303,22,63,-41
218000316,585,762,-177
218000317,1119,721,398
218000318,769,497,272
218000319,959,610,349
218000320,913,486,427
218000338,37,25,12
218000345,91,59,32
218000346,30,131,-101
218000459,31,116,-85
218000490,28,38,-10
218000501,93,21,72
218000502,57,67,-10
218000503,116,6,110
218000504,240,38,202
218000505,48,105,-57
218000506,22,200,-178
218000508,6,13,-7
218000510,151,11,140
218000520,142,63,79
218000521,18,55,-37
218000522,0,81,-81
218000523,125,12,113
218000524,33,294,-261
218000525,173,18,155
218000526,24,138,-114
218000529,54,140,-86
218000530,4,3,1
218000531,21,12,9
218000532,41,9,32
218000534,163,16,147
218000537,19,43,-24
218000538,101,172,-71
218000540,124,65,59
218000543,138,42,96
218000544,26,63,-37
218000545,49,63,-14
218000546,39,46,-7
218000547,66,129,-63
218000548,107,83,24
218000549,309,349,-40
218000550,166,218,-52
218000551,142,665,-523
218000552,243,43,200
218000553,60,256,-196
218000554,31,39,-8
218000555,32,56,-24
218000556,202,149,53
218000557,254,183,71
218000558,71,1,70
218000559,0,56,-56
218000560,0,37,-37
218000561,24,0,24
218000562,45,183,-138
218000563,202,14,188
218000564,4,155,-151
218000565,152,32,120
218000566,385,30,355
218000567,1,109,-108
218000568,31,3,28
218000569,19,226,-207
218000570,155,14,141
218000571,1,102,-101
218000572,144,2,142
218000573,16,265,-249
218000574,175,38,137
218000575,131,2,129
218000576,2,80,-78
218000577,113,2,111
218000578,2,50,-48
218000579,27,4,23
218000581,7,32,-25
218000582,30,4,26
218000583,7,0,7
218000584,0,11,-11
218000585,51,4,47
218000586,11,26,-15
218000587,5,1,4
218000588,3,2,1
218000589,1,5,-4
218000590,11,2,9
218000591,0,4,-4
218000592,4,1,3
218000593,1,0,1
218000594,0,1,-1
218000597,0,0,0
218000598,0,0,0
218000599,1,1,0
218000600,1,1,0
218000601,0,0,0
218000602,0,5,-5
218000603,0,2,-2
218000604,8,1,7
218000605,0,45,-45
218000606,78,1,77
218000607,9,34,-25
218000608,36,17,19
218000609,8,23,-15
218000610,74,5,69
218000611,17,1,16
218000612,0,23,-23
218000613,38,1,37
218000614,0,41,-41
218000615,187,0,187
218000616,3,90,-87
218000617,23,0,23
218000618,3,15,-12
218000619,12,14,-2
218000620,13,7,6
218000621,0,3,-3
218000622,0,7,-7
218000623,74,5,69
218000624,2,8,-6
218000625,7,2,5
218000626,0,16,-16
218000628,147,20,127
218000631,49,14,35
218000632,3,64,-61
218000633,102,0,102
218000634,18,14,4
218000635,18,12,6
218000636,716,677,39
218000637,832,280,552
218000638,149,25,124
218000639,11,88,-77
218000640,254,8,246
218000641,58,183,-125
218000652,28,44,-16
218000653,129,47,82
218000663,10,183,-173
218000675,213,51,162
218000676,0,6,-6
218000677,14,4,10
218000680,214,295,-81
218000681,347,132,215
218000691,223,151,72
218000693,243,144,99
218000703,1,11,-10
218000718,204,761,-557
218000719,315,390,-75
218000720,28,438,-410
218000721,315,36,279
218000725,3,3,0
218001147,2,76,-74
218001214,6,47,-41
218001258,149,7,142
218001329,95,128,-33
218001330,110,76,34
218001351,32,21,11
218001352,30,26,4
218001353,12,11,1
218001354,8,33,-25
218001355,10,116,-106
218001356,332,15,317
218001357,38,92,-54
218001358,268,15,253
218001361,259,3,256
218001362,1,66,-65
219000001,14,24,-10
219000002,41,43,-2
219000003,41,25,16
219000004,45,54,-9
219000017,46,50,-4
219000020,116,36,80
219000022,123,1,122
219000023,39,1,38
219000029,1,54,-53
219000034,45,48,-3
219000039,23,166,-143
219000040,48,93,-45
219000041,100,32,68
219000051,0,28,-28
219000052,1,20,-19
219000053,0,60,-60
219000054,11,55,-44
219000055,191,0,191
219000056,5,4,1
219000057,59,3,56
219000062,15,69,-54
219000063,48,5,43
219000064,3,62,-59
219000110,289,97,192
219000111,82,54,28
219000112,189,52,137
219000113,143,27,116
219000114,140,31,109
219000116,90,42,48
219000117,123,25,98
219000118,124,27,97
219000123,133,53,80
219000124,44,38,6
219000125,9,9,0
219000126,45,99,-54
219000127,0,8,-8
219000128,7,108,-101
219000129,23,99,-76
219000130,356,446,-90
219000131,564,793,-229
219000133,42,30,12
219000134,12,23,-11
219000135,23,50,-27
219000136,101,153,-52
219000138,74,8,66
219000139,52,34,18
219000140,48,9,39
219000141,28,62,-34
219000142,8,48,-40
219000143,15,55,-40
219000145,16,60,-44
219000146,0,26,-26
219000147,2,13,-11
219000148,4,17,-13
219000149,4,43,-39
219000150,2,37,-35
219000151,2,15,-13
219000157,177,96,81
219000158,149,142,7
219000161,57,14,43
219000163,996,425,571
219000166,101,168,-67
219000167,107,114,-7
219000168,200,77,123
219000174,382,173,209
219000175,52,4,48
219000176,106,4,102
219000177,55,3,52
219000178,43,1,42
219000179,21,2,19
219000180,32,33,-1
219000182,150,19,131
219000183,88,26,62
219000184,104,6,98
219000185,0,25,-25
219000186,47,14,33
219000187,24,53,-29
219000189,55,152,-97
219000190,42,206,-164
219000191,469,1306,-837
219000192,178,122,56
219000193,142,117,25
219000195,2,45,-43
219000196,13,54,-41
219000198,15,63,-48
219000199,48,185,-137
219000200,29,103,-74
219000201,49,145,-96
219000203,26,140,-114
219000204,61,265,-204
219000205,26,157,-131
219000207,129,183,-54
219000209,41,47,-6
219000210,24,107,-83
219000213,8,105,-97
219000239,164,147,17
219000240,141,292,-151
219000241,114,97,17
219000242,35,61,-26
219000243,71,148,-77
219000244,35,48,-13
219000245,24,31,-7
219000246,43,22,21
219000247,128,32,96
219000248,453,506,-53
219000249,105,120,-15
219000250,137,79,58
219000251,441,204,237
219000252,258,120,138
219000253,346,80,266
219000255,101,82,19
219000256,173,78,95
219000257,151,0,151
219000262,64,89,-25
219000263,39,142,-103
219000267,3,47,-44
219000268,4,2,2
219000269,6,7,-1
219000270,11,0,11
219000271,119,4,115
219000278,1,3,-2
219000279,3,3,0
219000283,1,11,-10
219000295,11,57,-46
219000296,36,221,-185
219000297,6,81,-75
219000298,8,75,-67
219000299,366,52,314
219000300,13,127,-114
219000301,134,256,-122
219000302,23,159,-136
219000307,39,24,15
219000308,48,44,4
219000311,182,48,134
219000312,590,114,476
219000313,388,28,360
219000314,33,218,-185
219000315,320,15,305
219000316,501,39,462
219000317,101,9,92
219000320,1,65,-64
219000321,2,18,-16
219000323,2,18,-16
219000325,3,13,-10
219000326,51,41,10
219000327,69,16,53
219000328,37,32,5
219000329,181,108,73
219000330,41,18,23
219000331,57,29,28
219000332,117,76,41
219000333,19,1,18
219000335,69,6,63
219000337,23,1,22
219000338,69,2,67
219000344,9,44,-35
219000345,57,54,3
219000346,43,65,-22
219000348,131,44,87
219000349,23,106,-83
219000350,45,336,-291
219000351,15,9,6
219000352,160,96,64
219000353,98,50,48
219000354,174,51,123
219000355,122,43,79
219000356,753,1247,-494
219000363,170,52,118
219000364,79,49,30
219000365,72,27,45
219000366,187,260,-73
219000368,306,465,-159
219000370,749,525,224
219000371,7,31,-24
219000382,17,21,-4
219000383,403,942,-539
219000385,285,376,-91
219000386,598,1402,-804
219000387,2,11,-9
219000390,2,3,-1
219000391,3,0,3
219000397,41,38,3
219000398,68,75,-7
219000401,11,67,-56
219000402,27,70,-43
219000403,122,273,-151
219000404,18,113,-95
219000407,2,24,-22
219000409,50,27,23
219000410,91,60,31
219000411,62,17,45
219000446,88,235,-147
219000447,4,14,-10
219000448,5,9,-4
219000452,111,78,33
219000453,51,147,-96
219000454,137,236,-99
219000556,285,69,216
219000558,136,141,-5
219000590,28,123,-95
219000591,86,72,14
219000592,80,213,-133
219000595,2,20,-18
219000635,176,46,130
219000636,22,46,-24
219000657,14,7,7
219000658,22,112,-90
219000673,0,11,-11
219000676,24,2,22
219000679,54,9,45
219000684,93,2,91
219000685,1,25,-24
219000686,0,2,-2
219000688,0,41,-41
219000689,12,163,-151
219000690,104,13,91
219000691,29,164,-135
219000692,225,28,197
219000693,1,7,-6
219000694,10,0,10
219000695,24,1,23
219000698,13,0,13
219000699,0,14,-14
219000727,0,46,-46
219000728,53,0,53
219000770,48,0,48
219000771,5,27,-22
219000788,243,188,55
219001150,0,21,-21
219001151,0,1,-1
219001166,44,25,19
219001167,2,58,-56
219001178,36,1,35
220000001,29,46,-17
220000002,23,76,-53
220000003,269,133,136
220000004,297,249,48
220000005,654,980,-326
220000006,140,534,-394
220000007,325,287,38
220000008,227,511,-284
220000009,261,302,-41
220000010,156,68,88
220000011,318,1847,-1529
220000012,100,164,-64
220000014,104,52,52
220000015,85,215,-130
220000017,71,187,-116
220000018,2735,1175,1560
220000019,81,254,-173
220000020,354,176,178
220000021,702,146,556
220000022,740,299,441
220000023,265,121,144
220000024,1136,354,782
220000025,538,889,-351
220000026,280,316,-36
220000027,31,100,-69
220000028,45,42,3
220000029,36,88,-52
220000030,48,99,-51
220000031,338,284,54
220000064,15,555,-540
221000046,9,0,9
221000047,0,2,-2
221000048,0,1,-1
221000049,0,6,-6
221000050,26,0,26
221000055,34,51,-17
221000057,89,8,81
221000068,278,140,138
221000069,302,70,232
221000070,152,24,128
221000071,102,11,91
221000072,213,14,199
221000073,132,42,90
221000074,0,16,-16
221000075,22,25,-3
221000076,9,14,-5
221000077,16,87,-71
221000081,17,5,12
221000082,58,6,52
221000083,22,7,15
221000084,2,3,-1
221000085,9,22,-13
221000086,12,68,-56
221000087,5,92,-87
221000088,13,152,-139
221000089,38,177,-139
221000090,90,415,-325
221000098,107,16,91
221000099,180,11,169
221000100,104,2,102
221000101,219,18,201
221000102,143,8,135
221000109,6,58,-52
221000110,4,47,-43
221000111,4,181,-177
221000112,1,121,-120
221000113,17,104,-87
221000114,8,73,-65
221000120,41,17,24
221000121,10,32,-22
221000122,29,23,6
221000123,16,20,-4
221000124,26,91,-65
221000155,64,24,40
221000156,50,54,-4
221000175,2,8,-6
221000176,1,5,-4
221000182,42,9,33
221000241,698,281,417
221000242,107,373,-266
221000243,551,203,348
221000244,130,416,-286
221000245,114,115,-1
221000246,33,230,-197
221000247,115,116,-1
221000248,174,151,23
221000267,43,395,-352
221000325,56,52,4
221000331,2,36,-34
221000338,13,20,-7
221000378,159,36,123
221000381,33,22,11
222000282,8,1,7
222000296,3,12,-9
222000568,282,16,266
222000569,135,37,98
222000570,133,17,116
222000571,263,17,246
222000577,3,70,-67
222000578,18,107,-89
222000579,17,98,-81
222000580,53,514,-461
222000599,0,56,-56
222000600,0,167,-167
222000601,5,631,-626
222000603,26,39,-13
222000604,9,35,-26
222000605,15,29,-14
222000606,5,17,-12
222000607,5,11,-6
222000608,38,8,30
222000609,86,105,-19
222000616,325,51,274
222000617,8,35,-27
222000618,14,4,10
222000620,43,13,30
222000621,32,13,19
222000623,450,7,443
222000624,380,2,378
222000625,460,12,448
222000636,67,3,64
222000686,25,15,10
222000687,34,29,5
222001066,178,2,176
222001067,7,0,7
222001068,45,17,28
222001069,36,22,14
222001082,13,18,-5
222001083,17,28,-11
222001084,0,39,-39
222001085,3,68,-65
222001111,27,59,-32
222001112,114,15,99
222001313,25,7,18
222001314,12,96,-84
222001464,134,52,82
222001465,60,103,-43
222001484,125,53,72
222001485,31,29,2
222001494,359,105,254
222001495,104,140,-36
222001496,304,75,229
222001497,63,240,-177
222001502,18,56,-38
222001503,108,26,82
222001504,31,154,-123
222001505,232,15,217
222001506,33,226,-193
222001507,188,22,166
222001510,399,24,375
222001511,38,199,-161
222001514,434,138,296
222001515,154,312,-158
222001518,257,40,217
222001519,24,114,-90
222001527,152,42,110
222001528,33,98,-65
222001529,233,29,204
222001530,67,121,-54
222001533,92,143,-51
222001534,270,48,222
222001535,228,198,30
222001536,47,170,-123
222001537,278,53,225
222001538,96,276,-180
222001563,684,58,626
222001564,54,293,-239
222001568,386,149,237
222001576,3,2,1
222001579,0,19,-19
222001583,15,78,-63
222001584,62,11,51
222001596,320,746,-426
222001597,1093,251,842
222001626,0,65,-65
222001650,55,106,-51
222001651,70,188,-118
222001914,105,36,69
222001915,19,159,-140
222001968,458,262,196
222001969,251,395,-144
222001970,187,158,29
222001971,16,6,10
222001972,1,14,-13
225000001,352,145,207
225000002,440,155,285
225000003,601,82,519
225000004,360,150,210
225000005,72,54,18
225000006,1,165,-164
225000007,846,913,-67
225000010,247,28,219
225000011,253,703,-450
225000012,224,403,-179
225000013,73,63,10
225000014,454,92,362
225000015,98,123,-25
225000021,648,157,491
225000027,170,335,-165
225000032,563,73,490
225000042,37,349,-312
225000049,21,50,-29
225000050,81,11,70
225000053,8,211,-203
225000058,515,104,411
225000067,151,136,15
225000068,92,174,-82
225000069,104,289,-185
225000070,92,277,-185
225000071,36,85,-49
225000075,22,405,-383
225000076,36,84,-48
225000078,55,56,-1
225000085,50,105,-55
225000086,194,56,138
225000087,181,18,163
225000088,12,171,-159
225000089,165,793,-628
225000090,17,302,-285
225000091,198,81,117
225000092,49,69,-20
225000093,217,207,10
225000094,9,171,-162
225000095,244,234,10
225000096,265,288,-23
225000098,713,240,473
225000099,273,104,169
225000100,343,112,231
225000104,60,259,-199
225000110,9,250,-241
225000111,141,566,-425
225000112,214,763,-549
225000113,111,465,-354
225000114,53,168,-115
225000115,910,427,483
225000116,783,185,598
225000117,604,152,452
225000118,787,153,634
225000119,183,46,137
225000120,481,25,456
225000121,149,17,132
225000123,465,28,437
225000125,409,180,229
225000126,551,145,406
225000127,632,910,-278
225000128,440,615,-175
225000132,272,16,256
225000133,203,23,180
225000134,538,117,421
225000135,77,6,71
225000136,280,11,269
225000137,163,25,138
225000138,321,52,269
225000143,31,152,-121
225000144,5,219,-214
225000145,34,21,13
225000146,51,65,-14
225000147,37,155,-118
225000148,6,118,-112
225000149,42,275,-233
225000151,24,102,-78
225000155,325,258,67
225000156,102,498,-396
225000157,162,252,-90
225000158,58,173,-115
225000171,8,119,-111
225000180,58,18,40
225000181,0,39,-39
225000182,93,3,90
225000185,6,285,-279
225000187,24,212,-188
225000191,112,2,110
225000194,0,7,-7
225000208,1,26,-25
225000209,78,6,72
225000210,3,163,-160
225000217,0,17,-17
225000218,6,2,4
225000223,0,59,-59
225000224,31,0,31
225000225,0,46,-46
225000226,51,0,51
225000227,30,70,-40
225000228,9,4,5
225000229,1,48,-47
225000230,11,0,11
225000231,0,38,-38
225000232,120,0,120
225000241,62,2,60
225000242,0,37,-37
225000249,20,1,19
225000250,26,425,-399
225000251,306,19,287
226000042,222,251,-29
226000043,27,167,-140
226000044,88,264,-176
226000045,48,212,-164
226000046,340,66,274
226000047,340,76,264
226000048,321,91,230
226000049,214,185,29
226000070,0,37,-37
226000071,2,59,-57
226000072,0,7,-7
226000073,0,8,-8
226000074,1,6,-5
226000084,5,32,-27
226000085,4,6,-2
226000086,7,19,-12
226000087,1,12,-11
226000088,15,12,3
226000090,71,111,-40
226000091,14,34,-20
226000092,4,10,-6
226000093,18,5,13
226000094,2,5,-3
226000095,22,5,17
226000105,10,7,3
226000106,6,0,6
226000107,11,0,11
226000108,39,0,39
226000109,83,0,83
226000124,79,61,18
226000134,613,301,312
226000135,1098,451,647
226000136,383,261,122
226000137,3,218,-215
226000138,14,129,-115
226000139,3,15,-12
226000156,206,7,199
226000157,166,6,160
226000163,32,53,-21
226000202,4,165,-161
226000231,433,7,426
226000232,36,5,31
227000033,325,52,273
227000036,399,28,371
227000037,285,13,272
227000038,220,45,175
227000049,0,22,-22
227000050,0,43,-43
227000055,67,1,66
227000056,31,1,30
227000084,2,71,-69
227000085,0,57,-57
227000088,40,12,28
227000089,77,4,73
227000090,41,6,35
227000091,32,2,30
227000093,132,0,132
227000094,15,0,15
227000130,27,84,-57
227000131,9,125,-116
227000132,7,103,-96
227000133,15,81,-66
227000134,16,190,-174
227000152,0,7,-7
227000153,0,58,-58
227000155,3,17,-14
227000156,2,13,-11
227000165,10,59,-49
227000196,300,121,179
227000199,288,256,32
227000230,8,254,-246
227000232,400,18,382
227000242,70,371,-301
227000243,397,78,319
227000245,14,248,-234
227000246,109,331,-222
227000247,344,82,262
227000248,129,28,101
227000249,16,91,-75
227000250,384,184,200
227000251,94,243,-149
227000252,27,205,-178
227000253,153,20,133
227000262,449,51,398
227000266,970,19,951
227000267,17,967,-950
227000282,7,84,-77
227000284,452,15,437
227000286,6,40,-34
227000287,14,37,-23
227000291,8,245,-237
227000484,194,10,184
227000485,13,581,-568
227000655,123,11,112
227000656,505,25,480
227000657,67,6,61
227000661,296,19,277
227000680,152,43,109
229000265,6,32,-26
229000296,0,15,-15
229000297,10,7,3
229000298,4,84,-80
229000320,10,5,5
229000321,23,0,23
229000412,16,41,-25
229000414,8,28,-20
229000415,29,0,29
229000416,0,6,-6
229000417,6,9,-3
229000419,76,225,-149
229000440,282,65,217
229000442,18,0,18
229000443,9,0,9
229000444,2,31,-29
229000445,57,6,51
229000446,43,12,31
229000491,0,8,-8
229000492,5,42,-37
229000493,3,20,-17
229000494,29,0,29
229000495,73,1,72
229000496,32,0,32
229000507,0,31,-31
229000508,0,13,-13
229000509,1,21,-20
229000510,2,28,-26
229000511,3,27,-24
229000512,1,16,-15
229000513,0,3,-3
229000514,0,2,-2
229000517,0,1,-1
229000518,8,9,-1
229000519,3,7,-4
229000520,4,8,-4
229000521,40,9,31
229000522,8,6,2
229000523,6,6,0
229000524,2,6,-4
229000527,0,0,0
229000528,1,0,1
229000529,4,0,4
229000530,22,0,22
229000531,27,0,27
229000532,10,0,10
229000533,43,0,43
229000534,25,1,24
229000564,25,1,24
229000565,15,0,15
229000566,0,1,-1
229000567,0,14,-14
229000582,45,2,43
229000583,2,0,2
229000584,0,8,-8
229000585,0,27,-27
229000718,0,2,-2
229000719,0,2,-2
229000720,0,6,-6
229000721,0,5,-5
229000722,0,8,-8
229000723,0,2,-2
229000724,0,1,-1
229000725,0,2,-2
229000738,1,0,1
229000739,2,0,2
229000740,0,0,0
229000741,11,0,11
229000742,3,0,3
229000743,5,0,5
229000744,1,0,1
229000745,0,0,0
229000746,8,0,8
229000847,43,0,43
229000848,10,0,10
229000849,80,1,79
229000851,25,0,25
229000854,1,14,-13
229000856,0,51,-51
229000857,0,17,-17
229000858,0,33,-33
229000919,11,47,-36
229000930,3,152,-149
229000937,87,6,81
229000966,53,11,42
229000981,25,15,10
229000985,2,19,-17
229000986,2,5,-3
229000987,0,0,0
229000988,0,0,0
229000989,9,5,4
229000990,0,0,0
229000991,3,0,3
229000992,4,7,-3
229000993,67,5,62
229000998,13,29,-16
229000999,34,5,29
229001034,1,6,-5
229001035,1,0,1
229001037,21,12,9
229001042,12,6,6
229001047,11,28,-17
229001050,17,37,-20
229001168,0,9,-9
229001200,12,1,11
229001338,3,12,-9
229001394,193,6,187
229001422,117,17,100
229001423,17,95,-78
229001431,62,77,-15
229001432,29,49,-20
229001444,112,36,76
229001445,15,146,-131
229001479,25,3,22
229001503,206,69,137
229001504,119,102,17
229001505,132,39,93
229001506,51,51,0
229001509,24,19,5
229001545,107,4,103
229001546,3,49,-46
229001553,83,22,61
229001554,16,43,-27
229001559,2,7,-5
229001560,6,12,-6
229001630,49,1,48
229001631,18,11,7
229001635,1,18,-17
229001636,8,0,8
229001658,3,58,-55
229001659,55,0,55
229001660,16,2,14
229001661,10,19,-9
229001662,17,0,17
229001663,0,18,-18
229002584,128,113,15
229002831,109,85,24
229002841,15,8,7
229002842,23,16,7
229002843,51,10,41
229002844,28,27,1
229002845,9,51,-42
229002846,47,4,43
229002847,4,14,-10
229002848,7,7,0
229002849,4,80,-76
229002850,17,0,17
229002851,38,132,-94
229002852,166,10,156
229002853,105,15,90
229002854,34,36,-2
229002855,11,44,-33
229002856,42,17,25
229002857,10,127,-117
229002858,10,13,-3
229002859,23,68,-45
229002860,290,11,279
229002861,37,7,30
229002862,31,13,18
229002863,22,7,15
229002864,31,14,17
229002865,12,7,5
229002866,15,14,1
229002867,0,11,-11
229002868,9,4,5
229002869,27,94,-67
229002870,73,21,52
235000066,375,71,304
235000067,83,78,5
235000072,24,65,-41
235000073,64,259,-195
235000074,25,43,-18
235000080,19,75,-56
235000081,86,91,-5
235000082,231,41,190
235000083,150,73,77
235000084,55,55,0
235000085,123,59,64
235000089,21,25,-4
235000092,19,87,-68
235000093,3,5,-2
235000097,4,9,-5
235000098,59,15,44
235000099,31,16,15
235000116,76,26,50
235000117,466,19,447
235000133,18,380,-362
235000134,8,149,-141
235000206,4,0,4
235000207,1,6,-5
235000208,5,5,0
235000209,19,2,17
235000210,1,1,0
235000212,7,18,-11
235000213,3,18,-15
235000220,12,1,11
235000221,50,31,19
235000238,10,77,-67
235000239,0,23,-23
235000242,246,623,-377
235000245,601,154,447
235000246,15,68,-53
235000284,2,123,-121
235000295,109,15,94
235000305,235,26,209
235000306,203,8,195
235000307,14,4,10
235000308,17,0,17
235000309,54,1,53
235000310,20,0,20
235000311,68,15,53
235000322,0,17,-17
235000323,2,28,-26
235000324,1,9,-8
235000325,0,11,-11
235000326,6,89,-83
235000351,5,37,-32
235000352,7,28,-21
235000353,6,15,-9
235000354,6,32,-26
235000355,16,72,-56
235000356,95,6,89
235000357,59,8,51
235000358,182,10,172
235000359,16,3,13
235000360,31,5,26
235000361,59,1,58
235000381,114,140,-26
235000382,167,25,142
235000390,11,5,6
235000391,125,19,106
235000392,140,280,-140
235000393,88,134,-46
235000395,116,27,89
235000396,396,47,349
235000400,58,54,4
235000401,17,99,-82
235000405,62,149,-87
235000406,60,161,-101
235000407,41,59,-18
235000409,124,87,37
235000410,41,187,-146
235000411,0,65,-65
235000485,0,11,-11
235000486,9,0,9
235000549,59,77,-18
235000550,69,122,-53
235000599,150,55,95
235000600,17,8,9
235000601,17,28,-11
235000602,78,50,28
235000614,0,3,-3
235000648,0,6,-6
235000649,39,3,36
235000685,1,5,-4
235000815,42,64,-22
235000834,0,7,-7
235000855,45,68,-23
235000862,22,97,-75
235000891,0,11,-11
235000892,21,7,14
235000901,61,65,-4
235000907,6,7,-1
235001010,92,57,35
235001029,360,273,87
235001030,317,227,90
235001078,63,116,-53
235001079,45,65,-20
235001147,8,40,-32
235001166,15,49,-34
235001167,48,47,1
235001169,15,237,-222
235001188,0,9,-9
235001189,10,1,9
235001197,8,33,-25
235001200,29,45,-16
235001207,238,22,216
235001210,53,101,-48
235001215,26,110,-84
235001239,0,26,-26
235001244,0,3,-3
235016267,0,28,-28
277101746,0,0,0
277102712,1,0,1
277103813,0,0,0
277103814,0,0,0
277103898,0,1,-1
277104249,0,0,0
277104250,0,11,-11
277104251,0,3,-3
277104252,0,0,0
990011530,1,154,-153
990014944,0,267,-267
990015176,84,46,38
990015618,0,93,-93
990016032,1,208,-207
990032570,0,20,-20
990070001,38,0,38
990070103,0,0,0
990070601,0,32,-32
990070751,766,3,763
990070766,0,252,-252
990071180,380,131,249
990071343,21,5,16
990071387,0,12,-12
990071823,423,3,420
990072600,2,934,-932
990072964,0,220,-220
990073285,0,2,-2
990074393,2,506,-504
990074870,1485,16,1469
990075106,1426,5,1421
990075746,555,8,547
990076437,1184,6,1178
990076458,1,331,-330
997000007,703,13,690
997000041,0,153,-153
997000058,59,0,59
997000062,3,0,3
997000069,0,10,-10
997000070,0,23,-23
997000100,18,0,18
997000141,0,653,-653
997000198,364,1374,-1010
998000475,0,31,-31
998000736,1,108,-107
998000965,1,7,-6
998001031,1,51,-50
998001700,0,5,-5
998001899,0,2,-2
998001900,5,1,4
998003073,697,5,692
998101900,0,0,0
998102850,1,203,-202
998501927,991,724,267
998501929,128,4,124
998501930,29,0,29
998501931,78,5,73
998501932,5,0,5
998501933,37,1,36
998501937,22,0,22
998501944,5,1,4
998501950,0,14,-14
998501970,56,2,54
998501971,1,58,-57
998501973,0,20,-20
998501974,0,189,-189
998501975,70,0,70
998501976,107,0,107
998501977,0,36,-36
998501978,4,0,4
998501979,0,34,-34
998501980,53,11,42
998501981,24,0,24
998501982,1,64,-63
998501983,0,2,-2
998502024,0,8,-8
998502032,0,2,-2
998502062,9,0,9
998502063,0,0,0
998502173,26,0,26
998502269,0,2,-2
998502546,0,120,-120
998502578,7,4,3
998502599,62,75,-13
998601159,0,51,-51
998601292,0,10,-10
999033574,2,233,-231
999800001,18,1,17
999800002,0,3,-3
999800003,1,1,0
999800004,0,2,-2
999800005,0,2,-2
