ID,insum,outsum,diff
100000001,754,1149,-395
100000002,4679,783,3896
100000003,6116,2974,3142
100000004,1686,1298,388
100000005,2431,4593,-2162
100000006,874,116,758
100000007,4393,667,3726
100000008,250,658,-408
100000009,694,182,512
100000010,63,54,9
100000011,696,63,633
100000012,139,779,-640
100000013,17,224,-207
100000014,535,332,203
100000015,2741,2293,448
100000016,1470,1742,-272
100000017,1364,1100,264
100000018,2141,668,1473
100000019,7479,2433,5046
100000020,2073,7289,-5216
100000021,7465,3377,4088
100000022,4440,1569,2871
100000023,9313,1774,7539
100000025,5112,1023,4089
100000028,4356,1245,3111
100000029,656,279,377
100000030,872,110,762
100000031,11516,8399,3117
100000032,3886,4890,-1004
100000033,1660,3150,-1490
100000034,1564,496,1068
100000035,2939,1002,1937
100000036,3702,1487,2215
100000037,644,563,81
100000038,1766,1143,623
100000039,1113,178,935
100000040,285,153,132
100000041,1333,359,974
100000042,1229,447,782
100000043,939,391,548
100000044,436,720,-284
100000045,752,1563,-811
100000046,966,1620,-654
100000047,613,942,-329
100000048,874,766,108
100000049,2198,2950,-752
100000051,679,1369,-690
100000053,125,4,121
100000054,460,45,415
100000055,1354,208,1146
100000056,557,725,-168
100000057,1980,960,1020
100000058,1126,1603,-477
100000059,13,150,-137
100000060,473,388,85
100000061,2582,621,1961
100000062,2305,600,1705
100000063,593,297,296
100000064,1849,440,1409
100000065,671,1041,-370
100000066,289,936,-647
100000067,665,1001,-336
100000068,726,1898,-1172
100000069,342,2036,-1694
100000072,478,1152,-674
100000073,2006,1630,376
100000075,690,411,279
100000076,4659,3361,1298
100000077,1416,204,1212
100000078,167,68,99
100000079,59,83,-24
100000080,39,17,22
100000081,152,38,114
100000102,9674,1731,7943
100000103,6691,1073,5618
100000104,6440,2576,3864
100000105,6008,1267,4741
100000106,4402,2248,2154
100000107,1281,643,638
100000108,2357,1218,1139
100000109,8172,1712,6460
100000116,1988,962,1026
100000117,73,29,44
100000118,2717,1088,1629
100000119,1243,497,746
100000121,260,594,-334
100000122,4193,1156,3037
100000123,4882,7839,-2957
100000124,6735,12435,-5700
100000125,3612,1173,2439
100000126,2183,379,1804
100000127,4445,425,4020
100000128,1575,1665,-90
100000129,884,494,390
100000130,367,680,-313
100000131,3207,4499,-1292
100000132,1615,3235,-1620
100000133,7164,4025,3139
100000135,528,761,-233
100000139,368,206,162
100000140,563,302,261
100000142,384,594,-210
100000143,2174,974,1200
100000144,5157,1008,4149
100000147,1492,3166,-1674
100000150,60,463,-403
100000151,1030,1247,-217
100000153,1324,494,830
100000154,736,150,586
100000155,36,63,-27
100000156,222,92,130
100000157,32,58,-26
100000158,157,71,86
100000159,1678,542,1136
100000165,1843,998,845
100000169,1453,404,1049
100000174,3099,492,2607
100000179,143,498,-355
100000180,1645,1220,425
100000181,312,266,46
100000188,106,526,-420
100000189,1127,353,774
100000190,1083,569,514
100000191,1227,539,688
100000192,113,134,-21
100000193,176,190,-14
100000330,2995,885,2110
100000355,350,612,-262
100000362,6968,3986,2982
100000363,3219,5221,-2002
100000364,632,174,458
100000365,4388,5227,-839
100000366,7096,3417,3679
100000367,5393,4421,972
100000368,3020,2025,995
100000369,1582,2181,-599
100000370,278,484,-206
100000376,229,173,56
100000379,7948,1984,5964
100000380,11181,3049,8132
100000384,10578,5296,5282
100000385,8937,4936,4001
100000386,14916,7282,7634
100000387,13058,5866,7192
100000388,11103,8941,2162
100000389,11205,7288,3917
100000390,11902,5755,6147
100000391,7506,8360,-854
100000392,7660,2841,4819
100000393,3606,3458,148
100000394,13737,5782,7955
100000395,6590,2192,4398
100000396,9334,3011,6323
100000397,5556,2777,2779
100000398,13730,9715,4015
100000413,15,13,2
100900002,49,32,17
100900003,284,128,156
100900004,30,696,-666
100900005,211,24,187
100900006,10,170,-160
100900007,511,14,497
100900008,4,368,-364
100900009,68,75,-7
100900010,28,107,-79
100900011,125,391,-266
100900012,0,211,-211
100900013,563,14,549
100900014,0,13,-13
100900015,183,180,3
100900016,3,36,-33
100900017,985,62,923
100900018,0,13,-13
100900019,23,102,-79
100900020,499,3,496
100900021,370,2,368
100900022,5,6,-1
100900023,0,13,-13
100900024,1245,2,1243
100900025,20,25,-5
100900026,133,178,-45
100900027,544,3098,-2554
100900028,181,198,-17
100900029,87,21,66
100900030,17,25,-8
100900031,710,98,612
100900032,181,2,179
100900033,350,210,140
100900034,426,3,423
100900035,918,1,917
100900036,24,2,22
100900037,63,298,-235
100900038,304,10,294
100900039,393,637,-244
100900040,248,810,-562
100900041,552,1032,-480
100900042,1070,284,786
100900043,1,27,-26
100900044,4434,732,3702
100900045,326,1,325
100900046,929,8,921
100900047,703,107,596
100900048,231,37,194
100900049,74,205,-131
100900050,4,49,-45
100900051,142,65,77
100900052,349,32,317
100900053,280,32,248
100900054,27,123,-96
100900055,415,541,-126
100900056,206,288,-82
100900057,869,1750,-881
100900058,497,33,464
100900059,109,3,106
100900060,101,2,99
100900061,377,418,-41
100900062,1,67,-66
100900063,186,545,-359
100900064,767,10,757
100900065,222,148,74
100900066,124,184,-60
100900067,1,5,-4
100900068,119,120,-1
100900069,3064,7,3057
100900070,246,5,241
100900071,736,461,275
100900072,1,47,-46
100900073,148,610,-462
100900074,0,9,-9
100900075,2111,536,1575
100900076,26,60,-34
100900077,21,137,-116
100900078,92,743,-651
100900079,3,25,-22
100900080,25,171,-146
100900081,86,290,-204
100900082,71,821,-750
100900083,4,43,-39
100900085,19,117,-98
100900086,298,1966,-1668
100900088,80,924,-844
100900089,0,22,-22
100900090,215,538,-323
100900091,2,22,-20
100900092,319,325,-6
100900093,146,364,-218
100900094,103,915,-812
100900095,0,20,-20
100900096,55,134,-79
100900097,3,3,0
100900098,14,13,1
100900099,36,748,-712
100900100,11,362,-351
100900101,512,74,438
100900102,119,91,28
100900103,8,14,-6
100900104,15,242,-227
100900105,23,192,-169
100900106,63,4,59
100900107,2492,812,1680
100900108,14,18,-4
100900109,31,28,3
100900110,2,51,-49
100900111,44,261,-217
100900112,2,7,-5
100900113,15,10,5
100900114,17,29,-12
100900115,5,31,-26
100900116,757,1640,-883
100900117,287,686,-399
100900118,126,110,16
100900119,17,20,-3
100900120,2,12,-10
100900121,274,1009,-735
100900122,178,265,-87
100900123,80,167,-87
100900124,3,12,-9
100900125,26,105,-79
100900126,153,225,-72
100900127,2,5,-3
100900128,132,213,-81
100900129,1,105,-104
100900131,88,216,-128
100900133,89,53,36
100900134,6,12,-6
100900135,0,126,-126
100900137,425,222,203
100900138,594,514,80
100900139,4,17,-13
100900140,3,880,-877
100900141,6,348,-342
100900142,1,30,-29
100900143,1210,342,868
100900144,11,22,-11
100900145,60,181,-121
100900146,6,71,-65
100900147,30,255,-225
100900148,29,1282,-1253
100900149,12,116,-104
100900150,6,36,-30
100900151,119,522,-403
100900152,73,4,69
100900153,1,179,-178
100900154,12,24,-12
100900155,3,6,-3
100900156,13,1,12
100900157,0,154,-154
100900159,5,48,-43
100900160,24,18,6
100900161,71,3,68
100900162,8,227,-219
100900163,181,263,-82
100900164,86,55,31
100900165,45,56,-11
100900166,22,1,21
100900167,22,109,-87
100900168,66,140,-74
100900169,170,972,-802
100900170,23,2,21
100900171,11,694,-683
100900172,0,8,-8
100900173,4,745,-741
100900174,413,53,360
100900176,1725,272,1453
100900177,1096,635,461
100900178,716,128,588
100900179,132,145,-13
100900180,2,1,1
100900181,71,31,40
100900182,43,26,17
100900184,8,162,-154
100900186,978,1006,-28
100900187,8,180,-172
100900188,41,22,19
100900189,922,200,722
100900191,1827,1228,599
100900192,397,222,175
100900195,295,144,151
100900197,31,139,-108
100900198,10,521,-511
100900199,13,34,-21
100900200,517,523,-6
100900201,72,802,-730
100900202,37,0,37
100900203,0,68,-68
100900204,404,251,153
100900205,195,403,-208
100900206,91,73,18
100900207,217,92,125
100900210,59,748,-689
100900211,418,141,277
100900213,45,31,14
100900214,1221,214,1007
100900215,15,54,-39
100900217,200,109,91
101000001,5697,2132,3565
101000002,4946,5527,-581
101000003,1218,2865,-1647
101000004,11772,12652,-880
101000005,5137,7904,-2767
101000006,9372,12985,-3613
101000007,3511,3910,-399
101000008,8432,4671,3761
101000009,2240,2400,-160
101000010,1240,2013,-773
101000011,2711,917,1794
101000012,2601,665,1936
101000013,591,1226,-635
101000014,963,895,68
101000015,1765,909,856
101000016,1956,612,1344
101000017,1529,806,723
101000018,11403,3126,8277
101000020,8299,1211,7088
101000021,4183,437,3746
101000022,715,53,662
101000023,3546,1049,2497
101000025,364,475,-111
101000026,594,26,568
101000027,4199,1868,2331
101000028,2020,190,1830
101000029,210,908,-698
101000030,1836,91,1745
101000031,819,228,591
101000032,10350,3265,7085
101000033,5753,3163,2590
101000034,8152,1797,6355
101000035,2779,537,2242
101000036,4557,695,3862
101000037,9126,1843,7283
101000039,6057,2679,3378
101000040,7211,3634,3577
101000041,15681,5319,10362
101000042,1840,930,910
101000043,10613,4497,6116
101000045,2269,693,1576
101000046,3690,799,2891
101000047,2409,1594,815
101000048,1410,1193,217
101000049,1631,1178,453
101000050,2409,1491,918
101000051,3016,2053,963
101000052,3011,782,2229
101000053,1836,1831,5
101000054,2027,1463,564
101000055,2061,2635,-574
101000056,119,128,-9
101000057,4248,1085,3163
101000058,4483,1282,3201
101000059,8344,1703,6641
101000060,3149,654,2495
101000061,1726,1385,341
101000062,1584,870,714
101000063,1184,849,335
101000064,2739,686,2053
101000065,620,434,186
101000066,746,396,350
101000067,1633,568,1065
101000068,841,394,447
101000069,758,74,684
101000070,2264,1016,1248
101000071,2984,1222,1762
101000072,1609,5446,-3837
101000073,738,672,66
101000074,5765,3846,1919
101000075,6851,3132,3719
101000077,1653,1301,352
101000078,1170,2486,-1316
101000079,512,425,87
101000080,776,392,384
101000081,1388,1969,-581
101000082,4596,3320,1276
101000083,2398,2744,-346
101000084,1637,1271,366
101000085,2135,1255,880
101000086,1605,1404,201
101000087,1124,1806,-682
101000088,1080,1189,-109
101000089,963,2019,-1056
101000090,3249,1986,1263
101000091,335,1788,-1453
101000092,726,1364,-638
101000093,2012,1100,912
101000094,775,1878,-1103
101000095,281,1030,-749
101000096,407,827,-420
101000097,1982,419,1563
101000098,1445,690,755
101000099,1750,2054,-304
101000100,1564,934,630
101000101,989,417,572
101000102,3438,446,2992
101000103,1240,520,720
101000104,620,788,-168
101000105,2335,458,1877
101000106,1419,633,786
101000107,155,540,-385
101000108,2000,475,1525
101000109,285,90,195
101000110,45,974,-929
101000111,120,217,-97
101000113,356,953,-597
101000114,7033,2391,4642
101000115,194,153,41
101000116,217,332,-115
101000117,864,325,539
101000119,340,87,253
101000120,451,59,392
101000121,178,49,129
101000122,259,62,197
101000123,127,60,67
101000124,293,189,104
101000125,261,626,-365
101000128,2170,287,1883
101000130,312,394,-82
101000131,850,876,-26
101000132,565,2467,-1902
101000135,179,34,145
101000136,519,99,420
101000137,46,366,-320
101000141,4566,3569,997
101000147,1292,666,626
101000148,2373,31,2342
101000149,82,67,15
101000150,78,1509,-1431
101000151,106,89,17
101000152,444,555,-111
101000153,723,604,119
101000154,259,2364,-2105
101000155,214,206,8
101000156,26,298,-272
101000157,121,56,65
101000160,152,45,107
101000163,320,101,219
101000164,585,581,4
101000165,272,429,-157
101000166,247,485,-238
101000168,1018,451,567
101000252,1775,999,776
101000254,625,47,578
101000258,25,10,15
101000261,68,61,7
101000262,3059,1397,1662
101000263,359,783,-424
101000265,85,714,-629
101000266,613,363,250
101000269,325,7,318
101000290,3517,4120,-603
101000293,27,65,-38
101000294,692,491,201
101000295,205,797,-592
101000301,1476,349,1127
101000304,5459,3543,1916
101000305,4544,2744,1800
101000328,186,531,-345
101900001,27,86,-59
101900002,0,14,-14
101900003,274,170,104
101900004,10,51,-41
101900005,7770,1912,5858
101900006,1275,97,1178
101900007,910,117,793
101900008,375,412,-37
101900009,117,675,-558
101900010,1295,853,442
101900011,526,2099,-1573
101900012,191,474,-283
101900013,1517,182,1335
101900017,39,223,-184
101900018,2822,360,2462
101900019,384,170,214
101900020,90,137,-47
101900021,0,94,-94
101900022,120,1812,-1692
101900023,95,266,-171
101900026,184,42,142
101900027,5,147,-142
102000001,9453,5358,4095
102000002,5989,1676,4313
102000003,4683,9215,-4532
102000004,10324,4742,5582
102000005,2911,3544,-633
102000006,3773,3377,396
102000007,2348,8194,-5846
102000008,8353,3247,5106
102000009,7045,10251,-3206
102000010,6942,7124,-182
102000011,4590,3064,1526
102000012,6454,5837,617
102000018,5288,3859,1429
102000019,3833,3285,548
102000026,497,2077,-1580
102000029,504,233,271
102000030,135,523,-388
102000031,89,273,-184
102000032,489,672,-183
102000033,276,711,-435
102000034,609,981,-372
102000035,1356,1019,337
102000036,15,740,-725
102000037,285,187,98
102000038,697,237,460
102000039,794,156,638
102000040,1050,206,844
102000041,387,536,-149
102000042,549,295,254
102000043,844,307,537
102000044,2066,1020,1046
102000045,1406,1955,-549
102000046,2001,875,1126
102000047,897,2093,-1196
102000048,430,1433,-1003
102000049,2318,1176,1142
102000050,2097,1688,409
102000051,666,1179,-513
102000052,2169,1112,1057
102000053,2437,1322,1115
102000054,533,1035,-502
102000055,919,1481,-562
102000056,654,2160,-1506
102000057,1244,831,413
102000058,1279,2804,-1525
102000059,1881,2106,-225
102000060,1920,1498,422
102000061,1507,2957,-1450
102000062,1655,1633,22
102000063,1521,2198,-677
102000064,793,1087,-294
102000065,38,194,-156
102000066,1296,2898,-1602
102000067,3400,4965,-1565
102000068,17089,5063,12026
102000069,47,2290,-2243
102000070,2094,84,2010
102000071,11542,12022,-480
102000072,4324,7644,-3320
102000073,1517,1187,330
102000074,824,1138,-314
102000075,235,445,-210
102000076,263,746,-483
102000077,474,1582,-1108
102000078,778,1168,-390
102000079,78,337,-259
102000080,208,296,-88
102000081,365,886,-521
102000082,1067,420,647
102000083,478,590,-112
102000084,191,539,-348
102000085,2116,2055,61
102000086,1318,1586,-268
102000087,1337,2274,-937
102000088,327,418,-91
102000089,1350,684,666
102000090,605,1289,-684
102000091,2285,594,1691
102000092,450,1247,-797
102000093,555,754,-199
102000094,1471,776,695
102000095,1133,1530,-397
102000096,1024,1140,-116
102000097,1245,1320,-75
102000098,804,1230,-426
102000099,1555,752,803
102000100,1163,1474,-311
102000101,1983,774,1209
102000102,439,5105,-4666
102000103,1898,615,1283
102000104,1586,546,1040
102000105,369,1167,-798
102000106,867,1410,-543
102000107,1166,741,425
102000108,775,582,193
102000109,864,911,-47
102000110,760,2419,-1659
102000111,15,549,-534
102000112,154,113,41
102000113,12,58,-46
102000114,1588,508,1080
102000115,294,316,-22
102000116,1032,376,656
102000117,446,713,-267
102000118,3482,1346,2136
102000119,3736,820,2916
102000120,263,653,-390
102000121,1186,613,573
102000122,680,1243,-563
102000123,1802,1430,372
102000124,1514,1625,-111
102000125,943,1449,-506
102000126,737,908,-171
102000127,1202,878,324
102000128,759,1355,-596
102000129,1397,986,411
102000130,643,873,-230
102000131,2359,880,1479
102000132,975,898,77
102000133,1376,3095,-1719
102000134,816,1127,-311
102000135,1274,1914,-640
102000136,1505,1083,422
102000137,1234,1105,129
102000138,295,582,-287
102000139,77,403,-326
102000140,289,271,18
102000141,355,646,-291
102000142,345,465,-120
102000143,185,613,-428
102000144,238,471,-233
102000145,326,550,-224
102000146,490,367,123
102000147,434,469,-35
102000148,330,524,-194
102000149,164,860,-696
102000150,244,500,-256
102000151,214,500,-286
102000152,128,302,-174
102000153,1360,558,802
102000154,701,885,-184
102000155,180,409,-229
102000156,927,129,798
102000157,356,277,79
102000158,1108,772,336
102000159,1943,601,1342
102000161,4886,2578,2308
102000162,279,182,97
102000163,149,663,-514
102000164,1293,1184,109
102000165,386,148,238
102000166,54,179,-125
102000167,307,207,100
102000168,337,117,220
102000169,161,1115,-954
102000170,949,187,762
102000171,404,95,309
102000172,377,579,-202
102000173,1165,336,829
102000174,50,65,-15
102000175,151,224,-73
102000176,46,69,-23
102000178,405,688,-283
102000179,644,254,390
102000180,775,804,-29
102000181,568,886,-318
102000182,442,847,-405
102000183,1622,2592,-970
102000184,1876,1133,743
102000185,2647,1921,726
102000186,1171,2631,-1460
102000187,683,2300,-1617
102000188,851,1944,-1093
102000189,3894,1238,2656
102000190,781,3724,-2943
102000191,1629,848,781
102000192,1111,1654,-543
102000193,69,193,-124
102000194,159,221,-62
102000195,975,818,157
102000196,247,684,-437
102000197,617,627,-10
102000198,202,1166,-964
102000199,842,442,400
102000200,507,1446,-939
102000201,795,678,117
102000202,6,153,-147
102000203,434,472,-38
102000204,423,1518,-1095
102000205,1313,890,423
102000206,1198,948,250
102000207,1758,672,1086
102000208,774,828,-54
102000209,44,51,-7
102000210,403,688,-285
102000211,796,639,157
102000212,198,16,182
102000213,3,453,-450
102000214,198,17,181
102000215,3,632,-629
102000216,60,87,-27
102000217,6,261,-255
102000218,168,172,-4
102000219,547,399,148
102000225,969,1063,-94
102000226,3067,718,2349
102000227,411,3,408
102000228,1,144,-143
102000229,57,41,16
102000230,311,812,-501
102000231,343,604,-261
102000232,39,512,-473
102000233,566,1476,-910
102000234,143,1374,-1231
102000236,266,167,99
102000237,1497,226,1271
102000238,231,606,-375
102000240,1021,657,364
102000241,259,182,77
102000243,25,154,-129
102000245,34,145,-111
102000246,17,42,-25
102000247,905,1385,-480
102000248,650,753,-103
102000249,131,235,-104
102000250,43,554,-511
102000254,68,573,-505
102000266,63,257,-194
102000271,70,3,67
102000286,618,562,56
102000297,2669,1713,956
102000301,0,0,0
102000303,0,0,0
102000307,0,7,-7
102900001,1483,1404,79
102900002,345,45,300
102900003,53,342,-289
102900005,341,512,-171
102900006,606,328,278
102900007,368,38,330
102900008,227,140,87
102900009,633,273,360
102900010,917,390,527
102900011,2742,717,2025
102900012,474,94,380
102900013,17,63,-46
102900015,859,541,318
102900016,70,169,-99
102900017,155,757,-602
102900018,19,131,-112
102900019,894,974,-80
102900020,135,62,73
102900021,21,131,-110
102900022,560,118,442
102900023,26,92,-66
102900024,37,51,-14
102900025,343,139,204
102900026,1141,1925,-784
102900027,81,105,-24
102900028,166,960,-794
102900029,148,256,-108
102900030,641,385,256
102900031,157,171,-14
102900032,60,112,-52
102900033,143,248,-105
102900034,405,166,239
102900035,128,451,-323
102900036,241,723,-482
102900037,246,932,-686
102900038,545,924,-379
102900039,61,477,-416
102900040,168,308,-140
102900041,99,276,-177
102900042,231,534,-303
102900043,177,347,-170
102900044,815,2515,-1700
102900045,119,800,-681
102900046,86,376,-290
102900047,63,817,-754
102900048,621,892,-271
102900049,136,447,-311
102900050,344,521,-177
102900051,194,357,-163
102900052,39,41,-2
102900053,414,1071,-657
102900054,1208,1296,-88
102900055,162,194,-32
102900056,208,693,-485
102900057,7,43,-36
102900058,372,103,269
102900059,33,56,-23
102900060,153,599,-446
102900061,115,718,-603
102900062,147,1734,-1587
102900063,1353,618,735
102900064,228,705,-477
102900065,2494,836,1658
102900066,434,74,360
102900068,193,140,53
102900070,284,854,-570
102900072,26,50,-24
102900073,190,5,185
102900075,49,60,-11
102900076,328,119,209
102900077,49,45,4
102900078,58,186,-128
102900079,303,11,292
102900080,420,44,376
102900081,86,324,-238
102900082,9,283,-274
102900083,430,18,412
102900084,8,35,-27
102900085,263,141,122
102900086,9,65,-56
102900087,98,143,-45
102900088,136,37,99
102900089,372,215,157
102900090,3,570,-567
102900091,207,3,204
102900092,308,1304,-996
102900093,243,357,-114
102900094,2,77,-75
102900095,268,3,265
102900096,51,17,34
102900097,3,160,-157
102900098,65,16,49
103000001,3256,3988,-732
103000002,4431,3428,1003
103000003,7645,4174,3471
103000004,1250,964,286
103000005,3294,4690,-1396
103000006,830,2111,-1281
103000007,656,1088,-432
103000008,1940,1359,581
103000009,1813,1392,421
103000010,233,165,68
103000011,1962,1543,419
103000012,1145,1841,-696
103000013,8089,2841,5248
103000014,1772,4018,-2246
103000015,3926,1043,2883
103000016,685,1747,-1062
103000017,280,524,-244
103000018,1542,597,945
103000019,268,325,-57
103000020,4049,1970,2079
103000021,2969,1905,1064
103000022,1446,1458,-12
103000023,751,2580,-1829
103000024,119,303,-184
103000025,92,706,-614
103000026,2043,185,1858
103000027,348,804,-456
103000028,728,441,287
103000029,392,311,81
103000030,2414,921,1493
103000031,2322,3509,-1187
103000032,2319,2376,-57
103000033,3384,4014,-630
103000034,1998,1255,743
103000035,468,1991,-1523
103000036,621,680,-59
103000037,821,575,246
103000038,653,1723,-1070
103000039,316,704,-388
103000040,489,1836,-1347
103000041,2000,3551,-1551
103000042,1073,1021,52
103000043,563,1741,-1178
103000044,159,352,-193
103000046,283,765,-482
103000047,847,827,20
103000048,198,273,-75
103000049,70,244,-174
103000050,1130,1031,99
103000051,615,805,-190
103000052,1104,714,390
103000053,268,704,-436
103000054,2847,1771,1076
103000055,2113,3136,-1023
103000056,659,2699,-2040
103000057,290,390,-100
103000058,597,1238,-641
103000059,363,1099,-736
103000060,903,1112,-209
103000061,428,1290,-862
103000062,1384,1048,336
103000063,713,983,-270
103000064,203,367,-164
103000065,7,488,-481
103000066,220,7,213
103000069,250,538,-288
103000070,1288,1413,-125
103000071,1240,448,792
103000072,110,1370,-1260
103000073,766,188,578
103000074,1015,148,867
103000075,148,1204,-1056
103000076,336,458,-122
103000077,69,452,-383
103000078,2796,917,1879
103000079,2219,819,1400
103000080,1386,543,843
103000081,654,1218,-564
103000082,761,300,461
103000083,163,440,-277
103000084,222,10,212
103000085,14,155,-141
103000086,1706,717,989
103000087,387,703,-316
103000088,686,464,222
103000089,535,884,-349
103000090,2273,1086,1187
103000091,734,534,200
103000092,469,413,56
103000093,391,643,-252
103000094,295,161,134
103000095,63,593,-530
103000096,906,202,704
103000097,131,868,-737
103000098,1382,257,1125
103000099,490,712,-222
103000100,139,1215,-1076
103000101,1148,221,927
103000102,195,974,-779
103000103,836,448,388
103000104,116,152,-36
103000105,117,261,-144
103000106,22,112,-90
103000107,525,117,408
103000108,912,746,166
103000109,866,401,465
103000110,650,484,166
103000111,1354,541,813
103000112,799,287,512
103000113,2301,1066,1235
103000114,3997,572,3425
103000115,454,768,-314
103000116,565,821,-256
103000117,299,635,-336
103000118,2694,1366,1328
103000119,2523,792,1731
103000120,235,135,100
103000121,458,927,-469
103000122,540,361,179
103000125,8,493,-485
103000126,494,15,479
103000127,1,264,-263
103000128,136,3,133
103000129,2,138,-136
103000130,32,49,-17
103000131,153,96,57
103000132,84,171,-87
103000133,13,109,-96
103000134,931,1203,-272
103000135,1064,378,686
103000136,1458,603,855
103000137,1229,695,534
103000138,1354,964,390
103000139,6,67,-61
103000140,326,34,292
103000141,39,170,-131
103000142,146,124,22
103000143,146,265,-119
103000144,258,129,129
103000145,77,17,60
103000150,131,60,71
103000152,770,315,455
103000153,566,255,311
103000156,5,520,-515
103000157,381,1,380
103000159,286,209,77
103000162,184,11,173
103000163,10,40,-30
103000164,70,38,32
103000165,336,611,-275
103000166,280,324,-44
103000167,659,136,523
103000168,95,222,-127
103000169,247,600,-353
103000170,567,689,-122
103000171,42,73,-31
103000172,370,472,-102
103000173,457,1223,-766
103000174,186,427,-241
103000175,190,572,-382
103000176,1342,572,770
103000177,1194,592,602
103000178,396,355,41
103000179,197,29,168
103000183,96,21,75
103000185,85,121,-36
103000186,121,283,-162
103000187,475,954,-479
103000188,11,72,-61
103000189,2605,1262,1343
103000191,794,1070,-276
103000292,3364,1408,1956
103000293,1625,1980,-355
103000295,147,72,75
103000296,318,2,316
103000297,165,23,142
103000504,174,69,105
103000505,14,16,-2
103000506,2,348,-346
103000507,188,2,186
103000508,64,35,29
103000509,299,721,-422
103900001,20,508,-488
103900002,3010,271,2739
103900003,2941,99,2842
103900004,92,2,90
103900005,1,266,-265
103900006,4,0,4
103900007,53,5,48
103900008,35,1,34
103900009,267,383,-116
103900010,168,338,-170
103900011,240,254,-14
103900012,4,41,-37
103900013,41,88,-47
103900014,41,51,-10
103900015,34,18,16
103900016,325,298,27
103900017,35,146,-111
103900018,845,224,621
103900019,80,348,-268
103900020,293,580,-287
103900021,1210,326,884
103900022,1593,823,770
103900023,106,1,105
103900024,171,1082,-911
103900025,14,85,-71
103900026,11,0,11
103900027,813,523,290
103900028,31,297,-266
103900029,1177,221,956
103900030,634,43,591
103900031,29,0,29
103900032,86,71,15
103900033,528,15,513
103900034,28,394,-366
103900035,62,87,-25
103900036,117,48,69
103900037,153,46,107
103900038,103,201,-98
103900039,38,574,-536
103900040,23,279,-256
103900041,41,37,4
103900042,51,468,-417
103900043,157,237,-80
103900044,464,393,71
103900045,255,259,-4
103900047,69,47,22
103900048,76,21,55
103900049,262,1833,-1571
103900050,13,85,-72
103900051,0,37,-37
103900052,200,748,-548
103900053,206,1624,-1418
103900054,88,815,-727
103900055,546,288,258
103900056,34,57,-23
103900057,37,315,-278
103900058,166,1067,-901
103900059,1,1,0
103900060,47,342,-295
103900061,114,72,42
103900062,388,128,260
103900063,4,0,4
103900064,107,6,101
103900065,860,535,325
103900066,177,24,153
103900067,166,10,156
103900068,5,0,5
103900069,148,15,133
103900070,165,385,-220
103900071,16,237,-221
103900072,8,343,-335
103900073,34,52,-18
103900074,87,134,-47
103900075,177,139,38
103900076,360,1059,-699
103900077,116,178,-62
103900078,186,191,-5
103900079,119,279,-160
103900080,13,31,-18
103900081,137,29,108
103900082,4,142,-138
103900083,2585,1483,1102
103900084,58,208,-150
103900085,106,168,-62
103900086,656,386,270
103900088,449,385,64
103900089,47,306,-259
103900090,14,377,-363
103900091,1207,317,890
103900092,1525,656,869
103900093,117,473,-356
103900094,6,161,-155
103900095,1366,202,1164
103900096,33,345,-312
103900097,7,653,-646
103900098,282,154,128
103900099,55,328,-273
103900100,197,493,-296
103900101,89,1494,-1405
103900102,1,50,-49
103900104,0,68,-68
103900105,135,228,-93
103900106,0,21,-21
103900107,244,321,-77
103900108,34,495,-461
103900109,100,86,14
103900110,305,68,237
103900111,88,1259,-1171
103900112,40,35,5
103900113,166,305,-139
103900114,802,438,364
103900115,292,345,-53
103900116,8820,3118,5702
103900117,213,174,39
103900119,26,60,-34
103900120,57,200,-143
103900122,59,424,-365
103900123,2661,678,1983
103900124,83,657,-574
103900125,99,100,-1
103900126,457,866,-409
103900127,153,1031,-878
103900128,78,237,-159
103900131,42,165,-123
103900133,1365,31,1334
103900134,1,2,-1
103900135,12,8,4
103900137,0,58,-58
103900138,69,395,-326
103900139,563,1790,-1227
103900140,7,89,-82
103900141,375,122,253
103900142,226,370,-144
103900143,25,0,25
103900144,1,152,-151
103900145,166,535,-369
103900146,337,570,-233
103900147,434,163,271
103900148,202,257,-55
103900149,246,829,-583
103900150,11246,4608,6638
103900151,45,183,-138
103900152,404,882,-478
103900153,24,0,24
103900154,1832,3210,-1378
103900155,33,371,-338
103900156,22,300,-278
103900157,33,428,-395
103900158,53,380,-327
103900159,119,128,-9
103900160,83,20,63
103900161,106,291,-185
103900162,73,333,-260
103900163,8,718,-710
103900167,22,118,-96
103900168,159,205,-46
103900169,31,49,-18
103900170,2,170,-168
103900171,1,108,-107
103900172,11,62,-51
103900173,8,17,-9
103900174,122,54,68
103900175,62,69,-7
103900176,6,29,-23
103900177,6,58,-52
103900178,90,152,-62
103900179,19,432,-413
103900180,12,201,-189
103900181,76,85,-9
103900182,28,29,-1
103900184,877,87,790
103900185,520,247,273
103900187,127,62,65
103900188,57,31,26
103900189,86,15,71
103900190,130,68,62
103900191,54,57,-3
103900192,49,127,-78
103900193,236,254,-18
103900194,108,371,-263
103900195,1,60,-59
103900196,19,34,-15
103900197,10,34,-24
103900198,8,68,-60
103900199,201,66,135
103900200,174,222,-48
103900201,115,255,-140
103900202,4,55,-51
103900203,25,41,-16
103900204,1,169,-168
103900207,2,214,-212
103900208,76,10,66
103900209,11,114,-103
103900210,74,20,54
103900211,519,844,-325
103900212,130,543,-413
103900213,402,335,67
103900214,938,207,731
103900215,1023,342,681
103900216,13,542,-529
103900217,528,140,388
103900218,2,466,-464
103900219,173,584,-411
103900233,98,7,91
103900235,140,52,88
103900236,42,2,40
103900242,4,36,-32
103900243,14,35,-21
103900244,101,565,-464
103900245,165,371,-206
103900246,95,61,34
103900247,101,164,-63
103900248,6,31,-25
103900249,59,62,-3
103900250,110,46,64
103900251,1,73,-72
103900253,103,123,-20
103900254,19,40,-21
103900255,108,44,64
103900256,132,56,76
103900257,250,349,-99
103900258,168,7,161
103900259,121,9,112
103900261,24,3,21
103900262,59,11,48
103900263,102,158,-56
103900264,104,53,51
103900265,97,38,59
103900266,2,89,-87
103900267,18,91,-73
103900268,14,139,-125
103900269,122,38,84
103900270,58,124,-66
103900271,40,193,-153
103900272,74,112,-38
103900273,27,121,-94
103900274,61,17,44
103900275,52,20,32
103900276,10,265,-255
103900277,4,201,-197
103900278,24,127,-103
103900279,0,29,-29
103900280,2,267,-265
104000001,2922,3156,-234
104000002,2379,4899,-2520
104000003,3090,3444,-354
104000004,4356,4489,-133
104000005,1958,2994,-1036
104000006,3241,4781,-1540
104000007,5605,5849,-244
104000008,508,714,-206
104000009,225,144,81
104000010,179,283,-104
104000011,1230,463,767
104000012,246,674,-428
104000013,188,235,-47
104000014,336,1039,-703
104000015,292,300,-8
104000016,775,697,78
104000018,802,203,599
104000019,632,182,450
104000020,229,897,-668
104000021,437,744,-307
104000022,197,349,-152
104000023,532,455,77
104000024,384,464,-80
104000026,64,497,-433
104000027,542,665,-123
104000028,415,380,35
104000029,526,835,-309
104000030,302,361,-59
104000031,1167,449,718
104000032,255,540,-285
104000033,598,513,85
104000034,329,519,-190
104000035,886,507,379
104000036,769,766,3
104000037,346,416,-70
104000038,393,497,-104
104000039,235,459,-224
104000040,629,543,86
104000041,647,456,191
104000042,344,564,-220
104000043,364,569,-205
104000044,267,1018,-751
104000045,1521,1686,-165
104000046,2024,2339,-315
104000047,897,1830,-933
104000048,1445,2383,-938
104000049,697,581,116
104000050,217,1027,-810
104000051,125,1047,-922
104000052,1550,2231,-681
104000053,1152,943,209
104000054,808,721,87
104000055,6553,3651,2902
104000056,2378,376,2002
104000057,235,510,-275
104000058,828,1092,-264
104000059,787,1938,-1151
104000060,1193,1600,-407
104000061,2060,1771,289
104000062,358,308,50
104000064,880,577,303
104000065,355,600,-245
104000069,2260,1444,816
104000070,93,564,-471
104000071,158,540,-382
104000072,775,455,320
104000075,78,530,-452
104000076,761,109,652
104000082,3454,4026,-572
104000083,1015,350,665
104000084,172,745,-573
104000085,351,365,-14
104000086,273,550,-277
104000087,569,1891,-1322
104000090,854,2362,-1508
104000092,1088,4159,-3071
104000094,1341,2955,-1614
104000095,2256,1997,259
104000096,1673,760,913
104000097,1853,1576,277
104000098,1873,1874,-1
104000100,1967,910,1057
104000101,1611,4573,-2962
104000106,202,837,-635
104000107,800,769,31
104000108,452,880,-428
104000109,443,121,322
104000110,1118,1339,-221
104000111,7292,3328,3964
104000112,2753,857,1896
104000116,4,1833,-1829
104000117,121,1638,-1517
104000118,510,487,23
104000119,560,436,124
104000120,198,1596,-1398
104000121,249,997,-748
104000122,607,1018,-411
104000123,1787,1782,5
104000124,1581,3881,-2300
104000125,8045,4682,3363
104000126,412,554,-142
104000127,2127,5026,-2899
104000128,1096,637,459
104000129,673,30,643
104000130,16,455,-439
104000131,2520,776,1744
104000132,1549,909,640
104000133,1563,1453,110
104000134,1021,2385,-1364
104000135,439,1746,-1307
104000136,899,4182,-3283
104000137,1658,456,1202
104000138,1515,839,676
104000139,10589,4181,6408
104000141,1142,2404,-1262
104000142,912,1256,-344
104000143,780,958,-178
104000144,146,318,-172
104000145,529,345,184
104000146,548,1084,-536
104000147,133,534,-401
104000148,264,188,76
104000149,188,494,-306
104000150,1003,594,409
104000151,376,711,-335
104000152,664,875,-211
104000153,588,660,-72
104000154,1576,935,641
104000155,395,541,-146
104000157,1320,2520,-1200
104000158,406,537,-131
104000159,1012,554,458
104000160,1972,2257,-285
104000161,352,260,92
104000162,36,172,-136
104000165,1903,1595,308
104000167,651,978,-327
104000168,988,10,978
104000169,117,91,26
104000170,698,596,102
104000248,442,1458,-1016
104000251,129,333,-204
104000272,0,0,0
104000273,0,0,0
104000274,0,0,0
104000275,0,0,0
104000279,818,561,257
104000290,113,507,-394
104000291,1123,1923,-800
104000293,1355,895,460
104000294,14,0,14
104000295,822,1280,-458
104000296,497,1441,-944
104000297,1182,2302,-1120
104000298,2688,1561,1127
104000299,1148,2711,-1563
104900001,188,641,-453
104900002,60,164,-104
104900003,64,476,-412
104900004,102,554,-452
104900005,244,251,-7
104900006,308,141,167
104900007,279,318,-39
104900009,183,576,-393
104900010,45,52,-7
104900011,20,5,15
104900012,243,22,221
104900013,146,24,122
104900014,5053,430,4623
104900015,195,8,187
104900016,196,445,-249
104900017,181,267,-86
104900018,16,260,-244
104900019,636,2952,-2316
104900020,87,393,-306
104900021,2,400,-398
104900022,15,251,-236
104900023,2,190,-188
104900024,14,163,-149
104900025,97,654,-557
104900026,3,158,-155
104900027,544,340,204
104900028,29,160,-131
104900029,39,146,-107
104900030,573,267,306
104900031,162,407,-245
104900032,54,241,-187
104900033,166,337,-171
104900034,377,183,194
104900035,254,204,50
104900036,175,109,66
104900037,130,472,-342
104900038,819,766,53
104900039,1002,189,813
104900040,344,158,186
104900041,239,219,20
104900042,145,543,-398
104900043,11,45,-34
104900044,434,308,126
104900045,478,60,418
104900046,97,176,-79
104900047,324,249,75
104900048,272,143,129
104900049,22,4,18
104900050,199,132,67
104900051,333,89,244
104900052,50,1,49
104900053,504,113,391
104900054,105,115,-10
104900055,56,0,56
104900056,184,19,165
104900057,27,2,25
104900058,1291,235,1056
104900059,78,69,9
104900060,1,488,-487
104900061,335,857,-522
104900063,2,179,-177
104900064,0,118,-118
104900065,1,220,-219
104900066,3,293,-290
104900067,7,406,-399
104900068,18,342,-324
104900070,204,363,-159
104900071,1,1155,-1154
104900072,67,264,-197
104900073,39,426,-387
104900074,81,290,-209
104900075,67,136,-69
104900076,92,481,-389
104900077,2084,186,1898
104900078,199,887,-688
104900079,193,568,-375
104900080,85,668,-583
104900082,6,492,-486
104900085,5,305,-300
104900087,502,11,491
104900089,118,1,117
104900090,858,777,81
104900091,595,1290,-695
104900093,283,896,-613
104900097,4610,2191,2419
104900098,83,60,23
104900099,245,662,-417
104900100,1348,392,956
104900102,20,384,-364
104900103,546,160,386
104900104,4807,1949,2858
104900106,74,182,-108
104900107,115,402,-287
104900108,16,524,-508
104900109,110,542,-432
104900110,6,55,-49
104900111,152,181,-29
104900112,282,1307,-1025
104900113,661,662,-1
104900114,324,908,-584
104900115,655,790,-135
104900116,279,327,-48
104900118,36,119,-83
104900119,2,49,-47
104900120,171,112,59
104900121,1,145,-144
104900122,3,105,-102
104900123,29,5,24
104900124,32,0,32
104900125,645,12,633
104900126,94,94,0
104900127,47,127,-80
104900128,113,183,-70
104900129,3947,2682,1265
105000001,3432,2254,1178
105000002,4118,2532,1586
105000003,5701,5066,635
105000004,679,2054,-1375
105000005,850,1896,-1046
105000006,2032,2587,-555
105000007,1994,2149,-155
105000008,3094,3625,-531
105000009,2116,3726,-1610
105000010,4830,4145,685
105000011,2517,3275,-758
105000012,5132,4285,847
105000013,1095,1601,-506
105000014,1674,2918,-1244
105000015,8821,10298,-1477
105000016,5814,3042,2772
105000017,3259,1396,1863
105000018,2508,1831,677
105000019,2987,1572,1415
105000020,632,594,38
105000021,675,217,458
105000022,322,74,248
105000023,467,321,146
105000028,81,228,-147
105000029,433,1491,-1058
105000030,5809,5385,424
105000033,1599,2976,-1377
105000034,322,992,-670
105000037,879,640,239
105000038,1788,1980,-192
105000039,3482,2631,851
105000040,816,1213,-397
105000041,599,1749,-1150
105000042,2652,1674,978
105000043,2166,2809,-643
105000044,378,504,-126
105000045,384,1137,-753
105000046,915,517,398
105000047,566,1873,-1307
105000048,912,319,593
105000049,386,1219,-833
105000050,811,589,222
105000051,343,1014,-671
105000052,654,1388,-734
105000053,206,361,-155
105000054,408,1370,-962
105000055,1205,613,592
105000056,1219,3773,-2554
105000057,1363,1402,-39
105000058,2418,2223,195
105000059,833,793,40
105000060,914,1134,-220
105000061,696,800,-104
105000062,1467,1647,-180
105000063,521,1069,-548
105000064,1637,982,655
105000065,657,1298,-641
105000066,1932,2902,-970
105000067,1725,883,842
105000068,1380,1628,-248
105000069,6248,1636,4612
105000070,1563,1125,438
105000071,1033,1063,-30
105000072,1646,2811,-1165
105000073,1392,955,437
105000074,1771,1323,448
105000075,1432,1005,427
105000076,2557,1479,1078
105000077,3590,1217,2373
105000078,2617,1749,868
105000079,3270,2362,908
105000080,3010,1341,1669
105000081,3297,1031,2266
105000082,2038,797,1241
105000083,3004,1179,1825
105000084,1399,1504,-105
105000085,1932,1448,484
105000086,724,1466,-742
105000087,4016,2715,1301
105000088,2092,2212,-120
105000089,3662,2930,732
105000090,1342,1091,251
105000091,2104,2257,-153
105000092,1360,1708,-348
105000093,572,248,324
105000094,392,357,35
105000095,141,521,-380
105000096,1771,1055,716
105000097,1966,1167,799
105000098,2240,819,1421
105000099,2759,1244,1515
105000100,1183,1994,-811
105000101,2502,3107,-605
105000102,2359,2269,90
105000103,2117,3369,-1252
105000104,2581,1659,922
105000105,1479,3352,-1873
105000106,1652,2397,-745
105000107,1318,1649,-331
105000108,1444,3075,-1631
105000109,1697,2445,-748
105000110,650,1647,-997
105000111,752,1055,-303
105000112,1558,1451,107
105000113,517,865,-348
105000114,7146,1738,5408
105000115,541,1206,-665
105000116,1018,670,348
105000117,1224,2147,-923
105000118,422,479,-57
105000119,698,2001,-1303
105000120,1088,872,216
105000121,1222,2179,-957
105000122,448,780,-332
105000123,1685,2209,-524
105000124,2137,1261,876
105000125,1124,3066,-1942
105000126,2714,3224,-510
105000127,3137,2834,303
105000128,866,2071,-1205
105000129,1539,480,1059
105000130,265,2468,-2203
105000131,962,841,121
105000132,970,737,233
105000133,672,1862,-1190
105000134,1220,784,436
105000135,742,1047,-305
105000136,167,585,-418
105000137,361,319,42
105000138,264,607,-343
105000139,1418,1477,-59
105000140,280,733,-453
105000141,289,963,-674
105000142,154,729,-575
105000143,329,1134,-805
105000144,518,1172,-654
105000145,841,649,192
105000146,783,1283,-500
105000147,725,620,105
105000148,1385,977,408
105000149,2533,2606,-73
105000150,2709,2222,487
105000151,680,452,228
105000152,242,990,-748
105000153,929,716,213
105000154,1284,1498,-214
105000155,491,831,-340
105000156,1282,1414,-132
105000157,1335,3130,-1795
105000158,2808,1113,1695
105000159,314,2175,-1861
105000160,2325,962,1363
105000161,1170,2608,-1438
105000162,1091,2344,-1253
105000163,3166,1689,1477
105000164,205,404,-199
105000165,3679,7065,-3386
105000166,11140,669,10471
105000167,4753,2100,2653
105000168,376,1320,-944
105000169,531,507,24
105000170,242,2277,-2035
105000171,1316,546,770
105000172,189,51,138
105000173,141,31,110
105000174,69,34,35
105000175,73,219,-146
105000176,283,123,160
105000177,351,164,187
105000178,152,1264,-1112
105000179,333,178,155
105000180,139,202,-63
105000181,96,774,-678
105000182,40,80,-40
105000183,3999,2812,1187
105000184,1110,990,120
105000185,1343,980,363
105000186,517,1006,-489
105000187,846,326,520
105000188,712,161,551
105000189,385,606,-221
105000190,488,471,17
105000191,535,328,207
105000192,420,127,293
105000193,237,194,43
105000194,271,88,183
105000195,470,1625,-1155
105000196,24,171,-147
105000197,310,1136,-826
105000198,743,460,283
105000199,578,637,-59
105000200,275,296,-21
105000201,219,31,188
105000203,25,492,-467
105000204,68,119,-51
105000205,122,312,-190
105000207,591,280,311
105000208,320,558,-238
105000209,316,378,-62
105000212,1493,2443,-950
105000213,269,250,19
105000214,104,349,-245
105000215,333,385,-52
105000216,118,368,-250
105000217,212,404,-192
105000218,886,1484,-598
105000221,366,396,-30
105000222,463,49,414
105000223,301,282,19
105000226,94,493,-399
105000227,85,312,-227
105000228,439,1394,-955
105000229,160,412,-252
105000231,355,468,-113
105000233,635,722,-87
105000234,789,2094,-1305
105000235,501,738,-237
105000237,1065,112,953
105000243,31,97,-66
105000248,230,82,148
105000262,316,2456,-2140
105000269,156,237,-81
105000270,476,98,378
105000271,0,301,-301
105000282,380,60,320
105000287,363,254,109
105000288,497,855,-358
105000289,4007,1578,2429
105000290,16,3,13
105000402,6627,3272,3355
105000426,1212,716,496
105000438,3185,976,2209
105000446,19392,7506,11886
105000447,10593,4558,6035
105000454,359,1250,-891
105000455,356,290,66
105000474,18,1,17
105000477,356,647,-291
105000478,2126,3351,-1225
105000479,409,178,231
105000480,4960,3391,1569
105000481,3894,3310,584
105000482,8022,5049,2973
105000483,1839,1918,-79
105000484,4103,3901,202
105000485,2154,2226,-72
105000486,7190,4094,3096
105000488,7538,5821,1717
105000489,1389,1197,192
105000549,78,224,-146
105000550,1003,1920,-917
105000551,71,138,-67
105000552,5788,3112,2676
105000555,1466,927,539
105900001,14,1375,-1361
105900002,2316,587,1729
105900003,14,156,-142
105900004,394,187,207
105900005,4,293,-289
105900006,13,79,-66
105900007,77,26,51
105900008,54,1151,-1097
105900009,30,29,1
105900011,143,73,70
105900012,474,177,297
105900013,3,39,-36
105900014,6,84,-78
105900015,268,580,-312
105900016,352,842,-490
105900017,1108,70,1038
105900018,304,573,-269
105900019,70,500,-430
105900020,51,80,-29
105900021,35,274,-239
105900022,293,491,-198
105900023,6,97,-91
105900024,5,132,-127
105900025,119,44,75
105900026,544,121,423
105900027,6593,5390,1203
105900028,383,152,231
105900029,3030,522,2508
105900030,380,329,51
105900031,588,245,343
105900032,85,177,-92
105900033,260,194,66
105900034,270,320,-50
105900035,309,260,49
105900036,52,261,-209
105900037,105,98,7
105900038,177,565,-388
105900039,104,306,-202
105900040,107,105,2
105900041,205,769,-564
105900042,101,154,-53
105900043,3740,58,3682
105900044,7,377,-370
105900045,3,1120,-1117
105900046,3,360,-357
105900047,24,60,-36
105900048,112,768,-656
105900050,3323,971,2352
105900051,27,1971,-1944
105900052,657,114,543
105900053,5511,3089,2422
105900054,319,438,-119
105900056,1117,287,830
105900057,20,210,-190
105900058,13,55,-42
105900059,1,47,-46
106000001,4789,2908,1881
106000002,3322,6611,-3289
106000003,3952,4917,-965
106000004,3327,4077,-750
106000005,2995,7412,-4417
106000006,8206,7269,937
106000007,479,698,-219
106000008,461,413,48
106000009,515,538,-23
106000010,726,739,-13
106000011,1044,1353,-309
106000012,1039,2259,-1220
106000013,2001,2383,-382
106000014,2708,2602,106
106000015,1647,1529,118
106000016,1571,3377,-1806
106000017,702,987,-285
106000018,928,910,18
106000019,441,569,-128
106000020,322,733,-411
106000021,329,660,-331
106000022,466,371,95
106000023,849,501,348
106000024,930,1114,-184
106000025,142,298,-156
106000026,153,467,-314
106000027,1091,1788,-697
106000028,653,868,-215
106000029,1134,1744,-610
106000030,1115,472,643
106000034,245,873,-628
106000035,1164,1910,-746
106000036,382,488,-106
106000037,2517,2136,381
106000038,494,160,334
106000039,253,113,140
106000040,279,919,-640
106000041,1155,491,664
106000043,821,214,607
106000046,505,61,444
106000047,55,565,-510
106000049,926,228,698
106000050,521,1385,-864
106000051,1006,488,518
106000052,93,952,-859
106000053,183,182,1
106000054,436,694,-258
106000055,1064,1635,-571
106000056,387,654,-267
106000057,267,407,-140
106000058,179,340,-161
106000059,291,308,-17
106000060,684,835,-151
106000061,252,672,-420
106000062,161,838,-677
106000063,606,854,-248
106000064,41,512,-471
106000065,391,365,26
106000066,177,556,-379
106000067,376,181,195
106000068,66,913,-847
106000069,260,168,92
106000070,446,1001,-555
106000071,1156,450,706
106000072,6662,2367,4295
106000073,2423,3983,-1560
106000074,636,1049,-413
106000075,478,1732,-1254
106000076,1670,2516,-846
106000077,5093,1976,3117
106000078,1050,1266,-216
106000079,734,1340,-606
106000080,1359,1066,293
106000081,597,1532,-935
106000082,2731,1291,1440
106000083,364,1819,-1455
106000084,1411,985,426
106000085,1998,1791,207
106000086,764,1064,-300
106000087,1118,841,277
106000088,392,949,-557
106000089,1201,599,602
106000090,338,752,-414
106000091,344,1176,-832
106000092,845,329,516
106000093,309,126,183
106000094,112,489,-377
106000095,608,1610,-1002
106000096,1050,1001,49
106000097,958,1681,-723
106000098,617,1345,-728
106000099,241,1015,-774
106000100,1074,342,732
106000101,859,288,571
106000102,183,708,-525
106000103,317,894,-577
106000104,737,592,145
106000105,500,1138,-638
106000106,552,621,-69
106000107,161,622,-461
106000108,243,420,-177
106000109,113,559,-446
106000110,224,278,-54
106000111,169,761,-592
106000112,193,559,-366
106000113,1507,817,690
106000114,607,559,48
106000115,343,873,-530
106000116,239,330,-91
106000117,1107,1113,-6
106000118,1504,1555,-51
106000119,2872,1721,1151
106000120,939,1280,-341
106000121,229,294,-65
106000122,175,466,-291
106000123,320,395,-75
106000124,60,429,-369
106000125,42,447,-405
106000126,254,224,30
106000127,1026,1296,-270
106000128,846,370,476
106000129,639,938,-299
106000130,827,588,239
106000131,190,1246,-1056
106000132,1209,230,979
106000133,4884,1732,3152
106000134,1075,1577,-502
106000135,298,1202,-904
106000136,775,882,-107
106000137,92,1836,-1744
106000138,1177,99,1078
106000139,36,218,-182
106000140,47,143,-96
106000141,126,143,-17
106000142,66,115,-49
106000143,46,105,-59
106000144,27,105,-78
106000145,266,399,-133
106000146,333,253,80
106000147,456,782,-326
106000148,874,1165,-291
106000149,540,641,-101
106000150,808,2954,-2146
106000151,6740,995,5745
106000152,1723,2833,-1110
106000153,133,1997,-1864
106000154,1998,414,1584
106000155,92,362,-270
106000156,801,495,306
106000157,924,2647,-1723
106000158,4288,1130,3158
106000159,6598,2036,4562
106000160,401,4253,-3852
106000161,1969,697,1272
106000162,198,1132,-934
106000163,444,866,-422
106000164,297,491,-194
106000165,187,998,-811
106000166,1549,397,1152
106000167,583,1756,-1173
106000168,410,324,86
106000169,181,1018,-837
106000170,815,283,532
106000171,143,1476,-1333
106000172,4336,1235,3101
106000173,1500,3876,-2376
106000174,1285,448,837
106000175,475,1406,-931
106000176,1848,1048,800
106000177,1000,3397,-2397
106000178,3806,2344,1462
106000179,1514,3155,-1641
106000180,1123,2074,-951
106000181,659,2417,-1758
106000182,998,1137,-139
106000183,1126,1411,-285
106000184,1439,1369,70
106000185,916,1234,-318
106000186,1392,153,1239
106000187,319,1421,-1102
106000188,0,2,-2
106000189,8,75,-67
106000190,9,1,8
106000191,692,234,458
106000192,0,34,-34
106000193,553,217,336
106000194,240,529,-289
106000195,470,155,315
106000196,146,566,-420
106000197,436,431,5
106000198,138,383,-245
106000199,1223,921,302
106000200,637,240,397
106000201,780,2842,-2062
106000202,9793,1077,8716
106000203,210,307,-97
106000204,89,7,82
106000205,35,172,-137
106000206,113,33,80
106000207,61,1156,-1095
106000208,1201,189,1012
106000209,1363,425,938
106000210,285,1913,-1628
106000211,485,2078,-1593
106000212,996,387,609
106000213,960,1760,-800
106000214,3491,744,2747
106000215,322,654,-332
106000216,409,498,-89
106000217,371,678,-307
106000218,576,538,38
106000219,177,429,-252
106000220,416,383,33
106000221,176,336,-160
106000222,71,186,-115
106000223,107,203,-96
106000224,239,407,-168
106000225,136,124,12
106000226,250,438,-188
106000228,56,206,-150
106000229,109,1058,-949
106000231,874,240,634
106000232,99,477,-378
106000233,650,231,419
106000234,119,213,-94
106000235,300,218,82
106000236,141,60,81
106000237,1,20,-19
106000238,67,18,49
106000239,3,144,-141
106000240,88,4,84
106000241,15,965,-950
106000242,244,23,221
106000249,83,120,-37
106000250,91,694,-603
106000251,83,80,3
106000252,15,126,-111
106000253,42,96,-54
106000254,58,75,-17
106000255,21,198,-177
106000256,85,90,-5
106000257,248,380,-132
106000258,200,40,160
106000259,2,23,-21
106000260,29,14,15
106000261,16,46,-30
106000262,71,21,50
106000263,14,77,-63
106000264,236,19,217
106000265,16,148,-132
106000266,237,41,196
106000267,3,122,-119
106000268,704,36,668
106000269,70,77,-7
106000270,273,641,-368
106000271,70,200,-130
106000272,130,83,47
106000273,22,313,-291
106000274,221,32,189
106000275,237,314,-77
106000276,172,74,98
106000277,184,194,-10
106000278,202,36,166
106000279,11,95,-84
106000280,79,245,-166
106000281,90,117,-27
106000282,78,72,6
106000283,110,200,-90
106000284,62,162,-100
106000285,130,248,-118
106000286,94,204,-110
106000287,114,148,-34
106000288,107,239,-132
106000289,70,132,-62
106000290,132,156,-24
106000291,112,151,-39
106000292,112,227,-115
106000293,149,118,31
106000294,227,204,23
106000295,53,58,-5
106000296,62,160,-98
106000297,91,329,-238
106000298,247,78,169
106000299,88,264,-176
106000300,91,161,-70
106000301,97,130,-33
106000303,23,124,-101
106000304,63,57,6
106000305,33,54,-21
106000306,79,113,-34
106000307,45,23,22
106000308,25,235,-210
106000309,24,114,-90
106000310,318,840,-522
106000311,379,268,111
106000312,82,267,-185
106000313,210,351,-141
106000318,223,382,-159
106000319,1045,218,827
106000320,2,30,-28
106000321,546,72,474
106000322,115,257,-142
106000324,11,158,-147
106000325,1742,1174,568
106000326,1184,2695,-1511
106000327,94,228,-134
106000328,8,120,-112
106000329,155,464,-309
106000330,45,80,-35
106000428,58,301,-243
106000429,179,724,-545
106000430,442,1807,-1365
106000431,1933,581,1352
106000432,2434,4190,-1756
106000433,2417,1407,1010
106000434,4745,1679,3066
106000435,2788,4026,-1238
106000436,13,442,-429
106000437,334,30,304
106000438,561,182,379
106000439,57,718,-661
106000440,229,588,-359
106000441,1,0,1
106000442,343,6,337
106000443,115,654,-539
106000450,10,293,-283
106000451,57,47,10
106000454,10,143,-133
106000455,42,211,-169
106000456,200,51,149
106000457,8,1250,-1242
106000458,508,377,131
106000459,156,503,-347
106000460,1059,97,962
106000461,68,2036,-1968
106000462,0,40,-40
106000463,2,61,-59
106000464,5,642,-637
106000465,448,4,444
106000466,5,857,-852
106000467,785,820,-35
106000468,79,332,-253
106000469,515,8,507
106000470,321,2302,-1981
106000471,51,970,-919
106000472,208,27,181
106000473,34,29,5
106000474,453,1014,-561
106000475,281,187,94
106000476,255,240,15
106000477,30,182,-152
106000480,0,203,-203
106900001,0,35,-35
106900002,1,793,-792
106900003,313,1186,-873
106900004,0,86,-86
106900006,0,21,-21
106900007,1,31,-30
106900008,257,396,-139
106900009,334,550,-216
106900010,282,505,-223
106900012,3320,2347,973
106900013,627,114,513
106900014,34,2,32
106900015,16,1,15
106900016,327,4,323
106900017,1,0,1
106900018,0,0,0
106900019,33,4,29
106900020,4091,1696,2395
106900021,81,88,-7
106900022,522,1,521
106900023,37,327,-290
106900024,456,34,422
106900025,60,917,-857
106900026,8,1078,-1070
106900027,702,6,696
107000001,4271,3066,1205
107000002,5729,6525,-796
107000003,4885,6689,-1804
107000004,7025,7773,-748
107000005,3317,5381,-2064
107000006,5233,9092,-3859
107000007,4849,9921,-5072
107000008,17150,14146,3004
107000009,6032,7376,-1344
107000010,13528,15445,-1917
107000011,1270,1780,-510
107000012,5989,5632,357
107000013,48,140,-92
107000014,40,319,-279
107000015,542,1067,-525
107000016,755,1493,-738
107000017,3834,1209,2625
107000018,16,342,-326
107000020,1949,517,1432
107000021,1353,971,382
107000022,1033,1301,-268
107000023,1721,417,1304
107000024,571,2050,-1479
107000025,244,572,-328
107000026,249,798,-549
107000027,1364,1397,-33
107000028,1385,2275,-890
107000029,2709,2583,126
107000030,3393,4288,-895
107000031,3839,2831,1008
107000032,496,1235,-739
107000033,5537,6321,-784
107000034,6745,3117,3628
107000035,581,307,274
107000036,691,2034,-1343
107000037,102,956,-854
107000038,399,285,114
107000039,1196,922,274
107000040,220,399,-179
107000041,2073,818,1255
107000042,960,2477,-1517
107000043,4172,1290,2882
107000044,949,398,551
107000045,154,340,-186
107000046,718,493,225
107000047,621,1003,-382
107000048,785,433,352
107000049,617,989,-372
107000050,1173,642,531
107000051,773,521,252
107000052,1594,1175,419
107000053,542,293,249
107000054,89,421,-332
107000055,329,238,91
107000056,595,1069,-474
107000057,3024,318,2706
107000058,2589,3028,-439
107000059,3185,4901,-1716
107000060,4544,6742,-2198
107000061,8089,5608,2481
107000062,3950,3581,369
107000063,5189,8246,-3057
107000064,4355,2681,1674
107000065,5403,7671,-2268
107000066,1966,2916,-950
107000067,1052,1317,-265
107000068,1962,729,1233
107000069,1216,688,528
107000070,749,6,743
107000071,2520,52,2468
107000072,74,4711,-4637
107000073,502,267,235
107000074,138,1257,-1119
107000075,1404,624,780
107000076,1011,2092,-1081
107000077,3305,1224,2081
107000078,2748,4103,-1355
107000079,2445,850,1595
107000080,1403,4029,-2626
107000081,1386,750,636
107000082,678,3234,-2556
107000083,1229,433,796
107000084,499,2918,-2419
107000085,3313,3963,-650
107000086,4607,4928,-321
107000087,4041,2713,1328
107000088,4567,5213,-646
107000089,1630,2729,-1099
107000090,1446,1973,-527
107000091,1266,1185,81
107000092,1070,1988,-918
107000093,1479,1035,444
107000094,1889,2062,-173
107000095,866,1039,-173
107000096,721,1339,-618
107000097,772,534,238
107000098,554,1167,-613
107000099,611,492,119
107000100,478,503,-25
107000101,120,329,-209
107000102,559,590,-31
107000103,486,308,178
107000104,299,658,-359
107000105,499,184,315
107000106,282,590,-308
107000107,627,254,373
107000108,325,1123,-798
107000109,598,206,392
107000110,127,795,-668
107000111,317,47,270
107000112,45,539,-494
107000113,594,137,457
107000114,125,1173,-1048
107000115,470,162,308
107000116,96,1409,-1313
107000117,101,517,-416
107000118,139,383,-244
107000119,2865,1634,1231
107000120,4338,557,3781
107000121,754,933,-179
107000122,1272,1226,46
107000123,357,1265,-908
107000124,556,1223,-667
107000125,754,1341,-587
107000126,891,1243,-352
107000129,335,1344,-1009
107000130,522,302,220
107000131,541,1018,-477
107000132,608,437,171
107000133,722,141,581
107000134,302,4,298
107000135,9,296,-287
107000136,814,12,802
107000137,28,501,-473
107000138,412,32,380
107000139,21,499,-478
107000140,1620,102,1518
107000141,148,1058,-910
107000142,459,102,357
107000143,72,1170,-1098
107000144,440,590,-150
107000145,185,860,-675
107000146,158,433,-275
107000147,3600,1024,2576
107000150,1189,2520,-1331
107000151,51,106,-55
107000152,911,892,19
107000153,736,562,174
107000154,246,159,87
107000155,716,14,702
107000156,1000,26,974
107000157,32,2517,-2485
107000158,651,27,624
107000159,44,1799,-1755
107000160,774,126,648
107000161,108,2178,-2070
107000162,163,409,-246
107000163,76,0,76
107000164,425,1,424
107000165,645,3,642
107000166,69,1703,-1634
107000167,510,358,152
107000168,856,401,455
107000169,1362,1084,278
107000170,1802,894,908
107000171,586,2961,-2375
107000172,971,1209,-238
107000173,691,1736,-1045
107000174,874,4386,-3512
107000175,11532,2321,9211
107000176,0,2,-2
107000177,4,1,3
107000178,5,42,-37
107000179,325,3675,-3350
107000180,1211,448,763
107000181,429,1937,-1508
107000182,1543,1167,376
107000183,162,1186,-1024
107000184,953,920,33
107000185,489,1585,-1096
107000186,1206,424,782
107000187,1450,1794,-344
107000188,651,750,-99
107000189,430,1346,-916
107000190,678,1109,-431
107000191,797,1380,-583
107000192,2023,1386,637
107000193,480,609,-129
107000194,1335,1056,279
107000197,860,281,579
107000198,339,955,-616
107000199,817,1214,-397
107000200,1765,852,913
107000201,411,249,162
107000202,323,594,-271
107000203,1160,593,567
107000204,1817,673,1144
107000205,2304,1206,1098
107000206,1092,1443,-351
107000207,1096,1760,-664
107000208,1558,684,874
107000209,2482,1139,1343
107000210,1111,644,467
107000211,4,39,-35
107000212,44,547,-503
107000213,8,47,-39
107000214,41,266,-225
107000215,387,636,-249
107000216,355,633,-278
107000217,139,185,-46
107000219,110,136,-26
107000220,187,409,-222
107000222,382,1023,-641
107000224,270,75,195
107000225,156,637,-481
107000226,275,84,191
107000227,71,447,-376
107000228,64,209,-145
107000229,708,225,483
107000230,1677,828,849
107000231,2008,1095,913
107000232,172,126,46
107000233,1376,838,538
107000234,2,66,-64
107000235,83,7,76
107000236,17,561,-544
107000237,11,0,11
107000238,20,1,19
107000239,6955,912,6043
107000240,164,1530,-1366
107000243,0,108,-108
107000244,42,103,-61
107000246,7,1362,-1355
107000249,3,1266,-1263
107000251,1,315,-314
107000252,3,1390,-1387
107000255,975,163,812
107000257,5,677,-672
107000258,4,242,-238
107000259,0,269,-269
107000260,573,8,565
107000262,11,841,-830
107000263,177,1,176
107000266,17,13,4
107000267,88,256,-168
107000268,178,232,-54
107000269,517,25,492
107000270,1,9,-8
107000271,4,1017,-1013
107000272,10,199,-189
107000273,2,247,-245
107000274,1224,231,993
107000275,50,896,-846
107000280,695,32,663
107000281,22,1426,-1404
107000282,27,1285,-1258
107000290,9,22,-13
107000291,34,7,27
107000292,1,25,-24
107000293,141,7,134
107000294,0,35,-35
107000295,37,1,36
107000296,0,27,-27
107000444,324,5,319
107000496,1,23,-22
107000497,1538,3795,-2257
107000500,446,411,35
107000501,120,257,-137
107000502,605,501,104
107000505,1051,1108,-57
107000506,1,8,-7
107000508,8,755,-747
107000509,283,994,-711
107000510,35,27,8
107000514,74,325,-251
107000515,19,367,-348
107000516,233,378,-145
107000518,1300,1058,242
107000519,5187,1467,3720
107000520,132,27,105
107000521,607,644,-37
107000522,698,1166,-468
107900001,39,196,-157
107900002,32,5,27
107900003,386,19,367
107900004,34,0,34
107900005,906,5,901
107900006,188,1,187
107900007,284,30,254
107900008,54,39,15
107900009,166,4,162
107900010,44,0,44
107900012,332,24,308
107900013,269,72,197
107900014,14,3,11
107900015,797,6,791
107900016,448,103,345
107900017,28,2,26
107900018,76,136,-60
107900019,17,71,-54
107900020,125,13,112
107900021,44,195,-151
107900023,2,4,-2
107900024,0,42,-42
107900025,201,405,-204
107900026,55,164,-109
107900027,43,34,9
107900028,45,106,-61
107900030,230,21,209
107900031,51,275,-224
107900032,16,9,7
107900033,8,12,-4
107900034,471,14,457
107900035,860,41,819
107900036,64,3,61
107900037,1,39,-38
107900038,148,256,-108
107900039,24,114,-90
107900040,55,148,-93
107900041,2,3,-1
107900043,46,222,-176
107900044,6,9,-3
107900045,115,27,88
107900046,125,138,-13
107900047,18,64,-46
107900048,135,13,122
107900049,375,945,-570
107900050,109,528,-419
107900051,85,108,-23
107900052,26,16,10
107900053,39,144,-105
107900055,585,223,362
107900056,152,28,124
107900057,5,0,5
107900058,23,1073,-1050
107900060,13,73,-60
107900061,39,9,30
107900063,95,139,-44
107900064,441,103,338
107900065,147,19,128
107900066,13,14,-1
107900067,1,0,1
107900068,300,228,72
107900069,52,1728,-1676
107900070,107,54,53
107900071,51,1068,-1017
107900072,83,252,-169
107900073,56,174,-118
107900074,974,239,735
107900076,127,68,59
107900077,39,0,39
107900078,327,39,288
107900079,7,15,-8
107900080,236,290,-54
107900081,22,112,-90
107900082,33,18,15
107900083,522,104,418
107900084,170,122,48
107900086,38,146,-108
107900087,693,100,593
107900088,28,25,3
107900089,352,1107,-755
107900090,658,2251,-1593
107900091,294,595,-301
107900092,2241,611,1630
107900093,93,97,-4
107900095,3896,1870,2026
107900097,21,67,-46
107900098,70,167,-97
107900100,1316,1386,-70
107900101,1433,207,1226
107900102,19,7,12
107900103,53,208,-155
107900104,138,9,129
107900105,2,661,-659
107900106,6,1750,-1744
107900107,1468,403,1065
107900108,460,162,298
107900109,1144,24,1120
107900110,30,158,-128
107900111,12,1484,-1472
107900112,162,425,-263
107900113,157,184,-27
107900114,127,231,-104
107900115,1,48,-47
107900116,114,313,-199
107900117,444,499,-55
107900118,83,154,-71
107900119,100,199,-99
107900120,35,24,11
107900121,6,173,-167
107900122,6,54,-48
107900123,5,31,-26
107900124,27,13,14
107900125,26,222,-196
107900126,4,42,-38
107900127,458,227,231
107900128,153,124,29
107900129,34,70,-36
107900130,61,30,31
107900131,595,137,458
107900132,109,608,-499
107900133,2,74,-72
107900134,47,64,-17
107900135,5,252,-247
107900136,32,40,-8
107900137,126,142,-16
107900138,40,38,2
107900139,24,67,-43
107900141,45,59,-14
107900142,80,1604,-1524
107900143,42,19,23
107900144,3,180,-177
107900145,11,98,-87
107900146,33,173,-140
107900147,59,25,34
107900148,183,199,-16
107900149,2537,252,2285
107900150,108,1302,-1194
107900151,32,120,-88
107900152,8,304,-296
107900153,250,355,-105
107900154,38,17,21
107900155,57,47,10
107900156,4,486,-482
107900157,58,128,-70
107900158,718,17,701
107900159,34,1620,-1586
107900160,56,177,-121
107900161,35,240,-205
107900162,2,113,-111
107900163,116,14,102
107900164,10,37,-27
107900165,12,88,-76
107900166,32,347,-315
107900167,45,24,21
107900168,30,52,-22
107900169,0,183,-183
107900171,11,2458,-2447
107900172,1,478,-477
107900173,15,241,-226
107900174,76,8,68
107900175,8,16,-8
107900176,20,81,-61
107900177,0,135,-135
107900178,0,278,-278
107900179,12,165,-153
107900180,1341,459,882
107900181,369,519,-150
107900182,8,2031,-2023
107900183,29,442,-413
107900184,84,211,-127
107900185,89,2,87
107900186,12,56,-44
107900187,0,153,-153
107900188,959,136,823
107900189,25,131,-106
107900190,99,98,1
107900191,61,150,-89
107900193,2,38,-36
107900194,230,11,219
107900195,5538,719,4819
107900196,57,65,-8
107900197,1270,278,992
107900199,3,1232,-1229
107900201,92,176,-84
107900203,48,78,-30
107900204,255,302,-47
107900205,230,519,-289
107900206,773,164,609
107900207,3,777,-774
107900208,9,957,-948
107900209,428,141,287
107900210,107,158,-51
107900213,516,513,3
107900214,7,195,-188
107900215,155,322,-167
107900216,142,117,25
107900217,23,86,-63
107900218,11,1685,-1674
107900219,39,138,-99
107900220,199,210,-11
107900221,225,248,-23
107900223,103,651,-548
107900224,171,395,-224
107900225,5,1110,-1105
107900226,102,148,-46
107900227,165,568,-403
107900228,13,117,-104
107900229,5,345,-340
107900230,11,181,-170
107900231,10,272,-262
107900232,58,255,-197
107900233,7,181,-174
107900234,83,253,-170
107900235,25,85,-60
107900236,79,79,0
107900237,151,541,-390
107900238,18,204,-186
107900239,1640,548,1092
107900240,14,207,-193
107900241,15,104,-89
107900242,24,516,-492
107900243,1,60,-59
107900244,323,4,319
107900245,569,58,511
107900246,154,7,147
107900248,130,586,-456
107900249,592,29,563
107900250,3,741,-738
107900251,83,1831,-1748
107900252,898,13,885
107900253,134,3,131
107900254,51,229,-178
107900255,408,89,319
107900256,860,546,314
107900257,159,84,75
107900258,68,390,-322
107900259,94,1528,-1434
107900261,2,558,-556
107900262,58,217,-159
107900264,328,3,325
107900265,89,342,-253
107900267,186,39,147
107900268,48,12,36
107900269,0,9,-9
107900270,1,0,1
107900271,1,14,-13
107900272,131,14,117
107900273,22,111,-89
107900274,42,0,42
107900275,22,1,21
107900276,0,69,-69
107900277,1,290,-289
107900278,244,404,-160
107900279,152,124,28
107900280,2051,2207,-156
107900281,5127,2292,2835
107900282,145,368,-223
107900283,1866,579,1287
107900284,341,858,-517
107900285,85,148,-63
107900286,144,127,17
107900287,155,250,-95
107900290,0,91,-91
107900291,538,21,517
107900292,101,359,-258
107900293,95,717,-622
107900295,53,138,-85
107900297,2,301,-299
107900298,974,1000,-26
107900299,5023,2574,2449
107900300,32,363,-331
107900301,641,612,29
107900302,132,51,81
107900303,158,406,-248
107900304,194,667,-473
107900305,283,18,265
107900306,24,14,10
107900307,32,309,-277
107900308,224,85,139
107900309,192,1,191
107900310,139,15,124
107900311,5,65,-60
107900312,57,2,55
107900313,4,63,-59
107900314,0,62,-62
107900315,0,49,-49
107900316,61,1,60
107900317,150,17,133
107900318,3,221,-218
107900319,6,283,-277
107900320,0,275,-275
107900321,127,5,122
107900322,2,169,-167
107900323,8,264,-256
107900324,164,1,163
107900325,102,1,101
107900326,229,427,-198
107900327,0,45,-45
107900328,190,4,186
107900329,162,70,92
107900330,9,675,-666
107900331,163,56,107
107900332,191,58,133
107900333,51,23,28
107900334,8,328,-320
107900335,50,80,-30
107900336,33,55,-22
107900337,1712,847,865
107900338,2,128,-126
107900339,2,21,-19
107900340,0,70,-70
107900341,35,3,32
107900342,140,145,-5
107900343,79,1,78
107900344,2,112,-110
107900345,143,34,109
107900346,34,1,33
107900347,35,2,33
107900348,2,3,-1
107900349,33,7,26
107900350,25,316,-291
107900351,4,367,-363
107900352,0,74,-74
107900353,9,8,1
107900354,19,77,-58
108000001,3105,4976,-1871
108000002,3232,4260,-1028
108000003,5015,3112,1903
108000004,21819,21483,336
108000005,7520,5174,2346
108000006,9589,9597,-8
108000007,5743,4653,1090
108000008,7430,8229,-799
108000009,4165,4953,-788
108000010,4870,6728,-1858
108000011,11213,13606,-2393
108000012,22682,22675,7
108000014,864,704,160
108000015,606,438,168
108000016,269,672,-403
108000017,945,499,446
108000018,1851,779,1072
108000019,1884,998,886
108000020,1549,634,915
108000021,553,2050,-1497
108000022,647,2001,-1354
108000023,1308,213,1095
108000024,192,813,-621
108000025,297,318,-21
108000026,490,718,-228
108000027,667,678,-11
108000028,406,313,93
108000029,538,584,-46
108000030,543,291,252
108000031,317,654,-337
108000032,1381,741,640
108000033,922,1757,-835
108000034,1630,534,1096
108000035,1151,3224,-2073
108000036,427,1945,-1518
108000037,1720,460,1260
108000038,2408,546,1862
108000039,612,3476,-2864
108000040,2113,1033,1080
108000041,747,3930,-3183
108000042,248,320,-72
108000043,216,334,-118
108000044,345,182,163
108000045,307,826,-519
108000046,1298,383,915
108000047,498,1400,-902
108000048,169,488,-319
108000049,495,279,216
108000050,101,591,-490
108000051,281,135,146
108000052,333,914,-581
108000053,304,167,137
108000054,672,1421,-749
108000055,1283,509,774
108000056,1452,1381,71
108000057,800,1085,-285
108000058,2447,3948,-1501
108000059,5086,2802,2284
108000060,225,468,-243
108000061,278,403,-125
108000062,693,679,14
108000063,416,811,-395
108000064,211,291,-80
108000065,768,791,-23
108000066,2839,1121,1718
108000067,2214,680,1534
108000068,684,375,309
108000069,296,1377,-1081
108000070,1715,828,887
108000071,897,2052,-1155
108000072,1596,1286,310
108000073,1741,2557,-816
108000074,430,492,-62
108000075,365,993,-628
108000076,887,682,205
108000077,815,832,-17
108000078,1958,1827,131
108000079,1177,2331,-1154
108000080,979,723,256
108000081,586,3179,-2593
108000082,1296,2695,-1399
108000083,2253,980,1273
108000084,529,1790,-1261
108000085,656,506,150
108000086,967,1112,-145
108000087,151,2140,-1989
108000088,218,6,212
108000089,544,378,166
108000090,642,201,441
108000091,263,896,-633
108000092,203,145,58
108000093,190,1182,-992
108000094,747,211,536
108000095,208,724,-516
108000096,268,285,-17
108000097,239,788,-549
108000098,1384,1824,-440
108000099,174,147,27
108000100,44,267,-223
108000101,1033,1625,-592
108000102,1692,2892,-1200
108000106,896,1,895
108000107,5,924,-919
108000108,748,61,687
108000109,12,972,-960
108000110,156,363,-207
108000111,266,1288,-1022
108000112,93,179,-86
108000113,722,301,421
108000115,512,660,-148
108000117,1401,520,881
108000118,366,289,77
108000119,999,622,377
108000120,159,1075,-916
108000121,288,810,-522
108000122,443,497,-54
108000123,568,356,212
108000124,262,759,-497
108000125,279,468,-189
108000126,150,746,-596
108000127,460,463,-3
108000128,600,814,-214
108000129,257,1563,-1306
108000130,304,347,-43
108000131,1037,539,498
108000132,2381,1924,457
108000133,912,707,205
108000134,687,799,-112
108000135,1138,459,679
108000136,1158,1259,-101
108000137,400,520,-120
108000138,340,1411,-1071
108000139,286,445,-159
108000140,47,37,10
108000141,63,151,-88
108000142,61,170,-109
108000143,44,67,-23
108000144,33,24,9
108000145,49,96,-47
108000146,35,14,21
108000147,55,72,-17
108000148,51,7,44
108000149,32,43,-11
108000150,26,14,12
108000151,26,19,7
108000152,130,741,-611
108000153,444,232,212
108000154,70,32,38
108000155,20,19,1
108000156,472,157,315
108000157,171,889,-718
108000158,141,700,-559
108000159,964,240,724
108000160,7346,1241,6105
108000161,6128,2362,3766
108000165,4,209,-205
108000172,9,286,-277
108000173,3604,1950,1654
108000175,378,112,266
108000178,630,433,197
108000179,387,764,-377
108000181,78,52,26
108000182,216,17,199
108000183,48,27,21
108000184,1795,2306,-511
108000185,354,816,-462
108000186,104,60,44
108000187,90,1062,-972
108000188,414,262,152
108000189,976,1331,-355
108000190,36,166,-130
108000192,193,819,-626
108000193,1360,103,1257
108000194,48,26,22
108000195,1,2056,-2055
108000196,172,165,7
108000198,616,426,190
108000199,1,163,-162
108000200,284,820,-536
108000203,112,1174,-1062
108000204,67,34,33
108000205,396,635,-239
108000339,1928,419,1509
108000364,200,362,-162
108000365,78,402,-324
108000367,221,398,-177
108000368,10,73,-63
108000369,1501,158,1343
108000371,2,755,-753
108000372,528,1,527
108000373,152,230,-78
108000376,53,27,26
108000377,374,447,-73
108000378,10873,12552,-1679
108000379,39,289,-250
108000381,45,8,37
108000382,183,1,182
108000383,1,167,-166
108900001,131,1398,-1267
108900002,302,103,199
108900003,401,1360,-959
108900004,165,288,-123
108900005,100,371,-271
108900006,722,224,498
108900007,156,244,-88
108900008,65,179,-114
108900009,80,129,-49
108900010,170,229,-59
108900011,423,504,-81
108900012,325,552,-227
108900013,104,290,-186
108900014,21,115,-94
108900015,0,15,-15
108900016,2,267,-265
108900017,200,275,-75
108900018,104,654,-550
108900019,41,1405,-1364
108900020,41,349,-308
108900021,120,377,-257
108900022,115,2,113
108900023,22,20,2
108900024,18,169,-151
108900025,96,164,-68
108900026,16,125,-109
108900027,0,112,-112
108900028,84,598,-514
108900029,86,322,-236
108900030,1,137,-136
108900031,72,579,-507
108900032,18,354,-336
108900033,0,99,-99
108900034,1,290,-289
108900035,295,1788,-1493
108900036,179,421,-242
108900037,52,596,-544
108900038,1,604,-603
108900039,1,726,-725
108900040,1,141,-140
108900041,7436,3515,3921
108900042,10,361,-351
108900043,72,584,-512
108900044,0,913,-913
108900045,21,807,-786
108900046,75,1444,-1369
108900047,0,113,-113
108900048,87,1296,-1209
108900049,7826,1267,6559
108900050,1,314,-313
108900051,2,270,-268
108900052,29,306,-277
108900053,138,235,-97
108900054,58,313,-255
108900055,100,587,-487
108900056,1,229,-228
108900057,1,234,-233
108900058,19,481,-462
108900059,427,52,375
108900060,167,201,-34
108900061,66,48,18
108900062,6,430,-424
108900063,16,412,-396
108900064,143,61,82
108900065,16,382,-366
108900066,217,137,80
108900067,17,279,-262
108900068,7,299,-292
108900069,34,133,-99
108900070,30,218,-188
108900071,133,67,66
108900072,3081,426,2655
108900073,43,761,-718
108900074,148,723,-575
108900075,43,87,-44
108900076,252,86,166
108900077,179,849,-670
108900078,32,245,-213
108900079,1121,376,745
108900080,26,842,-816
108900081,65,362,-297
108900082,70,129,-59
108900083,26,321,-295
108900084,502,179,323
108900085,3364,241,3123
108900086,102,387,-285
108900087,98,343,-245
108900088,1198,392,806
108900089,15,135,-120
108900090,28,519,-491
108900091,190,182,8
108900092,483,395,88
108900093,89,76,13
108900094,240,103,137
108900095,72,791,-719
108900096,518,37,481
108900097,448,266,182
108900098,4387,628,3759
108900099,350,308,42
108900100,64,249,-185
108900101,307,108,199
108900102,216,887,-671
108900103,98,127,-29
108900104,191,549,-358
108900105,13,1179,-1166
108900106,337,523,-186
108900108,401,45,356
108900109,411,67,344
108900110,182,522,-340
108900111,411,747,-336
108900112,169,12,157
108900113,56,51,5
108900114,37,20,17
108900115,67,89,-22
108900116,51,13,38
108900117,142,32,110
108900118,471,12,459
108900119,197,54,143
108900120,266,290,-24
108900121,431,84,347
108900122,86,40,46
108900123,128,93,35
108900124,378,203,175
108900125,295,8,287
108900126,123,19,104
108900127,164,27,137
108900128,127,29,98
108900129,884,157,727
108900130,208,0,208
108900131,419,1,418
108900132,381,85,296
108900133,169,61,108
108900134,232,327,-95
108900135,134,14,120
108900136,25,0,25
108900137,125,0,125
108900138,553,21,532
108900139,514,80,434
108900140,209,341,-132
108900141,265,16,249
108900142,74,5,69
108900143,52,0,52
108900144,67,0,67
108900145,123,6,117
108900146,63,0,63
108900147,194,1,193
108900148,66,34,32
108900149,580,714,-134
108900150,272,3,269
108900151,92,1,91
108900152,64,16,48
108900153,109,627,-518
108900154,5130,558,4572
108900155,378,116,262
108900156,69,9,60
108900157,16,709,-693
108900158,262,54,208
108900159,9,435,-426
108900160,7,368,-361
108900161,9,629,-620
108900162,68,1,67
108900163,12,250,-238
108900164,63,81,-18
108900165,244,102,142
108900167,2845,5425,-2580
108900168,12862,2711,10151
108900169,55,215,-160
108900171,12309,2814,9495
108900172,265,53,212
108900173,200,585,-385
108900174,692,746,-54
108900176,177,1069,-892
108900177,11029,4391,6638
108900178,7225,3458,3767
108900179,946,1696,-750
108900180,205,283,-78
108900182,38,391,-353
108900183,258,286,-28
108900184,499,178,321
108900185,72,416,-344
108900186,36,525,-489
108900187,338,105,233
108900188,397,58,339
108900189,573,169,404
108900190,37,4644,-4607
108900191,282,47,235
108900192,143,329,-186
108900193,186,79,107
108900194,19,352,-333
108900195,96,442,-346
108900196,34,712,-678
108900198,3,783,-780
108900199,245,383,-138
108900200,698,453,245
108900201,492,1848,-1356
108900203,521,58,463
108900204,430,22,408
108900205,281,53,228
108900206,412,45,367
108900207,214,72,142
108900208,13,511,-498
108900209,271,843,-572
108900210,139,253,-114
108900211,246,587,-341
108900212,1003,1276,-273
108900215,130,840,-710
108900216,523,114,409
108900217,103,0,103
108900218,108,10,98
108900219,57,6,51
108900220,32,14,18
108900221,34,99,-65
108900222,197,13,184
108900223,9,91,-82
108900224,31,135,-104
108900225,1,163,-162
108900226,13,1,12
108900227,178,227,-49
108900230,615,474,141
108900231,41,331,-290
108900232,4,501,-497
108900233,485,84,401
108900234,263,119,144
108900235,278,862,-584
108900236,33,487,-454
108900237,51,335,-284
108900240,114,88,26
108900241,37,39,-2
108900245,3,1436,-1433
108900249,166,22,144
108900250,217,126,91
108900257,193,660,-467
108900258,11,309,-298
108900259,61,100,-39
108900260,7,97,-90
108900261,173,200,-27
108900262,350,197,153
108900263,64,293,-229
108900264,588,377,211
108900265,1746,339,1407
108900266,1814,488,1326
108900267,6,108,-102
108900268,34,3,31
108900269,56,16,40
108900270,42,5,37
108900271,29,20,9
108900272,183,18,165
108900273,1216,712,504
108900274,31,104,-73
109000001,5119,1549,3570
109000002,3080,2099,981
109000003,3046,912,2134
109000004,666,3730,-3064
109000005,3184,1171,2013
109000006,1028,3177,-2149
109000007,1579,1052,527
109000008,622,2870,-2248
109000009,4403,1784,2619
109000010,1884,5780,-3896
109000011,3748,2329,1419
109000012,2752,5451,-2699
109000013,4006,3590,416
109000014,1940,5299,-3359
109000015,3831,7675,-3844
109000016,14396,6298,8098
109000017,2452,1800,652
109000018,1245,5114,-3869
109000019,3927,1710,2217
109000020,1821,2956,-1135
109000023,282,48,234
109000024,1,220,-219
109000025,477,570,-93
109000026,1345,416,929
109000027,124,384,-260
109000028,172,108,64
109000029,163,242,-79
109000030,81,712,-631
109000031,271,146,125
109000032,194,656,-462
109000033,501,174,327
109000034,85,37,48
109000035,20,84,-64
109000036,107,412,-305
109000037,229,1144,-915
109000038,676,488,188
109000039,929,654,275
109000040,8011,6865,1146
109000041,6487,1614,4873
109000042,1437,1571,-134
109000044,589,83,506
109000045,176,509,-333
109000046,308,110,198
109000047,97,587,-490
109000048,1249,154,1095
109000049,577,607,-30
109000050,429,313,116
109000051,471,355,116
109000052,573,2267,-1694
109000053,188,88,100
109000054,178,1085,-907
109000055,306,316,-10
109000056,280,856,-576
109000057,583,348,235
109000058,1011,284,727
109000059,866,1071,-205
109000060,654,261,393
109000061,2044,1098,946
109000062,136,294,-158
109000063,389,317,72
109000064,151,197,-46
109000065,112,428,-316
109000066,332,183,149
109000067,37,496,-459
109000068,1189,10,1179
109000069,878,37,841
109000070,12,1241,-1229
109000071,477,96,381
109000072,109,479,-370
109000073,81,124,-43
109000074,54,288,-234
109000075,116,473,-357
109000076,137,248,-111
109000077,472,341,131
109000078,96,189,-93
109000079,111,312,-201
109000080,120,139,-19
109000081,102,757,-655
109000082,582,312,270
109000083,312,1013,-701
109000088,159,739,-580
109000089,248,55,193
109000090,265,555,-290
109000091,277,186,91
109000092,499,710,-211
109000093,228,211,17
109000094,409,1,408
109000095,127,676,-549
109000096,586,263,323
109000097,80,198,-118
109000098,95,107,-12
109000099,756,630,126
109000100,234,690,-456
109000101,1260,1294,-34
109000102,324,1073,-749
109000103,346,839,-493
109000104,1425,903,522
109000105,565,1865,-1300
109000106,2047,1091,956
109000107,689,2786,-2097
109000108,1983,779,1204
109000109,481,2549,-2068
109000110,2010,714,1296
109000111,1560,3011,-1451
109000112,501,191,310
109000113,569,296,273
109000114,251,520,-269
109000115,1813,72,1741
109000116,3,272,-269
109000117,132,153,-21
109000118,10,379,-369
109000119,1061,643,418
109000120,131,1418,-1287
109000121,341,106,235
109000122,112,1365,-1253
109000123,59,111,-52
109000124,592,540,52
109000125,687,486,201
109000126,460,1303,-843
109000127,828,325,503
109000128,554,2878,-2324
109000129,1940,841,1099
109000130,633,3485,-2852
109000131,922,530,392
109000132,795,2609,-1814
109000133,525,1495,-970
109000134,1017,2063,-1046
109000135,1313,1700,-387
109000136,372,492,-120
109000137,408,404,4
109000138,590,544,46
109000139,528,539,-11
109000140,230,714,-484
109000141,493,537,-44
109000142,109,727,-618
109000143,83,92,-9
109000145,90,227,-137
109000146,68,162,-94
109000148,6232,1870,4362
109000149,50,34,16
109000150,143,307,-164
109000155,782,904,-122
109000156,1690,1089,601
109000158,112,317,-205
109000159,133,757,-624
109000160,1264,267,997
109000161,421,2011,-1590
109000162,2314,1022,1292
109000163,1213,2781,-1568
109000164,1362,3585,-2223
109000165,1171,751,420
109000166,674,187,487
109000167,119,1267,-1148
109000170,41,98,-57
109000171,72,72,0
109000172,38,100,-62
109000173,27,91,-64
109000174,77,71,6
109000175,65,179,-114
109000176,324,308,16
109000177,48,192,-144
109000178,737,699,38
109000179,11310,4854,6456
109000180,8228,4367,3861
109000181,20,86,-66
109000182,55,69,-14
109000183,50,65,-15
109000184,30,35,-5
109000185,21,113,-92
109000188,542,3515,-2973
109000189,1919,1231,688
109000190,619,782,-163
109000191,318,820,-502
109000192,358,287,71
109000193,194,606,-412
109000194,229,164,65
109000195,129,653,-524
109000196,319,173,146
109000197,204,624,-420
109000198,244,101,143
109000199,152,791,-639
109000206,275,63,212
109000207,79,58,21
109000208,105,103,2
109000209,149,183,-34
109000210,230,781,-551
109000211,560,580,-20
109000214,405,702,-297
109000215,209,119,90
109000216,344,222,122
109000217,213,109,104
109000218,214,183,31
109000221,517,1471,-954
109000222,932,233,699
109000223,278,311,-33
109000224,59,355,-296
109000225,66,62,4
109000226,51,405,-354
109000227,897,1736,-839
109000228,2,397,-395
109000231,2,475,-473
109000232,226,445,-219
109000236,303,1015,-712
109000241,2402,2768,-366
109000242,1794,2099,-305
109000293,16,73,-57
109000361,132,360,-228
109000364,236,958,-722
109000396,7,1010,-1003
109000397,473,10,463
109000399,163,905,-742
109000400,85,356,-271
109000403,75,573,-498
109000406,645,16,629
109000407,286,286,0
109000408,0,1292,-1292
109000410,1218,322,896
109000411,182,66,116
109900001,123,5,118
109900002,751,14,737
109900003,208,0,208
109900004,750,316,434
109900005,31,8,23
109900006,302,378,-76
109900007,622,1054,-432
109900008,0,49,-49
109900009,120,864,-744
109900010,433,16,417
109900011,138,33,105
109900012,255,227,28
109900013,428,149,279
109900014,385,55,330
109900015,510,195,315
109900016,118,45,73
109900017,151,169,-18
109900018,223,94,129
109900019,129,75,54
109900020,25,32,-7
109900021,39,8,31
109900022,96,447,-351
109900023,20,4,16
109900024,21,0,21
109900025,7,87,-80
109900026,4,278,-274
109900027,42,26,16
109900028,3320,905,2415
109900029,7,695,-688
109900030,41,4,37
109900031,0,79,-79
109900032,12,386,-374
109900033,5,899,-894
109900034,32,0,32
109900035,2,14,-12
109900036,12,116,-104
109900037,39,780,-741
109900038,37,395,-358
109900039,11,1,10
109900040,20,941,-921
109900041,69,485,-416
109900042,6,529,-523
109900044,84,320,-236
109900045,75,41,34
109900046,14,105,-91
109900047,458,494,-36
109900048,0,97,-97
109900049,6,43,-37
109900050,1,309,-308
109900051,0,42,-42
109900052,123,407,-284
109900053,7,588,-581
109900054,603,267,336
109900055,59,398,-339
109900056,34,182,-148
109900057,14,290,-276
109900058,1,154,-153
109900059,508,133,375
109900060,475,216,259
109900061,134,431,-297
109900062,0,411,-411
109900063,4,442,-438
109900064,487,399,88
109900065,164,194,-30
109900066,356,1341,-985
109900067,0,531,-531
109900068,56,3,53
109900069,0,60,-60
109900070,67,399,-332
109900071,7,40,-33
109900072,27,224,-197
109900073,320,981,-661
109900074,10,51,-41
109900075,27,36,-9
109900076,29,386,-357
109900077,40,81,-41
109900078,119,376,-257
109900080,142,471,-329
109900081,34,155,-121
109900082,40,656,-616
109900083,30,77,-47
109900084,144,259,-115
109900085,280,1284,-1004
109900086,110,428,-318
109900087,269,556,-287
109900089,728,120,608
109900090,618,1810,-1192
109900091,257,102,155
109900092,459,13,446
109900093,638,181,457
109900094,88,124,-36
109900095,139,335,-196
109900096,25,6,19
109900097,80,1,79
109900098,386,43,343
109900099,167,1,166
109900100,65,0,65
109900101,405,11,394
109900102,397,28,369
109900103,22,55,-33
109900104,422,1260,-838
109900105,548,21,527
109900106,584,80,504
109900107,421,101,320
109900108,102,548,-446
109900109,35,226,-191
109900110,70,609,-539
109900111,372,1826,-1454
109900112,463,1246,-783
109900113,794,453,341
109900114,959,596,363
109900115,111,82,29
109900117,942,205,737
109900118,306,657,-351
109900119,853,427,426
109900120,63,18,45
109900121,705,318,387
109900122,369,5,364
109900123,11,227,-216
109900124,31,905,-874
109900125,0,242,-242
109900126,190,262,-72
109900128,191,81,110
109900130,16292,2354,13938
109900131,87,149,-62
109900132,38,265,-227
109900133,53,569,-516
109900134,67,75,-8
109900135,457,97,360
109900136,100,193,-93
109900137,90,511,-421
109900140,238,491,-253
109900142,1155,386,769
109900145,3,298,-295
109900146,573,31,542
109900148,33,114,-81
109900149,39,78,-39
109900150,5,105,-100
109900151,5,46,-41
109900152,0,18,-18
109900153,0,48,-48
109900154,32,0,32
109900155,45,11,34
109900157,98,407,-309
109900158,52,183,-131
109900159,167,33,134
109900160,148,62,86
109900161,213,104,109
109900162,183,68,115
109900163,971,682,289
109900164,41,299,-258
109900165,178,5,173
109900166,1,191,-190
109900167,201,709,-508
109900168,249,800,-551
109900169,203,262,-59
109900170,391,1044,-653
109900171,197,103,94
109900172,204,308,-104
109900173,5732,2610,3122
109900174,34,229,-195
109900175,69,78,-9
109900176,61,253,-192
109900177,49,484,-435
109900178,3,111,-108
109900179,12,49,-37
109900180,11,7,4
110000001,1056,722,334
110000002,827,784,43
110000003,1248,865,383
110000004,839,637,202
110000005,805,1717,-912
110000006,820,421,399
110000007,164,206,-42
110000008,13,69,-56
110000009,39,61,-22
110000010,57,77,-20
110000011,52,177,-125
110000012,1110,705,405
110000013,35,526,-491
110000014,737,486,251
110000015,354,718,-364
110000016,374,1374,-1000
110000017,4076,294,3782
110000018,4378,565,3813
110000019,19,208,-189
110000020,666,263,403
110000021,1129,617,512
110000022,1316,314,1002
110000023,6,259,-253
110000024,886,576,310
110000025,215,1,214
110000026,6,708,-702
110000027,1073,585,488
110000028,1024,876,148
110000029,684,1355,-671
110000030,261,508,-247
110000031,298,855,-557
110000032,977,500,477
110000033,347,78,269
110000034,548,900,-352
110000035,858,1104,-246
110000036,934,901,33
110000037,243,720,-477
110000038,221,911,-690
110000039,879,2886,-2007
110000040,417,487,-70
110000041,243,1443,-1200
110000042,93,262,-169
110000043,628,337,291
110000044,73,50,23
110000045,481,140,341
110000046,6,11,-5
110000047,31,18,13
110000048,14,6,8
110000049,103,11,92
110000050,5,22,-17
110000051,101,9,92
110000052,31,36,-5
110000053,407,3,404
110000054,145,249,-104
110000055,463,43,420
110000056,370,89,281
110000057,392,1076,-684
110000058,1196,720,476
110000059,1055,642,413
110000060,908,1187,-279
110000061,1227,1042,185
110000062,854,978,-124
110000063,52,147,-95
110000064,94,182,-88
110000065,81,108,-27
110000066,134,48,86
110000067,105,552,-447
110000068,262,719,-457
110000069,177,155,22
110000071,102,193,-91
110000073,3,27,-24
110000075,11,112,-101
110000076,343,458,-115
110000077,572,1655,-1083
110000078,30,62,-32
110000080,310,886,-576
110000081,59,482,-423
110000082,54,557,-503
110000083,257,723,-466
110000084,999,868,131
110000085,2971,1873,1098
110000086,1398,2364,-966
110000087,15,96,-81
110000088,59,363,-304
110000089,247,198,49
110000090,124,441,-317
110000091,2421,416,2005
110000092,21,126,-105
110000093,46,16,30
110000094,628,301,327
110000095,178,898,-720
110000096,4429,2158,2271
110000097,1147,1380,-233
110000098,2194,792,1402
110000099,1119,2173,-1054
110000100,751,939,-188
110000101,35,517,-482
110000102,52,54,-2
110000104,330,92,238
110000105,124,309,-185
110000106,664,353,311
110000107,496,540,-44
110000108,226,48,178
110000109,300,355,-55
110000110,5135,5915,-780
110000111,9878,3124,6754
110000112,1638,1074,564
110000113,976,2578,-1602
110000114,128,767,-639
110000115,236,379,-143
110000116,48,61,-13
110000117,142,603,-461
110000118,366,380,-14
110000119,165,463,-298
110000120,337,265,72
110000121,115,376,-261
110000122,355,837,-482
110000123,558,791,-233
110000124,3,1030,-1027
110000125,1058,7,1051
110000126,305,25,280
110000127,1210,71,1139
110000128,35,1934,-1899
110000129,6,626,-620
110000130,211,223,-12
110000131,66,450,-384
110000132,1,824,-823
110000133,73,431,-358
110000134,16,426,-410
110000135,242,42,200
110000136,69,385,-316
110000137,755,985,-230
110000138,875,1174,-299
110000139,866,2020,-1154
110000140,1417,715,702
110000143,907,457,450
110000144,5708,1714,3994
110000145,1502,1045,457
110000146,2176,1315,861
110000147,436,1051,-615
110000148,422,447,-25
110000151,1801,649,1152
110000152,1445,562,883
110000153,116,71,45
110000154,103,49,54
110000155,2801,4151,-1350
110000156,1094,2542,-1448
110000157,1741,2225,-484
110000160,382,531,-149
110000161,137,610,-473
110000166,449,145,304
110000167,868,667,201
110000168,1037,404,633
110000169,767,488,279
110000170,103,131,-28
110000171,720,227,493
110000172,166,1192,-1026
110000173,1749,1778,-29
110000174,180,1757,-1577
110000175,458,132,326
110000176,73,333,-260
110000177,161,1057,-896
110000178,611,1202,-591
110000179,1876,550,1326
110000180,163,414,-251
110000181,396,546,-150
110000182,419,352,67
110000183,15985,7571,8414
110000184,1789,2527,-738
110000185,1052,831,221
110000186,895,925,-30
110000191,566,322,244
110000192,453,11,442
110000193,883,4,879
110000194,13,1573,-1560
110000195,475,470,5
110000196,319,587,-268
110000197,106,274,-168
110000198,146,117,29
110000199,80,182,-102
110000200,1651,688,963
110000201,799,971,-172
110000202,1484,551,933
110000203,918,1130,-212
110000204,7,441,-434
110000205,121,56,65
110000206,799,1994,-1195
110000207,679,352,327
110000208,152,165,-13
110000209,147,1059,-912
110000210,777,863,-86
110000211,741,1194,-453
110000212,551,1224,-673
110000213,154,78,76
110000214,152,144,8
110000215,112,719,-607
110000216,67,875,-808
110000217,296,233,63
110000218,131,664,-533
110000219,279,128,151
110000220,43,543,-500
110000221,272,66,206
110000222,43,371,-328
110000223,6,80,-74
110000224,44,16,28
110000225,228,813,-585
110000226,233,56,177
110000227,860,795,65
110000228,436,330,106
110000229,1,305,-304
110000230,676,746,-70
110000231,174,253,-79
110000232,202,223,-21
110000233,199,408,-209
110000234,606,518,88
110000235,1759,1173,586
110000236,641,1111,-470
110000237,2002,1573,429
110000238,1254,1802,-548
110000239,2270,1508,762
110000240,0,120,-120
110000242,0,16,-16
110000243,92,201,-109
110000244,204,623,-419
110000245,47,712,-665
110000246,823,781,42
110000247,1801,6506,-4705
110000248,3092,2487,605
110000249,106,3,103
110000250,34,359,-325
110000251,200,852,-652
110000252,166,315,-149
110000253,1484,730,754
110000254,817,1903,-1086
110000255,263,1579,-1316
110000256,616,318,298
110000257,824,455,369
110000258,3,703,-700
110000259,97,40,57
110000260,22,467,-445
110000263,714,130,584
110000264,305,758,-453
110000265,1178,2231,-1053
110000266,2041,2841,-800
110000267,23,293,-270
110000268,348,679,-331
110000269,2,162,-160
110000270,62,4,58
110000271,3017,396,2621
110000272,1319,1244,75
110000273,3783,1530,2253
110000274,283,1466,-1183
110000275,3788,576,3212
110000276,225,411,-186
110000277,191,579,-388
110000278,248,1064,-816
110000279,820,858,-38
110000280,344,412,-68
110000281,50,214,-164
110000282,363,51,312
110000283,37,92,-55
110000284,50,38,12
110000285,2,405,-403
110000286,25,0,25
110000287,51,4,47
110000288,3,111,-108
110000289,646,2024,-1378
110000290,1532,737,795
110000291,8725,1787,6938
110000292,1552,5422,-3870
110000293,584,1232,-648
110000294,786,1205,-419
110000295,90,1334,-1244
110000296,305,393,-88
110000297,3297,368,2929
110000298,433,857,-424
110000299,652,57,595
110000301,207,13,194
110000302,399,1721,-1322
110000303,455,4,451
110000304,237,419,-182
110000305,1321,27,1294
110000306,173,2377,-2204
110000307,1589,11,1578
110000308,661,36,625
110000309,14,1571,-1557
110000310,730,127,603
110000311,19,1108,-1089
110000312,752,106,646
110000313,4390,3977,413
110000314,5,358,-353
110000315,3995,2284,1711
110000316,771,1496,-725
110000317,836,320,516
110000318,6,110,-104
110000319,2,31,-29
110000320,50,66,-16
110000321,22,71,-49
110000322,291,626,-335
110000323,346,231,115
110000324,5755,1515,4240
110000325,2948,3300,-352
110000327,643,418,225
110000328,217,628,-411
110000333,1157,920,237
110000334,946,1729,-783
110000335,881,646,235
110000336,867,1337,-470
110000337,1736,685,1051
110000338,359,216,143
110000339,273,338,-65
110000340,28,241,-213
110000341,589,585,4
110000342,594,3,591
110000343,0,12,-12
110000344,68,250,-182
110000345,131,124,7
110000346,2689,1816,873
110000347,1215,910,305
110000348,25,22,3
110000349,15,34,-19
110000350,61,6,55
110000351,857,980,-123
110000352,589,2036,-1447
110000353,4264,816,3448
110000354,1486,3288,-1802
110000355,105,159,-54
110000356,957,9,948
110000357,346,10,336
110000361,15,101,-86
110000362,54,222,-168
110000363,380,145,235
110000364,148,557,-409
110000365,191,1,190
110000366,1,145,-144
110000367,259,278,-19
110000368,5,95,-90
110000369,32,1,31
110000373,6,328,-322
110000374,198,16,182
110000375,230,1220,-990
110000376,35,99,-64
110000377,92,592,-500
110000378,25,510,-485
110000379,4303,1572,2731
110000380,55,13,42
110000383,0,890,-890
110000384,1835,674,1161
110000385,1,279,-278
110000387,143,5,138
110000388,41,327,-286
110000389,783,0,783
110000391,504,480,24
110000396,170,135,35
110000397,147,267,-120
110000398,7,45,-38
110000399,242,5,237
110000587,102,61,41
110000589,172,182,-10
110000640,143,151,-8
110000652,36,122,-86
110000653,275,572,-297
110000654,18,33,-15
110000656,1,903,-902
110000674,33,15,18
110000675,32,6,26
110000676,5,39,-34
110000679,501,1228,-727
110000682,172,257,-85
110000683,433,702,-269
110000684,8,113,-105
110000685,13,12,1
110000686,19,64,-45
110000687,24,9,15
110000688,62,890,-828
110000689,37,71,-34
110000692,252,294,-42
110000693,464,292,172
110000694,0,245,-245
110000695,229,900,-671
110000696,182,211,-29
110900001,343,17,326
110900002,613,477,136
110900003,694,1334,-640
110900004,334,300,34
110900005,6025,2335,3690
110900006,45,21,24
110900007,102,19,83
110900008,7,65,-58
110900009,425,114,311
110900010,12,130,-118
110900011,27,173,-146
110900012,31,155,-124
110900013,1021,180,841
110900014,175,14,161
110900015,1261,719,542
110900016,42,230,-188
110900017,352,37,315
110900018,417,68,349
110900019,138,29,109
110900020,102,520,-418
110900021,112,843,-731
110900022,144,504,-360
110900023,137,780,-643
110900024,36,787,-751
110900025,2,67,-65
110900027,44,308,-264
110900028,38,253,-215
110900029,43,502,-459
110900030,35,477,-442
110900031,1,216,-215
110900032,0,145,-145
110900033,32,368,-336
110900035,35,811,-776
110900036,134,25,109
110900037,69,41,28
110900038,1725,333,1392
110900039,6,378,-372
110900040,254,51,203
110900041,25,268,-243
110900042,138,69,69
110900043,4,239,-235
110900044,400,34,366
110900045,57,758,-701
110900046,158,544,-386
110900047,1121,224,897
110900049,65,90,-25
110900050,20,2,18
110900051,55,312,-257
110900052,8,283,-275
110900053,90,100,-10
110900054,32,363,-331
110900055,42,1,41
110900056,57,157,-100
110900057,10,260,-250
110900058,180,434,-254
110900059,808,987,-179
110900060,624,180,444
110900061,27,62,-35
110900062,155,446,-291
110900063,60,199,-139
110900064,3,0,3
110900065,478,247,231
110900066,12,144,-132
110900067,836,850,-14
110900068,336,318,18
110900069,7,40,-33
110900070,118,58,60
110900071,452,571,-119
110900073,0,31,-31
110900074,318,129,189
110900075,365,95,270
110900077,733,640,93
110900078,29,163,-134
110900079,2400,1058,1342
110900080,94,87,7
110900081,6,143,-137
110900082,131,328,-197
110900083,102,57,45
110900084,44,221,-177
110900085,47,587,-540
110900086,72,326,-254
110900087,320,99,221
110900088,25,0,25
110900090,58,29,29
110900091,1,71,-70
110900093,396,75,321
110900095,85,77,8
110900097,13,20,-7
110900098,30,186,-156
110900099,65,806,-741
110900100,0,13,-13
110900102,68,19,49
110900105,803,559,244
110900108,2,160,-158
110900111,420,148,272
110900112,710,8,702
110900113,746,61,685
110900115,38,155,-117
110900116,558,3286,-2728
110900118,200,2750,-2550
110900119,7000,595,6405
110900120,17,219,-202
110900121,87,2,85
110900122,424,197,227
110900125,279,429,-150
110900127,1050,1130,-80
110900128,295,229,66
110900129,484,692,-208
110900130,1505,721,784
110900131,246,70,176
110900132,282,43,239
110900133,85,370,-285
110900135,120,561,-441
110900136,298,30,268
110900137,131,2,129
110900138,1018,178,840
110900139,41,33,8
110900140,115,3,112
110900141,68,89,-21
110900142,69,332,-263
110900143,130,135,-5
110900144,5,990,-985
110900145,185,44,141
110900146,439,199,240
110900147,279,381,-102
110900148,15,449,-434
110900149,4,113,-109
110900150,60,29,31
110900151,5,101,-96
110900152,24,472,-448
110900153,186,53,133
111000001,787,564,223
111000002,922,1110,-188
111000003,1640,1476,164
111000004,1028,1534,-506
111000005,2191,1744,447
111000006,1430,1729,-299
111000007,7325,4858,2467
111000008,5223,4957,266
111000009,398,1137,-739
111000010,800,352,448
111000011,384,1043,-659
111000012,759,503,256
111000013,370,1444,-1074
111000014,1247,802,445
111000017,108,804,-696
111000018,234,418,-184
111000020,3095,3020,75
111000021,139,192,-53
111000023,146,247,-101
111000025,9656,3534,6122
111000029,74,117,-43
111000030,37,125,-88
111000031,2268,1309,959
111000032,535,281,254
111000033,458,240,218
111000034,594,269,325
111000037,3746,1526,2220
111000038,4872,3535,1337
111000039,2395,3545,-1150
111000040,2125,3807,-1682
111000041,1756,2245,-489
111000042,8021,3185,4836
111000043,2940,3042,-102
111000044,1393,1104,289
111000045,2538,2436,102
111000046,2078,1697,381
111000047,2772,3669,-897
111000049,543,647,-104
111000050,2729,2123,606
111000051,595,1706,-1111
111000052,753,2252,-1499
111000053,482,1564,-1082
111000054,299,1548,-1249
111000055,1472,2673,-1201
111000056,104,747,-643
111000057,71,930,-859
111000058,344,117,227
111000059,380,330,50
111000060,3672,1185,2487
111000061,549,428,121
111000062,916,299,617
111000063,2001,1071,930
111000064,458,771,-313
111000065,1103,1053,50
111000066,532,424,108
111000067,610,887,-277
111000068,442,1170,-728
111000069,2037,2453,-416
111000070,2946,1356,1590
111000071,341,1202,-861
111000072,1065,630,435
111000073,318,1039,-721
111000074,1769,2126,-357
111000075,961,1290,-329
111000076,561,1148,-587
111000077,1599,1919,-320
111000078,2883,1575,1308
111000079,1631,1074,557
111000080,539,915,-376
111000081,2973,4624,-1651
111000082,748,1017,-269
111000084,906,712,194
111000085,1296,2248,-952
111000086,5450,1972,3478
111000087,814,1060,-246
111000088,10503,2587,7916
111000089,805,1028,-223
111000090,1300,1535,-235
111000091,803,808,-5
111000092,1463,1359,104
111000093,655,954,-299
111000094,2531,1162,1369
111000095,827,2750,-1923
111000096,2852,8329,-5477
111000097,7745,1411,6334
111000098,806,1869,-1063
111000099,557,3048,-2491
111000100,460,2638,-2178
111000101,479,1093,-614
111000102,173,1001,-828
111000104,490,291,199
111000107,92,1098,-1006
111000109,496,311,185
111000110,1770,839,931
111000111,1810,597,1213
111000112,1753,498,1255
111000113,907,1207,-300
111000114,2408,3130,-722
111000115,9867,1739,8128
111000116,918,1293,-375
111000117,558,1158,-600
111000118,1713,1356,357
111000119,1023,1967,-944
111000120,459,796,-337
111000121,309,778,-469
111000122,764,1320,-556
111000123,1129,3918,-2789
111000124,568,4260,-3692
111000125,242,2445,-2203
111000126,113,1209,-1096
111000127,821,256,565
111000128,1439,483,956
111000129,2855,580,2275
111000130,1791,746,1045
111000131,1391,617,774
111000132,1259,777,482
111000133,127,175,-48
111000134,110,110,0
111000135,52,200,-148
111000136,356,438,-82
111000138,4,20,-16
111000140,3,3,0
111000141,339,388,-49
111000142,7,134,-127
111000143,5,107,-102
111000144,24,106,-82
111000145,853,6,847
111000146,50,20,30
111000147,211,61,150
111000148,238,82,156
111000149,7,39,-32
111000150,13,9,4
111000151,10,29,-19
111000153,666,705,-39
111000154,1091,222,869
111000155,146,237,-91
111000156,622,703,-81
111000157,184,980,-796
111000158,1033,883,150
111000159,3760,949,2811
111000160,319,455,-136
111000161,28,412,-384
111000162,15,264,-249
111000163,572,1120,-548
111000164,1156,3984,-2828
111000165,1659,512,1147
111000166,1872,527,1345
111000167,197,682,-485
111000168,320,638,-318
111000169,345,680,-335
111000170,535,578,-43
111000171,604,1187,-583
111000172,142,832,-690
111000173,421,1993,-1572
111000174,181,933,-752
111000175,53,374,-321
111000176,271,172,99
111000177,234,378,-144
111000178,1204,398,806
111000179,174,322,-148
111000180,229,410,-181
111000181,790,417,373
111000182,135,316,-181
111000183,261,459,-198
111000184,318,398,-80
111000185,329,615,-286
111000186,320,348,-28
111000187,136,308,-172
111000188,175,581,-406
111000189,1989,669,1320
111000190,160,605,-445
111000191,127,519,-392
111000192,281,773,-492
111000193,511,493,18
111000194,59,479,-420
111000195,120,557,-437
111000196,47,433,-386
111000197,364,189,175
111000198,431,138,293
111000199,202,187,15
111000200,279,393,-114
111000201,469,277,192
111000202,244,267,-23
111000203,274,265,9
111000204,448,954,-506
111000213,299,477,-178
111000214,1515,2371,-856
111000215,1066,1956,-890
111000217,1429,1473,-44
111000218,1097,1225,-128
111000219,566,287,279
111000220,3747,708,3039
111000221,1519,172,1347
111000224,117,788,-671
111000225,361,225,136
111000226,284,8,276
111000227,109,12,97
111000228,20,285,-265
111000229,39,613,-574
111000230,289,694,-405
111000231,940,1718,-778
111000232,355,993,-638
111000233,610,914,-304
111000234,92,324,-232
111000239,117,348,-231
111000240,41,219,-178
111000241,30,586,-556
111000242,119,98,21
111000243,103,1050,-947
111000244,360,189,171
111000245,928,770,158
111000246,367,857,-490
111000247,215,1093,-878
111000248,606,659,-53
111000249,542,961,-419
111000250,38,143,-105
111000251,37,170,-133
111000253,33,18,15
111000255,18,7,11
111000257,49,29,20
111000260,57,1321,-1264
111000261,927,81,846
111000271,62,386,-324
111000273,9989,1958,8031
111000274,1587,2729,-1142
111000275,153,96,57
111000276,351,2911,-2560
111000277,211,567,-356
111000278,752,298,454
111000291,627,6306,-5679
111000298,576,341,235
111000299,818,184,634
111000300,134,774,-640
111000302,219,118,101
111000303,96,307,-211
111000312,39,74,-35
111000315,40,430,-390
111000320,418,895,-477
111000321,367,114,253
111000322,279,738,-459
111000323,172,33,139
111000324,389,402,-13
111000325,48,97,-49
111000326,162,399,-237
111000327,395,846,-451
111000328,258,623,-365
111000329,3,26,-23
111000330,55,53,2
111000331,12,13,-1
111000332,456,1786,-1330
111000334,366,2244,-1878
111000335,642,217,425
111000337,855,490,365
111000338,44,121,-77
111000339,373,731,-358
111000340,71,1108,-1037
111000341,991,569,422
111000342,246,261,-15
111000344,1026,1065,-39
111000345,257,71,186
111000346,29,115,-86
111000347,130,12,118
111000350,186,159,27
111000351,110,233,-123
111000352,191,198,-7
111000353,145,254,-109
111000354,470,294,176
111000355,356,992,-636
111000358,148,2357,-2209
111000360,153,1200,-1047
111000361,91,503,-412
111000546,524,956,-432
111000547,313,1074,-761
111000548,128,279,-151
111000549,238,608,-370
111000550,117,643,-526
111000551,730,224,506
111000552,1322,87,1235
111000907,629,30,599
111000908,21,0,21
111000916,1366,275,1091
111000917,60,553,-493
111000918,182,1461,-1279
111000920,423,23,400
111000921,4,526,-522
111000922,336,346,-10
111000924,26,1340,-1314
111000925,1894,2547,-653
111000926,914,3541,-2627
111000927,2878,5668,-2790
111000928,6856,5507,1349
111000929,837,1209,-372
111000930,903,3550,-2647
111000931,1891,2427,-536
111000932,4822,3161,1661
111000933,3693,2228,1465
111000934,3348,3774,-426
111000935,1530,1202,328
111000936,1380,2969,-1589
111000937,857,1381,-524
111000938,2418,3085,-667
111000939,398,31,367
111000940,391,239,152
111000941,227,872,-645
111000943,327,319,8
111000944,164,686,-522
111000945,70,2810,-2740
111001109,723,317,406
111001110,267,767,-500
111001111,61,6,55
111001112,308,4,304
111001113,1,211,-210
111001114,1756,182,1574
111001115,174,397,-223
111001116,6821,3707,3114
111001117,729,1623,-894
111001120,125,491,-366
111001121,213,463,-250
111001122,262,812,-550
111001123,240,205,35
111001124,106,400,-294
111001125,2,50,-48
111900001,23,237,-214
111900002,24,1087,-1063
111900003,2,498,-496
111900004,27,217,-190
111900006,13,39,-26
111900007,94,8,86
111900008,91,1,90
111900009,147,182,-35
111900010,328,778,-450
111900012,67,216,-149
111900013,8,82,-74
111900014,9564,2866,6698
111900015,0,80,-80
111900016,0,153,-153
111900017,1,146,-145
111900018,162,9,153
111900019,3,78,-75
111900020,5,51,-46
111900021,36,100,-64
111900022,11,65,-54
111900023,85,59,26
111900024,2,60,-58
111900025,2,38,-36
111900026,3,77,-74
111900027,7,180,-173
111900028,1,446,-445
111900029,1,109,-108
111900030,44,622,-578
111900031,0,24,-24
111900032,3,583,-580
111900033,5,100,-95
111900034,394,1086,-692
111900035,26,264,-238
111900036,3,460,-457
111900038,385,1022,-637
111900039,61,568,-507
111900040,5,772,-767
111900042,65,156,-91
111900043,7,568,-561
111900044,345,433,-88
111900046,52,383,-331
111900048,149,1168,-1019
111900049,41,354,-313
111900050,107,15,92
111900051,5,423,-418
111900052,453,679,-226
111900053,1740,979,761
111900054,108,4,104
111900055,28,823,-795
111900056,399,177,222
111900057,49,35,14
111900058,287,1011,-724
111900059,4656,502,4154
111900060,251,1,250
111900061,21,347,-326
111900062,20,44,-24
111900063,259,286,-27
111900064,140,408,-268
111900065,35,32,3
111900066,92,227,-135
111900067,7,394,-387
111900068,53,32,21
111900069,67,27,40
111900070,157,171,-14
111900071,3,369,-366
111900072,34,13,21
111900073,609,104,505
111900074,13,279,-266
111900075,52,2,50
111900076,143,49,94
111900077,20,2,18
111900078,161,10,151
111900079,26,20,6
111900080,233,204,29
111900082,130,21,109
111900083,77,11,66
111900084,71,3,68
111900085,38,79,-41
111900086,37,5,32
111900087,32,0,32
111900088,335,6,329
111900089,41,2,39
111900090,69,33,36
111900091,101,1,100
111900092,39,0,39
111900093,266,9,257
111900094,104,0,104
111900095,112,19,93
111900096,84,0,84
111900097,11,0,11
111900098,97,1,96
111900099,64,0,64
111900100,73,2,71
111900101,114,22,92
111900102,282,953,-671
111900103,75,61,14
111900104,189,91,98
111900105,327,178,149
111900106,1933,61,1872
111900110,3126,410,2716
111900111,101,214,-113
111900112,1214,1831,-617
111900113,345,80,265
111900118,343,95,248
111900119,292,135,157
111900122,55,23,32
111900123,15,34,-19
111900124,25,89,-64
111900125,477,17,460
111900126,230,1,229
111900127,2,812,-810
111900128,5,759,-754
111900129,181,11,170
111900130,300,27,273
111900131,295,3,292
111900132,31,1963,-1932
111900133,10,458,-448
111900134,19,436,-417
111900135,5,26,-21
111900136,64,185,-121
111900137,56,49,7
111900138,17,80,-63
111900139,7,116,-109
111900140,83,29,54
111900141,63,5,58
111900142,77,37,40
111900143,34,372,-338
111900144,0,122,-122
111900145,7,726,-719
111900146,2,360,-358
111900147,243,594,-351
111900148,32,1088,-1056
111900149,11,419,-408
111900150,17,225,-208
111900151,5,22,-17
111900152,78,83,-5
111900153,1876,369,1507
111900154,15,223,-208
111900155,59,93,-34
111900156,28,48,-20
111900157,82,10,72
111900158,445,36,409
111900159,249,9,240
111900160,202,1,201
111900161,84,1,83
111900162,126,196,-70
111900163,38,481,-443
111900164,118,107,11
111901113,313,218,95
111901114,168,516,-348
111901115,69,1,68
111901116,41,2,39
111901117,34,35,-1
111901118,320,156,164
111901119,2096,203,1893
111901121,254,644,-390
111901122,10,830,-820
111901123,127,574,-447
111901124,104,0,104
111901125,314,335,-21
111901127,1517,520,997
111901128,15,231,-216
111901129,8,287,-279
111901130,14,477,-463
111901131,0,261,-261
111901132,128,6,122
111901133,68,5,63
111901134,73,1,72
111901135,21,10,11
111901136,37,33,4
111901137,0,25,-25
111901138,122,46,76
111901139,27,62,-35
111901140,5,191,-186
111901141,13,486,-473
111901142,6,296,-290
111901143,5,154,-149
111901144,84,35,49
111901145,307,337,-30
111901146,455,31,424
111901147,254,36,218
111901148,3,8,-5
112000001,2016,1387,629
112000002,960,3430,-2470
112000003,1166,1378,-212
112000004,857,2166,-1309
112000005,2676,2760,-84
112000006,2447,3160,-713
112000007,2279,1899,380
112000008,2998,5260,-2262
112000009,5019,5255,-236
112000010,3196,3774,-578
112000011,2688,3394,-706
112000012,5872,3527,2345
112000013,6204,3894,2310
112000014,3463,867,2596
112000015,3768,3644,124
112000016,7164,1108,6056
112000017,3202,1917,1285
112000024,2842,992,1850
112000026,5984,7148,-1164
112000027,1159,624,535
112000028,2775,2277,498
112000029,454,997,-543
112000030,260,159,101
112000031,2001,5166,-3165
112000032,517,54,463
112000033,2340,1309,1031
112000034,407,46,361
112000035,94,276,-182
112000036,1165,830,335
112000037,1105,876,229
112000038,1367,903,464
112000039,54,78,-24
112000040,163,299,-136
112000041,584,516,68
112000042,1826,429,1397
112000050,1217,2184,-967
112000051,1066,1400,-334
112000054,3108,4093,-985
112000057,629,514,115
112000058,409,757,-348
112000059,708,731,-23
112000061,5818,2707,3111
112000062,2179,974,1205
112000063,2204,1844,360
112000064,5719,7814,-2095
112000065,2671,3378,-707
112000066,4267,1562,2705
112000067,1062,870,192
112000068,3873,2216,1657
112000069,842,2496,-1654
112000070,2070,966,1104
112000071,1144,3461,-2317
112000072,2008,1203,805
112000073,2658,2275,383
112000074,2319,1106,1213
112000075,1357,1341,16
112000076,3912,3428,484
112000077,617,981,-364
112000078,1554,816,738
112000079,1427,1537,-110
112000080,665,1063,-398
112000081,1656,2759,-1103
112000082,1697,921,776
112000083,591,1937,-1346
112000084,1346,979,367
112000085,1344,1776,-432
112000086,1898,2097,-199
112000087,281,566,-285
112000088,439,855,-416
112000089,277,297,-20
112000090,262,403,-141
112000091,707,1453,-746
112000092,1602,1316,286
112000093,2011,1407,604
112000094,591,1194,-603
112000095,725,1143,-418
112000096,500,836,-336
112000097,1145,787,358
112000098,1193,2006,-813
112000099,803,1115,-312
112000100,1477,1256,221
112000101,572,1177,-605
112000102,922,740,182
112000103,383,1428,-1045
112000105,599,2448,-1849
112000106,1243,557,686
112000107,25,176,-151
112000108,273,2431,-2158
112000109,176,105,71
112000110,1852,786,1066
112000111,1562,4272,-2710
112000112,3517,833,2684
112000113,1090,2294,-1204
112000114,2484,1399,1085
112000115,423,770,-347
112000116,513,1416,-903
112000117,1290,1130,160
112000118,1320,979,341
112000119,624,1088,-464
112000120,101,454,-353
112000121,142,862,-720
112000122,233,189,44
112000123,578,174,404
112000124,306,78,228
112000125,174,192,-18
112000126,163,981,-818
112000127,2659,1967,692
112000128,1092,992,100
112000129,112,166,-54
112000130,175,87,88
112000131,53,632,-579
112000132,134,328,-194
112000133,413,558,-145
112000134,409,435,-26
112000135,838,894,-56
112000136,1217,1366,-149
112000137,1190,1911,-721
112000138,1495,1517,-22
112000139,1196,430,766
112000140,1271,1251,20
112000141,854,345,509
112000142,224,1093,-869
112000143,1089,386,703
112000144,377,2107,-1730
112000145,2018,852,1166
112000146,743,3046,-2303
112000147,2093,2168,-75
112000148,2075,3045,-970
112000149,317,1002,-685
112000150,216,832,-616
112000151,404,915,-511
112000152,297,576,-279
112000153,240,448,-208
112000154,104,210,-106
112000155,422,122,300
112000157,1776,663,1113
112000158,266,1175,-909
112000159,490,455,35
112000167,480,75,405
112000169,1713,642,1071
112000173,616,264,352
112000175,394,573,-179
112000176,4583,2713,1870
112000177,672,163,509
112000178,82,735,-653
112000179,246,172,74
112000180,324,409,-85
112000181,1553,2390,-837
112000182,983,2622,-1639
112000183,35,83,-48
112000184,326,998,-672
112000185,516,713,-197
112000187,3882,2702,1180
112000195,199,17,182
112000196,232,1,231
112000197,140,88,52
112000198,26,369,-343
112000199,1661,1259,402
112000202,344,1,343
112000216,69,339,-270
112000230,75,10,65
112000231,0,303,-303
112000256,55,182,-127
112000313,145,185,-40
112000314,38,33,5
112000337,250,666,-416
112000352,492,341,151
112000392,2272,2101,171
112000398,1109,1063,46
112000399,12402,3341,9061
112000400,2275,5602,-3327
112000401,3185,4062,-877
112000402,2596,2665,-69
112000403,5962,3273,2689
112000404,558,811,-253
112000405,1582,2992,-1410
112000406,4388,4252,136
112000407,5511,7749,-2238
112000408,9905,10191,-286
112000409,1988,7191,-5203
112000410,473,160,313
112000411,7306,1265,6041
112000412,1594,605,989
112000413,13519,4742,8777
112000414,103,163,-60
112000415,79,80,-1
112000416,2165,1659,506
112000417,202,79,123
112000421,41,245,-204
112000422,467,816,-349
112000424,4627,3361,1266
112000425,507,1619,-1112
112000426,146,393,-247
112000427,1,10,-9
112000428,164,638,-474
112000429,3800,4503,-703
112000430,5315,4367,948
112000431,79,179,-100
112000432,672,2621,-1949
112000433,546,1313,-767
112000437,57,353,-296
112900001,77,0,77
112900002,300,1425,-1125
112900003,34,462,-428
112900004,41,328,-287
112900005,160,300,-140
112900006,8,529,-521
112900007,12,294,-282
112900008,2,22,-20
112900009,403,122,281
112900010,264,903,-639
112900011,427,391,36
112900012,1,51,-50
112900013,1,210,-209
112900014,7,378,-371
112900015,483,1337,-854
112900016,5,246,-241
112900017,27,367,-340
112900018,2,421,-419
112900019,84,269,-185
112900020,533,2011,-1478
112900021,1,348,-347
112900022,6,132,-126
112900023,2,299,-297
112900024,48,306,-258
112900025,101,465,-364
112900026,8,389,-381
112900027,11,1646,-1635
112900028,20,179,-159
112900029,9,900,-891
112900030,251,246,5
112900031,4,753,-749
112900032,137,365,-228
112900034,1,114,-113
112900035,17,654,-637
112900036,65,216,-151
112900037,386,201,185
112900038,571,185,386
112900039,17,426,-409
112900040,2,457,-455
112900041,2129,1475,654
112900042,29,659,-630
112900043,17,60,-43
112900044,946,576,370
112900045,566,389,177
112900046,308,139,169
112900047,18,17,1
112900049,194,88,106
112900050,129,895,-766
112900051,313,1010,-697
112900052,7,1358,-1351
112900053,444,162,282
112900054,328,25,303
112900055,204,35,169
112900056,553,171,382
112900057,14,878,-864
112900058,360,360,0
112900059,176,207,-31
112900060,7,330,-323
112900061,71,211,-140
112900062,53,185,-132
112900063,123,11,112
112900064,186,307,-121
112900065,68,36,32
112900066,165,171,-6
112900067,631,224,407
112900068,32,33,-1
112900069,3813,727,3086
112900071,18,2,16
112900072,404,1459,-1055
112900073,312,74,238
112900074,84,190,-106
112900075,3109,877,2232
112900076,135,12,123
112900078,287,383,-96
112900079,199,26,173
112900080,21,3,18
112900081,55,217,-162
112900082,491,20,471
112900083,107,61,46
112900084,239,112,127
112900086,31,0,31
112900087,649,124,525
112900088,78,7,71
112900089,774,18,756
112900090,39,9,30
112900091,201,1,200
112900092,183,264,-81
112900093,1132,21,1111
112900095,39,2,37
112900096,285,145,140
112900097,53,605,-552
112900098,177,2,175
112900099,737,10,727
112900100,36,0,36
112900101,190,4,186
112900102,136,14,122
112900103,150,1,149
112900104,153,5,148
112900105,10,0,10
112900106,472,124,348
112900107,1,1,0
112900108,19,0,19
112900109,97,0,97
112900110,839,4,835
112900111,619,2,617
112900112,304,2,302
112900113,0,20,-20
112900114,113,43,70
112900115,880,5,875
112900116,54,31,23
112900117,124,114,10
112900118,29,121,-92
112900119,153,1,152
112900120,963,323,640
112900121,399,218,181
112900122,21,201,-180
112900123,128,24,104
112900124,10,183,-173
112900125,54,576,-522
112900126,147,269,-122
112900127,371,96,275
112900128,554,996,-442
112900129,1,1296,-1295
112900130,256,78,178
112900131,40,278,-238
112900132,92,518,-426
112900133,30,1575,-1545
112900134,3,368,-365
112900135,82,54,28
112900137,3,961,-958
112900138,7,633,-626
112900139,310,1534,-1224
112900141,810,29,781
112900142,90,140,-50
112900143,49,749,-700
112900144,4,601,-597
112900145,40,646,-606
112900146,12,2062,-2050
112900147,5,3001,-2996
112900148,83,3,80
112900149,232,914,-682
112900151,21,59,-38
112900152,5882,1183,4699
112900153,2434,1978,456
112900154,0,165,-165
112900155,224,13,211
112900156,318,2249,-1931
112900157,216,113,103
112900158,70,21,49
112900159,224,89,135
112900160,48,446,-398
112900161,113,32,81
112900162,40,7,33
112900163,173,27,146
112900164,67,153,-86
112900165,129,78,51
112900166,69,58,11
112900167,6,46,-40
112900168,1,0,1
112900169,7,13,-6
112900170,41,119,-78
112900172,70,16,54
112900173,296,161,135
112900174,314,46,268
112900175,165,181,-16
112900176,13,20,-7
112900177,231,51,180
112900178,770,2755,-1985
112900179,53,645,-592
112900180,2327,2251,76
112900181,432,9,423
112900182,58,1921,-1863
112900183,172,354,-182
112900184,702,560,142
112900185,368,724,-356
112900186,1972,1210,762
112900187,117,471,-354
112900188,922,464,458
112900189,11,43,-32
112900190,115,65,50
112900192,630,748,-118
112900193,1487,518,969
112900194,143,195,-52
112900195,1476,46,1430
112900196,393,716,-323
112900197,210,513,-303
112900199,441,791,-350
112900200,580,391,189
112900201,48,147,-99
112900202,337,1250,-913
112900203,207,488,-281
112900204,1166,583,583
112900205,5,27,-22
112900206,16,91,-75
112900207,16,0,16
112900208,76,200,-124
112900209,567,559,8
112900210,0,39,-39
112900211,112,36,76
112900212,3,150,-147
112900213,21,15,6
112900214,62,6,56
112900215,2,328,-326
112900216,39,107,-68
112900217,0,98,-98
112900218,20,31,-11
112900219,50,34,16
112900220,1,0,1
112900221,13,182,-169
112900222,0,39,-39
112900223,1180,19,1161
112900224,189,992,-803
112900225,362,712,-350
112900226,263,392,-129
112900227,384,1546,-1162
112900228,34,47,-13
112900229,106,88,18
112900230,10532,4765,5767
112900232,203,223,-20
112900233,59,252,-193
112900234,12,148,-136
112900235,112,28,84
112900236,204,15,189
112900237,146,610,-464
112900238,2,51,-49
112900239,1065,394,671
112900240,1,42,-41
112900241,1,74,-73
112900242,2,76,-74
112900243,1,45,-44
112900244,0,18,-18
112900245,2,9,-7
112900246,0,3,-3
112900247,34,3,31
112900248,4,1,3
112900249,12,5,7
112900250,11,8,3
112900251,10,6,4
112900252,8,9,-1
112900253,7,2,5
112900254,0,2,-2
112900255,0,12,-12
112900256,1,8,-7
112900257,5,10,-5
113000001,7027,11415,-4388
113000002,4823,5380,-557
113000003,2658,4892,-2234
113000004,2842,4181,-1339
113000005,2595,2006,589
113000006,1892,2684,-792
113000007,2674,2145,529
113000008,2777,3303,-526
113000009,1350,1700,-350
113000010,1334,2648,-1314
113000011,1329,2016,-687
113000012,1710,1908,-198
113000013,1632,1022,610
113000014,1780,1426,354
113000015,638,275,363
113000016,730,673,57
113000017,32,323,-291
113000018,654,102,552
113000019,120,257,-137
113000020,159,29,130
113000021,4328,1026,3302
113000022,997,1606,-609
113000025,114,367,-253
113000026,853,673,180
113000027,3717,594,3123
113000028,2337,466,1871
113000029,976,902,74
113000030,794,851,-57
113000031,387,491,-104
113000032,341,489,-148
113000033,346,532,-186
113000034,560,551,9
113000035,42,59,-17
113000036,18,35,-17
113000037,77,34,43
113000038,21,79,-58
113000039,80,1379,-1299
113000040,117,127,-10
113000042,1337,859,478
113000051,860,3423,-2563
113000052,3178,2064,1114
113000053,417,974,-557
113000054,442,1400,-958
113000055,1379,1312,67
113000056,1090,1755,-665
113000058,1106,955,151
113000059,1546,977,569
113000060,242,665,-423
113000061,1302,1289,13
113000062,2165,358,1807
113000063,122,434,-312
113000064,24,667,-643
113000065,191,1564,-1373
113000066,770,191,579
113000067,2027,1955,72
113000068,519,2727,-2208
113000069,776,2059,-1283
113000070,2359,1561,798
113000071,386,1037,-651
113000072,733,787,-54
113000073,1037,2425,-1388
113000074,1424,785,639
113000075,3351,1043,2308
113000076,2364,2427,-63
113000077,1725,722,1003
113000078,1452,3505,-2053
113000079,936,1184,-248
113000080,890,790,100
113000081,1139,1253,-114
113000082,1973,911,1062
113000083,676,1301,-625
113000084,2430,1543,887
113000085,974,957,17
113000086,1589,1618,-29
113000087,1142,1196,-54
113000088,4634,1902,2732
113000089,1276,2088,-812
113000090,478,1042,-564
113000091,923,451,472
113000094,2354,288,2066
113000095,663,1386,-723
113000096,343,1194,-851
113000097,2056,522,1534
113000098,199,55,144
113000099,2481,458,2023
113000100,264,567,-303
113000101,826,801,25
113000102,1080,533,547
113000103,4025,737,3288
113000104,574,5383,-4809
113000105,1039,719,320
113000106,681,701,-20
113000107,1311,1548,-237
113000108,1706,2210,-504
113000109,1046,8966,-7920
113000110,2085,693,1392
113000111,347,1821,-1474
113000112,530,459,71
113000113,2075,388,1687
113000114,328,2520,-2192
113000116,999,272,727
113000117,1114,129,985
113000118,303,634,-331
113000119,349,499,-150
113000120,102,357,-255
113000121,548,1214,-666
113000124,276,174,102
113000125,82,866,-784
113000127,4809,776,4033
113000128,829,1024,-195
113000129,899,2370,-1471
113000133,5182,1896,3286
113000134,16,2177,-2161
113000135,4303,4708,-405
113000137,2554,3670,-1116
113000139,487,245,242
113000140,297,381,-84
113000141,384,228,156
113000142,691,1280,-589
113000143,335,246,89
113000144,352,946,-594
113000145,76,242,-166
113000146,172,152,20
113000147,176,193,-17
113000148,137,156,-19
113000149,105,171,-66
113000150,783,602,181
113000151,124,108,16
113000152,37,193,-156
113000153,2694,843,1851
113000154,1004,2421,-1417
113000155,415,848,-433
113000156,208,570,-362
113000157,449,1376,-927
113000158,822,394,428
113000159,1000,1035,-35
113000160,707,1863,-1156
113000161,316,837,-521
113000162,822,760,62
113000163,138,111,27
113000164,34,123,-89
113000166,199,157,42
113000167,27,183,-156
113000168,61,175,-114
113000169,161,93,68
113000170,157,135,22
113000171,79,116,-37
113000172,270,114,156
113000173,75,20,55
113000174,113,738,-625
113000175,444,239,205
113000176,549,235,314
113000177,190,769,-579
113000178,203,518,-315
113000179,452,262,190
113000180,1258,2225,-967
113000181,1417,1337,80
113000182,290,893,-603
113000183,259,787,-528
113000184,44,119,-75
113000189,668,966,-298
113000190,1444,629,815
113000192,4457,1871,2586
113000193,10855,1475,9380
113000194,5179,1403,3776
113000195,6258,824,5434
113000196,343,184,159
113000197,4051,1151,2900
113000198,57,453,-396
113000199,1625,554,1071
113000201,2424,257,2167
113000202,6263,6998,-735
113000203,1039,338,701
113000204,3627,2058,1569
113000205,34,30,4
113000206,34,26,8
113000207,107,25,82
113000208,52,61,-9
113000209,72,19,53
113000210,6,42,-36
113000211,772,310,462
113000212,627,45,582
113000213,47,494,-447
113000214,316,644,-328
113000234,188,1705,-1517
113000410,213,386,-173
113000411,3405,6331,-2926
113000412,13682,3337,10345
113000413,6088,4223,1865
113000414,10924,15509,-4585
113000415,3505,4727,-1222
113000416,11367,6335,5032
113000417,4444,5780,-1336
113000418,4095,3394,701
113000419,2050,2757,-707
113000420,4199,6801,-2602
113000421,5122,8259,-3137
113000422,18212,15348,2864
113000423,3881,6410,-2529
113000424,5288,15332,-10044
113000425,43,276,-233
113000428,144,10,134
113000430,45,28,17
113000432,2803,221,2582
113000433,143,1218,-1075
113000434,46,313,-267
113000435,45,1018,-973
113000436,117,1749,-1632
113000437,857,14,843
113000438,288,19,269
113000439,37,238,-201
113000440,137,33,104
113000441,252,447,-195
113000442,155,323,-168
113000443,219,612,-393
113000444,242,338,-96
113000445,121,336,-215
113000446,36,121,-85
113000448,440,324,116
113000449,543,2388,-1845
113000450,1823,10542,-8719
113000451,2669,297,2372
113000452,758,1242,-484
113000453,218,410,-192
113000454,4344,62,4282
113000455,151,178,-27
113000456,4993,3463,1530
113000468,4282,392,3890
113000469,1137,283,854
113000470,826,111,715
113000471,22,957,-935
113000472,169,462,-293
113000474,391,1083,-692
113000475,1890,2727,-837
113000476,1130,2378,-1248
113000477,2712,2559,153
113000478,5024,8909,-3885
113000479,100,344,-244
113000483,0,0,0
113000484,0,0,0
113000485,0,0,0
113000486,0,0,0
113000487,0,1,-1
113000488,0,0,0
113000489,0,1,-1
113000490,0,0,0
113000491,0,3,-3
113000492,1,2,-1
113000493,0,0,0
113000495,290,329,-39
113000496,177,235,-58
113000497,0,0,0
113000499,0,0,0
113900001,2,344,-342
113900002,5,365,-360
113900003,4,304,-300
113900004,4,122,-118
113900005,5,91,-86
113900006,4,44,-40
113900007,633,58,575
113900008,899,4,895
113900009,1930,7,1923
113900010,1061,5,1056
113900011,175,5,170
113900012,56,8,48
113900013,2537,33,2504
113900014,587,4,583
113900015,2,41,-39
113900016,49,0,49
113900017,1,60,-59
113900018,575,211,364
113900019,112,55,57
113900020,119,0,119
113900022,14,0,14
113900023,23,0,23
113900024,57,125,-68
113900025,513,66,447
113900026,83,0,83
113900027,9,123,-114
113900028,21,676,-655
113900029,42,303,-261
113900030,244,5,239
113900031,28,0,28
113900032,42,1,41
113900033,80,113,-33
113900035,83,1,82
113900036,33,183,-150
113900037,95,713,-618
113900038,123,200,-77
113900039,162,14,148
113900040,6,7,-1
113900041,5,10,-5
113900042,117,50,67
113900043,301,167,134
113900044,226,212,14
113900045,92,5,87
113900046,319,867,-548
113900047,36,199,-163
113900048,291,67,224
113900049,1206,452,754
113900050,233,583,-350
113900051,350,595,-245
113900052,161,161,0
113900053,703,764,-61
113900054,51,0,51
113900055,181,721,-540
113900056,119,272,-153
113900057,11,194,-183
113900058,67,314,-247
113900059,425,523,-98
113900060,124,240,-116
113900061,1150,235,915
113900062,126,18,108
113900063,144,169,-25
113900064,43,360,-317
113900065,563,28,535
113900066,389,615,-226
113900067,77,393,-316
113900068,601,583,18
113900069,135,35,100
113900070,257,557,-300
113900071,95,114,-19
113900072,66,245,-179
113900073,419,514,-95
113900074,57,513,-456
113900075,1572,1470,102
113900076,157,13,144
113900077,70,307,-237
113900078,80,73,7
113900079,1,89,-88
113900080,559,277,282
113900081,61,302,-241
113900082,190,426,-236
113900083,259,735,-476
113900084,416,153,263
113900085,55,401,-346
113900086,37,26,11
113900087,63,173,-110
113900088,63,104,-41
113900089,480,63,417
113900090,868,539,329
113900091,43,39,4
113900092,48,105,-57
113900093,161,1203,-1042
113900094,333,528,-195
113900095,214,171,43
113900096,282,70,212
113900097,13,186,-173
113900098,803,120,683
113900099,0,114,-114
113900100,0,1,-1
113900101,44,59,-15
113900102,243,129,114
113900103,633,290,343
113900104,223,282,-59
113900105,74,515,-441
113900106,0,130,-130
113900107,1,32,-31
113900108,419,250,169
113900109,615,223,392
113900110,93,15,78
113900111,133,113,20
113900112,118,144,-26
113900113,1053,713,340
113900114,1,210,-209
113900115,1,101,-100
113900116,178,191,-13
113900117,244,45,199
113900118,306,376,-70
113900119,318,526,-208
113900120,135,47,88
113900121,42,133,-91
113900122,459,2180,-1721
113900123,709,332,377
113900124,2,77,-75
113900125,2508,214,2294
113900126,198,67,131
113900127,277,804,-527
113900128,143,93,50
113900129,17,150,-133
113900130,4,16,-12
113900131,234,129,105
113900132,117,57,60
113900133,11,28,-17
113900135,494,739,-245
113900136,140,134,6
113900137,651,368,283
113900138,121,301,-180
113900139,678,144,534
113900140,408,337,71
113900141,537,796,-259
113900142,156,140,16
113900143,7,29,-22
113900144,349,220,129
113900145,601,330,271
113900146,122,82,40
113900148,299,491,-192
113900149,256,138,118
113900150,1212,944,268
113900151,437,401,36
113900152,24,84,-60
113900153,587,861,-274
113900154,2,185,-183
113900155,227,134,93
113900156,358,916,-558
113900157,45,390,-345
113900158,583,322,261
113900159,51,299,-248
113900160,651,766,-115
113900161,88,411,-323
113900162,572,828,-256
113900163,414,369,45
113900164,373,61,312
113900165,1089,781,308
113900166,216,189,27
113900167,211,49,162
113900168,184,120,64
113900169,368,551,-183
113900171,155,83,72
113900172,11,260,-249
113900173,63,924,-861
113900174,743,938,-195
113900175,440,163,277
113900176,282,875,-593
113900177,690,255,435
113900178,473,128,345
113900179,26,928,-902
113900180,264,110,154
113900181,1233,112,1121
113900182,869,1235,-366
113900183,131,94,37
113900184,12,726,-714
113900185,319,101,218
113900186,22,77,-55
113900187,68,182,-114
113900188,51,208,-157
113900189,357,138,219
113900190,662,176,486
113900191,171,308,-137
113900192,11,684,-673
113900193,39,293,-254
113900194,3062,1581,1481
113900195,472,716,-244
113900196,4,139,-135
113900197,2,367,-365
113900198,24,189,-165
113900199,226,1021,-795
113900200,17,255,-238
113900201,6,347,-341
113900202,52,415,-363
113900203,0,234,-234
113900204,78,858,-780
113900205,13,250,-237
113900206,7,183,-176
113900207,1,74,-73
113900208,1,84,-83
113900209,0,116,-116
113900210,931,987,-56
113900211,189,87,102
113900212,213,864,-651
113900214,610,584,26
113900215,71,188,-117
113900216,99,1589,-1490
113900217,50,388,-338
113900218,107,46,61
113900219,146,700,-554
113900220,308,145,163
113900221,557,205,352
113900222,374,492,-118
113900223,107,1429,-1322
113900224,171,93,78
113900225,764,253,511
113900226,340,186,154
113900227,442,282,160
113900228,313,488,-175
113900229,95,795,-700
113900230,6046,3965,2081
113900231,200,389,-189
113900232,127,106,21
113900233,79,85,-6
113900234,477,900,-423
113900235,98,43,55
113900236,138,548,-410
113900237,237,18,219
113900238,419,798,-379
113900239,221,106,115
113900240,17,166,-149
113900241,193,130,63
113900242,114,220,-106
113900243,152,663,-511
113900244,752,270,482
113900245,1757,385,1372
113900246,16,20,-4
113900247,179,397,-218
113900248,4476,2362,2114
113900249,1621,485,1136
113900250,76,208,-132
113900251,765,332,433
113900252,602,18,584
113900253,866,75,791
113900254,997,201,796
113900255,402,27,375
113900256,478,35,443
113900257,57,979,-922
113900258,16,787,-771
113900259,494,323,171
113900260,163,21,142
113900261,37,134,-97
113900262,159,920,-761
113900263,230,858,-628
113900264,9,786,-777
113900265,183,348,-165
113900266,38,306,-268
113900267,199,642,-443
113900268,488,480,8
113900269,68,244,-176
113900270,404,564,-160
113900271,728,1725,-997
113900273,190,18,172
113900274,71,46,25
113900275,37,64,-27
113900276,6,310,-304
113900277,161,5,156
113900278,316,240,76
113900279,97,142,-45
113900280,1561,704,857
113900281,640,1644,-1004
113900282,986,732,254
113900283,487,544,-57
113900284,1010,166,844
113900285,104,21,83
113900286,9,145,-136
113900287,37,101,-64
113900288,3,100,-97
113900289,1876,147,1729
113900290,613,198,415
113900291,130,228,-98
113900292,9,20,-11
113900293,5,399,-394
113900294,569,42,527
113900295,531,531,0
113900296,3289,460,2829
113900297,2126,65,2061
113900298,14,1982,-1968
113900299,84,313,-229
113900300,8554,4646,3908
113900301,1386,548,838
113900302,3287,1106,2181
113900303,801,496,305
113900304,0,211,-211
113900305,108,0,108
113900306,41,0,41
113900307,107,0,107
113900308,99,186,-87
113900309,8,1064,-1056
113900310,2,29,-27
113900311,0,0,0
113900312,234,199,35
113900313,19,18,1
114000001,1362,5368,-4006
114000002,196,748,-552
114000003,53,536,-483
114000004,303,452,-149
114000005,223,316,-93
114000006,4012,3052,960
114000007,996,1935,-939
114000008,2025,1802,223
114000009,842,267,575
114000011,3068,5045,-1977
114000012,2537,4163,-1626
114000013,1950,3173,-1223
114000014,561,493,68
114000015,1630,744,886
114000016,308,520,-212
114000017,258,335,-77
114000018,713,70,643
114000026,1627,2381,-754
114000027,3237,3012,225
114000028,3108,3411,-303
114000038,266,172,94
114000039,123,133,-10
114000040,91,267,-176
114000042,244,309,-65
114000043,110,235,-125
114000044,113,83,30
114000045,59,93,-34
114000046,3882,6747,-2865
114000047,52,90,-38
114000048,179,64,115
114000049,2012,2066,-54
114000050,2234,2386,-152
114000051,4059,2226,1833
114000052,3998,1652,2346
114000053,105,606,-501
114000054,251,1778,-1527
114000055,353,40,313
114000056,1600,828,772
114000057,14941,3396,11545
114000058,820,1660,-840
114000059,339,453,-114
114000060,1103,1134,-31
114000061,5970,2991,2979
114000062,3427,1579,1848
114000063,4004,2221,1783
114000064,8924,4771,4153
114000065,2407,3611,-1204
114000066,619,863,-244
114000067,43,836,-793
114000068,435,823,-388
114000069,1581,597,984
114000070,3151,2243,908
114000071,1087,697,390
114000072,437,729,-292
114000073,21,147,-126
114000074,60,33,27
114000075,72,278,-206
114000076,31,240,-209
114000077,17,83,-66
114000078,257,1057,-800
114000079,145,37,108
114000080,86,152,-66
114000081,82,81,1
114000082,37,783,-746
114000083,66,379,-313
114000084,315,126,189
114000085,132,1168,-1036
114000086,287,742,-455
114000087,87,326,-239
114000088,59,90,-31
114000089,2473,793,1680
114000090,920,768,152
114000091,2791,878,1913
114000092,1372,452,920
114000093,1263,858,405
114000094,526,646,-120
114000095,355,175,180
114000096,193,567,-374
114000097,192,997,-805
114000098,535,102,433
114000099,497,1110,-613
114000100,1296,1398,-102
114000101,422,1219,-797
114000102,492,465,27
114000103,173,689,-516
114000104,3,576,-573
114000105,128,69,59
114000106,1946,1070,876
114000107,240,142,98
114000108,4530,1680,2850
114000109,459,1103,-644
114000110,649,2352,-1703
114000111,1582,830,752
114000112,587,2691,-2104
114000113,1278,508,770
114000114,1494,2053,-559
114000115,2175,923,1252
114000116,631,1687,-1056
114000117,2660,609,2051
114000118,2469,569,1900
114000119,1776,506,1270
114000120,794,1048,-254
114000121,693,894,-201
114000122,516,360,156
114000123,1736,343,1393
114000124,1647,423,1224
114000125,847,2270,-1423
114000126,1320,249,1071
114000127,172,230,-58
114000128,1092,621,471
114000130,542,620,-78
114000131,300,103,197
114000132,716,991,-275
114000133,1161,2046,-885
114000134,73,259,-186
114000138,100,269,-169
114000139,563,186,377
114000144,878,584,294
114000145,114,242,-128
114000146,128,481,-353
114000147,1425,1780,-355
114000148,2892,2069,823
114000149,368,290,78
114000150,1142,931,211
114000151,1338,1395,-57
114000152,228,62,166
114000153,1157,1833,-676
114000154,1362,835,527
114000155,1523,3042,-1519
114000156,1878,665,1213
114000157,477,1438,-961
114000158,3199,872,2327
114000159,219,393,-174
114000160,170,248,-78
114000161,2629,2886,-257
114000162,1266,2253,-987
114000163,12,160,-148
114000165,674,260,414
114000166,1035,381,654
114000167,6967,1750,5217
114000168,925,837,88
114000169,3061,1157,1904
114000170,1602,1249,353
114000171,1042,3307,-2265
114000174,348,627,-279
114000176,1210,524,686
114000177,3147,1144,2003
114000178,44,80,-36
114000179,1731,1185,546
114000180,712,885,-173
114000181,2043,4106,-2063
114000182,8980,3347,5633
114000183,1254,1432,-178
114000184,8636,1824,6812
114000185,1229,1227,2
114000189,656,144,512
114000190,2287,380,1907
114000191,39,90,-51
114000192,371,2504,-2133
114000193,1104,4335,-3231
114000194,1626,1387,239
114000195,136,26,110
114000196,4,509,-505
114000197,1301,77,1224
114000198,1644,569,1075
114000199,3065,1669,1396
114000200,834,3126,-2292
114000201,496,1484,-988
114000202,1427,895,532
114000203,558,1070,-512
114000204,152,670,-518
114000205,282,2402,-2120
114000206,668,1720,-1052
114000207,858,2786,-1928
114000208,664,4500,-3836
114000209,791,4293,-3502
114000210,445,2204,-1759
114000211,1387,2011,-624
114000212,949,1080,-131
114000213,1555,869,686
114000214,154,265,-111
114000215,221,131,90
114000216,1627,508,1119
114000217,221,390,-169
114000218,141,399,-258
114000219,1406,273,1133
114000220,23,2049,-2026
114000221,769,200,569
114000222,262,1906,-1644
114000223,559,123,436
114000224,132,1127,-995
114000225,271,746,-475
114000226,136,327,-191
114000227,953,552,401
114000228,983,1266,-283
114000229,1307,1665,-358
114000230,1931,1814,117
114000231,1154,1689,-535
114000232,669,208,461
114000233,2343,194,2149
114000234,1423,1236,187
114000235,1090,1876,-786
114000236,3,798,-795
114000237,114,1328,-1214
114000238,173,406,-233
114000239,215,1937,-1722
114000240,712,873,-161
114000241,298,1757,-1459
114000242,1208,1571,-363
114000243,2155,1134,1021
114000244,1001,429,572
114000245,442,868,-426
114000246,248,50,198
114000247,916,841,75
114000248,1250,829,421
114000249,676,610,66
114000250,584,896,-312
114000251,419,534,-115
114000252,99,169,-70
114000253,89,417,-328
114000254,27,129,-102
114000255,1269,284,985
114000256,3546,1714,1832
114000257,672,2295,-1623
114000258,370,527,-157
114000259,68,343,-275
114000260,0,34,-34
114000261,44,66,-22
114000262,100,186,-86
114000263,23,6,17
114000264,1080,795,285
114000265,0,0,0
114000267,4,2006,-2002
114000268,5,2259,-2254
114000270,196,3,193
114000271,756,101,655
114000283,1066,513,553
114000285,58,375,-317
114000288,104,538,-434
114000289,1428,272,1156
114000293,144,648,-504
114000294,215,374,-159
114000395,2051,169,1882
114000396,392,542,-150
114000402,478,381,97
114000403,418,881,-463
114000405,146,717,-571
114000423,263,590,-327
114000424,289,228,61
114000425,464,585,-121
114000426,391,1073,-682
114000427,34,144,-110
114000428,392,176,216
114000429,25,313,-288
114000432,154,197,-43
114000434,59,130,-71
114000435,2,259,-257
114900001,597,1937,-1340
114900002,476,102,374
114900003,526,2940,-2414
114900004,205,442,-237
114900005,443,1196,-753
114900006,61,116,-55
114900007,208,18,190
114900008,174,108,66
114900010,3599,2716,883
114900011,229,181,48
114900013,213,128,85
114900015,94,442,-348
114900018,1039,48,991
114900020,260,80,180
114900022,11,871,-860
114900024,371,189,182
114900025,391,288,103
114900026,66,116,-50
114900027,204,310,-106
114900029,37,22,15
114900030,339,350,-11
114900031,339,39,300
114900032,292,70,222
114900033,2374,619,1755
114900034,56,276,-220
114900035,144,421,-277
114900036,382,1199,-817
114900037,138,270,-132
114900038,204,1070,-866
114900039,505,770,-265
114900040,89,423,-334
114900041,657,864,-207
114900042,800,988,-188
114900043,1409,523,886
114900044,121,35,86
114900046,106,198,-92
114900047,306,1840,-1534
114900048,96,364,-268
114900049,23,329,-306
114900050,31,854,-823
114900051,32,764,-732
114900052,84,279,-195
114900053,79,364,-285
114900054,49,183,-134
114900057,315,6,309
114900058,1,146,-145
114900059,86,40,46
114900060,1660,842,818
114900061,153,238,-85
114900062,404,409,-5
114900063,57,310,-253
114900064,1203,812,391
114900065,352,880,-528
114900067,57,467,-410
114900068,88,353,-265
114900069,296,232,64
114900070,505,817,-312
114900072,19,433,-414
114900073,1,294,-293
114900074,542,1219,-677
114900075,250,7,243
114900076,22,375,-353
114900080,4128,587,3541
114900082,4968,2041,2927
114900083,1566,1346,220
114900090,348,282,66
114900091,170,324,-154
114900095,661,153,508
114900096,640,784,-144
114900097,140,1,139
114900098,7,315,-308
114900099,208,4,204
115000001,11859,8222,3637
115000002,5343,5041,302
115000003,6762,5580,1182
115000004,4845,6809,-1964
115000005,2693,4141,-1448
115000006,1480,2309,-829
115000007,210,326,-116
115000008,836,849,-13
115000009,343,602,-259
115000010,621,238,383
115000013,124,324,-200
115000015,119,680,-561
115000016,88,224,-136
115000019,31,606,-575
115000020,279,657,-378
115000021,362,756,-394
115000022,669,555,114
115000023,412,703,-291
115000024,1542,805,737
115000025,1201,824,377
115000026,145,589,-444
115000027,300,325,-25
115000028,206,1035,-829
115000029,652,170,482
115000030,646,1317,-671
115000031,1447,312,1135
115000032,18,370,-352
115000033,169,33,136
115000034,190,1447,-1257
115000035,1169,57,1112
115000036,3,414,-411
115000037,511,14,497
115000038,47,252,-205
115000039,5155,3437,1718
115000040,8713,5446,3267
115000041,1701,3369,-1668
115000042,914,1072,-158
115000043,4234,3436,798
115000044,4460,6076,-1616
115000045,3514,3431,83
115000046,2176,3733,-1557
115000047,1931,2624,-693
115000048,1763,4220,-2457
115000049,1773,5033,-3260
115000050,4126,2727,1399
115000051,2881,3335,-454
115000052,4719,2684,2035
115000053,1749,2128,-379
115000054,878,2150,-1272
115000055,131,483,-352
115000056,298,388,-90
115000057,689,648,41
115000058,262,177,85
115000059,187,89,98
115000061,348,121,227
115000062,429,433,-4
115000063,310,472,-162
115000064,248,201,47
115000065,228,449,-221
115000067,304,57,247
115000069,103,454,-351
115000070,71,1488,-1417
115000071,162,18,144
115000072,15,90,-75
115000073,2039,80,1959
115000075,118,86,32
115000076,6730,4400,2330
115000077,2360,4266,-1906
115000078,1355,2465,-1110
115000079,1470,3052,-1582
115000080,2677,3867,-1190
115000081,495,1372,-877
115000082,4168,4572,-404
115000083,2565,3798,-1233
115000084,1975,1780,195
115000085,761,1382,-621
115000086,1271,1444,-173
115000087,593,2115,-1522
115000088,2276,888,1388
115000089,2037,1815,222
115000090,951,1142,-191
115000091,495,1608,-1113
115000092,343,452,-109
115000093,644,1,643
115000094,11859,6331,5528
115000095,9231,6183,3048
115000096,837,2924,-2087
115000097,717,1078,-361
115000098,1005,1124,-119
115000099,2370,4745,-2375
115000100,1139,815,324
115000101,503,2081,-1578
115000102,601,339,262
115000103,410,1055,-645
115000105,61,270,-209
115000106,458,381,77
115000107,157,823,-666
115000108,5325,3395,1930
115000109,7859,4101,3758
115000110,1724,1422,302
115000111,794,2401,-1607
115000112,783,739,44
115000113,743,1188,-445
115000114,1904,1040,864
115000116,5034,2325,2709
115000117,4954,3224,1730
115000118,2172,2121,51
115000119,2160,2611,-451
115000120,660,1182,-522
115000121,1860,1184,676
115000122,4176,2741,1435
115000123,2272,2269,3
115000124,1358,1562,-204
115000125,746,781,-35
115000126,284,313,-29
115000127,849,172,677
115000128,1645,1147,498
115000129,645,414,231
115000130,447,1493,-1046
115000131,944,490,454
115000132,136,834,-698
115000133,523,534,-11
115000134,275,308,-33
115000135,382,333,49
115000136,367,329,38
115000137,252,182,70
115000138,274,365,-91
115000139,355,275,80
115000140,287,276,11
115000141,222,354,-132
115000142,208,413,-205
115000143,622,822,-200
115000144,705,137,568
115000145,465,532,-67
115000146,712,349,363
115000147,1173,628,545
115000148,456,2103,-1647
115000149,933,341,592
115000150,949,1797,-848
115000151,1017,653,364
115000152,1016,2143,-1127
115000153,2101,682,1419
115000154,1024,460,564
115000155,1017,1602,-585
115000156,2926,900,2026
115000157,1639,1266,373
115000158,842,538,304
115000159,1720,628,1092
115000160,849,376,473
115000161,162,806,-644
115000162,1074,858,216
115000163,865,671,194
115000164,1017,650,367
115000165,663,619,44
115000167,309,128,181
115000168,1706,459,1247
115000169,1720,306,1414
115000170,425,155,270
115000171,725,301,424
115000172,2779,790,1989
115000173,737,606,131
115000174,257,331,-74
115000175,331,102,229
115000176,341,156,185
115000177,272,114,158
115000178,45,417,-372
115000179,61,25,36
115000180,150,1080,-930
115000181,657,191,466
115000182,802,524,278
115000183,281,1525,-1244
115000186,877,376,501
115000187,238,1089,-851
115000188,556,865,-309
115000189,453,667,-214
115000190,1498,767,731
115000191,630,770,-140
115000194,275,215,60
115000195,476,471,5
115000196,153,206,-53
115000197,225,494,-269
115000198,261,389,-128
115000199,367,357,10
115000200,404,184,220
115000201,263,545,-282
115000206,393,99,294
115000207,168,515,-347
115000208,822,968,-146
115000209,653,353,300
115000210,156,186,-30
115000211,271,347,-76
115000212,3610,377,3233
115000224,484,106,378
115000225,54,86,-32
115000229,348,242,106
115000230,116,723,-607
115000231,398,3513,-3115
115000232,1753,418,1335
115000233,372,242,130
115000234,38,373,-335
115000241,87,323,-236
115000242,91,488,-397
115000243,55,370,-315
115000244,6,115,-109
115000246,96,25,71
115000247,22,23,-1
115000248,20,31,-11
115000249,62,30,32
115000250,799,79,720
115000251,183,216,-33
115000252,85,303,-218
115000253,22,501,-479
115000258,281,328,-47
115000259,417,193,224
115000261,28,59,-31
115000262,10,54,-44
115000263,11,128,-117
115000264,19,74,-55
115000267,84,128,-44
115000268,27,214,-187
115000269,188,72,116
115000270,7,46,-39
115000272,71,238,-167
115000273,443,59,384
115000280,2853,218,2635
115000281,917,544,373
115000282,2348,604,1744
115000284,445,215,230
115000296,1171,11,1160
115000297,694,139,555
115000298,276,330,-54
115000300,264,296,-32
115000302,514,322,192
115000303,805,216,589
115000304,854,178,676
115000305,110,1422,-1312
115000306,166,834,-668
115000307,96,368,-272
115000308,97,28,69
115000309,23,68,-45
115000310,1001,1256,-255
115000311,835,2143,-1308
115000313,213,1245,-1032
115000314,404,193,211
115000315,1768,588,1180
115000316,58,105,-47
115000317,215,932,-717
115000318,1142,460,682
115000319,130,479,-349
115000320,22,492,-470
115000321,692,15,677
115000322,66,380,-314
115000449,328,341,-13
115000557,3,1440,-1437
115000558,657,62,595
115000587,764,440,324
115000588,4355,5188,-833
115000589,4893,4075,818
115000590,1513,1972,-459
115000591,1766,1354,412
115000592,1184,2507,-1323
115000593,2157,1103,1054
115000594,1080,3001,-1921
115000609,232,324,-92
115000617,2056,3537,-1481
115000624,209,115,94
115000633,498,2835,-2337
115000634,4268,1257,3011
115000635,620,150,470
115000638,1980,1183,797
115000641,131,138,-7
115000642,463,421,42
115000643,97,708,-611
115000644,223,501,-278
115000646,927,1531,-604
115000647,254,764,-510
115000648,1632,2454,-822
115000893,5163,2465,2698
115000894,155,1554,-1399
115000895,756,1141,-385
115000896,2409,590,1819
115000897,757,177,580
115000898,1097,306,791
115000899,1211,1851,-640
115000900,165,734,-569
115000901,112,183,-71
115000912,427,143,284
115000913,2,51,-49
115000915,85,1,84
115000916,28,1,27
115000917,0,23,-23
115000918,120,290,-170
115000919,42,21,21
115000920,209,101,108
115000921,1503,224,1279
115000922,3196,1148,2048
115000923,1110,1208,-98
115000925,100,114,-14
115000927,74,72,2
115000933,935,204,731
115000934,111,280,-169
115000935,115,148,-33
115000936,98,679,-581
115000937,1802,250,1552
115000938,255,245,10
115000939,166,209,-43
115000940,18,28,-10
115000941,28,14,14
115000942,174,196,-22
115000943,173,14,159
115000944,33,7,26
115900001,54,83,-29
115900002,125,314,-189
115900003,175,178,-3
115900004,4,76,-72
115900005,244,3,241
115900006,175,658,-483
115900008,40,18,22
115900009,94,547,-453
115900010,280,314,-34
115900011,361,347,14
115900012,115,93,22
115900013,521,258,263
115900014,96,204,-108
115900015,68,148,-80
115900016,102,71,31
115900017,6,6,0
115900018,221,114,107
115900019,388,45,343
115900020,20,1,19
115900021,2433,223,2210
115900022,3665,26,3639
115900023,18,3,15
115900025,79,367,-288
115900026,1119,393,726
115900027,0,456,-456
115900028,690,93,597
115900029,21,698,-677
115900030,74,20,54
115900031,767,298,469
115900032,526,1238,-712
115900033,0,46,-46
115900034,30,655,-625
115900035,141,23,118
115900036,430,684,-254
115900037,80,594,-514
115900038,130,7,123
115900039,181,458,-277
115900041,510,593,-83
115900042,77,10,67
115900043,147,179,-32
115900044,334,289,45
115900046,169,378,-209
115900047,143,125,18
115900049,132,319,-187
115900051,2,117,-115
115900052,8,305,-297
115900053,153,386,-233
115900054,210,109,101
115900055,18,188,-170
115900056,222,467,-245
115900057,123,14,109
115900058,17,72,-55
115900060,42,152,-110
115900061,217,1,216
115900062,20,358,-338
115900063,50,17,33
115900064,180,554,-374
115900065,96,113,-17
115900066,186,239,-53
115900067,12,919,-907
115900068,4218,905,3313
115900069,82,338,-256
115900070,270,310,-40
115900071,2,817,-815
115900072,63,283,-220
115900073,60,70,-10
115900074,4,418,-414
115900075,21,367,-346
115900076,1,114,-113
115900077,6,413,-407
115900078,26,167,-141
115900079,183,24,159
115900080,643,371,272
115900081,25,89,-64
115900082,188,152,36
115900084,349,45,304
115900085,106,54,52
115900086,2283,589,1694
115900088,40,105,-65
115900089,253,839,-586
115900090,265,56,209
115900091,24,49,-25
115900092,37,278,-241
115900093,10,58,-48
115900094,6,548,-542
115900096,0,29,-29
115900097,7,637,-630
115900098,162,749,-587
115900099,56,81,-25
115900100,7,714,-707
115900101,129,628,-499
115900102,41,106,-65
115900103,351,375,-24
115900104,72,199,-127
115900105,163,954,-791
115900106,35,40,-5
115900107,41,186,-145
115900108,82,48,34
115900109,67,517,-450
115900110,0,32,-32
115900111,1,93,-92
115900112,69,1429,-1360
115900113,30,24,6
115900114,3,161,-158
115900115,72,223,-151
115900116,133,1379,-1246
115900117,44,26,18
115900118,4,378,-374
115900119,425,137,288
115900120,21,582,-561
115900121,139,413,-274
115900124,177,576,-399
115900125,233,38,195
115900126,642,100,542
115900127,718,78,640
115900128,8,68,-60
115900129,734,57,677
115900130,37,332,-295
115900131,315,37,278
115900132,475,14,461
115900134,291,14,277
115900135,741,1073,-332
115900137,17,3,14
115900139,103,104,-1
115900140,157,33,124
115900141,25,63,-38
115900142,19,24,-5
115900143,253,409,-156
115900144,88,305,-217
115900146,4,214,-210
115900147,456,387,69
115900148,28,3,25
115900149,52,43,9
115900150,55,74,-19
115900151,16,119,-103
115900152,122,516,-394
115900153,160,324,-164
115900154,881,366,515
115900155,0,121,-121
115900156,661,950,-289
115900157,150,630,-480
115900158,33,11,22
115900159,106,389,-283
115900160,16,15,1
115900161,48,233,-185
115900163,195,183,12
115900164,459,31,428
115900166,283,385,-102
115900168,138,214,-76
115900171,190,625,-435
115900172,67,198,-131
115900173,280,194,86
115900174,629,240,389
115900175,110,286,-176
115900178,7,896,-889
115900179,173,22,151
115900180,36,384,-348
115900181,108,378,-270
115900182,305,480,-175
115900183,127,71,56
115900184,1919,13,1906
115900187,20,182,-162
115900189,0,164,-164
115900190,760,1533,-773
115900191,35,568,-533
115900192,3,94,-91
115900193,93,120,-27
115900194,619,70,549
115900195,747,1718,-971
115900198,225,366,-141
115900199,220,362,-142
115900200,283,405,-122
115900201,306,257,49
115900202,4,10,-6
115900203,4,6,-2
115900204,0,2,-2
115900205,133,15,118
115900206,134,199,-65
115900207,24,29,-5
115900208,149,498,-349
115900209,6,201,-195
115900210,10,170,-160
115900211,2,284,-282
115900212,129,344,-215
115900213,151,81,70
115900214,427,305,122
115900215,34,80,-46
115900216,5,100,-95
115900217,5,77,-72
115900218,2,49,-47
115900219,69,9,60
115900220,101,16,85
115900221,100,11,89
115900222,41,24,17
115900223,6,269,-263
115900224,2299,785,1514
115900225,72,39,33
115900226,23,57,-34
115900227,7,59,-52
115900228,8,54,-46
115900229,10,78,-68
115900230,46,153,-107
115900231,165,2,163
115900232,68,2,66
115900233,95,6,89
115900234,48,23,25
115900235,32,52,-20
115900236,22,12,10
115900237,9,23,-14
115900238,10,21,-11
115900239,10,25,-15
115900240,5,80,-75
115900241,197,144,53
115900242,442,473,-31
115900243,20,9,11
115900244,7,20,-13
115900245,75,8,67
115900246,7,6,1
115900247,29,8,21
115900248,14,6,8
115900249,12,9,3
115900250,23,21,2
115900251,2,11,-9
115900252,1,5,-4
115900253,4,13,-9
115900254,36,23,13
115900255,7,36,-29
115900256,43,53,-10
115900257,15,9,6
115900258,0,3,-3
115900259,8,6,2
115900260,16,6,10
115900261,14,4,10
115900262,0,7,-7
115900263,15,8,7
115900264,5,11,-6
115900265,6,9,-3
115900266,5,12,-7
115900267,6,9,-3
115900268,6,9,-3
115900269,426,534,-108
115900270,378,1038,-660
115900271,108,0,108
115900272,49,1,48
115900273,3,21,-18
115900274,5,21,-16
115900275,0,45,-45
115900276,0,53,-53
115900277,1,134,-133
115900278,34,162,-128
115900279,10,241,-231
115900280,19,330,-311
115900281,866,178,688
115900282,30,8,22
115900283,10,27,-17
115900284,9,13,-4
116000001,17948,9356,8592
116000002,5377,13593,-8216
116000003,2336,2891,-555
116000004,5118,4283,835
116000005,7239,4607,2632
116000006,7247,1973,5274
116000007,3852,5185,-1333
116000008,3695,2192,1503
116000009,2375,3381,-1006
116000010,2062,1379,683
116000011,1167,2724,-1557
116000012,977,1068,-91
116000013,28235,6798,21437
116000014,26993,17251,9742
116000015,664,2126,-1462
116000016,11909,5559,6350
116000017,46,1016,-970
116000018,751,716,35
116000019,1398,460,938
116000020,664,1849,-1185
116000021,763,406,357
116000022,379,626,-247
116000023,1805,1201,604
116000024,899,1695,-796
116000025,1919,795,1124
116000026,2327,2876,-549
116000027,1285,871,414
116000028,547,832,-285
116000029,1197,739,458
116000030,864,572,292
116000031,149,245,-96
116000032,636,285,351
116000033,429,705,-276
116000034,937,1356,-419
116000035,686,824,-138
116000036,2912,813,2099
116000037,1188,976,212
116000038,1190,636,554
116000039,1238,241,997
116000040,3051,367,2684
116000041,418,575,-157
116000042,664,326,338
116000043,75,609,-534
116000044,49,286,-237
116000045,2505,1639,866
116000046,1627,1506,121
116000047,2672,3524,-852
116000048,3019,2112,907
116000049,1243,2497,-1254
116000050,1381,2147,-766
116000051,5321,2352,2969
116000052,4964,4848,116
116000053,3026,1475,1551
116000054,1374,2904,-1530
116000055,610,1834,-1224
116000056,816,1730,-914
116000057,4119,2664,1455
116000058,3658,2568,1090
116000059,3088,8033,-4945
116000060,3275,1186,2089
116000061,1608,1714,-106
116000062,1663,285,1378
116000063,1327,1819,-492
116000066,328,937,-609
116000067,276,976,-700
116000068,449,588,-139
116000069,490,617,-127
116000078,478,1378,-900
116000080,1967,1463,504
116000082,14,93,-79
116000083,1473,564,909
116000084,3042,5200,-2158
116000085,2269,1796,473
116000086,3279,2011,1268
116000087,1630,1833,-203
116000088,1049,1569,-520
116000089,331,149,182
116000090,242,247,-5
116000091,220,198,22
116000093,824,1124,-300
116000094,828,901,-73
116000095,823,1326,-503
116000096,872,1705,-833
116000097,657,1519,-862
116000098,488,6414,-5926
116000099,16088,602,15486
116000100,160,12,148
116000101,737,1982,-1245
116000102,358,2351,-1993
116000103,376,319,57
116000104,195,2751,-2556
116000105,1213,285,928
116000106,380,1764,-1384
116000107,1549,560,989
116000108,296,242,54
116000111,195,35,160
116000113,135,79,56
116000114,19,157,-138
116000115,164,87,77
116000116,270,516,-246
116000117,1706,3371,-1665
116000118,1411,2096,-685
116000119,2598,2858,-260
116000120,3459,6486,-3027
116000121,708,755,-47
116000122,1703,2549,-846
116000123,772,670,102
116000124,439,1301,-862
116000125,2419,897,1522
116000126,286,1854,-1568
116000127,1282,2038,-756
116000128,1548,1250,298
116000129,1042,230,812
116000130,467,479,-12
116000133,788,1666,-878
116000134,1930,3333,-1403
116000135,2122,1775,347
116000136,1402,2880,-1478
116000137,1042,864,178
116000138,871,570,301
116000139,2411,2606,-195
116000140,317,355,-38
116000141,516,1447,-931
116000142,4603,5094,-491
116000143,2299,2545,-246
116000144,1484,3859,-2375
116000145,1818,2091,-273
116000146,402,531,-129
116000147,761,182,579
116000148,709,511,198
116000149,679,657,22
116000151,1087,1146,-59
116000153,123,1163,-1040
116000155,516,476,40
116000156,706,1568,-862
116000157,64,34,30
116000158,630,382,248
116000159,20,20,0
116000160,13,152,-139
116000161,12,173,-161
116000162,96,94,2
116000163,30,22,8
116000164,9,24,-15
116000177,109,144,-35
116000194,228,496,-268
116000195,2878,954,1924
116000196,13,7,6
116000197,8,29,-21
116000198,5963,1763,4200
116000200,926,482,444
116000201,933,895,38
116000202,14,488,-474
116000203,2,119,-117
116000204,12,74,-62
116000205,0,152,-152
116000206,0,88,-88
116000207,1,36,-35
116000233,260,1132,-872
116000287,147,642,-495
116000288,170,421,-251
116000292,92,187,-95
116000296,25,310,-285
116000297,60,36,24
116000304,90,73,17
116000305,28,86,-58
116000346,194,203,-9
116000352,205,57,148
116000354,182,14,168
116000357,48,26,22
116000358,289,76,213
116000361,792,20,772
116000372,16125,5049,11076
116000381,129,2,127
116000388,0,54,-54
116000389,1191,826,365
116000445,303,773,-470
116000446,479,1619,-1140
116000447,29,506,-477
116000448,921,543,378
116000563,1037,1065,-28
116000565,70,442,-372
116000568,63,377,-314
116000579,36,122,-86
116000584,37,21,16
116000585,27,21,6
116000586,207,119,88
116000587,472,638,-166
116000589,30,90,-60
116000590,43,61,-18
116000591,136,418,-282
116000592,17,138,-121
116000593,1,86,-85
116000594,543,546,-3
116000595,998,172,826
116000596,84,10,74
116000597,273,65,208
116000598,18,188,-170
116000602,98,391,-293
116000605,399,183,216
116000606,64,233,-169
116000607,7,88,-81
116000609,387,1083,-696
116000611,134,626,-492
116000612,702,2662,-1960
116000613,462,490,-28
116000614,632,931,-299
116000615,0,258,-258
116000616,92,168,-76
116000617,83,99,-16
116000618,3,233,-230
116000619,18,56,-38
116000620,97,114,-17
116000621,42,141,-99
116000622,38,206,-168
116000624,71,78,-7
116000627,54,91,-37
116000628,79,1383,-1304
116000629,25,793,-768
116000630,346,84,262
116000631,104,108,-4
116000632,509,284,225
116000633,165,657,-492
116000634,317,218,99
116000635,5216,2212,3004
116000636,3308,1269,2039
116000637,292,119,173
116000638,63,741,-678
116000640,4,12,-8
116000641,79,146,-67
116000644,27,933,-906
116900001,246,153,93
116900002,283,4,279
116900003,24,103,-79
116900004,61,41,20
116900005,214,64,150
116900006,238,135,103
116900007,168,274,-106
116900008,365,608,-243
116900009,29,1,28
116900010,7,2679,-2672
116900011,18,66,-48
116900012,145,294,-149
116900013,15,254,-239
116900014,80,353,-273
116900015,338,127,211
116900016,166,0,166
116900017,6,1136,-1130
116900018,72,68,4
116900019,26,542,-516
116900020,2321,674,1647
116900023,92,13,79
116900024,449,102,347
116900025,835,1178,-343
116900026,276,1163,-887
116900027,29,103,-74
116900028,5,176,-171
116900029,1,67,-66
116900031,5,13,-8
116900032,4,533,-529
116900033,9,14,-5
116900034,4,95,-91
116900035,253,408,-155
116900036,6,171,-165
116900038,28,4,24
116900041,30,19,11
116900042,1135,292,843
116900043,26,142,-116
116900047,157,106,51
116900049,43,485,-442
116900050,124,758,-634
116900051,75,378,-303
116900052,418,85,333
116900055,0,6,-6
116900057,47,464,-417
116900058,34,692,-658
116900059,1,237,-236
116900060,446,307,139
116900062,2,5,-3
116900064,67,1337,-1270
116900065,19,214,-195
116900067,91,218,-127
116900068,156,353,-197
116900070,1,9,-8
116900072,19,576,-557
116900073,4,234,-230
116900074,13,68,-55
116900076,18,32,-14
116900077,11,276,-265
116900078,356,178,178
116900079,32,586,-554
116900080,10,28,-18
116900081,346,2122,-1776
116900082,364,1060,-696
116900083,80,102,-22
116900084,566,87,479
116900085,21,199,-178
116900086,59,341,-282
116900088,617,153,464
116900090,118,82,36
116900091,246,157,89
116900092,107,1183,-1076
116900093,1817,3645,-1828
116900094,7846,5559,2287
116900095,990,310,680
116900096,119,402,-283
116900097,6483,2852,3631
116900098,1101,376,725
116900099,748,638,110
116900100,895,37,858
116900101,281,913,-632
116900103,4,2,2
116900104,54,99,-45
116900105,393,85,308
116900106,1310,537,773
116900107,5860,2241,3619
116900110,24,3,21
116900111,397,1595,-1198
116900112,213,1942,-1729
116900113,5370,1498,3872
116900116,260,341,-81
116900117,62,127,-65
116900118,1214,1087,127
116900120,240,190,50
116900121,58,64,-6
116900122,563,986,-423
116900123,189,1133,-944
116900124,142,1567,-1425
116900125,263,414,-151
116900126,379,804,-425
116900128,0,58,-58
116900129,1,510,-509
116900130,1736,4047,-2311
116900131,118,305,-187
116900132,55,61,-6
116900133,98,68,30
116900134,307,239,68
116900136,193,245,-52
116900137,786,286,500
116900138,159,336,-177
116900139,59,530,-471
116900140,138,204,-66
116900141,645,359,286
116900142,2,42,-40
116900143,244,539,-295
116900144,13,67,-54
116900145,268,426,-158
116900147,1445,389,1056
116900148,3,37,-34
116900149,26,239,-213
116900150,14,6,8
116900151,92,28,64
116900153,94,89,5
116900154,864,441,423
116900155,120,68,52
116900157,507,469,38
116900158,675,265,410
116900159,61,462,-401
116900160,1572,483,1089
116900161,14078,7879,6199
116900162,25,199,-174
116900163,127,210,-83
116900164,92,55,37
116900165,259,205,54
116900166,15,124,-109
116900167,364,98,266
116900168,430,112,318
116900169,1684,371,1313
116900170,214,381,-167
116900171,29,401,-372
116900172,447,179,268
116900173,201,89,112
116900174,21,30,-9
116900175,584,186,398
116900178,46,283,-237
116900179,129,272,-143
116900180,184,35,149
116900182,451,361,90
116900183,130,150,-20
116900185,42,52,-10
116900186,124,441,-317
116900187,54,49,5
116900188,209,45,164
116900189,37,0,37
116900191,438,660,-222
116900192,200,279,-79
116900194,73,992,-919
116900195,45,9,36
116900196,10,144,-134
116900197,90,2,88
116900198,355,260,95
116900200,31,28,3
116900201,81,8,73
116900202,150,68,82
116900203,143,3,140
116900204,37,127,-90
116900206,3,22,-19
116900207,25,46,-21
116900208,15,160,-145
116900209,50,210,-160
116900210,555,314,241
116900211,290,14,276
116900212,28,158,-130
116900213,161,309,-148
116900214,194,125,69
116900215,55,109,-54
116900216,601,350,251
116900218,1,494,-493
116900219,1107,412,695
116900220,87,301,-214
116900221,54,436,-382
116900222,377,396,-19
116900223,89,273,-184
116900226,58,131,-73
116900227,150,108,42
116900228,416,371,45
116900230,41,517,-476
116900231,35,675,-640
116900232,20,761,-741
116900233,253,133,120
116900234,8,5,3
116900235,212,372,-160
116900238,1901,554,1347
116900239,39,1995,-1956
116900240,9999,3853,6146
116900241,35,222,-187
116900242,1737,598,1139
116900243,1,50,-49
116900245,24,18,6
116900246,73,15,58
116900247,428,19,409
116900248,82,37,45
116900249,289,169,120
116900250,263,43,220
116900251,656,520,136
116900252,92,1797,-1705
116900253,130,201,-71
116900254,20,141,-121
116900255,102,49,53
116900256,265,145,120
116900257,32,775,-743
116900258,7,390,-383
116900259,104,19,85
116900260,3,225,-222
116900261,53,2,51
116900262,167,209,-42
116900263,0,26,-26
116900264,36,59,-23
116900265,41,0,41
116900266,11,86,-75
116900267,6,3,3
116900268,260,6,254
116900269,540,905,-365
116900271,1749,250,1499
116900272,656,885,-229
116900273,907,82,825
116900274,196,172,24
116900275,109,203,-94
116900276,1268,105,1163
116900277,792,21,771
116900278,15,14,1
116900279,1,35,-34
116900280,25,40,-15
116900281,12483,4320,8163
116900282,7,197,-190
116900283,26,240,-214
116900284,16,345,-329
116900285,649,954,-305
116900286,267,20,247
116900287,7,142,-135
116900288,32,181,-149
116900289,15,43,-28
116900290,0,32,-32
116900291,5,13,-8
116900292,0,8,-8
116900293,32,78,-46
116900294,80,178,-98
116900295,1157,76,1081
116900296,260,123,137
116900297,11,191,-180
116900298,263,55,208
116900299,242,110,132
116900300,14,250,-236
116900301,192,139,53
116900302,194,63,131
116900303,1343,122,1221
116900304,0,223,-223
116900305,51,144,-93
116900306,88,190,-102
116900307,37,0,37
116900308,0,256,-256
116900309,52,285,-233
117000001,2554,2466,88
117000002,3251,7058,-3807
117000003,13598,3844,9754
117000004,7371,9151,-1780
117000005,2731,2357,374
117000006,1778,7186,-5408
117000007,4974,1834,3140
117000008,1836,8403,-6567
117000009,6223,2525,3698
117000010,4129,7779,-3650
117000011,2354,2876,-522
117000012,1928,2815,-887
117000013,2726,1819,907
117000014,2554,4163,-1609
117000015,5713,1852,3861
117000016,2625,74,2551
117000017,1593,237,1356
117000018,491,612,-121
117000019,894,60,834
117000020,857,2030,-1173
117000021,4156,1711,2445
117000022,1490,86,1404
117000023,2221,415,1806
117000024,1523,101,1422
117000025,5343,628,4715
117000026,10915,1138,9777
117000027,3715,2066,1649
117000028,5828,1654,4174
117000030,1426,938,488
117000031,642,299,343
117000032,4297,1795,2502
117000033,1842,1429,413
117000034,582,657,-75
117000035,373,371,2
117000036,680,659,21
117000037,430,355,75
117000038,579,974,-395
117000039,599,444,155
117000040,185,1560,-1375
117000041,867,235,632
117000044,69,1749,-1680
117000045,853,92,761
117000046,982,1093,-111
117000047,1420,961,459
117000048,3352,2608,744
117000049,149,870,-721
117000050,180,3453,-3273
117000051,2247,204,2043
117000052,30,720,-690
117000053,383,89,294
117000054,1824,9,1815
117000055,26,5122,-5096
117000056,657,20,637
117000057,828,3455,-2627
117000060,510,2639,-2129
117000061,2631,1580,1051
117000062,419,889,-470
117000063,2947,1063,1884
117000064,1131,1527,-396
117000066,1651,1050,601
117000067,399,426,-27
117000074,206,508,-302
117000076,95,84,11
117000077,184,179,5
117000078,197,1132,-935
117000079,386,334,52
117000080,4,472,-468
117000081,1638,166,1472
117000082,27,111,-84
117000083,190,9,181
117000084,626,1,625
117000085,217,741,-524
117000086,1361,854,507
117000087,128,701,-573
117000088,317,379,-62
117000089,1695,484,1211
117000090,322,2241,-1919
117000091,779,484,295
117000092,437,2277,-1840
117000093,1152,972,180
117000094,1339,4210,-2871
117000095,3290,1217,2073
117000096,619,3881,-3262
117000097,1185,1619,-434
117000098,3504,7701,-4197
117000099,3054,1430,1624
117000100,187,241,-54
117000101,242,1950,-1708
117000102,1521,786,735
117000103,1023,2608,-1585
117000104,1331,790,541
117000105,1125,2320,-1195
117000106,1167,1205,-38
117000107,645,2695,-2050
117000108,1522,1301,221
117000109,2658,3608,-950
117000110,1514,1147,367
117000111,5270,8051,-2781
117000112,3670,3589,81
117000113,89,393,-304
117000114,193,235,-42
117000115,90,228,-138
117000116,113,382,-269
117000117,3028,697,2331
117000118,736,165,571
117000119,906,139,767
117000120,1478,503,975
117000121,267,1702,-1435
117000122,1284,2435,-1151
117000123,4236,52,4184
117000124,1389,79,1310
117000125,1551,109,1442
117000126,183,39,144
117000127,392,419,-27
117000128,691,988,-297
117000129,2176,701,1475
117000130,203,2,201
117000131,4,202,-198
117000132,2170,40,2130
117000133,1100,108,992
117000134,0,47,-47
117000135,6,24,-18
117000136,4,48,-44
117000137,120,91,29
117000138,2,767,-765
117000140,553,2231,-1678
117000141,1608,917,691
117000181,1175,282,893
117000182,365,439,-74
117000195,274,1980,-1706
117000196,194,97,97
117000225,480,22,458
117000226,12,278,-266
117000276,226,16,210
117000277,1,819,-818
117000310,3888,5103,-1215
117000315,69,2450,-2381
117000320,191,0,191
117000906,258,15,243
117000907,19,625,-606
117000909,163,65,98
117000910,225,181,44
117000911,138,308,-170
117000915,8,960,-952
117000916,27,12,15
117000917,930,27,903
117000918,64,138,-74
117000919,6,190,-184
117000920,10,2062,-2052
117000921,4,2374,-2370
117000922,98,250,-152
117000924,1460,1492,-32
117000926,1441,117,1324
117000927,2195,660,1535
117000928,1,221,-220
117000929,176,894,-718
117000930,173,16,157
117000931,553,184,369
117900002,560,507,53
117900003,812,542,270
117900005,18,462,-444
117900006,0,58,-58
117900007,232,175,57
117900008,0,47,-47
117900010,847,143,704
117900011,60,36,24
117900012,84,262,-178
117900013,0,509,-509
117900014,1562,317,1245
117900015,52,264,-212
117900016,2665,815,1850
117900017,914,678,236
117900018,583,57,526
117900019,536,666,-130
117900020,73,482,-409
117900021,27,146,-119
117900022,31,6,25
117900023,834,1052,-218
117900024,117,175,-58
117900025,47,9,38
117900026,378,557,-179
117900028,381,38,343
117900029,241,1595,-1354
117900030,451,308,143
117900031,923,223,700
117900032,827,575,252
117900033,173,1191,-1018
117900034,132,129,3
117900035,135,75,60
117900036,252,830,-578
117900037,93,154,-61
117900038,42,519,-477
117900039,5,88,-83
117900040,127,906,-779
117900041,6,67,-61
117900042,6617,801,5816
117900043,41,81,-40
117900044,63,6130,-6067
117900045,287,204,83
117900048,240,313,-73
117900049,152,981,-829
117900050,31,97,-66
117900051,102,4,98
117900052,79,446,-367
117900053,1354,778,576
117900054,3,31,-28
117900055,222,615,-393
117900056,630,54,576
117900057,1205,1992,-787
117900058,362,21,341
117900059,1274,116,1158
117900060,1585,7461,-5876
117900061,29,515,-486
117900063,550,375,175
117900065,737,1572,-835
117900066,13,67,-54
117900067,423,418,5
117900069,1169,713,456
117900070,677,18,659
117900071,263,234,29
117900073,481,650,-169
117900074,645,33,612
117900075,228,119,109
117900076,48,95,-47
117900077,259,180,79
117900078,257,735,-478
117900080,543,63,480
117900081,677,621,56
117900082,391,406,-15
117900083,494,1195,-701
117900086,191,55,136
117900087,84,70,14
117900088,3525,3506,19
117900089,1688,596,1092
117900090,842,1247,-405
117900091,391,258,133
117900092,121,36,85
117900093,57,112,-55
117900094,27,18,9
117900095,873,842,31
117900096,64,412,-348
117900097,190,104,86
117900098,19,16,3
117900099,197,520,-323
117900100,220,2,218
117900101,808,1661,-853
117900102,56,52,4
117900103,42,0,42
117900104,34,261,-227
117900105,196,387,-191
117900106,102,73,29
117900107,29,0,29
117900109,497,419,78
117900110,64,0,64
117900111,313,19,294
117900112,44,18,26
117900113,10052,3359,6693
117900114,11,0,11
117900115,319,82,237
117900116,1185,1619,-434
117900117,381,501,-120
117900118,53,0,53
117900119,103,430,-327
117900120,142,225,-83
117900121,170,32,138
117900122,2166,2941,-775
117900123,1209,1048,161
117900124,736,876,-140
117900125,1696,1462,234
117900126,298,924,-626
117900127,728,960,-232
117900128,406,1422,-1016
117900129,68,0,68
117900130,994,594,400
117900131,1,151,-150
117900132,12,143,-131
117900133,9,167,-158
117900134,69,215,-146
117900135,10,241,-231
117900136,0,65,-65
117900137,41,397,-356
117900138,1,53,-52
117900139,70,156,-86
117900140,9087,524,8563
117900141,1021,338,683
117900142,95,74,21
117900144,250,89,161
117900145,18,137,-119
117900146,920,136,784
117900147,68,132,-64
117900148,5653,1459,4194
117900149,62,254,-192
117900150,46,143,-97
117900151,114,150,-36
117900152,235,212,23
117900153,50,122,-72
117900154,723,1185,-462
117900156,1191,1580,-389
117900157,125,661,-536
117900158,180,123,57
117900160,768,522,246
117900161,3313,3809,-496
117900162,375,702,-327
117900163,374,35,339
117900165,0,16,-16
117900166,191,488,-297
117900168,20,214,-194
117900169,2,182,-180
117900170,5,56,-51
117900171,2,32,-30
117900172,17,39,-22
117900173,165,91,74
117900174,30,84,-54
117900175,7,79,-72
117900176,17,122,-105
117900177,27,63,-36
117900178,109,55,54
117900180,426,64,362
117900181,366,385,-19
117900182,22,45,-23
117900183,92,268,-176
117900184,13,47,-34
117900185,42,62,-20
117900186,39,34,5
117900187,21,20,1
117900188,257,60,197
117900189,74,22,52
117900190,8,1,7
117900191,103,1,102
117900192,257,0,257
117900193,14,81,-67
117900194,19,8,11
117900195,14,38,-24
117900196,16,24,-8
117900207,260,169,91
117900208,41,54,-13
117900209,183,289,-106
117900210,154,322,-168
117900211,9,328,-319
117900212,102,303,-201
117900213,27,22,5
117900214,0,70,-70
117900215,52,91,-39
117900216,167,27,140
117900217,341,146,195
117900218,585,583,2
117900219,23,64,-41
117900220,400,140,260
117900222,182,381,-199
117900223,181,406,-225
118000001,1378,931,447
118000002,2080,3738,-1658
118000003,9938,3664,6274
118000004,9224,3116,6108
118000005,7019,7225,-206
118000006,9602,14394,-4792
118000007,13220,3279,9941
118000008,11079,4933,6146
118000009,3624,4946,-1322
118000010,5326,5614,-288
118000011,1509,3710,-2201
118000012,2430,4064,-1634
118000013,5806,4877,929
118000014,2729,5326,-2597
118000016,267,491,-224
118000017,285,628,-343
118000018,403,538,-135
118000019,3143,1950,1193
118000020,2801,2485,316
118000021,1993,3097,-1104
118000022,3988,1183,2805
118000023,2399,412,1987
118000024,2903,1338,1565
118000027,23845,15023,8822
118000029,1258,1006,252
118000032,1846,6173,-4327
118000033,4189,5706,-1517
118000034,7262,2914,4348
118000035,2153,3057,-904
118000036,3727,1501,2226
118000037,1653,1422,231
118000038,142,148,-6
118000039,223,945,-722
118000040,2704,3116,-412
118000041,4135,2532,1603
118000045,1494,156,1338
118000046,3461,787,2674
118000047,6423,727,5696
118000048,11289,2003,9286
118000051,5730,1168,4562
118000052,4430,793,3637
118000053,3449,1140,2309
118000054,3355,4734,-1379
118000055,2415,5491,-3076
118000056,230,524,-294
118000057,184,1094,-910
118000058,10563,1998,8565
118000059,8888,1118,7770
118000060,2078,1024,1054
118000061,1012,2073,-1061
118000062,794,753,41
118000063,728,703,25
118000064,2002,1812,190
118000065,8762,4301,4461
118000066,1975,2288,-313
118000067,2047,1020,1027
118000068,4223,6170,-1947
118000069,6837,2128,4709
118000070,12547,3133,9414
118000071,5977,12363,-6386
118000072,6028,1174,4854
118000073,5613,730,4883
118000074,935,798,137
118000075,910,335,575
118000076,3878,1970,1908
118000077,2733,1897,836
118000078,4232,2682,1550
118000079,528,585,-57
118000080,2619,1336,1283
118000081,3821,1371,2450
118000082,554,1609,-1055
118000083,3445,2068,1377
118000084,4733,2797,1936
118000086,615,834,-219
118000087,9677,3350,6327
118000088,3362,3279,83
118000089,5838,3298,2540
118000090,3021,4992,-1971
118000091,2584,4567,-1983
118000092,1941,827,1114
118000093,209,1112,-903
118000096,1162,941,221
118000097,1750,1106,644
118000098,438,245,193
118000099,497,1167,-670
118000101,1052,482,570
118000102,420,2396,-1976
118000107,5230,863,4367
118000108,1187,4240,-3053
118000110,1,43,-42
118000111,3,809,-806
118000112,460,6,454
118000113,15,1624,-1609
118000114,379,10,369
118000115,18,25,-7
118000116,86,0,86
118000117,3153,1373,1780
118000118,3313,934,2379
118000119,1502,1649,-147
118000120,2698,1860,838
118000121,130,782,-652
118000122,2453,390,2063
118000123,125,396,-271
118000125,3742,1669,2073
118000126,2797,2142,655
118000127,4094,1143,2951
118000128,1426,1680,-254
118000129,2414,565,1849
118000130,4141,6254,-2113
118000131,1278,1372,-94
118000132,2999,2368,631
118000133,2811,605,2206
118000135,1255,560,695
118000136,281,756,-475
118000137,2677,174,2503
118000138,550,1225,-675
118000139,598,152,446
118000140,3116,5740,-2624
118000141,2390,3138,-748
118000142,2166,3063,-897
118000143,2106,1772,334
118000144,2335,1641,694
118000145,1835,3426,-1591
118000146,1164,1521,-357
118000147,1010,2390,-1380
118000148,559,2100,-1541
118000149,986,1897,-911
118000150,309,522,-213
118000151,319,620,-301
118000153,1282,1790,-508
118000154,1264,2512,-1248
118000155,1094,2154,-1060
118000156,4281,3676,605
118000157,729,649,80
118000158,206,632,-426
118000159,48,124,-76
118000160,590,591,-1
118000161,480,1098,-618
118000162,1498,1123,375
118000163,882,1131,-249
118000164,3992,2133,1859
118000168,2562,701,1861
118000169,1540,2505,-965
118000170,5716,9907,-4191
118000171,505,946,-441
118000172,129,707,-578
118000173,1265,1861,-596
118000175,266,361,-95
118000176,272,421,-149
118000177,208,753,-545
118000178,279,59,220
118000179,1798,1220,578
118000180,1027,1115,-88
118000181,1227,312,915
118000182,303,345,-42
118000183,234,415,-181
118000184,643,1539,-896
118000185,810,1123,-313
118000186,687,888,-201
118000187,1439,937,502
118000188,1464,387,1077
118000189,658,1484,-826
118000190,24,21,3
118000191,26,46,-20
118000192,134,174,-40
118000193,100,760,-660
118000194,4595,2029,2566
118000195,2743,857,1886
118000196,1780,215,1565
118000197,793,111,682
118000198,1349,704,645
118000199,2589,523,2066
118000200,222,428,-206
118000201,1410,705,705
118000202,204,123,81
118000203,3194,515,2679
118000204,456,537,-81
118000205,483,507,-24
118000206,344,269,75
118000207,0,139,-139
118000208,1602,2687,-1085
118000209,2065,2618,-553
118000210,33,62,-29
118000211,10,48,-38
118000213,3467,1354,2113
118000214,1264,1050,214
118000215,368,953,-585
118000216,2626,8627,-6001
118000217,18,185,-167
118000218,66,147,-81
118000219,1025,1025,0
118000220,8,43,-35
118000221,135,473,-338
118000222,146,21,125
118000223,61,70,-9
118000224,607,134,473
118000225,275,1436,-1161
118000226,3125,198,2927
118000227,1473,567,906
118000228,167,217,-50
118000229,850,93,757
118000230,177,375,-198
118000231,143,294,-151
118000232,996,1482,-486
118000233,972,1221,-249
118000234,482,426,56
118000236,545,470,75
118000237,105,982,-877
118000238,236,385,-149
118000239,299,488,-189
118000240,646,170,476
118000241,247,453,-206
118000242,482,1085,-603
118000243,263,263,0
118000244,45,181,-136
118000246,0,6,-6
118000255,83,431,-348
118000256,158,391,-233
118000259,4,108,-104
118000260,389,195,194
118000261,33,162,-129
118000263,168,330,-162
118000266,85,676,-591
118000267,0,88,-88
118000268,1548,4,1544
118000270,101,92,9
118000271,178,458,-280
118000272,142,71,71
118000273,145,161,-16
118000274,135,524,-389
118000276,359,385,-26
118000295,8,99,-91
118000298,144,505,-361
118000299,71,282,-211
118000301,0,126,-126
118000302,135,151,-16
118000311,405,152,253
118000312,312,289,23
118000313,33,210,-177
118000314,60,118,-58
118000315,24,101,-77
118000316,876,995,-119
118000325,58,67,-9
118000326,17,70,-53
118000331,24,44,-20
118000332,4,63,-59
118000333,45,70,-25
118000335,287,0,287
118000336,1,507,-506
118000407,188,105,83
118000457,11,41,-30
118000465,4508,6793,-2285
118000480,67,238,-171
118000489,48,556,-508
118000490,61,702,-641
118000492,237,344,-107
118000510,179,33,146
118000514,309,623,-314
118000515,1405,1078,327
118000517,670,432,238
118000524,1170,273,897
118000525,1114,1101,13
118000530,12,113,-101
118000531,255,359,-104
118000532,228,351,-123
118000533,651,179,472
118000534,1072,505,567
118000535,244,217,27
118000536,946,1937,-991
118000537,135,110,25
118000538,69,204,-135
118000539,38,251,-213
118000540,618,307,311
118000541,627,93,534
118000542,249,192,57
118000543,570,188,382
118000546,28,29,-1
118000553,0,1,-1
118000560,4817,2076,2741
118000562,29,705,-676
118000563,3513,2388,1125
118000576,274,360,-86
118000577,299,195,104
118000578,229,272,-43
118000579,1304,1771,-467
118000583,11,9,2
118000595,163,98,65
118000596,0,95,-95
118000597,128,194,-66
118000598,4,0,4
118000599,46,86,-40
118000600,8,17,-9
118000601,2,0,2
118000602,0,16,-16
118000603,1,91,-90
118000605,39,563,-524
118900001,1649,1904,-255
118900002,1455,1238,217
118900003,281,36,245
118900004,43,73,-30
118900005,121,5,116
118900006,107,12,95
118900007,15,5,10
118900008,1398,39,1359
118900009,21,36,-15
118900010,43,2,41
118900011,242,30,212
118900012,493,255,238
118900013,975,138,837
118900015,227,78,149
118900016,5,32,-27
118900017,235,273,-38
118900018,1910,26,1884
118900019,42,23,19
118900020,271,128,143
118900021,185,488,-303
118900022,123,99,24
118900023,312,154,158
118900024,116,306,-190
118900025,154,33,121
118900026,34,88,-54
118900027,741,448,293
118900028,192,209,-17
118900029,400,718,-318
118900030,294,143,151
118900031,155,147,8
118900032,359,298,61
118900033,1542,952,590
118900034,247,25,222
118900035,183,353,-170
118900036,1263,1203,60
118900037,855,461,394
118900038,439,432,7
118900039,447,320,127
118900040,189,279,-90
118900041,597,290,307
118900042,229,217,12
118900045,302,347,-45
118900046,1281,377,904
118900047,1312,409,903
118900048,1421,217,1204
118900049,118,76,42
118900050,20,154,-134
118900051,181,104,77
118900052,554,290,264
118900053,25,170,-145
118900054,188,148,40
118900055,72,170,-98
118900056,134,366,-232
118900057,668,510,158
118900058,1027,498,529
118900059,50,169,-119
118900060,50,193,-143
118900062,298,311,-13
118900064,789,928,-139
118900065,47,372,-325
118900066,159,170,-11
118900067,7703,4589,3114
118900068,7,1312,-1305
118900069,556,528,28
118900071,8,72,-64
118900072,629,764,-135
118900073,85,208,-123
118900074,155,292,-137
118900075,48,103,-55
118900076,746,71,675
118900077,287,270,17
118900078,30,8,22
118900079,76,326,-250
118900080,14,184,-170
118900081,93,49,44
118900082,960,260,700
118900083,35,11,24
118900084,22,40,-18
118900085,647,1617,-970
118900086,38,140,-102
118900087,61,344,-283
118900088,0,14,-14
118900089,93,16,77
118900090,462,658,-196
118900091,180,342,-162
118900092,115,122,-7
118900093,246,18,228
118900096,67,174,-107
118900097,212,1040,-828
118900099,54,507,-453
118900100,190,339,-149
118900101,97,810,-713
118900102,81,99,-18
118900103,48,141,-93
118900104,198,320,-122
118900105,258,137,121
118900107,181,136,45
118900108,142,113,29
118900110,2296,1078,1218
118900111,508,939,-431
118900112,134,192,-58
118900113,160,984,-824
118900114,29,155,-126
118900115,123,586,-463
118900116,149,168,-19
118900117,126,175,-49
118900118,301,689,-388
118900119,131,405,-274
118900120,120,469,-349
118900121,36,348,-312
118900122,5,1097,-1092
118900123,160,385,-225
118900124,184,278,-94
118900126,35,420,-385
118900129,413,236,177
118900130,145,160,-15
118900131,160,324,-164
118900132,946,254,692
118900133,33,156,-123
118900135,186,313,-127
118900136,246,1053,-807
118900137,5,24,-19
118900139,359,905,-546
118900140,479,954,-475
118900141,72,329,-257
118900144,362,824,-462
118900145,30,271,-241
118900146,357,1168,-811
118900147,725,216,509
118900148,61,130,-69
118900150,211,892,-681
118900152,516,1343,-827
118900157,328,260,68
118900158,49,136,-87
118900159,6,280,-274
118900161,273,2,271
118900163,355,77,278
118900164,3,143,-140
118900165,62,411,-349
118900166,31,1,30
118900167,111,229,-118
118900168,15,120,-105
118900169,114,672,-558
118900170,166,152,14
118900171,19,35,-16
118900174,64,154,-90
118900175,384,474,-90
118900176,130,313,-183
118900177,42,98,-56
118900178,57,132,-75
118900179,3,59,-56
118900181,110,195,-85
118900182,139,42,97
118900183,35,140,-105
118900184,369,106,263
118900185,110,213,-103
118900186,71,106,-35
118900187,282,436,-154
118900188,326,400,-74
118900189,31,840,-809
118900190,16,867,-851
118900191,226,92,134
118900192,230,56,174
118900193,555,57,498
118900195,554,1355,-801
118900196,30,284,-254
118900197,126,172,-46
118900198,6,30,-24
118900199,65,66,-1
118900200,33,17,16
118900201,37,30,7
118900202,14,99,-85
118900203,12,47,-35
118900204,8,41,-33
118900205,5,32,-27
118900206,1,36,-35
119000001,1661,2236,-575
119000002,3969,4708,-739
119000003,2390,2232,158
119000004,3737,2590,1147
119000005,4466,3689,777
119000006,2797,2476,321
119000007,5067,4999,68
119000008,2820,2931,-111
119000009,4686,5042,-356
119000010,10507,5269,5238
119000011,7799,3837,3962
119000012,5729,4369,1360
119000013,2455,1652,803
119000014,3575,5090,-1515
119000019,285,233,52
119000020,2398,2075,323
119000021,4208,3438,770
119000022,6078,4138,1940
119000023,682,406,276
119000024,3322,11761,-8439
119000025,20497,1937,18560
119000026,299,348,-49
119000027,758,684,74
119000028,3173,2192,981
119000029,141,332,-191
119000030,693,1999,-1306
119000031,1036,945,91
119000032,2461,3310,-849
119000033,2730,2884,-154
119000034,1338,1366,-28
119000035,29,523,-494
119000036,1582,1577,5
119000037,1155,3099,-1944
119000038,143,1757,-1614
119000039,298,481,-183
119000040,2088,859,1229
119000041,1696,2047,-351
119000048,4642,5508,-866
119000049,2561,4504,-1943
119000050,2624,4280,-1656
119000051,3264,1453,1811
119000052,3181,5042,-1861
119000053,2097,1540,557
119000054,3151,6154,-3003
119000055,3505,4678,-1173
119000056,2288,2791,-503
119000057,1561,3857,-2296
119000058,2359,3476,-1117
119000059,1458,2923,-1465
119000060,1789,1113,676
119000061,1282,1281,1
119000062,1359,1855,-496
119000063,464,449,15
119000064,2444,2312,132
119000065,2580,4512,-1932
119000066,2486,1496,990
119000067,2385,3810,-1425
119000068,1692,1435,257
119000069,1734,4112,-2378
119000070,2043,1531,512
119000071,523,1297,-774
119000072,10637,4851,5786
119000073,6630,8084,-1454
119000074,1324,5162,-3838
119000075,1535,3694,-2159
119000076,417,979,-562
119000077,784,604,180
119000078,370,221,149
119000079,110,911,-801
119000080,302,342,-40
119000081,255,498,-243
119000082,1009,368,641
119000083,546,417,129
119000084,347,685,-338
119000085,723,460,263
119000086,263,492,-229
119000087,2262,1393,869
119000088,327,296,31
119000089,109,254,-145
119000090,205,272,-67
119000091,175,437,-262
119000092,745,309,436
119000093,5765,5144,621
119000094,2815,11292,-8477
119000095,1504,4440,-2936
119000097,4237,2637,1600
119000098,954,2750,-1796
119000099,3081,3423,-342
119000100,3766,2706,1060
119000101,3753,2238,1515
119000102,1000,1082,-82
119000103,1823,592,1231
119000104,4673,2218,2455
119000105,1271,1751,-480
119000106,473,2935,-2462
119000107,718,618,100
119000108,460,1765,-1305
119000109,186,351,-165
119000110,734,360,374
119000111,58,546,-488
119000112,233,108,125
119000113,2703,321,2382
119000114,960,1400,-440
119000115,171,381,-210
119000116,213,130,83
119000117,156,480,-324
119000118,2,5,-3
119000123,9811,796,9015
119000124,798,241,557
119000125,2766,1624,1142
119000126,857,1385,-528
119000127,526,1220,-694
119000128,29,5,24
119000131,943,1280,-337
119000132,4,10,-6
119000133,5,11,-6
119000134,5307,994,4313
119000135,190,185,5
119000136,223,302,-79
119000137,194,692,-498
119000138,328,557,-229
119000139,213,443,-230
119000140,163,341,-178
119000284,1800,4812,-3012
119000285,3614,3342,272
119000286,8857,7835,1022
119000287,1770,3348,-1578
119000288,3314,2174,1140
119000289,4867,5912,-1045
119000290,225,1003,-778
119000291,7,540,-533
119000293,98,293,-195
119000294,52,50,2
119000295,3406,913,2493
119000296,135,160,-25
119000302,5655,2042,3613
119000303,58,195,-137
119000310,0,1,-1
119000314,1843,10613,-8770
119000315,2,801,-799
119000316,100,195,-95
119000317,51,746,-695
119900001,308,1215,-907
119900002,215,477,-262
119900003,91,1682,-1591
119900004,468,814,-346
119900005,196,213,-17
119900006,274,513,-239
119900007,893,143,750
119900008,60,40,20
119900009,661,736,-75
119900010,1409,1144,265
119900011,33,108,-75
119900012,25,114,-89
119900013,2013,837,1176
119900014,684,250,434
119900015,100,31,69
119900016,41,163,-122
119900017,24,45,-21
119900018,2309,665,1644
119900019,39,6,33
119900020,153,196,-43
119900021,233,92,141
119900022,181,501,-320
119900023,1713,1176,537
119900025,180,42,138
119900026,1519,125,1394
119900027,31,29,2
119900028,233,100,133
119900029,2,9,-7
119900030,539,758,-219
119900031,37,351,-314
119900033,1969,246,1723
119900034,305,180,125
119900037,109,71,38
119900038,54,381,-327
119900039,66,9,57
119900040,76,21,55
119900041,114,31,83
119900042,48,213,-165
119900043,67,252,-185
119900044,301,692,-391
119900046,83,82,1
119900047,313,60,253
119900048,26,36,-10
119900049,149,69,80
119900050,120,128,-8
119900051,545,10,535
119900052,43,41,2
119900053,177,354,-177
119900054,109,9,100
119900055,1401,542,859
119900057,123,109,14
119900058,187,4,183
119900059,259,55,204
119900060,249,11,238
119900062,51,33,18
119900063,15,65,-50
119900065,224,6,218
119900066,1,0,1
119900067,55,34,21
119900068,387,3,384
119900069,68,40,28
119900070,773,9,764
119900071,503,14,489
119900073,2682,743,1939
119900074,118,28,90
119900075,9112,3092,6020
119900076,445,636,-191
119900077,790,2008,-1218
119900078,394,1184,-790
119900079,164,465,-301
119900080,1359,1903,-544
119900081,244,58,186
119900082,911,126,785
119900083,535,149,386
119900084,1361,264,1097
119900085,259,107,152
119900087,2187,429,1758
119900088,71,66,5
119900089,30,672,-642
119900090,332,82,250
119900091,104,1675,-1571
119900092,54,591,-537
119900093,1285,266,1019
119900094,67,293,-226
119900095,258,100,158
119900096,58,175,-117
119900097,815,246,569
119900098,50,94,-44
119900099,46,357,-311
119900100,3825,2647,1178
119900101,204,1405,-1201
119900102,29,454,-425
119900103,30,744,-714
119900104,40,441,-401
119900105,1058,1571,-513
119900106,22,335,-313
119900107,518,6020,-5502
119900108,2904,1106,1798
119900109,67,596,-529
119900110,539,1480,-941
119900111,64,519,-455
119900112,4808,828,3980
119900113,101,512,-411
119900114,291,2912,-2621
119900115,209,1650,-1441
119900116,118,637,-519
119900117,247,1653,-1406
119900118,67,1546,-1479
119900119,305,480,-175
119900120,837,1127,-290
119900121,333,2196,-1863
119900122,565,586,-21
119900123,295,460,-165
119900124,213,1707,-1494
119900125,48,616,-568
119900126,8921,554,8367
119900127,3495,1451,2044
119900128,379,1295,-916
119900129,268,1497,-1229
119900130,48,484,-436
119900131,32,497,-465
119900132,4,502,-498
119900133,32,73,-41
119900134,3633,379,3254
119900135,0,813,-813
119900136,206,744,-538
119900138,416,1076,-660
119900139,34,121,-87
119900140,2,228,-226
119900141,228,933,-705
119900142,12,31,-19
119900143,30,214,-184
119900144,3687,381,3306
119900145,177,309,-132
119900146,209,232,-23
119900147,4,249,-245
119900148,225,78,147
119900149,3000,3616,-616
119900150,304,279,25
119900151,3418,1299,2119
119900152,89,782,-693
119900153,133,90,43
119900154,68,546,-478
119900155,49,50,-1
119900156,14,6,8
119900157,82,445,-363
119900158,178,91,87
119900159,5,2245,-2240
119900160,32,320,-288
119900161,184,464,-280
119900162,992,1238,-246
119900163,180,196,-16
119900164,0,3,-3
119900165,141,431,-290
119900166,83,64,19
119900167,146,136,10
119900168,752,574,178
119900169,200,709,-509
119900170,223,252,-29
119900171,889,810,79
119900172,146,24,122
119900173,20,844,-824
119900174,16,339,-323
119900175,1030,965,65
119900177,31,330,-299
119900178,25,332,-307
119900179,114,329,-215
119900180,1069,1023,46
119900181,53,137,-84
119900182,4,874,-870
119900183,194,1427,-1233
119900184,4647,805,3842
119900185,75,148,-73
119900186,143,787,-644
119900187,10,906,-896
119900188,81,379,-298
119900189,566,321,245
119900190,66,233,-167
119900191,626,154,472
119900192,30,343,-313
119900193,285,314,-29
119900194,16,72,-56
119900195,26,340,-314
119900196,2264,601,1663
119900197,395,121,274
119900198,75,590,-515
119900199,191,40,151
119900200,593,892,-299
119900201,438,288,150
119900202,304,256,48
119900203,260,516,-256
119900204,292,465,-173
119900205,520,1152,-632
119900206,98,281,-183
119900208,278,221,57
119900209,594,1234,-640
119900210,38,51,-13
119900211,119,19,100
119900212,164,435,-271
119900213,6,60,-54
119900214,16,110,-94
119900215,55,110,-55
119900216,13,121,-108
119900217,14,90,-76
119900218,42,101,-59
119900219,4,167,-163
119900220,8,188,-180
119900221,25,590,-565
119900222,16,461,-445
119900223,25,175,-150
119900224,21,54,-33
119900225,1782,57,1725
119900226,1348,2029,-681
119900227,1784,662,1122
119900228,80,369,-289
119900229,322,787,-465
119900230,2609,1022,1587
119900231,201,357,-156
119900232,237,95,142
119900233,25,6,19
119900234,58,68,-10
119900235,57,55,2
119900236,24,315,-291
119900237,61,901,-840
119900238,2,123,-121
119900240,77,197,-120
119900241,212,337,-125
119900242,2983,4206,-1223
119900244,1290,1640,-350
119900245,151,227,-76
119900246,339,436,-97
119900247,20,98,-78
119900248,41,143,-102
119900249,260,112,148
119900253,6394,561,5833
119900254,137,556,-419
119900255,104,719,-615
119900256,447,1619,-1172
119900257,67,6,61
119900258,86,38,48
119900259,14,302,-288
119900260,96,8,88
119900261,221,262,-41
119900262,1,453,-452
119900263,1415,543,872
119900264,53,409,-356
119900265,245,487,-242
119900266,233,526,-293
119900267,290,777,-487
119900268,120,375,-255
119900269,868,1747,-879
119900271,22,127,-105
119900272,534,83,451
119900275,144,22,122
119900276,32,3,29
119900277,8,3,5
119900278,542,157,385
119900279,227,544,-317
119900280,1543,285,1258
119900281,1,166,-165
119900282,56,45,11
119900283,6,450,-444
119900284,94,301,-207
119900285,16,69,-53
119900286,10,25,-15
119900288,9,28,-19
119900289,0,36,-36
119900290,2,48,-46
119900291,2,86,-84
119900292,26,23,3
119900293,16,2,14
119900294,25,0,25
119900295,0,0,0
119900296,0,0,0
119900299,42,359,-317
119900300,202,310,-108
119900301,431,95,336
119900302,197,159,38
119900303,225,306,-81
119900304,216,52,164
119900305,26,174,-148
119900306,29,1,28
119900307,47,266,-219
119900308,9,30,-21
119900309,36,120,-84
119900310,416,485,-69
119900311,39,272,-233
119900312,130,110,20
119900313,286,623,-337
119900314,173,418,-245
119900315,1415,4090,-2675
119900318,9,34,-25
119900319,38,590,-552
119900320,309,965,-656
119900321,53,3,50
119900322,81,144,-63
119900323,5,293,-288
119900324,3,116,-113
119900325,144,637,-493
119900326,347,153,194
120000001,15339,18388,-3049
120000002,2839,4872,-2033
120000003,4517,2553,1964
120000004,3761,3479,282
120000005,6738,2765,3973
120000006,1971,1908,63
120000007,5347,3589,1758
120000008,1237,2109,-872
120000009,6481,1281,5200
120000010,1948,4084,-2136
120000011,1435,3230,-1795
120000012,1787,4622,-2835
120000013,2969,3972,-1003
120000014,765,2494,-1729
120000015,3312,2413,899
120000016,4471,4153,318
120000017,3247,3537,-290
120000018,7375,13494,-6119
120000019,1125,1952,-827
120000020,4383,3749,634
120000021,2678,2988,-310
120000022,3507,4983,-1476
120000023,951,2401,-1450
120000024,1856,3095,-1239
120000025,2532,3362,-830
120000026,1419,2779,-1360
120000027,1742,2688,-946
120000028,1455,667,788
120000029,6149,815,5334
120000030,169,1429,-1260
120000031,2317,13435,-11118
120000032,14751,5075,9676
120000033,4993,3085,1908
120000034,2206,3715,-1509
120000035,2399,4088,-1689
120000036,3904,6902,-2998
120000037,847,2019,-1172
120000038,14830,4449,10381
120000039,673,1103,-430
120000040,81,181,-100
120000041,1018,2375,-1357
120000042,2078,5881,-3803
120000043,5956,4768,1188
120000044,4953,1745,3208
120000045,4765,1384,3381
120000046,2556,3028,-472
120000047,3159,5337,-2178
120000048,11944,5449,6495
120000049,7471,3991,3480
120000050,8023,7764,259
120000051,4913,7912,-2999
120000052,20602,4138,16464
120000053,1200,5606,-4406
120000054,1559,9116,-7557
120000055,1721,7867,-6146
120000056,4153,6677,-2524
120000057,2821,872,1949
120000058,1299,315,984
120000059,49,1376,-1327
120000061,192,916,-724
120000062,225,393,-168
120000063,2685,4317,-1632
120000064,276,2093,-1817
120000065,623,2602,-1979
120000066,182,565,-383
120000067,60,751,-691
120000068,260,1538,-1278
120000069,850,2181,-1331
120000070,70,1406,-1336
120000071,338,317,21
120000072,520,732,-212
120000073,619,201,418
120000074,112,95,17
120000075,623,398,225
120000076,1631,523,1108
120000077,1575,776,799
120000078,5398,1227,4171
120000079,431,618,-187
120000080,183,376,-193
120000081,351,264,87
120000082,240,316,-76
120000083,238,721,-483
120000084,520,720,-200
120000085,431,481,-50
120000086,431,908,-477
120000087,336,1561,-1225
120000088,801,2013,-1212
120000089,1251,883,368
120000090,721,702,19
120000091,827,1455,-628
120000092,1356,897,459
120000093,341,752,-411
120000094,179,866,-687
120000095,1149,997,152
120000096,333,1588,-1255
120000098,914,1589,-675
120000099,508,1094,-586
120000100,767,1286,-519
120000101,550,689,-139
120000102,482,813,-331
120000103,1281,798,483
120000104,1818,579,1239
120000105,2942,722,2220
120000106,2009,669,1340
120000107,3270,852,2418
120000108,909,142,767
120000109,1091,104,987
120000110,96,1320,-1224
120000111,137,1852,-1715
120000112,1021,5898,-4877
120000113,664,4612,-3948
120000114,942,4679,-3737
120000115,420,3981,-3561
120000116,818,3067,-2249
120000117,2271,2189,82
120000118,76,47,29
120000119,31,122,-91
120000120,69,68,1
120000121,41,94,-53
120000122,403,393,10
120000123,9562,6676,2886
120000124,363,832,-469
120000125,446,1486,-1040
120000126,587,1132,-545
120000127,3825,1215,2610
120000128,9350,3351,5999
120000129,302,487,-185
120000130,1037,978,59
120000131,358,754,-396
120000134,448,2043,-1595
120000135,382,528,-146
120000137,178,3235,-3057
120000138,724,733,-9
120000139,260,1623,-1363
120000140,618,971,-353
120000141,182,657,-475
120000142,352,803,-451
120000143,6,117,-111
120000144,87,1,86
120000145,309,4,305
120000146,4728,1661,3067
120000149,679,1312,-633
120000150,6716,11094,-4378
120000151,474,717,-243
120000152,399,411,-12
120000153,203,1444,-1241
120000154,788,700,88
120000155,111,424,-313
120000156,2810,997,1813
120000157,1043,876,167
120000158,918,1566,-648
120000159,2327,3744,-1417
120000160,2414,1866,548
120000161,2345,4716,-2371
120000162,235,483,-248
120000163,688,2011,-1323
120000164,445,640,-195
120000165,434,1385,-951
120000166,1281,950,331
120000167,74,97,-23
120000168,12,320,-308
120000169,175,787,-612
120000170,292,261,31
120000171,56,105,-49
120000172,99,40,59
120000173,5638,346,5292
120000174,1047,27,1020
120000175,1999,37,1962
120000176,1065,58,1007
120000177,2436,414,2022
120000178,173,16,157
120000179,857,55,802
120000180,771,110,661
120000181,202,340,-138
120000182,167,149,18
120000183,21,178,-157
120000184,212,1078,-866
120000186,164,109,55
120000187,276,67,209
120000188,1417,117,1300
120000190,2649,25,2624
120000191,2951,61,2890
120000192,2082,37,2045
120000193,1085,20,1065
120000195,72,5,67
120000196,276,129,147
120000197,123,452,-329
120000198,138,221,-83
120000199,111,0,111
120000200,103,2,101
120000201,11,18,-7
120000202,3,73,-70
120000203,33,479,-446
120000207,3,80,-77
120000208,13,354,-341
120000209,5,122,-117
120000210,194,118,76
120000211,81,0,81
120000212,91,0,91
120000213,87,492,-405
120000214,1,526,-525
120000215,4,168,-164
120000216,33,14,19
120000217,1056,1714,-658
120000218,266,1296,-1030
120000219,22,846,-824
120000220,19,3157,-3138
120000225,1075,0,1075
120000226,246,0,246
120000227,716,32,684
120000228,8162,3270,4892
120000230,350,22,328
120000231,1080,3338,-2258
120000233,375,113,262
120000235,196,1246,-1050
120000236,985,1,984
120000237,4,3225,-3221
120000238,2,275,-273
120000241,1405,5738,-4333
120000412,2708,10,2698
120000413,284,645,-361
120000414,82,2,80
120000415,1,338,-337
120000416,64,11,53
120000417,2,136,-134
120000418,117,28,89
120000419,16,730,-714
120000420,85,32,53
120000421,20095,8300,11795
120000422,367,966,-599
120000423,1,72,-71
120000424,109,227,-118
120000436,175,550,-375
120000437,202,251,-49
120000438,6916,849,6067
120000439,184,503,-319
120000443,275,2,273
120000444,1414,1302,112
120000445,2247,1937,310
120000446,1543,537,1006
120000447,180,1,179
120000449,95,19,76
120000450,8,483,-475
120000451,119,448,-329
120000452,133,0,133
120000453,1,835,-834
120000454,158,49,109
120000455,91,94,-3
120000456,4094,4440,-346
120000457,1687,1416,271
120000458,769,952,-183
120000459,79,161,-82
120000665,3378,223,3155
120000668,169,298,-129
120000669,64,566,-502
120000670,357,535,-178
120000671,1694,594,1100
120000672,201,694,-493
120900001,54,81,-27
120900002,1331,505,826
120900003,543,74,469
120900004,15,127,-112
120900005,11,1604,-1593
120900006,310,261,49
120900007,140,282,-142
120900008,306,1645,-1339
120900009,659,86,573
120900010,352,66,286
120900011,531,190,341
120900012,1531,1276,255
120900013,286,108,178
120900014,15,1108,-1093
120900015,491,151,340
120900016,714,66,648
120900017,5310,163,5147
120900018,82,811,-729
120900019,751,220,531
120900020,1156,1155,1
120900021,640,156,484
120900022,113,613,-500
120900023,177,47,130
120900024,2254,568,1686
120900025,2724,1739,985
120900026,239,302,-63
120900027,940,118,822
120900028,280,77,203
120900029,234,388,-154
120900030,1408,802,606
120900031,219,95,124
120900032,765,236,529
120900033,1038,71,967
120900034,73,3068,-2995
120900035,56,141,-85
120900037,239,8,231
120900038,54,285,-231
120900039,98,70,28
120900040,223,2,221
120900041,245,149,96
120900042,370,98,272
120900043,66,33,33
120900044,18,728,-710
120900045,144,184,-40
120900046,269,9,260
120900047,169,68,101
120900048,88,28,60
120900049,295,0,295
120900050,5158,1702,3456
120900051,302,192,110
120900052,502,5,497
120900053,215,171,44
120900054,1734,1353,381
120900055,285,4,281
120900056,428,17,411
120900057,121,26,95
120900058,395,1,394
120900059,57,7,50
120900060,91,81,10
120900061,262,760,-498
120900062,179,2,177
120900063,457,3,454
120900064,399,3,396
120900065,349,2,347
120900066,228,503,-275
120900067,505,276,229
120900068,155,0,155
120900069,140,48,92
120900071,23,0,23
120900072,596,10,586
120900073,354,308,46
120900074,754,48,706
120900076,214,0,214
120900077,6305,323,5982
120900078,613,1282,-669
120900079,609,116,493
120900080,452,3038,-2586
120900081,858,1941,-1083
120900082,982,375,607
120900083,96,16,80
120900084,311,363,-52
120900085,194,178,16
120900086,223,274,-51
120900087,467,187,280
120900088,240,427,-187
120900089,6913,2337,4576
120900090,118,332,-214
120900091,761,643,118
120900092,1538,1099,439
120900093,5659,380,5279
120900094,651,346,305
120900095,606,45,561
120900096,63,375,-312
120900097,958,1411,-453
120900098,303,241,62
120900099,84,90,-6
120900100,100,546,-446
120900101,740,472,268
120900102,21,318,-297
120900103,104,266,-162
120900104,58,57,1
120900105,32,1062,-1030
120900106,1961,964,997
120900107,378,187,191
120900108,6,1448,-1442
120900109,49,1004,-955
120900110,21,1620,-1599
120900111,205,581,-376
120900112,10,2019,-2009
120900113,31,1360,-1329
120900114,37,278,-241
120900115,199,283,-84
120900116,360,923,-563
120900117,4,891,-887
120900118,34,1406,-1372
120900119,3892,9093,-5201
120900120,107,1114,-1007
120900121,122,823,-701
120900122,387,1005,-618
120900123,2,696,-694
120900124,0,1096,-1096
120900125,4,2054,-2050
120900126,1732,1403,329
120900127,20,855,-835
120900128,1242,1822,-580
120900129,66,502,-436
120900130,5,356,-351
120900131,30,95,-65
120900132,677,549,128
120900133,284,1889,-1605
120900134,734,614,120
120900135,4,1046,-1042
120900136,27,42,-15
120900137,243,153,90
120900138,16,313,-297
120900139,2,1161,-1159
120900140,4,57,-53
120900141,249,206,43
120900142,39,1294,-1255
120900143,4,1180,-1176
120900144,1,253,-252
120900145,65,1132,-1067
120900146,9,1457,-1448
120900147,2,524,-522
120900148,154,189,-35
120900149,0,586,-586
120900150,30,930,-900
120900151,1,1136,-1135
120900152,2,61,-59
120900153,15,110,-95
120900154,0,495,-495
120900155,118,1601,-1483
120900156,42,456,-414
120900157,90,276,-186
120900158,47,693,-646
120900159,86,398,-312
120900160,38,642,-604
120900161,19,836,-817
120900162,19,748,-729
120900163,34,346,-312
120900164,0,1,-1
120900165,46,12,34
120900166,603,269,334
120900167,600,166,434
120900169,50,773,-723
120900170,3953,2454,1499
120900171,1503,578,925
120900172,2536,383,2153
120900173,16,92,-76
120900174,5,157,-152
120900175,320,397,-77
120900176,12,432,-420
120900177,3,1031,-1028
120900178,1,460,-459
120900179,1144,743,401
120900180,236,127,109
120900181,54,98,-44
120900182,17,1389,-1372
120900183,357,283,74
120900184,148,133,15
120900185,8,597,-589
120900186,1,740,-739
120900187,499,1160,-661
120900188,120,34,86
120900189,261,992,-731
120900190,27,38,-11
120900191,4,38,-34
120900192,20952,5262,15690
120900194,56,118,-62
120900195,181,399,-218
120900196,853,69,784
120900197,497,132,365
120900198,290,822,-532
120900199,359,402,-43
120900200,110,161,-51
120900201,829,183,646
120900202,1,319,-318
120900203,39,87,-48
120900204,213,459,-246
120900205,80,143,-63
120900206,9,20,-11
120900207,62,2326,-2264
121000001,2385,1686,699
121000002,8042,4299,3743
121000003,5833,2865,2968
121000004,5147,15594,-10447
121000005,3880,4431,-551
121000006,6008,2905,3103
121000007,5959,3755,2204
121000008,14939,6209,8730
121000009,10901,9116,1785
121000010,17625,13169,4456
121000011,11985,20186,-8201
121000012,22436,18252,4184
121000013,7670,11907,-4237
121000014,10002,12637,-2635
121000015,10841,10365,476
121000016,7629,8286,-657
121000017,2740,4632,-1892
121000018,2888,2766,122
121000019,23645,13432,10213
121000020,14789,14764,25
121000021,4317,4479,-162
121000022,2562,2610,-48
121000023,5189,4555,634
121000024,4493,5439,-946
121000025,1207,2532,-1325
121000026,526,235,291
121000027,2294,1461,833
121000028,1317,578,739
121000029,1660,1093,567
121000030,1041,651,390
121000031,1409,984,425
121000032,368,119,249
121000034,2294,261,2033
121000035,946,136,810
121000036,3119,1480,1639
121000037,1659,802,857
121000038,1420,1073,347
121000039,1246,765,481
121000041,797,782,15
121000042,357,449,-92
121000043,1632,1152,480
121000044,4009,1285,2724
121000045,588,493,95
121000046,763,1278,-515
121000047,105,131,-26
121000049,3372,904,2468
121000050,583,1766,-1183
121000051,1392,441,951
121000052,501,949,-448
121000053,947,160,787
121000054,59,519,-460
121000055,2409,1672,737
121000056,1363,1555,-192
121000057,440,567,-127
121000058,447,175,272
121000059,3353,2282,1071
121000060,623,1191,-568
121000061,930,328,602
121000062,393,327,66
121000063,1248,762,486
121000064,1263,1178,85
121000065,964,507,457
121000066,1229,611,618
121000067,2307,480,1827
121000068,1119,594,525
121000069,1994,747,1247
121000070,3573,1569,2004
121000071,2070,2000,70
121000072,2329,1064,1265
121000073,4061,895,3166
121000074,220,157,63
121000075,159,385,-226
121000076,2566,574,1992
121000077,323,256,67
121000078,194,161,33
121000080,3481,1054,2427
121000081,5468,6674,-1206
121000082,295,295,0
121000083,523,170,353
121000084,322,138,184
121000085,417,841,-424
121000086,188,981,-793
121000087,88,290,-202
121000088,514,1136,-622
121000089,738,408,330
121000090,948,574,374
121000091,2365,1173,1192
121000092,261,133,128
121000093,199,322,-123
121000094,545,1016,-471
121000095,420,633,-213
121000096,2777,3467,-690
121000097,1709,2598,-889
121000098,494,1544,-1050
121000099,704,1185,-481
121000100,937,672,265
121000101,366,337,29
121000102,212,493,-281
121000103,137,328,-191
121000104,298,246,52
121000105,429,315,114
121000106,252,412,-160
121000107,4315,5107,-792
121000109,2329,1578,751
121000110,385,1055,-670
121000114,4836,2737,2099
121000115,1524,1104,420
121000116,544,1297,-753
121000117,1233,492,741
121000118,1835,427,1408
121000119,394,563,-169
121000120,360,605,-245
121000121,747,1258,-511
121000123,2390,716,1674
121000127,487,143,344
121000128,950,638,312
121000129,907,615,292
121000130,523,1348,-825
121000131,2333,1823,510
121000132,1537,1658,-121
121000135,326,400,-74
121000136,2048,546,1502
121000137,513,260,253
121000138,1487,1220,267
121000139,962,121,841
121000141,701,189,512
121000142,1550,957,593
121000143,95,37,58
121000144,1076,2275,-1199
121000145,980,1610,-630
121000146,2183,1262,921
121000147,1391,827,564
121000148,1577,1286,291
121000149,4382,1847,2535
121000152,915,1350,-435
121000153,2638,1475,1163
121000154,1151,2271,-1120
121000155,2532,1930,602
121000156,521,1986,-1465
121000157,1800,4101,-2301
121000158,474,1508,-1034
121000159,306,1037,-731
121000160,391,1020,-629
121000161,241,436,-195
121000162,62,337,-275
121000165,2629,2181,448
121000166,48,1224,-1176
121000168,742,536,206
121000169,108,168,-60
121000170,509,575,-66
121000171,88,202,-114
121000172,1042,613,429
121000173,1574,1325,249
121000174,326,501,-175
121000175,1403,654,749
121000176,636,237,399
121000177,2765,916,1849
121000178,207,62,145
121000179,202,71,131
121000181,436,901,-465
121000182,145,175,-30
121000183,60,62,-2
121000184,159,51,108
121000185,89,189,-100
121000186,246,480,-234
121000187,238,324,-86
121000188,259,303,-44
121000192,1091,617,474
121000193,999,667,332
121000194,4123,3194,929
121000195,1019,1304,-285
121000196,2740,430,2310
121000197,766,1186,-420
121000198,1025,143,882
121000199,367,613,-246
121000200,1230,103,1127
121000201,25,277,-252
121000202,4405,147,4258
121000203,1303,2963,-1660
121000204,3399,864,2535
121000205,537,428,109
121000206,333,47,286
121000207,2200,513,1687
121000208,36,453,-417
121000209,349,587,-238
121000210,373,883,-510
121000211,374,228,146
121000212,351,1221,-870
121000213,12422,5013,7409
121000214,1132,5383,-4251
121000215,2291,1315,976
121000216,1269,1335,-66
121000217,10650,5642,5008
121000218,1165,2518,-1353
121000219,4686,691,3995
121000220,630,67,563
121000221,305,492,-187
121000222,4334,3335,999
121000223,1352,368,984
121000224,614,220,394
121000225,5221,1489,3732
121000226,15768,1652,14116
121000227,7,449,-442
121000228,33,955,-922
121000229,437,629,-192
121000230,73,2565,-2492
121000231,1177,45,1132
121000232,598,525,73
121000233,949,436,513
121000234,15,33,-18
121000235,91,41,50
121000236,23,70,-47
121000237,33,10,23
121000238,1,146,-145
121000239,24,5,19
121000240,8,491,-483
121000241,74,18,56
121000242,51,213,-162
121000243,307,70,237
121000244,12,83,-71
121000245,18,12,6
121000246,0,123,-123
121000247,80,1,79
121000248,798,661,137
121000249,246,384,-138
121000250,1004,167,837
121000251,29,796,-767
121000252,107,81,26
121000253,962,792,170
121000254,1615,429,1186
121000255,507,214,293
121000256,954,198,756
121000257,140,83,57
121000258,347,49,298
121000259,124,50,74
121000260,317,224,93
121000261,366,60,306
121000262,1485,1731,-246
121000263,348,507,-159
121000271,430,2555,-2125
121000273,438,11,427
121000274,105,53,52
121000275,10,33,-23
121000276,5,31,-26
121000278,275,85,190
121000279,166,14,152
121000280,294,56,238
121000289,249,29,220
121000290,2117,910,1207
121000294,137,186,-49
121000297,2046,2119,-73
121000299,1097,382,715
121000300,1058,735,323
121000302,88,1150,-1062
121000303,660,561,99
121000304,624,73,551
121000305,199,62,137
121000306,189,170,19
121000308,289,857,-568
121000309,886,890,-4
121000310,314,547,-233
121000311,139,1244,-1105
121000312,480,445,35
121000313,636,984,-348
121000314,180,140,40
121000315,74,158,-84
121000530,1638,2144,-506
121000531,1464,2014,-550
121000532,8003,7311,692
121000533,3201,4302,-1101
121000918,108,219,-111
121000919,73,73,0
121000938,226,198,28
121000939,240,163,77
121000956,965,2121,-1156
121000957,15,18,-3
121000958,748,62,686
121000959,836,1211,-375
121000960,2724,2588,136
121000961,220,104,116
121000962,312,1947,-1635
121000973,3,196,-193
121000976,28,216,-188
121000979,310,114,196
121000981,371,164,207
121000982,445,357,88
121000983,764,609,155
121000984,223,61,162
121000985,624,1214,-590
121000986,735,636,99
121000987,365,2115,-1750
121000988,1067,170,897
121001302,592,232,360
121001308,66,10,56
121001309,223,65,158
121001313,294,366,-72
121001314,3954,5525,-1571
121001315,5766,3892,1874
121900001,119,184,-65
121900002,245,29,216
121900003,533,11,522
121900004,466,410,56
121900005,68,35,33
121900006,137,33,104
121900007,3195,3348,-153
121900008,2967,698,2269
121900009,667,12,655
121900010,315,5,310
121900011,348,567,-219
121900012,59,2,57
121900013,2191,72,2119
121900014,1937,533,1404
121900015,285,211,74
121900016,18,43,-25
121900017,581,624,-43
121900018,391,14,377
121900019,427,399,28
121900020,42,3,39
121900021,1070,23,1047
121900022,271,307,-36
121900023,153,488,-335
121900024,494,107,387
121900025,791,540,251
121900026,574,67,507
121900027,406,122,284
121900028,320,21,299
121900029,200,243,-43
121900030,992,1320,-328
121900031,2182,12703,-10521
121900032,113,119,-6
121900033,226,178,48
121900034,1350,125,1225
121900035,3381,3231,150
121900036,161,503,-342
121900037,190,746,-556
121900038,48,226,-178
121900039,599,67,532
121900040,63,90,-27
121900041,86,215,-129
121900042,347,149,198
121900043,4,9,-5
121900044,284,96,188
121900046,322,214,108
121900047,276,66,210
121900048,72,212,-140
121900050,16,45,-29
121900051,185,195,-10
121900052,163,50,113
121900053,413,723,-310
121900054,1114,1097,17
121900055,0,10,-10
121900058,745,407,338
121900059,557,244,313
121900060,160,398,-238
121900061,273,181,92
121900062,108,116,-8
121900063,2000,322,1678
121900064,315,961,-646
121900066,58,16,42
121900067,61,55,6
121900069,167,205,-38
121900070,522,155,367
121900071,258,368,-110
121900072,44,226,-182
121900073,446,258,188
121900074,670,1346,-676
121900075,1768,383,1385
121900076,1433,667,766
121900077,11,34,-23
121900078,94,33,61
121900079,0,1,-1
121900080,1117,502,615
121900082,58,127,-69
121900084,13,269,-256
121900085,0,17,-17
121900086,21,46,-25
121900087,223,121,102
121900088,2588,4590,-2002
121900089,213,419,-206
121900090,14,158,-144
121900091,47,153,-106
121900092,83,115,-32
121900093,88,116,-28
121900094,16,5,11
121900095,301,193,108
121900096,2042,606,1436
121900097,762,225,537
121900098,5,11,-6
121900099,265,64,201
121900100,210,353,-143
121900101,235,231,4
121900102,15,131,-116
121900103,914,179,735
121900104,2046,529,1517
121900105,253,228,25
121900106,18,10,8
121900107,66,36,30
121900108,3,61,-58
121900109,648,235,413
121900110,391,1530,-1139
121900111,1294,160,1134
121900112,191,118,73
121900113,175,992,-817
121900114,35,157,-122
121900117,614,40,574
121900118,3686,750,2936
121900119,281,151,130
121900120,39,2650,-2611
121900121,1022,114,908
121900122,38,63,-25
121900123,270,844,-574
121900124,166,281,-115
121900125,1760,2054,-294
121900127,4,107,-103
121900128,118,136,-18
121900129,886,213,673
121900130,283,340,-57
121900131,547,137,410
121900132,75,159,-84
121900133,110,411,-301
121900134,54,150,-96
121900135,2829,308,2521
121900136,511,652,-141
121900137,74,588,-514
121900138,192,272,-80
121900139,541,670,-129
121900140,88,243,-155
121900141,89,25,64
121900142,143,189,-46
121900143,17,256,-239
121900144,220,301,-81
121900145,170,270,-100
121900146,1145,980,165
121900147,81,208,-127
121900148,230,298,-68
121900149,722,940,-218
121900150,130,227,-97
121900151,99,290,-191
121900152,104,207,-103
121900153,61,648,-587
121900154,21,249,-228
121900155,5,203,-198
121900156,225,108,117
121900157,6,551,-545
121900158,105,96,9
121900159,1,295,-294
121900160,85,292,-207
121900161,640,410,230
121900162,165,175,-10
121900163,240,803,-563
121900164,608,217,391
121900165,269,168,101
121900166,243,191,52
121900167,209,137,72
121900168,340,182,158
121900169,10,429,-419
121900170,8,325,-317
121900171,664,887,-223
121900172,613,380,233
121900173,1504,307,1197
121900174,25,87,-62
121900175,614,174,440
121900176,982,2254,-1272
121900177,256,98,158
121900178,109,81,28
121900179,544,173,371
121900180,7627,5262,2365
121900182,1938,322,1616
121900183,700,1110,-410
121900184,46,682,-636
121900186,11,293,-282
121900187,44,192,-148
121900188,717,832,-115
121900189,54,120,-66
121900190,393,779,-386
121900191,90,340,-250
121900192,577,944,-367
121900193,115,231,-116
121900194,7,136,-129
121900195,118,73,45
121900196,1462,2313,-851
121900197,395,2687,-2292
121900198,1485,2483,-998
121900199,1,33,-32
121900200,275,278,-3
121900201,1429,730,699
121900202,217,745,-528
121900203,272,1733,-1461
121900204,1570,2640,-1070
121900205,12,106,-94
121900206,15,13,2
121900207,375,66,309
121900208,289,288,1
121900209,63,32,31
121900210,2930,1892,1038
121900211,349,1307,-958
121900212,133,156,-23
121900213,181,140,41
121900214,19,977,-958
121900215,78,151,-73
121900216,299,212,87
121900217,310,142,168
121900218,307,844,-537
121900220,150,26,124
121900221,431,1021,-590
121900222,246,176,70
121900223,349,84,265
121900224,105,85,20
121900225,704,95,609
121900226,333,1598,-1265
121900227,184,589,-405
121900228,349,551,-202
121900230,232,463,-231
121900231,833,2352,-1519
121900232,581,547,34
121900233,353,300,53
121900234,634,430,204
121900235,609,331,278
121900236,377,212,165
121900237,357,306,51
121900238,244,411,-167
121900239,195,55,140
121900240,230,178,52
121900241,37,79,-42
121900242,9,1,8
121900243,11,0,11
121900244,15,4,11
121900245,294,152,142
121900246,3458,720,2738
121900247,279,283,-4
121900248,1435,1393,42
121900250,338,346,-8
121900251,306,40,266
121900252,699,173,526
121900253,324,1454,-1130
121900254,700,317,383
121900255,276,152,124
121900258,3859,3210,649
121900259,393,993,-600
121900260,225,251,-26
121900261,186,960,-774
121900262,520,2501,-1981
121900263,164,732,-568
121900264,2962,2697,265
121900265,514,499,15
121900266,313,221,92
121900267,72,60,12
121900269,251,790,-539
121900270,44,268,-224
121900271,44,201,-157
121900273,1295,2979,-1684
121900274,355,279,76
121900277,539,1650,-1111
121900278,421,964,-543
121900279,186,273,-87
121900280,470,401,69
121900281,1242,430,812
121900284,62,26,36
121900286,141,179,-38
121900287,21,29,-8
121900288,4,3,1
121900290,336,364,-28
121900291,661,814,-153
121900292,559,201,358
121900293,1520,4470,-2950
121900294,297,4,293
121900295,114,371,-257
121900296,242,177,65
121900298,912,741,171
121900299,0,0,0
121900300,22,0,22
121900301,50,1,49
121900302,0,34,-34
121900303,1117,615,502
121900304,19,11,8
121900305,3,3,0
121900306,120,3,117
121900307,23,6,17
121900308,21,358,-337
121900309,15,270,-255
121900310,32,453,-421
121900311,313,27,286
121900312,259,15,244
121900313,635,25,610
121900314,8,71,-63
121900315,7,0,7
121900316,1,27,-26
121900317,10,9,1
121900318,1,36,-35
121900319,18,288,-270
121900320,64,166,-102
121900321,6,1,5
121900322,1,34,-33
121900323,16,17,-1
121900324,7,71,-64
121900325,6,1,5
121900326,2,14,-12
121900327,4,31,-27
121900328,0,14,-14
121900329,1,112,-111
121900330,0,19,-19
121900331,29,37,-8
121900332,101,87,14
121900333,35,3,32
121900334,362,122,240
122000001,3023,4959,-1936
122000002,6119,2137,3982
122000003,2422,2238,184
122000004,3746,1923,1823
122000005,4335,1628,2707
122000006,4040,795,3245
122000007,2578,2465,113
122000008,8352,7685,667
122000009,614,438,176
122000010,2775,5037,-2262
122000011,4191,1786,2405
122000012,2470,1598,872
122000013,5931,2262,3669
122000014,2580,4451,-1871
122000015,2535,1521,1014
122000016,971,1076,-105
122000017,1465,1400,65
122000018,2159,1351,808
122000019,1594,2112,-518
122000020,278,314,-36
122000021,896,662,234
122000022,2509,2524,-15
122000023,846,5505,-4659
122000024,1664,1290,374
122000025,4165,1706,2459
122000026,1958,961,997
122000027,898,9058,-8160
122000028,1122,662,460
122000029,1044,446,598
122000030,614,240,374
122000031,419,404,15
122000032,3425,6301,-2876
122000033,2270,1245,1025
122000034,2212,1006,1206
122000035,476,1746,-1270
122000036,1096,665,431
122000037,510,422,88
122000038,470,413,57
122000039,872,945,-73
122000040,555,1683,-1128
122000041,1045,718,327
122000042,932,499,433
122000043,278,265,13
122000044,256,346,-90
122000045,2765,699,2066
122000046,1704,1865,-161
122000047,709,306,403
122000048,5044,7078,-2034
122000049,8490,2550,5940
122000050,3361,849,2512
122000051,887,383,504
122000052,986,309,677
122000053,366,682,-316
122000054,3804,2670,1134
122000055,5249,3314,1935
122000056,7077,6530,547
122000057,4445,4187,258
122000058,6210,1171,5039
122000059,4791,2032,2759
122000060,1213,798,415
122000061,769,525,244
122000062,2474,333,2141
122000063,2590,1040,1550
122000064,8262,2897,5365
122000065,11901,3389,8512
122000066,2883,1408,1475
122000067,5876,1905,3971
122000068,2450,3440,-990
122000069,1072,1030,42
122000070,1133,10128,-8995
122000071,1471,3573,-2102
122000072,723,598,125
122000073,793,728,65
122000074,4202,2223,1979
122000075,882,3226,-2344
122000076,2787,1694,1093
122000077,2196,832,1364
122000078,3806,2677,1129
122000079,2987,1110,1877
122000080,2083,539,1544
122000081,471,554,-83
122000082,1276,852,424
122000083,1903,6229,-4326
122000084,1707,1269,438
122000085,432,5540,-5108
122000086,3294,9905,-6611
122000087,691,203,488
122000088,375,432,-57
122000089,13968,7106,6862
122000090,466,684,-218
122000091,1087,77,1010
122000092,612,29,583
122000093,5431,1168,4263
122000094,13924,2381,11543
122000095,4849,4246,603
122000096,3640,3273,367
122000098,4337,1907,2430
122000099,7857,847,7010
122000100,1942,1276,666
122000101,384,2418,-2034
122000102,2348,1375,973
122000103,3074,1688,1386
122000104,462,251,211
122000105,509,312,197
122000106,654,632,22
122000107,1405,923,482
122000108,569,965,-396
122000109,474,690,-216
122000110,576,660,-84
122000111,4493,1455,3038
122000112,1198,2127,-929
122000113,1120,999,121
122000114,10184,2484,7700
122000115,2161,4471,-2310
122000116,589,684,-95
122000117,1649,551,1098
122000118,452,890,-438
122000119,3782,2598,1184
122000120,3119,4899,-1780
122000121,4261,3703,558
122000122,1003,1913,-910
122000123,2921,2647,274
122000124,1405,758,647
122000125,755,850,-95
122000126,843,1298,-455
122000127,1770,1380,390
122000128,914,1187,-273
122000129,613,2094,-1481
122000130,4019,1271,2748
122000131,1944,1591,353
122000132,979,658,321
122000133,1643,2782,-1139
122000134,948,894,54
122000135,890,964,-74
122000136,868,594,274
122000137,1914,1122,792
122000139,4236,6518,-2282
122000140,3457,795,2662
122000141,7623,1646,5977
122000142,1145,912,233
122000143,766,724,42
122000144,3269,1547,1722
122000145,4384,1119,3265
122000146,1342,1332,10
122000147,2231,647,1584
122000148,4313,1811,2502
122000149,2476,1898,578
122000150,1999,1356,643
122000151,344,506,-162
122000152,729,477,252
122000153,642,350,292
122000154,436,257,179
122000155,1986,3581,-1595
122000156,2430,2317,113
122000157,3346,1472,1874
122000158,914,760,154
122000159,2023,2350,-327
122000160,5793,2868,2925
122000161,1403,1311,92
122000162,2607,2356,251
122000163,267,84,183
122000164,27,58,-31
122000165,1246,978,268
122000166,2138,2061,77
122000167,246,220,26
122000168,299,662,-363
122000169,1158,326,832
122000170,396,337,59
122000171,38,75,-37
122000172,1807,2436,-629
122000173,1735,3419,-1684
122000174,4545,1176,3369
122000175,2431,517,1914
122000176,584,833,-249
122000177,2577,1947,630
122000178,5107,6730,-1623
122000179,2970,4163,-1193
122000180,2588,1798,790
122000181,2997,4987,-1990
122000182,2993,2700,293
122000183,2641,2345,296
122000184,2957,2375,582
122000185,1563,1489,74
122000186,1077,1038,39
122000187,4328,1487,2841
122000188,598,288,310
122000189,457,637,-180
122000190,2385,1514,871
122000191,2365,1280,1085
122000192,1773,500,1273
122000193,642,686,-44
122000194,2232,340,1892
122000195,562,514,48
122000196,1191,774,417
122000197,713,681,32
122000198,1172,963,209
122000199,1044,511,533
122000200,2736,1370,1366
122000201,1868,1685,183
122000202,1623,1278,345
122000203,4030,1773,2257
122000204,2105,2698,-593
122000205,1812,2688,-876
122000206,3191,1145,2046
122000207,2213,1830,383
122000208,6272,2001,4271
122000209,6263,661,5602
122000210,4395,2401,1994
122000211,3924,1321,2603
122000212,1435,658,777
122000213,2083,1864,219
122000214,3325,3090,235
122000215,3044,1999,1045
122000217,4229,1670,2559
122000218,1556,215,1341
122000219,2470,1335,1135
122000220,496,801,-305
122000221,146,746,-600
122000222,788,200,588
122000223,2015,632,1383
122000225,1623,373,1250
122000226,2225,3141,-916
122000227,555,5970,-5415
122000228,515,558,-43
122000229,47,638,-591
122000230,61,892,-831
122000231,400,1089,-689
122000232,1039,1463,-424
122000233,1,154,-153
122000234,384,326,58
122000235,1003,300,703
122000236,1161,238,923
122000237,119,99,20
122000238,275,518,-243
122000239,650,177,473
122000240,1511,655,856
122000241,1606,600,1006
122000242,884,183,701
122000243,307,123,184
122000244,76,718,-642
122000245,104,417,-313
122000246,299,259,40
122000247,759,1221,-462
122000248,2242,3079,-837
122000249,1052,1258,-206
122000250,2423,1773,650
122000251,257,596,-339
122000252,686,151,535
122000253,56,345,-289
122000254,274,161,113
122000255,912,2268,-1356
122000256,475,2375,-1900
122000257,154,573,-419
122000258,214,391,-177
122000259,14,912,-898
122000260,4,138,-134
122000261,14,323,-309
122000262,1,118,-117
122000263,313,164,149
122000264,2255,752,1503
122000265,6314,1179,5135
122000266,13181,872,12309
122000267,118,168,-50
122000268,262,517,-255
122000269,2292,370,1922
122000270,4031,190,3841
122000271,1067,1559,-492
122000272,524,1581,-1057
122000273,589,666,-77
122000274,252,300,-48
122000275,96,324,-228
122000276,744,850,-106
122000277,1376,1883,-507
122000278,1304,1187,117
122000279,250,684,-434
122000280,1288,1073,215
122000281,1255,1099,156
122000282,222,231,-9
122000283,368,74,294
122000284,199,121,78
122000285,481,111,370
122000286,187,174,13
122000287,1208,1823,-615
122000288,616,380,236
122000291,1745,690,1055
122000293,536,348,188
122000294,174,330,-156
122000295,2061,306,1755
122000296,94,768,-674
122000297,4381,3582,799
122000299,421,604,-183
122000300,659,803,-144
122000301,20199,3935,16264
122000302,1500,2229,-729
122000303,6189,1852,4337
122000304,92,281,-189
122000305,1077,475,602
122000306,46,1088,-1042
122000307,179,207,-28
122000309,157,73,84
122000310,55,80,-25
122000311,370,281,89
122000312,301,129,172
122000313,114,86,28
122000314,213,338,-125
122000315,348,14,334
122000316,766,364,402
122000317,1516,424,1092
122000318,365,1186,-821
122000319,350,964,-614
122000320,468,3505,-3037
122000321,241,437,-196
122000322,3292,5992,-2700
122000323,2175,3592,-1417
122000324,2694,2296,398
122000325,1488,1978,-490
122000326,75,201,-126
122000327,739,950,-211
122000328,2551,1081,1470
122000330,3281,913,2368
122000332,350,471,-121
122000333,11,228,-217
122000337,1071,2443,-1372
122000338,472,595,-123
122000340,866,401,465
122000342,4264,1510,2754
122000343,611,2243,-1632
122000344,50,36,14
122000345,24,94,-70
122000346,322,860,-538
122000348,788,1010,-222
122000349,131,923,-792
122000351,231,353,-122
122000352,503,243,260
122000353,125,151,-26
122000355,165,210,-45
122000356,4878,1245,3633
122000357,50,21,29
122000358,1,75,-74
122000359,0,42,-42
122000360,0,52,-52
122000362,11,164,-153
122000364,116,494,-378
122000365,1,33,-32
122000366,14,7,7
122000368,873,915,-42
122000370,11,96,-85
122000371,21,1,20
122000372,4,3,1
122000381,69,665,-596
122000382,99,325,-226
122000384,9156,3496,5660
122000385,43,1,42
122000386,2236,1947,289
122000387,2423,653,1770
122000388,7200,775,6425
122000389,547,779,-232
122000390,1435,353,1082
122000391,961,150,811
122000392,253,270,-17
122000393,70,238,-168
122000394,810,446,364
122000395,217,286,-69
122000396,571,153,418
122000397,103,200,-97
122000398,104,130,-26
122000399,216,77,139
122000400,496,446,50
122000401,232,127,105
122000402,341,263,78
122000403,655,1523,-868
122000404,176,544,-368
122000408,913,1780,-867
122000503,22,314,-292
122000524,209,116,93
122000544,130,8464,-8334
122000616,448,7,441
122000640,51,200,-149
122000641,105,559,-454
122000642,1551,1705,-154
122000643,44,249,-205
122000644,260,38,222
122000645,103,623,-520
122000651,4796,981,3815
122000664,431,56,375
122000665,1574,625,949
122000666,916,1703,-787
122000673,31,512,-481
122000674,156,94,62
122000675,2265,2121,144
122000686,529,1762,-1233
122000687,4199,550,3649
122000688,230,1076,-846
122000689,1150,975,175
122000690,1177,832,345
122000691,475,3439,-2964
122000692,1513,510,1003
122000693,546,2325,-1779
122000695,253,848,-595
122000696,421,480,-59
122000698,269,1413,-1144
122000699,272,70,202
122000701,1578,567,1011
122000702,558,2926,-2368
122000703,209,173,36
122000712,0,0,0
122000717,316,87,229
122000718,512,1661,-1149
122000719,195,94,101
122000720,393,478,-85
122000724,167,24,143
122900001,42,9,33
122900002,1926,6177,-4251
122900003,605,63,542
122900004,1242,54,1188
122900005,88,72,16
122900006,785,523,262
122900007,227,36,191
122900008,751,81,670
122900009,1394,747,647
122900010,318,300,18
122900012,254,347,-93
122900014,220,410,-190
122900015,3320,863,2457
122900016,191,401,-210
122900017,1039,1195,-156
122900018,425,16,409
122900019,13,204,-191
122900020,554,517,37
122900021,72,939,-867
122900022,755,1478,-723
122900023,545,444,101
122900024,139,140,-1
122900025,12,223,-211
122900026,189,371,-182
122900027,95,999,-904
122900028,174,259,-85
122900029,6809,3943,2866
122900030,1943,657,1286
122900031,395,277,118
122900032,147,421,-274
122900033,280,176,104
122900034,5508,12773,-7265
122900035,71,5,66
122900036,122,588,-466
122900037,889,170,719
122900038,350,4613,-4263
122900039,102,596,-494
122900040,758,371,387
122900041,293,207,86
122900042,266,351,-85
122900043,1020,266,754
122900044,139,532,-393
122900045,191,105,86
122900046,152,129,23
122900047,1037,313,724
122900048,44,565,-521
122900049,2389,135,2254
122900051,145,155,-10
122900052,74,178,-104
122900053,26,34,-8
122900055,691,155,536
122900057,725,52,673
122900061,635,203,432
122900062,513,685,-172
122900063,281,466,-185
122900064,1533,723,810
122900065,890,205,685
122900066,604,271,333
122900067,2199,1213,986
122900068,169,542,-373
122900069,323,1663,-1340
122900070,406,61,345
122900071,202,550,-348
122900072,13,817,-804
122900073,40,452,-412
122900074,746,1000,-254
122900075,4,96,-92
122900076,13,261,-248
122900077,9,197,-188
122900078,158,206,-48
122900080,88,36,52
122900081,893,221,672
122900082,1080,274,806
122900083,247,183,64
122900084,6,335,-329
122900086,13,29,-16
122900087,212,588,-376
122900088,61,120,-59
122900089,65,159,-94
122900090,10,812,-802
122900091,216,1,215
122900092,0,286,-286
122900093,0,478,-478
122900094,5,370,-365
122900095,155,7,148
122900096,359,424,-65
122900097,33,34,-1
122900098,147,197,-50
122900099,26,15,11
122900100,499,431,68
122900101,1867,489,1378
122900102,30,16,14
122900103,164,22,142
122900104,58,16,42
122900105,5,11,-6
122900106,3,139,-136
122900107,8,342,-334
122900108,4,328,-324
123000001,3908,463,3445
123000002,9052,4405,4647
123000003,5233,5378,-145
123000004,4132,6700,-2568
123000005,3691,4787,-1096
123000006,4069,4084,-15
123000007,4324,4436,-112
123000008,3675,5161,-1486
123000009,7721,4305,3416
123000010,5340,4914,426
123000011,11168,1282,9886
123000012,2833,3563,-730
123000013,5868,1174,4694
123000014,2552,5795,-3243
123000015,6796,1210,5586
123000016,9310,4929,4381
123000017,4202,1886,2316
123000018,73,141,-68
123000019,224,364,-140
123000020,145,168,-23
123000021,73,348,-275
123000022,598,2510,-1912
123000023,1993,1792,201
123000024,2374,754,1620
123000025,282,220,62
123000026,29,112,-83
123000027,567,381,186
123000028,1271,224,1047
123000029,1529,502,1027
123000030,648,816,-168
123000031,153,570,-417
123000032,353,405,-52
123000033,657,123,534
123000034,1274,1040,234
123000035,244,459,-215
123000036,288,1131,-843
123000037,303,361,-58
123000038,138,317,-179
123000039,608,1373,-765
123000040,1581,402,1179
123000041,2642,952,1690
123000042,2224,599,1625
123000043,6437,10349,-3912
123000044,8063,2895,5168
123000045,13830,3109,10721
123000046,1598,1572,26
123000047,3655,1808,1847
123000048,93,520,-427
123000049,10113,8626,1487
123000050,1325,2033,-708
123000051,124,277,-153
123000052,757,4622,-3865
123000053,2628,5044,-2416
123000054,1696,1738,-42
123000055,1216,2281,-1065
123000056,1868,2665,-797
123000057,24004,9032,14972
123000058,1215,1298,-83
123000059,520,743,-223
123000060,1023,396,627
123000061,204,1050,-846
123000063,922,1219,-297
123000064,1377,391,986
123000065,11411,5973,5438
123000066,1536,1487,49
123000067,1061,790,271
123000068,4913,5385,-472
123000069,9046,5791,3255
123000070,333,1278,-945
123000071,1024,1754,-730
123000072,1203,2139,-936
123000073,1533,1241,292
123000074,1357,3052,-1695
123000075,625,1493,-868
123000076,1012,1515,-503
123000077,3247,5329,-2082
123000078,1610,2667,-1057
123000079,1788,3364,-1576
123000080,3160,3540,-380
123000081,177,818,-641
123000082,515,1712,-1197
123000083,1423,271,1152
123000084,755,1351,-596
123000085,237,140,97
123000086,557,477,80
123000087,485,623,-138
123000088,1555,1537,18
123000089,704,2298,-1594
123000090,2010,1913,97
123000091,2336,2473,-137
123000092,1615,2045,-430
123000094,781,419,362
123000095,579,1111,-532
123000096,813,669,144
123000097,632,1661,-1029
123000098,690,961,-271
123000099,723,1307,-584
123000100,632,903,-271
123000101,824,946,-122
123000102,781,874,-93
123000104,481,576,-95
123000105,693,725,-32
123000106,639,637,2
123000107,575,841,-266
123000108,957,2074,-1117
123000111,1045,538,507
123000112,1155,939,216
123000113,951,2557,-1606
123000114,748,877,-129
123000115,417,481,-64
123000116,41,272,-231
123000117,2202,3627,-1425
123000118,713,1375,-662
123000119,321,1544,-1223
123000120,628,1412,-784
123000121,694,861,-167
123000122,776,334,442
123000123,737,853,-116
123000124,983,624,359
123000125,1966,1587,379
123000126,2828,4130,-1302
123000127,1719,1041,678
123000128,478,634,-156
123000129,731,348,383
123000130,731,108,623
123000131,1439,989,450
123000132,658,898,-240
123000133,566,580,-14
123000134,701,329,372
123000135,2494,2167,327
123000136,287,1554,-1267
123000137,130,543,-413
123000138,210,545,-335
123000139,762,243,519
123000140,164,1099,-935
123000141,1164,178,986
123000142,1242,1429,-187
123000143,2744,3692,-948
123000144,54,45,9
123000145,386,274,112
123000146,134,147,-13
123000147,190,168,22
123000149,515,489,26
123000150,508,389,119
123000151,397,634,-237
123000152,160,563,-403
123000153,284,843,-559
123000154,2768,3273,-505
123000155,3513,1161,2352
123000156,87,190,-103
123000157,862,1248,-386
123000158,1022,1191,-169
123000159,6962,3383,3579
123000160,1146,963,183
123000161,1817,1778,39
123000162,907,2380,-1473
123000163,600,105,495
123000164,1582,379,1203
123000165,459,2587,-2128
123000166,38,211,-173
123000167,184,452,-268
123000168,297,346,-49
123000169,916,155,761
123000170,92,497,-405
123000171,626,81,545
123000172,236,854,-618
123000173,794,358,436
123000174,1309,479,830
123000175,1063,1809,-746
123000176,1038,355,683
123000177,391,1323,-932
123000178,1259,184,1075
123000179,44,1009,-965
123000180,1751,425,1326
123000181,507,2315,-1808
123000182,281,673,-392
123000183,192,637,-445
123000184,102,1114,-1012
123000185,484,694,-210
123000186,4,884,-880
123000187,543,8,535
123000188,293,4,289
123000189,231,302,-71
123000190,101,90,11
123000192,19,495,-476
123000193,66,886,-820
123000194,593,417,176
123000195,328,36,292
123000196,301,23,278
123000197,53,180,-127
123000198,54,252,-198
123000199,37,788,-751
123000200,509,27,482
123000201,920,39,881
123000202,42,1741,-1699
123000203,790,84,706
123000204,90,1553,-1463
123000205,554,2769,-2215
123000206,1762,226,1536
123000207,156,1227,-1071
123000208,684,153,531
123000209,2705,514,2191
123000210,571,2210,-1639
123000211,773,3928,-3155
123000212,3514,473,3041
123000213,928,87,841
123000215,295,183,112
123000216,262,1197,-935
123000217,282,44,238
123000218,172,738,-566
123000219,1397,135,1262
123000220,832,130,702
123000221,252,185,67
123000222,745,690,55
123000223,241,750,-509
123000224,496,976,-480
123000225,256,120,136
123000226,71,539,-468
123000227,126,438,-312
123000228,269,93,176
123000229,2130,2637,-507
123000232,129,931,-802
123000233,1004,262,742
123000234,240,1049,-809
123000235,834,435,399
123000236,343,1207,-864
123000237,421,84,337
123000238,132,987,-855
123000239,730,2621,-1891
123000240,81,697,-616
123000241,1761,217,1544
123000242,217,265,-48
123000243,1057,1171,-114
123000244,1261,753,508
123000245,124,205,-81
123000249,656,1498,-842
123000252,1276,291,985
123000253,1191,566,625
123000254,706,1363,-657
123000255,1212,1056,156
123000256,36,373,-337
123000257,5111,3821,1290
123000258,1307,1686,-379
123000259,316,492,-176
123000260,581,806,-225
123000261,189,306,-117
123000262,143,439,-296
123000263,510,125,385
123000264,214,54,160
123000265,75,251,-176
123000266,744,1062,-318
123000267,540,394,146
123000268,56,111,-55
123000269,33,81,-48
123000270,28,50,-22
123000271,220,99,121
123000272,1180,396,784
123000273,499,720,-221
123000274,1603,632,971
123000275,489,1480,-991
123000278,5102,3675,1427
123000279,134,205,-71
123000280,642,507,135
123000281,486,105,381
123000282,254,357,-103
123000283,141,76,65
123000284,77,172,-95
123000286,481,386,95
123000287,859,384,475
123000288,2089,1021,1068
123000289,878,1304,-426
123000291,474,968,-494
123000294,343,397,-54
123000295,1058,1167,-109
123000296,507,362,145
123000297,531,1428,-897
123000298,549,1053,-504
123000299,44,401,-357
123000300,1400,1270,130
123000301,212,303,-91
123000302,87,294,-207
123000303,357,109,248
123000305,1642,1106,536
123000306,122,337,-215
123000309,58,93,-35
123000310,171,54,117
123000311,1,151,-150
123000312,1431,1274,157
123000313,436,649,-213
123000315,84,530,-446
123000316,3590,236,3354
123000317,328,92,236
123000318,78,424,-346
123000329,13,20,-7
123000337,409,311,98
123000338,692,52,640
123000339,254,385,-131
123000340,236,833,-597
123000342,22,181,-159
123000343,248,5,243
123000344,1503,774,729
123000345,374,881,-507
123000346,443,112,331
123000352,3437,1037,2400
123000353,14,271,-257
123000354,468,4,464
123000355,2,958,-956
123000356,316,8,308
123000357,4,441,-437
123000359,2,289,-287
123000360,189,113,76
123000361,1030,423,607
123000362,409,211,198
123000363,135,254,-119
123000364,1057,742,315
123000365,36,501,-465
123000366,409,2557,-2148
123000367,375,1813,-1438
123000370,86,437,-351
123000371,283,30,253
123000372,324,19,305
123000373,23,612,-589
123000374,15,301,-286
123000375,285,52,233
123000376,1196,850,346
123000377,340,15,325
123000378,12,554,-542
123000379,16,358,-342
123000380,89,390,-301
123000381,412,33,379
123000382,1548,108,1440
123000383,368,1284,-916
123000384,1039,124,915
123000385,710,940,-230
123000436,131,1346,-1215
123000507,171,866,-695
123000508,216,733,-517
123000517,458,40,418
123000518,51,383,-332
123000519,153,151,2
123000520,66,335,-269
123000521,450,214,236
123000522,185,699,-514
123000541,2,3,-1
123000542,0,52,-52
123000565,499,29,470
123000566,158,833,-675
123000567,125,304,-179
123000573,49,1206,-1157
123000574,742,83,659
123000575,1524,1596,-72
123000576,933,3389,-2456
123000577,219,1282,-1063
123000578,1438,80,1358
123000579,6508,6332,176
123000580,96,21,75
123000582,591,34,557
123000583,18,689,-671
123000584,261,489,-228
123000585,0,229,-229
123000586,97,1,96
123000596,231,222,9
123000597,96,204,-108
123000602,34,6,28
123000603,418,1201,-783
123000604,569,1543,-974
123000605,1392,192,1200
123000606,1,360,-359
123000609,25,559,-534
123000610,218,164,54
123000613,44,267,-223
123000614,166,52,114
123000615,78,346,-268
123000616,444,75,369
123000617,133,606,-473
123000618,96,985,-889
123000619,909,53,856
123000620,21,870,-849
123000622,345,16,329
123000624,74,133,-59
123000630,927,597,330
123000631,405,3327,-2922
123000632,1665,1674,-9
123000633,0,402,-402
123000634,220,174,46
123000635,443,105,338
123000636,30,1120,-1090
123000637,175,91,84
123000638,791,182,609
123000639,1431,3956,-2525
123000640,35,1544,-1509
123000648,585,124,461
123000649,48,886,-838
123900001,2223,84,2139
123900002,33,1800,-1767
123900003,634,991,-357
123900005,514,156,358
123900006,789,78,711
124000001,2358,158,2200
124000002,139,2801,-2662
124000003,828,210,618
124000004,82,1034,-952
124000005,1032,470,562
124000006,314,1752,-1438
124000007,905,216,689
124000008,32,954,-922
124000009,721,524,197
124000010,213,737,-524
124000011,2546,470,2076
124000012,837,1204,-367
124000017,232,162,70
124000018,167,118,49
124000019,172,138,34
124000020,49,265,-216
124000021,269,103,166
124000022,107,351,-244
124000023,2377,2011,366
124000024,1380,966,414
124000025,1834,2176,-342
124000026,1470,1601,-131
124000027,6764,6497,267
124000028,3633,5843,-2210
124000030,4143,1741,2402
124000031,1233,2760,-1527
124000032,5995,1092,4903
124000033,821,1211,-390
124000034,4729,1127,3602
124000035,291,210,81
124000036,217,779,-562
124000037,649,1013,-364
124000038,45,126,-81
124000039,1263,391,872
124000040,740,909,-169
124000041,303,154,149
124000042,94,531,-437
124000043,134,190,-56
124000044,62,412,-350
124000045,722,863,-141
124000046,338,1182,-844
124000047,1483,1227,256
124000048,948,2786,-1838
124000049,1779,900,879
124000050,813,3301,-2488
124000051,942,730,212
124000052,726,1740,-1014
124000053,596,1536,-940
124000054,972,825,147
124000055,1442,2474,-1032
124000056,5387,1857,3530
124000057,890,594,296
124000058,478,1891,-1413
124000059,718,1102,-384
124000060,1511,1245,266
124000061,2067,5269,-3202
124000062,10514,2905,7609
124000063,1847,2913,-1066
124000064,4261,2570,1691
124000065,409,403,6
124000066,579,99,480
124000067,138,331,-193
124000068,104,153,-49
124000069,658,376,282
124000070,263,689,-426
124000071,110,145,-35
124000072,224,598,-374
124000073,1060,166,894
124000074,291,1086,-795
124000075,252,79,173
124000076,9,320,-311
124000077,2784,987,1797
124000078,3073,1098,1975
124000079,748,1432,-684
124000080,430,156,274
124000081,261,1098,-837
124000082,53,133,-80
124000083,84,271,-187
124000084,75,611,-536
124000085,74,105,-31
124000086,131,180,-49
124000087,174,174,0
124000088,323,570,-247
124000089,1019,536,483
124000090,165,540,-375
124000091,1247,264,983
124000092,360,999,-639
124000093,112,130,-18
124000094,136,758,-622
124000095,72,103,-31
124000096,149,378,-229
124000097,103,193,-90
124000098,70,169,-99
124000099,206,196,10
124000100,75,153,-78
124000101,102,130,-28
124000102,164,151,13
124000103,106,118,-12
124000104,208,120,88
124000105,85,96,-11
124000106,240,151,89
124000107,23,176,-153
124000108,94,77,17
124000109,135,116,19
124000110,289,178,111
124000111,303,191,112
124000112,938,1255,-317
124000113,50,127,-77
124000114,352,765,-413
124000115,643,992,-349
124000116,143,128,15
124000117,134,166,-32
124000118,62,93,-31
124000119,3034,893,2141
124000120,1435,754,681
124000121,2785,893,1892
124000122,782,1552,-770
124000123,895,594,301
124000124,806,1290,-484
124000125,486,497,-11
124000126,393,759,-366
124000127,1013,491,522
124000128,886,1250,-364
124000129,2516,1661,855
124000130,1066,779,287
124000131,1499,676,823
124000132,1126,1030,96
124000133,1010,1093,-83
124000134,916,1098,-182
124000135,1856,2154,-298
124000136,1189,1350,-161
124000137,1980,855,1125
124000138,2592,1605,987
124000139,781,38,743
124000140,41,529,-488
124000141,539,49,490
124000142,61,520,-459
124000143,84,24,60
124000144,7,182,-175
124000145,69,58,11
124000146,21,189,-168
124000148,25,120,-95
124000149,1124,519,605
124000150,399,750,-351
124000151,820,471,349
124000152,1046,1741,-695
124000153,656,827,-171
124000154,517,1071,-554
124000155,1487,1013,474
124000156,2234,1257,977
124000169,436,858,-422
124000170,1259,639,620
124000171,500,462,38
124000172,744,775,-31
124000173,610,504,106
124000174,544,1071,-527
124000175,9,174,-165
124000176,52,19,33
124000177,10,53,-43
124000178,22,39,-17
124000190,274,76,198
124000191,1594,183,1411
124000192,4554,554,4000
124000193,1163,1426,-263
124000194,526,657,-131
124000195,340,731,-391
124000196,1775,1683,92
124000197,55,78,-23
124000198,23,63,-40
124000201,368,1369,-1001
124000202,790,282,508
124000203,261,1340,-1079
124000204,598,793,-195
124000205,71,797,-726
124000206,441,598,-157
124000207,0,44,-44
124000209,421,876,-455
124000210,323,302,21
124000211,481,6,475
124000212,1,670,-669
124000213,260,534,-274
124000214,263,1061,-798
124000215,399,22,377
124000216,6,774,-768
124000329,181,3310,-3129
124000338,102,1714,-1612
124000339,667,151,516
124000341,1069,118,951
124000344,124,72,52
124000357,1383,3678,-2295
124000358,904,2135,-1231
124000359,1300,1018,282
124000360,725,788,-63
124000361,3712,1045,2667
124000362,2337,3403,-1066
124000363,378,547,-169
124000364,803,1130,-327
124000365,1022,1402,-380
124000366,2726,1031,1695
124000367,211,889,-678
124000368,456,384,72
124000369,232,242,-10
124000370,113,1381,-1268
124000402,11,10,1
124000403,77,7,70
124000404,6,168,-162
124000405,1155,946,209
124000406,1149,1041,108
124000407,11,55,-44
124000411,21,507,-486
124000412,562,15,547
124000413,1278,54,1224
124000414,103,195,-92
124000415,38,277,-239
124000416,118,455,-337
124000417,144,149,-5
124000418,102,166,-64
124000419,78,189,-111
124000420,66,116,-50
124000421,50,347,-297
124000422,65,41,24
124000423,173,41,132
124000424,1,280,-279
124000425,114,106,8
124000426,9,369,-360
124000427,65,18,47
124000428,59,39,20
124000429,64,75,-11
124000430,796,955,-159
124000431,458,921,-463
124000432,197,1334,-1137
124000439,18,31,-13
124000443,0,3,-3
124000445,475,1851,-1376
124000446,4124,193,3931
124900001,517,424,93
124900002,266,631,-365
124900003,1053,730,323
124900004,577,442,135
124900005,356,359,-3
124900006,568,515,53
124900008,1511,641,870
124900009,193,278,-85
124900010,155,81,74
124900011,453,320,133
124900012,474,127,347
124900013,522,193,329
124900014,260,99,161
124900015,219,307,-88
124900016,70,129,-59
124900017,776,1073,-297
124900018,40,15,25
124900020,58,87,-29
124900021,183,42,141
124900022,99,25,74
124900024,302,49,253
124900026,167,4,163
124900027,98,341,-243
124900028,931,215,716
124900029,18,520,-502
124900030,2,238,-236
124900031,35,530,-495
124900032,232,257,-25
124900033,133,568,-435
124900034,5,116,-111
124900035,223,641,-418
124900036,2,48,-46
124900037,252,621,-369
124900038,374,591,-217
124900039,0,17,-17
124900040,152,92,60
124900041,329,1686,-1357
124900042,74,0,74
124900043,606,1656,-1050
124900044,172,3,169
124900045,829,1224,-395
124900046,1340,239,1101
124900047,152,327,-175
124900048,173,262,-89
124900050,154,443,-289
124900052,131,428,-297
124900053,97,487,-390
124900054,4488,464,4024
124900055,0,167,-167
124900057,17,92,-75
124900060,124,346,-222
124900061,50,9,41
124900062,88,19,69
124900066,0,19,-19
124900067,6,246,-240
124900068,240,484,-244
124900070,59,30,29
124900072,89,31,58
124900075,260,303,-43
124900076,20,868,-848
124900077,39,123,-84
124900078,122,21,101
124900079,1272,268,1004
124900080,344,1165,-821
124900081,1130,324,806
124900082,475,1421,-946
124900083,242,945,-703
124900085,1396,393,1003
124900086,125,1360,-1235
124900087,726,111,615
124900088,870,137,733
124900089,1956,43,1913
124900090,277,366,-89
124900091,400,788,-388
124900092,407,581,-174
124900093,315,276,39
124900094,389,385,4
124900095,95,513,-418
124900096,884,259,625
124900097,274,110,164
124900098,116,628,-512
124900099,782,616,166
124900100,264,84,180
124900101,42,426,-384
124900102,268,34,234
124900103,201,399,-198
124900104,92,281,-189
124900105,112,177,-65
124900106,431,55,376
124900107,116,24,92
124900108,224,78,146
124900111,1,64,-63
124900112,80,886,-806
124900113,135,356,-221
124900114,331,138,193
124900115,41,55,-14
124900116,229,152,77
124900117,1157,187,970
124900118,257,306,-49
124900119,404,207,197
124900120,53,535,-482
124900121,203,384,-181
124900122,752,343,409
124900123,457,116,341
124900124,168,363,-195
204000001,82,14,68
204000002,26,12,14
204000003,38,4,34
204000004,3,2,1
204000005,719,947,-228
204000006,1526,3263,-1737
204000011,19,71,-52
204000012,52,132,-80
204000019,551,729,-178
204000020,884,1009,-125
204000021,2586,1146,1440
204000022,570,682,-112
204000023,569,1489,-920
204000031,131,24,107
204000032,797,98,699
204000034,51,363,-312
204000035,7,1,6
204000036,31,31,0
204000037,0,15,-15
204000038,3,23,-20
204000039,6,74,-68
204000040,12,33,-21
204000041,25,43,-18
204000042,97,26,71
204000043,31,7,24
204000044,42,3,39
204000045,98,2,96
204000046,22,1,21
204000057,9,33,-24
204000062,23,134,-111
204000068,89,323,-234
204000069,44,420,-376
204000070,66,204,-138
204000080,22,62,-40
204000085,2057,2600,-543
204000086,4706,3225,1481
204000087,42,17,25
204000088,6,103,-97
204000090,25,476,-451
204000093,262,157,105
204000096,1202,1349,-147
204000097,345,56,289
204000099,1079,2239,-1160
204000100,1157,2312,-1155
204000105,2516,2308,208
204000110,940,1726,-786
204000111,740,1091,-351
204000112,1187,1177,10
204000113,777,1297,-520
204000114,985,795,190
204000115,928,496,432
204000116,1084,779,305
204000119,2367,3813,-1446
204000132,699,376,323
204000133,756,378,378
204000134,209,222,-13
204000135,601,213,388
204000136,448,347,101
204000138,446,479,-33
204000140,260,143,117
204000141,216,99,117
204000144,5,34,-29
204000145,598,43,555
204000146,22,503,-481
204000147,94,246,-152
204000148,506,81,425
204000154,8,3,5
204000155,2,6,-4
204000177,119,99,20
204000179,29,35,-6
204000180,0,48,-48
204000222,9,3,6
204000235,16,13,3
204000236,74,456,-382
204000238,32,73,-41
204000240,380,113,267
204000263,885,1850,-965
204000268,1405,1159,246
204000308,328,40,288
204000317,9,112,-103
204000322,8,58,-50
204000323,32,9,23
204000328,228,170,58
204000329,76,207,-131
204000330,327,109,218
204000331,58,169,-111
205000001,1324,2191,-867
205000013,14,91,-77
205000014,21,92,-71
205000015,35,250,-215
205000016,37,229,-192
205000017,37,109,-72
205000022,424,952,-528
205000025,1987,1432,555
205000029,286,6,280
205000045,282,344,-62
205000046,111,839,-728
205000047,70,728,-658
205000048,336,1662,-1326
205000049,265,1196,-931
205000050,1862,423,1439
205000059,2,383,-381
205000060,1,142,-141
205000061,12,61,-49
205000062,15,55,-40
205000063,39,266,-227
205000064,19,266,-247
205000065,84,706,-622
205000066,123,1044,-921
205000067,43,1367,-1324
205000069,143,41,102
205000082,201,685,-484
205000110,97,339,-242
205000111,223,364,-141
205000112,145,273,-128
205000113,223,335,-112
205000121,303,269,34
205000123,72,264,-192
205000126,419,440,-21
205000127,879,744,135
205000128,812,561,251
205000129,964,576,388
205000130,1630,175,1455
205000131,1892,46,1846
205000132,2269,8,2261
205000133,2070,5,2065
205000134,917,0,917
205000137,113,161,-48
205000138,185,395,-210
205000139,43,187,-144
205000144,49,169,-120
205000145,350,535,-185
205000151,210,220,-10
205000152,164,150,14
205000153,248,201,47
205000154,103,233,-130
205000155,253,78,175
205000207,10,196,-186
205000233,139,0,139
205000234,0,0,0
205000243,0,1,-1
205000244,1,4,-3
205000245,29,379,-350
205000249,1,50,-49
205000250,7,0,7
205000264,8,118,-110
206000027,11,5,6
206000028,5,5,0
206000043,9,142,-133
206000053,2,7,-5
206000054,11,24,-13
206000055,1,33,-32
206000075,7,10,-3
206000076,32,25,7
206000077,15,12,3
206000078,19,11,8
206000079,16,6,10
206000082,863,36,827
206000100,101,1126,-1025
206000103,7,14,-7
206000104,26,21,5
206000105,14,13,1
206000106,35,26,9
206000108,703,34,669
206000125,75,0,75
206000157,84,843,-759
206000170,2,210,-208
206000171,6,191,-185
206000172,3,1015,-1012
206000173,2,408,-406
206000174,12,133,-121
206000175,2,190,-188
206000176,17,274,-257
206000177,4,189,-185
206000178,2,189,-187
206000179,26,131,-105
206000180,41,252,-211
206000181,4,457,-453
206000182,26,370,-344
206000183,31,1323,-1292
206000184,4,426,-422
206000185,2,363,-361
206000186,165,1827,-1662
206000223,17,241,-224
206000226,20,5,15
206000227,34,1,33
206000237,56,476,-420
206000238,58,721,-663
206000239,706,2578,-1872
206000240,4,56,-52
206000241,0,218,-218
206000242,12,422,-410
206000243,6,352,-346
206000244,86,894,-808
206000245,501,87,414
206000246,99,7,92
206000247,104,11,93
206000248,580,11,569
206000252,158,44,114
206000258,24,34,-10
206000315,48,7,41
206000317,492,131,361
206000318,300,55,245
206000319,684,162,522
206000320,90,60,30
206000321,76,14,62
206000322,329,13,316
206000323,133,18,115
206000324,98,12,86
206000325,261,24,237
206000326,294,12,282
206000327,713,4,709
206000328,62,7,55
206000329,129,13,116
206000330,35,10,25
206000331,107,4,103
206000332,27,13,14
206000333,417,4,413
206000334,227,1,226
206000335,0,18,-18
206000361,3,255,-252
206000392,3,37,-34
206000405,153,2,151
206000441,21,24,-3
206000498,71,2,69
206000515,213,32,181
206000530,114,82,32
206000531,185,161,24
206000532,3407,221,3186
206000535,377,3137,-2760
206000536,21,303,-282
206000537,10,201,-191
206000613,1793,303,1490
207000001,205,657,-452
207000002,122,410,-288
207000003,228,222,6
207000007,704,318,386
207000008,64,10,54
207000009,100,27,73
207000010,573,645,-72
207000012,367,348,19
207000015,401,1940,-1539
207000019,290,105,185
207000021,839,189,650
207000022,185,164,21
207000023,223,64,159
207000024,5,25,-20
207000025,29,101,-72
207000026,166,40,126
207000027,36,117,-81
207000028,68,318,-250
207000029,299,572,-273
207000033,420,437,-17
207000034,387,130,257
207000039,322,159,163
207000040,221,149,72
207000041,87,44,43
207000042,363,104,259
207000043,346,223,123
207000051,193,376,-183
207000052,19,239,-220
207000053,556,898,-342
207000054,80,156,-76
207000055,181,241,-60
207000056,464,579,-115
207000057,175,415,-240
207000058,171,510,-339
207000059,95,916,-821
207000060,124,350,-226
207000061,296,344,-48
207000062,327,42,285
207000063,356,155,201
207000064,522,205,317
207000065,327,295,32
207000066,213,277,-64
207000067,65,200,-135
207000068,146,101,45
207000069,803,523,280
207000082,19,352,-333
207000083,120,455,-335
207000084,240,393,-153
207000085,167,8,159
207000086,120,8,112
207000106,33,46,-13
207000107,46,39,7
207000108,65,16,49
207000109,109,13,96
207000110,45,78,-33
207000111,71,80,-9
207000112,434,638,-204
207000114,39,62,-23
207000115,20,107,-87
207000116,16,371,-355
207000117,12,129,-117
207000118,3,125,-122
207000119,48,144,-96
207000123,210,34,176
207000124,96,28,68
207000125,81,61,20
207000126,76,60,16
207000134,57,181,-124
207000135,18,371,-353
207000148,31,302,-271
207000149,144,73,71
207000152,210,409,-199
207000153,1142,1494,-352
207000154,536,167,369
207000159,142,334,-192
207000160,165,676,-511
207000238,2,205,-203
207000242,7,385,-378
207000248,56,70,-14
207000249,265,47,218
207000250,1780,98,1682
207000251,184,110,74
207000252,90,118,-28
207000278,119,150,-31
207000279,37,308,-271
207000280,347,76,271
207000281,87,1472,-1385
207000282,186,44,142
207000283,111,291,-180
207000284,72,145,-73
207000285,173,40,133
207000291,10,127,-117
207000304,179,101,78
207000306,85,523,-438
207000310,97,107,-10
207000353,387,6,381
207000356,23,57,-34
207000357,94,5,89
207000358,31,21,10
207000415,4,358,-354
207000417,42,4,38
207000418,103,217,-114
207000438,0,5,-5
207000439,1360,799,561
207000446,237,11,226
207000460,10,11,-1
207000466,248,195,53
207000467,185,198,-13
207000468,57,524,-467
207000476,6,102,-96
207000477,601,170,431
207000478,9,26,-17
207000523,0,15,-15
207000524,48,0,48
207000527,101,257,-156
207000530,371,15,356
207000531,354,14,340
207000532,73,26,47
207000534,924,56,868
207000535,73,359,-286
207000537,24,220,-196
207000540,10,375,-365
207000541,6,484,-478
207000548,11,514,-503
207000549,321,23,298
207000561,131,175,-44
207000562,53,400,-347
207000567,208,379,-171
207000568,157,151,6
207000569,411,1455,-1044
207000584,574,354,220
207000585,143,415,-272
207000587,40,20,20
207000616,1,266,-265
207000617,143,0,143
207000624,64,49,15
207000631,2,53,-51
207900008,137,152,-15
208000001,634,1449,-815
208000002,786,856,-70
208000003,1642,918,724
208000004,2340,1340,1000
208000005,32,18,14
208000019,557,1265,-708
208000020,256,682,-426
208000021,233,829,-596
208000022,974,1011,-37
208000028,1759,1323,436
208000033,535,1030,-495
208000034,1596,2947,-1351
208000037,774,87,687
208000040,78,216,-138
208000041,966,686,280
208000042,1260,752,508
208000047,176,764,-588
208000064,3315,2785,530
208000066,2332,2777,-445
208000070,432,608,-176
208000071,562,1245,-683
208000072,484,1808,-1324
208000080,348,690,-342
208000081,323,335,-12
208000082,387,405,-18
208000083,222,535,-313
208000084,118,22,96
208000085,1958,761,1197
208000086,961,1111,-150
208000087,490,968,-478
208000089,1174,1216,-42
208000090,1050,1595,-545
208000093,175,274,-99
208000094,655,946,-291
208000095,1022,540,482
208000104,1030,1687,-657
208000105,732,1831,-1099
208000114,169,413,-244
208000115,724,533,191
208000116,608,1249,-641
208000117,123,194,-71
208000118,154,176,-22
208000155,1059,1280,-221
208000158,2193,4613,-2420
208000186,3965,5200,-1235
208000204,681,1813,-1132
208000205,1412,2103,-691
208000282,5478,3081,2397
209000004,320,406,-86
209000005,29,51,-22
209000006,826,170,656
209000007,858,387,471
209000010,1061,197,864
209000011,260,381,-121
209000012,126,324,-198
209000013,298,852,-554
209000014,856,1934,-1078
209000025,473,79,394
209000026,1023,190,833
209000027,499,1468,-969
209000028,620,1354,-734
209000029,2164,1292,872
209000030,1249,2747,-1498
209000031,6150,3896,2254
209000034,346,404,-58
209000035,168,260,-92
209000036,345,208,137
209000037,289,387,-98
209000038,129,297,-168
209000039,95,288,-193
209000040,399,788,-389
209000041,203,639,-436
209000042,330,603,-273
209000043,1087,995,92
209000044,269,934,-665
209000045,1748,625,1123
209000046,671,616,55
209000047,676,323,353
209000048,1021,343,678
209000049,109,206,-97
209000050,234,297,-63
209000051,379,643,-264
209000052,313,555,-242
209000062,31,229,-198
209000063,41,229,-188
209000064,33,258,-225
209000065,78,79,-1
209000066,47,66,-19
209000067,69,98,-29
209000080,24,356,-332
209000082,89,74,15
209000091,48,171,-123
209000093,146,45,101
209000094,303,218,85
209000110,53,131,-78
209000111,559,2443,-1884
209000112,1090,1024,66
209000113,4906,1028,3878
209000114,531,697,-166
209000115,205,289,-84
209000116,1341,1024,317
209000118,195,61,134
209000119,175,16,159
209000121,227,968,-741
209000135,68,224,-156
209000142,947,3542,-2595
209000143,405,217,188
209000144,285,160,125
209000229,282,265,17
209000240,87,673,-586
209000259,164,228,-64
209000260,65,1452,-1387
209000261,6,787,-781
209000262,5,679,-674
209000263,0,140,-140
209000264,0,77,-77
209000265,316,0,316
209000266,99,1,98
209000267,679,14,665
209000268,894,40,854
210000037,107,38,69
210000047,70,56,14
210000048,97,62,35
210000049,77,56,21
210000052,36,201,-165
210000053,33,124,-91
210000054,90,110,-20
210000070,126,2,124
210000071,83,1,82
210000072,20,0,20
210000073,0,69,-69
210000074,0,171,-171
210000075,3,83,-80
210000076,11,205,-194
210000077,161,54,107
210000078,104,50,54
210000079,153,24,129
210000080,586,59,527
210000081,342,14,328
210000082,318,8,310
210000083,109,5,104
210000084,63,0,63
210000085,0,98,-98
210000086,4,181,-177
210000099,59,438,-379
210000100,72,462,-390
210000101,106,472,-366
210000105,72,486,-414
210000159,1,281,-280
210000163,283,373,-90
210000164,435,252,183
210000168,328,48,280
210000187,0,34,-34
210000188,0,32,-32
210000214,47,0,47
210000219,52,85,-33
210000220,102,94,8
210000232,1,28,-27
210000233,31,137,-106
210000234,32,306,-274
210000235,56,229,-173
210000245,1,121,-120
210000246,23,2,21
210000258,15,135,-120
210000259,353,61,292
210000282,80,338,-258
210000285,2,132,-130
210000286,26,204,-178
210000290,4,10,-6
210000295,78,318,-240
210000296,149,101,48
210000320,206,124,82
210000321,93,127,-34
210000338,337,150,187
210000339,621,1865,-1244
210000340,185,769,-584
210000341,310,549,-239
210000342,285,394,-109
210000343,345,330,15
210000344,838,223,615
210000345,381,538,-157
210000346,164,191,-27
210000347,542,55,487
210000348,308,13,295
210000349,433,23,410
210000350,147,87,60
210000351,171,164,7
210000352,68,185,-117
210000353,39,198,-159
210000354,72,216,-144
210000355,151,226,-75
210000356,336,101,235
210000357,131,101,30
210000358,772,199,573
210000359,443,121,322
210000360,364,201,163
210000361,306,221,85
210000362,312,270,42
210000363,1057,284,773
210000364,249,205,44
210000365,182,113,69
210000366,145,111,34
210000367,105,44,61
210000368,184,50,134
210000369,76,19,57
210000370,200,79,121
210000372,145,80,65
210000373,310,34,276
210000374,134,23,111
210000375,25,171,-146
210000376,199,295,-96
210000404,97,266,-169
210000439,25,114,-89
210000472,309,9,300
210000482,170,95,75
210000564,536,337,199
210000567,1,40,-39
210000568,818,3,815
211000092,37,76,-39
211000094,36,15,21
211000169,292,14,278
211000172,20,402,-382
211000209,2,22,-20
211000226,23,69,-46
211000270,32,18,14
211000275,24,31,-7
211000276,104,28,76
211000279,18,59,-41
211000281,29,73,-44
211507980,0,45,-45
211977296,84,5,79
212000003,356,143,213
212000004,325,41,284
212000005,83,39,44
212000006,105,170,-65
212000008,174,232,-58
212000009,28,187,-159
212000012,69,124,-55
212000013,23,80,-57
212000014,293,171,122
212000015,310,300,10
212000016,760,668,92
212000027,544,787,-243
212000028,322,760,-438
212000029,241,563,-322
212000030,25,55,-30
212000031,58,93,-35
212000048,60,222,-162
212000049,29,161,-132
212000050,28,6,22
212000051,205,306,-101
212000052,154,525,-371
212000053,342,758,-416
212000054,179,206,-27
212000055,170,400,-230
212000056,9,65,-56
212000057,23,52,-29
212000058,558,52,506
212000070,132,435,-303
212000077,123,1116,-993
212000099,291,475,-184
212000108,398,431,-33
212000111,275,194,81
212000120,299,179,120
212000138,318,41,277
212000156,7,210,-203
212000158,11,20,-9
212000159,285,73,212
212000160,528,340,188
212000161,92,23,69
212000310,54,11,43
212000311,20,162,-142
212000374,45,13,32
213000001,58,752,-694
213000005,425,203,222
213000006,1348,269,1079
213000007,289,20,269
213000009,768,530,238
213000010,269,359,-90
213000011,407,234,173
213000012,268,541,-273
213000014,39,10,29
213000015,228,7,221
213000016,287,4,283
213000017,92,0,92
213000018,2,252,-250
213000019,0,240,-240
213000020,113,481,-368
213000021,6,152,-146
213000023,361,299,62
213000033,313,1740,-1427
213000034,743,480,263
213000035,85,529,-444
213000045,159,372,-213
213000046,183,267,-84
213000047,712,1162,-450
213000056,132,107,25
213000069,232,1,231
213000073,0,31,-31
213000074,121,761,-640
213000075,876,9,867
213000076,46,0,46
213000085,3,42,-39
213000086,20,259,-239
213000091,111,15,96
213000092,55,10,45
213000099,284,1329,-1045
213000100,1772,408,1364
213000101,286,197,89
213000102,367,392,-25
213000103,1135,1163,-28
213000104,53,619,-566
213000105,7,122,-115
213000106,14,266,-252
213000107,183,1016,-833
213000108,26,762,-736
213000109,10,322,-312
213000110,18,115,-97
213000111,14,92,-78
213000112,241,153,88
213000115,58,5,53
213000116,61,1113,-1052
213000117,12,1662,-1650
213000118,521,519,2
213000119,96,1354,-1258
213000120,140,1184,-1044
213000122,486,1178,-692
213000123,981,2318,-1337
213000124,179,1628,-1449
213000125,189,24,165
213000126,113,109,4
213000127,254,165,89
213000128,956,1100,-144
213000129,568,957,-389
213000130,341,511,-170
213000132,303,199,104
213000133,420,165,255
213000134,1301,28,1273
213000136,390,20,370
213000137,686,165,521
213000139,640,55,585
213000147,173,1,172
213000148,77,8,69
213000149,234,19,215
213000150,0,73,-73
213000151,20,110,-90
213000152,5,81,-76
213000153,0,39,-39
213000154,21,341,-320
213000155,28,584,-556
213000156,103,1188,-1085
213000157,1342,703,639
213000158,341,1189,-848
213000159,468,1092,-624
213000163,445,154,291
213000165,925,445,480
213000171,2,128,-126
213000172,3,414,-411
213000173,0,341,-341
213000174,0,189,-189
213000175,19,140,-121
213000176,15,58,-43
213000177,56,9,47
213000178,113,5,108
213000179,243,1,242
213000180,117,1,116
213000184,114,696,-582
213000188,515,127,388
213000189,283,46,237
213000190,1067,1307,-240
213000191,269,807,-538
213000192,211,879,-668
213000193,2786,287,2499
213000194,1,39,-38
213000195,20,656,-636
213000196,265,1489,-1224
213000197,341,1465,-1124
213000198,178,1,177
213000200,152,1405,-1253
213000201,113,64,49
213000202,37,1356,-1319
213000203,5057,1028,4029
213000204,676,174,502
213000205,296,300,-4
213000206,1123,227,896
213000207,247,28,219
213000208,270,4,266
213000209,254,8,246
213000210,1222,15,1207
213000211,84,17,67
213000212,33,12,21
213000213,51,27,24
213000218,362,1277,-915
213000219,575,40,535
213000220,628,12,616
213000223,515,266,249
213000224,95,37,58
213000225,90,15,75
213000226,102,27,75
213000227,902,448,454
213000228,276,151,125
213000229,454,53,401
213000230,380,51,329
213000232,165,847,-682
213000233,24,51,-27
213000234,2,64,-62
213000293,25,59,-34
213000294,258,16,242
213000295,60,89,-29
213000296,62,32,30
213000297,7,204,-197
213000298,11,148,-137
213000299,107,89,18
213000300,2,4,-2
213000303,14,41,-27
213000304,1,19,-18
213000305,2,12,-10
213000306,390,40,350
213000307,1418,119,1299
213000308,154,354,-200
213000309,240,77,163
213000310,902,138,764
213000311,296,872,-576
213000315,180,234,-54
213000316,102,66,36
213000322,115,225,-110
213000323,66,123,-57
213000324,45,87,-42
213000325,28,150,-122
213000326,45,40,5
213000327,29,96,-67
213000328,13,193,-180
213000329,50,68,-18
213000340,172,1236,-1064
213000341,395,189,206
213000346,286,190,96
213000347,1293,368,925
213000348,15,138,-123
213000349,7,10,-3
213000350,345,1905,-1560
213000366,54,547,-493
213000367,224,44,180
213000379,114,104,10
213000386,16,329,-313
213000406,89,628,-539
213000417,1694,621,1073
213000425,106,67,39
213000426,78,132,-54
213000427,40,507,-467
213000428,51,219,-168
213000429,31,6,25
213000430,148,1040,-892
213000431,27,5,22
213000432,0,20,-20
213000433,16,231,-215
213000434,66,161,-95
213000435,75,141,-66
213000436,20,129,-109
213000437,1,46,-45
213000438,144,138,6
213000439,70,26,44
213000440,13,409,-396
213000441,5,0,5
213000442,0,46,-46
213000443,590,786,-196
213000444,29,87,-58
213000445,0,157,-157
213000446,0,20,-20
213000447,15,113,-98
213000448,2,130,-128
213000449,227,5,222
213000450,45,59,-14
213000451,250,130,120
213000452,15,34,-19
213000453,62,377,-315
213000455,416,3,413
213000456,0,195,-195
213000481,18,14,4
213000482,54,6,48
213000489,533,182,351
213000491,5,210,-205
213000492,1175,2,1173
213000493,0,214,-214
213000494,187,222,-35
213000495,0,173,-173
213000496,293,367,-74
213000497,62,431,-369
213000498,99,371,-272
213000499,181,811,-630
213000500,351,107,244
213000501,102,28,74
213000502,529,114,415
213000503,2,93,-91
213000504,7,248,-241
213000505,18,16,2
213000506,0,16,-16
213000507,5,137,-132
213900244,25,0,25
213900245,0,36,-36
218000003,55,29,26
218000004,50,27,23
218000005,70,49,21
218000006,134,28,106
218000007,6,20,-14
218000012,538,315,223
218000013,89,185,-96
218000014,467,474,-7
218000019,755,844,-89
218000020,321,817,-496
218000021,42,89,-47
218000022,17,40,-23
218000023,2,54,-52
218000024,9,25,-16
218000025,15,27,-12
218000026,15,84,-69
218000027,0,13,-13
218000028,2,4,-2
218000029,2,3,-1
218000030,23,24,-1
218000031,2,55,-53
218000032,1,38,-37
218000040,2,7,-5
218000046,66,132,-66
218000047,26,201,-175
218000048,67,232,-165
218000049,136,177,-41
218000050,329,378,-49
218000051,98,398,-300
218000052,0,161,-161
218000053,5,18,-13
218000054,8,32,-24
218000055,9,7,2
218000056,42,22,20
218000057,3,35,-32
218000064,2,10,-8
218000065,70,85,-15
218000066,10,112,-102
218000067,49,170,-121
218000068,101,103,-2
218000069,133,242,-109
218000070,145,285,-140
218000071,217,296,-79
218000072,345,293,52
218000078,947,1622,-675
218000079,69,109,-40
218000080,87,139,-52
218000081,312,400,-88
218000082,56,230,-174
218000083,63,99,-36
218000084,153,251,-98
218000085,113,616,-503
218000086,34,209,-175
218000087,167,286,-119
218000090,4,131,-127
218000091,1133,675,458
218000092,105,242,-137
218000093,94,100,-6
218000094,682,917,-235
218000099,368,616,-248
218000100,244,368,-124
218000101,252,145,107
218000102,272,365,-93
218000103,96,208,-112
218000104,114,64,50
218000105,47,18,29
218000106,14,18,-4
218000107,59,83,-24
218000108,6,68,-62
218000112,136,15,121
218000117,60,109,-49
218000134,812,1193,-381
218000135,134,174,-40
218000136,285,96,189
218000137,276,144,132
218000138,38,108,-70
218000139,252,431,-179
218000140,398,322,76
218000141,145,65,80
218000142,161,237,-76
218000143,153,250,-97
218000144,82,117,-35
218000145,337,562,-225
218000146,58,218,-160
218000151,77,46,31
218000152,154,70,84
218000153,1,2,-1
218000154,7,1,6
218000155,14,8,6
218000156,29,22,7
218000157,18,17,1
218000158,4,10,-6
218000159,2,3,-1
218000160,5,1,4
218000161,11,8,3
218000162,34,14,20
218000163,11,4,7
218000164,39,11,28
218000165,58,35,23
218000170,2,57,-55
218000171,69,6,63
218000172,30,11,19
218000173,49,13,36
218000174,62,8,54
218000176,106,48,58
218000177,241,256,-15
218000178,72,278,-206
218000179,69,96,-27
218000180,48,47,1
218000181,186,76,110
218000187,6,10,-4
218000188,55,52,3
218000189,27,69,-42
218000190,11,21,-10
218000191,103,86,17
218000192,191,469,-278
218000193,466,578,-112
218000194,97,531,-434
218000195,178,116,62
218000196,317,381,-64
218000197,286,456,-170
218000198,21,207,-186
218000199,75,37,38
218000200,110,49,61
218000201,19,6,13
218000202,275,362,-87
218000207,3,79,-76
218000208,85,54,31
218000211,68,13,55
218000212,0,3,-3
218000213,167,58,109
218000214,15,21,-6
218000215,58,84,-26
218000217,6,175,-169
218000218,203,155,48
218000219,222,23,199
218000220,531,444,87
218000221,4731,247,4484
218000222,93,18,75
218000223,37,184,-147
218000224,19,165,-146
218000225,172,41,131
218000226,120,76,44
218000230,0,6,-6
218000232,53,142,-89
218000239,164,6,158
218000240,27,3,24
218000241,38,0,38
218000242,92,3,89
218000243,20,2,18
218000244,25,0,25
218000245,34,3,31
218000246,0,2,-2
218000247,0,0,0
218000248,0,24,-24
218000249,0,4,-4
218000250,5,7,-2
218000251,1,8,-7
218000252,15,8,7
218000253,3,19,-16
218000254,2,11,-9
218000255,1,10,-9
218000256,9,52,-43
218000267,1122,1408,-286
218000268,22,73,-51
218000269,4,9,-5
218000270,69,58,11
218000271,25,86,-61
218000273,9,15,-6
218000274,13,23,-10
218000275,17,54,-37
218000276,11,76,-65
218000278,29,40,-11
218000279,61,119,-58
218000280,4,46,-42
218000281,33,19,14
218000282,808,483,325
218000284,177,49,128
218000301,106,131,-25
218000302,99,58,41
218000303,47,47,0
218000316,822,2006,-1184
218000317,1042,1885,-843
218000318,459,1434,-975
218000319,1340,2282,-942
218000320,926,1137,-211
218000338,187,35,152
218000345,249,54,195
218000346,184,260,-76
218000459,61,424,-363
218000490,192,70,122
218000501,56,64,-8
218000502,54,108,-54
218000503,104,35,69
218000504,242,15,227
218000505,70,246,-176
218000506,36,328,-292
218000508,1,4,-3
218000510,298,14,284
218000520,185,139,46
218000521,6,89,-83
218000522,0,184,-184
218000523,361,2,359
218000524,45,180,-135
218000525,167,14,153
218000526,30,161,-131
218000529,59,356,-297
218000530,11,7,4
218000531,16,50,-34
218000532,31,28,3
218000534,182,13,169
218000537,47,69,-22
218000538,163,171,-8
218000540,379,69,310
218000543,171,70,101
218000544,100,149,-49
218000545,76,85,-9
218000546,80,152,-72
218000547,69,148,-79
218000548,127,248,-121
218000549,430,260,170
218000550,315,492,-177
218000551,201,583,-382
218000552,575,56,519
218000553,78,82,-4
218000554,79,23,56
218000555,52,68,-16
218000556,113,602,-489
218000557,197,286,-89
218000558,130,4,126
218000559,0,32,-32
218000560,0,34,-34
218000561,27,0,27
218000562,51,227,-176
218000563,304,25,279
218000564,24,145,-121
218000565,163,22,141
218000566,339,19,320
218000567,3,55,-52
218000568,8,3,5
218000569,8,110,-102
218000570,82,5,77
218000571,0,135,-135
218000572,178,14,164
218000573,23,57,-34
218000574,82,62,20
218000575,126,0,126
218000576,1,63,-62
218000577,464,0,464
218000578,2,65,-63
218000579,47,42,5
218000581,5,78,-73
218000582,77,2,75
218000583,10,1,9
218000584,0,24,-24
218000585,41,3,38
218000586,2,45,-43
218000587,26,5,21
218000588,0,4,-4
218000589,6,3,3
218000590,7,0,7
218000591,3,1,2
218000592,1,2,-1
218000593,1,0,1
218000594,0,0,0
218000597,0,0,0
218000598,1,0,1
218000599,0,0,0
218000600,2,0,2
218000601,0,0,0
218000602,0,5,-5
218000603,0,6,-6
218000604,20,1,19
218000605,0,27,-27
218000606,120,0,120
218000607,16,41,-25
218000608,101,21,80
218000609,2,47,-45
218000610,222,11,211
218000611,68,2,66
218000612,2,33,-31
218000613,67,3,64
218000614,9,38,-29
218000615,352,2,350
218000616,17,150,-133
218000617,55,2,53
218000618,0,26,-26
218000619,40,41,-1
218000620,13,18,-5
218000621,0,5,-5
218000622,0,10,-10
218000623,31,4,27
218000624,5,34,-29
218000625,18,1,17
218000626,1,5,-4
218000628,95,37,58
218000631,34,22,12
218000632,1,167,-166
218000633,96,0,96
218000634,6,15,-9
218000635,16,7,9
218000636,1018,2075,-1057
218000637,774,951,-177
218000638,109,77,32
218000639,22,230,-208
218000640,209,33,176
218000641,82,430,-348
218000652,100,137,-37
218000653,137,67,70
218000663,20,219,-199
218000675,107,57,50
218000676,1,33,-32
218000677,8,11,-3
218000680,286,713,-427
218000681,396,308,88
218000691,154,572,-418
218000693,171,267,-96
218000703,13,89,-76
218000718,812,665,147
218000719,1154,273,881
218000720,10,66,-56
218000721,109,11,98
218000725,13,5,8
218001147,2,237,-235
218001214,30,28,2
218001258,83,11,72
218001329,175,195,-20
218001330,217,149,68
218001351,64,19,45
218001352,44,23,21
218001353,16,18,-2
218001354,11,19,-8
218001355,45,618,-573
218001356,307,12,295
218001357,54,445,-391
218001358,186,10,176
218001361,197,50,147
218001362,1,499,-498
219000001,21,52,-31
219000002,73,80,-7
219000003,48,40,8
219000004,68,46,22
219000017,567,20,547
219000020,127,43,84
219000022,144,5,139
219000023,89,9,80
219000029,0,129,-129
219000034,116,20,96
219000039,51,68,-17
219000040,104,40,64
219000041,187,50,137
219000051,0,37,-37
219000052,0,11,-11
219000053,3,222,-219
219000054,43,101,-58
219000055,158,6,152
219000056,62,5,57
219000057,298,4,294
219000062,22,254,-232
219000063,122,13,109
219000064,1,88,-87
219000110,414,76,338
219000111,148,43,105
219000112,223,78,145
219000113,157,64,93
219000114,385,94,291
219000116,81,43,38
219000117,114,71,43
219000118,140,76,64
219000123,385,101,284
219000124,96,85,11
219000125,8,31,-23
219000126,104,154,-50
219000127,0,8,-8
219000128,12,147,-135
219000129,24,194,-170
219000130,1116,1044,72
219000131,1124,1175,-51
219000133,59,54,5
219000134,12,22,-10
219000135,34,52,-18
219000136,166,182,-16
219000138,66,21,45
219000139,46,52,-6
219000140,47,2,45
219000141,14,155,-141
219000142,10,168,-158
219000143,16,165,-149
219000145,26,115,-89
219000146,4,71,-67
219000147,4,65,-61
219000148,3,50,-47
219000149,23,179,-156
219000150,4,128,-124
219000151,1,121,-120
219000157,211,188,23
219000158,221,378,-157
219000161,251,10,241
219000163,2066,599,1467
219000166,159,223,-64
219000167,89,313,-224
219000168,427,150,277
219000174,478,134,344
219000175,81,3,78
219000176,49,5,44
219000177,43,5,38
219000178,25,1,24
219000179,4,12,-8
219000180,58,27,31
219000182,102,31,71
219000183,54,26,28
219000184,79,17,62
219000185,0,85,-85
219000186,53,65,-12
219000187,15,149,-134
219000189,144,192,-48
219000190,135,282,-147
219000191,2029,1536,493
219000192,139,159,-20
219000193,523,204,319
219000195,2,90,-88
219000196,7,166,-159
219000198,32,216,-184
219000199,134,321,-187
219000200,61,295,-234
219000201,113,330,-217
219000203,67,179,-112
219000204,193,310,-117
219000205,110,228,-118
219000207,285,328,-43
219000209,23,115,-92
219000210,350,155,195
219000213,11,285,-274
219000239,273,396,-123
219000240,331,433,-102
219000241,106,332,-226
219000242,106,270,-164
219000243,159,375,-216
219000244,47,140,-93
219000245,33,56,-23
219000246,57,18,39
219000247,120,49,71
219000248,618,376,242
219000249,162,76,86
219000250,218,111,107
219000251,699,222,477
219000252,308,167,141
219000253,281,102,179
219000255,138,150,-12
219000256,140,117,23
219000257,256,8,248
219000262,63,284,-221
219000263,60,318,-258
219000267,1,198,-197
219000268,5,5,0
219000269,35,11,24
219000270,24,2,22
219000271,162,29,133
219000278,1,10,-9
219000279,0,9,-9
219000283,1,16,-15
219000295,13,145,-132
219000296,113,728,-615
219000297,18,255,-237
219000298,20,259,-239
219000299,464,138,326
219000300,36,386,-350
219000301,307,507,-200
219000302,50,299,-249
219000307,45,77,-32
219000308,51,32,19
219000311,217,56,161
219000312,574,60,514
219000313,339,53,286
219000314,93,880,-787
219000315,205,93,112
219000316,490,111,379
219000317,102,27,75
219000320,1,63,-62
219000321,0,18,-18
219000323,3,100,-97
219000325,0,41,-41
219000326,79,168,-89
219000327,110,35,75
219000328,67,53,14
219000329,303,151,152
219000330,34,42,-8
219000331,112,46,66
219000332,66,120,-54
219000333,10,11,-1
219000335,84,6,78
219000337,18,0,18
219000338,174,1,173
219000344,37,99,-62
219000345,62,144,-82
219000346,56,197,-141
219000348,173,192,-19
219000349,59,282,-223
219000350,98,191,-93
219000351,9,10,-1
219000352,318,70,248
219000353,162,80,82
219000354,109,191,-82
219000355,193,72,121
219000356,2499,1099,1400
219000363,297,63,234
219000364,73,48,25
219000365,158,17,141
219000366,236,582,-346
219000368,744,526,218
219000370,1544,399,1145
219000371,25,16,9
219000382,8,29,-21
219000383,1104,990,114
219000385,672,746,-74
219000386,1105,1982,-877
219000387,12,5,7
219000390,21,29,-8
219000391,12,2,10
219000397,125,80,45
219000398,82,50,32
219000401,14,153,-139
219000402,25,174,-149
219000403,151,341,-190
219000404,20,128,-108
219000407,1,55,-54
219000409,67,77,-10
219000410,113,53,60
219000411,77,14,63
219000446,222,538,-316
219000447,1,52,-51
219000448,6,27,-21
219000452,195,96,99
219000453,139,174,-35
219000454,458,234,224
219000556,333,104,229
219000558,183,302,-119
219000590,42,282,-240
219000591,68,97,-29
219000592,231,557,-326
219000595,4,21,-17
219000635,132,121,11
219000636,19,142,-123
219000657,17,15,2
219000658,34,93,-59
219000673,0,8,-8
219000676,66,7,59
219000679,135,7,128
219000684,197,9,188
219000685,0,105,-105
219000686,0,2,-2
219000688,1,142,-141
219000689,31,315,-284
219000690,273,45,228
219000691,61,247,-186
219000692,183,30,153
219000693,0,16,-16
219000694,5,0,5
219000695,10,1,9
219000698,116,0,116
219000699,0,8,-8
219000727,0,188,-188
219000728,86,11,75
219000770,106,4,102
219000771,1,40,-39
219000788,495,242,253
219001150,0,39,-39
219001151,1,5,-4
219001166,51,15,36
219001167,3,133,-130
219001178,80,1,79
220000001,214,63,151
220000002,25,262,-237
220000003,970,358,612
220000004,1654,732,922
220000005,2216,2101,115
220000006,275,1095,-820
220000007,409,730,-321
220000008,520,1470,-950
220000009,345,710,-365
220000010,391,329,62
220000011,1331,4944,-3613
220000012,114,852,-738
220000014,241,63,178
220000015,191,244,-53
220000017,52,504,-452
220000018,8767,3860,4907
220000019,168,425,-257
220000020,595,332,263
220000021,522,228,294
220000022,547,663,-116
220000023,230,224,6
220000024,2514,365,2149
220000025,1873,1091,782
220000026,311,257,54
220000027,20,144,-124
220000028,35,49,-14
220000029,100,342,-242
220000030,163,136,27
220000031,496,504,-8
220000064,41,1023,-982
221000046,13,0,13
221000047,0,0,0
221000048,0,6,-6
221000049,0,15,-15
221000050,25,1,24
221000055,68,53,15
221000057,41,12,29
221000068,377,128,249
221000069,340,56,284
221000070,187,23,164
221000071,109,7,102
221000072,362,10,352
221000073,194,73,121
221000074,0,24,-24
221000075,40,23,17
221000076,8,39,-31
221000077,49,105,-56
221000081,39,11,28
221000082,49,11,38
221000083,127,4,123
221000084,8,5,3
221000085,6,71,-65
221000086,19,140,-121
221000087,2,239,-237
221000088,9,222,-213
221000089,49,401,-352
221000090,192,619,-427
221000098,143,17,126
221000099,163,9,154
221000100,84,3,81
221000101,221,18,203
221000102,107,12,95
221000109,8,85,-77
221000110,12,135,-123
221000111,29,286,-257
221000112,5,221,-216
221000113,26,248,-222
221000114,10,242,-232
221000120,29,44,-15
221000121,4,33,-29
221000122,73,52,21
221000123,23,22,1
221000124,65,312,-247
221000155,122,18,104
221000156,128,44,84
221000175,3,8,-5
221000176,0,1,-1
221000182,60,8,52
221000241,832,256,576
221000242,187,658,-471
221000243,758,171,587
221000244,260,643,-383
221000245,125,156,-31
221000246,52,330,-278
221000247,190,135,55
221000248,265,218,47
221000267,85,916,-831
221000325,60,69,-9
221000331,26,149,-123
221000338,91,38,53
221000378,238,35,203
221000381,120,82,38
222000282,23,0,23
222000296,0,36,-36
222000568,383,20,363
222000569,184,37,147
222000570,125,23,102
222000571,340,8,332
222000577,19,271,-252
222000578,17,232,-215
222000579,36,152,-116
222000580,122,1023,-901
222000599,0,133,-133
222000600,0,364,-364
222000601,6,1175,-1169
222000603,26,24,2
222000604,15,56,-41
222000605,61,24,37
222000606,3,4,-1
222000607,3,8,-5
222000608,46,3,43
222000609,78,360,-282
222000616,249,74,175
222000617,14,22,-8
222000618,12,4,8
222000620,70,18,52
222000621,145,5,140
222000623,524,8,516
222000624,332,10,322
222000625,434,49,385
222000636,89,3,86
222000686,64,11,53
222000687,74,30,44
222001066,325,5,320
222001067,7,2,5
222001068,31,46,-15
222001069,11,80,-69
222001082,30,53,-23
222001083,10,58,-48
222001084,0,62,-62
222001085,0,119,-119
222001111,15,220,-205
222001112,112,50,62
222001313,127,5,122
222001314,10,117,-107
222001464,116,81,35
222001465,80,180,-100
222001484,128,66,62
222001485,41,44,-3
222001494,320,229,91
222001495,157,458,-301
222001496,294,155,139
222001497,140,694,-554
222001502,15,93,-78
222001503,111,91,20
222001504,28,309,-281
222001505,307,13,294
222001506,26,270,-244
222001507,286,33,253
222001510,371,29,342
222001511,35,520,-485
222001514,621,210,411
222001515,289,817,-528
222001518,144,69,75
222001519,42,377,-335
222001527,403,73,330
222001528,69,209,-140
222001529,148,46,102
222001530,41,242,-201
222001533,145,441,-296
222001534,270,94,176
222001535,167,242,-75
222001536,142,413,-271
222001537,335,36,299
222001538,71,689,-618
222001563,417,91,326
222001564,46,849,-803
222001568,353,137,216
222001576,2,2,0
222001579,4,6,-2
222001583,29,225,-196
222001584,113,39,74
222001596,630,1679,-1049
222001597,1294,248,1046
222001626,0,151,-151
222001650,75,93,-18
222001651,92,182,-90
222001914,177,71,106
222001915,70,266,-196
222001968,396,243,153
222001969,557,993,-436
222001970,275,328,-53
222001971,12,24,-12
222001972,1,18,-17
225000001,683,237,446
225000002,509,238,271
225000003,497,158,339
225000004,341,523,-182
225000005,29,108,-79
225000006,1,179,-178
225000007,4304,1798,2506
225000010,418,13,405
225000011,668,1867,-1199
225000012,161,858,-697
225000013,201,240,-39
225000014,2132,149,1983
225000015,136,299,-163
225000021,883,448,435
225000027,388,796,-408
225000032,853,334,519
225000042,131,1118,-987
225000049,42,71,-29
225000050,96,27,69
225000053,5,569,-564
225000058,1132,216,916
225000067,250,281,-31
225000068,137,668,-531
225000069,217,811,-594
225000070,108,742,-634
225000071,46,390,-344
225000075,37,1523,-1486
225000076,168,202,-34
225000078,173,65,108
225000085,44,141,-97
225000086,863,83,780
225000087,340,63,277
225000088,33,283,-250
225000089,435,1143,-708
225000090,33,567,-534
225000091,158,295,-137
225000092,34,85,-51
225000093,175,623,-448
225000094,9,639,-630
225000095,433,698,-265
225000096,366,731,-365
225000098,851,296,555
225000099,409,180,229
225000100,264,174,90
225000104,88,574,-486
225000110,19,749,-730
225000111,466,1724,-1258
225000112,711,1601,-890
225000113,280,806,-526
225000114,110,490,-380
225000115,3679,786,2893
225000116,1448,248,1200
225000117,1356,557,799
225000118,1104,582,522
225000119,264,186,78
225000120,717,114,603
225000121,330,56,274
225000123,2831,21,2810
225000125,614,474,140
225000126,2038,372,1666
225000127,1268,1470,-202
225000128,496,933,-437
225000132,203,60,143
225000133,370,32,338
225000134,679,144,535
225000135,46,5,41
225000136,205,25,180
225000137,173,101,72
225000138,461,70,391
225000143,106,333,-227
225000144,4,544,-540
225000145,54,93,-39
225000146,46,207,-161
225000147,43,463,-420
225000148,9,369,-360
225000149,72,708,-636
225000151,34,440,-406
225000155,374,724,-350
225000156,584,1263,-679
225000157,380,504,-124
225000158,150,568,-418
225000171,3,213,-210
225000180,29,1,28
225000181,1,104,-103
225000182,95,29,66
225000185,11,532,-521
225000187,64,557,-493
225000191,166,4,162
225000194,0,14,-14
225000208,3,70,-67
225000209,82,39,43
225000210,8,508,-500
225000217,2,28,-26
225000218,8,0,8
225000223,1,97,-96
225000224,297,1,296
225000225,5,146,-141
225000226,415,1,414
225000227,64,172,-108
225000228,12,20,-8
225000229,1,126,-125
225000230,6,0,6
225000231,0,119,-119
225000232,103,0,103
225000241,115,0,115
225000242,0,54,-54
225000249,6,0,6
225000250,54,1449,-1395
225000251,360,44,316
225000256,0,0,0
225000257,0,0,0
226000042,728,674,54
226000043,101,393,-292
226000044,412,887,-475
226000045,131,545,-414
226000046,714,119,595
226000047,653,150,503
226000048,425,116,309
226000049,406,203,203
226000070,0,152,-152
226000071,0,138,-138
226000072,0,20,-20
226000073,0,39,-39
226000074,0,16,-16
226000084,6,68,-62
226000085,11,3,8
226000086,4,8,-4
226000087,0,17,-17
226000088,82,27,55
226000090,480,75,405
226000091,13,21,-8
226000092,3,2,1
226000093,20,4,16
226000094,91,5,86
226000095,50,7,43
226000105,28,0,28
226000106,25,0,25
226000107,8,0,8
226000108,47,0,47
226000109,94,0,94
226000124,286,79,207
226000134,496,711,-215
226000135,1030,974,56
226000136,385,655,-270
226000137,8,762,-754
226000138,21,509,-488
226000139,3,9,-6
226000156,127,4,123
226000157,119,8,111
226000163,79,64,15
226000202,14,836,-822
226000231,336,5,331
226000232,80,5,75
227000033,332,131,201
227000036,266,55,211
227000037,138,25,113
227000038,308,68,240
227000084,1,68,-67
227000085,1,54,-53
227000088,238,4,234
227000089,174,8,166
227000090,157,2,155
227000091,22,0,22
227000092,118,1,117
227000093,240,0,240
227000094,14,0,14
227000130,34,118,-84
227000131,20,365,-345
227000132,18,300,-282
227000133,18,277,-259
227000134,21,422,-401
227000152,0,0,0
227000153,1,53,-52
227000154,0,28,-28
227000155,0,32,-32
227000156,0,23,-23
227000165,8,16,-8
227000196,255,346,-91
227000199,243,972,-729
227000230,33,813,-780
227000232,419,37,382
227000242,68,561,-493
227000243,605,118,487
227000245,13,435,-422
227000246,82,588,-506
227000247,400,124,276
227000248,429,54,375
227000249,67,318,-251
227000250,823,279,544
227000251,270,361,-91
227000252,20,497,-477
227000253,121,43,78
227000262,301,82,219
227000266,902,19,883
227000267,41,3232,-3191
227000282,4,410,-406
227000284,346,34,312
227000286,4,83,-79
227000287,6,150,-144
227000291,18,888,-870
227000484,490,14,476
227000485,14,1205,-1191
227000655,92,28,64
227000656,556,28,528
227000657,36,37,-1
227000661,480,21,459
227000680,509,60,449
229000265,43,76,-33
229000296,0,55,-55
229000297,9,72,-63
229000298,18,259,-241
229000320,4,13,-9
229000321,10,7,3
229000412,42,46,-4
229000414,13,86,-73
229000415,9,0,9
229000416,2,2,0
229000417,12,20,-8
229000419,116,454,-338
229000440,334,110,224
229000442,21,4,17
229000443,7,4,3
229000444,8,25,-17
229000445,64,12,52
229000446,96,10,86
229000491,1,22,-21
229000492,10,137,-127
229000493,0,105,-105
229000494,31,5,26
229000495,88,5,83
229000496,40,5,35
229000507,0,44,-44
229000508,0,30,-30
229000509,2,41,-39
229000510,2,32,-30
229000511,4,49,-45
229000512,0,35,-35
229000513,0,7,-7
229000514,1,5,-4
229000517,1,5,-4
229000518,13,37,-24
229000519,1,11,-10
229000520,7,28,-21
229000521,19,23,-4
229000522,8,6,2
229000523,26,11,15
229000524,3,11,-8
229000527,5,0,5
229000528,0,0,0
229000529,4,0,4
229000530,59,0,59
229000531,52,1,51
229000532,55,2,53
229000533,89,0,89
229000534,42,0,42
229000564,27,0,27
229000565,6,1,5
229000566,0,11,-11
229000567,0,33,-33
229000582,100,1,99
229000583,8,1,7
229000584,0,37,-37
229000585,2,50,-48
229000718,0,1,-1
229000719,0,1,-1
229000720,0,5,-5
229000721,0,7,-7
229000722,0,11,-11
229000723,0,7,-7
229000724,0,1,-1
229000725,0,3,-3
229000738,2,0,2
229000739,0,0,0
229000740,1,0,1
229000741,8,0,8
229000742,6,1,5
229000743,10,0,10
229000744,2,0,2
229000745,0,0,0
229000746,23,0,23
229000847,36,1,35
229000848,14,0,14
229000849,148,0,148
229000851,35,0,35
229000854,0,31,-31
229000856,1,122,-121
229000857,0,31,-31
229000858,0,114,-114
229000919,32,122,-90
229000930,3,331,-328
229000937,60,10,50
229000966,47,13,34
229000981,12,55,-43
229000985,4,60,-56
229000986,0,8,-8
229000987,0,1,-1
229000988,8,1,7
229000989,39,29,10
229000990,8,2,6
229000991,2,0,2
229000992,10,4,6
229000993,274,9,265
229000998,10,111,-101
229000999,63,5,58
229001034,0,22,-22
229001035,10,4,6
229001037,64,10,54
229001042,7,22,-15
229001047,6,68,-62
229001050,39,79,-40
229001168,0,5,-5
229001200,7,2,5
229001338,3,25,-22
229001394,217,12,205
229001422,135,20,115
229001423,51,164,-113
229001431,49,52,-3
229001432,52,88,-36
229001444,119,68,51
229001445,40,297,-257
229001479,4,3,1
229001503,165,120,45
229001504,109,247,-138
229001505,107,61,46
229001506,35,246,-211
229001509,24,48,-24
229001545,71,9,62
229001546,14,90,-76
229001553,41,8,33
229001554,25,123,-98
229001559,9,11,-2
229001560,0,26,-26
229001630,72,15,57
229001631,3,64,-61
229001635,1,15,-14
229001636,1,7,-6
229001658,1,92,-91
229001659,76,2,74
229001660,1,1,0
229001661,4,18,-14
229001662,60,0,60
229001663,0,18,-18
229002584,216,202,14
229002831,353,211,142
229002841,9,17,-8
229002842,9,27,-18
229002843,120,22,98
229002844,188,58,130
229002845,38,46,-8
229002846,15,21,-6
229002847,37,15,22
229002848,16,26,-10
229002849,4,50,-46
229002850,9,1,8
229002851,105,99,6
229002852,148,14,134
229002853,181,10,171
229002854,104,43,61
229002855,23,26,-3
229002856,45,50,-5
229002857,4,43,-39
229002858,13,23,-10
229002859,99,19,80
229002860,99,20,79
229002861,55,32,23
229002862,37,30,7
229002863,36,31,5
229002864,32,35,-3
229002865,20,11,9
229002866,4,15,-11
229002867,5,22,-17
229002868,12,5,7
229002869,43,188,-145
229002870,39,2,37
235000066,518,96,422
235000067,118,189,-71
235000072,27,85,-58
235000073,70,429,-359
235000074,23,118,-95
235000080,41,113,-72
235000081,112,105,7
235000082,121,98,23
235000083,165,152,13
235000084,54,50,4
235000085,69,60,9
235000089,31,53,-22
235000092,10,200,-190
235000093,13,3,10
235000097,12,8,4
235000098,33,13,20
235000099,34,24,10
235000116,71,30,41
235000117,1023,53,970
235000133,11,402,-391
235000134,7,150,-143
235000206,9,10,-1
235000207,0,6,-6
235000208,3,2,1
235000209,4,0,4
235000210,5,1,4
235000212,4,16,-12
235000213,5,13,-8
235000220,4,20,-16
235000221,186,5,181
235000238,55,49,6
235000239,3,7,-4
235000242,435,363,72
235000245,797,181,616
235000246,12,61,-49
235000284,6,100,-94
235000295,75,23,52
235000305,167,32,135
235000306,106,16,90
235000307,18,8,10
235000308,60,1,59
235000309,64,2,62
235000310,106,1,105
235000311,390,5,385
235000322,1,39,-38
235000323,0,65,-65
235000324,0,10,-10
235000325,0,7,-7
235000326,7,322,-315
235000351,4,78,-74
235000352,19,68,-49
235000353,4,36,-32
235000354,8,37,-29
235000355,20,47,-27
235000356,108,0,108
235000357,15,10,5
235000358,47,13,34
235000359,7,7,0
235000360,94,11,83
235000361,65,12,53
235000381,98,296,-198
235000382,125,60,65
235000390,11,2,9
235000391,77,21,56
235000392,85,205,-120
235000393,97,155,-58
235000395,80,29,51
235000396,273,85,188
235000400,290,31,259
235000401,235,172,63
235000405,187,296,-109
235000406,48,326,-278
235000407,55,130,-75
235000409,172,205,-33
235000410,66,309,-243
235000411,2,75,-73
235000485,0,6,-6
235000486,16,0,16
235000549,34,150,-116
235000550,80,229,-149
235000599,97,99,-2
235000600,18,25,-7
235000601,20,52,-32
235000602,53,154,-101
235000614,2,2,0
235000648,0,32,-32
235000649,107,28,79
235000685,2,6,-4
235000815,7,22,-15
235000834,0,9,-9
235000855,48,89,-41
235000862,47,191,-144
235000891,0,6,-6
235000892,81,0,81
235000901,64,133,-69
235000907,5,20,-15
235001010,45,119,-74
235001029,665,551,114
235001030,353,318,35
235001078,78,128,-50
235001079,104,147,-43
235001147,7,99,-92
235001166,10,107,-97
235001167,20,99,-79
235001169,28,326,-298
235001188,0,11,-11
235001189,1,1,0
235001197,29,7,22
235001200,46,38,8
235001207,140,59,81
235001210,37,87,-50
235001215,47,134,-87
235001239,1,56,-55
235001244,2,11,-9
235016267,0,19,-19
277101746,0,1,-1
277102712,8,2,6
277103813,0,0,0
277103898,0,2,-2
277104249,0,4,-4
277104250,0,26,-26
277104251,0,23,-23
277104252,0,9,-9
990011530,1,284,-283
990014944,1,539,-538
990015176,116,12,104
990015618,0,148,-148
990016032,0,564,-564
990032570,3,86,-83
990070001,55,5,50
990070103,0,2,-2
990070601,0,86,-86
990070751,370,2,368
990070766,5,754,-749
990071180,907,266,641
990071343,44,0,44
990071387,0,5,-5
990071823,509,12,497
990072600,1,730,-729
990072964,1,578,-577
990073285,0,5,-5
990074393,5,1478,-1473
990074870,887,6,881
990075106,736,7,729
990075746,414,3,411
990076437,989,22,967
990076458,1,1393,-1392
997000007,309,41,268
997000041,0,144,-144
997000058,29,0,29
997000062,250,1,249
997000069,0,5,-5
997000070,0,112,-112
997000100,33,0,33
997000141,4,394,-390
997000198,395,1102,-707
998000475,0,29,-29
998000736,1,311,-310
998000965,0,42,-42
998001031,0,50,-50
998001700,0,32,-32
998001899,0,2,-2
998001900,5,0,5
998003073,977,8,969
998101900,0,0,0
998102850,0,90,-90
998501927,727,443,284
998501929,140,2,138
998501930,61,2,59
998501931,137,7,130
998501932,4,0,4
998501933,74,5,69
998501937,23,3,20
998501944,2,0,2
998501950,4,59,-55
998501970,39,0,39
998501971,0,97,-97
998501973,0,68,-68
998501974,0,314,-314
998501975,659,11,648
998501976,246,0,246
998501977,0,19,-19
998501978,60,2,58
998501979,0,11,-11
998501980,137,2,135
998501981,28,15,13
998501982,1,119,-118
998501983,1,18,-17
998502006,0,0,0
998502024,0,4,-4
998502032,0,6,-6
998502062,21,0,21
998502063,0,0,0
998502173,21,0,21
998502269,0,0,0
998502546,0,206,-206
998502578,12,2,10
998502599,40,361,-321
998601159,0,241,-241
998601292,0,15,-15
999033574,2,1262,-1260
999800001,78,4,74
999800002,0,3,-3
999800003,2,2,0
999800004,0,0,0
999800005,0,3,-3
