ID,insum,outsum,diff
100000001,693,863,-170
100000002,4462,1166,3296
100000003,5860,3518,2342
100000004,1752,1255,497
100000005,2731,4436,-1705
100000006,1143,144,999
100000007,3270,773,2497
100000008,540,518,22
100000009,1371,280,1091
100000010,196,68,128
100000011,1121,120,1001
100000012,178,862,-684
100000013,214,222,-8
100000014,1014,371,643
100000015,2435,2808,-373
100000016,1158,1589,-431
100000017,1454,970,484
100000018,1788,696,1092
100000019,4958,2522,2436
100000020,2440,7545,-5105
100000021,5672,2909,2763
100000022,2175,2239,-64
100000023,6338,1867,4471
100000025,2360,1095,1265
100000028,1798,1052,746
100000029,288,267,21
100000030,402,79,323
100000031,6339,8251,-1912
100000032,3447,3929,-482
100000033,1245,2552,-1307
100000034,713,504,209
100000035,2661,1467,1194
100000036,3350,1503,1847
100000037,783,543,240
100000038,2657,1138,1519
100000039,973,211,762
100000040,230,181,49
100000041,1167,513,654
100000042,1545,507,1038
100000043,1161,515,646
100000044,522,967,-445
100000045,710,1289,-579
100000046,926,1191,-265
100000047,386,811,-425
100000048,944,718,226
100000049,2031,2442,-411
100000051,612,1180,-568
100000053,217,3,214
100000054,646,46,600
100000055,1346,332,1014
100000056,652,518,134
100000057,2145,696,1449
100000058,1372,1425,-53
100000059,12,129,-117
100000060,432,435,-3
100000061,2458,574,1884
100000062,2744,678,2066
100000063,912,330,582
100000064,1703,478,1225
100000065,449,1107,-658
100000066,249,801,-552
100000067,706,952,-246
100000068,666,2145,-1479
100000069,394,1765,-1371
100000072,503,797,-294
100000073,1311,1459,-148
100000075,914,378,536
100000076,3181,2701,480
100000077,432,239,193
100000078,76,55,21
100000079,72,75,-3
100000080,45,74,-29
100000081,168,263,-95
100000102,3236,2032,1204
100000103,5681,1504,4177
100000104,6545,2906,3639
100000105,3579,1649,1930
100000106,2754,2521,233
100000107,891,1035,-144
100000108,857,1136,-279
100000109,3717,1405,2312
100000116,1730,946,784
100000117,85,121,-36
100000118,2094,1158,936
100000119,687,793,-106
100000121,267,523,-256
100000122,990,1171,-181
100000123,3714,4932,-1218
100000124,7917,7532,385
100000125,3889,1331,2558
100000126,1182,416,766
100000127,2101,500,1601
100000128,2060,1658,402
100000129,476,622,-146
100000130,478,527,-49
100000131,2691,3542,-851
100000132,1622,2962,-1340
100000133,6731,3204,3527
100000135,724,1307,-583
100000139,598,330,268
100000140,582,325,257
100000142,563,751,-188
100000143,2148,786,1362
100000144,4251,1060,3191
100000147,1213,2885,-1672
100000150,51,445,-394
100000151,1114,915,199
100000153,375,405,-30
100000154,139,152,-13
100000155,38,78,-40
100000156,622,385,237
100000157,152,75,77
100000158,304,97,207
100000159,408,556,-148
100000165,1706,802,904
100000169,515,567,-52
100000174,1211,554,657
100000179,148,612,-464
100000180,4505,1362,3143
100000181,572,281,291
100000188,111,248,-137
100000189,1096,375,721
100000190,1331,872,459
100000191,677,553,124
100000192,75,173,-98
100000193,286,195,91
100000330,1935,1101,834
100000355,270,592,-322
100000362,6778,3930,2848
100000363,3744,5742,-1998
100000364,321,199,122
100000365,5546,5713,-167
100000366,7031,3427,3604
100000367,5499,4893,606
100000368,3888,1841,2047
100000369,1614,2084,-470
100000370,368,883,-515
100000376,209,136,73
100000379,3092,1405,1687
100000380,5748,3339,2409
100000384,6786,4809,1977
100000385,5168,4533,635
100000386,8976,5405,3571
100000387,6492,5787,705
100000388,9302,6859,2443
100000389,8993,6683,2310
100000390,10680,6363,4317
100000391,7544,7435,109
100000392,5302,3662,1640
100000393,3370,4230,-860
100000394,10801,7677,3124
100000395,6223,3456,2767
100000396,10644,3744,6900
100000397,7286,5563,1723
100000398,12847,8717,4130
100000413,42,23,19
100900002,23,92,-69
100900003,401,186,215
100900004,39,662,-623
100900005,181,22,159
100900006,44,176,-132
100900007,551,9,542
100900008,3,396,-393
100900009,109,189,-80
100900010,143,172,-29
100900011,131,302,-171
100900012,8,276,-268
100900013,1335,12,1323
100900014,1,15,-14
100900015,114,91,23
100900016,0,60,-60
100900017,1269,97,1172
100900018,1,59,-58
100900019,18,194,-176
100900020,430,22,408
100900021,433,1,432
100900022,22,91,-69
100900023,0,80,-80
100900024,997,4,993
100900025,17,14,3
100900026,144,159,-15
100900027,624,3151,-2527
100900028,158,215,-57
100900029,99,11,88
100900030,10,38,-28
100900031,770,87,683
100900032,242,0,242
100900033,235,165,70
100900034,459,0,459
100900035,778,2,776
100900036,21,0,21
100900037,116,318,-202
100900038,102,46,56
100900039,293,629,-336
100900040,522,772,-250
100900041,923,801,122
100900042,1715,448,1267
100900043,0,25,-25
100900044,2548,757,1791
100900045,96,1,95
100900046,1275,9,1266
100900047,1070,354,716
100900048,237,44,193
100900049,152,213,-61
100900050,5,13,-8
100900051,17,72,-55
100900052,455,45,410
100900053,358,63,295
100900054,21,116,-95
100900055,266,657,-391
100900056,175,226,-51
100900057,526,1474,-948
100900058,312,54,258
100900059,154,9,145
100900060,186,12,174
100900061,456,338,118
100900062,9,57,-48
100900063,250,784,-534
100900064,822,24,798
100900065,130,109,21
100900066,132,226,-94
100900067,8,22,-14
100900068,218,97,121
100900069,1035,7,1028
100900070,416,6,410
100900071,920,342,578
100900072,5,41,-36
100900073,126,527,-401
100900074,3,14,-11
100900075,1927,433,1494
100900076,24,61,-37
100900077,39,97,-58
100900078,135,408,-273
100900079,15,45,-30
100900080,55,151,-96
100900081,53,197,-144
100900082,140,665,-525
100900083,10,43,-33
100900085,13,113,-100
100900086,189,1104,-915
100900088,116,601,-485
100900089,7,41,-34
100900090,155,503,-348
100900091,1,46,-45
100900092,328,302,26
100900093,215,533,-318
100900094,99,539,-440
100900095,1,40,-39
100900096,34,96,-62
100900097,7,17,-10
100900098,43,50,-7
100900099,50,591,-541
100900100,9,529,-520
100900101,494,64,430
100900102,75,95,-20
100900103,24,34,-10
100900104,15,208,-193
100900105,20,408,-388
100900106,51,9,42
100900107,1823,887,936
100900108,7,26,-19
100900109,17,49,-32
100900110,10,48,-38
100900111,70,206,-136
100900112,1,8,-7
100900113,28,30,-2
100900114,34,24,10
100900115,2,63,-61
100900116,851,1030,-179
100900117,321,865,-544
100900118,22,37,-15
100900119,56,55,1
100900120,12,11,1
100900121,307,632,-325
100900122,171,313,-142
100900123,99,306,-207
100900124,25,25,0
100900125,20,126,-106
100900126,184,308,-124
100900127,28,21,7
100900128,95,150,-55
100900129,0,98,-98
100900131,87,316,-229
100900133,91,60,31
100900134,15,20,-5
100900135,0,151,-151
100900137,406,235,171
100900138,696,478,218
100900139,5,9,-4
100900140,3,598,-595
100900141,1,465,-464
100900142,3,19,-16
100900143,1260,436,824
100900144,24,7,17
100900145,239,186,53
100900146,18,66,-48
100900147,16,308,-292
100900148,38,859,-821
100900149,60,222,-162
100900150,9,43,-34
100900151,155,558,-403
100900152,172,9,163
100900153,8,223,-215
100900154,10,36,-26
100900155,23,19,4
100900156,36,6,30
100900157,10,211,-201
100900159,13,29,-16
100900160,27,17,10
100900161,89,6,83
100900162,29,282,-253
100900163,205,295,-90
100900164,78,88,-10
100900165,18,110,-92
100900166,30,8,22
100900167,22,64,-42
100900168,48,187,-139
100900169,170,964,-794
100900170,102,23,79
100900171,31,638,-607
100900172,0,18,-18
100900173,5,483,-478
100900174,517,41,476
100900176,1806,170,1636
100900177,772,335,437
100900178,326,152,174
100900179,172,289,-117
100900180,10,10,0
100900181,114,116,-2
100900182,45,32,13
100900184,23,150,-127
100900186,760,524,236
100900187,24,150,-126
100900188,33,8,25
100900189,1069,288,781
100900191,1332,1206,126
100900192,348,316,32
100900195,132,141,-9
100900197,38,139,-101
100900198,15,215,-200
100900199,18,25,-7
100900200,649,482,167
100900201,79,700,-621
100900202,130,1,129
100900203,0,82,-82
100900204,257,360,-103
100900205,204,543,-339
100900206,162,103,59
100900207,280,147,133
100900210,66,727,-661
100900211,483,191,292
100900213,84,39,45
100900214,944,252,692
100900215,17,78,-61
100900217,186,157,29
101000001,4261,2948,1313
101000002,4974,4591,383
101000003,720,1908,-1188
101000004,9269,7480,1789
101000005,2785,4748,-1963
101000006,8529,7376,1153
101000007,2558,3262,-704
101000008,3931,3141,790
101000009,3041,1563,1478
101000010,1091,1248,-157
101000011,1868,724,1144
101000012,1679,938,741
101000013,760,1242,-482
101000014,591,729,-138
101000015,1243,899,344
101000016,527,481,46
101000017,757,576,181
101000018,4440,2935,1505
101000020,6168,1258,4910
101000021,986,483,503
101000022,261,66,195
101000023,1934,891,1043
101000025,298,466,-168
101000026,501,21,480
101000027,2069,2390,-321
101000028,1205,253,952
101000029,281,1391,-1110
101000030,2361,141,2220
101000031,1116,393,723
101000032,11630,4295,7335
101000033,3000,3185,-185
101000034,3226,1846,1380
101000035,1110,606,504
101000036,2105,933,1172
101000037,3441,1820,1621
101000039,3370,2486,884
101000040,3712,3833,-121
101000041,12441,7372,5069
101000042,741,1313,-572
101000043,9275,6603,2672
101000045,2092,1008,1084
101000046,5739,1295,4444
101000047,3315,2531,784
101000048,832,735,97
101000049,1121,1533,-412
101000050,2169,1525,644
101000051,2579,2162,417
101000052,1876,864,1012
101000053,945,1613,-668
101000054,1513,1386,127
101000055,1588,1408,180
101000056,67,163,-96
101000057,2372,1119,1253
101000058,1748,1330,418
101000059,3287,2384,903
101000060,1814,698,1116
101000061,1181,1675,-494
101000062,907,802,105
101000063,799,1166,-367
101000064,1541,1018,523
101000065,409,458,-49
101000066,1133,846,287
101000067,1410,818,592
101000068,520,474,46
101000069,479,103,376
101000070,1467,930,537
101000071,2275,998,1277
101000072,905,3077,-2172
101000073,1081,864,217
101000074,7710,3401,4309
101000075,6706,4011,2695
101000077,1810,1136,674
101000078,1363,2373,-1010
101000079,1222,458,764
101000080,1231,389,842
101000081,1639,1557,82
101000082,3786,3486,300
101000083,2683,2265,418
101000084,1678,1096,582
101000085,1795,1433,362
101000086,1216,1278,-62
101000087,971,1310,-339
101000088,1065,1367,-302
101000089,962,1805,-843
101000090,2543,1731,812
101000091,406,1147,-741
101000092,881,1123,-242
101000093,1664,946,718
101000094,899,1327,-428
101000095,569,767,-198
101000096,443,682,-239
101000097,490,363,127
101000098,542,572,-30
101000099,1188,1339,-151
101000100,1049,821,228
101000101,455,367,88
101000102,1049,516,533
101000103,1092,576,516
101000104,511,623,-112
101000105,1342,383,959
101000106,871,726,145
101000107,267,351,-84
101000108,1321,372,949
101000109,326,74,252
101000110,72,732,-660
101000111,190,227,-37
101000113,207,853,-646
101000114,11104,4500,6604
101000115,140,103,37
101000116,395,138,257
101000117,908,343,565
101000119,119,56,63
101000120,211,53,158
101000121,101,50,51
101000122,170,110,60
101000123,102,112,-10
101000124,856,217,639
101000125,336,637,-301
101000128,728,346,382
101000130,260,304,-44
101000131,753,646,107
101000132,583,1239,-656
101000135,121,42,79
101000136,639,169,470
101000137,42,366,-324
101000141,1672,2723,-1051
101000147,1063,589,474
101000148,1729,31,1698
101000149,303,270,33
101000150,148,987,-839
101000151,262,110,152
101000152,399,435,-36
101000153,1212,452,760
101000154,326,1390,-1064
101000155,264,174,90
101000156,32,299,-267
101000157,59,31,28
101000160,169,57,112
101000163,356,296,60
101000164,544,470,74
101000165,259,417,-158
101000166,263,379,-116
101000168,933,411,522
101000252,1797,984,813
101000254,619,79,540
101000258,72,15,57
101000261,233,64,169
101000262,1455,1702,-247
101000263,270,891,-621
101000265,150,787,-637
101000266,402,380,22
101000269,58,15,43
101000290,1692,3521,-1829
101000293,20,70,-50
101000294,593,493,100
101000295,150,610,-460
101000301,895,431,464
101000304,2385,2768,-383
101000305,3867,1610,2257
101000328,168,321,-153
101900001,47,110,-63
101900002,0,17,-17
101900003,87,140,-53
101900004,2,89,-87
101900005,4491,1805,2686
101900006,980,70,910
101900007,779,164,615
101900008,85,363,-278
101900009,51,626,-575
101900010,1117,738,379
101900011,319,1441,-1122
101900012,159,369,-210
101900013,1310,252,1058
101900017,22,158,-136
101900018,1406,303,1103
101900019,418,218,200
101900020,70,66,4
101900021,1,41,-40
101900022,194,1207,-1013
101900023,168,265,-97
101900026,167,63,104
101900027,29,160,-131
102000001,3455,4610,-1155
102000002,3638,1496,2142
102000003,4398,6887,-2489
102000004,8249,3497,4752
102000005,1321,2129,-808
102000006,1716,2031,-315
102000007,1622,4510,-2888
102000008,5054,1840,3214
102000009,6445,7738,-1293
102000010,7861,4099,3762
102000011,3218,2706,512
102000012,3706,3742,-36
102000018,3647,3284,363
102000019,2984,1806,1178
102000026,260,610,-350
102000029,362,232,130
102000030,137,384,-247
102000031,80,214,-134
102000032,413,379,34
102000033,302,457,-155
102000034,643,472,171
102000035,1089,725,364
102000036,15,277,-262
102000037,264,96,168
102000038,198,278,-80
102000039,229,95,134
102000040,620,236,384
102000041,275,331,-56
102000042,266,235,31
102000043,393,254,139
102000044,441,468,-27
102000045,1007,1007,0
102000046,1030,751,279
102000047,892,1199,-307
102000048,436,761,-325
102000049,1147,761,386
102000050,1201,1406,-205
102000051,428,685,-257
102000052,1538,893,645
102000053,1092,983,109
102000054,638,1051,-413
102000055,1139,960,179
102000056,844,1408,-564
102000057,1661,715,946
102000058,1204,1888,-684
102000059,1863,1588,275
102000060,1378,1178,200
102000061,1837,2538,-701
102000062,1828,1422,406
102000063,1458,1677,-219
102000064,650,808,-158
102000065,42,132,-90
102000066,1989,1124,865
102000067,3305,3942,-637
102000068,10035,3330,6705
102000069,98,1890,-1792
102000070,2364,68,2296
102000071,9252,10935,-1683
102000072,3856,4711,-855
102000073,1233,1017,216
102000074,843,1015,-172
102000075,181,345,-164
102000076,287,598,-311
102000077,595,1106,-511
102000078,1762,1117,645
102000079,165,333,-168
102000080,316,263,53
102000081,505,826,-321
102000082,940,349,591
102000083,710,448,262
102000084,251,406,-155
102000085,1825,1225,600
102000086,1124,1596,-472
102000087,1027,1993,-966
102000088,328,322,6
102000089,1196,470,726
102000090,553,1339,-786
102000091,1420,541,879
102000092,491,851,-360
102000093,933,868,65
102000094,1076,824,252
102000095,1329,1089,240
102000096,703,884,-181
102000097,907,795,112
102000098,694,787,-93
102000099,1063,833,230
102000100,1052,1391,-339
102000101,1476,917,559
102000102,539,1985,-1446
102000103,1722,493,1229
102000104,819,370,449
102000105,286,708,-422
102000106,995,804,191
102000107,1169,786,383
102000108,1268,279,989
102000109,825,744,81
102000110,1215,1442,-227
102000111,17,327,-310
102000112,608,134,474
102000113,21,51,-30
102000114,915,431,484
102000115,335,431,-96
102000116,840,389,451
102000117,442,670,-228
102000118,1876,1232,644
102000119,2469,982,1487
102000120,231,486,-255
102000121,1030,637,393
102000122,657,960,-303
102000123,1545,1200,345
102000124,1398,1201,197
102000125,1166,1123,43
102000126,847,890,-43
102000127,1543,908,635
102000128,752,1167,-415
102000129,1546,1027,519
102000130,787,830,-43
102000131,1319,701,618
102000132,417,787,-370
102000133,2361,2141,220
102000134,704,802,-98
102000135,785,904,-119
102000136,1027,662,365
102000137,1109,927,182
102000138,414,498,-84
102000139,226,423,-197
102000140,763,352,411
102000141,282,473,-191
102000142,642,423,219
102000143,164,508,-344
102000144,291,487,-196
102000145,406,540,-134
102000146,452,381,71
102000147,448,612,-164
102000148,246,957,-711
102000149,201,545,-344
102000150,375,137,238
102000151,115,396,-281
102000152,224,197,27
102000153,1242,620,622
102000154,427,843,-416
102000155,130,350,-220
102000156,420,126,294
102000157,171,410,-239
102000158,609,562,47
102000159,1253,416,837
102000161,4092,2311,1781
102000162,244,176,68
102000163,204,662,-458
102000164,1231,1268,-37
102000165,418,170,248
102000166,166,170,-4
102000167,443,284,159
102000168,352,190,162
102000169,163,735,-572
102000170,618,217,401
102000171,349,149,200
102000172,177,499,-322
102000173,760,346,414
102000174,86,68,18
102000175,189,134,55
102000176,56,49,7
102000178,332,484,-152
102000179,458,258,200
102000180,1096,670,426
102000181,682,657,25
102000182,705,672,33
102000183,1979,2015,-36
102000184,2217,1020,1197
102000185,2246,1639,607
102000186,1321,2146,-825
102000187,1258,2039,-781
102000188,1594,1636,-42
102000189,2512,863,1649
102000190,624,2769,-2145
102000191,1404,658,746
102000192,1381,1716,-335
102000193,60,163,-103
102000194,79,158,-79
102000195,473,480,-7
102000196,228,490,-262
102000197,666,498,168
102000198,179,822,-643
102000199,831,349,482
102000200,364,1194,-830
102000201,1008,519,489
102000202,11,107,-96
102000203,455,255,200
102000204,452,875,-423
102000205,1035,529,506
102000206,753,812,-59
102000207,875,475,400
102000208,517,545,-28
102000209,146,53,93
102000210,407,595,-188
102000211,780,458,322
102000212,381,19,362
102000213,10,402,-392
102000214,230,22,208
102000215,5,476,-471
102000216,54,60,-6
102000217,31,167,-136
102000218,316,173,143
102000219,563,388,175
102000225,821,744,77
102000226,2707,686,2021
102000227,198,0,198
102000228,0,135,-135
102000229,40,57,-17
102000230,297,506,-209
102000231,349,577,-228
102000232,29,179,-150
102000233,523,895,-372
102000234,136,1379,-1243
102000236,458,78,380
102000237,663,156,507
102000238,213,291,-78
102000240,910,838,72
102000241,204,182,22
102000243,37,95,-58
102000245,43,175,-132
102000246,29,56,-27
102000247,1227,1296,-69
102000248,739,1214,-475
102000249,205,175,30
102000250,96,467,-371
102000254,101,377,-276
102000266,72,269,-197
102000271,38,0,38
102000286,521,459,62
102000297,1916,1201,715
102000301,0,0,0
102000303,0,0,0
102000305,0,0,0
102000307,0,1,-1
102900001,1861,1099,762
102900002,504,46,458
102900003,87,256,-169
102900005,391,355,36
102900006,572,189,383
102900007,602,49,553
102900008,228,79,149
102900009,682,302,380
102900010,818,590,228
102900011,2176,442,1734
102900012,399,89,310
102900013,43,135,-92
102900015,841,579,262
102900016,91,185,-94
102900017,153,721,-568
102900018,48,206,-158
102900019,425,577,-152
102900020,155,32,123
102900021,22,151,-129
102900022,724,200,524
102900023,42,48,-6
102900024,52,57,-5
102900025,372,145,227
102900026,536,2278,-1742
102900027,69,83,-14
102900028,168,914,-746
102900029,174,229,-55
102900030,992,329,663
102900031,178,187,-9
102900032,93,94,-1
102900033,139,267,-128
102900034,602,138,464
102900035,190,373,-183
102900036,383,568,-185
102900037,770,618,152
102900038,869,623,246
102900039,36,695,-659
102900040,131,288,-157
102900041,67,230,-163
102900042,211,361,-150
102900043,204,309,-105
102900044,967,2478,-1511
102900045,140,694,-554
102900046,164,320,-156
102900047,78,719,-641
102900048,695,688,7
102900049,151,405,-254
102900050,496,446,50
102900051,305,243,62
102900053,421,714,-293
102900054,797,1357,-560
102900055,109,240,-131
102900056,106,467,-361
102900057,17,66,-49
102900058,324,81,243
102900059,28,83,-55
102900060,145,565,-420
102900061,213,591,-378
102900062,214,1111,-897
102900063,1163,625,538
102900064,161,507,-346
102900065,1747,575,1172
102900066,360,25,335
102900068,119,113,6
102900070,293,523,-230
102900072,59,51,8
102900073,344,15,329
102900075,53,74,-21
102900076,228,150,78
102900077,56,64,-8
102900078,52,132,-80
102900079,167,20,147
102900080,299,38,261
102900081,112,338,-226
102900082,13,219,-206
102900083,299,19,280
102900084,21,46,-25
102900085,512,177,335
102900086,21,69,-48
102900087,122,82,40
102900088,46,32,14
102900089,305,148,157
102900090,3,442,-439
102900091,220,7,213
102900092,429,1132,-703
102900094,9,93,-84
102900095,141,3,138
102900096,56,18,38
102900097,41,214,-173
103000001,2244,2918,-674
103000002,2402,2796,-394
103000003,3579,3073,506
103000004,1057,853,204
103000005,1942,3251,-1309
103000006,711,1648,-937
103000007,465,817,-352
103000008,1166,873,293
103000009,1118,1180,-62
103000010,253,252,1
103000011,1775,1641,134
103000012,1354,1795,-441
103000013,5167,2449,2718
103000014,1470,2578,-1108
103000015,2062,894,1168
103000016,680,1594,-914
103000017,228,479,-251
103000018,893,568,325
103000019,345,265,80
103000020,2890,1656,1234
103000021,2019,1716,303
103000022,855,1295,-440
103000023,643,1639,-996
103000024,112,276,-164
103000025,186,653,-467
103000026,1825,165,1660
103000027,610,570,40
103000028,618,481,137
103000029,383,348,35
103000030,2399,1031,1368
103000031,1903,1842,61
103000032,2518,2407,111
103000033,3386,3402,-16
103000034,1656,1441,215
103000035,480,1539,-1059
103000036,434,658,-224
103000037,713,554,159
103000038,608,1041,-433
103000039,388,573,-185
103000040,557,1237,-680
103000041,1788,2745,-957
103000042,1334,690,644
103000043,643,1179,-536
103000044,198,243,-45
103000046,295,488,-193
103000047,730,819,-89
103000048,269,245,24
103000049,239,216,23
103000050,693,694,-1
103000051,527,677,-150
103000052,964,587,377
103000053,240,1115,-875
103000054,2873,1787,1086
103000055,2226,2513,-287
103000056,610,2063,-1453
103000057,536,353,183
103000058,742,946,-204
103000059,532,1050,-518
103000060,988,916,72
103000061,500,1213,-713
103000062,1268,725,543
103000063,750,1035,-285
103000064,162,256,-94
103000065,21,513,-492
103000066,243,14,229
103000069,570,514,56
103000070,1279,1081,198
103000071,1209,583,626
103000072,157,683,-526
103000073,576,151,425
103000074,690,91,599
103000075,128,729,-601
103000076,345,307,38
103000077,67,439,-372
103000078,1380,702,678
103000079,1087,833,254
103000080,1534,512,1022
103000081,778,1221,-443
103000082,641,187,454
103000083,156,349,-193
103000084,188,7,181
103000085,4,186,-182
103000086,1077,432,645
103000087,138,652,-514
103000088,473,345,128
103000089,301,452,-151
103000090,2103,814,1289
103000091,745,523,222
103000092,332,405,-73
103000093,329,546,-217
103000094,249,128,121
103000095,70,452,-382
103000096,678,104,574
103000097,107,865,-758
103000098,1081,212,869
103000099,376,716,-340
103000100,128,874,-746
103000101,970,142,828
103000102,117,816,-699
103000103,773,258,515
103000104,46,156,-110
103000105,125,116,9
103000106,9,143,-134
103000107,259,74,185
103000108,833,616,217
103000109,387,410,-23
103000110,526,465,61
103000111,531,497,34
103000112,329,235,94
103000113,846,789,57
103000114,1290,489,801
103000115,603,511,92
103000116,536,419,117
103000117,367,519,-152
103000118,1117,1039,78
103000119,1639,684,955
103000120,107,143,-36
103000121,946,894,52
103000122,765,690,75
103000125,12,421,-409
103000126,801,5,796
103000127,1,214,-213
103000128,277,4,273
103000129,3,140,-137
103000130,97,71,26
103000131,167,80,87
103000132,146,193,-47
103000133,23,127,-104
103000134,1032,1034,-2
103000135,749,369,380
103000136,936,681,255
103000137,602,665,-63
103000138,1025,1023,2
103000139,5,83,-78
103000140,157,45,112
103000141,88,140,-52
103000142,236,120,116
103000143,112,262,-150
103000144,311,100,211
103000145,93,67,26
103000150,215,97,118
103000152,248,272,-24
103000153,306,179,127
103000156,8,424,-416
103000157,534,2,532
103000159,149,43,106
103000162,142,39,103
103000163,30,74,-44
103000164,56,21,35
103000165,142,403,-261
103000166,213,344,-131
103000167,199,133,66
103000168,104,245,-141
103000169,228,480,-252
103000170,791,584,207
103000171,200,101,99
103000172,597,477,120
103000173,536,792,-256
103000174,141,449,-308
103000175,266,419,-153
103000176,1088,850,238
103000177,748,590,158
103000178,427,299,128
103000179,216,64,152
103000183,168,27,141
103000185,116,44,72
103000186,130,248,-118
103000187,440,514,-74
103000188,6,88,-82
103000189,793,865,-72
103000191,618,539,79
103000292,2026,2027,-1
103000293,1163,1892,-729
103000295,171,132,39
103000296,699,3,696
103000297,14,11,3
103000504,42,8,34
103000505,11,18,-7
103000506,6,337,-331
103000507,365,13,352
103000508,47,65,-18
103000509,229,650,-421
103900001,17,331,-314
103900002,1685,267,1418
103900003,1796,192,1604
103900004,107,9,98
103900005,3,325,-322
103900006,6,1,5
103900007,77,0,77
103900008,21,2,19
103900009,280,551,-271
103900010,153,402,-249
103900011,234,222,12
103900012,13,22,-9
103900013,71,108,-37
103900014,35,34,1
103900015,61,22,39
103900016,363,248,115
103900017,97,124,-27
103900018,915,245,670
103900019,76,360,-284
103900020,244,550,-306
103900021,690,101,589
103900022,1294,884,410
103900023,161,1,160
103900024,112,346,-234
103900025,20,40,-20
103900026,303,0,303
103900027,700,393,307
103900028,15,352,-337
103900029,1209,197,1012
103900030,306,94,212
103900031,21,5,16
103900032,94,103,-9
103900033,152,6,146
103900034,61,204,-143
103900035,72,43,29
103900036,53,25,28
103900037,139,57,82
103900038,108,286,-178
103900039,89,432,-343
103900040,24,205,-181
103900041,67,76,-9
103900042,61,456,-395
103900043,169,96,73
103900044,94,262,-168
103900045,378,227,151
103900047,107,45,62
103900048,73,28,45
103900049,316,1312,-996
103900050,15,123,-108
103900051,0,37,-37
103900052,207,489,-282
103900053,284,864,-580
103900054,132,459,-327
103900055,459,203,256
103900056,172,78,94
103900057,33,250,-217
103900058,286,862,-576
103900059,0,4,-4
103900060,34,240,-206
103900061,137,53,84
103900062,328,94,234
103900063,38,2,36
103900064,91,6,85
103900065,1167,495,672
103900066,120,25,95
103900067,239,10,229
103900068,33,0,33
103900069,102,16,86
103900070,182,336,-154
103900071,18,158,-140
103900072,9,279,-270
103900073,27,28,-1
103900074,102,79,23
103900075,313,101,212
103900076,439,635,-196
103900077,32,99,-67
103900078,256,154,102
103900079,125,291,-166
103900080,22,67,-45
103900081,170,35,135
103900082,8,144,-136
103900083,1829,914,915
103900084,65,122,-57
103900085,107,166,-59
103900086,613,385,228
103900088,606,437,169
103900089,69,140,-71
103900090,1,207,-206
103900091,1147,326,821
103900092,832,517,315
103900093,129,299,-170
103900094,13,162,-149
103900095,359,271,88
103900096,25,233,-208
103900097,20,560,-540
103900098,272,113,159
103900099,90,194,-104
103900100,197,478,-281
103900101,75,1247,-1172
103900102,2,23,-21
103900104,2,41,-39
103900105,113,341,-228
103900106,0,42,-42
103900107,98,188,-90
103900108,56,445,-389
103900109,67,89,-22
103900110,245,54,191
103900111,75,688,-613
103900112,58,73,-15
103900113,163,286,-123
103900114,503,385,118
103900115,277,209,68
103900116,6850,2966,3884
103900117,195,124,71
103900119,34,75,-41
103900120,71,133,-62
103900122,134,319,-185
103900123,1877,809,1068
103900124,68,545,-477
103900125,121,134,-13
103900126,395,473,-78
103900127,196,524,-328
103900128,195,146,49
103900131,72,182,-110
103900133,1038,191,847
103900134,0,4,-4
103900135,6,10,-4
103900137,1,54,-53
103900138,93,289,-196
103900139,310,1727,-1417
103900140,16,146,-130
103900141,309,85,224
103900142,137,218,-81
103900143,43,1,42
103900144,0,45,-45
103900145,147,278,-131
103900146,306,318,-12
103900147,403,149,254
103900148,241,389,-148
103900149,292,859,-567
103900150,7067,4017,3050
103900151,77,192,-115
103900152,467,605,-138
103900153,3,4,-1
103900154,1018,1671,-653
103900155,54,319,-265
103900156,53,222,-169
103900157,45,275,-230
103900158,97,184,-87
103900159,144,106,38
103900160,76,46,30
103900161,105,187,-82
103900162,65,212,-147
103900163,9,437,-428
103900167,29,151,-122
103900168,121,126,-5
103900169,82,50,32
103900170,7,153,-146
103900171,1,82,-81
103900172,19,34,-15
103900173,26,16,10
103900174,171,84,87
103900175,111,72,39
103900176,12,87,-75
103900177,18,114,-96
103900178,53,50,3
103900179,62,139,-77
103900180,14,123,-109
103900181,79,48,31
103900182,102,35,67
103900184,522,97,425
103900185,216,341,-125
103900187,38,73,-35
103900188,66,19,47
103900189,106,5,101
103900190,76,51,25
103900191,36,64,-28
103900192,117,86,31
103900193,137,214,-77
103900194,66,281,-215
103900195,8,86,-78
103900196,43,44,-1
103900197,16,44,-28
103900198,15,57,-42
103900199,116,80,36
103900200,124,236,-112
103900201,191,280,-89
103900202,35,77,-42
103900203,54,15,39
103900204,2,159,-157
103900207,2,132,-130
103900208,144,2,142
103900209,9,106,-97
103900210,52,38,14
103900211,465,536,-71
103900212,85,419,-334
103900213,84,331,-247
103900214,319,200,119
103900215,648,531,117
103900216,12,439,-427
103900217,447,125,322
103900218,2,401,-399
103900219,173,350,-177
103900233,122,5,117
103900235,91,25,66
103900236,72,4,68
103900242,27,52,-25
103900243,14,20,-6
103900244,100,259,-159
103900245,137,240,-103
103900246,87,47,40
103900247,45,206,-161
103900248,36,53,-17
103900249,50,45,5
103900250,49,33,16
103900251,2,29,-27
103900253,26,98,-72
103900254,13,44,-31
103900255,19,38,-19
103900256,22,66,-44
103900257,185,135,50
103900258,106,5,101
103900259,95,8,87
103900261,16,7,9
103900262,19,10,9
103900263,49,82,-33
103900264,89,114,-25
103900265,88,61,27
103900266,0,129,-129
103900267,13,97,-84
103900268,14,121,-107
103900269,199,69,130
103900270,78,203,-125
103900271,91,159,-68
103900272,70,105,-35
103900273,39,87,-48
103900274,74,22,52
103900275,36,10,26
103900276,8,113,-105
103900277,4,103,-99
103900278,7,68,-61
103900279,0,28,-28
103900280,1,177,-176
104000001,2099,1954,145
104000002,1782,2857,-1075
104000003,2292,2646,-354
104000004,2957,2868,89
104000005,1611,2341,-730
104000006,2883,3233,-350
104000007,4634,4967,-333
104000008,272,343,-71
104000009,155,128,27
104000010,159,294,-135
104000011,535,430,105
104000012,158,458,-300
104000013,209,199,10
104000014,246,740,-494
104000015,283,170,113
104000016,614,498,116
104000018,799,200,599
104000019,582,183,399
104000020,171,713,-542
104000021,273,677,-404
104000022,192,302,-110
104000023,1484,470,1014
104000024,242,469,-227
104000026,65,516,-451
104000027,319,452,-133
104000028,400,296,104
104000029,459,556,-97
104000030,203,268,-65
104000031,1490,442,1048
104000032,265,351,-86
104000033,588,642,-54
104000034,303,392,-89
104000035,818,508,310
104000036,688,614,74
104000037,290,242,48
104000038,390,376,14
104000039,201,364,-163
104000040,476,486,-10
104000041,1776,404,1372
104000042,246,471,-225
104000043,608,525,83
104000044,391,768,-377
104000045,1115,1406,-291
104000046,1413,1981,-568
104000047,892,1398,-506
104000048,989,1979,-990
104000049,611,357,254
104000050,299,672,-373
104000051,147,710,-563
104000052,2287,1519,768
104000053,1718,703,1015
104000054,1025,471,554
104000055,3867,2587,1280
104000056,1641,322,1319
104000057,245,798,-553
104000058,928,778,150
104000059,602,1353,-751
104000060,1051,1332,-281
104000061,1592,1261,331
104000062,537,184,353
104000064,533,378,155
104000065,304,720,-416
104000069,1287,1048,239
104000070,78,578,-500
104000071,267,1065,-798
104000072,713,378,335
104000075,79,320,-241
104000076,676,58,618
104000082,2182,3081,-899
104000083,869,203,666
104000084,153,630,-477
104000085,316,334,-18
104000086,207,514,-307
104000087,642,1722,-1080
104000090,769,1614,-845
104000092,1274,2690,-1416
104000094,1008,1753,-745
104000095,1959,1502,457
104000096,1546,312,1234
104000097,1771,1091,680
104000098,2074,1222,852
104000100,1717,733,984
104000101,1560,1890,-330
104000106,178,775,-597
104000107,722,640,82
104000108,337,577,-240
104000109,320,107,213
104000110,958,1144,-186
104000111,4131,2167,1964
104000112,2585,621,1964
104000116,3,1301,-1298
104000117,189,828,-639
104000118,463,286,177
104000119,653,380,273
104000120,289,810,-521
104000121,239,796,-557
104000122,662,948,-286
104000123,944,1158,-214
104000124,1085,2585,-1500
104000125,3862,4137,-275
104000126,344,456,-112
104000127,1490,2925,-1435
104000128,684,534,150
104000129,456,49,407
104000130,10,313,-303
104000131,948,593,355
104000132,471,716,-245
104000133,1512,855,657
104000134,1040,1682,-642
104000135,518,1673,-1155
104000136,881,3867,-2986
104000137,1711,441,1270
104000138,1081,392,689
104000139,6806,3196,3610
104000141,1140,1458,-318
104000142,690,839,-149
104000143,582,642,-60
104000144,73,241,-168
104000145,453,220,233
104000146,361,666,-305
104000147,175,423,-248
104000148,290,148,142
104000149,150,370,-220
104000150,1121,543,578
104000151,476,576,-100
104000152,547,645,-98
104000153,603,601,2
104000154,1183,786,397
104000155,486,657,-171
104000157,1100,1611,-511
104000158,564,359,205
104000159,833,528,305
104000160,1724,2042,-318
104000161,216,327,-111
104000162,104,241,-137
104000165,1285,1303,-18
104000167,682,1215,-533
104000168,508,7,501
104000169,96,64,32
104000170,583,593,-10
104000248,282,741,-459
104000251,71,260,-189
104000272,0,0,0
104000273,0,0,0
104000274,0,0,0
104000275,0,0,0
104000279,634,462,172
104000290,219,321,-102
104000291,861,1297,-436
104000293,779,757,22
104000294,29,1,28
104000295,532,873,-341
104000296,405,770,-365
104000297,739,1922,-1183
104000298,2420,804,1616
104000299,822,1626,-804
104000302,100,96,4
104000303,112,101,11
104900001,195,518,-323
104900002,39,164,-125
104900003,60,408,-348
104900004,99,439,-340
104900005,294,176,118
104900006,273,87,186
104900007,254,210,44
104900009,165,396,-231
104900010,67,62,5
104900011,25,13,12
104900012,261,51,210
104900013,125,27,98
104900014,3206,343,2863
104900015,112,10,102
104900016,222,242,-20
104900017,242,184,58
104900018,7,218,-211
104900019,361,2608,-2247
104900020,52,346,-294
104900021,2,223,-221
104900022,12,155,-143
104900023,8,87,-79
104900024,14,91,-77
104900025,99,345,-246
104900026,5,98,-93
104900027,541,364,177
104900028,30,97,-67
104900029,48,80,-32
104900030,404,287,117
104900031,84,264,-180
104900032,45,145,-100
104900033,147,231,-84
104900034,396,264,132
104900035,356,276,80
104900036,175,157,18
104900037,132,257,-125
104900038,574,755,-181
104900039,793,365,428
104900040,425,177,248
104900041,238,201,37
104900042,145,220,-75
104900043,31,125,-94
104900044,484,329,155
104900045,487,66,421
104900046,219,160,59
104900047,293,169,124
104900048,263,132,131
104900049,29,40,-11
104900050,492,100,392
104900051,291,53,238
104900052,53,1,52
104900053,427,103,324
104900054,198,38,160
104900055,116,7,109
104900056,588,25,563
104900057,32,0,32
104900058,539,205,334
104900059,310,83,227
104900060,6,378,-372
104900061,241,589,-348
104900063,0,112,-112
104900064,1,110,-109
104900065,1,189,-188
104900066,2,198,-196
104900067,1,327,-326
104900068,10,277,-267
104900070,169,315,-146
104900071,4,587,-583
104900072,49,289,-240
104900073,71,193,-122
104900074,47,284,-237
104900075,75,69,6
104900076,85,351,-266
104900077,988,207,781
104900078,190,586,-396
104900079,100,456,-356
104900080,101,605,-504
104900082,19,543,-524
104900085,5,194,-189
104900087,951,9,942
104900089,156,0,156
104900090,1127,625,502
104900091,1519,695,824
104900093,272,725,-453
104900097,2290,1749,541
104900098,184,56,128
104900099,628,949,-321
104900100,564,285,279
104900102,95,182,-87
104900103,403,74,329
104900104,3107,2211,896
104900106,116,172,-56
104900107,177,245,-68
104900108,51,279,-228
104900109,83,180,-97
104900110,6,78,-72
104900111,128,118,10
104900112,282,877,-595
104900113,652,405,247
104900114,380,487,-107
104900115,657,535,122
104900116,235,255,-20
104900118,50,96,-46
104900119,6,54,-48
104900120,84,281,-197
104900121,1,84,-83
104900122,0,74,-74
104900123,48,10,38
104900124,53,4,49
104900125,444,5,439
104900126,85,111,-26
104900127,56,90,-34
104900128,123,176,-53
104900129,1922,1595,327
105000001,2430,1755,675
105000002,2294,1660,634
105000003,3345,3514,-169
105000004,634,1169,-535
105000005,827,987,-160
105000006,1452,1533,-81
105000007,1282,1407,-125
105000008,1915,2625,-710
105000009,2076,3310,-1234
105000010,4026,2933,1093
105000011,3084,2606,478
105000012,4821,3633,1188
105000013,1086,1159,-73
105000014,3012,2563,449
105000015,9814,12102,-2288
105000016,3682,2439,1243
105000017,1803,1008,795
105000018,1625,1560,65
105000019,1957,1015,942
105000020,171,488,-317
105000021,343,115,228
105000022,301,90,211
105000023,583,367,216
105000028,77,181,-104
105000029,593,1208,-615
105000030,4686,3508,1178
105000031,10,58,-48
105000033,1602,2287,-685
105000034,173,986,-813
105000037,659,485,174
105000038,2126,1694,432
105000039,3492,1954,1538
105000040,1207,1078,129
105000041,843,1494,-651
105000042,3248,1570,1678
105000043,2354,2304,50
105000044,617,458,159
105000045,321,1083,-762
105000046,953,408,545
105000047,561,1872,-1311
105000048,730,228,502
105000049,284,812,-528
105000050,712,385,327
105000051,215,588,-373
105000052,867,1000,-133
105000053,211,222,-11
105000054,774,1053,-279
105000055,943,388,555
105000056,2923,2723,200
105000057,2381,926,1455
105000058,1422,1611,-189
105000059,719,751,-32
105000060,465,718,-253
105000061,534,705,-171
105000062,750,1042,-292
105000063,398,671,-273
105000064,1205,1058,147
105000065,380,823,-443
105000066,1283,1752,-469
105000067,1276,999,277
105000068,581,1118,-537
105000069,2314,1699,615
105000070,851,831,20
105000071,291,708,-417
105000072,1058,2116,-1058
105000073,795,659,136
105000074,1236,1107,129
105000075,663,899,-236
105000076,1474,1203,271
105000077,2631,1057,1574
105000078,1409,1396,13
105000079,1714,2988,-1274
105000080,1798,1371,427
105000081,3882,1399,2483
105000082,1217,1479,-262
105000083,4166,2809,1357
105000084,1266,1156,110
105000085,2145,1690,455
105000086,765,1339,-574
105000087,1928,2109,-181
105000088,1646,1935,-289
105000089,3622,2529,1093
105000090,1206,998,208
105000091,1969,1806,163
105000092,951,1191,-240
105000093,419,265,154
105000094,235,278,-43
105000095,121,563,-442
105000096,1416,1073,343
105000097,1124,781,343
105000098,1005,782,223
105000099,1208,812,396
105000100,1173,1140,33
105000101,3317,2211,1106
105000102,1793,1691,102
105000103,1820,2419,-599
105000104,2935,1086,1849
105000105,1679,2416,-737
105000106,1568,2171,-603
105000107,1162,1005,157
105000108,1433,1636,-203
105000109,1555,2140,-585
105000110,741,800,-59
105000111,663,1095,-432
105000112,1185,872,313
105000113,451,945,-494
105000114,3038,1195,1843
105000115,308,1382,-1074
105000116,804,690,114
105000117,1113,1543,-430
105000118,644,623,21
105000119,1004,1296,-292
105000120,996,833,163
105000121,948,1526,-578
105000122,597,967,-370
105000123,1503,1589,-86
105000124,2186,1117,1069
105000125,823,2170,-1347
105000126,2255,2011,244
105000127,2646,2549,97
105000128,2371,1319,1052
105000129,1281,405,876
105000130,370,2193,-1823
105000131,1009,524,485
105000132,757,628,129
105000133,536,1125,-589
105000134,708,735,-27
105000135,677,796,-119
105000136,186,432,-246
105000137,409,281,128
105000138,255,481,-226
105000139,1163,1295,-132
105000140,370,624,-254
105000141,371,772,-401
105000142,148,612,-464
105000143,232,788,-556
105000144,376,1089,-713
105000145,703,536,167
105000146,559,1175,-616
105000147,569,391,178
105000148,1182,684,498
105000149,2623,2071,552
105000150,2169,1996,173
105000151,546,508,38
105000152,210,610,-400
105000153,557,1113,-556
105000154,603,662,-59
105000155,424,1304,-880
105000156,983,831,152
105000157,864,1694,-830
105000158,1819,1118,701
105000159,263,1151,-888
105000160,1797,764,1033
105000161,799,1281,-482
105000162,578,1887,-1309
105000163,1233,990,243
105000164,215,318,-103
105000165,1196,4802,-3606
105000166,6326,1077,5249
105000167,2223,1369,854
105000168,364,893,-529
105000169,480,485,-5
105000170,186,1865,-1679
105000171,1178,285,893
105000172,333,92,241
105000173,227,159,68
105000174,77,134,-57
105000175,75,146,-71
105000176,302,182,120
105000177,285,273,12
105000178,133,553,-420
105000179,473,392,81
105000180,169,131,38
105000181,109,378,-269
105000182,123,54,69
105000183,3143,1882,1261
105000184,2645,1103,1542
105000185,1760,791,969
105000186,787,943,-156
105000187,911,199,712
105000188,650,146,504
105000189,462,534,-72
105000190,405,495,-90
105000191,529,438,91
105000192,353,93,260
105000193,140,147,-7
105000194,571,203,368
105000195,374,951,-577
105000196,119,344,-225
105000197,314,676,-362
105000198,716,397,319
105000199,427,843,-416
105000200,179,247,-68
105000201,228,37,191
105000203,11,229,-218
105000204,106,104,2
105000205,137,227,-90
105000207,571,323,248
105000208,237,508,-271
105000209,264,549,-285
105000211,264,31,233
105000212,1261,1500,-239
105000213,213,272,-59
105000214,151,471,-320
105000215,331,238,93
105000216,178,548,-370
105000217,164,419,-255
105000218,1360,1565,-205
105000221,148,255,-107
105000222,715,84,631
105000223,511,222,289
105000226,112,307,-195
105000227,109,195,-86
105000228,450,1590,-1140
105000229,220,439,-219
105000231,317,324,-7
105000233,1240,895,345
105000234,1029,1291,-262
105000235,389,805,-416
105000237,826,92,734
105000243,28,57,-29
105000248,83,92,-9
105000262,385,1426,-1041
105000269,126,264,-138
105000270,365,68,297
105000271,4,306,-302
105000282,99,73,26
105000287,414,138,276
105000288,851,527,324
105000289,3233,2053,1180
105000290,94,9,85
105000402,4021,3077,944
105000426,565,669,-104
105000438,4425,1599,2826
105000440,17,47,-30
105000446,12731,6179,6552
105000447,7814,3223,4591
105000454,390,863,-473
105000455,374,264,110
105000474,28,8,20
105000477,366,699,-333
105000478,1697,3646,-1949
105000479,190,174,16
105000480,8611,5599,3012
105000481,4264,3207,1057
105000482,5722,7370,-1648
105000483,1524,1708,-184
105000484,2530,3344,-814
105000485,1574,2446,-872
105000486,4535,2814,1721
105000488,10882,5751,5131
105000489,915,1035,-120
105000549,249,147,102
105000550,710,1807,-1097
105000551,51,189,-138
105000552,3285,2070,1215
105000555,1359,1063,296
105000556,65,38,27
105000557,62,262,-200
105900001,34,1174,-1140
105900002,1429,930,499
105900003,18,135,-117
105900004,356,120,236
105900005,20,368,-348
105900006,15,103,-88
105900007,235,31,204
105900008,52,811,-759
105900009,30,24,6
105900011,218,45,173
105900012,555,141,414
105900013,1,36,-35
105900014,8,57,-49
105900015,168,337,-169
105900016,425,590,-165
105900017,1827,87,1740
105900018,183,192,-9
105900019,80,330,-250
105900020,62,44,18
105900021,42,200,-158
105900022,253,166,87
105900023,7,93,-86
105900024,13,179,-166
105900025,173,74,99
105900026,300,42,258
105900027,5104,7893,-2789
105900028,627,278,349
105900029,1624,389,1235
105900030,263,282,-19
105900031,416,295,121
105900032,82,260,-178
105900033,261,144,117
105900034,237,305,-68
105900035,142,231,-89
105900036,79,126,-47
105900037,74,72,2
105900038,178,306,-128
105900039,115,101,14
105900040,119,167,-48
105900041,173,199,-26
105900042,49,144,-95
105900043,1316,56,1260
105900044,4,288,-284
105900045,4,674,-670
105900046,11,231,-220
105900047,10,25,-15
105900048,122,642,-520
105900050,6496,1717,4779
105900051,23,1084,-1061
105900052,582,391,191
105900053,3798,3136,662
105900054,382,207,175
105900056,894,510,384
105900057,44,161,-117
105900058,13,23,-10
105900059,0,30,-30
106000001,4949,2694,2255
106000002,2750,5406,-2656
106000003,2857,4016,-1159
106000004,2137,3100,-963
106000005,2895,6394,-3499
106000006,6087,4864,1223
106000007,498,720,-222
106000008,488,364,124
106000009,559,427,132
106000010,588,683,-95
106000011,958,1092,-134
106000012,846,1698,-852
106000013,1939,2211,-272
106000014,2106,1796,310
106000015,1527,1320,207
106000016,1315,2379,-1064
106000017,724,798,-74
106000018,729,593,136
106000019,405,633,-228
106000020,273,472,-199
106000021,366,560,-194
106000022,455,316,139
106000023,613,422,191
106000024,555,752,-197
106000025,143,201,-58
106000026,171,330,-159
106000027,1263,1728,-465
106000028,669,719,-50
106000029,987,1468,-481
106000030,740,452,288
106000034,251,745,-494
106000035,1257,1956,-699
106000036,310,438,-128
106000037,2184,1933,251
106000038,551,124,427
106000039,183,100,83
106000040,211,1067,-856
106000041,809,472,337
106000043,643,222,421
106000046,478,79,399
106000047,87,406,-319
106000049,921,221,700
106000050,382,806,-424
106000051,564,503,61
106000052,113,669,-556
106000053,346,165,181
106000054,354,570,-216
106000055,1004,1262,-258
106000056,366,504,-138
106000057,286,482,-196
106000058,141,203,-62
106000059,253,438,-185
106000060,415,634,-219
106000061,175,568,-393
106000062,185,553,-368
106000063,781,606,175
106000064,53,456,-403
106000065,311,340,-29
106000066,153,432,-279
106000067,1155,129,1026
106000068,70,756,-686
106000069,229,115,114
106000070,453,922,-469
106000071,966,381,585
106000072,3729,1741,1988
106000073,1761,3292,-1531
106000074,548,768,-220
106000075,328,1593,-1265
106000076,2035,2410,-375
106000077,3854,1681,2173
106000078,963,1111,-148
106000079,692,1277,-585
106000080,1321,816,505
106000081,842,1235,-393
106000082,2294,962,1332
106000083,482,1601,-1119
106000084,1148,762,386
106000085,1634,1638,-4
106000086,691,1046,-355
106000087,911,621,290
106000088,451,936,-485
106000089,969,499,470
106000090,255,664,-409
106000091,251,564,-313
106000092,690,370,320
106000093,568,176,392
106000094,149,326,-177
106000095,664,1008,-344
106000096,894,817,77
106000097,1258,1266,-8
106000098,1184,1248,-64
106000099,268,946,-678
106000100,1367,341,1026
106000101,1558,350,1208
106000102,307,701,-394
106000103,654,628,26
106000104,1116,565,551
106000105,515,734,-219
106000106,776,705,71
106000107,220,432,-212
106000108,404,436,-32
106000109,162,429,-267
106000110,286,515,-229
106000111,259,643,-384
106000112,208,705,-497
106000113,844,651,193
106000114,620,773,-153
106000115,263,570,-307
106000116,342,331,11
106000117,1021,807,214
106000118,1172,1540,-368
106000119,1756,1120,636
106000120,713,1195,-482
106000121,185,192,-7
106000122,113,274,-161
106000123,437,182,255
106000124,120,346,-226
106000125,34,355,-321
106000126,354,194,160
106000127,885,1123,-238
106000128,742,352,390
106000129,599,848,-249
106000130,631,624,7
106000131,200,964,-764
106000132,684,244,440
106000133,2592,1368,1224
106000134,685,2276,-1591
106000135,320,797,-477
106000136,704,1112,-408
106000137,101,1142,-1041
106000138,1467,164,1303
106000139,85,158,-73
106000140,68,75,-7
106000141,120,114,6
106000142,72,67,5
106000143,87,82,5
106000144,41,49,-8
106000145,225,302,-77
106000146,335,217,118
106000147,435,498,-63
106000148,942,1008,-66
106000149,574,474,100
106000150,533,2192,-1659
106000151,3818,1033,2785
106000152,1454,2061,-607
106000153,119,2025,-1906
106000154,1573,291,1282
106000155,106,286,-180
106000156,654,327,327
106000157,580,1719,-1139
106000158,2582,1070,1512
106000159,3731,1937,1794
106000160,426,2671,-2245
106000161,1658,551,1107
106000162,227,999,-772
106000163,693,546,147
106000164,400,418,-18
106000165,214,708,-494
106000166,688,347,341
106000167,408,1325,-917
106000168,418,310,108
106000169,248,788,-540
106000170,1072,328,744
106000171,332,1259,-927
106000172,2772,1566,1206
106000173,1342,2998,-1656
106000174,1007,417,590
106000175,255,1041,-786
106000176,1591,839,752
106000177,933,2833,-1900
106000178,3337,2020,1317
106000179,1268,2877,-1609
106000180,822,1675,-853
106000181,679,1718,-1039
106000182,1097,746,351
106000183,1215,796,419
106000184,1471,746,725
106000185,944,1138,-194
106000186,965,215,750
106000187,278,1250,-972
106000188,0,2,-2
106000189,13,79,-66
106000190,43,3,40
106000191,618,268,350
106000192,5,21,-16
106000193,401,260,141
106000194,131,363,-232
106000195,551,134,417
106000196,172,344,-172
106000197,592,338,254
106000198,226,323,-97
106000199,1058,846,212
106000200,229,257,-28
106000201,495,2463,-1968
106000202,4402,690,3712
106000203,67,220,-153
106000204,109,19,90
106000205,24,194,-170
106000206,95,27,68
106000207,63,821,-758
106000208,1420,221,1199
106000209,1438,386,1052
106000210,292,1176,-884
106000211,382,1353,-971
106000212,903,379,524
106000213,808,1839,-1031
106000214,2747,697,2050
106000215,746,549,197
106000216,955,406,549
106000217,410,503,-93
106000218,622,436,186
106000219,155,389,-234
106000220,454,363,91
106000221,168,329,-161
106000222,37,80,-43
106000223,213,137,76
106000224,174,266,-92
106000225,88,113,-25
106000226,150,348,-198
106000228,41,133,-92
106000229,73,803,-730
106000231,870,158,712
106000232,92,460,-368
106000233,851,125,726
106000234,183,199,-16
106000235,1826,131,1695
106000236,881,60,821
106000237,8,16,-8
106000238,384,20,364
106000239,4,216,-212
106000240,119,6,113
106000241,19,734,-715
106000242,278,39,239
106000249,53,101,-48
106000250,76,656,-580
106000251,144,39,105
106000252,31,72,-41
106000253,58,74,-16
106000254,46,48,-2
106000255,32,139,-107
106000256,71,85,-14
106000257,177,224,-47
106000258,1082,29,1053
106000259,42,39,3
106000260,56,18,38
106000261,13,64,-51
106000262,211,24,187
106000263,15,118,-103
106000264,258,16,242
106000265,20,139,-119
106000266,116,60,56
106000267,5,89,-84
106000268,578,113,465
106000269,110,81,29
106000270,157,597,-440
106000271,80,291,-211
106000272,307,105,202
106000273,14,293,-279
106000274,138,60,78
106000275,173,293,-120
106000276,149,45,104
106000277,165,324,-159
106000278,193,47,146
106000279,21,47,-26
106000280,107,83,24
106000281,128,81,47
106000282,70,72,-2
106000283,132,90,42
106000284,57,135,-78
106000285,97,122,-25
106000286,118,197,-79
106000287,157,103,54
106000288,112,192,-80
106000289,81,110,-29
106000290,78,107,-29
106000291,88,133,-45
106000292,122,122,0
106000293,145,87,58
106000294,139,160,-21
106000295,55,54,1
106000296,44,135,-91
106000297,83,232,-149
106000298,189,68,121
106000299,96,154,-58
106000300,55,92,-37
106000301,81,107,-26
106000303,50,115,-65
106000304,24,27,-3
106000305,50,92,-42
106000306,29,80,-51
106000307,39,43,-4
106000308,24,175,-151
106000309,25,83,-58
106000310,318,621,-303
106000311,397,228,169
106000312,86,196,-110
106000313,177,259,-82
106000318,158,434,-276
106000319,1218,216,1002
106000320,9,58,-49
106000321,465,108,357
106000322,158,208,-50
106000324,13,206,-193
106000325,1499,1073,426
106000326,1001,2095,-1094
106000327,145,160,-15
106000328,21,131,-110
106000329,138,308,-170
106000330,76,98,-22
106000428,101,251,-150
106000429,157,592,-435
106000430,490,1617,-1127
106000431,2736,545,2191
106000432,2351,3559,-1208
106000433,2104,1464,640
106000434,3052,1521,1531
106000435,1981,3080,-1099
106000436,15,268,-253
106000437,327,24,303
106000438,357,167,190
106000439,88,448,-360
106000440,291,513,-222
106000441,2,0,2
106000442,206,6,200
106000443,126,428,-302
106000450,4,188,-184
106000451,35,46,-11
106000454,8,613,-605
106000455,31,228,-197
106000456,158,84,74
106000457,19,1054,-1035
106000458,737,167,570
106000459,571,524,47
106000460,1802,64,1738
106000461,108,1465,-1357
106000462,2,58,-56
106000463,8,16,-8
106000464,7,518,-511
106000465,554,6,548
106000466,4,692,-688
106000467,638,832,-194
106000468,92,210,-118
106000469,253,2,251
106000470,317,1893,-1576
106000471,37,618,-581
106000472,139,24,115
106000473,41,23,18
106000474,331,663,-332
106000475,370,253,117
106000476,208,205,3
106000477,43,177,-134
106000480,3,644,-641
106900001,0,14,-14
106900002,7,559,-552
106900003,294,922,-628
106900004,0,59,-59
106900006,0,10,-10
106900007,0,20,-20
106900008,297,285,12
106900009,360,370,-10
106900010,292,266,26
106900012,1909,2133,-224
106900013,700,166,534
106900014,18,3,15
106900015,25,2,23
106900016,328,8,320
106900017,2,0,2
106900018,1,1,0
106900019,32,3,29
106900020,2572,1504,1068
106900021,127,88,39
106900022,717,1,716
106900023,80,285,-205
106900024,667,50,617
106900025,61,646,-585
106900026,3,662,-659
106900027,700,12,688
107000001,4346,3366,980
107000002,4022,6125,-2103
107000003,5677,7445,-1768
107000004,5166,6287,-1121
107000005,4867,6026,-1159
107000006,7051,6477,574
107000007,5710,10975,-5265
107000008,14446,11298,3148
107000009,7400,7759,-359
107000010,15144,13127,2017
107000011,1553,1709,-156
107000012,5516,4440,1076
107000013,133,159,-26
107000014,53,374,-321
107000015,644,997,-353
107000016,906,1123,-217
107000017,4659,1065,3594
107000018,17,445,-428
107000020,3090,665,2425
107000021,1799,683,1116
107000022,1165,1254,-89
107000023,2516,403,2113
107000024,586,1671,-1085
107000025,230,463,-233
107000026,315,695,-380
107000027,1307,1339,-32
107000028,1275,1902,-627
107000029,3530,3077,453
107000030,3631,4049,-418
107000031,3949,2690,1259
107000032,644,1258,-614
107000033,3898,6124,-2226
107000034,3927,2094,1833
107000035,419,320,99
107000036,528,1531,-1003
107000037,93,935,-842
107000038,301,352,-51
107000039,970,934,36
107000040,187,575,-388
107000041,1636,874,762
107000042,746,2222,-1476
107000043,3186,1290,1896
107000044,694,366,328
107000045,151,356,-205
107000046,895,473,422
107000047,521,977,-456
107000048,629,348,281
107000049,673,918,-245
107000050,1115,703,412
107000051,656,490,166
107000052,1264,1137,127
107000053,362,260,102
107000054,121,393,-272
107000055,431,197,234
107000056,664,1076,-412
107000057,2032,415,1617
107000058,2439,2446,-7
107000059,2574,3783,-1209
107000060,3993,5764,-1771
107000061,5587,4580,1007
107000062,3808,3565,243
107000063,4438,6494,-2056
107000064,4886,2405,2481
107000065,5581,5921,-340
107000066,2074,2930,-856
107000067,1292,1330,-38
107000068,1660,720,940
107000069,827,542,285
107000070,1147,3,1144
107000071,3034,49,2985
107000072,63,3346,-3283
107000073,749,302,447
107000074,168,1180,-1012
107000075,1629,552,1077
107000076,881,1975,-1094
107000077,3361,1386,1975
107000078,3064,4283,-1219
107000079,2666,1182,1484
107000080,1453,3894,-2441
107000081,1838,730,1108
107000082,732,2463,-1731
107000083,1468,509,959
107000084,629,2515,-1886
107000085,3059,4225,-1166
107000086,4708,4143,565
107000087,3052,2541,511
107000088,4675,4627,48
107000089,1629,2153,-524
107000090,1258,1387,-129
107000091,1245,1016,229
107000092,864,1314,-450
107000093,1176,997,179
107000094,1207,1488,-281
107000095,941,857,84
107000096,629,1224,-595
107000097,987,532,455
107000098,732,903,-171
107000099,505,390,115
107000100,297,356,-59
107000101,101,278,-177
107000102,260,359,-99
107000103,377,228,149
107000104,226,401,-175
107000105,368,169,199
107000106,501,350,151
107000107,757,295,462
107000108,241,903,-662
107000109,595,253,342
107000110,100,540,-440
107000111,357,59,298
107000112,84,366,-282
107000113,649,183,466
107000114,130,704,-574
107000115,554,202,352
107000116,169,933,-764
107000117,158,608,-450
107000118,112,294,-182
107000119,1709,1749,-40
107000120,1880,550,1330
107000121,753,951,-198
107000122,1447,1194,253
107000123,450,916,-466
107000124,609,1191,-582
107000125,920,817,103
107000126,1043,1116,-73
107000129,425,1038,-613
107000130,910,291,619
107000131,391,671,-280
107000132,649,395,254
107000133,1495,111,1384
107000134,340,7,333
107000135,10,292,-282
107000136,837,6,831
107000137,11,457,-446
107000138,518,41,477
107000139,19,481,-462
107000140,2537,128,2409
107000141,181,992,-811
107000142,996,138,858
107000143,85,886,-801
107000144,847,635,212
107000145,176,666,-490
107000146,259,436,-177
107000147,5157,1584,3573
107000150,853,2820,-1967
107000151,47,122,-75
107000152,509,1306,-797
107000153,248,474,-226
107000154,377,267,110
107000155,906,26,880
107000156,1230,39,1191
107000157,36,1931,-1895
107000158,820,33,787
107000159,60,1341,-1281
107000160,970,161,809
107000161,73,1877,-1804
107000162,326,548,-222
107000163,424,4,420
107000164,801,3,798
107000165,910,15,895
107000166,61,1295,-1234
107000167,607,332,275
107000168,982,620,362
107000169,1071,1241,-170
107000170,1858,1045,813
107000171,765,2551,-1786
107000172,1166,1558,-392
107000173,758,1381,-623
107000174,1034,4490,-3456
107000175,8178,2481,5697
107000176,2,4,-2
107000177,3,3,0
107000178,6,54,-48
107000179,294,2908,-2614
107000180,1238,411,827
107000181,445,1572,-1127
107000182,1591,1025,566
107000183,196,1059,-863
107000184,1037,832,205
107000185,481,1596,-1115
107000186,1154,502,652
107000187,2074,1504,570
107000188,936,681,255
107000189,474,1218,-744
107000190,742,950,-208
107000191,867,1686,-819
107000192,1839,1114,725
107000193,466,576,-110
107000194,1009,853,156
107000197,913,326,587
107000198,375,1019,-644
107000199,659,1116,-457
107000200,873,840,33
107000201,952,307,645
107000202,573,501,72
107000203,2264,695,1569
107000204,2212,759,1453
107000205,2627,1194,1433
107000206,1085,1200,-115
107000207,925,1140,-215
107000208,1161,476,685
107000209,2391,1219,1172
107000210,964,444,520
107000211,1,57,-56
107000212,7,448,-441
107000213,12,26,-14
107000214,14,215,-201
107000215,483,512,-29
107000216,439,327,112
107000217,504,161,343
107000219,100,139,-39
107000220,825,200,625
107000222,320,949,-629
107000224,368,83,285
107000225,226,568,-342
107000226,446,102,344
107000227,134,353,-219
107000228,79,248,-169
107000229,145,189,-44
107000230,1426,676,750
107000231,2083,1654,429
107000232,117,33,84
107000233,1869,1035,834
107000234,0,59,-59
107000235,70,12,58
107000236,18,645,-627
107000237,22,3,19
107000238,68,6,62
107000239,3744,614,3130
107000240,91,1023,-932
107000243,0,102,-102
107000244,6,77,-71
107000246,2,1231,-1229
107000249,3,1167,-1164
107000251,2,363,-361
107000252,7,1318,-1311
107000255,525,97,428
107000257,0,539,-539
107000258,0,145,-145
107000259,36,242,-206
107000260,683,22,661
107000262,8,635,-627
107000263,242,28,214
107000266,8,50,-42
107000267,83,180,-97
107000268,201,186,15
107000269,646,49,597
107000270,0,18,-18
107000271,14,901,-887
107000272,19,201,-182
107000273,1,235,-234
107000274,1762,179,1583
107000275,121,728,-607
107000280,911,22,889
107000281,62,1106,-1044
107000282,20,1115,-1095
107000290,5,32,-27
107000291,25,9,16
107000292,9,48,-39
107000293,249,3,246
107000294,0,50,-50
107000295,45,7,38
107000296,1,15,-14
107000444,207,6,201
107000496,1,23,-22
107000497,1694,3242,-1548
107000500,352,373,-21
107000501,224,191,33
107000502,237,407,-170
107000505,572,918,-346
107000506,1,39,-38
107000508,6,749,-743
107000509,291,1262,-971
107000510,170,31,139
107000514,83,355,-272
107000515,20,271,-251
107000516,392,325,67
107000518,1030,1187,-157
107000519,2569,1209,1360
107000520,84,38,46
107000521,635,545,90
107000522,984,772,212
107900001,54,207,-153
107900002,77,5,72
107900003,208,26,182
107900004,18,6,12
107900005,1375,5,1370
107900006,201,3,198
107900007,336,41,295
107900008,91,29,62
107900009,185,3,182
107900010,36,2,34
107900012,271,33,238
107900013,274,69,205
107900014,54,12,42
107900015,955,9,946
107900016,456,99,357
107900017,27,2,25
107900018,49,137,-88
107900019,18,53,-35
107900020,114,18,96
107900021,59,175,-116
107900023,2,1,1
107900024,0,10,-10
107900025,181,292,-111
107900026,57,70,-13
107900027,104,63,41
107900028,64,86,-22
107900030,154,10,144
107900031,68,114,-46
107900032,35,2,33
107900033,17,10,7
107900034,366,23,343
107900035,921,63,858
107900036,52,10,42
107900037,0,20,-20
107900038,178,268,-90
107900039,40,59,-19
107900040,48,94,-46
107900041,1,7,-6
107900043,48,130,-82
107900044,5,10,-5
107900045,112,80,32
107900046,210,175,35
107900047,14,26,-12
107900048,174,14,160
107900049,353,1859,-1506
107900050,193,441,-248
107900051,96,72,24
107900052,42,18,24
107900053,54,101,-47
107900055,486,224,262
107900056,209,39,170
107900057,0,0,0
107900058,42,710,-668
107900060,165,35,130
107900061,17,16,1
107900063,68,123,-55
107900064,272,161,111
107900065,178,7,171
107900066,18,16,2
107900067,0,0,0
107900068,315,328,-13
107900069,54,2014,-1960
107900070,157,53,104
107900071,38,927,-889
107900072,85,226,-141
107900073,352,136,216
107900074,981,271,710
107900076,101,59,42
107900077,73,1,72
107900079,4,25,-21
107900080,302,366,-64
107900081,63,185,-122
107900082,30,29,1
107900083,345,130,215
107900084,90,119,-29
107900086,319,171,148
107900087,801,161,640
107900088,51,8,43
107900089,282,1318,-1036
107900090,667,2627,-1960
107900091,268,557,-289
107900093,129,88,41
107900095,4549,3413,1136
107900097,24,54,-30
107900098,44,143,-99
107900100,1247,1277,-30
107900101,1321,227,1094
107900102,47,9,38
107900103,58,213,-155
107900104,230,9,221
107900105,1,453,-452
107900106,6,1230,-1224
107900107,937,570,367
107900108,349,157,192
107900109,1130,14,1116
107900110,44,138,-94
107900111,12,1006,-994
107900112,123,359,-236
107900113,245,153,92
107900114,145,228,-83
107900115,1,55,-54
107900116,169,205,-36
107900117,418,517,-99
107900118,72,238,-166
107900119,99,377,-278
107900120,36,36,0
107900121,2,298,-296
107900122,4,64,-60
107900123,7,54,-47
107900124,50,27,23
107900125,24,175,-151
107900126,8,64,-56
107900127,494,430,64
107900128,151,70,81
107900129,65,60,5
107900130,77,33,44
107900131,746,216,530
107900132,169,483,-314
107900133,1,98,-97
107900134,32,83,-51
107900135,6,168,-162
107900136,35,38,-3
107900137,447,113,334
107900138,47,52,-5
107900139,37,99,-62
107900141,46,51,-5
107900142,234,1041,-807
107900143,129,42,87
107900144,1,170,-169
107900145,12,114,-102
107900146,64,158,-94
107900147,39,66,-27
107900148,175,127,48
107900149,1158,274,884
107900150,130,937,-807
107900151,31,135,-104
107900152,7,222,-215
107900153,219,357,-138
107900154,71,39,32
107900155,64,92,-28
107900156,1,397,-396
107900157,30,78,-48
107900158,820,35,785
107900159,44,1013,-969
107900160,153,197,-44
107900161,28,227,-199
107900162,1,60,-59
107900163,160,25,135
107900164,8,44,-36
107900165,23,97,-74
107900166,20,250,-230
107900167,85,50,35
107900168,31,59,-28
107900169,6,179,-173
107900171,18,1856,-1838
107900172,2,473,-471
107900173,14,162,-148
107900174,98,9,89
107900175,61,27,34
107900176,33,58,-25
107900177,0,66,-66
107900178,0,227,-227
107900179,26,215,-189
107900180,820,489,331
107900181,292,315,-23
107900182,16,1495,-1479
107900183,54,380,-326
107900184,302,244,58
107900185,152,5,147
107900186,34,77,-43
107900187,0,148,-148
107900188,868,197,671
107900189,60,147,-87
107900190,123,114,9
107900191,65,117,-52
107900193,15,56,-41
107900194,248,8,240
107900195,3324,513,2811
107900196,43,106,-63
107900197,1016,370,646
107900199,3,1169,-1166
107900201,50,155,-105
107900203,23,89,-66
107900204,241,205,36
107900206,1116,184,932
107900207,0,770,-770
107900208,14,828,-814
107900209,491,161,330
107900210,106,169,-63
107900213,555,450,105
107900214,17,159,-142
107900215,191,307,-116
107900216,164,60,104
107900217,87,123,-36
107900218,15,1424,-1409
107900219,52,166,-114
107900220,260,331,-71
107900221,157,291,-134
107900223,82,732,-650
107900224,113,352,-239
107900225,7,814,-807
107900226,87,127,-40
107900227,153,549,-396
107900228,15,131,-116
107900229,4,309,-305
107900230,21,218,-197
107900231,22,241,-219
107900232,97,184,-87
107900233,4,190,-186
107900234,101,185,-84
107900235,48,132,-84
107900236,94,120,-26
107900237,84,427,-343
107900238,29,118,-89
107900239,1068,492,576
107900240,35,208,-173
107900241,14,104,-90
107900242,26,311,-285
107900243,3,91,-88
107900244,322,2,320
107900245,700,58,642
107900246,527,23,504
107900248,504,607,-103
107900249,612,25,587
107900250,2,673,-671
107900251,108,1836,-1728
107900252,1063,28,1035
107900253,146,13,133
107900254,83,862,-779
107900255,364,122,242
107900256,2529,884,1645
107900257,206,151,55
107900258,109,242,-133
107900259,132,1809,-1677
107900261,1,448,-447
107900262,77,147,-70
107900264,247,3,244
107900265,655,161,494
107900267,218,22,196
107900268,11,3,8
107900269,0,3,-3
107900270,0,0,0
107900271,4,5,-1
107900272,69,13,56
107900273,45,102,-57
107900274,75,0,75
107900275,35,0,35
107900276,1,82,-81
107900277,1,154,-153
107900278,237,419,-182
107900279,118,175,-57
107900280,1612,2978,-1366
107900281,2521,2641,-120
107900282,66,461,-395
107900283,1242,482,760
107900284,703,884,-181
107900285,116,92,24
107900286,242,129,113
107900287,177,209,-32
107900290,0,129,-129
107900291,406,17,389
107900292,121,249,-128
107900293,65,562,-497
107900295,85,73,12
107900297,3,378,-375
107900298,798,1028,-230
107900299,3451,2123,1328
107900301,1301,711,590
107900302,84,74,10
107900303,230,439,-209
107900304,185,483,-298
107900305,342,13,329
107900306,23,26,-3
107900307,59,270,-211
107900308,178,109,69
107900309,153,1,152
107900310,422,2,420
107900311,6,186,-180
107900312,93,2,91
107900313,2,120,-118
107900314,0,47,-47
107900315,0,47,-47
107900316,43,5,38
107900317,199,18,181
107900318,14,143,-129
107900319,7,157,-150
107900320,3,200,-197
107900321,138,7,131
107900322,4,163,-159
107900323,6,223,-217
107900324,176,4,172
107900325,108,3,105
107900326,284,323,-39
107900327,6,88,-82
107900328,168,2,166
107900329,236,116,120
107900330,10,439,-429
107900331,254,41,213
107900332,241,44,197
107900333,47,21,26
107900334,9,199,-190
107900335,72,42,30
107900336,58,73,-15
107900337,1301,815,486
107900338,1,190,-189
107900339,3,26,-23
107900340,4,62,-58
107900341,89,4,85
107900342,141,161,-20
107900343,91,3,88
107900344,19,101,-82
107900345,149,65,84
107900346,19,2,17
107900347,43,5,38
107900348,9,2,7
107900349,14,11,3
107900350,21,329,-308
107900351,5,200,-195
107900352,1,42,-41
107900353,34,2,32
107900354,10,76,-66
108000001,2865,3714,-849
108000002,2292,3471,-1179
108000003,3414,3260,154
108000004,15348,18925,-3577
108000005,8372,6442,1930
108000006,10010,9825,185
108000007,5356,4568,788
108000008,5253,7927,-2674
108000009,3695,4670,-975
108000010,3920,5761,-1841
108000011,12598,11999,599
108000012,21888,19268,2620
108000014,1359,873,486
108000015,831,331,500
108000016,393,940,-547
108000017,1059,434,625
108000018,1775,726,1049
108000019,2610,874,1736
108000020,1354,527,827
108000021,342,2139,-1797
108000022,512,1537,-1025
108000023,1223,260,963
108000024,373,770,-397
108000025,323,380,-57
108000026,885,595,290
108000027,837,954,-117
108000028,869,348,521
108000029,667,1134,-467
108000030,559,325,234
108000031,219,829,-610
108000032,1484,744,740
108000033,807,1580,-773
108000034,1549,573,976
108000035,916,3070,-2154
108000036,398,1236,-838
108000037,1479,443,1036
108000038,2227,657,1570
108000039,656,2640,-1984
108000040,1781,1003,778
108000041,691,3039,-2348
108000042,321,270,51
108000043,214,425,-211
108000044,449,216,233
108000045,297,830,-533
108000046,1398,379,1019
108000047,440,1269,-829
108000048,283,540,-257
108000049,1091,332,759
108000050,232,771,-539
108000051,361,148,213
108000052,299,877,-578
108000053,416,231,185
108000054,650,1216,-566
108000055,1024,595,429
108000056,1523,1619,-96
108000057,660,1192,-532
108000058,2032,3919,-1887
108000059,4126,2581,1545
108000060,214,678,-464
108000061,380,600,-220
108000062,834,641,193
108000063,474,606,-132
108000064,225,281,-56
108000065,594,630,-36
108000066,1649,863,786
108000067,1790,706,1084
108000068,618,405,213
108000069,312,1311,-999
108000070,1743,780,963
108000071,775,1900,-1125
108000072,1653,1345,308
108000073,1601,2317,-716
108000074,596,394,202
108000075,368,1187,-819
108000076,730,610,120
108000077,673,919,-246
108000078,2306,1516,790
108000079,1225,2263,-1038
108000080,1476,655,821
108000081,877,2256,-1379
108000082,1093,2080,-987
108000083,1858,1187,671
108000084,545,1420,-875
108000085,816,505,311
108000086,1159,912,247
108000087,166,1834,-1668
108000088,827,228,599
108000089,402,428,-26
108000091,297,580,-283
108000092,203,122,81
108000093,212,817,-605
108000094,708,104,604
108000095,174,484,-310
108000096,352,207,145
108000097,131,515,-384
108000098,1632,1588,44
108000099,1114,323,791
108000100,131,578,-447
108000101,1976,1597,379
108000102,1909,3537,-1628
108000106,1006,3,1003
108000107,2,811,-809
108000108,958,62,896
108000109,14,807,-793
108000110,214,362,-148
108000111,191,641,-450
108000112,79,143,-64
108000113,573,323,250
108000115,340,343,-3
108000117,823,396,427
108000118,655,1720,-1065
108000119,792,501,291
108000120,176,744,-568
108000121,251,620,-369
108000122,711,360,351
108000123,1293,249,1044
108000124,848,707,141
108000125,507,313,194
108000126,276,643,-367
108000127,544,413,131
108000128,685,749,-64
108000129,546,1406,-860
108000130,678,362,316
108000131,1084,654,430
108000132,2421,1877,544
108000133,760,560,200
108000134,634,904,-270
108000135,1109,712,397
108000136,607,1279,-672
108000137,449,418,31
108000138,436,1310,-874
108000139,430,371,59
108000140,118,42,76
108000141,53,114,-61
108000142,63,125,-62
108000143,38,556,-518
108000144,325,75,250
108000145,58,19,39
108000146,498,81,417
108000147,29,37,-8
108000148,431,118,313
108000149,35,45,-10
108000150,37,5,32
108000151,383,114,269
108000152,166,556,-390
108000153,504,184,320
108000154,81,17,64
108000155,34,14,20
108000156,851,692,159
108000157,212,828,-616
108000158,117,745,-628
108000159,607,254,353
108000160,3806,1426,2380
108000161,3075,2936,139
108000165,6,136,-130
108000172,9,379,-370
108000173,2385,2099,286
108000175,477,133,344
108000178,490,389,101
108000179,240,891,-651
108000181,61,76,-15
108000182,348,133,215
108000183,70,448,-378
108000184,1296,2216,-920
108000185,264,856,-592
108000186,361,662,-301
108000187,192,812,-620
108000188,641,306,335
108000189,2612,6978,-4366
108000190,39,150,-111
108000192,210,659,-449
108000193,869,31,838
108000194,40,9,31
108000195,2,1325,-1323
108000196,328,186,142
108000198,774,557,217
108000199,0,220,-220
108000200,658,663,-5
108000203,160,989,-829
108000204,197,72,125
108000205,488,587,-99
108000339,1577,437,1140
108000364,376,886,-510
108000365,69,311,-242
108000367,185,398,-213
108000368,14,98,-84
108000369,1477,356,1121
108000371,14,753,-739
108000372,787,5,782
108000373,226,224,2
108000376,88,24,64
108000377,392,371,21
108000378,9254,10282,-1028
108000379,57,240,-183
108000381,77,41,36
108000382,233,2,231
108000383,3,279,-276
108900001,124,1227,-1103
108900002,197,67,130
108900003,324,796,-472
108900004,1436,467,969
108900007,237,236,1
108900008,114,160,-46
108900009,68,120,-52
108900010,247,166,81
108900011,528,466,62
108900012,304,539,-235
108900013,138,303,-165
108900014,9,125,-116
108900015,0,75,-75
108900016,2,293,-291
108900017,247,318,-71
108900018,131,478,-347
108900019,28,971,-943
108900020,41,244,-203
108900021,104,256,-152
108900022,92,7,85
108900023,3,26,-23
108900024,22,188,-166
108900025,110,161,-51
108900026,19,95,-76
108900027,0,121,-121
108900028,111,421,-310
108900029,75,394,-319
108900030,0,134,-134
108900031,131,497,-366
108900032,19,235,-216
108900033,0,90,-90
108900034,1,228,-227
108900035,313,1661,-1348
108900038,0,368,-368
108900039,2,581,-579
108900040,13,147,-134
108900041,5511,3033,2478
108900042,7,448,-441
108900043,62,428,-366
108900044,3,612,-609
108900045,64,635,-571
108900046,64,879,-815
108900047,1,132,-131
108900048,125,1094,-969
108900049,4498,1605,2893
108900050,2,317,-315
108900051,1,232,-231
108900052,46,255,-209
108900053,116,203,-87
108900054,57,244,-187
108900055,62,394,-332
108900056,2,213,-211
108900057,2,142,-140
108900058,28,406,-378
108900059,397,33,364
108900060,79,144,-65
108900061,105,36,69
108900062,11,297,-286
108900063,7,382,-375
108900064,181,96,85
108900065,10,292,-282
108900066,313,153,160
108900067,26,208,-182
108900068,9,214,-205
108900069,71,143,-72
108900070,50,140,-90
108900071,82,54,28
108900072,2077,606,1471
108900073,34,382,-348
108900074,209,484,-275
108900075,88,62,26
108900076,291,101,190
108900077,190,553,-363
108900078,16,180,-164
108900079,1088,237,851
108900080,29,761,-732
108900081,64,283,-219
108900082,62,115,-53
108900083,27,255,-228
108900085,2481,297,2184
108900086,89,294,-205
108900087,158,226,-68
108900088,1015,499,516
108900089,25,183,-158
108900090,31,377,-346
108900091,143,114,29
108900092,418,444,-26
108900093,105,99,6
108900094,192,123,69
108900095,74,433,-359
108900096,403,25,378
108900097,255,293,-38
108900098,2794,667,2127
108900099,410,318,92
108900100,80,183,-103
108900101,175,148,27
108900102,131,865,-734
108900103,72,126,-54
108900105,4,1203,-1199
108900106,426,517,-91
108900108,415,42,373
108900109,339,59,280
108900110,173,555,-382
108900111,454,735,-281
108900113,72,62,10
108900114,49,23,26
108900115,49,88,-39
108900116,146,22,124
108900117,188,13,175
108900118,455,23,432
108900119,262,40,222
108900120,311,149,162
108900121,307,125,182
108900122,156,37,119
108900123,123,120,3
108900124,404,235,169
108900125,315,10,305
108900126,102,24,78
108900127,128,31,97
108900128,112,35,77
108900129,652,147,505
108900130,302,2,300
108900131,430,9,421
108900132,466,91,375
108900133,265,84,181
108900134,261,311,-50
108900135,171,12,159
108900136,69,2,67
108900137,138,2,136
108900138,639,62,577
108900140,330,313,17
108900141,235,17,218
108900142,137,22,115
108900143,26,0,26
108900144,68,1,67
108900145,150,10,140
108900146,63,0,63
108900147,162,0,162
108900148,76,55,21
108900150,291,9,282
108900151,313,7,306
108900152,212,24,188
108900153,214,458,-244
108900154,4926,585,4341
108900156,72,14,58
108900157,31,633,-602
108900158,423,43,380
108900159,7,295,-288
108900160,22,315,-293
108900161,6,445,-439
108900162,81,1,80
108900163,8,236,-228
108900164,90,98,-8
108900168,9552,2521,7031
108900169,63,155,-92
108900171,7459,2857,4602
108900172,178,60,118
108900173,201,374,-173
108900174,679,670,9
108900176,113,588,-475
108900177,6181,4843,1338
108900178,4295,3091,1204
108900180,85,260,-175
108900183,196,233,-37
108900184,432,222,210
108900185,124,292,-168
108900186,68,360,-292
108900189,282,182,100
108900190,71,3372,-3301
108900192,87,205,-118
108900195,112,382,-270
108900196,27,461,-434
108900199,276,480,-204
108900200,614,306,308
108900201,579,1638,-1059
108900203,459,92,367
108900204,336,12,324
108900205,142,29,113
108900206,513,35,478
108900207,187,73,114
108900208,29,374,-345
108900209,354,616,-262
108900210,171,261,-90
108900211,175,399,-224
108900212,840,1388,-548
108900215,105,508,-403
108900216,614,177,437
108900217,162,3,159
108900218,131,26,105
108900221,54,115,-61
108900224,55,185,-130
108900225,1,255,-254
108900227,119,227,-108
108900230,359,295,64
108900232,0,289,-289
108900233,351,108,243
108900234,315,174,141
108900235,226,596,-370
108900236,42,304,-262
108900240,121,122,-1
108900241,33,46,-13
108900245,8,1371,-1363
108900250,240,144,96
108900258,6,208,-202
108900259,81,129,-48
108900260,12,112,-100
108900261,128,176,-48
108900262,158,152,6
108900263,47,181,-134
108900264,668,297,371
108900265,1070,329,741
108900266,1053,477,576
108900267,1,85,-84
108900268,16,14,2
108900269,67,22,45
108900270,52,7,45
108900271,70,9,61
108900272,191,17,174
108900273,1248,803,445
108900274,73,67,6
109000001,3392,1426,1966
109000002,2008,1655,353
109000003,2589,578,2011
109000004,536,2426,-1890
109000005,2508,821,1687
109000006,844,2283,-1439
109000007,1252,750,502
109000008,572,1920,-1348
109000009,3564,1458,2106
109000010,1645,4483,-2838
109000011,2967,1943,1024
109000012,1881,4025,-2144
109000013,3084,2891,193
109000014,2096,3705,-1609
109000015,3843,6782,-2939
109000016,7892,4483,3409
109000017,2109,1363,746
109000018,936,3640,-2704
109000019,2623,1489,1134
109000020,1215,2181,-966
109000023,333,40,293
109000024,13,258,-245
109000025,397,560,-163
109000026,782,368,414
109000027,110,391,-281
109000028,151,104,47
109000029,121,207,-86
109000030,91,621,-530
109000031,167,171,-4
109000032,133,438,-305
109000033,413,195,218
109000034,66,42,24
109000035,22,71,-49
109000036,351,472,-121
109000037,242,1268,-1026
109000038,662,493,169
109000039,894,618,276
109000040,4989,8375,-3386
109000041,4518,1988,2530
109000042,721,1414,-693
109000044,394,77,317
109000045,125,431,-306
109000046,288,100,188
109000047,125,476,-351
109000048,804,280,524
109000049,447,626,-179
109000050,414,338,76
109000051,359,287,72
109000052,550,1333,-783
109000053,250,156,94
109000054,1017,695,322
109000055,624,350,274
109000056,460,538,-78
109000057,644,429,215
109000058,1023,316,707
109000059,1052,1610,-558
109000060,600,511,89
109000061,1335,1302,33
109000062,138,546,-408
109000063,213,348,-135
109000064,349,289,60
109000065,160,358,-198
109000066,452,159,293
109000067,81,404,-323
109000068,3168,15,3153
109000069,1259,38,1221
109000070,6,1452,-1446
109000071,360,92,268
109000072,138,413,-275
109000073,66,132,-66
109000074,55,243,-188
109000075,127,371,-244
109000076,140,273,-133
109000077,395,336,59
109000078,98,243,-145
109000079,209,257,-48
109000080,187,162,25
109000081,132,603,-471
109000082,646,310,336
109000083,322,949,-627
109000088,144,527,-383
109000089,311,55,256
109000090,177,541,-364
109000091,308,227,81
109000092,348,597,-249
109000093,212,257,-45
109000094,458,2,456
109000095,118,609,-491
109000096,698,343,355
109000097,98,218,-120
109000098,61,145,-84
109000099,991,324,667
109000100,299,786,-487
109000101,1417,749,668
109000102,363,964,-601
109000103,422,774,-352
109000104,1606,692,914
109000105,464,1550,-1086
109000106,1967,905,1062
109000107,689,2628,-1939
109000108,1620,711,909
109000109,433,2239,-1806
109000110,1234,682,552
109000111,1108,2268,-1160
109000112,564,224,340
109000113,629,190,439
109000114,251,624,-373
109000115,1240,129,1111
109000116,29,351,-322
109000117,214,86,128
109000118,31,415,-384
109000119,1307,325,982
109000120,187,989,-802
109000121,492,89,403
109000122,132,972,-840
109000123,50,102,-52
109000124,650,610,40
109000125,1151,489,662
109000126,641,939,-298
109000127,768,259,509
109000128,562,1947,-1385
109000129,1937,849,1088
109000130,860,2679,-1819
109000131,931,702,229
109000132,805,2443,-1638
109000133,421,1187,-766
109000134,844,1680,-836
109000135,1262,1838,-576
109000136,414,379,35
109000137,342,408,-66
109000138,598,451,147
109000139,514,537,-23
109000140,522,450,72
109000141,477,571,-94
109000142,188,601,-413
109000143,122,144,-22
109000145,126,525,-399
109000146,144,164,-20
109000148,3548,2689,859
109000149,20,69,-49
109000150,219,268,-49
109000155,793,618,175
109000156,1176,818,358
109000158,132,340,-208
109000159,89,582,-493
109000160,950,319,631
109000161,341,1285,-944
109000162,1924,1038,886
109000163,905,2045,-1140
109000164,1241,3142,-1901
109000165,1206,788,418
109000166,593,195,398
109000167,136,616,-480
109000170,68,85,-17
109000171,101,62,39
109000172,60,76,-16
109000173,19,79,-60
109000174,89,88,1
109000175,48,90,-42
109000176,317,284,33
109000177,34,146,-112
109000178,656,649,7
109000179,5819,5635,184
109000180,5524,3753,1771
109000181,21,32,-11
109000182,22,31,-9
109000183,44,29,15
109000184,47,14,33
109000185,24,47,-23
109000188,1552,2696,-1144
109000189,5693,1357,4336
109000190,1512,591,921
109000191,631,627,4
109000192,424,387,37
109000193,190,407,-217
109000194,283,186,97
109000195,164,454,-290
109000196,249,178,71
109000197,134,499,-365
109000198,414,147,267
109000199,111,473,-362
109000206,241,58,183
109000207,154,46,108
109000208,91,111,-20
109000209,171,135,36
109000210,245,769,-524
109000211,642,771,-129
109000214,568,485,83
109000215,215,150,65
109000216,231,249,-18
109000217,444,186,258
109000218,1337,292,1045
109000221,685,1282,-597
109000222,1068,316,752
109000223,312,335,-23
109000224,71,223,-152
109000225,111,70,41
109000226,75,324,-249
109000227,973,1324,-351
109000228,2,837,-835
109000231,2,372,-370
109000232,331,432,-101
109000236,238,955,-717
109000241,2176,2617,-441
109000242,1943,1679,264
109000293,81,108,-27
109000361,257,304,-47
109000364,256,694,-438
109000396,3,690,-687
109000397,577,7,570
109000399,197,536,-339
109000400,134,395,-261
109000403,136,846,-710
109000406,633,19,614
109000407,389,316,73
109000408,3,631,-628
109000410,1018,303,715
109000411,196,33,163
109900001,90,0,90
109900002,906,19,887
109900003,261,1,260
109900004,1038,192,846
109900005,41,6,35
109900006,459,295,164
109900007,704,726,-22
109900008,0,87,-87
109900009,124,548,-424
109900010,650,22,628
109900011,126,40,86
109900012,402,235,167
109900013,370,215,155
109900014,465,89,376
109900015,524,296,228
109900016,136,29,107
109900017,211,268,-57
109900018,389,94,295
109900019,644,83,561
109900020,44,98,-54
109900021,30,41,-11
109900022,150,293,-143
109900023,17,4,13
109900024,42,6,36
109900025,19,90,-71
109900026,2,179,-177
109900027,54,89,-35
109900028,1822,946,876
109900029,6,429,-423
109900030,24,19,5
109900031,1,106,-105
109900032,13,382,-369
109900033,3,497,-494
109900034,27,4,23
109900035,26,23,3
109900036,79,111,-32
109900037,24,535,-511
109900038,74,221,-147
109900039,15,0,15
109900040,31,706,-675
109900041,67,400,-333
109900042,98,491,-393
109900044,518,328,190
109900045,358,143,215
109900046,157,127,30
109900047,600,378,222
109900048,1,112,-111
109900049,11,49,-38
109900050,5,224,-219
109900051,0,68,-68
109900052,100,459,-359
109900053,5,395,-390
109900054,551,248,303
109900055,78,350,-272
109900056,55,373,-318
109900057,5,224,-219
109900058,1,101,-100
109900059,571,138,433
109900060,449,190,259
109900061,48,319,-271
109900062,0,199,-199
109900063,9,381,-372
109900064,484,332,152
109900065,130,149,-19
109900066,364,916,-552
109900067,2,312,-310
109900068,38,5,33
109900069,2,61,-59
109900070,63,355,-292
109900071,3,48,-45
109900072,38,200,-162
109900073,371,569,-198
109900074,11,51,-40
109900075,54,35,19
109900076,51,516,-465
109900077,53,103,-50
109900078,132,251,-119
109900080,232,371,-139
109900081,27,221,-194
109900082,31,401,-370
109900083,25,79,-54
109900084,71,158,-87
109900085,254,770,-516
109900086,155,512,-357
109900087,414,548,-134
109900089,709,223,486
109900090,556,1072,-516
109900091,315,83,232
109900092,1222,41,1181
109900093,976,177,799
109900094,95,131,-36
109900095,291,173,118
109900096,54,3,51
109900097,118,2,116
109900098,412,39,373
109900099,209,4,205
109900100,36,0,36
109900101,477,7,470
109900102,356,29,327
109900103,39,59,-20
109900104,554,990,-436
109900105,459,28,431
109900106,354,57,297
109900107,467,103,364
109900108,122,310,-188
109900109,38,107,-69
109900110,135,411,-276
109900111,292,938,-646
109900112,380,732,-352
109900113,656,493,163
109900114,1006,598,408
109900115,245,114,131
109900117,1068,154,914
109900118,221,546,-325
109900119,724,346,378
109900120,95,32,63
109900121,439,615,-176
109900122,434,8,426
109900123,33,167,-134
109900124,49,740,-691
109900125,0,172,-172
109900126,274,152,122
109900128,227,56,171
109900130,7785,2257,5528
109900131,46,236,-190
109900132,39,237,-198
109900133,119,369,-250
109900134,131,113,18
109900135,404,90,314
109900136,204,193,11
109900137,112,457,-345
109900140,221,217,4
109900142,1239,390,849
109900145,7,489,-482
109900146,467,45,422
109900148,71,115,-44
109900149,36,87,-51
109900150,9,102,-93
109900151,12,60,-48
109900152,2,27,-25
109900153,4,79,-75
109900154,130,1,129
109900155,85,29,56
109900157,47,247,-200
109900158,57,171,-114
109900159,166,49,117
109900160,127,52,75
109900161,182,110,72
109900162,169,185,-16
109900163,652,279,373
109900164,89,277,-188
109900165,1346,29,1317
109900166,17,195,-178
109900167,150,625,-475
109900168,181,785,-604
109900169,224,239,-15
109900170,579,715,-136
109900171,170,153,17
109900172,320,356,-36
109900173,3648,2673,975
109900174,75,134,-59
109900175,264,119,145
109900176,114,264,-150
109900177,29,322,-293
109900178,9,126,-117
109900179,203,24,179
109900180,9,26,-17
110000001,1069,628,441
110000002,780,964,-184
110000003,879,791,88
110000004,543,755,-212
110000005,482,1777,-1295
110000006,467,465,2
110000007,93,195,-102
110000008,29,68,-39
110000009,84,67,17
110000010,49,101,-52
110000011,43,59,-16
110000012,724,421,303
110000013,66,651,-585
110000014,866,532,334
110000015,307,1021,-714
110000016,301,1767,-1466
110000017,2775,330,2445
110000018,2923,493,2430
110000019,9,127,-118
110000020,463,242,221
110000021,1080,683,397
110000022,917,256,661
110000023,8,157,-149
110000024,808,336,472
110000025,380,6,374
110000026,4,379,-375
110000027,1346,504,842
110000028,1086,1282,-196
110000029,613,846,-233
110000030,260,667,-407
110000031,336,607,-271
110000032,824,900,-76
110000033,373,92,281
110000034,696,1671,-975
110000035,1101,641,460
110000036,1370,1600,-230
110000037,263,471,-208
110000038,287,1244,-957
110000039,871,3304,-2433
110000040,373,385,-12
110000041,355,1504,-1149
110000042,169,275,-106
110000043,977,379,598
110000044,177,150,27
110000045,1052,124,928
110000046,11,33,-22
110000047,188,27,161
110000048,20,15,5
110000049,50,10,40
110000050,11,20,-9
110000051,54,7,47
110000052,45,36,9
110000053,119,12,107
110000054,696,235,461
110000055,1327,56,1271
110000056,185,91,94
110000057,418,691,-273
110000058,1337,592,745
110000059,1054,585,469
110000060,979,1222,-243
110000061,948,840,108
110000062,744,1068,-324
110000063,52,129,-77
110000064,107,85,22
110000065,83,235,-152
110000066,86,98,-12
110000067,171,302,-131
110000068,411,352,59
110000069,191,171,20
110000071,132,328,-196
110000073,12,39,-27
110000075,8,311,-303
110000076,384,454,-70
110000077,473,1348,-875
110000078,29,89,-60
110000080,337,842,-505
110000081,89,257,-168
110000082,93,359,-266
110000083,345,787,-442
110000084,1444,844,600
110000085,3059,1966,1093
110000086,2886,2193,693
110000087,23,70,-47
110000088,98,280,-182
110000089,270,142,128
110000090,255,341,-86
110000091,1447,421,1026
110000092,44,84,-40
110000093,61,18,43
110000094,593,343,250
110000095,220,677,-457
110000096,2632,2221,411
110000097,1192,1402,-210
110000098,2045,793,1252
110000099,993,1890,-897
110000100,870,683,187
110000101,66,427,-361
110000102,85,45,40
110000104,1396,206,1190
110000105,164,334,-170
110000106,822,495,327
110000107,437,503,-66
110000108,137,119,18
110000109,292,342,-50
110000110,3709,4776,-1067
110000111,6899,3269,3630
110000112,1699,1697,2
110000113,540,2667,-2127
110000114,182,807,-625
110000115,497,584,-87
110000116,48,69,-21
110000117,208,440,-232
110000118,392,202,190
110000119,229,435,-206
110000120,399,203,196
110000121,143,607,-464
110000122,423,635,-212
110000123,542,775,-233
110000124,2,1199,-1197
110000125,1088,10,1078
110000126,276,45,231
110000127,1350,61,1289
110000128,42,1512,-1470
110000129,11,805,-794
110000130,479,201,278
110000131,131,618,-487
110000132,8,950,-942
110000133,37,578,-541
110000134,28,480,-452
110000135,231,30,201
110000136,65,408,-343
110000137,550,628,-78
110000138,941,915,26
110000139,815,1356,-541
110000140,1109,694,415
110000143,726,461,265
110000144,6013,1714,4299
110000145,2181,1025,1156
110000146,1806,897,909
110000147,483,793,-310
110000148,693,357,336
110000151,1100,864,236
110000152,1020,457,563
110000153,96,68,28
110000154,12,15,-3
110000155,1546,4043,-2497
110000156,1388,2601,-1213
110000157,1897,2053,-156
110000160,469,372,97
110000161,247,445,-198
110000166,625,234,391
110000167,839,676,163
110000168,953,651,302
110000169,858,451,407
110000170,190,116,74
110000171,804,218,586
110000172,128,882,-754
110000173,1263,1404,-141
110000174,276,1343,-1067
110000175,599,96,503
110000176,234,337,-103
110000177,180,1018,-838
110000178,536,1913,-1377
110000179,1364,365,999
110000180,183,296,-113
110000181,421,667,-246
110000182,318,215,103
110000183,10885,7396,3489
110000184,498,2411,-1913
110000185,1403,742,661
110000186,739,999,-260
110000191,864,409,455
110000192,539,10,529
110000193,1267,13,1254
110000194,33,1317,-1284
110000195,482,478,4
110000196,425,444,-19
110000197,100,219,-119
110000198,219,117,102
110000199,129,181,-52
110000200,2230,635,1595
110000201,2265,1058,1207
110000202,1510,689,821
110000203,1023,792,231
110000204,6,283,-277
110000205,101,69,32
110000206,919,1744,-825
110000207,885,364,521
110000208,230,191,39
110000209,155,945,-790
110000210,1209,741,468
110000211,1137,934,203
110000212,402,1226,-824
110000213,175,171,4
110000214,360,194,166
110000215,255,469,-214
110000216,127,501,-374
110000217,274,250,24
110000218,175,445,-270
110000219,299,100,199
110000220,68,390,-322
110000221,373,86,287
110000222,68,289,-221
110000223,5,178,-173
110000224,164,17,147
110000225,295,951,-656
110000226,252,83,169
110000227,878,950,-72
110000228,371,443,-72
110000229,2,333,-331
110000230,746,744,2
110000231,366,251,115
110000232,317,209,108
110000233,331,289,42
110000234,919,531,388
110000235,928,1121,-193
110000236,840,918,-78
110000237,2326,1448,878
110000238,1399,1741,-342
110000239,2249,1401,848
110000240,3,96,-93
110000242,0,12,-12
110000243,132,181,-49
110000244,169,360,-191
110000245,69,407,-338
110000246,1477,803,674
110000247,1518,6240,-4722
110000248,2402,1883,519
110000249,112,12,100
110000250,148,277,-129
110000251,332,875,-543
110000252,294,252,42
110000253,1655,880,775
110000254,1011,1564,-553
110000255,366,1117,-751
110000256,647,396,251
110000257,694,509,185
110000258,15,572,-557
110000259,138,30,108
110000260,32,367,-335
110000263,743,239,504
110000264,388,541,-153
110000265,1591,2066,-475
110000266,2137,3015,-878
110000267,23,266,-243
110000268,320,521,-201
110000269,9,69,-60
110000270,53,5,48
110000271,1898,334,1564
110000272,1362,1069,293
110000273,3551,1605,1946
110000274,607,1517,-910
110000275,2856,802,2054
110000276,601,427,174
110000277,914,441,473
110000278,595,810,-215
110000279,942,851,91
110000280,612,437,175
110000281,37,328,-291
110000282,334,49,285
110000283,76,146,-70
110000284,83,69,14
110000285,5,505,-500
110000286,32,0,32
110000287,176,0,176
110000288,73,78,-5
110000289,561,1752,-1191
110000290,1124,836,288
110000291,5470,1688,3782
110000292,1474,4696,-3222
110000293,832,894,-62
110000294,988,1237,-249
110000295,176,894,-718
110000296,565,403,162
110000297,3012,494,2518
110000298,322,899,-577
110000299,492,105,387
110000301,672,43,629
110000302,843,1326,-483
110000303,546,7,539
110000304,280,390,-110
110000305,1123,19,1104
110000306,178,1340,-1162
110000307,1630,10,1620
110000308,435,4,431
110000309,6,996,-990
110000310,792,113,679
110000311,25,711,-686
110000312,613,144,469
110000313,3121,4935,-1814
110000314,1,461,-460
110000315,3664,2738,926
110000316,700,1591,-891
110000317,768,382,386
110000318,7,126,-119
110000319,66,32,34
110000320,195,71,124
110000321,12,75,-63
110000322,416,441,-25
110000323,784,218,566
110000324,3614,1675,1939
110000325,3287,3476,-189
110000327,737,423,314
110000328,228,450,-222
110000333,1458,846,612
110000334,1268,1737,-469
110000335,1137,715,422
110000336,1761,1245,516
110000337,3056,771,2285
110000338,449,306,143
110000339,540,237,303
110000340,450,198,252
110000341,630,642,-12
110000342,530,3,527
110000343,0,38,-38
110000344,1230,186,1044
110000345,1642,206,1436
110000346,2911,2319,592
110000347,1339,1058,281
110000348,38,33,5
110000349,15,56,-41
110000350,51,7,44
110000351,955,1152,-197
110000352,685,1744,-1059
110000353,3069,974,2095
110000354,1491,3545,-2054
110000355,102,177,-75
110000356,675,9,666
110000357,499,26,473
110000361,13,77,-64
110000362,45,24,21
110000363,325,171,154
110000364,200,444,-244
110000365,304,6,298
110000366,2,84,-82
110000367,376,202,174
110000368,2,62,-60
110000369,209,5,204
110000373,6,289,-283
110000374,371,29,342
110000375,138,1276,-1138
110000376,55,91,-36
110000377,77,506,-429
110000378,20,414,-394
110000379,3459,2508,951
110000380,94,14,80
110000383,1,1259,-1258
110000384,3424,1174,2250
110000385,2,160,-158
110000387,82,13,69
110000388,26,280,-254
110000389,739,6,733
110000391,1129,344,785
110000396,162,184,-22
110000397,152,232,-80
110000398,6,46,-40
110000399,249,0,249
110000587,221,71,150
110000589,278,274,4
110000640,281,82,199
110000652,17,124,-107
110000653,364,571,-207
110000654,152,184,-32
110000656,2,749,-747
110000674,23,21,2
110000675,24,15,9
110000676,7,142,-135
110000679,603,1292,-689
110000682,176,240,-64
110000683,492,952,-460
110000684,4,46,-42
110000685,14,8,6
110000686,3,28,-25
110000687,83,2,81
110000688,74,958,-884
110000689,62,72,-10
110000692,209,167,42
110000693,116,442,-326
110000694,1,230,-229
110000695,766,760,6
110000696,124,103,21
110900001,313,4,309
110900002,719,261,458
110900003,761,694,67
110900004,454,261,193
110900005,3318,2092,1226
110900006,77,21,56
110900007,159,33,126
110900008,51,88,-37
110900009,454,112,342
110900010,8,101,-93
110900011,18,108,-90
110900012,14,108,-94
110900013,976,297,679
110900014,485,21,464
110900015,644,650,-6
110900016,35,176,-141
110900017,436,70,366
110900018,448,68,380
110900019,212,33,179
110900020,92,395,-303
110900021,88,642,-554
110900022,133,333,-200
110900023,96,516,-420
110900024,33,482,-449
110900025,21,58,-37
110900027,70,239,-169
110900028,52,151,-99
110900029,21,420,-399
110900030,39,292,-253
110900031,0,171,-171
110900032,0,98,-98
110900033,66,219,-153
110900035,28,541,-513
110900036,109,49,60
110900037,64,42,22
110900038,1013,256,757
110900039,12,254,-242
110900040,200,50,150
110900041,20,123,-103
110900042,140,67,73
110900043,2,175,-173
110900044,239,13,226
110900045,47,502,-455
110900046,66,295,-229
110900047,568,301,267
110900049,108,79,29
110900050,31,6,25
110900051,62,261,-199
110900052,8,198,-190
110900053,86,70,16
110900054,54,225,-171
110900055,34,1,33
110900056,88,164,-76
110900057,5,185,-180
110900058,302,288,14
110900059,817,680,137
110900060,570,160,410
110900061,26,43,-17
110900062,150,329,-179
110900063,36,323,-287
110900064,23,0,23
110900065,499,207,292
110900066,4,115,-111
110900067,460,693,-233
110900068,222,284,-62
110900069,4,28,-24
110900070,165,72,93
110900071,379,569,-190
110900073,2,32,-30
110900074,307,103,204
110900075,414,124,290
110900077,799,813,-14
110900078,28,69,-41
110900079,3063,1571,1492
110900080,113,84,29
110900081,5,56,-51
110900082,120,205,-85
110900083,157,78,79
110900084,40,162,-122
110900085,46,306,-260
110900086,70,313,-243
110900087,361,112,249
110900088,13,2,11
110900090,26,61,-35
110900091,1,81,-80
110900093,311,115,196
110900095,58,71,-13
110900097,8,28,-20
110900098,30,87,-57
110900099,58,440,-382
110900100,1,33,-32
110900102,159,38,121
110900105,530,328,202
110900108,23,68,-45
110900111,562,398,164
110900112,1127,11,1116
110900113,540,60,480
110900115,6,118,-112
110900116,672,2005,-1333
110900118,97,2735,-2638
110900119,4280,416,3864
110900120,19,114,-95
110900121,136,0,136
110900122,392,211,181
110900125,385,498,-113
110900127,787,1368,-581
110900128,542,530,12
110900129,429,841,-412
110900130,1425,675,750
110900131,246,44,202
110900132,353,60,293
110900133,85,261,-176
110900135,94,400,-306
110900136,339,20,319
110900139,71,0,71
110900140,2,0,2
110900141,490,136,354
110900142,46,212,-166
110900143,149,87,62
110900144,4,792,-788
110900145,264,29,235
110900146,669,139,530
110900147,155,379,-224
110900148,4,322,-318
110900149,0,84,-84
110900150,73,23,50
110900151,7,100,-93
110900152,60,277,-217
110900153,135,39,96
111000001,643,629,14
111000002,1065,823,242
111000003,1127,799,328
111000004,661,1312,-651
111000005,1618,1256,362
111000006,1133,1880,-747
111000007,4606,3375,1231
111000008,2799,4082,-1283
111000009,496,1061,-565
111000010,886,304,582
111000011,474,1350,-876
111000012,904,391,513
111000013,568,1338,-770
111000014,1615,752,863
111000017,130,1001,-871
111000018,310,480,-170
111000020,1351,2840,-1489
111000021,80,157,-77
111000023,111,130,-19
111000025,5647,5534,113
111000029,92,142,-50
111000030,49,135,-86
111000031,2468,1946,522
111000032,1319,513,806
111000033,310,425,-115
111000034,310,281,29
111000037,2134,1652,482
111000038,4382,2712,1670
111000039,2307,2514,-207
111000040,2014,2978,-964
111000041,2125,1947,178
111000042,4231,3071,1160
111000043,1844,3461,-1617
111000044,1776,1421,355
111000045,2290,2706,-416
111000046,1601,1916,-315
111000047,2482,4340,-1858
111000049,644,661,-17
111000050,1797,1833,-36
111000051,642,1357,-715
111000052,778,2177,-1399
111000053,503,1148,-645
111000054,412,1124,-712
111000055,1303,2273,-970
111000056,380,585,-205
111000057,59,736,-677
111000058,383,73,310
111000059,1538,315,1223
111000060,5588,972,4616
111000061,486,393,93
111000062,850,408,442
111000063,2536,1160,1376
111000064,723,670,53
111000065,1059,1174,-115
111000066,424,588,-164
111000067,736,811,-75
111000068,726,1286,-560
111000069,2073,2533,-460
111000070,1887,1425,462
111000071,372,890,-518
111000072,1108,556,552
111000073,432,1102,-670
111000074,1777,1985,-208
111000075,1082,853,229
111000076,557,824,-267
111000077,1399,1383,16
111000078,2990,1920,1070
111000079,1546,952,594
111000080,660,935,-275
111000081,1942,4753,-2811
111000082,701,761,-60
111000084,994,660,334
111000085,1380,1841,-461
111000086,2919,1478,1441
111000087,698,916,-218
111000088,5997,2688,3309
111000089,748,1045,-297
111000090,979,1740,-761
111000091,844,721,123
111000092,1183,1112,71
111000093,765,1338,-573
111000094,2567,1428,1139
111000095,739,2800,-2061
111000096,2427,7953,-5526
111000097,5941,2033,3908
111000098,986,1542,-556
111000099,699,2493,-1794
111000100,485,2244,-1759
111000101,563,941,-378
111000102,311,600,-289
111000104,955,275,680
111000107,131,814,-683
111000109,678,347,331
111000110,1760,999,761
111000111,2502,686,1816
111000112,1899,696,1203
111000113,994,1902,-908
111000114,2577,4738,-2161
111000115,7250,1628,5622
111000116,986,1398,-412
111000117,533,1153,-620
111000118,2137,1200,937
111000119,1190,1349,-159
111000120,511,810,-299
111000121,274,840,-566
111000122,705,1455,-750
111000123,1298,3400,-2102
111000124,552,3195,-2643
111000125,331,1703,-1372
111000126,128,1158,-1030
111000127,965,266,699
111000128,1946,453,1493
111000129,2701,716,1985
111000130,1795,1088,707
111000131,1644,986,658
111000132,1294,926,368
111000133,198,255,-57
111000134,239,184,55
111000135,61,204,-143
111000136,400,394,6
111000138,16,27,-11
111000140,5,7,-2
111000141,212,388,-176
111000142,21,108,-87
111000143,3,127,-124
111000144,34,313,-279
111000145,2428,26,2402
111000146,145,18,127
111000147,246,56,190
111000148,222,103,119
111000149,10,46,-36
111000150,94,10,84
111000151,8,32,-24
111000153,742,834,-92
111000154,832,294,538
111000155,83,186,-103
111000156,468,587,-119
111000157,246,940,-694
111000158,930,981,-51
111000159,2619,823,1796
111000160,396,451,-55
111000161,8,302,-294
111000162,107,198,-91
111000163,811,1003,-192
111000164,949,3969,-3020
111000165,1250,612,638
111000166,2235,432,1803
111000167,227,595,-368
111000168,306,543,-237
111000169,370,756,-386
111000170,608,670,-62
111000171,594,998,-404
111000172,211,599,-388
111000173,531,1081,-550
111000174,213,481,-268
111000175,65,326,-261
111000176,446,173,273
111000177,327,357,-30
111000178,1735,440,1295
111000179,302,234,68
111000180,282,630,-348
111000181,1333,297,1036
111000182,275,304,-29
111000183,1074,426,648
111000184,439,344,95
111000185,511,686,-175
111000186,1097,394,703
111000187,168,291,-123
111000188,240,564,-324
111000189,1520,734,786
111000190,246,560,-314
111000191,193,512,-319
111000192,273,823,-550
111000193,456,394,62
111000194,68,396,-328
111000195,217,387,-170
111000196,57,284,-227
111000197,347,219,128
111000198,650,204,446
111000199,193,199,-6
111000200,377,419,-42
111000201,614,348,266
111000202,238,249,-11
111000203,368,316,52
111000204,632,1093,-461
111000213,248,556,-308
111000214,1722,1786,-64
111000215,1409,1518,-109
111000217,1404,1271,133
111000218,1403,1458,-55
111000219,526,254,272
111000220,2213,771,1442
111000221,945,147,798
111000224,94,364,-270
111000225,377,329,48
111000226,169,3,166
111000227,50,10,40
111000228,30,402,-372
111000229,39,828,-789
111000230,360,476,-116
111000231,1126,1120,6
111000232,1204,1229,-25
111000233,841,900,-59
111000234,136,350,-214
111000239,158,186,-28
111000240,34,280,-246
111000241,29,376,-347
111000242,144,65,79
111000243,286,683,-397
111000244,788,118,670
111000245,2951,703,2248
111000246,596,528,68
111000247,297,1234,-937
111000248,701,629,72
111000249,506,988,-482
111000250,62,113,-51
111000251,69,154,-85
111000253,7,16,-9
111000255,16,9,7
111000257,25,36,-11
111000260,86,1306,-1220
111000261,1264,138,1126
111000271,76,388,-312
111000273,4731,2138,2593
111000274,1255,2598,-1343
111000275,189,101,88
111000276,339,2361,-2022
111000277,225,494,-269
111000278,685,418,267
111000291,969,5517,-4548
111000298,552,506,46
111000299,754,188,566
111000300,137,683,-546
111000302,293,171,122
111000303,109,309,-200
111000312,43,147,-104
111000315,36,251,-215
111000320,475,865,-390
111000321,410,135,275
111000322,387,588,-201
111000323,207,14,193
111000324,371,265,106
111000325,67,101,-34
111000326,207,484,-277
111000327,440,519,-79
111000328,343,638,-295
111000329,1,35,-34
111000330,53,13,40
111000331,28,11,17
111000332,990,2103,-1113
111000334,434,1932,-1498
111000335,1278,298,980
111000337,1508,544,964
111000338,147,148,-1
111000339,571,430,141
111000340,172,726,-554
111000341,1399,831,568
111000342,474,782,-308
111000344,1069,886,183
111000345,357,96,261
111000346,21,149,-128
111000347,119,13,106
111000350,225,161,64
111000351,172,353,-181
111000352,156,122,34
111000353,179,343,-164
111000354,864,186,678
111000355,518,643,-125
111000358,184,1529,-1345
111000360,156,839,-683
111000361,124,381,-257
111000546,1636,768,868
111000547,600,555,45
111000548,111,344,-233
111000549,345,405,-60
111000550,151,1094,-943
111000551,1048,252,796
111000552,4537,191,4346
111000907,448,20,428
111000908,19,0,19
111000916,2057,421,1636
111000917,97,543,-446
111000918,247,1030,-783
111000920,561,18,543
111000921,7,331,-324
111000922,664,355,309
111000924,53,983,-930
111000925,2494,2411,83
111000926,1114,2321,-1207
111000927,3550,5244,-1694
111000928,5238,4507,731
111000929,3420,1497,1923
111000930,1570,2903,-1333
111000931,1951,2881,-930
111000932,4539,2940,1599
111000933,3834,2681,1153
111000934,2596,3800,-1204
111000935,1483,1349,134
111000936,1316,2441,-1125
111000937,1050,2056,-1006
111000938,1678,2327,-649
111000939,705,74,631
111000940,472,234,238
111000941,853,512,341
111000943,421,373,48
111000944,148,582,-434
111000945,131,1813,-1682
111001109,489,419,70
111001110,198,661,-463
111001111,84,19,65
111001112,163,11,152
111001113,1,183,-182
111001114,1422,132,1290
111001115,66,497,-431
111001116,6186,4175,2011
111001117,822,3312,-2490
111001120,153,434,-281
111001121,267,414,-147
111001122,281,663,-382
111001123,324,165,159
111001124,210,264,-54
111001125,1,100,-99
111001126,7,1,6
111001127,3,80,-77
111900001,10,279,-269
111900002,7,765,-758
111900003,5,388,-383
111900004,31,144,-113
111900006,10,40,-30
111900007,60,15,45
111900008,133,2,131
111900009,115,0,115
111900010,409,602,-193
111900012,68,98,-30
111900013,17,83,-66
111900014,6433,3556,2877
111900015,1,75,-74
111900016,2,150,-148
111900017,0,162,-162
111900018,243,4,239
111900019,5,146,-141
111900020,2,66,-64
111900021,69,133,-64
111900022,10,83,-73
111900023,124,123,1
111900024,18,78,-60
111900025,0,55,-55
111900026,0,124,-124
111900027,3,188,-185
111900028,2,352,-350
111900029,4,109,-105
111900030,48,349,-301
111900031,3,28,-25
111900032,2,354,-352
111900033,4,127,-123
111900034,332,576,-244
111900035,215,262,-47
111900036,2,329,-327
111900038,315,611,-296
111900039,45,482,-437
111900040,5,569,-564
111900042,38,215,-177
111900043,2,401,-399
111900044,414,289,125
111900046,59,208,-149
111900048,149,809,-660
111900049,31,265,-234
111900050,119,28,91
111900051,3,242,-239
111900052,424,541,-117
111900053,1581,1286,295
111900054,131,4,127
111900055,23,441,-418
111900056,356,289,67
111900057,117,98,19
111900058,330,678,-348
111900059,2383,614,1769
111900060,395,0,395
111900061,10,237,-227
111900062,55,94,-39
111900063,527,316,211
111900064,167,246,-79
111900065,60,46,14
111900066,116,191,-75
111900067,0,410,-410
111900068,56,56,0
111900069,51,32,19
111900070,146,163,-17
111900071,0,257,-257
111900072,64,19,45
111900073,700,175,525
111900074,19,206,-187
111900075,86,11,75
111900076,125,64,61
111900077,21,6,15
111900078,253,26,227
111900079,37,56,-19
111900080,264,260,4
111900082,113,27,86
111900083,160,27,133
111900084,91,11,80
111900085,59,119,-60
111900086,27,4,23
111900087,41,1,40
111900088,489,7,482
111900089,121,3,118
111900090,90,53,37
111900091,205,2,203
111900092,77,2,75
111900093,398,12,386
111900094,97,0,97
111900095,193,32,161
111900096,167,2,165
111900097,48,0,48
111900098,227,1,226
111900099,93,0,93
111900100,407,6,401
111900101,106,33,73
111900102,544,568,-24
111900103,73,73,0
111900104,244,72,172
111900105,404,176,228
111900106,1099,48,1051
111900110,1923,468,1455
111900111,352,198,154
111900112,624,2730,-2106
111900113,329,149,180
111900118,336,98,238
111900119,287,170,117
111900122,181,64,117
111900123,27,30,-3
111900124,38,110,-72
111900125,512,33,479
111900126,336,10,326
111900127,7,829,-822
111900128,7,586,-579
111900129,287,4,283
111900130,352,38,314
111900131,528,0,528
111900132,33,1164,-1131
111900133,14,383,-369
111900134,11,310,-299
111900135,10,31,-21
111900136,65,145,-80
111900137,63,96,-33
111900138,16,112,-96
111900139,11,148,-137
111900140,81,22,59
111900141,85,16,69
111900142,113,38,75
111900143,80,190,-110
111900144,7,129,-122
111900145,1,457,-456
111900146,1,237,-236
111900147,193,476,-283
111900148,30,651,-621
111900149,6,351,-345
111900150,17,186,-169
111900151,5,45,-40
111900152,90,90,0
111900153,1739,533,1206
111900154,8,201,-193
111900155,88,151,-63
111900156,41,106,-65
111900157,91,14,77
111900158,598,45,553
111900159,309,14,295
111900160,273,2,271
111900161,161,1,160
111900162,66,159,-93
111900163,31,218,-187
111900164,115,77,38
111901113,469,223,246
111901114,689,342,347
111901115,79,10,69
111901116,86,4,82
111901117,50,70,-20
111901118,79,667,-588
111901119,963,124,839
111901121,228,283,-55
111901122,4,655,-651
111901123,109,371,-262
111901124,150,4,146
111901125,427,275,152
111901127,702,382,320
111901128,25,119,-94
111901129,7,138,-131
111901130,21,203,-182
111901131,4,279,-275
111901132,107,11,96
111901133,58,5,53
111901134,47,7,40
111901135,26,9,17
111901136,4,35,-31
111901138,248,36,212
111901139,19,37,-18
111901140,26,121,-95
111901141,11,204,-193
111901142,14,165,-151
111901143,3,110,-107
111901144,57,56,1
111901145,179,349,-170
111901146,492,27,465
111901147,652,184,468
111901148,32,86,-54
111901149,11,3,8
111901150,37,2,35
112000001,1663,851,812
112000002,737,2862,-2125
112000003,1281,1057,224
112000004,726,1281,-555
112000005,3015,3301,-286
112000006,2402,2366,36
112000007,2877,1997,880
112000008,2704,4107,-1403
112000009,4072,4479,-407
112000010,3006,3057,-51
112000011,2434,2193,241
112000012,4904,3133,1771
112000013,6937,3355,3582
112000014,4341,1129,3212
112000015,6544,3297,3247
112000016,5721,1024,4697
112000017,3195,1713,1482
112000024,2780,1163,1617
112000026,5403,6006,-603
112000027,1096,754,342
112000028,2002,1737,265
112000029,481,661,-180
112000030,257,128,129
112000031,1645,4275,-2630
112000032,562,51,511
112000033,2656,1386,1270
112000034,410,57,353
112000035,153,246,-93
112000036,1337,744,593
112000037,1442,664,778
112000038,1567,870,697
112000039,60,104,-44
112000040,106,297,-191
112000041,655,554,101
112000042,1278,442,836
112000050,1398,1784,-386
112000051,1064,1270,-206
112000054,1867,2230,-363
112000057,499,465,34
112000058,379,667,-288
112000059,583,856,-273
112000061,3327,2361,966
112000062,1817,815,1002
112000063,1559,1664,-105
112000064,4765,6558,-1793
112000065,2587,2894,-307
112000066,4141,1623,2518
112000067,926,892,34
112000068,3453,2607,846
112000069,1099,2110,-1011
112000070,2388,1036,1352
112000071,1099,2743,-1644
112000072,2381,1159,1222
112000073,1768,2180,-412
112000074,1638,1101,537
112000075,1587,1207,380
112000076,3594,3003,591
112000077,636,687,-51
112000078,1615,727,888
112000079,1334,1512,-178
112000080,812,1058,-246
112000081,1597,2559,-962
112000082,1562,972,590
112000083,664,1494,-830
112000084,1349,1232,117
112000085,1342,1230,112
112000086,1710,1993,-283
112000087,457,473,-16
112000088,725,779,-54
112000089,327,414,-87
112000090,264,344,-80
112000091,680,1379,-699
112000092,1792,1093,699
112000093,1846,1264,582
112000094,685,1134,-449
112000095,766,1113,-347
112000096,1016,1630,-614
112000097,1292,763,529
112000098,1066,1409,-343
112000099,741,1442,-701
112000100,1701,1094,607
112000101,647,1305,-658
112000102,1153,757,396
112000103,372,1406,-1034
112000105,785,2259,-1474
112000106,1856,669,1187
112000107,124,283,-159
112000108,391,2101,-1710
112000109,190,198,-8
112000110,2167,825,1342
112000111,1384,3372,-1988
112000112,4017,753,3264
112000113,1023,2059,-1036
112000114,2716,1119,1597
112000115,470,564,-94
112000116,699,1246,-547
112000117,991,994,-3
112000118,1014,1104,-90
112000119,583,977,-394
112000120,91,414,-323
112000121,147,628,-481
112000122,312,196,116
112000123,632,226,406
112000124,343,124,219
112000125,211,260,-49
112000126,270,665,-395
112000127,2379,1995,384
112000128,1016,626,390
112000129,178,183,-5
112000130,167,113,54
112000131,46,413,-367
112000132,134,304,-170
112000133,371,247,124
112000134,527,419,108
112000135,2014,838,1176
112000136,1668,1249,419
112000137,2244,1708,536
112000138,2440,1262,1178
112000139,1186,608,578
112000140,1314,1352,-38
112000141,758,404,354
112000142,203,688,-485
112000143,1085,282,803
112000144,325,1483,-1158
112000145,2533,730,1803
112000146,663,2379,-1716
112000147,2598,2149,449
112000148,2070,2622,-552
112000149,545,844,-299
112000150,479,877,-398
112000151,501,446,55
112000152,391,577,-186
112000153,270,350,-80
112000154,142,265,-123
112000155,165,131,34
112000157,949,697,252
112000158,292,636,-344
112000159,405,294,111
112000167,405,165,240
112000169,484,483,1
112000173,612,305,307
112000175,487,413,74
112000176,3435,2292,1143
112000177,660,200,460
112000178,128,492,-364
112000179,207,134,73
112000180,334,773,-439
112000181,1477,2370,-893
112000182,1207,2139,-932
112000183,46,67,-21
112000184,387,488,-101
112000185,543,761,-218
112000187,3924,2434,1490
112000195,122,35,87
112000196,206,1,205
112000197,196,203,-7
112000198,55,254,-199
112000199,1715,1133,582
112000202,391,5,386
112000216,61,317,-256
112000230,84,5,79
112000231,1,275,-274
112000256,66,231,-165
112000313,108,140,-32
112000314,55,50,5
112000337,299,635,-336
112000352,400,380,20
112000392,1588,1485,103
112000398,1171,1169,2
112000399,2452,2082,370
112000400,1748,3643,-1895
112000401,3859,3612,247
112000402,2891,2979,-88
112000403,2213,2787,-574
112000404,834,818,16
112000405,1929,3436,-1507
112000406,3824,3200,624
112000407,6645,9058,-2413
112000408,8983,9366,-383
112000409,2041,6682,-4641
112000410,584,362,222
112000411,5268,1894,3374
112000412,1630,695,935
112000413,10060,4872,5188
112000414,98,105,-7
112000415,151,40,111
112000416,2302,1875,427
112000417,351,74,277
112000421,46,143,-97
112000422,432,498,-66
112000424,2570,2600,-30
112000425,521,1387,-866
112000426,235,573,-338
112000427,2,16,-14
112000428,432,372,60
112000429,2356,3027,-671
112000430,2660,3341,-681
112000431,97,164,-67
112000432,699,1562,-863
112000433,678,1033,-355
112000437,69,236,-167
112900001,78,2,76
112900002,382,1163,-781
112900003,80,475,-395
112900004,66,326,-260
112900005,220,369,-149
112900006,10,417,-407
112900007,86,286,-200
112900008,4,34,-30
112900009,501,117,384
112900010,434,1057,-623
112900011,237,319,-82
112900012,0,61,-61
112900013,0,149,-149
112900014,8,456,-448
112900015,447,747,-300
112900016,4,361,-357
112900017,29,210,-181
112900018,1,440,-439
112900019,63,314,-251
112900020,428,1323,-895
112900021,4,276,-272
112900022,15,99,-84
112900023,1,251,-250
112900024,25,275,-250
112900025,102,257,-155
112900026,7,303,-296
112900027,13,1317,-1304
112900028,28,129,-101
112900029,17,731,-714
112900030,232,237,-5
112900031,7,533,-526
112900032,189,334,-145
112900034,1,58,-57
112900035,5,495,-490
112900036,43,147,-104
112900037,159,218,-59
112900038,647,262,385
112900039,19,337,-318
112900040,8,348,-340
112900041,1038,1311,-273
112900042,78,476,-398
112900043,38,65,-27
112900044,683,503,180
112900045,450,369,81
112900046,243,118,125
112900047,22,38,-16
112900049,196,112,84
112900050,39,767,-728
112900051,306,835,-529
112900052,12,1273,-1261
112900053,685,108,577
112900054,215,39,176
112900055,160,56,104
112900056,462,290,172
112900057,31,779,-748
112900058,369,335,34
112900059,156,134,22
112900060,23,275,-252
112900061,106,132,-26
112900062,80,216,-136
112900063,146,23,123
112900064,189,270,-81
112900065,51,28,23
112900066,209,178,31
112900067,614,226,388
112900068,57,66,-9
112900069,2263,805,1458
112900071,41,8,33
112900072,248,2157,-1909
112900073,345,110,235
112900074,82,290,-208
112900075,1845,812,1033
112900076,101,37,64
112900078,370,482,-112
112900079,516,54,462
112900080,51,6,45
112900081,48,247,-199
112900082,522,36,486
112900083,99,102,-3
112900084,195,102,93
112900086,175,0,175
112900087,778,261,517
112900088,113,16,97
112900089,744,76,668
112900090,62,22,40
112900091,253,9,244
112900092,195,273,-78
112900093,1842,24,1818
112900095,36,0,36
112900096,437,254,183
112900097,104,396,-292
112900098,127,3,124
112900099,922,7,915
112900100,77,2,75
112900101,311,1,310
112900102,111,14,97
112900103,265,4,261
112900104,209,7,202
112900105,18,0,18
112900106,480,279,201
112900107,5,0,5
112900108,37,1,36
112900109,107,1,106
112900110,1084,15,1069
112900111,749,3,746
112900112,312,0,312
112900113,0,18,-18
112900114,128,167,-39
112900115,1140,1,1139
112900116,235,47,188
112900117,104,118,-14
112900118,28,146,-118
112900119,188,6,182
112900120,914,361,553
112900121,147,200,-53
112900122,29,125,-96
112900123,143,41,102
112900124,12,121,-109
112900125,55,442,-387
112900126,215,265,-50
112900127,373,115,258
112900128,473,895,-422
112900129,4,921,-917
112900130,276,84,192
112900131,82,347,-265
112900132,195,393,-198
112900133,39,1036,-997
112900134,1,268,-267
112900135,122,75,47
112900137,3,634,-631
112900138,10,332,-322
112900139,210,1326,-1116
112900141,766,49,717
112900142,78,150,-72
112900143,59,609,-550
112900144,1,365,-364
112900145,69,607,-538
112900146,14,1308,-1294
112900147,8,2119,-2111
112900148,152,0,152
112900149,336,1074,-738
112900151,48,102,-54
112900152,4237,1233,3004
112900153,2251,2059,192
112900154,0,169,-169
112900155,186,28,158
112900156,273,1530,-1257
112900157,466,202,264
112900158,60,47,13
112900159,190,92,98
112900160,114,372,-258
112900161,144,54,90
112900162,39,25,14
112900163,121,38,83
112900164,37,341,-304
112900165,466,37,429
112900166,33,111,-78
112900167,12,66,-54
112900168,2,3,-1
112900169,6,11,-5
112900170,60,108,-48
112900172,61,10,51
112900173,264,128,136
112900174,257,68,189
112900175,166,135,31
112900176,9,20,-11
112900177,276,57,219
112900178,976,2783,-1807
112900179,66,551,-485
112900180,1999,1715,284
112900181,479,7,472
112900182,56,1260,-1204
112900183,194,353,-159
112900184,433,473,-40
112900185,295,582,-287
112900186,1445,920,525
112900187,124,721,-597
112900188,949,268,681
112900189,3,28,-25
112900190,10,77,-67
112900192,549,582,-33
112900193,1191,362,829
112900194,69,153,-84
112900195,815,48,767
112900196,282,376,-94
112900197,170,345,-175
112900199,555,650,-95
112900200,567,309,258
112900201,92,137,-45
112900202,325,962,-637
112900203,247,337,-90
112900204,1094,701,393
112900205,6,7,-1
112900206,35,96,-61
112900207,22,0,22
112900208,101,321,-220
112900209,610,473,137
112900210,1,70,-69
112900211,82,113,-31
112900212,5,160,-155
112900213,60,17,43
112900214,57,22,35
112900215,15,231,-216
112900216,72,118,-46
112900217,3,39,-36
112900218,73,20,53
112900219,63,0,63
112900220,6,0,6
112900221,32,77,-45
112900222,0,9,-9
112900223,905,31,874
112900224,300,585,-285
112900225,356,423,-67
112900226,264,418,-154
112900227,567,1285,-718
112900228,51,39,12
112900229,142,83,59
112900230,6969,4446,2523
112900232,296,254,42
112900233,122,183,-61
112900234,12,100,-88
112900235,173,29,144
112900236,270,20,250
112900237,269,311,-42
112900238,2,66,-64
112900239,1081,331,750
112900240,14,134,-120
112900241,39,171,-132
112900242,17,168,-151
112900243,6,186,-180
112900244,4,74,-70
112900245,2,30,-28
112900246,1,20,-19
112900247,158,32,126
112900248,13,3,10
112900249,49,12,37
112900250,79,36,43
112900251,88,3,85
112900252,59,23,36
112900253,47,8,39
112900254,20,17,3
112900255,1,56,-55
112900256,14,51,-37
112900257,25,65,-40
112900258,17,28,-11
113000001,5798,5505,293
113000002,3632,4285,-653
113000003,2210,1943,267
113000004,2106,2734,-628
113000005,1674,1066,608
113000006,1050,1694,-644
113000007,2264,1408,856
113000008,1890,2132,-242
113000009,1186,978,208
113000010,1404,1655,-251
113000011,727,1718,-991
113000012,1593,801,792
113000013,1678,686,992
113000014,1866,1542,324
113000015,540,243,297
113000016,482,690,-208
113000017,54,311,-257
113000018,508,47,461
113000019,151,310,-159
113000020,563,53,510
113000021,1481,704,777
113000022,696,1273,-577
113000025,161,462,-301
113000026,553,397,156
113000027,866,482,384
113000028,844,446,398
113000029,948,798,150
113000030,430,761,-331
113000031,339,338,1
113000032,337,375,-38
113000033,303,495,-192
113000034,402,391,11
113000035,28,39,-11
113000036,19,66,-47
113000037,56,35,21
113000038,10,79,-69
113000039,110,516,-406
113000040,79,107,-28
113000042,858,766,92
113000051,849,2967,-2118
113000052,2006,1075,931
113000053,392,479,-87
113000054,322,1020,-698
113000055,1188,762,426
113000056,816,1193,-377
113000058,815,1016,-201
113000059,1235,802,433
113000060,243,607,-364
113000061,842,1145,-303
113000062,1099,333,766
113000063,180,168,12
113000064,63,347,-284
113000065,182,1128,-946
113000066,657,118,539
113000067,1953,1510,443
113000068,409,1863,-1454
113000069,728,1641,-913
113000070,2886,1254,1632
113000071,460,849,-389
113000072,807,589,218
113000073,520,1768,-1248
113000074,1123,579,544
113000075,2039,819,1220
113000076,818,2198,-1380
113000077,1668,697,971
113000078,1069,2534,-1465
113000079,805,931,-126
113000080,821,749,72
113000081,864,949,-85
113000082,1245,863,382
113000083,580,1072,-492
113000084,1904,1553,351
113000085,940,976,-36
113000086,2814,1858,956
113000087,1745,1058,687
113000088,2500,1528,972
113000089,1011,1738,-727
113000090,263,619,-356
113000091,643,443,200
113000094,1105,258,847
113000095,225,900,-675
113000096,218,759,-541
113000097,1055,396,659
113000098,232,52,180
113000099,1444,381,1063
113000100,252,464,-212
113000101,352,667,-315
113000102,657,519,138
113000103,2255,706,1549
113000104,403,2334,-1931
113000105,677,407,270
113000106,355,670,-315
113000107,873,816,57
113000108,1049,1519,-470
113000109,716,2530,-1814
113000110,1657,472,1185
113000111,227,581,-354
113000112,375,480,-105
113000113,1554,438,1116
113000114,475,1472,-997
113000116,728,344,384
113000117,925,164,761
113000118,167,530,-363
113000119,529,316,213
113000120,166,312,-146
113000121,753,760,-7
113000124,384,186,198
113000125,67,736,-669
113000127,3112,551,2561
113000128,375,560,-185
113000129,541,842,-301
113000133,2767,1979,788
113000134,6,1218,-1212
113000135,4631,4955,-324
113000137,2167,3346,-1179
113000139,456,251,205
113000140,160,268,-108
113000141,232,213,19
113000142,732,1273,-541
113000143,288,256,32
113000144,447,848,-401
113000145,54,171,-117
113000146,154,109,45
113000147,185,133,52
113000148,134,140,-6
113000149,104,116,-12
113000150,482,419,63
113000151,125,65,60
113000152,24,75,-51
113000153,1517,675,842
113000154,763,1619,-856
113000155,395,555,-160
113000156,124,472,-348
113000157,294,978,-684
113000158,760,307,453
113000159,893,869,24
113000160,690,1163,-473
113000161,253,442,-189
113000162,672,502,170
113000163,353,80,273
113000164,44,139,-95
113000166,201,89,112
113000167,54,146,-92
113000168,67,145,-78
113000169,143,84,59
113000170,117,103,14
113000171,56,107,-51
113000172,302,98,204
113000173,78,22,56
113000174,118,591,-473
113000175,582,170,412
113000176,640,199,441
113000177,217,616,-399
113000178,190,404,-214
113000179,369,254,115
113000180,864,1420,-556
113000181,1607,1067,540
113000182,211,410,-199
113000183,208,650,-442
113000184,109,140,-31
113000189,572,901,-329
113000190,1261,670,591
113000192,2147,1907,240
113000193,4469,1351,3118
113000194,2178,1514,664
113000195,2619,798,1821
113000196,318,95,223
113000197,1948,1202,746
113000198,79,367,-288
113000199,1349,364,985
113000201,911,300,611
113000202,3933,1788,2145
113000203,292,223,69
113000204,1915,1875,40
113000205,23,32,-9
113000206,14,45,-31
113000207,85,35,50
113000208,37,74,-37
113000209,28,33,-5
113000210,2,30,-28
113000211,238,250,-12
113000212,145,40,105
113000213,53,184,-131
113000214,214,271,-57
113000234,195,1051,-856
113000410,225,236,-11
113000411,3222,4926,-1704
113000412,7825,3023,4802
113000413,3144,3212,-68
113000414,8189,14325,-6136
113000415,2648,3482,-834
113000416,10322,5012,5310
113000417,3542,3414,128
113000418,5157,3604,1553
113000419,1871,2105,-234
113000420,4686,5829,-1143
113000421,4560,6466,-1906
113000422,13797,11322,2475
113000423,2395,5150,-2755
113000424,3829,9914,-6085
113000425,17,140,-123
113000428,44,26,18
113000430,15,60,-45
113000432,2550,290,2260
113000433,134,953,-819
113000434,37,203,-166
113000435,148,767,-619
113000436,42,1373,-1331
113000437,1172,39,1133
113000438,279,64,215
113000439,42,160,-118
113000440,134,26,108
113000441,236,268,-32
113000442,169,233,-64
113000443,287,313,-26
113000444,248,333,-85
113000445,175,149,26
113000446,63,146,-83
113000448,209,171,38
113000449,341,1430,-1089
113000450,466,3268,-2802
113000451,1547,239,1308
113000452,400,670,-270
113000453,79,385,-306
113000454,1833,85,1748
113000455,71,238,-167
113000456,4809,3014,1795
113000468,1984,274,1710
113000469,128,78,50
113000470,423,56,367
113000471,12,504,-492
113000472,122,404,-282
113000474,655,759,-104
113000475,1853,1938,-85
113000476,1673,2013,-340
113000477,3393,2175,1218
113000478,5106,6344,-1238
113000479,75,243,-168
113000484,0,0,0
113000485,0,0,0
113000486,4,0,4
113000487,0,0,0
113000488,0,0,0
113000489,0,2,-2
113000490,0,0,0
113000491,2,1,1
113000492,0,3,-3
113000493,0,0,0
113000495,209,242,-33
113000496,148,127,21
113900001,9,220,-211
113900002,2,146,-144
113900003,2,115,-113
113900004,7,64,-57
113900005,7,82,-75
113900006,3,41,-38
113900007,15,1,14
113900008,125,0,125
113900009,247,2,245
113900010,271,5,266
113900011,195,4,191
113900012,58,1,57
113900013,552,10,542
113900014,647,2,645
113900015,0,54,-54
113900016,42,0,42
113900017,3,29,-26
113900018,456,258,198
113900019,151,70,81
113900020,173,3,170
113900022,29,0,29
113900023,55,0,55
113900024,79,62,17
113900025,309,23,286
113900026,65,1,64
113900027,1,54,-53
113900028,37,502,-465
113900029,48,248,-200
113900030,251,3,248
113900031,13,0,13
113900032,48,0,48
113900033,144,74,70
113900035,81,0,81
113900036,20,97,-77
113900037,175,556,-381
113900038,68,144,-76
113900039,122,13,109
113900040,5,11,-6
113900041,5,4,1
113900042,122,40,82
113900043,182,128,54
113900044,349,321,28
113900045,87,0,87
113900046,430,658,-228
113900047,11,66,-55
113900048,231,107,124
113900049,707,416,291
113900050,229,423,-194
113900051,294,406,-112
113900052,175,205,-30
113900053,617,485,132
113900054,10,8,2
113900055,87,383,-296
113900056,24,126,-102
113900057,41,280,-239
113900058,76,177,-101
113900059,222,378,-156
113900060,305,280,25
113900061,1046,285,761
113900062,99,10,89
113900063,65,125,-60
113900064,30,128,-98
113900065,473,17,456
113900066,296,423,-127
113900067,158,298,-140
113900068,465,467,-2
113900069,61,49,12
113900070,186,683,-497
113900071,45,63,-18
113900072,73,223,-150
113900073,265,464,-199
113900074,95,328,-233
113900075,1345,1275,70
113900076,128,15,113
113900077,87,197,-110
113900078,37,45,-8
113900079,0,37,-37
113900080,459,266,193
113900081,64,278,-214
113900082,141,249,-108
113900083,239,536,-297
113900084,318,111,207
113900085,35,331,-296
113900086,15,19,-4
113900087,69,218,-149
113900088,56,134,-78
113900089,519,55,464
113900090,536,416,120
113900091,20,26,-6
113900092,134,131,3
113900093,92,641,-549
113900094,357,481,-124
113900095,129,117,12
113900096,232,92,140
113900097,93,116,-23
113900098,597,83,514
113900099,2,71,-69
113900100,1,6,-5
113900101,61,94,-33
113900102,163,160,3
113900103,385,353,32
113900104,132,222,-90
113900105,107,300,-193
113900106,3,91,-88
113900107,2,41,-39
113900108,265,292,-27
113900109,398,237,161
113900110,49,27,22
113900111,151,133,18
113900112,117,88,29
113900113,1516,476,1040
113900114,2,110,-108
113900115,2,118,-116
113900116,90,146,-56
113900117,91,61,30
113900118,245,267,-22
113900119,390,640,-250
113900120,63,54,9
113900121,52,129,-77
113900122,404,1914,-1510
113900123,483,206,277
113900124,4,70,-66
113900125,1114,153,961
113900126,289,100,189
113900127,388,635,-247
113900128,221,92,129
113900129,15,143,-128
113900130,3,28,-25
113900131,233,135,98
113900132,51,88,-37
113900133,12,81,-69
113900135,326,446,-120
113900136,119,107,12
113900137,419,354,65
113900138,73,170,-97
113900139,410,182,228
113900140,399,357,42
113900141,523,401,122
113900142,144,94,50
113900143,10,31,-21
113900144,295,202,93
113900145,325,200,125
113900146,182,74,108
113900148,172,333,-161
113900149,135,79,56
113900150,798,661,137
113900151,356,245,111
113900152,26,45,-19
113900153,418,612,-194
113900154,5,152,-147
113900155,275,160,115
113900156,257,489,-232
113900157,53,296,-243
113900158,340,428,-88
113900159,39,277,-238
113900160,1862,623,1239
113900161,66,266,-200
113900162,496,739,-243
113900163,290,322,-32
113900164,305,78,227
113900165,1398,486,912
113900166,187,163,24
113900167,328,59,269
113900168,137,122,15
113900169,222,431,-209
113900171,282,88,194
113900172,5,206,-201
113900173,54,719,-665
113900174,410,736,-326
113900175,389,163,226
113900176,364,698,-334
113900177,433,265,168
113900178,1515,162,1353
113900179,27,548,-521
113900180,149,99,50
113900181,533,127,406
113900182,854,1442,-588
113900183,34,110,-76
113900184,24,589,-565
113900185,229,104,125
113900186,36,56,-20
113900187,34,141,-107
113900188,62,187,-125
113900189,304,142,162
113900190,284,147,137
113900191,90,225,-135
113900192,5,485,-480
113900193,32,216,-184
113900194,1749,1306,443
113900195,381,442,-61
113900196,12,167,-155
113900197,2,200,-198
113900198,29,256,-227
113900199,199,704,-505
113900200,15,315,-300
113900201,3,202,-199
113900202,36,307,-271
113900203,8,136,-128
113900204,47,592,-545
113900205,15,190,-175
113900206,12,192,-180
113900207,1,70,-69
113900208,1,80,-79
113900209,0,94,-94
113900210,564,738,-174
113900211,195,95,100
113900212,173,528,-355
113900214,473,451,22
113900215,102,179,-77
113900216,77,974,-897
113900217,92,303,-211
113900218,197,79,118
113900219,79,297,-218
113900220,126,142,-16
113900221,472,250,222
113900222,330,530,-200
113900223,181,1090,-909
113900224,115,95,20
113900225,542,252,290
113900226,309,94,215
113900227,706,248,458
113900228,327,490,-163
113900229,85,725,-640
113900230,4531,2969,1562
113900231,195,181,14
113900232,147,133,14
113900233,65,69,-4
113900234,288,516,-228
113900235,90,53,37
113900236,171,351,-180
113900237,199,11,188
113900238,258,620,-362
113900239,97,71,26
113900240,3,177,-174
113900241,198,55,143
113900242,43,143,-100
113900243,116,485,-369
113900244,406,271,135
113900245,1465,277,1188
113900246,16,17,-1
113900247,160,432,-272
113900248,2606,2070,536
113900249,1054,428,626
113900250,58,140,-82
113900251,635,226,409
113900252,644,15,629
113900253,805,43,762
113900254,825,130,695
113900255,415,24,391
113900256,419,43,376
113900257,39,684,-645
113900258,42,499,-457
113900259,491,191,300
113900260,193,37,156
113900261,12,99,-87
113900262,180,669,-489
113900263,229,688,-459
113900264,10,609,-599
113900265,466,393,73
113900266,40,233,-193
113900267,115,463,-348
113900268,353,416,-63
113900269,82,167,-85
113900270,307,626,-319
113900271,633,1790,-1157
113900273,92,13,79
113900274,90,31,59
113900275,53,78,-25
113900276,3,240,-237
113900277,126,4,122
113900278,340,196,144
113900279,203,112,91
113900280,1756,708,1048
113900281,750,1397,-647
113900282,1059,794,265
113900283,529,672,-143
113900284,837,172,665
113900285,161,57,104
113900286,13,120,-107
113900287,42,91,-49
113900288,3,119,-116
113900289,1039,123,916
113900290,367,197,170
113900291,123,241,-118
113900292,26,4,22
113900293,10,285,-275
113900294,454,52,402
113900295,534,370,164
113900296,2101,502,1599
113900297,2421,45,2376
113900298,33,1860,-1827
113900299,79,193,-114
113900300,5186,4520,666
113900301,854,221,633
113900302,3002,1043,1959
113900303,582,499,83
113900304,2,112,-110
113900305,118,0,118
113900306,24,1,23
113900307,27,0,27
113900308,128,144,-16
113900309,3,1032,-1029
113900310,1,18,-17
113900311,7,2,5
113900312,287,265,22
113900313,14,11,3
113900314,0,18,-18
113900315,40,3,37
114000001,1060,2952,-1892
114000002,313,535,-222
114000003,234,1125,-891
114000004,489,502,-13
114000005,309,564,-255
114000006,2927,2621,306
114000007,688,1402,-714
114000008,2021,1741,280
114000009,827,272,555
114000011,2472,2922,-450
114000012,2894,2275,619
114000013,1948,1895,53
114000014,900,684,216
114000015,2077,494,1583
114000016,256,429,-173
114000017,92,307,-215
114000018,297,60,237
114000026,1747,1536,211
114000027,3016,2041,975
114000028,2870,2935,-65
114000038,302,270,32
114000039,239,293,-54
114000040,103,294,-191
114000042,144,220,-76
114000043,407,392,15
114000044,319,282,37
114000045,63,89,-26
114000046,5260,5368,-108
114000047,40,83,-43
114000048,135,197,-62
114000049,1719,2096,-377
114000050,1865,2933,-1068
114000051,3386,2352,1034
114000052,6262,1665,4597
114000053,190,473,-283
114000054,284,885,-601
114000055,1002,26,976
114000056,1244,879,365
114000057,6606,2296,4310
114000058,716,1490,-774
114000059,401,422,-21
114000060,829,1086,-257
114000061,4100,3099,1001
114000062,2526,1536,990
114000063,3267,2078,1189
114000064,7056,4089,2967
114000065,1721,2629,-908
114000066,502,619,-117
114000067,19,718,-699
114000068,528,763,-235
114000069,873,728,145
114000070,2251,1955,296
114000071,791,572,219
114000072,483,320,163
114000073,15,97,-82
114000074,37,25,12
114000075,37,146,-109
114000076,21,121,-100
114000077,9,54,-45
114000078,428,682,-254
114000079,219,33,186
114000080,99,109,-10
114000081,92,84,8
114000082,56,604,-548
114000083,62,251,-189
114000084,315,116,199
114000085,127,886,-759
114000086,294,599,-305
114000087,106,199,-93
114000088,33,62,-29
114000089,1163,467,696
114000090,868,1138,-270
114000091,1457,1240,217
114000092,901,833,68
114000093,1332,1317,15
114000094,541,497,44
114000095,299,162,137
114000096,175,483,-308
114000097,155,854,-699
114000098,504,170,334
114000099,677,819,-142
114000100,1245,928,317
114000101,585,1039,-454
114000102,549,386,163
114000103,199,455,-256
114000104,54,310,-256
114000105,193,126,67
114000106,970,1128,-158
114000107,343,208,135
114000108,2617,1563,1054
114000109,631,1460,-829
114000110,657,1949,-1292
114000111,1442,885,557
114000112,568,2932,-2364
114000113,1538,619,919
114000114,1526,2056,-530
114000115,2087,1193,894
114000116,1096,1656,-560
114000117,2600,740,1860
114000118,2308,649,1659
114000119,1653,527,1126
114000120,517,1041,-524
114000121,466,859,-393
114000122,409,418,-9
114000123,1845,546,1299
114000124,784,382,402
114000125,1215,1734,-519
114000126,5116,380,4736
114000127,271,205,66
114000128,1015,494,521
114000130,706,659,47
114000131,355,252,103
114000132,711,808,-97
114000133,932,1647,-715
114000134,60,140,-80
114000138,48,258,-210
114000139,550,350,200
114000144,808,636,172
114000145,119,219,-100
114000146,131,281,-150
114000147,1336,1803,-467
114000148,2454,2269,185
114000149,481,355,126
114000150,2190,1656,534
114000151,2003,1766,237
114000152,176,54,122
114000153,1229,2996,-1767
114000154,1076,1279,-203
114000155,3834,2259,1575
114000156,1034,761,273
114000157,505,1072,-567
114000158,2002,993,1009
114000159,267,710,-443
114000160,125,542,-417
114000161,1620,3140,-1520
114000162,1074,2390,-1316
114000163,13,131,-118
114000165,699,314,385
114000166,792,441,351
114000167,3739,1706,2033
114000168,1160,774,386
114000169,1741,1285,456
114000170,1575,1091,484
114000171,1091,3357,-2266
114000174,291,489,-198
114000176,679,523,156
114000177,2200,1056,1144
114000178,117,56,61
114000179,1291,1038,253
114000180,516,909,-393
114000181,1851,3827,-1976
114000182,3811,2703,1108
114000183,1150,1303,-153
114000184,5124,1585,3539
114000185,1255,1089,166
114000189,775,141,634
114000190,2301,340,1961
114000191,41,85,-44
114000192,354,1723,-1369
114000193,917,3133,-2216
114000194,1249,1228,21
114000195,147,29,118
114000196,2,346,-344
114000197,1279,107,1172
114000198,1004,405,599
114000199,2253,1860,393
114000200,708,2004,-1296
114000201,168,960,-792
114000202,1493,701,792
114000203,610,898,-288
114000204,267,592,-325
114000205,263,1582,-1319
114000206,703,1411,-708
114000207,701,2159,-1458
114000208,469,3214,-2745
114000209,655,2710,-2055
114000210,358,1630,-1272
114000211,1020,3375,-2355
114000212,702,830,-128
114000213,1429,651,778
114000214,98,282,-184
114000215,223,78,145
114000216,2204,917,1287
114000217,301,492,-191
114000218,116,357,-241
114000219,1384,284,1100
114000220,39,1288,-1249
114000221,881,174,707
114000222,238,1403,-1165
114000223,505,139,366
114000224,97,781,-684
114000225,320,732,-412
114000226,142,246,-104
114000227,793,773,20
114000228,718,1012,-294
114000229,1150,1414,-264
114000230,2138,1543,595
114000231,879,1431,-552
114000232,535,146,389
114000233,1821,146,1675
114000234,1260,1276,-16
114000235,1254,1686,-432
114000236,0,427,-427
114000237,116,1083,-967
114000238,681,153,528
114000239,356,1568,-1212
114000240,748,843,-95
114000241,338,1225,-887
114000242,1089,1149,-60
114000243,2535,923,1612
114000244,3286,507,2779
114000245,366,784,-418
114000246,305,69,236
114000247,3040,858,2182
114000248,1424,669,755
114000249,511,1168,-657
114000250,482,949,-467
114000251,347,283,64
114000252,144,83,61
114000253,79,152,-73
114000254,68,85,-17
114000255,674,229,445
114000256,2107,1799,308
114000257,974,1776,-802
114000258,709,492,217
114000259,332,244,88
114000260,1,49,-48
114000261,47,63,-16
114000262,162,169,-7
114000263,19,3,16
114000264,1157,569,588
114000265,0,1,-1
114000267,6,3802,-3796
114000268,2,1691,-1689
114000270,182,10,172
114000271,1013,113,900
114000283,1675,551,1124
114000285,21,310,-289
114000288,100,337,-237
114000289,1281,214,1067
114000293,174,512,-338
114000294,167,324,-157
114000395,3348,81,3267
114000396,539,493,46
114000402,454,384,70
114000403,281,418,-137
114000405,126,631,-505
114000423,361,521,-160
114000424,398,216,182
114000425,643,501,142
114000426,416,1196,-780
114000427,60,110,-50
114000428,265,212,53
114000429,19,282,-263
114000432,87,159,-72
114000434,52,118,-66
114000435,3,338,-335
114900001,861,1306,-445
114900002,1110,163,947
114900003,619,1902,-1283
114900004,404,482,-78
114900005,626,1102,-476
114900006,94,53,41
114900007,323,37,286
114900008,178,154,24
114900010,2613,2189,424
114900011,209,214,-5
114900013,269,218,51
114900018,1100,65,1035
114900020,262,140,122
114900022,99,1046,-947
114900025,498,257,241
114900026,130,138,-8
114900029,183,55,128
114900030,397,315,82
114900031,410,68,342
114900032,408,74,334
114900034,57,249,-192
114900035,160,289,-129
114900036,252,789,-537
114900039,657,607,50
114900040,75,186,-111
114900041,655,592,63
114900042,805,778,27
114900044,173,38,135
114900047,228,1814,-1586
114900048,143,380,-237
114900049,59,276,-217
114900050,59,519,-460
114900051,21,407,-386
114900052,128,213,-85
114900053,440,305,135
114900054,49,146,-97
114900057,291,12,279
114900058,0,128,-128
114900059,97,61,36
114900063,81,258,-177
114900064,1222,562,660
114900065,408,834,-426
114900067,136,563,-427
114900068,106,268,-162
114900069,299,135,164
114900070,529,566,-37
114900072,10,413,-403
114900073,2,306,-304
114900074,579,853,-274
114900075,229,8,221
114900076,20,521,-501
114900080,2113,558,1555
114900082,4709,2130,2579
114900083,2031,1324,707
114900090,361,327,34
114900091,147,225,-78
114900097,167,0,167
114900098,4,249,-245
114900099,190,7,183
115000001,6901,5112,1789
115000002,3486,4466,-980
115000003,5446,4069,1377
115000004,3975,7104,-3129
115000005,1882,2699,-817
115000006,982,2011,-1029
115000007,138,198,-60
115000008,721,672,49
115000009,181,264,-83
115000010,309,203,106
115000013,115,270,-155
115000015,136,433,-297
115000016,72,184,-112
115000019,54,490,-436
115000020,202,645,-443
115000021,306,575,-269
115000022,561,418,143
115000023,411,525,-114
115000024,1265,589,676
115000025,759,694,65
115000026,145,494,-349
115000027,234,279,-45
115000028,195,962,-767
115000029,602,137,465
115000030,698,1254,-556
115000031,1306,211,1095
115000032,17,383,-366
115000033,588,59,529
115000034,105,1199,-1094
115000035,1353,73,1280
115000036,0,434,-434
115000037,574,11,563
115000038,59,215,-156
115000039,3962,3079,883
115000040,8008,3858,4150
115000041,2951,3692,-741
115000042,1979,776,1203
115000043,4004,2213,1791
115000044,4144,4518,-374
115000045,2736,2392,344
115000046,2230,2526,-296
115000047,2118,1797,321
115000048,1794,3206,-1412
115000049,1958,4267,-2309
115000050,3048,2384,664
115000051,1844,3413,-1569
115000052,3183,2284,899
115000053,1679,1861,-182
115000054,809,1689,-880
115000055,238,824,-586
115000056,293,635,-342
115000057,913,856,57
115000058,787,285,502
115000059,277,140,137
115000061,264,149,115
115000062,216,323,-107
115000063,261,398,-137
115000064,312,136,176
115000065,47,446,-399
115000067,243,21,222
115000069,97,306,-209
115000070,43,842,-799
115000071,165,15,150
115000072,11,62,-51
115000073,1217,53,1164
115000075,108,66,42
115000076,4338,3134,1204
115000077,2461,3098,-637
115000078,1338,1881,-543
115000079,2831,2286,545
115000080,3386,2925,461
115000081,515,1145,-630
115000082,3642,3948,-306
115000083,2261,2908,-647
115000084,1941,1330,611
115000085,838,1221,-383
115000086,986,1105,-119
115000087,456,1839,-1383
115000088,1672,876,796
115000089,1588,1458,130
115000090,514,1057,-543
115000091,272,1249,-977
115000092,460,396,64
115000093,495,1,494
115000094,7673,5756,1917
115000095,5628,6525,-897
115000096,643,1990,-1347
115000097,808,1291,-483
115000098,1012,1034,-22
115000099,2311,3371,-1060
115000100,940,419,521
115000101,449,1828,-1379
115000102,483,323,160
115000103,335,862,-527
115000105,57,271,-214
115000106,576,359,217
115000107,205,648,-443
115000108,3814,3222,592
115000109,4988,4111,877
115000110,1524,1442,82
115000111,843,2282,-1439
115000112,686,809,-123
115000113,704,970,-266
115000114,2863,951,1912
115000116,4810,2286,2524
115000117,5179,3727,1452
115000118,2849,2201,648
115000119,2682,2821,-139
115000120,771,1413,-642
115000121,1815,1100,715
115000122,4624,1995,2629
115000123,1683,2279,-596
115000124,1186,999,187
115000125,421,637,-216
115000126,169,306,-137
115000127,547,91,456
115000128,609,929,-320
115000129,355,420,-65
115000130,509,1118,-609
115000131,929,412,517
115000132,939,464,475
115000133,1537,369,1168
115000134,1362,296,1066
115000135,730,214,516
115000136,434,284,150
115000137,207,202,5
115000138,310,320,-10
115000139,295,275,20
115000140,324,396,-72
115000141,238,326,-88
115000142,262,355,-93
115000143,794,804,-10
115000144,583,101,482
115000145,346,449,-103
115000146,1207,399,808
115000147,815,564,251
115000148,338,1315,-977
115000149,589,281,308
115000150,666,1208,-542
115000151,1137,1049,88
115000152,800,1335,-535
115000153,1130,1462,-332
115000154,784,680,104
115000155,586,1049,-463
115000156,1131,912,219
115000157,639,930,-291
115000158,588,389,199
115000159,920,592,328
115000160,792,362,430
115000161,204,524,-320
115000162,854,798,56
115000163,656,756,-100
115000164,833,776,57
115000165,406,508,-102
115000167,268,113,155
115000168,710,383,327
115000169,582,332,250
115000170,183,129,54
115000171,347,226,121
115000172,1276,757,519
115000173,370,498,-128
115000174,114,444,-330
115000175,202,106,96
115000176,125,79,46
115000177,104,87,17
115000178,18,319,-301
115000179,47,19,28
115000180,98,858,-760
115000181,615,175,440
115000182,889,356,533
115000183,343,855,-512
115000186,812,306,506
115000187,208,795,-587
115000188,536,521,15
115000189,197,472,-275
115000190,749,363,386
115000191,176,551,-375
115000194,184,275,-91
115000195,400,353,47
115000196,201,111,90
115000197,227,341,-114
115000198,307,206,101
115000199,324,267,57
115000200,472,107,365
115000201,171,415,-244
115000206,410,64,346
115000207,126,347,-221
115000208,438,611,-173
115000209,830,435,395
115000210,155,204,-49
115000211,299,302,-3
115000212,1529,317,1212
115000224,536,62,474
115000225,41,106,-65
115000229,194,206,-12
115000230,148,447,-299
115000231,324,2032,-1708
115000232,1455,332,1123
115000233,220,236,-16
115000234,41,348,-307
115000241,94,361,-267
115000242,88,452,-364
115000243,68,327,-259
115000244,26,161,-135
115000246,63,59,4
115000247,117,68,49
115000248,39,29,10
115000249,43,41,2
115000250,339,40,299
115000251,298,177,121
115000252,111,312,-201
115000253,24,508,-484
115000258,278,262,16
115000259,373,221,152
115000261,25,35,-10
115000262,15,44,-29
115000263,11,53,-42
115000264,42,52,-10
115000267,100,69,31
115000268,33,143,-110
115000269,179,75,104
115000270,5,16,-11
115000272,58,181,-123
115000273,399,91,308
115000280,1546,152,1394
115000281,350,842,-492
115000282,890,655,235
115000284,489,176,313
115000296,1375,12,1363
115000297,157,104,53
115000298,89,417,-328
115000300,177,181,-4
115000302,700,157,543
115000303,731,161,570
115000304,773,109,664
115000305,83,807,-724
115000306,182,409,-227
115000307,112,237,-125
115000308,35,31,4
115000309,12,45,-33
115000310,993,1168,-175
115000311,886,1554,-668
115000313,185,804,-619
115000314,366,170,196
115000315,1229,599,630
115000316,70,123,-53
115000317,178,447,-269
115000318,774,415,359
115000319,93,374,-281
115000320,10,262,-252
115000321,383,7,376
115000322,56,284,-228
115000449,219,215,4
115000557,4,1173,-1169
115000558,552,73,479
115000587,669,860,-191
115000588,2844,3320,-476
115000589,4280,2853,1427
115000590,1543,1471,72
115000591,2865,709,2156
115000592,695,1906,-1211
115000593,1360,634,726
115000594,1084,2564,-1480
115000609,198,421,-223
115000617,2113,3326,-1213
115000624,199,104,95
115000633,420,2343,-1923
115000634,2461,841,1620
115000635,745,188,557
115000638,1006,973,33
115000641,49,186,-137
115000642,377,588,-211
115000643,138,728,-590
115000644,180,635,-455
115000646,889,1681,-792
115000647,191,486,-295
115000648,1824,2357,-533
115000893,3766,1518,2248
115000894,166,1506,-1340
115000895,635,1112,-477
115000896,1803,463,1340
115000897,562,236,326
115000898,688,271,417
115000899,716,1392,-676
115000900,233,476,-243
115000901,146,220,-74
115000912,450,222,228
115000913,6,17,-11
115000915,18,0,18
115000916,8,0,8
115000917,0,11,-11
115000918,63,359,-296
115000919,20,8,12
115000920,49,61,-12
115000921,758,126,632
115000922,1720,825,895
115000923,613,1342,-729
115000925,126,87,39
115000927,80,66,14
115000933,396,277,119
115000934,179,174,5
115000935,157,111,46
115000936,42,655,-613
115000937,1074,210,864
115000938,226,269,-43
115000939,374,211,163
115000940,53,30,23
115000941,22,18,4
115000942,113,110,3
115000943,72,19,53
115000944,3,6,-3
115900001,110,53,57
115900002,83,145,-62
115900003,248,155,93
115900004,0,66,-66
115900005,197,13,184
115900006,142,327,-185
115900008,68,22,46
115900009,84,275,-191
115900010,257,205,52
115900011,475,359,116
115900012,167,92,75
115900013,341,149,192
115900014,121,199,-78
115900015,166,95,71
115900016,164,39,125
115900017,14,7,7
115900018,211,122,89
115900019,79,16,63
115900020,46,0,46
115900021,1553,151,1402
115900022,1980,14,1966
115900023,49,5,44
115900025,73,279,-206
115900026,940,305,635
115900027,1,309,-308
115900028,780,88,692
115900029,31,525,-494
115900030,25,25,0
115900031,438,322,116
115900032,496,722,-226
115900033,2,40,-38
115900034,40,491,-451
115900035,51,25,26
115900036,175,784,-609
115900037,62,446,-384
115900038,46,12,34
115900039,215,251,-36
115900041,666,543,123
115900042,17,8,9
115900043,82,92,-10
115900044,317,332,-15
115900046,238,289,-51
115900047,152,127,25
115900049,134,318,-184
115900051,4,87,-83
115900052,14,268,-254
115900053,243,340,-97
115900054,204,73,131
115900055,16,167,-151
115900056,221,390,-169
115900057,49,30,19
115900058,48,68,-20
115900060,64,164,-100
115900061,165,1,164
115900062,32,293,-261
115900063,118,16,102
115900064,151,245,-94
115900065,126,141,-15
115900066,290,166,124
115900067,9,894,-885
115900068,3854,1166,2688
115900069,206,164,42
115900070,274,246,28
115900071,0,443,-443
115900072,56,238,-182
115900073,97,79,18
115900074,1,419,-418
115900075,58,275,-217
115900076,8,79,-71
115900077,5,335,-330
115900078,197,144,53
115900079,189,16,173
115900080,642,323,319
115900081,19,86,-67
115900082,213,261,-48
115900084,342,44,298
115900085,61,67,-6
115900086,1570,719,851
115900088,14,65,-51
115900089,310,808,-498
115900090,293,31,262
115900091,5,32,-27
115900092,26,221,-195
115900093,9,30,-21
115900094,7,369,-362
115900096,3,19,-16
115900097,11,475,-464
115900098,178,381,-203
115900099,413,70,343
115900100,14,610,-596
115900101,154,328,-174
115900102,141,119,22
115900103,314,195,119
115900104,55,165,-110
115900105,282,680,-398
115900106,81,49,32
115900107,158,192,-34
115900108,121,78,43
115900109,73,478,-405
115900110,0,56,-56
115900111,1,129,-128
115900112,48,956,-908
115900113,59,68,-9
115900114,5,192,-187
115900115,85,343,-258
115900116,107,909,-802
115900117,50,36,14
115900118,2,382,-380
115900119,129,241,-112
115900120,28,401,-373
115900121,177,345,-168
115900124,352,740,-388
115900125,281,41,240
115900126,642,100,542
115900127,639,65,574
115900128,19,107,-88
115900129,704,77,627
115900130,20,286,-266
115900131,512,28,484
115900132,420,11,409
115900134,372,13,359
115900135,496,1091,-595
115900137,30,6,24
115900139,37,50,-13
115900140,259,19,240
115900141,10,24,-14
115900142,16,12,4
115900143,362,276,86
115900144,62,168,-106
115900146,7,179,-172
115900147,316,255,61
115900148,50,10,40
115900149,73,21,52
115900150,58,50,8
115900151,32,143,-111
115900152,122,367,-245
115900153,125,250,-125
115900154,545,367,178
115900155,0,61,-61
115900156,589,1061,-472
115900157,148,635,-487
115900158,29,17,12
115900159,112,362,-250
115900160,14,12,2
115900161,95,235,-140
115900163,148,146,2
115900164,557,65,492
115900166,232,158,74
115900168,124,271,-147
115900171,110,475,-365
115900172,62,143,-81
115900173,224,141,83
115900174,224,229,-5
115900175,120,258,-138
115900178,22,790,-768
115900179,259,12,247
115900180,55,252,-197
115900181,145,295,-150
115900182,357,283,74
115900183,96,22,74
115900184,1920,20,1900
115900187,7,117,-110
115900189,2,194,-192
115900190,356,1238,-882
115900191,70,500,-430
115900192,17,188,-171
115900193,757,189,568
115900194,581,79,502
115900195,663,1858,-1195
115900198,249,426,-177
115900199,180,287,-107
115900200,341,419,-78
115900201,406,395,11
115900202,3,33,-30
115900203,5,16,-11
115900204,6,1,5
115900205,155,16,139
115900206,251,262,-11
115900207,16,43,-27
115900208,237,226,11
115900209,4,191,-187
115900210,10,131,-121
115900211,8,252,-244
115900212,145,541,-396
115900213,158,86,72
115900214,364,361,3
115900215,29,182,-153
115900216,7,108,-101
115900217,21,64,-43
115900218,4,54,-50
115900219,73,8,65
115900220,115,33,82
115900221,63,28,35
115900222,39,32,7
115900223,8,261,-253
115900224,1467,1104,363
115900225,96,39,57
115900226,21,67,-46
115900227,15,53,-38
115900228,7,30,-23
115900229,6,57,-51
115900230,65,164,-99
115900231,162,7,155
115900232,78,3,75
115900233,79,25,54
115900234,51,32,19
115900235,69,50,19
115900236,235,32,203
115900237,87,23,64
115900238,137,30,107
115900239,32,15,17
115900240,13,58,-45
115900241,267,300,-33
115900242,324,392,-68
115900243,11,15,-4
115900244,22,24,-2
115900245,60,31,29
115900246,64,11,53
115900247,52,13,39
115900248,17,5,12
115900249,5,29,-24
115900250,1,24,-23
115900251,1,24,-23
115900252,14,3,11
115900253,32,38,-6
115900254,15,34,-19
115900255,4,19,-15
115900256,29,50,-21
115900257,17,14,3
115900258,0,3,-3
115900259,5,3,2
115900260,11,14,-3
115900261,17,0,17
115900262,3,2,1
115900263,9,1,8
115900264,2,3,-1
115900265,2,4,-2
115900266,5,5,0
115900267,10,9,1
115900268,9,7,2
115900269,390,697,-307
115900270,308,474,-166
115900271,82,0,82
115900272,57,4,53
115900273,5,15,-10
115900274,3,15,-12
115900275,1,23,-22
115900276,0,23,-23
115900277,0,66,-66
115900278,45,154,-109
115900279,37,226,-189
115900280,26,393,-367
115900281,616,319,297
115900282,21,6,15
115900283,11,32,-21
115900284,11,22,-11
116000001,13991,6301,7690
116000002,4988,9882,-4894
116000003,2037,2192,-155
116000004,2703,3234,-531
116000005,3668,3618,50
116000006,3054,2239,815
116000007,3416,4217,-801
116000008,4104,1991,2113
116000009,2119,3264,-1145
116000010,2790,1541,1249
116000011,1001,2202,-1201
116000012,1380,1409,-29
116000013,11484,4636,6848
116000014,14318,11132,3186
116000015,356,1318,-962
116000016,6512,3290,3222
116000017,32,855,-823
116000018,755,316,439
116000019,776,341,435
116000020,469,808,-339
116000021,493,399,94
116000022,382,437,-55
116000023,1202,794,408
116000024,765,986,-221
116000025,828,754,74
116000026,1898,2411,-513
116000027,788,603,185
116000028,434,701,-267
116000029,843,776,67
116000030,825,504,321
116000031,206,373,-167
116000032,458,215,243
116000033,345,515,-170
116000034,750,976,-226
116000035,384,729,-345
116000036,2006,1131,875
116000037,768,518,250
116000038,506,388,118
116000039,553,357,196
116000040,1242,238,1004
116000041,253,473,-220
116000042,618,190,428
116000043,79,564,-485
116000044,28,121,-93
116000045,1689,1232,457
116000046,1242,1494,-252
116000047,1882,2383,-501
116000048,1898,1845,53
116000049,1131,2529,-1398
116000050,1385,1429,-44
116000051,6096,2176,3920
116000052,5952,4619,1333
116000053,1956,1015,941
116000054,834,2505,-1671
116000055,553,1212,-659
116000056,1021,1218,-197
116000057,2848,1989,859
116000058,2878,2241,637
116000059,2736,4267,-1531
116000060,2355,1034,1321
116000061,673,1072,-399
116000062,870,266,604
116000063,711,1175,-464
116000066,326,499,-173
116000067,346,604,-258
116000068,282,328,-46
116000069,275,424,-149
116000078,537,1093,-556
116000080,2027,1378,649
116000082,12,108,-96
116000083,1633,588,1045
116000084,2288,4547,-2259
116000085,2376,2097,279
116000086,2477,1885,592
116000087,1857,1866,-9
116000088,736,1173,-437
116000089,265,127,138
116000090,193,198,-5
116000091,609,374,235
116000093,554,443,111
116000094,613,784,-171
116000095,825,566,259
116000096,806,2024,-1218
116000097,2754,845,1909
116000098,243,9750,-9507
116000099,7218,373,6845
116000100,274,25,249
116000101,1580,1301,279
116000102,289,1455,-1166
116000103,830,429,401
116000104,386,1659,-1273
116000105,1252,188,1064
116000106,2232,1255,977
116000107,6041,516,5525
116000108,2914,255,2659
116000111,172,79,93
116000113,125,150,-25
116000114,64,188,-124
116000115,256,185,71
116000116,442,694,-252
116000117,1513,2228,-715
116000118,1632,1813,-181
116000119,3015,2137,878
116000120,3337,5385,-2048
116000121,953,689,264
116000122,1442,2227,-785
116000123,1027,631,396
116000124,431,1081,-650
116000125,2769,786,1983
116000126,381,1884,-1503
116000127,1111,1456,-345
116000128,1419,916,503
116000129,976,267,709
116000130,488,438,50
116000133,912,1184,-272
116000134,2062,2797,-735
116000135,2176,1794,382
116000136,1360,2639,-1279
116000137,1188,739,449
116000138,852,564,288
116000139,1747,1997,-250
116000140,148,226,-78
116000141,346,819,-473
116000142,3728,3408,320
116000143,1922,1891,31
116000144,1514,2549,-1035
116000145,1607,1390,217
116000146,531,272,259
116000147,342,157,185
116000148,469,526,-57
116000149,532,588,-56
116000151,780,737,43
116000153,109,491,-382
116000155,231,292,-61
116000156,434,1126,-692
116000157,55,27,28
116000158,433,428,5
116000159,24,13,11
116000160,22,93,-71
116000161,2,77,-75
116000162,70,79,-9
116000163,30,11,19
116000164,12,46,-34
116000177,3022,120,2902
116000194,128,436,-308
116000195,1695,880,815
116000196,26,4,22
116000197,8,13,-5
116000198,2795,1104,1691
116000200,756,454,302
116000201,691,802,-111
116000202,27,367,-340
116000203,2,121,-119
116000204,15,101,-86
116000205,0,269,-269
116000206,2,136,-134
116000207,2,74,-72
116000233,255,553,-298
116000287,262,578,-316
116000288,229,288,-59
116000292,27,143,-116
116000296,21,230,-209
116000297,116,30,86
116000304,182,50,132
116000305,39,113,-74
116000346,161,97,64
116000352,93,35,58
116000354,36,24,12
116000357,39,58,-19
116000358,358,51,307
116000361,593,3,590
116000372,7502,3961,3541
116000381,122,2,120
116000388,5,72,-67
116000389,1021,525,496
116000445,335,795,-460
116000446,556,865,-309
116000447,22,569,-547
116000448,651,291,360
116000563,771,681,90
116000565,63,517,-454
116000568,100,267,-167
116000579,65,154,-89
116000583,169,112,57
116000584,40,16,24
116000585,53,16,37
116000586,117,127,-10
116000587,570,687,-117
116000589,60,90,-30
116000590,76,132,-56
116000591,215,301,-86
116000592,23,154,-131
116000593,1,27,-26
116000594,511,590,-79
116000595,658,177,481
116000596,118,7,111
116000597,365,167,198
116000598,29,229,-200
116000605,311,181,130
116000606,104,444,-340
116000607,3,53,-50
116000609,221,930,-709
116000611,104,672,-568
116000612,639,1904,-1265
116000613,541,438,103
116000614,514,713,-199
116000615,3,257,-254
116000616,33,82,-49
116000617,84,85,-1
116000618,4,128,-124
116000619,122,73,49
116000620,101,83,18
116000621,64,84,-20
116000622,85,187,-102
116000624,751,124,627
116000627,70,103,-33
116000628,74,745,-671
116000629,47,469,-422
116000630,509,70,439
116000631,177,158,19
116000632,715,176,539
116000633,147,303,-156
116000634,442,205,237
116000635,3152,1836,1316
116000636,1130,1133,-3
116000637,512,123,389
116000638,156,478,-322
116000639,40,0,40
116000640,13,24,-11
116000641,54,171,-117
116000643,1,165,-164
116000644,29,675,-646
116000645,119,8,111
116900001,220,186,34
116900002,262,4,258
116900003,30,90,-60
116900004,42,60,-18
116900005,257,88,169
116900006,228,163,65
116900007,111,182,-71
116900008,374,390,-16
116900009,14,2,12
116900010,5,1800,-1795
116900011,11,29,-18
116900012,214,168,46
116900013,6,194,-188
116900014,127,364,-237
116900016,215,3,212
116900017,4,791,-787
116900018,71,81,-10
116900019,3,378,-375
116900020,1288,984,304
116900023,212,9,203
116900025,969,1001,-32
116900026,241,639,-398
116900027,40,73,-33
116900028,3,118,-115
116900029,1,55,-54
116900031,6,3,3
116900032,5,471,-466
116900033,13,21,-8
116900034,12,76,-64
116900035,203,209,-6
116900036,1,96,-95
116900038,278,6,272
116900041,37,22,15
116900042,843,275,568
116900043,23,57,-34
116900047,39,161,-122
116900049,47,358,-311
116900050,123,530,-407
116900051,106,242,-136
116900052,208,72,136
116900055,0,4,-4
116900057,32,260,-228
116900058,40,418,-378
116900059,1,177,-176
116900060,216,198,18
116900062,6,7,-1
116900064,89,896,-807
116900065,44,136,-92
116900067,131,139,-8
116900068,162,286,-124
116900070,1,1,0
116900072,15,477,-462
116900073,17,153,-136
116900074,9,67,-58
116900076,17,22,-5
116900077,7,163,-156
116900078,283,112,171
116900079,46,271,-225
116900080,17,23,-6
116900081,432,1235,-803
116900082,525,878,-353
116900083,82,57,25
116900084,193,57,136
116900085,54,162,-108
116900086,123,243,-120
116900088,422,101,321
116900090,236,69,167
116900091,289,30,259
116900092,77,853,-776
116900093,1718,2062,-344
116900094,4595,3462,1133
116900095,242,126,116
116900096,104,360,-256
116900097,3610,2575,1035
116900098,823,307,516
116900099,868,654,214
116900100,927,34,893
116900101,391,529,-138
116900103,2,1,1
116900104,96,107,-11
116900105,233,117,116
116900106,1863,410,1453
116900107,3969,2218,1751
116900110,16,0,16
116900111,419,1064,-645
116900112,264,1418,-1154
116900113,2424,2180,244
116900116,170,459,-289
116900117,255,124,131
116900118,783,687,96
116900120,299,103,196
116900121,239,39,200
116900122,821,877,-56
116900123,149,777,-628
116900124,165,996,-831
116900125,332,239,93
116900126,200,632,-432
116900128,0,63,-63
116900129,2,418,-416
116900130,740,3181,-2441
116900131,93,333,-240
116900132,48,113,-65
116900133,169,178,-9
116900134,291,287,4
116900136,311,190,121
116900137,448,188,260
116900138,248,238,10
116900139,162,430,-268
116900140,166,192,-26
116900141,831,477,354
116900142,0,85,-85
116900143,295,386,-91
116900144,27,94,-67
116900145,80,226,-146
116900147,561,400,161
116900148,14,45,-31
116900149,51,325,-274
116900150,10,17,-7
116900151,45,25,20
116900153,127,95,32
116900154,669,600,69
116900155,79,69,10
116900157,464,408,56
116900158,1631,277,1354
116900159,50,306,-256
116900160,1012,542,470
116900161,6277,5314,963
116900162,28,160,-132
116900163,186,200,-14
116900164,303,68,235
116900165,242,168,74
116900166,27,113,-86
116900167,384,122,262
116900168,363,111,252
116900169,766,329,437
116900170,243,473,-230
116900171,32,187,-155
116900172,266,358,-92
116900173,175,50,125
116900174,108,74,34
116900175,180,138,42
116900178,23,137,-114
116900179,115,364,-249
116900180,116,34,82
116900182,366,242,124
116900183,151,127,24
116900185,14,46,-32
116900186,74,356,-282
116900187,145,43,102
116900188,126,32,94
116900189,88,2,86
116900191,421,717,-296
116900192,210,155,55
116900194,175,1144,-969
116900195,25,29,-4
116900196,20,124,-104
116900197,89,18,71
116900198,205,233,-28
116900200,72,69,3
116900201,68,6,62
116900202,149,73,76
116900203,157,5,152
116900204,60,73,-13
116900206,7,37,-30
116900207,58,64,-6
116900208,20,137,-117
116900209,120,129,-9
116900210,486,269,217
116900211,237,3,234
116900212,59,129,-70
116900213,190,195,-5
116900214,163,198,-35
116900215,52,87,-35
116900216,412,284,128
116900218,9,310,-301
116900219,1579,448,1131
116900220,108,245,-137
116900221,105,340,-235
116900222,344,354,-10
116900223,94,302,-208
116900226,53,65,-12
116900227,154,87,67
116900228,381,249,132
116900230,87,657,-570
116900233,551,218,333
116900234,9,6,3
116900235,203,349,-146
116900238,1740,423,1317
116900239,23,1311,-1288
116900240,6111,4591,1520
116900241,69,183,-114
116900242,1301,559,742
116900243,3,64,-61
116900245,37,30,7
116900246,143,25,118
116900247,903,33,870
116900248,104,37,67
116900249,309,117,192
116900250,373,79,294
116900251,578,459,119
116900252,156,1207,-1051
116900254,13,120,-107
116900255,119,72,47
116900256,303,128,175
116900257,39,599,-560
116900258,8,301,-293
116900259,255,17,238
116900260,4,134,-130
116900261,71,2,69
116900262,231,219,12
116900263,1,10,-9
116900264,57,35,22
116900265,37,0,37
116900266,11,46,-35
116900267,6,4,2
116900268,138,71,67
116900269,346,602,-256
116900271,1337,182,1155
116900272,459,343,116
116900273,166,64,102
116900274,134,134,0
116900275,155,151,4
116900276,485,126,359
116900277,611,24,587
116900278,6,9,-3
116900279,7,34,-27
116900280,13,30,-17
116900281,6889,4003,2886
116900282,8,112,-104
116900283,24,131,-107
116900284,25,231,-206
116900285,324,182,142
116900286,294,19,275
116900287,10,73,-63
116900288,98,154,-56
116900289,28,27,1
116900290,5,33,-28
116900291,20,22,-2
116900292,0,5,-5
116900293,40,107,-67
116900294,50,204,-154
116900295,363,30,333
116900296,340,48,292
116900297,15,93,-78
116900298,87,62,25
116900299,183,42,141
116900300,2,66,-64
116900301,90,102,-12
116900302,71,89,-18
116900303,420,180,240
116900304,1,165,-164
116900305,13,67,-54
116900306,179,176,3
116900307,100,1,99
116900308,3,187,-184
116900309,137,137,0
116900310,6,80,-74
117000001,1993,1623,370
117000002,2298,4986,-2688
117000003,6930,3443,3487
117000004,4285,5813,-1528
117000005,2221,2056,165
117000006,1494,4346,-2852
117000007,3641,1578,2063
117000008,1426,4455,-3029
117000009,5179,2104,3075
117000010,3061,4901,-1840
117000011,2576,1799,777
117000012,1485,1737,-252
117000013,1952,966,986
117000014,1613,2661,-1048
117000015,2982,1502,1480
117000016,466,68,398
117000017,415,127,288
117000018,424,464,-40
117000019,221,26,195
117000020,480,1235,-755
117000021,2307,739,1568
117000022,588,106,482
117000023,600,260,340
117000024,489,113,376
117000025,853,636,217
117000026,3178,955,2223
117000027,2812,2934,-122
117000028,4261,1323,2938
117000030,698,548,150
117000031,401,332,69
117000032,2267,1253,1014
117000033,1296,726,570
117000034,390,358,32
117000035,385,293,92
117000036,556,347,209
117000037,444,285,159
117000038,309,566,-257
117000039,438,276,162
117000040,184,1206,-1022
117000041,717,175,542
117000044,28,1085,-1057
117000045,538,97,441
117000046,496,854,-358
117000047,815,624,191
117000048,2169,1346,823
117000049,120,579,-459
117000050,236,2703,-2467
117000051,2688,167,2521
117000052,39,444,-405
117000053,581,63,518
117000054,1737,12,1725
117000055,185,3701,-3516
117000056,672,23,649
117000057,757,2629,-1872
117000060,595,1643,-1048
117000061,1624,956,668
117000062,265,682,-417
117000063,1945,940,1005
117000064,952,1049,-97
117000066,1126,926,200
117000067,174,544,-370
117000074,260,246,14
117000076,106,63,43
117000077,152,232,-80
117000078,114,859,-745
117000079,406,260,146
117000080,1,315,-314
117000081,1215,140,1075
117000082,23,97,-74
117000083,166,13,153
117000084,299,1,298
117000085,386,836,-450
117000086,988,561,427
117000087,87,582,-495
117000088,372,262,110
117000089,1502,339,1163
117000090,304,1590,-1286
117000091,806,386,420
117000092,424,1693,-1269
117000093,1139,877,262
117000094,1292,3528,-2236
117000095,3239,1112,2127
117000096,695,2806,-2111
117000097,1322,1544,-222
117000098,3175,5890,-2715
117000099,3066,1503,1563
117000100,196,309,-113
117000101,211,1397,-1186
117000102,1536,844,692
117000103,738,2118,-1380
117000104,1228,815,413
117000105,966,2076,-1110
117000106,1046,993,53
117000107,699,2378,-1679
117000108,1543,1040,503
117000109,1736,2967,-1231
117000110,1403,1081,322
117000111,3716,4668,-952
117000112,3381,1928,1453
117000113,239,336,-97
117000114,261,151,110
117000115,165,185,-20
117000116,165,316,-151
117000117,1776,933,843
117000118,422,179,243
117000119,1823,200,1623
117000120,324,472,-148
117000121,177,1316,-1139
117000122,336,974,-638
117000123,1819,47,1772
117000124,886,49,837
117000125,389,83,306
117000126,109,31,78
117000127,181,284,-103
117000128,593,669,-76
117000129,491,614,-123
117000130,232,2,230
117000131,0,131,-131
117000132,5494,55,5439
117000133,1269,71,1198
117000134,1,68,-67
117000135,2,46,-44
117000136,1,36,-35
117000137,93,95,-2
117000138,5,651,-646
117000140,507,1856,-1349
117000141,1533,648,885
117000181,720,574,146
117000182,440,511,-71
117000195,271,1279,-1008
117000196,235,110,125
117000225,207,27,180
117000226,5,119,-114
117000276,252,23,229
117000277,3,523,-520
117000310,1797,2637,-840
117000315,35,1264,-1229
117000320,191,0,191
117000906,316,18,298
117000907,15,370,-355
117000909,31,38,-7
117000910,227,168,59
117000911,130,265,-135
117000915,14,686,-672
117000916,39,15,24
117000917,931,52,879
117000918,56,109,-53
117000919,3,110,-107
117000920,7,1551,-1544
117000921,4,1651,-1647
117000922,29,135,-106
117000924,552,977,-425
117000926,1014,94,920
117000927,1774,713,1061
117000928,0,160,-160
117000929,220,579,-359
117000930,205,27,178
117000931,523,150,373
117900002,131,423,-292
117900003,878,420,458
117900005,8,18,-10
117900006,0,19,-19
117900007,185,151,34
117900008,0,30,-30
117900010,510,97,413
117900011,37,75,-38
117900012,95,98,-3
117900013,0,254,-254
117900014,776,166,610
117900015,38,101,-63
117900016,1213,766,447
117900017,537,454,83
117900018,265,109,156
117900019,348,338,10
117900020,101,486,-385
117900021,44,85,-41
117900023,795,462,333
117900024,78,84,-6
117900025,73,20,53
117900026,436,323,113
117900028,97,5,92
117900029,322,728,-406
117900030,395,467,-72
117900031,505,76,429
117900032,1784,708,1076
117900033,297,678,-381
117900034,70,56,14
117900035,657,184,473
117900036,168,479,-311
117900037,116,146,-30
117900038,44,386,-342
117900039,14,74,-60
117900040,112,527,-415
117900041,9,69,-60
117900042,4012,390,3622
117900043,30,65,-35
117900044,26,4446,-4420
117900045,163,121,42
117900048,266,365,-99
117900049,272,613,-341
117900050,4,51,-47
117900051,101,3,98
117900052,51,375,-324
117900053,1538,833,705
117900054,2,24,-22
117900055,157,380,-223
117900056,414,53,361
117900057,1690,1868,-178
117900058,90,31,59
117900059,400,101,299
117900060,2272,6327,-4055
117900061,39,311,-272
117900063,285,229,56
117900065,1466,1458,8
117900066,5,61,-56
117900067,435,233,202
117900069,601,318,283
117900070,316,22,294
117900071,129,178,-49
117900073,461,369,92
117900074,304,48,256
117900075,91,91,0
117900076,19,77,-58
117900077,353,184,169
117900078,351,1039,-688
117900080,155,58,97
117900081,566,451,115
117900082,385,481,-96
117900083,241,466,-225
117900086,116,45,71
117900087,214,74,140
117900088,3450,2169,1281
117900089,1964,725,1239
117900090,516,564,-48
117900091,112,226,-114
117900092,93,54,39
117900093,63,67,-4
117900094,39,27,12
117900095,379,479,-100
117900096,129,278,-149
117900097,201,104,97
117900098,51,10,41
117900099,371,264,107
117900100,212,2,210
117900101,525,1960,-1435
117900102,71,54,17
117900103,157,3,154
117900104,77,103,-26
117900105,128,231,-103
117900106,151,68,83
117900107,72,1,71
117900109,598,436,162
117900110,158,0,158
117900111,454,9,445
117900112,42,20,22
117900113,3678,1984,1694
117900114,12,0,12
117900115,338,61,277
117900116,1206,972,234
117900117,556,475,81
117900118,54,0,54
117900119,194,252,-58
117900120,196,85,111
117900121,52,28,24
117900122,1287,3749,-2462
117900123,860,421,439
117900124,1531,863,668
117900125,1774,2324,-550
117900126,297,654,-357
117900127,414,573,-159
117900128,513,704,-191
117900129,94,3,91
117900130,1248,419,829
117900131,2,139,-137
117900132,40,130,-90
117900133,14,176,-162
117900134,63,258,-195
117900135,24,240,-216
117900136,0,54,-54
117900137,58,358,-300
117900138,0,62,-62
117900139,129,166,-37
117900140,3716,440,3276
117900141,171,231,-60
117900142,538,33,505
117900144,103,120,-17
117900145,67,47,20
117900146,271,126,145
117900147,57,79,-22
117900148,2828,1785,1043
117900149,120,281,-161
117900150,60,40,20
117900151,50,105,-55
117900152,118,58,60
117900153,32,124,-92
117900154,410,651,-241
117900156,1016,1083,-67
117900157,114,637,-523
117900158,201,169,32
117900160,700,666,34
117900161,3023,2286,737
117900162,374,563,-189
117900163,148,65,83
117900165,0,16,-16
117900166,146,489,-343
117900168,26,266,-240
117900169,1,176,-175
117900170,0,48,-48
117900171,2,26,-24
117900172,17,46,-29
117900173,147,100,47
117900174,57,51,6
117900175,5,36,-31
117900176,25,43,-18
117900177,33,69,-36
117900178,153,35,118
117900180,296,85,211
117900181,166,470,-304
117900182,5,42,-37
117900183,79,228,-149
117900184,28,68,-40
117900185,48,68,-20
117900186,54,38,16
117900187,19,11,8
117900188,335,57,278
117900189,145,56,89
117900190,22,2,20
117900191,120,4,116
117900192,264,6,258
117900193,10,142,-132
117900194,37,5,32
117900195,48,114,-66
117900196,18,39,-21
117900207,181,185,-4
117900208,28,50,-22
117900209,242,240,2
117900210,170,255,-85
117900211,7,216,-209
117900212,121,225,-104
117900213,38,48,-10
117900214,5,27,-22
117900215,30,28,2
117900216,100,7,93
117900217,164,216,-52
117900218,172,335,-163
117900219,15,91,-76
117900220,226,94,132
117900222,233,458,-225
117900223,236,302,-66
118000001,1123,899,224
118000002,1295,2364,-1069
118000003,2631,2995,-364
118000004,4333,3458,875
118000005,5573,4859,714
118000006,7741,10543,-2802
118000007,6928,3428,3500
118000008,7176,3893,3283
118000009,2735,3220,-485
118000010,4993,4412,581
118000011,1416,2608,-1192
118000012,1186,2678,-1492
118000013,2973,2849,124
118000014,2920,3381,-461
118000016,215,491,-276
118000017,441,431,10
118000018,444,527,-83
118000019,2543,1720,823
118000020,1445,2658,-1213
118000021,1002,2698,-1696
118000022,1943,817,1126
118000023,1000,282,718
118000024,1742,1104,638
118000027,17393,11416,5977
118000029,1079,692,387
118000032,1624,3612,-1988
118000033,3494,4366,-872
118000034,6159,2371,3788
118000035,1865,2412,-547
118000036,1601,1130,471
118000037,817,1136,-319
118000038,173,107,66
118000039,108,295,-187
118000040,1726,1495,231
118000041,2339,1720,619
118000045,935,153,782
118000046,1880,477,1403
118000047,1311,756,555
118000048,3800,1690,2110
118000051,2797,901,1896
118000052,2126,621,1505
118000053,677,568,109
118000054,2165,2184,-19
118000055,1490,2157,-667
118000056,695,425,270
118000057,392,413,-21
118000058,3463,1379,2084
118000059,2348,804,1544
118000060,1135,534,601
118000061,2072,1535,537
118000062,756,331,425
118000063,464,531,-67
118000064,878,1378,-500
118000065,4796,1883,2913
118000066,790,1586,-796
118000067,1676,981,695
118000068,2107,4739,-2632
118000069,3970,1212,2758
118000070,6029,1855,4174
118000071,3640,7115,-3475
118000072,2404,1231,1173
118000073,3450,650,2800
118000074,725,788,-63
118000075,1310,384,926
118000076,1431,2046,-615
118000077,1482,1505,-23
118000078,2105,2122,-17
118000079,317,417,-100
118000080,1513,1177,336
118000081,2192,1214,978
118000082,335,1201,-866
118000083,1678,1704,-26
118000084,3454,2137,1317
118000086,387,699,-312
118000087,5206,3056,2150
118000088,1897,1752,145
118000089,3441,2119,1322
118000090,1633,2876,-1243
118000091,1298,2455,-1157
118000092,1247,572,675
118000093,145,746,-601
118000096,618,663,-45
118000097,967,744,223
118000098,317,203,114
118000099,559,811,-252
118000101,1069,440,629
118000102,490,1523,-1033
118000107,2240,644,1596
118000108,656,2204,-1548
118000110,1,35,-34
118000111,1,437,-436
118000112,558,9,549
118000113,4,791,-787
118000114,467,9,458
118000115,13,16,-3
118000116,58,0,58
118000117,1415,890,525
118000118,1065,842,223
118000119,947,1200,-253
118000120,1944,1438,506
118000121,124,715,-591
118000122,1824,458,1366
118000123,69,339,-270
118000125,2008,1126,882
118000126,1068,1833,-765
118000127,2166,703,1463
118000128,914,1381,-467
118000129,1302,460,842
118000130,3126,4375,-1249
118000131,923,1211,-288
118000132,2664,1920,744
118000133,1085,519,566
118000135,602,449,153
118000136,149,463,-314
118000137,803,79,724
118000138,520,731,-211
118000139,398,193,205
118000140,3476,4192,-716
118000141,2313,2100,213
118000142,1806,1791,15
118000143,2374,1318,1056
118000144,1566,908,658
118000145,2806,2495,311
118000146,1250,1053,197
118000147,1033,1861,-828
118000148,692,1577,-885
118000149,798,1228,-430
118000150,454,371,83
118000151,428,481,-53
118000153,1367,1236,131
118000154,1300,1627,-327
118000155,1113,1443,-330
118000156,2436,2735,-299
118000157,638,459,179
118000158,235,508,-273
118000159,33,141,-108
118000160,505,511,-6
118000161,469,879,-410
118000162,1428,960,468
118000163,890,879,11
118000164,2096,1438,658
118000168,1405,412,993
118000169,1211,1349,-138
118000170,4614,6338,-1724
118000171,328,713,-385
118000172,102,318,-216
118000173,933,1169,-236
118000175,299,349,-50
118000176,237,392,-155
118000177,263,539,-276
118000178,44,63,-19
118000179,1440,1101,339
118000180,837,770,67
118000181,1000,362,638
118000182,328,343,-15
118000183,221,295,-74
118000184,770,818,-48
118000185,1079,1098,-19
118000186,702,1054,-352
118000187,1200,879,321
118000188,641,221,420
118000189,588,916,-328
118000190,11,16,-5
118000191,34,35,-1
118000192,287,260,27
118000193,249,458,-209
118000194,1825,1127,698
118000195,690,805,-115
118000196,374,191,183
118000197,743,172,571
118000198,788,734,54
118000199,1127,438,689
118000200,104,198,-94
118000201,532,514,18
118000202,53,76,-23
118000203,1408,585,823
118000204,262,408,-146
118000205,286,416,-130
118000206,227,262,-35
118000207,1,74,-73
118000208,1518,1722,-204
118000209,2096,2181,-85
118000210,61,62,-1
118000211,65,34,31
118000213,1207,999,208
118000214,637,575,62
118000215,283,363,-80
118000216,1534,3234,-1700
118000217,41,146,-105
118000218,96,139,-43
118000219,470,406,64
118000220,5,30,-25
118000221,187,355,-168
118000222,64,13,51
118000223,52,49,3
118000224,197,94,103
118000225,199,806,-607
118000226,1413,219,1194
118000227,977,484,493
118000228,190,177,13
118000229,231,78,153
118000230,160,250,-90
118000231,89,244,-155
118000232,616,1041,-425
118000233,972,808,164
118000234,396,195,201
118000236,328,353,-25
118000237,79,431,-352
118000238,306,238,68
118000239,308,284,24
118000240,464,179,285
118000241,155,226,-71
118000242,311,727,-416
118000243,235,211,24
118000244,45,159,-114
118000246,0,23,-23
118000255,118,280,-162
118000256,158,341,-183
118000259,7,61,-54
118000260,200,104,96
118000261,41,65,-24
118000263,101,176,-75
118000266,787,370,417
118000267,0,110,-110
118000268,402,3,399
118000270,110,43,67
118000271,220,314,-94
118000272,124,47,77
118000273,134,74,60
118000274,156,352,-196
118000276,400,296,104
118000295,8,113,-105
118000298,123,469,-346
118000299,98,223,-125
118000301,0,57,-57
118000302,76,85,-9
118000311,377,131,246
118000312,298,175,123
118000313,43,184,-141
118000314,85,82,3
118000315,31,85,-54
118000316,596,505,91
118000325,69,67,2
118000326,10,38,-28
118000331,58,49,9
118000332,6,26,-20
118000333,33,69,-36
118000335,272,1,271
118000336,2,307,-305
118000407,146,77,69
118000457,10,43,-33
118000465,4096,4394,-298
118000480,34,137,-103
118000489,67,336,-269
118000490,77,448,-371
118000492,264,237,27
118000510,103,21,82
118000514,211,377,-166
118000515,672,747,-75
118000517,402,243,159
118000524,482,243,239
118000525,844,768,76
118000530,29,138,-109
118000531,244,285,-41
118000532,218,381,-163
118000533,396,140,256
118000534,584,437,147
118000535,249,153,96
118000536,906,1440,-534
118000537,26,105,-79
118000538,48,62,-14
118000539,34,91,-57
118000540,296,115,181
118000541,209,72,137
118000542,132,193,-61
118000543,172,224,-52
118000546,55,24,31
118000553,0,1,-1
118000557,0,0,0
118000560,3305,1970,1335
118000562,18,202,-184
118000563,1821,1412,409
118000576,296,206,90
118000577,254,246,8
118000578,330,146,184
118000579,642,1057,-415
118000583,0,0,0
118000595,196,114,82
118000596,0,65,-65
118000597,180,146,34
118000598,3,0,3
118000599,55,45,10
118000600,6,10,-4
118000601,3,0,3
118000602,4,32,-28
118000603,0,43,-43
118000605,93,439,-346
118000606,16,57,-41
118900001,814,1301,-487
118900002,968,796,172
118900003,404,23,381
118900004,75,50,25
118900005,81,10,71
118900006,145,6,139
118900007,12,2,10
118900008,1244,67,1177
118900009,42,56,-14
118900010,68,19,49
118900011,168,55,113
118900012,430,237,193
118900013,405,119,286
118900015,176,86,90
118900016,7,18,-11
118900017,281,279,2
118900018,800,40,760
118900019,58,24,34
118900020,289,208,81
118900021,146,323,-177
118900022,144,108,36
118900023,176,142,34
118900024,101,155,-54
118900025,46,42,4
118900026,56,85,-29
118900027,493,315,178
118900028,121,165,-44
118900029,322,340,-18
118900030,323,87,236
118900031,150,126,24
118900032,180,217,-37
118900033,459,427,32
118900034,238,35,203
118900035,107,197,-90
118900036,1075,608,467
118900037,367,174,193
118900038,396,200,196
118900039,421,193,228
118900040,207,176,31
118900041,556,261,295
118900042,163,103,60
118900045,273,164,109
118900046,816,312,504
118900047,558,242,316
118900048,286,206,80
118900049,72,49,23
118900050,26,223,-197
118900051,159,163,-4
118900052,275,226,49
118900053,40,106,-66
118900054,154,65,89
118900055,61,124,-63
118900056,130,306,-176
118900057,691,379,312
118900058,370,305,65
118900059,20,84,-64
118900060,273,151,122
118900062,452,186,266
118900064,777,539,238
118900065,84,154,-70
118900066,92,121,-29
118900067,4977,3358,1619
118900068,14,233,-219
118900069,274,267,7
118900071,5,109,-104
118900072,415,509,-94
118900073,112,116,-4
118900074,141,286,-145
118900075,60,126,-66
118900076,232,150,82
118900077,278,199,79
118900078,53,8,45
118900079,48,270,-222
118900080,10,173,-163
118900081,110,60,50
118900082,568,148,420
118900083,31,9,22
118900084,25,18,7
118900085,733,916,-183
118900086,40,97,-57
118900087,15,203,-188
118900088,0,10,-10
118900089,34,24,10
118900090,403,405,-2
118900091,182,179,3
118900092,95,116,-21
118900093,155,30,125
118900096,107,157,-50
118900097,217,550,-333
118900099,84,242,-158
118900100,159,235,-76
118900101,30,282,-252
118900102,42,134,-92
118900103,20,106,-86
118900104,58,34,24
118900105,171,147,24
118900107,195,127,68
118900108,102,134,-32
118900110,1653,819,834
118900111,545,579,-34
118900112,91,217,-126
118900113,197,554,-357
118900114,42,78,-36
118900115,122,406,-284
118900116,134,181,-47
118900117,85,168,-83
118900118,268,367,-99
118900119,101,285,-184
118900120,86,260,-174
118900121,15,200,-185
118900122,8,712,-704
118900123,126,212,-86
118900124,77,276,-199
118900126,26,286,-260
118900129,317,242,75
118900130,100,230,-130
118900131,173,265,-92
118900132,328,181,147
118900133,28,125,-97
118900135,191,208,-17
118900136,176,464,-288
118900137,4,36,-32
118900139,308,407,-99
118900140,378,576,-198
118900141,139,179,-40
118900144,113,431,-318
118900145,31,134,-103
118900146,290,625,-335
118900147,241,142,99
118900148,65,79,-14
118900150,162,671,-509
118900152,542,864,-322
118900157,127,230,-103
118900158,87,77,10
118900159,1,175,-174
118900161,128,9,119
118900163,174,139,35
118900164,20,142,-122
118900165,55,219,-164
118900166,34,4,30
118900167,86,140,-54
118900168,11,86,-75
118900169,111,541,-430
118900170,114,141,-27
118900171,20,37,-17
118900174,52,70,-18
118900175,314,430,-116
118900176,147,253,-106
118900177,33,67,-34
118900178,63,195,-132
118900179,8,20,-12
118900181,121,170,-49
118900182,77,62,15
118900183,63,119,-56
118900184,314,94,220
118900185,111,148,-37
118900186,122,95,27
118900187,191,268,-77
118900188,237,231,6
118900189,23,568,-545
118900190,11,344,-333
118900191,136,44,92
118900192,140,15,125
118900193,483,7,476
118900195,268,667,-399
118900196,52,145,-93
118900197,115,31,84
118900198,24,22,2
118900199,70,72,-2
118900200,40,14,26
118900201,63,43,20
118900202,9,70,-61
118900203,8,50,-42
118900204,31,41,-10
118900205,5,16,-11
118900206,7,43,-36
119000001,1460,1342,118
119000002,3899,2583,1316
119000003,2351,1342,1009
119000004,3022,1492,1530
119000005,1827,2119,-292
119000006,3027,1950,1077
119000007,3421,3625,-204
119000008,2058,2170,-112
119000009,3641,4567,-926
119000010,7112,4566,2546
119000011,4522,3056,1466
119000012,3456,3680,-224
119000013,2411,1639,772
119000014,2543,3845,-1302
119000019,255,152,103
119000020,2864,1519,1345
119000021,4324,2436,1888
119000022,2602,2519,83
119000023,399,290,109
119000024,1819,9315,-7496
119000025,8186,1568,6618
119000026,201,402,-201
119000027,374,440,-66
119000028,2180,1097,1083
119000029,129,303,-174
119000030,719,1209,-490
119000031,913,880,33
119000032,2153,2929,-776
119000033,2393,1755,638
119000034,1073,1265,-192
119000035,39,426,-387
119000036,1680,1013,667
119000037,1141,2259,-1118
119000038,174,1102,-928
119000039,299,341,-42
119000040,810,549,261
119000041,840,1424,-584
119000048,3448,3709,-261
119000049,1938,3106,-1168
119000050,1762,2413,-651
119000051,2320,1092,1228
119000052,2294,3474,-1180
119000053,2141,1373,768
119000054,3103,3509,-406
119000055,3916,3906,10
119000056,2276,2425,-149
119000057,1539,2172,-633
119000058,1929,2126,-197
119000059,1299,1794,-495
119000060,1312,1299,13
119000061,1034,939,95
119000062,1286,1562,-276
119000063,465,460,5
119000064,1412,1838,-426
119000065,2311,3525,-1214
119000066,2456,1311,1145
119000067,2019,2686,-667
119000068,1584,1371,213
119000069,1589,2689,-1100
119000070,2292,1357,935
119000071,603,691,-88
119000072,6075,3462,2613
119000073,5049,6988,-1939
119000074,1383,3353,-1970
119000075,1887,2853,-966
119000076,450,871,-421
119000077,1036,467,569
119000078,583,267,316
119000079,234,664,-430
119000080,543,254,289
119000081,259,435,-176
119000082,839,270,569
119000083,694,459,235
119000084,588,580,8
119000085,482,326,156
119000086,299,504,-205
119000087,1980,1240,740
119000088,361,270,91
119000089,96,214,-118
119000090,141,185,-44
119000091,146,430,-284
119000092,552,246,306
119000093,3920,3081,839
119000094,2818,6251,-3433
119000095,1513,2779,-1266
119000097,2326,1685,641
119000098,872,2449,-1577
119000099,2481,2067,414
119000100,3217,3180,37
119000101,4434,2221,2213
119000102,948,995,-47
119000103,1863,579,1284
119000104,2849,1575,1274
119000105,1008,1848,-840
119000106,314,1621,-1307
119000107,812,594,218
119000108,544,1108,-564
119000109,174,396,-222
119000110,684,361,323
119000111,124,674,-550
119000112,301,97,204
119000113,3038,352,2686
119000114,866,1070,-204
119000115,155,155,0
119000116,98,105,-7
119000117,116,372,-256
119000118,1,0,1
119000123,5013,988,4025
119000124,863,230,633
119000125,3185,916,2269
119000126,901,879,22
119000127,568,823,-255
119000128,19,5,14
119000131,891,890,1
119000132,1,3,-2
119000133,4,5,-1
119000134,2137,685,1452
119000135,107,223,-116
119000136,258,313,-55
119000137,144,418,-274
119000138,345,432,-87
119000139,302,307,-5
119000140,207,379,-172
119000284,1574,3456,-1882
119000285,2405,2683,-278
119000286,8463,6351,2112
119000287,2489,2625,-136
119000288,2265,1774,491
119000289,2310,3690,-1380
119000290,167,572,-405
119000291,10,384,-374
119000293,116,151,-35
119000294,82,27,55
119000295,1664,492,1172
119000296,232,159,73
119000297,0,0,0
119000299,0,0,0
119000302,3491,1810,1681
119000303,102,169,-67
119000304,0,0,0
119000310,0,0,0
119000314,1433,9136,-7703
119000315,0,570,-570
119000316,129,149,-20
119000317,98,471,-373
119900001,271,1446,-1175
119900002,222,378,-156
119900003,63,1281,-1218
119900004,447,1213,-766
119900005,126,120,6
119900006,257,451,-194
119900007,1233,322,911
119900008,206,42,164
119900009,745,899,-154
119900010,1438,976,462
119900011,39,106,-67
119900012,23,81,-58
119900013,1876,898,978
119900014,678,232,446
119900015,141,43,98
119900016,57,79,-22
119900017,53,73,-20
119900018,2149,763,1386
119900019,47,8,39
119900020,212,236,-24
119900021,139,132,7
119900022,111,502,-391
119900023,760,1380,-620
119900025,195,23,172
119900026,841,152,689
119900027,42,48,-6
119900028,552,125,427
119900029,7,17,-10
119900030,579,636,-57
119900031,100,390,-290
119900033,2179,275,1904
119900034,397,166,231
119900037,236,39,197
119900038,49,298,-249
119900039,48,12,36
119900040,332,37,295
119900041,90,48,42
119900042,314,195,119
119900043,125,192,-67
119900044,216,765,-549
119900046,80,77,3
119900047,258,61,197
119900048,273,87,186
119900049,177,9,168
119900050,169,110,59
119900051,794,29,765
119900052,52,49,3
119900053,175,173,2
119900054,98,14,84
119900055,1264,515,749
119900057,248,87,161
119900058,148,0,148
119900059,155,78,77
119900060,288,10,278
119900061,248,15,233
119900062,64,28,36
119900063,14,47,-33
119900065,213,11,202
119900067,320,37,283
119900068,397,0,397
119900069,76,29,47
119900070,730,8,722
119900071,601,23,578
119900073,1861,733,1128
119900074,57,36,21
119900075,6004,3337,2667
119900076,706,584,122
119900077,882,1395,-513
119900078,813,1290,-477
119900079,564,251,313
119900080,482,411,71
119900081,507,207,300
119900082,1368,606,762
119900083,436,138,298
119900084,637,272,365
119900085,115,90,25
119900086,545,1463,-918
119900087,763,405,358
119900088,31,70,-39
119900089,33,680,-647
119900090,154,106,48
119900091,80,1198,-1118
119900092,159,490,-331
119900093,979,237,742
119900094,81,256,-175
119900095,284,125,159
119900096,64,131,-67
119900097,805,193,612
119900098,45,75,-30
119900099,39,268,-229
119900100,2794,2490,304
119900101,326,1016,-690
119900102,52,393,-341
119900103,56,433,-377
119900104,53,245,-192
119900105,954,1295,-341
119900106,26,207,-181
119900107,458,3451,-2993
119900108,2014,739,1275
119900109,64,188,-124
119900110,583,659,-76
119900111,90,442,-352
119900112,2216,686,1530
119900113,113,421,-308
119900114,205,1413,-1208
119900115,232,1321,-1089
119900116,226,676,-450
119900117,376,864,-488
119900118,73,1109,-1036
119900119,276,311,-35
119900120,694,763,-69
119900121,410,1412,-1002
119900122,797,512,285
119900123,335,403,-68
119900124,222,1059,-837
119900125,62,388,-326
119900126,4395,239,4156
119900127,2878,1173,1705
119900128,775,1022,-247
119900129,268,764,-496
119900130,81,331,-250
119900131,47,406,-359
119900132,33,299,-266
119900133,58,115,-57
119900134,2475,334,2141
119900135,1,509,-508
119900136,209,422,-213
119900138,441,589,-148
119900139,45,167,-122
119900140,3,182,-179
119900141,126,655,-529
119900142,2,25,-23
119900143,21,436,-415
119900144,2049,249,1800
119900145,114,234,-120
119900146,196,400,-204
119900147,3,125,-122
119900148,213,71,142
119900149,1514,3627,-2113
119900150,145,205,-60
119900151,1582,776,806
119900152,110,357,-247
119900153,163,100,63
119900154,48,619,-571
119900155,56,51,5
119900156,5,3,2
119900157,145,267,-122
119900158,152,130,22
119900159,26,1920,-1894
119900160,28,212,-184
119900161,252,221,31
119900162,810,978,-168
119900163,170,207,-37
119900164,1,1,0
119900165,193,259,-66
119900166,95,51,44
119900167,113,142,-29
119900168,807,582,225
119900169,151,344,-193
119900170,263,354,-91
119900171,1415,542,873
119900172,145,32,113
119900173,3,543,-540
119900174,8,217,-209
119900175,1075,927,148
119900177,34,247,-213
119900178,1,219,-218
119900179,96,447,-351
119900180,993,1064,-71
119900181,65,129,-64
119900182,10,475,-465
119900183,226,909,-683
119900184,2805,676,2129
119900185,32,182,-150
119900186,60,778,-718
119900187,20,503,-483
119900188,81,482,-401
119900189,567,537,30
119900190,73,289,-216
119900191,322,157,165
119900192,86,171,-85
119900193,318,215,103
119900194,22,92,-70
119900195,17,204,-187
119900196,1639,497,1142
119900197,238,182,56
119900198,1331,344,987
119900199,173,18,155
119900200,599,770,-171
119900201,371,219,152
119900202,363,188,175
119900203,161,511,-350
119900204,223,336,-113
119900205,621,699,-78
119900206,140,141,-1
119900208,177,213,-36
119900209,530,1072,-542
119900210,54,52,2
119900211,162,28,134
119900212,277,334,-57
119900213,10,92,-82
119900214,29,122,-93
119900215,55,109,-54
119900216,23,106,-83
119900217,22,79,-57
119900218,59,96,-37
119900219,40,199,-159
119900220,10,154,-144
119900221,31,406,-375
119900222,18,292,-274
119900223,23,115,-92
119900224,13,38,-25
119900225,1277,65,1212
119900226,601,1872,-1271
119900227,1120,370,750
119900228,221,287,-66
119900229,468,442,26
119900230,1870,694,1176
119900231,199,226,-27
119900232,247,139,108
119900233,91,10,81
119900234,25,48,-23
119900235,19,89,-70
119900236,42,308,-266
119900237,47,507,-460
119900238,6,79,-73
119900240,91,199,-108
119900241,245,355,-110
119900242,1509,1544,-35
119900244,826,1658,-832
119900245,196,217,-21
119900246,348,596,-248
119900247,22,115,-93
119900248,71,191,-120
119900249,249,139,110
119900253,3091,468,2623
119900254,86,633,-547
119900255,103,560,-457
119900256,566,1007,-441
119900257,77,5,72
119900258,67,7,60
119900259,8,134,-126
119900260,112,4,108
119900261,938,178,760
119900262,2,315,-313
119900263,1074,495,579
119900264,99,242,-143
119900265,552,446,106
119900266,342,333,9
119900267,350,522,-172
119900268,366,212,154
119900269,1243,1500,-257
119900271,27,115,-88
119900272,348,122,226
119900275,117,9,108
119900276,53,4,49
119900277,10,7,3
119900278,263,89,174
119900279,118,352,-234
119900280,917,255,662
119900281,4,224,-220
119900282,70,131,-61
119900283,12,368,-356
119900284,32,218,-186
119900285,42,117,-75
119900286,6,47,-41
119900288,6,29,-23
119900289,0,43,-43
119900290,9,34,-25
119900291,1,61,-60
119900292,47,66,-19
119900293,35,121,-86
119900294,80,110,-30
119900295,32,54,-22
119900296,43,266,-223
119900297,0,13,-13
119900298,10,8,2
119900299,108,224,-116
119900300,489,224,265
119900301,72,32,40
119900302,26,74,-48
119900303,256,521,-265
119900304,227,81,146
119900305,10,127,-117
119900306,17,1,16
119900307,48,96,-48
119900308,7,21,-14
119900309,43,145,-102
119900310,301,321,-20
119900311,69,128,-59
119900312,102,91,11
119900313,260,369,-109
119900314,172,457,-285
119900315,1027,2235,-1208
119900318,12,38,-26
119900319,18,342,-324
119900320,116,566,-450
119900321,94,10,84
120000001,6684,13579,-6895
120000002,2672,3361,-689
120000003,3953,2242,1711
120000004,3422,2986,436
120000005,5158,2480,2678
120000006,1235,1802,-567
120000007,4413,3757,656
120000008,1283,1604,-321
120000009,4147,1279,2868
120000010,2057,3527,-1470
120000011,1367,2390,-1023
120000012,1552,3209,-1657
120000013,3101,3155,-54
120000014,741,1596,-855
120000015,2866,1764,1102
120000016,3384,2629,755
120000017,5730,2549,3181
120000018,4168,9892,-5724
120000019,1007,1559,-552
120000020,3662,3572,90
120000021,2043,2835,-792
120000022,3343,4794,-1451
120000023,1246,2227,-981
120000024,1777,3033,-1256
120000025,2764,2651,113
120000026,1740,2179,-439
120000027,1980,2603,-623
120000028,918,662,256
120000029,3484,755,2729
120000030,4252,1094,3158
120000031,2289,6868,-4579
120000032,9559,5561,3998
120000033,5398,2875,2523
120000034,1988,2620,-632
120000035,1890,2516,-626
120000036,3154,5763,-2609
120000037,739,1534,-795
120000038,7798,3945,3853
120000039,608,1124,-516
120000040,655,366,289
120000041,2188,1552,636
120000042,2397,2856,-459
120000043,4792,2119,2673
120000044,5330,2342,2988
120000045,5458,1777,3681
120000046,2792,3193,-401
120000047,1337,5992,-4655
120000048,7929,4781,3148
120000049,3763,3206,557
120000050,4487,4605,-118
120000051,3149,4484,-1335
120000052,10285,2862,7423
120000053,1445,3333,-1888
120000054,1582,4990,-3408
120000055,2075,5790,-3715
120000056,3866,3777,89
120000057,3291,719,2572
120000058,5143,648,4495
120000059,33,1945,-1912
120000061,193,799,-606
120000062,226,468,-242
120000063,2088,3160,-1072
120000064,370,1469,-1099
120000065,2293,1811,482
120000066,452,614,-162
120000067,89,597,-508
120000068,235,1083,-848
120000069,1008,1621,-613
120000070,124,1076,-952
120000071,460,277,183
120000072,706,775,-69
120000073,723,119,604
120000074,160,91,69
120000075,948,357,591
120000076,5584,518,5066
120000077,2882,784,2098
120000078,3790,1291,2499
120000079,512,645,-133
120000080,262,505,-243
120000081,848,354,494
120000082,338,366,-28
120000083,172,908,-736
120000084,392,408,-16
120000085,528,508,20
120000086,430,684,-254
120000087,226,836,-610
120000088,1149,1514,-365
120000089,1158,799,359
120000090,756,655,101
120000091,1555,1352,203
120000092,1443,765,678
120000093,416,646,-230
120000094,180,846,-666
120000095,1105,764,341
120000096,337,1125,-788
120000098,1182,1223,-41
120000099,644,1013,-369
120000100,759,1311,-552
120000101,564,627,-63
120000102,504,1016,-512
120000103,1696,1145,551
120000104,1533,750,783
120000105,2573,943,1630
120000106,2367,888,1479
120000107,3641,959,2682
120000108,1286,196,1090
120000109,1028,102,926
120000110,119,1205,-1086
120000111,157,1399,-1242
120000112,1074,3859,-2785
120000113,825,2788,-1963
120000114,1210,3760,-2550
120000115,422,2924,-2502
120000116,1065,2480,-1415
120000117,1313,1824,-511
120000118,74,28,46
120000119,30,64,-34
120000120,79,59,20
120000121,27,74,-47
120000122,282,426,-144
120000123,6071,5232,839
120000124,454,419,35
120000125,606,873,-267
120000126,405,872,-467
120000127,2775,941,1834
120000128,3873,3478,395
120000129,325,363,-38
120000130,1115,718,397
120000131,289,683,-394
120000134,507,1375,-868
120000135,489,530,-41
120000137,259,1835,-1576
120000138,831,608,223
120000139,373,932,-559
120000140,748,656,92
120000141,521,641,-120
120000142,824,606,218
120000143,0,156,-156
120000144,91,3,88
120000145,376,1,375
120000146,1787,994,793
120000149,761,1516,-755
120000150,4315,12900,-8585
120000151,436,700,-264
120000152,523,266,257
120000153,169,628,-459
120000154,587,532,55
120000155,120,351,-231
120000156,1227,1567,-340
120000157,1249,1237,12
120000158,1032,1122,-90
120000159,2312,2785,-473
120000160,2448,1522,926
120000161,2226,2847,-621
120000162,114,282,-168
120000163,803,1979,-1176
120000164,484,596,-112
120000165,664,1635,-971
120000166,1479,1043,436
120000167,48,49,-1
120000168,7,198,-191
120000169,39,652,-613
120000170,36,368,-332
120000171,11,137,-126
120000172,40,147,-107
120000173,3004,505,2499
120000174,605,30,575
120000175,563,23,540
120000176,811,33,778
120000177,1359,133,1226
120000178,119,12,107
120000179,400,28,372
120000180,693,101,592
120000181,125,514,-389
120000182,72,360,-288
120000183,12,245,-233
120000184,104,812,-708
120000186,62,209,-147
120000187,42,136,-94
120000188,248,174,74
120000190,1349,25,1324
120000191,1552,32,1520
120000192,1128,16,1112
120000193,361,12,349
120000195,90,2,88
120000196,265,37,228
120000197,82,146,-64
120000198,129,115,14
120000199,103,2,101
120000200,122,3,119
120000201,25,22,3
120000202,3,78,-75
120000203,46,283,-237
120000207,0,83,-83
120000208,9,258,-249
120000209,5,108,-103
120000210,165,99,66
120000211,111,6,105
120000212,132,2,130
120000213,154,423,-269
120000214,3,521,-518
120000215,4,208,-204
120000216,68,7,61
120000217,720,1117,-397
120000218,203,967,-764
120000219,3,570,-567
120000220,16,2110,-2094
120000225,1482,2,1480
120000226,356,7,349
120000227,818,33,785
120000228,6705,3269,3436
120000230,364,14,350
120000231,1171,2617,-1446
120000233,299,15,284
120000235,282,802,-520
120000236,1066,1,1065
120000237,3,1687,-1684
120000238,2,338,-336
120000241,1266,3637,-2371
120000412,1296,29,1267
120000413,478,259,219
120000414,138,5,133
120000415,3,176,-173
120000416,388,9,379
120000417,7,83,-76
120000418,81,14,67
120000419,13,359,-346
120000420,43,38,5
120000421,12003,6733,5270
120000422,137,1091,-954
120000423,4,57,-53
120000424,72,156,-84
120000436,161,752,-591
120000437,227,200,27
120000438,4169,436,3733
120000439,168,460,-292
120000443,185,1,184
120000444,2046,810,1236
120000445,2897,1332,1565
120000446,758,272,486
120000447,226,2,224
120000449,98,6,92
120000450,3,223,-220
120000451,102,298,-196
120000452,77,2,75
120000453,0,340,-340
120000454,69,79,-10
120000455,98,74,24
120000456,2731,3965,-1234
120000457,1028,729,299
120000458,686,895,-209
120000459,69,100,-31
120000665,1190,270,920
120000668,155,385,-230
120000669,47,240,-193
120000670,317,337,-20
120000671,1298,528,770
120000672,138,720,-582
120900001,57,98,-41
120900002,415,418,-3
120900003,502,34,468
120900004,16,78,-62
120900005,87,1327,-1240
120900006,536,184,352
120900007,158,126,32
120900008,406,1719,-1313
120900009,903,58,845
120900010,441,129,312
120900011,350,253,97
120900012,507,1237,-730
120900013,369,102,267
120900014,10,683,-673
120900015,2364,116,2248
120900016,804,74,730
120900017,3086,148,2938
120900018,118,599,-481
120900019,551,353,198
120900020,851,1224,-373
120900021,548,195,353
120900022,36,439,-403
120900023,563,61,502
120900024,2072,586,1486
120900025,2278,1438,840
120900026,243,214,29
120900027,936,14,922
120900028,303,84,219
120900029,213,476,-263
120900030,1159,853,306
120900031,235,85,150
120900032,973,162,811
120900033,1112,108,1004
120900034,29,2668,-2639
120900035,31,87,-56
120900037,292,12,280
120900038,64,264,-200
120900039,77,53,24
120900040,319,3,316
120900041,158,25,133
120900042,625,63,562
120900043,124,27,97
120900044,8,415,-407
120900045,174,98,76
120900046,378,5,373
120900047,194,90,104
120900048,155,20,135
120900049,356,0,356
120900050,3010,1511,1499
120900051,319,120,199
120900052,599,5,594
120900053,235,136,99
120900054,2030,726,1304
120900055,377,5,372
120900056,480,20,460
120900057,129,6,123
120900058,441,2,439
120900059,84,9,75
120900060,48,40,8
120900061,331,370,-39
120900062,237,2,235
120900063,534,5,529
120900064,576,1,575
120900065,408,2,406
120900066,313,299,14
120900067,177,60,117
120900068,313,1,312
120900069,195,83,112
120900071,57,3,54
120900072,661,4,657
120900073,516,232,284
120900074,540,4,536
120900076,311,3,308
120900077,3724,415,3309
120900078,712,775,-63
120900079,639,147,492
120900080,685,2324,-1639
120900081,1057,1163,-106
120900082,597,891,-294
120900083,123,8,115
120900084,231,446,-215
120900085,169,188,-19
120900086,130,330,-200
120900087,358,383,-25
120900088,150,370,-220
120900089,4180,2307,1873
120900090,191,167,24
120900091,683,1049,-366
120900092,1762,681,1081
120900093,2968,288,2680
120900094,671,253,418
120900095,407,22,385
120900096,47,214,-167
120900097,782,1001,-219
120900098,493,331,162
120900099,71,76,-5
120900100,155,409,-254
120900101,1153,421,732
120900102,33,121,-88
120900103,70,392,-322
120900104,19,70,-51
120900105,54,790,-736
120900106,1733,708,1025
120900107,291,176,115
120900108,9,961,-952
120900109,67,798,-731
120900110,25,882,-857
120900111,220,481,-261
120900112,32,1192,-1160
120900113,36,1116,-1080
120900114,52,224,-172
120900115,187,288,-101
120900116,326,617,-291
120900117,2,693,-691
120900118,14,951,-937
120900119,3904,6617,-2713
120900120,109,733,-624
120900121,195,598,-403
120900122,410,643,-233
120900123,4,544,-540
120900124,2,785,-783
120900125,18,967,-949
120900126,2276,1454,822
120900127,15,615,-600
120900128,1566,1714,-148
120900129,83,422,-339
120900130,10,773,-763
120900131,81,170,-89
120900132,682,346,336
120900133,196,1104,-908
120900134,1153,520,633
120900135,7,823,-816
120900136,43,207,-164
120900137,242,105,137
120900138,26,242,-216
120900139,14,950,-936
120900140,4,88,-84
120900141,158,180,-22
120900142,29,728,-699
120900143,1,1102,-1101
120900144,0,190,-190
120900145,1623,1126,497
120900146,3,1349,-1346
120900147,2,623,-621
120900148,113,161,-48
120900149,7,470,-463
120900150,80,753,-673
120900151,5,846,-841
120900152,1,62,-61
120900153,21,114,-93
120900154,2,312,-310
120900155,242,1208,-966
120900156,45,447,-402
120900157,27,279,-252
120900158,74,826,-752
120900159,198,486,-288
120900160,56,1110,-1054
120900161,26,589,-563
120900162,24,657,-633
120900163,23,425,-402
120900164,0,6,-6
120900165,9,30,-21
120900166,112,260,-148
120900167,379,137,242
120900169,88,512,-424
120900170,1996,2741,-745
120900171,1435,509,926
120900172,1497,537,960
120900173,0,63,-63
120900174,3,101,-98
120900175,294,194,100
120900176,13,261,-248
120900177,1,959,-958
120900178,0,393,-393
120900179,1334,600,734
120900180,91,164,-73
120900181,245,73,172
120900182,19,382,-363
120900183,379,171,208
120900184,204,87,117
120900185,7,375,-368
120900186,1,579,-578
120900187,398,980,-582
120900188,204,16,188
120900189,208,1056,-848
120900190,88,18,70
120900191,6,39,-33
120900192,12800,7025,5775
120900194,25,100,-75
120900195,92,356,-264
120900196,1045,42,1003
120900197,769,127,642
120900198,352,670,-318
120900199,470,423,47
120900200,87,131,-44
120900201,645,143,502
120900202,1,216,-215
120900203,37,152,-115
120900204,225,331,-106
120900205,68,48,20
120900206,23,46,-23
120900207,92,1571,-1479
121000001,815,1178,-363
121000002,2558,1840,718
121000003,3032,1953,1079
121000004,2924,4994,-2070
121000005,2351,2968,-617
121000006,3938,1836,2102
121000007,2962,3095,-133
121000008,6297,3861,2436
121000009,6463,6105,358
121000010,9903,6025,3878
121000011,10355,13665,-3310
121000012,19128,11471,7657
121000013,5500,8092,-2592
121000014,7304,6802,502
121000015,4799,8216,-3417
121000016,4818,3938,880
121000017,2167,4152,-1985
121000018,2766,2504,262
121000019,20962,14469,6493
121000020,14442,18620,-4178
121000021,4807,3709,1098
121000022,5158,3309,1849
121000023,6537,3826,2711
121000024,8238,6431,1807
121000025,750,1813,-1063
121000026,481,174,307
121000027,1754,1278,476
121000028,974,551,423
121000029,1437,729,708
121000030,741,566,175
121000031,803,764,39
121000032,272,133,139
121000034,582,260,322
121000035,341,146,195
121000036,1239,1021,218
121000037,654,639,15
121000038,726,925,-199
121000039,445,541,-96
121000041,922,594,328
121000042,364,418,-54
121000043,843,673,170
121000044,1672,956,716
121000045,543,314,229
121000046,738,1086,-348
121000047,317,90,227
121000049,2705,688,2017
121000050,404,1169,-765
121000051,1135,370,765
121000052,829,742,87
121000053,374,101,273
121000054,61,416,-355
121000055,1370,1265,105
121000056,952,1141,-189
121000057,475,658,-183
121000058,448,271,177
121000059,2449,1793,656
121000060,626,1081,-455
121000061,169,215,-46
121000062,257,410,-153
121000063,958,953,5
121000064,874,1173,-299
121000065,532,580,-48
121000066,833,705,128
121000067,1016,648,368
121000068,979,513,466
121000069,1340,717,623
121000070,2872,1490,1382
121000071,2006,1497,509
121000072,2403,823,1580
121000073,2076,1008,1068
121000074,501,219,282
121000075,127,398,-271
121000076,1821,530,1291
121000077,142,157,-15
121000078,151,186,-35
121000080,2455,764,1691
121000081,3842,3667,175
121000082,169,349,-180
121000083,242,161,81
121000084,168,172,-4
121000085,330,623,-293
121000086,280,813,-533
121000087,87,491,-404
121000088,572,658,-86
121000089,487,421,66
121000090,567,500,67
121000091,1874,931,943
121000092,287,126,161
121000093,209,295,-86
121000094,628,909,-281
121000095,471,738,-267
121000096,2563,2767,-204
121000097,1257,2310,-1053
121000098,745,1521,-776
121000099,856,1047,-191
121000100,1107,698,409
121000101,502,342,160
121000102,401,467,-66
121000103,267,283,-16
121000104,260,262,-2
121000105,503,399,104
121000106,424,400,24
121000107,2397,3710,-1313
121000109,1570,1206,364
121000110,311,898,-587
121000114,2783,2272,511
121000115,1111,1007,104
121000116,346,990,-644
121000117,956,292,664
121000118,1424,276,1148
121000119,795,511,284
121000120,455,788,-333
121000121,742,1342,-600
121000123,2318,656,1662
121000127,197,132,65
121000128,1134,694,440
121000129,1095,807,288
121000130,660,1254,-594
121000131,3130,2317,813
121000132,2079,1959,120
121000135,373,398,-25
121000136,2184,768,1416
121000137,580,314,266
121000138,1414,903,511
121000139,822,190,632
121000141,319,263,56
121000142,1031,1542,-511
121000143,171,39,132
121000144,1239,2133,-894
121000145,848,1355,-507
121000146,1567,1016,551
121000147,1381,776,605
121000148,1163,1329,-166
121000149,2458,1662,796
121000152,896,901,-5
121000153,2262,968,1294
121000154,1028,977,51
121000155,1492,1384,108
121000156,510,1204,-694
121000157,1277,2217,-940
121000158,473,707,-234
121000159,195,590,-395
121000160,367,631,-264
121000161,239,326,-87
121000162,97,224,-127
121000165,1751,2083,-332
121000166,17,941,-924
121000168,692,348,344
121000169,113,201,-88
121000170,644,126,518
121000171,81,219,-138
121000172,1094,710,384
121000173,1328,1242,86
121000174,394,510,-116
121000175,932,419,513
121000176,436,289,147
121000177,1171,743,428
121000178,133,103,30
121000179,237,93,144
121000181,586,523,63
121000182,131,256,-125
121000183,101,107,-6
121000184,339,114,225
121000185,35,166,-131
121000186,246,509,-263
121000187,269,262,7
121000188,187,318,-131
121000192,925,490,435
121000193,714,762,-48
121000194,3217,2518,699
121000195,309,927,-618
121000196,965,237,728
121000197,201,730,-529
121000198,224,103,121
121000199,185,402,-217
121000200,598,79,519
121000201,9,204,-195
121000202,818,148,670
121000203,977,2421,-1444
121000204,2777,785,1992
121000205,265,311,-46
121000206,201,28,173
121000207,2801,408,2393
121000208,18,407,-389
121000209,405,333,72
121000210,661,469,192
121000211,241,173,68
121000212,363,677,-314
121000213,8841,3075,5766
121000214,801,2833,-2032
121000215,1206,1028,178
121000216,578,763,-185
121000217,4824,3289,1535
121000218,557,1677,-1120
121000219,2099,508,1591
121000220,220,46,174
121000221,151,220,-69
121000222,2961,2195,766
121000223,890,393,497
121000224,633,195,438
121000225,2756,1541,1215
121000226,6547,1311,5236
121000227,13,179,-166
121000228,28,662,-634
121000229,288,364,-76
121000230,52,1576,-1524
121000231,937,18,919
121000232,390,326,64
121000233,692,463,229
121000234,31,44,-13
121000235,73,76,-3
121000236,12,84,-72
121000237,36,19,17
121000238,10,112,-102
121000239,85,11,74
121000240,19,226,-207
121000241,160,13,147
121000242,80,310,-230
121000243,553,168,385
121000244,17,85,-68
121000245,182,44,138
121000246,4,103,-99
121000247,111,11,100
121000248,1694,692,1002
121000249,173,319,-146
121000250,986,176,810
121000251,15,505,-490
121000252,94,65,29
121000253,529,418,111
121000254,931,252,679
121000255,377,184,193
121000256,712,197,515
121000257,105,73,32
121000258,248,56,192
121000259,94,75,19
121000260,203,133,70
121000261,449,58,391
121000262,978,1229,-251
121000263,583,576,7
121000271,307,1755,-1448
121000273,199,6,193
121000274,14,45,-31
121000275,2,23,-21
121000276,9,9,0
121000278,73,44,29
121000279,57,15,42
121000280,61,36,25
121000289,282,32,250
121000290,1230,991,239
121000294,178,175,3
121000297,1206,1356,-150
121000299,341,354,-13
121000300,807,633,174
121000302,97,1288,-1191
121000303,538,609,-71
121000304,558,62,496
121000305,189,49,140
121000306,143,134,9
121000308,172,439,-267
121000309,425,653,-228
121000310,170,406,-236
121000311,101,1035,-934
121000312,311,187,124
121000313,401,612,-211
121000314,170,156,14
121000315,94,198,-104
121000530,1454,1524,-70
121000531,4249,1758,2491
121000532,7183,7239,-56
121000533,3259,3479,-220
121000918,98,203,-105
121000919,88,49,39
121000938,253,450,-197
121000939,401,331,70
121000956,1642,1411,231
121000957,5,14,-9
121000958,129,34,95
121000959,773,909,-136
121000960,3264,2387,877
121000961,347,244,103
121000962,367,772,-405
121000973,4,151,-147
121000976,22,243,-221
121000979,499,235,264
121000981,486,355,131
121000982,370,195,175
121000983,559,450,109
121000984,30,68,-38
121000985,793,551,242
121000986,435,291,144
121000987,281,1144,-863
121000988,799,135,664
121001302,381,164,217
121001308,8,14,-6
121001309,122,99,23
121001311,0,0,0
121001313,196,336,-140
121001314,2902,3707,-805
121001315,4535,2516,2019
121001326,633,463,170
121900001,144,226,-82
121900002,52,27,25
121900003,436,21,415
121900004,145,386,-241
121900005,25,10,15
121900006,88,26,62
121900007,2019,2850,-831
121900008,2338,676,1662
121900009,452,24,428
121900010,240,7,233
121900011,236,353,-117
121900012,9,0,9
121900013,1694,95,1599
121900014,1330,431,899
121900015,216,242,-26
121900016,7,29,-22
121900017,846,476,370
121900018,603,13,590
121900019,473,325,148
121900020,50,2,48
121900021,784,34,750
121900022,334,261,73
121900023,178,318,-140
121900024,391,171,220
121900025,615,409,206
121900026,315,80,235
121900027,319,148,171
121900028,287,17,270
121900029,139,206,-67
121900030,480,595,-115
121900031,1124,6693,-5569
121900032,85,77,8
121900033,208,174,34
121900034,346,127,219
121900035,2940,2422,518
121900036,56,279,-223
121900037,224,756,-532
121900038,34,131,-97
121900039,429,61,368
121900040,81,89,-8
121900041,68,172,-104
121900042,363,145,218
121900043,9,7,2
121900044,202,68,134
121900046,350,349,1
121900047,185,74,111
121900048,26,92,-66
121900050,22,74,-52
121900051,158,221,-63
121900052,229,70,159
121900053,1121,395,726
121900054,642,1071,-429
121900055,21,27,-6
121900058,248,155,93
121900059,494,323,171
121900060,232,304,-72
121900061,704,197,507
121900062,235,106,129
121900063,1577,439,1138
121900064,290,694,-404
121900066,93,39,54
121900067,209,63,146
121900069,247,136,111
121900070,299,99,200
121900071,357,270,87
121900072,73,255,-182
121900073,391,200,191
121900074,776,1131,-355
121900075,602,449,153
121900076,410,654,-244
121900078,314,35,279
121900079,0,0,0
121900080,894,457,437
121900082,75,158,-83
121900084,22,172,-150
121900086,21,57,-36
121900087,209,110,99
121900088,1963,3118,-1155
121900089,138,423,-285
121900090,37,97,-60
121900091,87,207,-120
121900092,81,98,-17
121900093,98,60,38
121900094,28,13,15
121900095,309,168,141
121900096,1325,1083,242
121900097,600,215,385
121900098,5,0,5
121900099,237,93,144
121900100,352,558,-206
121900101,193,151,42
121900102,13,242,-229
121900103,1034,276,758
121900104,1495,429,1066
121900105,262,211,51
121900106,10,7,3
121900107,52,67,-15
121900108,4,80,-76
121900109,330,138,192
121900110,615,1096,-481
121900111,1096,140,956
121900112,213,134,79
121900113,71,413,-342
121900114,99,137,-38
121900117,175,58,117
121900118,2276,630,1646
121900119,211,161,50
121900120,41,1499,-1458
121900121,618,51,567
121900122,36,95,-59
121900123,195,526,-331
121900124,132,164,-32
121900125,1564,1144,420
121900127,21,132,-111
121900128,91,112,-21
121900129,796,210,586
121900130,145,245,-100
121900131,351,97,254
121900132,73,137,-64
121900133,109,645,-536
121900134,52,170,-118
121900135,2355,431,1924
121900136,437,512,-75
121900137,52,360,-308
121900138,193,168,25
121900139,404,578,-174
121900140,56,239,-183
121900141,71,65,6
121900142,167,154,13
121900143,11,158,-147
121900144,163,362,-199
121900145,223,234,-11
121900146,637,962,-325
121900147,49,223,-174
121900148,254,328,-74
121900149,311,681,-370
121900150,96,186,-90
121900151,89,292,-203
121900152,106,156,-50
121900153,126,687,-561
121900154,17,310,-293
121900155,3,190,-187
121900156,185,122,63
121900157,3,473,-470
121900158,120,131,-11
121900159,2,248,-246
121900160,28,416,-388
121900161,426,456,-30
121900162,105,200,-95
121900163,388,797,-409
121900164,645,279,366
121900165,333,172,161
121900166,366,188,178
121900167,128,152,-24
121900168,193,277,-84
121900169,5,283,-278
121900170,6,242,-236
121900171,907,522,385
121900172,577,225,352
121900173,1011,257,754
121900174,35,138,-103
121900175,219,215,4
121900176,729,1604,-875
121900177,212,78,134
121900178,87,79,8
121900179,750,200,550
121900180,4388,4260,128
121900182,777,253,524
121900183,774,820,-46
121900184,69,649,-580
121900186,3,290,-287
121900187,78,150,-72
121900188,581,668,-87
121900189,23,120,-97
121900190,327,578,-251
121900191,194,239,-45
121900192,386,748,-362
121900193,65,149,-84
121900194,4,148,-144
121900195,65,119,-54
121900196,943,1162,-219
121900197,430,1683,-1253
121900198,1231,1144,87
121900199,1,26,-25
121900200,113,295,-182
121900201,1092,808,284
121900202,208,638,-430
121900203,189,954,-765
121900204,893,1329,-436
121900205,14,107,-93
121900206,17,17,0
121900207,171,55,116
121900208,329,272,57
121900209,73,68,5
121900210,1414,1060,354
121900211,354,698,-344
121900212,311,138,173
121900213,150,79,71
121900214,10,583,-573
121900215,70,138,-68
121900216,83,139,-56
121900217,244,155,89
121900218,206,487,-281
121900220,170,14,156
121900221,301,691,-390
121900222,200,169,31
121900223,181,75,106
121900224,111,51,60
121900225,236,152,84
121900226,348,1181,-833
121900227,470,643,-173
121900228,326,457,-131
121900230,167,285,-118
121900231,664,1721,-1057
121900232,312,475,-163
121900233,186,235,-49
121900234,270,298,-28
121900235,588,197,391
121900236,539,158,381
121900237,221,319,-98
121900238,143,311,-168
121900239,180,30,150
121900240,241,111,130
121900241,54,73,-19
121900242,7,3,4
121900243,11,0,11
121900244,38,7,31
121900245,186,88,98
121900246,2167,311,1856
121900248,1475,1804,-329
121900250,321,276,45
121900251,334,44,290
121900252,614,126,488
121900253,279,965,-686
121900254,571,323,248
121900255,360,98,262
121900258,3120,2307,813
121900259,470,647,-177
121900260,96,180,-84
121900261,263,651,-388
121900262,472,972,-500
121900263,273,359,-86
121900264,1905,1645,260
121900265,263,308,-45
121900266,473,158,315
121900267,80,31,49
121900269,220,696,-476
121900270,27,225,-198
121900271,44,196,-152
121900273,534,2042,-1508
121900274,365,246,119
121900277,547,1384,-837
121900278,105,872,-767
121900279,161,231,-70
121900280,216,333,-117
121900281,684,514,170
121900284,78,14,64
121900286,270,125,145
121900287,13,19,-6
121900288,11,1,10
121900290,216,326,-110
121900291,453,595,-142
121900292,182,146,36
121900293,1120,2820,-1700
121900294,283,4,279
121900295,139,229,-90
121900296,97,133,-36
121900298,312,754,-442
121900299,0,4,-4
121900300,236,6,230
121900301,69,1,68
121900302,2,35,-33
121900303,458,346,112
121900304,3,17,-14
121900305,7,14,-7
121900306,221,2,219
121900307,91,17,74
121900308,15,294,-279
121900309,13,336,-323
121900310,36,552,-516
121900311,418,55,363
121900312,343,33,310
121900313,469,33,436
121900314,9,48,-39
121900315,12,2,10
121900316,0,28,-28
121900317,14,9,5
121900318,6,38,-32
121900319,35,127,-92
121900320,57,91,-34
121900321,31,6,25
121900322,9,27,-18
121900323,11,13,-2
121900324,4,48,-44
121900325,11,14,-3
121900326,3,29,-26
121900327,14,70,-56
121900328,1,42,-41
121900329,4,292,-288
121900330,0,33,-33
121900331,18,3,15
121900332,110,24,86
121900333,47,0,47
121900334,145,89,56
122000001,2975,5621,-2646
122000002,6073,2194,3879
122000003,3098,2887,211
122000004,4339,2016,2323
122000005,2875,1754,1121
122000006,2135,1081,1054
122000007,1520,2141,-621
122000008,5050,5716,-666
122000009,537,446,91
122000010,2437,3218,-781
122000011,3816,1692,2124
122000012,1536,1728,-192
122000013,1499,974,525
122000014,1636,1394,242
122000015,1547,1239,308
122000016,671,900,-229
122000017,1190,1116,74
122000018,1708,1347,361
122000019,924,1334,-410
122000020,208,245,-37
122000021,437,508,-71
122000022,1431,1167,264
122000023,822,2024,-1202
122000024,811,1229,-418
122000025,1465,1729,-264
122000026,1508,1157,351
122000027,663,3089,-2426
122000028,975,549,426
122000029,499,492,7
122000030,267,185,82
122000031,268,308,-40
122000032,1982,2402,-420
122000033,934,1337,-403
122000034,837,639,198
122000035,358,836,-478
122000036,710,720,-10
122000037,417,286,131
122000038,288,419,-131
122000039,873,561,312
122000040,312,372,-60
122000041,584,624,-40
122000042,350,573,-223
122000043,132,148,-16
122000044,165,221,-56
122000045,1534,514,1020
122000046,947,919,28
122000047,334,306,28
122000048,4487,4884,-397
122000049,6562,3551,3011
122000050,1852,923,929
122000051,392,288,104
122000052,614,425,189
122000053,249,786,-537
122000054,2898,2183,715
122000055,2820,3387,-567
122000056,6019,4200,1819
122000057,4168,4166,2
122000058,4019,1501,2518
122000059,3811,1992,1819
122000060,730,742,-12
122000061,817,536,281
122000062,1415,366,1049
122000063,1435,695,740
122000064,3772,2983,789
122000065,4413,2674,1739
122000066,626,564,62
122000067,1881,1186,695
122000068,1355,1268,87
122000069,1099,818,281
122000070,843,2162,-1319
122000071,1521,1408,113
122000072,443,472,-29
122000073,462,774,-312
122000074,3448,1817,1631
122000075,873,1436,-563
122000076,2361,1283,1078
122000077,1470,884,586
122000078,2915,2971,-56
122000079,1973,1351,622
122000080,1078,448,630
122000081,248,376,-128
122000082,1071,885,186
122000083,1501,2693,-1192
122000084,1419,915,504
122000085,324,1326,-1002
122000086,2348,5188,-2840
122000087,496,208,288
122000088,363,501,-138
122000089,5764,2581,3183
122000090,242,524,-282
122000091,333,109,224
122000092,254,19,235
122000093,1949,1429,520
122000094,7028,2397,4631
122000095,3482,3591,-109
122000096,2035,1753,282
122000098,3818,2212,1606
122000099,2618,754,1864
122000100,1049,674,375
122000101,398,889,-491
122000102,2194,1411,783
122000103,2691,2025,666
122000104,474,203,271
122000105,876,321,555
122000106,550,701,-151
122000107,1153,532,621
122000108,592,847,-255
122000109,432,405,27
122000110,491,560,-69
122000111,3001,1376,1625
122000112,994,1585,-591
122000113,684,665,19
122000114,3865,1673,2192
122000115,2235,1588,647
122000116,641,692,-51
122000117,1954,552,1402
122000118,691,964,-273
122000119,4246,3188,1058
122000120,2441,5658,-3217
122000121,2732,3823,-1091
122000122,893,2036,-1143
122000123,2187,2838,-651
122000124,1280,855,425
122000125,1090,953,137
122000126,741,2001,-1260
122000127,1378,2023,-645
122000128,658,967,-309
122000129,650,1657,-1007
122000130,3531,1947,1584
122000131,1660,1830,-170
122000132,836,838,-2
122000133,844,1164,-320
122000134,1080,1105,-25
122000135,873,1063,-190
122000136,987,959,28
122000137,1267,928,339
122000139,1635,3537,-1902
122000140,1149,746,403
122000141,3619,911,2708
122000142,408,905,-497
122000143,549,663,-114
122000144,1634,1814,-180
122000145,1670,1072,598
122000146,717,1344,-627
122000147,827,593,234
122000148,2323,1929,394
122000149,2563,2028,535
122000150,1335,1162,173
122000151,258,417,-159
122000152,402,534,-132
122000153,425,436,-11
122000154,322,241,81
122000155,1657,2727,-1070
122000156,2700,2429,271
122000157,1720,1865,-145
122000158,468,804,-336
122000159,1007,2054,-1047
122000160,3990,3308,682
122000161,1263,1260,3
122000162,2800,2023,777
122000163,298,138,160
122000164,67,101,-34
122000165,1071,663,408
122000166,1425,1116,309
122000167,343,324,19
122000168,195,561,-366
122000169,546,220,326
122000170,358,309,49
122000171,60,106,-46
122000172,1754,1859,-105
122000173,1470,2406,-936
122000174,2913,964,1949
122000175,1557,327,1230
122000176,352,854,-502
122000177,1747,1541,206
122000178,2999,2604,395
122000179,1676,2547,-871
122000180,2053,1611,442
122000181,2231,3440,-1209
122000182,2196,1461,735
122000183,2158,1176,982
122000184,2997,2256,741
122000185,1465,1611,-146
122000186,584,967,-383
122000187,2006,1329,677
122000188,512,225,287
122000189,264,341,-77
122000190,1120,1178,-58
122000191,992,609,383
122000192,1138,379,759
122000193,488,713,-225
122000194,739,239,500
122000195,196,570,-374
122000196,1411,683,728
122000197,643,740,-97
122000198,563,911,-348
122000199,448,404,44
122000200,1327,692,635
122000201,1663,1517,146
122000202,1405,1363,42
122000203,3288,1834,1454
122000204,2316,2469,-153
122000205,1781,1676,105
122000206,2712,918,1794
122000207,2288,1313,975
122000208,2639,1670,969
122000209,2213,499,1714
122000210,2872,1868,1004
122000211,1723,1079,644
122000212,1128,599,529
122000213,1234,1498,-264
122000214,2228,1888,340
122000215,2047,1843,204
122000217,2425,1496,929
122000218,718,67,651
122000219,1480,1185,295
122000220,464,843,-379
122000221,92,477,-385
122000222,763,141,622
122000223,1718,679,1039
122000225,988,381,607
122000226,3200,2069,1131
122000227,467,2946,-2479
122000228,730,560,170
122000229,106,696,-590
122000230,148,564,-416
122000231,497,852,-355
122000232,824,1135,-311
122000233,2,130,-128
122000234,457,175,282
122000235,1146,187,959
122000236,1194,171,1023
122000237,160,118,42
122000238,609,384,225
122000239,653,173,480
122000240,1367,692,675
122000241,2046,616,1430
122000242,992,166,826
122000243,451,115,336
122000244,83,553,-470
122000245,143,348,-205
122000246,518,273,245
122000247,843,874,-31
122000248,1465,2115,-650
122000249,1850,959,891
122000250,2769,1381,1388
122000251,285,586,-301
122000252,559,192,367
122000253,57,309,-252
122000254,375,133,242
122000255,861,1877,-1016
122000256,614,1253,-639
122000257,377,536,-159
122000258,357,194,163
122000259,29,525,-496
122000260,4,109,-105
122000261,15,261,-246
122000262,0,65,-65
122000263,347,96,251
122000264,1141,579,562
122000265,2460,872,1588
122000266,4935,725,4210
122000267,199,106,93
122000268,163,400,-237
122000269,1087,381,706
122000270,936,157,779
122000271,419,1023,-604
122000272,449,1118,-669
122000273,578,512,66
122000274,313,207,106
122000275,175,245,-70
122000276,1098,576,522
122000277,1730,1659,71
122000278,2410,982,1428
122000279,236,608,-372
122000280,1293,817,476
122000281,939,824,115
122000282,353,193,160
122000283,858,121,737
122000284,324,112,212
122000285,724,100,624
122000286,197,196,1
122000287,629,390,239
122000288,1708,1098,610
122000291,2309,1135,1174
122000293,366,319,47
122000294,202,249,-47
122000295,2173,463,1710
122000296,208,770,-562
122000297,2207,3255,-1048
122000299,1098,424,674
122000300,661,652,9
122000301,7784,2683,5101
122000302,946,1743,-797
122000303,4167,1595,2572
122000304,55,70,-15
122000305,1099,274,825
122000306,34,888,-854
122000307,458,162,296
122000309,299,86,213
122000310,58,99,-41
122000311,404,198,206
122000312,222,166,56
122000313,197,72,125
122000314,124,216,-92
122000315,381,64,317
122000316,757,317,440
122000317,1632,292,1340
122000318,297,630,-333
122000319,3400,1297,2103
122000320,415,966,-551
122000321,99,234,-135
122000322,2823,2782,41
122000323,1688,2496,-808
122000324,1260,1286,-26
122000325,1494,1653,-159
122000326,106,92,14
122000327,693,978,-285
122000328,1082,907,175
122000330,2061,843,1218
122000332,255,399,-144
122000333,21,156,-135
122000337,996,1739,-743
122000338,414,383,31
122000340,432,409,23
122000342,2194,1041,1153
122000343,554,1378,-824
122000344,52,29,23
122000345,77,38,39
122000346,444,533,-89
122000348,801,763,38
122000349,155,761,-606
122000351,155,204,-49
122000352,501,168,333
122000353,114,116,-2
122000355,186,225,-39
122000356,1647,1081,566
122000357,146,33,113
122000358,0,63,-63
122000359,0,19,-19
122000360,0,38,-38
122000362,10,118,-108
122000364,150,394,-244
122000365,2,55,-53
122000366,29,7,22
122000368,493,746,-253
122000370,45,74,-29
122000371,47,0,47
122000372,57,1,56
122000381,94,385,-291
122000382,104,266,-162
122000384,4741,1690,3051
122000385,146,2,144
122000386,589,1172,-583
122000387,704,602,102
122000388,1825,1106,719
122000389,210,657,-447
122000390,425,296,129
122000391,465,161,304
122000392,206,242,-36
122000393,712,193,519
122000394,675,375,300
122000395,236,240,-4
122000396,428,174,254
122000397,67,93,-26
122000398,85,57,28
122000399,213,91,122
122000400,168,543,-375
122000401,135,115,20
122000402,280,84,196
122000403,552,980,-428
122000404,170,315,-145
122000408,1099,1435,-336
122000503,15,136,-121
122000524,198,138,60
122000544,89,3485,-3396
122000614,279,265,14
122000616,431,3,428
122000640,118,181,-63
122000641,130,412,-282
122000642,1886,1171,715
122000643,59,168,-109
122000644,178,38,140
122000645,134,249,-115
122000651,1891,899,992
122000664,200,40,160
122000665,1407,652,755
122000666,757,1243,-486
122000673,73,385,-312
122000674,197,77,120
122000675,2078,1224,854
122000686,524,1099,-575
122000687,2175,403,1772
122000688,405,789,-384
122000689,1102,566,536
122000690,2126,690,1436
122000691,875,2043,-1168
122000692,1535,465,1070
122000693,548,1952,-1404
122000695,383,548,-165
122000696,388,339,49
122000698,364,781,-417
122000699,249,49,200
122000701,1370,390,980
122000702,602,1397,-795
122000703,179,68,111
122000717,179,68,111
122000718,832,1111,-279
122000719,139,103,36
122000720,529,322,207
122000724,401,328,73
122900001,49,6,43
122900002,1054,2958,-1904
122900003,417,80,337
122900004,654,53,601
122900005,98,36,62
122900006,1857,248,1609
122900007,1156,1223,-67
122900008,981,47,934
122900009,859,463,396
122900010,273,175,98
122900012,244,423,-179
122900014,193,360,-167
122900015,1945,811,1134
122900016,170,307,-137
122900017,1589,972,617
122900018,223,20,203
122900019,19,219,-200
122900020,203,158,45
122900021,675,874,-199
122900022,1000,851,149
122900023,345,202,143
122900024,144,138,6
122900025,24,239,-215
122900026,109,390,-281
122900027,162,1245,-1083
122900028,209,220,-11
122900029,4554,2985,1569
122900030,1139,572,567
122900031,326,367,-41
122900032,138,432,-294
122900033,389,167,222
122900034,4933,5129,-196
122900035,78,61,17
122900036,63,147,-84
122900037,395,178,217
122900038,384,3901,-3517
122900039,130,646,-516
122900040,317,412,-95
122900041,411,239,172
122900042,187,361,-174
122900043,407,235,172
122900044,120,404,-284
122900045,140,167,-27
122900046,293,142,151
122900047,195,161,34
122900048,59,275,-216
122900049,1705,142,1563
122900051,85,136,-51
122900052,96,207,-111
122900053,46,40,6
122900055,501,141,360
122900057,355,72,283
122900061,592,246,346
122900062,623,920,-297
122900063,205,358,-153
122900064,1911,896,1015
122900065,607,251,356
122900066,882,541,341
122900067,1253,883,370
122900069,336,2048,-1712
122900070,572,73,499
122900071,464,1539,-1075
122900073,5,90,-85
122900074,892,715,177
122900076,3,259,-256
122900077,6,259,-253
122900078,264,126,138
122900080,200,38,162
122900081,385,196,189
122900082,881,342,539
122900083,214,222,-8
122900084,34,413,-379
122900086,118,1193,-1075
122900087,409,502,-93
122900088,46,130,-84
122900089,72,396,-324
122900090,23,1320,-1297
122900091,255,0,255
122900092,0,188,-188
122900093,1,281,-280
122900094,4,242,-238
122900095,196,11,185
122900096,361,195,166
122900097,29,59,-30
122900098,146,164,-18
122900099,53,14,39
122900100,796,174,622
122900101,634,263,371
122900102,28,25,3
122900103,208,23,185
122900104,135,8,127
122900105,9,14,-5
122900106,62,109,-47
122900107,3,142,-139
122900108,37,549,-512
122900109,285,171,114
123000001,1894,537,1357
123000002,4497,4693,-196
123000003,4063,4142,-79
123000004,3509,4631,-1122
123000005,2726,3324,-598
123000006,2700,2815,-115
123000007,5823,3106,2717
123000008,4976,3856,1120
123000009,4983,3539,1444
123000010,3521,3911,-390
123000011,2977,1002,1975
123000012,1112,2580,-1468
123000013,4142,1241,2901
123000014,1578,3683,-2105
123000015,4599,1218,3381
123000016,5056,4170,886
123000017,3460,2211,1249
123000018,87,194,-107
123000019,272,303,-31
123000020,182,147,35
123000021,104,347,-243
123000022,377,3136,-2759
123000023,2568,1702,866
123000024,1756,850,906
123000025,378,317,61
123000026,107,108,-1
123000027,1140,409,731
123000028,2557,435,2122
123000029,2262,681,1581
123000030,341,480,-139
123000031,227,337,-110
123000032,361,253,108
123000033,403,101,302
123000034,1531,1484,47
123000035,475,572,-97
123000036,328,1179,-851
123000037,336,424,-88
123000038,65,279,-214
123000039,473,1511,-1038
123000040,954,477,477
123000041,1530,1425,105
123000042,1295,872,423
123000043,3306,8051,-4745
123000044,5436,2765,2671
123000045,9531,3190,6341
123000046,980,1521,-541
123000047,2606,1330,1276
123000048,83,590,-507
123000049,7200,8628,-1428
123000050,1596,1465,131
123000051,167,280,-113
123000052,1049,3376,-2327
123000053,3214,3636,-422
123000054,1730,1509,221
123000055,1484,2054,-570
123000056,2106,2133,-27
123000057,14908,7512,7396
123000058,1025,987,38
123000059,629,753,-124
123000060,1190,465,725
123000061,616,787,-171
123000063,956,1019,-63
123000064,1007,426,581
123000065,8571,3290,5281
123000066,919,720,199
123000067,1196,899,297
123000068,3237,3518,-281
123000069,7702,3829,3873
123000070,335,836,-501
123000071,1099,1227,-128
123000072,1139,1260,-121
123000073,1136,1005,131
123000074,1154,1643,-489
123000075,398,1162,-764
123000076,815,850,-35
123000077,2285,3258,-973
123000078,1715,2159,-444
123000079,1469,2372,-903
123000080,2577,2389,188
123000081,127,481,-354
123000082,397,1315,-918
123000083,889,284,605
123000084,642,747,-105
123000085,257,128,129
123000086,542,280,262
123000087,466,393,73
123000088,3028,1089,1939
123000089,589,1321,-732
123000090,1400,1100,300
123000091,1664,1753,-89
123000092,1113,1417,-304
123000094,500,355,145
123000095,872,786,86
123000096,808,513,295
123000097,560,956,-396
123000098,772,639,133
123000099,750,911,-161
123000100,659,845,-186
123000101,681,706,-25
123000102,993,804,189
123000104,497,556,-59
123000105,542,555,-13
123000106,545,547,-2
123000107,442,642,-200
123000108,953,1527,-574
123000111,1026,449,577
123000112,1074,784,290
123000113,609,1699,-1090
123000114,596,787,-191
123000115,511,344,167
123000116,52,123,-71
123000117,3021,2384,637
123000118,439,1229,-790
123000119,317,1255,-938
123000120,985,1092,-107
123000121,613,748,-135
123000122,374,224,150
123000123,492,708,-216
123000124,493,537,-44
123000125,1060,1371,-311
123000126,1501,3473,-1972
123000127,937,765,172
123000128,366,392,-26
123000129,740,259,481
123000130,619,94,525
123000131,724,742,-18
123000132,598,727,-129
123000133,407,440,-33
123000134,370,238,132
123000135,2355,1501,854
123000136,327,971,-644
123000137,138,351,-213
123000138,137,442,-305
123000139,478,174,304
123000140,167,983,-816
123000141,875,148,727
123000142,1191,1317,-126
123000143,2063,2426,-363
123000144,36,20,16
123000145,604,123,481
123000146,45,126,-81
123000147,158,138,20
123000149,414,586,-172
123000150,234,339,-105
123000151,406,496,-90
123000152,241,452,-211
123000153,320,676,-356
123000154,2240,2114,126
123000155,2560,1130,1430
123000156,52,200,-148
123000157,739,1055,-316
123000158,674,1041,-367
123000159,3466,2799,667
123000160,1055,834,221
123000161,1813,1295,518
123000162,1565,2224,-659
123000163,457,120,337
123000164,1387,451,936
123000165,529,1997,-1468
123000166,72,168,-96
123000167,175,357,-182
123000168,331,297,34
123000169,742,199,543
123000170,102,242,-140
123000171,627,14,613
123000172,299,655,-356
123000173,480,342,138
123000174,907,484,423
123000175,819,1573,-754
123000176,1288,259,1029
123000177,350,1170,-820
123000178,879,224,655
123000179,36,871,-835
123000180,1930,409,1521
123000181,469,2021,-1552
123000182,432,519,-87
123000183,241,624,-383
123000184,123,666,-543
123000185,800,523,277
123000186,5,878,-873
123000187,819,11,808
123000188,182,5,177
123000189,214,208,6
123000190,45,73,-28
123000192,22,699,-677
123000193,110,1177,-1067
123000194,709,529,180
123000195,343,19,324
123000196,337,78,259
123000197,62,184,-122
123000198,58,368,-310
123000199,20,690,-670
123000200,506,15,491
123000201,1014,39,975
123000202,19,1380,-1361
123000203,1008,84,924
123000204,96,1606,-1510
123000205,639,2182,-1543
123000206,2247,264,1983
123000207,135,1112,-977
123000208,859,174,685
123000209,2214,700,1514
123000210,610,2559,-1949
123000211,691,3091,-2400
123000212,2852,560,2292
123000213,787,92,695
123000215,133,250,-117
123000216,185,856,-671
123000217,206,55,151
123000218,84,691,-607
123000219,1037,162,875
123000220,686,103,583
123000221,577,161,416
123000222,469,496,-27
123000223,247,382,-135
123000224,466,676,-210
123000225,414,124,290
123000226,107,375,-268
123000227,142,401,-259
123000228,290,82,208
123000229,1102,2039,-937
123000232,192,766,-574
123000233,821,249,572
123000234,198,955,-757
123000235,1028,370,658
123000236,309,1017,-708
123000237,459,102,357
123000238,112,679,-567
123000239,605,1936,-1331
123000240,45,397,-352
123000241,626,129,497
123000242,122,266,-144
123000243,963,950,13
123000244,1103,799,304
123000245,77,241,-164
123000249,378,791,-413
123000252,890,314,576
123000253,1128,632,496
123000254,885,1573,-688
123000255,1395,1137,258
123000256,34,295,-261
123000257,3404,2611,793
123000258,1569,1208,361
123000259,333,534,-201
123000260,414,516,-102
123000261,165,167,-2
123000262,167,257,-90
123000263,387,141,246
123000264,200,85,115
123000265,68,221,-153
123000266,693,957,-264
123000267,607,416,191
123000268,49,112,-63
123000269,123,63,60
123000270,35,50,-15
123000271,96,109,-13
123000272,758,361,397
123000273,224,740,-516
123000274,1254,715,539
123000275,311,1035,-724
123000278,3736,3222,514
123000279,115,153,-38
123000280,859,576,283
123000281,408,143,265
123000282,144,378,-234
123000283,91,80,11
123000284,58,149,-91
123000286,323,396,-73
123000287,669,342,327
123000288,1479,853,626
123000289,552,1240,-688
123000291,361,968,-607
123000294,260,336,-76
123000295,1003,956,47
123000296,653,467,186
123000297,837,866,-29
123000298,775,646,129
123000299,71,266,-195
123000300,991,908,83
123000301,132,290,-158
123000302,90,283,-193
123000303,155,151,4
123000305,1109,1032,77
123000306,134,277,-143
123000309,74,104,-30
123000310,73,48,25
123000311,0,126,-126
123000312,816,1175,-359
123000313,586,542,44
123000315,75,432,-357
123000316,1539,415,1124
123000317,310,84,226
123000318,60,310,-250
123000329,4,14,-10
123000337,1064,286,778
123000338,1260,80,1180
123000339,239,265,-26
123000340,334,665,-331
123000342,61,179,-118
123000343,72,8,64
123000344,1455,684,771
123000345,445,822,-377
123000346,367,76,291
123000352,1780,1030,750
123000353,34,164,-130
123000354,568,6,562
123000355,2,635,-633
123000356,335,11,324
123000357,0,221,-221
123000359,7,169,-162
123000360,222,110,112
123000361,380,386,-6
123000362,343,144,199
123000363,86,165,-79
123000364,656,512,144
123000365,30,431,-401
123000366,492,2022,-1530
123000367,484,1542,-1058
123000370,51,255,-204
123000371,1021,36,985
123000372,493,13,480
123000373,11,435,-424
123000374,29,282,-253
123000375,379,65,314
123000376,943,678,265
123000377,338,25,313
123000378,12,288,-276
123000379,1,202,-201
123000380,87,420,-333
123000381,173,52,121
123000382,1227,158,1069
123000383,265,1503,-1238
123000384,510,87,423
123000385,575,708,-133
123000436,68,1147,-1079
123000507,208,301,-93
123000508,242,990,-748
123000517,352,66,286
123000518,43,334,-291
123000519,181,105,76
123000520,56,297,-241
123000521,295,116,179
123000522,159,439,-280
123000541,15,9,6
123000542,0,17,-17
123000565,960,66,894
123000566,269,943,-674
123000567,138,343,-205
123000573,64,986,-922
123000574,1098,88,1010
123000575,1595,1280,315
123000576,900,1742,-842
123000577,88,634,-546
123000578,578,84,494
123000579,3543,5194,-1651
123000580,135,51,84
123000582,367,25,342
123000583,21,443,-422
123000584,164,374,-210
123000585,0,203,-203
123000586,83,0,83
123000596,121,154,-33
123000597,89,147,-58
123000602,25,10,15
123000603,752,1018,-266
123000604,634,1036,-402
123000605,1162,16,1146
123000606,1,385,-384
123000609,24,348,-324
123000610,188,159,29
123000613,80,254,-174
123000614,283,60,223
123000615,90,239,-149
123000616,660,62,598
123000617,130,559,-429
123000618,93,675,-582
123000619,708,51,657
123000620,36,476,-440
123000622,393,24,369
123000624,206,82,124
123000630,1412,570,842
123000631,302,1745,-1443
123000632,1128,1080,48
123000633,0,479,-479
123000634,78,165,-87
123000635,166,125,41
123000636,111,937,-826
123000637,293,32,261
123000638,837,60,777
123000639,1034,4114,-3080
123000640,27,973,-946
123000648,362,121,241
123000649,60,594,-534
123900001,1385,65,1320
123900002,52,1702,-1650
123900003,383,440,-57
123900005,242,158,84
123900006,310,53,257
124000001,1945,183,1762
124000002,132,1943,-1811
124000003,779,185,594
124000004,80,621,-541
124000005,1229,695,534
124000006,227,1458,-1231
124000007,626,125,501
124000008,19,770,-751
124000009,825,369,456
124000010,386,722,-336
124000011,1307,377,930
124000012,301,667,-366
124000017,179,266,-87
124000018,128,95,33
124000019,192,209,-17
124000020,83,266,-183
124000021,178,135,43
124000022,117,305,-188
124000023,1780,1536,244
124000024,1220,704,516
124000025,1240,1889,-649
124000026,1230,1085,145
124000027,4601,4940,-339
124000028,2750,4496,-1746
124000030,3081,1620,1461
124000031,1775,2950,-1175
124000032,3770,1417,2353
124000033,1241,798,443
124000034,1225,1479,-254
124000035,426,230,196
124000036,202,757,-555
124000037,986,1319,-333
124000038,70,160,-90
124000039,1595,622,973
124000040,743,1257,-514
124000041,772,107,665
124000042,349,491,-142
124000043,283,148,135
124000044,155,236,-81
124000045,1052,832,220
124000046,465,878,-413
124000047,1457,1253,204
124000048,1259,1627,-368
124000049,1840,950,890
124000050,1035,2207,-1172
124000051,995,863,132
124000052,826,1262,-436
124000053,621,1841,-1220
124000054,1134,742,392
124000055,1322,2799,-1477
124000056,2837,1955,882
124000057,1115,652,463
124000058,575,1612,-1037
124000059,634,1181,-547
124000060,1277,854,423
124000061,1508,5127,-3619
124000062,7444,2201,5243
124000063,1768,2021,-253
124000064,3291,1742,1549
124000065,189,804,-615
124000066,434,164,270
124000067,247,287,-40
124000068,84,239,-155
124000069,1124,267,857
124000070,301,581,-280
124000071,2281,198,2083
124000072,971,612,359
124000073,975,252,723
124000074,385,937,-552
124000075,337,83,254
124000076,23,265,-242
124000077,2256,916,1340
124000078,3488,1954,1534
124000079,604,1306,-702
124000080,1212,274,938
124000081,489,576,-87
124000082,67,248,-181
124000083,105,163,-58
124000084,100,467,-367
124000085,122,50,72
124000086,120,111,9
124000087,529,116,413
124000088,276,365,-89
124000089,885,516,369
124000090,188,454,-266
124000091,632,225,407
124000092,126,881,-755
124000093,128,225,-97
124000094,182,605,-423
124000095,106,222,-116
124000096,205,366,-161
124000097,156,255,-99
124000098,93,153,-60
124000099,292,179,113
124000100,75,175,-100
124000101,73,162,-89
124000102,139,113,26
124000103,104,125,-21
124000104,137,83,54
124000105,54,157,-103
124000106,135,91,44
124000107,19,160,-141
124000108,91,41,50
124000109,128,203,-75
124000110,356,155,201
124000111,223,271,-48
124000112,643,779,-136
124000113,104,163,-59
124000114,388,567,-179
124000115,477,777,-300
124000116,131,286,-155
124000117,60,80,-20
124000118,49,147,-98
124000119,1022,622,400
124000120,548,459,89
124000121,2628,1196,1432
124000122,793,1542,-749
124000123,1387,684,703
124000124,574,1253,-679
124000125,478,674,-196
124000126,374,713,-339
124000127,749,617,132
124000128,620,1250,-630
124000129,2166,1661,505
124000130,869,778,91
124000131,1040,608,432
124000132,944,930,14
124000133,902,917,-15
124000134,840,751,89
124000135,1748,1880,-132
124000136,1027,1263,-236
124000137,1353,862,491
124000138,1588,1510,78
124000139,2156,129,2027
124000140,239,814,-575
124000141,993,69,924
124000142,76,811,-735
124000143,219,38,181
124000144,19,234,-215
124000145,576,86,490
124000146,233,138,95
124000148,59,246,-187
124000149,1655,768,887
124000150,641,793,-152
124000151,1163,709,454
124000152,1069,1670,-601
124000153,781,983,-202
124000154,376,877,-501
124000155,1490,1483,7
124000156,2201,1337,864
124000169,239,474,-235
124000170,764,630,134
124000171,313,226,87
124000172,361,738,-377
124000173,435,259,176
124000174,498,694,-196
124000175,17,157,-140
124000176,62,51,11
124000177,18,51,-33
124000178,261,64,197
124000185,67,36,31
124000186,22,69,-47
124000187,10,85,-75
124000188,51,14,37
124000190,168,38,130
124000191,288,120,168
124000192,2793,431,2362
124000193,941,988,-47
124000194,474,621,-147
124000195,349,689,-340
124000196,1245,1156,89
124000197,104,54,50
124000198,41,62,-21
124000201,406,1126,-720
124000202,839,410,429
124000203,416,784,-368
124000204,843,462,381
124000205,128,633,-505
124000206,875,521,354
124000207,0,70,-70
124000209,330,642,-312
124000210,489,236,253
124000211,499,4,495
124000212,4,554,-550
124000213,445,430,15
124000214,304,706,-402
124000215,759,46,713
124000216,5,499,-494
124000329,200,2071,-1871
124000338,171,1129,-958
124000339,1161,185,976
124000341,1595,152,1443
124000344,117,59,58
124000357,873,2541,-1668
124000358,744,1797,-1053
124000359,1024,917,107
124000360,689,732,-43
124000361,2221,877,1344
124000362,1747,1734,13
124000363,355,339,16
124000364,669,916,-247
124000365,688,1210,-522
124000366,2043,912,1131
124000367,162,557,-395
124000368,687,486,201
124000369,146,231,-85
124000370,88,589,-501
124000402,50,12,38
124000403,188,23,165
124000404,20,172,-152
124000405,1060,1070,-10
124000406,1042,954,88
124000407,4,65,-61
124000411,11,486,-475
124000412,573,19,554
124000413,465,47,418
124000414,85,150,-65
124000415,70,190,-120
124000416,196,328,-132
124000417,199,155,44
124000418,173,175,-2
124000419,142,128,14
124000420,88,131,-43
124000421,65,235,-170
124000422,41,18,23
124000423,94,61,33
124000424,9,183,-174
124000425,171,39,132
124000426,11,265,-254
124000427,211,10,201
124000428,20,75,-55
124000429,77,79,-2
124000430,915,550,365
124000431,491,604,-113
124000432,230,870,-640
124000439,3,15,-12
124000443,5,14,-9
124000445,738,1256,-518
124000446,2076,137,1939
124000447,33,248,-215
124000448,83,18,65
124000449,184,22,162
124000450,16,245,-229
124000451,3,150,-147
124900001,563,505,58
124900002,166,502,-336
124900003,1086,1092,-6
124900004,569,519,50
124900005,537,188,349
124900006,669,546,123
124900008,1895,831,1064
124900009,226,445,-219
124900010,204,240,-36
124900011,453,500,-47
124900012,469,200,269
124900013,828,198,630
124900014,996,71,925
124900015,196,423,-227
124900016,72,127,-55
124900017,750,1447,-697
124900018,30,16,14
124900020,123,63,60
124900021,587,75,512
124900022,230,12,218
124900024,192,66,126
124900026,377,51,326
124900027,103,410,-307
124900028,527,146,381
124900029,9,586,-577
124900030,6,157,-151
124900031,51,308,-257
124900032,206,323,-117
124900033,340,339,1
124900034,5,118,-113
124900035,269,552,-283
124900036,0,61,-61
124900037,226,347,-121
124900038,291,419,-128
124900039,1,45,-44
124900040,133,100,33
124900041,349,1227,-878
124900042,137,3,134
124900043,634,1166,-532
124900044,85,6,79
124900045,888,1256,-368
124900047,188,193,-5
124900048,272,148,124
124900050,237,335,-98
124900052,180,443,-263
124900053,447,380,67
124900054,2256,793,1463
124900055,0,164,-164
124900057,13,84,-71
124900060,67,294,-227
124900061,167,15,152
124900062,212,30,182
124900066,0,28,-28
124900067,6,260,-254
124900068,291,561,-270
124900070,102,25,77
124900072,135,55,80
124900075,222,369,-147
124900076,33,1351,-1318
124900077,33,197,-164
124900078,118,24,94
124900079,770,179,591
124900080,359,711,-352
124900081,993,506,487
124900082,420,1069,-649
124900083,352,623,-271
124900085,1343,429,914
124900086,58,1376,-1318
124900087,725,111,614
124900088,629,135,494
124900089,1488,50,1438
124900090,250,332,-82
124900091,316,504,-188
124900092,246,331,-85
124900093,305,309,-4
124900094,364,353,11
124900095,110,472,-362
124900096,546,374,172
124900097,325,133,192
124900098,135,555,-420
124900099,604,633,-29
124900100,288,198,90
124900101,210,435,-225
124900102,180,107,73
124900103,186,351,-165
124900104,97,243,-146
124900105,173,179,-6
124900106,419,112,307
124900107,95,13,82
124900108,197,85,112
124900111,0,119,-119
124900112,76,625,-549
124900113,215,363,-148
124900114,326,198,128
124900115,328,47,281
124900116,256,198,58
124900117,743,142,601
124900118,268,352,-84
124900119,412,252,160
124900120,127,407,-280
124900121,148,625,-477
124900122,549,289,260
124900123,448,292,156
124900124,135,571,-436
204000001,159,6,153
204000002,42,14,28
204000003,21,3,18
204000004,15,0,15
204000005,767,685,82
204000006,1426,1549,-123
204000011,9,59,-50
204000012,98,149,-51
204000019,652,664,-12
204000020,664,608,56
204000021,1727,807,920
204000022,678,579,99
204000023,654,1080,-426
204000031,278,39,239
204000032,791,44,747
204000034,71,213,-142
204000035,0,8,-8
204000036,4,20,-16
204000037,2,21,-19
204000038,3,17,-14
204000039,127,25,102
204000040,11,29,-18
204000041,15,38,-23
204000042,65,15,50
204000043,35,1,34
204000044,87,4,83
204000045,60,2,58
204000046,16,0,16
204000057,5,11,-6
204000062,45,83,-38
204000068,53,313,-260
204000069,58,362,-304
204000070,98,162,-64
204000080,82,85,-3
204000085,2088,2072,16
204000086,3121,2450,671
204000087,61,18,43
204000088,11,103,-92
204000090,193,349,-156
204000093,368,120,248
204000096,1075,1145,-70
204000097,445,47,398
204000099,1126,1656,-530
204000100,1348,2055,-707
204000105,2375,1847,528
204000110,1368,1368,0
204000111,484,699,-215
204000112,839,640,199
204000113,588,661,-73
204000114,892,652,240
204000115,503,397,106
204000116,1019,415,604
204000119,2116,2772,-656
204000132,724,499,225
204000133,817,611,206
204000134,254,178,76
204000135,726,141,585
204000136,864,334,530
204000138,370,590,-220
204000140,247,207,40
204000141,200,110,90
204000144,11,21,-10
204000145,619,39,580
204000146,20,374,-354
204000147,45,282,-237
204000148,715,55,660
204000154,3,0,3
204000155,2,15,-13
204000177,70,59,11
204000179,27,15,12
204000180,0,53,-53
204000222,4,8,-4
204000235,14,21,-7
204000236,73,305,-232
204000238,31,47,-16
204000240,418,96,322
204000263,662,1272,-610
204000268,1309,856,453
204000308,215,41,174
204000317,10,88,-78
204000322,10,45,-35
204000323,27,19,8
204000328,278,109,169
204000329,121,245,-124
204000330,191,89,102
204000331,117,196,-79
205000001,1397,2100,-703
205000013,4,58,-54
205000014,41,89,-48
205000015,15,233,-218
205000016,10,195,-185
205000017,16,65,-49
205000022,490,984,-494
205000025,1575,1452,123
205000029,251,16,235
205000045,135,354,-219
205000046,91,612,-521
205000047,39,558,-519
205000048,443,1379,-936
205000049,188,1097,-909
205000050,1003,409,594
205000059,1,244,-243
205000060,0,102,-102
205000061,1,110,-109
205000062,3,109,-106
205000063,24,66,-42
205000064,6,102,-96
205000065,60,531,-471
205000066,97,931,-834
205000067,35,1056,-1021
205000069,262,18,244
205000082,182,241,-59
205000110,106,312,-206
205000111,200,331,-131
205000112,286,237,49
205000113,190,388,-198
205000121,233,69,164
205000123,47,227,-180
205000126,410,139,271
205000127,741,258,483
205000128,727,124,603
205000129,781,159,622
205000130,693,37,656
205000131,233,9,224
205000132,383,2,381
205000133,415,5,410
205000134,328,0,328
205000137,73,161,-88
205000138,166,333,-167
205000139,42,123,-81
205000144,214,94,120
205000145,469,245,224
205000151,151,87,64
205000152,258,32,226
205000153,238,62,176
205000154,74,73,1
205000155,124,22,102
205000207,9,173,-164
205000233,44,0,44
205000234,0,1,-1
205000243,0,1,-1
205000244,0,12,-12
205000245,13,221,-208
205000249,2,29,-27
205000250,6,1,5
205000264,3,81,-78
206000027,1,8,-7
206000028,4,3,1
206000043,15,57,-42
206000053,2,7,-5
206000054,2,19,-17
206000055,3,32,-29
206000075,15,9,6
206000076,22,32,-10
206000077,23,20,3
206000078,20,9,11
206000079,15,7,8
206000082,352,40,312
206000100,42,576,-534
206000103,6,15,-9
206000104,23,29,-6
206000105,8,21,-13
206000106,6,19,-13
206000125,59,0,59
206000157,90,639,-549
206000170,2,184,-182
206000171,1,215,-214
206000172,13,495,-482
206000173,8,306,-298
206000174,5,101,-96
206000175,0,128,-128
206000176,14,196,-182
206000177,1,180,-179
206000178,7,134,-127
206000179,20,84,-64
206000180,8,145,-137
206000181,15,195,-180
206000182,15,180,-165
206000183,32,635,-603
206000184,4,362,-358
206000185,10,184,-174
206000186,136,1164,-1028
206000223,14,176,-162
206000226,14,3,11
206000227,22,0,22
206000237,28,385,-357
206000238,36,585,-549
206000239,275,2062,-1787
206000240,2,44,-42
206000241,0,96,-96
206000242,13,264,-251
206000243,7,209,-202
206000244,74,562,-488
206000245,707,54,653
206000246,246,16,230
206000247,189,12,177
206000248,424,14,410
206000252,101,35,66
206000258,44,32,12
206000315,23,10,13
206000317,532,94,438
206000318,407,74,333
206000319,1228,120,1108
206000320,187,40,147
206000321,211,17,194
206000322,430,23,407
206000323,133,10,123
206000324,160,8,152
206000325,201,11,190
206000326,208,10,198
206000327,438,15,423
206000328,191,5,186
206000329,342,5,337
206000330,43,5,38
206000331,146,2,144
206000332,54,1,53
206000333,583,0,583
206000334,249,1,248
206000335,0,15,-15
206000361,6,205,-199
206000392,4,27,-23
206000405,131,0,131
206000441,35,16,19
206000498,52,13,39
206000515,92,30,62
206000530,291,70,221
206000531,212,174,38
206000532,1996,272,1724
206000535,336,2165,-1829
206000536,30,197,-167
206000537,56,167,-111
206000613,1442,199,1243
206000784,505,27,478
207000001,181,574,-393
207000002,123,328,-205
207000003,167,159,8
207000007,1076,413,663
207000008,89,9,80
207000009,111,40,71
207000010,789,507,282
207000012,343,391,-48
207000015,396,1456,-1060
207000019,353,131,222
207000021,613,198,415
207000022,180,144,36
207000023,272,58,214
207000024,2,12,-10
207000025,37,90,-53
207000026,150,39,111
207000027,62,63,-1
207000028,43,204,-161
207000029,337,411,-74
207000033,266,410,-144
207000034,275,99,176
207000039,359,171,188
207000040,276,100,176
207000041,358,57,301
207000042,287,88,199
207000043,260,225,35
207000051,211,289,-78
207000052,419,187,232
207000053,433,545,-112
207000054,40,151,-111
207000055,166,200,-34
207000056,268,435,-167
207000057,154,255,-101
207000058,308,372,-64
207000059,100,738,-638
207000060,93,267,-174
207000061,341,448,-107
207000062,297,48,249
207000063,434,166,268
207000064,396,172,224
207000065,377,238,139
207000066,254,167,87
207000067,60,141,-81
207000068,163,93,70
207000069,622,427,195
207000082,14,327,-313
207000083,147,383,-236
207000084,295,307,-12
207000085,222,26,196
207000086,242,13,229
207000106,34,32,2
207000107,95,21,74
207000108,85,19,66
207000109,83,14,69
207000110,177,131,46
207000111,68,138,-70
207000112,304,780,-476
207000114,27,64,-37
207000115,26,125,-99
207000116,40,494,-454
207000117,3,130,-127
207000118,6,148,-142
207000119,25,107,-82
207000123,224,29,195
207000124,54,34,20
207000125,80,98,-18
207000126,74,149,-75
207000134,100,184,-84
207000135,32,323,-291
207000148,73,493,-420
207000149,107,73,34
207000152,144,403,-259
207000153,950,1169,-219
207000154,462,190,272
207000159,143,241,-98
207000160,248,530,-282
207000238,2,169,-167
207000242,3,210,-207
207000248,205,49,156
207000249,173,62,111
207000250,833,89,744
207000251,84,106,-22
207000252,82,98,-16
207000278,122,101,21
207000279,16,185,-169
207000280,573,108,465
207000281,131,1127,-996
207000282,313,120,193
207000283,175,263,-88
207000284,98,209,-111
207000285,156,64,92
207000291,33,177,-144
207000304,121,61,60
207000306,104,416,-312
207000310,63,137,-74
207000353,328,18,310
207000356,33,30,3
207000357,13,10,3
207000358,14,13,1
207000415,7,206,-199
207000417,78,8,70
207000418,143,181,-38
207000438,0,1,-1
207000439,1016,634,382
207000446,174,8,166
207000460,32,13,19
207000466,255,149,106
207000467,223,136,87
207000468,77,476,-399
207000476,15,76,-61
207000477,665,84,581
207000478,0,24,-24
207000523,0,29,-29
207000524,78,0,78
207000527,130,245,-115
207000530,499,18,481
207000531,408,21,387
207000532,101,28,73
207000534,523,56,467
207000535,52,440,-388
207000537,87,137,-50
207000540,14,276,-262
207000541,4,417,-413
207000548,60,344,-284
207000549,1217,24,1193
207000561,191,207,-16
207000562,38,281,-243
207000567,195,224,-29
207000568,146,127,19
207000569,400,819,-419
207000584,326,254,72
207000585,66,555,-489
207000587,116,42,74
207000616,0,140,-140
207000617,363,0,363
207000624,111,60,51
207000631,12,166,-154
207900008,273,185,88
208000001,671,936,-265
208000002,1167,500,667
208000003,1186,432,754
208000004,1522,702,820
208000005,7,19,-12
208000019,1039,1360,-321
208000020,172,648,-476
208000021,261,397,-136
208000022,1274,671,603
208000028,1526,1000,526
208000033,627,675,-48
208000034,1277,1472,-195
208000037,322,26,296
208000040,146,202,-56
208000041,1043,765,278
208000042,1701,920,781
208000047,146,246,-100
208000064,2986,1659,1327
208000066,2022,2255,-233
208000070,294,478,-184
208000071,315,1116,-801
208000072,330,1530,-1200
208000080,295,390,-95
208000081,408,189,219
208000082,372,366,6
208000083,191,458,-267
208000084,17,15,2
208000085,1217,801,416
208000086,578,1261,-683
208000087,921,919,2
208000089,954,455,499
208000090,932,785,147
208000093,202,140,62
208000094,718,518,200
208000095,847,470,377
208000104,1006,1300,-294
208000105,1230,1296,-66
208000114,90,353,-263
208000115,565,470,95
208000116,601,1262,-661
208000117,192,186,6
208000118,104,153,-49
208000155,913,1169,-256
208000158,1758,3452,-1694
208000186,4381,4216,165
208000204,756,1081,-325
208000205,1285,1174,111
208000282,6522,2970,3552
209000004,623,191,432
209000005,64,37,27
209000006,422,186,236
209000007,259,304,-45
209000010,520,156,364
209000011,231,293,-62
209000012,780,216,564
209000013,389,378,11
209000014,648,1238,-590
209000025,291,65,226
209000026,672,172,500
209000027,688,899,-211
209000028,476,755,-279
209000029,612,870,-258
209000030,551,1687,-1136
209000031,3046,2553,493
209000034,198,247,-49
209000035,128,216,-88
209000036,197,200,-3
209000037,313,285,28
209000038,127,229,-102
209000039,66,173,-107
209000040,262,577,-315
209000041,222,515,-293
209000042,261,483,-222
209000043,846,977,-131
209000044,245,926,-681
209000045,1715,631,1084
209000046,612,691,-79
209000047,745,271,474
209000048,660,486,174
209000049,96,189,-93
209000050,265,210,55
209000051,408,480,-72
209000052,211,477,-266
209000062,69,132,-63
209000063,77,127,-50
209000064,32,135,-103
209000065,55,30,25
209000066,53,27,26
209000067,80,57,23
209000080,47,283,-236
209000082,64,47,17
209000091,44,143,-99
209000093,42,37,5
209000094,292,235,57
209000110,69,124,-55
209000111,495,1365,-870
209000112,896,647,249
209000113,1601,682,919
209000114,689,378,311
209000115,124,173,-49
209000116,825,610,215
209000118,35,74,-39
209000119,75,12,63
209000121,189,696,-507
209000135,89,163,-74
209000142,681,1395,-714
209000143,131,108,23
209000144,61,119,-58
209000229,302,235,67
209000240,51,423,-372
209000259,115,226,-111
209000260,36,931,-895
209000261,5,506,-501
209000262,4,459,-455
209000263,1,151,-150
209000264,0,119,-119
209000265,468,20,448
209000266,116,0,116
209000267,948,8,940
209000268,733,47,686
210000037,81,26,55
210000047,66,13,53
210000048,73,24,49
210000049,32,14,18
210000052,81,89,-8
210000053,42,56,-14
210000054,74,112,-38
210000070,96,8,88
210000071,162,2,160
210000072,152,1,151
210000073,1,38,-37
210000074,0,138,-138
210000075,3,113,-110
210000076,26,138,-112
210000077,62,55,7
210000078,44,37,7
210000079,27,34,-7
210000080,107,46,61
210000081,165,15,150
210000082,214,2,212
210000083,121,1,120
210000084,67,1,66
210000085,1,87,-86
210000086,2,168,-166
210000099,36,328,-292
210000100,53,206,-153
210000101,100,224,-124
210000105,61,150,-89
210000159,0,158,-158
210000163,189,251,-62
210000164,268,167,101
210000168,110,30,80
210000187,0,13,-13
210000188,0,21,-21
210000214,76,0,76
210000219,26,50,-24
210000220,95,66,29
210000232,4,28,-24
210000233,20,66,-46
210000234,38,132,-94
210000235,51,110,-59
210000245,1,37,-36
210000246,63,0,63
210000258,19,115,-96
210000259,451,59,392
210000282,155,234,-79
210000285,1,119,-118
210000286,16,229,-213
210000290,6,20,-14
210000295,59,167,-108
210000296,17,59,-42
210000320,189,100,89
210000321,117,91,26
210000338,49,53,-4
210000339,411,1150,-739
210000340,139,371,-232
210000341,253,282,-29
210000342,247,214,33
210000343,305,204,101
210000344,234,131,103
210000345,225,259,-34
210000346,83,130,-47
210000347,162,42,120
210000348,184,18,166
210000349,133,35,98
210000350,154,107,47
210000351,162,164,-2
210000352,64,89,-25
210000353,62,120,-58
210000354,367,118,249
210000355,47,103,-56
210000356,50,60,-10
210000357,86,33,53
210000358,305,115,190
210000359,108,72,36
210000360,171,126,45
210000361,180,184,-4
210000362,315,227,88
210000363,858,256,602
210000364,119,167,-48
210000365,125,99,26
210000366,145,67,78
210000367,116,43,73
210000368,157,39,118
210000369,17,14,3
210000370,41,40,1
210000372,25,35,-10
210000373,52,16,36
210000374,43,8,35
210000375,48,98,-50
210000376,99,185,-86
210000404,67,167,-100
210000439,37,58,-21
210000472,110,1,109
210000482,82,94,-12
210000564,496,310,186
210000567,1,60,-59
210000568,324,8,316
211000092,60,77,-17
211000094,29,12,17
211000169,400,16,384
211000172,61,323,-262
211000209,1,33,-32
211000226,20,63,-43
211000270,24,26,-2
211000275,31,27,4
211000276,104,23,81
211000279,47,80,-33
211000281,48,54,-6
211000302,72,101,-29
211507980,1,45,-44
211977296,60,4,56
212000003,148,57,91
212000004,67,18,49
212000005,34,30,4
212000006,59,62,-3
212000008,191,251,-60
212000009,27,163,-136
212000012,87,113,-26
212000013,50,85,-35
212000014,311,212,99
212000015,371,341,30
212000016,574,671,-97
212000027,457,442,15
212000028,328,563,-235
212000029,229,325,-96
212000030,43,49,-6
212000031,60,71,-11
212000048,53,165,-112
212000049,24,134,-110
212000050,24,9,15
212000051,226,278,-52
212000052,194,379,-185
212000053,430,910,-480
212000054,214,182,32
212000055,203,292,-89
212000056,19,49,-30
212000057,8,49,-41
212000058,230,34,196
212000070,147,353,-206
212000077,151,851,-700
212000099,232,394,-162
212000108,236,178,58
212000111,264,95,169
212000120,119,100,19
212000138,150,40,110
212000156,10,141,-131
212000158,15,12,3
212000159,344,98,246
212000160,544,381,163
212000161,111,7,104
212000310,64,18,46
212000311,22,82,-60
212000374,47,19,28
213000001,39,391,-352
213000005,519,186,333
213000006,1095,445,650
213000007,294,13,281
213000009,856,608,248
213000010,239,406,-167
213000011,307,205,102
213000012,150,320,-170
213000014,98,16,82
213000015,261,9,252
213000016,845,6,839
213000017,110,0,110
213000018,2,223,-221
213000019,3,225,-222
213000020,109,396,-287
213000021,12,137,-125
213000023,321,186,135
213000033,387,1847,-1460
213000034,736,406,330
213000035,148,338,-190
213000045,212,306,-94
213000046,313,294,19
213000047,830,1290,-460
213000056,214,35,179
213000069,113,3,110
213000073,2,61,-59
213000074,77,462,-385
213000075,609,29,580
213000076,63,5,58
213000085,14,38,-24
213000086,20,184,-164
213000091,170,24,146
213000092,95,17,78
213000099,251,1262,-1011
213000100,1379,323,1056
213000101,370,163,207
213000102,377,307,70
213000103,874,931,-57
213000104,68,412,-344
213000105,14,178,-164
213000106,147,205,-58
213000107,187,735,-548
213000108,39,600,-561
213000109,8,346,-338
213000110,13,94,-81
213000111,9,82,-73
213000112,169,120,49
213000115,80,14,66
213000116,97,616,-519
213000117,18,860,-842
213000118,387,406,-19
213000119,57,739,-682
213000120,137,642,-505
213000122,218,631,-413
213000123,471,1394,-923
213000124,133,1155,-1022
213000125,136,25,111
213000126,97,147,-50
213000127,196,221,-25
213000128,666,1112,-446
213000129,485,620,-135
213000130,539,305,234
213000132,283,114,169
213000133,448,135,313
213000134,748,24,724
213000136,580,49,531
213000137,675,105,570
213000139,826,37,789
213000147,129,5,124
213000148,42,5,37
213000149,50,3,47
213000150,0,132,-132
213000151,1,143,-142
213000152,1,85,-84
213000153,0,82,-82
213000154,34,244,-210
213000155,43,248,-205
213000156,118,736,-618
213000157,590,532,58
213000158,401,1053,-652
213000159,492,777,-285
213000163,737,140,597
213000165,589,246,343
213000171,1,137,-136
213000172,4,391,-387
213000173,3,282,-279
213000174,3,153,-150
213000175,7,88,-81
213000176,28,37,-9
213000177,76,5,71
213000178,121,0,121
213000179,165,3,162
213000180,156,1,155
213000184,280,451,-171
213000188,430,130,300
213000189,305,53,252
213000190,877,868,9
213000191,338,501,-163
213000192,225,503,-278
213000193,1224,284,940
213000194,2,69,-67
213000195,22,497,-475
213000196,355,1352,-997
213000197,403,758,-355
213000198,107,1,106
213000200,130,1128,-998
213000201,93,49,44
213000202,15,707,-692
213000203,3631,877,2754
213000204,674,72,602
213000205,441,80,361
213000206,585,76,509
213000207,197,7,190
213000208,158,2,156
213000209,209,6,203
213000210,615,6,609
213000211,10,45,-35
213000212,26,22,4
213000213,49,56,-7
213000218,262,703,-441
213000219,496,19,477
213000220,487,13,474
213000223,203,362,-159
213000224,56,69,-13
213000225,96,16,80
213000226,90,11,79
213000227,1001,323,678
213000228,795,118,677
213000229,479,47,432
213000230,598,36,562
213000232,107,1034,-927
213000233,13,49,-36
213000234,3,35,-32
213000293,10,61,-51
213000294,206,14,192
213000295,32,103,-71
213000296,100,51,49
213000297,5,155,-150
213000298,22,107,-85
213000299,153,73,80
213000300,22,9,13
213000303,29,36,-7
213000304,6,15,-9
213000305,5,8,-3
213000306,104,38,66
213000307,287,128,159
213000308,234,274,-40
213000309,146,104,42
213000310,314,169,145
213000311,389,766,-377
213000315,137,132,5
213000316,214,101,113
213000322,114,148,-34
213000323,58,99,-41
213000324,42,19,23
213000325,17,56,-39
213000326,3,12,-9
213000327,7,16,-9
213000328,14,144,-130
213000329,85,27,58
213000340,183,816,-633
213000341,486,159,327
213000346,256,413,-157
213000347,916,844,72
213000348,16,170,-154
213000349,39,18,21
213000350,419,1299,-880
213000366,81,347,-266
213000367,212,43,169
213000379,192,69,123
213000386,22,332,-310
213000406,81,482,-401
213000417,1196,544,652
213000425,147,44,103
213000426,92,58,34
213000427,30,283,-253
213000428,57,233,-176
213000429,39,3,36
213000430,116,779,-663
213000431,203,2,201
213000432,3,27,-24
213000433,18,184,-166
213000434,70,132,-62
213000435,94,96,-2
213000436,30,66,-36
213000437,1,9,-8
213000438,100,54,46
213000439,141,15,126
213000440,13,291,-278
213000441,5,0,5
213000442,2,19,-17
213000443,571,342,229
213000444,43,33,10
213000445,0,65,-65
213000446,2,16,-14
213000447,5,63,-58
213000448,6,156,-150
213000449,296,11,285
213000450,27,61,-34
213000451,168,93,75
213000452,44,18,26
213000453,42,325,-283
213000455,623,2,621
213000456,2,371,-369
213000481,65,4,61
213000482,76,4,72
213000489,415,112,303
213000491,2,160,-158
213000492,409,1,408
213000493,0,85,-85
213000494,254,170,84
213000495,2,163,-161
213000496,357,200,157
213000497,102,281,-179
213000498,113,200,-87
213000499,195,624,-429
213000500,397,144,253
213000501,112,47,65
213000502,211,183,28
213000503,0,41,-41
213000504,8,99,-91
213000505,12,14,-2
213000506,0,10,-10
213000507,3,81,-78
213900244,22,0,22
213900245,0,57,-57
218000003,26,23,3
218000004,59,58,1
218000005,104,40,64
218000006,53,25,28
218000007,12,24,-12
218000012,240,220,20
218000013,103,158,-55
218000014,465,542,-77
218000019,867,717,150
218000020,260,522,-262
218000021,6,21,-15
218000022,7,16,-9
218000023,2,16,-14
218000024,1,6,-5
218000025,7,13,-6
218000026,5,26,-21
218000027,1,7,-6
218000028,1,5,-4
218000029,3,2,1
218000030,12,20,-8
218000031,3,28,-25
218000032,4,15,-11
218000040,8,6,2
218000046,67,100,-33
218000047,18,160,-142
218000048,62,154,-92
218000049,109,149,-40
218000050,291,329,-38
218000051,89,312,-223
218000052,0,106,-106
218000053,0,14,-14
218000054,20,29,-9
218000055,8,17,-9
218000056,9,21,-12
218000057,3,30,-27
218000064,3,16,-13
218000065,69,67,2
218000066,33,120,-87
218000067,41,110,-69
218000068,100,94,6
218000069,332,166,166
218000070,252,321,-69
218000071,200,188,12
218000072,261,229,32
218000078,966,1076,-110
218000079,102,93,9
218000080,102,120,-18
218000081,317,307,10
218000082,74,138,-64
218000083,75,78,-3
218000084,153,187,-34
218000085,172,423,-251
218000086,108,173,-65
218000087,189,174,15
218000090,23,278,-255
218000091,889,557,332
218000092,72,202,-130
218000093,66,74,-8
218000094,555,753,-198
218000099,295,800,-505
218000100,202,298,-96
218000101,382,158,224
218000102,368,307,61
218000103,79,192,-113
218000104,76,54,22
218000105,25,27,-2
218000106,11,17,-6
218000107,52,101,-49
218000108,9,45,-36
218000112,74,27,47
218000117,72,139,-67
218000134,507,768,-261
218000135,46,136,-90
218000136,180,95,85
218000137,234,180,54
218000138,21,109,-88
218000139,134,333,-199
218000140,324,276,48
218000141,99,45,54
218000142,259,179,80
218000143,92,277,-185
218000144,108,86,22
218000145,328,396,-68
218000146,58,213,-155
218000151,6,23,-17
218000152,167,50,117
218000153,6,6,0
218000154,22,2,20
218000155,13,0,13
218000156,42,9,33
218000157,12,6,6
218000158,3,7,-4
218000159,4,4,0
218000160,3,4,-1
218000161,20,2,18
218000162,27,4,23
218000163,14,4,10
218000164,20,7,13
218000165,68,17,51
218000170,16,66,-50
218000171,59,16,43
218000172,56,14,42
218000173,127,12,115
218000174,61,10,51
218000176,244,53,191
218000177,328,259,69
218000178,108,224,-116
218000179,108,134,-26
218000180,74,39,35
218000181,187,62,125
218000187,23,28,-5
218000188,33,53,-20
218000189,27,66,-39
218000190,34,18,16
218000191,138,66,72
218000192,170,248,-78
218000193,400,380,20
218000194,129,343,-214
218000195,136,89,47
218000196,341,333,8
218000197,309,344,-35
218000198,53,160,-107
218000199,64,28,36
218000200,86,45,41
218000201,11,14,-3
218000202,122,282,-160
218000207,21,97,-76
218000208,27,44,-17
218000211,80,11,69
218000212,2,7,-5
218000213,132,73,59
218000214,7,11,-4
218000215,69,57,12
218000217,1,159,-158
218000218,156,71,85
218000219,25,14,11
218000220,115,243,-128
218000221,864,255,609
218000222,37,47,-10
218000223,44,333,-289
218000224,20,136,-116
218000225,192,59,133
218000226,161,94,67
218000230,0,1,-1
218000232,23,84,-61
218000239,371,17,354
218000240,30,9,21
218000241,150,3,147
218000242,187,5,182
218000243,364,7,357
218000244,136,3,133
218000245,23,1,22
218000246,9,3,6
218000247,6,0,6
218000248,0,19,-19
218000249,6,0,6
218000250,2,2,0
218000251,11,32,-21
218000252,9,24,-15
218000253,5,31,-26
218000254,0,21,-21
218000255,2,34,-32
218000256,5,106,-101
218000267,684,1252,-568
218000268,30,62,-32
218000269,4,12,-8
218000270,96,68,28
218000271,26,81,-55
218000273,16,6,10
218000274,18,10,8
218000275,27,59,-32
218000276,11,52,-41
218000278,28,37,-9
218000279,75,71,4
218000280,12,71,-59
218000281,28,14,14
218000282,597,565,32
218000284,83,2,81
218000301,74,131,-57
218000302,103,73,30
218000303,61,71,-10
218000316,642,1123,-481
218000317,1024,1349,-325
218000318,606,1016,-410
218000319,1131,1269,-138
218000320,776,727,49
218000338,74,61,13
218000345,148,101,47
218000346,36,195,-159
218000459,54,274,-220
218000490,51,36,15
218000501,258,72,186
218000502,47,113,-66
218000503,127,32,95
218000504,194,37,157
218000505,85,250,-165
218000506,36,295,-259
218000508,31,7,24
218000510,198,16,182
218000520,137,113,24
218000521,7,68,-61
218000522,2,123,-121
218000523,173,27,146
218000524,47,263,-216
218000525,194,22,172
218000526,67,158,-91
218000529,83,175,-92
218000530,6,4,2
218000531,10,33,-23
218000532,39,26,13
218000534,163,30,133
218000537,25,65,-40
218000538,152,236,-84
218000540,358,78,280
218000543,113,61,52
218000544,49,106,-57
218000545,71,81,-10
218000546,43,69,-26
218000547,112,119,-7
218000548,166,84,82
218000549,482,351,131
218000550,355,322,33
218000551,183,822,-639
218000552,681,59,622
218000553,59,118,-59
218000554,27,40,-13
218000555,61,64,-3
218000556,196,313,-117
218000557,268,197,71
218000558,116,0,116
218000559,0,46,-46
218000560,0,23,-23
218000561,45,1,44
218000562,26,179,-153
218000563,222,22,200
218000564,10,137,-127
218000565,177,44,133
218000566,414,40,374
218000567,3,121,-118
218000568,25,4,21
218000569,14,166,-152
218000570,197,10,187
218000571,1,162,-161
218000572,171,6,165
218000573,25,176,-151
218000574,173,41,132
218000575,103,0,103
218000576,0,85,-85
218000577,112,3,109
218000578,2,86,-84
218000579,86,16,70
218000581,11,39,-28
218000582,59,0,59
218000583,10,0,10
218000584,0,33,-33
218000585,45,5,40
218000586,5,41,-36
218000587,6,3,3
218000588,0,3,-3
218000589,1,2,-1
218000590,7,1,6
218000591,6,3,3
218000592,79,2,77
218000593,122,4,118
218000594,3,0,3
218000596,0,0,0
218000597,1,0,1
218000598,38,1,37
218000599,60,0,60
218000600,49,2,47
218000601,0,0,0
218000602,3,30,-27
218000603,0,4,-4
218000604,32,0,32
218000605,0,234,-234
218000606,635,4,631
218000607,10,48,-38
218000608,67,28,39
218000609,6,64,-58
218000610,51,6,45
218000611,32,2,30
218000612,1,26,-25
218000613,24,0,24
218000614,2,38,-36
218000615,170,0,170
218000616,7,183,-176
218000617,29,1,28
218000618,1,26,-25
218000619,45,35,10
218000620,1,16,-15
218000621,0,3,-3
218000622,0,27,-27
218000623,513,4,509
218000624,25,28,-3
218000625,26,0,26
218000626,0,8,-8
218000628,145,61,84
218000631,68,19,49
218000632,2,136,-134
218000633,121,3,118
218000634,28,29,-1
218000635,12,12,0
218000636,978,1443,-465
218000637,914,604,310
218000638,157,40,117
218000639,22,180,-158
218000640,280,24,256
218000641,233,321,-88
218000652,48,77,-29
218000653,154,71,83
218000663,9,211,-202
218000675,135,64,71
218000676,0,8,-8
218000677,16,4,12
218000680,467,523,-56
218000681,509,140,369
218000691,198,327,-129
218000693,217,189,28
218000703,1,26,-25
218000718,760,1032,-272
218000719,1361,578,783
218000720,20,180,-160
218000721,177,15,162
218000725,6,6,0
218001147,4,242,-238
218001214,15,38,-23
218001258,248,9,239
218001329,210,155,55
218001330,174,135,39
218001351,34,23,11
218001352,11,21,-10
218001353,24,21,3
218001354,16,32,-16
218001355,30,364,-334
218001356,284,34,250
218001357,62,275,-213
218001358,349,33,316
218001361,198,11,187
218001362,0,165,-165
219000001,86,52,34
219000002,72,81,-9
219000003,58,38,20
219000004,50,48,2
219000017,126,22,104
219000020,245,217,28
219000022,169,21,148
219000023,628,13,615
219000029,0,74,-74
219000034,103,29,74
219000039,86,65,21
219000040,65,42,23
219000041,137,67,70
219000051,0,16,-16
219000052,0,11,-11
219000053,0,109,-109
219000054,32,91,-59
219000055,168,4,164
219000056,22,0,22
219000057,74,5,69
219000062,24,34,-10
219000063,83,5,78
219000064,5,122,-117
219000110,639,53,586
219000111,220,92,128
219000112,233,105,128
219000113,160,201,-41
219000114,376,542,-166
219000116,105,63,42
219000117,188,63,125
219000118,659,45,614
219000123,342,129,213
219000124,240,101,139
219000125,35,31,4
219000126,201,150,51
219000127,0,2,-2
219000128,5,108,-103
219000129,36,135,-99
219000130,514,491,23
219000131,789,1003,-214
219000133,128,39,89
219000134,25,26,-1
219000135,43,54,-11
219000136,112,278,-166
219000138,76,19,57
219000139,24,58,-34
219000140,50,0,50
219000141,20,160,-140
219000142,13,118,-105
219000143,23,103,-80
219000145,43,68,-25
219000146,3,25,-22
219000147,4,32,-28
219000148,4,44,-40
219000149,18,80,-62
219000150,0,76,-76
219000151,3,28,-25
219000157,336,186,150
219000158,237,253,-16
219000161,119,15,104
219000163,1480,661,819
219000166,164,181,-17
219000167,250,252,-2
219000168,340,235,105
219000174,518,184,334
219000175,79,3,76
219000176,104,12,92
219000177,49,5,44
219000178,35,5,30
219000179,30,8,22
219000180,40,33,7
219000182,131,23,108
219000183,116,40,76
219000184,115,6,109
219000185,1,66,-65
219000186,79,30,49
219000187,49,89,-40
219000189,139,192,-53
219000190,256,311,-55
219000191,1239,1224,15
219000192,189,219,-30
219000193,237,150,87
219000195,4,52,-48
219000196,14,126,-112
219000198,21,160,-139
219000199,79,346,-267
219000200,71,370,-299
219000201,92,324,-232
219000203,107,148,-41
219000204,510,285,225
219000205,172,176,-4
219000207,225,303,-78
219000209,14,84,-70
219000210,70,131,-61
219000213,33,125,-92
219000239,215,347,-132
219000240,324,381,-57
219000241,111,198,-87
219000242,87,193,-106
219000243,94,234,-140
219000244,51,89,-38
219000245,64,95,-31
219000246,109,41,68
219000247,168,24,144
219000248,781,341,440
219000249,214,137,77
219000250,153,106,47
219000251,609,257,352
219000252,230,212,18
219000253,495,94,401
219000255,192,109,83
219000256,491,93,398
219000257,153,0,153
219000262,442,190,252
219000263,99,172,-73
219000267,2,141,-139
219000268,1,4,-3
219000269,16,5,11
219000270,16,1,15
219000271,129,2,127
219000278,0,7,-7
219000279,8,2,6
219000283,1,28,-27
219000295,17,116,-99
219000296,97,703,-606
219000297,23,169,-146
219000298,32,177,-145
219000299,442,152,290
219000300,41,251,-210
219000301,257,509,-252
219000302,54,246,-192
219000307,89,62,27
219000308,51,107,-56
219000311,211,87,124
219000312,600,162,438
219000313,409,75,334
219000314,64,526,-462
219000315,264,115,149
219000316,588,68,520
219000317,91,17,74
219000320,1,67,-66
219000321,0,24,-24
219000323,1,96,-95
219000325,9,13,-4
219000326,55,88,-33
219000327,89,46,43
219000328,43,73,-30
219000329,323,146,177
219000330,50,27,23
219000331,95,44,51
219000332,132,78,54
219000333,23,9,14
219000335,58,3,55
219000337,34,0,34
219000338,83,0,83
219000344,103,81,22
219000345,76,111,-35
219000346,40,123,-83
219000348,160,106,54
219000349,88,157,-69
219000350,126,180,-54
219000351,10,7,3
219000352,355,81,274
219000353,75,56,19
219000354,205,168,37
219000355,233,102,131
219000356,1490,1478,12
219000363,277,68,209
219000364,113,58,55
219000365,132,31,101
219000366,285,450,-165
219000368,555,577,-22
219000370,1235,561,674
219000371,27,36,-9
219000382,20,25,-5
219000383,764,1050,-286
219000385,671,506,165
219000386,853,1364,-511
219000387,2,13,-11
219000390,5,2,3
219000391,4,4,0
219000397,100,92,8
219000398,106,99,7
219000401,10,165,-155
219000402,102,165,-63
219000403,202,395,-193
219000404,30,161,-131
219000407,12,34,-22
219000409,50,66,-16
219000410,194,54,140
219000411,104,29,75
219000446,229,461,-232
219000447,3,26,-23
219000448,31,9,22
219000452,129,89,40
219000453,93,137,-44
219000454,279,302,-23
219000556,310,88,222
219000558,354,216,138
219000590,47,164,-117
219000591,68,94,-26
219000592,128,387,-259
219000595,2,17,-15
219000635,398,81,317
219000636,23,137,-114
219000657,49,17,32
219000658,44,61,-17
219000673,0,28,-28
219000676,42,3,39
219000679,100,16,84
219000684,109,0,109
219000685,0,0,0
219000686,4,5,-1
219000688,1,84,-83
219000689,35,348,-313
219000690,143,19,124
219000691,47,274,-227
219000692,152,39,113
219000693,1,27,-26
219000694,6,0,6
219000695,38,1,37
219000698,14,0,14
219000699,0,27,-27
219000727,6,227,-221
219000728,382,2,380
219000770,66,0,66
219000771,0,26,-26
219000788,857,181,676
219001150,0,42,-42
219001151,109,47,62
219001166,36,29,7
219001167,1,172,-171
219001178,141,2,139
220000001,71,88,-17
220000002,11,135,-124
220000003,1094,294,800
220000004,1061,538,523
220000005,2059,1724,335
220000006,519,1057,-538
220000007,541,677,-136
220000008,461,1126,-665
220000009,303,463,-160
220000010,187,172,15
220000011,616,3098,-2482
220000012,83,306,-223
220000014,116,43,73
220000015,76,162,-86
220000017,35,277,-242
220000018,4127,2073,2054
220000019,107,320,-213
220000020,422,303,119
220000021,803,185,618
220000022,732,505,227
220000023,387,160,227
220000024,1632,434,1198
220000025,773,883,-110
220000026,364,283,81
220000027,70,97,-27
220000028,39,48,-9
220000029,110,224,-114
220000030,188,96,92
220000031,460,423,37
220000064,29,820,-791
221000046,10,0,10
221000047,0,2,-2
221000048,0,2,-2
221000049,0,13,-13
221000050,110,1,109
221000055,93,46,47
221000057,77,39,38
221000068,247,133,114
221000069,298,86,212
221000070,198,19,179
221000071,76,15,61
221000072,284,21,263
221000073,310,69,241
221000074,1,17,-16
221000075,16,28,-12
221000076,15,43,-28
221000077,34,136,-102
221000081,27,33,-6
221000082,49,20,29
221000083,58,17,41
221000084,24,6,18
221000085,140,86,54
221000086,22,121,-99
221000087,6,145,-139
221000088,17,210,-193
221000089,40,304,-264
221000090,134,548,-414
221000098,106,24,82
221000099,187,33,154
221000100,105,8,97
221000101,232,57,175
221000102,158,37,121
221000109,11,147,-136
221000110,9,144,-135
221000111,22,226,-204
221000112,10,189,-179
221000113,18,198,-180
221000114,18,161,-143
221000120,38,30,8
221000121,4,25,-21
221000122,62,27,35
221000123,21,22,-1
221000124,46,280,-234
221000155,95,9,86
221000156,114,33,81
221000175,34,6,28
221000176,1,6,-5
221000182,51,14,37
221000241,728,318,410
221000242,186,559,-373
221000243,653,208,445
221000244,287,573,-286
221000245,163,145,18
221000246,71,337,-266
221000247,99,147,-48
221000248,108,188,-80
221000267,79,648,-569
221000325,246,50,196
221000331,7,114,-107
221000338,10,19,-9
221000378,157,43,114
221000381,40,96,-56
222000282,17,1,16
222000296,9,18,-9
222000568,265,20,245
222000569,151,56,95
222000570,105,20,85
222000571,215,15,200
222000577,5,198,-193
222000578,42,184,-142
222000579,31,149,-118
222000580,115,1082,-967
222000599,1,169,-168
222000600,4,444,-440
222000601,11,1184,-1173
222000603,42,56,-14
222000604,7,51,-44
222000605,14,42,-28
222000606,2,16,-14
222000607,4,7,-3
222000608,29,11,18
222000609,70,295,-225
222000616,338,40,298
222000617,18,34,-16
222000618,4,2,2
222000620,22,10,12
222000621,103,8,95
222000623,590,12,578
222000624,335,1,334
222000625,582,44,538
222000636,51,0,51
222000686,35,20,15
222000687,70,34,36
222001066,208,2,206
222001067,13,4,9
222001068,20,22,-2
222001069,40,26,14
222001082,12,61,-49
222001083,10,73,-63
222001084,0,58,-58
222001085,1,136,-135
222001111,41,156,-115
222001112,98,22,76
222001313,29,8,21
222001314,5,153,-148
222001464,168,67,101
222001465,23,164,-141
222001484,117,48,69
222001485,19,63,-44
222001494,418,147,271
222001495,194,323,-129
222001496,402,131,271
222001497,254,549,-295
222001502,20,114,-94
222001503,115,64,51
222001504,23,324,-301
222001505,384,23,361
222001506,57,389,-332
222001507,287,37,250
222001510,354,41,313
222001511,65,420,-355
222001514,480,191,289
222001515,244,605,-361
222001518,274,94,180
222001519,66,270,-204
222001527,215,105,110
222001528,85,209,-124
222001529,202,48,154
222001530,51,192,-141
222001533,193,262,-69
222001534,254,122,132
222001535,277,362,-85
222001536,195,326,-131
222001537,392,63,329
222001538,95,424,-329
222001563,653,102,551
222001564,71,623,-552
222001568,578,159,419
222001576,0,2,-2
222001579,1,8,-7
222001583,8,159,-151
222001584,64,40,24
222001596,744,1190,-446
222001597,2125,297,1828
222001626,0,239,-239
222001650,200,123,77
222001651,107,117,-10
222001914,200,93,107
222001915,63,244,-181
222001968,491,373,118
222001969,564,849,-285
222001970,180,231,-51
222001971,26,11,15
222001972,0,27,-27
225000001,487,233,254
225000002,841,178,663
225000003,907,116,791
225000004,301,319,-18
225000005,111,58,53
225000006,0,250,-250
225000007,2114,1583,531
225000010,314,12,302
225000011,357,850,-493
225000012,252,503,-251
225000013,67,133,-66
225000014,644,79,565
225000015,78,163,-85
225000021,692,234,458
225000027,230,626,-396
225000032,648,182,466
225000042,77,732,-655
225000049,65,77,-12
225000050,74,21,53
225000053,6,321,-315
225000058,550,168,382
225000067,341,149,192
225000068,139,375,-236
225000069,197,504,-307
225000070,134,424,-290
225000071,52,184,-132
225000075,33,1027,-994
225000076,112,148,-36
225000078,85,107,-22
225000085,52,181,-129
225000086,230,84,146
225000087,306,21,285
225000088,4,177,-173
225000089,353,990,-637
225000090,35,496,-461
225000091,190,199,-9
225000092,54,92,-38
225000093,351,305,46
225000094,23,276,-253
225000095,345,389,-44
225000096,387,567,-180
225000098,606,338,268
225000099,362,227,135
225000100,281,215,66
225000104,103,441,-338
225000110,22,400,-378
225000111,236,1091,-855
225000112,416,1281,-865
225000113,229,580,-351
225000114,70,303,-233
225000115,1941,643,1298
225000116,1138,306,832
225000117,890,266,624
225000118,838,262,576
225000119,209,87,122
225000120,1141,67,1074
225000121,258,39,219
225000123,513,52,461
225000125,341,194,147
225000126,927,195,732
225000127,693,1000,-307
225000128,520,736,-216
225000132,305,53,252
225000133,306,49,257
225000134,651,167,484
225000135,59,12,47
225000136,249,23,226
225000137,365,67,298
225000138,371,58,313
225000143,67,379,-312
225000144,5,493,-488
225000145,133,44,89
225000146,121,123,-2
225000147,55,313,-258
225000148,23,251,-228
225000149,130,496,-366
225000151,36,256,-220
225000155,398,584,-186
225000156,200,995,-795
225000157,245,394,-149
225000158,74,344,-270
225000171,7,215,-208
225000180,27,1,26
225000181,0,74,-74
225000182,96,40,56
225000185,12,401,-389
225000187,125,320,-195
225000191,98,1,97
225000194,0,18,-18
225000208,1,61,-60
225000209,97,31,66
225000210,9,257,-248
225000217,1,21,-20
225000218,53,6,47
225000223,0,93,-93
225000224,133,1,132
225000225,0,70,-70
225000226,37,4,33
225000227,42,157,-115
225000228,14,43,-29
225000229,0,98,-98
225000230,186,0,186
225000231,0,107,-107
225000232,335,0,335
225000241,126,2,124
225000242,2,77,-75
225000249,65,0,65
225000250,55,911,-856
225000251,385,45,340
226000042,397,563,-166
226000043,70,332,-262
226000044,132,656,-524
226000045,69,492,-423
226000046,340,209,131
226000047,398,169,229
226000048,419,138,281
226000049,273,322,-49
226000070,1,64,-63
226000071,0,57,-57
226000072,0,9,-9
226000073,1,5,-4
226000074,0,10,-10
226000084,5,99,-94
226000085,4,13,-9
226000086,9,19,-10
226000087,18,20,-2
226000088,40,18,22
226000090,161,93,68
226000091,15,29,-14
226000092,34,4,30
226000093,31,1,30
226000094,20,0,20
226000095,52,19,33
226000105,48,0,48
226000106,7,0,7
226000107,10,0,10
226000108,46,0,46
226000109,85,0,85
226000124,89,63,26
226000134,609,498,111
226000135,1144,521,623
226000136,764,380,384
226000137,24,425,-401
226000138,8,261,-253
226000139,8,24,-16
226000156,125,2,123
226000157,717,8,709
226000163,78,70,8
226000202,35,370,-335
226000231,415,20,395
226000232,90,17,73
227000033,290,104,186
227000036,321,36,285
227000037,304,34,270
227000038,236,41,195
227000049,1,30,-29
227000050,1,62,-61
227000055,126,3,123
227000056,34,0,34
227000084,7,121,-114
227000085,3,69,-66
227000088,69,5,64
227000089,148,1,147
227000090,54,2,52
227000091,20,1,19
227000093,110,0,110
227000094,38,0,38
227000130,42,78,-36
227000131,87,269,-182
227000132,29,253,-224
227000133,29,281,-252
227000134,25,464,-439
227000152,0,6,-6
227000153,0,73,-73
227000155,0,21,-21
227000156,0,16,-16
227000165,8,41,-33
227000196,306,222,84
227000199,334,571,-237
227000230,18,466,-448
227000232,538,25,513
227000242,68,561,-493
227000243,449,88,361
227000245,30,445,-415
227000246,127,611,-484
227000247,275,106,169
227000248,334,43,291
227000249,47,268,-221
227000250,571,161,410
227000251,196,293,-97
227000252,32,403,-371
227000253,108,41,67
227000262,293,43,250
227000266,1051,24,1027
227000267,61,1784,-1723
227000282,2,210,-208
227000284,553,21,532
227000286,2,74,-72
227000287,6,110,-104
227000291,13,593,-580
227000484,331,5,326
227000485,20,885,-865
227000655,152,29,123
227000656,573,36,537
227000657,193,22,171
227000661,442,20,422
227000680,245,38,207
229000265,28,38,-10
229000296,26,6,20
229000297,6,26,-20
229000298,8,104,-96
229000320,13,8,5
229000321,68,13,55
229000412,9,38,-29
229000414,10,45,-35
229000415,44,0,44
229000416,1,4,-3
229000417,3,12,-9
229000419,102,251,-149
229000440,432,84,348
229000442,12,2,10
229000443,4,5,-1
229000444,2,10,-8
229000445,70,2,68
229000446,54,18,36
229000491,0,9,-9
229000492,5,48,-43
229000493,2,32,-30
229000494,53,0,53
229000495,76,4,72
229000496,31,2,29
229000507,0,15,-15
229000508,0,7,-7
229000509,1,20,-19
229000510,0,10,-10
229000511,2,14,-12
229000512,0,11,-11
229000513,0,3,-3
229000514,0,1,-1
229000517,0,3,-3
229000518,8,10,-2
229000519,1,6,-5
229000520,5,14,-9
229000521,50,11,39
229000522,7,6,1
229000523,13,3,10
229000524,2,3,-1
229000527,2,0,2
229000528,0,0,0
229000529,0,0,0
229000530,15,1,14
229000531,11,0,11
229000532,6,0,6
229000533,35,1,34
229000534,27,2,25
229000564,16,0,16
229000565,4,0,4
229000566,0,2,-2
229000567,0,9,-9
229000582,23,0,23
229000583,1,0,1
229000584,0,9,-9
229000585,0,17,-17
229000718,0,0,0
229000719,0,0,0
229000720,0,0,0
229000721,0,0,0
229000722,0,1,-1
229000723,0,1,-1
229000724,0,0,0
229000725,0,0,0
229000738,1,0,1
229000739,0,0,0
229000740,1,0,1
229000741,4,0,4
229000742,0,0,0
229000743,4,0,4
229000744,0,0,0
229000745,0,0,0
229000746,5,0,5
229000847,75,1,74
229000848,43,0,43
229000849,112,2,110
229000851,31,0,31
229000854,0,33,-33
229000856,1,133,-132
229000857,0,60,-60
229000858,0,98,-98
229000919,18,175,-157
229000930,2,370,-368
229000937,133,10,123
229000966,44,12,32
229000981,26,60,-34
229000985,4,17,-13
229000986,0,9,-9
229000987,0,0,0
229000988,1,8,-7
229000989,5,14,-9
229000990,10,3,7
229000991,4,3,1
229000992,8,23,-15
229000993,194,28,166
229000998,6,59,-53
229000999,49,12,37
229001034,0,11,-11
229001035,16,6,10
229001037,59,4,55
229001042,8,11,-3
229001047,9,29,-20
229001050,22,45,-23
229001168,0,0,0
229001200,7,5,2
229001338,0,31,-31
229001394,205,5,200
229001422,152,30,122
229001423,43,225,-182
229001431,74,66,8
229001432,71,118,-47
229001444,212,34,178
229001445,14,143,-129
229001479,16,7,9
229001503,213,113,100
229001504,162,240,-78
229001505,106,91,15
229001506,120,280,-160
229001509,49,23,26
229001545,99,7,92
229001546,19,169,-150
229001553,88,13,75
229001554,97,142,-45
229001559,3,23,-20
229001560,16,38,-22
229001630,92,9,83
229001631,12,20,-8
229001635,0,5,-5
229001636,3,1,2
229001658,2,179,-177
229001659,118,6,112
229001660,4,6,-2
229001661,15,20,-5
229001662,20,0,20
229001663,0,21,-21
229002584,173,173,0
229002831,103,109,-6
229002841,8,7,1
229002842,12,37,-25
229002843,78,19,59
229002844,15,35,-20
229002845,4,46,-42
229002846,53,18,35
229002847,3,15,-12
229002848,25,14,11
229002849,14,54,-40
229002850,21,0,21
229002851,38,64,-26
229002852,150,31,119
229002853,93,19,74
229002854,29,36,-7
229002855,5,14,-9
229002856,19,14,5
229002857,10,36,-26
229002858,18,12,6
229002859,18,22,-4
229002860,136,15,121
229002861,97,39,58
229002862,65,21,44
229002863,15,22,-7
229002864,58,30,28
229002865,28,7,21
229002866,18,18,0
229002867,7,20,-13
229002868,17,14,3
229002869,7,135,-128
229002870,31,15,16
235000066,472,77,395
235000067,95,106,-11
235000072,10,121,-111
235000073,89,594,-505
235000074,60,79,-19
235000080,19,92,-73
235000081,105,106,-1
235000082,238,141,97
235000083,137,167,-30
235000084,64,78,-14
235000085,136,58,78
235000089,83,45,38
235000092,65,297,-232
235000093,11,4,7
235000097,3,17,-14
235000098,67,24,43
235000099,83,28,55
235000116,80,42,38
235000117,717,19,698
235000133,8,507,-499
235000134,15,196,-181
235000206,11,1,10
235000207,5,1,4
235000208,5,2,3
235000209,5,5,0
235000210,20,1,19
235000212,1,20,-19
235000213,14,7,7
235000220,2,2,0
235000221,61,10,51
235000238,5,63,-58
235000239,1,25,-24
235000242,267,530,-263
235000245,691,182,509
235000246,22,59,-37
235000284,6,107,-101
235000295,180,10,170
235000305,376,20,356
235000306,178,11,167
235000307,26,8,18
235000308,19,2,17
235000309,57,0,57
235000310,31,1,30
235000311,147,23,124
235000322,0,30,-30
235000323,0,82,-82
235000324,0,18,-18
235000325,2,9,-7
235000326,20,186,-166
235000351,4,44,-40
235000352,8,55,-47
235000353,3,21,-18
235000354,7,53,-46
235000355,6,45,-39
235000356,95,6,89
235000357,18,8,10
235000358,101,6,95
235000359,15,3,12
235000360,63,6,57
235000361,73,2,71
235000381,61,211,-150
235000382,202,52,150
235000390,17,11,6
235000391,99,39,60
235000392,232,385,-153
235000393,132,218,-86
235000395,78,77,1
235000396,409,151,258
235000400,81,156,-75
235000401,45,133,-88
235000405,82,282,-200
235000406,36,256,-220
235000407,110,99,11
235000409,359,112,247
235000410,17,195,-178
235000411,0,74,-74
235000485,1,9,-8
235000486,3,0,3
235000549,298,72,226
235000550,101,164,-63
235000599,115,48,67
235000600,7,20,-13
235000601,7,26,-19
235000602,103,87,16
235000614,5,0,5
235000648,1,29,-28
235000649,63,4,59
235000685,0,7,-7
235000815,9,31,-22
235000834,0,12,-12
235000855,273,97,176
235000862,70,171,-101
235000891,0,11,-11
235000892,26,16,10
235000901,458,84,374
235000907,2,12,-10
235001010,216,70,146
235001029,563,355,208
235001030,316,304,12
235001078,74,155,-81
235001079,67,111,-44
235001147,29,92,-63
235001166,45,72,-27
235001167,35,64,-29
235001169,36,294,-258
235001188,1,11,-10
235001189,2,1,1
235001197,17,38,-21
235001200,43,48,-5
235001207,371,108,263
235001210,117,210,-93
235001215,33,218,-185
235001239,4,66,-62
235001244,1,8,-7
235016267,1,84,-83
277101746,0,1,-1
277102712,0,0,0
277103813,0,0,0
277103814,0,0,0
277103898,0,0,0
277104249,0,5,-5
277104250,0,1,-1
277104251,0,8,-8
277104252,0,0,0
990011530,2,193,-191
990014944,2,652,-650
990015176,56,0,56
990015618,0,80,-80
990016032,1,322,-321
990032570,0,39,-39
990070001,91,2,89
990070103,0,2,-2
990070601,0,32,-32
990070751,650,3,647
990070766,2,477,-475
990071180,486,237,249
990071343,39,3,36
990071387,2,23,-21
990071823,459,9,450
990072600,10,909,-899
990072964,1,387,-386
990073285,0,3,-3
990074393,1,857,-856
990074870,1201,4,1197
990075106,1445,9,1436
990075746,476,5,471
990076437,1051,4,1047
990076458,17,865,-848
997000007,715,8,707
997000041,0,288,-288
997000058,51,0,51
997000062,45,1,44
997000069,0,4,-4
997000070,0,25,-25
997000100,18,0,18
997000141,3,1106,-1103
997000198,541,821,-280
998000475,0,42,-42
998000736,0,199,-199
998000965,1,15,-14
998001031,0,72,-72
998001700,0,22,-22
998001899,0,1,-1
998001900,8,4,4
998003073,1017,11,1006
998101900,0,0,0
998102850,0,168,-168
998501927,1146,699,447
998501929,115,9,106
998501930,62,3,59
998501931,128,0,128
998501932,6,2,4
998501933,47,1,46
998501937,16,1,15
998501944,8,0,8
998501950,0,3,-3
998501970,93,4,89
998501971,0,84,-84
998501973,1,58,-57
998501974,3,297,-294
998501975,279,4,275
998501976,200,1,199
998501977,1,40,-39
998501978,10,0,10
998501979,0,10,-10
998501980,67,2,65
998501981,43,2,41
998501982,1,74,-73
998501983,2,1,1
998502006,0,0,0
998502024,0,8,-8
998502032,0,2,-2
998502062,34,1,33
998502063,0,0,0
998502173,58,0,58
998502269,1,4,-3
998502546,3,174,-171
998502578,6,9,-3
998502599,71,329,-258
998502621,1,2,-1
998601159,0,169,-169
998601292,0,32,-32
999033574,3,469,-466
999800001,60,3,57
999800002,0,1,-1
999800003,1,2,-1
999800004,0,3,-3
999800005,0,29,-29
