ID,insum,outsum,diff
100000001,1113,418,695
100000002,3975,6969,-2994
100000003,3994,4783,-789
100000004,217,1206,-989
100000005,3581,3608,-27
100000006,454,1267,-813
100000007,2204,1608,596
100000008,97,1071,-974
100000009,277,2506,-2229
100000010,21,597,-576
100000011,463,124,339
100000012,29,299,-270
100000013,2,235,-233
100000014,56,2549,-2493
100000015,962,1796,-834
100000016,210,2473,-2263
100000017,157,3590,-3433
100000018,976,787,189
100000019,2477,2504,-27
100000020,1135,5021,-3886
100000021,6775,1470,5305
100000022,604,4103,-3499
100000023,4556,1369,3187
100000025,440,1321,-881
100000028,263,2339,-2076
100000029,36,893,-857
100000030,36,8,28
100000031,1414,6638,-5224
100000032,1586,4758,-3172
100000033,1233,3781,-2548
100000034,100,1705,-1605
100000035,678,1266,-588
100000036,594,2066,-1472
100000037,895,341,554
100000038,3209,796,2413
100000039,129,332,-203
100000040,916,151,765
100000041,2058,357,1701
100000042,1439,291,1148
100000043,697,148,549
100000044,102,264,-162
100000045,171,305,-134
100000046,218,266,-48
100000047,134,199,-65
100000048,162,500,-338
100000049,1039,853,186
100000051,655,495,160
100000053,57,4,53
100000054,317,25,292
100000055,676,136,540
100000056,338,320,18
100000057,2555,334,2221
100000058,945,407,538
100000059,38,246,-208
100000060,1119,412,707
100000061,2847,612,2235
100000062,2040,826,1214
100000063,1322,386,936
100000064,1873,592,1281
100000065,314,398,-84
100000066,232,418,-186
100000067,175,517,-342
100000068,291,1200,-909
100000069,267,930,-663
100000072,192,417,-225
100000073,1060,733,327
100000075,884,144,740
100000076,1428,9501,-8073
100000077,60,507,-447
100000078,1,27,-26
100000079,14,95,-81
100000080,3,55,-52
100000081,13,41,-28
100000102,2106,4860,-2754
100000103,965,3542,-2577
100000104,2743,3353,-610
100000105,1326,1978,-652
100000106,586,3427,-2841
100000107,80,1159,-1079
100000108,109,850,-741
100000109,391,1200,-809
100000116,188,455,-267
100000117,35,91,-56
100000118,615,1027,-412
100000119,791,821,-30
100000121,201,454,-253
100000122,398,2149,-1751
100000123,784,1984,-1200
100000124,1831,2412,-581
100000125,6983,2014,4969
100000126,356,643,-287
100000127,1388,803,585
100000128,343,2752,-2409
100000129,351,863,-512
100000130,971,214,757
100000131,628,1006,-378
100000132,982,921,61
100000133,1124,635,489
100000135,596,712,-116
100000139,139,477,-338
100000140,128,65,63
100000142,675,591,84
100000143,1423,288,1135
100000144,1143,215,928
100000147,1430,4470,-3040
100000150,160,358,-198
100000151,238,1676,-1438
100000153,20,420,-400
100000154,11,438,-427
100000155,0,63,-63
100000156,46,108,-62
100000157,160,173,-13
100000158,124,142,-18
100000159,89,1220,-1131
100000165,776,441,335
100000169,10,2496,-2486
100000174,431,1184,-753
100000179,92,798,-706
100000180,757,2653,-1896
100000181,296,189,107
100000188,93,66,27
100000189,1005,319,686
100000190,389,1288,-899
100000191,796,473,323
100000192,5,177,-172
100000193,283,131,152
100000330,737,894,-157
100000355,167,335,-168
100000362,1430,445,985
100000363,6373,7491,-1118
100000364,76,108,-32
100000365,4738,6808,-2070
100000366,1192,593,599
100000367,4677,4857,-180
100000368,1776,1459,317
100000369,579,2067,-1488
100000370,103,1087,-984
100000376,30,539,-509
100000379,603,4217,-3614
100000380,2449,7702,-5253
100000384,4042,5721,-1679
100000385,1046,4776,-3730
100000386,1100,6359,-5259
100000387,2829,7470,-4641
100000388,1380,3903,-2523
100000389,3866,5943,-2077
100000390,1852,1969,-117
100000391,1791,5730,-3939
100000392,372,1622,-1250
100000393,526,3501,-2975
100000394,1246,3792,-2546
100000395,547,3656,-3109
100000396,582,1578,-996
100000397,1315,5383,-4068
100000398,4563,2878,1685
100000413,0,0,0
100000414,276,1851,-1575
100900002,26,16,10
100900003,696,350,346
100900004,8,217,-209
100900005,225,14,211
100900006,29,35,-6
100900007,243,1,242
100900008,0,161,-161
100900009,5,18,-13
100900010,40,1,39
100900011,79,64,15
100900012,0,56,-56
100900013,901,10,891
100900014,3,0,3
100900015,36,20,16
100900016,0,15,-15
100900017,1413,53,1360
100900018,2,28,-26
100900019,32,84,-52
100900020,505,1,504
100900021,494,0,494
100900022,8,4,4
100900023,2,71,-69
100900024,394,0,394
100900025,40,1,39
100900026,130,102,28
100900027,212,2587,-2375
100900028,98,391,-293
100900029,72,3,69
100900030,7,146,-139
100900031,1268,48,1220
100900032,499,0,499
100900033,83,431,-348
100900034,2043,2,2041
100900035,154,0,154
100900036,98,0,98
100900037,109,49,60
100900038,30,26,4
100900039,215,154,61
100900040,696,502,194
100900041,1605,121,1484
100900042,442,2782,-2340
100900043,0,27,-27
100900044,826,740,86
100900045,19,0,19
100900046,1232,1,1231
100900047,589,89,500
100900048,57,2,55
100900049,147,61,86
100900050,7,6,1
100900051,7,112,-105
100900052,254,3,251
100900053,703,43,660
100900054,25,50,-25
100900055,309,1321,-1012
100900056,29,59,-30
100900057,1606,338,1268
100900058,105,17,88
100900059,222,0,222
100900060,296,7,289
100900061,135,172,-37
100900062,0,4,-4
100900063,422,1368,-946
100900064,567,9,558
100900065,13,169,-156
100900066,133,56,77
100900067,58,1,57
100900068,176,558,-382
100900069,67,3,64
100900070,793,2,791
100900071,176,57,119
100900072,0,60,-60
100900073,139,81,58
100900074,0,13,-13
100900075,1081,74,1007
100900076,1,6,-5
100900077,149,15,134
100900078,76,161,-85
100900079,0,20,-20
100900080,169,127,42
100900081,10,90,-80
100900082,307,60,247
100900083,3,16,-13
100900085,2,397,-395
100900086,11,302,-291
100900088,309,117,192
100900089,0,7,-7
100900090,56,1017,-961
100900091,7,22,-15
100900092,70,117,-47
100900093,455,697,-242
100900094,484,52,432
100900095,14,40,-26
100900096,21,117,-96
100900097,17,0,17
100900098,16,8,8
100900099,1,242,-241
100900100,7,129,-122
100900101,319,20,299
100900102,7,73,-66
100900103,0,35,-35
100900104,2,96,-94
100900105,3,319,-316
100900106,7,4,3
100900107,1740,652,1088
100900108,1,14,-13
100900109,22,33,-11
100900110,0,9,-9
100900111,24,163,-139
100900112,0,40,-40
100900113,7,6,1
100900114,22,28,-6
100900115,16,85,-69
100900116,960,400,560
100900117,249,1021,-772
100900118,31,20,11
100900119,2,38,-36
100900120,45,11,34
100900121,415,181,234
100900122,14,47,-33
100900123,208,42,166
100900124,2,3,-1
100900125,3,15,-12
100900126,705,451,254
100900127,1,0,1
100900128,35,403,-368
100900129,0,200,-200
100900131,5,46,-41
100900133,97,31,66
100900134,23,12,11
100900135,0,287,-287
100900137,214,112,102
100900138,920,299,621
100900139,0,49,-49
100900140,2,53,-51
100900141,2,301,-299
100900142,2,5,-3
100900143,213,634,-421
100900144,0,2,-2
100900145,33,1042,-1009
100900146,3,13,-10
100900147,3,1641,-1638
100900148,126,92,34
100900149,16,646,-630
100900150,0,43,-43
100900151,48,266,-218
100900152,219,0,219
100900153,0,227,-227
100900154,0,124,-124
100900155,14,1,13
100900156,24,1,23
100900157,4,482,-478
100900159,3,32,-29
100900160,31,0,31
100900161,31,1,30
100900162,5,335,-330
100900163,42,42,0
100900164,142,17,125
100900165,26,19,7
100900166,18,0,18
100900167,21,21,0
100900168,3,144,-141
100900169,12,413,-401
100900170,23,6,17
100900171,3,469,-466
100900172,2,100,-98
100900173,13,53,-40
100900174,19,11,8
100900176,935,142,793
100900177,196,129,67
100900178,170,147,23
100900179,162,168,-6
100900180,0,5,-5
100900181,24,13,11
100900182,65,26,39
100900184,76,227,-151
100900186,550,264,286
100900187,24,27,-3
100900188,11,7,4
100900189,2367,260,2107
100900191,340,903,-563
100900192,59,174,-115
100900195,31,385,-354
100900197,53,56,-3
100900198,10,18,-8
100900199,4,0,4
100900200,387,113,274
100900201,29,821,-792
100900202,44,0,44
100900203,1,69,-68
100900204,20,257,-237
100900205,92,451,-359
100900206,224,286,-62
100900207,461,105,356
100900210,97,46,51
100900211,499,60,439
100900213,61,26,35
100900214,193,146,47
100900215,31,19,12
100900217,63,83,-20
101000001,1790,2276,-486
101000002,5901,7380,-1479
101000003,358,864,-506
101000004,746,5234,-4488
101000005,3530,6362,-2832
101000006,2000,8799,-6799
101000007,1567,2554,-987
101000008,6649,2501,4148
101000009,2345,940,1405
101000010,1037,692,345
101000011,1079,349,730
101000012,232,431,-199
101000013,338,1321,-983
101000014,344,263,81
101000015,2478,1234,1244
101000016,176,510,-334
101000017,242,354,-112
101000018,2073,5405,-3332
101000020,1529,1425,104
101000021,445,709,-264
101000022,82,287,-205
101000023,674,777,-103
101000025,81,216,-135
101000026,600,47,553
101000027,1195,1981,-786
101000028,953,231,722
101000029,19,803,-784
101000030,661,103,558
101000031,59,522,-463
101000032,1875,3357,-1482
101000033,976,4557,-3581
101000034,523,1990,-1467
101000035,807,316,491
101000036,274,2106,-1832
101000037,452,3692,-3240
101000039,1824,2785,-961
101000040,2111,6343,-4232
101000041,1309,5062,-3753
101000042,55,793,-738
101000043,2428,5066,-2638
101000045,209,674,-465
101000046,767,1717,-950
101000047,617,3585,-2968
101000048,324,273,51
101000049,474,1904,-1430
101000050,242,1652,-1410
101000051,541,1385,-844
101000052,1500,1279,221
101000053,240,990,-750
101000054,1233,541,692
101000055,962,1191,-229
101000056,3,118,-115
101000057,636,3042,-2406
101000058,545,1900,-1355
101000059,2040,3494,-1454
101000060,1848,1180,668
101000061,231,2136,-1905
101000062,513,891,-378
101000063,117,1269,-1152
101000064,127,1502,-1375
101000065,85,889,-804
101000066,183,1248,-1065
101000067,202,686,-484
101000068,81,232,-151
101000069,109,20,89
101000070,302,555,-253
101000071,2490,939,1551
101000072,416,1710,-1294
101000073,372,851,-479
101000074,1145,2097,-952
101000075,1399,2155,-756
101000077,968,1951,-983
101000078,314,505,-191
101000079,642,757,-115
101000080,788,604,184
101000081,1185,1329,-144
101000082,1166,1207,-41
101000083,2716,1994,722
101000084,857,432,425
101000085,1561,817,744
101000086,791,544,247
101000087,581,558,23
101000088,1787,934,853
101000089,1170,1610,-440
101000090,928,396,532
101000091,484,335,149
101000092,2283,411,1872
101000093,1538,454,1084
101000094,544,594,-50
101000095,584,486,98
101000096,848,246,602
101000097,440,346,94
101000098,317,324,-7
101000099,263,819,-556
101000100,660,876,-216
101000101,175,859,-684
101000102,348,987,-639
101000103,303,711,-408
101000104,220,516,-296
101000105,190,406,-216
101000106,152,1616,-1464
101000107,244,575,-331
101000108,470,87,383
101000109,983,151,832
101000110,33,112,-79
101000111,46,121,-75
101000113,279,1688,-1409
101000114,2110,5968,-3858
101000115,5,27,-22
101000116,8,59,-51
101000117,912,244,668
101000119,7,71,-64
101000120,44,135,-91
101000121,41,21,20
101000122,35,108,-73
101000123,15,99,-84
101000124,507,499,8
101000125,187,51,136
101000128,200,1311,-1111
101000130,241,425,-184
101000131,2084,301,1783
101000132,814,401,413
101000135,3,43,-40
101000136,48,130,-82
101000137,6,454,-448
101000141,618,4014,-3396
101000147,1433,419,1014
101000148,1280,15,1265
101000149,18,121,-103
101000150,129,203,-74
101000151,634,35,599
101000152,324,279,45
101000153,293,94,199
101000154,633,381,252
101000155,660,244,416
101000156,17,934,-917
101000157,15,96,-81
101000160,1,19,-18
101000163,44,489,-445
101000164,264,49,215
101000165,180,403,-223
101000166,118,195,-77
101000168,1216,178,1038
101000252,2786,484,2302
101000254,31,41,-10
101000258,77,5,72
101000261,59,63,-4
101000262,1052,5917,-4865
101000263,205,1008,-803
101000265,77,583,-506
101000266,311,186,125
101000269,7,38,-31
101000290,245,3196,-2951
101000293,2,25,-23
101000294,399,351,48
101000295,355,116,239
101000301,210,654,-444
101000304,2010,3792,-1782
101000305,2836,1375,1461
101000328,179,1303,-1124
101900001,18,35,-17
101900002,0,2,-2
101900003,36,132,-96
101900004,0,167,-167
101900005,860,3815,-2955
101900006,1075,308,767
101900007,316,61,255
101900008,68,289,-221
101900009,6,497,-491
101900010,799,536,263
101900011,19,1337,-1318
101900012,312,72,240
101900013,314,79,235
101900017,11,93,-82
101900018,1322,233,1089
101900019,175,182,-7
101900020,138,46,92
101900021,1,17,-16
101900022,199,1073,-874
101900023,170,198,-28
101900026,159,21,138
101900027,36,84,-48
102000001,2156,5646,-3490
102000002,734,902,-168
102000003,1932,4696,-2764
102000004,3197,2924,273
102000005,1309,3235,-1926
102000006,2075,1703,372
102000007,1604,3985,-2381
102000008,2605,1304,1301
102000009,7150,8257,-1107
102000010,3569,2147,1422
102000011,5871,5551,320
102000012,7374,3149,4225
102000018,1824,3095,-1271
102000019,2831,1755,1076
102000026,420,379,41
102000029,323,190,133
102000030,102,390,-288
102000031,124,107,17
102000032,707,351,356
102000033,638,269,369
102000034,376,248,128
102000035,692,362,330
102000036,27,194,-167
102000038,36,31,5
102000039,79,96,-17
102000040,199,122,77
102000041,55,348,-293
102000042,43,205,-162
102000043,90,239,-149
102000044,421,1010,-589
102000045,885,647,238
102000046,1313,777,536
102000047,1345,514,831
102000048,520,348,172
102000049,920,711,209
102000050,1477,860,617
102000051,296,464,-168
102000052,1282,920,362
102000053,629,633,-4
102000054,791,691,100
102000055,1245,152,1093
102000056,1972,263,1709
102000057,2038,505,1533
102000058,758,603,155
102000059,724,635,89
102000060,753,788,-35
102000061,1946,1148,798
102000062,2506,849,1657
102000063,1040,1408,-368
102000064,583,677,-94
102000065,19,104,-85
102000066,729,431,298
102000067,4321,3569,752
102000068,6880,3410,3470
102000069,69,2049,-1980
102000070,2043,52,1991
102000071,5616,12399,-6783
102000072,2417,3440,-1023
102000073,533,382,151
102000074,585,467,118
102000075,202,109,93
102000076,553,214,339
102000077,723,722,1
102000078,1214,268,946
102000079,189,49,140
102000080,76,50,26
102000081,191,505,-314
102000082,1423,862,561
102000083,994,121,873
102000084,795,125,670
102000085,1367,550,817
102000086,1460,566,894
102000087,498,1025,-527
102000088,489,152,337
102000089,1691,176,1515
102000090,201,1187,-986
102000091,1046,761,285
102000092,312,591,-279
102000093,1192,617,575
102000094,517,184,333
102000095,460,612,-152
102000096,316,215,101
102000097,411,345,66
102000098,287,269,18
102000099,595,559,36
102000100,157,437,-280
102000101,247,291,-44
102000102,142,1165,-1023
102000103,3361,400,2961
102000104,445,304,141
102000105,252,277,-25
102000106,1049,381,668
102000107,1422,336,1086
102000108,679,544,135
102000109,1548,926,622
102000110,881,169,712
102000111,1002,898,104
102000112,111,199,-88
102000113,3,107,-104
102000114,1974,1374,600
102000115,179,461,-282
102000116,207,677,-470
102000117,34,786,-752
102000118,864,2185,-1321
102000119,558,972,-414
102000120,378,389,-11
102000121,947,412,535
102000122,553,715,-162
102000123,1261,435,826
102000124,1449,1050,399
102000125,429,437,-8
102000126,573,741,-168
102000127,1032,707,325
102000128,844,765,79
102000129,1342,557,785
102000130,746,752,-6
102000131,711,529,182
102000132,346,692,-346
102000133,4338,2338,2000
102000134,1530,591,939
102000135,561,667,-106
102000136,734,503,231
102000137,360,272,88
102000138,322,70,252
102000139,70,275,-205
102000140,200,316,-116
102000141,276,484,-208
102000142,341,173,168
102000143,338,88,250
102000144,468,69,399
102000145,344,148,196
102000146,685,158,527
102000147,488,277,211
102000148,244,518,-274
102000149,489,123,366
102000150,1007,57,950
102000151,98,70,28
102000152,434,74,360
102000153,897,339,558
102000154,99,180,-81
102000155,43,213,-170
102000156,243,85,158
102000157,35,418,-383
102000158,232,351,-119
102000159,1047,1175,-128
102000161,2245,2318,-73
102000162,283,243,40
102000163,122,321,-199
102000164,435,766,-331
102000165,257,393,-136
102000166,89,291,-202
102000167,183,260,-77
102000168,222,259,-37
102000169,124,652,-528
102000170,639,152,487
102000171,137,77,60
102000172,0,370,-370
102000173,362,285,77
102000174,248,60,188
102000175,119,46,73
102000176,50,22,28
102000178,184,423,-239
102000179,568,210,358
102000180,1103,302,801
102000181,1389,198,1191
102000182,1055,1402,-347
102000183,2047,759,1288
102000184,877,228,649
102000185,3045,366,2679
102000186,2323,496,1827
102000187,1415,476,939
102000188,1554,1155,399
102000189,1627,454,1173
102000190,473,2186,-1713
102000191,868,212,656
102000192,1919,1586,333
102000193,169,135,34
102000194,37,287,-250
102000195,855,346,509
102000196,449,233,216
102000197,1640,95,1545
102000198,379,258,121
102000199,1655,90,1565
102000200,507,329,178
102000201,2249,333,1916
102000202,15,211,-196
102000203,898,78,820
102000204,1036,529,507
102000205,1547,863,684
102000206,754,577,177
102000207,808,988,-180
102000208,444,1322,-878
102000209,179,188,-9
102000210,1084,622,462
102000211,706,146,560
102000212,646,4,642
102000213,21,431,-410
102000214,712,2,710
102000215,20,212,-192
102000216,260,150,110
102000217,11,52,-41
102000218,333,234,99
102000219,309,105,204
102000225,209,1049,-840
102000226,163,214,-51
102000227,183,1,182
102000228,0,60,-60
102000229,97,65,32
102000230,333,360,-27
102000231,613,311,302
102000232,44,200,-156
102000233,2035,515,1520
102000234,68,1126,-1058
102000236,459,55,404
102000237,900,262,638
102000238,550,294,256
102000240,538,917,-379
102000241,66,59,7
102000243,23,54,-31
102000245,5,89,-84
102000246,2,44,-42
102000247,732,762,-30
102000248,964,1750,-786
102000249,761,229,532
102000250,113,153,-40
102000254,441,131,310
102000266,2,219,-217
102000271,5,2,3
102000286,333,406,-73
102000297,2788,729,2059
102000303,0,0,0
102000305,0,0,0
102000307,0,3,-3
102900001,783,547,236
102900002,233,69,164
102900003,160,41,119
102900005,627,163,464
102900006,609,17,592
102900007,928,10,918
102900008,338,9,329
102900009,152,244,-92
102900010,328,883,-555
102900011,879,343,536
102900012,394,60,334
102900013,66,3,63
102900015,1149,562,587
102900016,159,10,149
102900017,247,41,206
102900018,97,29,68
102900019,551,439,112
102900020,214,16,198
102900021,66,18,48
102900022,31,19,12
102900023,13,7,6
102900024,58,7,51
102900025,37,12,25
102900026,272,2276,-2004
102900027,13,33,-20
102900028,167,1027,-860
102900029,56,355,-299
102900030,384,446,-62
102900031,457,60,397
102900032,166,20,146
102900033,93,86,7
102900034,731,23,708
102900035,246,49,197
102900036,367,92,275
102900037,188,328,-140
102900038,235,114,121
102900039,9,886,-877
102900040,316,313,3
102900041,99,101,-2
102900042,346,96,250
102900043,460,105,355
102900044,503,1515,-1012
102900045,211,242,-31
102900046,188,136,52
102900047,222,1000,-778
102900048,817,184,633
102900049,36,122,-86
102900050,234,772,-538
102900051,326,327,-1
102900053,333,455,-122
102900054,146,1197,-1051
102900055,26,389,-363
102900056,93,180,-87
102900057,1,86,-85
102900058,380,81,299
102900059,13,5,8
102900060,21,502,-481
102900061,219,689,-470
102900062,282,339,-57
102900063,2369,214,2155
102900064,47,466,-419
102900065,1007,120,887
102900066,234,1,233
102900068,24,114,-90
102900070,205,166,39
102900072,0,106,-106
102900073,14,0,14
102900075,1,84,-83
102900076,14,36,-22
102900077,28,7,21
102900078,17,21,-4
102900079,283,2,281
102900080,480,15,465
102900081,14,74,-60
102900082,8,48,-40
102900083,85,1,84
102900084,3,8,-5
102900085,39,52,-13
102900086,8,27,-19
102900087,321,28,293
102900088,66,17,49
102900089,245,91,154
102900090,0,80,-80
102900091,563,1,562
102900092,1032,42,990
102900094,2,20,-18
102900095,54,1,53
102900096,188,7,181
102900097,4,9,-5
103000001,2042,2052,-10
103000002,2627,2558,69
103000003,2911,1951,960
103000004,854,440,414
103000005,1244,4201,-2957
103000006,1282,1734,-452
103000007,414,214,200
103000008,716,379,337
103000009,2481,1102,1379
103000010,255,52,203
103000011,1248,362,886
103000012,1173,1120,53
103000013,2426,1367,1059
103000014,1145,1946,-801
103000015,1230,829,401
103000016,627,1739,-1112
103000017,350,1041,-691
103000018,759,184,575
103000019,585,730,-145
103000020,1210,1108,102
103000021,2125,2964,-839
103000022,678,879,-201
103000023,959,1866,-907
103000024,112,92,20
103000025,87,1570,-1483
103000026,295,302,-7
103000027,177,554,-377
103000028,82,174,-92
103000029,133,259,-126
103000030,1763,787,976
103000031,671,2357,-1686
103000032,1614,1079,535
103000033,3916,3128,788
103000034,1067,596,471
103000035,135,807,-672
103000036,336,158,178
103000037,381,234,147
103000038,343,659,-316
103000039,851,253,598
103000040,973,307,666
103000041,3101,1147,1954
103000042,2430,122,2308
103000043,1108,362,746
103000044,314,85,229
103000046,191,535,-344
103000047,787,326,461
103000048,220,384,-164
103000049,123,102,21
103000050,1018,111,907
103000051,643,222,421
103000052,943,99,844
103000053,284,277,7
103000054,1837,147,1690
103000055,1929,771,1158
103000056,711,673,38
103000057,1609,100,1509
103000058,990,170,820
103000059,1092,296,796
103000060,820,241,579
103000061,1037,700,337
103000062,824,71,753
103000063,1529,542,987
103000064,130,39,91
103000065,6,146,-140
103000066,219,3,216
103000069,337,583,-246
103000070,740,190,550
103000071,2169,684,1485
103000072,108,267,-159
103000073,1435,50,1385
103000074,918,54,864
103000075,96,291,-195
103000076,357,1032,-675
103000077,14,171,-157
103000078,752,1463,-711
103000079,481,676,-195
103000080,294,487,-193
103000081,239,938,-699
103000082,515,144,371
103000083,95,234,-139
103000084,129,3,126
103000085,0,90,-90
103000086,324,386,-62
103000087,69,636,-567
103000088,130,311,-181
103000089,335,785,-450
103000090,3739,892,2847
103000091,966,458,508
103000092,507,199,308
103000093,269,513,-244
103000094,443,58,385
103000095,83,266,-183
103000096,655,8,647
103000097,40,570,-530
103000098,608,68,540
103000099,70,667,-597
103000100,165,313,-148
103000101,1601,63,1538
103000102,88,170,-82
103000103,944,77,867
103000104,217,61,156
103000105,343,65,278
103000106,23,105,-82
103000107,341,88,253
103000108,1539,1502,37
103000109,412,612,-200
103000110,385,760,-375
103000111,275,635,-360
103000112,215,416,-201
103000113,405,1152,-747
103000114,1654,790,864
103000115,849,504,345
103000116,843,237,606
103000117,447,398,49
103000118,397,274,123
103000119,1028,178,850
103000120,72,260,-188
103000121,87,176,-89
103000122,439,1085,-646
103000125,27,31,-4
103000126,1236,1,1235
103000127,2,45,-43
103000128,145,1,144
103000129,0,48,-48
103000130,104,85,19
103000131,29,126,-97
103000132,19,119,-100
103000133,8,39,-31
103000134,159,1248,-1089
103000135,489,137,352
103000136,352,356,-4
103000137,249,438,-189
103000138,408,417,-9
103000139,0,51,-51
103000140,74,13,61
103000141,7,147,-140
103000142,114,47,67
103000143,51,95,-44
103000144,220,33,187
103000145,10,44,-34
103000150,110,35,75
103000152,140,461,-321
103000153,134,244,-110
103000156,3,71,-68
103000157,493,3,490
103000159,183,23,160
103000162,19,17,2
103000163,7,32,-25
103000164,0,14,-14
103000165,76,90,-14
103000166,316,759,-443
103000167,240,287,-47
103000168,224,147,77
103000169,423,1039,-616
103000170,2218,263,1955
103000171,12,166,-154
103000172,1264,111,1153
103000173,1579,94,1485
103000174,642,258,384
103000175,536,71,465
103000176,1074,1218,-144
103000177,208,747,-539
103000178,72,243,-171
103000179,128,40,88
103000183,675,3,672
103000185,220,80,140
103000186,476,63,413
103000187,1804,68,1736
103000188,27,58,-31
103000189,764,635,129
103000191,294,133,161
103000292,538,2211,-1673
103000293,354,4021,-3667
103000295,47,155,-108
103000296,83,1,82
103000297,0,17,-17
103000504,127,10,117
103000505,0,34,-34
103000506,1,77,-76
103000507,283,2,281
103000508,25,50,-25
103000509,560,661,-101
103900001,4,20,-16
103900002,630,48,582
103900003,713,27,686
103900004,91,0,91
103900005,4,113,-109
103900006,1,4,-3
103900007,194,5,189
103900008,18,0,18
103900010,368,65,303
103900012,17,143,-126
103900014,125,21,104
103900015,150,7,143
103900017,148,50,98
103900018,143,23,120
103900019,30,680,-650
103900020,379,284,95
103900021,34,25,9
103900022,599,367,232
103900023,292,2,290
103900024,122,226,-104
103900025,3,4,-1
103900026,1,0,1
103900027,351,144,207
103900028,360,246,114
103900029,1494,83,1411
103900030,232,38,194
103900031,106,2,104
103900032,187,137,50
103900033,67,15,52
103900034,67,24,43
103900035,187,121,66
103900036,14,25,-11
103900037,221,87,134
103900038,88,256,-168
103900039,253,59,194
103900040,12,86,-74
103900041,119,24,95
103900042,200,40,160
103900043,479,23,456
103900044,11,741,-730
103900045,488,298,190
103900047,153,2,151
103900048,2,32,-30
103900049,115,890,-775
103900050,24,124,-100
103900051,0,52,-52
103900052,264,226,38
103900053,593,84,509
103900054,277,64,213
103900055,631,138,493
103900056,179,59,120
103900057,441,40,401
103900058,564,121,443
103900059,0,190,-190
103900060,132,52,80
103900061,320,6,314
103900062,1022,325,697
103900063,2,0,2
103900064,277,2,275
103900065,139,474,-335
103900066,280,20,260
103900067,391,16,375
103900068,2,2,0
103900069,136,22,114
103900070,173,137,36
103900071,33,25,8
103900072,86,53,33
103900073,77,12,65
103900074,209,9,200
103900075,298,30,268
103900076,772,136,636
103900077,15,138,-123
103900078,331,91,240
103900079,70,141,-71
103900080,0,1,-1
103900081,31,19,12
103900082,29,67,-38
103900083,1041,2083,-1042
103900084,12,285,-273
103900085,34,50,-16
103900086,2156,276,1880
103900088,233,432,-199
103900089,66,148,-82
103900090,1,57,-56
103900091,575,42,533
103900092,802,383,419
103900093,94,223,-129
103900094,17,18,-1
103900095,180,323,-143
103900096,255,26,229
103900097,28,76,-48
103900098,442,79,363
103900099,483,54,429
103900100,453,52,401
103900101,1659,654,1005
103900102,1,98,-97
103900104,0,2,-2
103900105,12,28,-16
103900106,5,1905,-1900
103900107,260,26,234
103900108,136,68,68
103900109,332,8,324
103900110,376,16,360
103900111,374,103,271
103900112,22,17,5
103900113,34,73,-39
103900114,476,165,311
103900115,107,158,-51
103900116,927,3303,-2376
103900117,13,19,-6
103900119,27,251,-224
103900120,134,28,106
103900122,250,37,213
103900123,207,825,-618
103900124,14,163,-149
103900125,167,43,124
103900126,804,57,747
103900127,206,130,76
103900128,379,155,224
103900131,74,53,21
103900133,768,14,754
103900134,0,20,-20
103900135,0,2,-2
103900137,0,23,-23
103900138,435,30,405
103900139,325,4860,-4535
103900140,5,588,-583
103900141,134,15,119
103900142,811,77,734
103900143,357,1,356
103900144,0,35,-35
103900145,173,150,23
103900146,364,266,98
103900147,549,58,491
103900148,1384,191,1193
103900149,332,88,244
103900150,3159,5872,-2713
103900151,1,50,-49
103900152,1510,121,1389
103900153,17,1,16
103900154,148,2608,-2460
103900155,30,17,13
103900156,32,12,20
103900157,358,28,330
103900158,542,10,532
103900159,590,2,588
103900160,37,19,18
103900161,74,76,-2
103900162,146,90,56
103900163,34,219,-185
103900167,1,75,-74
103900168,48,34,14
103900169,4,18,-14
103900170,0,27,-27
103900171,0,7,-7
103900172,4,3,1
103900173,35,25,10
103900174,438,17,421
103900175,23,146,-123
103900176,8,45,-37
103900177,2,4,-2
103900178,59,2,57
103900179,127,11,116
103900180,3,20,-17
103900181,16,26,-10
103900182,19,19,0
103900184,133,43,90
103900185,20,1406,-1386
103900187,15,172,-157
103900188,152,101,51
103900189,239,9,230
103900190,151,44,107
103900191,35,29,6
103900192,12,29,-17
103900193,15,29,-14
103900194,75,58,17
103900195,2,217,-215
103900196,66,57,9
103900197,21,63,-42
103900198,15,18,-3
103900199,211,39,172
103900200,327,25,302
103900201,62,6,56
103900202,1,36,-35
103900203,73,58,15
103900204,0,17,-17
103900207,0,24,-24
103900208,216,2,214
103900209,2,52,-50
103900210,74,60,14
103900211,1151,147,1004
103900212,611,83,528
103900213,3,157,-154
103900214,152,373,-221
103900215,38,341,-303
103900216,21,57,-36
103900217,354,5,349
103900218,49,513,-464
103900219,425,84,341
103900233,90,4,86
103900235,28,87,-59
103900236,8,22,-14
103900242,0,12,-12
103900243,2,8,-6
103900244,107,49,58
103900245,186,74,112
103900246,11,64,-53
103900247,21,44,-23
103900248,1,11,-10
103900249,1,69,-68
103900250,26,16,10
103900251,1,6,-5
103900253,2,71,-69
103900254,0,16,-16
103900255,0,54,-54
103900256,35,22,13
103900257,166,226,-60
103900258,19,18,1
103900259,18,28,-10
103900261,64,3,61
103900262,44,6,38
103900263,31,57,-26
103900264,18,0,18
103900265,5,1,4
103900266,2,65,-63
103900267,2,51,-49
103900268,94,18,76
103900269,425,7,418
103900270,126,57,69
103900271,91,21,70
103900272,91,34,57
103900273,242,4,238
103900274,403,8,395
103900275,329,7,322
103900276,23,4,19
103900277,13,5,8
103900278,5,8,-3
103900279,2,72,-70
103900280,9,20,-11
104000001,3335,1472,1863
104000002,2433,1019,1414
104000003,2085,1183,902
104000004,3615,1327,2288
104000005,2593,1410,1183
104000006,2772,1941,831
104000007,5226,3322,1904
104000008,211,166,45
104000009,323,108,215
104000010,189,585,-396
104000011,136,107,29
104000012,148,74,74
104000013,256,503,-247
104000014,223,145,78
104000015,484,87,397
104000016,340,130,210
104000018,832,271,561
104000019,829,388,441
104000020,50,181,-131
104000021,456,198,258
104000022,417,418,-1
104000023,1763,323,1440
104000024,349,172,177
104000026,68,111,-43
104000027,442,102,340
104000028,593,305,288
104000029,386,200,186
104000030,609,316,293
104000031,1611,89,1522
104000032,124,94,30
104000033,989,209,780
104000034,255,57,198
104000035,1298,185,1113
104000036,1358,276,1082
104000037,137,91,46
104000038,500,514,-14
104000039,275,61,214
104000040,85,690,-605
104000041,1255,559,696
104000042,160,100,60
104000043,180,310,-130
104000044,233,1632,-1399
104000045,767,633,134
104000046,680,503,177
104000047,726,541,185
104000048,893,474,419
104000049,714,367,347
104000050,81,541,-460
104000051,218,871,-653
104000052,3419,3007,412
104000053,1632,565,1067
104000054,512,190,322
104000055,1935,1613,322
104000056,717,448,269
104000057,674,146,528
104000058,1468,672,796
104000059,902,978,-76
104000060,1278,1410,-132
104000061,1151,532,619
104000062,790,138,652
104000064,684,205,479
104000065,128,492,-364
104000069,385,1707,-1322
104000070,41,607,-566
104000071,615,197,418
104000072,846,291,555
104000075,26,169,-143
104000076,872,35,837
104000082,1949,2841,-892
104000083,550,152,398
104000084,116,182,-66
104000085,647,221,426
104000086,300,253,47
104000087,328,1341,-1013
104000090,1275,390,885
104000092,1953,458,1495
104000094,668,498,170
104000095,3132,1276,1856
104000096,3404,30,3374
104000097,3595,286,3309
104000098,4752,276,4476
104000100,3055,937,2118
104000101,1894,1238,656
104000106,73,545,-472
104000107,632,186,446
104000108,242,168,74
104000109,384,130,254
104000110,882,1279,-397
104000111,1661,4738,-3077
104000112,631,541,90
104000116,0,450,-450
104000117,422,157,265
104000118,2381,182,2199
104000119,1332,367,965
104000120,455,408,47
104000121,329,203,126
104000122,793,366,427
104000123,690,455,235
104000124,295,907,-612
104000125,1245,5037,-3792
104000126,531,392,139
104000127,1388,1179,209
104000128,725,95,630
104000129,472,10,462
104000130,6,488,-482
104000131,156,328,-172
104000132,423,814,-391
104000133,1666,579,1087
104000134,728,1468,-740
104000135,442,1068,-626
104000136,425,1780,-1355
104000137,1494,221,1273
104000138,1018,220,798
104000139,1723,2118,-395
104000141,677,330,347
104000142,713,239,474
104000143,989,157,832
104000144,160,240,-80
104000145,261,113,148
104000146,103,452,-349
104000147,138,373,-235
104000148,518,121,397
104000149,237,66,171
104000150,1072,228,844
104000151,487,120,367
104000152,850,96,754
104000153,868,374,494
104000154,568,140,428
104000155,357,777,-420
104000157,1186,659,527
104000158,181,199,-18
104000159,1073,376,697
104000160,1488,2370,-882
104000161,145,65,80
104000162,99,77,22
104000165,1276,652,624
104000167,673,1625,-952
104000168,1393,5,1388
104000169,304,25,279
104000170,158,247,-89
104000248,471,376,95
104000251,79,137,-58
104000272,0,0,0
104000273,0,0,0
104000274,0,0,0
104000275,0,0,0
104000279,1697,1627,70
104000290,78,337,-259
104000291,536,1262,-726
104000293,1563,1056,507
104000294,251,0,251
104000295,936,788,148
104000296,872,563,309
104000297,1049,1644,-595
104000298,1659,659,1000
104000299,1600,548,1052
104000302,165,91,74
104000303,197,171,26
104900001,61,91,-30
104900002,30,324,-294
104900003,135,61,74
104900004,127,68,59
104900005,924,152,772
104900006,901,96,805
104900007,706,94,612
104900009,135,91,44
104900010,176,7,169
104900011,1,3,-2
104900012,221,59,162
104900013,58,17,41
104900014,1018,108,910
104900015,148,5,143
104900016,181,70,111
104900017,87,152,-65
104900018,1,67,-66
104900019,51,5687,-5636
104900020,39,194,-155
104900021,2,35,-33
104900022,1,136,-135
104900023,0,33,-33
104900024,6,315,-309
104900025,37,82,-45
104900026,1,33,-32
104900027,890,241,649
104900028,22,95,-73
104900029,3,14,-11
104900030,483,184,299
104900031,6,125,-119
104900032,27,39,-12
104900033,523,92,431
104900034,340,80,260
104900035,505,186,319
104900036,438,26,412
104900037,230,55,175
104900038,104,2653,-2549
104900039,170,451,-281
104900040,482,19,463
104900041,494,70,424
104900042,221,65,156
104900043,58,502,-444
104900044,1307,64,1243
104900045,553,27,526
104900046,908,53,855
104900047,530,73,457
104900048,600,22,578
104900049,110,37,73
104900050,1080,159,921
104900051,453,19,434
104900052,309,1,308
104900053,905,54,851
104900054,480,59,421
104900055,547,1,546
104900056,477,15,462
104900057,135,2,133
104900058,583,27,556
104900059,178,54,124
104900061,222,74,148
104900063,65,172,-107
104900064,0,81,-81
104900065,0,262,-262
104900066,0,25,-25
104900067,1,580,-579
104900068,49,569,-520
104900070,36,151,-115
104900071,0,170,-170
104900072,26,68,-42
104900073,87,101,-14
104900074,84,50,34
104900075,37,9,28
104900076,267,77,190
104900077,345,114,231
104900078,290,110,180
104900079,98,1304,-1206
104900080,262,123,139
104900082,2,172,-170
104900085,16,114,-98
104900089,759,0,759
104900091,326,328,-2
104900093,200,154,46
104900097,870,3676,-2806
104900098,325,45,280
104900099,20,613,-593
104900100,251,81,170
104900102,73,95,-22
104900103,225,41,184
104900106,397,60,337
104900107,30,132,-102
104900108,0,200,-200
104900109,203,304,-101
104900110,19,11,8
104900111,188,13,175
104900112,342,78,264
104900113,804,87,717
104900114,907,319,588
104900115,1226,76,1150
104900116,759,57,702
104900118,20,16,4
104900119,0,50,-50
104900120,56,1552,-1496
104900121,0,17,-17
104900122,0,44,-44
104900123,395,24,371
104900124,287,1,286
104900125,390,46,344
104900126,27,5,22
104900127,20,13,7
104900128,188,72,116
104900129,453,2905,-2452
105000001,3169,899,2270
105000002,2297,1508,789
105000003,2479,3271,-792
105000004,1455,621,834
105000005,2068,1330,738
105000006,1386,1929,-543
105000007,1688,2598,-910
105000008,720,2843,-2123
105000009,3920,4108,-188
105000010,2068,634,1434
105000011,3123,3912,-789
105000012,1730,1330,400
105000013,1155,1529,-374
105000014,4448,3576,872
105000015,6344,13466,-7122
105000016,709,634,75
105000017,1609,933,676
105000018,491,1794,-1303
105000019,983,1095,-112
105000020,17,416,-399
105000021,307,152,155
105000022,57,130,-73
105000023,927,137,790
105000028,23,52,-29
105000029,620,1033,-413
105000030,2237,1847,390
105000031,6,66,-60
105000033,1563,818,745
105000034,107,1556,-1449
105000037,961,120,841
105000038,770,1499,-729
105000039,516,814,-298
105000040,820,1606,-786
105000041,197,509,-312
105000042,1623,1258,365
105000043,563,353,210
105000044,734,229,505
105000045,233,162,71
105000046,1347,171,1176
105000047,579,214,365
105000048,1621,252,1369
105000049,286,380,-94
105000050,1317,531,786
105000051,195,266,-71
105000052,764,1077,-313
105000053,85,138,-53
105000054,486,897,-411
105000055,1125,445,680
105000056,2466,2431,35
105000057,1910,1463,447
105000058,1381,996,385
105000059,1888,723,1165
105000060,764,351,413
105000061,2288,430,1858
105000062,846,523,323
105000063,502,230,272
105000064,3729,663,3066
105000065,621,256,365
105000066,1093,669,424
105000067,2096,991,1105
105000068,432,648,-216
105000069,1057,3753,-2696
105000070,502,1103,-601
105000071,247,2435,-2188
105000072,1896,9639,-7743
105000073,1552,714,838
105000074,469,403,66
105000075,564,461,103
105000076,1196,807,389
105000077,1957,558,1399
105000078,442,813,-371
105000079,581,1568,-987
105000080,1586,1615,-29
105000081,753,834,-81
105000082,745,1244,-499
105000083,1625,1731,-106
105000084,605,688,-83
105000085,2278,2015,263
105000086,1013,819,194
105000087,1617,1682,-65
105000088,2190,3679,-1489
105000089,1361,1056,305
105000090,479,233,246
105000091,480,339,141
105000092,435,362,73
105000093,269,291,-22
105000094,232,102,130
105000095,212,591,-379
105000096,1462,1662,-200
105000097,386,436,-50
105000098,1965,1337,628
105000099,747,1013,-266
105000100,2436,1449,987
105000101,3161,780,2381
105000102,2297,1094,1203
105000103,1348,1202,146
105000104,3120,3004,116
105000105,1645,2641,-996
105000106,2411,515,1896
105000107,2551,949,1602
105000108,2437,731,1706
105000109,3596,513,3083
105000110,1396,215,1181
105000111,2472,315,2157
105000112,1381,355,1026
105000113,764,729,35
105000114,1016,1172,-156
105000115,280,2566,-2286
105000116,1678,631,1047
105000117,1461,356,1105
105000118,1582,322,1260
105000119,946,348,598
105000120,2579,425,2154
105000121,1442,468,974
105000122,562,818,-256
105000123,803,423,380
105000124,2726,452,2274
105000125,1444,856,588
105000126,2776,1041,1735
105000127,3704,994,2710
105000128,935,1178,-243
105000129,1970,1424,546
105000130,178,4206,-4028
105000131,323,75,248
105000132,2068,978,1090
105000133,293,340,-47
105000134,2190,229,1961
105000135,356,276,80
105000136,123,60,63
105000137,889,129,760
105000138,139,84,55
105000139,968,252,716
105000140,780,227,553
105000141,499,102,397
105000142,518,349,169
105000143,292,293,-1
105000144,410,372,38
105000145,847,142,705
105000146,642,323,319
105000147,771,235,536
105000148,1014,595,419
105000149,4081,1297,2784
105000150,1648,443,1205
105000151,1452,267,1185
105000152,346,603,-257
105000153,1953,234,1719
105000154,1084,385,699
105000155,1041,206,835
105000156,376,302,74
105000157,853,459,394
105000158,4299,425,3874
105000159,436,363,73
105000160,4980,623,4357
105000161,808,386,422
105000162,937,4163,-3226
105000163,1046,502,544
105000164,171,233,-62
105000165,600,13813,-13213
105000166,2664,2641,23
105000167,1348,4607,-3259
105000168,583,268,315
105000169,1337,104,1233
105000170,737,1076,-339
105000171,1717,221,1496
105000172,760,5,755
105000173,1047,6,1041
105000174,253,30,223
105000175,262,35,227
105000176,1059,80,979
105000177,675,347,328
105000178,668,77,591
105000179,2030,67,1963
105000180,615,30,585
105000181,357,115,242
105000182,109,48,61
105000183,1620,3106,-1486
105000184,248,672,-424
105000185,367,1404,-1037
105000186,606,733,-127
105000187,768,328,440
105000188,106,173,-67
105000189,163,368,-205
105000190,286,168,118
105000191,584,276,308
105000192,419,49,370
105000193,112,75,37
105000194,1007,58,949
105000195,377,255,122
105000196,64,465,-401
105000197,115,297,-182
105000198,142,76,66
105000199,77,1262,-1185
105000200,184,589,-405
105000201,97,66,31
105000203,44,75,-31
105000204,70,64,6
105000205,183,58,125
105000207,144,44,100
105000208,151,246,-95
105000209,156,44,112
105000211,787,8,779
105000212,1782,309,1473
105000213,35,46,-11
105000214,204,105,99
105000215,365,132,233
105000216,358,73,285
105000217,213,43,170
105000218,3403,788,2615
105000221,99,130,-31
105000222,637,146,491
105000223,850,190,660
105000226,288,69,219
105000227,110,77,33
105000228,15,1464,-1449
105000229,203,702,-499
105000231,446,102,344
105000233,1259,1065,194
105000234,301,631,-330
105000235,736,548,188
105000237,1799,79,1720
105000243,94,24,70
105000248,104,91,13
105000262,867,248,619
105000269,92,133,-41
105000270,928,8,920
105000271,0,206,-206
105000282,97,50,47
105000287,149,42,107
105000288,1423,1183,240
105000289,570,1080,-510
105000290,55,15,40
105000402,1129,3977,-2848
105000426,176,251,-75
105000438,740,745,-5
105000440,34,15,19
105000446,5057,2984,2073
105000447,1397,839,558
105000454,814,86,728
105000455,172,85,87
105000474,179,1,178
105000477,1553,518,1035
105000478,2901,5590,-2689
105000479,67,123,-56
105000480,3737,5790,-2053
105000481,4551,3914,637
105000482,1693,2000,-307
105000483,1746,2833,-1087
105000484,1147,1087,60
105000485,837,3377,-2540
105000486,1366,1359,7
105000488,2254,1467,787
105000489,2345,728,1617
105000549,207,358,-151
105000550,449,488,-39
105000551,3,79,-76
105000552,1801,687,1114
105000555,836,1572,-736
105000556,56,47,9
105000557,47,109,-62
105900001,4,1658,-1654
105900002,653,1799,-1146
105900003,24,144,-120
105900004,238,24,214
105900005,23,843,-820
105900006,13,23,-10
105900007,36,44,-8
105900008,189,98,91
105900009,46,45,1
105900011,166,13,153
105900012,496,41,455
105900013,3,18,-15
105900014,0,42,-42
105900015,88,225,-137
105900016,900,139,761
105900017,3002,26,2976
105900018,194,106,88
105900019,128,78,50
105900020,75,29,46
105900021,59,99,-40
105900022,307,118,189
105900023,26,43,-17
105900024,4,415,-411
105900025,573,3,570
105900026,151,6,145
105900027,8124,3146,4978
105900028,223,411,-188
105900029,1479,175,1304
105900030,207,264,-57
105900031,528,116,412
105900032,153,64,89
105900033,158,151,7
105900034,658,110,548
105900035,545,220,325
105900036,87,118,-31
105900037,343,8,335
105900038,189,263,-74
105900039,229,80,149
105900040,196,59,137
105900041,299,87,212
105900042,153,250,-97
105900043,590,17,573
105900044,0,472,-472
105900045,0,2034,-2034
105900046,0,103,-103
105900047,12,34,-22
105900048,103,355,-252
105900050,869,4086,-3217
105900051,24,572,-548
105900052,1142,71,1071
105900053,2767,5518,-2751
105900054,200,166,34
105900056,298,635,-337
105900057,3,104,-101
105900058,7,11,-4
105900059,3,271,-268
106000001,1849,2481,-632
106000002,768,1986,-1218
106000003,3814,4381,-567
106000004,1249,1804,-555
106000005,4553,2984,1569
106000006,4573,1199,3374
106000007,594,223,371
106000008,367,221,146
106000009,599,148,451
106000010,204,433,-229
106000011,2181,703,1478
106000012,639,342,297
106000013,1729,1051,678
106000014,1216,922,294
106000015,2745,634,2111
106000016,1912,1122,790
106000017,918,478,440
106000018,573,331,242
106000019,612,287,325
106000020,378,179,199
106000021,625,298,327
106000022,307,121,186
106000023,913,192,721
106000024,505,265,240
106000025,274,217,57
106000026,90,129,-39
106000027,2638,1103,1535
106000028,1073,302,771
106000029,1045,647,398
106000030,145,372,-227
106000034,60,304,-244
106000035,1269,1270,-1
106000036,47,355,-308
106000037,854,692,162
106000038,72,168,-96
106000039,57,166,-109
106000040,80,722,-642
106000041,714,387,327
106000043,420,190,230
106000046,307,36,271
106000047,110,256,-146
106000049,2046,160,1886
106000050,188,280,-92
106000051,1589,688,901
106000052,68,132,-64
106000053,705,71,634
106000054,209,103,106
106000055,1329,250,1079
106000056,202,161,41
106000057,801,123,678
106000058,206,29,177
106000059,629,223,406
106000060,101,185,-84
106000061,150,572,-422
106000062,158,124,34
106000063,1443,875,568
106000064,9,136,-127
106000065,594,149,445
106000066,141,457,-316
106000067,636,65,571
106000068,168,188,-20
106000069,637,81,556
106000070,392,181,211
106000071,991,104,887
106000072,2217,1187,1030
106000073,1409,7222,-5813
106000074,941,707,234
106000075,455,891,-436
106000076,1100,1236,-136
106000077,1430,360,1070
106000078,1854,282,1572
106000079,1064,387,677
106000080,1624,180,1444
106000081,1092,418,674
106000082,1620,263,1357
106000083,594,626,-32
106000084,797,345,452
106000085,1352,641,711
106000086,393,309,84
106000087,671,242,429
106000088,401,310,91
106000089,1355,184,1171
106000090,547,351,196
106000091,294,445,-151
106000092,1154,274,880
106000093,833,43,790
106000094,179,170,9
106000095,1516,424,1092
106000096,2156,265,1891
106000097,2045,710,1335
106000098,1502,466,1036
106000099,176,283,-107
106000100,2651,186,2465
106000101,1377,136,1241
106000102,75,484,-409
106000103,327,813,-486
106000104,1482,588,894
106000105,472,506,-34
106000106,1408,154,1254
106000107,315,194,121
106000108,880,81,799
106000109,320,91,229
106000110,676,119,557
106000111,292,127,165
106000112,373,1037,-664
106000113,674,505,169
106000114,495,1333,-838
106000115,381,289,92
106000116,631,140,491
106000117,829,194,635
106000118,1876,1316,560
106000119,729,312,417
106000120,1216,2339,-1123
106000121,549,132,417
106000122,495,82,413
106000123,1442,48,1394
106000124,372,128,244
106000125,111,89,22
106000126,797,67,730
106000127,3021,395,2626
106000128,2196,211,1985
106000129,1330,241,1089
106000130,1686,181,1505
106000131,393,922,-529
106000132,974,88,886
106000133,1091,2383,-1292
106000134,733,5220,-4487
106000135,247,457,-210
106000136,1387,2622,-1235
106000137,232,714,-482
106000138,4949,80,4869
106000139,102,57,45
106000140,76,29,47
106000141,153,20,133
106000142,120,38,82
106000143,42,38,4
106000144,134,58,76
106000145,722,62,660
106000146,788,76,712
106000147,1755,387,1368
106000148,2972,529,2443
106000149,1187,347,840
106000150,1362,3328,-1966
106000151,2979,477,2502
106000152,1004,4062,-3058
106000153,163,1676,-1513
106000154,1208,98,1110
106000155,326,326,0
106000156,2173,115,2058
106000157,628,1717,-1089
106000158,1130,528,602
106000159,2211,2712,-501
106000160,1014,5716,-4702
106000161,540,107,433
106000162,582,2011,-1429
106000163,513,118,395
106000164,1057,361,696
106000165,189,304,-115
106000166,2046,194,1852
106000167,583,466,117
106000168,1561,122,1439
106000169,391,414,-23
106000170,1414,159,1255
106000171,236,814,-578
106000172,3144,1064,2080
106000173,929,1385,-456
106000174,2184,193,1991
106000175,218,237,-19
106000176,3896,458,3438
106000177,1669,763,906
106000178,4242,669,3573
106000179,1018,707,311
106000180,1668,495,1173
106000181,3901,813,3088
106000182,2834,260,2574
106000183,2982,156,2826
106000184,1890,293,1597
106000185,2858,1632,1226
106000186,397,50,347
106000187,162,2365,-2203
106000188,0,1,-1
106000189,14,17,-3
106000190,37,2,35
106000191,464,56,408
106000192,0,17,-17
106000193,288,327,-39
106000194,133,426,-293
106000195,97,89,8
106000196,56,793,-737
106000197,920,613,307
106000198,259,197,62
106000199,538,2549,-2011
106000200,257,284,-27
106000201,499,10966,-10467
106000202,2111,654,1457
106000203,17,128,-111
106000204,134,4,130
106000205,7,129,-122
106000206,83,21,62
106000207,36,216,-180
106000208,2486,48,2438
106000209,3281,166,3115
106000210,750,268,482
106000211,289,847,-558
106000212,2136,389,1747
106000213,284,841,-557
106000214,1273,212,1061
106000215,458,607,-149
106000216,999,284,715
106000217,155,432,-277
106000218,391,103,288
106000219,176,162,14
106000220,996,164,832
106000221,449,72,377
106000222,245,73,172
106000223,655,53,602
106000224,377,61,316
106000225,119,150,-31
106000226,87,66,21
106000228,19,53,-34
106000229,222,430,-208
106000231,2159,103,2056
106000232,176,391,-215
106000233,844,111,733
106000234,98,1326,-1228
106000235,354,1645,-1291
106000236,92,1611,-1519
106000237,3,13,-10
106000238,2,189,-187
106000239,0,228,-228
106000240,37,12,25
106000241,7,647,-640
106000242,498,17,481
106000249,140,78,62
106000250,71,1078,-1007
106000251,183,6,177
106000252,29,245,-216
106000253,114,30,84
106000254,214,38,176
106000255,67,243,-176
106000256,94,26,68
106000257,94,119,-25
106000258,135,637,-502
106000259,27,803,-776
106000260,44,25,19
106000261,3,121,-118
106000262,107,21,86
106000263,59,138,-79
106000264,346,8,338
106000265,53,137,-84
106000266,273,23,250
106000267,17,73,-56
106000268,367,35,332
106000269,195,39,156
106000270,184,244,-60
106000271,100,95,5
106000272,245,37,208
106000273,21,220,-199
106000274,134,24,110
106000275,243,86,157
106000276,32,3,29
106000277,157,140,17
106000278,186,1,185
106000279,34,8,26
106000280,263,18,245
106000281,59,9,50
106000282,162,40,122
106000283,172,17,155
106000284,372,41,331
106000285,104,64,40
106000286,141,40,101
106000287,86,33,53
106000288,170,37,133
106000289,77,32,45
106000290,135,54,81
106000291,102,27,75
106000292,219,29,190
106000293,113,41,72
106000294,94,19,75
106000295,14,56,-42
106000296,20,22,-2
106000297,29,146,-117
106000298,23,185,-162
106000299,42,42,0
106000300,33,36,-3
106000301,24,124,-100
106000303,142,33,109
106000304,114,12,102
106000305,225,13,212
106000306,65,33,32
106000307,431,8,423
106000308,141,42,99
106000309,57,15,42
106000310,397,110,287
106000311,523,129,394
106000312,311,103,208
106000313,483,33,450
106000318,90,334,-244
106000319,2576,706,1870
106000320,65,257,-192
106000321,311,560,-249
106000322,482,57,425
106000324,120,130,-10
106000325,2422,346,2076
106000326,1215,689,526
106000327,643,41,602
106000328,28,439,-411
106000329,34,706,-672
106000330,21,235,-214
106000428,97,243,-146
106000429,136,284,-148
106000430,246,1057,-811
106000431,3372,371,3001
106000432,600,1207,-607
106000433,2987,980,2007
106000434,4302,835,3467
106000435,920,1026,-106
106000436,7,143,-136
106000437,1517,43,1474
106000438,261,686,-425
106000439,43,708,-665
106000440,286,242,44
106000441,14,0,14
106000442,1946,15,1931
106000443,452,89,363
106000450,0,84,-84
106000451,16,290,-274
106000454,0,223,-223
106000455,2,98,-96
106000456,295,7,288
106000457,77,219,-142
106000458,2325,161,2164
106000459,1188,86,1102
106000460,3455,23,3432
106000461,905,166,739
106000462,0,101,-101
106000463,4,41,-37
106000464,2,356,-354
106000465,1583,6,1577
106000466,0,191,-191
106000467,230,329,-99
106000468,290,54,236
106000469,157,1,156
106000470,302,3126,-2824
106000471,19,243,-224
106000472,598,2,596
106000473,81,4,77
106000474,820,264,556
106000475,1263,234,1029
106000476,206,475,-269
106000477,152,81,71
106000480,1,2005,-2004
106900001,0,1,-1
106900002,0,86,-86
106900003,60,978,-918
106900004,0,13,-13
106900006,0,3,-3
106900007,0,1,-1
106900008,1249,54,1195
106900009,1024,60,964
106900010,550,129,421
106900012,586,4328,-3742
106900013,1047,240,807
106900014,283,3,280
106900015,61,0,61
106900016,570,34,536
106900017,39,1,38
106900018,41,0,41
106900019,405,2,403
106900020,1037,4061,-3024
106900021,479,107,372
106900022,2590,27,2563
106900023,11,84,-73
106900024,908,38,870
106900025,6,203,-197
106900026,0,108,-108
106900027,2163,1,2162
107000001,3827,3372,455
107000002,894,1565,-671
107000003,9635,7398,2237
107000004,2535,1282,1253
107000005,12098,7903,4195
107000006,3049,1528,1521
107000007,4725,7209,-2484
107000008,3435,2218,1217
107000009,10386,7162,3224
107000010,5059,3128,1931
107000011,784,839,-55
107000012,1653,3278,-1625
107000013,321,125,196
107000014,154,48,106
107000015,640,299,341
107000016,1304,408,896
107000017,652,889,-237
107000018,1,662,-661
107000020,763,538,225
107000021,950,357,593
107000022,1321,2658,-1337
107000023,2077,113,1964
107000024,936,2802,-1866
107000025,543,228,315
107000026,416,437,-21
107000027,2772,462,2310
107000028,1879,445,1434
107000029,5738,2857,2881
107000030,2421,1134,1287
107000031,7261,2413,4848
107000032,273,490,-217
107000033,1866,3939,-2073
107000034,2161,637,1524
107000035,625,153,472
107000036,367,1309,-942
107000037,176,404,-228
107000038,288,70,218
107000039,1422,641,781
107000040,430,110,320
107000041,807,330,477
107000042,607,2420,-1813
107000043,1200,584,616
107000044,239,98,141
107000045,47,91,-44
107000046,813,203,610
107000047,425,373,52
107000048,580,193,387
107000049,404,429,-25
107000050,861,240,621
107000051,202,283,-81
107000052,823,2865,-2042
107000053,264,695,-431
107000054,15,155,-140
107000055,339,99,240
107000056,630,453,177
107000057,1289,98,1191
107000058,2226,1723,503
107000059,2063,2070,-7
107000060,7746,3792,3954
107000061,3629,1555,2074
107000062,10381,3044,7337
107000063,3519,1624,1895
107000064,7231,5325,1906
107000065,1858,2619,-761
107000066,1461,2932,-1471
107000067,1667,841,826
107000068,766,824,-58
107000069,1364,951,413
107000070,1169,42,1127
107000071,7365,36,7329
107000072,8,407,-399
107000073,1791,1244,547
107000074,41,356,-315
107000075,2836,81,2755
107000076,129,460,-331
107000077,3575,325,3250
107000078,463,534,-71
107000079,4592,760,3832
107000080,398,632,-234
107000081,5393,642,4751
107000082,315,370,-55
107000083,1987,1339,648
107000084,342,772,-430
107000085,2604,2741,-137
107000086,2876,1579,1297
107000087,3388,3116,272
107000088,2600,2199,401
107000089,1638,2266,-628
107000090,1501,634,867
107000091,2109,653,1456
107000092,865,552,313
107000093,1704,1051,653
107000094,1266,623,643
107000095,2710,873,1837
107000096,912,520,392
107000097,3106,657,2449
107000098,595,571,24
107000099,964,395,569
107000100,187,281,-94
107000101,92,234,-142
107000102,175,260,-85
107000103,530,291,239
107000104,181,287,-106
107000105,871,1115,-244
107000106,222,119,103
107000107,1227,126,1101
107000108,272,259,13
107000109,2035,151,1884
107000110,208,120,88
107000111,1348,39,1309
107000112,20,94,-74
107000113,1988,88,1900
107000114,88,200,-112
107000115,1377,1323,54
107000116,123,215,-92
107000117,240,5424,-5184
107000118,97,60,37
107000119,1174,1696,-522
107000120,518,1509,-991
107000121,1114,508,606
107000122,632,453,179
107000123,955,278,677
107000124,830,162,668
107000125,1921,313,1608
107000126,2610,141,2469
107000129,428,403,25
107000130,1390,194,1196
107000131,336,269,67
107000132,821,216,605
107000133,317,119,198
107000134,301,0,301
107000135,3,216,-213
107000136,529,0,529
107000137,3,292,-289
107000138,114,25,89
107000139,7,381,-374
107000140,2187,72,2115
107000141,47,1393,-1346
107000142,649,45,604
107000143,9,1626,-1617
107000144,757,755,2
107000145,54,580,-526
107000146,183,304,-121
107000147,4637,555,4082
107000150,128,4980,-4852
107000151,1,25,-24
107000152,384,3138,-2754
107000153,60,125,-65
107000154,2,94,-92
107000155,1415,3,1412
107000156,1677,11,1666
107000157,36,367,-331
107000158,1656,43,1613
107000159,8,260,-252
107000160,2885,228,2657
107000161,82,235,-153
107000162,442,965,-523
107000163,521,37,484
107000164,2092,2,2090
107000165,2894,7,2887
107000166,9,184,-175
107000167,1827,298,1529
107000168,1422,562,860
107000169,240,363,-123
107000170,5228,657,4571
107000171,688,282,406
107000172,2780,2384,396
107000173,608,281,327
107000174,1235,8198,-6963
107000175,2348,329,2019
107000176,0,1,-1
107000177,1,0,1
107000178,277,3,274
107000179,556,495,61
107000180,2733,109,2624
107000181,714,328,386
107000182,2862,265,2597
107000183,359,249,110
107000184,2227,321,1906
107000185,378,492,-114
107000186,982,134,848
107000187,1563,1146,417
107000188,778,320,458
107000189,1223,418,805
107000190,1419,473,946
107000191,1535,542,993
107000192,2290,230,2060
107000193,388,299,89
107000194,749,195,554
107000197,1288,119,1169
107000198,350,344,6
107000199,681,592,89
107000200,957,670,287
107000201,311,168,143
107000202,485,381,104
107000203,428,899,-471
107000204,387,1996,-1609
107000205,617,256,361
107000206,181,792,-611
107000207,365,466,-101
107000208,885,336,549
107000209,432,436,-4
107000210,61,67,-6
107000211,0,65,-65
107000212,17,93,-76
107000213,17,9,8
107000214,24,20,4
107000215,893,158,735
107000216,646,50,596
107000217,230,693,-463
107000219,85,138,-53
107000220,52,203,-151
107000222,337,154,183
107000224,612,271,341
107000225,218,141,77
107000226,1083,430,653
107000227,153,112,41
107000228,142,528,-386
107000229,62,209,-147
107000230,850,472,378
107000231,381,948,-567
107000232,155,13,142
107000233,146,427,-281
107000234,2,99,-97
107000235,32,20,12
107000236,6,601,-595
107000237,86,0,86
107000238,39,7,32
107000239,1605,614,991
107000240,158,161,-3
107000243,0,66,-66
107000244,8,152,-144
107000246,1,281,-280
107000249,0,337,-337
107000251,0,63,-63
107000252,0,172,-172
107000255,179,249,-70
107000257,1,1109,-1108
107000258,15,161,-146
107000259,12,89,-77
107000260,2846,9,2837
107000262,94,138,-44
107000263,956,6,950
107000266,60,25,35
107000267,50,70,-20
107000268,358,23,335
107000269,38,2,36
107000270,291,49,242
107000271,14,0,14
107000272,145,0,145
107000273,16,125,-109
107000274,306,22,284
107000275,119,1407,-1288
107000280,2392,56,2336
107000281,80,288,-208
107000282,20,257,-237
107000290,4,52,-48
107000291,21,14,7
107000292,2,120,-118
107000293,63,2,61
107000294,1,461,-460
107000295,30,3,27
107000296,0,39,-39
107000444,291,1,290
107000496,37,6,31
107000497,839,785,54
107000500,485,133,352
107000501,77,157,-80
107000502,389,269,120
107000505,451,439,12
107000506,0,0,0
107000508,0,122,-122
107000509,159,768,-609
107000510,132,149,-17
107000514,43,609,-566
107000515,58,55,3
107000516,747,353,394
107000518,2726,5382,-2656
107000519,524,418,106
107000520,305,52,253
107000521,2160,250,1910
107000522,3336,342,2994
107900001,112,40,72
107900002,19,0,19
107900003,1143,23,1120
107900004,8,0,8
107900005,5723,60,5663
107900006,225,10,215
107900007,463,24,439
107900008,16,10,6
107900009,131,16,115
107900010,123,3,120
107900012,484,78,406
107900013,252,9,243
107900014,365,2,363
107900015,3484,29,3455
107900016,205,34,171
107900017,79,0,79
107900018,36,465,-429
107900019,6,3,3
107900020,5,35,-30
107900021,266,4,262
107900023,23,4,19
107900024,1,1,0
107900025,251,23,228
107900026,73,4,69
107900027,1,67,-66
107900028,448,12,436
107900030,433,14,419
107900031,210,84,126
107900032,57,9,48
107900033,42,15,27
107900034,482,11,471
107900035,2655,464,2191
107900036,27,40,-13
107900037,0,11,-11
107900038,35,427,-392
107900039,100,4,96
107900040,7,208,-201
107900041,0,1,-1
107900043,169,40,129
107900044,1,16,-15
107900045,269,46,223
107900046,513,1026,-513
107900047,82,5,77
107900048,630,34,596
107900049,344,1224,-880
107900050,35,77,-42
107900051,27,26,1
107900052,13,119,-106
107900053,187,46,141
107900055,466,107,359
107900056,117,223,-106
107900057,1,0,1
107900058,28,370,-342
107900060,18,144,-126
107900061,2,13,-11
107900063,132,82,50
107900064,155,1085,-930
107900065,1127,24,1103
107900066,45,1,44
107900067,0,0,0
107900068,67,634,-567
107900069,9,5383,-5374
107900070,180,202,-22
107900071,42,150,-108
107900072,333,16,317
107900073,63,308,-245
107900074,177,438,-261
107900076,218,10,208
107900077,164,2,162
107900079,5,39,-34
107900080,106,1052,-946
107900081,25,24,1
107900082,2,14,-12
107900083,613,271,342
107900084,324,82,242
107900086,43,757,-714
107900087,358,18,340
107900088,93,4,89
107900089,150,483,-333
107900090,706,2072,-1366
107900091,46,55,-9
107900093,32,120,-88
107900095,1141,1040,101
107900097,53,55,-2
107900098,270,322,-52
107900100,243,1889,-1646
107900101,393,12,381
107900102,35,0,35
107900103,42,100,-58
107900104,553,2,551
107900105,0,90,-90
107900106,0,147,-147
107900107,795,328,467
107900108,107,4,103
107900109,3208,56,3152
107900110,111,11,100
107900111,0,119,-119
107900112,47,616,-569
107900113,452,14,438
107900114,352,55,297
107900115,0,10,-10
107900116,528,48,480
107900117,225,168,57
107900118,21,57,-36
107900119,193,268,-75
107900120,94,5,89
107900121,20,121,-101
107900122,3,47,-44
107900123,13,178,-165
107900124,0,5,-5
107900125,2,62,-60
107900126,38,56,-18
107900127,1244,204,1040
107900128,34,29,5
107900129,302,1,301
107900130,168,10,158
107900131,78,104,-26
107900132,20,193,-173
107900133,1,8,-7
107900134,11,25,-14
107900135,2,29,-27
107900136,77,27,50
107900137,47,61,-14
107900138,257,7,250
107900139,112,23,89
107900141,29,85,-56
107900142,7,785,-778
107900143,19,8,11
107900144,0,16,-16
107900145,5,27,-22
107900146,29,34,-5
107900147,36,4,32
107900148,177,43,134
107900149,459,6,453
107900150,24,148,-124
107900151,25,13,12
107900152,19,58,-39
107900153,107,118,-11
107900154,132,17,115
107900155,172,29,143
107900156,0,51,-51
107900157,23,16,7
107900158,2646,181,2465
107900159,39,172,-133
107900160,227,26,201
107900161,194,28,166
107900162,2,92,-90
107900163,6,8,-2
107900164,71,21,50
107900165,21,557,-536
107900166,45,24,21
107900167,5,57,-52
107900168,117,6,111
107900169,2,1345,-1343
107900171,1,272,-271
107900172,1,74,-73
107900173,66,19,47
107900174,148,3,145
107900175,2,99,-97
107900176,131,11,120
107900177,0,191,-191
107900178,0,81,-81
107900179,77,57,20
107900180,162,1663,-1501
107900181,136,166,-30
107900182,118,289,-171
107900183,119,24,95
107900184,283,766,-483
107900185,206,4,202
107900186,11,15,-4
107900187,0,56,-56
107900188,647,60,587
107900189,27,347,-320
107900190,7,158,-151
107900191,52,67,-15
107900193,11,107,-96
107900194,159,9,150
107900195,1680,209,1471
107900196,223,39,184
107900197,166,132,34
107900199,0,274,-274
107900201,13,37,-24
107900203,29,18,11
107900204,102,81,21
107900206,249,782,-533
107900207,0,98,-98
107900208,0,108,-108
107900209,387,161,226
107900210,15,34,-19
107900213,283,112,171
107900214,3,40,-37
107900215,112,235,-123
107900216,8,11,-3
107900217,25,73,-48
107900218,2,930,-928
107900219,105,22,83
107900220,55,91,-36
107900221,41,70,-29
107900223,328,95,233
107900224,32,269,-237
107900225,1,169,-168
107900226,2,8,-6
107900227,99,78,21
107900228,78,29,49
107900229,2,35,-33
107900230,47,20,27
107900231,50,27,23
107900232,438,14,424
107900233,2,26,-24
107900234,497,28,469
107900235,6,47,-41
107900236,757,47,710
107900237,3,176,-173
107900238,99,10,89
107900239,132,709,-577
107900240,124,7,117
107900241,0,10,-10
107900242,10,35,-25
107900243,1,9,-8
107900244,268,3,265
107900245,1447,27,1420
107900246,272,34,238
107900248,461,41,420
107900249,1651,235,1416
107900250,1,195,-194
107900251,12,491,-479
107900252,939,84,855
107900253,283,26,257
107900254,83,171,-88
107900255,140,23,117
107900256,624,2208,-1584
107900257,518,124,394
107900258,125,45,80
107900259,23,4944,-4921
107900261,0,94,-94
107900262,161,50,111
107900264,1043,34,1009
107900265,140,334,-194
107900267,637,6,631
107900268,1,2,-1
107900269,0,2,-2
107900270,0,0,0
107900271,0,26,-26
107900272,18,57,-39
107900273,85,32,53
107900274,172,0,172
107900275,59,0,59
107900276,0,6,-6
107900277,0,13,-13
107900278,564,73,491
107900279,9,24,-15
107900280,3274,824,2450
107900281,835,10405,-9570
107900282,27,1390,-1363
107900283,218,995,-777
107900284,1029,375,654
107900285,231,35,196
107900286,6,23,-17
107900287,1307,156,1151
107900290,2,1093,-1091
107900291,564,8,556
107900292,80,55,25
107900293,84,106,-22
107900295,86,15,71
107900297,2,237,-235
107900298,438,345,93
107900299,1146,4074,-2928
107900301,941,784,157
107900302,103,17,86
107900303,620,143,477
107900304,1009,58,951
107900305,578,5,573
107900306,0,64,-64
107900307,11,122,-111
107900308,236,62,174
107900309,22,0,22
107900310,12,1,11
107900311,157,231,-74
107900312,43,0,43
107900313,0,86,-86
107900314,8,353,-345
107900315,1,37,-36
107900316,42,0,42
107900317,100,13,87
107900318,5,229,-224
107900319,3,17,-14
107900320,2,74,-72
107900321,292,1,291
107900322,0,17,-17
107900323,2,67,-65
107900324,98,0,98
107900325,326,1,325
107900326,1141,86,1055
107900327,0,77,-77
107900328,2,0,2
107900329,4,126,-122
107900330,0,33,-33
107900331,966,12,954
107900332,856,16,840
107900333,145,13,132
107900334,3,22,-19
107900335,11,43,-32
107900336,25,31,-6
107900337,315,1731,-1416
107900338,6,36,-30
107900339,2,6,-4
107900340,0,161,-161
107900341,67,0,67
107900342,239,35,204
107900343,56,0,56
107900344,6,13,-7
107900345,160,10,150
107900346,79,0,79
107900347,6,0,6
107900348,2,3,-1
107900349,26,3,23
107900350,3,63,-60
107900351,31,11,20
107900352,0,29,-29
107900353,75,24,51
107900354,31,11,20
108000001,5358,2631,2727
108000002,962,872,90
108000003,2757,1379,1378
108000004,6173,6650,-477
108000005,8634,3548,5086
108000006,2278,1711,567
108000007,6795,3023,3772
108000008,1921,2436,-515
108000009,6743,4140,2603
108000010,1877,2001,-124
108000011,13971,9841,4130
108000012,5672,6990,-1318
108000014,514,1379,-865
108000015,1116,261,855
108000016,323,447,-124
108000017,1284,215,1069
108000018,2159,488,1671
108000019,981,302,679
108000020,1434,235,1199
108000021,77,586,-509
108000022,311,255,56
108000023,2095,335,1760
108000024,663,135,528
108000025,516,59,457
108000026,1793,86,1707
108000027,1357,95,1262
108000028,1471,125,1346
108000029,1133,228,905
108000030,712,93,619
108000031,203,203,0
108000032,3614,383,3231
108000033,390,290,100
108000034,2428,480,1948
108000035,414,716,-302
108000036,378,368,10
108000037,3784,301,3483
108000038,6185,269,5916
108000039,536,554,-18
108000040,3498,940,2558
108000041,389,706,-317
108000042,974,72,902
108000043,216,259,-43
108000044,1172,61,1111
108000045,127,102,25
108000046,3160,155,3005
108000047,215,282,-67
108000048,78,193,-115
108000049,1087,250,837
108000050,114,401,-287
108000051,399,341,58
108000052,291,187,104
108000053,564,300,264
108000054,290,391,-101
108000055,1311,342,969
108000056,778,632,146
108000057,915,1207,-292
108000058,2141,5569,-3428
108000059,1146,626,520
108000060,360,765,-405
108000061,232,217,15
108000062,1689,318,1371
108000063,459,211,248
108000064,473,123,350
108000065,731,285,446
108000066,2143,965,1178
108000067,3565,785,2780
108000068,1548,356,1192
108000069,147,291,-144
108000070,2865,356,2509
108000071,291,410,-119
108000072,1712,553,1159
108000073,427,350,77
108000074,1003,351,652
108000075,188,199,-11
108000076,1205,375,830
108000077,411,226,185
108000078,3927,770,3157
108000079,274,280,-6
108000080,2994,748,2246
108000081,869,840,29
108000082,499,399,100
108000083,2836,576,2260
108000084,272,779,-507
108000085,1705,586,1119
108000086,301,256,45
108000087,152,3344,-3192
108000088,1666,405,1261
108000089,330,290,40
108000091,150,327,-177
108000092,799,127,672
108000093,450,287,163
108000094,1917,136,1781
108000095,250,202,48
108000096,1365,246,1119
108000097,302,359,-57
108000098,3545,803,2742
108000099,1219,195,1024
108000100,155,760,-605
108000101,1577,1272,305
108000102,1320,3257,-1937
108000106,1605,3,1602
108000107,0,173,-173
108000108,888,64,824
108000109,1,226,-225
108000110,882,151,731
108000111,335,395,-60
108000112,40,141,-101
108000113,398,98,300
108000115,377,128,249
108000117,342,204,138
108000118,218,2560,-2342
108000119,472,152,320
108000120,354,1152,-798
108000121,353,212,141
108000122,1654,242,1412
108000123,1749,904,845
108000124,504,879,-375
108000125,1194,229,965
108000126,455,627,-172
108000127,984,1679,-695
108000128,1204,231,973
108000129,389,623,-234
108000130,1024,393,631
108000131,1006,105,901
108000132,446,232,214
108000133,1520,139,1381
108000134,567,206,361
108000135,1835,952,883
108000136,748,661,87
108000137,806,154,652
108000138,586,366,220
108000139,918,157,761
108000140,1175,9,1166
108000141,23,12,11
108000142,25,33,-8
108000143,36,109,-73
108000144,1706,50,1656
108000145,104,0,104
108000146,1770,47,1723
108000147,31,2,29
108000148,1585,52,1533
108000149,19,2,17
108000150,73,8,65
108000151,29,16,13
108000152,110,89,21
108000153,2229,132,2097
108000154,33,1,32
108000155,155,56,99
108000156,683,249,434
108000157,174,3946,-3772
108000158,21,1334,-1313
108000159,110,190,-80
108000160,1535,1960,-425
108000161,1149,5685,-4536
108000165,1,708,-707
108000172,1,244,-243
108000173,296,2638,-2342
108000175,1234,207,1027
108000178,411,120,291
108000179,106,787,-681
108000181,146,11,135
108000182,75,44,31
108000183,11,66,-55
108000184,196,4884,-4688
108000185,661,62,599
108000186,900,140,760
108000187,208,256,-48
108000188,1615,277,1338
108000189,793,21275,-20482
108000190,42,193,-151
108000192,345,75,270
108000193,244,11,233
108000194,21,11,10
108000195,0,482,-482
108000196,88,1354,-1266
108000198,1623,85,1538
108000199,0,275,-275
108000200,1338,170,1168
108000203,637,259,378
108000204,266,48,218
108000205,136,169,-33
108000339,498,243,255
108000364,131,352,-221
108000365,138,335,-197
108000367,94,77,17
108000368,20,32,-12
108000369,247,67,180
108000371,1,275,-274
108000372,1259,16,1243
108000373,200,45,155
108000376,366,12,354
108000377,1530,92,1438
108000378,9424,15319,-5895
108000379,32,230,-198
108000381,272,10,262
108000382,121,0,121
108000383,0,242,-242
108900001,4,83,-79
108900002,191,25,166
108900003,245,177,68
108900004,29,354,-325
108900007,372,120,252
108900008,197,37,160
108900009,187,243,-56
108900010,595,85,510
108900011,1103,83,1020
108900012,674,129,545
108900013,175,190,-15
108900014,19,68,-49
108900015,4,33,-29
108900016,0,91,-91
108900017,73,283,-210
108900018,106,123,-17
108900019,37,148,-111
108900020,70,43,27
108900021,88,61,27
108900022,59,2,57
108900023,33,51,-18
108900024,45,23,22
108900025,456,19,437
108900026,25,11,14
108900027,1,28,-27
108900028,153,61,92
108900029,78,106,-28
108900030,1,12,-11
108900031,117,46,71
108900032,8,68,-60
108900033,0,20,-20
108900034,0,19,-19
108900035,235,262,-27
108900038,0,88,-88
108900039,1,67,-66
108900040,7,24,-17
108900041,2408,2839,-431
108900042,14,307,-293
108900043,11,386,-375
108900044,0,88,-88
108900045,54,67,-13
108900046,6,108,-102
108900047,33,95,-62
108900048,48,173,-125
108900049,484,3437,-2953
108900050,0,73,-73
108900051,4,23,-19
108900052,31,38,-7
108900053,169,721,-552
108900054,37,46,-9
108900055,35,170,-135
108900056,1,24,-23
108900057,0,33,-33
108900058,37,65,-28
108900059,1880,50,1830
108900060,58,94,-36
108900061,25,22,3
108900062,15,53,-38
108900063,35,31,4
108900064,483,5,478
108900065,100,72,28
108900066,591,40,551
108900067,5,68,-63
108900068,22,29,-7
108900069,100,8,92
108900070,19,41,-22
108900071,226,16,210
108900072,973,117,856
108900073,44,142,-98
108900074,596,31,565
108900075,6,14,-8
108900076,738,9,729
108900077,40,183,-143
108900078,102,8,94
108900079,548,53,495
108900080,3,1123,-1120
108900081,26,94,-68
108900082,124,37,87
108900083,14,248,-234
108900085,761,74,687
108900086,337,90,247
108900087,86,117,-31
108900088,467,672,-205
108900089,27,139,-112
108900090,66,53,13
108900091,294,26,268
108900092,360,380,-20
108900093,50,40,10
108900094,323,69,254
108900095,15,52,-37
108900096,297,5,292
108900097,294,48,246
108900098,915,1735,-820
108900099,777,73,704
108900100,65,28,37
108900101,435,628,-193
108900102,19,1865,-1846
108900103,380,168,212
108900105,7,3217,-3210
108900106,821,59,762
108900108,218,14,204
108900109,2032,73,1959
108900110,214,55,159
108900111,730,49,681
108900113,88,37,51
108900114,566,25,541
108900115,193,188,5
108900116,123,3,120
108900117,581,30,551
108900118,1536,31,1505
108900119,672,7,665
108900120,553,265,288
108900121,234,61,173
108900122,494,33,461
108900123,498,56,442
108900124,1507,108,1399
108900125,1342,7,1335
108900126,314,77,237
108900127,482,13,469
108900128,304,32,272
108900129,2398,93,2305
108900130,1137,2,1135
108900131,831,7,824
108900132,932,19,913
108900133,498,23,475
108900134,1113,111,1002
108900135,570,6,564
108900136,35,0,35
108900137,449,1,448
108900138,1291,36,1255
108900140,1283,37,1246
108900141,910,10,900
108900142,79,23,56
108900143,261,3,258
108900144,310,0,310
108900145,489,20,469
108900146,137,0,137
108900147,685,0,685
108900148,131,12,119
108900150,343,4,339
108900151,46,1,45
108900152,191,1,190
108900153,343,73,270
108900154,8912,289,8623
108900156,237,4,233
108900157,38,141,-103
108900158,922,57,865
108900159,151,217,-66
108900160,14,187,-173
108900161,260,857,-597
108900162,284,1,283
108900163,7,490,-483
108900164,98,26,72
108900168,3087,2095,992
108900169,47,70,-23
108900171,2168,3632,-1464
108900172,106,41,65
108900173,50,194,-144
108900174,1098,220,878
108900176,23,124,-101
108900177,1658,12157,-10499
108900178,916,6408,-5492
108900180,83,153,-70
108900183,137,68,69
108900184,321,52,269
108900185,31,79,-48
108900186,93,151,-58
108900189,634,61,573
108900190,38,574,-536
108900192,36,83,-47
108900195,94,56,38
108900196,27,146,-119
108900199,267,148,119
108900200,972,511,461
108900201,295,479,-184
108900203,538,101,437
108900204,611,8,603
108900205,383,25,358
108900206,592,121,471
108900207,326,459,-133
108900208,7,154,-147
108900209,71,145,-74
108900210,64,57,7
108900211,125,610,-485
108900212,63,2517,-2454
108900215,61,160,-99
108900216,177,734,-557
108900217,109,0,109
108900218,26,14,12
108900221,53,61,-8
108900224,10,31,-21
108900225,0,114,-114
108900227,245,266,-21
108900230,41,83,-42
108900232,1,48,-47
108900233,558,157,401
108900234,285,236,49
108900235,36,133,-97
108900236,12,123,-111
108900240,188,23,165
108900241,152,35,117
108900245,4,2970,-2966
108900250,268,24,244
108900258,7,38,-31
108900259,13,19,-6
108900260,17,15,2
108900261,32,24,8
108900262,47,69,-22
108900263,10,126,-116
108900264,26,90,-64
108900265,240,499,-259
108900266,131,2333,-2202
108900267,1,539,-538
108900268,70,79,-9
108900269,247,20,227
108900270,241,11,230
108900271,149,2,147
108900272,601,15,586
108900273,211,505,-294
108900274,159,27,132
109000001,4759,5350,-591
109000002,713,4160,-3447
109000003,4486,383,4103
109000004,1021,2001,-980
109000005,2678,367,2311
109000006,1223,872,351
109000007,2806,437,2369
109000008,1477,805,672
109000009,4761,891,3870
109000010,1155,1425,-270
109000011,7859,1596,6263
109000012,1739,1622,117
109000013,7380,6297,1083
109000014,1820,965,855
109000015,4759,21181,-16422
109000016,2464,992,1472
109000017,4900,835,4065
109000018,1370,1145,225
109000019,3921,1395,2526
109000020,1581,1063,518
109000023,372,14,358
109000024,5,283,-278
109000025,129,754,-625
109000026,587,287,300
109000027,77,442,-365
109000028,149,12,137
109000029,48,417,-369
109000030,217,329,-112
109000031,642,57,585
109000032,67,320,-253
109000033,986,185,801
109000034,55,61,-6
109000035,62,23,39
109000036,49,197,-148
109000037,456,5195,-4739
109000038,228,129,99
109000039,1280,819,461
109000040,1793,17216,-15423
109000041,935,4095,-3160
109000042,884,2330,-1446
109000044,784,101,683
109000045,407,115,292
109000046,614,29,585
109000047,53,150,-97
109000048,655,312,343
109000049,224,285,-61
109000050,606,280,326
109000051,363,112,251
109000052,488,349,139
109000053,4817,379,4438
109000054,67,566,-499
109000055,674,1606,-932
109000056,233,281,-48
109000057,1613,513,1100
109000058,291,96,195
109000059,75,822,-747
109000060,162,659,-497
109000061,276,1612,-1336
109000062,208,366,-158
109000063,306,32,274
109000064,1077,68,1009
109000065,447,85,362
109000066,794,64,730
109000067,127,118,9
109000068,653,9,644
109000069,622,38,584
109000070,16,2337,-2321
109000071,382,45,337
109000072,127,205,-78
109000073,154,46,108
109000074,17,123,-106
109000075,118,104,14
109000076,250,396,-146
109000077,340,97,243
109000078,259,105,154
109000079,203,32,171
109000080,663,52,611
109000081,343,233,110
109000082,1695,102,1593
109000083,449,254,195
109000088,219,117,102
109000089,512,130,382
109000090,120,131,-11
109000091,884,111,773
109000092,147,94,53
109000093,587,64,523
109000094,1806,8,1798
109000095,461,172,289
109000096,1774,101,1673
109000097,142,49,93
109000098,89,64,25
109000099,1127,148,979
109000100,574,255,319
109000101,2968,244,2724
109000102,713,231,482
109000103,2894,269,2625
109000104,4431,177,4254
109000105,664,309,355
109000106,2947,287,2660
109000107,609,556,53
109000108,3892,385,3507
109000109,557,541,16
109000110,1887,398,1489
109000111,636,751,-115
109000112,470,56,414
109000113,706,264,442
109000114,56,304,-248
109000115,752,70,682
109000116,43,810,-767
109000117,351,15,336
109000118,23,212,-189
109000119,3318,37,3281
109000120,901,237,664
109000121,1910,79,1831
109000122,559,167,392
109000123,248,70,178
109000124,1480,312,1168
109000125,1089,291,798
109000126,734,511,223
109000127,4263,135,4128
109000128,866,314,552
109000129,5447,266,5181
109000130,487,376,111
109000131,2471,1061,1410
109000132,485,766,-281
109000133,114,225,-111
109000134,549,360,189
109000135,563,601,-38
109000136,317,185,132
109000137,415,197,218
109000138,456,142,314
109000139,861,262,599
109000140,204,373,-169
109000141,1632,686,946
109000142,157,200,-43
109000143,152,75,77
109000145,24,366,-342
109000146,30,11,19
109000148,1218,1709,-491
109000149,27,60,-33
109000150,50,132,-82
109000155,1320,1008,312
109000156,868,222,646
109000158,25,237,-212
109000159,96,209,-113
109000160,2624,133,2491
109000161,1384,596,788
109000162,3499,216,3283
109000163,2071,474,1597
109000164,2325,1074,1251
109000165,2120,305,1815
109000166,1658,54,1604
109000167,83,174,-91
109000170,32,26,6
109000171,186,14,172
109000172,5,56,-51
109000173,12,192,-180
109000174,429,16,413
109000175,180,201,-21
109000176,742,120,622
109000177,38,32,6
109000178,1885,90,1795
109000179,2598,9331,-6733
109000180,2838,3739,-901
109000181,105,10,95
109000182,51,15,36
109000183,36,6,30
109000184,138,24,114
109000185,53,15,38
109000188,565,2266,-1701
109000189,4844,3166,1678
109000190,1063,308,755
109000191,312,781,-469
109000192,1033,68,965
109000193,714,87,627
109000194,585,20,565
109000195,492,47,445
109000196,366,30,336
109000197,432,98,334
109000198,484,37,447
109000199,422,164,258
109000206,189,21,168
109000207,318,12,306
109000208,137,78,59
109000209,155,71,84
109000210,256,220,36
109000211,2543,335,2208
109000214,679,209,470
109000215,146,31,115
109000216,455,518,-63
109000217,138,137,1
109000218,441,552,-111
109000221,184,284,-100
109000222,828,126,702
109000223,1252,685,567
109000224,212,59,153
109000225,740,24,716
109000226,263,146,117
109000227,3493,235,3258
109000228,1,361,-360
109000231,0,53,-53
109000232,1390,128,1262
109000236,357,388,-31
109000241,2316,435,1881
109000242,2017,294,1723
109000293,205,169,36
109000361,390,98,292
109000364,77,375,-298
109000396,3,166,-163
109000397,1149,36,1113
109000399,281,203,78
109000400,150,199,-49
109000403,26,2458,-2432
109000406,1442,2,1440
109000407,204,58,146
109000408,1,350,-349
109000410,1313,183,1130
109000411,871,33,838
109000412,0,58,-58
109900001,248,1,247
109900002,1585,21,1564
109900003,1154,2,1152
109900005,85,5,80
109900006,1029,56,973
109900007,2458,79,2379
109900008,0,2,-2
109900009,247,180,67
109900010,1132,85,1047
109900011,18,16,2
109900012,611,136,475
109900013,756,81,675
109900014,309,127,182
109900015,150,24,126
109900016,140,2,138
109900017,371,107,264
109900018,216,14,202
109900019,162,36,126
109900020,87,45,42
109900021,57,5,52
109900022,312,160,152
109900023,23,2,21
109900024,16,0,16
109900025,8,40,-32
109900027,13,2,11
109900028,376,4551,-4175
109900029,1,129,-128
109900030,72,8,64
109900031,6,856,-850
109900032,7,69,-62
109900033,0,230,-230
109900034,20,2,18
109900035,252,268,-16
109900036,61,448,-387
109900037,1,164,-163
109900038,112,79,33
109900039,6,0,6
109900040,22,76,-54
109900041,55,154,-99
109900042,39,1080,-1041
109900044,127,649,-522
109900045,96,33,63
109900046,304,66,238
109900047,290,223,67
109900048,3,44,-41
109900049,35,44,-9
109900050,1,14,-13
109900051,0,3,-3
109900052,90,735,-645
109900053,1,35,-34
109900054,1879,81,1798
109900055,202,185,17
109900056,93,559,-466
109900057,1,74,-73
109900058,0,19,-19
109900060,1591,58,1533
109900061,108,47,61
109900062,0,46,-46
109900064,1021,48,973
109900065,53,31,22
109900066,379,284,95
109900067,0,86,-86
109900068,156,1,155
109900069,1,17,-16
109900071,0,3,-3
109900072,8,39,-31
109900073,1066,153,913
109900074,0,13,-13
109900075,80,48,32
109900076,76,63,13
109900077,21,18,3
109900078,106,19,87
109900080,149,86,63
109900081,0,125,-125
109900082,117,101,16
109900083,9,8,1
109900084,60,144,-84
109900085,87,108,-21
109900086,136,1900,-1764
109900087,57,207,-150
109900089,893,121,772
109900092,270,245,25
109900093,1772,124,1648
109900094,64,52,12
109900095,48,77,-29
109900096,306,3,303
109900097,278,1,277
109900098,1213,38,1175
109900099,855,0,855
109900100,137,0,137
109900101,1337,2,1335
109900102,941,32,909
109900103,64,42,22
109900104,1933,39,1894
109900105,1025,23,1002
109900106,612,32,580
109900107,1031,17,1014
109900108,135,74,61
109900109,7,84,-77
109900111,60,194,-134
109900114,296,1167,-871
109900115,272,110,162
109900117,2769,84,2685
109900121,183,88,95
109900123,36,37,-1
109900125,0,50,-50
109900126,877,10,867
109900130,2702,5376,-2674
109900131,31,40,-9
109900132,4,69,-65
109900134,64,60,4
109900135,576,37,539
109900137,433,106,327
109900140,132,58,74
109900149,19,5,14
109900150,0,12,-12
109900151,4,3,1
109900152,0,31,-31
109900153,0,47,-47
109900154,17,0,17
109900155,48,24,24
109900157,190,70,120
109900159,101,11,90
109900161,424,27,397
109900162,342,50,292
109900163,235,53,182
109900164,46,164,-118
109900165,359,3,356
109900166,0,388,-388
109900167,173,127,46
109900168,99,209,-110
109900169,448,116,332
109900170,347,2312,-1965
109900171,590,76,514
109900172,514,488,26
109900173,1988,2837,-849
109900174,38,43,-5
109900175,115,342,-227
109900176,171,67,104
109900177,35,40,-5
109900178,4,198,-194
109900179,5,10,-5
109900180,3,10,-7
110000001,923,205,718
110000002,643,405,238
110000003,647,413,234
110000004,240,462,-222
110000005,232,2721,-2489
110000006,468,283,185
110000007,124,21,103
110000008,12,528,-516
110000009,92,13,79
110000010,75,147,-72
110000011,60,22,38
110000012,1209,119,1090
110000013,91,1097,-1006
110000014,779,393,386
110000015,149,979,-830
110000016,356,2167,-1811
110000017,2515,198,2317
110000018,2316,593,1723
110000019,23,44,-21
110000020,999,553,446
110000021,164,157,7
110000022,1445,76,1369
110000023,3,70,-67
110000024,839,123,716
110000025,2496,5,2491
110000026,1,215,-214
110000027,609,1203,-594
110000028,1473,275,1198
110000029,812,284,528
110000030,507,585,-78
110000031,728,180,548
110000032,1455,127,1328
110000033,386,167,219
110000034,1208,292,916
110000035,1086,366,720
110000036,2202,385,1817
110000037,615,155,460
110000038,520,984,-464
110000039,961,9980,-9019
110000040,547,443,104
110000041,376,3573,-3197
110000042,187,428,-241
110000043,715,439,276
110000044,24,367,-343
110000045,152,83,69
110000046,5,126,-121
110000047,8,38,-30
110000048,2,158,-156
110000049,7,9,-2
110000050,2,119,-117
110000051,36,20,16
110000052,139,50,89
110000053,11,9,2
110000054,57,516,-459
110000055,126,303,-177
110000056,60,270,-210
110000057,576,210,366
110000058,2102,278,1824
110000059,817,544,273
110000060,1290,600,690
110000061,405,346,59
110000062,444,432,12
110000063,53,410,-357
110000064,242,14,228
110000065,280,218,62
110000066,64,1,63
110000067,36,42,-6
110000068,790,28,762
110000069,1095,1,1094
110000071,1238,7,1231
110000073,55,7,48
110000075,66,104,-38
110000076,640,727,-87
110000077,263,2195,-1932
110000078,112,6,106
110000080,141,181,-40
110000081,46,415,-369
110000082,17,502,-485
110000083,258,364,-106
110000084,2087,1611,476
110000085,720,1760,-1040
110000086,817,2358,-1541
110000087,68,69,-1
110000088,219,207,12
110000089,729,67,662
110000090,275,728,-453
110000091,607,124,483
110000092,23,20,3
110000093,34,28,6
110000094,663,99,564
110000095,95,626,-531
110000096,1150,3364,-2214
110000097,857,1860,-1003
110000098,2192,432,1760
110000099,1538,1552,-14
110000100,3454,128,3326
110000101,373,91,282
110000102,132,74,58
110000104,476,245,231
110000105,95,860,-765
110000106,648,518,130
110000107,192,267,-75
110000108,219,217,2
110000109,304,140,164
110000110,950,1791,-841
110000111,1969,2569,-600
110000112,159,1235,-1076
110000113,60,4067,-4007
110000114,1159,949,210
110000115,1372,110,1262
110000116,176,116,60
110000117,781,109,672
110000118,1263,132,1131
110000119,933,71,862
110000120,561,117,444
110000121,116,444,-328
110000122,745,241,504
110000123,593,181,412
110000124,2,376,-374
110000125,1297,7,1290
110000126,283,7,276
110000127,1329,57,1272
110000128,28,283,-255
110000129,3,173,-170
110000130,486,220,266
110000131,68,163,-95
110000132,4,198,-194
110000133,81,678,-597
110000134,33,390,-357
110000135,353,9,344
110000136,92,83,9
110000137,1212,156,1056
110000138,1097,161,936
110000139,2337,204,2133
110000140,1043,686,357
110000143,777,259,518
110000144,1532,1267,265
110000145,1690,1174,516
110000146,1047,491,556
110000147,299,992,-693
110000148,1195,204,991
110000151,650,1599,-949
110000152,936,936,0
110000153,421,4,417
110000154,32,75,-43
110000155,397,1355,-958
110000156,908,668,240
110000157,1193,1979,-786
110000160,430,133,297
110000161,418,237,181
110000166,1531,100,1431
110000167,2625,847,1778
110000168,685,1095,-410
110000169,933,558,375
110000170,234,168,66
110000171,542,130,412
110000172,496,281,215
110000173,394,374,20
110000174,142,174,-32
110000175,2170,161,2009
110000176,28,1683,-1655
110000177,157,2647,-2490
110000178,355,4594,-4239
110000179,1032,317,715
110000180,879,242,637
110000181,1662,255,1407
110000182,896,71,825
110000183,4417,8927,-4510
110000184,234,4160,-3926
110000185,432,675,-243
110000186,509,1882,-1373
110000191,1900,74,1826
110000192,1388,18,1370
110000193,2042,20,2022
110000194,1,1357,-1356
110000195,982,62,920
110000196,1078,94,984
110000197,151,35,116
110000198,105,41,64
110000199,83,283,-200
110000200,732,1640,-908
110000201,1462,2835,-1373
110000202,1293,419,874
110000203,294,431,-137
110000204,5,128,-123
110000205,512,36,476
110000206,215,270,-55
110000207,2555,185,2370
110000208,152,326,-174
110000209,38,178,-140
110000210,1902,521,1381
110000211,1053,555,498
110000212,701,1808,-1107
110000213,707,15,692
110000214,744,81,663
110000215,248,66,182
110000216,258,65,193
110000217,955,90,865
110000218,458,44,414
110000219,890,28,862
110000220,59,57,2
110000221,920,15,905
110000222,113,88,25
110000223,31,62,-31
110000224,4,8,-4
110000225,253,608,-355
110000226,413,37,376
110000227,844,1217,-373
110000228,442,90,352
110000229,2,104,-102
110000230,812,578,234
110000231,389,644,-255
110000232,159,253,-94
110000233,119,584,-465
110000234,336,360,-24
110000235,909,718,191
110000236,1029,601,428
110000237,3347,1518,1829
110000238,1151,632,519
110000239,2931,556,2375
110000240,0,30,-30
110000242,0,11,-11
110000243,384,96,288
110000244,51,174,-123
110000245,29,245,-216
110000246,2144,589,1555
110000247,1388,1290,98
110000248,1031,331,700
110000249,189,5,184
110000250,8,465,-457
110000251,718,212,506
110000252,780,188,592
110000253,3179,372,2807
110000254,1245,362,883
110000255,231,279,-48
110000256,703,217,486
110000257,384,194,190
110000258,4,397,-393
110000259,554,23,531
110000260,126,71,55
110000263,1006,38,968
110000264,1143,217,926
110000265,1462,1201,261
110000266,1041,1411,-370
110000267,19,30,-11
110000268,260,103,157
110000269,0,52,-52
110000270,100,0,100
110000271,1627,208,1419
110000272,1206,1103,103
110000273,1543,648,895
110000274,316,4797,-4481
110000275,1367,1152,215
110000276,293,1498,-1205
110000277,600,891,-291
110000278,578,1071,-493
110000279,1029,321,708
110000280,1321,336,985
110000281,185,94,91
110000282,186,19,167
110000283,26,71,-45
110000284,41,3,38
110000285,0,120,-120
110000286,26,0,26
110000287,103,45,58
110000288,4,162,-158
110000289,402,3283,-2881
110000290,207,1011,-804
110000291,1632,565,1067
110000292,766,11553,-10787
110000293,830,1042,-212
110000294,2485,3582,-1097
110000295,814,871,-57
110000296,1341,401,940
110000297,4293,121,4172
110000298,117,419,-302
110000299,259,53,206
110000301,685,26,659
110000302,929,2872,-1943
110000303,1449,25,1424
110000304,372,646,-274
110000305,2592,40,2552
110000306,682,272,410
110000307,4664,3,4661
110000308,657,4,653
110000309,10,785,-775
110000310,1580,25,1555
110000311,20,845,-825
110000312,733,56,677
110000313,3075,1633,1442
110000314,0,159,-159
110000315,1319,1170,149
110000316,346,960,-614
110000317,225,1029,-804
110000318,8,169,-161
110000319,6,22,-16
110000320,48,66,-18
110000321,72,105,-33
110000322,288,600,-312
110000323,1345,267,1078
110000324,2238,800,1438
110000325,1303,6039,-4736
110000327,550,143,407
110000328,181,678,-497
110000333,1298,1934,-636
110000334,327,882,-555
110000335,768,359,409
110000336,422,2411,-1989
110000337,2353,987,1366
110000338,652,892,-240
110000339,760,190,570
110000340,33,244,-211
110000341,892,464,428
110000342,43,6,37
110000343,2,18,-16
110000344,51,2094,-2043
110000345,118,1717,-1599
110000346,1329,2023,-694
110000347,1547,492,1055
110000348,122,21,101
110000349,22,3,19
110000350,146,2,144
110000351,1887,281,1606
110000352,977,2192,-1215
110000353,2944,394,2550
110000354,2021,6540,-4519
110000355,394,11,383
110000356,380,3,377
110000357,1155,13,1142
110000361,69,7,62
110000362,388,19,369
110000363,1048,27,1021
110000364,496,297,199
110000365,106,0,106
110000366,0,177,-177
110000367,939,131,808
110000368,8,85,-77
110000369,117,13,104
110000373,0,807,-807
110000374,145,59,86
110000375,171,957,-786
110000376,55,108,-53
110000377,106,244,-138
110000378,7,429,-422
110000379,1599,3630,-2031
110000380,194,0,194
110000383,0,528,-528
110000384,1249,177,1072
110000385,3,227,-224
110000387,305,17,288
110000388,95,102,-7
110000389,1418,4,1414
110000391,1432,992,440
110000396,475,117,358
110000397,101,39,62
110000398,34,18,16
110000399,319,6,313
110000587,309,421,-112
110000589,289,90,199
110000640,210,4,206
110000652,13,1118,-1105
110000653,799,146,653
110000654,6,223,-217
110000656,0,229,-229
110000674,58,27,31
110000675,2,17,-15
110000676,2,29,-27
110000679,150,1262,-1112
110000682,209,274,-65
110000683,449,85,364
110000684,1,26,-25
110000685,2,14,-12
110000686,0,131,-131
110000687,15,5,10
110000688,39,1993,-1954
110000689,58,7,51
110000692,13,208,-195
110000693,29,349,-320
110000694,5,68,-63
110000695,177,1500,-1323
110000696,142,21,121
110000698,155,725,-570
110000699,934,110,824
110900001,493,16,477
110900002,401,129,272
110900003,3080,91,2989
110900004,959,52,907
110900005,1093,6436,-5343
110900006,118,79,39
110900007,407,195,212
110900008,15,5,10
110900009,390,1234,-844
110900010,4,6,-2
110900011,26,27,-1
110900012,3,24,-21
110900013,1570,85,1485
110900014,544,57,487
110900015,211,553,-342
110900016,166,54,112
110900017,912,32,880
110900018,527,9,518
110900019,993,14,979
110900020,507,49,458
110900021,223,206,17
110900022,82,61,21
110900023,21,188,-167
110900024,230,72,158
110900025,8,37,-29
110900027,98,52,46
110900028,44,41,3
110900029,13,54,-41
110900030,39,51,-12
110900031,27,77,-50
110900032,0,29,-29
110900033,31,96,-65
110900035,3,409,-406
110900036,277,1,276
110900037,251,2,249
110900038,348,84,264
110900039,0,174,-174
110900040,314,4,310
110900041,1,13,-12
110900042,148,50,98
110900043,12,42,-30
110900044,75,39,36
110900045,214,148,66
110900046,3,99,-96
110900047,139,589,-450
110900049,291,35,256
110900050,93,2,91
110900051,36,52,-16
110900052,2,483,-481
110900053,211,8,203
110900054,12,243,-231
110900055,18,0,18
110900056,183,60,123
110900057,4,133,-129
110900058,511,45,466
110900059,459,151,308
110900060,374,15,359
110900061,54,31,23
110900062,349,50,299
110900063,46,34,12
110900064,18,0,18
110900065,47,102,-55
110900066,10,29,-19
110900067,78,718,-640
110900068,258,44,214
110900069,4,4,0
110900070,287,12,275
110900071,91,1535,-1444
110900073,0,2,-2
110900074,1129,104,1025
110900075,1062,39,1023
110900077,2398,269,2129
110900078,228,23,205
110900079,804,1104,-300
110900080,292,48,244
110900081,28,10,18
110900082,377,47,330
110900083,246,20,226
110900084,217,4,213
110900085,18,65,-47
110900086,65,307,-242
110900087,435,287,148
110900088,4,1,3
110900090,37,116,-79
110900091,0,26,-26
110900093,263,39,224
110900095,21,12,9
110900097,31,6,25
110900098,10,14,-4
110900099,9,87,-78
110900100,0,9,-9
110900102,55,4,51
110900105,751,62,689
110900108,21,22,-1
110900111,1410,44,1366
110900112,650,18,632
110900113,356,243,113
110900115,2,25,-23
110900116,2754,821,1933
110900118,47,6019,-5972
110900119,1212,89,1123
110900120,329,68,261
110900121,112,0,112
110900122,556,149,407
110900125,353,1357,-1004
110900127,354,1344,-990
110900128,95,478,-383
110900129,63,1019,-956
110900130,212,392,-180
110900131,507,622,-115
110900132,990,12,978
110900133,77,1165,-1088
110900135,36,76,-40
110900136,645,59,586
110900138,1,0,1
110900139,33,2,31
110900140,0,0,0
110900141,418,445,-27
110900142,61,63,-2
110900143,550,25,525
110900144,1,125,-124
110900145,361,202,159
110900146,148,536,-388
110900147,74,485,-411
110900148,2,269,-267
110900149,4,26,-22
110900150,74,12,62
110900151,0,50,-50
110900152,23,20,3
110900153,415,22,393
111000001,2836,1164,1672
111000002,787,371,416
111000003,5051,1961,3090
111000004,938,937,1
111000005,2654,2440,214
111000006,715,1947,-1232
111000007,4129,9483,-5354
111000008,2663,4651,-1988
111000009,370,766,-396
111000010,2067,490,1577
111000011,132,774,-642
111000012,509,584,-75
111000013,593,1390,-797
111000014,3323,746,2577
111000017,17,714,-697
111000018,108,378,-270
111000020,331,702,-371
111000021,55,162,-107
111000023,119,565,-446
111000025,2784,5400,-2616
111000029,148,150,-2
111000030,40,39,1
111000031,1506,619,887
111000032,674,953,-279
111000033,207,60,147
111000034,65,128,-63
111000037,378,78,300
111000038,2197,931,1266
111000039,2180,722,1458
111000040,1934,607,1327
111000041,712,349,363
111000042,1642,1842,-200
111000043,1395,8484,-7089
111000044,1912,411,1501
111000045,3467,983,2484
111000046,2837,954,1883
111000047,2410,7882,-5472
111000049,553,215,338
111000050,1475,422,1053
111000051,865,696,169
111000052,642,2042,-1400
111000053,240,267,-27
111000054,347,569,-222
111000055,218,1088,-870
111000056,362,1381,-1019
111000057,229,670,-441
111000058,1221,121,1100
111000059,954,605,349
111000060,7513,1181,6332
111000061,1203,270,933
111000062,1442,542,900
111000063,1341,1432,-91
111000064,1027,264,763
111000065,1498,419,1079
111000066,1215,192,1023
111000067,1946,187,1759
111000068,1495,321,1174
111000069,1411,1315,96
111000070,803,476,327
111000071,343,213,130
111000072,2011,795,1216
111000073,307,2428,-2121
111000074,1887,1308,579
111000075,662,347,315
111000076,951,354,597
111000077,1101,502,599
111000078,1849,287,1562
111000079,1016,500,516
111000080,869,355,514
111000081,1455,7875,-6420
111000082,1355,270,1085
111000084,1100,281,819
111000085,1498,809,689
111000086,1906,875,1031
111000087,910,378,532
111000088,3073,6401,-3328
111000089,1202,444,758
111000090,596,649,-53
111000091,901,176,725
111000092,3177,642,2535
111000093,1611,2053,-442
111000094,2220,1086,1134
111000095,1418,3595,-2177
111000096,1234,10242,-9008
111000097,1837,638,1199
111000098,336,485,-149
111000099,479,753,-274
111000100,631,804,-173
111000101,443,450,-7
111000102,429,278,151
111000104,1470,89,1381
111000107,215,319,-104
111000109,1581,162,1419
111000110,2044,424,1620
111000111,5840,111,5729
111000112,3596,264,3332
111000113,1108,3639,-2531
111000114,1369,8237,-6868
111000115,2201,652,1549
111000116,773,427,346
111000117,257,740,-483
111000118,910,966,-56
111000119,2133,337,1796
111000120,914,591,323
111000121,334,806,-472
111000122,605,439,166
111000123,1043,574,469
111000124,596,999,-403
111000125,423,1166,-743
111000126,448,928,-480
111000127,1982,171,1811
111000128,4711,208,4503
111000129,5151,256,4895
111000130,4752,270,4482
111000131,4477,229,4248
111000132,3335,2907,428
111000133,244,34,210
111000134,213,35,178
111000135,120,170,-50
111000136,689,124,565
111000138,87,0,87
111000140,0,4,-4
111000141,130,138,-8
111000142,2,67,-65
111000143,5,283,-278
111000144,21,596,-575
111000145,61,6,55
111000146,245,0,245
111000147,74,18,56
111000148,139,37,102
111000149,7,81,-74
111000150,167,2,165
111000151,4,180,-176
111000153,374,173,201
111000154,251,46,205
111000155,149,71,78
111000156,474,159,315
111000157,259,326,-67
111000158,875,425,450
111000159,2236,592,1644
111000160,497,133,364
111000161,31,189,-158
111000162,1,42,-41
111000163,1497,792,705
111000164,457,2945,-2488
111000165,754,132,622
111000166,253,65,188
111000167,185,179,6
111000168,217,190,27
111000169,354,159,195
111000170,192,230,-38
111000171,581,247,334
111000172,320,283,37
111000173,492,357,135
111000174,513,101,412
111000175,54,242,-188
111000176,1332,35,1297
111000177,1766,78,1688
111000178,3101,130,2971
111000179,770,54,716
111000180,227,245,-18
111000181,3019,174,2845
111000182,346,306,40
111000183,352,1401,-1049
111000184,441,59,382
111000185,356,431,-75
111000186,190,1583,-1393
111000187,159,118,41
111000188,463,418,45
111000189,266,146,120
111000190,371,77,294
111000191,279,101,178
111000192,320,235,85
111000193,329,121,208
111000194,105,206,-101
111000195,178,180,-2
111000196,104,38,66
111000197,1318,71,1247
111000198,1003,30,973
111000199,645,465,180
111000200,1279,918,361
111000201,1552,48,1504
111000202,709,57,652
111000203,747,253,494
111000204,265,2455,-2190
111000213,363,297,66
111000214,1513,657,856
111000215,1214,395,819
111000217,1799,191,1608
111000218,2774,456,2318
111000219,374,93,281
111000220,874,498,376
111000221,210,13,197
111000224,35,175,-140
111000225,596,480,116
111000226,415,7,408
111000227,60,0,60
111000228,25,793,-768
111000229,9,1795,-1786
111000230,262,109,153
111000231,1304,189,1115
111000232,1410,1923,-513
111000233,3027,286,2741
111000234,352,580,-228
111000239,80,17,63
111000240,61,689,-628
111000241,76,123,-47
111000242,391,57,334
111000243,295,284,11
111000244,1924,444,1480
111000245,872,689,183
111000246,933,84,849
111000247,739,551,188
111000248,972,162,810
111000249,450,137,313
111000250,104,12,92
111000251,109,47,62
111000253,35,13,22
111000255,122,0,122
111000257,70,13,57
111000260,104,264,-160
111000261,2960,62,2898
111000271,81,286,-205
111000273,2047,644,1403
111000274,1329,2886,-1557
111000275,242,11,231
111000276,1384,1244,140
111000277,453,142,311
111000278,457,127,330
111000291,2602,15961,-13359
111000298,576,112,464
111000299,1161,149,1012
111000300,116,327,-211
111000302,515,38,477
111000303,236,102,134
111000312,145,17,128
111000315,11,115,-104
111000320,312,142,170
111000321,508,168,340
111000322,880,111,769
111000323,561,67,494
111000324,191,54,137
111000325,45,53,-8
111000326,227,198,29
111000327,407,206,201
111000328,513,558,-45
111000329,0,57,-57
111000330,464,2,462
111000331,74,2,72
111000332,251,510,-259
111000334,200,933,-733
111000335,2203,502,1701
111000337,3733,207,3526
111000338,190,34,156
111000339,1490,57,1433
111000340,101,1370,-1269
111000341,3209,1957,1252
111000342,132,718,-586
111000344,1788,254,1534
111000345,63,76,-13
111000346,66,125,-59
111000347,409,3,406
111000350,155,94,61
111000351,198,378,-180
111000352,245,111,134
111000353,235,138,97
111000354,589,171,418
111000355,582,283,299
111000358,144,323,-179
111000360,266,127,139
111000361,320,90,230
111000546,1983,417,1566
111000547,888,655,233
111000548,501,107,394
111000549,439,61,378
111000550,23,1563,-1540
111000551,267,46,221
111000552,505,133,372
111000907,4910,54,4856
111000908,109,0,109
111000916,5035,307,4728
111000917,88,454,-366
111000918,167,274,-107
111000920,1938,6,1932
111000921,0,59,-59
111000922,2262,48,2214
111000924,155,356,-201
111000925,6906,2758,4148
111000926,1523,2440,-917
111000927,1977,5940,-3963
111000928,3860,1673,2187
111000929,2124,873,1251
111000930,1661,3557,-1896
111000931,2161,879,1282
111000932,2681,1420,1261
111000933,3153,3156,-3
111000934,1317,842,475
111000935,4184,1020,3164
111000936,1455,665,790
111000937,1674,1305,369
111000938,2066,892,1174
111000939,1447,39,1408
111000940,1776,9,1767
111000941,783,182,601
111000943,829,98,731
111000944,299,112,187
111000945,532,1491,-959
111001109,570,1055,-485
111001110,213,135,78
111001111,307,2,305
111001112,194,44,150
111001113,0,208,-208
111001114,671,122,549
111001115,4,935,-931
111001116,2576,9900,-7324
111001117,346,3895,-3549
111001120,143,120,23
111001121,282,50,232
111001122,555,93,462
111001123,760,111,649
111001124,218,76,142
111001125,46,1423,-1377
111001126,6,0,6
111001127,0,26,-26
111001128,2130,367,1763
111900001,4,22,-18
111900002,0,54,-54
111900003,2,100,-98
111900004,3,39,-36
111900006,34,155,-121
111900007,553,4,549
111900008,772,1,771
111900009,623,0,623
111900010,18,46,-28
111900012,24,15,9
111900013,98,11,87
111900014,816,9625,-8809
111900015,0,3,-3
111900016,0,32,-32
111900017,0,9,-9
111900018,312,3,309
111900019,0,124,-124
111900020,0,10,-10
111900021,11,24,-13
111900022,11,3,8
111900023,42,11,31
111900024,208,272,-64
111900025,0,26,-26
111900026,0,64,-64
111900027,0,48,-48
111900028,51,50,1
111900029,1,19,-18
111900030,16,98,-82
111900032,1,59,-58
111900033,10,16,-6
111900034,32,120,-88
111900035,95,1307,-1212
111900036,0,45,-45
111900038,23,119,-96
111900039,11,242,-231
111900040,1,53,-52
111900042,10,23,-13
111900043,0,93,-93
111900044,21,78,-57
111900046,1,16,-15
111900048,786,170,616
111900049,2,45,-43
111900050,451,14,437
111900051,2,65,-63
111900052,88,43,45
111900053,490,3553,-3063
111900054,694,2,692
111900055,0,65,-65
111900056,113,350,-237
111900057,315,14,301
111900058,1349,236,1113
111900059,766,780,-14
111900060,728,3,725
111900061,2,17,-15
111900062,54,364,-310
111900063,486,61,425
111900064,13,33,-20
111900065,261,48,213
111900066,99,172,-73
111900067,0,111,-111
111900068,102,200,-98
111900069,140,7,133
111900070,355,3,352
111900071,0,43,-43
111900072,45,110,-65
111900073,2089,283,1806
111900074,2,88,-86
111900075,138,19,119
111900076,593,106,487
111900077,30,1,29
111900078,766,99,667
111900079,53,96,-43
111900080,70,83,-13
111900082,322,63,259
111900083,575,89,486
111900084,248,15,233
111900085,33,29,4
111900086,277,18,259
111900087,314,2,312
111900088,1528,34,1494
111900089,222,4,218
111900090,59,124,-65
111900091,1234,8,1226
111900092,357,0,357
111900093,1154,38,1116
111900094,227,1,226
111900095,879,24,855
111900096,393,3,390
111900097,269,0,269
111900098,770,16,754
111900099,110,0,110
111900100,229,7,222
111900101,476,5,471
111900102,1378,1232,146
111900103,70,74,-4
111900104,125,6,119
111900105,117,210,-93
111900106,158,4,154
111900110,2697,172,2525
111900111,430,15,415
111900112,130,7795,-7665
111900113,267,69,198
111900118,879,55,824
111900119,183,83,100
111900122,23,36,-13
111900123,21,16,5
111900124,20,9,11
111900125,1451,101,1350
111900126,1104,3,1101
111900127,0,65,-65
111900128,23,117,-94
111900129,576,0,576
111900130,74,64,10
111900131,1129,1,1128
111900132,4,266,-262
111900133,20,165,-145
111900134,1,66,-65
111900135,2,11,-9
111900136,49,101,-52
111900137,37,4,33
111900138,4,40,-36
111900139,0,33,-33
111900140,143,26,117
111900141,120,0,120
111900142,194,3,191
111900143,210,37,173
111900144,3,39,-36
111900145,0,140,-140
111900146,0,40,-40
111900147,22,239,-217
111900148,6,350,-344
111900149,20,106,-86
111900150,4,25,-21
111900151,5,19,-14
111900152,52,68,-16
111900153,482,690,-208
111900154,52,1316,-1264
111900155,97,421,-324
111900156,72,73,-1
111900157,317,36,281
111900158,1053,82,971
111900159,973,99,874
111900160,612,0,612
111900161,869,3,866
111900162,285,787,-502
111900163,1,53,-52
111900164,161,29,132
111901113,1916,81,1835
111901114,489,1380,-891
111901115,475,1,474
111901116,164,2,162
111901117,28,95,-67
111901118,11,952,-941
111901119,173,9,164
111901121,14,31,-17
111901122,0,81,-81
111901123,576,39,537
111901124,478,4,474
111901125,1817,234,1583
111901127,1506,1781,-275
111901128,8,23,-15
111901129,2,52,-50
111901130,3,245,-242
111901131,2,90,-88
111901132,208,77,131
111901133,294,1,293
111901134,641,4,637
111901135,85,13,72
111901138,3,16,-13
111901139,0,21,-21
111901140,4,21,-17
111901141,6,48,-42
111901142,13,61,-48
111901143,4,40,-36
111901144,96,28,68
111901145,17,852,-835
111901146,28,3,25
111901147,215,1448,-1233
111901148,5,166,-161
111901149,127,4,123
111901150,372,3,369
111901151,564,0,564
111901152,7,8,-1
112000001,3831,825,3006
112000002,1027,1874,-847
112000003,5965,1197,4768
112000004,1663,445,1218
112000005,5357,5685,-328
112000006,648,411,237
112000007,5513,3849,1664
112000008,4694,4280,414
112000009,2773,926,1847
112000010,5132,5134,-2
112000011,1602,781,821
112000012,3092,4502,-1410
112000013,1225,1568,-343
112000014,685,3352,-2667
112000015,942,2663,-1721
112000016,1899,3724,-1825
112000017,315,4142,-3827
112000024,356,137,219
112000026,1355,851,504
112000027,623,561,62
112000028,534,794,-260
112000029,586,705,-119
112000030,109,12,97
112000031,970,3196,-2226
112000032,94,5,89
112000033,1617,3944,-2327
112000034,76,20,56
112000035,39,845,-806
112000036,99,1125,-1026
112000037,570,1970,-1400
112000038,764,1376,-612
112000039,136,10,126
112000040,36,137,-101
112000041,247,254,-7
112000042,488,54,434
112000050,1463,600,863
112000051,1222,3299,-2077
112000054,1168,1150,18
112000057,729,82,647
112000058,256,177,79
112000059,460,391,69
112000061,1995,437,1558
112000062,441,873,-432
112000063,208,3669,-3461
112000064,2032,1392,640
112000065,818,735,83
112000066,2734,1132,1602
112000067,371,296,75
112000068,3368,2036,1332
112000069,587,1227,-640
112000070,1352,758,594
112000071,1255,1252,3
112000072,4112,549,3563
112000073,1269,1793,-524
112000074,1176,1004,172
112000075,1662,1136,526
112000076,3228,1789,1439
112000077,1484,408,1076
112000078,3170,791,2379
112000079,2786,1060,1726
112000080,1095,540,555
112000081,967,998,-31
112000082,1940,228,1712
112000083,1222,582,640
112000084,1460,362,1098
112000085,2512,328,2184
112000086,3382,447,2935
112000087,1530,189,1341
112000088,1389,198,1191
112000089,353,250,103
112000090,160,116,44
112000091,544,235,309
112000092,2997,508,2489
112000093,1852,273,1579
112000094,751,380,371
112000095,1054,232,822
112000096,1013,300,713
112000097,4285,328,3957
112000098,271,325,-54
112000099,1060,2796,-1736
112000100,4020,424,3596
112000101,838,270,568
112000102,3399,271,3128
112000103,583,222,361
112000105,730,278,452
112000106,6357,286,6071
112000107,522,110,412
112000108,2025,435,1590
112000109,1040,90,950
112000110,3905,564,3341
112000111,606,984,-378
112000112,2935,194,2741
112000113,1235,1201,34
112000114,3604,520,3084
112000115,545,211,334
112000116,745,251,494
112000117,1731,451,1280
112000118,603,359,244
112000119,505,257,248
112000120,75,135,-60
112000121,357,122,235
112000122,926,83,843
112000123,1423,44,1379
112000124,919,83,836
112000125,496,251,245
112000126,1737,159,1578
112000127,1965,1918,47
112000128,675,386,289
112000129,176,48,128
112000130,603,66,537
112000131,57,60,-3
112000132,326,84,242
112000133,896,64,832
112000134,780,162,618
112000135,1858,1220,638
112000136,1030,3329,-2299
112000137,1983,1490,493
112000138,1271,640,631
112000139,537,505,32
112000140,144,344,-200
112000141,1524,208,1316
112000142,226,269,-43
112000143,2090,85,2005
112000144,271,366,-95
112000145,4306,230,4076
112000146,647,487,160
112000147,3332,960,2372
112000148,717,494,223
112000149,998,384,614
112000150,1064,186,878
112000151,681,110,571
112000152,1112,168,944
112000153,438,63,375
112000154,234,634,-400
112000155,134,87,47
112000157,389,747,-358
112000158,382,102,280
112000159,1998,212,1786
112000167,461,238,223
112000169,188,1010,-822
112000173,1731,90,1641
112000175,1002,236,766
112000176,478,951,-473
112000177,1939,477,1462
112000178,73,108,-35
112000179,479,52,427
112000180,453,104,349
112000181,862,370,492
112000182,2541,178,2363
112000183,58,15,43
112000184,571,142,429
112000185,1688,124,1564
112000187,4690,3165,1525
112000195,343,6,337
112000196,101,0,101
112000197,58,54,4
112000198,23,143,-120
112000199,440,313,127
112000202,1305,5,1300
112000216,55,133,-78
112000230,185,0,185
112000231,1,46,-45
112000256,50,365,-315
112000313,166,19,147
112000314,62,43,19
112000337,150,624,-474
112000352,105,224,-119
112000392,1840,452,1388
112000398,3047,527,2520
112000399,1205,5804,-4599
112000400,769,558,211
112000401,1214,1082,132
112000402,4468,4384,84
112000403,1222,9356,-8134
112000404,2456,1252,1204
112000405,4113,2301,1812
112000406,2339,788,1551
112000407,12124,6115,6009
112000408,3773,1078,2695
112000409,2422,1054,1368
112000410,147,262,-115
112000411,1195,1807,-612
112000412,278,128,150
112000413,2509,7238,-4729
112000414,255,9,246
112000415,186,5,181
112000416,6335,724,5611
112000417,385,61,324
112000421,184,38,146
112000422,335,112,223
112000424,887,3998,-3111
112000425,556,139,417
112000426,699,323,376
112000427,0,27,-27
112000428,470,406,64
112000429,2070,1593,477
112000430,2574,3155,-581
112000431,213,206,7
112000432,960,324,636
112000433,266,284,-18
112000437,58,88,-30
112900001,64,0,64
112900002,1199,71,1128
112900003,60,37,23
112900004,78,91,-13
112900005,579,50,529
112900007,6,5,1
112900008,0,64,-64
112900009,548,327,221
112900010,503,157,346
112900011,81,103,-22
112900012,1,8,-7
112900013,2,218,-216
112900014,6,45,-39
112900015,71,176,-105
112900016,1,94,-93
112900017,54,48,6
112900018,843,160,683
112900019,6,109,-103
112900020,185,292,-107
112900021,0,111,-111
112900022,19,17,2
112900023,50,22,28
112900024,5,53,-48
112900025,131,90,41
112900026,7,15,-8
112900027,3,148,-145
112900028,61,46,15
112900029,7,64,-57
112900030,37,145,-108
112900031,1,213,-212
112900032,238,117,121
112900034,1,2,-1
112900035,0,52,-52
112900036,5,63,-58
112900037,172,262,-90
112900038,1024,44,980
112900039,1,92,-91
112900040,1,199,-198
112900041,356,731,-375
112900042,380,71,309
112900043,22,23,-1
112900044,89,59,30
112900045,108,99,9
112900046,33,48,-15
112900047,2,11,-9
112900049,678,11,667
112900050,11,135,-124
112900051,163,131,32
112900052,9,261,-252
112900053,66,266,-200
112900054,92,54,38
112900055,20,15,5
112900056,156,135,21
112900057,110,207,-97
112900058,345,689,-344
112900059,125,210,-85
112900060,35,26,9
112900061,54,31,23
112900062,143,12,131
112900063,25,22,3
112900064,28,32,-4
112900065,14,5,9
112900066,233,432,-199
112900067,279,51,228
112900068,34,172,-138
112900069,808,1689,-881
112900071,60,18,42
112900072,104,7576,-7472
112900073,509,310,199
112900074,260,699,-439
112900075,557,1941,-1384
112900076,5,16,-11
112900078,179,986,-807
112900079,208,67,141
112900080,279,5,274
112900081,55,674,-619
112900082,762,33,729
112900083,241,235,6
112900084,587,493,94
112900086,257,1,256
112900087,2584,230,2354
112900088,547,8,539
112900089,1100,26,1074
112900090,134,71,63
112900091,576,16,560
112900092,44,976,-932
112900093,1378,44,1334
112900095,333,3,330
112900096,992,213,779
112900097,109,78,31
112900098,136,0,136
112900099,2087,15,2072
112900100,211,7,204
112900101,579,2,577
112900102,71,39,32
112900103,349,12,337
112900104,1929,10,1919
112900105,69,0,69
112900106,617,98,519
112900107,5,0,5
112900108,1,1,0
112900109,320,1,319
112900110,2585,21,2564
112900111,1260,8,1252
112900112,795,0,795
112900113,0,0,0
112900114,778,2,776
112900115,3439,2,3437
112900116,181,2,179
112900117,147,24,123
112900118,4,15,-11
112900119,695,9,686
112900120,313,183,130
112900121,21,36,-15
112900122,2,43,-41
112900123,741,38,703
112900124,1,24,-23
112900125,4,155,-151
112900126,25,64,-39
112900127,927,23,904
112900128,40,138,-98
112900129,0,229,-229
112900130,284,25,259
112900131,22,71,-49
112900132,50,578,-528
112900133,30,1341,-1311
112900134,0,102,-102
112900135,116,40,76
112900137,66,322,-256
112900138,0,65,-65
112900139,13,249,-236
112900141,963,6,957
112900142,91,510,-419
112900143,2,207,-205
112900144,7,263,-256
112900145,1,135,-134
112900146,5,181,-176
112900147,0,265,-265
112900148,39,0,39
112900149,224,182,42
112900151,2,20,-18
112900152,2281,159,2122
112900153,138,6388,-6250
112900154,0,48,-48
112900155,94,7,87
112900156,1163,187,976
112900157,761,16,745
112900158,73,2,71
112900159,126,427,-301
112900160,37,66,-29
112900161,294,10,284
112900162,1,8,-7
112900163,15,49,-34
112900164,11,313,-302
112900165,34,31,3
112900166,13,58,-45
112900167,6,1032,-1026
112900168,5,1,4
112900169,5,10,-5
112900170,117,15,102
112900172,7,23,-16
112900173,132,95,37
112900174,532,44,488
112900175,147,200,-53
112900176,9,44,-35
112900177,443,85,358
112900178,428,4552,-4124
112900179,4,254,-250
112900180,2077,520,1557
112900181,1331,7,1324
112900182,61,233,-172
112900183,62,105,-43
112900184,208,138,70
112900185,25,263,-238
112900186,620,543,77
112900187,39,297,-258
112900188,403,1105,-702
112900189,5,0,5
112900190,1,3,-2
112900192,353,399,-46
112900193,685,199,486
112900194,30,7,23
112900195,757,26,731
112900196,369,204,165
112900197,42,195,-153
112900199,685,54,631
112900200,628,30,598
112900201,212,201,11
112900202,958,295,663
112900203,419,61,358
112900204,319,124,195
112900205,19,3,16
112900206,32,25,7
112900207,9,0,9
112900208,39,1200,-1161
112900209,51,117,-66
112900210,0,28,-28
112900211,85,2,83
112900212,0,30,-30
112900213,30,29,1
112900214,6,4,2
112900215,6,7,-1
112900216,35,18,17
112900217,0,13,-13
112900218,187,2,185
112900219,257,5,252
112900220,1,0,1
112900221,7,59,-52
112900222,1,512,-511
112900223,1103,25,1078
112900224,1384,106,1278
112900225,1051,52,999
112900226,61,169,-108
112900227,730,87,643
112900228,115,33,82
112900229,690,31,659
112900230,4937,1966,2971
112900232,326,327,-1
112900233,111,60,51
112900234,88,0,88
112900235,6,1,5
112900236,1649,22,1627
112900237,1033,83,950
112900238,2,0,2
112900239,285,1085,-800
112900240,5,16,-11
112900241,6,23,-17
112900242,26,19,7
112900243,24,39,-15
112900244,3,68,-65
112900245,0,85,-85
112900246,0,9,-9
112900247,55,200,-145
112900248,1,0,1
112900249,49,3,46
112900250,225,4,221
112900251,403,4,399
112900252,395,1,394
112900253,263,1,262
112900254,34,5,29
112900255,39,29,10
112900256,2,29,-27
112900257,8,12,-4
112900258,123,4,119
113000001,5569,3648,1921
113000002,6742,2905,3837
113000003,2180,1132,1048
113000004,2944,1197,1747
113000005,2014,990,1024
113000006,2079,1060,1019
113000007,2566,904,1662
113000008,2423,978,1445
113000009,1539,510,1029
113000010,2469,582,1887
113000011,1275,650,625
113000012,1410,566,844
113000013,465,311,154
113000014,748,1068,-320
113000015,63,97,-34
113000016,244,412,-168
113000017,18,328,-310
113000018,607,58,549
113000019,123,455,-332
113000020,260,32,228
113000021,2534,728,1806
113000022,1152,2465,-1313
113000025,53,204,-151
113000026,1123,496,627
113000027,989,546,443
113000028,366,895,-529
113000029,387,503,-116
113000030,134,374,-240
113000031,98,151,-53
113000032,138,69,69
113000033,170,115,55
113000034,155,46,109
113000035,11,9,2
113000036,7,21,-14
113000037,20,10,10
113000038,4,40,-36
113000039,19,220,-201
113000040,37,30,7
113000042,1042,399,643
113000051,2068,2580,-512
113000052,2634,360,2274
113000053,854,245,609
113000054,792,705,87
113000055,2591,243,2348
113000056,2917,754,2163
113000058,425,805,-380
113000059,949,199,750
113000060,498,576,-78
113000061,803,746,57
113000062,267,305,-38
113000063,615,30,585
113000064,162,221,-59
113000065,245,248,-3
113000066,1557,86,1471
113000067,4618,315,4303
113000068,672,377,295
113000069,869,276,593
113000070,3915,355,3560
113000071,693,228,465
113000072,1834,251,1583
113000073,569,660,-91
113000074,1032,551,481
113000075,1864,577,1287
113000076,544,2016,-1472
113000077,519,412,107
113000078,366,912,-546
113000079,404,504,-100
113000080,646,614,32
113000081,923,1305,-382
113000082,787,358,429
113000083,815,774,41
113000084,1238,696,542
113000085,1087,637,450
113000086,523,1105,-582
113000087,1347,1707,-360
113000088,919,916,3
113000089,841,1256,-415
113000090,73,789,-716
113000091,165,245,-80
113000094,1933,162,1771
113000095,295,208,87
113000096,124,333,-209
113000097,1226,344,882
113000098,69,148,-79
113000099,1244,637,607
113000100,127,295,-168
113000101,102,208,-106
113000102,784,368,416
113000103,3133,183,2950
113000104,764,2463,-1699
113000105,1421,356,1065
113000106,547,148,399
113000107,1561,737,824
113000108,1368,447,921
113000109,660,986,-326
113000110,6323,610,5713
113000111,537,364,173
113000112,1503,244,1259
113000113,2288,271,2017
113000114,127,642,-515
113000116,413,162,251
113000117,570,57,513
113000118,79,845,-766
113000119,226,276,-50
113000120,60,338,-278
113000121,404,595,-191
113000124,347,159,188
113000125,4,1257,-1253
113000127,987,101,886
113000128,1289,81,1208
113000129,218,649,-431
113000133,1466,243,1223
113000134,8,2123,-2115
113000135,4544,4260,284
113000137,687,2455,-1768
113000139,199,34,165
113000140,55,33,22
113000141,49,33,16
113000142,174,126,48
113000143,381,95,286
113000144,133,125,8
113000145,97,111,-14
113000146,87,11,76
113000147,238,24,214
113000148,322,23,299
113000149,206,114,92
113000150,291,139,152
113000151,20,24,-4
113000152,48,183,-135
113000153,617,137,480
113000154,237,1744,-1507
113000155,303,736,-433
113000156,183,82,101
113000157,263,68,195
113000158,459,50,409
113000159,933,113,820
113000160,558,149,409
113000161,483,60,423
113000162,868,80,788
113000163,80,31,49
113000164,21,100,-79
113000166,409,11,398
113000167,83,50,33
113000168,313,59,254
113000169,284,23,261
113000170,103,34,69
113000171,26,52,-26
113000172,338,12,326
113000173,125,10,115
113000174,236,64,172
113000175,675,15,660
113000176,888,42,846
113000177,245,56,189
113000178,271,105,166
113000179,400,22,378
113000180,864,1695,-831
113000181,2281,981,1300
113000182,75,788,-713
113000183,152,661,-509
113000184,14,92,-78
113000189,208,183,25
113000190,190,113,77
113000192,550,3195,-2645
113000193,1184,2525,-1341
113000194,1117,4103,-2986
113000195,1158,1575,-417
113000196,775,88,687
113000197,1134,3183,-2049
113000198,178,400,-222
113000199,2211,317,1894
113000201,1108,325,783
113000202,8096,1836,6260
113000203,108,532,-424
113000204,464,3736,-3272
113000205,9,23,-14
113000206,9,5,4
113000207,83,12,71
113000208,34,26,8
113000209,25,21,4
113000210,18,23,-5
113000211,84,99,-15
113000212,8,7,1
113000213,24,113,-89
113000214,325,181,144
113000234,305,247,58
113000410,8,124,-116
113000411,829,1061,-232
113000412,4420,764,3656
113000413,1149,1094,55
113000414,3040,12794,-9754
113000415,1548,836,712
113000416,1385,1234,151
113000417,507,1009,-502
113000418,5085,2785,2300
113000419,1031,878,153
113000420,2384,4600,-2216
113000421,4384,5093,-709
113000422,5905,7948,-2043
113000423,737,2915,-2178
113000424,935,8301,-7366
113000425,2,170,-168
113000428,7,7,0
113000430,2,71,-69
113000432,4338,227,4111
113000433,43,366,-323
113000434,17,103,-86
113000435,12,78,-66
113000436,10,357,-347
113000437,2398,28,2370
113000438,717,16,701
113000439,41,7,34
113000440,277,20,257
113000441,251,165,86
113000442,453,30,423
113000443,691,79,612
113000444,962,15,947
113000445,60,43,17
113000446,53,186,-133
113000448,363,513,-150
113000449,179,1453,-1274
113000450,669,5613,-4944
113000451,3341,748,2593
113000452,72,994,-922
113000453,23,613,-590
113000454,188,241,-53
113000455,4,990,-986
113000456,606,1023,-417
113000468,466,93,373
113000469,35,110,-75
113000470,324,16,308
113000471,15,403,-388
113000472,96,181,-85
113000474,1812,682,1130
113000475,1337,678,659
113000476,4074,2059,2015
113000477,4906,2032,2874
113000478,2369,2212,157
113000479,236,140,96
113000484,0,0,0
113000485,0,0,0
113000486,0,0,0
113000487,0,0,0
113000488,0,0,0
113000489,0,0,0
113000490,0,0,0
113000491,0,0,0
113000492,0,0,0
113000493,0,0,0
113000495,406,75,331
113000496,147,162,-15
113000497,0,0,0
113000499,0,0,0
113900001,4,2221,-2217
113900002,1,110,-109
113900003,1,160,-159
113900004,0,246,-246
113900005,3,522,-519
113900006,3,192,-189
113900007,0,0,0
113900008,0,0,0
113900009,0,0,0
113900010,0,0,0
113900011,0,0,0
113900012,248,0,248
113900013,78,5,73
113900014,940,2,938
113900015,9,3,6
113900016,31,0,31
113900017,2,10,-8
113900018,36,182,-146
113900019,475,0,475
113900020,352,2,350
113900022,74,1,73
113900023,75,0,75
113900024,23,8,15
113900025,293,19,274
113900026,84,0,84
113900027,21,17,4
113900028,6,147,-141
113900029,94,12,82
113900030,924,0,924
113900031,42,3,39
113900032,81,0,81
113900033,96,20,76
113900035,67,0,67
113900036,46,20,26
113900037,147,1008,-861
113900038,23,205,-182
113900039,357,3,354
113900040,8,23,-15
113900041,33,1,32
113900042,115,5,110
113900043,140,15,125
113900044,73,140,-67
113900045,85,2,83
113900046,65,385,-320
113900047,257,17,240
113900048,137,100,37
113900049,121,623,-502
113900050,177,115,62
113900051,355,49,306
113900052,42,108,-66
113900053,242,784,-542
113900054,28,0,28
113900055,80,364,-284
113900056,90,6,84
113900057,5,10,-5
113900058,63,3,60
113900059,414,71,343
113900060,21,1049,-1028
113900061,224,51,173
113900062,60,3,57
113900063,156,10,146
113900064,2,26,-24
113900065,672,20,652
113900066,1244,57,1187
113900067,604,177,427
113900068,252,1128,-876
113900069,6,14,-8
113900070,44,128,-84
113900071,213,4,209
113900072,20,23,-3
113900073,854,128,726
113900074,384,274,110
113900075,533,2551,-2018
113900076,81,5,76
113900077,11,25,-14
113900078,54,6,48
113900079,0,9,-9
113900080,570,63,507
113900081,131,40,91
113900082,198,205,-7
113900083,729,53,676
113900084,235,39,196
113900085,14,100,-86
113900086,126,21,105
113900087,60,97,-37
113900088,109,249,-140
113900089,456,11,445
113900090,356,121,235
113900091,7,11,-4
113900092,24,78,-54
113900093,34,1974,-1940
113900094,696,212,484
113900095,151,79,72
113900096,286,82,204
113900097,27,105,-78
113900098,889,228,661
113900099,0,4,-4
113900100,0,1,-1
113900101,10,72,-62
113900102,57,92,-35
113900103,144,341,-197
113900104,177,160,17
113900105,532,26,506
113900106,0,29,-29
113900107,0,2,-2
113900108,30,144,-114
113900109,139,262,-123
113900110,26,28,-2
113900111,232,55,177
113900112,312,33,279
113900113,1177,342,835
113900114,0,19,-19
113900115,0,28,-28
113900116,12,213,-201
113900117,19,39,-20
113900118,93,1074,-981
113900119,26,152,-126
113900120,117,15,102
113900121,209,20,189
113900122,119,4939,-4820
113900123,432,46,386
113900124,10,47,-37
113900125,455,88,367
113900126,42,69,-27
113900127,296,502,-206
113900128,294,24,270
113900129,20,79,-59
113900130,0,32,-32
113900131,189,15,174
113900132,28,41,-13
113900133,27,15,12
113900135,364,136,228
113900136,46,25,21
113900137,228,99,129
113900138,7,127,-120
113900139,311,489,-178
113900140,8,88,-80
113900141,973,103,870
113900142,71,14,57
113900143,17,114,-97
113900144,62,74,-12
113900145,387,32,355
113900146,308,56,252
113900148,35,99,-64
113900149,94,220,-126
113900150,223,108,115
113900151,483,109,374
113900152,43,17,26
113900153,39,83,-44
113900154,1,33,-32
113900155,53,126,-73
113900156,171,156,15
113900157,29,273,-244
113900158,54,44,10
113900159,0,195,-195
113900160,336,633,-297
113900161,156,186,-30
113900162,54,99,-45
113900163,218,51,167
113900164,484,13,471
113900165,289,240,49
113900166,10,42,-32
113900167,267,28,239
113900168,52,29,23
113900169,145,101,44
113900171,228,47,181
113900172,40,36,4
113900173,1,146,-145
113900174,228,148,80
113900175,246,132,114
113900176,171,101,70
113900177,130,61,69
113900178,175,160,15
113900179,4,87,-83
113900180,98,42,56
113900181,1183,107,1076
113900182,368,165,203
113900183,35,41,-6
113900184,2,158,-156
113900185,31,24,7
113900186,6,1,5
113900187,13,37,-24
113900188,4,24,-20
113900189,245,151,94
113900190,73,3,70
113900191,11,20,-9
113900192,1807,2608,-801
113900193,4,46,-42
113900194,514,154,360
113900195,242,126,116
113900196,0,22,-22
113900197,0,20,-20
113900198,3,178,-175
113900199,16,102,-86
113900200,1,21,-20
113900201,4,42,-38
113900202,18,5,13
113900203,11,22,-11
113900204,2,84,-82
113900205,1,12,-11
113900206,0,23,-23
113900207,1,23,-22
113900208,0,8,-8
113900209,0,1,-1
113900210,246,547,-301
113900211,147,18,129
113900212,385,157,228
113900214,132,98,34
113900215,77,79,-2
113900216,174,161,13
113900217,228,80,148
113900218,24,90,-66
113900219,86,227,-141
113900220,76,150,-74
113900221,161,633,-472
113900222,386,797,-411
113900223,530,428,102
113900224,35,22,13
113900225,906,96,810
113900226,225,95,130
113900227,169,144,25
113900228,257,397,-140
113900229,19,1036,-1017
113900230,1383,2795,-1412
113900231,109,20,89
113900232,91,3,88
113900233,154,7,147
113900234,313,486,-173
113900235,119,14,105
113900236,478,74,404
113900237,198,3,195
113900238,70,264,-194
113900239,18,53,-35
113900240,0,79,-79
113900241,13,40,-27
113900242,23,49,-26
113900243,5,75,-70
113900244,117,77,40
113900245,203,81,122
113900246,7,30,-23
113900247,34,510,-476
113900248,1325,1981,-656
113900249,231,570,-339
113900250,19,482,-463
113900251,1438,36,1402
113900252,1033,12,1021
113900253,736,17,719
113900254,475,132,343
113900255,1427,20,1407
113900256,718,21,697
113900257,11,279,-268
113900258,7,117,-110
113900259,943,64,879
113900260,279,0,279
113900261,44,27,17
113900262,202,145,57
113900263,3,92,-89
113900264,0,107,-107
113900265,102,2114,-2012
113900266,3,61,-58
113900267,20,221,-201
113900268,74,1503,-1429
113900269,39,118,-79
113900270,156,202,-46
113900271,402,203,199
113900273,5,21,-16
113900274,58,90,-32
113900275,1,52,-51
113900276,6,42,-36
113900277,416,0,416
113900278,89,60,29
113900279,61,16,45
113900280,576,265,311
113900281,54,545,-491
113900282,59,86,-27
113900283,495,286,209
113900284,1490,133,1357
113900285,91,19,72
113900286,2,18,-16
113900287,149,13,136
113900288,0,72,-72
113900289,391,231,160
113900290,395,877,-482
113900291,109,35,74
113900292,2,12,-10
113900293,0,69,-69
113900294,1203,12,1191
113900295,323,55,268
113900296,309,66,243
113900297,2512,38,2474
113900298,51,889,-838
113900299,205,9,196
113900300,2156,2068,88
113900301,97,933,-836
113900302,1599,905,694
113900303,189,1591,-1402
113900304,0,46,-46
113900305,262,0,262
113900306,117,3,114
113900307,17,0,17
113900308,12,35,-23
113900309,0,142,-142
113900310,0,0,0
113900311,14,0,14
113900312,37,107,-70
113900313,0,0,0
113900314,16,3,13
113900315,527,2,525
114000001,889,637,252
114000002,481,156,325
114000003,505,423,82
114000004,1109,157,952
114000005,985,145,840
114000006,1241,450,791
114000007,1155,463,692
114000008,2426,1180,1246
114000009,2151,213,1938
114000011,3084,1208,1876
114000012,5740,1415,4325
114000013,3271,1676,1595
114000014,1392,235,1157
114000015,3544,167,3377
114000016,793,47,746
114000017,115,1422,-1307
114000018,109,19,90
114000026,5148,868,4280
114000027,6508,2531,3977
114000028,1970,3636,-1666
114000038,572,102,470
114000039,180,29,151
114000040,186,519,-333
114000042,196,98,98
114000043,324,258,66
114000044,762,37,725
114000045,80,23,57
114000046,1735,3070,-1335
114000047,11,135,-124
114000048,186,104,82
114000049,2710,875,1835
114000050,2320,710,1610
114000051,3984,1506,2478
114000052,3896,3863,33
114000053,48,894,-846
114000054,430,745,-315
114000055,525,100,425
114000056,195,620,-425
114000057,2781,1051,1730
114000058,58,988,-930
114000059,65,1558,-1493
114000060,833,1010,-177
114000061,2272,2512,-240
114000062,292,664,-372
114000063,1327,1059,268
114000064,1402,4841,-3439
114000065,1132,1164,-32
114000066,994,677,317
114000067,35,1786,-1751
114000068,366,1031,-665
114000069,1337,358,979
114000070,1925,915,1010
114000071,1182,202,980
114000072,1796,368,1428
114000073,49,12,37
114000074,148,12,136
114000075,108,21,87
114000076,50,52,-2
114000077,4,3,1
114000078,820,596,224
114000079,684,187,497
114000080,202,86,116
114000081,200,94,106
114000082,300,192,108
114000083,81,18,63
114000084,456,107,349
114000085,111,196,-85
114000086,230,669,-439
114000087,595,42,553
114000088,26,36,-10
114000089,413,187,226
114000090,852,814,38
114000091,847,725,122
114000092,728,261,467
114000093,1829,338,1491
114000094,845,294,551
114000095,405,286,119
114000096,69,155,-86
114000097,160,184,-24
114000098,1134,159,975
114000099,1500,125,1375
114000100,2730,297,2433
114000101,675,280,395
114000102,1702,250,1452
114000103,311,120,191
114000104,6,298,-292
114000105,406,162,244
114000106,547,3576,-3029
114000107,666,192,474
114000108,888,329,559
114000109,996,7746,-6750
114000110,1262,297,965
114000111,3619,2445,1174
114000112,491,598,-107
114000113,4604,241,4363
114000114,493,535,-42
114000115,5408,397,5011
114000116,984,7046,-6062
114000117,7136,593,6543
114000118,6372,259,6113
114000119,5515,325,5190
114000120,1653,515,1138
114000121,628,385,243
114000122,513,357,156
114000123,3762,288,3474
114000124,2942,276,2666
114000125,1225,1043,182
114000126,3030,351,2679
114000127,301,98,203
114000128,1558,173,1385
114000130,724,390,334
114000131,641,76,565
114000132,1293,163,1130
114000133,950,609,341
114000134,173,10,163
114000138,49,55,-6
114000139,511,376,135
114000144,662,733,-71
114000145,95,21,74
114000146,225,14,211
114000147,918,2685,-1767
114000148,623,2164,-1541
114000149,358,270,88
114000150,489,964,-475
114000151,624,4508,-3884
114000152,103,48,55
114000153,895,1685,-790
114000154,1134,502,632
114000155,872,4648,-3776
114000156,772,601,171
114000157,585,1799,-1214
114000158,731,386,345
114000159,551,270,281
114000160,141,237,-96
114000161,882,1193,-311
114000162,1224,1836,-612
114000163,66,18,48
114000165,451,262,189
114000166,500,192,308
114000167,1944,2214,-270
114000168,246,89,157
114000169,1000,751,249
114000170,1157,746,411
114000171,2017,18212,-16195
114000174,152,318,-166
114000176,240,644,-404
114000177,469,178,291
114000178,168,149,19
114000179,882,1183,-301
114000180,137,182,-45
114000181,1175,8832,-7657
114000182,633,2138,-1505
114000183,761,795,-34
114000184,1787,255,1532
114000185,1552,600,952
114000189,2798,129,2669
114000190,5535,515,5020
114000191,307,798,-491
114000192,90,369,-279
114000193,143,424,-281
114000194,3565,539,3026
114000195,668,619,49
114000196,2,114,-112
114000197,3381,30,3351
114000198,904,215,689
114000199,1226,1024,202
114000200,1028,600,428
114000201,367,730,-363
114000202,1344,449,895
114000203,1576,364,1212
114000204,365,368,-3
114000205,653,4031,-3378
114000206,1249,811,438
114000207,448,516,-68
114000208,1092,477,615
114000209,458,809,-351
114000210,177,487,-310
114000211,2528,921,1607
114000212,1074,2231,-1157
114000213,2648,395,2253
114000214,284,36,248
114000215,201,39,162
114000216,3272,417,2855
114000217,577,204,373
114000218,756,424,332
114000219,2563,92,2471
114000220,40,344,-304
114000221,2072,127,1945
114000222,148,361,-213
114000223,1307,147,1160
114000224,45,316,-271
114000225,825,222,603
114000226,407,160,247
114000227,1379,668,711
114000228,1235,236,999
114000229,2546,700,1846
114000230,1889,478,1411
114000231,1183,1353,-170
114000232,1799,197,1602
114000233,4320,83,4237
114000234,1789,421,1368
114000235,2515,860,1655
114000236,0,87,-87
114000237,93,272,-179
114000238,170,492,-322
114000239,180,529,-349
114000240,1091,5073,-3982
114000241,456,690,-234
114000242,983,978,5
114000243,3363,1339,2024
114000244,737,336,401
114000245,554,2424,-1870
114000246,164,231,-67
114000247,723,418,305
114000248,2975,511,2464
114000249,782,353,429
114000250,1250,238,1012
114000251,532,126,406
114000252,105,13,92
114000253,148,81,67
114000254,89,7,82
114000255,460,153,307
114000256,420,690,-270
114000257,1532,884,648
114000258,1153,210,943
114000259,445,346,99
114000260,4,42,-38
114000261,78,21,57
114000262,634,436,198
114000263,18,2,16
114000264,2495,172,2323
114000265,0,1,-1
114000267,4,4566,-4562
114000268,2,416,-414
114000270,419,11,408
114000271,405,86,319
114000283,3044,262,2782
114000285,28,111,-83
114000288,277,208,69
114000289,3834,149,3685
114000293,460,512,-52
114000294,376,414,-38
114000395,4423,123,4300
114000396,677,445,232
114000402,1495,128,1367
114000403,630,93,537
114000405,616,157,459
114000423,1096,101,995
114000424,801,111,690
114000425,2218,84,2134
114000426,382,1024,-642
114000427,86,31,55
114000428,55,100,-45
114000429,27,84,-57
114000432,224,24,200
114000434,87,33,54
114000435,0,10,-10
114900001,1313,236,1077
114900002,350,680,-330
114900003,1338,216,1122
114900004,207,858,-651
114900005,515,108,407
114900006,110,139,-29
114900007,218,5,213
114900008,450,115,335
114900010,927,2689,-1762
114900011,620,62,558
114900013,429,61,368
114900018,1240,23,1217
114900020,233,92,141
114900022,1,748,-747
114900025,880,63,817
114900026,171,89,82
114900029,354,15,339
114900030,446,145,301
114900031,1361,28,1333
114900032,1198,7,1191
114900034,26,29,-3
114900035,78,159,-81
114900036,272,160,112
114900039,1321,97,1224
114900040,177,5,172
114900041,2451,102,2349
114900042,2848,119,2729
114900044,240,77,163
114900047,147,6932,-6785
114900048,74,55,19
114900049,28,56,-28
114900050,93,105,-12
114900051,34,189,-155
114900052,8,1140,-1132
114900053,55,344,-289
114900054,19,12,7
114900057,365,8,357
114900058,0,23,-23
114900059,209,86,123
114900063,210,9,201
114900064,3538,63,3475
114900065,544,1030,-486
114900067,58,167,-109
114900068,29,61,-32
114900069,258,19,239
114900070,1004,95,909
114900072,0,64,-64
114900073,1,27,-26
114900074,2315,85,2230
114900075,278,2,276
114900076,1,57,-56
114900080,477,38,439
114900082,1175,3127,-1952
114900083,125,432,-307
114900090,988,74,914
114900091,99,64,35
114900097,532,1,531
114900098,13,61,-48
114900099,341,12,329
115000001,4284,1554,2730
115000002,4267,7187,-2920
115000003,4250,1202,3048
115000004,5523,5947,-424
115000005,1842,1921,-79
115000006,1790,1150,640
115000007,355,217,138
115000008,477,480,-3
115000009,648,250,398
115000010,231,253,-22
115000013,51,179,-128
115000015,56,371,-315
115000016,22,153,-131
115000019,58,546,-488
115000020,102,962,-860
115000021,73,363,-290
115000022,154,127,27
115000023,240,517,-277
115000024,206,112,94
115000025,879,540,339
115000026,211,91,120
115000027,509,155,354
115000028,140,155,-15
115000029,1137,45,1092
115000030,449,323,126
115000031,686,52,634
115000032,18,464,-446
115000033,223,21,202
115000034,38,1266,-1228
115000035,974,147,827
115000036,0,209,-209
115000037,899,55,844
115000038,88,90,-2
115000039,2462,5599,-3137
115000040,3445,3284,161
115000041,1637,6745,-5108
115000042,638,620,18
115000043,4006,2803,1203
115000044,2379,2827,-448
115000045,4167,633,3534
115000046,4305,2155,2150
115000047,3897,1101,2796
115000048,4298,1840,2458
115000049,1977,3114,-1137
115000050,3424,848,2576
115000051,2015,6507,-4492
115000052,1357,872,485
115000053,3163,3334,-171
115000054,758,712,46
115000055,190,1036,-846
115000056,157,365,-208
115000057,520,1196,-676
115000058,74,720,-646
115000059,74,265,-191
115000061,181,194,-13
115000062,397,500,-103
115000063,824,216,608
115000064,320,41,279
115000065,173,618,-445
115000067,344,13,331
115000069,115,318,-203
115000070,39,1062,-1023
115000071,90,30,60
115000072,4,35,-31
115000073,1636,65,1571
115000075,120,28,92
115000076,2172,1176,996
115000077,2999,947,2052
115000078,3225,571,2654
115000079,2421,1063,1358
115000080,6622,988,5634
115000081,205,232,-27
115000082,7353,4834,2519
115000083,3607,570,3037
115000084,4202,544,3658
115000085,2215,372,1843
115000086,1868,304,1564
115000087,714,1823,-1109
115000088,1456,410,1046
115000089,1862,891,971
115000090,595,886,-291
115000091,394,250,144
115000092,1243,1615,-372
115000093,1332,1,1331
115000094,4467,11104,-6637
115000095,2929,10425,-7496
115000096,1777,455,1322
115000097,3423,2389,1034
115000098,3057,271,2786
115000099,4078,782,3296
115000100,2604,421,2183
115000101,812,491,321
115000102,843,207,636
115000103,332,346,-14
115000105,139,77,62
115000106,1411,662,749
115000107,213,164,49
115000108,1396,1186,210
115000109,3144,6599,-3455
115000110,1130,3078,-1948
115000111,165,411,-246
115000112,486,478,8
115000113,247,245,2
115000114,584,187,397
115000116,1796,1611,185
115000117,1305,2350,-1045
115000118,2010,2345,-335
115000119,1612,3223,-1611
115000120,666,758,-92
115000121,326,605,-279
115000122,376,1211,-835
115000123,715,1118,-403
115000124,907,850,57
115000125,454,849,-395
115000126,70,351,-281
115000127,371,100,271
115000128,465,875,-410
115000129,109,1191,-1082
115000130,393,387,6
115000131,1417,325,1092
115000132,685,855,-170
115000133,1685,714,971
115000134,656,561,95
115000135,293,483,-190
115000136,230,212,18
115000137,129,230,-101
115000138,561,273,288
115000139,248,58,190
115000140,616,127,489
115000141,344,52,292
115000142,265,43,222
115000143,1095,470,625
115000144,732,41,691
115000145,352,62,290
115000146,569,381,188
115000147,389,677,-288
115000148,376,488,-112
115000149,1040,200,840
115000150,756,267,489
115000151,1881,196,1685
115000152,1365,332,1033
115000153,2390,239,2151
115000154,1398,108,1290
115000155,1206,612,594
115000156,800,292,508
115000157,303,444,-141
115000158,124,255,-131
115000159,460,183,277
115000160,231,182,49
115000161,172,500,-328
115000162,363,1261,-898
115000163,457,291,166
115000164,209,339,-130
115000165,128,426,-298
115000167,118,77,41
115000168,500,465,35
115000169,224,634,-410
115000170,64,158,-94
115000171,310,328,-18
115000172,622,666,-44
115000173,205,1413,-1208
115000174,81,412,-331
115000175,195,214,-19
115000176,44,145,-101
115000177,16,199,-183
115000178,9,130,-121
115000179,18,155,-137
115000180,124,197,-73
115000181,1347,133,1214
115000182,1664,133,1531
115000183,552,316,236
115000186,620,85,535
115000187,237,213,24
115000188,563,281,282
115000189,457,516,-59
115000190,444,610,-166
115000191,147,663,-516
115000194,182,76,106
115000195,106,295,-189
115000196,553,333,220
115000197,448,355,93
115000198,870,144,726
115000199,1160,46,1114
115000200,596,97,499
115000201,464,319,145
115000206,572,9,563
115000207,933,195,738
115000208,331,710,-379
115000209,884,855,29
115000210,396,163,233
115000211,283,126,157
115000212,990,249,741
115000224,183,8,175
115000225,142,20,122
115000229,108,33,75
115000230,179,215,-36
115000231,408,362,46
115000232,5093,461,4632
115000233,174,125,49
115000234,46,144,-98
115000241,191,37,154
115000242,353,37,316
115000243,542,31,511
115000244,10,84,-74
115000246,17,33,-16
115000247,19,43,-24
115000248,51,10,41
115000249,8,41,-33
115000250,285,8,277
115000251,746,40,706
115000252,225,244,-19
115000253,11,775,-764
115000258,677,44,633
115000259,218,18,200
115000261,56,9,47
115000262,15,56,-41
115000263,42,42,0
115000264,1,35,-34
115000267,108,28,80
115000268,31,27,4
115000269,145,8,137
115000270,31,28,3
115000272,140,37,103
115000273,874,14,860
115000280,706,235,471
115000281,143,1064,-921
115000282,358,1318,-960
115000284,86,338,-252
115000296,441,4,437
115000297,62,235,-173
115000298,53,637,-584
115000300,205,43,162
115000302,901,159,742
115000303,1746,57,1689
115000304,1488,71,1417
115000305,133,231,-98
115000306,447,148,299
115000307,347,228,119
115000308,51,31,20
115000310,3521,214,3307
115000311,2009,587,1422
115000313,199,171,28
115000314,759,350,409
115000315,409,1220,-811
115000316,203,120,83
115000317,375,274,101
115000318,1450,411,1039
115000319,230,59,171
115000320,13,658,-645
115000321,245,4,241
115000322,110,74,36
115000449,61,208,-147
115000557,27,3748,-3721
115000558,84,112,-28
115000587,1234,182,1052
115000588,1940,2019,-79
115000589,5873,2410,3463
115000590,908,2120,-1212
115000591,2204,867,1337
115000592,621,1501,-880
115000593,2147,685,1462
115000594,189,2313,-2124
115000609,359,503,-144
115000617,562,3211,-2649
115000624,543,10,533
115000633,390,1130,-740
115000634,3253,615,2638
115000635,802,89,713
115000638,141,226,-85
115000641,47,370,-323
115000642,393,85,308
115000643,263,261,2
115000644,179,193,-14
115000646,460,1567,-1107
115000647,219,399,-180
115000648,4812,442,4370
115000893,1758,662,1096
115000894,202,536,-334
115000895,246,690,-444
115000896,1041,418,623
115000897,496,72,424
115000898,351,238,113
115000899,140,1273,-1133
115000900,22,312,-290
115000901,44,148,-104
115000912,566,123,443
115000913,3,25,-22
115000915,19,0,19
115000916,0,0,0
115000917,0,21,-21
115000918,49,971,-922
115000919,4,91,-87
115000920,28,108,-80
115000921,167,134,33
115000922,219,648,-429
115000923,43,1580,-1537
115000925,264,164,100
115000927,28,144,-116
115000933,57,270,-213
115000934,69,163,-94
115000935,169,71,98
115000936,60,1600,-1540
115000937,687,331,356
115000938,35,169,-134
115000939,18,95,-77
115000940,10,55,-45
115000941,1,57,-56
115000942,9,132,-123
115000943,11,215,-204
115000944,2,8,-6
115900001,511,22,489
115900002,54,33,21
115900003,320,56,264
115900004,0,6,-6
115900005,382,25,357
115900006,199,91,108
115900008,279,1,278
115900009,73,57,16
115900010,1196,77,1119
115900011,436,58,378
115900012,659,5,654
115900013,652,65,587
115900014,202,43,159
115900015,480,6,474
115900016,175,17,158
115900017,213,32,181
115900018,103,26,77
115900019,26,3,23
115900020,445,1,444
115900021,327,401,-74
115900022,499,4,495
115900023,0,11,-11
115900025,12,143,-131
115900026,757,35,722
115900027,0,113,-113
115900028,113,14,99
115900029,2,79,-77
115900030,67,54,13
115900031,87,228,-141
115900032,599,594,5
115900033,0,28,-28
115900034,2,84,-82
115900035,109,8,101
115900036,48,4353,-4305
115900037,20,88,-68
115900038,89,7,82
115900039,385,30,355
115900041,91,1757,-1666
115900042,143,1,142
115900043,205,62,143
115900044,109,1172,-1063
115900046,1034,67,967
115900047,56,191,-135
115900049,366,143,223
115900051,0,11,-11
115900052,14,33,-19
115900053,891,71,820
115900054,651,20,631
115900055,38,23,15
115900056,454,51,403
115900057,4,11,-7
115900058,16,11,5
115900060,95,26,69
115900061,615,1,614
115900062,122,60,62
115900063,29,3,26
115900064,115,193,-78
115900065,282,40,242
115900066,31,29,2
115900067,25,62,-37
115900068,1101,2616,-1515
115900069,3,98,-95
115900070,481,24,457
115900071,8,97,-89
115900072,15,56,-41
115900073,257,168,89
115900074,2,51,-49
115900075,128,79,49
115900076,2,18,-16
115900077,2,38,-36
115900078,78,920,-842
115900079,591,27,564
115900080,73,23,50
115900081,12,7,5
115900082,164,700,-536
115900084,1148,6,1142
115900085,73,51,22
115900086,900,215,685
115900088,8,150,-142
115900089,959,133,826
115900090,1294,0,1294
115900091,3,11,-8
115900092,77,39,38
115900093,1,16,-15
115900094,5,72,-67
115900096,30,1,29
115900097,6,46,-40
115900098,648,112,536
115900099,135,314,-179
115900100,15,157,-142
115900101,604,96,508
115900102,200,105,95
115900103,492,69,423
115900104,82,58,24
115900105,488,72,416
115900106,271,1,270
115900107,112,45,67
115900108,243,0,243
115900109,17,159,-142
115900110,7,2,5
115900111,0,14,-14
115900112,47,252,-205
115900113,55,6,49
115900114,1,22,-21
115900115,83,35,48
115900116,93,271,-178
115900117,249,1,248
115900118,1,48,-47
115900119,335,56,279
115900120,70,65,5
115900121,552,54,498
115900124,254,1011,-757
115900125,562,277,285
115900126,1312,39,1273
115900127,1620,42,1578
115900128,0,341,-341
115900129,959,18,941
115900130,3,395,-392
115900131,869,112,757
115900132,1074,17,1057
115900134,940,9,931
115900135,401,317,84
115900137,43,3,40
115900139,9,125,-116
115900140,863,20,843
115900141,0,52,-52
115900142,2,9,-7
115900143,376,96,280
115900144,420,52,368
115900146,32,30,2
115900147,168,459,-291
115900148,30,47,-17
115900149,433,12,421
115900150,286,3,283
115900151,139,39,100
115900152,238,67,171
115900153,187,111,76
115900154,107,212,-105
115900155,0,16,-16
115900156,701,640,61
115900157,550,506,44
115900158,31,2,29
115900159,489,90,399
115900160,1,14,-13
115900161,28,24,4
115900163,431,32,399
115900164,1651,3,1648
115900166,138,45,93
115900168,610,62,548
115900171,107,126,-19
115900172,43,74,-31
115900173,401,118,283
115900174,61,130,-69
115900175,488,49,439
115900178,29,70,-41
115900179,882,4,878
115900180,23,25,-2
115900181,514,32,482
115900182,1143,38,1105
115900183,20,230,-210
115900184,363,3,360
115900187,17,173,-156
115900189,0,89,-89
115900190,113,845,-732
115900191,25,46,-21
115900192,9,116,-107
115900193,153,436,-283
115900194,1470,55,1415
115900195,400,4340,-3940
115900198,654,312,342
115900199,592,48,544
115900200,383,61,322
115900201,238,248,-10
115900202,1,439,-438
115900203,2,1,1
115900204,0,20,-20
115900205,10,1,9
115900206,738,70,668
115900207,99,9,90
115900208,133,59,74
115900209,28,98,-70
115900210,0,685,-685
115900211,0,138,-138
115900212,374,76,298
115900213,154,315,-161
115900214,1405,25,1380
115900215,11,245,-234
115900216,4,32,-28
115900217,0,22,-22
115900218,1,8,-7
115900219,408,6,402
115900220,536,4,532
115900221,323,9,314
115900222,74,49,25
115900223,0,687,-687
115900224,865,3183,-2318
115900225,58,27,31
115900226,32,13,19
115900227,2,14,-12
115900228,0,14,-14
115900229,6,24,-18
115900230,123,25,98
115900231,257,0,257
115900232,114,1,113
115900233,215,3,212
115900234,133,36,97
115900235,23,8,15
115900236,17,243,-226
115900237,17,41,-24
115900238,36,17,19
115900239,11,41,-30
115900240,14,46,-32
115900241,413,8,405
115900242,424,645,-221
115900243,3,3,0
115900244,49,2,47
115900245,145,12,133
115900246,1,0,1
115900247,1,1,0
115900248,5,0,5
115900249,34,1,33
115900250,42,2,40
115900251,7,1,6
115900252,4,0,4
115900253,62,1,61
115900254,8,46,-38
115900255,0,17,-17
115900256,10,388,-378
115900257,12,3,9
115900258,0,1,-1
115900259,63,7,56
115900260,13,1,12
115900261,34,0,34
115900262,4,0,4
115900263,29,1,28
115900264,12,0,12
115900265,0,2,-2
115900266,2,1,1
115900267,0,26,-26
115900268,0,193,-193
115900269,2010,116,1894
115900270,584,113,471
115900271,510,1,509
115900272,66,10,56
115900273,21,32,-11
115900274,1,0,1
115900275,0,3,-3
115900276,0,6,-6
115900277,0,72,-72
115900278,92,44,48
115900279,19,281,-262
115900280,9,1131,-1122
115900281,134,609,-475
115900282,8,77,-69
115900283,58,1,57
115900284,119,0,119
116000001,4511,1129,3382
116000002,5634,20636,-15002
116000003,1086,683,403
116000004,6655,7906,-1251
116000005,917,2528,-1611
116000006,3229,6050,-2821
116000007,1337,1462,-125
116000008,6567,2947,3620
116000009,1002,760,242
116000010,4347,2274,2073
116000011,1121,573,548
116000012,3118,1201,1917
116000013,1973,1587,386
116000014,10213,30760,-20547
116000015,108,2282,-2174
116000016,3028,7162,-4134
116000017,76,513,-437
116000018,380,278,102
116000019,1849,137,1712
116000020,422,681,-259
116000021,1661,137,1524
116000022,809,337,472
116000023,2662,1440,1222
116000024,691,503,188
116000025,1184,628,556
116000026,1366,2970,-1604
116000027,484,648,-164
116000028,489,985,-496
116000029,369,251,118
116000030,677,493,184
116000031,14,51,-37
116000032,271,70,201
116000033,1011,256,755
116000034,643,850,-207
116000035,451,184,267
116000036,207,1464,-1257
116000037,129,363,-234
116000038,72,832,-760
116000039,197,719,-522
116000040,425,882,-457
116000041,117,453,-336
116000042,1346,797,549
116000043,153,298,-145
116000044,3,103,-100
116000045,848,1236,-388
116000046,679,1011,-332
116000047,1810,2874,-1064
116000048,3203,1287,1916
116000049,1766,1922,-156
116000050,1263,791,472
116000051,2786,2355,431
116000052,3056,2154,902
116000053,2870,559,2311
116000054,1050,1977,-927
116000055,1066,940,126
116000056,2024,900,1124
116000057,2036,838,1198
116000058,3400,2338,1062
116000059,2569,4629,-2060
116000060,2344,1287,1057
116000061,415,1447,-1032
116000062,743,299,444
116000063,625,2081,-1456
116000066,613,678,-65
116000067,343,262,81
116000068,193,262,-69
116000069,331,183,148
116000078,842,816,26
116000080,1781,309,1472
116000082,23,12,11
116000083,2786,197,2589
116000084,1639,1219,420
116000085,2070,2791,-721
116000086,899,310,589
116000087,3772,1762,2010
116000088,2488,521,1967
116000089,202,133,69
116000090,377,96,281
116000091,206,1480,-1274
116000093,822,159,663
116000094,1818,562,1256
116000095,1138,205,933
116000096,2961,5154,-2193
116000097,1195,444,751
116000098,54,17576,-17522
116000099,8015,971,7044
116000100,433,23,410
116000101,2606,333,2273
116000102,526,587,-61
116000103,754,424,330
116000104,292,1132,-840
116000105,2738,132,2606
116000106,750,4185,-3435
116000107,4562,1071,3491
116000108,42,2964,-2922
116000111,320,36,284
116000113,145,14,131
116000114,37,54,-17
116000115,491,74,417
116000116,294,76,218
116000117,1945,1018,927
116000118,2040,518,1522
116000119,5020,1097,3923
116000120,2889,1424,1465
116000121,1600,335,1265
116000122,911,398,513
116000123,2180,493,1687
116000124,729,193,536
116000125,4438,316,4122
116000126,591,246,345
116000127,932,334,598
116000128,3683,618,3065
116000129,2474,80,2394
116000130,1498,636,862
116000133,3441,417,3024
116000134,1951,519,1432
116000135,4738,843,3895
116000136,1189,833,356
116000137,1663,672,991
116000138,686,306,380
116000139,2063,2855,-792
116000140,402,604,-202
116000141,1299,407,892
116000142,3685,1881,1804
116000143,3090,1525,1565
116000144,3135,1643,1492
116000145,3994,658,3336
116000146,1637,107,1530
116000147,486,379,107
116000148,1488,1244,244
116000149,769,436,333
116000151,847,585,262
116000153,107,534,-427
116000155,134,425,-291
116000156,1435,448,987
116000157,188,11,177
116000158,704,114,590
116000159,17,17,0
116000160,97,31,66
116000161,0,56,-56
116000162,31,381,-350
116000163,157,5,152
116000164,26,4,22
116000177,135,2615,-2480
116000194,66,258,-192
116000195,2797,765,2032
116000196,79,13,66
116000197,98,35,63
116000198,2206,937,1269
116000200,620,1501,-881
116000201,689,342,347
116000202,46,346,-300
116000203,2,10,-8
116000204,8,5,3
116000205,0,78,-78
116000206,1,466,-465
116000207,12,441,-429
116000233,111,160,-49
116000287,547,94,453
116000288,782,179,603
116000292,184,89,95
116000296,43,80,-37
116000297,222,7,215
116000304,414,23,391
116000305,11,37,-26
116000346,602,95,507
116000352,156,69,87
116000354,49,53,-4
116000357,5,15,-10
116000358,757,225,532
116000361,113,1,112
116000372,3347,10143,-6796
116000381,367,1,366
116000388,19,48,-29
116000389,1187,133,1054
116000445,2601,229,2372
116000446,1408,119,1289
116000447,52,693,-641
116000448,649,39,610
116000563,629,719,-90
116000565,143,226,-83
116000568,88,474,-386
116000579,67,218,-151
116000583,258,34,224
116000584,92,1,91
116000585,103,52,51
116000586,43,91,-48
116000587,300,94,206
116000589,80,90,-10
116000590,269,74,195
116000591,468,64,404
116000592,7,10,-3
116000593,0,7,-7
116000594,2403,148,2255
116000595,1462,38,1424
116000596,446,3,443
116000597,972,340,632
116000598,213,153,60
116000605,305,86,219
116000606,80,446,-366
116000607,2,23,-21
116000609,39,2406,-2367
116000611,478,75,403
116000612,2879,2240,639
116000613,1138,423,715
116000614,844,142,702
116000615,1,348,-347
116000616,138,36,102
116000617,354,2,352
116000618,7,15,-8
116000619,17,115,-98
116000620,723,174,549
116000621,163,64,99
116000622,173,70,103
116000624,136,476,-340
116000627,586,22,564
116000628,344,149,195
116000629,200,58,142
116000630,1268,18,1250
116000631,833,50,783
116000632,2752,5,2747
116000633,1153,154,999
116000634,1407,63,1344
116000635,2271,2609,-338
116000636,537,1213,-676
116000637,1731,13,1718
116000638,402,244,158
116000639,175,13,162
116000640,30,83,-53
116000641,31,40,-9
116000643,0,89,-89
116000644,144,71,73
116000645,108,4,104
116900001,174,55,119
116900002,331,2,329
116900003,131,3,128
116900004,106,141,-35
116900005,566,12,554
116900006,58,153,-95
116900007,163,123,40
116900008,1497,83,1414
116900009,23,35,-12
116900010,3328,281,3047
116900011,6,11,-5
116900012,184,273,-89
116900013,10,17,-7
116900014,404,76,328
116900015,1705,32,1673
116900016,443,9,434
116900017,303,234,69
116900018,146,168,-22
116900019,0,64,-64
116900020,314,3601,-3287
116900023,34,15,19
116900024,1826,19,1807
116900025,2453,279,2174
116900026,9,263,-254
116900027,130,32,98
116900028,0,9,-9
116900029,2,345,-343
116900031,0,0,0
116900032,2,59,-57
116900033,59,5,54
116900034,0,7,-7
116900035,315,129,186
116900036,6,77,-71
116900038,20,4,16
116900041,198,7,191
116900042,250,153,97
116900043,15,21,-6
116900047,32,552,-520
116900049,40,136,-96
116900050,54,135,-81
116900051,760,32,728
116900052,240,122,118
116900055,0,30,-30
116900057,48,59,-11
116900058,5,231,-226
116900059,2,20,-18
116900060,177,278,-101
116900062,1,294,-293
116900064,82,78,4
116900065,3,89,-86
116900067,169,20,149
116900068,263,108,155
116900070,29,5,24
116900072,69,51,18
116900073,1,40,-39
116900074,14,19,-5
116900076,20,220,-200
116900077,4,29,-25
116900078,118,20,98
116900079,76,78,-2
116900080,1,3,-2
116900081,163,326,-163
116900082,228,1263,-1035
116900083,1,11,-10
116900084,99,31,68
116900085,0,34,-34
116900086,29,124,-95
116900088,208,7,201
116900090,3,2,1
116900091,1112,10,1102
116900092,152,177,-25
116900093,2101,1325,776
116900094,3793,7932,-4139
116900095,565,145,420
116900096,98,591,-493
116900097,1046,6825,-5779
116900098,541,176,365
116900099,252,476,-224
116900100,2484,114,2370
116900101,219,493,-274
116900103,3,0,3
116900104,6,218,-212
116900105,762,341,421
116900106,2664,12,2652
116900107,661,4835,-4174
116900110,24,1,23
116900111,1606,296,1310
116900112,535,210,325
116900113,812,3579,-2767
116900116,16,489,-473
116900117,430,472,-42
116900118,631,1329,-698
116900120,667,62,605
116900121,606,39,567
116900122,2318,507,1811
116900123,1068,280,788
116900124,105,149,-44
116900125,915,74,841
116900126,123,1256,-1133
116900128,0,7,-7
116900129,0,278,-278
116900130,625,7634,-7009
116900131,55,305,-250
116900132,168,90,78
116900133,341,88,253
116900134,398,136,262
116900136,285,391,-106
116900137,276,92,184
116900138,160,46,114
116900139,40,95,-55
116900140,150,66,84
116900141,559,35,524
116900142,2,62,-60
116900143,769,63,706
116900144,168,4,164
116900145,115,58,57
116900147,157,1149,-992
116900148,1,26,-25
116900149,68,305,-237
116900150,18,6,12
116900151,33,23,10
116900153,199,134,65
116900154,196,828,-632
116900155,91,88,3
116900157,1796,63,1733
116900158,214,385,-171
116900159,88,477,-389
116900160,1090,508,582
116900161,3440,14564,-11124
116900162,55,88,-33
116900163,657,23,634
116900164,175,34,141
116900165,992,316,676
116900166,194,130,64
116900167,942,22,920
116900168,1058,27,1031
116900169,137,879,-742
116900170,872,297,575
116900171,58,69,-11
116900172,81,915,-834
116900173,892,4,888
116900174,48,256,-208
116900175,414,376,38
116900178,95,39,56
116900179,32,648,-616
116900180,231,0,231
116900182,1045,152,893
116900183,410,127,283
116900185,57,15,42
116900186,219,38,181
116900187,72,56,16
116900188,241,5,236
116900189,32,0,32
116900191,170,142,28
116900192,630,158,472
116900194,161,2061,-1900
116900195,32,5,27
116900196,25,11,14
116900197,180,11,169
116900198,44,1225,-1181
116900200,222,1,221
116900201,698,16,682
116900202,56,25,31
116900203,279,4,275
116900204,31,422,-391
116900206,98,5,93
116900207,24,62,-38
116900208,21,35,-14
116900209,43,17,26
116900210,429,187,242
116900211,286,3,283
116900212,177,4,173
116900213,208,25,183
116900214,516,161,355
116900215,50,10,40
116900216,433,142,291
116900218,0,66,-66
116900219,584,73,511
116900220,89,159,-70
116900221,340,277,63
116900222,352,216,136
116900223,60,93,-33
116900226,393,15,378
116900227,603,22,581
116900228,689,126,563
116900230,124,66,58
116900231,141,139,2
116900232,55,209,-154
116900233,637,108,529
116900234,1,2,-1
116900235,525,206,319
116900238,378,93,285
116900239,17,1748,-1731
116900240,3823,5449,-1626
116900241,65,84,-19
116900242,1182,1791,-609
116900243,1,25,-24
116900245,71,61,10
116900246,189,8,181
116900247,1757,60,1697
116900248,150,12,138
116900249,900,42,858
116900250,1266,130,1136
116900251,261,2304,-2043
116900252,504,401,103
116900254,139,121,18
116900255,191,324,-133
116900256,1015,278,737
116900257,106,622,-516
116900258,0,18,-18
116900259,535,46,489
116900260,0,24,-24
116900261,197,6,191
116900262,147,96,51
116900263,0,5,-5
116900264,135,112,23
116900265,291,0,291
116900266,50,14,36
116900267,19,0,19
116900268,9,348,-339
116900269,407,1227,-820
116900271,416,1348,-932
116900272,367,300,67
116900273,23,256,-233
116900274,214,34,180
116900275,464,105,359
116900276,236,667,-431
116900277,106,112,-6
116900278,4,7,-3
116900279,16,4,12
116900280,127,1,126
116900281,2275,10278,-8003
116900282,0,9,-9
116900283,0,7,-7
116900284,3,72,-69
116900285,57,815,-758
116900286,131,2,129
116900287,4,12,-8
116900288,295,41,254
116900289,79,1,78
116900290,29,0,29
116900291,39,13,26
116900292,0,36,-36
116900293,196,5,191
116900294,3,77,-74
116900295,236,223,13
116900296,100,141,-41
116900297,1,44,-43
116900298,23,119,-96
116900299,3,177,-174
116900300,1,95,-94
116900301,33,543,-510
116900302,1,64,-63
116900303,60,258,-198
116900304,0,104,-104
116900305,7,34,-27
116900306,639,59,580
116900307,187,3,184
116900308,0,61,-61
116900309,824,13,811
116900310,131,11,120
117000001,2965,4114,-1149
117000002,2529,2599,-70
117000003,6854,3082,3772
117000004,1997,3800,-1803
117000005,6220,2077,4143
117000006,1872,1986,-114
117000007,9133,1206,7927
117000008,1439,2257,-818
117000009,5841,1521,4320
117000010,975,2005,-1030
117000011,5597,1560,4037
117000012,2414,1748,666
117000013,3852,1311,2541
117000014,2396,2588,-192
117000015,4011,1972,2039
117000016,289,446,-157
117000017,48,788,-740
117000018,82,1120,-1038
117000019,67,85,-18
117000020,431,3247,-2816
117000021,1725,967,758
117000022,111,415,-304
117000023,125,1034,-909
117000024,131,803,-672
117000025,139,1718,-1579
117000026,1778,3490,-1712
117000027,1030,4153,-3123
117000028,950,1492,-542
117000030,519,318,201
117000031,885,332,553
117000032,1808,1551,257
117000033,1719,875,844
117000034,362,202,160
117000035,522,361,161
117000036,902,351,551
117000037,453,241,212
117000038,337,401,-64
117000039,332,258,74
117000040,81,382,-301
117000041,1894,73,1821
117000044,2,238,-236
117000045,1306,408,898
117000046,324,1008,-684
117000047,1225,900,325
117000048,1179,615,564
117000049,42,357,-315
117000050,919,1258,-339
117000051,2323,42,2281
117000052,164,325,-161
117000053,2473,44,2429
117000054,2694,4,2690
117000055,15,632,-617
117000056,749,55,694
117000057,1393,1721,-328
117000060,513,731,-218
117000061,3065,2146,919
117000062,231,610,-379
117000063,1843,704,1139
117000064,527,512,15
117000066,219,460,-241
117000067,87,480,-393
117000074,6,292,-286
117000076,32,56,-24
117000077,182,102,80
117000078,117,711,-594
117000079,313,155,158
117000080,1,485,-484
117000081,1080,167,913
117000082,19,287,-268
117000083,612,509,103
117000084,239,2,237
117000085,860,1258,-398
117000086,846,520,326
117000087,143,1012,-869
117000088,863,159,704
117000089,4629,166,4463
117000090,483,682,-199
117000091,2513,128,2385
117000092,680,477,203
117000093,3454,206,3248
117000094,1232,605,627
117000095,5320,296,5024
117000096,1241,682,559
117000097,4031,606,3425
117000098,2129,1150,979
117000099,7312,791,6521
117000100,397,254,143
117000101,171,425,-254
117000102,3313,373,2940
117000103,679,558,121
117000104,2955,525,2430
117000105,560,474,86
117000106,3114,303,2811
117000107,443,660,-217
117000108,3822,715,3107
117000109,935,1113,-178
117000110,2657,2405,252
117000111,4848,3680,1168
117000112,5420,780,4640
117000113,83,106,-23
117000114,466,430,36
117000115,69,32,37
117000116,325,248,77
117000117,1485,840,645
117000118,476,607,-131
117000119,145,685,-540
117000120,27,902,-875
117000121,26,800,-774
117000122,1003,1855,-852
117000123,2097,23,2074
117000124,13,182,-169
117000125,44,577,-533
117000126,44,53,-9
117000127,129,490,-361
117000128,156,1055,-899
117000129,292,1890,-1598
117000130,510,0,510
117000131,0,97,-97
117000132,8685,14,8671
117000133,6937,20,6917
117000134,0,101,-101
117000135,5,171,-166
117000136,0,9,-9
117000137,434,87,347
117000138,2,900,-898
117000140,704,492,212
117000141,2818,340,2478
117000181,286,142,144
117000182,2594,2520,74
117000195,283,232,51
117000196,572,207,365
117000225,18,329,-311
117000226,1,317,-316
117000276,704,51,653
117000277,0,93,-93
117000310,838,4076,-3238
117000315,247,860,-613
117000320,115,0,115
117000906,1200,23,1177
117000907,4,116,-112
117000909,142,95,47
117000910,285,111,174
117000911,30,111,-81
117000915,4,120,-116
117000916,197,12,185
117000917,2121,90,2031
117000918,354,135,219
117000919,3,15,-12
117000920,3,1458,-1455
117000921,0,323,-323
117000922,35,52,-17
117000924,2844,1164,1680
117000926,605,463,142
117000927,364,532,-168
117000928,0,92,-92
117000929,963,200,763
117000930,3454,94,3360
117000931,106,52,54
117900002,99,989,-890
117900003,74,115,-41
117900005,0,245,-245
117900006,0,32,-32
117900007,362,58,304
117900008,0,34,-34
117900010,762,48,714
117900011,7,771,-764
117900012,122,36,86
117900013,2,603,-601
117900014,1134,264,870
117900015,31,79,-48
117900016,1254,1865,-611
117900017,2291,613,1678
117900018,573,657,-84
117900019,1424,237,1187
117900020,61,309,-248
117900021,41,189,-148
117900023,3183,83,3100
117900024,125,190,-65
117900025,36,2,34
117900026,785,236,549
117900028,134,2,132
117900029,512,347,165
117900031,413,525,-112
117900032,1606,677,929
117900033,856,377,479
117900034,133,23,110
117900035,686,1846,-1160
117900036,434,199,235
117900037,459,58,401
117900038,125,62,63
117900039,0,107,-107
117900040,466,60,406
117900041,0,27,-27
117900042,2549,820,1729
117900043,0,6,-6
117900044,213,7904,-7691
117900045,407,87,320
117900048,503,255,248
117900049,533,600,-67
117900050,2,457,-455
117900051,85,27,58
117900052,158,795,-637
117900053,3286,257,3029
117900054,11,5,6
117900055,1586,265,1321
117900056,22,132,-110
117900057,1512,781,731
117900058,3,109,-106
117900059,123,228,-105
117900060,4643,1768,2875
117900061,4,302,-298
117900063,1097,201,896
117900065,275,1087,-812
117900066,9,276,-267
117900067,1645,100,1545
117900069,2467,101,2366
117900070,29,386,-357
117900071,286,85,201
117900073,2073,103,1970
117900074,5,597,-592
117900075,270,96,174
117900076,50,118,-68
117900077,1359,116,1243
117900078,755,566,189
117900080,433,22,411
117900081,299,121,178
117900082,1314,269,1045
117900083,1643,406,1237
117900086,443,68,375
117900087,221,3,218
117900088,885,734,151
117900089,4170,431,3739
117900090,1695,735,960
117900091,187,48,139
117900092,341,57,284
117900093,273,24,249
117900094,83,12,71
117900095,1038,1822,-784
117900096,480,425,55
117900097,263,23,240
117900098,236,11,225
117900099,420,796,-376
117900100,1334,1,1333
117900101,1360,3509,-2149
117900102,153,15,138
117900103,117,0,117
117900104,5,375,-370
117900105,48,236,-188
117900106,112,17,95
117900107,178,0,178
117900109,2027,421,1606
117900110,549,2,547
117900111,2314,231,2083
117900112,179,5,174
117900113,1426,3291,-1865
117900114,153,0,153
117900115,6,304,-298
117900116,1396,427,969
117900117,1279,106,1173
117900118,568,0,568
117900119,453,17,436
117900120,1126,35,1091
117900121,149,14,135
117900122,892,9944,-9052
117900123,1570,542,1028
117900124,337,1065,-728
117900125,2220,739,1481
117900126,228,122,106
117900127,1708,303,1405
117900128,797,306,491
117900129,269,1,268
117900130,1270,967,303
117900131,15,64,-49
117900132,6,63,-57
117900133,13,31,-18
117900134,138,99,39
117900135,82,75,7
117900136,0,7,-7
117900137,145,102,43
117900138,0,3,-3
117900139,89,55,34
117900140,6559,104,6455
117900141,28,252,-224
117900142,15,515,-500
117900144,11,851,-840
117900145,6,486,-480
117900146,265,349,-84
117900147,185,65,120
117900148,2444,4427,-1983
117900149,189,56,133
117900150,151,21,130
117900151,95,174,-79
117900152,71,145,-74
117900153,34,216,-182
117900154,1086,487,599
117900156,286,273,13
117900157,113,479,-366
117900158,519,45,474
117900160,1306,752,554
117900161,1133,377,756
117900162,1197,454,743
117900163,27,1085,-1058
117900165,2,1,1
117900166,11,239,-228
117900168,207,93,114
117900169,0,36,-36
117900170,2,28,-26
117900171,2,6,-4
117900172,26,7,19
117900173,26,10,16
117900174,6,61,-55
117900175,4,27,-23
117900176,22,15,7
117900177,47,27,20
117900178,94,14,80
117900180,195,40,155
117900181,123,761,-638
117900182,5,120,-115
117900183,245,107,138
117900184,79,436,-357
117900185,103,8,95
117900186,104,6,98
117900187,56,5,51
117900188,358,42,316
117900189,182,26,156
117900190,25,0,25
117900191,123,0,123
117900192,594,1,593
117900193,0,56,-56
117900194,11,7,4
117900195,45,151,-106
117900196,70,17,53
117900207,82,238,-156
117900208,23,27,-4
117900209,474,82,392
117900210,73,115,-42
117900211,3,58,-55
117900212,171,75,96
117900213,75,4,71
117900214,2,11,-9
117900215,183,16,167
117900216,202,29,173
117900217,59,136,-77
117900218,107,411,-304
117900219,20,125,-105
117900220,15,200,-185
117900222,231,113,118
117900223,322,568,-246
118000001,754,2268,-1514
118000002,334,739,-405
118000003,2196,4579,-2383
118000004,1040,4040,-3000
118000005,3693,1916,1777
118000006,3076,3372,-296
118000007,4454,10969,-6515
118000008,849,9166,-8317
118000009,1982,3532,-1550
118000010,3704,3971,-267
118000011,3048,1165,1883
118000012,1545,1980,-435
118000013,2064,2207,-143
118000014,2238,1944,294
118000016,386,109,277
118000017,730,405,325
118000018,487,114,373
118000019,1182,1865,-683
118000020,431,1286,-855
118000021,386,1874,-1488
118000022,755,448,307
118000023,624,280,344
118000024,446,583,-137
118000027,8634,5261,3373
118000029,618,549,69
118000032,287,1623,-1336
118000033,1583,3406,-1823
118000034,2055,2196,-141
118000035,1519,1624,-105
118000036,1309,862,447
118000037,885,1330,-445
118000038,985,75,910
118000039,198,67,131
118000040,2576,1512,1064
118000041,4918,1945,2973
118000045,173,40,133
118000046,635,1147,-512
118000047,317,2272,-1955
118000048,1443,3073,-1630
118000051,1042,2755,-1713
118000052,405,1095,-690
118000053,375,1164,-789
118000054,2921,1430,1491
118000055,2269,1481,788
118000056,93,740,-647
118000057,265,969,-704
118000058,1619,5311,-3692
118000059,1214,3219,-2005
118000060,1101,1019,82
118000061,1867,1455,412
118000062,520,235,285
118000063,279,782,-503
118000064,953,1241,-288
118000065,2030,1976,54
118000066,1276,2958,-1682
118000067,514,691,-177
118000068,746,12454,-11708
118000069,1100,1527,-427
118000070,6421,2500,3921
118000071,3744,13695,-9951
118000072,727,5194,-4467
118000073,1012,2031,-1019
118000074,523,1466,-943
118000075,645,545,100
118000076,2011,9290,-7279
118000077,1031,1146,-115
118000078,2269,2324,-55
118000079,171,437,-266
118000080,385,700,-315
118000081,1538,1352,186
118000082,405,887,-482
118000083,1267,1188,79
118000084,1214,2874,-1660
118000086,149,553,-404
118000087,3063,2071,992
118000088,1356,1454,-98
118000089,3600,3625,-25
118000090,1246,4311,-3065
118000091,572,6647,-6075
118000092,794,475,319
118000093,48,588,-540
118000096,658,439,219
118000097,804,493,311
118000098,247,196,51
118000099,1084,226,858
118000101,2248,404,1844
118000102,687,411,276
118000107,1523,273,1250
118000108,500,9001,-8501
118000110,0,35,-35
118000111,0,107,-107
118000112,3552,21,3531
118000113,0,339,-339
118000114,2534,40,2494
118000115,6,28,-22
118000116,156,1,155
118000117,650,727,-77
118000118,1579,1190,389
118000119,1984,1367,617
118000120,1206,801,405
118000121,37,426,-389
118000122,431,253,178
118000123,64,275,-211
118000125,980,1396,-416
118000126,742,3561,-2819
118000127,1259,701,558
118000128,648,1778,-1130
118000129,1588,1023,565
118000130,1824,2815,-991
118000131,341,761,-420
118000132,2705,2372,333
118000133,2855,880,1975
118000135,687,1065,-378
118000136,116,951,-835
118000137,409,95,314
118000138,608,304,304
118000139,784,191,593
118000140,4041,10349,-6308
118000141,3820,1289,2531
118000142,4161,1664,2497
118000143,4089,1687,2402
118000144,629,468,161
118000145,1253,567,686
118000146,1761,189,1572
118000147,1554,517,1037
118000148,1836,1762,74
118000149,1319,531,788
118000150,1374,220,1154
118000151,991,152,839
118000153,2387,548,1839
118000154,3892,745,3147
118000155,3016,790,2226
118000156,1850,4022,-2172
118000157,812,366,446
118000158,384,761,-377
118000159,69,153,-84
118000160,1088,269,819
118000161,713,253,460
118000162,2501,606,1895
118000163,1182,913,269
118000164,2233,1192,1041
118000168,426,1143,-717
118000169,1280,911,369
118000170,2986,2457,529
118000171,450,472,-22
118000172,110,234,-124
118000173,1150,1161,-11
118000175,304,181,123
118000176,520,206,314
118000177,457,442,15
118000178,44,29,15
118000179,540,613,-73
118000180,497,306,191
118000181,264,38,226
118000182,321,87,234
118000183,317,291,26
118000184,2003,330,1673
118000185,380,2207,-1827
118000186,307,1293,-986
118000187,3214,298,2916
118000188,1455,39,1416
118000189,1807,179,1628
118000190,9,2,7
118000191,54,37,17
118000192,522,184,338
118000193,3,233,-230
118000194,1722,1070,652
118000195,176,3645,-3469
118000196,64,768,-704
118000197,62,364,-302
118000198,330,1925,-1595
118000199,292,1213,-921
118000200,42,757,-715
118000201,92,1086,-994
118000202,20,777,-757
118000203,313,1954,-1641
118000204,46,726,-680
118000205,81,302,-221
118000206,218,317,-99
118000207,0,66,-66
118000208,2106,1190,916
118000209,3113,514,2599
118000210,439,47,392
118000211,363,40,323
118000213,587,4325,-3738
118000214,262,881,-619
118000215,394,121,273
118000216,11763,2174,9589
118000217,22,39,-17
118000218,100,15,85
118000219,165,218,-53
118000220,96,58,38
118000221,1151,1188,-37
118000222,160,2,158
118000223,125,28,97
118000224,114,65,49
118000225,237,669,-432
118000226,2793,159,2634
118000227,550,521,29
118000228,14,236,-222
118000229,38,814,-776
118000230,131,137,-6
118000231,30,194,-164
118000232,1317,195,1122
118000233,1857,414,1443
118000234,653,76,577
118000236,345,251,94
118000237,130,124,6
118000238,266,144,122
118000239,445,298,147
118000240,89,124,-35
118000241,410,74,336
118000242,808,106,702
118000243,369,141,228
118000244,160,21,139
118000246,5,49,-44
118000255,97,370,-273
118000256,292,181,111
118000259,6,120,-114
118000260,320,16,304
118000261,95,7,88
118000263,146,211,-65
118000266,323,105,218
118000267,0,148,-148
118000268,389,0,389
118000270,254,5,249
118000271,384,133,251
118000272,75,23,52
118000273,497,24,473
118000274,70,111,-41
118000276,389,74,315
118000295,21,124,-103
118000298,112,160,-48
118000299,54,65,-11
118000301,0,60,-60
118000302,126,11,115
118000311,2365,86,2279
118000312,607,49,558
118000313,89,24,65
118000314,182,18,164
118000315,74,19,55
118000316,1212,257,955
118000325,135,5,130
118000326,38,34,4
118000331,97,8,89
118000332,57,12,45
118000333,44,5,39
118000335,1599,1,1598
118000336,0,132,-132
118000407,333,16,317
118000457,6,70,-64
118000465,429,2274,-1845
118000480,126,42,84
118000489,32,744,-712
118000490,11,238,-227
118000492,1152,264,888
118000510,32,9,23
118000514,64,277,-213
118000515,601,2393,-1792
118000517,300,218,82
118000524,262,407,-145
118000525,298,504,-206
118000530,10,136,-126
118000531,744,219,525
118000532,263,124,139
118000533,213,69,144
118000534,941,330,611
118000535,544,59,485
118000536,31,324,-293
118000537,11,44,-33
118000538,88,74,14
118000539,7,115,-108
118000540,213,101,112
118000541,122,77,45
118000542,97,234,-137
118000543,352,207,145
118000546,58,10,48
118000553,0,0,0
118000557,0,0,0
118000560,710,3009,-2299
118000562,147,26,121
118000563,1218,1239,-21
118000576,237,41,196
118000577,322,175,147
118000578,158,22,136
118000579,535,2577,-2042
118000583,0,0,0
118000595,330,37,293
118000596,0,194,-194
118000597,417,62,355
118000598,7,0,7
118000599,328,33,295
118000600,3,3,0
118000601,3,0,3
118000602,0,32,-32
118000603,0,7,-7
118000605,83,55,28
118000606,13,20,-7
118900001,433,1329,-896
118900002,625,1004,-379
118900003,721,1,720
118900004,219,7,212
118900005,83,5,78
118900006,188,0,188
118900007,0,1,-1
118900008,832,28,804
118900009,135,165,-30
118900010,83,8,75
118900011,267,3,264
118900012,266,163,103
118900013,1387,848,539
118900015,643,28,615
118900016,3,2,1
118900017,20,291,-271
118900018,883,24,859
118900019,1,3,-2
118900020,7,58,-51
118900021,137,489,-352
118900022,223,25,198
118900023,17,88,-71
118900024,119,137,-18
118900025,27,190,-163
118900026,95,8,87
118900027,218,191,27
118900028,279,98,181
118900029,275,344,-69
118900030,1299,58,1241
118900031,232,22,210
118900032,288,86,202
118900033,474,680,-206
118900034,431,32,399
118900035,158,44,114
118900036,1636,209,1427
118900037,388,765,-377
118900038,805,34,771
118900039,1421,200,1221
118900040,279,68,211
118900041,1144,110,1034
118900042,187,67,120
118900045,167,355,-188
118900046,269,342,-73
118900047,327,728,-401
118900048,70,289,-219
118900049,53,7,46
118900050,193,11,182
118900051,97,117,-20
118900052,278,289,-11
118900053,1,41,-40
118900054,278,80,198
118900055,227,10,217
118900056,45,149,-104
118900057,784,476,308
118900058,835,405,430
118900059,29,104,-75
118900060,255,189,66
118900062,236,92,144
118900064,138,761,-623
118900065,68,165,-97
118900066,192,79,113
118900067,2720,5643,-2923
118900068,8,657,-649
118900069,852,119,733
118900071,32,6,26
118900072,848,1073,-225
118900073,619,45,574
118900074,220,58,162
118900075,541,20,521
118900076,214,94,120
118900077,656,122,534
118900078,2,1,1
118900079,10,70,-60
118900080,190,53,137
118900081,76,58,18
118900082,2518,236,2282
118900083,20,0,20
118900084,32,3,29
118900085,269,119,150
118900086,38,109,-71
118900087,91,1242,-1151
118900088,7,5,2
118900089,39,4,35
118900090,256,47,209
118900091,221,263,-42
118900092,333,19,314
118900093,85,8,77
118900096,78,82,-4
118900097,458,177,281
118900099,36,50,-14
118900100,48,93,-45
118900101,201,119,82
118900102,53,121,-68
118900103,9,67,-58
118900104,419,95,324
118900105,155,10,145
118900107,34,18,16
118900108,29,102,-73
118900110,1102,1458,-356
118900111,1061,447,614
118900112,411,228,183
118900113,458,240,218
118900114,1,113,-112
118900115,181,234,-53
118900116,84,74,10
118900117,232,30,202
118900118,524,140,384
118900119,496,140,356
118900120,20,231,-211
118900121,28,78,-50
118900122,1,872,-871
118900123,152,234,-82
118900124,159,291,-132
118900126,62,173,-111
118900129,306,85,221
118900130,31,89,-58
118900131,752,226,526
118900132,479,123,356
118900133,3,243,-240
118900135,380,112,268
118900136,436,124,312
118900137,2,88,-86
118900139,768,227,541
118900140,723,289,434
118900141,240,212,28
118900144,284,108,176
118900145,17,219,-202
118900146,685,417,268
118900147,106,383,-277
118900148,79,18,61
118900150,322,732,-410
118900152,481,259,222
118900157,48,187,-139
118900158,349,29,320
118900159,0,99,-99
118900161,86,20,66
118900163,46,22,24
118900164,0,48,-48
118900165,140,84,56
118900166,0,0,0
118900167,68,35,33
118900168,73,193,-120
118900169,318,151,167
118900170,547,64,483
118900171,83,6,77
118900174,38,23,15
118900175,672,266,406
118900176,261,262,-1
118900177,159,4,155
118900178,120,12,108
118900179,27,7,20
118900181,234,35,199
118900182,24,18,6
118900183,81,132,-51
118900184,202,23,179
118900185,545,46,499
118900186,72,86,-14
118900187,95,458,-363
118900188,295,193,102
118900189,53,652,-599
118900190,111,80,31
118900191,829,45,784
118900192,966,8,958
118900193,2139,6,2133
118900195,134,364,-230
118900196,13,47,-34
118900197,741,11,730
118900198,64,1,63
118900199,126,10,116
118900200,40,35,5
118900201,78,64,14
118900202,5,49,-44
118900203,59,5,54
118900204,12,16,-4
118900205,1,0,1
118900206,1,1,0
119000001,1615,1259,356
119000002,3742,2355,1387
119000003,6534,831,5703
119000004,4778,2484,2294
119000005,3254,3442,-188
119000006,7996,2804,5192
119000007,4604,3655,949
119000008,1969,1815,154
119000009,2457,8158,-5701
119000010,4252,5916,-1664
119000011,1857,2559,-702
119000012,1613,4087,-2474
119000013,3411,1988,1423
119000014,2726,3076,-350
119000019,385,105,280
119000020,3905,1818,2087
119000021,6501,3626,2875
119000022,1319,5263,-3944
119000023,187,443,-256
119000024,1888,23706,-21818
119000025,1469,594,875
119000026,29,524,-495
119000027,1269,694,575
119000028,1684,750,934
119000029,33,136,-103
119000030,760,499,261
119000031,1412,621,791
119000032,1124,1283,-159
119000033,2726,783,1943
119000034,2393,486,1907
119000035,32,129,-97
119000036,4077,265,3812
119000037,2592,491,2101
119000038,489,247,242
119000039,824,466,358
119000040,1005,1211,-206
119000041,1358,2599,-1241
119000048,2265,799,1466
119000049,3975,1188,2787
119000050,977,2243,-1266
119000051,2881,1452,1429
119000052,2367,2090,277
119000053,2977,1105,1872
119000054,3108,416,2692
119000055,6455,862,5593
119000056,5327,1063,4264
119000057,2425,475,1950
119000058,1617,647,970
119000059,737,543,194
119000060,2680,457,2223
119000061,967,335,632
119000062,919,573,346
119000063,809,812,-3
119000064,670,522,148
119000065,1187,2296,-1109
119000066,2176,1208,968
119000067,1787,738,1049
119000068,2587,488,2099
119000069,2496,748,1748
119000070,5828,263,5565
119000071,602,195,407
119000072,3420,2109,1311
119000073,5691,11649,-5958
119000074,2610,971,1639
119000075,6974,2067,4907
119000076,150,281,-131
119000077,1249,290,959
119000078,713,201,512
119000079,520,196,324
119000080,1143,142,1001
119000081,477,192,285
119000082,1109,188,921
119000083,676,641,35
119000084,598,181,417
119000085,446,93,353
119000086,344,1286,-942
119000087,806,120,686
119000088,251,63,188
119000089,78,169,-91
119000090,103,38,65
119000091,36,228,-192
119000092,146,104,42
119000093,2962,1387,1575
119000094,6554,4317,2237
119000095,3713,2301,1412
119000097,1531,708,823
119000098,1436,8649,-7213
119000099,2272,775,1497
119000100,6157,3783,2374
119000101,4706,1544,3162
119000102,435,1890,-1455
119000103,932,573,359
119000104,1150,356,794
119000105,1127,3906,-2779
119000106,581,371,210
119000107,2564,760,1804
119000108,865,309,556
119000109,212,133,79
119000110,232,68,164
119000111,50,537,-487
119000112,127,37,90
119000113,801,133,668
119000114,1044,1739,-695
119000115,61,129,-68
119000116,138,92,46
119000117,287,196,91
119000118,24,0,24
119000123,1863,2011,-148
119000124,2073,123,1950
119000125,7536,292,7244
119000126,3330,375,2955
119000127,358,139,219
119000128,27,1,26
119000131,2081,232,1849
119000132,0,0,0
119000133,13,4,9
119000134,889,865,24
119000135,265,146,119
119000136,450,56,394
119000137,586,74,512
119000138,1383,49,1334
119000139,147,38,109
119000140,255,328,-73
119000284,930,1514,-584
119000285,1510,675,835
119000286,3031,2251,780
119000287,1947,2142,-195
119000288,2706,728,1978
119000289,1528,2007,-479
119000290,410,296,114
119000291,82,380,-298
119000293,112,291,-179
119000294,42,26,16
119000295,2261,483,1778
119000296,365,75,290
119000302,1407,1304,103
119000303,15,156,-141
119000314,1194,8577,-7383
119000315,0,109,-109
119000316,385,49,336
119000317,207,77,130
119000319,1833,153,1680
119900001,101,2314,-2213
119900002,337,157,180
119900003,1,156,-155
119900004,166,3372,-3206
119900005,508,48,460
119900006,64,430,-366
119900007,445,208,237
119900008,12,476,-464
119900009,540,206,334
119900010,761,253,508
119900011,46,362,-316
119900012,3,191,-188
119900013,1339,924,415
119900014,517,54,463
119900015,473,53,420
119900016,60,64,-4
119900017,56,48,8
119900018,686,2395,-1709
119900019,91,2,89
119900020,68,58,10
119900021,154,24,130
119900022,44,990,-946
119900023,351,3613,-3262
119900025,574,24,550
119900026,441,110,331
119900027,2,6,-4
119900028,407,327,80
119900029,0,1,-1
119900030,716,462,254
119900031,84,947,-863
119900033,860,177,683
119900034,1215,6,1209
119900037,547,11,536
119900038,1,606,-605
119900039,58,10,48
119900040,121,31,90
119900041,298,7,291
119900042,50,634,-584
119900043,170,165,5
119900044,125,846,-721
119900046,425,6,419
119900047,681,333,348
119900049,256,0,256
119900050,42,161,-119
119900051,2721,12,2709
119900052,191,10,181
119900053,479,173,306
119900054,553,7,546
119900055,1437,147,1290
119900057,634,16,618
119900058,617,6,611
119900059,212,20,192
119900060,617,45,572
119900061,1074,2,1072
119900062,318,4,314
119900063,6,94,-88
119900065,378,2,376
119900067,142,68,74
119900068,1107,5,1102
119900069,177,5,172
119900070,1078,1,1077
119900071,1403,36,1367
119900073,1790,78,1712
119900074,31,42,-11
119900075,1404,1497,-93
119900076,206,25,181
119900077,1708,193,1515
119900078,924,557,367
119900079,1451,36,1415
119900080,719,277,442
119900081,2215,3,2212
119900082,3139,177,2962
119900083,681,57,624
119900084,638,193,445
119900085,68,14,54
119900086,410,356,54
119900087,171,394,-223
119900088,59,2,57
119900089,30,73,-43
119900090,44,8,36
119900091,83,177,-94
119900092,2,283,-281
119900093,1220,105,1115
119900094,2,223,-221
119900095,168,22,146
119900096,21,31,-10
119900097,61,284,-223
119900098,34,2,32
119900099,9,43,-34
119900100,479,2614,-2135
119900101,86,411,-325
119900102,40,48,-8
119900103,46,34,12
119900104,13,29,-16
119900105,613,633,-20
119900106,1,61,-60
119900107,200,660,-460
119900108,2293,372,1921
119900109,7,78,-71
119900110,628,321,307
119900111,411,137,274
119900112,411,1083,-672
119900113,81,172,-91
119900114,368,269,99
119900115,744,159,585
119900116,226,421,-195
119900117,331,122,209
119900118,110,142,-32
119900119,449,87,362
119900120,390,137,253
119900121,997,231,766
119900122,41,73,-32
119900123,137,125,12
119900124,371,179,192
119900125,19,106,-87
119900126,983,142,841
119900127,525,149,376
119900128,818,921,-103
119900129,501,115,386
119900130,0,52,-52
119900131,23,51,-28
119900132,64,41,23
119900133,165,34,131
119900134,368,59,309
119900135,1,145,-144
119900136,122,124,-2
119900138,113,160,-47
119900139,12,597,-585
119900140,0,18,-18
119900141,48,923,-875
119900142,1,18,-17
119900143,17,79,-62
119900144,728,114,614
119900145,68,46,22
119900146,274,89,185
119900147,1,140,-139
119900148,515,27,488
119900149,293,9076,-8783
119900150,76,38,38
119900151,1233,648,585
119900152,187,86,101
119900153,355,22,333
119900154,122,312,-190
119900155,54,17,37
119900156,4,4,0
119900157,189,62,127
119900158,285,51,234
119900159,13,168,-155
119900160,9,51,-42
119900161,318,43,275
119900162,2173,447,1726
119900163,118,119,-1
119900164,0,0,0
119900165,169,30,139
119900166,82,21,61
119900167,1,20,-19
119900168,2534,175,2359
119900169,18,231,-213
119900170,222,160,62
119900171,837,462,375
119900172,26,5,21
119900173,0,28,-28
119900174,14,61,-47
119900175,3345,286,3059
119900177,7,50,-43
119900178,0,75,-75
119900179,342,1712,-1370
119900180,1834,550,1284
119900181,14,33,-19
119900182,0,80,-80
119900183,219,367,-148
119900184,416,202,214
119900185,25,458,-433
119900186,7,1926,-1919
119900187,0,176,-176
119900188,180,213,-33
119900189,81,143,-62
119900190,26,325,-299
119900191,149,239,-90
119900192,40,72,-32
119900193,1133,118,1015
119900194,29,22,7
119900195,5,113,-108
119900196,166,113,53
119900197,395,105,290
119900198,85,631,-546
119900199,142,10,132
119900200,1022,769,253
119900201,110,41,69
119900202,19,321,-302
119900203,129,716,-587
119900204,363,200,163
119900205,1871,175,1696
119900206,545,332,213
119900208,572,75,497
119900209,711,2572,-1861
119900210,69,7,62
119900211,69,1,68
119900212,1253,269,984
119900213,3,40,-37
119900214,79,13,66
119900215,46,8,38
119900216,33,8,25
119900217,11,11,0
119900218,2,153,-151
119900219,13,30,-17
119900220,5,8,-3
119900221,37,44,-7
119900222,6,22,-16
119900223,8,36,-28
119900224,16,14,2
119900225,165,16,149
119900226,94,2146,-2052
119900227,137,86,51
119900228,4,1558,-1554
119900229,95,151,-56
119900230,1056,151,905
119900231,553,52,501
119900232,111,105,6
119900233,63,3,60
119900234,4,65,-61
119900235,0,42,-42
119900236,59,118,-59
119900237,109,305,-196
119900238,0,46,-46
119900240,120,41,79
119900241,252,77,175
119900242,1564,1258,306
119900244,551,921,-370
119900245,279,131,148
119900246,97,324,-227
119900247,4,8,-4
119900248,38,720,-682
119900249,447,81,366
119900253,1019,261,758
119900254,65,2026,-1961
119900255,121,285,-164
119900256,1752,238,1514
119900257,148,3,145
119900258,158,2,156
119900259,39,47,-8
119900260,194,11,183
119900261,659,1503,-844
119900262,2,41,-39
119900263,1677,124,1553
119900264,222,20,202
119900265,809,284,525
119900266,638,150,488
119900267,162,131,31
119900268,313,43,270
119900269,1399,294,1105
119900271,14,57,-43
119900272,84,127,-43
119900275,161,1,160
119900276,201,2,199
119900277,13,3,10
119900278,381,25,356
119900279,142,362,-220
119900280,526,38,488
119900281,0,377,-377
119900282,4,90,-86
119900283,28,67,-39
119900284,34,111,-77
119900285,1,52,-51
119900286,0,8,-8
119900288,1,2,-1
119900289,0,3,-3
119900290,3,0,3
119900291,0,8,-8
119900292,39,120,-81
119900293,21,16,5
119900294,22,109,-87
119900295,50,23,27
119900296,118,20,98
119900297,1,12,-11
119900298,2,0,2
119900299,204,155,49
119900300,708,522,186
119900301,52,172,-120
119900302,8,90,-82
119900303,565,896,-331
119900304,392,21,371
119900305,4,58,-54
119900306,19,0,19
119900307,99,62,37
119900308,18,40,-22
119900309,13,232,-219
119900310,343,104,239
119900311,287,6,281
119900312,178,13,165
119900313,289,115,174
119900314,296,360,-64
119900315,3676,581,3095
119900318,20,112,-92
119900319,0,49,-49
119900320,473,77,396
119900321,371,23,348
120000001,8076,36635,-28559
120000002,3058,2574,484
120000003,2290,756,1534
120000004,2748,715,2033
120000005,2437,674,1763
120000006,1783,652,1131
120000007,2607,1811,796
120000008,1756,1489,267
120000009,841,503,338
120000010,2146,2580,-434
120000011,1644,1196,448
120000012,1869,805,1064
120000013,4162,2259,1903
120000014,1640,886,754
120000015,3913,1810,2103
120000016,4866,1893,2973
120000017,4907,5580,-673
120000018,2983,23432,-20449
120000019,1507,1228,279
120000020,2234,2745,-511
120000021,1599,986,613
120000022,2504,2870,-366
120000023,1572,1229,343
120000024,985,1448,-463
120000025,3387,1121,2266
120000026,5308,1177,4131
120000027,2725,1700,1025
120000028,506,792,-286
120000029,1102,774,328
120000030,289,1303,-1014
120000031,1903,5083,-3180
120000032,3455,1560,1895
120000033,5225,699,4526
120000034,6183,638,5545
120000035,4791,872,3919
120000036,4340,5008,-668
120000037,532,2310,-1778
120000038,2987,1941,1046
120000039,605,1978,-1373
120000040,89,9331,-9242
120000041,678,1265,-587
120000042,3718,1196,2522
120000043,7384,723,6661
120000044,8617,1233,7384
120000045,11210,531,10679
120000046,7624,9723,-2099
120000047,526,14391,-13865
120000048,6166,4555,1611
120000049,5462,2153,3309
120000050,4148,3224,924
120000051,2264,4534,-2270
120000052,4766,989,3777
120000053,2104,954,1150
120000054,1596,1805,-209
120000055,1588,2117,-529
120000056,3669,2138,1531
120000057,4024,1659,2365
120000058,1510,1055,455
120000059,11,2189,-2178
120000061,186,725,-539
120000062,144,128,16
120000063,457,1628,-1171
120000064,608,764,-156
120000065,531,2042,-1511
120000066,204,377,-173
120000067,27,121,-94
120000068,536,168,368
120000069,1260,267,993
120000070,532,1077,-545
120000071,2077,120,1957
120000072,1892,389,1503
120000073,1838,119,1719
120000074,233,71,162
120000075,1610,414,1196
120000076,4415,1062,3353
120000077,4374,513,3861
120000078,4049,1009,3040
120000079,852,337,515
120000080,279,154,125
120000081,599,56,543
120000082,640,173,467
120000083,86,979,-893
120000084,283,195,88
120000085,273,532,-259
120000086,378,150,228
120000087,327,164,163
120000088,810,546,264
120000089,1201,250,951
120000090,863,304,559
120000091,2058,1375,683
120000092,1288,186,1102
120000093,1741,272,1469
120000094,434,398,36
120000095,1023,120,903
120000096,540,226,314
120000098,1060,1625,-565
120000099,540,232,308
120000100,834,376,458
120000101,864,415,449
120000102,1222,1274,-52
120000103,2112,876,1236
120000104,4076,373,3703
120000105,4434,187,4247
120000106,6160,196,5964
120000107,10635,578,10057
120000108,3940,119,3821
120000109,1887,67,1820
120000110,8,374,-366
120000111,108,461,-353
120000112,467,746,-279
120000113,471,1153,-682
120000114,445,738,-293
120000115,475,549,-74
120000116,550,836,-286
120000117,605,693,-88
120000118,47,52,-5
120000119,9,52,-43
120000120,329,300,29
120000121,17,21,-4
120000122,288,1372,-1084
120000123,1918,13407,-11489
120000124,566,430,136
120000125,1541,432,1109
120000126,850,1329,-479
120000127,856,714,142
120000128,2549,2420,129
120000129,186,130,56
120000130,1079,419,660
120000131,621,414,207
120000134,642,172,470
120000135,1657,670,987
120000137,384,212,172
120000138,3694,127,3567
120000139,562,372,190
120000140,3442,200,3242
120000141,401,1219,-818
120000142,1362,1004,358
120000143,3,20,-17
120000144,160,43,117
120000145,1185,2,1183
120000146,700,1238,-538
120000149,459,352,107
120000150,1464,13641,-12177
120000151,1087,330,757
120000152,2226,83,2143
120000153,1288,328,960
120000154,864,2480,-1616
120000155,541,549,-8
120000156,1172,2714,-1542
120000157,2462,410,2052
120000158,2631,1011,1620
120000159,2805,1262,1543
120000160,1812,1454,358
120000161,7108,3522,3586
120000162,150,274,-124
120000163,1333,163,1170
120000164,1554,240,1314
120000165,2443,190,2253
120000166,3637,287,3350
120000167,125,92,33
120000168,4,262,-258
120000169,17,557,-540
120000170,10,924,-914
120000171,5,242,-237
120000172,1,194,-193
120000173,128,438,-310
120000174,37,117,-80
120000175,24,32,-8
120000176,8,57,-49
120000177,379,49,330
120000178,8,13,-5
120000179,9,33,-24
120000180,14,29,-15
120000181,2,348,-346
120000182,12,480,-468
120000183,0,100,-100
120000184,69,372,-303
120000186,2,396,-394
120000187,10,346,-336
120000188,19,157,-138
120000190,35,24,11
120000191,59,36,23
120000192,53,3,50
120000193,18,1,17
120000195,33,0,33
120000196,29,8,21
120000197,0,13,-13
120000198,561,19,542
120000199,475,1,474
120000200,523,0,523
120000201,69,141,-72
120000202,0,24,-24
120000203,228,90,138
120000207,0,16,-16
120000208,10,19,-9
120000209,12,2,10
120000210,16,14,2
120000211,916,13,903
120000212,712,0,712
120000213,506,120,386
120000214,1,26,-25
120000215,1,33,-32
120000216,789,31,758
120000217,135,450,-315
120000218,9,339,-330
120000219,0,196,-196
120000220,0,509,-509
120000225,4242,3,4239
120000226,910,33,877
120000227,1426,218,1208
120000228,8647,5148,3499
120000230,695,24,671
120000231,3209,397,2812
120000233,1444,1,1443
120000235,711,292,419
120000236,2922,0,2922
120000237,0,558,-558
120000238,0,316,-316
120000241,1516,6801,-5285
120000412,778,14,764
120000413,935,101,834
120000414,380,11,369
120000415,0,82,-82
120000416,332,16,316
120000417,6,943,-937
120000418,663,11,652
120000419,5,38,-33
120000420,109,26,83
120000421,7913,5036,2877
120000422,90,4721,-4631
120000423,0,146,-146
120000424,619,55,564
120000436,97,2045,-1948
120000437,53,31,22
120000438,1326,239,1087
120000439,291,841,-550
120000443,212,0,212
120000444,3077,427,2650
120000445,3135,1348,1787
120000446,945,85,860
120000447,1252,2,1250
120000449,405,31,374
120000450,2,90,-88
120000451,403,63,340
120000452,149,3,146
120000453,0,24,-24
120000454,19,67,-48
120000455,253,19,234
120000456,1811,6976,-5165
120000457,1093,427,666
120000458,746,396,350
120000459,300,66,234
120000665,73,360,-287
120000668,71,1007,-936
120000669,731,83,648
120000670,34,499,-465
120000671,4205,1575,2630
120000672,167,427,-260
120900001,117,26,91
120900002,83,318,-235
120900003,258,5,253
120900004,24,219,-195
120900005,98,408,-310
120900006,1347,147,1200
120900007,140,134,6
120900008,741,136,605
120900009,189,29,160
120900010,1268,150,1118
120900011,18,174,-156
120900012,23,1408,-1385
120900013,512,81,431
120900014,2,128,-126
120900015,1696,66,1630
120900016,3408,64,3344
120900017,1584,10,1574
120900018,587,89,498
120900019,659,475,184
120900020,329,544,-215
120900021,607,102,505
120900022,2,104,-102
120900023,821,732,89
120900024,1404,530,874
120900025,1221,466,755
120900026,107,56,51
120900027,380,14,366
120900028,929,284,645
120900029,15,1405,-1390
120900030,3422,286,3136
120900031,558,73,485
120900032,3033,287,2746
120900033,2497,134,2363
120900034,18,4775,-4757
120900035,46,16,30
120900037,806,18,788
120900038,131,664,-533
120900039,168,42,126
120900040,746,22,724
120900041,40,14,26
120900042,1184,32,1152
120900043,240,57,183
120900044,6,578,-572
120900045,266,15,251
120900046,1625,3,1622
120900047,239,236,3
120900048,343,26,317
120900049,1393,3,1390
120900050,630,5093,-4463
120900051,825,39,786
120900052,2597,10,2587
120900053,642,13,629
120900054,752,131,621
120900055,1526,2,1524
120900056,1181,40,1141
120900057,634,21,613
120900058,1490,0,1490
120900059,362,4,358
120900060,127,8,119
120900061,273,58,215
120900062,883,3,880
120900063,1758,22,1736
120900064,1626,2,1624
120900065,1547,2,1545
120900066,1271,61,1210
120900067,397,146,251
120900068,1100,2,1098
120900069,910,14,896
120900071,33,0,33
120900072,2063,14,2049
120900073,1815,20,1795
120900074,1467,14,1453
120900076,1384,1,1383
120900077,806,101,705
120900078,1459,205,1254
120900079,1024,36,988
120900080,2676,203,2473
120900081,4874,285,4589
120900082,554,392,162
120900083,133,1,132
120900084,688,465,223
120900085,14,85,-71
120900086,58,1073,-1015
120900087,632,199,433
120900088,267,880,-613
120900089,975,6008,-5033
120900090,500,5,495
120900091,192,785,-593
120900092,124,114,10
120900093,893,44,849
120900094,174,68,106
120900095,353,18,335
120900096,98,106,-8
120900097,647,307,340
120900098,22,65,-43
120900099,97,30,67
120900100,41,92,-51
120900101,20,83,-63
120900102,141,19,122
120900103,115,87,28
120900104,17,12,5
120900105,4,316,-312
120900106,217,131,86
120900107,144,115,29
120900108,24,174,-150
120900109,45,159,-114
120900110,120,169,-49
120900111,205,103,102
120900112,4,118,-114
120900113,26,153,-127
120900114,29,98,-69
120900115,177,197,-20
120900116,1624,124,1500
120900117,0,93,-93
120900118,2,102,-100
120900119,3806,1744,2062
120900120,155,191,-36
120900121,24,159,-135
120900122,1953,168,1785
120900123,0,77,-77
120900124,2,128,-126
120900125,1,169,-168
120900126,90,294,-204
120900127,3,79,-76
120900128,334,480,-146
120900129,1,136,-135
120900130,37,117,-80
120900131,58,133,-75
120900132,2002,52,1950
120900133,12,481,-469
120900134,78,113,-35
120900135,3,547,-544
120900136,14,146,-132
120900137,629,14,615
120900138,1,105,-104
120900139,2,236,-234
120900140,2,104,-102
120900141,230,85,145
120900142,2,131,-129
120900143,0,153,-153
120900144,0,25,-25
120900145,175,2210,-2035
120900146,12,106,-94
120900147,698,23,675
120900148,194,76,118
120900149,0,89,-89
120900150,120,57,63
120900151,235,70,165
120900152,598,20,578
120900153,0,0,0
120900154,4,62,-58
120900155,476,178,298
120900156,1310,126,1184
120900157,0,0,0
120900158,78,214,-136
120900159,3,28,-25
120900160,35,524,-489
120900161,8,178,-170
120900162,23,172,-149
120900163,20,171,-151
120900164,0,21,-21
120900165,0,41,-41
120900166,57,402,-345
120900167,138,29,109
120900169,127,91,36
120900170,344,6492,-6148
120900171,361,53,308
120900172,38,520,-482
120900173,17,40,-23
120900174,0,101,-101
120900175,162,39,123
120900176,34,423,-389
120900177,3,3234,-3231
120900178,6,326,-320
120900179,75,156,-81
120900180,21,124,-103
120900181,24,14,10
120900182,49,40,9
120900183,279,49,230
120900184,71,56,15
120900185,212,872,-660
120900186,0,88,-88
120900187,991,599,392
120900188,646,5,641
120900189,20,5012,-4992
120900190,516,15,501
120900191,250,7,243
120900192,5736,21858,-16122
120900194,151,57,94
120900195,260,117,143
120900196,188,33,155
120900197,950,69,881
120900198,70,380,-310
120900199,332,318,14
120900200,16,57,-41
120900201,172,64,108
120900202,1,78,-77
120900203,45,35,10
120900204,35,95,-60
120900205,301,33,268
120900206,77,42,35
120900207,15,904,-889
121000001,771,1234,-463
121000002,1967,2020,-53
121000003,5277,2123,3154
121000004,1939,3303,-1364
121000005,2819,2923,-104
121000006,2435,2904,-469
121000007,3400,3955,-555
121000008,3874,4441,-567
121000009,4838,7401,-2563
121000010,5146,5126,20
121000011,4853,5035,-182
121000012,9377,3689,5688
121000013,5507,4478,1029
121000014,4300,2711,1589
121000015,4604,6708,-2104
121000016,3373,3884,-511
121000017,2879,1588,1291
121000018,2572,1667,905
121000019,7618,7187,431
121000020,8439,12660,-4221
121000021,1635,2927,-1292
121000022,2762,3059,-297
121000023,2735,1436,1299
121000024,5066,6050,-984
121000025,221,1815,-1594
121000026,197,141,56
121000027,1277,1105,172
121000028,799,551,248
121000029,1268,498,770
121000030,780,445,335
121000031,340,545,-205
121000032,202,70,132
121000034,269,633,-364
121000035,145,194,-49
121000036,1410,1135,275
121000037,671,962,-291
121000038,329,1081,-752
121000039,85,401,-316
121000041,389,282,107
121000042,276,367,-91
121000043,426,470,-44
121000044,1481,1241,240
121000045,586,160,426
121000046,944,702,242
121000047,412,285,127
121000049,935,546,389
121000050,220,1408,-1188
121000051,833,292,541
121000052,479,799,-320
121000053,350,230,120
121000054,55,377,-322
121000055,890,2239,-1349
121000056,831,1579,-748
121000057,109,308,-199
121000058,181,67,114
121000059,3577,835,2742
121000060,604,965,-361
121000061,10,401,-391
121000062,75,620,-545
121000063,936,1283,-347
121000064,634,1022,-388
121000065,231,511,-280
121000066,750,616,134
121000067,418,926,-508
121000068,341,372,-31
121000069,77,1489,-1412
121000070,982,1127,-145
121000071,1867,1502,365
121000072,422,1403,-981
121000073,1183,1928,-745
121000074,60,513,-453
121000075,3,81,-78
121000076,386,316,70
121000077,152,169,-17
121000078,67,126,-59
121000080,1490,550,940
121000081,2645,3688,-1043
121000082,120,263,-143
121000083,43,104,-61
121000084,147,167,-20
121000085,237,489,-252
121000086,981,585,396
121000087,137,196,-59
121000088,807,816,-9
121000089,199,499,-300
121000090,274,279,-5
121000091,1218,730,488
121000092,257,37,220
121000093,308,97,211
121000094,325,909,-584
121000095,160,560,-400
121000096,5671,814,4857
121000097,523,1413,-890
121000098,1081,455,626
121000099,1327,448,879
121000100,1525,173,1352
121000101,720,109,611
121000102,519,158,361
121000103,272,286,-14
121000104,416,149,267
121000105,497,58,439
121000106,442,300,142
121000107,1488,2075,-587
121000109,962,718,244
121000110,186,575,-389
121000114,2682,1746,936
121000115,1799,628,1171
121000116,757,837,-80
121000117,133,279,-146
121000118,1647,175,1472
121000119,509,241,268
121000120,760,1001,-241
121000121,555,1300,-745
121000123,841,226,615
121000127,307,101,206
121000128,2009,145,1864
121000129,1858,189,1669
121000130,962,1456,-494
121000131,1811,758,1053
121000132,825,783,42
121000135,196,135,61
121000136,692,1499,-807
121000137,646,407,239
121000138,408,2348,-1940
121000139,180,787,-607
121000141,280,231,49
121000142,448,577,-129
121000143,104,13,91
121000144,466,544,-78
121000145,972,707,265
121000146,1336,981,355
121000147,1719,624,1095
121000148,976,473,503
121000149,3415,2075,1340
121000152,286,323,-37
121000153,1246,340,906
121000154,1626,434,1192
121000155,2411,881,1530
121000156,479,800,-321
121000157,467,881,-414
121000158,276,140,136
121000159,272,283,-11
121000160,359,255,104
121000161,248,353,-105
121000162,247,89,158
121000165,955,1827,-872
121000166,97,418,-321
121000168,659,172,487
121000169,99,54,45
121000170,494,71,423
121000171,85,111,-26
121000172,1173,1757,-584
121000173,1377,1353,24
121000174,896,548,348
121000175,2191,319,1872
121000176,435,220,215
121000177,849,631,218
121000178,46,94,-48
121000179,46,179,-133
121000181,239,338,-99
121000182,223,572,-349
121000183,16,278,-262
121000184,16,236,-220
121000185,27,390,-363
121000186,267,779,-512
121000187,316,134,182
121000188,447,29,418
121000192,920,187,733
121000193,951,127,824
121000194,1788,1574,214
121000195,198,1041,-843
121000196,639,396,243
121000197,103,1047,-944
121000198,122,248,-126
121000199,315,677,-362
121000200,868,255,613
121000201,3,205,-202
121000202,704,103,601
121000203,688,1109,-421
121000204,3486,451,3035
121000205,170,197,-27
121000206,96,82,14
121000207,2923,689,2234
121000208,13,276,-263
121000209,1409,69,1340
121000210,1149,404,745
121000211,719,66,653
121000212,613,519,94
121000213,15368,3566,11802
121000214,1122,2540,-1418
121000215,642,1378,-736
121000216,436,685,-249
121000217,3959,4497,-538
121000218,572,1814,-1242
121000219,1587,840,747
121000220,350,62,288
121000221,866,555,311
121000222,7070,2978,4092
121000223,177,598,-421
121000224,146,485,-339
121000225,449,9620,-9171
121000226,1001,3117,-2116
121000227,21,134,-113
121000228,27,551,-524
121000229,701,302,399
121000230,73,3382,-3309
121000231,2451,34,2417
121000232,404,282,122
121000233,1055,407,648
121000234,5,20,-15
121000235,41,179,-138
121000236,4,26,-22
121000237,29,34,-5
121000238,4,36,-32
121000239,117,17,100
121000240,6,96,-90
121000241,152,3,149
121000242,12,123,-111
121000243,211,24,187
121000244,2,34,-32
121000245,13,4,9
121000246,0,55,-55
121000247,147,0,147
121000248,271,287,-16
121000249,186,227,-41
121000250,711,794,-83
121000251,5,219,-214
121000252,235,132,103
121000253,561,745,-184
121000254,1530,388,1142
121000255,88,592,-504
121000256,310,471,-161
121000257,47,310,-263
121000258,15,259,-244
121000259,25,190,-165
121000260,4,141,-137
121000261,54,319,-265
121000262,1601,275,1326
121000263,610,1168,-558
121000271,1234,2152,-918
121000273,73,13,60
121000274,15,312,-297
121000275,19,8,11
121000276,6,105,-99
121000278,175,72,103
121000279,41,146,-105
121000280,17,116,-99
121000289,590,13,577
121000290,834,1133,-299
121000294,578,34,544
121000297,229,1175,-946
121000299,195,4449,-4254
121000300,1703,621,1082
121000302,10,562,-552
121000303,971,146,825
121000304,699,26,673
121000305,306,42,264
121000306,340,213,127
121000308,93,130,-37
121000309,128,152,-24
121000310,143,138,5
121000311,62,98,-36
121000312,479,241,238
121000313,189,197,-8
121000314,206,212,-6
121000315,8,60,-52
121000530,3050,1521,1529
121000531,2378,1843,535
121000532,4897,5072,-175
121000533,4026,2535,1491
121000918,12,96,-84
121000919,29,113,-84
121000938,96,125,-29
121000939,47,231,-184
121000956,2828,2344,484
121000957,0,25,-25
121000958,21,120,-99
121000959,2211,308,1903
121000960,1904,1565,339
121000961,478,21,457
121000962,182,262,-80
121000973,0,536,-536
121000976,4,89,-85
121000979,201,53,148
121000981,734,55,679
121000982,718,336,382
121000983,987,85,902
121000984,0,34,-34
121000985,1818,541,1277
121000986,1331,273,1058
121000987,450,595,-145
121000988,1804,77,1727
121001302,223,66,157
121001308,3,17,-14
121001309,23,621,-598
121001313,436,277,159
121001314,2494,2110,384
121001315,5352,4619,733
121001326,554,516,38
121900001,137,524,-387
121900002,48,178,-130
121900003,734,3,731
121900004,41,946,-905
121900005,24,9,15
121900006,201,8,193
121900007,1744,1481,263
121900008,45,100,-55
121900009,1072,14,1058
121900010,337,0,337
121900011,239,74,165
121900012,24,0,24
121900013,34,51,-17
121900014,2756,464,2292
121900015,146,62,84
121900016,11,51,-40
121900017,807,1405,-598
121900018,1031,4,1027
121900019,583,98,485
121900020,80,10,70
121900021,1341,54,1287
121900022,379,135,244
121900023,180,269,-89
121900024,278,31,247
121900025,630,348,282
121900026,209,55,154
121900027,395,196,199
121900028,226,24,202
121900029,45,373,-328
121900030,437,436,1
121900031,1049,7375,-6326
121900032,100,45,55
121900033,55,257,-202
121900034,227,291,-64
121900035,5247,2872,2375
121900036,167,248,-81
121900037,203,830,-627
121900038,22,14,8
121900039,325,26,299
121900040,32,82,-50
121900041,71,210,-139
121900042,441,74,367
121900043,0,0,0
121900044,102,38,64
121900046,189,116,73
121900047,136,75,61
121900048,33,31,2
121900050,36,59,-23
121900051,140,383,-243
121900052,148,45,103
121900053,343,424,-81
121900054,609,1848,-1239
121900055,0,14,-14
121900058,402,216,186
121900059,508,132,376
121900060,111,437,-326
121900062,85,52,33
121900063,2522,358,2164
121900064,691,553,138
121900066,103,50,53
121900067,129,117,12
121900069,107,158,-51
121900070,84,165,-81
121900071,884,300,584
121900072,28,45,-17
121900073,187,202,-15
121900074,283,387,-104
121900075,273,848,-575
121900076,535,1108,-573
121900078,131,100,31
121900079,0,0,0
121900080,1006,97,909
121900082,113,55,58
121900084,10,26,-16
121900086,35,64,-29
121900087,91,55,36
121900088,942,1237,-295
121900089,567,127,440
121900090,12,146,-134
121900091,82,52,30
121900092,241,104,137
121900093,57,41,16
121900094,10,16,-6
121900095,425,77,348
121900096,900,362,538
121900097,709,61,648
121900098,4,2,2
121900099,514,25,489
121900100,17,164,-147
121900101,150,61,89
121900102,2,34,-32
121900103,486,152,334
121900104,1964,299,1665
121900105,196,96,100
121900106,0,4,-4
121900107,169,20,149
121900108,0,42,-42
121900109,245,96,149
121900110,726,246,480
121900111,435,335,100
121900112,130,102,28
121900113,28,579,-551
121900114,65,46,19
121900117,151,88,63
121900118,1575,464,1111
121900119,184,219,-35
121900120,40,711,-671
121900121,230,6,224
121900122,142,47,95
121900123,238,414,-176
121900124,191,109,82
121900125,2161,1115,1046
121900127,22,81,-59
121900128,101,34,67
121900129,229,49,180
121900130,53,158,-105
121900131,359,30,329
121900132,138,85,53
121900133,11,642,-631
121900134,1,223,-222
121900135,3861,305,3556
121900136,203,525,-322
121900137,24,372,-348
121900138,84,148,-64
121900139,287,2137,-1850
121900140,73,37,36
121900141,45,23,22
121900142,78,16,62
121900143,12,75,-63
121900144,137,447,-310
121900145,101,564,-463
121900146,258,313,-55
121900147,95,234,-139
121900148,87,134,-47
121900149,271,220,51
121900150,56,80,-24
121900151,8,170,-162
121900152,169,39,130
121900153,13,163,-150
121900154,3,259,-256
121900155,0,333,-333
121900156,144,157,-13
121900157,2,153,-151
121900158,83,149,-66
121900159,0,67,-67
121900160,7,231,-224
121900161,86,115,-29
121900162,30,75,-45
121900163,819,171,648
121900164,105,235,-130
121900165,221,175,46
121900166,120,90,30
121900167,88,9,79
121900168,121,23,98
121900169,21,188,-167
121900170,18,121,-103
121900171,1055,359,696
121900172,539,229,310
121900173,509,303,206
121900174,131,18,113
121900175,63,694,-631
121900176,863,1152,-289
121900177,186,42,144
121900178,92,58,34
121900179,234,278,-44
121900180,944,6870,-5926
121900182,423,358,65
121900183,266,2401,-2135
121900184,18,836,-818
121900186,3,444,-441
121900187,30,55,-25
121900188,1175,81,1094
121900189,135,82,53
121900190,250,295,-45
121900191,92,655,-563
121900192,245,2398,-2153
121900193,34,126,-92
121900194,1,216,-215
121900195,2,32,-30
121900196,918,1014,-96
121900197,338,726,-388
121900198,2862,3105,-243
121900199,11,43,-32
121900200,25,203,-178
121900201,754,952,-198
121900202,125,814,-689
121900203,20,832,-812
121900204,975,1899,-924
121900205,36,42,-6
121900206,12,40,-28
121900207,37,32,5
121900208,113,464,-351
121900209,143,55,88
121900210,2833,1314,1519
121900211,858,372,486
121900212,9,158,-149
121900213,736,43,693
121900214,2,484,-482
121900215,27,201,-174
121900216,5,291,-286
121900217,80,205,-125
121900218,221,590,-369
121900220,172,7,165
121900221,363,345,18
121900222,378,40,338
121900223,80,94,-14
121900224,91,104,-13
121900225,89,436,-347
121900226,174,33,141
121900227,397,2093,-1696
121900228,159,177,-18
121900230,49,246,-197
121900231,50,844,-794
121900232,94,258,-164
121900233,253,153,100
121900234,236,218,18
121900235,788,75,713
121900236,309,193,116
121900237,123,445,-322
121900238,170,166,4
121900239,134,39,95
121900240,134,68,66
121900241,44,62,-18
121900242,35,1,34
121900243,4,0,4
121900244,18,0,18
121900245,279,35,244
121900246,7257,174,7083
121900248,1144,513,631
121900250,193,179,14
121900251,323,27,296
121900252,313,86,227
121900253,62,635,-573
121900254,212,181,31
121900255,618,35,583
121900258,4661,1631,3030
121900259,244,372,-128
121900260,136,49,87
121900261,65,453,-388
121900262,331,1257,-926
121900263,261,122,139
121900264,434,587,-153
121900265,481,37,444
121900266,1005,170,835
121900267,221,12,209
121900269,290,764,-474
121900270,52,172,-120
121900271,118,129,-11
121900273,473,2103,-1630
121900274,739,188,551
121900277,261,1684,-1423
121900278,87,856,-769
121900279,301,151,150
121900280,84,327,-243
121900281,111,298,-187
121900284,29,2,27
121900286,196,161,35
121900287,2,66,-64
121900288,1,2,-1
121900290,78,811,-733
121900291,245,717,-472
121900292,202,51,151
121900293,758,4432,-3674
121900294,323,19,304
121900295,138,27,111
121900296,104,186,-82
121900298,108,1091,-983
121900299,0,32,-32
121900300,27,18,9
121900301,28,1,27
121900302,23,101,-78
121900303,81,560,-479
121900304,51,5,46
121900305,50,27,23
121900306,756,0,756
121900307,465,12,453
121900308,46,120,-74
121900309,6,131,-125
121900310,38,166,-128
121900311,885,33,852
121900312,628,34,594
121900313,589,5,584
121900314,16,9,7
121900315,96,1,95
121900316,0,3,-3
121900317,64,28,36
121900318,0,0,0
121900319,71,241,-170
121900320,31,12,19
121900321,95,21,74
121900322,2,6,-4
121900323,22,56,-34
121900324,1,22,-21
121900325,55,0,55
121900326,5,0,5
121900327,11,34,-23
121900328,0,6,-6
121900329,1,48,-47
121900330,2,141,-139
121900331,5,66,-61
121900332,34,38,-4
121900333,85,0,85
121900334,78,72,6
122000001,1440,2906,-1466
122000002,2212,502,1710
122000003,579,1854,-1275
122000004,903,925,-22
122000005,4333,1612,2721
122000006,390,621,-231
122000007,346,630,-284
122000008,587,1577,-990
122000009,256,271,-15
122000010,1709,2053,-344
122000011,2750,1053,1697
122000012,412,1416,-1004
122000013,479,936,-457
122000014,5549,1113,4436
122000015,948,492,456
122000016,416,464,-48
122000017,735,825,-90
122000018,1936,1305,631
122000019,859,1905,-1046
122000020,143,326,-183
122000021,105,294,-189
122000022,694,906,-212
122000023,506,1388,-882
122000024,250,1268,-1018
122000025,349,1775,-1426
122000026,303,711,-408
122000027,513,507,6
122000028,1185,487,698
122000029,334,586,-252
122000030,108,130,-22
122000031,191,411,-220
122000032,1927,1595,332
122000033,245,1105,-860
122000034,188,695,-507
122000035,118,381,-263
122000036,386,332,54
122000037,387,226,161
122000038,202,266,-64
122000039,553,365,188
122000040,164,229,-65
122000041,948,796,152
122000042,298,658,-360
122000043,107,119,-12
122000044,60,102,-42
122000045,1231,638,593
122000046,639,724,-85
122000047,39,131,-92
122000048,1978,3082,-1104
122000049,4784,3742,1042
122000050,469,352,117
122000051,170,493,-323
122000052,293,396,-103
122000053,222,1196,-974
122000054,2253,1599,654
122000055,1528,2286,-758
122000056,2216,1624,592
122000057,2045,2223,-178
122000058,346,1081,-735
122000059,462,1832,-1370
122000060,264,512,-248
122000061,99,294,-195
122000062,571,285,286
122000063,214,1049,-835
122000064,2355,3705,-1350
122000065,2006,2411,-405
122000066,173,851,-678
122000067,949,1344,-395
122000068,2305,1142,1163
122000069,859,1056,-197
122000070,1160,1440,-280
122000071,3670,870,2800
122000072,679,446,233
122000073,111,746,-635
122000074,2340,1297,1043
122000075,917,695,222
122000076,3391,1098,2293
122000077,306,1415,-1109
122000078,320,1281,-961
122000079,148,1866,-1718
122000080,419,264,155
122000081,118,109,9
122000082,190,1093,-903
122000083,5604,815,4789
122000084,4777,1477,3300
122000085,222,892,-670
122000086,2986,6048,-3062
122000087,118,171,-53
122000088,58,113,-55
122000089,4608,2778,1830
122000090,238,1133,-895
122000091,51,504,-453
122000092,85,134,-49
122000093,1076,3528,-2452
122000094,5366,2364,3002
122000095,495,3252,-2757
122000096,364,2466,-2102
122000098,3636,3052,584
122000099,344,2407,-2063
122000100,518,402,116
122000101,188,651,-463
122000102,3061,1005,2056
122000103,1010,1602,-592
122000104,1631,162,1469
122000105,301,423,-122
122000106,441,1695,-1254
122000107,1359,214,1145
122000108,496,482,14
122000109,265,191,74
122000110,518,473,45
122000111,1567,1102,465
122000112,1520,1395,125
122000113,539,345,194
122000114,1045,3324,-2279
122000115,3136,1515,1621
122000116,213,950,-737
122000117,1241,799,442
122000118,996,586,410
122000119,2058,1194,864
122000120,748,2119,-1371
122000121,1228,2116,-888
122000122,738,765,-27
122000123,988,1447,-459
122000124,658,444,214
122000125,286,408,-122
122000126,241,386,-145
122000127,188,597,-409
122000128,348,345,3
122000129,448,2950,-2502
122000130,2732,1012,1720
122000131,1370,868,502
122000132,217,469,-252
122000133,1313,476,837
122000134,1342,684,658
122000135,589,153,436
122000136,842,570,272
122000137,2813,458,2355
122000139,726,3178,-2452
122000140,94,998,-904
122000141,3153,1703,1450
122000142,121,1606,-1485
122000143,191,401,-210
122000144,2482,746,1736
122000145,705,1908,-1203
122000146,455,2565,-2110
122000147,468,950,-482
122000148,242,1269,-1027
122000149,1660,607,1053
122000150,1804,802,1002
122000151,136,299,-163
122000152,391,308,83
122000153,349,256,93
122000154,155,127,28
122000155,798,2182,-1384
122000156,9362,4306,5056
122000157,432,9293,-8861
122000158,505,918,-413
122000159,1428,690,738
122000160,2135,1178,957
122000161,1232,932,300
122000162,494,965,-471
122000163,296,56,240
122000164,25,134,-109
122000165,801,1449,-648
122000166,529,2052,-1523
122000167,230,466,-236
122000168,209,1117,-908
122000169,298,165,133
122000170,345,204,141
122000171,6,61,-55
122000172,2103,1238,865
122000173,1398,1865,-467
122000174,778,3572,-2794
122000175,404,256,148
122000176,358,1533,-1175
122000177,561,1411,-850
122000178,3398,3124,274
122000179,2911,3570,-659
122000180,411,705,-294
122000181,452,1247,-795
122000182,616,744,-128
122000183,1766,1090,676
122000184,2427,2491,-64
122000185,841,1885,-1044
122000186,607,1031,-424
122000187,1818,828,990
122000188,203,163,40
122000189,211,177,34
122000190,614,1780,-1166
122000191,413,548,-135
122000192,1018,432,586
122000193,472,776,-304
122000194,301,233,68
122000195,173,1075,-902
122000196,1516,330,1186
122000197,492,511,-19
122000198,366,1863,-1497
122000199,243,223,20
122000200,701,703,-2
122000201,782,2586,-1804
122000202,591,2475,-1884
122000203,1888,1159,729
122000204,1504,982,522
122000205,845,469,376
122000206,4622,1127,3495
122000207,2024,1814,210
122000208,1993,1387,606
122000209,2244,355,1889
122000210,2365,1907,458
122000211,974,1513,-539
122000212,760,664,96
122000213,913,1874,-961
122000214,1456,1633,-177
122000215,2256,2330,-74
122000217,977,1544,-567
122000218,620,51,569
122000219,1204,627,577
122000220,259,656,-397
122000221,113,282,-169
122000222,530,100,430
122000223,799,1031,-232
122000225,586,624,-38
122000226,1248,1260,-12
122000227,245,1322,-1077
122000228,433,395,38
122000229,27,1581,-1554
122000230,22,383,-361
122000231,344,1167,-823
122000232,394,465,-71
122000233,1,45,-44
122000234,860,59,801
122000235,1510,60,1450
122000236,1698,46,1652
122000237,149,143,6
122000238,244,527,-283
122000239,489,1053,-564
122000240,1354,407,947
122000241,3683,521,3162
122000242,649,86,563
122000243,462,66,396
122000244,112,353,-241
122000245,193,39,154
122000246,673,314,359
122000247,804,1756,-952
122000248,1070,884,186
122000249,2268,2640,-372
122000250,2295,1119,1176
122000251,161,158,3
122000252,227,21,206
122000253,184,130,54
122000254,647,27,620
122000255,500,518,-18
122000256,407,412,-5
122000257,562,157,405
122000258,437,178,259
122000259,72,303,-231
122000260,215,500,-285
122000261,5,184,-179
122000262,0,24,-24
122000263,229,68,161
122000264,2103,290,1813
122000265,2635,987,1648
122000266,3366,827,2539
122000267,247,76,171
122000268,177,96,81
122000269,1081,214,867
122000270,573,222,351
122000271,205,2394,-2189
122000272,580,485,95
122000273,853,186,667
122000274,397,294,103
122000275,307,295,12
122000276,2483,731,1752
122000277,1179,3280,-2101
122000278,2598,504,2094
122000279,186,258,-72
122000280,566,620,-54
122000281,512,288,224
122000282,120,774,-654
122000283,423,334,89
122000284,48,376,-328
122000285,536,110,426
122000286,149,226,-77
122000287,1807,1956,-149
122000288,557,236,321
122000291,2872,562,2310
122000293,192,251,-59
122000294,161,537,-376
122000295,1379,567,812
122000296,35,1915,-1880
122000297,1705,3847,-2142
122000299,566,158,408
122000300,393,579,-186
122000301,6791,5184,1607
122000302,381,5371,-4990
122000303,1433,1223,210
122000304,25,181,-156
122000305,2680,489,2191
122000306,117,178,-61
122000307,81,179,-98
122000309,19,73,-54
122000310,6,72,-66
122000311,16,86,-70
122000312,186,144,42
122000313,13,142,-129
122000314,328,599,-271
122000315,531,9,522
122000316,1900,293,1607
122000317,3819,203,3616
122000318,193,1430,-1237
122000319,186,220,-34
122000320,223,728,-505
122000321,82,118,-36
122000322,1001,1566,-565
122000323,401,1333,-932
122000324,1487,1992,-505
122000325,874,1947,-1073
122000326,200,67,133
122000327,226,905,-679
122000328,418,330,88
122000330,2222,1645,577
122000333,23,56,-33
122000337,1740,950,790
122000338,827,171,656
122000340,150,3250,-3100
122000342,1366,746,620
122000343,655,548,107
122000344,97,6,91
122000345,372,41,331
122000346,312,99,213
122000348,572,444,128
122000349,84,218,-134
122000351,519,156,363
122000352,140,180,-40
122000353,206,25,181
122000355,89,441,-352
122000356,173,1549,-1376
122000357,67,25,42
122000358,0,6,-6
122000359,1,27,-26
122000360,0,5,-5
122000362,48,35,13
122000364,621,151,470
122000365,1,58,-57
122000366,34,2,32
122000368,473,603,-130
122000370,60,69,-9
122000371,75,0,75
122000372,44,0,44
122000381,302,314,-12
122000382,35,172,-137
122000384,976,888,88
122000385,65,1,64
122000386,129,1861,-1732
122000387,460,1780,-1320
122000388,1345,951,394
122000389,169,935,-766
122000390,229,564,-335
122000391,40,1476,-1436
122000392,89,122,-33
122000393,547,406,141
122000394,812,163,649
122000395,184,236,-52
122000396,528,51,477
122000397,73,117,-44
122000398,24,161,-137
122000399,216,62,154
122000400,41,1151,-1110
122000401,198,44,154
122000402,915,92,823
122000403,301,296,5
122000404,455,105,350
122000408,627,792,-165
122000503,5,87,-82
122000524,90,152,-62
122000544,106,3678,-3572
122000614,223,238,-15
122000616,184,0,184
122000640,167,68,99
122000641,210,151,59
122000642,1669,501,1168
122000643,74,235,-161
122000644,96,65,31
122000645,45,164,-119
122000651,319,1327,-1008
122000664,312,61,251
122000665,1244,370,874
122000666,481,412,69
122000673,44,129,-85
122000674,776,328,448
122000675,3388,555,2833
122000686,347,2018,-1671
122000687,2780,919,1861
122000688,316,393,-77
122000689,2817,274,2543
122000690,5588,503,5085
122000691,1238,589,649
122000692,1900,516,1384
122000693,299,568,-269
122000695,218,152,66
122000696,1228,120,1108
122000698,600,286,314
122000699,785,70,715
122000701,3538,170,3368
122000702,684,933,-249
122000703,228,42,186
122000712,0,0,0
122000717,218,227,-9
122000718,476,5714,-5238
122000719,24,87,-63
122000720,1641,118,1523
122000724,187,172,15
122900001,33,44,-11
122900002,575,9139,-8564
122900003,730,21,709
122900004,4635,244,4391
122900005,29,342,-313
122900006,544,2721,-2177
122900007,31,83,-52
122900008,253,414,-161
122900009,373,244,129
122900010,279,99,180
122900012,193,305,-112
122900014,121,87,34
122900015,863,572,291
122900016,202,154,48
122900017,252,751,-499
122900018,225,5,220
122900020,308,567,-259
122900021,45,769,-724
122900022,1743,1005,738
122900023,669,59,610
122900024,178,85,93
122900025,4,441,-437
122900026,12,100,-88
122900027,39,864,-825
122900028,43,42,1
122900029,5761,1819,3942
122900030,1965,240,1725
122900031,56,340,-284
122900032,477,276,201
122900033,166,127,39
122900034,3400,4408,-1008
122900035,28,2,26
122900036,30,35,-5
122900037,419,226,193
122900038,39,2539,-2500
122900039,46,394,-348
122900040,341,932,-591
122900041,91,652,-561
122900042,148,136,12
122900043,501,244,257
122900044,146,326,-180
122900045,136,144,-8
122900046,63,399,-336
122900047,130,95,35
122900048,16,227,-211
122900049,3268,60,3208
122900051,23,324,-301
122900052,124,57,67
122900053,7,21,-14
122900055,237,62,175
122900057,351,11,340
122900061,642,32,610
122900062,623,833,-210
122900063,278,78,200
122900064,1081,636,445
122900065,656,115,541
122900066,741,159,582
122900067,613,831,-218
122900069,416,2605,-2189
122900070,657,73,584
122900071,67,204,-137
122900073,51,64,-13
122900074,1803,120,1683
122900075,0,38,-38
122900076,1,89,-88
122900077,21,35,-14
122900078,336,17,319
122900080,11,67,-56
122900081,231,37,194
122900082,2490,51,2439
122900083,451,15,436
122900084,2,114,-112
122900086,4,46,-42
122900087,632,157,475
122900088,31,651,-620
122900089,471,397,74
122900090,0,107,-107
122900091,937,1,936
122900092,0,40,-40
122900093,1,68,-67
122900094,0,91,-91
122900095,415,39,376
122900096,1082,135,947
122900097,26,85,-59
122900098,10,126,-116
122900099,268,103,165
122900100,87,1379,-1292
122900101,472,307,165
122900102,137,100,37
122900103,813,39,774
122900104,725,21,704
122900105,86,21,65
122900106,0,21,-21
122900107,2,58,-56
122900108,0,72,-72
122900109,596,67,529
123000001,823,869,-46
123000002,1942,5718,-3776
123000003,4891,3845,1046
123000004,2929,2935,-6
123000005,3623,2338,1285
123000006,2422,1644,778
123000007,5378,3739,1639
123000008,2093,3270,-1177
123000009,5140,2827,2313
123000010,2696,2996,-300
123000011,1620,1159,461
123000012,501,2976,-2475
123000013,5556,1424,4132
123000014,654,2756,-2102
123000015,2915,962,1953
123000016,2439,2565,-126
123000017,4575,2158,2417
123000018,167,86,81
123000019,1310,42,1268
123000020,787,49,738
123000021,415,655,-240
123000022,1198,2936,-1738
123000023,2249,3327,-1078
123000024,2324,982,1342
123000025,726,130,596
123000026,24,102,-78
123000027,43,529,-486
123000028,557,2853,-2296
123000029,728,1973,-1245
123000030,421,263,158
123000031,768,139,629
123000032,1153,219,934
123000033,699,120,579
123000034,1347,963,384
123000035,444,776,-332
123000036,340,1583,-1243
123000037,325,113,212
123000038,28,251,-223
123000039,554,1438,-884
123000040,553,136,417
123000041,718,1149,-431
123000042,706,1052,-346
123000043,1152,13703,-12551
123000044,2510,1558,952
123000045,2020,1321,699
123000046,217,1062,-845
123000047,315,452,-137
123000048,92,1506,-1414
123000049,3858,8795,-4937
123000050,3042,1772,1270
123000051,135,372,-237
123000052,1217,2717,-1500
123000053,2251,2159,92
123000054,3288,2303,985
123000055,2308,5760,-3452
123000056,1426,532,894
123000057,2963,4251,-1288
123000058,687,1425,-738
123000059,154,479,-325
123000060,1751,544,1207
123000061,509,513,-4
123000063,1773,1145,628
123000064,1927,164,1763
123000065,2114,2402,-288
123000066,258,362,-104
123000067,1266,426,840
123000068,1430,1236,194
123000069,1934,879,1055
123000070,167,219,-52
123000071,2685,425,2260
123000072,996,235,761
123000073,3067,581,2486
123000074,1262,487,775
123000075,414,2095,-1681
123000076,1038,207,831
123000077,2111,866,1245
123000078,3856,634,3222
123000079,4036,1036,3000
123000080,2921,526,2395
123000081,253,195,58
123000082,330,396,-66
123000083,1035,232,803
123000084,784,383,401
123000085,841,74,767
123000086,1394,46,1348
123000087,627,151,476
123000088,1287,603,684
123000089,1616,791,825
123000090,1839,695,1144
123000091,2120,1278,842
123000092,1151,1182,-31
123000094,869,73,796
123000095,1541,1806,-265
123000096,1888,297,1591
123000097,800,217,583
123000098,1641,139,1502
123000099,1124,225,899
123000100,221,593,-372
123000101,358,183,175
123000102,427,1168,-741
123000104,491,648,-157
123000105,419,132,287
123000106,796,458,338
123000107,366,129,237
123000108,307,548,-241
123000111,1872,370,1502
123000112,2292,228,2064
123000113,654,405,249
123000114,383,1002,-619
123000115,622,1048,-426
123000116,129,58,71
123000117,3328,1200,2128
123000118,779,313,466
123000119,438,496,-58
123000120,247,548,-301
123000121,788,389,399
123000122,494,192,302
123000123,749,464,285
123000124,601,172,429
123000125,1729,767,962
123000126,1054,4003,-2949
123000127,484,309,175
123000128,358,103,255
123000129,1686,78,1608
123000130,1479,40,1439
123000131,1883,974,909
123000132,414,291,123
123000133,294,66,228
123000134,282,63,219
123000135,3848,2293,1555
123000136,157,247,-90
123000137,246,70,176
123000138,318,171,147
123000139,986,60,926
123000140,49,310,-261
123000141,616,66,550
123000142,1157,753,404
123000143,1013,1518,-505
123000144,1,64,-63
123000145,191,719,-528
123000146,24,291,-267
123000147,14,393,-379
123000149,446,200,246
123000150,121,161,-40
123000151,119,492,-373
123000152,52,413,-361
123000153,105,787,-682
123000154,1006,2339,-1333
123000155,1312,2118,-806
123000156,6,62,-56
123000157,1250,1196,54
123000158,417,1248,-831
123000159,2391,5893,-3502
123000160,1445,2089,-644
123000161,1768,2278,-510
123000162,2451,2667,-216
123000163,1243,218,1025
123000164,3800,176,3624
123000165,127,556,-429
123000166,13,48,-35
123000167,174,77,97
123000168,482,115,367
123000169,1549,101,1448
123000170,312,23,289
123000171,2399,5,2394
123000172,104,270,-166
123000173,829,465,364
123000174,820,573,247
123000175,167,455,-288
123000176,1156,392,764
123000177,227,714,-487
123000178,1505,290,1215
123000179,11,333,-322
123000180,2123,357,1766
123000181,139,437,-298
123000182,476,188,288
123000183,321,549,-228
123000184,40,337,-297
123000185,1517,963,554
123000186,5,155,-150
123000187,1030,14,1016
123000188,883,21,862
123000189,83,8,75
123000190,47,115,-68
123000192,20,198,-178
123000193,14,216,-202
123000194,71,40,31
123000195,622,13,609
123000196,584,289,295
123000197,200,86,114
123000198,16,162,-146
123000199,9,228,-219
123000200,952,12,940
123000201,1904,15,1889
123000202,59,178,-119
123000203,2138,36,2102
123000204,47,314,-267
123000205,115,355,-240
123000206,3789,116,3673
123000207,71,256,-185
123000208,1360,415,945
123000209,3063,646,2417
123000210,114,603,-489
123000211,283,813,-530
123000212,6561,382,6179
123000213,906,64,842
123000215,109,215,-106
123000216,141,1633,-1492
123000217,286,85,201
123000218,30,682,-652
123000219,458,184,274
123000220,725,709,16
123000221,423,84,339
123000222,339,166,173
123000223,986,120,866
123000224,660,227,433
123000225,526,24,502
123000226,298,135,163
123000227,108,135,-27
123000228,354,53,301
123000229,516,532,-16
123000232,79,300,-221
123000233,1462,109,1353
123000234,159,631,-472
123000235,2662,183,2479
123000236,454,414,40
123000237,867,155,712
123000238,46,240,-194
123000239,371,411,-40
123000240,86,921,-835
123000241,248,52,196
123000242,114,189,-75
123000243,1043,754,289
123000244,771,381,390
123000245,5,121,-116
123000249,200,669,-469
123000252,1187,329,858
123000253,2631,434,2197
123000254,784,355,429
123000255,1523,833,690
123000256,7,126,-119
123000257,1505,1321,184
123000258,1004,488,516
123000259,871,543,328
123000260,1092,214,878
123000261,514,103,411
123000262,18,73,-55
123000263,763,69,694
123000264,285,67,218
123000265,18,58,-40
123000266,538,335,203
123000267,1235,178,1057
123000268,20,44,-24
123000269,53,59,-6
123000270,17,29,-12
123000271,33,18,15
123000272,739,328,411
123000273,533,1132,-599
123000274,1559,677,882
123000275,147,517,-370
123000278,1307,4511,-3204
123000279,355,118,237
123000280,443,520,-77
123000281,539,155,384
123000282,99,122,-23
123000283,286,47,239
123000284,39,69,-30
123000286,93,330,-237
123000287,390,220,170
123000288,750,1331,-581
123000289,192,1833,-1641
123000291,95,535,-440
123000294,231,204,27
123000295,666,1257,-591
123000296,1239,664,575
123000297,1633,235,1398
123000298,2309,206,2103
123000299,496,248,248
123000300,1854,1224,630
123000301,269,924,-655
123000302,316,48,268
123000303,145,720,-575
123000305,600,517,83
123000306,463,62,401
123000309,64,27,37
123000310,95,40,55
123000311,3,58,-55
123000312,632,234,398
123000313,931,1586,-655
123000315,451,139,312
123000316,970,962,8
123000317,372,170,202
123000318,34,267,-233
123000329,18,24,-6
123000337,361,152,209
123000338,133,330,-197
123000339,695,67,628
123000340,152,180,-28
123000342,3,50,-47
123000343,181,22,159
123000344,468,88,380
123000345,367,142,225
123000346,842,70,772
123000352,875,510,365
123000353,99,64,35
123000354,1950,51,1899
123000355,0,602,-602
123000356,556,41,515
123000357,6,76,-70
123000359,8,34,-26
123000360,206,463,-257
123000361,337,189,148
123000362,642,58,584
123000363,309,79,230
123000364,406,580,-174
123000365,25,441,-416
123000366,227,3027,-2800
123000367,308,348,-40
123000370,40,287,-247
123000371,1119,48,1071
123000372,625,113,512
123000373,18,101,-83
123000374,14,121,-107
123000375,508,492,16
123000376,1271,848,423
123000377,1026,14,1012
123000378,1,146,-145
123000379,7,238,-231
123000380,4,106,-102
123000381,52,128,-76
123000382,693,187,506
123000383,106,710,-604
123000384,1191,155,1036
123000385,248,420,-172
123000436,113,1743,-1630
123000507,49,112,-63
123000508,122,1445,-1323
123000517,219,12,207
123000518,13,82,-69
123000519,168,50,118
123000520,18,48,-30
123000521,660,88,572
123000522,103,58,45
123000541,31,4,27
123000542,1,4,-3
123000565,1292,69,1223
123000566,1007,174,833
123000567,900,123,777
123000573,53,352,-299
123000574,1847,150,1697
123000575,4301,241,4060
123000576,1477,532,945
123000577,70,504,-434
123000578,734,38,696
123000579,1022,7997,-6975
123000580,550,261,289
123000582,716,19,697
123000583,1,95,-94
123000584,235,138,97
123000585,0,21,-21
123000586,447,1,446
123000596,35,35,0
123000597,100,230,-130
123000602,352,39,313
123000603,2468,310,2158
123000604,1971,222,1749
123000605,1317,110,1207
123000606,0,924,-924
123000609,2,314,-312
123000610,65,103,-38
123000613,172,61,111
123000614,518,31,487
123000615,146,137,9
123000616,1958,39,1919
123000617,111,169,-58
123000618,7,284,-277
123000619,716,36,680
123000620,26,201,-175
123000622,847,30,817
123000624,497,136,361
123000630,3665,956,2709
123000631,353,482,-129
123000632,946,536,410
123000633,1,340,-339
123000634,52,932,-880
123000635,44,300,-256
123000636,65,332,-267
123000637,449,29,420
123000638,1734,70,1664
123000639,1121,9986,-8865
123000640,15,173,-158
123000648,1326,52,1274
123000649,27,268,-241
123000650,184,122,62
123000651,26,162,-136
123000652,311,2,309
123000653,39,144,-105
123000654,83,57,26
123900001,1382,74,1308
123900002,22,1363,-1341
123900003,86,195,-109
123900005,331,178,153
123900006,785,126,659
124000001,2952,208,2744
124000002,39,516,-477
124000003,1747,220,1527
124000004,132,188,-56
124000005,1366,1953,-587
124000006,197,316,-119
124000007,1417,173,1244
124000008,2,673,-671
124000009,1574,595,979
124000010,765,506,259
124000011,967,968,-1
124000012,535,261,274
124000017,449,108,341
124000018,269,136,133
124000019,341,118,223
124000020,87,108,-21
124000021,188,93,95
124000022,165,136,29
124000023,1120,339,781
124000024,1087,249,838
124000025,888,542,346
124000026,1080,213,867
124000027,1026,321,705
124000028,1794,416,1378
124000031,1859,12080,-10221
124000032,880,612,268
124000033,1421,1328,93
124000034,801,845,-44
124000035,807,324,483
124000036,540,620,-80
124000037,380,545,-165
124000038,7,124,-117
124000039,303,257,46
124000040,143,957,-814
124000041,1189,399,790
124000042,270,543,-273
124000043,269,35,234
124000044,140,247,-107
124000045,2021,166,1855
124000046,271,478,-207
124000047,3410,299,3111
124000048,1250,216,1034
124000049,3078,348,2730
124000050,1288,749,539
124000051,2312,238,2074
124000052,1151,397,754
124000053,494,3514,-3020
124000054,969,281,688
124000055,1122,7934,-6812
124000056,1258,647,611
124000057,2539,296,2243
124000058,1090,548,542
124000059,1968,1597,371
124000060,582,525,57
124000061,1627,8560,-6933
124000062,2316,934,1382
124000063,1233,608,625
124000064,1567,1551,16
124000065,117,1625,-1508
124000066,352,213,139
124000067,103,112,-9
124000068,160,278,-118
124000069,613,158,455
124000070,718,246,472
124000071,261,977,-716
124000072,527,3664,-3137
124000073,1308,119,1189
124000074,242,644,-402
124000075,1090,46,1044
124000076,125,53,72
124000077,403,568,-165
124000078,1436,897,539
124000079,266,734,-468
124000080,1337,511,826
124000081,255,1169,-914
124000082,207,199,8
124000083,40,162,-122
124000084,29,1825,-1796
124000085,77,25,52
124000086,3,355,-352
124000087,95,642,-547
124000088,140,276,-136
124000089,925,164,761
124000090,427,195,232
124000091,965,116,849
124000092,458,490,-32
124000093,226,87,139
124000094,182,596,-414
124000095,159,26,133
124000096,473,97,376
124000097,280,96,184
124000098,445,33,412
124000099,410,89,321
124000100,114,187,-73
124000101,231,150,81
124000102,139,16,123
124000103,427,146,281
124000104,234,31,203
124000105,372,92,280
124000106,175,25,150
124000107,49,332,-283
124000108,51,12,39
124000109,150,56,94
124000110,228,83,145
124000111,212,93,119
124000112,1724,348,1376
124000113,230,131,99
124000114,889,229,660
124000115,596,542,54
124000116,68,238,-170
124000117,54,49,5
124000118,58,76,-18
124000119,1357,699,658
124000120,899,257,642
124000121,2127,988,1139
124000122,702,1807,-1105
124000123,607,285,322
124000124,653,681,-28
124000125,486,173,313
124000126,490,348,142
124000127,1126,218,908
124000128,1069,226,843
124000129,1668,921,747
124000130,494,170,324
124000131,713,497,216
124000132,482,380,102
124000133,1426,635,791
124000134,742,437,305
124000135,1598,1672,-74
124000136,491,601,-110
124000137,757,909,-152
124000138,725,532,193
124000139,1162,291,871
124000140,129,952,-823
124000141,2144,27,2117
124000142,90,589,-499
124000143,89,53,36
124000144,7,219,-212
124000145,149,445,-296
124000146,34,543,-509
124000148,4,80,-76
124000149,1452,293,1159
124000150,324,1469,-1145
124000151,1683,588,1095
124000152,997,1296,-299
124000153,1621,906,715
124000154,851,996,-145
124000155,1520,686,834
124000156,1093,716,377
124000169,170,942,-772
124000170,564,307,257
124000171,554,429,125
124000172,356,329,27
124000173,1515,176,1339
124000174,803,345,458
124000175,93,122,-29
124000176,177,31,146
124000177,3,123,-120
124000178,46,107,-61
124000185,41,0,41
124000186,25,26,-1
124000187,12,65,-53
124000188,233,4,229
124000190,28,72,-44
124000191,155,599,-444
124000192,1474,975,499
124000193,163,3397,-3234
124000194,274,143,131
124000195,551,392,159
124000196,926,670,256
124000197,153,18,135
124000198,83,79,4
124000201,33,383,-350
124000202,1067,92,975
124000203,1489,165,1324
124000204,4208,270,3938
124000205,256,749,-493
124000206,2324,909,1415
124000207,1,22,-21
124000209,231,189,42
124000210,2230,227,2003
124000211,2045,13,2032
124000212,0,95,-95
124000213,1430,268,1162
124000214,1619,199,1420
124000215,1772,19,1753
124000216,9,199,-190
124000329,168,554,-386
124000338,114,470,-356
124000339,4712,28,4684
124000341,4027,42,3985
124000344,120,41,79
124000357,2034,4394,-2360
124000358,1491,3645,-2154
124000359,1425,710,715
124000360,2122,543,1579
124000361,2148,1190,958
124000362,1191,2777,-1586
124000363,850,263,587
124000364,774,384,390
124000365,1296,634,662
124000366,2893,1397,1496
124000367,112,173,-61
124000368,643,2278,-1635
124000369,37,137,-100
124000370,23,805,-782
124000402,243,34,209
124000403,306,52,254
124000404,167,38,129
124000405,743,403,340
124000406,581,266,315
124000407,11,21,-10
124000411,2,368,-366
124000412,887,2,885
124000413,198,402,-204
124000414,272,48,224
124000415,101,60,41
124000416,214,89,125
124000417,691,72,619
124000418,520,14,506
124000419,325,23,302
124000420,355,12,343
124000421,136,70,66
124000422,30,13,17
124000423,289,8,281
124000424,26,25,1
124000425,159,144,15
124000426,5,95,-90
124000427,504,24,480
124000428,9,1184,-1175
124000429,233,22,211
124000430,1897,492,1405
124000431,824,255,569
124000432,474,1245,-771
124000439,170,2,168
124000443,0,0,0
124000445,310,5855,-5545
124000446,1138,838,300
124000447,31,839,-808
124000448,491,10,481
124000449,879,16,863
124000450,55,99,-44
124000451,6,37,-31
124000452,455,61,394
124000453,1628,1564,64
124000454,1428,4073,-2645
124000457,0,70,-70
124000458,2,63,-61
124900001,1512,121,1391
124900002,289,104,185
124900003,1790,201,1589
124900004,1617,137,1480
124900005,162,43,119
124900006,1474,150,1324
124900008,463,449,14
124900009,75,498,-423
124900010,453,39,414
124900011,1518,223,1295
124900012,290,78,212
124900013,741,86,655
124900014,328,163,165
124900015,189,520,-331
124900016,186,260,-74
124900017,514,6336,-5822
124900018,298,28,270
124900020,162,31,131
124900021,589,89,500
124900022,65,72,-7
124900024,1166,18,1148
124900026,27,64,-37
124900027,171,172,-1
124900028,239,63,176
124900029,46,735,-689
124900030,1,87,-86
124900031,6,132,-126
124900032,114,45,69
124900033,163,461,-298
124900034,1,93,-92
124900035,150,36,114
124900036,1,77,-76
124900037,377,47,330
124900038,182,176,6
124900039,2,134,-132
124900040,129,60,69
124900041,531,351,180
124900042,10,1,9
124900043,817,278,539
124900044,98,0,98
124900045,333,1343,-1010
124900047,121,93,28
124900048,499,68,431
124900050,264,54,210
124900052,192,176,16
124900053,241,136,105
124900054,1094,446,648
124900055,1,26,-25
124900057,13,120,-107
124900060,90,204,-114
124900061,258,1,257
124900062,351,37,314
124900066,0,5,-5
124900067,41,54,-13
124900068,115,1400,-1285
124900070,14,44,-30
124900072,321,40,281
124900075,1002,82,920
124900076,48,3042,-2994
124900077,23,27,-4
124900078,147,3,144
124900079,350,240,110
124900080,677,183,494
124900081,2307,113,2194
124900082,651,264,387
124900083,649,419,230
124900085,378,271,107
124900086,6,953,-947
124900087,342,18,324
124900088,75,58,17
124900089,719,7,712
124900090,849,138,711
124900091,412,61,351
124900092,507,72,435
124900093,770,89,681
124900094,976,91,885
124900095,187,627,-440
124900096,267,47,220
124900097,879,20,859
124900098,351,192,159
124900099,150,477,-327
124900100,651,33,618
124900101,714,184,530
124900102,654,43,611
124900103,279,51,228
124900104,111,37,74
124900105,186,41,145
124900106,428,60,368
124900107,390,11,379
124900108,419,89,330
124900111,3,567,-564
124900112,355,195,160
124900113,48,143,-95
124900114,74,188,-114
124900115,29,369,-340
124900116,552,639,-87
124900117,92,332,-240
124900118,71,2008,-1937
124900119,647,299,348
124900120,15,101,-86
124900121,58,684,-626
124900122,772,92,680
124900123,88,77,11
124900124,67,133,-66
124900125,1425,3,1422
124900126,3,298,-295
204000001,476,23,453
204000002,59,17,42
204000003,36,4,32
204000004,13,0,13
204000005,312,333,-21
204000006,1144,1398,-254
204000011,5,6,-1
204000012,51,28,23
204000019,1523,384,1139
204000020,1933,261,1672
204000021,1267,1019,248
204000022,1468,716,752
204000023,753,334,419
204000031,85,3,82
204000032,276,21,255
204000034,113,86,27
204000035,0,4,-4
204000036,11,85,-74
204000037,7,39,-32
204000038,0,3,-3
204000039,2,60,-58
204000040,5,9,-4
204000041,8,19,-11
204000042,40,12,28
204000043,56,5,51
204000044,129,35,94
204000045,87,16,71
204000046,21,10,11
204000057,20,32,-12
204000062,100,21,79
204000068,81,359,-278
204000069,133,612,-479
204000070,61,128,-67
204000080,59,67,-8
204000085,1160,503,657
204000086,2002,824,1178
204000087,108,3,105
204000088,11,12,-1
204000090,367,185,182
204000093,1144,53,1091
204000096,1933,326,1607
204000097,716,38,678
204000099,1071,2372,-1301
204000100,1647,921,726
204000105,1508,616,892
204000110,594,757,-163
204000111,671,567,104
204000112,464,368,96
204000113,357,364,-7
204000114,1477,1380,97
204000115,1818,313,1505
204000116,981,345,636
204000119,3776,1001,2775
204000132,747,806,-59
204000133,982,89,893
204000134,351,51,300
204000135,1087,22,1065
204000136,711,234,477
204000138,318,1098,-780
204000140,245,79,166
204000141,146,50,96
204000144,4,35,-31
204000145,989,9,980
204000146,20,103,-83
204000147,20,287,-267
204000148,262,41,221
204000154,3,1,2
204000155,2,2,0
204000177,35,95,-60
204000179,11,32,-21
204000180,0,69,-69
204000222,8,10,-2
204000235,143,27,116
204000236,35,96,-61
204000238,25,30,-5
204000240,420,43,377
204000263,685,703,-18
204000268,539,221,318
204000308,99,30,69
204000317,45,118,-73
204000322,33,114,-81
204000323,25,17,8
204000328,290,54,236
204000329,234,55,179
204000330,305,40,265
204000331,424,90,334
205000001,823,1025,-202
205000013,48,112,-64
205000014,172,138,34
205000015,232,29,203
205000016,133,77,56
205000017,99,59,40
205000022,395,319,76
205000025,1829,408,1421
205000029,940,12,928
205000045,307,153,154
205000046,220,172,48
205000047,74,177,-103
205000048,542,213,329
205000049,224,270,-46
205000050,496,92,404
205000059,2,320,-318
205000060,2,499,-497
205000061,31,1241,-1210
205000062,5,1019,-1014
205000063,60,1585,-1525
205000064,37,325,-288
205000065,403,696,-293
205000066,375,291,84
205000067,210,309,-99
205000069,229,25,204
205000082,138,142,-4
205000110,52,80,-28
205000111,97,96,1
205000112,94,79,15
205000113,123,93,30
205000121,144,45,99
205000123,209,74,135
205000126,719,99,620
205000127,811,97,714
205000128,448,84,364
205000129,1278,122,1156
205000130,445,30,415
205000131,53,12,41
205000132,71,10,61
205000133,38,3,35
205000134,346,2,344
205000137,357,72,285
205000138,676,155,521
205000139,37,36,1
205000144,96,52,44
205000145,196,126,70
205000151,148,51,97
205000152,124,23,101
205000153,236,42,194
205000154,109,50,59
205000155,72,16,56
205000207,2,13,-11
205000233,34,3,31
205000234,0,2,-2
205000243,0,0,0
205000244,0,9,-9
205000245,7,51,-44
205000249,0,23,-23
205000250,6,1,5
205000264,18,116,-98
206000027,2,22,-20
206000028,8,16,-8
206000043,11,50,-39
206000053,1,3,-2
206000054,0,29,-29
206000055,0,30,-30
206000075,13,22,-9
206000076,62,2,60
206000077,87,13,74
206000078,11,13,-2
206000079,28,19,9
206000082,332,107,225
206000100,33,387,-354
206000103,0,0,0
206000104,0,0,0
206000105,0,0,0
206000106,0,0,0
206000125,252,1,251
206000157,16,117,-101
206000170,0,89,-89
206000171,16,174,-158
206000172,33,85,-52
206000173,0,75,-75
206000174,23,44,-21
206000175,3,62,-59
206000176,25,39,-14
206000177,3,28,-25
206000178,1,402,-401
206000179,1,138,-137
206000180,5,52,-47
206000181,2,19,-17
206000182,10,35,-25
206000183,18,73,-55
206000184,1,24,-23
206000185,11,25,-14
206000186,45,198,-153
206000223,9,172,-163
206000226,30,12,18
206000227,148,7,141
206000237,32,79,-47
206000238,14,318,-304
206000239,208,1186,-978
206000240,0,1,-1
206000241,0,66,-66
206000242,4,83,-79
206000243,3,25,-22
206000244,23,90,-67
206000245,3185,42,3143
206000246,821,9,812
206000247,1189,4,1185
206000248,1473,18,1455
206000252,105,43,62
206000258,0,4,-4
206000315,67,4,63
206000317,799,220,579
206000318,960,52,908
206000319,3639,77,3562
206000320,997,65,932
206000321,1111,6,1105
206000322,1664,9,1655
206000323,551,6,545
206000324,562,11,551
206000325,317,42,275
206000326,274,33,241
206000327,82,19,63
206000328,716,10,706
206000329,1237,3,1234
206000330,313,7,306
206000331,698,2,696
206000332,154,2,152
206000333,2188,2,2186
206000334,1366,0,1366
206000335,0,19,-19
206000361,3,52,-49
206000392,2,18,-16
206000405,432,0,432
206000441,115,35,80
206000498,69,4,65
206000515,94,53,41
206000530,537,68,469
206000531,319,376,-57
206000532,1329,345,984
206000535,141,2917,-2776
206000536,11,105,-94
206000537,7,113,-106
206000613,1034,272,762
206000784,754,82,672
207000001,257,193,64
207000002,86,171,-85
207000003,139,139,0
207000007,2600,124,2476
207000008,548,24,524
207000009,99,18,81
207000010,379,151,228
207000012,706,88,618
207000015,203,418,-215
207000019,541,50,491
207000021,347,290,57
207000022,264,143,121
207000023,416,44,372
207000024,5,10,-5
207000025,17,187,-170
207000026,114,34,80
207000027,24,55,-31
207000028,81,112,-31
207000029,252,220,32
207000033,315,183,132
207000034,353,53,300
207000039,986,51,935
207000040,1181,33,1148
207000041,88,23,65
207000042,546,30,516
207000043,484,262,222
207000051,116,182,-66
207000052,47,120,-73
207000053,348,207,141
207000054,39,38,1
207000055,164,51,113
207000056,165,186,-21
207000057,151,129,22
207000058,112,167,-55
207000059,123,213,-90
207000060,33,267,-234
207000061,90,2146,-2056
207000062,1395,52,1343
207000063,1227,65,1162
207000064,565,55,510
207000065,417,135,282
207000066,934,180,754
207000067,148,64,84
207000068,263,25,238
207000069,1249,252,997
207000082,63,126,-63
207000083,86,138,-52
207000084,623,141,482
207000085,472,96,376
207000086,892,18,874
207000106,122,46,76
207000107,208,21,187
207000108,227,5,222
207000109,140,6,134
207000110,75,6,69
207000111,172,54,118
207000112,60,852,-792
207000114,8,17,-9
207000115,32,38,-6
207000116,28,169,-141
207000117,3,36,-33
207000118,1,30,-29
207000119,5,52,-47
207000123,385,18,367
207000124,259,34,225
207000125,93,8,85
207000126,74,10,64
207000134,660,119,541
207000135,240,122,118
207000148,203,359,-156
207000149,45,10,35
207000152,218,348,-130
207000153,303,607,-304
207000154,549,61,488
207000159,82,91,-9
207000160,194,180,14
207000238,0,63,-63
207000242,1,35,-34
207000248,56,29,27
207000249,73,17,56
207000250,359,90,269
207000251,37,89,-52
207000252,54,20,34
207000278,274,69,205
207000279,91,77,14
207000280,1542,33,1509
207000281,145,265,-120
207000282,24,838,-814
207000283,25,93,-68
207000284,68,2742,-2674
207000285,63,131,-68
207000291,6,56,-50
207000304,57,64,-7
207000306,64,208,-144
207000310,319,128,191
207000353,136,2,134
207000356,1,38,-37
207000357,1,37,-36
207000358,1,7,-6
207000415,13,42,-29
207000417,44,4,40
207000418,129,67,62
207000438,0,2,-2
207000439,330,77,253
207000446,177,6,171
207000460,252,6,246
207000466,51,107,-56
207000467,743,61,682
207000468,82,141,-59
207000476,36,13,23
207000477,657,14,643
207000478,0,27,-27
207000523,0,2,-2
207000524,111,11,100
207000527,514,120,394
207000530,787,2,785
207000531,460,2,458
207000532,90,40,50
207000534,252,23,229
207000535,5,129,-124
207000537,3,98,-95
207000540,1,13,-12
207000541,3,76,-73
207000548,1,118,-117
207000549,396,19,377
207000561,237,129,108
207000562,23,147,-124
207000567,66,98,-32
207000568,1233,79,1154
207000569,2242,157,2085
207000584,17,76,-59
207000585,14,58,-44
207000587,544,38,506
207000616,0,42,-42
207000617,291,0,291
207000624,39,19,20
207000631,18,59,-41
207900008,1132,52,1080
208000001,842,754,88
208000002,1301,621,680
208000003,976,377,599
208000004,1046,800,246
208000005,3,65,-62
208000019,1818,181,1637
208000020,505,131,374
208000021,362,153,209
208000022,774,218,556
208000028,1983,1862,121
208000033,352,145,207
208000034,437,561,-124
208000037,798,49,749
208000040,476,86,390
208000041,1047,496,551
208000042,2246,507,1739
208000047,159,107,52
208000064,2366,1067,1299
208000066,1217,823,394
208000070,861,655,206
208000071,1184,171,1013
208000072,1229,311,918
208000080,458,660,-202
208000081,557,198,359
208000082,784,158,626
208000083,455,194,261
208000084,23,141,-118
208000085,1011,439,572
208000086,824,661,163
208000087,977,489,488
208000089,1459,130,1329
208000090,1203,241,962
208000093,14,90,-76
208000094,563,202,361
208000095,843,474,369
208000104,2400,273,2127
208000105,1584,429,1155
208000114,192,376,-184
208000115,770,362,408
208000116,1877,1721,156
208000117,29,146,-117
208000118,212,352,-140
208000155,978,978,0
208000158,2088,2098,-10
208000186,964,1352,-388
208000204,1104,834,270
208000205,2345,637,1708
208000282,1302,593,709
209000004,982,158,824
209000005,136,73,63
209000006,315,273,42
209000007,454,607,-153
209000010,109,205,-96
209000011,62,168,-106
209000012,72,97,-25
209000013,324,80,244
209000014,636,226,410
209000025,812,84,728
209000026,1851,216,1635
209000027,493,149,344
209000028,429,149,280
209000029,524,528,-4
209000030,589,852,-263
209000031,2465,947,1518
209000034,266,365,-99
209000035,312,454,-142
209000036,611,221,390
209000037,662,269,393
209000038,389,162,227
209000039,176,128,48
209000040,400,349,51
209000041,254,246,8
209000042,321,174,147
209000043,603,400,203
209000044,361,501,-140
209000045,785,188,597
209000046,740,186,554
209000047,650,344,306
209000048,853,611,242
209000049,164,39,125
209000050,222,58,164
209000051,413,102,311
209000052,224,106,118
209000062,118,42,76
209000063,194,43,151
209000064,53,17,36
209000065,317,32,285
209000066,309,36,273
209000067,311,50,261
209000080,2,129,-127
209000082,149,41,108
209000091,31,101,-70
209000093,106,71,35
209000094,15,120,-105
209000110,85,76,9
209000111,405,2959,-2554
209000112,1945,494,1451
209000113,4198,1009,3189
209000114,1502,869,633
209000115,101,68,33
209000116,335,221,114
209000118,12,123,-111
209000119,7,108,-101
209000121,149,353,-204
209000135,165,79,86
209000142,873,5271,-4398
209000143,4,76,-72
209000144,110,256,-146
209000229,327,91,236
209000240,32,188,-156
209000259,72,32,40
209000260,8,237,-229
209000261,1,158,-157
209000262,30,187,-157
209000263,0,179,-179
209000264,0,152,-152
209000265,398,35,363
209000266,138,0,138
209000267,1853,3,1850
209000268,566,122,444
210000037,230,56,174
210000047,148,8,140
210000048,220,53,167
210000049,265,4,261
210000052,121,18,103
210000053,38,19,19
210000054,70,104,-34
210000070,273,18,255
210000071,189,5,184
210000072,82,0,82
210000073,0,20,-20
210000074,0,62,-62
210000075,0,107,-107
210000076,2,101,-99
210000077,12,123,-111
210000078,7,155,-148
210000079,23,18,5
210000080,115,339,-224
210000081,186,7,179
210000082,8,0,8
210000083,122,2,120
210000084,139,0,139
210000085,0,65,-65
210000086,0,47,-47
210000099,66,115,-49
210000100,46,76,-30
210000101,72,119,-47
210000105,15,299,-284
210000159,1,310,-309
210000163,24,118,-94
210000164,362,161,201
210000168,482,22,460
210000187,0,6,-6
210000188,0,27,-27
210000214,9,0,9
210000219,250,65,185
210000220,328,31,297
210000232,9,24,-15
210000233,14,7,7
210000234,35,21,14
210000235,80,11,69
210000245,2,10,-8
210000246,73,0,73
210000258,6,57,-51
210000259,407,32,375
210000282,10,90,-80
210000285,1,81,-80
210000286,33,94,-61
210000290,25,7,18
210000295,71,147,-76
210000296,100,33,67
210000320,603,38,565
210000321,535,20,515
210000338,74,126,-52
210000339,79,885,-806
210000340,87,150,-63
210000341,208,101,107
210000342,382,130,252
210000343,253,134,119
210000344,94,203,-109
210000345,84,523,-439
210000346,41,275,-234
210000347,10,263,-253
210000348,119,222,-103
210000349,73,110,-37
210000350,309,82,227
210000351,366,33,333
210000352,61,35,26
210000353,67,14,53
210000354,59,15,44
210000355,41,304,-263
210000356,17,487,-470
210000357,33,395,-362
210000358,767,561,206
210000359,68,377,-309
210000360,520,310,210
210000361,555,134,421
210000362,522,113,409
210000363,859,185,674
210000364,585,138,447
210000365,564,41,523
210000366,668,65,603
210000367,267,18,249
210000368,422,20,402
210000369,115,147,-32
210000370,196,150,46
210000372,59,89,-30
210000373,20,149,-129
210000374,142,177,-35
210000375,10,11,-1
210000376,10,355,-345
210000404,41,52,-11
210000439,321,7,314
210000472,47,1,46
210000482,161,98,63
210000564,412,171,241
210000567,23,117,-94
210000568,515,1,514
211000092,132,8,124
211000094,14,3,11
211000169,297,20,277
211000172,52,55,-3
211000209,1,43,-42
211000226,10,8,2
211000270,265,6,259
211000275,19,27,-8
211000276,303,19,284
211000279,41,88,-47
211000281,274,39,235
211000302,36,7,29
211507980,0,27,-27
211977296,45,0,45
212000003,334,147,187
212000004,0,140,-140
212000005,10,144,-134
212000006,33,216,-183
212000008,227,262,-35
212000009,123,106,17
212000012,242,39,203
212000013,57,26,31
212000014,382,40,342
212000015,476,84,392
212000016,734,229,505
212000027,774,118,656
212000028,502,162,340
212000029,351,166,185
212000030,42,16,26
212000031,70,25,45
212000048,40,649,-609
212000049,6,379,-373
212000050,14,39,-25
212000051,444,71,373
212000052,411,83,328
212000053,296,133,163
212000054,719,28,691
212000055,829,66,763
212000056,27,39,-12
212000057,9,16,-7
212000058,192,28,164
212000070,243,74,169
212000077,270,109,161
212000099,638,92,546
212000108,358,436,-78
212000111,717,50,667
212000120,118,300,-182
212000138,361,79,282
212000156,3,41,-38
212000158,5,51,-46
212000159,893,58,835
212000160,953,58,895
212000161,183,9,174
212000310,81,3,78
212000311,26,78,-52
212000374,71,14,57
213000001,6,225,-219
213000005,937,92,845
213000006,845,78,767
213000007,41,35,6
213000009,368,135,233
213000010,534,78,456
213000011,357,25,332
213000014,76,20,56
213000015,279,9,270
213000016,418,21,397
213000017,90,0,90
213000018,1,6,-5
213000019,1,45,-44
213000020,125,56,69
213000021,1,21,-20
213000023,635,190,445
213000033,403,1085,-682
213000034,498,98,400
213000035,315,546,-231
213000045,147,224,-77
213000046,41,59,-18
213000047,160,845,-685
213000056,322,6,316
213000069,361,57,304
213000073,0,29,-29
213000074,48,100,-52
213000075,1273,2,1271
213000076,44,15,29
213000085,1,9,-8
213000086,18,50,-32
213000091,746,7,739
213000092,26,15,11
213000099,223,876,-653
213000100,1113,215,898
213000101,1137,63,1074
213000102,1116,89,1027
213000103,667,226,441
213000104,32,120,-88
213000105,92,1000,-908
213000106,87,1017,-930
213000107,91,198,-107
213000108,12,46,-34
213000109,26,194,-168
213000110,3,100,-97
213000111,10,63,-53
213000112,10,23,-13
213000115,111,0,111
213000116,25,230,-205
213000117,1,328,-327
213000118,1413,398,1015
213000119,20,94,-74
213000120,46,142,-96
213000122,92,308,-216
213000123,81,381,-300
213000124,305,534,-229
213000125,194,48,146
213000126,32,127,-95
213000127,20,146,-126
213000128,39,331,-292
213000129,113,2505,-2392
213000130,1571,963,608
213000132,1933,209,1724
213000133,2063,123,1940
213000134,3082,22,3060
213000136,790,13,777
213000137,773,38,735
213000139,588,46,542
213000147,32,34,-2
213000148,28,64,-36
213000149,5,44,-39
213000150,0,1027,-1027
213000151,2,232,-230
213000152,2,290,-288
213000153,6,210,-204
213000154,164,205,-41
213000155,114,130,-16
213000156,136,146,-10
213000157,1398,158,1240
213000158,444,296,148
213000159,341,225,116
213000163,3180,276,2904
213000165,716,277,439
213000171,80,19,61
213000172,100,55,45
213000173,76,65,11
213000174,16,25,-9
213000175,55,11,44
213000176,137,76,61
213000177,41,12,29
213000178,123,4,119
213000179,452,4,448
213000180,675,10,665
213000184,25,68,-43
213000188,1014,51,963
213000189,1653,24,1629
213000190,893,258,635
213000191,1132,177,955
213000192,650,168,482
213000193,450,234,216
213000194,2,293,-291
213000195,60,147,-87
213000196,558,1856,-1298
213000197,660,1172,-512
213000198,24,3,21
213000200,222,507,-285
213000201,36,98,-62
213000202,8,312,-304
213000203,1704,242,1462
213000204,1870,61,1809
213000205,858,40,818
213000206,1553,39,1514
213000207,37,10,27
213000208,14,1,13
213000209,81,1,80
213000210,289,0,289
213000211,1,3,-2
213000212,16,13,3
213000213,34,48,-14
213000218,417,357,60
213000219,1880,71,1809
213000220,1886,7,1879
213000223,398,68,330
213000224,21,23,-2
213000225,90,9,81
213000226,75,3,72
213000227,1975,72,1903
213000228,1313,77,1236
213000229,325,62,263
213000230,968,29,939
213000232,197,390,-193
213000233,26,160,-134
213000234,0,20,-20
213000293,23,123,-100
213000294,153,54,99
213000295,26,145,-119
213000296,66,7,59
213000297,15,56,-41
213000298,9,63,-54
213000299,70,15,55
213000300,0,2,-2
213000303,0,38,-38
213000304,2,4,-2
213000305,3,32,-29
213000306,38,296,-258
213000307,125,126,-1
213000308,66,128,-62
213000309,360,29,331
213000310,329,137,192
213000311,174,495,-321
213000315,131,188,-57
213000316,612,46,566
213000322,7,7,0
213000323,79,25,54
213000340,94,405,-311
213000341,1839,77,1762
213000346,71,264,-193
213000347,179,641,-462
213000348,5,82,-77
213000349,1,26,-25
213000350,470,804,-334
213000366,130,131,-1
213000367,621,11,610
213000379,24,45,-21
213000386,79,40,39
213000406,293,124,169
213000417,2291,698,1593
213000425,398,44,354
213000426,322,20,302
213000427,82,42,40
213000428,71,49,22
213000429,0,19,-19
213000430,101,153,-52
213000431,5,1,4
213000432,0,71,-71
213000433,30,32,-2
213000434,302,25,277
213000435,151,42,109
213000439,62,32,30
213000441,6,2,4
213000443,625,273,352
213000445,0,77,-77
213000446,0,37,-37
213000447,0,106,-106
213000448,13,63,-50
213000449,1743,11,1732
213000450,13,32,-19
213000451,614,13,601
213000452,7,9,-2
213000453,16,178,-162
213000455,143,69,74
213000456,0,149,-149
213000481,5,1,4
213000482,47,2,45
213000489,204,107,97
213000491,13,458,-445
213000492,81,3,78
213000493,2,399,-397
213000494,266,37,229
213000495,0,16,-16
213000496,568,113,455
213000497,186,118,68
213000498,57,88,-31
213000499,131,90,41
213000500,791,26,765
213000501,325,32,293
213000502,102,32,70
213000504,71,102,-31
213000505,52,0,52
213000506,0,5,-5
213000507,1,726,-725
213900244,306,0,306
213900245,0,12,-12
218000003,22,19,3
218000004,103,37,66
218000005,33,53,-20
218000006,46,71,-25
218000007,14,22,-8
218000012,120,588,-468
218000013,271,260,11
218000014,460,160,300
218000019,418,245,173
218000020,354,185,169
218000040,2,1,1
218000046,136,187,-51
218000047,50,99,-49
218000048,291,71,220
218000049,81,87,-6
218000050,391,117,274
218000051,183,116,67
218000052,1,38,-37
218000053,4,6,-2
218000054,3,28,-25
218000055,10,33,-23
218000056,36,62,-26
218000057,1,59,-58
218000064,7,2,5
218000065,102,6,96
218000066,39,47,-8
218000067,213,24,189
218000068,314,36,278
218000069,696,16,680
218000070,503,163,340
218000071,183,178,5
218000072,136,186,-50
218000078,1590,274,1316
218000079,610,23,587
218000080,367,29,338
218000081,866,45,821
218000082,322,45,277
218000083,143,25,118
218000084,190,53,137
218000085,199,89,110
218000086,57,55,2
218000087,129,48,81
218000090,38,450,-412
218000091,1772,685,1087
218000092,296,39,257
218000093,199,24,175
218000094,646,162,484
218000099,309,193,116
218000100,377,134,243
218000101,312,121,191
218000102,737,100,637
218000103,195,35,160
218000104,158,38,120
218000105,29,4,25
218000106,28,2,26
218000107,214,21,193
218000108,21,36,-15
218000112,50,5,45
218000117,52,88,-36
218000134,516,234,282
218000135,6,66,-60
218000136,183,101,82
218000137,103,88,15
218000138,71,40,31
218000139,219,146,73
218000140,823,488,335
218000141,93,39,54
218000142,230,123,107
218000143,37,294,-257
218000144,7,202,-195
218000145,752,200,552
218000146,147,55,92
218000151,2,30,-28
218000152,44,52,-8
218000170,0,41,-41
218000171,85,3,82
218000172,4,12,-8
218000173,24,10,14
218000174,15,17,-2
218000176,292,27,265
218000177,383,51,332
218000178,136,37,99
218000179,242,44,198
218000180,94,42,52
218000181,299,65,234
218000187,33,44,-11
218000188,38,32,6
218000189,39,85,-46
218000190,0,2,-2
218000191,245,38,207
218000192,193,60,133
218000193,321,81,240
218000194,233,110,123
218000195,207,50,157
218000196,461,178,283
218000197,908,124,784
218000198,265,44,221
218000199,66,11,55
218000200,60,64,-4
218000201,23,4,19
218000202,46,823,-777
218000207,12,10,2
218000208,18,71,-53
218000211,26,12,14
218000213,232,160,72
218000214,1,37,-36
218000215,116,51,65
218000217,1,39,-38
218000218,442,45,397
218000219,0,92,-92
218000220,71,597,-526
218000221,980,402,578
218000222,1,109,-108
218000223,30,384,-354
218000224,2,109,-107
218000225,215,14,201
218000226,234,47,187
218000232,118,37,81
218000239,244,6,238
218000240,1,0,1
218000241,11,0,11
218000242,18,0,18
218000243,22,3,19
218000244,21,6,15
218000245,21,5,16
218000246,0,0,0
218000247,0,0,0
218000248,0,27,-27
218000249,0,3,-3
218000250,0,1,-1
218000251,1,19,-18
218000252,0,82,-82
218000253,0,55,-55
218000254,0,32,-32
218000255,0,2,-2
218000256,9,12,-3
218000267,640,997,-357
218000268,3,34,-31
218000269,1,21,-20
218000270,166,32,134
218000271,30,13,17
218000273,99,0,99
218000274,86,0,86
218000275,177,163,14
218000276,71,25,46
218000278,36,51,-15
218000279,124,26,98
218000280,0,8,-8
218000281,1,31,-30
218000282,697,1526,-829
218000284,86,2,84
218000301,52,95,-43
218000302,19,38,-19
218000303,3,61,-58
218000316,2155,764,1391
218000317,3672,351,3321
218000318,2047,316,1731
218000319,1836,432,1404
218000320,1674,613,1061
218000338,13,20,-7
218000345,187,71,116
218000346,64,192,-128
218000459,49,117,-68
218000490,13,68,-55
218000501,212,25,187
218000502,183,40,143
218000503,140,26,114
218000504,210,28,182
218000505,43,57,-14
218000506,30,95,-65
218000508,0,3,-3
218000510,106,11,95
218000520,140,176,-36
218000521,12,25,-13
218000522,2,359,-357
218000523,303,1,302
218000524,2,12,-10
218000525,58,25,33
218000526,14,156,-142
218000529,109,89,20
218000531,87,14,73
218000532,75,10,65
218000534,556,17,539
218000537,22,98,-76
218000538,86,268,-182
218000540,48,61,-13
218000543,303,38,265
218000544,19,24,-5
218000545,305,46,259
218000546,83,21,62
218000547,347,70,277
218000548,117,33,84
218000549,1180,116,1064
218000550,243,75,168
218000551,104,276,-172
218000552,529,158,371
218000553,23,139,-116
218000554,14,52,-38
218000555,40,167,-127
218000556,267,296,-29
218000557,1209,186,1023
218000558,36,1,35
218000559,0,11,-11
218000560,0,9,-9
218000561,46,0,46
218000562,12,90,-78
218000563,252,14,238
218000564,1,225,-224
218000565,87,27,60
218000566,27,29,-2
218000568,5,0,5
218000569,2,137,-135
218000570,12,2,10
218000571,0,105,-105
218000572,251,1,250
218000573,23,92,-69
218000574,104,13,91
218000575,157,1,156
218000576,1,23,-22
218000577,173,0,173
218000578,0,58,-58
218000579,62,35,27
218000581,3,114,-111
218000582,48,4,44
218000583,8,0,8
218000584,1,40,-39
218000585,52,22,30
218000586,12,45,-33
218000587,5,1,4
218000588,1,4,-3
218000589,0,36,-36
218000590,1,0,1
218000591,0,54,-54
218000592,1,12,-11
218000593,7,18,-11
218000594,0,15,-15
218000597,0,14,-14
218000598,0,6,-6
218000599,0,3,-3
218000600,0,6,-6
218000601,0,8,-8
218000602,0,4,-4
218000603,0,3,-3
218000604,6,1,5
218000605,0,124,-124
218000606,126,0,126
218000607,4,84,-80
218000608,67,19,48
218000609,1,90,-89
218000610,28,0,28
218000611,17,1,16
218000612,0,12,-12
218000613,41,13,28
218000614,11,55,-44
218000615,154,20,134
218000616,14,101,-87
218000617,1,3,-2
218000618,0,42,-42
218000619,28,20,8
218000620,3,121,-118
218000621,0,2,-2
218000622,0,95,-95
218000623,13,0,13
218000624,0,187,-187
218000625,7,0,7
218000626,0,22,-22
218000628,479,189,290
218000631,156,30,126
218000632,1,144,-143
218000633,128,0,128
218000634,15,9,6
218000635,26,12,14
218000636,992,259,733
218000637,1705,156,1549
218000638,535,17,518
218000639,32,37,-5
218000640,1080,29,1051
218000641,423,26,397
218000652,38,28,10
218000653,168,9,159
218000663,10,64,-54
218000675,21,61,-40
218000680,420,182,238
218000681,1190,99,1091
218000691,423,158,265
218000693,1059,114,945
218000718,20,78,-58
218000719,83,91,-8
218000720,1,203,-202
218000721,19,11,8
218001147,2,93,-91
218001214,61,32,29
218001258,1548,5,1543
218001329,560,122,438
218001330,129,197,-68
218001351,34,23,11
218001352,49,34,15
218001353,17,28,-11
218001354,21,33,-12
218001355,4,48,-44
218001356,842,282,560
218001357,3,104,-101
218001358,1257,14,1243
218001361,1900,4,1896
218001362,0,60,-60
219000001,4,22,-18
219000002,23,49,-26
219000003,70,40,30
219000004,57,162,-105
219000017,114,121,-7
219000020,336,17,319
219000022,210,10,200
219000023,112,1,111
219000029,2,132,-130
219000034,102,20,82
219000039,36,186,-150
219000040,11,62,-51
219000041,219,67,152
219000051,0,54,-54
219000052,0,49,-49
219000053,1,92,-91
219000055,467,2,465
219000056,3,1,2
219000057,78,0,78
219000062,36,113,-77
219000063,404,3,401
219000064,0,250,-250
219000110,240,315,-75
219000111,110,64,46
219000112,429,75,354
219000113,441,27,414
219000114,272,50,222
219000116,133,52,81
219000117,199,38,161
219000118,185,75,110
219000123,193,86,107
219000124,96,42,54
219000125,76,4,72
219000126,52,102,-50
219000127,0,3,-3
219000128,26,159,-133
219000129,21,98,-77
219000130,215,345,-130
219000131,1333,685,648
219000133,38,112,-74
219000134,36,81,-45
219000135,29,53,-24
219000136,79,274,-195
219000138,148,10,138
219000139,142,39,103
219000140,290,0,290
219000141,84,66,18
219000142,50,30,20
219000143,16,15,1
219000145,8,23,-15
219000146,0,0,0
219000147,20,9,11
219000148,1,10,-9
219000149,2,43,-41
219000150,0,11,-11
219000151,0,1,-1
219000157,717,73,644
219000158,445,203,242
219000161,396,3,393
219000163,1891,431,1460
219000166,192,160,32
219000167,169,160,9
219000168,421,146,275
219000174,594,157,437
219000175,281,5,276
219000176,510,15,495
219000177,162,2,160
219000178,157,1,156
219000179,185,14,171
219000180,182,16,166
219000182,196,9,187
219000183,142,17,125
219000184,167,9,158
219000185,0,6,-6
219000186,173,23,150
219000187,30,11,19
219000189,61,165,-104
219000190,105,122,-17
219000191,139,699,-560
219000192,297,161,136
219000193,293,121,172
219000195,3,207,-204
219000196,1,64,-63
219000198,51,42,9
219000199,125,37,88
219000200,107,64,43
219000201,68,77,-9
219000203,25,45,-20
219000204,74,320,-246
219000205,17,157,-140
219000207,72,220,-148
219000209,58,56,2
219000210,15,185,-170
219000213,22,200,-178
219000239,230,231,-1
219000240,104,287,-183
219000241,85,117,-32
219000242,93,183,-90
219000243,101,165,-64
219000244,18,87,-69
219000245,5,65,-60
219000246,37,25,12
219000247,520,22,498
219000248,697,410,287
219000249,199,81,118
219000250,359,60,299
219000251,679,200,479
219000252,349,104,245
219000253,273,27,246
219000255,312,112,200
219000256,505,71,434
219000257,127,0,127
219000262,30,74,-44
219000263,78,88,-10
219000267,2,36,-34
219000268,0,1,-1
219000269,4,0,4
219000270,19,0,19
219000271,533,2,531
219000278,0,0,0
219000279,0,0,0
219000283,0,13,-13
219000295,15,137,-122
219000296,68,146,-78
219000297,42,20,22
219000298,36,18,18
219000299,409,41,368
219000300,54,52,2
219000301,32,191,-159
219000302,39,126,-87
219000307,45,8,37
219000308,75,25,50
219000311,177,76,101
219000312,454,215,239
219000313,756,48,708
219000314,145,73,72
219000315,655,6,649
219000316,816,69,747
219000317,261,2,259
219000320,0,146,-146
219000321,13,28,-15
219000323,3,16,-13
219000325,0,0,0
219000326,39,20,19
219000327,6,7,-1
219000328,54,6,48
219000329,462,87,375
219000330,23,0,23
219000331,43,7,36
219000332,237,89,148
219000333,160,2,158
219000335,72,1,71
219000337,5,0,5
219000338,35,2,33
219000344,34,49,-15
219000345,157,23,134
219000346,28,24,4
219000348,124,64,60
219000349,30,100,-70
219000350,47,289,-242
219000351,0,10,-10
219000352,73,132,-59
219000353,411,52,359
219000354,660,64,596
219000355,167,54,113
219000356,409,926,-517
219000363,180,78,102
219000364,235,44,191
219000365,109,25,84
219000366,226,1051,-825
219000368,542,413,129
219000370,897,439,458
219000371,12,3,9
219000382,15,40,-25
219000383,295,740,-445
219000385,166,550,-384
219000386,388,1396,-1008
219000387,0,1,-1
219000390,4,0,4
219000391,7,0,7
219000397,47,4,43
219000398,38,57,-19
219000401,10,130,-120
219000402,18,64,-46
219000403,60,202,-142
219000404,28,93,-65
219000407,62,23,39
219000409,64,42,22
219000410,153,21,132
219000411,141,12,129
219000446,79,321,-242
219000447,1,23,-22
219000448,0,3,-3
219000452,240,59,181
219000453,28,134,-106
219000454,461,415,46
219000556,844,60,784
219000558,103,216,-113
219000590,27,222,-195
219000591,309,70,239
219000592,66,158,-92
219000595,6,9,-3
219000635,299,18,281
219000636,46,21,25
219000657,42,7,35
219000658,28,103,-75
219000673,0,4,-4
219000676,35,6,29
219000679,28,8,20
219000684,231,0,231
219000685,0,76,-76
219000686,0,13,-13
219000688,1,54,-53
219000689,6,76,-70
219000690,226,5,221
219000691,39,70,-31
219000692,200,11,189
219000693,0,14,-14
219000694,59,0,59
219000695,58,2,56
219000698,11,0,11
219000699,0,88,-88
219000727,0,103,-103
219000728,160,1,159
219000770,26,4,22
219000771,0,33,-33
219000788,246,441,-195
219001150,0,64,-64
219001151,0,2,-2
219001166,124,139,-15
219001167,2,55,-53
219001178,73,0,73
220000001,21,362,-341
220000002,17,259,-242
220000003,188,93,95
220000004,318,283,35
220000005,507,879,-372
220000006,211,513,-302
220000007,475,126,349
220000008,393,319,74
220000009,287,390,-103
220000010,85,64,21
220000011,352,5307,-4955
220000012,8,586,-578
220000014,189,109,80
220000015,80,380,-300
220000017,37,237,-200
220000018,8877,2040,6837
220000019,221,947,-726
220000020,687,153,534
220000021,1433,368,1065
220000022,1817,248,1569
220000023,462,127,335
220000024,1073,666,407
220000025,539,1764,-1225
220000026,614,868,-254
220000027,46,359,-313
220000028,25,144,-119
220000029,394,187,207
220000030,49,83,-34
220000031,1284,582,702
220000064,43,1067,-1024
221000046,1,0,1
221000047,0,0,0
221000048,0,3,-3
221000049,0,15,-15
221000050,4,0,4
221000055,38,51,-13
221000068,126,30,96
221000069,343,16,327
221000070,362,10,352
221000071,126,3,123
221000072,516,8,508
221000073,325,28,297
221000074,0,11,-11
221000075,13,36,-23
221000076,9,22,-13
221000077,12,63,-51
221000081,81,1,80
221000082,113,13,100
221000083,17,7,10
221000084,19,7,12
221000085,6,43,-37
221000086,8,45,-37
221000087,5,42,-37
221000088,5,103,-98
221000089,17,103,-86
221000090,24,184,-160
221000098,196,6,190
221000099,460,2,458
221000100,298,2,296
221000101,421,7,414
221000103,3,16,-13
221000104,3,17,-14
221000107,117,4,113
221000108,69,25,44
221000111,5,47,-42
221000112,0,65,-65
221000113,10,53,-43
221000114,2,46,-44
221000120,5,76,-71
221000121,6,82,-76
221000122,32,48,-16
221000123,9,18,-9
221000124,30,64,-34
221000155,133,25,108
221000156,224,77,147
221000175,3,36,-33
221000176,0,1,-1
221000182,158,3,155
221000241,360,186,174
221000242,43,147,-104
221000243,585,139,446
221000244,75,340,-265
221000245,306,115,191
221000246,12,226,-214
221000247,270,130,140
221000248,84,103,-19
221000267,15,594,-579
221000325,18,143,-125
221000331,1,17,-16
221000338,3,40,-37
221000378,487,65,422
221000381,63,96,-33
222000282,0,4,-4
222000296,0,44,-44
222000568,563,17,546
222000569,233,25,208
222000570,157,27,130
222000571,501,21,480
222000577,12,39,-27
222000578,0,46,-46
222000579,4,24,-20
222000580,14,618,-604
222000599,0,50,-50
222000600,0,93,-93
222000601,2,471,-469
222000603,11,42,-31
222000604,1,145,-144
222000605,3,52,-49
222000606,0,57,-57
222000607,0,12,-12
222000608,7,32,-25
222000609,47,36,11
222000616,1066,36,1030
222000617,27,72,-45
222000618,0,14,-14
222000620,46,30,16
222000621,70,48,22
222000623,827,7,820
222000624,964,1,963
222000625,1933,7,1926
222000636,85,5,80
222000686,19,58,-39
222000687,95,19,76
222001066,697,2,695
222001067,102,11,91
222001068,399,8,391
222001069,270,18,252
222001082,101,18,83
222001083,226,4,222
222001084,0,107,-107
222001085,1,482,-481
222001111,217,30,187
222001112,284,17,267
222001313,7,6,1
222001314,0,105,-105
222001464,854,37,817
222001465,31,200,-169
222001484,559,65,494
222001485,39,31,8
222001494,1573,175,1398
222001495,163,83,80
222001496,830,109,721
222001497,86,181,-95
222001503,546,8,538
222001504,21,69,-48
222001505,823,18,805
222001506,6,101,-95
222001507,646,7,639
222001510,1465,21,1444
222001514,1146,20,1126
222001518,1006,37,969
222001519,19,126,-107
222001527,325,12,313
222001529,639,14,625
222001530,27,62,-35
222001533,95,76,19
222001534,1417,18,1399
222001535,999,218,781
222001536,18,115,-97
222001537,715,16,699
222001538,38,261,-223
222001563,1861,60,1801
222001564,33,142,-109
222001568,191,79,112
222001576,0,5,-5
222001579,0,26,-26
222001583,22,72,-50
222001584,345,22,323
222001596,324,627,-303
222001597,1924,280,1644
222001626,0,31,-31
222001650,5,133,-128
222001651,18,134,-116
222001914,513,9,504
222001915,39,161,-122
222001968,789,222,567
222001969,265,168,97
222001970,77,124,-47
222001971,207,8,199
222001972,18,4,14
225000001,711,84,627
225000002,1572,100,1472
225000003,1829,56,1773
225000004,1233,138,1095
225000005,76,60,16
225000006,0,116,-116
225000007,947,1322,-375
225000010,331,10,321
225000011,311,2294,-1983
225000012,334,1040,-706
225000013,229,102,127
225000014,864,74,790
225000015,129,196,-67
225000021,1036,122,914
225000027,328,288,40
225000032,980,124,856
225000042,119,218,-99
225000049,40,88,-48
225000050,277,34,243
225000053,9,122,-113
225000058,994,160,834
225000067,356,111,245
225000068,175,229,-54
225000069,87,287,-200
225000070,232,237,-5
225000071,84,60,24
225000075,67,1022,-955
225000076,125,74,51
225000078,57,34,23
225000085,206,26,180
225000086,787,14,773
225000087,103,9,94
225000088,7,137,-130
225000089,52,96,-44
225000090,29,155,-126
225000091,34,41,-7
225000092,58,126,-68
225000093,407,103,304
225000094,9,104,-95
225000095,373,153,220
225000096,127,128,-1
225000098,1312,154,1158
225000099,855,58,797
225000100,1216,80,1136
225000104,156,421,-265
225000110,33,224,-191
225000111,403,329,74
225000112,599,722,-123
225000113,275,1345,-1070
225000114,162,708,-546
225000115,1467,832,635
225000116,405,111,294
225000117,745,365,380
225000118,1373,334,1039
225000119,794,84,710
225000120,1183,63,1120
225000121,277,34,243
225000123,788,7,781
225000125,821,322,499
225000126,948,293,655
225000127,568,4724,-4156
225000128,503,1739,-1236
225000132,858,6,852
225000133,395,16,379
225000134,1214,127,1087
225000135,137,9,128
225000136,578,7,571
225000137,635,115,520
225000138,758,149,609
225000143,63,256,-193
225000144,2,259,-257
225000145,31,24,7
225000146,98,45,53
225000147,27,40,-13
225000148,0,17,-17
225000149,49,103,-54
225000151,49,45,4
225000155,130,93,37
225000156,300,1188,-888
225000157,725,403,322
225000158,35,169,-134
225000171,1,147,-146
225000180,16,1,15
225000181,0,156,-156
225000182,78,2,76
225000185,5,386,-381
225000187,122,242,-120
225000191,44,1,43
225000194,0,11,-11
225000208,1,45,-44
225000209,117,5,112
225000210,3,86,-83
225000217,0,22,-22
225000218,65,0,65
225000223,1,745,-744
225000224,19,6,13
225000225,1,471,-470
225000226,21,8,13
225000227,118,271,-153
225000228,16,18,-2
225000229,0,92,-92
225000230,27,0,27
225000231,0,12,-12
225000232,310,0,310
225000241,111,0,111
225000242,0,37,-37
225000249,11,1,10
225000250,44,115,-71
225000251,938,120,818
226000042,173,255,-82
226000043,31,211,-180
226000044,148,575,-427
226000045,63,426,-363
226000046,1394,121,1273
226000047,1040,176,864
226000048,819,108,711
226000049,1088,348,740
226000070,0,12,-12
226000071,0,33,-33
226000072,0,20,-20
226000073,1,6,-5
226000074,0,4,-4
226000084,0,210,-210
226000085,3,202,-199
226000086,3,72,-69
226000087,0,56,-56
226000088,1,24,-23
226000090,1195,278,917
226000091,4,113,-109
226000092,1,11,-10
226000093,21,14,7
226000094,7,17,-10
226000095,18,68,-50
226000105,1,3,-2
226000106,6,1,5
226000107,3,1,2
226000108,38,0,38
226000109,432,1,431
226000124,376,123,253
226000134,1552,515,1037
226000135,3290,794,2496
226000136,1316,400,916
226000137,13,128,-115
226000138,4,47,-43
226000139,1,50,-49
226000156,660,14,646
226000157,624,6,618
226000163,71,83,-12
226000202,12,70,-58
226000231,1916,5,1911
226000232,26,1,25
227000033,570,11,559
227000036,89,1,88
227000037,1306,32,1274
227000038,396,55,341
227000049,0,131,-131
227000050,1,227,-226
227000055,121,2,119
227000056,7,3,4
227000084,2,83,-81
227000085,0,117,-117
227000088,98,2,96
227000089,45,0,45
227000090,52,0,52
227000091,78,0,78
227000093,194,0,194
227000094,13,1,12
227000130,83,140,-57
227000131,42,184,-142
227000132,77,55,22
227000133,20,86,-66
227000134,74,87,-13
227000152,0,3,-3
227000153,1,115,-114
227000155,3,45,-42
227000156,5,18,-13
227000165,1,101,-100
227000196,454,171,283
227000199,1005,130,875
227000230,1,163,-162
227000232,1166,47,1119
227000241,1047,18,1029
227000242,62,205,-143
227000243,439,32,407
227000245,68,177,-109
227000246,92,149,-57
227000247,765,16,749
227000248,328,82,246
227000249,19,196,-177
227000250,539,362,177
227000251,83,334,-251
227000252,95,155,-60
227000253,411,19,392
227000262,938,23,915
227000266,3432,48,3384
227000267,17,467,-450
227000282,0,12,-12
227000284,478,19,459
227000286,0,1,-1
227000287,2,7,-5
227000291,0,35,-35
227000484,106,9,97
227000485,9,52,-43
227000655,904,23,881
227000656,392,69,323
227000657,435,5,430
227000661,203,46,157
227000680,138,126,12
229000265,90,34,56
229000296,3,77,-74
229000297,2,42,-40
229000298,10,365,-355
229000320,26,2,24
229000321,20,13,7
229000412,22,56,-34
229000414,30,63,-33
229000415,7,14,-7
229000416,3,3,0
229000417,3,1,2
229000419,123,201,-78
229000440,369,81,288
229000442,23,0,23
229000443,15,2,13
229000444,0,41,-41
229000445,108,9,99
229000446,85,67,18
229000847,99,0,99
229000848,73,0,73
229000849,172,1,171
229000851,367,0,367
229000854,0,19,-19
229000856,0,102,-102
229000857,0,48,-48
229000858,0,17,-17
229000919,2,10,-8
229000930,12,18,-6
229000937,144,2,142
229000966,99,43,56
229000981,16,9,7
229000985,28,7,21
229000986,1,1,0
229000987,0,7,-7
229000988,0,2,-2
229000989,12,32,-20
229000990,0,16,-16
229000991,1,0,1
229000992,32,1,31
229000993,287,15,272
229000998,4,56,-52
229000999,113,6,107
229001034,0,48,-48
229001035,9,6,3
229001037,91,2,89
229001042,14,7,7
229001047,2,63,-61
229001050,111,64,47
229001200,69,0,69
229001338,1,1,0
229001394,506,5,501
229001422,220,12,208
229001423,1,25,-24
229001431,72,27,45
229001432,10,17,-7
229001444,344,33,311
229001445,166,106,60
229001503,584,35,549
229001504,71,30,41
229001505,206,20,186
229001506,10,42,-32
229001509,79,3,76
229001545,136,39,97
229001546,0,32,-32
229001553,113,7,106
229001554,0,18,-18
229001559,5,7,-2
229001560,12,35,-23
229001630,143,3,140
229001631,7,40,-33
229001635,0,5,-5
229001636,1,0,1
229001658,0,25,-25
229001659,68,20,48
229001660,0,12,-12
229001661,0,99,-99
229001662,43,4,39
229001663,0,32,-32
229002584,295,263,32
229002831,131,100,31
229002841,6,47,-41
229002842,36,64,-28
229002843,23,48,-25
229002844,24,105,-81
229002845,2,171,-169
229002846,1,57,-56
229002847,18,11,7
229002848,4,29,-25
229002849,0,145,-145
229002850,6,20,-14
229002851,27,239,-212
229002852,69,66,3
229002853,53,32,21
229002854,30,59,-29
229002855,3,94,-91
229002856,120,31,89
229002857,26,103,-77
229002858,1,27,-26
229002859,24,58,-34
229002860,35,13,22
229002861,102,84,18
229002862,11,45,-34
229002863,2,14,-12
229002864,25,76,-51
229002865,0,14,-14
229002866,1,18,-17
229002867,0,32,-32
229002868,8,35,-27
229002869,14,63,-49
229002870,65,1,64
235000066,224,40,184
235000067,177,62,115
235000072,0,0,0
235000073,0,2,-2
235000074,12,3,9
235000080,3,32,-29
235000081,34,49,-15
235000082,472,66,406
235000083,419,64,355
235000084,54,47,7
235000085,196,109,87
235000089,35,23,12
235000092,3,0,3
235000093,0,0,0
235000097,0,7,-7
235000098,149,2,147
235000099,15,28,-13
235000116,21,9,12
235000117,588,21,567
235000133,0,4,-4
235000134,0,2,-2
235000206,4,11,-7
235000207,0,1,-1
235000208,2,0,2
235000209,1,9,-8
235000210,1,1,0
235000212,1,7,-6
235000213,0,8,-8
235000220,0,0,0
235000238,3,376,-373
235000239,1,39,-38
235000242,290,1542,-1252
235000245,331,140,191
235000246,41,57,-16
235000284,5,89,-84
235000295,97,3,94
235000305,412,8,404
235000306,675,3,672
235000307,51,1,50
235000308,7,2,5
235000309,68,0,68
235000310,31,1,30
235000311,19,67,-48
235000322,0,95,-95
235000323,1,35,-34
235000324,1,68,-67
235000325,20,25,-5
235000326,30,62,-32
235000351,0,70,-70
235000352,10,29,-19
235000353,1,9,-8
235000354,24,44,-20
235000355,9,66,-57
235000356,72,1,71
235000357,22,5,17
235000358,59,0,59
235000359,42,3,39
235000360,68,4,64
235000361,109,7,102
235000381,36,32,4
235000382,175,33,142
235000390,1,3,-2
235000391,178,7,171
235000392,200,211,-11
235000393,147,145,2
235000395,134,57,77
235000396,565,36,529
235000400,32,111,-79
235000401,2,91,-89
235000405,126,31,95
235000406,25,48,-23
235000407,33,27,6
235000409,124,43,81
235000410,73,95,-22
235000411,0,50,-50
235000485,0,0,0
235000486,0,0,0
235000549,147,160,-13
235000550,18,26,-8
235000599,19,1,18
235000600,0,1,-1
235000601,3,35,-32
235000602,161,49,112
235000614,0,0,0
235000648,0,0,0
235000649,43,3,40
235000685,0,2,-2
235000815,4,20,-16
235000834,0,28,-28
235000855,58,22,36
235000862,13,15,-2
235000891,0,0,0
235000892,49,20,29
235000901,14,2,12
235000907,3,3,0
235001010,116,59,57
235001029,84,76,8
235001030,211,51,160
235001078,106,103,3
235001079,25,33,-8
235001147,44,61,-17
235001166,5,21,-16
235001167,12,2,10
235001169,98,147,-49
235001188,0,6,-6
235001189,1,3,-2
235001197,1,23,-22
235001200,0,0,0
235001207,810,49,761
235001210,148,114,34
235001215,4,44,-40
235001239,0,0,0
235001244,0,45,-45
235016267,0,133,-133
277102712,1,0,1
277103813,0,0,0
277103814,0,0,0
277104249,0,2,-2
277104250,0,18,-18
277104251,0,6,-6
277104252,0,10,-10
990011530,0,201,-201
990014944,0,70,-70
990015176,19,3,16
990016032,0,289,-289
990032570,2,17,-15
990070001,147,7,140
990070103,0,3,-3
990070601,0,10,-10
990070751,3677,12,3665
990070766,0,60,-60
990071180,460,124,336
990071343,7,1,6
990071387,0,1,-1
990071823,40,2,38
990072600,1,352,-351
990072964,0,93,-93
990073285,0,0,0
990074393,0,333,-333
990074870,3241,70,3171
990075106,519,4,515
990075746,651,22,629
990076437,6815,11,6804
990076458,4,291,-287
997000007,405,8,397
997000041,1,190,-189
997000058,93,0,93
997000062,18,4,14
997000069,0,0,0
997000070,0,12,-12
997000100,194,0,194
997000141,1,105,-104
997000198,8,244,-236
998000475,0,0,0
998000736,0,405,-405
998000965,2,73,-71
998001031,0,137,-137
998001700,0,56,-56
998001899,0,1,-1
998001900,25,14,11
998003073,1961,58,1903
998101900,0,0,0
998102850,2,65,-63
998501927,284,775,-491
998501929,178,4,174
998501930,63,1,62
998501931,258,30,228
998501932,49,0,49
998501933,65,1,64
998501937,74,32,42
998501944,3,0,3
998501950,0,22,-22
998501970,308,4,304
998501971,4,185,-181
998501973,0,13,-13
998501974,0,61,-61
998501975,146,23,123
998501976,721,5,716
998501977,0,21,-21
998501978,10,1,9
998501979,0,2,-2
998501980,165,1,164
998501981,90,18,72
998501982,0,67,-67
998501983,0,2,-2
998502006,0,1,-1
998502024,0,1,-1
998502032,0,3,-3
998502062,23,10,13
998502063,0,0,0
998502173,35,0,35
998502269,0,0,0
998502546,2,392,-390
998502578,0,0,0
998502599,14,1120,-1106
998502621,0,0,0
998601159,0,14,-14
998601292,0,6,-6
999033574,1,182,-181
999800001,66,5,61
999800002,0,0,0
999800003,0,1,-1
999800004,0,1,-1
999800005,0,14,-14
