ID,insum,outsum,diff
100000001,612,913,-301
100000002,2462,2461,1
100000003,4854,4540,314
100000004,1319,1052,267
100000005,2243,4569,-2326
100000006,432,163,269
100000007,1518,761,757
100000008,106,567,-461
100000009,384,229,155
100000010,84,75,9
100000011,1341,143,1198
100000012,102,912,-810
100000013,62,243,-181
100000014,249,326,-77
100000015,1713,2189,-476
100000016,842,1298,-456
100000017,424,806,-382
100000018,1192,589,603
100000019,3261,2154,1107
100000020,1629,5227,-3598
100000021,4164,2262,1902
100000022,1117,2473,-1356
100000023,4167,1682,2485
100000025,905,1291,-386
100000028,1067,1278,-211
100000029,170,377,-207
100000030,130,49,81
100000031,3333,5832,-2499
100000032,1947,3572,-1625
100000033,901,2317,-1416
100000034,332,642,-310
100000035,1177,1495,-318
100000036,1358,1424,-66
100000037,650,394,256
100000038,2175,908,1267
100000039,432,304,128
100000040,214,162,52
100000041,1290,533,757
100000042,1204,570,634
100000043,1249,648,601
100000044,452,1152,-700
100000045,534,1373,-839
100000046,602,703,-101
100000047,262,488,-226
100000048,309,517,-208
100000049,1375,1364,11
100000051,507,804,-297
100000053,244,10,234
100000054,576,49,527
100000055,1182,310,872
100000056,574,434,140
100000057,1942,636,1306
100000058,827,933,-106
100000059,6,160,-154
100000060,506,300,206
100000061,2228,456,1772
100000062,1787,502,1285
100000063,799,245,554
100000064,1341,302,1039
100000065,433,710,-277
100000066,184,690,-506
100000067,382,639,-257
100000068,414,1257,-843
100000069,292,1088,-796
100000072,209,632,-423
100000073,914,915,-1
100000075,782,292,490
100000076,1503,2717,-1214
100000077,225,282,-57
100000078,63,42,21
100000079,27,55,-28
100000080,37,56,-19
100000081,138,191,-53
100000102,2288,2472,-184
100000103,2001,1624,377
100000104,3367,2869,498
100000105,2143,1634,509
100000106,1826,2290,-464
100000107,441,1110,-669
100000108,635,897,-262
100000109,1933,1152,781
100000116,1313,1013,300
100000117,87,127,-40
100000118,1206,1444,-238
100000119,598,828,-230
100000121,177,431,-254
100000122,629,1078,-449
100000123,1856,3811,-1955
100000124,3182,5989,-2807
100000125,3091,1616,1475
100000126,551,468,83
100000127,1075,373,702
100000128,1043,2479,-1436
100000129,351,437,-86
100000130,521,387,134
100000131,1674,2279,-605
100000132,1147,2888,-1741
100000133,3397,2090,1307
100000135,618,1077,-459
100000139,411,419,-8
100000140,476,405,71
100000142,552,524,28
100000143,1316,472,844
100000144,2570,703,1867
100000147,1236,3130,-1894
100000150,48,365,-317
100000151,973,1393,-420
100000153,204,452,-248
100000154,31,224,-193
100000155,21,47,-26
100000156,390,478,-88
100000157,192,160,32
100000158,314,134,180
100000159,177,632,-455
100000165,1342,852,490
100000169,200,770,-570
100000174,594,732,-138
100000179,96,539,-443
100000180,1048,2157,-1109
100000181,603,314,289
100000188,100,196,-96
100000189,929,343,586
100000190,881,1181,-300
100000191,665,568,97
100000192,41,89,-48
100000193,321,197,124
100000330,1100,921,179
100000355,221,546,-325
100000362,3665,2362,1303
100000363,4159,4337,-178
100000364,228,352,-124
100000365,5790,7672,-1882
100000366,5452,2822,2630
100000367,5487,7300,-1813
100000368,1556,1259,297
100000369,849,2098,-1249
100000370,144,991,-847
100000376,38,162,-124
100000379,1472,1585,-113
100000380,3335,4367,-1032
100000384,4831,5380,-549
100000385,3281,4086,-805
100000386,6026,5253,773
100000387,4184,5418,-1234
100000388,5990,6392,-402
100000389,6534,6897,-363
100000390,7767,6618,1149
100000391,5829,8679,-2850
100000392,3201,4089,-888
100000393,2709,5123,-2414
100000394,6839,8913,-2074
100000395,5054,4669,385
100000396,7592,4189,3403
100000397,5380,7975,-2595
100000398,9791,7750,2041
100000413,28,22,6
100900002,5,19,-14
100900003,289,201,88
100900004,13,616,-603
100900005,130,20,110
100900006,19,68,-49
100900007,338,9,329
100900008,5,371,-366
100900009,68,111,-43
100900010,60,69,-9
100900011,123,162,-39
100900012,2,138,-136
100900013,648,9,639
100900014,2,11,-9
100900015,100,64,36
100900016,2,40,-38
100900017,673,89,584
100900018,2,10,-8
100900019,25,94,-69
100900020,209,6,203
100900021,470,2,468
100900022,13,35,-22
100900023,0,17,-17
100900024,498,1,497
100900025,13,19,-6
100900026,122,76,46
100900027,445,2047,-1602
100900028,117,203,-86
100900029,44,7,37
100900030,2,130,-128
100900031,538,38,500
100900032,284,1,283
100900033,209,175,34
100900034,436,4,432
100900035,307,1,306
100900036,10,0,10
100900037,124,149,-25
100900038,54,32,22
100900039,215,441,-226
100900040,539,508,31
100900041,1111,588,523
100900042,905,1362,-457
100900043,0,5,-5
100900044,1196,479,717
100900045,13,0,13
100900046,888,17,871
100900047,626,229,397
100900048,118,26,92
100900049,45,126,-81
100900050,4,10,-6
100900051,35,53,-18
100900052,186,61,125
100900053,422,25,397
100900054,13,55,-42
100900055,231,624,-393
100900056,105,116,-11
100900057,1235,720,515
100900058,218,44,174
100900059,129,2,127
100900060,212,3,209
100900061,307,142,165
100900062,7,22,-15
100900063,231,652,-421
100900064,619,23,596
100900065,83,102,-19
100900066,155,122,33
100900067,6,17,-11
100900068,90,73,17
100900069,244,10,234
100900070,324,3,321
100900071,556,154,402
100900072,4,21,-17
100900073,108,271,-163
100900074,10,14,-4
100900075,1368,291,1077
100900076,8,21,-13
100900077,38,53,-15
100900078,82,234,-152
100900079,17,10,7
100900080,44,123,-79
100900081,38,93,-55
100900082,155,364,-209
100900083,11,14,-3
100900085,5,347,-342
100900086,117,370,-253
100900088,135,330,-195
100900089,3,10,-7
100900090,90,408,-318
100900091,4,18,-14
100900092,169,103,66
100900093,229,183,46
100900094,175,286,-111
100900095,2,30,-28
100900096,31,111,-80
100900097,4,6,-2
100900098,33,20,13
100900099,21,472,-451
100900100,12,621,-609
100900101,301,79,222
100900102,34,96,-62
100900103,10,28,-18
100900104,10,193,-183
100900105,49,465,-416
100900106,43,13,30
100900107,1508,740,768
100900108,5,32,-27
100900109,25,19,6
100900110,6,22,-16
100900111,49,202,-153
100900112,7,23,-16
100900113,16,17,-1
100900114,12,6,6
100900115,9,29,-20
100900116,668,495,173
100900117,258,806,-548
100900118,14,35,-21
100900119,13,37,-24
100900120,9,3,6
100900121,272,419,-147
100900122,133,140,-7
100900123,120,164,-44
100900124,18,16,2
100900125,22,98,-76
100900126,184,105,79
100900127,1,12,-11
100900128,62,146,-84
100900129,3,208,-205
100900131,101,208,-107
100900133,61,32,29
100900134,0,10,-10
100900135,0,213,-213
100900137,210,152,58
100900138,436,464,-28
100900139,5,2,3
100900140,3,469,-466
100900141,4,639,-635
100900142,3,10,-7
100900143,498,403,95
100900144,17,10,7
100900145,58,148,-90
100900146,10,39,-29
100900147,8,704,-696
100900148,42,451,-409
100900149,28,322,-294
100900150,13,36,-23
100900151,101,297,-196
100900152,151,3,148
100900153,5,207,-202
100900154,1,57,-56
100900155,15,13,2
100900156,30,1,29
100900157,16,200,-184
100900159,5,31,-26
100900160,48,1,47
100900161,31,10,21
100900162,27,239,-212
100900163,144,145,-1
100900164,58,36,22
100900165,2,15,-13
100900166,25,3,22
100900167,16,63,-47
100900168,27,131,-104
100900169,92,713,-621
100900170,31,12,19
100900171,9,410,-401
100900172,0,45,-45
100900173,12,223,-211
100900174,176,34,142
100900176,1753,178,1575
100900177,553,239,314
100900178,192,152,40
100900179,212,349,-137
100900180,6,4,2
100900181,124,74,50
100900182,54,48,6
100900184,26,144,-118
100900186,476,322,154
100900187,11,64,-53
100900188,26,6,20
100900189,1190,230,960
100900191,774,861,-87
100900192,296,377,-81
100900195,92,109,-17
100900197,6,50,-44
100900198,33,87,-54
100900199,4,8,-4
100900200,564,383,181
100900201,54,423,-369
100900202,93,0,93
100900203,2,187,-185
100900204,103,449,-346
100900205,174,517,-343
100900206,167,50,117
100900207,259,122,137
100900210,63,326,-263
100900211,448,121,327
100900213,120,44,76
100900214,367,175,192
100900215,22,32,-10
100900217,136,104,32
101000001,3008,2020,988
101000002,5241,5354,-113
101000003,439,956,-517
101000004,5948,4932,1016
101000005,3363,4127,-764
101000006,4998,5716,-718
101000007,2650,3354,-704
101000008,2236,2282,-46
101000009,2013,1088,925
101000010,881,885,-4
101000011,1274,488,786
101000012,1011,702,309
101000013,771,1024,-253
101000014,427,547,-120
101000015,1316,944,372
101000016,290,439,-149
101000017,505,440,65
101000018,2092,2279,-187
101000020,1786,956,830
101000021,714,403,311
101000022,150,101,49
101000023,1148,630,518
101000025,313,365,-52
101000026,325,28,297
101000027,1670,2724,-1054
101000028,749,216,533
101000029,225,1722,-1497
101000030,1895,110,1785
101000031,960,928,32
101000032,7497,4756,2741
101000033,1928,3363,-1435
101000034,1833,1688,145
101000035,704,375,329
101000036,1373,1073,300
101000037,2265,1872,393
101000039,1869,2695,-826
101000040,2743,3977,-1234
101000041,6518,7525,-1007
101000042,375,1070,-695
101000043,5478,7140,-1662
101000045,1374,984,390
101000046,3587,2064,1523
101000047,2288,4293,-2005
101000048,588,501,87
101000049,561,1904,-1343
101000050,1425,1706,-281
101000051,1294,2484,-1190
101000052,1503,1206,297
101000053,897,1210,-313
101000054,1619,892,727
101000055,1095,1161,-66
101000056,35,160,-125
101000057,1754,1406,348
101000058,1063,1226,-163
101000059,1825,2298,-473
101000060,1458,740,718
101000061,789,1529,-740
101000062,568,775,-207
101000063,511,1072,-561
101000064,992,1164,-172
101000065,518,551,-33
101000066,1134,1088,46
101000067,1409,1179,230
101000068,295,507,-212
101000069,242,77,165
101000070,803,992,-189
101000071,1719,948,771
101000072,803,2878,-2075
101000073,704,1133,-429
101000074,4642,3643,999
101000075,3593,5594,-2001
101000077,1379,1281,98
101000078,782,1620,-838
101000079,664,436,228
101000080,524,652,-128
101000081,1691,1571,120
101000082,2901,2711,190
101000083,2637,2096,541
101000084,1111,657,454
101000085,1400,1163,237
101000086,987,1110,-123
101000087,838,871,-33
101000088,1184,1042,142
101000089,1097,1406,-309
101000090,1818,1169,649
101000091,463,693,-230
101000092,1219,807,412
101000093,1372,730,642
101000094,945,880,65
101000095,429,495,-66
101000096,410,412,-2
101000097,567,593,-26
101000098,497,511,-14
101000099,876,952,-76
101000100,748,888,-140
101000101,254,412,-158
101000102,588,467,121
101000103,784,480,304
101000104,338,501,-163
101000105,334,458,-124
101000106,576,956,-380
101000107,257,390,-133
101000108,654,271,383
101000109,429,66,363
101000110,24,320,-296
101000111,110,155,-45
101000113,183,544,-361
101000114,8485,7912,573
101000115,106,200,-94
101000116,130,67,63
101000117,1398,286,1112
101000119,83,66,17
101000120,117,59,58
101000121,101,57,44
101000122,109,141,-32
101000123,62,138,-76
101000124,615,295,320
101000125,213,395,-182
101000128,358,444,-86
101000130,207,313,-106
101000131,961,431,530
101000132,691,692,-1
101000135,42,49,-7
101000136,414,181,233
101000137,39,357,-318
101000141,1154,3072,-1918
101000147,838,419,419
101000148,850,12,838
101000149,286,349,-63
101000150,99,541,-442
101000151,252,42,210
101000152,313,233,80
101000153,329,261,68
101000154,291,727,-436
101000155,322,116,206
101000156,18,319,-301
101000157,46,26,20
101000160,90,30,60
101000163,246,295,-49
101000164,360,268,92
101000165,246,352,-106
101000166,215,296,-81
101000168,810,340,470
101000252,2260,904,1356
101000254,276,103,173
101000258,35,10,25
101000261,144,52,92
101000262,966,2758,-1792
101000263,226,1090,-864
101000265,92,825,-733
101000266,300,304,-4
101000269,43,12,31
101000290,964,2152,-1188
101000293,24,55,-31
101000294,648,473,175
101000295,231,432,-201
101000301,647,490,157
101000304,1858,2485,-627
101000305,2337,1274,1063
101000328,77,481,-404
101900001,31,83,-52
101900002,0,10,-10
101900003,42,98,-56
101900004,4,57,-53
101900005,2585,2273,312
101900006,1088,98,990
101900007,785,246,539
101900008,60,264,-204
101900009,33,402,-369
101900010,763,668,95
101900011,202,839,-637
101900012,280,152,128
101900013,710,168,542
101900017,16,160,-144
101900018,867,251,616
101900019,194,136,58
101900020,41,35,6
101900021,5,34,-29
101900022,158,762,-604
101900023,106,182,-76
101900026,118,37,81
101900027,27,87,-60
102000001,2190,3876,-1686
102000002,2095,907,1188
102000003,2525,6022,-3497
102000004,4198,2410,1788
102000005,1328,1895,-567
102000006,935,1643,-708
102000007,1545,3792,-2247
102000008,3221,1310,1911
102000009,6066,7098,-1032
102000010,4249,2873,1376
102000011,3137,2532,605
102000012,2650,2355,295
102000018,2237,2219,18
102000019,1719,1189,530
102000026,194,426,-232
102000029,215,202,13
102000030,105,328,-223
102000031,89,140,-51
102000032,593,295,298
102000033,248,314,-66
102000034,537,314,223
102000035,981,648,333
102000036,20,247,-227
102000037,122,59,63
102000038,186,325,-139
102000039,204,67,137
102000040,390,207,183
102000041,173,392,-219
102000042,230,260,-30
102000043,233,177,56
102000044,262,394,-132
102000045,554,688,-134
102000046,1013,540,473
102000047,661,763,-102
102000048,323,573,-250
102000049,896,592,304
102000050,923,1057,-134
102000051,415,507,-92
102000052,1131,589,542
102000053,788,798,-10
102000054,679,958,-279
102000055,1133,483,650
102000056,1003,826,177
102000057,1329,446,883
102000058,832,974,-142
102000059,1304,1078,226
102000060,1119,919,200
102000061,1551,1513,38
102000062,1780,1015,765
102000063,975,1199,-224
102000064,631,722,-91
102000065,69,162,-93
102000066,791,873,-82
102000067,1859,2822,-963
102000068,7502,2695,4807
102000069,63,2031,-1968
102000070,1245,32,1213
102000071,6341,8397,-2056
102000072,2507,3719,-1212
102000073,816,765,51
102000074,598,847,-249
102000075,147,271,-124
102000076,228,313,-85
102000077,630,594,36
102000078,937,670,267
102000079,168,176,-8
102000080,295,180,115
102000081,285,623,-338
102000082,628,257,371
102000083,697,223,474
102000084,373,207,166
102000085,1816,743,1073
102000086,1089,850,239
102000087,766,1223,-457
102000088,370,247,123
102000089,1179,313,866
102000090,364,841,-477
102000091,1138,451,687
102000092,320,522,-202
102000093,649,738,-89
102000094,650,511,139
102000095,749,843,-94
102000096,560,587,-27
102000097,473,503,-30
102000098,392,489,-97
102000099,703,706,-3
102000100,474,993,-519
102000101,665,570,95
102000102,224,1059,-835
102000103,1137,371,766
102000104,473,311,162
102000105,271,402,-131
102000106,854,394,460
102000107,1392,431,961
102000108,696,139,557
102000109,446,496,-50
102000110,1134,923,211
102000111,13,259,-246
102000112,146,100,46
102000113,14,20,-6
102000114,763,347,416
102000115,260,270,-10
102000116,343,392,-49
102000117,166,452,-286
102000118,874,1416,-542
102000119,1227,711,516
102000120,208,376,-168
102000121,990,450,540
102000122,667,911,-244
102000123,1093,906,187
102000124,1211,1160,51
102000125,709,782,-73
102000126,582,677,-95
102000127,1085,600,485
102000128,742,779,-37
102000129,1145,703,442
102000130,714,649,65
102000131,1205,578,627
102000132,540,864,-324
102000133,1961,1231,730
102000134,783,693,90
102000135,626,708,-82
102000136,790,450,340
102000137,698,882,-184
102000138,329,419,-90
102000139,84,525,-441
102000140,218,626,-408
102000141,198,319,-121
102000142,257,339,-82
102000143,153,335,-182
102000144,335,337,-2
102000145,328,352,-24
102000146,404,247,157
102000147,394,346,48
102000148,183,389,-206
102000149,179,292,-113
102000150,371,106,265
102000151,89,195,-106
102000152,222,143,79
102000153,1009,458,551
102000154,198,473,-275
102000155,71,276,-205
102000156,304,112,192
102000157,102,327,-225
102000158,388,428,-40
102000159,694,425,269
102000161,2383,1766,617
102000162,158,140,18
102000163,112,457,-345
102000164,767,920,-153
102000165,217,173,44
102000166,35,143,-108
102000167,269,228,41
102000168,326,213,113
102000169,119,505,-386
102000170,411,160,251
102000171,136,157,-21
102000172,131,382,-251
102000173,386,255,131
102000174,66,62,4
102000175,95,78,17
102000176,46,24,22
102000178,219,286,-67
102000179,371,223,148
102000180,811,355,456
102000181,813,443,370
102000182,589,508,81
102000183,1498,1225,273
102000184,1810,584,1226
102000185,2496,976,1520
102000186,1283,1200,83
102000187,806,921,-115
102000188,888,1021,-133
102000189,1529,482,1047
102000190,417,1919,-1502
102000191,897,437,460
102000192,1102,1373,-271
102000193,59,107,-48
102000194,53,112,-59
102000195,454,322,132
102000196,219,240,-21
102000197,690,223,467
102000198,251,504,-253
102000199,1083,211,872
102000200,243,668,-425
102000201,1147,363,784
102000202,8,63,-55
102000203,377,161,216
102000204,434,509,-75
102000205,950,366,584
102000206,621,384,237
102000207,503,406,97
102000208,309,338,-29
102000209,55,36,19
102000210,357,348,9
102000211,410,192,218
102000212,298,3,295
102000213,13,177,-164
102000214,224,12,212
102000215,2,240,-238
102000216,74,68,6
102000217,12,75,-63
102000218,241,163,78
102000219,293,215,78
102000225,441,684,-243
102000226,1539,1000,539
102000227,139,2,137
102000228,0,64,-64
102000229,40,58,-18
102000230,249,323,-74
102000231,289,324,-35
102000232,33,152,-119
102000233,399,472,-73
102000234,116,830,-714
102000236,202,88,114
102000237,436,129,307
102000238,126,163,-37
102000240,405,596,-191
102000241,140,123,17
102000243,18,52,-34
102000245,17,125,-108
102000246,10,42,-32
102000247,571,696,-125
102000248,590,1056,-466
102000249,158,125,33
102000250,73,264,-191
102000254,142,184,-42
102000266,20,349,-329
102000271,33,10,23
102000286,373,355,18
102000297,1429,743,686
102000299,0,0,0
102000301,0,0,0
102000303,0,0,0
102000305,0,0,0
102000307,0,3,-3
102900001,1052,665,387
102900002,384,29,355
102900003,102,171,-69
102900005,375,245,130
102900006,525,110,415
102900007,412,18,394
102900008,241,43,198
102900009,381,345,36
102900010,305,651,-346
102900011,1322,264,1058
102900012,309,95,214
102900013,40,59,-19
102900015,425,382,43
102900016,46,94,-48
102900017,165,369,-204
102900018,48,94,-46
102900019,296,285,11
102900020,161,20,141
102900021,54,69,-15
102900022,474,196,278
102900023,32,32,0
102900024,52,36,16
102900025,176,59,117
102900026,230,1654,-1424
102900027,98,60,38
102900028,134,713,-579
102900029,144,193,-49
102900030,402,288,114
102900031,194,133,61
102900032,93,80,13
102900033,125,140,-15
102900034,435,65,370
102900035,153,191,-38
102900036,220,275,-55
102900037,248,297,-49
102900038,354,332,22
102900039,19,435,-416
102900040,101,232,-131
102900041,72,117,-45
102900042,175,243,-68
102900043,151,144,7
102900044,422,1482,-1060
102900045,161,414,-253
102900046,130,172,-42
102900047,127,341,-214
102900048,599,391,208
102900049,132,293,-161
102900050,251,242,9
102900051,213,212,1
102900053,356,509,-153
102900054,396,872,-476
102900055,78,213,-135
102900056,102,322,-220
102900057,12,47,-35
102900058,242,57,185
102900059,26,50,-24
102900060,108,358,-250
102900061,158,312,-154
102900062,271,607,-336
102900063,1126,323,803
102900064,59,339,-280
102900065,1151,369,782
102900066,343,16,327
102900068,78,61,17
102900070,222,435,-213
102900072,3,39,-36
102900073,112,9,103
102900075,44,51,-7
102900076,89,123,-34
102900077,40,31,9
102900078,31,56,-25
102900079,216,19,197
102900080,355,28,327
102900081,73,232,-159
102900082,8,156,-148
102900083,180,18,162
102900084,2,22,-20
102900085,335,103,232
102900086,29,65,-36
102900087,101,75,26
102900088,23,27,-4
102900089,203,94,109
102900090,3,183,-180
102900091,142,0,142
102900092,345,537,-192
102900094,2,88,-86
102900095,107,3,104
102900096,73,25,48
102900097,2,83,-81
103000001,2183,2221,-38
103000002,1880,2141,-261
103000003,3048,2295,753
103000004,875,625,250
103000005,1725,2461,-736
103000006,809,1238,-429
103000007,375,566,-191
103000008,956,493,463
103000009,1301,917,384
103000010,134,99,35
103000011,1372,1067,305
103000012,1414,1274,140
103000013,2971,1582,1389
103000014,1395,2301,-906
103000015,1331,622,709
103000016,514,1227,-713
103000017,229,301,-72
103000018,602,262,340
103000019,299,259,40
103000020,1965,1178,787
103000021,1774,1801,-27
103000022,578,857,-279
103000023,652,1650,-998
103000024,72,138,-66
103000025,132,690,-558
103000026,572,114,458
103000027,217,560,-343
103000028,264,323,-59
103000029,171,296,-125
103000030,1243,1083,160
103000031,881,1620,-739
103000032,1949,1315,634
103000033,2718,2448,270
103000034,1284,985,299
103000035,362,1162,-800
103000036,382,484,-102
103000037,531,568,-37
103000038,439,896,-457
103000039,408,284,124
103000040,471,625,-154
103000041,1465,1605,-140
103000042,1287,317,970
103000043,611,677,-66
103000044,328,143,185
103000046,497,398,99
103000047,524,540,-16
103000048,237,165,72
103000049,90,128,-38
103000050,742,390,352
103000051,515,387,128
103000052,749,317,432
103000053,183,584,-401
103000054,2602,1055,1547
103000055,1778,1852,-74
103000056,826,1094,-268
103000057,850,209,641
103000058,627,565,62
103000059,398,536,-138
103000060,750,474,276
103000061,428,806,-378
103000062,935,382,553
103000063,841,702,139
103000064,195,128,67
103000065,6,373,-367
103000066,195,13,182
103000069,383,299,84
103000070,879,627,252
103000071,1221,443,778
103000072,88,439,-351
103000073,583,81,502
103000074,506,56,450
103000075,93,519,-426
103000076,302,349,-47
103000077,50,274,-224
103000078,776,581,195
103000079,493,683,-190
103000080,785,337,448
103000081,452,1248,-796
103000082,403,130,273
103000083,67,299,-232
103000084,118,7,111
103000085,0,143,-143
103000086,441,352,89
103000087,92,529,-437
103000088,275,264,11
103000089,227,438,-211
103000090,2053,800,1253
103000091,605,468,137
103000092,275,197,78
103000093,224,307,-83
103000094,164,77,87
103000095,55,309,-254
103000096,607,62,545
103000097,78,601,-523
103000098,627,119,508
103000099,222,553,-331
103000100,126,486,-360
103000101,858,101,757
103000102,119,400,-281
103000103,648,86,562
103000104,58,83,-25
103000105,116,84,32
103000106,15,129,-114
103000107,184,46,138
103000108,867,557,310
103000109,405,372,33
103000110,507,441,66
103000111,363,505,-142
103000112,345,183,162
103000113,630,627,3
103000114,1306,572,734
103000115,568,407,161
103000116,659,382,277
103000117,474,431,43
103000118,434,480,-46
103000119,832,387,445
103000120,39,96,-57
103000121,241,757,-516
103000122,444,768,-324
103000125,15,196,-181
103000126,684,0,684
103000127,0,111,-111
103000128,154,3,151
103000129,2,84,-82
103000130,63,51,12
103000131,90,89,1
103000132,68,126,-58
103000133,27,95,-68
103000134,390,782,-392
103000135,519,359,160
103000136,560,439,121
103000137,440,616,-176
103000138,688,742,-54
103000139,1,61,-60
103000140,128,31,97
103000141,56,148,-92
103000142,117,60,57
103000143,49,171,-122
103000144,167,62,105
103000145,12,111,-99
103000150,95,29,66
103000152,201,243,-42
103000153,219,164,55
103000156,1,229,-228
103000157,432,4,428
103000159,203,59,144
103000162,69,42,27
103000163,15,50,-35
103000164,43,15,28
103000165,89,192,-103
103000166,264,299,-35
103000167,207,126,81
103000168,129,135,-6
103000169,181,336,-155
103000170,1005,353,652
103000171,24,93,-69
103000172,485,230,255
103000173,680,371,309
103000174,181,275,-94
103000175,355,209,146
103000176,745,583,162
103000177,441,306,135
103000178,184,246,-62
103000179,169,27,142
103000183,102,16,86
103000185,100,27,73
103000186,132,137,-5
103000187,613,243,370
103000188,13,70,-57
103000189,664,572,92
103000191,540,455,85
103000292,1008,1436,-428
103000293,780,1985,-1205
103000295,61,122,-61
103000296,182,2,180
103000297,23,30,-7
103000504,54,13,41
103000505,3,17,-14
103000506,3,196,-193
103000507,195,1,194
103000508,44,28,16
103000509,240,544,-304
103900001,1,134,-133
103900002,778,115,663
103900003,1047,120,927
103900004,115,1,114
103900005,2,127,-125
103900006,11,0,11
103900007,76,1,75
103900008,14,1,13
103900009,266,428,-162
103900010,162,290,-128
103900011,348,116,232
103900012,13,25,-12
103900013,53,46,7
103900014,50,15,35
103900015,74,6,68
103900016,255,147,108
103900017,34,59,-25
103900018,534,156,378
103900019,57,309,-252
103900020,194,409,-215
103900021,320,56,264
103900022,1129,557,572
103900023,161,2,159
103900024,83,316,-233
103900025,29,57,-28
103900026,7,0,7
103900027,693,183,510
103900028,16,256,-240
103900029,1094,153,941
103900030,261,125,136
103900031,42,2,40
103900032,77,63,14
103900033,128,20,108
103900034,48,134,-86
103900035,46,25,21
103900036,62,34,28
103900037,55,63,-8
103900038,85,233,-148
103900039,99,224,-125
103900040,9,112,-103
103900041,61,70,-9
103900042,84,258,-174
103900043,178,51,127
103900044,83,239,-156
103900045,307,141,166
103900047,142,32,110
103900048,63,27,36
103900049,133,971,-838
103900050,11,122,-111
103900051,5,24,-19
103900052,191,240,-49
103900053,222,336,-114
103900054,137,279,-142
103900055,377,169,208
103900056,38,51,-13
103900057,22,102,-80
103900058,276,445,-169
103900059,0,14,-14
103900060,87,212,-125
103900061,201,20,181
103900062,328,82,246
103900063,5,0,5
103900064,96,5,91
103900065,685,297,388
103900066,117,23,94
103900067,173,17,156
103900068,4,0,4
103900069,66,13,53
103900070,143,180,-37
103900071,16,95,-79
103900072,16,152,-136
103900073,44,28,16
103900074,105,63,42
103900075,265,55,210
103900076,507,439,68
103900077,31,88,-57
103900078,221,76,145
103900079,150,127,23
103900080,8,32,-24
103900081,65,14,51
103900082,8,120,-112
103900083,946,929,17
103900084,58,119,-61
103900085,80,108,-28
103900086,695,297,398
103900088,261,514,-253
103900089,79,118,-39
103900090,1,73,-72
103900091,1120,232,888
103900092,513,382,131
103900093,95,265,-170
103900094,23,65,-42
103900095,285,217,68
103900096,22,140,-118
103900097,4,352,-348
103900098,204,80,124
103900099,63,76,-13
103900100,291,275,16
103900101,54,896,-842
103900102,0,32,-32
103900104,1,33,-32
103900105,115,141,-26
103900106,0,34,-34
103900107,174,199,-25
103900108,76,214,-138
103900109,108,78,30
103900110,211,38,173
103900111,99,378,-279
103900112,29,56,-27
103900113,95,219,-124
103900114,347,279,68
103900115,237,156,81
103900116,3320,2559,761
103900117,108,49,59
103900119,34,69,-35
103900120,85,106,-21
103900122,125,234,-109
103900123,945,587,358
103900124,56,361,-305
103900125,114,56,58
103900126,510,259,251
103900127,169,273,-104
103900128,137,81,56
103900131,37,94,-57
103900133,860,14,846
103900134,0,9,-9
103900135,0,3,-3
103900137,0,17,-17
103900138,123,164,-41
103900139,199,1869,-1670
103900140,3,169,-166
103900141,238,46,192
103900142,157,82,75
103900143,37,2,35
103900144,1,22,-21
103900145,156,204,-48
103900146,288,190,98
103900147,292,99,193
103900148,234,167,67
103900149,469,471,-2
103900150,4360,3872,488
103900151,50,116,-66
103900152,589,415,174
103900153,6,3,3
103900154,531,1660,-1129
103900155,48,161,-113
103900156,46,105,-59
103900157,53,92,-39
103900158,91,67,24
103900159,171,64,107
103900160,50,35,15
103900161,87,143,-56
103900162,64,111,-47
103900163,13,396,-383
103900167,11,83,-72
103900168,110,114,-4
103900169,44,26,18
103900170,0,59,-59
103900171,2,36,-34
103900172,6,12,-6
103900173,20,5,15
103900174,168,56,112
103900175,32,68,-36
103900176,8,23,-15
103900177,13,55,-42
103900178,58,33,25
103900179,54,54,0
103900180,9,38,-29
103900181,46,29,17
103900182,25,11,14
103900184,287,96,191
103900185,100,312,-212
103900187,28,82,-54
103900188,47,31,16
103900189,94,3,91
103900190,69,47,22
103900191,28,34,-6
103900192,30,52,-22
103900193,78,130,-52
103900194,91,180,-89
103900195,7,95,-88
103900196,28,37,-9
103900197,15,14,1
103900198,22,37,-15
103900199,160,33,127
103900200,172,104,68
103900201,94,156,-62
103900202,6,58,-52
103900203,56,17,39
103900204,0,59,-59
103900207,0,78,-78
103900208,103,1,102
103900209,12,75,-63
103900210,55,23,32
103900211,552,275,277
103900212,108,225,-117
103900213,33,224,-191
103900214,209,267,-58
103900215,286,340,-54
103900216,11,244,-233
103900217,391,42,349
103900218,0,267,-267
103900219,147,202,-55
103900233,30,4,26
103900235,39,21,18
103900236,19,0,19
103900242,4,21,-17
103900243,13,3,10
103900244,137,141,-4
103900245,99,149,-50
103900246,58,41,17
103900247,46,83,-37
103900248,15,105,-90
103900249,12,49,-37
103900250,30,23,7
103900251,6,25,-19
103900253,14,75,-61
103900254,8,30,-22
103900255,3,18,-15
103900256,7,27,-20
103900257,139,104,35
103900258,29,2,27
103900259,50,4,46
103900261,14,11,3
103900262,20,7,13
103900263,41,39,2
103900264,50,28,22
103900265,58,22,36
103900266,1,75,-74
103900267,5,72,-67
103900268,14,49,-35
103900269,138,31,107
103900270,80,92,-12
103900271,20,52,-32
103900272,69,52,17
103900273,30,32,-2
103900274,110,7,103
103900275,32,8,24
103900276,15,40,-25
103900277,5,55,-50
103900278,10,29,-19
103900279,2,29,-27
103900280,2,63,-61
104000001,2198,1376,822
104000002,1521,2007,-486
104000003,2100,1602,498
104000004,2210,2220,-10
104000005,1501,1423,78
104000006,3085,2239,846
104000007,3566,3942,-376
104000008,188,202,-14
104000009,227,103,124
104000010,185,293,-108
104000011,337,215,122
104000012,122,228,-106
104000013,263,176,87
104000014,211,454,-243
104000015,357,161,196
104000016,545,314,231
104000018,949,156,793
104000019,659,212,447
104000020,166,416,-250
104000021,238,323,-85
104000022,113,241,-128
104000023,742,287,455
104000024,198,301,-103
104000026,56,297,-241
104000027,238,169,69
104000028,412,219,193
104000029,353,270,83
104000030,307,218,89
104000031,1302,333,969
104000032,266,184,82
104000033,694,416,278
104000034,374,219,155
104000035,878,386,492
104000036,797,410,387
104000037,320,200,120
104000038,540,302,238
104000039,203,132,71
104000040,169,276,-107
104000041,446,239,207
104000042,178,274,-96
104000043,181,284,-103
104000044,207,383,-176
104000045,808,694,114
104000046,920,1074,-154
104000047,725,837,-112
104000048,968,1028,-60
104000049,431,294,137
104000050,143,529,-386
104000051,122,443,-321
104000052,1393,1469,-76
104000053,818,367,451
104000054,619,272,347
104000055,3077,1963,1114
104000056,986,183,803
104000057,156,298,-142
104000058,726,652,74
104000059,479,814,-335
104000060,999,1090,-91
104000061,1193,911,282
104000062,359,124,235
104000064,592,428,164
104000065,148,533,-385
104000069,830,1076,-246
104000070,54,399,-345
104000071,135,295,-160
104000072,547,171,376
104000075,37,231,-194
104000076,393,36,357
104000082,2164,3485,-1321
104000083,703,175,528
104000084,134,435,-301
104000085,239,334,-95
104000086,188,390,-202
104000087,358,1627,-1269
104000090,744,979,-235
104000092,1112,1472,-360
104000094,791,1017,-226
104000095,1663,1179,484
104000096,1438,173,1265
104000097,1667,581,1086
104000098,2259,670,1589
104000100,1539,465,1074
104000101,1010,1321,-311
104000106,32,444,-412
104000107,575,382,193
104000108,193,339,-146
104000109,270,75,195
104000110,780,911,-131
104000111,2382,1941,441
104000112,1385,478,907
104000116,3,760,-757
104000117,194,386,-192
104000118,587,145,442
104000119,601,176,425
104000120,231,503,-272
104000121,169,579,-410
104000122,622,651,-29
104000123,545,706,-161
104000124,557,1390,-833
104000125,2307,3828,-1521
104000126,354,364,-10
104000127,1065,1746,-681
104000128,539,347,192
104000129,304,33,271
104000130,9,281,-272
104000131,406,350,56
104000132,328,397,-69
104000133,1289,701,588
104000134,954,1499,-545
104000135,487,1845,-1358
104000136,783,3821,-3038
104000137,1584,392,1192
104000138,726,299,427
104000139,3985,2334,1651
104000141,906,1048,-142
104000142,536,447,89
104000143,469,337,132
104000144,103,128,-25
104000145,373,216,157
104000146,240,391,-151
104000147,114,185,-71
104000148,360,140,220
104000149,152,184,-32
104000150,991,349,642
104000151,297,287,10
104000152,435,365,70
104000153,633,424,209
104000154,777,384,393
104000155,422,545,-123
104000157,980,1002,-22
104000158,295,555,-260
104000159,741,501,240
104000160,1830,1904,-74
104000161,187,182,5
104000162,65,108,-43
104000165,754,859,-105
104000167,664,956,-292
104000168,451,4,447
104000169,141,16,125
104000170,365,554,-189
104000248,336,471,-135
104000251,56,153,-97
104000272,0,0,0
104000273,0,0,0
104000274,0,0,0
104000275,0,0,0
104000279,537,408,129
104000290,80,219,-139
104000291,468,1021,-553
104000293,748,775,-27
104000294,56,0,56
104000295,601,606,-5
104000296,386,538,-152
104000297,614,1547,-933
104000298,1623,602,1021
104000299,646,1312,-666
104900001,179,260,-81
104900002,61,154,-93
104900003,38,272,-234
104900004,53,193,-140
104900005,247,236,11
104900006,223,78,145
104900007,255,163,92
104900009,150,278,-128
104900010,53,31,22
104900011,8,9,-1
104900012,209,29,180
104900013,118,25,93
104900014,1929,256,1673
104900015,76,12,64
104900016,192,121,71
104900017,185,122,63
104900018,7,195,-188
104900019,222,3089,-2867
104900020,34,200,-166
104900021,1,109,-108
104900022,4,90,-86
104900023,2,37,-35
104900024,17,52,-35
104900025,63,171,-108
104900026,0,63,-63
104900027,534,285,249
104900028,38,89,-51
104900029,50,49,1
104900030,538,205,333
104900031,88,137,-49
104900032,36,56,-20
104900033,179,265,-86
104900034,356,183,173
104900035,375,205,170
104900036,255,73,182
104900037,110,134,-24
104900038,287,607,-320
104900039,460,385,75
104900040,510,83,427
104900041,340,117,223
104900042,143,202,-59
104900043,14,245,-231
104900044,717,173,544
104900045,403,54,349
104900046,211,98,113
104900047,371,119,252
104900048,317,77,240
104900049,38,18,20
104900050,238,80,158
104900051,292,45,247
104900052,46,2,44
104900053,456,99,357
104900054,128,19,109
104900055,79,0,79
104900056,157,23,134
104900057,33,1,32
104900058,383,143,240
104900059,228,78,150
104900060,0,347,-347
104900061,188,338,-150
104900063,2,85,-83
104900064,2,58,-56
104900065,1,196,-195
104900066,0,55,-55
104900067,4,277,-273
104900068,22,150,-128
104900070,201,150,51
104900071,0,369,-369
104900072,50,215,-165
104900073,44,95,-51
104900074,65,163,-98
104900075,39,25,14
104900076,94,197,-103
104900077,493,200,293
104900078,181,357,-176
104900079,107,410,-303
104900080,73,498,-425
104900082,5,321,-316
104900085,1,162,-161
104900087,213,2,211
104900089,151,0,151
104900090,785,752,33
104900091,549,458,91
104900093,190,413,-223
104900097,1685,1856,-171
104900098,91,29,62
104900099,175,477,-302
104900100,290,154,136
104900102,31,87,-56
104900103,415,48,367
104900104,2198,1673,525
104900106,97,82,15
104900107,100,142,-42
104900108,15,121,-106
104900109,94,113,-19
104900110,8,48,-40
104900111,100,75,25
104900112,248,434,-186
104900113,619,294,325
104900114,351,239,112
104900115,688,277,411
104900116,214,121,93
104900118,16,34,-18
104900119,2,29,-27
104900120,29,266,-237
104900121,0,52,-52
104900122,4,39,-35
104900123,38,6,32
104900124,41,0,41
104900125,482,10,472
104900126,39,27,12
104900127,18,35,-17
104900128,142,220,-78
104900129,1199,1882,-683
105000001,2661,1253,1408
105000002,2206,1316,890
105000003,2989,2685,304
105000004,631,713,-82
105000005,887,950,-63
105000006,1281,1615,-334
105000007,1269,1684,-415
105000008,1458,3136,-1678
105000009,2384,3086,-702
105000010,2609,1727,882
105000011,3137,2874,263
105000012,2797,2313,484
105000013,932,984,-52
105000014,1960,2513,-553
105000015,8478,13314,-4836
105000016,2286,1903,383
105000017,1438,740,698
105000018,955,1320,-365
105000019,1078,829,249
105000020,182,383,-201
105000021,271,126,145
105000022,283,98,185
105000023,508,335,173
105000028,101,116,-15
105000029,489,1433,-944
105000030,3605,2214,1391
105000031,2,21,-19
105000033,1038,1433,-395
105000034,129,865,-736
105000037,515,219,296
105000038,1447,1825,-378
105000039,1665,1386,279
105000040,796,1192,-396
105000041,373,891,-518
105000042,2799,1617,1182
105000043,1332,1568,-236
105000044,526,420,106
105000045,291,474,-183
105000046,1191,311,880
105000047,447,916,-469
105000048,669,219,450
105000049,230,382,-152
105000050,738,335,403
105000051,141,317,-176
105000052,534,733,-199
105000053,108,93,15
105000054,372,710,-338
105000055,549,275,274
105000056,1353,1484,-131
105000057,1044,564,480
105000058,1167,825,342
105000059,683,546,137
105000060,523,492,31
105000061,707,518,189
105000062,518,630,-112
105000063,283,396,-113
105000064,1456,760,696
105000065,375,467,-92
105000066,1001,1032,-31
105000067,1349,745,604
105000068,308,700,-392
105000069,1433,1628,-195
105000070,446,842,-396
105000071,237,823,-586
105000072,1138,2122,-984
105000073,854,577,277
105000074,949,555,394
105000075,435,749,-314
105000076,1076,842,234
105000077,2211,955,1256
105000078,966,1165,-199
105000079,1078,2752,-1674
105000080,1606,1203,403
105000081,3148,1320,1828
105000082,940,1703,-763
105000083,4115,3434,681
105000084,588,623,-35
105000085,1629,2067,-438
105000086,648,735,-87
105000087,1118,1461,-343
105000088,1295,1446,-151
105000089,2164,1658,506
105000090,820,676,144
105000091,1004,1370,-366
105000092,578,666,-88
105000093,293,198,95
105000094,312,152,160
105000095,115,461,-346
105000096,1094,1109,-15
105000097,722,764,-42
105000098,773,622,151
105000099,734,688,46
105000100,1291,936,355
105000101,1818,1459,359
105000102,1376,1239,137
105000103,1179,1789,-610
105000104,2014,813,1201
105000105,928,1435,-507
105000106,1146,1164,-18
105000107,1373,705,668
105000108,1455,1047,408
105000109,1516,1252,264
105000110,850,463,387
105000111,840,600,240
105000112,1188,548,640
105000113,477,579,-102
105000114,1851,996,855
105000115,314,1049,-735
105000116,824,423,401
105000117,835,700,135
105000118,479,335,144
105000119,498,556,-58
105000120,1071,411,660
105000121,673,636,37
105000122,456,557,-101
105000123,907,925,-18
105000124,1816,649,1167
105000125,695,1288,-593
105000126,2075,1410,665
105000127,2198,1427,771
105000128,565,796,-231
105000129,714,343,371
105000130,356,2727,-2371
105000131,559,265,294
105000132,973,669,304
105000133,376,661,-285
105000134,742,528,214
105000135,353,457,-104
105000136,151,245,-94
105000137,598,191,407
105000138,214,266,-52
105000139,1008,701,307
105000140,520,425,95
105000141,276,379,-103
105000142,256,392,-136
105000143,149,508,-359
105000144,247,671,-424
105000145,653,333,320
105000146,388,777,-389
105000147,659,288,371
105000148,1138,617,521
105000149,2414,1943,471
105000150,1612,1142,470
105000151,379,328,51
105000152,145,390,-245
105000153,513,562,-49
105000154,556,435,121
105000155,335,763,-428
105000156,682,594,88
105000157,715,1298,-583
105000158,1555,650,905
105000159,268,694,-426
105000160,1837,507,1330
105000161,604,704,-100
105000162,530,1457,-927
105000163,987,652,335
105000164,225,176,49
105000165,617,4548,-3931
105000166,3613,856,2757
105000167,1247,1384,-137
105000168,440,388,52
105000169,558,184,374
105000170,233,1063,-830
105000171,913,188,725
105000172,150,18,132
105000173,213,52,161
105000174,64,55,9
105000175,89,95,-6
105000176,407,83,324
105000177,308,150,158
105000178,202,343,-141
105000179,593,120,473
105000180,186,107,79
105000181,142,210,-68
105000182,51,64,-13
105000183,1633,1745,-112
105000184,856,1043,-187
105000185,958,1129,-171
105000186,404,762,-358
105000187,826,168,658
105000188,181,148,33
105000189,115,358,-243
105000190,312,300,12
105000191,358,317,41
105000192,340,51,289
105000193,67,124,-57
105000194,558,104,454
105000195,240,567,-327
105000196,89,300,-211
105000197,269,518,-249
105000198,462,256,206
105000199,303,684,-381
105000200,115,237,-122
105000201,98,25,73
105000203,20,111,-91
105000204,86,63,23
105000205,95,181,-86
105000207,416,149,267
105000208,201,520,-319
105000209,239,255,-16
105000211,248,4,244
105000212,1061,786,275
105000213,134,190,-56
105000214,136,157,-21
105000215,314,167,147
105000216,189,200,-11
105000217,135,208,-73
105000218,1273,958,315
105000221,168,154,14
105000222,294,161,133
105000223,295,173,122
105000226,102,155,-53
105000227,92,122,-30
105000228,168,1675,-1507
105000229,145,474,-329
105000231,318,302,16
105000233,838,568,270
105000234,481,1022,-541
105000235,352,471,-119
105000237,707,78,629
105000243,24,23,1
105000248,68,68,0
105000262,286,969,-683
105000269,170,179,-9
105000270,439,41,398
105000271,2,208,-206
105000282,66,40,26
105000287,306,93,213
105000288,521,385,136
105000289,2223,1848,375
105000290,26,3,23
105000402,2642,3180,-538
105000426,405,499,-94
105000438,3469,1399,2070
105000440,37,20,17
105000446,8003,4832,3171
105000447,4680,2309,2371
105000454,544,480,64
105000455,263,152,111
105000474,61,5,56
105000477,366,515,-149
105000478,1855,4422,-2567
105000479,92,99,-7
105000480,8549,6461,2088
105000481,4609,3116,1493
105000482,4079,6769,-2690
105000483,1597,1913,-316
105000484,2026,3019,-993
105000485,1466,3238,-1772
105000486,2873,2303,570
105000488,8150,4515,3635
105000489,910,739,171
105000549,73,113,-40
105000550,391,1319,-928
105000551,54,118,-64
105000552,2276,1220,1056
105000555,1176,945,231
105000556,38,13,25
105000557,50,115,-65
105900001,12,1903,-1891
105900002,735,539,196
105900003,12,86,-74
105900004,142,124,18
105900005,5,228,-223
105900006,11,113,-102
105900007,65,18,47
105900008,74,465,-391
105900009,28,29,-1
105900011,146,31,115
105900012,457,97,360
105900013,0,27,-27
105900014,8,45,-37
105900015,124,268,-144
105900016,483,491,-8
105900017,1198,38,1160
105900018,176,150,26
105900019,65,255,-190
105900020,59,55,4
105900021,19,194,-175
105900022,211,131,80
105900023,4,60,-56
105900024,6,204,-198
105900025,161,22,139
105900026,183,20,163
105900027,7698,3771,3927
105900028,245,239,6
105900029,1428,287,1141
105900030,164,177,-13
105900031,283,165,118
105900032,60,119,-59
105900033,101,90,11
105900034,167,134,33
105900035,160,118,42
105900036,98,77,21
105900037,92,59,33
105900038,154,201,-47
105900039,112,65,47
105900040,69,94,-25
105900041,200,161,39
105900042,54,125,-71
105900043,940,42,898
105900044,4,205,-201
105900045,2,613,-611
105900046,1,206,-205
105900047,10,35,-25
105900048,88,370,-282
105900050,2462,3785,-1323
105900051,61,949,-888
105900052,459,99,360
105900053,1893,2149,-256
105900054,241,124,117
105900056,491,288,203
105900057,23,88,-65
105900058,13,15,-2
105900059,0,34,-34
106000001,3462,2255,1207
106000002,1854,4407,-2553
106000003,2791,3507,-716
106000004,1462,2319,-857
106000005,3463,4990,-1527
106000006,5231,3135,2096
106000007,471,562,-91
106000008,536,293,243
106000009,591,353,238
106000010,610,471,139
106000011,1143,838,305
106000012,843,1061,-218
106000013,1602,1643,-41
106000014,1457,1264,193
106000015,1786,1090,696
106000016,974,1358,-384
106000017,604,581,23
106000018,527,399,128
106000019,317,351,-34
106000020,296,255,41
106000021,291,335,-44
106000022,311,211,100
106000023,661,224,437
106000024,514,350,164
106000025,119,151,-32
106000026,97,208,-111
106000027,1427,1189,238
106000028,527,348,179
106000029,639,760,-121
106000030,463,548,-85
106000034,197,508,-311
106000035,899,1673,-774
106000036,184,357,-173
106000037,1556,1090,466
106000038,256,134,122
106000039,100,114,-14
106000040,130,785,-655
106000041,606,461,145
106000043,591,261,330
106000046,364,69,295
106000047,29,351,-322
106000049,1032,186,846
106000050,372,534,-162
106000051,769,514,255
106000052,112,340,-228
106000053,365,148,217
106000054,271,294,-23
106000055,1104,764,340
106000056,224,318,-94
106000057,441,227,214
106000058,137,131,6
106000059,309,257,52
106000060,325,373,-48
106000061,228,488,-260
106000062,142,418,-276
106000063,820,533,287
106000064,37,280,-243
106000065,356,263,93
106000066,127,294,-167
106000067,344,94,250
106000068,42,486,-444
106000069,254,52,202
106000070,471,624,-153
106000071,1044,265,779
106000072,2165,1442,723
106000073,1421,2705,-1284
106000074,562,633,-71
106000075,280,1157,-877
106000076,1611,1733,-122
106000077,2896,1191,1705
106000078,981,804,177
106000079,628,693,-65
106000080,1187,553,634
106000081,602,915,-313
106000082,2040,737,1303
106000083,464,1223,-759
106000084,1253,650,603
106000085,1225,1246,-21
106000086,663,783,-120
106000087,874,535,339
106000088,491,600,-109
106000089,957,311,646
106000090,289,467,-178
106000091,251,377,-126
106000092,685,266,419
106000093,309,103,206
106000094,69,239,-170
106000095,795,607,188
106000096,915,570,345
106000097,1042,583,459
106000098,689,715,-26
106000099,221,559,-338
106000100,1078,177,901
106000101,678,214,464
106000102,175,496,-321
106000103,249,375,-126
106000104,690,383,307
106000105,405,437,-32
106000106,608,398,210
106000107,154,272,-118
106000108,405,225,180
106000109,164,184,-20
106000110,222,252,-30
106000111,223,290,-67
106000112,225,486,-261
106000113,526,476,50
106000114,423,500,-77
106000115,266,294,-28
106000116,360,172,188
106000117,828,524,304
106000118,1120,1148,-28
106000119,1068,662,406
106000120,736,1080,-344
106000121,187,133,54
106000122,122,134,-12
106000123,511,96,415
106000124,45,116,-71
106000125,18,169,-151
106000126,315,88,227
106000127,824,587,237
106000128,872,134,738
106000129,501,404,97
106000130,770,216,554
106000131,168,563,-395
106000132,465,122,343
106000133,1235,1023,212
106000134,460,1403,-943
106000135,210,418,-208
106000136,677,843,-166
106000137,78,513,-435
106000138,943,109,834
106000139,55,72,-17
106000140,43,38,5
106000141,102,36,66
106000142,102,48,54
106000143,30,39,-9
106000144,36,46,-10
106000145,226,172,54
106000146,395,119,276
106000147,308,323,-15
106000148,506,683,-177
106000149,613,271,342
106000150,496,1577,-1081
106000151,2925,749,2176
106000152,962,1471,-509
106000153,119,1472,-1353
106000154,1087,161,926
106000155,113,240,-127
106000156,738,254,484
106000157,602,1138,-536
106000158,1622,847,775
106000159,2157,1727,430
106000160,441,2245,-1804
106000161,1185,280,905
106000162,302,801,-499
106000163,407,271,136
106000164,384,223,161
106000165,271,345,-74
106000166,637,243,394
106000167,335,762,-427
106000168,550,239,311
106000169,263,459,-196
106000170,980,246,734
106000171,294,1078,-784
106000172,2485,1077,1408
106000173,996,2289,-1293
106000174,1127,411,716
106000175,248,655,-407
106000176,1439,641,798
106000177,606,1735,-1129
106000178,2791,1205,1586
106000179,868,1628,-760
106000180,651,884,-233
106000181,724,1381,-657
106000182,1308,504,804
106000183,1243,363,880
106000184,1080,471,609
106000185,836,1068,-232
106000186,735,112,623
106000187,135,826,-691
106000188,1,1,0
106000189,18,13,5
106000190,30,1,29
106000191,631,142,489
106000192,3,26,-23
106000193,342,143,199
106000194,127,286,-159
106000195,245,123,122
106000196,101,294,-193
106000197,526,178,348
106000198,144,168,-24
106000199,441,539,-98
106000200,217,164,53
106000201,350,2283,-1933
106000202,2305,413,1892
106000203,39,142,-103
106000204,104,11,93
106000205,53,130,-77
106000206,63,12,51
106000207,38,447,-409
106000208,1278,185,1093
106000209,1485,396,1089
106000210,250,743,-493
106000211,259,965,-706
106000212,793,387,406
106000213,490,1453,-963
106000214,1819,514,1305
106000215,306,428,-122
106000216,352,312,40
106000217,278,361,-83
106000218,458,301,157
106000219,125,259,-134
106000220,412,219,193
106000221,191,216,-25
106000222,71,78,-7
106000223,305,127,178
106000224,274,151,123
106000225,151,142,9
106000226,161,206,-45
106000228,51,79,-28
106000229,57,548,-491
106000231,985,92,893
106000232,75,309,-234
106000233,452,94,358
106000234,41,199,-158
106000235,324,110,214
106000236,111,62,49
106000237,3,9,-6
106000238,24,15,9
106000239,7,85,-78
106000240,40,8,32
106000241,14,474,-460
106000242,273,26,247
106000249,70,74,-4
106000250,50,400,-350
106000251,85,27,58
106000252,25,40,-15
106000253,49,66,-17
106000254,59,30,29
106000255,29,117,-88
106000256,53,26,27
106000257,120,136,-16
106000258,178,13,165
106000259,0,53,-53
106000260,38,5,33
106000261,4,65,-61
106000262,64,13,51
106000263,6,38,-32
106000264,231,9,222
106000265,9,102,-93
106000266,96,26,70
106000267,1,70,-69
106000268,413,54,359
106000269,64,25,39
106000270,129,320,-191
106000271,60,154,-94
106000272,159,73,86
106000273,2,225,-223
106000274,147,25,122
106000275,137,222,-85
106000276,152,36,116
106000277,120,181,-61
106000278,161,25,136
106000279,21,44,-23
106000280,44,47,-3
106000281,61,53,8
106000282,59,52,7
106000283,125,50,75
106000284,57,95,-38
106000285,121,79,42
106000286,94,107,-13
106000287,124,38,86
106000288,74,146,-72
106000289,107,51,56
106000290,42,84,-42
106000291,99,68,31
106000292,94,88,6
106000293,142,83,59
106000294,127,93,34
106000295,52,60,-8
106000296,34,79,-45
106000297,59,200,-141
106000298,102,69,33
106000299,65,121,-56
106000300,49,90,-41
106000301,67,97,-30
106000303,39,69,-30
106000304,28,30,-2
106000305,43,65,-22
106000306,35,34,1
106000307,40,33,7
106000308,37,68,-31
106000309,28,40,-12
106000310,291,402,-111
106000311,353,159,194
106000312,124,138,-14
106000313,194,185,9
106000318,88,387,-299
106000319,994,233,761
106000320,1,79,-78
106000321,213,117,96
106000322,225,130,95
106000324,13,139,-126
106000325,1566,779,787
106000326,1008,1313,-305
106000327,242,83,159
106000328,26,114,-88
106000329,59,204,-145
106000330,33,41,-8
106000428,88,183,-95
106000429,167,412,-245
106000430,414,1028,-614
106000431,2165,386,1779
106000432,1540,2232,-692
106000433,2300,1251,1049
106000434,2996,1355,1641
106000435,1243,1976,-733
106000436,15,147,-132
106000437,279,63,216
106000438,189,184,5
106000439,31,401,-370
106000440,218,376,-158
106000441,0,0,0
106000442,140,9,131
106000443,193,183,10
106000450,1,121,-120
106000451,29,45,-16
106000454,0,113,-113
106000455,7,159,-152
106000456,83,24,59
106000457,16,601,-585
106000458,927,74,853
106000459,173,234,-61
106000460,1581,15,1566
106000461,121,687,-566
106000462,5,25,-20
106000463,3,15,-12
106000464,1,269,-268
106000465,728,3,725
106000466,7,347,-340
106000467,234,344,-110
106000468,92,109,-17
106000469,110,0,110
106000470,245,1509,-1264
106000471,13,366,-353
106000472,132,13,119
106000473,39,17,22
106000474,248,352,-104
106000475,298,120,178
106000476,164,204,-40
106000477,39,97,-58
106000480,0,295,-295
106900001,0,11,-11
106900002,1,280,-279
106900003,147,635,-488
106900004,0,18,-18
106900006,0,4,-4
106900007,0,10,-10
106900008,348,145,203
106900009,307,196,111
106900010,228,210,18
106900012,1072,1718,-646
106900013,407,130,277
106900014,19,5,14
106900015,3,1,2
106900016,287,15,272
106900017,3,2,1
106900018,3,0,3
106900019,46,4,42
106900020,1610,1421,189
106900021,118,100,18
106900022,832,3,829
106900023,73,232,-159
106900024,500,53,447
106900025,43,464,-421
106900026,5,335,-330
106900027,650,1,649
107000001,3508,3438,70
107000002,2209,3510,-1301
107000003,5860,5837,23
107000004,3951,3207,744
107000005,4889,5415,-526
107000006,3118,2648,470
107000007,5665,9477,-3812
107000008,8025,5932,2093
107000009,7568,7678,-110
107000010,7551,6957,594
107000011,1087,1159,-72
107000012,3353,2376,977
107000013,126,99,27
107000014,33,226,-193
107000015,471,651,-180
107000016,706,647,59
107000017,1665,1344,321
107000018,24,893,-869
107000020,1123,1234,-111
107000021,1078,412,666
107000022,760,1241,-481
107000023,1696,261,1435
107000024,631,1251,-620
107000025,253,324,-71
107000026,262,405,-143
107000027,1444,908,536
107000028,1256,1054,202
107000029,3270,2620,650
107000030,2359,2269,90
107000031,4236,2260,1976
107000032,466,816,-350
107000033,2575,3400,-825
107000034,2502,1303,1199
107000035,374,254,120
107000036,315,1173,-858
107000037,85,678,-593
107000038,227,238,-11
107000039,846,775,71
107000040,164,276,-112
107000041,1423,718,705
107000042,659,1737,-1078
107000043,2177,1029,1148
107000044,516,301,215
107000045,77,296,-219
107000046,799,383,416
107000047,457,753,-296
107000048,756,266,490
107000049,583,674,-91
107000050,1170,503,667
107000051,302,320,-18
107000052,1243,975,268
107000053,381,254,127
107000054,72,296,-224
107000055,412,180,232
107000056,558,647,-89
107000057,1424,221,1203
107000058,2156,2158,-2
107000059,1739,2633,-894
107000060,4465,4661,-196
107000061,4274,2764,1510
107000062,5046,2757,2289
107000063,3579,3635,-56
107000064,4831,2362,2469
107000065,3018,3363,-345
107000066,2107,2759,-652
107000067,1160,1246,-86
107000068,1293,749,544
107000069,857,533,324
107000070,1294,15,1279
107000071,3611,59,3552
107000072,39,1955,-1916
107000073,926,406,520
107000074,189,725,-536
107000075,1827,582,1245
107000076,575,1090,-515
107000077,3831,1386,2445
107000078,2270,2471,-201
107000079,2807,1139,1668
107000080,955,2225,-1270
107000081,1971,502,1469
107000082,487,1150,-663
107000083,1314,412,902
107000084,325,1223,-898
107000085,2945,3013,-68
107000086,3273,3207,66
107000087,2970,1908,1062
107000088,2773,3079,-306
107000089,1467,1552,-85
107000090,1094,1030,64
107000091,1435,720,715
107000092,867,869,-2
107000093,1291,746,545
107000094,814,979,-165
107000095,758,529,229
107000096,514,597,-83
107000097,719,255,464
107000098,393,421,-28
107000099,365,272,93
107000100,205,228,-23
107000101,83,149,-66
107000102,226,231,-5
107000103,338,171,167
107000104,168,260,-92
107000105,389,128,261
107000106,148,198,-50
107000107,559,178,381
107000108,145,383,-238
107000109,696,158,538
107000110,54,496,-442
107000111,347,48,299
107000112,45,225,-180
107000113,652,120,532
107000114,106,386,-280
107000115,660,155,505
107000116,121,557,-436
107000117,249,645,-396
107000118,177,161,16
107000119,1342,1381,-39
107000120,928,455,473
107000121,1037,570,467
107000122,1130,694,436
107000123,538,486,52
107000124,551,665,-114
107000125,1161,563,598
107000126,941,562,379
107000129,242,547,-305
107000130,702,223,479
107000131,372,485,-113
107000132,558,303,255
107000133,509,77,432
107000134,316,4,312
107000135,7,231,-224
107000136,648,5,643
107000137,14,444,-430
107000138,283,21,262
107000139,15,526,-511
107000140,1179,114,1065
107000141,129,649,-520
107000142,486,118,368
107000143,96,562,-466
107000144,565,475,90
107000145,162,522,-360
107000146,204,366,-162
107000147,4038,1024,3014
107000150,650,2696,-2046
107000151,21,79,-58
107000152,428,1375,-947
107000153,125,278,-153
107000154,192,306,-114
107000155,862,22,840
107000156,1212,19,1193
107000157,46,992,-946
107000158,794,29,765
107000159,31,637,-606
107000160,1135,108,1027
107000161,95,927,-832
107000162,257,467,-210
107000163,311,38,273
107000164,839,4,835
107000165,1194,10,1184
107000166,33,834,-801
107000167,655,197,458
107000168,1168,473,695
107000169,594,719,-125
107000170,2266,644,1622
107000171,544,1250,-706
107000172,1199,1544,-345
107000173,641,665,-24
107000174,1042,4776,-3734
107000175,4807,1245,3562
107000176,3,2,1
107000177,7,0,7
107000178,31,36,-5
107000179,310,1616,-1306
107000180,1468,218,1250
107000181,422,928,-506
107000182,1948,692,1256
107000183,167,593,-426
107000184,1097,596,501
107000185,445,992,-547
107000186,1278,357,921
107000187,1108,1094,14
107000188,636,586,50
107000189,461,832,-371
107000190,589,593,-4
107000191,881,1087,-206
107000192,1644,636,1008
107000193,373,434,-61
107000194,933,548,385
107000197,986,226,760
107000198,398,638,-240
107000199,687,594,93
107000200,606,559,47
107000201,446,301,145
107000202,352,451,-99
107000203,683,1128,-445
107000204,800,1476,-676
107000205,1563,924,639
107000206,814,1463,-649
107000207,629,991,-362
107000208,814,571,243
107000209,1504,1323,181
107000210,562,309,253
107000211,0,50,-50
107000212,12,249,-237
107000213,5,12,-7
107000214,5,138,-133
107000215,390,303,87
107000216,369,264,105
107000217,165,120,45
107000219,85,214,-129
107000220,181,151,30
107000222,244,454,-210
107000224,435,111,324
107000225,159,309,-150
107000226,455,92,363
107000227,85,187,-102
107000228,110,272,-162
107000229,139,85,54
107000230,1024,415,609
107000231,1235,1702,-467
107000232,151,34,117
107000233,904,842,62
107000234,1,55,-54
107000235,75,9,66
107000236,9,343,-334
107000237,31,2,29
107000238,27,1,26
107000239,2570,518,2052
107000240,116,637,-521
107000243,0,11,-11
107000244,2,46,-44
107000246,2,929,-927
107000249,3,986,-983
107000251,0,442,-442
107000252,4,688,-684
107000255,294,107,187
107000257,1,241,-240
107000258,1,92,-91
107000259,3,150,-147
107000260,882,2,880
107000262,8,352,-344
107000263,319,7,312
107000266,7,13,-6
107000267,46,109,-63
107000268,106,97,9
107000269,494,77,417
107000270,2,31,-29
107000271,11,448,-437
107000272,26,91,-65
107000273,5,222,-217
107000274,1130,274,856
107000275,105,1466,-1361
107000280,903,27,876
107000281,24,528,-504
107000282,53,499,-446
107000290,6,31,-25
107000291,11,7,4
107000292,3,82,-79
107000293,35,2,33
107000294,0,41,-41
107000295,11,3,8
107000296,0,13,-13
107000444,266,5,261
107000496,3,15,-12
107000497,1217,1586,-369
107000500,352,239,113
107000501,84,163,-79
107000502,180,271,-91
107000505,287,686,-399
107000506,1,103,-102
107000508,8,384,-376
107000509,252,586,-334
107000510,20,23,-3
107000514,63,450,-387
107000515,15,110,-95
107000516,373,235,138
107000518,1112,1283,-171
107000519,1257,790,467
107000520,70,30,40
107000521,687,319,368
107000522,982,409,573
107900001,79,135,-56
107900002,44,12,32
107900003,475,20,455
107900004,10,0,10
107900005,1268,2,1266
107900006,133,1,132
107900007,289,38,251
107900008,79,12,67
107900009,117,20,97
107900010,54,1,53
107900012,303,52,251
107900013,178,31,147
107900014,33,6,27
107900015,969,17,952
107900016,483,73,410
107900017,11,3,8
107900018,55,166,-111
107900019,18,23,-5
107900020,93,58,35
107900021,86,92,-6
107900023,2,2,0
107900024,0,14,-14
107900025,212,183,29
107900026,56,34,22
107900027,33,50,-17
107900028,99,64,35
107900030,205,30,175
107900031,90,50,40
107900032,35,1,34
107900033,26,4,22
107900034,345,24,321
107900035,828,60,768
107900036,70,33,37
107900037,1,32,-31
107900038,122,202,-80
107900039,39,23,16
107900040,16,126,-110
107900041,3,1,2
107900043,49,86,-37
107900044,7,6,1
107900045,100,54,46
107900046,174,143,31
107900047,37,34,3
107900048,182,15,167
107900049,352,713,-361
107900050,109,238,-129
107900051,116,38,78
107900052,23,27,-4
107900053,56,62,-6
107900055,512,200,312
107900056,141,50,91
107900057,1,0,1
107900058,27,467,-440
107900060,18,56,-38
107900061,19,7,12
107900063,95,141,-46
107900064,245,119,126
107900065,234,12,222
107900066,28,5,23
107900067,1,0,1
107900068,83,665,-582
107900069,30,2006,-1976
107900070,128,44,84
107900071,33,509,-476
107900072,80,86,-6
107900073,116,70,46
107900074,550,288,262
107900076,123,49,74
107900077,81,3,78
107900079,11,9,2
107900080,152,651,-499
107900081,43,95,-52
107900082,18,10,8
107900083,262,191,71
107900084,78,113,-35
107900086,33,138,-105
107900087,476,150,326
107900088,35,10,25
107900089,201,787,-586
107900090,470,1744,-1274
107900091,150,225,-75
107900093,63,39,24
107900095,2645,1971,674
107900097,18,52,-34
107900098,49,154,-105
107900100,759,1211,-452
107900101,713,192,521
107900102,29,6,23
107900103,35,133,-98
107900104,232,8,224
107900105,1,266,-265
107900106,1,653,-652
107900107,888,431,457
107900108,198,107,91
107900109,1602,16,1586
107900110,68,59,9
107900111,4,569,-565
107900112,101,382,-281
107900113,170,55,115
107900114,151,101,50
107900115,1,32,-31
107900116,195,92,103
107900117,218,238,-20
107900118,69,131,-62
107900119,127,203,-76
107900120,44,27,17
107900121,4,101,-97
107900122,4,78,-74
107900123,3,39,-36
107900124,11,32,-21
107900125,40,203,-163
107900126,10,55,-45
107900127,367,265,102
107900128,75,71,4
107900129,58,24,34
107900130,74,7,67
107900131,476,307,169
107900132,99,205,-106
107900133,3,59,-56
107900134,44,118,-74
107900135,3,137,-134
107900136,40,28,12
107900137,84,108,-24
107900138,45,24,21
107900139,34,12,22
107900141,34,39,-5
107900142,57,529,-472
107900143,43,21,22
107900144,0,111,-111
107900145,4,59,-55
107900146,44,111,-67
107900147,43,35,8
107900148,124,71,53
107900149,643,162,481
107900150,68,440,-372
107900151,47,89,-42
107900152,9,96,-87
107900153,117,283,-166
107900154,50,34,16
107900155,71,39,32
107900156,1,249,-248
107900157,53,58,-5
107900158,828,26,802
107900159,20,527,-507
107900160,157,182,-25
107900161,28,110,-82
107900162,1,37,-36
107900163,41,44,-3
107900164,5,45,-40
107900165,24,97,-73
107900166,22,147,-125
107900167,20,46,-26
107900168,49,29,20
107900169,0,141,-141
107900171,5,694,-689
107900172,0,216,-216
107900173,20,108,-88
107900174,175,10,165
107900175,17,47,-30
107900176,49,28,21
107900177,1,92,-91
107900178,0,115,-115
107900179,15,109,-94
107900180,381,556,-175
107900181,238,202,36
107900182,5,716,-711
107900183,46,138,-92
107900184,79,180,-101
107900185,169,2,167
107900186,23,39,-16
107900187,0,110,-110
107900188,393,130,263
107900189,25,95,-70
107900190,45,111,-66
107900191,66,102,-36
107900193,0,31,-31
107900194,195,33,162
107900195,1629,289,1340
107900196,66,78,-12
107900197,439,382,57
107900199,1,745,-744
107900201,100,60,40
107900203,29,52,-23
107900204,219,157,62
107900206,559,369,190
107900207,3,430,-427
107900208,4,460,-456
107900209,271,125,146
107900210,105,84,21
107900213,456,335,121
107900214,12,60,-48
107900215,100,270,-170
107900216,130,44,86
107900217,23,79,-56
107900218,24,1036,-1012
107900219,28,35,-7
107900220,222,208,14
107900221,85,168,-83
107900223,101,335,-234
107900224,99,256,-157
107900225,9,413,-404
107900226,71,72,-1
107900227,116,289,-173
107900228,20,64,-44
107900229,0,152,-152
107900230,15,64,-49
107900231,21,154,-133
107900232,77,107,-30
107900233,12,96,-84
107900234,92,57,35
107900235,25,79,-54
107900236,113,63,50
107900237,62,295,-233
107900238,31,78,-47
107900239,576,379,197
107900240,28,82,-54
107900241,14,56,-42
107900242,36,143,-107
107900243,5,49,-44
107900244,264,3,261
107900245,814,44,770
107900246,177,20,157
107900248,182,204,-22
107900249,685,45,640
107900250,1,315,-314
107900251,71,1004,-933
107900252,785,17,768
107900253,196,6,190
107900254,50,129,-79
107900255,153,89,64
107900256,528,855,-327
107900257,182,126,56
107900258,73,214,-141
107900259,68,1970,-1902
107900261,1,155,-154
107900262,36,67,-31
107900264,204,4,200
107900265,153,128,25
107900267,229,15,214
107900268,20,4,16
107900269,1,3,-2
107900270,0,0,0
107900271,9,27,-18
107900272,60,24,36
107900273,50,92,-42
107900274,155,0,155
107900275,28,0,28
107900276,0,86,-86
107900277,1,144,-143
107900278,327,350,-23
107900279,88,176,-88
107900280,1930,1405,525
107900281,800,2766,-1966
107900282,40,363,-323
107900283,725,535,190
107900284,516,468,48
107900285,105,56,49
107900286,107,91,16
107900287,184,158,26
107900290,0,144,-144
107900291,585,26,559
107900292,116,135,-19
107900293,68,348,-280
107900295,55,35,20
107900297,1,261,-260
107900298,674,585,89
107900299,1888,2019,-131
107900301,418,630,-212
107900302,65,32,33
107900303,189,242,-53
107900304,344,310,34
107900305,301,9,292
107900306,9,25,-16
107900307,32,198,-166
107900308,176,127,49
107900309,87,1,86
107900310,327,0,327
107900311,3,434,-431
107900312,45,0,45
107900313,0,157,-157
107900314,2,36,-34
107900315,4,37,-33
107900316,38,1,37
107900317,77,19,58
107900318,13,112,-99
107900319,1,117,-116
107900320,0,81,-81
107900321,136,11,125
107900322,3,85,-82
107900323,8,100,-92
107900324,143,4,139
107900325,112,0,112
107900326,375,188,187
107900327,0,91,-91
107900328,63,1,62
107900329,67,98,-31
107900330,3,229,-226
107900331,247,17,230
107900332,287,28,259
107900333,70,19,51
107900334,12,118,-106
107900335,54,27,27
107900336,24,65,-41
107900337,731,752,-21
107900338,3,168,-165
107900339,0,17,-17
107900340,0,51,-51
107900341,59,1,58
107900342,105,65,40
107900343,33,2,31
107900344,6,37,-31
107900345,108,30,78
107900346,30,5,25
107900347,32,4,28
107900348,4,2,2
107900349,33,8,25
107900350,19,190,-171
107900351,6,135,-129
107900352,3,15,-12
107900353,14,9,5
107900354,9,36,-27
108000001,2971,3503,-532
108000002,1791,1984,-193
108000003,3269,3600,-331
108000004,10043,12181,-2138
108000005,8178,6449,1729
108000006,7315,6206,1109
108000007,5085,4176,909
108000008,4070,5013,-943
108000009,3848,4900,-1052
108000010,3428,3699,-271
108000011,11541,11497,44
108000012,13560,12236,1324
108000014,956,804,152
108000015,939,287,652
108000016,361,804,-443
108000017,1096,429,667
108000018,1824,650,1174
108000019,1683,901,782
108000020,1415,487,928
108000021,343,1566,-1223
108000022,393,1202,-809
108000023,1257,210,1047
108000024,441,415,26
108000025,369,315,54
108000026,887,337,550
108000027,752,607,145
108000028,893,230,663
108000029,606,670,-64
108000030,604,171,433
108000031,193,550,-357
108000032,1787,603,1184
108000033,737,815,-78
108000034,1712,467,1245
108000035,592,1681,-1089
108000036,436,820,-384
108000037,1810,367,1443
108000038,2707,482,2225
108000039,439,1463,-1024
108000040,1815,852,963
108000041,623,1649,-1026
108000042,270,188,82
108000043,190,199,-9
108000044,570,172,398
108000045,379,326,53
108000046,1621,271,1350
108000047,355,657,-302
108000048,188,284,-96
108000049,926,241,685
108000050,136,451,-315
108000051,384,114,270
108000052,173,457,-284
108000053,445,191,254
108000054,406,703,-297
108000055,1049,475,574
108000056,1020,1146,-126
108000057,571,1222,-651
108000058,1795,3624,-1829
108000059,2706,1706,1000
108000060,270,694,-424
108000061,385,459,-74
108000062,876,544,332
108000063,427,354,73
108000064,236,215,21
108000065,538,420,118
108000066,1293,691,602
108000067,1918,635,1283
108000068,715,375,340
108000069,252,766,-514
108000070,1893,773,1120
108000071,661,1147,-486
108000072,2004,1051,953
108000073,1153,1320,-167
108000074,621,349,272
108000075,251,609,-358
108000076,885,581,304
108000077,551,522,29
108000078,2452,1175,1277
108000079,767,1130,-363
108000080,1308,420,888
108000081,520,1126,-606
108000082,872,1413,-541
108000083,1878,1022,856
108000084,386,865,-479
108000085,772,447,325
108000086,858,561,297
108000087,180,1948,-1768
108000088,725,164,561
108000089,286,279,7
108000091,241,364,-123
108000092,193,70,123
108000093,199,357,-158
108000094,562,85,477
108000095,187,221,-34
108000096,312,128,184
108000097,138,293,-155
108000098,1693,1064,629
108000099,1090,304,786
108000100,155,434,-279
108000101,1192,1348,-156
108000102,1731,3344,-1613
108000106,781,1,780
108000107,2,824,-822
108000108,850,50,800
108000109,8,835,-827
108000110,215,303,-88
108000111,182,405,-223
108000112,61,146,-85
108000113,424,179,245
108000115,306,217,89
108000117,573,296,277
108000118,499,1827,-1328
108000119,578,288,290
108000120,151,684,-533
108000121,212,344,-132
108000122,610,316,294
108000123,583,177,406
108000124,265,373,-108
108000125,318,198,120
108000126,179,302,-123
108000127,519,235,284
108000128,587,413,174
108000129,370,779,-409
108000130,483,157,326
108000131,901,504,397
108000132,1660,1077,583
108000133,884,419,465
108000134,493,407,86
108000135,1069,394,675
108000136,256,582,-326
108000137,490,221,269
108000138,396,679,-283
108000139,524,277,247
108000140,156,23,133
108000141,36,49,-13
108000142,56,57,-1
108000143,30,278,-248
108000144,488,62,426
108000145,44,11,33
108000146,649,60,589
108000147,33,19,14
108000148,570,53,517
108000149,24,10,14
108000150,43,14,29
108000151,207,85,122
108000152,101,390,-289
108000153,576,165,411
108000154,80,11,69
108000155,29,17,12
108000156,705,383,322
108000157,156,1021,-865
108000158,101,766,-665
108000159,364,179,185
108000160,1982,1123,859
108000161,1723,2209,-486
108000165,6,148,-142
108000172,5,271,-266
108000173,1244,1924,-680
108000175,554,159,395
108000178,379,333,46
108000179,204,844,-640
108000181,74,33,41
108000182,226,85,141
108000183,56,510,-454
108000184,787,2058,-1271
108000185,203,288,-85
108000186,404,327,77
108000187,111,373,-262
108000188,679,203,476
108000189,1513,8231,-6718
108000190,36,133,-97
108000192,203,430,-227
108000193,647,45,602
108000194,36,12,24
108000195,0,769,-769
108000196,168,190,-22
108000198,714,290,424
108000199,1,279,-278
108000200,426,372,54
108000203,113,394,-281
108000204,166,76,90
108000205,184,279,-95
108000339,1045,348,697
108000364,234,593,-359
108000365,73,303,-230
108000367,306,302,4
108000368,13,54,-41
108000369,514,260,254
108000371,12,541,-529
108000372,780,12,768
108000373,227,164,63
108000376,107,35,72
108000377,521,202,319
108000378,8598,9517,-919
108000379,35,193,-158
108000381,65,11,54
108000382,218,21,197
108000383,0,221,-221
108900001,60,867,-807
108900002,173,35,138
108900003,239,471,-232
108900004,1087,467,620
108900007,308,164,144
108900008,129,140,-11
108900009,93,103,-10
108900010,288,144,144
108900011,585,335,250
108900012,399,386,13
108900013,166,229,-63
108900014,25,106,-81
108900015,0,125,-125
108900016,5,245,-240
108900017,208,391,-183
108900018,142,288,-146
108900019,41,381,-340
108900020,55,140,-85
108900021,133,175,-42
108900022,130,6,124
108900023,28,28,0
108900024,48,83,-35
108900025,158,80,78
108900026,23,108,-85
108900027,2,45,-43
108900028,104,263,-159
108900029,62,156,-94
108900030,0,71,-71
108900031,127,312,-185
108900032,4,129,-125
108900033,1,77,-76
108900034,0,172,-172
108900035,330,865,-535
108900038,0,224,-224
108900039,1,308,-307
108900040,5,72,-67
108900041,3618,2947,671
108900042,11,361,-350
108900043,81,343,-262
108900044,2,306,-304
108900045,79,329,-250
108900046,42,419,-377
108900047,0,117,-117
108900048,109,636,-527
108900049,1929,1266,663
108900050,1,145,-144
108900051,1,143,-142
108900052,30,157,-127
108900053,68,159,-91
108900054,82,145,-63
108900055,38,308,-270
108900056,3,111,-108
108900057,1,112,-111
108900058,53,233,-180
108900059,478,34,444
108900060,79,139,-60
108900061,95,24,71
108900062,5,187,-182
108900063,13,178,-165
108900064,255,39,216
108900065,21,145,-124
108900066,475,94,381
108900067,14,114,-100
108900068,4,109,-105
108900069,56,81,-25
108900070,23,48,-25
108900071,94,48,46
108900072,1285,468,817
108900073,21,178,-157
108900074,256,204,52
108900075,45,31,14
108900076,338,47,291
108900077,160,308,-148
108900078,51,99,-48
108900079,607,179,428
108900080,22,661,-639
108900081,50,159,-109
108900082,91,96,-5
108900083,19,218,-199
108900085,1568,152,1416
108900086,158,145,13
108900087,100,152,-52
108900088,894,351,543
108900089,22,161,-139
108900090,72,217,-145
108900091,78,49,29
108900092,506,261,245
108900093,119,93,26
108900094,220,80,140
108900095,24,240,-216
108900096,257,16,241
108900097,291,160,131
108900098,1545,590,955
108900099,449,177,272
108900100,80,102,-22
108900101,214,175,39
108900102,76,926,-850
108900103,120,177,-57
108900105,12,1235,-1223
108900106,505,222,283
108900108,310,53,257
108900109,387,81,306
108900110,230,250,-20
108900111,528,358,170
108900113,51,80,-29
108900114,55,7,48
108900115,55,49,6
108900116,47,11,36
108900117,214,14,200
108900118,574,40,534
108900119,343,24,319
108900120,234,204,30
108900121,282,103,179
108900122,200,17,183
108900123,149,102,47
108900124,484,163,321
108900125,446,4,442
108900126,104,26,78
108900127,188,15,173
108900128,125,33,92
108900129,783,171,612
108900130,403,2,401
108900131,375,8,367
108900132,507,44,463
108900133,273,88,185
108900134,386,185,201
108900135,174,6,168
108900136,49,0,49
108900137,146,4,142
108900138,893,98,795
108900140,366,172,194
108900141,375,33,342
108900142,132,3,129
108900143,82,1,81
108900144,115,1,114
108900145,227,5,222
108900146,84,0,84
108900147,351,1,350
108900148,66,25,41
108900150,229,3,226
108900151,125,11,114
108900152,313,11,302
108900153,241,233,8
108900154,4503,568,3935
108900156,67,16,51
108900157,70,370,-300
108900158,443,102,341
108900159,4,133,-129
108900160,10,230,-220
108900161,3,280,-277
108900162,133,2,131
108900163,11,240,-229
108900164,77,75,2
108900168,5176,2190,2986
108900169,60,91,-31
108900171,3849,2707,1142
108900172,190,60,130
108900173,145,231,-86
108900174,965,560,405
108900176,126,305,-179
108900177,3337,4740,-1403
108900178,2562,3426,-864
108900180,124,272,-148
108900183,155,164,-9
108900184,383,174,209
108900185,73,279,-206
108900186,52,311,-259
108900189,340,101,239
108900190,42,1724,-1682
108900192,80,208,-128
108900195,97,208,-111
108900196,35,241,-206
108900199,239,305,-66
108900200,549,303,246
108900201,357,1044,-687
108900203,510,144,366
108900204,347,20,327
108900205,135,46,89
108900206,462,64,398
108900207,193,76,117
108900208,15,275,-260
108900209,212,478,-266
108900210,131,128,3
108900211,183,524,-341
108900212,462,1295,-833
108900215,58,331,-273
108900216,464,230,234
108900217,89,0,89
108900218,107,24,83
108900221,48,199,-151
108900224,18,135,-117
108900225,2,169,-167
108900227,127,318,-191
108900230,187,179,8
108900232,3,180,-177
108900233,325,63,262
108900234,326,123,203
108900235,152,405,-253
108900236,27,225,-198
108900240,117,132,-15
108900241,28,33,-5
108900245,8,1330,-1322
108900250,270,87,183
108900258,13,147,-134
108900259,94,49,45
108900260,12,60,-48
108900261,73,98,-25
108900262,120,108,12
108900263,31,124,-93
108900264,577,272,305
108900265,631,402,229
108900266,636,632,4
108900267,6,100,-94
108900268,3,4,-1
108900269,108,20,88
108900270,91,5,86
108900271,50,9,41
108900272,218,17,201
108900273,667,907,-240
108900274,113,75,38
109000001,2317,1626,691
109000002,1247,1916,-669
109000003,2514,458,2056
109000004,489,1838,-1349
109000005,2297,566,1731
109000006,695,1814,-1119
109000007,1505,523,982
109000008,516,1357,-841
109000009,3548,1164,2384
109000010,1210,2776,-1566
109000011,3174,1794,1380
109000012,1608,2342,-734
109000013,3419,2609,810
109000014,1679,2167,-488
109000015,3706,6739,-3033
109000016,4660,2898,1762
109000017,2478,1246,1232
109000018,792,2251,-1459
109000019,2633,1337,1296
109000020,1055,1556,-501
109000023,252,37,215
109000024,6,181,-175
109000025,319,386,-67
109000026,628,256,372
109000027,78,304,-226
109000028,124,54,70
109000029,122,190,-68
109000030,73,444,-371
109000031,199,154,45
109000032,128,415,-287
109000033,338,207,131
109000034,53,51,2
109000035,24,63,-39
109000036,63,244,-181
109000037,254,1217,-963
109000038,391,296,95
109000039,876,679,197
109000040,3074,8519,-5445
109000041,1795,1631,164
109000042,514,1032,-518
109000044,419,71,348
109000045,114,264,-150
109000046,356,90,266
109000047,96,359,-263
109000048,748,216,532
109000049,212,481,-269
109000050,305,176,129
109000051,279,224,55
109000052,448,562,-114
109000053,172,67,105
109000054,69,265,-196
109000055,156,189,-33
109000056,361,242,119
109000057,583,415,168
109000058,787,191,596
109000059,708,1513,-805
109000060,415,389,26
109000061,745,909,-164
109000062,126,306,-180
109000063,206,131,75
109000064,196,129,67
109000065,158,133,25
109000066,300,50,250
109000067,58,198,-140
109000068,2695,12,2683
109000069,796,19,777
109000070,11,1781,-1770
109000071,354,85,269
109000072,78,249,-171
109000073,64,79,-15
109000074,34,131,-97
109000075,68,317,-249
109000076,150,254,-104
109000077,297,200,97
109000078,85,146,-61
109000079,179,107,72
109000080,247,107,140
109000081,161,353,-192
109000082,768,233,535
109000083,342,444,-102
109000088,113,337,-224
109000089,271,78,193
109000090,106,303,-197
109000091,370,222,148
109000092,334,327,7
109000093,220,207,13
109000094,549,0,549
109000095,83,321,-238
109000096,695,248,447
109000097,89,88,1
109000098,56,168,-112
109000099,1080,301,779
109000100,301,663,-362
109000101,1639,519,1120
109000102,345,616,-271
109000103,419,543,-124
109000104,1890,412,1478
109000105,495,758,-263
109000106,1944,701,1243
109000107,568,1364,-796
109000108,1870,548,1322
109000109,519,1190,-671
109000110,1273,479,794
109000111,873,1312,-439
109000112,310,94,216
109000113,372,129,243
109000114,115,271,-156
109000115,1033,107,926
109000116,21,191,-170
109000117,266,79,187
109000118,10,220,-210
109000119,1161,183,978
109000120,214,487,-273
109000121,472,30,442
109000122,133,368,-235
109000123,37,39,-2
109000124,640,303,337
109000125,736,256,480
109000126,388,499,-111
109000127,940,161,779
109000128,448,942,-494
109000129,2108,715,1393
109000130,476,1079,-603
109000131,715,493,222
109000132,576,1307,-731
109000133,242,717,-475
109000134,668,1099,-431
109000135,957,1439,-482
109000136,243,268,-25
109000137,322,315,7
109000138,409,186,223
109000139,484,328,156
109000140,129,271,-142
109000141,437,337,100
109000142,170,370,-200
109000143,89,75,14
109000145,129,346,-217
109000146,94,93,1
109000148,2284,1136,1148
109000149,19,73,-54
109000150,92,283,-191
109000155,752,553,199
109000156,931,513,418
109000158,98,228,-130
109000159,99,402,-303
109000160,944,213,731
109000161,315,710,-395
109000162,1827,557,1270
109000163,1070,1182,-112
109000164,1285,1833,-548
109000165,1356,437,919
109000166,689,93,596
109000167,91,344,-253
109000170,32,40,-8
109000171,56,47,9
109000172,31,66,-35
109000173,29,118,-89
109000174,102,46,56
109000175,57,68,-11
109000176,289,158,131
109000177,35,99,-64
109000178,695,237,458
109000179,3063,4248,-1185
109000180,3813,3196,617
109000181,9,24,-15
109000182,32,24,8
109000183,30,12,18
109000184,36,13,23
109000185,36,40,-4
109000188,379,1182,-803
109000189,1952,678,1274
109000190,548,430,118
109000191,322,279,43
109000192,478,172,306
109000193,180,230,-50
109000194,249,79,170
109000195,119,217,-98
109000196,320,101,219
109000197,206,214,-8
109000198,406,61,345
109000199,134,347,-213
109000206,210,20,190
109000207,110,20,90
109000208,78,60,18
109000209,120,100,20
109000210,209,340,-131
109000211,590,324,266
109000214,445,244,201
109000215,165,58,107
109000216,277,279,-2
109000217,153,106,47
109000218,279,168,111
109000221,462,744,-282
109000222,925,268,657
109000223,323,266,57
109000224,59,103,-44
109000225,86,28,58
109000226,45,124,-79
109000227,962,687,275
109000228,7,1783,-1776
109000231,0,164,-164
109000232,441,233,208
109000236,265,690,-425
109000241,2099,1542,557
109000242,1818,1004,814
109000293,37,55,-18
109000361,147,194,-47
109000364,124,367,-243
109000396,9,385,-376
109000397,595,13,582
109000399,128,341,-213
109000400,79,190,-111
109000403,110,858,-748
109000406,354,15,339
109000407,257,146,111
109000408,1,342,-341
109000410,978,278,700
109000411,257,19,238
109900001,121,0,121
109900002,636,24,612
109900003,307,1,306
109900004,733,105,628
109900005,40,2,38
109900006,437,107,330
109900007,898,354,544
109900008,0,26,-26
109900009,96,303,-207
109900010,530,27,503
109900011,106,43,63
109900012,250,158,92
109900013,369,127,242
109900014,386,59,327
109900015,319,186,133
109900016,141,15,126
109900017,183,276,-93
109900018,212,41,171
109900019,308,46,262
109900020,50,64,-14
109900021,36,25,11
109900022,153,183,-30
109900023,21,4,17
109900024,40,2,38
109900025,29,40,-11
109900026,6,106,-100
109900027,37,36,1
109900028,858,1028,-170
109900029,0,169,-169
109900030,62,16,46
109900031,0,101,-101
109900032,9,216,-207
109900033,5,426,-421
109900034,59,5,54
109900035,21,22,-1
109900036,8,33,-25
109900037,31,348,-317
109900038,108,196,-88
109900039,14,0,14
109900040,37,370,-333
109900041,64,249,-185
109900042,18,428,-410
109900044,79,185,-106
109900045,272,191,81
109900046,87,72,15
109900047,263,229,34
109900048,17,78,-61
109900049,21,28,-7
109900050,0,87,-87
109900051,0,31,-31
109900052,56,221,-165
109900053,0,181,-181
109900054,641,180,461
109900055,58,180,-122
109900056,29,186,-157
109900057,1,103,-102
109900058,1,86,-85
109900059,726,94,632
109900060,443,73,370
109900061,50,184,-134
109900062,1,93,-92
109900063,8,359,-351
109900064,499,210,289
109900065,63,87,-24
109900066,347,575,-228
109900067,2,166,-164
109900068,69,4,65
109900069,0,26,-26
109900070,27,216,-189
109900071,1,41,-40
109900072,22,128,-106
109900073,280,292,-12
109900074,19,22,-3
109900075,26,21,5
109900076,31,215,-184
109900077,57,39,18
109900078,75,133,-58
109900080,88,223,-135
109900081,47,248,-201
109900082,27,255,-228
109900083,18,54,-36
109900084,64,114,-50
109900085,173,419,-246
109900086,147,352,-205
109900087,241,341,-100
109900089,596,266,330
109900090,418,726,-308
109900091,364,67,297
109900092,301,18,283
109900093,980,138,842
109900094,103,119,-16
109900095,126,146,-20
109900096,20,5,15
109900097,90,0,90
109900098,483,38,445
109900099,203,0,203
109900100,58,0,58
109900101,555,13,542
109900102,522,26,496
109900103,26,37,-11
109900104,618,508,110
109900105,592,28,564
109900106,248,51,197
109900107,535,72,463
109900108,87,184,-97
109900109,18,92,-74
109900110,61,256,-195
109900111,230,541,-311
109900112,253,334,-81
109900113,809,428,381
109900114,508,1171,-663
109900115,180,78,102
109900117,910,98,812
109900118,145,269,-124
109900119,467,292,175
109900120,54,32,22
109900121,290,435,-145
109900122,511,8,503
109900123,23,116,-93
109900124,32,306,-274
109900125,0,102,-102
109900126,286,71,215
109900128,278,35,243
109900130,4119,1919,2200
109900131,34,91,-57
109900132,31,91,-60
109900133,91,182,-91
109900134,58,86,-28
109900135,300,85,215
109900136,33,114,-81
109900137,151,231,-80
109900140,186,118,68
109900142,1230,177,1053
109900145,3,544,-541
109900146,387,25,362
109900148,47,55,-8
109900149,74,57,17
109900150,15,86,-71
109900151,19,50,-31
109900152,1,44,-43
109900153,1,68,-67
109900154,42,0,42
109900155,77,23,54
109900157,44,133,-89
109900158,38,115,-77
109900159,109,28,81
109900160,165,52,113
109900161,214,71,143
109900162,179,124,55
109900163,447,172,275
109900164,83,258,-175
109900165,192,10,182
109900166,1,105,-104
109900167,174,295,-121
109900168,180,459,-279
109900169,226,181,45
109900170,190,807,-617
109900171,153,98,55
109900172,180,209,-29
109900173,1817,2217,-400
109900174,42,71,-29
109900175,46,54,-8
109900176,124,105,19
109900177,40,121,-81
109900178,11,134,-123
109900179,53,9,44
109900180,15,12,3
110000001,837,451,386
110000002,555,658,-103
110000003,828,667,161
110000004,447,668,-221
110000005,321,1485,-1164
110000006,286,327,-41
110000007,148,118,30
110000008,26,67,-41
110000009,39,11,28
110000010,38,72,-34
110000011,44,53,-9
110000012,597,276,321
110000013,43,516,-473
110000014,524,385,139
110000015,200,520,-320
110000016,168,1443,-1275
110000017,2197,252,1945
110000018,1812,338,1474
110000019,19,93,-74
110000020,503,227,276
110000021,336,373,-37
110000022,732,122,610
110000023,7,129,-122
110000024,561,332,229
110000025,328,3,325
110000026,12,211,-199
110000027,543,879,-336
110000028,847,538,309
110000029,501,557,-56
110000030,254,282,-28
110000031,305,356,-51
110000032,685,297,388
110000033,265,95,170
110000034,400,552,-152
110000035,702,397,305
110000036,727,484,243
110000037,200,323,-123
110000038,192,551,-359
110000039,696,2499,-1803
110000040,277,315,-38
110000041,279,1326,-1047
110000042,90,334,-244
110000043,642,280,362
110000044,73,382,-309
110000045,410,103,307
110000046,10,34,-24
110000047,151,40,111
110000048,15,41,-26
110000049,51,17,34
110000050,9,32,-23
110000051,37,9,28
110000052,38,49,-11
110000053,67,5,62
110000054,113,357,-244
110000055,366,69,297
110000056,183,93,90
110000057,389,529,-140
110000058,981,357,624
110000059,937,454,483
110000060,774,849,-75
110000061,763,691,72
110000062,579,777,-198
110000063,41,91,-50
110000064,67,61,6
110000065,79,52,27
110000066,105,24,81
110000067,85,130,-45
110000068,340,127,213
110000069,290,59,231
110000071,142,70,72
110000073,14,5,9
110000075,14,62,-48
110000076,262,248,14
110000077,311,575,-264
110000078,34,27,7
110000080,231,481,-250
110000081,58,175,-117
110000082,46,345,-299
110000083,215,456,-241
110000084,1287,883,404
110000085,1347,1351,-4
110000086,1318,2204,-886
110000087,15,52,-37
110000088,84,181,-97
110000089,251,75,176
110000090,87,129,-42
110000091,758,193,565
110000092,6,47,-41
110000093,40,16,24
110000094,366,157,209
110000095,205,496,-291
110000096,1502,1749,-247
110000097,1062,1181,-119
110000098,2159,544,1615
110000099,734,1331,-597
110000100,899,354,545
110000101,33,222,-189
110000102,101,38,63
110000104,329,110,219
110000105,68,212,-144
110000106,601,424,177
110000107,250,351,-101
110000108,126,100,26
110000109,252,206,46
110000110,2200,4583,-2383
110000111,4329,2607,1722
110000112,880,1174,-294
110000113,265,2069,-1804
110000114,164,545,-381
110000115,261,264,-3
110000116,49,44,5
110000117,179,224,-45
110000118,475,101,374
110000119,195,218,-23
110000120,294,132,162
110000121,44,250,-206
110000122,348,459,-111
110000123,472,657,-185
110000124,4,643,-639
110000125,1108,10,1098
110000126,297,30,267
110000127,1043,80,963
110000128,29,864,-835
110000129,2,485,-483
110000130,349,185,164
110000131,84,291,-207
110000132,0,504,-504
110000133,38,328,-290
110000134,16,305,-289
110000135,176,34,142
110000136,108,227,-119
110000137,556,466,90
110000138,728,562,166
110000139,926,765,161
110000140,1018,598,420
110000143,481,271,210
110000144,4588,1777,2811
110000145,1497,1215,282
110000146,1150,663,487
110000147,420,570,-150
110000148,479,164,315
110000151,685,881,-196
110000152,719,420,299
110000153,75,31,44
110000154,7,21,-14
110000155,1015,3913,-2898
110000156,883,2314,-1431
110000157,1071,2219,-1148
110000160,366,215,151
110000161,181,164,17
110000166,630,72,558
110000167,960,476,484
110000168,984,484,500
110000169,839,395,444
110000170,104,46,58
110000171,564,117,447
110000172,181,586,-405
110000173,862,858,4
110000174,141,598,-457
110000175,745,48,697
110000176,76,311,-235
110000177,215,768,-553
110000178,399,1419,-1020
110000179,878,263,615
110000180,216,251,-35
110000181,468,385,83
110000182,244,111,133
110000183,6031,5679,352
110000184,279,2054,-1775
110000185,707,563,144
110000186,760,638,122
110000191,1115,262,853
110000192,671,25,646
110000193,1409,24,1385
110000194,16,789,-773
110000195,481,202,279
110000196,385,285,100
110000197,98,94,4
110000198,99,59,40
110000199,85,105,-20
110000200,863,352,511
110000201,722,983,-261
110000202,1242,614,628
110000203,553,466,87
110000204,6,151,-145
110000205,110,54,56
110000206,526,801,-275
110000207,1090,342,748
110000208,189,163,26
110000209,120,621,-501
110000210,1270,325,945
110000211,725,437,288
110000212,390,829,-439
110000213,224,62,162
110000214,269,81,188
110000215,173,238,-65
110000216,97,196,-99
110000217,330,117,213
110000218,173,227,-54
110000219,309,70,239
110000220,75,162,-87
110000221,297,69,228
110000222,79,149,-70
110000223,5,141,-136
110000224,43,15,28
110000225,259,540,-281
110000226,241,48,193
110000227,619,622,-3
110000228,294,108,186
110000229,1,198,-197
110000230,483,478,5
110000231,211,187,24
110000232,175,175,0
110000233,141,170,-29
110000234,602,629,-27
110000235,776,837,-61
110000236,514,577,-63
110000237,1778,1068,710
110000238,1075,1185,-110
110000239,1838,977,861
110000240,0,59,-59
110000242,0,12,-12
110000243,137,107,30
110000244,127,314,-187
110000245,49,336,-287
110000246,693,350,343
110000247,960,4020,-3060
110000248,1739,1469,270
110000249,84,14,70
110000250,26,156,-130
110000251,303,405,-102
110000252,209,109,100
110000253,1298,561,737
110000254,511,896,-385
110000255,181,733,-552
110000256,437,254,183
110000257,615,417,198
110000258,5,283,-278
110000259,131,11,120
110000260,15,162,-147
110000263,502,87,415
110000264,292,329,-37
110000265,822,1673,-851
110000266,1617,2706,-1089
110000267,28,148,-120
110000268,309,410,-101
110000269,2,56,-54
110000270,73,3,70
110000271,1048,238,810
110000272,1015,944,71
110000273,2489,1424,1065
110000274,156,1438,-1282
110000275,1343,430,913
110000276,247,280,-33
110000277,299,269,30
110000278,249,549,-300
110000279,753,644,109
110000280,413,318,95
110000281,48,338,-290
110000282,216,29,187
110000283,68,113,-45
110000284,44,39,5
110000285,6,603,-597
110000286,25,1,24
110000287,80,1,79
110000288,3,81,-78
110000289,427,1787,-1360
110000290,618,526,92
110000291,3826,1218,2608
110000292,1140,4043,-2903
110000293,527,558,-31
110000294,957,918,39
110000295,175,616,-441
110000296,414,283,131
110000297,2234,343,1891
110000298,218,497,-279
110000299,336,62,274
110000301,296,21,275
110000302,409,551,-142
110000303,453,6,447
110000304,175,158,17
110000305,1158,24,1134
110000306,203,918,-715
110000307,1543,6,1537
110000308,587,11,576
110000309,5,587,-582
110000310,696,41,655
110000311,16,550,-534
110000312,471,93,378
110000313,2103,2965,-862
110000314,2,182,-180
110000315,2479,2754,-275
110000316,515,1210,-695
110000317,224,603,-379
110000318,5,57,-52
110000319,15,32,-17
110000320,30,26,4
110000321,16,31,-15
110000322,255,249,6
110000323,339,97,242
110000324,2605,1779,826
110000325,1844,2594,-750
110000327,353,247,106
110000328,161,330,-169
110000333,629,639,-10
110000334,692,1077,-385
110000335,850,423,427
110000336,614,849,-235
110000337,1300,482,818
110000338,447,147,300
110000339,272,192,80
110000340,46,125,-79
110000341,446,419,27
110000342,332,3,329
110000343,0,10,-10
110000344,52,260,-208
110000345,95,147,-52
110000346,2041,1929,112
110000347,1032,583,449
110000348,15,19,-4
110000349,7,16,-9
110000350,45,8,37
110000351,984,562,422
110000352,663,1369,-706
110000353,1945,550,1395
110000354,874,2563,-1689
110000355,134,70,64
110000356,568,11,557
110000357,343,5,338
110000361,18,40,-22
110000362,78,5,73
110000363,557,80,477
110000364,216,240,-24
110000365,139,1,138
110000366,0,102,-102
110000367,339,126,213
110000368,2,63,-61
110000369,49,1,48
110000373,4,231,-227
110000374,69,19,50
110000375,124,844,-720
110000376,29,99,-70
110000377,77,470,-393
110000378,26,295,-269
110000379,2003,1621,382
110000380,60,3,57
110000383,5,1020,-1015
110000384,1234,822,412
110000385,1,159,-158
110000387,69,9,60
110000388,24,172,-148
110000389,942,7,935
110000391,770,219,551
110000396,163,123,40
110000397,152,101,51
110000398,4,29,-25
110000399,124,0,124
110000587,90,61,29
110000589,192,134,58
110000640,144,37,107
110000652,12,196,-184
110000653,317,349,-32
110000654,184,521,-337
110000656,0,490,-490
110000674,24,25,-1
110000675,8,18,-10
110000676,7,31,-24
110000679,261,1271,-1010
110000682,95,174,-79
110000683,238,459,-221
110000684,4,37,-33
110000685,4,9,-5
110000686,4,32,-28
110000687,22,2,20
110000688,49,850,-801
110000689,41,27,14
110000692,36,131,-95
110000693,43,264,-221
110000694,1,183,-182
110000695,118,432,-314
110000696,81,60,21
110900001,270,20,250
110900002,273,118,155
110900003,850,381,469
110900004,471,116,355
110900005,1744,1993,-249
110900006,59,12,47
110900007,137,38,99
110900008,19,53,-34
110900009,408,130,278
110900010,8,63,-55
110900011,28,43,-15
110900012,11,60,-49
110900013,1010,93,917
110900014,200,7,193
110900015,363,627,-264
110900016,42,100,-58
110900017,452,25,427
110900018,365,46,319
110900019,192,13,179
110900020,106,121,-15
110900021,71,377,-306
110900022,71,167,-96
110900023,73,348,-275
110900024,21,215,-194
110900025,6,43,-37
110900027,43,166,-123
110900028,46,114,-68
110900029,23,211,-188
110900030,44,167,-123
110900031,1,143,-142
110900032,0,65,-65
110900033,40,127,-87
110900035,12,429,-417
110900036,85,10,75
110900037,78,10,68
110900038,643,175,468
110900039,14,237,-223
110900040,171,23,148
110900041,9,67,-58
110900042,199,55,144
110900043,2,72,-70
110900044,199,12,187
110900045,72,238,-166
110900046,24,141,-117
110900047,315,280,35
110900049,75,61,14
110900050,14,8,6
110900051,23,159,-136
110900052,1,100,-99
110900053,76,25,51
110900054,26,110,-84
110900055,27,0,27
110900056,43,114,-71
110900057,4,79,-75
110900058,270,166,104
110900059,565,406,159
110900060,430,80,350
110900061,31,38,-7
110900062,157,172,-15
110900063,48,83,-35
110900064,9,0,9
110900065,219,131,88
110900066,2,39,-37
110900067,244,523,-279
110900068,251,180,71
110900069,7,16,-9
110900070,91,69,22
110900071,263,608,-345
110900073,0,19,-19
110900074,345,94,251
110900075,407,62,345
110900077,764,603,161
110900078,22,34,-12
110900079,1758,1277,481
110900080,126,67,59
110900081,5,34,-29
110900082,159,75,84
110900083,119,58,61
110900084,55,53,2
110900085,36,173,-137
110900086,68,316,-248
110900087,317,48,269
110900088,9,0,9
110900090,44,47,-3
110900091,1,42,-41
110900093,191,81,110
110900095,61,46,15
110900097,10,7,3
110900098,29,42,-13
110900099,40,307,-267
110900100,0,17,-17
110900102,40,13,27
110900105,602,192,410
110900108,4,38,-34
110900111,350,121,229
110900112,836,5,831
110900113,474,49,425
110900115,7,48,-41
110900116,702,1185,-483
110900118,83,2719,-2636
110900119,2275,228,2047
110900120,19,68,-49
110900121,164,1,163
110900122,469,164,305
110900125,384,385,-1
110900127,458,1344,-886
110900128,261,455,-194
110900129,321,828,-507
110900130,793,717,76
110900131,204,36,168
110900132,297,56,241
110900133,53,127,-74
110900135,37,191,-154
110900136,315,13,302
110900139,3,1,2
110900140,2,0,2
110900141,176,185,-9
110900142,54,90,-36
110900143,149,58,91
110900144,0,462,-462
110900145,202,51,151
110900146,250,190,60
110900147,114,291,-177
110900148,2,293,-291
110900149,1,42,-41
110900150,24,18,6
110900151,4,37,-33
110900152,32,179,-147
110900153,174,49,125
111000001,581,503,78
111000002,760,488,272
111000003,1119,576,543
111000004,408,710,-302
111000005,1021,967,54
111000006,798,1461,-663
111000007,3464,2422,1042
111000008,1600,2449,-849
111000009,434,792,-358
111000010,844,246,598
111000011,283,1288,-1005
111000012,488,355,133
111000013,379,908,-529
111000014,1080,456,624
111000017,139,864,-725
111000018,251,353,-102
111000020,603,2132,-1529
111000021,75,103,-28
111000023,116,77,39
111000025,3298,3315,-17
111000029,92,110,-18
111000030,45,81,-36
111000031,1954,993,961
111000032,443,315,128
111000033,213,321,-108
111000034,143,229,-86
111000037,1097,616,481
111000038,2621,1878,743
111000039,1873,1806,67
111000040,1522,1649,-127
111000041,1297,1197,100
111000042,2271,1965,306
111000043,1854,2938,-1084
111000044,1830,1027,803
111000045,2339,2412,-73
111000046,1624,1851,-227
111000047,2469,3516,-1047
111000049,401,401,0
111000050,1216,1104,112
111000051,431,696,-265
111000052,537,1349,-812
111000053,311,700,-389
111000054,314,659,-345
111000055,1150,1339,-189
111000056,178,367,-189
111000057,122,462,-340
111000058,525,85,440
111000059,436,291,145
111000060,3571,1025,2546
111000061,496,303,193
111000062,814,288,526
111000063,1683,775,908
111000064,677,469,208
111000065,1138,855,283
111000066,532,372,160
111000067,479,504,-25
111000068,549,850,-301
111000069,1425,1556,-131
111000070,1064,853,211
111000071,203,438,-235
111000072,1243,586,657
111000073,349,800,-451
111000074,1480,1490,-10
111000075,946,530,416
111000076,551,464,87
111000077,1618,1571,47
111000078,2771,1329,1442
111000079,1315,656,659
111000080,605,601,4
111000081,1355,3427,-2072
111000082,823,520,303
111000084,799,456,343
111000085,932,940,-8
111000086,1964,909,1055
111000087,690,512,178
111000088,3777,2016,1761
111000089,716,668,48
111000090,808,1183,-375
111000091,713,370,343
111000092,1383,814,569
111000093,671,1009,-338
111000094,1608,997,611
111000095,708,2210,-1502
111000096,1489,6984,-5495
111000097,3664,1493,2171
111000098,805,983,-178
111000099,619,1379,-760
111000100,436,1147,-711
111000101,408,763,-355
111000102,244,459,-215
111000104,534,163,371
111000107,82,588,-506
111000109,464,169,295
111000110,1407,647,760
111000111,2339,365,1974
111000112,1778,558,1220
111000113,945,1462,-517
111000114,2067,3348,-1281
111000115,4508,1025,3483
111000116,882,708,174
111000117,472,767,-295
111000118,1181,634,547
111000119,1140,795,345
111000120,440,520,-80
111000121,372,606,-234
111000122,511,762,-251
111000123,1026,1802,-776
111000124,405,1763,-1358
111000125,285,989,-704
111000126,124,610,-486
111000127,1035,167,868
111000128,1875,261,1614
111000129,2475,392,2083
111000130,2078,609,1469
111000131,1695,514,1181
111000132,1620,700,920
111000133,186,114,72
111000134,199,101,98
111000135,39,111,-72
111000136,327,270,57
111000138,21,3,18
111000140,1,5,-4
111000141,200,459,-259
111000142,14,180,-166
111000143,7,215,-208
111000144,25,885,-860
111000145,1165,19,1146
111000146,106,16,90
111000147,369,38,331
111000148,162,91,71
111000149,3,26,-23
111000150,25,0,25
111000151,3,12,-9
111000153,514,576,-62
111000154,683,204,479
111000155,110,173,-63
111000156,482,581,-99
111000157,255,1017,-762
111000158,808,709,99
111000159,2429,717,1712
111000160,533,361,172
111000161,12,261,-249
111000162,85,129,-44
111000163,747,678,69
111000164,517,2772,-2255
111000165,869,370,499
111000166,1507,290,1217
111000167,191,322,-131
111000168,211,368,-157
111000169,269,534,-265
111000170,400,359,41
111000171,493,549,-56
111000172,155,347,-192
111000173,361,572,-211
111000174,193,221,-28
111000175,43,216,-173
111000176,261,100,161
111000177,326,186,140
111000178,1141,242,899
111000179,243,154,89
111000180,261,414,-153
111000181,1233,180,1053
111000182,203,150,53
111000183,269,278,-9
111000184,308,191,117
111000185,353,334,19
111000186,246,203,43
111000187,146,118,28
111000188,221,281,-60
111000189,772,455,317
111000190,215,213,2
111000191,158,218,-60
111000192,181,395,-214
111000193,235,191,44
111000194,55,265,-210
111000195,177,228,-51
111000196,81,139,-58
111000197,493,133,360
111000198,595,132,463
111000199,243,113,130
111000200,416,317,99
111000201,675,176,499
111000202,343,132,211
111000203,348,240,108
111000204,451,1121,-670
111000213,218,387,-169
111000214,1340,1077,263
111000215,1128,1023,105
111000217,1539,870,669
111000218,1380,922,458
111000219,402,190,212
111000220,964,422,542
111000221,483,79,404
111000224,50,197,-147
111000225,397,336,61
111000226,107,1,106
111000227,26,6,20
111000228,17,345,-328
111000229,47,888,-841
111000230,215,198,17
111000231,932,531,401
111000232,519,729,-210
111000233,902,524,378
111000234,133,400,-267
111000239,85,102,-17
111000240,52,184,-132
111000241,39,189,-150
111000242,166,48,118
111000243,127,327,-200
111000244,512,63,449
111000245,1028,252,776
111000246,603,235,368
111000247,337,542,-205
111000248,754,345,409
111000249,383,474,-91
111000250,54,60,-6
111000251,32,50,-18
111000253,13,11,2
111000255,44,8,36
111000257,44,27,17
111000260,76,830,-754
111000261,1221,71,1150
111000271,51,232,-181
111000273,2452,950,1502
111000274,1274,1922,-648
111000275,185,61,124
111000276,229,1086,-857
111000277,216,324,-108
111000278,539,185,354
111000291,774,5344,-4570
111000298,524,182,342
111000299,705,144,561
111000300,90,483,-393
111000302,299,67,232
111000303,90,160,-70
111000312,38,54,-16
111000315,4,108,-104
111000320,229,474,-245
111000321,370,122,248
111000322,302,318,-16
111000323,291,13,278
111000324,381,177,204
111000325,30,54,-24
111000326,204,231,-27
111000327,381,279,102
111000328,256,443,-187
111000329,0,18,-18
111000330,74,9,65
111000331,27,7,20
111000332,534,1030,-496
111000334,359,902,-543
111000335,891,240,651
111000337,1400,310,1090
111000338,52,73,-21
111000339,625,220,405
111000340,77,414,-337
111000341,1451,660,791
111000342,201,1018,-817
111000344,1038,662,376
111000345,212,97,115
111000346,35,201,-166
111000347,120,6,114
111000350,184,113,71
111000351,125,313,-188
111000352,183,103,80
111000353,109,227,-118
111000354,428,140,288
111000355,231,557,-326
111000358,140,784,-644
111000360,225,333,-108
111000361,153,176,-23
111000546,578,428,150
111000547,410,226,184
111000548,88,239,-151
111000549,273,187,86
111000550,88,707,-619
111000551,554,136,418
111000552,1222,212,1010
111000907,445,20,425
111000908,38,3,35
111000916,1675,261,1414
111000917,52,380,-328
111000918,250,535,-285
111000920,570,18,552
111000921,4,119,-115
111000922,432,261,171
111000924,22,489,-467
111000925,2659,1691,968
111000926,998,1300,-302
111000927,2942,3826,-884
111000928,3806,2477,1329
111000929,1373,1035,338
111000930,738,1785,-1047
111000931,1960,2371,-411
111000932,3596,1732,1864
111000933,3538,2362,1176
111000934,1773,2703,-930
111000935,1706,907,799
111000936,1053,1664,-611
111000937,1060,1181,-121
111000938,1287,1204,83
111000939,552,47,505
111000940,452,113,339
111000941,302,279,23
111000943,432,202,230
111000944,173,265,-92
111000945,122,941,-819
111001109,490,375,115
111001110,150,418,-268
111001111,91,16,75
111001112,132,22,110
111001113,5,174,-169
111001114,531,149,382
111001115,53,508,-455
111001116,3323,3380,-57
111001117,532,2606,-2074
111001120,97,189,-92
111001121,177,163,14
111001122,255,318,-63
111001123,307,102,205
111001124,154,112,42
111001125,1,142,-141
111001126,13,39,-26
111900001,4,118,-114
111900002,2,373,-371
111900003,1,201,-200
111900004,21,75,-54
111900006,15,35,-20
111900007,75,4,71
111900008,162,4,158
111900009,143,4,139
111900010,308,356,-48
111900012,62,69,-7
111900013,32,40,-8
111900014,3459,4093,-634
111900015,0,36,-36
111900016,0,62,-62
111900017,0,74,-74
111900018,165,2,163
111900019,1,78,-77
111900020,8,47,-39
111900021,50,78,-28
111900022,8,49,-41
111900023,89,62,27
111900024,30,57,-27
111900025,0,39,-39
111900026,0,54,-54
111900027,3,93,-90
111900028,1,232,-231
111900029,4,42,-38
111900030,37,271,-234
111900031,2,17,-15
111900032,2,205,-203
111900033,6,48,-42
111900034,258,338,-80
111900035,36,138,-102
111900036,0,195,-195
111900038,234,440,-206
111900039,33,258,-225
111900040,1,342,-341
111900042,12,111,-99
111900043,0,194,-194
111900044,219,169,50
111900046,20,86,-66
111900048,283,495,-212
111900049,24,165,-141
111900050,99,25,74
111900051,1,172,-171
111900052,312,307,5
111900053,742,1553,-811
111900054,126,5,121
111900055,14,282,-268
111900056,147,276,-129
111900057,114,23,91
111900058,472,410,62
111900059,1312,473,839
111900060,385,6,379
111900061,5,110,-105
111900062,15,48,-33
111900063,363,219,144
111900064,78,145,-67
111900065,88,15,73
111900066,118,146,-28
111900067,2,274,-272
111900068,51,48,3
111900069,75,18,57
111900070,129,80,49
111900071,2,138,-136
111900072,54,18,36
111900073,970,213,757
111900074,13,99,-86
111900075,99,5,94
111900076,189,80,109
111900077,48,1,47
111900078,348,27,321
111900079,70,24,46
111900080,198,248,-50
111900082,155,44,111
111900083,153,3,150
111900084,101,5,96
111900085,51,123,-72
111900086,65,3,62
111900087,55,0,55
111900088,606,16,590
111900089,78,1,77
111900090,73,40,33
111900091,259,1,258
111900092,113,1,112
111900093,380,2,378
111900094,82,0,82
111900095,206,33,173
111900096,176,0,176
111900097,44,0,44
111900098,279,1,278
111900099,63,1,62
111900100,85,3,82
111900101,97,29,68
111900102,453,335,118
111900103,74,82,-8
111900104,123,44,79
111900105,314,191,123
111900106,557,32,525
111900110,1096,367,729
111900111,199,99,100
111900112,359,2368,-2009
111900113,191,66,125
111900118,293,80,213
111900119,334,125,209
111900122,100,74,26
111900123,19,33,-14
111900124,23,58,-35
111900125,491,28,463
111900126,301,6,295
111900127,3,407,-404
111900128,1,352,-351
111900129,267,8,259
111900130,165,29,136
111900131,394,2,392
111900132,24,577,-553
111900133,17,232,-215
111900134,13,154,-141
111900135,20,31,-11
111900136,94,167,-73
111900137,39,53,-14
111900138,7,61,-54
111900139,21,98,-77
111900140,146,24,122
111900141,69,5,64
111900142,104,29,75
111900143,6,158,-152
111900144,0,45,-45
111900145,3,266,-263
111900146,0,138,-138
111900147,93,269,-176
111900148,27,400,-373
111900149,8,177,-169
111900150,17,101,-84
111900151,8,21,-13
111900152,84,68,16
111900153,947,630,317
111900154,10,262,-252
111900155,53,85,-32
111900156,70,86,-16
111900157,151,23,128
111900158,476,51,425
111900159,372,23,349
111900160,308,0,308
111900161,152,1,151
111900162,68,167,-99
111900163,41,137,-96
111900164,138,59,79
111901113,522,124,398
111901114,154,159,-5
111901115,63,0,63
111901116,42,1,41
111901117,35,18,17
111901118,51,203,-152
111901119,457,43,414
111901121,128,112,16
111901122,1,291,-290
111901123,222,221,1
111901124,228,4,224
111901125,381,212,169
111901127,337,537,-200
111901128,12,72,-60
111901129,6,85,-79
111901130,4,91,-87
111901131,6,194,-188
111901132,51,18,33
111901133,62,7,55
111901134,87,10,77
111901135,31,7,24
111901136,5,28,-23
111901138,190,35,155
111901139,22,16,6
111901140,6,64,-58
111901141,4,100,-96
111901142,7,85,-78
111901143,2,108,-106
111901144,47,57,-10
111901145,190,375,-185
111901146,257,10,247
111901147,243,121,122
111901148,6,46,-40
111901149,7,4,3
112000001,1693,582,1111
112000002,612,1505,-893
112000003,1425,863,562
112000004,584,586,-2
112000005,3226,3352,-126
112000006,1609,1185,424
112000007,3469,2232,1237
112000008,2495,3859,-1364
112000009,2602,2185,417
112000010,2931,3534,-603
112000011,1328,1299,29
112000012,3491,5189,-1698
112000013,2512,2735,-223
112000014,1730,2912,-1182
112000015,1888,3452,-1564
112000016,2520,1638,882
112000017,1007,2829,-1822
112000024,1700,676,1024
112000026,2244,2908,-664
112000027,717,604,113
112000028,1011,1179,-168
112000029,477,648,-171
112000030,174,77,97
112000031,1032,4496,-3464
112000032,221,69,152
112000033,1386,2427,-1041
112000034,140,66,74
112000035,70,349,-279
112000036,446,1021,-575
112000037,1072,651,421
112000038,1455,958,497
112000039,116,68,48
112000040,61,208,-147
112000041,434,360,74
112000042,939,378,561
112000050,1206,1110,96
112000051,1027,1474,-447
112000054,1419,1454,-35
112000057,411,345,66
112000058,296,549,-253
112000059,476,696,-220
112000061,2405,1799,606
112000062,1352,806,546
112000063,997,1736,-739
112000064,2925,4115,-1190
112000065,1474,2009,-535
112000066,3432,1389,2043
112000067,716,674,42
112000068,3021,2519,502
112000069,607,1453,-846
112000070,1910,934,976
112000071,958,2009,-1051
112000072,2370,753,1617
112000073,1382,1722,-340
112000074,1250,1015,235
112000075,1257,1150,107
112000076,2810,2127,683
112000077,664,412,252
112000078,1807,484,1323
112000079,1310,1073,237
112000080,696,632,64
112000081,1207,1914,-707
112000082,1377,721,656
112000083,606,946,-340
112000084,1209,786,423
112000085,1163,716,447
112000086,1536,956,580
112000087,583,400,183
112000088,783,381,402
112000089,267,296,-29
112000090,246,247,-1
112000091,679,684,-5
112000092,2049,923,1126
112000093,1484,689,795
112000094,670,813,-143
112000095,709,685,24
112000096,638,547,91
112000097,1279,636,643
112000098,781,662,119
112000099,726,1556,-830
112000100,1726,729,997
112000101,474,605,-131
112000102,1302,490,812
112000103,323,614,-291
112000105,515,941,-426
112000106,2045,392,1653
112000107,92,184,-92
112000108,301,1157,-856
112000109,147,86,61
112000110,1969,586,1383
112000111,837,2460,-1623
112000112,2922,566,2356
112000113,702,1253,-551
112000114,2155,817,1338
112000115,321,363,-42
112000116,441,717,-276
112000117,942,671,271
112000118,807,724,83
112000119,390,535,-145
112000120,66,245,-179
112000121,114,326,-212
112000122,291,113,178
112000123,855,150,705
112000124,435,47,388
112000125,232,173,59
112000126,307,297,10
112000127,1928,2152,-224
112000128,785,604,181
112000129,109,89,20
112000130,182,63,119
112000131,41,197,-156
112000132,137,179,-42
112000133,357,164,193
112000134,410,292,118
112000135,1140,634,506
112000136,742,1081,-339
112000137,1467,1434,33
112000138,1170,959,211
112000139,912,694,218
112000140,718,1014,-296
112000141,825,307,518
112000142,157,408,-251
112000143,1035,185,850
112000144,276,829,-553
112000145,2426,480,1946
112000146,523,1373,-850
112000147,2568,1621,947
112000148,1447,1638,-191
112000149,466,452,14
112000150,289,394,-105
112000151,379,231,148
112000152,354,320,34
112000153,164,193,-29
112000154,118,178,-60
112000155,114,142,-28
112000157,541,554,-13
112000158,289,299,-10
112000159,429,277,152
112000167,351,76,275
112000169,230,389,-159
112000173,828,193,635
112000175,319,244,75
112000176,2065,1791,274
112000177,740,221,519
112000178,122,250,-128
112000179,250,68,182
112000180,253,282,-29
112000181,1338,1308,30
112000182,1415,940,475
112000183,33,39,-6
112000184,403,235,168
112000185,483,371,112
112000187,3610,2174,1436
112000195,108,14,94
112000196,234,7,227
112000197,207,159,48
112000198,28,205,-177
112000199,775,759,16
112000202,536,1,535
112000216,64,215,-151
112000230,85,6,79
112000231,6,137,-131
112000256,73,248,-175
112000313,54,94,-40
112000314,64,31,33
112000337,224,505,-281
112000352,285,360,-75
112000392,1175,1293,-118
112000398,1583,729,854
112000399,1194,1859,-665
112000400,1302,1968,-666
112000401,2021,1524,497
112000402,3012,3383,-371
112000403,1367,3033,-1666
112000404,914,851,63
112000405,2060,2746,-686
112000406,2498,1557,941
112000407,7473,7732,-259
112000408,6444,4263,2181
112000409,1338,2948,-1610
112000410,389,304,85
112000411,2744,1427,1317
112000412,1183,465,718
112000413,5543,5388,155
112000414,57,75,-18
112000415,124,41,83
112000416,2777,1140,1637
112000417,350,91,259
112000421,66,86,-20
112000422,332,214,118
112000424,1613,2544,-931
112000425,452,705,-253
112000426,115,228,-113
112000427,0,16,-16
112000428,218,277,-59
112000429,1930,2030,-100
112000430,2359,2685,-326
112000431,120,143,-23
112000432,512,834,-322
112000433,329,683,-354
112000437,55,130,-75
112900001,66,4,62
112900002,521,702,-181
112900003,91,318,-227
112900004,37,214,-177
112900005,259,152,107
112900006,16,208,-192
112900007,40,206,-166
112900008,2,53,-51
112900009,368,126,242
112900010,470,558,-88
112900011,114,157,-43
112900012,5,54,-49
112900013,3,85,-82
112900014,1,126,-125
112900015,371,581,-210
112900016,12,176,-164
112900017,17,150,-133
112900018,2,164,-162
112900019,26,107,-81
112900020,355,884,-529
112900021,9,183,-174
112900022,12,85,-73
112900023,2,102,-100
112900024,20,217,-197
112900025,74,181,-107
112900026,5,136,-131
112900027,4,737,-733
112900028,21,119,-98
112900029,14,388,-374
112900030,94,92,2
112900031,9,254,-245
112900032,136,173,-37
112900034,2,42,-40
112900035,10,277,-267
112900036,30,110,-80
112900037,123,190,-67
112900038,543,133,410
112900039,14,213,-199
112900040,7,390,-383
112900041,531,938,-407
112900042,84,230,-146
112900043,34,86,-52
112900044,384,384,0
112900045,185,172,13
112900046,121,54,67
112900047,9,25,-16
112900049,198,62,136
112900050,37,376,-339
112900051,234,365,-131
112900052,10,564,-554
112900053,162,108,54
112900054,158,44,114
112900055,131,62,69
112900056,332,181,151
112900057,42,362,-320
112900058,308,352,-44
112900059,113,108,5
112900060,24,126,-102
112900061,77,64,13
112900062,78,105,-27
112900063,127,15,112
112900064,135,201,-66
112900065,27,19,8
112900066,215,202,13
112900067,266,113,153
112900068,37,33,4
112900069,1309,698,611
112900071,43,11,32
112900072,130,1899,-1769
112900073,309,91,218
112900074,95,278,-183
112900075,922,858,64
112900076,47,42,5
112900078,276,332,-56
112900079,189,10,179
112900080,60,2,58
112900081,49,170,-121
112900082,717,25,692
112900083,102,136,-34
112900084,257,149,108
112900086,79,4,75
112900087,788,119,669
112900088,130,31,99
112900089,919,70,849
112900090,45,25,20
112900091,305,10,295
112900092,102,314,-212
112900093,1096,22,1074
112900095,57,1,56
112900096,451,138,313
112900097,69,217,-148
112900098,53,3,50
112900099,845,23,822
112900100,60,0,60
112900101,378,2,376
112900102,131,11,120
112900103,249,16,233
112900104,131,0,131
112900105,27,0,27
112900106,359,108,251
112900107,6,5,1
112900108,42,3,39
112900109,139,2,137
112900110,1435,11,1424
112900111,706,5,701
112900112,349,4,345
112900113,0,18,-18
112900114,176,15,161
112900115,1485,3,1482
112900116,116,17,99
112900117,59,49,10
112900118,28,91,-63
112900119,159,5,154
112900120,596,211,385
112900121,58,130,-72
112900122,14,86,-72
112900123,80,13,67
112900124,14,81,-67
112900125,39,279,-240
112900126,170,206,-36
112900127,324,140,184
112900128,222,470,-248
112900129,2,563,-561
112900130,174,81,93
112900131,30,192,-162
112900132,118,297,-179
112900133,25,933,-908
112900134,1,184,-183
112900135,70,36,34
112900137,0,331,-331
112900138,6,190,-184
112900139,159,806,-647
112900141,731,53,678
112900142,74,173,-99
112900143,36,302,-266
112900144,3,198,-195
112900145,25,334,-309
112900146,6,735,-729
112900147,3,1069,-1066
112900148,46,2,44
112900149,221,364,-143
112900151,29,62,-33
112900152,2935,640,2295
112900153,1444,2240,-796
112900154,0,95,-95
112900155,221,35,186
112900156,282,745,-463
112900157,508,152,356
112900158,85,23,62
112900159,207,128,79
112900160,55,200,-145
112900161,102,56,46
112900162,18,14,4
112900163,73,27,46
112900164,34,178,-144
112900165,56,22,34
112900166,18,78,-60
112900167,5,47,-42
112900168,5,6,-1
112900169,20,12,8
112900170,113,98,15
112900172,41,16,25
112900173,137,63,74
112900174,226,43,183
112900175,123,140,-17
112900176,17,35,-18
112900177,264,41,223
112900178,679,2262,-1583
112900179,46,368,-322
112900180,1699,1387,312
112900181,603,16,587
112900182,75,610,-535
112900183,156,246,-90
112900184,407,344,63
112900185,201,639,-438
112900186,1013,924,89
112900187,72,493,-421
112900188,494,628,-134
112900189,20,19,1
112900190,6,60,-54
112900192,608,652,-44
112900193,1272,305,967
112900194,53,56,-3
112900195,771,42,729
112900196,255,280,-25
112900197,154,320,-166
112900199,698,415,283
112900200,466,162,304
112900201,145,84,61
112900202,348,527,-179
112900203,233,144,89
112900204,768,468,300
112900205,24,2,22
112900206,41,114,-73
112900207,21,1,20
112900208,82,305,-223
112900209,395,259,136
112900210,1,27,-26
112900211,93,16,77
112900212,2,99,-97
112900213,41,27,14
112900214,15,11,4
112900215,17,128,-111
112900216,25,41,-16
112900217,0,58,-58
112900218,89,16,73
112900219,83,6,77
112900220,7,0,7
112900221,71,73,-2
112900222,0,24,-24
112900223,971,15,956
112900224,365,304,61
112900225,492,189,303
112900226,184,227,-43
112900227,804,826,-22
112900228,71,37,34
112900229,280,49,231
112900230,5181,3271,1910
112900232,215,257,-42
112900233,77,128,-51
112900234,13,40,-27
112900235,62,29,33
112900236,262,12,250
112900237,211,166,45
112900238,4,32,-28
112900239,639,472,167
112900240,3,37,-34
112900241,7,56,-49
112900242,7,77,-70
112900243,4,58,-54
112900244,11,35,-24
112900245,5,21,-16
112900246,0,5,-5
112900247,65,27,38
112900248,13,1,12
112900249,26,6,20
112900250,41,11,30
112900251,61,11,50
112900252,46,18,28
112900253,25,5,20
112900254,11,4,7
112900255,1,33,-32
112900256,3,35,-32
112900257,15,26,-11
112900258,7,14,-7
113000001,5626,3851,1775
113000002,3483,3089,394
113000003,1828,1355,473
113000004,1366,1981,-615
113000005,1734,897,837
113000006,1005,1095,-90
113000007,2204,1014,1190
113000008,1506,1594,-88
113000009,1124,608,516
113000010,1060,1131,-71
113000011,609,1160,-551
113000012,1710,478,1232
113000013,1175,694,481
113000014,1267,1437,-170
113000015,311,167,144
113000016,328,837,-509
113000017,24,363,-339
113000018,378,45,333
113000019,120,299,-179
113000020,391,52,339
113000021,962,455,507
113000022,651,1048,-397
113000025,114,298,-184
113000026,408,437,-29
113000027,420,607,-187
113000028,515,563,-48
113000029,786,651,135
113000030,279,553,-274
113000031,224,338,-114
113000032,307,293,14
113000033,289,408,-119
113000034,255,282,-27
113000035,20,20,0
113000036,25,41,-16
113000037,66,39,27
113000038,17,50,-33
113000039,67,290,-223
113000040,58,103,-45
113000042,675,540,135
113000051,736,2111,-1375
113000052,1855,648,1207
113000053,426,368,58
113000054,351,609,-258
113000055,1074,484,590
113000056,1048,795,253
113000058,688,749,-61
113000059,1079,561,518
113000060,249,459,-210
113000061,530,750,-220
113000062,561,290,271
113000063,188,75,113
113000064,55,163,-108
113000065,100,522,-422
113000066,748,87,661
113000067,2132,1058,1074
113000068,380,850,-470
113000069,558,740,-182
113000070,2477,808,1669
113000071,399,478,-79
113000072,893,336,557
113000073,318,1041,-723
113000074,887,386,501
113000075,1779,699,1080
113000076,532,1940,-1408
113000077,1067,688,379
113000078,692,1935,-1243
113000079,517,856,-339
113000080,635,689,-54
113000081,654,664,-10
113000082,864,631,233
113000083,625,852,-227
113000084,1444,1061,383
113000085,826,745,81
113000086,1026,1086,-60
113000087,848,859,-11
113000088,1890,1147,743
113000089,923,1415,-492
113000090,260,548,-288
113000091,404,364,40
113000094,1135,168,967
113000095,176,557,-381
113000096,132,557,-425
113000097,1050,327,723
113000098,132,35,97
113000099,838,336,502
113000100,116,341,-225
113000101,273,411,-138
113000102,553,478,75
113000103,1834,355,1479
113000104,573,1940,-1367
113000105,922,344,578
113000106,346,297,49
113000107,936,764,172
113000108,644,822,-178
113000109,590,1376,-786
113000110,1691,385,1306
113000111,223,611,-388
113000112,426,350,76
113000113,1209,394,815
113000114,307,1230,-923
113000116,550,268,282
113000117,690,83,607
113000118,79,452,-373
113000119,343,233,110
113000120,81,217,-136
113000121,381,748,-367
113000124,224,112,112
113000125,73,731,-658
113000127,1990,263,1727
113000128,629,399,230
113000129,529,550,-21
113000133,1619,1198,421
113000134,2,930,-928
113000135,3744,3930,-186
113000137,1606,3316,-1710
113000139,348,174,174
113000140,105,206,-101
113000141,153,150,3
113000142,347,916,-569
113000143,263,242,21
113000144,281,646,-365
113000145,78,136,-58
113000146,147,63,84
113000147,172,87,85
113000148,237,110,127
113000149,94,90,4
113000150,550,236,314
113000151,44,36,8
113000152,67,91,-24
113000153,1098,446,652
113000154,732,1241,-509
113000155,329,521,-192
113000156,185,330,-145
113000157,269,692,-423
113000158,690,222,468
113000159,882,602,280
113000160,633,730,-97
113000161,308,312,-4
113000162,804,323,481
113000163,88,68,20
113000164,28,64,-36
113000166,157,120,37
113000167,47,72,-25
113000168,77,85,-8
113000169,202,72,130
113000170,106,77,29
113000171,77,84,-7
113000172,312,57,255
113000173,71,31,40
113000174,128,377,-249
113000175,427,114,313
113000176,504,148,356
113000177,189,350,-161
113000178,140,241,-101
113000179,249,153,96
113000180,442,1009,-567
113000181,1113,805,308
113000182,156,292,-136
113000183,133,607,-474
113000184,11,71,-60
113000189,349,626,-277
113000190,561,488,73
113000192,842,2489,-1647
113000193,2475,2003,472
113000194,1016,1035,-19
113000195,1447,1108,339
113000196,161,86,75
113000197,972,1107,-135
113000198,55,254,-199
113000199,1006,284,722
113000201,210,309,-99
113000202,3128,773,2355
113000203,149,88,61
113000204,794,2075,-1281
113000205,13,27,-14
113000206,16,40,-24
113000207,66,15,51
113000208,36,66,-30
113000209,22,15,7
113000210,6,28,-22
113000211,165,237,-72
113000212,82,26,56
113000213,35,158,-123
113000214,141,200,-59
113000234,169,659,-490
113000410,100,210,-110
113000411,1993,3719,-1726
113000412,5088,2566,2522
113000413,1994,2803,-809
113000414,4591,11100,-6509
113000415,1881,2256,-375
113000416,5844,3446,2398
113000417,2195,2230,-35
113000418,4442,3365,1077
113000419,1516,1945,-429
113000420,3805,5784,-1979
113000421,3823,6152,-2329
113000422,9955,9883,72
113000423,1920,4895,-2975
113000424,2425,9621,-7196
113000425,14,99,-85
113000428,30,94,-64
113000430,13,193,-180
113000432,2062,232,1830
113000433,54,524,-470
113000434,25,115,-90
113000435,44,322,-278
113000436,36,707,-671
113000437,933,14,919
113000438,264,10,254
113000439,11,59,-48
113000440,159,29,130
113000441,248,169,79
113000442,121,109,12
113000443,268,150,118
113000444,194,92,102
113000445,173,72,101
113000446,27,66,-39
113000448,183,164,19
113000449,118,545,-427
113000450,367,1477,-1110
113000451,991,174,817
113000452,221,340,-119
113000453,63,374,-311
113000454,305,85,220
113000455,37,268,-231
113000456,2678,2350,328
113000468,1138,85,1053
113000469,51,60,-9
113000470,331,20,311
113000471,13,319,-306
113000472,104,224,-120
113000474,699,547,152
113000475,1402,1365,37
113000476,1486,1586,-100
113000477,3486,1710,1776
113000478,3217,4030,-813
113000479,59,137,-78
113000484,0,0,0
113000485,0,0,0
113000486,2,0,2
113000487,0,0,0
113000488,2,0,2
113000489,3,4,-1
113000490,0,1,-1
113000491,5,4,1
113000492,3,0,3
113000493,2,0,2
113000495,108,153,-45
113000496,143,117,26
113000499,0,0,0
113900001,1,151,-150
113900002,1,42,-41
113900003,2,43,-41
113900004,0,39,-39
113900005,0,53,-53
113900006,2,9,-7
113900007,24,20,4
113900008,16,1,15
113900009,51,0,51
113900010,83,0,83
113900011,81,2,79
113900012,51,3,48
113900013,158,1,157
113900014,464,0,464
113900015,0,57,-57
113900016,33,1,32
113900017,1,57,-56
113900018,278,203,75
113900019,173,40,133
113900020,117,0,117
113900022,24,2,22
113900023,41,0,41
113900024,66,49,17
113900025,198,16,182
113900026,93,1,92
113900027,7,50,-43
113900028,25,304,-279
113900029,67,149,-82
113900030,285,5,280
113900031,6,0,6
113900032,19,0,19
113900033,147,50,97
113900035,40,0,40
113900036,24,73,-49
113900037,196,365,-169
113900038,80,84,-4
113900039,152,19,133
113900040,7,10,-3
113900041,4,2,2
113900042,78,30,48
113900043,112,82,30
113900044,271,269,2
113900045,63,4,59
113900046,227,524,-297
113900047,43,86,-43
113900048,169,89,80
113900049,395,247,148
113900050,207,278,-71
113900051,189,235,-46
113900052,112,103,9
113900053,577,402,175
113900054,15,0,15
113900055,112,280,-168
113900056,69,142,-73
113900057,10,39,-29
113900058,59,89,-30
113900059,181,253,-72
113900060,63,126,-63
113900061,600,170,430
113900062,114,15,99
113900063,47,85,-38
113900064,20,70,-50
113900065,327,22,305
113900066,329,198,131
113900067,136,132,4
113900068,481,429,52
113900069,102,23,79
113900070,115,398,-283
113900071,68,70,-2
113900072,48,93,-45
113900073,315,312,3
113900074,89,235,-146
113900075,1024,919,105
113900076,181,5,176
113900077,28,125,-97
113900078,16,53,-37
113900079,0,27,-27
113900080,395,147,248
113900081,41,158,-117
113900082,117,192,-75
113900083,326,227,99
113900084,220,107,113
113900085,49,221,-172
113900086,48,10,38
113900087,80,102,-22
113900088,90,98,-8
113900089,320,30,290
113900090,577,291,286
113900091,12,7,5
113900092,31,75,-44
113900093,79,719,-640
113900094,392,248,144
113900095,139,109,30
113900096,302,62,240
113900097,21,63,-42
113900098,585,91,494
113900099,2,27,-25
113900100,1,4,-3
113900101,22,66,-44
113900102,123,130,-7
113900103,300,239,61
113900104,114,202,-88
113900105,126,121,5
113900106,0,28,-28
113900107,1,15,-14
113900108,185,236,-51
113900109,305,165,140
113900110,50,29,21
113900111,212,146,66
113900112,124,51,73
113900113,752,396,356
113900114,0,37,-37
113900115,0,39,-39
113900116,84,145,-61
113900117,72,26,46
113900118,181,294,-113
113900119,181,417,-236
113900120,76,33,43
113900121,69,49,20
113900122,288,1929,-1641
113900123,399,179,220
113900124,0,59,-59
113900125,727,135,592
113900126,100,45,55
113900127,241,682,-441
113900128,174,59,115
113900129,11,126,-115
113900130,4,39,-35
113900131,244,68,176
113900132,74,59,15
113900133,13,66,-53
113900135,295,277,18
113900136,76,58,18
113900137,383,270,113
113900138,50,141,-91
113900139,230,128,102
113900140,149,320,-171
113900141,511,186,325
113900142,140,73,67
113900143,13,28,-15
113900144,128,204,-76
113900145,395,153,242
113900146,185,38,147
113900148,104,250,-146
113900149,174,77,97
113900150,393,367,26
113900151,409,167,242
113900152,24,32,-8
113900153,210,441,-231
113900154,2,106,-104
113900155,132,159,-27
113900156,235,267,-32
113900157,38,257,-219
113900158,225,389,-164
113900159,9,225,-216
113900160,414,374,40
113900161,59,217,-158
113900162,269,588,-319
113900163,234,218,16
113900164,236,40,196
113900165,633,366,267
113900166,126,117,9
113900167,296,46,250
113900168,97,71,26
113900169,196,271,-75
113900171,204,74,130
113900172,8,141,-133
113900173,27,452,-425
113900174,429,448,-19
113900175,238,130,108
113900176,210,338,-128
113900177,269,150,119
113900178,225,109,116
113900179,16,304,-288
113900180,99,73,26
113900181,556,122,434
113900182,567,729,-162
113900183,59,67,-8
113900184,7,363,-356
113900185,138,73,65
113900186,22,23,-1
113900187,32,97,-65
113900188,63,117,-54
113900189,222,100,122
113900190,253,96,157
113900191,70,182,-112
113900192,6,360,-354
113900193,12,98,-86
113900194,1084,774,310
113900195,197,351,-154
113900196,4,131,-127
113900197,3,83,-80
113900198,25,205,-180
113900199,109,526,-417
113900200,12,211,-199
113900201,0,71,-71
113900202,28,257,-229
113900203,0,68,-68
113900204,32,340,-308
113900205,6,129,-123
113900206,6,130,-124
113900207,1,25,-24
113900208,0,41,-41
113900209,0,77,-77
113900210,482,609,-127
113900211,160,36,124
113900212,178,356,-178
113900214,308,333,-25
113900215,148,86,62
113900216,84,521,-437
113900217,63,141,-78
113900218,130,66,64
113900219,94,419,-325
113900220,169,129,40
113900221,345,181,164
113900222,166,483,-317
113900223,154,556,-402
113900224,59,57,2
113900225,303,141,162
113900226,322,91,231
113900227,330,204,126
113900228,249,493,-244
113900229,41,619,-578
113900230,2650,3112,-462
113900231,150,137,13
113900232,148,125,23
113900233,91,60,31
113900234,347,379,-32
113900235,113,26,87
113900236,159,242,-83
113900237,193,13,180
113900238,224,524,-300
113900239,49,74,-25
113900240,5,135,-130
113900241,92,35,57
113900242,59,113,-54
113900243,95,294,-199
113900244,213,174,39
113900245,886,231,655
113900246,17,25,-8
113900247,136,414,-278
113900248,1841,1403,438
113900249,487,351,136
113900250,50,176,-126
113900251,660,110,550
113900252,526,13,513
113900253,575,45,530
113900254,774,92,682
113900255,452,20,432
113900256,381,27,354
113900257,39,439,-400
113900258,20,293,-273
113900259,518,139,379
113900260,208,13,195
113900261,11,57,-46
113900262,121,339,-218
113900263,114,486,-372
113900264,7,288,-281
113900265,142,212,-70
113900266,46,138,-92
113900267,111,394,-283
113900268,266,328,-62
113900269,70,98,-28
113900270,206,538,-332
113900271,534,730,-196
113900273,22,7,15
113900274,38,28,10
113900275,22,42,-20
113900276,1,90,-89
113900277,152,3,149
113900278,237,165,72
113900279,37,68,-31
113900280,1212,511,701
113900281,531,1152,-621
113900282,581,506,75
113900283,353,422,-69
113900284,698,158,540
113900285,127,46,81
113900286,24,80,-56
113900287,45,16,29
113900288,3,108,-105
113900289,566,89,477
113900290,226,246,-20
113900291,97,116,-19
113900292,17,6,11
113900293,3,95,-92
113900294,481,15,466
113900295,344,350,-6
113900296,1485,341,1144
113900297,1753,29,1724
113900298,15,1347,-1332
113900299,110,94,16
113900300,3380,2778,602
113900301,671,334,337
113900302,1665,868,797
113900303,341,383,-42
113900304,1,87,-86
113900305,117,0,117
113900306,44,0,44
113900307,8,0,8
113900308,70,89,-19
113900309,1,559,-558
113900310,0,5,-5
113900311,5,0,5
113900312,187,218,-31
113900313,15,6,9
114000001,853,1836,-983
114000002,328,232,96
114000003,51,202,-151
114000004,310,431,-121
114000005,288,211,77
114000006,2051,1954,97
114000007,623,921,-298
114000008,1144,1515,-371
114000009,757,220,537
114000011,2745,1850,895
114000012,2444,1318,1126
114000013,1630,1109,521
114000014,459,202,257
114000015,1673,327,1346
114000016,194,201,-7
114000017,85,316,-231
114000018,151,32,119
114000026,1862,965,897
114000027,3048,1774,1274
114000028,2327,2428,-101
114000038,265,105,160
114000039,95,21,74
114000040,137,184,-47
114000042,230,144,86
114000043,37,96,-59
114000044,234,44,190
114000045,35,67,-32
114000046,2175,4088,-1913
114000047,1,71,-70
114000048,77,29,48
114000049,1296,1395,-99
114000050,1614,1817,-203
114000051,2552,1656,896
114000052,3118,1888,1230
114000053,70,815,-745
114000054,174,683,-509
114000055,151,35,116
114000056,569,1009,-440
114000057,3781,1837,1944
114000058,359,1284,-925
114000059,116,265,-149
114000060,444,804,-360
114000061,2409,2663,-254
114000062,1448,1457,-9
114000063,1944,1418,526
114000064,3748,3164,584
114000065,1279,1965,-686
114000066,430,660,-230
114000067,19,756,-737
114000068,535,590,-55
114000069,756,520,236
114000070,2025,1746,279
114000071,628,398,230
114000072,440,138,302
114000073,13,53,-40
114000074,77,10,67
114000075,62,41,21
114000076,22,85,-63
114000077,7,19,-12
114000078,245,430,-185
114000079,121,19,102
114000080,52,89,-37
114000081,78,73,5
114000082,39,276,-237
114000083,52,138,-86
114000084,306,73,233
114000085,94,337,-243
114000086,211,242,-31
114000087,105,92,13
114000088,59,22,37
114000089,532,249,283
114000090,826,886,-60
114000091,1119,752,367
114000092,833,357,476
114000093,1258,595,663
114000094,338,303,35
114000095,167,145,22
114000096,89,271,-182
114000097,94,379,-285
114000098,588,73,515
114000099,706,362,344
114000100,1493,446,1047
114000101,440,478,-38
114000102,514,258,256
114000103,129,260,-131
114000104,47,138,-91
114000105,102,35,67
114000106,645,998,-353
114000107,407,132,275
114000108,1092,825,267
114000109,549,1138,-589
114000110,642,1023,-381
114000111,1781,720,1061
114000112,379,1484,-1105
114000113,1454,441,1013
114000114,1103,1070,33
114000115,2182,993,1189
114000116,822,1535,-713
114000117,2832,406,2426
114000118,2436,374,2062
114000119,1697,407,1290
114000120,478,637,-159
114000121,428,589,-161
114000122,323,316,7
114000123,1914,371,1543
114000124,987,261,726
114000125,818,970,-152
114000126,1533,223,1310
114000127,184,171,13
114000128,819,221,598
114000130,463,480,-17
114000131,282,86,196
114000132,552,390,162
114000133,663,953,-290
114000134,68,80,-12
114000138,28,146,-118
114000139,389,302,87
114000144,840,545,295
114000145,83,94,-11
114000146,105,156,-51
114000147,1350,1862,-512
114000148,1670,1613,57
114000149,351,221,130
114000150,434,571,-137
114000151,632,1369,-737
114000152,114,44,70
114000153,494,1871,-1377
114000154,598,578,20
114000155,1108,2055,-947
114000156,729,533,196
114000157,230,1121,-891
114000158,1049,577,472
114000159,151,390,-239
114000160,91,380,-289
114000161,1113,2688,-1575
114000162,1082,2412,-1330
114000163,18,84,-66
114000165,507,357,150
114000166,625,457,168
114000167,2521,1404,1117
114000168,592,559,33
114000169,1402,1255,147
114000170,1151,1099,52
114000171,1157,3579,-2422
114000174,177,336,-159
114000176,390,459,-69
114000177,1387,608,779
114000178,72,36,36
114000179,1084,630,454
114000180,332,474,-142
114000181,1248,3455,-2207
114000182,1698,1877,-179
114000183,765,637,128
114000184,2359,695,1664
114000185,1234,612,622
114000189,1142,103,1039
114000190,2797,365,2432
114000191,70,108,-38
114000192,134,893,-759
114000193,432,1768,-1336
114000194,1202,620,582
114000195,191,24,167
114000196,2,184,-182
114000197,1283,31,1252
114000198,653,376,277
114000199,1682,1614,68
114000200,504,1224,-720
114000201,131,601,-470
114000202,912,436,476
114000203,576,496,80
114000204,156,411,-255
114000205,210,1057,-847
114000206,605,1013,-408
114000207,496,1030,-534
114000208,363,1582,-1219
114000209,478,1431,-953
114000210,220,755,-535
114000211,954,1036,-82
114000212,768,722,46
114000213,1243,465,778
114000214,85,124,-39
114000215,256,47,209
114000216,1515,252,1263
114000217,400,189,211
114000218,126,189,-63
114000219,1333,166,1167
114000220,29,768,-739
114000221,773,165,608
114000222,149,702,-553
114000223,513,137,376
114000224,59,410,-351
114000225,273,476,-203
114000226,264,230,34
114000227,804,457,347
114000228,822,531,291
114000229,1069,1032,37
114000230,1612,976,636
114000231,1003,1156,-153
114000232,834,133,701
114000233,2108,126,1982
114000234,1085,735,350
114000235,1085,1072,13
114000236,3,367,-364
114000237,94,586,-492
114000238,127,185,-58
114000239,145,863,-718
114000240,763,638,125
114000241,262,714,-452
114000242,662,675,-13
114000243,1463,716,747
114000244,442,287,155
114000245,357,622,-265
114000246,87,46,41
114000247,423,483,-60
114000248,1121,483,638
114000249,449,439,10
114000250,497,528,-31
114000251,396,169,227
114000252,85,51,34
114000253,36,77,-41
114000254,33,58,-25
114000255,490,231,259
114000256,910,1954,-1044
114000257,285,1014,-729
114000258,295,287,8
114000259,99,189,-90
114000260,0,40,-40
114000261,53,39,14
114000262,150,92,58
114000263,12,1,11
114000264,991,329,662
114000265,0,0,0
114000267,2,1281,-1279
114000268,2,861,-859
114000270,190,5,185
114000271,314,45,269
114000283,1160,374,786
114000285,31,127,-96
114000288,93,340,-247
114000289,1372,140,1232
114000293,185,342,-157
114000294,175,261,-86
114000395,1172,36,1136
114000396,569,553,16
114000402,497,218,279
114000403,262,229,33
114000405,153,317,-164
114000423,383,224,159
114000424,315,148,167
114000425,940,211,729
114000426,291,671,-380
114000427,78,66,12
114000428,183,200,-17
114000429,11,125,-114
114000432,90,75,15
114000434,39,94,-55
114000435,0,94,-94
114900001,585,624,-39
114900002,452,75,377
114900003,621,751,-130
114900004,219,418,-199
114900005,605,480,125
114900006,111,60,51
114900007,253,26,227
114900008,154,98,56
114900010,1286,1556,-270
114900011,158,109,49
114900013,276,124,152
114900015,100,407,-307
114900018,719,21,698
114900020,178,79,99
114900022,1,535,-534
114900024,275,118,157
114900025,395,160,235
114900026,78,140,-62
114900027,270,197,73
114900029,166,24,142
114900030,296,219,77
114900031,347,28,319
114900032,326,24,302
114900033,750,801,-51
114900034,31,108,-77
114900035,78,215,-137
114900036,153,422,-269
114900037,110,130,-20
114900038,158,428,-270
114900039,421,323,98
114900040,69,83,-14
114900041,784,290,494
114900042,903,347,556
114900043,457,163,294
114900044,152,46,106
114900046,29,70,-41
114900047,162,1774,-1612
114900048,100,235,-135
114900049,30,144,-114
114900050,34,260,-226
114900051,24,298,-274
114900052,53,191,-138
114900053,81,234,-153
114900054,33,118,-85
114900057,235,11,224
114900058,0,63,-63
114900059,64,67,-3
114900060,675,765,-90
114900061,107,105,2
114900062,241,316,-75
114900063,85,132,-47
114900064,1452,271,1181
114900065,436,627,-191
114900067,37,323,-286
114900068,50,204,-154
114900069,125,65,60
114900070,512,323,189
114900072,5,266,-261
114900073,0,130,-130
114900074,693,423,270
114900075,303,1,302
114900076,4,289,-285
114900080,1332,271,1061
114900082,2725,2163,562
114900083,870,889,-19
114900090,388,171,217
114900091,96,139,-43
114900095,256,93,163
114900096,337,510,-173
114900097,186,6,180
114900098,2,145,-143
114900099,183,6,177
115000001,4518,2808,1710
115000002,4110,4121,-11
115000003,4039,2372,1667
115000004,4359,5303,-944
115000005,1402,1695,-293
115000006,1052,1373,-321
115000007,234,221,13
115000008,380,448,-68
115000009,178,240,-62
115000010,291,158,133
115000013,67,183,-116
115000015,80,334,-254
115000016,70,243,-173
115000019,41,398,-357
115000020,141,591,-450
115000021,200,421,-221
115000022,514,331,183
115000023,491,505,-14
115000024,805,391,414
115000025,784,650,134
115000026,155,326,-171
115000027,296,274,22
115000028,167,685,-518
115000029,607,90,517
115000030,619,1030,-411
115000031,1324,177,1147
115000032,10,222,-212
115000033,166,22,144
115000034,73,981,-908
115000035,1057,63,994
115000036,1,369,-368
115000037,562,15,547
115000038,61,144,-83
115000039,2984,3132,-148
115000040,3887,2442,1445
115000041,1213,3031,-1818
115000042,649,552,97
115000043,3831,2188,1643
115000044,3244,3188,56
115000045,2277,1483,794
115000046,2497,2446,51
115000047,2437,1451,986
115000048,1689,1692,-3
115000049,1452,2434,-982
115000050,2960,1652,1308
115000051,1611,2723,-1112
115000052,1648,1485,163
115000053,1809,1680,129
115000054,601,919,-318
115000055,144,769,-625
115000056,193,389,-196
115000057,549,1170,-621
115000058,389,306,83
115000059,206,147,59
115000061,112,177,-65
115000062,167,229,-62
115000063,322,268,54
115000064,199,69,130
115000065,42,430,-388
115000067,141,28,113
115000069,91,308,-217
115000070,51,771,-720
115000071,118,12,106
115000072,28,67,-39
115000073,1174,66,1108
115000075,111,56,55
115000076,2505,2082,423
115000077,1783,1609,174
115000078,1210,988,222
115000079,1220,1278,-58
115000080,2175,1608,567
115000081,455,633,-178
115000082,3652,3323,329
115000083,1854,1495,359
115000084,2380,960,1420
115000085,659,690,-31
115000086,1085,635,450
115000087,401,1186,-785
115000088,1827,579,1248
115000089,1390,1078,312
115000090,534,735,-201
115000091,202,650,-448
115000092,685,358,327
115000093,487,2,485
115000094,5313,5077,236
115000095,3438,5185,-1747
115000096,787,992,-205
115000097,1111,796,315
115000098,1145,600,545
115000099,2440,1805,635
115000100,1057,336,721
115000101,400,1065,-665
115000102,547,215,332
115000103,275,494,-219
115000105,90,87,3
115000106,601,251,350
115000107,187,303,-116
115000108,2429,1833,596
115000109,3416,4142,-726
115000110,1555,1488,67
115000111,556,1336,-780
115000112,634,674,-40
115000113,424,702,-278
115000114,1456,558,898
115000116,3450,2046,1404
115000117,2847,2622,225
115000118,1973,1515,458
115000119,1373,1900,-527
115000120,537,1491,-954
115000121,1131,715,416
115000122,2484,1472,1012
115000123,1189,2197,-1008
115000124,654,873,-219
115000125,408,571,-163
115000126,143,294,-151
115000127,340,98,242
115000128,372,749,-377
115000129,294,365,-71
115000130,355,570,-215
115000131,964,206,758
115000132,288,254,34
115000133,569,191,378
115000134,231,213,18
115000135,204,124,80
115000136,257,252,5
115000137,95,136,-41
115000138,341,248,93
115000139,209,181,28
115000140,399,170,229
115000141,183,189,-6
115000142,187,169,18
115000143,864,477,387
115000144,527,59,468
115000145,291,305,-14
115000146,386,247,139
115000147,230,338,-108
115000148,253,688,-435
115000149,565,216,349
115000150,556,505,51
115000151,1097,387,710
115000152,577,756,-179
115000153,985,379,606
115000154,973,237,736
115000155,508,615,-107
115000156,1000,611,389
115000157,507,633,-126
115000158,388,336,52
115000159,596,492,104
115000160,389,384,5
115000161,156,344,-188
115000162,650,754,-104
115000163,513,584,-71
115000164,594,473,121
115000165,297,506,-209
115000167,155,65,90
115000168,487,294,193
115000169,434,257,177
115000170,110,145,-35
115000171,292,243,49
115000172,867,672,195
115000173,338,487,-149
115000174,90,239,-149
115000175,154,117,37
115000176,67,90,-23
115000177,51,148,-97
115000178,14,198,-184
115000179,43,22,21
115000180,122,411,-289
115000181,605,129,476
115000182,800,243,557
115000183,382,523,-141
115000186,642,214,428
115000187,186,585,-399
115000188,419,401,18
115000189,208,387,-179
115000190,662,302,360
115000191,117,414,-297
115000194,97,145,-48
115000195,246,251,-5
115000196,151,110,41
115000197,218,200,18
115000198,350,144,206
115000199,319,141,178
115000200,335,72,263
115000201,167,240,-73
115000206,292,44,248
115000207,174,217,-43
115000208,207,473,-266
115000209,699,224,475
115000210,121,149,-28
115000211,205,222,-17
115000212,1123,309,814
115000224,462,58,404
115000225,39,74,-35
115000229,156,140,16
115000230,133,297,-164
115000231,284,1076,-792
115000232,1696,246,1450
115000233,112,172,-60
115000234,40,252,-212
115000241,81,185,-104
115000242,97,217,-120
115000243,51,153,-102
115000244,12,91,-79
115000246,32,20,12
115000247,32,24,8
115000248,47,10,37
115000249,34,10,24
115000250,289,26,263
115000251,205,78,127
115000252,130,183,-53
115000253,20,363,-343
115000258,300,109,191
115000259,291,131,160
115000261,22,18,4
115000262,15,11,4
115000263,13,34,-21
115000264,25,36,-11
115000267,72,67,5
115000268,35,103,-68
115000269,109,68,41
115000270,10,20,-10
115000272,79,145,-66
115000273,346,22,324
115000280,2364,281,2083
115000281,592,1012,-420
115000282,451,595,-144
115000284,266,182,84
115000296,799,6,793
115000297,66,266,-200
115000298,37,557,-520
115000300,187,161,26
115000302,552,99,453
115000303,707,89,618
115000304,626,45,581
115000305,76,439,-363
115000306,176,163,13
115000307,88,170,-82
115000308,19,34,-15
115000309,10,45,-35
115000310,1085,549,536
115000311,996,957,39
115000313,130,364,-234
115000314,453,128,325
115000315,759,553,206
115000316,59,95,-36
115000317,119,347,-228
115000318,746,242,504
115000319,45,271,-226
115000320,7,273,-266
115000321,229,13,216
115000322,47,161,-114
115000449,167,160,7
115000557,1,1200,-1199
115000558,336,104,232
115000587,493,232,261
115000588,1878,2201,-323
115000589,3461,2017,1444
115000590,986,1248,-262
115000591,1332,750,582
115000592,512,1586,-1074
115000593,1382,564,818
115000594,824,2515,-1691
115000609,163,239,-76
115000617,1128,2877,-1749
115000624,245,43,202
115000633,367,1673,-1306
115000634,2577,751,1826
115000635,635,108,527
115000638,500,534,-34
115000641,46,100,-54
115000642,327,226,101
115000643,102,354,-252
115000644,135,273,-138
115000646,825,1456,-631
115000647,150,411,-261
115000648,1821,1283,538
115000893,2628,1591,1037
115000894,115,891,-776
115000895,365,870,-505
115000896,1173,485,688
115000897,531,139,392
115000898,565,233,332
115000899,390,971,-581
115000900,67,310,-243
115000901,66,138,-72
115000912,409,77,332
115000913,8,22,-14
115000915,18,0,18
115000916,4,0,4
115000917,0,3,-3
115000918,65,325,-260
115000919,6,8,-2
115000920,9,64,-55
115000921,422,77,345
115000922,848,724,124
115000923,252,1165,-913
115000925,120,52,68
115000927,49,50,-1
115000933,194,270,-76
115000934,120,159,-39
115000935,109,80,29
115000936,52,663,-611
115000937,646,167,479
115000938,147,241,-94
115000939,142,219,-77
115000940,21,16,5
115000941,4,27,-23
115000942,26,132,-106
115000943,13,23,-10
115000944,2,24,-22
115900001,101,34,67
115900002,96,78,18
115900003,174,68,106
115900004,2,43,-41
115900005,241,16,225
115900006,193,175,18
115900008,58,6,52
115900009,65,152,-87
115900010,328,139,189
115900011,444,180,264
115900012,212,48,164
115900013,315,108,207
115900014,115,111,4
115900015,106,59,47
115900016,111,29,82
115900017,18,7,11
115900018,156,49,107
115900019,51,6,45
115900020,84,2,82
115900021,726,175,551
115900022,999,5,994
115900023,26,5,21
115900025,27,219,-192
115900026,710,149,561
115900027,0,169,-169
115900028,494,51,443
115900029,9,216,-207
115900030,19,14,5
115900031,205,265,-60
115900032,456,574,-118
115900033,0,40,-40
115900034,18,231,-213
115900035,44,13,31
115900036,52,683,-631
115900037,31,234,-203
115900038,37,18,19
115900039,170,145,25
115900041,357,552,-195
115900042,25,1,24
115900043,103,35,68
115900044,167,228,-61
115900046,256,160,96
115900047,146,132,14
115900049,129,143,-14
115900051,1,31,-30
115900052,18,141,-123
115900053,218,146,72
115900054,298,43,255
115900055,25,105,-80
115900056,166,170,-4
115900057,29,12,17
115900058,50,53,-3
115900060,58,85,-27
115900061,238,1,237
115900062,17,208,-191
115900063,85,5,80
115900064,168,223,-55
115900065,121,69,52
115900066,109,99,10
115900067,21,425,-404
115900068,1923,788,1135
115900069,31,151,-120
115900070,190,90,100
115900071,1,242,-241
115900072,45,107,-62
115900073,87,90,-3
115900074,2,187,-185
115900075,16,160,-144
115900076,2,32,-30
115900077,3,163,-160
115900078,40,85,-45
115900079,236,20,216
115900080,316,145,171
115900081,18,73,-55
115900082,116,94,22
115900084,458,18,440
115900085,38,69,-31
115900086,1102,392,710
115900088,8,56,-48
115900089,333,579,-246
115900090,419,9,410
115900091,7,16,-9
115900092,31,104,-73
115900093,9,26,-17
115900094,2,298,-296
115900096,1,15,-14
115900097,8,284,-276
115900098,150,218,-68
115900099,35,36,-1
115900100,16,348,-332
115900101,142,141,1
115900102,70,108,-38
115900103,280,117,163
115900104,78,95,-17
115900105,236,328,-92
115900106,93,15,78
115900107,80,61,19
115900108,148,32,116
115900109,27,275,-248
115900110,2,12,-10
115900111,0,55,-55
115900112,40,581,-541
115900113,45,16,29
115900114,1,72,-71
115900115,69,162,-93
115900116,56,564,-508
115900117,99,20,79
115900118,1,174,-173
115900119,153,98,55
115900120,22,184,-162
115900121,177,141,36
115900124,223,543,-320
115900125,326,38,288
115900126,650,71,579
115900127,657,58,599
115900128,6,109,-103
115900129,521,38,483
115900130,21,277,-256
115900131,238,20,218
115900132,565,7,558
115900134,330,9,321
115900135,392,1128,-736
115900137,11,3,8
115900139,30,46,-16
115900140,219,26,193
115900141,3,26,-23
115900142,6,21,-15
115900143,213,272,-59
115900144,97,146,-49
115900146,6,56,-50
115900147,209,215,-6
115900148,38,4,34
115900149,64,30,34
115900150,63,20,43
115900151,9,102,-93
115900152,149,231,-82
115900153,100,129,-29
115900154,357,336,21
115900155,0,30,-30
115900156,742,850,-108
115900157,165,406,-241
115900158,24,15,9
115900159,139,153,-14
115900160,10,1,9
115900161,27,118,-91
115900163,209,98,111
115900164,498,20,478
115900166,191,104,87
115900168,82,87,-5
115900171,88,285,-197
115900172,57,97,-40
115900173,213,114,99
115900174,215,233,-18
115900175,132,144,-12
115900178,4,370,-366
115900179,297,11,286
115900180,40,72,-32
115900181,160,110,50
115900182,387,144,243
115900183,34,51,-17
115900184,1181,9,1172
115900187,18,124,-106
115900189,2,207,-205
115900190,135,1287,-1152
115900191,23,203,-180
115900192,6,111,-105
115900193,128,73,55
115900194,593,44,549
115900195,537,1839,-1302
115900198,175,244,-69
115900199,225,158,67
115900200,228,227,1
115900201,472,340,132
115900202,0,55,-55
115900203,7,8,-1
115900204,0,14,-14
115900205,48,12,36
115900206,167,122,45
115900207,35,21,14
115900208,134,93,41
115900209,2,104,-102
115900210,4,96,-92
115900211,1,125,-124
115900212,174,130,44
115900213,69,87,-18
115900214,520,127,393
115900215,25,119,-94
115900216,11,105,-94
115900217,1,30,-29
115900218,5,22,-17
115900219,97,5,92
115900220,154,5,149
115900221,67,14,53
115900222,73,41,32
115900223,11,414,-403
115900224,589,940,-351
115900225,60,33,27
115900226,19,27,-8
115900227,5,32,-27
115900228,8,29,-21
115900229,7,15,-8
115900230,66,55,11
115900231,140,3,137
115900232,54,4,50
115900233,82,15,67
115900234,39,32,7
115900235,18,27,-9
115900236,9,18,-9
115900237,44,13,31
115900238,14,10,4
115900239,10,35,-25
115900240,9,43,-34
115900241,187,83,104
115900242,218,321,-103
115900243,8,9,-1
115900244,22,21,1
115900245,44,11,33
115900246,6,10,-4
115900247,50,4,46
115900248,10,5,5
115900249,4,5,-1
115900250,5,21,-16
115900251,1,10,-9
115900252,1,4,-3
115900253,9,17,-8
115900254,4,24,-20
115900255,1,17,-16
115900256,20,15,5
115900257,7,17,-10
115900258,0,2,-2
115900259,5,5,0
115900260,21,1,20
115900261,9,2,7
115900262,8,1,7
115900263,8,1,7
115900264,7,3,4
115900265,3,4,-1
115900266,1,14,-13
115900267,10,23,-13
115900268,8,6,2
115900269,425,236,189
115900270,354,248,106
115900271,123,0,123
115900272,28,4,24
115900273,7,25,-18
115900274,2,7,-5
115900275,1,12,-11
115900276,0,8,-8
115900277,1,41,-40
115900278,56,62,-6
115900279,17,130,-113
115900280,16,423,-407
115900281,260,236,24
115900282,14,12,2
115900283,16,15,1
115900284,19,6,13
116000001,8029,3557,4472
116000002,4675,10173,-5498
116000003,1520,1348,172
116000004,2611,3476,-865
116000005,1557,2441,-884
116000006,2283,2394,-111
116000007,1876,2558,-682
116000008,3614,2131,1483
116000009,1212,1643,-431
116000010,2284,1577,707
116000011,779,1430,-651
116000012,1513,1089,424
116000013,5830,3004,2826
116000014,7751,10769,-3018
116000015,202,1122,-920
116000016,4640,3175,1465
116000017,42,712,-670
116000018,573,192,381
116000019,738,247,491
116000020,564,614,-50
116000021,420,291,129
116000022,355,277,78
116000023,1019,581,438
116000024,617,647,-30
116000025,747,656,91
116000026,1461,2184,-723
116000027,447,515,-68
116000028,411,692,-281
116000029,435,570,-135
116000030,748,369,379
116000031,156,248,-92
116000032,330,126,204
116000033,390,348,42
116000034,548,617,-69
116000035,396,557,-161
116000036,1309,1037,272
116000037,465,384,81
116000038,335,482,-147
116000039,484,369,115
116000040,618,372,246
116000041,101,453,-352
116000042,617,299,318
116000043,99,675,-576
116000044,19,81,-62
116000045,1596,1110,486
116000046,881,1517,-636
116000047,1401,1732,-331
116000048,1736,1561,175
116000049,1064,2954,-1890
116000050,1274,1040,234
116000051,5019,2690,2329
116000052,4395,4314,81
116000053,1687,724,963
116000054,709,2406,-1697
116000055,664,715,-51
116000056,914,790,124
116000057,2279,1199,1080
116000058,2360,1830,530
116000059,2124,3338,-1214
116000060,1803,868,935
116000061,514,876,-362
116000062,643,202,441
116000063,560,1058,-498
116000066,319,513,-194
116000067,222,347,-125
116000068,204,338,-134
116000069,351,273,78
116000078,504,973,-469
116000080,1643,772,871
116000082,7,41,-34
116000083,1648,338,1310
116000084,1599,2718,-1119
116000085,2150,1659,491
116000086,1557,986,571
116000087,1929,1269,660
116000088,620,770,-150
116000089,179,112,67
116000090,106,179,-73
116000091,303,306,-3
116000093,617,329,288
116000094,473,445,28
116000095,727,454,273
116000096,692,1007,-315
116000097,904,568,336
116000098,123,4884,-4761
116000099,4156,223,3933
116000100,200,14,186
116000101,898,557,341
116000102,272,926,-654
116000103,390,236,154
116000104,232,792,-560
116000105,961,170,791
116000106,378,532,-154
116000107,2040,239,1801
116000108,93,133,-40
116000111,149,41,108
116000113,160,142,18
116000114,56,124,-68
116000115,628,419,209
116000116,214,377,-163
116000117,1382,1609,-227
116000118,1502,951,551
116000119,3267,1815,1452
116000120,2723,2816,-93
116000121,856,556,300
116000122,1071,1143,-72
116000123,1088,368,720
116000124,400,638,-238
116000125,2762,772,1990
116000126,238,1066,-828
116000127,844,904,-60
116000128,1620,772,848
116000129,1351,266,1085
116000130,548,456,92
116000133,1023,629,394
116000134,1469,1448,21
116000135,2475,1247,1228
116000136,999,1515,-516
116000137,1144,605,539
116000138,870,565,305
116000139,1426,2114,-688
116000140,133,192,-59
116000141,315,462,-147
116000142,2819,2075,744
116000143,1860,1604,256
116000144,1458,1620,-162
116000145,1774,1033,741
116000146,607,151,456
116000147,210,118,92
116000148,500,495,5
116000149,607,503,104
116000151,459,472,-13
116000153,124,263,-139
116000155,187,240,-53
116000156,341,683,-342
116000157,88,9,79
116000158,343,229,114
116000159,21,13,8
116000160,32,54,-22
116000161,8,53,-45
116000162,25,63,-38
116000163,42,11,31
116000164,7,13,-6
116000177,88,84,4
116000194,93,314,-221
116000195,1295,539,756
116000196,2,5,-3
116000197,2,10,-8
116000198,2189,833,1356
116000200,638,499,139
116000201,502,461,41
116000202,13,244,-231
116000203,7,81,-74
116000204,14,47,-33
116000205,0,108,-108
116000206,9,100,-91
116000207,23,69,-46
116000233,251,287,-36
116000287,117,309,-192
116000288,248,166,82
116000292,38,66,-28
116000296,21,239,-218
116000297,97,29,68
116000304,133,29,104
116000305,20,61,-41
116000346,101,54,47
116000352,48,18,30
116000354,13,3,10
116000357,5,12,-7
116000358,320,79,241
116000361,264,6,258
116000372,3459,3839,-380
116000381,165,0,165
116000388,5,35,-30
116000389,725,392,333
116000445,456,410,46
116000446,645,383,262
116000447,20,517,-497
116000448,515,151,364
116000563,681,698,-17
116000565,39,299,-260
116000568,38,288,-250
116000579,27,85,-58
116000583,140,50,90
116000584,8,7,1
116000585,31,14,17
116000586,54,79,-25
116000587,466,542,-76
116000589,89,87,2
116000590,81,94,-13
116000591,329,201,128
116000592,11,70,-59
116000593,0,36,-36
116000594,643,315,328
116000595,597,116,481
116000596,72,5,67
116000597,431,113,318
116000598,12,114,-102
116000605,207,125,82
116000606,80,240,-160
116000607,1,36,-35
116000609,155,762,-607
116000611,141,408,-267
116000612,815,1700,-885
116000613,550,333,217
116000614,353,417,-64
116000615,2,397,-395
116000616,47,27,20
116000617,91,40,51
116000618,5,60,-55
116000619,45,54,-9
116000620,135,94,41
116000621,54,89,-35
116000622,89,105,-16
116000624,192,72,120
116000627,99,67,32
116000628,52,339,-287
116000629,48,271,-223
116000630,514,20,494
116000631,242,33,209
116000632,991,51,940
116000633,205,159,46
116000634,387,121,266
116000635,2469,2406,63
116000636,658,1263,-605
116000637,402,80,322
116000638,154,243,-89
116000640,24,29,-5
116000641,1,3,-2
116000644,20,401,-381
116900001,232,114,118
116900002,203,1,202
116900003,31,31,0
116900004,32,46,-14
116900005,225,46,179
116900006,111,146,-35
116900007,103,123,-20
116900008,394,213,181
116900009,18,3,15
116900010,0,742,-742
116900011,12,15,-3
116900012,175,121,54
116900013,8,96,-88
116900014,120,126,-6
116900015,391,35,356
116900016,210,0,210
116900017,3,365,-362
116900018,67,52,15
116900019,2,173,-171
116900020,737,988,-251
116900023,52,6,46
116900024,579,31,548
116900025,912,635,277
116900026,104,389,-285
116900027,33,43,-10
116900028,5,91,-86
116900029,1,46,-45
116900031,0,3,-3
116900032,4,231,-227
116900033,21,13,8
116900034,0,52,-52
116900035,97,126,-29
116900036,1,101,-100
116900038,9,1,8
116900041,30,14,16
116900042,404,235,169
116900043,22,46,-24
116900047,23,103,-80
116900049,9,239,-230
116900050,91,284,-193
116900051,149,124,25
116900052,118,56,62
116900055,0,3,-3
116900057,32,181,-149
116900058,27,233,-206
116900059,2,93,-91
116900060,177,129,48
116900062,0,20,-20
116900064,88,431,-343
116900065,12,90,-78
116900067,84,40,44
116900068,116,126,-10
116900070,3,4,-1
116900072,24,240,-216
116900073,16,86,-70
116900074,6,45,-39
116900076,13,46,-33
116900077,3,47,-44
116900078,177,81,96
116900079,43,139,-96
116900080,21,42,-21
116900081,329,772,-443
116900082,228,784,-556
116900083,29,20,9
116900084,118,63,55
116900085,44,128,-84
116900086,41,108,-67
116900088,158,60,98
116900090,130,36,94
116900091,335,15,320
116900092,114,577,-463
116900093,1344,1604,-260
116900094,2902,3206,-304
116900095,171,79,92
116900096,130,301,-171
116900097,1927,2437,-510
116900098,704,313,391
116900099,579,454,125
116900100,777,51,726
116900101,268,394,-126
116900103,4,0,4
116900104,84,53,31
116900105,217,98,119
116900106,1717,74,1643
116900107,2500,2164,336
116900110,19,0,19
116900111,699,373,326
116900112,293,609,-316
116900113,1128,1538,-410
116900116,83,596,-513
116900117,83,86,-3
116900118,520,767,-247
116900120,359,72,287
116900121,110,19,91
116900122,760,401,359
116900123,157,497,-340
116900124,203,826,-623
116900125,375,143,232
116900126,107,516,-409
116900128,1,28,-27
116900129,1,180,-179
116900130,384,3244,-2860
116900131,21,143,-122
116900132,74,129,-55
116900133,147,101,46
116900134,146,166,-20
116900136,232,155,77
116900137,208,115,93
116900138,154,106,48
116900139,108,374,-266
116900140,113,126,-13
116900141,640,331,309
116900142,3,65,-62
116900143,254,263,-9
116900144,27,64,-37
116900145,72,146,-74
116900147,323,384,-61
116900148,5,60,-55
116900149,49,191,-142
116900150,5,14,-9
116900151,32,20,12
116900153,113,73,40
116900154,361,524,-163
116900155,69,71,-2
116900157,508,184,324
116900158,93,228,-135
116900159,46,268,-222
116900160,665,804,-139
116900161,3783,5600,-1817
116900162,10,97,-87
116900163,151,102,49
116900164,84,49,35
116900165,243,253,-10
116900166,34,52,-18
116900167,404,71,333
116900168,324,51,273
116900169,448,528,-80
116900170,304,569,-265
116900171,39,91,-52
116900172,176,352,-176
116900173,174,31,143
116900174,44,53,-9
116900175,148,213,-65
116900178,35,81,-46
116900179,82,322,-240
116900180,93,14,79
116900182,480,218,262
116900183,180,89,91
116900185,28,41,-13
116900186,56,153,-97
116900187,48,38,10
116900188,120,11,109
116900189,78,1,77
116900191,417,491,-74
116900192,284,90,194
116900194,140,1300,-1160
116900195,21,29,-8
116900196,9,60,-51
116900197,108,6,102
116900198,84,162,-78
116900200,57,23,34
116900201,108,18,90
116900202,92,35,57
116900203,149,7,142
116900204,33,94,-61
116900206,8,17,-9
116900207,38,26,12
116900208,20,86,-66
116900209,50,81,-31
116900210,434,216,218
116900211,153,5,148
116900212,47,43,4
116900213,197,62,135
116900214,205,111,94
116900215,12,27,-15
116900216,239,139,100
116900218,4,143,-139
116900219,915,278,637
116900220,94,156,-62
116900221,113,224,-111
116900222,391,291,100
116900223,131,204,-73
116900226,55,31,24
116900227,151,51,100
116900228,264,154,110
116900230,60,175,-115
116900231,17,245,-228
116900232,8,269,-261
116900233,279,105,174
116900234,11,6,5
116900235,120,210,-90
116900238,1366,299,1067
116900239,50,1175,-1125
116900240,3464,2263,1201
116900241,76,84,-8
116900242,621,626,-5
116900243,0,17,-17
116900245,33,16,17
116900246,129,22,107
116900247,689,17,672
116900248,70,30,40
116900249,383,75,308
116900250,334,36,298
116900251,371,431,-60
116900252,155,512,-357
116900254,16,85,-69
116900255,99,40,59
116900256,308,69,239
116900257,18,263,-245
116900258,4,126,-122
116900259,216,7,209
116900260,1,61,-60
116900261,37,2,35
116900262,170,116,54
116900263,0,6,-6
116900264,4,3,1
116900265,42,5,37
116900266,25,21,4
116900267,3,1,2
116900268,190,144,46
116900269,268,531,-263
116900271,855,269,586
116900272,270,183,87
116900273,150,87,63
116900274,100,34,66
116900275,157,77,80
116900276,380,177,203
116900277,426,37,389
116900278,8,10,-2
116900279,3,12,-9
116900280,28,17,11
116900281,3553,3685,-132
116900282,12,143,-131
116900283,16,83,-67
116900284,3,143,-140
116900285,187,212,-25
116900286,170,23,147
116900287,11,23,-12
116900288,80,104,-24
116900289,24,10,14
116900290,6,8,-2
116900291,15,7,8
116900292,0,14,-14
116900293,68,28,40
116900294,9,111,-102
116900295,74,69,5
116900296,37,53,-16
116900297,6,93,-87
116900298,66,58,8
116900299,18,62,-44
116900300,4,50,-46
116900301,39,104,-65
116900302,30,74,-44
116900303,159,111,48
116900304,0,151,-151
116900305,16,24,-8
116900306,183,100,83
116900307,45,1,44
116900308,1,86,-85
116900309,132,123,9
117000001,1882,1495,387
117000002,1877,3273,-1396
117000003,5960,2878,3082
117000004,2911,3745,-834
117000005,2168,1801,367
117000006,1068,2650,-1582
117000007,3825,1100,2725
117000008,949,2720,-1771
117000009,4821,1870,2951
117000010,2139,3027,-888
117000011,2179,1547,632
117000012,1113,1019,94
117000013,1790,739,1051
117000014,1002,1674,-672
117000015,2201,1115,1086
117000016,202,168,34
117000017,203,119,84
117000018,101,599,-498
117000019,65,43,22
117000020,377,1211,-834
117000021,1175,536,639
117000022,222,139,83
117000023,168,243,-75
117000024,188,242,-54
117000025,360,1054,-694
117000026,1590,1287,303
117000027,1592,4916,-3324
117000028,2819,1845,974
117000030,457,395,62
117000031,340,286,54
117000032,1230,1015,215
117000033,1048,549,499
117000034,341,262,79
117000035,349,278,71
117000036,337,249,88
117000037,277,198,79
117000038,185,465,-280
117000039,465,214,251
117000040,235,705,-470
117000041,1019,154,865
117000044,11,706,-695
117000045,557,74,483
117000046,379,657,-278
117000047,915,587,328
117000048,1588,767,821
117000049,95,481,-386
117000050,138,1267,-1129
117000051,2426,127,2299
117000052,66,259,-193
117000053,624,48,576
117000054,1610,16,1594
117000055,60,2063,-2003
117000056,577,15,562
117000057,430,1790,-1360
117000060,422,919,-497
117000061,1675,845,830
117000062,259,502,-243
117000063,1727,969,758
117000064,542,552,-10
117000066,742,765,-23
117000067,154,591,-437
117000074,108,190,-82
117000076,77,41,36
117000077,148,172,-24
117000078,128,569,-441
117000079,344,229,115
117000080,1,316,-315
117000081,982,76,906
117000082,17,83,-66
117000083,138,3,135
117000084,183,1,182
117000085,273,711,-438
117000086,717,398,319
117000087,78,427,-349
117000088,270,183,87
117000089,1629,210,1419
117000090,249,921,-672
117000091,918,249,669
117000092,355,980,-625
117000093,1203,637,566
117000094,1115,2188,-1073
117000095,3517,753,2764
117000096,576,1690,-1114
117000097,1570,1024,546
117000098,2135,3063,-928
117000099,3565,1127,2438
117000100,262,324,-62
117000101,195,709,-514
117000102,2008,582,1426
117000103,647,1264,-617
117000104,1332,594,738
117000105,839,1131,-292
117000106,1195,693,502
117000107,510,1267,-757
117000108,1844,822,1022
117000109,1266,1853,-587
117000110,1720,1037,683
117000111,3203,3412,-209
117000112,3206,1433,1773
117000113,96,137,-41
117000114,204,105,99
117000115,95,58,37
117000116,137,164,-27
117000117,1381,947,434
117000118,275,119,156
117000119,179,209,-30
117000120,140,549,-409
117000121,70,1119,-1049
117000122,313,676,-363
117000123,1150,30,1120
117000124,456,51,405
117000125,195,139,56
117000126,42,13,29
117000127,139,234,-95
117000128,278,550,-272
117000129,356,732,-376
117000130,138,0,138
117000131,0,74,-74
117000132,2638,38,2600
117000133,1632,49,1583
117000134,0,69,-69
117000135,3,59,-56
117000136,3,28,-25
117000137,116,126,-10
117000138,4,535,-531
117000140,481,1017,-536
117000141,1624,473,1151
117000181,422,177,245
117000182,463,547,-84
117000195,186,620,-434
117000196,267,141,126
117000225,93,37,56
117000226,6,111,-105
117000276,356,21,335
117000277,2,259,-257
117000310,1362,1815,-453
117000315,43,478,-435
117000320,83,0,83
117000906,359,17,342
117000907,11,270,-259
117000909,47,34,13
117000910,235,180,55
117000911,112,169,-57
117000915,9,373,-364
117000916,41,2,39
117000917,1256,25,1231
117000918,66,70,-4
117000919,14,65,-51
117000920,2,838,-836
117000921,0,727,-727
117000922,16,70,-54
117000924,461,746,-285
117000926,570,99,471
117000927,1176,1054,122
117000928,1,101,-100
117000929,216,223,-7
117000930,282,15,267
117000931,343,186,157
117900002,88,419,-331
117900003,501,305,196
117900005,5,55,-50
117900006,0,40,-40
117900007,141,88,53
117900008,0,15,-15
117900010,250,53,197
117900011,12,123,-111
117900012,70,64,6
117900013,0,104,-104
117900014,488,104,384
117900015,9,78,-69
117900016,759,756,3
117900017,425,234,191
117900018,144,142,2
117900019,390,189,201
117900020,60,412,-352
117900021,21,47,-26
117900023,764,60,704
117900024,66,70,-4
117900025,53,8,45
117900026,395,165,230
117900028,40,2,38
117900029,270,402,-132
117900030,464,195,269
117900031,85,85,0
117900032,861,447,414
117900033,252,365,-113
117900034,43,34,9
117900035,182,73,109
117900036,193,289,-96
117900037,151,53,98
117900038,26,209,-183
117900039,3,39,-36
117900040,157,262,-105
117900041,4,32,-28
117900042,2511,245,2266
117900043,37,43,-6
117900044,10,2697,-2687
117900045,164,133,31
117900048,338,230,108
117900049,219,358,-139
117900050,14,111,-97
117900051,21,6,15
117900052,38,321,-283
117900053,1632,500,1132
117900054,1,24,-23
117900055,227,124,103
117900056,157,75,82
117900057,1038,1088,-50
117900058,65,24,41
117900059,225,58,167
117900060,2199,3661,-1462
117900061,15,151,-136
117900063,342,152,190
117900065,622,955,-333
117900066,5,68,-63
117900067,508,118,390
117900069,610,228,382
117900070,115,49,66
117900071,91,94,-3
117900073,526,177,349
117900074,75,29,46
117900075,73,74,-1
117900076,27,49,-22
117900077,444,111,333
117900078,359,805,-446
117900080,128,35,93
117900081,422,293,129
117900082,403,391,12
117900083,320,281,39
117900086,124,11,113
117900087,99,32,67
117900088,2763,1608,1155
117900089,1966,580,1386
117900090,349,325,24
117900091,130,136,-6
117900092,53,18,35
117900093,91,28,63
117900094,30,16,14
117900095,347,310,37
117900096,79,187,-108
117900097,202,45,157
117900098,18,6,12
117900099,117,162,-45
117900100,223,1,222
117900101,398,1613,-1215
117900102,64,35,29
117900103,59,3,56
117900104,19,135,-116
117900105,148,158,-10
117900106,97,31,66
117900107,25,0,25
117900109,633,366,267
117900110,102,2,100
117900111,360,25,335
117900112,69,3,66
117900113,1775,1496,279
117900114,23,0,23
117900115,213,62,151
117900116,684,625,59
117900117,569,222,347
117900118,100,1,99
117900119,201,144,57
117900120,174,42,132
117900121,66,20,46
117900122,1087,3160,-2073
117900123,556,267,289
117900124,638,528,110
117900125,1669,1937,-268
117900126,234,441,-207
117900127,451,260,191
117900128,342,377,-35
117900129,59,0,59
117900130,623,268,355
117900131,3,100,-97
117900132,4,82,-78
117900133,15,97,-82
117900134,36,195,-159
117900135,18,108,-90
117900136,0,41,-41
117900137,30,188,-158
117900138,1,32,-31
117900139,130,68,62
117900140,2464,195,2269
117900141,161,132,29
117900142,55,54,1
117900144,56,126,-70
117900145,20,56,-36
117900146,169,136,33
117900147,63,42,21
117900148,1692,1415,277
117900149,120,165,-45
117900150,40,41,-1
117900151,37,76,-39
117900152,69,44,25
117900153,16,85,-69
117900154,391,413,-22
117900156,688,553,135
117900157,77,476,-399
117900158,244,104,140
117900160,641,686,-45
117900161,2071,1626,445
117900162,385,325,60
117900163,47,203,-156
117900165,2,20,-18
117900166,84,482,-398
117900168,61,111,-50
117900169,0,82,-82
117900170,1,22,-21
117900171,1,19,-18
117900172,5,28,-23
117900173,121,68,53
117900174,38,48,-10
117900175,2,18,-16
117900176,20,11,9
117900177,25,18,7
117900178,92,26,66
117900180,180,42,138
117900181,73,308,-235
117900182,2,57,-55
117900183,56,152,-96
117900184,8,50,-42
117900185,40,41,-1
117900186,56,18,38
117900187,24,12,12
117900188,160,43,117
117900189,72,27,45
117900190,32,2,30
117900191,90,1,89
117900192,214,0,214
117900193,6,42,-36
117900194,10,8,2
117900195,13,38,-25
117900196,27,26,1
117900207,133,128,5
117900208,25,19,6
117900209,214,147,67
117900210,102,175,-73
117900211,3,128,-125
117900212,96,108,-12
117900213,25,12,13
117900214,7,47,-40
117900215,32,32,0
117900216,35,17,18
117900217,72,428,-356
117900218,110,112,-2
117900219,5,124,-119
117900220,42,93,-51
117900222,184,202,-18
117900223,144,309,-165
118000001,627,1177,-550
118000002,679,1275,-596
118000003,2072,3680,-1608
118000004,2442,1971,471
118000005,3814,5487,-1673
118000006,4034,7686,-3652
118000007,4321,3565,756
118000008,2691,3604,-913
118000009,1452,2045,-593
118000010,3482,3293,189
118000011,1227,1502,-275
118000012,789,1356,-567
118000013,1889,2062,-173
118000014,1649,1851,-202
118000016,208,287,-79
118000017,408,393,15
118000018,289,299,-10
118000019,1910,1537,373
118000020,1195,2981,-1786
118000021,686,2974,-2288
118000022,1494,688,806
118000023,805,330,475
118000024,1150,986,164
118000027,10696,11288,-592
118000029,813,734,79
118000032,840,3475,-2635
118000033,2173,5327,-3154
118000034,3938,2616,1322
118000035,1575,2606,-1031
118000036,862,1166,-304
118000037,701,782,-81
118000038,212,93,119
118000039,57,145,-88
118000040,1399,1164,235
118000041,2053,1077,976
118000045,276,172,104
118000046,1146,600,546
118000047,753,997,-244
118000048,1888,1982,-94
118000051,1670,1213,457
118000052,1010,553,457
118000053,240,440,-200
118000054,1089,1281,-192
118000055,961,1524,-563
118000056,230,332,-102
118000057,269,335,-66
118000058,1657,1435,222
118000059,1198,1120,78
118000060,988,464,524
118000061,1159,1093,66
118000062,505,233,272
118000063,336,610,-274
118000064,759,1026,-267
118000065,2539,1314,1225
118000066,668,1342,-674
118000067,649,826,-177
118000068,1254,4060,-2806
118000069,2106,888,1218
118000070,3936,1432,2504
118000071,2536,5951,-3415
118000072,1073,1267,-194
118000073,939,742,197
118000074,405,670,-265
118000075,655,353,302
118000076,1211,2693,-1482
118000077,1221,1245,-24
118000078,1628,2082,-454
118000079,163,374,-211
118000080,810,873,-63
118000081,1789,1228,561
118000082,282,1055,-773
118000083,1463,1345,118
118000084,2387,1298,1089
118000086,271,432,-161
118000087,3630,2374,1256
118000088,1605,1539,66
118000089,3060,1974,1086
118000090,1357,2269,-912
118000091,1008,2145,-1137
118000092,737,453,284
118000093,137,585,-448
118000096,417,560,-143
118000097,761,557,204
118000098,315,172,143
118000099,625,522,103
118000101,1108,349,759
118000102,371,863,-492
118000107,1135,387,748
118000108,663,1899,-1236
118000110,0,19,-19
118000111,0,185,-185
118000112,537,6,531
118000113,2,342,-340
118000114,366,9,357
118000115,11,3,8
118000116,26,0,26
118000117,843,676,167
118000118,890,1036,-146
118000119,760,1140,-380
118000120,1426,1119,307
118000121,104,678,-574
118000122,1197,360,837
118000123,35,290,-255
118000125,1438,736,702
118000126,602,1415,-813
118000127,1382,641,741
118000128,511,1010,-499
118000129,989,511,478
118000130,1802,2445,-643
118000131,396,710,-314
118000132,2653,1996,657
118000133,888,477,411
118000135,486,452,34
118000136,136,365,-229
118000137,491,84,407
118000138,353,471,-118
118000139,506,99,407
118000140,2218,4160,-1942
118000141,2129,1577,552
118000142,1791,1264,527
118000143,1940,1024,916
118000144,844,609,235
118000145,1341,1300,41
118000146,1130,554,576
118000147,739,1042,-303
118000148,447,909,-462
118000149,818,763,55
118000150,370,288,82
118000151,446,344,102
118000153,1245,945,300
118000154,1374,1167,207
118000155,1300,1090,210
118000156,1525,2014,-489
118000157,502,317,185
118000158,266,381,-115
118000159,23,91,-68
118000160,555,314,241
118000161,405,497,-92
118000162,1247,856,391
118000163,823,657,166
118000164,1666,1041,625
118000168,621,516,105
118000169,938,920,18
118000170,2737,3418,-681
118000171,285,482,-197
118000172,131,219,-88
118000173,794,1126,-332
118000175,284,285,-1
118000176,240,397,-157
118000177,228,498,-270
118000178,38,44,-6
118000179,1075,1103,-28
118000180,729,599,130
118000181,564,212,352
118000182,281,174,107
118000183,198,243,-45
118000184,983,601,382
118000185,926,1046,-120
118000186,672,967,-295
118000187,1279,419,860
118000188,596,131,465
118000189,586,395,191
118000190,4,10,-6
118000191,30,27,3
118000192,169,337,-168
118000193,122,371,-249
118000194,1172,790,382
118000195,459,1128,-669
118000196,206,182,24
118000197,113,170,-57
118000198,346,716,-370
118000199,307,352,-45
118000200,66,199,-133
118000201,415,495,-80
118000202,44,39,5
118000203,584,602,-18
118000204,86,431,-345
118000205,131,272,-141
118000206,193,172,21
118000207,0,45,-45
118000208,1385,1483,-98
118000209,1745,1095,650
118000210,91,30,61
118000211,40,34,6
118000213,692,1323,-631
118000214,398,429,-31
118000215,338,117,221
118000216,1720,1362,358
118000217,22,44,-22
118000218,73,59,14
118000219,385,249,136
118000220,0,63,-63
118000221,234,263,-29
118000222,51,7,44
118000223,47,48,-1
118000224,91,68,23
118000225,147,408,-261
118000226,886,171,715
118000227,616,347,269
118000228,89,212,-123
118000229,102,81,21
118000230,121,134,-13
118000231,73,190,-117
118000232,732,511,221
118000233,1052,679,373
118000234,416,163,253
118000236,249,215,34
118000237,87,270,-183
118000238,248,114,134
118000239,280,247,33
118000240,228,153,75
118000241,140,127,13
118000242,283,339,-56
118000243,227,195,32
118000244,24,67,-43
118000246,0,13,-13
118000255,97,316,-219
118000256,236,230,6
118000259,8,37,-29
118000260,134,61,73
118000261,35,25,10
118000263,109,160,-51
118000266,90,154,-64
118000267,0,119,-119
118000268,271,1,270
118000270,66,18,48
118000271,288,189,99
118000272,103,37,66
118000273,126,40,86
118000274,118,183,-65
118000276,485,282,203
118000295,5,97,-92
118000298,114,202,-88
118000299,51,132,-81
118000301,0,41,-41
118000302,115,37,78
118000311,470,70,400
118000312,241,118,123
118000313,52,68,-16
118000314,98,29,69
118000315,21,19,2
118000316,567,368,199
118000325,41,31,10
118000326,26,26,0
118000331,25,33,-8
118000332,5,17,-12
118000333,16,44,-28
118000335,291,0,291
118000336,0,152,-152
118000407,144,53,91
118000457,7,38,-31
118000465,2372,3151,-779
118000480,51,69,-18
118000489,44,345,-301
118000490,21,185,-164
118000492,289,160,129
118000510,39,16,23
118000514,191,184,7
118000515,659,565,94
118000517,256,164,92
118000524,266,298,-32
118000525,627,633,-6
118000530,22,69,-47
118000531,283,218,65
118000532,209,214,-5
118000533,296,126,170
118000534,433,340,93
118000535,247,139,108
118000536,419,1383,-964
118000537,15,134,-119
118000538,25,60,-35
118000539,12,74,-62
118000540,253,99,154
118000541,121,34,87
118000542,78,134,-56
118000543,115,148,-33
118000546,30,19,11
118000553,0,2,-2
118000557,0,0,0
118000560,1620,1944,-324
118000562,39,109,-70
118000563,1211,1031,180
118000576,245,106,139
118000577,180,150,30
118000578,177,104,73
118000579,456,971,-515
118000583,0,0,0
118000595,210,87,123
118000596,0,80,-80
118000597,166,90,76
118000598,9,1,8
118000599,83,75,8
118000600,1,6,-5
118000601,5,0,5
118000602,1,5,-4
118000603,0,24,-24
118000605,65,219,-154
118900001,381,1003,-622
118900002,647,725,-78
118900003,381,12,369
118900004,18,35,-17
118900005,76,9,67
118900006,146,7,139
118900007,10,2,8
118900008,1242,29,1213
118900009,57,30,27
118900010,53,2,51
118900011,139,28,111
118900012,386,168,218
118900013,379,130,249
118900015,171,33,138
118900016,12,10,2
118900017,162,278,-116
118900018,768,24,744
118900019,27,26,1
118900020,164,114,50
118900021,146,270,-124
118900022,113,71,42
118900023,148,79,69
118900024,118,91,27
118900025,39,10,29
118900026,66,77,-11
118900027,355,143,212
118900028,161,107,54
118900029,277,338,-61
118900030,346,20,326
118900031,149,75,74
118900032,202,124,78
118900033,322,356,-34
118900034,152,16,136
118900035,114,135,-21
118900036,1136,536,600
118900037,239,284,-45
118900038,403,131,272
118900039,457,111,346
118900040,212,142,70
118900041,490,140,350
118900042,164,82,82
118900045,263,139,124
118900046,847,394,453
118900047,385,241,144
118900048,142,191,-49
118900049,42,32,10
118900050,15,54,-39
118900051,76,120,-44
118900052,205,201,4
118900053,15,105,-90
118900054,102,29,73
118900055,84,62,22
118900056,80,371,-291
118900057,742,383,359
118900058,356,307,49
118900059,12,78,-66
118900060,58,114,-56
118900062,332,169,163
118900064,449,509,-60
118900065,52,119,-67
118900066,60,65,-5
118900067,3418,3263,155
118900068,6,203,-197
118900069,361,172,189
118900071,2,61,-59
118900072,409,268,141
118900073,111,88,23
118900074,111,112,-1
118900075,52,28,24
118900076,168,133,35
118900077,171,144,27
118900078,17,6,11
118900079,39,171,-132
118900080,25,84,-59
118900081,54,25,29
118900082,702,126,576
118900083,21,7,14
118900084,15,11,4
118900085,497,644,-147
118900086,20,44,-24
118900087,25,175,-150
118900088,0,0,0
118900089,23,33,-10
118900090,506,259,247
118900091,113,131,-18
118900092,109,39,70
118900093,139,29,110
118900096,79,108,-29
118900097,239,319,-80
118900099,53,148,-95
118900100,128,152,-24
118900101,74,260,-186
118900102,17,56,-39
118900103,18,80,-62
118900104,197,84,113
118900105,104,61,43
118900107,80,55,25
118900108,54,69,-15
118900110,1097,703,394
118900111,313,343,-30
118900112,77,136,-59
118900113,82,296,-214
118900114,21,77,-56
118900115,69,307,-238
118900116,123,163,-40
118900117,78,135,-57
118900118,271,206,65
118900119,130,136,-6
118900120,67,247,-180
118900121,12,116,-104
118900122,13,740,-727
118900123,131,128,3
118900124,80,94,-14
118900126,26,294,-268
118900129,235,223,12
118900130,57,184,-127
118900131,145,144,1
118900132,218,171,47
118900133,18,104,-86
118900135,172,184,-12
118900136,172,300,-128
118900137,3,26,-23
118900139,180,244,-64
118900140,338,410,-72
118900141,71,85,-14
118900144,131,250,-119
118900145,24,64,-40
118900146,265,467,-202
118900147,124,172,-48
118900148,64,32,32
118900150,150,485,-335
118900152,447,561,-114
118900157,58,125,-67
118900158,80,61,19
118900159,0,74,-74
118900161,34,14,20
118900163,72,58,14
118900164,2,52,-50
118900165,59,104,-45
118900166,7,4,3
118900167,69,57,12
118900168,7,95,-88
118900169,110,147,-37
118900170,135,54,81
118900171,28,25,3
118900174,57,36,21
118900175,376,434,-58
118900176,175,256,-81
118900177,57,31,26
118900178,59,92,-33
118900179,3,11,-8
118900181,77,64,13
118900182,45,26,19
118900183,40,89,-49
118900184,221,52,169
118900185,57,81,-24
118900186,106,69,37
118900187,213,221,-8
118900188,247,239,8
118900189,24,650,-626
118900190,18,191,-173
118900191,162,53,109
118900192,185,24,161
118900193,494,2,492
118900195,247,426,-179
118900196,24,103,-79
118900197,130,35,95
118900198,17,14,3
118900199,89,35,54
118900200,18,13,5
118900201,12,14,-2
118900202,11,30,-19
118900203,8,12,-4
118900204,7,12,-5
118900205,6,2,4
118900206,2,8,-6
119000001,1117,1607,-490
119000002,2944,3142,-198
119000003,2306,806,1500
119000004,1977,1179,798
119000005,1675,1700,-25
119000006,2726,1418,1308
119000007,3109,2644,465
119000008,1842,1550,292
119000009,2900,4179,-1279
119000010,4826,3726,1100
119000011,3531,2742,789
119000012,2763,3115,-352
119000013,2854,1731,1123
119000014,1489,2278,-789
119000019,263,105,158
119000020,1747,1256,491
119000021,4056,2206,1850
119000022,1570,2104,-534
119000023,283,276,7
119000024,1665,10695,-9030
119000025,5176,1111,4065
119000026,203,587,-384
119000027,290,371,-81
119000028,1457,741,716
119000029,77,314,-237
119000030,534,882,-348
119000031,747,552,195
119000032,1412,1948,-536
119000033,1981,1076,905
119000034,983,823,160
119000035,43,237,-194
119000036,1937,604,1333
119000037,1137,1137,0
119000038,141,646,-505
119000039,348,266,82
119000040,730,574,156
119000041,716,1088,-372
119000048,2634,2067,567
119000049,1630,1497,133
119000050,1349,1582,-233
119000051,1663,893,770
119000052,1490,2237,-747
119000053,1923,1138,785
119000054,2977,2425,552
119000055,4361,2445,1916
119000056,2583,1689,894
119000057,1654,1433,221
119000058,1733,1351,382
119000059,1090,1220,-130
119000060,1357,953,404
119000061,941,721,220
119000062,1097,1041,56
119000063,513,444,69
119000064,729,758,-29
119000065,1446,2452,-1006
119000066,1807,1058,749
119000067,1877,1612,265
119000068,1705,854,851
119000069,1484,1684,-200
119000070,2372,735,1637
119000071,453,593,-140
119000072,4008,2355,1653
119000073,3757,6144,-2387
119000074,1320,1560,-240
119000075,2161,1715,446
119000076,283,961,-678
119000077,522,429,93
119000078,431,186,245
119000079,149,513,-364
119000080,500,174,326
119000081,307,411,-104
119000082,726,175,551
119000083,548,418,130
119000084,282,378,-96
119000085,526,190,336
119000086,283,435,-152
119000087,1403,610,793
119000088,454,231,223
119000089,90,212,-122
119000090,116,111,5
119000091,158,367,-209
119000092,384,171,213
119000093,3054,2046,1008
119000094,3184,4402,-1218
119000095,1550,2370,-820
119000097,1809,1050,759
119000098,890,2542,-1652
119000099,1914,1262,652
119000100,3653,2768,885
119000101,2986,1771,1215
119000102,548,1236,-688
119000103,1077,638,439
119000104,1771,908,863
119000105,920,1867,-947
119000106,335,771,-436
119000107,1004,403,601
119000108,311,628,-317
119000109,71,473,-402
119000110,318,311,7
119000111,34,561,-527
119000112,162,49,113
119000113,1498,237,1261
119000114,922,742,180
119000115,123,134,-11
119000116,91,85,6
119000117,97,336,-239
119000118,4,2,2
119000123,2170,1683,487
119000124,569,169,400
119000125,3573,520,3053
119000126,1212,542,670
119000127,563,331,232
119000128,11,1,10
119000131,894,423,471
119000132,5,1,4
119000133,1,5,-4
119000134,1538,539,999
119000135,141,178,-37
119000136,213,140,73
119000137,191,249,-58
119000138,429,161,268
119000139,286,142,144
119000140,255,263,-8
119000284,1059,2164,-1105
119000285,1710,1663,47
119000286,5444,4282,1162
119000287,1068,1569,-501
119000288,1593,1002,591
119000289,1252,1944,-692
119000290,197,302,-105
119000291,18,226,-208
119000293,151,149,2
119000294,42,31,11
119000295,1057,270,787
119000296,307,157,150
119000297,0,0,0
119000299,0,0,0
119000302,1755,1069,686
119000303,40,128,-88
119000314,1397,8800,-7403
119000315,0,245,-245
119000316,133,95,38
119000317,102,179,-77
119900001,243,1156,-913
119900002,130,167,-37
119900003,35,693,-658
119900004,285,1112,-827
119900005,203,107,96
119900006,180,344,-164
119900007,985,238,747
119900008,10,22,-12
119900009,447,425,22
119900010,596,844,-248
119900011,28,122,-94
119900012,18,82,-64
119900013,1799,1046,753
119900014,440,152,288
119900015,151,29,122
119900016,37,41,-4
119900017,54,32,22
119900018,1324,805,519
119900019,22,12,10
119900020,182,229,-47
119900021,135,50,85
119900022,95,613,-518
119900023,370,1549,-1179
119900025,212,30,182
119900026,559,151,408
119900027,8,24,-16
119900028,212,109,103
119900029,7,11,-4
119900030,437,325,112
119900031,45,412,-367
119900033,1208,278,930
119900034,423,77,346
119900037,207,22,185
119900038,68,287,-219
119900039,34,13,21
119900040,113,21,92
119900041,105,17,88
119900042,165,169,-4
119900043,114,84,30
119900044,174,752,-578
119900046,150,34,116
119900047,271,70,201
119900048,176,20,156
119900049,127,5,122
119900050,49,86,-37
119900051,952,10,942
119900052,57,30,27
119900053,231,165,66
119900054,167,9,158
119900055,1245,443,802
119900057,240,47,193
119900058,268,2,266
119900059,84,38,46
119900060,221,17,204
119900061,228,6,222
119900062,67,14,53
119900063,17,60,-43
119900065,241,4,237
119900067,78,14,64
119900068,497,3,494
119900069,113,10,103
119900070,880,4,876
119900071,598,14,584
119900073,1334,492,842
119900074,18,28,-10
119900075,3098,2086,1012
119900076,622,204,418
119900077,760,786,-26
119900078,680,681,-1
119900079,425,174,251
119900080,192,234,-42
119900081,453,52,401
119900082,1113,120,993
119900083,350,111,239
119900084,436,223,213
119900085,42,46,-4
119900086,545,709,-164
119900087,302,380,-78
119900088,20,28,-8
119900089,77,326,-249
119900090,112,38,74
119900091,50,581,-531
119900092,24,266,-242
119900093,1044,195,849
119900094,44,125,-81
119900095,185,98,87
119900096,35,83,-48
119900097,421,175,246
119900098,43,47,-4
119900099,41,180,-139
119900100,1408,2658,-1250
119900101,133,1268,-1135
119900102,59,184,-125
119900103,46,233,-187
119900104,60,145,-85
119900105,545,1895,-1350
119900106,17,82,-65
119900107,257,1712,-1455
119900108,2625,475,2150
119900109,11,89,-78
119900110,717,462,255
119900111,142,262,-120
119900112,917,463,454
119900113,60,215,-155
119900114,268,772,-504
119900115,337,776,-439
119900116,100,398,-298
119900117,331,474,-143
119900118,121,651,-530
119900119,213,188,25
119900120,555,352,203
119900121,374,637,-263
119900122,467,272,195
119900123,175,261,-86
119900124,224,591,-367
119900125,56,245,-189
119900126,2659,297,2362
119900127,1560,822,738
119900128,505,451,54
119900129,200,364,-164
119900130,37,193,-156
119900131,28,180,-152
119900132,3,154,-151
119900133,44,57,-13
119900134,1199,154,1045
119900135,0,272,-272
119900136,175,266,-91
119900138,284,446,-162
119900139,4,69,-65
119900140,3,104,-101
119900141,75,639,-564
119900142,2,26,-24
119900143,11,176,-165
119900144,1215,201,1014
119900145,98,103,-5
119900146,103,137,-34
119900147,2,133,-131
119900148,227,41,186
119900149,711,3505,-2794
119900150,180,115,65
119900151,1336,690,646
119900152,102,168,-66
119900153,150,58,92
119900154,22,356,-334
119900155,36,38,-2
119900156,21,1,20
119900157,118,155,-37
119900158,134,50,84
119900159,2,1008,-1006
119900160,31,54,-23
119900161,173,121,52
119900162,758,882,-124
119900163,107,138,-31
119900164,1,2,-1
119900165,192,130,62
119900166,83,38,45
119900167,55,64,-9
119900168,853,407,446
119900169,67,220,-153
119900170,225,280,-55
119900171,951,335,616
119900172,78,21,57
119900173,6,280,-274
119900174,3,83,-80
119900175,1135,485,650
119900177,22,166,-144
119900178,102,174,-72
119900179,89,492,-403
119900180,877,715,162
119900181,73,111,-38
119900182,0,218,-218
119900183,130,606,-476
119900184,1465,368,1097
119900185,47,169,-122
119900186,46,923,-877
119900187,6,259,-253
119900188,96,213,-117
119900189,399,360,39
119900190,60,240,-180
119900191,262,254,8
119900192,39,141,-102
119900193,356,113,243
119900194,40,87,-47
119900195,42,175,-133
119900196,759,290,469
119900197,181,132,49
119900198,111,169,-58
119900199,133,19,114
119900200,674,557,117
119900201,290,164,126
119900202,68,228,-160
119900203,149,519,-370
119900204,259,188,71
119900205,701,382,319
119900206,209,85,124
119900208,167,137,30
119900209,513,1167,-654
119900210,59,19,40
119900211,90,4,86
119900212,220,215,5
119900213,6,63,-57
119900214,45,76,-31
119900215,58,83,-25
119900216,21,59,-38
119900217,12,54,-42
119900218,11,51,-40
119900219,10,82,-72
119900220,5,63,-58
119900221,25,163,-138
119900222,11,138,-127
119900223,13,68,-55
119900224,14,20,-6
119900225,653,41,612
119900226,492,1681,-1189
119900227,850,208,642
119900228,11,142,-131
119900229,347,315,32
119900230,1090,375,715
119900231,248,133,115
119900232,215,99,116
119900233,36,6,30
119900234,14,47,-33
119900235,13,57,-44
119900236,10,122,-112
119900237,26,321,-295
119900238,1,81,-80
119900240,93,143,-50
119900241,142,190,-48
119900242,1042,961,81
119900244,547,904,-357
119900245,86,160,-74
119900246,253,489,-236
119900247,34,138,-104
119900248,73,220,-147
119900249,242,83,159
119900253,1682,302,1380
119900254,83,668,-585
119900255,50,560,-510
119900256,533,557,-24
119900257,47,3,44
119900258,136,11,125
119900259,29,80,-51
119900260,114,2,112
119900261,273,102,171
119900262,3,138,-135
119900263,1061,312,749
119900264,107,104,3
119900265,417,250,167
119900266,322,150,172
119900267,277,399,-122
119900268,170,111,59
119900269,992,718,274
119900271,25,63,-38
119900272,196,251,-55
119900275,131,30,101
119900276,72,2,70
119900277,18,9,9
119900278,163,116,47
119900279,116,207,-91
119900280,558,110,448
119900281,0,225,-225
119900282,50,135,-85
119900283,18,159,-141
119900284,48,116,-68
119900285,22,87,-65
119900286,1,7,-6
119900288,3,12,-9
119900289,3,25,-22
119900290,3,11,-8
119900291,0,70,-70
119900292,63,85,-22
119900293,25,75,-50
119900294,20,50,-30
119900295,35,24,11
119900296,62,129,-67
119900297,0,12,-12
119900298,3,3,0
119900299,39,126,-87
119900300,185,105,80
119900301,25,21,4
119900302,20,36,-16
119900303,179,115,64
119900304,114,26,88
119900305,8,78,-70
119900306,28,0,28
119900307,34,76,-42
119900308,6,19,-13
119900309,30,89,-59
119900310,232,211,21
119900311,95,110,-15
119900312,89,54,35
119900313,243,192,51
119900314,180,348,-168
119900315,1845,1587,258
119900318,9,40,-31
119900319,8,189,-181
119900320,197,304,-107
119900321,77,4,73
120000001,5485,14486,-9001
120000002,2589,2209,380
120000003,2831,1525,1306
120000004,2335,1741,594
120000005,3438,2036,1402
120000006,1228,1072,156
120000007,3371,2708,663
120000008,1009,1177,-168
120000009,1921,978,943
120000010,1759,1866,-107
120000011,951,1251,-300
120000012,1523,2125,-602
120000013,2992,2420,572
120000014,737,1229,-492
120000015,2284,1258,1026
120000016,3597,2082,1515
120000017,2611,2191,420
120000018,3368,10442,-7074
120000019,1059,1349,-290
120000020,2808,2899,-91
120000021,1946,2101,-155
120000022,2507,3743,-1236
120000023,1099,1643,-544
120000024,1352,2317,-965
120000025,2799,1896,903
120000026,2040,1591,449
120000027,2266,2055,211
120000028,594,1499,-905
120000029,1997,1021,976
120000030,165,900,-735
120000031,1736,5410,-3674
120000032,6445,3345,3100
120000033,4123,1402,2721
120000034,1991,1350,641
120000035,2093,1553,540
120000036,2521,4142,-1621
120000037,676,1478,-802
120000038,4450,3104,1346
120000039,669,702,-33
120000040,64,426,-362
120000041,1375,1340,35
120000042,1545,1730,-185
120000043,4454,1407,3047
120000044,5221,1357,3864
120000045,5942,976,4966
120000046,3153,2331,822
120000047,763,4701,-3938
120000048,5958,3934,2024
120000049,3497,2753,744
120000050,3110,3179,-69
120000051,2488,3520,-1032
120000052,6603,2111,4492
120000053,1378,1856,-478
120000054,1236,2946,-1710
120000055,1582,3724,-2142
120000056,4307,3167,1140
120000057,3207,1074,2133
120000058,3392,1356,2036
120000059,10,1604,-1594
120000061,134,519,-385
120000062,226,319,-93
120000063,1342,2026,-684
120000064,242,796,-554
120000065,463,988,-525
120000066,200,396,-196
120000067,44,428,-384
120000068,192,576,-384
120000069,602,714,-112
120000070,73,590,-517
120000071,613,113,500
120000072,779,378,401
120000073,886,95,791
120000074,201,93,108
120000075,1012,226,786
120000076,1948,384,1564
120000077,1819,644,1175
120000078,3353,1394,1959
120000079,467,373,94
120000080,282,312,-30
120000081,434,182,252
120000082,321,294,27
120000083,135,776,-641
120000084,367,311,56
120000085,362,350,12
120000086,290,388,-98
120000087,233,438,-205
120000088,781,863,-82
120000089,1134,533,601
120000090,699,492,207
120000091,956,918,38
120000092,1143,543,600
120000093,461,401,60
120000094,184,668,-484
120000095,872,338,534
120000096,245,538,-293
120000098,918,701,217
120000099,368,642,-274
120000100,674,748,-74
120000101,481,331,150
120000102,510,827,-317
120000103,1504,900,604
120000104,1932,458,1474
120000105,2883,610,2273
120000106,2414,612,1802
120000107,4009,567,3442
120000108,1396,124,1272
120000109,1168,78,1090
120000110,92,770,-678
120000111,127,932,-805
120000112,674,1924,-1250
120000113,510,1409,-899
120000114,997,1848,-851
120000115,244,1500,-1256
120000116,705,1509,-804
120000117,774,1093,-319
120000118,52,22,30
120000119,33,46,-13
120000120,63,69,-6
120000121,24,52,-28
120000122,259,323,-64
120000123,2900,5283,-2383
120000124,465,314,151
120000125,509,456,53
120000126,313,1081,-768
120000127,1996,939,1057
120000128,2517,3824,-1307
120000129,242,228,14
120000130,900,489,411
120000131,261,653,-392
120000134,274,760,-486
120000135,550,426,124
120000137,239,826,-587
120000138,1048,391,657
120000139,269,464,-195
120000140,838,371,467
120000141,342,391,-49
120000142,541,477,64
120000143,1,81,-80
120000144,89,2,87
120000145,413,3,410
120000146,1008,749,259
120000149,590,854,-264
120000150,2359,9613,-7254
120000151,386,411,-25
120000152,446,141,305
120000153,202,385,-183
120000154,548,441,107
120000155,117,269,-152
120000156,592,1067,-475
120000157,949,508,441
120000158,787,733,54
120000159,1726,2054,-328
120000160,2255,1536,719
120000161,2200,1843,357
120000162,86,280,-194
120000163,693,943,-250
120000164,584,274,310
120000165,607,544,63
120000166,1577,453,1124
120000167,106,104,2
120000168,14,414,-400
120000169,38,1264,-1226
120000170,32,1094,-1062
120000171,14,450,-436
120000172,13,308,-295
120000173,2020,1510,510
120000174,204,40,164
120000175,169,48,121
120000176,198,35,163
120000177,935,136,799
120000178,62,19,43
120000179,90,37,53
120000180,289,92,197
120000181,66,972,-906
120000182,50,602,-552
120000183,10,389,-379
120000184,157,978,-821
120000186,44,718,-674
120000187,39,385,-346
120000188,64,618,-554
120000190,482,50,432
120000191,424,62,362
120000192,491,22,469
120000193,136,1,135
120000195,34,1,33
120000196,121,25,96
120000197,38,72,-34
120000198,163,46,117
120000199,135,1,134
120000200,121,2,119
120000201,20,24,-4
120000202,1,48,-47
120000203,42,124,-82
120000207,0,56,-56
120000208,4,149,-145
120000209,5,52,-47
120000210,78,77,1
120000211,169,3,166
120000212,191,1,190
120000213,186,148,38
120000214,2,177,-175
120000215,3,85,-82
120000216,90,20,70
120000217,461,1026,-565
120000218,141,582,-441
120000219,2,298,-296
120000220,7,951,-944
120000225,1697,4,1693
120000226,404,8,396
120000227,858,35,823
120000228,8777,3079,5698
120000230,405,15,390
120000231,1325,1529,-204
120000233,328,5,323
120000235,270,479,-209
120000236,924,3,921
120000237,0,920,-920
120000238,2,1000,-998
120000241,1160,3290,-2130
120000412,530,17,513
120000413,307,165,142
120000414,140,2,138
120000415,4,82,-78
120000416,126,7,119
120000417,7,48,-41
120000418,176,7,169
120000419,10,151,-141
120000420,45,23,22
120000421,7816,4931,2885
120000422,89,1655,-1566
120000423,1,55,-54
120000424,100,93,7
120000436,115,635,-520
120000437,120,85,35
120000438,1733,202,1531
120000439,225,511,-286
120000443,259,3,256
120000444,1490,366,1124
120000445,1558,909,649
120000446,620,179,441
120000447,279,2,277
120000449,172,7,165
120000450,9,132,-123
120000451,106,113,-7
120000452,298,4,294
120000453,0,224,-224
120000454,106,89,17
120000455,64,49,15
120000456,1949,3397,-1448
120000457,876,413,463
120000458,365,479,-114
120000459,72,56,16
120000665,468,281,187
120000668,88,926,-838
120000669,77,171,-94
120000670,171,967,-796
120000671,1211,467,744
120000672,104,504,-400
120900001,53,106,-53
120900002,272,406,-134
120900003,122,15,107
120900004,14,79,-65
120900005,22,604,-582
120900006,542,276,266
120900007,172,67,105
120900008,290,918,-628
120900009,539,22,517
120900010,444,92,352
120900011,167,211,-44
120900012,196,1036,-840
120900013,324,110,214
120900014,5,357,-352
120900015,730,54,676
120900016,896,86,810
120900017,1829,72,1757
120900018,129,251,-122
120900019,589,383,206
120900020,645,1262,-617
120900021,763,247,516
120900022,33,218,-185
120900023,365,43,322
120900024,1641,356,1285
120900025,1540,1005,535
120900026,130,136,-6
120900027,811,16,795
120900028,416,107,309
120900029,119,487,-368
120900030,1324,760,564
120900031,257,111,146
120900032,1156,57,1099
120900033,1028,74,954
120900034,42,2552,-2510
120900035,29,59,-30
120900037,213,17,196
120900038,50,333,-283
120900039,95,52,43
120900040,312,1,311
120900041,110,20,90
120900042,570,43,527
120900043,49,45,4
120900044,17,359,-342
120900045,124,52,72
120900046,457,8,449
120900047,141,110,31
120900048,132,18,114
120900049,532,3,529
120900050,1412,1241,171
120900051,325,73,252
120900052,595,18,577
120900053,302,64,238
120900054,1250,442,808
120900055,506,1,505
120900056,462,21,441
120900057,157,11,146
120900058,634,1,633
120900059,94,2,92
120900060,68,25,43
120900061,243,206,37
120900062,269,2,267
120900063,612,4,608
120900064,608,0,608
120900065,620,2,618
120900066,404,241,163
120900067,200,79,121
120900068,281,2,279
120900069,236,45,191
120900071,14,0,14
120900072,878,8,870
120900073,536,127,409
120900074,607,14,593
120900076,337,2,335
120900077,2031,184,1847
120900078,897,607,290
120900079,714,104,610
120900080,868,1218,-350
120900081,848,530,318
120900082,351,353,-2
120900083,97,3,94
120900084,315,430,-115
120900085,66,109,-43
120900086,92,354,-262
120900087,391,388,3
120900088,155,413,-258
120900089,2103,2715,-612
120900090,311,97,214
120900091,649,934,-285
120900092,1127,359,768
120900093,1451,137,1314
120900094,367,132,235
120900095,291,18,273
120900096,48,152,-104
120900097,629,446,183
120900098,216,151,65
120900099,50,55,-5
120900100,69,158,-89
120900101,542,178,364
120900102,27,70,-43
120900103,62,214,-152
120900104,24,37,-13
120900105,30,340,-310
120900106,1026,374,652
120900107,227,104,123
120900108,13,398,-385
120900109,57,437,-380
120900110,15,594,-579
120900111,171,305,-134
120900112,22,625,-603
120900113,14,615,-601
120900114,33,201,-168
120900115,149,254,-105
120900116,431,256,175
120900117,2,342,-340
120900118,20,478,-458
120900119,5030,3067,1963
120900120,108,625,-517
120900121,72,322,-250
120900122,563,315,248
120900123,10,227,-217
120900124,3,497,-494
120900125,7,442,-435
120900126,1342,740,602
120900127,11,304,-293
120900128,1109,1198,-89
120900129,30,175,-145
120900130,2,321,-319
120900131,78,43,35
120900132,1012,205,807
120900133,90,621,-531
120900134,740,352,388
120900135,5,381,-376
120900136,69,168,-99
120900137,244,74,170
120900138,32,167,-135
120900139,2,483,-481
120900140,5,63,-58
120900141,125,183,-58
120900142,20,292,-272
120900143,0,549,-549
120900144,0,71,-71
120900145,102,670,-568
120900146,3,578,-575
120900147,6,347,-341
120900148,121,103,18
120900149,1,176,-175
120900150,51,430,-379
120900151,4,416,-412
120900152,0,33,-33
120900153,51,83,-32
120900154,0,161,-161
120900155,209,727,-518
120900156,41,205,-164
120900157,88,236,-148
120900158,83,468,-385
120900159,241,431,-190
120900160,21,559,-538
120900161,57,399,-342
120900162,127,571,-444
120900163,124,740,-616
120900164,2,32,-30
120900165,56,145,-89
120900166,46,545,-499
120900167,313,117,196
120900169,87,277,-190
120900170,796,2754,-1958
120900171,790,163,627
120900172,367,1312,-945
120900173,0,42,-42
120900174,3,97,-94
120900175,258,119,139
120900176,11,310,-299
120900177,1,1072,-1071
120900178,0,448,-448
120900179,811,350,461
120900180,71,112,-41
120900181,85,45,40
120900182,21,273,-252
120900183,592,33,559
120900184,302,43,259
120900185,11,299,-288
120900186,6,358,-352
120900187,454,786,-332
120900188,240,5,235
120900189,83,1320,-1237
120900190,73,6,67
120900191,5,16,-11
120900192,6452,7065,-613
120900194,51,56,-5
120900195,69,190,-121
120900196,742,38,704
120900197,610,100,510
120900198,220,421,-201
120900199,323,474,-151
120900200,50,94,-44
120900201,380,97,283
120900202,0,91,-91
120900203,31,68,-37
120900204,123,178,-55
120900205,63,40,23
120900206,35,54,-19
120900207,51,916,-865
121000001,668,935,-267
121000002,2152,1184,968
121000003,2333,1759,574
121000004,2303,2770,-467
121000005,1616,2633,-1017
121000006,2958,1815,1143
121000007,2252,2718,-466
121000008,4248,3399,849
121000009,4418,5238,-820
121000010,7389,5289,2100
121000011,7503,10370,-2867
121000012,13434,8696,4738
121000013,4688,6185,-1497
121000014,5374,4814,560
121000015,3564,6757,-3193
121000016,3896,3180,716
121000017,1877,3423,-1546
121000018,2676,1469,1207
121000019,12984,10941,2043
121000020,11834,15032,-3198
121000021,2230,2453,-223
121000022,2198,2979,-781
121000023,3010,2266,744
121000024,4288,4585,-297
121000025,559,1270,-711
121000026,388,177,211
121000027,1435,1124,311
121000028,807,442,365
121000029,753,519,234
121000030,585,306,279
121000031,642,597,45
121000032,179,120,59
121000034,279,235,44
121000035,123,126,-3
121000036,787,697,90
121000037,507,485,22
121000038,485,889,-404
121000039,246,417,-171
121000041,497,441,56
121000042,270,277,-7
121000043,661,537,124
121000044,1137,799,338
121000045,353,211,142
121000046,592,623,-31
121000047,34,79,-45
121000049,1185,507,678
121000050,345,1125,-780
121000051,527,249,278
121000052,439,583,-144
121000053,326,109,217
121000054,48,395,-347
121000055,972,1143,-171
121000056,819,961,-142
121000057,257,527,-270
121000058,375,233,142
121000059,1973,1203,770
121000060,672,1059,-387
121000061,101,295,-194
121000062,154,379,-225
121000063,827,890,-63
121000064,689,691,-2
121000065,314,445,-131
121000066,646,541,105
121000067,656,539,117
121000068,553,349,204
121000069,435,706,-271
121000070,1516,1177,339
121000071,1271,1284,-13
121000072,960,642,318
121000073,886,915,-29
121000074,110,126,-16
121000075,43,224,-181
121000076,652,370,282
121000077,108,177,-69
121000078,95,117,-22
121000080,1693,577,1116
121000081,2872,2627,245
121000082,108,261,-153
121000083,163,137,26
121000084,161,111,50
121000085,279,428,-149
121000086,291,668,-377
121000087,54,335,-281
121000088,501,405,96
121000089,393,374,19
121000090,412,402,10
121000091,1342,999,343
121000092,209,45,164
121000093,195,227,-32
121000094,551,657,-106
121000095,290,737,-447
121000096,2297,1917,380
121000097,744,2124,-1380
121000098,656,795,-139
121000099,738,662,76
121000100,882,348,534
121000101,427,249,178
121000102,260,238,22
121000103,235,203,32
121000104,243,115,128
121000105,426,170,256
121000106,377,307,70
121000107,1797,2634,-837
121000109,993,934,59
121000110,296,690,-394
121000114,2702,1961,741
121000115,942,565,377
121000116,286,724,-438
121000117,648,208,440
121000118,1440,202,1238
121000119,349,414,-65
121000120,299,427,-128
121000121,509,1113,-604
121000123,1281,666,615
121000127,114,80,34
121000128,887,333,554
121000129,819,523,296
121000130,592,648,-56
121000131,1989,1604,385
121000132,1412,1581,-169
121000135,376,391,-15
121000136,834,1019,-185
121000137,385,299,86
121000138,675,1203,-528
121000139,272,477,-205
121000141,179,90,89
121000142,658,832,-174
121000143,180,36,144
121000144,821,1684,-863
121000145,499,755,-256
121000146,1225,1010,215
121000147,860,382,478
121000148,866,898,-32
121000149,2031,1362,669
121000152,327,363,-36
121000153,1523,513,1010
121000154,1119,503,616
121000155,1215,1001,214
121000156,410,922,-512
121000157,789,1326,-537
121000158,350,418,-68
121000159,178,306,-128
121000160,252,289,-37
121000161,229,269,-40
121000162,130,157,-27
121000165,1491,1895,-404
121000166,23,449,-426
121000168,417,197,220
121000169,73,153,-80
121000170,292,77,215
121000171,78,160,-82
121000172,588,502,86
121000173,1103,1066,37
121000174,368,406,-38
121000175,1012,265,747
121000176,409,250,159
121000177,684,488,196
121000178,115,43,72
121000179,58,55,3
121000181,378,357,21
121000182,105,277,-172
121000183,85,126,-41
121000184,67,113,-46
121000185,46,188,-142
121000186,182,439,-257
121000187,184,131,53
121000188,180,126,54
121000192,903,416,487
121000193,640,448,192
121000194,1925,1854,71
121000195,215,809,-594
121000196,560,264,296
121000197,141,643,-502
121000198,166,125,41
121000199,108,328,-220
121000200,538,104,434
121000201,7,161,-154
121000202,782,133,649
121000203,737,1437,-700
121000204,2699,615,2084
121000205,89,167,-78
121000206,112,44,68
121000207,1681,301,1380
121000208,5,211,-206
121000209,488,198,290
121000210,737,293,444
121000211,260,121,139
121000212,454,457,-3
121000213,7787,2307,5480
121000214,831,1804,-973
121000215,952,877,75
121000216,507,560,-53
121000217,3802,2320,1482
121000218,398,1431,-1033
121000219,1328,445,883
121000220,153,64,89
121000221,104,255,-151
121000222,2074,2220,-146
121000223,359,430,-71
121000224,303,238,65
121000225,972,1774,-802
121000226,1551,1071,480
121000227,11,170,-159
121000228,30,461,-431
121000229,249,248,1
121000230,40,1215,-1175
121000231,912,15,897
121000232,362,226,136
121000233,529,324,205
121000234,29,59,-30
121000235,129,92,37
121000236,20,59,-39
121000237,44,21,23
121000238,7,66,-59
121000239,79,6,73
121000240,9,145,-136
121000241,87,14,73
121000242,127,600,-473
121000243,616,222,394
121000244,25,106,-81
121000245,108,43,65
121000246,5,130,-125
121000247,149,5,144
121000248,1189,763,426
121000249,80,155,-75
121000250,584,185,399
121000251,11,279,-268
121000252,105,56,49
121000253,294,272,22
121000254,705,189,516
121000255,88,134,-46
121000256,206,163,43
121000257,58,88,-30
121000258,119,61,58
121000259,61,80,-19
121000260,58,85,-27
121000261,66,63,3
121000262,939,542,397
121000263,415,333,82
121000271,302,1069,-767
121000273,34,7,27
121000274,14,47,-33
121000275,1,11,-10
121000276,4,16,-12
121000278,43,20,23
121000279,21,10,11
121000280,23,34,-11
121000289,236,20,216
121000290,978,698,280
121000294,158,72,86
121000297,742,895,-153
121000299,118,560,-442
121000300,774,473,301
121000302,50,865,-815
121000303,375,354,21
121000304,484,61,423
121000305,173,40,133
121000306,81,119,-38
121000308,135,246,-111
121000309,295,391,-96
121000310,84,227,-143
121000311,87,567,-480
121000312,309,208,101
121000313,260,371,-111
121000314,110,150,-40
121000315,52,123,-71
121000530,1628,1246,382
121000531,1465,1301,164
121000532,5851,6716,-865
121000533,3044,3216,-172
121000918,49,111,-62
121000919,68,86,-18
121000938,153,251,-98
121000939,199,259,-60
121000956,1397,758,639
121000957,7,11,-4
121000958,27,52,-25
121000959,774,523,251
121000960,1181,1262,-81
121000961,246,138,108
121000962,365,455,-90
121000973,2,192,-190
121000976,12,171,-159
121000979,460,164,296
121000981,457,232,225
121000982,488,237,251
121000983,410,242,168
121000984,25,56,-31
121000985,759,358,401
121000986,292,192,100
121000987,214,554,-340
121000988,774,133,641
121001302,221,97,124
121001308,3,16,-13
121001309,26,114,-88
121001311,0,0,0
121001313,185,148,37
121001314,1559,2056,-497
121001315,4574,2686,1888
121001326,291,406,-115
121900001,95,129,-34
121900002,20,36,-16
121900003,307,24,283
121900004,105,335,-230
121900005,48,43,5
121900006,98,23,75
121900007,1488,1671,-183
121900008,515,324,191
121900009,489,15,474
121900010,208,3,205
121900011,200,240,-40
121900012,9,0,9
121900013,870,86,784
121900014,1010,323,687
121900015,185,167,18
121900016,6,24,-18
121900017,387,333,54
121900018,331,8,323
121900019,408,212,196
121900020,26,0,26
121900021,863,18,845
121900022,199,174,25
121900023,86,230,-144
121900024,296,95,201
121900025,517,348,169
121900026,331,23,308
121900027,334,94,240
121900028,187,3,184
121900029,100,150,-50
121900030,418,507,-89
121900031,821,5204,-4383
121900032,82,63,19
121900033,149,208,-59
121900034,230,64,166
121900035,2190,1821,369
121900036,102,199,-97
121900037,158,1021,-863
121900038,68,140,-72
121900039,318,36,282
121900040,85,103,-18
121900041,92,157,-65
121900042,342,118,224
121900043,4,3,1
121900044,101,62,39
121900046,159,249,-90
121900047,179,58,121
121900048,64,84,-20
121900050,39,58,-19
121900051,138,179,-41
121900052,155,35,120
121900053,465,300,165
121900054,332,884,-552
121900055,3,14,-11
121900058,223,99,124
121900059,304,130,174
121900060,109,254,-145
121900061,149,108,41
121900062,154,90,64
121900063,1333,519,814
121900064,249,447,-198
121900066,65,28,37
121900067,38,30,8
121900069,196,98,98
121900070,120,119,1
121900071,318,179,139
121900072,47,132,-85
121900073,241,222,19
121900074,713,756,-43
121900075,298,429,-131
121900076,355,509,-154
121900077,25,23,2
121900078,61,26,35
121900079,2,0,2
121900080,651,275,376
121900082,52,90,-38
121900084,21,118,-97
121900085,1,11,-10
121900086,23,54,-31
121900087,115,112,3
121900088,1535,2440,-905
121900089,209,195,14
121900090,19,63,-44
121900091,48,63,-15
121900092,58,85,-27
121900093,84,47,37
121900094,17,3,14
121900095,268,168,100
121900096,1042,739,303
121900097,533,149,384
121900098,3,6,-3
121900099,231,44,187
121900100,199,473,-274
121900101,109,104,5
121900102,5,100,-95
121900103,380,250,130
121900104,1358,285,1073
121900105,221,168,53
121900106,7,9,-2
121900107,47,22,25
121900108,1,16,-15
121900109,236,137,99
121900110,442,654,-212
121900111,510,138,372
121900112,132,139,-7
121900113,66,365,-299
121900114,39,23,16
121900117,100,54,46
121900118,1333,492,841
121900119,154,73,81
121900120,61,1018,-957
121900121,350,46,304
121900122,43,51,-8
121900123,214,331,-117
121900124,116,129,-13
121900125,1229,801,428
121900127,11,72,-61
121900128,79,59,20
121900129,482,166,316
121900130,88,166,-78
121900131,302,95,207
121900132,48,62,-14
121900133,60,905,-845
121900134,64,164,-100
121900135,2802,384,2418
121900136,314,274,40
121900137,44,261,-217
121900138,63,130,-67
121900139,298,590,-292
121900140,86,138,-52
121900141,67,52,15
121900142,117,78,39
121900143,11,98,-87
121900144,114,206,-92
121900145,199,212,-13
121900146,481,549,-68
121900147,51,160,-109
121900148,153,191,-38
121900149,294,418,-124
121900150,64,159,-95
121900151,58,216,-158
121900152,83,89,-6
121900153,56,688,-632
121900154,11,196,-185
121900155,8,141,-133
121900156,137,91,46
121900157,1,290,-289
121900158,65,83,-18
121900159,2,163,-161
121900160,32,191,-159
121900161,254,277,-23
121900162,121,170,-49
121900163,250,382,-132
121900164,305,153,152
121900165,214,119,95
121900166,140,134,6
121900167,72,112,-40
121900168,112,196,-84
121900169,5,114,-109
121900170,6,127,-121
121900171,665,456,209
121900172,491,156,335
121900173,633,216,417
121900174,46,60,-14
121900175,131,193,-62
121900176,456,1116,-660
121900177,146,55,91
121900178,35,45,-10
121900179,349,136,213
121900180,2370,3720,-1350
121900182,597,252,345
121900183,427,1075,-648
121900184,62,580,-518
121900186,5,224,-219
121900187,22,133,-111
121900188,441,255,186
121900189,34,78,-44
121900190,199,321,-122
121900191,145,223,-78
121900192,286,711,-425
121900193,48,112,-64
121900194,5,158,-153
121900195,66,93,-27
121900196,729,668,61
121900197,263,976,-713
121900198,973,905,68
121900199,6,22,-16
121900200,51,177,-126
121900201,717,757,-40
121900202,100,574,-474
121900203,169,885,-716
121900204,641,832,-191
121900205,18,81,-63
121900206,12,38,-26
121900207,110,33,77
121900208,114,230,-116
121900209,55,49,6
121900210,1126,846,280
121900211,365,405,-40
121900212,129,134,-5
121900213,213,82,131
121900214,12,413,-401
121900215,43,89,-46
121900216,43,171,-128
121900217,221,155,66
121900218,184,325,-141
121900220,113,15,98
121900221,242,417,-175
121900222,163,109,54
121900223,164,44,120
121900224,86,32,54
121900225,80,88,-8
121900226,270,241,29
121900227,213,479,-266
121900228,185,215,-30
121900230,73,229,-156
121900231,257,1141,-884
121900232,175,300,-125
121900233,234,205,29
121900234,246,224,22
121900235,493,124,369
121900236,300,159,141
121900237,160,178,-18
121900238,144,247,-103
121900239,168,23,145
121900240,272,128,144
121900241,35,44,-9
121900242,12,17,-5
121900243,1,0,1
121900244,14,0,14
121900245,184,49,135
121900246,2308,297,2011
121900248,971,1043,-72
121900250,181,258,-77
121900251,480,47,433
121900252,415,95,320
121900253,128,884,-756
121900254,411,224,187
121900255,366,75,291
121900258,3006,1703,1303
121900259,341,438,-97
121900260,184,139,45
121900261,166,502,-336
121900262,303,690,-387
121900263,202,239,-37
121900264,1262,1012,250
121900265,261,199,62
121900266,428,92,336
121900267,62,26,36
121900269,150,581,-431
121900270,21,169,-148
121900271,50,142,-92
121900273,424,1415,-991
121900274,280,176,104
121900277,315,1285,-970
121900278,75,741,-666
121900279,140,154,-14
121900280,93,242,-149
121900281,247,304,-57
121900284,62,6,56
121900286,199,85,114
121900287,31,25,6
121900288,5,0,5
121900290,203,322,-119
121900291,316,512,-196
121900292,146,108,38
121900293,861,2137,-1276
121900294,244,7,237
121900295,120,141,-21
121900296,44,123,-79
121900298,195,748,-553
121900299,0,11,-11
121900300,121,9,112
121900301,79,1,78
121900302,4,41,-37
121900303,243,337,-94
121900304,13,16,-3
121900305,4,8,-4
121900306,234,5,229
121900307,82,13,69
121900308,12,219,-207
121900309,5,142,-137
121900310,16,321,-305
121900311,507,20,487
121900312,285,8,277
121900313,350,16,334
121900314,3,39,-36
121900315,13,0,13
121900316,0,10,-10
121900317,25,6,19
121900318,1,20,-19
121900319,48,72,-24
121900320,22,35,-13
121900321,28,0,28
121900322,1,16,-15
121900323,19,11,8
121900324,4,26,-22
121900325,12,3,9
121900326,1,15,-14
121900327,7,43,-36
121900328,2,18,-16
121900329,0,114,-114
121900330,2,40,-38
121900331,13,8,5
121900332,88,26,62
121900333,30,2,28
121900334,73,62,11
122000001,1708,4741,-3033
122000002,3258,1402,1856
122000003,1473,2720,-1247
122000004,2286,1348,938
122000005,2232,1834,398
122000006,1210,1049,161
122000007,858,1561,-703
122000008,2344,3982,-1638
122000009,411,415,-4
122000010,2094,2762,-668
122000011,2645,1413,1232
122000012,765,1574,-809
122000013,911,997,-86
122000014,1499,977,522
122000015,1412,919,493
122000016,566,829,-263
122000017,1153,1059,94
122000018,1353,1421,-68
122000019,727,946,-219
122000020,185,208,-23
122000021,239,405,-166
122000022,1027,784,243
122000023,629,1360,-731
122000024,599,1176,-577
122000025,705,1716,-1011
122000026,757,1261,-504
122000027,610,1466,-856
122000028,930,442,488
122000029,464,434,30
122000030,186,127,59
122000031,157,302,-145
122000032,1654,1674,-20
122000033,543,1262,-719
122000034,516,575,-59
122000035,248,758,-510
122000036,559,401,158
122000037,336,215,121
122000038,257,301,-44
122000039,514,360,154
122000040,212,276,-64
122000041,486,496,-10
122000042,331,394,-63
122000043,88,119,-31
122000044,102,131,-29
122000045,1200,468,732
122000046,718,620,98
122000047,197,241,-44
122000048,2922,3835,-913
122000049,4721,3326,1395
122000050,1051,779,272
122000051,252,447,-195
122000052,470,484,-14
122000053,198,911,-713
122000054,1945,1587,358
122000055,1854,3219,-1365
122000056,3550,3189,361
122000057,2626,3450,-824
122000058,1739,1525,214
122000059,2074,2014,60
122000060,507,723,-216
122000061,390,586,-196
122000062,762,316,446
122000063,850,609,241
122000064,2667,2815,-148
122000065,2992,2134,858
122000066,929,995,-66
122000067,1247,1206,41
122000068,1218,896,322
122000069,558,604,-46
122000070,761,1118,-357
122000071,1590,1006,584
122000072,348,465,-117
122000073,303,772,-469
122000074,2585,1487,1098
122000075,742,1009,-267
122000076,2619,1130,1489
122000077,870,1082,-212
122000078,1458,2816,-1358
122000079,731,1356,-625
122000080,554,406,148
122000081,116,167,-51
122000082,466,912,-446
122000083,1323,1305,18
122000084,1234,709,525
122000085,303,684,-381
122000086,1852,4170,-2318
122000087,338,256,82
122000088,251,304,-53
122000089,4100,2049,2051
122000090,154,420,-266
122000091,172,101,71
122000092,88,23,65
122000093,1445,1911,-466
122000094,4205,2271,1934
122000095,1387,2891,-1504
122000096,1296,1406,-110
122000098,2571,2211,360
122000099,1207,685,522
122000100,772,498,274
122000101,331,547,-216
122000102,1734,989,745
122000103,1740,1520,220
122000104,421,152,269
122000105,476,241,235
122000106,433,578,-145
122000107,971,371,600
122000108,377,667,-290
122000109,446,281,165
122000110,402,472,-70
122000111,2548,1130,1418
122000112,987,1181,-194
122000113,656,606,50
122000114,2113,1360,753
122000115,1801,1115,686
122000116,465,472,-7
122000117,1242,443,799
122000118,560,692,-132
122000119,2886,2297,589
122000120,1768,4169,-2401
122000121,1737,2647,-910
122000122,655,1330,-675
122000123,1516,1485,31
122000124,925,507,418
122000125,549,663,-114
122000126,517,982,-465
122000127,833,1165,-332
122000128,432,588,-156
122000129,479,1412,-933
122000130,2703,1501,1202
122000131,1218,1217,1
122000132,529,536,-7
122000133,910,970,-60
122000134,932,716,216
122000135,651,574,77
122000136,794,577,217
122000137,1638,728,910
122000139,953,2920,-1967
122000140,602,578,24
122000141,2895,914,1981
122000142,264,884,-620
122000143,395,658,-263
122000144,1192,1085,107
122000145,1002,616,386
122000146,528,1194,-666
122000147,587,529,58
122000148,1243,1762,-519
122000149,1881,1371,510
122000150,1020,949,71
122000151,146,354,-208
122000152,332,351,-19
122000153,406,307,99
122000154,278,216,62
122000155,1358,2070,-712
122000156,2134,2689,-555
122000157,1072,2128,-1056
122000158,299,665,-366
122000159,642,1493,-851
122000160,3135,2620,515
122000161,1126,1116,10
122000162,1653,1695,-42
122000163,263,88,175
122000164,28,90,-62
122000165,525,560,-35
122000166,641,996,-355
122000167,264,288,-24
122000168,175,511,-336
122000169,349,147,202
122000170,274,258,16
122000171,41,88,-47
122000172,1407,1193,214
122000173,1257,2002,-745
122000174,1981,925,1056
122000175,837,272,565
122000176,273,834,-561
122000177,1172,1331,-159
122000178,2605,2050,555
122000179,1428,2043,-615
122000180,1396,1292,104
122000181,1377,2825,-1448
122000182,1716,1503,213
122000183,1916,859,1057
122000184,2955,2516,439
122000185,1395,1825,-430
122000186,458,681,-223
122000187,1697,873,824
122000188,417,177,240
122000189,229,256,-27
122000190,768,1174,-406
122000191,775,689,86
122000192,969,299,670
122000193,416,729,-313
122000194,462,159,303
122000195,133,504,-371
122000196,952,553,399
122000197,399,488,-89
122000198,376,770,-394
122000199,305,331,-26
122000200,867,484,383
122000201,1178,1525,-347
122000202,1017,1354,-337
122000203,2213,1225,988
122000204,1178,1547,-369
122000205,1138,1249,-111
122000206,2456,945,1511
122000207,1558,1371,187
122000208,1890,1188,702
122000209,1471,347,1124
122000210,2043,1493,550
122000211,1188,1350,-162
122000212,734,504,230
122000213,964,1273,-309
122000214,1909,1497,412
122000215,2017,1543,474
122000217,1832,1324,508
122000218,729,70,659
122000219,1016,836,180
122000220,315,661,-346
122000221,63,405,-342
122000222,472,127,345
122000223,1128,493,635
122000225,657,250,407
122000226,1417,1803,-386
122000227,271,2020,-1749
122000228,264,310,-46
122000229,25,438,-413
122000230,52,364,-312
122000231,302,579,-277
122000232,478,713,-235
122000233,0,61,-61
122000234,400,52,348
122000235,531,126,405
122000236,1215,71,1144
122000237,115,85,30
122000238,343,314,29
122000239,575,134,441
122000240,1092,494,598
122000241,1672,447,1225
122000242,686,106,580
122000243,290,51,239
122000244,95,337,-242
122000245,112,176,-64
122000246,425,194,231
122000247,638,528,110
122000248,819,1256,-437
122000249,1358,838,520
122000250,2115,1068,1047
122000251,249,343,-94
122000252,397,116,281
122000253,35,192,-157
122000254,246,79,167
122000255,629,1139,-510
122000256,259,619,-360
122000257,174,183,-9
122000258,316,195,121
122000259,11,326,-315
122000260,9,70,-61
122000261,6,164,-158
122000262,1,48,-47
122000263,409,156,253
122000264,1367,301,1066
122000265,2040,748,1292
122000266,3856,626,3230
122000267,89,84,5
122000268,131,296,-165
122000269,757,268,489
122000270,495,131,364
122000271,288,794,-506
122000272,391,751,-360
122000273,384,313,71
122000274,221,158,63
122000275,48,158,-110
122000276,752,428,324
122000277,1156,1368,-212
122000278,1816,533,1283
122000279,186,383,-197
122000280,721,471,250
122000281,646,627,19
122000282,166,404,-238
122000283,143,170,-27
122000284,158,74,84
122000285,306,51,255
122000286,60,116,-56
122000287,1230,1100,130
122000288,456,269,187
122000291,1906,583,1323
122000293,225,231,-6
122000294,119,218,-99
122000295,1155,188,967
122000296,45,522,-477
122000297,1766,2854,-1088
122000299,548,297,251
122000300,546,507,39
122000301,6656,2883,3773
122000302,559,1388,-829
122000303,2440,1068,1372
122000304,104,234,-130
122000305,1052,222,830
122000306,33,448,-415
122000307,85,130,-45
122000309,61,58,3
122000310,25,93,-68
122000311,147,117,30
122000312,103,180,-77
122000313,76,92,-16
122000314,123,176,-53
122000315,250,64,186
122000316,838,186,652
122000317,1475,291,1184
122000318,307,714,-407
122000319,234,309,-75
122000320,339,910,-571
122000321,87,135,-48
122000322,1727,1870,-143
122000323,989,2107,-1118
122000324,1062,1145,-83
122000325,819,1785,-966
122000326,69,93,-24
122000327,523,806,-283
122000328,733,544,189
122000330,1700,821,879
122000332,183,324,-141
122000333,16,77,-61
122000337,1086,1043,43
122000338,316,259,57
122000340,293,496,-203
122000342,1247,818,429
122000343,440,841,-401
122000344,85,19,66
122000345,23,24,-1
122000346,228,291,-63
122000348,675,491,184
122000349,103,515,-412
122000351,155,144,11
122000352,247,158,89
122000353,83,77,6
122000355,129,338,-209
122000356,847,1081,-234
122000357,90,15,75
122000358,1,25,-24
122000359,0,19,-19
122000360,3,27,-24
122000362,6,48,-42
122000364,209,218,-9
122000365,3,29,-26
122000366,10,6,4
122000368,369,552,-183
122000370,27,40,-13
122000371,30,1,29
122000372,9,0,9
122000381,80,310,-230
122000382,100,223,-123
122000384,1865,1030,835
122000385,67,0,67
122000386,275,1056,-781
122000387,413,541,-128
122000388,1090,671,419
122000389,147,525,-378
122000390,297,187,110
122000391,342,268,74
122000392,140,193,-53
122000393,40,110,-70
122000394,524,169,355
122000395,133,107,26
122000396,238,79,159
122000397,31,49,-18
122000398,22,46,-24
122000399,195,75,120
122000400,104,478,-374
122000401,135,54,81
122000402,301,111,190
122000403,467,592,-125
122000404,174,162,12
122000408,833,1140,-307
122000503,9,88,-79
122000524,213,106,107
122000544,102,1544,-1442
122000616,301,1,300
122000640,97,103,-6
122000641,139,209,-70
122000642,1138,603,535
122000643,42,146,-104
122000644,135,40,95
122000645,70,160,-90
122000651,1005,881,124
122000664,125,43,82
122000665,1122,498,624
122000666,649,1062,-413
122000673,35,180,-145
122000674,207,80,127
122000675,1692,625,1067
122000686,351,761,-410
122000687,1115,264,851
122000688,229,361,-132
122000689,939,314,625
122000690,2155,348,1807
122000691,629,1095,-466
122000692,1008,293,715
122000693,273,1242,-969
122000695,302,275,27
122000696,389,195,194
122000698,333,421,-88
122000699,164,50,114
122000701,1480,319,1161
122000702,454,866,-412
122000703,177,75,102
122000712,0,0,0
122000717,88,48,40
122000718,557,965,-408
122000719,216,108,108
122000720,645,153,492
122000724,231,273,-42
122900001,38,7,31
122900002,846,4581,-3735
122900003,285,22,263
122900004,1056,30,1026
122900005,71,80,-9
122900006,295,566,-271
122900007,94,60,34
122900008,281,192,89
122900009,556,373,183
122900010,222,102,120
122900012,170,341,-171
122900014,113,150,-37
122900015,1008,838,170
122900016,132,156,-24
122900017,296,588,-292
122900018,162,12,150
122900019,11,117,-106
122900020,133,291,-158
122900021,42,315,-273
122900022,777,739,38
122900023,487,180,307
122900024,98,80,18
122900025,9,275,-266
122900026,39,200,-161
122900027,45,533,-488
122900028,84,114,-30
122900029,3120,2258,862
122900030,831,465,366
122900031,34,242,-208
122900032,176,276,-100
122900033,149,108,41
122900034,3198,3952,-754
122900035,7,10,-3
122900036,74,66,8
122900037,322,138,184
122900038,67,2276,-2209
122900039,79,436,-357
122900040,175,401,-226
122900041,189,318,-129
122900042,127,212,-85
122900043,240,181,59
122900044,124,287,-163
122900045,106,98,8
122900046,105,309,-204
122900047,113,159,-46
122900048,41,156,-115
122900049,1095,88,1007
122900051,72,101,-29
122900052,129,120,9
122900053,38,18,20
122900055,225,69,156
122900057,219,47,172
122900061,311,105,206
122900062,378,464,-86
122900063,194,167,27
122900064,613,240,373
122900065,440,183,257
122900066,564,226,338
122900067,729,453,276
122900069,282,944,-662
122900070,324,38,286
122900071,124,286,-162
122900072,16,367,-351
122900073,16,169,-153
122900074,778,397,381
122900075,2,44,-42
122900076,5,159,-154
122900077,1,94,-93
122900078,231,38,193
122900080,41,34,7
122900081,150,123,27
122900082,913,159,754
122900083,140,108,32
122900084,7,183,-176
122900086,18,66,-48
122900087,288,366,-78
122900088,26,193,-167
122900089,6,160,-154
122900090,4,308,-304
122900091,288,1,287
122900092,0,98,-98
122900093,1,147,-146
122900094,10,134,-124
122900095,150,17,133
122900096,286,119,167
122900097,15,29,-14
122900098,55,98,-43
122900099,71,17,54
122900100,113,250,-137
122900101,448,220,228
122900102,22,34,-12
122900103,192,8,184
122900104,310,10,300
122900105,11,11,0
122900106,5,47,-42
122900107,5,111,-106
122900108,2,140,-138
123000001,1035,433,602
123000002,2627,4911,-2284
123000003,3569,3871,-302
123000004,2628,3489,-861
123000005,2348,2683,-335
123000006,1944,1944,0
123000007,3705,2525,1180
123000008,2553,2616,-63
123000009,4027,2579,1448
123000010,2794,2956,-162
123000011,2044,759,1285
123000012,697,1842,-1145
123000013,3157,852,2305
123000014,756,2762,-2006
123000015,2430,948,1482
123000016,2957,3558,-601
123000017,3524,1562,1962
123000018,120,95,25
123000019,307,117,190
123000020,204,42,162
123000021,108,122,-14
123000022,304,1375,-1071
123000023,1651,1753,-102
123000024,1839,748,1091
123000025,250,104,146
123000026,20,110,-90
123000027,81,582,-501
123000028,897,1420,-523
123000029,535,1517,-982
123000030,238,193,45
123000031,258,184,74
123000032,487,101,386
123000033,241,76,165
123000034,957,629,328
123000035,304,327,-23
123000036,262,737,-475
123000037,204,206,-2
123000038,74,244,-170
123000039,408,1367,-959
123000040,605,221,384
123000041,987,1008,-21
123000042,711,520,191
123000043,2246,8923,-6677
123000044,3361,1960,1401
123000045,5102,2576,2526
123000046,564,1358,-794
123000047,1300,1100,200
123000048,43,857,-814
123000049,5066,8026,-2960
123000050,1387,1268,119
123000051,150,175,-25
123000052,724,3125,-2401
123000053,2436,2737,-301
123000054,1468,1226,242
123000055,1296,2221,-925
123000056,1026,1337,-311
123000057,7172,5776,1396
123000058,555,870,-315
123000059,384,409,-25
123000060,790,314,476
123000061,238,588,-350
123000063,753,872,-119
123000064,839,236,603
123000065,3470,2208,1262
123000066,594,471,123
123000067,896,600,296
123000068,2152,2262,-110
123000069,4959,2269,2690
123000070,253,557,-304
123000071,1231,770,461
123000072,1059,626,433
123000073,1372,693,679
123000074,1036,896,140
123000075,302,1132,-830
123000076,714,568,146
123000077,2103,1955,148
123000078,1686,1357,329
123000079,1700,1557,143
123000080,2124,1249,875
123000081,155,325,-170
123000082,350,865,-515
123000083,920,233,687
123000084,632,531,101
123000085,328,59,269
123000086,558,126,432
123000087,328,189,139
123000088,1037,585,452
123000089,623,852,-229
123000090,1073,728,345
123000091,1372,1239,133
123000092,1060,1088,-28
123000094,416,193,223
123000095,493,490,3
123000096,743,302,441
123000097,515,518,-3
123000098,864,487,377
123000099,588,568,20
123000100,418,572,-154
123000101,459,543,-84
123000102,461,611,-150
123000104,358,419,-61
123000105,432,441,-9
123000106,466,396,70
123000107,359,533,-174
123000108,583,1177,-594
123000111,734,314,420
123000112,1201,483,718
123000113,496,777,-281
123000114,359,558,-199
123000115,263,222,41
123000116,34,111,-77
123000117,1356,1300,56
123000118,468,615,-147
123000119,260,619,-359
123000120,263,593,-330
123000121,458,427,31
123000122,292,267,25
123000123,505,492,13
123000124,416,399,17
123000125,1061,1249,-188
123000126,1054,3552,-2498
123000127,744,565,179
123000128,278,295,-17
123000129,722,172,550
123000130,588,84,504
123000131,806,650,156
123000132,407,534,-127
123000133,260,307,-47
123000134,338,120,218
123000135,2055,918,1137
123000136,212,488,-276
123000137,106,192,-86
123000138,65,245,-180
123000139,581,61,520
123000140,80,524,-444
123000141,696,78,618
123000142,985,857,128
123000143,985,1872,-887
123000144,9,23,-14
123000145,147,117,30
123000146,13,98,-85
123000147,64,99,-35
123000149,348,419,-71
123000150,163,247,-84
123000151,258,451,-193
123000152,49,340,-291
123000153,163,619,-456
123000154,1230,1709,-479
123000155,1781,1127,654
123000156,40,109,-69
123000157,592,708,-116
123000158,559,668,-109
123000159,2805,2540,265
123000160,957,741,216
123000161,1519,1009,510
123000162,997,1496,-499
123000163,493,114,379
123000164,1299,310,989
123000165,339,1076,-737
123000166,53,84,-31
123000167,180,211,-31
123000168,247,168,79
123000169,747,161,586
123000170,119,99,20
123000171,692,32,660
123000172,167,380,-213
123000173,505,235,270
123000174,878,383,495
123000175,477,983,-506
123000176,947,217,730
123000177,266,704,-438
123000178,794,147,647
123000179,42,422,-380
123000180,1558,290,1268
123000181,264,1009,-745
123000182,168,180,-12
123000183,178,552,-374
123000184,107,350,-243
123000185,658,237,421
123000186,5,377,-372
123000187,513,7,506
123000188,163,2,161
123000189,203,143,60
123000190,101,108,-7
123000192,38,324,-286
123000193,69,725,-656
123000194,425,256,169
123000195,315,49,266
123000196,369,24,345
123000197,91,76,15
123000198,29,755,-726
123000199,12,653,-641
123000200,544,14,530
123000201,1115,22,1093
123000202,12,713,-701
123000203,1016,70,946
123000204,86,814,-728
123000205,443,1084,-641
123000206,2163,271,1892
123000207,92,644,-552
123000208,525,154,371
123000209,2228,628,1600
123000210,441,1531,-1090
123000211,566,1622,-1056
123000212,2910,493,2417
123000213,696,103,593
123000215,90,190,-100
123000216,93,538,-445
123000217,249,64,185
123000218,39,546,-507
123000219,538,66,472
123000220,446,84,362
123000221,148,64,84
123000222,309,239,70
123000223,343,175,168
123000224,374,341,33
123000225,234,51,183
123000226,88,232,-144
123000227,50,191,-141
123000228,227,59,168
123000229,869,1229,-360
123000232,76,422,-346
123000233,663,121,542
123000234,138,467,-329
123000235,1023,225,798
123000236,210,464,-254
123000237,304,94,210
123000238,64,348,-284
123000239,464,918,-454
123000240,64,411,-347
123000241,364,69,295
123000242,73,133,-60
123000243,664,764,-100
123000244,662,603,59
123000245,39,155,-116
123000249,225,476,-251
123000252,876,209,667
123000253,1256,562,694
123000254,580,640,-60
123000255,1040,771,269
123000256,41,197,-156
123000257,2002,1366,636
123000258,804,629,175
123000259,350,353,-3
123000260,427,303,124
123000261,219,107,112
123000262,119,122,-3
123000263,406,91,315
123000264,280,60,220
123000265,41,125,-84
123000266,564,520,44
123000267,564,330,234
123000268,94,53,41
123000269,57,60,-3
123000270,39,75,-36
123000271,80,45,35
123000272,698,298,400
123000273,331,607,-276
123000274,1223,587,636
123000275,254,723,-469
123000278,1953,2140,-187
123000279,145,84,61
123000280,289,252,37
123000281,218,75,143
123000282,91,219,-128
123000283,136,52,84
123000284,57,55,2
123000286,189,349,-160
123000287,442,252,190
123000288,1429,825,604
123000289,397,960,-563
123000291,185,777,-592
123000294,214,256,-42
123000295,926,809,117
123000296,598,338,260
123000297,710,416,294
123000298,715,288,427
123000299,88,175,-87
123000300,870,704,166
123000301,143,219,-76
123000302,130,120,10
123000303,86,247,-161
123000305,738,807,-69
123000306,109,82,27
123000309,66,34,32
123000310,43,53,-10
123000311,0,76,-76
123000312,446,471,-25
123000313,463,336,127
123000315,265,201,64
123000316,737,288,449
123000317,216,74,142
123000318,54,166,-112
123000329,15,12,3
123000337,1064,502,562
123000338,257,108,149
123000339,210,72,138
123000340,115,265,-150
123000342,14,118,-104
123000343,43,7,36
123000344,1031,358,673
123000345,281,493,-212
123000346,398,53,345
123000352,921,750,171
123000353,28,157,-129
123000354,178,3,175
123000355,0,174,-174
123000356,440,10,430
123000357,0,71,-71
123000359,7,106,-99
123000360,194,46,148
123000361,128,252,-124
123000362,335,65,270
123000363,72,133,-61
123000364,458,511,-53
123000365,11,303,-292
123000366,345,1659,-1314
123000367,246,650,-404
123000370,39,158,-119
123000371,308,33,275
123000372,318,12,306
123000373,8,234,-226
123000374,10,119,-109
123000375,321,25,296
123000376,999,681,318
123000377,325,8,317
123000378,8,181,-173
123000379,2,117,-115
123000380,38,376,-338
123000381,91,71,20
123000382,805,103,702
123000383,92,1103,-1011
123000384,396,139,257
123000385,125,436,-311
123000436,56,750,-694
123000507,122,189,-67
123000508,159,927,-768
123000517,228,22,206
123000518,21,236,-215
123000519,139,59,80
123000520,34,201,-167
123000521,301,81,220
123000522,96,269,-173
123000541,5,1,4
123000542,0,15,-15
123000565,869,43,826
123000566,287,399,-112
123000567,99,178,-79
123000573,50,559,-509
123000574,628,52,576
123000575,1252,779,473
123000576,808,935,-127
123000577,64,563,-499
123000578,388,98,290
123000579,1699,4648,-2949
123000580,166,27,139
123000582,372,24,348
123000583,24,260,-236
123000584,162,271,-109
123000585,0,38,-38
123000586,70,0,70
123000596,78,69,9
123000597,45,137,-92
123000602,52,8,44
123000603,829,442,387
123000604,496,502,-6
123000605,740,31,709
123000606,1,364,-363
123000609,15,276,-261
123000610,169,116,53
123000613,54,143,-89
123000614,231,36,195
123000615,45,99,-54
123000616,569,21,548
123000617,106,172,-66
123000618,66,425,-359
123000619,490,33,457
123000620,17,223,-206
123000622,340,19,321
123000624,152,62,90
123000630,1190,380,810
123000631,187,828,-641
123000632,649,643,6
123000633,0,241,-241
123000634,33,107,-74
123000635,78,117,-39
123000636,51,508,-457
123000637,146,23,123
123000638,410,37,373
123000639,776,3865,-3089
123000640,29,426,-397
123000648,454,76,378
123000649,50,316,-266
123900001,926,65,861
123900002,24,1103,-1079
123900003,224,373,-149
123900005,248,176,72
123900006,289,66,223
124000001,1791,139,1652
124000002,72,1136,-1064
124000003,831,156,675
124000004,89,382,-293
124000005,974,454,520
124000006,214,706,-492
124000007,412,68,344
124000008,4,331,-327
124000009,707,146,561
124000010,184,358,-174
124000011,941,231,710
124000012,230,412,-182
124000017,258,95,163
124000018,123,67,56
124000019,150,105,45
124000020,55,156,-101
124000021,116,97,19
124000022,89,160,-71
124000023,1067,1219,-152
124000024,914,361,553
124000025,923,1408,-485
124000026,952,857,95
124000027,3861,4255,-394
124000028,1552,3408,-1856
124000030,1980,1107,873
124000031,1588,3169,-1581
124000032,1983,722,1261
124000033,934,470,464
124000034,639,734,-95
124000035,280,164,116
124000036,125,466,-341
124000037,322,1159,-837
124000038,36,121,-85
124000039,599,448,151
124000040,346,1000,-654
124000041,361,74,287
124000042,71,330,-259
124000043,71,75,-4
124000044,52,146,-94
124000045,749,354,395
124000046,217,599,-382
124000047,1631,640,991
124000048,774,925,-151
124000049,1642,466,1176
124000050,778,1146,-368
124000051,963,416,547
124000052,622,709,-87
124000053,553,1451,-898
124000054,806,365,441
124000055,1336,2410,-1074
124000056,1563,974,589
124000057,1044,537,507
124000058,443,930,-487
124000059,697,1265,-568
124000060,883,520,363
124000061,1481,5370,-3889
124000062,4243,1581,2662
124000063,1124,1283,-159
124000064,1605,1081,524
124000065,97,445,-348
124000066,253,98,155
124000067,230,170,60
124000068,66,143,-77
124000069,699,138,561
124000070,252,446,-194
124000071,223,69,154
124000072,187,340,-153
124000073,881,169,712
124000074,160,504,-344
124000075,275,22,253
124000076,4,124,-120
124000077,1160,806,354
124000078,1715,1354,361
124000079,290,1335,-1045
124000080,590,145,445
124000081,160,436,-276
124000082,75,109,-34
124000083,113,90,23
124000084,81,532,-451
124000085,100,65,35
124000086,33,151,-118
124000087,114,113,1
124000088,219,501,-282
124000089,747,231,516
124000090,184,251,-67
124000091,476,144,332
124000092,146,456,-310
124000093,125,85,40
124000094,107,451,-344
124000095,95,81,14
124000096,141,188,-47
124000097,141,177,-36
124000098,58,118,-60
124000099,247,94,153
124000100,60,123,-63
124000101,93,83,10
124000102,66,41,25
124000103,120,118,2
124000104,82,35,47
124000105,94,107,-13
124000106,120,29,91
124000107,26,188,-162
124000108,34,15,19
124000109,152,75,77
124000110,170,81,89
124000111,301,104,197
124000112,518,476,42
124000113,96,103,-7
124000114,240,328,-88
124000115,308,570,-262
124000116,134,156,-22
124000117,67,91,-24
124000118,43,99,-56
124000119,705,411,294
124000120,485,341,144
124000121,1709,758,951
124000122,515,1130,-615
124000123,899,453,446
124000124,362,799,-437
124000125,365,333,32
124000126,305,488,-183
124000127,870,338,532
124000128,515,653,-138
124000129,1706,1293,413
124000130,655,472,183
124000131,827,510,317
124000132,777,677,100
124000133,856,745,111
124000134,846,463,383
124000135,1653,1564,89
124000136,765,742,23
124000137,999,882,117
124000138,960,1020,-60
124000139,493,37,456
124000140,18,286,-268
124000141,638,24,614
124000142,42,258,-216
124000143,137,7,130
124000144,8,100,-92
124000145,96,38,58
124000146,20,50,-30
124000148,15,132,-117
124000149,966,379,587
124000150,215,590,-375
124000151,852,387,465
124000152,651,1002,-351
124000153,655,746,-91
124000154,319,551,-232
124000155,1268,871,397
124000156,1472,843,629
124000169,192,435,-243
124000170,405,331,74
124000171,234,216,18
124000172,246,356,-110
124000173,481,172,309
124000174,335,407,-72
124000175,2,52,-50
124000176,39,10,29
124000177,9,31,-22
124000178,45,39,6
124000190,80,61,19
124000191,94,222,-128
124000192,954,316,638
124000193,176,822,-646
124000194,377,382,-5
124000195,314,619,-305
124000196,852,801,51
124000197,51,40,11
124000198,42,43,-1
124000201,225,623,-398
124000202,522,269,253
124000203,448,349,99
124000204,864,266,598
124000205,97,296,-199
124000206,623,220,403
124000207,0,39,-39
124000209,171,272,-101
124000210,575,154,421
124000211,763,0,763
124000212,0,233,-233
124000213,434,171,263
124000214,372,413,-41
124000215,356,18,338
124000216,0,313,-313
124000329,112,1041,-929
124000338,98,511,-413
124000339,1004,65,939
124000341,1512,56,1456
124000344,31,2,29
124000357,935,1805,-870
124000358,810,1306,-496
124000359,1124,648,476
124000360,761,427,334
124000361,1576,819,757
124000362,966,1404,-438
124000363,242,313,-71
124000364,414,596,-182
124000365,537,804,-267
124000366,1243,651,592
124000367,77,372,-295
124000368,368,402,-34
124000369,215,84,131
124000370,93,477,-384
124000402,22,9,13
124000403,104,10,94
124000404,10,76,-66
124000405,863,662,201
124000406,619,541,78
124000407,2,23,-21
124000411,3,232,-229
124000412,414,11,403
124000413,127,21,106
124000414,71,82,-11
124000415,61,84,-23
124000416,142,155,-13
124000417,192,129,63
124000418,198,47,151
124000419,97,95,2
124000420,87,52,35
124000421,43,137,-94
124000422,45,9,36
124000423,127,28,99
124000424,3,95,-92
124000425,209,3,206
124000426,11,126,-115
124000427,200,5,195
124000428,3,46,-43
124000429,60,55,5
124000430,733,445,288
124000431,219,289,-70
124000432,212,611,-399
124000439,12,17,-5
124000443,0,10,-10
124000445,199,1199,-1000
124000446,1028,249,779
124000447,20,115,-95
124900001,553,389,164
124900002,134,216,-82
124900003,1191,492,699
124900004,776,294,482
124900005,214,121,93
124900006,688,260,428
124900008,1097,554,543
124900009,173,309,-136
124900010,180,104,76
124900011,487,215,272
124900012,410,108,302
124900013,497,121,376
124900014,256,60,196
124900015,154,291,-137
124900016,66,80,-14
124900017,502,1412,-910
124900018,68,10,58
124900020,72,50,22
124900021,256,38,218
124900022,54,17,37
124900024,315,15,300
124900026,167,22,145
124900027,123,482,-359
124900028,356,76,280
124900029,17,494,-477
124900030,8,72,-64
124900031,24,196,-172
124900032,161,217,-56
124900033,117,239,-122
124900034,3,102,-99
124900035,163,253,-90
124900036,0,62,-62
124900037,213,181,32
124900038,217,208,9
124900039,1,81,-80
124900040,117,64,53
124900041,224,705,-481
124900042,120,3,117
124900043,525,683,-158
124900044,83,1,82
124900045,499,1037,-538
124900047,127,93,34
124900048,207,73,134
124900050,131,131,0
124900052,87,274,-187
124900053,106,235,-129
124900054,1035,342,693
124900055,0,111,-111
124900057,12,53,-41
124900060,57,136,-79
124900061,95,5,90
124900062,232,25,207
124900066,1,16,-15
124900067,10,130,-120
124900068,250,482,-232
124900070,32,16,16
124900072,109,35,74
124900075,246,177,69
124900076,26,1146,-1120
124900077,30,90,-60
124900078,72,16,56
124900079,347,133,214
124900080,257,445,-188
124900081,1156,295,861
124900082,317,557,-240
124900083,188,383,-195
124900085,657,498,159
124900086,73,1507,-1434
124900087,524,95,429
124900088,468,71,397
124900089,1049,20,1029
124900090,304,186,118
124900091,241,222,19
124900092,192,178,14
124900093,386,149,237
124900094,407,192,215
124900095,105,415,-310
124900096,485,221,264
124900097,390,53,337
124900098,118,279,-161
124900099,423,399,24
124900100,278,43,235
124900101,84,312,-228
124900102,281,18,263
124900103,155,141,14
124900104,83,129,-46
124900105,102,105,-3
124900106,375,31,344
124900107,112,16,96
124900108,181,113,68
124900111,1,110,-109
124900112,56,316,-260
124900113,75,315,-240
124900114,125,171,-46
124900115,47,25,22
124900116,151,187,-36
124900117,204,168,36
124900118,131,360,-229
124900119,358,156,202
124900120,28,281,-253
124900121,85,347,-262
124900122,199,190,9
124900123,201,115,86
124900124,104,282,-178
204000001,112,6,106
204000002,12,7,5
204000003,26,8,18
204000004,11,0,11
204000005,645,625,20
204000006,1362,1356,6
204000011,16,42,-26
204000012,59,108,-49
204000019,674,425,249
204000020,630,507,123
204000021,1304,810,494
204000022,538,407,131
204000023,574,581,-7
204000031,91,16,75
204000032,361,44,317
204000034,51,114,-63
204000035,0,0,0
204000036,9,14,-5
204000037,0,18,-18
204000038,4,9,-5
204000039,2,21,-19
204000040,4,25,-21
204000041,19,11,8
204000042,35,12,23
204000043,41,2,39
204000044,34,3,31
204000045,55,1,54
204000046,14,2,12
204000057,6,9,-3
204000062,20,45,-25
204000068,26,212,-186
204000069,64,405,-341
204000070,76,71,5
204000080,56,61,-5
204000085,2050,1177,873
204000086,2016,1492,524
204000087,51,21,30
204000088,7,86,-79
204000090,103,223,-120
204000093,383,65,318
204000096,917,1197,-280
204000097,395,23,372
204000099,1006,1436,-430
204000100,1296,1745,-449
204000105,1950,1003,947
204000110,564,852,-288
204000111,459,499,-40
204000112,432,431,1
204000113,420,524,-104
204000114,662,609,53
204000115,503,287,216
204000116,503,503,0
204000119,1908,2397,-489
204000132,768,367,401
204000133,1051,230,821
204000134,274,92,182
204000135,756,64,692
204000136,871,217,654
204000138,449,528,-79
204000140,303,186,117
204000141,234,85,149
204000144,13,45,-32
204000145,453,21,432
204000146,21,291,-270
204000147,34,131,-97
204000148,228,25,203
204000154,7,3,4
204000155,3,3,0
204000177,106,50,56
204000179,26,4,22
204000180,0,50,-50
204000222,2,6,-4
204000235,17,9,8
204000236,56,174,-118
204000238,12,22,-10
204000240,348,57,291
204000263,669,782,-113
204000268,938,796,142
204000308,102,18,84
204000317,27,74,-47
204000322,7,38,-31
204000323,15,5,10
204000328,188,76,112
204000329,58,141,-83
204000330,215,46,169
204000331,117,119,-2
205000001,915,1551,-636
205000013,5,30,-25
205000014,26,64,-38
205000015,38,185,-147
205000016,17,133,-116
205000017,27,82,-55
205000022,306,738,-432
205000025,1216,1042,174
205000029,235,6,229
205000045,146,652,-506
205000046,147,693,-546
205000047,60,441,-381
205000048,346,791,-445
205000049,176,686,-510
205000050,753,290,463
205000059,2,198,-196
205000060,0,94,-94
205000061,7,110,-103
205000062,2,126,-124
205000063,27,120,-93
205000064,22,59,-37
205000065,67,477,-410
205000066,121,646,-525
205000067,40,715,-675
205000069,236,17,219
205000082,122,137,-15
205000110,121,223,-102
205000111,210,227,-17
205000112,170,244,-74
205000113,166,322,-156
205000121,188,48,140
205000123,36,173,-137
205000126,544,74,470
205000127,878,150,728
205000128,504,59,445
205000129,799,49,750
205000130,114,18,96
205000131,40,3,37
205000132,162,1,161
205000133,77,2,75
205000134,348,0,348
205000137,50,131,-81
205000138,95,267,-172
205000139,47,96,-49
205000144,82,73,9
205000145,262,170,92
205000151,140,31,109
205000152,236,14,222
205000153,277,22,255
205000154,96,46,50
205000155,125,17,108
205000207,9,146,-137
205000233,25,0,25
205000234,0,1,-1
205000243,0,0,0
205000244,0,3,-3
205000245,16,103,-87
205000249,1,11,-10
205000250,10,1,9
205000264,12,80,-68
206000027,6,5,1
206000028,4,4,0
206000043,8,41,-33
206000053,1,1,0
206000054,2,25,-23
206000055,3,15,-12
206000075,14,28,-14
206000076,16,19,-3
206000077,26,11,15
206000078,13,5,8
206000079,9,14,-5
206000082,438,38,400
206000100,36,381,-345
206000103,5,10,-5
206000104,12,24,-12
206000105,3,9,-6
206000106,6,19,-13
206000125,58,0,58
206000157,40,457,-417
206000170,0,118,-118
206000171,5,148,-143
206000172,18,226,-208
206000173,0,141,-141
206000174,9,47,-38
206000175,1,63,-62
206000176,9,108,-99
206000177,0,79,-79
206000178,2,170,-168
206000179,6,114,-108
206000180,13,103,-90
206000181,7,83,-76
206000182,10,74,-64
206000183,8,269,-261
206000184,10,160,-150
206000185,2,63,-61
206000186,120,501,-381
206000223,2,179,-177
206000226,11,1,10
206000227,27,3,24
206000237,18,193,-175
206000238,19,348,-329
206000239,164,1223,-1059
206000240,3,62,-59
206000241,1,72,-71
206000242,10,148,-138
206000243,7,99,-92
206000244,57,311,-254
206000245,783,50,733
206000246,238,12,226
206000247,231,5,226
206000248,390,23,367
206000252,43,41,2
206000258,17,54,-37
206000315,29,4,25
206000317,508,103,405
206000318,590,69,521
206000319,1391,96,1295
206000320,188,35,153
206000321,228,10,218
206000322,492,23,469
206000323,182,10,172
206000324,193,7,186
206000325,181,17,164
206000326,187,9,178
206000327,122,10,112
206000328,164,8,156
206000329,191,8,183
206000330,46,8,38
206000331,276,3,273
206000332,40,1,39
206000333,643,7,636
206000334,289,0,289
206000335,0,14,-14
206000361,0,133,-133
206000392,1,7,-6
206000405,144,0,144
206000441,36,22,14
206000498,19,0,19
206000515,84,32,52
206000530,269,52,217
206000531,220,200,20
206000532,1627,299,1328
206000535,142,1319,-1177
206000536,8,112,-104
206000537,15,128,-113
206000613,1575,236,1339
206000784,523,27,496
207000001,130,603,-473
207000002,117,301,-184
207000003,159,128,31
207000007,1172,293,879
207000008,140,12,128
207000009,81,63,18
207000010,376,322,54
207000012,439,250,189
207000015,212,912,-700
207000019,259,70,189
207000021,467,173,294
207000022,174,120,54
207000023,247,49,198
207000024,2,13,-11
207000025,39,95,-56
207000026,85,59,26
207000027,20,98,-78
207000028,39,178,-139
207000029,197,344,-147
207000033,185,468,-283
207000034,251,106,145
207000039,486,118,368
207000040,430,65,365
207000041,110,29,81
207000042,173,42,131
207000043,225,176,49
207000051,92,192,-100
207000052,62,80,-18
207000053,490,489,1
207000054,50,63,-13
207000055,188,72,116
207000056,340,311,29
207000057,170,292,-122
207000058,174,236,-62
207000059,127,311,-184
207000060,82,174,-92
207000061,193,620,-427
207000062,368,39,329
207000063,396,92,304
207000064,376,118,258
207000065,352,218,134
207000066,215,166,49
207000067,56,73,-17
207000068,152,52,100
207000069,706,305,401
207000082,14,211,-197
207000083,69,210,-141
207000084,266,287,-21
207000085,209,20,189
207000086,223,7,216
207000106,69,38,31
207000107,76,18,58
207000108,81,10,71
207000109,73,15,58
207000110,61,74,-13
207000111,71,69,2
207000112,144,651,-507
207000114,21,37,-16
207000115,13,74,-61
207000116,13,344,-331
207000117,8,74,-66
207000118,6,42,-36
207000119,31,59,-28
207000123,184,14,170
207000124,97,29,68
207000125,48,51,-3
207000126,78,52,26
207000134,98,160,-62
207000135,19,184,-165
207000148,63,307,-244
207000149,41,34,7
207000152,147,344,-197
207000153,808,1314,-506
207000154,367,142,225
207000159,140,137,3
207000160,123,297,-174
207000238,0,186,-186
207000242,10,137,-127
207000248,32,25,7
207000249,71,31,40
207000250,458,52,406
207000251,72,64,8
207000252,84,34,50
207000278,102,79,23
207000279,21,95,-74
207000280,625,88,537
207000281,139,558,-419
207000282,142,116,26
207000283,89,211,-122
207000284,78,253,-175
207000285,116,106,10
207000291,12,75,-63
207000304,101,58,43
207000306,74,325,-251
207000310,116,92,24
207000353,261,5,256
207000356,3,21,-18
207000357,7,18,-11
207000358,9,15,-6
207000415,4,129,-125
207000417,62,0,62
207000418,101,123,-22
207000438,0,1,-1
207000439,820,778,42
207000446,216,7,209
207000460,39,12,27
207000466,162,140,22
207000467,221,84,137
207000468,42,229,-187
207000476,5,35,-30
207000477,627,49,578
207000478,0,37,-37
207000523,0,26,-26
207000524,79,1,78
207000527,165,137,28
207000530,587,8,579
207000531,395,8,387
207000532,95,15,80
207000534,315,63,252
207000535,24,362,-338
207000537,42,66,-24
207000540,6,154,-148
207000541,2,203,-201
207000548,12,183,-171
207000549,374,14,360
207000561,161,223,-62
207000562,54,110,-56
207000567,190,237,-47
207000568,197,38,159
207000569,425,452,-27
207000584,267,138,129
207000585,34,414,-380
207000587,173,12,161
207000616,1,114,-113
207000617,127,1,126
207000624,72,75,-3
207000631,10,76,-66
207900008,239,72,167
208000001,515,1048,-533
208000002,733,591,142
208000003,1331,411,920
208000004,1210,819,391
208000005,8,6,2
208000019,623,865,-242
208000020,205,439,-234
208000021,242,282,-40
208000022,1097,410,687
208000028,1036,1142,-106
208000033,637,474,163
208000034,1078,1109,-31
208000037,240,19,221
208000040,191,134,57
208000041,793,514,279
208000042,1155,563,592
208000047,148,172,-24
208000064,1997,1339,658
208000066,1425,2440,-1015
208000070,385,282,103
208000071,428,600,-172
208000072,382,949,-567
208000080,343,409,-66
208000081,436,135,301
208000082,264,235,29
208000083,117,371,-254
208000084,15,16,-1
208000085,761,579,182
208000086,420,921,-501
208000087,378,589,-211
208000089,1185,312,873
208000090,1211,465,746
208000093,107,171,-64
208000094,573,334,239
208000095,655,387,268
208000104,924,692,232
208000105,636,811,-175
208000114,92,313,-221
208000115,463,333,130
208000116,545,1003,-458
208000117,82,166,-84
208000118,94,156,-62
208000155,581,917,-336
208000158,1406,3531,-2125
208000186,2942,4156,-1214
208000204,651,889,-238
208000205,1205,776,429
208000282,4388,2924,1464
209000004,387,159,228
209000005,62,42,20
209000006,440,191,249
209000007,271,366,-95
209000010,334,108,226
209000011,119,196,-77
209000012,144,122,22
209000013,201,221,-20
209000014,361,693,-332
209000025,353,68,285
209000026,623,92,531
209000027,362,537,-175
209000028,247,382,-135
209000029,419,481,-62
209000030,378,777,-399
209000031,1778,1439,339
209000034,220,287,-67
209000035,196,223,-27
209000036,243,133,110
209000037,329,228,101
209000038,162,204,-42
209000039,88,176,-88
209000040,254,481,-227
209000041,180,465,-285
209000042,258,369,-111
209000043,620,796,-176
209000044,230,791,-561
209000045,1195,389,806
209000046,558,355,203
209000047,475,179,296
209000048,561,261,300
209000049,96,95,1
209000050,199,114,85
209000051,294,227,67
209000052,160,178,-18
209000062,48,55,-7
209000063,39,62,-23
209000064,46,56,-10
209000065,138,25,113
209000066,81,25,56
209000067,97,35,62
209000080,21,143,-122
209000082,69,31,38
209000091,49,71,-22
209000093,41,14,27
209000094,136,154,-18
209000110,41,141,-100
209000111,543,1250,-707
209000112,935,440,495
209000113,1567,505,1062
209000114,723,443,280
209000115,55,90,-35
209000116,458,225,233
209000118,16,31,-15
209000119,8,22,-14
209000121,145,346,-201
209000135,81,252,-171
209000142,700,1445,-745
209000143,53,44,9
209000144,51,109,-58
209000229,250,125,125
209000240,28,242,-214
209000259,72,89,-17
209000260,44,739,-695
209000261,10,374,-364
209000262,6,292,-286
209000263,0,101,-101
209000264,0,137,-137
209000265,473,1,472
209000266,91,1,90
209000267,887,10,877
209000268,623,46,577
210000037,82,24,58
210000047,83,14,69
210000048,107,22,85
210000049,56,7,49
210000052,53,44,9
210000053,40,42,-2
210000054,50,58,-8
210000070,135,3,132
210000071,85,1,84
210000072,40,0,40
210000073,1,25,-24
210000074,0,88,-88
210000075,1,132,-131
210000076,5,147,-142
210000077,7,42,-35
210000078,28,37,-9
210000079,17,20,-3
210000080,115,86,29
210000081,179,10,169
210000082,115,2,113
210000083,76,2,74
210000084,63,0,63
210000085,1,42,-41
210000086,0,51,-51
210000099,29,220,-191
210000100,52,150,-98
210000101,77,155,-78
210000105,22,148,-126
210000159,1,169,-168
210000163,89,213,-124
210000164,269,190,79
210000168,173,44,129
210000187,0,30,-30
210000188,0,11,-11
210000214,22,0,22
210000219,41,51,-10
210000220,105,58,47
210000232,5,12,-7
210000233,35,36,-1
210000234,24,100,-76
210000235,41,54,-13
210000245,1,51,-50
210000246,13,1,12
210000258,9,67,-58
210000259,296,52,244
210000282,75,209,-134
210000285,0,99,-99
210000286,17,106,-89
210000290,4,9,-5
210000295,44,105,-61
210000296,52,42,10
210000320,163,64,99
210000321,129,38,91
210000338,45,42,3
210000339,266,1206,-940
210000340,99,346,-247
210000341,215,254,-39
210000342,188,157,31
210000343,171,151,20
210000344,157,89,68
210000345,179,210,-31
210000346,78,121,-43
210000347,41,53,-12
210000348,125,46,79
210000349,54,22,32
210000350,163,52,111
210000351,205,106,99
210000352,102,60,42
210000353,73,61,12
210000354,55,60,-5
210000355,40,68,-28
210000356,29,75,-46
210000357,66,62,4
210000358,218,135,83
210000359,104,92,12
210000360,161,104,57
210000361,164,135,29
210000362,261,176,85
210000363,676,259,417
210000364,86,159,-73
210000365,151,69,82
210000366,151,55,96
210000367,129,33,96
210000368,168,27,141
210000369,28,56,-28
210000370,42,36,6
210000372,20,29,-9
210000373,25,23,2
210000374,97,75,22
210000375,31,65,-34
210000376,66,111,-45
210000404,57,112,-55
210000439,18,38,-20
210000472,94,4,90
210000482,61,80,-19
210000564,268,304,-36
210000567,0,33,-33
210000568,313,2,311
211000092,45,37,8
211000094,23,10,13
211000169,236,30,206
211000172,9,201,-192
211000209,3,15,-12
211000226,12,21,-9
211000270,20,13,7
211000275,31,8,23
211000276,88,24,64
211000279,10,22,-12
211000281,67,32,35
211000302,24,43,-19
211507980,1,44,-43
211977296,42,7,35
212000003,125,46,79
212000004,31,42,-11
212000005,19,26,-7
212000006,22,52,-30
212000008,175,105,70
212000009,31,79,-48
212000012,106,85,21
212000013,43,51,-8
212000014,291,110,181
212000015,307,233,74
212000016,485,478,7
212000027,450,343,107
212000028,294,367,-73
212000029,234,212,22
212000030,45,27,18
212000031,52,43,9
212000048,22,138,-116
212000049,21,129,-108
212000050,15,5,10
212000051,229,168,61
212000052,198,203,-5
212000053,422,379,43
212000054,236,76,160
212000055,287,132,155
212000056,31,35,-4
212000057,24,21,3
212000058,186,34,152
212000070,138,141,-3
212000077,131,471,-340
212000099,243,229,14
212000108,161,166,-5
212000111,194,133,61
212000120,83,56,27
212000138,164,37,127
212000156,8,100,-92
212000158,12,17,-5
212000159,490,51,439
212000160,667,226,441
212000161,96,8,88
212000310,41,18,23
212000311,22,51,-29
212000374,35,17,18
213000001,35,299,-264
213000005,349,119,230
213000006,906,334,572
213000007,124,10,114
213000009,629,452,177
213000010,196,309,-113
213000011,183,94,89
213000012,105,255,-150
213000014,68,15,53
213000015,299,8,291
213000016,387,1,386
213000017,104,2,102
213000018,8,108,-100
213000019,4,133,-129
213000020,103,277,-174
213000021,5,110,-105
213000023,334,215,119
213000033,359,1470,-1111
213000034,809,217,592
213000035,118,176,-58
213000045,184,241,-57
213000046,210,152,58
213000047,673,1256,-583
213000056,109,30,79
213000069,120,6,114
213000073,1,63,-62
213000074,85,343,-258
213000075,582,16,566
213000076,41,1,40
213000085,12,41,-29
213000086,12,116,-104
213000091,221,18,203
213000092,110,6,104
213000099,175,1106,-931
213000100,1022,297,725
213000101,421,100,321
213000102,509,188,321
213000103,852,633,219
213000104,56,351,-295
213000105,1,167,-166
213000106,35,96,-61
213000107,169,404,-235
213000108,49,346,-297
213000109,17,187,-170
213000110,22,80,-58
213000111,16,66,-50
213000112,121,123,-2
213000115,91,16,75
213000116,32,305,-273
213000117,10,496,-486
213000118,473,223,250
213000119,40,443,-403
213000120,112,340,-228
213000122,115,362,-247
213000123,260,820,-560
213000124,92,810,-718
213000125,186,24,162
213000126,48,116,-68
213000127,110,201,-91
213000128,343,1065,-722
213000129,327,713,-386
213000130,611,353,258
213000132,350,113,237
213000133,626,105,521
213000134,987,24,963
213000136,597,37,560
213000137,708,115,593
213000139,336,21,315
213000147,61,13,48
213000148,19,17,2
213000149,57,13,44
213000150,0,171,-171
213000151,5,131,-126
213000152,1,87,-86
213000153,8,161,-153
213000154,57,190,-133
213000155,26,160,-134
213000156,91,337,-246
213000157,560,325,235
213000158,329,783,-454
213000159,608,379,229
213000163,1051,118,933
213000165,987,320,667
213000171,1,46,-45
213000172,3,158,-155
213000173,2,152,-150
213000174,3,67,-64
213000175,6,49,-43
213000176,45,36,9
213000177,82,2,80
213000178,173,4,169
213000179,243,6,237
213000180,218,0,218
213000184,75,341,-266
213000188,304,99,205
213000189,317,40,277
213000190,643,618,25
213000191,323,257,66
213000192,245,274,-29
213000193,718,208,510
213000194,0,79,-79
213000195,28,281,-253
213000196,216,934,-718
213000197,455,453,2
213000198,41,2,39
213000200,100,642,-542
213000201,60,55,5
213000202,12,480,-468
213000203,2640,717,1923
213000204,796,76,720
213000205,272,63,209
213000206,425,54,371
213000207,157,13,144
213000208,103,5,98
213000209,209,8,201
213000210,349,6,343
213000211,9,45,-36
213000212,21,43,-22
213000213,34,78,-44
213000218,219,373,-154
213000219,507,19,488
213000220,388,10,378
213000223,168,287,-119
213000224,68,72,-4
213000225,96,8,88
213000226,80,13,67
213000227,916,232,684
213000228,399,75,324
213000229,146,37,109
213000230,569,28,541
213000232,43,980,-937
213000233,16,134,-118
213000234,8,52,-44
213000293,19,85,-66
213000294,143,62,81
213000295,16,89,-73
213000296,77,21,56
213000297,11,85,-74
213000298,9,55,-46
213000299,42,36,6
213000300,14,10,4
213000303,3,31,-28
213000304,4,12,-8
213000305,5,17,-12
213000306,49,20,29
213000307,121,81,40
213000308,79,140,-61
213000309,131,46,85
213000310,351,207,144
213000311,224,687,-463
213000315,88,56,32
213000316,171,47,124
213000322,87,112,-25
213000323,134,51,83
213000324,69,19,50
213000325,41,66,-25
213000326,24,8,16
213000327,24,26,-2
213000328,14,113,-99
213000329,93,7,86
213000340,165,429,-264
213000341,542,111,431
213000346,264,201,63
213000347,532,388,144
213000348,10,145,-135
213000349,46,21,25
213000350,292,763,-471
213000366,69,236,-167
213000367,274,25,249
213000379,104,66,38
213000386,6,253,-247
213000406,90,391,-301
213000417,1140,438,702
213000425,220,25,195
213000426,185,57,128
213000427,54,140,-86
213000428,55,153,-98
213000429,12,7,5
213000430,100,448,-348
213000431,56,1,55
213000432,0,43,-43
213000433,13,89,-76
213000434,83,95,-12
213000435,172,66,106
213000436,43,75,-32
213000437,0,7,-7
213000438,138,60,78
213000439,38,16,22
213000440,6,202,-196
213000441,5,1,4
213000442,3,30,-27
213000443,368,248,120
213000444,33,21,12
213000445,0,58,-58
213000446,0,51,-51
213000447,2,34,-32
213000448,22,145,-123
213000449,378,9,369
213000450,24,34,-10
213000451,153,60,93
213000452,9,17,-8
213000453,38,186,-148
213000455,552,11,541
213000456,4,403,-399
213000481,19,9,10
213000482,56,3,53
213000489,252,73,179
213000491,4,205,-201
213000492,220,2,218
213000493,0,127,-127
213000494,268,101,167
213000495,0,95,-95
213000496,352,136,216
213000497,48,196,-148
213000498,102,124,-22
213000499,167,321,-154
213000500,445,63,382
213000501,122,16,106
213000502,141,75,66
213000503,0,32,-32
213000504,8,59,-51
213000505,21,7,14
213000506,0,16,-16
213000507,4,85,-81
213900244,57,0,57
213900245,0,6,-6
218000003,15,21,-6
218000004,30,28,2
218000005,42,22,20
218000006,53,26,27
218000007,22,17,5
218000012,123,103,20
218000013,93,125,-32
218000014,340,384,-44
218000019,685,528,157
218000020,231,371,-140
218000021,9,12,-3
218000022,2,4,-2
218000023,0,1,-1
218000024,3,3,0
218000025,2,7,-5
218000026,7,4,3
218000027,0,2,-2
218000028,0,5,-5
218000029,0,3,-3
218000030,2,5,-3
218000031,0,5,-5
218000032,0,6,-6
218000040,2,2,0
218000046,36,96,-60
218000047,8,105,-97
218000048,54,101,-47
218000049,84,102,-18
218000050,298,226,72
218000051,54,214,-160
218000052,2,55,-53
218000053,4,7,-3
218000054,23,54,-31
218000055,2,20,-18
218000056,20,49,-29
218000057,3,28,-25
218000064,3,7,-4
218000065,75,40,35
218000066,16,44,-28
218000067,49,63,-14
218000068,127,47,80
218000069,192,97,95
218000070,169,201,-32
218000071,190,182,8
218000072,263,177,86
218000078,968,539,429
218000079,99,50,49
218000080,107,58,49
218000081,348,162,186
218000082,54,91,-37
218000083,104,40,64
218000084,190,104,86
218000085,178,225,-47
218000086,97,122,-25
218000087,134,127,7
218000090,16,94,-78
218000091,938,500,438
218000092,92,116,-24
218000093,108,44,64
218000094,454,529,-75
218000099,262,649,-387
218000100,281,295,-14
218000101,277,156,121
218000102,425,191,234
218000103,88,100,-12
218000104,81,30,51
218000105,49,31,18
218000106,7,11,-4
218000107,95,52,43
218000108,8,32,-24
218000112,61,44,17
218000117,55,62,-7
218000134,529,406,123
218000135,39,71,-32
218000136,160,117,43
218000137,200,163,37
218000138,20,114,-94
218000139,196,288,-92
218000140,455,244,211
218000141,101,68,33
218000142,243,133,110
218000143,150,280,-130
218000144,65,80,-15
218000145,423,257,166
218000146,79,155,-76
218000151,24,4,20
218000152,84,31,53
218000153,0,0,0
218000154,0,0,0
218000155,0,0,0
218000156,0,0,0
218000157,0,0,0
218000158,0,0,0
218000159,0,0,0
218000160,0,0,0
218000161,0,0,0
218000162,0,0,0
218000163,0,0,0
218000164,0,0,0
218000165,0,0,0
218000170,2,35,-33
218000171,29,3,26
218000172,9,12,-3
218000173,43,7,36
218000174,12,10,2
218000176,98,23,75
218000177,243,124,119
218000178,50,131,-81
218000179,85,63,22
218000180,64,31,33
218000181,112,36,76
218000187,6,32,-26
218000188,40,45,-5
218000189,28,43,-15
218000190,17,10,7
218000191,163,35,128
218000192,199,160,39
218000193,472,308,164
218000194,103,219,-116
218000195,115,43,72
218000196,374,193,181
218000197,288,170,118
218000198,19,102,-83
218000199,60,37,23
218000200,104,33,71
218000201,14,14,0
218000202,78,254,-176
218000207,3,14,-11
218000208,48,55,-7
218000211,87,32,55
218000212,0,5,-5
218000213,94,114,-20
218000214,7,30,-23
218000215,27,51,-24
218000217,4,84,-80
218000218,118,55,63
218000219,9,29,-20
218000220,50,268,-218
218000221,459,218,241
218000222,6,51,-45
218000223,32,260,-228
218000224,19,133,-114
218000225,124,22,102
218000226,86,24,62
218000230,0,7,-7
218000232,32,40,-8
218000239,229,13,216
218000240,53,4,49
218000241,41,6,35
218000242,80,9,71
218000243,62,5,57
218000244,86,6,80
218000245,26,8,18
218000246,2,1,1
218000247,1,0,1
218000248,0,21,-21
218000249,0,4,-4
218000250,1,9,-8
218000251,1,24,-23
218000252,0,98,-98
218000253,9,72,-63
218000254,0,44,-44
218000255,2,23,-21
218000256,11,112,-101
218000267,397,957,-560
218000268,18,60,-42
218000269,1,12,-11
218000270,133,34,99
218000271,18,46,-28
218000273,17,5,12
218000274,17,2,15
218000275,18,31,-13
218000276,16,33,-17
218000278,22,27,-5
218000279,130,39,91
218000280,11,50,-39
218000281,26,22,4
218000282,510,474,36
218000284,48,4,44
218000301,102,118,-16
218000302,123,51,72
218000303,36,72,-36
218000316,720,820,-100
218000317,1197,806,391
218000318,756,562,194
218000319,1164,700,464
218000320,946,592,354
218000338,43,21,22
218000345,92,73,19
218000346,36,148,-112
218000459,25,197,-172
218000490,44,44,0
218000501,108,16,92
218000502,53,66,-13
218000503,77,20,57
218000504,214,31,183
218000505,50,144,-94
218000506,28,297,-269
218000508,2,11,-9
218000510,164,12,152
218000520,150,58,92
218000521,22,30,-8
218000522,0,111,-111
218000523,129,22,107
218000524,53,328,-275
218000525,136,17,119
218000526,42,184,-142
218000529,48,162,-114
218000530,0,0,0
218000531,11,13,-2
218000532,28,7,21
218000534,136,14,122
218000537,17,58,-41
218000538,112,202,-90
218000540,167,67,100
218000543,144,36,108
218000544,40,64,-24
218000545,49,51,-2
218000546,46,49,-3
218000547,87,169,-82
218000548,111,89,22
218000549,378,454,-76
218000550,244,293,-49
218000551,130,810,-680
218000552,273,66,207
218000553,109,184,-75
218000554,25,30,-5
218000555,38,77,-39
218000556,237,175,62
218000557,278,191,87
218000558,74,0,74
218000559,0,59,-59
218000560,1,55,-54
218000561,15,0,15
218000562,40,222,-182
218000563,243,18,225
218000564,6,133,-127
218000565,186,37,149
218000566,464,33,431
218000567,6,100,-94
218000568,33,7,26
218000569,27,278,-251
218000570,173,12,161
218000571,1,133,-132
218000572,156,1,155
218000573,40,332,-292
218000574,210,38,172
218000575,144,1,143
218000576,1,86,-85
218000577,126,1,125
218000578,0,87,-87
218000579,31,10,21
218000581,2,43,-41
218000582,48,3,45
218000583,6,0,6
218000584,0,19,-19
218000585,68,7,61
218000586,4,55,-51
218000587,4,0,4
218000588,3,5,-2
218000589,1,5,-4
218000590,2,0,2
218000591,4,7,-3
218000592,3,1,2
218000593,1,3,-2
218000594,2,0,2
218000597,0,1,-1
218000598,0,0,0
218000599,1,0,1
218000600,0,1,-1
218000601,0,1,-1
218000602,0,7,-7
218000603,0,6,-6
218000604,6,0,6
218000605,0,30,-30
218000606,56,2,54
218000607,24,23,1
218000608,42,20,22
218000609,6,29,-23
218000610,73,4,69
218000611,17,1,16
218000612,0,26,-26
218000613,48,1,47
218000614,1,36,-35
218000615,146,0,146
218000616,4,68,-64
218000617,31,3,28
218000618,4,19,-15
218000619,18,16,2
218000620,13,19,-6
218000621,0,6,-6
218000622,0,2,-2
218000623,60,3,57
218000624,3,10,-7
218000625,9,1,8
218000626,2,13,-11
218000628,174,41,133
218000631,39,13,26
218000632,3,92,-89
218000633,125,2,123
218000634,10,17,-7
218000635,22,5,17
218000636,786,796,-10
218000637,878,397,481
218000638,161,20,141
218000639,25,90,-65
218000640,254,19,235
218000641,68,247,-179
218000652,34,41,-7
218000653,118,43,75
218000663,18,210,-192
218000675,219,69,150
218000676,1,6,-5
218000677,0,0,0
218000680,225,340,-115
218000681,419,139,280
218000691,230,148,82
218000693,240,133,107
218000703,0,4,-4
218000718,234,973,-739
218000719,429,602,-173
218000720,44,417,-373
218000721,286,24,262
218000725,1,1,0
218001147,1,114,-113
218001214,7,47,-40
218001258,217,5,212
218001329,120,151,-31
218001330,118,67,51
218001351,42,12,30
218001352,26,17,9
218001353,19,15,4
218001354,12,31,-19
218001355,16,146,-130
218001356,399,10,389
218001357,49,108,-59
218001358,299,21,278
218001361,304,6,298
218001362,0,70,-70
219000001,27,32,-5
219000002,45,49,-4
219000003,55,27,28
219000004,72,62,10
219000017,77,51,26
219000020,141,51,90
219000022,173,1,172
219000023,110,2,108
219000029,0,71,-71
219000034,42,37,5
219000039,26,119,-93
219000040,35,103,-68
219000041,128,25,103
219000051,1,39,-38
219000052,1,22,-21
219000053,0,63,-63
219000054,23,75,-52
219000055,206,3,203
219000056,10,1,9
219000057,85,1,84
219000062,22,91,-69
219000063,55,11,44
219000064,5,62,-57
219000110,304,123,181
219000111,83,82,1
219000112,172,62,110
219000113,203,55,148
219000114,200,75,125
219000116,110,40,70
219000117,141,42,99
219000118,185,48,137
219000123,183,50,133
219000124,53,37,16
219000125,12,10,2
219000126,46,131,-85
219000127,0,3,-3
219000128,7,122,-115
219000129,24,99,-75
219000130,367,476,-109
219000131,583,878,-295
219000133,51,52,-1
219000134,18,22,-4
219000135,30,58,-28
219000136,111,193,-82
219000138,76,23,53
219000139,64,47,17
219000140,67,13,54
219000141,24,69,-45
219000142,12,54,-42
219000143,12,82,-70
219000145,18,53,-35
219000146,6,30,-24
219000147,2,19,-17
219000148,1,21,-20
219000149,7,49,-42
219000150,2,29,-27
219000151,1,26,-25
219000157,213,107,106
219000158,191,206,-15
219000161,90,8,82
219000163,1124,449,675
219000166,104,205,-101
219000167,112,154,-42
219000168,228,121,107
219000174,458,162,296
219000175,93,4,89
219000176,142,10,132
219000177,61,1,60
219000178,54,2,52
219000179,20,10,10
219000180,28,27,1
219000182,171,20,151
219000183,89,22,67
219000184,134,10,124
219000185,3,29,-26
219000186,83,18,65
219000187,23,67,-44
219000189,57,201,-144
219000190,63,244,-181
219000191,579,1409,-830
219000192,200,150,50
219000193,202,142,60
219000195,0,55,-55
219000196,7,78,-71
219000198,24,58,-34
219000199,60,209,-149
219000200,34,118,-84
219000201,52,156,-104
219000203,24,136,-112
219000204,91,295,-204
219000205,48,176,-128
219000207,157,207,-50
219000209,35,74,-39
219000210,41,93,-52
219000213,7,115,-108
219000239,187,196,-9
219000240,189,335,-146
219000241,134,109,25
219000242,59,75,-16
219000243,93,199,-106
219000244,34,77,-43
219000245,33,64,-31
219000246,48,68,-20
219000247,157,29,128
219000248,455,465,-10
219000249,115,126,-11
219000250,140,91,49
219000251,559,296,263
219000252,274,164,110
219000253,495,97,398
219000255,131,110,21
219000256,211,74,137
219000257,96,2,94
219000262,79,97,-18
219000263,53,200,-147
219000267,4,48,-44
219000268,3,5,-2
219000269,13,3,10
219000270,10,0,10
219000271,137,2,135
219000278,3,8,-5
219000279,0,2,-2
219000283,0,11,-11
219000295,8,93,-85
219000296,54,292,-238
219000297,7,102,-95
219000298,17,83,-66
219000299,456,60,396
219000300,34,157,-123
219000301,227,339,-112
219000302,32,242,-210
219000307,42,46,-4
219000308,42,44,-2
219000311,196,70,126
219000312,670,138,532
219000313,405,47,358
219000314,43,256,-213
219000315,362,24,338
219000316,583,44,539
219000317,140,14,126
219000320,1,75,-74
219000321,0,19,-19
219000323,2,43,-41
219000325,0,9,-9
219000326,60,47,13
219000327,56,25,31
219000328,41,46,-5
219000329,209,130,79
219000330,37,34,3
219000331,66,43,23
219000332,120,110,10
219000333,18,2,16
219000335,84,2,82
219000337,26,0,26
219000338,77,2,75
219000344,29,65,-36
219000345,66,67,-1
219000346,59,114,-55
219000348,129,45,84
219000349,45,123,-78
219000350,70,372,-302
219000351,8,8,0
219000352,146,111,35
219000353,106,61,45
219000354,181,68,113
219000355,152,62,90
219000356,911,1494,-583
219000363,197,78,119
219000364,86,62,24
219000365,101,29,72
219000366,261,311,-50
219000368,382,536,-154
219000370,848,581,267
219000371,8,28,-20
219000382,8,30,-22
219000383,519,1072,-553
219000385,425,399,26
219000386,664,1499,-835
219000387,4,17,-13
219000390,4,3,1
219000391,3,1,2
219000397,42,43,-1
219000398,58,68,-10
219000401,16,84,-68
219000402,17,73,-56
219000403,162,315,-153
219000404,21,136,-115
219000407,1,31,-30
219000409,61,50,11
219000410,123,47,76
219000411,88,20,68
219000446,106,250,-144
219000447,3,10,-7
219000448,15,2,13
219000452,105,86,19
219000453,45,163,-118
219000454,176,243,-67
219000556,274,106,168
219000558,126,114,12
219000590,25,133,-108
219000591,70,142,-72
219000592,91,254,-163
219000595,6,12,-6
219000635,225,54,171
219000636,35,67,-32
219000657,23,14,9
219000658,18,98,-80
219000673,0,19,-19
219000676,9,0,9
219000679,34,9,25
219000684,97,0,97
219000685,2,46,-44
219000686,0,2,-2
219000688,0,70,-70
219000689,18,172,-154
219000690,119,35,84
219000691,58,164,-106
219000692,250,21,229
219000693,0,14,-14
219000694,4,0,4
219000695,15,1,14
219000698,21,1,20
219000699,0,18,-18
219000727,0,59,-59
219000728,84,4,80
219000770,58,2,56
219000771,2,26,-24
219000788,263,208,55
219001150,1,29,-28
219001151,0,8,-8
219001166,38,38,0
219001167,5,49,-44
219001178,46,0,46
220000001,47,75,-28
220000002,19,96,-77
220000003,274,160,114
220000004,315,309,6
220000005,894,1262,-368
220000006,188,623,-435
220000007,368,342,26
220000008,310,573,-263
220000009,295,315,-20
220000010,193,88,105
220000011,414,2065,-1651
220000012,115,240,-125
220000014,120,41,79
220000015,80,243,-163
220000017,69,206,-137
220000018,3265,1401,1864
220000019,89,307,-218
220000020,394,177,217
220000021,752,159,593
220000022,820,351,469
220000023,421,114,307
220000024,1327,418,909
220000025,563,987,-424
220000026,322,308,14
220000027,20,76,-56
220000028,45,52,-7
220000029,38,75,-37
220000030,70,99,-29
220000031,422,326,96
220000064,25,679,-654
221000046,12,1,11
221000047,0,8,-8
221000048,1,3,-2
221000049,0,7,-7
221000050,31,0,31
221000055,37,37,0
221000057,84,8,76
221000068,271,187,84
221000069,345,81,264
221000070,217,21,196
221000071,92,6,86
221000072,278,17,261
221000073,170,35,135
221000074,0,16,-16
221000075,23,42,-19
221000076,9,27,-18
221000077,18,94,-76
221000081,16,7,9
221000082,68,6,62
221000083,39,8,31
221000084,8,0,8
221000085,13,41,-28
221000086,18,85,-67
221000087,7,98,-91
221000088,13,177,-164
221000089,33,246,-213
221000090,98,417,-319
221000098,113,17,96
221000099,181,17,164
221000100,112,6,106
221000101,251,23,228
221000102,170,17,153
221000109,13,83,-70
221000110,7,56,-49
221000111,17,203,-186
221000112,11,137,-126
221000113,26,116,-90
221000114,5,101,-96
221000120,43,15,28
221000121,5,35,-30
221000122,26,20,6
221000123,14,14,0
221000124,34,117,-83
221000155,95,11,84
221000156,43,48,-5
221000175,6,11,-5
221000176,3,3,0
221000182,47,12,35
221000241,616,306,310
221000242,143,410,-267
221000243,530,202,328
221000244,206,455,-249
221000245,120,138,-18
221000246,47,256,-209
221000247,104,126,-22
221000248,177,145,32
221000267,38,526,-488
221000325,57,48,9
221000331,11,40,-29
221000338,15,22,-7
221000378,176,25,151
221000381,49,48,1
222000282,13,3,10
222000296,1,17,-16
222000568,296,34,262
222000569,157,37,120
222000570,113,30,83
222000571,337,14,323
222000577,15,100,-85
222000578,21,130,-109
222000579,35,122,-87
222000580,71,602,-531
222000599,0,93,-93
222000600,5,192,-187
222000601,4,599,-595
222000603,21,42,-21
222000604,4,26,-22
222000605,12,35,-23
222000606,5,6,-1
222000607,0,7,-7
222000608,42,11,31
222000609,45,142,-97
222000616,344,38,306
222000617,15,9,6
222000618,13,9,4
222000620,17,9,8
222000621,46,17,29
222000623,507,13,494
222000624,335,3,332
222000625,531,9,522
222000636,54,1,53
222000686,29,6,23
222000687,15,33,-18
222001066,213,3,210
222001067,8,1,7
222001068,55,20,35
222001069,57,22,35
222001082,7,18,-11
222001083,19,48,-29
222001084,0,19,-19
222001085,6,85,-79
222001111,40,94,-54
222001112,132,25,107
222001313,19,12,7
222001314,13,81,-68
222001464,170,47,123
222001465,46,114,-68
222001484,122,49,73
222001485,25,22,3
222001494,420,115,305
222001495,95,169,-74
222001496,331,68,263
222001497,94,257,-163
222001502,16,76,-60
222001503,103,29,74
222001504,20,216,-196
222001505,256,18,238
222001506,51,301,-250
222001507,247,27,220
222001510,483,28,455
222001511,53,225,-172
222001514,482,165,317
222001515,184,374,-190
222001518,276,47,229
222001519,37,150,-113
222001527,144,51,93
222001528,32,146,-114
222001529,215,41,174
222001530,54,179,-125
222001533,118,184,-66
222001534,261,54,207
222001535,257,248,9
222001536,37,167,-130
222001537,288,50,238
222001538,103,297,-194
222001563,698,65,633
222001564,97,343,-246
222001568,329,160,169
222001576,0,1,-1
222001579,1,21,-20
222001583,13,106,-93
222001584,89,18,71
222001596,468,1025,-557
222001597,1529,344,1185
222001626,0,105,-105
222001650,76,129,-53
222001651,78,261,-183
222001914,157,59,98
222001915,39,169,-130
222001968,494,269,225
222001969,359,464,-105
222001970,196,179,17
222001971,21,6,15
222001972,2,19,-17
225000001,396,141,255
225000002,560,126,434
225000003,615,72,543
225000004,405,154,251
225000005,65,65,0
225000006,1,155,-154
225000007,1024,1123,-99
225000010,246,15,231
225000011,257,800,-543
225000012,247,467,-220
225000013,88,91,-3
225000014,592,96,496
225000015,97,128,-31
225000021,783,155,628
225000027,233,361,-128
225000032,641,86,555
225000042,62,439,-377
225000049,23,56,-33
225000050,78,13,65
225000053,5,240,-235
225000058,637,139,498
225000067,161,146,15
225000068,69,175,-106
225000069,131,299,-168
225000070,124,338,-214
225000071,35,110,-75
225000075,11,429,-418
225000076,47,131,-84
225000078,75,58,17
225000085,61,137,-76
225000086,286,54,232
225000087,191,16,175
225000088,8,184,-176
225000089,160,807,-647
225000090,31,342,-311
225000091,186,110,76
225000092,27,77,-50
225000093,254,251,3
225000094,16,207,-191
225000095,309,320,-11
225000096,294,320,-26
225000098,770,326,444
225000099,327,119,208
225000100,322,120,202
225000104,81,292,-211
225000110,12,244,-232
225000111,173,650,-477
225000112,218,884,-666
225000113,120,493,-373
225000114,54,191,-137
225000115,1033,487,546
225000116,902,239,663
225000117,759,193,566
225000118,958,178,780
225000119,203,63,140
225000120,583,22,561
225000121,192,23,169
225000123,535,15,520
225000125,448,200,248
225000126,700,164,536
225000127,668,1161,-493
225000128,572,677,-105
225000132,309,15,294
225000133,221,24,197
225000134,579,145,434
225000135,89,14,75
225000136,345,17,328
225000137,232,34,198
225000138,380,70,310
225000143,48,172,-124
225000144,3,228,-225
225000145,24,26,-2
225000146,43,67,-24
225000147,33,208,-175
225000148,5,129,-124
225000149,56,313,-257
225000151,33,109,-76
225000155,396,306,90
225000156,134,553,-419
225000157,189,280,-91
225000158,41,141,-100
225000171,15,141,-126
225000180,37,1,36
225000181,1,63,-62
225000182,65,3,62
225000185,0,292,-292
225000187,26,269,-243
225000191,61,2,59
225000194,0,4,-4
225000208,1,49,-48
225000209,97,3,94
225000210,8,181,-173
225000217,0,10,-10
225000218,16,7,9
225000223,0,54,-54
225000224,52,2,50
225000225,1,28,-27
225000226,52,2,50
225000227,19,64,-45
225000228,10,3,7
225000229,0,63,-63
225000230,15,5,10
225000231,0,29,-29
225000232,115,1,114
225000241,74,2,72
225000242,0,36,-36
225000249,7,0,7
225000250,23,424,-401
225000251,365,18,347
226000042,211,347,-136
226000043,48,209,-161
226000044,127,354,-227
226000045,63,216,-153
226000046,397,64,333
226000047,370,82,288
226000048,355,113,242
226000049,288,219,69
226000070,0,36,-36
226000071,0,63,-63
226000072,0,15,-15
226000073,0,5,-5
226000074,0,9,-9
226000084,10,43,-33
226000085,5,13,-8
226000086,5,23,-18
226000087,0,22,-22
226000088,12,9,3
226000090,64,145,-81
226000091,15,36,-21
226000092,7,13,-6
226000093,30,10,20
226000094,7,0,7
226000095,16,4,12
226000105,17,5,12
226000106,10,0,10
226000107,16,0,16
226000108,37,2,35
226000109,80,0,80
226000124,95,64,31
226000134,738,389,349
226000135,1231,485,746
226000136,447,307,140
226000137,6,213,-207
226000138,17,142,-125
226000139,1,23,-22
226000156,224,1,223
226000157,182,5,177
226000163,98,48,50
226000202,10,179,-169
226000231,546,7,539
226000232,30,8,22
227000033,320,61,259
227000036,331,19,312
227000037,364,29,335
227000038,194,39,155
227000049,0,26,-26
227000050,2,49,-47
227000055,63,3,60
227000056,35,0,35
227000084,3,78,-75
227000085,1,54,-53
227000088,45,6,39
227000089,114,3,111
227000090,47,2,45
227000091,29,1,28
227000093,129,0,129
227000094,14,0,14
227000130,42,80,-38
227000131,15,133,-118
227000132,14,117,-103
227000133,14,110,-96
227000134,28,165,-137
227000152,0,6,-6
227000153,0,50,-50
227000155,5,19,-14
227000156,0,9,-9
227000165,7,26,-19
227000196,314,164,150
227000199,304,272,32
227000230,11,320,-309
227000232,430,17,413
227000242,34,337,-303
227000243,406,98,308
227000245,15,239,-224
227000246,88,317,-229
227000247,455,80,375
227000248,147,31,116
227000249,15,134,-119
227000250,359,153,206
227000251,97,217,-120
227000252,15,234,-219
227000253,170,13,157
227000262,436,37,399
227000266,1045,16,1029
227000267,27,1037,-1010
227000282,4,80,-76
227000284,474,19,455
227000286,3,47,-44
227000287,18,58,-40
227000291,12,298,-286
227000484,240,15,225
227000485,12,832,-820
227000655,138,5,133
227000656,555,25,530
227000657,74,4,70
227000661,329,40,289
227000680,150,69,81
229000265,5,37,-32
229000296,3,12,-9
229000297,6,21,-15
229000298,9,114,-105
229000320,4,2,2
229000321,18,4,14
229000412,16,46,-30
229000414,11,37,-26
229000415,26,1,25
229000416,3,4,-1
229000417,7,3,4
229000419,64,295,-231
229000440,318,58,260
229000442,25,1,24
229000443,3,0,3
229000444,5,23,-18
229000445,86,5,81
229000446,57,4,53
229000491,0,2,-2
229000492,0,15,-15
229000493,0,14,-14
229000494,0,0,0
229000495,0,0,0
229000496,0,0,0
229000507,0,25,-25
229000508,0,11,-11
229000509,1,20,-19
229000510,0,8,-8
229000511,0,8,-8
229000512,0,8,-8
229000513,0,3,-3
229000514,0,0,0
229000517,0,4,-4
229000518,0,0,0
229000519,0,0,0
229000520,2,8,-6
229000521,0,0,0
229000522,0,0,0
229000523,0,0,0
229000524,0,0,0
229000527,0,0,0
229000528,0,0,0
229000529,0,0,0
229000530,0,0,0
229000531,0,0,0
229000532,0,0,0
229000533,0,0,0
229000534,0,0,0
229000564,0,0,0
229000565,0,0,0
229000566,0,2,-2
229000567,0,3,-3
229000582,0,0,0
229000583,0,0,0
229000584,0,8,-8
229000585,0,14,-14
229000718,0,1,-1
229000719,0,1,-1
229000720,0,0,0
229000721,0,0,0
229000722,0,4,-4
229000723,0,1,-1
229000724,0,0,0
229000725,0,1,-1
229000738,0,0,0
229000739,0,0,0
229000740,0,0,0
229000741,0,0,0
229000742,0,0,0
229000743,5,0,5
229000744,0,0,0
229000745,0,0,0
229000746,3,0,3
229000847,36,0,36
229000848,12,0,12
229000849,83,3,80
229000851,29,0,29
229000854,1,23,-22
229000856,2,61,-59
229000857,1,28,-27
229000858,0,31,-31
229000919,11,75,-64
229000930,6,205,-199
229000937,90,13,77
229000966,69,24,45
229000981,12,23,-11
229000985,14,25,-11
229000986,1,10,-9
229000987,0,1,-1
229000988,1,4,-3
229000989,6,4,2
229000990,5,0,5
229000991,3,0,3
229000992,9,1,8
229000993,90,12,78
229000998,12,37,-25
229000999,59,3,56
229001034,0,10,-10
229001035,6,1,5
229001037,27,5,22
229001042,6,8,-2
229001047,7,30,-23
229001050,20,31,-11
229001168,0,12,-12
229001200,13,0,13
229001338,1,6,-5
229001394,256,4,252
229001422,152,27,125
229001423,31,115,-84
229001431,92,78,14
229001432,42,51,-9
229001444,139,33,106
229001445,22,130,-108
229001479,0,0,0
229001503,252,112,140
229001504,164,109,55
229001505,157,51,106
229001506,53,96,-43
229001509,28,25,3
229001545,106,1,105
229001546,8,74,-66
229001553,86,23,63
229001554,31,60,-29
229001559,7,6,1
229001560,14,13,1
229001630,53,4,49
229001631,12,15,-3
229001635,1,13,-12
229001636,4,1,3
229001658,1,89,-88
229001659,73,1,72
229001660,33,6,27
229001661,10,16,-6
229001662,25,1,24
229001663,0,18,-18
229002584,168,177,-9
229002831,106,117,-11
229002841,10,22,-12
229002842,18,21,-3
229002843,54,17,37
229002844,42,40,2
229002845,18,55,-37
229002846,35,17,18
229002847,7,7,0
229002848,14,5,9
229002849,3,89,-86
229002850,14,1,13
229002851,44,151,-107
229002852,174,20,154
229002853,113,22,91
229002854,42,37,5
229002855,14,39,-25
229002856,32,22,10
229002857,10,136,-126
229002858,17,14,3
229002859,19,89,-70
229002860,269,15,254
229002861,38,12,26
229002862,36,18,18
229002863,25,6,19
229002864,21,20,1
229002865,19,6,13
229002866,12,27,-15
229002867,1,29,-28
229002868,7,10,-3
229002869,33,130,-97
229002870,70,14,56
235000066,400,101,299
235000067,144,129,15
235000072,23,60,-37
235000073,87,263,-176
235000074,29,40,-11
235000080,14,80,-66
235000081,90,111,-21
235000082,328,52,276
235000083,200,86,114
235000084,53,74,-21
235000085,126,56,70
235000089,26,27,-1
235000092,25,147,-122
235000093,13,7,6
235000097,2,11,-9
235000098,80,18,62
235000099,29,18,11
235000116,79,31,48
235000117,620,22,598
235000133,7,439,-432
235000134,7,176,-169
235000206,9,7,2
235000207,2,6,-4
235000208,13,2,11
235000209,19,2,17
235000210,9,0,9
235000212,7,27,-20
235000213,4,16,-12
235000220,13,4,9
235000221,84,16,68
235000238,21,123,-102
235000239,4,24,-20
235000242,310,801,-491
235000245,718,170,548
235000246,21,50,-29
235000284,6,127,-121
235000295,134,10,124
235000305,236,24,212
235000306,248,11,237
235000307,23,2,21
235000308,16,1,15
235000309,43,1,42
235000310,21,1,20
235000311,72,15,57
235000322,0,21,-21
235000323,0,46,-46
235000324,1,22,-21
235000325,1,8,-7
235000326,10,88,-78
235000351,9,62,-53
235000352,8,27,-19
235000353,4,15,-11
235000354,5,43,-38
235000355,18,63,-45
235000356,97,2,95
235000357,54,5,49
235000358,199,12,187
235000359,21,2,19
235000360,34,11,23
235000361,56,2,54
235000381,128,143,-15
235000382,228,32,196
235000390,17,6,11
235000391,183,20,163
235000392,242,404,-162
235000393,121,170,-49
235000395,187,31,156
235000396,486,44,442
235000400,63,63,0
235000401,25,115,-90
235000405,74,246,-172
235000406,65,169,-104
235000407,58,81,-23
235000409,171,97,74
235000410,66,237,-171
235000411,1,58,-57
235000485,0,10,-10
235000486,12,0,12
235000549,74,83,-9
235000550,104,141,-37
235000599,146,67,79
235000600,10,8,2
235000601,14,22,-8
235000602,94,86,8
235000614,5,3,2
235000648,0,12,-12
235000649,32,7,25
235000685,3,14,-11
235000815,51,109,-58
235000834,0,6,-6
235000855,60,75,-15
235000862,43,118,-75
235000891,0,5,-5
235000892,22,3,19
235000901,50,77,-27
235000907,8,11,-3
235001010,82,47,35
235001029,465,330,135
235001030,456,328,128
235001078,107,131,-24
235001079,51,90,-39
235001147,16,53,-37
235001166,11,56,-45
235001167,66,47,19
235001169,25,320,-295
235001188,1,2,-1
235001189,4,1,3
235001197,9,34,-25
235001200,37,59,-22
235001207,403,32,371
235001210,84,162,-78
235001215,15,133,-118
235001239,3,41,-38
235001244,0,7,-7
235016267,0,38,-38
277101746,0,0,0
277102712,0,0,0
277103813,0,0,0
277103814,0,0,0
277103898,0,0,0
277104249,0,3,-3
277104250,0,8,-8
277104251,0,7,-7
277104252,0,0,0
990011530,0,161,-161
990014944,1,277,-276
990015176,87,1,86
990015618,0,93,-93
990016032,0,191,-191
990032570,0,25,-25
990070001,43,4,39
990070103,0,5,-5
990070601,1,38,-37
990070751,927,3,924
990070766,2,287,-285
990071180,481,150,331
990071343,24,2,22
990071387,0,25,-25
990071823,411,3,408
990072600,7,1015,-1008
990072964,0,250,-250
990073285,0,7,-7
990074393,2,529,-527
990074870,1551,8,1543
990075106,1346,12,1334
990075746,601,11,590
990076437,1209,4,1205
990076458,0,399,-399
997000007,747,18,729
997000041,1,159,-158
997000058,64,1,63
997000062,66,19,47
997000069,0,9,-9
997000070,0,19,-19
997000100,20,1,19
997000141,1,585,-584
997000198,228,1242,-1014
998000475,2,30,-28
998000736,0,139,-139
998000965,0,10,-10
998001031,0,72,-72
998001700,0,0,0
998001899,0,0,0
998001900,10,2,8
998003073,907,29,878
998101900,0,0,0
998102850,2,225,-223
998501927,941,747,194
998501929,132,2,130
998501930,25,1,24
998501931,134,40,94
998501932,1,0,1
998501933,50,6,44
998501937,20,8,12
998501944,11,1,10
998501950,0,10,-10
998501970,71,1,70
998501971,1,62,-61
998501973,0,25,-25
998501974,0,212,-212
998501975,73,15,58
998501976,125,1,124
998501977,4,39,-35
998501978,41,11,30
998501979,0,16,-16
998501980,100,1,99
998501981,28,0,28
998501982,0,71,-71
998501983,0,0,0
998502006,0,0,0
998502024,0,6,-6
998502032,0,1,-1
998502062,9,0,9
998502063,0,0,0
998502173,27,0,27
998502269,0,2,-2
998502546,2,113,-111
998502578,0,3,-3
998502599,80,176,-96
998601159,1,81,-80
998601292,0,12,-12
999033574,1,222,-221
999800001,29,3,26
999800002,0,4,-4
999800003,7,2,5
999800004,0,1,-1
999800005,0,7,-7
