ID,insum,outsum,diff
100000001,681,884,-203
100000002,2324,620,1704
100000003,4974,2502,2472
100000004,1701,1013,688
100000005,1663,3622,-1959
100000006,487,104,383
100000007,1767,516,1251
100000008,182,668,-486
100000009,348,126,222
100000010,57,28,29
100000011,554,75,479
100000012,128,974,-846
100000013,29,242,-213
100000014,303,339,-36
100000015,1743,1496,247
100000016,1167,1795,-628
100000017,832,1165,-333
100000018,1368,553,815
100000019,5632,2269,3363
100000020,1860,3790,-1930
100000021,7231,3004,4227
100000022,1970,1072,898
100000023,6982,1316,5666
100000025,2894,635,2259
100000028,2113,1040,1073
100000029,386,254,132
100000030,545,51,494
100000031,6161,5492,669
100000032,2408,3156,-748
100000033,904,2194,-1290
100000034,774,312,462
100000035,2370,1062,1308
100000036,2758,1049,1709
100000037,484,510,-26
100000038,1473,867,606
100000039,743,192,551
100000040,182,138,44
100000041,792,367,425
100000042,722,354,368
100000043,849,384,465
100000044,418,1003,-585
100000045,535,1858,-1323
100000046,849,1682,-833
100000047,380,986,-606
100000048,508,685,-177
100000049,1977,3296,-1319
100000051,520,1486,-966
100000053,76,4,72
100000054,221,42,179
100000055,593,263,330
100000056,353,808,-455
100000057,1645,998,647
100000058,818,1633,-815
100000059,10,148,-138
100000060,392,357,35
100000061,1812,594,1218
100000062,1603,524,1079
100000063,421,302,119
100000064,1031,487,544
100000065,487,1308,-821
100000066,227,1336,-1109
100000067,417,1242,-825
100000068,537,2184,-1647
100000069,365,2421,-2056
100000072,618,835,-217
100000073,1216,1608,-392
100000075,620,422,198
100000076,2505,1856,649
100000077,711,123,588
100000078,74,54,20
100000079,48,70,-22
100000080,45,21,24
100000081,95,58,37
100000102,4568,1280,3288
100000103,4248,994,3254
100000104,4910,1682,3228
100000105,3608,939,2669
100000106,2785,1484,1301
100000107,863,508,355
100000108,1119,1175,-56
100000109,4566,1354,3212
100000116,1377,743,634
100000117,39,42,-3
100000118,1379,920,459
100000119,880,572,308
100000121,265,729,-464
100000122,1735,977,758
100000123,3354,5586,-2232
100000124,5537,8757,-3220
100000125,2928,1006,1922
100000126,792,314,478
100000127,2573,412,2161
100000128,943,1188,-245
100000129,498,349,149
100000130,371,754,-383
100000131,2893,3291,-398
100000132,1307,2713,-1406
100000133,6640,3440,3200
100000135,491,707,-216
100000139,346,379,-33
100000140,279,278,1
100000142,455,578,-123
100000143,2219,960,1259
100000144,5506,1126,4380
100000147,1086,2282,-1196
100000150,29,660,-631
100000151,826,603,223
100000153,561,227,334
100000154,221,68,153
100000155,15,62,-47
100000156,82,80,2
100000157,30,402,-372
100000158,111,244,-133
100000159,660,409,251
100000165,1335,749,586
100000169,967,605,362
100000174,1852,653,1199
100000179,103,550,-447
100000180,1124,1411,-287
100000181,171,307,-136
100000188,118,541,-423
100000189,654,309,345
100000190,627,419,208
100000191,668,387,281
100000192,84,98,-14
100000193,143,192,-49
100000330,2139,662,1477
100000355,144,624,-480
100000362,5732,3959,1773
100000363,2452,3964,-1512
100000364,527,175,352
100000365,3686,8984,-5298
100000366,5272,2523,2749
100000367,3553,4622,-1069
100000368,1994,1840,154
100000369,1156,1448,-292
100000370,160,475,-315
100000376,86,115,-29
100000379,3629,1203,2426
100000380,5131,1969,3162
100000384,6231,3291,2940
100000385,6321,3444,2877
100000386,9662,4322,5340
100000387,8388,4027,4361
100000388,9794,5977,3817
100000389,9405,5615,3790
100000390,10305,4254,6051
100000391,7250,5826,1424
100000392,5805,1850,3955
100000393,2685,2285,400
100000394,8807,4314,4493
100000395,4457,1658,2799
100000396,6405,1992,4413
100000397,3742,2070,1672
100000398,11706,8068,3638
100000413,40,24,16
100900002,13,76,-63
100900003,216,98,118
100900004,20,731,-711
100900005,141,26,115
100900006,10,343,-333
100900007,612,2,610
100900008,10,544,-534
100900009,34,54,-20
100900010,41,241,-200
100900011,96,394,-298
100900012,0,303,-303
100900013,399,13,386
100900014,5,8,-3
100900015,134,111,23
100900016,1,55,-54
100900017,592,67,525
100900018,0,26,-26
100900019,30,75,-45
100900020,319,3,316
100900021,303,1,302
100900022,18,12,6
100900023,3,19,-16
100900024,857,2,855
100900025,29,4,25
100900026,55,182,-127
100900027,503,2101,-1598
100900028,98,155,-57
100900029,116,19,97
100900030,20,15,5
100900031,302,94,208
100900032,213,2,211
100900033,220,140,80
100900034,255,0,255
100900035,451,2,449
100900036,16,0,16
100900037,56,347,-291
100900038,135,15,120
100900039,349,960,-611
100900040,221,986,-765
100900041,521,1342,-821
100900042,537,290,247
100900043,0,20,-20
100900044,3154,428,2726
100900045,75,0,75
100900046,867,10,857
100900047,1081,107,974
100900048,140,21,119
100900049,99,229,-130
100900050,2,16,-14
100900051,36,48,-12
100900052,212,37,175
100900053,316,34,282
100900054,3,154,-151
100900055,183,436,-253
100900056,97,203,-106
100900057,493,876,-383
100900058,281,44,237
100900059,88,3,85
100900060,113,14,99
100900061,407,327,80
100900062,2,70,-68
100900063,154,413,-259
100900064,453,10,443
100900065,109,66,43
100900066,67,80,-13
100900067,0,9,-9
100900068,112,153,-41
100900069,551,5,546
100900070,184,8,176
100900071,734,301,433
100900072,5,101,-96
100900073,86,752,-666
100900074,7,10,-3
100900075,2369,444,1925
100900076,22,88,-66
100900077,17,195,-178
100900078,97,308,-211
100900079,2,37,-35
100900080,16,229,-213
100900081,28,117,-89
100900082,76,1123,-1047
100900083,4,51,-47
100900085,3,66,-63
100900086,177,680,-503
100900088,85,1014,-929
100900089,7,38,-31
100900090,97,337,-240
100900091,1,24,-23
100900092,232,148,84
100900093,212,203,9
100900094,94,869,-775
100900095,4,41,-37
100900096,38,83,-45
100900097,2,5,-3
100900098,15,16,-1
100900099,32,808,-776
100900100,21,411,-390
100900101,407,51,356
100900102,26,64,-38
100900103,7,9,-2
100900104,17,257,-240
100900105,12,178,-166
100900106,84,3,81
100900107,2173,654,1519
100900108,1,5,-4
100900109,5,24,-19
100900110,6,56,-50
100900111,57,224,-167
100900112,0,3,-3
100900113,6,26,-20
100900114,9,18,-9
100900115,6,35,-29
100900116,634,655,-21
100900117,259,751,-492
100900118,7,51,-44
100900119,6,30,-24
100900120,0,12,-12
100900121,280,455,-175
100900122,196,221,-25
100900123,61,102,-41
100900124,12,5,7
100900125,26,111,-85
100900126,95,193,-98
100900127,2,13,-11
100900128,83,151,-68
100900129,1,132,-131
100900131,74,236,-162
100900133,42,42,0
100900134,2,9,-7
100900135,0,102,-102
100900137,390,163,227
100900138,417,407,10
100900139,17,6,11
100900140,5,1103,-1098
100900141,0,515,-515
100900142,0,3,-3
100900143,828,357,471
100900144,12,12,0
100900145,60,151,-91
100900146,2,8,-6
100900147,12,251,-239
100900148,44,1576,-1532
100900149,26,102,-76
100900150,3,4,-1
100900151,137,652,-515
100900152,130,5,125
100900153,5,126,-121
100900154,2,18,-16
100900155,9,15,-6
100900156,47,3,44
100900157,4,96,-92
100900159,1,12,-11
100900160,11,17,-6
100900161,165,6,159
100900162,14,161,-147
100900163,189,269,-80
100900164,57,37,20
100900165,20,81,-61
100900166,36,1,35
100900167,15,114,-99
100900168,37,156,-119
100900169,169,1068,-899
100900170,36,18,18
100900171,15,770,-755
100900172,0,16,-16
100900173,11,913,-902
100900174,330,59,271
100900176,1372,114,1258
100900177,1118,373,745
100900178,335,158,177
100900179,106,72,34
100900180,4,4,0
100900181,140,49,91
100900182,12,14,-2
100900184,7,134,-127
100900186,1219,679,540
100900187,12,195,-183
100900188,55,13,42
100900189,823,184,639
100900191,1381,833,548
100900192,374,228,146
100900195,120,125,-5
100900197,25,170,-145
100900198,15,445,-430
100900199,12,17,-5
100900200,521,410,111
100900201,47,802,-755
100900202,37,0,37
100900203,1,114,-113
100900204,114,147,-33
100900205,153,387,-234
100900206,109,48,61
100900207,180,105,75
100900210,102,1039,-937
100900211,332,155,177
100900213,27,38,-11
100900214,1055,100,955
100900215,13,30,-17
100900217,273,75,198
101000001,4645,2462,2183
101000002,4288,5325,-1037
101000003,1155,1674,-519
101000004,10233,7808,2425
101000005,2939,4854,-1915
101000006,10328,7486,2842
101000007,2621,3084,-463
101000008,4736,2836,1900
101000009,1784,2666,-882
101000010,984,1973,-989
101000011,2826,863,1963
101000012,2387,631,1756
101000013,540,1004,-464
101000014,543,727,-184
101000015,960,888,72
101000016,727,393,334
101000017,591,586,5
101000018,5284,2580,2704
101000020,5037,1068,3969
101000021,1805,268,1537
101000022,343,57,286
101000023,1821,750,1071
101000025,225,362,-137
101000026,466,17,449
101000027,2049,1411,638
101000028,1189,170,1019
101000029,106,717,-611
101000030,1093,77,1016
101000031,462,153,309
101000032,6487,2035,4452
101000033,3015,2303,712
101000034,3487,1151,2336
101000035,1384,348,1036
101000036,2372,510,1862
101000037,5361,1281,4080
101000039,3592,1823,1769
101000040,5167,3907,1260
101000041,13617,4558,9059
101000042,899,723,176
101000043,9246,3616,5630
101000045,1838,557,1281
101000046,2438,538,1900
101000047,1351,1222,129
101000048,944,974,-30
101000049,855,934,-79
101000050,1947,1111,836
101000051,2570,1343,1227
101000052,2054,582,1472
101000053,1153,1227,-74
101000054,1578,1007,571
101000055,1591,1269,322
101000056,63,122,-59
101000057,2877,757,2120
101000058,2245,1026,1219
101000059,4738,1748,2990
101000060,2289,501,1788
101000061,1374,1299,75
101000062,1396,711,685
101000063,740,629,111
101000064,1831,533,1298
101000065,295,273,22
101000066,574,298,276
101000067,1078,462,616
101000068,487,280,207
101000069,552,67,485
101000070,1618,1122,496
101000071,2421,1038,1383
101000072,1093,3845,-2752
101000073,671,587,84
101000074,4505,3604,901
101000075,5558,3717,1841
101000077,1108,2149,-1041
101000078,986,1900,-914
101000079,437,1027,-590
101000080,565,605,-40
101000081,1212,1841,-629
101000082,4151,3219,932
101000083,2283,2114,169
101000084,1550,1284,266
101000085,1644,1271,373
101000086,1414,1588,-174
101000087,1198,1579,-381
101000088,1047,1135,-88
101000089,826,1617,-791
101000090,2627,2078,549
101000091,382,2251,-1869
101000092,691,1160,-469
101000093,1526,924,602
101000094,701,1663,-962
101000095,297,905,-608
101000096,309,706,-397
101000097,493,389,104
101000098,555,470,85
101000099,1108,1459,-351
101000100,915,640,275
101000101,463,301,162
101000102,1334,295,1039
101000103,833,374,459
101000104,401,451,-50
101000105,1117,363,754
101000106,1011,492,519
101000107,152,469,-317
101000108,1974,378,1596
101000109,183,91,92
101000110,47,1056,-1009
101000111,138,208,-70
101000113,143,568,-425
101000114,3641,1497,2144
101000115,92,161,-69
101000116,237,127,110
101000117,839,297,542
101000119,187,53,134
101000120,300,26,274
101000121,129,39,90
101000122,118,54,64
101000123,70,55,15
101000124,166,218,-52
101000125,252,631,-379
101000128,934,321,613
101000130,281,356,-75
101000131,582,843,-261
101000132,471,2433,-1962
101000135,104,31,73
101000136,352,56,296
101000137,26,322,-296
101000141,2345,2036,309
101000147,998,739,259
101000148,2623,29,2594
101000149,245,187,58
101000150,79,1655,-1576
101000151,139,90,49
101000152,437,353,84
101000153,521,547,-26
101000154,182,2343,-2161
101000155,169,187,-18
101000156,28,348,-320
101000157,50,40,10
101000160,62,63,-1
101000163,270,128,142
101000164,556,577,-21
101000165,197,542,-345
101000166,248,406,-158
101000168,811,395,416
101000252,1330,1031,299
101000254,469,49,420
101000258,56,9,47
101000261,52,255,-203
101000262,879,901,-22
101000263,254,633,-379
101000265,96,577,-481
101000266,427,353,74
101000269,169,6,163
101000290,2005,2391,-386
101000293,32,69,-37
101000294,639,583,56
101000295,145,461,-316
101000301,929,290,639
101000304,2245,2879,-634
101000305,2547,1929,618
101000328,160,483,-323
101900001,22,132,-110
101900002,0,17,-17
101900003,146,105,41
101900004,2,52,-50
101900005,6939,1641,5298
101900006,942,43,899
101900007,565,73,492
101900008,173,288,-115
101900009,60,493,-433
101900010,1228,699,529
101900011,407,1319,-912
101900012,144,345,-201
101900013,1518,199,1319
101900017,24,157,-133
101900018,2403,263,2140
101900019,356,191,165
101900020,66,105,-39
101900021,1,38,-37
101900022,112,1720,-1608
101900023,48,353,-305
101900026,129,45,84
101900027,13,139,-126
102000001,3005,4490,-1485
102000002,3296,1959,1337
102000003,3952,5737,-1785
102000004,8578,3307,5271
102000005,1743,2378,-635
102000006,2094,2379,-285
102000007,1491,4498,-3007
102000008,6006,2492,3514
102000009,5087,8270,-3183
102000010,5850,4560,1290
102000011,2859,2338,521
102000012,3684,3964,-280
102000018,4091,3037,1054
102000019,3296,1905,1391
102000026,336,1119,-783
102000029,487,279,208
102000030,105,416,-311
102000031,46,246,-200
102000032,357,546,-189
102000033,183,634,-451
102000034,546,642,-96
102000035,1108,844,264
102000036,10,498,-488
102000037,161,139,22
102000038,461,122,339
102000039,502,101,401
102000040,794,147,647
102000041,347,362,-15
102000042,347,165,182
102000043,467,267,200
102000044,761,895,-134
102000045,838,1614,-776
102000046,1324,674,650
102000047,577,1778,-1201
102000048,277,1090,-813
102000049,1482,1022,460
102000050,1323,1382,-59
102000051,533,806,-273
102000052,1631,1084,547
102000053,1199,1116,83
102000054,426,1177,-751
102000055,779,1824,-1045
102000056,665,2146,-1481
102000057,1052,638,414
102000058,1096,3073,-1977
102000059,1351,2096,-745
102000060,1243,1226,17
102000061,1230,3066,-1836
102000062,1199,1770,-571
102000063,1699,1961,-262
102000064,636,767,-131
102000065,47,195,-148
102000066,1126,2028,-902
102000067,2742,3596,-854
102000068,13549,4085,9464
102000069,69,2981,-2912
102000070,2356,84,2272
102000071,9587,12375,-2788
102000072,3588,7936,-4348
102000073,768,1266,-498
102000074,481,1210,-729
102000075,158,474,-316
102000076,183,718,-535
102000077,337,1964,-1627
102000078,737,1127,-390
102000079,229,419,-190
102000080,281,209,72
102000081,316,1164,-848
102000082,971,364,607
102000083,515,689,-174
102000084,162,550,-388
102000085,1925,1769,156
102000086,1047,1260,-213
102000087,906,2482,-1576
102000088,217,351,-134
102000089,994,618,376
102000090,547,1599,-1052
102000091,1544,540,1004
102000092,406,971,-565
102000093,995,907,88
102000094,972,677,295
102000095,938,1194,-256
102000096,887,933,-46
102000097,1012,984,28
102000098,676,970,-294
102000099,1073,666,407
102000100,1221,1301,-80
102000101,1604,701,903
102000102,416,3742,-3326
102000103,1679,490,1189
102000104,1435,446,989
102000105,305,1166,-861
102000106,529,1243,-714
102000107,864,826,38
102000108,536,405,131
102000109,359,891,-532
102000110,620,2443,-1823
102000111,14,514,-500
102000112,152,84,68
102000113,17,44,-27
102000114,1541,539,1002
102000115,283,205,78
102000116,651,366,285
102000117,330,680,-350
102000118,2333,1205,1128
102000119,3390,861,2529
102000120,200,771,-571
102000121,952,700,252
102000122,434,1034,-600
102000123,1717,1033,684
102000124,1300,1252,48
102000125,926,1049,-123
102000126,665,901,-236
102000127,973,858,115
102000128,601,1456,-855
102000129,963,1323,-360
102000130,418,906,-488
102000131,1242,1048,194
102000132,389,938,-549
102000133,1126,2809,-1683
102000134,560,947,-387
102000135,1380,1324,56
102000136,1348,727,621
102000137,943,1046,-103
102000138,191,492,-301
102000139,78,344,-266
102000140,351,280,71
102000141,149,589,-440
102000142,178,498,-320
102000143,120,721,-601
102000144,188,579,-391
102000145,314,642,-328
102000146,273,394,-121
102000147,331,377,-46
102000148,315,340,-25
102000149,204,882,-678
102000150,203,445,-242
102000151,178,539,-361
102000152,118,224,-106
102000153,1100,427,673
102000154,637,874,-237
102000155,119,364,-245
102000156,624,60,564
102000157,244,201,43
102000158,880,544,336
102000159,2153,446,1707
102000161,5222,2051,3171
102000162,257,191,66
102000163,123,548,-425
102000164,1352,1031,321
102000165,258,129,129
102000166,31,136,-105
102000167,215,207,8
102000168,198,134,64
102000169,76,661,-585
102000170,802,177,625
102000171,193,105,88
102000172,70,339,-269
102000173,593,305,288
102000174,29,44,-15
102000175,186,237,-51
102000176,47,56,-9
102000178,258,802,-544
102000179,334,322,12
102000180,456,859,-403
102000181,433,852,-419
102000182,542,952,-410
102000183,1459,2830,-1371
102000184,1428,1163,265
102000185,1817,2400,-583
102000186,962,2630,-1668
102000187,644,2377,-1733
102000188,747,1856,-1109
102000189,3490,1243,2247
102000190,569,2647,-2078
102000191,1418,781,637
102000192,976,1439,-463
102000193,69,222,-153
102000194,79,172,-93
102000195,524,777,-253
102000196,154,913,-759
102000197,411,762,-351
102000198,112,1293,-1181
102000199,528,550,-22
102000200,324,1875,-1551
102000201,583,714,-131
102000202,0,173,-173
102000203,283,491,-208
102000204,274,1384,-1110
102000205,892,774,118
102000206,786,967,-181
102000207,1218,624,594
102000208,495,753,-258
102000209,31,57,-26
102000210,244,773,-529
102000211,581,725,-144
102000212,179,16,163
102000213,3,623,-620
102000214,163,18,145
102000215,5,921,-916
102000216,94,54,40
102000217,16,325,-309
102000218,166,125,41
102000219,696,467,229
102000225,1035,1149,-114
102000226,2032,1004,1028
102000227,140,3,137
102000228,0,170,-170
102000229,28,38,-10
102000230,303,900,-597
102000231,377,653,-276
102000232,15,318,-303
102000233,407,920,-513
102000234,129,1521,-1392
102000236,207,165,42
102000237,844,284,560
102000238,148,480,-332
102000240,810,615,195
102000241,194,196,-2
102000243,13,110,-97
102000245,30,164,-134
102000246,28,54,-26
102000247,1651,1527,124
102000248,937,1283,-346
102000249,115,225,-110
102000250,61,760,-699
102000254,60,514,-454
102000266,47,206,-159
102000271,18,0,18
102000286,608,471,137
102000297,1938,1323,615
102000301,0,0,0
102000303,0,0,0
102000305,0,0,0
102000307,0,5,-5
102900001,1277,1721,-444
102900002,289,28,261
102900003,52,418,-366
102900005,301,572,-271
102900006,670,402,268
102900007,397,26,371
102900008,285,168,117
102900009,493,242,251
102900010,646,526,120
102900011,2248,416,1832
102900012,383,100,283
102900013,23,97,-74
102900015,840,374,466
102900016,31,138,-107
102900017,101,733,-632
102900018,20,202,-182
102900019,529,799,-270
102900020,85,47,38
102900021,18,178,-160
102900022,634,99,535
102900023,21,107,-86
102900024,21,61,-40
102900025,364,146,218
102900026,815,1516,-701
102900027,45,94,-49
102900028,96,651,-555
102900029,217,174,43
102900030,284,296,-12
102900031,108,273,-165
102900032,31,189,-158
102900033,83,199,-116
102900034,227,187,40
102900035,78,668,-590
102900036,223,778,-555
102900037,172,1013,-841
102900038,487,803,-316
102900039,67,385,-318
102900040,126,274,-148
102900041,68,289,-221
102900042,142,559,-417
102900043,113,301,-188
102900044,582,2818,-2236
102900045,101,750,-649
102900046,118,398,-280
102900047,143,986,-843
102900048,653,1037,-384
102900049,99,485,-386
102900050,266,443,-177
102900051,188,277,-89
102900053,393,999,-606
102900054,1114,937,177
102900055,103,115,-12
102900056,139,589,-450
102900057,8,31,-23
102900058,369,81,288
102900059,16,47,-31
102900060,104,625,-521
102900061,117,690,-573
102900062,206,1929,-1723
102900063,753,589,164
102900064,137,530,-393
102900065,2499,480,2019
102900066,366,79,287
102900068,128,89,39
102900070,183,963,-780
102900072,12,31,-19
102900073,204,8,196
102900075,72,40,32
102900076,370,66,304
102900077,43,41,2
102900078,72,113,-41
102900079,313,14,299
102900080,367,36,331
102900081,82,349,-267
102900082,11,329,-318
102900083,333,11,322
102900084,4,26,-22
102900085,178,69,109
102900086,4,65,-61
102900087,107,176,-69
102900088,39,33,6
102900089,345,184,161
102900090,2,656,-654
102900091,117,2,115
102900092,250,1342,-1092
102900094,24,119,-95
102900095,136,1,135
102900096,32,10,22
102900097,171,363,-192
103000001,2551,3412,-861
103000002,2909,2971,-62
103000003,4427,3351,1076
103000004,1238,872,366
103000005,2827,3056,-229
103000006,898,1876,-978
103000007,560,1093,-533
103000008,1211,1539,-328
103000009,1098,1049,49
103000010,230,351,-121
103000011,2115,1377,738
103000012,1279,1792,-513
103000013,6984,2479,4505
103000014,1401,2180,-779
103000015,3613,1046,2567
103000016,688,1270,-582
103000017,218,411,-193
103000018,1507,515,992
103000019,228,190,38
103000020,2327,1755,572
103000021,1729,1814,-85
103000022,1350,1266,84
103000023,625,1633,-1008
103000024,142,219,-77
103000025,84,463,-379
103000026,2066,160,1906
103000027,266,540,-274
103000028,660,573,87
103000029,341,217,124
103000030,2228,743,1485
103000031,1823,1883,-60
103000032,2003,2135,-132
103000033,2665,3123,-458
103000034,1593,1093,500
103000035,465,1412,-947
103000036,469,597,-128
103000037,683,519,164
103000038,603,1088,-485
103000039,254,650,-396
103000040,323,1621,-1298
103000041,1828,3580,-1752
103000042,846,1097,-251
103000043,342,1691,-1349
103000044,174,361,-187
103000046,295,496,-201
103000047,778,812,-34
103000048,289,239,50
103000049,81,254,-173
103000050,761,1049,-288
103000051,327,758,-431
103000052,858,663,195
103000053,246,701,-455
103000054,2226,1594,632
103000055,1522,2287,-765
103000056,830,3450,-2620
103000057,368,391,-23
103000058,456,1256,-800
103000059,300,1019,-719
103000060,777,1212,-435
103000061,293,1190,-897
103000062,1044,1190,-146
103000063,700,807,-107
103000064,129,393,-264
103000065,4,423,-419
103000066,132,5,127
103000069,195,414,-219
103000070,894,1819,-925
103000071,901,423,478
103000072,115,1245,-1130
103000073,607,160,447
103000074,657,84,573
103000075,162,1183,-1021
103000076,270,270,0
103000077,79,597,-518
103000078,1961,596,1365
103000079,2271,751,1520
103000080,1365,437,928
103000081,816,1129,-313
103000082,495,298,197
103000083,117,417,-300
103000084,174,6,168
103000085,4,125,-121
103000086,1148,527,621
103000087,184,618,-434
103000088,616,454,162
103000089,314,456,-142
103000090,1867,1051,816
103000091,462,505,-43
103000092,280,321,-41
103000093,363,671,-308
103000094,186,159,27
103000095,43,544,-501
103000096,782,172,610
103000097,77,820,-743
103000098,992,252,740
103000099,384,718,-334
103000100,99,1493,-1394
103000101,661,186,475
103000102,149,1121,-972
103000103,563,389,174
103000104,48,194,-146
103000105,135,236,-101
103000106,21,121,-100
103000107,314,74,240
103000108,827,683,144
103000109,503,374,129
103000110,553,467,86
103000111,619,399,220
103000112,330,315,15
103000113,786,823,-37
103000114,1513,433,1080
103000115,466,741,-275
103000116,365,842,-477
103000117,252,752,-500
103000118,2256,1365,891
103000119,2647,776,1871
103000120,130,78,52
103000121,524,891,-367
103000122,566,458,108
103000125,6,597,-591
103000126,436,12,424
103000127,1,350,-349
103000128,139,0,139
103000129,0,235,-235
103000130,54,25,29
103000131,278,129,149
103000132,81,113,-32
103000133,6,143,-137
103000134,889,859,30
103000135,1200,291,909
103000136,1093,472,621
103000137,943,719,224
103000138,1118,966,152
103000139,15,64,-49
103000140,287,33,254
103000141,50,163,-113
103000142,156,119,37
103000143,98,289,-191
103000144,279,152,127
103000145,13,14,-1
103000150,108,94,14
103000152,512,314,198
103000153,358,215,143
103000156,5,634,-629
103000157,340,6,334
103000159,81,60,21
103000162,161,43,118
103000163,20,29,-9
103000164,47,18,29
103000165,386,646,-260
103000166,219,235,-16
103000167,229,134,95
103000168,92,213,-121
103000169,186,383,-197
103000170,387,672,-285
103000171,66,51,15
103000172,330,428,-98
103000173,342,1195,-853
103000174,169,430,-261
103000175,182,551,-369
103000176,1120,438,682
103000177,933,578,355
103000178,367,376,-9
103000179,145,31,114
103000183,104,42,62
103000185,65,157,-92
103000186,85,218,-133
103000187,307,1012,-705
103000188,6,100,-94
103000189,1084,1429,-345
103000191,474,761,-287
103000292,3128,1088,2040
103000293,1698,1503,195
103000295,115,93,22
103000296,150,4,146
103000297,13,7,6
103000504,50,25,25
103000505,14,10,4
103000506,1,305,-304
103000507,169,0,169
103000508,86,21,65
103000509,396,672,-276
103900001,2,612,-610
103900002,2381,212,2169
103900003,2312,143,2169
103900004,58,1,57
103900005,5,316,-311
103900006,1,2,-1
103900007,58,13,45
103900008,34,0,34
103900009,218,409,-191
103900010,207,332,-125
103900011,124,282,-158
103900012,7,16,-9
103900013,26,117,-91
103900014,30,27,3
103900015,27,19,8
103900016,321,362,-41
103900017,36,75,-39
103900018,827,266,561
103900019,52,320,-268
103900020,239,464,-225
103900021,986,65,921
103900022,1227,720,507
103900023,73,0,73
103900024,82,890,-808
103900025,14,42,-28
103900026,52,0,52
103900027,595,421,174
103900028,36,243,-207
103900029,974,181,793
103900030,381,48,333
103900031,9,3,6
103900032,71,40,31
103900033,79,12,67
103900034,26,463,-437
103900035,48,97,-49
103900036,36,24,12
103900037,35,43,-8
103900038,64,203,-139
103900039,35,668,-633
103900040,9,250,-241
103900041,37,69,-32
103900042,42,657,-615
103900043,143,201,-58
103900044,259,189,70
103900045,221,247,-26
103900047,35,41,-6
103900048,68,23,45
103900049,264,1897,-1633
103900050,6,91,-85
103900051,1,30,-29
103900052,171,828,-657
103900053,125,1695,-1570
103900054,83,799,-716
103900055,437,320,117
103900056,28,89,-61
103900057,28,401,-373
103900058,140,1005,-865
103900059,0,2,-2
103900060,40,317,-277
103900061,78,89,-11
103900062,252,96,156
103900063,0,0,0
103900064,96,0,96
103900065,979,548,431
103900066,99,12,87
103900067,106,2,104
103900068,5,0,5
103900069,110,8,102
103900070,174,438,-264
103900071,21,231,-210
103900072,3,408,-405
103900073,45,16,29
103900074,58,154,-96
103900075,132,117,15
103900076,358,1051,-693
103900077,77,60,17
103900078,123,149,-26
103900079,137,276,-139
103900080,12,50,-38
103900081,184,34,150
103900082,11,128,-117
103900083,2252,787,1465
103900084,32,206,-174
103900085,80,182,-102
103900086,391,342,49
103900088,428,305,123
103900089,69,245,-176
103900090,5,391,-386
103900091,1125,293,832
103900092,724,724,0
103900093,115,427,-312
103900094,18,162,-144
103900095,575,214,361
103900096,22,400,-378
103900097,11,616,-605
103900098,199,109,90
103900099,51,334,-283
103900100,171,470,-299
103900101,79,1420,-1341
103900102,0,33,-33
103900104,1,42,-41
103900105,137,251,-114
103900106,0,28,-28
103900107,45,362,-317
103900108,34,599,-565
103900109,44,165,-121
103900110,239,59,180
103900111,57,1175,-1118
103900112,39,73,-34
103900113,192,313,-121
103900114,622,489,133
103900115,277,172,105
103900116,9758,2265,7493
103900117,286,208,78
103900119,29,44,-15
103900120,45,155,-110
103900122,46,477,-431
103900123,2207,638,1569
103900124,41,815,-774
103900125,90,97,-7
103900126,437,845,-408
103900127,103,1276,-1173
103900128,58,350,-292
103900131,19,189,-170
103900133,1140,67,1073
103900134,2,4,-2
103900135,78,13,65
103900137,0,61,-61
103900138,41,621,-580
103900139,434,1314,-880
103900140,18,94,-76
103900141,282,93,189
103900142,86,340,-254
103900143,47,12,35
103900144,1,119,-118
103900145,131,429,-298
103900146,265,496,-231
103900147,283,138,145
103900148,184,277,-93
103900149,199,1041,-842
103900150,10319,3145,7174
103900151,54,243,-189
103900152,320,987,-667
103900153,10,9,1
103900154,1563,1745,-182
103900155,12,333,-321
103900156,13,262,-249
103900157,15,378,-363
103900158,53,352,-299
103900159,63,102,-39
103900160,27,27,0
103900161,84,246,-162
103900162,64,428,-364
103900163,6,505,-499
103900167,31,98,-67
103900168,77,195,-118
103900169,44,61,-17
103900170,4,137,-133
103900171,9,152,-143
103900172,8,77,-69
103900173,10,9,1
103900174,94,71,23
103900175,83,33,50
103900176,11,19,-8
103900177,3,67,-64
103900178,42,221,-179
103900179,21,464,-443
103900180,13,240,-227
103900181,91,89,2
103900182,50,18,32
103900184,898,58,840
103900185,621,159,462
103900187,150,47,103
103900188,43,16,27
103900189,129,6,123
103900190,64,66,-2
103900191,41,59,-18
103900192,45,130,-85
103900193,185,255,-70
103900194,104,503,-399
103900195,7,37,-30
103900196,21,15,6
103900197,8,34,-26
103900198,20,79,-59
103900199,128,137,-9
103900200,122,228,-106
103900201,94,234,-140
103900202,2,64,-62
103900203,19,36,-17
103900204,3,194,-191
103900207,2,282,-280
103900208,59,4,55
103900209,15,105,-90
103900210,30,27,3
103900211,395,967,-572
103900212,75,714,-639
103900213,161,249,-88
103900214,424,173,251
103900215,816,323,493
103900216,10,610,-600
103900217,536,148,388
103900218,4,421,-417
103900219,147,600,-453
103900233,125,3,122
103900235,44,61,-17
103900236,38,3,35
103900242,17,38,-21
103900243,19,10,9
103900244,89,396,-307
103900245,126,260,-134
103900246,137,47,90
103900247,63,166,-103
103900248,14,55,-41
103900249,22,46,-24
103900250,90,34,56
103900251,2,66,-64
103900253,32,77,-45
103900254,12,35,-23
103900255,55,23,32
103900256,28,29,-1
103900257,156,241,-85
103900258,68,1,67
103900259,76,10,66
103900261,14,3,11
103900262,24,9,15
103900263,87,98,-11
103900264,98,43,55
103900265,119,41,78
103900266,3,65,-62
103900267,4,89,-85
103900268,7,255,-248
103900269,147,90,57
103900270,32,211,-179
103900271,77,298,-221
103900272,74,138,-64
103900273,18,150,-132
103900274,55,5,50
103900275,12,6,6
103900276,4,177,-173
103900277,3,169,-166
103900278,18,67,-49
103900279,0,21,-21
103900280,1,264,-263
104000001,2319,2825,-506
104000002,1987,3943,-1956
104000003,2286,2773,-487
104000004,3614,3965,-351
104000005,1442,2325,-883
104000006,2975,3877,-902
104000007,4859,5146,-287
104000008,382,699,-317
104000009,158,121,37
104000010,167,299,-132
104000011,1313,532,781
104000012,184,665,-481
104000013,162,197,-35
104000014,297,1119,-822
104000015,266,212,54
104000016,709,589,120
104000018,602,261,341
104000019,510,160,350
104000020,278,1170,-892
104000021,350,933,-583
104000022,175,347,-172
104000023,564,472,92
104000024,323,686,-363
104000026,91,436,-345
104000027,455,760,-305
104000028,390,434,-44
104000029,800,848,-48
104000030,307,408,-101
104000031,1100,502,598
104000032,225,451,-226
104000033,615,611,4
104000034,375,508,-133
104000035,702,688,14
104000036,666,896,-230
104000037,391,422,-31
104000038,381,402,-21
104000039,241,553,-312
104000040,762,561,201
104000041,540,460,80
104000042,271,567,-296
104000043,383,579,-196
104000044,318,1230,-912
104000045,1227,1996,-769
104000046,1919,2255,-336
104000047,717,1859,-1142
104000048,1176,2414,-1238
104000049,511,404,107
104000050,216,818,-602
104000051,120,1091,-971
104000052,1084,1836,-752
104000053,727,1034,-307
104000054,391,549,-158
104000055,4258,3502,756
104000056,2200,462,1738
104000057,170,762,-592
104000058,659,979,-320
104000059,581,1814,-1233
104000060,903,1487,-584
104000061,1434,1758,-324
104000062,323,448,-125
104000064,694,477,217
104000065,138,608,-470
104000069,1984,897,1087
104000070,93,395,-302
104000071,270,591,-321
104000072,683,544,139
104000075,48,485,-437
104000076,615,46,569
104000082,2342,3193,-851
104000083,819,318,501
104000084,119,586,-467
104000085,317,365,-48
104000086,257,581,-324
104000087,416,1420,-1004
104000090,695,2391,-1696
104000092,848,4089,-3241
104000094,895,3039,-2144
104000095,1588,1882,-294
104000096,1286,658,628
104000097,1491,1658,-167
104000098,1494,1985,-491
104000100,1319,936,383
104000101,1068,3738,-2670
104000106,234,841,-607
104000107,672,927,-255
104000108,456,850,-394
104000109,338,77,261
104000110,1011,1345,-334
104000111,6799,2470,4329
104000112,2835,738,2097
104000116,10,1983,-1973
104000117,143,1741,-1598
104000118,370,375,-5
104000119,404,368,36
104000120,216,1610,-1394
104000121,193,1068,-875
104000122,613,836,-223
104000123,1164,1781,-617
104000124,1383,3865,-2482
104000125,7015,3890,3125
104000126,337,542,-205
104000127,1913,4609,-2696
104000128,869,636,233
104000129,590,49,541
104000130,24,534,-510
104000131,1239,929,310
104000132,880,1285,-405
104000133,1266,1157,109
104000134,789,1957,-1168
104000135,372,1550,-1178
104000136,826,3541,-2715
104000137,1673,397,1276
104000138,1575,548,1027
104000139,10232,3964,6268
104000141,1270,2820,-1550
104000142,760,1568,-808
104000143,670,1031,-361
104000144,80,277,-197
104000145,570,238,332
104000146,409,784,-375
104000147,122,528,-406
104000148,222,185,37
104000149,215,577,-362
104000150,739,685,54
104000151,422,879,-457
104000152,572,898,-326
104000153,480,661,-181
104000154,1232,969,263
104000155,420,605,-185
104000157,1189,2672,-1483
104000158,284,352,-68
104000159,608,457,151
104000160,1801,2082,-281
104000161,344,217,127
104000162,79,173,-94
104000165,2314,1657,657
104000167,523,847,-324
104000168,465,12,453
104000169,59,97,-38
104000170,718,616,102
104000248,360,1739,-1379
104000251,99,477,-378
104000272,0,0,0
104000273,0,0,0
104000274,0,0,0
104000275,0,0,0
104000279,849,591,258
104000290,58,478,-420
104000291,732,1779,-1047
104000293,840,1011,-171
104000294,8,0,8
104000295,518,999,-481
104000296,350,902,-552
104000297,855,1894,-1039
104000298,1970,1113,857
104000299,811,2115,-1304
104000302,68,148,-80
104000303,98,148,-50
104900001,107,717,-610
104900002,43,138,-95
104900003,56,465,-409
104900004,94,448,-354
104900005,149,205,-56
104900006,170,94,76
104900007,183,303,-120
104900009,129,678,-549
104900010,34,31,3
104900011,21,7,14
104900012,165,15,150
104900013,95,18,77
104900014,4828,393,4435
104900015,105,3,102
104900016,176,479,-303
104900017,99,249,-150
104900018,4,308,-304
104900019,363,1818,-1455
104900020,57,364,-307
104900021,4,553,-549
104900022,17,214,-197
104900023,3,200,-197
104900024,18,178,-160
104900025,50,658,-608
104900026,2,226,-224
104900027,331,316,15
104900028,18,151,-133
104900029,51,186,-135
104900030,398,257,141
104900031,172,283,-111
104900032,40,231,-191
104900033,127,302,-175
104900034,274,116,158
104900035,180,125,55
104900036,158,88,70
104900037,144,558,-414
104900038,713,438,275
104900039,1437,240,1197
104900040,230,85,145
104900041,255,237,18
104900042,106,618,-512
104900043,15,106,-91
104900044,373,231,142
104900045,367,75,292
104900046,145,198,-53
104900047,259,182,77
104900048,194,106,88
104900049,18,11,7
104900050,165,107,58
104900051,245,65,180
104900052,24,1,23
104900053,367,79,288
104900054,78,31,47
104900055,54,4,50
104900056,272,14,258
104900057,12,1,11
104900058,395,196,199
104900059,96,68,28
104900060,2,467,-465
104900061,343,833,-490
104900063,0,249,-249
104900064,1,275,-274
104900065,0,149,-149
104900066,1,381,-380
104900067,7,336,-329
104900068,12,298,-286
104900070,137,365,-228
104900071,5,1136,-1131
104900072,54,279,-225
104900073,49,596,-547
104900074,44,302,-258
104900075,57,159,-102
104900076,97,633,-536
104900077,2362,147,2215
104900078,196,959,-763
104900079,126,275,-149
104900080,63,748,-685
104900082,14,434,-420
104900085,21,383,-362
104900087,353,12,341
104900089,84,0,84
104900090,503,658,-155
104900091,474,1250,-776
104900093,224,822,-598
104900097,4148,1455,2693
104900098,74,53,21
104900099,588,661,-73
104900100,1172,266,906
104900102,41,389,-348
104900103,390,162,228
104900104,4168,1433,2735
104900106,58,147,-89
104900107,54,507,-453
104900108,29,568,-539
104900109,54,196,-142
104900110,6,60,-54
104900111,157,178,-21
104900112,212,1247,-1035
104900113,604,669,-65
104900114,306,940,-634
104900115,550,772,-222
104900116,182,354,-172
104900118,18,124,-106
104900119,1,34,-33
104900120,284,140,144
104900121,0,210,-210
104900122,4,186,-182
104900123,16,5,11
104900124,23,0,23
104900125,446,2,444
104900126,102,93,9
104900127,44,51,-7
104900128,67,125,-58
104900129,3550,1420,2130
105000001,2860,2109,751
105000002,2949,2038,911
105000003,3842,4595,-753
105000004,568,1544,-976
105000005,706,1450,-744
105000006,1194,1900,-706
105000007,1352,1700,-348
105000008,1375,2723,-1348
105000009,1550,3452,-1902
105000010,4071,3755,316
105000011,2024,2809,-785
105000012,4263,4120,143
105000013,764,1295,-531
105000014,1290,2349,-1059
105000015,8811,7188,1623
105000016,4821,2124,2697
105000017,2101,1325,776
105000018,1722,1144,578
105000019,1818,1113,705
105000020,262,365,-103
105000021,330,203,127
105000022,164,52,112
105000023,354,244,110
105000028,89,244,-155
105000029,482,1180,-698
105000030,4864,4955,-91
105000031,0,27,-27
105000033,979,2921,-1942
105000034,208,647,-439
105000037,724,1007,-283
105000038,1508,1713,-205
105000039,2869,2157,712
105000040,551,1012,-461
105000041,503,1603,-1100
105000042,1887,1358,529
105000043,1932,2398,-466
105000044,369,450,-81
105000045,295,1094,-799
105000046,842,570,272
105000047,575,1891,-1316
105000048,554,278,276
105000049,302,1072,-770
105000050,572,523,49
105000051,257,774,-517
105000052,464,1404,-940
105000053,182,288,-106
105000054,256,1498,-1242
105000055,413,688,-275
105000056,956,4378,-3422
105000057,1173,1546,-373
105000058,1795,2229,-434
105000059,675,692,-17
105000060,729,1130,-401
105000061,516,658,-142
105000062,1303,1826,-523
105000063,510,1143,-633
105000064,1220,764,456
105000065,560,1681,-1121
105000066,1389,3325,-1936
105000067,1062,669,393
105000068,861,1294,-433
105000069,5545,1188,4357
105000070,1306,949,357
105000071,486,743,-257
105000072,1465,1723,-258
105000073,1023,711,312
105000074,1052,1202,-150
105000075,690,1058,-368
105000076,1605,1253,352
105000077,2206,927,1279
105000078,1794,1557,237
105000079,1861,2043,-182
105000080,1783,1095,688
105000081,1957,885,1072
105000082,752,532,220
105000083,1530,836,694
105000084,743,1424,-681
105000085,1441,1149,292
105000086,809,1200,-391
105000087,4513,2639,1874
105000088,1440,1768,-328
105000089,3164,2865,299
105000090,908,1103,-195
105000091,1642,2360,-718
105000092,778,1508,-730
105000093,390,194,196
105000094,308,325,-17
105000095,89,481,-392
105000096,1237,741,496
105000097,1450,970,480
105000098,803,679,124
105000099,1144,1365,-221
105000100,959,1656,-697
105000101,1897,3091,-1194
105000102,1103,2176,-1073
105000103,1322,3256,-1934
105000104,1714,1669,45
105000105,1135,3140,-2005
105000106,1121,2331,-1210
105000107,928,1759,-831
105000108,1204,3319,-2115
105000109,1413,2628,-1215
105000110,742,1567,-825
105000111,759,947,-188
105000112,1135,1356,-221
105000113,450,793,-343
105000114,6613,1451,5162
105000115,404,985,-581
105000116,735,605,130
105000117,965,2372,-1407
105000118,286,468,-182
105000119,546,2164,-1618
105000120,635,882,-247
105000121,879,2164,-1285
105000122,346,727,-381
105000123,1303,2505,-1202
105000124,1509,1498,11
105000125,676,3210,-2534
105000126,2081,3681,-1600
105000127,2540,2692,-152
105000128,628,2407,-1779
105000129,898,522,376
105000130,174,1652,-1478
105000131,791,462,329
105000132,693,623,70
105000133,395,1442,-1047
105000134,770,767,3
105000135,599,896,-297
105000136,187,522,-335
105000137,312,289,23
105000138,256,432,-176
105000139,1063,1499,-436
105000140,264,710,-446
105000141,253,1001,-748
105000142,137,786,-649
105000143,337,1127,-790
105000144,356,1147,-791
105000145,617,759,-142
105000146,771,1223,-452
105000147,670,612,58
105000148,1270,1182,88
105000149,2104,2955,-851
105000150,2591,2347,244
105000151,451,553,-102
105000152,220,1013,-793
105000153,686,734,-48
105000154,793,1864,-1071
105000155,301,870,-569
105000156,1093,1649,-556
105000157,1129,3864,-2735
105000158,1922,1130,792
105000159,404,2608,-2204
105000160,1942,884,1058
105000161,978,3136,-2158
105000162,815,1777,-962
105000163,2750,1965,785
105000164,231,477,-246
105000165,2944,5147,-2203
105000166,12254,478,11776
105000167,5090,1606,3484
105000168,248,1582,-1334
105000169,411,496,-85
105000170,110,1926,-1816
105000171,1296,583,713
105000172,72,109,-37
105000173,103,80,23
105000174,20,61,-41
105000175,65,173,-108
105000176,171,96,75
105000177,253,188,65
105000178,115,1492,-1377
105000179,217,118,99
105000180,96,153,-57
105000181,81,936,-855
105000182,94,49,45
105000183,3576,2171,1405
105000184,1154,1079,75
105000185,876,797,79
105000186,436,1206,-770
105000187,586,260,326
105000188,232,107,125
105000189,171,699,-528
105000190,264,303,-39
105000191,379,515,-136
105000192,183,75,108
105000193,73,150,-77
105000194,382,85,297
105000195,220,1387,-1167
105000196,82,163,-81
105000197,229,882,-653
105000198,636,369,267
105000199,402,415,-13
105000200,84,287,-203
105000201,113,36,77
105000203,12,522,-510
105000204,82,101,-19
105000205,90,402,-312
105000207,500,246,254
105000208,264,567,-303
105000209,236,421,-185
105000211,122,10,112
105000212,1170,2536,-1366
105000213,184,183,1
105000214,65,333,-268
105000215,199,424,-225
105000216,102,308,-206
105000217,132,340,-208
105000218,812,1649,-837
105000221,276,472,-196
105000222,147,120,27
105000223,169,242,-73
105000226,66,736,-670
105000227,56,419,-363
105000228,597,987,-390
105000229,109,258,-149
105000231,282,445,-163
105000233,714,740,-26
105000234,560,1769,-1209
105000235,333,623,-290
105000237,945,120,825
105000243,21,80,-59
105000248,102,82,20
105000262,257,3053,-2796
105000269,94,210,-116
105000270,363,178,185
105000271,2,446,-444
105000282,275,87,188
105000287,353,171,182
105000288,337,718,-381
105000289,2106,963,1143
105000290,14,6,8
105000402,6532,2068,4464
105000426,377,648,-271
105000438,1954,868,1086
105000440,6,37,-31
105000446,19015,5988,13027
105000447,9623,3431,6192
105000454,324,1221,-897
105000455,296,356,-60
105000474,15,0,15
105000477,331,452,-121
105000478,1557,2537,-980
105000479,193,146,47
105000480,3478,2400,1078
105000481,2778,2405,373
105000482,5214,3629,1585
105000483,1450,1442,8
105000484,2807,3318,-511
105000485,1291,1736,-445
105000486,3870,2981,889
105000488,5282,3733,1549
105000489,792,1129,-337
105000549,68,173,-105
105000550,667,1953,-1286
105000551,22,161,-139
105000552,4706,2417,2289
105000555,1216,736,480
105000556,59,40,19
105000557,30,377,-347
105900001,17,1456,-1439
105900002,2373,558,1815
105900003,14,120,-106
105900004,231,131,100
105900005,2,309,-307
105900006,8,53,-45
105900007,75,23,52
105900008,53,1139,-1086
105900009,9,13,-4
105900011,88,47,41
105900012,298,160,138
105900013,1,39,-38
105900014,1,103,-102
105900015,92,492,-400
105900016,305,939,-634
105900017,725,55,670
105900018,244,481,-237
105900019,46,643,-597
105900020,25,82,-57
105900021,38,314,-276
105900022,211,447,-236
105900023,5,164,-159
105900024,4,122,-118
105900025,63,103,-40
105900026,298,71,227
105900027,6081,2887,3194
105900028,146,230,-84
105900029,2495,311,2184
105900030,181,254,-73
105900031,603,168,435
105900032,45,196,-151
105900033,88,129,-41
105900034,140,328,-188
105900035,158,204,-46
105900036,46,218,-172
105900037,79,73,6
105900038,167,437,-270
105900039,74,241,-167
105900040,77,99,-22
105900041,220,725,-505
105900042,35,142,-107
105900043,2663,53,2610
105900044,3,195,-192
105900045,5,603,-598
105900046,0,216,-216
105900047,7,36,-29
105900048,67,688,-621
105900050,1551,756,795
105900051,12,1966,-1954
105900052,290,45,245
105900053,5647,1697,3950
105900054,299,483,-184
105900056,937,274,663
105900057,22,163,-141
105900058,12,61,-49
105900059,0,36,-36
106000001,4132,2049,2083
106000002,3398,6522,-3124
106000003,3758,3502,256
106000004,3309,3809,-500
106000005,2734,6245,-3511
106000006,6632,6626,6
106000007,424,643,-219
106000008,402,413,-11
106000009,461,332,129
106000010,508,745,-237
106000011,777,1161,-384
106000012,854,2070,-1216
106000013,1866,2038,-172
106000014,2276,2350,-74
106000015,1261,1242,19
106000016,1325,3344,-2019
106000017,841,848,-7
106000018,722,834,-112
106000019,314,552,-238
106000020,281,658,-377
106000021,311,630,-319
106000022,418,444,-26
106000023,701,538,163
106000024,747,1204,-457
106000025,98,326,-228
106000026,186,397,-211
106000027,1270,1905,-635
106000028,587,1006,-419
106000029,1111,2008,-897
106000030,1135,492,643
106000034,239,745,-506
106000035,1178,1423,-245
106000036,538,564,-26
106000037,2226,2529,-303
106000038,487,132,355
106000039,174,71,103
106000040,190,1030,-840
106000041,1029,419,610
106000043,780,148,632
106000046,496,49,447
106000047,104,567,-463
106000049,696,192,504
106000050,425,1407,-982
106000051,556,582,-26
106000052,152,923,-771
106000053,196,172,24
106000054,476,703,-227
106000055,811,1645,-834
106000056,354,683,-329
106000057,230,357,-127
106000058,245,277,-32
106000059,312,306,6
106000060,710,942,-232
106000061,291,653,-362
106000062,165,972,-807
106000063,808,799,9
106000064,33,604,-571
106000065,382,313,69
106000066,156,575,-419
106000067,367,171,196
106000068,69,1032,-963
106000069,181,184,-3
106000070,608,1258,-650
106000071,1018,481,537
106000072,7768,2436,5332
106000073,2502,3008,-506
106000074,562,1098,-536
106000075,404,1614,-1210
106000076,2157,2265,-108
106000077,4763,1886,2877
106000078,952,1536,-584
106000079,693,1462,-769
106000080,1452,1176,276
106000081,841,1534,-693
106000082,2750,1314,1436
106000083,481,1867,-1386
106000084,1136,983,153
106000085,2172,1646,526
106000086,699,1046,-347
106000087,989,809,180
106000088,463,1056,-593
106000089,1134,709,425
106000090,291,769,-478
106000091,325,1161,-836
106000092,847,353,494
106000093,441,135,306
106000094,139,738,-599
106000095,798,2257,-1459
106000096,970,993,-23
106000097,949,2219,-1270
106000098,695,1404,-709
106000099,226,1390,-1164
106000100,762,376,386
106000101,747,439,308
106000102,179,913,-734
106000103,341,1003,-662
106000104,684,554,130
106000105,484,1515,-1031
106000106,653,628,25
106000107,123,846,-723
106000108,302,521,-219
106000109,146,748,-602
106000110,188,477,-289
106000111,208,1135,-927
106000112,179,550,-371
106000113,1978,994,984
106000114,536,601,-65
106000115,385,785,-400
106000116,263,402,-139
106000117,1040,1248,-208
106000118,1244,1200,44
106000119,3612,1737,1875
106000120,725,921,-196
106000121,213,382,-169
106000122,205,604,-399
106000123,271,511,-240
106000124,60,535,-475
106000125,94,508,-414
106000126,209,341,-132
106000127,711,1409,-698
106000128,869,589,280
106000129,640,1165,-525
106000130,760,777,-17
106000131,210,1275,-1065
106000132,1328,231,1097
106000133,6692,1733,4959
106000134,1264,1488,-224
106000135,355,1617,-1262
106000136,878,853,25
106000137,136,2850,-2714
106000138,1218,143,1075
106000139,65,184,-119
106000140,51,189,-138
106000141,73,145,-72
106000142,63,90,-27
106000143,31,165,-134
106000144,24,84,-60
106000145,215,503,-288
106000146,335,284,51
106000147,494,895,-401
106000148,748,1240,-492
106000149,636,727,-91
106000150,674,2550,-1876
106000151,7685,1126,6559
106000152,2018,2000,18
106000153,137,2185,-2048
106000154,2213,443,1770
106000155,86,362,-276
106000156,632,401,231
106000157,729,2635,-1906
106000158,4729,997,3732
106000159,7601,1776,5825
106000160,326,2051,-1725
106000161,2005,831,1174
106000162,186,798,-612
106000163,376,941,-565
106000164,295,356,-61
106000165,253,1181,-928
106000166,736,313,423
106000167,392,2236,-1844
106000168,290,316,-26
106000169,147,1272,-1125
106000170,412,320,92
106000171,125,1650,-1525
106000172,2219,1247,972
106000173,876,4711,-3835
106000174,954,412,542
106000175,323,1821,-1498
106000176,1195,1094,101
106000177,778,3759,-2981
106000178,2468,2734,-266
106000179,1207,3048,-1841
106000180,691,2512,-1821
106000181,517,2830,-2313
106000182,775,1202,-427
106000183,802,1860,-1058
106000184,648,1880,-1232
106000185,623,1189,-566
106000186,1043,171,872
106000187,257,999,-742
106000188,0,1,-1
106000189,1,77,-76
106000190,13,0,13
106000191,660,209,451
106000192,0,22,-22
106000193,405,170,235
106000194,155,335,-180
106000195,179,113,66
106000196,60,408,-348
106000197,346,587,-241
106000198,125,349,-224
106000199,1176,482,694
106000200,840,194,646
106000201,589,1756,-1167
106000202,11584,889,10695
106000203,330,344,-14
106000204,80,6,74
106000205,42,226,-184
106000206,54,40,14
106000207,65,1173,-1108
106000208,933,171,762
106000209,1082,503,579
106000210,262,2097,-1835
106000211,437,2247,-1810
106000212,735,312,423
106000213,818,1757,-939
106000214,2996,594,2402
106000215,301,813,-512
106000216,372,425,-53
106000217,426,700,-274
106000218,638,407,231
106000219,204,458,-254
106000220,465,336,129
106000221,139,425,-286
106000222,63,227,-164
106000223,108,181,-73
106000224,217,413,-196
106000225,98,77,21
106000226,205,499,-294
106000228,77,292,-215
106000229,110,1152,-1042
106000231,1131,201,930
106000232,115,650,-535
106000233,285,235,50
106000234,60,253,-193
106000235,295,115,180
106000236,230,74,156
106000237,2,7,-5
106000238,14,9,5
106000239,5,164,-159
106000240,23,4,19
106000241,13,1024,-1011
106000242,230,33,197
106000249,127,125,2
106000250,44,529,-485
106000251,52,26,26
106000252,19,179,-160
106000253,37,56,-19
106000254,40,93,-53
106000255,22,133,-111
106000256,92,139,-47
106000257,151,373,-222
106000258,144,32,112
106000259,11,42,-31
106000260,24,10,14
106000261,0,61,-61
106000262,63,16,47
106000263,9,85,-76
106000264,178,20,158
106000265,4,168,-164
106000266,112,19,93
106000267,6,119,-113
106000268,634,36,598
106000269,90,112,-22
106000270,207,471,-264
106000271,63,205,-142
106000272,125,65,60
106000273,7,283,-276
106000274,161,69,92
106000275,198,217,-19
106000276,134,96,38
106000277,180,211,-31
106000278,210,51,159
106000279,33,126,-93
106000280,30,302,-272
106000281,123,161,-38
106000282,79,115,-36
106000283,115,129,-14
106000284,51,149,-98
106000285,118,256,-138
106000286,72,211,-139
106000287,105,177,-72
106000288,151,239,-88
106000289,120,159,-39
106000290,88,108,-20
106000291,79,226,-147
106000292,118,196,-78
106000293,154,171,-17
106000294,156,193,-37
106000295,56,78,-22
106000296,43,175,-132
106000297,79,375,-296
106000298,178,112,66
106000299,105,279,-174
106000300,45,151,-106
106000301,68,160,-92
106000303,13,108,-95
106000304,50,116,-66
106000305,28,69,-41
106000306,38,174,-136
106000307,27,27,0
106000308,29,323,-294
106000309,18,123,-105
106000310,302,854,-552
106000311,335,163,172
106000312,103,322,-219
106000313,207,264,-57
106000318,239,251,-12
106000319,753,144,609
106000320,2,39,-37
106000321,457,81,376
106000322,136,299,-163
106000324,4,232,-228
106000325,1396,941,455
106000326,1193,2559,-1366
106000327,124,225,-101
106000328,10,89,-79
106000329,55,516,-461
106000330,28,72,-44
106000428,52,212,-160
106000429,136,937,-801
106000430,489,2443,-1954
106000431,1761,458,1303
106000432,2372,4646,-2274
106000433,1837,1254,583
106000434,3149,1204,1945
106000435,2874,4428,-1554
106000436,13,506,-493
106000437,207,27,180
106000438,130,109,21
106000439,35,720,-685
106000440,247,722,-475
106000441,0,0,0
106000442,265,6,259
106000443,90,768,-678
106000450,11,319,-308
106000451,53,26,27
106000454,6,159,-153
106000455,39,207,-168
106000456,139,30,109
106000457,15,1730,-1715
106000458,340,535,-195
106000459,123,736,-613
106000460,733,91,642
106000461,108,2903,-2795
106000462,0,34,-34
106000463,1,72,-71
106000464,2,1012,-1010
106000465,296,1,295
106000466,3,1049,-1046
106000467,857,778,79
106000468,42,410,-368
106000469,686,4,682
106000470,307,1750,-1443
106000471,49,1095,-1046
106000472,98,16,82
106000473,15,59,-44
106000474,373,1287,-914
106000475,281,224,57
106000476,264,255,9
106000477,71,205,-134
106000480,0,211,-211
106900001,1,47,-46
106900002,5,1063,-1058
106900003,263,1319,-1056
106900004,0,162,-162
106900006,0,38,-38
106900007,2,54,-52
106900008,181,560,-379
106900009,281,859,-578
106900010,286,524,-238
106900012,3599,2079,1520
106900013,586,114,472
106900014,27,4,23
106900015,12,2,10
106900016,195,4,191
106900017,9,0,9
106900018,2,0,2
106900019,49,3,46
106900020,4218,1304,2914
106900021,82,137,-55
106900022,376,1,375
106900023,14,424,-410
106900024,329,27,302
106900025,54,860,-806
106900026,6,1253,-1247
106900027,434,6,428
107000001,3245,2231,1014
107000002,3877,4984,-1107
107000003,4140,5342,-1202
107000004,5429,7366,-1937
107000005,2494,4501,-2007
107000006,4401,9118,-4717
107000007,4344,8386,-4042
107000008,17791,14239,3552
107000009,4618,5794,-1176
107000010,10801,14391,-3590
107000011,1482,1680,-198
107000012,5474,5236,238
107000013,58,228,-170
107000014,30,482,-452
107000015,535,1250,-715
107000016,627,1778,-1151
107000017,2282,1112,1170
107000018,9,303,-294
107000020,975,434,541
107000021,858,930,-72
107000022,713,1567,-854
107000023,1560,464,1096
107000024,395,2532,-2137
107000025,171,557,-386
107000026,181,1010,-829
107000027,1073,1082,-9
107000028,1290,2588,-1298
107000029,2104,2137,-33
107000030,3798,4629,-831
107000031,2951,2106,845
107000032,423,1204,-781
107000033,4857,4471,386
107000034,6972,2961,4011
107000035,356,192,164
107000036,545,1497,-952
107000037,53,719,-666
107000038,300,310,-10
107000039,672,679,-7
107000040,222,402,-180
107000041,1881,831,1050
107000042,912,2088,-1176
107000043,3893,1061,2832
107000044,930,492,438
107000045,165,378,-213
107000046,767,455,312
107000047,554,1175,-621
107000048,762,374,388
107000049,712,1089,-377
107000050,1205,748,457
107000051,974,487,487
107000052,1256,1260,-4
107000053,461,268,193
107000054,71,421,-350
107000055,511,206,305
107000056,735,1096,-361
107000057,3466,342,3124
107000058,2086,2521,-435
107000059,2928,4651,-1723
107000060,3224,5593,-2369
107000061,6671,5977,694
107000062,3098,3275,-177
107000063,4713,9230,-4517
107000064,3648,2053,1595
107000065,4651,7993,-3342
107000066,1494,2181,-687
107000067,861,1121,-260
107000068,1509,691,818
107000069,914,472,442
107000070,622,5,617
107000071,1930,27,1903
107000072,57,5239,-5182
107000073,402,217,185
107000074,162,1387,-1225
107000075,1134,464,670
107000076,1090,2140,-1050
107000077,2496,1143,1353
107000078,2407,4201,-1794
107000079,1871,745,1126
107000080,1380,4064,-2684
107000081,1105,718,387
107000082,674,3843,-3169
107000083,974,322,652
107000084,540,3422,-2882
107000085,2754,3562,-808
107000086,3939,4068,-129
107000087,2531,2079,452
107000088,2897,4518,-1621
107000089,1697,1978,-281
107000090,1235,1567,-332
107000091,1045,1132,-87
107000092,787,1625,-838
107000093,1075,873,202
107000094,1083,1854,-771
107000095,518,931,-413
107000096,764,1537,-773
107000097,552,516,36
107000098,545,1557,-1012
107000099,476,305,171
107000100,392,483,-91
107000101,70,230,-160
107000102,536,615,-79
107000103,524,250,274
107000104,406,678,-272
107000105,484,172,312
107000106,205,554,-349
107000107,545,259,286
107000108,242,1298,-1056
107000109,544,196,348
107000110,56,1310,-1254
107000111,236,37,199
107000112,35,825,-790
107000113,549,155,394
107000114,130,1539,-1409
107000115,602,134,468
107000116,157,1601,-1444
107000117,154,444,-290
107000118,284,477,-193
107000119,2854,1523,1331
107000120,5477,478,4999
107000121,572,1073,-501
107000122,1386,1184,202
107000123,381,1391,-1010
107000124,557,1180,-623
107000125,697,1518,-821
107000126,831,1346,-515
107000129,255,1980,-1725
107000130,445,274,171
107000131,550,1160,-610
107000132,543,332,211
107000133,478,153,325
107000134,187,0,187
107000135,6,334,-328
107000136,490,11,479
107000137,19,599,-580
107000138,282,22,260
107000139,19,502,-483
107000140,1100,80,1020
107000141,136,1164,-1028
107000142,298,75,223
107000143,44,1268,-1224
107000144,281,338,-57
107000145,220,777,-557
107000146,157,249,-92
107000147,6010,1475,4535
107000150,1141,1792,-651
107000151,41,68,-27
107000152,846,720,126
107000153,866,635,231
107000154,279,181,98
107000155,535,19,516
107000156,861,19,842
107000157,18,2973,-2955
107000158,392,28,364
107000159,65,2369,-2304
107000160,670,85,585
107000161,85,2967,-2882
107000162,232,276,-44
107000163,107,1,106
107000164,311,0,311
107000165,528,5,523
107000166,53,2202,-2149
107000167,515,411,104
107000168,710,353,357
107000169,1361,1167,194
107000170,1203,604,599
107000171,443,3773,-3330
107000172,810,960,-150
107000173,852,1823,-971
107000174,922,3244,-2322
107000175,12705,2105,10600
107000176,1,0,1
107000177,3,0,3
107000178,6,55,-49
107000179,181,4425,-4244
107000180,1121,492,629
107000181,503,2217,-1714
107000182,1552,1338,214
107000183,132,1261,-1129
107000184,930,1144,-214
107000185,530,1630,-1100
107000186,955,397,558
107000187,1162,1720,-558
107000188,447,743,-296
107000189,300,1240,-940
107000190,553,1310,-757
107000191,692,1698,-1006
107000192,1572,1710,-138
107000193,314,418,-104
107000194,1226,1218,8
107000197,820,215,605
107000198,465,1087,-622
107000199,589,765,-176
107000200,1466,675,791
107000201,332,227,105
107000202,257,486,-229
107000203,793,540,253
107000204,1218,657,561
107000205,2265,1199,1066
107000206,954,1101,-147
107000207,1021,1446,-425
107000208,1306,478,828
107000209,2675,1252,1423
107000210,1183,500,683
107000211,13,52,-39
107000212,11,427,-416
107000213,12,46,-34
107000214,8,212,-204
107000215,281,738,-457
107000216,199,661,-462
107000217,119,185,-66
107000219,53,135,-82
107000220,143,369,-226
107000222,232,918,-686
107000224,208,68,140
107000225,179,890,-711
107000226,149,98,51
107000227,87,633,-546
107000228,141,254,-113
107000229,576,165,411
107000230,1479,772,707
107000231,1853,1053,800
107000232,98,201,-103
107000233,1434,770,664
107000234,3,23,-20
107000235,80,3,77
107000236,24,447,-423
107000237,6,2,4
107000238,18,1,17
107000239,7965,646,7319
107000240,110,1943,-1833
107000243,0,98,-98
107000244,10,72,-62
107000246,3,1552,-1549
107000249,6,1630,-1624
107000251,2,429,-427
107000252,13,1926,-1913
107000255,1328,134,1194
107000257,4,959,-955
107000258,1,255,-254
107000259,3,437,-434
107000260,453,11,442
107000262,12,1177,-1165
107000263,239,2,237
107000266,19,7,12
107000267,85,332,-247
107000268,151,297,-146
107000269,356,33,323
107000270,0,9,-9
107000271,13,1433,-1420
107000272,11,292,-281
107000273,0,305,-305
107000274,676,264,412
107000275,51,902,-851
107000280,499,18,481
107000281,34,1822,-1788
107000282,27,1652,-1625
107000290,1,46,-45
107000291,6,12,-6
107000292,0,53,-53
107000293,82,8,74
107000294,2,44,-42
107000295,48,6,42
107000296,0,22,-22
107000444,158,5,153
107000496,0,26,-26
107000497,1519,4458,-2939
107000500,328,523,-195
107000501,124,320,-196
107000502,276,557,-281
107000505,1391,1156,235
107000506,0,13,-13
107000508,6,1007,-1001
107000509,208,551,-343
107000510,21,13,8
107000514,39,361,-322
107000515,16,479,-463
107000516,318,270,48
107000518,981,915,66
107000519,6355,1437,4918
107000520,84,12,72
107000521,563,732,-169
107000522,669,1597,-928
107900001,32,335,-303
107900002,31,7,24
107900003,264,15,249
107900004,7,0,7
107900005,653,4,649
107900006,65,2,63
107900007,216,31,185
107900008,39,73,-34
107900009,115,3,112
107900010,21,0,21
107900012,422,16,406
107900013,328,88,240
107900014,16,11,5
107900015,631,8,623
107900016,510,116,394
107900017,22,2,20
107900018,57,90,-33
107900019,23,108,-85
107900020,49,7,42
107900021,66,262,-196
107900023,2,1,1
107900024,2,35,-33
107900025,192,436,-244
107900026,46,198,-152
107900027,88,46,42
107900028,50,96,-46
107900030,212,20,192
107900031,49,523,-474
107900032,4,4,0
107900033,14,2,12
107900034,356,11,345
107900035,547,31,516
107900036,22,8,14
107900037,0,72,-72
107900038,176,186,-10
107900039,17,109,-92
107900040,44,39,5
107900041,0,5,-5
107900043,79,428,-349
107900044,4,6,-2
107900045,72,29,43
107900046,112,145,-33
107900047,24,157,-133
107900048,148,8,140
107900049,380,476,-96
107900050,154,486,-332
107900051,53,139,-86
107900052,22,14,8
107900053,29,108,-79
107900055,643,312,331
107900056,105,25,80
107900057,1,0,1
107900058,48,1169,-1121
107900060,11,53,-42
107900061,18,3,15
107900063,146,238,-92
107900064,387,65,322
107900065,142,9,133
107900066,7,12,-5
107900067,0,0,0
107900068,154,202,-48
107900069,38,958,-920
107900070,78,27,51
107900071,26,1444,-1418
107900072,50,333,-283
107900073,55,183,-128
107900074,1244,182,1062
107900076,290,127,163
107900077,52,0,52
107900079,11,31,-20
107900080,151,218,-67
107900081,21,109,-88
107900082,17,12,5
107900083,363,168,195
107900084,194,131,63
107900086,88,143,-55
107900087,548,126,422
107900088,25,5,20
107900089,310,1004,-694
107900090,593,1343,-750
107900091,197,632,-435
107900093,81,100,-19
107900095,3737,1619,2118
107900097,46,73,-27
107900098,53,191,-138
107900100,1311,1059,252
107900101,1473,215,1258
107900102,37,3,34
107900103,35,204,-169
107900104,187,4,183
107900105,1,963,-962
107900106,3,2116,-2113
107900107,1388,273,1115
107900108,466,128,338
107900109,737,4,733
107900110,17,203,-186
107900111,6,1681,-1675
107900112,205,480,-275
107900113,140,159,-19
107900114,67,307,-240
107900115,1,71,-70
107900116,91,365,-274
107900117,226,579,-353
107900118,102,222,-120
107900119,45,126,-81
107900120,35,16,19
107900121,3,116,-113
107900122,2,40,-38
107900123,0,31,-31
107900124,17,33,-16
107900125,26,246,-220
107900126,2,66,-64
107900127,462,181,281
107900128,166,82,84
107900129,25,83,-58
107900130,33,29,4
107900131,660,115,545
107900132,153,578,-425
107900133,2,63,-61
107900134,17,36,-19
107900135,3,295,-292
107900136,47,28,19
107900137,113,119,-6
107900138,21,41,-20
107900139,19,58,-39
107900141,47,65,-18
107900142,72,1699,-1627
107900143,45,41,4
107900144,2,198,-196
107900145,7,114,-107
107900146,34,203,-169
107900147,65,32,33
107900148,221,211,10
107900149,2341,285,2056
107900150,112,1455,-1343
107900151,15,148,-133
107900152,5,369,-364
107900153,189,344,-155
107900154,30,18,12
107900155,60,48,12
107900156,0,548,-548
107900157,24,109,-85
107900158,570,34,536
107900159,31,1754,-1723
107900160,86,204,-118
107900161,25,372,-347
107900162,1,83,-82
107900163,35,19,16
107900164,2,38,-36
107900165,27,81,-54
107900166,25,453,-428
107900167,10,9,1
107900168,9,75,-66
107900169,0,213,-213
107900171,17,3421,-3404
107900172,0,418,-418
107900173,14,318,-304
107900174,59,9,50
107900175,34,4,30
107900176,19,54,-35
107900177,0,49,-49
107900178,1,312,-311
107900179,5,195,-190
107900180,1472,300,1172
107900181,321,775,-454
107900182,12,2559,-2547
107900183,36,542,-506
107900184,98,300,-202
107900185,88,12,76
107900186,5,50,-45
107900187,0,132,-132
107900188,980,131,849
107900189,16,211,-195
107900190,94,98,-4
107900191,65,221,-156
107900193,9,32,-23
107900194,99,8,91
107900195,6208,699,5509
107900196,44,78,-34
107900197,739,199,540
107900199,4,1483,-1479
107900201,97,211,-114
107900203,65,86,-21
107900204,362,324,38
107900206,479,190,289
107900207,5,969,-964
107900208,8,1153,-1145
107900209,497,171,326
107900210,86,245,-159
107900213,485,521,-36
107900214,8,280,-272
107900215,224,320,-96
107900216,107,96,11
107900217,23,73,-50
107900218,23,2161,-2138
107900219,34,258,-224
107900220,196,165,31
107900221,178,322,-144
107900223,66,889,-823
107900224,210,304,-94
107900225,11,1248,-1237
107900226,77,148,-71
107900227,168,558,-390
107900228,14,131,-117
107900229,3,453,-450
107900230,27,217,-190
107900231,11,346,-335
107900232,76,363,-287
107900233,8,174,-166
107900234,71,252,-181
107900235,36,93,-57
107900236,76,70,6
107900237,136,723,-587
107900238,8,191,-183
107900239,2071,446,1625
107900240,5,208,-203
107900241,8,115,-107
107900242,37,558,-521
107900243,1,49,-48
107900244,316,2,314
107900245,350,57,293
107900246,72,16,56
107900248,182,723,-541
107900249,362,12,350
107900250,2,804,-802
107900251,95,2020,-1925
107900252,540,12,528
107900253,103,5,98
107900254,50,101,-51
107900255,438,51,387
107900256,421,487,-66
107900257,108,83,25
107900258,68,332,-264
107900259,148,1127,-979
107900261,8,665,-657
107900262,32,215,-183
107900264,165,3,162
107900265,65,308,-243
107900267,145,27,118
107900268,82,8,74
107900269,2,12,-10
107900270,1,0,1
107900271,2,10,-8
107900272,185,18,167
107900273,20,114,-94
107900274,34,1,33
107900275,4,0,4
107900276,3,83,-80
107900277,1,299,-298
107900278,209,490,-281
107900279,163,118,45
107900280,2034,1764,270
107900281,5733,1530,4203
107900282,153,266,-113
107900283,1843,447,1396
107900284,302,1056,-754
107900285,74,232,-158
107900286,133,114,19
107900287,117,226,-109
107900290,0,96,-96
107900291,469,21,448
107900292,110,426,-316
107900293,68,922,-854
107900295,99,229,-130
107900297,3,319,-316
107900298,948,1228,-280
107900299,5592,2724,2868
107900301,552,533,19
107900302,85,45,40
107900303,75,480,-405
107900304,181,770,-589
107900305,226,13,213
107900306,14,18,-4
107900307,48,443,-395
107900308,246,66,180
107900309,59,0,59
107900310,17,0,17
107900311,308,106,202
107900312,20,0,20
107900313,0,98,-98
107900314,0,50,-50
107900315,1,61,-60
107900316,45,2,43
107900317,112,5,107
107900318,4,222,-218
107900319,3,312,-309
107900320,2,264,-262
107900321,91,4,87
107900322,5,285,-280
107900323,12,224,-212
107900324,160,0,160
107900325,94,0,94
107900326,143,558,-415
107900327,0,1,-1
107900328,11,0,11
107900329,3,0,3
107900330,7,932,-925
107900331,140,36,104
107900332,155,53,102
107900333,51,20,31
107900334,9,529,-520
107900335,59,90,-31
107900336,25,61,-36
107900337,2058,677,1381
107900338,5,148,-143
107900339,1,28,-27
107900340,1,71,-70
107900341,23,0,23
107900342,154,202,-48
107900343,29,4,25
107900344,2,200,-198
107900345,134,51,83
107900346,27,1,26
107900347,40,5,35
107900348,7,4,3
107900349,54,5,49
107900350,41,293,-252
107900351,6,429,-423
107900352,8,121,-113
107900353,12,19,-7
107900354,6,109,-103
108000001,2528,3999,-1471
108000002,2631,4426,-1795
108000003,2733,2469,264
108000004,20345,19927,418
108000005,5905,4384,1521
108000006,8237,8693,-456
108000007,4322,3779,543
108000008,6357,7355,-998
108000009,3231,3681,-450
108000010,3508,6460,-2952
108000011,10579,10930,-351
108000012,22142,20672,1470
108000014,1096,857,239
108000015,620,413,207
108000016,213,846,-633
108000017,712,433,279
108000018,1262,570,692
108000019,1514,823,691
108000020,1286,499,787
108000021,456,2250,-1794
108000022,550,2076,-1526
108000023,1052,201,851
108000024,263,1010,-747
108000025,225,350,-125
108000026,492,956,-464
108000027,651,924,-273
108000028,330,363,-33
108000029,353,1354,-1001
108000030,423,241,182
108000031,223,697,-474
108000032,1138,670,468
108000033,601,1929,-1328
108000034,1216,487,729
108000035,1130,3380,-2250
108000036,432,2129,-1697
108000037,1585,363,1222
108000038,1999,477,1522
108000039,595,4128,-3533
108000040,1398,788,610
108000041,782,3784,-3002
108000042,177,289,-112
108000043,184,382,-198
108000044,286,186,100
108000045,274,991,-717
108000046,1069,306,763
108000047,517,1572,-1055
108000048,130,509,-379
108000049,503,241,262
108000050,190,965,-775
108000051,278,102,176
108000052,447,975,-528
108000053,309,131,178
108000054,689,1475,-786
108000055,1190,444,746
108000056,1312,1730,-418
108000057,588,938,-350
108000058,2273,3012,-739
108000059,4759,2973,1786
108000060,189,646,-457
108000061,371,825,-454
108000062,602,526,76
108000063,365,852,-487
108000064,208,326,-118
108000065,513,923,-410
108000066,2122,987,1135
108000067,1485,537,948
108000068,757,373,384
108000069,254,1595,-1341
108000070,1528,766,762
108000071,747,2190,-1443
108000072,1313,1077,236
108000073,1727,2270,-543
108000074,314,413,-99
108000075,443,1023,-580
108000076,876,670,206
108000077,986,850,136
108000078,1648,1983,-335
108000079,1139,2674,-1535
108000080,796,744,52
108000081,442,3644,-3202
108000082,1237,2695,-1458
108000083,1811,1049,762
108000084,485,1827,-1342
108000085,579,489,90
108000086,1107,1059,48
108000087,176,1826,-1650
108000088,607,255,352
108000089,254,360,-106
108000091,122,963,-841
108000092,91,146,-55
108000093,157,1470,-1313
108000094,662,191,471
108000095,189,863,-674
108000096,266,182,84
108000097,187,936,-749
108000098,953,1862,-909
108000099,1083,344,739
108000100,107,523,-416
108000101,765,1383,-618
108000102,1470,2925,-1455
108000106,608,0,608
108000107,5,980,-975
108000108,606,43,563
108000109,3,1338,-1335
108000110,224,360,-136
108000111,186,1205,-1019
108000112,79,148,-69
108000113,585,387,198
108000115,483,705,-222
108000117,854,404,450
108000118,578,1312,-734
108000119,853,640,213
108000120,122,786,-664
108000121,214,844,-630
108000122,363,415,-52
108000123,516,402,114
108000124,240,720,-480
108000125,252,507,-255
108000126,109,897,-788
108000127,372,426,-54
108000128,467,921,-454
108000129,239,1861,-1622
108000130,308,355,-47
108000131,745,481,264
108000132,2234,1966,268
108000133,638,561,77
108000134,767,921,-154
108000135,1152,347,805
108000136,1358,1439,-81
108000137,319,542,-223
108000138,378,1455,-1077
108000139,271,470,-199
108000140,49,37,12
108000141,21,273,-252
108000142,57,294,-237
108000143,35,1105,-1070
108000144,217,96,121
108000145,41,113,-72
108000146,333,71,262
108000147,17,111,-94
108000148,277,81,196
108000149,52,78,-26
108000150,18,13,5
108000151,283,90,193
108000152,123,1086,-963
108000153,330,150,180
108000154,84,59,25
108000155,20,11,9
108000156,1012,770,242
108000157,158,679,-521
108000158,86,679,-593
108000159,884,183,701
108000160,7449,1035,6414
108000161,6726,1560,5166
108000165,6,87,-81
108000172,4,264,-260
108000173,3849,1701,2148
108000175,364,129,235
108000178,434,468,-34
108000179,326,717,-391
108000181,89,65,24
108000182,398,113,285
108000183,90,658,-568
108000184,1661,1981,-320
108000185,151,852,-701
108000186,247,1048,-801
108000187,81,1191,-1110
108000188,385,324,61
108000189,3550,4700,-1150
108000190,47,162,-115
108000192,144,947,-803
108000193,1157,48,1109
108000194,42,60,-18
108000195,6,1789,-1783
108000196,144,162,-18
108000198,669,513,156
108000199,0,153,-153
108000200,163,1087,-924
108000203,104,1359,-1255
108000204,80,39,41
108000205,421,908,-487
108000339,1745,425,1320
108000364,400,961,-561
108000365,68,558,-490
108000367,213,535,-322
108000368,7,60,-53
108000369,2214,158,2056
108000371,11,953,-942
108000372,508,9,499
108000373,109,217,-108
108000376,51,24,27
108000377,290,467,-177
108000378,8497,9913,-1416
108000379,49,204,-155
108000381,51,18,33
108000382,193,2,191
108000383,0,214,-214
108900001,180,1791,-1611
108900002,229,81,148
108900003,383,1582,-1199
108900004,2351,387,1964
108900007,112,152,-40
108900008,55,170,-115
108900009,55,136,-81
108900010,122,164,-42
108900011,340,462,-122
108900012,295,579,-284
108900013,119,317,-198
108900014,13,74,-61
108900015,0,19,-19
108900016,0,309,-309
108900017,153,222,-69
108900018,84,758,-674
108900019,22,2141,-2119
108900020,50,437,-387
108900021,94,377,-283
108900022,62,9,53
108900023,10,21,-11
108900024,16,196,-180
108900025,59,164,-105
108900026,27,141,-114
108900027,0,106,-106
108900028,41,639,-598
108900029,33,220,-187
108900030,0,157,-157
108900031,54,872,-818
108900032,19,350,-331
108900033,0,107,-107
108900034,1,471,-470
108900035,280,2206,-1926
108900038,1,630,-629
108900039,1,774,-773
108900040,5,211,-206
108900041,6810,2583,4227
108900042,11,383,-372
108900043,67,701,-634
108900044,5,1034,-1029
108900045,59,1148,-1089
108900046,86,1742,-1656
108900047,0,119,-119
108900048,88,1620,-1532
108900049,8771,1147,7624
108900050,1,373,-372
108900051,2,342,-340
108900052,13,318,-305
108900053,150,159,-9
108900054,62,327,-265
108900055,74,650,-576
108900056,1,276,-275
108900057,1,258,-257
108900058,14,533,-519
108900059,332,22,310
108900060,37,127,-90
108900061,67,32,35
108900062,9,476,-467
108900063,6,558,-552
108900064,91,87,4
108900065,7,481,-474
108900066,223,118,105
108900067,19,292,-273
108900068,11,456,-445
108900069,61,203,-142
108900070,26,229,-203
108900071,41,70,-29
108900072,3000,308,2692
108900073,47,958,-911
108900074,97,768,-671
108900075,58,67,-9
108900076,154,90,64
108900077,166,925,-759
108900078,31,278,-247
108900079,1061,359,702
108900080,36,477,-441
108900081,52,420,-368
108900082,65,206,-141
108900083,14,182,-168
108900085,3523,257,3266
108900086,95,537,-442
108900087,136,265,-129
108900088,761,326,435
108900089,33,119,-86
108900090,35,626,-591
108900091,158,175,-17
108900092,398,311,87
108900093,71,63,8
108900094,219,118,101
108900095,117,1032,-915
108900096,608,44,564
108900097,372,262,110
108900098,4407,480,3927
108900099,295,368,-73
108900100,61,212,-151
108900101,270,93,177
108900102,146,806,-660
108900103,69,100,-31
108900105,9,903,-894
108900106,245,828,-583
108900108,258,28,230
108900109,279,38,241
108900110,118,774,-656
108900111,290,1194,-904
108900113,104,37,67
108900114,38,16,22
108900115,72,72,0
108900116,25,13,12
108900117,119,43,76
108900118,391,11,380
108900119,99,72,27
108900120,235,156,79
108900121,282,52,230
108900122,75,41,34
108900123,78,68,10
108900124,370,159,211
108900125,231,3,228
108900126,126,25,101
108900127,111,31,80
108900128,91,23,68
108900129,623,109,514
108900130,239,1,238
108900131,256,1,255
108900132,347,60,287
108900133,157,77,80
108900134,176,268,-92
108900135,75,6,69
108900136,21,0,21
108900137,103,1,102
108900138,479,24,455
108900140,205,292,-87
108900141,200,15,185
108900142,110,3,107
108900143,29,0,29
108900144,47,0,47
108900145,94,12,82
108900146,49,0,49
108900147,147,0,147
108900148,59,13,46
108900150,207,3,204
108900151,100,8,92
108900152,53,6,47
108900153,105,738,-633
108900154,3665,502,3163
108900156,61,9,52
108900157,18,952,-934
108900158,253,38,215
108900159,8,472,-464
108900160,8,399,-391
108900161,21,744,-723
108900162,68,1,67
108900163,6,218,-212
108900164,61,94,-33
108900168,13226,2365,10861
108900169,32,192,-160
108900171,9837,2209,7628
108900172,193,44,149
108900173,199,512,-313
108900174,497,557,-60
108900176,165,1088,-923
108900177,12502,3276,9226
108900178,6995,2770,4225
108900180,49,219,-170
108900183,173,233,-60
108900184,314,169,145
108900185,52,370,-318
108900186,29,419,-390
108900189,157,154,3
108900190,89,5465,-5376
108900192,61,326,-265
108900195,70,568,-498
108900196,21,953,-932
108900199,185,396,-211
108900200,409,350,59
108900201,356,1572,-1216
108900203,492,55,437
108900204,378,13,365
108900205,178,36,142
108900206,261,53,208
108900207,215,72,143
108900208,43,484,-441
108900209,319,821,-502
108900210,151,266,-115
108900211,109,399,-290
108900212,1033,941,92
108900215,112,1004,-892
108900216,471,178,293
108900217,87,0,87
108900218,72,7,65
108900221,73,143,-70
108900224,19,166,-147
108900225,0,277,-277
108900227,76,194,-118
108900230,664,470,194
108900232,2,610,-608
108900233,189,59,130
108900234,202,98,104
108900235,257,753,-496
108900236,40,416,-376
108900240,88,95,-7
108900241,20,43,-23
108900245,9,861,-852
108900250,169,147,22
108900258,10,428,-418
108900259,42,109,-67
108900260,4,182,-178
108900261,267,248,19
108900262,282,181,101
108900263,32,402,-370
108900264,608,459,149
108900265,1954,349,1605
108900266,2124,476,1648
108900267,4,97,-93
108900268,7,4,3
108900269,48,4,44
108900270,63,8,55
108900271,24,1,23
108900272,169,10,159
108900273,1261,668,593
108900274,35,104,-69
109000001,5360,1431,3929
109000002,4471,1767,2704
109000003,2135,841,1294
109000004,526,3375,-2849
109000005,2097,1343,754
109000006,885,2944,-2059
109000007,1281,1064,217
109000008,521,2567,-2046
109000009,3335,1495,1840
109000010,1607,6106,-4499
109000011,2638,2093,545
109000012,1778,6042,-4264
109000013,2536,2635,-99
109000014,1500,5431,-3931
109000015,3119,5696,-2577
109000016,15813,5703,10110
109000017,2053,1460,593
109000018,1049,4705,-3656
109000019,2881,1765,1116
109000020,1558,3245,-1687
109000023,195,24,171
109000024,9,173,-164
109000025,478,489,-11
109000026,1053,375,678
109000027,89,426,-337
109000028,180,130,50
109000029,119,220,-101
109000030,65,787,-722
109000031,107,88,19
109000032,100,736,-636
109000033,344,108,236
109000034,74,69,5
109000035,13,39,-26
109000036,74,466,-392
109000037,209,892,-683
109000038,559,510,49
109000039,653,593,60
109000040,8688,5013,3675
109000041,7861,1332,6529
109000042,1538,1278,260
109000044,241,69,172
109000045,90,604,-514
109000046,228,108,120
109000047,63,499,-436
109000048,671,141,530
109000049,200,621,-421
109000050,230,220,10
109000051,404,257,147
109000052,489,2694,-2205
109000053,123,62,61
109000054,119,1227,-1108
109000055,147,222,-75
109000056,211,915,-704
109000057,369,308,61
109000058,1021,371,650
109000059,624,1083,-459
109000060,413,357,56
109000061,2043,647,1396
109000062,145,247,-102
109000063,198,246,-48
109000064,135,270,-135
109000065,89,452,-363
109000066,286,176,110
109000067,32,461,-429
109000068,1313,9,1304
109000069,835,44,791
109000070,1,1167,-1166
109000071,388,85,303
109000072,84,409,-325
109000073,43,132,-89
109000074,27,308,-281
109000075,79,495,-416
109000076,81,206,-125
109000077,534,368,166
109000078,61,148,-87
109000079,159,347,-188
109000080,113,170,-57
109000081,114,853,-739
109000082,555,365,190
109000083,239,1161,-922
109000088,152,923,-771
109000089,199,52,147
109000090,165,936,-771
109000091,189,112,77
109000092,410,1119,-709
109000093,207,156,51
109000094,291,3,288
109000095,110,1111,-1001
109000096,542,252,290
109000097,78,226,-148
109000098,44,126,-82
109000099,742,667,75
109000100,271,786,-515
109000101,841,1315,-474
109000102,262,1083,-821
109000103,328,759,-431
109000104,981,840,141
109000105,461,1986,-1525
109000106,1549,944,605
109000107,549,3010,-2461
109000108,1437,689,748
109000109,446,2899,-2453
109000110,1352,497,855
109000111,1110,3123,-2013
109000112,377,211,166
109000113,253,162,91
109000114,185,443,-258
109000115,1339,136,1203
109000116,16,198,-182
109000117,137,167,-30
109000118,26,423,-397
109000119,715,795,-80
109000120,171,1708,-1537
109000121,245,123,122
109000122,114,1521,-1407
109000123,33,130,-97
109000124,448,413,35
109000125,615,414,201
109000126,342,1248,-906
109000127,491,234,257
109000128,462,3792,-3330
109000129,1438,713,725
109000130,627,3861,-3234
109000131,605,457,148
109000132,725,3037,-2312
109000133,360,1287,-927
109000134,986,1790,-804
109000135,1140,1747,-607
109000136,308,539,-231
109000137,185,442,-257
109000138,413,641,-228
109000139,429,545,-116
109000140,127,629,-502
109000141,334,572,-238
109000142,89,843,-754
109000143,64,87,-23
109000145,91,287,-196
109000146,166,89,77
109000148,5453,1127,4326
109000149,44,42,2
109000150,196,223,-27
109000155,484,646,-162
109000156,1943,1223,720
109000158,39,272,-233
109000159,62,1038,-976
109000160,828,337,491
109000161,271,2093,-1822
109000162,1496,1264,232
109000163,941,2801,-1860
109000164,1000,3799,-2799
109000165,1083,889,194
109000166,534,197,337
109000167,100,1405,-1305
109000170,44,65,-21
109000171,60,71,-11
109000172,62,82,-20
109000173,20,75,-55
109000174,103,85,18
109000175,50,160,-110
109000176,281,333,-52
109000177,36,244,-208
109000178,468,830,-362
109000179,11081,3226,7855
109000180,6342,3034,3308
109000181,8,64,-56
109000182,35,82,-47
109000183,30,52,-22
109000184,47,29,18
109000185,41,94,-53
109000188,396,4587,-4191
109000189,1797,1103,694
109000190,479,689,-210
109000191,226,905,-679
109000192,258,280,-22
109000193,171,746,-575
109000194,127,170,-43
109000195,89,653,-564
109000196,243,141,102
109000197,142,828,-686
109000198,195,69,126
109000199,105,929,-824
109000206,304,36,268
109000207,136,31,105
109000208,115,84,31
109000209,139,143,-4
109000210,249,902,-653
109000211,370,436,-66
109000214,299,923,-624
109000215,69,93,-24
109000216,281,162,119
109000217,169,83,86
109000218,221,150,71
109000221,476,1787,-1311
109000222,808,233,575
109000223,193,302,-109
109000224,53,441,-388
109000225,54,61,-7
109000226,65,516,-451
109000227,787,2300,-1513
109000228,7,473,-466
109000231,3,764,-761
109000232,204,677,-473
109000236,230,1037,-807
109000241,2014,3082,-1068
109000242,1530,2196,-666
109000293,9,41,-32
109000361,124,445,-321
109000364,222,996,-774
109000396,6,1270,-1264
109000397,370,5,365
109000399,133,902,-769
109000400,75,422,-347
109000403,65,470,-405
109000406,582,26,556
109000407,239,335,-96
109000408,3,1134,-1131
109000410,750,239,511
109000411,164,58,106
109900001,62,0,62
109900002,575,18,557
109900003,197,0,197
109900004,652,283,369
109900005,18,3,15
109900006,254,503,-249
109900007,494,1416,-922
109900008,0,54,-54
109900009,111,1235,-1124
109900010,447,16,431
109900011,71,35,36
109900012,168,179,-11
109900013,354,130,224
109900014,297,83,214
109900015,348,209,139
109900016,110,68,42
109900017,83,177,-94
109900018,139,197,-58
109900019,98,114,-16
109900020,19,35,-16
109900021,27,17,10
109900022,98,605,-507
109900023,12,1,11
109900024,31,2,29
109900025,13,120,-107
109900026,5,288,-283
109900027,32,27,5
109900028,3918,704,3214
109900029,9,1030,-1021
109900030,23,5,18
109900031,0,73,-73
109900032,4,428,-424
109900033,3,836,-833
109900034,20,3,17
109900035,5,14,-9
109900036,14,129,-115
109900037,42,732,-690
109900038,34,343,-309
109900039,11,2,9
109900040,28,970,-942
109900041,50,870,-820
109900042,18,551,-533
109900044,97,435,-338
109900045,130,81,49
109900046,84,118,-34
109900047,385,459,-74
109900048,29,142,-113
109900049,5,22,-17
109900050,2,504,-502
109900051,0,57,-57
109900052,72,417,-345
109900053,7,952,-945
109900054,405,203,202
109900055,42,332,-290
109900056,31,174,-143
109900057,7,437,-430
109900058,0,191,-191
109900059,385,126,259
109900060,444,238,206
109900061,97,403,-306
109900062,1,470,-469
109900063,12,439,-427
109900064,428,420,8
109900065,173,125,48
109900066,275,1469,-1194
109900067,0,746,-746
109900068,29,3,26
109900069,4,48,-44
109900070,46,338,-292
109900071,1,30,-29
109900072,21,189,-168
109900073,270,1163,-893
109900074,12,55,-43
109900075,13,17,-4
109900076,16,825,-809
109900077,43,63,-20
109900078,107,494,-387
109900080,135,494,-359
109900081,17,110,-93
109900082,41,791,-750
109900083,16,66,-50
109900084,43,221,-178
109900085,230,2139,-1909
109900086,103,262,-159
109900087,366,531,-165
109900089,400,118,282
109900090,416,2197,-1781
109900091,177,106,71
109900092,236,8,228
109900093,518,112,406
109900094,56,110,-54
109900095,107,373,-266
109900096,34,3,31
109900097,78,4,74
109900098,282,25,257
109900099,129,0,129
109900100,42,0,42
109900101,206,8,198
109900102,361,15,346
109900103,27,78,-51
109900104,353,1932,-1579
109900105,504,35,469
109900106,189,85,104
109900107,204,99,105
109900108,89,612,-523
109900109,31,200,-169
109900110,71,831,-760
109900111,380,2475,-2095
109900112,435,1690,-1255
109900113,486,362,124
109900114,523,383,140
109900115,106,79,27
109900117,669,115,554
109900118,276,596,-320
109900119,514,437,77
109900120,55,14,41
109900121,281,406,-125
109900122,216,1,215
109900123,5,263,-258
109900124,49,1258,-1209
109900125,5,343,-338
109900126,144,345,-201
109900128,187,84,103
109900130,19811,1598,18213
109900131,77,245,-168
109900132,42,252,-210
109900133,55,592,-537
109900134,49,68,-19
109900135,546,77,469
109900136,30,188,-158
109900137,79,693,-614
109900140,173,609,-436
109900142,808,270,538
109900145,4,215,-211
109900146,343,36,307
109900148,42,88,-46
109900149,40,87,-47
109900150,10,49,-39
109900151,11,53,-42
109900152,0,14,-14
109900153,0,85,-85
109900154,48,0,48
109900155,45,18,27
109900157,58,448,-390
109900158,70,180,-110
109900159,134,21,113
109900160,81,62,19
109900161,183,66,117
109900162,164,72,92
109900163,767,495,272
109900164,52,317,-265
109900165,124,7,117
109900166,1,224,-223
109900167,157,961,-804
109900168,141,736,-595
109900169,106,179,-73
109900170,312,568,-256
109900171,121,119,2
109900172,143,173,-30
109900173,5959,1639,4320
109900174,92,195,-103
109900175,44,74,-30
109900176,93,328,-235
109900177,20,514,-494
109900178,4,157,-153
109900179,17,34,-17
109900180,5,10,-5
110000001,951,671,280
110000002,805,570,235
110000003,910,677,233
110000004,600,510,90
110000005,851,1440,-589
110000006,1008,415,593
110000007,160,246,-86
110000008,21,63,-42
110000009,41,93,-52
110000010,37,57,-20
110000011,35,189,-154
110000012,937,711,226
110000013,41,509,-468
110000014,712,450,262
110000015,293,516,-223
110000016,373,1075,-702
110000017,5438,327,5111
110000018,5246,547,4699
110000019,13,249,-236
110000020,853,417,436
110000021,510,455,55
110000022,527,178,349
110000023,11,296,-285
110000024,588,518,70
110000025,181,8,173
110000026,7,1106,-1099
110000027,624,528,96
110000028,630,847,-217
110000029,552,1663,-1111
110000030,226,286,-60
110000031,258,937,-679
110000032,722,482,240
110000033,209,119,90
110000034,220,762,-542
110000035,476,1663,-1187
110000036,497,745,-248
110000037,122,1062,-940
110000038,233,535,-302
110000039,639,1934,-1295
110000040,277,524,-247
110000041,274,943,-669
110000042,82,367,-285
110000043,385,223,162
110000044,78,74,4
110000045,288,101,187
110000046,5,18,-13
110000047,29,19,10
110000048,8,15,-7
110000049,40,8,32
110000050,8,22,-14
110000051,13,14,-1
110000052,23,25,-2
110000053,101,4,97
110000054,123,326,-203
110000055,252,51,201
110000056,136,58,78
110000057,281,1443,-1162
110000058,895,875,20
110000059,673,569,104
110000060,517,850,-333
110000061,810,1011,-201
110000062,727,852,-125
110000063,24,72,-48
110000064,48,221,-173
110000065,54,76,-22
110000066,89,51,38
110000067,44,565,-521
110000068,135,1047,-912
110000069,96,125,-29
110000071,84,185,-101
110000073,8,23,-15
110000075,10,132,-122
110000076,303,203,100
110000077,666,591,75
110000078,16,63,-47
110000080,307,736,-429
110000081,35,308,-273
110000082,29,313,-284
110000083,271,775,-504
110000084,724,650,74
110000085,3048,1775,1273
110000086,1306,1577,-271
110000087,9,72,-63
110000088,39,290,-251
110000089,175,268,-93
110000090,61,479,-418
110000091,3153,419,2734
110000092,30,179,-149
110000093,52,12,40
110000094,571,287,284
110000095,84,644,-560
110000096,5420,1983,3437
110000097,1015,1242,-227
110000098,1693,694,999
110000099,900,1846,-946
110000100,560,1401,-841
110000101,28,799,-771
110000102,41,43,-2
110000104,159,101,58
110000105,71,358,-287
110000106,532,276,256
110000107,592,517,75
110000108,220,86,134
110000109,295,383,-88
110000110,5087,4118,969
110000111,10249,2409,7840
110000112,1751,666,1085
110000113,755,1461,-706
110000114,97,433,-336
110000115,149,315,-166
110000116,37,81,-44
110000117,152,959,-807
110000118,223,406,-183
110000119,169,727,-558
110000120,251,281,-30
110000121,123,454,-331
110000122,333,784,-451
110000123,411,585,-174
110000124,2,894,-892
110000125,881,8,873
110000126,259,14,245
110000127,661,42,619
110000128,30,1711,-1681
110000129,10,864,-854
110000130,211,133,78
110000131,118,704,-586
110000132,1,830,-829
110000133,65,431,-366
110000134,33,410,-377
110000135,184,26,158
110000136,72,375,-303
110000137,444,868,-424
110000138,537,1251,-714
110000139,688,2434,-1746
110000140,1189,508,681
110000143,869,452,417
110000144,4745,1377,3368
110000145,1271,856,415
110000146,1645,806,839
110000147,318,746,-428
110000148,330,482,-152
110000151,681,579,102
110000152,711,409,302
110000153,61,204,-143
110000154,7,10,-3
110000155,1377,2810,-1433
110000156,874,1852,-978
110000157,1091,1752,-661
110000160,291,556,-265
110000161,118,751,-633
110000166,306,172,134
110000167,623,559,64
110000168,834,389,445
110000169,702,338,364
110000170,96,97,-1
110000171,544,231,313
110000172,159,984,-825
110000173,1619,1534,85
110000174,105,2222,-2117
110000175,435,99,336
110000176,32,270,-238
110000177,160,838,-678
110000178,479,941,-462
110000179,2203,466,1737
110000180,114,439,-325
110000181,273,512,-239
110000182,383,493,-110
110000183,15793,5940,9853
110000184,1584,2047,-463
110000185,570,738,-168
110000186,651,814,-163
110000191,395,457,-62
110000192,241,3,238
110000193,537,1,536
110000194,20,2096,-2076
110000195,317,534,-217
110000196,299,836,-537
110000197,57,266,-209
110000198,84,129,-45
110000199,67,127,-60
110000200,1478,635,843
110000201,609,746,-137
110000202,1117,602,515
110000203,853,1362,-509
110000204,0,593,-593
110000205,125,75,50
110000206,804,2587,-1783
110000207,612,364,248
110000208,121,85,36
110000209,102,1355,-1253
110000210,718,963,-245
110000211,448,1038,-590
110000212,537,943,-406
110000213,128,87,41
110000214,103,115,-12
110000215,151,976,-825
110000216,62,991,-929
110000217,202,366,-164
110000218,163,811,-648
110000219,207,77,130
110000220,29,606,-577
110000221,230,96,134
110000222,26,553,-527
110000223,15,195,-180
110000224,86,23,63
110000225,166,648,-482
110000226,184,66,118
110000227,803,602,201
110000228,477,347,130
110000229,2,405,-403
110000230,450,901,-451
110000231,185,197,-12
110000232,136,212,-76
110000233,161,514,-353
110000234,510,431,79
110000235,1957,1009,948
110000236,417,1145,-728
110000237,1325,1247,78
110000238,970,1693,-723
110000239,1303,1709,-406
110000240,0,168,-168
110000242,0,19,-19
110000243,70,329,-259
110000244,102,720,-618
110000245,36,749,-713
110000246,583,1012,-429
110000247,1564,6304,-4740
110000248,2392,2268,124
110000249,80,9,71
110000250,18,334,-316
110000251,150,815,-665
110000252,145,352,-207
110000253,1050,634,416
110000254,647,2243,-1596
110000255,205,1854,-1649
110000256,473,261,212
110000257,689,541,148
110000258,6,868,-862
110000259,51,16,35
110000260,14,731,-717
110000263,577,144,433
110000264,181,1044,-863
110000265,978,1496,-518
110000266,1855,2276,-421
110000267,5,296,-291
110000268,281,818,-537
110000269,0,88,-88
110000270,49,1,48
110000271,3295,342,2953
110000272,859,1031,-172
110000273,2612,1425,1187
110000274,202,927,-725
110000275,4971,525,4446
110000276,148,250,-102
110000277,172,720,-548
110000278,221,1291,-1070
110000279,590,884,-294
110000280,190,466,-276
110000281,13,212,-199
110000282,232,67,165
110000283,40,99,-59
110000284,56,79,-23
110000285,2,269,-267
110000286,35,0,35
110000287,41,1,40
110000288,2,87,-85
110000289,676,1450,-774
110000290,1793,719,1074
110000291,9572,1681,7891
110000292,1390,3658,-2268
110000293,365,1341,-976
110000294,621,834,-213
110000295,75,1620,-1545
110000296,206,355,-149
110000297,2614,357,2257
110000298,418,883,-465
110000299,549,64,485
110000301,260,25,235
110000302,324,2545,-2221
110000303,225,8,217
110000304,159,517,-358
110000305,597,19,578
110000306,89,3142,-3053
110000307,1010,6,1004
110000308,289,4,285
110000309,10,1972,-1962
110000310,488,164,324
110000311,32,1338,-1306
110000312,420,61,359
110000313,2772,3298,-526
110000314,2,563,-561
110000315,4016,1879,2137
110000316,844,1253,-409
110000317,396,362,34
110000318,4,199,-195
110000319,10,22,-12
110000320,37,123,-86
110000321,9,59,-50
110000322,182,866,-684
110000323,313,275,38
110000324,7816,1258,6558
110000325,2453,1830,623
110000327,444,250,194
110000328,152,649,-497
110000333,611,412,199
110000334,608,1872,-1264
110000335,656,607,49
110000336,418,1654,-1236
110000337,829,593,236
110000338,224,307,-83
110000339,210,311,-101
110000340,31,281,-250
110000341,275,779,-504
110000342,367,2,365
110000343,0,14,-14
110000344,97,247,-150
110000345,163,84,79
110000346,2742,1334,1408
110000347,972,750,222
110000348,19,37,-18
110000349,7,26,-19
110000350,51,7,44
110000351,615,1047,-432
110000352,436,1626,-1190
110000353,4821,813,4008
110000354,1340,2044,-704
110000355,63,77,-14
110000356,1070,12,1058
110000357,265,23,242
110000361,18,187,-169
110000362,41,96,-55
110000363,226,184,42
110000364,96,743,-647
110000365,134,0,134
110000366,2,129,-127
110000367,204,329,-125
110000368,6,77,-71
110000369,34,5,29
110000373,11,466,-455
110000374,57,6,51
110000375,241,1066,-825
110000376,21,124,-103
110000377,79,389,-310
110000378,34,360,-326
110000379,5920,1238,4682
110000380,41,20,21
110000383,2,1397,-1395
110000384,2567,1206,1361
110000385,2,215,-213
110000387,70,9,61
110000388,38,308,-270
110000389,598,8,590
110000391,322,521,-199
110000396,98,164,-66
110000397,89,365,-276
110000398,6,29,-23
110000399,164,5,159
110000587,94,35,59
110000589,152,222,-70
110000640,133,138,-5
110000652,18,159,-141
110000653,213,636,-423
110000654,41,47,-6
110000656,3,857,-854
110000674,17,36,-19
110000675,18,45,-27
110000676,1,72,-71
110000679,721,1001,-280
110000682,119,142,-23
110000683,348,630,-282
110000684,3,77,-74
110000685,8,18,-10
110000686,2,34,-32
110000687,24,2,22
110000688,73,776,-703
110000689,56,72,-16
110000692,80,498,-418
110000693,137,210,-73
110000694,2,128,-126
110000695,189,941,-752
110000696,200,287,-87
110900001,185,17,168
110900002,93,345,-252
110900003,411,1337,-926
110900004,262,317,-55
110900005,6712,1768,4944
110900006,60,11,49
110900007,127,16,111
110900008,19,109,-90
110900009,340,40,300
110900010,5,114,-109
110900011,15,173,-158
110900012,9,151,-142
110900013,718,186,532
110900014,101,17,84
110900015,1537,546,991
110900016,12,290,-278
110900017,291,65,226
110900018,305,52,253
110900019,133,41,92
110900020,48,751,-703
110900021,113,802,-689
110900022,107,617,-510
110900023,81,1033,-952
110900024,30,765,-735
110900025,6,58,-52
110900027,25,464,-439
110900028,41,331,-290
110900029,33,636,-603
110900030,22,707,-685
110900031,5,207,-202
110900032,0,168,-168
110900033,54,420,-366
110900035,43,694,-651
110900036,109,19,90
110900037,73,30,43
110900038,2190,279,1911
110900039,17,286,-269
110900040,192,50,142
110900041,3,233,-230
110900042,86,87,-1
110900043,6,215,-209
110900044,342,44,298
110900045,49,903,-854
110900046,167,405,-238
110900047,1242,146,1096
110900049,55,39,16
110900050,21,9,12
110900051,47,237,-190
110900052,1,320,-319
110900053,51,91,-40
110900054,23,406,-383
110900055,33,2,31
110900056,52,154,-102
110900057,5,404,-399
110900058,128,445,-317
110900059,747,1246,-499
110900060,470,118,352
110900061,19,63,-44
110900062,122,518,-396
110900063,38,112,-74
110900064,17,1,16
110900065,550,185,365
110900066,21,69,-48
110900067,923,625,298
110900068,280,261,19
110900069,3,40,-37
110900070,103,75,28
110900071,390,383,7
110900073,1,32,-31
110900074,294,138,156
110900075,279,67,212
110900077,514,501,13
110900078,14,258,-244
110900079,3089,847,2242
110900080,108,70,38
110900081,2,199,-197
110900082,74,481,-407
110900083,75,31,44
110900084,73,403,-330
110900085,46,625,-579
110900086,40,231,-191
110900087,238,85,153
110900088,21,0,21
110900090,43,35,8
110900091,3,82,-79
110900093,282,89,193
110900095,62,39,23
110900097,10,28,-18
110900098,32,182,-150
110900099,56,952,-896
110900100,1,33,-32
110900102,46,35,11
110900105,862,705,157
110900108,14,242,-228
110900111,296,115,181
110900112,629,5,624
110900113,617,58,559
110900115,17,197,-180
110900116,376,3978,-3602
110900118,141,2191,-2050
110900119,7817,367,7450
110900120,13,289,-276
110900121,47,0,47
110900122,225,169,56
110900125,266,351,-85
110900127,383,939,-556
110900128,458,397,61
110900129,348,457,-109
110900130,1524,504,1020
110900131,135,43,92
110900132,294,46,248
110900133,67,399,-332
110900135,104,774,-670
110900136,326,9,317
110900139,29,0,29
110900140,0,0,0
110900141,236,141,95
110900142,67,348,-281
110900143,117,96,21
110900144,2,909,-907
110900145,94,20,74
110900146,322,72,250
110900147,424,352,72
110900148,8,494,-486
110900149,2,146,-144
110900150,31,34,-3
110900151,2,110,-108
110900152,19,718,-699
110900153,80,33,47
111000001,501,539,-38
111000002,874,995,-121
111000003,896,791,105
111000004,685,1801,-1116
111000005,1136,956,180
111000006,1134,1973,-839
111000007,6500,2832,3668
111000008,5717,4183,1534
111000009,396,1159,-763
111000010,699,351,348
111000011,403,1270,-867
111000012,565,403,162
111000013,380,1634,-1254
111000014,911,703,208
111000017,159,725,-566
111000018,234,391,-157
111000020,3516,2770,746
111000021,173,233,-60
111000023,112,229,-117
111000025,10624,3141,7483
111000029,70,110,-40
111000030,27,109,-82
111000031,1991,1126,865
111000032,681,279,402
111000033,335,229,106
111000034,504,250,254
111000037,4774,2148,2626
111000038,3273,2960,313
111000039,1503,3563,-2060
111000040,1672,4021,-2349
111000041,1786,2269,-483
111000042,8382,3229,5153
111000043,2865,2011,854
111000044,1394,1045,349
111000045,1565,2345,-780
111000046,878,1941,-1063
111000047,1780,2781,-1001
111000049,305,716,-411
111000050,2559,2512,47
111000051,519,1625,-1106
111000052,697,1917,-1220
111000053,403,1442,-1039
111000054,227,1783,-1556
111000055,1520,2783,-1263
111000056,98,1006,-908
111000057,95,1227,-1132
111000058,269,148,121
111000059,250,322,-72
111000060,2938,894,2044
111000061,434,380,54
111000062,638,241,397
111000063,1609,1042,567
111000064,427,716,-289
111000065,953,921,32
111000066,342,390,-48
111000067,473,780,-307
111000068,362,991,-629
111000069,1763,2148,-385
111000070,3448,1501,1947
111000071,317,1235,-918
111000072,708,462,246
111000073,298,946,-648
111000074,1414,1735,-321
111000075,822,1201,-379
111000076,360,1332,-972
111000077,966,1029,-63
111000078,2147,1439,708
111000079,1454,872,582
111000080,388,773,-385
111000081,2807,3539,-732
111000082,507,913,-406
111000084,606,589,17
111000085,1138,2041,-903
111000086,5036,1666,3370
111000087,729,1061,-332
111000088,9745,2227,7518
111000089,756,1063,-307
111000090,1461,1526,-65
111000091,726,944,-218
111000092,962,1382,-420
111000093,445,957,-512
111000094,1634,1014,620
111000095,898,2414,-1516
111000096,3416,7280,-3864
111000097,8829,1247,7582
111000098,766,1967,-1201
111000099,548,3391,-2843
111000100,332,3323,-2991
111000101,457,1236,-779
111000102,149,1322,-1173
111000104,343,352,-9
111000107,95,1252,-1157
111000109,276,281,-5
111000110,997,589,408
111000111,1275,494,781
111000112,1176,376,800
111000113,795,915,-120
111000114,2262,2307,-45
111000115,9964,1191,8773
111000116,897,1138,-241
111000117,583,1171,-588
111000118,1556,1387,169
111000119,800,2261,-1461
111000120,401,683,-282
111000121,235,624,-389
111000122,581,1278,-697
111000123,909,4193,-3284
111000124,545,5057,-4512
111000125,235,2833,-2598
111000126,109,1471,-1362
111000127,798,206,592
111000128,1043,395,648
111000129,1678,464,1214
111000130,1332,804,528
111000131,949,660,289
111000132,736,542,194
111000133,123,198,-75
111000134,131,119,12
111000135,44,133,-89
111000136,309,327,-18
111000138,9,29,-20
111000140,2,3,-1
111000141,186,439,-253
111000142,9,176,-167
111000143,7,128,-121
111000144,22,186,-164
111000145,918,24,894
111000146,56,16,40
111000147,195,33,162
111000148,164,123,41
111000149,6,45,-39
111000150,13,10,3
111000151,3,39,-36
111000153,676,718,-42
111000154,843,272,571
111000155,138,219,-81
111000156,491,557,-66
111000157,173,775,-602
111000158,923,673,250
111000159,3686,877,2809
111000160,226,563,-337
111000161,13,341,-328
111000162,34,209,-175
111000163,553,871,-318
111000164,1031,2836,-1805
111000165,1688,547,1141
111000166,1812,443,1369
111000167,178,688,-510
111000168,240,621,-381
111000169,326,664,-338
111000170,528,518,10
111000171,369,1397,-1028
111000172,144,1167,-1023
111000173,236,2428,-2192
111000174,143,1183,-1040
111000175,60,357,-297
111000176,172,261,-89
111000177,223,493,-270
111000178,620,475,145
111000179,122,282,-160
111000180,124,424,-300
111000181,725,445,280
111000182,173,222,-49
111000183,270,337,-67
111000184,340,244,96
111000185,384,650,-266
111000186,253,377,-124
111000187,154,409,-255
111000188,136,600,-464
111000189,2193,689,1504
111000190,198,741,-543
111000191,160,584,-424
111000192,267,903,-636
111000193,794,530,264
111000194,39,742,-703
111000195,112,771,-659
111000196,60,575,-515
111000197,286,234,52
111000198,363,164,199
111000199,149,167,-18
111000200,189,443,-254
111000201,409,249,160
111000202,212,269,-57
111000203,218,287,-69
111000204,419,741,-322
111000213,215,474,-259
111000214,1314,2903,-1589
111000215,1094,2077,-983
111000217,1038,1699,-661
111000218,924,1323,-399
111000219,412,318,94
111000220,3957,503,3454
111000221,1034,186,848
111000224,138,418,-280
111000225,315,250,65
111000226,196,1,195
111000227,51,5,46
111000228,16,231,-215
111000229,27,439,-412
111000230,278,937,-659
111000231,741,2013,-1272
111000232,358,1022,-664
111000233,431,963,-532
111000234,82,264,-182
111000239,146,289,-143
111000240,45,176,-131
111000241,39,599,-560
111000242,82,96,-14
111000243,83,1265,-1182
111000244,253,155,98
111000245,756,931,-175
111000246,308,986,-678
111000247,185,1592,-1407
111000248,544,611,-67
111000249,418,1127,-709
111000250,38,213,-175
111000251,22,215,-193
111000253,7,28,-21
111000255,12,18,-6
111000257,46,16,30
111000260,74,1775,-1701
111000261,614,93,521
111000271,64,458,-394
111000273,10452,2162,8290
111000274,1284,1952,-668
111000275,144,93,51
111000276,313,3047,-2734
111000277,112,647,-535
111000278,562,347,215
111000291,612,3314,-2702
111000298,449,374,75
111000299,621,146,475
111000300,91,928,-837
111000302,327,138,189
111000303,67,406,-339
111000312,51,68,-17
111000315,47,576,-529
111000320,342,944,-602
111000321,188,63,125
111000322,232,778,-546
111000323,130,17,113
111000324,348,402,-54
111000325,23,54,-31
111000326,148,402,-254
111000327,440,730,-290
111000328,172,514,-342
111000329,6,28,-22
111000330,33,8,25
111000331,12,6,6
111000332,674,2456,-1782
111000334,446,2279,-1833
111000335,455,206,249
111000337,580,461,119
111000338,24,181,-157
111000339,229,846,-617
111000340,115,1376,-1261
111000341,924,428,496
111000342,214,486,-272
111000344,761,1109,-348
111000345,235,74,161
111000346,40,149,-109
111000347,63,4,59
111000350,143,216,-73
111000351,76,282,-206
111000352,141,240,-99
111000353,73,312,-239
111000354,262,396,-134
111000355,272,1003,-731
111000358,100,3069,-2969
111000360,127,1504,-1377
111000361,115,763,-648
111000546,394,1075,-681
111000547,204,1286,-1082
111000548,71,213,-142
111000549,195,769,-574
111000550,65,517,-452
111000551,763,246,517
111000552,1558,123,1435
111000907,396,18,378
111000908,16,0,16
111000916,965,315,650
111000917,27,439,-412
111000918,126,1812,-1686
111000920,358,12,346
111000921,1,662,-661
111000922,289,457,-168
111000924,48,1877,-1829
111000925,1621,2114,-493
111000926,912,4037,-3125
111000927,2997,4788,-1791
111000928,7611,5202,2409
111000929,920,1252,-332
111000930,826,3316,-2490
111000931,1503,2036,-533
111000932,4959,3335,1624
111000933,3281,2060,1221
111000934,2599,3511,-912
111000935,840,1110,-270
111000936,1097,2929,-1832
111000937,780,1333,-553
111000938,2110,3318,-1208
111000939,216,52,164
111000940,253,313,-60
111000941,157,1139,-982
111000943,232,302,-70
111000944,131,894,-763
111000945,58,3554,-3496
111001109,351,255,96
111001110,214,799,-585
111001111,50,5,45
111001112,116,5,111
111001113,16,162,-146
111001114,1742,105,1637
111001115,143,425,-282
111001116,7429,2592,4837
111001117,772,1034,-262
111001120,102,608,-506
111001121,174,508,-334
111001122,171,1069,-898
111001123,126,212,-86
111001124,54,585,-531
111001125,1,34,-33
111001126,6,0,6
111001127,0,227,-227
111900001,8,390,-382
111900002,4,1218,-1214
111900003,2,639,-637
111900004,40,231,-191
111900006,12,12,0
111900007,47,3,44
111900008,64,0,64
111900009,63,1,62
111900010,337,771,-434
111900012,68,153,-85
111900013,12,59,-47
111900014,10505,2418,8087
111900015,0,112,-112
111900016,2,250,-248
111900017,0,188,-188
111900018,78,1,77
111900019,2,114,-112
111900020,4,58,-54
111900021,27,115,-88
111900022,23,89,-66
111900023,220,76,144
111900024,1,116,-115
111900025,0,50,-50
111900026,2,160,-158
111900027,5,273,-268
111900028,3,580,-577
111900029,6,174,-168
111900030,66,784,-718
111900031,1,43,-42
111900032,2,537,-535
111900033,6,162,-156
111900034,372,1339,-967
111900035,23,389,-366
111900036,3,498,-495
111900038,419,1114,-695
111900039,57,684,-627
111900040,7,1005,-998
111900042,31,215,-184
111900043,4,650,-646
111900044,246,481,-235
111900046,60,368,-308
111900048,122,1393,-1271
111900049,52,369,-317
111900050,73,19,54
111900051,3,539,-536
111900052,555,858,-303
111900053,1674,677,997
111900054,93,3,90
111900055,32,991,-959
111900056,256,134,122
111900057,33,85,-52
111900058,222,1221,-999
111900059,4931,303,4628
111900060,299,1,298
111900061,11,444,-433
111900062,27,31,-4
111900063,194,350,-156
111900064,179,396,-217
111900065,85,29,56
111900066,90,105,-15
111900067,4,471,-467
111900068,42,28,14
111900069,53,17,36
111900070,82,143,-61
111900071,1,527,-526
111900072,49,12,37
111900073,367,87,280
111900074,16,317,-301
111900075,63,8,55
111900076,81,45,36
111900077,38,1,37
111900078,142,12,130
111900079,27,12,15
111900080,208,202,6
111900082,108,22,86
111900083,47,9,38
111900084,65,2,63
111900085,16,102,-86
111900086,25,6,19
111900087,24,0,24
111900088,311,5,306
111900089,91,3,88
111900090,53,25,28
111900091,144,3,141
111900092,66,0,66
111900093,189,10,179
111900094,85,1,84
111900095,96,12,84
111900096,80,1,79
111900097,30,0,30
111900098,96,1,95
111900099,53,0,53
111900100,46,5,41
111900101,52,30,22
111900102,215,1344,-1129
111900103,59,75,-16
111900104,96,66,30
111900105,233,95,138
111900106,1895,67,1828
111900110,3767,335,3432
111900111,78,286,-208
111900112,1402,1449,-47
111900113,352,91,261
111900118,230,71,159
111900119,198,113,85
111900122,83,65,18
111900123,29,39,-10
111900124,29,175,-146
111900125,315,24,291
111900126,218,3,215
111900127,12,966,-954
111900128,5,982,-977
111900129,176,6,170
111900130,121,14,107
111900131,310,3,307
111900132,31,2395,-2364
111900133,6,567,-561
111900134,25,498,-473
111900135,7,29,-22
111900136,65,162,-97
111900137,64,88,-24
111900138,13,184,-171
111900139,24,346,-322
111900140,56,28,28
111900141,56,8,48
111900142,64,29,35
111900143,28,494,-466
111900144,2,156,-154
111900145,2,1019,-1017
111900146,1,570,-569
111900147,207,738,-531
111900148,22,1421,-1399
111900149,6,588,-582
111900150,18,270,-252
111900151,3,17,-14
111900152,77,67,10
111900153,2375,341,2034
111900154,15,212,-197
111900155,34,29,5
111900156,21,45,-24
111900157,40,9,31
111900158,330,8,322
111900159,143,15,128
111900160,161,1,160
111900161,91,18,73
111900162,152,163,-11
111900163,41,562,-521
111900164,91,39,52
111901113,263,314,-51
111901114,191,622,-431
111901115,68,1,67
111901116,51,0,51
111901117,11,38,-27
111901118,282,199,83
111901119,2332,181,2151
111901121,249,704,-455
111901122,6,1035,-1029
111901123,106,634,-528
111901124,84,0,84
111901125,262,296,-34
111901127,1598,232,1366
111901128,12,180,-168
111901129,6,332,-326
111901130,13,491,-478
111901131,5,382,-377
111901132,52,6,46
111901133,44,6,38
111901134,69,1,68
111901135,7,3,4
111901136,2,16,-14
111901138,127,55,72
111901139,20,51,-31
111901140,17,257,-240
111901141,16,583,-567
111901142,6,466,-460
111901143,2,230,-228
111901144,45,42,3
111901145,193,197,-4
111901146,544,32,512
111901147,1658,120,1538
111901148,27,37,-10
111901149,7,8,-1
111901150,41,0,41
112000001,1657,1098,559
112000002,811,2931,-2120
112000003,574,1324,-750
112000004,596,2445,-1849
112000005,1895,2056,-161
112000006,1911,3204,-1293
112000007,1793,1494,299
112000008,2372,4336,-1964
112000009,4981,5447,-466
112000010,2088,2935,-847
112000011,1914,3304,-1390
112000012,4293,2368,1925
112000013,5178,3825,1353
112000014,2440,712,1728
112000015,2809,3045,-236
112000016,3596,707,2889
112000017,1609,1549,60
112000024,3266,1047,2219
112000026,5864,7046,-1182
112000027,963,547,416
112000028,2376,2361,15
112000029,425,547,-122
112000030,330,167,163
112000031,1446,3193,-1747
112000032,537,53,484
112000033,1707,1012,695
112000034,248,35,213
112000035,54,314,-260
112000036,768,727,41
112000037,856,826,30
112000038,1021,980,41
112000039,50,118,-68
112000040,177,345,-168
112000041,613,615,-2
112000042,1345,414,931
112000050,996,1523,-527
112000051,766,947,-181
112000054,1918,3214,-1296
112000057,527,449,78
112000058,362,647,-285
112000059,622,801,-179
112000061,5658,2455,3203
112000062,2494,758,1736
112000063,2096,1330,766
112000064,5603,7915,-2312
112000065,2821,3908,-1087
112000066,3402,1193,2209
112000067,836,960,-124
112000068,2406,1727,679
112000069,735,2810,-2075
112000070,1659,803,856
112000071,758,4027,-3269
112000072,1279,1226,53
112000073,1223,2122,-899
112000074,917,971,-54
112000075,1072,1226,-154
112000076,3429,3621,-192
112000077,393,843,-450
112000078,1253,848,405
112000079,1081,1665,-584
112000080,518,1183,-665
112000081,1525,2455,-930
112000082,1295,918,377
112000083,613,1849,-1236
112000084,1027,932,95
112000085,905,1876,-971
112000086,1242,2168,-926
112000087,274,639,-365
112000088,334,986,-652
112000089,176,351,-175
112000090,168,456,-288
112000091,689,1562,-873
112000092,1191,863,328
112000093,1782,1451,331
112000094,454,1046,-592
112000095,526,952,-426
112000096,640,1555,-915
112000097,826,551,275
112000098,998,2386,-1388
112000099,550,854,-304
112000100,976,1352,-376
112000101,400,1348,-948
112000102,671,995,-324
112000103,342,1811,-1469
112000105,661,3640,-2979
112000106,1230,873,357
112000107,62,195,-133
112000108,195,3089,-2894
112000109,114,176,-62
112000110,1357,648,709
112000111,1324,5372,-4048
112000112,1991,816,1175
112000113,1019,2769,-1750
112000114,1751,1459,292
112000115,275,836,-561
112000116,290,1417,-1127
112000117,771,1059,-288
112000118,976,1089,-113
112000119,448,1449,-1001
112000120,53,586,-533
112000121,103,1105,-1002
112000122,241,189,52
112000123,363,155,208
112000124,200,78,122
112000125,118,188,-70
112000126,106,1404,-1298
112000127,2337,1773,564
112000128,1197,768,429
112000129,121,152,-31
112000130,183,54,129
112000131,30,648,-618
112000132,108,372,-264
112000133,255,561,-306
112000134,341,455,-114
112000135,594,919,-325
112000136,1027,1495,-468
112000137,962,2095,-1133
112000138,1233,1468,-235
112000139,1121,432,689
112000140,1186,1648,-462
112000141,503,309,194
112000142,204,1406,-1202
112000143,897,304,593
112000144,273,3061,-2788
112000145,1690,835,855
112000146,660,3692,-3032
112000147,1460,1894,-434
112000148,1773,3753,-1980
112000149,282,1622,-1340
112000150,146,880,-734
112000151,473,1064,-591
112000152,221,473,-252
112000153,314,467,-153
112000154,116,154,-38
112000155,160,185,-25
112000157,823,645,178
112000158,271,1440,-1169
112000159,266,231,35
112000167,267,61,206
112000169,480,417,63
112000173,395,301,94
112000175,323,696,-373
112000176,4494,2294,2200
112000177,415,135,280
112000178,72,871,-799
112000179,146,235,-89
112000180,272,564,-292
112000181,1247,2774,-1527
112000182,616,2802,-2186
112000183,35,51,-16
112000184,306,1006,-700
112000185,321,678,-357
112000187,3049,2425,624
112000195,156,16,140
112000196,94,1,93
112000197,100,73,27
112000198,39,474,-435
112000199,1390,1156,234
112000202,251,0,251
112000216,54,255,-201
112000230,38,4,34
112000231,0,455,-455
112000256,37,200,-163
112000313,223,211,12
112000314,27,19,8
112000337,264,708,-444
112000352,315,280,35
112000392,2338,1799,539
112000398,906,821,85
112000399,3451,1456,1995
112000400,2125,4974,-2849
112000401,3219,3759,-540
112000402,1690,2307,-617
112000403,1908,1998,-90
112000404,424,645,-221
112000405,1393,2643,-1250
112000406,4168,4303,-135
112000407,4123,6010,-1887
112000408,9626,9357,269
112000409,1947,7355,-5408
112000410,455,174,281
112000411,7552,913,6639
112000412,1550,470,1080
112000413,13556,2940,10616
112000414,98,225,-127
112000415,115,70,45
112000416,1563,1456,107
112000417,227,83,144
112000421,28,287,-259
112000422,320,919,-599
112000424,4098,1996,2102
112000425,402,2789,-2387
112000426,142,489,-347
112000427,0,26,-26
112000428,132,829,-697
112000429,2126,3467,-1341
112000430,2476,3502,-1026
112000431,92,151,-59
112000432,687,3748,-3061
112000433,561,939,-378
112000437,53,424,-371
112900001,45,3,42
112900002,216,1753,-1537
112900003,47,509,-462
112900004,30,337,-307
112900005,150,310,-160
112900006,5,721,-716
112900007,30,379,-349
112900008,0,36,-36
112900009,312,93,219
112900010,250,1125,-875
112900011,408,408,0
112900012,0,92,-92
112900013,2,196,-194
112900014,4,422,-418
112900015,426,1286,-860
112900016,1,389,-388
112900017,44,295,-251
112900018,0,527,-527
112900019,79,200,-121
112900020,435,2111,-1676
112900021,10,419,-409
112900022,5,95,-90
112900023,1,416,-415
112900024,20,298,-278
112900025,72,390,-318
112900026,9,512,-503
112900027,6,1786,-1780
112900028,26,158,-132
112900029,11,1105,-1094
112900030,257,245,12
112900031,7,818,-811
112900032,131,328,-197
112900034,1,99,-98
112900035,6,679,-673
112900036,18,161,-143
112900037,167,183,-16
112900038,403,169,234
112900039,20,503,-483
112900040,2,492,-490
112900041,1878,932,946
112900042,49,771,-722
112900043,17,48,-31
112900044,1232,525,707
112900045,580,453,127
112900046,239,90,149
112900047,17,23,-6
112900049,101,95,6
112900050,79,746,-667
112900051,320,1059,-739
112900052,7,1913,-1906
112900053,426,144,282
112900054,332,40,292
112900055,139,28,111
112900056,418,148,270
112900057,17,1180,-1163
112900058,266,219,47
112900059,156,172,-16
112900060,9,441,-432
112900061,54,194,-140
112900062,48,174,-126
112900063,116,10,106
112900064,162,335,-173
112900065,34,12,22
112900066,132,96,36
112900067,634,222,412
112900068,33,34,-1
112900069,3281,546,2735
112900071,16,5,11
112900072,474,1119,-645
112900073,194,48,146
112900074,52,159,-107
112900075,2814,565,2249
112900076,145,9,136
112900078,243,214,29
112900079,155,28,127
112900080,23,1,22
112900081,62,108,-46
112900082,239,24,215
112900083,94,46,48
112900084,153,69,84
112900086,50,0,50
112900087,467,92,375
112900088,69,5,64
112900089,435,23,412
112900090,13,7,6
112900091,150,5,145
112900092,165,254,-89
112900093,771,7,764
112900095,27,2,25
112900096,243,73,170
112900097,47,612,-565
112900098,18,1,17
112900099,401,11,390
112900100,34,3,31
112900101,195,3,192
112900102,33,7,26
112900103,129,5,124
112900104,70,1,69
112900105,6,0,6
112900106,296,76,220
112900107,5,1,4
112900108,8,0,8
112900109,49,0,49
112900110,566,6,560
112900111,436,3,433
112900112,213,2,211
112900113,0,24,-24
112900114,82,26,56
112900115,606,5,601
112900116,46,49,-3
112900117,183,151,32
112900118,45,130,-85
112900119,123,2,121
112900120,949,302,647
112900121,349,192,157
112900122,28,204,-176
112900123,211,23,188
112900124,5,222,-217
112900125,37,367,-330
112900126,171,295,-124
112900127,295,73,222
112900128,573,1024,-451
112900129,8,1304,-1296
112900130,175,79,96
112900131,66,393,-327
112900132,56,550,-494
112900133,26,1218,-1192
112900134,2,391,-389
112900135,47,45,2
112900137,1,1019,-1018
112900138,5,693,-688
112900139,230,1509,-1279
112900141,371,27,344
112900142,62,87,-25
112900143,58,976,-918
112900144,2,501,-499
112900145,73,644,-571
112900146,10,2385,-2375
112900147,12,3621,-3609
112900148,33,0,33
112900149,178,740,-562
112900151,19,67,-48
112900152,5809,998,4811
112900153,2319,1315,1004
112900154,0,182,-182
112900155,101,2,99
112900156,243,2544,-2301
112900157,189,241,-52
112900158,41,14,27
112900159,122,50,72
112900160,53,437,-384
112900161,90,27,63
112900162,30,14,16
112900163,183,28,155
112900164,33,129,-96
112900165,84,77,7
112900166,24,47,-23
112900167,5,33,-28
112900168,3,3,0
112900169,13,15,-2
112900170,52,157,-105
112900172,91,13,78
112900173,245,109,136
112900174,270,27,243
112900175,168,146,22
112900176,6,24,-18
112900177,188,32,156
112900178,669,1433,-764
112900179,40,652,-612
112900180,964,2380,-1416
112900181,337,19,318
112900182,38,1985,-1947
112900183,160,281,-121
112900184,547,348,199
112900185,295,484,-189
112900186,1636,781,855
112900187,94,329,-235
112900188,650,320,330
112900189,1,27,-26
112900190,3,67,-64
112900192,396,307,89
112900193,1000,269,731
112900194,50,231,-181
112900195,429,33,396
112900196,229,696,-467
112900197,209,566,-357
112900199,327,913,-586
112900200,339,358,-19
112900201,56,109,-53
112900202,214,1254,-1040
112900203,110,522,-412
112900204,1079,428,651
112900205,3,9,-6
112900206,20,109,-89
112900207,6,0,6
112900208,67,134,-67
112900209,583,561,22
112900210,0,19,-19
112900211,57,34,23
112900212,0,105,-105
112900213,28,11,17
112900214,47,5,42
112900215,6,290,-284
112900216,31,97,-66
112900217,1,47,-46
112900218,14,69,-55
112900219,27,17,10
112900220,4,0,4
112900221,8,201,-193
112900222,1,25,-24
112900223,516,8,508
112900224,180,1287,-1107
112900225,270,882,-612
112900226,212,291,-79
112900227,286,1981,-1695
112900228,36,34,2
112900229,107,93,14
112900230,9304,3387,5917
112900232,153,153,0
112900233,63,327,-264
112900234,6,189,-183
112900235,91,14,77
112900236,167,14,153
112900237,113,721,-608
112900238,6,68,-62
112900239,758,353,405
112900240,3,271,-268
112900241,13,327,-314
112900242,8,598,-590
112900243,6,439,-433
112900244,1,142,-141
112900245,0,71,-71
112900246,2,46,-44
112900247,130,33,97
112900248,19,0,19
112900249,40,11,29
112900250,31,28,3
112900251,16,9,7
112900252,53,31,22
112900253,23,5,18
112900254,8,9,-1
112900255,0,28,-28
112900256,4,34,-30
112900257,13,32,-19
112900258,8,29,-21
113000001,5110,7349,-2239
113000002,3923,5182,-1259
113000003,2262,2981,-719
113000004,2231,3201,-970
113000005,1496,1483,13
113000006,1131,1914,-783
113000007,1609,1794,-185
113000008,1537,2565,-1028
113000009,880,1152,-272
113000010,1089,2104,-1015
113000011,807,1714,-907
113000012,1107,1013,94
113000013,1121,579,542
113000014,1839,1576,263
113000015,509,230,279
113000016,354,442,-88
113000017,24,322,-298
113000018,341,74,267
113000019,42,267,-225
113000020,169,24,145
113000021,1919,651,1268
113000022,722,1649,-927
113000025,110,395,-285
113000026,288,485,-197
113000027,1620,349,1271
113000028,1311,405,906
113000029,1139,844,295
113000030,672,700,-28
113000031,364,401,-37
113000032,297,423,-126
113000033,356,563,-207
113000034,528,527,1
113000035,29,33,-4
113000036,28,54,-26
113000037,92,32,60
113000038,6,76,-70
113000039,71,812,-741
113000040,83,134,-51
113000042,991,723,268
113000051,823,2797,-1974
113000052,2583,1532,1051
113000053,350,808,-458
113000054,339,1142,-803
113000055,1199,1473,-274
113000056,926,1828,-902
113000058,843,1010,-167
113000059,1376,788,588
113000060,143,757,-614
113000061,975,1105,-130
113000062,1730,349,1381
113000063,84,497,-413
113000064,23,716,-693
113000065,177,1889,-1712
113000066,514,174,340
113000067,1382,1683,-301
113000068,360,3190,-2830
113000069,521,2260,-1739
113000070,1520,1169,351
113000071,335,905,-570
113000072,549,627,-78
113000073,647,1929,-1282
113000074,921,481,440
113000075,2404,710,1694
113000076,1734,2432,-698
113000077,1400,645,755
113000078,967,2439,-1472
113000079,732,875,-143
113000080,776,697,79
113000081,762,939,-177
113000082,1131,832,299
113000083,549,937,-388
113000084,1808,1377,431
113000085,981,875,106
113000086,1108,1841,-733
113000087,1162,921,241
113000088,2510,1582,928
113000089,1052,1616,-564
113000090,266,581,-315
113000091,775,431,344
113000094,999,257,742
113000095,270,1563,-1293
113000096,200,1266,-1066
113000097,1108,355,753
113000098,81,70,11
113000099,974,353,621
113000100,155,602,-447
113000101,452,782,-330
113000102,641,369,272
113000103,3208,712,2496
113000104,487,3845,-3358
113000105,525,739,-214
113000106,327,639,-312
113000107,768,1399,-631
113000108,1160,2191,-1031
113000109,633,5824,-5191
113000110,1781,630,1151
113000111,284,1136,-852
113000112,371,642,-271
113000113,2045,542,1503
113000114,414,1993,-1579
113000116,687,305,382
113000117,947,173,774
113000118,213,408,-195
113000119,311,402,-91
113000120,36,225,-189
113000121,434,920,-486
113000124,305,162,143
113000125,57,675,-618
113000127,4876,691,4185
113000128,462,595,-133
113000129,482,1469,-987
113000133,5874,1721,4153
113000134,9,1480,-1471
113000135,3848,3446,402
113000137,2212,2840,-628
113000139,390,176,214
113000140,143,362,-219
113000141,281,197,84
113000142,527,1145,-618
113000143,215,280,-65
113000144,333,931,-598
113000145,36,227,-191
113000146,135,108,27
113000147,125,181,-56
113000148,121,257,-136
113000149,72,173,-101
113000150,561,574,-13
113000151,69,99,-30
113000152,36,201,-165
113000153,1775,576,1199
113000154,719,1625,-906
113000155,315,495,-180
113000156,122,498,-376
113000157,262,1006,-744
113000158,546,245,301
113000159,627,774,-147
113000160,648,1371,-723
113000161,220,667,-447
113000162,445,454,-9
113000163,81,73,8
113000164,20,99,-79
113000166,121,93,28
113000167,35,261,-226
113000168,61,262,-201
113000169,148,114,34
113000170,120,132,-12
113000171,46,119,-73
113000172,275,111,164
113000173,56,26,30
113000174,125,735,-610
113000175,385,178,207
113000176,455,234,221
113000177,213,661,-448
113000178,167,539,-372
113000179,311,214,97
113000180,674,2118,-1444
113000181,1026,1453,-427
113000182,295,518,-223
113000183,250,684,-434
113000184,23,121,-98
113000189,602,896,-294
113000190,1272,678,594
113000192,3923,1478,2445
113000193,7560,1277,6283
113000194,3020,1336,1684
113000195,3204,696,2508
113000196,177,120,57
113000197,1771,1271,500
113000198,87,412,-325
113000199,801,427,374
113000201,1275,219,1056
113000202,5152,3863,1289
113000203,757,335,422
113000204,2424,1674,750
113000205,37,26,11
113000206,14,47,-33
113000207,57,20,37
113000208,39,41,-2
113000209,16,18,-2
113000210,3,38,-35
113000211,382,302,80
113000212,391,89,302
113000213,39,284,-245
113000214,182,448,-266
113000234,170,1801,-1631
113000410,156,148,8
113000411,2785,5286,-2501
113000412,11925,3226,8699
113000413,4365,3111,1254
113000414,9953,10932,-979
113000415,2738,3495,-757
113000416,11004,4990,6014
113000417,3819,3668,151
113000418,3449,3052,397
113000419,1546,2061,-515
113000420,4065,4847,-782
113000421,4187,6036,-1849
113000422,17567,11160,6407
113000423,2613,4745,-2132
113000424,5234,10800,-5566
113000425,10,113,-103
113000428,68,27,41
113000430,19,72,-53
113000432,1923,171,1752
113000433,218,1356,-1138
113000434,24,440,-416
113000435,18,1412,-1394
113000436,52,2346,-2294
113000437,480,18,462
113000438,156,32,124
113000439,37,319,-282
113000440,92,36,56
113000441,144,447,-303
113000442,169,438,-269
113000443,162,650,-488
113000444,133,589,-456
113000445,83,275,-192
113000446,43,88,-45
113000448,664,194,470
113000449,510,1657,-1147
113000450,1096,5442,-4346
113000451,3338,264,3074
113000452,605,774,-169
113000453,179,422,-243
113000454,2291,61,2230
113000455,75,195,-120
113000456,4296,2422,1874
113000468,4073,312,3761
113000469,504,126,378
113000470,909,155,754
113000471,36,776,-740
113000472,93,398,-305
113000474,412,819,-407
113000475,1704,2547,-843
113000476,972,2162,-1190
113000477,1967,2267,-300
113000478,4213,7497,-3284
113000479,37,386,-349
113000484,0,0,0
113000485,2,0,2
113000486,8,0,8
113000487,0,1,-1
113000488,2,0,2
113000489,2,0,2
113000490,0,0,0
113000491,2,9,-7
113000492,0,0,0
113000493,1,0,1
113000495,277,362,-85
113000496,144,182,-38
113900001,3,398,-395
113900002,4,317,-313
113900003,0,340,-340
113900004,6,95,-89
113900005,4,123,-119
113900006,1,96,-95
113900007,90,1,89
113900008,199,0,199
113900009,741,3,738
113900010,375,2,373
113900011,97,1,96
113900012,26,1,25
113900013,2235,16,2219
113900014,730,1,729
113900015,1,74,-73
113900016,40,2,38
113900017,3,104,-101
113900018,577,144,433
113900019,84,68,16
113900020,86,1,85
113900022,26,0,26
113900023,26,0,26
113900024,54,119,-65
113900025,358,19,339
113900026,50,1,49
113900027,3,140,-137
113900028,21,629,-608
113900029,31,385,-354
113900030,139,0,139
113900031,7,0,7
113900032,13,0,13
113900033,75,94,-19
113900035,62,1,61
113900036,11,174,-163
113900037,89,845,-756
113900038,115,143,-28
113900039,112,12,100
113900040,3,3,0
113900041,0,4,-4
113900042,64,44,20
113900043,224,133,91
113900044,237,122,115
113900045,74,1,73
113900046,199,926,-727
113900047,55,223,-168
113900048,333,80,253
113900049,1091,357,734
113900050,216,564,-348
113900051,255,550,-295
113900052,178,180,-2
113900053,370,259,111
113900054,16,27,-11
113900055,92,732,-640
113900056,68,220,-152
113900057,16,270,-254
113900058,56,286,-230
113900059,299,462,-163
113900060,90,279,-189
113900061,1051,223,828
113900062,149,24,125
113900063,108,248,-140
113900064,41,197,-156
113900065,704,23,681
113900066,283,648,-365
113900067,76,413,-337
113900068,385,392,-7
113900069,81,51,30
113900070,180,480,-300
113900071,80,149,-69
113900072,57,222,-165
113900073,145,461,-316
113900074,23,528,-505
113900075,1113,1061,52
113900076,150,12,138
113900077,54,307,-253
113900078,87,131,-44
113900079,1,80,-79
113900080,413,156,257
113900081,32,277,-245
113900082,97,268,-171
113900083,171,971,-800
113900084,350,118,232
113900085,45,507,-462
113900086,49,25,24
113900087,22,241,-219
113900088,69,76,-7
113900089,389,49,340
113900090,532,337,195
113900091,53,38,15
113900092,83,95,-12
113900093,90,692,-602
113900094,299,587,-288
113900095,130,85,45
113900096,207,104,103
113900097,3,192,-189
113900098,520,76,444
113900099,2,148,-146
113900100,0,6,-6
113900101,32,56,-24
113900102,126,134,-8
113900103,283,234,49
113900104,155,205,-50
113900105,43,596,-553
113900106,0,200,-200
113900107,0,44,-44
113900108,343,217,126
113900109,349,169,180
113900110,39,26,13
113900111,74,99,-25
113900112,116,91,25
113900113,857,550,307
113900114,1,196,-195
113900115,0,195,-195
113900116,81,134,-53
113900117,95,36,59
113900118,231,209,22
113900119,336,523,-187
113900120,79,39,40
113900121,34,122,-88
113900122,403,1744,-1341
113900123,490,256,234
113900124,2,132,-130
113900125,1745,187,1558
113900126,198,63,135
113900127,219,574,-355
113900128,83,83,0
113900129,19,137,-118
113900130,1,17,-16
113900131,148,99,49
113900132,52,60,-8
113900133,15,47,-32
113900135,238,684,-446
113900136,138,91,47
113900137,453,286,167
113900138,72,191,-119
113900139,671,155,516
113900140,441,267,174
113900141,376,771,-395
113900142,80,111,-31
113900143,10,24,-14
113900144,328,190,138
113900145,337,295,42
113900146,103,77,26
113900148,206,334,-128
113900149,170,69,101
113900150,1020,855,165
113900151,262,313,-51
113900152,19,40,-21
113900153,537,679,-142
113900154,3,120,-117
113900155,226,150,76
113900156,307,725,-418
113900157,28,205,-177
113900158,312,247,65
113900159,19,272,-253
113900160,494,985,-491
113900161,65,235,-170
113900162,475,579,-104
113900163,279,378,-99
113900164,329,52,277
113900165,551,566,-15
113900166,193,163,30
113900167,257,33,224
113900168,172,137,35
113900169,261,447,-186
113900171,106,56,50
113900172,10,276,-266
113900173,63,1060,-997
113900174,431,793,-362
113900175,285,109,176
113900176,195,778,-583
113900177,428,234,194
113900178,189,73,116
113900179,27,1043,-1016
113900180,164,140,24
113900181,445,106,339
113900182,452,1157,-705
113900183,38,94,-56
113900184,39,1105,-1066
113900185,213,147,66
113900186,24,60,-36
113900187,28,157,-129
113900188,56,202,-146
113900189,334,83,251
113900190,397,170,227
113900191,137,292,-155
113900192,3,309,-306
113900193,68,380,-312
113900194,3159,1071,2088
113900195,276,542,-266
113900196,5,148,-143
113900197,4,475,-471
113900198,15,146,-131
113900199,236,908,-672
113900200,34,343,-309
113900201,4,422,-418
113900202,55,396,-341
113900203,0,250,-250
113900204,50,847,-797
113900205,7,247,-240
113900206,2,186,-184
113900207,1,66,-65
113900208,0,54,-54
113900209,0,109,-109
113900210,704,664,40
113900211,150,50,100
113900212,138,943,-805
113900214,492,575,-83
113900215,69,164,-95
113900216,59,1726,-1667
113900217,69,458,-389
113900218,160,55,105
113900219,181,739,-558
113900220,139,69,70
113900221,292,158,134
113900222,518,412,106
113900223,140,1490,-1350
113900224,136,104,32
113900225,982,265,717
113900226,315,142,173
113900227,285,225,60
113900228,298,386,-88
113900229,49,523,-474
113900230,5389,2373,3016
113900231,168,329,-161
113900232,76,115,-39
113900233,54,65,-11
113900234,249,460,-211
113900235,60,54,6
113900236,83,663,-580
113900237,120,3,117
113900238,220,521,-301
113900239,106,103,3
113900240,5,128,-123
113900241,85,85,0
113900242,40,222,-182
113900243,178,472,-294
113900244,586,253,333
113900245,1553,303,1250
113900246,28,11,17
113900247,198,328,-130
113900248,4261,1797,2464
113900249,1917,379,1538
113900250,79,172,-93
113900251,525,321,204
113900252,383,10,373
113900253,643,37,606
113900254,660,142,518
113900255,363,24,339
113900256,379,37,342
113900257,46,1291,-1245
113900258,18,861,-843
113900259,423,321,102
113900260,136,44,92
113900261,16,170,-154
113900262,131,1078,-947
113900263,243,738,-495
113900264,18,875,-857
113900265,170,265,-95
113900266,27,425,-398
113900267,170,601,-431
113900268,264,364,-100
113900269,89,128,-39
113900270,396,443,-47
113900271,481,1651,-1170
113900273,51,1,50
113900274,34,11,23
113900275,22,66,-44
113900276,1,363,-362
113900277,66,4,62
113900278,258,224,34
113900279,131,114,17
113900280,1299,624,675
113900281,479,1225,-746
113900282,1168,597,571
113900283,331,517,-186
113900284,698,247,451
113900285,162,36,126
113900286,7,142,-135
113900287,26,133,-107
113900288,2,87,-85
113900289,1686,125,1561
113900290,485,171,314
113900291,133,188,-55
113900292,11,10,1
113900293,12,311,-299
113900294,367,29,338
113900295,435,400,35
113900296,3210,404,2806
113900297,1045,40,1005
113900298,14,2195,-2181
113900299,39,286,-247
113900300,7796,2886,4910
113900301,1224,485,739
113900302,3246,759,2487
113900303,769,330,439
113900304,2,209,-207
113900305,64,0,64
113900306,42,0,42
113900307,47,0,47
113900308,82,117,-35
113900309,7,1552,-1545
113900310,1,18,-17
113900311,7,0,7
113900312,184,186,-2
113900313,18,29,-11
113900314,0,57,-57
113900315,56,2,54
114000001,1210,5371,-4161
114000002,189,801,-612
114000003,181,1863,-1682
114000004,329,583,-254
114000005,154,308,-154
114000006,2902,3046,-144
114000007,544,1817,-1273
114000008,1432,1402,30
114000009,452,254,198
114000011,2569,5195,-2626
114000012,1663,4243,-2580
114000013,1284,3305,-2021
114000014,494,1055,-561
114000015,1204,878,326
114000016,200,618,-418
114000017,110,225,-115
114000018,900,75,825
114000026,1024,2489,-1465
114000027,1967,2930,-963
114000028,2176,2722,-546
114000038,203,170,33
114000039,204,458,-254
114000040,67,193,-126
114000042,142,267,-125
114000043,287,318,-31
114000044,232,261,-29
114000045,66,138,-72
114000046,2555,6748,-4193
114000047,18,91,-73
114000048,213,211,2
114000049,1387,1686,-299
114000050,1671,1863,-192
114000051,3372,2050,1322
114000052,2851,1145,1706
114000053,49,688,-639
114000054,151,2353,-2202
114000055,206,27,179
114000056,1073,685,388
114000057,14188,2793,11395
114000058,597,1147,-550
114000059,425,298,127
114000060,490,878,-388
114000061,4133,2170,1963
114000062,2457,1148,1309
114000063,3438,1848,1590
114000064,8100,3561,4539
114000065,2257,2959,-702
114000066,419,861,-442
114000067,18,449,-431
114000068,419,624,-205
114000069,741,523,218
114000070,2221,1719,502
114000071,567,725,-158
114000072,278,742,-464
114000073,21,178,-157
114000074,36,13,23
114000075,55,308,-253
114000076,13,318,-305
114000077,9,107,-98
114000078,166,1310,-1144
114000079,91,40,51
114000080,91,101,-10
114000081,39,115,-76
114000082,82,970,-888
114000083,62,399,-337
114000084,212,99,113
114000085,137,1160,-1023
114000086,208,938,-730
114000087,52,362,-310
114000088,56,87,-31
114000089,2684,598,2086
114000090,483,594,-111
114000091,1391,646,745
114000092,816,303,513
114000093,863,756,107
114000094,358,517,-159
114000095,106,108,-2
114000096,100,694,-594
114000097,160,1125,-965
114000098,291,55,236
114000099,350,1647,-1297
114000100,732,1074,-342
114000101,346,1430,-1084
114000102,321,411,-90
114000103,103,799,-696
114000104,9,614,-605
114000105,47,33,14
114000106,1751,567,1184
114000107,225,149,76
114000108,7044,2024,5020
114000109,440,1019,-579
114000110,538,2865,-2327
114000111,974,643,331
114000112,475,4818,-4343
114000113,1008,503,505
114000114,1350,3408,-2058
114000115,1693,956,737
114000116,549,1067,-518
114000117,1791,367,1424
114000118,1783,472,1311
114000119,1060,473,587
114000120,644,1530,-886
114000121,478,880,-402
114000122,393,340,53
114000123,1065,370,695
114000124,715,370,345
114000125,988,2841,-1853
114000126,1034,236,798
114000127,125,206,-81
114000128,794,940,-146
114000130,494,658,-164
114000131,157,66,91
114000132,639,971,-332
114000133,1073,1976,-903
114000134,42,246,-204
114000138,43,227,-184
114000139,282,191,91
114000144,608,475,133
114000145,71,186,-115
114000146,113,426,-313
114000147,1027,1396,-369
114000148,3442,1725,1717
114000149,291,274,17
114000150,2167,1254,913
114000151,3156,1491,1665
114000152,94,30,64
114000153,1401,2129,-728
114000154,971,1024,-53
114000155,1269,2276,-1007
114000156,941,497,444
114000157,355,1073,-718
114000158,3185,825,2360
114000159,235,492,-257
114000160,131,310,-179
114000161,1636,2122,-486
114000162,786,1434,-648
114000163,17,170,-153
114000165,248,203,45
114000166,754,338,416
114000167,6508,1554,4954
114000168,766,734,32
114000169,1941,787,1154
114000170,963,961,2
114000171,887,2134,-1247
114000174,223,627,-404
114000176,864,456,408
114000177,3510,878,2632
114000178,53,72,-19
114000179,1336,909,427
114000180,635,725,-90
114000181,1651,2916,-1265
114000182,8747,2997,5750
114000183,1011,1328,-317
114000184,10564,1892,8672
114000185,878,1038,-160
114000189,388,118,270
114000190,1567,195,1372
114000191,18,54,-36
114000192,397,2936,-2539
114000193,1126,5448,-4322
114000194,1259,1947,-688
114000195,93,14,79
114000196,2,630,-628
114000197,846,205,641
114000198,1829,516,1313
114000199,2646,1466,1180
114000200,585,3501,-2916
114000201,135,1797,-1662
114000202,839,1341,-502
114000203,537,1773,-1236
114000204,153,759,-606
114000205,250,2700,-2450
114000206,515,1696,-1181
114000207,916,3565,-2649
114000208,481,5284,-4803
114000209,768,5724,-4956
114000210,400,2674,-2274
114000211,1107,2302,-1195
114000212,524,1060,-536
114000213,1159,912,247
114000214,89,276,-187
114000215,151,113,38
114000216,1097,493,604
114000217,183,517,-334
114000218,113,452,-339
114000219,842,343,499
114000220,23,2900,-2877
114000221,600,164,436
114000222,288,2255,-1967
114000223,390,94,296
114000224,140,1294,-1154
114000225,169,801,-632
114000226,81,306,-225
114000227,781,683,98
114000228,693,1628,-935
114000229,975,1774,-799
114000230,1598,2324,-726
114000231,891,1763,-872
114000232,493,157,336
114000233,1586,153,1433
114000234,1073,1621,-548
114000235,1034,2377,-1343
114000236,0,700,-700
114000237,113,1732,-1619
114000238,62,319,-257
114000239,158,2261,-2103
114000240,723,853,-130
114000241,278,1705,-1427
114000242,1089,1648,-559
114000243,1192,1086,106
114000244,684,480,204
114000245,381,724,-343
114000246,217,77,140
114000247,651,960,-309
114000248,709,788,-79
114000249,490,811,-321
114000250,358,961,-603
114000251,253,621,-368
114000252,105,169,-64
114000253,33,435,-402
114000254,36,146,-110
114000255,1043,221,822
114000256,2166,1176,990
114000257,1104,2731,-1627
114000258,160,649,-489
114000259,70,521,-451
114000260,0,27,-27
114000261,37,32,5
114000262,76,185,-109
114000263,12,2,10
114000264,659,884,-225
114000265,0,1,-1
114000267,5,2091,-2086
114000268,4,2805,-2801
114000270,130,53,77
114000271,593,116,477
114000283,660,578,82
114000285,69,488,-419
114000288,43,696,-653
114000289,919,311,608
114000293,118,596,-478
114000294,139,314,-175
114000395,1406,82,1324
114000396,319,473,-154
114000402,336,519,-183
114000403,276,1067,-791
114000405,75,868,-793
114000423,225,717,-492
114000424,126,298,-172
114000425,387,869,-482
114000426,282,814,-532
114000427,56,173,-117
114000428,328,142,186
114000429,17,286,-269
114000432,121,310,-189
114000434,32,125,-93
114000435,3,193,-190
114900001,433,2464,-2031
114900002,329,100,229
114900003,317,3262,-2945
114900004,203,222,-19
114900005,422,1257,-835
114900006,43,31,12
114900007,127,24,103
114900008,76,88,-12
114900010,2806,1872,934
114900011,124,121,3
114900013,155,118,37
114900018,1215,111,1104
114900020,189,65,124
114900022,12,1907,-1895
114900025,230,421,-191
114900026,76,104,-28
114900029,116,37,79
114900030,224,367,-143
114900031,192,47,145
114900032,202,57,145
114900034,51,278,-227
114900035,137,345,-208
114900036,261,1562,-1301
114900039,399,906,-507
114900040,63,451,-388
114900041,463,804,-341
114900042,641,980,-339
114900044,134,30,104
114900047,280,1414,-1134
114900048,96,616,-520
114900049,41,651,-610
114900050,23,1105,-1082
114900051,16,776,-760
114900052,62,259,-197
114900053,69,407,-338
114900054,45,164,-119
114900057,176,7,169
114900058,0,78,-78
114900059,57,50,7
114900063,68,313,-245
114900064,806,679,127
114900065,274,719,-445
114900067,39,397,-358
114900068,92,702,-610
114900069,261,235,26
114900070,338,1157,-819
114900072,13,381,-368
114900073,4,239,-235
114900074,351,1713,-1362
114900075,117,3,114
114900076,4,379,-375
114900080,5047,515,4532
114900082,4821,1714,3107
114900083,1072,1031,41
114900090,228,265,-37
114900091,197,215,-18
114900097,97,1,96
114900098,5,397,-392
114900099,141,4,137
115000001,13135,7866,5269
115000002,3410,3403,7
115000003,4887,5992,-1105
115000004,2756,4845,-2089
115000005,1713,4124,-2411
115000006,690,1670,-980
115000007,102,189,-87
115000008,573,703,-130
115000009,175,679,-504
115000010,302,181,121
115000013,82,226,-144
115000015,77,375,-298
115000016,62,226,-164
115000019,32,384,-352
115000020,260,507,-247
115000021,294,476,-182
115000022,494,364,130
115000023,294,465,-171
115000024,1332,543,789
115000025,794,597,197
115000026,161,423,-262
115000027,207,279,-72
115000028,143,873,-730
115000029,362,185,177
115000030,496,1099,-603
115000031,949,254,695
115000032,12,386,-374
115000033,165,30,135
115000034,184,1203,-1019
115000035,1017,70,947
115000036,4,489,-485
115000037,407,4,403
115000038,39,227,-188
115000039,4208,2618,1590
115000040,8522,5391,3131
115000041,1203,2972,-1769
115000042,687,919,-232
115000043,3051,3523,-472
115000044,3081,6523,-3442
115000045,2421,3809,-1388
115000046,1673,3710,-2037
115000047,1631,2891,-1260
115000048,1467,3848,-2381
115000049,1674,3970,-2296
115000050,3349,2660,689
115000051,2629,2327,302
115000052,4728,2555,2173
115000053,1485,1774,-289
115000054,922,1981,-1059
115000055,153,513,-360
115000056,219,253,-34
115000057,390,598,-208
115000058,98,90,8
115000059,130,154,-24
115000061,154,115,39
115000062,233,393,-160
115000063,208,506,-298
115000064,213,198,15
115000065,37,379,-342
115000067,271,41,230
115000069,83,381,-298
115000070,44,846,-802
115000071,111,14,97
115000072,10,73,-63
115000073,1613,52,1561
115000075,96,73,23
115000076,5035,4807,228
115000077,1409,5226,-3817
115000078,876,2844,-1968
115000079,1004,3576,-2572
115000080,1885,4039,-2154
115000081,447,1061,-614
115000082,3024,3995,-971
115000083,2223,4538,-2315
115000084,1417,1817,-400
115000085,589,1269,-680
115000086,852,1528,-676
115000087,612,1866,-1254
115000088,2174,842,1332
115000089,1841,1752,89
115000090,1017,1179,-162
115000091,621,1669,-1048
115000092,345,426,-81
115000093,468,3,465
115000094,13205,6226,6979
115000095,9423,5264,4159
115000096,664,3341,-2677
115000097,627,948,-321
115000098,729,962,-233
115000099,1918,6235,-4317
115000100,738,810,-72
115000101,406,1967,-1561
115000102,358,247,111
115000103,433,1361,-928
115000105,72,354,-282
115000106,344,314,30
115000107,154,761,-607
115000108,5468,3313,2155
115000109,8171,3337,4834
115000110,1324,1041,283
115000111,761,1776,-1015
115000112,537,568,-31
115000113,695,782,-87
115000114,1564,780,784
115000116,4474,1882,2592
115000117,5387,2185,3202
115000118,1712,1855,-143
115000119,1912,2047,-135
115000120,596,1140,-544
115000121,1435,979,456
115000122,3401,1606,1795
115000123,1760,1776,-16
115000124,759,1081,-322
115000125,361,623,-262
115000126,158,242,-84
115000127,405,166,239
115000128,1648,885,763
115000129,366,278,88
115000130,344,1364,-1020
115000131,578,300,278
115000132,154,999,-845
115000133,437,477,-40
115000134,146,331,-185
115000135,202,353,-151
115000136,154,243,-89
115000137,119,288,-169
115000138,245,263,-18
115000139,293,310,-17
115000140,234,244,-10
115000141,151,410,-259
115000142,132,452,-320
115000143,447,597,-150
115000144,405,109,296
115000145,186,589,-403
115000146,302,334,-32
115000147,469,660,-191
115000148,301,2305,-2004
115000149,467,259,208
115000150,734,1958,-1224
115000151,732,568,164
115000152,598,2708,-2110
115000153,864,585,279
115000154,485,354,131
115000155,653,1709,-1056
115000156,1459,662,797
115000157,1010,1224,-214
115000158,620,409,211
115000159,1074,429,645
115000160,778,314,464
115000161,198,761,-563
115000162,773,524,249
115000163,982,827,155
115000164,717,728,-11
115000165,363,369,-6
115000167,159,122,37
115000168,611,264,347
115000169,738,343,395
115000170,171,157,14
115000171,293,169,124
115000172,2871,657,2214
115000173,356,312,44
115000174,139,297,-158
115000175,142,100,42
115000176,124,48,76
115000177,119,41,78
115000178,18,330,-312
115000179,19,12,7
115000180,113,943,-830
115000181,351,167,184
115000182,472,612,-140
115000183,167,1530,-1363
115000186,638,288,350
115000187,142,995,-853
115000188,421,705,-284
115000189,206,484,-278
115000190,1055,563,492
115000191,277,468,-191
115000194,159,189,-30
115000195,287,333,-46
115000196,85,180,-95
115000197,174,570,-396
115000198,153,372,-219
115000199,199,508,-309
115000200,279,207,72
115000201,154,587,-433
115000206,239,107,132
115000207,68,414,-346
115000208,873,979,-106
115000209,397,212,185
115000210,93,121,-28
115000211,220,270,-50
115000212,1947,284,1663
115000224,302,107,195
115000225,37,81,-44
115000229,295,174,121
115000230,143,748,-605
115000231,366,3941,-3575
115000232,1128,476,652
115000233,125,270,-145
115000234,20,361,-341
115000241,55,457,-402
115000242,92,416,-324
115000243,21,382,-361
115000244,5,127,-122
115000246,62,15,47
115000247,27,27,0
115000248,27,20,7
115000249,56,29,27
115000250,246,52,194
115000251,211,201,10
115000252,85,224,-139
115000253,10,315,-305
115000258,230,309,-79
115000259,407,210,197
115000261,14,40,-26
115000262,15,35,-20
115000263,10,68,-58
115000264,24,80,-56
115000267,72,103,-31
115000268,29,157,-128
115000269,120,97,23
115000270,20,52,-32
115000272,55,226,-171
115000273,300,26,274
115000280,2741,142,2599
115000281,545,326,219
115000282,1082,430,652
115000284,270,120,150
115000296,896,10,886
115000297,197,68,129
115000298,69,227,-158
115000300,117,224,-107
115000302,321,280,41
115000303,533,217,316
115000304,414,136,278
115000305,62,1705,-1643
115000306,129,1038,-909
115000307,80,455,-375
115000308,141,26,115
115000309,20,30,-10
115000310,836,1450,-614
115000311,615,2244,-1629
115000313,153,1103,-950
115000314,360,100,260
115000315,1482,665,817
115000316,53,76,-23
115000317,113,874,-761
115000318,503,284,219
115000319,41,407,-366
115000320,12,214,-202
115000321,452,11,441
115000322,45,360,-315
115000449,420,155,265
115000557,3,899,-896
115000558,350,90,260
115000587,379,466,-87
115000588,2688,5656,-2968
115000589,2952,3886,-934
115000590,724,2441,-1717
115000591,1039,945,94
115000592,565,2230,-1665
115000593,1238,843,395
115000594,914,2229,-1315
115000609,152,275,-123
115000617,2349,2290,59
115000624,150,150,0
115000633,405,1735,-1330
115000634,2727,813,1914
115000635,413,120,293
115000638,2187,924,1263
115000641,68,130,-62
115000642,358,282,76
115000643,67,643,-576
115000644,168,478,-310
115000646,807,1214,-407
115000647,164,583,-419
115000648,1299,2315,-1016
115000893,3925,1563,2362
115000894,100,1327,-1227
115000895,501,979,-478
115000896,1719,449,1270
115000897,483,128,355
115000898,614,283,331
115000899,1230,1526,-296
115000900,135,564,-429
115000901,83,172,-89
115000912,234,112,122
115000913,1,49,-48
115000915,46,0,46
115000916,7,0,7
115000917,0,4,-4
115000918,114,253,-139
115000919,18,6,12
115000920,39,65,-26
115000921,1832,113,1719
115000922,1853,768,1085
115000923,642,1184,-542
115000925,88,116,-28
115000927,40,58,-18
115000933,491,206,285
115000934,129,287,-158
115000935,65,162,-97
115000936,73,456,-383
115000937,1769,154,1615
115000938,234,264,-30
115000939,311,256,55
115000940,6,12,-6
115000941,6,26,-20
115000942,127,89,38
115000943,92,15,77
115000944,22,10,12
115900001,56,173,-117
115900002,105,258,-153
115900003,119,195,-76
115900004,2,101,-99
115900005,100,2,98
115900006,81,780,-699
115900008,58,19,39
115900009,69,577,-508
115900010,163,269,-106
115900011,252,358,-106
115900012,104,172,-68
115900013,274,168,106
115900014,126,252,-126
115900015,77,224,-147
115900016,57,32,25
115900017,4,0,4
115900018,179,149,30
115900019,229,28,201
115900020,30,0,30
115900021,1821,169,1652
115900022,4229,17,4212
115900023,23,2,21
115900025,71,256,-185
115900026,838,518,320
115900027,1,569,-568
115900028,713,95,618
115900029,12,854,-842
115900030,26,46,-20
115900031,350,252,98
115900032,287,1145,-858
115900033,1,58,-57
115900034,40,751,-711
115900035,27,35,-8
115900036,599,525,74
115900037,44,621,-577
115900038,25,5,20
115900039,173,602,-429
115900041,553,472,81
115900042,9,14,-5
115900043,77,250,-173
115900044,499,179,320
115900046,175,355,-180
115900047,130,114,16
115900049,144,388,-244
115900051,1,75,-74
115900052,10,375,-365
115900053,115,463,-348
115900054,123,65,58
115900055,17,185,-168
115900056,111,570,-459
115900057,38,8,30
115900058,30,71,-41
115900060,29,160,-131
115900061,105,2,103
115900062,24,422,-398
115900063,49,17,32
115900064,124,291,-167
115900065,89,173,-84
115900066,274,284,-10
115900067,6,1478,-1472
115900068,4755,430,4325
115900069,48,238,-190
115900070,147,369,-222
115900071,1,988,-987
115900072,82,312,-230
115900073,61,48,13
115900074,1,537,-536
115900075,18,401,-383
115900076,3,97,-94
115900077,4,560,-556
115900078,39,169,-130
115900079,177,31,146
115900080,758,431,327
115900081,22,133,-111
115900082,214,176,38
115900084,202,25,177
115900085,63,86,-23
115900086,2138,576,1562
115900088,23,44,-21
115900089,200,956,-756
115900090,208,28,180
115900091,4,39,-35
115900092,46,306,-260
115900093,9,32,-23
115900094,6,659,-653
115900096,2,32,-30
115900097,4,809,-805
115900098,127,821,-694
115900099,60,141,-81
115900100,5,896,-891
115900101,136,722,-586
115900102,57,130,-73
115900103,258,479,-221
115900104,34,267,-233
115900105,96,1071,-975
115900106,35,46,-11
115900107,63,254,-191
115900108,45,54,-9
115900109,47,553,-506
115900110,0,26,-26
115900111,1,61,-60
115900112,30,1494,-1464
115900113,18,39,-21
115900114,2,227,-225
115900115,34,183,-149
115900116,50,1518,-1468
115900117,29,26,3
115900118,7,516,-509
115900119,146,111,35
115900120,15,586,-571
115900121,96,344,-248
115900124,169,412,-243
115900125,223,32,191
115900126,381,59,322
115900127,472,61,411
115900128,6,95,-89
115900129,611,28,583
115900130,31,203,-172
115900131,125,34,91
115900132,347,10,337
115900134,247,10,237
115900135,607,731,-124
115900137,31,5,26
115900139,53,31,22
115900140,141,18,123
115900141,3,52,-49
115900142,13,11,2
115900143,163,424,-261
115900144,66,281,-215
115900146,4,244,-240
115900147,301,196,105
115900148,9,8,1
115900149,49,33,16
115900150,64,118,-54
115900151,7,99,-92
115900152,105,642,-537
115900153,82,417,-335
115900154,1133,329,804
115900155,0,137,-137
115900156,509,750,-241
115900157,125,553,-428
115900158,65,22,43
115900159,95,426,-331
115900160,6,3,3
115900161,42,284,-242
115900163,110,204,-94
115900164,328,108,220
115900166,151,378,-227
115900168,62,207,-145
115900171,68,652,-584
115900172,51,182,-131
115900173,180,159,21
115900174,491,225,266
115900175,78,220,-142
115900178,12,1246,-1234
115900179,136,7,129
115900180,62,603,-541
115900181,97,400,-303
115900182,304,447,-143
115900183,53,23,30
115900184,1553,11,1542
115900187,15,128,-113
115900189,1,170,-169
115900190,383,1044,-661
115900191,89,685,-596
115900192,13,111,-98
115900193,78,121,-43
115900194,389,50,339
115900195,716,1054,-338
115900198,223,347,-124
115900199,186,433,-247
115900200,276,502,-226
115900201,294,320,-26
115900202,3,19,-16
115900203,2,6,-4
115900204,0,3,-3
115900205,38,12,26
115900206,118,194,-76
115900207,22,38,-16
115900208,134,610,-476
115900209,7,257,-250
115900210,3,151,-148
115900211,6,301,-295
115900212,114,324,-210
115900213,77,52,25
115900214,226,336,-110
115900215,29,85,-56
115900216,6,103,-97
115900217,1,154,-153
115900218,1,56,-55
115900219,54,2,52
115900220,71,7,64
115900221,49,9,40
115900222,38,18,20
115900223,6,152,-146
115900224,2446,519,1927
115900225,95,41,54
115900226,18,83,-65
115900227,7,59,-52
115900228,7,76,-69
115900229,11,78,-67
115900230,61,157,-96
115900231,83,2,81
115900232,34,2,32
115900233,70,8,62
115900234,43,30,13
115900235,18,24,-6
115900236,12,9,3
115900237,24,59,-35
115900238,20,23,-3
115900239,11,59,-48
115900240,4,73,-69
115900241,139,104,35
115900242,349,307,42
115900243,15,10,5
115900244,1,18,-17
115900245,56,40,16
115900246,8,13,-5
115900247,17,19,-2
115900248,5,3,2
115900249,1,11,-10
115900250,4,19,-15
115900251,0,5,-5
115900252,2,1,1
115900253,3,8,-5
115900254,13,24,-11
115900255,3,16,-13
115900256,16,6,10
115900257,1,1,0
115900258,0,1,-1
115900259,2,0,2
115900260,6,6,0
115900261,2,2,0
115900262,0,1,-1
115900263,4,3,1
115900264,0,4,-4
115900265,0,2,-2
115900266,0,1,-1
115900267,7,3,4
115900268,7,8,-1
115900269,303,500,-197
115900270,220,1277,-1057
115900271,40,0,40
115900272,45,0,45
115900273,9,7,2
115900274,4,29,-25
115900275,3,72,-69
115900276,1,120,-119
115900277,1,258,-257
115900278,15,160,-145
115900279,13,205,-192
115900280,13,269,-256
115900281,802,195,607
115900282,19,11,8
115900283,6,14,-8
115900284,7,13,-6
116000001,20194,7044,13150
116000002,4318,7253,-2935
116000003,1596,2913,-1317
116000004,2936,2276,660
116000005,3343,4686,-1343
116000006,2408,1400,1008
116000007,3785,5996,-2211
116000008,2063,1808,255
116000009,2118,3520,-1402
116000010,1746,1148,598
116000011,1001,2507,-1506
116000012,700,821,-121
116000013,24136,5528,18608
116000014,27082,11537,15545
116000015,636,955,-319
116000016,10513,2774,7739
116000017,31,666,-635
116000018,887,612,275
116000019,497,339,158
116000020,470,1725,-1255
116000021,428,402,26
116000022,255,813,-558
116000023,855,737,118
116000024,643,1902,-1259
116000025,737,689,48
116000026,1728,2448,-720
116000027,446,633,-187
116000028,484,705,-221
116000029,921,557,364
116000030,625,495,130
116000031,101,206,-105
116000032,431,244,187
116000033,310,705,-395
116000034,644,1143,-499
116000035,438,641,-203
116000036,2635,692,1943
116000037,1006,718,288
116000038,887,521,366
116000039,903,305,598
116000040,1905,217,1688
116000041,369,549,-180
116000042,492,204,288
116000043,62,625,-563
116000044,24,304,-280
116000045,1873,1302,571
116000046,1398,1237,161
116000047,2259,2018,241
116000048,2249,1907,342
116000049,1017,2306,-1289
116000050,1264,1343,-79
116000051,3962,2066,1896
116000052,3666,4023,-357
116000053,1585,1213,372
116000054,682,2396,-1714
116000055,561,1557,-996
116000056,766,1398,-632
116000057,2972,2366,606
116000058,3010,1854,1156
116000059,2615,4633,-2018
116000060,2864,924,1940
116000061,793,852,-59
116000062,983,323,660
116000063,682,1318,-636
116000066,225,535,-310
116000067,224,984,-760
116000068,282,309,-27
116000069,295,518,-223
116000078,290,1147,-857
116000080,1284,1070,214
116000082,6,159,-153
116000083,1071,420,651
116000084,2860,5109,-2249
116000085,1732,1397,335
116000086,4027,2035,1992
116000087,1178,1514,-336
116000088,885,1496,-611
116000089,183,172,11
116000090,189,191,-2
116000091,162,154,8
116000093,491,1425,-934
116000094,373,979,-606
116000095,545,1342,-797
116000096,637,1257,-620
116000097,492,1266,-774
116000098,539,4317,-3778
116000099,16128,574,15554
116000100,96,9,87
116000101,475,2719,-2244
116000102,231,2156,-1925
116000103,389,288,101
116000104,168,2729,-2561
116000105,782,224,558
116000106,432,2166,-1734
116000107,1501,663,838
116000108,76,263,-187
116000111,106,31,75
116000113,58,89,-31
116000114,22,183,-161
116000115,157,142,15
116000116,226,642,-416
116000117,1190,3186,-1996
116000118,1210,2217,-1007
116000119,1978,2523,-545
116000120,2879,6168,-3289
116000121,556,645,-89
116000122,1572,3678,-2106
116000123,458,688,-230
116000124,348,1551,-1203
116000125,1902,855,1047
116000126,215,1894,-1679
116000127,1226,2356,-1130
116000128,1243,943,300
116000129,733,209,524
116000130,367,347,20
116000133,395,1509,-1114
116000134,1491,4718,-3227
116000135,1296,1682,-386
116000136,972,3849,-2877
116000137,722,758,-36
116000138,1052,489,563
116000139,1643,2675,-1032
116000140,165,382,-217
116000141,563,1807,-1244
116000142,4998,5369,-371
116000143,1973,1908,65
116000144,1194,4053,-2859
116000145,1525,2056,-531
116000146,248,671,-423
116000147,378,175,203
116000148,438,487,-49
116000149,397,617,-220
116000151,673,1706,-1033
116000153,95,873,-778
116000155,377,347,30
116000156,457,1732,-1275
116000157,44,39,5
116000158,468,366,102
116000159,25,13,12
116000160,16,185,-169
116000161,8,143,-135
116000162,76,77,-1
116000163,34,19,15
116000164,6,19,-13
116000177,89,164,-75
116000194,93,406,-313
116000195,2252,873,1379
116000196,8,2,6
116000197,4,8,-4
116000198,2571,1097,1474
116000200,969,248,721
116000201,688,831,-143
116000202,13,494,-481
116000203,7,121,-114
116000204,21,79,-58
116000205,0,187,-187
116000206,2,147,-145
116000207,2,49,-47
116000233,170,1459,-1289
116000287,103,883,-780
116000288,119,388,-269
116000292,35,257,-222
116000296,32,388,-356
116000297,73,17,56
116000304,43,43,0
116000305,35,153,-118
116000346,176,234,-58
116000352,67,55,12
116000354,38,19,19
116000357,11,11,0
116000358,160,51,109
116000361,1259,3,1256
116000372,15231,3512,11719
116000381,81,3,78
116000388,0,30,-30
116000389,548,766,-218
116000445,266,947,-681
116000446,360,2079,-1719
116000447,11,511,-500
116000448,739,501,238
116000563,899,751,148
116000565,142,530,-388
116000568,51,229,-178
116000579,23,159,-136
116000583,86,161,-75
116000584,22,12,10
116000585,19,18,1
116000586,236,136,100
116000587,437,796,-359
116000589,64,102,-38
116000590,55,73,-18
116000591,116,484,-368
116000592,9,159,-150
116000593,0,160,-160
116000594,343,662,-319
116000595,470,183,287
116000596,82,7,75
116000597,226,72,154
116000598,11,256,-245
116000605,340,254,86
116000606,70,209,-139
116000607,3,105,-102
116000609,249,855,-606
116000611,130,791,-661
116000612,618,2157,-1539
116000613,357,500,-143
116000614,526,1286,-760
116000615,0,158,-158
116000616,37,170,-133
116000617,61,151,-90
116000618,1,315,-314
116000619,12,37,-25
116000620,35,59,-24
116000621,26,102,-76
116000622,52,163,-111
116000624,103,111,-8
116000627,72,388,-316
116000628,98,2505,-2407
116000629,47,1271,-1224
116000630,206,83,123
116000631,114,129,-15
116000632,375,423,-48
116000633,113,896,-783
116000634,215,384,-169
116000635,4077,1870,2207
116000636,2521,1184,1337
116000637,282,148,134
116000638,129,1045,-916
116000639,30,0,30
116000640,11,7,4
116000641,81,255,-174
116000643,2,317,-315
116000644,23,1692,-1669
116000645,5,96,-91
116900001,248,190,58
116900002,378,5,373
116900003,16,153,-137
116900004,33,79,-46
116900005,170,59,111
116900006,325,189,136
116900007,144,260,-116
116900008,212,772,-560
116900009,10,3,7
116900010,2,2618,-2616
116900011,7,48,-41
116900012,128,254,-126
116900013,4,243,-239
116900014,80,491,-411
116900016,105,0,105
116900017,1,1161,-1160
116900018,50,42,8
116900019,4,679,-675
116900020,2587,477,2110
116900023,42,16,26
116900025,503,1475,-972
116900026,238,1259,-1021
116900027,21,72,-51
116900028,5,234,-229
116900029,1,31,-30
116900031,2,22,-20
116900032,6,661,-655
116900033,5,17,-12
116900034,7,103,-96
116900035,132,406,-274
116900036,1,130,-129
116900038,13,2,11
116900041,23,30,-7
116900042,1419,367,1052
116900043,12,152,-140
116900047,199,51,148
116900049,49,440,-391
116900050,93,908,-815
116900051,50,548,-498
116900052,168,97,71
116900055,1,8,-7
116900057,9,491,-482
116900058,24,800,-776
116900059,2,378,-376
116900060,339,362,-23
116900062,1,9,-8
116900064,73,1748,-1675
116900065,21,200,-179
116900067,111,236,-125
116900068,107,351,-244
116900070,1,11,-10
116900072,19,701,-682
116900073,4,404,-400
116900074,11,50,-39
116900076,9,48,-39
116900077,10,398,-388
116900078,310,205,105
116900079,20,752,-732
116900080,3,9,-6
116900081,295,2616,-2321
116900082,163,1029,-866
116900083,66,108,-42
116900084,283,61,222
116900085,11,213,-202
116900086,43,414,-371
116900088,505,98,407
116900090,150,103,47
116900091,134,77,57
116900092,52,1383,-1331
116900093,1747,2832,-1085
116900094,6968,2810,4158
116900095,383,381,2
116900096,101,239,-138
116900097,6921,2320,4601
116900098,935,286,649
116900099,589,626,-37
116900100,704,38,666
116900101,266,779,-513
116900103,2,1,1
116900104,32,118,-86
116900105,255,78,177
116900106,1122,764,358
116900107,6466,1616,4850
116900110,19,1,18
116900111,328,1952,-1624
116900112,128,1972,-1844
116900113,5303,1257,4046
116900116,225,301,-76
116900117,30,145,-115
116900118,1246,801,445
116900120,128,245,-117
116900121,31,92,-61
116900122,411,1248,-837
116900123,116,1410,-1294
116900124,122,1815,-1693
116900125,204,410,-206
116900126,417,857,-440
116900128,1,69,-68
116900129,1,438,-437
116900130,1652,2379,-727
116900131,68,235,-167
116900132,34,83,-49
116900133,123,108,15
116900134,170,239,-69
116900136,107,229,-122
116900137,287,239,48
116900138,79,290,-211
116900139,61,553,-492
116900140,99,212,-113
116900141,501,344,157
116900142,1,80,-79
116900143,218,587,-369
116900144,13,76,-63
116900145,112,511,-399
116900147,835,403,432
116900148,8,36,-28
116900149,22,164,-142
116900150,26,7,19
116900151,70,15,55
116900153,87,72,15
116900154,486,356,130
116900155,106,55,51
116900157,345,548,-203
116900158,209,171,38
116900159,36,310,-274
116900160,625,273,352
116900161,12173,4629,7544
116900162,10,258,-248
116900163,108,268,-160
116900164,64,46,18
116900165,158,140,18
116900166,16,146,-130
116900167,364,90,274
116900168,217,112,105
116900169,1046,290,756
116900170,143,390,-247
116900171,28,357,-329
116900172,355,140,215
116900173,91,58,33
116900174,22,37,-15
116900175,229,117,112
116900178,18,250,-232
116900179,79,142,-63
116900180,79,47,32
116900182,365,204,161
116900183,170,137,33
116900185,5,20,-15
116900186,106,452,-346
116900187,27,23,4
116900188,97,26,71
116900189,35,2,33
116900191,399,487,-88
116900192,136,354,-218
116900194,85,595,-510
116900195,30,27,3
116900196,30,160,-130
116900197,66,4,62
116900198,281,170,111
116900200,39,51,-12
116900201,51,2,49
116900202,121,83,38
116900203,64,2,62
116900204,45,105,-60
116900206,6,73,-67
116900207,30,20,10
116900208,7,207,-200
116900209,15,230,-215
116900210,340,282,58
116900211,320,24,296
116900212,13,157,-144
116900213,162,397,-235
116900214,103,171,-68
116900215,59,135,-76
116900216,311,440,-129
116900218,7,480,-473
116900219,918,346,572
116900220,82,229,-147
116900221,51,282,-231
116900222,432,371,61
116900223,109,210,-101
116900226,25,107,-82
116900227,97,92,5
116900228,200,386,-186
116900230,86,1401,-1315
116900233,409,265,144
116900234,15,4,11
116900235,187,434,-247
116900238,1741,619,1122
116900239,0,642,-642
116900240,10428,3295,7133
116900241,40,245,-205
116900242,2667,317,2350
116900243,0,70,-70
116900245,21,14,7
116900246,51,30,21
116900247,423,20,403
116900248,69,31,38
116900249,204,205,-1
116900250,258,37,221
116900251,674,249,425
116900252,41,1848,-1807
116900254,8,143,-135
116900255,56,38,18
116900256,203,100,103
116900257,15,1090,-1075
116900258,3,441,-438
116900259,75,13,62
116900260,2,170,-168
116900261,23,0,23
116900262,106,190,-84
116900263,1,27,-26
116900264,46,34,12
116900265,35,0,35
116900266,15,135,-120
116900267,2,1,1
116900268,38,4,34
116900269,262,674,-412
116900271,1566,82,1484
116900272,650,934,-284
116900273,612,85,527
116900274,67,164,-97
116900275,107,269,-162
116900276,1413,95,1318
116900277,862,14,848
116900278,1,14,-13
116900279,0,38,-38
116900280,12,56,-44
116900281,11850,2857,8993
116900282,3,343,-340
116900283,16,377,-361
116900284,16,321,-305
116900285,643,377,266
116900286,266,10,256
116900287,4,134,-130
116900288,43,247,-204
116900289,6,70,-64
116900290,2,72,-70
116900291,7,8,-1
116900292,1,17,-16
116900293,29,131,-102
116900294,33,173,-140
116900295,382,50,332
116900296,153,120,33
116900297,11,104,-93
116900298,231,61,170
116900299,122,60,62
116900300,4,162,-158
116900301,111,165,-54
116900302,98,87,11
116900303,791,116,675
116900304,2,178,-176
116900305,37,84,-47
116900306,109,472,-363
116900307,37,1,36
116900308,1,492,-491
116900309,47,224,-177
116900310,5,95,-90
117000001,1832,1656,176
117000002,2719,6522,-3803
117000003,9654,3150,6504
117000004,6098,8780,-2682
117000005,2142,1557,585
117000006,1492,7603,-6111
117000007,3014,1405,1609
117000008,1865,8076,-6211
117000009,4545,2105,2440
117000010,3440,7700,-4260
117000011,1770,2661,-891
117000012,1574,2939,-1365
117000013,1479,1944,-465
117000014,1297,3874,-2577
117000015,4790,1574,3216
117000016,997,77,920
117000017,718,287,431
117000018,225,334,-109
117000019,398,11,387
117000020,1045,1195,-150
117000021,4782,779,4003
117000022,975,84,891
117000023,1375,184,1191
117000024,966,92,874
117000025,2169,560,1609
117000026,6712,967,5745
117000027,2863,2029,834
117000028,4413,1115,3298
117000030,1025,1048,-23
117000031,434,350,84
117000032,2436,1700,736
117000033,1690,1086,604
117000034,430,690,-260
117000035,379,348,31
117000036,639,656,-17
117000037,481,277,204
117000038,473,941,-468
117000039,541,433,108
117000040,168,2234,-2066
117000041,480,169,311
117000044,61,2433,-2372
117000045,470,72,398
117000046,760,1397,-637
117000047,998,574,424
117000048,3330,2928,402
117000049,106,600,-494
117000050,139,4400,-4261
117000051,1996,216,1780
117000052,30,1033,-1003
117000053,281,106,175
117000054,1301,7,1294
117000055,210,5944,-5734
117000056,482,41,441
117000057,870,3473,-2603
117000060,462,2225,-1763
117000061,1722,1246,476
117000062,222,807,-585
117000063,2006,997,1009
117000064,1241,1690,-449
117000066,1281,1145,136
117000067,284,430,-146
117000074,170,284,-114
117000076,149,83,66
117000077,133,146,-13
117000078,209,1152,-943
117000079,332,209,123
117000080,3,599,-596
117000081,928,149,779
117000082,44,88,-44
117000083,153,14,139
117000084,432,4,428
117000085,255,685,-430
117000086,1527,995,532
117000087,128,861,-733
117000088,398,337,61
117000089,1398,414,984
117000090,380,2772,-2392
117000091,525,391,134
117000092,461,2844,-2383
117000093,1026,884,142
117000094,1137,4281,-3144
117000095,2524,1054,1470
117000096,640,4365,-3725
117000097,1157,1512,-355
117000098,3688,8876,-5188
117000099,2673,1157,1516
117000100,250,237,13
117000101,270,2097,-1827
117000102,1512,786,726
117000103,1103,3081,-1978
117000104,1240,681,559
117000105,1193,3107,-1914
117000106,1339,1176,163
117000107,671,3179,-2508
117000108,1658,1202,456
117000109,2663,4126,-1463
117000110,1335,1117,218
117000111,4666,7454,-2788
117000112,2776,2941,-165
117000113,117,569,-452
117000114,192,306,-114
117000115,97,272,-175
117000116,152,369,-217
117000117,2061,557,1504
117000118,568,199,369
117000119,681,119,562
117000120,563,306,257
117000121,182,1165,-983
117000122,800,1358,-558
117000123,2694,37,2657
117000124,1017,65,952
117000125,887,103,784
117000126,114,32,82
117000127,352,473,-121
117000128,707,939,-232
117000129,1403,489,914
117000130,126,1,125
117000131,0,501,-501
117000132,1399,19,1380
117000133,894,69,825
117000134,2,81,-79
117000135,18,17,1
117000136,1,57,-56
117000137,94,75,19
117000138,3,941,-938
117000140,644,2529,-1885
117000141,1935,733,1202
117000181,1619,748,871
117000182,408,271,137
117000195,204,2009,-1805
117000196,108,77,31
117000225,519,14,505
117000226,12,182,-170
117000276,194,13,181
117000277,1,1069,-1068
117000310,3224,4115,-891
117000315,69,1588,-1519
117000320,102,1,101
117000906,188,24,164
117000907,17,853,-836
117000909,89,36,53
117000910,175,202,-27
117000911,149,273,-124
117000915,9,1145,-1136
117000916,15,1,14
117000917,613,19,594
117000918,33,100,-67
117000919,7,269,-262
117000920,11,2555,-2544
117000921,6,3544,-3538
117000922,130,218,-88
117000924,567,844,-277
117000926,1743,121,1622
117000927,1856,549,1307
117000928,0,596,-596
117000929,158,1383,-1225
117000930,178,26,152
117000931,553,204,349
117900002,288,591,-303
117900003,923,554,369
117900005,20,35,-15
117900006,0,45,-45
117900007,158,220,-62
117900008,1,122,-121
117900010,464,176,288
117900011,51,19,32
117900012,126,272,-146
117900013,3,689,-686
117900014,1642,387,1255
117900015,59,460,-401
117900016,2622,549,2073
117900017,1063,1009,54
117900018,455,81,374
117900019,354,1023,-669
117900020,58,357,-299
117900021,47,234,-187
117900023,956,375,581
117900024,116,248,-132
117900025,15,9,6
117900026,291,907,-616
117900028,98,3,95
117900029,191,2180,-1989
117900030,386,214,172
117900031,325,227,98
117900032,612,578,34
117900033,246,1538,-1292
117900034,94,125,-31
117900035,140,59,81
117900036,251,1071,-820
117900037,66,144,-78
117900038,26,644,-618
117900039,9,142,-133
117900040,98,1131,-1033
117900041,7,110,-103
117900042,6689,652,6037
117900043,47,110,-63
117900044,33,5669,-5636
117900045,217,169,48
117900048,168,451,-283
117900049,191,1568,-1377
117900050,15,100,-85
117900051,57,1,56
117900052,52,331,-279
117900053,1115,1003,112
117900054,0,16,-16
117900055,231,391,-160
117900056,421,46,375
117900057,1086,1898,-812
117900058,177,15,162
117900059,705,98,607
117900060,1339,8760,-7421
117900061,23,341,-318
117900063,305,405,-100
117900065,860,1722,-862
117900066,12,62,-50
117900067,371,522,-151
117900069,637,791,-154
117900070,417,7,410
117900071,136,227,-91
117900073,374,764,-390
117900074,340,21,319
117900075,126,124,2
117900076,26,95,-69
117900077,163,126,37
117900078,173,543,-370
117900080,300,65,235
117900081,594,742,-148
117900082,291,352,-61
117900083,270,1319,-1049
117900086,228,67,161
117900087,54,93,-39
117900088,3452,3089,363
117900089,1370,520,850
117900090,677,1696,-1019
117900091,261,236,25
117900092,79,54,25
117900093,46,103,-57
117900094,8,6,2
117900095,567,1265,-698
117900096,74,411,-337
117900097,88,88,0
117900098,26,5,21
117900099,198,688,-490
117900100,140,0,140
117900101,535,1288,-753
117900102,43,70,-27
117900103,17,0,17
117900104,31,217,-186
117900105,152,460,-308
117900106,78,86,-8
117900107,22,0,22
117900109,398,359,39
117900110,34,0,34
117900111,380,19,361
117900112,58,12,46
117900113,7670,2651,5019
117900114,20,0,20
117900115,471,68,403
117900116,1203,1394,-191
117900117,361,486,-125
117900118,15,0,15
117900119,80,453,-373
117900120,87,284,-197
117900121,99,32,67
117900122,1658,1875,-217
117900123,1098,1359,-261
117900124,742,883,-141
117900125,1333,1330,3
117900126,410,996,-586
117900127,560,1310,-750
117900128,275,1674,-1399
117900129,24,0,24
117900130,827,553,274
117900131,2,164,-162
117900132,10,128,-118
117900133,11,202,-191
117900134,26,296,-270
117900135,43,345,-302
117900136,1,86,-85
117900137,21,461,-440
117900138,1,59,-58
117900139,43,239,-196
117900140,8225,448,7777
117900141,437,569,-132
117900142,191,20,171
117900144,234,184,50
117900145,75,14,61
117900146,361,97,264
117900147,116,117,-1
117900148,4241,1110,3131
117900149,45,238,-193
117900150,35,145,-110
117900151,48,246,-198
117900152,134,114,20
117900153,55,157,-102
117900154,561,1261,-700
117900156,1199,1504,-305
117900157,92,724,-632
117900158,111,92,19
117900160,468,426,42
117900161,3025,3809,-784
117900162,352,702,-350
117900163,253,31,222
117900165,1,18,-17
117900166,96,333,-237
117900168,29,213,-184
117900169,0,182,-182
117900170,2,56,-54
117900171,4,46,-42
117900172,15,54,-39
117900173,163,73,90
117900174,23,63,-40
117900175,4,47,-43
117900176,11,68,-57
117900177,11,99,-88
117900178,115,48,67
117900180,416,54,362
117900181,265,372,-107
117900182,3,24,-21
117900183,39,175,-136
117900184,9,61,-52
117900185,18,30,-12
117900186,37,18,19
117900187,15,16,-1
117900188,183,33,150
117900189,80,21,59
117900190,17,2,15
117900191,78,1,77
117900192,159,0,159
117900193,9,48,-39
117900194,15,3,12
117900195,11,21,-10
117900196,18,33,-15
117900207,193,106,87
117900208,15,40,-25
117900209,220,222,-2
117900210,167,251,-84
117900211,6,313,-307
117900212,63,227,-164
117900213,15,13,2
117900214,7,58,-51
117900215,18,89,-71
117900216,48,28,20
117900217,233,142,91
117900218,498,332,166
117900219,7,50,-43
117900220,245,111,134
117900222,188,417,-229
117900223,207,376,-169
118000001,936,734,202
118000002,1292,2386,-1094
118000003,3457,2130,1327
118000004,4110,2409,1701
118000005,5943,4181,1762
118000006,7610,9835,-2225
118000007,8101,2955,5146
118000008,6474,3464,3010
118000009,3260,3128,132
118000010,3111,4588,-1477
118000011,1097,3894,-2797
118000012,1205,4206,-3001
118000013,4626,4450,176
118000014,2154,5295,-3141
118000016,183,628,-445
118000017,276,503,-227
118000018,284,614,-330
118000019,2302,1607,695
118000020,1341,1798,-457
118000021,865,2586,-1721
118000022,1974,855,1119
118000023,1197,419,778
118000024,1490,1030,460
118000027,19102,9732,9370
118000029,1237,759,478
118000032,1615,3533,-1918
118000033,2679,3295,-616
118000034,5359,2376,2983
118000035,1520,2220,-700
118000036,1478,1162,316
118000037,749,1160,-411
118000038,139,196,-57
118000039,81,649,-568
118000040,1530,3277,-1747
118000041,2090,1974,116
118000045,753,118,635
118000046,3091,591,2500
118000047,2944,695,2249
118000048,5042,1397,3645
118000051,2464,1526,938
118000052,1826,980,846
118000053,1105,790,315
118000054,2420,2991,-571
118000055,2123,3343,-1220
118000056,251,470,-219
118000057,278,605,-327
118000058,3979,1546,2433
118000059,3123,877,2246
118000060,915,868,47
118000061,707,2005,-1298
118000062,597,396,201
118000063,405,564,-159
118000064,1195,1522,-327
118000065,5603,2117,3486
118000066,1210,1581,-371
118000067,1271,804,467
118000068,2019,4523,-2504
118000069,4024,1363,2661
118000070,8783,1873,6910
118000071,4243,6907,-2664
118000072,2962,1178,1784
118000073,3046,588,2458
118000074,634,987,-353
118000075,826,358,468
118000076,1787,1548,239
118000077,1451,1472,-21
118000078,2387,1836,551
118000079,334,381,-47
118000080,1356,1262,94
118000081,2388,1078,1310
118000082,401,1008,-607
118000083,2907,1340,1567
118000084,3067,1786,1281
118000086,261,624,-363
118000087,8760,3205,5555
118000088,2067,2356,-289
118000089,5641,2738,2903
118000090,2633,3226,-593
118000091,2413,2636,-223
118000092,1750,613,1137
118000093,175,836,-661
118000096,638,777,-139
118000097,729,814,-85
118000098,285,190,95
118000099,340,1074,-734
118000101,828,484,344
118000102,379,1885,-1506
118000107,5997,580,5417
118000108,904,1909,-1005
118000110,0,37,-37
118000111,7,1293,-1286
118000112,320,2,318
118000113,9,1946,-1937
118000114,242,13,229
118000115,15,15,0
118000116,68,2,66
118000117,1622,1441,181
118000118,1091,712,379
118000119,706,1429,-723
118000120,1783,2091,-308
118000121,155,675,-520
118000122,1691,359,1332
118000123,114,379,-265
118000125,2618,1523,1095
118000126,967,1530,-563
118000127,2870,805,2065
118000128,1002,1538,-536
118000129,1389,450,939
118000130,3505,5142,-1637
118000131,999,1801,-802
118000132,2321,1774,547
118000133,929,609,320
118000135,724,416,308
118000136,137,770,-633
118000137,1108,146,962
118000138,348,1383,-1035
118000139,306,207,99
118000140,2637,4041,-1404
118000141,1636,2541,-905
118000142,1332,2424,-1092
118000143,1625,1388,237
118000144,1799,1139,660
118000145,1356,3149,-1793
118000146,1000,1582,-582
118000147,693,2248,-1555
118000148,411,2175,-1764
118000149,680,1849,-1169
118000150,351,482,-131
118000151,233,593,-360
118000153,959,1575,-616
118000154,971,2459,-1488
118000155,957,1916,-959
118000156,3013,2828,185
118000157,521,670,-149
118000158,193,534,-341
118000159,20,71,-51
118000160,377,588,-211
118000161,445,969,-524
118000162,963,1069,-106
118000163,546,909,-363
118000164,3055,1817,1238
118000168,1923,310,1613
118000169,1104,2267,-1163
118000170,3882,8200,-4318
118000171,170,947,-777
118000172,149,422,-273
118000173,1021,1420,-399
118000175,218,396,-178
118000176,208,513,-305
118000177,218,540,-322
118000178,270,57,213
118000179,1809,1119,690
118000180,677,926,-249
118000181,824,398,426
118000182,404,324,80
118000183,262,342,-80
118000184,659,1362,-703
118000185,1077,892,185
118000186,575,758,-183
118000187,1039,952,87
118000188,602,324,278
118000189,384,1268,-884
118000190,10,31,-21
118000191,18,70,-52
118000192,217,276,-59
118000193,171,424,-253
118000194,3003,1298,1705
118000195,977,846,131
118000196,690,142,548
118000197,294,127,167
118000198,745,505,240
118000199,1215,379,836
118000200,71,332,-261
118000201,643,547,96
118000202,49,46,3
118000203,1759,428,1331
118000204,254,373,-119
118000205,387,494,-107
118000206,251,265,-14
118000207,2,268,-266
118000208,920,1783,-863
118000209,1611,2889,-1278
118000210,29,54,-25
118000211,30,46,-16
118000213,1132,1647,-515
118000214,807,558,249
118000215,237,444,-207
118000216,1905,4604,-2699
118000217,47,160,-113
118000218,64,169,-105
118000219,463,640,-177
118000220,0,43,-43
118000221,101,363,-262
118000222,64,45,19
118000223,38,37,1
118000224,453,126,327
118000225,143,1745,-1602
118000226,1137,219,918
118000227,1316,392,924
118000228,135,151,-16
118000229,263,55,208
118000230,105,332,-227
118000231,78,344,-266
118000232,585,1311,-726
118000233,754,1127,-373
118000234,247,352,-105
118000236,326,652,-326
118000237,84,819,-735
118000238,213,546,-333
118000239,223,452,-229
118000240,701,123,578
118000241,102,412,-310
118000242,263,917,-654
118000243,139,268,-129
118000244,32,240,-208
118000246,0,6,-6
118000255,144,339,-195
118000256,210,348,-138
118000259,11,56,-45
118000260,137,226,-89
118000261,40,146,-106
118000263,75,398,-323
118000266,128,504,-376
118000267,0,111,-111
118000268,451,4,447
118000270,75,39,36
118000271,243,428,-185
118000272,70,24,46
118000273,99,129,-30
118000274,120,451,-331
118000276,264,389,-125
118000295,7,79,-72
118000298,91,511,-420
118000299,67,265,-198
118000301,0,113,-113
118000302,80,154,-74
118000311,231,161,70
118000312,206,202,4
118000313,18,207,-189
118000314,82,116,-34
118000315,17,93,-76
118000316,453,876,-423
118000325,20,66,-46
118000326,27,46,-19
118000331,15,69,-54
118000332,25,39,-14
118000333,19,68,-49
118000335,204,0,204
118000336,1,575,-574
118000407,74,68,6
118000457,21,53,-32
118000465,4013,3903,110
118000480,37,223,-186
118000489,106,244,-138
118000490,132,846,-714
118000492,243,320,-77
118000510,85,15,70
118000514,238,556,-318
118000515,843,685,158
118000517,593,231,362
118000524,806,235,571
118000525,821,1047,-226
118000530,9,170,-161
118000531,207,436,-229
118000532,164,347,-183
118000533,553,225,328
118000534,659,452,207
118000535,207,161,46
118000536,1064,1282,-218
118000537,26,105,-79
118000538,38,189,-151
118000539,33,92,-59
118000540,361,318,43
118000541,268,150,118
118000542,90,245,-155
118000543,328,298,30
118000546,42,27,15
118000553,0,2,-2
118000557,0,1,-1
118000560,3921,1187,2734
118000562,21,731,-710
118000563,2582,1679,903
118000576,184,304,-120
118000577,251,188,63
118000578,227,197,30
118000579,1127,1314,-187
118000583,0,2,-2
118000595,151,81,70
118000596,0,152,-152
118000597,197,181,16
118000598,11,2,9
118000599,45,76,-31
118000600,2,20,-18
118000601,3,0,3
118000602,3,19,-16
118000603,1,91,-90
118000605,38,1261,-1223
118000606,17,47,-30
118900001,1808,1163,645
118900002,1364,676,688
118900003,198,10,188
118900004,40,128,-88
118900005,39,1,38
118900006,85,2,83
118900007,9,12,-3
118900008,1281,51,1230
118900009,23,19,4
118900010,54,6,48
118900011,181,26,155
118900012,320,296,24
118900013,1035,68,967
118900015,171,36,135
118900016,5,64,-59
118900017,224,282,-58
118900018,1678,17,1661
118900019,59,25,34
118900020,156,131,25
118900021,163,461,-298
118900022,137,118,19
118900023,121,152,-31
118900024,60,299,-239
118900025,69,34,35
118900026,50,98,-48
118900027,768,379,389
118900028,110,227,-117
118900029,132,696,-564
118900030,190,96,94
118900031,125,183,-58
118900032,137,318,-181
118900033,414,1117,-703
118900034,77,11,66
118900035,141,411,-270
118900036,788,1017,-229
118900037,456,398,58
118900038,428,402,26
118900039,393,375,18
118900040,174,249,-75
118900041,320,391,-71
118900042,145,142,3
118900045,290,250,40
118900046,769,321,448
118900047,1199,427,772
118900048,355,283,72
118900049,82,45,37
118900050,11,289,-278
118900051,133,92,41
118900052,248,317,-69
118900053,24,101,-77
118900054,113,158,-45
118900055,24,162,-138
118900056,176,243,-67
118900057,444,384,60
118900058,334,617,-283
118900059,26,130,-104
118900060,65,302,-237
118900062,96,248,-152
118900064,766,666,100
118900065,31,164,-133
118900066,71,174,-103
118900067,7360,2756,4604
118900068,5,407,-402
118900069,375,442,-67
118900071,4,70,-66
118900072,468,464,4
118900073,69,183,-114
118900074,87,286,-199
118900075,32,94,-62
118900076,253,88,165
118900077,119,202,-83
118900078,47,8,39
118900079,66,245,-179
118900080,6,103,-97
118900081,44,32,12
118900082,403,239,164
118900083,17,17,0
118900084,11,31,-20
118900085,537,1108,-571
118900086,20,96,-76
118900087,21,196,-175
118900088,0,7,-7
118900089,21,6,15
118900090,408,554,-146
118900091,221,193,28
118900092,93,112,-19
118900093,147,11,136
118900096,66,99,-33
118900097,174,986,-812
118900099,44,468,-424
118900100,147,334,-187
118900101,33,420,-387
118900102,20,101,-81
118900103,34,88,-54
118900104,51,42,9
118900105,154,202,-48
118900107,162,188,-26
118900108,60,124,-64
118900110,2273,672,1601
118900111,328,926,-598
118900112,54,155,-101
118900113,113,1074,-961
118900114,15,116,-101
118900115,63,470,-407
118900116,87,241,-154
118900117,78,172,-94
118900118,281,703,-422
118900119,103,439,-336
118900120,85,349,-264
118900121,19,408,-389
118900122,6,708,-702
118900123,149,262,-113
118900124,61,228,-167
118900126,20,323,-303
118900129,387,205,182
118900130,67,134,-67
118900131,153,399,-246
118900132,318,219,99
118900133,32,82,-50
118900135,127,245,-118
118900136,208,1105,-897
118900137,17,25,-8
118900139,124,1141,-1017
118900140,395,1066,-671
118900141,63,517,-454
118900144,156,820,-664
118900145,22,319,-297
118900146,312,1237,-925
118900147,239,157,82
118900148,55,112,-57
118900150,163,556,-393
118900152,399,1215,-816
118900157,239,264,-25
118900158,40,179,-139
118900159,5,326,-321
118900161,143,10,133
118900163,412,94,318
118900164,8,133,-125
118900165,43,335,-292
118900166,54,8,46
118900167,45,213,-168
118900168,6,49,-43
118900169,67,500,-433
118900170,67,142,-75
118900171,13,26,-13
118900174,48,109,-61
118900175,271,438,-167
118900176,110,238,-128
118900177,33,67,-34
118900178,39,204,-165
118900179,0,25,-25
118900181,56,189,-133
118900182,73,75,-2
118900183,25,128,-103
118900184,156,49,107
118900185,101,190,-89
118900186,69,125,-56
118900187,143,490,-347
118900188,219,419,-200
118900189,32,489,-457
118900190,10,946,-936
118900191,166,67,99
118900192,135,33,102
118900193,260,16,244
118900195,345,1488,-1143
118900196,16,256,-240
118900197,93,144,-51
118900198,10,50,-40
118900199,29,64,-35
118900200,9,10,-1
118900201,10,18,-8
118900202,5,58,-53
118900203,11,56,-45
118900204,10,39,-29
118900205,23,28,-5
118900206,4,36,-32
119000001,1133,1528,-395
119000002,2201,3443,-1242
119000003,1549,2210,-661
119000004,1782,2088,-306
119000005,2147,2608,-461
119000006,2042,2085,-43
119000007,3556,3871,-315
119000008,1870,2700,-830
119000009,3784,3401,383
119000010,9743,4170,5573
119000011,6475,2840,3635
119000012,4741,3710,1031
119000013,2157,1423,734
119000014,2614,4242,-1628
119000019,227,235,-8
119000020,1244,1605,-361
119000021,2982,2289,693
119000022,4295,2130,2165
119000023,311,256,55
119000024,2753,7724,-4971
119000025,16342,1430,14912
119000026,281,395,-114
119000027,592,437,155
119000028,2726,1708,1018
119000029,184,339,-155
119000030,443,1580,-1137
119000031,799,867,-68
119000032,2335,3047,-712
119000033,2059,2618,-559
119000034,856,1394,-538
119000035,27,506,-479
119000036,955,1716,-761
119000037,958,3236,-2278
119000038,110,1805,-1695
119000039,165,441,-276
119000040,1572,595,977
119000041,1475,1543,-68
119000048,4023,5980,-1957
119000049,1451,5467,-4016
119000050,1644,3778,-2134
119000051,2076,1207,869
119000052,3321,4766,-1445
119000053,1984,1538,446
119000054,2736,6157,-3421
119000055,2684,5088,-2404
119000056,1672,2790,-1118
119000057,1463,4016,-2553
119000058,1803,3316,-1513
119000059,988,2623,-1635
119000060,1226,1050,176
119000061,843,1154,-311
119000062,984,1446,-462
119000063,461,487,-26
119000064,1943,2432,-489
119000065,2029,3703,-1674
119000066,1616,1215,401
119000067,2210,4075,-1865
119000068,1314,1320,-6
119000069,1533,4365,-2832
119000070,1718,1639,79
119000071,647,1397,-750
119000072,9458,5157,4301
119000073,5555,6380,-825
119000074,943,6454,-5511
119000075,1101,3352,-2251
119000076,436,1212,-776
119000077,607,737,-130
119000078,320,589,-269
119000079,108,1207,-1099
119000080,274,441,-167
119000081,165,495,-330
119000082,531,402,129
119000083,408,483,-75
119000084,347,839,-492
119000085,912,531,381
119000086,243,430,-187
119000087,2200,1352,848
119000088,268,288,-20
119000089,64,198,-134
119000090,158,210,-52
119000091,172,370,-198
119000092,753,332,421
119000093,5421,5598,-177
119000094,2158,6900,-4742
119000095,1286,4797,-3511
119000097,3328,2193,1135
119000098,736,2036,-1300
119000099,2451,2600,-149
119000100,2729,2666,63
119000101,2397,2517,-120
119000102,659,796,-137
119000103,1291,579,712
119000104,4781,2104,2677
119000105,877,1329,-452
119000106,282,3156,-2874
119000107,502,734,-232
119000108,287,2088,-1801
119000109,105,368,-263
119000110,419,380,39
119000111,31,651,-620
119000112,132,107,25
119000113,2085,290,1795
119000114,912,757,155
119000115,156,198,-42
119000116,109,123,-14
119000117,126,308,-182
119000118,3,1,2
119000123,4212,791,3421
119000124,413,371,42
119000125,2076,1564,512
119000126,665,1700,-1035
119000127,479,1604,-1125
119000128,23,9,14
119000131,739,1566,-827
119000132,3,0,3
119000133,1,7,-6
119000134,4083,754,3329
119000135,85,267,-182
119000136,140,351,-211
119000137,132,804,-672
119000138,196,637,-441
119000139,209,397,-188
119000140,186,378,-192
119000284,1626,3988,-2362
119000285,3036,3025,11
119000286,8382,6636,1746
119000287,1766,3031,-1265
119000288,2156,2332,-176
119000289,3076,5538,-2462
119000290,168,840,-672
119000291,16,607,-591
119000293,74,314,-240
119000294,47,54,-7
119000295,3652,807,2845
119000296,143,131,12
119000297,0,0,0
119000299,0,0,0
119000302,5797,1715,4082
119000303,40,265,-225
119000304,0,0,0
119000310,0,1,-1
119000314,1335,7069,-5734
119000315,1,968,-967
119000316,108,198,-90
119000317,64,808,-744
119900001,201,1012,-811
119900002,99,378,-279
119900003,72,1797,-1725
119900004,432,691,-259
119900005,73,238,-165
119900006,211,426,-215
119900007,757,124,633
119900008,42,24,18
119900009,463,668,-205
119900010,767,1139,-372
119900011,32,59,-27
119900012,18,57,-39
119900013,1679,731,948
119900014,479,239,240
119900015,99,25,74
119900016,37,150,-113
119900017,17,70,-53
119900018,1997,485,1512
119900019,15,2,13
119900020,118,209,-91
119900021,84,119,-35
119900022,182,325,-143
119900023,1299,824,475
119900025,81,44,37
119900026,1233,103,1130
119900027,17,38,-21
119900028,267,85,182
119900029,1,4,-3
119900030,529,742,-213
119900031,32,268,-236
119900033,1828,233,1595
119900034,248,243,5
119900037,148,54,94
119900038,45,214,-169
119900039,41,7,34
119900040,76,16,60
119900041,54,55,-1
119900042,71,272,-201
119900043,67,271,-204
119900044,169,479,-310
119900046,67,89,-22
119900047,228,50,178
119900048,76,136,-60
119900049,76,9,67
119900050,65,68,-3
119900051,685,17,668
119900052,29,43,-14
119900053,135,322,-187
119900054,69,5,64
119900055,838,390,448
119900057,104,95,9
119900058,154,0,154
119900059,159,78,81
119900060,160,10,150
119900061,135,3,132
119900062,36,17,19
119900063,21,48,-27
119900065,154,6,148
119900067,35,33,2
119900068,206,0,206
119900069,72,14,58
119900070,451,4,447
119900071,311,6,305
119900073,2508,630,1878
119900074,24,25,-1
119900075,8588,2373,6215
119900076,305,821,-516
119900077,486,2017,-1531
119900078,429,1308,-879
119900079,520,593,-73
119900080,243,544,-301
119900081,319,424,-105
119900082,719,507,212
119900083,315,80,235
119900084,665,285,380
119900085,244,88,156
119900086,284,1742,-1458
119900087,546,357,189
119900088,72,56,16
119900089,20,947,-927
119900090,214,88,126
119900091,36,2167,-2131
119900092,11,583,-572
119900093,865,175,690
119900094,49,362,-313
119900095,192,114,78
119900096,38,98,-60
119900097,764,207,557
119900098,37,117,-80
119900099,18,419,-401
119900100,4395,2197,2198
119900101,244,1220,-976
119900102,26,569,-543
119900103,17,793,-776
119900104,31,469,-438
119900105,561,1325,-764
119900106,19,393,-374
119900107,480,6353,-5873
119900108,2799,899,1900
119900109,15,523,-508
119900110,471,1080,-609
119900111,58,667,-609
119900112,5299,750,4549
119900113,95,707,-612
119900114,198,2831,-2633
119900115,182,2167,-1985
119900116,191,456,-265
119900117,169,1372,-1203
119900118,48,2281,-2233
119900119,226,351,-125
119900120,574,944,-370
119900121,222,2472,-2250
119900122,609,584,25
119900123,209,412,-203
119900124,154,1725,-1571
119900125,50,684,-634
119900126,7428,307,7121
119900127,4082,1311,2771
119900128,352,1413,-1061
119900129,157,1563,-1406
119900130,28,471,-443
119900131,28,583,-555
119900132,1,796,-795
119900133,21,41,-20
119900134,3843,376,3467
119900135,1,848,-847
119900136,163,858,-695
119900138,531,1052,-521
119900139,19,66,-47
119900140,4,286,-282
119900141,163,497,-334
119900142,1,26,-25
119900143,10,323,-313
119900144,3480,329,3151
119900145,66,314,-248
119900146,163,147,16
119900147,12,136,-124
119900148,141,74,67
119900149,2473,2373,100
119900150,164,227,-63
119900151,1994,849,1145
119900152,79,598,-519
119900153,81,75,6
119900154,29,1612,-1583
119900155,17,30,-13
119900156,6,1,5
119900157,68,347,-279
119900158,101,68,33
119900159,12,3006,-2994
119900160,19,309,-290
119900161,241,496,-255
119900162,644,948,-304
119900163,181,164,17
119900164,3,0,3
119900165,81,426,-345
119900166,78,32,46
119900167,195,164,31
119900168,506,605,-99
119900169,223,275,-52
119900170,163,181,-18
119900171,696,680,16
119900172,124,28,96
119900173,11,840,-829
119900174,4,421,-417
119900175,757,1001,-244
119900177,40,302,-262
119900178,6,333,-327
119900179,55,250,-195
119900180,851,780,71
119900181,47,93,-46
119900182,6,898,-892
119900183,135,1362,-1227
119900184,4511,820,3691
119900185,23,130,-107
119900186,93,474,-381
119900187,11,1100,-1089
119900188,49,339,-290
119900189,424,337,87
119900190,66,196,-130
119900191,255,153,102
119900192,21,295,-274
119900193,198,300,-102
119900194,9,66,-57
119900195,18,287,-269
119900196,2034,542,1492
119900197,116,120,-4
119900198,56,609,-553
119900199,176,48,128
119900200,404,708,-304
119900201,445,179,266
119900202,314,163,151
119900203,118,388,-270
119900204,168,427,-259
119900205,352,1139,-787
119900206,54,192,-138
119900208,134,147,-13
119900209,430,963,-533
119900210,13,64,-51
119900211,102,31,71
119900212,104,502,-398
119900213,4,38,-34
119900214,28,133,-105
119900215,61,168,-107
119900216,17,148,-131
119900217,5,73,-68
119900218,21,88,-67
119900219,11,216,-205
119900220,4,228,-224
119900221,22,727,-705
119900222,9,493,-484
119900223,40,184,-144
119900224,16,63,-47
119900225,1802,45,1757
119900226,1155,1399,-244
119900227,1536,509,1027
119900228,16,342,-326
119900229,356,686,-330
119900230,1963,896,1067
119900231,135,316,-181
119900232,177,90,87
119900233,22,2,20
119900234,12,35,-23
119900235,14,42,-28
119900236,21,385,-364
119900237,25,893,-868
119900238,3,127,-124
119900240,63,215,-152
119900241,184,322,-138
119900242,2456,1573,883
119900244,1072,1187,-115
119900245,75,191,-116
119900246,279,390,-111
119900247,19,97,-78
119900248,48,75,-27
119900249,167,88,79
119900253,6375,426,5949
119900254,59,373,-314
119900255,62,605,-543
119900256,284,1979,-1695
119900257,52,3,49
119900258,51,27,24
119900259,4,331,-327
119900260,64,7,57
119900261,159,261,-102
119900262,2,466,-464
119900263,1093,449,644
119900264,65,412,-347
119900265,220,496,-276
119900266,204,481,-277
119900267,223,496,-273
119900268,169,328,-159
119900269,548,2026,-1478
119900271,14,122,-108
119900272,161,52,109
119900275,62,7,55
119900276,20,2,18
119900277,15,6,9
119900278,344,70,274
119900279,94,192,-98
119900280,1737,249,1488
119900281,0,89,-89
119900282,58,30,28
119900283,9,624,-615
119900284,46,178,-132
119900285,26,121,-95
119900286,10,16,-6
119900288,8,73,-65
119900289,0,66,-66
119900290,6,53,-47
119900291,1,55,-54
119900292,32,42,-10
119900293,15,87,-72
119900294,16,94,-78
119900295,21,66,-45
119900296,13,437,-424
119900297,1,35,-34
119900298,3,3,0
119900299,34,415,-381
119900300,113,315,-202
119900301,69,26,43
119900302,23,64,-41
119900303,119,397,-278
119900304,69,38,31
119900305,29,152,-123
119900306,11,2,9
119900307,24,205,-181
119900308,2,27,-25
119900309,15,71,-56
119900310,254,473,-219
119900311,36,308,-272
119900312,58,145,-87
119900313,185,548,-363
119900314,92,356,-264
119900315,780,4053,-3273
119900318,15,19,-4
119900319,1,484,-483
119900320,86,1020,-934
119900321,69,1,68
120000001,10670,13967,-3297
120000002,2461,4584,-2123
120000003,3988,2792,1196
120000004,3295,3515,-220
120000005,5295,2873,2422
120000006,1311,1764,-453
120000007,4326,3258,1068
120000008,1168,1873,-705
120000009,6991,1162,5829
120000010,2139,4410,-2271
120000011,1554,3099,-1545
120000012,1466,4296,-2830
120000013,2634,4042,-1408
120000014,757,2312,-1555
120000015,2917,1999,918
120000016,3456,4028,-572
120000017,2913,3000,-87
120000018,7149,10836,-3687
120000019,968,1697,-729
120000020,3734,3482,252
120000021,2612,2597,15
120000022,2987,4585,-1598
120000023,939,2219,-1280
120000024,1647,3008,-1361
120000025,2431,3010,-579
120000026,1016,2615,-1599
120000027,1332,2557,-1225
120000028,897,624,273
120000029,2770,734,2036
120000030,153,802,-649
120000031,1954,7070,-5116
120000032,14501,4366,10135
120000033,4104,2882,1222
120000034,1579,3637,-2058
120000035,1887,4400,-2513
120000036,3029,5754,-2725
120000037,691,1443,-752
120000038,15405,4479,10926
120000039,513,1506,-993
120000040,75,235,-160
120000041,698,2735,-2037
120000042,1653,6151,-4498
120000043,4522,4521,1
120000044,3871,1793,2078
120000045,3725,1286,2439
120000046,2036,2120,-84
120000047,2932,3714,-782
120000048,11321,4892,6429
120000049,3836,4286,-450
120000050,3632,7589,-3957
120000051,4705,6205,-1500
120000052,21615,3962,17653
120000053,1277,6719,-5442
120000054,1715,10380,-8665
120000055,1619,8540,-6921
120000056,3201,7728,-4527
120000057,1785,1169,616
120000058,1195,300,895
120000059,56,1333,-1277
120000061,161,963,-802
120000062,234,434,-200
120000063,2351,4536,-2185
120000064,259,2574,-2315
120000065,429,3160,-2731
120000066,222,682,-460
120000067,40,927,-887
120000068,260,2107,-1847
120000069,816,2791,-1975
120000070,43,1759,-1716
120000071,221,344,-123
120000072,361,811,-450
120000073,500,164,336
120000074,55,86,-31
120000075,482,354,128
120000076,1126,560,566
120000077,1142,654,488
120000078,3046,1095,1951
120000079,337,1076,-739
120000080,211,362,-151
120000081,274,218,56
120000082,217,329,-112
120000083,134,520,-386
120000084,545,790,-245
120000085,328,682,-354
120000086,448,1171,-723
120000087,215,2213,-1998
120000088,681,2117,-1436
120000089,1027,987,40
120000090,427,785,-358
120000091,730,1323,-593
120000092,1109,775,334
120000093,348,722,-374
120000094,137,610,-473
120000095,819,1092,-273
120000096,255,1872,-1617
120000098,747,1742,-995
120000099,254,1045,-791
120000100,678,1254,-576
120000101,439,690,-251
120000102,444,730,-286
120000103,946,569,377
120000104,1342,479,863
120000105,1942,510,1432
120000106,1774,519,1255
120000107,2211,611,1600
120000108,695,149,546
120000109,794,66,728
120000110,123,1753,-1630
120000111,194,2444,-2250
120000112,928,7267,-6339
120000113,647,5200,-4553
120000114,900,5419,-4519
120000115,436,4523,-4087
120000116,682,3477,-2795
120000117,2046,2496,-450
120000118,45,44,1
120000119,58,113,-55
120000120,72,70,2
120000121,62,88,-26
120000122,354,398,-44
120000123,9466,4270,5196
120000124,398,808,-410
120000125,457,867,-410
120000126,328,1218,-890
120000127,2253,1230,1023
120000128,4581,3436,1145
120000129,328,480,-152
120000130,811,1250,-439
120000131,316,658,-342
120000134,450,2513,-2063
120000135,232,368,-136
120000137,152,3989,-3837
120000138,417,697,-280
120000139,216,2127,-1911
120000140,424,947,-523
120000141,184,846,-662
120000142,268,848,-580
120000143,0,126,-126
120000144,57,3,54
120000145,239,3,236
120000146,3691,1215,2476
120000149,548,1415,-867
120000150,7146,10298,-3152
120000151,389,761,-372
120000152,301,449,-148
120000153,105,1580,-1475
120000154,556,663,-107
120000155,97,340,-243
120000156,2794,867,1927
120000157,973,925,48
120000158,720,1888,-1168
120000159,1776,3145,-1369
120000160,2103,1752,351
120000161,1365,3552,-2187
120000162,146,297,-151
120000163,414,2935,-2521
120000164,343,881,-538
120000165,292,1702,-1410
120000166,840,1034,-194
120000167,23,59,-36
120000168,9,132,-123
120000169,161,398,-237
120000170,227,210,17
120000171,39,82,-43
120000172,56,51,5
120000173,3473,312,3161
120000174,861,22,839
120000175,1015,13,1002
120000176,607,55,552
120000177,1544,450,1094
120000178,66,15,51
120000179,524,65,459
120000180,519,153,366
120000181,91,323,-232
120000182,87,152,-65
120000183,10,171,-161
120000184,106,1016,-910
120000186,97,81,16
120000187,106,47,59
120000188,391,87,304
120000190,1480,22,1458
120000191,2383,30,2353
120000192,2396,16,2380
120000193,669,3,666
120000195,120,6,114
120000196,252,51,201
120000197,95,147,-52
120000198,132,244,-112
120000199,66,0,66
120000200,74,0,74
120000201,19,18,1
120000202,4,94,-90
120000203,33,597,-564
120000207,3,125,-122
120000208,16,607,-591
120000209,3,174,-171
120000210,217,132,85
120000211,55,3,52
120000212,92,1,91
120000213,78,627,-549
120000214,1,704,-703
120000215,6,234,-228
120000216,50,10,40
120000217,1110,1919,-809
120000218,348,2025,-1677
120000219,12,1228,-1216
120000220,13,4455,-4442
120000225,705,1,704
120000226,211,2,209
120000227,589,34,555
120000228,9414,2683,6731
120000230,263,16,247
120000231,809,3825,-3016
120000233,200,36,164
120000235,117,1326,-1209
120000236,579,1,578
120000237,4,3396,-3392
120000238,25,185,-160
120000241,1318,5123,-3805
120000412,2866,36,2830
120000413,222,901,-679
120000414,77,6,71
120000415,2,362,-360
120000416,65,19,46
120000417,6,163,-157
120000418,89,29,60
120000419,24,944,-920
120000420,104,37,67
120000421,19614,7696,11918
120000422,362,642,-280
120000423,4,58,-54
120000424,69,301,-232
120000436,150,469,-319
120000437,304,271,33
120000438,7632,487,7145
120000439,140,359,-219
120000443,146,0,146
120000444,868,1195,-327
120000445,1815,2040,-225
120000446,1773,431,1342
120000447,117,12,105
120000449,80,41,39
120000450,10,732,-722
120000451,101,437,-336
120000452,51,5,46
120000453,1,527,-526
120000454,155,58,97
120000455,125,98,27
120000456,4016,3682,334
120000457,1596,1541,55
120000458,879,1191,-312
120000459,74,136,-62
120000665,1246,173,1073
120000668,103,374,-271
120000669,72,628,-556
120000670,222,561,-339
120000671,1089,458,631
120000672,120,716,-596
120900001,76,66,10
120900002,383,357,26
120900003,257,38,219
120900004,9,113,-104
120900005,50,2279,-2229
120900006,241,266,-25
120900007,123,253,-130
120900008,253,1982,-1729
120900009,593,85,508
120900010,254,69,185
120900011,500,172,328
120900012,1772,892,880
120900013,253,51,202
120900014,8,1332,-1324
120900015,346,127,219
120900016,461,74,387
120900017,5006,109,4897
120900018,68,757,-689
120900019,599,172,427
120900020,1194,861,333
120900021,446,113,333
120900022,23,697,-674
120900023,145,51,94
120900024,1521,536,985
120900025,2464,1370,1094
120900026,123,291,-168
120900027,826,114,712
120900028,190,56,134
120900029,155,280,-125
120900030,835,583,252
120900031,142,64,78
120900032,512,255,257
120900033,742,73,669
120900034,67,2285,-2218
120900035,53,86,-33
120900037,154,6,148
120900038,53,225,-172
120900039,103,41,62
120900040,234,1,233
120900041,135,51,84
120900042,258,83,175
120900043,37,24,13
120900044,9,590,-581
120900045,167,194,-27
120900046,317,12,305
120900047,117,77,40
120900048,82,18,64
120900049,251,1,250
120900050,6521,1584,4937
120900051,254,127,127
120900052,380,3,377
120900053,147,131,16
120900054,1599,1480,119
120900055,233,3,230
120900056,408,16,392
120900057,100,24,76
120900058,380,0,380
120900059,58,0,58
120900060,55,47,8
120900061,224,702,-478
120900062,150,2,148
120900063,441,7,434
120900064,246,0,246
120900065,268,3,265
120900066,163,359,-196
120900067,202,37,165
120900068,152,1,151
120900069,122,132,-10
120900071,18,8,10
120900072,483,1,482
120900073,298,409,-111
120900074,453,8,445
120900076,182,1,181
120900077,6002,323,5679
120900078,454,1057,-603
120900079,428,163,265
120900080,535,4195,-3660
120900081,583,2449,-1866
120900082,876,305,571
120900083,52,2,50
120900084,199,326,-127
120900085,159,178,-19
120900086,299,265,34
120900087,278,141,137
120900088,206,321,-115
120900089,7192,1796,5396
120900090,69,312,-243
120900091,541,378,163
120900092,1271,1076,195
120900093,6631,405,6226
120900094,558,341,217
120900095,220,26,194
120900096,18,190,-172
120900097,666,1531,-865
120900098,254,233,21
120900099,45,69,-24
120900100,75,602,-527
120900101,715,470,245
120900102,49,171,-122
120900103,44,209,-165
120900104,23,49,-26
120900105,50,1271,-1221
120900106,1691,957,734
120900107,447,158,289
120900108,5,1626,-1621
120900109,39,1199,-1160
120900110,12,1012,-1000
120900111,142,623,-481
120900112,8,2587,-2579
120900113,20,1595,-1575
120900114,65,275,-210
120900115,165,283,-118
120900116,189,1291,-1102
120900117,3,958,-955
120900118,8,1553,-1545
120900119,3658,5158,-1500
120900120,57,1163,-1106
120900121,113,643,-530
120900122,248,1331,-1083
120900123,1,925,-924
120900124,5,1258,-1253
120900125,6,2002,-1996
120900126,1844,1219,625
120900127,13,1031,-1018
120900128,1229,1639,-410
120900129,64,558,-494
120900130,2,660,-658
120900131,31,70,-39
120900132,476,630,-154
120900133,222,1939,-1717
120900134,756,680,76
120900135,6,1050,-1044
120900136,25,37,-12
120900137,132,184,-52
120900138,33,359,-326
120900139,3,1498,-1495
120900140,5,79,-74
120900141,91,124,-33
120900142,26,1726,-1700
120900143,14,1877,-1863
120900144,1,390,-389
120900145,78,1572,-1494
120900146,6,1871,-1865
120900147,0,530,-530
120900148,85,210,-125
120900149,3,756,-753
120900150,40,1146,-1106
120900151,4,1293,-1289
120900152,0,76,-76
120900153,11,110,-99
120900154,1,678,-677
120900155,116,2227,-2111
120900156,67,661,-594
120900157,34,380,-346
120900158,37,827,-790
120900159,104,629,-525
120900160,51,607,-556
120900161,27,821,-794
120900162,27,895,-868
120900163,21,201,-180
120900164,0,3,-3
120900165,0,8,-8
120900166,64,187,-123
120900167,276,108,168
120900169,76,1027,-951
120900170,4675,1923,2752
120900171,1352,590,762
120900172,1075,201,874
120900173,0,101,-101
120900174,6,198,-192
120900175,302,393,-91
120900176,13,281,-268
120900177,1,603,-602
120900178,1,278,-277
120900179,1077,689,388
120900180,103,88,15
120900181,49,70,-21
120900182,16,716,-700
120900183,445,223,222
120900184,166,94,72
120900185,0,455,-455
120900186,2,975,-973
120900187,279,1115,-836
120900188,109,15,94
120900189,304,673,-369
120900190,45,12,33
120900191,3,30,-27
120900192,20295,3397,16898
120900194,24,98,-74
120900195,124,281,-157
120900196,584,56,528
120900197,352,78,274
120900198,249,945,-696
120900199,211,241,-30
120900200,118,188,-70
120900201,867,162,705
120900202,4,419,-415
120900203,12,63,-51
120900204,270,612,-342
120900205,58,156,-98
120900206,9,24,-15
120900207,66,2048,-1982
121000001,1237,1577,-340
121000002,3225,1946,1279
121000003,4946,2694,2252
121000004,3009,6133,-3124
121000005,2575,3705,-1130
121000006,3684,1869,1815
121000007,4022,3803,219
121000008,8938,3867,5071
121000009,8034,8377,-343
121000010,12304,7062,5242
121000011,11569,19202,-7633
121000012,18646,14296,4350
121000013,7086,11389,-4303
121000014,8880,10179,-1299
121000015,6824,9412,-2588
121000016,6611,6168,443
121000017,2287,4724,-2437
121000018,2333,2376,-43
121000019,24990,12982,12008
121000020,15518,12841,2677
121000021,3575,4578,-1003
121000022,1863,2329,-466
121000023,4963,4352,611
121000024,3542,4653,-1111
121000025,920,1630,-710
121000026,357,195,162
121000027,1836,1306,530
121000028,1040,632,408
121000029,952,974,-22
121000030,643,568,75
121000031,871,869,2
121000032,173,74,99
121000034,607,194,413
121000035,283,134,149
121000036,1285,1119,166
121000037,903,770,133
121000038,838,854,-16
121000039,460,485,-25
121000041,591,597,-6
121000042,327,476,-149
121000043,1002,919,83
121000044,2538,889,1649
121000045,421,453,-32
121000046,399,1139,-740
121000047,97,92,5
121000049,2527,833,1694
121000050,343,1267,-924
121000051,797,474,323
121000052,348,779,-431
121000053,594,134,460
121000054,46,286,-240
121000055,1896,1885,11
121000056,931,1339,-408
121000057,187,416,-229
121000058,478,159,319
121000059,2729,1651,1078
121000060,481,1204,-723
121000061,220,163,57
121000062,151,271,-120
121000063,788,654,134
121000064,761,1022,-261
121000065,617,533,84
121000066,770,615,155
121000067,1128,391,737
121000068,710,411,299
121000069,1019,507,512
121000070,2191,1703,488
121000071,1242,1139,103
121000072,1467,1119,348
121000073,1398,893,505
121000074,83,184,-101
121000075,86,146,-60
121000076,1585,465,1120
121000077,141,159,-18
121000078,112,131,-19
121000080,3008,860,2148
121000081,3504,2946,558
121000082,131,306,-175
121000083,322,245,77
121000084,219,101,118
121000085,333,686,-353
121000086,185,1028,-843
121000087,119,353,-234
121000088,432,1068,-636
121000089,527,418,109
121000090,564,495,69
121000091,2320,1364,956
121000092,218,177,41
121000093,136,314,-178
121000094,591,709,-118
121000095,342,603,-261
121000096,2832,4267,-1435
121000097,1524,2757,-1233
121000098,533,2077,-1544
121000099,583,1328,-745
121000100,859,972,-113
121000101,249,439,-190
121000102,163,492,-329
121000103,173,471,-298
121000104,209,252,-43
121000105,320,289,31
121000106,280,602,-322
121000107,3000,5464,-2464
121000109,1835,1495,340
121000110,332,929,-597
121000114,3242,2779,463
121000115,1078,1143,-65
121000116,667,1246,-579
121000117,1304,553,751
121000118,1496,498,998
121000119,341,473,-132
121000120,289,663,-374
121000121,418,1282,-864
121000123,2138,833,1305
121000127,155,175,-20
121000128,866,765,101
121000129,520,661,-141
121000130,443,1769,-1326
121000131,2489,1753,736
121000132,1541,1934,-393
121000135,398,339,59
121000136,998,625,373
121000137,441,275,166
121000138,939,705,234
121000139,405,107,298
121000141,254,112,142
121000142,1201,837,364
121000143,204,28,176
121000144,1238,1541,-303
121000145,558,1973,-1415
121000146,1387,1328,59
121000147,853,708,145
121000148,945,1506,-561
121000149,2437,1436,1001
121000152,565,1139,-574
121000153,2058,846,1212
121000154,917,975,-58
121000155,1579,1611,-32
121000156,446,1543,-1097
121000157,1781,3215,-1434
121000158,368,1162,-794
121000159,149,948,-799
121000160,346,981,-635
121000161,174,542,-368
121000162,61,359,-298
121000165,2112,2032,80
121000166,43,1087,-1044
121000168,304,436,-132
121000169,67,249,-182
121000170,325,178,147
121000171,53,247,-194
121000172,582,549,33
121000173,1171,974,197
121000174,215,433,-218
121000175,650,541,109
121000176,324,315,9
121000177,1014,882,132
121000178,180,72,108
121000179,137,99,38
121000181,546,568,-22
121000182,134,189,-55
121000183,48,81,-33
121000184,64,82,-18
121000185,30,189,-159
121000186,121,352,-231
121000187,194,361,-167
121000188,165,400,-235
121000192,636,587,49
121000193,603,600,3
121000194,3425,2727,698
121000195,512,1448,-936
121000196,1364,283,1081
121000197,393,1092,-699
121000198,460,128,332
121000199,160,757,-597
121000200,385,145,240
121000201,8,385,-377
121000202,1174,117,1057
121000203,667,3326,-2659
121000204,2310,837,1473
121000205,192,476,-284
121000206,216,39,177
121000207,2008,636,1372
121000208,8,751,-743
121000209,240,688,-448
121000210,376,1051,-675
121000211,423,203,220
121000212,292,1471,-1179
121000213,12949,3513,9436
121000214,1105,2743,-1638
121000215,1596,1234,362
121000216,580,689,-109
121000217,4775,3421,1354
121000218,698,2492,-1794
121000219,1955,543,1412
121000220,385,153,232
121000221,184,357,-173
121000222,3235,3454,-219
121000223,664,417,247
121000224,401,156,245
121000225,2888,1352,1536
121000226,5494,838,4656
121000227,12,431,-419
121000228,25,1200,-1175
121000229,156,739,-583
121000230,63,2772,-2709
121000231,631,48,583
121000232,576,253,323
121000233,576,455,121
121000234,20,48,-28
121000235,84,49,35
121000236,11,76,-65
121000237,18,7,11
121000238,6,100,-94
121000239,31,6,25
121000240,12,332,-320
121000241,75,11,64
121000242,69,249,-180
121000243,348,106,242
121000244,10,79,-69
121000245,69,16,53
121000246,1,101,-100
121000247,62,3,59
121000248,922,1160,-238
121000249,115,286,-171
121000250,451,131,320
121000251,36,1018,-982
121000252,89,55,34
121000253,439,769,-330
121000254,692,458,234
121000255,211,172,39
121000256,309,212,97
121000257,78,116,-38
121000258,142,48,94
121000259,82,38,44
121000260,132,224,-92
121000261,93,46,47
121000262,1068,1429,-361
121000263,355,646,-291
121000271,330,2777,-2447
121000273,218,12,206
121000274,8,34,-26
121000275,4,35,-31
121000276,3,12,-9
121000278,64,66,-2
121000279,43,24,19
121000280,48,62,-14
121000289,289,44,245
121000290,1688,966,722
121000294,99,323,-224
121000297,1253,1446,-193
121000299,248,498,-250
121000300,801,676,125
121000302,153,1548,-1395
121000303,603,704,-101
121000304,481,87,394
121000305,125,54,71
121000306,70,164,-94
121000308,167,495,-328
121000309,492,758,-266
121000310,85,517,-432
121000311,91,1173,-1082
121000312,327,278,49
121000313,530,566,-36
121000314,243,169,74
121000315,85,340,-255
121000530,1217,2053,-836
121000531,1266,2059,-793
121000532,6522,6206,316
121000533,2697,3462,-765
121000918,40,301,-261
121000919,18,63,-45
121000938,335,850,-515
121000939,540,756,-216
121000956,809,2427,-1618
121000957,24,23,1
121000958,173,87,86
121000959,605,1468,-863
121000960,2321,3681,-1360
121000961,182,134,48
121000962,608,1423,-815
121000973,2,613,-611
121000976,23,162,-139
121000979,372,114,258
121000981,277,215,62
121000982,266,500,-234
121000983,568,622,-54
121000984,31,60,-29
121000985,494,1482,-988
121000986,255,796,-541
121000987,336,2792,-2456
121000988,613,209,404
121001302,303,141,162
121001308,7,14,-7
121001309,147,60,87
121001311,0,0,0
121001313,231,452,-221
121001314,3861,4912,-1051
121001315,5425,2568,2857
121001326,459,589,-130
121900001,73,194,-121
121900002,65,14,51
121900003,310,18,292
121900004,148,445,-297
121900005,15,2,13
121900006,99,22,77
121900007,2826,2348,478
121900008,1365,244,1121
121900009,777,28,749
121900010,185,2,183
121900011,164,461,-297
121900012,3,0,3
121900013,1423,49,1374
121900014,1435,415,1020
121900015,189,250,-61
121900016,5,41,-36
121900017,318,746,-428
121900018,285,9,276
121900019,299,404,-105
121900020,30,0,30
121900021,827,21,806
121900022,224,231,-7
121900023,83,503,-420
121900024,463,121,342
121900025,446,526,-80
121900026,335,54,281
121900027,227,137,90
121900028,451,9,442
121900029,95,218,-123
121900030,623,612,11
121900031,1716,7164,-5448
121900032,62,78,-16
121900033,180,188,-8
121900034,367,118,249
121900035,2909,1852,1057
121900036,85,626,-541
121900037,161,759,-598
121900038,24,178,-154
121900039,379,33,346
121900040,32,97,-65
121900041,96,186,-90
121900042,287,163,124
121900043,1,7,-6
121900044,289,61,228
121900046,306,307,-1
121900047,153,89,64
121900048,9,159,-150
121900050,18,39,-21
121900051,133,292,-159
121900052,109,41,68
121900053,375,297,78
121900054,606,1018,-412
121900055,23,23,0
121900058,222,324,-102
121900059,238,105,133
121900060,213,416,-203
121900061,205,156,49
121900062,118,83,35
121900063,904,339,565
121900064,197,945,-748
121900066,20,36,-16
121900067,31,51,-20
121900069,202,188,14
121900070,260,127,133
121900071,162,243,-81
121900072,40,291,-251
121900073,304,254,50
121900074,865,684,181
121900075,1185,377,808
121900076,376,819,-443
121900078,52,55,-3
121900079,0,0,0
121900080,665,486,179
121900082,49,147,-98
121900084,4,231,-227
121900086,21,75,-54
121900087,195,116,79
121900088,2092,3596,-1504
121900089,168,579,-411
121900090,6,121,-115
121900091,19,143,-124
121900092,71,122,-51
121900093,46,87,-41
121900094,31,15,16
121900095,200,115,85
121900096,1455,700,755
121900097,371,182,189
121900098,6,0,6
121900099,212,113,99
121900100,162,308,-146
121900101,125,124,1
121900102,6,138,-132
121900103,504,240,264
121900104,1145,388,757
121900105,218,121,97
121900106,1,0,1
121900107,43,36,7
121900108,1,23,-22
121900109,352,172,180
121900110,367,1553,-1186
121900111,814,109,705
121900112,105,146,-41
121900113,76,366,-290
121900114,26,74,-48
121900117,80,33,47
121900118,2694,447,2247
121900119,103,131,-28
121900120,19,1742,-1723
121900121,716,55,661
121900122,17,39,-22
121900123,246,491,-245
121900124,83,217,-134
121900125,979,1385,-406
121900127,18,92,-74
121900128,73,162,-89
121900129,935,199,736
121900130,151,324,-173
121900131,262,152,110
121900132,38,125,-87
121900133,123,523,-400
121900134,37,123,-86
121900135,2668,291,2377
121900136,163,675,-512
121900137,63,359,-296
121900138,84,264,-180
121900139,550,715,-165
121900140,72,201,-129
121900141,75,13,62
121900142,133,112,21
121900143,22,172,-150
121900144,177,363,-186
121900145,181,212,-31
121900146,553,853,-300
121900147,72,292,-220
121900148,167,358,-191
121900149,412,876,-464
121900150,93,229,-136
121900151,70,250,-180
121900152,74,134,-60
121900153,85,610,-525
121900154,18,213,-195
121900155,1,115,-114
121900156,178,95,83
121900157,7,660,-653
121900158,56,89,-33
121900159,3,331,-328
121900160,38,298,-260
121900161,383,451,-68
121900162,107,150,-43
121900163,170,956,-786
121900164,449,311,138
121900165,280,215,65
121900166,186,283,-97
121900167,159,155,4
121900168,235,192,43
121900169,5,569,-564
121900170,2,247,-245
121900171,428,683,-255
121900172,374,317,57
121900173,977,245,732
121900174,27,53,-26
121900175,159,183,-24
121900176,524,2527,-2003
121900177,187,61,126
121900178,58,95,-37
121900179,281,136,145
121900180,6676,3449,3227
121900182,1455,357,1098
121900183,337,551,-214
121900184,42,643,-601
121900186,10,448,-438
121900187,37,146,-109
121900188,777,750,27
121900189,50,153,-103
121900190,343,585,-242
121900191,77,197,-120
121900192,457,956,-499
121900193,54,213,-159
121900194,3,175,-172
121900195,106,107,-1
121900196,1031,1014,17
121900197,377,2792,-2415
121900198,1173,1838,-665
121900199,5,32,-27
121900200,77,289,-212
121900201,1327,699,628
121900202,151,443,-292
121900203,205,1398,-1193
121900204,1286,1136,150
121900205,16,101,-85
121900206,11,17,-6
121900207,232,50,182
121900208,520,352,168
121900209,56,28,28
121900210,2140,1609,531
121900211,290,913,-623
121900212,186,202,-16
121900213,105,133,-28
121900214,9,656,-647
121900215,30,78,-48
121900216,46,72,-26
121900217,244,93,151
121900218,318,625,-307
121900220,139,13,126
121900221,329,823,-494
121900222,153,209,-56
121900223,161,71,90
121900224,89,78,11
121900225,179,83,96
121900226,302,769,-467
121900227,130,417,-287
121900228,177,421,-244
121900230,125,187,-62
121900231,523,928,-405
121900232,322,416,-94
121900233,270,279,-9
121900234,226,479,-253
121900235,351,363,-12
121900236,327,207,120
121900237,178,247,-69
121900238,125,222,-97
121900239,93,34,59
121900240,136,143,-7
121900241,37,73,-36
121900242,2,0,2
121900243,9,0,9
121900244,10,0,10
121900245,207,174,33
121900246,2384,558,1826
121900248,1825,1325,500
121900250,300,364,-64
121900251,308,34,274
121900252,526,138,388
121900253,190,1439,-1249
121900254,532,373,159
121900255,188,91,97
121900258,3341,2039,1302
121900259,380,501,-121
121900260,34,221,-187
121900261,174,538,-364
121900262,469,1081,-612
121900263,112,455,-343
121900264,2359,1648,711
121900265,142,383,-241
121900266,191,237,-46
121900267,53,26,27
121900269,131,402,-271
121900270,14,185,-171
121900271,21,201,-180
121900273,644,1883,-1239
121900274,200,291,-91
121900277,350,1868,-1518
121900278,141,1151,-1010
121900279,175,418,-243
121900280,242,447,-205
121900281,565,224,341
121900284,42,8,34
121900286,97,169,-72
121900287,3,17,-14
121900288,1,3,-2
121900290,268,360,-92
121900291,539,774,-235
121900292,297,143,154
121900293,1001,4322,-3321
121900294,241,4,237
121900295,74,285,-211
121900296,60,60,0
121900298,548,609,-61
121900299,0,1,-1
121900300,7,0,7
121900301,31,1,30
121900302,1,66,-65
121900303,460,456,4
121900304,0,8,-8
121900305,1,1,0
121900306,57,0,57
121900307,30,27,3
121900308,22,473,-451
121900309,10,302,-292
121900310,46,568,-522
121900311,230,22,208
121900312,161,25,136
121900313,298,20,278
121900314,1,68,-67
121900315,10,0,10
121900316,0,41,-41
121900317,0,0,0
121900318,2,23,-21
121900319,15,117,-102
121900320,108,125,-17
121900321,13,3,10
121900322,5,44,-39
121900323,32,30,2
121900324,12,75,-63
121900325,7,1,6
121900326,6,29,-23
121900327,4,102,-98
121900328,0,45,-45
121900329,7,441,-434
121900330,2,40,-38
121900331,61,9,52
121900332,54,32,22
121900333,42,0,42
121900334,213,60,153
122000001,2969,5598,-2629
122000002,6654,2458,4196
122000003,2564,2179,385
122000004,3925,2151,1774
122000005,3742,1492,2250
122000006,3637,766,2871
122000007,2124,2364,-240
122000008,7631,7441,190
122000009,777,500,277
122000010,2683,4362,-1679
122000011,3584,1821,1763
122000012,2028,1474,554
122000013,4042,1742,2300
122000014,2012,3603,-1591
122000015,2125,1353,772
122000016,839,1193,-354
122000017,1284,1461,-177
122000018,1825,1360,465
122000019,1212,1908,-696
122000020,220,313,-93
122000021,631,674,-43
122000022,1865,2103,-238
122000023,629,4321,-3692
122000024,1456,1192,264
122000025,2750,1791,959
122000026,2565,1119,1446
122000027,782,7622,-6840
122000028,1055,535,520
122000029,560,370,190
122000030,328,176,152
122000031,190,374,-184
122000032,2239,4960,-2721
122000033,1532,1278,254
122000034,930,755,175
122000035,370,1310,-940
122000036,622,714,-92
122000037,442,396,46
122000038,360,487,-127
122000039,896,624,272
122000040,394,577,-183
122000041,755,651,104
122000042,765,611,154
122000043,203,146,57
122000044,168,232,-64
122000045,1968,668,1300
122000046,1172,1446,-274
122000047,432,322,110
122000048,3785,6593,-2808
122000049,6117,2968,3149
122000050,3028,872,2156
122000051,672,497,175
122000052,839,365,474
122000053,236,600,-364
122000054,3030,2308,722
122000055,3402,3205,197
122000056,6936,5068,1868
122000057,4902,3860,1042
122000058,6135,1397,4738
122000059,4879,2012,2867
122000060,1125,864,261
122000061,751,616,135
122000062,1709,398,1311
122000063,2205,718,1487
122000064,5041,3384,1657
122000065,7382,3483,3899
122000066,804,626,178
122000067,2483,1419,1064
122000068,1272,2005,-733
122000069,1064,904,160
122000070,826,5847,-5021
122000071,1089,2490,-1401
122000072,562,497,65
122000073,807,680,127
122000074,2335,1722,613
122000075,611,2066,-1455
122000076,2257,1339,918
122000077,2099,757,1342
122000078,3686,3067,619
122000079,3459,1140,2319
122000080,2123,540,1583
122000081,340,555,-215
122000082,1301,860,441
122000083,1468,5780,-4312
122000084,1242,989,253
122000085,263,2558,-2295
122000086,2803,7223,-4420
122000087,477,145,332
122000088,324,454,-130
122000089,8185,4224,3961
122000090,223,507,-284
122000091,374,96,278
122000092,252,23,229
122000093,2774,937,1837
122000094,9663,1932,7731
122000095,4179,3235,944
122000096,2470,2285,185
122000098,4369,1764,2605
122000099,5218,794,4424
122000100,1588,911,677
122000101,294,1474,-1180
122000102,2158,1360,798
122000103,1641,1725,-84
122000104,314,232,82
122000105,329,319,10
122000106,553,648,-95
122000107,1120,688,432
122000108,390,1101,-711
122000109,468,570,-102
122000110,397,596,-199
122000111,3106,1162,1944
122000112,1090,1643,-553
122000113,778,888,-110
122000114,7185,2215,4970
122000115,2107,3124,-1017
122000116,475,617,-142
122000117,1354,440,914
122000118,366,789,-423
122000119,3811,2152,1659
122000120,2853,3356,-503
122000121,3878,2826,1052
122000122,947,1639,-692
122000123,3195,2278,917
122000124,1649,671,978
122000125,691,821,-130
122000126,935,1357,-422
122000127,2009,1195,814
122000128,901,1139,-238
122000129,383,1094,-711
122000130,3106,858,2248
122000131,1429,922,507
122000132,969,678,291
122000133,1011,1659,-648
122000134,648,633,15
122000135,867,1003,-136
122000136,513,455,58
122000137,1040,663,377
122000139,2599,3360,-761
122000140,2439,625,1814
122000141,5404,1232,4172
122000142,787,884,-97
122000143,619,417,202
122000144,1609,1187,422
122000145,2071,683,1388
122000146,728,1082,-354
122000147,1229,518,711
122000148,3654,1462,2192
122000149,2109,1459,650
122000150,1252,1076,176
122000151,250,444,-194
122000152,577,411,166
122000153,548,398,150
122000154,337,265,72
122000155,1540,2421,-881
122000156,2149,2052,97
122000157,2426,1640,786
122000158,509,543,-34
122000159,1227,2018,-791
122000160,5082,1755,3327
122000161,1044,831,213
122000162,2319,1969,350
122000163,351,125,226
122000164,41,101,-60
122000165,871,970,-99
122000166,1479,1721,-242
122000167,240,223,17
122000168,235,666,-431
122000169,749,212,537
122000170,296,327,-31
122000171,59,79,-20
122000172,1948,2245,-297
122000173,1692,3265,-1573
122000174,3167,1144,2023
122000175,1745,450,1295
122000176,419,996,-577
122000177,2131,2137,-6
122000178,3370,4457,-1087
122000179,2347,4205,-1858
122000180,2281,1637,644
122000181,2042,4296,-2254
122000182,2280,1803,477
122000183,2232,1938,294
122000184,2821,2643,178
122000185,1406,1530,-124
122000186,728,1378,-650
122000187,2535,1488,1047
122000188,590,282,308
122000189,349,554,-205
122000190,1527,1373,154
122000191,1508,728,780
122000192,976,487,489
122000193,418,820,-402
122000194,881,228,653
122000195,279,664,-385
122000196,931,749,182
122000197,630,857,-227
122000198,832,1287,-455
122000199,556,566,-10
122000200,2214,853,1361
122000201,1398,1760,-362
122000202,1305,1371,-66
122000203,2816,2066,750
122000204,1659,2588,-929
122000205,1671,1666,5
122000206,2934,1104,1830
122000207,1576,1636,-60
122000208,2674,2057,617
122000209,3737,568,3169
122000210,2439,2587,-148
122000211,1623,1461,162
122000212,955,589,366
122000213,1079,1469,-390
122000214,2102,2080,22
122000215,2424,1724,700
122000217,2638,1631,1007
122000218,1172,67,1105
122000219,1804,1289,515
122000220,411,917,-506
122000221,159,638,-479
122000222,633,122,511
122000223,1369,456,913
122000225,824,321,503
122000226,1573,2362,-789
122000227,503,3484,-2981
122000228,400,525,-125
122000229,63,567,-504
122000230,98,939,-841
122000231,296,1131,-835
122000232,603,1477,-874
122000233,1,150,-149
122000234,241,307,-66
122000235,516,348,168
122000236,637,220,417
122000237,90,82,8
122000238,255,270,-15
122000239,517,129,388
122000240,1107,456,651
122000241,1037,662,375
122000242,428,162,266
122000243,167,102,65
122000244,62,886,-824
122000245,155,478,-323
122000246,235,235,0
122000247,588,1196,-608
122000248,1982,2650,-668
122000249,606,747,-141
122000250,1674,1090,584
122000251,218,489,-271
122000252,592,124,468
122000253,23,319,-296
122000254,189,93,96
122000255,774,2102,-1328
122000256,574,1981,-1407
122000257,265,978,-713
122000258,116,120,-4
122000259,25,1020,-995
122000260,4,154,-150
122000261,19,383,-364
122000262,3,121,-118
122000263,120,139,-19
122000264,969,631,338
122000265,2994,1113,1881
122000266,5786,743,5043
122000267,68,144,-76
122000268,162,588,-426
122000269,1045,349,696
122000270,1506,200,1306
122000271,347,1578,-1231
122000272,365,1597,-1232
122000273,341,695,-354
122000274,139,257,-118
122000275,48,229,-181
122000276,450,770,-320
122000277,938,1664,-726
122000278,1004,1275,-271
122000279,164,679,-515
122000280,1048,968,80
122000281,605,1047,-442
122000282,191,142,49
122000283,381,78,303
122000284,138,96,42
122000285,379,119,260
122000286,92,215,-123
122000287,355,412,-57
122000288,717,1421,-704
122000291,1224,687,537
122000293,540,338,202
122000294,117,239,-122
122000295,1777,601,1176
122000296,75,638,-563
122000297,2726,2837,-111
122000299,1560,583,977
122000300,644,829,-185
122000301,14709,2354,12355
122000302,1108,1077,31
122000303,6020,1512,4508
122000304,28,64,-36
122000305,921,355,566
122000306,42,1230,-1188
122000307,145,197,-52
122000309,135,102,33
122000310,34,58,-24
122000311,249,135,114
122000312,190,79,111
122000313,110,52,58
122000314,230,290,-60
122000315,274,17,257
122000316,422,299,123
122000317,927,310,617
122000318,226,491,-265
122000319,5506,1485,4021
122000320,249,1956,-1707
122000321,113,414,-301
122000322,3090,5556,-2466
122000323,2183,3081,-898
122000324,2055,2340,-285
122000325,1306,1728,-422
122000326,44,207,-163
122000327,688,777,-89
122000328,1861,1222,639
122000330,2591,764,1827
122000332,346,467,-121
122000333,8,314,-306
122000337,873,2454,-1581
122000338,414,574,-160
122000340,718,513,205
122000342,4285,1436,2849
122000343,676,2848,-2172
122000344,59,42,17
122000345,5,67,-62
122000346,297,790,-493
122000348,397,972,-575
122000349,95,787,-692
122000351,148,354,-206
122000352,300,139,161
122000353,72,205,-133
122000355,185,163,22
122000356,3099,961,2138
122000357,83,18,65
122000358,1,133,-132
122000359,0,60,-60
122000360,0,51,-51
122000362,17,161,-144
122000364,110,570,-460
122000365,3,31,-28
122000366,14,11,3
122000368,523,972,-449
122000370,30,92,-62
122000371,22,0,22
122000372,22,1,21
122000381,61,561,-500
122000382,67,312,-245
122000384,6990,2774,4216
122000385,54,0,54
122000386,1113,893,220
122000387,740,804,-64
122000388,3442,769,2673
122000389,274,960,-686
122000390,634,389,245
122000391,532,220,312
122000392,250,253,-3
122000393,47,228,-181
122000394,433,478,-45
122000395,141,334,-193
122000396,266,202,64
122000397,48,103,-55
122000398,14,40,-26
122000399,158,101,57
122000400,217,415,-198
122000401,99,161,-62
122000402,235,140,95
122000403,674,1683,-1009
122000404,121,512,-391
122000408,1281,2034,-753
122000503,13,143,-130
122000524,187,114,73
122000544,73,3947,-3874
122000614,346,334,12
122000616,458,3,455
122000640,32,227,-195
122000641,65,630,-565
122000642,944,1653,-709
122000643,22,129,-107
122000644,241,37,204
122000645,87,405,-318
122000651,3376,825,2551
122000664,197,40,157
122000665,1110,686,424
122000666,749,1538,-789
122000673,33,639,-606
122000674,79,56,23
122000675,1751,1927,-176
122000686,328,2066,-1738
122000687,1408,488,920
122000688,164,1290,-1126
122000689,606,815,-209
122000690,832,1001,-169
122000691,372,4280,-3908
122000692,1133,559,574
122000693,447,2803,-2356
122000695,179,757,-578
122000696,219,468,-249
122000698,230,1533,-1303
122000699,136,41,95
122000701,1209,535,674
122000702,590,3303,-2713
122000703,148,84,64
122000717,227,79,148
122000718,829,868,-39
122000719,70,74,-4
122000720,230,384,-154
122000724,292,564,-272
122900001,32,4,28
122900002,1169,2078,-909
122900003,295,65,230
122900004,781,25,756
122900005,59,42,17
122900006,640,289,351
122900007,1396,580,816
122900008,622,54,568
122900009,955,509,446
122900010,263,250,13
122900012,202,374,-172
122900014,134,420,-286
122900015,2660,575,2085
122900016,116,418,-302
122900017,2110,1400,710
122900018,277,14,263
122900019,13,171,-158
122900020,158,196,-38
122900021,901,899,2
122900022,417,1152,-735
122900023,219,256,-37
122900024,128,140,-12
122900025,13,209,-196
122900026,265,378,-113
122900027,171,1533,-1362
122900028,115,221,-106
122900029,5707,3149,2558
122900030,2032,434,1598
122900031,482,257,225
122900032,141,249,-108
122900033,215,211,4
122900034,4779,6108,-1329
122900035,135,50,85
122900036,39,272,-233
122900037,440,165,275
122900038,264,3087,-2823
122900039,84,486,-402
122900040,303,520,-217
122900041,174,194,-20
122900042,162,365,-203
122900043,470,347,123
122900044,93,405,-312
122900045,104,126,-22
122900046,103,110,-7
122900047,611,177,434
122900048,54,258,-204
122900049,2303,158,2145
122900051,134,176,-42
122900052,68,196,-128
122900053,29,17,12
122900055,306,154,152
122900057,315,57,258
122900061,395,210,185
122900062,333,476,-143
122900063,144,498,-354
122900064,1438,1277,161
122900065,395,158,237
122900066,522,206,316
122900067,2055,1062,993
122900069,163,1171,-1008
122900070,255,40,215
122900071,327,2719,-2392
122900073,9,124,-115
122900074,281,1145,-864
122900076,8,314,-306
122900077,3,341,-338
122900078,97,225,-128
122900080,441,36,405
122900081,231,231,0
122900082,746,294,452
122900083,245,141,104
122900084,30,499,-469
122900086,147,1089,-942
122900087,163,581,-418
122900088,75,115,-40
122900089,28,579,-551
122900090,27,2376,-2349
122900091,129,7,122
122900092,0,258,-258
122900093,2,596,-594
122900094,1,460,-459
122900095,156,6,150
122900096,241,629,-388
122900097,20,20,0
122900098,161,276,-115
122900099,25,5,20
122900100,433,359,74
122900101,1227,291,936
122900102,15,11,4
122900103,97,8,89
122900104,55,7,48
122900105,6,9,-3
122900106,39,107,-68
122900107,3,176,-173
122900108,14,736,-722
122900109,71,214,-143
123000001,2491,503,1988
123000002,7739,3513,4226
123000003,4317,3910,407
123000004,3812,6351,-2539
123000005,2953,3275,-322
123000006,3535,4084,-549
123000007,3951,2984,967
123000008,3173,4997,-1824
123000009,4926,3321,1605
123000010,4120,4916,-796
123000011,5014,959,4055
123000012,1504,3332,-1828
123000013,3818,1029,2789
123000014,1794,5322,-3528
123000015,5421,1077,4344
123000016,9513,3683,5830
123000017,3927,1553,2374
123000018,53,119,-66
123000019,109,392,-283
123000020,83,179,-96
123000021,67,218,-151
123000022,586,1499,-913
123000023,1389,1617,-228
123000024,1384,691,693
123000025,150,123,27
123000026,16,217,-201
123000027,240,448,-208
123000028,1145,198,947
123000029,1066,513,553
123000030,279,991,-712
123000031,89,655,-566
123000032,265,415,-150
123000033,241,113,128
123000034,950,796,154
123000035,293,329,-36
123000036,305,740,-435
123000037,299,379,-80
123000038,118,299,-181
123000039,607,1173,-566
123000040,1682,452,1230
123000041,1663,782,881
123000042,1452,540,912
123000043,4705,5931,-1226
123000044,7591,2519,5072
123000045,13997,2943,11054
123000046,1116,1010,106
123000047,2267,1937,330
123000048,49,465,-416
123000049,8828,5874,2954
123000050,1008,1527,-519
123000051,91,240,-149
123000052,664,3628,-2964
123000053,2343,4224,-1881
123000054,1130,1478,-348
123000055,1089,1474,-385
123000056,1772,2494,-722
123000057,22455,7097,15358
123000058,783,898,-115
123000059,473,695,-222
123000060,779,426,353
123000061,168,1050,-882
123000063,691,898,-207
123000064,902,292,610
123000065,10010,4576,5434
123000066,1373,1272,101
123000067,621,729,-108
123000068,3823,5347,-1524
123000069,8812,5250,3562
123000070,275,1229,-954
123000071,686,1429,-743
123000072,1031,2316,-1285
123000073,918,1251,-333
123000074,1042,3249,-2207
123000075,414,1234,-820
123000076,633,1738,-1105
123000077,2909,5418,-2509
123000078,1220,2210,-990
123000079,1145,2328,-1183
123000080,2250,3790,-1540
123000081,175,926,-751
123000082,485,1865,-1380
123000083,973,206,767
123000084,598,1267,-669
123000085,139,157,-18
123000086,277,729,-452
123000087,205,751,-546
123000088,1088,1834,-746
123000089,524,1828,-1304
123000090,1217,1693,-476
123000091,1869,1843,26
123000092,1494,1535,-41
123000094,402,405,-3
123000095,461,715,-254
123000096,481,619,-138
123000097,386,1775,-1389
123000098,607,816,-209
123000099,582,1386,-804
123000100,521,707,-186
123000101,659,625,34
123000102,718,687,31
123000104,396,466,-70
123000105,639,822,-183
123000106,540,492,48
123000107,394,921,-527
123000108,1002,2223,-1221
123000111,701,347,354
123000112,772,979,-207
123000113,642,2837,-2195
123000114,592,616,-24
123000115,219,398,-179
123000116,51,285,-234
123000117,1408,3322,-1914
123000118,400,1466,-1066
123000119,236,1845,-1609
123000120,408,1420,-1012
123000121,472,873,-401
123000122,450,354,96
123000123,470,856,-386
123000124,594,753,-159
123000125,1383,1251,132
123000126,1784,3204,-1420
123000127,1222,1270,-48
123000128,363,596,-233
123000129,456,358,98
123000130,351,99,252
123000131,698,695,3
123000132,423,828,-405
123000133,422,570,-148
123000134,652,251,401
123000135,1488,1946,-458
123000136,214,1932,-1718
123000137,86,581,-495
123000138,100,683,-583
123000139,390,224,166
123000140,171,956,-785
123000141,806,154,652
123000142,1208,1345,-137
123000143,1535,3595,-2060
123000144,39,12,27
123000145,284,153,131
123000146,85,123,-38
123000147,184,190,-6
123000149,423,470,-47
123000150,230,307,-77
123000151,345,454,-109
123000152,65,561,-496
123000153,189,595,-406
123000154,2721,1960,761
123000155,3617,1011,2606
123000156,45,116,-71
123000157,749,1024,-275
123000158,850,761,89
123000159,4551,2391,2160
123000160,707,620,87
123000161,1249,1020,229
123000162,559,1632,-1073
123000163,273,76,197
123000164,1096,265,831
123000165,346,2795,-2449
123000166,30,296,-266
123000167,132,427,-295
123000168,147,504,-357
123000169,519,132,387
123000170,73,650,-577
123000171,284,153,131
123000172,157,875,-718
123000173,466,239,227
123000174,831,298,533
123000175,1197,1609,-412
123000176,672,171,501
123000177,404,1538,-1134
123000178,805,165,640
123000179,43,1264,-1221
123000180,1117,439,678
123000181,442,2092,-1650
123000182,158,705,-547
123000183,159,376,-217
123000184,67,1217,-1150
123000185,445,673,-228
123000186,8,865,-857
123000187,349,2,347
123000188,144,1,143
123000189,160,253,-93
123000190,45,83,-38
123000192,16,457,-441
123000193,65,846,-781
123000194,679,431,248
123000195,239,25,214
123000196,237,10,227
123000197,30,174,-144
123000198,14,318,-304
123000199,8,715,-707
123000200,316,13,303
123000201,664,15,649
123000202,36,1640,-1604
123000203,757,57,700
123000204,70,1554,-1484
123000205,598,2801,-2203
123000206,1447,167,1280
123000207,183,1478,-1295
123000208,379,126,253
123000209,1652,526,1126
123000210,467,2340,-1873
123000211,572,3717,-3145
123000212,2146,376,1770
123000213,513,55,458
123000215,169,155,14
123000216,250,481,-231
123000217,135,42,93
123000218,87,438,-351
123000219,1442,55,1387
123000220,542,92,450
123000221,134,204,-70
123000222,306,747,-441
123000223,142,905,-763
123000224,387,902,-515
123000225,219,164,55
123000226,73,559,-486
123000227,56,481,-425
123000228,190,102,88
123000229,1501,3026,-1525
123000232,106,747,-641
123000233,589,194,395
123000234,174,894,-720
123000235,432,422,10
123000236,230,1241,-1011
123000237,281,96,185
123000238,100,1042,-942
123000239,520,3015,-2495
123000240,42,419,-377
123000241,1192,185,1007
123000242,95,295,-200
123000243,686,1349,-663
123000244,921,711,210
123000245,112,208,-96
123000249,734,1105,-371
123000252,568,194,374
123000253,666,398,268
123000254,515,1375,-860
123000255,790,847,-57
123000256,40,289,-249
123000257,4829,3094,1735
123000258,996,1664,-668
123000259,277,587,-310
123000260,433,920,-487
123000261,119,280,-161
123000262,116,458,-342
123000263,309,168,141
123000264,187,55,132
123000265,63,267,-204
123000266,509,972,-463
123000267,379,411,-32
123000268,26,109,-83
123000269,50,59,-9
123000270,45,40,5
123000271,85,121,-36
123000272,1005,325,680
123000273,243,557,-314
123000274,967,596,371
123000275,245,1433,-1188
123000278,4230,3068,1162
123000279,91,130,-39
123000280,280,503,-223
123000281,312,109,203
123000282,80,340,-260
123000283,100,53,47
123000284,66,186,-120
123000286,290,338,-48
123000287,609,387,222
123000288,948,636,312
123000289,571,814,-243
123000291,332,1059,-727
123000294,373,304,69
123000295,849,861,-12
123000296,396,435,-39
123000297,400,1688,-1288
123000298,410,1165,-755
123000299,69,487,-418
123000300,810,1015,-205
123000301,125,292,-167
123000302,75,295,-220
123000303,103,106,-3
123000305,1218,1160,58
123000306,60,401,-341
123000309,67,96,-29
123000310,43,35,8
123000311,0,193,-193
123000312,1509,1197,312
123000313,305,406,-101
123000315,46,560,-514
123000316,3313,200,3113
123000317,294,76,218
123000318,74,443,-369
123000329,10,19,-9
123000337,324,306,18
123000338,520,68,452
123000339,165,431,-266
123000340,160,536,-376
123000342,16,330,-314
123000343,103,2,101
123000344,1571,669,902
123000345,415,990,-575
123000346,301,121,180
123000352,3050,1023,2027
123000353,16,264,-248
123000354,246,2,244
123000355,2,848,-846
123000356,165,9,156
123000357,2,487,-485
123000359,2,273,-271
123000360,258,50,208
123000361,1018,319,699
123000362,220,245,-25
123000363,54,287,-233
123000364,485,391,94
123000365,30,361,-331
123000366,322,1814,-1492
123000367,268,1679,-1411
123000370,34,565,-531
123000371,407,25,382
123000372,242,18,224
123000373,6,642,-636
123000374,9,342,-333
123000375,229,14,215
123000376,886,850,36
123000377,205,22,183
123000378,9,693,-684
123000379,2,281,-279
123000380,50,240,-190
123000381,255,45,210
123000382,1487,79,1408
123000383,389,899,-510
123000384,582,100,482
123000385,339,1157,-818
123000436,115,1057,-942
123000507,283,705,-422
123000508,275,566,-291
123000517,355,30,325
123000518,66,499,-433
123000519,130,118,12
123000520,121,411,-290
123000521,319,135,184
123000522,207,1041,-834
123000541,0,0,0
123000542,0,47,-47
123000565,493,47,446
123000566,118,1422,-1304
123000567,161,458,-297
123000573,37,1466,-1429
123000574,411,108,303
123000575,1183,1740,-557
123000576,559,3982,-3423
123000577,72,913,-841
123000578,861,73,788
123000579,5793,4086,1707
123000580,86,26,60
123000582,299,32,267
123000583,15,795,-780
123000584,94,285,-191
123000585,0,146,-146
123000586,84,0,84
123000596,144,217,-73
123000597,63,161,-98
123000602,19,1,18
123000603,354,1272,-918
123000604,553,2132,-1579
123000605,1072,6,1066
123000606,2,270,-268
123000609,22,349,-327
123000610,180,137,43
123000613,51,370,-319
123000614,113,74,39
123000615,53,498,-445
123000616,273,94,179
123000617,111,676,-565
123000618,90,934,-844
123000619,461,47,414
123000620,15,942,-927
123000622,253,13,240
123000624,138,257,-119
123000630,765,444,321
123000631,291,3764,-3473
123000632,1723,2074,-351
123000633,1,507,-506
123000634,193,94,99
123000635,384,101,283
123000636,16,1273,-1257
123000637,169,97,72
123000638,461,239,222
123000639,1199,2643,-1444
123000640,58,1701,-1643
123000648,304,109,195
123000649,91,1136,-1045
123900001,1636,77,1559
123900002,34,1123,-1089
123900003,383,1052,-669
123900005,232,140,92
123900006,227,43,184
124000001,1439,127,1312
124000002,126,3279,-3153
124000003,552,153,399
124000004,83,1154,-1071
124000005,729,318,411
124000006,357,1890,-1533
124000007,1058,93,965
124000008,35,706,-671
124000009,414,493,-79
124000010,212,926,-714
124000011,886,447,439
124000012,329,962,-633
124000017,117,131,-14
124000018,62,108,-46
124000019,125,114,11
124000020,57,268,-211
124000021,113,92,21
124000022,87,233,-146
124000023,1341,1371,-30
124000024,1103,879,224
124000025,1065,1545,-480
124000026,1525,1377,148
124000027,4703,4357,346
124000028,3219,4813,-1594
124000030,3656,1375,2281
124000031,1178,1594,-416
124000032,10377,1661,8716
124000033,899,549,350
124000034,5203,1695,3508
124000035,247,141,106
124000036,257,1010,-753
124000037,297,785,-488
124000038,63,135,-72
124000039,945,376,569
124000040,795,834,-39
124000041,289,59,230
124000042,90,529,-439
124000043,113,108,5
124000044,76,373,-297
124000045,468,784,-316
124000046,289,1279,-990
124000047,1171,1321,-150
124000048,844,3310,-2466
124000049,1180,880,300
124000050,792,3935,-3143
124000051,550,588,-38
124000052,637,2133,-1496
124000053,519,1265,-746
124000054,1098,1088,10
124000055,1292,1856,-564
124000056,6591,1983,4608
124000057,816,605,211
124000058,469,2221,-1752
124000059,460,835,-375
124000060,1261,1408,-147
124000061,1376,3893,-2517
124000062,11703,2468,9235
124000063,1577,2204,-627
124000064,3134,2225,909
124000065,931,431,500
124000066,511,63,448
124000067,102,326,-224
124000068,22,154,-132
124000069,608,446,162
124000070,179,752,-573
124000071,222,95,127
124000072,236,725,-489
124000073,770,156,614
124000074,237,1104,-867
124000075,164,47,117
124000076,5,381,-376
124000077,2891,888,2003
124000078,2102,1051,1051
124000079,738,1209,-471
124000080,239,182,57
124000081,157,1190,-1033
124000082,62,164,-102
124000083,97,389,-292
124000084,74,295,-221
124000085,64,85,-21
124000086,45,113,-68
124000087,108,79,29
124000088,146,711,-565
124000089,540,518,22
124000090,178,572,-394
124000091,664,226,438
124000092,198,1070,-872
124000093,96,125,-29
124000094,146,601,-455
124000095,74,106,-32
124000096,127,501,-374
124000097,129,137,-8
124000098,68,234,-166
124000099,212,128,84
124000100,73,140,-67
124000101,66,102,-36
124000102,114,149,-35
124000103,92,106,-14
124000104,102,147,-45
124000105,45,100,-55
124000106,223,175,48
124000107,9,183,-174
124000108,87,77,10
124000109,102,94,8
124000110,279,236,43
124000111,225,223,2
124000112,467,963,-496
124000113,41,101,-60
124000114,219,872,-653
124000115,349,1180,-831
124000116,99,113,-14
124000117,120,141,-21
124000118,44,92,-48
124000119,1111,852,259
124000120,533,914,-381
124000121,4562,1003,3559
124000122,1019,1474,-455
124000123,1045,515,530
124000124,765,1071,-306
124000125,364,516,-152
124000126,377,792,-415
124000127,713,433,280
124000128,674,1283,-609
124000129,1957,1579,378
124000130,801,911,-110
124000131,931,552,379
124000132,937,1066,-129
124000133,819,871,-52
124000134,747,1067,-320
124000135,1779,1686,93
124000136,1114,1433,-319
124000137,1152,742,410
124000138,1516,1509,7
124000139,841,123,718
124000140,58,1024,-966
124000141,486,24,462
124000142,100,1268,-1168
124000143,80,15,65
124000144,5,250,-245
124000145,69,38,31
124000146,27,146,-119
124000148,9,77,-68
124000149,938,344,594
124000150,427,884,-457
124000151,617,430,187
124000152,1014,1750,-736
124000153,486,769,-283
124000154,344,1268,-924
124000155,1106,925,181
124000156,2179,1333,846
124000169,199,411,-212
124000170,928,561,367
124000171,260,329,-69
124000172,286,822,-536
124000173,309,503,-194
124000174,257,1081,-824
124000175,13,155,-142
124000176,15,17,-2
124000177,14,39,-25
124000178,35,38,-3
124000185,27,18,9
124000186,8,213,-205
124000187,12,271,-259
124000188,37,14,23
124000190,339,43,296
124000191,1813,173,1640
124000192,2156,340,1816
124000193,643,1397,-754
124000194,501,700,-199
124000195,302,707,-405
124000196,1039,1555,-516
124000197,49,99,-50
124000198,32,44,-12
124000201,354,1770,-1416
124000202,441,220,221
124000203,161,1915,-1754
124000204,376,1224,-848
124000205,40,1171,-1131
124000206,364,831,-467
124000207,0,60,-60
124000209,466,1207,-741
124000210,223,268,-45
124000211,351,0,351
124000212,3,876,-873
124000213,200,761,-561
124000214,212,1647,-1435
124000215,177,16,161
124000216,5,894,-889
124000329,119,4622,-4503
124000338,73,2750,-2677
124000339,440,109,331
124000341,629,95,534
124000344,143,152,-9
124000357,974,2674,-1700
124000358,742,1615,-873
124000359,739,801,-62
124000360,502,553,-51
124000361,1511,842,669
124000362,2094,2648,-554
124000363,332,651,-319
124000364,660,1254,-594
124000365,699,1470,-771
124000366,2654,869,1785
124000367,174,1205,-1031
124000368,328,277,51
124000369,192,116,76
124000370,95,836,-741
124000402,29,11,18
124000403,109,10,99
124000404,18,170,-152
124000405,962,755,207
124000406,1205,1021,184
124000407,17,65,-48
124000411,11,621,-610
124000412,235,10,225
124000413,472,69,403
124000414,40,106,-66
124000415,80,355,-275
124000416,160,627,-467
124000417,80,129,-49
124000418,110,129,-19
124000419,77,336,-259
124000420,47,78,-31
124000421,45,507,-462
124000422,23,12,11
124000423,113,69,44
124000424,15,290,-275
124000425,90,8,82
124000426,5,461,-456
124000427,99,4,95
124000428,37,46,-9
124000429,41,71,-30
124000430,734,1099,-365
124000431,343,1149,-806
124000432,160,1183,-1023
124000439,4,34,-30
124000443,0,15,-15
124000445,400,686,-286
124000446,4213,132,4081
124000447,24,113,-89
124000448,44,7,37
124000449,63,18,45
124000450,33,825,-792
124000451,1,435,-434
124900001,305,290,15
124900002,118,658,-540
124900003,764,667,97
124900004,462,473,-11
124900005,245,359,-114
124900006,502,511,-9
124900008,1435,627,808
124900009,172,241,-69
124900010,116,83,33
124900011,288,234,54
124900012,356,89,267
124900013,382,151,231
124900014,227,119,108
124900015,168,242,-74
124900016,67,84,-17
124900017,731,537,194
124900018,43,5,38
124900020,51,55,-4
124900021,136,47,89
124900022,23,9,14
124900024,231,45,186
124900026,119,24,95
124900027,64,280,-216
124900028,867,163,704
124900029,11,420,-409
124900030,6,244,-238
124900031,22,496,-474
124900032,321,253,68
124900033,89,555,-466
124900034,6,169,-163
124900035,229,690,-461
124900036,2,66,-64
124900037,165,663,-498
124900038,268,507,-239
124900039,1,45,-44
124900040,110,110,0
124900041,321,1880,-1559
124900042,97,0,97
124900043,506,1870,-1364
124900044,74,2,72
124900045,654,1120,-466
124900047,127,291,-164
124900048,181,287,-106
124900050,176,504,-328
124900052,133,423,-290
124900053,53,489,-436
124900054,6166,479,5687
124900055,0,133,-133
124900057,13,112,-99
124900060,91,430,-339
124900061,34,13,21
124900062,65,24,41
124900066,0,20,-20
124900067,9,452,-443
124900068,213,389,-176
124900070,47,28,19
124900072,71,18,53
124900075,160,226,-66
124900076,19,719,-700
124900077,31,185,-154
124900078,66,14,52
124900079,1192,119,1073
124900080,276,1121,-845
124900081,713,339,374
124900082,421,1684,-1263
124900083,234,749,-515
124900085,1360,265,1095
124900086,66,1055,-989
124900087,661,65,596
124900088,667,114,553
124900089,2103,49,2054
124900090,224,272,-48
124900091,246,896,-650
124900092,241,670,-429
124900093,204,163,41
124900094,319,322,-3
124900095,69,429,-360
124900096,585,263,322
124900097,176,53,123
124900098,108,573,-465
124900099,795,511,284
124900100,215,85,130
124900101,53,368,-315
124900102,172,53,119
124900103,139,579,-440
124900104,44,413,-369
124900105,104,301,-197
124900106,269,82,187
124900107,84,31,53
124900108,288,46,242
124900111,0,92,-92
124900112,85,1216,-1131
124900113,153,324,-171
124900114,265,130,135
124900115,40,28,12
124900116,156,123,33
124900117,1564,175,1389
124900118,185,156,29
124900119,354,133,221
124900120,38,638,-600
124900121,131,237,-106
124900122,891,322,569
124900123,478,91,387
124900124,183,236,-53
204000001,60,22,38
204000002,30,18,12
204000003,27,0,27
204000004,5,0,5
204000005,533,646,-113
204000006,1018,2027,-1009
204000011,5,76,-71
204000012,57,135,-78
204000019,498,629,-131
204000020,516,1253,-737
204000021,2705,1182,1523
204000022,490,667,-177
204000023,440,1405,-965
204000031,129,21,108
204000032,586,48,538
204000034,26,325,-299
204000035,5,2,3
204000036,8,33,-25
204000037,1,26,-25
204000038,0,40,-40
204000039,5,58,-53
204000040,1,75,-74
204000041,8,70,-62
204000042,27,12,15
204000043,17,5,12
204000044,24,5,19
204000045,28,2,26
204000046,8,2,6
204000057,4,26,-22
204000062,15,344,-329
204000068,29,223,-194
204000069,24,257,-233
204000070,69,137,-68
204000080,42,69,-27
204000085,1506,2162,-656
204000086,3492,2641,851
204000087,43,22,21
204000088,16,137,-121
204000090,26,512,-486
204000093,151,193,-42
204000096,674,1105,-431
204000097,267,219,48
204000099,935,1593,-658
204000100,1053,1645,-592
204000105,1896,2223,-327
204000110,912,1493,-581
204000111,388,1017,-629
204000112,519,1237,-718
204000113,426,1355,-929
204000114,594,669,-75
204000115,460,540,-80
204000116,597,807,-210
204000119,1641,2661,-1020
204000132,475,250,225
204000133,614,352,262
204000134,153,138,15
204000135,368,174,194
204000136,276,367,-91
204000138,285,281,4
204000140,167,135,32
204000141,148,94,54
204000144,1,47,-46
204000145,530,39,491
204000146,23,625,-602
204000147,33,185,-152
204000148,365,62,303
204000154,0,0,0
204000155,2,14,-12
204000177,69,120,-51
204000179,14,14,0
204000180,0,33,-33
204000222,2,4,-2
204000235,6,20,-14
204000236,69,416,-347
204000238,12,81,-69
204000240,304,82,222
204000263,652,1826,-1174
204000268,1211,886,325
204000308,261,54,207
204000317,13,92,-79
204000322,10,45,-35
204000323,52,22,30
204000328,277,262,15
204000329,106,306,-200
204000330,265,315,-50
204000331,100,226,-126
205000001,1192,1685,-493
205000013,12,76,-64
205000014,23,96,-73
205000015,28,247,-219
205000016,15,184,-169
205000017,19,96,-77
205000022,342,783,-441
205000025,2094,1273,821
205000029,171,3,168
205000045,113,313,-200
205000046,87,789,-702
205000047,26,755,-729
205000048,285,1557,-1272
205000049,157,1003,-846
205000050,1840,398,1442
205000059,1,287,-286
205000060,0,108,-108
205000061,3,58,-55
205000062,11,59,-48
205000063,18,196,-178
205000064,8,149,-141
205000065,70,782,-712
205000066,123,1065,-942
205000067,57,1420,-1363
205000069,199,38,161
205000082,152,424,-272
205000110,112,240,-128
205000111,206,299,-93
205000112,150,230,-80
205000113,172,331,-159
205000121,218,131,87
205000123,74,197,-123
205000126,541,242,299
205000127,734,276,458
205000128,650,175,475
205000129,698,178,520
205000130,899,56,843
205000131,692,8,684
205000132,807,4,803
205000133,396,1,395
205000134,212,0,212
205000137,78,144,-66
205000138,208,302,-94
205000139,33,97,-64
205000144,91,135,-44
205000145,309,278,31
205000151,195,75,120
205000152,200,74,126
205000153,150,124,26
205000154,61,110,-49
205000155,125,29,96
205000207,3,223,-220
205000233,56,18,38
205000234,1,1,0
205000243,0,0,0
205000244,0,9,-9
205000245,16,438,-422
205000249,0,35,-35
205000250,3,2,1
205000264,3,105,-102
206000027,11,3,8
206000028,3,5,-2
206000043,1,180,-179
206000053,2,13,-11
206000054,11,40,-29
206000055,0,28,-28
206000075,3,10,-7
206000076,30,12,18
206000077,23,12,11
206000078,12,2,10
206000079,7,10,-3
206000082,419,29,390
206000100,92,1107,-1015
206000103,10,28,-18
206000104,19,32,-13
206000105,2,20,-18
206000106,12,58,-46
206000125,66,0,66
206000157,84,1053,-969
206000170,0,268,-268
206000171,5,287,-282
206000172,5,1382,-1377
206000173,5,469,-464
206000174,6,193,-187
206000175,4,310,-306
206000176,18,521,-503
206000177,2,370,-368
206000178,3,340,-337
206000179,7,143,-136
206000180,14,378,-364
206000181,14,651,-637
206000182,26,496,-470
206000183,16,1760,-1744
206000184,3,747,-744
206000185,28,629,-601
206000186,103,2780,-2677
206000223,8,371,-363
206000226,6,13,-7
206000227,22,2,20
206000237,23,728,-705
206000238,43,1129,-1086
206000239,961,3797,-2836
206000240,1,93,-92
206000241,0,275,-275
206000242,23,676,-653
206000243,3,712,-709
206000244,67,1565,-1498
206000245,398,45,353
206000246,64,21,43
206000247,118,22,96
206000248,247,24,223
206000252,61,37,24
206000258,22,59,-37
206000315,71,4,67
206000317,258,88,170
206000318,228,52,176
206000319,517,92,425
206000320,47,30,17
206000321,55,5,50
206000322,174,19,155
206000323,85,7,78
206000324,74,7,67
206000325,110,20,90
206000326,132,11,121
206000327,330,11,319
206000328,78,3,75
206000329,96,7,89
206000330,28,7,21
206000331,54,1,53
206000332,24,2,22
206000333,287,3,284
206000334,179,3,176
206000335,0,25,-25
206000361,5,331,-326
206000392,1,72,-71
206000405,161,2,159
206000441,14,20,-6
206000498,52,24,28
206000515,127,30,97
206000530,110,41,69
206000531,173,124,49
206000532,4153,182,3971
206000535,545,3860,-3315
206000536,24,563,-539
206000537,16,301,-285
206000613,1368,178,1190
206000784,460,35,425
207000001,125,572,-447
207000002,117,448,-331
207000003,139,326,-187
207000007,609,250,359
207000008,40,5,35
207000009,67,28,39
207000010,468,1009,-541
207000012,219,284,-65
207000015,328,2762,-2434
207000019,273,107,166
207000021,483,165,318
207000022,214,103,111
207000023,174,56,118
207000024,1,12,-11
207000025,19,85,-66
207000026,112,41,71
207000027,20,81,-61
207000028,118,254,-136
207000029,310,477,-167
207000033,212,377,-165
207000034,224,97,127
207000039,257,164,93
207000040,164,136,28
207000041,65,46,19
207000042,227,66,161
207000043,164,174,-10
207000051,102,431,-329
207000052,25,273,-248
207000053,458,940,-482
207000054,33,190,-157
207000055,117,316,-199
207000056,262,679,-417
207000057,130,459,-329
207000058,124,732,-608
207000059,103,1412,-1309
207000060,46,410,-364
207000061,179,267,-88
207000062,220,48,172
207000063,210,179,31
207000064,281,188,93
207000065,239,221,18
207000066,130,206,-76
207000067,48,138,-90
207000068,145,89,56
207000069,688,417,271
207000082,34,675,-641
207000083,76,641,-565
207000084,140,273,-133
207000085,146,27,119
207000086,106,5,101
207000106,39,21,18
207000107,43,20,23
207000108,43,20,23
207000109,28,11,17
207000110,58,67,-9
207000111,31,69,-38
207000112,186,368,-182
207000114,7,62,-55
207000115,21,79,-58
207000116,17,438,-421
207000117,22,151,-129
207000118,9,90,-81
207000119,44,134,-90
207000123,154,28,126
207000124,55,15,40
207000125,55,41,14
207000126,96,50,46
207000134,46,381,-335
207000135,25,467,-442
207000148,29,221,-192
207000149,94,62,32
207000152,189,401,-212
207000153,927,1225,-298
207000154,500,149,351
207000159,97,382,-285
207000160,173,916,-743
207000238,0,201,-201
207000242,7,318,-311
207000248,23,30,-7
207000249,198,64,134
207000250,1047,81,966
207000251,122,94,28
207000252,70,82,-12
207000278,80,89,-9
207000279,25,328,-303
207000280,317,74,243
207000281,91,2156,-2065
207000282,290,80,210
207000283,146,461,-315
207000284,80,115,-35
207000285,219,73,146
207000291,9,146,-137
207000304,103,59,44
207000306,62,578,-516
207000310,36,55,-19
207000353,241,5,236
207000356,21,35,-14
207000357,21,9,12
207000358,8,24,-16
207000415,18,229,-211
207000417,19,4,15
207000418,107,186,-79
207000438,0,1,-1
207000439,974,499,475
207000446,151,7,144
207000460,18,19,-1
207000466,297,203,94
207000467,147,109,38
207000468,50,788,-738
207000476,2,120,-118
207000477,470,127,343
207000478,0,19,-19
207000523,0,37,-37
207000524,60,0,60
207000527,84,168,-84
207000530,268,23,245
207000531,241,10,231
207000532,57,17,40
207000534,638,31,607
207000535,70,386,-316
207000537,25,150,-125
207000540,10,210,-200
207000541,2,469,-467
207000548,16,439,-423
207000549,215,10,205
207000561,118,173,-55
207000562,47,259,-212
207000567,182,387,-205
207000568,107,174,-67
207000569,304,1714,-1410
207000584,366,201,165
207000585,58,319,-261
207000587,57,39,18
207000616,1,247,-246
207000617,138,0,138
207000624,66,38,28
207000631,2,50,-48
207900008,149,381,-232
208000001,412,997,-585
208000002,513,634,-121
208000003,926,866,60
208000004,1103,1041,62
208000005,26,21,5
208000019,447,1046,-599
208000020,181,479,-298
208000021,184,945,-761
208000022,815,1052,-237
208000028,1725,973,752
208000033,461,1228,-767
208000034,1455,2684,-1229
208000037,658,76,582
208000040,133,195,-62
208000041,885,566,319
208000042,999,721,278
208000047,142,640,-498
208000064,2717,1845,872
208000066,1528,1550,-22
208000070,289,487,-198
208000071,324,1166,-842
208000072,327,1730,-1403
208000080,186,489,-303
208000081,277,323,-46
208000082,278,475,-197
208000083,133,529,-396
208000084,25,15,10
208000085,1058,792,266
208000086,496,1143,-647
208000087,331,934,-603
208000089,842,1110,-268
208000090,713,1672,-959
208000093,108,178,-70
208000094,515,959,-444
208000095,622,547,75
208000104,837,1391,-554
208000105,648,1353,-705
208000114,58,221,-163
208000115,489,523,-34
208000116,363,1128,-765
208000117,121,153,-32
208000118,115,144,-29
208000155,633,1216,-583
208000158,1689,3976,-2287
208000186,3418,3653,-235
208000204,517,1481,-964
208000205,1124,2145,-1021
208000282,4804,2570,2234
209000004,185,257,-72
209000005,52,32,20
209000006,713,125,588
209000007,445,259,186
209000010,605,183,422
209000011,281,268,13
209000012,116,349,-233
209000013,235,859,-624
209000014,646,2503,-1857
209000025,228,28,200
209000026,557,108,449
209000027,449,1561,-1112
209000028,310,1487,-1177
209000029,926,1431,-505
209000030,629,2652,-2023
209000031,6736,3489,3247
209000034,179,212,-33
209000035,119,210,-91
209000036,185,163,22
209000037,174,341,-167
209000038,101,240,-139
209000039,60,236,-176
209000040,385,629,-244
209000041,189,512,-323
209000042,283,502,-219
209000043,832,856,-24
209000044,220,875,-655
209000045,1194,468,726
209000046,461,647,-186
209000047,373,272,101
209000048,463,234,229
209000049,102,205,-103
209000050,186,369,-183
209000051,310,633,-323
209000052,186,609,-423
209000062,51,274,-223
209000063,29,221,-192
209000064,24,236,-212
209000065,37,53,-16
209000066,38,76,-38
209000067,55,128,-73
209000080,47,246,-199
209000082,73,49,24
209000091,37,187,-150
209000093,65,52,13
209000094,228,243,-15
209000110,34,111,-77
209000111,360,1542,-1182
209000112,652,705,-53
209000113,1719,515,1204
209000114,297,420,-123
209000115,101,285,-184
209000116,1252,1006,246
209000118,40,85,-45
209000119,51,24,27
209000121,156,1012,-856
209000135,89,126,-37
209000142,633,1269,-636
209000143,146,138,8
209000144,85,115,-30
209000229,178,276,-98
209000240,38,654,-616
209000259,100,215,-115
209000260,80,1243,-1163
209000261,5,777,-772
209000262,2,757,-755
209000263,0,202,-202
209000264,0,92,-92
209000265,279,12,267
209000266,60,1,59
209000267,449,6,443
209000268,452,28,424
210000037,74,29,45
210000047,54,44,10
210000048,70,45,25
210000049,52,53,-1
210000052,23,201,-178
210000053,16,143,-127
210000054,40,167,-127
210000070,88,3,85
210000071,55,0,55
210000072,28,0,28
210000073,0,57,-57
210000074,1,170,-169
210000075,1,85,-84
210000076,10,157,-147
210000077,77,50,27
210000078,95,42,53
210000079,98,29,69
210000080,226,44,182
210000081,164,13,151
210000082,58,0,58
210000083,84,0,84
210000084,30,0,30
210000085,1,124,-123
210000086,3,146,-143
210000099,38,334,-296
210000100,62,330,-268
210000101,107,403,-296
210000105,59,314,-255
210000159,2,166,-164
210000163,236,426,-190
210000164,268,135,133
210000168,225,29,196
210000187,0,36,-36
210000188,2,25,-23
210000214,37,0,37
210000219,17,107,-90
210000220,66,188,-122
210000232,5,9,-4
210000233,30,64,-34
210000234,29,222,-193
210000235,49,208,-159
210000245,1,100,-99
210000246,25,2,23
210000258,13,111,-98
210000259,322,30,292
210000282,82,220,-138
210000285,4,119,-115
210000286,14,155,-141
210000290,9,9,0
210000295,29,287,-258
210000296,50,163,-113
210000320,175,201,-26
210000321,149,124,25
210000338,90,236,-146
210000339,607,1257,-650
210000340,112,440,-328
210000341,157,355,-198
210000342,204,274,-70
210000343,139,321,-182
210000344,306,164,142
210000345,243,218,25
210000346,89,126,-37
210000347,179,28,151
210000348,153,15,138
210000349,119,16,103
210000350,85,75,10
210000351,67,117,-50
210000352,41,150,-109
210000353,41,200,-159
210000354,67,126,-59
210000355,80,139,-59
210000356,126,93,33
210000357,109,83,26
210000358,535,128,407
210000359,237,73,164
210000360,165,137,28
210000361,137,228,-91
210000362,192,207,-15
210000363,1019,178,841
210000364,109,137,-28
210000365,83,48,35
210000366,123,79,44
210000367,83,44,39
210000368,181,35,146
210000369,30,49,-19
210000370,53,93,-40
210000372,88,66,22
210000373,155,36,119
210000374,67,35,32
210000375,24,119,-95
210000376,70,201,-131
210000404,99,249,-150
210000439,34,107,-73
210000472,74,12,62
210000482,123,72,51
210000564,492,250,242
210000567,0,27,-27
210000568,652,1,651
211000092,33,112,-79
211000094,49,18,31
211000169,243,11,232
211000172,14,481,-467
211000209,2,23,-21
211000226,17,52,-35
211000270,43,25,18
211000275,37,29,8
211000276,71,60,11
211000279,23,100,-77
211000281,30,90,-60
211000302,25,172,-147
211507980,4,47,-43
211977296,41,6,35
212000003,138,57,81
212000004,100,39,61
212000005,33,44,-11
212000006,48,159,-111
212000008,128,401,-273
212000009,24,324,-300
212000012,51,98,-47
212000013,10,56,-46
212000014,221,211,10
212000015,208,331,-123
212000016,407,769,-362
212000027,421,805,-384
212000028,246,679,-433
212000029,153,415,-262
212000030,30,36,-6
212000031,37,98,-61
212000048,34,112,-78
212000049,13,86,-73
212000050,12,13,-1
212000051,192,347,-155
212000052,135,545,-410
212000053,304,788,-484
212000054,134,224,-90
212000055,236,494,-258
212000056,16,51,-35
212000057,13,30,-17
212000058,603,32,571
212000070,117,448,-331
212000077,136,1053,-917
212000099,186,335,-149
212000108,313,287,26
212000111,174,207,-33
212000120,258,181,77
212000138,75,23,52
212000156,5,169,-164
212000158,8,8,0
212000159,234,76,158
212000160,320,314,6
212000161,46,18,28
212000310,26,16,10
212000311,8,98,-90
212000374,26,21,5
213000001,28,997,-969
213000005,277,142,135
213000006,976,186,790
213000007,142,17,125
213000009,663,344,319
213000010,203,266,-63
213000011,210,162,48
213000012,131,398,-267
213000014,48,8,40
213000015,235,1,234
213000016,392,0,392
213000017,65,0,65
213000018,7,276,-269
213000019,4,283,-279
213000020,93,464,-371
213000021,4,189,-185
213000023,265,232,33
213000033,268,1398,-1130
213000034,713,428,285
213000035,111,270,-159
213000045,168,312,-144
213000046,253,312,-59
213000047,706,946,-240
213000056,39,47,-8
213000069,83,4,79
213000073,3,20,-17
213000074,209,868,-659
213000075,535,8,527
213000076,30,5,25
213000085,5,43,-38
213000086,12,328,-316
213000091,78,12,66
213000092,53,2,51
213000099,212,1272,-1060
213000100,1313,309,1004
213000101,192,168,24
213000102,239,486,-247
213000103,710,1212,-502
213000104,39,862,-823
213000105,8,146,-138
213000106,24,298,-274
213000107,160,1071,-911
213000108,27,731,-704
213000109,6,406,-400
213000110,4,98,-94
213000111,5,98,-93
213000112,176,192,-16
213000115,41,10,31
213000116,110,1485,-1375
213000117,13,1935,-1922
213000118,280,475,-195
213000119,70,1391,-1321
213000120,149,1356,-1207
213000122,484,1080,-596
213000123,1062,1860,-798
213000124,100,1577,-1477
213000125,149,15,134
213000126,31,148,-117
213000127,222,221,1
213000128,1235,1060,175
213000129,583,526,57
213000130,272,260,12
213000132,204,93,111
213000133,293,108,185
213000134,746,23,723
213000136,326,31,295
213000137,436,104,332
213000139,483,9,474
213000147,101,2,99
213000148,42,16,26
213000149,51,3,48
213000150,2,143,-141
213000151,2,137,-135
213000152,2,91,-89
213000153,1,69,-68
213000154,27,365,-338
213000155,43,483,-440
213000156,95,1117,-1022
213000157,1293,786,507
213000158,268,933,-665
213000159,376,970,-594
213000163,373,89,284
213000165,463,248,215
213000171,1,207,-206
213000172,1,441,-440
213000173,1,333,-332
213000174,0,198,-198
213000175,5,159,-154
213000176,11,23,-12
213000177,27,2,25
213000178,53,1,52
213000179,83,0,83
213000180,70,2,68
213000184,80,770,-690
213000188,207,107,100
213000189,232,39,193
213000190,767,1244,-477
213000191,197,745,-548
213000192,138,898,-760
213000193,3113,245,2868
213000194,2,47,-45
213000195,17,704,-687
213000196,292,1300,-1008
213000197,255,628,-373
213000198,64,3,61
213000200,122,1544,-1422
213000201,122,75,47
213000202,10,1400,-1390
213000203,5131,605,4526
213000204,516,58,458
213000205,162,113,49
213000206,327,72,255
213000207,184,20,164
213000208,111,1,110
213000209,195,4,191
213000210,357,2,355
213000211,9,12,-3
213000212,37,16,21
213000213,7,30,-23
213000218,195,1334,-1139
213000219,401,12,389
213000220,405,8,397
213000223,226,208,18
213000224,31,72,-41
213000225,31,3,28
213000226,52,10,42
213000227,646,250,396
213000228,224,120,104
213000229,464,41,423
213000230,435,36,399
213000232,137,892,-755
213000233,6,19,-13
213000234,6,48,-42
213000293,16,86,-70
213000294,141,5,136
213000295,4,71,-67
213000296,62,27,35
213000297,7,162,-155
213000298,30,110,-80
213000299,73,54,19
213000300,18,8,10
213000303,2,29,-27
213000304,0,8,-8
213000305,2,14,-12
213000306,89,47,42
213000307,436,63,373
213000308,77,489,-412
213000309,145,60,85
213000310,190,93,97
213000311,347,1115,-768
213000315,64,328,-264
213000316,77,67,10
213000322,82,262,-180
213000323,81,179,-98
213000324,43,29,14
213000325,15,112,-97
213000326,12,18,-6
213000327,2,40,-38
213000328,6,103,-97
213000329,38,60,-22
213000340,167,1518,-1351
213000341,228,91,137
213000346,135,171,-36
213000347,905,305,600
213000348,10,237,-227
213000349,62,14,48
213000350,313,2274,-1961
213000366,66,684,-618
213000367,120,35,85
213000379,76,175,-99
213000386,19,316,-297
213000406,114,517,-403
213000417,1060,472,588
213000425,91,62,29
213000426,93,159,-66
213000427,35,555,-520
213000428,25,368,-343
213000429,2,4,-2
213000430,115,1872,-1757
213000431,30,0,30
213000432,0,15,-15
213000433,6,218,-212
213000434,78,193,-115
213000435,60,153,-93
213000436,11,117,-106
213000437,0,8,-8
213000438,79,83,-4
213000439,75,22,53
213000440,6,313,-307
213000441,0,2,-2
213000442,0,39,-39
213000443,395,731,-336
213000444,32,56,-24
213000445,0,163,-163
213000446,1,12,-11
213000447,9,60,-51
213000448,3,100,-97
213000449,179,2,177
213000450,24,60,-36
213000451,132,120,12
213000452,16,26,-10
213000453,83,557,-474
213000455,393,24,369
213000456,2,234,-232
213000481,48,12,36
213000482,48,7,41
213000489,548,68,480
213000491,0,136,-136
213000492,342,1,341
213000493,0,102,-102
213000494,109,179,-70
213000495,0,166,-166
213000496,207,317,-110
213000497,56,400,-344
213000498,76,286,-210
213000499,99,936,-837
213000500,266,124,142
213000501,82,45,37
213000502,195,95,100
213000503,1,76,-75
213000504,5,189,-184
213000505,10,27,-17
213000506,0,10,-10
213000507,4,156,-152
213900244,17,0,17
213900245,0,36,-36
218000003,37,23,14
218000004,25,23,2
218000005,26,45,-19
218000006,59,29,30
218000007,7,13,-6
218000012,484,164,320
218000013,92,155,-63
218000014,431,468,-37
218000019,781,741,40
218000020,308,576,-268
218000021,3,40,-37
218000022,2,8,-6
218000023,0,12,-12
218000024,0,8,-8
218000025,0,5,-5
218000026,1,7,-6
218000027,0,5,-5
218000028,0,0,0
218000029,0,0,0
218000030,2,2,0
218000031,0,6,-6
218000032,0,2,-2
218000040,5,0,5
218000046,30,200,-170
218000047,22,334,-312
218000048,58,346,-288
218000049,120,341,-221
218000050,306,472,-166
218000051,81,602,-521
218000052,0,275,-275
218000053,1,20,-19
218000054,20,50,-30
218000055,5,27,-22
218000056,18,26,-8
218000057,5,62,-57
218000064,2,13,-11
218000065,53,69,-16
218000066,5,45,-40
218000067,40,160,-120
218000068,76,101,-25
218000069,128,273,-145
218000070,133,342,-209
218000071,178,306,-128
218000072,274,364,-90
218000078,707,1988,-1281
218000079,44,85,-41
218000080,54,118,-64
218000081,188,362,-174
218000082,30,195,-165
218000083,34,56,-22
218000084,70,240,-170
218000085,112,621,-509
218000086,32,214,-182
218000087,164,321,-157
218000090,5,73,-68
218000091,796,470,326
218000092,51,188,-137
218000093,54,116,-62
218000094,385,1055,-670
218000099,252,624,-372
218000100,198,376,-178
218000101,196,158,38
218000102,237,389,-152
218000103,47,201,-154
218000104,59,53,6
218000105,40,19,21
218000106,8,21,-13
218000107,31,87,-56
218000108,8,67,-59
218000112,72,34,38
218000117,11,61,-50
218000134,462,1314,-852
218000135,70,208,-138
218000136,342,108,234
218000137,173,118,55
218000138,24,121,-97
218000139,110,450,-340
218000140,265,301,-36
218000141,80,72,8
218000142,128,123,5
218000143,148,169,-21
218000144,107,101,6
218000145,238,420,-182
218000146,50,172,-122
218000151,12,44,-32
218000152,100,67,33
218000153,2,1,1
218000154,4,5,-1
218000155,5,0,5
218000156,21,30,-9
218000157,10,15,-5
218000158,4,10,-6
218000159,2,3,-1
218000160,3,0,3
218000161,13,4,9
218000162,17,10,7
218000163,1,4,-3
218000164,12,7,5
218000165,11,24,-13
218000170,3,31,-28
218000171,32,10,22
218000172,21,15,6
218000173,46,24,22
218000174,25,5,20
218000176,135,42,93
218000177,221,208,13
218000178,45,194,-149
218000179,95,100,-5
218000180,61,34,27
218000181,158,77,81
218000187,10,9,1
218000188,18,49,-31
218000189,23,89,-66
218000190,13,50,-37
218000191,74,90,-16
218000192,120,558,-438
218000193,337,780,-443
218000194,102,800,-698
218000195,124,91,33
218000196,224,410,-186
218000197,148,418,-270
218000198,12,184,-172
218000199,38,32,6
218000200,75,66,9
218000201,17,16,1
218000202,344,218,126
218000207,19,286,-267
218000208,30,101,-71
218000211,41,20,21
218000212,0,0,0
218000213,119,201,-82
218000214,8,40,-32
218000215,61,117,-56
218000217,4,239,-235
218000218,209,128,81
218000219,84,26,58
218000220,213,384,-171
218000221,1254,191,1063
218000222,39,19,20
218000223,67,181,-114
218000224,9,92,-83
218000225,163,25,138
218000226,96,88,8
218000230,0,1,-1
218000232,38,148,-110
218000239,189,12,177
218000240,15,5,10
218000241,39,1,38
218000242,43,3,40
218000243,65,1,64
218000244,35,1,34
218000245,13,1,12
218000246,2,0,2
218000247,0,2,-2
218000248,0,38,-38
218000249,1,1,0
218000250,8,29,-21
218000251,7,11,-4
218000252,4,23,-19
218000253,2,13,-11
218000254,1,15,-14
218000255,1,8,-7
218000256,11,72,-61
218000267,1483,1481,2
218000268,15,77,-62
218000269,5,23,-18
218000270,54,81,-27
218000271,36,102,-66
218000273,15,13,2
218000274,11,13,-2
218000275,9,46,-37
218000276,5,54,-49
218000278,22,34,-12
218000279,48,89,-41
218000280,5,56,-51
218000281,14,27,-13
218000282,705,373,332
218000284,180,36,144
218000301,70,112,-42
218000302,72,36,36
218000303,45,104,-59
218000316,631,1302,-671
218000317,681,1403,-722
218000318,333,1134,-801
218000319,812,2629,-1817
218000320,661,1206,-545
218000338,78,30,48
218000345,101,90,11
218000346,46,145,-99
218000459,51,445,-394
218000490,58,42,16
218000501,87,27,60
218000502,36,136,-100
218000503,93,17,76
218000504,200,23,177
218000505,72,208,-136
218000506,38,318,-280
218000508,0,6,-6
218000510,209,9,200
218000520,119,132,-13
218000521,2,149,-147
218000522,1,188,-187
218000523,113,18,95
218000524,47,286,-239
218000525,100,9,91
218000526,21,145,-124
218000529,32,585,-553
218000530,4,9,-5
218000531,6,19,-13
218000532,15,39,-24
218000534,63,37,26
218000537,52,66,-14
218000538,99,146,-47
218000540,370,69,301
218000543,90,49,41
218000544,42,141,-99
218000545,56,87,-31
218000546,32,159,-127
218000547,89,113,-24
218000548,104,349,-245
218000549,330,208,122
218000550,311,784,-473
218000551,198,718,-520
218000552,570,47,523
218000553,42,124,-82
218000554,17,42,-25
218000555,37,59,-22
218000556,115,650,-535
218000557,222,176,46
218000558,95,0,95
218000559,0,43,-43
218000560,0,14,-14
218000561,17,0,17
218000562,43,271,-228
218000563,235,21,214
218000564,15,141,-126
218000565,191,41,150
218000566,377,62,315
218000567,4,67,-63
218000568,30,13,17
218000569,13,252,-239
218000570,246,11,235
218000571,0,149,-149
218000572,114,1,113
218000573,34,158,-124
218000574,198,64,134
218000575,84,0,84
218000576,0,62,-62
218000577,121,1,120
218000578,0,78,-78
218000579,65,12,53
218000581,4,110,-106
218000582,44,8,36
218000583,2,0,2
218000584,1,36,-35
218000585,30,2,28
218000586,6,41,-35
218000587,14,3,11
218000588,3,3,0
218000589,1,2,-1
218000590,2,2,0
218000591,0,1,-1
218000592,8,0,8
218000593,0,1,-1
218000594,0,2,-2
218000596,0,0,0
218000597,0,2,-2
218000598,0,0,0
218000599,0,1,-1
218000600,0,5,-5
218000601,1,0,1
218000602,0,2,-2
218000603,0,2,-2
218000604,4,0,4
218000605,0,17,-17
218000606,106,0,106
218000607,17,71,-54
218000608,58,20,38
218000609,0,72,-72
218000610,113,6,107
218000611,34,1,33
218000612,0,31,-31
218000613,22,7,15
218000614,0,49,-49
218000615,89,0,89
218000616,9,205,-196
218000617,20,0,20
218000618,1,27,-26
218000619,24,41,-17
218000620,5,16,-11
218000621,0,3,-3
218000622,0,9,-9
218000623,22,2,20
218000624,4,4,0
218000625,29,4,25
218000626,0,16,-16
218000628,79,28,51
218000631,57,27,30
218000632,1,112,-111
218000633,66,1,65
218000634,15,50,-35
218000635,23,5,18
218000636,721,2532,-1811
218000637,616,780,-164
218000638,83,114,-31
218000639,16,243,-227
218000640,135,41,94
218000641,44,443,-399
218000652,65,191,-126
218000653,147,72,75
218000663,6,251,-245
218000675,61,80,-19
218000676,0,10,-10
218000677,4,7,-3
218000680,190,957,-767
218000681,410,153,257
218000691,127,808,-681
218000693,119,161,-42
218000703,0,10,-10
218000718,880,780,100
218000719,1327,268,1059
218000720,14,157,-143
218000721,98,26,72
218000725,0,0,0
218001147,5,694,-689
218001214,21,28,-7
218001258,106,9,97
218001329,134,149,-15
218001330,131,219,-88
218001351,37,15,22
218001352,11,55,-44
218001353,25,10,15
218001354,4,36,-32
218001355,36,695,-659
218001356,185,13,172
218001357,39,637,-598
218001358,170,17,153
218001361,133,31,102
218001362,4,530,-526
219000001,24,114,-90
219000002,50,99,-49
219000003,26,40,-14
219000004,92,71,21
219000017,223,25,198
219000020,67,25,42
219000022,127,4,123
219000023,75,0,75
219000029,1,99,-98
219000034,50,18,32
219000039,27,57,-30
219000040,21,16,5
219000041,115,41,74
219000051,0,36,-36
219000052,0,24,-24
219000053,1,253,-252
219000054,16,226,-210
219000055,79,3,76
219000056,35,1,34
219000057,71,0,71
219000062,16,224,-208
219000063,62,2,60
219000064,4,97,-93
219000110,240,32,208
219000111,76,41,35
219000112,147,70,77
219000113,105,65,40
219000114,224,79,145
219000116,66,55,11
219000117,166,220,-54
219000118,95,90,5
219000123,640,127,513
219000124,85,81,4
219000125,11,26,-15
219000126,79,118,-39
219000127,1,13,-12
219000128,13,102,-89
219000129,38,239,-201
219000130,637,888,-251
219000131,660,1001,-341
219000133,65,48,17
219000134,17,59,-42
219000135,25,72,-47
219000136,232,201,31
219000138,61,24,37
219000139,15,93,-78
219000140,24,2,22
219000141,14,157,-143
219000142,7,163,-156
219000143,10,144,-134
219000145,11,87,-76
219000146,3,70,-67
219000147,6,82,-76
219000148,3,85,-82
219000149,25,223,-198
219000150,5,178,-173
219000151,6,153,-147
219000157,135,144,-9
219000158,139,334,-195
219000161,134,13,121
219000163,1609,486,1123
219000166,57,106,-49
219000167,49,364,-315
219000168,298,126,172
219000174,299,88,211
219000175,44,3,41
219000176,37,11,26
219000177,18,4,14
219000178,21,1,20
219000179,9,11,-2
219000180,29,32,-3
219000182,98,10,88
219000183,46,51,-5
219000184,102,29,73
219000185,0,106,-106
219000186,60,60,0
219000187,18,183,-165
219000189,201,237,-36
219000190,253,515,-262
219000191,1440,1384,56
219000192,196,154,42
219000193,477,168,309
219000195,3,63,-60
219000196,1,193,-192
219000198,29,194,-165
219000199,135,243,-108
219000200,38,232,-194
219000201,111,320,-209
219000203,48,177,-129
219000204,101,227,-126
219000205,76,267,-191
219000207,174,303,-129
219000209,29,121,-92
219000210,75,156,-81
219000213,14,429,-415
219000239,200,349,-149
219000240,214,437,-223
219000241,83,470,-387
219000242,60,299,-239
219000243,136,650,-514
219000244,33,198,-165
219000245,57,84,-27
219000246,99,36,63
219000247,102,41,61
219000248,417,241,176
219000249,88,73,15
219000250,98,89,9
219000251,376,190,186
219000252,204,132,72
219000253,225,50,175
219000255,95,119,-24
219000256,175,112,63
219000257,82,1,81
219000262,160,313,-153
219000263,33,316,-283
219000267,2,332,-330
219000268,5,15,-10
219000269,4,0,4
219000270,3,0,3
219000271,97,2,95
219000278,1,19,-18
219000279,1,6,-5
219000283,1,22,-21
219000295,9,162,-153
219000296,70,735,-665
219000297,17,224,-207
219000298,5,274,-269
219000299,378,134,244
219000300,15,329,-314
219000301,345,364,-19
219000302,37,229,-192
219000307,33,55,-22
219000308,32,25,7
219000311,139,66,73
219000312,431,68,363
219000313,216,48,168
219000314,65,653,-588
219000315,173,44,129
219000316,376,55,321
219000317,84,35,49
219000320,1,51,-50
219000321,0,18,-18
219000323,3,146,-143
219000325,1,60,-59
219000326,62,136,-74
219000327,31,38,-7
219000328,25,69,-44
219000329,206,143,63
219000330,42,33,9
219000331,39,27,12
219000332,57,109,-52
219000333,2,4,-2
219000335,50,11,39
219000337,10,0,10
219000338,88,34,54
219000344,36,86,-50
219000345,63,146,-83
219000346,39,184,-145
219000348,101,285,-184
219000349,46,421,-375
219000350,45,105,-60
219000351,9,5,4
219000352,202,64,138
219000353,95,45,50
219000354,90,143,-53
219000355,91,54,37
219000356,1471,906,565
219000363,285,44,241
219000364,100,35,65
219000365,111,7,104
219000366,216,253,-37
219000368,353,419,-66
219000370,1014,339,675
219000371,14,18,-4
219000382,7,16,-9
219000383,764,1287,-523
219000385,516,628,-112
219000386,1163,1884,-721
219000387,2,3,-1
219000390,5,4,1
219000391,5,0,5
219000397,73,103,-30
219000398,72,36,36
219000401,13,154,-141
219000402,38,143,-105
219000403,163,223,-60
219000404,21,105,-84
219000407,6,59,-53
219000409,49,31,18
219000410,80,35,45
219000411,54,30,24
219000446,269,1173,-904
219000447,3,18,-15
219000448,9,6,3
219000452,85,68,17
219000453,66,164,-98
219000454,306,195,111
219000556,150,87,63
219000558,128,483,-355
219000590,21,239,-218
219000591,45,126,-81
219000592,97,440,-343
219000595,0,85,-85
219000635,85,57,28
219000636,29,118,-89
219000657,24,13,11
219000658,15,56,-41
219000673,0,11,-11
219000676,11,0,11
219000679,53,8,45
219000684,90,1,89
219000685,0,0,0
219000686,0,1,-1
219000688,0,94,-94
219000689,46,327,-281
219000690,167,37,130
219000691,92,234,-142
219000692,156,63,93
219000693,0,44,-44
219000694,9,0,9
219000695,15,5,10
219000698,110,4,106
219000699,0,15,-15
219000727,0,476,-476
219000728,85,3,82
219000770,32,2,30
219000771,3,33,-30
219000788,212,274,-62
219001150,0,22,-22
219001151,278,111,167
219001166,44,20,24
219001167,5,121,-116
219001178,37,1,36
220000001,56,63,-7
220000002,13,265,-252
220000003,498,425,73
220000004,701,806,-105
220000005,1510,1731,-221
220000006,234,1256,-1022
220000007,337,909,-572
220000008,431,1655,-1224
220000009,244,860,-616
220000010,194,238,-44
220000011,967,3405,-2438
220000012,120,411,-291
220000014,83,72,11
220000015,61,302,-241
220000017,62,549,-487
220000018,8201,2619,5582
220000019,65,269,-204
220000020,423,292,131
220000021,501,220,281
220000022,459,570,-111
220000023,156,203,-47
220000024,1499,444,1055
220000025,716,717,-1
220000026,228,155,73
220000027,14,93,-79
220000028,23,36,-13
220000029,86,299,-213
220000030,107,108,-1
220000031,255,319,-64
220000064,34,1454,-1420
221000046,21,0,21
221000047,0,7,-7
221000048,0,3,-3
221000049,0,17,-17
221000050,29,0,29
221000055,57,45,12
221000057,56,22,34
221000068,358,159,199
221000069,342,71,271
221000070,154,30,124
221000071,86,5,81
221000072,196,27,169
221000073,189,49,140
221000074,1,25,-24
221000075,15,22,-7
221000076,7,35,-28
221000077,36,103,-67
221000081,59,8,51
221000082,57,8,49
221000083,46,6,40
221000084,2,2,0
221000085,17,75,-58
221000086,17,153,-136
221000087,7,241,-234
221000088,18,243,-225
221000089,43,330,-287
221000090,137,663,-526
221000098,81,20,61
221000099,134,10,124
221000100,72,7,65
221000101,204,14,190
221000102,136,35,101
221000109,8,94,-86
221000110,22,113,-91
221000111,22,202,-180
221000112,1,203,-202
221000113,24,264,-240
221000114,5,228,-223
221000120,28,44,-16
221000121,1,20,-19
221000122,20,33,-13
221000123,23,65,-42
221000124,26,404,-378
221000155,79,10,69
221000156,42,21,21
221000175,3,5,-2
221000176,2,0,2
221000182,70,5,65
221000241,593,260,333
221000242,227,571,-344
221000243,447,124,323
221000244,198,623,-425
221000245,70,130,-60
221000246,47,421,-374
221000247,124,144,-20
221000248,140,272,-132
221000267,61,1224,-1163
221000325,87,102,-15
221000331,8,158,-150
221000338,14,35,-21
221000378,120,39,81
221000381,93,161,-68
222000282,12,1,11
222000296,1,17,-16
222000568,313,14,299
222000569,149,26,123
222000570,84,17,67
222000571,368,24,344
222000577,7,370,-363
222000578,23,302,-279
222000579,41,190,-149
222000580,167,1113,-946
222000599,1,178,-177
222000600,6,360,-354
222000601,8,1057,-1049
222000603,15,21,-6
222000604,12,52,-40
222000605,12,14,-2
222000606,1,7,-6
222000607,1,1,0
222000608,18,15,3
222000609,65,550,-485
222000616,209,75,134
222000617,17,24,-7
222000618,6,1,5
222000620,72,16,56
222000621,49,9,40
222000623,558,4,554
222000624,305,5,300
222000625,327,42,285
222000636,68,4,64
222000686,76,12,64
222000687,20,39,-19
222001066,524,2,522
222001067,4,28,-24
222001068,26,200,-174
222001069,35,131,-96
222001082,3,46,-43
222001083,10,75,-65
222001084,1,44,-43
222001085,8,108,-100
222001111,20,352,-332
222001112,78,76,2
222001313,36,7,29
222001314,8,106,-98
222001464,140,64,76
222001465,28,502,-474
222001484,84,90,-6
222001485,15,123,-108
222001494,238,164,74
222001495,101,842,-741
222001496,218,96,122
222001497,141,974,-833
222001502,27,121,-94
222001503,51,44,7
222001504,28,352,-324
222001505,261,34,227
222001506,27,320,-293
222001507,174,22,152
222001510,274,18,256
222001511,32,480,-448
222001514,423,106,317
222001515,186,921,-735
222001518,117,53,64
222001519,59,478,-419
222001527,149,66,83
222001528,81,260,-179
222001529,89,37,52
222001530,54,378,-324
222001533,112,503,-391
222001534,135,71,64
222001535,159,239,-80
222001536,76,667,-591
222001537,167,14,153
222001538,41,739,-698
222001563,336,105,231
222001564,29,1090,-1061
222001568,206,124,82
222001576,3,1,2
222001579,0,4,-4
222001583,16,381,-365
222001584,59,33,26
222001596,621,2309,-1688
222001597,831,259,572
222001626,0,222,-222
222001650,31,67,-36
222001651,93,187,-94
222001914,113,76,37
222001915,84,346,-262
222001968,368,239,129
222001969,463,1596,-1133
222001970,153,408,-255
222001971,5,91,-86
222001972,1,29,-28
225000001,365,233,132
225000002,319,148,171
225000003,323,104,219
225000004,183,298,-115
225000005,39,74,-35
225000006,0,171,-171
225000007,4680,1348,3332
225000010,173,7,166
225000011,581,974,-393
225000012,172,548,-376
225000013,107,183,-76
225000014,645,70,575
225000015,90,271,-181
225000021,574,276,298
225000027,252,746,-494
225000032,539,179,360
225000042,95,1069,-974
225000049,52,84,-32
225000050,47,34,13
225000053,8,316,-308
225000058,667,152,515
225000067,140,233,-93
225000068,97,779,-682
225000069,199,757,-558
225000070,72,805,-733
225000071,22,408,-386
225000075,42,1612,-1570
225000076,107,194,-87
225000078,73,59,14
225000085,33,99,-66
225000086,212,42,170
225000087,234,55,179
225000088,17,198,-181
225000089,332,999,-667
225000090,32,629,-597
225000091,141,357,-216
225000092,37,89,-52
225000093,179,511,-332
225000094,12,698,-686
225000095,351,799,-448
225000096,339,721,-382
225000098,526,219,307
225000099,213,153,60
225000100,132,114,18
225000104,87,554,-467
225000110,11,711,-700
225000111,213,1541,-1328
225000112,460,1291,-831
225000113,150,764,-614
225000114,45,407,-362
225000115,3938,707,3231
225000116,948,176,772
225000117,952,345,607
225000118,746,307,439
225000119,167,113,54
225000120,530,66,464
225000121,241,24,217
225000123,1313,19,1294
225000125,322,387,-65
225000126,1616,239,1377
225000127,1095,660,435
225000128,422,521,-99
225000132,281,50,231
225000133,253,30,223
225000134,580,111,469
225000135,35,8,27
225000136,172,10,162
225000137,170,84,86
225000138,423,42,381
225000143,134,183,-49
225000144,2,369,-367
225000145,40,62,-22
225000146,41,202,-161
225000147,19,486,-467
225000148,8,335,-327
225000149,52,671,-619
225000151,39,383,-344
225000155,335,590,-255
225000156,370,984,-614
225000157,230,479,-249
225000158,90,487,-397
225000171,7,228,-221
225000180,37,0,37
225000181,0,68,-68
225000182,159,11,148
225000185,7,540,-533
225000187,67,607,-540
225000191,71,0,71
225000194,0,18,-18
225000208,4,75,-71
225000209,86,38,48
225000210,4,371,-367
225000217,0,26,-26
225000218,9,2,7
225000223,0,199,-199
225000224,479,0,479
225000225,3,84,-81
225000226,151,2,149
225000227,46,108,-62
225000228,22,8,14
225000229,0,144,-144
225000230,16,1,15
225000231,0,158,-158
225000232,66,0,66
225000241,111,0,111
225000242,1,57,-56
225000249,13,0,13
225000250,41,1108,-1067
225000251,334,43,291
226000042,686,618,68
226000043,106,342,-236
226000044,191,1061,-870
226000045,113,636,-523
226000046,383,49,334
226000047,272,80,192
226000048,324,86,238
226000049,183,159,24
226000070,1,89,-88
226000071,0,112,-112
226000072,1,30,-29
226000073,0,14,-14
226000074,1,12,-11
226000084,3,75,-72
226000085,4,54,-50
226000086,3,17,-14
226000087,3,8,-5
226000088,11,7,4
226000090,57,53,4
226000091,8,7,1
226000092,0,0,0
226000093,27,3,24
226000094,28,0,28
226000095,35,4,31
226000105,11,1,10
226000106,5,0,5
226000107,7,0,7
226000108,15,1,14
226000109,86,2,84
226000124,148,70,78
226000134,304,538,-234
226000135,675,784,-109
226000136,229,503,-274
226000137,12,857,-845
226000138,9,654,-645
226000139,2,29,-27
226000156,104,6,98
226000157,115,12,103
226000163,58,33,25
226000202,5,828,-823
226000231,250,4,246
226000232,16,9,7
227000033,263,76,187
227000036,140,42,98
227000037,173,26,147
227000038,165,32,133
227000049,0,17,-17
227000050,1,70,-69
227000055,30,0,30
227000056,31,0,31
227000084,5,55,-50
227000085,0,49,-49
227000088,79,6,73
227000089,79,2,77
227000090,43,1,42
227000091,8,2,6
227000093,114,0,114
227000094,11,0,11
227000130,49,75,-26
227000131,10,378,-368
227000132,10,300,-290
227000133,16,370,-354
227000134,24,551,-527
227000152,0,3,-3
227000153,0,28,-28
227000155,0,21,-21
227000156,0,19,-19
227000165,12,30,-18
227000196,135,642,-507
227000199,171,1163,-992
227000230,29,1605,-1576
227000232,239,45,194
227000242,38,608,-570
227000243,278,58,220
227000245,24,537,-513
227000246,87,696,-609
227000247,218,86,132
227000248,297,61,236
227000249,27,335,-308
227000250,512,170,342
227000251,213,492,-279
227000252,20,525,-505
227000253,77,38,39
227000262,220,38,182
227000266,576,18,558
227000267,113,5649,-5536
227000282,7,640,-633
227000284,223,45,178
227000286,3,107,-104
227000287,8,183,-175
227000291,18,1345,-1327
227000484,298,17,281
227000485,27,1655,-1628
227000655,93,82,11
227000656,455,33,422
227000657,28,57,-29
227000661,328,21,307
227000680,195,54,141
229000265,15,59,-44
229000296,6,17,-11
229000297,3,53,-50
229000298,19,274,-255
229000320,7,11,-4
229000321,16,14,2
229000412,28,47,-19
229000414,7,73,-66
229000415,11,0,11
229000416,0,9,-9
229000417,5,14,-9
229000419,91,282,-191
229000440,225,79,146
229000442,35,1,34
229000443,4,2,2
229000444,2,53,-51
229000445,32,15,17
229000446,68,23,45
229000491,0,14,-14
229000492,3,68,-65
229000493,1,38,-37
229000494,6,2,4
229000495,40,3,37
229000496,38,1,37
229000507,0,23,-23
229000508,0,20,-20
229000509,1,25,-24
229000510,3,8,-5
229000511,0,14,-14
229000512,0,21,-21
229000513,0,2,-2
229000514,0,0,0
229000517,0,5,-5
229000518,2,22,-20
229000519,3,7,-4
229000520,3,9,-6
229000521,9,9,0
229000522,4,8,-4
229000523,2,5,-3
229000524,2,1,1
229000527,5,0,5
229000528,0,0,0
229000529,2,0,2
229000530,15,2,13
229000531,8,1,7
229000532,6,0,6
229000533,28,1,27
229000534,34,0,34
229000564,0,0,0
229000565,0,0,0
229000566,0,10,-10
229000567,0,22,-22
229000582,45,4,41
229000583,4,0,4
229000584,0,11,-11
229000585,0,27,-27
229000718,0,1,-1
229000719,0,1,-1
229000720,0,5,-5
229000721,0,4,-4
229000722,0,15,-15
229000723,0,13,-13
229000724,0,1,-1
229000725,0,0,0
229000738,0,0,0
229000739,0,0,0
229000740,0,0,0
229000741,1,0,1
229000742,1,0,1
229000743,0,0,0
229000744,1,0,1
229000745,1,0,1
229000746,2,0,2
229000847,45,0,45
229000848,18,0,18
229000849,127,1,126
229000851,29,0,29
229000854,0,104,-104
229000856,4,275,-271
229000857,0,81,-81
229000858,1,207,-206
229000919,7,148,-141
229000930,2,373,-371
229000937,55,19,36
229000966,29,19,10
229000981,22,126,-104
229000985,26,36,-10
229000986,1,6,-5
229000987,0,1,-1
229000988,3,8,-5
229000989,10,7,3
229000990,0,1,-1
229000991,0,6,-6
229000992,9,10,-1
229000993,268,21,247
229000998,14,81,-67
229000999,52,32,20
229001034,0,17,-17
229001035,19,2,17
229001037,52,20,32
229001042,6,15,-9
229001047,1,75,-74
229001050,65,86,-21
229001168,0,3,-3
229001200,8,3,5
229001338,3,17,-14
229001394,168,2,166
229001422,55,22,33
229001423,56,191,-135
229001431,39,42,-3
229001432,29,81,-52
229001444,111,75,36
229001445,71,215,-144
229001479,6,4,2
229001503,166,62,104
229001504,101,391,-290
229001505,88,59,29
229001506,52,316,-264
229001509,49,58,-9
229001545,74,6,68
229001546,5,128,-123
229001553,44,12,32
229001554,19,121,-102
229001559,3,6,-3
229001560,10,22,-12
229001630,69,16,53
229001631,5,30,-25
229001635,1,5,-4
229001636,2,1,1
229001658,0,124,-124
229001659,52,4,48
229001660,2,1,1
229001661,4,19,-15
229001662,86,0,86
229001663,0,6,-6
229002584,204,224,-20
229002831,298,125,173
229002841,1,19,-18
229002842,8,12,-4
229002843,35,35,0
229002844,53,36,17
229002845,3,78,-75
229002846,17,10,7
229002847,4,14,-10
229002848,8,13,-5
229002849,6,55,-49
229002850,6,0,6
229002851,16,110,-94
229002852,94,20,74
229002853,128,6,122
229002854,28,92,-64
229002855,20,43,-23
229002856,23,20,3
229002857,5,44,-39
229002858,9,6,3
229002859,23,27,-4
229002860,53,13,40
229002861,51,7,44
229002862,14,19,-5
229002863,18,19,-1
229002864,7,33,-26
229002865,35,14,21
229002866,21,14,7
229002867,2,13,-11
229002868,22,9,13
229002869,13,144,-131
229002870,54,8,46
235000066,272,107,165
235000067,92,191,-99
235000072,29,94,-65
235000073,49,262,-213
235000074,16,78,-62
235000080,42,82,-40
235000081,68,191,-123
235000082,100,90,10
235000083,99,123,-24
235000084,49,56,-7
235000085,70,66,4
235000089,8,43,-35
235000092,7,163,-156
235000093,6,5,1
235000097,5,13,-8
235000098,53,14,39
235000099,19,19,0
235000116,58,46,12
235000117,1088,23,1065
235000133,5,287,-282
235000134,5,121,-116
235000206,6,0,6
235000207,2,0,2
235000208,3,0,3
235000209,3,3,0
235000210,9,0,9
235000212,9,21,-12
235000213,4,13,-9
235000220,0,2,-2
235000221,27,2,25
235000238,8,31,-23
235000239,1,7,-6
235000242,226,250,-24
235000245,1174,146,1028
235000246,12,58,-46
235000284,14,133,-119
235000295,108,17,91
235000305,136,16,120
235000306,93,10,83
235000307,16,5,11
235000308,22,0,22
235000309,51,0,51
235000310,16,0,16
235000311,59,9,50
235000322,0,29,-29
235000323,1,54,-53
235000324,2,20,-18
235000325,1,14,-13
235000326,18,441,-423
235000351,3,97,-94
235000352,14,76,-62
235000353,1,36,-35
235000354,6,46,-40
235000355,4,74,-70
235000356,75,20,55
235000357,11,8,3
235000358,50,13,37
235000359,7,4,3
235000360,28,13,15
235000361,52,1,51
235000381,44,474,-430
235000382,92,42,50
235000390,10,4,6
235000391,60,21,39
235000392,69,193,-124
235000393,68,116,-48
235000395,47,22,25
235000396,194,79,115
235000400,120,91,29
235000401,96,240,-144
235000405,100,284,-184
235000406,31,319,-288
235000407,71,167,-96
235000409,266,210,56
235000410,47,313,-266
235000411,0,122,-122
235000485,0,4,-4
235000486,6,1,5
235000549,44,77,-33
235000550,81,238,-157
235000599,57,116,-59
235000600,14,27,-13
235000601,12,38,-26
235000602,41,131,-90
235000614,0,5,-5
235000648,0,24,-24
235000649,26,2,24
235000685,1,5,-4
235000815,12,30,-18
235000834,0,10,-10
235000855,44,67,-23
235000862,27,291,-264
235000891,0,3,-3
235000892,15,3,12
235000901,70,132,-62
235000907,7,7,0
235001010,29,96,-67
235001029,601,503,98
235001030,247,226,21
235001078,50,75,-25
235001079,67,135,-68
235001147,13,52,-39
235001166,23,96,-73
235001167,18,60,-42
235001169,25,401,-376
235001188,0,13,-13
235001189,9,0,9
235001197,18,37,-19
235001200,17,38,-21
235001207,196,30,166
235001210,75,466,-391
235001215,48,342,-294
235001239,1,29,-28
235001244,2,7,-5
235016267,1,36,-35
277101746,0,0,0
277102712,4,0,4
277103813,0,0,0
277103814,0,0,0
277103898,0,1,-1
277104249,0,5,-5
277104250,0,18,-18
277104251,0,14,-14
277104252,0,2,-2
990011530,0,266,-266
990014944,3,507,-504
990015176,12,2,10
990015618,0,54,-54
990016032,0,694,-694
990032570,0,140,-140
990070001,115,36,79
990070103,0,3,-3
990070601,0,64,-64
990070751,267,2,265
990070766,7,1074,-1067
990071180,958,280,678
990071343,81,19,62
990071387,0,10,-10
990071823,196,0,196
990072600,2,904,-902
990072964,1,628,-627
990073285,0,3,-3
990074393,2,1727,-1725
990074870,771,3,768
990075106,749,5,744
990075746,283,8,275
990076437,547,4,543
990076458,9,1853,-1844
997000007,238,14,224
997000041,1,111,-110
997000058,22,1,21
997000062,60,0,60
997000069,0,12,-12
997000070,0,194,-194
997000100,23,0,23
997000141,9,1421,-1412
997000198,444,1073,-629
998000475,2,18,-16
998000736,1,419,-418
998000965,0,11,-11
998001031,0,66,-66
998001700,0,34,-34
998001899,0,3,-3
998001900,2,1,1
998003073,702,22,680
998101900,0,0,0
998102850,0,114,-114
998501927,855,371,484
998501929,58,5,53
998501930,70,1,69
998501931,116,7,109
998501932,16,12,4
998501933,84,32,52
998501937,7,0,7
998501944,0,0,0
998501950,0,6,-6
998501970,40,1,39
998501971,1,73,-72
998501973,0,150,-150
998501974,1,332,-331
998501975,256,5,251
998501976,129,1,128
998501977,0,20,-20
998501978,16,1,15
998501979,0,6,-6
998501980,99,1,98
998501981,13,17,-4
998501982,0,104,-104
998501983,0,0,0
998502006,0,0,0
998502024,0,6,-6
998502032,0,2,-2
998502062,16,1,15
998502063,0,0,0
998502173,77,0,77
998502269,0,2,-2
998502546,5,171,-166
998502578,1,1,0
998502599,163,316,-153
998502621,0,0,0
998601159,1,424,-423
998601292,0,43,-43
999033574,2,1649,-1647
999800001,32,1,31
999800002,0,7,-7
999800003,6,3,3
999800004,0,1,-1
999800005,0,3,-3
