ID,insum,outsum,diff
100000001,697,781,-84
100000002,4617,6433,-1816
100000003,4042,5911,-1869
100000004,294,1233,-939
100000005,2399,4119,-1720
100000006,425,316,109
100000007,2237,894,1343
100000008,74,609,-535
100000009,346,298,48
100000010,10,61,-51
100000011,441,97,344
100000012,34,762,-728
100000013,26,214,-188
100000014,177,223,-46
100000015,1450,2047,-597
100000016,468,1714,-1246
100000017,517,1398,-881
100000018,776,707,69
100000019,3495,2696,799
100000020,1308,5849,-4541
100000021,4233,1852,2381
100000022,754,4009,-3255
100000023,3578,1647,1931
100000025,469,2408,-1939
100000028,414,1834,-1420
100000029,53,704,-651
100000030,66,33,33
100000031,2021,6700,-4679
100000032,1826,4199,-2373
100000033,899,3277,-2378
100000034,149,1758,-1609
100000035,713,1395,-682
100000036,625,1829,-1204
100000037,625,415,210
100000038,2418,1037,1381
100000039,237,298,-61
100000040,360,171,189
100000041,1396,509,887
100000042,999,350,649
100000043,746,513,233
100000044,229,646,-417
100000045,280,633,-353
100000046,324,422,-98
100000047,172,314,-142
100000048,190,560,-370
100000049,1113,902,211
100000051,453,418,35
100000053,79,9,70
100000054,284,32,252
100000055,486,389,97
100000056,320,841,-521
100000057,1698,535,1163
100000058,608,654,-46
100000059,13,222,-209
100000060,592,276,316
100000061,1713,448,1265
100000062,1324,653,671
100000063,765,322,443
100000064,1067,654,413
100000065,232,804,-572
100000066,131,503,-372
100000067,160,482,-322
100000068,373,990,-617
100000069,250,983,-733
100000072,159,354,-195
100000073,809,715,94
100000075,808,181,627
100000076,1137,4975,-3838
100000077,90,529,-439
100000078,11,57,-46
100000079,16,73,-57
100000080,9,85,-76
100000081,45,261,-216
100000102,3273,7244,-3971
100000103,1383,1934,-551
100000104,2860,2343,517
100000105,1099,2102,-1003
100000106,754,4315,-3561
100000107,84,1524,-1440
100000108,214,1004,-790
100000109,606,1581,-975
100000116,350,572,-222
100000117,75,229,-154
100000118,494,1231,-737
100000119,759,1290,-531
100000121,184,606,-422
100000122,449,2415,-1966
100000123,896,2461,-1565
100000124,1905,2510,-605
100000125,6444,2334,4110
100000126,477,1024,-547
100000127,800,1057,-257
100000128,751,2645,-1894
100000129,210,973,-763
100000130,568,229,339
100000131,769,1533,-764
100000132,790,1521,-731
100000133,1215,752,463
100000135,657,1300,-643
100000139,147,547,-400
100000140,142,311,-169
100000142,593,633,-40
100000143,1118,362,756
100000144,1263,479,784
100000147,1585,4038,-2453
100000150,73,652,-579
100000151,538,2673,-2135
100000153,86,728,-642
100000154,10,647,-637
100000155,6,81,-75
100000156,228,399,-171
100000157,459,261,198
100000158,189,298,-109
100000159,100,1360,-1260
100000165,471,517,-46
100000169,26,1860,-1834
100000174,237,1223,-986
100000179,39,900,-861
100000180,402,1773,-1371
100000181,224,353,-129
100000188,58,170,-112
100000189,837,408,429
100000190,465,1970,-1505
100000191,775,740,35
100000192,16,150,-134
100000193,224,195,29
100000330,468,1015,-547
100000355,161,710,-549
100000362,2061,1036,1025
100000363,6027,7183,-1156
100000364,91,324,-233
100000365,6716,10896,-4180
100000366,1585,1231,354
100000367,5113,7110,-1997
100000368,2070,854,1216
100000369,570,2428,-1858
100000370,128,997,-869
100000376,30,221,-191
100000379,761,2546,-1785
100000380,2992,7251,-4259
100000384,5503,8135,-2632
100000385,1073,4488,-3415
100000386,2095,8605,-6510
100000387,2674,8454,-5780
100000388,1568,6993,-5425
100000389,3150,9625,-6475
100000390,2868,5386,-2518
100000391,2246,11310,-9064
100000392,863,3499,-2636
100000393,741,7019,-6278
100000394,2637,7046,-4409
100000395,1654,6318,-4664
100000396,2055,2918,-863
100000397,2194,8890,-6696
100000398,5596,4367,1229
100000413,3,3,0
100900002,7,7,0
100900003,345,237,108
100900004,10,611,-601
100900005,99,35,64
100900006,26,32,-6
100900007,166,9,157
100900008,2,325,-323
100900009,30,96,-66
100900010,40,4,36
100900011,157,49,108
100900012,0,89,-89
100900013,912,6,906
100900014,11,1,10
100900015,20,72,-52
100900016,1,26,-25
100900017,843,44,799
100900018,0,8,-8
100900019,38,52,-14
100900020,249,4,245
100900021,290,0,290
100900022,6,38,-32
100900023,0,30,-30
100900024,348,2,346
100900025,9,7,2
100900026,117,52,65
100900027,424,1820,-1396
100900028,181,443,-262
100900029,56,2,54
100900030,3,316,-313
100900031,534,36,498
100900032,348,1,347
100900033,83,422,-339
100900034,943,1,942
100900035,157,1,156
100900036,6,0,6
100900037,152,54,98
100900038,32,160,-128
100900039,107,138,-31
100900040,505,204,301
100900041,1326,226,1100
100900042,700,2117,-1417
100900043,0,38,-38
100900044,890,632,258
100900045,2,0,2
100900046,854,8,846
100900047,605,173,432
100900048,109,38,71
100900049,53,41,12
100900050,6,17,-11
100900051,25,122,-97
100900052,184,23,161
100900053,646,15,631
100900054,19,25,-6
100900055,290,896,-606
100900056,26,51,-25
100900057,1911,688,1223
100900058,94,44,50
100900059,134,10,124
100900060,210,1,209
100900061,103,141,-38
100900062,0,62,-62
100900063,269,649,-380
100900064,381,14,367
100900065,37,152,-115
100900066,186,142,44
100900067,1,15,-14
100900068,66,77,-11
100900069,157,6,151
100900070,433,4,429
100900071,168,119,49
100900072,0,51,-51
100900073,106,152,-46
100900074,1,26,-25
100900075,1375,75,1300
100900076,2,15,-13
100900077,69,9,60
100900078,40,185,-145
100900079,7,30,-23
100900080,51,82,-31
100900081,14,81,-67
100900082,129,143,-14
100900083,1,33,-32
100900085,4,439,-435
100900086,62,289,-227
100900088,130,134,-4
100900089,2,14,-12
100900090,104,718,-614
100900091,0,6,-6
100900092,58,80,-22
100900093,314,342,-28
100900094,97,137,-40
100900095,5,51,-46
100900096,12,258,-246
100900097,0,1,-1
100900098,8,21,-13
100900099,14,414,-400
100900100,12,435,-423
100900101,108,50,58
100900102,1,29,-28
100900103,12,41,-29
100900104,1,167,-166
100900105,12,460,-448
100900106,22,0,22
100900107,1896,900,996
100900108,0,5,-5
100900109,14,43,-29
100900110,5,17,-12
100900111,14,226,-212
100900112,2,17,-15
100900113,23,9,14
100900114,17,13,4
100900115,5,14,-9
100900116,661,286,375
100900117,185,1134,-949
100900118,6,11,-5
100900119,4,26,-22
100900120,43,1,42
100900121,187,353,-166
100900122,51,94,-43
100900123,143,54,89
100900124,3,7,-4
100900125,2,28,-26
100900126,381,60,321
100900127,1,4,-3
100900128,44,488,-444
100900129,0,303,-303
100900131,7,148,-141
100900133,99,42,57
100900134,3,2,1
100900135,4,728,-724
100900137,240,140,100
100900138,286,316,-30
100900139,3,14,-11
100900140,1,194,-193
100900141,3,548,-545
100900142,3,2,1
100900143,248,684,-436
100900144,7,3,4
100900145,61,126,-65
100900146,2,26,-24
100900147,6,983,-977
100900148,40,124,-84
100900149,37,370,-333
100900150,3,28,-25
100900151,71,228,-157
100900152,92,6,86
100900153,1,174,-173
100900154,2,103,-101
100900155,10,5,5
100900156,12,1,11
100900157,12,462,-450
100900159,0,29,-29
100900160,16,20,-4
100900161,20,2,18
100900162,15,212,-197
100900163,59,59,0
100900164,86,17,69
100900165,18,31,-13
100900166,12,1,11
100900167,18,40,-22
100900168,20,123,-103
100900169,75,593,-518
100900170,10,3,7
100900171,6,402,-396
100900172,0,60,-60
100900173,8,70,-62
100900174,10,9,1
100900176,1500,197,1303
100900177,313,171,142
100900178,109,240,-131
100900179,298,179,119
100900180,6,0,6
100900181,45,74,-29
100900182,29,14,15
100900184,11,77,-66
100900186,288,233,55
100900187,23,61,-38
100900188,7,18,-11
100900189,1529,144,1385
100900191,304,1230,-926
100900192,124,561,-437
100900195,82,221,-139
100900197,24,54,-30
100900198,16,34,-18
100900199,8,7,1
100900200,566,300,266
100900201,24,419,-395
100900202,42,0,42
100900203,0,163,-163
100900204,32,387,-355
100900205,179,510,-331
100900206,226,154,72
100900207,218,99,119
100900210,56,172,-116
100900211,326,135,191
100900213,114,15,99
100900214,355,119,236
100900215,38,38,0
100900217,59,108,-49
101000001,1671,1688,-17
101000002,6037,7932,-1895
101000003,286,763,-477
101000004,5166,5031,135
101000005,3225,4966,-1741
101000006,4672,8551,-3879
101000007,2586,5087,-2501
101000008,1184,3156,-1972
101000009,2374,721,1653
101000010,764,504,260
101000011,1165,220,945
101000012,284,507,-223
101000013,555,1151,-596
101000014,278,347,-69
101000015,2130,1369,761
101000016,219,637,-418
101000017,239,494,-255
101000018,1129,4910,-3781
101000020,1134,693,441
101000021,373,1045,-672
101000022,59,278,-219
101000023,728,1176,-448
101000025,279,511,-232
101000026,250,30,220
101000027,1670,4713,-3043
101000028,717,399,318
101000029,83,1300,-1217
101000030,482,116,366
101000031,77,748,-671
101000032,1864,4924,-3060
101000033,919,5089,-4170
101000034,709,2843,-2134
101000035,365,404,-39
101000036,477,2489,-2012
101000037,859,4056,-3197
101000039,1378,3524,-2146
101000040,2440,6329,-3889
101000041,1674,6212,-4538
101000042,79,1064,-985
101000043,2419,7461,-5042
101000045,184,846,-662
101000046,724,2472,-1748
101000047,831,4473,-3642
101000048,456,291,165
101000049,498,2039,-1541
101000050,484,1877,-1393
101000051,530,2419,-1889
101000052,1067,1659,-592
101000053,443,1524,-1081
101000054,1628,777,851
101000055,985,1877,-892
101000056,22,193,-171
101000057,780,2013,-1233
101000058,611,1928,-1317
101000059,1751,2578,-827
101000060,1690,1277,413
101000061,252,2019,-1767
101000062,235,691,-456
101000063,186,1756,-1570
101000064,373,1188,-815
101000065,252,1142,-890
101000066,359,1543,-1184
101000067,347,1137,-790
101000068,72,358,-286
101000069,85,57,28
101000070,337,789,-452
101000071,2719,1095,1624
101000072,438,2489,-2051
101000073,463,1283,-820
101000074,1821,3031,-1210
101000075,1601,3531,-1930
101000077,1473,1440,33
101000078,527,1015,-488
101000079,902,1109,-207
101000080,918,1213,-295
101000081,1636,1499,137
101000082,1865,1664,201
101000083,3628,2199,1429
101000084,851,516,335
101000085,1189,1094,95
101000086,857,1142,-285
101000087,815,807,8
101000088,1774,1103,671
101000089,963,1678,-715
101000090,1379,681,698
101000091,429,472,-43
101000092,2671,719,1952
101000093,1517,564,953
101000094,1079,802,277
101000095,496,431,65
101000096,745,291,454
101000097,311,735,-424
101000098,329,886,-557
101000099,496,1117,-621
101000100,592,1127,-535
101000101,176,490,-314
101000102,338,939,-601
101000103,363,990,-627
101000104,258,963,-705
101000105,239,558,-319
101000106,193,1468,-1275
101000107,286,425,-139
101000108,502,90,412
101000109,634,86,548
101000110,18,113,-95
101000111,38,144,-106
101000113,112,769,-657
101000114,2250,8470,-6220
101000115,19,35,-16
101000116,6,20,-14
101000117,1163,139,1024
101000119,26,60,-34
101000120,44,91,-47
101000121,32,54,-22
101000122,73,83,-10
101000123,36,89,-53
101000124,531,511,20
101000125,110,155,-45
101000128,221,1345,-1124
101000130,123,172,-49
101000131,1495,331,1164
101000132,753,585,168
101000135,12,17,-5
101000136,114,179,-65
101000137,28,633,-605
101000141,494,4283,-3789
101000147,1049,292,757
101000148,948,1,947
101000149,46,128,-82
101000150,102,202,-100
101000151,333,38,295
101000152,339,275,64
101000153,381,126,255
101000154,395,349,46
101000155,444,141,303
101000156,58,420,-362
101000157,101,61,40
101000160,8,6,2
101000163,111,576,-465
101000164,250,86,164
101000165,286,441,-155
101000166,181,236,-55
101000168,838,630,208
101000252,2537,1057,1480
101000254,29,84,-55
101000258,62,17,45
101000261,73,74,-1
101000262,1159,5018,-3859
101000263,179,1535,-1356
101000265,45,761,-716
101000266,177,125,52
101000269,3,34,-31
101000290,294,3075,-2781
101000293,11,76,-65
101000294,636,500,136
101000295,375,239,136
101000301,234,627,-393
101000304,1962,3023,-1061
101000305,2362,1008,1354
101000328,124,645,-521
101900001,10,28,-18
101900002,0,5,-5
101900003,18,170,-152
101900004,1,285,-284
101900005,1036,3639,-2603
101900006,1538,76,1462
101900007,422,314,108
101900008,39,265,-226
101900009,19,378,-359
101900010,444,682,-238
101900011,89,1028,-939
101900012,280,38,242
101900013,284,75,209
101900017,8,80,-72
101900018,645,257,388
101900019,40,188,-148
101900020,47,26,21
101900021,1,49,-48
101900022,175,433,-258
101900023,216,92,124
101900026,161,36,125
101900027,16,99,-83
102000001,3055,6034,-2979
102000002,2133,1539,594
102000003,2119,6494,-4375
102000004,2890,2489,401
102000005,1148,3751,-2603
102000006,668,1395,-727
102000007,1834,4593,-2759
102000008,3718,1350,2368
102000009,7209,8425,-1216
102000010,2789,2333,456
102000011,4441,4495,-54
102000012,3257,2404,853
102000018,2818,2793,25
102000019,1851,1615,236
102000026,477,334,143
102000029,299,224,75
102000030,171,312,-141
102000031,48,78,-30
102000032,676,298,378
102000033,519,306,213
102000034,444,300,144
102000035,1186,457,729
102000036,22,198,-176
102000037,268,45,223
102000038,106,711,-605
102000039,69,219,-150
102000040,165,493,-328
102000041,27,1134,-1107
102000042,102,714,-612
102000043,35,592,-557
102000044,339,1552,-1213
102000045,619,924,-305
102000046,1181,802,379
102000047,662,832,-170
102000048,568,510,58
102000049,887,1219,-332
102000050,1090,1381,-291
102000051,213,960,-747
102000052,1061,1450,-389
102000053,693,1876,-1183
102000054,901,933,-32
102000055,1492,267,1225
102000056,1621,285,1336
102000057,1694,337,1357
102000058,887,690,197
102000059,889,1071,-182
102000060,860,783,77
102000061,1572,1200,372
102000062,2056,881,1175
102000063,1113,1212,-99
102000064,469,550,-81
102000065,37,118,-81
102000066,686,810,-124
102000067,4672,3192,1480
102000068,9679,3287,6392
102000069,76,3421,-3345
102000070,2020,39,1981
102000071,7698,10075,-2377
102000072,2288,4398,-2110
102000073,533,415,118
102000074,715,529,186
102000075,123,105,18
102000076,406,155,251
102000077,785,266,519
102000078,1415,227,1188
102000079,172,79,93
102000080,376,172,204
102000081,187,690,-503
102000082,647,289,358
102000083,899,160,739
102000084,646,192,454
102000085,2025,648,1377
102000086,1635,781,854
102000087,644,1024,-380
102000088,403,289,114
102000089,1348,358,990
102000090,270,996,-726
102000091,1343,464,879
102000092,279,436,-157
102000093,1021,499,522
102000094,538,308,230
102000095,570,804,-234
102000096,416,386,30
102000097,490,502,-12
102000098,275,641,-366
102000099,764,1094,-330
102000100,169,1653,-1484
102000101,376,618,-242
102000102,612,1021,-409
102000103,3314,379,2935
102000104,683,326,357
102000105,273,508,-235
102000106,746,371,375
102000107,1902,266,1636
102000108,571,171,400
102000109,759,377,382
102000110,1651,566,1085
102000111,9,375,-366
102000112,112,142,-30
102000113,34,17,17
102000114,755,271,484
102000115,208,349,-141
102000116,233,614,-381
102000117,57,1006,-949
102000118,763,1603,-840
102000119,875,1735,-860
102000120,198,471,-273
102000121,779,284,495
102000122,397,961,-564
102000123,911,635,276
102000124,1047,1367,-320
102000125,353,492,-139
102000126,348,755,-407
102000127,918,427,491
102000128,580,970,-390
102000129,1050,336,714
102000130,640,546,94
102000131,671,418,253
102000132,241,522,-281
102000133,3026,1195,1831
102000134,985,665,320
102000135,687,569,118
102000136,905,454,451
102000137,332,749,-417
102000138,233,288,-55
102000139,54,628,-574
102000140,79,1071,-992
102000141,106,218,-112
102000142,423,189,234
102000143,341,225,116
102000144,413,230,183
102000145,355,233,122
102000146,398,196,202
102000147,466,281,185
102000148,226,515,-289
102000149,206,158,48
102000150,722,57,665
102000151,159,112,47
102000152,265,164,101
102000153,743,759,-16
102000154,182,423,-241
102000155,27,705,-678
102000156,196,189,7
102000157,36,1330,-1294
102000158,209,367,-158
102000159,1596,1091,505
102000161,1857,1467,390
102000162,118,190,-72
102000163,81,371,-290
102000164,603,585,18
102000165,173,142,31
102000166,51,182,-131
102000167,181,204,-23
102000168,115,158,-43
102000169,69,517,-448
102000170,792,116,676
102000171,84,36,48
102000172,21,221,-200
102000173,358,263,95
102000174,101,53,48
102000175,42,80,-38
102000176,37,26,11
102000178,200,469,-269
102000179,395,203,192
102000180,1049,275,774
102000181,946,267,679
102000182,506,251,255
102000183,1943,866,1077
102000184,2174,575,1599
102000185,3160,624,2536
102000186,2208,933,1275
102000187,1106,566,540
102000188,1256,967,289
102000189,1470,190,1280
102000190,474,2366,-1892
102000191,841,260,581
102000192,2180,1711,469
102000193,81,122,-41
102000194,34,243,-209
102000195,458,322,136
102000196,250,189,61
102000197,938,148,790
102000198,180,375,-195
102000199,1372,156,1216
102000200,282,343,-61
102000201,1240,254,986
102000202,3,142,-139
102000203,444,124,320
102000204,593,454,139
102000205,1285,397,888
102000206,636,362,274
102000207,600,482,118
102000208,374,516,-142
102000209,34,106,-72
102000210,529,328,201
102000211,513,131,382
102000212,347,17,330
102000213,3,95,-92
102000214,342,11,331
102000215,2,146,-144
102000216,58,91,-33
102000217,2,42,-40
102000218,225,168,57
102000219,143,94,49
102000225,252,548,-296
102000226,209,294,-85
102000227,138,2,136
102000228,0,106,-106
102000229,43,37,6
102000230,325,329,-4
102000231,243,257,-14
102000232,62,198,-136
102000233,1210,334,876
102000234,105,943,-838
102000236,289,78,211
102000237,566,487,79
102000238,262,353,-91
102000240,420,919,-499
102000241,182,61,121
102000243,25,24,1
102000245,5,110,-105
102000246,10,84,-74
102000247,276,326,-50
102000248,350,876,-526
102000249,170,100,70
102000250,46,137,-91
102000254,289,150,139
102000266,4,616,-612
102000271,41,0,41
102000286,313,227,86
102000297,2128,1082,1046
102000299,0,0,0
102000301,0,0,0
102000303,0,0,0
102000305,0,0,0
102000307,0,14,-14
102900001,886,463,423
102900002,247,29,218
102900003,101,198,-97
102900005,334,130,204
102900006,529,48,481
102900007,663,1,662
102900008,310,31,279
102900009,283,430,-147
102900010,136,899,-763
102900011,834,398,436
102900012,468,140,328
102900013,49,28,21
102900015,598,499,99
102900016,87,25,62
102900017,306,172,134
102900018,46,50,-4
102900019,270,407,-137
102900020,299,16,283
102900021,60,35,25
102900022,152,92,60
102900023,12,24,-12
102900024,49,42,7
102900025,73,68,5
102900026,411,2115,-1704
102900027,91,58,33
102900028,195,777,-582
102900029,79,315,-236
102900030,323,257,66
102900031,257,119,138
102900032,122,36,86
102900033,52,166,-114
102900034,605,51,554
102900035,172,330,-158
102900036,379,200,179
102900037,265,151,114
102900038,419,177,242
102900039,26,611,-585
102900040,176,237,-61
102900041,96,112,-16
102900042,239,156,83
102900043,209,113,96
102900044,524,1069,-545
102900045,253,304,-51
102900046,280,108,172
102900047,126,582,-456
102900048,541,222,319
102900049,109,372,-263
102900050,212,228,-16
102900051,171,122,49
102900053,210,396,-186
102900054,214,1210,-996
102900055,180,258,-78
102900056,116,326,-210
102900057,8,43,-35
102900058,541,48,493
102900059,36,23,13
102900060,89,284,-195
102900061,131,194,-63
102900062,368,382,-14
102900063,1648,221,1427
102900064,122,353,-231
102900065,666,232,434
102900066,289,10,279
102900068,68,150,-82
102900070,134,311,-177
102900072,5,45,-40
102900073,27,2,25
102900075,8,100,-92
102900076,43,125,-82
102900077,41,23,18
102900078,21,52,-31
102900079,229,4,225
102900080,411,17,394
102900081,65,252,-187
102900082,20,222,-202
102900083,149,11,138
102900084,2,65,-63
102900085,188,119,69
102900086,10,78,-68
102900087,209,110,99
102900088,36,46,-10
102900089,150,223,-73
102900090,1,197,-196
102900091,163,5,158
102900092,326,99,227
102900094,12,302,-290
102900095,89,0,89
102900096,79,4,75
102900097,12,17,-5
103000001,2188,2404,-216
103000002,2365,2657,-292
103000003,2929,3017,-88
103000004,686,567,119
103000005,1644,4598,-2954
103000006,1225,1391,-166
103000007,411,494,-83
103000008,876,907,-31
103000009,2139,1068,1071
103000010,141,92,49
103000011,1026,807,219
103000012,1216,1690,-474
103000013,2361,1493,868
103000014,1215,3265,-2050
103000015,1761,801,960
103000016,580,1818,-1238
103000017,321,623,-302
103000018,721,167,554
103000019,353,601,-248
103000020,1125,1358,-233
103000021,1626,2555,-929
103000022,696,878,-182
103000023,725,2613,-1888
103000024,63,48,15
103000025,126,1186,-1060
103000026,398,82,316
103000027,173,537,-364
103000028,119,180,-61
103000029,102,171,-69
103000030,1233,1378,-145
103000031,629,2281,-1652
103000032,1755,1053,702
103000033,2884,2582,302
103000034,905,715,190
103000035,235,1022,-787
103000036,264,258,6
103000037,411,317,94
103000038,366,933,-567
103000039,700,287,413
103000040,661,457,204
103000041,1775,1020,755
103000042,1714,187,1527
103000043,949,557,392
103000044,269,59,210
103000046,423,409,14
103000047,682,201,481
103000048,188,92,96
103000049,61,99,-38
103000050,743,171,572
103000051,610,405,205
103000052,784,171,613
103000053,203,295,-92
103000054,1781,661,1120
103000055,1740,1275,465
103000056,858,741,117
103000057,1531,167,1364
103000058,566,437,129
103000059,755,451,304
103000060,825,184,641
103000061,564,559,5
103000062,621,238,383
103000063,903,759,144
103000064,105,91,14
103000065,7,164,-157
103000066,204,14,190
103000069,352,156,196
103000070,678,375,303
103000071,1597,530,1067
103000072,126,373,-247
103000073,992,89,903
103000074,761,150,611
103000075,120,409,-289
103000076,230,846,-616
103000077,13,275,-262
103000078,833,1405,-572
103000079,467,1010,-543
103000080,437,323,114
103000081,256,1188,-932
103000082,458,143,315
103000083,138,419,-281
103000084,119,12,107
103000085,2,143,-141
103000086,298,581,-283
103000087,169,584,-415
103000088,183,348,-165
103000089,246,838,-592
103000090,5227,1209,4018
103000091,1619,610,1009
103000092,381,276,105
103000093,284,630,-346
103000094,244,120,124
103000095,59,278,-219
103000096,475,48,427
103000097,57,727,-670
103000098,593,135,458
103000099,108,610,-502
103000100,171,358,-187
103000101,1344,95,1249
103000102,83,260,-177
103000103,745,131,614
103000104,82,68,14
103000105,243,56,187
103000106,5,154,-149
103000107,260,115,145
103000108,1852,1149,703
103000109,768,694,74
103000110,924,629,295
103000111,225,608,-383
103000112,218,549,-331
103000113,268,1147,-879
103000114,1268,1132,136
103000115,768,723,45
103000116,658,317,341
103000117,652,450,202
103000118,340,328,12
103000119,843,228,615
103000120,75,146,-71
103000121,92,223,-131
103000122,333,374,-41
103000125,26,40,-14
103000126,564,0,564
103000127,11,55,-44
103000128,124,2,122
103000129,2,67,-65
103000130,111,28,83
103000131,58,89,-31
103000132,50,75,-25
103000133,18,68,-50
103000134,145,908,-763
103000135,554,201,353
103000136,393,518,-125
103000137,397,811,-414
103000138,590,765,-175
103000139,1,102,-101
103000140,141,21,120
103000141,37,177,-140
103000142,115,105,10
103000143,67,200,-133
103000144,122,51,71
103000145,9,161,-152
103000150,90,25,65
103000152,205,340,-135
103000153,203,397,-194
103000156,6,90,-84
103000157,427,1,426
103000159,231,75,156
103000162,25,23,2
103000163,7,28,-21
103000164,3,9,-6
103000165,52,160,-108
103000166,280,543,-263
103000167,243,218,25
103000168,156,124,32
103000169,170,685,-515
103000170,1153,190,963
103000171,25,107,-82
103000172,763,156,607
103000173,827,122,705
103000174,366,188,178
103000175,292,113,179
103000176,858,767,91
103000177,228,305,-77
103000178,64,186,-122
103000179,102,32,70
103000183,362,5,357
103000185,208,29,179
103000186,250,62,188
103000187,1009,108,901
103000188,17,84,-67
103000189,680,419,261
103000191,428,463,-35
103000292,411,1471,-1060
103000293,449,3040,-2591
103000295,74,135,-61
103000296,57,2,55
103000297,1,74,-73
103000504,39,7,32
103000505,1,50,-49
103000506,2,68,-66
103000507,196,1,195
103000508,105,51,54
103000509,208,568,-360
103900001,0,29,-29
103900002,491,105,386
103900003,813,242,571
103900004,115,0,115
103900005,2,58,-56
103900006,1,3,-2
103900007,161,4,157
103900008,10,1,9
103900009,406,240,166
103900010,279,127,152
103900011,572,56,516
103900012,3,17,-14
103900013,122,9,113
103900014,72,9,63
103900015,112,2,110
103900016,157,91,66
103900017,71,52,19
103900018,245,42,203
103900019,30,266,-236
103900020,275,391,-116
103900021,86,31,55
103900022,535,374,161
103900023,280,1,279
103900024,91,176,-85
103900025,11,11,0
103900026,11,0,11
103900027,398,221,177
103900028,44,330,-286
103900029,1110,122,988
103900030,492,214,278
103900031,75,0,75
103900032,83,103,-20
103900033,55,42,13
103900034,43,33,10
103900035,40,3,37
103900036,87,59,28
103900037,164,35,129
103900038,44,196,-152
103900039,136,73,63
103900040,2,64,-62
103900041,33,20,13
103900042,131,58,73
103900043,271,27,244
103900044,13,711,-698
103900045,243,111,132
103900047,98,3,95
103900048,10,54,-44
103900049,91,1508,-1417
103900050,16,151,-135
103900051,2,34,-32
103900052,175,299,-124
103900053,394,130,264
103900054,193,111,82
103900055,447,176,271
103900056,43,47,-4
103900057,145,47,98
103900058,401,203,198
103900059,1,39,-38
103900060,71,40,31
103900061,251,10,241
103900062,601,222,379
103900063,3,0,3
103900064,257,1,256
103900065,187,216,-29
103900066,366,94,272
103900067,254,7,247
103900068,0,0,0
103900069,109,11,98
103900070,87,106,-19
103900071,12,39,-27
103900072,27,66,-39
103900073,51,66,-15
103900074,87,18,69
103900075,389,34,355
103900076,816,140,676
103900077,47,271,-224
103900078,339,33,306
103900079,119,149,-30
103900080,4,21,-17
103900081,17,18,-1
103900082,55,115,-60
103900083,965,1951,-986
103900084,50,148,-98
103900085,55,65,-10
103900086,1089,234,855
103900088,232,400,-168
103900089,32,95,-63
103900090,2,37,-35
103900091,681,145,536
103900092,550,609,-59
103900093,43,252,-209
103900094,8,54,-46
103900095,174,358,-184
103900096,101,99,2
103900097,11,259,-248
103900098,353,82,271
103900099,233,25,208
103900100,422,88,334
103900101,160,670,-510
103900102,1,52,-51
103900104,3,10,-7
103900105,22,70,-48
103900106,0,113,-113
103900107,172,25,147
103900108,54,91,-37
103900109,181,24,157
103900110,211,39,172
103900111,154,153,1
103900112,27,67,-40
103900113,43,179,-136
103900114,696,149,547
103900115,149,127,22
103900116,1205,2031,-826
103900117,87,45,42
103900119,18,122,-104
103900120,93,27,66
103900122,197,36,161
103900123,345,550,-205
103900124,46,134,-88
103900125,193,74,119
103900126,575,128,447
103900127,164,181,-17
103900128,158,31,127
103900131,24,95,-71
103900133,934,10,924
103900134,0,6,-6
103900135,4,2,2
103900137,0,5,-5
103900138,201,53,148
103900139,124,3319,-3195
103900140,6,301,-295
103900141,166,35,131
103900142,363,59,304
103900143,134,1,133
103900144,0,11,-11
103900145,135,129,6
103900146,174,106,68
103900147,530,64,466
103900148,304,72,232
103900149,205,198,7
103900150,3324,5280,-1956
103900151,29,89,-60
103900152,1304,141,1163
103900153,6,1,5
103900154,206,2265,-2059
103900155,50,60,-10
103900156,98,20,78
103900157,106,37,69
103900158,193,23,170
103900159,238,17,221
103900160,66,22,44
103900161,81,154,-73
103900162,64,63,1
103900163,2,226,-224
103900167,2,82,-80
103900168,64,85,-21
103900169,13,42,-29
103900170,0,29,-29
103900171,2,28,-26
103900172,4,13,-9
103900173,6,20,-14
103900174,284,11,273
103900175,25,90,-65
103900176,1,32,-31
103900177,16,14,2
103900178,51,8,43
103900179,56,16,40
103900180,4,29,-25
103900181,17,38,-21
103900182,6,26,-20
103900184,133,106,27
103900185,50,651,-601
103900187,13,143,-130
103900188,109,58,51
103900189,135,4,131
103900190,74,38,36
103900191,23,57,-34
103900192,8,49,-41
103900193,37,90,-53
103900194,73,90,-17
103900195,2,169,-167
103900196,55,47,8
103900197,5,6,-1
103900198,8,16,-8
103900199,136,51,85
103900200,183,54,129
103900201,87,100,-13
103900202,7,26,-19
103900203,36,49,-13
103900204,2,21,-19
103900207,0,14,-14
103900208,160,0,160
103900209,2,35,-33
103900210,28,10,18
103900211,654,75,579
103900212,238,84,154
103900213,40,354,-314
103900214,222,279,-57
103900215,150,347,-197
103900216,18,99,-81
103900217,210,65,145
103900218,0,299,-299
103900219,196,93,103
103900233,107,13,94
103900235,8,190,-182
103900236,3,2,1
103900242,3,0,3
103900243,3,0,3
103900244,89,94,-5
103900245,93,55,38
103900246,17,37,-20
103900247,9,53,-44
103900248,3,78,-75
103900249,1,67,-66
103900250,34,40,-6
103900251,3,25,-22
103900253,2,50,-48
103900254,15,31,-16
103900255,5,23,-18
103900256,18,17,1
103900257,275,217,58
103900258,16,3,13
103900259,11,1,10
103900261,19,2,17
103900262,27,1,26
103900263,10,62,-52
103900264,11,9,2
103900265,11,1,10
103900266,1,52,-51
103900267,2,58,-56
103900268,26,16,10
103900269,187,5,182
103900270,53,58,-5
103900271,7,36,-29
103900272,52,15,37
103900273,48,4,44
103900274,165,4,161
103900275,106,4,102
103900276,5,10,-5
103900277,4,14,-10
103900278,0,25,-25
103900279,3,23,-20
103900280,0,10,-10
104000001,3269,1949,1320
104000002,2027,1719,308
104000003,2411,1953,458
104000004,2196,2393,-197
104000005,2299,1938,361
104000006,3054,2171,883
104000007,3851,3782,69
104000008,193,210,-17
104000009,296,130,166
104000010,165,403,-238
104000011,250,221,29
104000012,149,190,-41
104000013,379,311,68
104000014,183,275,-92
104000015,458,156,302
104000016,257,197,60
104000018,908,218,690
104000019,595,240,355
104000020,79,265,-186
104000021,342,174,168
104000022,249,309,-60
104000023,1128,357,771
104000024,228,177,51
104000026,78,182,-104
104000027,275,238,37
104000028,486,236,250
104000029,268,206,62
104000030,355,218,137
104000031,1256,303,953
104000032,134,100,34
104000033,679,429,250
104000034,321,108,213
104000035,1184,368,816
104000036,1325,350,975
104000037,180,89,91
104000038,554,330,224
104000039,197,111,86
104000040,115,421,-306
104000041,524,284,240
104000042,136,164,-28
104000043,178,168,10
104000044,279,257,22
104000045,650,417,233
104000046,518,766,-248
104000047,506,701,-195
104000048,787,779,8
104000049,710,277,433
104000050,119,710,-591
104000051,326,509,-183
104000052,2188,1619,569
104000053,1073,373,700
104000054,674,147,527
104000055,2528,1813,715
104000056,588,161,427
104000057,258,213,45
104000058,810,791,19
104000059,567,869,-302
104000060,1258,1142,116
104000061,1006,587,419
104000062,270,119,151
104000064,667,351,316
104000065,127,578,-451
104000069,475,1717,-1242
104000070,53,513,-460
104000071,116,302,-186
104000072,462,168,294
104000075,51,172,-121
104000076,398,56,342
104000082,2299,4164,-1865
104000083,527,154,373
104000084,81,314,-233
104000085,446,185,261
104000086,222,320,-98
104000087,288,1354,-1066
104000090,1202,672,530
104000092,1507,969,538
104000094,878,637,241
104000095,3551,1264,2287
104000096,1970,39,1931
104000097,2573,446,2127
104000098,3636,451,3185
104000100,2452,554,1898
104000101,1358,1257,101
104000106,17,598,-581
104000107,623,176,447
104000108,159,227,-68
104000109,339,131,208
104000110,611,850,-239
104000111,1959,2720,-761
104000112,535,292,243
104000116,1,372,-371
104000117,333,248,85
104000118,1053,91,962
104000119,791,192,599
104000120,290,231,59
104000121,276,387,-111
104000122,1032,604,428
104000123,682,511,171
104000124,365,883,-518
104000125,1989,4678,-2689
104000126,699,505,194
104000127,1173,1186,-13
104000128,579,143,436
104000129,354,12,342
104000130,8,186,-178
104000131,242,320,-78
104000132,242,362,-120
104000133,1491,594,897
104000134,1059,1181,-122
104000135,610,1324,-714
104000136,782,2809,-2027
104000137,2285,211,2074
104000138,1219,286,933
104000139,2435,2104,331
104000141,903,495,408
104000142,611,350,261
104000143,673,238,435
104000144,146,177,-31
104000145,505,174,331
104000146,148,421,-273
104000147,141,297,-156
104000148,487,136,351
104000149,189,96,93
104000150,1052,495,557
104000151,216,177,39
104000152,685,211,474
104000153,636,524,112
104000154,621,241,380
104000155,442,759,-317
104000157,1282,780,502
104000158,141,464,-323
104000159,839,592,247
104000160,1507,2340,-833
104000161,245,97,148
104000162,143,131,12
104000165,531,669,-138
104000167,701,1588,-887
104000168,667,9,658
104000169,220,44,176
104000170,253,412,-159
104000248,346,414,-68
104000251,85,100,-15
104000272,0,0,0
104000273,0,0,0
104000274,0,0,0
104000275,0,0,0
104000279,430,301,129
104000290,83,202,-119
104000291,450,1083,-633
104000293,1436,901,535
104000294,84,1,83
104000295,718,785,-67
104000296,590,619,-29
104000297,799,1740,-941
104000298,1924,1026,898
104000299,831,1277,-446
104900001,108,200,-92
104900002,58,274,-216
104900003,50,186,-136
104900004,88,84,4
104900005,506,337,169
104900006,791,78,713
104900007,463,163,300
104900009,133,173,-40
104900010,84,35,49
104900011,3,31,-28
104900012,174,27,147
104900013,90,11,79
104900014,1314,388,926
104900015,106,3,103
104900016,238,121,117
104900017,95,151,-56
104900018,24,97,-73
104900019,179,5883,-5704
104900020,41,182,-141
104900021,11,32,-21
104900022,11,142,-131
104900023,0,20,-20
104900024,18,203,-185
104900025,82,102,-20
104900026,1,66,-65
104900027,671,330,341
104900028,14,150,-136
104900029,17,15,2
104900030,553,176,377
104900031,40,259,-219
104900032,55,47,8
104900033,237,189,48
104900034,403,154,249
104900035,428,170,258
104900036,312,28,284
104900037,119,126,-7
104900038,118,1043,-925
104900039,242,319,-77
104900040,586,89,497
104900041,387,144,243
104900042,188,253,-65
104900043,27,253,-226
104900044,943,168,775
104900045,415,55,360
104900046,367,67,300
104900047,535,106,429
104900048,491,33,458
104900049,39,29,10
104900050,331,33,298
104900051,358,28,330
104900052,194,6,188
104900053,547,78,469
104900054,135,27,108
104900055,209,0,209
104900056,298,14,284
104900057,59,1,58
104900058,375,307,68
104900059,92,50,42
104900060,1,186,-185
104900061,148,246,-98
104900063,0,245,-245
104900064,0,102,-102
104900065,1,417,-416
104900066,0,56,-56
104900067,2,234,-232
104900068,110,60,50
104900070,88,166,-78
104900071,0,356,-356
104900072,41,165,-124
104900073,59,42,17
104900074,58,85,-27
104900075,31,8,23
104900076,138,95,43
104900077,265,193,72
104900078,201,212,-11
104900079,63,1031,-968
104900080,147,449,-302
104900082,5,167,-162
104900085,7,85,-78
104900087,353,5,348
104900089,400,0,400
104900090,1326,744,582
104900091,472,330,142
104900093,161,275,-114
104900097,1065,2846,-1781
104900098,339,33,306
104900099,215,946,-731
104900100,247,189,58
104900102,53,60,-7
104900103,251,38,213
104900104,1410,1817,-407
104900106,234,79,155
104900107,59,132,-73
104900108,25,97,-72
104900109,96,79,17
104900110,8,61,-53
104900111,389,49,340
104900112,332,239,93
104900113,756,195,561
104900114,582,237,345
104900115,752,108,644
104900116,602,81,521
104900118,8,16,-8
104900119,0,36,-36
104900120,9,599,-590
104900121,1,10,-9
104900122,9,36,-27
104900123,85,14,71
104900124,51,1,50
104900125,519,13,506
104900126,16,17,-1
104900127,8,54,-46
104900128,70,113,-43
104900129,783,2626,-1843
105000001,2978,1335,1643
105000002,2763,1642,1121
105000003,2676,3965,-1289
105000004,849,681,168
105000005,1547,1219,328
105000006,1375,2007,-632
105000007,1756,2847,-1091
105000008,944,4206,-3262
105000009,3001,3097,-96
105000010,2156,844,1312
105000011,3480,3094,386
105000012,2064,1442,622
105000013,1176,1133,43
105000014,3099,3662,-563
105000015,7526,13492,-5966
105000016,934,838,96
105000017,1199,643,556
105000018,785,2034,-1249
105000019,784,1172,-388
105000020,82,507,-425
105000021,192,217,-25
105000022,111,200,-89
105000023,711,210,501
105000028,54,46,8
105000029,505,1322,-817
105000030,2480,1448,1032
105000031,4,6,-2
105000033,718,932,-214
105000034,123,886,-763
105000037,459,148,311
105000038,1225,1528,-303
105000039,939,690,249
105000040,733,1192,-459
105000041,178,510,-332
105000042,1779,1359,420
105000043,747,790,-43
105000044,668,354,314
105000045,170,221,-51
105000046,1007,245,762
105000047,473,377,96
105000048,856,216,640
105000049,207,339,-132
105000050,879,474,405
105000051,165,227,-62
105000052,576,670,-94
105000053,66,72,-6
105000054,381,580,-199
105000055,592,121,471
105000056,1447,1304,143
105000057,1052,302,750
105000058,1066,577,489
105000059,800,595,205
105000060,431,352,79
105000061,1320,583,737
105000062,418,383,35
105000063,306,246,60
105000064,2017,668,1349
105000065,302,476,-174
105000066,699,946,-247
105000067,1743,1021,722
105000068,228,603,-375
105000069,1478,2654,-1176
105000070,308,1222,-914
105000071,284,1756,-1472
105000072,1350,4696,-3346
105000073,989,586,403
105000074,446,395,51
105000075,475,369,106
105000076,910,881,29
105000077,1879,868,1011
105000078,766,1103,-337
105000079,824,2737,-1913
105000080,1643,1298,345
105000081,1402,1111,291
105000082,681,1891,-1210
105000083,2019,3161,-1142
105000084,483,418,65
105000085,2173,2258,-85
105000086,655,711,-56
105000087,1216,1187,29
105000088,1718,2036,-318
105000089,1302,984,318
105000090,529,368,161
105000091,585,1009,-424
105000092,420,1136,-716
105000093,380,407,-27
105000094,150,156,-6
105000095,95,500,-405
105000096,1289,2029,-740
105000097,530,557,-27
105000098,1337,1212,125
105000099,630,1012,-382
105000100,1768,781,987
105000101,2321,1145,1176
105000102,1638,1186,452
105000103,1147,1531,-384
105000104,2083,767,1316
105000105,1057,1362,-305
105000106,1367,889,478
105000107,1546,644,902
105000108,1542,1041,501
105000109,2392,934,1458
105000110,783,423,360
105000111,1553,363,1190
105000112,1084,518,566
105000113,586,640,-54
105000114,1369,1373,-4
105000115,325,1542,-1217
105000116,1085,543,542
105000117,788,711,77
105000118,849,282,567
105000119,344,324,20
105000120,1539,431,1108
105000121,675,503,172
105000122,405,594,-189
105000123,604,899,-295
105000124,2204,525,1679
105000125,718,923,-205
105000126,1906,1061,845
105000127,2715,961,1754
105000128,751,926,-175
105000129,1167,189,978
105000130,154,3107,-2953
105000131,423,135,288
105000132,1361,678,683
105000133,519,503,16
105000134,1191,557,634
105000135,333,525,-192
105000136,107,169,-62
105000137,781,251,530
105000138,176,180,-4
105000139,758,373,385
105000140,591,264,327
105000141,356,192,164
105000142,380,315,65
105000143,173,306,-133
105000144,228,427,-199
105000145,785,191,594
105000146,274,504,-230
105000147,653,307,346
105000148,845,732,113
105000149,2637,2307,330
105000150,1141,725,416
105000151,532,381,151
105000152,146,379,-233
105000153,794,538,256
105000154,599,373,226
105000155,600,613,-13
105000156,317,515,-198
105000157,574,1231,-657
105000158,1946,778,1168
105000159,305,729,-424
105000160,3746,839,2907
105000161,650,1179,-529
105000162,840,2713,-1873
105000163,910,842,68
105000164,141,290,-149
105000165,625,8744,-8119
105000166,3870,1146,2724
105000167,1079,2769,-1690
105000168,331,243,88
105000169,878,98,780
105000170,309,926,-617
105000171,1130,144,986
105000172,196,14,182
105000173,292,18,274
105000174,108,32,76
105000175,81,34,47
105000176,597,32,565
105000177,447,199,248
105000178,330,211,119
105000179,1054,46,1008
105000180,248,59,189
105000181,213,129,84
105000182,81,20,61
105000183,1415,2475,-1060
105000184,452,678,-226
105000185,626,1026,-400
105000186,368,402,-34
105000187,691,172,519
105000188,109,146,-37
105000189,56,451,-395
105000190,206,246,-40
105000191,231,242,-11
105000192,351,42,309
105000193,58,118,-60
105000194,868,119,749
105000195,245,423,-178
105000196,82,270,-188
105000197,170,299,-129
105000198,219,148,71
105000199,87,531,-444
105000200,84,267,-183
105000201,53,22,31
105000203,7,109,-102
105000204,65,59,6
105000205,66,119,-53
105000207,170,121,49
105000208,135,465,-330
105000209,157,119,38
105000211,175,4,171
105000212,1113,417,696
105000213,102,205,-103
105000214,83,127,-44
105000215,250,151,99
105000216,199,75,124
105000217,286,150,136
105000218,1749,1018,731
105000221,153,199,-46
105000222,305,100,205
105000223,392,139,253
105000226,106,114,-8
105000227,55,84,-29
105000228,72,1738,-1666
105000229,159,471,-312
105000231,478,304,174
105000233,810,662,148
105000234,334,557,-223
105000235,397,474,-77
105000237,1205,90,1115
105000243,62,12,50
105000248,39,51,-12
105000262,433,340,93
105000269,138,123,15
105000270,686,22,664
105000271,0,133,-133
105000282,41,33,8
105000287,246,56,190
105000288,681,283,398
105000289,827,1808,-981
105000290,12,14,-2
105000402,1431,3588,-2157
105000426,168,394,-226
105000438,1244,1006,238
105000440,12,5,7
105000446,5505,3388,2117
105000447,1777,1106,671
105000454,841,206,635
105000455,197,98,99
105000474,64,0,64
105000477,593,397,196
105000478,2299,5201,-2902
105000479,137,187,-50
105000480,5098,7833,-2735
105000481,4835,4554,281
105000482,2013,3896,-1883
105000483,2033,3206,-1173
105000484,1041,1606,-565
105000485,1387,3372,-1985
105000486,1153,1890,-737
105000488,3408,2054,1354
105000489,1213,887,326
105000549,76,111,-35
105000550,347,941,-594
105000551,42,61,-19
105000552,1752,919,833
105000555,730,1191,-461
105000556,51,15,36
105000557,39,58,-19
105900001,2,1631,-1629
105900002,560,927,-367
105900003,20,126,-106
105900004,183,51,132
105900005,27,114,-87
105900006,8,70,-62
105900007,21,10,11
105900008,103,268,-165
105900009,12,2,10
105900011,91,15,76
105900012,327,40,287
105900013,0,31,-31
105900014,7,44,-37
105900015,78,259,-181
105900016,467,204,263
105900017,1328,20,1308
105900018,72,114,-42
105900019,59,75,-16
105900020,44,66,-22
105900021,34,102,-68
105900022,205,84,121
105900023,3,43,-40
105900024,8,164,-156
105900025,264,9,255
105900026,152,7,145
105900027,8404,3311,5093
105900028,190,264,-74
105900029,2094,338,1756
105900030,198,247,-49
105900031,327,183,144
105900032,115,151,-36
105900033,47,84,-37
105900034,336,125,211
105900035,279,108,171
105900036,149,63,86
105900037,145,34,111
105900038,141,154,-13
105900039,103,64,39
105900040,127,62,65
105900041,136,70,66
105900042,74,173,-99
105900043,764,68,696
105900044,0,274,-274
105900045,2,1054,-1052
105900046,2,199,-197
105900047,10,51,-41
105900048,91,286,-195
105900050,2161,5127,-2966
105900051,44,877,-833
105900052,549,127,422
105900053,1274,3166,-1892
105900054,157,95,62
105900056,263,413,-150
105900057,12,81,-69
105900058,17,10,7
105900059,0,57,-57
106000001,1649,1929,-280
106000002,710,2680,-1970
106000003,2624,3732,-1108
106000004,1113,2037,-924
106000005,4070,3608,462
106000006,3705,1584,2121
106000007,468,317,151
106000008,429,263,166
106000009,466,327,139
106000010,403,432,-29
106000011,2015,978,1037
106000012,841,816,25
106000013,1861,1460,401
106000014,1497,981,516
106000015,2390,987,1403
106000016,1111,1129,-18
106000017,591,724,-133
106000018,498,395,103
106000019,436,446,-10
106000020,373,241,132
106000021,349,394,-45
106000022,359,98,261
106000023,853,261,592
106000024,397,313,84
106000025,133,157,-24
106000026,44,128,-84
106000027,1854,1372,482
106000028,566,205,361
106000029,518,472,46
106000030,182,510,-328
106000034,112,277,-165
106000035,765,1821,-1056
106000036,110,329,-219
106000037,969,774,195
106000038,100,133,-33
106000039,38,118,-80
106000040,91,755,-664
106000041,580,375,205
106000043,542,235,307
106000046,303,60,243
106000047,22,387,-365
106000049,1111,175,936
106000050,242,264,-22
106000051,929,483,446
106000052,98,208,-110
106000053,453,143,310
106000054,253,167,86
106000055,924,572,352
106000056,243,151,92
106000057,499,197,302
106000058,102,75,27
106000059,438,273,165
106000060,204,225,-21
106000061,182,615,-433
106000062,126,256,-130
106000063,983,643,340
106000064,18,154,-136
106000065,454,162,292
106000066,77,155,-78
106000067,368,61,307
106000068,85,346,-261
106000069,371,62,309
106000070,387,384,3
106000071,708,241,467
106000072,2189,1398,791
106000073,1229,4420,-3191
106000074,668,699,-31
106000075,426,1068,-642
106000076,1316,1257,59
106000077,1688,802,886
106000078,1225,512,713
106000079,1022,486,536
106000080,1134,309,825
106000081,1109,664,445
106000082,1513,431,1082
106000083,493,1062,-569
106000084,794,472,322
106000085,1346,1152,194
106000086,457,562,-105
106000087,809,330,479
106000088,394,668,-274
106000089,955,215,740
106000090,439,501,-62
106000091,201,294,-93
106000092,1101,207,894
106000093,441,97,344
106000094,58,200,-142
106000095,1154,604,550
106000096,1113,398,715
106000097,1320,534,786
106000098,852,514,338
106000099,181,378,-197
106000100,1308,148,1160
106000101,627,141,486
106000102,91,336,-245
106000103,217,293,-76
106000104,1043,194,849
106000105,437,293,144
106000106,809,214,595
106000107,160,164,-4
106000108,605,148,457
106000109,202,132,70
106000110,366,97,269
106000111,148,125,23
106000112,355,638,-283
106000113,437,393,44
106000114,430,833,-403
106000115,263,269,-6
106000116,408,178,230
106000117,617,367,250
106000118,1328,1223,105
106000119,915,447,468
106000120,950,1527,-577
106000121,329,128,201
106000122,249,113,136
106000123,774,109,665
106000124,152,59,93
106000125,33,116,-83
106000126,467,46,421
106000127,1246,467,779
106000128,1052,99,953
106000129,633,316,317
106000130,1096,221,875
106000131,113,709,-596
106000132,423,160,263
106000133,1336,1453,-117
106000134,402,2897,-2495
106000135,101,496,-395
106000136,598,1190,-592
106000137,30,426,-396
106000138,2037,90,1947
106000139,60,36,24
106000140,52,32,20
106000141,159,28,131
106000142,108,29,79
106000143,42,51,-9
106000144,35,72,-37
106000145,487,88,399
106000146,507,76,431
106000147,277,213,64
106000148,361,381,-20
106000149,628,245,383
106000150,611,1885,-1274
106000151,2322,540,1782
106000152,619,2416,-1797
106000153,123,1648,-1525
106000154,894,117,777
106000155,232,310,-78
106000156,1483,133,1350
106000157,526,1407,-881
106000158,1291,640,651
106000159,1944,2060,-116
106000160,561,3896,-3335
106000161,997,211,786
106000162,398,1412,-1014
106000163,356,176,180
106000164,769,226,543
106000165,248,261,-13
106000166,1156,191,965
106000167,361,472,-111
106000168,938,178,760
106000169,243,258,-15
106000170,1061,102,959
106000171,171,903,-732
106000172,2369,1211,1158
106000173,726,2249,-1523
106000174,1164,305,859
106000175,221,381,-160
106000176,1883,573,1310
106000177,644,1127,-483
106000178,2681,1069,1612
106000179,498,1122,-624
106000180,541,454,87
106000181,1002,863,139
106000182,1767,473,1294
106000183,1714,285,1429
106000184,1249,342,907
106000185,1073,894,179
106000186,411,33,378
106000187,45,876,-831
106000188,0,0,0
106000189,19,25,-6
106000190,42,1,41
106000191,527,78,449
106000192,2,15,-13
106000193,334,155,179
106000194,74,219,-145
106000195,177,86,91
106000196,45,159,-114
106000197,457,112,345
106000198,204,83,121
106000199,459,712,-253
106000200,190,153,37
106000201,392,3865,-3473
106000202,1765,415,1350
106000203,41,193,-152
106000204,113,6,107
106000205,14,124,-110
106000206,112,10,102
106000207,10,296,-286
106000208,1497,154,1343
106000209,1751,373,1378
106000210,163,475,-312
106000211,155,825,-670
106000212,991,391,600
106000213,132,812,-680
106000214,997,279,718
106000215,283,269,14
106000216,461,264,197
106000217,194,255,-61
106000218,296,232,64
106000219,155,216,-61
106000220,546,105,441
106000221,217,84,133
106000222,139,53,86
106000223,509,107,402
106000224,224,57,167
106000225,108,98,10
106000226,49,78,-29
106000228,80,103,-23
106000229,99,407,-308
106000231,1004,112,892
106000232,88,132,-44
106000233,449,66,383
106000234,76,162,-86
106000235,259,92,167
106000236,35,49,-14
106000237,1,8,-7
106000238,14,24,-10
106000239,0,97,-97
106000240,36,0,36
106000241,9,520,-511
106000242,231,30,201
106000249,82,33,49
106000250,34,420,-386
106000251,145,8,137
106000252,17,60,-43
106000253,44,60,-16
106000254,111,20,91
106000255,37,129,-92
106000256,57,10,47
106000257,83,99,-16
106000258,104,21,83
106000259,7,32,-25
106000260,34,2,32
106000261,7,36,-29
106000262,61,9,52
106000263,18,16,2
106000264,149,4,145
106000265,7,48,-41
106000266,94,18,76
106000267,2,45,-43
106000268,183,42,141
106000269,15,32,-17
106000270,68,220,-152
106000271,106,127,-21
106000272,103,50,53
106000273,27,183,-156
106000274,96,29,67
106000275,116,137,-21
106000276,63,16,47
106000277,82,159,-77
106000278,53,20,33
106000279,13,20,-7
106000280,107,23,84
106000281,131,48,83
106000282,38,30,8
106000283,101,42,59
106000284,158,41,117
106000285,99,47,52
106000286,156,72,84
106000287,156,56,100
106000288,80,95,-15
106000289,78,61,17
106000290,95,25,70
106000291,120,67,53
106000292,41,25,16
106000293,109,70,39
106000294,56,41,15
106000295,36,46,-10
106000296,24,51,-27
106000297,48,231,-183
106000298,34,80,-46
106000299,50,92,-42
106000300,44,99,-55
106000301,51,116,-65
106000303,25,40,-15
106000304,39,19,20
106000305,65,23,42
106000306,40,20,20
106000307,88,7,81
106000308,18,47,-29
106000309,10,37,-27
106000310,309,251,58
106000311,486,131,355
106000312,108,57,51
106000313,379,134,245
106000318,42,352,-310
106000319,1134,251,883
106000320,5,42,-37
106000321,111,105,6
106000322,284,48,236
106000324,18,41,-23
106000325,2125,731,1394
106000326,887,941,-54
106000327,223,58,165
106000328,18,26,-8
106000329,55,109,-54
106000330,59,62,-3
106000428,95,176,-81
106000429,112,194,-82
106000430,312,658,-346
106000431,2444,375,2069
106000432,936,1775,-839
106000433,2375,1249,1126
106000434,3214,1054,2160
106000435,860,1525,-665
106000436,16,114,-98
106000437,332,51,281
106000438,197,182,15
106000439,63,325,-262
106000440,179,292,-113
106000441,1,1,0
106000442,145,7,138
106000443,338,172,166
106000450,1,53,-52
106000451,23,85,-62
106000454,14,94,-80
106000455,4,132,-128
106000456,77,13,64
106000457,50,311,-261
106000458,940,37,903
106000459,281,95,186
106000460,1420,23,1397
106000461,220,288,-68
106000462,0,63,-63
106000463,5,5,0
106000464,3,129,-126
106000465,777,1,776
106000466,1,185,-184
106000467,127,202,-75
106000468,65,62,3
106000469,66,1,65
106000470,227,1863,-1636
106000471,5,302,-297
106000472,127,11,116
106000473,24,6,18
106000474,290,293,-3
106000475,413,125,288
106000476,125,262,-137
106000477,52,68,-16
106000480,0,473,-473
106900001,0,14,-14
106900002,4,156,-152
106900003,89,586,-497
106900004,0,9,-9
106900006,0,2,-2
106900007,0,8,-8
106900008,643,65,578
106900009,437,80,357
106900010,298,132,166
106900012,814,2871,-2057
106900013,418,193,225
106900014,49,2,47
106900015,17,0,17
106900016,399,23,376
106900017,11,0,11
106900018,12,0,12
106900019,131,1,130
106900020,1029,2320,-1291
106900021,168,131,37
106900022,1261,3,1258
106900023,34,136,-102
106900024,701,58,643
106900025,15,286,-271
106900026,0,152,-152
106900027,868,0,868
107000001,2471,5757,-3286
107000002,1194,2131,-937
107000003,7172,6396,776
107000004,3018,1595,1423
107000005,7590,6105,1485
107000006,2604,1263,1341
107000007,5446,8305,-2859
107000008,3824,2632,1192
107000009,9617,7638,1979
107000010,4697,3572,1125
107000011,390,593,-203
107000012,1637,1405,232
107000013,157,37,120
107000014,69,93,-24
107000015,448,329,119
107000016,817,306,511
107000017,547,1933,-1386
107000018,4,1569,-1565
107000020,572,1857,-1285
107000021,922,362,560
107000022,710,1359,-649
107000023,1497,147,1350
107000024,578,1179,-601
107000025,197,252,-55
107000026,334,256,78
107000027,1466,683,783
107000028,1192,677,515
107000029,3717,2888,829
107000030,1553,1277,276
107000031,5330,2160,3170
107000032,258,635,-377
107000033,1771,2949,-1178
107000034,3313,944,2369
107000035,420,147,273
107000036,398,1030,-632
107000037,110,686,-576
107000038,183,143,40
107000039,872,656,216
107000040,233,138,95
107000041,1063,676,387
107000042,420,1887,-1467
107000043,1434,907,527
107000044,265,154,111
107000045,25,193,-168
107000046,866,304,562
107000047,466,452,14
107000048,603,215,388
107000049,509,529,-20
107000050,796,433,363
107000051,169,311,-142
107000052,951,1230,-279
107000053,362,341,21
107000054,58,167,-109
107000055,383,159,224
107000056,405,397,8
107000057,1018,136,882
107000058,1804,2363,-559
107000059,1665,2130,-465
107000060,5264,4910,354
107000061,3282,1743,1539
107000062,6354,2741,3613
107000063,3522,2207,1315
107000064,5663,2835,2828
107000065,2340,2219,121
107000066,1697,3001,-1304
107000067,1372,1559,-187
107000068,825,1337,-512
107000069,1038,722,316
107000070,946,9,937
107000071,3704,75,3629
107000072,20,983,-963
107000073,1181,581,600
107000074,122,524,-402
107000075,2082,486,1596
107000076,298,587,-289
107000077,3677,1145,2532
107000078,965,1310,-345
107000079,2667,896,1771
107000080,577,1388,-811
107000081,2701,502,2199
107000082,498,488,10
107000083,1506,556,950
107000084,276,636,-360
107000085,2860,3001,-141
107000086,2234,2001,233
107000087,3345,2327,1018
107000088,2252,2351,-99
107000089,2008,2040,-32
107000090,1013,668,345
107000091,1954,1171,783
107000092,920,598,322
107000093,1394,1018,376
107000094,738,590,148
107000095,845,471,374
107000096,435,362,73
107000097,893,258,635
107000098,297,332,-35
107000099,466,353,113
107000100,260,157,103
107000101,142,192,-50
107000102,187,188,-1
107000103,392,193,199
107000104,153,185,-32
107000105,472,123,349
107000106,122,139,-17
107000107,577,85,492
107000108,130,320,-190
107000109,746,110,636
107000110,50,182,-132
107000111,515,44,471
107000112,34,107,-73
107000113,910,95,815
107000114,54,249,-195
107000115,898,368,530
107000116,74,369,-295
107000117,119,1538,-1419
107000118,62,102,-40
107000119,1159,1627,-468
107000120,714,651,63
107000121,1003,599,404
107000122,870,478,392
107000123,594,486,108
107000124,654,317,337
107000125,1335,371,964
107000126,1243,244,999
107000129,198,266,-68
107000130,919,216,703
107000131,268,264,4
107000132,526,256,270
107000133,290,250,40
107000134,244,0,244
107000135,6,348,-342
107000136,498,4,494
107000137,5,531,-526
107000138,168,18,150
107000139,14,699,-685
107000140,1589,53,1536
107000141,73,598,-525
107000142,555,75,480
107000143,48,466,-418
107000144,579,584,-5
107000145,151,257,-106
107000146,158,275,-117
107000147,4107,571,3536
107000150,279,3466,-3187
107000151,30,33,-3
107000152,991,1912,-921
107000153,59,164,-105
107000154,30,379,-349
107000155,880,1,879
107000156,1184,11,1173
107000157,19,447,-428
107000158,1161,18,1143
107000159,12,288,-276
107000160,1653,111,1542
107000161,36,301,-265
107000162,301,515,-214
107000163,151,6,145
107000164,814,5,809
107000165,1410,7,1403
107000166,10,245,-235
107000167,916,139,777
107000168,1127,457,670
107000169,377,385,-8
107000170,3193,584,2609
107000171,463,547,-84
107000172,1476,1711,-235
107000173,245,330,-85
107000174,1047,6206,-5159
107000175,2427,669,1758
107000176,1,1,0
107000177,2,0,2
107000178,12,3,9
107000179,237,715,-478
107000180,2084,108,1976
107000181,459,504,-45
107000182,2290,429,1861
107000183,227,454,-227
107000184,1503,445,1058
107000185,265,684,-419
107000186,1328,296,1032
107000187,1190,889,301
107000188,589,451,138
107000189,703,627,76
107000190,626,577,49
107000191,940,950,-10
107000192,1549,405,1144
107000193,329,516,-187
107000194,814,467,347
107000197,863,194,669
107000198,264,347,-83
107000199,1035,498,537
107000200,563,610,-47
107000201,397,468,-71
107000202,315,429,-114
107000203,552,1724,-1172
107000204,521,1757,-1236
107000205,917,570,347
107000206,366,1596,-1230
107000207,392,1357,-965
107000208,479,480,-1
107000209,597,955,-358
107000210,124,144,-20
107000211,4,70,-66
107000212,10,132,-122
107000213,7,16,-9
107000214,3,69,-66
107000215,494,165,329
107000216,518,211,307
107000217,125,92,33
107000219,102,273,-171
107000220,233,105,128
107000222,207,277,-70
107000224,426,58,368
107000225,168,179,-11
107000226,480,65,415
107000227,88,84,4
107000228,182,406,-224
107000229,49,109,-60
107000230,927,379,548
107000231,420,2080,-1660
107000232,147,20,127
107000233,158,1026,-868
107000234,4,60,-56
107000235,60,15,45
107000236,10,393,-383
107000237,34,1,33
107000238,24,3,21
107000239,1255,430,825
107000240,62,209,-147
107000243,0,32,-32
107000244,3,68,-65
107000246,2,941,-939
107000249,3,1165,-1162
107000251,4,273,-269
107000252,0,376,-376
107000255,127,172,-45
107000257,0,234,-234
107000258,6,167,-161
107000259,0,86,-86
107000260,1929,12,1917
107000262,1,168,-167
107000263,477,30,447
107000266,20,16,4
107000267,32,69,-37
107000268,111,57,54
107000269,71,5,66
107000270,215,49,166
107000271,4,0,4
107000272,116,0,116
107000273,4,131,-127
107000274,281,145,136
107000275,4,767,-763
107000280,1162,12,1150
107000281,21,211,-190
107000282,45,225,-180
107000290,7,26,-19
107000291,21,5,16
107000292,0,161,-161
107000293,24,11,13
107000294,0,19,-19
107000295,34,4,30
107000296,0,20,-20
107000444,286,1,285
107000496,0,3,-3
107000497,933,834,99
107000500,330,277,53
107000501,106,180,-74
107000502,170,239,-69
107000505,203,617,-414
107000506,0,3,-3
107000508,2,113,-111
107000509,140,608,-468
107000510,70,65,5
107000514,69,410,-341
107000515,20,55,-35
107000516,559,346,213
107000518,1522,2472,-950
107000519,1056,436,620
107000520,140,40,100
107000521,794,121,673
107000522,1145,289,856
107900001,112,44,68
107900002,69,11,58
107900003,221,12,209
107900004,46,0,46
107900005,1938,4,1934
107900006,166,3,163
107900007,423,40,383
107900008,30,10,20
107900009,143,6,137
107900010,50,20,30
107900012,341,87,254
107900013,101,7,94
107900014,61,2,59
107900015,1200,15,1185
107900016,345,108,237
107900017,13,0,13
107900018,72,266,-194
107900019,22,4,18
107900020,19,14,5
107900021,119,37,82
107900023,1,0,1
107900024,0,11,-11
107900025,236,160,76
107900026,52,12,40
107900027,3,28,-25
107900028,158,22,136
107900030,262,36,226
107900031,136,40,96
107900032,20,0,20
107900033,21,1,20
107900034,238,15,223
107900035,1587,79,1508
107900036,52,28,24
107900037,0,9,-9
107900038,38,252,-214
107900039,43,18,25
107900040,4,232,-228
107900041,2,3,-1
107900043,56,64,-8
107900044,23,8,15
107900045,113,31,82
107900046,263,154,109
107900047,69,17,52
107900048,257,35,222
107900049,200,741,-541
107900050,37,124,-87
107900051,33,20,13
107900052,4,63,-59
107900053,82,26,56
107900055,437,202,235
107900056,117,84,33
107900057,0,0,0
107900058,17,243,-226
107900060,3,28,-25
107900061,0,17,-17
107900063,111,97,14
107900064,208,301,-93
107900065,359,5,354
107900066,29,4,25
107900067,1,0,1
107900068,100,980,-880
107900069,18,2856,-2838
107900070,168,108,60
107900071,15,239,-224
107900072,246,53,193
107900073,61,47,14
107900074,149,285,-136
107900076,185,21,164
107900077,171,4,167
107900079,7,15,-8
107900080,121,838,-717
107900081,52,70,-18
107900082,2,2,0
107900083,439,180,259
107900084,99,92,7
107900086,52,213,-161
107900087,142,107,35
107900088,78,27,51
107900089,230,568,-338
107900090,241,1720,-1479
107900091,78,40,38
107900093,46,49,-3
107900095,1081,1468,-387
107900097,34,43,-9
107900098,73,155,-82
107900100,770,1261,-491
107900101,295,58,237
107900102,43,7,36
107900103,54,116,-62
107900104,163,3,160
107900105,14,74,-60
107900106,1,299,-298
107900107,493,344,149
107900108,98,51,47
107900109,1929,74,1855
107900110,37,26,11
107900111,18,182,-164
107900112,68,501,-433
107900113,183,46,137
107900114,305,39,266
107900115,0,6,-6
107900116,207,46,161
107900117,183,80,103
107900118,19,57,-38
107900119,89,185,-96
107900120,28,54,-26
107900121,1,64,-63
107900122,1,115,-114
107900123,17,32,-15
107900124,0,60,-60
107900125,8,158,-150
107900126,27,34,-7
107900127,171,244,-73
107900128,91,68,23
107900129,97,3,94
107900130,111,3,108
107900131,75,556,-481
107900132,19,140,-121
107900133,0,21,-21
107900134,21,86,-65
107900135,7,79,-72
107900136,7,23,-16
107900137,75,63,12
107900138,70,20,50
107900139,45,9,36
107900141,17,18,-1
107900142,38,397,-359
107900143,14,9,5
107900144,0,70,-70
107900145,5,27,-22
107900146,27,83,-56
107900147,29,38,-9
107900148,175,62,113
107900149,318,56,262
107900150,15,210,-195
107900151,79,29,50
107900152,4,44,-40
107900153,77,218,-141
107900154,45,36,9
107900155,71,39,32
107900156,5,51,-46
107900157,16,20,-4
107900158,957,35,922
107900159,16,226,-210
107900160,194,104,90
107900161,47,21,26
107900162,0,10,-10
107900163,5,78,-73
107900164,23,23,0
107900165,17,107,-90
107900166,58,25,33
107900167,2,51,-49
107900168,84,20,64
107900169,0,53,-53
107900171,2,176,-174
107900172,0,88,-88
107900173,28,42,-14
107900174,173,5,168
107900175,5,68,-63
107900176,74,13,61
107900177,0,36,-36
107900178,0,35,-35
107900179,26,55,-29
107900180,289,1002,-713
107900181,186,160,26
107900182,0,152,-152
107900183,55,26,29
107900184,98,61,37
107900185,195,3,192
107900186,20,17,3
107900187,0,75,-75
107900188,208,71,137
107900189,15,82,-67
107900190,25,162,-137
107900191,45,56,-11
107900193,1,73,-72
107900194,165,14,151
107900195,623,121,502
107900196,97,10,87
107900197,142,367,-225
107900199,1,244,-243
107900201,89,32,57
107900203,16,27,-11
107900204,150,134,16
107900206,450,528,-78
107900207,20,148,-128
107900208,31,119,-88
107900209,145,120,25
107900210,22,14,8
107900213,214,265,-51
107900214,8,27,-19
107900215,78,396,-318
107900216,44,19,25
107900217,55,58,-3
107900218,5,843,-838
107900219,32,17,15
107900220,44,152,-108
107900221,54,89,-35
107900223,136,84,52
107900224,57,321,-264
107900225,1,198,-197
107900226,24,42,-18
107900227,54,159,-105
107900228,35,58,-23
107900229,0,51,-51
107900230,24,15,9
107900231,22,50,-28
107900232,131,36,95
107900233,28,35,-7
107900234,125,44,81
107900235,6,100,-94
107900236,318,50,268
107900237,14,181,-167
107900238,43,24,19
107900239,169,442,-273
107900240,34,25,9
107900241,9,24,-15
107900242,37,57,-20
107900243,0,19,-19
107900244,341,5,336
107900245,884,27,857
107900246,234,46,188
107900248,535,86,449
107900249,825,58,767
107900250,4,182,-178
107900251,19,923,-904
107900252,735,45,690
107900253,199,18,181
107900254,50,88,-38
107900255,55,59,-4
107900256,224,534,-310
107900257,250,76,174
107900258,107,68,39
107900259,28,3006,-2978
107900261,0,66,-66
107900262,20,39,-19
107900264,380,27,353
107900265,89,72,17
107900267,436,3,433
107900268,15,3,12
107900269,0,3,-3
107900270,1,0,1
107900271,0,31,-31
107900272,33,41,-8
107900273,38,69,-31
107900274,161,1,160
107900275,52,0,52
107900276,0,50,-50
107900277,0,77,-77
107900278,435,70,365
107900279,70,66,4
107900280,2196,1049,1147
107900281,408,4852,-4444
107900282,20,780,-760
107900283,535,746,-211
107900284,696,198,498
107900285,120,13,107
107900286,10,43,-33
107900287,337,159,178
107900290,1,339,-338
107900291,591,46,545
107900292,135,56,79
107900293,76,125,-49
107900295,52,13,39
107900297,1,187,-186
107900298,392,279,113
107900299,1164,2761,-1597
107900301,743,780,-37
107900302,90,22,68
107900303,237,102,135
107900304,458,88,370
107900305,254,3,251
107900306,2,36,-34
107900307,14,196,-182
107900308,173,133,40
107900309,23,1,22
107900310,54,1,53
107900311,15,272,-257
107900312,25,0,25
107900313,0,108,-108
107900314,1,66,-65
107900315,0,26,-26
107900316,20,0,20
107900317,63,2,61
107900318,4,135,-131
107900319,10,82,-72
107900320,1,46,-45
107900321,190,2,188
107900322,2,29,-27
107900323,5,67,-62
107900324,99,1,98
107900325,136,0,136
107900326,362,75,287
107900327,0,143,-143
107900328,19,0,19
107900329,65,164,-99
107900330,12,65,-53
107900331,503,20,483
107900332,498,5,493
107900333,80,15,65
107900334,3,24,-21
107900335,34,28,6
107900336,36,60,-24
107900337,392,948,-556
107900338,1,56,-55
107900339,1,6,-5
107900340,1,61,-60
107900341,51,0,51
107900342,113,94,19
107900343,27,4,23
107900344,20,20,0
107900345,95,23,72
107900346,8,0,8
107900347,14,3,11
107900348,1,3,-2
107900349,26,3,23
107900350,6,92,-86
107900351,3,62,-59
107900352,1,3,-2
107900353,21,3,18
107900354,14,15,-1
108000001,4306,3751,555
108000002,1622,1231,391
108000003,2619,3648,-1029
108000004,9160,9364,-204
108000005,6933,5500,1433
108000006,3345,3533,-188
108000007,5015,4475,540
108000008,2895,3188,-293
108000009,4925,4994,-69
108000010,2145,2710,-565
108000011,12078,10554,1524
108000012,7747,7549,198
108000014,491,1518,-1027
108000015,893,193,700
108000016,189,872,-683
108000017,1211,343,868
108000018,1697,432,1265
108000019,868,679,189
108000020,1278,421,857
108000021,255,907,-652
108000022,264,649,-385
108000023,1581,235,1346
108000024,394,233,161
108000025,406,148,258
108000026,1065,183,882
108000027,808,228,580
108000028,1210,116,1094
108000029,730,348,382
108000030,468,87,381
108000031,170,311,-141
108000032,2219,471,1748
108000033,475,507,-32
108000034,1879,469,1410
108000035,509,956,-447
108000036,238,542,-304
108000037,2242,298,1944
108000038,3550,394,3156
108000039,396,1005,-609
108000040,2126,748,1378
108000041,408,1402,-994
108000042,444,148,296
108000043,232,92,140
108000044,863,73,790
108000045,374,116,258
108000046,1764,258,1506
108000047,261,370,-109
108000048,105,122,-17
108000049,841,136,705
108000050,58,309,-251
108000051,382,179,203
108000052,69,290,-221
108000053,453,267,186
108000054,245,596,-351
108000055,996,630,366
108000056,626,1131,-505
108000057,573,1372,-799
108000058,1790,4133,-2343
108000059,1755,998,757
108000060,327,845,-518
108000061,154,326,-172
108000062,1129,519,610
108000063,325,202,123
108000064,270,138,132
108000065,531,237,294
108000066,1293,777,516
108000067,2070,625,1445
108000068,931,392,539
108000069,125,386,-261
108000070,2444,673,1771
108000071,374,804,-430
108000072,2000,705,1295
108000073,691,802,-111
108000074,665,341,324
108000075,287,315,-28
108000076,982,413,569
108000077,455,283,172
108000078,2311,796,1515
108000079,488,631,-143
108000080,1788,392,1396
108000081,469,660,-191
108000082,567,1047,-480
108000083,1770,949,821
108000084,326,500,-174
108000085,1303,498,805
108000086,386,300,86
108000087,238,2144,-1906
108000088,1034,177,857
108000089,287,217,70
108000091,170,284,-114
108000092,191,65,126
108000093,234,316,-82
108000094,791,83,708
108000095,200,174,26
108000096,448,158,290
108000097,197,199,-2
108000098,2011,876,1135
108000099,1093,212,881
108000100,245,585,-340
108000101,1550,1510,40
108000102,1540,3828,-2288
108000106,817,1,816
108000107,2,719,-717
108000108,591,84,507
108000109,3,531,-528
108000110,381,211,170
108000111,150,369,-219
108000112,53,168,-115
108000113,264,121,143
108000115,225,199,26
108000117,353,331,22
108000118,264,2176,-1912
108000119,448,170,278
108000120,214,914,-700
108000121,196,191,5
108000122,817,332,485
108000123,668,86,582
108000124,294,247,47
108000125,755,106,649
108000126,211,163,48
108000127,606,182,424
108000128,715,162,553
108000129,360,244,116
108000130,460,141,319
108000131,792,351,441
108000132,502,689,-187
108000133,1094,409,685
108000134,500,194,306
108000135,1127,462,665
108000136,182,317,-135
108000137,550,112,438
108000138,444,366,78
108000139,600,157,443
108000140,412,25,387
108000141,27,21,6
108000142,38,41,-3
108000143,36,150,-114
108000144,804,112,692
108000145,57,2,55
108000146,1108,37,1071
108000147,33,9,24
108000148,790,50,740
108000149,42,3,39
108000150,64,7,57
108000151,50,31,19
108000152,120,211,-91
108000153,808,117,691
108000154,36,7,29
108000155,60,43,17
108000156,541,345,196
108000157,128,1826,-1698
108000158,128,975,-847
108000159,214,265,-51
108000160,1263,1186,77
108000161,1238,3935,-2697
108000165,3,245,-242
108000172,3,297,-294
108000173,603,2285,-1682
108000175,896,119,777
108000178,262,256,6
108000179,125,1019,-894
108000181,121,27,94
108000182,147,54,93
108000183,3,235,-232
108000184,574,3581,-3007
108000185,223,139,84
108000186,462,101,361
108000187,96,129,-33
108000188,704,109,595
108000189,1026,13430,-12404
108000190,27,43,-16
108000192,361,181,180
108000193,367,11,356
108000194,22,11,11
108000195,0,570,-570
108000196,131,99,32
108000198,899,102,797
108000199,3,588,-585
108000200,435,105,330
108000203,136,165,-29
108000204,181,59,122
108000205,90,146,-56
108000339,658,356,302
108000364,111,493,-382
108000365,40,183,-143
108000367,190,148,42
108000368,11,33,-22
108000369,289,88,201
108000371,8,459,-451
108000372,643,6,637
108000373,210,37,173
108000376,151,22,129
108000377,728,98,630
108000378,8145,12533,-4388
108000379,41,124,-83
108000381,166,6,160
108000382,134,3,131
108000383,1,253,-252
108900001,23,251,-228
108900002,134,82,52
108900003,163,349,-186
108900004,408,419,-11
108900007,362,99,263
108900008,214,77,137
108900009,127,78,49
108900010,363,102,261
108900011,1009,254,755
108900012,490,200,290
108900013,197,181,16
108900014,19,90,-71
108900015,1,154,-153
108900016,0,214,-214
108900017,155,391,-236
108900018,122,182,-60
108900019,24,175,-151
108900020,43,114,-71
108900021,145,76,69
108900022,139,12,127
108900023,7,23,-16
108900024,63,22,41
108900025,325,64,261
108900026,14,43,-29
108900027,0,20,-20
108900028,117,57,60
108900029,82,107,-25
108900030,0,20,-20
108900031,175,95,80
108900032,3,65,-62
108900033,0,27,-27
108900034,0,50,-50
108900035,286,309,-23
108900038,0,42,-42
108900039,0,73,-73
108900040,13,40,-27
108900041,2369,2890,-521
108900042,5,396,-391
108900043,26,189,-163
108900044,1,94,-93
108900045,68,131,-63
108900046,16,146,-130
108900047,0,216,-216
108900048,72,260,-188
108900049,949,2322,-1373
108900050,3,56,-53
108900051,0,72,-72
108900052,13,92,-79
108900053,55,319,-264
108900054,43,68,-25
108900055,9,233,-224
108900056,0,46,-46
108900057,1,38,-37
108900058,50,118,-68
108900059,924,40,884
108900060,53,166,-113
108900061,56,24,32
108900062,3,68,-65
108900063,2,60,-58
108900064,385,16,369
108900065,12,50,-38
108900066,440,70,370
108900067,6,63,-57
108900068,2,30,-28
108900069,69,18,51
108900070,34,20,14
108900071,137,43,94
108900072,928,338,590
108900073,27,59,-32
108900074,397,43,354
108900075,15,18,-3
108900076,474,52,422
108900077,65,135,-70
108900078,47,28,19
108900079,175,90,85
108900080,7,943,-936
108900081,22,172,-150
108900082,126,29,97
108900083,14,259,-245
108900085,787,90,697
108900086,174,43,131
108900087,45,88,-43
108900088,699,260,439
108900089,18,138,-120
108900090,83,34,49
108900091,109,22,87
108900092,475,218,257
108900093,50,78,-28
108900094,275,55,220
108900095,13,121,-108
108900096,201,3,198
108900097,359,67,292
108900098,678,875,-197
108900099,460,77,383
108900100,39,55,-16
108900101,165,292,-127
108900102,28,1263,-1235
108900103,156,188,-32
108900105,7,1962,-1955
108900106,500,105,395
108900108,386,19,367
108900109,718,113,605
108900110,237,129,108
108900111,465,191,274
108900113,56,57,-1
108900114,77,11,66
108900115,106,69,37
108900116,129,6,123
108900117,265,18,247
108900118,785,27,758
108900119,400,19,381
108900120,361,198,163
108900121,287,126,161
108900122,229,6,223
108900123,205,128,77
108900124,886,220,666
108900125,743,12,731
108900126,205,36,169
108900127,218,11,207
108900128,258,45,213
108900129,1145,192,953
108900130,550,3,547
108900131,466,9,457
108900132,627,29,598
108900133,371,16,355
108900134,920,94,826
108900135,382,6,376
108900136,33,0,33
108900137,271,2,269
108900138,1084,46,1038
108900140,709,58,651
108900141,507,6,501
108900142,92,11,81
108900143,181,0,181
108900144,101,1,100
108900145,367,15,352
108900146,99,0,99
108900147,347,1,346
108900148,77,39,38
108900150,255,6,249
108900151,58,10,48
108900152,186,32,154
108900153,233,80,153
108900154,5032,368,4664
108900156,86,3,83
108900157,14,120,-106
108900158,501,23,478
108900159,0,81,-81
108900160,15,96,-81
108900161,3,123,-120
108900162,193,2,191
108900163,2,327,-325
108900164,75,41,34
108900168,2558,2259,299
108900169,117,100,17
108900171,1700,3348,-1648
108900172,209,39,170
108900173,66,212,-146
108900174,1251,369,882
108900176,140,274,-134
108900177,2076,8081,-6005
108900178,1642,4508,-2866
108900180,60,272,-212
108900183,88,111,-23
108900184,480,129,351
108900185,74,207,-133
108900186,40,149,-109
108900189,435,61,374
108900190,82,1227,-1145
108900192,65,92,-27
108900195,58,72,-14
108900196,72,123,-51
108900199,134,177,-43
108900200,538,269,269
108900201,327,670,-343
108900203,464,181,283
108900204,407,10,397
108900205,265,25,240
108900206,372,66,306
108900207,201,212,-11
108900208,9,219,-210
108900209,170,342,-172
108900210,92,123,-31
108900211,148,607,-459
108900212,133,1527,-1394
108900215,52,259,-207
108900216,191,465,-274
108900217,41,1,40
108900218,46,6,40
108900221,45,66,-21
108900224,24,128,-104
108900225,0,169,-169
108900227,166,301,-135
108900230,64,116,-52
108900232,2,103,-101
108900233,414,107,307
108900234,199,151,48
108900235,105,139,-34
108900236,57,117,-60
108900240,131,110,21
108900241,25,37,-12
108900245,5,1429,-1424
108900250,219,61,158
108900258,0,45,-45
108900259,27,16,11
108900260,11,13,-2
108900261,31,35,-4
108900262,59,96,-37
108900263,31,127,-96
108900264,142,280,-138
108900265,380,466,-86
108900266,213,1200,-987
108900267,5,247,-242
108900268,3,13,-10
108900269,132,11,121
108900270,124,13,111
108900271,54,11,43
108900272,279,9,270
108900273,198,725,-527
108900274,88,33,55
109000001,3315,2523,792
109000002,735,2383,-1648
109000003,3375,462,2913
109000004,559,1651,-1092
109000005,2611,651,1960
109000006,682,1442,-760
109000007,1960,650,1310
109000008,750,1369,-619
109000009,3420,1214,2206
109000010,895,2193,-1298
109000011,4689,1970,2719
109000012,1559,2037,-478
109000013,4787,3783,1004
109000014,1697,1628,69
109000015,3795,10547,-6752
109000016,4217,1821,2396
109000017,3158,1185,1973
109000018,1152,1493,-341
109000019,2815,1361,1454
109000020,950,1469,-519
109000023,175,24,151
109000024,9,87,-78
109000025,332,564,-232
109000026,494,342,152
109000027,122,469,-347
109000028,105,42,63
109000029,66,344,-278
109000030,42,265,-223
109000031,242,135,107
109000032,156,344,-188
109000033,388,226,162
109000034,37,60,-23
109000035,6,47,-41
109000036,46,254,-208
109000037,394,2342,-1948
109000038,268,174,94
109000039,1025,835,190
109000040,2369,13755,-11386
109000041,1223,2249,-1026
109000042,442,1180,-738
109000044,429,82,347
109000045,58,287,-229
109000046,514,61,453
109000047,37,331,-294
109000048,486,260,226
109000049,166,346,-180
109000050,299,198,101
109000051,100,48,52
109000052,486,317,169
109000053,283,37,246
109000054,104,178,-74
109000055,172,162,10
109000056,331,160,171
109000057,817,394,423
109000058,404,85,319
109000059,241,1153,-912
109000060,180,517,-337
109000061,394,1396,-1002
109000062,83,345,-262
109000063,167,47,120
109000064,341,112,229
109000065,206,81,125
109000066,440,34,406
109000067,68,111,-43
109000068,636,3,633
109000069,513,14,499
109000070,100,1455,-1355
109000071,438,75,363
109000072,49,206,-157
109000073,83,80,3
109000074,22,139,-117
109000075,66,205,-139
109000076,124,263,-139
109000077,242,96,146
109000078,133,93,40
109000079,78,52,26
109000080,311,47,264
109000081,131,220,-89
109000082,1078,108,970
109000083,290,279,11
109000088,185,186,-1
109000089,246,64,182
109000090,122,267,-145
109000091,455,105,350
109000092,212,238,-26
109000093,332,151,181
109000094,936,1,935
109000095,150,160,-10
109000096,933,211,722
109000097,75,83,-8
109000098,54,77,-23
109000099,666,151,515
109000100,271,447,-176
109000101,1566,400,1166
109000102,542,380,162
109000103,662,344,318
109000104,2149,303,1846
109000105,522,560,-38
109000106,1806,486,1320
109000107,454,908,-454
109000108,2184,460,1724
109000109,411,757,-346
109000110,1302,434,868
109000111,690,1618,-928
109000112,235,55,180
109000113,250,51,199
109000114,131,237,-106
109000115,925,66,859
109000116,16,212,-196
109000117,245,24,221
109000118,5,166,-161
109000119,1475,92,1383
109000120,295,208,87
109000121,581,14,567
109000122,143,174,-31
109000123,41,41,0
109000124,840,143,697
109000125,976,170,806
109000126,490,261,229
109000127,1246,130,1116
109000128,554,513,41
109000129,2703,439,2264
109000130,272,532,-260
109000131,771,578,193
109000132,303,688,-385
109000133,169,461,-292
109000134,526,593,-67
109000135,600,673,-73
109000136,184,150,34
109000137,385,307,78
109000138,541,123,418
109000139,658,190,468
109000140,171,111,60
109000141,567,195,372
109000142,128,299,-171
109000143,71,78,-7
109000145,97,458,-361
109000146,48,59,-11
109000148,1223,1284,-61
109000149,16,84,-68
109000150,83,305,-222
109000155,1054,577,477
109000156,825,237,588
109000158,59,142,-83
109000159,64,278,-214
109000160,1234,104,1130
109000161,509,543,-34
109000162,2027,332,1695
109000163,1381,932,449
109000164,1391,1408,-17
109000165,1583,366,1217
109000166,1150,73,1077
109000167,136,282,-146
109000170,23,18,5
109000171,114,27,87
109000172,12,46,-34
109000173,27,91,-64
109000174,167,22,145
109000175,68,34,34
109000176,517,108,409
109000177,31,38,-7
109000178,894,186,708
109000179,1857,5237,-3380
109000180,2558,2741,-183
109000181,28,11,17
109000182,73,13,60
109000183,70,4,66
109000184,35,12,23
109000185,54,18,36
109000188,397,741,-344
109000189,2337,370,1967
109000190,698,237,461
109000191,387,315,72
109000192,581,76,505
109000193,298,69,229
109000194,295,37,258
109000195,131,45,86
109000196,346,42,304
109000197,135,204,-69
109000198,311,25,286
109000199,143,199,-56
109000206,259,41,218
109000207,205,56,149
109000208,130,101,29
109000209,154,69,85
109000210,84,229,-145
109000211,838,223,615
109000214,405,107,298
109000215,173,40,133
109000216,410,277,133
109000217,105,107,-2
109000218,241,160,81
109000221,198,502,-304
109000222,699,142,557
109000223,492,295,197
109000224,54,56,-2
109000225,181,21,160
109000226,46,91,-45
109000227,1640,305,1335
109000228,4,2469,-2465
109000231,1,103,-102
109000232,579,104,475
109000236,190,399,-209
109000241,1714,1070,644
109000242,1335,564,771
109000293,28,60,-32
109000361,81,102,-21
109000364,85,268,-183
109000396,0,183,-183
109000397,759,11,748
109000399,96,262,-166
109000400,89,116,-27
109000403,27,865,-838
109000406,415,3,412
109000407,215,79,136
109000408,5,248,-243
109000410,829,137,692
109000411,316,26,290
109900001,171,0,171
109900002,862,14,848
109900003,457,0,457
109900004,308,25,283
109900005,15,0,15
109900006,370,79,291
109900007,1221,146,1075
109900008,0,12,-12
109900009,92,134,-42
109900010,622,13,609
109900011,66,34,32
109900012,308,153,155
109900013,332,114,218
109900014,410,34,376
109900015,156,101,55
109900016,162,10,152
109900017,155,249,-94
109900018,167,13,154
109900019,221,12,209
109900020,27,22,5
109900021,18,7,11
109900022,101,133,-32
109900023,32,2,30
109900024,14,3,11
109900025,26,20,6
109900026,0,88,-88
109900027,32,31,1
109900028,315,1509,-1194
109900029,0,112,-112
109900030,44,4,40
109900031,0,175,-175
109900032,4,156,-152
109900033,2,254,-252
109900034,54,4,50
109900035,28,14,14
109900036,39,12,27
109900037,11,241,-230
109900038,85,186,-101
109900039,16,0,16
109900040,34,246,-212
109900041,62,136,-74
109900042,9,432,-423
109900044,82,121,-39
109900045,68,116,-48
109900046,92,34,58
109900047,151,163,-12
109900048,3,26,-23
109900049,7,10,-3
109900050,0,80,-80
109900051,0,6,-6
109900052,43,77,-34
109900053,0,71,-71
109900054,1020,118,902
109900055,48,67,-19
109900056,22,347,-325
109900057,4,37,-33
109900058,0,43,-43
109900059,1248,76,1172
109900060,890,61,829
109900061,35,112,-77
109900062,0,39,-39
109900063,10,229,-219
109900064,621,156,465
109900065,46,93,-47
109900066,241,321,-80
109900067,0,76,-76
109900068,90,6,84
109900069,33,18,15
109900070,17,98,-81
109900071,2,8,-6
109900072,5,68,-63
109900073,375,66,309
109900074,20,21,-1
109900075,41,11,30
109900076,6,71,-65
109900077,45,29,16
109900078,42,178,-136
109900080,99,79,20
109900081,8,127,-119
109900082,52,99,-47
109900083,10,26,-16
109900084,45,61,-16
109900085,71,201,-130
109900086,111,547,-436
109900087,71,271,-200
109900089,911,205,706
109900090,163,408,-245
109900091,394,40,354
109900092,239,20,219
109900093,1228,138,1090
109900094,151,57,94
109900095,58,112,-54
109900096,146,6,140
109900097,163,2,161
109900098,688,20,668
109900099,371,2,369
109900100,65,0,65
109900101,715,13,702
109900102,501,19,482
109900103,33,14,19
109900104,1060,178,882
109900105,559,25,534
109900106,287,23,264
109900107,532,32,500
109900108,185,87,98
109900109,39,50,-11
109900110,52,117,-65
109900111,76,208,-132
109900112,163,167,-4
109900113,973,561,412
109900114,608,1073,-465
109900115,173,56,117
109900117,1143,54,1089
109900118,47,175,-128
109900119,214,241,-27
109900120,54,13,41
109900121,292,327,-35
109900122,785,9,776
109900123,26,36,-10
109900124,18,145,-127
109900125,0,99,-99
109900126,327,16,311
109900128,358,22,336
109900130,2022,2940,-918
109900131,15,77,-62
109900132,17,104,-87
109900133,137,148,-11
109900134,15,75,-60
109900135,165,20,145
109900136,35,41,-6
109900137,181,113,68
109900140,195,38,157
109900142,1473,135,1338
109900145,7,464,-457
109900146,152,42,110
109900148,29,52,-23
109900149,27,51,-24
109900150,7,34,-27
109900151,10,14,-4
109900152,0,34,-34
109900153,0,44,-44
109900154,22,1,21
109900155,74,21,53
109900157,22,146,-124
109900158,28,159,-131
109900159,237,34,203
109900160,138,60,78
109900161,316,92,224
109900162,224,136,88
109900163,215,104,111
109900164,31,148,-117
109900165,320,4,316
109900166,0,44,-44
109900167,207,184,23
109900168,244,358,-114
109900169,151,70,81
109900170,198,1236,-1038
109900171,202,56,146
109900172,176,294,-118
109900173,753,2558,-1805
109900174,22,79,-57
109900175,105,53,52
109900176,119,93,26
109900177,47,54,-7
109900178,7,147,-140
109900179,24,16,8
109900180,20,10,10
110000001,533,398,135
110000002,500,580,-80
110000003,607,648,-41
110000004,340,589,-249
110000005,272,1727,-1455
110000006,199,223,-24
110000007,102,72,30
110000008,16,55,-39
110000009,37,43,-6
110000010,42,81,-39
110000011,18,33,-15
110000012,439,146,293
110000013,74,798,-724
110000014,450,286,164
110000015,204,601,-397
110000016,171,1470,-1299
110000017,2135,204,1931
110000018,1750,213,1537
110000019,8,76,-68
110000020,505,153,352
110000021,150,364,-214
110000022,660,88,572
110000023,4,82,-78
110000024,450,222,228
110000025,523,4,519
110000026,9,188,-179
110000027,424,995,-571
110000028,951,414,537
110000029,416,473,-57
110000030,319,275,44
110000031,276,207,69
110000032,864,249,615
110000033,125,146,-21
110000034,355,366,-11
110000035,547,314,233
110000036,937,272,665
110000037,193,268,-75
110000038,169,466,-297
110000039,782,4106,-3324
110000040,229,150,79
110000041,220,1897,-1677
110000042,56,274,-218
110000043,511,264,247
110000044,18,443,-425
110000045,73,109,-36
110000046,2,64,-62
110000047,5,75,-70
110000048,1,30,-29
110000049,25,3,22
110000050,8,91,-83
110000051,20,9,11
110000052,51,27,24
110000053,24,3,21
110000054,98,605,-507
110000055,99,55,44
110000056,63,78,-15
110000057,268,438,-170
110000058,712,340,372
110000059,718,355,363
110000060,995,724,271
110000061,464,471,-7
110000062,637,794,-157
110000063,80,170,-90
110000064,127,42,85
110000065,103,67,36
110000066,79,13,66
110000067,68,115,-47
110000068,275,49,226
110000069,390,46,344
110000071,238,28,210
110000073,79,6,73
110000075,6,52,-46
110000076,285,238,47
110000077,220,698,-478
110000078,47,9,38
110000080,275,400,-125
110000081,56,169,-113
110000082,24,282,-258
110000083,233,339,-106
110000084,1249,902,347
110000085,755,1140,-385
110000086,897,2264,-1367
110000087,11,36,-25
110000088,110,194,-84
110000089,331,19,312
110000090,53,141,-88
110000091,622,130,492
110000092,26,31,-5
110000093,29,17,12
110000094,390,112,278
110000095,140,683,-543
110000096,1003,1648,-645
110000097,850,1543,-693
110000098,1641,625,1016
110000099,652,1210,-558
110000100,1266,183,1083
110000101,35,89,-54
110000102,83,29,54
110000104,381,184,197
110000105,42,153,-111
110000106,457,500,-43
110000107,142,225,-83
110000108,133,82,51
110000109,137,155,-18
110000110,1380,3164,-1784
110000111,2560,2798,-238
110000112,154,1009,-855
110000113,82,1998,-1916
110000114,315,514,-199
110000115,443,191,252
110000116,93,41,52
110000117,300,153,147
110000118,554,113,441
110000119,270,131,139
110000120,290,102,188
110000121,57,197,-140
110000122,205,303,-98
110000123,602,463,139
110000124,1,562,-561
110000125,1003,12,991
110000126,318,23,295
110000127,1301,66,1235
110000128,29,465,-436
110000129,3,166,-163
110000130,375,242,133
110000131,70,164,-94
110000132,1,306,-305
110000133,35,366,-331
110000134,22,278,-256
110000135,188,16,172
110000136,136,158,-22
110000137,674,274,400
110000138,915,414,501
110000139,1067,381,686
110000140,754,702,52
110000143,361,230,131
110000144,2156,1980,176
110000145,1330,1197,133
110000146,829,492,337
110000147,412,427,-15
110000148,655,122,533
110000151,490,1688,-1198
110000152,429,587,-158
110000153,137,9,128
110000154,8,12,-4
110000155,416,2951,-2535
110000156,718,2139,-1421
110000157,1084,2063,-979
110000160,298,273,25
110000161,161,102,59
110000166,666,32,634
110000167,1046,532,514
110000168,774,528,246
110000169,791,285,506
110000170,172,39,133
110000171,722,112,610
110000172,199,357,-158
110000173,447,567,-120
110000174,106,442,-336
110000175,926,36,890
110000176,63,486,-423
110000177,149,1115,-966
110000178,529,1936,-1407
110000179,731,173,558
110000180,197,120,77
110000181,859,292,567
110000182,194,66,128
110000183,3954,6968,-3014
110000184,191,2354,-2163
110000185,327,543,-216
110000186,606,639,-33
110000191,1357,118,1239
110000192,488,14,474
110000193,1213,29,1184
110000194,7,413,-406
110000195,607,143,464
110000196,453,79,374
110000197,116,42,74
110000198,99,44,55
110000199,39,83,-44
110000200,506,198,308
110000201,702,961,-259
110000202,988,443,545
110000203,288,381,-93
110000204,5,114,-109
110000205,264,21,243
110000206,351,367,-16
110000207,1092,228,864
110000208,204,201,3
110000209,50,373,-323
110000210,1624,311,1313
110000211,762,432,330
110000212,374,990,-616
110000213,302,39,263
110000214,395,33,362
110000215,125,122,3
110000216,98,97,1
110000217,465,68,397
110000218,158,96,62
110000219,553,20,533
110000220,57,119,-62
110000221,397,11,386
110000222,57,167,-110
110000223,0,104,-104
110000224,1,4,-3
110000225,163,528,-365
110000226,329,51,278
110000227,473,663,-190
110000228,464,83,381
110000229,0,56,-56
110000230,485,435,50
110000231,281,214,67
110000232,110,94,16
110000233,188,143,45
110000234,350,679,-329
110000235,830,688,142
110000236,639,300,339
110000237,2290,984,1306
110000238,1012,799,213
110000239,1815,624,1191
110000240,0,21,-21
110000242,0,10,-10
110000243,171,26,145
110000244,97,196,-99
110000245,24,203,-179
110000246,684,226,458
110000247,613,2879,-2266
110000248,956,1002,-46
110000249,50,3,47
110000250,8,120,-112
110000251,296,222,74
110000252,266,111,155
110000253,1247,297,950
110000254,317,423,-106
110000255,91,424,-333
110000256,251,137,114
110000257,393,205,188
110000258,4,303,-299
110000259,198,11,187
110000260,21,69,-48
110000263,351,43,308
110000264,434,126,308
110000265,1124,1345,-221
110000266,841,1880,-1039
110000267,14,93,-79
110000268,200,203,-3
110000269,0,25,-25
110000270,127,0,127
110000271,1130,127,1003
110000272,1041,744,297
110000273,1210,889,321
110000274,151,2045,-1894
110000275,1105,439,666
110000276,278,453,-175
110000277,282,228,54
110000278,232,428,-196
110000279,716,442,274
110000280,619,378,241
110000281,62,255,-193
110000282,160,14,146
110000283,33,40,-7
110000284,10,26,-16
110000285,5,527,-522
110000286,5,0,5
110000287,79,1,78
110000288,2,49,-47
110000289,465,2532,-2067
110000290,367,491,-124
110000291,2733,672,2061
110000292,811,5177,-4366
110000293,519,375,144
110000294,1357,881,476
110000295,144,482,-338
110000296,434,190,244
110000297,1834,175,1659
110000298,97,343,-246
110000299,68,48,20
110000301,227,10,217
110000302,453,387,66
110000303,342,0,342
110000304,141,110,31
110000305,1138,18,1120
110000306,252,660,-408
110000307,1667,5,1662
110000308,499,6,493
110000309,1,387,-386
110000310,930,38,892
110000311,13,395,-382
110000312,332,82,250
110000313,1279,1731,-452
110000314,2,173,-171
110000315,1407,1729,-322
110000316,379,838,-459
110000317,90,515,-425
110000318,1,45,-44
110000319,1,10,-9
110000320,76,55,21
110000321,16,14,2
110000322,209,127,82
110000323,554,76,478
110000324,2077,1176,901
110000325,1172,2817,-1645
110000327,261,271,-10
110000328,174,254,-80
110000333,687,657,30
110000334,366,961,-595
110000335,552,277,275
110000336,565,707,-142
110000337,1597,398,1199
110000338,465,274,191
110000339,338,139,199
110000340,39,91,-52
110000341,490,274,216
110000342,81,1,80
110000343,0,19,-19
110000344,33,108,-75
110000345,53,149,-96
110000346,959,1555,-596
110000347,1261,536,725
110000348,25,8,17
110000349,0,6,-6
110000350,108,3,105
110000351,1144,366,778
110000352,708,1458,-750
110000353,1894,337,1557
110000354,974,3729,-2755
110000355,80,27,53
110000356,426,6,420
110000357,574,6,568
110000361,8,10,-2
110000362,53,2,51
110000363,796,76,720
110000364,269,185,84
110000365,156,0,156
110000366,0,119,-119
110000367,392,82,310
110000368,4,43,-39
110000369,57,1,56
110000373,4,187,-183
110000374,90,27,63
110000375,67,768,-701
110000376,19,53,-34
110000377,34,360,-326
110000378,9,303,-294
110000379,1588,2084,-496
110000380,72,10,62
110000383,2,633,-631
110000384,493,202,291
110000385,0,170,-170
110000387,70,2,68
110000388,33,90,-57
110000389,1116,7,1109
110000391,881,117,764
110000396,177,52,125
110000397,132,34,98
110000398,5,20,-15
110000399,133,0,133
110000587,108,44,64
110000589,183,81,102
110000640,167,6,161
110000652,7,329,-322
110000653,271,175,96
110000654,26,837,-811
110000656,1,135,-134
110000674,40,7,33
110000675,20,3,17
110000676,1,13,-12
110000679,94,1007,-913
110000682,76,202,-126
110000683,182,268,-86
110000684,0,16,-16
110000685,10,9,1
110000686,0,64,-64
110000687,17,1,16
110000688,45,1249,-1204
110000689,38,9,29
110000692,13,105,-92
110000693,19,278,-259
110000694,1,75,-74
110000695,77,346,-269
110000696,41,53,-12
110900001,313,23,290
110900002,246,146,100
110900003,1024,157,867
110900004,555,36,519
110900005,1134,3608,-2474
110900006,86,31,55
110900007,193,30,163
110900008,7,30,-23
110900009,338,232,106
110900010,9,14,-5
110900011,17,85,-68
110900012,6,36,-30
110900013,1085,67,1018
110900014,193,13,180
110900015,234,559,-325
110900016,42,45,-3
110900017,641,37,604
110900018,307,33,274
110900019,291,14,277
110900020,101,132,-31
110900021,79,183,-104
110900022,75,57,18
110900023,24,300,-276
110900024,25,120,-95
110900025,10,22,-12
110900027,28,116,-88
110900028,8,65,-57
110900029,7,68,-61
110900030,22,63,-41
110900031,2,85,-83
110900032,0,26,-26
110900033,44,119,-75
110900035,13,442,-429
110900036,100,4,96
110900037,90,14,76
110900038,358,123,235
110900039,9,259,-250
110900040,342,11,331
110900041,44,20,24
110900042,121,71,50
110900043,2,16,-14
110900044,129,14,115
110900045,81,107,-26
110900046,9,86,-77
110900047,164,305,-141
110900049,162,60,102
110900050,40,5,35
110900051,36,136,-100
110900052,0,37,-37
110900053,88,7,81
110900054,21,91,-70
110900055,15,2,13
110900056,13,104,-91
110900057,2,28,-26
110900058,282,74,208
110900059,344,118,226
110900060,370,86,284
110900061,4,39,-35
110900062,128,73,55
110900063,19,40,-21
110900064,16,0,16
110900065,78,92,-14
110900066,3,19,-16
110900067,111,623,-512
110900068,253,79,174
110900069,4,2,2
110900070,109,18,91
110900071,171,632,-461
110900073,0,15,-15
110900074,513,47,466
110900075,454,34,420
110900077,1148,323,825
110900078,39,11,28
110900079,962,1360,-398
110900080,150,46,104
110900081,2,8,-6
110900082,113,42,71
110900083,84,16,68
110900084,64,10,54
110900085,66,154,-88
110900086,73,291,-218
110900087,388,36,352
110900088,7,1,6
110900090,63,67,-4
110900091,1,24,-23
110900093,242,54,188
110900095,54,39,15
110900097,5,20,-15
110900098,15,58,-43
110900099,19,226,-207
110900100,0,2,-2
110900102,46,6,40
110900105,602,87,515
110900108,6,12,-6
110900111,272,58,214
110900112,712,2,710
110900113,161,69,92
110900115,8,38,-30
110900116,1100,386,714
110900118,52,3501,-3449
110900119,897,128,769
110900120,61,62,-1
110900121,125,3,122
110900122,706,137,569
110900125,393,402,-9
110900127,231,1310,-1079
110900128,180,470,-290
110900129,150,1013,-863
110900130,387,631,-244
110900131,308,10,298
110900132,399,40,359
110900133,28,60,-32
110900135,27,135,-108
110900136,314,14,300
110900138,0,0,0
110900139,16,0,16
110900140,0,0,0
110900141,344,394,-50
110900142,40,49,-9
110900143,145,51,94
110900144,0,128,-128
110900145,176,86,90
110900146,118,326,-208
110900147,37,265,-228
110900148,1,156,-155
110900149,4,50,-46
110900150,23,6,17
110900151,1,68,-67
110900152,26,36,-10
110900153,278,46,232
111000001,911,455,456
111000002,674,283,391
111000003,1834,870,964
111000004,529,640,-111
111000005,938,1623,-685
111000006,807,1767,-960
111000007,3772,3938,-166
111000008,2392,2516,-124
111000009,315,561,-246
111000010,1018,289,729
111000011,174,702,-528
111000012,399,432,-33
111000013,405,739,-334
111000014,1466,407,1059
111000017,91,709,-618
111000018,113,294,-181
111000020,551,1236,-685
111000021,24,72,-48
111000023,98,36,62
111000025,4724,2995,1729
111000029,61,69,-8
111000030,43,81,-38
111000031,1470,602,868
111000032,557,229,328
111000033,190,150,40
111000034,49,207,-158
111000037,885,374,511
111000038,1792,1460,332
111000039,1406,1420,-14
111000040,1278,1210,68
111000041,426,503,-77
111000042,1500,1634,-134
111000043,2277,4482,-2205
111000044,2170,725,1445
111000045,3149,2140,1009
111000046,2540,1769,771
111000047,3114,5833,-2719
111000049,299,302,-3
111000050,743,677,66
111000051,446,564,-118
111000052,434,1021,-587
111000053,195,503,-308
111000054,243,574,-331
111000055,1541,1068,473
111000056,213,202,11
111000057,150,347,-197
111000058,773,50,723
111000059,721,168,553
111000060,4097,763,3334
111000061,882,235,647
111000062,1057,323,734
111000063,1418,975,443
111000064,1083,386,697
111000065,1348,618,730
111000066,700,279,421
111000067,895,340,555
111000068,626,499,127
111000069,1354,1300,54
111000070,716,486,230
111000071,144,321,-177
111000072,1251,615,636
111000073,297,1147,-850
111000074,1472,1235,237
111000075,682,429,253
111000076,700,317,383
111000077,1043,953,90
111000078,1687,790,897
111000079,843,517,326
111000080,636,416,220
111000081,1538,4148,-2610
111000082,959,332,627
111000084,1007,357,650
111000085,915,729,186
111000086,1451,638,813
111000087,686,362,324
111000088,2897,2863,34
111000089,669,521,148
111000090,549,786,-237
111000091,600,217,383
111000092,1814,608,1206
111000093,828,909,-81
111000094,1553,973,580
111000095,741,2443,-1702
111000096,652,7532,-6880
111000097,2622,959,1663
111000098,338,635,-297
111000099,369,997,-628
111000100,341,613,-272
111000101,250,430,-180
111000102,136,197,-61
111000104,760,59,701
111000107,68,210,-142
111000109,532,80,452
111000110,1328,409,919
111000111,3760,278,3482
111000112,2511,339,2172
111000113,794,1929,-1135
111000114,1272,4118,-2846
111000115,2814,772,2042
111000116,727,606,121
111000117,247,561,-314
111000118,752,475,277
111000119,1277,564,713
111000120,625,451,174
111000121,300,606,-306
111000122,620,620,0
111000123,1014,1058,-44
111000124,469,1011,-542
111000125,297,485,-188
111000126,90,388,-298
111000127,1308,72,1236
111000128,3057,180,2877
111000129,3114,383,2731
111000130,2718,345,2373
111000131,2708,374,2334
111000132,2345,1330,1015
111000133,231,83,148
111000134,143,92,51
111000135,44,78,-34
111000136,373,248,125
111000138,13,11,2
111000140,1,5,-4
111000141,147,419,-272
111000142,20,390,-370
111000143,7,603,-596
111000144,140,3281,-3141
111000145,98,11,87
111000146,101,26,75
111000147,110,51,59
111000148,121,97,24
111000149,14,11,3
111000150,34,19,15
111000151,3,5,-2
111000153,469,387,82
111000154,306,180,126
111000155,161,114,47
111000156,686,389,297
111000157,230,786,-556
111000158,716,885,-169
111000159,3182,1029,2153
111000160,513,334,179
111000161,7,582,-575
111000162,11,119,-108
111000163,902,664,238
111000164,373,2314,-1941
111000165,493,220,273
111000166,395,136,259
111000167,107,193,-86
111000168,267,245,22
111000169,307,334,-27
111000170,235,189,46
111000171,396,303,93
111000172,220,182,38
111000173,282,509,-227
111000174,268,103,165
111000175,63,174,-111
111000176,432,42,390
111000177,774,92,682
111000178,2072,139,1933
111000179,359,47,312
111000180,351,355,-4
111000181,1613,77,1536
111000182,231,70,161
111000183,209,168,41
111000184,320,121,199
111000185,332,189,143
111000186,255,105,150
111000187,267,52,215
111000188,406,195,211
111000189,295,380,-85
111000190,125,146,-21
111000191,118,95,23
111000192,116,172,-56
111000193,270,117,153
111000194,83,185,-102
111000195,84,129,-45
111000196,64,74,-10
111000197,735,90,645
111000198,693,64,629
111000199,305,147,158
111000200,790,251,539
111000201,858,91,767
111000202,471,128,343
111000203,476,259,217
111000204,399,1709,-1310
111000213,164,401,-237
111000214,1264,727,537
111000215,1211,765,446
111000217,1823,634,1189
111000218,1819,763,1056
111000219,189,101,88
111000220,546,619,-73
111000221,277,68,209
111000224,45,169,-124
111000225,465,298,167
111000226,58,4,54
111000227,12,1,11
111000228,6,690,-684
111000229,25,1283,-1258
111000230,134,98,36
111000231,971,177,794
111000232,781,273,508
111000233,1422,411,1011
111000234,187,517,-330
111000239,68,40,28
111000240,51,251,-200
111000241,58,86,-28
111000242,312,53,259
111000243,122,169,-47
111000244,677,36,641
111000245,1036,128,908
111000246,550,105,445
111000247,578,234,344
111000248,602,245,357
111000249,504,146,358
111000250,49,36,13
111000251,69,23,46
111000253,28,13,15
111000255,68,3,65
111000257,81,6,75
111000260,37,589,-552
111000261,1295,42,1253
111000271,24,178,-154
111000273,2551,871,1680
111000274,1658,2625,-967
111000275,173,15,158
111000276,295,629,-334
111000277,224,138,86
111000278,410,152,258
111000291,1244,11157,-9913
111000298,477,168,309
111000299,640,133,507
111000300,37,404,-367
111000302,291,55,236
111000303,193,93,100
111000312,28,62,-34
111000315,3,64,-61
111000320,118,275,-157
111000321,498,137,361
111000322,314,146,168
111000323,338,19,319
111000324,326,119,207
111000325,55,36,19
111000326,158,140,18
111000327,311,207,104
111000328,297,440,-143
111000329,0,23,-23
111000330,75,13,62
111000331,34,2,32
111000332,538,665,-127
111000334,204,524,-320
111000335,1218,118,1100
111000337,1609,102,1507
111000338,61,38,23
111000339,733,53,680
111000340,89,178,-89
111000341,1300,540,760
111000342,32,948,-916
111000344,1099,485,614
111000345,61,110,-49
111000346,36,367,-331
111000347,164,4,160
111000350,229,48,181
111000351,117,252,-135
111000352,154,45,109
111000353,112,83,29
111000354,432,84,348
111000355,261,226,35
111000358,111,357,-246
111000360,218,124,94
111000361,114,66,48
111000546,634,189,445
111000547,329,169,160
111000548,151,198,-47
111000549,301,112,189
111000550,21,674,-653
111000551,308,119,189
111000552,300,238,62
111000907,669,7,662
111000908,109,1,108
111000916,2007,121,1886
111000917,23,261,-238
111000918,247,190,57
111000920,678,7,671
111000921,11,64,-53
111000922,521,115,406
111000924,29,214,-185
111000925,4375,1955,2420
111000926,1114,817,297
111000927,2489,4797,-2308
111000928,3087,1411,1676
111000929,1931,1086,845
111000930,830,1096,-266
111000931,2087,2399,-312
111000932,2520,1062,1458
111000933,3221,3006,215
111000934,1636,1669,-33
111000935,2735,966,1769
111000936,1028,1097,-69
111000937,1419,1355,64
111000938,1060,657,403
111000939,704,25,679
111000940,696,33,663
111000941,315,198,117
111000943,690,227,463
111000944,127,101,26
111000945,149,576,-427
111001109,483,653,-170
111001110,184,352,-168
111001111,74,4,70
111001112,55,2,53
111001113,0,179,-179
111001114,467,271,196
111001115,14,1343,-1329
111001116,1471,4454,-2983
111001117,289,2042,-1753
111001120,94,90,4
111001121,115,119,-4
111001122,252,118,134
111001123,392,98,294
111001124,126,25,101
111001125,1,194,-193
111001126,13,9,4
111900001,10,16,-6
111900002,25,138,-113
111900003,5,78,-73
111900004,6,34,-28
111900006,21,80,-59
111900007,281,11,270
111900008,384,2,382
111900009,240,10,230
111900010,94,254,-160
111900012,22,39,-17
111900013,41,15,26
111900014,1608,6058,-4450
111900015,0,6,-6
111900016,0,23,-23
111900017,0,21,-21
111900018,193,4,189
111900019,2,66,-64
111900020,1,23,-22
111900021,9,20,-11
111900022,1,8,-7
111900023,42,18,24
111900024,49,15,34
111900025,0,11,-11
111900026,0,12,-12
111900027,0,23,-23
111900028,14,65,-51
111900029,0,12,-12
111900030,14,152,-138
111900031,2,16,-14
111900032,1,78,-77
111900033,7,49,-42
111900034,72,220,-148
111900035,63,96,-33
111900036,0,59,-59
111900038,82,287,-205
111900039,19,119,-100
111900040,0,120,-120
111900042,5,28,-23
111900043,0,87,-87
111900044,78,156,-78
111900046,14,31,-17
111900048,434,192,242
111900049,18,96,-78
111900050,89,14,75
111900051,1,71,-70
111900052,92,211,-119
111900053,292,2022,-1730
111900054,150,1,149
111900055,6,109,-103
111900056,59,311,-252
111900057,113,2,111
111900058,734,156,578
111900059,977,819,158
111900060,255,3,252
111900061,4,61,-57
111900062,48,75,-27
111900063,228,245,-17
111900064,47,95,-48
111900065,116,35,81
111900066,145,153,-8
111900067,3,199,-196
111900068,48,39,9
111900069,60,18,42
111900070,298,47,251
111900071,0,69,-69
111900072,79,44,35
111900073,1322,206,1116
111900074,6,81,-75
111900075,93,8,85
111900076,344,83,261
111900077,41,4,37
111900078,463,26,437
111900079,61,37,24
111900080,101,171,-70
111900082,211,57,154
111900083,249,16,233
111900084,220,6,214
111900085,18,90,-72
111900086,113,9,104
111900087,149,6,143
111900088,830,15,815
111900089,177,7,170
111900090,40,44,-4
111900091,544,11,533
111900092,194,9,185
111900093,483,11,472
111900094,149,2,147
111900095,366,31,335
111900096,377,2,375
111900097,142,2,140
111900098,368,2,366
111900099,78,0,78
111900100,230,1,229
111900101,108,27,81
111900102,772,168,604
111900103,37,26,11
111900104,142,23,119
111900105,251,194,57
111900106,251,10,241
111900110,882,209,673
111900111,171,13,158
111900112,333,4374,-4041
111900113,181,69,112
111900118,353,82,271
111900119,288,137,151
111900122,83,93,-10
111900123,11,21,-10
111900124,7,10,-3
111900125,491,82,409
111900126,318,3,315
111900127,1,136,-135
111900128,4,167,-163
111900129,286,18,268
111900130,209,38,171
111900131,742,5,737
111900132,35,260,-225
111900133,3,159,-156
111900134,2,93,-91
111900135,10,37,-27
111900136,47,137,-90
111900137,17,25,-8
111900138,11,53,-42
111900139,10,21,-11
111900140,125,16,109
111900141,90,2,88
111900142,50,7,43
111900143,5,42,-37
111900144,0,7,-7
111900145,1,103,-102
111900146,1,53,-52
111900147,16,177,-161
111900148,8,242,-234
111900149,6,94,-88
111900150,21,62,-41
111900151,3,28,-25
111900152,80,55,25
111900153,399,633,-234
111900154,27,642,-615
111900155,50,125,-75
111900156,100,46,54
111900157,297,18,279
111900158,706,109,597
111900159,456,62,394
111900160,350,1,349
111900161,425,0,425
111900162,95,258,-163
111900163,41,120,-79
111900164,87,40,47
111901113,633,42,591
111901114,199,60,139
111901115,205,0,205
111901116,53,1,52
111901117,37,68,-31
111901118,29,389,-360
111901119,197,30,167
111901121,27,38,-11
111901122,1,80,-79
111901123,350,72,278
111901124,338,4,334
111901125,757,141,616
111901127,128,1189,-1061
111901128,13,45,-32
111901129,0,54,-54
111901130,0,36,-36
111901131,1,112,-111
111901132,71,25,46
111901133,71,2,69
111901134,165,5,160
111901135,74,5,69
111901136,19,11,8
111901137,0,9,-9
111901138,41,27,14
111901139,3,6,-3
111901140,0,17,-17
111901141,4,31,-27
111901142,1,12,-11
111901143,0,40,-40
111901144,50,32,18
111901145,71,295,-224
111901146,47,0,47
111901147,129,191,-62
111901148,20,56,-36
111901149,6,2,4
112000001,2289,616,1673
112000002,777,1280,-503
112000003,2445,917,1528
112000004,689,247,442
112000005,3961,3715,246
112000006,739,637,102
112000007,4878,3244,1634
112000008,3186,4238,-1052
112000009,2266,1269,997
112000010,3678,5147,-1469
112000011,1536,918,618
112000012,3649,6399,-2750
112000013,1815,3294,-1479
112000014,1171,3611,-2440
112000015,1470,3234,-1764
112000016,1854,3170,-1316
112000017,420,3589,-3169
112000024,762,402,360
112000026,1416,1400,16
112000027,590,572,18
112000028,626,753,-127
112000029,545,762,-217
112000030,134,24,110
112000031,1493,4351,-2858
112000032,131,19,112
112000033,1177,3592,-2415
112000034,96,23,73
112000035,33,826,-793
112000036,263,1329,-1066
112000037,499,920,-421
112000038,892,1510,-618
112000039,94,55,39
112000040,26,122,-96
112000041,248,316,-68
112000042,525,252,273
112000050,1260,914,346
112000051,1103,2163,-1060
112000054,1112,1204,-92
112000057,681,180,501
112000058,184,294,-110
112000059,390,652,-262
112000061,1978,839,1139
112000062,550,1240,-690
112000063,233,3586,-3353
112000064,2212,2556,-344
112000065,807,1926,-1119
112000066,2877,1393,1484
112000067,393,437,-44
112000068,3512,3271,241
112000069,350,1288,-938
112000070,1709,864,845
112000071,811,1267,-456
112000072,2366,744,1622
112000073,1076,1524,-448
112000074,1005,797,208
112000075,1286,1121,165
112000076,2766,1821,945
112000077,1147,285,862
112000078,2209,475,1734
112000079,1717,850,867
112000080,777,464,313
112000081,753,1434,-681
112000082,1018,467,551
112000083,741,662,79
112000084,1167,406,761
112000085,1564,572,992
112000086,1878,556,1322
112000087,603,160,443
112000088,792,181,611
112000089,245,218,27
112000090,112,111,1
112000091,684,394,290
112000092,2492,899,1593
112000093,1323,326,997
112000094,758,592,166
112000095,772,356,416
112000096,671,399,272
112000097,1973,617,1356
112000098,346,389,-43
112000099,593,2015,-1422
112000100,2225,493,1732
112000101,431,321,110
112000102,1741,390,1351
112000103,369,324,45
112000105,457,390,67
112000106,2555,370,2185
112000107,133,86,47
112000108,578,567,11
112000109,278,38,240
112000110,2032,510,1522
112000111,357,1476,-1119
112000112,2176,390,1786
112000113,514,691,-177
112000114,2421,661,1760
112000115,294,187,107
112000116,478,357,121
112000117,949,444,505
112000118,591,514,77
112000119,283,384,-101
112000120,33,184,-151
112000121,171,166,5
112000122,335,76,259
112000123,963,83,880
112000124,667,62,605
112000125,366,266,100
112000126,378,123,255
112000127,1867,2672,-805
112000128,470,425,45
112000129,83,124,-41
112000130,232,136,96
112000131,24,81,-57
112000132,182,136,46
112000133,367,63,304
112000134,538,207,331
112000135,1141,587,554
112000136,609,713,-104
112000137,1292,1348,-56
112000138,832,669,163
112000139,569,698,-129
112000140,189,882,-693
112000141,1152,448,704
112000142,102,263,-161
112000143,1438,156,1282
112000144,203,495,-292
112000145,2767,366,2401
112000146,495,772,-277
112000147,2956,1390,1566
112000148,809,833,-24
112000149,439,259,180
112000150,462,169,293
112000151,308,121,187
112000152,936,226,710
112000153,131,128,3
112000154,190,303,-113
112000155,160,146,14
112000157,360,835,-475
112000158,276,148,128
112000159,858,208,650
112000167,318,117,201
112000169,197,728,-531
112000173,1299,188,1111
112000175,468,184,284
112000176,801,1299,-498
112000177,1080,214,866
112000178,64,173,-109
112000179,319,42,277
112000180,320,261,59
112000181,1025,725,300
112000182,1742,448,1294
112000183,29,7,22
112000184,385,136,249
112000185,1179,182,997
112000187,3891,2221,1670
112000195,158,7,151
112000196,117,1,116
112000197,89,127,-38
112000198,34,247,-213
112000199,479,452,27
112000202,605,0,605
112000216,60,127,-67
112000230,135,1,134
112000231,4,66,-62
112000256,79,262,-183
112000313,26,37,-11
112000314,57,65,-8
112000337,192,480,-288
112000352,125,265,-140
112000392,1645,846,799
112000398,2159,576,1583
112000399,1089,6887,-5798
112000400,863,958,-95
112000401,1259,805,454
112000402,4571,4952,-381
112000403,1173,6544,-5371
112000404,1613,1156,457
112000405,3263,3282,-19
112000406,1603,815,788
112000407,9487,7927,1560
112000408,4291,2330,1961
112000409,1152,1543,-391
112000410,287,316,-29
112000411,1293,1252,41
112000412,365,359,6
112000413,2670,8001,-5331
112000414,188,26,162
112000415,118,18,100
112000416,3762,1044,2718
112000417,281,88,193
112000421,114,33,81
112000422,223,97,126
112000424,758,3204,-2446
112000425,392,314,78
112000426,208,172,36
112000427,1,22,-21
112000428,276,127,149
112000429,2024,1941,83
112000430,2538,3528,-990
112000431,112,135,-23
112000432,389,351,38
112000433,306,434,-128
112000437,49,53,-4
112900001,59,2,57
112900002,749,252,497
112900003,39,72,-33
112900004,74,59,15
112900005,243,49,194
112900006,9,83,-74
112900007,31,71,-40
112900008,1,104,-103
112900009,517,140,377
112900010,526,231,295
112900011,46,153,-107
112900012,0,8,-8
112900013,7,90,-83
112900014,5,56,-51
112900015,121,425,-304
112900016,1,87,-86
112900017,47,61,-14
112900018,1,43,-42
112900019,13,126,-113
112900020,238,519,-281
112900021,1,60,-59
112900022,10,21,-11
112900023,1,25,-24
112900024,6,65,-59
112900025,62,94,-32
112900026,2,33,-31
112900027,1,213,-212
112900028,12,44,-32
112900029,7,98,-91
112900030,27,27,0
112900031,7,123,-116
112900032,194,129,65
112900034,0,17,-17
112900035,0,104,-104
112900036,10,90,-80
112900037,246,201,45
112900038,592,53,539
112900039,9,72,-63
112900040,9,233,-224
112900041,230,786,-556
112900042,61,122,-61
112900043,52,44,8
112900044,190,185,5
112900045,87,142,-55
112900046,65,51,14
112900047,9,16,-7
112900049,386,32,354
112900050,8,381,-373
112900051,80,198,-118
112900052,2,230,-228
112900053,100,105,-5
112900054,68,61,7
112900055,82,25,57
112900056,264,164,100
112900057,15,140,-125
112900058,252,333,-81
112900059,91,240,-149
112900060,39,27,12
112900061,88,99,-11
112900062,79,65,14
112900063,31,12,19
112900064,27,196,-169
112900065,5,26,-21
112900066,219,220,-1
112900067,276,39,237
112900068,36,64,-28
112900069,1045,1326,-281
112900071,46,9,37
112900072,51,3734,-3683
112900073,373,131,242
112900074,107,368,-261
112900075,476,1457,-981
112900076,19,33,-14
112900078,281,436,-155
112900079,193,19,174
112900080,115,15,100
112900081,57,397,-340
112900082,788,51,737
112900083,190,125,65
112900084,404,227,177
112900086,145,2,143
112900087,1474,135,1339
112900088,257,9,248
112900089,850,55,795
112900090,98,40,58
112900091,363,14,349
112900092,50,656,-606
112900093,1010,25,985
112900095,70,3,67
112900096,662,129,533
112900097,116,128,-12
112900098,58,0,58
112900099,1140,22,1118
112900100,149,2,147
112900101,401,4,397
112900102,104,25,79
112900103,233,5,228
112900104,175,3,172
112900105,27,0,27
112900106,374,91,283
112900107,3,2,1
112900108,1,0,1
112900109,253,1,252
112900110,1802,18,1784
112900111,1118,15,1103
112900112,282,1,281
112900113,0,3,-3
112900114,248,6,242
112900115,1820,2,1818
112900116,88,29,59
112900117,59,13,46
112900118,3,106,-103
112900119,181,3,178
112900120,188,161,27
112900121,22,51,-29
112900122,3,60,-57
112900123,94,14,80
112900124,2,35,-33
112900125,20,263,-243
112900126,82,50,32
112900127,364,72,292
112900128,54,225,-171
112900129,0,303,-303
112900130,177,54,123
112900131,20,159,-139
112900132,63,194,-131
112900133,10,621,-611
112900134,0,160,-160
112900135,76,65,11
112900137,0,192,-192
112900138,3,63,-60
112900139,74,354,-280
112900141,850,20,830
112900142,53,236,-183
112900143,3,173,-170
112900144,1,71,-70
112900145,8,220,-212
112900146,1,268,-267
112900147,1,288,-287
112900148,64,2,62
112900149,137,213,-76
112900151,3,40,-37
112900152,1850,273,1577
112900153,290,2695,-2405
112900154,0,41,-41
112900155,164,17,147
112900156,520,462,58
112900157,599,30,569
112900158,62,2,60
112900159,94,190,-96
112900160,28,133,-105
112900161,166,47,119
112900162,5,21,-16
112900163,30,61,-31
112900164,79,113,-34
112900165,65,31,34
112900166,13,78,-65
112900167,7,56,-49
112900168,3,8,-5
112900169,8,17,-9
112900170,85,20,65
112900172,47,27,20
112900173,66,76,-10
112900174,273,57,216
112900175,153,139,14
112900176,4,33,-29
112900177,190,53,137
112900178,494,3038,-2544
112900179,36,223,-187
112900180,2037,965,1072
112900181,1066,4,1062
112900182,54,188,-134
112900183,52,139,-87
112900184,377,426,-49
112900185,142,496,-354
112900186,493,958,-465
112900187,37,468,-431
112900188,547,2564,-2017
112900189,10,8,2
112900190,13,10,3
112900192,537,518,19
112900193,733,252,481
112900194,50,6,44
112900195,655,41,614
112900196,275,253,22
112900197,64,297,-233
112900199,1047,222,825
112900200,483,60,423
112900201,155,84,71
112900202,550,373,177
112900203,318,64,254
112900204,394,322,72
112900205,17,17,0
112900206,28,60,-32
112900207,21,1,20
112900208,46,330,-284
112900209,137,190,-53
112900210,0,10,-10
112900211,78,3,75
112900212,0,40,-40
112900213,75,2,73
112900214,19,6,13
112900215,9,12,-3
112900216,12,16,-4
112900217,0,77,-77
112900218,104,22,82
112900219,124,3,121
112900220,2,0,2
112900221,37,49,-12
112900222,0,23,-23
112900223,944,40,904
112900224,480,140,340
112900225,543,114,429
112900226,67,217,-150
112900227,966,256,710
112900228,107,36,71
112900229,504,13,491
112900230,6328,2054,4274
112900232,270,325,-55
112900233,72,71,1
112900234,12,7,5
112900235,16,12,4
112900236,523,22,501
112900237,363,72,291
112900238,3,0,3
112900239,437,740,-303
112900240,6,16,-10
112900241,15,41,-26
112900242,6,45,-39
112900243,7,45,-38
112900244,11,15,-4
112900245,0,10,-10
112900246,0,4,-4
112900247,25,7,18
112900248,5,0,5
112900249,13,1,12
112900250,47,2,45
112900251,132,3,129
112900252,64,1,63
112900253,43,7,36
112900254,23,2,21
112900255,7,30,-23
112900256,2,37,-35
112900257,15,45,-30
112900258,2,0,2
113000001,5404,4969,435
113000002,4366,3211,1155
113000003,1902,1682,220
113000004,1819,1832,-13
113000005,1909,1194,715
113000006,1191,1468,-277
113000007,2549,1269,1280
113000008,1742,1727,15
113000009,1510,640,870
113000010,1399,980,419
113000011,1081,692,389
113000012,1294,562,732
113000013,719,455,264
113000014,824,1341,-517
113000015,114,193,-79
113000016,323,584,-261
113000017,31,370,-339
113000018,261,16,245
113000019,62,164,-102
113000020,330,47,283
113000021,1213,895,318
113000022,677,2420,-1743
113000025,162,257,-95
113000026,394,763,-369
113000027,414,1534,-1120
113000028,346,1536,-1190
113000029,778,701,77
113000030,188,327,-139
113000031,113,144,-31
113000032,147,356,-209
113000033,200,331,-131
113000034,136,128,8
113000035,6,20,-14
113000036,13,30,-17
113000037,41,18,23
113000038,9,77,-68
113000039,31,204,-173
113000040,46,117,-71
113000042,637,444,193
113000051,1716,2452,-736
113000052,2158,405,1753
113000053,621,316,305
113000054,705,659,46
113000055,1933,513,1420
113000056,1576,857,719
113000058,428,830,-402
113000059,864,308,556
113000060,365,533,-168
113000061,483,726,-243
113000062,352,287,65
113000063,408,50,358
113000064,90,108,-18
113000065,192,321,-129
113000066,1024,81,943
113000067,2772,786,1986
113000068,518,419,99
113000069,505,392,113
113000070,2606,600,2006
113000071,466,313,153
113000072,1148,247,901
113000073,273,1314,-1041
113000074,889,376,513
113000075,1491,866,625
113000076,471,3268,-2797
113000077,571,1037,-466
113000078,315,1870,-1555
113000079,320,1155,-835
113000080,460,878,-418
113000081,771,710,61
113000082,731,649,82
113000083,523,704,-181
113000084,1688,810,878
113000085,922,648,274
113000086,781,972,-191
113000087,754,1180,-426
113000088,1709,1258,451
113000089,685,1603,-918
113000090,146,658,-512
113000091,233,396,-163
113000094,1333,285,1048
113000095,192,843,-651
113000096,119,817,-698
113000097,1140,496,644
113000098,93,56,37
113000099,1038,531,507
113000100,107,474,-367
113000101,171,782,-611
113000102,674,744,-70
113000103,2522,315,2207
113000104,630,3280,-2650
113000105,921,429,492
113000106,419,210,209
113000107,1080,870,210
113000108,966,659,307
113000109,451,1073,-622
113000110,6529,747,5782
113000111,216,644,-428
113000112,707,330,377
113000113,1474,396,1078
113000114,206,1241,-1035
113000116,391,260,131
113000117,813,59,754
113000118,45,608,-563
113000119,312,237,75
113000120,52,296,-244
113000121,320,887,-567
113000124,340,103,237
113000125,27,1093,-1066
113000127,1582,169,1413
113000128,1576,184,1392
113000129,280,649,-369
113000133,2708,560,2148
113000134,3,1166,-1163
113000135,3848,4082,-234
113000137,727,3375,-2648
113000139,283,146,137
113000140,27,100,-73
113000141,76,113,-37
113000142,181,344,-163
113000143,164,95,69
113000144,164,321,-157
113000145,94,110,-16
113000146,150,34,116
113000147,114,32,82
113000148,236,100,136
113000149,153,133,20
113000150,276,315,-39
113000151,30,31,-1
113000152,36,194,-158
113000153,990,206,784
113000154,378,1381,-1003
113000155,304,517,-213
113000156,228,276,-48
113000157,289,357,-68
113000158,494,156,338
113000159,837,359,478
113000160,521,300,221
113000161,428,161,267
113000162,839,171,668
113000163,155,28,127
113000164,18,34,-16
113000166,216,47,169
113000167,52,63,-11
113000168,92,91,1
113000169,203,34,169
113000170,102,69,33
113000171,26,43,-17
113000172,312,29,283
113000173,85,14,71
113000174,145,77,68
113000175,525,57,468
113000176,519,86,433
113000177,173,86,87
113000178,99,116,-17
113000179,276,106,170
113000180,682,1493,-811
113000181,1157,588,569
113000182,93,365,-272
113000183,133,626,-493
113000184,18,80,-62
113000189,194,562,-368
113000190,93,210,-117
113000192,535,6244,-5709
113000193,1290,5364,-4074
113000194,707,3771,-3064
113000195,835,3372,-2537
113000196,235,80,155
113000197,919,2597,-1678
113000198,132,211,-79
113000199,1454,218,1236
113000201,423,827,-404
113000202,13268,2544,10724
113000203,110,1230,-1120
113000204,422,6602,-6180
113000205,18,14,4
113000206,4,64,-60
113000207,38,11,27
113000208,25,61,-36
113000209,9,14,-5
113000210,4,29,-25
113000211,96,414,-318
113000212,46,60,-14
113000213,9,130,-121
113000214,80,253,-173
113000234,233,597,-364
113000410,29,188,-159
113000411,1274,2335,-1061
113000412,4180,1265,2915
113000413,736,2652,-1916
113000414,3146,11141,-7995
113000415,1611,1276,335
113000416,2090,2030,60
113000417,713,1363,-650
113000418,4505,3606,899
113000419,1150,1778,-628
113000420,2127,5567,-3440
113000421,4034,6430,-2396
113000422,6847,8513,-1666
113000423,963,5415,-4452
113000424,1640,10542,-8902
113000425,11,60,-49
113000428,21,6,15
113000430,3,60,-57
113000432,2320,197,2123
113000433,61,387,-326
113000434,15,64,-49
113000435,30,133,-103
113000436,11,460,-449
113000437,1167,38,1129
113000438,301,13,288
113000439,17,23,-6
113000440,161,37,124
113000441,180,143,37
113000442,228,33,195
113000443,345,63,282
113000444,302,51,251
113000445,120,51,69
113000446,76,92,-16
113000448,1085,226,859
113000449,144,918,-774
113000450,977,2200,-1223
113000451,3723,291,3432
113000452,111,570,-459
113000453,39,792,-753
113000454,310,146,164
113000455,15,2428,-2413
113000456,1718,1945,-227
113000468,885,78,807
113000469,41,73,-32
113000470,559,16,543
113000471,9,327,-318
113000472,61,184,-123
113000474,1499,691,808
113000475,1077,762,315
113000476,2265,1746,519
113000477,4528,1713,2815
113000478,2474,2032,442
113000479,137,69,68
113000485,0,0,0
113000486,0,0,0
113000487,0,0,0
113000488,0,0,0
113000489,0,0,0
113000490,0,0,0
113000491,0,0,0
113000492,0,0,0
113000493,0,0,0
113000495,273,66,207
113000496,271,94,177
113000497,0,0,0
113000499,0,0,0
113900001,20,2596,-2576
113900002,1,100,-99
113900003,0,293,-293
113900004,2,366,-364
113900005,7,924,-917
113900006,2,63,-61
113900007,55,50,5
113900008,9,0,9
113900009,100,0,100
113900010,79,0,79
113900011,155,0,155
113900012,69,7,62
113900013,100,3,97
113900014,730,0,730
113900015,0,14,-14
113900016,49,0,49
113900017,2,73,-71
113900018,134,195,-61
113900019,113,14,99
113900020,136,2,134
113900022,100,1,99
113900023,52,0,52
113900024,57,49,8
113900025,145,2,143
113900026,96,0,96
113900027,5,77,-72
113900028,34,146,-112
113900029,138,89,49
113900030,337,12,325
113900031,56,3,53
113900032,41,0,41
113900033,55,19,36
113900035,35,0,35
113900036,22,77,-55
113900037,219,114,105
113900038,29,153,-124
113900039,194,26,168
113900040,4,30,-26
113900041,15,2,13
113900042,73,20,53
113900043,145,57,88
113900044,101,283,-182
113900045,84,0,84
113900046,234,1204,-970
113900047,79,91,-12
113900048,116,68,48
113900049,117,267,-150
113900050,206,332,-126
113900051,214,182,32
113900052,70,48,22
113900053,592,661,-69
113900054,30,0,30
113900055,90,268,-178
113900056,62,102,-40
113900057,3,29,-26
113900058,62,22,40
113900059,211,120,91
113900060,54,55,-1
113900061,424,104,320
113900062,168,14,154
113900063,95,102,-7
113900064,24,36,-12
113900065,560,10,550
113900066,453,119,334
113900067,187,50,137
113900068,380,744,-364
113900069,46,20,26
113900070,61,155,-94
113900071,92,17,75
113900072,62,43,19
113900073,415,268,147
113900074,156,115,41
113900075,836,1919,-1083
113900076,116,9,107
113900077,62,89,-27
113900078,31,16,15
113900079,0,14,-14
113900080,530,137,393
113900081,61,79,-18
113900082,98,118,-20
113900083,326,86,240
113900084,250,155,95
113900085,53,116,-63
113900086,96,5,91
113900087,107,39,68
113900088,98,105,-7
113900089,405,37,368
113900090,424,250,174
113900091,5,10,-5
113900092,18,66,-48
113900093,37,917,-880
113900094,550,228,322
113900095,126,184,-58
113900096,241,80,161
113900097,22,42,-20
113900098,893,152,741
113900099,4,10,-6
113900100,0,0,0
113900101,3,64,-61
113900102,51,131,-80
113900103,161,460,-299
113900104,90,242,-152
113900105,254,34,220
113900106,2,25,-23
113900107,0,1,-1
113900108,88,291,-203
113900109,204,167,37
113900110,41,6,35
113900111,231,79,152
113900112,166,33,133
113900113,821,300,521
113900114,0,4,-4
113900115,0,18,-18
113900116,36,155,-119
113900117,32,25,7
113900118,85,390,-305
113900119,51,306,-255
113900120,48,28,20
113900121,48,40,8
113900122,267,3302,-3035
113900123,546,188,358
113900124,1,66,-65
113900125,846,109,737
113900126,47,50,-3
113900127,311,607,-296
113900128,181,38,143
113900129,0,169,-169
113900130,1,140,-139
113900131,258,48,210
113900132,36,78,-42
113900133,5,43,-38
113900135,242,369,-127
113900136,64,38,26
113900137,331,353,-22
113900138,10,154,-144
113900139,214,231,-17
113900140,26,148,-122
113900141,575,195,380
113900142,97,35,62
113900143,5,29,-24
113900144,66,180,-114
113900145,294,124,170
113900146,180,17,163
113900148,50,240,-190
113900149,133,91,42
113900150,181,240,-59
113900151,279,113,166
113900152,30,49,-19
113900153,101,389,-288
113900154,1,47,-46
113900155,59,153,-94
113900156,238,198,40
113900157,50,353,-303
113900158,61,234,-173
113900159,4,165,-161
113900160,311,175,136
113900161,112,237,-125
113900162,100,390,-290
113900163,178,164,14
113900164,379,38,341
113900165,476,260,216
113900166,24,47,-23
113900167,287,5,282
113900168,56,40,16
113900169,173,273,-100
113900171,216,50,166
113900172,5,44,-39
113900173,25,254,-229
113900174,387,516,-129
113900175,203,114,89
113900176,194,140,54
113900177,250,150,100
113900178,228,131,97
113900179,3,186,-183
113900180,93,85,8
113900181,887,179,708
113900182,470,384,86
113900183,79,66,13
113900184,6,201,-195
113900185,115,58,57
113900186,37,23,14
113900187,19,99,-80
113900188,14,69,-55
113900189,275,227,48
113900190,91,75,16
113900191,35,61,-26
113900192,3,474,-471
113900193,0,72,-72
113900194,984,354,630
113900195,141,354,-213
113900196,0,55,-55
113900197,0,75,-75
113900198,21,536,-515
113900199,31,382,-351
113900200,17,64,-47
113900201,0,51,-51
113900202,35,78,-43
113900203,0,14,-14
113900204,9,195,-186
113900205,2,46,-44
113900206,4,42,-38
113900207,0,36,-36
113900208,0,34,-34
113900209,0,23,-23
113900210,424,455,-31
113900211,125,53,72
113900212,237,216,21
113900214,276,513,-237
113900215,147,81,66
113900216,137,234,-97
113900217,165,71,94
113900218,123,73,50
113900219,105,833,-728
113900220,81,147,-66
113900221,186,270,-84
113900222,66,547,-481
113900223,163,205,-42
113900224,82,99,-17
113900225,216,67,149
113900226,301,80,221
113900227,199,147,52
113900228,142,447,-305
113900229,23,899,-876
113900230,1356,2526,-1170
113900231,176,64,112
113900232,172,23,149
113900233,100,27,73
113900234,373,322,51
113900235,139,25,114
113900236,253,114,139
113900237,153,6,147
113900238,191,511,-320
113900239,21,138,-117
113900240,7,149,-142
113900241,52,82,-30
113900242,30,290,-260
113900243,19,174,-155
113900244,103,131,-28
113900245,486,294,192
113900246,8,34,-26
113900247,78,564,-486
113900248,2042,1715,327
113900249,316,451,-135
113900250,26,239,-213
113900251,1078,78,1000
113900252,847,10,837
113900253,628,25,603
113900254,444,156,288
113900255,694,8,686
113900256,449,20,429
113900257,21,255,-234
113900258,14,299,-285
113900259,721,62,659
113900260,252,7,245
113900261,19,18,1
113900262,202,227,-25
113900263,25,248,-223
113900264,1,160,-159
113900265,84,138,-54
113900266,44,102,-58
113900267,60,1068,-1008
113900268,197,317,-120
113900269,95,121,-26
113900270,89,398,-309
113900271,613,332,281
113900273,4,6,-2
113900274,36,26,10
113900275,8,177,-169
113900276,0,105,-105
113900277,154,9,145
113900278,138,129,9
113900279,26,20,6
113900280,950,492,458
113900281,148,1125,-977
113900282,170,331,-161
113900283,415,534,-119
113900284,864,63,801
113900285,114,20,94
113900286,26,22,4
113900287,80,5,75
113900288,0,134,-134
113900289,259,95,164
113900290,242,185,57
113900291,44,63,-19
113900292,1,3,-2
113900293,2,122,-120
113900294,514,14,500
113900295,299,302,-3
113900296,1791,266,1525
113900297,2010,45,1965
113900298,27,823,-796
113900299,171,36,135
113900300,4138,3683,455
113900301,553,486,67
113900302,825,818,7
113900303,122,697,-575
113900304,3,82,-79
113900305,111,0,111
113900306,95,0,95
113900307,3,0,3
113900308,30,115,-85
113900309,2,219,-217
113900310,0,1,-1
113900311,21,2,19
113900312,75,202,-127
113900313,17,1,16
114000001,702,1503,-801
114000002,365,202,163
114000003,77,133,-56
114000004,409,157,252
114000005,281,126,155
114000006,941,1308,-367
114000007,474,631,-157
114000008,987,1601,-614
114000009,978,187,791
114000011,3213,1642,1571
114000012,3553,1068,2485
114000013,2145,843,1302
114000014,334,53,281
114000015,1613,110,1503
114000016,213,83,130
114000017,84,450,-366
114000018,79,12,67
114000026,3011,802,2209
114000027,4219,1776,2443
114000028,1872,3004,-1132
114000038,260,73,187
114000039,62,15,47
114000040,118,217,-99
114000042,231,70,161
114000043,53,39,14
114000044,255,9,246
114000045,25,32,-7
114000046,1211,3482,-2271
114000047,6,74,-68
114000048,61,63,-2
114000049,1385,1238,147
114000050,1426,1723,-297
114000051,2233,1873,360
114000052,2888,2095,793
114000053,47,655,-608
114000054,100,538,-438
114000055,184,25,159
114000056,112,1223,-1111
114000057,3067,1531,1536
114000058,43,857,-814
114000059,18,548,-530
114000060,429,582,-153
114000061,2125,3135,-1010
114000062,385,1232,-847
114000063,955,972,-17
114000064,1431,3056,-1625
114000065,656,1842,-1186
114000066,432,625,-193
114000067,10,858,-848
114000068,402,621,-219
114000069,746,502,244
114000070,1639,1679,-40
114000071,546,424,122
114000072,449,98,351
114000073,13,12,1
114000074,93,8,85
114000075,49,19,30
114000076,20,28,-8
114000077,2,8,-6
114000078,209,188,21
114000079,286,11,275
114000080,39,42,-3
114000081,46,68,-22
114000082,29,166,-137
114000083,67,29,38
114000084,196,94,102
114000085,42,147,-105
114000086,180,68,112
114000087,200,37,163
114000088,54,12,42
114000089,374,131,243
114000090,774,1085,-311
114000091,771,857,-86
114000092,450,282,168
114000093,1105,412,693
114000094,426,345,81
114000095,170,156,14
114000096,46,140,-94
114000097,99,215,-116
114000098,577,100,477
114000099,794,87,707
114000100,1604,325,1279
114000101,446,178,268
114000102,650,310,340
114000103,99,95,4
114000104,12,110,-98
114000105,124,77,47
114000106,601,1671,-1070
114000107,559,64,495
114000108,478,499,-21
114000109,669,1727,-1058
114000110,395,582,-187
114000111,2177,1006,1171
114000112,348,806,-458
114000113,1412,491,921
114000114,412,535,-123
114000115,1999,897,1102
114000116,1109,3785,-2676
114000117,4408,565,3843
114000118,3539,422,3117
114000119,2782,447,2335
114000120,528,448,80
114000121,435,498,-63
114000122,469,257,212
114000123,2187,406,1781
114000124,1170,370,800
114000125,851,757,94
114000126,1663,252,1411
114000127,189,73,116
114000128,956,143,813
114000130,433,412,21
114000131,322,85,237
114000132,449,258,191
114000133,409,766,-357
114000134,30,24,6
114000138,17,123,-106
114000139,312,446,-134
114000144,588,716,-128
114000145,32,53,-21
114000146,86,56,30
114000147,1189,2544,-1355
114000148,817,1521,-704
114000149,205,331,-126
114000150,217,486,-269
114000151,467,1906,-1439
114000152,50,26,24
114000153,354,1796,-1442
114000154,493,439,54
114000155,880,2757,-1877
114000156,774,604,170
114000157,290,1516,-1226
114000158,739,465,274
114000159,108,310,-202
114000160,47,459,-412
114000161,934,2856,-1922
114000162,1240,2680,-1440
114000163,11,28,-17
114000165,360,432,-72
114000166,460,433,27
114000167,1921,1023,898
114000168,294,211,83
114000169,928,1462,-534
114000170,954,1310,-356
114000171,1355,9115,-7760
114000174,116,235,-119
114000176,184,441,-257
114000177,525,280,245
114000178,34,41,-7
114000179,804,801,3
114000180,187,232,-45
114000181,1247,5095,-3848
114000182,709,2115,-1406
114000183,406,474,-68
114000184,1680,419,1261
114000185,1181,687,494
114000189,1302,97,1205
114000190,3690,464,3226
114000191,64,262,-198
114000192,110,532,-422
114000193,174,771,-597
114000194,1443,524,919
114000195,271,132,139
114000196,1,65,-64
114000197,2295,40,2255
114000198,427,231,196
114000199,1038,1368,-330
114000200,397,677,-280
114000201,159,514,-355
114000202,690,352,338
114000203,534,441,93
114000204,150,297,-147
114000205,120,635,-515
114000206,642,836,-194
114000207,307,601,-294
114000208,344,793,-449
114000209,209,956,-747
114000210,121,505,-384
114000211,1263,869,394
114000212,666,759,-93
114000213,1743,343,1400
114000214,39,30,9
114000215,166,66,100
114000216,1524,263,1261
114000217,420,125,295
114000218,204,50,154
114000219,1653,111,1542
114000220,23,262,-239
114000221,1204,152,1052
114000222,91,324,-233
114000223,654,122,532
114000224,21,292,-271
114000225,312,205,107
114000226,229,117,112
114000227,854,365,489
114000228,972,410,562
114000229,1459,720,739
114000230,1674,600,1074
114000231,1115,1061,54
114000232,1035,157,878
114000233,2513,89,2424
114000234,1134,522,612
114000235,1311,877,434
114000236,0,257,-257
114000237,144,374,-230
114000238,100,228,-128
114000239,133,590,-457
114000240,843,933,-90
114000241,306,440,-134
114000242,548,399,149
114000243,2085,714,1371
114000244,521,214,307
114000245,442,690,-248
114000246,99,30,69
114000247,468,331,137
114000248,1700,507,1193
114000249,601,290,311
114000250,664,234,430
114000251,352,116,236
114000252,60,27,33
114000253,24,44,-20
114000254,86,21,65
114000255,502,181,321
114000256,349,1671,-1322
114000257,233,698,-465
114000258,351,94,257
114000259,72,153,-81
114000260,0,29,-29
114000261,33,24,9
114000262,203,48,155
114000263,7,1,6
114000264,1034,234,800
114000265,0,0,0
114000267,1,1335,-1334
114000268,4,384,-380
114000270,217,21,196
114000271,220,58,162
114000283,1407,241,1166
114000285,6,80,-74
114000288,142,185,-43
114000289,1719,107,1612
114000293,176,311,-135
114000294,191,199,-8
114000395,1062,39,1023
114000396,511,614,-103
114000402,952,140,812
114000403,280,164,116
114000405,196,178,18
114000423,402,88,314
114000424,430,47,383
114000425,884,72,812
114000426,344,719,-375
114000427,130,54,76
114000428,60,155,-95
114000429,7,66,-59
114000432,79,19,60
114000434,13,58,-45
114000435,0,30,-30
114900001,608,260,348
114900002,301,79,222
114900003,892,244,648
114900004,207,398,-191
114900005,503,176,327
114900006,41,47,-6
114900007,252,32,220
114900008,180,115,65
114900010,736,1364,-628
114900011,187,92,95
114900013,197,87,110
114900015,107,523,-416
114900018,693,38,655
114900020,119,57,62
114900022,11,463,-452
114900024,166,113,53
114900025,463,65,398
114900026,56,94,-38
114900027,176,117,59
114900029,120,15,105
114900030,259,119,140
114900031,508,25,483
114900032,357,6,351
114900033,488,1239,-751
114900034,22,37,-15
114900035,44,205,-161
114900036,117,226,-109
114900037,71,53,18
114900038,212,228,-16
114900039,478,124,354
114900040,84,39,45
114900041,1078,112,966
114900042,1370,143,1227
114900043,233,81,152
114900044,169,47,122
114900046,10,29,-19
114900047,206,3229,-3023
114900048,25,115,-90
114900049,23,52,-29
114900050,50,90,-40
114900051,16,135,-119
114900052,14,138,-124
114900053,30,103,-73
114900054,18,25,-7
114900057,223,15,208
114900058,1,32,-31
114900059,90,73,17
114900060,195,728,-533
114900061,79,29,50
114900062,113,260,-147
114900063,38,55,-17
114900064,2008,106,1902
114900065,571,572,-1
114900067,23,255,-232
114900068,18,114,-96
114900069,94,33,61
114900070,545,184,361
114900072,2,122,-120
114900073,1,25,-24
114900074,777,120,657
114900075,225,3,222
114900076,2,109,-107
114900080,664,122,542
114900082,1394,2604,-1210
114900083,321,640,-319
114900090,394,143,251
114900091,70,92,-22
114900095,137,31,106
114900096,154,318,-164
114900097,150,1,149
114900098,1,62,-61
114900099,209,12,197
115000001,3588,1902,1686
115000002,4739,5671,-932
115000003,3623,1343,2280
115000004,5283,5911,-628
115000005,1850,1925,-75
115000006,1271,1326,-55
115000007,544,201,343
115000008,358,504,-146
115000009,505,260,245
115000010,290,186,104
115000013,56,212,-156
115000015,18,309,-291
115000016,35,269,-234
115000019,23,385,-362
115000020,234,1019,-785
115000021,330,299,31
115000022,394,174,220
115000023,310,382,-72
115000024,703,218,485
115000025,886,484,402
115000026,181,236,-55
115000027,321,179,142
115000028,128,500,-372
115000029,779,50,729
115000030,554,747,-193
115000031,720,120,600
115000032,5,148,-143
115000033,167,23,144
115000034,53,745,-692
115000035,948,59,889
115000036,0,340,-340
115000037,451,31,420
115000038,67,185,-118
115000039,3501,3657,-156
115000040,2901,2298,603
115000041,1966,4257,-2291
115000042,291,523,-232
115000043,3947,2576,1371
115000044,2601,2930,-329
115000045,2283,903,1380
115000046,3298,2647,651
115000047,3177,1467,1710
115000048,2236,1427,809
115000049,933,2460,-1527
115000050,3418,1301,2117
115000051,1678,4447,-2769
115000052,965,1060,-95
115000053,2551,2394,157
115000054,505,550,-45
115000055,131,724,-593
115000056,95,339,-244
115000057,487,1234,-747
115000058,199,295,-96
115000059,228,303,-75
115000061,103,300,-197
115000062,211,324,-113
115000063,383,289,94
115000064,221,149,72
115000065,63,412,-349
115000067,304,39,265
115000069,97,186,-89
115000070,43,1023,-980
115000071,92,12,80
115000072,16,76,-60
115000073,1324,76,1248
115000075,100,40,60
115000076,2031,1723,308
115000077,2128,1130,998
115000078,1749,675,1074
115000079,1717,930,787
115000080,3278,1119,2159
115000081,257,459,-202
115000082,4830,4171,659
115000083,1933,822,1111
115000084,3136,960,2176
115000085,1108,589,519
115000086,1421,456,965
115000087,411,1305,-894
115000088,1564,515,1049
115000089,1248,742,506
115000090,412,910,-498
115000091,224,365,-141
115000092,841,678,163
115000093,576,2,574
115000094,4267,7204,-2937
115000095,2942,6613,-3671
115000096,1227,712,515
115000097,1895,1114,781
115000098,1854,534,1320
115000099,2414,1284,1130
115000100,1384,331,1053
115000101,472,671,-199
115000102,635,253,382
115000103,252,344,-92
115000105,83,56,27
115000106,956,331,625
115000107,179,189,-10
115000108,1489,1532,-43
115000109,2787,5228,-2441
115000110,1141,1805,-664
115000111,390,874,-484
115000112,616,664,-48
115000113,354,617,-263
115000114,991,357,634
115000116,1798,1441,357
115000117,1442,1610,-168
115000118,1715,1397,318
115000119,1129,1329,-200
115000120,485,1262,-777
115000121,506,547,-41
115000122,550,1296,-746
115000123,746,1887,-1141
115000124,562,978,-416
115000125,375,1049,-674
115000126,86,332,-246
115000127,299,167,132
115000128,223,980,-757
115000129,184,519,-335
115000130,434,373,61
115000131,800,202,598
115000132,310,194,116
115000133,704,131,573
115000134,185,163,22
115000135,139,76,63
115000136,229,162,67
115000137,71,100,-29
115000138,378,159,219
115000139,179,164,15
115000140,541,177,364
115000141,226,127,99
115000142,232,97,135
115000143,968,706,262
115000144,495,74,421
115000145,323,219,104
115000146,496,412,84
115000147,262,358,-96
115000148,240,520,-280
115000149,724,213,511
115000150,439,375,64
115000151,1424,387,1037
115000152,697,844,-147
115000153,1364,354,1010
115000154,1048,196,852
115000155,575,905,-330
115000156,622,925,-303
115000157,319,1315,-996
115000158,109,387,-278
115000159,423,534,-111
115000160,314,322,-8
115000161,128,359,-231
115000162,392,796,-404
115000163,447,645,-198
115000164,482,816,-334
115000165,171,684,-513
115000167,87,89,-2
115000168,407,616,-209
115000169,213,1046,-833
115000170,41,205,-164
115000171,153,419,-266
115000172,552,554,-2
115000173,291,771,-480
115000174,44,483,-439
115000175,161,124,37
115000176,44,54,-10
115000177,38,79,-41
115000178,1,119,-118
115000179,17,26,-9
115000180,73,235,-162
115000181,783,116,667
115000182,1119,161,958
115000183,374,325,49
115000186,637,134,503
115000187,163,344,-181
115000188,327,442,-115
115000189,213,313,-100
115000190,595,327,268
115000191,264,441,-177
115000194,69,116,-47
115000195,111,351,-240
115000196,164,72,92
115000197,210,110,100
115000198,513,99,414
115000199,552,110,442
115000200,347,121,226
115000201,139,146,-7
115000206,310,29,281
115000207,228,131,97
115000208,161,448,-287
115000209,483,229,254
115000210,102,96,6
115000211,296,196,100
115000212,930,324,606
115000224,178,37,141
115000225,62,43,19
115000229,172,77,95
115000230,116,406,-290
115000231,314,682,-368
115000232,2722,305,2417
115000233,111,195,-84
115000234,24,349,-325
115000241,115,87,28
115000242,176,72,104
115000243,102,62,40
115000244,15,145,-130
115000246,91,10,81
115000247,33,9,24
115000248,58,12,46
115000249,10,10,0
115000250,245,17,228
115000251,381,58,323
115000252,92,144,-52
115000253,11,349,-338
115000258,361,61,300
115000259,177,50,127
115000261,12,17,-5
115000262,8,21,-13
115000263,18,19,-1
115000264,8,19,-11
115000267,36,47,-11
115000268,64,120,-56
115000269,134,31,103
115000270,7,29,-22
115000272,57,57,0
115000273,559,26,533
115000280,1145,142,1003
115000281,170,483,-313
115000282,645,646,-1
115000284,94,145,-51
115000296,632,6,626
115000297,116,108,8
115000298,37,356,-319
115000300,201,86,115
115000302,582,81,501
115000303,960,54,906
115000304,711,67,644
115000305,94,217,-123
115000306,133,81,52
115000307,97,115,-18
115000308,12,12,0
115000309,16,49,-33
115000310,1754,398,1356
115000311,1630,928,702
115000313,62,230,-168
115000314,640,207,433
115000315,856,1051,-195
115000316,158,97,61
115000317,154,372,-218
115000318,585,257,328
115000319,55,179,-124
115000320,17,481,-464
115000321,208,35,173
115000322,82,124,-42
115000449,150,152,-2
115000557,4,1518,-1514
115000558,249,112,137
115000587,749,236,513
115000588,2209,2116,93
115000589,3737,2352,1385
115000590,674,1416,-742
115000591,1110,743,367
115000592,376,1868,-1492
115000593,1357,795,562
115000594,337,2990,-2653
115000609,283,183,100
115000617,416,2094,-1678
115000624,393,18,375
115000633,212,941,-729
115000634,2949,629,2320
115000635,732,127,605
115000638,221,281,-60
115000641,21,298,-277
115000642,195,156,39
115000643,60,200,-140
115000644,119,275,-156
115000646,558,1185,-627
115000647,116,440,-324
115000648,2599,852,1747
115000893,1532,1341,191
115000894,72,597,-525
115000895,184,1262,-1078
115000896,1084,541,543
115000897,376,111,265
115000898,338,376,-38
115000899,251,1468,-1217
115000900,37,536,-499
115000901,81,321,-240
115000912,438,98,340
115000913,0,38,-38
115000915,20,1,19
115000916,0,2,-2
115000917,0,4,-4
115000918,32,415,-383
115000919,2,13,-11
115000920,10,66,-56
115000921,238,66,172
115000922,408,1227,-819
115000923,79,2456,-2377
115000925,113,131,-18
115000927,34,45,-11
115000933,75,717,-642
115000934,105,75,30
115000935,228,39,189
115000936,48,751,-703
115000937,1075,292,783
115000938,38,332,-294
115000939,25,118,-93
115000940,2,38,-36
115000941,1,27,-26
115000942,4,136,-132
115000943,1,57,-56
115000944,0,3,-3
115900001,121,5,116
115900002,78,64,14
115900003,184,49,135
115900004,0,10,-10
115900005,242,10,232
115900006,61,76,-15
115900008,102,1,101
115900009,49,187,-138
115900010,359,51,308
115900011,307,142,165
115900012,322,26,296
115900013,278,83,195
115900014,173,67,106
115900015,169,17,152
115900016,60,18,42
115900017,28,8,20
115900018,105,9,96
115900019,81,10,71
115900020,86,2,84
115900021,488,276,212
115900022,592,3,589
115900023,3,0,3
115900025,8,162,-154
115900026,537,85,452
115900027,0,136,-136
115900028,230,36,194
115900029,6,120,-114
115900030,58,18,40
115900031,99,229,-130
115900032,252,617,-365
115900033,1,32,-31
115900034,19,99,-80
115900035,48,19,29
115900036,25,2070,-2045
115900037,28,105,-77
115900038,37,8,29
115900039,179,134,45
115900041,125,825,-700
115900042,61,1,60
115900043,117,28,89
115900044,185,254,-69
115900046,536,95,441
115900047,98,189,-91
115900049,171,110,61
115900051,12,12,0
115900052,4,57,-53
115900053,224,71,153
115900054,396,15,381
115900055,33,48,-15
115900056,169,91,78
115900057,17,17,0
115900058,7,47,-40
115900060,86,56,30
115900061,233,1,232
115900062,43,84,-41
115900063,33,5,28
115900064,145,178,-33
115900065,151,30,121
115900066,53,33,20
115900067,8,68,-60
115900068,865,1270,-405
115900069,74,155,-81
115900070,167,66,101
115900071,0,111,-111
115900072,27,75,-48
115900073,169,123,46
115900074,0,92,-92
115900075,19,127,-108
115900076,20,14,6
115900077,2,73,-71
115900078,24,72,-48
115900079,307,11,296
115900080,119,74,45
115900081,52,11,41
115900082,100,87,13
115900084,599,12,587
115900085,54,73,-19
115900086,696,308,388
115900088,5,68,-63
115900089,513,258,255
115900090,687,1,686
115900091,2,18,-16
115900092,21,47,-26
115900093,4,19,-15
115900094,4,68,-64
115900096,3,7,-4
115900097,4,61,-57
115900098,271,109,162
115900099,29,65,-36
115900100,23,129,-106
115900101,275,99,176
115900102,116,18,98
115900103,338,102,236
115900104,95,39,56
115900105,227,140,87
115900106,97,10,87
115900107,68,40,28
115900108,168,12,156
115900109,13,149,-136
115900110,6,3,3
115900111,1,55,-54
115900112,35,465,-430
115900113,77,4,73
115900114,2,52,-50
115900115,61,132,-71
115900116,45,317,-272
115900117,92,5,87
115900118,2,59,-57
115900119,103,96,7
115900120,18,119,-101
115900121,266,93,173
115900124,187,775,-588
115900125,355,32,323
115900126,830,41,789
115900127,933,52,881
115900128,2,73,-71
115900129,419,56,363
115900130,11,470,-459
115900131,313,28,285
115900132,733,2,731
115900134,274,33,241
115900135,570,914,-344
115900137,28,5,23
115900139,4,165,-161
115900140,536,74,462
115900141,2,71,-69
115900142,10,46,-36
115900143,299,208,91
115900144,173,109,64
115900146,14,40,-26
115900147,152,238,-86
115900148,115,1,114
115900149,199,12,187
115900150,123,12,111
115900151,38,68,-30
115900152,226,121,105
115900153,211,66,145
115900154,329,384,-55
115900155,1,6,-5
115900156,814,747,67
115900157,315,445,-130
115900158,5,6,-1
115900159,144,144,0
115900160,4,7,-3
115900161,29,79,-50
115900163,264,76,188
115900164,703,7,696
115900166,111,111,0
115900168,209,40,169
115900171,78,291,-213
115900172,46,117,-71
115900173,187,56,131
115900174,177,429,-252
115900175,168,87,81
115900178,2,154,-152
115900179,376,2,374
115900180,85,64,21
115900181,192,38,154
115900182,568,54,514
115900183,8,88,-80
115900184,396,5,391
115900187,6,251,-245
115900189,0,161,-161
115900190,76,1194,-1118
115900191,19,103,-84
115900192,16,91,-75
115900193,141,48,93
115900194,987,35,952
115900195,302,2460,-2158
115900198,208,169,39
115900199,244,70,174
115900200,204,76,128
115900201,208,308,-100
115900202,0,39,-39
115900203,18,25,-7
115900204,0,3,-3
115900205,28,15,13
115900206,262,44,218
115900207,60,5,55
115900208,84,35,49
115900209,10,90,-80
115900210,2,68,-66
115900211,0,51,-51
115900212,160,73,87
115900213,89,93,-4
115900214,645,108,537
115900215,21,199,-178
115900216,4,42,-38
115900217,1,3,-2
115900218,1,12,-11
115900219,198,0,198
115900220,284,10,274
115900221,106,8,98
115900222,102,41,61
115900223,2,565,-563
115900224,442,1812,-1370
115900225,36,17,19
115900226,15,43,-28
115900227,3,93,-90
115900228,13,22,-9
115900229,1,30,-29
115900230,18,60,-42
115900231,144,0,144
115900232,71,1,70
115900233,160,1,159
115900234,61,30,31
115900235,37,36,1
115900236,13,36,-23
115900237,15,25,-10
115900238,20,20,0
115900239,12,12,0
115900240,6,5,1
115900241,226,41,185
115900242,292,417,-125
115900243,29,1,28
115900244,3,8,-5
115900245,108,4,104
115900246,5,6,-1
115900247,16,6,10
115900248,15,6,9
115900249,29,6,23
115900250,15,17,-2
115900251,9,1,8
115900252,6,0,6
115900253,17,11,6
115900254,9,36,-27
115900255,16,37,-21
115900256,6,40,-34
115900257,1,3,-2
115900258,0,0,0
115900259,0,2,-2
115900260,5,0,5
115900261,4,2,2
115900262,0,0,0
115900263,3,0,3
115900264,7,0,7
115900265,8,18,-10
115900266,2,16,-14
115900267,4,11,-7
115900268,0,5,-5
115900269,491,70,421
115900270,275,67,208
115900271,147,1,146
115900272,57,5,52
115900273,10,37,-27
115900274,0,4,-4
115900275,0,5,-5
115900276,0,15,-15
115900277,0,53,-53
115900278,62,67,-5
115900279,20,206,-186
115900280,22,755,-733
115900281,92,356,-264
115900282,28,40,-12
115900283,13,6,7
115900284,12,12,0
116000001,5833,1726,4107
116000002,4774,15854,-11080
116000003,1043,1431,-388
116000004,3664,5763,-2099
116000005,761,3023,-2262
116000006,2881,4435,-1554
116000007,1220,1597,-377
116000008,5114,2724,2390
116000009,771,1062,-291
116000010,3267,1751,1516
116000011,507,826,-319
116000012,2070,1068,1002
116000013,3540,4434,-894
116000014,9370,22470,-13100
116000015,99,1689,-1590
116000016,3831,4706,-875
116000017,23,601,-578
116000018,364,252,112
116000019,1206,242,964
116000020,654,949,-295
116000021,799,287,512
116000022,440,229,211
116000023,1987,1052,935
116000024,532,755,-223
116000025,946,767,179
116000026,1257,3539,-2282
116000027,346,665,-319
116000028,380,952,-572
116000029,300,379,-79
116000030,458,526,-68
116000031,63,142,-79
116000032,254,106,148
116000033,540,410,130
116000034,704,686,18
116000035,369,290,79
116000036,406,3790,-3384
116000037,229,485,-256
116000038,145,1389,-1244
116000039,253,1553,-1300
116000040,467,1391,-924
116000041,71,1050,-979
116000042,866,820,46
116000043,125,449,-324
116000044,6,29,-23
116000045,1463,1132,331
116000046,767,1777,-1010
116000047,1474,2471,-997
116000048,2204,1143,1061
116000049,1419,2683,-1264
116000050,1252,970,282
116000051,3786,2874,912
116000052,3795,3588,207
116000053,2192,568,1624
116000054,1077,2291,-1214
116000055,832,854,-22
116000056,1428,605,823
116000057,2497,1283,1214
116000058,4361,2777,1584
116000059,2351,3325,-974
116000060,2452,1152,1300
116000061,564,1322,-758
116000062,422,268,154
116000063,625,2013,-1388
116000066,299,627,-328
116000067,288,293,-5
116000068,360,295,65
116000069,306,113,193
116000078,587,949,-362
116000080,1714,540,1174
116000082,30,21,9
116000083,2109,304,1805
116000084,943,1622,-679
116000085,1984,1649,335
116000086,642,583,59
116000087,3155,1716,1439
116000088,791,506,285
116000089,183,61,122
116000090,131,84,47
116000091,211,560,-349
116000093,546,287,259
116000094,729,199,530
116000095,843,326,517
116000096,1270,1320,-50
116000097,1001,472,529
116000098,54,7932,-7878
116000099,3468,219,3249
116000100,278,12,266
116000101,940,255,685
116000102,343,541,-198
116000103,402,280,122
116000104,160,555,-395
116000105,1406,98,1308
116000106,457,412,45
116000107,2322,136,2186
116000108,34,112,-78
116000111,160,23,137
116000113,155,75,80
116000114,38,94,-56
116000115,265,67,198
116000116,206,156,50
116000117,1471,1263,208
116000118,1889,706,1183
116000119,3762,1331,2431
116000120,2406,1911,495
116000121,951,540,411
116000122,620,559,61
116000123,1225,430,795
116000124,309,262,47
116000125,3137,552,2585
116000126,230,453,-223
116000127,654,461,193
116000128,2063,629,1434
116000129,1447,166,1281
116000130,971,501,470
116000133,1603,582,1021
116000134,1329,679,650
116000135,2776,1095,1681
116000136,700,1068,-368
116000137,1252,585,667
116000138,1440,959,481
116000139,1805,3792,-1987
116000140,185,240,-55
116000141,461,347,114
116000142,2917,1794,1123
116000143,2345,1316,1029
116000144,1780,1439,341
116000145,2659,632,2027
116000146,1078,85,993
116000147,306,351,-45
116000148,907,1446,-539
116000149,767,595,172
116000151,531,579,-48
116000153,70,293,-223
116000155,166,335,-169
116000156,535,426,109
116000157,83,5,78
116000158,368,135,233
116000159,13,26,-13
116000160,27,20,7
116000161,6,50,-44
116000162,127,181,-54
116000163,78,11,67
116000164,20,32,-12
116000177,80,114,-34
116000194,72,246,-174
116000195,1113,423,690
116000196,0,0,0
116000197,0,4,-4
116000198,1778,751,1027
116000200,538,706,-168
116000201,411,411,0
116000202,6,106,-100
116000203,0,30,-30
116000204,2,23,-21
116000205,0,43,-43
116000206,3,53,-50
116000207,5,41,-36
116000233,149,332,-183
116000287,179,154,25
116000288,359,132,227
116000292,223,113,110
116000296,20,94,-74
116000297,132,29,103
116000304,195,13,182
116000305,28,108,-80
116000346,0,0,0
116000352,0,0,0
116000354,0,0,0
116000357,0,0,0
116000358,344,71,273
116000361,92,1,91
116000372,3326,8318,-4992
116000381,83,1,82
116000388,1,19,-18
116000389,693,225,468
116000445,646,128,518
116000446,742,230,512
116000447,36,459,-423
116000448,463,84,379
116000563,578,647,-69
116000565,28,251,-223
116000568,24,534,-510
116000579,5,44,-39
116000583,15,3,12
116000584,22,3,19
116000585,36,18,18
116000586,26,38,-12
116000587,312,249,63
116000589,20,38,-18
116000590,107,46,61
116000591,291,101,190
116000592,20,22,-2
116000593,0,12,-12
116000594,1000,119,881
116000595,710,36,674
116000596,177,7,170
116000597,561,239,322
116000598,14,79,-65
116000605,69,67,2
116000606,32,321,-289
116000607,6,229,-223
116000609,59,995,-936
116000611,156,128,28
116000612,1777,1931,-154
116000613,834,291,543
116000614,385,155,230
116000615,1,673,-672
116000616,127,48,79
116000617,95,10,85
116000618,9,25,-16
116000619,47,67,-20
116000620,239,90,149
116000621,202,67,135
116000622,124,64,60
116000624,137,47,90
116000627,125,19,106
116000628,62,161,-99
116000629,41,142,-101
116000630,973,10,963
116000631,511,19,492
116000632,1189,21,1168
116000633,283,94,189
116000634,478,44,434
116000635,2000,3754,-1754
116000636,416,2081,-1665
116000637,779,26,753
116000638,148,133,15
116000640,42,46,-4
116000641,7,27,-20
116000644,63,103,-40
116900001,487,92,395
116900002,306,1,305
116900003,48,16,32
116900004,21,89,-68
116900005,258,22,236
116900006,79,89,-10
116900007,141,247,-106
116900008,617,82,535
116900009,15,9,6
116900010,2,402,-400
116900011,11,5,6
116900012,255,291,-36
116900013,1,33,-32
116900014,232,34,198
116900015,723,24,699
116900016,246,1,245
116900017,1,336,-335
116900018,69,49,20
116900019,2,76,-74
116900020,236,1647,-1411
116900023,29,2,27
116900024,854,21,833
116900025,1256,331,925
116900026,30,272,-242
116900027,28,53,-25
116900028,4,33,-29
116900029,0,116,-116
116900031,0,0,0
116900032,4,90,-86
116900033,45,2,43
116900034,2,26,-24
116900035,98,90,8
116900036,3,152,-149
116900038,5,0,5
116900041,46,10,36
116900042,169,172,-3
116900043,15,24,-9
116900047,17,154,-137
116900049,6,125,-119
116900050,55,203,-148
116900051,188,25,163
116900052,181,43,138
116900055,0,16,-16
116900057,8,46,-38
116900058,14,193,-179
116900059,2,43,-41
116900060,110,294,-184
116900062,0,10,-10
116900064,92,163,-71
116900065,29,85,-56
116900067,134,47,87
116900068,152,91,61
116900070,3,0,3
116900072,59,127,-68
116900073,8,53,-45
116900074,3,31,-28
116900076,12,45,-33
116900077,55,56,-1
116900078,110,41,69
116900079,28,90,-62
116900080,8,17,-9
116900081,106,483,-377
116900082,157,696,-539
116900083,5,9,-4
116900084,41,70,-29
116900085,42,89,-47
116900086,49,111,-62
116900088,262,22,240
116900090,37,14,23
116900091,284,69,215
116900092,62,335,-273
116900093,3362,1332,2030
116900094,3061,5886,-2825
116900095,203,716,-513
116900096,47,338,-291
116900097,1073,3529,-2456
116900098,660,496,164
116900099,153,977,-824
116900100,1004,82,922
116900101,174,611,-437
116900103,7,0,7
116900104,26,226,-200
116900105,290,169,121
116900106,2702,86,2616
116900107,1278,2781,-1503
116900110,22,2,20
116900111,888,191,697
116900112,218,434,-216
116900113,762,2875,-2113
116900116,45,1183,-1138
116900117,193,46,147
116900118,1397,939,458
116900120,480,47,433
116900121,170,7,163
116900122,1008,169,839
116900123,318,216,102
116900124,160,335,-175
116900125,459,34,425
116900126,58,473,-415
116900128,0,57,-57
116900129,0,140,-140
116900130,1374,4036,-2662
116900131,49,252,-203
116900132,115,56,59
116900133,189,97,92
116900134,239,169,70
116900136,150,97,53
116900137,209,109,100
116900138,131,63,68
116900139,50,207,-157
116900140,96,49,47
116900141,376,149,227
116900142,6,28,-22
116900143,225,107,118
116900144,50,32,18
116900145,42,100,-58
116900147,166,2281,-2115
116900148,17,39,-22
116900149,51,205,-154
116900150,13,16,-3
116900151,67,63,4
116900153,103,63,40
116900154,121,429,-308
116900155,34,76,-42
116900157,701,40,661
116900158,68,297,-229
116900159,43,627,-584
116900160,832,1148,-316
116900161,2876,8799,-5923
116900162,8,50,-42
116900163,239,28,211
116900164,67,45,22
116900165,531,408,123
116900166,47,23,24
116900167,400,29,371
116900168,403,51,352
116900169,191,2214,-2023
116900170,552,505,47
116900171,53,42,11
116900172,68,423,-355
116900173,196,12,184
116900174,88,129,-41
116900175,303,610,-307
116900178,53,50,3
116900179,79,476,-397
116900180,68,12,56
116900182,1323,259,1064
116900183,218,45,173
116900185,63,73,-10
116900186,84,52,32
116900187,44,65,-21
116900188,86,27,59
116900189,73,2,71
116900191,234,314,-80
116900192,326,91,235
116900194,85,1712,-1627
116900195,42,38,4
116900196,11,25,-14
116900197,123,7,116
116900198,46,325,-279
116900200,144,6,138
116900201,159,3,156
116900202,50,12,38
116900203,136,25,111
116900204,30,182,-152
116900206,32,2,30
116900207,12,9,3
116900208,8,57,-49
116900209,17,20,-3
116900210,612,276,336
116900211,205,3,202
116900212,76,22,54
116900213,277,92,185
116900214,335,223,112
116900215,37,53,-16
116900216,295,174,121
116900218,2,249,-247
116900219,540,179,361
116900220,136,193,-57
116900221,179,222,-43
116900222,355,255,100
116900223,81,185,-104
116900226,118,21,97
116900227,189,20,169
116900228,295,127,168
116900230,44,73,-29
116900231,82,92,-10
116900232,26,147,-121
116900233,233,86,147
116900234,7,2,5
116900235,121,186,-65
116900238,649,130,519
116900239,3,725,-722
116900240,3062,2793,269
116900241,95,23,72
116900242,382,922,-540
116900243,1,8,-7
116900245,29,26,3
116900246,129,25,104
116900247,885,50,835
116900248,81,14,67
116900249,507,32,475
116900250,388,27,361
116900251,257,887,-630
116900252,170,388,-218
116900253,124,13,111
116900254,27,71,-44
116900255,133,93,40
116900256,609,108,501
116900257,18,97,-79
116900258,2,51,-49
116900259,301,8,293
116900260,2,40,-38
116900261,108,3,105
116900262,185,39,146
116900263,0,13,-13
116900264,67,154,-87
116900265,90,0,90
116900266,31,7,24
116900267,11,1,10
116900268,61,52,9
116900269,328,1363,-1035
116900271,537,387,150
116900272,637,263,374
116900273,43,626,-583
116900274,154,11,143
116900275,219,49,170
116900276,269,365,-96
116900277,143,12,131
116900278,2,6,-4
116900279,2,13,-11
116900280,17,22,-5
116900281,2421,5569,-3148
116900282,0,15,-15
116900283,4,32,-28
116900284,3,62,-59
116900285,138,290,-152
116900286,68,11,57
116900287,3,13,-10
116900288,107,55,52
116900289,25,3,22
116900290,22,0,22
116900291,20,9,11
116900292,0,45,-45
116900293,82,3,79
116900294,6,74,-68
116900295,184,562,-378
116900296,37,405,-368
116900297,3,82,-79
116900298,90,307,-217
116900299,21,429,-408
116900300,1,176,-175
116900301,36,1052,-1016
116900302,7,143,-136
116900303,115,225,-110
116900304,0,306,-306
116900305,16,35,-19
116900306,287,42,245
116900307,86,0,86
116900308,0,23,-23
116900309,168,32,136
117000001,3055,3029,26
117000002,1833,3350,-1517
117000003,6141,3612,2529
117000004,2015,4572,-2557
117000005,4205,2256,1949
117000006,1062,1787,-725
117000007,6619,1151,5468
117000008,885,2278,-1393
117000009,4441,1622,2819
117000010,1508,2362,-854
117000011,3023,1334,1689
117000012,1575,751,824
117000013,2417,933,1484
117000014,1206,2092,-886
117000015,2998,1561,1437
117000016,378,551,-173
117000017,100,1570,-1470
117000018,109,1201,-1092
117000019,68,188,-120
117000020,763,2465,-1702
117000021,2414,966,1448
117000022,241,736,-495
117000023,62,1507,-1445
117000024,103,1414,-1311
117000025,147,4481,-4334
117000026,1675,4643,-2968
117000027,1223,4344,-3121
117000028,1083,3463,-2380
117000030,269,270,-1
117000031,422,399,23
117000032,1320,1572,-252
117000033,1771,849,922
117000034,285,179,106
117000035,377,431,-54
117000036,412,209,203
117000037,276,183,93
117000038,303,463,-160
117000039,325,347,-22
117000040,165,541,-376
117000041,1297,113,1184
117000044,4,724,-720
117000045,1145,154,991
117000046,493,781,-288
117000047,1261,781,480
117000048,1373,698,675
117000049,25,399,-374
117000050,237,1157,-920
117000051,3166,54,3112
117000052,34,141,-107
117000053,834,46,788
117000054,1752,3,1749
117000055,3,1027,-1024
117000056,729,22,707
117000057,310,1223,-913
117000060,358,929,-571
117000061,2700,1251,1449
117000062,148,744,-596
117000063,1931,825,1106
117000064,646,539,107
117000066,478,630,-152
117000067,150,698,-548
117000074,16,159,-143
117000076,45,45,0
117000077,199,117,82
117000078,126,391,-265
117000079,359,248,111
117000080,1,511,-510
117000081,862,132,730
117000082,15,59,-44
117000083,131,14,117
117000084,124,1,123
117000085,391,734,-343
117000086,647,210,437
117000087,99,481,-382
117000088,301,126,175
117000089,2324,150,2174
117000090,263,655,-392
117000091,1282,165,1117
117000092,455,553,-98
117000093,1949,520,1429
117000094,913,1106,-193
117000095,3418,485,2933
117000096,629,1106,-477
117000097,2291,698,1593
117000098,1346,1795,-449
117000099,4679,857,3822
117000100,215,259,-44
117000101,83,477,-394
117000102,2335,563,1772
117000103,364,651,-287
117000104,1887,550,1337
117000105,362,698,-336
117000106,1889,424,1465
117000107,517,839,-322
117000108,2935,847,2088
117000109,824,1064,-240
117000110,2171,1713,458
117000111,4363,3592,771
117000112,3617,1222,2395
117000113,95,70,25
117000114,306,93,213
117000115,78,29,49
117000116,167,114,53
117000117,1785,958,827
117000118,414,216,198
117000119,173,968,-795
117000120,108,2298,-2190
117000121,36,1226,-1190
117000122,1216,1751,-535
117000123,2683,63,2620
117000124,148,208,-60
117000125,72,1087,-1015
117000126,32,18,14
117000127,96,441,-345
117000128,78,1280,-1202
117000129,318,2155,-1837
117000130,214,10,204
117000131,0,88,-88
117000132,3817,15,3802
117000133,2822,27,2795
117000134,1,242,-241
117000135,6,326,-320
117000136,1,116,-115
117000137,281,151,130
117000138,3,1067,-1064
117000140,276,677,-401
117000141,2496,434,2062
117000181,285,259,26
117000182,2672,905,1767
117000195,95,324,-229
117000196,321,145,176
117000225,39,338,-299
117000226,2,466,-464
117000276,372,17,355
117000277,0,105,-105
117000310,1185,2071,-886
117000315,203,759,-556
117000320,104,0,104
117000906,485,11,474
117000907,17,149,-132
117000909,72,87,-15
117000910,245,116,129
117000911,72,91,-19
117000915,1,145,-144
117000916,75,9,66
117000917,1876,30,1846
117000918,265,51,214
117000919,6,22,-16
117000920,0,581,-581
117000921,0,281,-281
117000922,13,53,-40
117000924,967,815,152
117000926,676,646,30
117000927,223,861,-638
117000928,0,120,-120
117000929,418,125,293
117000930,674,14,660
117000931,98,150,-52
117900002,54,1050,-996
117900003,120,190,-70
117900005,2,312,-310
117900006,0,3,-3
117900007,173,66,107
117900008,0,3,-3
117900010,586,105,481
117900011,22,944,-922
117900012,88,42,46
117900013,0,123,-123
117900014,905,201,704
117900015,16,96,-80
117900016,698,668,30
117900017,1019,514,505
117900018,376,1420,-1044
117900019,981,171,810
117900020,29,344,-315
117900021,50,127,-77
117900022,11,2,9
117900023,3928,121,3807
117900024,80,63,17
117900025,22,8,14
117900026,505,131,374
117900028,104,7,97
117900029,468,496,-28
117900030,518,238,280
117900031,262,676,-414
117900032,792,476,316
117900033,675,392,283
117900034,43,29,14
117900035,252,76,176
117900036,514,129,385
117900037,165,28,137
117900038,16,60,-44
117900039,0,18,-18
117900040,104,104,0
117900041,3,25,-22
117900042,2020,255,1765
117900043,3,14,-11
117900044,7,5269,-5262
117900045,323,112,211
117900048,354,78,276
117900049,546,293,253
117900050,15,1197,-1182
117900051,19,2,17
117900052,87,500,-413
117900053,1613,149,1464
117900054,1,22,-21
117900055,2837,469,2368
117900056,35,169,-134
117900057,860,719,141
117900058,19,140,-121
117900059,107,102,5
117900060,2482,1529,953
117900061,18,535,-517
117900063,612,134,478
117900065,239,593,-354
117900066,6,78,-72
117900067,1195,156,1039
117900069,1203,174,1029
117900070,74,260,-186
117900071,272,106,166
117900073,934,167,767
117900074,31,665,-634
117900075,57,45,12
117900076,78,117,-39
117900077,589,57,532
117900078,420,631,-211
117900080,295,30,265
117900081,213,212,1
117900082,610,345,265
117900083,764,293,471
117900086,349,33,316
117900087,155,18,137
117900088,871,881,-10
117900089,2284,540,1744
117900090,665,310,355
117900091,111,33,78
117900092,134,28,106
117900093,83,20,63
117900094,55,24,31
117900095,540,1119,-579
117900096,172,408,-236
117900097,204,14,190
117900098,97,11,86
117900099,286,638,-352
117900100,496,5,491
117900101,871,2205,-1334
117900102,72,10,62
117900103,51,8,43
117900104,9,359,-350
117900105,83,107,-24
117900106,90,38,52
117900107,20,1,19
117900109,1001,263,738
117900110,160,1,159
117900111,605,33,572
117900112,52,3,49
117900113,915,1885,-970
117900114,42,0,42
117900115,103,374,-271
117900116,564,400,164
117900117,920,147,773
117900118,93,0,93
117900119,189,27,162
117900120,754,28,726
117900121,112,8,104
117900122,805,4673,-3868
117900123,1235,226,1009
117900124,297,309,-12
117900125,1291,1408,-117
117900126,108,292,-184
117900127,457,180,277
117900128,326,197,129
117900129,132,1,131
117900130,448,308,140
117900131,8,61,-53
117900132,9,68,-59
117900133,36,45,-9
117900134,21,53,-32
117900135,10,24,-14
117900136,0,10,-10
117900137,47,100,-53
117900138,0,4,-4
117900139,105,83,22
117900140,4946,572,4374
117900141,97,334,-237
117900142,14,499,-485
117900144,47,1768,-1721
117900145,14,249,-235
117900146,248,307,-59
117900147,121,66,55
117900148,2575,3142,-567
117900149,98,100,-2
117900150,118,88,30
117900151,35,211,-176
117900152,118,98,20
117900153,33,151,-118
117900154,630,430,200
117900156,443,510,-67
117900157,88,516,-428
117900158,303,62,241
117900160,719,634,85
117900161,842,929,-87
117900162,985,526,459
117900163,15,847,-832
117900165,0,8,-8
117900166,37,456,-419
117900168,45,52,-7
117900169,0,18,-18
117900170,0,4,-4
117900171,0,3,-3
117900172,5,5,0
117900173,33,55,-22
117900174,11,24,-13
117900175,2,16,-14
117900176,11,10,1
117900177,14,17,-3
117900178,54,18,36
117900180,127,46,81
117900181,29,284,-255
117900182,2,25,-23
117900183,80,136,-56
117900184,20,40,-20
117900185,60,11,49
117900186,21,6,15
117900187,15,8,7
117900188,129,40,89
117900189,56,16,40
117900190,10,4,6
117900191,93,0,93
117900192,166,1,165
117900193,5,32,-27
117900194,11,1,10
117900195,7,48,-41
117900196,19,14,5
117900207,81,88,-7
117900208,19,17,2
117900209,145,67,78
117900210,79,96,-17
117900211,5,60,-55
117900212,138,161,-23
117900213,56,5,51
117900214,7,8,-1
117900215,27,45,-18
117900216,21,75,-54
117900217,53,321,-268
117900218,124,128,-4
117900219,0,223,-223
117900220,32,577,-545
117900222,194,78,116
117900223,96,274,-178
118000001,685,2314,-1629
118000002,301,1226,-925
118000003,2533,5495,-2962
118000004,1204,5694,-4490
118000005,4096,3683,413
118000006,4140,4989,-849
118000007,4316,9439,-5123
118000008,967,4512,-3545
118000009,1256,2768,-1512
118000010,3752,3119,633
118000011,1803,836,967
118000012,1041,1107,-66
118000013,2093,1688,405
118000014,1798,1166,632
118000016,360,203,157
118000017,931,352,579
118000018,407,193,214
118000019,1194,2153,-959
118000020,572,2749,-2177
118000021,507,3646,-3139
118000022,946,745,201
118000023,343,355,-12
118000024,491,1043,-552
118000027,8639,7762,877
118000029,417,735,-318
118000032,202,2205,-2003
118000033,1986,5176,-3190
118000034,3118,3680,-562
118000035,1846,2630,-784
118000036,837,1150,-313
118000037,719,1559,-840
118000038,864,106,758
118000039,102,61,41
118000040,1574,1633,-59
118000041,3446,1336,2110
118000045,188,157,31
118000046,907,2054,-1147
118000047,477,4278,-3801
118000048,1165,5083,-3918
118000051,555,3844,-3289
118000052,238,1585,-1347
118000053,276,563,-287
118000054,2085,516,1569
118000055,2287,1205,1082
118000056,116,422,-306
118000057,162,296,-134
118000058,1312,3659,-2347
118000059,1222,2372,-1150
118000060,1031,479,552
118000061,1064,1189,-125
118000062,390,276,114
118000063,286,784,-498
118000064,516,1267,-751
118000065,1447,1646,-199
118000066,1440,4353,-2913
118000067,416,571,-155
118000068,736,9323,-8587
118000069,974,1283,-309
118000070,5119,2244,2875
118000071,3440,10501,-7061
118000072,598,3611,-3013
118000073,403,1804,-1401
118000074,449,696,-247
118000075,363,359,4
118000076,1921,6728,-4807
118000077,1092,2551,-1459
118000078,1737,3201,-1464
118000079,196,466,-270
118000080,545,1581,-1036
118000081,1359,2599,-1240
118000082,365,1247,-882
118000083,1236,1826,-590
118000084,1821,2187,-366
118000086,148,498,-350
118000087,3850,2441,1409
118000088,1041,1956,-915
118000089,3541,3142,399
118000090,789,3460,-2671
118000091,969,4404,-3435
118000092,699,713,-14
118000093,75,728,-653
118000096,486,794,-308
118000097,465,768,-303
118000098,255,430,-175
118000099,967,387,580
118000101,2006,402,1604
118000102,462,492,-30
118000107,2459,754,1705
118000108,566,3854,-3288
118000110,2,37,-35
118000111,0,119,-119
118000112,975,3,972
118000113,12,192,-180
118000114,603,2,601
118000115,6,12,-6
118000116,11,0,11
118000117,653,842,-189
118000118,1008,2245,-1237
118000119,906,2258,-1352
118000120,1243,1253,-10
118000121,34,714,-680
118000122,563,321,242
118000123,54,327,-273
118000125,855,1684,-829
118000126,473,2018,-1545
118000127,1107,1157,-50
118000128,233,1991,-1758
118000129,1564,696,868
118000130,2227,2936,-709
118000131,227,663,-436
118000132,3296,2595,701
118000133,1419,785,634
118000135,490,1041,-551
118000136,215,837,-622
118000137,398,86,312
118000138,342,445,-103
118000139,433,105,328
118000140,3719,7670,-3951
118000141,3040,1505,1535
118000142,2926,1406,1520
118000143,3395,1192,2203
118000144,796,416,380
118000145,1248,977,271
118000146,1384,314,1070
118000147,1108,825,283
118000148,696,1044,-348
118000149,923,414,509
118000150,623,244,379
118000151,889,288,601
118000153,1929,774,1155
118000154,1427,1154,273
118000155,2880,1009,1871
118000156,1633,2905,-1272
118000157,687,214,473
118000158,261,483,-222
118000159,32,60,-28
118000160,877,269,608
118000161,607,208,399
118000162,1192,831,361
118000163,1044,893,151
118000164,1712,1292,420
118000168,391,726,-335
118000169,983,695,288
118000170,2451,1983,468
118000171,516,327,189
118000172,135,108,27
118000173,872,835,37
118000175,201,281,-80
118000176,391,448,-57
118000177,364,674,-310
118000178,36,36,0
118000179,704,906,-202
118000180,705,412,293
118000181,630,193,437
118000182,241,174,67
118000183,283,225,58
118000184,1093,411,682
118000185,488,1862,-1374
118000186,442,964,-522
118000187,2198,290,1908
118000188,909,50,859
118000189,826,252,574
118000190,7,10,-3
118000191,7,12,-5
118000192,26,140,-114
118000193,12,212,-200
118000194,1563,789,774
118000195,191,6038,-5847
118000196,91,791,-700
118000197,57,204,-147
118000198,391,1478,-1087
118000199,265,1247,-982
118000200,61,730,-669
118000201,145,761,-616
118000202,25,333,-308
118000203,313,1180,-867
118000204,29,532,-503
118000205,39,260,-221
118000206,184,274,-90
118000207,0,31,-31
118000208,1283,1208,75
118000209,2612,796,1816
118000210,162,41,121
118000211,105,43,62
118000213,273,4381,-4108
118000214,251,674,-423
118000215,537,78,459
118000216,6133,1295,4838
118000217,19,67,-48
118000218,51,26,25
118000219,199,192,7
118000220,14,42,-28
118000221,516,351,165
118000222,73,27,46
118000223,108,45,63
118000224,132,39,93
118000225,150,1669,-1519
118000226,963,160,803
118000227,843,415,428
118000228,28,413,-385
118000229,36,660,-624
118000230,133,150,-17
118000231,47,273,-226
118000232,906,271,635
118000233,1253,477,776
118000234,542,92,450
118000236,255,240,15
118000237,134,173,-39
118000238,187,92,95
118000239,377,227,150
118000240,149,75,74
118000241,170,83,87
118000242,428,148,280
118000243,262,130,132
118000244,100,34,66
118000246,0,40,-40
118000255,67,193,-126
118000256,190,175,15
118000259,9,55,-46
118000260,208,48,160
118000261,51,3,48
118000263,67,156,-89
118000266,159,159,0
118000267,0,311,-311
118000268,172,4,168
118000270,110,6,104
118000271,293,155,138
118000272,49,14,35
118000273,372,28,344
118000274,81,222,-141
118000276,541,133,408
118000295,30,67,-37
118000298,73,119,-46
118000299,74,61,13
118000301,0,144,-144
118000302,119,16,103
118000311,957,35,922
118000312,385,89,296
118000313,44,59,-15
118000314,116,14,102
118000315,46,24,22
118000316,913,304,609
118000325,76,9,67
118000326,51,22,29
118000331,23,9,14
118000332,20,15,5
118000333,16,31,-15
118000335,551,0,551
118000336,0,144,-144
118000407,225,29,196
118000457,5,143,-138
118000465,622,2412,-1790
118000480,24,24,0
118000489,12,549,-537
118000490,5,187,-182
118000492,442,193,249
118000510,16,32,-16
118000514,64,620,-556
118000515,411,874,-463
118000517,260,159,101
118000524,118,432,-314
118000525,433,590,-157
118000530,7,180,-173
118000531,435,154,281
118000532,280,161,119
118000533,260,80,180
118000534,569,283,286
118000535,352,120,232
118000536,51,465,-414
118000537,30,81,-51
118000538,10,74,-64
118000539,2,76,-74
118000540,156,219,-63
118000541,50,72,-22
118000542,52,263,-211
118000543,122,315,-193
118000546,37,27,10
118000553,0,0,0
118000557,0,0,0
118000560,856,2132,-1276
118000562,42,101,-59
118000563,1172,702,470
118000576,220,66,154
118000577,127,162,-35
118000578,185,43,142
118000579,618,1658,-1040
118000583,0,0,0
118000595,207,74,133
118000596,0,538,-538
118000597,109,90,19
118000598,1,2,-1
118000599,185,31,154
118000600,0,2,-2
118000601,4,0,4
118000602,0,1,-1
118000603,0,5,-5
118000605,54,63,-9
118900001,362,983,-621
118900002,525,801,-276
118900003,455,9,446
118900004,28,8,20
118900005,91,21,70
118900006,214,7,207
118900007,2,0,2
118900008,789,28,761
118900009,61,76,-15
118900010,72,5,67
118900011,159,13,146
118900012,244,201,43
118900013,718,296,422
118900015,216,34,182
118900016,11,7,4
118900017,35,248,-213
118900018,1117,26,1091
118900019,6,30,-24
118900020,46,247,-201
118900021,115,403,-288
118900022,88,48,40
118900023,55,123,-68
118900024,109,120,-11
118900025,38,30,8
118900026,72,14,58
118900027,392,174,218
118900028,210,92,118
118900029,214,327,-113
118900030,587,52,535
118900031,90,29,61
118900032,327,90,237
118900033,279,595,-316
118900034,174,11,163
118900035,115,53,62
118900036,1039,341,698
118900037,287,581,-294
118900038,496,66,430
118900039,712,95,617
118900040,210,99,111
118900041,623,299,324
118900042,74,51,23
118900045,147,168,-21
118900046,389,345,44
118900047,300,296,4
118900048,162,704,-542
118900049,109,40,69
118900050,43,11,32
118900051,54,132,-78
118900052,218,532,-314
118900053,13,105,-92
118900054,144,23,121
118900055,95,7,88
118900056,25,299,-274
118900057,810,486,324
118900058,420,517,-97
118900059,10,154,-144
118900060,31,59,-28
118900062,241,86,155
118900064,145,559,-414
118900065,42,111,-69
118900066,76,44,32
118900067,2957,3903,-946
118900068,28,299,-271
118900069,610,192,418
118900071,4,19,-15
118900072,729,407,322
118900073,233,78,155
118900074,280,42,238
118900075,118,18,100
118900076,185,168,17
118900077,334,115,219
118900078,9,0,9
118900079,44,113,-69
118900080,42,44,-2
118900081,46,72,-26
118900082,1687,194,1493
118900083,5,0,5
118900084,11,21,-10
118900085,436,419,17
118900086,43,83,-40
118900087,116,417,-301
118900088,0,2,-2
118900089,28,18,10
118900090,407,116,291
118900091,79,246,-167
118900092,226,33,193
118900093,109,15,94
118900096,40,198,-158
118900097,219,493,-274
118900099,50,85,-35
118900100,45,214,-169
118900101,122,159,-37
118900102,32,87,-55
118900103,16,113,-97
118900104,217,49,168
118900105,176,46,130
118900107,51,15,36
118900108,63,45,18
118900110,1151,931,220
118900111,803,269,534
118900112,135,195,-60
118900113,54,244,-190
118900114,32,208,-176
118900115,60,269,-209
118900116,60,116,-56
118900117,160,72,88
118900118,318,169,149
118900119,207,88,119
118900120,111,203,-92
118900121,19,45,-26
118900122,9,895,-886
118900123,131,217,-86
118900124,67,161,-94
118900126,19,362,-343
118900129,325,218,107
118900130,24,290,-266
118900131,397,119,278
118900132,223,151,72
118900133,6,195,-189
118900135,225,93,132
118900136,212,204,8
118900137,23,87,-64
118900139,244,99,145
118900140,533,314,219
118900141,145,25,120
118900144,142,212,-70
118900145,8,49,-41
118900146,363,387,-24
118900147,119,486,-367
118900148,81,30,51
118900150,98,381,-283
118900152,504,368,136
118900157,51,295,-244
118900158,123,47,76
118900159,2,42,-40
118900161,41,14,27
118900163,37,49,-12
118900164,1,24,-23
118900165,39,22,17
118900166,20,0,20
118900167,95,65,30
118900168,8,180,-172
118900169,91,46,45
118900170,193,13,180
118900171,39,29,10
118900174,102,34,68
118900175,692,348,344
118900176,255,245,10
118900177,52,5,47
118900178,62,83,-21
118900179,4,12,-8
118900181,82,45,37
118900182,10,28,-18
118900183,20,83,-63
118900184,180,69,111
118900185,123,51,72
118900186,50,98,-48
118900187,146,333,-187
118900188,172,258,-86
118900189,20,587,-567
118900190,49,163,-114
118900191,411,23,388
118900192,378,4,374
118900193,597,3,594
118900195,124,273,-149
118900196,34,115,-81
118900197,308,25,283
118900198,30,1,29
118900199,59,9,50
118900200,18,19,-1
118900201,33,25,8
118900202,17,49,-32
118900203,28,4,24
118900204,28,3,25
118900205,3,1,2
118900206,1,5,-4
119000001,1338,1930,-592
119000002,3219,2937,282
119000003,2999,646,2353
119000004,2493,1774,719
119000005,2487,2443,44
119000006,4768,1727,3041
119000007,3693,3445,248
119000008,1716,1546,170
119000009,2557,6213,-3656
119000010,3462,3899,-437
119000011,1790,2449,-659
119000012,922,2563,-1641
119000013,3390,1851,1539
119000014,1247,1673,-426
119000019,358,109,249
119000020,2693,1800,893
119000021,5775,3705,2070
119000022,834,3378,-2544
119000023,259,214,45
119000024,1750,18775,-17025
119000025,3174,859,2315
119000026,58,619,-561
119000027,197,404,-207
119000028,1423,434,989
119000029,62,230,-168
119000030,486,739,-253
119000031,886,392,494
119000032,1366,1390,-24
119000033,2145,1031,1114
119000034,1336,516,820
119000035,27,174,-147
119000036,2874,426,2448
119000037,1411,581,830
119000038,193,277,-84
119000039,640,318,322
119000040,876,782,94
119000041,673,1352,-679
119000048,2074,1425,649
119000049,2843,1317,1526
119000050,1305,1404,-99
119000051,2718,968,1750
119000052,3252,2006,1246
119000053,2037,930,1107
119000054,3632,1279,2353
119000055,5919,1888,4031
119000056,4062,1433,2629
119000057,1895,825,1070
119000058,1561,996,565
119000059,1030,969,61
119000060,1836,668,1168
119000061,1052,532,520
119000062,972,855,117
119000063,741,540,201
119000064,707,630,77
119000065,1080,2258,-1178
119000066,1973,1053,920
119000067,1754,1193,561
119000068,1883,709,1174
119000069,1723,1140,583
119000070,2945,619,2326
119000071,328,421,-93
119000072,4030,2229,1801
119000073,3208,9152,-5944
119000074,1475,1221,254
119000075,3626,1788,1838
119000076,149,912,-763
119000077,448,419,29
119000078,461,235,226
119000079,134,557,-423
119000080,953,109,844
119000081,218,284,-66
119000082,790,178,612
119000083,745,447,298
119000084,244,266,-22
119000085,455,123,332
119000086,410,680,-270
119000087,613,275,338
119000088,386,182,204
119000089,128,156,-28
119000090,93,85,8
119000091,80,242,-162
119000092,220,102,118
119000093,3560,1947,1613
119000094,4836,5243,-407
119000095,2425,3553,-1128
119000097,1538,824,714
119000098,1394,4079,-2685
119000099,2143,772,1371
119000100,4559,2653,1906
119000101,2782,1278,1504
119000102,394,1590,-1196
119000103,832,488,344
119000104,1180,639,541
119000105,845,2631,-1786
119000106,446,427,19
119000107,1158,479,679
119000108,593,350,243
119000109,114,431,-317
119000110,231,264,-33
119000111,21,791,-770
119000112,170,73,97
119000113,978,267,711
119000114,1632,982,650
119000115,109,148,-39
119000116,70,71,-1
119000117,71,291,-220
119000118,7,0,7
119000123,2259,3230,-971
119000124,1139,125,1014
119000125,5274,377,4897
119000126,1846,439,1407
119000127,1039,217,822
119000128,14,1,13
119000131,1179,236,943
119000132,2,0,2
119000133,1,11,-10
119000134,988,570,418
119000135,265,178,87
119000136,465,91,374
119000137,212,141,71
119000138,956,51,905
119000139,234,78,156
119000140,374,336,38
119000284,799,1391,-592
119000285,1360,1174,186
119000286,2964,2265,699
119000287,1055,1158,-103
119000288,1844,731,1113
119000289,931,2764,-1833
119000290,202,214,-12
119000291,51,124,-73
119000293,132,137,-5
119000294,50,29,21
119000295,1053,152,901
119000296,295,136,159
119000302,1388,1084,304
119000303,20,382,-362
119000304,0,0,0
119000310,0,0,0
119000314,1378,14022,-12644
119000315,3,100,-97
119000316,235,56,179
119000317,105,75,30
119900001,121,1831,-1710
119900002,172,184,-12
119900003,16,418,-402
119900004,124,2281,-2157
119900005,278,87,191
119900006,155,399,-244
119900007,602,191,411
119900008,15,15,0
119900009,402,233,169
119900010,484,373,111
119900011,22,227,-205
119900012,6,146,-140
119900013,1533,1229,304
119900014,364,160,204
119900015,331,30,301
119900016,64,21,43
119900017,82,30,52
119900018,845,1027,-182
119900019,47,5,42
119900020,116,167,-51
119900021,169,22,147
119900022,84,842,-758
119900023,297,3107,-2810
119900025,379,15,364
119900026,528,122,406
119900027,10,25,-15
119900028,173,158,15
119900029,6,2,4
119900030,364,227,137
119900031,44,829,-785
119900033,1030,224,806
119900034,809,20,789
119900037,207,8,199
119900038,42,422,-380
119900039,35,2,33
119900040,128,16,112
119900041,185,5,180
119900042,45,86,-41
119900043,98,38,60
119900044,188,965,-777
119900046,213,21,192
119900047,313,170,143
119900048,198,14,184
119900049,267,3,264
119900050,136,107,29
119900051,997,11,986
119900052,98,9,89
119900053,330,65,265
119900054,454,10,444
119900055,1480,370,1110
119900057,315,11,304
119900058,433,1,432
119900059,67,17,50
119900060,220,16,204
119900061,300,5,295
119900062,88,3,85
119900063,0,38,-38
119900065,211,6,205
119900066,3,1,2
119900067,90,3,87
119900068,846,6,840
119900069,153,5,148
119900070,812,4,808
119900071,633,16,617
119900073,808,259,549
119900074,20,13,7
119900075,1150,1475,-325
119900076,1160,224,936
119900077,1199,295,904
119900078,935,523,412
119900079,657,74,583
119900080,348,252,96
119900081,809,17,792
119900082,2231,235,1996
119900083,289,76,213
119900084,296,464,-168
119900085,36,21,15
119900086,497,318,179
119900087,346,703,-357
119900088,24,16,8
119900089,30,104,-74
119900090,43,13,30
119900091,47,134,-87
119900092,35,137,-102
119900093,1623,185,1438
119900094,32,88,-56
119900095,71,68,3
119900096,10,75,-65
119900097,126,181,-55
119900098,55,26,29
119900099,17,76,-59
119900100,439,2326,-1887
119900101,72,1340,-1268
119900102,53,78,-25
119900103,34,106,-72
119900104,13,71,-58
119900105,381,1808,-1427
119900106,8,69,-61
119900107,179,822,-643
119900108,2938,417,2521
119900109,17,57,-40
119900110,663,246,417
119900111,114,61,53
119900112,419,721,-302
119900113,79,177,-98
119900114,189,428,-239
119900115,447,242,205
119900116,51,284,-233
119900117,329,239,90
119900118,129,177,-48
119900119,409,92,317
119900120,419,254,165
119900121,559,309,250
119900122,67,100,-33
119900123,106,166,-60
119900124,278,271,7
119900125,32,195,-163
119900126,1701,154,1547
119900127,565,355,210
119900128,295,200,95
119900129,251,113,138
119900130,5,119,-114
119900131,40,62,-22
119900132,1,92,-91
119900133,84,44,40
119900134,395,76,319
119900135,0,106,-106
119900136,47,156,-109
119900138,104,204,-100
119900139,4,60,-56
119900140,2,66,-64
119900141,45,773,-728
119900142,5,16,-11
119900143,9,210,-201
119900144,751,140,611
119900145,89,64,25
119900146,71,103,-32
119900147,3,122,-119
119900148,326,22,304
119900149,386,5434,-5048
119900150,61,60,1
119900151,1261,709,552
119900152,133,110,23
119900153,137,28,109
119900154,29,108,-79
119900155,48,17,31
119900156,11,13,-2
119900157,168,75,93
119900158,162,40,122
119900159,17,329,-312
119900160,20,50,-30
119900161,128,126,2
119900162,1124,703,421
119900163,36,79,-43
119900164,1,0,1
119900165,159,59,100
119900166,93,29,64
119900167,9,48,-39
119900168,1276,242,1034
119900169,23,221,-198
119900170,91,251,-160
119900171,601,257,344
119900172,40,31,9
119900173,2,86,-84
119900174,13,45,-32
119900175,1666,240,1426
119900177,8,95,-87
119900178,0,78,-78
119900179,151,744,-593
119900180,1091,525,566
119900181,28,84,-56
119900182,2,97,-95
119900183,105,419,-314
119900184,604,236,368
119900185,48,274,-226
119900186,14,1440,-1426
119900187,35,171,-136
119900188,112,244,-132
119900189,111,272,-161
119900190,55,253,-198
119900191,121,369,-248
119900192,36,99,-63
119900193,351,61,290
119900194,20,47,-27
119900195,8,75,-67
119900196,226,86,140
119900197,289,218,71
119900198,120,127,-7
119900199,86,11,75
119900200,592,335,257
119900201,145,95,50
119900202,36,259,-223
119900203,115,596,-481
119900204,345,230,115
119900205,1040,215,825
119900206,321,89,232
119900208,68,129,-61
119900209,624,1645,-1021
119900210,48,7,41
119900211,53,2,51
119900212,328,207,121
119900213,14,49,-35
119900214,79,32,47
119900215,82,15,67
119900216,12,18,-6
119900217,22,11,11
119900218,8,51,-43
119900219,10,31,-21
119900220,18,23,-5
119900221,43,66,-23
119900222,20,50,-30
119900223,11,21,-10
119900224,5,6,-1
119900225,236,19,217
119900226,225,1589,-1364
119900227,235,161,74
119900228,20,81,-61
119900229,164,183,-19
119900230,642,159,483
119900231,286,59,227
119900232,144,98,46
119900233,97,3,94
119900234,6,69,-63
119900235,2,18,-16
119900236,15,162,-147
119900237,47,200,-153
119900238,0,42,-42
119900240,81,50,31
119900241,125,107,18
119900242,926,1067,-141
119900244,446,740,-294
119900245,136,153,-17
119900246,197,503,-306
119900247,11,88,-77
119900248,36,334,-298
119900249,365,58,307
119900253,880,227,653
119900254,61,1123,-1062
119900255,82,857,-775
119900256,792,194,598
119900257,110,3,107
119900258,151,7,144
119900259,5,24,-19
119900260,154,12,142
119900261,679,90,589
119900262,2,58,-56
119900263,1441,181,1260
119900264,166,24,142
119900265,357,130,227
119900266,532,120,412
119900267,190,246,-56
119900268,271,76,195
119900269,925,311,614
119900271,25,40,-15
119900272,185,265,-80
119900275,96,23,73
119900276,171,8,163
119900277,18,10,8
119900278,192,84,108
119900279,70,216,-146
119900280,345,43,302
119900281,0,331,-331
119900282,25,165,-140
119900283,14,65,-51
119900284,27,94,-67
119900285,9,76,-67
119900286,0,6,-6
119900288,1,12,-11
119900289,3,2,1
119900290,11,1,10
119900291,0,23,-23
119900292,51,76,-25
119900293,29,23,6
119900294,39,40,-1
119900295,38,15,23
119900296,60,28,32
119900297,2,13,-11
119900298,8,4,4
119900299,50,60,-10
119900300,156,129,27
119900301,26,62,-36
119900302,22,84,-62
119900303,246,118,128
119900304,207,22,185
119900305,4,62,-58
119900306,18,1,17
119900307,40,21,19
119900308,1,17,-16
119900309,20,256,-236
119900310,169,157,12
119900311,173,24,149
119900312,166,24,142
119900313,247,172,75
119900314,202,384,-182
119900315,1672,729,943
119900318,16,70,-54
119900319,0,63,-63
119900320,225,146,79
119900321,144,2,142
120000001,6463,30758,-24295
120000002,2303,2335,-32
120000003,2064,1131,933
120000004,2361,978,1383
120000005,2313,1239,1074
120000006,1503,843,660
120000007,2417,4668,-2251
120000008,915,939,-24
120000009,1436,746,690
120000010,2317,1721,596
120000011,1036,1108,-72
120000012,1517,1560,-43
120000013,3959,2261,1698
120000014,880,1120,-240
120000015,2582,1399,1183
120000016,4774,2095,2679
120000017,4675,3903,772
120000018,3275,18056,-14781
120000019,1183,1667,-484
120000020,2439,3713,-1274
120000021,1842,2462,-620
120000022,2842,3599,-757
120000023,1745,1542,203
120000024,1306,2240,-934
120000025,3057,1619,1438
120000026,3748,1920,1828
120000027,2836,2310,526
120000028,880,4671,-3791
120000029,678,1927,-1249
120000030,156,783,-627
120000031,1725,4496,-2771
120000032,4151,2581,1570
120000033,3980,1144,2836
120000034,3026,915,2111
120000035,3483,1666,1817
120000036,3660,5029,-1369
120000037,667,1761,-1094
120000038,2865,2505,360
120000039,641,734,-93
120000040,100,873,-773
120000041,425,890,-465
120000042,1725,1025,700
120000043,4582,789,3793
120000044,6655,1156,5499
120000045,9384,697,8687
120000046,6281,3451,2830
120000047,448,10213,-9765
120000048,7689,4487,3202
120000049,4445,3230,1215
120000050,3865,5083,-1218
120000051,2223,3906,-1683
120000052,6973,1508,5465
120000053,1526,1326,200
120000054,1242,2171,-929
120000055,1445,2924,-1479
120000056,4353,3071,1282
120000057,3922,1796,2126
120000058,1083,3341,-2258
120000059,6,1838,-1832
120000061,86,348,-262
120000062,142,279,-137
120000063,656,1717,-1061
120000064,204,441,-237
120000065,308,636,-328
120000066,167,340,-173
120000067,18,244,-226
120000068,250,293,-43
120000069,570,247,323
120000070,131,297,-166
120000071,804,69,735
120000072,923,369,554
120000073,962,80,882
120000074,64,81,-17
120000075,1246,274,972
120000076,2627,302,2325
120000077,2693,680,2013
120000078,2781,1163,1618
120000079,643,271,372
120000080,235,265,-30
120000081,560,143,417
120000082,583,369,214
120000083,106,949,-843
120000084,253,223,30
120000085,204,230,-26
120000086,274,246,28
120000087,184,210,-26
120000088,746,605,141
120000089,1202,357,845
120000090,958,302,656
120000091,943,594,349
120000092,1057,354,703
120000093,885,486,399
120000094,237,801,-564
120000095,843,207,636
120000096,344,316,28
120000098,1000,343,657
120000099,366,337,29
120000100,853,438,415
120000101,767,230,537
120000102,908,1062,-154
120000103,1688,1030,658
120000104,2497,371,2126
120000105,3408,430,2978
120000106,3246,449,2797
120000107,6041,393,5648
120000108,2276,78,2198
120000109,1256,50,1206
120000110,66,426,-360
120000111,79,478,-399
120000112,480,1198,-718
120000113,493,815,-322
120000114,363,1014,-651
120000115,293,1045,-752
120000116,420,1079,-659
120000117,477,819,-342
120000118,62,59,3
120000119,60,23,37
120000120,176,183,-7
120000121,35,47,-12
120000122,255,932,-677
120000123,1863,10774,-8911
120000124,526,411,115
120000125,1046,325,721
120000126,313,2186,-1873
120000127,1111,2235,-1124
120000128,2140,5343,-3203
120000129,167,223,-56
120000130,878,496,382
120000131,513,572,-59
120000134,273,218,55
120000135,945,458,487
120000137,264,244,20
120000138,1788,190,1598
120000139,289,132,157
120000140,1428,172,1256
120000141,284,153,131
120000142,1016,218,798
120000143,0,32,-32
120000144,160,8,152
120000145,756,4,752
120000146,1110,1765,-655
120000149,509,581,-72
120000150,1542,12555,-11013
120000151,445,303,142
120000152,773,100,673
120000153,456,371,85
120000154,805,565,240
120000155,256,439,-183
120000156,333,2772,-2439
120000157,1064,386,678
120000158,1053,575,478
120000159,1724,1458,266
120000160,2218,1629,589
120000161,3189,2360,829
120000162,164,346,-182
120000163,794,399,395
120000164,711,89,622
120000165,651,200,451
120000166,1351,217,1134
120000167,348,150,198
120000168,7,677,-670
120000169,63,2419,-2356
120000170,13,2313,-2300
120000171,8,789,-781
120000172,11,524,-513
120000173,257,1986,-1729
120000174,35,63,-28
120000175,44,112,-68
120000176,33,50,-17
120000177,386,107,279
120000178,4,20,-16
120000179,15,47,-32
120000180,38,41,-3
120000181,22,1133,-1111
120000182,32,976,-944
120000183,2,324,-322
120000184,193,1160,-967
120000186,16,2023,-2007
120000187,29,840,-811
120000188,24,813,-789
120000190,54,62,-8
120000191,70,137,-67
120000192,86,39,47
120000193,27,2,25
120000195,14,1,13
120000196,29,8,21
120000197,8,12,-4
120000198,347,28,319
120000199,490,0,490
120000200,315,5,310
120000201,24,58,-34
120000202,1,40,-39
120000203,137,99,38
120000207,0,15,-15
120000208,8,42,-34
120000209,6,15,-9
120000210,61,30,31
120000211,412,1,411
120000212,344,2,342
120000213,239,62,177
120000214,0,106,-106
120000215,2,55,-53
120000216,262,20,242
120000217,226,749,-523
120000218,23,445,-422
120000219,0,285,-285
120000220,6,611,-605
120000225,2683,4,2679
120000226,644,3,641
120000227,1227,82,1145
120000228,11450,4604,6846
120000230,564,18,546
120000231,1976,737,1239
120000233,555,8,547
120000235,307,278,29
120000236,1458,3,1455
120000237,2,440,-438
120000238,2,628,-626
120000241,1314,4542,-3228
120000412,239,5,234
120000413,621,101,520
120000414,368,1,367
120000415,0,26,-26
120000416,95,1,94
120000417,1,82,-81
120000418,405,20,385
120000419,1,35,-34
120000420,36,11,25
120000421,6821,3732,3089
120000422,130,2317,-2187
120000423,0,91,-91
120000424,240,72,168
120000436,75,1079,-1004
120000437,77,85,-8
120000438,1317,235,1082
120000439,333,759,-426
120000443,142,0,142
120000444,1684,255,1429
120000445,2488,1085,1403
120000446,1810,142,1668
120000447,296,1,295
120000449,346,3,343
120000450,4,52,-48
120000451,238,131,107
120000452,498,3,495
120000453,1,23,-22
120000454,34,76,-42
120000455,130,67,63
120000456,2147,4872,-2725
120000457,394,304,90
120000458,312,287,25
120000459,171,47,124
120000665,170,319,-149
120000668,136,2085,-1949
120000669,249,133,116
120000670,51,2101,-2050
120000671,2785,975,1810
120000672,85,367,-282
120900001,77,82,-5
120900002,86,712,-626
120900003,218,3,215
120900004,9,118,-109
120900005,110,299,-189
120900006,844,146,698
120900007,234,57,177
120900008,424,220,204
120900009,310,10,300
120900010,892,116,776
120900011,49,197,-148
120900012,31,1285,-1254
120900013,468,74,394
120900014,8,199,-191
120900015,882,41,841
120900016,1816,44,1772
120900017,1503,122,1381
120900018,124,114,10
120900019,554,489,65
120900020,541,910,-369
120900021,743,150,593
120900022,35,196,-161
120900023,414,15,399
120900024,1398,304,1094
120900025,1010,881,129
120900026,158,77,81
120900027,591,20,571
120900028,719,189,530
120900029,48,1012,-964
120900030,3194,730,2464
120900031,491,111,380
120900032,1585,66,1519
120900033,1569,85,1484
120900034,20,3977,-3957
120900035,15,43,-28
120900037,352,8,344
120900038,189,525,-336
120900039,170,33,137
120900040,526,2,524
120900041,22,20,2
120900042,639,11,628
120900043,142,35,107
120900044,7,488,-481
120900045,70,32,38
120900046,915,10,905
120900047,327,223,104
120900048,293,28,265
120900049,734,2,732
120900050,854,2727,-1873
120900051,354,62,292
120900052,1167,8,1159
120900053,590,24,566
120900054,590,242,348
120900055,864,9,855
120900056,1125,59,1066
120900057,444,11,433
120900058,895,0,895
120900059,166,1,165
120900060,89,8,81
120900061,159,96,63
120900062,459,8,451
120900063,1501,9,1492
120900064,925,0,925
120900065,884,1,883
120900066,640,53,587
120900067,254,74,180
120900068,430,0,430
120900069,624,18,606
120900071,29,4,25
120900072,1677,11,1666
120900073,1140,26,1114
120900074,832,40,792
120900076,491,1,490
120900077,992,302,690
120900078,840,221,619
120900079,1393,48,1345
120900080,1314,336,978
120900081,1816,275,1541
120900082,227,333,-106
120900083,108,2,106
120900084,878,547,331
120900085,55,77,-22
120900086,44,553,-509
120900087,482,325,157
120900088,181,787,-606
120900089,1091,4313,-3222
120900090,267,9,258
120900091,456,984,-528
120900092,251,214,37
120900093,825,102,723
120900094,187,87,100
120900095,161,10,151
120900096,48,108,-60
120900097,524,319,205
120900098,84,113,-29
120900099,58,67,-9
120900100,39,94,-55
120900101,147,109,38
120900102,71,51,20
120900103,84,184,-100
120900104,11,43,-32
120900105,27,183,-156
120900106,377,127,250
120900107,99,88,11
120900108,14,198,-184
120900109,27,188,-161
120900110,25,160,-135
120900111,135,164,-29
120900112,20,244,-224
120900113,23,217,-194
120900114,19,129,-110
120900115,146,247,-101
120900116,533,134,399
120900117,10,88,-78
120900118,22,197,-175
120900119,8394,1890,6504
120900120,90,308,-218
120900121,84,225,-141
120900122,946,70,876
120900123,6,89,-83
120900124,0,163,-163
120900125,0,247,-247
120900126,381,429,-48
120900127,16,136,-120
120900128,374,825,-451
120900129,5,131,-126
120900130,28,195,-167
120900131,135,57,78
120900132,1145,67,1078
120900133,24,360,-336
120900134,162,191,-29
120900135,4,168,-164
120900136,73,39,34
120900137,395,76,319
120900138,27,107,-80
120900139,0,201,-201
120900140,7,69,-62
120900141,247,188,59
120900142,6,111,-105
120900143,0,194,-194
120900144,0,38,-38
120900145,152,283,-131
120900146,1,224,-223
120900147,10,276,-266
120900148,150,52,98
120900149,0,54,-54
120900150,79,113,-34
120900151,0,131,-131
120900152,0,9,-9
120900153,1,1,0
120900154,0,51,-51
120900155,202,276,-74
120900156,181,159,22
120900157,1,1,0
120900158,43,181,-138
120900159,5,18,-13
120900160,21,302,-281
120900161,22,203,-181
120900162,37,377,-340
120900163,75,930,-855
120900164,0,104,-104
120900165,6,555,-549
120900166,41,722,-681
120900167,145,60,85
120900169,146,120,26
120900170,237,4921,-4684
120900171,287,168,119
120900172,52,2214,-2162
120900173,0,27,-27
120900174,4,92,-88
120900175,122,75,47
120900176,36,413,-377
120900177,3,1544,-1541
120900178,1,620,-619
120900179,200,188,12
120900180,30,125,-95
120900181,10,18,-8
120900182,19,108,-89
120900183,415,53,362
120900184,196,67,129
120900185,945,1511,-566
120900186,0,93,-93
120900187,610,741,-131
120900188,308,7,301
120900189,97,4478,-4381
120900190,201,4,197
120900191,92,12,80
120900192,3936,15217,-11281
120900194,83,117,-34
120900195,69,117,-48
120900196,303,19,284
120900197,742,126,616
120900198,104,177,-73
120900199,361,346,15
120900200,17,67,-50
120900201,193,65,128
120900202,1,70,-69
120900203,39,24,15
120900204,57,128,-71
120900205,36,24,12
120900206,141,85,56
120900207,40,524,-484
121000001,505,2171,-1666
121000002,2383,2189,194
121000003,5096,1854,3242
121000004,2163,3175,-1012
121000005,1827,2511,-684
121000006,3054,3072,-18
121000007,2104,7150,-5046
121000008,3501,6955,-3454
121000009,3789,9347,-5558
121000010,6335,7592,-1257
121000011,5893,11616,-5723
121000012,11731,7154,4577
121000013,6506,7647,-1141
121000014,5671,5312,359
121000015,5470,10381,-4911
121000016,4184,4703,-519
121000017,2089,1691,398
121000018,3364,1794,1570
121000019,6876,6213,663
121000020,10637,14219,-3582
121000021,1372,1302,70
121000022,2031,2814,-783
121000023,2012,913,1099
121000024,4278,4301,-23
121000025,356,1243,-887
121000026,314,178,136
121000027,1677,1627,50
121000028,850,911,-61
121000029,686,527,159
121000030,584,481,103
121000031,576,778,-202
121000032,194,162,32
121000034,314,451,-137
121000035,208,219,-11
121000036,636,1134,-498
121000037,487,1537,-1050
121000038,286,978,-692
121000039,134,328,-194
121000041,512,491,21
121000042,138,240,-102
121000043,416,754,-338
121000044,1242,1140,102
121000045,413,195,218
121000046,645,853,-208
121000047,36,67,-31
121000049,827,727,100
121000050,282,2351,-2069
121000051,557,389,168
121000052,410,1312,-902
121000053,301,122,179
121000054,43,404,-361
121000055,722,3959,-3237
121000056,990,1411,-421
121000057,155,766,-611
121000058,140,189,-49
121000059,3062,1423,1639
121000060,547,1419,-872
121000061,91,346,-255
121000062,169,811,-642
121000063,807,1497,-690
121000064,495,979,-484
121000065,154,1000,-846
121000066,663,1431,-768
121000067,387,978,-591
121000068,475,640,-165
121000069,114,1539,-1425
121000070,1067,1619,-552
121000071,1363,2039,-676
121000072,645,1031,-386
121000073,889,1778,-889
121000074,41,249,-208
121000075,13,107,-94
121000076,276,301,-25
121000077,100,141,-41
121000078,69,179,-110
121000080,2143,655,1488
121000081,3642,3747,-105
121000082,130,378,-248
121000083,85,163,-78
121000084,171,231,-60
121000085,353,434,-81
121000086,958,561,397
121000087,37,245,-208
121000088,594,572,22
121000089,116,592,-476
121000090,150,480,-330
121000091,1129,1117,12
121000092,204,54,150
121000093,161,247,-86
121000094,271,755,-484
121000095,107,987,-880
121000096,6294,2968,3326
121000097,486,3135,-2649
121000098,613,497,116
121000099,607,612,-5
121000100,796,203,593
121000101,262,179,83
121000102,239,116,123
121000103,168,144,24
121000104,204,31,173
121000105,392,59,333
121000106,284,150,134
121000107,1616,2764,-1148
121000109,1091,801,290
121000110,170,733,-563
121000114,4836,2701,2135
121000115,4759,892,3867
121000116,404,1432,-1028
121000117,230,312,-82
121000118,1499,285,1214
121000119,244,241,3
121000120,361,367,-6
121000121,431,1612,-1181
121000123,645,473,172
121000127,93,100,-7
121000128,944,116,828
121000129,854,158,696
121000130,442,462,-20
121000131,923,791,132
121000132,611,1431,-820
121000135,180,311,-131
121000136,860,1224,-364
121000137,730,369,361
121000138,519,1416,-897
121000139,249,538,-289
121000141,224,206,18
121000142,517,815,-298
121000143,133,25,108
121000144,439,855,-416
121000145,470,1020,-550
121000146,928,1636,-708
121000147,777,637,140
121000148,759,999,-240
121000149,1906,3010,-1104
121000152,232,220,12
121000153,1348,433,915
121000154,1804,526,1278
121000155,2754,1129,1625
121000156,343,1024,-681
121000157,782,1078,-296
121000158,229,274,-45
121000159,195,365,-170
121000160,230,401,-171
121000161,272,278,-6
121000162,153,91,62
121000165,1114,2060,-946
121000166,12,518,-506
121000168,328,285,43
121000169,97,152,-55
121000170,285,65,220
121000171,63,199,-136
121000172,998,1073,-75
121000173,1745,1411,334
121000174,733,704,29
121000175,1900,713,1187
121000176,466,362,104
121000177,660,677,-17
121000178,52,88,-36
121000179,49,48,1
121000181,432,405,27
121000182,145,418,-273
121000183,72,114,-42
121000184,25,129,-104
121000185,31,447,-416
121000186,311,838,-527
121000187,251,82,169
121000188,320,60,260
121000192,700,387,313
121000193,499,264,235
121000194,1773,1968,-195
121000195,303,1477,-1174
121000196,667,649,18
121000197,106,2159,-2053
121000198,149,244,-95
121000199,156,272,-116
121000200,630,205,425
121000201,5,278,-273
121000202,693,204,489
121000203,658,2536,-1878
121000204,3219,953,2266
121000205,68,237,-169
121000206,103,117,-14
121000207,1926,682,1244
121000208,8,307,-299
121000209,787,70,717
121000210,768,233,535
121000211,381,96,285
121000212,395,653,-258
121000213,18765,3079,15686
121000214,1110,2087,-977
121000215,687,2500,-1813
121000216,482,654,-172
121000217,4039,4124,-85
121000218,476,2571,-2095
121000219,1607,914,693
121000220,210,86,124
121000221,168,674,-506
121000222,4088,3115,973
121000223,247,1438,-1191
121000224,179,878,-699
121000225,643,4893,-4250
121000226,940,1902,-962
121000227,26,143,-117
121000228,22,870,-848
121000229,371,369,2
121000230,44,2779,-2735
121000231,1755,23,1732
121000232,590,425,165
121000233,727,314,413
121000234,24,70,-46
121000235,53,64,-11
121000236,7,81,-74
121000237,18,21,-3
121000238,7,81,-74
121000239,70,5,65
121000240,9,187,-178
121000241,91,19,72
121000242,66,729,-663
121000243,221,93,128
121000244,9,136,-127
121000245,58,22,36
121000246,0,159,-159
121000247,138,16,122
121000248,549,1640,-1091
121000249,52,269,-217
121000250,489,402,87
121000251,11,229,-218
121000252,101,115,-14
121000253,412,614,-202
121000254,838,266,572
121000255,116,191,-75
121000256,275,209,66
121000257,25,128,-103
121000258,81,154,-73
121000259,28,145,-117
121000260,64,200,-136
121000261,78,146,-68
121000262,2944,318,2626
121000263,474,406,68
121000271,1422,2256,-834
121000273,51,21,30
121000274,5,104,-99
121000275,4,19,-15
121000276,38,87,-49
121000278,45,50,-5
121000279,30,23,7
121000280,32,43,-11
121000289,483,28,455
121000290,1796,1757,39
121000294,233,41,192
121000297,323,1097,-774
121000299,133,2105,-1972
121000300,1981,901,1080
121000302,13,655,-642
121000303,426,213,213
121000304,495,93,402
121000305,243,125,118
121000306,222,236,-14
121000308,74,268,-194
121000309,218,345,-127
121000310,66,233,-167
121000311,52,290,-238
121000312,622,378,244
121000313,283,221,62
121000314,33,75,-42
121000315,12,37,-25
121000530,1776,2167,-391
121000531,1742,1418,324
121000532,5568,6744,-1176
121000533,3295,4328,-1033
121000918,27,57,-30
121000919,53,138,-85
121000938,100,181,-81
121000939,29,205,-176
121000956,1476,1409,67
121000957,3,23,-20
121000958,6,88,-82
121000959,1064,210,854
121000960,1236,1216,20
121000961,363,74,289
121000962,1020,584,436
121000963,0,0,0
121000973,1,296,-295
121000976,7,110,-103
121000979,491,132,359
121000981,389,182,207
121000982,494,233,261
121000983,443,160,283
121000984,4,67,-63
121000985,987,321,666
121000986,402,228,174
121000987,164,636,-472
121000988,1210,166,1044
121001302,169,126,43
121001308,1,58,-57
121001309,11,380,-369
121001313,186,34,152
121001314,1450,1553,-103
121001315,6410,4527,1883
121001326,87,60,27
121900001,111,316,-205
121900002,18,59,-41
121900003,378,38,340
121900004,44,640,-596
121900005,27,9,18
121900006,130,35,95
121900007,1878,1544,334
121900008,59,226,-167
121900009,990,16,974
121900010,215,2,213
121900011,223,87,136
121900012,7,0,7
121900013,260,58,202
121900014,2138,407,1731
121900015,146,150,-4
121900016,10,23,-13
121900017,599,743,-144
121900018,644,5,639
121900019,457,160,297
121900020,81,1,80
121900021,883,9,874
121900022,250,203,47
121900023,110,304,-194
121900024,389,44,345
121900025,514,550,-36
121900026,469,120,349
121900027,366,162,204
121900028,189,13,176
121900029,101,234,-133
121900030,350,593,-243
121900031,1099,5747,-4648
121900032,110,84,26
121900033,161,410,-249
121900034,226,222,4
121900035,5694,3354,2340
121900036,126,375,-249
121900037,83,1384,-1301
121900038,47,97,-50
121900039,238,27,211
121900040,39,99,-60
121900041,42,360,-318
121900042,344,240,104
121900043,1,0,1
121900044,41,42,-1
121900046,120,187,-67
121900047,193,98,95
121900048,92,71,21
121900050,14,128,-114
121900051,88,339,-251
121900052,175,48,127
121900053,499,205,294
121900054,223,1576,-1353
121900055,6,11,-5
121900058,443,452,-9
121900059,285,146,139
121900060,85,538,-453
121900061,172,94,78
121900062,72,81,-9
121900063,1196,517,679
121900064,260,677,-417
121900066,16,8,8
121900067,29,21,8
121900069,157,191,-34
121900070,89,219,-130
121900071,808,313,495
121900072,48,99,-51
121900073,167,446,-279
121900074,256,496,-240
121900075,232,980,-748
121900076,312,970,-658
121900077,47,4,43
121900078,67,20,47
121900079,0,0,0
121900080,648,240,408
121900082,73,91,-18
121900084,25,22,3
121900085,5,6,-1
121900086,36,60,-24
121900087,62,199,-137
121900088,1262,2245,-983
121900089,281,149,132
121900090,29,37,-8
121900091,62,11,51
121900092,96,114,-18
121900093,79,44,35
121900094,14,12,2
121900095,357,131,226
121900096,877,698,179
121900097,524,112,412
121900098,3,1,2
121900099,222,29,193
121900100,46,250,-204
121900101,99,99,0
121900102,1,86,-85
121900103,346,236,110
121900104,1915,424,1491
121900105,211,115,96
121900106,13,9,4
121900107,42,13,29
121900108,1,5,-4
121900109,219,140,79
121900110,765,428,337
121900111,587,188,399
121900112,107,292,-185
121900113,29,328,-299
121900117,157,77,80
121900118,2931,716,2215
121900119,134,45,89
121900120,66,697,-631
121900121,586,30,556
121900122,29,13,16
121900123,161,352,-191
121900124,258,159,99
121900125,3058,1361,1697
121900127,8,116,-108
121900128,100,59,41
121900129,132,142,-10
121900130,76,334,-258
121900131,325,115,210
121900132,52,78,-26
121900133,27,687,-660
121900134,13,572,-559
121900135,4715,476,4239
121900136,298,250,48
121900137,33,303,-270
121900138,33,182,-149
121900139,272,4917,-4645
121900140,40,167,-127
121900141,88,18,70
121900142,77,36,41
121900143,25,99,-74
121900144,110,974,-864
121900145,93,229,-136
121900146,413,822,-409
121900147,37,380,-343
121900148,248,418,-170
121900149,251,482,-231
121900150,39,193,-154
121900151,56,557,-501
121900152,177,91,86
121900153,15,211,-196
121900154,14,547,-533
121900155,3,334,-331
121900156,62,188,-126
121900157,4,425,-421
121900158,79,129,-50
121900159,0,238,-238
121900160,29,366,-337
121900161,188,649,-461
121900162,60,154,-94
121900163,430,176,254
121900164,146,329,-183
121900165,139,180,-41
121900166,81,201,-120
121900167,33,81,-48
121900168,68,117,-49
121900169,33,235,-202
121900170,3,83,-80
121900171,788,1016,-228
121900172,632,387,245
121900173,609,372,237
121900174,42,30,12
121900175,54,452,-398
121900176,399,2087,-1688
121900177,101,80,21
121900178,39,89,-50
121900179,390,414,-24
121900180,1637,5561,-3924
121900182,497,1039,-542
121900183,426,1433,-1007
121900184,31,1313,-1282
121900186,6,715,-709
121900187,14,100,-86
121900188,741,192,549
121900189,49,31,18
121900190,259,358,-99
121900191,50,914,-864
121900192,154,3135,-2981
121900193,43,441,-398
121900194,16,261,-245
121900195,22,57,-35
121900196,720,990,-270
121900197,291,998,-707
121900198,4552,2621,1931
121900199,1,49,-48
121900200,72,243,-171
121900201,892,542,350
121900202,153,721,-568
121900203,58,1836,-1778
121900204,1606,1137,469
121900205,21,190,-169
121900206,12,60,-48
121900207,37,31,6
121900208,99,582,-483
121900209,44,53,-9
121900210,2700,1810,890
121900211,1091,381,710
121900212,18,174,-156
121900213,335,19,316
121900214,6,426,-420
121900215,42,148,-106
121900216,29,156,-127
121900217,212,199,13
121900218,200,1019,-819
121900220,57,26,31
121900221,489,526,-37
121900222,306,89,217
121900223,182,173,9
121900224,79,117,-38
121900225,127,341,-214
121900226,207,35,172
121900227,268,1977,-1709
121900228,89,111,-22
121900230,33,364,-331
121900231,22,1338,-1316
121900232,97,482,-385
121900233,496,226,270
121900234,213,190,23
121900235,446,147,299
121900236,220,100,120
121900237,171,760,-589
121900238,172,325,-153
121900239,190,55,135
121900240,129,128,1
121900241,38,20,18
121900242,56,54,2
121900245,379,93,286
121900246,8318,567,7751
121900247,382,155,227
121900248,1613,788,825
121900250,113,709,-596
121900251,579,13,566
121900252,284,170,114
121900253,155,1605,-1450
121900254,247,635,-388
121900255,451,166,285
121900258,5566,1274,4292
121900259,158,455,-297
121900260,164,102,62
121900261,88,704,-616
121900262,843,1328,-485
121900263,174,146,28
121900264,713,646,67
121900265,385,107,278
121900266,525,72,453
121900267,88,32,56
121900269,272,874,-602
121900270,64,189,-125
121900271,41,156,-115
121900273,376,1568,-1192
121900274,312,427,-115
121900277,215,1058,-843
121900278,57,1630,-1573
121900279,159,204,-45
121900280,91,452,-361
121900281,97,458,-361
121900284,23,6,17
121900286,108,87,21
121900287,4,17,-13
121900288,1,28,-27
121900290,224,1659,-1435
121900291,421,1371,-950
121900292,205,183,22
121900293,783,5575,-4792
121900294,430,7,423
121900295,113,94,19
121900296,99,165,-66
121900298,104,1079,-975
121900299,0,8,-8
121900300,38,9,29
121900301,35,2,33
121900302,2,72,-70
121900303,181,806,-625
121900304,12,35,-23
121900305,1,13,-12
121900306,289,1,288
121900307,150,11,139
121900308,8,86,-78
121900309,7,76,-69
121900310,8,91,-83
121900311,602,14,588
121900312,469,23,446
121900313,571,22,549
121900314,2,7,-5
121900315,29,0,29
121900316,1,2,-1
121900317,36,6,30
121900318,1,0,1
121900319,70,224,-154
121900320,33,16,17
121900321,36,1,35
121900322,2,0,2
121900323,66,36,30
121900324,2,30,-28
121900325,29,5,24
121900326,2,3,-1
121900327,1,28,-27
121900328,1,22,-21
121900329,1,96,-95
121900330,1,188,-187
121900331,24,16,8
121900332,47,14,33
121900333,54,0,54
121900334,36,59,-23
122000001,1140,6050,-4910
122000002,1975,1121,854
122000003,1055,2684,-1629
122000004,1015,1198,-183
122000005,6770,3103,3667
122000006,602,1951,-1349
122000007,581,2337,-1756
122000008,1145,4027,-2882
122000009,716,809,-93
122000010,3365,3676,-311
122000011,8210,3253,4957
122000012,663,6096,-5433
122000013,564,3074,-2510
122000014,7499,2062,5437
122000015,1185,950,235
122000016,500,760,-260
122000017,1357,1696,-339
122000018,3040,2846,194
122000019,975,2545,-1570
122000020,188,722,-534
122000021,120,491,-371
122000022,1644,2175,-531
122000023,1410,2236,-826
122000024,508,4226,-3718
122000025,540,5050,-4510
122000026,258,1695,-1437
122000027,689,936,-247
122000028,1946,877,1069
122000029,249,1201,-952
122000030,183,262,-79
122000031,132,399,-267
122000032,8814,4111,4703
122000033,329,6114,-5785
122000034,320,1381,-1061
122000035,139,785,-646
122000036,513,650,-137
122000037,1138,317,821
122000038,278,539,-261
122000039,470,1103,-633
122000040,225,385,-160
122000041,1136,1251,-115
122000042,458,1089,-631
122000043,90,297,-207
122000044,100,168,-68
122000045,3032,1357,1675
122000046,977,1726,-749
122000047,54,236,-182
122000048,1812,3401,-1589
122000049,7932,4381,3551
122000050,683,1663,-980
122000051,188,602,-414
122000052,449,632,-183
122000053,229,1380,-1151
122000054,1239,3149,-1910
122000055,1529,5125,-3596
122000056,2995,3159,-164
122000057,4889,4502,387
122000058,731,2897,-2166
122000059,832,5745,-4913
122000060,222,1585,-1363
122000061,129,1300,-1171
122000062,400,313,87
122000063,268,2076,-1808
122000064,2977,8062,-5085
122000065,2169,3742,-1573
122000066,558,2395,-1837
122000067,1068,2166,-1098
122000068,3444,1231,2213
122000069,1369,1186,183
122000070,1212,1296,-84
122000071,5040,1288,3752
122000072,1702,1314,388
122000073,247,2569,-2322
122000074,2261,1772,489
122000075,1172,930,242
122000076,12930,2793,10137
122000077,582,3259,-2677
122000078,593,6368,-5775
122000079,201,4164,-3963
122000080,408,1063,-655
122000081,75,469,-394
122000082,235,1694,-1459
122000083,7008,830,6178
122000084,5850,1659,4191
122000085,329,701,-372
122000086,3461,7634,-4173
122000087,279,376,-97
122000088,68,215,-147
122000089,6670,2634,4036
122000090,292,1398,-1106
122000091,56,770,-714
122000092,42,122,-80
122000093,1684,5876,-4192
122000094,7038,3110,3928
122000095,607,5370,-4763
122000096,336,2972,-2636
122000098,4395,5074,-679
122000099,527,2226,-1699
122000100,610,1117,-507
122000101,321,412,-91
122000102,4102,1317,2785
122000103,1136,2060,-924
122000104,2682,184,2498
122000105,317,673,-356
122000106,506,2649,-2143
122000107,1102,568,534
122000108,764,917,-153
122000109,574,312,262
122000110,1129,1004,125
122000111,4927,1676,3251
122000112,2295,1769,526
122000113,887,971,-84
122000114,1570,3966,-2396
122000115,2341,1565,776
122000116,280,534,-254
122000117,1225,262,963
122000118,450,494,-44
122000119,2179,1385,794
122000120,606,2496,-1890
122000121,477,1492,-1015
122000122,199,688,-489
122000123,856,1378,-522
122000124,488,444,44
122000125,330,466,-136
122000126,260,510,-250
122000127,266,459,-193
122000128,161,317,-156
122000129,344,1602,-1258
122000130,2029,976,1053
122000131,710,825,-115
122000132,140,352,-212
122000133,696,940,-244
122000134,727,600,127
122000135,372,143,229
122000136,666,463,203
122000137,2044,905,1139
122000139,741,3356,-2615
122000140,227,2197,-1970
122000141,4983,2939,2044
122000142,98,3256,-3158
122000143,283,473,-190
122000144,1282,882,400
122000145,660,1184,-524
122000146,377,3616,-3239
122000147,450,914,-464
122000148,392,1809,-1417
122000149,1437,1008,429
122000150,1103,737,366
122000151,106,391,-285
122000152,300,427,-127
122000153,329,512,-183
122000154,285,204,81
122000155,1287,2394,-1107
122000156,9752,5002,4750
122000157,543,9682,-9139
122000158,255,988,-733
122000159,477,1086,-609
122000160,1396,1487,-91
122000161,831,858,-27
122000162,841,1441,-600
122000163,396,202,194
122000164,66,286,-220
122000165,1240,1896,-656
122000166,685,2878,-2193
122000167,246,573,-327
122000168,165,1376,-1211
122000169,475,273,202
122000170,267,484,-217
122000171,27,96,-69
122000172,2306,1694,612
122000173,1507,3158,-1651
122000174,1330,2229,-899
122000175,719,363,356
122000176,301,1615,-1314
122000177,1013,1764,-751
122000178,6867,3740,3127
122000179,3366,4825,-1459
122000180,646,1214,-568
122000181,767,2164,-1397
122000182,1629,1153,476
122000183,3159,977,2182
122000184,3425,4324,-899
122000185,1112,4171,-3059
122000186,566,2903,-2337
122000187,1654,2340,-686
122000188,445,287,158
122000189,224,436,-212
122000190,711,2667,-1956
122000191,642,1077,-435
122000192,1160,426,734
122000193,304,641,-337
122000194,498,287,211
122000195,72,1040,-968
122000196,690,295,395
122000197,380,546,-166
122000198,299,2626,-2327
122000199,328,555,-227
122000200,1090,787,303
122000201,1216,3469,-2253
122000202,839,3010,-2171
122000203,1761,1368,393
122000204,688,1129,-441
122000205,447,873,-426
122000206,6240,1201,5039
122000207,1721,1622,99
122000208,1897,2782,-885
122000209,2220,772,1448
122000210,1636,3696,-2060
122000211,753,1510,-757
122000212,665,468,197
122000213,943,1518,-575
122000214,1627,1624,3
122000215,2452,2027,425
122000217,1381,3228,-1847
122000218,848,98,750
122000219,1118,1119,-1
122000220,111,722,-611
122000221,68,272,-204
122000222,551,118,433
122000223,743,653,90
122000225,460,423,37
122000226,1013,1198,-185
122000227,98,1432,-1334
122000228,147,195,-48
122000229,12,226,-214
122000230,22,279,-257
122000231,206,641,-435
122000232,496,428,68
122000233,0,96,-96
122000234,379,42,337
122000235,539,70,469
122000236,1064,33,1031
122000237,103,86,17
122000238,259,284,-25
122000239,642,137,505
122000240,1228,608,620
122000241,1876,367,1509
122000242,539,104,435
122000243,327,47,280
122000244,67,172,-105
122000245,123,101,22
122000246,389,189,200
122000247,511,182,329
122000248,757,660,97
122000249,1259,904,355
122000250,1819,980,839
122000251,76,372,-296
122000252,174,78,96
122000253,29,193,-164
122000254,275,63,212
122000255,419,563,-144
122000256,191,333,-142
122000257,230,57,173
122000258,218,198,20
122000259,26,232,-206
122000260,7,34,-27
122000261,11,219,-208
122000262,0,29,-29
122000263,157,303,-146
122000264,1502,406,1096
122000265,2593,1248,1345
122000266,3883,749,3134
122000267,114,101,13
122000268,127,408,-281
122000269,803,363,440
122000270,454,181,273
122000271,222,2020,-1798
122000272,353,1652,-1299
122000273,425,524,-99
122000274,248,194,54
122000275,37,155,-118
122000276,790,373,417
122000277,926,1161,-235
122000278,1642,262,1380
122000279,148,162,-14
122000280,515,296,219
122000281,496,405,91
122000282,147,355,-208
122000283,145,216,-71
122000284,118,39,79
122000285,235,34,201
122000286,27,102,-75
122000287,1547,1217,330
122000288,435,208,227
122000291,3458,803,2655
122000293,91,99,-8
122000294,105,312,-207
122000295,1146,155,991
122000296,17,798,-781
122000297,1377,3942,-2565
122000299,628,327,301
122000300,380,296,84
122000301,6657,3324,3333
122000302,409,2404,-1995
122000303,1694,747,947
122000304,79,174,-95
122000305,1474,425,1049
122000306,64,316,-252
122000307,99,113,-14
122000309,39,17,22
122000310,19,107,-88
122000311,70,133,-63
122000312,80,379,-299
122000313,61,109,-48
122000314,148,494,-346
122000315,225,69,156
122000316,1100,307,793
122000317,2354,393,1961
122000318,281,1134,-853
122000319,101,500,-399
122000320,213,923,-710
122000321,36,100,-64
122000322,1994,2440,-446
122000323,605,4355,-3750
122000324,2012,3117,-1105
122000325,655,5695,-5040
122000326,117,73,44
122000327,249,1174,-925
122000328,396,461,-65
122000330,2857,2300,557
122000332,190,335,-145
122000333,16,65,-49
122000337,863,308,555
122000338,419,164,255
122000340,178,4564,-4386
122000342,1162,551,611
122000343,503,346,157
122000344,125,4,121
122000345,22,13,9
122000346,169,99,70
122000348,514,441,73
122000349,37,313,-276
122000351,151,273,-122
122000352,161,154,7
122000353,186,108,78
122000355,117,214,-97
122000356,377,2704,-2327
122000357,50,3,47
122000358,4,25,-21
122000359,0,28,-28
122000360,2,8,-6
122000362,10,28,-18
122000364,195,213,-18
122000365,1,22,-21
122000366,7,9,-2
122000368,388,698,-310
122000370,11,10,1
122000371,26,0,26
122000372,7,2,5
122000381,150,409,-259
122000382,71,126,-55
122000384,1275,1423,-148
122000385,68,3,65
122000386,170,2188,-2018
122000387,351,1517,-1166
122000388,928,1642,-714
122000389,182,1703,-1521
122000390,299,515,-216
122000391,85,1765,-1680
122000392,121,114,7
122000393,41,96,-55
122000394,633,130,503
122000395,144,96,48
122000396,379,92,287
122000397,36,36,0
122000398,11,75,-64
122000399,96,81,15
122000400,27,1501,-1474
122000401,153,60,93
122000402,437,161,276
122000403,568,396,172
122000404,177,176,1
122000408,481,773,-292
122000503,15,105,-90
122000524,38,528,-490
122000544,41,2310,-2269
122000616,211,5,206
122000640,105,30,75
122000641,211,128,83
122000642,1375,462,913
122000643,14,261,-247
122000644,60,24,36
122000645,25,205,-180
122000651,438,3924,-3486
122000664,180,83,97
122000665,1366,526,840
122000666,409,821,-412
122000673,43,94,-51
122000674,400,164,236
122000675,2037,489,1548
122000686,371,2003,-1632
122000687,1516,319,1197
122000688,236,306,-70
122000689,903,118,785
122000690,2948,143,2805
122000691,942,438,504
122000692,846,163,683
122000693,287,648,-361
122000695,357,213,144
122000696,612,74,538
122000698,246,132,114
122000699,208,29,179
122000701,1973,240,1733
122000702,461,1177,-716
122000703,202,101,101
122000712,0,0,0
122000717,55,84,-29
122000718,242,1416,-1174
122000719,223,87,136
122000720,741,77,664
122000724,153,181,-28
122900001,21,12,9
122900002,690,6911,-6221
122900003,408,35,373
122900004,1454,69,1385
122900005,69,80,-11
122900006,215,645,-430
122900007,60,100,-40
122900008,123,132,-9
122900009,1198,368,830
122900010,173,108,65
122900012,131,345,-214
122900014,81,118,-37
122900015,732,827,-95
122900016,208,163,45
122900017,226,1417,-1191
122900018,108,6,102
122900019,7,76,-69
122900020,118,299,-181
122900021,17,244,-227
122900022,1285,793,492
122900023,786,159,627
122900024,115,91,24
122900025,8,269,-261
122900026,12,98,-86
122900027,41,476,-435
122900028,62,110,-48
122900029,6756,2119,4637
122900030,2209,408,1801
122900031,42,394,-352
122900032,516,355,161
122900033,176,208,-32
122900034,3182,3701,-519
122900035,43,7,36
122900036,96,46,50
122900037,467,194,273
122900038,52,3134,-3082
122900039,40,493,-453
122900040,164,1429,-1265
122900041,135,332,-197
122900042,130,291,-161
122900043,301,222,79
122900044,82,273,-191
122900045,224,383,-159
122900046,113,277,-164
122900047,87,175,-88
122900048,35,199,-164
122900049,3334,205,3129
122900051,27,605,-578
122900052,178,58,120
122900053,11,13,-2
122900055,225,31,194
122900057,258,42,216
122900061,394,58,336
122900062,495,660,-165
122900063,259,134,125
122900064,662,432,230
122900065,509,203,306
122900066,725,228,497
122900067,539,366,173
122900068,25,64,-39
122900069,323,1414,-1091
122900070,337,48,289
122900071,126,287,-161
122900072,5,243,-238
122900073,18,69,-51
122900074,855,168,687
122900075,0,54,-54
122900076,2,179,-177
122900077,1,43,-42
122900078,246,16,230
122900080,24,55,-31
122900081,137,129,8
122900082,904,129,775
122900083,46,81,-35
122900084,10,97,-87
122900086,14,92,-78
122900087,305,269,36
122900088,38,916,-878
122900089,8,82,-74
122900090,5,360,-355
122900091,258,0,258
122900092,0,72,-72
122900093,0,78,-78
122900094,4,114,-110
122900095,175,31,144
122900096,409,36,373
122900097,10,38,-28
122900098,20,141,-121
122900099,105,13,92
122900100,49,757,-708
122900101,534,267,267
122900102,28,26,2
122900103,291,7,284
122900104,235,8,227
122900105,30,16,14
122900106,0,32,-32
122900107,4,37,-33
122900108,7,84,-77
123000001,723,1892,-1169
123000002,2320,7996,-5676
123000003,5060,4453,607
123000004,3072,3823,-751
123000005,3378,2574,804
123000006,2355,1971,384
123000007,3879,2516,1363
123000008,2476,2522,-46
123000009,4223,3005,1218
123000010,3214,4576,-1362
123000011,1668,2387,-719
123000012,590,5423,-4833
123000013,5112,1687,3425
123000014,692,4050,-3358
123000015,1928,1566,362
123000016,2304,2897,-593
123000017,4248,1953,2295
123000018,82,94,-12
123000019,501,35,466
123000020,405,48,357
123000021,268,257,11
123000022,508,1790,-1282
123000023,2170,2757,-587
123000024,1942,1051,891
123000025,327,99,228
123000026,31,119,-88
123000027,28,851,-823
123000028,628,1439,-811
123000029,319,1321,-1002
123000030,220,55,165
123000031,302,149,153
123000032,661,70,591
123000033,345,118,227
123000034,1078,821,257
123000035,347,510,-163
123000036,152,1367,-1215
123000037,167,97,70
123000038,61,450,-389
123000039,458,1936,-1478
123000040,355,231,124
123000041,489,1993,-1504
123000042,318,1428,-1110
123000043,1395,16435,-15040
123000044,2277,2300,-23
123000045,3772,2115,1657
123000046,208,1289,-1081
123000047,596,1701,-1105
123000048,29,1802,-1773
123000049,5429,8895,-3466
123000050,1890,1723,167
123000051,69,201,-132
123000052,737,3349,-2612
123000053,2441,2889,-448
123000054,2544,1573,971
123000055,2188,5340,-3152
123000056,962,662,300
123000057,3276,5161,-1885
123000058,575,1235,-660
123000059,213,426,-213
123000060,991,411,580
123000061,242,583,-341
123000063,1286,947,339
123000064,1567,210,1357
123000065,2896,2088,808
123000066,427,479,-52
123000067,1089,432,657
123000068,1452,2140,-688
123000069,2743,1231,1512
123000070,193,528,-335
123000071,2324,812,1512
123000072,1313,365,948
123000073,3039,866,2173
123000074,1271,707,564
123000075,512,1891,-1379
123000076,756,454,302
123000077,2246,1273,973
123000078,3098,1316,1782
123000079,3011,1783,1228
123000080,2669,816,1853
123000081,159,344,-185
123000082,246,902,-656
123000083,1307,273,1034
123000084,980,419,561
123000085,569,135,434
123000086,1230,57,1173
123000087,542,214,328
123000088,1208,602,606
123000089,1221,1062,159
123000090,1744,836,908
123000091,2000,1438,562
123000092,1098,1231,-133
123000094,817,148,669
123000095,1035,608,427
123000096,1614,330,1284
123000097,822,284,538
123000098,969,370,599
123000099,663,367,296
123000100,275,834,-559
123000101,449,381,68
123000102,603,888,-285
123000104,518,500,18
123000105,319,357,-38
123000106,639,404,235
123000107,275,388,-113
123000108,613,943,-330
123000111,1234,354,880
123000112,1388,390,998
123000113,672,566,106
123000114,386,734,-348
123000115,251,249,2
123000116,42,92,-50
123000117,1871,941,930
123000118,543,366,177
123000119,225,365,-140
123000120,209,480,-271
123000121,668,866,-198
123000122,484,363,121
123000123,638,554,84
123000124,390,377,13
123000125,1627,1329,298
123000126,1340,4866,-3526
123000127,506,599,-93
123000128,266,402,-136
123000129,991,254,737
123000130,1005,88,917
123000131,1732,1145,587
123000132,357,598,-241
123000133,137,236,-99
123000134,239,142,97
123000135,2433,836,1597
123000136,203,341,-138
123000137,90,170,-80
123000138,94,185,-91
123000139,576,119,457
123000140,25,316,-291
123000141,548,107,441
123000142,894,681,213
123000143,856,1621,-765
123000144,4,20,-16
123000145,143,180,-37
123000146,7,181,-174
123000147,49,183,-134
123000149,277,355,-78
123000150,140,203,-63
123000151,202,637,-435
123000152,9,210,-201
123000153,73,724,-651
123000154,967,2099,-1132
123000155,1429,1083,346
123000156,48,81,-33
123000157,470,641,-171
123000158,381,877,-496
123000159,2976,3760,-784
123000160,1082,1121,-39
123000161,1494,820,674
123000162,1537,1788,-251
123000163,772,221,551
123000164,2028,197,1831
123000165,358,670,-312
123000166,29,94,-65
123000167,130,137,-7
123000168,333,116,217
123000169,1097,96,1001
123000170,125,20,105
123000171,1148,4,1144
123000172,113,320,-207
123000173,661,358,303
123000174,803,371,432
123000175,322,792,-470
123000176,951,271,680
123000177,233,469,-236
123000178,1048,119,929
123000179,34,302,-268
123000180,1978,321,1657
123000181,205,744,-539
123000182,220,82,138
123000183,167,576,-409
123000184,74,254,-180
123000185,1038,319,719
123000186,5,281,-276
123000187,568,10,558
123000188,218,1,217
123000189,200,131,69
123000190,90,103,-13
123000192,17,239,-222
123000193,67,420,-353
123000194,202,222,-20
123000195,347,43,304
123000196,441,53,388
123000197,69,97,-28
123000198,72,1168,-1096
123000199,17,589,-572
123000200,681,13,668
123000201,1314,13,1301
123000202,7,384,-377
123000203,1132,37,1095
123000204,81,329,-248
123000205,171,577,-406
123000206,2936,204,2732
123000207,65,375,-310
123000208,666,166,500
123000209,2097,620,1477
123000210,197,1045,-848
123000211,396,1070,-674
123000212,4309,386,3923
123000213,702,51,651
123000215,116,259,-143
123000216,178,1031,-853
123000217,240,27,213
123000218,26,488,-462
123000219,551,55,496
123000220,553,83,470
123000221,127,262,-135
123000222,265,311,-46
123000223,508,159,349
123000224,393,273,120
123000225,258,41,217
123000226,71,190,-119
123000227,88,199,-111
123000228,316,55,261
123000229,616,1119,-503
123000232,63,338,-275
123000233,851,79,772
123000234,123,330,-207
123000235,1151,245,906
123000236,209,369,-160
123000237,495,86,409
123000238,31,316,-285
123000239,354,595,-241
123000240,69,1113,-1044
123000241,571,136,435
123000242,180,285,-105
123000243,784,675,109
123000244,736,473,263
123000245,16,130,-114
123000249,197,462,-265
123000252,884,333,551
123000253,1403,596,807
123000254,693,555,138
123000255,905,677,228
123000256,11,73,-62
123000257,1749,865,884
123000258,994,417,577
123000259,564,392,172
123000260,645,219,426
123000261,316,194,122
123000262,104,132,-28
123000263,562,102,460
123000264,163,109,54
123000265,46,79,-33
123000266,397,389,8
123000267,654,218,436
123000268,50,36,14
123000269,65,107,-42
123000270,53,101,-48
123000271,57,51,6
123000272,800,317,483
123000273,227,1021,-794
123000274,1273,926,347
123000275,153,649,-496
123000278,1323,2782,-1459
123000279,159,70,89
123000280,265,183,82
123000281,238,113,125
123000282,82,351,-269
123000283,227,47,180
123000284,93,28,65
123000286,112,471,-359
123000287,328,345,-17
123000288,920,1204,-284
123000289,174,1375,-1201
123000291,132,887,-755
123000294,148,261,-113
123000295,607,1152,-545
123000296,779,553,226
123000297,917,335,582
123000298,1021,224,797
123000299,191,167,24
123000300,1333,1169,164
123000301,150,435,-285
123000302,96,83,13
123000303,35,295,-260
123000305,964,918,46
123000306,258,41,217
123000309,35,96,-61
123000310,57,63,-6
123000311,0,59,-59
123000312,294,315,-21
123000313,641,402,239
123000315,96,176,-80
123000316,814,390,424
123000317,228,120,108
123000318,49,135,-86
123000329,6,24,-18
123000337,350,914,-564
123000338,108,274,-166
123000339,385,25,360
123000340,89,254,-165
123000342,7,61,-54
123000343,49,45,4
123000344,487,251,236
123000345,346,448,-102
123000346,779,32,747
123000352,849,733,116
123000353,47,80,-33
123000354,193,3,190
123000355,0,152,-152
123000356,403,5,398
123000357,0,62,-62
123000359,12,78,-66
123000360,194,140,54
123000361,141,171,-30
123000362,397,106,291
123000363,99,90,9
123000364,492,668,-176
123000365,12,395,-383
123000366,299,3023,-2724
123000367,236,372,-136
123000370,15,70,-55
123000371,353,40,313
123000372,371,28,343
123000373,2,206,-204
123000374,18,46,-28
123000375,404,34,370
123000376,873,849,24
123000377,543,23,520
123000378,9,107,-98
123000379,0,146,-146
123000380,10,399,-389
123000381,46,106,-60
123000382,419,139,280
123000383,61,695,-634
123000384,708,120,588
123000385,140,559,-419
123000436,50,1051,-1001
123000507,63,144,-81
123000508,217,1510,-1293
123000517,250,20,230
123000518,27,114,-87
123000519,146,95,51
123000520,20,122,-102
123000521,743,112,631
123000522,155,171,-16
123000541,6,1,5
123000542,0,5,-5
123000565,914,28,886
123000566,324,114,210
123000567,85,52,33
123000573,15,332,-317
123000574,716,43,673
123000575,1791,566,1225
123000576,640,979,-339
123000577,66,697,-631
123000578,370,148,222
123000579,973,8441,-7468
123000580,164,49,115
123000582,310,41,269
123000583,5,315,-310
123000584,178,256,-78
123000585,0,29,-29
123000586,100,0,100
123000596,96,87,9
123000597,55,198,-143
123000602,125,6,119
123000603,1377,287,1090
123000604,642,219,423
123000605,770,56,714
123000606,2,530,-528
123000609,15,341,-326
123000610,106,70,36
123000613,36,109,-73
123000614,236,31,205
123000615,60,92,-32
123000616,619,28,591
123000617,66,106,-40
123000618,25,409,-384
123000619,424,48,376
123000620,16,274,-258
123000622,402,12,390
123000624,157,47,110
123000630,2071,384,1687
123000631,232,482,-250
123000632,665,638,27
123000633,0,158,-158
123000634,60,309,-249
123000635,36,128,-92
123000636,17,290,-273
123000637,175,9,166
123000638,514,13,501
123000639,497,5506,-5009
123000640,25,212,-187
123000648,674,39,635
123000649,28,315,-287
123900001,997,51,946
123900002,20,1357,-1337
123900003,129,336,-207
123900005,316,268,48
123900006,483,80,403
124000001,1657,184,1473
124000002,26,808,-782
124000003,1132,140,992
124000004,52,299,-247
124000005,1204,725,479
124000006,115,294,-179
124000007,677,82,595
124000008,6,337,-331
124000009,1030,307,723
124000010,199,273,-74
124000011,1092,392,700
124000012,145,218,-73
124000017,244,102,142
124000018,113,79,34
124000019,207,138,69
124000020,28,103,-75
124000021,192,113,79
124000022,61,125,-64
124000023,1235,1427,-192
124000024,940,346,594
124000025,1310,1472,-162
124000026,729,856,-127
124000027,3759,3931,-172
124000028,941,3086,-2145
124000030,1476,1120,356
124000031,1357,5628,-4271
124000032,1413,374,1039
124000033,810,613,197
124000034,456,511,-55
124000035,298,158,140
124000036,139,323,-184
124000037,297,851,-554
124000038,3,68,-65
124000039,228,244,-16
124000040,141,784,-643
124000041,413,61,352
124000042,77,218,-141
124000043,98,81,17
124000044,43,97,-54
124000045,1213,251,962
124000046,131,440,-309
124000047,1937,376,1561
124000048,661,505,156
124000049,2112,277,1835
124000050,857,806,51
124000051,1288,248,1040
124000052,544,425,119
124000053,556,2157,-1601
124000054,550,231,319
124000055,1058,4588,-3530
124000056,1104,641,463
124000057,1393,413,980
124000058,413,647,-234
124000059,1100,1205,-105
124000060,346,306,40
124000061,1390,6590,-5200
124000062,2210,1183,1027
124000063,1082,942,140
124000064,1192,821,371
124000065,66,574,-508
124000066,164,134,30
124000067,161,91,70
124000068,126,120,6
124000069,665,98,567
124000070,318,142,176
124000071,116,110,6
124000072,197,214,-17
124000073,904,158,746
124000074,124,339,-215
124000075,391,24,367
124000076,29,41,-12
124000077,280,407,-127
124000078,1086,1041,45
124000079,78,950,-872
124000080,826,115,711
124000081,153,268,-115
124000082,60,184,-124
124000083,16,106,-90
124000084,43,931,-888
124000085,39,65,-26
124000086,23,195,-172
124000087,75,111,-36
124000088,34,393,-359
124000089,652,168,484
124000090,153,143,10
124000091,579,97,482
124000092,175,308,-133
124000093,81,90,-9
124000094,88,305,-217
124000095,128,72,56
124000096,136,138,-2
124000097,168,171,-3
124000098,41,62,-21
124000099,237,75,162
124000100,48,122,-74
124000101,152,139,13
124000102,107,22,85
124000103,292,218,74
124000104,93,22,71
124000105,194,168,26
124000106,124,23,101
124000107,43,303,-260
124000108,43,24,19
124000109,161,110,51
124000110,51,57,-6
124000111,255,65,190
124000112,940,386,554
124000113,158,160,-2
124000114,360,280,80
124000115,246,626,-380
124000116,142,249,-107
124000117,24,97,-73
124000118,29,75,-46
124000119,899,807,92
124000120,572,718,-146
124000121,1303,795,508
124000122,343,987,-644
124000123,857,403,454
124000124,239,498,-259
124000125,389,322,67
124000126,196,352,-156
124000127,879,216,663
124000128,374,374,0
124000129,1614,1205,409
124000130,342,347,-5
124000131,690,650,40
124000132,462,470,-8
124000133,1225,919,306
124000134,800,417,383
124000135,1304,1707,-403
124000136,466,651,-185
124000137,783,729,54
124000138,726,998,-272
124000139,309,72,237
124000140,11,227,-216
124000141,484,17,467
124000142,19,216,-197
124000143,134,10,124
124000144,10,73,-63
124000145,130,34,96
124000146,20,26,-6
124000148,6,74,-68
124000149,877,255,622
124000150,119,502,-383
124000151,1041,310,731
124000152,547,727,-180
124000153,581,552,29
124000154,196,365,-169
124000155,1163,683,480
124000156,634,640,-6
124000169,171,488,-317
124000170,834,552,282
124000171,266,230,36
124000172,271,433,-162
124000173,738,222,516
124000174,418,436,-18
124000175,7,25,-18
124000176,53,12,41
124000177,1,19,-18
124000178,30,32,-2
124000190,30,42,-12
124000191,46,273,-227
124000192,904,625,279
124000193,99,2783,-2684
124000194,257,327,-70
124000195,302,581,-279
124000196,620,657,-37
124000197,41,44,-3
124000198,39,31,8
124000201,107,350,-243
124000202,624,168,456
124000203,487,132,355
124000204,1197,122,1075
124000205,107,142,-35
124000206,889,144,745
124000207,0,13,-13
124000209,199,80,119
124000210,850,141,709
124000211,851,0,851
124000212,1,85,-84
124000213,628,110,518
124000214,512,161,351
124000215,440,17,423
124000216,0,95,-95
124000329,74,421,-347
124000338,59,231,-172
124000339,1389,42,1347
124000341,1803,22,1781
124000344,113,101,12
124000357,1172,2730,-1558
124000358,768,1680,-912
124000359,1218,931,287
124000360,1043,467,576
124000361,2300,1278,1022
124000362,1139,2048,-909
124000363,434,310,124
124000364,632,498,134
124000365,602,822,-220
124000366,1835,705,1130
124000367,47,172,-125
124000368,435,661,-226
124000369,77,113,-36
124000370,81,665,-584
124000402,19,7,12
124000403,168,25,143
124000404,4,18,-14
124000405,702,523,179
124000406,366,368,-2
124000407,1,6,-5
124000411,1,101,-100
124000412,336,1,335
124000413,53,90,-37
124000414,126,66,60
124000415,29,17,12
124000416,93,128,-35
124000417,194,80,114
124000418,318,26,292
124000419,119,22,97
124000420,189,22,167
124000421,39,21,18
124000422,12,18,-6
124000423,110,42,68
124000424,6,10,-4
124000425,105,6,99
124000426,4,40,-36
124000427,129,4,125
124000428,3,245,-242
124000429,48,33,15
124000430,729,351,378
124000431,271,168,103
124000432,174,583,-409
124000439,2,2,0
124000443,0,7,-7
124000445,166,2650,-2484
124000446,1063,257,806
124000447,11,166,-155
124900001,925,274,651
124900002,264,112,152
124900003,1312,372,940
124900004,1253,173,1080
124900005,170,105,65
124900006,1104,192,912
124900008,573,467,106
124900009,94,399,-305
124900010,123,95,28
124900011,595,213,382
124900012,368,86,282
124900013,512,175,337
124900014,268,21,247
124900015,116,325,-209
124900016,63,93,-30
124900017,333,2051,-1718
124900018,104,15,89
124900020,138,32,106
124900021,320,38,282
124900022,21,7,14
124900024,454,9,445
124900026,115,79,36
124900027,122,457,-335
124900028,268,118,150
124900029,40,518,-478
124900030,5,64,-59
124900031,13,231,-218
124900032,103,147,-44
124900033,86,109,-23
124900034,8,78,-70
124900035,108,219,-111
124900036,0,46,-46
124900037,96,101,-5
124900038,126,197,-71
124900039,2,47,-45
124900040,108,110,-2
124900041,280,477,-197
124900042,27,7,20
124900043,434,360,74
124900044,109,4,105
124900045,204,888,-684
124900047,44,81,-37
124900048,224,48,176
124900050,158,69,89
124900052,77,251,-174
124900053,152,138,14
124900054,545,317,228
124900055,0,97,-97
124900057,4,24,-20
124900060,27,102,-75
124900061,48,9,39
124900062,194,8,186
124900066,0,8,-8
124900067,2,49,-47
124900068,112,488,-376
124900070,48,40,8
124900072,163,20,143
124900075,453,150,303
124900076,10,1948,-1938
124900077,25,54,-29
124900078,80,22,58
124900079,204,155,49
124900080,335,227,108
124900081,1607,214,1393
124900082,380,351,29
124900083,358,263,95
124900085,388,612,-224
124900086,40,1214,-1174
124900087,183,103,80
124900088,143,74,69
124900089,464,7,457
124900090,576,174,402
124900091,291,154,137
124900092,217,144,73
124900093,504,172,332
124900094,816,179,637
124900095,128,512,-384
124900096,266,137,129
124900097,445,38,407
124900098,143,171,-28
124900099,141,545,-404
124900100,310,47,263
124900101,64,192,-128
124900102,264,13,251
124900103,122,66,56
124900104,49,64,-15
124900105,114,52,62
124900106,286,31,255
124900107,73,11,62
124900108,141,110,31
124900111,0,163,-163
124900112,84,170,-86
124900113,47,189,-142
124900114,66,127,-61
124900115,35,17,18
124900116,293,284,9
124900117,117,221,-104
124900118,79,704,-625
124900119,256,135,121
124900120,27,129,-102
124900121,55,273,-218
124900122,144,98,46
124900123,123,66,57
124900124,46,285,-239
204000001,169,17,152
204000002,6,13,-7
204000003,7,2,5
204000004,1,3,-2
204000005,551,402,149
204000006,959,1146,-187
204000011,9,42,-33
204000012,95,68,27
204000019,1311,317,994
204000020,1076,485,591
204000021,1158,729,429
204000022,1264,433,831
204000023,561,396,165
204000031,32,9,23
204000032,194,39,155
204000034,41,62,-21
204000035,0,2,-2
204000036,3,11,-8
204000037,1,27,-26
204000038,4,21,-17
204000039,8,7,1
204000040,1,8,-7
204000041,2,14,-12
204000042,11,9,2
204000043,24,4,20
204000044,44,4,40
204000045,21,14,7
204000046,8,4,4
204000057,2,4,-2
204000062,30,44,-14
204000068,25,682,-657
204000069,164,448,-284
204000070,57,103,-46
204000080,118,76,42
204000085,1289,904,385
204000086,1711,1181,530
204000087,76,4,72
204000088,9,92,-83
204000090,72,136,-64
204000093,524,68,456
204000096,1498,774,724
204000097,417,10,407
204000099,1204,2297,-1093
204000100,1851,1290,561
204000105,1098,650,448
204000110,228,873,-645
204000111,572,449,123
204000112,464,340,124
204000113,254,428,-174
204000114,951,1126,-175
204000115,1269,434,835
204000116,639,607,32
204000119,2210,1609,601
204000132,667,418,249
204000133,855,131,724
204000134,180,84,96
204000135,589,22,567
204000136,369,180,189
204000138,266,656,-390
204000140,232,90,142
204000141,217,37,180
204000144,19,16,3
204000145,440,44,396
204000146,10,154,-144
204000147,24,211,-187
204000148,296,35,261
204000154,9,1,8
204000155,1,2,-1
204000177,49,29,20
204000179,50,9,41
204000180,0,31,-31
204000222,1,5,-4
204000235,51,14,37
204000236,32,168,-136
204000238,21,16,5
204000240,325,40,285
204000263,488,689,-201
204000268,585,362,223
204000308,106,39,67
204000317,9,62,-53
204000322,33,56,-23
204000323,13,8,5
204000328,189,72,117
204000329,69,104,-35
204000330,251,35,216
204000331,134,147,-13
205000001,567,847,-280
205000013,19,63,-44
205000014,43,44,-1
205000015,41,57,-16
205000016,25,51,-26
205000017,29,50,-21
205000022,247,458,-211
205000025,1270,615,655
205000029,401,15,386
205000045,142,589,-447
205000046,176,428,-252
205000047,80,173,-93
205000048,427,344,83
205000049,105,364,-259
205000050,491,198,293
205000059,1,208,-207
205000060,0,193,-193
205000061,4,548,-544
205000062,2,647,-645
205000063,11,673,-662
205000064,47,134,-87
205000065,156,637,-481
205000066,143,423,-280
205000067,124,424,-300
205000069,208,16,192
205000082,83,147,-64
205000110,55,122,-67
205000111,104,183,-79
205000112,122,110,12
205000113,67,159,-92
205000121,157,26,131
205000123,53,130,-77
205000126,533,71,462
205000127,802,136,666
205000128,455,83,372
205000129,766,120,646
205000130,57,48,9
205000131,59,11,48
205000132,136,11,125
205000133,121,1,120
205000134,307,0,307
205000137,135,34,101
205000138,141,91,50
205000139,26,40,-14
205000144,88,65,23
205000145,286,131,155
205000151,98,22,76
205000152,127,12,115
205000153,178,17,161
205000154,49,46,3
205000155,102,10,92
205000207,3,110,-107
205000233,28,1,27
205000234,0,2,-2
205000243,6,0,6
205000244,0,2,-2
205000245,10,174,-164
205000249,0,9,-9
205000250,0,0,0
205000264,10,61,-51
206000027,3,4,-1
206000028,1,3,-2
206000043,8,39,-31
206000053,1,1,0
206000054,0,9,-9
206000055,1,5,-4
206000075,21,15,6
206000076,24,17,7
206000077,23,6,17
206000078,14,9,5
206000079,28,14,14
206000082,303,108,195
206000100,21,434,-413
206000103,2,10,-8
206000104,9,21,-12
206000105,10,6,4
206000106,5,32,-27
206000125,92,0,92
206000157,7,409,-402
206000170,1,73,-72
206000171,3,145,-142
206000172,12,98,-86
206000173,1,94,-93
206000174,16,28,-12
206000175,0,42,-42
206000176,16,64,-48
206000177,0,38,-38
206000178,1,168,-167
206000179,3,130,-127
206000180,9,75,-66
206000181,7,37,-30
206000182,12,59,-47
206000183,12,75,-63
206000184,0,59,-59
206000185,5,43,-38
206000186,68,258,-190
206000223,13,218,-205
206000226,22,1,21
206000227,32,1,31
206000237,25,98,-73
206000238,34,201,-167
206000239,194,1113,-919
206000240,1,45,-44
206000241,1,75,-74
206000242,2,131,-129
206000243,14,71,-57
206000244,53,131,-78
206000245,1026,32,994
206000246,480,9,471
206000247,423,6,417
206000248,508,31,477
206000252,34,48,-14
206000258,13,42,-29
206000315,45,0,45
206000317,628,85,543
206000318,829,53,776
206000319,2169,52,2117
206000320,405,25,380
206000321,374,5,369
206000322,657,22,635
206000323,270,12,258
206000324,299,4,295
206000325,242,18,224
206000326,192,25,167
206000327,54,23,31
206000328,248,6,242
206000329,296,3,293
206000330,70,7,63
206000331,323,4,319
206000332,50,2,48
206000333,1020,2,1018
206000334,340,1,339
206000335,0,24,-24
206000361,2,95,-93
206000392,5,7,-2
206000405,107,4,103
206000441,109,16,93
206000498,26,2,24
206000515,40,40,0
206000530,444,51,393
206000531,292,418,-126
206000532,1526,465,1061
206000535,83,3954,-3871
206000536,7,54,-47
206000537,25,130,-105
206000613,1516,235,1281
206000784,525,46,479
207000001,112,513,-401
207000002,112,362,-250
207000003,146,152,-6
207000007,1553,255,1298
207000008,160,7,153
207000009,47,13,34
207000010,319,207,112
207000012,496,160,336
207000015,212,449,-237
207000019,282,87,195
207000021,359,179,180
207000022,210,176,34
207000023,197,86,111
207000024,7,30,-23
207000025,16,80,-64
207000026,119,58,61
207000027,8,66,-58
207000028,68,125,-57
207000029,171,324,-153
207000033,279,401,-122
207000034,258,123,135
207000039,709,83,626
207000040,648,39,609
207000041,85,33,52
207000042,209,25,184
207000043,307,154,153
207000051,73,184,-111
207000052,17,150,-133
207000053,286,335,-49
207000054,59,79,-20
207000055,126,50,76
207000056,197,161,36
207000057,98,213,-115
207000058,199,197,2
207000059,102,169,-67
207000060,68,167,-99
207000061,130,1007,-877
207000062,696,44,652
207000063,674,54,620
207000064,460,73,387
207000065,432,137,295
207000066,389,106,283
207000067,73,44,29
207000068,158,43,115
207000069,893,289,604
207000082,13,107,-94
207000083,35,126,-91
207000084,530,303,227
207000085,255,28,227
207000086,393,8,385
207000106,29,19,10
207000107,81,6,75
207000108,126,1,125
207000109,80,6,74
207000110,66,71,-5
207000111,73,62,11
207000112,62,962,-900
207000114,14,27,-13
207000115,21,27,-6
207000116,15,349,-334
207000117,13,52,-39
207000118,1,29,-28
207000119,40,38,2
207000123,166,11,155
207000124,68,16,52
207000125,43,19,24
207000126,81,39,42
207000134,178,102,76
207000135,25,135,-110
207000148,87,259,-172
207000149,42,12,30
207000152,116,381,-265
207000153,270,908,-638
207000154,295,211,84
207000159,59,96,-37
207000160,156,139,17
207000238,0,146,-146
207000242,1,73,-72
207000248,42,35,7
207000249,77,12,65
207000250,340,113,227
207000251,76,86,-10
207000252,36,26,10
207000278,147,160,-13
207000279,14,76,-62
207000280,1227,99,1128
207000281,117,259,-142
207000282,38,280,-242
207000283,27,189,-162
207000284,44,833,-789
207000285,54,129,-75
207000291,6,46,-40
207000304,112,90,22
207000306,57,255,-198
207000310,144,67,77
207000353,83,2,81
207000356,22,46,-24
207000357,6,13,-7
207000358,0,16,-16
207000415,12,102,-90
207000417,30,2,28
207000418,91,89,2
207000438,0,1,-1
207000439,464,447,17
207000446,171,6,165
207000460,82,8,74
207000466,271,111,160
207000467,379,70,309
207000468,30,113,-83
207000476,13,6,7
207000477,560,23,537
207000478,0,57,-57
207000523,0,11,-11
207000524,46,1,45
207000527,223,121,102
207000530,502,7,495
207000531,332,2,330
207000532,37,8,29
207000534,175,51,124
207000535,32,449,-417
207000537,12,48,-36
207000540,5,60,-55
207000541,2,155,-153
207000548,4,73,-69
207000549,431,4,427
207000561,153,151,2
207000562,16,89,-73
207000567,121,175,-54
207000568,205,24,181
207000569,527,141,386
207000584,90,173,-83
207000585,19,142,-123
207000587,192,27,165
207000616,1,63,-62
207000617,155,0,155
207000624,42,21,21
207000631,6,33,-27
207900008,278,59,219
208000001,602,1197,-595
208000002,643,607,36
208000003,1017,467,550
208000004,850,820,30
208000005,0,14,-14
208000019,941,582,359
208000020,296,339,-43
208000021,275,158,117
208000022,772,456,316
208000028,817,1256,-439
208000033,474,412,62
208000034,798,1797,-999
208000037,347,23,324
208000040,245,59,186
208000041,839,521,318
208000042,998,456,542
208000047,152,132,20
208000064,1766,1513,253
208000066,1129,1943,-814
208000070,601,331,270
208000071,750,358,392
208000072,635,685,-50
208000080,299,519,-220
208000081,424,91,333
208000082,443,130,313
208000083,252,198,54
208000084,3,27,-24
208000085,614,432,182
208000086,566,828,-262
208000087,325,564,-239
208000089,996,298,698
208000090,1021,287,734
208000093,55,102,-47
208000094,492,333,159
208000095,924,361,563
208000104,1165,466,699
208000105,779,551,228
208000114,72,360,-288
208000115,359,257,102
208000116,956,1112,-156
208000117,46,109,-63
208000118,154,242,-88
208000155,555,999,-444
208000158,1410,2734,-1324
208000186,1176,2856,-1680
208000204,751,902,-151
208000205,1413,575,838
208000282,1274,1689,-415
209000004,515,116,399
209000005,92,27,65
209000006,406,264,142
209000007,423,509,-86
209000010,218,173,45
209000011,77,244,-167
209000012,60,83,-23
209000013,255,110,145
209000014,322,371,-49
209000025,556,64,492
209000026,984,133,851
209000027,223,289,-66
209000028,195,213,-18
209000029,322,1070,-748
209000030,282,1157,-875
209000031,2271,1091,1180
209000034,255,349,-94
209000035,215,329,-114
209000036,388,240,148
209000037,409,208,201
209000038,225,185,40
209000039,108,167,-59
209000040,341,468,-127
209000041,155,311,-156
209000042,273,235,38
209000043,487,606,-119
209000044,241,753,-512
209000045,697,264,433
209000046,499,313,186
209000047,440,156,284
209000048,559,340,219
209000049,121,61,60
209000050,206,63,143
209000051,259,141,118
209000052,152,145,7
209000062,90,46,44
209000063,73,44,29
209000064,34,33,1
209000065,182,28,154
209000066,101,22,79
209000067,257,45,212
209000080,17,144,-127
209000082,72,63,9
209000091,21,73,-52
209000093,28,22,6
209000094,57,154,-97
209000110,44,235,-191
209000111,550,1903,-1353
209000112,1319,619,700
209000113,1858,913,945
209000114,898,709,189
209000115,67,73,-6
209000116,376,178,198
209000118,8,112,-104
209000119,5,15,-10
209000121,67,269,-202
209000135,60,251,-191
209000142,604,2015,-1411
209000143,18,58,-40
209000144,58,231,-173
209000229,208,106,102
209000240,40,189,-149
209000259,30,84,-54
209000260,73,615,-542
209000261,1,215,-214
209000262,2,165,-163
209000263,0,290,-290
209000264,1,324,-323
209000265,239,0,239
209000266,92,1,91
209000267,1090,2,1088
209000268,375,63,312
210000037,97,20,77
210000047,70,10,60
210000048,139,21,118
210000049,49,2,47
210000052,54,60,-6
210000053,56,38,18
210000054,16,68,-52
210000070,131,3,128
210000071,94,2,92
210000072,34,1,33
210000073,0,23,-23
210000074,0,114,-114
210000075,2,133,-131
210000076,3,219,-216
210000077,10,116,-106
210000078,19,98,-79
210000079,20,15,5
210000080,31,162,-131
210000081,111,23,88
210000082,22,0,22
210000083,48,2,46
210000084,102,0,102
210000085,0,47,-47
210000086,0,81,-81
210000099,47,193,-146
210000100,113,130,-17
210000101,64,116,-52
210000105,29,294,-265
210000159,1,195,-194
210000163,84,267,-183
210000164,227,294,-67
210000168,143,54,89
210000187,0,10,-10
210000188,1,15,-14
210000214,12,0,12
210000219,57,49,8
210000220,120,32,88
210000232,1,23,-22
210000233,42,59,-17
210000234,26,78,-52
210000235,62,60,2
210000245,2,22,-20
210000246,27,21,6
210000258,14,50,-36
210000259,211,23,188
210000282,31,179,-148
210000285,0,123,-123
210000286,11,91,-80
210000290,0,3,-3
210000295,44,157,-113
210000296,47,46,1
210000320,304,64,240
210000321,126,20,106
210000338,81,70,11
210000339,127,785,-658
210000340,101,253,-152
210000341,135,234,-99
210000342,242,188,54
210000343,112,189,-77
210000344,78,156,-78
210000345,110,287,-177
210000346,43,135,-92
210000347,80,69,11
210000348,109,49,60
210000349,49,27,22
210000350,132,36,96
210000351,178,32,146
210000352,59,28,31
210000353,37,33,4
210000354,55,53,2
210000355,27,83,-56
210000356,16,119,-103
210000357,56,111,-55
210000358,250,178,72
210000359,44,141,-97
210000360,144,194,-50
210000361,149,94,55
210000362,211,165,46
210000363,427,254,173
210000364,156,192,-36
210000365,184,71,113
210000366,197,37,160
210000367,119,15,104
210000368,81,29,52
210000369,17,38,-21
210000370,58,93,-35
210000372,26,18,8
210000373,8,48,-40
210000374,54,53,1
210000375,28,31,-3
210000376,45,112,-67
210000404,34,77,-43
210000439,37,8,29
210000472,38,1,37
210000482,97,119,-22
210000564,225,235,-10
210000567,0,41,-41
210000568,197,1,196
211000092,30,23,7
211000094,26,2,24
211000169,141,6,135
211000172,9,195,-186
211000209,0,90,-90
211000226,1,7,-6
211000270,29,10,19
211000275,13,22,-9
211000276,96,13,83
211000279,18,24,-6
211000281,103,23,80
211000302,16,16,0
211507980,1,57,-56
211977296,33,7,26
212000003,230,29,201
212000004,19,79,-60
212000005,20,75,-55
212000006,27,68,-41
212000008,220,98,122
212000009,35,79,-44
212000012,108,20,88
212000013,20,17,3
212000014,249,83,166
212000015,279,124,155
212000016,382,281,101
212000027,433,221,212
212000028,334,210,124
212000029,215,161,54
212000030,51,10,41
212000031,72,23,49
212000048,16,289,-273
212000049,31,192,-161
212000050,12,14,-2
212000051,217,42,175
212000052,193,106,87
212000053,206,213,-7
212000054,472,69,403
212000055,441,120,321
212000056,15,44,-29
212000057,7,33,-26
212000058,174,34,140
212000070,83,93,-10
212000077,126,222,-96
212000099,328,180,148
212000108,267,138,129
212000111,281,84,197
212000120,159,86,73
212000138,149,22,127
212000156,3,76,-73
212000158,4,15,-11
212000159,560,46,514
212000160,680,131,549
212000161,90,4,86
212000310,50,6,44
212000311,12,54,-42
212000374,33,7,26
213000001,32,261,-229
213000005,424,72,352
213000006,539,245,294
213000007,31,34,-3
213000009,257,215,42
213000010,303,185,118
213000011,198,132,66
213000012,200,206,-6
213000014,44,21,23
213000015,249,17,232
213000016,352,1,351
213000017,81,0,81
213000018,1,10,-9
213000019,0,30,-30
213000020,142,129,13
213000021,2,37,-35
213000023,387,235,152
213000033,311,1093,-782
213000034,389,138,251
213000035,151,244,-93
213000045,254,254,0
213000046,174,102,72
213000047,322,948,-626
213000056,164,31,133
213000069,135,3,132
213000073,7,91,-84
213000074,236,517,-281
213000075,585,1,584
213000076,14,3,11
213000085,2,18,-16
213000086,9,83,-74
213000091,308,5,303
213000092,34,12,22
213000099,162,1239,-1077
213000100,808,261,547
213000101,754,74,680
213000102,696,78,618
213000103,735,436,299
213000104,75,278,-203
213000105,91,1474,-1383
213000106,39,62,-23
213000107,137,241,-104
213000108,57,158,-101
213000109,9,117,-108
213000110,9,71,-62
213000111,21,32,-11
213000112,58,67,-9
213000115,63,0,63
213000116,69,510,-441
213000117,12,435,-423
213000118,1014,303,711
213000119,38,369,-331
213000120,84,146,-62
213000122,143,188,-45
213000123,190,406,-216
213000124,185,517,-332
213000125,180,46,134
213000126,13,123,-110
213000127,37,176,-139
213000128,69,972,-903
213000129,142,1114,-972
213000130,1143,481,662
213000132,599,129,470
213000133,1404,94,1310
213000134,1701,17,1684
213000136,551,16,535
213000137,711,52,659
213000139,245,24,221
213000147,17,15,2
213000148,25,19,6
213000149,88,13,75
213000150,1,440,-439
213000151,5,267,-262
213000152,1,207,-206
213000153,7,182,-175
213000154,119,167,-48
213000155,54,151,-97
213000156,119,276,-157
213000157,793,227,566
213000158,349,546,-197
213000159,838,257,581
213000163,1324,135,1189
213000165,910,287,623
213000171,0,16,-16
213000172,0,76,-76
213000173,2,50,-48
213000174,0,42,-42
213000175,9,12,-3
213000176,66,41,25
213000177,89,0,89
213000178,276,1,275
213000179,235,1,234
213000180,186,1,185
213000184,72,317,-245
213000188,333,39,294
213000189,429,14,415
213000190,576,378,198
213000191,387,175,212
213000192,414,131,283
213000193,511,182,329
213000194,2,157,-155
213000195,17,248,-231
213000196,212,1343,-1131
213000197,613,602,11
213000198,14,3,11
213000200,113,344,-231
213000201,38,52,-14
213000202,33,488,-455
213000203,1935,369,1566
213000204,922,20,902
213000205,372,59,313
213000206,683,34,649
213000207,70,6,64
213000208,60,6,54
213000209,61,2,59
213000210,251,1,250
213000211,4,49,-45
213000212,35,51,-16
213000213,23,44,-21
213000218,344,364,-20
213000219,981,19,962
213000220,806,6,800
213000223,166,215,-49
213000224,12,51,-39
213000225,66,14,52
213000226,71,12,59
213000227,1134,182,952
213000228,481,65,416
213000229,59,18,41
213000230,667,5,662
213000232,105,189,-84
213000233,23,132,-109
213000234,9,66,-57
213000293,23,62,-39
213000294,81,68,13
213000295,44,93,-49
213000296,69,14,55
213000297,14,50,-36
213000298,8,65,-57
213000299,44,20,24
213000300,6,15,-9
213000303,3,17,-14
213000304,3,17,-14
213000305,1,38,-37
213000306,19,305,-286
213000307,96,194,-98
213000308,80,126,-46
213000309,141,54,87
213000310,341,183,158
213000311,94,864,-770
213000315,76,172,-96
213000316,171,72,99
213000322,98,30,68
213000323,203,51,152
213000324,78,3,75
213000325,46,25,21
213000326,15,12,3
213000327,51,11,40
213000328,15,69,-54
213000329,123,24,99
213000340,147,232,-85
213000341,857,77,780
213000346,95,273,-178
213000347,304,625,-321
213000348,5,594,-589
213000349,5,36,-31
213000350,233,821,-588
213000366,72,149,-77
213000367,354,14,340
213000379,42,223,-181
213000386,33,94,-61
213000406,162,105,57
213000417,1589,409,1180
213000425,301,48,253
213000426,224,52,172
213000427,39,88,-49
213000428,41,73,-32
213000429,3,9,-6
213000430,80,256,-176
213000431,14,0,14
213000432,2,120,-118
213000433,18,69,-51
213000434,153,74,79
213000435,144,119,25
213000436,71,25,46
213000437,0,4,-4
213000438,129,29,100
213000439,35,12,23
213000440,5,154,-149
213000441,1,1,0
213000442,1,7,-6
213000443,360,307,53
213000444,52,10,42
213000445,0,61,-61
213000446,0,60,-60
213000447,0,70,-70
213000448,14,186,-172
213000449,729,19,710
213000450,13,37,-24
213000451,322,40,282
213000452,21,4,17
213000453,24,154,-130
213000455,163,11,152
213000456,0,245,-245
213000481,2,1,1
213000482,44,1,43
213000489,109,30,79
213000491,11,240,-229
213000492,91,23,68
213000493,3,148,-145
213000494,226,75,151
213000495,0,27,-27
213000496,636,76,560
213000497,93,144,-51
213000498,77,73,4
213000499,140,109,31
213000500,639,57,582
213000501,216,8,208
213000502,154,81,73
213000503,0,57,-57
213000504,12,35,-23
213000505,11,2,9
213000506,0,11,-11
213000507,3,75,-72
213900244,111,0,111
213900245,0,17,-17
218000003,20,37,-17
218000004,38,85,-47
218000005,21,32,-11
218000006,71,58,13
218000007,13,13,0
218000012,165,123,42
218000013,165,143,22
218000014,366,203,163
218000019,390,373,17
218000020,217,222,-5
218000021,13,26,-13
218000022,19,12,7
218000023,7,9,-2
218000024,0,5,-5
218000025,3,10,-7
218000026,8,10,-2
218000027,0,5,-5
218000028,2,4,-2
218000029,6,3,3
218000030,4,10,-6
218000031,2,13,-11
218000032,0,5,-5
218000040,4,16,-12
218000046,100,35,65
218000047,27,32,-5
218000048,42,40,2
218000049,64,38,26
218000050,181,123,58
218000051,66,89,-23
218000052,0,26,-26
218000053,0,37,-37
218000054,3,49,-46
218000055,2,19,-17
218000056,18,42,-24
218000057,2,23,-21
218000064,0,25,-25
218000065,62,112,-50
218000066,7,23,-16
218000067,85,39,46
218000068,111,46,65
218000069,355,70,285
218000070,196,159,37
218000071,121,99,22
218000072,141,188,-47
218000078,1269,303,966
218000079,198,64,134
218000080,140,39,101
218000081,613,93,520
218000082,102,33,69
218000083,92,25,67
218000084,202,70,132
218000085,135,118,17
218000086,85,50,35
218000087,232,70,162
218000090,26,93,-67
218000091,1159,469,690
218000092,149,125,24
218000093,84,43,41
218000094,426,379,47
218000099,205,514,-309
218000100,411,216,195
218000101,297,143,154
218000102,563,159,404
218000103,81,76,5
218000104,175,15,160
218000105,24,46,-22
218000106,21,5,16
218000107,99,40,59
218000108,6,45,-39
218000112,70,25,45
218000117,18,107,-89
218000134,562,297,265
218000135,8,100,-92
218000136,121,91,30
218000137,177,204,-27
218000138,39,112,-73
218000139,171,186,-15
218000140,593,225,368
218000141,141,58,83
218000142,185,83,102
218000143,56,260,-204
218000144,27,183,-156
218000145,530,259,271
218000146,141,131,10
218000151,5,13,-8
218000152,77,69,8
218000153,3,0,3
218000154,4,1,3
218000155,54,0,54
218000156,79,3,76
218000157,52,7,45
218000158,6,8,-2
218000159,1,3,-2
218000160,2,4,-2
218000161,25,3,22
218000162,27,4,23
218000163,7,3,4
218000164,49,2,47
218000165,69,19,50
218000170,1,27,-26
218000171,42,28,14
218000172,11,10,1
218000173,14,52,-38
218000174,12,14,-2
218000176,225,78,147
218000177,374,132,242
218000178,88,150,-62
218000179,187,37,150
218000180,126,15,111
218000181,342,50,292
218000187,12,35,-23
218000188,9,124,-115
218000189,22,82,-60
218000190,48,14,34
218000191,222,31,191
218000192,288,105,183
218000193,491,180,311
218000194,182,166,16
218000195,107,41,66
218000196,336,166,170
218000197,613,187,426
218000198,51,48,3
218000199,60,13,47
218000200,37,29,8
218000201,19,51,-32
218000202,52,365,-313
218000207,5,12,-7
218000208,47,27,20
218000211,44,41,3
218000212,1,4,-3
218000213,147,48,99
218000214,2,14,-12
218000215,30,14,16
218000217,2,45,-43
218000218,106,20,86
218000219,1,61,-60
218000220,25,626,-601
218000221,433,190,243
218000222,2,88,-86
218000223,49,339,-290
218000224,7,137,-130
218000225,231,29,202
218000226,235,56,179
218000230,1,4,-3
218000232,45,24,21
218000239,160,14,146
218000240,3,5,-2
218000241,17,2,15
218000242,14,0,14
218000243,18,19,-1
218000244,41,6,35
218000245,12,4,8
218000246,0,0,0
218000247,1,0,1
218000248,0,22,-22
218000249,0,4,-4
218000250,4,12,-8
218000251,6,83,-77
218000252,4,506,-502
218000253,2,248,-246
218000254,0,58,-58
218000255,2,39,-37
218000256,7,143,-136
218000267,331,887,-556
218000268,7,54,-47
218000269,3,21,-18
218000270,164,45,119
218000271,5,56,-51
218000273,28,2,26
218000274,10,2,8
218000275,25,36,-11
218000276,12,34,-22
218000278,9,43,-34
218000279,72,29,43
218000280,8,33,-25
218000281,15,35,-20
218000282,519,694,-175
218000284,56,1,55
218000301,106,119,-13
218000302,75,51,24
218000303,2,63,-61
218000316,1096,572,524
218000317,1791,588,1203
218000318,1197,321,876
218000319,1356,556,800
218000320,1315,453,862
218000338,16,94,-78
218000345,109,85,24
218000346,77,153,-76
218000459,17,68,-51
218000490,26,77,-51
218000501,59,68,-9
218000502,58,29,29
218000503,61,26,35
218000504,92,24,68
218000505,32,79,-47
218000506,13,210,-197
218000508,3,4,-1
218000510,97,16,81
218000520,99,72,27
218000521,3,31,-28
218000522,2,243,-241
218000523,151,6,145
218000524,15,715,-700
218000525,89,46,43
218000526,10,446,-436
218000529,52,84,-32
218000530,20,2,18
218000531,16,10,6
218000532,18,16,2
218000534,137,26,111
218000537,11,65,-54
218000538,78,196,-118
218000540,89,49,40
218000543,218,62,156
218000544,32,79,-47
218000545,84,65,19
218000546,15,49,-34
218000547,138,148,-10
218000548,91,60,31
218000549,644,206,438
218000550,145,116,29
218000551,120,432,-312
218000552,192,239,-47
218000553,50,234,-184
218000554,52,74,-22
218000555,26,68,-42
218000556,240,173,67
218000557,360,210,150
218000558,75,0,75
218000559,0,40,-40
218000560,0,45,-45
218000561,7,0,7
218000562,18,108,-90
218000563,220,53,167
218000564,9,90,-81
218000565,80,45,35
218000566,71,43,28
218000567,0,113,-113
218000568,8,1,7
218000569,2,404,-402
218000570,28,30,-2
218000571,1,90,-89
218000572,151,4,147
218000573,4,322,-318
218000574,26,29,-3
218000575,94,0,94
218000576,0,63,-63
218000577,98,0,98
218000578,0,174,-174
218000579,21,44,-23
218000581,2,98,-96
218000582,73,7,66
218000583,7,0,7
218000584,0,43,-43
218000585,33,3,30
218000586,22,32,-10
218000587,2,8,-6
218000588,0,8,-8
218000589,0,3,-3
218000590,8,4,4
218000591,6,7,-1
218000592,8,4,4
218000593,0,1,-1
218000594,0,7,-7
218000597,0,1,-1
218000598,0,0,0
218000599,0,0,0
218000600,0,1,-1
218000601,0,5,-5
218000602,0,0,0
218000603,0,0,0
218000604,7,0,7
218000605,0,42,-42
218000606,88,0,88
218000607,14,81,-67
218000608,80,21,59
218000609,8,31,-23
218000610,56,8,48
218000611,12,4,8
218000612,0,41,-41
218000613,65,0,65
218000614,1,48,-47
218000615,150,5,145
218000616,2,120,-118
218000617,16,9,7
218000618,0,32,-32
218000619,17,17,0
218000620,7,19,-12
218000621,0,1,-1
218000622,0,40,-40
218000623,15,1,14
218000624,1,60,-59
218000625,24,0,24
218000626,0,16,-16
218000628,210,135,75
218000631,24,43,-19
218000632,0,106,-106
218000633,81,0,81
218000634,1,33,-32
218000635,8,21,-13
218000636,884,438,446
218000637,971,235,736
218000638,232,29,203
218000639,24,38,-14
218000640,491,42,449
218000641,76,103,-27
218000652,42,6,36
218000653,251,71,180
218000663,2,74,-72
218000675,133,93,40
218000676,7,9,-2
218000677,23,2,21
218000680,249,162,87
218000681,406,202,204
218000691,260,173,87
218000693,455,101,354
218000703,5,15,-10
218000718,24,118,-94
218000719,57,151,-94
218000720,7,349,-342
218000721,62,94,-32
218000725,6,2,4
218001147,0,54,-54
218001214,32,33,-1
218001258,218,5,213
218001329,106,124,-18
218001330,125,140,-15
218001351,10,37,-27
218001352,9,63,-54
218001353,6,19,-13
218001354,4,41,-37
218001355,5,87,-82
218001356,486,48,438
218001357,25,44,-19
218001358,317,22,295
218001361,478,1,477
218001362,1,38,-37
219000001,35,26,9
219000002,37,17,20
219000003,61,10,51
219000004,60,62,-2
219000017,68,103,-35
219000020,150,26,124
219000022,106,7,99
219000023,59,3,56
219000029,2,79,-77
219000034,29,25,4
219000039,46,177,-131
219000040,46,70,-24
219000041,137,18,119
219000051,1,81,-80
219000052,0,22,-22
219000053,0,30,-30
219000054,13,73,-60
219000055,288,2,286
219000056,5,0,5
219000057,57,0,57
219000062,17,150,-133
219000063,92,10,82
219000064,0,71,-71
219000110,163,130,33
219000111,71,44,27
219000112,184,24,160
219000113,149,31,118
219000114,151,34,117
219000116,111,43,68
219000117,139,77,62
219000118,154,58,96
219000123,150,44,106
219000124,62,29,33
219000125,11,4,7
219000126,48,102,-54
219000127,0,4,-4
219000128,13,115,-102
219000129,9,122,-113
219000130,177,584,-407
219000131,762,1219,-457
219000133,29,73,-44
219000134,24,43,-19
219000135,5,56,-51
219000136,75,185,-110
219000138,131,16,115
219000139,102,24,78
219000140,117,2,115
219000141,31,26,5
219000142,7,29,-22
219000143,63,28,35
219000145,4,24,-20
219000146,7,11,-4
219000147,1,39,-38
219000148,5,10,-5
219000149,6,27,-21
219000150,1,23,-22
219000151,6,17,-11
219000157,188,67,121
219000158,103,153,-50
219000161,128,5,123
219000163,899,318,581
219000166,86,170,-84
219000167,112,87,25
219000168,164,86,78
219000174,535,108,427
219000175,139,2,137
219000176,239,14,225
219000177,102,3,99
219000178,90,0,90
219000179,75,6,69
219000180,36,10,26
219000182,185,19,166
219000183,122,37,85
219000184,108,6,102
219000185,1,16,-15
219000186,49,24,25
219000187,5,43,-38
219000189,30,224,-194
219000190,23,225,-202
219000191,142,1764,-1622
219000192,182,175,7
219000193,108,119,-11
219000195,3,61,-58
219000196,6,97,-91
219000198,16,50,-34
219000199,21,107,-86
219000200,41,80,-39
219000201,52,79,-27
219000203,13,96,-83
219000204,55,332,-277
219000205,28,207,-179
219000207,66,155,-89
219000209,37,16,21
219000210,14,134,-120
219000213,11,147,-136
219000239,116,207,-91
219000240,138,309,-171
219000241,154,135,19
219000242,33,168,-135
219000243,133,234,-101
219000244,15,65,-50
219000245,28,33,-5
219000246,13,57,-44
219000247,155,42,113
219000248,403,564,-161
219000249,161,156,5
219000250,216,116,100
219000251,635,258,377
219000252,301,137,164
219000253,316,70,246
219000255,147,140,7
219000256,313,58,255
219000257,134,0,134
219000262,64,37,27
219000263,42,70,-28
219000267,3,24,-21
219000268,5,25,-20
219000269,6,5,1
219000270,16,0,16
219000271,205,4,201
219000278,0,15,-15
219000279,0,21,-21
219000283,0,7,-7
219000295,9,71,-62
219000296,59,173,-114
219000297,50,58,-8
219000298,25,40,-15
219000299,299,41,258
219000300,22,54,-32
219000301,46,231,-185
219000302,25,112,-87
219000307,35,20,15
219000308,61,65,-4
219000311,179,89,90
219000312,507,131,376
219000313,545,34,511
219000314,41,145,-104
219000315,287,21,266
219000316,631,42,589
219000317,155,22,133
219000320,7,95,-88
219000321,0,44,-44
219000323,5,36,-31
219000325,10,8,2
219000326,61,41,20
219000327,36,14,22
219000328,12,19,-7
219000329,165,87,78
219000330,16,37,-21
219000331,35,51,-16
219000332,219,74,145
219000333,27,14,13
219000335,63,1,62
219000337,18,0,18
219000338,38,1,37
219000344,15,31,-16
219000345,56,29,27
219000346,41,23,18
219000348,163,52,111
219000349,29,59,-30
219000350,78,388,-310
219000351,0,5,-5
219000352,267,83,184
219000353,111,60,51
219000354,250,59,191
219000355,129,58,71
219000356,350,2061,-1711
219000363,96,51,45
219000364,118,40,78
219000365,91,11,80
219000366,141,430,-289
219000368,292,455,-163
219000370,541,884,-343
219000371,5,22,-17
219000382,15,32,-17
219000383,180,1575,-1395
219000385,304,671,-367
219000386,624,1624,-1000
219000387,0,46,-46
219000390,8,4,4
219000391,2,1,1
219000397,42,19,23
219000398,44,27,17
219000401,11,65,-54
219000402,33,43,-10
219000403,68,196,-128
219000404,18,77,-59
219000407,13,31,-18
219000409,64,33,31
219000410,116,29,87
219000411,107,13,94
219000446,61,319,-258
219000447,1,18,-17
219000448,9,17,-8
219000452,74,80,-6
219000453,68,221,-153
219000454,162,278,-116
219000556,285,45,240
219000558,113,135,-22
219000590,19,163,-144
219000591,178,96,82
219000592,58,209,-151
219000595,11,11,0
219000635,209,57,152
219000636,57,16,41
219000657,26,13,13
219000658,11,134,-123
219000673,0,10,-10
219000676,15,12,3
219000679,20,14,6
219000684,82,3,79
219000685,0,41,-41
219000686,0,7,-7
219000688,0,26,-26
219000689,8,133,-125
219000690,137,8,129
219000691,27,171,-144
219000692,132,15,117
219000693,1,20,-19
219000694,8,0,8
219000695,41,1,40
219000698,11,0,11
219000699,0,79,-79
219000727,0,58,-58
219000728,41,0,41
219000770,32,1,31
219000771,0,125,-125
219000788,203,296,-93
219001150,1,41,-40
219001151,0,2,-2
219001166,43,46,-3
219001167,0,55,-55
219001178,27,2,25
220000001,46,164,-118
220000002,12,80,-68
220000003,203,108,95
220000004,348,292,56
220000005,413,952,-539
220000006,106,486,-380
220000007,318,161,157
220000008,204,419,-215
220000009,286,347,-61
220000010,80,46,34
220000011,333,2921,-2588
220000012,17,253,-236
220000014,125,76,49
220000015,95,565,-470
220000017,25,302,-277
220000018,6325,2035,4290
220000019,163,479,-316
220000020,525,141,384
220000021,1030,158,872
220000022,1223,295,928
220000023,408,125,283
220000024,906,524,382
220000025,595,1657,-1062
220000026,286,443,-157
220000027,21,119,-98
220000028,46,84,-38
220000029,38,61,-23
220000030,35,132,-97
220000031,558,320,238
220000064,21,1436,-1415
221000046,0,0,0
221000047,0,0,0
221000048,0,0,0
221000049,0,22,-22
221000050,8,0,8
221000055,47,32,15
221000057,58,4,54
221000068,187,92,95
221000069,330,43,287
221000070,219,15,204
221000071,129,9,120
221000072,240,10,230
221000073,143,34,109
221000074,0,9,-9
221000075,36,31,5
221000076,2,12,-10
221000077,2,49,-47
221000081,6,1,5
221000082,52,6,46
221000083,22,5,17
221000084,8,11,-3
221000085,6,48,-42
221000086,9,66,-57
221000087,7,91,-84
221000088,9,74,-65
221000089,15,115,-100
221000090,50,282,-232
221000098,128,17,111
221000099,210,9,201
221000100,184,4,180
221000101,231,8,223
221000102,102,13,89
221000109,6,72,-66
221000110,3,26,-23
221000111,17,106,-89
221000112,6,84,-78
221000113,8,79,-71
221000114,11,66,-55
221000120,20,50,-30
221000121,3,39,-36
221000122,25,63,-38
221000123,18,38,-20
221000124,24,116,-92
221000155,82,11,71
221000156,69,79,-10
221000175,6,16,-10
221000176,0,0,0
221000182,23,5,18
221000241,385,238,147
221000242,128,369,-241
221000243,437,275,162
221000244,119,572,-453
221000245,127,99,28
221000246,41,398,-357
221000247,139,77,62
221000248,136,188,-52
221000267,36,742,-706
221000325,14,93,-79
221000331,12,30,-18
221000338,18,22,-4
221000378,195,67,128
221000381,70,105,-35
222000282,13,1,12
222000296,3,14,-11
222000568,305,12,293
222000569,165,72,93
222000570,227,32,195
222000571,372,34,338
222000577,6,60,-54
222000578,7,68,-61
222000579,7,65,-58
222000580,34,467,-433
222000599,0,73,-73
222000600,0,140,-140
222000601,10,582,-572
222000603,5,46,-41
222000604,2,53,-51
222000605,18,90,-72
222000606,1,37,-36
222000607,6,2,4
222000608,27,55,-28
222000609,54,117,-63
222000616,428,35,393
222000617,16,52,-36
222000618,3,6,-3
222000620,33,26,7
222000621,53,50,3
222000623,565,16,549
222000624,478,4,474
222000625,684,3,681
222000636,61,7,54
222000686,21,28,-7
222000687,57,42,15
222001066,262,1,261
222001067,22,4,18
222001068,66,3,63
222001069,130,17,113
222001082,5,1,4
222001083,30,13,17
222001084,0,35,-35
222001085,1,88,-87
222001111,57,45,12
222001112,219,30,189
222001313,17,11,6
222001314,16,136,-120
222001464,257,37,220
222001465,13,56,-43
222001484,225,70,155
222001485,19,67,-48
222001494,677,186,491
222001495,173,88,85
222001496,408,127,281
222001497,84,177,-93
222001502,15,25,-10
222001503,129,24,105
222001504,25,118,-93
222001505,412,3,409
222001506,52,262,-210
222001507,180,12,168
222001510,609,12,597
222001511,38,132,-94
222001514,557,102,455
222001515,94,306,-212
222001518,516,48,468
222001519,41,74,-33
222001527,149,37,112
222001528,24,105,-81
222001529,370,22,348
222001530,35,94,-59
222001533,74,77,-3
222001534,475,31,444
222001535,273,246,27
222001536,21,106,-85
222001537,451,42,409
222001538,48,334,-286
222001563,1043,55,988
222001564,96,163,-67
222001568,184,251,-67
222001576,0,1,-1
222001579,0,22,-22
222001583,19,36,-17
222001584,62,36,26
222001596,584,1087,-503
222001597,1081,153,928
222001626,1,87,-86
222001650,8,67,-59
222001651,25,459,-434
222001914,161,26,135
222001915,22,165,-143
222001968,376,238,138
222001969,174,389,-215
222001970,125,427,-302
222001971,19,4,15
222001972,0,4,-4
225000001,341,103,238
225000002,558,127,431
225000003,589,70,519
225000004,508,158,350
225000005,65,37,28
225000006,0,162,-162
225000007,779,941,-162
225000010,225,5,220
225000011,294,1350,-1056
225000012,316,689,-373
225000013,110,94,16
225000014,568,131,437
225000015,95,123,-28
225000021,738,115,623
225000027,102,292,-190
225000032,677,86,591
225000042,52,416,-364
225000049,27,36,-9
225000050,133,14,119
225000053,9,201,-192
225000058,592,186,406
225000067,124,112,12
225000068,87,120,-33
225000069,37,240,-203
225000070,83,207,-124
225000071,35,52,-17
225000075,23,559,-536
225000076,26,90,-64
225000078,32,36,-4
225000085,101,94,7
225000086,367,92,275
225000087,235,39,196
225000088,7,143,-136
225000089,62,740,-678
225000090,31,264,-233
225000091,98,63,35
225000092,33,42,-9
225000093,157,141,16
225000094,11,85,-74
225000095,179,244,-65
225000096,139,307,-168
225000098,794,265,529
225000099,517,116,401
225000100,484,122,362
225000104,78,312,-234
225000110,3,247,-244
225000111,163,579,-416
225000112,233,757,-524
225000113,182,476,-294
225000114,118,254,-136
225000115,916,503,413
225000116,483,159,324
225000117,810,299,511
225000118,1073,228,845
225000119,289,74,215
225000120,683,41,642
225000121,115,16,99
225000123,475,6,469
225000125,613,192,421
225000126,915,271,644
225000127,502,1557,-1055
225000128,593,820,-227
225000132,602,18,584
225000133,218,30,188
225000134,829,114,715
225000135,65,12,53
225000136,371,10,361
225000137,288,73,215
225000138,415,91,324
225000143,52,169,-117
225000144,4,196,-192
225000145,40,16,24
225000146,38,26,12
225000147,48,57,-9
225000148,1,78,-77
225000149,26,173,-147
225000151,38,74,-36
225000155,190,213,-23
225000156,217,720,-503
225000157,371,372,-1
225000158,40,140,-100
225000171,9,101,-92
225000180,32,0,32
225000181,0,80,-80
225000182,62,7,55
225000185,1,264,-263
225000187,51,251,-200
225000191,40,0,40
225000194,0,10,-10
225000208,1,47,-46
225000209,99,8,91
225000210,2,169,-167
225000217,0,6,-6
225000218,11,1,10
225000223,0,138,-138
225000224,31,1,30
225000225,0,61,-61
225000226,5,0,5
225000227,64,74,-10
225000228,2,5,-3
225000229,0,43,-43
225000230,8,0,8
225000231,0,35,-35
225000232,160,0,160
225000241,60,0,60
225000242,0,49,-49
225000249,4,0,4
225000250,56,223,-167
225000251,501,52,449
226000042,126,191,-65
226000043,21,196,-175
226000044,68,310,-242
226000045,33,191,-158
226000046,578,107,471
226000047,432,116,316
226000048,491,136,355
226000049,361,333,28
226000070,0,26,-26
226000071,0,57,-57
226000072,1,21,-20
226000073,0,12,-12
226000074,0,27,-27
226000084,0,19,-19
226000085,5,10,-5
226000086,0,29,-29
226000087,0,53,-53
226000088,2,27,-25
226000090,36,112,-76
226000091,14,57,-43
226000092,1,11,-10
226000093,7,5,2
226000094,15,7,8
226000095,6,0,6
226000105,27,1,26
226000106,10,0,10
226000107,18,0,18
226000108,16,3,13
226000109,95,0,95
226000124,177,94,83
226000134,852,533,319
226000135,1354,653,701
226000136,534,342,192
226000137,11,119,-108
226000138,15,55,-40
226000139,3,15,-12
226000156,321,5,316
226000157,273,2,271
226000163,27,60,-33
226000202,17,113,-96
226000231,728,4,724
226000232,25,7,18
227000033,488,49,439
227000036,533,28,505
227000037,422,12,410
227000038,169,33,136
227000049,0,42,-42
227000050,0,73,-73
227000055,52,0,52
227000056,44,0,44
227000084,1,118,-117
227000085,2,94,-92
227000088,41,12,29
227000089,125,2,123
227000090,46,2,44
227000091,28,1,27
227000093,81,1,80
227000094,4,1,3
227000130,28,187,-159
227000131,23,118,-95
227000132,8,68,-60
227000133,6,72,-66
227000134,22,143,-121
227000152,0,4,-4
227000153,0,103,-103
227000155,1,36,-35
227000156,0,25,-25
227000165,2,174,-172
227000196,364,62,302
227000199,448,177,271
227000230,14,148,-134
227000232,606,26,580
227000242,26,462,-436
227000243,433,88,345
227000245,14,251,-237
227000246,83,187,-104
227000247,585,46,539
227000248,130,79,51
227000249,31,228,-197
227000250,374,264,110
227000251,129,454,-325
227000252,43,152,-109
227000253,230,22,208
227000262,638,38,600
227000266,1441,41,1400
227000267,24,719,-695
227000282,1,54,-53
227000284,734,14,720
227000286,1,18,-17
227000287,6,30,-24
227000291,3,179,-176
227000484,153,6,147
227000485,9,571,-562
227000655,101,1,100
227000656,584,17,567
227000657,101,1,100
227000661,468,14,454
227000680,150,59,91
229000265,27,8,19
229000296,0,11,-11
229000297,4,9,-5
229000298,10,105,-95
229000320,10,3,7
229000321,9,0,9
229000412,10,21,-11
229000414,2,39,-37
229000415,11,1,10
229000416,1,8,-7
229000417,2,1,1
229000419,48,184,-136
229000440,258,67,191
229000442,26,33,-7
229000443,2,8,-6
229000444,0,27,-27
229000445,58,2,56
229000446,48,14,34
229000491,1,5,-4
229000492,7,23,-16
229000493,9,28,-19
229000494,28,2,26
229000495,93,6,87
229000496,65,0,65
229000507,0,21,-21
229000508,0,26,-26
229000509,1,39,-38
229000510,1,23,-22
229000511,1,14,-13
229000512,0,7,-7
229000513,0,0,0
229000514,0,0,0
229000517,3,2,1
229000518,12,4,8
229000519,0,5,-5
229000520,7,13,-6
229000521,32,4,28
229000522,5,1,4
229000523,1,2,-1
229000524,4,4,0
229000527,2,0,2
229000528,1,1,0
229000529,5,1,4
229000530,58,1,57
229000531,24,0,24
229000532,6,0,6
229000533,36,0,36
229000534,18,0,18
229000564,57,0,57
229000565,11,1,10
229000566,1,6,-5
229000567,0,17,-17
229000582,46,6,40
229000583,2,5,-3
229000584,1,6,-5
229000585,2,32,-30
229000718,0,3,-3
229000719,0,0,0
229000720,0,1,-1
229000721,0,15,-15
229000722,0,8,-8
229000723,0,2,-2
229000724,0,6,-6
229000725,0,0,0
229000738,1,0,1
229000739,0,0,0
229000740,4,0,4
229000741,9,0,9
229000742,11,0,11
229000743,25,0,25
229000744,0,0,0
229000745,0,0,0
229000746,12,0,12
229000847,71,0,71
229000848,20,0,20
229000849,42,1,41
229000851,27,0,27
229000854,1,14,-13
229000856,0,31,-31
229000857,0,14,-14
229000858,0,16,-16
229000919,8,32,-24
229000930,1,183,-182
229000937,95,5,90
229000966,81,15,66
229000981,7,8,-1
229000985,13,16,-3
229000986,1,20,-19
229000987,0,1,-1
229000988,1,7,-6
229000989,10,9,1
229000990,1,0,1
229000991,1,2,-1
229000992,7,5,2
229000993,155,6,149
229000998,8,24,-16
229000999,68,12,56
229001034,0,4,-4
229001035,2,0,2
229001037,96,1,95
229001042,9,11,-2
229001047,4,14,-10
229001050,29,20,9
229001168,0,11,-11
229001200,16,22,-6
229001338,0,7,-7
229001394,200,7,193
229001422,110,14,96
229001423,13,74,-61
229001431,21,51,-30
229001432,19,39,-20
229001444,245,39,206
229001445,35,92,-57
229001479,14,2,12
229001503,256,40,216
229001504,95,149,-54
229001505,107,15,92
229001506,45,36,9
229001509,56,16,40
229001545,84,4,80
229001546,7,19,-12
229001553,94,6,88
229001554,13,44,-31
229001559,3,7,-4
229001560,3,44,-41
229001630,81,4,77
229001631,2,5,-3
229001635,0,19,-19
229001636,1,0,1
229001658,0,49,-49
229001659,43,1,42
229001660,4,13,-9
229001661,2,26,-24
229001662,22,0,22
229001663,0,10,-10
229002584,142,139,3
229002831,67,94,-27
229002841,12,25,-13
229002842,19,29,-10
229002843,39,32,7
229002844,34,60,-26
229002845,4,107,-103
229002846,24,19,5
229002847,1,7,-6
229002848,5,6,-1
229002849,3,56,-53
229002850,33,3,30
229002851,20,171,-151
229002852,121,14,107
229002853,78,12,66
229002854,25,58,-33
229002855,4,31,-27
229002856,13,5,8
229002857,11,83,-72
229002858,11,1,10
229002859,22,48,-26
229002860,69,16,53
229002861,27,9,18
229002862,17,24,-7
229002863,32,34,-2
229002864,38,26,12
229002865,4,19,-15
229002866,15,55,-40
229002867,0,41,-41
229002868,15,51,-36
229002869,26,94,-68
229002870,68,23,45
235000066,163,37,126
235000067,61,57,4
235000072,18,57,-39
235000073,71,232,-161
235000074,32,17,15
235000080,16,23,-7
235000081,74,65,9
235000082,205,15,190
235000083,160,14,146
235000084,20,23,-3
235000085,175,47,128
235000089,40,20,20
235000092,39,95,-56
235000093,5,19,-14
235000097,2,3,-1
235000098,63,2,61
235000099,10,17,-7
235000116,15,15,0
235000117,416,4,412
235000133,9,577,-568
235000134,12,217,-205
235000206,4,5,-1
235000207,2,6,-4
235000208,1,2,-1
235000209,10,9,1
235000210,6,3,3
235000212,7,14,-7
235000213,0,13,-13
235000220,3,6,-3
235000221,35,32,3
235000238,10,213,-203
235000239,0,51,-51
235000242,294,881,-587
235000245,319,172,147
235000246,28,61,-33
235000284,3,142,-139
235000295,100,35,65
235000305,249,55,194
235000306,310,17,293
235000307,33,3,30
235000308,11,3,8
235000309,50,0,50
235000310,33,1,32
235000311,394,11,383
235000322,0,27,-27
235000323,0,64,-64
235000324,0,55,-55
235000325,1,27,-26
235000326,4,44,-40
235000351,13,70,-57
235000352,11,30,-19
235000353,12,28,-16
235000354,20,60,-40
235000355,11,56,-45
235000356,60,3,57
235000357,48,13,35
235000358,36,3,33
235000359,7,8,-1
235000360,29,6,23
235000361,113,4,109
235000381,90,62,28
235000382,125,14,111
235000390,8,2,6
235000391,221,14,207
235000392,210,259,-49
235000393,120,116,4
235000395,105,38,67
235000396,487,59,428
235000400,61,122,-61
235000401,6,131,-125
235000405,105,137,-32
235000406,25,77,-52
235000407,43,54,-11
235000409,132,61,71
235000410,64,147,-83
235000411,1,19,-18
235000485,0,4,-4
235000486,7,0,7
235000549,66,54,12
235000550,144,81,63
235000599,137,35,102
235000600,11,19,-8
235000601,15,15,0
235000602,111,32,79
235000614,1,28,-27
235000648,0,4,-4
235000649,10,5,5
235000685,5,4,1
235000815,20,140,-120
235000834,0,14,-14
235000855,23,34,-11
235000862,44,44,0
235000891,0,35,-35
235000892,10,0,10
235000901,44,34,10
235000907,1,17,-16
235001010,67,36,31
235001029,139,165,-26
235001030,296,129,167
235001078,78,63,15
235001079,25,55,-30
235001147,7,91,-84
235001166,6,21,-15
235001167,33,8,25
235001169,41,325,-284
235001188,4,6,-2
235001189,3,4,-1
235001197,4,36,-32
235001200,68,65,3
235001207,338,52,286
235001210,84,66,18
235001215,8,91,-83
235001239,2,43,-41
235001244,0,1,-1
235016267,0,33,-33
277101746,0,0,0
277102712,0,1,-1
277103813,0,0,0
277103814,0,0,0
277103898,0,0,0
277104249,0,0,0
277104250,0,8,-8
277104251,0,6,-6
277104252,0,2,-2
990011530,0,200,-200
990014944,0,180,-180
990015176,249,5,244
990015618,0,85,-85
990016032,0,178,-178
990032570,0,16,-16
990070001,55,1,54
990070103,0,2,-2
990070601,1,23,-22
990070751,1491,3,1488
990070766,1,109,-108
990071180,381,170,211
990071343,16,1,15
990071387,0,6,-6
990071823,333,4,329
990072600,5,1283,-1278
990072964,1,250,-249
990073285,0,0,0
990074393,1,292,-291
990074870,1667,16,1651
990075106,677,3,674
990075746,580,6,574
990076437,2746,1,2745
990076458,0,180,-180
997000007,330,59,271
997000041,0,174,-174
997000058,64,2,62
997000062,13,0,13
997000069,0,2,-2
997000070,0,11,-11
997000100,78,0,78
997000141,0,235,-235
997000198,34,378,-344
998000475,0,0,0
998000736,0,59,-59
998000965,0,9,-9
998001031,1,35,-34
998001700,0,25,-25
998001899,0,0,0
998001900,3,1,2
998003073,927,8,919
998101900,0,0,0
998102850,2,193,-191
998501927,508,1061,-553
998501929,102,23,79
998501930,53,0,53
998501931,164,34,130
998501932,5,1,4
998501933,30,0,30
998501937,34,4,30
998501944,12,0,12
998501950,0,11,-11
998501970,88,0,88
998501971,0,20,-20
998501973,0,9,-9
998501974,0,104,-104
998501975,85,1,84
998501976,332,0,332
998501977,1,15,-14
998501978,4,0,4
998501979,0,7,-7
998501980,106,9,97
998501981,49,0,49
998501982,1,96,-95
998501983,1,9,-8
998502024,0,14,-14
998502032,0,1,-1
998502062,9,0,9
998502063,0,0,0
998502173,26,0,26
998502269,0,2,-2
998502546,0,281,-281
998502578,0,0,0
998502599,16,248,-232
998601159,0,24,-24
998601292,0,3,-3
999033574,0,177,-177
999800001,36,3,33
999800002,0,1,-1
999800003,0,1,-1
999800004,0,16,-16
999800005,0,19,-19
