ID,insum,outsum,diff
100000001,0,0,0
100000002,1443,2718,-1275
100000003,2452,3567,-1115
100000004,188,860,-672
100000005,1307,2062,-755
100000006,80,77,3
100000007,409,440,-31
100000008,9,35,-26
100000009,63,250,-187
100000010,0,63,-63
100000011,68,51,17
100000012,21,62,-41
100000013,0,13,-13
100000014,26,14,12
100000015,411,878,-467
100000016,75,200,-125
100000017,34,96,-62
100000018,218,148,70
100000019,408,990,-582
100000020,266,1277,-1011
100000021,287,217,70
100000022,314,950,-636
100000023,648,485,163
100000025,165,859,-694
100000028,414,499,-85
100000029,1,42,-41
100000030,86,1,85
100000031,700,2363,-1663
100000032,310,1167,-857
100000033,156,990,-834
100000034,31,200,-169
100000035,197,521,-324
100000036,160,255,-95
100000037,322,137,185
100000038,954,344,610
100000039,68,35,33
100000040,12,84,-72
100000041,396,142,254
100000042,283,78,205
100000043,166,95,71
100000044,28,25,3
100000045,31,88,-57
100000046,132,80,52
100000047,78,42,36
100000048,101,140,-39
100000049,257,176,81
100000051,180,106,74
100000053,31,0,31
100000054,71,4,67
100000055,63,42,21
100000056,72,82,-10
100000057,543,112,431
100000058,48,149,-101
100000059,9,75,-66
100000060,99,125,-26
100000061,574,167,407
100000062,352,205,147
100000063,237,129,108
100000064,235,122,113
100000065,90,120,-30
100000066,56,65,-9
100000067,91,159,-68
100000068,81,172,-91
100000069,83,143,-60
100000072,18,49,-31
100000073,205,239,-34
100000075,162,31,131
100000076,499,1621,-1122
100000077,90,241,-151
100000078,16,111,-95
100000079,4,57,-53
100000080,0,32,-32
100000081,0,34,-34
100000102,920,1946,-1026
100000103,468,585,-117
100000104,349,321,28
100000105,148,391,-243
100000106,405,1595,-1190
100000107,37,509,-472
100000108,105,78,27
100000109,648,361,287
100000116,417,497,-80
100000117,1,49,-48
100000118,1444,387,1057
100000119,447,394,53
100000121,12,255,-243
100000122,121,498,-377
100000123,1774,2014,-240
100000124,773,1099,-326
100000125,295,988,-693
100000126,182,272,-90
100000127,375,300,75
100000128,59,532,-473
100000129,42,114,-72
100000130,359,379,-20
100000131,145,224,-79
100000132,185,909,-724
100000133,770,264,506
100000135,130,240,-110
100000139,126,200,-74
100000140,0,0,0
100000142,137,89,48
100000143,84,83,1
100000144,523,25,498
100000147,901,3325,-2424
100000150,29,118,-89
100000151,82,728,-646
100000153,2,92,-90
100000154,2,136,-134
100000155,0,24,-24
100000156,29,99,-70
100000157,457,65,392
100000158,38,87,-49
100000159,41,359,-318
100000165,465,240,225
100000169,15,173,-158
100000174,38,135,-97
100000179,32,601,-569
100000180,82,51,31
100000181,45,77,-32
100000188,4,35,-31
100000189,353,117,236
100000190,153,498,-345
100000191,23,174,-151
100000192,2,115,-113
100000193,37,66,-29
100000330,314,507,-193
100000355,23,70,-47
100000362,904,435,469
100000363,2910,3680,-770
100000364,155,53,102
100000365,4375,3744,631
100000366,859,807,52
100000367,3549,3752,-203
100000368,91,76,15
100000369,122,1213,-1091
100000370,17,557,-540
100000376,35,324,-289
100000379,409,1735,-1326
100000380,1817,3000,-1183
100000384,1661,2789,-1128
100000385,404,2576,-2172
100000386,1122,2032,-910
100000387,859,4000,-3141
100000388,1580,1341,239
100000389,1824,3350,-1526
100000390,951,775,176
100000391,2204,4240,-2036
100000392,242,579,-337
100000393,234,1884,-1650
100000394,813,1159,-346
100000395,498,1054,-556
100000396,998,497,501
100000397,530,1522,-992
100000398,5848,1882,3966
100000413,0,0,0
100900002,0,0,0
100900003,26,48,-22
100900004,0,0,0
100900005,0,0,0
100900006,0,0,0
100900007,0,0,0
100900008,0,0,0
100900009,0,0,0
100900010,0,0,0
100900011,0,0,0
100900012,0,0,0
100900013,0,0,0
100900014,0,0,0
100900015,0,0,0
100900016,0,0,0
100900017,53,21,32
100900018,0,0,0
100900019,0,0,0
100900020,0,0,0
100900021,65,0,65
100900022,0,0,0
100900023,0,0,0
100900024,0,0,0
100900025,1,0,1
100900026,0,0,0
100900027,7,183,-176
100900028,10,11,-1
100900029,0,0,0
100900030,0,0,0
100900031,162,38,124
100900032,39,0,39
100900033,0,0,0
100900034,0,0,0
100900035,0,0,0
100900036,4,0,4
100900037,0,0,0
100900038,0,0,0
100900039,23,0,23
100900040,153,13,140
100900041,137,1,136
100900042,24,14,10
100900043,2,7,-5
100900044,46,0,46
100900045,0,0,0
100900046,131,0,131
100900047,78,10,68
100900048,1,0,1
100900049,0,0,0
100900050,0,0,0
100900051,0,0,0
100900052,0,0,0
100900053,0,0,0
100900054,0,0,0
100900055,0,0,0
100900056,0,0,0
100900057,39,2,37
100900058,0,0,0
100900059,0,0,0
100900060,0,0,0
100900061,0,0,0
100900062,0,0,0
100900063,10,167,-157
100900064,24,3,21
100900065,0,0,0
100900066,7,1,6
100900067,0,0,0
100900068,0,0,0
100900069,0,0,0
100900070,0,0,0
100900071,0,0,0
100900072,0,0,0
100900073,1,0,1
100900074,0,0,0
100900075,0,0,0
100900076,0,1,-1
100900077,2,1,1
100900078,1,0,1
100900079,0,0,0
100900080,1,1,0
100900081,0,0,0
100900082,0,0,0
100900083,0,0,0
100900085,0,0,0
100900086,0,0,0
100900088,0,0,0
100900089,0,0,0
100900090,0,3,-3
100900091,0,2,-2
100900092,35,1,34
100900093,0,0,0
100900094,0,0,0
100900095,0,0,0
100900096,0,0,0
100900097,0,0,0
100900098,0,0,0
100900099,0,0,0
100900100,0,0,0
100900101,1,0,1
100900102,0,0,0
100900103,0,0,0
100900104,0,0,0
100900105,0,0,0
100900106,0,0,0
100900107,0,0,0
100900108,0,0,0
100900109,0,0,0
100900110,2,4,-2
100900111,0,0,0
100900112,0,0,0
100900113,0,0,0
100900114,0,0,0
100900115,0,0,0
100900116,28,0,28
100900117,0,0,0
100900118,0,0,0
100900119,0,0,0
100900120,0,1,-1
100900121,2,0,2
100900122,0,0,0
100900123,0,0,0
100900124,0,0,0
100900125,0,0,0
100900126,0,0,0
100900127,0,0,0
100900128,0,0,0
100900129,0,0,0
100900131,4,0,4
100900133,0,0,0
100900134,0,0,0
100900135,0,0,0
100900137,0,0,0
100900138,0,0,0
100900139,0,0,0
100900140,0,0,0
100900141,0,0,0
100900142,0,0,0
100900143,0,0,0
100900144,0,0,0
100900145,0,0,0
100900146,0,0,0
100900147,0,0,0
100900148,0,0,0
100900149,0,0,0
100900150,0,0,0
100900151,0,0,0
100900152,0,0,0
100900153,0,0,0
100900154,0,0,0
100900155,0,0,0
100900156,0,0,0
100900157,0,0,0
100900159,0,0,0
100900160,0,0,0
100900161,0,0,0
100900162,0,0,0
100900163,0,0,0
100900164,0,0,0
100900165,0,0,0
100900166,0,0,0
100900167,0,0,0
100900168,0,0,0
100900169,0,0,0
100900170,0,0,0
100900171,0,0,0
100900172,0,0,0
100900173,0,0,0
100900174,0,0,0
100900176,0,0,0
100900177,0,0,0
100900178,24,0,24
100900179,0,0,0
100900180,0,0,0
100900181,0,0,0
100900182,1,4,-3
100900184,2,10,-8
100900186,0,0,0
100900187,0,0,0
100900188,0,0,0
100900189,0,0,0
100900191,0,0,0
100900192,0,0,0
100900195,4,2,2
100900197,108,113,-5
100900198,1,0,1
100900199,4,1,3
100900200,0,0,0
100900201,0,0,0
100900202,0,0,0
100900203,0,0,0
100900204,4,0,4
100900205,0,0,0
100900206,0,0,0
100900207,0,0,0
100900210,0,0,0
100900211,0,0,0
100900213,0,0,0
100900214,0,0,0
100900215,0,0,0
100900217,0,6,-6
101000001,531,773,-242
101000002,230,763,-533
101000003,30,465,-435
101000004,2920,5176,-2256
101000005,1937,3650,-1713
101000006,2199,3988,-1789
101000007,532,2619,-2087
101000008,927,2393,-1466
101000009,918,226,692
101000010,196,271,-75
101000011,56,243,-187
101000012,24,18,6
101000013,141,467,-326
101000014,265,596,-331
101000015,661,566,95
101000016,15,339,-324
101000017,47,178,-131
101000018,437,580,-143
101000020,775,234,541
101000021,41,288,-247
101000022,2,7,-5
101000023,128,256,-128
101000025,98,135,-37
101000026,94,2,92
101000027,689,1509,-820
101000028,404,135,269
101000029,22,627,-605
101000030,93,83,10
101000031,49,645,-596
101000032,1325,2026,-701
101000033,251,1294,-1043
101000034,152,1042,-890
101000035,33,128,-95
101000036,263,570,-307
101000037,341,1480,-1139
101000039,306,823,-517
101000040,393,1220,-827
101000041,1877,3783,-1906
101000042,13,445,-432
101000043,1026,2134,-1108
101000045,108,262,-154
101000046,657,1324,-667
101000047,754,1695,-941
101000048,118,175,-57
101000049,65,315,-250
101000050,190,1089,-899
101000051,131,1540,-1409
101000052,456,1258,-802
101000053,150,397,-247
101000054,273,177,96
101000055,620,1343,-723
101000056,27,147,-120
101000057,133,396,-263
101000058,305,1434,-1129
101000059,913,2352,-1439
101000060,90,92,-2
101000061,163,1924,-1761
101000062,60,180,-120
101000063,131,1246,-1115
101000064,129,324,-195
101000065,49,732,-683
101000066,124,762,-638
101000067,93,76,17
101000068,194,463,-269
101000069,108,42,66
101000070,187,152,35
101000071,599,664,-65
101000072,2055,957,1098
101000073,1056,883,173
101000074,2908,1828,1080
101000075,4951,832,4119
101000077,1590,485,1105
101000078,817,640,177
101000079,888,470,418
101000080,485,60,425
101000081,795,609,186
101000082,910,751,159
101000083,1257,883,374
101000084,196,188,8
101000085,1074,747,327
101000086,69,138,-69
101000087,110,171,-61
101000088,520,638,-118
101000089,303,626,-323
101000090,267,208,59
101000091,269,181,88
101000092,650,243,407
101000093,630,314,316
101000094,60,81,-21
101000095,24,74,-50
101000096,281,245,36
101000097,51,110,-59
101000098,83,240,-157
101000099,437,694,-257
101000100,220,647,-427
101000101,169,277,-108
101000102,106,309,-203
101000103,246,249,-3
101000104,31,340,-309
101000105,65,105,-40
101000106,16,64,-48
101000107,15,48,-33
101000108,125,67,58
101000109,53,17,36
101000110,2,54,-52
101000111,19,75,-56
101000113,41,263,-222
101000114,720,1313,-593
101000115,0,0,0
101000116,0,0,0
101000117,16,1,15
101000119,5,44,-39
101000120,2,10,-8
101000121,9,6,3
101000122,0,12,-12
101000123,2,11,-9
101000124,383,93,290
101000125,60,33,27
101000128,58,122,-64
101000130,463,100,363
101000131,473,252,221
101000132,39,106,-67
101000135,2,15,-13
101000136,11,15,-4
101000137,10,295,-285
101000141,427,2903,-2476
101000147,244,62,182
101000148,107,2,105
101000149,3,0,3
101000150,39,76,-37
101000151,16,6,10
101000152,93,17,76
101000153,178,26,152
101000154,104,109,-5
101000155,0,0,0
101000156,0,0,0
101000157,0,4,-4
101000160,0,0,0
101000163,40,248,-208
101000164,37,3,34
101000165,137,144,-7
101000166,128,239,-111
101000168,0,3,-3
101000252,916,197,719
101000254,0,0,0
101000258,265,5,260
101000261,389,15,374
101000262,266,2246,-1980
101000263,99,933,-834
101000265,1,256,-255
101000266,103,47,56
101000269,0,0,0
101000290,68,1285,-1217
101000293,1,0,1
101000294,181,124,57
101000295,37,57,-20
101000301,40,350,-310
101000304,632,1406,-774
101000305,1054,812,242
101000328,24,372,-348
101900001,0,0,0
101900002,0,0,0
101900003,0,0,0
101900004,0,0,0
101900005,0,0,0
101900006,0,0,0
101900007,0,0,0
101900008,0,0,0
101900009,0,0,0
101900010,0,0,0
101900011,0,0,0
101900012,0,0,0
101900013,0,0,0
101900017,0,0,0
101900018,7,0,7
101900019,0,0,0
101900020,18,7,11
101900021,0,0,0
101900022,11,2,9
101900023,0,0,0
101900026,0,0,0
101900027,0,0,0
102000001,569,2094,-1525
102000002,937,303,634
102000003,420,1793,-1373
102000004,540,1359,-819
102000005,219,1277,-1058
102000006,252,1218,-966
102000007,233,1686,-1453
102000008,1759,960,799
102000009,2028,3238,-1210
102000010,961,916,45
102000011,1386,2579,-1193
102000012,1285,1263,22
102000018,397,422,-25
102000019,36,317,-281
102000026,14,107,-93
102000029,118,34,84
102000030,11,70,-59
102000031,5,44,-39
102000032,121,150,-29
102000033,115,125,-10
102000034,50,25,25
102000035,133,34,99
102000036,16,68,-52
102000037,14,18,-4
102000038,30,21,9
102000039,7,10,-3
102000040,18,31,-13
102000041,20,97,-77
102000042,2,164,-162
102000043,5,21,-16
102000044,94,276,-182
102000045,106,302,-196
102000046,200,133,67
102000047,140,196,-56
102000048,114,217,-103
102000049,301,314,-13
102000050,214,406,-192
102000051,87,177,-90
102000052,442,355,87
102000053,374,559,-185
102000054,70,130,-60
102000055,130,57,73
102000056,528,85,443
102000057,253,98,155
102000058,91,110,-19
102000059,102,92,10
102000060,433,448,-15
102000061,195,190,5
102000062,654,437,217
102000063,84,373,-289
102000064,375,448,-73
102000065,11,61,-50
102000066,316,201,115
102000067,559,1369,-810
102000068,1376,708,668
102000069,40,496,-456
102000070,526,7,519
102000071,2757,3565,-808
102000072,689,790,-101
102000073,92,77,15
102000074,185,80,105
102000075,102,78,24
102000076,111,58,53
102000077,604,158,446
102000078,437,86,351
102000079,59,14,45
102000080,114,41,73
102000081,54,336,-282
102000082,79,137,-58
102000083,129,58,71
102000084,359,95,264
102000085,303,142,161
102000086,541,229,312
102000087,110,411,-301
102000088,113,77,36
102000089,490,117,373
102000090,125,477,-352
102000091,676,238,438
102000092,219,273,-54
102000093,186,232,-46
102000094,451,130,321
102000095,192,265,-73
102000096,1615,258,1357
102000097,516,261,255
102000098,438,295,143
102000099,633,230,403
102000100,142,243,-101
102000101,119,227,-108
102000102,82,303,-221
102000103,68,358,-290
102000104,49,127,-78
102000105,89,108,-19
102000106,180,70,110
102000107,496,48,448
102000108,163,36,127
102000109,80,76,4
102000110,535,129,406
102000111,2,28,-26
102000112,14,23,-9
102000113,2,8,-6
102000114,76,108,-32
102000115,15,55,-40
102000116,38,224,-186
102000117,7,88,-81
102000118,279,757,-478
102000119,196,173,23
102000120,49,357,-308
102000121,99,234,-135
102000122,196,610,-414
102000123,109,181,-72
102000124,219,364,-145
102000125,91,59,32
102000126,175,228,-53
102000127,313,69,244
102000128,133,237,-104
102000129,201,130,71
102000130,205,579,-374
102000131,215,630,-415
102000132,42,1170,-1128
102000133,1068,403,665
102000134,188,251,-63
102000135,62,289,-227
102000136,33,69,-36
102000137,39,29,10
102000138,41,7,34
102000139,35,55,-20
102000140,3,11,-8
102000141,5,45,-40
102000142,56,24,32
102000143,65,18,47
102000144,72,14,58
102000145,59,7,52
102000146,108,23,85
102000147,20,18,2
102000148,15,87,-72
102000149,57,63,-6
102000150,142,20,122
102000151,29,81,-52
102000152,61,78,-17
102000153,160,133,27
102000154,46,82,-36
102000155,42,101,-59
102000156,19,9,10
102000157,10,97,-87
102000158,7,117,-110
102000159,56,16,40
102000161,41,324,-283
102000162,15,9,6
102000163,9,268,-259
102000164,102,478,-376
102000165,0,0,0
102000166,0,57,-57
102000167,0,0,0
102000168,24,34,-10
102000169,16,161,-145
102000170,0,0,0
102000171,0,0,0
102000172,3,54,-51
102000173,85,109,-24
102000174,9,5,4
102000175,89,10,79
102000176,16,9,7
102000178,40,30,10
102000179,116,102,14
102000180,193,103,90
102000181,326,149,177
102000182,225,105,120
102000183,719,225,494
102000184,250,88,162
102000185,1015,168,847
102000186,335,116,219
102000187,142,139,3
102000188,388,406,-18
102000189,594,79,515
102000190,470,739,-269
102000191,232,98,134
102000192,69,331,-262
102000193,23,5,18
102000194,8,16,-8
102000195,152,48,104
102000196,86,45,41
102000197,323,18,305
102000198,56,81,-25
102000199,346,17,329
102000200,108,152,-44
102000201,350,48,302
102000202,0,14,-14
102000203,67,8,59
102000204,130,149,-19
102000205,272,104,168
102000206,80,31,49
102000207,182,156,26
102000208,35,133,-98
102000209,18,14,4
102000210,81,0,81
102000211,28,0,28
102000212,219,7,212
102000213,0,0,0
102000214,118,4,114
102000215,1,2,-1
102000216,31,34,-3
102000217,0,0,0
102000218,62,30,32
102000219,4,8,-4
102000225,362,238,124
102000226,1,29,-28
102000227,41,0,41
102000228,0,0,0
102000229,1,3,-2
102000230,79,163,-84
102000231,131,203,-72
102000232,7,117,-110
102000233,76,124,-48
102000234,20,828,-808
102000236,8,1,7
102000237,55,10,45
102000238,5,12,-7
102000240,0,0,0
102000241,19,1,18
102000243,2,36,-34
102000245,0,0,0
102000246,1,50,-49
102000247,20,178,-158
102000248,138,334,-196
102000249,18,19,-1
102000250,46,74,-28
102000254,62,65,-3
102000266,1,16,-15
102000271,2,0,2
102000286,49,113,-64
102000297,157,134,23
102000299,0,0,0
102000301,0,0,0
102000305,0,0,0
102000307,0,0,0
102900001,70,30,40
102900002,47,1,46
102900003,0,0,0
102900005,92,16,76
102900006,39,2,37
102900007,134,1,133
102900008,32,0,32
102900009,10,0,10
102900010,83,2,81
102900011,0,0,0
102900012,0,0,0
102900013,0,0,0
102900015,0,0,0
102900016,0,0,0
102900017,0,0,0
102900018,0,0,0
102900019,0,0,0
102900020,0,0,0
102900021,0,0,0
102900022,0,0,0
102900023,0,0,0
102900024,0,0,0
102900025,0,0,0
102900026,4,144,-140
102900027,0,0,0
102900028,2,79,-77
102900029,0,0,0
102900030,1,20,-19
102900031,35,37,-2
102900032,0,0,0
102900033,0,0,0
102900034,117,4,113
102900035,0,0,0
102900036,101,26,75
102900037,49,16,33
102900038,25,8,17
102900039,2,0,2
102900040,0,0,0
102900041,0,0,0
102900042,0,0,0
102900043,0,0,0
102900044,0,0,0
102900045,0,0,0
102900046,0,0,0
102900047,0,0,0
102900048,0,0,0
102900049,0,0,0
102900050,0,0,0
102900051,0,0,0
102900052,0,0,0
102900053,0,0,0
102900054,0,0,0
102900055,0,0,0
102900056,0,0,0
102900057,0,0,0
102900058,0,0,0
102900059,0,0,0
102900060,1,25,-24
102900061,4,8,-4
102900062,57,35,22
102900063,67,4,63
102900064,1,63,-62
102900065,104,4,100
102900066,18,0,18
102900068,0,0,0
102900070,0,0,0
102900072,0,0,0
102900073,0,0,0
102900075,0,0,0
102900076,0,0,0
102900077,0,0,0
102900078,0,0,0
102900079,83,0,83
102900080,41,1,40
102900081,0,0,0
102900082,0,0,0
102900083,0,0,0
102900084,0,0,0
102900085,0,0,0
102900086,0,0,0
102900087,0,0,0
102900088,0,0,0
102900089,0,0,0
102900090,0,0,0
102900091,0,0,0
102900092,0,0,0
102900093,0,0,0
102900094,0,0,0
102900095,11,0,11
102900096,0,0,0
102900097,0,0,0
102900098,0,0,0
103000001,1945,1250,695
103000002,1176,1171,5
103000003,1008,945,63
103000004,182,332,-150
103000005,1087,1273,-186
103000006,419,763,-344
103000007,319,258,61
103000008,121,46,75
103000009,381,512,-131
103000010,91,22,69
103000011,374,636,-262
103000012,596,881,-285
103000013,397,442,-45
103000014,722,1819,-1097
103000015,124,24,100
103000016,222,484,-262
103000017,85,218,-133
103000018,167,156,11
103000019,162,163,-1
103000020,336,497,-161
103000021,1816,1414,402
103000022,124,286,-162
103000023,436,1536,-1100
103000024,19,85,-66
103000025,43,321,-278
103000026,127,76,51
103000027,67,229,-162
103000028,271,274,-3
103000029,89,60,29
103000030,314,445,-131
103000031,433,938,-505
103000032,662,507,155
103000033,2536,2303,233
103000034,532,367,165
103000035,176,469,-293
103000036,66,197,-131
103000037,196,120,76
103000038,297,563,-266
103000039,152,96,56
103000040,132,347,-215
103000041,742,617,125
103000042,613,99,514
103000043,476,327,149
103000044,44,11,33
103000046,17,56,-39
103000047,86,136,-50
103000048,27,22,5
103000049,10,50,-40
103000050,61,11,50
103000051,27,79,-52
103000052,37,10,27
103000053,6,35,-29
103000054,773,202,571
103000055,1099,498,601
103000056,323,281,42
103000057,476,160,316
103000058,342,152,190
103000059,280,246,34
103000060,246,143,103
103000061,265,315,-50
103000062,169,60,109
103000063,301,405,-104
103000064,43,15,28
103000065,1,27,-26
103000066,39,0,39
103000069,100,54,46
103000070,158,95,63
103000071,256,159,97
103000072,33,57,-24
103000073,421,66,355
103000074,222,24,198
103000075,8,66,-58
103000076,75,293,-218
103000077,2,73,-71
103000078,183,395,-212
103000079,97,264,-167
103000080,307,173,134
103000081,76,452,-376
103000082,288,26,262
103000083,9,59,-50
103000084,55,3,52
103000085,0,46,-46
103000086,429,246,183
103000087,51,293,-242
103000088,167,160,7
103000089,79,334,-255
103000090,3131,2168,963
103000091,589,658,-69
103000092,350,150,200
103000093,68,109,-41
103000094,171,64,107
103000095,13,60,-47
103000096,280,17,263
103000097,0,64,-64
103000098,417,10,407
103000099,24,39,-15
103000100,36,104,-68
103000101,472,29,443
103000102,9,43,-34
103000103,365,41,324
103000104,46,27,19
103000105,116,10,106
103000106,3,34,-31
103000107,103,25,78
103000108,698,1058,-360
103000109,189,550,-361
103000110,510,483,27
103000111,110,157,-47
103000112,109,152,-43
103000113,43,373,-330
103000114,475,331,144
103000115,696,567,129
103000116,537,217,320
103000117,402,130,272
103000118,49,97,-48
103000119,77,94,-17
103000120,0,6,-6
103000121,61,94,-33
103000122,656,962,-306
103000125,3,26,-23
103000126,340,1,339
103000127,0,64,-64
103000128,27,0,27
103000129,0,43,-43
103000130,31,8,23
103000131,30,68,-38
103000132,6,20,-14
103000133,1,47,-46
103000134,112,77,35
103000135,120,113,7
103000136,98,21,77
103000137,72,282,-210
103000138,178,306,-128
103000139,0,18,-18
103000140,29,8,21
103000141,0,40,-40
103000142,53,19,34
103000143,7,11,-4
103000144,55,38,17
103000145,2,14,-12
103000150,7,20,-13
103000152,63,145,-82
103000153,87,205,-118
103000156,2,57,-55
103000157,95,0,95
103000159,86,21,65
103000162,21,3,18
103000163,1,5,-4
103000164,1,1,0
103000165,12,72,-60
103000166,113,200,-87
103000167,96,59,37
103000168,98,37,61
103000169,75,144,-69
103000170,676,249,427
103000171,19,30,-11
103000172,539,163,376
103000173,13,6,7
103000174,574,166,408
103000175,44,25,19
103000176,158,260,-102
103000177,44,23,21
103000178,29,19,10
103000179,35,2,33
103000183,120,3,117
103000185,110,1,109
103000186,170,98,72
103000187,2,0,2
103000188,13,40,-27
103000189,278,301,-23
103000191,170,117,53
103000292,44,195,-151
103000293,116,762,-646
103000295,70,42,28
103000296,35,0,35
103000297,4,4,0
103000504,17,0,17
103000505,0,2,-2
103000506,0,16,-16
103000507,79,1,78
103000508,72,31,41
103000509,103,113,-10
103900001,0,0,0
103900002,0,0,0
103900003,50,4,46
103900004,3,0,3
103900005,0,0,0
103900006,0,0,0
103900007,0,0,0
103900008,1,0,1
103900009,64,10,54
103900010,22,0,22
103900011,0,0,0
103900012,0,6,-6
103900013,0,0,0
103900014,0,4,-4
103900015,14,1,13
103900016,0,0,0
103900017,0,0,0
103900018,0,0,0
103900019,1,78,-77
103900020,0,0,0
103900021,18,0,18
103900022,111,10,101
103900023,26,0,26
103900024,5,14,-9
103900025,1,0,1
103900026,1,0,1
103900027,38,0,38
103900028,9,19,-10
103900029,194,5,189
103900030,30,1,29
103900031,1,0,1
103900032,6,5,1
103900033,3,0,3
103900034,1,0,1
103900035,0,0,0
103900036,24,10,14
103900037,0,4,-4
103900038,2,29,-27
103900039,3,1,2
103900040,0,0,0
103900041,0,0,0
103900042,0,0,0
103900043,0,0,0
103900044,0,63,-63
103900045,7,2,5
103900047,0,0,0
103900048,0,0,0
103900049,0,0,0
103900050,7,5,2
103900051,0,0,0
103900052,0,0,0
103900053,1,0,1
103900054,0,0,0
103900055,0,0,0
103900056,0,0,0
103900057,36,2,34
103900058,0,0,0
103900059,0,0,0
103900060,42,3,39
103900061,48,0,48
103900062,0,0,0
103900063,0,0,0
103900064,9,0,9
103900065,15,6,9
103900066,36,2,34
103900067,8,0,8
103900068,0,0,0
103900069,2,0,2
103900070,4,2,2
103900071,0,2,-2
103900072,0,1,-1
103900073,1,27,-26
103900074,20,0,20
103900075,20,0,20
103900076,0,0,0
103900077,3,37,-34
103900078,2,2,0
103900079,0,0,0
103900080,0,0,0
103900081,0,0,0
103900082,0,0,0
103900083,55,201,-146
103900084,0,0,0
103900085,0,1,-1
103900086,30,17,13
103900088,6,16,-10
103900089,3,1,2
103900090,1,0,1
103900091,0,0,0
103900092,0,0,0
103900093,35,0,35
103900094,0,0,0
103900095,0,0,0
103900096,27,0,27
103900097,0,0,0
103900098,0,0,0
103900099,7,0,7
103900100,0,0,0
103900101,0,0,0
103900102,0,0,0
103900104,0,1,-1
103900105,0,0,0
103900106,0,0,0
103900107,42,7,35
103900108,2,6,-4
103900109,8,0,8
103900110,0,0,0
103900111,0,0,0
103900112,0,0,0
103900113,0,0,0
103900114,0,0,0
103900115,0,0,0
103900116,0,15,-15
103900117,13,0,13
103900119,1,37,-36
103900120,2,1,1
103900122,0,0,0
103900123,0,0,0
103900124,0,0,0
103900125,0,0,0
103900126,33,4,29
103900127,0,2,-2
103900128,0,0,0
103900131,0,0,0
103900133,66,1,65
103900134,0,0,0
103900135,0,0,0
103900137,0,0,0
103900138,0,0,0
103900139,10,65,-55
103900140,0,0,0
103900141,11,2,9
103900142,16,0,16
103900143,2,0,2
103900144,0,0,0
103900145,5,12,-7
103900146,56,5,51
103900147,0,0,0
103900148,0,0,0
103900149,33,2,31
103900150,142,44,98
103900151,0,0,0
103900152,211,3,208
103900153,0,0,0
103900154,0,3,-3
103900155,13,0,13
103900156,0,0,0
103900157,0,0,0
103900158,0,0,0
103900159,0,0,0
103900160,0,0,0
103900161,0,8,-8
103900162,0,0,0
103900163,0,0,0
103900167,0,7,-7
103900168,10,1,9
103900169,2,13,-11
103900170,0,0,0
103900171,0,0,0
103900172,0,0,0
103900173,0,1,-1
103900174,36,0,36
103900175,0,28,-28
103900176,0,0,0
103900177,0,0,0
103900178,0,0,0
103900179,0,0,0
103900180,0,0,0
103900181,0,0,0
103900182,0,0,0
103900184,0,0,0
103900185,0,0,0
103900187,0,0,0
103900188,0,0,0
103900189,5,0,5
103900190,10,3,7
103900191,0,0,0
103900192,0,0,0
103900193,0,0,0
103900194,0,0,0
103900195,0,0,0
103900196,0,0,0
103900197,0,0,0
103900198,0,0,0
103900199,0,0,0
103900200,0,0,0
103900201,0,0,0
103900202,0,0,0
103900203,4,0,4
103900204,0,0,0
103900207,0,0,0
103900208,12,0,12
103900209,1,0,1
103900210,0,0,0
103900211,67,0,67
103900212,0,0,0
103900213,0,0,0
103900214,148,186,-38
103900215,0,0,0
103900216,0,0,0
103900217,34,0,34
103900218,0,0,0
103900219,0,0,0
103900233,0,0,0
103900235,0,0,0
103900236,0,0,0
103900242,0,0,0
103900243,0,0,0
103900244,8,0,8
103900245,0,0,0
103900246,0,0,0
103900247,0,0,0
103900248,0,0,0
103900249,0,0,0
103900250,0,0,0
103900251,0,0,0
103900253,0,0,0
103900254,0,0,0
103900255,0,0,0
103900256,0,0,0
103900257,0,0,0
103900258,0,0,0
103900259,0,0,0
103900261,0,0,0
103900262,0,0,0
103900263,0,0,0
103900264,0,0,0
103900265,0,0,0
103900266,0,0,0
103900267,0,0,0
103900268,0,4,-4
103900269,4,0,4
103900270,1,1,0
103900271,0,1,-1
103900272,0,0,0
103900273,0,0,0
103900274,0,0,0
103900275,0,0,0
103900276,0,0,0
103900277,0,0,0
103900278,0,0,0
103900279,0,0,0
103900280,0,0,0
104000001,779,604,175
104000002,868,1247,-379
104000003,1000,919,81
104000004,1189,1262,-73
104000005,751,1181,-430
104000006,1066,859,207
104000007,2364,1385,979
104000008,55,22,33
104000009,444,208,236
104000010,66,135,-69
104000011,6,9,-3
104000012,7,30,-23
104000013,116,178,-62
104000014,52,24,28
104000015,224,63,161
104000016,24,39,-15
104000018,426,86,340
104000019,638,158,480
104000020,46,193,-147
104000021,98,258,-160
104000022,53,187,-134
104000023,514,84,430
104000024,28,22,6
104000026,7,11,-4
104000027,12,10,2
104000028,520,140,380
104000029,20,18,2
104000030,492,365,127
104000031,595,53,542
104000032,41,18,23
104000033,481,79,402
104000034,65,22,43
104000035,624,101,523
104000036,651,239,412
104000037,9,20,-11
104000038,408,149,259
104000039,228,181,47
104000040,58,249,-191
104000041,181,136,45
104000042,156,198,-42
104000043,35,126,-91
104000044,81,92,-11
104000045,313,76,237
104000046,275,213,62
104000047,142,438,-296
104000048,435,810,-375
104000049,239,72,167
104000050,46,110,-64
104000051,29,27,2
104000052,549,591,-42
104000053,466,101,365
104000054,237,32,205
104000055,954,267,687
104000056,205,11,194
104000057,0,0,0
104000058,528,305,223
104000059,261,526,-265
104000060,291,347,-56
104000061,275,118,157
104000062,116,14,102
104000064,199,34,165
104000065,3,92,-89
104000069,291,556,-265
104000070,25,185,-160
104000071,0,0,0
104000072,101,5,96
104000075,0,0,0
104000076,0,0,0
104000082,394,861,-467
104000083,255,106,149
104000084,30,198,-168
104000085,200,59,141
104000086,112,88,24
104000087,37,91,-54
104000090,80,98,-18
104000092,89,92,-3
104000094,165,101,64
104000095,300,543,-243
104000096,931,3,928
104000097,843,102,741
104000098,1364,128,1236
104000100,1203,104,1099
104000101,607,532,75
104000106,36,129,-93
104000107,547,84,463
104000108,100,14,86
104000109,61,26,35
104000110,101,311,-210
104000111,226,454,-228
104000112,64,50,14
104000116,0,71,-71
104000117,123,65,58
104000118,251,62,189
104000119,75,81,-6
104000120,78,120,-42
104000121,42,166,-124
104000122,398,229,169
104000123,218,323,-105
104000124,302,681,-379
104000125,226,377,-151
104000126,225,304,-79
104000127,393,641,-248
104000128,429,90,339
104000129,77,1,76
104000130,1,82,-81
104000131,5,3,2
104000132,1,5,-4
104000133,317,193,124
104000134,308,740,-432
104000135,93,1015,-922
104000136,545,1397,-852
104000137,848,308,540
104000138,69,52,17
104000139,1364,1476,-112
104000141,357,403,-46
104000142,192,93,99
104000143,142,36,106
104000144,63,94,-31
104000145,182,77,105
104000146,36,116,-80
104000147,9,89,-80
104000148,197,101,96
104000149,27,29,-2
104000150,429,119,310
104000151,74,44,30
104000152,124,114,10
104000153,410,291,119
104000154,167,222,-55
104000155,268,407,-139
104000157,478,369,109
104000158,35,141,-106
104000159,211,123,88
104000160,1114,1169,-55
104000161,29,42,-13
104000162,38,40,-2
104000165,301,168,133
104000167,336,606,-270
104000168,385,0,385
104000169,73,7,66
104000170,21,13,8
104000248,1,58,-57
104000251,0,0,0
104000272,0,0,0
104000273,0,0,0
104000274,0,0,0
104000275,0,0,0
104000279,212,596,-384
104000290,2,28,-26
104000291,303,375,-72
104000293,397,349,48
104000294,3,1,2
104000295,193,770,-577
104000296,89,202,-113
104000297,175,1096,-921
104000298,482,293,189
104000299,391,628,-237
104900001,0,0,0
104900002,0,0,0
104900003,0,0,0
104900004,0,0,0
104900005,0,0,0
104900006,0,0,0
104900007,0,0,0
104900009,0,0,0
104900010,0,0,0
104900011,0,0,0
104900012,0,0,0
104900013,0,0,0
104900014,0,0,0
104900015,0,0,0
104900016,0,0,0
104900017,0,0,0
104900018,0,0,0
104900019,0,0,0
104900020,0,0,0
104900021,0,0,0
104900022,3,0,3
104900023,0,0,0
104900024,0,0,0
104900025,0,0,0
104900026,0,0,0
104900027,0,0,0
104900028,0,0,0
104900029,0,0,0
104900030,0,0,0
104900031,0,0,0
104900032,0,0,0
104900033,0,0,0
104900034,0,0,0
104900035,0,0,0
104900036,0,0,0
104900037,0,0,0
104900038,0,0,0
104900039,0,0,0
104900040,2,0,2
104900041,0,0,0
104900042,0,0,0
104900043,0,0,0
104900044,36,0,36
104900045,2,0,2
104900046,0,0,0
104900047,99,4,95
104900048,51,0,51
104900049,0,0,0
104900050,0,0,0
104900051,21,1,20
104900052,0,0,0
104900053,56,0,56
104900054,5,0,5
104900055,0,0,0
104900056,7,1,6
104900057,0,0,0
104900058,23,0,23
104900059,37,6,31
104900060,0,0,0
104900061,0,0,0
104900063,0,0,0
104900064,0,0,0
104900065,4,0,4
104900066,0,0,0
104900067,0,0,0
104900068,0,0,0
104900070,0,0,0
104900071,0,0,0
104900072,0,0,0
104900073,0,0,0
104900074,0,0,0
104900075,0,0,0
104900076,0,0,0
104900077,0,0,0
104900078,0,0,0
104900079,0,0,0
104900080,0,0,0
104900082,0,0,0
104900085,0,0,0
104900087,70,0,70
104900089,0,0,0
104900090,0,0,0
104900091,0,0,0
104900093,0,0,0
104900097,0,0,0
104900098,0,0,0
104900099,0,0,0
104900100,0,0,0
104900102,0,0,0
104900103,0,0,0
104900104,0,0,0
104900106,0,0,0
104900107,0,0,0
104900108,0,0,0
104900109,0,0,0
104900110,0,0,0
104900111,0,0,0
104900112,0,0,0
104900113,0,0,0
104900114,0,0,0
104900115,0,0,0
104900116,0,0,0
104900118,0,0,0
104900119,0,0,0
104900120,0,0,0
104900121,0,0,0
104900122,0,0,0
104900123,0,0,0
104900124,0,0,0
104900125,55,0,55
104900126,0,0,0
104900127,0,0,0
104900128,17,0,17
104900129,0,0,0
105000001,874,498,376
105000002,571,584,-13
105000003,767,1059,-292
105000004,270,449,-179
105000005,346,621,-275
105000006,447,1049,-602
105000007,303,701,-398
105000008,309,1394,-1085
105000009,1868,1501,367
105000010,1066,471,595
105000011,1352,1594,-242
105000012,488,652,-164
105000013,497,524,-27
105000014,1860,1143,717
105000015,3484,5460,-1976
105000016,916,868,48
105000017,930,531,399
105000018,1258,543,715
105000019,673,789,-116
105000020,83,161,-78
105000021,50,12,38
105000022,31,30,1
105000023,173,135,38
105000028,6,105,-99
105000029,89,324,-235
105000030,1662,1136,526
105000033,355,513,-158
105000034,43,259,-216
105000037,136,31,105
105000038,442,556,-114
105000039,225,399,-174
105000040,296,516,-220
105000041,70,239,-169
105000042,885,626,259
105000043,250,161,89
105000044,248,134,114
105000045,53,119,-66
105000046,412,81,331
105000047,125,146,-21
105000048,601,136,465
105000049,118,78,40
105000050,445,187,258
105000051,71,89,-18
105000052,108,212,-104
105000053,116,8,108
105000054,188,225,-37
105000055,265,46,219
105000056,561,334,227
105000057,1115,96,1019
105000058,414,362,52
105000059,502,201,301
105000060,276,106,170
105000061,495,148,347
105000062,252,119,133
105000063,68,48,20
105000064,737,145,592
105000065,10,48,-38
105000066,261,116,145
105000067,727,289,438
105000068,34,163,-129
105000069,499,518,-19
105000070,326,472,-146
105000071,216,872,-656
105000072,717,1176,-459
105000073,442,331,111
105000074,33,143,-110
105000075,131,232,-101
105000076,464,247,217
105000077,778,223,555
105000078,294,470,-176
105000079,60,238,-178
105000080,1128,960,168
105000081,183,81,102
105000082,359,811,-452
105000083,1537,1168,369
105000084,50,117,-67
105000085,1832,1210,622
105000086,134,85,49
105000087,55,156,-101
105000088,924,838,86
105000089,422,525,-103
105000090,175,199,-24
105000091,184,145,39
105000092,134,121,13
105000093,146,90,56
105000094,220,50,170
105000095,37,108,-71
105000096,539,624,-85
105000097,152,29,123
105000098,479,360,119
105000099,80,50,30
105000100,406,226,180
105000101,946,478,468
105000102,549,222,327
105000103,474,354,120
105000104,580,176,404
105000105,444,312,132
105000106,563,180,383
105000107,425,171,254
105000108,516,168,348
105000109,682,247,435
105000110,364,90,274
105000111,424,151,273
105000112,408,214,194
105000113,195,392,-197
105000114,609,653,-44
105000115,162,689,-527
105000116,512,195,317
105000117,120,116,4
105000118,184,115,69
105000119,111,116,-5
105000120,644,234,410
105000121,162,128,34
105000122,158,170,-12
105000123,222,127,95
105000124,794,196,598
105000125,372,316,56
105000126,668,316,352
105000127,1006,311,695
105000128,115,175,-60
105000129,271,48,223
105000130,54,1511,-1457
105000131,65,35,30
105000132,588,429,159
105000133,127,121,6
105000134,436,170,266
105000135,36,62,-26
105000136,0,0,0
105000137,293,31,262
105000138,0,0,0
105000139,145,114,31
105000140,425,54,371
105000141,113,84,29
105000142,248,86,162
105000143,102,116,-14
105000144,119,76,43
105000145,286,158,128
105000146,0,0,0
105000147,415,71,344
105000148,361,105,256
105000149,785,541,244
105000150,54,54,0
105000151,222,33,189
105000152,67,122,-55
105000153,287,98,189
105000154,160,99,61
105000155,90,81,9
105000156,60,88,-28
105000157,293,213,80
105000158,690,91,599
105000159,130,99,31
105000160,954,186,768
105000161,209,153,56
105000162,180,716,-536
105000163,304,178,126
105000164,33,67,-34
105000165,69,1874,-1805
105000166,212,267,-55
105000167,404,885,-481
105000168,110,188,-78
105000169,181,17,164
105000170,87,442,-355
105000171,404,46,358
105000172,63,3,60
105000173,102,20,82
105000174,7,22,-15
105000175,0,0,0
105000176,156,12,144
105000177,137,40,97
105000178,57,33,24
105000179,266,5,261
105000180,0,0,0
105000181,21,20,1
105000182,0,0,0
105000183,483,1230,-747
105000184,2,2,0
105000185,117,342,-225
105000186,4,3,1
105000187,209,167,42
105000188,22,107,-85
105000189,0,9,-9
105000190,63,148,-85
105000191,23,0,23
105000192,136,33,103
105000193,29,11,18
105000194,146,23,123
105000195,69,71,-2
105000196,35,82,-47
105000197,14,124,-110
105000198,19,33,-14
105000199,25,157,-132
105000200,84,203,-119
105000201,17,8,9
105000203,4,158,-154
105000204,16,36,-20
105000205,30,185,-155
105000207,0,0,0
105000208,78,101,-23
105000209,0,0,0
105000212,350,101,249
105000213,34,14,20
105000214,40,17,23
105000215,71,31,40
105000216,6,1,5
105000217,0,0,0
105000218,866,148,718
105000221,71,24,47
105000222,72,22,50
105000223,43,14,29
105000226,32,24,8
105000227,16,31,-15
105000228,31,420,-389
105000229,114,327,-213
105000231,208,35,173
105000233,308,248,60
105000234,227,319,-92
105000235,216,160,56
105000237,359,31,328
105000243,84,74,10
105000248,11,38,-27
105000262,162,51,111
105000269,28,42,-14
105000270,203,3,200
105000271,0,11,-11
105000282,13,7,6
105000287,155,15,140
105000288,131,157,-26
105000289,524,633,-109
105000290,1,76,-75
105000402,382,894,-512
105000426,30,241,-211
105000438,439,464,-25
105000446,1627,3090,-1463
105000447,1865,413,1452
105000454,0,0,0
105000455,72,55,17
105000474,46,19,27
105000477,131,135,-4
105000478,630,2237,-1607
105000479,48,45,3
105000480,2207,3039,-832
105000481,1376,926,450
105000482,752,1362,-610
105000483,399,917,-518
105000484,545,1237,-692
105000485,908,1395,-487
105000486,648,1584,-936
105000488,659,1569,-910
105000489,654,195,459
105000549,22,16,6
105000550,0,0,0
105000551,4,35,-31
105000552,509,266,243
105000555,240,525,-285
105900001,1,25,-24
105900002,123,32,91
105900003,0,0,0
105900004,0,0,0
105900005,0,0,0
105900006,0,0,0
105900007,0,0,0
105900008,0,0,0
105900009,0,0,0
105900011,1,4,-3
105900012,29,10,19
105900013,1,0,1
105900014,0,0,0
105900015,0,0,0
105900016,33,1,32
105900017,0,0,0
105900018,0,0,0
105900019,2,0,2
105900020,0,0,0
105900021,0,14,-14
105900022,0,0,0
105900023,0,17,-17
105900024,5,26,-21
105900025,9,0,9
105900026,0,0,0
105900027,530,63,467
105900028,17,0,17
105900029,287,30,257
105900030,27,33,-6
105900031,0,0,0
105900032,0,0,0
105900033,0,0,0
105900034,0,0,0
105900035,0,0,0
105900036,0,0,0
105900037,0,0,0
105900038,0,0,0
105900039,0,0,0
105900040,0,0,0
105900041,0,0,0
105900042,0,0,0
105900043,37,1,36
105900044,0,0,0
105900045,0,0,0
105900046,0,0,0
105900047,0,0,0
105900048,29,12,17
105900050,24,109,-85
105900051,0,8,-8
105900052,17,0,17
105900053,0,0,0
105900054,0,0,0
105900056,19,12,7
105900057,9,2,7
105900058,0,0,0
105900059,0,0,0
106000001,886,672,214
106000002,93,578,-485
106000003,1128,1600,-472
106000004,501,1664,-1163
106000005,1908,2055,-147
106000006,1092,1070,22
106000007,472,175,297
106000008,24,88,-64
106000009,369,219,150
106000010,42,67,-25
106000011,763,453,310
106000012,160,200,-40
106000013,1163,772,391
106000014,253,277,-24
106000015,1375,589,786
106000016,209,346,-137
106000017,746,201,545
106000018,79,121,-42
106000019,341,172,169
106000020,29,38,-9
106000021,344,182,162
106000022,25,20,5
106000023,817,97,720
106000024,40,40,0
106000025,208,268,-60
106000026,13,36,-23
106000027,1581,600,981
106000028,16,20,-4
106000029,11,15,-4
106000030,0,0,0
106000034,0,0,0
106000035,397,527,-130
106000036,0,0,0
106000037,170,43,127
106000038,13,3,10
106000039,6,22,-16
106000040,2,50,-48
106000041,364,88,276
106000043,151,29,122
106000046,42,2,40
106000047,0,0,0
106000049,426,11,415
106000050,68,99,-31
106000051,549,281,268
106000052,0,0,0
106000053,269,66,203
106000054,0,0,0
106000055,338,31,307
106000056,0,0,0
106000057,240,26,214
106000058,0,0,0
106000059,228,61,167
106000060,0,0,0
106000061,114,367,-253
106000062,0,0,0
106000063,426,455,-29
106000064,0,0,0
106000065,448,76,372
106000066,16,8,8
106000067,284,55,229
106000068,27,4,23
106000069,200,16,184
106000070,87,6,81
106000071,444,156,288
106000072,315,670,-355
106000073,453,1115,-662
106000074,228,395,-167
106000075,120,209,-89
106000076,486,317,169
106000077,657,246,411
106000078,500,93,407
106000079,408,105,303
106000080,687,89,598
106000081,364,123,241
106000082,572,75,497
106000083,179,304,-125
106000084,669,130,539
106000085,356,221,135
106000086,323,137,186
106000087,256,117,139
106000088,176,93,83
106000089,642,63,579
106000090,293,156,137
106000091,54,64,-10
106000092,179,104,75
106000093,315,43,272
106000094,0,0,0
106000095,341,86,255
106000096,575,85,490
106000097,390,79,311
106000098,483,81,402
106000099,73,60,13
106000100,666,19,647
106000101,527,30,497
106000102,13,67,-54
106000103,33,126,-93
106000104,459,67,392
106000105,57,137,-80
106000106,448,85,363
106000107,40,116,-76
106000108,184,59,125
106000109,22,39,-17
106000110,176,44,132
106000111,65,73,-8
106000112,140,179,-39
106000113,46,237,-191
106000114,200,142,58
106000115,74,180,-106
106000116,171,162,9
106000117,66,83,-17
106000118,557,423,134
106000119,23,171,-148
106000120,348,505,-157
106000121,137,48,89
106000122,106,34,72
106000123,237,37,200
106000124,145,19,126
106000125,44,55,-11
106000126,288,21,267
106000127,241,112,129
106000128,328,68,260
106000129,231,157,74
106000130,633,99,534
106000131,16,283,-267
106000132,295,29,266
106000133,86,521,-435
106000134,175,1018,-843
106000135,1,92,-91
106000136,424,474,-50
106000137,0,138,-138
106000138,963,16,947
106000139,71,27,44
106000140,0,0,0
106000141,0,0,0
106000142,69,14,55
106000143,0,0,0
106000144,61,35,26
106000145,0,0,0
106000146,268,85,183
106000147,169,65,104
106000148,131,213,-82
106000149,466,76,390
106000150,201,576,-375
106000151,766,174,592
106000152,450,638,-188
106000153,31,311,-280
106000154,181,68,113
106000155,34,61,-27
106000156,531,37,494
106000157,87,405,-318
106000158,520,391,129
106000159,285,560,-275
106000160,183,945,-762
106000161,151,67,84
106000162,142,436,-294
106000163,86,51,35
106000164,356,72,284
106000165,57,69,-12
106000166,364,50,314
106000167,197,234,-37
106000168,239,46,193
106000169,126,96,30
106000170,314,40,274
106000171,88,374,-286
106000172,749,147,602
106000173,517,568,-51
106000174,551,18,533
106000175,53,9,44
106000176,780,177,603
106000177,99,92,7
106000178,919,158,761
106000179,80,54,26
106000180,357,310,47
106000181,360,421,-61
106000182,939,105,834
106000183,816,107,709
106000184,326,140,186
106000185,313,334,-21
106000186,95,15,80
106000187,4,203,-199
106000188,0,0,0
106000189,2,32,-30
106000190,4,4,0
106000191,122,7,115
106000192,0,0,0
106000193,13,87,-74
106000194,6,116,-110
106000195,17,63,-46
106000196,2,252,-250
106000197,226,95,131
106000198,57,13,44
106000199,193,179,14
106000200,26,119,-93
106000201,87,1089,-1002
106000202,153,121,32
106000203,0,0,0
106000204,12,1,11
106000205,0,0,0
106000206,28,2,26
106000207,0,5,-5
106000208,717,42,675
106000209,921,93,828
106000210,43,9,34
106000211,17,24,-7
106000212,743,85,658
106000213,3,73,-70
106000214,565,95,470
106000215,87,138,-51
106000216,298,67,231
106000217,26,141,-115
106000218,173,26,147
106000219,36,54,-18
106000220,250,25,225
106000221,47,55,-8
106000222,48,32,16
106000223,150,53,97
106000224,85,74,11
106000225,21,80,-59
106000226,35,86,-51
106000228,0,0,0
106000229,0,0,0
106000231,339,14,325
106000232,0,0,0
106000233,123,17,106
106000234,0,0,0
106000235,40,29,11
106000236,0,0,0
106000237,0,0,0
106000238,0,11,-11
106000239,0,0,0
106000240,6,0,6
106000241,1,92,-91
106000242,59,5,54
106000249,71,16,55
106000250,12,141,-129
106000251,41,1,40
106000252,0,0,0
106000253,31,4,27
106000254,0,0,0
106000255,34,8,26
106000256,0,0,0
106000257,13,61,-48
106000258,6,4,2
106000259,0,0,0
106000260,0,0,0
106000261,0,0,0
106000262,3,0,3
106000263,0,0,0
106000264,51,2,49
106000265,0,0,0
106000266,73,1,72
106000267,0,0,0
106000268,127,2,125
106000269,0,0,0
106000270,23,14,9
106000271,3,20,-17
106000272,0,0,0
106000273,1,20,-19
106000274,0,0,0
106000275,13,10,3
106000276,0,0,0
106000277,4,7,-3
106000278,0,0,0
106000279,0,0,0
106000280,0,0,0
106000281,0,0,0
106000282,0,0,0
106000283,0,0,0
106000284,0,0,0
106000285,0,0,0
106000286,0,0,0
106000287,0,0,0
106000288,0,0,0
106000289,0,0,0
106000290,0,0,0
106000291,0,0,0
106000292,0,0,0
106000293,0,0,0
106000294,0,0,0
106000295,0,0,0
106000296,0,0,0
106000297,0,0,0
106000298,0,0,0
106000299,0,0,0
106000300,0,0,0
106000301,0,0,0
106000303,14,1,13
106000304,0,0,0
106000305,10,9,1
106000306,0,0,0
106000307,23,1,22
106000308,0,0,0
106000309,0,0,0
106000310,158,74,84
106000311,87,8,79
106000312,40,52,-12
106000313,26,14,12
106000318,0,0,0
106000319,395,74,321
106000320,1,62,-61
106000321,7,180,-173
106000322,105,52,53
106000324,1,44,-43
106000325,1302,323,979
106000326,120,254,-134
106000327,171,22,149
106000328,4,2,2
106000329,2,24,-22
106000330,9,25,-16
106000428,52,155,-103
106000429,14,132,-118
106000430,36,294,-258
106000431,986,137,849
106000432,53,432,-379
106000433,1183,620,563
106000434,1557,636,921
106000435,59,359,-300
106000436,1,26,-25
106000437,101,57,44
106000438,62,164,-102
106000439,1,47,-46
106000440,89,131,-42
106000441,5,0,5
106000442,39,0,39
106000443,193,216,-23
106000450,0,0,0
106000451,23,65,-42
106000454,0,0,0
106000455,0,4,-4
106000456,24,3,21
106000457,0,0,0
106000458,515,26,489
106000459,0,0,0
106000460,582,12,570
106000461,0,0,0
106000462,0,0,0
106000463,0,12,-12
106000464,0,0,0
106000465,385,0,385
106000466,0,0,0
106000467,0,39,-39
106000468,41,98,-57
106000469,63,1,62
106000470,0,19,-19
106000471,0,0,0
106000472,25,10,15
106000473,0,0,0
106000474,43,88,-45
106000475,167,96,71
106000476,82,232,-150
106000477,0,0,0
106000480,0,0,0
106900001,0,0,0
106900002,0,0,0
106900003,0,0,0
106900004,0,0,0
106900006,0,0,0
106900007,0,0,0
106900008,0,0,0
106900009,0,0,0
106900010,0,0,0
106900012,0,0,0
106900013,0,0,0
106900014,0,0,0
106900015,0,0,0
106900016,0,0,0
106900017,0,0,0
106900018,0,0,0
106900019,20,0,20
106900020,0,0,0
106900021,10,0,10
106900022,0,0,0
106900023,0,0,0
106900024,0,0,0
106900025,0,0,0
106900026,0,0,0
106900027,324,1,323
107000001,1454,2148,-694
107000002,505,708,-203
107000003,3733,3896,-163
107000004,1147,649,498
107000005,3408,2898,510
107000006,1289,627,662
107000007,2686,3080,-394
107000008,1515,1002,513
107000009,5536,5341,195
107000010,1704,1033,671
107000011,76,91,-15
107000012,548,159,389
107000013,0,0,0
107000014,0,0,0
107000015,0,0,0
107000016,0,0,0
107000017,166,137,29
107000018,0,64,-64
107000020,109,296,-187
107000021,149,66,83
107000022,277,388,-111
107000023,425,61,364
107000024,163,534,-371
107000025,108,82,26
107000026,77,164,-87
107000027,513,120,393
107000028,391,343,48
107000029,1261,804,457
107000030,643,540,103
107000031,1653,821,832
107000032,115,324,-209
107000033,685,962,-277
107000034,375,160,215
107000035,76,95,-19
107000036,129,347,-218
107000037,49,377,-328
107000038,42,61,-19
107000039,270,503,-233
107000040,114,34,80
107000041,434,242,192
107000042,125,704,-579
107000043,317,229,88
107000044,104,159,-55
107000045,48,154,-106
107000046,351,166,185
107000047,122,227,-105
107000048,304,178,126
107000049,174,348,-174
107000050,284,308,-24
107000051,229,281,-52
107000052,296,515,-219
107000053,181,199,-18
107000054,26,198,-172
107000055,103,70,33
107000056,425,566,-141
107000057,481,167,314
107000058,1417,1443,-26
107000059,164,333,-169
107000060,3198,3029,169
107000061,887,532,355
107000062,2955,1265,1690
107000063,567,485,82
107000064,2214,1649,565
107000065,496,746,-250
107000066,1239,1476,-237
107000067,503,348,155
107000068,367,428,-61
107000069,363,530,-167
107000070,277,7,270
107000071,1464,2,1462
107000072,0,100,-100
107000073,295,53,242
107000074,61,81,-20
107000075,1155,89,1066
107000076,26,139,-113
107000077,1265,169,1096
107000078,45,147,-102
107000079,1283,219,1064
107000080,66,200,-134
107000081,1413,239,1174
107000082,259,249,10
107000083,711,339,372
107000084,137,356,-219
107000085,1064,955,109
107000086,618,664,-46
107000087,962,686,276
107000088,414,631,-217
107000089,630,655,-25
107000090,185,159,26
107000091,708,225,483
107000092,94,197,-103
107000093,429,587,-158
107000094,129,197,-68
107000095,739,416,323
107000096,74,110,-36
107000097,439,171,268
107000098,121,155,-34
107000099,247,275,-28
107000100,40,103,-63
107000101,99,186,-87
107000102,217,210,7
107000103,261,97,164
107000104,35,129,-94
107000105,404,97,307
107000106,40,52,-12
107000107,309,99,210
107000108,71,142,-71
107000109,316,58,258
107000110,0,0,0
107000111,277,25,252
107000112,0,0,0
107000113,571,44,527
107000114,0,0,0
107000115,414,77,337
107000116,0,0,0
107000117,60,429,-369
107000118,0,0,0
107000119,279,814,-535
107000120,0,0,0
107000121,556,231,325
107000122,214,148,66
107000123,315,226,89
107000124,139,156,-17
107000125,598,123,475
107000126,263,113,150
107000129,60,64,-4
107000130,331,244,87
107000131,81,141,-60
107000132,179,120,59
107000133,125,0,125
107000134,105,0,105
107000135,0,86,-86
107000136,296,0,296
107000137,1,139,-138
107000138,15,1,14
107000139,0,109,-109
107000140,365,1,364
107000141,1,100,-99
107000142,63,11,52
107000143,3,109,-106
107000144,159,144,15
107000145,15,106,-91
107000146,12,43,-31
107000147,218,211,7
107000150,255,1125,-870
107000151,8,6,2
107000152,78,550,-472
107000153,24,30,-6
107000154,0,70,-70
107000155,395,12,383
107000156,553,6,547
107000157,2,146,-144
107000158,318,1,317
107000159,9,106,-97
107000160,785,56,729
107000161,14,108,-94
107000162,91,208,-117
107000163,68,7,61
107000164,366,0,366
107000165,719,29,690
107000166,0,66,-66
107000167,215,29,186
107000168,559,95,464
107000169,75,153,-78
107000170,1148,257,891
107000171,138,161,-23
107000172,528,588,-60
107000173,144,70,74
107000174,308,1349,-1041
107000175,598,136,462
107000176,8,0,8
107000177,0,0,0
107000178,3,1,2
107000179,117,185,-68
107000180,1038,89,949
107000181,118,76,42
107000182,1100,41,1059
107000183,108,43,65
107000184,555,89,466
107000185,162,114,48
107000186,494,71,423
107000187,354,382,-28
107000188,58,54,4
107000189,249,174,75
107000190,113,78,35
107000191,397,358,39
107000192,320,52,268
107000193,185,206,-21
107000194,137,57,80
107000197,497,47,450
107000198,109,121,-12
107000199,199,99,100
107000200,109,189,-80
107000201,122,98,24
107000202,100,199,-99
107000203,61,394,-333
107000204,111,1131,-1020
107000205,190,106,84
107000206,78,686,-608
107000207,107,219,-112
107000208,98,109,-11
107000209,142,237,-95
107000210,38,96,-58
107000211,4,53,-49
107000212,0,50,-50
107000213,0,9,-9
107000214,11,49,-38
107000215,156,53,103
107000216,139,99,40
107000217,10,10,0
107000219,3,52,-49
107000220,52,16,36
107000222,12,41,-29
107000224,128,21,107
107000225,55,95,-40
107000226,150,20,130
107000227,9,55,-46
107000228,0,49,-49
107000229,52,25,27
107000230,81,119,-38
107000231,280,343,-63
107000232,54,1,53
107000233,13,166,-153
107000234,0,65,-65
107000235,47,9,38
107000236,0,0,0
107000237,37,0,37
107000238,39,0,39
107000239,482,132,350
107000240,15,25,-10
107000241,6,1,5
107000242,15,5,10
107000243,0,95,-95
107000244,5,0,5
107000246,0,52,-52
107000249,0,45,-45
107000251,0,4,-4
107000252,0,53,-53
107000255,36,1,35
107000257,0,133,-133
107000258,0,31,-31
107000259,0,35,-35
107000260,807,2,805
107000262,0,71,-71
107000263,243,2,241
107000266,15,2,13
107000267,0,11,-11
107000268,29,10,19
107000269,1,1,0
107000270,113,35,78
107000271,0,0,0
107000272,56,0,56
107000273,0,29,-29
107000274,89,36,53
107000275,3,50,-47
107000280,477,4,473
107000281,0,75,-75
107000282,1,120,-119
107000290,1,4,-3
107000291,2,16,-14
107000292,0,2,-2
107000293,4,0,4
107000294,0,6,-6
107000295,6,0,6
107000296,0,6,-6
107000444,79,2,77
107000496,1,3,-2
107000497,149,152,-3
107000500,186,59,127
107000501,10,57,-47
107000502,81,57,24
107000505,31,310,-279
107000506,0,0,0
107000508,0,44,-44
107000509,30,247,-217
107000510,2,22,-20
107000514,27,60,-33
107000515,1,26,-25
107000516,285,53,232
107000518,562,461,101
107000519,58,30,28
107000520,29,7,22
107000521,166,25,141
107000522,280,191,89
107900001,3,0,3
107900002,1,11,-10
107900003,11,0,11
107900004,23,0,23
107900005,571,3,568
107900006,44,0,44
107900007,59,0,59
107900008,16,0,16
107900009,0,0,0
107900010,0,0,0
107900012,57,0,57
107900013,33,1,32
107900014,0,0,0
107900015,295,1,294
107900016,29,16,13
107900017,1,0,1
107900018,5,37,-32
107900019,6,3,3
107900020,0,0,0
107900021,4,0,4
107900023,4,0,4
107900024,0,0,0
107900025,42,15,27
107900026,18,1,17
107900027,0,0,0
107900028,6,0,6
107900030,38,4,34
107900031,28,3,25
107900032,9,0,9
107900033,2,0,2
107900034,23,1,22
107900035,315,7,308
107900036,6,39,-33
107900037,0,0,0
107900038,0,43,-43
107900039,10,0,10
107900040,0,0,0
107900041,0,0,0
107900043,10,5,5
107900044,3,0,3
107900045,21,20,1
107900046,51,35,16
107900047,0,0,0
107900048,36,1,35
107900049,4,39,-35
107900050,0,3,-3
107900051,13,0,13
107900052,0,0,0
107900053,2,2,0
107900055,49,25,24
107900056,6,15,-9
107900057,0,0,0
107900058,1,20,-19
107900060,0,0,0
107900061,0,0,0
107900063,4,32,-28
107900064,58,100,-42
107900065,154,0,154
107900066,0,0,0
107900067,0,0,0
107900068,24,124,-100
107900069,0,538,-538
107900070,17,18,-1
107900071,2,18,-16
107900072,78,1,77
107900073,0,0,0
107900074,0,0,0
107900076,21,10,11
107900077,1,0,1
107900078,43,18,25
107900079,7,1,6
107900080,2,47,-45
107900081,0,0,0
107900082,0,0,0
107900083,33,42,-9
107900084,2,16,-14
107900086,4,24,-20
107900087,3,5,-2
107900088,2,1,1
107900089,10,67,-57
107900090,5,109,-104
107900091,61,91,-30
107900092,162,7,155
107900093,0,0,0
107900095,223,248,-25
107900097,20,4,16
107900098,12,23,-11
107900100,38,398,-360
107900101,38,4,34
107900102,1,0,1
107900103,3,11,-8
107900104,0,0,0
107900105,3,95,-92
107900106,2,71,-69
107900107,0,0,0
107900108,7,2,5
107900109,499,2,497
107900110,38,1,37
107900111,1,12,-11
107900112,5,35,-30
107900113,0,0,0
107900114,91,9,82
107900115,0,0,0
107900116,94,44,50
107900117,33,57,-24
107900118,0,12,-12
107900119,26,23,3
107900120,14,0,14
107900121,0,0,0
107900122,0,0,0
107900123,0,1,-1
107900124,0,0,0
107900125,0,3,-3
107900126,0,0,0
107900127,0,0,0
107900128,1,17,-16
107900129,35,1,34
107900130,0,0,0
107900131,6,10,-4
107900132,0,51,-51
107900133,0,0,0
107900134,2,4,-2
107900135,0,2,-2
107900136,0,0,0
107900137,40,11,29
107900138,13,3,10
107900139,0,0,0
107900140,0,0,0
107900141,4,3,1
107900142,1,17,-16
107900143,4,1,3
107900144,0,5,-5
107900145,0,0,0
107900146,3,13,-10
107900147,0,0,0
107900148,1,4,-3
107900149,79,9,70
107900150,0,12,-12
107900151,0,1,-1
107900152,0,0,0
107900153,1,81,-80
107900154,7,7,0
107900155,0,0,0
107900156,0,0,0
107900157,18,9,9
107900158,257,2,255
107900159,0,24,-24
107900160,49,12,37
107900161,2,3,-1
107900162,0,0,0
107900163,0,0,0
107900164,0,0,0
107900165,7,77,-70
107900166,2,9,-7
107900167,0,0,0
107900168,0,2,-2
107900169,0,7,-7
107900171,0,64,-64
107900172,1,0,1
107900173,0,3,-3
107900174,0,0,0
107900175,0,0,0
107900176,0,0,0
107900177,0,0,0
107900178,0,4,-4
107900179,0,0,0
107900180,24,247,-223
107900181,0,0,0
107900182,0,14,-14
107900183,1,0,1
107900184,0,0,0
107900185,0,0,0
107900186,0,0,0
107900187,0,2,-2
107900188,270,75,195
107900189,0,0,0
107900190,0,25,-25
107900191,0,0,0
107900193,0,0,0
107900194,0,0,0
107900195,88,3,85
107900196,0,0,0
107900197,1,17,-16
107900199,0,0,0
107900201,0,0,0
107900203,3,0,3
107900204,0,0,0
107900205,10,25,-15
107900206,11,87,-76
107900207,0,34,-34
107900208,0,17,-17
107900209,0,0,0
107900210,3,1,2
107900213,0,0,0
107900214,0,30,-30
107900215,8,43,-35
107900216,0,0,0
107900217,0,0,0
107900218,0,0,0
107900219,0,2,-2
107900220,0,0,0
107900221,4,3,1
107900223,0,0,0
107900224,41,40,1
107900225,0,0,0
107900226,0,0,0
107900227,9,12,-3
107900228,0,0,0
107900229,0,0,0
107900230,0,3,-3
107900231,0,0,0
107900232,16,2,14
107900233,0,0,0
107900234,0,0,0
107900235,1,3,-2
107900236,0,0,0
107900237,0,0,0
107900238,0,0,0
107900239,18,23,-5
107900240,5,5,0
107900241,0,0,0
107900242,0,9,-9
107900243,0,0,0
107900244,0,0,0
107900245,126,16,110
107900246,77,3,74
107900248,147,0,147
107900249,140,16,124
107900250,0,16,-16
107900251,0,38,-38
107900252,78,6,72
107900253,27,3,24
107900254,0,19,-19
107900255,22,9,13
107900256,5,0,5
107900257,39,17,22
107900258,13,6,7
107900259,3,393,-390
107900261,0,147,-147
107900262,0,0,0
107900264,72,1,71
107900265,12,49,-37
107900267,69,0,69
107900268,0,0,0
107900269,0,0,0
107900270,0,0,0
107900271,0,0,0
107900272,8,0,8
107900273,22,0,22
107900274,57,0,57
107900275,4,0,4
107900276,0,0,0
107900277,0,0,0
107900278,115,2,113
107900279,0,0,0
107900280,361,81,280
107900281,109,923,-814
107900282,12,254,-242
107900283,162,42,120
107900284,202,27,175
107900285,30,1,29
107900286,2,0,2
107900287,90,34,56
107900290,0,0,0
107900291,74,2,72
107900292,115,52,63
107900293,41,83,-42
107900295,13,3,10
107900297,0,0,0
107900298,94,104,-10
107900299,288,245,43
107900300,135,96,39
107900301,58,101,-43
107900302,22,7,15
107900303,168,11,157
107900304,57,0,57
107900305,84,1,83
107900306,0,0,0
107900307,0,0,0
107900308,37,24,13
107900309,0,0,0
107900310,0,0,0
107900311,0,0,0
107900312,1,0,1
107900313,0,0,0
107900314,0,0,0
107900315,0,0,0
107900316,0,0,0
107900317,1,0,1
107900318,0,0,0
107900319,0,0,0
107900320,0,3,-3
107900321,50,0,50
107900322,1,1,0
107900323,3,6,-3
107900324,35,0,35
107900325,40,0,40
107900326,98,26,72
107900327,0,0,0
107900328,0,0,0
107900329,0,0,0
107900330,0,3,-3
107900331,109,13,96
107900332,95,0,95
107900333,33,0,33
107900334,0,10,-10
107900335,1,0,1
107900336,3,2,1
107900337,83,200,-117
107900338,0,0,0
107900339,0,0,0
107900340,0,0,0
107900341,0,0,0
107900342,15,12,3
107900343,10,0,10
107900344,0,9,-9
107900345,40,3,37
107900346,2,0,2
107900347,14,0,14
107900348,0,0,0
107900349,22,0,22
107900350,0,29,-29
107900351,0,2,-2
107900352,0,11,-11
107900353,3,1,2
107900354,0,110,-110
108000001,2033,1102,931
108000002,85,175,-90
108000003,1663,834,829
108000004,1271,2661,-1390
108000005,4748,2001,2747
108000006,796,1108,-312
108000007,3226,1402,1824
108000008,864,794,70
108000009,2715,1729,986
108000010,516,743,-227
108000011,7560,3829,3731
108000012,2617,2128,489
108000014,151,380,-229
108000015,419,83,336
108000016,23,79,-56
108000017,673,151,522
108000018,1246,149,1097
108000019,290,130,160
108000020,580,216,364
108000021,76,32,44
108000022,178,258,-80
108000023,644,89,555
108000024,91,105,-14
108000025,200,9,191
108000026,403,56,347
108000027,329,5,324
108000028,489,73,416
108000029,243,5,238
108000030,252,31,221
108000031,86,9,77
108000032,1014,163,851
108000033,96,167,-71
108000034,1393,87,1306
108000035,93,408,-315
108000036,54,73,-19
108000037,832,96,736
108000038,1642,164,1478
108000039,68,122,-54
108000040,1008,236,772
108000041,58,144,-86
108000042,220,46,174
108000043,15,27,-12
108000044,686,33,653
108000045,32,4,28
108000046,1046,156,890
108000047,116,191,-75
108000048,0,0,0
108000049,487,96,391
108000050,2,25,-23
108000051,177,72,105
108000052,26,31,-5
108000053,212,124,88
108000054,142,297,-155
108000055,421,207,214
108000056,184,174,10
108000057,300,573,-273
108000058,899,1630,-731
108000059,380,628,-248
108000060,127,172,-45
108000061,65,57,8
108000062,447,167,280
108000063,245,125,120
108000064,120,170,-50
108000065,261,182,79
108000066,601,86,515
108000067,891,147,744
108000068,495,141,354
108000069,84,353,-269
108000070,1648,138,1510
108000071,102,357,-255
108000072,1138,215,923
108000073,201,265,-64
108000074,540,169,371
108000075,194,129,65
108000076,966,158,808
108000077,79,118,-39
108000078,1384,306,1078
108000079,92,317,-225
108000080,961,267,694
108000081,156,370,-214
108000082,173,122,51
108000083,713,294,419
108000084,40,97,-57
108000085,424,158,266
108000086,124,57,67
108000087,113,1140,-1027
108000088,58,1,57
108000089,83,52,31
108000090,234,34,200
108000091,14,149,-135
108000092,241,6,235
108000093,43,138,-95
108000094,699,12,687
108000095,47,64,-17
108000096,480,100,380
108000097,53,43,10
108000098,1136,263,873
108000099,94,67,27
108000100,103,92,11
108000101,742,374,368
108000102,603,1045,-442
108000106,286,0,286
108000107,0,155,-155
108000108,246,3,243
108000109,0,117,-117
108000110,222,31,191
108000111,18,155,-137
108000112,35,126,-91
108000113,134,125,9
108000115,77,59,18
108000117,222,76,146
108000118,77,19,58
108000119,219,26,193
108000120,61,232,-171
108000121,155,53,102
108000122,318,79,239
108000123,323,77,246
108000124,52,66,-14
108000125,305,41,264
108000126,100,39,61
108000127,329,56,273
108000128,308,32,276
108000129,64,31,33
108000130,214,92,122
108000131,332,59,273
108000132,75,83,-8
108000133,965,76,889
108000134,140,103,37
108000135,720,58,662
108000136,39,51,-12
108000137,282,43,239
108000138,76,235,-159
108000139,344,98,246
108000140,347,1,346
108000141,9,32,-23
108000142,4,20,-16
108000143,22,12,10
108000144,365,5,360
108000145,29,26,3
108000146,243,7,236
108000147,8,7,1
108000148,86,15,71
108000149,5,3,2
108000150,31,24,7
108000151,1,18,-17
108000152,33,16,17
108000153,233,49,184
108000154,23,10,13
108000155,39,17,22
108000156,184,64,120
108000157,30,650,-620
108000158,11,212,-201
108000159,108,18,90
108000160,888,509,379
108000161,619,694,-75
108000165,35,96,-61
108000172,1,61,-60
108000173,740,553,187
108000175,232,27,205
108000178,186,181,5
108000179,95,497,-402
108000181,31,4,27
108000182,51,3,48
108000183,0,29,-29
108000184,89,1242,-1153
108000185,0,3,-3
108000186,58,5,53
108000187,0,25,-25
108000188,158,5,153
108000189,113,737,-624
108000190,0,0,0
108000192,122,140,-18
108000193,29,68,-39
108000194,12,0,12
108000195,0,9,-9
108000196,114,24,90
108000198,173,61,112
108000199,0,0,0
108000200,171,2,169
108000202,1,88,-87
108000203,0,37,-37
108000204,35,23,12
108000205,37,9,28
108000339,623,312,311
108000364,53,94,-41
108000365,19,68,-49
108000367,76,7,69
108000368,0,0,0
108000369,67,8,59
108000371,0,187,-187
108000372,195,0,195
108000373,96,22,74
108000376,56,20,36
108000377,316,146,170
108000378,5816,4927,889
108000379,0,0,0
108000381,107,13,94
108000382,84,0,84
108000383,0,11,-11
108900001,0,23,-23
108900002,70,4,66
108900003,2,12,-10
108900004,90,102,-12
108900005,24,155,-131
108900006,180,98,82
108900007,107,78,29
108900008,54,27,27
108900009,56,32,24
108900010,91,35,56
108900011,452,46,406
108900012,278,89,189
108900013,94,39,55
108900014,1,15,-14
108900015,0,0,0
108900016,0,0,0
108900017,23,13,10
108900018,34,82,-48
108900019,0,16,-16
108900020,22,10,12
108900021,32,48,-16
108900022,88,32,56
108900023,0,1,-1
108900024,1,7,-6
108900025,98,4,94
108900026,0,0,0
108900027,0,12,-12
108900028,9,35,-26
108900029,2,56,-54
108900030,0,1,-1
108900031,15,25,-10
108900032,0,0,0
108900033,0,14,-14
108900034,0,8,-8
108900035,38,99,-61
108900036,49,38,11
108900037,0,0,0
108900038,0,18,-18
108900039,0,15,-15
108900040,1,19,-18
108900041,995,809,186
108900042,0,17,-17
108900043,0,0,0
108900044,0,23,-23
108900045,50,48,2
108900046,8,38,-30
108900047,0,3,-3
108900048,27,56,-29
108900049,97,264,-167
108900050,5,37,-32
108900051,0,4,-4
108900052,12,14,-2
108900053,4,59,-55
108900054,1,2,-1
108900055,6,14,-8
108900056,0,5,-5
108900057,0,31,-31
108900058,9,26,-17
108900059,162,7,155
108900060,36,71,-35
108900061,3,1,2
108900062,0,10,-10
108900063,1,13,-12
108900064,8,15,-7
108900065,1,16,-15
108900066,167,18,149
108900067,1,7,-6
108900068,0,21,-21
108900069,42,6,36
108900070,18,5,13
108900071,54,8,46
108900072,174,126,48
108900073,20,13,7
108900074,60,7,53
108900075,17,5,12
108900076,200,29,171
108900077,17,24,-7
108900078,8,6,2
108900079,63,6,57
108900080,17,110,-93
108900081,3,26,-23
108900082,9,8,1
108900083,3,16,-13
108900084,30,11,19
108900085,77,3,74
108900086,24,1,23
108900087,73,11,62
108900088,158,58,100
108900089,0,56,-56
108900090,40,8,32
108900091,9,24,-15
108900092,95,58,37
108900093,12,51,-39
108900094,41,22,19
108900095,5,30,-25
108900096,27,2,25
108900097,50,19,31
108900098,225,307,-82
108900099,126,8,118
108900100,10,18,-8
108900101,38,17,21
108900102,6,310,-304
108900103,35,28,7
108900104,11,20,-9
108900105,1,499,-498
108900106,114,23,91
108900108,42,1,41
108900109,117,12,105
108900110,73,34,39
108900111,229,31,198
108900112,78,1,77
108900113,27,19,8
108900114,13,1,12
108900115,85,22,63
108900116,7,0,7
108900117,42,1,41
108900118,64,12,52
108900119,142,1,141
108900120,110,16,94
108900121,29,34,-5
108900122,56,1,55
108900123,42,17,25
108900124,23,3,20
108900125,133,1,132
108900126,59,5,54
108900127,79,3,76
108900128,112,4,108
108900129,54,0,54
108900130,103,0,103
108900131,198,2,196
108900132,109,11,98
108900133,117,1,116
108900134,270,19,251
108900135,92,0,92
108900136,8,0,8
108900137,72,1,71
108900138,225,6,219
108900139,246,6,240
108900140,266,15,251
108900141,167,0,167
108900142,9,1,8
108900143,8,0,8
108900144,47,1,46
108900145,96,6,90
108900146,16,0,16
108900147,193,1,192
108900148,9,5,4
108900149,52,16,36
108900150,31,1,30
108900151,11,0,11
108900152,77,1,76
108900153,147,20,127
108900154,1747,98,1649
108900155,100,7,93
108900156,17,17,0
108900157,0,27,-27
108900158,166,18,148
108900159,1,27,-26
108900160,10,50,-40
108900161,0,34,-34
108900162,41,0,41
108900163,1,141,-140
108900164,30,10,20
108900165,59,7,52
108900167,46,2679,-2633
108900168,721,816,-95
108900169,4,14,-10
108900171,470,1062,-592
108900172,56,9,47
108900173,26,16,10
108900174,543,56,487
108900176,6,19,-13
108900177,155,634,-479
108900178,301,870,-569
108900179,45,508,-463
108900180,8,100,-92
108900182,10,131,-121
108900183,13,48,-35
108900184,147,87,60
108900185,1,89,-88
108900186,30,46,-16
108900187,346,7,339
108900188,350,2,348
108900189,101,15,86
108900190,0,56,-56
108900191,33,9,24
108900192,4,53,-49
108900193,0,7,-7
108900194,0,9,-9
108900195,25,19,6
108900196,8,6,2
108900198,0,22,-22
108900199,40,48,-8
108900200,178,136,42
108900201,26,151,-125
108900203,245,13,232
108900204,158,1,157
108900205,134,6,128
108900206,58,26,32
108900207,18,26,-8
108900208,2,59,-57
108900209,15,41,-26
108900210,28,9,19
108900211,3,27,-24
108900212,3,110,-107
108900215,0,3,-3
108900216,26,48,-22
108900217,5,0,5
108900218,15,0,15
108900219,26,0,26
108900220,2,0,2
108900221,0,0,0
108900222,54,1,53
108900223,0,0,0
108900224,0,0,0
108900225,0,0,0
108900226,40,7,33
108900227,32,58,-26
108900230,18,29,-11
108900231,0,14,-14
108900232,0,14,-14
108900233,98,2,96
108900234,77,4,73
108900235,0,0,0
108900236,0,0,0
108900237,0,0,0
108900240,15,20,-5
108900241,2,34,-32
108900245,0,137,-137
108900249,11,0,11
108900250,47,2,45
108900257,39,0,39
108900258,0,9,-9
108900259,1,0,1
108900260,0,0,0
108900261,10,4,6
108900262,12,17,-5
108900263,2,21,-19
108900264,9,5,4
108900265,39,101,-62
108900266,28,235,-207
108900267,0,68,-68
108900268,17,7,10
108900269,28,4,24
108900270,37,6,31
108900271,7,5,2
108900272,56,2,54
108900273,29,172,-143
108900274,0,2,-2
109000001,570,1955,-1385
109000002,1,235,-234
109000003,1227,217,1010
109000004,7,135,-128
109000005,885,283,602
109000006,3,105,-102
109000007,1129,306,823
109000008,3,52,-49
109000009,1502,381,1121
109000010,20,179,-159
109000011,1985,655,1330
109000012,36,150,-114
109000013,2781,1624,1157
109000014,49,182,-133
109000015,2706,4033,-1327
109000016,102,222,-120
109000017,1693,366,1327
109000018,28,156,-128
109000019,1263,760,503
109000020,9,70,-61
109000023,61,0,61
109000024,1,25,-24
109000025,72,141,-69
109000026,262,251,11
109000027,15,79,-64
109000028,82,31,51
109000029,35,104,-69
109000030,0,0,0
109000031,157,30,127
109000032,2,2,0
109000033,210,49,161
109000034,1,6,-5
109000035,0,4,-4
109000036,7,67,-60
109000037,97,907,-810
109000038,71,26,45
109000039,185,353,-168
109000040,277,3499,-3222
109000041,199,724,-525
109000042,149,411,-262
109000044,164,13,151
109000045,32,3,29
109000046,167,25,142
109000047,3,6,-3
109000048,303,81,222
109000049,12,6,6
109000050,140,84,56
109000051,12,23,-11
109000052,99,52,47
109000053,288,47,241
109000054,12,37,-25
109000055,27,121,-94
109000056,80,38,42
109000057,73,211,-138
109000058,94,6,88
109000059,1,202,-201
109000060,123,98,25
109000061,35,1063,-1028
109000062,33,140,-107
109000063,9,24,-15
109000064,146,32,114
109000065,10,31,-21
109000066,143,2,141
109000067,1,45,-44
109000068,138,5,133
109000069,136,5,131
109000070,0,6,-6
109000071,115,30,85
109000072,40,304,-264
109000073,9,76,-67
109000074,9,140,-131
109000075,41,2,39
109000076,46,142,-96
109000077,72,106,-34
109000078,38,58,-20
109000079,24,43,-19
109000080,101,11,90
109000081,61,65,-4
109000082,336,10,326
109000083,117,74,43
109000088,66,31,35
109000089,178,26,152
109000090,155,55,100
109000091,174,41,133
109000092,143,152,-9
109000093,214,33,181
109000094,389,0,389
109000095,14,56,-42
109000096,524,45,479
109000097,5,23,-18
109000098,38,58,-20
109000099,322,23,299
109000100,40,137,-97
109000101,899,164,735
109000102,214,142,72
109000103,184,96,88
109000104,1017,149,868
109000105,97,190,-93
109000106,731,161,570
109000107,135,142,-7
109000108,1029,218,811
109000109,117,138,-21
109000110,389,380,9
109000111,236,277,-41
109000112,37,19,18
109000113,86,40,46
109000114,237,160,77
109000115,291,17,274
109000116,0,45,-45
109000117,106,4,102
109000118,0,32,-32
109000119,775,8,767
109000120,2,70,-68
109000121,459,3,456
109000122,7,47,-40
109000123,5,17,-12
109000124,314,63,251
109000125,613,90,523
109000126,8,33,-25
109000127,883,69,814
109000128,34,34,0
109000129,1256,107,1149
109000130,14,33,-19
109000131,483,364,119
109000132,87,159,-72
109000133,17,51,-34
109000134,38,34,4
109000135,29,26,3
109000136,132,144,-12
109000137,282,69,213
109000138,154,72,82
109000139,300,37,263
109000140,88,85,3
109000141,118,46,72
109000142,20,50,-30
109000143,37,27,10
109000145,22,105,-83
109000146,58,224,-166
109000148,59,90,-31
109000149,4,105,-101
109000150,28,117,-89
109000155,191,263,-72
109000156,232,21,211
109000158,16,186,-170
109000159,22,146,-124
109000160,493,56,437
109000161,287,189,98
109000162,708,137,571
109000163,561,84,477
109000164,709,532,177
109000165,630,209,421
109000166,386,29,357
109000167,62,98,-36
109000170,1,11,-10
109000171,30,3,27
109000172,2,4,-2
109000173,1,21,-20
109000174,16,4,12
109000175,54,27,27
109000176,99,101,-2
109000177,1,15,-14
109000178,146,32,114
109000179,456,872,-416
109000180,781,345,436
109000181,5,17,-12
109000182,60,30,30
109000183,22,8,14
109000184,52,47,5
109000185,30,31,-1
109000188,201,212,-11
109000189,596,86,510
109000190,136,119,17
109000191,218,113,105
109000192,277,15,262
109000193,111,22,89
109000194,76,5,71
109000195,19,12,7
109000196,60,2,58
109000197,103,16,87
109000198,158,5,153
109000199,77,12,65
109000206,76,8,68
109000207,78,11,67
109000208,56,42,14
109000209,39,15,24
109000210,6,19,-13
109000211,273,279,-6
109000214,179,174,5
109000215,86,39,47
109000216,107,170,-63
109000217,0,2,-2
109000218,11,8,3
109000221,13,79,-66
109000222,282,49,233
109000223,92,135,-43
109000224,132,29,103
109000225,68,16,52
109000226,64,76,-12
109000227,570,98,472
109000228,0,0,0
109000231,1,43,-42
109000232,332,41,291
109000236,13,46,-33
109000241,439,199,240
109000242,406,117,289
109000293,6,26,-20
109000361,36,17,19
109000364,10,20,-10
109000396,5,50,-45
109000397,561,0,561
109000399,55,114,-59
109000400,58,42,16
109000403,0,522,-522
109000406,65,6,59
109000407,19,59,-40
109000408,0,32,-32
109000410,0,0,0
109000411,105,1,104
109900001,0,0,0
109900002,170,0,170
109900003,104,0,104
109900004,57,2,55
109900005,9,0,9
109900006,194,15,179
109900007,329,1,328
109900008,0,0,0
109900009,0,3,-3
109900010,0,0,0
109900011,26,25,1
109900012,61,12,49
109900013,52,25,27
109900014,8,4,4
109900015,30,15,15
109900016,43,2,41
109900017,52,27,25
109900018,19,3,16
109900019,19,2,17
109900020,31,2,29
109900021,5,0,5
109900022,105,1,104
109900023,14,0,14
109900024,0,0,0
109900025,1,3,-2
109900026,0,8,-8
109900027,3,6,-3
109900028,31,162,-131
109900029,0,0,0
109900030,3,1,2
109900031,0,28,-28
109900032,0,0,0
109900033,0,23,-23
109900034,11,0,11
109900035,3,6,-3
109900036,0,0,0
109900037,0,0,0
109900038,2,4,-2
109900039,21,1,20
109900040,0,0,0
109900041,1,0,1
109900042,0,0,0
109900044,16,3,13
109900045,25,10,15
109900046,10,6,4
109900047,2,37,-35
109900048,2,3,-1
109900049,1,0,1
109900050,0,0,0
109900051,0,0,0
109900052,2,41,-39
109900053,0,6,-6
109900054,352,15,337
109900055,23,48,-25
109900056,0,0,0
109900057,0,5,-5
109900058,0,0,0
109900059,430,7,423
109900060,157,9,148
109900061,0,8,-8
109900062,0,0,0
109900063,2,23,-21
109900064,74,20,54
109900065,7,9,-2
109900066,0,8,-8
109900067,0,0,0
109900068,71,1,70
109900069,0,0,0
109900070,1,15,-14
109900071,0,1,-1
109900072,1,9,-8
109900073,81,11,70
109900074,0,2,-2
109900075,0,0,0
109900076,0,9,-9
109900077,4,24,-20
109900078,8,13,-5
109900080,15,22,-7
109900081,0,9,-9
109900082,6,10,-4
109900083,0,4,-4
109900084,0,0,0
109900085,30,39,-9
109900086,7,103,-96
109900087,15,26,-11
109900089,54,1,53
109900090,15,56,-41
109900091,210,2,208
109900092,0,0,0
109900093,59,2,57
109900094,0,0,0
109900095,1,15,-14
109900096,42,0,42
109900097,0,0,0
109900098,111,3,108
109900099,200,0,200
109900100,0,0,0
109900101,289,1,288
109900102,0,0,0
109900103,1,5,-4
109900104,350,27,323
109900105,0,0,0
109900106,0,0,0
109900107,0,0,0
109900108,0,0,0
109900109,0,0,0
109900110,0,3,-3
109900111,59,11,48
109900112,20,10,10
109900113,264,144,120
109900114,180,48,132
109900115,35,2,33
109900117,424,11,413
109900118,22,13,9
109900119,27,52,-25
109900120,10,4,6
109900121,19,4,15
109900122,164,0,164
109900123,0,4,-4
109900124,0,1,-1
109900125,0,18,-18
109900126,88,4,84
109900128,89,2,87
109900130,245,327,-82
109900131,2,17,-15
109900132,1,18,-17
109900133,22,9,13
109900134,0,0,0
109900135,0,0,0
109900136,0,0,0
109900137,32,16,16
109900140,29,7,22
109900142,217,8,209
109900145,0,65,-65
109900146,10,2,8
109900148,22,12,10
109900149,0,10,-10
109900150,0,11,-11
109900151,0,1,-1
109900152,0,7,-7
109900153,0,16,-16
109900154,4,6,-2
109900155,6,0,6
109900157,39,15,24
109900158,32,10,22
109900159,39,12,27
109900160,12,7,5
109900161,55,11,44
109900162,93,7,86
109900163,69,51,18
109900164,54,100,-46
109900165,33,0,33
109900166,13,30,-17
109900167,10,66,-56
109900168,28,62,-34
109900169,0,0,0
109900170,5,221,-216
109900171,13,18,-5
109900172,8,67,-59
109900173,54,264,-210
109900174,3,7,-4
109900175,0,0,0
109900176,0,0,0
109900177,0,0,0
109900178,0,0,0
109900179,0,0,0
109900180,0,1,-1
110000001,68,74,-6
110000002,370,623,-253
110000003,104,168,-64
110000004,342,649,-307
110000005,210,889,-679
110000006,103,395,-292
110000007,48,7,41
110000008,7,16,-9
110000009,1,17,-16
110000010,29,33,-4
110000011,2,2,0
110000012,87,196,-109
110000013,29,240,-211
110000014,250,79,171
110000015,56,226,-170
110000016,184,600,-416
110000017,772,249,523
110000018,182,93,89
110000019,13,14,-1
110000020,187,84,103
110000021,51,41,10
110000022,196,16,180
110000023,2,68,-66
110000024,37,52,-15
110000025,360,2,358
110000026,3,70,-67
110000027,192,310,-118
110000028,513,173,340
110000029,41,71,-30
110000030,107,175,-68
110000031,27,51,-24
110000032,323,96,227
110000033,46,15,31
110000034,233,194,39
110000035,187,143,44
110000036,359,191,168
110000037,18,150,-132
110000038,82,218,-136
110000039,342,995,-653
110000040,113,56,57
110000041,219,961,-742
110000042,13,138,-125
110000043,326,217,109
110000044,3,37,-34
110000045,16,71,-55
110000046,0,3,-3
110000047,1,48,-47
110000048,1,5,-4
110000049,3,6,-3
110000050,1,13,-12
110000051,0,4,-4
110000052,57,38,19
110000053,4,11,-7
110000054,29,52,-23
110000055,41,66,-25
110000056,43,51,-8
110000057,63,68,-5
110000058,385,279,106
110000059,45,112,-67
110000060,733,348,385
110000061,61,144,-83
110000062,503,280,223
110000063,40,35,5
110000064,37,5,32
110000065,44,32,12
110000066,38,4,34
110000067,15,21,-6
110000068,17,14,3
110000069,219,0,219
110000071,209,3,206
110000073,0,1,-1
110000075,6,3,3
110000076,166,96,70
110000077,71,139,-68
110000078,68,1,67
110000080,65,146,-81
110000081,13,42,-29
110000082,1,98,-97
110000083,98,132,-34
110000084,439,473,-34
110000085,796,356,440
110000086,549,827,-278
110000087,16,16,0
110000088,38,37,1
110000089,140,14,126
110000090,15,15,0
110000091,66,20,46
110000092,4,12,-8
110000093,31,13,18
110000094,182,32,150
110000095,82,217,-135
110000096,229,333,-104
110000097,407,525,-118
110000098,620,138,482
110000099,191,229,-38
110000100,370,14,356
110000101,0,29,-29
110000102,30,24,6
110000104,151,67,84
110000105,45,46,-1
110000106,129,146,-17
110000107,26,66,-40
110000108,49,124,-75
110000109,36,26,10
110000110,1171,1444,-273
110000111,1238,1064,174
110000112,101,195,-94
110000113,69,542,-473
110000114,62,227,-165
110000115,103,66,37
110000116,15,16,-1
110000117,145,37,108
110000118,205,12,193
110000119,63,46,17
110000120,164,58,106
110000121,17,80,-63
110000122,120,190,-70
110000123,351,259,92
110000124,0,207,-207
110000125,347,0,347
110000126,97,0,97
110000127,373,14,359
110000128,0,107,-107
110000129,0,42,-42
110000130,101,33,68
110000131,5,27,-22
110000132,0,62,-62
110000133,0,59,-59
110000134,2,49,-47
110000135,64,11,53
110000136,6,16,-10
110000137,348,11,337
110000138,87,49,38
110000139,485,36,449
110000140,535,140,395
110000143,236,54,182
110000144,1045,303,742
110000145,286,165,121
110000146,520,127,393
110000147,33,267,-234
110000148,189,57,132
110000151,97,164,-67
110000152,162,550,-388
110000153,0,0,0
110000154,18,47,-29
110000155,621,491,130
110000156,135,315,-180
110000157,157,524,-367
110000160,179,77,102
110000161,44,88,-44
110000166,264,13,251
110000167,646,260,386
110000168,392,237,155
110000169,366,114,252
110000170,63,62,1
110000171,258,29,229
110000172,101,184,-83
110000173,261,243,18
110000174,21,69,-48
110000175,238,32,206
110000176,37,331,-294
110000177,87,347,-260
110000178,169,798,-629
110000179,293,98,195
110000180,34,86,-52
110000181,136,52,84
110000182,100,23,77
110000183,1852,2547,-695
110000184,72,1073,-1001
110000185,79,168,-89
110000186,187,180,7
110000191,839,125,714
110000192,272,4,268
110000193,530,5,525
110000194,0,113,-113
110000195,257,10,247
110000196,183,8,175
110000197,18,27,-9
110000198,37,7,30
110000199,14,45,-31
110000200,198,48,150
110000201,191,345,-154
110000202,418,188,230
110000203,39,45,-6
110000204,1,38,-37
110000205,120,10,110
110000206,68,54,14
110000207,679,35,644
110000208,22,82,-60
110000209,23,53,-30
110000210,847,189,658
110000211,545,234,311
110000212,150,427,-277
110000213,62,8,54
110000214,53,18,35
110000215,1,58,-57
110000216,26,79,-53
110000217,217,17,200
110000218,47,40,7
110000219,105,13,92
110000220,4,28,-24
110000221,203,5,198
110000222,12,73,-61
110000223,5,6,-1
110000224,0,1,-1
110000225,35,105,-70
110000226,107,18,89
110000227,8,181,-173
110000228,82,16,66
110000229,0,24,-24
110000230,296,217,79
110000231,71,89,-18
110000232,32,58,-26
110000233,87,66,21
110000234,134,118,16
110000235,319,275,44
110000236,0,0,0
110000237,315,116,199
110000238,477,214,263
110000239,395,171,224
110000240,0,2,-2
110000242,0,0,0
110000243,60,3,57
110000244,3,39,-36
110000245,1,89,-88
110000246,382,104,278
110000247,306,367,-61
110000248,223,123,100
110000249,47,7,40
110000250,1,37,-36
110000251,79,69,10
110000252,169,18,151
110000253,630,190,440
110000254,201,71,130
110000255,28,113,-85
110000256,115,87,28
110000257,39,1,38
110000258,0,40,-40
110000259,56,1,55
110000260,35,28,7
110000263,130,19,111
110000264,272,105,167
110000265,911,378,533
110000266,509,493,16
110000267,0,0,0
110000268,53,0,53
110000269,0,0,0
110000270,38,0,38
110000271,257,31,226
110000272,190,138,52
110000273,100,216,-116
110000274,136,688,-552
110000275,168,88,80
110000276,84,272,-188
110000277,160,52,108
110000278,112,131,-19
110000279,473,121,352
110000280,323,73,250
110000281,59,12,47
110000282,26,0,26
110000283,2,42,-40
110000284,0,1,-1
110000285,0,12,-12
110000286,3,0,3
110000287,33,1,32
110000288,0,0,0
110000289,114,869,-755
110000290,49,84,-35
110000291,226,277,-51
110000292,285,1614,-1329
110000293,311,150,161
110000294,577,329,248
110000295,23,124,-101
110000296,268,76,192
110000297,758,19,739
110000298,4,65,-61
110000299,34,16,18
110000301,237,3,234
110000302,108,93,15
110000303,297,5,292
110000304,13,7,6
110000305,570,3,567
110000306,0,59,-59
110000307,672,1,671
110000308,279,12,267
110000309,0,126,-126
110000310,468,12,456
110000311,2,102,-100
110000312,231,13,218
110000313,452,98,354
110000314,0,32,-32
110000315,328,472,-144
110000316,14,146,-132
110000317,15,26,-11
110000318,0,19,-19
110000319,2,12,-10
110000320,1,8,-7
110000321,14,9,5
110000322,47,117,-70
110000323,270,78,192
110000324,111,28,83
110000325,850,1011,-161
110000327,158,70,88
110000328,12,9,3
110000333,255,331,-76
110000334,63,141,-78
110000335,145,104,41
110000336,43,98,-55
110000337,769,99,670
110000338,144,84,60
110000339,170,29,141
110000340,9,20,-11
110000341,259,2,257
110000342,6,0,6
110000343,0,0,0
110000344,0,17,-17
110000345,32,21,11
110000346,892,462,430
110000347,795,254,541
110000348,3,3,0
110000349,2,0,2
110000350,21,2,19
110000351,658,140,518
110000352,135,454,-319
110000353,875,160,715
110000354,108,753,-645
110000355,19,0,19
110000356,203,1,202
110000357,251,11,240
110000361,0,0,0
110000362,111,23,88
110000363,204,14,190
110000364,110,59,51
110000365,39,0,39
110000366,0,42,-42
110000367,40,26,14
110000368,0,10,-10
110000369,35,0,35
110000373,0,33,-33
110000374,7,29,-22
110000375,51,74,-23
110000376,53,81,-28
110000377,21,229,-208
110000378,0,96,-96
110000379,1013,1169,-156
110000380,145,7,138
110000383,0,99,-99
110000384,317,15,302
110000385,0,17,-17
110000387,45,10,35
110000388,2,30,-28
110000389,520,34,486
110000391,361,30,331
110000396,47,2,45
110000397,43,13,30
110000398,1,15,-14
110000399,94,4,90
110000587,48,4,44
110000589,95,22,73
110000640,85,7,78
110000652,1,25,-24
110000653,54,22,32
110000654,0,0,0
110000656,0,0,0
110000674,0,0,0
110000675,0,0,0
110000676,0,0,0
110000679,0,0,0
110000682,65,102,-37
110000683,131,145,-14
110000684,0,0,0
110000685,9,3,6
110000686,0,0,0
110000687,2,3,-1
110000688,1,184,-183
110000689,7,1,6
110000692,1,24,-23
110000693,2,117,-115
110000694,0,0,0
110000695,0,24,-24
110000696,66,19,47
110900001,18,0,18
110900002,29,2,27
110900003,336,3,333
110900004,219,1,218
110900005,0,0,0
110900006,4,0,4
110900007,25,16,9
110900008,0,0,0
110900009,6,99,-93
110900010,0,0,0
110900011,0,0,0
110900012,0,0,0
110900013,218,38,180
110900014,5,0,5
110900015,12,192,-180
110900016,0,0,0
110900017,132,2,130
110900018,28,1,27
110900019,3,0,3
110900020,0,0,0
110900021,0,0,0
110900022,0,0,0
110900023,3,56,-53
110900024,0,0,0
110900025,0,0,0
110900027,0,0,0
110900028,0,0,0
110900029,0,5,-5
110900030,0,0,0
110900031,0,0,0
110900032,0,0,0
110900033,5,1,4
110900035,0,0,0
110900036,7,1,6
110900037,15,1,14
110900038,0,0,0
110900039,0,0,0
110900040,26,2,24
110900041,0,0,0
110900042,0,0,0
110900043,0,0,0
110900044,0,0,0
110900045,0,0,0
110900046,0,0,0
110900047,0,0,0
110900049,8,14,-6
110900050,4,0,4
110900051,0,0,0
110900052,0,0,0
110900053,0,0,0
110900054,0,0,0
110900055,12,0,12
110900056,0,0,0
110900057,0,0,0
110900058,0,0,0
110900059,1,2,-1
110900060,51,2,49
110900061,0,0,0
110900062,0,0,0
110900063,0,3,-3
110900064,0,0,0
110900065,19,15,4
110900066,0,7,-7
110900067,0,0,0
110900068,0,0,0
110900069,0,2,-2
110900070,0,0,0
110900071,0,0,0
110900073,0,3,-3
110900074,104,0,104
110900075,49,0,49
110900077,146,36,110
110900078,0,0,0
110900079,128,122,6
110900080,36,4,32
110900081,0,0,0
110900082,36,7,29
110900083,1,0,1
110900084,0,0,0
110900085,2,13,-11
110900086,0,20,-20
110900087,35,22,13
110900088,3,0,3
110900090,0,0,0
110900091,0,0,0
110900093,0,0,0
110900095,4,3,1
110900097,2,1,1
110900098,0,1,-1
110900099,2,33,-31
110900100,0,2,-2
110900102,28,34,-6
110900105,53,7,46
110900108,7,2,5
110900111,12,1,11
110900112,170,4,166
110900113,4,1,3
110900115,0,0,0
110900116,225,89,136
110900118,1,339,-338
110900119,51,2,49
110900120,0,0,0
110900121,6,0,6
110900122,25,1,24
110900125,67,131,-64
110900127,0,0,0
110900128,0,5,-5
110900129,7,89,-82
110900130,11,97,-86
110900131,21,2,19
110900132,75,11,64
110900133,0,1,-1
110900135,1,0,1
110900136,34,0,34
110900137,0,0,0
110900138,23,15,8
110900139,0,9,-9
110900140,0,0,0
110900141,0,1,-1
110900142,0,0,0
110900143,34,9,25
110900144,0,0,0
110900145,15,15,0
110900146,67,27,40
110900147,0,0,0
110900148,0,0,0
110900149,0,0,0
110900150,6,17,-11
110900151,0,18,-18
110900152,0,3,-3
110900153,10,2,8
111000001,551,253,298
111000002,59,7,52
111000003,606,367,239
111000004,0,12,-12
111000005,350,709,-359
111000006,17,33,-16
111000007,1166,1231,-65
111000008,32,102,-70
111000009,19,125,-106
111000010,521,306,215
111000011,32,241,-209
111000012,85,253,-168
111000013,61,393,-332
111000014,568,145,423
111000017,1,66,-65
111000018,9,17,-8
111000020,36,195,-159
111000021,32,20,12
111000023,24,41,-17
111000025,254,426,-172
111000029,3,2,1
111000030,0,3,-3
111000031,824,343,481
111000032,314,59,255
111000033,72,38,34
111000034,20,62,-42
111000037,236,454,-218
111000038,487,313,174
111000039,473,365,108
111000040,407,320,87
111000041,94,168,-74
111000042,276,740,-464
111000043,1005,1010,-5
111000044,775,121,654
111000045,1468,675,793
111000046,582,555,27
111000047,1166,2249,-1083
111000049,6,22,-16
111000050,119,116,3
111000051,50,83,-33
111000052,25,80,-55
111000053,58,58,0
111000054,45,35,10
111000055,155,187,-32
111000056,7,47,-40
111000057,2,41,-39
111000058,238,32,206
111000059,210,87,123
111000060,2589,210,2379
111000061,302,104,198
111000062,567,62,505
111000063,693,312,381
111000064,546,182,364
111000065,846,169,677
111000066,309,89,220
111000067,158,59,99
111000068,53,52,1
111000069,148,161,-13
111000070,93,47,46
111000071,4,27,-23
111000072,594,446,148
111000073,123,476,-353
111000074,808,402,406
111000075,285,109,176
111000076,520,114,406
111000077,526,290,236
111000078,317,137,180
111000079,333,89,244
111000080,158,125,33
111000081,322,928,-606
111000082,248,103,145
111000084,192,171,21
111000085,381,384,-3
111000086,519,256,263
111000087,364,131,233
111000088,474,362,112
111000089,299,194,105
111000090,216,202,14
111000091,160,107,53
111000092,705,247,458
111000093,282,262,20
111000094,490,237,253
111000095,370,807,-437
111000096,483,2598,-2115
111000097,194,149,45
111000098,103,78,25
111000099,50,239,-189
111000100,58,123,-65
111000101,88,109,-21
111000102,3,43,-40
111000104,308,25,283
111000107,0,53,-53
111000109,214,15,199
111000110,340,120,220
111000111,1334,54,1280
111000112,918,53,865
111000113,376,671,-295
111000114,304,1110,-806
111000115,1209,247,962
111000116,175,103,72
111000117,40,100,-60
111000118,231,100,131
111000119,526,117,409
111000120,210,112,98
111000121,132,115,17
111000122,98,130,-32
111000123,296,258,38
111000124,88,312,-224
111000125,25,135,-110
111000126,13,78,-65
111000127,361,24,337
111000128,1128,49,1079
111000129,1435,196,1239
111000130,1592,200,1392
111000131,1345,98,1247
111000132,1048,503,545
111000133,73,9,64
111000134,88,15,73
111000135,4,88,-84
111000136,274,68,206
111000138,3,2,1
111000140,0,0,0
111000141,23,11,12
111000142,0,2,-2
111000143,0,6,-6
111000144,0,15,-15
111000145,24,1,23
111000146,29,1,28
111000147,35,0,35
111000148,25,11,14
111000149,0,64,-64
111000150,7,1,6
111000151,3,5,-2
111000153,139,26,113
111000154,18,45,-27
111000155,74,36,38
111000156,309,84,225
111000157,82,152,-70
111000158,332,307,25
111000159,542,364,178
111000160,161,51,110
111000161,1,79,-78
111000162,0,2,-2
111000163,73,80,-7
111000164,23,216,-193
111000165,173,45,128
111000166,55,25,30
111000167,1,51,-50
111000168,68,47,21
111000169,50,28,22
111000170,89,47,42
111000171,49,25,24
111000172,32,58,-26
111000173,141,81,60
111000174,13,3,10
111000175,19,30,-11
111000176,145,37,108
111000177,324,50,274
111000178,850,70,780
111000179,233,38,195
111000180,83,141,-58
111000181,291,62,229
111000182,98,21,77
111000183,56,42,14
111000184,161,26,135
111000185,116,30,86
111000186,109,4,105
111000187,73,8,65
111000188,181,46,135
111000189,23,78,-55
111000190,43,36,7
111000191,2,21,-19
111000192,22,36,-14
111000193,10,28,-18
111000194,2,5,-3
111000195,5,61,-56
111000196,1,15,-14
111000197,303,6,297
111000198,241,4,237
111000199,140,24,116
111000200,398,151,247
111000201,300,25,275
111000202,157,20,137
111000203,182,45,137
111000204,107,480,-373
111000213,99,122,-23
111000214,357,148,209
111000215,332,112,220
111000217,723,141,582
111000218,615,200,415
111000219,80,13,67
111000220,254,15,239
111000221,64,17,47
111000224,0,1,-1
111000225,354,409,-55
111000226,7,2,5
111000227,3,1,2
111000228,1,310,-309
111000229,1,513,-512
111000230,23,25,-2
111000231,374,52,322
111000232,350,141,209
111000233,349,50,299
111000234,27,134,-107
111000239,0,0,0
111000240,26,86,-60
111000241,0,0,0
111000242,51,35,16
111000243,0,0,0
111000244,314,24,290
111000245,288,40,248
111000246,265,68,197
111000247,167,67,100
111000248,373,112,261
111000249,172,47,125
111000250,43,12,31
111000251,50,16,34
111000253,5,1,4
111000255,5,0,5
111000257,20,0,20
111000260,0,48,-48
111000261,559,8,551
111000271,3,26,-23
111000273,358,252,106
111000274,478,242,236
111000275,16,1,15
111000276,47,202,-155
111000277,39,56,-17
111000278,143,56,87
111000291,441,3297,-2856
111000298,150,88,62
111000299,74,13,61
111000300,10,16,-6
111000302,131,38,93
111000303,123,20,103
111000312,45,9,36
111000315,0,8,-8
111000320,105,78,27
111000321,216,31,185
111000322,143,62,81
111000323,123,14,109
111000324,111,47,64
111000325,3,29,-26
111000326,79,50,29
111000327,172,127,45
111000328,64,92,-28
111000329,0,35,-35
111000330,28,3,25
111000331,3,40,-37
111000332,155,139,16
111000334,30,146,-116
111000335,426,22,404
111000337,554,5,549
111000338,19,4,15
111000339,264,16,248
111000340,3,55,-52
111000341,610,183,427
111000342,0,30,-30
111000344,499,131,368
111000345,12,5,7
111000346,0,2,-2
111000347,104,0,104
111000350,50,145,-95
111000351,10,89,-79
111000352,46,18,28
111000353,10,85,-75
111000354,55,17,38
111000355,16,100,-84
111000358,45,52,-7
111000360,87,18,69
111000361,77,12,65
111000546,124,1,123
111000547,197,30,167
111000548,14,21,-7
111000549,85,21,64
111000550,5,115,-110
111000551,29,31,-2
111000552,64,3,61
111000907,421,9,412
111000908,9,0,9
111000916,448,5,443
111000917,0,4,-4
111000918,43,39,4
111000920,120,2,118
111000921,2,22,-20
111000922,111,8,103
111000924,2,85,-83
111000925,2159,791,1368
111000926,383,317,66
111000927,1326,1711,-385
111000928,662,470,192
111000929,1044,269,775
111000930,233,572,-339
111000931,1105,418,687
111000932,501,435,66
111000933,1706,1033,673
111000934,427,558,-131
111000935,1031,310,721
111000936,241,377,-136
111000937,671,468,203
111000938,336,304,32
111000939,475,12,463
111000940,298,16,282
111000941,102,24,78
111000943,367,62,305
111000944,34,22,12
111000945,148,7,141
111001109,171,191,-20
111001110,50,2,48
111001111,19,3,16
111001112,167,2,165
111001113,0,66,-66
111001114,75,41,34
111001115,0,0,0
111001116,432,2036,-1604
111001117,10,131,-121
111001120,21,22,-1
111001121,5,23,-18
111001122,55,45,10
111001123,138,23,115
111001124,17,5,12
111001125,5,312,-307
111900001,19,0,19
111900002,2,21,-19
111900003,0,23,-23
111900004,0,16,-16
111900006,0,0,0
111900007,0,0,0
111900008,0,0,0
111900009,75,10,65
111900010,5,8,-3
111900012,7,5,2
111900013,1,11,-10
111900014,380,1347,-967
111900015,0,3,-3
111900016,0,7,-7
111900017,0,0,0
111900018,62,7,55
111900019,1,63,-62
111900020,0,5,-5
111900021,2,2,0
111900022,0,0,0
111900023,45,10,35
111900024,9,1,8
111900025,0,9,-9
111900026,0,3,-3
111900027,0,8,-8
111900028,0,0,0
111900029,0,5,-5
111900030,0,0,0
111900031,5,0,5
111900032,0,0,0
111900033,4,8,-4
111900034,0,0,0
111900035,0,0,0
111900036,0,1,-1
111900038,0,0,0
111900039,0,0,0
111900040,0,0,0
111900042,0,0,0
111900043,1,0,1
111900044,0,0,0
111900046,0,0,0
111900048,175,48,127
111900049,0,0,0
111900050,0,0,0
111900051,0,15,-15
111900052,0,0,0
111900053,71,551,-480
111900054,0,0,0
111900055,0,54,-54
111900056,23,36,-13
111900057,50,7,43
111900058,238,15,223
111900059,68,38,30
111900060,0,0,0
111900061,0,19,-19
111900062,26,10,16
111900063,73,1,72
111900064,16,22,-6
111900065,52,3,49
111900066,7,0,7
111900067,0,0,0
111900068,14,32,-18
111900069,32,11,21
111900070,35,0,35
111900071,0,0,0
111900072,27,12,15
111900073,54,12,42
111900074,0,0,0
111900075,86,0,86
111900076,17,3,14
111900077,16,1,15
111900078,66,2,64
111900079,23,10,13
111900080,0,0,0
111900082,225,18,207
111900083,53,0,53
111900084,98,3,95
111900085,0,0,0
111900086,167,28,139
111900087,47,0,47
111900088,103,0,103
111900089,74,0,74
111900090,0,0,0
111900091,417,14,403
111900092,98,0,98
111900093,105,1,104
111900094,33,0,33
111900095,0,0,0
111900096,210,0,210
111900097,76,0,76
111900098,80,0,80
111900099,45,0,45
111900100,0,0,0
111900101,24,1,23
111900102,80,0,80
111900103,0,0,0
111900104,2,0,2
111900105,10,4,6
111900106,49,12,37
111900110,0,0,0
111900111,62,22,40
111900112,0,0,0
111900113,54,2,52
111900118,47,4,43
111900119,2,7,-5
111900122,15,13,2
111900123,0,3,-3
111900124,20,24,-4
111900125,19,4,15
111900126,38,0,38
111900127,0,0,0
111900128,0,0,0
111900129,48,3,45
111900130,2,0,2
111900131,48,0,48
111900132,0,0,0
111900133,0,0,0
111900134,0,0,0
111900135,0,0,0
111900136,0,0,0
111900137,5,4,1
111900138,2,15,-13
111900139,3,4,-1
111900140,27,10,17
111900141,42,7,35
111900142,37,16,21
111900143,8,0,8
111900144,0,0,0
111900145,0,0,0
111900146,0,0,0
111900147,0,0,0
111900148,0,0,0
111900149,0,0,0
111900150,0,0,0
111900151,0,0,0
111900152,0,0,0
111900153,0,0,0
111900154,0,0,0
111900155,0,0,0
111900156,0,0,0
111900157,0,0,0
111900158,0,0,0
111900159,0,0,0
111900160,0,0,0
111900161,0,0,0
111900162,0,0,0
111900163,0,0,0
111900164,0,0,0
111901113,127,0,127
111901114,71,0,71
111901115,0,0,0
111901116,0,0,0
111901117,0,0,0
111901118,0,0,0
111901119,0,0,0
111901121,0,0,0
111901122,1,0,1
111901123,30,0,30
111901124,0,0,0
111901125,295,54,241
111901127,5,0,5
111901128,0,0,0
111901129,0,0,0
111901130,0,0,0
111901131,0,62,-62
111901132,0,0,0
111901133,0,0,0
111901134,0,0,0
111901135,0,0,0
111901136,0,0,0
111901137,0,0,0
111901138,0,0,0
111901139,0,0,0
111901140,0,0,0
111901141,0,0,0
111901142,0,0,0
111901143,0,0,0
111901144,0,0,0
111901145,2,1,1
111901146,0,0,0
112000001,1319,696,623
112000002,119,202,-83
112000003,774,353,421
112000004,83,81,2
112000005,2595,1590,1005
112000006,88,50,38
112000007,2141,1499,642
112000008,1620,2301,-681
112000009,1636,511,1125
112000010,1025,2398,-1373
112000011,513,364,149
112000012,2348,4229,-1881
112000013,844,539,305
112000014,278,2623,-2345
112000015,188,649,-461
112000016,521,1267,-746
112000017,97,451,-354
112000024,66,76,-10
112000026,312,333,-21
112000027,336,491,-155
112000028,292,95,197
112000029,153,487,-334
112000030,7,0,7
112000031,292,1750,-1458
112000032,11,1,10
112000033,314,1137,-823
112000034,6,1,5
112000035,0,21,-21
112000036,27,405,-378
112000037,37,124,-87
112000038,167,373,-206
112000039,36,14,22
112000040,8,61,-53
112000041,70,205,-135
112000042,369,60,309
112000050,653,635,18
112000051,610,783,-173
112000054,282,493,-211
112000057,24,15,9
112000058,23,168,-145
112000059,132,215,-83
112000061,715,335,380
112000062,240,494,-254
112000063,416,409,7
112000064,652,585,67
112000065,369,253,116
112000066,754,558,196
112000067,67,69,-2
112000068,1046,807,239
112000069,61,216,-155
112000070,304,240,64
112000071,162,190,-28
112000072,898,201,697
112000073,113,240,-127
112000074,428,322,106
112000075,765,415,350
112000076,670,264,406
112000077,774,231,543
112000078,788,268,520
112000079,1200,524,676
112000080,195,226,-31
112000081,257,463,-206
112000082,395,319,76
112000083,307,315,-8
112000084,526,271,255
112000085,737,254,483
112000086,1344,390,954
112000087,247,82,165
112000088,341,144,197
112000089,91,106,-15
112000090,92,65,27
112000091,139,94,45
112000092,1146,89,1057
112000093,279,68,211
112000094,487,106,381
112000095,313,65,248
112000096,509,111,398
112000097,949,236,713
112000098,55,44,11
112000099,215,922,-707
112000100,1091,141,950
112000101,20,60,-40
112000102,524,77,447
112000103,48,56,-8
112000105,12,50,-38
112000106,855,62,793
112000107,14,29,-15
112000108,131,179,-48
112000109,63,25,38
112000110,618,105,513
112000111,89,273,-184
112000112,860,41,819
112000113,104,154,-50
112000114,784,143,641
112000115,61,43,18
112000116,15,47,-32
112000117,32,52,-20
112000118,115,95,20
112000119,114,97,17
112000120,4,8,-4
112000121,85,65,20
112000122,265,40,225
112000123,388,34,354
112000124,308,10,298
112000125,148,51,97
112000126,212,79,133
112000127,631,834,-203
112000128,64,336,-272
112000129,83,26,57
112000130,26,15,11
112000131,39,3,36
112000132,17,26,-9
112000133,238,17,221
112000134,142,42,100
112000135,515,100,415
112000136,201,142,59
112000137,533,215,318
112000138,279,166,113
112000139,99,251,-152
112000140,49,56,-7
112000141,319,69,250
112000142,12,60,-48
112000143,551,59,492
112000144,47,146,-99
112000145,1480,133,1347
112000146,100,166,-66
112000147,874,370,504
112000148,156,147,9
112000149,148,33,115
112000150,13,27,-14
112000151,121,34,87
112000152,49,25,24
112000153,21,19,2
112000154,54,0,54
112000155,14,12,2
112000157,17,251,-234
112000158,141,46,95
112000159,100,49,51
112000167,4,4,0
112000169,47,342,-295
112000173,234,1,233
112000175,73,49,24
112000176,621,349,272
112000177,102,31,71
112000178,24,41,-17
112000179,82,8,74
112000180,17,15,2
112000181,248,135,113
112000182,772,58,714
112000183,28,29,-1
112000184,179,24,155
112000185,37,14,23
112000187,694,206,488
112000195,79,6,73
112000196,41,0,41
112000197,3,5,-2
112000198,2,6,-4
112000199,4,103,-99
112000202,196,0,196
112000216,21,21,0
112000230,75,0,75
112000231,0,5,-5
112000256,80,62,18
112000313,16,7,9
112000314,1,3,-2
112000337,4,71,-67
112000352,0,20,-20
112000392,714,762,-48
112000398,643,239,404
112000399,242,2534,-2292
112000400,239,356,-117
112000401,424,396,28
112000402,1840,2961,-1121
112000403,355,2219,-1864
112000404,381,686,-305
112000405,1756,1557,199
112000406,733,499,234
112000407,3560,2195,1365
112000408,1158,730,428
112000409,358,625,-267
112000410,0,0,0
112000411,143,30,113
112000412,0,0,0
112000413,108,261,-153
112000414,33,6,27
112000415,22,5,17
112000416,1384,428,956
112000417,105,27,78
112000421,3,2,1
112000422,72,42,30
112000424,102,527,-425
112000425,8,27,-19
112000426,24,27,-3
112000427,0,0,0
112000428,37,47,-10
112000429,739,761,-22
112000430,803,1383,-580
112000431,40,78,-38
112000432,110,70,40
112000433,145,274,-129
112000437,28,78,-50
112900001,10,0,10
112900002,75,2,73
112900003,10,0,10
112900004,6,0,6
112900005,49,0,49
112900006,0,0,0
112900007,85,3,82
112900008,0,0,0
112900009,27,0,27
112900010,15,0,15
112900011,0,0,0
112900012,0,0,0
112900013,0,65,-65
112900014,0,0,0
112900015,1,4,-3
112900016,0,0,0
112900017,0,17,-17
112900018,0,0,0
112900019,0,0,0
112900020,50,22,28
112900021,0,0,0
112900022,0,0,0
112900023,0,0,0
112900024,0,0,0
112900025,3,6,-3
112900026,0,0,0
112900027,0,0,0
112900028,0,0,0
112900029,38,11,27
112900030,0,0,0
112900031,0,0,0
112900032,0,0,0
112900034,2,9,-7
112900035,0,0,0
112900036,0,0,0
112900037,0,0,0
112900038,32,0,32
112900039,0,0,0
112900040,0,0,0
112900041,13,45,-32
112900042,0,0,0
112900043,1,0,1
112900044,32,0,32
112900045,0,0,0
112900046,0,0,0
112900047,0,0,0
112900049,0,0,0
112900050,19,0,19
112900051,0,0,0
112900052,5,0,5
112900053,0,0,0
112900054,2,0,2
112900055,0,0,0
112900056,0,0,0
112900057,0,0,0
112900058,3,20,-17
112900059,0,0,0
112900060,0,0,0
112900061,0,0,0
112900062,0,0,0
112900063,0,0,0
112900064,0,0,0
112900065,0,0,0
112900066,25,22,3
112900067,0,0,0
112900068,0,0,0
112900069,5,0,5
112900071,1,0,1
112900072,1,18,-17
112900073,71,28,43
112900074,0,0,0
112900075,41,1,40
112900076,0,0,0
112900078,0,0,0
112900079,0,0,0
112900080,1,0,1
112900081,9,12,-3
112900082,37,2,35
112900083,3,11,-8
112900084,0,0,0
112900086,0,0,0
112900087,32,0,32
112900088,46,0,46
112900089,157,0,157
112900090,0,12,-12
112900091,0,0,0
112900092,0,0,0
112900093,0,0,0
112900095,0,0,0
112900096,28,12,16
112900097,0,0,0
112900098,3,0,3
112900099,219,9,210
112900100,1,0,1
112900101,0,0,0
112900102,0,0,0
112900103,0,0,0
112900104,0,0,0
112900105,0,0,0
112900106,6,3,3
112900107,2,0,2
112900108,0,0,0
112900109,6,1,5
112900110,0,0,0
112900111,0,0,0
112900112,0,0,0
112900113,0,0,0
112900114,0,0,0
112900115,447,9,438
112900116,8,0,8
112900117,0,0,0
112900118,0,0,0
112900119,0,0,0
112900120,0,0,0
112900121,0,0,0
112900122,0,0,0
112900123,0,0,0
112900124,0,0,0
112900125,0,0,0
112900126,2,2,0
112900127,0,0,0
112900128,0,0,0
112900129,0,62,-62
112900130,0,0,0
112900131,0,0,0
112900132,0,0,0
112900133,0,36,-36
112900134,0,27,-27
112900135,0,0,0
112900137,0,15,-15
112900138,0,3,-3
112900139,0,0,0
112900141,191,32,159
112900142,0,0,0
112900143,0,0,0
112900144,0,0,0
112900145,0,0,0
112900146,0,0,0
112900147,0,0,0
112900148,0,0,0
112900149,0,0,0
112900151,0,0,0
112900152,182,12,170
112900153,3,99,-96
112900154,0,0,0
112900155,14,0,14
112900156,13,0,13
112900157,147,1,146
112900158,0,0,0
112900159,10,0,10
112900160,0,0,0
112900161,0,0,0
112900162,0,0,0
112900163,0,0,0
112900164,0,0,0
112900165,0,0,0
112900166,0,0,0
112900167,0,0,0
112900168,0,0,0
112900169,0,0,0
112900170,0,0,0
112900172,0,0,0
112900173,0,0,0
112900174,0,0,0
112900175,0,0,0
112900176,0,0,0
112900177,0,0,0
112900178,9,3,6
112900179,0,15,-15
112900180,250,48,202
112900181,0,0,0
112900182,0,0,0
112900183,0,0,0
112900184,28,36,-8
112900185,0,20,-20
112900186,31,79,-48
112900187,0,0,0
112900188,18,32,-14
112900189,0,0,0
112900190,0,0,0
112900192,70,31,39
112900193,70,10,60
112900194,0,0,0
112900195,82,0,82
112900196,19,17,2
112900197,4,9,-5
112900199,63,0,63
112900200,11,0,11
112900201,20,1,19
112900202,18,7,11
112900203,0,0,0
112900204,16,3,13
112900205,3,0,3
112900206,2,0,2
112900207,0,0,0
112900208,0,3,-3
112900209,0,0,0
112900210,0,0,0
112900211,0,0,0
112900212,0,0,0
112900213,0,0,0
112900214,0,0,0
112900215,0,0,0
112900216,0,0,0
112900217,0,0,0
112900218,15,0,15
112900219,0,1,-1
112900220,1,0,1
112900221,6,0,6
112900222,0,0,0
112900223,117,0,117
112900224,37,0,37
112900225,2,0,2
112900226,0,0,0
112900227,187,4,183
112900228,19,0,19
112900229,0,0,0
112900230,242,100,142
112900232,2,4,-2
112900233,0,0,0
112900234,0,0,0
112900235,0,0,0
112900236,2,0,2
112900237,60,2,58
112900238,0,0,0
112900239,0,0,0
113000001,1246,1230,16
113000002,1414,1627,-213
113000003,293,667,-374
113000004,303,776,-473
113000005,253,260,-7
113000006,227,595,-368
113000007,427,238,189
113000008,345,493,-148
113000009,279,242,37
113000010,498,323,175
113000011,299,175,124
113000012,485,109,376
113000013,69,98,-29
113000014,124,274,-150
113000015,45,59,-14
113000016,33,49,-16
113000017,36,39,-3
113000018,54,9,45
113000019,47,26,21
113000020,253,45,208
113000021,468,111,357
113000022,195,220,-25
113000025,3,42,-39
113000026,188,298,-110
113000027,102,234,-132
113000028,75,183,-108
113000029,345,269,76
113000030,0,0,0
113000031,0,0,0
113000032,128,96,32
113000033,202,121,81
113000034,0,0,0
113000035,0,0,0
113000036,12,53,-41
113000037,0,0,0
113000038,8,32,-24
113000039,0,15,-15
113000040,2,1,1
113000042,168,199,-31
113000051,358,976,-618
113000052,286,133,153
113000053,117,61,56
113000054,118,384,-266
113000055,528,114,414
113000056,589,186,403
113000058,115,368,-253
113000059,392,162,230
113000060,108,234,-126
113000061,177,191,-14
113000062,139,58,81
113000063,116,32,84
113000064,52,40,12
113000065,100,126,-26
113000066,382,46,336
113000067,682,69,613
113000068,170,216,-46
113000069,131,238,-107
113000070,560,75,485
113000071,101,117,-16
113000072,240,47,193
113000073,123,222,-99
113000074,273,76,197
113000075,505,144,361
113000076,71,516,-445
113000077,255,254,1
113000078,148,320,-172
113000079,33,75,-42
113000080,118,115,3
113000081,254,227,27
113000082,158,64,94
113000083,265,408,-143
113000084,347,263,84
113000085,372,233,139
113000086,262,287,-25
113000087,283,585,-302
113000088,224,268,-44
113000089,369,918,-549
113000090,70,221,-151
113000091,136,9,127
113000094,494,33,461
113000095,94,53,41
113000096,64,43,21
113000097,146,36,110
113000098,6,28,-22
113000099,332,61,271
113000100,94,34,60
113000101,23,8,15
113000102,153,56,97
113000103,412,104,308
113000104,422,832,-410
113000105,336,60,276
113000106,127,49,78
113000107,467,367,100
113000108,408,328,80
113000109,129,302,-173
113000110,396,248,148
113000111,16,121,-105
113000112,103,190,-87
113000113,670,280,390
113000114,14,185,-171
113000116,47,48,-1
113000117,85,86,-1
113000118,15,191,-176
113000119,86,72,14
113000120,34,391,-357
113000121,75,74,1
113000124,134,52,82
113000125,4,332,-328
113000127,101,29,72
113000128,77,225,-148
113000129,0,0,0
113000133,357,4,353
113000134,14,504,-490
113000135,1508,1572,-64
113000137,524,848,-324
113000139,235,69,166
113000140,0,1,-1
113000141,229,52,177
113000142,118,131,-13
113000143,112,175,-63
113000144,5,88,-83
113000145,77,37,40
113000146,0,0,0
113000147,0,0,0
113000148,170,34,136
113000149,57,126,-69
113000150,0,0,0
113000151,0,0,0
113000152,5,130,-125
113000153,153,110,43
113000154,89,378,-289
113000155,150,234,-84
113000156,62,64,-2
113000157,101,90,11
113000158,132,2,130
113000159,298,7,291
113000160,190,105,85
113000161,76,88,-12
113000162,0,0,0
113000163,41,36,5
113000164,0,0,0
113000166,126,5,121
113000167,0,0,0
113000168,0,0,0
113000169,78,2,76
113000170,63,13,50
113000171,0,0,0
113000172,220,24,196
113000173,46,10,36
113000174,0,0,0
113000175,218,33,185
113000176,310,8,302
113000177,0,0,0
113000178,0,0,0
113000179,105,18,87
113000180,405,680,-275
113000181,406,406,0
113000182,23,33,-10
113000183,45,236,-191
113000184,0,0,0
113000189,19,123,-104
113000190,188,71,117
113000192,257,876,-619
113000193,568,561,7
113000194,167,555,-388
113000195,425,679,-254
113000196,112,108,4
113000197,369,717,-348
113000198,10,112,-102
113000199,297,93,204
113000201,21,53,-32
113000202,626,280,346
113000203,24,4,20
113000204,93,887,-794
113000205,0,0,0
113000206,1,13,-12
113000207,0,0,0
113000208,5,40,-35
113000209,0,0,0
113000210,1,6,-5
113000211,67,22,45
113000212,36,2,34
113000213,28,29,-1
113000214,3,5,-2
113000234,8,76,-68
113000410,7,53,-46
113000411,529,982,-453
113000412,872,430,442
113000413,1084,812,272
113000414,1251,3346,-2095
113000415,338,445,-107
113000416,660,624,36
113000417,211,511,-300
113000418,1281,1273,8
113000419,401,769,-368
113000420,1303,1539,-236
113000421,1890,2836,-946
113000422,2762,2349,413
113000423,795,1428,-633
113000424,846,2534,-1688
113000425,2,41,-39
113000428,0,7,-7
113000430,0,0,0
113000432,755,20,735
113000433,21,107,-86
113000434,2,2,0
113000435,0,4,-4
113000436,0,66,-66
113000437,381,0,381
113000438,53,1,52
113000439,0,0,0
113000440,12,14,-2
113000441,110,29,81
113000442,0,0,0
113000443,59,6,53
113000444,0,0,0
113000445,14,10,4
113000446,0,0,0
113000448,0,0,0
113000449,5,299,-294
113000450,41,658,-617
113000451,5,0,5
113000452,44,136,-92
113000453,0,0,0
113000454,24,90,-66
113000455,0,0,0
113000456,95,36,59
113000468,132,43,89
113000469,23,78,-55
113000470,117,34,83
113000471,4,124,-120
113000472,14,40,-26
113000474,495,482,13
113000475,369,489,-120
113000476,561,761,-200
113000477,1762,826,936
113000478,1167,1032,135
113000479,1,26,-25
113000480,85,117,-32
113000484,0,0,0
113000485,0,0,0
113000486,0,0,0
113000487,0,0,0
113000488,0,0,0
113000489,0,0,0
113000490,0,0,0
113000491,0,0,0
113000492,0,0,0
113000493,0,0,0
113000495,0,0,0
113000496,8,45,-37
113000499,0,0,0
113900001,0,0,0
113900002,0,0,0
113900003,0,0,0
113900004,0,0,0
113900005,0,0,0
113900006,0,0,0
113900007,0,0,0
113900008,0,0,0
113900009,0,0,0
113900010,0,0,0
113900011,0,0,0
113900012,0,0,0
113900013,0,0,0
113900014,111,1,110
113900015,0,0,0
113900016,0,0,0
113900017,2,0,2
113900018,0,0,0
113900019,0,0,0
113900020,88,0,88
113900022,5,4,1
113900023,0,0,0
113900024,0,0,0
113900025,46,6,40
113900026,0,0,0
113900027,3,0,3
113900028,0,0,0
113900029,0,0,0
113900030,70,0,70
113900031,0,3,-3
113900032,0,0,0
113900033,0,0,0
113900035,0,0,0
113900036,4,0,4
113900037,0,0,0
113900038,0,0,0
113900039,60,7,53
113900040,1,9,-8
113900041,0,0,0
113900042,0,0,0
113900043,0,0,0
113900044,1,27,-26
113900045,0,0,0
113900046,0,0,0
113900047,0,0,0
113900048,0,0,0
113900049,0,0,0
113900050,1,21,-20
113900051,0,0,0
113900052,0,2,-2
113900053,46,119,-73
113900054,0,0,0
113900055,0,0,0
113900056,0,0,0
113900057,0,0,0
113900058,0,0,0
113900059,0,0,0
113900060,2,1,1
113900061,4,9,-5
113900062,0,0,0
113900063,0,0,0
113900064,0,0,0
113900065,146,11,135
113900066,0,0,0
113900067,13,1,12
113900068,130,138,-8
113900069,0,0,0
113900070,0,0,0
113900071,0,0,0
113900072,0,0,0
113900073,108,98,10
113900074,15,12,3
113900075,75,219,-144
113900076,0,0,0
113900077,0,0,0
113900078,0,0,0
113900079,0,0,0
113900080,1,0,1
113900081,0,0,0
113900082,0,0,0
113900083,22,15,7
113900084,16,14,2
113900085,0,0,0
113900086,0,0,0
113900087,0,0,0
113900088,0,0,0
113900089,100,3,97
113900090,6,2,4
113900091,0,0,0
113900092,0,0,0
113900093,0,0,0
113900094,26,5,21
113900095,12,13,-1
113900096,0,0,0
113900097,0,0,0
113900098,215,20,195
113900099,0,0,0
113900100,0,0,0
113900101,0,0,0
113900102,1,0,1
113900103,4,6,-2
113900104,29,31,-2
113900105,0,0,0
113900106,0,0,0
113900107,0,0,0
113900108,0,0,0
113900109,7,0,7
113900110,0,0,0
113900111,0,0,0
113900112,7,0,7
113900113,20,1,19
113900114,0,0,0
113900115,0,0,0
113900116,0,0,0
113900117,1,0,1
113900118,1,11,-10
113900119,37,81,-44
113900120,0,0,0
113900121,0,0,0
113900122,19,767,-748
113900123,2,0,2
113900124,0,0,0
113900125,12,0,12
113900126,0,0,0
113900127,0,0,0
113900128,0,0,0
113900129,2,57,-55
113900130,0,0,0
113900131,0,0,0
113900132,0,0,0
113900133,0,0,0
113900135,0,0,0
113900136,0,0,0
113900137,0,2,-2
113900138,0,0,0
113900139,0,0,0
113900140,43,38,5
113900141,0,0,0
113900142,0,0,0
113900143,0,0,0
113900144,21,15,6
113900145,0,0,0
113900146,0,0,0
113900148,0,1,-1
113900149,0,0,0
113900150,150,14,136
113900151,0,0,0
113900152,1,2,-1
113900153,0,0,0
113900154,0,0,0
113900155,0,0,0
113900156,0,0,0
113900157,0,19,-19
113900158,0,0,0
113900159,0,0,0
113900160,0,0,0
113900161,0,0,0
113900162,4,30,-26
113900163,0,0,0
113900164,0,0,0
113900165,0,0,0
113900166,3,10,-7
113900167,3,0,3
113900168,0,0,0
113900169,0,0,0
113900171,0,0,0
113900172,0,0,0
113900173,4,24,-20
113900174,0,0,0
113900175,13,2,11
113900176,0,0,0
113900177,1,0,1
113900178,0,0,0
113900179,0,20,-20
113900180,5,11,-6
113900181,61,1,60
113900182,0,0,0
113900183,0,0,0
113900184,1,15,-14
113900185,0,5,-5
113900186,0,0,0
113900187,0,2,-2
113900188,0,0,0
113900189,0,0,0
113900190,0,0,0
113900191,0,0,0
113900192,0,0,0
113900193,0,8,-8
113900194,48,16,32
113900195,0,0,0
113900196,0,0,0
113900197,1,2,-1
113900198,0,0,0
113900199,0,20,-20
113900200,0,0,0
113900201,0,13,-13
113900202,0,0,0
113900203,0,11,-11
113900204,0,3,-3
113900205,0,0,0
113900206,0,0,0
113900207,0,0,0
113900208,0,0,0
113900209,0,0,0
113900210,0,0,0
113900211,0,0,0
113900212,87,7,80
113900214,4,13,-9
113900215,174,0,174
113900216,1,0,1
113900217,0,0,0
113900218,0,0,0
113900219,0,0,0
113900220,0,0,0
113900221,3,7,-4
113900222,0,0,0
113900223,0,0,0
113900224,0,0,0
113900225,7,1,6
113900226,6,11,-5
113900227,9,8,1
113900228,0,0,0
113900229,1,15,-14
113900230,113,16,97
113900231,0,0,0
113900232,0,0,0
113900233,0,0,0
113900234,0,0,0
113900235,0,0,0
113900236,108,2,106
113900237,0,0,0
113900238,15,29,-14
113900239,0,0,0
113900240,0,0,0
113900241,0,0,0
113900242,0,0,0
113900243,0,1,-1
113900244,10,16,-6
113900245,12,1,11
113900246,0,9,-9
113900247,33,94,-61
113900248,0,0,0
113900249,1,68,-67
113900250,2,24,-22
113900251,166,10,156
113900252,130,2,128
113900253,106,6,100
113900254,152,9,143
113900255,257,7,250
113900256,126,3,123
113900257,2,39,-37
113900258,0,29,-29
113900259,105,17,88
113900260,139,1,138
113900261,6,7,-1
113900262,53,30,23
113900263,1,5,-4
113900264,0,5,-5
113900265,1,0,1
113900266,12,0,12
113900267,1,0,1
113900268,3,11,-8
113900269,0,0,0
113900270,0,0,0
113900271,0,0,0
113900273,0,1,-1
113900274,9,3,6
113900275,0,0,0
113900276,1,8,-7
113900277,60,1,59
113900278,0,0,0
113900279,0,0,0
113900280,19,10,9
113900281,2,89,-87
113900282,0,1,-1
113900283,0,0,0
113900284,290,79,211
113900285,2,0,2
113900286,0,0,0
113900287,0,0,0
113900288,0,0,0
113900289,0,0,0
113900290,0,0,0
113900291,0,0,0
113900292,0,0,0
113900293,0,0,0
113900294,177,2,175
113900295,50,57,-7
113900296,72,16,56
113900297,249,2,247
113900298,3,0,3
113900299,22,0,22
113900300,305,19,286
113900301,47,0,47
113900302,69,4,65
113900303,0,0,0
113900304,0,0,0
113900305,50,1,49
113900306,6,0,6
113900307,0,0,0
113900308,1,0,1
113900309,0,8,-8
113900310,0,0,0
113900311,0,0,0
113900312,0,0,0
113900313,0,0,0
114000001,290,361,-71
114000002,68,66,2
114000003,31,26,5
114000004,54,33,21
114000005,81,5,76
114000006,243,239,4
114000007,153,129,24
114000008,230,221,9
114000009,151,106,45
114000011,1284,281,1003
114000012,1553,210,1343
114000013,875,340,535
114000014,47,23,24
114000015,200,24,176
114000016,4,51,-47
114000017,18,142,-124
114000018,2,6,-4
114000026,957,278,679
114000027,1348,597,751
114000028,641,1259,-618
114000038,26,3,23
114000039,0,0,0
114000040,73,137,-64
114000042,12,65,-53
114000043,77,22,55
114000044,48,21,27
114000045,22,15,7
114000046,323,403,-80
114000047,28,49,-21
114000048,31,75,-44
114000049,527,429,98
114000050,280,300,-20
114000051,667,733,-66
114000052,601,804,-203
114000053,91,154,-63
114000054,33,278,-245
114000055,11,5,6
114000056,8,57,-49
114000057,465,542,-77
114000058,2,22,-20
114000059,2,16,-14
114000060,33,145,-112
114000061,633,1077,-444
114000062,141,399,-258
114000063,69,115,-46
114000064,327,366,-39
114000065,221,350,-129
114000066,195,363,-168
114000067,20,186,-166
114000068,47,164,-117
114000069,200,73,127
114000070,925,540,385
114000071,64,22,42
114000072,131,21,110
114000073,36,24,12
114000074,15,2,13
114000075,81,3,78
114000076,8,6,2
114000077,1,9,-8
114000078,16,35,-19
114000079,11,0,11
114000080,3,47,-44
114000081,17,52,-35
114000082,16,66,-50
114000083,0,0,0
114000084,92,64,28
114000085,31,21,10
114000086,19,3,16
114000087,0,0,0
114000088,25,23,2
114000089,72,15,57
114000090,143,276,-133
114000091,179,288,-109
114000092,111,65,46
114000093,385,208,177
114000094,149,202,-53
114000095,53,123,-70
114000096,17,38,-21
114000097,38,85,-47
114000098,229,49,180
114000099,212,29,183
114000100,1107,83,1024
114000101,155,78,77
114000102,163,59,104
114000103,52,65,-13
114000104,2,26,-24
114000105,19,4,15
114000106,151,302,-151
114000107,125,31,94
114000108,32,20,12
114000109,408,492,-84
114000110,10,1,9
114000111,928,272,656
114000112,2,11,-9
114000113,636,106,530
114000114,5,5,0
114000115,823,237,586
114000116,501,1490,-989
114000117,1631,197,1434
114000118,1692,167,1525
114000119,1503,257,1246
114000120,245,151,94
114000121,0,0,0
114000122,134,33,101
114000123,855,85,770
114000124,460,93,367
114000125,200,320,-120
114000126,677,56,621
114000127,50,29,21
114000128,320,99,221
114000130,187,226,-39
114000131,129,41,88
114000132,127,82,45
114000133,84,97,-13
114000134,0,0,0
114000138,0,0,0
114000139,89,154,-65
114000144,268,187,81
114000145,0,0,0
114000146,0,0,0
114000147,621,1058,-437
114000148,239,466,-227
114000149,60,54,6
114000150,29,13,16
114000151,117,724,-607
114000152,11,4,7
114000153,77,371,-294
114000154,106,83,23
114000155,288,780,-492
114000156,258,425,-167
114000157,54,302,-248
114000158,130,59,71
114000159,32,54,-22
114000160,11,57,-46
114000161,238,659,-421
114000162,804,1126,-322
114000163,0,0,0
114000165,98,186,-88
114000166,115,101,14
114000167,596,282,314
114000168,27,0,27
114000169,371,461,-90
114000170,595,302,293
114000171,733,2826,-2093
114000174,1,0,1
114000176,15,4,11
114000177,9,3,6
114000178,54,31,23
114000179,455,322,133
114000180,35,5,30
114000181,326,1700,-1374
114000182,245,266,-21
114000183,179,43,136
114000184,84,68,16
114000185,712,351,361
114000189,755,73,682
114000190,2069,390,1679
114000191,63,148,-85
114000192,0,1,-1
114000193,0,0,0
114000194,699,358,341
114000195,108,72,36
114000196,0,0,0
114000197,1306,1,1305
114000198,0,0,0
114000199,0,52,-52
114000200,139,104,35
114000201,40,88,-48
114000202,586,211,375
114000203,253,160,93
114000204,0,0,0
114000205,19,116,-97
114000206,33,156,-123
114000207,54,134,-80
114000208,70,48,22
114000209,38,66,-28
114000210,36,123,-87
114000211,1196,527,669
114000212,406,360,46
114000213,1100,310,790
114000214,14,0,14
114000215,33,3,30
114000216,465,99,366
114000217,245,77,168
114000218,38,2,36
114000219,514,69,445
114000220,0,3,-3
114000221,374,34,340
114000222,6,66,-60
114000223,447,77,370
114000224,8,84,-76
114000225,69,45,24
114000226,166,24,142
114000227,696,272,424
114000228,547,135,412
114000229,472,252,220
114000230,1267,296,971
114000231,475,414,61
114000232,594,104,490
114000233,1227,21,1206
114000234,717,342,375
114000235,607,320,287
114000236,0,0,0
114000237,141,116,25
114000238,19,306,-287
114000239,43,232,-189
114000240,426,367,59
114000241,63,118,-55
114000242,303,124,179
114000243,1089,621,468
114000244,338,114,224
114000245,80,116,-36
114000246,0,0,0
114000247,395,236,159
114000248,846,389,457
114000249,574,207,367
114000250,198,22,176
114000251,234,11,223
114000252,10,7,3
114000253,40,8,32
114000254,0,0,0
114000255,12,80,-68
114000256,72,173,-101
114000257,13,168,-155
114000258,105,39,66
114000259,0,4,-4
114000260,0,0,0
114000261,24,14,10
114000262,0,0,0
114000263,6,0,6
114000264,209,24,185
114000265,0,0,0
114000267,0,330,-330
114000268,0,0,0
114000270,120,2,118
114000271,96,26,70
114000283,636,68,568
114000285,0,0,0
114000288,5,3,2
114000289,270,22,248
114000293,90,9,81
114000294,59,102,-43
114000395,434,3,431
114000396,205,78,127
114000402,315,127,188
114000403,184,55,129
114000405,120,67,53
114000423,207,41,166
114000424,204,97,107
114000425,440,91,349
114000426,187,443,-256
114000427,15,6,9
114000428,60,86,-26
114000429,26,10,16
114000432,73,10,63
114000434,3,19,-16
114000435,0,0,0
114900001,192,54,138
114900002,57,5,52
114900003,199,52,147
114900004,61,60,1
114900005,70,63,7
114900006,9,4,5
114900007,38,3,35
114900008,54,9,45
114900010,0,0,0
114900011,46,13,33
114900013,12,1,11
114900015,1,38,-37
114900018,15,3,12
114900020,2,11,-9
114900022,8,3,5
114900024,3,3,0
114900025,98,7,91
114900026,47,9,38
114900027,26,15,11
114900029,1,0,1
114900030,75,7,68
114900031,64,1,63
114900032,148,1,147
114900033,6,121,-115
114900034,0,0,0
114900035,1,24,-23
114900036,60,20,40
114900037,0,0,0
114900038,0,0,0
114900039,0,0,0
114900040,0,0,0
114900041,0,0,0
114900042,0,0,0
114900043,0,0,0
114900044,2,3,-1
114900046,0,0,0
114900047,0,0,0
114900048,0,0,0
114900049,0,0,0
114900050,0,0,0
114900051,0,0,0
114900052,0,0,0
114900053,0,0,0
114900054,0,0,0
114900057,7,1,6
114900058,0,0,0
114900059,5,3,2
114900060,10,14,-4
114900061,0,0,0
114900062,3,9,-6
114900063,0,0,0
114900064,0,0,0
114900065,0,0,0
114900067,0,0,0
114900068,0,0,0
114900069,0,0,0
114900070,80,28,52
114900072,1,0,1
114900073,0,0,0
114900074,205,3,202
114900075,44,1,43
114900076,2,0,2
114900080,114,18,96
114900082,325,8,317
114900083,1,0,1
114900090,57,20,37
114900091,0,0,0
114900095,0,0,0
114900096,0,4,-4
114900097,17,0,17
114900098,0,4,-4
114900099,16,1,15
115000001,577,603,-26
115000002,1586,2452,-866
115000003,475,307,168
115000004,1895,2973,-1078
115000005,107,89,18
115000006,363,740,-377
115000007,64,208,-144
115000008,140,108,32
115000009,152,241,-89
115000010,83,179,-96
115000013,0,0,0
115000015,0,0,0
115000016,8,220,-212
115000019,67,207,-140
115000020,16,142,-126
115000021,0,49,-49
115000022,10,55,-45
115000023,280,420,-140
115000024,39,18,21
115000025,660,248,412
115000026,19,11,8
115000027,290,79,211
115000028,4,26,-22
115000029,637,13,624
115000030,26,42,-16
115000031,489,39,450
115000032,0,0,0
115000033,111,8,103
115000034,0,0,0
115000035,456,13,443
115000036,0,0,0
115000037,253,6,247
115000038,19,305,-286
115000039,486,945,-459
115000040,863,608,255
115000041,446,1569,-1123
115000042,287,125,162
115000043,1454,860,594
115000044,956,240,716
115000045,446,118,328
115000046,1595,839,756
115000047,1492,486,1006
115000048,426,266,160
115000049,284,598,-314
115000050,1526,571,955
115000051,759,2012,-1253
115000052,209,477,-268
115000053,901,1918,-1017
115000054,160,186,-26
115000055,5,115,-110
115000056,67,43,24
115000057,60,303,-243
115000058,34,108,-74
115000059,18,153,-135
115000061,38,83,-45
115000062,26,9,17
115000063,23,5,18
115000064,188,31,157
115000065,1,6,-5
115000067,47,5,42
115000069,25,2,23
115000070,0,57,-57
115000071,46,15,31
115000072,0,0,0
115000073,746,80,666
115000075,55,39,16
115000076,575,409,166
115000077,556,318,238
115000078,527,153,374
115000079,358,274,84
115000080,1417,344,1073
115000081,7,28,-21
115000082,1786,1448,338
115000083,561,194,367
115000084,1659,205,1454
115000085,224,141,83
115000086,672,218,454
115000087,86,349,-263
115000088,768,344,424
115000089,151,106,45
115000090,222,178,44
115000091,205,125,80
115000092,418,188,230
115000093,314,0,314
115000094,1475,2899,-1424
115000095,942,2124,-1182
115000096,255,204,51
115000097,664,560,104
115000098,570,97,473
115000099,1221,335,886
115000100,1013,232,781
115000101,39,44,-5
115000102,346,144,202
115000103,175,127,48
115000105,29,17,12
115000106,226,213,13
115000107,29,19,10
115000108,303,206,97
115000109,1121,1990,-869
115000110,565,684,-119
115000111,125,466,-341
115000112,207,137,70
115000113,146,353,-207
115000114,248,169,79
115000116,430,343,87
115000117,421,246,175
115000118,320,682,-362
115000119,379,254,125
115000120,97,799,-702
115000121,257,144,113
115000122,208,306,-98
115000123,145,1328,-1183
115000124,186,288,-102
115000125,153,310,-157
115000126,81,198,-117
115000127,95,50,45
115000128,59,258,-199
115000129,66,79,-13
115000130,172,54,118
115000131,241,83,158
115000132,150,35,115
115000133,206,32,174
115000134,94,6,88
115000135,23,6,17
115000136,70,45,25
115000137,3,7,-4
115000138,170,41,129
115000139,31,13,18
115000140,276,55,221
115000141,33,11,22
115000142,26,4,22
115000143,601,224,377
115000144,173,21,152
115000145,39,13,26
115000146,236,112,124
115000147,65,61,4
115000148,72,121,-49
115000149,186,222,-36
115000150,191,105,86
115000151,410,179,231
115000152,251,118,133
115000153,520,182,338
115000154,327,124,203
115000155,135,108,27
115000156,152,344,-192
115000157,66,111,-45
115000158,50,104,-54
115000159,66,97,-31
115000160,165,165,0
115000161,283,245,38
115000162,384,453,-69
115000163,116,43,73
115000164,44,68,-24
115000165,209,330,-121
115000167,93,10,83
115000168,128,187,-59
115000169,2,0,2
115000170,0,0,0
115000171,108,205,-97
115000172,12,17,-5
115000173,94,157,-63
115000174,19,170,-151
115000175,3,16,-13
115000176,24,54,-30
115000177,1,28,-27
115000178,0,1,-1
115000179,6,61,-55
115000180,0,11,-11
115000181,390,17,373
115000182,486,73,413
115000183,1,4,-3
115000186,205,15,190
115000187,105,9,96
115000188,376,115,261
115000189,49,7,42
115000190,270,130,140
115000191,5,10,-5
115000194,0,0,0
115000195,69,37,32
115000196,90,20,70
115000197,75,71,4
115000198,354,19,335
115000199,58,58,0
115000200,152,13,139
115000201,18,12,6
115000206,406,3,403
115000207,0,0,0
115000208,13,13,0
115000209,471,113,358
115000210,93,35,58
115000211,66,50,16
115000212,170,42,128
115000224,92,2,90
115000225,26,17,9
115000229,63,23,40
115000230,17,272,-255
115000231,236,106,130
115000232,1245,114,1131
115000233,8,3,5
115000234,6,10,-4
115000241,1,9,-8
115000242,58,10,48
115000243,19,15,4
115000244,14,8,6
115000246,4,17,-13
115000247,0,7,-7
115000248,2,0,2
115000249,0,0,0
115000250,143,3,140
115000251,100,15,85
115000252,8,39,-31
115000253,1,119,-118
115000258,75,20,55
115000259,30,2,28
115000261,20,2,18
115000262,5,16,-11
115000263,2,26,-24
115000264,0,18,-18
115000267,13,13,0
115000268,0,0,0
115000269,127,3,124
115000270,0,11,-11
115000272,7,11,-4
115000273,143,1,142
115000280,189,757,-568
115000281,0,0,0
115000282,152,1075,-923
115000284,24,42,-18
115000296,107,1,106
115000297,6,504,-498
115000298,0,0,0
115000300,122,1,121
115000302,199,44,155
115000303,390,26,364
115000304,383,36,347
115000305,38,13,25
115000306,39,16,23
115000307,25,11,14
115000308,0,1,-1
115000309,0,26,-26
115000310,387,132,255
115000311,757,251,506
115000313,4,19,-15
115000314,133,54,79
115000315,7,36,-29
115000316,13,20,-7
115000317,29,36,-7
115000318,548,38,510
115000319,0,13,-13
115000320,3,39,-36
115000321,56,2,54
115000322,0,4,-4
115000449,13,38,-25
115000557,0,0,0
115000558,122,16,106
115000587,168,122,46
115000588,117,79,38
115000589,1410,837,573
115000590,29,41,-12
115000591,386,294,92
115000592,26,18,8
115000593,657,363,294
115000594,28,37,-9
115000609,73,103,-30
115000617,53,517,-464
115000624,30,3,27
115000633,424,278,146
115000634,1294,322,972
115000635,278,83,195
115000638,4,66,-62
115000641,21,12,9
115000642,163,17,146
115000643,3,0,3
115000644,2,3,-1
115000646,200,342,-142
115000647,56,57,-1
115000648,823,73,750
115000893,734,443,291
115000894,0,14,-14
115000895,1,9,-8
115000896,348,130,218
115000897,91,16,75
115000898,109,94,15
115000899,2,40,-38
115000900,2,103,-101
115000901,0,0,0
115000912,170,50,120
115000913,0,3,-3
115000915,20,0,20
115000916,1,0,1
115000917,0,23,-23
115000918,4,216,-212
115000919,0,10,-10
115000920,0,0,0
115000921,0,0,0
115000922,114,327,-213
115000923,0,18,-18
115000925,11,5,6
115000927,22,7,15
115000933,0,14,-14
115000934,11,32,-21
115000935,29,3,26
115000936,0,272,-272
115000937,56,98,-42
115000938,4,35,-31
115000939,11,21,-10
115900001,72,0,72
115900002,0,0,0
115900003,30,4,26
115900004,0,0,0
115900005,26,0,26
115900006,5,3,2
115900008,16,0,16
115900009,6,3,3
115900010,195,10,185
115900011,20,8,12
115900012,59,0,59
115900013,89,14,75
115900014,44,1,43
115900015,33,0,33
115900016,19,1,18
115900017,0,4,-4
115900018,46,2,44
115900019,0,0,0
115900020,84,19,65
115900021,35,4,31
115900022,72,0,72
115900023,4,0,4
115900025,2,0,2
115900026,140,5,135
115900027,0,0,0
115900028,39,15,24
115900029,1,18,-17
115900030,0,1,-1
115900031,0,31,-31
115900032,81,65,16
115900033,0,0,0
115900034,0,32,-32
115900035,1,3,-2
115900036,0,168,-168
115900037,0,8,-8
115900038,0,1,-1
115900039,25,3,22
115900041,8,76,-68
115900042,0,0,0
115900043,8,1,7
115900044,28,77,-49
115900046,135,12,123
115900047,0,19,-19
115900049,20,6,14
115900051,0,0,0
115900052,0,0,0
115900053,74,11,63
115900054,133,1,132
115900055,0,0,0
115900056,10,12,-2
115900057,0,1,-1
115900058,0,0,0
115900060,3,6,-3
115900061,36,2,34
115900062,14,7,7
115900063,0,0,0
115900064,7,21,-14
115900065,39,3,36
115900066,3,3,0
115900067,0,13,-13
115900068,0,1,-1
115900069,2,10,-8
115900070,49,1,48
115900071,0,0,0
115900072,0,12,-12
115900073,3,27,-24
115900074,0,0,0
115900075,4,7,-3
115900076,0,3,-3
115900077,0,0,0
115900078,2,6,-4
115900079,134,0,134
115900080,19,5,14
115900081,29,25,4
115900082,19,17,2
115900084,143,0,143
115900085,9,0,9
115900086,164,29,135
115900088,0,0,0
115900089,225,0,225
115900090,75,0,75
115900091,0,0,0
115900092,0,0,0
115900093,0,0,0
115900094,1,0,1
115900096,0,0,0
115900097,0,0,0
115900098,1,1,0
115900099,0,2,-2
115900100,0,11,-11
115900101,1,0,1
115900102,4,2,2
115900103,2,0,2
115900104,54,4,50
115900105,76,7,69
115900106,0,0,0
115900107,38,7,31
115900108,0,0,0
115900109,0,88,-88
115900110,0,0,0
115900111,0,0,0
115900112,0,124,-124
115900113,0,0,0
115900114,0,0,0
115900115,0,0,0
115900116,5,102,-97
115900117,0,0,0
115900118,0,0,0
115900119,0,0,0
115900120,4,6,-2
115900121,23,11,12
115900124,34,216,-182
115900125,72,2,70
115900126,191,6,185
115900127,231,11,220
115900128,0,0,0
115900129,65,11,54
115900130,0,7,-7
115900131,80,1,79
115900132,251,0,251
115900134,114,0,114
115900135,36,54,-18
115900137,5,0,5
115900139,0,0,0
115900140,61,0,61
115900141,0,0,0
115900142,0,0,0
115900143,0,0,0
115900144,0,0,0
115900146,23,7,16
115900147,54,95,-41
115900148,0,0,0
115900149,10,0,10
115900150,19,0,19
115900151,2,1,1
115900152,17,12,5
115900153,47,10,37
115900154,15,78,-63
115900155,0,0,0
115900156,82,96,-14
115900157,71,32,39
115900158,0,0,0
115900159,108,9,99
115900160,0,0,0
115900161,0,18,-18
115900163,40,4,36
115900164,236,15,221
115900166,1,16,-15
115900168,0,0,0
115900171,5,24,-19
115900172,10,6,4
115900173,62,11,51
115900174,2,29,-27
115900175,77,6,71
115900178,0,8,-8
115900179,33,0,33
115900180,0,10,-10
115900181,87,17,70
115900182,132,24,108
115900183,0,0,0
115900184,62,0,62
115900187,3,10,-7
115900189,0,6,-6
115900190,0,57,-57
115900191,1,36,-35
115900192,0,13,-13
115900193,17,30,-13
115900194,162,2,160
115900195,21,481,-460
115900198,11,35,-24
115900199,37,8,29
115900200,50,12,38
115900201,74,24,50
115900202,0,46,-46
115900203,12,7,5
115900204,0,0,0
115900205,39,1,38
115900206,0,0,0
115900207,0,0,0
115900208,2,10,-8
115900209,3,13,-10
115900210,0,19,-19
115900211,0,9,-9
115900212,0,0,0
115900213,2,46,-44
115900214,187,15,172
115900215,0,24,-24
115900216,0,0,0
115900217,0,0,0
115900218,0,0,0
115900219,21,1,20
115900220,83,0,83
115900221,27,10,17
115900222,46,2,44
115900223,0,94,-94
115900224,41,297,-256
115900225,15,8,7
115900226,1,1,0
115900227,2,0,2
115900228,0,0,0
115900229,0,8,-8
115900230,3,24,-21
115900231,0,0,0
115900232,0,0,0
115900233,0,0,0
115900234,0,0,0
115900235,0,0,0
115900236,0,0,0
115900237,0,0,0
115900238,0,0,0
115900239,0,0,0
115900240,0,0,0
115900241,0,0,0
115900242,54,109,-55
115900243,0,0,0
115900244,3,0,3
115900245,32,0,32
115900246,2,0,2
115900247,0,0,0
115900248,1,0,1
115900249,0,1,-1
115900250,10,8,2
115900251,0,0,0
115900252,0,0,0
115900253,3,3,0
115900254,1,8,-7
115900255,0,4,-4
115900256,0,0,0
115900257,0,0,0
115900258,0,0,0
115900259,0,0,0
115900260,0,0,0
115900261,0,0,0
115900262,0,0,0
115900263,0,0,0
115900264,0,0,0
115900265,0,0,0
115900266,0,0,0
115900267,0,0,0
115900268,0,0,0
115900269,0,0,0
115900270,48,12,36
115900271,48,0,48
115900272,4,3,1
115900273,0,10,-10
115900274,0,0,0
115900275,0,0,0
115900276,0,0,0
115900277,0,0,0
115900278,0,0,0
115900279,0,0,0
115900280,43,4,39
115900281,0,0,0
115900282,0,3,-3
115900283,4,4,0
115900284,0,0,0
116000001,926,565,361
116000002,2825,8876,-6051
116000003,250,191,59
116000004,994,3529,-2535
116000005,137,648,-511
116000006,316,687,-371
116000007,547,886,-339
116000008,1135,740,395
116000009,253,850,-597
116000010,938,683,255
116000011,397,401,-4
116000012,787,362,425
116000013,957,850,107
116000014,1743,6903,-5160
116000015,50,210,-160
116000016,641,2931,-2290
116000017,7,301,-294
116000018,64,72,-8
116000019,559,58,501
116000020,310,151,159
116000021,261,114,147
116000022,169,83,86
116000023,232,220,12
116000024,214,51,163
116000025,128,205,-77
116000026,510,244,266
116000027,265,410,-145
116000028,630,1660,-1030
116000029,120,144,-24
116000030,356,1036,-680
116000031,0,0,0
116000032,144,19,125
116000033,582,193,389
116000034,2018,976,1042
116000035,212,120,92
116000036,45,97,-52
116000037,48,267,-219
116000038,118,292,-174
116000039,47,42,5
116000040,256,311,-55
116000041,40,61,-21
116000042,440,392,48
116000043,86,133,-47
116000044,5,0,5
116000045,2653,1835,818
116000046,564,401,163
116000047,683,968,-285
116000048,3232,1125,2107
116000049,2035,1029,1006
116000050,731,329,402
116000051,2928,889,2039
116000052,1264,472,792
116000053,2736,542,2194
116000054,454,427,27
116000055,370,233,137
116000056,1447,1769,-322
116000057,390,99,291
116000058,365,544,-179
116000059,760,4176,-3416
116000060,146,269,-123
116000061,87,714,-627
116000062,137,72,65
116000063,180,779,-599
116000066,61,858,-797
116000067,55,27,28
116000068,66,198,-132
116000069,180,44,136
116000078,193,681,-488
116000080,413,87,326
116000082,2,35,-33
116000083,527,144,383
116000084,434,822,-388
116000085,504,296,208
116000086,203,263,-60
116000087,996,626,370
116000088,251,213,38
116000089,39,24,15
116000090,26,32,-6
116000091,29,59,-30
116000093,251,108,143
116000094,144,74,70
116000095,413,59,354
116000096,477,568,-91
116000097,317,47,270
116000098,33,2341,-2308
116000099,782,72,710
116000100,113,4,109
116000101,271,23,248
116000102,67,180,-113
116000103,204,47,157
116000104,133,122,11
116000105,482,8,474
116000106,233,76,157
116000107,944,23,921
116000108,0,19,-19
116000111,42,37,5
116000113,48,13,35
116000114,3,40,-37
116000115,208,33,175
116000116,21,119,-98
116000117,852,431,421
116000118,432,99,333
116000119,1770,621,1149
116000120,433,203,230
116000121,332,167,165
116000122,49,82,-33
116000123,969,188,781
116000124,39,115,-76
116000125,1274,120,1154
116000126,27,46,-19
116000127,134,33,101
116000128,955,88,867
116000129,295,13,282
116000130,189,102,87
116000133,409,30,379
116000134,404,169,235
116000135,1227,254,973
116000136,400,367,33
116000137,499,215,284
116000138,190,131,59
116000139,1262,1827,-565
116000140,67,139,-72
116000141,92,95,-3
116000142,1071,1604,-533
116000143,1076,1018,58
116000144,809,751,58
116000145,2070,559,1511
116000146,234,16,218
116000147,97,150,-53
116000148,148,216,-68
116000149,166,67,99
116000151,254,249,5
116000153,122,484,-362
116000155,322,364,-42
116000156,132,147,-15
116000157,36,0,36
116000158,257,28,229
116000159,5,0,5
116000160,0,4,-4
116000161,2,17,-15
116000162,4,65,-61
116000163,24,4,20
116000164,1,1,0
116000177,17,5,12
116000194,41,34,7
116000195,424,121,303
116000196,0,0,0
116000197,0,0,0
116000198,1062,896,166
116000200,65,378,-313
116000201,250,42,208
116000202,0,25,-25
116000203,0,23,-23
116000204,0,2,-2
116000205,0,27,-27
116000206,0,5,-5
116000207,2,3,-1
116000233,0,0,0
116000287,21,26,-5
116000288,112,87,25
116000292,0,0,0
116000296,0,25,-25
116000297,53,0,53
116000304,50,2,48
116000305,1,9,-8
116000346,0,0,0
116000352,0,0,0
116000354,0,0,0
116000357,0,0,0
116000358,1,2,-1
116000361,7,0,7
116000372,1508,2998,-1490
116000381,28,0,28
116000388,0,3,-3
116000389,49,13,36
116000445,76,24,52
116000446,527,52,475
116000447,0,35,-35
116000448,203,37,166
116000563,209,1154,-945
116000565,4,66,-62
116000568,21,90,-69
116000579,0,25,-25
116000584,5,1,4
116000585,22,38,-16
116000586,9,11,-2
116000587,450,119,331
116000589,38,0,38
116000590,52,18,34
116000591,164,55,109
116000592,0,17,-17
116000593,0,0,0
116000594,222,60,162
116000595,112,9,103
116000596,93,0,93
116000597,282,123,159
116000598,3,28,-25
116000602,0,0,0
116000605,9,7,2
116000606,53,92,-39
116000607,0,0,0
116000609,3,272,-269
116000611,15,15,0
116000612,1254,1620,-366
116000613,435,132,303
116000614,47,48,-1
116000615,0,0,0
116000616,86,8,78
116000617,61,0,61
116000618,4,5,-1
116000619,7,42,-35
116000620,146,98,48
116000621,36,94,-58
116000622,146,71,75
116000624,62,12,50
116000627,35,13,22
116000628,79,21,58
116000629,12,5,7
116000630,385,2,383
116000631,130,3,127
116000632,0,0,0
116000633,1,61,-60
116000634,253,4,249
116000635,1534,1341,193
116000636,249,577,-328
116000637,114,0,114
116000638,0,69,-69
116900001,4,2,2
116900002,35,0,35
116900003,0,0,0
116900004,48,29,19
116900005,54,0,54
116900006,18,59,-41
116900007,18,2,16
116900008,67,8,59
116900009,36,2,34
116900010,0,70,-70
116900011,0,0,0
116900012,22,6,16
116900013,0,4,-4
116900014,0,0,0
116900015,122,5,117
116900016,83,4,79
116900017,0,22,-22
116900018,0,0,0
116900019,0,0,0
116900020,29,80,-51
116900023,0,0,0
116900024,185,5,180
116900025,419,39,380
116900026,2,38,-36
116900027,0,0,0
116900028,0,0,0
116900029,0,2,-2
116900031,0,0,0
116900032,2,3,-1
116900033,0,0,0
116900034,0,0,0
116900035,27,22,5
116900036,0,8,-8
116900038,3,0,3
116900041,1,0,1
116900042,0,0,0
116900043,13,18,-5
116900047,0,25,-25
116900049,0,0,0
116900050,25,10,15
116900051,25,1,24
116900052,7,8,-1
116900055,0,1,-1
116900057,0,0,0
116900058,0,8,-8
116900059,0,2,-2
116900060,10,60,-50
116900062,0,9,-9
116900064,0,0,0
116900065,0,0,0
116900067,6,1,5
116900068,59,31,28
116900070,0,1,-1
116900072,0,0,0
116900073,0,4,-4
116900074,0,14,-14
116900076,1,1,0
116900077,0,2,-2
116900078,0,0,0
116900079,9,22,-13
116900080,0,0,0
116900081,3,41,-38
116900082,25,57,-32
116900083,0,2,-2
116900084,5,1,4
116900085,17,3,14
116900086,0,20,-20
116900088,20,2,18
116900090,0,0,0
116900091,5,0,5
116900092,13,18,-5
116900093,94,80,14
116900094,661,721,-60
116900095,8,1,7
116900096,51,0,51
116900097,238,579,-341
116900098,10,11,-1
116900099,3,40,-37
116900100,244,11,233
116900101,37,11,26
116900103,23,0,23
116900104,3,67,-64
116900105,49,12,37
116900106,947,18,929
116900107,349,770,-421
116900110,6,0,6
116900111,438,56,382
116900112,116,56,60
116900113,83,659,-576
116900116,1,22,-21
116900117,14,23,-9
116900118,62,36,26
116900120,90,7,83
116900121,64,7,57
116900122,229,31,198
116900123,38,36,2
116900124,13,18,-5
116900125,54,2,52
116900126,11,123,-112
116900128,0,0,0
116900129,0,3,-3
116900130,2,462,-460
116900131,0,0,0
116900132,4,0,4
116900133,0,0,0
116900134,0,0,0
116900136,0,0,0
116900137,0,0,0
116900138,0,0,0
116900139,0,0,0
116900140,0,0,0
116900141,0,0,0
116900142,0,0,0
116900143,0,0,0
116900144,0,0,0
116900145,0,0,0
116900147,0,0,0
116900148,0,0,0
116900149,0,4,-4
116900150,0,0,0
116900151,0,0,0
116900153,2,0,2
116900154,10,9,1
116900155,0,0,0
116900157,77,3,74
116900158,0,4,-4
116900159,6,14,-8
116900160,133,159,-26
116900161,366,48,318
116900162,0,0,0
116900163,28,2,26
116900164,1,2,-1
116900165,222,80,142
116900166,7,0,7
116900167,66,2,64
116900168,113,0,113
116900169,5,33,-28
116900170,195,76,119
116900171,0,2,-2
116900172,12,27,-15
116900173,30,2,28
116900174,1,19,-18
116900175,4,5,-1
116900178,1,4,-3
116900179,14,45,-31
116900180,1,2,-1
116900182,74,5,69
116900183,62,8,54
116900185,26,5,21
116900186,3,3,0
116900187,12,5,7
116900188,17,1,16
116900189,0,0,0
116900191,27,20,7
116900192,135,10,125
116900194,7,278,-271
116900195,21,0,21
116900196,1,1,0
116900197,18,0,18
116900198,2,14,-12
116900200,0,0,0
116900201,17,2,15
116900202,0,0,0
116900203,21,1,20
116900204,1,14,-13
116900205,0,0,0
116900206,0,0,0
116900207,1,1,0
116900208,0,3,-3
116900209,14,3,11
116900210,20,1,19
116900211,13,1,12
116900212,0,0,0
116900213,31,11,20
116900214,1,0,1
116900215,0,10,-10
116900216,6,0,6
116900218,0,0,0
116900219,148,9,139
116900220,5,13,-8
116900221,0,0,0
116900222,201,102,99
116900223,29,4,25
116900226,83,2,81
116900227,38,0,38
116900228,57,4,53
116900230,0,26,-26
116900231,2,32,-30
116900232,0,7,-7
116900233,131,1,130
116900234,6,1,5
116900235,0,0,0
116900238,138,10,128
116900239,0,81,-81
116900240,689,125,564
116900241,0,1,-1
116900242,8,191,-183
116900243,0,0,0
116900245,6,2,4
116900246,6,2,4
116900247,199,4,195
116900248,11,1,10
116900249,114,10,104
116900250,91,9,82
116900251,3,79,-76
116900252,39,11,28
116900253,12,3,9
116900254,1,0,1
116900255,0,0,0
116900256,0,0,0
116900257,0,0,0
116900258,0,0,0
116900259,31,1,30
116900260,0,0,0
116900261,2,0,2
116900262,56,9,47
116900263,0,0,0
116900264,0,0,0
116900265,0,0,0
116900266,0,0,0
116900267,1,0,1
116900268,0,0,0
116900269,262,124,138
116900271,0,0,0
116900272,74,16,58
116900273,1,0,1
116900274,45,0,45
116900275,0,0,0
116900276,134,128,6
116900277,40,9,31
116900278,0,0,0
116900279,1,0,1
116900280,0,0,0
116900281,413,862,-449
116900282,0,1,-1
116900283,1,1,0
116900284,13,3,10
116900285,19,10,9
116900286,12,1,11
116900287,0,0,0
116900288,17,0,17
116900289,2,0,2
116900290,0,0,0
116900291,0,0,0
116900292,0,0,0
116900293,0,0,0
116900294,0,0,0
116900295,0,0,0
116900296,0,0,0
116900297,0,0,0
116900298,0,0,0
116900299,0,0,0
116900300,0,0,0
116900301,0,0,0
116900302,0,0,0
116900303,17,0,17
116900304,0,0,0
116900305,0,1,-1
116900306,135,6,129
117000001,2394,1481,913
117000002,1122,737,385
117000003,3651,1509,2142
117000004,1218,1155,63
117000005,2487,836,1651
117000006,355,517,-162
117000007,3072,683,2389
117000008,285,634,-349
117000009,2046,513,1533
117000010,503,512,-9
117000011,1568,373,1195
117000012,672,196,476
117000013,1318,304,1014
117000014,532,1003,-471
117000015,691,877,-186
117000016,28,83,-55
117000017,56,80,-24
117000018,10,565,-555
117000019,5,11,-6
117000020,190,1355,-1165
117000021,1002,72,930
117000022,125,193,-68
117000023,46,121,-75
117000024,107,275,-168
117000025,9,210,-201
117000026,1215,1162,53
117000027,171,190,-19
117000028,244,286,-42
117000030,142,211,-69
117000031,213,100,113
117000032,904,680,224
117000033,399,248,151
117000034,471,165,306
117000035,527,85,442
117000036,131,182,-51
117000037,401,62,339
117000038,413,361,52
117000039,151,136,15
117000040,0,175,-175
117000041,689,15,674
117000044,0,82,-82
117000045,276,105,171
117000046,195,150,45
117000047,436,336,100
117000048,189,135,54
117000049,16,179,-163
117000050,54,223,-169
117000051,1535,24,1511
117000052,19,84,-65
117000053,346,1,345
117000054,1284,4,1280
117000055,0,244,-244
117000056,314,29,285
117000057,106,161,-55
117000060,160,78,82
117000061,1625,623,1002
117000062,84,78,6
117000063,1436,353,1083
117000064,479,161,318
117000066,25,64,-39
117000067,126,317,-191
117000074,7,84,-77
117000076,28,16,12
117000077,43,37,6
117000078,113,49,64
117000079,86,28,58
117000080,0,0,0
117000081,210,43,167
117000082,0,13,-13
117000083,28,0,28
117000084,33,0,33
117000085,159,107,52
117000086,168,69,99
117000087,0,244,-244
117000088,318,107,211
117000089,1398,122,1276
117000090,74,216,-142
117000091,844,29,815
117000092,106,168,-62
117000093,1653,155,1498
117000094,221,174,47
117000095,2765,128,2637
117000096,246,245,1
117000097,2008,276,1732
117000098,421,344,77
117000099,3247,387,2860
117000100,46,61,-15
117000101,52,64,-12
117000102,1633,239,1394
117000103,117,206,-89
117000104,1385,247,1138
117000105,133,183,-50
117000106,1663,146,1517
117000107,190,172,18
117000108,1653,842,811
117000109,450,233,217
117000110,1791,1621,170
117000111,1968,1825,143
117000112,1404,624,780
117000113,33,37,-4
117000114,123,47,76
117000115,21,18,3
117000116,71,26,45
117000117,380,181,199
117000118,84,44,40
117000119,16,119,-103
117000120,2,156,-154
117000121,1,224,-223
117000122,11,324,-313
117000123,250,91,159
117000124,1,20,-19
117000125,5,30,-25
117000126,3,5,-2
117000127,12,15,-3
117000128,11,3,8
117000129,150,516,-366
117000130,33,0,33
117000131,0,0,0
117000132,2118,16,2102
117000133,1824,14,1810
117000134,0,0,0
117000135,0,0,0
117000136,0,0,0
117000137,122,145,-23
117000138,1,0,1
117000140,67,112,-45
117000141,1691,194,1497
117000181,5,7,-2
117000182,326,445,-119
117000195,3,52,-49
117000196,148,142,6
117000225,1,4,-3
117000226,0,24,-24
117000276,202,3,199
117000277,0,28,-28
117000310,151,1545,-1394
117000315,29,252,-223
117000320,27,0,27
117000906,249,20,229
117000907,1,45,-44
117000908,34,111,-77
117000909,55,72,-17
117000910,261,38,223
117000911,23,59,-36
117000915,10,85,-75
117000916,24,3,21
117000917,1113,15,1098
117000918,68,161,-93
117000919,0,12,-12
117000920,2,142,-140
117000921,0,35,-35
117000922,7,8,-1
117000924,102,240,-138
117000926,223,102,121
117000927,168,417,-249
117000928,0,0,0
117000929,30,34,-4
117000930,9,0,9
117000931,80,132,-52
117900002,30,337,-307
117900003,0,0,0
117900005,0,18,-18
117900006,0,1,-1
117900007,99,7,92
117900008,0,1,-1
117900010,68,31,37
117900011,3,49,-46
117900012,6,6,0
117900013,0,8,-8
117900014,150,39,111
117900015,0,28,-28
117900016,113,408,-295
117900017,316,43,273
117900018,59,16,43
117900019,226,34,192
117900020,5,50,-45
117900021,25,4,21
117900022,0,0,0
117900023,64,4,60
117900024,25,14,11
117900025,0,1,-1
117900026,107,12,95
117900028,0,1,-1
117900029,126,37,89
117900030,16,137,-121
117900031,47,33,14
117900032,228,63,165
117900033,225,65,160
117900034,1,0,1
117900035,67,6,61
117900036,151,51,100
117900037,35,8,27
117900038,0,0,0
117900039,0,0,0
117900040,0,0,0
117900041,0,0,0
117900042,199,64,135
117900043,0,0,0
117900044,0,1062,-1062
117900045,63,50,13
117900048,217,20,197
117900049,95,35,60
117900050,0,83,-83
117900051,1,0,1
117900052,0,0,0
117900053,516,74,442
117900054,0,13,-13
117900055,113,64,49
117900056,0,0,0
117900057,117,227,-110
117900058,0,0,0
117900059,0,0,0
117900060,709,552,157
117900061,1,105,-104
117900063,163,22,141
117900065,93,128,-35
117900066,0,39,-39
117900067,365,10,355
117900069,246,11,235
117900070,70,52,18
117900071,143,57,86
117900073,303,13,290
117900074,0,28,-28
117900075,57,27,30
117900076,0,1,-1
117900077,67,11,56
117900078,111,139,-28
117900080,76,41,35
117900081,71,32,39
117900082,188,131,57
117900083,202,33,169
117900086,65,13,52
117900087,16,10,6
117900088,281,76,205
117900089,803,101,702
117900090,171,44,127
117900091,181,18,163
117900092,15,20,-5
117900093,70,0,70
117900094,62,18,44
117900095,118,89,29
117900096,96,54,42
117900097,15,18,-3
117900098,70,0,70
117900099,62,119,-57
117900100,226,1,225
117900101,276,622,-346
117900102,39,32,7
117900103,81,0,81
117900104,0,42,-42
117900105,62,29,33
117900106,11,16,-5
117900107,42,0,42
117900109,355,229,126
117900110,77,0,77
117900111,383,10,373
117900112,33,0,33
117900113,230,22,208
117900114,22,1,21
117900115,36,21,15
117900116,254,72,182
117900117,123,60,63
117900118,85,4,81
117900119,127,0,127
117900120,272,0,272
117900121,76,2,74
117900122,76,941,-865
117900123,187,56,131
117900124,103,98,5
117900125,290,206,84
117900126,73,58,15
117900127,122,25,97
117900128,186,35,151
117900129,57,0,57
117900130,251,4,247
117900131,0,0,0
117900132,0,0,0
117900133,0,0,0
117900134,0,0,0
117900135,0,0,0
117900136,0,0,0
117900137,0,0,0
117900138,0,0,0
117900139,6,1,5
117900140,674,108,566
117900141,26,92,-66
117900142,1,74,-73
117900144,1,46,-45
117900145,0,21,-21
117900146,2,66,-64
117900147,44,17,27
117900148,198,747,-549
117900149,15,2,13
117900150,9,16,-7
117900151,23,19,4
117900152,0,0,0
117900153,1,84,-83
117900154,219,115,104
117900156,115,22,93
117900157,57,34,23
117900158,63,6,57
117900160,217,134,83
117900161,226,50,176
117900162,254,98,156
117900163,14,44,-30
117900165,0,2,-2
117900166,0,57,-57
117900168,93,4,89
117900169,0,5,-5
117900170,0,2,-2
117900171,0,2,-2
117900172,2,8,-6
117900173,7,7,0
117900174,11,13,-2
117900175,0,2,-2
117900176,7,0,7
117900177,0,1,-1
117900178,14,1,13
117900180,23,1,22
117900181,11,272,-261
117900182,2,38,-36
117900183,10,76,-66
117900184,4,20,-16
117900185,55,0,55
117900186,26,2,24
117900187,37,1,36
117900188,20,10,10
117900189,26,2,24
117900190,7,0,7
117900191,28,0,28
117900192,39,0,39
117900193,119,39,80
117900194,0,0,0
117900195,25,2,23
117900196,31,2,29
117900207,48,33,15
117900208,14,3,11
117900209,80,2,78
117900210,0,0,0
117900211,0,0,0
117900212,134,35,99
117900213,41,0,41
117900214,0,2,-2
117900215,0,0,0
117900216,0,0,0
117900217,0,0,0
117900218,0,0,0
117900219,0,0,0
117900220,0,61,-61
117900222,7,20,-13
117900223,20,144,-124
118000001,238,788,-550
118000002,75,428,-353
118000003,1596,2820,-1224
118000004,462,455,7
118000005,1133,1740,-607
118000006,1352,1878,-526
118000007,2882,4991,-2109
118000008,2247,2004,243
118000009,430,1100,-670
118000010,993,1232,-239
118000011,538,295,243
118000012,273,245,28
118000013,261,465,-204
118000014,329,375,-46
118000016,98,24,74
118000017,642,500,142
118000018,77,70,7
118000019,451,803,-352
118000020,154,869,-715
118000021,50,982,-932
118000022,684,441,243
118000023,352,344,8
118000024,406,573,-167
118000027,2835,4269,-1434
118000029,112,802,-690
118000032,165,1062,-897
118000033,1331,2013,-682
118000034,1406,1252,154
118000035,279,651,-372
118000036,160,374,-214
118000037,155,445,-290
118000038,93,212,-119
118000039,40,55,-15
118000040,498,602,-104
118000041,223,355,-132
118000045,101,206,-105
118000046,47,1113,-1066
118000047,44,392,-348
118000048,551,1685,-1134
118000051,1141,1224,-83
118000052,582,1215,-633
118000053,226,618,-392
118000054,664,557,107
118000055,154,677,-523
118000056,18,177,-159
118000057,44,150,-106
118000058,417,356,61
118000059,140,997,-857
118000060,275,274,1
118000061,259,226,33
118000062,87,61,26
118000063,63,560,-497
118000064,242,814,-572
118000065,575,260,315
118000066,319,1534,-1215
118000067,87,666,-579
118000068,242,2272,-2030
118000069,404,533,-129
118000070,630,1287,-657
118000071,372,2071,-1699
118000072,361,2876,-2515
118000073,223,918,-695
118000074,55,276,-221
118000075,144,302,-158
118000076,2994,5946,-2952
118000077,586,640,-54
118000078,1155,1311,-156
118000079,42,257,-215
118000080,148,267,-119
118000081,919,780,139
118000082,105,577,-472
118000083,301,801,-500
118000084,280,255,25
118000086,30,100,-70
118000087,1079,1256,-177
118000088,322,1067,-745
118000089,746,926,-180
118000090,124,909,-785
118000091,174,1495,-1321
118000092,165,108,57
118000093,10,530,-520
118000096,57,262,-205
118000097,119,233,-114
118000098,90,219,-129
118000099,0,0,0
118000101,554,187,367
118000102,259,185,74
118000107,22,5,17
118000108,44,476,-432
118000110,0,0,0
118000111,0,0,0
118000112,228,0,228
118000113,0,0,0
118000114,395,4,391
118000115,0,10,-10
118000116,6,7,-1
118000117,233,229,4
118000118,461,521,-60
118000119,521,582,-61
118000120,347,251,96
118000121,40,133,-93
118000122,72,37,35
118000123,62,222,-160
118000125,27,177,-150
118000126,137,418,-281
118000127,547,606,-59
118000128,5,400,-395
118000129,150,216,-66
118000130,448,931,-483
118000131,75,155,-80
118000132,1614,1390,224
118000133,461,119,342
118000135,136,361,-225
118000136,35,281,-246
118000137,64,46,18
118000138,67,83,-16
118000139,99,8,91
118000140,897,4484,-3587
118000141,2377,1312,1065
118000142,850,1034,-184
118000143,2446,1358,1088
118000144,312,138,174
118000145,531,205,326
118000146,770,134,636
118000147,596,226,370
118000148,103,669,-566
118000149,311,132,179
118000150,622,101,521
118000151,345,59,286
118000153,1802,976,826
118000154,897,632,265
118000155,2036,902,1134
118000156,412,812,-400
118000157,167,85,82
118000158,72,137,-65
118000159,69,102,-33
118000160,517,168,349
118000161,203,125,78
118000162,375,312,63
118000163,745,646,99
118000164,858,829,29
118000168,124,0,124
118000169,118,405,-287
118000170,927,1018,-91
118000171,160,199,-39
118000172,33,46,-13
118000173,511,310,201
118000175,168,143,25
118000176,248,242,6
118000177,237,332,-95
118000178,5,21,-16
118000179,639,650,-11
118000180,490,325,165
118000181,121,29,92
118000182,64,70,-6
118000183,104,63,41
118000184,943,219,724
118000185,123,514,-391
118000186,103,443,-340
118000187,859,162,697
118000188,160,1,159
118000189,47,10,37
118000190,3,12,-9
118000191,26,7,19
118000192,4,50,-46
118000193,0,141,-141
118000194,643,1085,-442
118000195,70,886,-816
118000196,6,69,-63
118000197,84,295,-211
118000198,352,883,-531
118000199,335,680,-345
118000200,0,0,0
118000201,101,289,-188
118000202,0,0,0
118000203,32,175,-143
118000204,7,22,-15
118000205,38,35,3
118000206,164,74,90
118000207,0,22,-22
118000208,593,736,-143
118000209,1026,242,784
118000210,78,8,70
118000211,97,17,80
118000213,158,955,-797
118000214,125,29,96
118000215,70,9,61
118000216,446,7,439
118000217,0,17,-17
118000218,17,4,13
118000219,111,71,40
118000220,6,26,-20
118000221,37,328,-291
118000222,22,5,17
118000223,61,7,54
118000224,60,13,47
118000225,0,0,0
118000226,161,5,156
118000227,38,180,-142
118000228,0,19,-19
118000229,0,0,0
118000230,0,0,0
118000231,0,0,0
118000232,0,0,0
118000233,474,128,346
118000234,0,0,0
118000236,68,5,63
118000237,0,0,0
118000238,187,2,185
118000239,275,164,111
118000240,36,19,17
118000241,52,11,41
118000242,0,0,0
118000243,0,0,0
118000244,16,16,0
118000246,0,0,0
118000255,12,157,-145
118000256,58,136,-78
118000259,0,5,-5
118000260,54,0,54
118000261,0,0,0
118000263,1,11,-10
118000266,30,28,2
118000267,0,0,0
118000268,61,4,57
118000270,0,0,0
118000271,68,42,26
118000272,28,2,26
118000273,0,0,0
118000274,0,0,0
118000276,68,13,55
118000295,0,1,-1
118000298,8,0,8
118000299,2,2,0
118000301,0,0,0
118000302,34,4,30
118000311,171,39,132
118000312,19,0,19
118000313,24,7,17
118000314,2,4,-2
118000315,2,1,1
118000316,28,8,20
118000325,86,1,85
118000326,10,2,8
118000331,136,23,113
118000332,65,1,64
118000333,113,5,108
118000335,99,0,99
118000336,0,0,0
118000407,94,12,82
118000457,0,2,-2
118000465,190,353,-163
118000480,1,5,-4
118000489,3,183,-180
118000490,0,14,-14
118000492,179,42,137
118000510,0,0,0
118000514,24,18,6
118000515,47,171,-124
118000517,117,91,26
118000524,23,60,-37
118000525,38,67,-29
118000530,9,85,-76
118000531,107,73,34
118000532,1,0,1
118000533,0,0,0
118000534,0,0,0
118000535,107,25,82
118000536,9,22,-13
118000537,0,8,-8
118000538,1,16,-15
118000539,22,119,-97
118000540,33,4,29
118000541,19,3,16
118000542,36,56,-20
118000543,49,17,32
118000546,2,5,-3
118000553,0,0,0
118000557,0,0,0
118000560,0,6,-6
118000562,0,0,0
118000563,785,712,73
118000576,95,11,84
118000577,35,34,1
118000578,13,6,7
118000579,112,260,-148
118000583,0,0,0
118000595,141,47,94
118000596,0,0,0
118000597,15,43,-28
118000598,2,0,2
118000599,269,2,267
118000600,2,0,2
118000601,0,0,0
118000602,0,0,0
118000603,0,2,-2
118900001,0,0,0
118900002,58,0,58
118900003,92,1,91
118900004,8,0,8
118900005,0,0,0
118900006,0,0,0
118900007,0,0,0
118900008,180,1,179
118900009,0,0,0
118900010,0,0,0
118900011,0,0,0
118900012,59,47,12
118900013,0,0,0
118900015,0,0,0
118900016,0,0,0
118900017,0,0,0
118900018,0,0,0
118900019,0,0,0
118900020,0,0,0
118900021,21,22,-1
118900022,16,2,14
118900023,0,0,0
118900024,0,0,0
118900025,0,0,0
118900026,14,2,12
118900027,0,0,0
118900028,67,21,46
118900029,0,0,0
118900030,0,0,0
118900031,7,4,3
118900032,0,0,0
118900033,0,0,0
118900034,0,0,0
118900035,12,4,8
118900036,115,19,96
118900037,0,0,0
118900038,52,2,50
118900039,0,0,0
118900040,45,25,20
118900041,0,0,0
118900042,3,2,1
118900045,7,5,2
118900046,4,2,2
118900047,1,21,-20
118900048,0,0,0
118900049,0,0,0
118900050,0,0,0
118900051,0,0,0
118900052,0,0,0
118900053,0,0,0
118900054,7,0,7
118900055,0,0,0
118900056,0,0,0
118900057,70,60,10
118900058,0,0,0
118900059,0,0,0
118900060,54,4,50
118900062,0,0,0
118900064,0,0,0
118900065,0,0,0
118900066,0,0,0
118900067,37,79,-42
118900068,0,0,0
118900069,1,0,1
118900071,0,0,0
118900072,0,0,0
118900073,0,0,0
118900074,0,0,0
118900075,0,0,0
118900076,0,0,0
118900077,0,0,0
118900078,0,0,0
118900079,0,0,0
118900080,0,0,0
118900081,0,0,0
118900082,0,0,0
118900083,0,0,0
118900084,0,0,0
118900085,0,0,0
118900086,0,0,0
118900087,2,0,2
118900088,0,0,0
118900089,0,0,0
118900090,0,0,0
118900091,0,0,0
118900092,0,0,0
118900093,0,0,0
118900096,0,0,0
118900097,30,33,-3
118900099,18,10,8
118900100,0,0,0
118900101,0,0,0
118900102,0,0,0
118900103,0,0,0
118900104,34,0,34
118900105,2,0,2
118900107,0,0,0
118900108,0,0,0
118900110,31,0,31
118900111,0,0,0
118900112,0,0,0
118900113,0,0,0
118900114,0,0,0
118900115,4,39,-35
118900116,4,10,-6
118900117,2,20,-18
118900118,7,2,5
118900119,46,2,44
118900120,0,5,-5
118900121,0,0,0
118900122,0,0,0
118900123,47,9,38
118900124,0,0,0
118900126,0,0,0
118900129,0,0,0
118900130,0,0,0
118900131,46,14,32
118900132,0,0,0
118900133,0,0,0
118900135,0,0,0
118900136,110,21,89
118900137,0,0,0
118900139,0,0,0
118900140,79,31,48
118900141,0,0,0
118900144,35,20,15
118900145,0,0,0
118900146,30,35,-5
118900147,0,0,0
118900148,0,0,0
118900150,0,0,0
118900152,0,0,0
118900157,0,0,0
118900158,0,0,0
118900159,0,0,0
118900161,0,0,0
118900163,0,0,0
118900164,0,0,0
118900165,0,0,0
118900166,0,0,0
118900167,0,0,0
118900168,0,0,0
118900169,0,0,0
118900170,0,0,0
118900171,0,0,0
118900174,0,0,0
118900175,89,37,52
118900176,4,12,-8
118900177,0,0,0
118900178,0,0,0
118900179,0,0,0
118900181,37,9,28
118900182,0,0,0
118900183,0,0,0
118900184,0,0,0
118900185,1,0,1
118900186,10,23,-13
118900187,8,5,3
118900188,28,2,26
118900189,0,0,0
118900190,0,0,0
118900191,0,0,0
118900192,0,0,0
118900193,0,0,0
118900195,41,0,41
118900196,0,0,0
118900197,0,0,0
118900198,0,0,0
118900199,0,0,0
118900200,0,0,0
118900201,0,0,0
118900202,0,0,0
118900203,0,0,0
118900204,0,0,0
118900205,0,0,0
118900206,0,0,0
119000001,856,765,91
119000002,1799,912,887
119000003,914,364,550
119000004,621,1117,-496
119000005,890,1301,-411
119000006,876,538,338
119000007,1601,1752,-151
119000008,468,506,-38
119000009,804,2174,-1370
119000010,769,1196,-427
119000011,1127,782,345
119000012,632,1069,-437
119000013,2697,1339,1358
119000014,738,1380,-642
119000019,63,85,-22
119000020,775,1086,-311
119000021,1307,1565,-258
119000022,73,417,-344
119000023,47,166,-119
119000024,376,6473,-6097
119000025,1053,391,662
119000026,39,173,-134
119000027,46,211,-165
119000028,1147,260,887
119000029,18,56,-38
119000030,321,551,-230
119000031,263,428,-165
119000032,181,660,-479
119000033,992,574,418
119000034,422,259,163
119000035,4,96,-92
119000036,1201,154,1047
119000037,486,290,196
119000038,57,140,-83
119000039,286,231,55
119000040,140,472,-332
119000041,261,729,-468
119000048,1402,467,935
119000049,559,285,274
119000050,303,512,-209
119000051,263,203,60
119000052,352,457,-105
119000053,579,522,57
119000054,1395,590,805
119000055,2678,481,2197
119000056,1657,496,1161
119000057,665,529,136
119000058,593,464,129
119000059,689,363,326
119000060,472,127,345
119000061,175,279,-104
119000062,297,281,16
119000063,276,212,64
119000064,169,102,67
119000065,202,336,-134
119000066,576,545,31
119000067,592,570,22
119000068,601,262,339
119000069,507,368,139
119000070,901,213,688
119000071,23,139,-116
119000072,716,427,289
119000073,988,2212,-1224
119000074,1302,437,865
119000075,1383,777,606
119000076,31,237,-206
119000077,176,147,29
119000078,72,15,57
119000079,23,134,-111
119000080,178,16,162
119000081,133,79,54
119000082,165,22,143
119000083,144,63,81
119000084,111,92,19
119000085,97,38,59
119000086,55,48,7
119000087,359,97,262
119000088,109,3,106
119000089,16,24,-8
119000090,41,61,-20
119000091,78,55,23
119000092,121,70,51
119000093,1019,753,266
119000094,1398,992,406
119000095,681,503,178
119000097,524,448,76
119000098,432,2151,-1719
119000099,961,313,648
119000100,1716,815,901
119000101,795,733,62
119000102,42,250,-208
119000103,481,232,249
119000104,132,55,77
119000105,153,540,-387
119000106,64,74,-10
119000107,512,238,274
119000108,136,127,9
119000109,11,32,-21
119000110,0,0,0
119000111,0,38,-38
119000112,0,0,0
119000113,124,19,105
119000114,79,151,-72
119000115,16,91,-75
119000116,7,59,-52
119000117,5,16,-11
119000118,0,0,0
119000123,246,602,-356
119000124,252,70,182
119000125,1741,211,1530
119000126,742,207,535
119000127,92,26,66
119000128,12,1,11
119000131,320,47,273
119000132,0,1,-1
119000133,0,5,-5
119000134,259,395,-136
119000135,32,12,20
119000136,0,0,0
119000137,10,6,4
119000138,0,0,0
119000139,9,8,1
119000140,0,0,0
119000284,238,496,-258
119000285,289,293,-4
119000286,1007,759,248
119000287,523,404,119
119000288,417,188,229
119000289,259,674,-415
119000290,174,218,-44
119000291,0,65,-65
119000293,88,173,-85
119000294,74,53,21
119000295,204,137,67
119000296,64,33,31
119000299,0,0,0
119000302,1051,832,219
119000303,3,23,-20
119000314,183,2275,-2092
119000315,0,6,-6
119000316,0,0,0
119000317,52,14,38
119900001,51,197,-146
119900002,25,23,2
119900003,0,9,-9
119900004,0,0,0
119900005,0,0,0
119900006,18,21,-3
119900007,7,1,6
119900008,0,0,0
119900009,43,85,-42
119900010,181,198,-17
119900011,1,0,1
119900012,0,0,0
119900013,152,87,65
119900014,80,84,-4
119900015,0,0,0
119900016,0,0,0
119900017,10,18,-8
119900018,139,159,-20
119900019,0,0,0
119900020,0,0,0
119900021,0,0,0
119900022,4,170,-166
119900023,36,739,-703
119900025,0,0,0
119900026,0,0,0
119900027,1,4,-3
119900028,21,51,-30
119900029,0,0,0
119900030,0,0,0
119900031,7,282,-275
119900033,236,131,105
119900034,0,0,0
119900037,99,2,97
119900038,9,27,-18
119900039,10,1,9
119900040,92,3,89
119900041,0,0,0
119900042,0,0,0
119900043,21,6,15
119900044,10,111,-101
119900046,0,0,0
119900047,0,0,0
119900048,7,2,5
119900049,58,0,58
119900050,41,29,12
119900051,395,8,387
119900052,0,0,0
119900053,0,0,0
119900054,129,1,128
119900055,248,41,207
119900057,0,0,0
119900058,0,0,0
119900059,25,11,14
119900060,82,22,60
119900062,0,0,0
119900063,0,0,0
119900065,65,0,65
119900066,0,0,0
119900067,0,0,0
119900068,0,0,0
119900069,32,0,32
119900070,301,0,301
119900071,282,23,259
119900073,97,4,93
119900074,0,0,0
119900075,389,533,-144
119900076,0,0,0
119900077,219,52,167
119900078,154,4,150
119900079,29,0,29
119900080,322,89,233
119900081,65,14,51
119900082,909,229,680
119900083,63,48,15
119900084,0,0,0
119900085,0,0,0
119900087,0,0,0
119900088,0,0,0
119900089,0,0,0
119900090,0,0,0
119900091,0,0,0
119900092,0,0,0
119900093,0,0,0
119900094,0,0,0
119900095,0,0,0
119900096,0,0,0
119900097,0,0,0
119900098,0,0,0
119900099,0,0,0
119900100,10,107,-97
119900101,38,71,-33
119900102,0,0,0
119900103,0,0,0
119900104,0,0,0
119900105,43,32,11
119900106,0,0,0
119900107,0,0,0
119900108,406,115,291
119900109,0,0,0
119900110,29,25,4
119900111,6,3,3
119900112,0,0,0
119900113,1,3,-2
119900114,46,45,1
119900115,26,25,1
119900116,0,3,-3
119900117,21,25,-4
119900118,36,21,15
119900119,1,6,-5
119900120,23,25,-2
119900121,0,0,0
119900122,1,0,1
119900123,2,5,-3
119900124,1,18,-17
119900125,0,0,0
119900126,254,21,233
119900127,61,1,60
119900128,1,4,-3
119900129,6,12,-6
119900130,0,0,0
119900131,0,2,-2
119900132,1,0,1
119900133,0,0,0
119900134,36,4,32
119900135,0,0,0
119900136,0,0,0
119900138,0,0,0
119900139,0,0,0
119900140,0,1,-1
119900141,0,0,0
119900142,2,2,0
119900143,0,20,-20
119900144,0,0,0
119900145,0,0,0
119900146,0,0,0
119900147,0,0,0
119900148,45,11,34
119900149,19,586,-567
119900150,0,0,0
119900151,226,157,69
119900152,0,0,0
119900153,27,2,25
119900154,1,6,-5
119900155,0,0,0
119900156,26,10,16
119900157,0,0,0
119900158,40,19,21
119900159,0,44,-44
119900160,0,0,0
119900161,39,2,37
119900162,112,75,37
119900163,0,0,0
119900164,0,0,0
119900165,0,0,0
119900166,41,24,17
119900167,0,0,0
119900168,135,6,129
119900169,0,0,0
119900170,0,0,0
119900171,14,1,13
119900172,15,26,-11
119900173,0,10,-10
119900174,0,0,0
119900175,223,12,211
119900177,8,6,2
119900178,0,0,0
119900179,31,227,-196
119900180,102,26,76
119900181,2,9,-7
119900182,3,36,-33
119900183,18,84,-66
119900184,57,70,-13
119900185,1,81,-80
119900186,0,0,0
119900187,14,27,-13
119900188,59,72,-13
119900189,0,0,0
119900190,0,0,0
119900191,4,8,-4
119900192,0,19,-19
119900193,125,7,118
119900194,12,10,2
119900195,1,12,-11
119900196,0,0,0
119900197,3,0,3
119900198,1,9,-8
119900199,100,3,97
119900200,0,0,0
119900201,19,10,9
119900202,14,52,-38
119900203,3,0,3
119900204,20,11,9
119900205,282,17,265
119900206,0,0,0
119900208,0,0,0
119900209,99,188,-89
119900210,0,0,0
119900211,0,0,0
119900212,482,19,463
119900213,0,0,0
119900214,0,0,0
119900215,0,0,0
119900216,0,0,0
119900217,0,0,0
119900218,0,0,0
119900219,0,0,0
119900220,0,0,0
119900221,0,0,0
119900222,0,0,0
119900223,0,0,0
119900224,0,0,0
119900225,0,0,0
119900226,25,178,-153
119900227,32,29,3
119900228,0,3,-3
119900229,0,0,0
119900230,29,1,28
119900231,83,3,80
119900232,0,0,0
119900233,7,2,5
119900234,0,0,0
119900235,0,0,0
119900236,0,0,0
119900237,15,4,11
119900238,0,0,0
119900240,0,0,0
119900241,0,0,0
119900242,92,1,91
119900244,73,109,-36
119900245,0,0,0
119900246,0,0,0
119900247,1,25,-24
119900248,0,0,0
119900249,10,0,10
119900253,108,142,-34
119900254,1,219,-218
119900255,1,34,-33
119900256,182,18,164
119900257,5,0,5
119900258,0,0,0
119900259,0,0,0
119900260,7,1,6
119900261,123,24,99
119900262,1,10,-9
119900263,374,42,332
119900264,0,0,0
119900265,29,1,28
119900266,0,0,0
119900267,0,0,0
119900268,3,1,2
119900269,38,12,26
119900271,0,0,0
119900272,3,30,-27
119900275,37,0,37
119900276,37,2,35
119900277,1,5,-4
119900278,0,0,0
119900279,0,0,0
119900280,48,12,36
119900281,0,0,0
119900282,0,0,0
119900283,0,10,-10
119900284,196,93,103
119900285,0,0,0
119900286,0,0,0
119900288,0,4,-4
119900289,0,0,0
119900290,1,0,1
119900291,0,0,0
119900292,26,11,15
119900293,2,1,1
119900294,12,0,12
119900295,8,0,8
119900296,129,0,129
119900299,1,2,-1
119900300,6,1,5
119900301,0,0,0
119900302,0,0,0
119900303,0,0,0
119900304,0,0,0
119900305,0,0,0
119900306,0,0,0
119900307,0,0,0
119900308,0,0,0
119900309,2,24,-22
119900310,13,3,10
119900311,0,0,0
119900312,44,5,39
119900313,17,2,15
119900314,0,0,0
119900315,404,96,308
119900318,0,0,0
119900319,76,33,43
119900320,55,43,12
119900321,8,0,8
119900322,1,33,-32
119900323,0,7,-7
119900324,0,2,-2
119900325,58,21,37
119900326,12,23,-11
120000001,4435,11661,-7226
120000002,899,565,334
120000003,540,457,83
120000004,784,792,-8
120000005,1053,626,427
120000006,382,306,76
120000007,757,450,307
120000008,267,370,-103
120000009,635,221,414
120000010,568,394,174
120000011,222,231,-9
120000012,304,403,-99
120000013,1012,530,482
120000014,265,431,-166
120000015,1178,772,406
120000016,3265,1747,1518
120000017,1792,1629,163
120000018,2072,5928,-3856
120000019,401,604,-203
120000020,1739,1536,203
120000021,974,1776,-802
120000022,3534,3711,-177
120000023,758,820,-62
120000024,768,867,-99
120000025,1934,693,1241
120000026,1402,1505,-103
120000027,1924,1764,160
120000028,408,189,219
120000029,199,612,-413
120000030,14,247,-233
120000031,600,1332,-732
120000032,1414,1015,399
120000033,1221,321,900
120000034,1485,227,1258
120000035,1140,276,864
120000036,1507,2193,-686
120000037,469,1500,-1031
120000038,1115,2378,-1263
120000039,28,199,-171
120000040,2,145,-143
120000041,92,154,-62
120000042,423,329,94
120000043,1732,555,1177
120000044,3434,567,2867
120000045,3105,296,2809
120000046,2112,1588,524
120000047,244,2584,-2340
120000048,2386,1962,424
120000049,1511,614,897
120000050,1095,1060,35
120000051,840,1552,-712
120000052,1303,771,532
120000053,569,610,-41
120000054,508,627,-119
120000055,950,742,208
120000056,1678,857,821
120000057,927,257,670
120000058,256,346,-90
120000059,194,1095,-901
120000061,4,172,-168
120000062,96,69,27
120000063,292,379,-87
120000064,132,251,-119
120000065,171,163,8
120000066,63,105,-42
120000067,8,100,-92
120000068,75,212,-137
120000069,291,189,102
120000070,49,191,-142
120000071,335,52,283
120000072,568,96,472
120000073,455,50,405
120000074,146,12,134
120000075,811,86,725
120000076,1257,95,1162
120000077,999,135,864
120000078,652,238,414
120000079,334,118,216
120000080,48,94,-46
120000081,207,52,155
120000082,162,168,-6
120000083,14,797,-783
120000084,54,50,4
120000085,51,44,7
120000086,42,47,-5
120000087,68,69,-1
120000088,433,253,180
120000089,921,135,786
120000090,376,162,214
120000091,536,243,293
120000092,543,147,396
120000093,421,202,219
120000094,181,378,-197
120000095,327,120,207
120000096,111,127,-16
120000098,384,89,295
120000099,74,105,-31
120000100,335,144,191
120000101,286,83,203
120000102,357,1029,-672
120000103,868,581,287
120000104,1929,183,1746
120000105,2865,145,2720
120000106,2513,77,2436
120000107,3650,152,3498
120000108,1315,73,1242
120000109,734,15,719
120000110,1,173,-172
120000111,1,109,-108
120000112,25,368,-343
120000113,51,294,-243
120000114,66,210,-144
120000115,68,223,-155
120000116,82,299,-217
120000117,379,229,150
120000118,6,24,-18
120000119,4,79,-75
120000120,25,73,-48
120000121,15,21,-6
120000122,43,273,-230
120000123,400,2650,-2250
120000124,235,208,27
120000125,215,102,113
120000126,175,242,-67
120000127,125,229,-104
120000128,514,916,-402
120000129,59,122,-63
120000130,503,174,329
120000131,238,260,-22
120000134,63,18,45
120000135,64,253,-189
120000137,63,20,43
120000138,229,72,157
120000139,109,27,82
120000140,175,25,150
120000141,226,30,196
120000142,355,103,252
120000143,0,0,0
120000144,52,0,52
120000145,48,0,48
120000146,437,615,-178
120000149,145,195,-50
120000150,193,3237,-3044
120000151,334,70,264
120000152,428,73,355
120000153,68,80,-12
120000154,79,90,-11
120000155,92,92,0
120000156,160,344,-184
120000157,445,154,291
120000158,133,60,73
120000159,565,660,-95
120000160,1118,856,262
120000161,855,731,124
120000162,66,163,-97
120000163,330,143,187
120000164,233,59,174
120000165,287,48,239
120000166,920,52,868
120000167,0,0,0
120000168,0,0,0
120000169,0,0,0
120000170,0,0,0
120000171,0,0,0
120000172,0,0,0
120000173,34,1,33
120000174,3,0,3
120000175,4,0,4
120000176,5,5,0
120000177,116,2,114
120000178,10,0,10
120000179,8,1,7
120000180,16,2,14
120000181,4,76,-72
120000182,7,106,-99
120000183,1,143,-142
120000184,35,238,-203
120000186,8,31,-23
120000187,6,37,-31
120000188,10,20,-10
120000190,24,88,-64
120000191,50,43,7
120000192,32,15,17
120000193,34,8,26
120000195,6,0,6
120000196,4,7,-3
120000197,2,12,-10
120000198,15,0,15
120000199,0,0,0
120000200,0,0,0
120000201,0,0,0
120000202,0,0,0
120000203,0,0,0
120000207,0,0,0
120000208,0,0,0
120000209,0,0,0
120000210,0,0,0
120000211,0,0,0
120000212,0,0,0
120000213,0,0,0
120000214,0,0,0
120000215,0,0,0
120000216,0,0,0
120000217,0,0,0
120000218,0,0,0
120000219,0,0,0
120000220,0,0,0
120000225,865,10,855
120000226,149,2,147
120000227,275,28,247
120000228,0,0,0
120000230,59,7,52
120000231,257,21,236
120000233,297,2,295
120000235,5,57,-52
120000236,674,0,674
120000237,1,72,-71
120000238,0,0,0
120000241,766,1505,-739
120000412,75,3,72
120000413,94,10,84
120000414,88,0,88
120000415,0,0,0
120000416,28,0,28
120000417,0,10,-10
120000418,120,2,118
120000419,2,0,2
120000420,17,28,-11
120000421,1694,1179,515
120000422,7,355,-348
120000423,0,0,0
120000424,0,0,0
120000436,50,817,-767
120000437,13,26,-13
120000438,185,88,97
120000439,234,278,-44
120000443,117,1,116
120000444,991,109,882
120000445,693,513,180
120000446,157,31,126
120000447,215,0,215
120000449,49,0,49
120000450,1,8,-7
120000451,32,49,-17
120000452,225,6,219
120000453,0,0,0
120000454,69,27,42
120000455,8,29,-21
120000456,57,593,-536
120000457,186,140,46
120000458,212,63,149
120000459,86,36,50
120000665,23,99,-76
120000668,14,293,-279
120000669,89,68,21
120000670,12,152,-140
120000671,423,188,235
120000672,12,108,-96
120900001,76,1,75
120900002,15,21,-6
120900003,0,0,0
120900004,1,35,-34
120900005,23,67,-44
120900006,234,35,199
120900007,11,12,-1
120900008,243,188,55
120900009,0,0,0
120900010,223,33,190
120900011,0,0,0
120900012,12,397,-385
120900013,0,0,0
120900014,0,27,-27
120900015,469,18,451
120900016,670,9,661
120900017,179,12,167
120900018,41,41,0
120900019,129,145,-16
120900020,87,221,-134
120900021,13,0,13
120900022,3,21,-18
120900023,232,7,225
120900024,328,21,307
120900025,171,46,125
120900026,15,27,-12
120900027,0,0,0
120900028,270,77,193
120900029,0,0,0
120900030,582,48,534
120900031,39,0,39
120900032,684,31,653
120900033,481,24,457
120900034,2,861,-859
120900035,96,13,83
120900037,134,3,131
120900038,0,0,0
120900039,0,0,0
120900040,0,0,0
120900041,2,7,-5
120900042,237,22,215
120900043,28,2,26
120900044,5,153,-148
120900045,9,2,7
120900046,227,2,225
120900047,0,0,0
120900048,0,0,0
120900049,0,0,0
120900050,163,578,-415
120900051,194,70,124
120900052,246,0,246
120900053,146,16,130
120900054,236,15,221
120900055,410,2,408
120900056,0,0,0
120900057,0,0,0
120900058,295,0,295
120900059,96,0,96
120900060,41,10,31
120900061,52,8,44
120900062,151,7,144
120900063,0,0,0
120900064,4,0,4
120900065,0,0,0
120900066,362,1,361
120900067,131,21,110
120900068,127,0,127
120900069,0,0,0
120900071,91,1,90
120900072,1,0,1
120900073,5,0,5
120900074,192,1,191
120900076,216,0,216
120900077,487,169,318
120900078,578,89,489
120900079,155,9,146
120900080,143,1,142
120900081,670,49,621
120900082,142,8,134
120900083,170,1,169
120900084,1,0,1
120900085,0,0,0
120900086,2,212,-210
120900087,205,27,178
120900088,1,1,0
120900089,354,1326,-972
120900090,41,2,39
120900091,84,210,-126
120900092,26,22,4
120900093,0,0,0
120900094,28,30,-2
120900095,0,0,0
120900096,1,1,0
120900097,29,30,-1
120900098,0,0,0
120900099,0,0,0
120900100,0,0,0
120900101,0,0,0
120900102,0,0,0
120900103,43,23,20
120900104,0,0,0
120900105,0,0,0
120900106,78,41,37
120900107,0,0,0
120900108,0,0,0
120900109,7,46,-39
120900110,0,0,0
120900111,13,7,6
120900112,0,0,0
120900113,1,32,-31
120900114,0,11,-11
120900115,91,71,20
120900116,65,8,57
120900117,0,0,0
120900118,4,38,-34
120900119,745,363,382
120900120,2,34,-32
120900121,0,0,0
120900122,77,16,61
120900123,0,0,0
120900124,0,16,-16
120900125,0,40,-40
120900126,8,0,8
120900127,0,0,0
120900128,16,23,-7
120900129,88,0,88
120900130,7,36,-29
120900131,0,0,0
120900132,620,10,610
120900133,0,36,-36
120900134,7,2,5
120900135,45,3,42
120900136,0,0,0
120900137,176,23,153
120900138,0,6,-6
120900139,0,0,0
120900140,0,0,0
120900141,104,25,79
120900142,0,51,-51
120900143,0,0,0
120900144,0,10,-10
120900145,15,28,-13
120900146,0,0,0
120900147,0,0,0
120900148,11,8,3
120900149,0,10,-10
120900150,0,17,-17
120900151,0,0,0
120900152,0,0,0
120900153,0,0,0
120900154,0,6,-6
120900155,17,16,1
120900156,33,0,33
120900157,0,0,0
120900158,2,8,-6
120900159,0,0,0
120900160,0,8,-8
120900161,0,0,0
120900162,0,0,0
120900163,0,0,0
120900164,0,0,0
120900165,0,0,0
120900166,0,0,0
120900167,0,0,0
120900169,0,0,0
120900170,46,1037,-991
120900171,94,10,84
120900172,0,0,0
120900173,0,0,0
120900174,0,0,0
120900175,60,5,55
120900176,3,201,-198
120900177,4,543,-539
120900178,0,192,-192
120900179,30,27,3
120900180,0,0,0
120900181,0,0,0
120900182,0,0,0
120900183,30,14,16
120900184,0,0,0
120900185,0,0,0
120900186,0,31,-31
120900187,148,128,20
120900188,4,0,4
120900189,0,0,0
120900190,81,18,63
120900191,0,2,-2
120900192,815,2344,-1529
120900194,0,3,-3
120900195,0,0,0
120900196,0,0,0
120900197,357,44,313
120900198,3,37,-34
120900199,0,0,0
120900200,2,0,2
120900201,0,0,0
120900202,0,38,-38
120900203,9,8,1
120900204,24,31,-7
120900205,1,2,-1
120900206,3,3,0
120900207,0,40,-40
121000001,176,467,-291
121000002,432,977,-545
121000003,333,1037,-704
121000004,331,1262,-931
121000005,1176,2614,-1438
121000006,713,1368,-655
121000007,337,1541,-1204
121000008,721,1537,-816
121000009,962,2966,-2004
121000010,964,1311,-347
121000011,1700,3378,-1678
121000012,3191,1700,1491
121000013,1820,3325,-1505
121000014,2326,1729,597
121000015,2755,4312,-1557
121000016,870,735,135
121000017,613,1931,-1318
121000018,816,1089,-273
121000019,1938,3034,-1096
121000020,3970,7246,-3276
121000021,283,403,-120
121000022,340,2152,-1812
121000023,770,300,470
121000024,1421,1868,-447
121000025,71,312,-241
121000026,78,157,-79
121000027,233,572,-339
121000028,94,226,-132
121000029,62,160,-98
121000030,0,0,0
121000031,51,179,-128
121000032,0,0,0
121000034,7,46,-39
121000035,1,25,-24
121000036,119,230,-111
121000037,118,389,-271
121000038,625,571,54
121000039,100,62,38
121000041,100,126,-26
121000042,17,251,-234
121000043,307,377,-70
121000044,51,248,-197
121000045,113,141,-28
121000046,0,0,0
121000047,6,14,-8
121000049,405,295,110
121000050,53,1533,-1480
121000051,129,100,29
121000052,59,906,-847
121000053,37,74,-37
121000054,0,54,-54
121000055,259,653,-394
121000056,766,517,249
121000057,0,12,-12
121000058,16,54,-38
121000059,199,1004,-805
121000060,461,704,-243
121000061,5,527,-522
121000062,307,189,118
121000063,99,614,-515
121000064,203,575,-372
121000065,69,121,-52
121000066,26,37,-11
121000067,62,32,30
121000068,140,575,-435
121000069,16,717,-701
121000070,279,263,16
121000071,289,889,-600
121000072,107,98,9
121000073,106,512,-406
121000074,8,65,-57
121000075,0,7,-7
121000076,31,45,-14
121000077,27,72,-45
121000078,0,62,-62
121000080,146,132,14
121000081,386,1255,-869
121000082,1,21,-20
121000083,55,91,-36
121000084,0,0,0
121000085,15,10,5
121000086,35,235,-200
121000087,4,230,-226
121000088,109,86,23
121000089,4,336,-332
121000090,42,110,-68
121000091,482,820,-338
121000092,25,42,-17
121000093,44,111,-67
121000094,51,104,-53
121000095,24,113,-89
121000096,657,206,451
121000097,237,641,-404
121000098,135,105,30
121000099,153,109,44
121000100,342,160,182
121000101,73,89,-16
121000102,2,4,-2
121000103,33,56,-23
121000104,10,0,10
121000105,5,0,5
121000106,83,119,-36
121000107,805,1659,-854
121000109,545,1047,-502
121000110,15,591,-576
121000114,824,1279,-455
121000115,156,105,51
121000116,123,140,-17
121000117,216,34,182
121000118,175,58,117
121000119,35,45,-10
121000120,44,361,-317
121000121,68,89,-21
121000123,101,51,50
121000126,42,133,-91
121000127,3,52,-49
121000128,269,74,195
121000129,136,117,19
121000130,89,172,-83
121000131,69,207,-138
121000132,78,277,-199
121000135,242,678,-436
121000136,312,498,-186
121000137,41,143,-102
121000138,124,1155,-1031
121000139,0,0,0
121000141,25,25,0
121000142,18,33,-15
121000143,6,24,-18
121000144,636,865,-229
121000145,123,222,-99
121000146,199,75,124
121000147,205,48,157
121000148,114,164,-50
121000149,579,585,-6
121000152,108,72,36
121000153,205,118,87
121000154,213,80,133
121000155,326,341,-15
121000156,119,186,-67
121000157,267,235,32
121000158,440,231,209
121000159,248,161,87
121000160,298,75,223
121000161,139,227,-88
121000162,82,59,23
121000165,594,2113,-1519
121000166,22,271,-249
121000168,77,134,-57
121000169,2,31,-29
121000170,68,33,35
121000171,25,51,-26
121000172,170,349,-179
121000173,655,652,3
121000174,296,457,-161
121000175,308,123,185
121000176,148,216,-68
121000177,229,123,106
121000178,125,35,90
121000179,7,35,-28
121000181,99,85,14
121000182,222,310,-88
121000183,15,141,-126
121000184,24,304,-280
121000185,7,679,-672
121000186,180,774,-594
121000187,135,110,25
121000188,63,51,12
121000192,164,49,115
121000193,50,61,-11
121000194,459,926,-467
121000195,189,472,-283
121000196,83,81,2
121000197,52,98,-46
121000198,42,166,-124
121000199,44,104,-60
121000200,203,124,79
121000201,0,94,-94
121000202,56,6,50
121000203,44,98,-54
121000204,646,32,614
121000205,111,235,-124
121000206,132,238,-106
121000207,549,343,206
121000208,0,146,-146
121000209,379,12,367
121000210,431,129,302
121000211,12,11,1
121000212,156,119,37
121000213,461,482,-21
121000214,214,836,-622
121000215,331,225,106
121000216,112,532,-420
121000217,1112,1588,-476
121000218,50,354,-304
121000219,268,365,-97
121000220,15,2,13
121000221,8,142,-134
121000222,550,753,-203
121000223,0,0,0
121000224,182,180,2
121000225,82,939,-857
121000226,200,818,-618
121000227,14,122,-108
121000228,16,49,-33
121000229,20,26,-6
121000230,22,165,-143
121000231,664,8,656
121000232,73,52,21
121000233,189,77,112
121000234,10,58,-48
121000235,8,34,-26
121000236,0,21,-21
121000237,2,4,-2
121000238,0,21,-21
121000239,6,0,6
121000240,1,24,-23
121000241,54,0,54
121000242,1,22,-21
121000243,62,0,62
121000244,0,3,-3
121000245,27,2,25
121000246,0,22,-22
121000247,8,0,8
121000248,27,45,-18
121000249,7,29,-22
121000250,139,298,-159
121000251,1,55,-54
121000252,2,61,-59
121000253,103,107,-4
121000254,362,39,323
121000255,15,42,-27
121000256,45,156,-111
121000257,1,65,-64
121000258,53,116,-63
121000259,8,4,4
121000260,0,21,-21
121000261,15,100,-85
121000262,125,99,26
121000263,317,64,253
121000271,41,963,-922
121000273,4,1,3
121000274,8,33,-25
121000275,1,3,-2
121000276,0,29,-29
121000278,16,19,-3
121000279,3,7,-4
121000280,3,23,-20
121000289,95,16,79
121000290,101,565,-464
121000294,123,30,93
121000297,172,346,-174
121000299,81,213,-132
121000300,104,127,-23
121000302,3,309,-306
121000303,73,17,56
121000304,414,111,303
121000305,100,49,51
121000306,106,114,-8
121000308,1,2,-1
121000309,1,1,0
121000310,0,2,-2
121000311,0,3,-3
121000312,61,106,-45
121000313,1,10,-9
121000314,0,2,-2
121000315,0,4,-4
121000530,506,397,109
121000531,687,517,170
121000532,1569,1537,32
121000533,2449,1492,957
121000918,0,0,0
121000919,27,108,-81
121000938,9,3,6
121000939,9,78,-69
121000956,547,268,279
121000957,0,0,0
121000958,16,68,-52
121000959,207,48,159
121000960,361,139,222
121000961,190,0,190
121000962,48,60,-12
121000973,0,0,0
121000976,0,0,0
121000979,0,0,0
121000981,98,2,96
121000982,395,60,335
121000983,76,22,54
121000984,2,21,-19
121000985,229,135,94
121000986,124,51,73
121000987,10,85,-75
121000988,264,35,229
121001302,14,18,-4
121001308,1,29,-28
121001309,2,171,-169
121001311,0,0,0
121001313,0,0,0
121001314,656,401,255
121001315,1627,135,1492
121001318,0,0,0
121900001,52,360,-308
121900002,1,0,1
121900003,0,0,0
121900004,0,0,0
121900005,4,0,4
121900006,1,0,1
121900007,252,7,245
121900008,2,0,2
121900009,2,0,2
121900010,0,0,0
121900011,10,0,10
121900012,0,3,-3
121900013,12,0,12
121900014,0,0,0
121900015,0,0,0
121900016,0,0,0
121900017,0,0,0
121900018,0,0,0
121900019,0,0,0
121900020,0,0,0
121900021,131,0,131
121900022,0,0,0
121900023,0,0,0
121900024,0,0,0
121900025,0,0,0
121900026,0,0,0
121900027,0,0,0
121900028,1,0,1
121900029,0,0,0
121900030,0,0,0
121900031,2,50,-48
121900032,0,0,0
121900033,0,0,0
121900034,0,0,0
121900035,0,0,0
121900036,0,0,0
121900037,0,0,0
121900038,0,0,0
121900039,0,0,0
121900040,0,0,0
121900041,0,0,0
121900042,0,0,0
121900043,0,0,0
121900044,0,0,0
121900046,0,0,0
121900047,0,0,0
121900048,0,0,0
121900050,0,0,0
121900051,0,0,0
121900052,0,0,0
121900053,3,19,-16
121900054,0,0,0
121900055,0,0,0
121900058,0,0,0
121900059,0,0,0
121900060,0,0,0
121900061,0,0,0
121900062,0,0,0
121900063,7,5,2
121900064,0,0,0
121900066,0,0,0
121900067,0,0,0
121900069,0,0,0
121900070,3,16,-13
121900071,0,0,0
121900072,0,0,0
121900073,0,0,0
121900074,7,0,7
121900075,0,9,-9
121900076,0,0,0
121900077,0,0,0
121900078,0,0,0
121900079,0,0,0
121900080,0,0,0
121900082,0,0,0
121900084,0,0,0
121900085,0,0,0
121900086,0,0,0
121900087,0,0,0
121900088,1,0,1
121900089,0,0,0
121900090,0,0,0
121900091,0,0,0
121900092,0,0,0
121900093,0,0,0
121900094,0,0,0
121900095,0,0,0
121900096,0,0,0
121900097,0,0,0
121900098,0,0,0
121900099,0,0,0
121900100,0,0,0
121900101,0,0,0
121900102,0,0,0
121900103,0,0,0
121900104,100,80,20
121900105,0,0,0
121900106,0,0,0
121900107,0,0,0
121900108,0,0,0
121900109,0,0,0
121900110,0,0,0
121900111,0,0,0
121900112,0,0,0
121900113,0,0,0
121900114,0,0,0
121900117,0,0,0
121900118,0,0,0
121900119,0,0,0
121900120,0,0,0
121900121,0,0,0
121900122,0,0,0
121900123,0,0,0
121900124,1,0,1
121900125,6,1,5
121900127,0,0,0
121900128,0,0,0
121900129,0,0,0
121900130,0,0,0
121900131,0,0,0
121900132,0,0,0
121900133,0,0,0
121900134,0,0,0
121900135,190,38,152
121900136,2,0,2
121900137,0,0,0
121900138,0,0,0
121900139,0,0,0
121900140,0,0,0
121900141,4,0,4
121900142,0,0,0
121900143,0,0,0
121900144,0,0,0
121900145,0,0,0
121900146,0,0,0
121900147,0,0,0
121900148,0,0,0
121900149,0,0,0
121900150,0,0,0
121900151,0,0,0
121900152,0,0,0
121900153,0,0,0
121900154,0,0,0
121900155,0,0,0
121900156,0,0,0
121900157,0,0,0
121900158,0,0,0
121900159,0,0,0
121900160,0,0,0
121900161,0,0,0
121900162,0,0,0
121900163,0,0,0
121900164,0,0,0
121900165,0,0,0
121900166,0,0,0
121900167,0,0,0
121900168,0,0,0
121900169,0,0,0
121900170,0,0,0
121900171,0,0,0
121900172,0,0,0
121900173,0,0,0
121900174,0,0,0
121900175,0,0,0
121900176,0,0,0
121900177,0,0,0
121900178,0,0,0
121900179,0,0,0
121900180,226,636,-410
121900182,0,0,0
121900183,0,0,0
121900184,0,0,0
121900186,0,0,0
121900187,0,0,0
121900188,0,0,0
121900189,0,0,0
121900190,1,0,1
121900191,0,0,0
121900192,0,0,0
121900193,0,0,0
121900194,0,0,0
121900195,0,0,0
121900196,0,0,0
121900197,0,0,0
121900198,653,4,649
121900199,0,0,0
121900200,0,0,0
121900201,0,0,0
121900202,0,0,0
121900203,0,0,0
121900204,0,0,0
121900205,0,0,0
121900206,0,0,0
121900207,0,0,0
121900208,0,0,0
121900209,0,0,0
121900210,0,0,0
121900211,0,0,0
121900212,0,0,0
121900213,0,0,0
121900214,0,0,0
121900215,0,0,0
121900216,0,0,0
121900217,0,0,0
121900218,0,0,0
121900220,0,0,0
121900221,0,0,0
121900222,0,0,0
121900223,0,0,0
121900224,0,0,0
121900225,0,0,0
121900226,0,1,-1
121900227,0,0,0
121900228,0,0,0
121900230,0,4,-4
121900231,0,6,-6
121900232,0,0,0
121900233,0,0,0
121900234,0,0,0
121900235,0,0,0
121900236,0,0,0
121900237,0,0,0
121900238,0,0,0
121900239,0,0,0
121900240,0,0,0
121900241,0,0,0
121900242,0,0,0
121900243,0,0,0
121900244,0,0,0
121900245,0,0,0
121900246,21,3,18
121900247,0,0,0
121900248,0,0,0
121900250,0,0,0
121900251,0,0,0
121900252,0,0,0
121900253,0,0,0
121900254,0,0,0
121900255,0,0,0
121900258,493,292,201
121900259,0,0,0
121900260,0,0,0
121900261,0,0,0
121900262,0,0,0
121900263,0,0,0
121900264,0,0,0
121900265,0,0,0
121900266,0,0,0
121900267,8,4,4
121900269,0,0,0
121900270,0,0,0
121900271,0,0,0
121900273,24,32,-8
121900274,48,8,40
121900277,0,0,0
121900278,0,0,0
121900279,0,0,0
121900280,0,0,0
121900281,0,0,0
121900284,0,0,0
121900286,26,0,26
121900287,14,0,14
121900288,0,0,0
121900290,0,0,0
121900291,0,0,0
121900292,1,19,-18
121900293,0,0,0
121900294,0,0,0
121900295,0,0,0
121900296,0,0,0
121900298,0,2,-2
121900299,0,0,0
121900300,0,0,0
121900301,1,0,1
121900302,0,0,0
121900303,0,0,0
121900304,0,0,0
121900305,0,0,0
121900306,0,0,0
121900307,22,0,22
121900308,0,0,0
121900309,0,0,0
121900310,0,0,0
121900311,131,0,131
121900312,35,1,34
121900313,49,0,49
121900314,0,0,0
121900315,0,0,0
121900316,0,0,0
121900317,0,0,0
121900318,0,0,0
121900319,0,0,0
121900320,0,0,0
121900321,0,0,0
121900322,0,0,0
121900323,0,0,0
121900324,0,0,0
121900325,0,0,0
121900326,0,0,0
121900327,0,0,0
121900328,0,0,0
121900329,0,0,0
121900330,0,0,0
121900331,0,0,0
121900332,0,0,0
121900333,0,0,0
121900334,0,0,0
122000001,296,790,-494
122000002,409,293,116
122000003,370,699,-329
122000004,280,449,-169
122000005,1064,2527,-1463
122000006,215,745,-530
122000007,189,825,-636
122000008,599,1162,-563
122000009,171,215,-44
122000010,1569,1420,149
122000011,400,488,-88
122000012,180,469,-289
122000013,294,807,-513
122000014,491,890,-399
122000015,441,537,-96
122000016,119,439,-320
122000017,312,766,-454
122000018,417,717,-300
122000019,266,726,-460
122000020,43,81,-38
122000021,37,119,-82
122000022,156,118,38
122000023,66,100,-34
122000024,358,494,-136
122000025,158,497,-339
122000026,416,407,9
122000027,108,315,-207
122000028,242,327,-85
122000029,88,106,-18
122000030,67,3,64
122000031,18,609,-591
122000032,205,316,-111
122000033,111,180,-69
122000034,23,89,-66
122000035,14,83,-69
122000036,113,116,-3
122000037,31,104,-73
122000038,62,177,-115
122000039,94,45,49
122000040,40,37,3
122000041,324,1083,-759
122000042,280,662,-382
122000043,60,179,-119
122000044,41,172,-131
122000045,223,119,104
122000046,378,237,141
122000047,11,8,3
122000048,873,2144,-1271
122000049,1817,1191,626
122000050,188,386,-198
122000051,152,646,-494
122000052,107,481,-374
122000053,99,1410,-1311
122000054,440,725,-285
122000055,2326,2523,-197
122000056,931,1065,-134
122000057,1053,1305,-252
122000058,419,570,-151
122000059,554,939,-385
122000060,26,106,-80
122000061,28,92,-64
122000062,237,34,203
122000063,60,364,-304
122000064,1633,2201,-568
122000065,1157,991,166
122000066,198,197,1
122000067,595,1785,-1190
122000068,221,1686,-1465
122000069,130,209,-79
122000070,697,511,186
122000071,220,414,-194
122000072,6,86,-80
122000073,13,114,-101
122000074,390,684,-294
122000075,191,644,-453
122000076,261,299,-38
122000077,135,342,-207
122000078,465,426,39
122000079,93,458,-365
122000080,63,305,-242
122000081,0,140,-140
122000082,128,279,-151
122000083,189,268,-79
122000084,77,89,-12
122000085,15,142,-127
122000086,683,2706,-2023
122000087,269,194,75
122000088,68,17,51
122000089,840,746,94
122000090,126,194,-68
122000091,30,57,-27
122000092,3,9,-6
122000093,950,2235,-1285
122000094,1535,1413,122
122000095,598,1637,-1039
122000096,113,995,-882
122000098,1380,3134,-1754
122000099,174,384,-210
122000100,118,79,39
122000101,33,87,-54
122000102,46,194,-148
122000103,62,124,-62
122000104,35,107,-72
122000105,51,105,-54
122000106,115,130,-15
122000107,150,273,-123
122000108,10,20,-10
122000109,110,187,-77
122000110,67,105,-38
122000111,408,224,184
122000112,118,162,-44
122000113,109,130,-21
122000114,411,1869,-1458
122000115,609,1556,-947
122000116,59,235,-176
122000117,43,50,-7
122000118,188,38,150
122000119,175,156,19
122000120,85,186,-101
122000121,271,491,-220
122000122,89,354,-265
122000123,222,428,-206
122000124,102,260,-158
122000125,50,169,-119
122000126,24,204,-180
122000127,56,185,-129
122000128,136,71,65
122000129,39,157,-118
122000130,367,340,27
122000131,89,73,16
122000132,12,15,-3
122000133,64,53,11
122000134,121,208,-87
122000135,185,123,62
122000136,75,169,-94
122000137,264,297,-33
122000139,108,515,-407
122000140,81,400,-319
122000141,290,302,-12
122000142,75,391,-316
122000143,45,88,-43
122000144,207,68,139
122000145,94,77,17
122000146,114,308,-194
122000147,136,170,-34
122000148,182,136,46
122000149,279,98,181
122000150,199,120,79
122000151,0,0,0
122000152,10,1,9
122000153,63,106,-43
122000154,54,58,-4
122000155,311,260,51
122000156,1089,1675,-586
122000157,286,830,-544
122000158,48,96,-48
122000159,187,263,-76
122000160,392,289,103
122000161,236,194,42
122000162,218,243,-25
122000163,35,8,27
122000164,2,11,-9
122000165,89,541,-452
122000166,165,217,-52
122000167,2,5,-3
122000168,49,761,-712
122000169,44,31,13
122000170,47,266,-219
122000171,0,0,0
122000172,297,774,-477
122000173,232,861,-629
122000174,501,1166,-665
122000175,136,25,111
122000176,194,922,-728
122000177,696,1756,-1060
122000178,647,396,251
122000179,249,1278,-1029
122000180,390,1367,-977
122000181,414,1586,-1172
122000182,238,233,5
122000183,119,58,61
122000184,1037,1085,-48
122000185,310,706,-396
122000186,171,343,-172
122000187,469,220,249
122000188,0,0,0
122000189,79,85,-6
122000190,287,304,-17
122000191,90,139,-49
122000192,98,31,67
122000193,98,340,-242
122000194,95,46,49
122000195,22,343,-321
122000196,62,100,-38
122000197,41,41,0
122000198,63,379,-316
122000199,64,74,-10
122000200,230,164,66
122000201,656,743,-87
122000202,143,648,-505
122000203,314,259,55
122000204,404,465,-61
122000205,129,269,-140
122000206,412,656,-244
122000207,313,721,-408
122000208,638,392,246
122000209,374,71,303
122000210,184,302,-118
122000211,58,246,-188
122000212,119,163,-44
122000213,130,261,-131
122000214,405,796,-391
122000215,1239,660,579
122000217,292,319,-27
122000218,117,110,7
122000219,141,170,-29
122000220,32,338,-306
122000221,46,296,-250
122000222,42,40,2
122000223,71,160,-89
122000225,144,94,50
122000226,34,268,-234
122000227,31,142,-111
122000228,28,100,-72
122000229,3,185,-182
122000230,0,125,-125
122000231,19,114,-95
122000232,54,81,-27
122000233,0,24,-24
122000234,160,55,105
122000235,123,27,96
122000236,305,9,296
122000237,12,1,11
122000238,60,134,-74
122000239,82,15,67
122000240,220,65,155
122000241,239,35,204
122000242,85,8,77
122000243,19,1,18
122000244,32,61,-29
122000245,6,1,5
122000246,118,176,-58
122000247,140,27,113
122000248,90,121,-31
122000249,227,205,22
122000250,144,152,-8
122000251,0,0,0
122000252,13,4,9
122000253,0,0,0
122000254,60,22,38
122000255,52,211,-159
122000256,2,14,-12
122000257,0,5,-5
122000258,69,142,-73
122000259,10,140,-130
122000260,2,20,-18
122000261,5,55,-50
122000262,0,4,-4
122000263,35,4,31
122000264,426,58,368
122000265,463,100,363
122000266,765,59,706
122000267,1,34,-33
122000268,66,7,59
122000269,53,53,0
122000270,33,16,17
122000271,0,1,-1
122000272,0,0,0
122000273,20,0,20
122000274,2,2,0
122000275,1,10,-9
122000276,137,224,-87
122000277,266,431,-165
122000278,277,71,206
122000279,80,44,36
122000280,144,21,123
122000281,87,91,-4
122000282,11,272,-261
122000283,5,16,-11
122000284,3,12,-9
122000285,0,0,0
122000286,0,0,0
122000287,812,321,491
122000288,76,25,51
122000291,892,297,595
122000293,29,76,-47
122000294,30,172,-142
122000295,285,45,240
122000296,50,315,-265
122000297,658,1988,-1330
122000299,205,103,102
122000300,54,59,-5
122000301,430,1238,-808
122000302,189,852,-663
122000303,362,69,293
122000304,1,62,-61
122000305,632,105,527
122000306,18,156,-138
122000307,16,9,7
122000309,0,0,0
122000310,0,24,-24
122000311,4,50,-46
122000312,25,86,-61
122000313,11,67,-56
122000314,77,210,-133
122000315,65,1,64
122000316,336,94,242
122000317,437,89,348
122000318,220,526,-306
122000319,17,143,-126
122000320,3,70,-67
122000321,12,71,-59
122000322,483,393,90
122000323,198,274,-76
122000324,337,872,-535
122000325,182,332,-150
122000326,4,1,3
122000327,57,222,-165
122000328,59,152,-93
122000330,233,554,-321
122000332,15,104,-89
122000333,5,9,-4
122000337,168,100,68
122000338,59,54,5
122000340,13,108,-95
122000342,110,265,-155
122000343,39,61,-22
122000344,23,0,23
122000345,35,15,20
122000346,32,3,29
122000348,171,242,-71
122000349,2,52,-50
122000351,94,13,81
122000352,18,7,11
122000353,0,0,0
122000355,40,441,-401
122000356,38,104,-66
122000357,19,7,12
122000358,0,0,0
122000359,0,0,0
122000360,0,0,0
122000362,0,3,-3
122000364,31,28,3
122000365,0,16,-16
122000366,4,0,4
122000368,33,57,-24
122000370,0,0,0
122000371,0,0,0
122000372,0,0,0
122000381,29,81,-52
122000382,1,12,-11
122000384,226,391,-165
122000385,28,0,28
122000386,10,530,-520
122000387,108,137,-29
122000388,110,353,-243
122000389,43,29,14
122000390,40,183,-143
122000391,3,141,-138
122000392,11,16,-5
122000393,1,30,-29
122000394,52,15,37
122000395,24,18,6
122000396,51,8,43
122000397,0,0,0
122000398,14,137,-123
122000399,31,4,27
122000400,14,80,-66
122000401,24,4,20
122000402,54,36,18
122000403,16,26,-10
122000404,126,40,86
122000408,175,331,-156
122000503,0,30,-30
122000524,0,0,0
122000544,12,55,-43
122000616,0,0,0
122000640,7,76,-69
122000641,29,72,-43
122000642,219,107,112
122000643,10,190,-180
122000644,0,0,0
122000645,4,19,-15
122000651,188,568,-380
122000664,46,20,26
122000665,106,150,-44
122000666,91,205,-114
122000673,3,40,-37
122000674,103,60,43
122000675,859,385,474
122000686,91,82,9
122000687,483,55,428
122000688,169,95,74
122000689,287,32,255
122000690,1053,45,1008
122000691,376,156,220
122000692,221,8,213
122000693,106,138,-32
122000695,57,23,34
122000696,191,27,164
122000698,22,11,11
122000699,136,56,80
122000701,288,91,197
122000702,90,257,-167
122000703,7,29,-22
122000712,0,0,0
122000717,0,72,-72
122000718,23,633,-610
122000719,8,19,-11
122000720,244,23,221
122000724,55,3,52
122900001,0,0,0
122900002,23,381,-358
122900003,22,0,22
122900004,0,0,0
122900005,0,0,0
122900006,0,0,0
122900007,0,0,0
122900008,0,0,0
122900009,0,0,0
122900010,10,11,-1
122900012,2,30,-28
122900014,0,0,0
122900015,114,47,67
122900016,0,0,0
122900017,0,1,-1
122900018,0,0,0
122900019,0,0,0
122900020,0,0,0
122900021,0,0,0
122900022,0,0,0
122900023,0,0,0
122900024,0,0,0
122900025,0,0,0
122900026,0,0,0
122900027,0,62,-62
122900028,0,0,0
122900029,1,2,-1
122900030,0,0,0
122900031,0,33,-33
122900032,0,0,0
122900033,1,37,-36
122900034,39,67,-28
122900035,20,6,14
122900036,0,0,0
122900037,0,0,0
122900038,13,74,-61
122900039,1,16,-15
122900040,2,21,-19
122900041,6,42,-36
122900042,13,28,-15
122900043,19,41,-22
122900044,4,31,-27
122900045,0,29,-29
122900046,0,14,-14
122900047,0,1,-1
122900048,0,0,0
122900049,0,0,0
122900051,1,2,-1
122900052,44,0,44
122900053,1,3,-2
122900055,2,0,2
122900057,7,0,7
122900061,0,0,0
122900062,0,0,0
122900063,0,0,0
122900064,0,0,0
122900065,0,0,0
122900066,0,0,0
122900067,1,0,1
122900068,0,0,0
122900069,0,0,0
122900070,112,4,108
122900071,0,0,0
122900072,7,0,7
122900073,0,0,0
122900074,360,1,359
122900075,0,0,0
122900076,0,0,0
122900077,3,0,3
122900078,155,0,155
122900080,0,0,0
122900081,8,0,8
122900082,303,4,299
122900083,0,0,0
122900084,0,0,0
122900086,0,0,0
122900087,33,0,33
122900088,0,1,-1
122900089,0,0,0
122900090,1,0,1
122900091,0,0,0
122900092,0,0,0
122900093,0,0,0
122900094,0,0,0
122900095,0,0,0
122900096,27,0,27
122900097,0,0,0
122900098,0,0,0
122900099,0,0,0
122900100,0,0,0
122900101,0,0,0
122900102,0,0,0
122900103,0,0,0
122900104,0,0,0
122900105,0,0,0
122900106,0,0,0
122900107,0,0,0
122900108,0,0,0
123000001,461,142,319
123000002,519,2116,-1597
123000003,1040,1091,-51
123000004,949,1095,-146
123000005,1100,816,284
123000006,678,966,-288
123000007,1062,765,297
123000008,353,406,-53
123000009,1585,1705,-120
123000010,422,399,23
123000011,799,798,1
123000012,4,116,-112
123000013,915,339,576
123000014,5,250,-245
123000015,986,424,562
123000016,57,311,-254
123000017,3765,1885,1880
123000018,108,76,32
123000019,203,3,200
123000020,64,4,60
123000021,99,68,31
123000022,649,158,491
123000023,1319,1071,248
123000024,624,346,278
123000025,23,93,-70
123000026,4,105,-101
123000027,2,199,-197
123000028,98,2017,-1919
123000029,11,334,-323
123000030,13,37,-24
123000031,268,53,215
123000032,429,125,304
123000033,35,43,-8
123000034,504,459,45
123000035,84,292,-208
123000036,72,547,-475
123000037,16,33,-17
123000038,11,145,-134
123000039,386,919,-533
123000040,22,26,-4
123000041,176,624,-448
123000042,22,91,-69
123000043,694,3406,-2712
123000044,708,487,221
123000045,259,174,85
123000046,101,416,-315
123000047,207,89,118
123000048,5,774,-769
123000049,2843,2724,119
123000050,444,454,-10
123000051,4,38,-34
123000052,269,597,-328
123000053,976,958,18
123000054,374,1149,-775
123000055,1201,2020,-819
123000056,113,363,-250
123000057,519,817,-298
123000058,86,253,-167
123000059,32,93,-61
123000060,225,95,130
123000061,20,119,-99
123000063,174,204,-30
123000064,225,44,181
123000065,429,633,-204
123000066,104,132,-28
123000067,241,160,81
123000068,484,417,67
123000069,1244,299,945
123000070,99,61,38
123000071,509,198,311
123000072,89,37,52
123000073,516,312,204
123000074,186,26,160
123000075,172,416,-244
123000076,67,136,-69
123000077,497,234,263
123000078,791,490,301
123000079,953,459,494
123000080,432,91,341
123000081,26,13,13
123000082,45,130,-85
123000083,205,59,146
123000084,207,28,179
123000085,144,29,115
123000086,180,70,110
123000087,67,92,-25
123000088,449,96,353
123000089,429,259,170
123000090,0,0,0
123000091,383,329,54
123000092,0,0,0
123000094,149,9,140
123000095,216,146,70
123000096,316,52,264
123000097,229,77,152
123000098,232,72,160
123000099,175,115,60
123000100,59,458,-399
123000101,145,76,69
123000102,390,589,-199
123000104,114,89,25
123000105,10,15,-5
123000106,138,85,53
123000107,0,7,-7
123000108,239,32,207
123000111,193,45,148
123000112,215,98,117
123000113,188,63,125
123000114,69,165,-96
123000115,40,109,-69
123000116,1,30,-29
123000117,519,419,100
123000118,150,106,44
123000119,62,141,-79
123000120,108,129,-21
123000121,213,201,12
123000122,0,0,0
123000123,370,157,213
123000124,0,0,0
123000125,346,489,-143
123000126,464,1255,-791
123000127,86,143,-57
123000128,0,0,0
123000129,360,26,334
123000130,330,15,315
123000131,449,183,266
123000132,0,0,0
123000133,0,0,0
123000134,53,29,24
123000135,417,183,234
123000136,0,0,0
123000137,1,0,1
123000138,0,0,0
123000139,208,19,189
123000140,0,0,0
123000141,120,60,60
123000142,179,46,133
123000143,61,163,-102
123000144,0,4,-4
123000145,23,229,-206
123000146,2,58,-56
123000147,4,27,-23
123000149,53,111,-58
123000150,14,16,-2
123000151,27,233,-206
123000152,1,20,-19
123000153,10,359,-349
123000154,191,548,-357
123000155,200,419,-219
123000156,2,5,-3
123000157,58,146,-88
123000158,204,241,-37
123000159,442,1340,-898
123000160,228,460,-232
123000161,387,146,241
123000162,572,532,40
123000163,323,57,266
123000164,936,18,918
123000165,39,188,-149
123000166,1,7,-6
123000167,70,13,57
123000168,78,23,55
123000169,367,43,324
123000170,16,0,16
123000171,341,1,340
123000172,8,20,-12
123000173,208,69,139
123000174,208,91,117
123000175,46,35,11
123000176,349,60,289
123000177,57,49,8
123000178,270,80,190
123000179,2,45,-43
123000180,655,114,541
123000181,78,180,-102
123000182,138,73,65
123000183,63,69,-6
123000184,15,10,5
123000185,334,267,67
123000186,0,0,0
123000187,258,5,253
123000188,141,1,140
123000189,129,79,50
123000190,51,45,6
123000192,0,65,-65
123000193,13,137,-124
123000194,42,30,12
123000195,148,1,147
123000196,256,1,255
123000197,33,8,25
123000198,0,119,-119
123000199,0,46,-46
123000200,472,7,465
123000201,600,13,587
123000202,0,51,-51
123000203,670,12,658
123000204,0,90,-90
123000205,19,125,-106
123000206,1541,133,1408
123000207,17,115,-98
123000208,237,51,186
123000209,789,123,666
123000210,18,158,-140
123000211,70,286,-216
123000212,1974,143,1831
123000213,210,10,200
123000215,63,131,-68
123000216,27,277,-250
123000217,108,16,92
123000218,6,10,-4
123000219,159,66,93
123000220,225,27,198
123000221,18,15,3
123000222,133,104,29
123000223,230,80,150
123000224,153,67,86
123000225,126,4,122
123000226,65,7,58
123000227,28,4,24
123000228,119,7,112
123000229,111,79,32
123000232,1,19,-18
123000233,310,54,256
123000234,9,9,0
123000235,235,146,89
123000236,24,62,-38
123000237,242,15,227
123000238,3,5,-2
123000239,87,73,14
123000240,46,192,-146
123000241,72,63,9
123000242,16,42,-26
123000243,46,106,-60
123000244,100,59,41
123000245,0,0,0
123000249,0,0,0
123000252,319,91,228
123000253,452,241,211
123000254,119,131,-12
123000255,128,251,-123
123000256,0,0,0
123000257,292,237,55
123000258,218,119,99
123000259,166,168,-2
123000260,251,132,119
123000261,88,29,59
123000262,4,10,-6
123000263,175,38,137
123000264,115,20,95
123000265,2,6,-4
123000266,111,126,-15
123000267,129,147,-18
123000268,13,15,-2
123000269,27,88,-61
123000270,28,61,-33
123000271,2,9,-7
123000272,327,84,243
123000273,69,487,-418
123000274,433,217,216
123000275,26,108,-82
123000278,223,690,-467
123000279,49,33,16
123000280,156,66,90
123000281,57,65,-8
123000282,40,208,-168
123000283,87,33,54
123000284,15,21,-6
123000286,60,271,-211
123000287,54,130,-76
123000288,305,447,-142
123000289,85,407,-322
123000291,24,14,10
123000294,58,265,-207
123000295,254,945,-691
123000296,500,804,-304
123000297,106,82,24
123000298,155,49,106
123000299,52,187,-135
123000300,378,151,227
123000301,44,58,-14
123000302,163,49,114
123000303,9,478,-469
123000305,91,363,-272
123000306,34,8,26
123000309,11,23,-12
123000310,30,5,25
123000311,0,0,0
123000312,71,150,-79
123000313,192,110,82
123000315,305,57,248
123000316,377,3,374
123000317,99,23,76
123000318,3,78,-75
123000329,1,0,1
123000337,125,159,-34
123000338,201,233,-32
123000339,50,8,42
123000340,17,56,-39
123000342,0,19,-19
123000343,17,1,16
123000344,173,107,66
123000345,108,91,17
123000346,383,33,350
123000352,92,124,-32
123000353,18,12,6
123000354,569,3,566
123000355,0,94,-94
123000356,103,0,103
123000357,0,10,-10
123000359,0,6,-6
123000360,101,139,-38
123000361,87,8,79
123000362,113,18,95
123000363,33,0,33
123000364,90,80,10
123000365,0,13,-13
123000366,56,409,-353
123000367,35,187,-152
123000370,2,2,0
123000371,171,11,160
123000372,48,4,44
123000373,0,1,-1
123000374,0,0,0
123000375,274,28,246
123000376,365,373,-8
123000377,267,5,262
123000378,7,19,-12
123000379,0,32,-32
123000380,0,0,0
123000381,3,40,-37
123000382,165,50,115
123000383,0,0,0
123000384,153,15,138
123000385,0,0,0
123000436,7,314,-307
123000507,17,100,-83
123000508,125,797,-672
123000517,23,3,20
123000518,24,70,-46
123000519,7,6,1
123000520,14,87,-73
123000521,51,17,34
123000522,58,99,-41
123000541,22,8,14
123000542,0,0,0
123000565,272,5,267
123000566,131,29,102
123000567,15,32,-17
123000573,0,0,0
123000574,239,15,224
123000575,579,12,567
123000576,172,26,146
123000577,1,24,-23
123000578,129,27,102
123000579,642,1707,-1065
123000580,53,33,20
123000582,163,3,160
123000583,20,2,18
123000584,79,46,33
123000585,0,0,0
123000586,29,0,29
123000596,46,23,23
123000597,154,118,36
123000602,36,8,28
123000603,418,68,350
123000604,186,55,131
123000605,190,64,126
123000606,0,0,0
123000609,2,42,-40
123000610,12,74,-62
123000613,0,0,0
123000614,114,6,108
123000615,0,0,0
123000616,234,24,210
123000617,0,0,0
123000618,0,0,0
123000619,82,3,79
123000620,0,0,0
123000622,112,4,108
123000624,51,7,44
123000630,973,205,768
123000631,94,111,-17
123000632,228,61,167
123000633,0,94,-94
123000634,8,64,-56
123000635,0,0,0
123000636,22,93,-71
123000637,17,5,12
123000638,152,70,82
123000639,336,1355,-1019
123000640,9,0,9
123000648,98,21,77
123000649,3,26,-23
123900001,0,0,0
123900002,0,0,0
123900003,0,0,0
123900005,0,0,0
123900006,2,0,2
124000001,594,101,493
124000002,4,306,-302
124000003,399,111,288
124000004,1,93,-92
124000005,535,317,218
124000006,3,67,-64
124000007,34,39,-5
124000008,0,28,-28
124000009,440,70,370
124000010,18,32,-14
124000011,286,85,201
124000012,8,25,-17
124000017,57,62,-5
124000018,0,0,0
124000019,92,29,63
124000020,0,0,0
124000021,54,45,9
124000022,0,0,0
124000023,415,777,-362
124000024,244,87,157
124000025,340,646,-306
124000026,463,698,-235
124000027,2435,1090,1345
124000028,146,2254,-2108
124000030,498,76,422
124000031,421,2270,-1849
124000032,0,35,-35
124000033,289,242,47
124000034,54,70,-16
124000035,127,124,3
124000036,4,37,-33
124000037,89,280,-191
124000038,0,9,-9
124000039,84,21,63
124000040,73,84,-11
124000041,236,9,227
124000042,1,17,-16
124000043,53,10,43
124000044,1,17,-16
124000045,441,82,359
124000046,0,0,0
124000047,517,95,422
124000048,0,0,0
124000049,798,98,700
124000050,0,0,0
124000051,649,90,559
124000052,0,0,0
124000053,403,735,-332
124000054,0,0,0
124000055,750,892,-142
124000056,13,2,11
124000057,667,228,439
124000058,6,10,-4
124000059,517,616,-99
124000060,142,29,113
124000061,609,1362,-753
124000062,170,62,108
124000063,283,61,222
124000064,233,60,173
124000065,0,0,0
124000066,21,20,1
124000067,5,18,-13
124000068,0,0,0
124000069,178,14,164
124000070,0,0,0
124000071,52,16,36
124000072,0,0,0
124000073,304,14,290
124000074,0,0,0
124000075,314,46,268
124000076,0,0,0
124000077,35,93,-58
124000078,351,294,57
124000079,3,70,-67
124000080,163,59,104
124000081,0,0,0
124000082,22,92,-70
124000083,0,0,0
124000084,3,196,-193
124000085,4,0,4
124000086,19,129,-110
124000087,29,65,-36
124000088,73,203,-130
124000089,247,8,239
124000090,4,17,-13
124000091,274,11,263
124000092,98,54,44
124000093,35,119,-84
124000094,36,179,-143
124000095,56,56,0
124000096,13,87,-74
124000097,97,2,95
124000098,100,30,70
124000099,98,3,95
124000100,3,39,-36
124000101,103,48,55
124000102,54,23,31
124000103,177,78,99
124000104,63,9,54
124000105,155,68,87
124000106,106,31,75
124000107,24,242,-218
124000108,34,9,25
124000109,70,22,48
124000110,58,10,48
124000111,97,20,77
124000112,176,115,61
124000113,75,45,30
124000114,81,118,-37
124000115,195,212,-17
124000116,47,38,9
124000117,27,42,-15
124000118,8,14,-6
124000119,226,139,87
124000120,202,85,117
124000121,572,157,415
124000122,47,140,-93
124000123,318,100,218
124000124,149,146,3
124000125,253,109,144
124000126,74,129,-55
124000127,699,63,636
124000128,180,88,92
124000129,823,480,343
124000130,127,20,107
124000131,262,207,55
124000132,182,40,142
124000133,452,196,256
124000134,215,253,-38
124000135,446,634,-188
124000136,70,153,-83
124000137,221,293,-72
124000138,48,145,-97
124000139,150,7,143
124000140,25,146,-121
124000141,34,13,21
124000142,2,34,-32
124000143,40,4,36
124000144,0,1,-1
124000145,47,8,39
124000146,3,3,0
124000148,7,3,4
124000149,247,86,161
124000150,71,53,18
124000151,229,195,34
124000152,53,94,-41
124000153,231,547,-316
124000154,42,131,-89
124000155,339,117,222
124000156,63,93,-30
124000169,40,121,-81
124000170,69,134,-65
124000171,72,101,-29
124000172,60,52,8
124000173,191,53,138
124000174,182,98,84
124000175,0,0,0
124000176,11,35,-24
124000177,0,0,0
124000178,2,74,-72
124000190,3,32,-29
124000191,11,47,-36
124000192,323,198,125
124000193,15,162,-147
124000194,46,21,25
124000195,230,221,9
124000196,173,58,115
124000197,57,31,26
124000198,87,18,69
124000201,1,0,1
124000202,269,33,236
124000203,66,0,66
124000204,521,13,508
124000205,57,1,56
124000206,700,162,538
124000207,0,0,0
124000209,141,2,139
124000210,504,91,413
124000211,482,3,479
124000212,0,0,0
124000213,94,1,93
124000214,194,10,184
124000215,297,16,281
124000216,0,0,0
124000329,1,93,-92
124000338,6,154,-148
124000339,621,13,608
124000341,557,5,552
124000344,67,38,29
124000357,614,903,-289
124000358,755,921,-166
124000359,743,225,518
124000360,410,281,129
124000361,997,525,472
124000362,209,236,-27
124000363,1,0,1
124000364,4,1,3
124000365,16,69,-53
124000366,20,149,-129
124000367,13,13,0
124000368,128,220,-92
124000369,27,34,-7
124000370,1,52,-51
124000402,1,7,-6
124000403,166,12,154
124000404,1,6,-5
124000405,587,150,437
124000406,108,112,-4
124000407,0,10,-10
124000411,2,53,-51
124000412,164,0,164
124000413,2,24,-22
124000414,105,27,78
124000415,155,15,140
124000416,109,77,32
124000417,164,62,102
124000418,171,29,142
124000419,69,34,35
124000420,86,28,58
124000421,72,12,60
124000422,1,10,-9
124000423,38,1,37
124000424,0,11,-11
124000425,29,7,22
124000426,0,6,-6
124000427,61,1,60
124000428,1,50,-49
124000429,63,19,44
124000430,66,92,-26
124000431,34,46,-12
124000432,104,239,-135
124000439,1,2,-1
124000443,0,0,0
124000445,11,342,-331
124000446,31,15,16
124900001,0,0,0
124900002,0,0,0
124900003,0,0,0
124900004,0,0,0
124900005,0,0,0
124900006,0,0,0
124900008,0,0,0
124900009,0,0,0
124900010,0,0,0
124900011,0,0,0
124900012,0,0,0
124900013,0,0,0
124900014,0,0,0
124900015,9,30,-21
124900016,27,13,14
124900017,3,24,-21
124900018,0,0,0
124900020,29,1,28
124900021,76,10,66
124900022,4,0,4
124900024,93,0,93
124900026,4,0,4
124900027,0,0,0
124900028,0,0,0
124900029,0,0,0
124900030,0,0,0
124900031,0,0,0
124900032,0,0,0
124900033,0,0,0
124900034,0,0,0
124900035,0,0,0
124900036,0,0,0
124900037,0,0,0
124900038,0,0,0
124900039,0,0,0
124900040,0,0,0
124900041,0,0,0
124900042,0,0,0
124900043,0,0,0
124900044,0,0,0
124900045,0,0,0
124900046,0,0,0
124900047,0,0,0
124900048,0,0,0
124900050,0,0,0
124900052,0,0,0
124900053,0,0,0
124900054,0,0,0
124900055,0,0,0
124900057,0,0,0
124900060,0,0,0
124900061,3,0,3
124900062,9,0,9
124900066,0,0,0
124900067,0,0,0
124900068,0,0,0
124900070,0,0,0
124900072,0,0,0
124900075,0,0,0
124900076,0,0,0
124900077,0,0,0
124900078,0,0,0
124900079,0,0,0
124900080,0,0,0
124900081,0,0,0
124900082,0,0,0
124900083,0,0,0
124900085,0,0,0
124900086,0,0,0
124900087,0,0,0
124900088,0,0,0
124900089,0,0,0
124900090,16,4,12
124900091,0,0,0
124900092,0,0,0
124900093,16,14,2
124900094,64,11,53
124900095,10,23,-13
124900096,37,5,32
124900097,35,3,32
124900098,0,0,0
124900099,0,0,0
124900100,50,0,50
124900101,14,0,14
124900102,81,2,79
124900103,0,0,0
124900104,0,0,0
124900105,0,0,0
124900106,30,0,30
124900107,4,4,0
124900108,0,0,0
124900111,0,0,0
124900112,0,0,0
124900113,0,0,0
124900114,0,0,0
124900115,0,0,0
124900116,38,31,7
124900117,0,0,0
124900118,3,104,-101
124900119,0,0,0
124900120,0,0,0
124900121,0,0,0
124900122,0,0,0
124900123,0,0,0
124900124,0,0,0
204000001,86,7,79
204000002,5,3,2
204000003,3,2,1
204000004,13,0,13
204000005,356,404,-48
204000006,806,1305,-499
204000011,0,0,0
204000012,0,0,0
204000019,894,249,645
204000020,389,274,115
204000021,400,320,80
204000022,696,247,449
204000023,0,0,0
204000031,20,8,12
204000032,153,4,149
204000034,0,0,0
204000035,0,0,0
204000036,0,0,0
204000037,0,0,0
204000038,0,0,0
204000039,0,0,0
204000040,0,0,0
204000041,0,0,0
204000042,9,7,2
204000043,15,9,6
204000044,36,1,35
204000045,27,7,20
204000046,0,0,0
204000057,0,0,0
204000062,0,0,0
204000068,0,0,0
204000069,0,0,0
204000070,56,60,-4
204000080,0,0,0
204000085,0,0,0
204000086,0,0,0
204000087,13,16,-3
204000088,0,0,0
204000090,0,0,0
204000093,715,18,697
204000096,705,259,446
204000097,153,4,149
204000099,977,1359,-382
204000100,1030,606,424
204000105,0,0,0
204000110,0,0,0
204000111,0,0,0
204000112,0,0,0
204000113,0,0,0
204000114,375,590,-215
204000115,274,161,113
204000116,117,220,-103
204000119,1311,470,841
204000132,455,240,215
204000133,681,58,623
204000134,141,34,107
204000135,478,37,441
204000136,309,122,187
204000138,98,396,-298
204000140,116,148,-32
204000141,175,27,148
204000144,1,11,-10
204000145,101,6,95
204000146,0,0,0
204000147,0,0,0
204000148,86,2,84
204000154,6,0,6
204000155,0,0,0
204000177,74,7,67
204000179,15,4,11
204000180,0,0,0
204000222,0,0,0
204000235,0,0,0
204000236,11,16,-5
204000238,15,3,12
204000240,80,0,80
204000263,0,0,0
204000268,494,186,308
204000308,11,8,3
204000317,0,0,0
204000322,0,0,0
204000323,1,0,1
204000328,235,18,217
204000329,0,0,0
204000330,85,9,76
204000331,0,0,0
204010341,5,53,-48
205000001,0,0,0
205000013,0,0,0
205000014,0,0,0
205000015,0,0,0
205000016,0,0,0
205000017,0,0,0
205000022,0,0,0
205000025,0,0,0
205000029,120,34,86
205000045,0,0,0
205000046,0,0,0
205000047,0,0,0
205000048,0,0,0
205000049,0,0,0
205000050,0,0,0
205000059,0,0,0
205000060,0,0,0
205000061,0,0,0
205000062,0,0,0
205000063,0,0,0
205000064,0,0,0
205000065,0,0,0
205000066,0,0,0
205000067,0,0,0
205000069,73,55,18
205000082,100,96,4
205000110,0,0,0
205000111,0,0,0
205000112,67,147,-80
205000113,0,0,0
205000121,96,19,77
205000123,0,0,0
205000126,547,79,468
205000127,713,62,651
205000128,394,23,371
205000129,487,52,435
205000130,380,19,361
205000131,23,2,21
205000132,34,2,32
205000133,14,0,14
205000134,126,0,126
205000137,0,0,0
205000138,0,0,0
205000139,0,0,0
205000144,27,35,-8
205000145,144,39,105
205000151,36,29,7
205000152,38,14,24
205000153,115,16,99
205000154,42,30,12
205000155,78,4,74
205000207,0,0,0
205000233,5,0,5
205000234,0,0,0
205000243,0,0,0
205000244,0,0,0
205000245,0,0,0
205000249,0,0,0
205000250,0,1,-1
205000264,0,0,0
206000027,1,13,-12
206000028,2,1,1
206000043,2,45,-43
206000053,0,0,0
206000054,0,0,0
206000055,0,0,0
206000075,1,28,-27
206000076,19,1,18
206000077,16,0,16
206000078,3,1,2
206000079,8,2,6
206000082,127,59,68
206000100,0,162,-162
206000103,0,0,0
206000104,0,0,0
206000105,0,0,0
206000106,0,0,0
206000108,311,103,208
206000125,120,0,120
206000157,0,0,0
206000170,0,0,0
206000171,0,29,-29
206000172,0,22,-22
206000173,0,8,-8
206000174,3,5,-2
206000175,0,8,-8
206000176,0,6,-6
206000177,0,1,-1
206000178,0,10,-10
206000179,0,15,-15
206000180,2,27,-25
206000181,0,20,-20
206000182,10,33,-23
206000183,16,73,-57
206000184,0,1,-1
206000185,0,3,-3
206000186,0,19,-19
206000223,0,2,-2
206000226,22,2,20
206000227,1,1,0
206000237,0,3,-3
206000238,0,9,-9
206000239,3,111,-108
206000240,0,0,0
206000241,1,87,-86
206000242,0,2,-2
206000243,0,0,0
206000244,0,0,0
206000245,602,20,582
206000246,170,27,143
206000247,209,11,198
206000248,231,23,208
206000252,6,33,-27
206000258,0,0,0
206000315,26,2,24
206000317,346,88,258
206000318,164,28,136
206000319,788,28,760
206000320,289,9,280
206000321,226,5,221
206000322,280,7,273
206000323,122,14,108
206000324,178,12,166
206000325,90,4,86
206000326,91,19,72
206000327,2,72,-70
206000328,84,2,82
206000329,241,1,240
206000330,59,2,57
206000331,219,1,218
206000332,29,0,29
206000333,572,2,570
206000334,232,2,230
206000335,0,0,0
206000361,0,0,0
206000392,0,0,0
206000405,94,1,93
206000441,26,70,-44
206000498,14,1,13
206000515,52,20,32
206000530,121,79,42
206000531,138,138,0
206000532,320,93,227
206000535,7,175,-168
206000536,0,33,-33
206000537,1,14,-13
206000613,536,67,469
207000001,0,0,0
207000002,0,0,0
207000003,0,0,0
207000007,926,192,734
207000008,125,5,120
207000009,40,6,34
207000010,49,191,-142
207000012,306,83,223
207000015,41,207,-166
207000019,165,37,128
207000021,254,135,119
207000022,133,52,81
207000023,126,13,113
207000024,2,5,-3
207000025,9,14,-5
207000026,0,0,0
207000027,0,0,0
207000028,0,0,0
207000029,0,0,0
207000033,154,220,-66
207000034,95,53,42
207000039,481,34,447
207000040,301,21,280
207000041,103,13,90
207000042,261,6,255
207000043,158,136,22
207000051,0,0,0
207000052,0,0,0
207000053,0,0,0
207000054,0,0,0
207000055,0,0,0
207000056,0,0,0
207000057,0,0,0
207000058,0,0,0
207000059,0,0,0
207000060,0,0,0
207000061,49,1031,-982
207000062,325,36,289
207000063,292,49,243
207000064,224,23,201
207000065,179,58,121
207000066,197,82,115
207000067,83,19,64
207000068,142,16,126
207000069,423,160,263
207000082,3,151,-148
207000083,22,177,-155
207000084,290,96,194
207000085,223,39,184
207000086,289,8,281
207000106,51,12,39
207000107,153,6,147
207000108,73,12,61
207000109,52,13,39
207000110,56,4,52
207000111,73,31,42
207000112,105,188,-83
207000114,0,0,0
207000115,0,0,0
207000116,0,0,0
207000117,0,0,0
207000118,0,0,0
207000119,0,0,0
207000123,141,2,139
207000124,83,27,56
207000125,34,2,32
207000126,52,4,48
207000134,141,70,71
207000135,18,309,-291
207000148,67,147,-80
207000149,0,0,0
207000152,0,0,0
207000153,0,0,0
207000154,206,74,132
207000159,0,0,0
207000160,0,0,0
207000238,0,0,0
207000242,0,0,0
207000248,0,0,0
207000249,0,0,0
207000250,0,0,0
207000251,0,0,0
207000252,0,0,0
207000278,124,100,24
207000279,0,0,0
207000280,700,41,659
207000281,44,130,-86
207000282,11,177,-166
207000283,0,10,-10
207000284,12,315,-303
207000285,3,35,-32
207000291,0,0,0
207000304,49,10,39
207000306,0,0,0
207000310,87,51,36
207000353,55,1,54
207000356,0,0,0
207000357,0,66,-66
207000358,0,9,-9
207000415,0,0,0
207000417,9,0,9
207000418,42,37,5
207000438,0,0,0
207000439,266,145,121
207000446,65,2,63
207000460,50,3,47
207000466,0,0,0
207000467,175,36,139
207000468,0,0,0
207000476,8,13,-5
207000477,197,18,179
207000478,0,0,0
207000523,0,0,0
207000524,22,0,22
207000527,119,43,76
207000530,184,1,183
207000531,133,1,132
207000532,3,8,-5
207000534,83,68,15
207000535,0,0,0
207000537,0,0,0
207000540,0,0,0
207000541,0,0,0
207000548,0,0,0
207000549,71,5,66
207000561,132,39,93
207000562,0,0,0
207000567,0,0,0
207000568,42,7,35
207000569,220,22,198
207000584,0,0,0
207000585,1,19,-18
207000587,77,2,75
207000616,0,0,0
207000617,105,0,105
207000624,0,3,-3
207000631,0,13,-13
207900008,329,87,242
208000001,350,442,-92
208000002,368,367,1
208000003,569,374,195
208000004,353,248,105
208000005,0,0,0
208000019,432,184,248
208000020,211,132,79
208000021,9,63,-54
208000022,161,42,119
208000028,37,554,-517
208000033,69,19,50
208000034,73,233,-160
208000037,98,2,96
208000040,81,29,52
208000041,109,194,-85
208000042,355,268,87
208000047,0,0,0
208000064,797,872,-75
208000066,498,1245,-747
208000070,180,262,-82
208000071,353,140,213
208000072,461,333,128
208000080,190,164,26
208000081,146,21,125
208000082,4,3,1
208000083,11,2,9
208000084,6,28,-22
208000085,27,3,24
208000086,23,13,10
208000087,28,97,-69
208000089,0,0,0
208000090,0,0,0
208000093,0,0,0
208000094,28,170,-142
208000095,253,68,185
208000104,1041,226,815
208000105,461,328,133
208000114,26,420,-394
208000115,222,278,-56
208000116,444,731,-287
208000117,1,58,-57
208000118,79,114,-35
208000155,41,99,-58
208000158,71,195,-124
208000186,615,1052,-437
208000204,39,86,-47
208000205,155,101,54
208000282,33,59,-26
209000004,160,39,121
209000005,19,24,-5
209000006,317,67,250
209000007,178,136,42
209000010,0,0,0
209000011,0,0,0
209000012,0,0,0
209000013,0,0,0
209000014,0,0,0
209000025,250,23,227
209000026,535,49,486
209000027,0,0,0
209000028,0,0,0
209000029,0,0,0
209000030,0,0,0
209000031,0,0,0
209000034,107,195,-88
209000035,227,200,27
209000036,417,43,374
209000037,379,134,245
209000038,223,42,181
209000039,139,60,79
209000040,173,35,138
209000041,78,30,48
209000042,77,65,12
209000043,151,54,97
209000044,187,116,71
209000045,431,95,336
209000046,351,121,230
209000047,295,44,251
209000048,950,221,729
209000049,0,0,0
209000050,0,0,0
209000051,0,0,0
209000052,0,0,0
209000062,0,0,0
209000063,0,0,0
209000064,0,0,0
209000065,201,34,167
209000066,74,33,41
209000067,191,35,156
209000080,0,0,0
209000082,20,18,2
209000091,0,0,0
209000093,0,0,0
209000094,0,0,0
209000110,13,70,-57
209000111,188,554,-366
209000112,571,112,459
209000113,598,189,409
209000114,268,220,48
209000115,0,0,0
209000116,0,0,0
209000118,2,70,-68
209000119,0,0,0
209000121,0,0,0
209000135,28,33,-5
209000142,443,368,75
209000143,0,0,0
209000144,19,106,-87
209000229,234,18,216
209000240,0,0,0
209000259,0,0,0
209000260,0,0,0
209000261,0,0,0
209000262,0,0,0
209000263,0,0,0
209000264,0,0,0
209000265,119,1,118
209000266,37,0,37
209000267,783,1,782
209000268,479,68,411
210000037,91,2,89
210000047,19,3,16
210000048,25,9,16
210000049,38,0,38
210000052,0,0,0
210000053,0,0,0
210000054,0,0,0
210000070,86,1,85
210000071,62,0,62
210000072,7,0,7
210000073,0,0,0
210000074,0,0,0
210000075,0,0,0
210000076,0,0,0
210000077,0,0,0
210000078,0,0,0
210000079,29,5,24
210000080,30,52,-22
210000081,40,2,38
210000082,0,1,-1
210000083,19,4,15
210000084,87,0,87
210000085,0,0,0
210000086,0,0,0
210000099,0,0,0
210000100,0,0,0
210000101,0,0,0
210000105,0,0,0
210000159,0,0,0
210000163,0,0,0
210000164,145,62,83
210000168,13,12,1
210000187,0,0,0
210000188,0,0,0
210000214,4,0,4
210000219,35,13,22
210000220,52,27,25
210000232,0,0,0
210000233,0,0,0
210000234,0,0,0
210000235,0,0,0
210000245,0,0,0
210000246,2,0,2
210000258,0,0,0
210000259,117,6,111
210000282,0,0,0
210000285,0,0,0
210000286,0,0,0
210000290,1,0,1
210000295,0,0,0
210000296,0,0,0
210000320,127,25,102
210000321,33,5,28
210000338,0,0,0
210000339,0,0,0
210000340,0,0,0
210000341,0,0,0
210000342,0,0,0
210000343,0,0,0
210000344,0,0,0
210000345,0,0,0
210000346,0,0,0
210000347,0,0,0
210000348,0,0,0
210000349,0,0,0
210000350,0,0,0
210000351,0,0,0
210000352,41,12,29
210000353,26,29,-3
210000354,38,22,16
210000355,10,28,-18
210000356,15,56,-41
210000357,97,102,-5
210000358,59,97,-38
210000359,62,74,-12
210000360,161,53,108
210000361,122,63,59
210000362,142,61,81
210000363,334,103,231
210000364,129,70,59
210000365,153,12,141
210000366,153,19,134
210000367,63,3,60
210000368,65,2,63
210000369,19,47,-28
210000370,52,11,41
210000372,1,6,-5
210000373,0,14,-14
210000374,25,15,10
210000375,32,17,15
210000376,41,46,-5
210000404,0,0,0
210000439,56,10,46
210000472,17,1,16
210000482,26,21,5
210000564,279,80,199
210000567,0,34,-34
210000568,99,0,99
211000092,30,7,23
211000094,11,2,9
211000169,50,1,49
211000172,3,74,-71
211000209,0,4,-4
211000226,23,18,5
211000270,5,2,3
211000275,3,15,-12
211000276,80,1,79
211000279,5,22,-17
211000281,14,8,6
211507980,0,8,-8
211977296,0,0,0
212000003,198,13,185
212000004,0,0,0
212000005,0,0,0
212000006,0,0,0
212000008,0,0,0
212000009,0,0,0
212000012,0,0,0
212000013,0,0,0
212000014,0,0,0
212000015,0,0,0
212000016,0,0,0
212000027,666,117,549
212000028,249,184,65
212000029,116,224,-108
212000030,50,36,14
212000031,16,25,-9
212000048,0,0,0
212000049,0,0,0
212000050,0,0,0
212000051,0,0,0
212000052,0,0,0
212000053,0,0,0
212000054,398,40,358
212000055,284,75,209
212000056,7,30,-23
212000057,2,34,-32
212000058,42,6,36
212000070,0,0,0
212000077,0,0,0
212000099,275,84,191
212000108,196,96,100
212000111,365,16,349
212000120,0,0,0
212000138,0,0,0
212000156,0,0,0
212000158,4,36,-32
212000159,630,29,601
212000160,711,122,589
212000161,182,92,90
212000310,0,0,0
212000311,17,57,-40
212000374,0,0,0
213000001,1,187,-186
213000005,180,8,172
213000006,297,59,238
213000007,49,3,46
213000009,106,133,-27
213000010,316,74,242
213000011,108,38,70
213000012,0,0,0
213000014,57,7,50
213000015,238,2,236
213000016,182,1,181
213000017,89,0,89
213000018,0,2,-2
213000019,0,15,-15
213000020,20,5,15
213000021,0,6,-6
213000023,479,139,340
213000033,37,151,-114
213000034,343,106,237
213000035,178,206,-28
213000045,17,103,-86
213000046,25,51,-26
213000047,75,601,-526
213000056,58,5,53
213000069,3,0,3
213000073,0,0,0
213000074,0,40,-40
213000075,302,3,299
213000076,1,0,1
213000085,0,0,0
213000086,0,0,0
213000091,135,1,134
213000092,7,2,5
213000099,1,188,-187
213000100,509,161,348
213000101,279,65,214
213000102,308,66,242
213000103,244,144,100
213000104,6,60,-54
213000105,0,30,-30
213000106,1,4,-3
213000107,52,7,45
213000108,11,17,-6
213000109,0,22,-22
213000110,3,21,-18
213000111,0,21,-21
213000112,6,62,-56
213000115,10,0,10
213000116,2,50,-48
213000117,1,72,-71
213000118,473,202,271
213000119,0,13,-13
213000120,0,6,-6
213000122,8,39,-31
213000123,3,127,-124
213000124,6,39,-33
213000125,117,42,75
213000126,3,17,-14
213000127,0,29,-29
213000128,11,110,-99
213000129,133,527,-394
213000130,520,447,73
213000132,314,148,166
213000133,600,54,546
213000134,688,8,680
213000136,410,14,396
213000137,359,27,332
213000139,108,4,104
213000147,41,0,41
213000148,11,0,11
213000149,1,0,1
213000150,0,0,0
213000151,0,0,0
213000152,0,0,0
213000153,0,0,0
213000154,0,0,0
213000155,0,0,0
213000156,0,0,0
213000157,0,0,0
213000158,60,104,-44
213000159,665,110,555
213000163,668,98,570
213000165,367,85,282
213000171,0,0,0
213000172,0,0,0
213000173,0,0,0
213000174,0,0,0
213000175,0,0,0
213000176,95,29,66
213000177,171,2,169
213000178,236,1,235
213000179,145,0,145
213000180,84,0,84
213000184,3,43,-40
213000188,249,22,227
213000189,290,15,275
213000190,206,19,187
213000191,351,0,351
213000192,218,2,216
213000193,1,1,0
213000194,0,0,0
213000195,0,0,0
213000196,0,0,0
213000197,543,230,313
213000198,5,0,5
213000200,34,22,12
213000201,8,21,-13
213000202,2,29,-27
213000203,883,217,666
213000204,654,7,647
213000205,282,22,260
213000206,433,19,414
213000207,7,8,-1
213000208,1,0,1
213000209,35,0,35
213000210,60,0,60
213000211,0,0,0
213000212,0,0,0
213000213,0,0,0
213000218,158,254,-96
213000219,252,46,206
213000220,288,2,286
213000223,80,108,-28
213000224,5,21,-16
213000225,13,9,4
213000226,41,9,32
213000227,636,67,569
213000228,415,32,383
213000229,10,2,8
213000230,161,3,158
213000232,1,247,-246
213000233,0,0,0
213000234,0,0,0
213000293,0,7,-7
213000294,65,5,60
213000295,0,6,-6
213000296,36,12,24
213000297,0,0,0
213000298,0,0,0
213000299,28,21,7
213000300,0,3,-3
213000303,0,0,0
213000304,0,0,0
213000305,1,2,-1
213000306,0,0,0
213000307,12,19,-7
213000308,0,0,0
213000309,112,11,101
213000310,105,53,52
213000311,4,146,-142
213000315,0,0,0
213000316,104,15,89
213000322,19,9,10
213000323,54,9,45
213000324,26,8,18
213000325,9,7,2
213000326,35,6,29
213000327,23,3,20
213000328,1,24,-23
213000329,2,1,1
213000340,1,21,-20
213000341,427,48,379
213000346,23,166,-143
213000347,136,227,-91
213000348,0,2,-2
213000349,0,0,0
213000350,20,39,-19
213000366,0,29,-29
213000367,289,19,270
213000379,9,4,5
213000386,1,49,-48
213000406,10,29,-19
213000417,717,130,587
213000425,47,3,44
213000426,53,1,52
213000427,25,31,-6
213000428,46,16,30
213000429,5,1,4
213000430,8,6,2
213000431,1,0,1
213000432,1,260,-259
213000433,1,12,-11
213000434,12,14,-2
213000435,43,2,41
213000436,17,2,15
213000437,0,0,0
213000438,70,23,47
213000439,3,4,-1
213000440,0,17,-17
213000441,0,1,-1
213000442,0,4,-4
213000443,369,269,100
213000444,21,3,18
213000445,0,14,-14
213000446,0,75,-75
213000447,0,13,-13
213000448,5,12,-7
213000449,409,5,404
213000450,0,0,0
213000451,30,4,26
213000452,0,0,0
213000453,0,0,0
213000455,18,0,18
213000456,0,5,-5
213000481,3,0,3
213000482,6,0,6
213000489,48,27,21
213000491,0,0,0
213000492,26,0,26
213000493,0,0,0
213000494,169,46,123
213000495,0,0,0
213000496,413,51,362
213000497,0,12,-12
213000498,5,28,-23
213000499,11,19,-8
213000500,212,7,205
213000501,61,15,46
213000502,32,26,6
213000503,0,11,-11
213000504,0,5,-5
213000505,8,0,8
213000506,0,0,0
213000507,0,10,-10
213900244,18,0,18
213900245,0,0,0
218000003,0,0,0
218000004,0,0,0
218000005,7,14,-7
218000006,31,5,26
218000007,1,8,-7
218000012,25,43,-18
218000013,9,71,-62
218000014,38,75,-37
218000019,93,66,27
218000020,152,46,106
218000021,0,0,0
218000022,0,0,0
218000023,0,0,0
218000024,0,0,0
218000025,0,0,0
218000026,0,0,0
218000027,0,0,0
218000028,0,0,0
218000029,0,0,0
218000030,0,0,0
218000031,0,0,0
218000032,0,0,0
218000040,2,0,2
218000046,44,43,1
218000047,2,35,-33
218000048,29,17,12
218000049,15,37,-22
218000050,112,70,42
218000051,13,104,-91
218000052,0,32,-32
218000053,0,2,-2
218000054,2,5,-3
218000055,0,15,-15
218000056,5,18,-13
218000057,3,16,-13
218000064,0,4,-4
218000065,83,2,81
218000066,4,28,-24
218000067,12,53,-41
218000068,27,40,-13
218000069,92,25,67
218000070,63,51,12
218000071,61,28,33
218000072,45,14,31
218000078,45,30,15
218000079,135,41,94
218000080,126,31,95
218000081,384,48,336
218000082,106,54,52
218000083,0,0,0
218000084,0,0,0
218000085,0,0,0
218000086,0,0,0
218000087,0,0,0
218000090,5,29,-24
218000091,445,227,218
218000092,85,40,45
218000093,25,10,15
218000094,1,0,1
218000099,101,147,-46
218000100,58,122,-64
218000101,71,56,15
218000102,156,35,121
218000103,5,30,-25
218000104,50,5,45
218000105,0,0,0
218000106,0,0,0
218000107,0,0,0
218000108,0,0,0
218000112,0,0,0
218000117,9,64,-55
218000134,27,55,-28
218000135,0,11,-11
218000136,7,1,6
218000137,19,1,18
218000138,0,0,0
218000139,51,0,51
218000140,312,186,126
218000141,23,8,15
218000142,96,21,75
218000143,56,90,-34
218000144,15,54,-39
218000145,247,72,175
218000146,39,81,-42
218000151,1,2,-1
218000152,95,22,73
218000153,1,5,-4
218000154,1,0,1
218000155,17,3,14
218000156,103,5,98
218000157,69,0,69
218000158,3,1,2
218000159,1,3,-2
218000160,2,3,-1
218000161,17,1,16
218000162,90,2,88
218000163,26,0,26
218000164,104,3,101
218000165,134,16,118
218000170,0,31,-31
218000171,14,4,10
218000172,1,8,-7
218000173,13,5,8
218000174,4,0,4
218000176,227,6,221
218000177,254,25,229
218000178,139,24,115
218000179,220,9,211
218000180,47,0,47
218000181,184,10,174
218000187,0,0,0
218000188,0,0,0
218000189,0,0,0
218000190,0,0,0
218000191,0,0,0
218000192,0,0,0
218000193,0,0,0
218000194,0,0,0
218000195,136,60,76
218000196,299,51,248
218000197,428,44,384
218000198,44,41,3
218000199,16,18,-2
218000200,14,10,4
218000201,2,1,1
218000202,0,0,0
218000207,0,0,0
218000208,0,0,0
218000211,2,9,-7
218000212,0,0,0
218000213,76,37,39
218000214,7,13,-6
218000215,9,9,0
218000217,2,31,-29
218000218,76,119,-43
218000219,2,41,-39
218000220,23,142,-119
218000221,190,139,51
218000222,0,42,-42
218000223,33,275,-242
218000224,6,227,-221
218000225,163,43,120
218000226,129,7,122
218000230,0,0,0
218000232,1,6,-5
218000239,68,0,68
218000240,0,1,-1
218000241,0,0,0
218000242,1,0,1
218000243,11,0,11
218000244,25,0,25
218000245,0,1,-1
218000246,0,5,-5
218000247,0,0,0
218000248,0,0,0
218000249,0,0,0
218000250,0,0,0
218000251,0,0,0
218000252,0,0,0
218000253,0,0,0
218000254,0,0,0
218000255,0,0,0
218000256,0,0,0
218000267,0,2,-2
218000268,0,0,0
218000269,0,0,0
218000270,0,0,0
218000271,0,0,0
218000273,47,4,43
218000274,30,2,28
218000275,12,25,-13
218000276,7,21,-14
218000278,3,2,1
218000279,42,2,40
218000280,0,1,-1
218000281,0,0,0
218000282,52,229,-177
218000284,37,4,33
218000301,0,0,0
218000302,23,4,19
218000303,0,0,0
218000316,677,319,358
218000317,1041,294,747
218000318,617,128,489
218000319,27,23,4
218000320,0,0,0
218000338,15,2,13
218000345,0,0,0
218000346,23,61,-38
218000459,30,61,-31
218000490,0,0,0
218000501,49,36,13
218000502,0,0,0
218000503,48,10,38
218000504,106,7,99
218000505,0,0,0
218000506,0,0,0
218000508,0,0,0
218000510,74,19,55
218000520,106,83,23
218000521,0,1,-1
218000522,0,6,-6
218000523,39,0,39
218000524,0,58,-58
218000525,36,0,36
218000526,0,38,-38
218000529,1,4,-3
218000530,18,2,16
218000531,4,5,-1
218000532,0,0,0
218000534,82,8,74
218000537,8,30,-22
218000538,40,74,-34
218000540,0,0,0
218000543,31,9,22
218000544,0,0,0
218000545,23,13,10
218000546,0,0,0
218000547,17,51,-34
218000548,0,0,0
218000549,364,36,328
218000550,3,122,-119
218000551,2,33,-31
218000552,130,15,115
218000553,0,0,0
218000554,0,0,0
218000555,41,33,8
218000556,1,1,0
218000557,159,39,120
218000558,6,0,6
218000559,0,10,-10
218000560,0,2,-2
218000561,1,0,1
218000562,0,31,-31
218000563,120,0,120
218000564,0,19,-19
218000565,29,3,26
218000566,46,0,46
218000567,0,36,-36
218000568,0,0,0
218000569,0,57,-57
218000570,6,1,5
218000571,0,15,-15
218000572,23,1,22
218000573,0,54,-54
218000574,1,10,-9
218000575,56,0,56
218000576,0,22,-22
218000577,11,0,11
218000578,0,9,-9
218000579,2,0,2
218000581,0,0,0
218000582,27,1,26
218000583,0,0,0
218000584,0,0,0
218000585,26,0,26
218000586,23,4,19
218000587,0,0,0
218000588,0,0,0
218000589,0,0,0
218000590,6,0,6
218000591,0,0,0
218000592,0,0,0
218000593,0,0,0
218000594,0,0,0
218000597,0,0,0
218000598,0,0,0
218000599,0,18,-18
218000600,0,0,0
218000601,0,17,-17
218000602,0,0,0
218000603,0,12,-12
218000604,7,0,7
218000605,0,11,-11
218000606,36,0,36
218000607,0,1,-1
218000608,15,4,11
218000609,0,4,-4
218000610,23,9,14
218000611,17,0,17
218000612,4,0,4
218000613,29,0,29
218000614,1,3,-2
218000615,45,0,45
218000616,0,1,-1
218000617,4,2,2
218000618,0,0,0
218000619,23,2,21
218000620,0,0,0
218000621,0,2,-2
218000622,0,12,-12
218000623,22,0,22
218000624,0,12,-12
218000625,0,0,0
218000626,0,5,-5
218000628,106,32,74
218000631,13,1,12
218000632,0,18,-18
218000633,4,0,4
218000634,0,0,0
218000635,1,8,-7
218000636,32,18,14
218000637,395,53,342
218000638,354,13,341
218000639,3,23,-20
218000640,199,2,197
218000641,25,56,-31
218000652,12,20,-8
218000653,145,14,131
218000663,0,9,-9
218000675,0,6,-6
218000676,0,0,0
218000677,5,1,4
218000680,16,14,2
218000681,243,13,230
218000691,26,16,10
218000693,199,18,181
218000703,0,0,0
218000718,0,12,-12
218000719,16,40,-24
218000720,0,10,-10
218000721,15,1,14
218000725,0,0,0
218001147,0,0,0
218001214,0,0,0
218001258,153,0,153
218001329,42,52,-10
218001330,1,2,-1
218001351,3,8,-5
218001352,0,1,-1
218001353,0,12,-12
218001354,0,3,-3
218001355,0,0,0
218001356,293,21,272
218001357,0,0,0
218001358,321,0,321
218001361,598,13,585
218001362,0,0,0
219000001,0,0,0
219000002,0,0,0
219000003,29,22,7
219000004,17,70,-53
219000017,24,53,-29
219000020,128,25,103
219000022,75,0,75
219000023,60,0,60
219000029,0,0,0
219000034,62,36,26
219000039,0,0,0
219000040,4,41,-37
219000041,127,77,50
219000051,0,0,0
219000052,0,0,0
219000053,0,0,0
219000054,0,0,0
219000055,149,0,149
219000056,1,0,1
219000057,33,0,33
219000062,0,0,0
219000063,36,1,35
219000064,0,0,0
219000110,203,87,116
219000111,39,55,-16
219000112,131,37,94
219000113,78,19,59
219000114,128,17,111
219000116,44,23,21
219000117,134,8,126
219000118,21,28,-7
219000123,106,0,106
219000124,15,0,15
219000125,0,0,0
219000126,0,0,0
219000127,0,0,0
219000128,0,0,0
219000129,0,0,0
219000130,0,0,0
219000131,756,1022,-266
219000133,15,69,-54
219000134,14,27,-13
219000135,6,30,-24
219000136,27,88,-61
219000138,44,1,43
219000139,19,0,19
219000140,87,1,86
219000141,9,0,9
219000142,14,0,14
219000143,0,0,0
219000145,23,3,20
219000146,0,0,0
219000147,0,0,0
219000148,0,0,0
219000149,0,0,0
219000150,0,0,0
219000151,0,0,0
219000157,163,53,110
219000158,61,29,32
219000161,31,6,25
219000163,212,261,-49
219000166,58,42,16
219000167,8,14,-6
219000168,142,53,89
219000174,235,84,151
219000175,88,0,88
219000176,87,10,77
219000177,27,9,18
219000178,99,13,86
219000179,40,52,-12
219000180,12,6,6
219000182,71,2,69
219000183,32,0,32
219000184,15,1,14
219000185,0,0,0
219000186,87,1,86
219000187,7,1,6
219000189,0,0,0
219000190,0,0,0
219000191,0,0,0
219000192,170,195,-25
219000193,0,0,0
219000195,0,0,0
219000196,0,0,0
219000198,0,0,0
219000199,0,0,0
219000200,0,0,0
219000201,0,0,0
219000203,0,0,0
219000204,0,0,0
219000205,0,0,0
219000207,0,0,0
219000209,0,0,0
219000210,0,0,0
219000213,0,0,0
219000239,0,0,0
219000240,0,0,0
219000241,0,0,0
219000242,0,0,0
219000243,0,0,0
219000244,0,0,0
219000245,0,0,0
219000246,4,9,-5
219000247,167,47,120
219000248,234,200,34
219000249,44,54,-10
219000250,84,55,29
219000251,215,85,130
219000252,261,95,166
219000253,101,31,70
219000255,79,89,-10
219000256,184,59,125
219000257,157,0,157
219000262,0,0,0
219000263,0,0,0
219000267,0,0,0
219000268,0,0,0
219000269,6,2,4
219000270,39,0,39
219000271,161,0,161
219000278,0,0,0
219000279,0,0,0
219000283,0,0,0
219000295,0,0,0
219000296,0,0,0
219000297,0,0,0
219000298,0,0,0
219000299,290,24,266
219000300,0,0,0
219000301,0,0,0
219000302,0,0,0
219000307,0,0,0
219000308,10,19,-9
219000311,133,31,102
219000312,258,46,212
219000313,318,9,309
219000314,0,0,0
219000315,333,3,330
219000316,292,22,270
219000317,54,9,45
219000320,0,0,0
219000321,0,0,0
219000323,0,0,0
219000325,0,0,0
219000326,0,0,0
219000327,0,0,0
219000328,0,0,0
219000329,79,88,-9
219000330,5,21,-16
219000331,14,18,-4
219000332,70,63,7
219000333,24,1,23
219000335,18,0,18
219000337,5,0,5
219000338,36,1,35
219000344,0,0,0
219000345,0,0,0
219000346,0,0,0
219000348,0,0,0
219000349,0,0,0
219000350,0,0,0
219000351,0,0,0
219000352,38,122,-84
219000353,145,78,67
219000354,174,52,122
219000355,84,51,33
219000356,281,753,-472
219000363,69,23,46
219000364,136,8,128
219000365,147,7,140
219000366,104,231,-127
219000368,66,522,-456
219000370,284,617,-333
219000371,0,0,0
219000382,0,9,-9
219000383,0,0,0
219000385,0,0,0
219000386,0,0,0
219000387,0,1,-1
219000390,3,5,-2
219000391,1,8,-7
219000397,0,0,0
219000398,20,10,10
219000401,0,0,0
219000402,0,0,0
219000403,0,0,0
219000404,0,0,0
219000407,0,0,0
219000409,36,44,-8
219000410,38,5,33
219000411,36,4,32
219000446,0,0,0
219000447,0,0,0
219000448,4,8,-4
219000452,48,21,27
219000453,0,0,0
219000454,108,261,-153
219000556,210,12,198
219000558,0,0,0
219000590,0,0,0
219000591,59,18,41
219000592,0,0,0
219000595,0,0,0
219000635,147,11,136
219000636,0,0,0
219000657,1,9,-8
219000658,0,0,0
219000673,0,0,0
219000676,9,1,8
219000679,3,0,3
219000684,77,0,77
219000685,0,0,0
219000686,1,0,1
219000688,0,0,0
219000689,0,0,0
219000690,133,6,127
219000691,33,0,33
219000692,29,3,26
219000693,0,0,0
219000694,0,0,0
219000695,44,0,44
219000698,2,0,2
219000699,0,0,0
219000727,0,0,0
219000728,55,0,55
219000770,10,0,10
219000771,0,0,0
219000788,0,0,0
219001150,1,18,-17
219001151,0,0,0
219001166,17,9,8
219001167,0,0,0
219001178,39,0,39
220000001,1,16,-15
220000002,0,50,-50
220000003,0,0,0
220000004,0,0,0
220000005,0,0,0
220000006,0,0,0
220000007,0,0,0
220000008,0,0,0
220000009,25,85,-60
220000010,10,1,9
220000011,15,287,-272
220000012,0,51,-51
220000014,0,0,0
220000015,37,261,-224
220000017,70,54,16
220000018,826,141,685
220000019,231,420,-189
220000020,86,74,12
220000021,198,68,130
220000022,368,102,266
220000023,65,80,-15
220000024,244,256,-12
220000025,344,922,-578
220000026,70,640,-570
220000027,15,52,-37
220000028,46,61,-15
220000029,0,0,0
220000030,0,0,0
220000031,89,169,-80
220000064,0,0,0
221000046,26,8,18
221000047,0,0,0
221000048,0,0,0
221000049,0,0,0
221000050,3,0,3
221000055,17,0,17
221000057,109,3,106
221000068,183,166,17
221000069,130,149,-19
221000070,142,20,122
221000071,97,5,92
221000072,203,4,199
221000073,171,17,154
221000074,0,0,0
221000075,0,0,0
221000076,0,0,0
221000077,0,0,0
221000081,1,0,1
221000082,60,0,60
221000083,11,3,8
221000084,0,3,-3
221000085,4,0,4
221000086,0,0,0
221000087,0,0,0
221000088,0,0,0
221000089,0,0,0
221000090,0,0,0
221000098,56,28,28
221000099,158,10,148
221000100,141,14,127
221000101,126,8,118
221000102,160,14,146
221000109,0,0,0
221000110,0,0,0
221000111,0,0,0
221000112,0,0,0
221000113,0,0,0
221000114,0,0,0
221000120,45,10,35
221000121,0,15,-15
221000122,23,9,14
221000123,1,34,-33
221000124,25,36,-11
221000155,94,13,81
221000156,14,6,8
221000175,13,13,0
221000176,0,12,-12
221000182,5,0,5
221000241,390,239,151
221000242,0,0,0
221000243,380,97,283
221000244,0,0,0
221000245,75,43,32
221000246,0,0,0
221000247,175,27,148
221000248,0,0,0
221000267,2,104,-102
221000325,43,27,16
221000331,9,6,3
221000338,5,35,-30
221000378,270,24,246
221000381,38,5,33
222000282,1,0,1
222000296,0,3,-3
222000568,391,14,377
222000569,61,66,-5
222000570,97,5,92
222000571,374,5,369
222000577,0,8,-8
222000578,0,29,-29
222000579,1,23,-22
222000580,3,218,-215
222000599,0,29,-29
222000600,0,37,-37
222000601,0,61,-61
222000603,9,5,4
222000604,2,2,0
222000605,0,37,-37
222000606,0,3,-3
222000607,0,20,-20
222000608,1,0,1
222000609,1,4,-3
222000616,222,4,218
222000617,0,2,-2
222000618,1,10,-9
222000620,0,0,0
222000621,7,6,1
222000623,241,3,238
222000624,245,2,243
222000625,307,17,290
222000636,56,0,56
222000686,1,0,1
222000687,2,1,1
222001066,110,0,110
222001067,32,1,31
222001068,85,7,78
222001069,24,41,-17
222001082,1,6,-5
222001083,2,31,-29
222001084,0,8,-8
222001085,0,29,-29
222001111,46,34,12
222001112,82,5,77
222001313,1,2,-1
222001314,0,34,-34
222001464,82,13,69
222001465,12,8,4
222001484,40,21,19
222001485,6,2,4
222001494,417,38,379
222001495,6,13,-7
222001496,292,27,265
222001497,20,63,-43
222001502,0,0,0
222001503,28,7,21
222001504,0,0,0
222001505,206,17,189
222001506,0,0,0
222001507,46,6,40
222001510,460,4,456
222001511,0,0,0
222001514,237,54,183
222001515,0,0,0
222001518,260,37,223
222001519,0,0,0
222001527,37,15,22
222001528,0,0,0
222001529,247,8,239
222001530,0,0,0
222001533,0,0,0
222001534,294,12,282
222001535,75,11,64
222001536,4,37,-33
222001537,110,7,103
222001538,0,0,0
222001563,641,8,633
222001564,0,0,0
222001568,87,5,82
222001576,0,20,-20
222001579,0,0,0
222001583,2,32,-30
222001584,34,3,31
222001596,49,64,-15
222001597,407,94,313
222001626,0,45,-45
222001650,1,21,-20
222001651,45,44,1
222001914,66,46,20
222001915,0,0,0
222001968,261,21,240
222001969,60,56,4
222001970,25,25,0
222001971,38,7,31
222001972,1,19,-18
225000001,287,63,224
225000002,384,38,346
225000003,416,16,400
225000004,241,20,221
225000005,27,30,-3
225000006,0,0,0
225000007,0,0,0
225000010,71,2,69
225000011,60,776,-716
225000012,166,619,-453
225000013,82,70,12
225000014,438,40,398
225000015,0,1,-1
225000021,158,32,126
225000027,0,0,0
225000032,207,60,147
225000042,2,0,2
225000049,0,0,0
225000050,46,7,39
225000053,0,0,0
225000058,350,75,275
225000067,0,0,0
225000068,0,0,0
225000069,0,0,0
225000070,0,0,0
225000071,0,0,0
225000075,0,0,0
225000076,0,0,0
225000078,17,21,-4
225000085,62,24,38
225000086,155,3,152
225000087,38,2,36
225000088,0,0,0
225000089,0,0,0
225000090,0,0,0
225000091,0,0,0
225000092,0,0,0
225000093,0,0,0
225000094,0,0,0
225000095,0,0,0
225000096,0,0,0
225000098,256,91,165
225000099,433,63,370
225000100,439,63,376
225000104,0,4,-4
225000110,0,0,0
225000111,0,0,0
225000112,2,7,-5
225000113,1,3,-2
225000114,0,7,-7
225000115,30,19,11
225000116,200,61,139
225000117,421,247,174
225000118,706,160,546
225000119,52,17,35
225000120,278,9,269
225000121,53,14,39
225000123,652,3,649
225000125,196,49,147
225000126,532,103,429
225000127,414,918,-504
225000128,261,820,-559
225000132,326,37,289
225000133,147,2,145
225000134,320,83,237
225000135,47,2,45
225000136,197,6,191
225000137,182,15,167
225000138,402,33,369
225000143,0,0,0
225000144,0,0,0
225000145,20,26,-6
225000146,0,0,0
225000147,0,0,0
225000148,0,0,0
225000149,0,0,0
225000151,0,0,0
225000155,0,0,0
225000156,5,23,-18
225000157,4,8,-4
225000158,0,0,0
225000171,0,0,0
225000180,21,4,17
225000181,0,0,0
225000182,22,7,15
225000185,0,0,0
225000187,0,0,0
225000191,8,0,8
225000194,0,0,0
225000208,0,0,0
225000209,43,1,42
225000210,0,0,0
225000217,0,0,0
225000218,8,0,8
225000223,0,0,0
225000224,1,0,1
225000225,0,0,0
225000226,106,4,102
225000227,0,0,0
225000228,1,6,-5
225000229,0,0,0
225000230,1,0,1
225000231,0,0,0
225000232,43,0,43
225000241,51,0,51
225000242,0,0,0
225000249,18,0,18
225000250,0,0,0
225000251,417,17,400
225000254,0,0,0
225000256,0,0,0
225000257,0,0,0
226000042,0,0,0
226000043,0,0,0
226000044,0,0,0
226000045,0,0,0
226000046,420,12,408
226000047,206,25,181
226000048,273,11,262
226000049,133,61,72
226000070,0,0,0
226000071,0,0,0
226000072,0,0,0
226000073,0,0,0
226000074,0,0,0
226000084,0,0,0
226000085,0,0,0
226000086,0,0,0
226000087,0,0,0
226000088,0,0,0
226000090,16,15,1
226000091,0,30,-30
226000092,1,34,-33
226000093,2,1,1
226000094,1,0,1
226000095,1,16,-15
226000105,0,3,-3
226000106,2,0,2
226000107,10,0,10
226000108,3,0,3
226000109,25,0,25
226000124,77,61,16
226000134,281,279,2
226000135,721,293,428
226000136,187,134,53
226000137,0,0,0
226000138,0,0,0
226000139,0,0,0
226000156,129,1,128
226000157,109,3,106
226000163,0,0,0
226000202,0,0,0
226000231,201,1,200
226000232,8,0,8
227000033,248,27,221
227000036,444,8,436
227000037,394,9,385
227000038,51,9,42
227000084,0,0,0
227000085,0,0,0
227000088,10,1,9
227000089,4,0,4
227000090,28,0,28
227000091,11,0,11
227000092,1,0,1
227000093,21,0,21
227000094,0,0,0
227000130,0,0,0
227000131,0,0,0
227000132,0,0,0
227000133,0,0,0
227000134,0,0,0
227000152,0,0,0
227000153,0,0,0
227000154,0,0,0
227000155,0,0,0
227000156,0,0,0
227000165,0,0,0
227000196,322,1,321
227000199,297,34,263
227000230,0,0,0
227000232,216,33,183
227000242,0,0,0
227000243,219,14,205
227000245,0,0,0
227000246,0,0,0
227000247,398,24,374
227000248,62,26,36
227000249,0,0,0
227000250,156,129,27
227000251,0,0,0
227000252,0,0,0
227000253,286,9,277
227000262,490,8,482
227000266,650,3,647
227000267,0,0,0
227000282,0,0,0
227000284,245,6,239
227000286,0,0,0
227000287,0,0,0
227000291,0,0,0
227000296,37,8,29
227000484,211,2,209
227000485,0,0,0
227000655,138,2,136
227000656,373,5,368
227000657,33,2,31
227000661,164,45,119
227000680,30,66,-36
229000265,4,7,-3
229000296,0,15,-15
229000297,0,12,-12
229000298,5,46,-41
229000320,0,0,0
229000321,2,0,2
229000412,1,3,-2
229000414,0,3,-3
229000415,0,0,0
229000416,0,0,0
229000417,0,0,0
229000419,33,40,-7
229000440,81,3,78
229000442,24,0,24
229000443,0,1,-1
229000444,0,0,0
229000445,20,2,18
229000446,4,2,2
229000491,0,0,0
229000492,0,0,0
229000493,0,0,0
229000494,29,2,27
229000495,113,5,108
229000496,165,2,163
229000507,0,0,0
229000508,0,0,0
229000509,0,0,0
229000510,0,0,0
229000511,0,0,0
229000512,0,0,0
229000513,0,0,0
229000514,0,0,0
229000517,0,0,0
229000518,0,0,0
229000519,0,0,0
229000520,0,0,0
229000521,32,5,27
229000522,1,0,1
229000523,4,2,2
229000524,9,0,9
229000527,0,0,0
229000528,0,0,0
229000529,10,0,10
229000530,92,2,90
229000531,30,26,4
229000532,13,2,11
229000533,59,1,58
229000534,9,4,5
229000564,83,0,83
229000565,54,0,54
229000566,0,0,0
229000567,0,0,0
229000582,29,3,26
229000583,3,7,-4
229000584,0,0,0
229000585,0,0,0
229000718,0,0,0
229000719,0,0,0
229000720,0,0,0
229000721,0,0,0
229000722,0,0,0
229000723,0,0,0
229000724,0,0,0
229000725,0,0,0
229000738,0,0,0
229000739,1,0,1
229000740,4,0,4
229000741,25,0,25
229000742,4,0,4
229000743,34,0,34
229000744,1,1,0
229000745,0,0,0
229000746,1,0,1
229000847,34,1,33
229000848,53,0,53
229000849,98,0,98
229000851,113,0,113
229000854,0,0,0
229000856,0,0,0
229000857,0,0,0
229000858,0,0,0
229000919,0,0,0
229000930,0,0,0
229000937,140,1,139
229000966,26,10,16
229000981,0,0,0
229000985,1,0,1
229000986,0,1,-1
229000987,0,0,0
229000988,1,1,0
229000989,1,0,1
229000990,0,0,0
229000991,0,0,0
229000992,2,0,2
229000993,47,10,37
229000998,3,3,0
229000999,11,13,-2
229001034,0,1,-1
229001035,0,0,0
229001037,7,0,7
229001042,1,4,-3
229001047,0,16,-16
229001050,29,8,21
229001168,0,0,0
229001200,37,0,37
229001338,0,1,-1
229001394,82,0,82
229001422,120,10,110
229001423,0,0,0
229001431,10,17,-7
229001432,0,0,0
229001444,31,0,31
229001445,9,12,-3
229001479,17,0,17
229001503,158,28,130
229001504,0,0,0
229001505,70,7,63
229001506,0,0,0
229001509,6,1,5
229001545,16,2,14
229001546,0,0,0
229001553,30,1,29
229001554,0,0,0
229001559,0,0,0
229001560,1,3,-2
229001630,49,0,49
229001631,1,21,-20
229001635,0,1,-1
229001636,0,0,0
229001658,0,0,0
229001659,29,2,27
229001660,0,0,0
229001661,0,6,-6
229001662,21,0,21
229001663,0,0,0
229002584,36,23,13
229002831,30,39,-9
229002841,0,0,0
229002842,3,0,3
229002843,13,5,8
229002844,1,2,-1
229002845,0,3,-3
229002846,1,1,0
229002847,0,1,-1
229002848,8,3,5
229002849,0,5,-5
229002850,0,0,0
229002851,0,12,-12
229002852,30,0,30
229002853,15,0,15
229002854,0,0,0
229002855,0,1,-1
229002856,2,1,1
229002857,4,1,3
229002858,6,0,6
229002859,0,3,-3
229002860,6,5,1
229002861,13,2,11
229002862,0,6,-6
229002863,0,0,0
229002864,9,24,-15
229002865,0,2,-2
229002866,32,4,28
229002867,1,0,1
229002868,2,1,1
229002869,2,4,-2
229002870,12,0,12
235000066,46,3,43
235000067,37,22,15
235000072,0,0,0
235000073,0,0,0
235000074,0,0,0
235000080,0,0,0
235000081,0,0,0
235000082,30,2,28
235000083,53,5,48
235000084,11,1,10
235000085,112,10,102
235000089,5,1,4
235000092,0,0,0
235000093,0,0,0
235000097,0,1,-1
235000098,41,2,39
235000099,4,4,0
235000116,11,3,8
235000117,99,3,96
235000133,0,0,0
235000134,0,0,0
235000206,0,0,0
235000207,0,3,-3
235000208,0,14,-14
235000209,2,0,2
235000210,14,1,13
235000212,0,0,0
235000213,0,0,0
235000220,0,0,0
235000221,0,0,0
235000238,0,192,-192
235000239,0,29,-29
235000242,80,655,-575
235000245,0,0,0
235000246,0,0,0
235000284,0,0,0
235000295,16,0,16
235000305,122,0,122
235000306,108,0,108
235000307,0,0,0
235000308,16,0,16
235000309,34,0,34
235000310,24,0,24
235000311,6,0,6
235000322,0,0,0
235000323,0,0,0
235000324,0,0,0
235000325,0,0,0
235000326,0,0,0
235000351,0,0,0
235000352,0,0,0
235000353,0,0,0
235000354,0,0,0
235000355,0,0,0
235000356,18,0,18
235000357,17,0,17
235000358,4,0,4
235000359,0,3,-3
235000360,1,1,0
235000361,44,1,43
235000381,0,0,0
235000382,71,3,68
235000390,0,0,0
235000391,119,2,117
235000392,137,17,120
235000393,93,50,43
235000395,68,4,64
235000396,402,8,394
235000400,20,4,16
235000401,0,0,0
235000405,0,0,0
235000406,0,0,0
235000407,0,0,0
235000409,0,0,0
235000410,0,0,0
235000411,0,0,0
235000485,0,0,0
235000486,0,0,0
235000549,35,43,-8
235000550,0,0,0
235000599,0,0,0
235000600,0,0,0
235000601,0,1,-1
235000602,65,12,53
235000614,0,0,0
235000648,0,0,0
235000649,9,1,8
235000685,0,0,0
235000815,0,0,0
235000834,0,0,0
235000855,33,15,18
235000862,0,0,0
235000891,0,0,0
235000892,2,0,2
235000901,0,0,0
235000907,0,0,0
235001010,12,20,-8
235001029,0,0,0
235001030,202,14,188
235001078,49,34,15
235001079,0,0,0
235001147,13,5,8
235001166,4,3,1
235001167,0,0,0
235001169,0,0,0
235001188,0,0,0
235001189,0,4,-4
235001197,0,0,0
235001200,0,0,0
235001207,84,1,83
235001210,0,0,0
235001215,0,0,0
235001239,0,0,0
235001244,0,0,0
235016267,0,0,0
277101746,0,1,-1
277102712,5,0,5
277103813,0,0,0
277103814,0,0,0
277103898,0,0,0
277104249,0,0,0
277104250,0,11,-11
277104251,0,0,0
277104252,0,6,-6
990011530,0,0,0
990014944,0,38,-38
990015176,47,10,37
990015618,0,1,-1
990016032,0,0,0
990032570,0,17,-17
990070001,49,5,44
990070103,0,0,0
990070601,0,7,-7
990070751,803,27,776
990070766,0,0,0
990071180,541,13,528
990071343,11,0,11
990071387,0,0,0
990071823,98,6,92
990072600,1,32,-31
990072964,0,5,-5
990073285,0,1,-1
990074393,0,133,-133
990074870,730,31,699
990075106,207,1,206
990075746,415,3,412
990076437,1274,2,1272
990076458,0,0,0
997000007,63,14,49
997000041,0,29,-29
997000058,64,13,51
997000062,75,1,74
997000069,0,0,0
997000070,0,0,0
997000100,42,0,42
997000141,0,0,0
997000198,0,0,0
998000475,0,1,-1
998000736,0,14,-14
998000965,0,20,-20
998001031,0,2,-2
998001700,0,0,0
998001899,0,0,0
998001900,34,67,-33
998003073,363,15,348
998101900,0,9,-9
998102850,0,0,0
998501927,186,0,186
998501929,124,0,124
998501930,36,0,36
998501931,46,2,44
998501932,0,1,-1
998501933,114,0,114
998501937,8,0,8
998501944,0,0,0
998501950,0,0,0
998501970,37,7,30
998501971,0,29,-29
998501973,0,1,-1
998501974,0,21,-21
998501975,114,4,110
998501976,74,0,74
998501977,0,4,-4
998501978,10,0,10
998501979,0,0,0
998501980,15,1,14
998501981,79,0,79
998501982,0,0,0
998501983,0,0,0
998502006,0,0,0
998502024,0,21,-21
998502032,0,0,0
998502062,0,0,0
998502063,0,0,0
998502173,14,0,14
998502269,0,0,0
998502546,0,32,-32
998502578,0,0,0
998601159,2,2,0
998601292,0,0,0
999033574,0,1,-1
999800001,60,28,32
999800002,0,0,0
999800003,1,4,-3
999800004,1,3,-2
999800005,0,0,0
