ID,insum,outsum,diff
100000001,1053,394,659
100000002,3996,6685,-2689
100000003,3876,4741,-865
100000004,221,1268,-1047
100000005,3495,3881,-386
100000006,462,1086,-624
100000007,2113,1603,510
100000008,124,923,-799
100000009,264,2495,-2231
100000010,33,548,-515
100000011,402,94,308
100000012,30,369,-339
100000013,2,236,-234
100000014,66,2506,-2440
100000015,887,1712,-825
100000016,235,2193,-1958
100000017,160,3629,-3469
100000018,895,1008,-113
100000019,2424,2486,-62
100000020,1083,4581,-3498
100000021,6976,1382,5594
100000022,621,4006,-3385
100000023,4434,1227,3207
100000025,414,1176,-762
100000028,253,2279,-2026
100000029,24,872,-848
100000030,23,17,6
100000031,1595,6831,-5236
100000032,1535,4278,-2743
100000033,1182,3439,-2257
100000034,100,1511,-1411
100000035,584,1263,-679
100000036,573,1956,-1383
100000037,786,335,451
100000038,2956,803,2153
100000039,175,256,-81
100000040,939,155,784
100000041,1898,318,1580
100000042,1292,257,1035
100000043,634,148,486
100000044,84,266,-182
100000045,190,330,-140
100000046,287,234,53
100000047,138,187,-49
100000048,184,497,-313
100000049,1066,927,139
100000051,569,474,95
100000053,74,9,65
100000054,282,13,269
100000055,534,142,392
100000056,293,351,-58
100000057,2373,324,2049
100000058,886,380,506
100000059,71,243,-172
100000060,994,351,643
100000061,2733,657,2076
100000062,2051,995,1056
100000063,1240,426,814
100000064,1763,448,1315
100000065,301,396,-95
100000066,205,436,-231
100000067,211,544,-333
100000068,316,1648,-1332
100000069,267,1093,-826
100000072,195,374,-179
100000073,1093,622,471
100000075,817,137,680
100000076,1550,9442,-7892
100000077,54,441,-387
100000078,1,29,-28
100000079,5,104,-99
100000080,2,42,-40
100000081,12,61,-49
100000102,1856,4598,-2742
100000103,1396,5851,-4455
100000104,3159,2490,669
100000105,1088,1754,-666
100000106,553,3266,-2713
100000107,80,1208,-1128
100000108,128,1047,-919
100000109,469,1204,-735
100000116,233,451,-218
100000117,37,81,-44
100000118,592,983,-391
100000119,875,921,-46
100000121,213,446,-233
100000122,465,2499,-2034
100000123,828,1944,-1116
100000124,1957,2283,-326
100000125,5993,1891,4102
100000126,382,651,-269
100000127,1304,875,429
100000128,511,3129,-2618
100000129,296,862,-566
100000130,943,195,748
100000131,630,904,-274
100000132,1028,900,128
100000133,1165,680,485
100000135,598,761,-163
100000139,130,465,-335
100000140,71,65,6
100000142,644,565,79
100000143,1453,241,1212
100000144,1074,263,811
100000147,1351,4458,-3107
100000150,164,365,-201
100000151,248,1628,-1380
100000153,30,364,-334
100000154,18,465,-447
100000155,1,38,-37
100000156,53,111,-58
100000157,143,163,-20
100000158,119,141,-22
100000159,54,1062,-1008
100000165,702,432,270
100000169,26,2490,-2464
100000174,365,1117,-752
100000179,91,857,-766
100000180,670,2203,-1533
100000181,262,184,78
100000188,57,49,8
100000189,860,292,568
100000190,383,1162,-779
100000191,714,441,273
100000192,10,156,-146
100000193,263,133,130
100000330,671,789,-118
100000355,167,341,-174
100000362,1948,712,1236
100000363,6140,7418,-1278
100000364,88,187,-99
100000365,4446,6570,-2124
100000366,1290,702,588
100000367,4350,4942,-592
100000368,1619,1246,373
100000369,544,2018,-1474
100000370,105,1013,-908
100000376,58,463,-405
100000379,606,4159,-3553
100000380,2422,7311,-4889
100000384,3674,5480,-1806
100000385,912,3898,-2986
100000386,1129,6235,-5106
100000387,2806,6638,-3832
100000388,1399,3689,-2290
100000389,3702,5762,-2060
100000390,1895,1939,-44
100000391,1856,5346,-3490
100000392,384,1584,-1200
100000393,559,3222,-2663
100000394,1223,3750,-2527
100000395,538,3509,-2971
100000396,544,1473,-929
100000397,1277,5366,-4089
100000398,4471,3131,1340
100000413,0,1,-1
100900002,16,17,-1
100900003,670,353,317
100900004,2,207,-205
100900005,180,28,152
100900006,19,24,-5
100900007,272,0,272
100900008,1,158,-157
100900009,9,10,-1
100900010,50,4,46
100900011,93,80,13
100900012,0,70,-70
100900013,916,6,910
100900014,3,1,2
100900015,37,15,22
100900016,0,20,-20
100900017,1363,49,1314
100900018,4,17,-13
100900019,38,84,-46
100900020,454,2,452
100900021,270,0,270
100900022,3,2,1
100900023,0,64,-64
100900024,414,0,414
100900025,26,2,24
100900026,86,91,-5
100900027,208,2518,-2310
100900028,75,359,-284
100900029,91,2,89
100900030,2,131,-129
100900031,1220,25,1195
100900032,237,0,237
100900033,101,335,-234
100900034,1976,0,1976
100900035,156,0,156
100900036,83,0,83
100900037,92,33,59
100900038,31,45,-14
100900039,197,163,34
100900040,2040,520,1520
100900041,1595,106,1489
100900042,520,2262,-1742
100900043,0,26,-26
100900044,863,754,109
100900045,21,0,21
100900046,629,3,626
100900047,466,143,323
100900048,32,2,30
100900049,138,27,111
100900050,4,9,-5
100900051,10,112,-102
100900052,284,1,283
100900053,662,53,609
100900054,13,45,-32
100900055,376,1255,-879
100900056,21,51,-30
100900057,1460,268,1192
100900058,120,12,108
100900059,184,1,183
100900060,276,5,271
100900061,124,182,-58
100900062,0,1,-1
100900063,344,1344,-1000
100900064,278,8,270
100900065,31,172,-141
100900066,128,58,70
100900067,60,2,58
100900068,158,648,-490
100900069,64,0,64
100900070,799,0,799
100900071,139,46,93
100900072,0,44,-44
100900073,136,83,53
100900074,0,19,-19
100900075,1083,63,1020
100900076,0,12,-12
100900077,148,13,135
100900078,72,152,-80
100900079,0,21,-21
100900080,186,114,72
100900081,5,100,-95
100900082,293,72,221
100900083,10,17,-7
100900085,2,351,-349
100900086,23,292,-269
100900088,302,97,205
100900089,0,7,-7
100900090,37,930,-893
100900091,2,21,-19
100900092,67,117,-50
100900093,456,684,-228
100900094,405,48,357
100900095,10,45,-35
100900096,8,127,-119
100900097,11,0,11
100900098,16,8,8
100900099,1,266,-265
100900100,4,168,-164
100900101,312,16,296
100900102,2,70,-68
100900103,5,13,-8
100900104,0,94,-94
100900105,8,328,-320
100900106,4,3,1
100900107,1632,667,965
100900108,0,17,-17
100900109,6,29,-23
100900110,2,11,-9
100900111,27,160,-133
100900112,3,35,-32
100900113,8,7,1
100900114,27,33,-6
100900115,9,69,-60
100900116,855,332,523
100900117,247,1179,-932
100900118,13,24,-11
100900119,0,30,-30
100900120,33,7,26
100900121,389,189,200
100900122,66,51,15
100900123,197,29,168
100900124,5,8,-3
100900125,2,17,-15
100900126,719,425,294
100900127,8,2,6
100900128,52,353,-301
100900129,1,229,-228
100900131,5,51,-46
100900133,95,30,65
100900134,11,15,-4
100900135,2,314,-312
100900137,202,139,63
100900138,843,298,545
100900139,2,40,-38
100900140,0,50,-50
100900141,1,313,-312
100900142,1,4,-3
100900143,219,590,-371
100900144,3,1,2
100900145,32,1024,-992
100900146,2,26,-24
100900147,6,1546,-1540
100900148,123,80,43
100900149,3,618,-615
100900150,4,31,-27
100900151,31,268,-237
100900152,145,2,143
100900153,1,212,-211
100900154,0,135,-135
100900155,15,4,11
100900156,25,1,24
100900157,5,442,-437
100900159,3,35,-32
100900160,32,2,30
100900161,17,1,16
100900162,8,234,-226
100900163,57,50,7
100900164,121,17,104
100900165,31,14,17
100900166,14,2,12
100900167,21,22,-1
100900168,10,102,-92
100900169,25,408,-383
100900170,23,6,17
100900171,2,427,-425
100900172,0,68,-68
100900173,10,64,-54
100900174,17,20,-3
100900176,1023,142,881
100900177,227,138,89
100900178,182,115,67
100900179,148,201,-53
100900180,2,1,1
100900181,20,21,-1
100900182,62,32,30
100900184,65,200,-135
100900186,537,272,265
100900187,33,31,2
100900188,8,9,-1
100900189,2156,258,1898
100900191,283,879,-596
100900192,46,164,-118
100900195,44,351,-307
100900197,55,41,14
100900198,11,22,-11
100900199,2,0,2
100900200,394,110,284
100900201,25,838,-813
100900202,63,0,63
100900203,0,85,-85
100900204,21,282,-261
100900205,109,430,-321
100900206,284,274,10
100900207,425,89,336
100900210,110,50,60
100900211,450,72,378
100900213,76,6,70
100900214,165,116,49
100900215,15,4,11
100900217,55,89,-34
101000001,1926,2159,-233
101000002,5794,7422,-1628
101000003,314,759,-445
101000004,5922,6129,-207
101000005,4010,6286,-2276
101000006,4667,8632,-3965
101000007,2502,3980,-1478
101000008,1524,2055,-531
101000009,2254,887,1367
101000010,1012,665,347
101000011,1030,322,708
101000012,224,420,-196
101000013,353,1194,-841
101000014,343,269,74
101000015,2392,1250,1142
101000016,187,580,-393
101000017,183,287,-104
101000018,1255,5400,-4145
101000020,1211,1022,189
101000021,420,608,-188
101000022,54,297,-243
101000023,712,662,50
101000025,378,534,-156
101000026,517,33,484
101000027,1268,2500,-1232
101000028,790,173,617
101000029,17,865,-848
101000030,558,91,467
101000031,43,494,-451
101000032,1654,3526,-1872
101000033,960,4458,-3498
101000034,345,2209,-1864
101000035,273,366,-93
101000036,227,1959,-1732
101000037,532,3367,-2835
101000039,1605,2463,-858
101000040,2167,6644,-4477
101000041,1255,4599,-3344
101000042,59,732,-673
101000043,2434,5833,-3399
101000045,226,594,-368
101000046,744,1542,-798
101000047,658,3378,-2720
101000048,323,257,66
101000049,406,1763,-1357
101000050,202,1630,-1428
101000051,533,1344,-811
101000052,1477,1142,335
101000053,261,1065,-804
101000054,1147,569,578
101000055,940,1066,-126
101000056,4,139,-135
101000057,492,3142,-2650
101000058,491,1844,-1353
101000059,1904,3321,-1417
101000060,1990,760,1230
101000061,199,2099,-1900
101000062,112,797,-685
101000063,81,1196,-1115
101000064,129,1476,-1347
101000065,69,857,-788
101000066,194,1174,-980
101000067,176,471,-295
101000068,38,223,-185
101000069,112,25,87
101000070,333,546,-213
101000071,2530,875,1655
101000072,399,1735,-1336
101000073,392,838,-446
101000074,1134,2013,-879
101000075,1212,1932,-720
101000077,981,1948,-967
101000078,478,796,-318
101000079,640,819,-179
101000080,732,716,16
101000081,1095,1321,-226
101000082,1132,1134,-2
101000083,2652,2019,633
101000084,908,477,431
101000085,1576,894,682
101000086,849,600,249
101000087,567,541,26
101000088,1777,874,903
101000089,1085,1613,-528
101000090,1070,462,608
101000091,436,372,64
101000092,2203,443,1760
101000093,1454,479,975
101000094,571,500,71
101000095,513,512,1
101000096,887,227,660
101000097,382,410,-28
101000098,282,394,-112
101000099,318,811,-493
101000100,672,772,-100
101000101,141,883,-742
101000102,208,901,-693
101000103,319,613,-294
101000104,166,565,-399
101000105,247,417,-170
101000106,206,1804,-1598
101000107,227,595,-368
101000108,374,77,297
101000109,959,118,841
101000110,35,94,-59
101000111,41,136,-95
101000113,60,962,-902
101000114,1130,4079,-2949
101000115,27,52,-25
101000116,17,91,-74
101000117,1026,176,850
101000119,11,86,-75
101000120,35,130,-95
101000121,34,29,5
101000122,44,108,-64
101000123,27,125,-98
101000124,490,496,-6
101000125,195,63,132
101000128,201,1329,-1128
101000130,119,280,-161
101000131,2008,289,1719
101000132,744,458,286
101000135,1,37,-36
101000136,38,139,-101
101000137,10,441,-431
101000141,524,3736,-3212
101000147,1368,459,909
101000148,1222,17,1205
101000149,20,150,-130
101000150,143,178,-35
101000151,611,36,575
101000152,323,268,55
101000153,308,111,197
101000154,625,366,259
101000155,629,211,418
101000156,15,965,-950
101000157,30,82,-52
101000160,1,17,-16
101000163,58,465,-407
101000164,263,48,215
101000165,211,445,-234
101000166,140,225,-85
101000168,1256,189,1067
101000252,2821,537,2284
101000254,29,35,-6
101000258,73,5,68
101000261,54,64,-10
101000262,1003,5952,-4949
101000263,274,977,-703
101000265,65,544,-479
101000266,295,172,123
101000269,13,31,-18
101000290,105,2968,-2863
101000293,4,16,-12
101000294,331,375,-44
101000295,321,186,135
101000301,199,575,-376
101000304,1934,3627,-1693
101000305,2655,1256,1399
101000328,142,1365,-1223
101900001,17,53,-36
101900002,0,6,-6
101900003,23,124,-101
101900004,0,174,-174
101900005,815,3600,-2785
101900006,1116,66,1050
101900007,236,172,64
101900008,52,263,-211
101900009,7,416,-409
101900010,879,706,173
101900011,33,1472,-1439
101900012,271,77,194
101900013,303,72,231
101900017,14,89,-75
101900018,1796,249,1547
101900019,180,151,29
101900020,162,51,111
101900021,0,27,-27
101900022,201,1462,-1261
101900023,164,299,-135
101900026,174,11,163
101900027,23,86,-63
102000001,3671,7320,-3649
102000002,2588,2193,395
102000003,1598,4608,-3010
102000004,3583,2721,862
102000005,1248,3098,-1850
102000006,664,1136,-472
102000007,1634,3841,-2207
102000008,4748,1413,3335
102000009,7728,8837,-1109
102000010,3182,2111,1071
102000011,4495,3819,676
102000012,3884,2426,1458
102000018,2631,3202,-571
102000019,2425,1702,723
102000026,372,428,-56
102000029,318,173,145
102000030,95,421,-326
102000031,128,102,26
102000032,738,312,426
102000033,648,237,411
102000034,355,307,48
102000035,687,355,332
102000036,37,214,-177
102000037,154,24,130
102000038,244,113,131
102000039,81,104,-23
102000040,174,120,54
102000041,41,322,-281
102000042,55,186,-131
102000043,92,238,-146
102000044,446,990,-544
102000045,723,498,225
102000046,1419,520,899
102000047,1350,474,876
102000048,691,394,297
102000049,884,713,171
102000050,1285,928,357
102000051,141,450,-309
102000052,1250,908,342
102000053,654,698,-44
102000054,806,744,62
102000055,1191,166,1025
102000056,1843,252,1591
102000057,1888,396,1492
102000058,666,689,-23
102000059,799,843,-44
102000060,833,752,81
102000061,1915,1052,863
102000062,2470,935,1535
102000063,1094,1405,-311
102000064,711,824,-113
102000065,24,106,-82
102000066,699,434,265
102000067,4756,4076,680
102000068,6894,3238,3656
102000069,74,2232,-2158
102000070,2235,42,2193
102000071,5176,11820,-6644
102000072,2445,3167,-722
102000073,599,415,184
102000074,777,473,304
102000075,187,124,63
102000076,459,122,337
102000077,646,730,-84
102000078,1585,400,1185
102000079,153,73,80
102000080,276,155,121
102000081,176,522,-346
102000082,658,275,383
102000083,907,144,763
102000084,782,118,664
102000085,1379,508,871
102000086,1520,591,929
102000087,481,917,-436
102000088,495,135,360
102000089,1705,206,1499
102000090,227,1282,-1055
102000091,887,626,261
102000092,260,578,-318
102000093,1074,564,510
102000094,557,226,331
102000095,502,675,-173
102000096,305,249,56
102000097,389,251,138
102000098,271,266,5
102000099,629,537,92
102000100,132,414,-282
102000101,223,297,-74
102000102,140,1165,-1025
102000103,3252,392,2860
102000104,431,315,116
102000105,249,289,-40
102000106,1057,361,696
102000107,2094,122,1972
102000108,675,737,-62
102000109,834,1133,-299
102000110,1417,413,1004
102000111,5,1758,-1753
102000112,98,188,-90
102000113,16,130,-114
102000114,2268,448,1820
102000115,149,416,-267
102000116,241,721,-480
102000117,31,800,-769
102000118,791,2205,-1414
102000119,496,919,-423
102000120,295,366,-71
102000121,1083,252,831
102000122,558,678,-120
102000123,844,406,438
102000124,1369,1067,302
102000125,381,414,-33
102000126,468,814,-346
102000127,1304,824,480
102000128,904,666,238
102000129,1250,447,803
102000130,639,703,-64
102000131,489,497,-8
102000132,206,493,-287
102000133,4061,2256,1805
102000134,1393,557,836
102000135,477,678,-201
102000136,688,493,195
102000137,365,212,153
102000138,259,85,174
102000139,67,267,-200
102000140,187,315,-128
102000141,220,448,-228
102000142,354,166,188
102000143,280,73,207
102000144,487,71,416
102000145,382,157,225
102000146,767,153,614
102000147,459,257,202
102000148,192,512,-320
102000149,431,120,311
102000150,1031,39,992
102000151,96,70,26
102000152,393,45,348
102000153,800,290,510
102000154,116,189,-73
102000155,52,267,-215
102000156,236,83,153
102000157,24,370,-346
102000158,303,323,-20
102000159,883,1023,-140
102000161,2326,2315,11
102000162,87,178,-91
102000163,141,331,-190
102000164,515,671,-156
102000165,272,449,-177
102000166,89,323,-234
102000167,135,173,-38
102000168,201,216,-15
102000169,86,619,-533
102000170,639,137,502
102000171,85,87,-2
102000172,3,336,-333
102000173,442,300,142
102000174,204,89,115
102000175,148,51,97
102000176,22,45,-23
102000178,182,434,-252
102000179,507,202,305
102000180,1033,286,747
102000181,1347,201,1146
102000182,1016,1318,-302
102000183,2027,864,1163
102000184,2026,523,1503
102000185,2927,343,2584
102000186,2175,483,1692
102000187,898,451,447
102000188,1526,1089,437
102000189,1247,182,1065
102000190,506,2094,-1588
102000191,895,203,692
102000192,1894,1724,170
102000193,166,142,24
102000194,35,320,-285
102000195,743,307,436
102000196,376,198,178
102000197,1582,102,1480
102000198,353,277,76
102000199,1422,72,1350
102000200,478,342,136
102000201,2177,326,1851
102000202,25,184,-159
102000203,811,83,728
102000204,1008,425,583
102000205,1520,822,698
102000206,719,527,192
102000207,745,960,-215
102000208,402,1173,-771
102000209,176,193,-17
102000210,975,584,391
102000211,758,132,626
102000212,659,2,657
102000213,16,398,-382
102000214,741,3,738
102000215,28,188,-160
102000216,236,130,106
102000217,6,56,-50
102000218,251,207,44
102000219,276,99,177
102000225,273,982,-709
102000226,187,205,-18
102000227,187,1,186
102000228,0,50,-50
102000229,92,59,33
102000230,376,282,94
102000231,430,353,77
102000232,39,211,-172
102000233,1242,316,926
102000234,70,1031,-961
102000236,229,23,206
102000237,1127,258,869
102000238,372,229,143
102000240,343,845,-502
102000241,72,98,-26
102000243,5,43,-38
102000245,22,61,-39
102000246,2,52,-50
102000247,214,334,-120
102000248,213,991,-778
102000249,123,89,34
102000250,121,211,-90
102000254,429,146,283
102000266,4,195,-191
102000271,9,1,8
102000286,344,378,-34
102000297,2413,700,1713
102000299,0,0,0
102000301,0,0,0
102000303,0,0,0
102000305,0,0,0
102000307,0,2,-2
102900001,755,428,327
102900002,236,62,174
102900003,108,49,59
102900005,412,116,296
102900006,421,10,411
102900007,903,15,888
102900008,187,5,182
102900009,115,251,-136
102900010,264,896,-632
102900011,894,301,593
102900012,410,87,323
102900013,73,6,67
102900015,1100,528,572
102900016,163,10,153
102900017,236,48,188
102900018,59,42,17
102900019,507,438,69
102900020,199,8,191
102900021,54,13,41
102900022,52,20,32
102900023,16,9,7
102900024,57,14,43
102900025,40,15,25
102900026,284,2278,-1994
102900027,10,43,-33
102900028,161,979,-818
102900029,65,364,-299
102900030,356,436,-80
102900031,427,75,352
102900032,169,15,154
102900033,112,81,31
102900034,633,14,619
102900035,301,43,258
102900036,328,90,238
102900037,158,334,-176
102900038,267,111,156
102900039,10,857,-847
102900040,337,253,84
102900041,102,116,-14
102900042,342,89,253
102900043,440,102,338
102900044,518,1533,-1015
102900045,206,296,-90
102900046,200,112,88
102900047,245,1127,-882
102900048,802,179,623
102900049,44,144,-100
102900050,184,949,-765
102900051,341,293,48
102900053,337,431,-94
102900054,176,1179,-1003
102900055,30,378,-348
102900056,100,134,-34
102900057,2,77,-75
102900058,375,67,308
102900059,7,3,4
102900060,32,437,-405
102900061,206,647,-441
102900062,259,345,-86
102900063,2256,309,1947
102900064,41,358,-317
102900065,1666,274,1392
102900066,144,4,140
102900068,37,114,-77
102900070,179,196,-17
102900072,0,89,-89
102900073,23,2,21
102900075,1,77,-76
102900076,23,61,-38
102900077,18,4,14
102900078,21,23,-2
102900079,231,5,226
102900080,368,8,360
102900081,36,67,-31
102900082,17,52,-35
102900083,82,1,81
102900084,4,10,-6
102900085,63,45,18
102900086,16,31,-15
102900087,278,25,253
102900088,54,29,25
102900089,259,117,142
102900090,1,82,-81
102900091,551,1,550
102900092,861,57,804
102900094,1,27,-26
102900095,35,0,35
102900096,148,3,145
102900097,5,12,-7
103000001,2005,2066,-61
103000002,2530,2397,133
103000003,2900,1809,1091
103000004,793,400,393
103000005,1259,4117,-2858
103000006,1322,1893,-571
103000007,431,206,225
103000008,1032,529,503
103000009,2341,1120,1221
103000010,247,67,180
103000011,1132,355,777
103000012,1226,1154,72
103000013,2305,1282,1023
103000014,1196,2012,-816
103000015,1312,818,494
103000016,611,1612,-1001
103000017,289,957,-668
103000018,729,188,541
103000019,562,677,-115
103000020,1219,1029,190
103000021,2117,2789,-672
103000022,622,848,-226
103000023,936,1859,-923
103000024,94,75,19
103000025,103,1666,-1563
103000026,322,299,23
103000027,234,479,-245
103000028,116,151,-35
103000029,131,252,-121
103000030,1650,738,912
103000031,636,2359,-1723
103000032,1675,1061,614
103000033,3727,3011,716
103000034,1002,574,428
103000035,144,834,-690
103000036,278,164,114
103000037,378,265,113
103000038,338,662,-324
103000039,757,203,554
103000040,873,346,527
103000041,2963,1153,1810
103000042,2451,110,2341
103000043,992,372,620
103000044,303,115,188
103000046,185,588,-403
103000047,766,306,460
103000048,268,354,-86
103000049,109,85,24
103000050,1063,127,936
103000051,653,230,423
103000052,964,95,869
103000053,227,303,-76
103000054,1785,161,1624
103000055,1847,708,1139
103000056,768,694,74
103000057,1602,97,1505
103000058,958,172,786
103000059,1112,314,798
103000060,823,193,630
103000061,990,592,398
103000062,730,69,661
103000063,1417,458,959
103000064,152,48,104
103000065,9,133,-124
103000066,212,6,206
103000069,356,741,-385
103000070,689,219,470
103000071,2108,617,1491
103000072,115,278,-163
103000073,1430,37,1393
103000074,859,49,810
103000075,90,298,-208
103000076,398,884,-486
103000077,21,144,-123
103000078,799,1385,-586
103000079,380,704,-324
103000080,326,403,-77
103000081,233,933,-700
103000082,582,144,438
103000083,96,227,-131
103000084,108,2,106
103000085,0,99,-99
103000086,394,416,-22
103000087,56,645,-589
103000088,124,336,-212
103000089,285,740,-455
103000090,3615,832,2783
103000091,968,382,586
103000092,403,167,236
103000093,252,484,-232
103000094,403,76,327
103000095,61,268,-207
103000096,636,11,625
103000097,26,555,-529
103000098,616,94,522
103000099,107,698,-591
103000100,149,265,-116
103000101,1429,52,1377
103000102,87,156,-69
103000103,849,67,782
103000104,198,77,121
103000105,388,59,329
103000106,19,104,-85
103000107,355,95,260
103000108,1495,1373,122
103000109,503,638,-135
103000110,422,681,-259
103000111,317,533,-216
103000112,221,371,-150
103000113,407,1034,-627
103000114,1692,821,871
103000115,779,490,289
103000116,722,267,455
103000117,430,423,7
103000118,362,247,115
103000119,922,213,709
103000120,57,213,-156
103000121,64,174,-110
103000122,429,925,-496
103000125,24,44,-20
103000126,1255,1,1254
103000127,2,40,-38
103000128,131,3,128
103000129,0,29,-29
103000130,114,97,17
103000131,24,93,-69
103000132,26,136,-110
103000133,8,37,-29
103000134,170,1315,-1145
103000135,443,107,336
103000136,374,393,-19
103000137,245,455,-210
103000138,342,377,-35
103000139,0,51,-51
103000140,92,8,84
103000141,9,147,-138
103000142,108,38,70
103000143,26,111,-85
103000144,190,32,158
103000145,1,37,-36
103000150,107,47,60
103000152,131,456,-325
103000153,125,265,-140
103000156,2,90,-88
103000157,476,0,476
103000159,165,18,147
103000162,29,28,1
103000163,4,24,-20
103000164,10,15,-5
103000165,90,83,7
103000166,309,667,-358
103000167,227,255,-28
103000168,200,133,67
103000169,419,980,-561
103000170,2005,249,1756
103000171,7,196,-189
103000172,1261,102,1159
103000173,1444,91,1353
103000174,555,205,350
103000175,552,81,471
103000176,915,1075,-160
103000177,211,613,-402
103000178,74,197,-123
103000179,142,56,86
103000183,707,73,634
103000185,202,72,130
103000186,428,58,370
103000187,1720,72,1648
103000188,11,58,-47
103000189,808,607,201
103000191,277,140,137
103000292,402,2048,-1646
103000293,321,3787,-3466
103000295,36,148,-112
103000296,73,1,72
103000297,0,29,-29
103000504,6,9,-3
103000505,2,26,-24
103000506,0,93,-93
103000507,274,1,273
103000508,32,39,-7
103000509,229,475,-246
103900001,4,5,-1
103900002,627,39,588
103900003,747,982,-235
103900004,122,0,122
103900005,3,58,-55
103900006,55,2,53
103900007,107,3,104
103900008,21,0,21
103900010,346,67,279
103900012,28,108,-80
103900014,140,17,123
103900015,168,6,162
103900017,123,51,72
103900018,146,33,113
103900019,23,620,-597
103900020,418,276,142
103900021,27,42,-15
103900022,570,369,201
103900023,272,0,272
103900024,141,159,-18
103900025,6,1,5
103900026,2,0,2
103900027,340,114,226
103900028,344,219,125
103900029,1404,83,1321
103900030,237,50,187
103900031,97,0,97
103900032,152,123,29
103900033,75,19,56
103900034,71,52,19
103900035,184,111,73
103900036,18,26,-8
103900037,223,54,169
103900038,76,223,-147
103900039,232,51,181
103900040,17,72,-55
103900041,118,27,91
103900042,202,36,166
103900043,471,23,448
103900044,7,645,-638
103900045,384,265,119
103900047,105,6,99
103900048,4,88,-84
103900049,84,752,-668
103900050,13,127,-114
103900051,0,51,-51
103900053,571,101,470
103900054,297,96,201
103900055,214,56,158
103900056,155,83,72
103900057,330,49,281
103900058,564,120,444
103900059,2,233,-231
103900060,146,37,109
103900061,315,2,313
103900062,1037,260,777
103900063,1,0,1
103900064,327,0,327
103900065,55,449,-394
103900066,286,28,258
103900067,324,15,309
103900068,2,0,2
103900069,131,11,120
103900070,176,151,25
103900071,38,34,4
103900072,80,60,20
103900073,60,27,33
103900074,204,7,197
103900075,311,17,294
103900076,849,124,725
103900077,15,143,-128
103900078,419,54,365
103900079,56,148,-92
103900080,1,3,-2
103900081,26,15,11
103900082,39,76,-37
103900083,931,1994,-1063
103900084,11,194,-183
103900085,35,67,-32
103900086,2289,276,2013
103900088,208,450,-242
103900089,57,162,-105
103900090,1,54,-53
103900091,623,51,572
103900092,610,310,300
103900093,39,206,-167
103900094,12,25,-13
103900095,690,502,188
103900096,211,19,192
103900097,56,99,-43
103900098,508,74,434
103900099,381,31,350
103900100,425,36,389
103900101,1788,705,1083
103900102,2,94,-92
103900104,1,3,-2
103900105,31,32,-1
103900106,8,1838,-1830
103900107,273,15,258
103900108,129,68,61
103900109,320,15,305
103900110,336,17,319
103900111,368,118,250
103900112,34,20,14
103900113,46,37,9
103900114,548,282,266
103900115,221,116,105
103900116,959,3051,-2092
103900117,28,19,9
103900119,15,220,-205
103900120,113,29,84
103900122,219,25,194
103900123,194,733,-539
103900124,28,144,-116
103900125,151,33,118
103900126,756,60,696
103900127,151,140,11
103900128,404,174,230
103900131,60,62,-2
103900133,746,18,728
103900134,0,14,-14
103900135,0,0,0
103900137,0,11,-11
103900138,359,15,344
103900139,219,3746,-3527
103900140,3,496,-493
103900141,133,14,119
103900142,800,56,744
103900143,375,0,375
103900144,0,28,-28
103900145,133,95,38
103900146,321,185,136
103900147,585,39,546
103900148,1410,226,1184
103900149,340,88,252
103900150,3062,5555,-2493
103900151,13,67,-54
103900152,1486,126,1360
103900153,22,12,10
103900154,286,2722,-2436
103900155,59,15,44
103900156,28,5,23
103900157,302,19,283
103900158,546,6,540
103900159,555,8,547
103900160,30,22,8
103900161,62,73,-11
103900162,173,95,78
103900163,14,186,-172
103900167,5,80,-75
103900168,46,37,9
103900169,9,28,-19
103900170,0,30,-30
103900171,1,13,-12
103900172,6,4,2
103900173,32,33,-1
103900174,378,27,351
103900175,25,148,-123
103900176,9,35,-26
103900177,2,8,-6
103900178,79,1,78
103900179,101,17,84
103900180,2,14,-12
103900181,13,38,-25
103900182,26,19,7
103900184,146,45,101
103900185,21,1312,-1291
103900187,19,145,-126
103900188,183,95,88
103900189,243,5,238
103900190,159,29,130
103900191,25,19,6
103900192,58,40,18
103900193,22,24,-2
103900194,73,59,14
103900195,4,262,-258
103900196,75,49,26
103900197,11,51,-40
103900198,10,3,7
103900199,158,41,117
103900200,241,19,222
103900201,39,11,28
103900202,0,51,-51
103900203,61,49,12
103900204,0,20,-20
103900207,0,26,-26
103900208,176,1,175
103900209,1,44,-43
103900210,62,66,-4
103900211,1014,136,878
103900212,565,71,494
103900213,8,155,-147
103900214,129,409,-280
103900215,84,329,-245
103900216,23,64,-41
103900217,382,5,377
103900218,67,499,-432
103900219,393,70,323
103900233,83,5,78
103900235,28,85,-57
103900236,8,28,-20
103900242,0,11,-11
103900243,0,5,-5
103900244,103,60,43
103900245,171,73,98
103900246,12,44,-32
103900247,25,51,-26
103900248,2,35,-33
103900249,0,107,-107
103900250,28,9,19
103900251,1,22,-21
103900253,0,40,-40
103900254,1,17,-16
103900255,1,53,-52
103900256,30,20,10
103900257,140,201,-61
103900258,23,12,11
103900259,8,23,-15
103900261,81,0,81
103900262,34,5,29
103900263,19,55,-36
103900264,13,0,13
103900265,9,0,9
103900266,1,63,-62
103900267,1,55,-54
103900268,98,18,80
103900269,455,10,445
103900270,148,56,92
103900271,82,14,68
103900272,66,31,35
103900273,183,2,181
103900274,425,1,424
103900275,299,7,292
103900276,19,17,2
103900277,19,14,5
103900278,5,4,1
103900279,2,63,-61
103900280,6,34,-28
104000001,3236,1590,1646
104000002,2434,1097,1337
104000003,2033,1115,918
104000004,3340,1295,2045
104000005,2466,1322,1144
104000006,2714,1933,781
104000007,4851,3213,1638
104000008,158,133,25
104000009,274,82,192
104000010,183,533,-350
104000011,160,105,55
104000012,151,84,67
104000013,269,497,-228
104000014,273,119,154
104000015,498,113,385
104000016,346,121,225
104000018,850,259,591
104000019,930,343,587
104000020,22,191,-169
104000021,418,189,229
104000022,398,356,42
104000023,1605,393,1212
104000024,336,193,143
104000026,54,121,-67
104000027,353,94,259
104000028,580,309,271
104000029,386,199,187
104000030,579,330,249
104000031,1661,100,1561
104000032,129,103,26
104000033,909,176,733
104000034,275,74,201
104000035,1201,198,1003
104000036,1247,239,1008
104000037,139,89,50
104000038,583,516,67
104000039,205,64,141
104000040,86,619,-533
104000041,1214,557,657
104000042,111,89,22
104000043,145,296,-151
104000044,215,1794,-1579
104000045,756,658,98
104000046,658,537,121
104000047,662,556,106
104000048,887,418,469
104000049,673,319,354
104000050,102,500,-398
104000051,197,884,-687
104000052,3104,2782,322
104000053,1511,583,928
104000054,496,242,254
104000055,1910,1485,425
104000056,794,401,393
104000057,689,198,491
104000058,1347,748,599
104000059,937,893,44
104000060,1258,1626,-368
104000061,1248,522,726
104000062,665,108,557
104000064,693,179,514
104000065,106,447,-341
104000069,346,1544,-1198
104000070,42,548,-506
104000071,616,193,423
104000072,902,276,626
104000075,14,179,-165
104000076,806,29,777
104000082,1764,2672,-908
104000083,538,136,402
104000084,95,179,-84
104000085,588,195,393
104000086,267,306,-39
104000087,316,1274,-958
104000090,1241,387,854
104000092,1974,463,1511
104000094,712,527,185
104000095,2957,1192,1765
104000096,3111,14,3097
104000097,3479,282,3197
104000098,4413,277,4136
104000100,2978,783,2195
104000101,1802,1136,666
104000106,78,481,-403
104000107,594,149,445
104000108,234,192,42
104000109,352,106,246
104000110,754,1148,-394
104000111,1675,4493,-2818
104000112,625,538,87
104000116,0,385,-385
104000117,416,154,262
104000118,2222,167,2055
104000119,1182,343,839
104000120,460,444,16
104000121,447,221,226
104000122,744,366,378
104000123,717,450,267
104000124,232,890,-658
104000125,1156,5053,-3897
104000126,480,381,99
104000127,1348,1102,246
104000128,627,79,548
104000129,433,18,415
104000130,4,443,-439
104000131,187,385,-198
104000132,342,681,-339
104000133,1714,543,1171
104000134,684,1412,-728
104000135,413,1051,-638
104000136,458,1728,-1270
104000137,1480,221,1259
104000138,1052,236,816
104000139,1730,1899,-169
104000141,613,316,297
104000142,706,250,456
104000143,924,177,747
104000144,171,281,-110
104000145,295,78,217
104000146,136,374,-238
104000147,130,358,-228
104000148,495,94,401
104000149,224,58,166
104000150,1110,248,862
104000151,485,104,381
104000152,780,109,671
104000153,849,368,481
104000154,536,136,400
104000155,386,710,-324
104000157,1121,596,525
104000158,147,216,-69
104000159,853,318,535
104000160,1383,2224,-841
104000161,162,64,98
104000162,99,78,21
104000165,1284,743,541
104000167,669,1578,-909
104000168,1404,12,1392
104000169,255,29,226
104000170,166,252,-86
104000248,458,400,58
104000251,73,127,-54
104000272,0,0,0
104000273,0,0,0
104000274,0,0,0
104000275,0,0,0
104000279,1648,1617,31
104000290,53,277,-224
104000291,508,1250,-742
104000293,1451,952,499
104000294,227,0,227
104000295,908,702,206
104000296,907,535,372
104000297,1033,1615,-582
104000298,1590,608,982
104000299,1496,524,972
104000302,115,78,37
104000303,171,171,0
104900001,60,111,-51
104900002,43,301,-258
104900003,109,95,14
104900004,133,57,76
104900005,772,122,650
104900006,831,113,718
104900007,756,106,650
104900009,163,100,63
104900010,169,4,165
104900011,1,4,-3
104900012,205,52,153
104900013,57,11,46
104900014,946,98,848
104900015,132,6,126
104900016,181,80,101
104900017,83,121,-38
104900018,0,56,-56
104900019,78,5365,-5287
104900020,58,146,-88
104900021,0,21,-21
104900022,0,138,-138
104900023,0,25,-25
104900024,5,213,-208
104900025,47,84,-37
104900026,1,37,-36
104900027,815,276,539
104900028,23,77,-54
104900029,8,22,-14
104900030,405,135,270
104900031,9,125,-116
104900032,18,69,-51
104900033,471,92,379
104900034,311,96,215
104900035,546,153,393
104900036,329,30,299
104900037,237,41,196
104900038,77,2454,-2377
104900039,163,430,-267
104900040,472,30,442
104900041,412,64,348
104900042,205,71,134
104900043,45,533,-488
104900044,1252,72,1180
104900045,441,28,413
104900046,933,71,862
104900047,520,64,456
104900048,574,59,515
104900049,153,34,119
104900050,1025,126,899
104900051,428,22,406
104900052,236,1,235
104900053,882,48,834
104900054,429,64,365
104900055,561,0,561
104900056,419,8,411
104900057,104,2,102
104900058,603,23,580
104900059,141,29,112
104900061,202,97,105
104900063,28,163,-135
104900064,0,65,-65
104900065,0,285,-285
104900066,1,13,-12
104900067,0,629,-629
104900068,62,481,-419
104900070,41,137,-96
104900071,0,145,-145
104900072,31,64,-33
104900073,83,70,13
104900074,82,45,37
104900075,32,17,15
104900076,267,77,190
104900077,321,75,246
104900078,245,110,135
104900079,70,1234,-1164
104900080,259,163,96
104900082,0,147,-147
104900085,83,206,-123
104900089,760,1,759
104900091,298,340,-42
104900093,155,182,-27
104900097,839,3430,-2591
104900098,289,41,248
104900099,27,489,-462
104900100,223,59,164
104900102,58,96,-38
104900103,284,29,255
104900106,359,68,291
104900107,35,121,-86
104900108,4,230,-226
104900109,207,318,-111
104900110,13,16,-3
104900111,180,17,163
104900112,320,88,232
104900113,824,95,729
104900114,833,334,499
104900115,1191,85,1106
104900116,627,40,587
104900118,12,18,-6
104900119,0,40,-40
104900120,44,1401,-1357
104900121,0,10,-10
104900122,2,35,-33
104900123,321,18,303
104900124,213,1,212
104900125,306,0,306
104900126,29,10,19
104900127,18,21,-3
104900128,102,24,78
104900129,443,2794,-2351
105000001,3204,1032,2172
105000002,2110,1477,633
105000003,2309,3001,-692
105000004,1402,577,825
105000005,2058,1261,797
105000006,1320,1852,-532
105000007,1669,2554,-885
105000008,739,2882,-2143
105000009,3839,3855,-16
105000010,2265,769,1496
105000011,3236,3683,-447
105000012,1848,1383,465
105000013,1261,1542,-281
105000014,4164,3665,499
105000015,6283,13249,-6966
105000016,819,674,145
105000017,1642,956,686
105000018,479,1654,-1175
105000019,909,1011,-102
105000020,21,419,-398
105000021,316,136,180
105000022,83,138,-55
105000023,948,144,804
105000028,23,62,-39
105000029,577,971,-394
105000030,2604,2081,523
105000031,11,74,-63
105000033,1167,636,531
105000034,60,1543,-1483
105000037,974,138,836
105000038,906,1527,-621
105000039,502,813,-311
105000040,835,1657,-822
105000041,174,469,-295
105000042,1623,1246,377
105000043,514,348,166
105000044,709,240,469
105000045,228,168,60
105000046,1479,175,1304
105000047,517,192,325
105000048,1698,286,1412
105000049,243,377,-134
105000050,1293,545,748
105000051,240,297,-57
105000052,748,1238,-490
105000053,96,138,-42
105000054,528,981,-453
105000055,1001,635,366
105000056,2357,2660,-303
105000057,1966,2089,-123
105000058,1406,1120,286
105000059,1858,649,1209
105000060,754,369,385
105000061,2091,487,1604
105000062,869,422,447
105000063,491,195,296
105000064,3431,596,2835
105000065,604,242,362
105000066,1149,652,497
105000067,1901,871,1030
105000068,432,568,-136
105000069,1029,3582,-2553
105000070,516,992,-476
105000071,244,2244,-2000
105000072,1865,8963,-7098
105000073,1507,710,797
105000074,522,384,138
105000075,535,425,110
105000076,1173,730,443
105000077,1973,580,1393
105000078,508,783,-275
105000079,619,1692,-1073
105000080,1520,1545,-25
105000081,784,886,-102
105000082,693,1153,-460
105000083,1514,1678,-164
105000084,635,757,-122
105000085,2283,1955,328
105000086,1026,797,229
105000087,1571,1610,-39
105000088,2152,3783,-1631
105000089,1442,1119,323
105000090,470,290,180
105000091,462,366,96
105000092,434,322,112
105000093,251,273,-22
105000094,264,100,164
105000095,172,533,-361
105000096,1429,1725,-296
105000097,466,541,-75
105000098,1788,1277,511
105000099,620,875,-255
105000100,2411,1573,838
105000101,3182,829,2353
105000102,2118,1215,903
105000103,1378,1343,35
105000104,3037,3138,-101
105000105,1420,2950,-1530
105000106,2233,481,1752
105000107,2429,1039,1390
105000108,2446,701,1745
105000109,3523,487,3036
105000110,1396,220,1176
105000111,2276,311,1965
105000112,1424,337,1087
105000113,748,675,73
105000114,992,1256,-264
105000115,265,2401,-2136
105000116,1611,595,1016
105000117,1534,340,1194
105000118,1594,317,1277
105000119,1026,358,668
105000120,2474,428,2046
105000121,1481,413,1068
105000122,555,900,-345
105000123,800,359,441
105000124,2908,437,2471
105000125,1446,952,494
105000126,2836,1068,1768
105000127,3486,999,2487
105000128,920,1189,-269
105000129,1888,1498,390
105000130,132,3899,-3767
105000131,333,82,251
105000132,1942,917,1025
105000133,316,370,-54
105000134,2135,239,1896
105000135,300,298,2
105000136,106,62,44
105000137,949,139,810
105000138,193,77,116
105000139,953,245,708
105000140,834,278,556
105000141,563,129,434
105000142,572,390,182
105000143,284,234,50
105000144,432,353,79
105000145,936,133,803
105000146,580,333,247
105000147,696,267,429
105000148,1006,539,467
105000149,3949,1158,2791
105000150,1525,423,1102
105000151,1414,270,1144
105000152,320,626,-306
105000153,1834,239,1595
105000154,1245,445,800
105000155,990,216,774
105000156,369,348,21
105000157,950,401,549
105000158,3608,422,3186
105000159,442,308,134
105000160,4756,600,4156
105000161,935,370,565
105000162,780,3670,-2890
105000163,1189,497,692
105000164,134,231,-97
105000165,637,12814,-12177
105000166,2595,2585,10
105000167,1300,4539,-3239
105000168,597,295,302
105000169,1377,115,1262
105000170,664,1045,-381
105000171,1728,228,1500
105000172,734,5,729
105000173,1043,10,1033
105000174,229,24,205
105000175,249,54,195
105000176,1063,67,996
105000177,652,289,363
105000178,589,87,502
105000179,1935,50,1885
105000180,600,42,558
105000181,337,103,234
105000182,95,76,19
105000183,1828,3227,-1399
105000184,295,731,-436
105000185,374,1329,-955
105000186,470,682,-212
105000187,764,332,432
105000188,143,176,-33
105000189,133,340,-207
105000190,293,217,76
105000191,503,252,251
105000192,400,49,351
105000193,129,71,58
105000194,1015,85,930
105000195,374,224,150
105000196,83,479,-396
105000197,147,291,-144
105000198,158,78,80
105000199,79,1286,-1207
105000200,134,512,-378
105000201,115,71,44
105000203,48,76,-28
105000204,81,47,34
105000205,130,57,73
105000207,183,63,120
105000208,157,276,-119
105000209,186,43,143
105000211,857,8,849
105000212,1710,364,1346
105000213,66,46,20
105000214,189,124,65
105000215,373,129,244
105000216,344,57,287
105000217,194,43,151
105000218,3256,884,2372
105000221,128,131,-3
105000222,604,127,477
105000223,737,246,491
105000226,252,67,185
105000227,95,76,19
105000228,14,1304,-1290
105000229,210,676,-466
105000231,446,103,343
105000233,1336,1233,103
105000234,305,683,-378
105000235,703,491,212
105000237,1623,77,1546
105000243,115,21,94
105000248,82,80,2
105000262,832,210,622
105000269,86,148,-62
105000270,942,9,933
105000271,0,183,-183
105000282,74,43,31
105000287,151,74,77
105000288,1383,1340,43
105000289,591,1130,-539
105000290,58,14,44
105000402,1195,3874,-2679
105000426,228,272,-44
105000438,778,764,14
105000440,46,15,31
105000446,5107,3109,1998
105000447,1445,866,579
105000454,727,76,651
105000455,179,76,103
105000474,170,0,170
105000477,1488,534,954
105000478,2751,5390,-2639
105000479,72,159,-87
105000480,3611,5777,-2166
105000481,4440,4043,397
105000482,1677,1945,-268
105000483,1701,2911,-1210
105000484,1136,1199,-63
105000485,806,3549,-2743
105000486,1348,1442,-94
105000488,1952,1309,643
105000489,2211,727,1484
105000549,200,341,-141
105000550,436,456,-20
105000551,4,68,-64
105000552,1769,850,919
105000555,814,1566,-752
105000556,74,28,46
105000557,46,122,-76
105900001,3,1581,-1578
105900002,654,1828,-1174
105900003,15,121,-106
105900004,212,40,172
105900005,14,760,-746
105900006,3,28,-25
105900007,37,54,-17
105900008,199,133,66
105900009,74,46,28
105900011,122,7,115
105900012,421,47,374
105900013,2,17,-15
105900014,3,37,-34
105900015,74,228,-154
105900016,808,146,662
105900017,2882,47,2835
105900018,204,109,95
105900019,116,65,51
105900020,77,23,54
105900021,49,83,-34
105900022,315,93,222
105900023,28,32,-4
105900024,2,353,-351
105900025,598,1,597
105900026,158,2,156
105900027,7859,2774,5085
105900028,178,290,-112
105900029,1536,144,1392
105900030,174,257,-83
105900031,472,94,378
105900032,141,53,88
105900033,103,136,-33
105900034,580,92,488
105900035,504,168,336
105900036,118,113,5
105900037,335,7,328
105900038,204,253,-49
105900039,204,89,115
105900040,192,41,151
105900041,273,83,190
105900042,117,249,-132
105900043,561,52,509
105900044,0,422,-422
105900045,5,1820,-1815
105900046,1,60,-59
105900047,12,41,-29
105900048,96,321,-225
105900050,757,4127,-3370
105900051,17,530,-513
105900052,1052,90,962
105900053,2627,5192,-2565
105900054,226,168,58
105900056,298,559,-261
105900057,6,72,-66
105900058,11,9,2
105900059,2,229,-227
106000001,1776,2284,-508
106000002,830,1982,-1152
106000003,3575,4258,-683
106000004,1162,1729,-567
106000005,4548,3130,1418
106000006,4570,1245,3325
106000007,605,244,361
106000008,363,216,147
106000009,577,154,423
106000010,233,433,-200
106000011,2013,669,1344
106000012,923,503,420
106000013,1672,1133,539
106000014,1285,1065,220
106000015,2614,597,2017
106000016,1464,931,533
106000017,908,512,396
106000018,556,326,230
106000019,570,239,331
106000020,412,165,247
106000021,599,272,327
106000022,305,132,173
106000023,795,241,554
106000024,524,254,270
106000025,218,210,8
106000026,84,159,-75
106000027,2532,1046,1486
106000028,993,205,788
106000029,1043,600,443
106000030,197,328,-131
106000034,57,303,-246
106000035,1276,1291,-15
106000036,38,381,-343
106000037,836,672,164
106000038,87,161,-74
106000039,68,162,-94
106000040,51,686,-635
106000041,702,365,337
106000043,412,192,220
106000046,251,27,224
106000047,82,243,-161
106000049,1972,125,1847
106000050,221,312,-91
106000051,1517,734,783
106000052,87,125,-38
106000053,685,76,609
106000054,249,85,164
106000055,1309,270,1039
106000056,222,175,47
106000057,726,114,612
106000058,233,23,210
106000059,682,236,446
106000060,133,180,-47
106000061,193,633,-440
106000062,148,152,-4
106000063,1291,814,477
106000064,7,186,-179
106000065,531,143,388
106000066,154,566,-412
106000067,643,72,571
106000068,132,179,-47
106000069,650,88,562
106000070,412,160,252
106000071,985,133,852
106000072,2172,1158,1014
106000073,1346,6985,-5639
106000074,969,704,265
106000075,504,855,-351
106000076,1081,1148,-67
106000077,1454,379,1075
106000078,1867,281,1586
106000079,999,434,565
106000080,1713,163,1550
106000081,1089,435,654
106000082,1634,283,1351
106000083,579,614,-35
106000084,826,372,454
106000085,1318,590,728
106000086,319,298,21
106000087,698,259,439
106000088,320,296,24
106000089,1399,172,1227
106000090,461,334,127
106000091,275,449,-174
106000092,1005,239,766
106000093,755,27,728
106000094,208,183,25
106000095,1517,340,1177
106000096,1956,290,1666
106000097,2095,877,1218
106000098,1517,462,1055
106000099,105,340,-235
106000100,2462,224,2238
106000101,1181,136,1045
106000102,73,460,-387
106000103,290,831,-541
106000104,1488,608,880
106000105,401,486,-85
106000106,1369,145,1224
106000107,370,196,174
106000108,858,86,772
106000109,343,101,242
106000110,698,128,570
106000111,274,142,132
106000112,457,1071,-614
106000113,628,472,156
106000114,525,1245,-720
106000115,357,258,99
106000116,618,114,504
106000117,959,413,546
106000118,1825,1364,461
106000119,1033,321,712
106000120,1142,2367,-1225
106000121,513,114,399
106000122,458,88,370
106000123,1392,57,1335
106000124,352,93,259
106000125,78,85,-7
106000126,723,64,659
106000127,2752,361,2391
106000128,2126,216,1910
106000129,1407,195,1212
106000130,1679,179,1500
106000131,404,790,-386
106000132,979,68,911
106000133,1198,2320,-1122
106000134,644,4604,-3960
106000135,288,482,-194
106000136,1369,2241,-872
106000137,220,897,-677
106000138,4308,92,4216
106000139,118,52,66
106000140,59,22,37
106000141,114,10,104
106000142,131,42,89
106000143,40,33,7
106000144,94,71,23
106000145,661,83,578
106000146,808,90,718
106000147,1693,343,1350
106000148,2657,504,2153
106000149,1220,290,930
106000150,1442,3136,-1694
106000151,3077,535,2542
106000152,1076,3833,-2757
106000153,167,1747,-1580
106000154,1221,62,1159
106000155,258,307,-49
106000156,2116,94,2022
106000157,615,1612,-997
106000158,1159,429,730
106000159,2243,2825,-582
106000160,939,5103,-4164
106000161,528,131,397
106000162,620,1981,-1361
106000163,445,103,342
106000164,1024,372,652
106000165,184,224,-40
106000166,1921,187,1734
106000167,582,441,141
106000168,1439,144,1295
106000169,388,431,-43
106000170,1375,147,1228
106000171,232,765,-533
106000172,2875,994,1881
106000173,984,1431,-447
106000174,1997,202,1795
106000175,255,207,48
106000176,3580,438,3142
106000177,1605,789,816
106000178,4079,627,3452
106000179,969,663,306
106000180,1502,499,1003
106000181,3549,809,2740
106000182,2684,233,2451
106000183,2714,146,2568
106000184,1908,264,1644
106000185,2813,1585,1228
106000186,381,36,345
106000187,135,2176,-2041
106000188,0,2,-2
106000189,19,18,1
106000190,36,3,33
106000191,498,67,431
106000192,0,22,-22
106000193,288,281,7
106000194,107,385,-278
106000195,126,58,68
106000196,57,803,-746
106000197,874,690,184
106000198,223,378,-155
106000199,512,2368,-1856
106000200,272,253,19
106000201,543,10199,-9656
106000202,2085,623,1462
106000203,11,130,-119
106000204,156,1,155
106000205,3,136,-133
106000206,83,23,60
106000207,29,270,-241
106000208,2253,43,2210
106000209,3180,136,3044
106000210,594,262,332
106000211,261,778,-517
106000212,2160,365,1795
106000213,307,892,-585
106000214,1242,230,1012
106000215,383,696,-313
106000216,888,306,582
106000217,148,410,-262
106000218,330,119,211
106000219,206,148,58
106000220,857,157,700
106000221,400,65,335
106000222,206,64,142
106000223,636,49,587
106000224,368,65,303
106000225,125,162,-37
106000226,90,51,39
106000228,26,55,-29
106000229,241,405,-164
106000231,2108,87,2021
106000232,161,363,-202
106000233,831,105,726
106000234,115,1476,-1361
106000235,375,1716,-1341
106000236,87,1840,-1753
106000237,0,13,-13
106000238,2,156,-154
106000239,0,217,-217
106000240,20,12,8
106000241,6,625,-619
106000242,465,13,452
106000249,155,82,73
106000250,103,1042,-939
106000251,185,4,181
106000252,25,321,-296
106000253,137,41,96
106000254,178,27,151
106000255,77,215,-138
106000256,117,27,90
106000257,82,130,-48
106000258,96,627,-531
106000259,28,835,-807
106000260,33,16,17
106000261,2,95,-93
106000262,70,14,56
106000263,45,124,-79
106000264,344,4,340
106000265,49,122,-73
106000266,262,20,242
106000267,22,79,-57
106000268,353,22,331
106000269,158,26,132
106000270,184,200,-16
106000271,96,76,20
106000272,214,53,161
106000273,24,190,-166
106000274,124,23,101
106000275,265,88,177
106000276,35,12,23
106000277,128,137,-9
106000278,161,0,161
106000279,18,14,4
106000280,191,18,173
106000281,92,12,80
106000282,145,31,114
106000283,173,13,160
106000284,343,44,299
106000285,101,65,36
106000286,143,40,103
106000287,77,27,50
106000288,185,30,155
106000289,54,32,22
106000290,146,44,102
106000291,89,33,56
106000292,215,35,180
106000293,84,54,30
106000294,71,9,62
106000295,21,57,-36
106000296,11,31,-20
106000297,25,87,-62
106000298,22,156,-134
106000299,32,27,5
106000300,27,52,-25
106000301,19,96,-77
106000303,150,28,122
106000304,114,16,98
106000305,244,17,227
106000306,90,46,44
106000307,332,5,327
106000308,129,37,92
106000309,36,10,26
106000310,368,93,275
106000311,499,119,380
106000312,268,102,166
106000313,392,42,350
106000318,106,317,-211
106000319,2690,576,2114
106000320,5,224,-219
106000321,279,492,-213
106000322,459,71,388
106000324,102,124,-22
106000325,2348,323,2025
106000326,872,616,256
106000327,546,35,511
106000328,31,498,-467
106000329,31,631,-600
106000330,9,173,-164
106000428,95,235,-140
106000429,131,266,-135
106000430,233,1194,-961
106000431,3322,393,2929
106000432,623,1318,-695
106000433,2959,1018,1941
106000434,4175,859,3316
106000435,1016,1062,-46
106000436,11,100,-89
106000437,1349,29,1320
106000438,234,588,-354
106000439,33,674,-641
106000440,254,245,9
106000441,13,2,11
106000442,1996,13,1983
106000443,485,113,372
106000450,1,79,-78
106000451,20,274,-254
106000454,1,245,-244
106000455,3,98,-95
106000456,262,7,255
106000457,62,243,-181
106000458,2079,86,1993
106000459,1095,49,1046
106000460,3167,18,3149
106000461,821,156,665
106000462,2,76,-74
106000463,2,16,-14
106000464,3,267,-264
106000465,1384,13,1371
106000466,0,141,-141
106000467,177,301,-124
106000468,233,69,164
106000469,94,0,94
106000470,358,2949,-2591
106000471,19,205,-186
106000472,587,3,584
106000473,74,7,67
106000474,704,253,451
106000475,1210,225,985
106000476,248,438,-190
106000477,162,103,59
106000480,2,1835,-1833
106900001,0,0,0
106900002,0,86,-86
106900003,50,953,-903
106900004,38,12,26
106900006,0,1,-1
106900007,0,1,-1
106900008,1114,67,1047
106900009,867,70,797
106900010,496,139,357
106900012,642,4038,-3396
106900013,940,229,711
106900014,245,1,244
106900015,47,0,47
106900016,485,28,457
106900017,34,3,31
106900018,33,1,32
106900019,332,10,322
106900020,1007,3596,-2589
106900021,208,48,160
106900022,1665,17,1648
106900023,994,126,868
106900024,882,38,844
106900025,2,205,-203
106900026,2,98,-96
106900027,2103,3,2100
107000001,3434,3406,28
107000002,1473,1617,-144
107000003,9760,7682,2078
107000004,3077,1270,1807
107000005,11612,7750,3862
107000006,3164,1797,1367
107000007,4973,7180,-2207
107000008,3633,2575,1058
107000009,9725,7292,2433
107000010,4747,2930,1817
107000011,776,872,-96
107000012,1896,3696,-1800
107000013,203,39,164
107000014,187,94,93
107000015,706,304,402
107000016,1339,433,906
107000017,625,782,-157
107000018,2,719,-717
107000020,755,552,203
107000021,868,329,539
107000022,1249,2608,-1359
107000023,1843,144,1699
107000024,944,2757,-1813
107000025,501,214,287
107000026,345,424,-79
107000027,2858,481,2377
107000028,1836,455,1381
107000029,5590,2815,2775
107000030,2450,1170,1280
107000031,6969,2267,4702
107000032,303,532,-229
107000033,1843,3618,-1775
107000034,2259,763,1496
107000035,595,158,437
107000036,366,1306,-940
107000037,152,442,-290
107000038,268,65,203
107000039,1391,707,684
107000040,360,76,284
107000041,802,349,453
107000042,592,2306,-1714
107000043,1278,546,732
107000044,229,96,133
107000045,15,105,-90
107000046,869,178,691
107000047,470,311,159
107000048,569,150,419
107000049,438,388,50
107000050,887,213,674
107000051,180,284,-104
107000052,744,2675,-1931
107000053,283,713,-430
107000054,27,169,-142
107000055,318,105,213
107000056,673,538,135
107000057,1370,88,1282
107000058,2350,1822,528
107000059,1988,1870,118
107000060,7384,3597,3787
107000061,3767,1458,2309
107000062,9568,2977,6591
107000063,3624,1603,2021
107000064,7036,5359,1677
107000065,1919,2699,-780
107000066,1398,2845,-1447
107000067,1532,843,689
107000068,701,771,-70
107000069,1317,823,494
107000070,1252,3,1249
107000071,6712,36,6676
107000072,9,579,-570
107000073,1727,1115,612
107000074,26,287,-261
107000075,2793,105,2688
107000076,171,560,-389
107000077,3512,336,3176
107000078,472,536,-64
107000079,4379,773,3606
107000080,364,724,-360
107000081,5123,666,4457
107000082,483,520,-37
107000083,1977,1323,654
107000084,116,656,-540
107000085,2557,2628,-71
107000086,2611,1528,1083
107000087,3204,2973,231
107000088,2744,2210,534
107000089,1627,2141,-514
107000090,1352,619,733
107000091,2039,747,1292
107000092,930,451,479
107000093,1698,1047,651
107000094,1062,465,597
107000095,2422,783,1639
107000096,854,506,348
107000097,2954,616,2338
107000098,499,582,-83
107000099,954,416,538
107000100,187,352,-165
107000101,83,245,-162
107000102,194,270,-76
107000103,601,359,242
107000104,194,284,-90
107000105,843,1189,-346
107000106,234,137,97
107000107,1283,114,1169
107000108,284,265,19
107000109,1960,147,1813
107000110,206,129,77
107000111,1312,40,1272
107000112,24,58,-34
107000113,1930,66,1864
107000114,100,234,-134
107000115,1244,1074,170
107000116,155,203,-48
107000117,241,5236,-4995
107000118,68,63,5
107000119,1111,1745,-634
107000120,589,1309,-720
107000121,1157,571,586
107000122,599,428,171
107000123,882,272,610
107000124,791,152,639
107000125,1945,303,1642
107000126,2453,145,2308
107000129,433,318,115
107000130,1286,136,1150
107000131,406,281,125
107000132,806,186,620
107000133,307,103,204
107000134,255,1,254
107000135,4,215,-211
107000136,527,2,525
107000137,4,296,-292
107000138,129,39,90
107000139,8,322,-314
107000140,2104,56,2048
107000141,49,1437,-1388
107000142,704,32,672
107000143,13,1581,-1568
107000144,750,709,41
107000145,62,578,-516
107000146,190,311,-121
107000147,4314,590,3724
107000150,139,4940,-4801
107000151,7,16,-9
107000152,328,2977,-2649
107000153,50,149,-99
107000154,8,53,-45
107000155,1210,1,1209
107000156,1592,4,1588
107000157,39,349,-310
107000158,1747,18,1729
107000159,21,251,-230
107000160,2886,207,2679
107000161,103,218,-115
107000162,374,1011,-637
107000163,489,2,487
107000164,2118,0,2118
107000165,2790,10,2780
107000166,11,199,-188
107000167,1703,271,1432
107000168,1308,596,712
107000169,228,313,-85
107000170,5235,645,4590
107000171,694,316,378
107000172,2492,2223,269
107000173,513,213,300
107000174,1348,8002,-6654
107000175,2532,412,2120
107000176,0,0,0
107000177,0,0,0
107000178,245,2,243
107000179,588,592,-4
107000180,2500,139,2361
107000181,665,347,318
107000182,2779,279,2500
107000183,359,286,73
107000184,2097,393,1704
107000185,442,467,-25
107000186,1021,113,908
107000187,1424,1168,256
107000188,790,345,445
107000189,1117,398,719
107000190,1288,465,823
107000191,1513,562,951
107000192,2065,222,1843
107000193,389,270,119
107000194,739,211,528
107000197,1145,99,1046
107000198,363,337,26
107000199,734,567,167
107000200,985,597,388
107000201,330,192,138
107000202,455,392,63
107000203,430,902,-472
107000204,401,1881,-1480
107000205,638,260,378
107000206,224,729,-505
107000207,380,499,-119
107000208,679,322,357
107000209,258,449,-191
107000210,67,73,-6
107000211,0,51,-51
107000212,11,81,-70
107000213,15,10,5
107000214,23,24,-1
107000215,740,171,569
107000216,594,73,521
107000217,225,620,-395
107000219,90,130,-40
107000220,66,175,-109
107000222,330,161,169
107000224,560,274,286
107000225,221,153,68
107000226,950,356,594
107000227,180,111,69
107000228,144,532,-388
107000229,62,240,-178
107000230,726,405,321
107000231,393,831,-438
107000232,166,21,145
107000233,173,372,-199
107000234,1,94,-93
107000235,50,24,26
107000236,3,585,-582
107000237,62,0,62
107000238,31,8,23
107000239,1894,624,1270
107000240,126,150,-24
107000243,1,46,-45
107000244,4,182,-178
107000246,2,299,-297
107000249,0,409,-409
107000251,1,74,-73
107000252,1,162,-161
107000255,175,96,79
107000257,3,1305,-1302
107000258,10,185,-175
107000259,9,83,-74
107000260,2692,12,2680
107000262,47,136,-89
107000263,766,12,754
107000266,52,14,38
107000267,39,56,-17
107000268,397,17,380
107000269,16,2,14
107000270,473,58,415
107000271,8,1,7
107000272,278,0,278
107000273,36,235,-199
107000274,368,20,348
107000275,121,1862,-1741
107000280,2359,24,2335
107000281,111,268,-157
107000282,45,278,-233
107000290,1,21,-20
107000291,22,7,15
107000292,2,129,-127
107000293,32,0,32
107000294,1,424,-423
107000295,25,1,24
107000296,0,41,-41
107000444,301,2,299
107000496,33,15,18
107000497,876,767,109
107000500,480,117,363
107000501,63,193,-130
107000502,314,244,70
107000505,408,479,-71
107000506,0,0,0
107000508,1,83,-82
107000509,156,733,-577
107000510,99,102,-3
107000514,30,496,-466
107000515,38,52,-14
107000516,685,353,332
107000518,2683,5160,-2477
107000519,562,346,216
107000520,218,30,188
107000521,1926,176,1750
107000522,3140,342,2798
107900001,96,57,39
107900002,22,2,20
107900003,695,19,676
107900004,5,0,5
107900005,4726,49,4677
107900006,168,2,166
107900007,416,15,401
107900008,21,4,17
107900009,103,4,99
107900010,97,2,95
107900012,541,46,495
107900013,272,6,266
107900014,248,3,245
107900015,2795,23,2772
107900016,175,33,142
107900017,38,0,38
107900018,58,414,-356
107900019,5,5,0
107900020,7,29,-22
107900021,299,12,287
107900023,25,0,25
107900024,0,1,-1
107900025,225,24,201
107900026,65,18,47
107900027,9,80,-71
107900028,451,14,437
107900030,444,15,429
107900031,230,61,169
107900032,128,2,126
107900033,44,16,28
107900034,432,16,416
107900035,2771,274,2497
107900036,19,17,2
107900037,0,13,-13
107900038,23,389,-366
107900039,84,10,74
107900040,5,154,-149
107900041,1,2,-1
107900043,191,39,152
107900044,13,27,-14
107900045,211,34,177
107900046,434,807,-373
107900047,101,3,98
107900048,523,29,494
107900049,352,1223,-871
107900050,19,97,-78
107900051,47,24,23
107900052,10,107,-97
107900053,164,35,129
107900055,389,107,282
107900056,75,189,-114
107900057,7,0,7
107900058,20,331,-311
107900060,10,114,-104
107900061,2,8,-6
107900063,144,63,81
107900064,141,998,-857
107900065,1008,18,990
107900066,44,5,39
107900067,1,0,1
107900068,82,567,-485
107900069,5,5230,-5225
107900070,200,176,24
107900071,44,191,-147
107900072,313,15,298
107900073,32,279,-247
107900074,168,420,-252
107900076,212,17,195
107900077,152,2,150
107900079,14,38,-24
107900080,111,1044,-933
107900081,33,20,13
107900082,3,24,-21
107900083,574,272,302
107900084,345,71,274
107900086,40,693,-653
107900087,350,14,336
107900088,96,5,91
107900089,119,441,-322
107900090,876,2066,-1190
107900091,43,69,-26
107900093,47,90,-43
107900095,1354,959,395
107900097,42,69,-27
107900098,221,352,-131
107900100,247,1831,-1584
107900101,369,26,343
107900102,29,2,27
107900103,35,91,-56
107900104,435,2,433
107900105,1,62,-61
107900106,0,160,-160
107900107,734,317,417
107900108,104,14,90
107900109,3005,45,2960
107900110,101,26,75
107900111,0,88,-88
107900112,46,608,-562
107900113,403,11,392
107900114,308,33,275
107900115,0,2,-2
107900116,398,39,359
107900117,237,197,40
107900118,18,51,-33
107900119,189,297,-108
107900120,91,9,82
107900121,6,140,-134
107900122,0,68,-68
107900123,12,146,-134
107900124,2,14,-12
107900125,6,60,-54
107900126,35,71,-36
107900127,1342,221,1121
107900128,68,33,35
107900129,249,1,248
107900130,207,12,195
107900131,64,82,-18
107900132,25,170,-145
107900133,0,6,-6
107900134,14,14,0
107900135,1,30,-29
107900136,48,19,29
107900137,52,54,-2
107900138,182,7,175
107900139,137,12,125
107900141,19,46,-27
107900142,13,767,-754
107900143,15,6,9
107900144,0,27,-27
107900145,2,31,-29
107900146,32,46,-14
107900147,13,1,12
107900148,146,42,104
107900149,456,9,447
107900150,25,140,-115
107900151,13,15,-2
107900152,20,41,-21
107900153,148,118,30
107900154,147,12,135
107900155,173,18,155
107900156,0,54,-54
107900157,19,15,4
107900158,2102,81,2021
107900159,19,193,-174
107900160,203,46,157
107900161,161,20,141
107900162,1,67,-66
107900163,6,16,-10
107900164,64,18,46
107900165,26,536,-510
107900166,39,19,20
107900167,4,48,-44
107900168,136,7,129
107900169,107,1517,-1410
107900171,2,274,-272
107900172,0,46,-46
107900173,83,18,65
107900174,152,5,147
107900175,4,114,-110
107900176,122,3,119
107900177,0,199,-199
107900178,0,82,-82
107900179,73,66,7
107900180,111,1365,-1254
107900181,176,138,38
107900182,1998,423,1575
107900183,104,38,66
107900184,317,631,-314
107900185,203,10,193
107900186,19,8,11
107900187,0,42,-42
107900188,722,78,644
107900189,50,320,-270
107900190,4,120,-116
107900191,49,64,-15
107900193,34,223,-189
107900194,153,9,144
107900195,1626,198,1428
107900196,193,25,168
107900197,172,148,24
107900199,0,251,-251
107900201,49,45,4
107900203,28,19,9
107900204,64,95,-31
107900206,267,762,-495
107900207,0,124,-124
107900208,0,108,-108
107900209,359,125,234
107900210,25,25,0
107900213,259,116,143
107900214,12,44,-32
107900215,94,196,-102
107900216,7,13,-6
107900217,41,81,-40
107900218,5,944,-939
107900219,151,20,131
107900220,64,85,-21
107900221,40,46,-6
107900223,317,70,247
107900224,44,250,-206
107900225,2,169,-167
107900226,9,25,-16
107900227,94,75,19
107900228,88,34,54
107900229,2,44,-42
107900230,67,14,53
107900231,34,30,4
107900232,418,24,394
107900233,3,30,-27
107900234,492,31,461
107900235,2,34,-32
107900236,759,54,705
107900237,7,154,-147
107900238,106,8,98
107900239,119,724,-605
107900240,138,10,128
107900241,2,16,-14
107900242,10,37,-27
107900243,1,18,-17
107900244,258,4,254
107900245,1430,30,1400
107900246,232,47,185
107900248,947,46,901
107900249,1618,174,1444
107900250,1,187,-186
107900251,2,511,-509
107900252,859,76,783
107900253,297,24,273
107900254,81,164,-83
107900255,158,22,136
107900256,736,2261,-1525
107900257,495,138,357
107900258,90,44,46
107900259,12,4759,-4747
107900261,0,107,-107
107900262,113,28,85
107900264,1030,35,995
107900265,147,211,-64
107900267,679,4,675
107900268,3,1,2
107900269,0,7,-7
107900270,1,0,1
107900271,1,55,-54
107900272,23,55,-32
107900273,97,29,68
107900274,169,0,169
107900275,50,1,49
107900276,1,9,-8
107900277,0,30,-30
107900278,579,86,493
107900279,10,27,-17
107900280,3164,867,2297
107900281,869,10667,-9798
107900282,27,1478,-1451
107900283,271,949,-678
107900284,649,225,424
107900285,203,20,183
107900286,7,24,-17
107900287,1198,142,1056
107900290,2,1102,-1100
107900291,496,6,490
107900292,110,44,66
107900293,100,135,-35
107900295,94,12,82
107900297,2,198,-196
107900298,420,384,36
107900299,1180,4032,-2852
107900301,776,893,-117
107900302,100,17,83
107900303,655,154,501
107900304,926,61,865
107900305,549,7,542
107900306,2,29,-27
107900307,10,117,-107
107900308,258,44,214
107900309,17,0,17
107900310,10,0,10
107900311,146,228,-82
107900312,28,0,28
107900313,0,113,-113
107900314,2,362,-360
107900315,3,67,-64
107900316,43,1,42
107900317,78,2,76
107900318,6,139,-133
107900319,1,17,-16
107900320,0,84,-84
107900321,289,1,288
107900322,1,20,-19
107900323,2,64,-62
107900324,90,3,87
107900325,290,1,289
107900326,1017,87,930
107900327,0,78,-78
107900328,1,0,1
107900329,4,132,-128
107900330,16,41,-25
107900331,860,2,858
107900332,786,21,765
107900333,147,14,133
107900334,5,28,-23
107900335,12,53,-41
107900336,17,51,-34
107900337,372,1555,-1183
107900338,7,43,-36
107900339,6,11,-5
107900340,0,172,-172
107900341,43,0,43
107900342,221,30,191
107900343,61,2,59
107900344,9,12,-3
107900345,110,16,94
107900346,55,0,55
107900347,20,1,19
107900348,6,1,5
107900349,20,7,13
107900350,2,58,-56
107900351,25,11,14
107900352,0,27,-27
107900353,78,18,60
107900354,14,25,-11
108000001,5309,3010,2299
108000002,936,935,1
108000003,2762,1420,1342
108000004,6368,6817,-449
108000005,8292,3472,4820
108000006,2473,1732,741
108000007,6464,3113,3351
108000008,1968,2517,-549
108000009,6673,4174,2499
108000010,1855,2070,-215
108000011,13765,9572,4193
108000012,5835,6960,-1125
108000014,457,1268,-811
108000015,1018,241,777
108000016,282,541,-259
108000017,1245,213,1032
108000018,2065,446,1619
108000019,1009,313,696
108000020,1336,234,1102
108000021,107,772,-665
108000022,287,293,-6
108000023,2061,310,1751
108000024,635,109,526
108000025,694,102,592
108000026,1558,84,1474
108000027,1298,137,1161
108000028,1569,150,1419
108000029,1002,255,747
108000030,652,68,584
108000031,177,299,-122
108000032,3556,418,3138
108000033,393,339,54
108000034,2383,463,1920
108000035,530,772,-242
108000036,318,387,-69
108000037,3558,298,3260
108000038,5703,249,5454
108000039,459,588,-129
108000040,3325,845,2480
108000041,358,757,-399
108000042,886,103,783
108000043,194,111,83
108000044,1162,62,1100
108000045,128,129,-1
108000046,2915,140,2775
108000047,230,257,-27
108000048,45,320,-275
108000049,984,199,785
108000050,88,243,-155
108000051,337,297,40
108000052,289,167,122
108000053,565,296,269
108000054,240,387,-147
108000055,1314,357,957
108000056,702,632,70
108000057,941,1120,-179
108000058,1966,5242,-3276
108000059,1188,688,500
108000060,327,790,-463
108000061,262,216,46
108000062,1584,297,1287
108000063,459,218,241
108000064,433,134,299
108000065,713,259,454
108000066,2119,968,1151
108000067,3516,849,2667
108000068,1414,364,1050
108000069,142,264,-122
108000070,2909,335,2574
108000071,297,384,-87
108000072,1733,543,1190
108000073,520,383,137
108000074,968,349,619
108000075,202,151,51
108000076,1203,356,847
108000077,394,218,176
108000078,3812,851,2961
108000079,419,347,72
108000080,2916,666,2250
108000081,639,853,-214
108000082,466,410,56
108000083,2782,520,2262
108000084,270,802,-532
108000085,1579,553,1026
108000086,304,256,48
108000087,136,3105,-2969
108000088,1687,390,1297
108000089,411,304,107
108000091,151,337,-186
108000092,746,102,644
108000093,399,301,98
108000094,1810,169,1641
108000095,296,214,82
108000096,1248,205,1043
108000097,297,371,-74
108000098,3341,862,2479
108000099,1254,199,1055
108000100,147,675,-528
108000101,1563,1360,203
108000102,1419,3010,-1591
108000106,1671,1,1670
108000107,1,192,-191
108000108,839,72,767
108000109,3,270,-267
108000110,759,183,576
108000111,313,418,-105
108000112,31,106,-75
108000113,499,131,368
108000115,343,130,213
108000117,377,211,166
108000118,236,2439,-2203
108000119,492,152,340
108000120,327,1102,-775
108000121,301,224,77
108000122,1581,219,1362
108000123,1752,803,949
108000124,517,1012,-495
108000125,1172,251,921
108000126,383,314,69
108000127,918,1740,-822
108000128,1005,161,844
108000129,344,909,-565
108000130,1043,340,703
108000131,1077,109,968
108000132,449,221,228
108000133,1469,128,1341
108000134,535,143,392
108000135,2041,841,1200
108000136,702,380,322
108000137,677,132,545
108000138,509,376,133
108000139,1044,176,868
108000140,1048,8,1040
108000141,32,18,14
108000142,52,46,6
108000143,44,112,-68
108000144,1616,50,1566
108000145,90,3,87
108000146,1743,47,1696
108000147,35,2,33
108000148,1446,57,1389
108000149,18,2,16
108000150,91,3,88
108000151,44,22,22
108000152,119,81,38
108000153,2136,141,1995
108000154,33,0,33
108000155,148,47,101
108000156,700,265,435
108000157,163,3553,-3390
108000158,16,1259,-1243
108000159,125,179,-54
108000160,1542,1868,-326
108000161,1252,5089,-3837
108000165,2,663,-661
108000172,0,247,-247
108000173,340,2509,-2169
108000175,1227,165,1062
108000178,424,96,328
108000179,125,725,-600
108000181,137,16,121
108000182,106,25,81
108000183,21,91,-70
108000184,201,4483,-4282
108000185,595,75,520
108000186,831,159,672
108000187,243,218,25
108000188,1490,277,1213
108000189,813,20977,-20164
108000190,10,45,-35
108000192,357,113,244
108000193,324,15,309
108000194,18,12,6
108000195,0,454,-454
108000196,106,1274,-1168
108000198,1577,102,1475
108000199,0,331,-331
108000200,1316,141,1175
108000203,506,229,277
108000204,246,37,209
108000205,98,190,-92
108000339,479,255,224
108000364,104,358,-254
108000365,123,312,-189
108000367,95,76,19
108000368,26,34,-8
108000369,276,58,218
108000371,3,281,-278
108000372,1108,11,1097
108000373,207,58,149
108000376,299,15,284
108000377,1511,96,1415
108000378,9392,14993,-5601
108000379,58,209,-151
108000381,237,7,230
108000382,120,0,120
108000383,1,239,-238
108900001,3,119,-116
108900002,162,33,129
108900003,267,161,106
108900004,135,347,-212
108900007,377,111,266
108900008,194,35,159
108900009,161,212,-51
108900010,558,75,483
108900011,941,89,852
108900012,604,125,479
108900013,146,159,-13
108900014,18,41,-23
108900015,5,54,-49
108900016,1,101,-100
108900017,61,347,-286
108900018,82,160,-78
108900019,16,157,-141
108900020,81,39,42
108900021,84,71,13
108900022,90,8,82
108900023,10,34,-24
108900024,42,39,3
108900025,445,23,422
108900026,14,18,-4
108900027,1,22,-21
108900028,145,70,75
108900029,105,139,-34
108900030,0,14,-14
108900031,145,59,86
108900032,3,80,-77
108900033,0,18,-18
108900034,0,29,-29
108900035,259,326,-67
108900038,0,75,-75
108900039,0,66,-66
108900040,2,29,-27
108900041,2377,2639,-262
108900042,10,255,-245
108900043,26,414,-388
108900044,0,79,-79
108900045,65,54,11
108900046,8,82,-74
108900047,17,85,-68
108900048,62,170,-108
108900049,498,3403,-2905
108900050,1,79,-78
108900051,5,27,-22
108900052,26,28,-2
108900053,157,623,-466
108900054,30,41,-11
108900055,33,196,-163
108900056,0,28,-28
108900057,0,21,-21
108900058,26,76,-50
108900059,1850,25,1825
108900060,50,82,-32
108900061,28,19,9
108900062,14,33,-19
108900063,32,31,1
108900064,508,9,499
108900065,61,87,-26
108900066,545,38,507
108900067,3,43,-40
108900068,18,49,-31
108900069,109,15,94
108900070,16,33,-17
108900071,242,10,232
108900072,948,126,822
108900073,38,141,-103
108900074,600,34,566
108900075,4,12,-8
108900076,663,8,655
108900077,51,181,-130
108900078,92,6,86
108900079,497,72,425
108900080,5,1157,-1152
108900081,19,90,-71
108900082,117,57,60
108900083,10,244,-234
108900085,761,47,714
108900086,340,144,196
108900087,88,92,-4
108900088,385,600,-215
108900089,26,119,-93
108900090,72,67,5
108900091,222,31,191
108900092,340,348,-8
108900093,62,49,13
108900094,412,76,336
108900095,24,85,-61
108900096,274,5,269
108900097,303,56,247
108900098,869,1770,-901
108900099,671,75,596
108900100,57,28,29
108900101,395,646,-251
108900102,21,1700,-1679
108900103,331,146,185
108900105,4,3020,-3016
108900106,737,42,695
108900108,228,16,212
108900109,1961,61,1900
108900110,202,63,139
108900111,662,70,592
108900113,94,45,49
108900114,525,23,502
108900115,184,200,-16
108900116,86,6,80
108900117,486,17,469
108900118,1448,29,1419
108900119,687,9,678
108900120,588,252,336
108900121,208,73,135
108900122,453,26,427
108900123,441,78,363
108900124,1356,97,1259
108900125,1274,5,1269
108900126,333,89,244
108900127,453,17,436
108900128,264,23,241
108900129,2219,94,2125
108900130,1220,2,1218
108900131,805,1,804
108900132,885,40,845
108900133,460,14,446
108900134,986,87,899
108900135,511,16,495
108900136,30,0,30
108900137,462,2,460
108900138,1318,40,1278
108900140,1281,34,1247
108900141,810,11,799
108900142,57,17,40
108900143,183,0,183
108900144,260,0,260
108900145,454,21,433
108900146,129,0,129
108900147,696,1,695
108900148,111,16,95
108900150,389,13,376
108900151,56,1,55
108900152,232,8,224
108900153,346,114,232
108900154,8403,386,8017
108900156,205,4,201
108900157,54,148,-94
108900158,950,55,895
108900159,121,200,-79
108900160,35,198,-163
108900161,395,753,-358
108900162,311,0,311
108900163,3,445,-442
108900164,78,22,56
108900168,3423,2021,1402
108900169,44,79,-35
108900171,2171,3639,-1468
108900172,122,52,70
108900173,85,172,-87
108900174,1119,215,904
108900176,46,158,-112
108900177,1653,11720,-10067
108900178,892,6389,-5497
108900180,77,125,-48
108900183,165,59,106
108900184,356,58,298
108900185,22,117,-95
108900186,81,123,-42
108900189,609,48,561
108900190,40,560,-520
108900192,47,66,-19
108900195,88,46,42
108900196,12,131,-119
108900199,247,136,111
108900200,951,495,456
108900201,280,494,-214
108900203,529,123,406
108900204,585,9,576
108900205,322,21,301
108900206,582,102,480
108900207,347,435,-88
108900208,8,149,-141
108900209,56,193,-137
108900210,61,35,26
108900211,158,589,-431
108900212,90,2274,-2184
108900215,65,149,-84
108900216,207,697,-490
108900217,93,0,93
108900218,26,10,16
108900221,32,58,-26
108900224,10,29,-19
108900225,1,121,-120
108900227,207,283,-76
108900230,38,86,-48
108900232,0,52,-52
108900233,504,142,362
108900234,359,243,116
108900235,65,147,-82
108900236,3,121,-118
108900240,188,38,150
108900241,124,20,104
108900245,2,2867,-2865
108900250,293,31,262
108900258,4,33,-29
108900259,2,10,-8
108900260,20,13,7
108900261,27,44,-17
108900262,62,70,-8
108900263,26,159,-133
108900264,34,101,-67
108900265,288,374,-86
108900266,127,2291,-2164
108900267,2,581,-579
108900268,33,19,14
108900269,267,36,231
108900270,260,18,242
108900271,133,3,130
108900272,581,18,563
108900273,198,491,-293
108900274,135,29,106
109000001,4545,5297,-752
109000002,710,4084,-3374
109000003,4457,434,4023
109000004,908,1740,-832
109000005,2484,400,2084
109000006,941,838,103
109000007,2573,450,2123
109000008,1236,795,441
109000009,4497,725,3772
109000010,1113,1433,-320
109000011,7588,1734,5854
109000012,1640,1507,133
109000013,7224,5852,1372
109000014,1856,965,891
109000015,4714,20172,-15458
109000016,2593,1071,1522
109000017,4582,807,3775
109000018,1166,1105,61
109000019,3921,1419,2502
109000020,1453,996,457
109000023,369,4,365
109000024,5,231,-226
109000025,116,781,-665
109000026,633,240,393
109000027,74,395,-321
109000028,148,18,130
109000029,27,385,-358
109000030,232,324,-92
109000031,655,55,600
109000032,73,309,-236
109000033,824,143,681
109000034,46,59,-13
109000035,43,21,22
109000036,46,208,-162
109000037,407,4975,-4568
109000038,246,105,141
109000039,1293,757,536
109000040,1727,16116,-14389
109000041,877,3785,-2908
109000042,842,2208,-1366
109000044,764,80,684
109000045,155,103,52
109000046,592,30,562
109000047,59,141,-82
109000048,665,314,351
109000049,215,271,-56
109000050,618,254,364
109000051,367,109,258
109000052,497,347,150
109000053,2731,255,2476
109000054,69,545,-476
109000055,1335,1460,-125
109000056,251,247,4
109000057,1369,495,874
109000058,533,570,-37
109000059,100,1236,-1136
109000060,229,661,-432
109000061,307,1682,-1375
109000062,256,397,-141
109000063,295,39,256
109000064,1044,61,983
109000065,405,82,323
109000066,825,67,758
109000067,116,127,-11
109000068,603,4,599
109000069,608,28,580
109000070,11,2268,-2257
109000071,381,52,329
109000072,116,253,-137
109000073,132,51,81
109000074,29,109,-80
109000075,124,117,7
109000076,218,383,-165
109000077,311,96,215
109000078,254,134,120
109000079,202,37,165
109000080,630,40,590
109000081,302,173,129
109000082,1682,87,1595
109000083,446,256,190
109000088,216,106,110
109000089,454,127,327
109000090,107,112,-5
109000091,857,125,732
109000092,117,90,27
109000093,524,82,442
109000094,1758,8,1750
109000095,427,148,279
109000096,1712,86,1626
109000097,128,40,88
109000098,131,77,54
109000099,1188,127,1061
109000100,491,296,195
109000101,2828,265,2563
109000102,582,201,381
109000103,2888,303,2585
109000104,4329,134,4195
109000105,682,343,339
109000106,2847,248,2599
109000107,654,536,118
109000108,3639,403,3236
109000109,542,474,68
109000110,1832,432,1400
109000111,633,820,-187
109000112,450,75,375
109000113,753,280,473
109000114,44,381,-337
109000115,812,72,740
109000116,53,822,-769
109000117,370,18,352
109000118,16,206,-190
109000119,3110,45,3065
109000120,823,195,628
109000121,1705,77,1628
109000122,492,152,340
109000123,245,66,179
109000124,1469,327,1142
109000125,1204,349,855
109000126,778,514,264
109000127,4034,121,3913
109000128,809,297,512
109000129,5043,244,4799
109000130,488,443,45
109000131,2407,993,1414
109000132,526,735,-209
109000133,147,257,-110
109000134,508,453,55
109000135,520,517,3
109000136,283,177,106
109000137,406,188,218
109000138,464,131,333
109000139,862,251,611
109000140,220,386,-166
109000141,1532,747,785
109000142,152,173,-21
109000143,161,79,82
109000145,84,367,-283
109000146,28,22,6
109000148,1219,1574,-355
109000149,24,103,-79
109000150,35,80,-45
109000155,1330,1032,298
109000156,832,229,603
109000158,35,209,-174
109000159,116,202,-86
109000160,2788,146,2642
109000161,1363,658,705
109000162,3264,245,3019
109000163,2061,491,1570
109000164,2476,1041,1435
109000165,2054,338,1716
109000166,1908,56,1852
109000167,143,204,-61
109000170,36,25,11
109000171,201,12,189
109000172,4,70,-66
109000173,19,186,-167
109000174,419,18,401
109000175,154,201,-47
109000176,634,90,544
109000177,28,27,1
109000178,1778,98,1680
109000179,2344,7433,-5089
109000180,2765,3755,-990
109000181,44,13,31
109000182,77,9,68
109000183,82,0,82
109000184,72,7,65
109000185,2,12,-10
109000188,514,2345,-1831
109000189,4475,3254,1221
109000190,1025,289,736
109000191,299,711,-412
109000192,1088,43,1045
109000193,679,73,606
109000194,586,26,560
109000195,465,40,425
109000196,332,23,309
109000197,401,109,292
109000198,455,35,420
109000199,423,157,266
109000206,165,13,152
109000207,287,12,275
109000208,142,66,76
109000209,148,72,76
109000210,300,212,88
109000211,2652,364,2288
109000214,609,193,416
109000215,149,25,124
109000216,420,429,-9
109000217,123,135,-12
109000218,399,594,-195
109000221,165,279,-114
109000222,831,101,730
109000223,1029,419,610
109000224,244,36,208
109000225,396,8,388
109000226,132,62,70
109000227,3194,225,2969
109000228,0,532,-532
109000231,0,64,-64
109000232,1317,108,1209
109000236,345,320,25
109000241,2012,398,1614
109000242,1678,330,1348
109000293,195,183,12
109000361,298,110,188
109000364,84,543,-459
109000396,4,134,-130
109000397,1151,28,1123
109000399,227,241,-14
109000400,133,176,-43
109000403,263,3165,-2902
109000406,1535,40,1495
109000407,172,49,123
109000408,0,302,-302
109000410,1255,180,1075
109000411,925,27,898
109900001,244,0,244
109900002,1448,16,1432
109900003,1152,0,1152
109900005,75,12,63
109900006,898,57,841
109900007,2382,97,2285
109900008,0,1,-1
109900009,278,206,72
109900010,1180,105,1075
109900011,202,21,181
109900012,1096,173,923
109900013,679,118,561
109900015,483,37,446
109900017,102,10,92
109900018,144,5,139
109900019,166,17,149
109900020,81,31,50
109900021,46,6,40
109900022,255,165,90
109900023,17,4,13
109900024,14,0,14
109900025,5,62,-57
109900027,13,8,5
109900028,322,4441,-4119
109900029,0,142,-142
109900030,71,7,64
109900031,4,814,-810
109900032,4,83,-79
109900033,1,222,-221
109900034,20,0,20
109900035,244,182,62
109900036,92,583,-491
109900037,4,151,-147
109900038,96,70,26
109900039,2,0,2
109900040,15,149,-134
109900041,72,138,-66
109900042,39,1348,-1309
109900044,147,755,-608
109900045,61,69,-8
109900046,273,108,165
109900047,237,194,43
109900048,2,50,-48
109900049,31,44,-13
109900050,1,12,-11
109900051,0,3,-3
109900052,80,635,-555
109900053,1,40,-39
109900054,1735,71,1664
109900055,177,170,7
109900056,97,488,-391
109900057,1,93,-92
109900058,0,38,-38
109900060,1525,53,1472
109900061,122,41,81
109900062,0,31,-31
109900064,941,44,897
109900065,63,29,34
109900066,377,270,107
109900067,0,80,-80
109900068,122,2,120
109900069,1,15,-14
109900071,0,9,-9
109900072,17,31,-14
109900073,912,163,749
109900074,9,3,6
109900075,67,59,8
109900076,79,36,43
109900077,34,28,6
109900078,89,26,63
109900080,117,69,48
109900081,5,102,-97
109900082,107,86,21
109900083,23,7,16
109900084,49,99,-50
109900085,82,126,-44
109900086,118,1662,-1544
109900087,91,190,-99
109900089,868,85,783
109900092,277,260,17
109900093,1647,101,1546
109900094,57,57,0
109900095,48,94,-46
109900096,328,2,326
109900097,241,0,241
109900098,1177,35,1142
109900099,741,2,739
109900100,140,0,140
109900101,1351,3,1348
109900102,908,35,873
109900103,277,110,167
109900104,1805,69,1736
109900105,901,29,872
109900106,610,37,573
109900107,971,24,947
109900108,143,78,65
109900109,25,60,-35
109900111,80,202,-122
109900114,317,1076,-759
109900115,217,116,101
109900117,2623,64,2559
109900121,416,146,270
109900123,54,25,29
109900125,0,42,-42
109900126,788,11,777
109900130,2708,5032,-2324
109900131,28,38,-10
109900132,2,48,-46
109900134,53,75,-22
109900135,629,17,612
109900137,361,106,255
109900140,120,52,68
109900149,21,9,12
109900150,1,13,-12
109900151,3,5,-2
109900152,0,27,-27
109900153,0,39,-39
109900154,12,0,12
109900155,47,24,23
109900157,142,75,67
109900159,210,67,143
109900161,399,24,375
109900162,685,108,577
109900163,224,53,171
109900164,41,123,-82
109900165,403,0,403
109900166,0,433,-433
109900167,163,133,30
109900168,103,240,-137
109900169,463,124,339
109900170,339,2244,-1905
109900171,569,77,492
109900172,475,508,-33
109900173,2032,2875,-843
109900174,33,37,-4
109900175,104,329,-225
109900176,140,65,75
109900177,38,44,-6
109900178,0,164,-164
109900179,7,20,-13
109900180,7,2,5
110000001,981,177,804
110000002,619,395,224
110000003,640,441,199
110000004,268,410,-142
110000005,212,2514,-2302
110000006,493,299,194
110000007,116,27,89
110000008,28,482,-454
110000009,88,15,73
110000010,75,156,-81
110000011,40,24,16
110000012,1182,155,1027
110000013,101,1031,-930
110000014,739,460,279
110000015,175,860,-685
110000016,391,2064,-1673
110000017,2549,208,2341
110000018,2707,539,2168
110000019,15,38,-23
110000020,893,440,453
110000021,155,144,11
110000022,1379,79,1300
110000023,5,64,-59
110000024,818,131,687
110000025,2359,1,2358
110000026,4,178,-174
110000027,598,1146,-548
110000028,1412,190,1222
110000029,795,291,504
110000030,519,529,-10
110000031,669,197,472
110000032,1385,102,1283
110000033,410,155,255
110000034,1129,332,797
110000035,1152,306,846
110000036,2033,390,1643
110000037,629,188,441
110000038,465,923,-458
110000039,910,9610,-8700
110000040,426,336,90
110000041,399,3379,-2980
110000042,128,437,-309
110000043,683,351,332
110000044,17,315,-298
110000045,199,78,121
110000046,1,131,-130
110000047,8,37,-29
110000048,3,207,-204
110000049,4,4,0
110000050,5,148,-143
110000051,38,24,14
110000052,108,43,65
110000053,12,5,7
110000054,56,1395,-1339
110000055,150,343,-193
110000056,69,285,-216
110000057,574,260,314
110000058,1930,262,1668
110000059,839,572,267
110000060,1171,572,599
110000061,452,371,81
110000062,476,361,115
110000063,65,371,-306
110000064,281,10,271
110000065,253,233,20
110000066,65,1,64
110000067,41,31,10
110000068,803,23,780
110000069,1007,3,1004
110000071,1232,12,1220
110000073,56,7,49
110000075,62,114,-52
110000076,507,696,-189
110000077,217,2138,-1921
110000078,156,8,148
110000080,142,188,-46
110000081,34,411,-377
110000082,15,474,-459
110000083,243,268,-25
110000084,1946,1514,432
110000085,763,1684,-921
110000086,830,2239,-1409
110000087,59,78,-19
110000088,221,245,-24
110000089,680,64,616
110000090,266,1113,-847
110000091,651,143,508
110000092,36,35,1
110000093,45,19,26
110000094,664,114,550
110000095,121,582,-461
110000096,1134,3083,-1949
110000097,852,1794,-942
110000098,2052,437,1615
110000099,1376,1558,-182
110000100,3430,108,3322
110000101,337,80,257
110000102,97,70,27
110000104,513,215,298
110000105,94,962,-868
110000106,693,511,182
110000107,220,319,-99
110000108,197,178,19
110000109,341,151,190
110000110,1260,2668,-1408
110000111,2925,2804,121
110000112,175,1063,-888
110000113,97,3686,-3589
110000114,1022,939,83
110000115,1282,104,1178
110000116,124,113,11
110000117,819,120,699
110000118,1139,117,1022
110000119,969,74,895
110000120,521,125,396
110000121,112,410,-298
110000122,395,188,207
110000123,523,176,347
110000124,3,383,-380
110000125,1403,5,1398
110000126,286,3,283
110000127,1333,52,1281
110000128,30,300,-270
110000129,1,142,-141
110000130,389,230,159
110000131,56,108,-52
110000132,5,179,-174
110000133,59,603,-544
110000134,38,375,-337
110000135,455,14,441
110000136,76,87,-11
110000137,1155,101,1054
110000138,1057,155,902
110000139,2211,257,1954
110000140,972,730,242
110000143,933,267,666
110000144,1539,1189,350
110000145,1586,1088,498
110000146,1217,491,726
110000147,263,954,-691
110000148,1168,192,976
110000151,471,863,-392
110000152,228,647,-419
110000153,397,5,392
110000154,37,55,-18
110000155,428,1452,-1024
110000156,1024,680,344
110000157,1205,2013,-808
110000160,435,181,254
110000161,336,292,44
110000166,1456,87,1369
110000167,2582,878,1704
110000168,624,1008,-384
110000169,955,623,332
110000170,210,173,37
110000171,585,139,446
110000172,438,262,176
110000173,383,366,17
110000174,158,162,-4
110000175,2026,266,1760
110000176,32,1964,-1932
110000177,217,2426,-2209
110000178,350,4443,-4093
110000179,1231,287,944
110000180,848,203,645
110000181,1617,242,1375
110000182,953,94,859
110000183,4657,8759,-4102
110000184,266,4065,-3799
110000185,456,599,-143
110000186,451,1802,-1351
110000191,1873,80,1793
110000192,1350,10,1340
110000193,1922,22,1900
110000194,2,1496,-1494
110000195,936,68,868
110000196,1076,85,991
110000197,166,24,142
110000198,90,41,49
110000199,68,264,-196
110000200,716,1670,-954
110000201,1453,2957,-1504
110000202,1293,410,883
110000203,286,474,-188
110000204,4,104,-100
110000205,562,31,531
110000206,221,291,-70
110000207,2339,217,2122
110000208,161,329,-168
110000209,30,196,-166
110000210,1792,538,1254
110000211,1109,524,585
110000212,743,1823,-1080
110000213,735,14,721
110000214,784,71,713
110000215,204,55,149
110000216,248,45,203
110000217,933,85,848
110000218,378,37,341
110000219,818,19,799
110000220,62,53,9
110000221,872,11,861
110000222,118,80,38
110000223,50,65,-15
110000224,1,5,-4
110000225,229,649,-420
110000226,460,61,399
110000227,896,1222,-326
110000228,478,101,377
110000229,0,88,-88
110000230,705,534,171
110000231,386,573,-187
110000232,182,361,-179
110000233,89,695,-606
110000234,356,405,-49
110000235,965,665,300
110000236,917,589,328
110000237,3542,1493,2049
110000238,1216,678,538
110000239,2634,578,2056
110000240,0,23,-23
110000242,0,4,-4
110000243,348,63,285
110000244,69,225,-156
110000245,20,368,-348
110000246,1934,715,1219
110000247,1313,2243,-930
110000248,930,892,38
110000249,176,5,171
110000250,16,408,-392
110000251,732,156,576
110000252,784,175,609
110000253,2982,328,2654
110000254,1201,365,836
110000255,204,283,-79
110000256,691,230,461
110000257,341,348,-7
110000258,0,336,-336
110000259,551,23,528
110000260,122,62,60
110000263,844,23,821
110000264,1009,257,752
110000265,1424,1155,269
110000266,894,1384,-490
110000267,16,28,-12
110000268,281,96,185
110000269,1,65,-64
110000270,128,0,128
110000271,1514,193,1321
110000272,1213,1099,114
110000273,1632,589,1043
110000274,278,4350,-4072
110000275,1267,1128,139
110000276,228,1218,-990
110000277,565,954,-389
110000278,638,1087,-449
110000279,957,279,678
110000280,1189,305,884
110000281,157,87,70
110000282,147,26,121
110000283,31,53,-22
110000284,36,3,33
110000285,0,87,-87
110000286,17,0,17
110000287,86,35,51
110000288,2,155,-153
110000289,410,3370,-2960
110000290,237,1043,-806
110000291,3050,693,2357
110000292,750,10591,-9841
110000293,800,408,392
110000294,2358,3275,-917
110000295,235,385,-150
110000296,1171,371,800
110000297,3857,137,3720
110000298,133,450,-317
110000299,244,43,201
110000301,686,26,660
110000302,897,3173,-2276
110000303,1356,13,1343
110000304,389,641,-252
110000305,2300,41,2259
110000306,654,406,248
110000307,4116,9,4107
110000308,724,8,716
110000309,1,852,-851
110000310,1563,21,1542
110000311,1,331,-330
110000312,775,56,719
110000313,2764,1516,1248
110000314,0,126,-126
110000315,1384,1113,271
110000316,341,948,-607
110000317,239,1033,-794
110000318,5,186,-181
110000319,7,20,-13
110000320,42,67,-25
110000321,73,76,-3
110000322,244,544,-300
110000323,1210,271,939
110000324,2587,1185,1402
110000325,1304,5859,-4555
110000327,536,127,409
110000328,55,589,-534
110000333,1359,1636,-277
110000334,352,1306,-954
110000335,663,317,346
110000336,388,2469,-2081
110000337,2301,960,1341
110000338,646,1222,-576
110000339,801,176,625
110000340,33,266,-233
110000341,768,243,525
110000342,58,10,48
110000343,0,4,-4
110000344,43,2422,-2379
110000345,110,1854,-1744
110000346,1356,2212,-856
110000347,1585,472,1113
110000348,83,12,71
110000349,17,9,8
110000350,152,1,151
110000351,1782,295,1487
110000352,882,2093,-1211
110000353,2738,318,2420
110000354,1663,5738,-4075
110000355,389,28,361
110000356,433,1,432
110000357,1056,10,1046
110000361,82,11,71
110000362,382,16,366
110000363,1091,33,1058
110000364,488,165,323
110000365,122,0,122
110000366,0,192,-192
110000367,947,167,780
110000368,4,57,-53
110000369,104,17,87
110000373,0,1097,-1097
110000374,143,66,77
110000375,214,1001,-787
110000376,67,90,-23
110000377,91,227,-136
110000378,20,371,-351
110000379,1746,3417,-1671
110000380,184,5,179
110000383,0,540,-540
110000384,1212,144,1068
110000385,0,64,-64
110000387,288,2,286
110000388,96,98,-2
110000389,1336,4,1332
110000391,1386,984,402
110000396,476,82,394
110000397,93,31,62
110000398,23,19,4
110000399,285,1,284
110000587,304,467,-163
110000589,273,81,192
110000640,227,4,223
110000652,9,530,-521
110000653,878,193,685
110000654,1,380,-379
110000656,0,233,-233
110000674,51,19,32
110000675,21,11,10
110000676,0,22,-22
110000679,166,1194,-1028
110000682,200,240,-40
110000683,419,100,319
110000684,0,43,-43
110000685,1,15,-14
110000686,1,84,-83
110000687,18,3,15
110000688,41,1730,-1689
110000689,51,11,40
110000692,15,136,-121
110000693,24,355,-331
110000694,0,67,-67
110000695,173,1088,-915
110000696,136,21,115
110900001,323,12,311
110900002,348,139,209
110900003,2760,117,2643
110900004,881,31,850
110900005,1186,6087,-4901
110900006,94,52,42
110900007,425,194,231
110900008,29,6,23
110900009,383,1114,-731
110900010,4,7,-3
110900011,27,36,-9
110900012,1,19,-18
110900013,1494,70,1424
110900014,481,91,390
110900015,201,512,-311
110900016,137,43,94
110900017,891,32,859
110900018,501,5,496
110900019,884,18,866
110900020,391,30,361
110900021,224,172,52
110900022,83,37,46
110900023,25,180,-155
110900024,226,71,155
110900025,7,27,-20
110900027,96,44,52
110900028,41,18,23
110900029,14,61,-47
110900030,43,44,-1
110900031,218,125,93
110900032,0,29,-29
110900033,22,77,-55
110900035,2,349,-347
110900036,239,1,238
110900037,237,0,237
110900038,358,137,221
110900039,1,159,-158
110900040,297,2,295
110900041,79,17,62
110900042,203,63,140
110900043,5,44,-39
110900044,117,52,65
110900045,229,144,85
110900046,4,109,-105
110900047,155,737,-582
110900049,309,40,269
110900050,68,2,66
110900051,22,45,-23
110900052,2,636,-634
110900053,268,9,259
110900054,20,265,-245
110900055,21,0,21
110900056,163,58,105
110900057,3,176,-173
110900058,591,44,547
110900059,420,328,92
110900060,369,38,331
110900061,87,23,64
110900062,327,50,277
110900063,16,32,-16
110900064,25,0,25
110900065,37,92,-55
110900066,1,20,-19
110900067,65,718,-653
110900068,255,28,227
110900069,456,33,423
110900070,381,11,370
110900071,93,1548,-1455
110900073,0,1,-1
110900074,1045,92,953
110900075,1122,35,1087
110900077,2207,239,1968
110900078,175,27,148
110900079,786,1043,-257
110900080,260,35,225
110900081,30,9,21
110900082,371,29,342
110900083,243,25,218
110900084,233,4,229
110900085,15,67,-52
110900086,65,319,-254
110900087,438,352,86
110900088,4,1,3
110900090,52,114,-62
110900091,1,28,-27
110900093,320,38,282
110900095,35,8,27
110900097,39,7,32
110900098,6,15,-9
110900099,6,85,-79
110900100,0,12,-12
110900102,54,14,40
110900105,859,56,803
110900108,15,17,-2
110900111,1046,31,1015
110900112,608,18,590
110900113,368,151,217
110900115,2,13,-11
110900116,2496,768,1728
110900118,51,5549,-5498
110900119,1353,82,1271
110900120,286,61,225
110900121,109,0,109
110900122,576,118,458
110900125,395,1197,-802
110900127,341,1402,-1061
110900128,91,400,-309
110900129,68,993,-925
110900130,243,385,-142
110900131,464,1013,-549
110900132,918,17,901
110900133,82,1167,-1085
110900135,46,72,-26
110900136,592,60,532
110900138,0,0,0
110900139,8,0,8
110900140,1,0,1
110900141,474,388,86
110900142,75,48,27
110900143,508,20,488
110900144,1,103,-102
110900145,322,170,152
110900146,107,517,-410
110900147,118,479,-361
110900148,1,334,-333
110900149,13,20,-7
110900150,77,9,68
110900151,0,31,-31
110900152,32,39,-7
110900153,385,28,357
111000001,2731,1038,1693
111000002,817,376,441
111000003,4631,1858,2773
111000004,909,856,53
111000005,2641,2414,227
111000006,731,1927,-1196
111000007,3870,8724,-4854
111000008,2582,4376,-1794
111000009,384,811,-427
111000010,1988,503,1485
111000011,159,761,-602
111000012,498,549,-51
111000013,622,1352,-730
111000014,3230,845,2385
111000017,40,691,-651
111000018,111,386,-275
111000020,433,880,-447
111000021,54,142,-88
111000023,98,584,-486
111000025,3364,4726,-1362
111000029,125,155,-30
111000030,41,37,4
111000031,1472,676,796
111000032,712,1061,-349
111000033,250,49,201
111000034,67,133,-66
111000037,990,255,735
111000038,2256,946,1310
111000039,2179,708,1471
111000040,1787,576,1211
111000041,539,434,105
111000042,2074,2330,-256
111000043,1454,8075,-6621
111000044,1829,377,1452
111000045,3533,873,2660
111000046,2628,1091,1537
111000047,2439,7716,-5277
111000049,572,207,365
111000050,1404,393,1011
111000051,845,716,129
111000052,624,2187,-1563
111000053,233,296,-63
111000054,320,541,-221
111000055,717,1760,-1043
111000056,237,1839,-1602
111000057,204,159,45
111000058,1120,123,997
111000059,967,621,346
111000060,6948,1142,5806
111000061,1204,265,939
111000062,1407,480,927
111000063,1370,1339,31
111000064,1015,206,809
111000065,1444,382,1062
111000066,1176,180,996
111000067,1844,162,1682
111000068,1275,299,976
111000069,1500,1260,240
111000070,826,468,358
111000071,349,165,184
111000072,1854,665,1189
111000073,299,2351,-2052
111000074,1922,1270,652
111000075,762,384,378
111000076,995,465,530
111000077,1030,441,589
111000078,1806,299,1507
111000079,950,463,487
111000080,813,384,429
111000081,1463,7590,-6127
111000082,1242,254,988
111000084,975,247,728
111000085,1439,779,660
111000086,1856,760,1096
111000087,912,383,529
111000088,2943,3909,-966
111000089,1111,429,682
111000090,636,630,6
111000091,861,204,657
111000092,3001,657,2344
111000093,1384,2098,-714
111000094,2122,1035,1087
111000095,1326,3430,-2104
111000096,1216,9726,-8510
111000097,1974,629,1345
111000098,303,459,-156
111000099,539,806,-267
111000100,616,792,-176
111000101,453,424,29
111000102,417,290,127
111000104,1382,67,1315
111000107,240,290,-50
111000109,1524,171,1353
111000110,2036,470,1566
111000111,5577,109,5468
111000112,3343,246,3097
111000113,1050,3394,-2344
111000114,1333,7491,-6158
111000115,2225,575,1650
111000116,769,457,312
111000117,263,743,-480
111000118,852,1029,-177
111000119,1956,319,1637
111000120,921,538,383
111000121,319,708,-389
111000122,606,431,175
111000123,1703,835,868
111000124,482,1129,-647
111000125,430,1142,-712
111000126,112,317,-205
111000127,1904,122,1782
111000128,4461,217,4244
111000129,4867,243,4624
111000130,4651,283,4368
111000131,4290,241,4049
111000132,3052,2585,467
111000133,212,26,186
111000134,233,36,197
111000135,146,170,-24
111000136,616,125,491
111000138,89,1,88
111000140,0,6,-6
111000141,169,307,-138
111000142,9,96,-87
111000143,7,366,-359
111000144,37,993,-956
111000145,68,1,67
111000146,249,0,249
111000147,76,19,57
111000148,136,41,95
111000149,6,56,-50
111000150,159,3,156
111000151,2,189,-187
111000153,403,168,235
111000154,275,59,216
111000155,122,58,64
111000156,471,186,285
111000157,251,351,-100
111000158,896,433,463
111000159,2412,605,1807
111000160,475,123,352
111000161,12,203,-191
111000162,3,46,-43
111000163,1362,650,712
111000164,433,2708,-2275
111000165,785,136,649
111000166,255,72,183
111000167,142,191,-49
111000168,183,193,-10
111000169,369,178,191
111000170,194,208,-14
111000171,550,260,290
111000172,331,233,98
111000173,501,298,203
111000174,498,114,384
111000175,55,198,-143
111000176,1200,25,1175
111000177,1630,53,1577
111000178,2849,104,2745
111000179,732,53,679
111000180,218,321,-103
111000181,2893,160,2733
111000182,369,292,77
111000183,290,1413,-1123
111000184,430,68,362
111000185,354,501,-147
111000186,200,1613,-1413
111000187,144,122,22
111000188,448,439,9
111000189,243,171,72
111000190,387,83,304
111000191,300,103,197
111000192,319,192,127
111000193,330,111,219
111000194,71,168,-97
111000195,209,155,54
111000196,104,55,49
111000197,1207,68,1139
111000198,953,21,932
111000199,603,409,194
111000200,1269,871,398
111000201,1470,46,1424
111000202,748,62,686
111000203,692,249,443
111000204,256,2226,-1970
111000213,340,219,121
111000214,1344,643,701
111000215,1226,385,841
111000217,2009,143,1866
111000218,2610,523,2087
111000219,411,105,306
111000220,760,492,268
111000221,224,17,207
111000224,30,146,-116
111000225,614,546,68
111000226,349,11,338
111000227,52,2,50
111000228,19,771,-752
111000229,17,1944,-1927
111000230,244,113,131
111000231,1270,193,1077
111000232,1372,1971,-599
111000233,2827,311,2516
111000234,352,547,-195
111000239,88,22,66
111000240,56,575,-519
111000241,85,115,-30
111000242,380,40,340
111000243,237,279,-42
111000244,1775,398,1377
111000245,805,688,117
111000246,952,88,864
111000247,694,479,215
111000248,971,161,810
111000249,579,137,442
111000250,113,15,98
111000251,115,52,63
111000253,26,5,21
111000255,101,0,101
111000257,58,6,52
111000260,127,432,-305
111000261,2965,67,2898
111000271,65,283,-218
111000273,1929,635,1294
111000274,1262,2828,-1566
111000275,238,11,227
111000276,388,377,11
111000277,430,132,298
111000278,557,124,433
111000291,2459,14778,-12319
111000298,577,98,479
111000299,1104,113,991
111000300,111,320,-209
111000302,498,41,457
111000303,273,88,185
111000312,141,28,113
111000315,3,83,-80
111000320,252,144,108
111000321,561,144,417
111000322,830,128,702
111000323,523,65,458
111000324,234,599,-365
111000325,61,63,-2
111000326,186,178,8
111000327,399,201,198
111000328,568,520,48
111000329,0,14,-14
111000330,406,4,402
111000331,73,1,72
111000332,290,507,-217
111000334,162,912,-750
111000335,2003,481,1522
111000337,3543,197,3346
111000338,181,17,164
111000339,1364,42,1322
111000340,95,1437,-1342
111000341,3114,1779,1335
111000342,78,611,-533
111000344,1783,264,1519
111000345,56,91,-35
111000346,59,149,-90
111000347,393,1,392
111000350,184,121,63
111000351,203,406,-203
111000352,201,76,125
111000353,193,137,56
111000354,580,154,426
111000355,560,320,240
111000358,147,325,-178
111000360,224,125,99
111000361,335,94,241
111000546,1744,496,1248
111000547,788,640,148
111000548,482,156,326
111000549,384,57,327
111000550,28,1467,-1439
111000551,236,32,204
111000552,477,172,305
111000907,4180,34,4146
111000908,93,1,92
111000916,4607,335,4272
111000917,64,468,-404
111000918,196,249,-53
111000920,1797,8,1789
111000921,0,62,-62
111000922,1934,57,1877
111000924,108,266,-158
111000925,6676,2798,3878
111000926,1512,2690,-1178
111000927,2041,5851,-3810
111000928,4180,1719,2461
111000929,2177,1043,1134
111000930,1913,4344,-2431
111000931,2032,847,1185
111000932,2862,1215,1647
111000933,2899,2972,-73
111000934,1376,751,625
111000935,3950,957,2993
111000936,1454,586,868
111000937,1694,1260,434
111000938,2308,884,1424
111000939,1523,46,1477
111000940,1667,15,1652
111000941,677,227,450
111000943,825,118,707
111000944,329,104,225
111000945,554,1511,-957
111001109,581,963,-382
111001110,210,152,58
111001111,277,0,277
111001112,98,3,95
111001113,0,219,-219
111001114,611,110,501
111001115,8,849,-841
111001116,2798,8771,-5973
111001117,309,3920,-3611
111001120,153,130,23
111001121,291,51,240
111001122,518,99,419
111001123,779,130,649
111001124,196,63,133
111001125,40,1284,-1244
111001126,13,0,13
111001127,1,34,-33
111001128,1998,305,1693
111900001,12,20,-8
111900002,0,54,-54
111900003,0,76,-76
111900004,7,40,-33
111900006,49,120,-71
111900007,501,4,497
111900008,642,0,642
111900009,594,1,593
111900010,21,55,-34
111900012,18,13,5
111900013,35,5,30
111900014,840,9224,-8384
111900015,0,6,-6
111900016,0,34,-34
111900017,0,13,-13
111900018,278,0,278
111900019,0,99,-99
111900020,1,13,-12
111900021,20,29,-9
111900022,7,1,6
111900023,34,10,24
111900024,261,256,5
111900025,0,27,-27
111900026,0,64,-64
111900027,2,29,-27
111900028,44,45,-1
111900029,0,14,-14
111900030,9,98,-89
111900032,1,44,-43
111900033,16,9,7
111900034,31,89,-58
111900035,98,1311,-1213
111900036,0,41,-41
111900038,33,105,-72
111900039,14,224,-210
111900040,0,51,-51
111900042,3,27,-24
111900043,1,80,-79
111900044,25,74,-49
111900046,2,26,-24
111900048,760,165,595
111900049,2,50,-48
111900050,403,23,380
111900051,0,63,-63
111900052,86,59,27
111900053,459,3422,-2963
111900054,713,5,708
111900055,2,63,-61
111900056,108,298,-190
111900057,360,14,346
111900058,1207,229,978
111900059,820,711,109
111900060,670,3,667
111900061,1,15,-14
111900062,76,503,-427
111900063,489,81,408
111900064,12,34,-22
111900065,245,63,182
111900066,119,149,-30
111900067,2,97,-95
111900068,98,205,-107
111900069,194,8,186
111900070,327,14,313
111900071,1,31,-30
111900072,43,96,-53
111900073,1978,236,1742
111900074,1,88,-87
111900075,120,11,109
111900076,538,93,445
111900077,34,2,32
111900078,758,95,663
111900079,57,77,-20
111900080,42,89,-47
111900082,384,71,313
111900083,552,101,451
111900084,273,16,257
111900085,31,34,-3
111900086,317,19,298
111900087,317,7,310
111900088,1353,41,1312
111900089,179,4,175
111900090,44,98,-54
111900091,1188,4,1184
111900092,378,3,375
111900093,1026,36,990
111900094,220,0,220
111900095,743,28,715
111900096,383,5,378
111900097,229,0,229
111900098,735,12,723
111900099,149,0,149
111900100,176,6,170
111900101,461,6,455
111900102,1338,1326,12
111900103,46,58,-12
111900104,101,5,96
111900105,115,208,-93
111900106,130,5,125
111900110,2687,172,2515
111900111,378,15,363
111900112,150,7442,-7292
111900113,269,71,198
111900118,789,50,739
111900119,221,69,152
111900122,29,63,-34
111900123,25,5,20
111900124,36,13,23
111900125,1326,75,1251
111900126,1036,0,1036
111900127,1,76,-75
111900128,20,133,-113
111900129,537,13,524
111900130,66,43,23
111900131,952,1,951
111900132,11,229,-218
111900133,25,203,-178
111900134,1,50,-49
111900135,5,16,-11
111900136,77,97,-20
111900137,23,2,21
111900138,2,33,-31
111900139,1,18,-17
111900140,158,17,141
111900141,150,2,148
111900142,202,7,195
111900143,444,73,371
111900144,49,42,7
111900145,0,114,-114
111900146,0,45,-45
111900147,17,232,-215
111900148,11,373,-362
111900149,22,118,-96
111900150,8,27,-19
111900151,9,18,-9
111900152,69,52,17
111900153,502,709,-207
111900154,26,1336,-1310
111900155,82,297,-215
111900156,72,63,9
111900157,298,29,269
111900158,1042,90,952
111900159,936,124,812
111900160,588,2,586
111900161,837,1,836
111900162,370,2083,-1713
111900163,11,42,-31
111900164,146,33,113
111901113,1515,49,1466
111901114,440,751,-311
111901115,352,0,352
111901116,136,1,135
111901117,18,75,-57
111901118,8,830,-822
111901119,160,6,154
111901121,3,35,-32
111901122,2,76,-74
111901123,580,48,532
111901124,450,5,445
111901125,1717,217,1500
111901127,1612,1669,-57
111901129,6,39,-33
111901130,61,1001,-940
111901131,1,94,-93
111901132,251,69,182
111901133,256,2,254
111901134,555,0,555
111901135,78,7,71
111901136,41,40,1
111901138,17,18,-1
111901139,2,18,-16
111901140,4,21,-17
111901141,5,27,-22
111901142,16,79,-63
111901143,9,81,-72
111901144,73,23,50
111901145,13,756,-743
111901146,26,0,26
111901147,217,1287,-1070
111901148,1,198,-197
111901149,104,2,102
111901150,289,0,289
111901151,527,1,526
111901152,11,7,4
112000001,3407,728,2679
112000002,958,1756,-798
112000003,5671,1074,4597
112000004,1639,467,1172
112000005,5224,5565,-341
112000006,653,429,224
112000007,5526,3933,1593
112000008,4554,4170,384
112000009,2764,922,1842
112000010,4806,4878,-72
112000011,1488,746,742
112000012,3033,4358,-1325
112000013,1243,1485,-242
112000014,630,3248,-2618
112000015,1102,2564,-1462
112000016,1822,3560,-1738
112000017,288,3810,-3522
112000024,331,153,178
112000026,1534,862,672
112000027,564,590,-26
112000028,535,702,-167
112000029,590,606,-16
112000030,108,16,92
112000031,785,3107,-2322
112000032,101,2,99
112000033,1541,3650,-2109
112000034,90,10,80
112000035,39,754,-715
112000036,105,1152,-1047
112000037,560,2257,-1697
112000038,747,1479,-732
112000039,145,23,122
112000040,46,131,-85
112000041,231,227,4
112000042,534,71,463
112000050,1524,546,978
112000051,1191,3292,-2101
112000054,1202,1112,90
112000057,728,93,635
112000058,227,188,39
112000059,355,345,10
112000061,1941,419,1522
112000062,389,828,-439
112000063,180,3159,-2979
112000064,2002,1325,677
112000065,684,684,0
112000066,2724,1136,1588
112000067,348,251,97
112000068,3104,1981,1123
112000069,585,1097,-512
112000070,1306,711,595
112000071,1228,1133,95
112000072,3972,519,3453
112000073,1141,1790,-649
112000074,1070,910,160
112000075,1688,1177,511
112000076,3166,1823,1343
112000077,1433,458,975
112000078,2951,786,2165
112000079,2751,1005,1746
112000080,1011,482,529
112000081,829,908,-79
112000082,1789,251,1538
112000083,1210,613,597
112000084,1433,319,1114
112000085,2339,329,2010
112000086,3223,456,2767
112000087,1334,172,1162
112000088,1225,207,1018
112000089,266,207,59
112000090,174,109,65
112000091,554,226,328
112000092,2698,437,2261
112000093,1685,326,1359
112000094,697,346,351
112000095,1026,203,823
112000096,978,289,689
112000097,4001,372,3629
112000098,297,320,-23
112000099,998,2608,-1610
112000100,3873,403,3470
112000101,771,318,453
112000102,3221,230,2991
112000103,533,249,284
112000105,687,295,392
112000106,5873,241,5632
112000107,453,144,309
112000108,1938,451,1487
112000109,880,105,775
112000110,3569,489,3080
112000111,542,972,-430
112000112,2801,196,2605
112000113,1186,1275,-89
112000114,3312,408,2904
112000115,451,156,295
112000116,747,245,502
112000117,1514,440,1074
112000118,541,347,194
112000119,484,243,241
112000120,69,129,-60
112000121,344,124,220
112000122,872,57,815
112000123,1275,30,1245
112000124,794,60,734
112000125,455,226,229
112000126,1552,143,1409
112000127,1983,1766,217
112000128,651,380,271
112000129,229,33,196
112000130,622,55,567
112000131,33,56,-23
112000132,376,91,285
112000133,828,45,783
112000134,747,173,574
112000135,1775,1471,304
112000136,981,3688,-2707
112000137,1722,1635,87
112000138,1294,688,606
112000139,520,480,40
112000140,147,375,-228
112000141,1456,217,1239
112000142,246,189,57
112000143,1992,80,1912
112000144,310,305,5
112000145,3934,206,3728
112000146,718,488,230
112000147,3143,962,2181
112000148,763,477,286
112000149,925,401,524
112000150,975,179,796
112000151,672,117,555
112000152,1046,135,911
112000153,358,65,293
112000154,219,513,-294
112000155,129,90,39
112000157,345,673,-328
112000158,362,98,264
112000159,1894,239,1655
112000167,372,224,148
112000169,190,1092,-902
112000173,1684,77,1607
112000175,871,230,641
112000176,489,864,-375
112000177,1966,415,1551
112000178,45,98,-53
112000179,494,48,446
112000180,449,116,333
112000181,875,325,550
112000182,2761,195,2566
112000183,44,15,29
112000184,563,138,425
112000185,1573,107,1466
112000187,4589,3294,1295
112000195,282,7,275
112000196,103,2,101
112000197,59,86,-27
112000198,18,165,-147
112000199,367,325,42
112000202,1245,3,1242
112000216,42,132,-90
112000230,185,1,184
112000231,1,52,-51
112000256,80,345,-265
112000313,216,28,188
112000314,58,43,15
112000337,161,542,-381
112000352,83,220,-137
112000392,1760,419,1341
112000398,2922,535,2387
112000399,1157,5163,-4006
112000400,1005,639,366
112000401,1007,874,133
112000402,4497,4248,249
112000403,1253,9570,-8317
112000404,2406,1246,1160
112000405,4116,2231,1885
112000406,2160,774,1386
112000407,11795,6392,5403
112000408,4370,1238,3132
112000409,1586,859,727
112000410,150,264,-114
112000411,1184,1651,-467
112000412,224,112,112
112000413,2521,7171,-4650
112000414,238,8,230
112000415,148,7,141
112000416,6103,741,5362
112000417,319,71,248
112000421,201,26,175
112000422,338,114,224
112000424,789,3882,-3093
112000425,606,141,465
112000426,593,339,254
112000427,0,30,-30
112000428,454,560,-106
112000429,1956,1536,420
112000430,2344,3088,-744
112000431,234,149,85
112000432,960,288,672
112000433,219,243,-24
112000437,48,95,-47
112900001,53,1,52
112900002,1299,131,1168
112900003,100,41,59
112900004,88,97,-9
112900005,573,50,523
112900007,4,17,-13
112900008,1,89,-88
112900009,435,305,130
112900010,468,132,336
112900011,73,79,-6
112900012,0,4,-4
112900013,0,218,-218
112900014,4,34,-30
112900015,55,142,-87
112900016,1,129,-128
112900017,75,82,-7
112900018,646,119,527
112900019,7,113,-106
112900020,164,244,-80
112900021,0,157,-157
112900022,36,20,16
112900023,91,29,62
112900024,3,46,-43
112900025,151,79,72
112900026,4,19,-15
112900027,0,181,-181
112900028,70,35,35
112900029,11,98,-87
112900030,30,116,-86
112900031,1,210,-209
112900032,204,105,99
112900034,0,11,-11
112900035,2,49,-47
112900036,3,62,-59
112900037,143,222,-79
112900038,951,42,909
112900039,3,81,-78
112900040,1,175,-174
112900041,381,767,-386
112900042,290,69,221
112900043,10,31,-21
112900044,125,73,52
112900045,117,82,35
112900046,33,20,13
112900047,5,8,-3
112900049,686,16,670
112900050,6,169,-163
112900051,139,100,39
112900052,2,247,-245
112900053,87,237,-150
112900054,82,56,26
112900055,25,13,12
112900056,173,147,26
112900057,79,178,-99
112900058,331,460,-129
112900059,99,185,-86
112900060,24,18,6
112900061,55,41,14
112900062,99,10,89
112900063,21,17,4
112900064,41,30,11
112900065,20,5,15
112900066,275,446,-171
112900067,234,45,189
112900068,34,139,-105
112900069,746,1559,-813
112900071,43,28,15
112900072,81,7145,-7064
112900073,570,304,266
112900074,234,646,-412
112900075,536,1840,-1304
112900076,16,22,-6
112900078,202,925,-723
112900079,162,76,86
112900080,286,4,282
112900081,48,592,-544
112900082,715,19,696
112900083,199,227,-28
112900084,616,456,160
112900086,244,0,244
112900087,2332,215,2117
112900088,491,19,472
112900089,1123,20,1103
112900090,116,79,37
112900091,500,12,488
112900092,38,946,-908
112900093,1315,36,1279
112900095,312,0,312
112900096,1004,243,761
112900097,122,79,43
112900098,132,1,131
112900099,1987,11,1976
112900100,207,1,206
112900101,558,4,554
112900102,79,40,39
112900103,344,6,338
112900104,1823,15,1808
112900105,67,0,67
112900106,627,124,503
112900107,5,0,5
112900108,0,2,-2
112900109,280,1,279
112900110,2377,16,2361
112900111,1119,8,1111
112900112,746,0,746
112900113,1,0,1
112900114,699,5,694
112900115,3408,2,3406
112900116,169,10,159
112900117,142,7,135
112900118,0,16,-16
112900119,656,6,650
112900120,329,138,191
112900121,35,25,10
112900122,1,32,-31
112900123,851,39,812
112900124,1,32,-31
112900125,2,135,-133
112900126,34,53,-19
112900127,932,21,911
112900128,42,196,-154
112900129,0,249,-249
112900130,273,35,238
112900131,16,73,-57
112900132,57,604,-547
112900133,15,1447,-1432
112900134,0,97,-97
112900135,106,46,60
112900137,7,254,-247
112900138,0,50,-50
112900139,28,224,-196
112900141,988,6,982
112900142,80,515,-435
112900143,5,196,-191
112900144,10,257,-247
112900145,5,157,-152
112900146,0,182,-182
112900147,1,271,-270
112900148,26,3,23
112900149,320,165,155
112900151,5,17,-12
112900152,2394,157,2237
112900153,169,5722,-5553
112900154,1,40,-39
112900155,117,11,106
112900156,841,256,585
112900157,1027,24,1003
112900158,61,0,61
112900159,139,351,-212
112900160,22,73,-51
112900161,260,11,249
112900162,4,18,-14
112900163,10,61,-51
112900164,13,296,-283
112900165,25,20,5
112900166,12,59,-47
112900167,3,1098,-1095
112900168,5,0,5
112900169,3,10,-7
112900170,113,28,85
112900172,17,17,0
112900173,111,65,46
112900174,478,26,452
112900175,177,178,-1
112900176,6,62,-56
112900177,422,69,353
112900178,431,4199,-3768
112900179,13,291,-278
112900180,2052,593,1459
112900181,1373,7,1366
112900182,56,216,-160
112900183,42,109,-67
112900184,175,124,51
112900185,23,183,-160
112900186,629,534,95
112900187,25,338,-313
112900188,373,1124,-751
112900189,8,2,6
112900190,6,4,2
112900192,358,340,18
112900193,706,164,542
112900194,36,5,31
112900195,678,33,645
112900196,319,205,114
112900197,47,134,-87
112900199,903,208,695
112900200,573,38,535
112900201,216,157,59
112900202,858,259,599
112900203,372,64,308
112900204,344,130,214
112900205,34,7,27
112900206,24,8,16
112900207,12,0,12
112900208,33,1180,-1147
112900209,72,87,-15
112900210,0,15,-15
112900211,77,1,76
112900212,0,36,-36
112900213,50,21,29
112900214,8,18,-10
112900215,3,6,-3
112900216,34,17,17
112900217,0,8,-8
112900218,116,2,114
112900219,232,2,230
112900220,0,0,0
112900221,51,30,21
112900222,0,556,-556
112900223,924,13,911
112900224,1299,98,1201
112900225,1023,61,962
112900226,54,162,-108
112900227,762,86,676
112900228,99,26,73
112900229,490,14,476
112900230,4656,1897,2759
112900232,339,306,33
112900233,113,35,78
112900234,65,1,64
112900235,6,0,6
112900236,1349,14,1335
112900237,1257,71,1186
112900238,1,0,1
112900239,262,1266,-1004
112900240,3,22,-19
112900241,15,20,-5
112900242,5,17,-12
112900243,14,25,-11
112900244,1,60,-59
112900245,1,29,-28
112900246,0,7,-7
112900247,61,204,-143
112900248,0,0,0
112900249,31,1,30
112900250,259,3,256
112900251,394,8,386
112900252,415,2,413
112900253,233,2,231
112900254,18,6,12
112900255,33,28,5
112900256,0,35,-35
112900257,7,17,-10
112900258,133,9,124
113000001,5586,3454,2132
113000002,6471,2712,3759
113000003,2043,1150,893
113000004,2846,1223,1623
113000005,2078,933,1145
113000006,2043,1002,1041
113000007,2614,852,1762
113000008,2375,1019,1356
113000009,1532,520,1012
113000010,2283,537,1746
113000011,1086,558,528
113000012,1250,551,699
113000013,552,339,213
113000014,900,1238,-338
113000015,67,124,-57
113000016,272,454,-182
113000017,18,293,-275
113000018,590,40,550
113000019,120,474,-354
113000020,256,44,212
113000021,2429,701,1728
113000022,1066,2503,-1437
113000025,54,207,-153
113000026,998,434,564
113000027,931,603,328
113000028,352,867,-515
113000029,380,462,-82
113000030,149,398,-249
113000031,100,140,-40
113000032,116,88,28
113000033,159,83,76
113000034,161,27,134
113000035,19,0,19
113000036,15,22,-7
113000037,25,9,16
113000038,6,39,-33
113000039,11,165,-154
113000040,35,33,2
113000042,997,345,652
113000051,2146,2488,-342
113000052,2450,287,2163
113000053,774,231,543
113000054,792,642,150
113000055,2471,202,2269
113000056,2716,692,2024
113000058,387,671,-284
113000059,948,184,764
113000060,426,564,-138
113000061,843,732,111
113000062,294,264,30
113000063,539,40,499
113000064,129,206,-77
113000065,284,263,21
113000066,1428,97,1331
113000067,4462,279,4183
113000068,690,394,296
113000069,897,300,597
113000070,3852,327,3525
113000071,652,231,421
113000072,1743,217,1526
113000073,540,593,-53
113000074,1086,583,503
113000075,1917,558,1359
113000076,480,1793,-1313
113000077,521,410,111
113000078,388,926,-538
113000079,394,504,-110
113000080,610,631,-21
113000081,875,1422,-547
113000082,853,347,506
113000083,745,685,60
113000084,1209,688,521
113000085,1060,708,352
113000086,623,1114,-491
113000087,1380,1606,-226
113000088,905,922,-17
113000089,674,1147,-473
113000090,71,726,-655
113000091,151,211,-60
113000094,1814,134,1680
113000095,264,218,46
113000096,114,302,-188
113000097,1028,364,664
113000098,58,126,-68
113000099,1176,502,674
113000100,121,306,-185
113000101,108,188,-80
113000102,755,324,431
113000103,3358,191,3167
113000104,738,2336,-1598
113000105,1312,408,904
113000106,581,139,442
113000107,1479,757,722
113000108,1343,428,915
113000109,617,942,-325
113000110,6023,571,5452
113000111,504,306,198
113000112,1514,244,1270
113000113,2053,244,1809
113000114,185,630,-445
113000116,399,173,226
113000117,562,53,509
113000118,68,808,-740
113000119,249,280,-31
113000120,50,370,-320
113000121,377,596,-219
113000124,338,109,229
113000125,13,1295,-1282
113000127,862,96,766
113000128,1361,86,1275
113000129,252,603,-351
113000133,1428,239,1189
113000134,5,1970,-1965
113000135,4371,3803,568
113000137,690,2408,-1718
113000139,188,44,144
113000140,36,48,-12
113000141,55,33,22
113000142,106,119,-13
113000143,336,103,233
113000144,156,135,21
113000145,97,75,22
113000146,91,10,81
113000147,269,27,242
113000148,305,25,280
113000149,215,128,87
113000150,321,131,190
113000151,17,21,-4
113000152,39,172,-133
113000153,641,121,520
113000154,268,1600,-1332
113000155,321,759,-438
113000156,179,72,107
113000157,286,81,205
113000158,411,51,360
113000159,1018,132,886
113000160,555,182,373
113000161,437,63,374
113000162,892,68,824
113000163,52,36,16
113000164,31,122,-91
113000166,382,16,366
113000167,119,29,90
113000168,298,52,246
113000169,324,16,308
113000170,109,46,63
113000171,27,55,-28
113000172,334,5,329
113000173,128,24,104
113000174,206,107,99
113000175,633,29,604
113000176,847,33,814
113000177,209,54,155
113000178,327,120,207
113000179,379,26,353
113000180,870,1627,-757
113000181,2198,998,1200
113000182,81,718,-637
113000183,149,585,-436
113000184,6,77,-71
113000189,168,179,-11
113000190,188,134,54
113000192,472,3156,-2684
113000193,1220,2384,-1164
113000194,1030,4043,-3013
113000195,1175,1496,-321
113000196,744,92,652
113000197,1128,2981,-1853
113000198,163,458,-295
113000199,2137,287,1850
113000201,1043,248,795
113000202,7827,1692,6135
113000203,120,492,-372
113000204,407,3616,-3209
113000205,7,22,-15
113000206,12,14,-2
113000207,74,10,64
113000208,43,31,12
113000209,19,23,-4
113000210,14,26,-12
113000211,95,110,-15
113000212,17,6,11
113000213,40,136,-96
113000214,311,180,131
113000234,312,286,26
113000410,13,158,-145
113000411,893,1176,-283
113000412,5045,807,4238
113000413,729,1096,-367
113000414,3086,12065,-8979
113000415,1441,845,596
113000416,1284,1272,12
113000417,395,868,-473
113000418,4786,2656,2130
113000419,1041,827,214
113000420,2179,4458,-2279
113000421,4358,5105,-747
113000422,5770,7467,-1697
113000423,767,2752,-1985
113000424,984,7993,-7009
113000425,6,120,-114
113000428,2,10,-8
113000430,0,31,-31
113000432,4133,224,3909
113000433,39,300,-261
113000434,19,104,-85
113000435,10,84,-74
113000436,14,359,-345
113000437,2248,37,2211
113000438,646,13,633
113000439,46,12,34
113000440,300,23,277
113000441,294,156,138
113000442,366,13,353
113000443,641,67,574
113000444,975,13,962
113000445,94,32,62
113000446,66,189,-123
113000448,360,531,-171
113000449,143,1478,-1335
113000450,643,5236,-4593
113000451,3234,768,2466
113000452,53,841,-788
113000453,30,627,-597
113000454,182,160,22
113000455,18,967,-949
113000456,623,999,-376
113000468,485,85,400
113000469,43,114,-71
113000470,282,16,266
113000471,6,363,-357
113000472,116,230,-114
113000474,1821,690,1131
113000475,1323,610,713
113000476,3856,2041,1815
113000477,4825,2024,2801
113000478,2351,2318,33
113000479,168,155,13
113000484,0,0,0
113000485,0,0,0
113000486,0,0,0
113000487,0,0,0
113000488,0,0,0
113000489,0,0,0
113000490,0,0,0
113000491,0,0,0
113000492,0,0,0
113000493,0,0,0
113000495,378,75,303
113000496,118,142,-24
113000499,0,0,0
113900001,6,2241,-2235
113900002,1,91,-90
113900003,1,145,-144
113900004,0,202,-202
113900005,2,463,-461
113900006,0,192,-192
113900007,0,0,0
113900008,0,0,0
113900009,0,0,0
113900010,0,0,0
113900011,0,0,0
113900012,241,2,239
113900013,77,4,73
113900014,1040,1,1039
113900015,2,5,-3
113900016,13,0,13
113900017,0,10,-10
113900018,43,164,-121
113900019,295,6,289
113900020,361,1,360
113900022,101,0,101
113900023,74,0,74
113900024,12,7,5
113900025,266,31,235
113900026,78,0,78
113900027,28,10,18
113900028,30,169,-139
113900029,78,17,61
113900030,918,1,917
113900031,71,5,66
113900032,59,0,59
113900033,82,14,68
113900035,98,0,98
113900036,31,31,0
113900037,95,1007,-912
113900038,19,141,-122
113900039,312,12,300
113900040,11,30,-19
113900041,32,1,31
113900042,77,8,69
113900043,149,16,133
113900044,87,150,-63
113900045,82,4,78
113900046,69,381,-312
113900047,220,12,208
113900048,131,91,40
113900049,137,539,-402
113900050,195,114,81
113900051,286,37,249
113900052,36,120,-84
113900053,197,813,-616
113900054,18,1,17
113900055,71,311,-240
113900056,94,13,81
113900057,1,22,-21
113900058,72,7,65
113900059,349,85,264
113900060,43,967,-924
113900061,231,70,161
113900062,104,12,92
113900063,151,8,143
113900064,3,43,-40
113900065,665,13,652
113900066,1211,50,1161
113900067,603,169,434
113900068,257,1068,-811
113900069,12,14,-2
113900070,37,89,-52
113900071,211,3,208
113900072,20,16,4
113900073,838,123,715
113900074,400,308,92
113900075,489,2522,-2033
113900076,78,3,75
113900077,15,36,-21
113900078,31,5,26
113900079,0,13,-13
113900080,533,63,470
113900081,128,35,93
113900082,206,183,23
113900083,639,48,591
113900084,222,31,191
113900085,2,128,-126
113900086,127,11,116
113900087,73,130,-57
113900088,89,226,-137
113900089,480,10,470
113900090,289,120,169
113900091,5,11,-6
113900092,18,74,-56
113900093,32,1838,-1806
113900094,746,201,545
113900095,125,73,52
113900096,352,78,274
113900097,17,98,-81
113900098,1018,203,815
113900099,0,7,-7
113900100,0,4,-4
113900101,5,68,-63
113900102,32,98,-66
113900103,148,431,-283
113900104,157,143,14
113900105,499,12,487
113900106,0,33,-33
113900107,0,1,-1
113900108,19,136,-117
113900109,120,253,-133
113900110,23,41,-18
113900111,224,64,160
113900112,462,280,182
113900113,1139,360,779
113900114,0,7,-7
113900115,0,31,-31
113900116,14,159,-145
113900117,19,18,1
113900118,89,1017,-928
113900119,60,155,-95
113900120,143,17,126
113900121,181,9,172
113900122,108,4780,-4672
113900123,417,51,366
113900124,0,44,-44
113900125,416,70,346
113900126,34,60,-26
113900127,287,409,-122
113900128,283,17,266
113900129,6,71,-65
113900130,0,14,-14
113900131,190,7,183
113900132,28,31,-3
113900133,18,17,1
113900135,310,128,182
113900136,45,18,27
113900137,241,110,131
113900138,8,119,-111
113900139,317,452,-135
113900140,15,95,-80
113900141,994,79,915
113900142,57,7,50
113900143,23,79,-56
113900144,59,46,13
113900145,336,39,297
113900146,309,48,261
113900148,14,109,-95
113900149,109,219,-110
113900150,247,111,136
113900151,452,87,365
113900152,24,12,12
113900153,67,50,17
113900154,0,47,-47
113900155,56,123,-67
113900156,144,163,-19
113900157,32,252,-220
113900158,48,37,11
113900159,1,201,-200
113900160,309,657,-348
113900161,163,184,-21
113900162,53,107,-54
113900163,175,40,135
113900164,490,13,477
113900165,306,215,91
113900166,14,39,-25
113900167,289,34,255
113900168,60,26,34
113900169,131,143,-12
113900171,223,49,174
113900172,28,30,-2
113900173,6,104,-98
113900174,206,168,38
113900175,225,120,105
113900176,167,95,72
113900177,114,33,81
113900178,139,172,-33
113900179,2,86,-84
113900180,61,34,27
113900181,1100,73,1027
113900182,395,166,229
113900183,30,34,-4
113900184,5,157,-152
113900185,29,27,2
113900186,9,1,8
113900187,10,46,-36
113900188,4,11,-7
113900189,250,142,108
113900190,92,13,79
113900191,4,27,-23
113900192,1589,2264,-675
113900193,4,50,-46
113900194,488,140,348
113900195,243,103,140
113900196,1,40,-39
113900197,2,15,-13
113900198,3,177,-174
113900199,18,100,-82
113900200,8,17,-9
113900201,0,40,-40
113900202,16,15,1
113900203,19,28,-9
113900204,5,76,-71
113900205,2,5,-3
113900206,0,22,-22
113900207,1,19,-18
113900208,0,8,-8
113900209,0,10,-10
113900210,282,502,-220
113900211,98,15,83
113900212,313,128,185
113900214,144,121,23
113900215,84,70,14
113900216,153,137,16
113900217,170,75,95
113900218,28,95,-67
113900219,71,212,-141
113900220,77,136,-59
113900221,157,605,-448
113900222,255,717,-462
113900223,448,348,100
113900224,41,31,10
113900225,888,78,810
113900226,156,89,67
113900227,177,141,36
113900228,253,433,-180
113900229,10,891,-881
113900230,1104,2765,-1661
113900231,89,13,76
113900232,72,10,62
113900233,149,8,141
113900234,317,460,-143
113900235,121,26,95
113900236,480,79,401
113900237,191,4,187
113900238,55,304,-249
113900239,31,55,-24
113900240,1,75,-74
113900241,17,39,-22
113900242,16,54,-38
113900243,2,56,-54
113900244,125,66,59
113900245,197,58,139
113900246,10,44,-34
113900247,28,463,-435
113900248,1308,1899,-591
113900249,197,601,-404
113900250,17,407,-390
113900251,1414,26,1388
113900252,1095,10,1085
113900253,644,16,628
113900254,444,104,340
113900255,1242,6,1236
113900256,589,8,581
113900257,6,250,-244
113900258,7,120,-113
113900259,837,81,756
113900260,276,4,272
113900261,80,26,54
113900262,196,108,88
113900263,3,110,-107
113900264,0,109,-109
113900265,132,1891,-1759
113900266,4,63,-59
113900267,41,225,-184
113900268,66,1423,-1357
113900269,57,103,-46
113900270,175,182,-7
113900271,422,237,185
113900273,12,18,-6
113900274,49,69,-20
113900275,0,40,-40
113900276,7,52,-45
113900277,387,2,385
113900278,123,46,77
113900279,52,7,45
113900280,510,269,241
113900281,27,614,-587
113900282,247,113,134
113900283,478,261,217
113900284,1353,106,1247
113900285,54,17,37
113900286,7,19,-12
113900287,172,36,136
113900288,0,66,-66
113900289,305,271,34
113900290,412,787,-375
113900291,93,51,42
113900292,1,7,-6
113900293,13,67,-54
113900294,1008,7,1001
113900295,294,53,241
113900296,444,107,337
113900297,2456,48,2408
113900298,54,1020,-966
113900299,199,28,171
113900300,2105,2403,-298
113900301,98,871,-773
113900302,1647,856,791
113900303,140,1279,-1139
113900304,0,42,-42
113900305,227,0,227
113900306,145,0,145
113900307,17,0,17
113900308,5,29,-24
113900309,0,147,-147
113900310,0,0,0
113900311,25,1,24
113900312,41,113,-72
113900313,1,0,1
113900314,42,1,41
113900315,468,2,466
114000001,816,624,192
114000002,482,126,356
114000003,530,384,146
114000004,1015,144,871
114000005,857,108,749
114000006,1520,570,950
114000007,1050,409,641
114000008,2338,1091,1247
114000009,1995,196,1799
114000011,3097,1300,1797
114000012,5673,1448,4225
114000013,3167,1554,1613
114000014,1442,219,1223
114000015,3369,148,3221
114000016,723,73,650
114000017,116,1303,-1187
114000018,134,23,111
114000026,4899,832,4067
114000027,6068,2554,3514
114000028,1926,3356,-1430
114000038,444,98,346
114000039,205,30,175
114000040,154,402,-248
114000042,221,129,92
114000043,307,245,62
114000044,754,30,724
114000045,55,32,23
114000046,1718,3195,-1477
114000047,23,134,-111
114000048,167,86,81
114000049,2550,837,1713
114000050,2261,694,1567
114000051,3825,1385,2440
114000052,3528,3644,-116
114000053,50,786,-736
114000054,403,712,-309
114000055,458,85,373
114000056,143,523,-380
114000057,2751,1085,1666
114000058,70,891,-821
114000059,83,1486,-1403
114000060,866,1001,-135
114000061,2270,2419,-149
114000062,251,600,-349
114000063,1247,898,349
114000064,1413,4409,-2996
114000065,1268,1182,86
114000066,932,619,313
114000067,24,1843,-1819
114000068,331,897,-566
114000069,1226,271,955
114000070,1762,919,843
114000071,1110,226,884
114000072,1777,389,1388
114000073,28,14,14
114000074,167,16,151
114000075,115,22,93
114000076,44,47,-3
114000077,17,1,16
114000078,798,770,28
114000079,627,218,409
114000080,185,99,86
114000081,186,68,118
114000082,353,183,170
114000083,59,9,50
114000084,341,91,250
114000085,102,187,-85
114000086,219,744,-525
114000087,495,53,442
114000088,39,27,12
114000089,436,176,260
114000090,861,751,110
114000091,763,673,90
114000092,673,278,395
114000093,1828,293,1535
114000094,768,304,464
114000095,380,235,145
114000096,67,143,-76
114000097,177,197,-20
114000098,1024,147,877
114000099,1470,139,1331
114000100,2492,289,2203
114000101,818,247,571
114000102,1507,207,1300
114000103,327,92,235
114000104,6,271,-265
114000105,392,128,264
114000106,538,3158,-2620
114000107,555,157,398
114000108,1085,397,688
114000109,1054,7050,-5996
114000110,1370,329,1041
114000111,3542,2237,1305
114000112,414,653,-239
114000113,4295,181,4114
114000114,478,402,76
114000115,5137,355,4782
114000116,1076,6583,-5507
114000117,6848,531,6317
114000118,6103,278,5825
114000119,5187,252,4935
114000120,1534,514,1020
114000121,616,329,287
114000122,530,350,180
114000123,3604,227,3377
114000124,2628,264,2364
114000125,1293,1211,82
114000126,2890,346,2544
114000127,350,81,269
114000128,1539,170,1369
114000130,715,393,322
114000131,592,58,534
114000132,1232,139,1093
114000133,923,549,374
114000134,220,9,211
114000138,74,50,24
114000139,511,430,81
114000144,721,721,0
114000145,105,19,86
114000146,242,25,217
114000147,933,2540,-1607
114000148,743,2137,-1394
114000149,368,264,104
114000150,476,974,-498
114000151,580,4154,-3574
114000152,93,52,41
114000153,848,1565,-717
114000154,1062,518,544
114000155,863,4588,-3725
114000156,766,518,248
114000157,524,1754,-1230
114000158,649,393,256
114000159,549,220,329
114000160,178,208,-30
114000161,862,1154,-292
114000162,1098,1762,-664
114000163,59,11,48
114000165,424,325,99
114000166,484,189,295
114000167,1987,2610,-623
114000168,373,177,196
114000169,1068,730,338
114000170,1312,762,550
114000171,1988,17349,-15361
114000174,127,473,-346
114000176,192,393,-201
114000177,433,199,234
114000178,142,127,15
114000179,917,1143,-226
114000180,100,161,-61
114000181,1176,8076,-6900
114000182,664,2032,-1368
114000183,731,856,-125
114000184,1846,297,1549
114000185,1443,625,818
114000189,2590,105,2485
114000190,5263,470,4793
114000191,320,722,-402
114000192,70,316,-246
114000193,147,549,-402
114000194,3706,564,3142
114000195,612,527,85
114000196,3,114,-111
114000197,3139,19,3120
114000198,767,232,535
114000199,1297,1071,226
114000200,936,590,346
114000201,383,700,-317
114000202,1208,486,722
114000203,1561,327,1234
114000204,327,351,-24
114000205,684,4206,-3522
114000206,1239,836,403
114000207,436,525,-89
114000208,1097,461,636
114000209,449,770,-321
114000210,201,486,-285
114000211,2439,950,1489
114000212,1105,2353,-1248
114000213,2579,382,2197
114000214,304,23,281
114000215,185,59,126
114000216,3049,384,2665
114000217,547,169,378
114000218,735,320,415
114000219,2608,77,2531
114000220,39,334,-295
114000221,2164,135,2029
114000222,168,405,-237
114000223,1236,157,1079
114000224,43,368,-325
114000225,778,206,572
114000226,389,149,240
114000227,1392,577,815
114000228,1214,237,977
114000229,2404,685,1719
114000230,1840,394,1446
114000231,1038,1314,-276
114000232,1662,165,1497
114000233,4154,59,4095
114000234,1688,466,1222
114000235,2463,868,1595
114000236,0,89,-89
114000237,116,256,-140
114000238,142,431,-289
114000239,178,507,-329
114000240,1104,4927,-3823
114000241,438,653,-215
114000242,940,889,51
114000243,3335,1365,1970
114000244,674,305,369
114000245,491,2404,-1913
114000246,163,226,-63
114000247,711,437,274
114000248,2858,470,2388
114000249,809,387,422
114000250,1211,137,1074
114000251,407,116,291
114000252,114,7,107
114000253,198,92,106
114000254,71,7,64
114000255,463,170,293
114000256,398,640,-242
114000257,1551,851,700
114000258,1092,207,885
114000259,383,370,13
114000260,0,46,-46
114000261,86,17,69
114000262,587,505,82
114000263,22,0,22
114000264,2376,168,2208
114000265,0,2,-2
114000267,7,4500,-4493
114000268,1,432,-431
114000270,420,14,406
114000271,328,91,237
114000283,2921,283,2638
114000285,25,119,-94
114000288,257,235,22
114000289,3831,120,3711
114000293,413,544,-131
114000294,384,388,-4
114000395,4162,87,4075
114000396,604,442,162
114000402,1372,118,1254
114000403,582,86,496
114000405,578,168,410
114000423,1054,109,945
114000424,707,140,567
114000425,2101,80,2021
114000426,321,937,-616
114000427,97,41,56
114000428,53,81,-28
114000429,17,76,-59
114000432,202,24,178
114000434,86,33,53
114000435,0,14,-14
114900001,1196,190,1006
114900002,353,756,-403
114900003,1263,185,1078
114900004,163,844,-681
114900005,464,91,373
114900006,105,158,-53
114900007,168,3,165
114900008,407,92,315
114900010,838,2424,-1586
114900011,588,65,523
114900013,377,50,327
114900018,1193,29,1164
114900020,190,76,114
114900022,24,771,-747
114900025,804,62,742
114900026,151,63,88
114900029,324,6,318
114900030,383,128,255
114900031,1334,24,1310
114900032,1120,20,1100
114900034,38,24,14
114900035,132,144,-12
114900036,250,147,103
114900039,1298,91,1207
114900040,173,7,166
114900041,2371,93,2278
114900042,2597,131,2466
114900044,262,63,199
114900047,138,6226,-6088
114900048,68,69,-1
114900049,15,56,-41
114900050,82,100,-18
114900051,19,393,-374
114900052,6,1175,-1169
114900053,41,256,-215
114900054,15,6,9
114900057,387,13,374
114900058,0,19,-19
114900059,168,88,80
114900063,202,11,191
114900064,3388,74,3314
114900065,432,1140,-708
114900067,49,187,-138
114900068,27,55,-28
114900069,270,18,252
114900070,907,87,820
114900072,0,43,-43
114900073,2,24,-22
114900074,2230,66,2164
114900075,405,8,397
114900076,1,44,-43
114900080,398,47,351
114900082,1058,2969,-1911
114900083,116,511,-395
114900090,922,68,854
114900091,124,70,54
114900097,590,1,589
114900098,12,67,-55
114900099,403,9,394
115000001,4232,1518,2714
115000002,4269,6725,-2456
115000003,4091,1244,2847
115000004,5332,5728,-396
115000005,1720,1791,-71
115000006,1711,1123,588
115000007,378,212,166
115000008,431,455,-24
115000009,532,252,280
115000010,266,268,-2
115000013,59,176,-117
115000015,49,380,-331
115000016,21,141,-120
115000019,42,495,-453
115000020,83,972,-889
115000021,86,318,-232
115000022,212,126,86
115000023,247,493,-246
115000024,231,129,102
115000025,914,448,466
115000026,190,102,88
115000027,473,176,297
115000028,144,178,-34
115000029,1093,48,1045
115000030,460,312,148
115000031,605,54,551
115000032,8,363,-355
115000033,212,3,209
115000034,37,1199,-1162
115000035,942,195,747
115000036,0,197,-197
115000037,906,63,843
115000038,101,68,33
115000039,2302,4916,-2614
115000040,3251,2977,274
115000041,1678,6939,-5261
115000042,572,517,55
115000043,3852,2900,952
115000044,2345,2607,-262
115000045,3533,763,2770
115000046,4132,2188,1944
115000047,3668,1028,2640
115000048,4123,1751,2372
115000049,1851,3006,-1155
115000050,3335,857,2478
115000051,1896,6271,-4375
115000052,1431,902,529
115000053,2920,3190,-270
115000054,730,573,157
115000055,155,1006,-851
115000056,198,326,-128
115000057,522,1175,-653
115000058,78,606,-528
115000059,95,258,-163
115000061,198,183,15
115000062,317,502,-185
115000063,806,230,576
115000064,363,77,286
115000065,170,623,-453
115000067,391,13,378
115000069,118,268,-150
115000070,31,977,-946
115000071,106,28,78
115000072,7,40,-33
115000073,1619,73,1546
115000075,108,35,73
115000076,2251,1192,1059
115000077,2949,906,2043
115000078,2898,607,2291
115000079,2419,1038,1381
115000080,6122,916,5206
115000081,220,240,-20
115000082,6697,4449,2248
115000083,3477,562,2915
115000084,4107,519,3588
115000085,2174,410,1764
115000086,1821,311,1510
115000087,690,1775,-1085
115000088,1443,424,1019
115000089,1850,928,922
115000090,498,891,-393
115000091,355,259,96
115000092,1142,1409,-267
115000093,1381,1,1380
115000094,4253,10363,-6110
115000095,2953,10330,-7377
115000096,1852,504,1348
115000097,3280,2168,1112
115000098,2806,294,2512
115000099,3986,718,3268
115000100,2468,318,2150
115000101,768,493,275
115000102,765,150,615
115000103,348,336,12
115000105,120,72,48
115000106,1332,606,726
115000107,202,148,54
115000108,1420,1211,209
115000109,3084,6277,-3193
115000110,1061,2829,-1768
115000111,157,363,-206
115000112,470,493,-23
115000113,290,254,36
115000114,555,222,333
115000116,1550,1408,142
115000117,1196,2159,-963
115000118,1743,1985,-242
115000119,1418,3384,-1966
115000120,546,604,-58
115000121,378,664,-286
115000122,320,963,-643
115000123,689,985,-296
115000124,690,680,10
115000125,437,847,-410
115000126,109,352,-243
115000127,361,74,287
115000128,538,869,-331
115000129,130,1100,-970
115000130,410,372,38
115000131,1349,326,1023
115000132,585,917,-332
115000133,1646,798,848
115000134,549,727,-178
115000135,294,494,-200
115000136,250,163,87
115000137,101,319,-218
115000138,579,327,252
115000139,265,97,168
115000140,605,84,521
115000141,324,66,258
115000142,295,57,238
115000143,1028,373,655
115000144,623,193,430
115000145,275,80,195
115000146,527,422,105
115000147,451,1019,-568
115000148,408,506,-98
115000149,970,228,742
115000150,897,320,577
115000151,1808,195,1613
115000152,1447,407,1040
115000153,2252,218,2034
115000154,1423,121,1302
115000155,1171,657,514
115000156,751,298,453
115000157,274,476,-202
115000158,123,201,-78
115000159,507,132,375
115000160,266,145,121
115000161,174,501,-327
115000162,406,1210,-804
115000163,465,300,165
115000164,209,307,-98
115000165,130,425,-295
115000167,99,82,17
115000168,543,439,104
115000169,210,605,-395
115000170,65,178,-113
115000171,324,277,47
115000172,670,702,-32
115000173,200,1286,-1086
115000174,81,369,-288
115000175,180,187,-7
115000176,35,125,-90
115000177,15,199,-184
115000178,15,146,-131
115000179,16,121,-105
115000180,109,191,-82
115000181,1319,165,1154
115000182,1661,148,1513
115000183,520,284,236
115000186,598,94,504
115000187,195,186,9
115000188,514,272,242
115000189,441,556,-115
115000190,457,478,-21
115000191,180,739,-559
115000194,190,74,116
115000195,124,232,-108
115000196,574,326,248
115000197,314,385,-71
115000198,801,127,674
115000199,769,108,661
115000200,588,62,526
115000201,435,271,164
115000206,577,10,567
115000207,904,203,701
115000208,338,745,-407
115000209,874,765,109
115000210,271,166,105
115000211,290,151,139
115000212,920,234,686
115000224,158,14,144
115000225,143,24,119
115000229,118,35,83
115000230,171,214,-43
115000231,409,411,-2
115000232,4551,410,4141
115000233,184,104,80
115000234,55,143,-88
115000241,197,59,138
115000242,331,43,288
115000243,472,46,426
115000244,11,106,-95
115000246,20,84,-64
115000247,8,8,0
115000248,5,1,4
115000249,2,7,-5
115000250,319,62,257
115000251,727,274,453
115000252,544,344,200
115000253,41,450,-409
115000258,699,388,311
115000259,245,20,225
115000261,7,2,5
115000262,14,42,-28
115000263,20,31,-11
115000264,36,32,4
115000267,85,38,47
115000268,33,25,8
115000269,133,10,123
115000270,25,18,7
115000272,150,44,106
115000273,940,12,928
115000280,711,231,480
115000281,145,1002,-857
115000282,428,1316,-888
115000284,108,310,-202
115000296,425,6,419
115000297,61,236,-175
115000298,58,638,-580
115000300,244,72,172
115000302,843,180,663
115000303,1562,43,1519
115000304,1261,85,1176
115000305,137,243,-106
115000306,460,121,339
115000307,362,325,37
115000308,38,27,11
115000310,3238,193,3045
115000311,1976,567,1409
115000313,201,148,53
115000314,705,267,438
115000315,459,1209,-750
115000316,185,125,60
115000317,337,277,60
115000318,1391,382,1009
115000319,236,74,162
115000320,6,633,-627
115000321,226,3,223
115000322,82,80,2
115000449,55,198,-143
115000557,8,3268,-3260
115000558,58,147,-89
115000587,1118,156,962
115000588,1925,2030,-105
115000589,5597,2391,3206
115000590,901,2190,-1289
115000591,2127,878,1249
115000592,600,1278,-678
115000593,2081,671,1410
115000594,192,2177,-1985
115000609,363,350,13
115000617,494,3107,-2613
115000624,417,5,412
115000633,349,1078,-729
115000634,3294,672,2622
115000635,821,118,703
115000638,156,227,-71
115000641,18,411,-393
115000642,442,205,237
115000643,326,285,41
115000644,495,219,276
115000646,454,1574,-1120
115000647,253,378,-125
115000648,4640,393,4247
115000893,1539,651,888
115000894,158,593,-435
115000895,294,681,-387
115000896,1194,375,819
115000897,466,88,378
115000898,373,274,99
115000899,234,1126,-892
115000900,22,299,-277
115000901,47,119,-72
115000912,551,132,419
115000913,2,20,-18
115000915,88,47,41
115000916,25,27,-2
115000917,1,35,-34
115000918,20,797,-777
115000919,21,73,-52
115000920,1,93,-92
115000921,164,118,46
115000922,212,552,-340
115000923,46,1520,-1474
115000925,264,174,90
115000927,169,308,-139
115000933,74,306,-232
115000934,47,166,-119
115000935,131,64,67
115000936,51,1412,-1361
115000937,706,312,394
115000938,16,158,-142
115000939,15,106,-91
115000940,4,22,-18
115000941,0,35,-35
115000942,9,112,-103
115000943,14,210,-196
115000944,0,6,-6
115900001,438,18,420
115900002,57,22,35
115900003,307,49,258
115900004,3,5,-2
115900005,431,13,418
115900006,211,88,123
115900008,278,1,277
115900009,94,85,9
115900010,1054,66,988
115900011,419,42,377
115900012,542,2,540
115900013,601,68,533
115900014,209,22,187
115900015,471,7,464
115900016,141,23,118
115900017,190,31,159
115900018,101,32,69
115900019,26,1,25
115900020,387,2,385
115900021,299,323,-24
115900022,541,9,532
115900023,2,8,-6
115900025,7,147,-140
115900026,821,19,802
115900027,0,98,-98
115900028,157,13,144
115900029,2,85,-83
115900030,70,35,35
115900031,88,215,-127
115900032,565,570,-5
115900033,0,27,-27
115900034,2,86,-84
115900035,97,8,89
115900036,41,4166,-4125
115900037,9,100,-91
115900038,73,4,69
115900039,449,36,413
115900041,78,1605,-1527
115900042,130,4,126
115900043,265,56,209
115900044,104,1044,-940
115900046,893,53,840
115900047,35,174,-139
115900049,390,195,195
115900051,0,17,-17
115900052,20,32,-12
115900053,862,80,782
115900054,606,6,600
115900055,36,11,25
115900056,430,37,393
115900057,8,8,0
115900058,2,8,-6
115900060,106,28,78
115900061,620,0,620
115900062,95,45,50
115900063,43,1,42
115900064,110,252,-142
115900065,286,31,255
115900066,38,34,4
115900067,17,47,-30
115900068,1114,2484,-1370
115900069,27,116,-89
115900070,500,12,488
115900071,0,97,-97
115900072,10,44,-34
115900073,262,178,84
115900074,2,68,-66
115900075,144,82,62
115900076,3,13,-10
115900077,2,40,-38
115900078,118,1024,-906
115900079,578,14,564
115900080,125,15,110
115900081,24,7,17
115900082,137,647,-510
115900084,1153,4,1149
115900085,65,57,8
115900086,919,281,638
115900088,5,120,-115
115900089,890,138,752
115900090,1368,2,1366
115900091,8,12,-4
115900092,63,32,31
115900093,1,4,-3
115900094,4,65,-61
115900096,8,3,5
115900097,7,34,-27
115900098,733,107,626
115900099,123,404,-281
115900100,9,133,-124
115900101,469,72,397
115900102,175,100,75
115900103,409,69,340
115900104,90,89,1
115900105,451,86,365
115900106,274,3,271
115900107,120,47,73
115900108,221,0,221
115900109,23,157,-134
115900110,42,0,42
115900111,0,20,-20
115900112,68,243,-175
115900113,63,4,59
115900114,1,35,-34
115900115,117,39,78
115900116,98,208,-110
115900117,219,4,215
115900118,0,43,-43
115900119,311,59,252
115900120,64,72,-8
115900121,507,29,478
115900124,226,942,-716
115900125,553,254,299
115900126,1069,35,1034
115900127,1511,29,1482
115900128,2,359,-357
115900129,878,7,871
115900130,4,349,-345
115900131,767,119,648
115900132,991,18,973
115900134,849,3,846
115900135,399,303,96
115900137,37,1,36
115900139,5,102,-97
115900140,783,38,745
115900141,0,75,-75
115900142,7,25,-18
115900143,355,59,296
115900144,320,73,247
115900146,38,27,11
115900147,208,451,-243
115900148,11,28,-17
115900149,382,7,375
115900150,255,14,241
115900151,122,46,76
115900152,226,66,160
115900153,190,85,105
115900154,120,199,-79
115900155,0,15,-15
115900156,710,567,143
115900157,504,511,-7
115900158,36,0,36
115900159,453,87,366
115900160,0,14,-14
115900161,44,37,7
115900163,413,25,388
115900164,1505,12,1493
115900166,135,51,84
115900168,633,67,566
115900171,124,118,6
115900172,32,99,-67
115900173,492,126,366
115900174,49,123,-74
115900175,446,49,397
115900178,33,77,-44
115900179,808,2,806
115900180,27,29,-2
115900181,493,43,450
115900182,977,34,943
115900183,20,260,-240
115900184,346,1,345
115900187,21,144,-123
115900189,0,107,-107
115900190,91,762,-671
115900191,16,82,-66
115900192,14,136,-122
115900193,162,478,-316
115900194,1517,56,1461
115900195,458,4051,-3593
115900198,627,385,242
115900199,510,44,466
115900200,362,73,289
115900201,358,261,97
115900202,0,376,-376
115900203,0,1,-1
115900204,0,29,-29
115900205,10,1,9
115900206,655,56,599
115900207,100,7,93
115900208,168,69,99
115900209,25,84,-59
115900210,3,734,-731
115900211,0,139,-139
115900212,275,45,230
115900213,154,308,-154
115900214,1320,47,1273
115900215,33,249,-216
115900216,5,38,-33
115900217,2,12,-10
115900218,5,8,-3
115900219,331,5,326
115900220,504,4,500
115900221,301,3,298
115900222,58,40,18
115900223,4,541,-537
115900224,964,3039,-2075
115900225,82,33,49
115900226,29,19,10
115900227,1,8,-7
115900228,2,24,-22
115900229,9,27,-18
115900230,113,39,74
115900231,222,0,222
115900232,109,0,109
115900233,232,1,231
115900234,98,23,75
115900235,14,18,-4
115900236,10,320,-310
115900237,13,57,-44
115900238,20,19,1
115900239,5,35,-30
115900240,10,48,-38
115900241,391,14,377
115900242,386,639,-253
115900243,3,6,-3
115900244,45,5,40
115900245,211,3,208
115900246,1,0,1
115900247,1,0,1
115900248,7,0,7
115900249,24,1,23
115900250,40,0,40
115900251,4,1,3
115900252,2,0,2
115900253,47,2,45
115900254,7,35,-28
115900255,0,16,-16
115900256,11,271,-260
115900257,4,8,-4
115900258,0,1,-1
115900259,55,3,52
115900260,24,0,24
115900261,32,1,31
115900262,0,0,0
115900263,23,0,23
115900264,26,0,26
115900265,1,3,-2
115900266,2,2,0
115900267,0,30,-30
115900268,1,170,-169
115900269,1626,141,1485
115900270,625,104,521
115900271,440,0,440
115900272,71,12,59
115900273,20,66,-46
115900274,0,0,0
115900275,0,1,-1
115900276,0,1,-1
115900277,0,54,-54
115900278,101,39,62
115900279,22,304,-282
115900280,13,1071,-1058
115900281,129,567,-438
115900282,7,58,-51
115900283,46,4,42
115900284,106,0,106
116000001,4595,1232,3363
116000002,5464,19551,-14087
116000003,1107,672,435
116000004,6227,7146,-919
116000005,967,2455,-1488
116000006,3202,6195,-2993
116000007,1296,1399,-103
116000008,6470,2707,3763
116000009,897,721,176
116000010,4278,2208,2070
116000011,1026,530,496
116000012,2955,1196,1759
116000013,3006,2227,779
116000014,9574,28790,-19216
116000015,73,2225,-2152
116000016,3205,6821,-3616
116000017,53,487,-434
116000018,439,243,196
116000019,1740,146,1594
116000020,425,566,-141
116000021,1545,172,1373
116000022,726,334,392
116000023,2474,1365,1109
116000024,702,469,233
116000025,1133,578,555
116000026,1285,2709,-1424
116000027,477,615,-138
116000028,459,929,-470
116000029,336,225,111
116000030,717,504,213
116000031,18,56,-38
116000032,282,47,235
116000033,1033,219,814
116000034,617,749,-132
116000035,425,157,268
116000036,209,1381,-1172
116000037,138,306,-168
116000038,48,656,-608
116000039,170,688,-518
116000040,438,916,-478
116000041,95,433,-338
116000042,1266,830,436
116000043,106,270,-164
116000044,5,123,-118
116000045,919,1215,-296
116000046,679,928,-249
116000047,1789,2509,-720
116000048,3035,1145,1890
116000049,1894,1826,68
116000050,1192,798,394
116000051,2565,2184,381
116000052,2858,1924,934
116000053,2876,572,2304
116000054,1038,1766,-728
116000055,969,835,134
116000056,2042,967,1075
116000057,2042,830,1212
116000058,3300,2314,986
116000059,2349,4402,-2053
116000060,2338,1349,989
116000061,385,1405,-1020
116000062,712,226,486
116000063,586,1993,-1407
116000066,576,674,-98
116000067,333,251,82
116000068,236,218,18
116000069,307,152,155
116000078,843,814,29
116000080,1670,291,1379
116000082,17,16,1
116000083,2747,196,2551
116000084,1643,1272,371
116000085,1944,2584,-640
116000086,876,357,519
116000087,3813,1596,2217
116000088,2343,514,1829
116000089,229,103,126
116000090,354,82,272
116000091,169,1299,-1130
116000093,790,157,633
116000094,1737,558,1179
116000095,931,198,733
116000096,2698,4652,-1954
116000097,1136,395,741
116000098,47,16633,-16586
116000099,8055,873,7182
116000100,374,18,356
116000101,2320,311,2009
116000102,512,550,-38
116000103,637,406,231
116000104,288,1197,-909
116000105,2593,150,2443
116000106,699,4825,-4126
116000107,4462,1089,3373
116000108,33,2912,-2879
116000111,342,43,299
116000113,149,14,135
116000114,43,72,-29
116000115,448,43,405
116000116,364,62,302
116000117,1903,1020,883
116000118,1971,491,1480
116000119,5021,1129,3892
116000120,2755,1471,1284
116000121,1483,350,1133
116000122,888,407,481
116000123,1948,517,1431
116000124,818,195,623
116000125,4328,302,4026
116000126,600,254,346
116000127,830,326,504
116000128,3482,581,2901
116000129,2478,92,2386
116000130,1468,596,872
116000133,3284,385,2899
116000134,1962,601,1361
116000135,4263,852,3411
116000136,1201,752,449
116000137,1479,617,862
116000138,625,332,293
116000139,2607,3238,-631
116000140,393,608,-215
116000141,1336,414,922
116000142,3849,1770,2079
116000143,3112,1570,1542
116000144,2892,1528,1364
116000145,3837,677,3160
116000146,1584,105,1479
116000147,449,389,60
116000148,1337,1129,208
116000149,617,496,121
116000151,926,660,266
116000153,91,532,-441
116000155,158,393,-235
116000156,1350,382,968
116000157,202,4,198
116000158,731,131,600
116000159,31,8,23
116000160,81,22,59
116000161,4,51,-47
116000162,24,411,-387
116000163,143,1,142
116000164,31,5,26
116000177,111,2544,-2433
116000194,65,232,-167
116000195,2917,642,2275
116000196,103,23,80
116000197,80,38,42
116000198,2103,958,1145
116000200,492,1299,-807
116000201,742,354,388
116000202,35,280,-245
116000203,0,13,-13
116000204,3,11,-8
116000205,0,77,-77
116000206,1,488,-487
116000207,20,470,-450
116000233,118,196,-78
116000287,487,78,409
116000288,787,192,595
116000292,212,93,119
116000296,26,95,-69
116000297,200,5,195
116000304,439,18,421
116000305,13,28,-15
116000346,518,95,423
116000352,179,52,127
116000354,39,42,-3
116000357,6,11,-5
116000358,705,211,494
116000361,103,0,103
116000372,3296,9700,-6404
116000381,402,1,401
116000388,14,30,-16
116000389,1124,103,1021
116000445,2382,191,2191
116000446,1341,119,1222
116000447,71,599,-528
116000448,619,39,580
116000563,652,789,-137
116000565,148,231,-83
116000568,80,418,-338
116000579,55,194,-139
116000583,243,29,214
116000584,88,4,84
116000585,113,44,69
116000586,43,82,-39
116000587,324,83,241
116000589,102,42,60
116000590,233,63,170
116000591,393,71,322
116000592,2,11,-9
116000593,0,12,-12
116000594,2178,167,2011
116000595,1384,41,1343
116000596,437,1,436
116000597,974,357,617
116000598,228,124,104
116000605,226,83,143
116000606,96,477,-381
116000607,0,12,-12
116000609,31,2403,-2372
116000611,372,79,293
116000612,2901,2346,555
116000613,1042,383,659
116000614,706,149,557
116000615,0,343,-343
116000616,115,39,76
116000617,389,4,385
116000618,5,17,-12
116000619,28,135,-107
116000620,703,191,512
116000621,186,61,125
116000622,172,72,100
116000624,139,458,-319
116000627,574,29,545
116000628,342,116,226
116000629,194,57,137
116000630,1204,7,1197
116000631,892,50,842
116000632,2446,12,2434
116000633,1165,118,1047
116000634,1297,44,1253
116000635,2106,2394,-288
116000636,536,1239,-703
116000637,1576,21,1555
116000638,411,197,214
116000639,155,14,141
116000640,15,78,-63
116000641,30,51,-21
116000643,1,73,-72
116000644,120,82,38
116000645,111,5,106
116900001,139,36,103
116900002,358,1,357
116900003,137,0,137
116900004,97,134,-37
116900005,559,14,545
116900006,53,137,-84
116900007,116,114,2
116900008,1288,90,1198
116900009,15,29,-14
116900010,1401,283,1118
116900011,3,5,-2
116900012,110,337,-227
116900013,5,22,-17
116900014,350,63,287
116900015,1632,39,1593
116900016,467,7,460
116900017,139,196,-57
116900018,123,161,-38
116900019,0,56,-56
116900020,319,3625,-3306
116900023,27,21,6
116900024,1767,13,1754
116900025,2228,257,1971
116900026,10,238,-228
116900027,143,42,101
116900028,0,12,-12
116900029,2,307,-305
116900031,0,3,-3
116900032,5,57,-52
116900033,43,8,35
116900034,5,4,1
116900035,286,130,156
116900036,9,66,-57
116900038,12,2,10
116900041,202,13,189
116900042,309,160,149
116900043,18,18,0
116900047,53,527,-474
116900049,62,128,-66
116900050,40,122,-82
116900051,684,22,662
116900052,243,144,99
116900055,0,24,-24
116900057,60,80,-20
116900058,6,209,-203
116900059,3,33,-30
116900060,207,234,-27
116900062,5,255,-250
116900064,102,90,12
116900065,0,63,-63
116900067,180,9,171
116900068,221,92,129
116900070,31,5,26
116900072,74,80,-6
116900073,1,41,-40
116900074,7,14,-7
116900076,23,246,-223
116900077,2,49,-47
116900078,107,18,89
116900079,85,61,24
116900080,1,3,-2
116900081,131,327,-196
116900082,234,1134,-900
116900083,5,9,-4
116900084,79,17,62
116900085,8,32,-24
116900086,27,122,-95
116900088,215,13,202
116900090,4,7,-3
116900091,981,10,971
116900092,138,159,-21
116900093,1856,1298,558
116900094,3505,7905,-4400
116900095,499,158,341
116900096,116,607,-491
116900097,964,6300,-5336
116900098,530,194,336
116900099,246,366,-120
116900100,2231,111,2120
116900101,175,466,-291
116900103,4,0,4
116900104,8,211,-203
116900105,721,302,419
116900106,4470,20,4450
116900107,716,4436,-3720
116900110,16,0,16
116900111,1442,228,1214
116900112,470,189,281
116900113,638,3476,-2838
116900116,23,490,-467
116900117,424,572,-148
116900118,542,1174,-632
116900120,642,55,587
116900121,527,43,484
116900122,2188,560,1628
116900123,949,333,616
116900124,110,130,-20
116900125,909,94,815
116900126,147,1068,-921
116900128,0,6,-6
116900129,0,277,-277
116900130,602,7429,-6827
116900131,72,273,-201
116900132,105,82,23
116900133,324,96,228
116900134,278,168,110
116900136,295,648,-353
116900137,291,132,159
116900138,160,51,109
116900139,36,90,-54
116900140,202,27,175
116900141,622,46,576
116900142,5,60,-55
116900143,915,68,847
116900144,135,10,125
116900145,118,67,51
116900147,163,1001,-838
116900148,3,3,0
116900149,66,291,-225
116900150,17,3,14
116900151,29,17,12
116900153,211,149,62
116900154,195,863,-668
116900155,120,87,33
116900157,1632,42,1590
116900158,155,393,-238
116900159,117,447,-330
116900160,1138,524,614
116900161,2990,13563,-10573
116900162,49,74,-25
116900163,612,27,585
116900164,154,42,112
116900165,954,294,660
116900166,155,153,2
116900167,945,29,916
116900168,1036,20,1016
116900169,132,830,-698
116900170,804,288,516
116900171,47,61,-14
116900172,82,869,-787
116900173,818,5,813
116900174,45,223,-178
116900175,478,334,144
116900178,111,40,71
116900179,47,701,-654
116900180,265,2,263
116900182,978,158,820
116900183,428,115,313
116900185,53,11,42
116900186,206,35,171
116900187,83,49,34
116900188,255,4,251
116900189,18,0,18
116900191,146,125,21
116900192,581,135,446
116900194,128,1978,-1850
116900195,45,8,37
116900196,29,15,14
116900197,179,9,170
116900198,39,1052,-1013
116900200,234,10,224
116900201,586,6,580
116900202,51,22,29
116900203,235,2,233
116900204,31,456,-425
116900206,65,6,59
116900207,23,63,-40
116900208,15,25,-10
116900209,53,33,20
116900210,348,161,187
116900211,329,0,329
116900212,167,5,162
116900213,226,28,198
116900214,485,143,342
116900215,60,18,42
116900216,373,132,241
116900218,2,89,-87
116900219,658,85,573
116900220,114,125,-11
116900221,279,293,-14
116900222,350,199,151
116900223,43,41,2
116900226,344,22,322
116900227,504,25,479
116900228,716,113,603
116900230,113,47,66
116900231,168,131,37
116900232,55,165,-110
116900233,566,109,457
116900234,49,1,48
116900235,486,178,308
116900238,385,101,284
116900239,30,1600,-1570
116900240,3697,5221,-1524
116900241,76,36,40
116900242,1109,1582,-473
116900243,0,31,-31
116900245,70,50,20
116900246,127,13,114
116900247,1678,46,1632
116900248,112,18,94
116900249,1098,48,1050
116900250,1123,84,1039
116900251,233,2186,-1953
116900252,511,292,219
116900254,139,152,-13
116900255,197,284,-87
116900256,868,283,585
116900257,56,587,-531
116900258,0,29,-29
116900259,512,60,452
116900260,1,26,-25
116900261,153,0,153
116900262,174,106,68
116900263,0,1,-1
116900264,208,132,76
116900265,323,0,323
116900266,52,12,40
116900267,21,0,21
116900268,2,297,-295
116900269,430,1169,-739
116900271,457,1186,-729
116900272,340,242,98
116900273,23,192,-169
116900274,243,26,217
116900275,506,97,409
116900276,241,593,-352
116900277,115,71,44
116900278,7,6,1
116900279,12,6,6
116900280,93,0,93
116900281,2158,9822,-7664
116900282,0,8,-8
116900283,1,7,-6
116900284,2,63,-61
116900285,49,683,-634
116900286,116,2,114
116900287,8,22,-14
116900288,270,44,226
116900289,84,29,55
116900290,66,2,64
116900291,33,11,22
116900292,0,31,-31
116900293,188,12,176
116900294,8,77,-69
116900295,230,234,-4
116900296,97,126,-29
116900297,5,36,-31
116900298,15,125,-110
116900299,0,139,-139
116900300,0,99,-99
116900301,28,438,-410
116900302,3,97,-94
116900303,56,153,-97
116900304,0,166,-166
116900305,5,56,-51
116900306,659,56,603
116900307,196,1,195
116900308,0,52,-52
116900309,732,17,715
116900310,137,9,128
117000001,3572,4366,-794
117000002,2183,3041,-858
117000003,6645,2732,3913
117000004,2046,3520,-1474
117000005,5889,2030,3859
117000006,1678,1759,-81
117000007,10258,1270,8988
117000008,1416,2308,-892
117000009,5697,1516,4181
117000010,1045,1870,-825
117000011,5460,1495,3965
117000012,2397,1743,654
117000013,3727,1263,2464
117000014,2564,2492,72
117000015,3904,1896,2008
117000016,245,385,-140
117000017,50,703,-653
117000018,73,1110,-1037
117000019,52,60,-8
117000020,435,2938,-2503
117000021,1632,987,645
117000022,96,405,-309
117000023,66,1055,-989
117000024,140,792,-652
117000025,159,3536,-3377
117000026,1788,3503,-1715
117000027,773,2313,-1540
117000028,871,1406,-535
117000030,497,321,176
117000031,783,301,482
117000032,1676,1547,129
117000033,1558,839,719
117000034,324,261,63
117000035,514,402,112
117000036,767,338,429
117000037,470,178,292
117000038,320,383,-63
117000039,285,263,22
117000040,76,398,-322
117000041,1912,60,1852
117000044,8,260,-252
117000045,1350,349,1001
117000046,284,919,-635
117000047,1131,838,293
117000048,1177,619,558
117000049,43,349,-306
117000050,905,2138,-1233
117000051,4190,81,4109
117000052,128,127,1
117000053,1941,18,1923
117000054,2528,5,2523
117000055,13,764,-751
117000056,723,53,670
117000057,1682,1997,-315
117000060,490,716,-226
117000061,2992,1929,1063
117000062,235,616,-381
117000063,1794,644,1150
117000064,546,544,2
117000066,238,494,-256
117000067,106,486,-380
117000074,3,244,-241
117000076,29,47,-18
117000077,192,92,100
117000078,113,1141,-1028
117000079,331,123,208
117000080,1,513,-512
117000081,930,152,778
117000082,30,178,-148
117000083,553,517,36
117000084,199,0,199
117000085,780,1632,-852
117000086,838,490,348
117000087,174,740,-566
117000088,794,159,635
117000089,4314,159,4155
117000090,533,456,77
117000091,2441,112,2329
117000092,671,411,260
117000093,3271,196,3075
117000094,1358,556,802
117000095,5113,294,4819
117000096,1240,647,593
117000097,3831,589,3242
117000098,1849,1219,630
117000099,7009,701,6308
117000100,403,262,141
117000101,174,436,-262
117000102,3102,350,2752
117000103,567,500,67
117000104,2831,480,2351
117000105,633,508,125
117000106,3192,249,2943
117000107,656,806,-150
117000108,3411,715,2696
117000109,712,1064,-352
117000110,2362,2225,137
117000111,4729,3638,1091
117000112,5343,833,4510
117000113,99,79,20
117000114,469,400,69
117000115,71,39,32
117000116,325,304,21
117000117,1454,809,645
117000118,514,553,-39
117000119,131,571,-440
117000120,22,782,-760
117000121,38,836,-798
117000122,887,1764,-877
117000123,1968,34,1934
117000124,16,194,-178
117000125,57,476,-419
117000126,41,22,19
117000127,123,432,-309
117000128,117,1005,-888
117000129,289,1751,-1462
117000130,426,0,426
117000131,0,112,-112
117000132,7979,12,7967
117000133,6433,111,6322
117000134,0,99,-99
117000135,4,154,-150
117000136,0,12,-12
117000137,456,96,360
117000138,13,839,-826
117000140,595,510,85
117000141,2635,338,2297
117000181,255,103,152
117000182,2297,2134,163
117000195,294,287,7
117000196,500,183,317
117000225,15,262,-247
117000226,4,262,-258
117000276,700,51,649
117000277,0,122,-122
117000310,834,4085,-3251
117000315,208,811,-603
117000320,130,0,130
117000906,1097,19,1078
117000907,1,108,-107
117000909,151,91,60
117000910,295,100,195
117000911,23,118,-95
117000915,3,127,-124
117000916,169,4,165
117000917,2092,55,2037
117000918,307,93,214
117000919,1,33,-32
117000920,0,1593,-1593
117000921,0,306,-306
117000922,46,43,3
117000924,1796,1086,710
117000926,646,428,218
117000927,312,634,-322
117000928,0,88,-88
117000929,1310,120,1190
117000930,1703,8,1695
117000931,78,65,13
117900002,109,979,-870
117900003,124,82,42
117900005,3,242,-239
117900006,0,59,-59
117900007,378,56,322
117900008,0,35,-35
117900010,751,39,712
117900011,7,723,-716
117900012,92,36,56
117900013,1,602,-601
117900014,1137,219,918
117900015,22,69,-47
117900016,1276,1897,-621
117900017,2047,692,1355
117900018,499,557,-58
117900019,1353,251,1102
117900020,50,260,-210
117900021,38,185,-147
117900023,2895,97,2798
117900024,132,180,-48
117900025,56,4,52
117900026,760,269,491
117900028,58,2,56
117900029,421,304,117
117900031,387,503,-116
117900032,1260,572,688
117900033,899,381,518
117900034,151,35,116
117900035,472,1610,-1138
117900036,459,197,262
117900037,423,56,367
117900038,138,76,62
117900039,4,81,-77
117900040,551,80,471
117900041,0,49,-49
117900042,2869,717,2152
117900043,0,16,-16
117900044,95,6620,-6525
117900045,357,79,278
117900048,415,323,92
117900049,458,475,-17
117900050,13,531,-518
117900051,88,36,52
117900052,174,717,-543
117900053,3057,264,2793
117900054,0,8,-8
117900055,1380,287,1093
117900056,34,159,-125
117900057,1532,783,749
117900058,4,117,-113
117900059,107,204,-97
117900060,4613,2319,2294
117900061,3,325,-322
117900063,1016,210,806
117900065,264,1051,-787
117900066,9,273,-264
117900067,1536,108,1428
117900069,2287,107,2180
117900070,25,454,-429
117900071,230,102,128
117900073,1756,69,1687
117900074,9,446,-437
117900075,243,107,136
117900076,54,115,-61
117900077,1310,99,1211
117900078,707,526,181
117900080,351,19,332
117900081,296,122,174
117900082,1264,309,955
117900083,1569,423,1146
117900086,418,63,355
117900087,215,10,205
117900088,962,721,241
117900089,3826,404,3422
117900090,1638,894,744
117900091,193,46,147
117900092,342,62,280
117900093,270,9,261
117900094,79,19,60
117900095,882,1760,-878
117900096,416,350,66
117900097,240,10,230
117900098,255,7,248
117900099,376,805,-429
117900100,1184,2,1182
117900101,1191,3209,-2018
117900102,154,17,137
117900103,108,1,107
117900104,4,347,-343
117900105,41,198,-157
117900106,114,13,101
117900107,145,1,144
117900109,1917,419,1498
117900110,563,2,561
117900111,2025,179,1846
117900112,165,3,162
117900113,1425,3236,-1811
117900114,130,0,130
117900115,16,260,-244
117900116,1377,451,926
117900117,1192,126,1066
117900118,515,0,515
117900119,444,23,421
117900120,1021,16,1005
117900121,135,19,116
117900122,853,8797,-7944
117900123,1418,550,868
117900124,279,1035,-756
117900125,2085,712,1373
117900126,227,177,50
117900127,1602,244,1358
117900128,762,297,465
117900129,264,0,264
117900130,1218,981,237
117900131,12,86,-74
117900132,14,52,-38
117900133,13,35,-22
117900134,127,100,27
117900135,60,60,0
117900136,0,3,-3
117900137,171,101,70
117900138,0,0,0
117900139,90,81,9
117900140,6617,689,5928
117900141,28,246,-218
117900142,27,436,-409
117900144,7,735,-728
117900145,4,363,-359
117900146,214,341,-127
117900147,190,66,124
117900148,2375,4041,-1666
117900149,201,70,131
117900150,122,46,76
117900151,82,155,-73
117900152,63,120,-57
117900153,38,180,-142
117900154,1032,489,543
117900156,286,293,-7
117900157,88,427,-339
117900158,481,60,421
117900160,1197,717,480
117900161,1131,427,704
117900162,1133,376,757
117900163,19,874,-855
117900165,1,4,-3
117900166,10,254,-244
117900168,139,72,67
117900169,5,48,-43
117900170,0,17,-17
117900171,0,2,-2
117900172,19,5,14
117900173,24,13,11
117900174,1,36,-35
117900175,2,26,-24
117900176,22,3,19
117900177,59,15,44
117900178,97,20,77
117900180,158,15,143
117900181,91,673,-582
117900182,7,104,-97
117900183,245,103,142
117900184,59,514,-455
117900185,77,10,67
117900186,103,20,83
117900187,43,3,40
117900188,331,44,287
117900189,157,26,131
117900190,25,0,25
117900191,105,0,105
117900192,597,0,597
117900193,195,234,-39
117900194,9,9,0
117900195,43,130,-87
117900196,85,13,72
117900207,63,178,-115
117900208,26,19,7
117900209,436,49,387
117900210,72,102,-30
117900211,9,38,-29
117900212,172,93,79
117900213,58,7,51
117900214,5,16,-11
117900215,198,28,170
117900216,144,38,106
117900217,36,142,-106
117900218,114,328,-214
117900219,8,124,-116
117900220,18,227,-209
117900222,203,122,81
117900223,212,537,-325
118000001,723,2098,-1375
118000002,297,786,-489
118000003,2105,4345,-2240
118000004,1035,3721,-2686
118000005,3704,1945,1759
118000006,2741,3008,-267
118000007,4827,10711,-5884
118000008,860,9101,-8241
118000009,1360,3475,-2115
118000010,3625,3761,-136
118000011,3275,928,2347
118000012,956,2172,-1216
118000013,2392,2334,58
118000014,1804,1633,171
118000016,336,126,210
118000017,672,389,283
118000018,458,132,326
118000019,1231,1701,-470
118000020,394,1229,-835
118000021,386,1818,-1432
118000022,864,426,438
118000023,578,290,288
118000024,437,678,-241
118000027,8115,4977,3138
118000029,628,553,75
118000032,277,1606,-1329
118000033,1525,3272,-1747
118000034,1962,2092,-130
118000035,1558,1613,-55
118000036,1262,860,402
118000037,852,1329,-477
118000038,849,47,802
118000039,204,83,121
118000040,2642,1443,1199
118000041,4724,1785,2939
118000045,218,165,53
118000046,554,1034,-480
118000047,324,2109,-1785
118000048,1473,3213,-1740
118000051,807,2392,-1585
118000052,189,975,-786
118000053,305,1089,-784
118000054,2858,1447,1411
118000055,2093,1406,687
118000056,90,716,-626
118000057,216,830,-614
118000058,1620,5083,-3463
118000059,1185,3086,-1901
118000060,1446,1029,417
118000061,1498,1664,-166
118000062,475,180,295
118000063,285,785,-500
118000064,662,1319,-657
118000065,1938,1727,211
118000066,1159,2695,-1536
118000067,540,692,-152
118000068,588,10935,-10347
118000069,852,1365,-513
118000070,6702,2340,4362
118000071,3349,12554,-9205
118000072,684,4954,-4270
118000073,315,1967,-1652
118000074,489,1421,-932
118000075,621,449,172
118000076,1692,8515,-6823
118000077,957,1072,-115
118000078,2240,2171,69
118000079,117,413,-296
118000080,411,590,-179
118000081,1519,1374,145
118000082,381,870,-489
118000083,1255,1239,16
118000084,1196,2683,-1487
118000086,157,572,-415
118000087,3090,1983,1107
118000088,1307,1467,-160
118000089,3317,3278,39
118000090,1238,4096,-2858
118000091,1020,6263,-5243
118000092,701,426,275
118000093,48,582,-534
118000096,713,440,273
118000097,794,419,375
118000098,217,185,32
118000099,976,283,693
118000101,2149,358,1791
118000102,679,454,225
118000107,1400,235,1165
118000108,471,8375,-7904
118000110,0,12,-12
118000111,0,110,-110
118000112,3285,9,3276
118000113,0,350,-350
118000114,2263,35,2228
118000115,9,27,-18
118000116,128,0,128
118000117,563,724,-161
118000118,1573,1126,447
118000119,1836,1301,535
118000120,1175,732,443
118000121,34,397,-363
118000122,433,222,211
118000123,68,249,-181
118000125,784,1180,-396
118000126,733,3296,-2563
118000127,1287,715,572
118000128,345,1569,-1224
118000129,1474,944,530
118000130,1958,3057,-1099
118000131,291,757,-466
118000132,2711,2325,386
118000133,2533,901,1632
118000135,698,970,-272
118000136,109,819,-710
118000137,355,88,267
118000138,605,316,289
118000139,690,133,557
118000140,3990,10000,-6010
118000141,3513,1262,2251
118000142,3851,1735,2116
118000143,3898,1897,2001
118000144,680,444,236
118000145,1389,706,683
118000146,1664,241,1423
118000147,1469,547,922
118000148,1503,1628,-125
118000149,1322,566,756
118000150,1254,236,1018
118000151,968,143,825
118000153,2430,565,1865
118000154,2982,719,2263
118000155,2932,807,2125
118000156,1952,3807,-1855
118000157,730,382,348
118000158,376,706,-330
118000159,56,125,-69
118000160,1063,236,827
118000161,689,252,437
118000162,2464,601,1863
118000163,1107,880,227
118000164,2151,1191,960
118000168,428,1237,-809
118000169,1182,806,376
118000170,2668,2089,579
118000171,475,454,21
118000172,108,206,-98
118000173,1100,1227,-127
118000175,274,204,70
118000176,487,187,300
118000177,431,337,94
118000178,12,27,-15
118000179,524,548,-24
118000180,478,272,206
118000181,489,104,385
118000182,264,121,143
118000183,262,152,110
118000184,1867,362,1505
118000185,329,2042,-1713
118000186,336,1400,-1064
118000187,3125,246,2879
118000188,1303,48,1255
118000189,1797,153,1644
118000190,12,2,10
118000191,46,11,35
118000192,22,85,-63
118000193,12,223,-211
118000194,1807,1084,723
118000195,179,3410,-3231
118000196,54,760,-706
118000197,82,321,-239
118000198,297,1865,-1568
118000199,289,1104,-815
118000200,34,678,-644
118000201,74,1045,-971
118000202,26,749,-723
118000203,276,1858,-1582
118000204,26,630,-604
118000205,64,299,-235
118000206,301,253,48
118000207,0,76,-76
118000208,1931,1095,836
118000209,2799,520,2279
118000210,460,46,414
118000211,328,29,299
118000213,533,4179,-3646
118000214,266,812,-546
118000215,382,109,273
118000216,10858,2104,8754
118000217,26,35,-9
118000218,88,32,56
118000219,180,202,-22
118000220,99,45,54
118000221,1094,1078,16
118000222,160,0,160
118000223,117,36,81
118000224,100,51,49
118000225,252,631,-379
118000226,2457,141,2316
118000227,481,453,28
118000228,14,181,-167
118000229,46,764,-718
118000230,129,142,-13
118000231,16,176,-160
118000232,1087,194,893
118000233,1770,394,1376
118000234,615,84,531
118000236,296,302,-6
118000237,103,123,-20
118000238,240,113,127
118000239,473,259,214
118000240,68,97,-29
118000241,406,62,344
118000242,760,142,618
118000243,388,105,283
118000244,104,30,74
118000246,0,11,-11
118000255,102,366,-264
118000256,263,201,62
118000259,9,81,-72
118000260,302,13,289
118000261,103,4,99
118000263,83,179,-96
118000266,242,61,181
118000267,0,117,-117
118000268,361,3,358
118000270,259,6,253
118000271,340,109,231
118000272,58,21,37
118000273,476,16,460
118000274,63,134,-71
118000276,460,78,382
118000295,14,91,-77
118000298,83,131,-48
118000299,43,46,-3
118000301,0,58,-58
118000302,127,15,112
118000311,2163,55,2108
118000312,590,64,526
118000313,108,23,85
118000314,175,30,145
118000315,78,27,51
118000316,1249,281,968
118000325,114,12,102
118000326,38,38,0
118000331,69,3,66
118000332,29,8,21
118000333,50,10,40
118000335,1481,0,1481
118000336,0,111,-111
118000407,380,17,363
118000457,4,67,-63
118000465,463,2258,-1795
118000480,96,39,57
118000489,3,740,-737
118000490,9,220,-211
118000492,1087,271,816
118000510,53,4,49
118000514,56,267,-211
118000515,626,2069,-1443
118000517,294,202,92
118000524,289,390,-101
118000525,303,468,-165
118000530,12,131,-119
118000531,711,205,506
118000532,284,118,166
118000533,214,93,121
118000534,749,188,561
118000535,501,53,448
118000536,28,280,-252
118000537,10,47,-37
118000538,60,73,-13
118000539,22,113,-91
118000540,220,98,122
118000541,125,60,65
118000542,97,189,-92
118000543,293,134,159
118000546,64,18,46
118000553,0,0,0
118000560,713,2760,-2047
118000562,108,44,64
118000563,1236,1329,-93
118000576,228,32,196
118000577,277,207,70
118000578,157,22,135
118000579,558,2551,-1993
118000583,0,0,0
118000595,298,47,251
118000596,0,173,-173
118000597,377,74,303
118000598,7,0,7
118000599,373,27,346
118000600,7,1,6
118000601,7,0,7
118000602,6,31,-25
118000603,0,1,-1
118000605,67,67,0
118000606,16,26,-10
118900001,443,1254,-811
118900002,582,969,-387
118900003,945,4,941
118900004,192,7,185
118900005,70,3,67
118900006,237,0,237
118900007,0,2,-2
118900008,794,17,777
118900009,132,158,-26
118900010,59,6,53
118900011,243,16,227
118900012,278,160,118
118900013,1285,809,476
118900015,555,23,532
118900016,2,3,-1
118900017,16,309,-293
118900018,900,14,886
118900019,26,0,26
118900020,15,57,-42
118900021,130,417,-287
118900022,203,22,181
118900023,7,75,-68
118900024,102,149,-47
118900025,28,170,-142
118900026,98,6,92
118900027,216,187,29
118900028,246,81,165
118900029,277,318,-41
118900030,1297,62,1235
118900031,177,29,148
118900032,240,85,155
118900033,495,672,-177
118900034,380,13,367
118900035,169,30,139
118900036,1586,241,1345
118900037,363,695,-332
118900038,766,41,725
118900039,1472,236,1236
118900040,336,72,264
118900041,1054,100,954
118900042,160,75,85
118900045,162,325,-163
118900046,219,261,-42
118900047,277,626,-349
118900048,60,314,-254
118900049,68,14,54
118900050,174,6,168
118900051,111,117,-6
118900052,210,265,-55
118900053,3,37,-34
118900054,233,83,150
118900055,156,15,141
118900056,26,131,-105
118900057,775,499,276
118900058,748,393,355
118900059,28,99,-71
118900060,230,219,11
118900062,238,63,175
118900064,106,742,-636
118900065,81,154,-73
118900066,169,58,111
118900067,2547,5438,-2891
118900068,12,627,-615
118900069,764,122,642
118900071,20,6,14
118900072,780,1043,-263
118900073,588,34,554
118900074,179,32,147
118900075,486,8,478
118900076,239,62,177
118900077,593,93,500
118900078,1,0,1
118900079,14,68,-54
118900080,173,35,138
118900081,52,59,-7
118900082,2430,191,2239
118900083,14,0,14
118900084,42,4,38
118900085,280,114,166
118900086,39,96,-57
118900087,79,1224,-1145
118900088,0,2,-2
118900089,46,10,36
118900090,223,51,172
118900091,201,269,-68
118900092,321,10,311
118900093,94,4,90
118900096,98,61,37
118900097,438,142,296
118900099,40,43,-3
118900100,40,85,-45
118900101,216,99,117
118900102,37,109,-72
118900103,13,58,-45
118900104,359,67,292
118900105,122,26,96
118900107,46,33,13
118900108,32,86,-54
118900110,1161,1505,-344
118900111,968,454,514
118900112,338,258,80
118900113,199,251,-52
118900114,2,49,-47
118900115,125,205,-80
118900116,57,66,-9
118900117,195,39,156
118900118,459,130,329
118900119,460,148,312
118900120,27,235,-208
118900121,15,96,-81
118900122,3,787,-784
118900123,154,229,-75
118900124,193,284,-91
118900126,67,157,-90
118900129,346,83,263
118900130,21,96,-75
118900131,597,178,419
118900132,480,118,362
118900133,0,217,-217
118900135,327,94,233
118900136,446,111,335
118900137,4,96,-92
118900139,730,218,512
118900140,699,285,414
118900141,216,200,16
118900144,268,133,135
118900145,10,186,-176
118900146,632,401,231
118900147,103,370,-267
118900148,31,18,13
118900150,198,609,-411
118900152,435,259,176
118900157,56,179,-123
118900158,352,20,332
118900159,0,81,-81
118900161,68,13,55
118900163,35,31,4
118900164,9,36,-27
118900165,122,103,19
118900166,0,0,0
118900167,68,32,36
118900168,21,50,-29
118900169,266,123,143
118900170,568,74,494
118900171,57,4,53
118900174,37,17,20
118900175,585,303,282
118900176,189,276,-87
118900177,119,0,119
118900178,105,20,85
118900179,4,6,-2
118900181,214,26,188
118900182,23,13,10
118900183,73,75,-2
118900184,219,28,191
118900185,521,30,491
118900186,60,74,-14
118900187,115,358,-243
118900188,260,175,85
118900189,50,620,-570
118900190,108,103,5
118900191,764,38,726
118900192,872,10,862
118900193,1971,5,1966
118900195,91,314,-223
118900196,29,40,-11
118900197,668,8,660
118900198,56,0,56
118900199,78,25,53
118900200,42,26,16
118900201,62,42,20
118900202,10,64,-54
118900203,41,9,32
118900204,13,7,6
118900205,0,1,-1
118900206,1,3,-2
119000001,1888,1238,650
119000002,3754,2437,1317
119000003,6646,857,5789
119000004,4424,2334,2090
119000005,2786,3427,-641
119000006,7580,2740,4840
119000007,4708,4052,656
119000008,2186,2031,155
119000009,2228,8185,-5957
119000010,4292,6013,-1721
119000011,1911,2270,-359
119000012,1334,3961,-2627
119000013,3520,1807,1713
119000014,2649,2826,-177
119000019,381,104,277
119000020,3569,1703,1866
119000021,6470,3415,3055
119000022,1004,4346,-3342
119000023,185,393,-208
119000024,1909,24368,-22459
119000025,3296,1246,2050
119000026,31,512,-481
119000027,109,434,-325
119000028,1712,699,1013
119000029,36,137,-101
119000030,804,658,146
119000031,1720,605,1115
119000032,1325,1303,22
119000033,2673,709,1964
119000034,2362,445,1917
119000035,38,136,-98
119000036,4095,257,3838
119000037,2446,532,1914
119000038,431,247,184
119000039,764,460,304
119000040,873,1054,-181
119000041,1364,2516,-1152
119000048,2189,836,1353
119000049,3884,1186,2698
119000050,1049,2420,-1371
119000051,2825,1324,1501
119000052,2179,1847,332
119000053,2663,1075,1588
119000054,4201,639,3562
119000055,7679,1018,6661
119000056,4730,1060,3670
119000057,1972,443,1529
119000058,1602,633,969
119000059,800,491,309
119000060,2527,421,2106
119000061,916,305,611
119000062,922,506,416
119000063,749,727,22
119000064,685,493,192
119000065,1270,2202,-932
119000066,2124,1247,877
119000067,1844,734,1110
119000068,2467,424,2043
119000069,2597,817,1780
119000070,5502,269,5233
119000071,571,217,354
119000072,3375,2230,1145
119000073,5425,10531,-5106
119000074,2391,1055,1336
119000075,6465,2013,4452
119000076,144,273,-129
119000077,1285,272,1013
119000078,674,145,529
119000079,462,177,285
119000080,1056,153,903
119000081,520,232,288
119000082,1014,195,819
119000083,659,618,41
119000084,568,141,427
119000085,457,86,371
119000086,351,1016,-665
119000087,775,121,654
119000088,243,72,171
119000089,103,122,-19
119000090,152,46,106
119000091,53,191,-138
119000092,130,102,28
119000093,2825,1410,1415
119000094,6050,4687,1363
119000095,3477,2394,1083
119000097,1076,564,512
119000098,1267,7148,-5881
119000099,1704,499,1205
119000100,5513,2957,2556
119000101,4222,1281,2941
119000102,468,1766,-1298
119000103,1015,575,440
119000104,1138,396,742
119000105,1194,3632,-2438
119000106,611,349,262
119000107,2371,672,1699
119000108,888,373,515
119000109,241,145,96
119000110,209,55,154
119000111,41,529,-488
119000112,150,36,114
119000113,815,127,688
119000114,921,1616,-695
119000115,67,130,-63
119000116,134,65,69
119000117,270,213,57
119000118,30,1,29
119000123,1792,1776,16
119000124,2018,103,1915
119000125,6703,336,6367
119000126,3103,373,2730
119000127,1158,238,920
119000128,24,0,24
119000131,1356,142,1214
119000132,0,1,-1
119000133,11,8,3
119000134,756,763,-7
119000135,254,121,133
119000136,457,49,408
119000137,543,106,437
119000138,1322,45,1277
119000139,172,36,136
119000140,278,297,-19
119000284,1121,1539,-418
119000285,1552,664,888
119000286,3004,2216,788
119000287,1778,2270,-492
119000288,2805,704,2101
119000289,1603,1995,-392
119000290,334,224,110
119000291,81,325,-244
119000293,124,265,-141
119000294,41,29,12
119000295,1804,244,1560
119000296,373,73,300
119000297,0,0,0
119000302,1479,1268,211
119000303,21,139,-118
119000310,0,0,0
119000314,1689,13969,-12280
119000315,19,89,-70
119000316,393,50,343
119000317,174,59,115
119000319,1456,146,1310
119900001,86,2144,-2058
119900002,335,145,190
119900003,1,167,-166
119900004,137,3059,-2922
119900005,454,80,374
119900006,52,466,-414
119900007,398,209,189
119900008,7,620,-613
119900009,560,230,330
119900010,679,247,432
119900011,37,344,-307
119900012,2,165,-163
119900013,1227,833,394
119900014,443,66,377
119900015,405,51,354
119900016,77,45,32
119900017,60,49,11
119900018,737,2336,-1599
119900019,90,1,89
119900020,96,62,34
119900021,129,29,100
119900022,33,892,-859
119900023,340,3203,-2863
119900025,571,17,554
119900026,420,69,351
119900027,2,6,-4
119900028,343,404,-61
119900029,1,0,1
119900030,669,504,165
119900031,73,944,-871
119900033,908,206,702
119900034,1231,10,1221
119900037,431,8,423
119900038,11,570,-559
119900039,68,7,61
119900040,94,34,60
119900041,268,5,263
119900042,52,669,-617
119900043,172,219,-47
119900044,105,838,-733
119900046,411,13,398
119900047,681,339,342
119900049,209,26,183
119900050,70,132,-62
119900051,2605,9,2596
119900052,180,18,162
119900053,454,211,243
119900054,444,2,442
119900055,1377,138,1239
119900057,623,13,610
119900058,624,11,613
119900059,180,13,167
119900060,554,38,516
119900061,1102,7,1095
119900062,287,4,283
119900063,14,74,-60
119900065,410,4,406
119900067,132,82,50
119900068,1044,2,1042
119900069,199,6,193
119900070,956,1,955
119900071,1300,42,1258
119900073,2187,88,2099
119900074,33,37,-4
119900075,1447,1295,152
119900076,1611,167,1444
119900077,1687,200,1487
119900078,1157,779,378
119900079,1642,67,1575
119900080,777,399,378
119900081,2398,612,1786
119900082,3292,269,3023
119900083,619,51,568
119900084,529,162,367
119900085,67,14,53
119900086,477,280,197
119900087,133,375,-242
119900088,59,2,57
119900089,27,57,-30
119900090,95,6,89
119900091,56,198,-142
119900092,6,198,-192
119900093,1063,107,956
119900094,1,168,-167
119900095,203,28,175
119900096,35,29,6
119900097,54,256,-202
119900098,51,3,48
119900099,8,34,-26
119900100,406,2494,-2088
119900101,87,433,-346
119900102,50,44,6
119900103,37,35,2
119900104,11,30,-19
119900105,558,687,-129
119900106,4,60,-56
119900107,238,686,-448
119900108,2163,452,1711
119900109,3,52,-49
119900110,576,357,219
119900111,186,67,119
119900112,449,997,-548
119900113,95,157,-62
119900114,304,279,25
119900115,741,167,574
119900116,302,439,-137
119900117,345,142,203
119900118,114,176,-62
119900119,458,87,371
119900120,459,122,337
119900121,887,225,662
119900122,63,74,-11
119900123,111,109,2
119900124,352,170,182
119900125,36,83,-47
119900126,1041,141,900
119900127,529,130,399
119900128,798,995,-197
119900129,405,76,329
119900130,1,40,-39
119900131,33,45,-12
119900132,0,35,-35
119900133,151,30,121
119900134,336,66,270
119900135,0,166,-166
119900136,128,123,5
119900138,139,159,-20
119900139,9,793,-784
119900140,0,24,-24
119900141,54,852,-798
119900142,21,14,7
119900143,10,80,-70
119900144,702,92,610
119900145,82,39,43
119900146,284,112,172
119900147,0,145,-145
119900148,479,13,466
119900149,267,8219,-7952
119900150,55,36,19
119900151,1122,596,526
119900152,177,88,89
119900153,305,30,275
119900154,42,212,-170
119900155,75,20,55
119900156,6,1,5
119900157,147,72,75
119900158,253,47,206
119900159,13,123,-110
119900160,20,41,-21
119900161,296,44,252
119900162,1995,439,1556
119900163,105,116,-11
119900164,0,1,-1
119900165,159,14,145
119900166,99,18,81
119900167,1,23,-22
119900168,2241,122,2119
119900169,21,217,-196
119900170,209,150,59
119900171,795,485,310
119900172,20,6,14
119900173,1,35,-34
119900174,1,53,-52
119900175,3077,243,2834
119900177,7,26,-19
119900178,1,75,-74
119900179,306,1565,-1259
119900180,1844,518,1326
119900181,12,30,-18
119900182,0,67,-67
119900183,89,223,-134
119900184,382,206,176
119900185,23,477,-454
119900186,7,1892,-1885
119900187,1,136,-135
119900188,186,205,-19
119900189,145,124,21
119900190,63,303,-240
119900191,154,246,-92
119900192,34,49,-15
119900193,1145,116,1029
119900194,29,27,2
119900195,7,104,-97
119900196,182,120,62
119900197,383,92,291
119900198,95,784,-689
119900199,153,13,140
119900200,1100,991,109
119900201,100,42,58
119900202,10,314,-304
119900203,143,630,-487
119900204,323,155,168
119900205,1734,190,1544
119900206,488,397,91
119900208,544,55,489
119900209,632,2287,-1655
119900210,68,9,59
119900211,70,0,70
119900212,453,160,293
119900213,4,36,-32
119900214,70,12,58
119900215,61,6,55
119900216,16,19,-3
119900217,12,5,7
119900218,11,120,-109
119900219,6,29,-23
119900220,4,10,-6
119900221,24,32,-8
119900222,12,22,-10
119900223,9,22,-13
119900224,13,11,2
119900225,157,24,133
119900226,87,1981,-1894
119900227,184,105,79
119900228,18,1593,-1575
119900229,85,169,-84
119900230,1190,166,1024
119900231,544,43,501
119900232,112,77,35
119900233,46,5,41
119900234,6,104,-98
119900235,1,39,-38
119900236,70,87,-17
119900237,102,290,-188
119900238,0,47,-47
119900240,138,65,73
119900241,274,81,193
119900242,1444,1092,352
119900244,425,795,-370
119900245,258,110,148
119900246,109,264,-155
119900247,4,11,-7
119900248,33,678,-645
119900249,428,70,358
119900253,1153,263,890
119900254,62,1839,-1777
119900255,127,266,-139
119900256,1502,221,1281
119900257,107,1,106
119900258,266,9,257
119900259,47,36,11
119900260,239,4,235
119900261,683,1601,-918
119900262,0,56,-56
119900263,1846,137,1709
119900264,224,18,206
119900265,733,299,434
119900266,684,79,605
119900267,166,135,31
119900268,303,45,258
119900269,1357,270,1087
119900271,29,52,-23
119900272,72,115,-43
119900275,199,7,192
119900276,120,2,118
119900277,9,2,7
119900278,438,23,415
119900279,163,282,-119
119900280,576,28,548
119900281,0,272,-272
119900282,10,98,-88
119900283,27,69,-42
119900284,23,102,-79
119900285,1,87,-86
119900286,0,13,-13
119900288,1,4,-3
119900289,0,0,0
119900290,1,0,1
119900291,0,6,-6
119900292,35,122,-87
119900293,29,18,11
119900294,27,91,-64
119900295,57,17,40
119900296,97,14,83
119900297,1,6,-5
119900298,0,5,-5
119900299,202,122,80
119900300,636,570,66
119900301,42,113,-71
119900302,2,77,-75
119900303,554,1030,-476
119900304,379,12,367
119900305,5,36,-31
119900306,13,0,13
119900307,71,48,23
119900308,14,40,-26
119900309,20,191,-171
119900310,316,110,206
119900311,300,14,286
119900312,152,17,135
119900313,304,139,165
119900314,336,378,-42
119900315,3173,587,2586
119900318,11,108,-97
119900319,78,52,26
119900320,456,78,378
119900321,427,25,402
120000001,7360,35167,-27807
120000002,3094,2359,735
120000003,2196,793,1403
120000004,2852,776,2076
120000005,2587,783,1804
120000006,1718,696,1022
120000007,3049,4686,-1637
120000008,1567,551,1016
120000009,1205,760,445
120000010,2945,3775,-830
120000011,1389,771,618
120000012,1765,818,947
120000013,3913,2098,1815
120000014,1209,914,295
120000015,3216,1103,2113
120000016,4950,1837,3113
120000017,4776,5101,-325
120000018,2884,21522,-18638
120000019,1382,1068,314
120000020,2130,2734,-604
120000021,1553,998,555
120000022,2505,2794,-289
120000023,1466,1322,144
120000024,980,1425,-445
120000025,3292,1143,2149
120000026,4930,1176,3754
120000027,2653,1641,1012
120000028,468,1207,-739
120000029,1087,835,252
120000030,234,1230,-996
120000031,1775,4868,-3093
120000032,3549,1601,1948
120000033,4841,661,4180
120000034,6013,651,5362
120000035,4972,901,4071
120000036,4123,4820,-697
120000037,558,2126,-1568
120000038,3536,2155,1381
120000039,528,1923,-1395
120000040,84,10065,-9981
120000041,603,1394,-791
120000042,3405,936,2469
120000043,6960,628,6332
120000044,9320,1218,8102
120000045,10686,544,10142
120000046,6333,4696,1637
120000047,441,12702,-12261
120000048,6128,2695,3433
120000049,5338,2105,3233
120000050,4161,3211,950
120000051,2111,4340,-2229
120000052,4953,855,4098
120000053,2324,1093,1231
120000054,1634,1895,-261
120000055,1576,1898,-322
120000056,3856,2275,1581
120000057,4042,1979,2063
120000058,1411,930,481
120000059,2,2033,-2031
120000061,197,919,-722
120000062,167,106,61
120000063,517,1596,-1079
120000064,547,643,-96
120000065,493,2293,-1800
120000066,187,162,25
120000067,13,165,-152
120000068,516,163,353
120000069,1182,291,891
120000070,356,439,-83
120000071,1695,103,1592
120000072,1920,530,1390
120000073,1806,42,1764
120000074,87,68,19
120000075,1805,420,1385
120000076,4673,1338,3335
120000077,3991,390,3601
120000078,2761,784,1977
120000079,768,390,378
120000080,199,157,42
120000081,516,72,444
120000082,567,177,390
120000083,69,910,-841
120000084,254,258,-4
120000085,255,636,-381
120000086,381,166,215
120000087,368,190,178
120000088,704,536,168
120000089,1200,207,993
120000090,888,357,531
120000091,2022,1444,578
120000092,1251,209,1042
120000093,1704,279,1425
120000094,416,432,-16
120000095,1038,92,946
120000096,532,179,353
120000098,1053,1684,-631
120000099,482,283,199
120000100,816,359,457
120000101,741,417,324
120000102,1004,1253,-249
120000103,2088,850,1238
120000104,3622,365,3257
120000105,4108,201,3907
120000106,6074,196,5878
120000107,10178,488,9690
120000108,3806,125,3681
120000109,1757,55,1702
120000110,46,466,-420
120000111,200,530,-330
120000112,538,853,-315
120000113,439,1219,-780
120000114,507,647,-140
120000115,413,582,-169
120000116,456,907,-451
120000117,473,439,34
120000118,70,46,24
120000119,7,43,-36
120000120,264,284,-20
120000121,8,16,-8
120000122,277,1228,-951
120000123,1896,12651,-10755
120000124,593,410,183
120000125,1501,415,1086
120000126,767,1273,-506
120000127,893,710,183
120000128,2437,2326,111
120000129,261,120,141
120000130,1022,390,632
120000131,582,341,241
120000134,685,170,515
120000135,1541,627,914
120000137,367,183,184
120000138,3433,147,3286
120000139,541,344,197
120000140,3099,174,2925
120000141,423,1408,-985
120000142,1245,1200,45
120000143,0,23,-23
120000144,178,38,140
120000145,1266,2,1264
120000146,731,1196,-465
120000149,454,341,113
120000150,1430,12401,-10971
120000151,946,286,660
120000152,2083,66,2017
120000153,1307,364,943
120000154,978,808,170
120000155,460,437,23
120000156,1012,2803,-1791
120000157,2285,450,1835
120000158,1599,529,1070
120000159,2446,996,1450
120000160,1961,1355,606
120000161,5700,2474,3226
120000162,147,214,-67
120000163,1487,309,1178
120000164,1410,123,1287
120000165,2164,181,1983
120000166,3195,253,2942
120000167,90,102,-12
120000168,6,242,-236
120000169,13,569,-556
120000170,15,947,-932
120000171,3,265,-262
120000172,1,198,-197
120000173,116,436,-320
120000174,30,112,-82
120000175,23,25,-2
120000176,6,39,-33
120000177,372,74,298
120000178,2,9,-7
120000179,14,50,-36
120000180,7,36,-29
120000181,6,332,-326
120000182,5,429,-424
120000183,1,123,-122
120000184,63,428,-365
120000186,4,334,-330
120000187,13,342,-329
120000188,18,177,-159
120000190,35,18,17
120000191,77,24,53
120000192,43,8,35
120000193,16,0,16
120000195,16,0,16
120000196,26,4,22
120000197,2,6,-4
120000198,576,22,554
120000199,519,0,519
120000200,340,1,339
120000201,37,92,-55
120000202,0,40,-40
120000203,239,78,161
120000207,0,9,-9
120000208,21,15,6
120000209,11,3,8
120000210,20,16,4
120000211,854,6,848
120000212,701,1,700
120000213,445,173,272
120000214,0,21,-21
120000215,2,34,-32
120000216,747,32,715
120000217,114,474,-360
120000218,9,362,-353
120000219,0,199,-199
120000220,2,539,-537
120000225,4267,3,4264
120000226,871,14,857
120000227,1407,204,1203
120000228,8943,5628,3315
120000230,677,27,650
120000231,2985,389,2596
120000233,1416,38,1378
120000235,673,315,358
120000236,2779,2,2777
120000237,0,395,-395
120000238,0,291,-291
120000241,1523,6317,-4794
120000412,985,10,975
120000413,850,107,743
120000414,404,14,390
120000415,0,67,-67
120000416,318,11,307
120000417,14,1156,-1142
120000418,608,10,598
120000419,20,50,-30
120000420,115,17,98
120000421,6886,3871,3015
120000422,106,4322,-4216
120000423,1,106,-105
120000424,546,41,505
120000436,104,1958,-1854
120000437,46,33,13
120000438,1284,214,1070
120000439,336,794,-458
120000443,219,0,219
120000444,2893,442,2451
120000445,2961,1344,1617
120000446,926,95,831
120000447,1240,1,1239
120000449,412,35,377
120000450,4,91,-87
120000451,349,55,294
120000452,113,2,111
120000453,0,18,-18
120000454,29,85,-56
120000455,231,16,215
120000456,1266,5970,-4704
120000457,438,178,260
120000458,583,264,319
120000459,318,67,251
120000665,71,359,-288
120000668,48,750,-702
120000669,634,80,554
120000670,43,391,-348
120000671,4039,1377,2662
120000672,99,349,-250
120900001,124,46,78
120900002,99,330,-231
120900003,248,4,244
120900004,35,238,-203
120900005,34,251,-217
120900006,1224,140,1084
120900007,137,123,14
120900008,696,181,515
120900009,167,17,150
120900010,1129,196,933
120900011,17,123,-106
120900012,15,1449,-1434
120900013,525,85,440
120900014,2,120,-118
120900015,1516,86,1430
120900016,3089,51,3038
120900017,1509,14,1495
120900018,542,69,473
120900019,645,361,284
120900020,327,491,-164
120900021,551,87,464
120900022,13,103,-90
120900023,792,930,-138
120900024,1309,545,764
120900025,1219,389,830
120900026,113,51,62
120900027,412,12,400
120900028,866,267,599
120900029,13,1328,-1315
120900030,3109,294,2815
120900031,568,68,500
120900032,2939,299,2640
120900033,2288,160,2128
120900034,11,3954,-3943
120900035,66,17,49
120900037,717,15,702
120900038,103,568,-465
120900039,188,65,123
120900040,697,25,672
120900041,33,19,14
120900042,1229,52,1177
120900043,199,45,154
120900044,4,497,-493
120900045,235,6,229
120900046,1554,5,1549
120900047,205,262,-57
120900048,276,9,267
120900049,1245,4,1241
120900050,592,4502,-3910
120900051,791,61,730
120900052,2467,10,2457
120900053,648,15,633
120900054,778,124,654
120900055,1378,3,1375
120900056,1039,47,992
120900057,643,27,616
120900058,1401,3,1398
120900059,350,2,348
120900060,136,5,131
120900061,280,46,234
120900062,861,2,859
120900063,1647,22,1625
120900064,1487,2,1485
120900065,1430,3,1427
120900066,1732,93,1639
120900067,362,101,261
120900068,1009,0,1009
120900069,971,7,964
120900071,54,1,53
120900072,1890,21,1869
120900073,1709,42,1667
120900074,1618,33,1585
120900076,1253,2,1251
120900077,929,152,777
120900078,1445,155,1290
120900079,2055,66,1989
120900080,2660,529,2131
120900081,4162,337,3825
120900082,603,380,223
120900083,159,1,158
120900084,685,433,252
120900085,18,66,-48
120900086,42,979,-937
120900087,607,201,406
120900088,215,790,-575
120900089,968,5795,-4827
120900090,506,25,481
120900091,227,722,-495
120900092,88,89,-1
120900093,929,42,887
120900094,184,57,127
120900095,293,24,269
120900096,78,96,-18
120900097,628,264,364
120900098,29,54,-25
120900099,108,13,95
120900100,39,74,-35
120900101,24,76,-52
120900102,148,24,124
120900103,97,118,-21
120900104,6,8,-2
120900105,2,418,-416
120900106,232,125,107
120900107,128,101,27
120900108,15,186,-171
120900109,68,132,-64
120900110,13,123,-110
120900111,201,106,95
120900112,8,122,-114
120900113,21,182,-161
120900114,26,109,-83
120900115,152,167,-15
120900116,1498,116,1382
120900117,0,68,-68
120900118,7,126,-119
120900119,3881,1856,2025
120900120,141,184,-43
120900121,25,159,-134
120900122,2064,203,1861
120900123,1,77,-76
120900124,0,135,-135
120900125,2,193,-191
120900126,92,349,-257
120900127,3,66,-63
120900128,323,538,-215
120900129,1,161,-160
120900130,10,170,-160
120900131,64,138,-74
120900132,1877,72,1805
120900133,25,477,-452
120900134,61,112,-51
120900135,4,532,-528
120900136,29,125,-96
120900137,640,11,629
120900138,2,115,-113
120900139,5,201,-196
120900140,6,68,-62
120900141,213,108,105
120900142,1,115,-114
120900143,0,163,-163
120900144,0,30,-30
120900145,198,2082,-1884
120900146,66,122,-56
120900147,1,5,-4
120900148,164,93,71
120900149,1,80,-79
120900150,131,90,41
120900151,195,74,121
120900152,0,1,-1
120900153,0,0,0
120900154,10,60,-50
120900155,439,208,231
120900156,878,154,724
120900157,0,7,-7
120900158,72,236,-164
120900159,1,35,-34
120900160,28,468,-440
120900161,9,153,-144
120900162,23,171,-148
120900163,35,211,-176
120900164,0,18,-18
120900165,1,84,-83
120900166,60,336,-276
120900167,175,22,153
120900169,140,111,29
120900170,302,6101,-5799
120900171,431,43,388
120900172,19,568,-549
120900173,20,15,5
120900174,1,94,-93
120900175,159,45,114
120900176,29,420,-391
120900177,8,3033,-3025
120900178,5,278,-273
120900179,65,146,-81
120900180,43,111,-68
120900181,37,7,30
120900182,48,59,-11
120900183,319,86,233
120900184,98,47,51
120900185,186,812,-626
120900186,2,124,-122
120900187,969,589,380
120900188,621,7,614
120900189,10,4686,-4676
120900190,466,17,449
120900191,238,3,235
120900192,5099,20502,-15403
120900194,115,44,71
120900195,291,74,217
120900196,192,30,162
120900197,1042,80,962
120900198,93,338,-245
120900199,344,321,23
120900200,21,54,-33
120900201,196,72,124
120900202,0,105,-105
120900203,46,36,10
120900204,31,60,-29
120900205,412,38,374
120900206,50,29,21
120900207,15,860,-845
121000001,701,1443,-742
121000002,1962,1800,162
121000003,5194,1934,3260
121000004,1954,3491,-1537
121000005,2690,2907,-217
121000006,2285,2802,-517
121000007,3397,4085,-688
121000008,3545,4109,-564
121000009,4421,7094,-2673
121000010,5123,4930,193
121000011,4763,4681,82
121000012,9064,3459,5605
121000013,5140,4358,782
121000014,4135,2711,1424
121000015,4135,5926,-1791
121000016,3114,3833,-719
121000017,2921,1500,1421
121000018,2737,1650,1087
121000019,7543,6904,639
121000020,8046,12380,-4334
121000021,1501,2857,-1356
121000022,2767,3198,-431
121000023,2748,1569,1179
121000024,4836,6117,-1281
121000025,213,1666,-1453
121000026,224,156,68
121000027,1141,1078,63
121000028,761,499,262
121000029,1138,494,644
121000030,840,380,460
121000031,338,488,-150
121000032,151,82,69
121000034,300,561,-261
121000035,151,160,-9
121000036,1361,1013,348
121000037,697,942,-245
121000038,348,955,-607
121000039,85,383,-298
121000041,324,281,43
121000042,244,281,-37
121000043,483,423,60
121000044,1226,1099,127
121000045,594,142,452
121000046,975,568,407
121000047,270,290,-20
121000049,889,542,347
121000050,219,1370,-1151
121000051,772,287,485
121000052,470,760,-290
121000053,350,205,145
121000054,37,404,-367
121000055,888,2034,-1146
121000056,856,1644,-788
121000057,122,312,-190
121000058,220,68,152
121000059,3431,836,2595
121000060,549,971,-422
121000061,9,401,-392
121000062,65,525,-460
121000063,836,1171,-335
121000064,676,872,-196
121000065,180,489,-309
121000066,716,614,102
121000067,375,858,-483
121000068,341,338,3
121000069,54,1435,-1381
121000070,951,1182,-231
121000071,1883,1488,395
121000072,440,1507,-1067
121000073,1186,1996,-810
121000074,86,546,-460
121000075,6,77,-71
121000076,390,265,125
121000077,144,193,-49
121000078,64,121,-57
121000080,1471,486,985
121000081,2392,3649,-1257
121000082,97,233,-136
121000083,85,131,-46
121000084,123,123,0
121000085,236,555,-319
121000086,988,563,425
121000087,97,169,-72
121000088,807,778,29
121000089,205,516,-311
121000090,294,288,6
121000091,1240,683,557
121000092,228,35,193
121000093,312,129,183
121000094,348,923,-575
121000095,175,575,-400
121000096,5910,1209,4701
121000097,412,1407,-995
121000098,934,406,528
121000099,1259,422,837
121000100,1425,143,1282
121000101,711,120,591
121000102,483,106,377
121000103,257,281,-24
121000104,455,164,291
121000105,496,67,429
121000106,548,276,272
121000107,1522,2203,-681
121000109,854,724,130
121000110,151,613,-462
121000114,2730,1638,1092
121000115,1813,404,1409
121000116,326,445,-119
121000117,151,271,-120
121000118,1583,145,1438
121000119,478,231,247
121000120,717,973,-256
121000121,562,1216,-654
121000123,761,254,507
121000127,353,96,257
121000128,1929,139,1790
121000129,1737,196,1541
121000130,1005,1248,-243
121000131,1851,774,1077
121000132,864,712,152
121000135,204,196,8
121000136,791,1513,-722
121000137,590,373,217
121000138,391,2273,-1882
121000139,196,716,-520
121000141,240,164,76
121000142,547,561,-14
121000143,71,24,47
121000144,461,570,-109
121000145,954,731,223
121000146,1390,882,508
121000147,1500,588,912
121000148,945,407,538
121000149,3339,1917,1422
121000152,287,337,-50
121000153,1222,333,889
121000154,1492,377,1115
121000155,2304,865,1439
121000156,483,704,-221
121000157,362,824,-462
121000158,252,156,96
121000159,266,260,6
121000160,322,198,124
121000161,264,307,-43
121000162,225,65,160
121000165,889,1757,-868
121000166,89,429,-340
121000168,558,198,360
121000169,107,79,28
121000170,452,89,363
121000171,84,110,-26
121000172,1144,1740,-596
121000173,1342,1390,-48
121000174,937,516,421
121000175,2137,341,1796
121000176,458,231,227
121000177,869,580,289
121000178,60,78,-18
121000179,45,155,-110
121000181,227,338,-111
121000182,188,538,-350
121000183,19,237,-218
121000184,7,214,-207
121000185,19,369,-350
121000186,262,795,-533
121000187,311,155,156
121000188,415,41,374
121000192,907,185,722
121000193,955,151,804
121000194,1619,1631,-12
121000195,179,1029,-850
121000196,550,313,237
121000197,134,1013,-879
121000198,117,178,-61
121000199,333,693,-360
121000200,870,235,635
121000201,0,165,-165
121000202,645,96,549
121000203,597,1069,-472
121000204,3441,434,3007
121000205,147,182,-35
121000206,94,69,25
121000207,2820,742,2078
121000208,12,287,-275
121000209,1207,78,1129
121000210,1120,381,739
121000211,677,56,621
121000212,596,450,146
121000213,14546,3449,11097
121000214,1128,2615,-1487
121000215,635,1326,-691
121000216,456,625,-169
121000217,3715,4223,-508
121000218,541,1659,-1118
121000219,1620,754,866
121000220,274,40,234
121000221,866,503,363
121000222,6617,2807,3810
121000223,189,591,-402
121000224,156,469,-313
121000225,487,9378,-8891
121000226,981,3015,-2034
121000227,26,134,-108
121000228,13,450,-437
121000229,728,291,437
121000230,53,3088,-3035
121000231,2272,25,2247
121000232,390,300,90
121000233,1008,428,580
121000234,12,29,-17
121000235,30,171,-141
121000236,2,27,-25
121000237,27,28,-1
121000238,3,55,-52
121000239,112,20,92
121000240,7,114,-107
121000241,131,0,131
121000242,3,206,-203
121000243,241,29,212
121000244,0,41,-41
121000245,15,0,15
121000246,0,58,-58
121000247,143,2,141
121000248,280,418,-138
121000249,155,240,-85
121000250,780,800,-20
121000251,10,184,-174
121000252,196,112,84
121000253,518,779,-261
121000254,1523,320,1203
121000255,105,538,-433
121000256,304,401,-97
121000257,31,276,-245
121000258,22,201,-179
121000259,38,177,-139
121000260,10,149,-139
121000261,68,289,-221
121000262,1484,254,1230
121000263,547,1253,-706
121000271,829,1546,-717
121000273,68,15,53
121000274,25,261,-236
121000275,23,3,20
121000276,6,131,-125
121000278,145,95,50
121000279,48,116,-68
121000280,12,105,-93
121000289,475,11,464
121000290,823,1060,-237
121000294,506,33,473
121000297,236,1159,-923
121000299,155,4351,-4196
121000300,1456,590,866
121000302,12,533,-521
121000303,1001,132,869
121000304,772,15,757
121000305,351,31,320
121000306,312,207,105
121000308,89,129,-40
121000309,155,172,-17
121000310,145,127,18
121000311,69,103,-34
121000312,421,251,170
121000313,166,166,0
121000314,21,56,-35
121000315,15,62,-47
121000530,2658,1420,1238
121000531,2352,1833,519
121000532,4807,5072,-265
121000533,4022,2328,1694
121000918,14,85,-71
121000919,38,101,-63
121000938,101,122,-21
121000939,45,224,-179
121000956,2824,2207,617
121000957,8,30,-22
121000958,3,121,-118
121000959,2073,231,1842
121000960,1711,1586,125
121000961,537,30,507
121000962,224,275,-51
121000963,0,0,0
121000973,0,487,-487
121000976,11,88,-77
121000979,233,49,184
121000981,720,46,674
121000982,667,323,344
121000983,897,76,821
121000984,2,28,-26
121000985,1553,490,1063
121000986,1217,253,964
121000987,400,545,-145
121000988,1565,81,1484
121001302,203,52,151
121001308,1,21,-20
121001309,9,676,-667
121001311,0,0,0
121001313,332,233,99
121001314,2130,1955,175
121001315,5196,4251,945
121001326,552,532,20
121900001,159,558,-399
121900002,60,139,-79
121900003,546,4,542
121900004,40,843,-803
121900005,23,6,17
121900006,203,10,193
121900007,1745,1418,327
121900008,48,109,-61
121900009,1035,13,1022
121900010,326,1,325
121900011,215,65,150
121900012,28,0,28
121900013,52,44,8
121900014,2647,383,2264
121900015,117,52,65
121900016,19,46,-27
121900017,784,1587,-803
121900018,944,7,937
121900019,589,114,475
121900020,90,11,79
121900021,1251,41,1210
121900022,401,130,271
121900023,213,266,-53
121900024,311,41,270
121900025,616,344,272
121900026,183,56,127
121900027,340,158,182
121900028,236,8,228
121900029,66,451,-385
121900030,376,426,-50
121900031,925,7174,-6249
121900032,138,44,94
121900033,82,180,-98
121900034,200,294,-94
121900035,4788,2614,2174
121900036,152,236,-84
121900037,195,795,-600
121900038,35,20,15
121900039,320,20,300
121900040,18,80,-62
121900041,69,163,-94
121900042,470,88,382
121900043,0,1,-1
121900044,120,37,83
121900046,190,126,64
121900047,112,54,58
121900048,34,31,3
121900050,48,36,12
121900051,174,317,-143
121900052,141,36,105
121900053,380,402,-22
121900054,572,2061,-1489
121900055,0,16,-16
121900058,424,200,224
121900059,523,132,391
121900060,127,432,-305
121900062,93,58,35
121900063,2110,332,1778
121900064,679,509,170
121900066,114,51,63
121900067,132,152,-20
121900069,134,147,-13
121900070,79,164,-85
121900071,946,332,614
121900072,42,58,-16
121900073,212,175,37
121900074,282,370,-88
121900075,290,736,-446
121900076,554,1009,-455
121900078,98,88,10
121900079,0,0,0
121900080,984,89,895
121900082,121,70,51
121900084,0,31,-31
121900086,58,61,-3
121900087,130,38,92
121900088,1002,1270,-268
121900089,548,120,428
121900090,4,99,-95
121900091,90,32,58
121900092,205,83,122
121900093,69,44,25
121900094,15,15,0
121900095,363,70,293
121900096,1081,368,713
121900097,658,57,601
121900098,3,0,3
121900099,482,25,457
121900100,20,212,-192
121900101,120,39,81
121900102,0,32,-32
121900103,470,147,323
121900104,1965,243,1722
121900105,216,121,95
121900106,4,6,-2
121900107,168,31,137
121900108,0,56,-56
121900109,244,80,164
121900110,738,243,495
121900111,401,339,62
121900112,122,86,36
121900113,24,525,-501
121900114,60,52,8
121900117,130,101,29
121900118,1474,422,1052
121900119,130,306,-176
121900120,34,673,-639
121900121,235,7,228
121900122,129,34,95
121900123,203,368,-165
121900124,236,114,122
121900125,1953,1020,933
121900127,26,36,-10
121900128,96,37,59
121900129,225,39,186
121900130,45,166,-121
121900131,330,53,277
121900132,178,64,114
121900133,4,592,-588
121900134,9,211,-202
121900135,3667,295,3372
121900136,209,581,-372
121900137,33,369,-336
121900138,94,150,-56
121900139,305,1978,-1673
121900140,83,35,48
121900141,51,21,30
121900142,81,16,65
121900143,17,54,-37
121900144,109,497,-388
121900145,101,514,-413
121900146,323,299,24
121900147,103,265,-162
121900148,89,140,-51
121900149,268,219,49
121900150,54,64,-10
121900151,17,182,-165
121900152,144,58,86
121900153,16,135,-119
121900154,2,268,-266
121900155,1,384,-383
121900156,135,143,-8
121900157,3,115,-112
121900158,63,120,-57
121900159,1,53,-52
121900160,283,245,38
121900161,86,143,-57
121900162,31,81,-50
121900163,750,142,608
121900164,106,161,-55
121900165,199,172,27
121900166,111,73,38
121900167,94,22,72
121900168,123,19,104
121900169,17,174,-157
121900170,14,69,-55
121900171,961,357,604
121900172,572,176,396
121900173,465,251,214
121900174,131,34,97
121900175,79,654,-575
121900176,819,1095,-276
121900177,185,48,137
121900178,71,23,48
121900179,159,281,-122
121900180,1002,6683,-5681
121900182,365,380,-15
121900183,265,2256,-1991
121900184,15,756,-741
121900186,5,430,-425
121900187,31,45,-14
121900188,1095,78,1017
121900189,88,103,-15
121900190,226,293,-67
121900191,45,576,-531
121900192,198,2248,-2050
121900193,19,120,-101
121900194,2,201,-199
121900195,6,53,-47
121900196,890,959,-69
121900197,326,686,-360
121900198,2706,2854,-148
121900199,4,36,-32
121900200,53,265,-212
121900201,738,932,-194
121900202,171,953,-782
121900203,15,778,-763
121900204,904,1881,-977
121900205,21,73,-52
121900206,26,51,-25
121900207,30,43,-13
121900208,100,396,-296
121900209,148,62,86
121900210,2884,1214,1670
121900211,771,282,489
121900212,17,141,-124
121900213,737,68,669
121900214,1,454,-453
121900215,35,162,-127
121900216,0,346,-346
121900217,79,215,-136
121900218,149,532,-383
121900220,171,8,163
121900221,335,336,-1
121900222,327,32,295
121900223,72,68,4
121900224,72,98,-26
121900225,89,430,-341
121900226,184,19,165
121900227,377,2048,-1671
121900228,141,209,-68
121900230,61,181,-120
121900231,43,745,-702
121900232,71,267,-196
121900233,252,168,84
121900234,234,242,-8
121900235,832,79,753
121900236,310,212,98
121900237,135,431,-296
121900238,114,175,-61
121900239,102,23,79
121900240,94,70,24
121900241,48,48,0
121900242,45,0,45
121900243,14,0,14
121900244,24,0,24
121900245,267,36,231
121900246,6857,150,6707
121900248,1140,509,631
121900250,150,184,-34
121900251,301,25,276
121900252,335,90,245
121900253,47,616,-569
121900254,194,198,-4
121900255,556,55,501
121900258,4338,1431,2907
121900259,272,347,-75
121900260,149,65,84
121900261,81,436,-355
121900262,338,1114,-776
121900263,276,134,142
121900264,455,596,-141
121900265,476,24,452
121900266,999,173,826
121900267,237,16,221
121900269,329,838,-509
121900270,39,174,-135
121900271,92,94,-2
121900273,439,2048,-1609
121900274,655,170,485
121900277,261,1535,-1274
121900278,144,852,-708
121900279,283,145,138
121900280,83,300,-217
121900281,120,320,-200
121900284,33,5,28
121900286,191,111,80
121900287,8,91,-83
121900288,2,1,1
121900290,97,763,-666
121900291,298,651,-353
121900292,183,61,122
121900293,665,4438,-3773
121900294,309,15,294
121900295,156,35,121
121900296,104,172,-68
121900298,89,1012,-923
121900299,0,65,-65
121900300,45,5,40
121900301,26,1,25
121900302,34,120,-86
121900303,59,511,-452
121900304,44,13,31
121900305,62,18,44
121900306,710,3,707
121900307,435,10,425
121900308,33,120,-87
121900309,7,114,-107
121900310,38,138,-100
121900311,821,20,801
121900312,596,32,564
121900313,601,6,595
121900314,5,5,0
121900315,74,0,74
121900316,0,1,-1
121900317,64,20,44
121900318,1,0,1
121900319,58,209,-151
121900320,16,8,8
121900321,68,18,50
121900322,1,3,-2
121900323,12,42,-30
121900324,1,29,-28
121900325,67,0,67
121900326,1,5,-4
121900327,14,20,-6
121900328,0,9,-9
121900329,4,28,-24
121900330,0,127,-127
121900331,10,42,-32
121900332,39,19,20
121900333,93,1,92
121900334,92,76,16
122000001,1430,2714,-1284
122000002,2142,436,1706
122000003,630,1725,-1095
122000004,928,948,-20
122000005,4139,1623,2516
122000006,416,607,-191
122000007,319,655,-336
122000008,507,1564,-1057
122000009,273,294,-21
122000010,1620,1889,-269
122000011,2543,972,1571
122000012,318,1304,-986
122000013,486,953,-467
122000014,5234,1145,4089
122000015,1071,443,628
122000016,432,420,12
122000017,695,771,-76
122000018,1755,1143,612
122000019,800,1797,-997
122000020,146,295,-149
122000021,105,275,-170
122000022,717,840,-123
122000023,518,1401,-883
122000024,249,1271,-1022
122000025,344,1581,-1237
122000026,295,676,-381
122000027,550,538,12
122000028,1050,438,612
122000029,329,570,-241
122000030,93,122,-29
122000031,220,386,-166
122000032,1901,1518,383
122000033,208,1073,-865
122000034,218,778,-560
122000035,122,385,-263
122000036,359,265,94
122000037,317,187,130
122000038,169,211,-42
122000039,530,334,196
122000040,175,192,-17
122000041,831,762,69
122000042,321,672,-351
122000043,108,95,13
122000044,65,58,7
122000045,1079,567,512
122000046,621,693,-72
122000047,41,132,-91
122000048,1918,3145,-1227
122000049,4671,3802,869
122000050,437,324,113
122000051,177,459,-282
122000052,319,394,-75
122000053,226,1268,-1042
122000054,2240,1466,774
122000055,1590,2368,-778
122000056,2262,1692,570
122000057,1878,2010,-132
122000058,384,1072,-688
122000059,458,1697,-1239
122000060,233,438,-205
122000061,99,243,-144
122000062,565,263,302
122000063,259,1124,-865
122000064,2318,3561,-1243
122000065,2043,2254,-211
122000066,202,736,-534
122000067,919,1327,-408
122000068,2348,1093,1255
122000069,829,920,-91
122000070,1187,1426,-239
122000071,3420,813,2607
122000072,580,404,176
122000073,113,665,-552
122000074,2214,1195,1019
122000075,859,652,207
122000076,3168,1079,2089
122000077,339,1375,-1036
122000078,375,1232,-857
122000079,153,1819,-1666
122000080,405,263,142
122000081,146,123,23
122000082,189,1026,-837
122000083,5134,733,4401
122000084,4670,1436,3234
122000085,253,971,-718
122000086,2851,5738,-2887
122000087,119,181,-62
122000088,61,119,-58
122000089,4445,2759,1686
122000090,249,1096,-847
122000091,47,463,-416
122000092,81,145,-64
122000093,1007,3536,-2529
122000094,4953,2123,2830
122000095,472,3105,-2633
122000096,397,2406,-2009
122000098,3378,2813,565
122000099,333,2197,-1864
122000100,490,394,96
122000101,178,820,-642
122000102,2857,888,1969
122000103,1026,1568,-542
122000104,1703,137,1566
122000105,338,432,-94
122000106,485,1582,-1097
122000107,1357,202,1155
122000108,443,525,-82
122000109,244,157,87
122000110,522,444,78
122000111,1373,982,391
122000112,1468,1360,108
122000113,509,329,180
122000114,924,3419,-2495
122000115,2770,1502,1268
122000116,221,844,-623
122000117,1288,805,483
122000118,936,769,167
122000119,1991,1307,684
122000120,784,2021,-1237
122000121,1169,2084,-915
122000122,740,720,20
122000123,983,1331,-348
122000124,613,510,103
122000125,331,550,-219
122000126,232,384,-152
122000127,173,563,-390
122000128,357,271,86
122000129,441,2573,-2132
122000130,2674,881,1793
122000131,1499,758,741
122000132,202,436,-234
122000133,1363,451,912
122000134,1309,651,658
122000135,629,129,500
122000136,879,520,359
122000137,2758,473,2285
122000139,686,2963,-2277
122000140,93,1028,-935
122000141,2941,1655,1286
122000142,100,1550,-1450
122000143,207,395,-188
122000144,2384,708,1676
122000145,678,1850,-1172
122000146,445,2565,-2120
122000147,468,954,-486
122000148,265,1347,-1082
122000149,1604,518,1086
122000150,1694,814,880
122000151,155,257,-102
122000152,369,214,155
122000153,303,240,63
122000154,164,146,18
122000155,874,2312,-1438
122000156,8931,3990,4941
122000157,429,9075,-8646
122000158,395,827,-432
122000159,1306,684,622
122000160,2139,1188,951
122000161,1319,962,357
122000162,518,990,-472
122000163,298,66,232
122000164,34,138,-104
122000165,706,1360,-654
122000166,541,1916,-1375
122000167,220,473,-253
122000168,226,1067,-841
122000169,314,133,181
122000170,337,210,127
122000171,7,65,-58
122000172,2092,1145,947
122000173,1442,1894,-452
122000174,786,3213,-2427
122000175,375,266,109
122000176,330,1420,-1090
122000177,551,1295,-744
122000178,3094,2970,124
122000179,2846,3453,-607
122000180,388,753,-365
122000181,449,1191,-742
122000182,692,738,-46
122000183,1809,1016,793
122000184,2269,2508,-239
122000185,794,1847,-1053
122000186,564,960,-396
122000187,1910,837,1073
122000188,248,159,89
122000189,165,167,-2
122000190,523,1957,-1434
122000191,362,536,-174
122000192,1009,443,566
122000193,441,751,-310
122000194,264,185,79
122000195,192,1036,-844
122000196,1501,252,1249
122000197,538,539,-1
122000198,336,1575,-1239
122000199,233,209,24
122000200,719,586,133
122000201,791,2471,-1680
122000202,604,2238,-1634
122000203,1862,1319,543
122000204,1481,952,529
122000205,783,444,339
122000206,4453,1105,3348
122000207,2100,1711,389
122000208,1965,1349,616
122000209,1977,351,1626
122000210,2430,1782,648
122000211,1066,1493,-427
122000212,724,586,138
122000213,792,1435,-643
122000214,1465,1687,-222
122000215,2188,2206,-18
122000217,1068,1387,-319
122000218,550,62,488
122000219,1096,611,485
122000220,205,685,-480
122000221,112,240,-128
122000222,508,93,415
122000223,766,760,6
122000225,595,569,26
122000226,1251,1319,-68
122000227,216,1332,-1116
122000228,371,501,-130
122000229,25,1566,-1541
122000230,22,370,-348
122000231,334,1088,-754
122000232,385,397,-12
122000233,1,55,-54
122000234,811,87,724
122000235,1135,77,1058
122000236,1713,40,1673
122000237,143,197,-54
122000238,243,424,-181
122000239,478,1127,-649
122000240,1280,409,871
122000241,3380,501,2879
122000242,565,79,486
122000243,430,87,343
122000244,91,288,-197
122000245,264,62,202
122000246,616,313,303
122000247,815,2035,-1220
122000248,953,827,126
122000249,2050,2321,-271
122000250,2098,1028,1070
122000251,142,141,1
122000252,226,26,200
122000253,179,115,64
122000254,619,44,575
122000255,564,505,59
122000256,303,404,-101
122000257,521,183,338
122000258,424,160,264
122000259,66,309,-243
122000260,156,536,-380
122000261,4,206,-202
122000262,0,36,-36
122000263,160,77,83
122000264,1980,225,1755
122000265,2544,985,1559
122000266,3373,794,2579
122000267,111,83,28
122000268,172,117,55
122000269,1047,219,828
122000270,520,204,316
122000271,209,2225,-2016
122000272,500,446,54
122000273,868,251,617
122000274,323,270,53
122000275,189,216,-27
122000276,2348,651,1697
122000277,1102,3172,-2070
122000278,2470,555,1915
122000279,205,292,-87
122000280,533,555,-22
122000281,538,299,239
122000282,102,818,-716
122000283,464,370,94
122000284,60,479,-419
122000285,489,109,380
122000286,107,183,-76
122000287,1739,1884,-145
122000288,567,250,317
122000291,2849,608,2241
122000293,157,228,-71
122000294,142,518,-376
122000295,1294,425,869
122000296,41,1592,-1551
122000297,1738,3769,-2031
122000299,601,183,418
122000300,336,497,-161
122000301,6388,4958,1430
122000302,445,5358,-4913
122000303,1428,1145,283
122000304,36,196,-160
122000305,2474,443,2031
122000306,111,190,-79
122000307,74,142,-68
122000309,34,74,-40
122000310,4,44,-40
122000311,21,65,-44
122000312,147,158,-11
122000313,29,148,-119
122000314,328,615,-287
122000315,440,18,422
122000316,1979,266,1713
122000317,3618,205,3413
122000318,201,1302,-1101
122000319,208,231,-23
122000320,241,723,-482
122000321,92,95,-3
122000322,954,1471,-517
122000323,364,1274,-910
122000324,1405,1778,-373
122000325,841,1901,-1060
122000326,200,56,144
122000327,288,811,-523
122000328,473,301,172
122000330,2175,1679,496
122000333,19,73,-54
122000337,1647,1088,559
122000338,640,87,553
122000340,175,3248,-3073
122000342,1158,711,447
122000343,599,436,163
122000344,113,2,111
122000345,28,29,-1
122000346,375,91,284
122000348,590,434,156
122000349,77,237,-160
122000351,479,161,318
122000352,128,173,-45
122000353,241,47,194
122000355,89,469,-380
122000356,157,1582,-1425
122000357,73,15,58
122000358,0,5,-5
122000359,0,20,-20
122000360,0,3,-3
122000362,34,32,2
122000364,589,137,452
122000365,0,53,-53
122000366,16,3,13
122000368,448,624,-176
122000370,59,41,18
122000371,80,0,80
122000372,25,0,25
122000381,208,302,-94
122000382,38,215,-177
122000384,991,940,51
122000385,76,0,76
122000386,140,1808,-1668
122000387,424,1660,-1236
122000388,1354,1035,319
122000389,143,833,-690
122000390,206,537,-331
122000391,44,1400,-1356
122000392,83,116,-33
122000393,265,308,-43
122000394,768,149,619
122000395,165,154,11
122000396,464,57,407
122000397,72,80,-8
122000398,28,191,-163
122000399,215,78,137
122000400,51,1169,-1118
122000401,192,54,138
122000402,914,72,842
122000403,324,293,31
122000404,384,61,323
122000408,616,796,-180
122000503,11,75,-64
122000524,55,163,-108
122000544,95,3128,-3033
122000614,256,258,-2
122000616,245,4,241
122000640,193,76,117
122000641,263,161,102
122000642,1569,419,1150
122000643,56,222,-166
122000644,95,60,35
122000645,33,154,-121
122000651,259,1330,-1071
122000664,238,40,198
122000665,1101,315,786
122000666,406,373,33
122000673,45,115,-70
122000674,821,330,491
122000675,3274,513,2761
122000686,360,2219,-1859
122000687,2568,882,1686
122000688,281,385,-104
122000689,2778,284,2494
122000690,5461,578,4883
122000691,1258,547,711
122000692,1706,585,1121
122000693,327,498,-171
122000695,360,231,129
122000696,1229,104,1125
122000698,458,156,302
122000699,692,61,631
122000701,3344,164,3180
122000702,570,851,-281
122000703,222,52,170
122000712,0,0,0
122000717,56,96,-40
122000718,508,5024,-4516
122000719,34,74,-40
122000720,1392,107,1285
122000724,160,207,-47
122900001,36,33,3
122900002,560,8691,-8131
122900003,707,23,684
122900004,3560,245,3315
122900005,28,277,-249
122900006,420,1868,-1448
122900007,38,95,-57
122900008,230,403,-173
122900009,331,240,91
122900010,297,85,212
122900012,191,280,-89
122900014,111,86,25
122900015,833,610,223
122900016,213,117,96
122900017,251,648,-397
122900018,248,2,246
122900020,345,546,-201
122900021,62,763,-701
122900022,1599,1022,577
122900023,704,36,668
122900024,130,92,38
122900025,3,522,-519
122900026,11,97,-86
122900027,38,935,-897
122900028,43,59,-16
122900029,5603,1791,3812
122900030,1882,223,1659
122900031,69,379,-310
122900032,439,254,185
122900033,170,121,49
122900034,3139,4293,-1154
122900035,18,2,16
122900036,38,28,10
122900037,412,184,228
122900038,26,2694,-2668
122900039,61,425,-364
122900040,282,1022,-740
122900041,94,616,-522
122900042,137,156,-19
122900043,498,208,290
122900044,117,314,-197
122900045,136,110,26
122900046,72,365,-293
122900047,89,60,29
122900048,16,204,-188
122900049,3123,66,3057
122900051,10,322,-312
122900052,134,53,81
122900053,5,25,-20
122900055,225,52,173
122900057,337,15,322
122900061,670,22,648
122900062,573,864,-291
122900063,284,84,200
122900064,1161,584,577
122900065,674,88,586
122900066,783,139,644
122900067,585,732,-147
122900069,463,2593,-2130
122900070,633,60,573
122900071,60,205,-145
122900073,29,56,-27
122900074,1704,87,1617
122900075,0,47,-47
122900076,2,88,-86
122900077,38,52,-14
122900078,317,7,310
122900080,12,52,-40
122900081,246,67,179
122900082,2249,52,2197
122900083,612,14,598
122900084,3,89,-86
122900086,3,56,-53
122900087,501,166,335
122900088,23,576,-553
122900089,406,370,36
122900090,2,90,-88
122900091,842,0,842
122900092,522,126,396
122900093,0,52,-52
122900094,1,87,-86
122900095,334,44,290
122900096,521,50,471
122900097,16,92,-76
122900098,3,100,-97
122900099,307,76,231
122900100,74,1137,-1063
122900101,433,319,114
122900102,137,123,14
122900103,856,27,829
122900104,705,21,684
122900105,81,34,47
122900106,0,27,-27
122900107,0,47,-47
122900108,0,48,-48
122900109,623,44,579
123000001,809,816,-7
123000002,2186,5624,-3438
123000003,4854,3327,1527
123000004,2642,3086,-444
123000005,3522,2284,1238
123000006,2082,1455,627
123000007,5122,3757,1365
123000008,2030,3334,-1304
123000009,4798,2836,1962
123000010,2704,2867,-163
123000011,1619,1135,484
123000012,509,2978,-2469
123000013,5446,1307,4139
123000014,735,2720,-1985
123000015,2712,1130,1582
123000016,2227,2532,-305
123000017,4672,2285,2387
123000018,157,70,87
123000019,1236,39,1197
123000020,731,47,684
123000021,485,597,-112
123000022,1246,2880,-1634
123000023,2209,3439,-1230
123000024,2254,958,1296
123000025,720,95,625
123000026,21,97,-76
123000027,36,518,-482
123000028,513,2964,-2451
123000029,702,1885,-1183
123000030,421,292,129
123000031,736,129,607
123000032,1089,197,892
123000033,553,116,437
123000034,1306,954,352
123000035,378,770,-392
123000036,259,1397,-1138
123000037,412,219,193
123000038,38,247,-209
123000039,585,1407,-822
123000040,749,211,538
123000041,668,825,-157
123000042,494,857,-363
123000043,800,9416,-8616
123000044,2237,1880,357
123000045,1564,1010,554
123000046,217,1184,-967
123000047,164,301,-137
123000048,112,1560,-1448
123000049,2602,5979,-3377
123000050,2912,1647,1265
123000051,153,370,-217
123000052,1121,2624,-1503
123000053,2236,2081,155
123000054,3230,2259,971
123000055,2246,5719,-3473
123000056,1365,527,838
123000057,1966,829,1137
123000058,445,174,271
123000059,95,144,-49
123000060,1106,357,749
123000061,419,514,-95
123000063,1670,1181,489
123000064,1691,1063,628
123000065,1691,1168,523
123000066,230,291,-61
123000067,1258,399,859
123000068,1423,1223,200
123000069,2020,951,1069
123000070,98,17,81
123000071,2330,1363,967
123000072,1029,442,587
123000073,2520,570,1950
123000074,991,321,670
123000075,481,1878,-1397
123000076,971,212,759
123000077,2648,1626,1022
123000078,3391,761,2630
123000079,4087,1097,2990
123000080,3276,608,2668
123000081,550,270,280
123000082,725,914,-189
123000083,728,224,504
123000084,1184,599,585
123000085,1152,1879,-727
123000086,1592,795,797
123000087,1010,314,696
123000088,1754,776,978
123000089,1687,727,960
123000090,1819,661,1158
123000091,2169,1216,953
123000092,1292,1124,168
123000094,1015,434,581
123000095,1458,1768,-310
123000096,1712,263,1449
123000097,791,184,607
123000098,1637,145,1492
123000099,927,201,726
123000100,179,536,-357
123000101,279,175,104
123000102,447,1144,-697
123000104,435,376,59
123000105,418,134,284
123000106,704,227,477
123000107,342,136,206
123000108,409,603,-194
123000111,1503,2165,-662
123000112,1529,721,808
123000113,683,878,-195
123000114,379,989,-610
123000115,555,982,-427
123000116,85,72,13
123000117,2659,1124,1535
123000118,730,307,423
123000119,499,403,96
123000120,1029,1064,-35
123000121,782,405,377
123000122,544,194,350
123000123,756,394,362
123000124,564,182,382
123000125,1288,675,613
123000126,870,2738,-1868
123000127,442,345,97
123000128,286,112,174
123000129,1508,89,1419
123000130,1480,58,1422
123000131,1546,838,708
123000132,356,229,127
123000133,270,54,216
123000134,230,62,168
123000135,2638,4708,-2070
123000136,140,273,-133
123000137,265,70,195
123000138,248,138,110
123000139,1028,50,978
123000140,52,307,-255
123000141,551,84,467
123000142,1191,699,492
123000143,930,1477,-547
123000144,2,64,-62
123000145,188,760,-572
123000146,24,293,-269
123000147,27,399,-372
123000149,464,206,258
123000150,127,133,-6
123000151,103,503,-400
123000152,39,505,-466
123000153,86,765,-679
123000154,939,2210,-1271
123000155,1353,2145,-792
123000156,12,32,-20
123000157,1212,1050,162
123000158,429,1173,-744
123000159,2733,4852,-2119
123000160,2099,1484,615
123000161,1748,1446,302
123000162,1716,1633,83
123000163,1612,530,1082
123000164,2384,423,1961
123000165,97,435,-338
123000166,9,65,-56
123000167,147,102,45
123000168,423,90,333
123000169,1492,109,1383
123000170,259,25,234
123000171,2127,5,2122
123000172,64,282,-218
123000173,843,455,388
123000174,758,563,195
123000175,184,479,-295
123000176,969,575,394
123000177,354,696,-342
123000178,1106,1448,-342
123000179,23,185,-162
123000180,2430,336,2094
123000181,169,498,-329
123000182,424,184,240
123000183,216,756,-540
123000184,163,309,-146
123000185,1441,848,593
123000186,0,139,-139
123000187,1015,15,1000
123000188,845,1,844
123000189,30,70,-40
123000190,2,56,-54
123000192,27,211,-184
123000193,4,260,-256
123000194,187,109,78
123000195,1704,13,1691
123000196,292,126,166
123000197,173,36,137
123000198,5,134,-129
123000199,3,154,-151
123000200,730,2,728
123000201,796,4,792
123000202,8,121,-113
123000203,1843,19,1824
123000204,15,193,-178
123000205,118,502,-384
123000206,4761,270,4491
123000207,78,329,-251
123000208,1492,755,737
123000209,2870,943,1927
123000210,56,547,-491
123000211,202,743,-541
123000212,7013,842,6171
123000213,1237,115,1122
123000215,114,234,-120
123000216,156,1653,-1497
123000217,257,105,152
123000218,29,671,-642
123000219,516,141,375
123000220,713,530,183
123000221,338,80,258
123000222,374,127,247
123000223,888,108,780
123000224,700,232,468
123000225,430,17,413
123000226,297,140,157
123000227,122,127,-5
123000228,364,45,319
123000229,509,550,-41
123000232,111,345,-234
123000233,1305,70,1235
123000234,168,797,-629
123000235,2553,173,2380
123000236,411,387,24
123000237,802,114,688
123000238,55,243,-188
123000239,367,409,-42
123000240,76,879,-803
123000241,282,48,234
123000242,124,160,-36
123000243,1017,691,326
123000244,746,355,391
123000245,2,107,-105
123000249,198,611,-413
123000252,1050,349,701
123000253,2371,432,1939
123000254,801,337,464
123000255,1709,955,754
123000256,97,232,-135
123000257,1209,1205,4
123000258,946,568,378
123000259,746,504,242
123000260,993,181,812
123000261,479,106,373
123000262,34,115,-81
123000263,675,71,604
123000264,234,40,194
123000265,16,54,-38
123000266,508,393,115
123000267,1181,176,1005
123000268,23,38,-15
123000269,63,52,11
123000270,26,27,-1
123000271,28,21,7
123000272,702,390,312
123000273,504,1005,-501
123000274,1602,634,968
123000275,201,535,-334
123000278,1222,4247,-3025
123000279,329,104,225
123000280,381,481,-100
123000281,495,121,374
123000282,99,134,-35
123000283,279,90,189
123000284,54,64,-10
123000286,107,349,-242
123000287,373,198,175
123000288,757,1265,-508
123000289,147,1793,-1646
123000291,105,534,-429
123000294,200,206,-6
123000295,608,1251,-643
123000296,1239,642,597
123000297,1521,205,1316
123000298,2168,212,1956
123000299,481,213,268
123000300,2212,1266,946
123000301,245,800,-555
123000302,310,35,275
123000303,122,711,-589
123000305,621,496,125
123000306,483,46,437
123000309,68,35,33
123000310,105,40,65
123000311,856,74,782
123000312,609,210,399
123000313,914,1526,-612
123000315,398,108,290
123000316,950,920,30
123000317,368,186,182
123000318,36,217,-181
123000329,16,19,-3
123000337,849,303,546
123000338,111,302,-191
123000339,574,65,509
123000340,156,194,-38
123000342,4,38,-34
123000343,154,20,134
123000344,426,86,340
123000345,327,143,184
123000346,742,80,662
123000352,953,479,474
123000353,91,43,48
123000354,2032,29,2003
123000355,0,439,-439
123000356,485,56,429
123000357,8,89,-81
123000359,16,39,-23
123000360,188,320,-132
123000361,395,204,191
123000362,648,70,578
123000363,289,76,213
123000364,489,761,-272
123000365,15,419,-404
123000366,195,2969,-2774
123000367,325,543,-218
123000370,37,267,-230
123000371,1041,42,999
123000372,617,147,470
123000373,13,167,-154
123000374,7,125,-118
123000375,414,573,-159
123000376,1140,799,341
123000377,955,18,937
123000378,4,116,-112
123000379,9,196,-187
123000380,8,184,-176
123000381,50,87,-37
123000382,556,146,410
123000383,74,601,-527
123000384,1164,109,1055
123000385,133,334,-201
123000436,133,1678,-1545
123000507,59,103,-44
123000508,175,1421,-1246
123000517,202,7,195
123000518,14,50,-36
123000519,151,54,97
123000520,17,34,-17
123000521,694,72,622
123000522,71,60,11
123000541,37,1,36
123000542,0,2,-2
123000565,1532,100,1432
123000566,1092,155,937
123000567,192,78,114
123000573,50,371,-321
123000574,1615,120,1495
123000575,3886,249,3637
123000576,1392,498,894
123000577,70,406,-336
123000578,624,42,582
123000579,956,7637,-6681
123000580,218,196,22
123000582,691,19,672
123000583,1,105,-104
123000584,212,136,76
123000585,0,23,-23
123000586,456,1,455
123000596,47,37,10
123000597,103,201,-98
123000602,248,27,221
123000603,2326,237,2089
123000604,1746,234,1512
123000605,1295,56,1239
123000606,2,906,-904
123000609,12,312,-300
123000610,58,98,-40
123000613,168,52,116
123000614,491,30,461
123000615,118,68,50
123000616,1778,30,1748
123000617,81,105,-24
123000618,2,305,-303
123000619,740,22,718
123000620,23,155,-132
123000622,859,39,820
123000624,469,134,335
123000630,3471,785,2686
123000631,395,391,4
123000632,1099,878,221
123000633,0,395,-395
123000634,45,800,-755
123000635,71,292,-221
123000636,88,441,-353
123000637,440,23,417
123000638,1680,69,1611
123000639,1161,9450,-8289
123000640,21,145,-124
123000648,1929,1613,316
123000649,87,500,-413
123000650,200,113,87
123000651,24,121,-97
123000652,347,1,346
123000653,0,0,0
123900001,1289,68,1221
123900002,20,1278,-1258
123900003,69,193,-124
123900005,354,201,153
123900006,676,102,574
124000001,3127,252,2875
124000002,26,513,-487
124000003,1798,248,1550
124000004,139,192,-53
124000005,1344,1777,-433
124000006,249,370,-121
124000007,1333,134,1199
124000008,6,604,-598
124000009,1499,524,975
124000010,688,500,188
124000011,956,874,82
124000012,396,217,179
124000017,392,128,264
124000018,234,138,96
124000019,341,78,263
124000020,86,108,-22
124000021,165,74,91
124000022,174,146,28
124000023,1113,301,812
124000024,1064,214,850
124000025,766,614,152
124000026,1139,195,944
124000027,1074,334,740
124000028,1653,461,1192
124000031,1510,12048,-10538
124000032,911,629,282
124000033,1425,1534,-109
124000034,761,772,-11
124000035,697,153,544
124000036,414,539,-125
124000037,389,616,-227
124000038,5,141,-136
124000039,302,297,5
124000040,123,995,-872
124000041,1122,378,744
124000042,275,479,-204
124000043,246,32,214
124000044,79,209,-130
124000045,2513,164,2349
124000046,308,588,-280
124000047,4089,486,3603
124000048,1558,256,1302
124000049,2847,406,2441
124000050,1321,805,516
124000051,2245,288,1957
124000052,1155,510,645
124000053,440,3409,-2969
124000054,861,201,660
124000055,1064,7763,-6699
124000056,1240,614,626
124000057,2588,238,2350
124000058,1192,603,589
124000059,1871,1087,784
124000060,467,481,-14
124000061,1453,7846,-6393
124000062,2385,809,1576
124000063,1357,541,816
124000064,1459,1557,-98
124000065,113,1550,-1437
124000066,371,220,151
124000067,103,120,-17
124000068,146,241,-95
124000069,693,157,536
124000070,663,216,447
124000071,254,1131,-877
124000072,497,4251,-3754
124000073,1278,87,1191
124000074,208,714,-506
124000075,970,42,928
124000076,128,74,54
124000077,392,509,-117
124000078,1546,911,635
124000079,233,767,-534
124000080,1350,506,844
124000081,259,1009,-750
124000082,164,180,-16
124000083,32,136,-104
124000084,37,1773,-1736
124000085,61,43,18
124000086,8,349,-341
124000087,92,572,-480
124000088,114,265,-151
124000089,811,175,636
124000090,439,196,243
124000091,762,106,656
124000092,452,443,9
124000093,215,49,166
124000094,168,541,-373
124000095,151,41,110
124000096,436,131,305
124000097,345,88,257
124000098,473,21,452
124000099,414,54,360
124000100,130,163,-33
124000101,226,153,73
124000102,156,22,134
124000103,341,150,191
124000104,162,26,136
124000105,358,92,266
124000106,157,16,141
124000107,38,348,-310
124000108,49,10,39
124000109,149,35,114
124000110,204,52,152
124000111,223,78,145
124000112,1651,308,1343
124000113,253,140,113
124000114,782,238,544
124000115,624,551,73
124000116,57,306,-249
124000117,44,35,9
124000118,49,54,-5
124000119,1160,556,604
124000120,852,272,580
124000121,1467,1367,100
124000122,585,1760,-1175
124000123,526,292,234
124000124,651,698,-47
124000125,455,191,264
124000126,553,395,158
124000127,1117,249,868
124000128,1208,245,963
124000129,1669,807,862
124000130,516,196,320
124000131,706,515,191
124000132,465,418,47
124000133,1334,654,680
124000134,828,443,385
124000135,1571,1486,85
124000136,509,624,-115
124000137,770,852,-82
124000138,610,552,58
124000139,1179,324,855
124000140,105,903,-798
124000141,1952,31,1921
124000142,87,631,-544
124000143,86,57,29
124000144,1,199,-198
124000145,146,461,-315
124000146,29,692,-663
124000148,3,86,-83
124000149,1534,301,1233
124000150,291,1799,-1508
124000151,1669,527,1142
124000152,973,1270,-297
124000153,1254,344,910
124000154,673,648,25
124000155,871,629,242
124000156,976,591,385
124000169,191,922,-731
124000170,548,321,227
124000171,458,419,39
124000172,340,297,43
124000173,1302,161,1141
124000174,834,340,494
124000175,102,111,-9
124000176,150,25,125
124000177,2,81,-79
124000178,59,89,-30
124000185,34,5,29
124000186,27,42,-15
124000187,15,71,-56
124000188,250,5,245
124000190,34,70,-36
124000191,181,551,-370
124000192,1392,950,442
124000193,159,3492,-3333
124000194,274,129,145
124000195,535,342,193
124000196,734,639,95
124000197,164,10,154
124000198,74,68,6
124000201,26,302,-276
124000202,1061,72,989
124000203,1620,150,1470
124000204,3738,231,3507
124000205,249,702,-453
124000206,2325,817,1508
124000207,0,17,-17
124000209,206,198,8
124000210,1872,235,1637
124000211,1870,11,1859
124000212,0,108,-108
124000213,1324,294,1030
124000214,1451,192,1259
124000215,1732,12,1720
124000216,16,189,-173
124000329,100,616,-516
124000338,132,454,-322
124000339,4341,24,4317
124000341,4117,30,4087
124000344,75,5,70
124000357,2048,4354,-2306
124000358,1356,3286,-1930
124000359,1464,750,714
124000360,1932,559,1373
124000361,2218,1230,988
124000362,1334,3036,-1702
124000363,875,245,630
124000364,686,359,327
124000365,1199,612,587
124000366,3055,1250,1805
124000367,96,207,-111
124000368,572,1983,-1411
124000369,42,116,-74
124000370,16,856,-840
124000402,191,35,156
124000403,306,87,219
124000404,185,35,150
124000405,747,412,335
124000406,672,263,409
124000407,14,16,-2
124000411,1,303,-302
124000412,878,5,873
124000413,166,407,-241
124000414,245,73,172
124000415,85,66,19
124000416,253,134,119
124000417,579,54,525
124000418,467,17,450
124000419,338,28,310
124000420,309,18,291
124000421,183,70,113
124000422,25,10,15
124000423,202,5,197
124000424,23,34,-11
124000425,194,114,80
124000426,5,93,-88
124000427,535,13,522
124000428,3,1049,-1046
124000429,287,24,263
124000430,1829,537,1292
124000431,908,202,706
124000432,424,1168,-744
124000439,35,0,35
124000443,2,10,-8
124000445,266,5663,-5397
124000446,1099,811,288
124000447,26,596,-570
124000448,481,22,459
124000449,863,4,859
124000450,50,131,-81
124000451,13,25,-12
124000452,232,55,177
124000453,1650,1624,26
124000454,1490,3899,-2409
124900001,1425,117,1308
124900002,270,109,161
124900003,1663,191,1472
124900004,1447,121,1326
124900005,175,41,134
124900006,1384,130,1254
124900008,457,452,5
124900009,79,506,-427
124900010,413,50,363
124900011,1420,255,1165
124900012,283,81,202
124900013,761,88,673
124900014,315,160,155
124900015,141,570,-429
124900016,186,221,-35
124900017,579,6295,-5716
124900018,261,27,234
124900020,166,17,149
124900021,582,115,467
124900022,84,78,6
124900024,1123,15,1108
124900026,63,6,57
124900027,177,165,12
124900028,233,68,165
124900029,50,694,-644
124900030,5,89,-84
124900031,11,155,-144
124900032,155,74,81
124900033,149,454,-305
124900034,1,69,-68
124900035,162,36,126
124900036,0,69,-69
124900037,351,43,308
124900038,140,144,-4
124900039,2,126,-124
124900040,126,90,36
124900041,556,355,201
124900042,16,2,14
124900043,757,274,483
124900044,92,1,91
124900045,285,1328,-1043
124900047,141,82,59
124900048,433,61,372
124900050,252,68,184
124900052,202,150,52
124900053,244,144,100
124900054,1080,351,729
124900055,1,19,-18
124900057,11,147,-136
124900060,80,235,-155
124900061,285,6,279
124900062,325,33,292
124900066,0,7,-7
124900067,28,72,-44
124900068,82,1360,-1278
124900070,188,109,79
124900072,229,22,207
124900075,879,80,799
124900076,24,2655,-2631
124900077,25,44,-19
124900078,132,1,131
124900079,345,214,131
124900080,644,190,454
124900081,2267,121,2146
124900082,668,272,396
124900083,632,341,291
124900085,371,280,91
124900086,17,905,-888
124900087,362,17,345
124900088,60,61,-1
124900089,770,12,758
124900090,845,115,730
124900091,453,86,367
124900092,460,68,392
124900093,674,97,577
124900094,965,77,888
124900095,155,681,-526
124900096,287,36,251
124900097,850,27,823
124900098,389,193,196
124900099,164,457,-293
124900100,675,25,650
124900101,491,102,389
124900102,675,41,634
124900103,245,52,193
124900104,130,43,87
124900105,218,29,189
124900106,376,58,318
124900107,352,11,341
124900108,446,99,347
124900111,7,546,-539
124900112,340,187,153
124900113,26,160,-134
124900114,74,177,-103
124900115,23,362,-339
124900116,569,569,0
124900117,122,318,-196
124900118,79,2033,-1954
124900119,616,274,342
124900120,26,92,-66
124900121,70,665,-595
124900122,745,107,638
124900123,81,110,-29
124900124,78,109,-31
124900125,1235,12,1223
124900126,0,222,-222
204000001,450,27,423
204000002,62,12,50
204000003,25,0,25
204000004,13,0,13
204000005,358,351,7
204000006,1061,1354,-293
204000011,8,4,4
204000012,45,40,5
204000019,1577,361,1216
204000020,1804,277,1527
204000021,1230,963,267
204000022,1491,700,791
204000023,667,318,349
204000031,107,4,103
204000032,269,12,257
204000034,122,84,38
204000035,3,0,3
204000036,4,75,-71
204000037,1,24,-23
204000038,1,3,-2
204000039,6,43,-37
204000040,6,27,-21
204000041,10,17,-7
204000042,41,19,22
204000043,54,4,50
204000044,131,33,98
204000045,97,14,83
204000046,8,9,-1
204000057,19,31,-12
204000062,86,24,62
204000068,100,364,-264
204000069,146,668,-522
204000070,72,137,-65
204000080,61,84,-23
204000085,1146,504,642
204000086,2038,888,1150
204000087,112,4,108
204000088,11,29,-18
204000090,341,190,151
204000093,1079,59,1020
204000096,1642,333,1309
204000097,755,19,736
204000099,1153,2165,-1012
204000100,1597,953,644
204000105,1545,596,949
204000110,582,737,-155
204000111,631,589,42
204000112,476,345,131
204000113,327,382,-55
204000114,1433,1273,160
204000115,1731,281,1450
204000116,918,404,514
204000119,3767,992,2775
204000132,701,724,-23
204000133,969,104,865
204000134,295,69,226
204000135,991,20,971
204000136,667,273,394
204000138,250,987,-737
204000140,206,74,132
204000141,159,48,111
204000144,8,32,-24
204000145,939,26,913
204000146,13,106,-93
204000147,20,209,-189
204000148,244,41,203
204000154,3,2,1
204000155,1,2,-1
204000177,26,90,-64
204000179,8,34,-26
204000180,0,59,-59
204000222,4,11,-7
204000235,112,26,86
204000236,43,105,-62
204000238,24,16,8
204000240,407,28,379
204000263,732,750,-18
204000268,544,174,370
204000308,79,23,56
204000317,45,89,-44
204000322,47,94,-47
204000323,11,11,0
204000328,314,54,260
204000329,185,25,160
204000330,325,31,294
204000331,384,92,292
205000001,818,1024,-206
205000013,33,130,-97
205000014,153,108,45
205000015,211,19,192
205000016,131,83,48
205000017,95,59,36
205000022,375,318,57
205000025,1652,419,1233
205000029,884,5,879
205000045,304,199,105
205000046,238,233,5
205000047,96,228,-132
205000048,585,240,345
205000049,276,289,-13
205000050,618,92,526
205000059,0,289,-289
205000060,1,456,-455
205000061,9,1081,-1072
205000062,4,922,-918
205000063,52,1717,-1665
205000064,31,357,-326
205000065,363,651,-288
205000066,366,230,136
205000067,247,271,-24
205000069,186,15,171
205000082,179,141,38
205000110,25,64,-39
205000111,153,86,67
205000112,102,87,15
205000113,94,82,12
205000121,134,51,83
205000123,188,80,108
205000126,801,93,708
205000127,795,97,698
205000128,353,59,294
205000129,1163,108,1055
205000130,346,21,325
205000131,70,15,55
205000132,92,12,80
205000133,39,8,31
205000134,342,2,340
205000137,351,53,298
205000138,575,150,425
205000139,26,42,-16
205000144,83,54,29
205000145,191,117,74
205000151,138,58,80
205000152,119,30,89
205000153,268,45,223
205000154,77,70,7
205000155,83,18,65
205000207,1,21,-20
205000233,23,0,23
205000234,0,1,-1
205000243,0,0,0
205000244,0,6,-6
205000245,5,46,-41
205000249,1,18,-17
205000250,6,1,5
205000264,21,114,-93
206000027,1,21,-20
206000028,9,4,5
206000043,12,42,-30
206000053,1,4,-3
206000054,2,20,-18
206000055,0,30,-30
206000075,17,23,-6
206000076,59,1,58
206000077,58,6,52
206000078,6,22,-16
206000079,34,13,21
206000082,286,98,188
206000100,27,365,-338
206000103,0,1,-1
206000104,0,0,0
206000105,0,0,0
206000106,0,1,-1
206000125,253,0,253
206000157,18,127,-109
206000170,1,90,-89
206000171,18,194,-176
206000172,24,109,-85
206000173,1,69,-68
206000174,13,49,-36
206000175,0,51,-51
206000176,20,49,-29
206000177,1,22,-21
206000178,2,342,-340
206000179,3,161,-158
206000180,3,66,-63
206000181,4,19,-15
206000182,5,29,-24
206000183,15,63,-48
206000184,1,40,-39
206000185,11,27,-16
206000186,51,201,-150
206000223,8,179,-171
206000226,32,7,25
206000227,101,21,80
206000237,26,68,-42
206000238,17,332,-315
206000239,229,1275,-1046
206000240,0,2,-2
206000241,0,76,-76
206000242,2,76,-74
206000243,5,44,-39
206000244,22,90,-68
206000245,2993,47,2946
206000246,818,5,813
206000247,1087,3,1084
206000248,1404,16,1388
206000252,93,40,53
206000258,0,3,-3
206000315,91,0,91
206000317,751,204,547
206000318,1020,65,955
206000319,3473,86,3387
206000320,998,49,949
206000321,1112,5,1107
206000322,1614,17,1597
206000323,548,2,546
206000324,520,4,516
206000325,269,32,237
206000326,299,36,263
206000327,112,20,92
206000328,687,10,677
206000329,1192,13,1179
206000330,302,4,298
206000331,682,1,681
206000332,128,1,127
206000333,2154,1,2153
206000334,1326,1,1325
206000335,0,19,-19
206000361,3,56,-53
206000392,4,10,-6
206000405,424,0,424
206000441,132,45,87
206000498,67,4,63
206000515,81,45,36
206000530,621,74,547
206000531,297,354,-57
206000532,1432,378,1054
206000535,96,2774,-2678
206000536,17,122,-105
206000537,1,115,-114
206000613,1151,283,868
206000784,646,66,580
207000001,285,181,104
207000002,75,164,-89
207000003,102,147,-45
207000007,2623,112,2511
207000008,466,11,455
207000009,88,16,72
207000010,387,186,201
207000012,744,64,680
207000015,200,420,-220
207000019,527,35,492
207000021,345,257,88
207000022,283,148,135
207000023,361,39,322
207000024,1,20,-19
207000025,18,181,-163
207000026,79,49,30
207000027,14,81,-67
207000028,114,119,-5
207000029,279,214,65
207000033,346,164,182
207000034,331,52,279
207000039,969,53,916
207000040,1077,23,1054
207000041,121,9,112
207000042,548,34,514
207000043,463,269,194
207000051,167,213,-46
207000052,35,109,-74
207000053,333,177,156
207000054,46,25,21
207000055,170,65,105
207000056,171,177,-6
207000057,138,90,48
207000058,131,161,-30
207000059,107,237,-130
207000060,28,314,-286
207000061,136,2065,-1929
207000062,1462,69,1393
207000063,1355,53,1302
207000064,593,39,554
207000065,353,147,206
207000066,941,229,712
207000067,137,75,62
207000068,235,23,212
207000069,1255,224,1031
207000082,17,107,-90
207000083,75,139,-64
207000084,542,148,394
207000085,453,63,390
207000086,911,17,894
207000106,161,40,121
207000107,174,25,149
207000108,211,5,206
207000109,117,10,107
207000110,61,5,56
207000111,166,53,113
207000112,80,879,-799
207000114,5,13,-8
207000115,32,35,-3
207000116,28,196,-168
207000117,1,35,-34
207000118,1,28,-27
207000119,10,45,-35
207000123,407,15,392
207000124,253,23,230
207000125,88,10,78
207000126,81,17,64
207000134,640,94,546
207000135,212,113,99
207000148,193,328,-135
207000149,51,7,44
207000152,208,352,-144
207000153,352,564,-212
207000154,557,56,501
207000159,92,108,-16
207000160,193,213,-20
207000238,1,56,-55
207000242,2,44,-42
207000248,22,31,-9
207000249,65,7,58
207000250,241,69,172
207000251,63,94,-31
207000252,35,29,6
207000278,273,94,179
207000279,53,97,-44
207000280,1440,27,1413
207000281,200,293,-93
207000282,17,759,-742
207000283,11,95,-84
207000284,57,2627,-2570
207000285,63,112,-49
207000291,10,58,-48
207000304,34,40,-6
207000306,46,203,-157
207000310,307,129,178
207000353,98,2,96
207000356,10,40,-30
207000357,3,43,-40
207000358,2,7,-5
207000415,11,38,-27
207000417,55,13,42
207000418,99,49,50
207000438,0,1,-1
207000439,352,90,262
207000446,162,8,154
207000460,226,10,216
207000466,78,108,-30
207000467,763,42,721
207000468,65,139,-74
207000476,34,9,25
207000477,708,4,704
207000478,0,38,-38
207000523,0,4,-4
207000524,94,0,94
207000527,523,119,404
207000530,795,3,792
207000531,415,2,413
207000532,102,35,67
207000534,193,29,164
207000535,3,141,-138
207000537,6,115,-109
207000540,0,32,-32
207000541,2,76,-74
207000548,1,105,-104
207000549,370,9,361
207000561,200,138,62
207000562,38,83,-45
207000567,39,137,-98
207000568,1143,65,1078
207000569,2323,169,2154
207000584,20,95,-75
207000585,20,48,-28
207000587,472,26,446
207000616,0,25,-25
207000617,268,0,268
207000624,63,36,27
207000631,19,32,-13
207900008,1058,67,991
208000001,831,697,134
208000002,1225,593,632
208000003,929,388,541
208000004,1016,774,242
208000005,3,52,-49
208000019,1734,216,1518
208000020,481,132,349
208000021,369,178,191
208000022,818,211,607
208000028,899,1810,-911
208000033,356,122,234
208000034,442,557,-115
208000037,823,42,781
208000040,466,100,366
208000041,1054,543,511
208000042,2352,523,1829
208000047,107,110,-3
208000064,2340,1094,1246
208000066,1147,797,350
208000070,783,620,163
208000071,1088,162,926
208000072,1238,351,887
208000080,412,613,-201
208000081,438,187,251
208000082,750,134,616
208000083,373,197,176
208000084,24,114,-90
208000085,919,408,511
208000086,793,611,182
208000087,911,430,481
208000089,1382,162,1220
208000090,1093,247,846
208000093,20,112,-92
208000094,537,200,337
208000095,790,455,335
208000104,2261,268,1993
208000105,1420,385,1035
208000114,198,374,-176
208000115,746,364,382
208000116,1905,1680,225
208000117,24,124,-100
208000118,187,350,-163
208000155,1039,911,128
208000158,2093,2075,18
208000186,954,1293,-339
208000204,1043,738,305
208000205,2142,565,1577
208000282,1164,603,561
209000004,850,151,699
209000005,154,58,96
209000006,286,236,50
209000007,422,524,-102
209000010,142,225,-83
209000011,51,201,-150
209000012,87,115,-28
209000013,326,98,228
209000014,589,220,369
209000025,709,91,618
209000026,1660,169,1491
209000027,428,170,258
209000028,328,144,184
209000029,417,535,-118
209000030,489,724,-235
209000031,2394,761,1633
209000034,250,339,-89
209000035,230,398,-168
209000036,548,188,360
209000037,641,238,403
209000038,327,142,185
209000039,150,145,5
209000040,416,307,109
209000041,236,241,-5
209000042,342,163,179
209000043,579,440,139
209000044,332,518,-186
209000045,747,170,577
209000046,661,159,502
209000047,565,303,262
209000048,749,566,183
209000049,120,56,64
209000050,284,68,216
209000051,393,76,317
209000052,191,94,97
209000062,114,45,69
209000063,184,28,156
209000064,30,11,19
209000065,281,30,251
209000066,321,26,295
209000067,283,51,232
209000080,4,99,-95
209000082,176,40,136
209000091,27,100,-73
209000093,75,64,11
209000094,25,85,-60
209000110,53,72,-19
209000111,458,2830,-2372
209000112,1928,429,1499
209000113,4101,897,3204
209000114,1497,787,710
209000115,83,52,31
209000116,331,182,149
209000118,14,91,-77
209000119,11,101,-90
209000121,106,258,-152
209000135,148,72,76
209000142,842,5196,-4354
209000143,7,75,-68
209000144,100,236,-136
209000229,304,78,226
209000240,26,123,-97
209000259,74,26,48
209000260,17,238,-221
209000261,1,171,-170
209000262,31,167,-136
209000263,1,176,-175
209000264,1,203,-202
209000265,500,35,465
209000266,118,3,115
209000267,1778,2,1776
209000268,539,99,440
210000037,213,43,170
210000047,150,10,140
210000048,183,30,153
210000049,200,4,196
210000052,136,18,118
210000053,26,23,3
210000054,72,67,5
210000070,264,12,252
210000071,178,5,173
210000072,68,3,65
210000073,0,17,-17
210000074,0,45,-45
210000075,0,102,-102
210000076,1,81,-80
210000077,8,146,-138
210000078,12,148,-136
210000079,22,37,-15
210000080,105,301,-196
210000081,169,8,161
210000082,8,3,5
210000083,116,0,116
210000084,158,0,158
210000085,0,70,-70
210000086,0,42,-42
210000099,57,132,-75
210000100,56,87,-31
210000101,69,96,-27
210000105,16,248,-232
210000159,0,293,-293
210000163,32,119,-87
210000164,560,164,396
210000168,306,9,297
210000187,0,11,-11
210000188,1,14,-13
210000214,11,0,11
210000219,231,66,165
210000220,213,18,195
210000232,10,22,-12
210000233,14,9,5
210000234,31,28,3
210000235,68,13,55
210000245,1,22,-21
210000246,84,1,83
210000258,6,57,-51
210000259,349,44,305
210000282,7,107,-100
210000285,0,73,-73
210000286,32,103,-71
210000290,19,8,11
210000295,78,180,-102
210000296,70,45,25
210000320,614,43,571
210000321,552,11,541
210000338,46,119,-73
210000339,71,867,-796
210000340,68,156,-88
210000341,213,115,98
210000342,348,121,227
210000343,241,118,123
210000344,63,204,-141
210000345,82,501,-419
210000346,47,265,-218
210000347,17,289,-272
210000348,144,224,-80
210000349,84,106,-22
210000350,289,79,210
210000351,332,33,299
210000352,53,28,25
210000353,72,25,47
210000354,58,33,25
210000355,56,243,-187
210000356,10,491,-481
210000357,31,410,-379
210000358,726,477,249
210000359,70,390,-320
210000360,510,361,149
210000361,488,133,355
210000362,560,136,424
210000363,844,171,673
210000364,606,123,483
210000365,552,31,521
210000366,557,36,521
210000367,263,5,258
210000368,382,21,361
210000369,84,129,-45
210000370,185,131,54
210000372,50,91,-41
210000373,15,168,-153
210000374,130,198,-68
210000375,4,12,-8
210000376,18,337,-319
210000404,34,56,-22
210000439,256,5,251
210000472,58,2,56
210000482,148,76,72
210000564,364,155,209
210000567,28,78,-50
210000568,523,3,520
211000092,110,23,87
211000094,19,4,15
211000169,294,16,278
211000172,45,44,1
211000209,1,43,-42
211000226,8,16,-8
211000270,197,7,190
211000275,18,29,-11
211000276,273,18,255
211000279,41,80,-39
211000281,230,24,206
211000302,56,9,47
211507980,0,26,-26
211977296,36,1,35
212000003,284,138,146
212000004,2,132,-130
212000005,8,159,-151
212000006,39,214,-175
212000008,246,217,29
212000009,113,98,15
212000012,202,51,151
212000013,44,26,18
212000014,344,54,290
212000015,390,82,308
212000016,674,208,466
212000027,771,147,624
212000028,533,148,385
212000029,376,172,204
212000030,45,17,28
212000031,57,25,32
212000048,38,605,-567
212000049,14,380,-366
212000050,13,7,6
212000051,446,64,382
212000052,411,86,325
212000053,270,149,121
212000054,702,36,666
212000055,824,89,735
212000056,39,31,8
212000057,11,28,-17
212000058,177,29,148
212000070,213,80,133
212000077,288,159,129
212000099,572,89,483
212000108,301,408,-107
212000111,599,58,541
212000120,108,235,-127
212000138,437,81,356
212000156,14,45,-31
212000158,6,45,-39
212000159,920,63,857
212000160,912,61,851
212000161,166,8,158
212000310,85,6,79
212000311,39,60,-21
212000374,55,7,48
213000001,5,198,-193
213000005,896,78,818
213000006,786,75,711
213000007,54,36,18
213000009,364,155,209
213000010,497,90,407
213000011,363,26,337
213000012,212,94,118
213000014,99,40,59
213000015,281,12,269
213000016,402,13,389
213000017,45,0,45
213000018,0,4,-4
213000019,0,46,-46
213000020,122,50,72
213000021,2,18,-16
213000023,648,197,451
213000033,384,1052,-668
213000034,492,88,404
213000035,328,507,-179
213000045,166,216,-50
213000046,56,55,1
213000047,172,749,-577
213000056,315,4,311
213000069,341,48,293
213000073,1,28,-27
213000074,43,184,-141
213000075,1331,1,1330
213000076,43,13,30
213000085,0,3,-3
213000086,12,59,-47
213000091,762,16,746
213000092,20,20,0
213000099,164,815,-651
213000100,1077,223,854
213000101,1117,63,1054
213000102,1114,93,1021
213000103,637,204,433
213000104,34,129,-95
213000105,154,2193,-2039
213000106,54,172,-118
213000107,96,232,-136
213000108,47,215,-168
213000109,2,136,-134
213000110,5,36,-31
213000111,1,39,-38
213000112,39,75,-36
213000115,105,11,94
213000116,41,240,-199
213000117,4,314,-310
213000118,1350,443,907
213000119,11,250,-239
213000120,38,211,-173
213000122,93,282,-189
213000123,71,328,-257
213000124,287,504,-217
213000125,236,40,196
213000126,30,150,-120
213000127,18,140,-122
213000128,60,318,-258
213000129,112,2529,-2417
213000130,1473,896,577
213000132,1917,206,1711
213000133,1963,117,1846
213000134,2874,36,2838
213000136,813,8,805
213000137,834,25,809
213000139,561,25,536
213000147,26,21,5
213000148,8,66,-58
213000149,15,28,-13
213000150,0,1107,-1107
213000151,0,229,-229
213000152,1,244,-243
213000153,9,235,-226
213000154,186,175,11
213000155,73,151,-78
213000156,157,108,49
213000157,1271,187,1084
213000158,453,294,159
213000159,443,224,219
213000163,3053,294,2759
213000165,634,236,398
213000171,75,21,54
213000172,112,46,66
213000173,75,54,21
213000174,37,24,13
213000175,73,14,59
213000176,118,58,60
213000177,84,13,71
213000178,207,3,204
213000179,466,6,460
213000180,672,9,663
213000184,60,193,-133
213000188,987,64,923
213000189,1653,21,1632
213000190,764,259,505
213000191,1067,140,927
213000192,537,131,406
213000193,423,183,240
213000194,13,289,-276
213000195,51,122,-71
213000196,477,1709,-1232
213000197,673,1047,-374
213000198,28,0,28
213000200,169,379,-210
213000201,20,65,-45
213000202,15,221,-206
213000203,1577,225,1352
213000204,1722,43,1679
213000205,752,18,734
213000206,1359,61,1298
213000207,40,15,25
213000208,16,2,14
213000209,115,7,108
213000210,282,4,278
213000211,2,3,-1
213000212,9,47,-38
213000213,41,61,-20
213000218,455,423,32
213000219,1859,59,1800
213000220,1715,7,1708
213000223,426,80,346
213000224,24,27,-3
213000225,98,11,87
213000226,52,3,49
213000227,1918,87,1831
213000228,1265,58,1207
213000229,284,41,243
213000230,858,30,828
213000232,246,21,225
213000233,27,128,-101
213000234,1,31,-30
213000293,15,157,-142
213000294,164,82,82
213000295,32,95,-63
213000296,70,5,65
213000297,13,45,-32
213000298,19,76,-57
213000299,60,24,36
213000300,0,5,-5
213000303,1,38,-37
213000304,4,10,-6
213000305,0,23,-23
213000306,38,266,-228
213000307,129,126,3
213000308,66,110,-44
213000309,286,31,255
213000310,336,144,192
213000311,130,407,-277
213000315,109,177,-68
213000316,568,69,499
213000322,17,3,14
213000323,126,27,99
213000340,90,259,-169
213000341,1915,62,1853
213000346,75,240,-165
213000347,186,728,-542
213000348,0,86,-86
213000349,3,20,-17
213000350,214,599,-385
213000366,134,128,6
213000367,576,5,571
213000379,35,51,-16
213000386,29,34,-5
213000406,274,84,190
213000417,2255,660,1595
213000425,476,40,436
213000426,289,10,279
213000427,100,44,56
213000428,93,42,51
213000429,1,20,-19
213000430,135,131,4
213000431,15,1,14
213000432,1,73,-72
213000433,28,38,-10
213000434,247,30,217
213000435,158,28,130
213000439,76,43,33
213000441,24,18,6
213000443,615,263,352
213000445,0,59,-59
213000446,0,34,-34
213000447,0,95,-95
213000448,18,56,-38
213000449,1541,4,1537
213000450,22,29,-7
213000451,605,15,590
213000452,28,6,22
213000453,10,153,-143
213000455,87,13,74
213000456,0,110,-110
213000481,3,0,3
213000482,45,0,45
213000489,206,114,92
213000491,9,379,-370
213000492,76,2,74
213000493,2,386,-384
213000494,293,31,262
213000495,0,17,-17
213000496,694,79,615
213000497,36,125,-89
213000498,95,64,31
213000499,182,63,119
213000500,926,12,914
213000501,354,42,312
213000502,88,23,65
213000503,0,76,-76
213000504,21,73,-52
213000505,52,1,51
213000506,0,2,-2
213000507,0,34,-34
213900244,284,0,284
213900245,0,12,-12
218000003,37,18,19
218000004,79,63,16
218000005,36,46,-10
218000006,41,44,-3
218000007,12,23,-11
218000012,104,564,-460
218000013,306,264,42
218000014,400,166,234
218000019,359,238,121
218000020,303,195,108
218000040,2,6,-4
218000046,152,142,10
218000047,53,92,-39
218000048,268,84,184
218000049,40,87,-47
218000050,329,139,190
218000051,181,151,30
218000052,0,44,-44
218000053,2,16,-14
218000054,3,56,-53
218000055,11,51,-40
218000056,52,69,-17
218000057,2,55,-53
218000064,14,4,10
218000065,114,8,106
218000066,33,40,-7
218000067,191,33,158
218000068,283,39,244
218000069,642,28,614
218000070,459,170,289
218000071,226,166,60
218000072,125,147,-22
218000078,1499,285,1214
218000079,547,17,530
218000080,365,36,329
218000081,931,65,866
218000082,332,41,291
218000083,138,35,103
218000084,184,54,130
218000085,178,86,92
218000086,63,43,20
218000087,151,57,94
218000090,25,433,-408
218000091,1622,580,1042
218000092,288,28,260
218000093,167,18,149
218000094,651,195,456
218000099,341,233,108
218000100,380,147,233
218000101,356,124,232
218000102,693,77,616
218000103,203,35,168
218000104,193,30,163
218000105,41,3,38
218000106,52,1,51
218000107,209,21,188
218000108,25,26,-1
218000112,75,6,69
218000117,76,103,-27
218000134,536,240,296
218000135,3,99,-96
218000136,195,96,99
218000137,130,90,40
218000138,82,44,38
218000139,201,175,26
218000140,807,500,307
218000141,70,55,15
218000142,209,158,51
218000143,30,274,-244
218000144,7,242,-235
218000145,789,236,553
218000146,176,56,120
218000151,1,33,-32
218000152,79,35,44
218000170,0,42,-42
218000171,128,11,117
218000172,5,5,0
218000173,11,18,-7
218000174,13,18,-5
218000176,310,28,282
218000177,435,55,380
218000178,142,52,90
218000179,266,66,200
218000180,99,55,44
218000181,362,34,328
218000187,27,39,-12
218000188,42,55,-13
218000189,7,96,-89
218000190,0,9,-9
218000191,235,38,197
218000192,255,53,202
218000193,320,97,223
218000194,245,145,100
218000195,212,36,176
218000196,430,170,260
218000197,842,129,713
218000198,252,56,196
218000199,73,10,63
218000200,61,83,-22
218000201,26,3,23
218000202,52,831,-779
218000207,11,9,2
218000208,28,82,-54
218000211,28,17,11
218000213,198,157,41
218000214,1,45,-44
218000215,121,50,71
218000217,1,43,-42
218000218,320,51,269
218000219,0,81,-81
218000220,67,580,-513
218000221,1036,409,627
218000222,0,115,-115
218000223,37,371,-334
218000224,3,150,-147
218000225,185,11,174
218000226,240,31,209
218000232,84,31,53
218000239,244,2,242
218000240,2,1,1
218000241,8,1,7
218000242,15,0,15
218000243,16,1,15
218000244,21,6,15
218000245,18,14,4
218000246,0,6,-6
218000247,1,0,1
218000248,0,39,-39
218000249,0,5,-5
218000250,0,10,-10
218000251,2,35,-33
218000252,0,246,-246
218000253,1,89,-88
218000254,1,31,-30
218000255,3,6,-3
218000256,8,33,-25
218000267,636,949,-313
218000268,3,30,-27
218000269,2,19,-17
218000270,167,26,141
218000271,30,6,24
218000273,115,3,112
218000274,46,2,44
218000275,161,134,27
218000276,80,39,41
218000278,36,48,-12
218000279,111,13,98
218000280,0,14,-14
218000281,1,39,-38
218000282,674,1443,-769
218000284,89,6,83
218000301,38,77,-39
218000302,33,39,-6
218000303,0,53,-53
218000316,2090,796,1294
218000317,3736,358,3378
218000318,1929,301,1628
218000319,1861,425,1436
218000320,1646,607,1039
218000338,11,16,-5
218000345,227,89,138
218000346,69,173,-104
218000459,35,144,-109
218000490,23,60,-37
218000501,179,21,158
218000502,208,34,174
218000503,158,28,130
218000504,196,26,170
218000505,33,58,-25
218000506,32,71,-39
218000508,2,2,0
218000510,98,14,84
218000520,130,166,-36
218000521,15,43,-28
218000522,2,345,-343
218000523,300,3,297
218000524,1,155,-154
218000525,68,17,51
218000526,11,190,-179
218000529,107,101,6
218000531,82,10,72
218000532,74,10,64
218000534,504,7,497
218000537,28,84,-56
218000538,76,272,-196
218000540,36,111,-75
218000543,302,50,252
218000544,13,30,-17
218000545,269,40,229
218000546,74,19,55
218000547,276,68,208
218000548,89,35,54
218000549,1133,104,1029
218000550,227,82,145
218000551,111,206,-95
218000552,467,160,307
218000553,26,138,-112
218000554,10,35,-25
218000555,33,147,-114
218000556,261,308,-47
218000557,1148,147,1001
218000558,73,0,73
218000559,0,51,-51
218000560,0,19,-19
218000561,50,0,50
218000562,31,134,-103
218000563,228,13,215
218000564,2,144,-142
218000565,89,39,50
218000566,26,15,11
218000567,1,85,-84
218000568,5,0,5
218000569,2,151,-149
218000570,14,7,7
218000571,0,140,-140
218000572,211,0,211
218000573,1,81,-80
218000574,93,14,79
218000575,155,0,155
218000576,1,48,-47
218000577,181,1,180
218000578,1,56,-55
218000579,55,43,12
218000581,3,145,-142
218000582,38,3,35
218000583,19,0,19
218000584,0,41,-41
218000585,40,17,23
218000586,11,28,-17
218000587,1,2,-1
218000588,0,6,-6
218000589,1,21,-20
218000590,0,1,-1
218000591,0,25,-25
218000592,1,7,-6
218000593,5,6,-1
218000594,0,15,-15
218000597,2,8,-6
218000598,0,14,-14
218000599,1,1,0
218000600,0,1,-1
218000601,0,13,-13
218000602,0,4,-4
218000603,0,3,-3
218000604,10,0,10
218000605,0,117,-117
218000606,113,1,112
218000607,5,75,-70
218000608,76,22,54
218000609,0,97,-97
218000610,40,0,40
218000611,30,0,30
218000612,0,26,-26
218000613,48,7,41
218000614,0,68,-68
218000615,133,15,118
218000616,19,100,-81
218000617,1,7,-6
218000618,2,36,-34
218000619,27,20,7
218000620,5,129,-124
218000621,0,0,0
218000622,0,83,-83
218000623,13,0,13
218000624,0,106,-106
218000625,2,0,2
218000626,1,28,-27
218000628,486,221,265
218000631,131,31,100
218000632,0,109,-109
218000633,100,0,100
218000634,13,5,8
218000635,24,12,12
218000636,1027,289,738
218000637,1654,122,1532
218000638,497,16,481
218000639,32,39,-7
218000640,951,33,918
218000641,331,43,288
218000652,44,41,3
218000653,285,8,277
218000663,6,63,-57
218000675,28,84,-56
218000680,411,196,215
218000681,1103,95,1008
218000691,416,127,289
218000693,933,95,838
218000718,17,46,-29
218000719,80,110,-30
218000720,3,121,-118
218000721,31,4,27
218001147,1,82,-81
218001214,77,30,47
218001258,1511,2,1509
218001329,512,108,404
218001330,84,129,-45
218001351,31,13,18
218001352,49,25,24
218001353,21,21,0
218001354,27,38,-11
218001355,1,70,-69
218001356,906,276,630
218001357,5,104,-99
218001358,1261,6,1255
218001361,1612,8,1604
218001362,0,47,-47
219000001,10,24,-14
219000002,30,39,-9
219000003,67,22,45
219000004,54,151,-97
219000017,107,117,-10
219000020,296,23,273
219000022,234,6,228
219000023,129,0,129
219000029,1,161,-160
219000034,73,20,53
219000039,38,180,-142
219000040,6,75,-69
219000041,203,60,143
219000051,0,62,-62
219000052,0,50,-50
219000053,0,93,-93
219000055,405,0,405
219000056,3,0,3
219000057,48,0,48
219000062,26,124,-98
219000063,385,3,382
219000064,0,197,-197
219000110,237,334,-97
219000111,95,41,54
219000112,412,75,337
219000113,476,50,426
219000114,295,46,249
219000116,152,57,95
219000117,184,32,152
219000118,159,78,81
219000123,224,78,146
219000124,110,35,75
219000125,73,1,72
219000126,53,101,-48
219000127,0,5,-5
219000128,27,134,-107
219000129,20,89,-69
219000130,204,235,-31
219000131,1399,678,721
219000133,28,89,-61
219000134,39,69,-30
219000135,23,55,-32
219000136,57,336,-279
219000138,122,4,118
219000139,111,40,71
219000140,235,0,235
219000141,77,60,17
219000142,60,44,16
219000143,30,25,5
219000145,10,9,1
219000146,0,0,0
219000147,21,1,20
219000148,0,19,-19
219000149,3,54,-51
219000150,0,9,-9
219000151,0,1,-1
219000157,632,65,567
219000158,393,180,213
219000161,344,1,343
219000163,1812,380,1432
219000166,190,183,7
219000167,150,177,-27
219000168,379,195,184
219000174,628,107,521
219000175,255,4,251
219000176,422,21,401
219000177,157,0,157
219000178,168,0,168
219000179,158,12,146
219000180,148,14,134
219000182,186,3,183
219000183,135,7,128
219000184,199,3,196
219000185,0,1,-1
219000186,162,22,140
219000187,25,10,15
219000189,85,141,-56
219000190,114,141,-27
219000191,121,723,-602
219000192,295,202,93
219000193,309,111,198
219000195,0,199,-199
219000196,4,59,-55
219000198,33,44,-11
219000199,123,47,76
219000200,104,71,33
219000201,63,79,-16
219000203,20,38,-18
219000204,54,363,-309
219000205,16,165,-149
219000207,59,221,-162
219000209,54,42,12
219000210,20,156,-136
219000213,30,165,-135
219000239,188,191,-3
219000240,97,323,-226
219000241,67,107,-40
219000242,76,179,-103
219000243,89,189,-100
219000244,25,102,-77
219000245,8,56,-48
219000246,48,27,21
219000247,492,28,464
219000248,726,398,328
219000249,169,84,85
219000250,347,50,297
219000251,673,178,495
219000252,312,94,218
219000253,255,46,209
219000255,304,100,204
219000256,477,61,416
219000257,127,0,127
219000262,28,68,-40
219000263,82,65,17
219000267,2,61,-59
219000268,0,3,-3
219000269,5,1,4
219000270,18,0,18
219000271,521,7,514
219000278,0,0,0
219000279,0,0,0
219000283,0,13,-13
219000295,20,115,-95
219000296,66,126,-60
219000297,41,40,1
219000298,59,23,36
219000299,383,34,349
219000300,67,49,18
219000301,46,197,-151
219000302,27,109,-82
219000307,36,5,31
219000308,73,36,37
219000311,147,48,99
219000312,448,247,201
219000313,717,62,655
219000314,147,85,62
219000315,619,23,596
219000316,773,48,725
219000317,265,10,255
219000320,0,123,-123
219000321,0,27,-27
219000323,2,20,-18
219000325,0,0,0
219000326,33,19,14
219000327,9,7,2
219000328,55,11,44
219000329,521,96,425
219000330,31,10,21
219000331,55,9,46
219000332,239,62,177
219000333,116,2,114
219000335,71,0,71
219000337,2,2,0
219000338,36,1,35
219000344,18,56,-38
219000345,166,33,133
219000346,37,22,15
219000348,123,76,47
219000349,27,84,-57
219000350,46,251,-205
219000351,0,10,-10
219000352,105,77,28
219000353,417,45,372
219000354,685,56,629
219000355,209,70,139
219000356,451,899,-448
219000363,184,65,119
219000364,250,62,188
219000365,102,18,84
219000366,255,892,-637
219000368,527,400,127
219000370,1005,381,624
219000371,19,9,10
219000382,10,15,-5
219000383,289,786,-497
219000385,180,618,-438
219000386,408,1348,-940
219000387,0,1,-1
219000390,4,0,4
219000391,5,0,5
219000397,55,4,51
219000398,41,58,-17
219000401,7,88,-81
219000402,24,58,-34
219000403,49,208,-159
219000404,29,78,-49
219000407,71,29,42
219000409,35,53,-18
219000410,143,26,117
219000411,121,10,111
219000446,90,311,-221
219000447,1,15,-14
219000448,2,1,1
219000452,208,48,160
219000453,25,162,-137
219000454,486,381,105
219000556,846,68,778
219000558,109,201,-92
219000590,15,202,-187
219000591,308,63,245
219000592,74,131,-57
219000595,3,5,-2
219000635,239,25,214
219000636,61,30,31
219000657,45,6,39
219000658,27,81,-54
219000673,0,4,-4
219000676,14,0,14
219000679,26,7,19
219000684,224,0,224
219000685,0,78,-78
219000686,0,12,-12
219000688,0,76,-76
219000689,3,86,-83
219000690,199,10,189
219000691,32,66,-34
219000692,216,12,204
219000693,0,17,-17
219000694,43,0,43
219000695,98,1,97
219000698,10,0,10
219000699,0,86,-86
219000727,4,128,-124
219000728,132,0,132
219000770,20,1,19
219000771,1,51,-50
219000788,228,407,-179
219001150,1,76,-75
219001151,0,3,-3
219001166,104,91,13
219001167,2,58,-56
219001178,82,0,82
220000001,19,327,-308
220000002,3,199,-196
220000003,189,79,110
220000004,300,225,75
220000005,405,804,-399
220000006,156,347,-191
220000007,450,100,350
220000008,238,268,-30
220000009,234,301,-67
220000010,87,64,23
220000011,306,5439,-5133
220000012,10,467,-457
220000014,180,104,76
220000015,88,481,-393
220000017,42,233,-191
220000018,8158,1358,6800
220000019,208,881,-673
220000020,655,149,506
220000021,1326,323,1003
220000022,1654,228,1426
220000023,522,131,391
220000024,1062,623,439
220000025,557,1621,-1064
220000026,480,723,-243
220000027,29,308,-279
220000028,37,139,-102
220000029,18,46,-28
220000030,30,64,-34
220000031,1054,529,525
220000064,49,1027,-978
221000046,2,0,2
221000047,0,0,0
221000048,0,3,-3
221000049,0,14,-14
221000050,2,0,2
221000055,34,43,-9
221000068,149,49,100
221000069,325,15,310
221000070,343,15,328
221000071,134,4,130
221000072,512,14,498
221000073,317,23,294
221000074,0,6,-6
221000075,6,35,-29
221000076,5,23,-18
221000077,15,46,-31
221000081,61,2,59
221000082,105,15,90
221000083,22,4,18
221000084,14,2,12
221000085,4,51,-47
221000086,2,34,-32
221000087,7,67,-60
221000088,2,83,-81
221000089,15,71,-56
221000090,22,192,-170
221000098,170,15,155
221000099,451,5,446
221000100,331,1,330
221000101,444,3,441
221000103,3,18,-15
221000104,2,19,-17
221000107,83,1,82
221000108,61,24,37
221000111,6,35,-29
221000112,1,59,-58
221000113,7,49,-42
221000114,0,64,-64
221000120,8,62,-54
221000121,5,85,-80
221000122,31,54,-23
221000123,12,22,-10
221000124,46,94,-48
221000155,126,31,95
221000156,186,72,114
221000175,4,15,-11
221000176,0,2,-2
221000182,161,4,157
221000241,385,173,212
221000242,52,131,-79
221000243,623,131,492
221000244,86,334,-248
221000245,324,84,240
221000246,13,182,-169
221000247,265,159,106
221000248,88,105,-17
221000267,15,452,-437
221000325,29,142,-113
221000331,1,20,-19
221000338,4,59,-55
221000378,483,49,434
221000381,46,89,-43
222000282,0,8,-8
222000296,0,26,-26
222000568,537,14,523
222000569,198,34,164
222000570,156,20,136
222000571,587,20,567
222000577,17,50,-33
222000578,0,55,-55
222000579,5,37,-32
222000580,15,667,-652
222000599,0,47,-47
222000600,0,94,-94
222000601,0,467,-467
222000603,12,64,-52
222000604,0,163,-163
222000605,9,82,-73
222000606,0,107,-107
222000607,0,27,-27
222000608,10,27,-17
222000609,65,36,29
222000616,993,25,968
222000617,20,46,-26
222000618,2,10,-8
222000620,39,42,-3
222000621,64,29,35
222000623,834,5,829
222000624,946,3,943
222000625,1779,6,1773
222000636,92,4,88
222000686,11,87,-76
222000687,67,14,53
222001066,627,2,625
222001067,105,8,97
222001068,392,5,387
222001069,232,20,212
222001082,88,9,79
222001083,182,10,172
222001084,0,60,-60
222001085,2,469,-467
222001111,220,31,189
222001112,297,34,263
222001313,6,3,3
222001314,1,77,-76
222001464,829,34,795
222001465,33,143,-110
222001484,532,58,474
222001485,45,38,7
222001494,1572,185,1387
222001495,151,92,59
222001496,888,117,771
222001497,67,189,-122
222001502,32,27,5
222001503,453,7,446
222001504,16,88,-72
222001505,847,22,825
222001506,3,104,-101
222001507,591,10,581
222001510,1377,16,1361
222001511,23,108,-85
222001514,1075,17,1058
222001515,26,175,-149
222001518,963,10,953
222001519,9,106,-97
222001527,286,16,270
222001528,28,57,-29
222001529,645,19,626
222001530,32,58,-26
222001533,68,59,9
222001534,1317,9,1308
222001535,898,184,714
222001536,23,126,-103
222001537,620,18,602
222001538,9,84,-75
222001563,1780,41,1739
222001564,70,210,-140
222001568,202,72,130
222001576,0,1,-1
222001579,0,25,-25
222001583,16,60,-44
222001584,267,3,264
222001596,263,442,-179
222001597,2023,261,1762
222001626,0,35,-35
222001650,3,112,-109
222001651,11,167,-156
222001914,499,19,480
222001915,9,92,-83
222001968,877,216,661
222001969,286,184,102
222001970,108,112,-4
222001971,172,7,165
222001972,16,1,15
225000001,647,68,579
225000002,1598,97,1501
225000003,1648,58,1590
225000004,1119,152,967
225000005,94,27,67
225000006,0,144,-144
225000007,882,1205,-323
225000010,350,20,330
225000011,326,2204,-1878
225000012,358,937,-579
225000013,237,78,159
225000014,756,73,683
225000015,111,206,-95
225000021,1015,118,897
225000027,328,274,54
225000032,1005,108,897
225000042,151,243,-92
225000049,24,73,-49
225000050,244,35,209
225000053,1,96,-95
225000058,824,154,670
225000067,278,84,194
225000068,181,229,-48
225000069,76,284,-208
225000070,183,233,-50
225000071,54,47,7
225000075,45,895,-850
225000076,151,53,98
225000078,65,23,42
225000085,199,22,177
225000086,686,18,668
225000087,114,12,102
225000088,6,123,-117
225000089,39,105,-66
225000090,32,137,-105
225000091,32,30,2
225000092,54,105,-51
225000093,434,122,312
225000094,11,80,-69
225000095,327,170,157
225000096,119,122,-3
225000098,1386,127,1259
225000099,888,55,833
225000100,1086,68,1018
225000104,134,374,-240
225000110,39,226,-187
225000111,386,282,104
225000112,577,737,-160
225000113,261,1318,-1057
225000114,119,716,-597
225000115,1399,823,576
225000116,410,115,295
225000117,664,449,215
225000118,1226,327,899
225000119,795,79,716
225000120,1201,67,1134
225000121,246,26,220
225000123,862,10,852
225000125,711,357,354
225000126,916,298,618
225000127,552,4510,-3958
225000128,485,1613,-1128
225000132,781,12,769
225000133,394,4,390
225000134,1024,120,904
225000135,147,11,136
225000136,498,10,488
225000137,588,119,469
225000138,741,141,600
225000143,82,208,-126
225000144,10,242,-232
225000145,22,30,-8
225000146,104,39,65
225000147,18,20,-2
225000148,1,19,-18
225000149,44,111,-67
225000151,33,52,-19
225000155,105,100,5
225000156,282,1172,-890
225000157,643,380,263
225000158,33,117,-84
225000171,10,144,-134
225000180,10,3,7
225000181,0,189,-189
225000182,94,1,93
225000185,9,333,-324
225000187,93,277,-184
225000191,68,0,68
225000194,1,21,-20
225000208,0,42,-42
225000209,96,7,89
225000210,0,102,-102
225000217,0,19,-19
225000218,50,1,49
225000223,1,756,-755
225000224,18,4,14
225000225,1,355,-354
225000226,51,6,45
225000227,84,198,-114
225000228,8,21,-13
225000229,1,76,-75
225000230,28,0,28
225000231,0,10,-10
225000232,263,0,263
225000241,59,1,58
225000242,0,32,-32
225000249,6,1,5
225000250,37,167,-130
225000251,840,113,727
226000042,207,261,-54
226000043,15,172,-157
226000044,155,489,-334
226000045,47,255,-208
226000046,1191,120,1071
226000047,879,144,735
226000048,634,133,501
226000049,825,351,474
226000070,0,11,-11
226000071,1,44,-43
226000072,0,13,-13
226000073,0,1,-1
226000074,0,4,-4
226000084,4,228,-224
226000085,1,181,-180
226000086,1,43,-42
226000087,1,66,-65
226000088,3,21,-18
226000090,997,308,689
226000091,2,138,-136
226000092,0,7,-7
226000093,12,9,3
226000094,5,19,-14
226000095,15,78,-63
226000105,5,1,4
226000106,12,0,12
226000107,7,0,7
226000108,44,2,42
226000109,453,0,453
226000124,285,101,184
226000134,1566,431,1135
226000135,3043,706,2337
226000136,1226,348,878
226000137,10,145,-135
226000138,1,42,-41
226000139,0,48,-48
226000156,617,5,612
226000157,596,14,582
226000163,58,92,-34
226000202,3,65,-62
226000231,1947,11,1936
226000232,60,0,60
227000033,609,14,595
227000036,1153,16,1137
227000037,1242,41,1201
227000038,391,47,344
227000049,0,97,-97
227000050,0,197,-197
227000055,117,6,111
227000056,14,2,12
227000084,6,136,-130
227000085,3,129,-126
227000088,101,2,99
227000089,51,0,51
227000090,40,0,40
227000091,81,1,80
227000093,182,4,178
227000094,13,0,13
227000130,92,201,-109
227000131,39,171,-132
227000132,56,60,-4
227000133,26,103,-77
227000134,81,86,-5
227000152,0,4,-4
227000153,0,133,-133
227000155,5,38,-33
227000156,2,23,-21
227000165,2,99,-97
227000196,717,65,652
227000199,816,99,717
227000230,2,146,-144
227000232,1130,38,1092
227000242,65,260,-195
227000243,481,40,441
227000245,68,155,-87
227000246,68,139,-71
227000247,859,12,847
227000248,319,86,233
227000249,12,204,-192
227000250,443,406,37
227000251,111,362,-251
227000252,80,144,-64
227000253,460,18,442
227000262,925,24,901
227000266,3188,41,3147
227000267,11,476,-465
227000282,3,57,-54
227000284,1095,17,1078
227000286,15,27,-12
227000287,12,39,-27
227000291,6,80,-74
227000484,83,6,77
227000485,6,145,-139
227000655,410,14,396
227000656,712,8,704
227000657,163,5,158
227000661,137,29,108
227000680,127,111,16
229000265,62,38,24
229000296,0,80,-80
229000297,10,56,-46
229000298,8,236,-228
229000320,34,2,32
229000321,37,8,29
229000412,12,64,-52
229000414,35,63,-28
229000415,15,17,-2
229000416,0,1,-1
229000417,3,5,-2
229000419,147,196,-49
229000440,368,68,300
229000442,26,0,26
229000443,4,0,4
229000444,0,27,-27
229000445,142,13,129
229000446,50,50,0
229000847,105,0,105
229000848,105,0,105
229000849,203,0,203
229000851,332,0,332
229000854,0,14,-14
229000856,1,106,-105
229000857,0,26,-26
229000858,0,31,-31
229000919,0,14,-14
229000930,4,13,-9
229000937,119,7,112
229000966,133,51,82
229000981,8,12,-4
229000985,17,5,12
229000986,0,1,-1
229000987,0,6,-6
229000988,1,4,-3
229000989,10,24,-14
229000990,0,20,-20
229000991,2,0,2
229000992,39,1,38
229000993,311,25,286
229000998,4,75,-71
229000999,92,3,89
229001034,0,60,-60
229001035,26,5,21
229001037,82,1,81
229001042,10,4,6
229001047,2,68,-66
229001050,92,46,46
229001200,73,0,73
229001338,0,7,-7
229001394,471,0,471
229001422,220,27,193
229001423,3,31,-28
229001431,58,28,30
229001432,6,18,-12
229001444,292,47,245
229001445,114,94,20
229001503,679,34,645
229001504,48,33,15
229001505,264,31,233
229001506,14,41,-27
229001509,52,7,45
229001545,115,32,83
229001546,0,12,-12
229001553,91,7,84
229001554,3,14,-11
229001559,5,1,4
229001560,0,39,-39
229001630,126,2,124
229001631,4,52,-48
229001635,0,6,-6
229001636,0,0,0
229001658,0,16,-16
229001659,48,9,39
229001660,2,11,-9
229001661,0,97,-97
229001662,18,0,18
229001663,0,11,-11
229002584,250,231,19
229002831,106,117,-11
229002841,11,51,-40
229002842,50,65,-15
229002843,60,30,30
229002844,9,110,-101
229002845,2,203,-201
229002846,6,54,-48
229002847,4,14,-10
229002848,6,36,-30
229002849,0,152,-152
229002850,6,23,-17
229002851,28,212,-184
229002852,96,74,22
229002853,61,23,38
229002854,17,67,-50
229002855,4,90,-86
229002856,90,54,36
229002857,13,77,-64
229002858,9,18,-9
229002859,30,31,-1
229002860,29,26,3
229002861,82,82,0
229002862,10,62,-52
229002863,1,7,-6
229002864,44,68,-24
229002865,2,10,-8
229002866,2,22,-20
229002867,0,27,-27
229002868,7,16,-9
229002869,5,60,-55
229002870,62,4,58
235000066,256,45,211
235000067,134,52,82
235000072,2,2,0
235000073,6,10,-4
235000074,30,5,25
235000080,6,48,-42
235000081,37,46,-9
235000082,481,51,430
235000083,438,52,386
235000084,58,75,-17
235000085,196,103,93
235000089,88,15,73
235000092,1,5,-4
235000093,0,0,0
235000097,1,2,-1
235000098,135,1,134
235000099,35,22,13
235000116,16,13,3
235000117,569,22,547
235000133,1,20,-19
235000134,6,13,-7
235000206,4,5,-1
235000207,0,1,-1
235000208,0,1,-1
235000209,1,7,-6
235000210,0,0,0
235000212,1,15,-14
235000213,1,2,-1
235000220,1,1,0
235000221,1,34,-33
235000238,11,323,-312
235000239,0,35,-35
235000242,249,1585,-1336
235000245,384,166,218
235000246,45,66,-21
235000284,9,78,-69
235000295,74,1,73
235000305,382,3,379
235000306,611,2,609
235000307,54,0,54
235000308,7,0,7
235000309,72,2,70
235000310,36,0,36
235000311,65,77,-12
235000322,0,78,-78
235000323,0,33,-33
235000324,0,58,-58
235000325,9,47,-38
235000326,21,82,-61
235000351,0,79,-79
235000352,5,42,-37
235000353,3,24,-21
235000354,14,18,-4
235000355,4,82,-78
235000356,83,3,80
235000357,40,9,31
235000358,35,5,30
235000359,37,2,35
235000360,71,10,61
235000361,123,0,123
235000381,53,39,14
235000382,171,29,142
235000390,2,0,2
235000391,187,12,175
235000392,206,173,33
235000393,145,155,-10
235000395,81,37,44
235000396,510,41,469
235000400,28,104,-76
235000401,20,114,-94
235000405,137,34,103
235000406,25,43,-18
235000407,53,40,13
235000409,142,42,100
235000410,75,79,-4
235000411,1,60,-59
235000485,0,0,0
235000486,0,0,0
235000549,145,150,-5
235000550,29,21,8
235000599,30,5,25
235000600,1,1,0
235000601,10,33,-23
235000602,159,65,94
235000614,2,0,2
235000648,0,0,0
235000649,23,4,19
235000685,0,1,-1
235000815,9,26,-17
235000834,0,28,-28
235000855,61,39,22
235000862,19,17,2
235000891,0,0,0
235000892,4,0,4
235000901,14,8,6
235000907,2,5,-3
235001010,150,70,80
235001029,118,91,27
235001030,191,70,121
235001078,90,65,25
235001079,55,26,29
235001147,42,60,-18
235001166,0,22,-22
235001167,8,3,5
235001169,107,146,-39
235001188,0,8,-8
235001189,0,4,-4
235001197,2,22,-20
235001200,10,4,6
235001207,784,48,736
235001210,192,156,36
235001215,4,62,-58
235001239,0,0,0
235001244,0,21,-21
235016267,0,153,-153
277102712,0,0,0
277103813,0,0,0
277103814,0,0,0
277104249,0,1,-1
277104250,0,34,-34
277104251,0,4,-4
277104252,0,8,-8
990011530,0,173,-173
990014944,0,96,-96
990015176,8,1,7
990015618,12,58,-46
990016032,0,256,-256
990032570,0,19,-19
990070001,115,3,112
990070103,0,1,-1
990070601,0,4,-4
990070751,3195,2,3193
990070766,0,80,-80
990071180,453,113,340
990071343,11,0,11
990071387,5,5,0
990071823,21,1,20
990072600,0,425,-425
990072964,0,111,-111
990073285,0,0,0
990074393,0,271,-271
990074870,3131,71,3060
990075106,485,1,484
990075746,661,53,608
990076437,6337,20,6317
990076458,1,318,-317
997000007,384,2,382
997000041,0,189,-189
997000058,78,0,78
997000062,78,54,24
997000069,0,0,0
997000070,0,24,-24
997000100,214,0,214
997000141,0,187,-187
997000198,40,268,-228
998000475,0,0,0
998000736,0,451,-451
998000965,0,39,-39
998001031,1,136,-135
998001700,0,47,-47
998001899,0,0,0
998001900,7,0,7
998003073,1919,3,1916
998101900,0,0,0
998102850,1,85,-84
998501927,256,804,-548
998501929,212,1,211
998501930,72,16,56
998501931,207,15,192
998501932,34,0,34
998501933,61,1,60
998501937,79,49,30
998501944,8,1,7
998501950,0,1,-1
998501970,309,4,305
998501971,0,166,-166
998501973,0,7,-7
998501974,0,68,-68
998501975,124,16,108
998501976,614,2,612
998501977,0,18,-18
998501978,2,0,2
998501979,0,2,-2
998501980,272,3,269
998501981,75,0,75
998501982,0,85,-85
998501983,0,1,-1
998502006,0,0,0
998502024,0,1,-1
998502032,0,3,-3
998502062,3,0,3
998502063,0,0,0
998502173,22,1,21
998502269,0,3,-3
998502546,1,331,-330
998502578,1,0,1
998502599,12,1036,-1024
998502621,2,0,2
998601159,0,9,-9
998601292,0,12,-12
999033574,1,196,-195
999800001,77,51,26
999800002,0,1,-1
999800003,2,1,1
999800004,0,1,-1
999800005,0,20,-20
