ID,insum,outsum,diff
100000001,896,641,255
100000002,4179,5726,-1547
100000003,3720,5822,-2102
100000004,249,1158,-909
100000005,2596,3949,-1353
100000006,432,337,95
100000007,2247,897,1350
100000008,83,819,-736
100000009,381,358,23
100000010,33,76,-43
100000011,525,126,399
100000012,42,711,-669
100000013,26,217,-191
100000014,227,280,-53
100000015,1312,1960,-648
100000016,508,1934,-1426
100000017,522,1687,-1165
100000018,904,898,6
100000019,3227,2603,624
100000020,1172,5372,-4200
100000021,4656,1880,2776
100000022,709,3709,-3000
100000023,4032,1480,2552
100000025,383,2004,-1621
100000028,431,1826,-1395
100000029,30,921,-891
100000030,33,60,-27
100000031,2038,6621,-4583
100000032,1609,4189,-2580
100000033,1116,3577,-2461
100000034,160,1715,-1555
100000035,780,1315,-535
100000036,642,1717,-1075
100000037,632,418,214
100000038,2081,1037,1044
100000039,282,356,-74
100000040,243,171,72
100000041,1251,650,601
100000042,1028,443,585
100000043,622,559,63
100000044,153,767,-614
100000045,304,601,-297
100000046,363,580,-217
100000047,150,253,-103
100000048,233,590,-357
100000049,1380,920,460
100000051,532,437,95
100000053,70,7,63
100000054,295,28,267
100000055,474,336,138
100000056,378,732,-354
100000057,1693,601,1092
100000058,595,611,-16
100000059,5,242,-237
100000060,646,262,384
100000061,1629,603,1026
100000062,1271,760,511
100000063,706,342,364
100000064,1029,660,369
100000065,239,821,-582
100000066,171,467,-296
100000067,197,429,-232
100000068,329,1057,-728
100000069,279,1033,-754
100000072,167,376,-209
100000073,806,790,16
100000075,739,190,549
100000076,1237,4961,-3724
100000077,100,449,-349
100000078,9,63,-54
100000079,16,68,-52
100000080,12,86,-74
100000081,73,236,-163
100000102,3116,6865,-3749
100000103,1366,2152,-786
100000104,2833,2159,674
100000105,1036,1895,-859
100000106,769,3954,-3185
100000107,100,1534,-1434
100000108,161,980,-819
100000109,654,1699,-1045
100000116,352,563,-211
100000117,60,267,-207
100000118,430,1148,-718
100000119,759,1102,-343
100000121,235,639,-404
100000122,412,2313,-1901
100000123,1025,2935,-1910
100000124,1911,3028,-1117
100000125,6074,2138,3936
100000126,552,1077,-525
100000127,885,988,-103
100000128,701,2591,-1890
100000129,257,902,-645
100000130,539,204,335
100000131,717,1397,-680
100000132,767,1609,-842
100000133,1275,958,317
100000135,737,1419,-682
100000139,124,685,-561
100000140,100,167,-67
100000142,463,596,-133
100000143,1271,381,890
100000144,1617,666,951
100000147,1420,4066,-2646
100000150,76,567,-491
100000151,548,2598,-2050
100000153,70,566,-496
100000154,22,555,-533
100000155,9,74,-65
100000156,240,409,-169
100000157,376,312,64
100000158,222,255,-33
100000159,130,1425,-1295
100000165,561,629,-68
100000169,21,1557,-1536
100000174,226,1184,-958
100000179,64,894,-830
100000180,407,2322,-1915
100000181,250,435,-185
100000188,91,197,-106
100000189,841,436,405
100000190,418,1851,-1433
100000191,827,806,21
100000192,19,124,-105
100000193,186,269,-83
100000330,590,1004,-414
100000355,173,744,-571
100000362,1927,931,996
100000363,5930,6924,-994
100000364,82,396,-314
100000365,5815,10091,-4276
100000366,1789,1243,546
100000367,4546,7211,-2665
100000368,2228,888,1340
100000369,523,2156,-1633
100000370,144,955,-811
100000376,66,230,-164
100000379,768,2804,-2036
100000380,2960,7252,-4292
100000384,4887,7490,-2603
100000385,1033,4365,-3332
100000386,2285,7201,-4916
100000387,2680,7262,-4582
100000388,1612,5179,-3567
100000389,3016,6751,-3735
100000390,2616,4915,-2299
100000391,1965,8176,-6211
100000392,992,3450,-2458
100000393,692,5742,-5050
100000394,2767,6986,-4219
100000395,1269,6070,-4801
100000396,1942,2857,-915
100000397,1943,8413,-6470
100000398,5826,4166,1660
100000413,2,3,-1
100900002,10,7,3
100900003,387,292,95
100900004,23,651,-628
100900005,103,44,59
100900006,20,39,-19
100900007,160,6,154
100900008,2,394,-392
100900009,32,90,-58
100900010,30,13,17
100900011,185,102,83
100900012,0,78,-78
100900013,957,9,948
100900014,2,2,0
100900015,43,34,9
100900016,2,21,-19
100900017,807,43,764
100900018,2,9,-7
100900019,20,51,-31
100900020,372,6,366
100900021,274,2,272
100900022,3,26,-23
100900023,0,18,-18
100900024,404,2,402
100900025,7,8,-1
100900026,99,68,31
100900027,451,2002,-1551
100900028,117,483,-366
100900029,107,8,99
100900030,3,418,-415
100900031,662,16,646
100900032,440,0,440
100900033,95,403,-308
100900034,1155,4,1151
100900035,155,0,155
100900036,8,0,8
100900037,141,83,58
100900038,45,142,-97
100900039,174,231,-57
100900040,782,240,542
100900041,811,243,568
100900042,712,2048,-1336
100900043,0,46,-46
100900044,904,574,330
100900045,3,2,1
100900046,858,30,828
100900047,660,90,570
100900048,107,44,63
100900049,55,71,-16
100900050,8,4,4
100900051,12,123,-111
100900052,186,19,167
100900053,654,19,635
100900054,7,45,-38
100900055,236,955,-719
100900056,31,76,-45
100900057,2101,744,1357
100900058,110,56,54
100900059,122,8,114
100900060,253,3,250
100900061,170,166,4
100900062,3,45,-42
100900063,247,764,-517
100900064,411,25,386
100900065,77,159,-82
100900066,210,189,21
100900067,5,5,0
100900068,135,70,65
100900069,131,8,123
100900070,498,5,493
100900071,246,101,145
100900072,0,77,-77
100900073,119,209,-90
100900074,0,35,-35
100900075,1320,154,1166
100900076,1,29,-28
100900077,51,15,36
100900078,91,171,-80
100900079,5,82,-77
100900080,46,91,-45
100900081,15,91,-76
100900082,156,188,-32
100900083,12,52,-40
100900085,9,485,-476
100900086,55,312,-257
100900088,149,179,-30
100900089,1,24,-23
100900090,90,1008,-918
100900091,0,7,-7
100900092,73,111,-38
100900093,282,345,-63
100900094,114,155,-41
100900095,1,45,-44
100900096,36,313,-277
100900097,15,0,15
100900098,12,19,-7
100900099,10,343,-333
100900100,6,369,-363
100900101,133,70,63
100900102,0,37,-37
100900103,13,19,-6
100900104,11,261,-250
100900105,7,610,-603
100900106,19,3,16
100900107,2077,938,1139
100900108,4,8,-4
100900109,11,51,-40
100900110,3,15,-12
100900111,17,208,-191
100900112,3,43,-40
100900113,21,6,15
100900114,5,16,-11
100900115,5,19,-14
100900116,870,345,525
100900117,174,940,-766
100900118,11,8,3
100900119,7,25,-18
100900120,12,1,11
100900121,253,311,-58
100900122,85,77,8
100900123,122,95,27
100900124,0,7,-7
100900125,18,45,-27
100900126,340,72,268
100900127,2,5,-3
100900128,84,526,-442
100900129,1,295,-294
100900131,12,114,-102
100900133,90,32,58
100900134,11,2,9
100900135,2,677,-675
100900137,262,171,91
100900138,278,333,-55
100900139,3,21,-18
100900140,2,199,-197
100900141,4,696,-692
100900142,1,6,-5
100900143,288,600,-312
100900144,8,2,6
100900145,43,215,-172
100900146,4,15,-11
100900147,16,1542,-1526
100900148,58,159,-101
100900149,34,316,-282
100900150,0,14,-14
100900151,88,355,-267
100900152,158,10,148
100900153,1,223,-222
100900154,3,120,-117
100900155,13,9,4
100900156,23,2,21
100900157,9,445,-436
100900159,2,51,-49
100900160,15,32,-17
100900161,34,4,30
100900162,18,287,-269
100900163,76,57,19
100900164,51,28,23
100900165,20,24,-4
100900166,6,2,4
100900167,24,73,-49
100900168,15,172,-157
100900169,60,553,-493
100900170,7,2,5
100900171,6,347,-341
100900172,2,36,-34
100900173,3,83,-80
100900174,19,21,-2
100900176,1626,183,1443
100900177,339,222,117
100900178,153,220,-67
100900179,278,272,6
100900180,1,0,1
100900181,35,42,-7
100900182,73,14,59
100900184,10,67,-57
100900186,348,230,118
100900187,41,61,-20
100900188,12,19,-7
100900189,2006,164,1842
100900191,396,1270,-874
100900192,95,511,-416
100900195,90,209,-119
100900197,25,54,-29
100900198,25,48,-23
100900199,6,1,5
100900200,582,328,254
100900201,44,445,-401
100900202,33,0,33
100900203,3,137,-134
100900204,50,670,-620
100900205,122,594,-472
100900206,237,129,108
100900207,193,156,37
100900210,83,212,-129
100900211,435,152,283
100900213,132,33,99
100900214,305,105,200
100900215,19,58,-39
100900217,79,119,-40
101000001,1629,1842,-213
101000002,6502,6956,-454
101000003,317,776,-459
101000004,5338,5232,106
101000005,1712,3546,-1834
101000006,4916,8138,-3222
101000007,2360,4565,-2205
101000008,1431,2911,-1480
101000009,2378,759,1619
101000010,718,655,63
101000011,1185,298,887
101000012,290,535,-245
101000013,548,1127,-579
101000014,233,371,-138
101000015,1962,1392,570
101000016,220,782,-562
101000017,228,538,-310
101000018,1059,4185,-3126
101000020,1348,1160,188
101000021,420,996,-576
101000022,29,164,-135
101000023,913,954,-41
101000025,326,573,-247
101000026,266,31,235
101000027,1734,4313,-2579
101000028,931,405,526
101000029,77,1355,-1278
101000030,591,153,438
101000031,107,755,-648
101000032,1868,4626,-2758
101000033,960,5014,-4054
101000034,805,2912,-2107
101000035,394,392,2
101000036,610,2427,-1817
101000037,986,3537,-2551
101000039,1638,3355,-1717
101000040,2275,5688,-3413
101000041,1781,6252,-4471
101000042,65,889,-824
101000043,2646,6855,-4209
101000045,237,849,-612
101000046,677,2016,-1339
101000047,731,4156,-3425
101000048,415,368,47
101000049,468,1934,-1466
101000050,568,1808,-1240
101000051,594,2136,-1542
101000052,1000,1229,-229
101000053,546,1431,-885
101000054,1461,893,568
101000055,750,1956,-1206
101000056,35,203,-168
101000057,683,1802,-1119
101000058,690,1634,-944
101000059,1586,2265,-679
101000060,1648,1047,601
101000061,334,1976,-1642
101000062,238,779,-541
101000063,186,2017,-1831
101000064,387,1371,-984
101000065,222,1142,-920
101000066,337,1650,-1313
101000067,451,1052,-601
101000068,99,390,-291
101000069,125,73,52
101000070,415,690,-275
101000071,2316,1089,1227
101000072,506,2228,-1722
101000073,501,1238,-737
101000074,1752,3003,-1251
101000075,1500,3433,-1933
101000077,1348,1425,-77
101000078,543,994,-451
101000079,912,1097,-185
101000080,1014,1166,-152
101000081,1584,1558,26
101000082,1810,1927,-117
101000083,3339,2313,1026
101000084,849,497,352
101000085,1249,1140,109
101000086,861,1285,-424
101000087,826,807,19
101000088,1727,1043,684
101000089,972,1562,-590
101000090,1489,803,686
101000091,519,422,97
101000092,2759,743,2016
101000093,1405,522,883
101000094,1086,782,304
101000095,578,359,219
101000096,795,273,522
101000097,281,673,-392
101000098,492,779,-287
101000099,457,899,-442
101000100,608,994,-386
101000101,215,616,-401
101000102,350,1009,-659
101000103,376,904,-528
101000104,219,1150,-931
101000105,207,453,-246
101000106,226,1078,-852
101000107,278,499,-221
101000108,575,102,473
101000109,677,107,570
101000110,26,149,-123
101000111,47,149,-102
101000113,151,822,-671
101000114,2168,7762,-5594
101000115,40,46,-6
101000116,28,30,-2
101000117,1183,147,1036
101000119,21,62,-41
101000120,92,90,2
101000121,40,68,-28
101000122,77,106,-29
101000123,26,93,-67
101000124,585,464,121
101000125,131,210,-79
101000128,176,973,-797
101000130,159,177,-18
101000131,1314,363,951
101000132,702,510,192
101000135,8,32,-24
101000136,132,187,-55
101000137,27,531,-504
101000141,488,4153,-3665
101000147,1164,335,829
101000148,688,25,663
101000149,62,207,-145
101000150,137,260,-123
101000151,344,21,323
101000152,327,331,-4
101000153,298,132,166
101000154,376,392,-16
101000155,483,163,320
101000156,62,386,-324
101000157,93,60,33
101000160,7,30,-23
101000163,88,591,-503
101000164,341,132,209
101000165,260,527,-267
101000166,197,235,-38
101000168,967,704,263
101000252,2334,1065,1269
101000254,27,56,-29
101000258,97,12,85
101000261,99,103,-4
101000262,968,4899,-3931
101000263,219,1406,-1187
101000265,59,753,-694
101000266,234,142,92
101000269,10,21,-11
101000290,258,2964,-2706
101000293,12,95,-83
101000294,546,499,47
101000295,259,229,30
101000301,185,572,-387
101000304,1811,3173,-1362
101000305,2559,950,1609
101000328,96,500,-404
101900001,36,48,-12
101900002,0,2,-2
101900003,10,178,-168
101900004,1,300,-299
101900005,1021,3394,-2373
101900006,1609,68,1541
101900007,426,213,213
101900008,24,249,-225
101900009,23,385,-362
101900010,475,639,-164
101900011,73,978,-905
101900012,286,82,204
101900013,376,87,289
101900017,9,103,-94
101900018,636,245,391
101900019,84,196,-112
101900020,42,22,20
101900021,0,53,-53
101900022,195,430,-235
101900023,180,104,76
101900026,125,37,88
101900027,20,100,-80
102000001,2772,5655,-2883
102000002,2134,1430,704
102000003,2278,6302,-4024
102000004,3015,2208,807
102000005,1097,3420,-2323
102000006,527,1355,-828
102000007,1761,4432,-2671
102000008,3699,1308,2391
102000009,6650,8703,-2053
102000010,2963,2202,761
102000011,4741,4723,18
102000012,3084,2498,586
102000018,2757,3021,-264
102000019,2222,1503,719
102000026,582,368,214
102000029,230,278,-48
102000030,182,344,-162
102000031,74,124,-50
102000032,543,367,176
102000033,322,313,9
102000034,370,374,-4
102000035,1547,503,1044
102000036,11,257,-246
102000037,301,41,260
102000038,117,867,-750
102000039,112,275,-163
102000040,141,487,-346
102000041,32,1168,-1136
102000042,69,630,-561
102000043,50,583,-533
102000044,395,1373,-978
102000045,526,876,-350
102000046,1100,757,343
102000047,667,734,-67
102000048,564,626,-62
102000049,906,1347,-441
102000050,1058,1466,-408
102000051,186,912,-726
102000052,1067,1462,-395
102000053,622,1891,-1269
102000054,965,880,85
102000055,1433,253,1180
102000056,1646,260,1386
102000057,1855,397,1458
102000058,1007,756,251
102000059,1001,1396,-395
102000060,903,929,-26
102000061,1496,1597,-101
102000062,2186,875,1311
102000063,1244,1269,-25
102000064,671,635,36
102000065,21,147,-126
102000066,719,967,-248
102000067,4215,3369,846
102000068,9034,3501,5533
102000069,101,3133,-3032
102000070,1733,53,1680
102000071,7510,10053,-2543
102000072,2192,4460,-2268
102000073,573,436,137
102000074,630,650,-20
102000075,184,191,-7
102000076,308,200,108
102000077,628,321,307
102000078,1426,325,1101
102000079,203,137,66
102000080,369,231,138
102000081,241,1067,-826
102000082,631,320,311
102000083,776,131,645
102000084,624,216,408
102000085,2725,629,2096
102000086,1591,770,821
102000087,625,990,-365
102000088,442,234,208
102000089,1324,306,1018
102000090,384,941,-557
102000091,1371,518,853
102000092,276,498,-222
102000093,1236,541,695
102000094,459,354,105
102000095,762,725,37
102000096,378,416,-38
102000097,645,421,224
102000098,298,758,-460
102000099,1021,1073,-52
102000100,201,1568,-1367
102000101,448,687,-239
102000102,615,1011,-396
102000103,3731,460,3271
102000104,886,338,548
102000105,285,609,-324
102000106,857,431,426
102000107,1996,215,1781
102000108,601,188,413
102000109,658,400,258
102000110,1541,601,940
102000111,13,437,-424
102000112,72,139,-67
102000113,40,29,11
102000114,915,326,589
102000115,234,320,-86
102000116,217,613,-396
102000117,83,1205,-1122
102000118,891,1759,-868
102000119,903,1991,-1088
102000120,250,503,-253
102000121,704,316,388
102000122,496,993,-497
102000123,990,610,380
102000124,1154,1359,-205
102000125,303,510,-207
102000126,341,830,-489
102000127,871,424,447
102000128,602,975,-373
102000129,1087,433,654
102000130,650,683,-33
102000131,662,433,229
102000132,291,463,-172
102000133,3004,1379,1625
102000134,955,690,265
102000135,1028,654,374
102000136,1328,422,906
102000137,366,1147,-781
102000138,194,381,-187
102000139,63,1001,-938
102000140,91,1868,-1777
102000141,146,261,-115
102000142,317,249,68
102000143,345,176,169
102000144,418,172,246
102000145,406,263,143
102000146,379,290,89
102000147,494,326,168
102000148,304,459,-155
102000149,224,120,104
102000150,605,65,540
102000151,108,111,-3
102000152,300,170,130
102000153,928,881,47
102000154,185,487,-302
102000155,40,899,-859
102000156,208,241,-33
102000157,50,1334,-1284
102000158,319,434,-115
102000159,1702,1050,652
102000161,1876,1687,189
102000162,125,210,-85
102000163,137,452,-315
102000164,567,812,-245
102000165,190,174,16
102000166,66,177,-111
102000167,186,275,-89
102000168,141,169,-28
102000169,94,437,-343
102000170,760,116,644
102000171,73,41,32
102000172,31,246,-215
102000173,433,276,157
102000174,112,57,55
102000175,47,92,-45
102000176,53,18,35
102000178,264,517,-253
102000179,407,216,191
102000180,1100,228,872
102000181,1056,270,786
102000182,514,291,223
102000183,1872,881,991
102000184,2184,615,1569
102000185,3107,730,2377
102000186,2146,1043,1103
102000187,1320,887,433
102000188,1355,1095,260
102000189,1687,374,1313
102000190,480,2179,-1699
102000191,1045,263,782
102000192,2226,1720,506
102000193,118,84,34
102000194,60,178,-118
102000195,495,365,130
102000196,258,220,38
102000197,905,224,681
102000198,197,425,-228
102000199,1312,151,1161
102000200,218,441,-223
102000201,1334,296,1038
102000202,29,141,-112
102000203,414,156,258
102000204,579,495,84
102000205,1160,481,679
102000206,731,276,455
102000207,529,476,53
102000208,388,526,-138
102000209,58,97,-39
102000210,485,387,98
102000211,573,201,372
102000212,405,13,392
102000213,12,133,-121
102000214,375,7,368
102000215,13,171,-158
102000216,73,70,3
102000217,8,85,-77
102000218,317,202,115
102000219,187,145,42
102000225,312,596,-284
102000226,263,380,-117
102000227,118,0,118
102000228,0,145,-145
102000229,49,45,4
102000230,330,302,28
102000231,267,254,13
102000232,74,240,-166
102000233,1110,370,740
102000234,101,954,-853
102000236,249,92,157
102000237,552,435,117
102000238,248,383,-135
102000240,426,1027,-601
102000241,285,73,212
102000243,18,30,-12
102000245,15,95,-80
102000246,6,52,-46
102000247,354,426,-72
102000248,494,864,-370
102000249,192,123,69
102000250,50,142,-92
102000254,322,130,192
102000266,5,898,-893
102000271,40,9,31
102000286,460,263,197
102000297,1949,1185,764
102000301,0,0,0
102000303,0,0,0
102000305,0,0,0
102000307,0,7,-7
102900001,861,519,342
102900002,323,48,275
102900003,83,174,-91
102900005,427,183,244
102900006,462,33,429
102900007,759,11,748
102900008,235,10,225
102900009,314,445,-131
102900010,135,1115,-980
102900011,1010,359,651
102900012,574,89,485
102900013,69,41,28
102900015,592,401,191
102900016,63,35,28
102900017,357,245,112
102900018,74,60,14
102900019,301,449,-148
102900020,253,31,222
102900021,64,35,29
102900022,166,109,57
102900023,14,51,-37
102900024,56,33,23
102900025,120,85,35
102900026,385,1991,-1606
102900027,98,90,8
102900028,216,735,-519
102900029,89,261,-172
102900030,352,269,83
102900031,296,100,196
102900032,109,35,74
102900033,122,123,-1
102900034,620,70,550
102900035,140,154,-14
102900036,393,152,241
102900037,311,160,151
102900038,482,180,302
102900039,3,618,-615
102900040,256,245,11
102900041,77,98,-21
102900042,364,151,213
102900043,250,174,76
102900044,496,1141,-645
102900045,258,298,-40
102900046,275,101,174
102900047,159,516,-357
102900048,560,186,374
102900049,94,389,-295
102900050,174,331,-157
102900051,193,164,29
102900053,302,530,-228
102900054,289,1394,-1105
102900055,193,275,-82
102900056,88,313,-225
102900057,5,69,-64
102900058,516,89,427
102900059,39,38,1
102900060,84,297,-213
102900061,137,163,-26
102900062,344,380,-36
102900063,1483,254,1229
102900064,113,393,-280
102900065,896,239,657
102900066,290,8,282
102900068,62,193,-131
102900070,137,334,-197
102900072,10,35,-25
102900073,65,11,54
102900075,12,137,-125
102900076,48,190,-142
102900077,23,40,-17
102900078,30,43,-13
102900079,231,6,225
102900080,406,30,376
102900081,62,254,-192
102900082,12,300,-288
102900083,157,12,145
102900084,3,51,-48
102900085,225,116,109
102900086,21,77,-56
102900087,179,128,51
102900088,29,40,-11
102900089,174,319,-145
102900090,0,182,-182
102900091,187,2,185
102900092,399,126,273
102900094,2,304,-302
102900095,72,0,72
102900096,35,4,31
102900097,232,149,83
103000001,1865,2269,-404
103000002,2315,2739,-424
103000003,2869,3109,-240
103000004,644,621,23
103000005,1619,4066,-2447
103000006,988,1392,-404
103000007,391,570,-179
103000008,879,732,147
103000009,1773,1090,683
103000010,283,156,127
103000011,1199,774,425
103000012,1228,1530,-302
103000013,1802,1193,609
103000014,1343,2897,-1554
103000015,1560,724,836
103000016,627,1775,-1148
103000017,302,640,-338
103000018,729,187,542
103000019,422,454,-32
103000020,1203,1133,70
103000021,1655,2625,-970
103000022,922,1064,-142
103000023,852,2338,-1486
103000024,82,65,17
103000025,184,1086,-902
103000026,424,87,337
103000027,205,651,-446
103000028,136,201,-65
103000029,96,194,-98
103000030,1755,1444,311
103000031,668,2199,-1531
103000032,1828,1142,686
103000033,2621,2510,111
103000034,1143,740,403
103000035,246,1005,-759
103000036,254,299,-45
103000037,439,364,75
103000038,370,786,-416
103000039,729,222,507
103000040,603,484,119
103000041,1859,973,886
103000042,1692,177,1515
103000043,781,548,233
103000044,321,97,224
103000046,397,451,-54
103000047,737,255,482
103000048,242,111,131
103000049,78,89,-11
103000050,717,194,523
103000051,470,325,145
103000052,803,144,659
103000053,209,305,-96
103000054,1809,824,985
103000055,1673,1415,258
103000056,823,690,133
103000057,1440,147,1293
103000058,571,566,5
103000059,716,539,177
103000060,708,229,479
103000061,538,690,-152
103000062,834,266,568
103000063,977,831,146
103000064,173,79,94
103000065,6,172,-166
103000066,268,10,258
103000069,355,161,194
103000070,711,470,241
103000071,1470,544,926
103000072,148,367,-219
103000073,859,55,804
103000074,615,114,501
103000075,103,380,-277
103000076,318,675,-357
103000077,22,195,-173
103000078,904,1331,-427
103000079,429,1009,-580
103000080,451,396,55
103000081,269,1364,-1095
103000082,526,134,392
103000083,88,451,-363
103000084,85,6,79
103000085,5,214,-209
103000086,374,643,-269
103000087,120,731,-611
103000088,184,474,-290
103000089,207,717,-510
103000090,4821,1101,3720
103000091,1564,483,1081
103000092,355,214,141
103000093,320,662,-342
103000094,207,133,74
103000095,81,294,-213
103000096,574,41,533
103000097,78,742,-664
103000098,538,106,432
103000099,130,622,-492
103000100,116,382,-266
103000101,1167,71,1096
103000102,99,249,-150
103000103,672,100,572
103000104,89,60,29
103000105,231,66,165
103000106,7,110,-103
103000107,220,96,124
103000108,1671,2148,-477
103000109,842,616,226
103000110,940,580,360
103000111,252,721,-469
103000112,265,535,-270
103000113,260,1429,-1169
103000114,1317,1470,-153
103000115,904,914,-10
103000116,659,374,285
103000117,516,444,72
103000118,336,324,12
103000119,823,248,575
103000120,65,169,-104
103000121,225,254,-29
103000122,351,400,-49
103000125,23,73,-50
103000126,811,1,810
103000127,16,83,-67
103000128,216,1,215
103000129,0,78,-78
103000130,135,48,87
103000131,104,97,7
103000132,75,99,-24
103000133,9,91,-82
103000134,199,853,-654
103000135,539,215,324
103000136,561,537,24
103000137,375,759,-384
103000138,539,798,-259
103000139,1,105,-104
103000140,158,31,127
103000141,44,245,-201
103000142,108,142,-34
103000143,89,233,-144
103000144,136,184,-48
103000145,9,245,-236
103000150,108,55,53
103000152,167,524,-357
103000153,233,486,-253
103000156,5,114,-109
103000157,499,7,492
103000159,100,30,70
103000162,29,8,21
103000163,5,21,-16
103000164,11,3,8
103000165,25,150,-125
103000166,264,526,-262
103000167,236,241,-5
103000168,216,115,101
103000169,136,640,-504
103000170,1088,157,931
103000171,13,127,-114
103000172,788,150,638
103000173,967,145,822
103000174,307,188,119
103000175,373,114,259
103000176,798,816,-18
103000177,246,354,-108
103000178,93,173,-80
103000179,125,20,105
103000183,305,3,302
103000185,176,37,139
103000186,242,83,159
103000187,821,135,686
103000188,18,92,-74
103000189,843,1240,-397
103000191,404,344,60
103000292,471,1990,-1519
103000293,592,2971,-2379
103000295,65,142,-77
103000296,92,2,90
103000297,2,24,-22
103000504,33,19,14
103000505,4,50,-46
103000506,2,101,-99
103000507,259,12,247
103000508,94,54,40
103000509,263,522,-259
103900001,6,21,-15
103900002,551,121,430
103900003,783,546,237
103900004,150,4,146
103900005,0,73,-73
103900006,54,5,49
103900007,162,4,158
103900008,22,2,20
103900009,375,292,83
103900010,303,178,125
103900011,550,81,469
103900012,6,38,-32
103900013,85,32,53
103900014,77,10,67
103900015,103,10,93
103900016,199,65,134
103900017,74,47,27
103900018,305,49,256
103900019,49,334,-285
103900020,284,456,-172
103900021,104,33,71
103900022,627,413,214
103900023,231,0,231
103900024,81,192,-111
103900025,18,21,-3
103900026,11,0,11
103900027,409,189,220
103900028,44,253,-209
103900029,1316,128,1188
103900030,502,216,286
103900031,79,0,79
103900032,93,130,-37
103900033,28,46,-18
103900034,45,38,7
103900035,71,13,58
103900036,68,70,-2
103900037,95,29,66
103900038,54,218,-164
103900039,170,76,94
103900040,17,80,-63
103900041,59,20,39
103900042,148,67,81
103900043,336,67,269
103900044,23,608,-585
103900045,250,91,159
103900047,122,11,111
103900048,16,75,-59
103900049,75,1293,-1218
103900050,7,149,-142
103900051,3,37,-34
103900052,240,320,-80
103900053,354,161,193
103900054,207,164,43
103900055,445,172,273
103900056,54,36,18
103900057,107,50,57
103900058,440,165,275
103900059,0,35,-35
103900060,53,54,-1
103900061,267,21,246
103900062,570,178,392
103900063,3,0,3
103900064,254,0,254
103900065,259,227,32
103900066,323,73,250
103900067,216,9,207
103900068,2,0,2
103900069,149,32,117
103900070,133,144,-11
103900071,19,45,-26
103900072,25,37,-12
103900073,40,79,-39
103900074,124,17,107
103900075,387,64,323
103900076,775,169,606
103900077,30,277,-247
103900078,256,29,227
103900079,158,139,19
103900080,4,47,-43
103900081,28,34,-6
103900082,46,135,-89
103900083,2053,1828,225
103900084,84,117,-33
103900085,46,76,-30
103900086,981,225,756
103900088,233,407,-174
103900089,55,112,-57
103900090,0,36,-36
103900091,591,161,430
103900092,590,532,58
103900093,29,308,-279
103900094,5,46,-41
103900095,221,178,43
103900096,74,65,9
103900097,16,214,-198
103900098,416,82,334
103900099,197,28,169
103900100,401,82,319
103900101,91,676,-585
103900102,1,10,-9
103900104,1,17,-16
103900105,32,66,-34
103900106,0,81,-81
103900107,247,62,185
103900108,64,116,-52
103900109,257,32,225
103900110,176,25,151
103900111,125,168,-43
103900112,23,53,-30
103900113,75,221,-146
103900114,444,175,269
103900115,182,147,35
103900116,1306,2505,-1199
103900117,90,12,78
103900119,22,108,-86
103900120,108,41,67
103900122,215,63,152
103900123,437,669,-232
103900124,59,197,-138
103900125,171,50,121
103900126,588,147,441
103900127,154,175,-21
103900128,116,17,99
103900131,31,85,-54
103900133,1037,16,1021
103900134,4,7,-3
103900135,1,1,0
103900137,0,6,-6
103900138,146,34,112
103900139,132,2779,-2647
103900140,3,313,-310
103900141,142,20,122
103900142,362,68,294
103900143,57,1,56
103900144,0,22,-22
103900145,112,96,16
103900146,175,85,90
103900147,476,70,406
103900148,295,121,174
103900149,287,171,116
103900150,3121,4970,-1849
103900151,20,122,-102
103900152,1248,123,1125
103900153,4,1,3
103900154,277,2150,-1873
103900155,49,75,-26
103900156,106,34,72
103900157,113,49,64
103900158,207,24,183
103900159,270,22,248
103900160,59,24,35
103900161,68,158,-90
103900162,48,45,3
103900163,4,212,-208
103900167,11,114,-103
103900168,101,59,42
103900169,17,82,-65
103900170,1,18,-17
103900171,8,22,-14
103900172,2,7,-5
103900173,23,37,-14
103900174,244,39,205
103900175,22,87,-65
103900176,7,22,-15
103900177,18,18,0
103900178,28,8,20
103900179,50,17,33
103900180,22,41,-19
103900181,16,45,-29
103900182,12,19,-7
103900184,177,146,31
103900185,58,735,-677
103900187,25,137,-112
103900188,114,56,58
103900189,103,8,95
103900190,56,18,38
103900191,17,50,-33
103900192,15,73,-58
103900193,39,153,-114
103900194,82,69,13
103900195,0,184,-184
103900196,73,51,22
103900197,6,13,-7
103900198,9,32,-23
103900199,140,36,104
103900200,182,49,133
103900201,75,96,-21
103900202,2,30,-28
103900203,38,36,2
103900204,1,36,-35
103900207,1,14,-13
103900208,207,1,206
103900209,3,47,-44
103900210,42,15,27
103900211,672,96,576
103900212,181,109,72
103900213,49,337,-288
103900214,204,282,-78
103900215,128,354,-226
103900216,15,157,-142
103900217,242,48,194
103900218,0,275,-275
103900219,175,111,64
103900233,213,17,196
103900235,12,298,-286
103900236,4,50,-46
103900242,1,2,-1
103900243,0,2,-2
103900244,121,120,1
103900245,129,80,49
103900246,25,40,-15
103900247,9,43,-34
103900248,4,44,-40
103900249,5,45,-40
103900250,44,60,-16
103900251,2,38,-36
103900253,10,56,-46
103900254,5,39,-34
103900255,4,28,-24
103900256,24,15,9
103900257,336,250,86
103900258,16,14,2
103900259,25,4,21
103900261,29,3,26
103900262,39,1,38
103900263,12,71,-59
103900264,11,3,8
103900265,22,2,20
103900266,3,85,-82
103900267,5,59,-54
103900268,20,38,-18
103900269,169,14,155
103900270,76,77,-1
103900271,96,47,49
103900272,62,12,50
103900273,82,6,76
103900274,167,6,161
103900275,137,3,134
103900276,1,9,-8
103900277,2,9,-7
103900278,1,31,-30
103900279,2,45,-43
103900280,0,23,-23
104000001,2608,1464,1144
104000002,1782,1707,75
104000003,2277,1945,332
104000004,2132,2399,-267
104000005,2456,2119,337
104000006,2962,2184,778
104000007,3862,3700,162
104000008,155,147,8
104000009,344,102,242
104000010,133,372,-239
104000011,248,191,57
104000012,130,208,-78
104000013,309,338,-29
104000014,259,355,-96
104000015,483,121,362
104000016,292,203,89
104000018,807,201,606
104000019,564,263,301
104000020,74,301,-227
104000021,337,227,110
104000022,262,272,-10
104000023,1169,375,794
104000024,239,226,13
104000026,101,190,-89
104000027,259,156,103
104000028,501,208,293
104000029,406,285,121
104000030,412,225,187
104000031,1190,311,879
104000032,159,148,11
104000033,719,510,209
104000034,336,124,212
104000035,1180,348,832
104000036,1375,305,1070
104000037,265,126,139
104000038,575,320,255
104000039,182,119,63
104000040,159,437,-278
104000041,525,341,184
104000042,151,163,-12
104000043,223,227,-4
104000044,265,379,-114
104000045,704,524,180
104000046,515,825,-310
104000047,438,767,-329
104000048,847,714,133
104000049,881,286,595
104000050,107,665,-558
104000051,237,499,-262
104000052,1856,1663,193
104000053,1137,436,701
104000054,413,137,276
104000055,2505,1788,717
104000056,1087,300,787
104000057,358,337,21
104000058,982,776,206
104000059,622,825,-203
104000060,1039,1322,-283
104000061,977,608,369
104000062,518,150,368
104000064,412,238,174
104000065,150,456,-306
104000069,185,960,-775
104000070,81,473,-392
104000071,346,347,-1
104000072,616,332,284
104000075,57,194,-137
104000076,464,41,423
104000082,2174,3394,-1220
104000083,649,223,426
104000084,121,393,-272
104000085,455,320,135
104000086,331,444,-113
104000087,334,1468,-1134
104000090,1168,654,514
104000092,1706,892,814
104000094,821,713,108
104000095,3119,1625,1494
104000096,1995,20,1975
104000097,2334,421,1913
104000098,3473,461,3012
104000100,2366,568,1798
104000101,1332,1529,-197
104000106,108,622,-514
104000107,641,185,456
104000108,216,223,-7
104000109,343,166,177
104000110,544,734,-190
104000111,2072,2467,-395
104000112,695,380,315
104000116,0,460,-460
104000117,329,304,25
104000118,1019,104,915
104000119,669,210,459
104000120,259,283,-24
104000121,351,434,-83
104000122,1064,673,391
104000123,614,394,220
104000124,420,833,-413
104000125,2042,4683,-2641
104000126,584,493,91
104000127,1002,1138,-136
104000128,557,164,393
104000129,339,27,312
104000130,19,221,-202
104000131,245,535,-290
104000132,296,737,-441
104000133,1451,697,754
104000134,993,1258,-265
104000135,541,1339,-798
104000136,826,2680,-1854
104000137,2075,305,1770
104000138,1218,384,834
104000139,2986,1945,1041
104000141,998,509,489
104000142,646,342,304
104000143,708,314,394
104000144,180,191,-11
104000145,486,142,344
104000146,135,406,-271
104000147,165,279,-114
104000148,432,157,275
104000149,192,91,101
104000150,926,433,493
104000151,370,144,226
104000152,580,209,371
104000153,746,573,173
104000154,725,285,440
104000155,552,801,-249
104000157,1512,1025,487
104000158,133,529,-396
104000159,755,622,133
104000160,1496,2088,-592
104000161,331,142,189
104000162,76,136,-60
104000165,674,699,-25
104000167,702,1487,-785
104000168,617,8,609
104000169,151,31,120
104000170,227,348,-121
104000248,371,446,-75
104000251,68,102,-34
104000272,0,0,0
104000273,0,0,0
104000274,0,0,0
104000275,0,0,0
104000279,633,365,268
104000290,84,258,-174
104000291,534,1114,-580
104000293,1386,1391,-5
104000294,92,2,90
104000295,629,639,-10
104000296,712,572,140
104000297,600,1723,-1123
104000298,1677,841,836
104000299,799,1060,-261
104000302,176,79,97
104000303,229,145,84
104900001,67,198,-131
104900002,91,221,-130
104900003,53,161,-108
104900004,50,116,-66
104900005,394,265,129
104900006,693,99,594
104900007,355,146,209
104900009,128,110,18
104900010,80,38,42
104900011,9,49,-40
104900012,201,49,152
104900013,148,15,133
104900014,766,241,525
104900015,135,4,131
104900016,158,149,9
104900017,159,131,28
104900018,26,112,-86
104900019,154,5090,-4936
104900020,33,234,-201
104900021,1,42,-41
104900022,17,294,-277
104900023,2,14,-12
104900024,31,1181,-1150
104900025,61,145,-84
104900026,2,37,-35
104900027,577,320,257
104900028,20,190,-170
104900029,21,17,4
104900030,525,169,356
104900031,62,277,-215
104900032,79,43,36
104900033,194,179,15
104900034,333,120,213
104900035,358,158,200
104900036,222,41,181
104900037,161,171,-10
104900038,130,1117,-987
104900039,239,257,-18
104900040,525,68,457
104900041,370,174,196
104900042,136,193,-57
104900043,28,323,-295
104900044,856,134,722
104900045,335,60,275
104900046,353,68,285
104900047,424,92,332
104900048,419,37,382
104900049,76,33,43
104900050,382,38,344
104900051,283,19,264
104900052,197,3,194
104900053,478,71,407
104900054,167,16,151
104900055,281,2,279
104900056,235,18,217
104900057,56,0,56
104900058,320,344,-24
104900059,107,54,53
104900060,125,188,-63
104900061,136,202,-66
104900063,36,300,-264
104900064,0,128,-128
104900065,0,280,-280
104900066,2,75,-73
104900067,1,223,-222
104900068,36,111,-75
104900070,130,125,5
104900071,0,293,-293
104900072,34,141,-107
104900073,52,29,23
104900074,55,88,-33
104900075,44,11,33
104900076,129,117,12
104900077,274,160,114
104900078,157,205,-48
104900079,89,916,-827
104900080,75,321,-246
104900082,17,202,-185
104900085,41,169,-128
104900087,232,5,227
104900089,412,1,411
104900090,1361,662,699
104900091,442,335,107
104900093,172,222,-50
104900097,1102,2989,-1887
104900098,237,52,185
104900099,60,695,-635
104900100,346,166,180
104900102,30,89,-59
104900103,292,34,258
104900104,1247,1679,-432
104900106,282,84,198
104900107,76,93,-17
104900108,20,116,-96
104900109,64,95,-31
104900110,17,82,-65
104900111,484,52,432
104900112,238,250,-12
104900113,795,159,636
104900114,570,285,285
104900115,731,142,589
104900116,506,84,422
104900118,9,40,-31
104900119,3,45,-42
104900120,17,788,-771
104900121,1,17,-16
104900122,19,40,-21
104900123,117,13,104
104900124,53,0,53
104900125,293,2,291
104900126,23,14,9
104900127,6,46,-40
104900128,56,63,-7
104900129,670,2485,-1815
105000001,2417,951,1466
105000002,2680,1677,1003
105000003,3203,4552,-1349
105000004,898,685,213
105000005,1739,1063,676
105000006,1390,1870,-480
105000007,1343,2597,-1254
105000008,893,4034,-3141
105000009,2937,3183,-246
105000010,2264,890,1374
105000011,3330,2826,504
105000012,2033,1575,458
105000013,1139,1145,-6
105000014,2789,3635,-846
105000015,7279,13538,-6259
105000016,1026,952,74
105000017,1221,706,515
105000018,963,1671,-708
105000019,718,1235,-517
105000020,122,499,-377
105000021,264,206,58
105000022,130,224,-94
105000023,632,277,355
105000028,39,44,-5
105000029,564,1417,-853
105000030,2458,1543,915
105000031,8,23,-15
105000033,825,914,-89
105000034,148,1090,-942
105000037,558,159,399
105000038,1184,1551,-367
105000039,1109,842,267
105000040,821,1220,-399
105000041,253,756,-503
105000042,1917,1539,378
105000043,659,1072,-413
105000044,622,347,275
105000045,261,245,16
105000046,870,235,635
105000047,484,396,88
105000048,799,270,529
105000049,190,332,-142
105000050,915,353,562
105000051,160,233,-73
105000052,715,725,-10
105000053,60,91,-31
105000054,402,710,-308
105000055,697,195,502
105000056,1308,1306,2
105000057,1068,361,707
105000058,842,514,328
105000059,939,603,336
105000060,425,340,85
105000061,1253,664,589
105000062,451,337,114
105000063,310,230,80
105000064,2174,694,1480
105000065,323,537,-214
105000066,735,1002,-267
105000067,1520,1077,443
105000068,248,651,-403
105000069,1320,2129,-809
105000070,280,1284,-1004
105000071,229,1535,-1306
105000072,1181,4490,-3309
105000073,1081,598,483
105000074,481,463,18
105000075,483,422,61
105000076,967,925,42
105000077,1725,794,931
105000078,813,1328,-515
105000079,749,1982,-1233
105000080,1680,1484,196
105000081,1461,2163,-702
105000082,655,2210,-1555
105000083,2475,3965,-1490
105000084,922,741,181
105000085,2208,2478,-270
105000086,696,737,-41
105000087,1293,1181,112
105000088,1543,1980,-437
105000089,1525,1211,314
105000090,563,464,99
105000091,618,1136,-518
105000092,487,1147,-660
105000093,337,436,-99
105000094,194,186,8
105000095,115,597,-482
105000096,1274,1874,-600
105000097,752,747,5
105000098,1076,990,86
105000099,649,755,-106
105000100,1877,783,1094
105000101,2266,1099,1167
105000102,1435,1196,239
105000103,1026,1575,-549
105000104,1983,770,1213
105000105,929,1206,-277
105000106,1324,865,459
105000107,1548,573,975
105000108,1653,1013,640
105000109,2145,942,1203
105000110,1053,461,592
105000111,1376,400,976
105000112,1000,591,409
105000113,537,609,-72
105000114,1444,1330,114
105000115,339,1559,-1220
105000116,1211,588,623
105000117,680,694,-14
105000118,818,312,506
105000119,407,360,47
105000120,1421,486,935
105000121,784,387,397
105000122,433,595,-162
105000123,545,588,-43
105000124,2053,483,1570
105000125,865,847,18
105000126,1976,983,993
105000127,2645,1190,1455
105000128,773,812,-39
105000129,1058,228,830
105000130,218,3466,-3248
105000131,438,152,286
105000132,1384,747,637
105000133,394,618,-224
105000134,1071,639,432
105000135,400,620,-220
105000136,92,183,-91
105000137,741,231,510
105000138,201,181,20
105000139,692,417,275
105000140,557,314,243
105000141,429,218,211
105000142,362,355,7
105000143,204,358,-154
105000144,317,382,-65
105000145,785,239,546
105000146,321,533,-212
105000147,653,302,351
105000148,933,727,206
105000149,2749,2256,493
105000150,1141,733,408
105000151,621,427,194
105000152,148,324,-176
105000153,867,556,311
105000154,532,329,203
105000155,452,642,-190
105000156,287,516,-229
105000157,533,1140,-607
105000158,1944,737,1207
105000159,396,648,-252
105000160,3543,784,2759
105000161,612,923,-311
105000162,856,2691,-1835
105000163,803,904,-101
105000164,130,314,-184
105000165,571,8358,-7787
105000166,3912,1255,2657
105000167,957,2490,-1533
105000168,350,346,4
105000169,852,84,768
105000170,315,879,-564
105000171,1114,121,993
105000172,271,24,247
105000173,271,5,266
105000174,81,30,51
105000175,111,58,53
105000176,531,38,493
105000177,342,182,160
105000178,335,286,49
105000179,770,69,701
105000180,230,54,176
105000181,209,117,92
105000182,75,21,54
105000183,1540,2376,-836
105000184,684,883,-199
105000185,680,1095,-415
105000186,470,520,-50
105000187,692,214,478
105000188,138,172,-34
105000189,108,451,-343
105000190,175,217,-42
105000191,344,294,50
105000192,360,36,324
105000193,86,106,-20
105000194,883,114,769
105000195,238,509,-271
105000196,82,404,-322
105000197,214,438,-224
105000198,253,197,56
105000199,115,871,-756
105000200,96,385,-289
105000201,68,36,32
105000203,16,99,-83
105000204,71,53,18
105000205,132,119,13
105000207,174,110,64
105000208,130,480,-350
105000209,169,184,-15
105000211,510,15,495
105000212,1146,394,752
105000213,57,216,-159
105000214,146,156,-10
105000215,237,128,109
105000216,189,89,100
105000217,245,155,90
105000218,1848,865,983
105000221,135,194,-59
105000222,325,166,159
105000223,439,144,295
105000226,110,113,-3
105000227,75,78,-3
105000228,103,1996,-1893
105000229,161,498,-337
105000231,515,231,284
105000233,929,645,284
105000234,403,631,-228
105000235,483,420,63
105000237,1340,92,1248
105000243,60,27,33
105000248,59,46,13
105000262,347,383,-36
105000269,110,130,-20
105000270,600,17,583
105000271,1,141,-140
105000282,36,67,-31
105000287,297,95,202
105000288,620,233,387
105000289,1191,2041,-850
105000290,13,7,6
105000402,1797,3540,-1743
105000426,195,419,-224
105000438,1907,1503,404
105000440,48,13,35
105000446,5221,3686,1535
105000447,1677,1289,388
105000454,759,214,545
105000455,243,69,174
105000474,70,0,70
105000477,656,500,156
105000478,1996,5450,-3454
105000479,140,201,-61
105000480,5829,8841,-3012
105000481,4634,4533,101
105000482,2082,4539,-2457
105000483,1814,3057,-1243
105000484,1213,1934,-721
105000485,1125,3196,-2071
105000486,1275,1849,-574
105000488,4356,2421,1935
105000489,1184,988,196
105000549,88,129,-41
105000550,391,1039,-648
105000551,37,57,-20
105000552,1765,975,790
105000555,974,1327,-353
105000556,77,28,49
105000557,63,177,-114
105900001,8,1856,-1848
105900002,612,982,-370
105900003,15,96,-81
105900004,122,93,29
105900005,17,150,-133
105900006,2,82,-80
105900007,19,24,-5
105900008,78,257,-179
105900009,22,16,6
105900011,72,18,54
105900012,347,80,267
105900013,4,25,-21
105900014,0,67,-67
105900015,69,211,-142
105900016,483,211,272
105900017,1283,36,1247
105900018,148,119,29
105900019,58,119,-61
105900020,38,61,-23
105900021,31,170,-139
105900022,235,123,112
105900023,4,90,-86
105900024,6,217,-211
105900025,200,14,186
105900026,152,10,142
105900027,9331,3789,5542
105900028,206,332,-126
105900029,2013,327,1686
105900030,163,279,-116
105900031,288,112,176
105900032,95,135,-40
105900033,44,49,-5
105900034,331,130,201
105900035,270,136,134
105900036,121,72,49
105900037,151,37,114
105900038,155,137,18
105900039,137,60,77
105900040,110,82,28
105900041,121,86,35
105900042,105,152,-47
105900043,795,21,774
105900044,2,228,-226
105900045,5,1052,-1047
105900046,5,165,-160
105900047,11,25,-14
105900048,140,324,-184
105900050,2713,5596,-2883
105900051,66,892,-826
105900052,578,163,415
105900053,1518,2811,-1293
105900054,138,136,2
105900056,379,372,7
105900057,2,68,-66
105900058,23,7,16
105900059,0,59,-59
106000001,1460,1754,-294
106000002,799,2985,-2186
106000003,2446,3499,-1053
106000004,1073,2006,-933
106000005,3666,3768,-102
106000006,3643,1509,2134
106000007,493,396,97
106000008,396,289,107
106000009,459,262,197
106000010,378,419,-41
106000011,1530,981,549
106000012,843,733,110
106000013,1705,1565,140
106000014,1580,971,609
106000015,2352,921,1431
106000016,1197,1162,35
106000017,574,738,-164
106000018,422,449,-27
106000019,402,420,-18
106000020,344,302,42
106000021,350,429,-79
106000022,415,150,265
106000023,727,374,353
106000024,402,191,211
106000025,137,182,-45
106000026,55,91,-36
106000027,2009,1413,596
106000028,585,228,357
106000029,604,634,-30
106000030,133,485,-352
106000034,104,334,-230
106000035,812,1882,-1070
106000036,125,359,-234
106000037,995,962,33
106000038,46,135,-89
106000039,37,110,-73
106000040,97,770,-673
106000041,613,379,234
106000043,530,279,251
106000046,291,64,227
106000047,22,428,-406
106000049,1099,146,953
106000050,192,269,-77
106000051,895,443,452
106000052,114,182,-68
106000053,452,122,330
106000054,231,184,47
106000055,964,538,426
106000056,214,168,46
106000057,554,224,330
106000058,93,78,15
106000059,494,231,263
106000060,263,260,3
106000061,184,708,-524
106000062,157,197,-40
106000063,908,722,186
106000064,29,127,-98
106000065,482,189,293
106000066,90,161,-71
106000067,423,68,355
106000068,80,414,-334
106000069,325,75,250
106000070,226,353,-127
106000071,758,245,513
106000072,2368,1395,973
106000073,1234,4234,-3000
106000074,701,641,60
106000075,460,1075,-615
106000076,1300,1246,54
106000077,1661,783,878
106000078,1311,501,810
106000079,897,517,380
106000080,1114,310,804
106000081,958,683,275
106000082,1549,478,1071
106000083,417,962,-545
106000084,750,444,306
106000085,1249,1071,178
106000086,457,507,-50
106000087,711,364,347
106000088,398,558,-160
106000089,1012,252,760
106000090,385,564,-179
106000091,302,304,-2
106000092,1013,215,798
106000093,426,95,331
106000094,46,128,-82
106000095,1145,476,669
106000096,938,361,577
106000097,1251,495,756
106000098,882,416,466
106000099,196,464,-268
106000100,1272,138,1134
106000101,595,185,410
106000102,134,395,-261
106000103,253,344,-91
106000104,1126,211,915
106000105,372,361,11
106000106,970,190,780
106000107,181,160,21
106000108,546,184,362
106000109,228,133,95
106000110,383,103,280
106000111,171,182,-11
106000112,343,599,-256
106000113,504,539,-35
106000114,610,815,-205
106000115,258,325,-67
106000116,373,179,194
106000117,676,412,264
106000118,1453,1202,251
106000119,891,422,469
106000120,877,1569,-692
106000121,312,144,168
106000122,242,86,156
106000123,844,93,751
106000124,139,62,77
106000125,62,121,-59
106000126,501,55,446
106000127,1336,447,889
106000128,909,153,756
106000129,708,279,429
106000130,1056,231,825
106000131,117,718,-601
106000132,542,121,421
106000133,1355,1555,-200
106000134,353,2639,-2286
106000135,140,487,-347
106000136,604,1090,-486
106000137,133,703,-570
106000138,1820,71,1749
106000139,43,62,-19
106000140,64,41,23
106000141,139,31,108
106000142,119,45,74
106000143,43,66,-23
106000144,75,73,2
106000145,390,101,289
106000146,457,75,382
106000147,672,284,388
106000148,1023,394,629
106000149,618,363,255
106000150,628,1926,-1298
106000151,2327,533,1794
106000152,605,2745,-2140
106000153,96,1537,-1441
106000154,883,119,764
106000155,178,252,-74
106000156,1226,118,1108
106000157,630,1380,-750
106000158,1218,704,514
106000159,1850,1982,-132
106000160,504,3376,-2872
106000161,1005,177,828
106000162,428,1281,-853
106000163,358,152,206
106000164,803,196,607
106000165,264,212,52
106000166,1087,199,888
106000167,353,570,-217
106000168,753,161,592
106000169,268,225,43
106000170,987,114,873
106000171,193,936,-743
106000172,2388,1033,1355
106000173,865,2508,-1643
106000174,1100,249,851
106000175,240,374,-134
106000176,1945,662,1283
106000177,649,1280,-631
106000178,2437,1013,1424
106000179,434,1059,-625
106000180,469,440,29
106000181,874,839,35
106000182,1896,374,1522
106000183,1583,236,1347
106000184,1367,410,957
106000185,1010,981,29
106000186,423,47,376
106000187,64,715,-651
106000188,0,0,0
106000189,20,24,-4
106000190,46,1,45
106000191,530,59,471
106000192,0,14,-14
106000193,286,145,141
106000194,98,200,-102
106000195,160,65,95
106000196,26,193,-167
106000197,522,120,402
106000198,154,91,63
106000199,501,775,-274
106000200,211,180,31
106000201,403,3485,-3082
106000202,1823,344,1479
106000203,36,273,-237
106000204,97,6,91
106000205,17,153,-136
106000206,111,19,92
106000207,17,201,-184
106000208,1382,180,1202
106000209,1718,330,1388
106000210,193,490,-297
106000211,141,753,-612
106000212,1019,405,614
106000213,200,920,-720
106000214,1055,277,778
106000215,321,332,-11
106000216,376,319,57
106000217,169,208,-39
106000218,344,243,101
106000219,180,196,-16
106000220,556,110,446
106000221,320,103,217
106000222,121,57,64
106000223,490,77,413
106000224,281,83,198
106000225,102,148,-46
106000226,55,104,-49
106000228,79,136,-57
106000229,98,444,-346
106000231,1040,100,940
106000232,84,116,-32
106000233,303,63,240
106000234,53,168,-115
106000235,234,94,140
106000236,57,78,-21
106000237,1,17,-16
106000238,12,24,-12
106000239,2,94,-92
106000240,40,2,38
106000241,34,417,-383
106000242,217,30,187
106000249,81,41,40
106000250,43,430,-387
106000251,138,9,129
106000252,29,80,-51
106000253,48,72,-24
106000254,54,36,18
106000255,35,141,-106
106000256,67,27,40
106000257,123,141,-18
106000258,80,18,62
106000259,5,56,-51
106000260,23,5,18
106000261,2,41,-39
106000262,57,5,52
106000263,22,33,-11
106000264,110,7,103
106000265,8,60,-52
106000266,138,15,123
106000267,4,60,-56
106000268,238,44,194
106000269,43,43,0
106000270,62,219,-157
106000271,70,114,-44
106000272,89,39,50
106000273,32,196,-164
106000274,102,30,72
106000275,236,155,81
106000276,43,22,21
106000277,132,249,-117
106000278,118,22,96
106000279,10,21,-11
106000280,71,54,17
106000281,141,29,112
106000282,50,47,3
106000283,98,50,48
106000284,190,46,144
106000285,99,78,21
106000286,147,65,82
106000287,99,57,42
106000288,61,111,-50
106000289,115,66,49
106000290,111,26,85
106000291,69,72,-3
106000292,68,54,14
106000293,127,87,40
106000294,62,44,18
106000295,22,52,-30
106000296,26,42,-16
106000297,34,206,-172
106000298,53,96,-43
106000299,65,77,-12
106000300,39,49,-10
106000301,50,71,-21
106000303,16,33,-17
106000304,43,21,22
106000305,40,21,19
106000306,36,28,8
106000307,89,15,74
106000308,28,49,-21
106000309,13,34,-21
106000310,386,245,141
106000311,461,140,321
106000312,167,81,86
106000313,355,129,226
106000318,49,314,-265
106000319,982,226,756
106000320,1,28,-27
106000321,154,135,19
106000322,228,52,176
106000324,20,37,-17
106000325,2193,761,1432
106000326,993,929,64
106000327,293,52,241
106000328,48,87,-39
106000329,70,142,-72
106000330,39,63,-24
106000428,75,143,-68
106000429,113,240,-127
106000430,267,808,-541
106000431,2237,306,1931
106000432,937,1783,-846
106000433,2235,1222,1013
106000434,3017,1101,1916
106000435,832,1654,-822
106000436,18,108,-90
106000437,340,43,297
106000438,280,241,39
106000439,54,376,-322
106000440,115,292,-177
106000441,2,0,2
106000442,195,11,184
106000443,255,162,93
106000450,2,62,-60
106000451,20,67,-47
106000454,19,117,-98
106000455,16,215,-199
106000456,75,45,30
106000457,42,287,-245
106000458,965,28,937
106000459,223,88,135
106000460,1513,29,1484
106000461,149,253,-104
106000462,0,64,-64
106000463,4,4,0
106000464,7,579,-572
106000465,701,7,694
106000466,4,292,-288
106000467,271,239,32
106000468,80,102,-22
106000469,42,5,37
106000470,187,1852,-1665
106000471,18,252,-234
106000472,119,11,108
106000473,29,6,23
106000474,559,343,216
106000475,768,157,611
106000476,130,253,-123
106000477,48,60,-12
106000480,1,357,-356
106900001,0,15,-15
106900002,2,167,-165
106900003,101,678,-577
106900004,11,3,8
106900006,0,7,-7
106900007,0,13,-13
106900008,523,58,465
106900009,432,114,318
106900010,264,123,141
106900012,804,2662,-1858
106900013,417,211,206
106900014,68,4,64
106900015,14,0,14
106900016,440,27,413
106900017,15,0,15
106900018,3,0,3
106900019,94,0,94
106900020,1059,1970,-911
106900021,166,103,63
106900022,1138,1,1137
106900023,33,177,-144
106900024,572,30,542
106900025,40,304,-264
106900026,0,151,-151
106900027,811,3,808
107000001,2408,5447,-3039
107000002,1285,2186,-901
107000003,6736,5929,807
107000004,2780,1463,1317
107000005,7268,5606,1662
107000006,2723,1310,1413
107000007,5287,8050,-2763
107000008,3552,2613,939
107000009,8811,7570,1241
107000010,4639,3451,1188
107000011,493,567,-74
107000012,1656,1319,337
107000013,113,33,80
107000014,43,79,-36
107000015,398,262,136
107000016,731,306,425
107000017,637,2511,-1874
107000018,4,2315,-2311
107000020,556,2635,-2079
107000021,896,455,441
107000022,867,1644,-777
107000023,1631,147,1484
107000024,541,1446,-905
107000025,260,238,22
107000026,368,304,64
107000027,1489,699,790
107000028,1248,601,647
107000029,3853,3217,636
107000030,1912,1449,463
107000031,4863,2126,2737
107000032,276,633,-357
107000033,1941,2566,-625
107000034,4101,831,3270
107000035,349,153,196
107000036,346,1039,-693
107000037,119,676,-557
107000038,225,127,98
107000039,943,679,264
107000040,220,143,77
107000041,1130,640,490
107000042,387,1766,-1379
107000043,1444,971,473
107000044,310,242,68
107000045,56,169,-113
107000046,819,411,408
107000047,457,390,67
107000048,715,285,430
107000049,459,503,-44
107000050,865,410,455
107000051,189,264,-75
107000052,1079,1277,-198
107000053,422,352,70
107000054,53,142,-89
107000055,443,142,301
107000056,450,424,26
107000057,1493,150,1343
107000058,1979,2366,-387
107000059,876,1080,-204
107000060,4954,4895,59
107000061,3142,2036,1106
107000062,5932,2685,3247
107000063,3156,2152,1004
107000064,5286,2637,2649
107000065,3116,3042,74
107000066,1647,2849,-1202
107000067,1209,1451,-242
107000068,784,1373,-589
107000069,1178,625,553
107000070,1036,27,1009
107000071,3818,39,3779
107000072,22,1029,-1007
107000073,1057,560,497
107000074,106,517,-411
107000075,1952,559,1393
107000076,290,642,-352
107000077,3612,1415,2197
107000078,1091,1584,-493
107000079,2741,1000,1741
107000080,615,1475,-860
107000081,2580,479,2101
107000082,502,551,-49
107000083,1383,506,877
107000084,219,616,-397
107000085,2884,3201,-317
107000086,2339,1998,341
107000087,3253,2265,988
107000088,2541,2531,10
107000089,2040,2011,29
107000090,1149,669,480
107000091,1897,1167,730
107000092,826,676,150
107000093,1463,1076,387
107000094,737,746,-9
107000095,846,536,310
107000096,448,374,74
107000097,823,199,624
107000098,331,338,-7
107000099,531,271,260
107000100,220,206,14
107000101,141,171,-30
107000102,178,165,13
107000103,330,196,134
107000104,181,185,-4
107000105,453,115,338
107000106,122,177,-55
107000107,582,117,465
107000108,134,355,-221
107000109,731,108,623
107000110,60,191,-131
107000111,585,39,546
107000112,28,106,-78
107000113,986,63,923
107000114,76,257,-181
107000115,898,399,499
107000116,102,359,-257
107000117,141,1531,-1390
107000118,62,111,-49
107000119,1056,1590,-534
107000120,625,643,-18
107000121,1118,626,492
107000122,793,484,309
107000123,654,407,247
107000124,649,375,274
107000125,1339,312,1027
107000126,1155,239,916
107000129,184,270,-86
107000130,753,174,579
107000131,229,276,-47
107000132,489,242,247
107000133,335,210,125
107000134,208,3,205
107000135,1,339,-338
107000136,543,8,535
107000137,5,537,-532
107000138,125,24,101
107000139,20,722,-702
107000140,1652,58,1594
107000141,100,657,-557
107000142,528,79,449
107000143,42,418,-376
107000144,535,517,18
107000145,139,272,-133
107000146,187,259,-72
107000147,4057,661,3396
107000150,323,3552,-3229
107000151,17,52,-35
107000152,1209,2165,-956
107000153,67,213,-146
107000154,20,395,-375
107000155,1001,8,993
107000156,1351,6,1345
107000157,59,438,-379
107000158,1170,12,1158
107000159,31,346,-315
107000160,1623,144,1479
107000161,22,353,-331
107000162,310,648,-338
107000163,230,4,226
107000164,730,2,728
107000165,1423,11,1412
107000166,23,311,-288
107000167,848,166,682
107000168,1096,498,598
107000169,421,365,56
107000170,3002,596,2406
107000171,535,547,-12
107000172,1644,1627,17
107000173,296,403,-107
107000174,1046,5933,-4887
107000175,2602,707,1895
107000176,0,2,-2
107000177,1,2,-1
107000178,25,14,11
107000179,302,703,-401
107000180,1992,119,1873
107000181,436,448,-12
107000182,2214,428,1786
107000183,160,422,-262
107000184,1329,386,943
107000185,281,657,-376
107000186,1367,359,1008
107000187,1105,964,141
107000188,533,363,170
107000189,529,589,-60
107000190,626,417,209
107000191,932,923,9
107000192,1472,439,1033
107000193,358,465,-107
107000194,729,544,185
107000197,916,193,723
107000198,303,353,-50
107000199,1210,493,717
107000200,548,593,-45
107000201,362,414,-52
107000202,334,425,-91
107000203,541,1779,-1238
107000204,516,1912,-1396
107000205,974,571,403
107000206,389,1520,-1131
107000207,516,1231,-715
107000208,436,500,-64
107000209,514,966,-452
107000210,158,202,-44
107000211,2,69,-67
107000212,28,157,-129
107000213,2,22,-20
107000214,37,64,-27
107000215,465,131,334
107000216,503,246,257
107000217,154,96,58
107000219,124,227,-103
107000220,182,100,82
107000222,224,244,-20
107000224,504,78,426
107000225,151,136,15
107000226,525,79,446
107000227,86,81,5
107000228,318,369,-51
107000229,51,153,-102
107000230,1048,380,668
107000231,499,2326,-1827
107000232,131,18,113
107000233,216,1251,-1035
107000234,1,64,-63
107000235,59,19,40
107000236,8,426,-418
107000237,10,0,10
107000238,19,2,17
107000239,1856,505,1351
107000240,36,265,-229
107000243,0,10,-10
107000244,3,37,-34
107000246,0,866,-866
107000249,2,945,-943
107000251,6,253,-247
107000252,1,340,-339
107000255,185,209,-24
107000257,0,283,-283
107000258,7,174,-167
107000259,0,97,-97
107000260,1930,21,1909
107000262,8,157,-149
107000263,429,4,425
107000266,9,19,-10
107000267,30,67,-37
107000268,155,63,92
107000269,60,2,58
107000270,220,80,140
107000271,0,0,0
107000272,130,1,129
107000273,7,178,-171
107000274,315,28,287
107000275,101,1782,-1681
107000280,1137,14,1123
107000281,34,258,-224
107000282,54,296,-242
107000290,13,55,-42
107000291,20,7,13
107000292,3,306,-303
107000293,36,22,14
107000294,0,36,-36
107000295,50,13,37
107000296,1,11,-10
107000444,221,1,220
107000496,2,2,0
107000497,798,939,-141
107000500,350,261,89
107000501,120,209,-89
107000502,165,266,-101
107000505,201,529,-328
107000506,0,0,0
107000508,6,153,-147
107000509,152,539,-387
107000510,39,50,-11
107000514,31,413,-382
107000515,25,60,-35
107000516,599,300,299
107000518,1545,2356,-811
107000519,1154,456,698
107000520,117,41,76
107000521,868,179,689
107000522,1261,302,959
107900001,82,73,9
107900002,75,20,55
107900003,248,26,222
107900004,7,0,7
107900005,2065,6,2059
107900006,164,7,157
107900007,449,43,406
107900008,37,4,33
107900009,119,4,115
107900010,91,11,80
107900012,351,55,296
107900013,125,12,113
107900014,95,2,93
107900015,1239,13,1226
107900016,310,72,238
107900017,8,0,8
107900018,68,282,-214
107900019,8,9,-1
107900020,19,10,9
107900021,176,24,152
107900023,5,0,5
107900024,0,7,-7
107900025,189,132,57
107900026,70,12,58
107900027,24,50,-26
107900028,182,17,165
107900030,283,32,251
107900031,94,85,9
107900032,16,3,13
107900033,30,2,28
107900034,253,14,239
107900035,1420,41,1379
107900036,103,29,74
107900037,0,9,-9
107900038,28,265,-237
107900039,28,32,-4
107900040,11,209,-198
107900041,2,1,1
107900043,31,64,-33
107900044,27,6,21
107900045,134,53,81
107900046,326,220,106
107900047,64,23,41
107900048,243,30,213
107900049,215,823,-608
107900050,31,108,-77
107900051,47,18,29
107900052,9,33,-24
107900053,91,65,26
107900055,386,218,168
107900056,90,111,-21
107900057,6,0,6
107900058,11,294,-283
107900060,6,37,-31
107900061,6,16,-10
107900063,107,86,21
107900064,153,353,-200
107900065,352,12,340
107900066,46,7,39
107900067,0,0,0
107900068,87,1093,-1006
107900069,30,2722,-2692
107900070,180,91,89
107900071,20,199,-179
107900072,189,42,147
107900073,104,56,48
107900074,217,321,-104
107900076,173,10,163
107900077,124,13,111
107900079,6,8,-2
107900080,173,1039,-866
107900081,79,92,-13
107900082,2,4,-2
107900083,356,166,190
107900084,126,64,62
107900086,41,182,-141
107900087,160,112,48
107900088,50,41,9
107900089,236,495,-259
107900090,263,1883,-1620
107900091,121,94,27
107900093,76,67,9
107900095,1213,1583,-370
107900097,41,34,7
107900098,63,141,-78
107900100,794,1210,-416
107900101,356,61,295
107900102,33,7,26
107900103,42,93,-51
107900104,202,8,194
107900105,0,105,-105
107900106,2,348,-346
107900107,721,366,355
107900108,122,62,60
107900109,2088,69,2019
107900110,56,31,25
107900111,18,203,-185
107900112,84,463,-379
107900113,229,60,169
107900114,269,71,198
107900115,2,7,-5
107900116,341,54,287
107900117,163,77,86
107900118,16,55,-39
107900119,93,162,-69
107900120,8,53,-45
107900121,2,53,-51
107900122,1,81,-80
107900123,21,51,-30
107900124,18,92,-74
107900125,36,182,-146
107900126,48,48,0
107900127,289,279,10
107900128,75,65,10
107900129,103,7,96
107900130,91,9,82
107900131,68,653,-585
107900132,34,140,-106
107900133,1,37,-36
107900134,28,70,-42
107900135,7,116,-109
107900136,29,39,-10
107900137,55,69,-14
107900138,96,16,80
107900139,95,21,74
107900141,16,15,1
107900142,27,279,-252
107900143,21,10,11
107900144,3,88,-85
107900145,8,35,-27
107900146,11,57,-46
107900147,63,24,39
107900148,156,67,89
107900149,313,70,243
107900150,21,145,-124
107900151,55,39,16
107900152,8,75,-67
107900153,98,223,-125
107900154,30,26,4
107900155,83,59,24
107900156,1,64,-63
107900157,31,36,-5
107900158,949,34,915
107900159,25,264,-239
107900160,164,80,84
107900161,61,31,30
107900162,1,22,-21
107900163,17,62,-45
107900164,26,25,1
107900165,14,138,-124
107900166,33,46,-13
107900167,12,66,-54
107900168,68,13,55
107900169,8,68,-60
107900171,3,197,-194
107900172,0,105,-105
107900173,37,48,-11
107900174,204,5,199
107900175,2,67,-65
107900176,91,27,64
107900177,0,57,-57
107900178,0,33,-33
107900179,8,72,-64
107900180,370,1012,-642
107900181,193,144,49
107900182,0,241,-241
107900183,46,44,2
107900184,78,69,9
107900185,174,7,167
107900186,22,35,-13
107900187,0,48,-48
107900188,219,73,146
107900189,11,122,-111
107900190,26,171,-145
107900191,44,49,-5
107900193,7,99,-92
107900194,173,7,166
107900195,557,139,418
107900196,143,40,103
107900197,147,424,-277
107900199,2,369,-367
107900201,90,33,57
107900203,27,25,2
107900204,163,149,14
107900206,458,587,-129
107900207,2,163,-161
107900208,30,125,-95
107900209,226,121,105
107900210,20,33,-13
107900213,203,302,-99
107900214,14,38,-24
107900215,77,366,-289
107900216,61,32,29
107900217,17,58,-41
107900218,4,819,-815
107900219,12,9,3
107900220,49,190,-141
107900221,53,92,-39
107900223,129,130,-1
107900224,61,358,-297
107900225,0,256,-256
107900226,54,35,19
107900227,84,154,-70
107900228,73,64,9
107900229,0,49,-49
107900230,29,17,12
107900231,16,61,-45
107900232,140,46,94
107900233,22,47,-25
107900234,110,83,27
107900235,11,57,-46
107900236,352,43,309
107900237,11,169,-158
107900238,50,26,24
107900239,182,501,-319
107900240,52,37,15
107900241,9,13,-4
107900242,13,46,-33
107900243,1,30,-29
107900244,365,2,363
107900245,797,27,770
107900246,220,20,200
107900248,602,105,497
107900249,887,64,823
107900250,1,149,-148
107900251,19,549,-530
107900252,632,41,591
107900253,168,16,152
107900254,44,80,-36
107900255,85,60,25
107900256,295,762,-467
107900257,247,79,168
107900258,139,87,52
107900259,35,2680,-2645
107900261,5,108,-103
107900262,15,36,-21
107900264,342,29,313
107900265,113,73,40
107900267,344,5,339
107900268,15,0,15
107900269,0,0,0
107900270,0,0,0
107900271,18,46,-28
107900272,22,43,-21
107900273,39,70,-31
107900274,185,0,185
107900275,54,0,54
107900276,3,49,-46
107900277,1,88,-87
107900278,373,113,260
107900279,67,69,-2
107900280,2326,1120,1206
107900281,403,4699,-4296
107900282,35,778,-743
107900283,578,726,-148
107900284,636,183,453
107900285,106,26,80
107900286,20,24,-4
107900287,394,89,305
107900290,2,343,-341
107900291,466,35,431
107900292,148,63,85
107900293,79,123,-44
107900295,56,19,37
107900297,4,176,-172
107900298,380,246,134
107900299,1201,2642,-1441
107900301,681,748,-67
107900302,81,35,46
107900303,301,130,171
107900304,473,100,373
107900305,339,8,331
107900306,5,51,-46
107900307,37,139,-102
107900308,183,128,55
107900309,41,0,41
107900310,68,1,67
107900311,5,379,-374
107900312,36,0,36
107900313,0,161,-161
107900314,1,66,-65
107900315,1,59,-58
107900316,25,1,24
107900317,78,6,72
107900318,2,142,-140
107900319,2,37,-35
107900320,2,44,-42
107900321,188,1,187
107900322,13,32,-19
107900323,13,42,-29
107900324,82,3,79
107900325,171,0,171
107900326,412,49,363
107900327,1,89,-88
107900328,28,1,27
107900329,53,224,-171
107900330,2,55,-53
107900331,401,11,390
107900332,447,7,440
107900333,73,27,46
107900334,4,33,-29
107900335,8,30,-22
107900336,33,56,-23
107900337,355,962,-607
107900338,5,55,-50
107900339,2,5,-3
107900340,0,58,-58
107900341,44,0,44
107900342,109,69,40
107900343,20,0,20
107900344,10,26,-16
107900345,89,46,43
107900346,12,1,11
107900347,13,2,11
107900348,3,0,3
107900349,19,6,13
107900350,7,99,-92
107900351,2,36,-34
107900352,0,6,-6
107900353,11,4,7
107900354,15,10,5
108000001,4089,3661,428
108000002,1285,933,352
108000003,2780,3363,-583
108000004,7659,8299,-640
108000005,6447,5765,682
108000006,4045,3870,175
108000007,4374,4374,0
108000008,3031,3325,-294
108000009,4853,5051,-198
108000010,2157,2734,-577
108000011,11853,10621,1232
108000012,8256,8428,-172
108000014,542,1142,-600
108000015,888,201,687
108000016,276,638,-362
108000017,1081,272,809
108000018,1700,530,1170
108000019,968,686,282
108000020,1230,398,832
108000021,195,988,-793
108000022,249,588,-339
108000023,1390,243,1147
108000024,382,242,140
108000025,452,125,327
108000026,1058,155,903
108000027,771,217,554
108000028,1052,133,919
108000029,720,298,422
108000030,524,81,443
108000031,187,245,-58
108000032,2255,561,1694
108000033,512,489,23
108000034,1735,428,1307
108000035,568,1074,-506
108000036,299,548,-249
108000037,2171,285,1886
108000038,3180,388,2792
108000039,406,1016,-610
108000040,1920,847,1073
108000041,448,1374,-926
108000042,480,97,383
108000043,265,80,185
108000044,774,74,700
108000045,231,115,116
108000046,1809,290,1519
108000047,246,321,-75
108000048,74,120,-46
108000049,1075,170,905
108000050,63,300,-237
108000051,407,208,199
108000052,82,309,-227
108000053,529,223,306
108000054,273,648,-375
108000055,905,692,213
108000056,623,1170,-547
108000057,650,1436,-786
108000058,1894,4059,-2165
108000059,1487,1172,315
108000060,241,1016,-775
108000061,170,242,-72
108000062,1123,526,597
108000063,312,244,68
108000064,322,134,188
108000065,587,317,270
108000066,1330,653,677
108000067,2004,687,1317
108000068,1017,453,564
108000069,127,448,-321
108000070,2294,668,1626
108000071,461,778,-317
108000072,1586,681,905
108000073,675,704,-29
108000074,669,367,302
108000075,322,329,-7
108000076,995,448,547
108000077,454,308,146
108000078,2211,796,1415
108000079,506,571,-65
108000080,1634,354,1280
108000081,403,617,-214
108000082,545,968,-423
108000083,1833,847,986
108000084,328,577,-249
108000085,1333,478,855
108000086,378,377,1
108000087,140,2126,-1986
108000088,846,228,618
108000089,358,276,82
108000091,189,271,-82
108000092,200,62,138
108000093,282,293,-11
108000094,642,92,550
108000095,202,170,32
108000096,434,151,283
108000097,165,192,-27
108000098,2155,765,1390
108000099,1069,193,876
108000100,165,570,-405
108000101,1531,1554,-23
108000102,1415,3657,-2242
108000106,1041,0,1041
108000107,2,499,-497
108000108,692,90,602
108000109,1,443,-442
108000110,424,199,225
108000111,165,320,-155
108000112,68,122,-54
108000113,271,135,136
108000115,200,210,-10
108000117,318,336,-18
108000118,316,2156,-1840
108000119,377,203,174
108000120,148,901,-753
108000121,219,241,-22
108000122,761,348,413
108000123,714,89,625
108000124,343,270,73
108000125,747,83,664
108000126,208,184,24
108000127,642,190,452
108000128,686,129,557
108000129,339,254,85
108000130,530,187,343
108000131,871,416,455
108000132,547,615,-68
108000133,1049,452,597
108000134,411,247,164
108000135,1053,551,502
108000136,194,317,-123
108000137,596,133,463
108000138,448,448,0
108000139,575,167,408
108000140,349,23,326
108000141,37,30,7
108000142,67,60,7
108000143,58,157,-99
108000144,645,34,611
108000145,32,6,26
108000146,1079,28,1051
108000147,44,9,35
108000148,825,33,792
108000149,23,8,15
108000150,99,6,93
108000151,69,50,19
108000152,104,153,-49
108000153,858,108,750
108000154,74,4,70
108000155,69,11,58
108000156,490,252,238
108000157,143,1894,-1751
108000158,92,946,-854
108000159,234,319,-85
108000160,1264,1236,28
108000161,1077,3809,-2732
108000165,0,397,-397
108000172,0,303,-303
108000173,481,1978,-1497
108000175,750,111,639
108000178,261,273,-12
108000179,169,1114,-945
108000181,112,26,86
108000182,116,70,46
108000183,14,163,-149
108000184,558,3353,-2795
108000185,254,122,132
108000186,485,118,367
108000187,99,140,-41
108000188,818,100,718
108000189,1002,12190,-11188
108000190,27,67,-40
108000192,295,141,154
108000193,309,7,302
108000194,25,13,12
108000195,2,412,-410
108000196,170,96,74
108000198,788,67,721
108000199,0,313,-313
108000200,401,150,251
108000203,124,157,-33
108000204,177,75,102
108000205,135,156,-21
108000339,691,388,303
108000364,157,450,-293
108000365,68,208,-140
108000367,177,125,52
108000368,10,28,-18
108000369,330,120,210
108000371,7,458,-451
108000372,785,8,777
108000373,186,60,126
108000376,142,42,100
108000377,794,141,653
108000378,7624,11641,-4017
108000379,38,184,-146
108000381,155,16,139
108000382,145,0,145
108000383,0,291,-291
108900001,27,274,-247
108900002,156,82,74
108900003,162,446,-284
108900004,229,488,-259
108900007,345,92,253
108900008,150,58,92
108900009,130,92,38
108900010,355,104,251
108900011,936,160,776
108900012,489,219,270
108900013,166,167,-1
108900014,32,97,-65
108900015,1,180,-179
108900016,2,213,-211
108900017,193,491,-298
108900018,129,207,-78
108900019,22,232,-210
108900020,15,76,-61
108900021,143,114,29
108900022,106,13,93
108900023,7,24,-17
108900024,71,33,38
108900025,269,30,239
108900026,10,33,-23
108900027,0,12,-12
108900028,88,63,25
108900029,79,135,-56
108900030,0,8,-8
108900031,158,83,75
108900032,4,49,-45
108900033,0,26,-26
108900034,0,55,-55
108900035,248,336,-88
108900038,0,64,-64
108900039,0,119,-119
108900040,13,67,-54
108900041,2345,2914,-569
108900042,2,289,-287
108900043,33,144,-111
108900044,0,119,-119
108900045,88,106,-18
108900046,15,143,-128
108900047,0,217,-217
108900048,109,235,-126
108900049,878,2296,-1418
108900050,3,57,-54
108900051,0,62,-62
108900052,32,86,-54
108900053,32,369,-337
108900054,43,75,-32
108900055,11,219,-208
108900056,2,58,-56
108900057,1,36,-35
108900058,18,91,-73
108900059,791,40,751
108900060,78,146,-68
108900061,71,22,49
108900062,1,116,-115
108900063,8,64,-56
108900064,326,3,323
108900065,4,75,-71
108900066,550,111,439
108900067,8,98,-90
108900068,8,40,-32
108900069,73,16,57
108900070,16,29,-13
108900071,135,49,86
108900072,911,379,532
108900073,41,87,-46
108900074,397,69,328
108900075,10,16,-6
108900076,468,37,431
108900077,58,126,-68
108900078,57,35,22
108900079,234,64,170
108900080,17,897,-880
108900081,31,207,-176
108900082,108,45,63
108900083,17,225,-208
108900085,744,117,627
108900086,205,82,123
108900087,67,105,-38
108900088,708,373,335
108900089,25,143,-118
108900090,93,64,29
108900091,146,27,119
108900092,498,257,241
108900093,66,91,-25
108900094,252,78,174
108900095,21,111,-90
108900096,167,7,160
108900097,319,54,265
108900098,720,786,-66
108900099,490,55,435
108900100,63,48,15
108900101,159,313,-154
108900102,39,1211,-1172
108900103,132,168,-36
108900105,18,1845,-1827
108900106,511,97,414
108900108,351,16,335
108900109,670,68,602
108900110,197,162,35
108900111,488,177,311
108900113,41,66,-25
108900114,116,11,105
108900115,159,81,78
108900116,80,10,70
108900117,275,16,259
108900118,781,32,749
108900119,316,12,304
108900120,309,195,114
108900121,259,98,161
108900122,184,14,170
108900123,224,103,121
108900124,871,223,648
108900125,666,4,662
108900126,268,55,213
108900127,302,18,284
108900128,287,34,253
108900129,1134,142,992
108900130,572,3,569
108900131,495,6,489
108900132,531,46,485
108900133,392,24,368
108900134,968,117,851
108900135,300,10,290
108900136,52,1,51
108900137,233,3,230
108900138,1128,65,1063
108900140,577,73,504
108900141,504,10,494
108900142,96,3,93
108900143,75,3,72
108900144,127,1,126
108900145,360,22,338
108900146,110,1,109
108900147,244,1,243
108900148,58,9,49
108900150,227,11,216
108900151,35,1,34
108900152,234,30,204
108900153,234,93,141
108900154,4604,354,4250
108900156,59,4,55
108900157,12,166,-154
108900158,493,54,439
108900159,1,98,-97
108900160,30,100,-70
108900161,3,95,-92
108900162,238,1,237
108900163,8,358,-350
108900164,55,31,24
108900168,2704,2144,560
108900169,100,114,-14
108900171,1705,3302,-1597
108900172,144,38,106
108900173,61,182,-121
108900174,1088,375,713
108900176,106,173,-67
108900177,2285,7809,-5524
108900178,1550,4247,-2697
108900180,78,247,-169
108900183,93,194,-101
108900184,423,173,250
108900185,71,219,-148
108900186,45,155,-110
108900189,332,55,277
108900190,53,970,-917
108900192,66,134,-68
108900195,83,76,7
108900196,45,142,-97
108900199,140,212,-72
108900200,614,237,377
108900201,291,634,-343
108900203,371,172,199
108900204,443,17,426
108900205,375,24,351
108900206,365,88,277
108900207,248,205,43
108900208,9,170,-161
108900209,158,296,-138
108900210,86,87,-1
108900211,192,626,-434
108900212,160,1586,-1426
108900215,34,279,-245
108900216,219,413,-194
108900217,50,1,49
108900218,31,3,28
108900221,39,65,-26
108900224,25,113,-88
108900225,0,190,-190
108900227,163,350,-187
108900230,68,91,-23
108900232,2,82,-80
108900233,440,97,343
108900234,284,120,164
108900235,128,200,-72
108900236,42,116,-74
108900240,90,62,28
108900241,53,50,3
108900245,4,1505,-1501
108900250,277,51,226
108900258,5,69,-64
108900259,22,21,1
108900260,14,40,-26
108900261,30,59,-29
108900262,65,117,-52
108900263,22,159,-137
108900264,160,278,-118
108900265,525,541,-16
108900266,220,1137,-917
108900267,7,262,-255
108900268,15,20,-5
108900269,212,19,193
108900270,156,8,148
108900271,58,10,48
108900272,355,19,336
108900273,308,843,-535
108900274,80,47,33
109000001,2690,2200,490
109000002,752,2262,-1510
109000003,3200,453,2747
109000004,598,1463,-865
109000005,2234,634,1600
109000006,619,1312,-693
109000007,1874,610,1264
109000008,716,1212,-496
109000009,3333,1096,2237
109000010,775,2219,-1444
109000011,4274,1980,2294
109000012,1081,1343,-262
109000013,4726,3971,755
109000014,1595,1589,6
109000015,3996,9788,-5792
109000016,3760,1844,1916
109000017,3210,1209,2001
109000018,2190,2136,54
109000019,2679,1402,1277
109000020,851,1566,-715
109000023,228,14,214
109000024,9,114,-105
109000025,299,700,-401
109000026,508,305,203
109000027,102,467,-365
109000028,94,48,46
109000029,87,375,-288
109000030,90,202,-112
109000031,246,106,140
109000032,163,597,-434
109000033,370,149,221
109000034,44,82,-38
109000035,6,60,-54
109000036,43,266,-223
109000037,360,2531,-2171
109000038,305,224,81
109000039,1008,810,198
109000040,2208,12195,-9987
109000041,1513,2430,-917
109000042,355,1221,-866
109000044,401,184,217
109000045,158,386,-228
109000046,528,74,454
109000047,59,327,-268
109000048,686,523,163
109000049,240,361,-121
109000050,412,385,27
109000051,121,74,47
109000052,517,403,114
109000053,1451,225,1226
109000054,76,262,-186
109000055,194,245,-51
109000056,338,158,180
109000057,716,461,255
109000058,938,258,680
109000059,339,1311,-972
109000060,365,573,-208
109000061,416,1186,-770
109000062,79,342,-263
109000063,186,57,129
109000064,325,103,222
109000065,198,77,121
109000066,430,36,394
109000067,76,81,-5
109000068,746,5,741
109000069,587,17,570
109000070,82,1339,-1257
109000071,459,63,396
109000072,148,318,-170
109000073,99,82,17
109000074,27,96,-69
109000075,57,268,-211
109000076,198,327,-129
109000077,260,171,89
109000078,147,115,32
109000079,88,74,14
109000080,371,73,298
109000081,163,238,-75
109000082,1088,95,993
109000083,254,275,-21
109000088,138,278,-140
109000089,267,85,182
109000090,142,237,-95
109000091,301,146,155
109000092,245,227,18
109000093,320,128,192
109000094,910,3,907
109000095,201,177,24
109000096,862,204,658
109000097,75,116,-41
109000098,31,94,-63
109000099,709,141,568
109000100,243,490,-247
109000101,1550,428,1122
109000102,452,424,28
109000103,1223,389,834
109000104,2137,263,1874
109000105,531,513,18
109000106,1842,445,1397
109000107,449,880,-431
109000108,2145,457,1688
109000109,399,814,-415
109000110,1213,449,764
109000111,812,1734,-922
109000112,206,73,133
109000113,247,82,165
109000114,127,201,-74
109000115,862,53,809
109000116,23,388,-365
109000117,280,16,264
109000118,8,173,-165
109000119,1402,100,1302
109000120,236,203,33
109000121,838,57,781
109000122,211,178,33
109000123,80,144,-64
109000124,872,143,729
109000125,825,193,632
109000126,451,300,151
109000127,2172,195,1977
109000128,598,493,105
109000129,2652,406,2246
109000130,375,752,-377
109000131,1643,1080,563
109000132,648,1176,-528
109000133,213,405,-192
109000134,461,646,-185
109000135,637,894,-257
109000136,211,165,46
109000137,349,278,71
109000138,456,103,353
109000139,538,219,319
109000140,233,183,50
109000141,1023,320,703
109000142,159,365,-206
109000143,111,83,28
109000145,98,376,-278
109000146,62,62,0
109000148,1123,1297,-174
109000149,16,91,-75
109000150,83,283,-200
109000155,1023,679,344
109000156,723,264,459
109000158,56,148,-92
109000159,27,204,-177
109000160,1242,97,1145
109000161,559,560,-1
109000162,1936,343,1593
109000163,1354,1028,326
109000164,1543,1459,84
109000165,1382,394,988
109000166,1087,71,1016
109000167,202,223,-21
109000170,77,26,51
109000171,113,55,58
109000172,34,61,-27
109000173,33,111,-78
109000174,210,36,174
109000175,131,139,-8
109000176,479,146,333
109000177,37,59,-22
109000178,868,179,689
109000179,1933,4855,-2922
109000180,2262,2596,-334
109000181,22,8,14
109000182,34,8,26
109000183,40,6,34
109000184,59,20,39
109000185,44,5,39
109000188,351,650,-299
109000189,2116,387,1729
109000190,700,307,393
109000191,358,315,43
109000192,506,62,444
109000193,265,72,193
109000194,300,32,268
109000195,114,74,40
109000196,318,37,281
109000197,154,147,7
109000198,404,30,374
109000199,159,224,-65
109000206,194,35,159
109000207,247,53,194
109000208,73,130,-57
109000209,165,153,12
109000210,115,278,-163
109000211,844,263,581
109000214,457,272,185
109000215,138,57,81
109000216,386,285,101
109000217,124,96,28
109000218,261,168,93
109000221,218,682,-464
109000222,705,189,516
109000223,479,294,185
109000224,52,47,5
109000225,152,26,126
109000226,51,161,-110
109000227,1517,268,1249
109000228,9,2210,-2201
109000231,3,88,-85
109000232,581,110,471
109000236,169,337,-168
109000241,1825,1074,751
109000242,1523,654,869
109000293,36,98,-62
109000361,86,155,-69
109000364,92,292,-200
109000396,3,235,-232
109000397,775,13,762
109000399,92,240,-148
109000400,122,111,11
109000403,35,1368,-1333
109000406,573,3,570
109000407,305,111,194
109000408,1,310,-309
109000410,812,165,647
109000411,324,55,269
109900001,156,2,154
109900002,843,12,831
109900003,407,1,406
109900004,35,1,34
109900005,15,4,11
109900006,436,57,379
109900007,1177,151,1026
109900008,0,11,-11
109900009,87,162,-75
109900010,610,16,594
109900011,47,35,12
109900012,309,133,176
109900013,381,88,293
109900014,468,42,426
109900015,140,117,23
109900016,155,9,146
109900017,163,182,-19
109900018,181,13,168
109900019,231,15,216
109900020,53,28,25
109900021,13,4,9
109900022,193,139,54
109900023,33,2,31
109900024,14,2,12
109900025,28,26,2
109900026,0,17,-17
109900027,31,22,9
109900028,338,1720,-1382
109900029,4,97,-93
109900030,24,8,16
109900031,1,189,-188
109900032,6,147,-141
109900033,0,309,-309
109900034,57,1,56
109900035,17,25,-8
109900036,17,14,3
109900037,9,262,-253
109900038,124,190,-66
109900039,13,0,13
109900040,47,205,-158
109900041,50,108,-58
109900042,13,558,-545
109900044,66,91,-25
109900045,83,161,-78
109900046,138,61,77
109900047,128,184,-56
109900048,1,55,-54
109900049,10,28,-18
109900050,0,62,-62
109900051,1,11,-10
109900052,53,89,-36
109900053,0,77,-77
109900054,968,100,868
109900055,79,79,0
109900056,41,322,-281
109900057,3,56,-53
109900058,0,52,-52
109900059,98,4,94
109900060,681,79,602
109900061,35,109,-74
109900062,0,71,-71
109900063,1,35,-34
109900064,585,152,433
109900065,58,107,-49
109900066,215,272,-57
109900067,0,64,-64
109900068,51,6,45
109900069,20,9,11
109900070,2,16,-14
109900071,1,7,-6
109900072,2,78,-76
109900073,458,83,375
109900074,13,6,7
109900075,28,12,16
109900076,12,83,-71
109900077,33,26,7
109900078,37,141,-104
109900080,82,90,-8
109900081,13,232,-219
109900082,43,116,-73
109900083,38,29,9
109900084,66,66,0
109900085,93,205,-112
109900086,123,677,-554
109900087,84,357,-273
109900089,926,158,768
109900090,13,38,-25
109900091,44,3,41
109900092,192,18,174
109900093,1093,90,1003
109900094,143,55,88
109900095,36,103,-67
109900096,114,8,106
109900097,172,2,170
109900098,662,17,645
109900099,447,2,445
109900100,84,3,81
109900101,774,9,765
109900102,443,25,418
109900103,25,20,5
109900104,985,173,812
109900105,533,23,510
109900106,298,21,277
109900107,538,32,506
109900108,143,97,46
109900109,52,64,-12
109900110,5,7,-2
109900111,77,255,-178
109900112,16,15,1
109900113,94,46,48
109900114,726,1267,-541
109900115,219,52,167
109900117,1069,71,998
109900118,5,22,-17
109900119,28,52,-24
109900120,15,4,11
109900121,222,311,-89
109900122,70,0,70
109900123,39,44,-5
109900124,1,15,-14
109900125,1,115,-114
109900126,264,22,242
109900128,21,4,17
109900130,2027,2498,-471
109900131,17,101,-84
109900132,17,138,-121
109900133,4,16,-12
109900134,35,94,-59
109900135,182,30,152
109900136,6,7,-1
109900137,168,98,70
109900140,195,32,163
109900142,159,16,143
109900145,1,58,-57
109900146,21,5,16
109900148,5,12,-7
109900149,35,41,-6
109900150,7,30,-23
109900151,9,13,-4
109900152,0,36,-36
109900153,0,56,-56
109900154,35,0,35
109900155,55,27,28
109900157,45,107,-62
109900158,9,29,-20
109900159,142,32,110
109900160,17,3,14
109900161,188,71,117
109900162,247,132,115
109900163,224,149,75
109900164,65,171,-106
109900165,340,6,334
109900166,0,47,-47
109900167,166,146,20
109900168,240,358,-118
109900169,156,66,90
109900170,255,1207,-952
109900171,257,73,184
109900172,270,325,-55
109900173,812,2617,-1805
109900174,39,98,-59
109900175,84,65,19
109900176,159,87,72
109900177,13,80,-67
109900178,8,180,-172
109900179,15,17,-2
109900180,9,3,6
110000001,567,403,164
110000002,471,645,-174
110000003,562,641,-79
110000004,394,477,-83
110000005,252,1769,-1517
110000006,218,179,39
110000007,108,72,36
110000008,28,117,-89
110000009,32,37,-5
110000010,42,114,-72
110000011,24,17,7
110000012,572,183,389
110000013,93,799,-706
110000014,608,272,336
110000015,214,585,-371
110000016,180,1399,-1219
110000017,2201,213,1988
110000018,1605,259,1346
110000019,4,79,-75
110000020,557,157,400
110000021,183,304,-121
110000022,615,89,526
110000023,4,89,-85
110000024,356,306,50
110000025,649,5,644
110000026,14,157,-143
110000027,463,1171,-708
110000028,974,478,496
110000029,425,468,-43
110000030,344,282,62
110000031,328,248,80
110000032,706,198,508
110000033,195,204,-9
110000034,409,370,39
110000035,572,365,207
110000036,956,286,670
110000037,234,278,-44
110000038,174,464,-290
110000039,893,4126,-3233
110000040,308,169,139
110000041,269,1914,-1645
110000042,91,283,-192
110000043,616,252,364
110000044,16,533,-517
110000045,89,74,15
110000046,2,71,-69
110000047,5,93,-88
110000048,6,48,-42
110000049,21,25,-4
110000050,7,47,-40
110000051,24,10,14
110000052,65,29,36
110000053,35,3,32
110000054,90,533,-443
110000055,145,65,80
110000056,79,76,3
110000057,325,483,-158
110000058,591,277,314
110000059,816,373,443
110000060,1168,687,481
110000061,388,497,-109
110000062,509,708,-199
110000063,77,248,-171
110000064,88,38,50
110000065,123,76,47
110000066,94,21,73
110000067,38,112,-74
110000068,231,62,169
110000069,439,40,399
110000071,354,32,322
110000073,48,23,25
110000075,18,43,-25
110000076,295,275,20
110000077,169,751,-582
110000078,96,10,86
110000080,246,321,-75
110000081,36,161,-125
110000082,42,303,-261
110000083,183,325,-142
110000084,1378,872,506
110000085,692,881,-189
110000086,885,2073,-1188
110000087,33,42,-9
110000088,131,162,-31
110000089,266,40,226
110000090,52,80,-28
110000091,644,146,498
110000092,36,36,0
110000093,40,24,16
110000094,353,113,240
110000095,156,574,-418
110000096,1115,1552,-437
110000097,819,1510,-691
110000098,1428,692,736
110000099,576,1078,-502
110000100,1122,174,948
110000101,26,86,-60
110000102,132,47,85
110000104,365,166,199
110000105,41,156,-115
110000106,431,536,-105
110000107,147,289,-142
110000108,166,62,104
110000109,133,231,-98
110000110,1277,2771,-1494
110000111,2399,2874,-475
110000112,266,1013,-747
110000113,76,2364,-2288
110000114,285,528,-243
110000115,460,187,273
110000116,63,57,6
110000117,314,134,180
110000118,515,102,413
110000119,264,145,119
110000120,342,122,220
110000121,74,223,-149
110000122,267,334,-67
110000123,546,353,193
110000124,1,485,-484
110000125,894,3,891
110000126,251,22,229
110000127,1084,50,1034
110000128,33,409,-376
110000129,1,262,-261
110000130,272,193,79
110000131,44,244,-200
110000132,0,273,-273
110000133,25,348,-323
110000134,22,245,-223
110000135,199,42,157
110000136,97,258,-161
110000137,640,272,368
110000138,752,360,392
110000139,1092,365,727
110000140,866,662,204
110000143,399,242,157
110000144,2325,1808,517
110000145,1328,1265,63
110000146,950,479,471
110000147,357,538,-181
110000148,617,114,503
110000151,451,1343,-892
110000152,378,431,-53
110000153,144,11,133
110000154,10,34,-24
110000155,459,2936,-2477
110000156,866,2193,-1327
110000157,1093,2120,-1027
110000160,319,257,62
110000161,198,106,92
110000166,533,44,489
110000167,789,510,279
110000168,809,442,367
110000169,764,257,507
110000170,169,42,127
110000171,535,96,439
110000172,201,369,-168
110000173,620,646,-26
110000174,92,432,-340
110000175,906,46,860
110000176,43,489,-446
110000177,213,1173,-960
110000178,324,1920,-1596
110000179,711,236,475
110000180,203,164,39
110000181,923,245,678
110000182,224,60,164
110000183,4136,6560,-2424
110000184,215,2418,-2203
110000185,458,634,-176
110000186,523,672,-149
110000191,1307,108,1199
110000192,493,27,466
110000193,1174,19,1155
110000194,8,393,-385
110000195,590,123,467
110000196,453,66,387
110000197,94,44,50
110000198,73,46,27
110000199,36,79,-43
110000200,541,238,303
110000201,720,960,-240
110000202,980,401,579
110000203,306,326,-20
110000204,4,118,-114
110000205,244,36,208
110000206,399,431,-32
110000207,1205,243,962
110000208,147,193,-46
110000209,67,541,-474
110000210,1349,248,1101
110000211,805,482,323
110000212,416,1063,-647
110000213,313,50,263
110000214,408,36,372
110000215,127,96,31
110000216,156,100,56
110000217,454,59,395
110000218,196,104,92
110000219,504,45,459
110000220,55,121,-66
110000221,420,24,396
110000222,55,243,-188
110000223,15,232,-217
110000224,6,6,0
110000225,238,495,-257
110000226,316,37,279
110000227,784,644,140
110000228,258,109,149
110000229,0,76,-76
110000230,521,570,-49
110000231,283,161,122
110000232,122,138,-16
110000233,151,259,-108
110000234,411,602,-191
110000235,737,639,98
110000236,540,287,253
110000237,1972,885,1087
110000238,888,892,-4
110000239,1754,661,1093
110000240,1,19,-18
110000242,0,9,-9
110000243,172,37,135
110000244,70,240,-170
110000245,31,219,-188
110000246,689,263,426
110000247,612,2406,-1794
110000248,836,868,-32
110000249,52,2,50
110000250,9,86,-77
110000251,384,173,211
110000252,265,112,153
110000253,1246,291,955
110000254,320,368,-48
110000255,79,451,-372
110000256,402,131,271
110000257,352,228,124
110000258,6,166,-160
110000259,174,6,168
110000260,24,54,-30
110000263,349,20,329
110000264,472,131,341
110000265,1105,1342,-237
110000266,737,1675,-938
110000267,33,123,-90
110000268,174,152,22
110000269,5,47,-42
110000270,115,1,114
110000271,1121,134,987
110000272,1106,812,294
110000273,1157,983,174
110000274,188,1774,-1586
110000275,893,492,401
110000276,309,336,-27
110000277,281,195,86
110000278,330,512,-182
110000279,762,552,210
110000280,604,348,256
110000281,63,214,-151
110000282,153,25,128
110000283,43,22,21
110000284,5,30,-25
110000285,1,466,-465
110000286,1,0,1
110000287,112,1,111
110000288,4,42,-38
110000289,428,2436,-2008
110000290,373,397,-24
110000291,2431,845,1586
110000292,814,4888,-4074
110000293,597,339,258
110000294,1200,967,233
110000295,200,385,-185
110000296,500,167,333
110000297,1708,154,1554
110000298,133,320,-187
110000299,79,59,20
110000301,280,23,257
110000302,442,414,28
110000303,430,4,426
110000304,198,131,67
110000305,1111,8,1103
110000306,239,610,-371
110000307,1506,2,1504
110000308,353,14,339
110000309,4,365,-361
110000310,843,32,811
110000311,19,347,-328
110000312,415,59,356
110000313,1131,1640,-509
110000314,3,178,-175
110000315,1271,1747,-476
110000316,388,846,-458
110000317,95,741,-646
110000318,5,46,-41
110000319,5,21,-16
110000320,73,59,14
110000321,31,67,-36
110000322,241,169,72
110000323,466,103,363
110000324,2046,1342,704
110000325,1171,3125,-1954
110000327,227,243,-16
110000328,145,256,-111
110000333,693,657,36
110000334,330,891,-561
110000335,536,292,244
110000336,510,672,-162
110000337,1649,436,1213
110000338,600,195,405
110000339,392,129,263
110000340,23,75,-52
110000341,542,275,267
110000342,103,1,102
110000343,0,3,-3
110000344,82,209,-127
110000345,77,208,-131
110000346,1053,1241,-188
110000347,1191,517,674
110000348,19,7,12
110000349,73,8,65
110000350,55,4,51
110000351,1172,485,687
110000352,631,1256,-625
110000353,1835,323,1512
110000354,794,3282,-2488
110000355,97,28,69
110000356,481,8,473
110000357,460,6,454
110000361,9,12,-3
110000362,69,8,61
110000363,727,57,670
110000364,254,183,71
110000365,155,0,155
110000366,0,49,-49
110000367,374,89,285
110000368,12,39,-27
110000369,86,1,85
110000373,3,177,-174
110000374,65,32,33
110000375,46,861,-815
110000376,18,68,-50
110000377,62,376,-314
110000378,13,322,-309
110000379,1601,2092,-491
110000380,42,5,37
110000383,4,974,-970
110000384,469,493,-24
110000385,0,104,-104
110000387,51,1,50
110000388,56,142,-86
110000389,1043,1,1042
110000391,828,99,729
110000396,184,39,145
110000397,172,50,122
110000398,3,21,-18
110000399,160,0,160
110000587,131,79,52
110000589,193,122,71
110000640,147,13,134
110000652,8,377,-369
110000653,310,249,61
110000654,17,945,-928
110000656,0,145,-145
110000674,19,10,9
110000675,19,25,-6
110000676,0,26,-26
110000679,107,984,-877
110000682,91,153,-62
110000683,107,320,-213
110000684,0,35,-35
110000685,3,8,-5
110000686,3,35,-32
110000687,7,3,4
110000688,51,1133,-1082
110000689,69,23,46
110000692,19,112,-93
110000693,31,307,-276
110000694,0,82,-82
110000695,91,376,-285
110000696,60,31,29
110900001,174,9,165
110900002,227,215,12
110900003,878,195,683
110900004,469,25,444
110900005,1014,3415,-2401
110900006,80,14,66
110900007,105,48,57
110900008,10,27,-17
110900009,328,253,75
110900010,15,30,-15
110900011,10,84,-74
110900012,11,23,-12
110900013,1028,84,944
110900014,258,37,221
110900015,240,584,-344
110900016,90,35,55
110900017,546,37,509
110900018,307,32,275
110900019,341,16,325
110900020,168,108,60
110900021,69,173,-104
110900022,55,52,3
110900023,17,431,-414
110900024,21,128,-107
110900025,11,12,-1
110900027,37,101,-64
110900028,22,76,-54
110900029,18,61,-43
110900030,18,73,-55
110900031,143,130,13
110900032,0,18,-18
110900033,46,114,-68
110900035,8,335,-327
110900036,74,8,66
110900037,90,12,78
110900038,378,128,250
110900039,7,241,-234
110900040,277,27,250
110900041,41,41,0
110900042,156,48,108
110900043,2,15,-13
110900044,142,11,131
110900045,80,100,-20
110900046,14,105,-91
110900047,175,321,-146
110900049,128,77,51
110900050,60,1,59
110900051,35,138,-103
110900052,5,66,-61
110900053,114,2,112
110900054,18,88,-70
110900055,21,3,18
110900056,15,68,-53
110900057,1,44,-43
110900058,264,43,221
110900059,340,121,219
110900060,284,97,187
110900061,10,24,-14
110900062,144,78,66
110900063,26,50,-24
110900064,11,0,11
110900065,81,108,-27
110900066,9,24,-15
110900067,87,562,-475
110900068,151,89,62
110900069,12,7,5
110900070,93,21,72
110900071,127,574,-447
110900073,0,16,-16
110900074,472,67,405
110900075,351,37,314
110900077,1023,265,758
110900078,101,31,70
110900079,1071,1363,-292
110900080,215,39,176
110900081,8,6,2
110900082,211,44,167
110900083,94,26,68
110900084,74,27,47
110900085,21,111,-90
110900086,72,255,-183
110900087,356,43,313
110900088,10,0,10
110900090,62,78,-16
110900091,2,26,-24
110900093,206,73,133
110900095,61,11,50
110900097,15,42,-27
110900098,17,60,-43
110900099,26,249,-223
110900100,0,6,-6
110900102,71,1,70
110900105,853,96,757
110900108,22,21,1
110900111,302,53,249
110900112,644,4,640
110900113,196,50,146
110900115,7,45,-38
110900116,929,444,485
110900118,50,3481,-3431
110900119,1112,126,986
110900120,69,30,39
110900121,95,0,95
110900122,601,136,465
110900125,427,421,6
110900127,295,1241,-946
110900128,210,597,-387
110900129,132,1017,-885
110900130,287,642,-355
110900131,243,19,224
110900132,382,34,348
110900133,31,67,-36
110900135,38,131,-93
110900136,400,20,380
110900138,0,0,0
110900139,19,0,19
110900140,0,0,0
110900141,273,469,-196
110900142,66,81,-15
110900143,176,50,126
110900144,1,176,-175
110900145,129,73,56
110900146,141,233,-92
110900147,38,282,-244
110900148,0,128,-128
110900149,1,36,-35
110900150,20,2,18
110900151,1,23,-22
110900152,31,55,-24
110900153,259,36,223
111000001,810,546,264
111000002,662,444,218
111000003,1917,910,1007
111000004,586,859,-273
111000005,1418,1519,-101
111000006,909,1695,-786
111000007,3692,3821,-129
111000008,2504,2432,72
111000009,353,690,-337
111000010,979,294,685
111000011,228,913,-685
111000012,459,395,64
111000013,364,950,-586
111000014,1482,390,1092
111000017,127,722,-595
111000018,154,385,-231
111000020,489,1164,-675
111000021,28,81,-53
111000023,121,43,78
111000025,4195,3249,946
111000029,64,91,-27
111000030,27,71,-44
111000031,1462,636,826
111000032,489,282,207
111000033,173,148,25
111000034,66,276,-210
111000037,654,255,399
111000038,2369,1122,1247
111000039,1432,1353,79
111000040,1262,1232,30
111000041,490,527,-37
111000042,1506,1565,-59
111000043,1927,4404,-2477
111000044,1628,865,763
111000045,3031,2284,747
111000046,2278,1889,389
111000047,3120,5343,-2223
111000049,400,300,100
111000050,790,636,154
111000051,447,549,-102
111000052,431,938,-507
111000053,248,561,-313
111000054,272,468,-196
111000055,1351,1230,121
111000056,218,308,-90
111000057,150,376,-226
111000058,656,62,594
111000059,666,248,418
111000060,3911,779,3132
111000061,776,205,571
111000062,1007,369,638
111000063,1510,1050,460
111000064,992,457,535
111000065,1303,748,555
111000066,664,252,412
111000067,753,337,416
111000068,606,600,6
111000069,1373,1248,125
111000070,815,514,301
111000071,171,298,-127
111000072,1441,544,897
111000073,285,1370,-1085
111000074,1357,1242,115
111000075,700,518,182
111000076,612,385,227
111000077,1159,1025,134
111000078,1886,823,1063
111000079,681,533,148
111000080,520,354,166
111000081,1336,3981,-2645
111000082,829,361,468
111000084,884,341,543
111000085,965,751,214
111000086,1536,719,817
111000087,688,354,334
111000088,3209,2921,288
111000089,666,542,124
111000090,445,793,-348
111000091,642,248,394
111000092,1602,572,1030
111000093,871,988,-117
111000094,1448,1124,324
111000095,642,2149,-1507
111000096,638,7084,-6446
111000097,2804,1071,1733
111000098,365,669,-304
111000099,380,920,-540
111000100,382,600,-218
111000101,324,500,-176
111000102,165,356,-191
111000104,639,100,539
111000107,221,400,-179
111000109,1054,229,825
111000110,1468,547,921
111000111,3484,323,3161
111000112,2482,399,2083
111000113,799,2038,-1239
111000114,1365,4042,-2677
111000115,2640,724,1916
111000116,830,663,167
111000117,332,757,-425
111000118,747,503,244
111000119,1482,496,986
111000120,601,561,40
111000121,308,620,-312
111000122,469,537,-68
111000123,1073,1141,-68
111000124,413,1081,-668
111000125,251,454,-203
111000126,111,364,-253
111000127,1291,114,1177
111000128,3097,205,2892
111000129,3303,440,2863
111000130,2532,332,2200
111000131,2548,372,2176
111000132,2095,1243,852
111000133,216,77,139
111000134,131,63,68
111000135,77,106,-29
111000136,422,318,104
111000138,12,7,5
111000140,0,2,-2
111000141,67,454,-387
111000142,18,278,-260
111000143,7,548,-541
111000144,78,2655,-2577
111000145,157,18,139
111000146,112,23,89
111000147,114,27,87
111000148,123,75,48
111000149,12,6,6
111000150,57,42,15
111000151,2,11,-9
111000153,495,466,29
111000154,327,226,101
111000155,183,141,42
111000156,710,454,256
111000157,209,779,-570
111000158,727,819,-92
111000159,3398,1029,2369
111000160,421,370,51
111000161,15,545,-530
111000162,11,94,-83
111000163,874,679,195
111000164,327,2577,-2250
111000165,584,180,404
111000166,426,136,290
111000167,103,195,-92
111000168,246,247,-1
111000169,239,342,-103
111000170,237,177,60
111000171,466,372,94
111000172,217,204,13
111000173,263,599,-336
111000174,244,157,87
111000175,55,142,-87
111000176,371,37,334
111000177,702,118,584
111000178,1926,131,1795
111000179,415,68,347
111000180,356,360,-4
111000181,2046,146,1900
111000182,278,125,153
111000183,254,185,69
111000184,346,126,220
111000185,369,224,145
111000186,296,101,195
111000187,281,93,188
111000188,419,222,197
111000189,347,466,-119
111000190,180,169,11
111000191,126,149,-23
111000192,108,225,-117
111000193,290,157,133
111000194,65,212,-147
111000195,133,162,-29
111000196,72,88,-16
111000197,645,130,515
111000198,753,101,652
111000199,268,121,147
111000200,694,282,412
111000201,888,117,771
111000202,445,155,290
111000203,552,288,264
111000204,374,1679,-1305
111000213,176,387,-211
111000214,1391,754,637
111000215,1179,785,394
111000217,1753,429,1324
111000218,1683,680,1003
111000219,307,158,149
111000220,560,470,90
111000221,259,57,202
111000224,38,144,-106
111000225,431,299,132
111000226,83,7,76
111000227,30,0,30
111000228,8,553,-545
111000229,38,1278,-1240
111000230,171,88,83
111000231,938,219,719
111000232,824,345,479
111000233,1265,368,897
111000234,190,485,-295
111000239,97,51,46
111000240,50,244,-194
111000241,42,100,-58
111000242,301,41,260
111000243,145,177,-32
111000244,659,69,590
111000245,902,138,764
111000246,681,122,559
111000247,564,243,321
111000248,695,232,463
111000249,562,183,379
111000250,67,31,36
111000251,35,42,-7
111000253,41,25,16
111000255,86,14,72
111000257,87,8,79
111000260,54,663,-609
111000261,1248,52,1196
111000271,45,187,-142
111000273,2252,811,1441
111000274,1500,2433,-933
111000275,135,29,106
111000276,230,666,-436
111000277,229,165,64
111000278,395,172,223
111000291,1666,10509,-8843
111000298,380,165,215
111000299,720,143,577
111000300,46,393,-347
111000302,263,58,205
111000303,138,69,69
111000312,32,31,1
111000315,8,78,-70
111000320,123,316,-193
111000321,537,144,393
111000322,373,193,180
111000323,378,24,354
111000324,273,132,141
111000325,28,37,-9
111000326,150,202,-52
111000327,291,262,29
111000328,384,465,-81
111000329,1,22,-21
111000330,74,9,65
111000331,26,4,22
111000332,534,890,-356
111000334,154,621,-467
111000335,1170,153,1017
111000337,1795,128,1667
111000338,68,38,30
111000339,665,85,580
111000340,128,239,-111
111000341,1449,644,805
111000342,86,913,-827
111000344,1081,515,566
111000345,111,114,-3
111000346,46,331,-285
111000347,123,2,121
111000350,230,56,174
111000351,114,264,-150
111000352,148,51,97
111000353,108,89,19
111000354,398,90,308
111000355,238,242,-4
111000358,125,434,-309
111000360,221,118,103
111000361,170,73,97
111000546,683,252,431
111000547,354,177,177
111000548,159,192,-33
111000549,301,129,172
111000550,48,759,-711
111000551,376,123,253
111000552,376,173,203
111000907,803,17,786
111000908,101,0,101
111000916,2000,154,1846
111000917,21,289,-268
111000918,283,213,70
111000920,707,8,699
111000921,12,93,-81
111000922,603,118,485
111000924,22,265,-243
111000925,4079,1957,2122
111000926,1072,988,84
111000927,2593,4365,-1772
111000928,2884,1480,1404
111000929,1889,1125,764
111000930,791,1163,-372
111000931,2104,2537,-433
111000932,2516,1098,1418
111000933,3103,3170,-67
111000934,1446,1855,-409
111000935,2560,789,1771
111000936,1020,1211,-191
111000937,1416,1166,250
111000938,1164,711,453
111000939,732,21,711
111000940,651,45,606
111000941,290,161,129
111000943,653,271,382
111000944,155,163,-8
111000945,115,699,-584
111001109,442,759,-317
111001110,229,318,-89
111001111,96,7,89
111001112,61,3,58
111001113,0,164,-164
111001114,579,283,296
111001115,20,1966,-1946
111001116,1574,4513,-2939
111001117,292,1975,-1683
111001120,106,139,-33
111001121,125,134,-9
111001122,250,161,89
111001123,428,99,329
111001124,140,75,65
111001125,2,300,-298
111001126,12,1,11
111001127,0,25,-25
111001128,671,338,333
111900001,36,58,-22
111900002,0,117,-117
111900003,2,91,-89
111900004,3,22,-19
111900006,19,45,-26
111900007,255,5,250
111900008,374,4,370
111900009,166,2,164
111900010,140,210,-70
111900012,19,45,-26
111900013,12,11,1
111900014,1594,5956,-4362
111900015,0,26,-26
111900016,1,25,-24
111900017,0,20,-20
111900018,307,11,296
111900019,2,74,-72
111900020,0,18,-18
111900021,13,28,-15
111900022,3,12,-9
111900023,43,23,20
111900024,43,40,3
111900025,0,10,-10
111900026,0,15,-15
111900027,1,38,-37
111900028,0,50,-50
111900029,2,9,-7
111900030,14,191,-177
111900031,0,0,0
111900032,0,95,-95
111900033,1,55,-54
111900034,73,207,-134
111900035,80,87,-7
111900036,1,65,-64
111900038,86,275,-189
111900039,24,117,-93
111900040,1,135,-134
111900042,5,45,-40
111900043,0,79,-79
111900044,66,126,-60
111900046,12,40,-28
111900048,441,181,260
111900049,24,83,-59
111900050,58,12,46
111900051,2,98,-96
111900052,121,165,-44
111900053,393,2250,-1857
111900054,110,4,106
111900055,6,128,-122
111900056,91,460,-369
111900057,155,23,132
111900058,751,198,553
111900059,865,718,147
111900060,173,1,172
111900061,3,48,-45
111900062,14,100,-86
111900063,242,210,32
111900064,51,78,-27
111900065,179,16,163
111900066,154,155,-1
111900067,1,227,-226
111900068,24,70,-46
111900069,108,13,95
111900070,257,53,204
111900071,0,91,-91
111900072,105,45,60
111900073,1161,211,950
111900074,5,101,-96
111900075,126,4,122
111900076,310,98,212
111900077,50,1,49
111900078,482,31,451
111900079,58,52,6
111900080,149,229,-80
111900082,220,41,179
111900083,348,31,317
111900084,298,11,287
111900085,29,87,-58
111900086,75,11,64
111900087,155,2,153
111900088,840,31,809
111900089,133,3,130
111900090,63,37,26
111900091,612,16,596
111900092,171,12,159
111900093,585,5,580
111900094,130,0,130
111900095,425,23,402
111900096,352,2,350
111900097,101,1,100
111900098,378,2,376
111900099,94,0,94
111900100,173,3,170
111900101,98,36,62
111900102,755,194,561
111900103,47,52,-5
111900104,136,29,107
111900105,253,204,49
111900106,247,8,239
111900110,775,173,602
111900111,224,17,207
111900112,312,4288,-3976
111900113,178,68,110
111900118,429,98,331
111900119,249,118,131
111900122,91,102,-11
111900123,17,28,-11
111900124,18,15,3
111900125,531,62,469
111900126,353,0,353
111900127,1,163,-162
111900128,4,167,-163
111900129,310,2,308
111900130,134,26,108
111900131,768,3,765
111900132,12,315,-303
111900133,5,121,-116
111900134,2,89,-87
111900135,11,27,-16
111900136,67,171,-104
111900137,15,43,-28
111900138,6,36,-30
111900139,11,47,-36
111900140,131,34,97
111900141,114,14,100
111900142,111,38,73
111900143,95,56,39
111900144,1,24,-23
111900145,3,123,-120
111900146,0,62,-62
111900147,17,177,-160
111900148,8,247,-239
111900149,1,86,-85
111900150,20,72,-52
111900151,3,16,-13
111900152,46,69,-23
111900153,511,849,-338
111900154,11,678,-667
111900155,81,112,-31
111900156,127,82,45
111900157,250,27,223
111900158,658,72,586
111900159,394,38,356
111900160,338,0,338
111900161,395,7,388
111900162,144,239,-95
111900163,20,104,-84
111900164,72,39,33
111901113,577,51,526
111901114,206,83,123
111901115,223,5,218
111901116,64,1,63
111901117,33,42,-9
111901118,10,440,-430
111901119,245,38,207
111901121,39,52,-13
111901122,2,97,-95
111901123,345,89,256
111901124,431,6,425
111901125,730,191,539
111901127,180,998,-818
111901128,10,57,-47
111901129,1,57,-56
111901130,1,41,-40
111901131,5,179,-174
111901132,113,69,44
111901133,77,2,75
111901134,135,5,130
111901135,86,21,65
111901136,3,40,-37
111901138,78,33,45
111901139,6,21,-15
111901140,5,27,-22
111901141,2,39,-37
111901142,3,60,-57
111901143,0,68,-68
111901144,48,37,11
111901145,91,384,-293
111901146,53,10,43
111901147,194,386,-192
111901148,9,73,-64
111901149,19,5,14
111901150,59,0,59
111901151,0,0,0
112000001,2160,633,1527
112000002,776,1361,-585
112000003,2266,990,1276
112000004,725,299,426
112000005,3755,3940,-185
112000006,780,679,101
112000007,4498,3160,1338
112000008,3079,4402,-1323
112000009,2444,1282,1162
112000010,3592,5312,-1720
112000011,1601,1050,551
112000012,3342,5462,-2120
112000013,1700,3056,-1356
112000014,1099,3450,-2351
112000015,1427,2969,-1542
112000016,1831,2996,-1165
112000017,473,3589,-3116
112000024,908,445,463
112000026,1537,1665,-128
112000027,561,630,-69
112000028,659,691,-32
112000029,690,788,-98
112000030,128,26,102
112000031,1202,3819,-2617
112000032,73,21,52
112000033,1153,3318,-2165
112000034,94,31,63
112000035,17,839,-822
112000036,218,1287,-1069
112000037,604,772,-168
112000038,963,1593,-630
112000039,114,44,70
112000040,35,112,-77
112000041,286,340,-54
112000042,528,316,212
112000050,1352,931,421
112000051,1263,2354,-1091
112000054,1137,1285,-148
112000057,639,195,444
112000058,147,323,-176
112000059,322,512,-190
112000061,1856,838,1018
112000062,548,1083,-535
112000063,233,3028,-2795
112000064,2059,2729,-670
112000065,868,2042,-1174
112000066,2847,1434,1413
112000067,361,401,-40
112000068,3191,3198,-7
112000069,438,1254,-816
112000070,1574,841,733
112000071,948,1324,-376
112000072,2341,787,1554
112000073,1155,1526,-371
112000074,1186,890,296
112000075,1221,1160,61
112000076,2900,1947,953
112000077,1019,345,674
112000078,2173,412,1761
112000079,1692,947,745
112000080,807,469,338
112000081,811,1662,-851
112000082,969,456,513
112000083,702,776,-74
112000084,1264,409,855
112000085,1561,531,1030
112000086,1727,665,1062
112000087,609,317,292
112000088,815,204,611
112000089,370,242,128
112000090,186,122,64
112000091,579,424,155
112000092,2234,831,1403
112000093,1362,363,999
112000094,846,607,239
112000095,780,372,408
112000096,640,379,261
112000097,1733,644,1089
112000098,428,390,38
112000099,670,1756,-1086
112000100,2147,546,1601
112000101,521,342,179
112000102,1722,445,1277
112000103,372,355,17
112000105,449,518,-69
112000106,2719,354,2365
112000107,164,112,52
112000108,514,617,-103
112000109,315,60,255
112000110,1839,566,1273
112000111,397,1387,-990
112000112,2217,409,1808
112000113,599,714,-115
112000114,2341,676,1665
112000115,351,220,131
112000116,499,336,163
112000117,985,447,538
112000118,608,541,67
112000119,340,456,-116
112000120,44,205,-161
112000121,193,213,-20
112000122,398,78,320
112000123,962,92,870
112000124,687,48,639
112000125,308,214,94
112000126,466,180,286
112000127,1690,2425,-735
112000128,450,463,-13
112000129,118,99,19
112000130,335,110,225
112000131,56,94,-38
112000132,223,142,81
112000133,372,104,268
112000134,423,285,138
112000135,1042,535,507
112000136,594,733,-139
112000137,1268,1270,-2
112000138,832,775,57
112000139,484,725,-241
112000140,315,970,-655
112000141,1075,476,599
112000142,160,336,-176
112000143,1385,153,1232
112000144,186,577,-391
112000145,2873,406,2467
112000146,543,832,-289
112000147,2876,1571,1305
112000148,853,922,-69
112000149,490,316,174
112000150,328,156,172
112000151,330,176,154
112000152,944,204,740
112000153,81,188,-107
112000154,167,281,-114
112000155,171,157,14
112000157,366,945,-579
112000158,328,214,114
112000159,841,186,655
112000167,349,151,198
112000169,208,673,-465
112000173,1077,183,894
112000175,386,160,226
112000176,675,1115,-440
112000177,1032,252,780
112000178,67,144,-77
112000179,284,56,228
112000180,397,262,135
112000181,1057,711,346
112000182,1675,431,1244
112000183,25,8,17
112000184,611,140,471
112000185,986,168,818
112000187,3687,2379,1308
112000195,154,5,149
112000196,139,1,138
112000197,102,139,-37
112000198,44,243,-199
112000199,534,452,82
112000202,564,4,560
112000216,50,136,-86
112000230,150,5,145
112000231,5,65,-60
112000256,109,284,-175
112000313,28,38,-10
112000314,57,88,-31
112000337,159,434,-275
112000352,111,346,-235
112000392,1673,734,939
112000398,1975,631,1344
112000399,1193,6430,-5237
112000400,1005,833,172
112000401,1393,1049,344
112000402,4509,5092,-583
112000403,1060,6450,-5390
112000404,1408,1214,194
112000405,3235,2888,347
112000406,1641,949,692
112000407,9375,7180,2195
112000408,3810,1997,1813
112000409,1607,1775,-168
112000410,268,525,-257
112000411,1485,1552,-67
112000412,539,389,150
112000413,2638,7911,-5273
112000414,160,26,134
112000415,96,30,66
112000416,3489,1085,2404
112000417,262,65,197
112000421,79,24,55
112000422,236,131,105
112000424,761,3609,-2848
112000425,461,323,138
112000426,228,235,-7
112000427,0,29,-29
112000428,336,133,203
112000429,2050,1892,158
112000430,2599,3338,-739
112000431,143,119,24
112000432,364,432,-68
112000433,288,502,-214
112000437,73,65,8
112900001,87,4,83
112900002,781,249,532
112900003,77,84,-7
112900004,76,81,-5
112900005,311,75,236
112900007,53,58,-5
112900008,0,51,-51
112900009,600,137,463
112900010,574,265,309
112900011,66,125,-59
112900012,1,16,-15
112900013,0,134,-134
112900014,6,68,-62
112900015,69,500,-431
112900016,13,165,-152
112900017,30,64,-34
112900018,547,187,360
112900019,26,134,-108
112900020,194,677,-483
112900021,3,124,-121
112900022,13,22,-9
112900023,2,23,-21
112900024,15,88,-73
112900025,46,100,-54
112900026,2,22,-20
112900027,4,236,-232
112900028,18,39,-21
112900029,16,116,-100
112900030,34,44,-10
112900031,2,97,-95
112900032,151,190,-39
112900034,0,16,-16
112900035,3,106,-103
112900036,15,72,-57
112900037,280,285,-5
112900038,657,69,588
112900039,8,97,-89
112900040,9,389,-380
112900041,279,791,-512
112900042,45,144,-99
112900043,60,47,13
112900044,225,179,46
112900045,86,135,-49
112900046,68,49,19
112900047,10,23,-13
112900049,444,36,408
112900050,8,374,-366
112900051,143,239,-96
112900052,2,235,-233
112900053,89,123,-34
112900054,107,52,55
112900055,60,26,34
112900056,290,230,60
112900057,31,187,-156
112900058,267,341,-74
112900059,137,368,-231
112900060,24,34,-10
112900061,126,126,0
112900062,105,59,46
112900063,51,33,18
112900064,49,177,-128
112900065,7,27,-20
112900066,224,236,-12
112900067,241,45,196
112900068,37,58,-21
112900069,1139,1244,-105
112900071,53,14,39
112900072,75,3916,-3841
112900073,482,142,340
112900074,88,363,-275
112900075,504,1466,-962
112900076,15,33,-18
112900078,260,550,-290
112900079,232,34,198
112900080,139,10,129
112900081,83,419,-336
112900082,674,51,623
112900083,159,116,43
112900084,343,242,101
112900086,158,1,157
112900087,1469,125,1344
112900088,266,8,258
112900089,852,32,820
112900090,77,47,30
112900091,431,17,414
112900092,57,546,-489
112900093,1213,15,1198
112900095,100,0,100
112900096,618,161,457
112900097,97,121,-24
112900098,114,1,113
112900099,1078,19,1059
112900100,122,2,120
112900101,402,5,397
112900102,82,22,60
112900103,189,6,183
112900104,690,12,678
112900105,32,0,32
112900106,408,101,307
112900107,3,5,-2
112900108,2,0,2
112900109,233,1,232
112900110,1713,16,1697
112900111,1052,10,1042
112900112,373,8,365
112900113,0,5,-5
112900114,305,5,300
112900115,1695,2,1693
112900116,95,23,72
112900117,62,23,39
112900118,10,107,-97
112900119,226,3,223
112900120,331,191,140
112900121,41,83,-42
112900122,4,63,-59
112900123,132,26,106
112900124,2,34,-32
112900125,18,228,-210
112900126,95,106,-11
112900127,355,98,257
112900128,67,279,-212
112900129,1,318,-317
112900130,213,64,149
112900131,28,270,-242
112900132,57,216,-159
112900133,11,575,-564
112900134,1,154,-153
112900135,64,50,14
112900137,2,252,-250
112900138,5,73,-68
112900139,86,414,-328
112900141,876,26,850
112900142,45,246,-201
112900143,14,173,-159
112900144,1,279,-278
112900145,14,253,-239
112900146,1,277,-276
112900147,2,433,-431
112900148,50,4,46
112900149,151,200,-49
112900151,12,48,-36
112900152,2216,363,1853
112900153,403,2657,-2254
112900154,1,32,-31
112900155,165,11,154
112900156,493,385,108
112900157,611,55,556
112900158,109,3,106
112900159,99,197,-98
112900160,19,139,-120
112900161,208,54,154
112900162,11,32,-21
112900163,36,54,-18
112900164,62,147,-85
112900165,38,44,-6
112900166,9,95,-86
112900167,0,89,-89
112900168,1,5,-4
112900169,8,18,-10
112900170,148,57,91
112900172,55,22,33
112900173,73,64,9
112900174,320,56,264
112900175,123,182,-59
112900176,11,53,-42
112900177,260,63,197
112900178,581,3224,-2643
112900179,37,228,-191
112900180,1873,1093,780
112900181,984,12,972
112900182,40,214,-174
112900183,91,161,-70
112900184,362,362,0
112900185,75,432,-357
112900186,630,828,-198
112900187,61,438,-377
112900188,549,2574,-2025
112900189,7,6,1
112900190,2,28,-26
112900192,479,521,-42
112900193,776,246,530
112900194,69,11,58
112900195,629,53,576
112900196,290,413,-123
112900197,76,286,-210
112900199,962,176,786
112900200,482,55,427
112900201,159,80,79
112900202,566,281,285
112900203,273,50,223
112900204,370,392,-22
112900205,16,1,15
112900206,31,45,-14
112900207,29,0,29
112900208,66,327,-261
112900209,165,167,-2
112900210,0,14,-14
112900211,91,2,89
112900212,0,38,-38
112900213,87,2,85
112900214,17,14,3
112900215,5,50,-45
112900216,36,14,22
112900217,0,44,-44
112900218,79,6,73
112900219,167,10,157
112900220,0,0,0
112900221,47,60,-13
112900222,1,23,-22
112900223,922,27,895
112900224,450,189,261
112900225,524,130,394
112900226,71,213,-142
112900227,577,161,416
112900228,91,24,67
112900229,483,27,456
112900230,6250,2148,4102
112900232,303,252,51
112900233,70,74,-4
112900234,16,6,10
112900235,22,29,-7
112900236,546,6,540
112900237,350,65,285
112900238,1,2,-1
112900239,369,771,-402
112900240,2,21,-19
112900241,7,32,-25
112900242,7,65,-58
112900243,14,39,-25
112900244,13,18,-5
112900245,1,16,-15
112900246,0,10,-10
112900247,60,45,15
112900248,5,0,5
112900249,38,2,36
112900250,75,2,73
112900251,85,6,79
112900252,116,16,100
112900253,58,1,57
112900254,35,3,32
112900255,6,22,-16
112900256,10,30,-20
112900257,5,19,-14
112900258,65,16,49
113000001,5162,5390,-228
113000002,4462,3335,1127
113000003,1847,1906,-59
113000004,1820,1916,-96
113000005,1778,1331,447
113000006,995,1505,-510
113000007,2169,1350,819
113000008,1564,1634,-70
113000009,1405,557,848
113000010,1359,917,442
113000011,1051,751,300
113000012,1429,613,816
113000013,803,589,214
113000014,821,1297,-476
113000015,129,163,-34
113000016,273,545,-272
113000017,26,355,-329
113000018,272,16,256
113000019,82,166,-84
113000020,295,57,238
113000021,1188,1000,188
113000022,737,2658,-1921
113000025,210,326,-116
113000026,455,664,-209
113000027,351,1155,-804
113000028,393,1633,-1240
113000029,950,889,61
113000030,172,380,-208
113000031,66,205,-139
113000032,214,551,-337
113000033,206,314,-108
113000034,138,131,7
113000035,28,20,8
113000036,27,52,-25
113000037,37,9,28
113000038,8,43,-35
113000039,46,241,-195
113000040,35,135,-100
113000042,684,541,143
113000051,1607,2191,-584
113000052,2198,448,1750
113000053,559,364,195
113000054,579,667,-88
113000055,1797,437,1360
113000056,1604,904,700
113000058,380,811,-431
113000059,778,366,412
113000060,358,532,-174
113000061,388,730,-342
113000062,409,386,23
113000063,360,49,311
113000064,81,108,-27
113000065,159,305,-146
113000066,876,89,787
113000067,2592,685,1907
113000068,485,322,163
113000069,527,378,149
113000070,2379,633,1746
113000071,535,336,199
113000072,1112,289,823
113000073,284,1264,-980
113000074,874,307,567
113000075,1345,709,636
113000076,391,3195,-2804
113000077,519,900,-381
113000078,434,1481,-1047
113000079,278,975,-697
113000080,540,821,-281
113000081,619,694,-75
113000082,770,641,129
113000083,714,736,-22
113000084,1799,789,1010
113000085,905,625,280
113000086,648,893,-245
113000087,769,1315,-546
113000088,1331,1189,142
113000089,639,1621,-982
113000090,161,645,-484
113000091,294,460,-166
113000094,1456,353,1103
113000095,215,897,-682
113000096,213,865,-652
113000097,1058,449,609
113000098,135,46,89
113000099,1091,505,586
113000100,160,406,-246
113000101,170,710,-540
113000102,636,833,-197
113000103,2473,288,2185
113000104,605,2787,-2182
113000105,916,458,458
113000106,392,217,175
113000107,1038,879,159
113000108,795,673,122
113000109,450,1154,-704
113000110,5489,742,4747
113000111,280,544,-264
113000112,603,252,351
113000113,1165,335,830
113000114,241,1097,-856
113000116,476,319,157
113000117,1038,105,933
113000118,54,544,-490
113000119,389,378,11
113000120,60,285,-225
113000121,347,1134,-787
113000124,344,111,233
113000125,29,1052,-1023
113000127,1496,156,1340
113000128,1699,236,1463
113000129,301,632,-331
113000133,2684,500,2184
113000134,2,1385,-1383
113000135,4167,4345,-178
113000137,711,3017,-2306
113000139,301,207,94
113000140,38,76,-38
113000141,60,187,-127
113000142,141,480,-339
113000143,235,106,129
113000144,173,334,-161
113000145,109,110,-1
113000146,139,22,117
113000147,152,28,124
113000148,274,144,130
113000149,207,137,70
113000150,268,317,-49
113000151,28,15,13
113000152,60,191,-131
113000153,876,267,609
113000154,397,1366,-969
113000155,316,586,-270
113000156,147,262,-115
113000157,239,341,-102
113000158,385,240,145
113000159,779,454,325
113000160,533,287,246
113000161,337,141,196
113000162,745,164,581
113000163,165,63,102
113000164,22,20,2
113000166,229,76,153
113000167,69,79,-10
113000168,71,84,-13
113000169,252,29,223
113000170,130,70,60
113000171,41,40,1
113000172,322,51,271
113000173,74,15,59
113000174,158,85,73
113000175,648,63,585
113000176,574,75,499
113000177,193,109,84
113000178,155,116,39
113000179,389,146,243
113000180,742,1292,-550
113000181,1085,562,523
113000182,134,359,-225
113000183,231,664,-433
113000184,16,91,-75
113000189,256,635,-379
113000190,169,185,-16
113000192,601,6092,-5491
113000193,1240,4640,-3400
113000194,738,4079,-3341
113000195,929,3280,-2351
113000196,266,111,155
113000197,779,2568,-1789
113000198,105,253,-148
113000199,1330,286,1044
113000201,327,605,-278
113000202,12075,1077,10998
113000203,133,1144,-1011
113000204,349,7403,-7054
113000205,10,3,7
113000206,6,60,-54
113000207,84,9,75
113000208,22,45,-23
113000209,8,9,-1
113000210,2,25,-23
113000211,83,444,-361
113000212,70,67,3
113000213,9,110,-101
113000214,158,344,-186
113000234,271,588,-317
113000410,30,189,-159
113000411,1269,2142,-873
113000412,4445,1349,3096
113000413,775,2637,-1862
113000414,3079,10536,-7457
113000415,1541,1179,362
113000416,2036,1884,152
113000417,920,1121,-201
113000418,4270,3428,842
113000419,1139,1651,-512
113000420,1962,4899,-2937
113000421,3991,6112,-2121
113000422,7286,8519,-1233
113000423,936,5326,-4390
113000424,1576,9694,-8118
113000425,12,54,-42
113000428,8,5,3
113000430,2,52,-50
113000432,2264,204,2060
113000433,105,428,-323
113000434,17,88,-71
113000435,29,162,-133
113000436,26,458,-432
113000437,1177,17,1160
113000438,382,10,372
113000439,36,38,-2
113000440,154,50,104
113000441,194,148,46
113000442,218,41,177
113000443,336,74,262
113000444,288,43,245
113000445,102,53,49
113000446,46,68,-22
113000448,1173,250,923
113000449,87,929,-842
113000450,1105,2382,-1277
113000451,5066,328,4738
113000452,92,605,-513
113000453,35,936,-901
113000454,391,174,217
113000455,14,2625,-2611
113000456,1665,1827,-162
113000468,958,49,909
113000469,60,69,-9
113000470,711,35,676
113000471,10,295,-285
113000472,50,209,-159
113000474,1410,667,743
113000475,1089,854,235
113000476,2406,1892,514
113000477,4435,1771,2664
113000478,2495,2295,200
113000479,246,62,184
113000485,0,0,0
113000486,0,0,0
113000487,0,0,0
113000488,0,0,0
113000489,0,0,0
113000490,0,0,0
113000491,0,0,0
113000492,0,0,0
113000493,0,0,0
113000495,424,123,301
113000496,251,99,152
113000499,0,0,0
113900001,16,3147,-3131
113900002,1,62,-61
113900003,4,224,-220
113900004,12,529,-517
113900005,6,773,-767
113900006,1,96,-95
113900007,26,1,25
113900008,17,5,12
113900009,87,7,80
113900010,75,3,72
113900011,81,0,81
113900012,66,3,63
113900013,68,6,62
113900014,673,3,670
113900015,0,25,-25
113900016,73,2,71
113900017,2,66,-64
113900018,153,190,-37
113900019,185,23,162
113900020,138,11,127
113900022,80,2,78
113900023,30,0,30
113900024,70,33,37
113900025,123,9,114
113900026,72,0,72
113900027,16,89,-73
113900028,37,147,-110
113900029,107,103,4
113900030,335,7,328
113900031,40,2,38
113900032,37,0,37
113900033,102,48,54
113900035,42,0,42
113900036,32,73,-41
113900037,284,160,124
113900038,27,115,-88
113900039,221,26,195
113900040,11,33,-22
113900041,23,22,1
113900042,66,27,39
113900043,153,35,118
113900044,173,291,-118
113900045,80,1,79
113900046,261,971,-710
113900047,96,96,0
113900048,102,97,5
113900049,177,328,-151
113900050,203,319,-116
113900051,219,129,90
113900052,80,55,25
113900053,488,611,-123
113900054,48,1,47
113900055,102,307,-205
113900056,72,103,-31
113900057,5,24,-19
113900058,46,47,-1
113900059,266,155,111
113900060,55,129,-74
113900061,388,89,299
113900062,150,8,142
113900063,150,49,101
113900064,21,40,-19
113900065,462,9,453
113900066,561,90,471
113900067,224,46,178
113900068,402,691,-289
113900069,14,29,-15
113900070,58,217,-159
113900071,115,44,71
113900072,53,40,13
113900073,346,284,62
113900074,157,215,-58
113900075,848,1723,-875
113900076,146,20,126
113900077,77,97,-20
113900078,38,12,26
113900079,2,15,-13
113900080,444,115,329
113900081,54,50,4
113900082,138,150,-12
113900083,349,134,215
113900084,155,101,54
113900085,44,208,-164
113900086,42,5,37
113900087,78,105,-27
113900088,122,102,20
113900089,314,45,269
113900090,382,236,146
113900091,10,5,5
113900092,14,93,-79
113900093,44,957,-913
113900094,499,215,284
113900095,177,176,1
113900096,172,70,102
113900097,25,49,-24
113900098,872,88,784
113900099,4,17,-13
113900100,0,2,-2
113900101,4,76,-72
113900102,57,111,-54
113900103,164,392,-228
113900104,98,311,-213
113900105,305,38,267
113900106,0,25,-25
113900107,0,12,-12
113900108,88,250,-162
113900109,223,271,-48
113900110,36,13,23
113900111,246,58,188
113900112,184,52,132
113900113,815,331,484
113900114,1,9,-8
113900115,1,40,-39
113900116,25,133,-108
113900117,21,31,-10
113900118,131,373,-242
113900119,68,307,-239
113900120,63,35,28
113900121,77,34,43
113900122,307,3236,-2929
113900123,366,188,178
113900124,0,69,-69
113900125,798,108,690
113900126,59,47,12
113900127,307,628,-321
113900128,211,20,191
113900129,11,168,-157
113900130,0,178,-178
113900131,178,45,133
113900132,21,69,-48
113900133,3,20,-17
113900135,292,288,4
113900136,101,51,50
113900137,309,323,-14
113900138,12,142,-130
113900139,224,202,22
113900140,21,204,-183
113900141,580,198,382
113900142,108,62,46
113900143,5,29,-24
113900144,48,162,-114
113900145,312,131,181
113900146,120,35,85
113900148,44,286,-242
113900149,141,109,32
113900150,184,222,-38
113900151,308,112,196
113900152,37,38,-1
113900153,65,320,-255
113900154,2,75,-73
113900155,65,124,-59
113900156,212,232,-20
113900157,41,246,-205
113900158,68,286,-218
113900159,11,178,-167
113900160,377,235,142
113900161,98,282,-184
113900162,83,489,-406
113900163,188,113,75
113900164,420,60,360
113900165,485,240,245
113900166,38,32,6
113900167,322,34,288
113900168,47,41,6
113900169,147,179,-32
113900171,195,64,131
113900172,1,48,-47
113900173,15,273,-258
113900174,424,390,34
113900175,202,216,-14
113900176,180,175,5
113900177,342,158,184
113900178,252,194,58
113900179,31,250,-219
113900180,138,69,69
113900181,809,171,638
113900182,442,347,95
113900183,55,37,18
113900184,24,177,-153
113900185,124,44,80
113900186,23,10,13
113900187,13,113,-100
113900188,17,63,-46
113900189,302,243,59
113900190,151,49,102
113900191,55,63,-8
113900192,4,481,-477
113900193,7,98,-91
113900194,966,446,520
113900195,194,273,-79
113900196,5,60,-55
113900197,2,64,-62
113900198,10,561,-551
113900199,32,379,-347
113900200,7,82,-75
113900201,0,76,-76
113900202,35,106,-71
113900203,1,21,-20
113900204,8,196,-188
113900205,1,69,-68
113900206,2,67,-65
113900207,0,24,-24
113900208,0,41,-41
113900209,0,15,-15
113900210,424,410,14
113900211,187,83,104
113900212,238,202,36
113900214,175,392,-217
113900215,110,79,31
113900216,122,321,-199
113900217,161,90,71
113900218,105,106,-1
113900219,74,631,-557
113900220,58,182,-124
113900221,211,257,-46
113900222,99,505,-406
113900223,130,221,-91
113900224,72,57,15
113900225,315,63,252
113900226,270,86,184
113900227,226,160,66
113900228,212,487,-275
113900229,36,754,-718
113900230,1202,2224,-1022
113900231,152,63,89
113900232,161,27,134
113900233,95,49,46
113900234,431,326,105
113900235,84,32,52
113900236,284,147,137
113900237,176,24,152
113900238,163,605,-442
113900239,31,189,-158
113900240,4,158,-154
113900241,48,88,-40
113900242,55,345,-290
113900243,23,247,-224
113900244,114,160,-46
113900245,516,243,273
113900246,10,20,-10
113900247,76,625,-549
113900248,1823,1349,474
113900249,392,420,-28
113900250,22,201,-179
113900251,985,56,929
113900252,909,19,890
113900253,613,35,578
113900254,590,159,431
113900255,724,11,713
113900256,373,24,349
113900257,16,297,-281
113900258,15,258,-243
113900259,621,55,566
113900260,228,2,226
113900261,29,34,-5
113900262,177,177,0
113900263,26,306,-280
113900264,0,183,-183
113900265,117,267,-150
113900266,33,101,-68
113900267,41,879,-838
113900268,185,316,-131
113900269,116,119,-3
113900270,110,395,-285
113900271,455,345,110
113900273,10,2,8
113900274,49,34,15
113900275,29,133,-104
113900276,0,90,-90
113900277,127,9,118
113900278,133,104,29
113900279,33,54,-21
113900280,1002,454,548
113900281,227,932,-705
113900282,223,329,-106
113900283,365,578,-213
113900284,824,50,774
113900285,98,26,72
113900286,18,38,-20
113900287,60,15,45
113900288,2,143,-141
113900289,266,159,107
113900290,271,329,-58
113900291,68,64,4
113900292,4,3,1
113900293,1,106,-105
113900294,547,14,533
113900295,410,334,76
113900296,1455,298,1157
113900297,1843,32,1811
113900298,27,855,-828
113900299,142,32,110
113900300,3925,3728,197
113900301,644,571,73
113900302,956,831,125
113900303,113,650,-537
113900304,0,72,-72
113900305,159,0,159
113900306,124,2,122
113900307,8,0,8
113900308,25,57,-32
113900309,1,235,-234
113900310,0,4,-4
113900311,16,2,14
113900312,126,184,-58
113900313,5,4,1
113900314,0,3,-3
113900315,121,0,121
114000001,745,1892,-1147
114000002,386,205,181
114000003,316,386,-70
114000004,502,165,337
114000005,274,110,164
114000006,926,1144,-218
114000007,438,780,-342
114000008,1102,1745,-643
114000009,826,208,618
114000011,2798,1627,1171
114000012,3657,999,2658
114000013,2204,751,1453
114000014,455,184,271
114000015,1663,101,1562
114000016,205,65,140
114000017,44,671,-627
114000018,55,8,47
114000026,2599,707,1892
114000027,4182,1805,2377
114000028,1739,3125,-1386
114000038,284,71,213
114000039,131,69,62
114000040,101,239,-138
114000042,178,131,47
114000043,192,126,66
114000044,352,72,280
114000045,25,24,1
114000046,1323,2982,-1659
114000047,16,95,-79
114000048,106,86,20
114000049,1347,1179,168
114000050,1315,1437,-122
114000051,2154,1807,347
114000052,2962,2004,958
114000053,61,698,-637
114000054,93,564,-471
114000055,217,27,190
114000056,97,1164,-1067
114000057,2978,1696,1282
114000058,41,739,-698
114000059,17,452,-435
114000060,419,661,-242
114000061,1869,3113,-1244
114000062,360,1240,-880
114000063,892,923,-31
114000064,1337,3197,-1860
114000065,706,1921,-1215
114000066,433,535,-102
114000067,14,718,-704
114000068,468,546,-78
114000069,738,462,276
114000070,1587,1693,-106
114000071,606,421,185
114000072,392,119,273
114000073,10,19,-9
114000074,89,8,81
114000075,40,13,27
114000076,16,25,-9
114000077,0,7,-7
114000078,235,183,52
114000079,213,12,201
114000080,42,42,0
114000081,63,58,5
114000082,24,208,-184
114000083,47,57,-10
114000084,176,108,68
114000085,62,218,-156
114000086,226,117,109
114000087,151,32,119
114000088,61,11,50
114000089,341,183,158
114000090,778,1038,-260
114000091,774,745,29
114000092,610,236,374
114000093,1001,403,598
114000094,544,393,151
114000095,223,178,45
114000096,33,123,-90
114000097,54,114,-60
114000098,558,83,475
114000099,889,142,747
114000100,1598,316,1282
114000101,467,233,234
114000102,566,275,291
114000103,104,144,-40
114000104,41,86,-45
114000105,164,79,85
114000106,528,1637,-1109
114000107,644,106,538
114000108,803,718,85
114000109,872,2709,-1837
114000110,341,587,-246
114000111,2058,1043,1015
114000112,342,1023,-681
114000113,2043,486,1557
114000114,460,619,-159
114000115,2640,895,1745
114000116,989,3465,-2476
114000117,4282,604,3678
114000118,3495,376,3119
114000119,2578,444,2134
114000120,424,511,-87
114000121,572,631,-59
114000122,420,292,128
114000123,2205,374,1831
114000124,1059,357,702
114000125,963,720,243
114000126,1458,193,1265
114000127,232,67,165
114000128,932,219,713
114000130,463,454,9
114000131,286,72,214
114000132,467,333,134
114000133,325,715,-390
114000134,40,37,3
114000138,25,133,-108
114000139,383,462,-79
114000144,641,618,23
114000145,42,56,-14
114000146,91,52,39
114000147,1296,2393,-1097
114000148,858,1630,-772
114000149,217,407,-190
114000150,437,1112,-675
114000151,1096,3140,-2044
114000152,38,45,-7
114000153,565,1858,-1293
114000154,674,712,-38
114000155,969,2637,-1668
114000156,742,678,64
114000157,236,1425,-1189
114000158,1010,438,572
114000159,100,344,-244
114000160,52,598,-546
114000161,876,3026,-2150
114000162,1144,2590,-1446
114000163,20,26,-6
114000165,400,471,-71
114000166,683,473,210
114000167,1826,1088,738
114000168,337,309,28
114000169,870,1298,-428
114000170,923,1228,-305
114000171,1322,8313,-6991
114000174,160,239,-79
114000176,229,426,-197
114000177,579,318,261
114000178,59,63,-4
114000179,792,880,-88
114000180,190,278,-88
114000181,1248,4706,-3458
114000182,764,2081,-1317
114000183,525,605,-80
114000184,1571,439,1132
114000185,1174,608,566
114000189,1206,99,1107
114000190,3448,425,3023
114000191,104,216,-112
114000192,67,452,-385
114000193,217,764,-547
114000194,1313,552,761
114000195,214,89,125
114000196,0,69,-69
114000197,1848,20,1828
114000198,521,180,341
114000199,1206,1395,-189
114000200,489,659,-170
114000201,106,529,-423
114000202,706,321,385
114000203,710,559,151
114000204,90,357,-267
114000205,139,664,-525
114000206,708,923,-215
114000207,423,596,-173
114000208,397,896,-499
114000209,239,997,-758
114000210,142,694,-552
114000211,1132,831,301
114000212,593,681,-88
114000213,1546,307,1239
114000214,52,53,-1
114000215,168,48,120
114000216,1575,266,1309
114000217,488,139,349
114000218,241,61,180
114000219,1469,82,1387
114000220,36,334,-298
114000221,1021,121,900
114000222,92,385,-293
114000223,767,155,612
114000224,35,346,-311
114000225,327,223,104
114000226,173,178,-5
114000227,995,403,592
114000228,833,362,471
114000229,1325,868,457
114000230,1584,548,1036
114000231,1154,1114,40
114000232,1097,171,926
114000233,2548,85,2463
114000234,1155,441,714
114000235,1244,912,332
114000236,1,241,-240
114000237,120,485,-365
114000238,138,278,-140
114000239,116,653,-537
114000240,776,788,-12
114000241,294,410,-116
114000242,580,450,130
114000243,1753,701,1052
114000244,434,253,181
114000245,503,689,-186
114000246,119,32,87
114000247,451,450,1
114000248,1449,490,959
114000249,503,314,189
114000250,642,261,381
114000251,309,135,174
114000252,40,12,28
114000253,47,63,-16
114000254,94,34,60
114000255,462,143,319
114000256,380,1672,-1292
114000257,424,639,-215
114000258,272,147,125
114000259,75,167,-92
114000260,0,18,-18
114000261,36,14,22
114000262,193,50,143
114000263,8,0,8
114000264,987,216,771
114000265,0,1,-1
114000267,7,1533,-1526
114000268,1,352,-351
114000270,207,2,205
114000271,290,62,228
114000283,1216,219,997
114000285,7,99,-92
114000288,129,223,-94
114000289,1838,189,1649
114000293,177,452,-275
114000294,199,217,-18
114000395,1091,12,1079
114000396,481,706,-225
114000402,919,158,761
114000403,328,202,126
114000405,210,216,-6
114000423,358,113,245
114000424,419,100,319
114000425,920,102,818
114000426,309,770,-461
114000427,126,53,73
114000428,85,164,-79
114000429,4,80,-76
114000432,138,37,101
114000434,15,51,-36
114000435,1,43,-42
114900001,594,212,382
114900002,306,60,246
114900003,792,258,534
114900004,141,354,-213
114900005,492,227,265
114900006,40,47,-7
114900007,267,21,246
114900008,206,103,103
114900010,852,1291,-439
114900011,175,116,59
114900013,237,71,166
114900020,116,62,54
114900025,351,100,251
114900026,76,102,-26
114900029,164,26,138
114900030,205,132,73
114900031,595,36,559
114900032,449,26,423
114900034,37,45,-8
114900035,58,255,-197
114900036,135,221,-86
114900039,471,179,292
114900040,89,57,32
114900041,1009,142,867
114900042,1353,182,1171
114900044,205,32,173
114900047,236,3312,-3076
114900048,35,148,-113
114900049,29,64,-35
114900050,42,124,-82
114900051,31,108,-77
114900052,14,126,-112
114900053,49,147,-98
114900054,13,28,-15
114900057,123,7,116
114900058,0,39,-39
114900059,94,69,25
114900063,105,38,67
114900064,2190,88,2102
114900065,510,581,-71
114900067,34,313,-279
114900068,14,93,-79
114900069,113,28,85
114900070,445,137,308
114900072,0,165,-165
114900073,2,46,-44
114900074,832,116,716
114900075,220,8,212
114900076,0,82,-82
114900080,666,113,553
114900082,1495,2718,-1223
114900083,256,632,-376
114900090,380,141,239
114900091,100,104,-4
114900097,185,2,183
114900098,3,93,-90
114900099,268,6,262
115000001,3730,1702,2028
115000002,3904,5393,-1489
115000003,3448,1492,1956
115000004,4987,5394,-407
115000005,1863,1891,-28
115000006,1195,1293,-98
115000007,523,187,336
115000008,526,498,28
115000009,459,237,222
115000010,253,151,102
115000013,65,224,-159
115000015,24,353,-329
115000016,34,258,-224
115000019,36,389,-353
115000020,220,925,-705
115000021,293,277,16
115000022,457,188,269
115000023,304,445,-141
115000024,624,235,389
115000025,847,548,299
115000026,171,222,-51
115000027,280,195,85
115000028,153,572,-419
115000029,789,71,718
115000030,488,721,-233
115000031,815,179,636
115000032,1,162,-161
115000033,189,27,162
115000034,60,676,-616
115000035,856,108,748
115000036,0,337,-337
115000037,548,17,531
115000038,101,189,-88
115000039,2806,3015,-209
115000040,2939,2202,737
115000041,2040,4345,-2305
115000042,302,529,-227
115000043,3902,3054,848
115000044,2859,2869,-10
115000045,2629,1047,1582
115000046,2866,3055,-189
115000047,2912,1471,1441
115000048,2034,1404,630
115000049,998,2348,-1350
115000050,2996,1336,1660
115000051,1575,3951,-2376
115000052,987,1186,-199
115000053,2384,2113,271
115000054,458,571,-113
115000055,149,765,-616
115000056,125,485,-360
115000057,496,1336,-840
115000058,190,353,-163
115000059,360,341,19
115000061,126,228,-102
115000062,200,323,-123
115000063,298,332,-34
115000064,245,149,96
115000065,93,419,-326
115000067,315,39,276
115000069,114,182,-68
115000070,45,863,-818
115000071,68,17,51
115000072,18,75,-57
115000073,1343,90,1253
115000075,94,39,55
115000076,1957,1637,320
115000077,2010,1037,973
115000078,1494,602,892
115000079,1557,824,733
115000080,3193,1109,2084
115000081,253,437,-184
115000082,4785,4117,668
115000083,1758,836,922
115000084,2981,1045,1936
115000085,1133,473,660
115000086,1278,543,735
115000087,392,1189,-797
115000088,1633,587,1046
115000089,1184,773,411
115000090,436,859,-423
115000091,253,415,-162
115000092,932,677,255
115000093,584,1,583
115000094,4242,7323,-3081
115000095,3364,6374,-3010
115000096,1098,667,431
115000097,1864,1052,812
115000098,1515,468,1047
115000099,2736,1165,1571
115000100,1382,272,1110
115000101,514,716,-202
115000102,641,225,416
115000103,275,378,-103
115000105,88,81,7
115000106,858,375,483
115000107,185,263,-78
115000108,1536,1593,-57
115000109,2840,4831,-1991
115000110,1254,1701,-447
115000111,425,881,-456
115000112,659,645,14
115000113,431,641,-210
115000114,1153,381,772
115000116,2144,1665,479
115000117,1558,1711,-153
115000118,1467,1597,-130
115000119,1056,1398,-342
115000120,610,1348,-738
115000121,550,505,45
115000122,579,1213,-634
115000123,745,1773,-1028
115000124,572,871,-299
115000125,310,1100,-790
115000126,108,456,-348
115000127,338,137,201
115000128,226,765,-539
115000129,185,418,-233
115000130,415,410,5
115000131,745,204,541
115000132,366,228,138
115000133,658,146,512
115000134,253,214,39
115000135,148,115,33
115000136,246,185,61
115000137,81,148,-67
115000138,385,196,189
115000139,233,145,88
115000140,448,173,275
115000141,280,125,155
115000142,220,91,129
115000143,911,684,227
115000144,493,83,410
115000145,306,145,161
115000146,471,474,-3
115000147,356,338,18
115000148,364,473,-109
115000149,834,179,655
115000150,508,400,108
115000151,1169,350,819
115000152,679,755,-76
115000153,1368,360,1008
115000154,951,211,740
115000155,567,874,-307
115000156,659,842,-183
115000157,315,1048,-733
115000158,133,467,-334
115000159,393,578,-185
115000160,341,325,16
115000161,146,358,-212
115000162,408,789,-381
115000163,497,644,-147
115000164,547,817,-270
115000165,160,709,-549
115000167,72,102,-30
115000168,390,617,-227
115000169,234,1075,-841
115000170,88,187,-99
115000171,181,480,-299
115000172,586,541,45
115000173,265,699,-434
115000174,42,394,-352
115000175,198,68,130
115000176,34,74,-40
115000177,58,88,-30
115000178,10,138,-128
115000179,7,34,-27
115000180,62,255,-193
115000181,646,160,486
115000182,1152,205,947
115000183,377,386,-9
115000186,591,149,442
115000187,148,307,-159
115000188,429,472,-43
115000189,216,233,-17
115000190,663,383,280
115000191,206,403,-197
115000194,60,100,-40
115000195,124,381,-257
115000196,186,96,90
115000197,212,129,83
115000198,554,83,471
115000199,557,88,469
115000200,419,96,323
115000201,227,176,51
115000206,328,20,308
115000207,203,140,63
115000208,188,519,-331
115000209,539,302,237
115000210,118,83,35
115000211,241,181,60
115000212,992,255,737
115000224,200,59,141
115000225,102,42,60
115000229,194,41,153
115000230,131,541,-410
115000231,265,631,-366
115000232,2643,275,2368
115000233,128,182,-54
115000234,64,331,-267
115000241,73,93,-20
115000242,186,91,95
115000243,71,98,-27
115000244,20,188,-168
115000246,108,12,96
115000247,59,11,48
115000248,71,11,60
115000249,5,13,-8
115000250,263,24,239
115000251,414,58,356
115000252,78,184,-106
115000253,10,448,-438
115000258,403,62,341
115000259,198,82,116
115000261,20,16,4
115000262,15,39,-24
115000263,29,23,6
115000264,23,25,-2
115000267,64,83,-19
115000268,59,114,-55
115000269,88,41,47
115000270,3,23,-20
115000272,67,69,-2
115000273,551,19,532
115000280,1234,192,1042
115000281,211,573,-362
115000282,659,559,100
115000284,121,191,-70
115000296,635,11,624
115000297,80,114,-34
115000298,27,437,-410
115000300,216,140,76
115000302,670,79,591
115000303,1028,53,975
115000304,785,62,723
115000305,81,276,-195
115000306,169,95,74
115000307,118,149,-31
115000308,23,23,0
115000310,1711,446,1265
115000311,1499,1007,492
115000313,109,323,-214
115000314,593,258,335
115000315,1027,1202,-175
115000316,162,91,71
115000317,145,334,-189
115000318,686,225,461
115000319,67,241,-174
115000320,10,460,-450
115000321,193,10,183
115000322,58,129,-71
115000449,167,168,-1
115000557,2,1433,-1431
115000558,257,100,157
115000587,625,264,361
115000588,2048,2130,-82
115000589,3718,2465,1253
115000590,857,1417,-560
115000591,1171,734,437
115000592,397,1776,-1379
115000593,1393,838,555
115000594,291,2995,-2704
115000609,234,120,114
115000617,486,2030,-1544
115000624,354,25,329
115000633,247,975,-728
115000634,2959,657,2302
115000635,711,196,515
115000638,278,295,-17
115000641,42,287,-245
115000642,147,130,17
115000643,85,236,-151
115000644,166,199,-33
115000646,636,1300,-664
115000647,160,418,-258
115000648,2423,903,1520
115000893,1606,1357,249
115000894,96,622,-526
115000895,219,1619,-1400
115000896,1146,688,458
115000897,443,118,325
115000898,306,287,19
115000899,187,1416,-1229
115000900,42,712,-670
115000901,76,291,-215
115000912,481,131,350
115000913,2,40,-38
115000915,20,0,20
115000916,1,0,1
115000917,0,6,-6
115000918,21,559,-538
115000919,3,16,-13
115000920,13,94,-81
115000921,233,68,165
115000922,458,1504,-1046
115000923,94,2773,-2679
115000925,172,132,40
115000927,46,51,-5
115000933,77,1005,-928
115000934,177,160,17
115000935,190,52,138
115000936,53,784,-731
115000937,1432,357,1075
115000938,80,490,-410
115000939,38,214,-176
115000940,3,25,-22
115000941,4,57,-53
115000942,5,176,-171
115000943,12,130,-118
115000944,11,8,3
115900001,186,9,177
115900002,60,75,-15
115900003,208,29,179
115900004,0,12,-12
115900005,160,13,147
115900006,64,79,-15
115900008,131,1,130
115900009,49,204,-155
115900010,426,49,377
115900011,325,179,146
115900012,299,23,276
115900013,214,116,98
115900014,129,115,14
115900015,255,14,241
115900016,67,32,35
115900017,27,13,14
115900018,162,17,145
115900019,71,9,62
115900020,97,1,96
115900021,553,311,242
115900022,694,4,690
115900023,8,6,2
115900025,34,146,-112
115900026,533,90,443
115900027,0,92,-92
115900028,235,48,187
115900029,11,152,-141
115900030,39,19,20
115900031,98,201,-103
115900032,288,636,-348
115900033,0,54,-54
115900034,33,117,-84
115900035,36,42,-6
115900036,24,2063,-2039
115900037,13,101,-88
115900038,56,46,10
115900039,182,103,79
115900041,111,824,-713
115900042,74,8,66
115900043,104,33,71
115900044,120,203,-83
115900046,666,100,566
115900047,121,220,-99
115900049,130,116,14
115900051,12,13,-1
115900052,12,99,-87
115900053,227,71,156
115900054,360,38,322
115900055,47,58,-11
115900056,165,90,75
115900057,36,22,14
115900058,9,45,-36
115900060,67,46,21
115900061,260,0,260
115900062,39,123,-84
115900063,22,1,21
115900064,167,206,-39
115900065,152,36,116
115900066,65,48,17
115900067,10,108,-98
115900068,995,1226,-231
115900069,94,136,-42
115900070,183,78,105
115900071,0,110,-110
115900072,20,71,-51
115900073,191,122,69
115900074,1,93,-92
115900075,19,162,-143
115900076,8,25,-17
115900077,0,62,-62
115900078,25,103,-78
115900079,372,11,361
115900080,147,69,78
115900081,29,21,8
115900082,94,103,-9
115900084,578,17,561
115900085,65,113,-48
115900086,761,277,484
115900088,5,63,-58
115900089,456,281,175
115900090,648,5,643
115900091,3,14,-11
115900092,42,44,-2
115900093,6,17,-11
115900094,11,53,-42
115900096,6,8,-2
115900097,2,100,-98
115900098,293,98,195
115900099,56,37,19
115900100,8,109,-101
115900101,267,119,148
115900102,147,34,113
115900103,340,114,226
115900104,113,38,75
115900105,212,166,46
115900106,135,7,128
115900107,78,37,41
115900108,176,16,160
115900109,17,133,-116
115900110,2,2,0
115900111,2,33,-31
115900112,30,385,-355
115900113,69,11,58
115900114,0,55,-55
115900115,66,133,-67
115900116,62,356,-294
115900117,118,7,111
115900118,2,66,-64
115900119,101,92,9
115900120,29,167,-138
115900121,205,75,130
115900124,248,847,-599
115900125,467,47,420
115900126,897,43,854
115900127,915,34,881
115900128,2,78,-76
115900129,488,40,448
115900130,14,360,-346
115900131,281,15,266
115900132,729,3,726
115900134,309,17,292
115900135,475,951,-476
115900137,28,3,25
115900139,15,124,-109
115900140,541,30,511
115900141,2,46,-44
115900142,7,66,-59
115900143,285,298,-13
115900144,192,162,30
115900146,15,44,-29
115900147,202,255,-53
115900148,137,4,133
115900149,253,18,235
115900150,148,12,136
115900151,11,72,-61
115900152,256,196,60
115900153,209,105,104
115900154,286,386,-100
115900155,0,14,-14
115900156,836,827,9
115900157,196,428,-232
115900158,3,3,0
115900159,147,184,-37
115900160,3,1,2
115900161,23,64,-41
115900163,192,47,145
115900164,496,12,484
115900166,92,102,-10
115900168,181,68,113
115900171,75,410,-335
115900172,58,133,-75
115900173,153,45,108
115900174,244,463,-219
115900175,137,129,8
115900178,4,147,-143
115900179,386,5,381
115900180,72,76,-4
115900181,277,73,204
115900182,576,97,479
115900183,27,109,-82
115900184,430,4,426
115900187,14,205,-191
115900189,1,157,-156
115900190,53,1039,-986
115900191,22,122,-100
115900192,29,87,-58
115900193,108,58,50
115900194,914,68,846
115900195,343,2647,-2304
115900198,176,162,14
115900199,272,92,180
115900200,234,119,115
115900201,210,323,-113
115900202,1,50,-49
115900203,8,16,-8
115900204,0,6,-6
115900205,31,26,5
115900206,289,65,224
115900207,66,6,60
115900208,105,54,51
115900209,8,77,-69
115900210,8,77,-69
115900211,1,54,-53
115900212,150,82,68
115900213,118,105,13
115900214,685,75,610
115900215,19,286,-267
115900216,4,40,-36
115900217,7,12,-5
115900218,1,10,-9
115900219,175,3,172
115900220,286,8,278
115900221,211,4,207
115900222,90,54,36
115900223,19,666,-647
115900224,460,1802,-1342
115900225,30,38,-8
115900226,35,37,-2
115900227,15,96,-81
115900228,4,56,-52
115900229,2,29,-27
115900230,21,47,-26
115900231,125,2,123
115900232,70,0,70
115900233,88,0,88
115900234,46,37,9
115900235,30,56,-26
115900236,8,25,-17
115900237,33,17,16
115900238,25,6,19
115900239,17,6,11
115900240,12,11,1
115900241,167,42,125
115900242,324,466,-142
115900243,22,1,21
115900244,18,6,12
115900245,87,3,84
115900246,9,8,1
115900247,8,3,5
115900248,4,6,-2
115900249,47,3,44
115900250,31,12,19
115900251,14,8,6
115900252,3,0,3
115900253,12,3,9
115900254,8,45,-37
115900255,2,64,-62
115900256,38,125,-87
115900257,8,9,-1
115900258,1,0,1
115900259,5,3,2
115900260,5,4,1
115900261,4,2,2
115900262,1,0,1
115900263,9,2,7
115900264,4,5,-1
115900265,0,15,-15
115900266,1,16,-15
115900267,1,9,-8
115900268,0,5,-5
115900269,573,116,457
115900270,309,79,230
115900271,169,0,169
115900272,91,18,73
115900273,12,32,-20
115900274,1,2,-1
115900275,0,5,-5
115900276,0,11,-11
115900277,0,41,-41
115900278,78,59,19
115900279,29,203,-174
115900280,14,666,-652
115900281,147,392,-245
115900282,45,51,-6
115900283,30,2,28
115900284,14,11,3
116000001,6002,1929,4073
116000002,4780,13453,-8673
116000003,944,1505,-561
116000004,3535,5332,-1797
116000005,905,3269,-2364
116000006,2682,4441,-1759
116000007,1279,1895,-616
116000008,4796,2920,1876
116000009,821,1171,-350
116000010,2869,1507,1362
116000011,676,831,-155
116000012,1986,1107,879
116000013,3660,4478,-818
116000014,9586,21283,-11697
116000015,152,1521,-1369
116000016,4064,4665,-601
116000017,47,712,-665
116000018,444,322,122
116000019,1149,260,889
116000020,669,1030,-361
116000021,740,257,483
116000022,436,293,143
116000023,1859,985,874
116000024,510,795,-285
116000025,849,772,77
116000026,1381,3136,-1755
116000027,444,819,-375
116000028,495,1073,-578
116000029,387,469,-82
116000030,531,641,-110
116000031,60,165,-105
116000032,330,96,234
116000033,580,420,160
116000034,680,656,24
116000035,442,385,57
116000036,485,3693,-3208
116000037,259,490,-231
116000038,154,1257,-1103
116000039,335,1929,-1594
116000040,760,1611,-851
116000041,119,1146,-1027
116000042,1075,885,190
116000043,129,481,-352
116000044,4,49,-45
116000045,1677,1229,448
116000046,901,2078,-1177
116000047,1622,2547,-925
116000048,2771,1337,1434
116000049,1628,3130,-1502
116000050,1502,1012,490
116000051,4115,3467,648
116000052,4160,4174,-14
116000053,2461,982,1479
116000054,1198,2845,-1647
116000055,936,1019,-83
116000056,1574,908,666
116000057,2752,1280,1472
116000058,3619,3036,583
116000059,2145,3983,-1838
116000060,2343,1253,1090
116000061,660,1415,-755
116000062,479,352,127
116000063,638,2165,-1527
116000066,260,613,-353
116000067,283,304,-21
116000068,165,373,-208
116000069,244,171,73
116000078,580,811,-231
116000080,1966,549,1417
116000082,24,9,15
116000083,2000,439,1561
116000084,1009,1906,-897
116000085,1919,1816,103
116000086,807,606,201
116000087,2927,1716,1211
116000088,936,470,466
116000089,183,87,96
116000090,137,112,25
116000091,234,441,-207
116000093,534,239,295
116000094,690,289,401
116000095,894,371,523
116000096,1128,1423,-295
116000097,1006,513,493
116000098,74,7937,-7863
116000099,3595,305,3290
116000100,354,17,337
116000101,1198,442,756
116000102,357,560,-203
116000103,419,277,142
116000104,217,572,-355
116000105,1386,98,1288
116000106,483,847,-364
116000107,2598,232,2366
116000108,73,139,-66
116000111,137,19,118
116000113,140,77,63
116000114,30,115,-85
116000115,297,71,226
116000116,168,169,-1
116000117,1189,895,294
116000118,1512,696,816
116000119,3301,1271,2030
116000120,2533,2193,340
116000121,915,499,416
116000122,575,599,-24
116000123,1204,362,842
116000124,375,355,20
116000125,2125,433,1692
116000126,303,525,-222
116000127,590,484,106
116000128,2217,654,1563
116000129,1034,142,892
116000130,705,401,304
116000133,1476,770,706
116000134,1461,728,733
116000135,2841,1236,1605
116000136,694,1054,-360
116000137,1175,590,585
116000138,1586,887,699
116000139,1975,3881,-1906
116000140,110,233,-123
116000141,452,309,143
116000142,2834,1823,1011
116000143,2156,1323,833
116000144,1615,1502,113
116000145,2489,697,1792
116000146,1116,84,1032
116000147,281,272,9
116000148,912,1344,-432
116000149,863,759,104
116000151,614,505,109
116000153,119,366,-247
116000155,167,344,-177
116000156,526,403,123
116000157,85,22,63
116000158,482,199,283
116000159,26,17,9
116000160,34,33,1
116000161,8,57,-49
116000162,65,159,-94
116000163,48,10,38
116000164,9,39,-30
116000177,51,114,-63
116000194,72,259,-187
116000195,1107,433,674
116000196,50,6,44
116000197,14,22,-8
116000198,1970,890,1080
116000200,678,596,82
116000201,546,461,85
116000202,14,107,-93
116000203,1,44,-43
116000204,4,30,-26
116000205,1,64,-63
116000206,2,130,-128
116000207,5,54,-49
116000233,180,328,-148
116000287,228,159,69
116000288,404,129,275
116000292,53,83,-30
116000296,19,93,-74
116000297,213,20,193
116000304,141,19,122
116000305,12,47,-35
116000346,187,78,109
116000352,133,88,45
116000354,18,15,3
116000357,4,14,-10
116000358,348,76,272
116000361,184,6,178
116000372,3690,7293,-3603
116000381,107,3,104
116000388,1,21,-20
116000389,763,230,533
116000445,710,194,516
116000446,746,218,528
116000447,26,507,-481
116000448,408,148,260
116000563,613,584,29
116000565,31,321,-290
116000568,47,290,-243
116000579,31,60,-29
116000584,20,8,12
116000585,33,32,1
116000586,78,66,12
116000587,422,378,44
116000589,40,48,-8
116000590,93,76,17
116000591,303,191,112
116000592,12,23,-11
116000593,0,9,-9
116000594,1037,102,935
116000595,658,34,624
116000596,172,3,169
116000597,473,175,298
116000598,28,104,-76
116000605,143,88,55
116000606,42,259,-217
116000607,1,152,-151
116000609,85,1082,-997
116000611,237,136,101
116000612,1488,1741,-253
116000613,746,289,457
116000614,393,198,195
116000615,5,652,-647
116000616,120,41,79
116000617,95,26,69
116000618,5,56,-51
116000619,48,70,-22
116000620,216,316,-100
116000621,82,62,20
116000622,164,93,71
116000624,106,54,52
116000627,156,17,139
116000628,39,88,-49
116000629,52,83,-31
116000630,513,3,510
116000631,241,17,224
116000632,898,31,867
116000633,273,97,176
116000634,393,37,356
116000635,1994,3649,-1655
116000636,442,2317,-1875
116000637,648,31,617
116000638,124,147,-23
116000639,105,6,99
116000640,55,26,29
116000641,16,53,-37
116000643,0,35,-35
116000644,52,66,-14
116000645,54,5,49
116900001,371,127,244
116900002,305,2,303
116900003,45,15,30
116900004,31,83,-52
116900005,257,55,202
116900006,66,122,-56
116900007,167,264,-97
116900008,524,83,441
116900009,20,2,18
116900010,0,485,-485
116900011,7,11,-4
116900012,265,295,-30
116900013,1,37,-36
116900014,306,33,273
116900015,601,49,552
116900016,289,7,282
116900017,0,242,-242
116900019,5,90,-85
116900020,266,1457,-1191
116900023,91,7,84
116900024,745,103,642
116900025,1252,369,883
116900026,32,398,-366
116900027,62,59,3
116900028,0,68,-68
116900029,0,109,-109
116900031,0,2,-2
116900032,6,111,-105
116900033,33,36,-3
116900034,1,21,-20
116900035,133,131,2
116900036,3,139,-136
116900038,17,9,8
116900041,48,7,41
116900042,188,132,56
116900043,12,41,-29
116900047,15,170,-155
116900049,16,175,-159
116900050,53,220,-167
116900051,202,25,177
116900052,226,53,173
116900055,0,9,-9
116900057,22,59,-37
116900058,19,223,-204
116900059,2,25,-23
116900060,115,383,-268
116900062,2,23,-21
116900064,104,203,-99
116900065,20,78,-58
116900067,143,64,79
116900068,175,91,84
116900070,2,2,0
116900072,40,145,-105
116900073,27,61,-34
116900074,5,23,-18
116900076,7,110,-103
116900077,7,35,-28
116900078,135,28,107
116900079,45,85,-40
116900080,3,11,-8
116900081,172,542,-370
116900082,241,733,-492
116900083,6,18,-12
116900084,70,47,23
116900085,17,68,-51
116900086,58,127,-69
116900088,314,35,279
116900090,43,23,20
116900091,457,32,425
116900092,53,349,-296
116900093,3590,1165,2425
116900094,2971,5436,-2465
116900095,169,619,-450
116900096,74,334,-260
116900097,1585,3593,-2008
116900098,757,543,214
116900099,218,886,-668
116900100,860,74,786
116900101,174,520,-346
116900103,27,0,27
116900104,23,182,-159
116900105,277,168,109
116900106,2607,38,2569
116900107,1255,2811,-1556
116900110,19,1,18
116900111,631,111,520
116900112,283,367,-84
116900113,512,1604,-1092
116900116,41,1173,-1132
116900117,206,85,121
116900118,1429,911,518
116900120,393,56,337
116900121,193,10,183
116900122,920,158,762
116900123,463,218,245
116900124,139,398,-259
116900125,495,63,432
116900126,72,488,-416
116900128,2,68,-66
116900129,0,165,-165
116900130,1274,4126,-2852
116900131,47,250,-203
116900132,54,59,-5
116900133,180,112,68
116900134,252,165,87
116900136,224,103,121
116900137,232,132,100
116900138,128,85,43
116900139,63,192,-129
116900140,116,73,43
116900141,311,180,131
116900142,4,70,-66
116900143,233,152,81
116900144,41,45,-4
116900145,33,124,-91
116900147,238,2642,-2404
116900148,12,22,-10
116900149,70,243,-173
116900150,8,2,6
116900151,108,84,24
116900153,139,79,60
116900154,172,453,-281
116900155,59,70,-11
116900157,788,64,724
116900158,83,287,-204
116900159,92,519,-427
116900160,896,1001,-105
116900161,2874,9408,-6534
116900163,299,41,258
116900164,85,55,30
116900165,494,373,121
116900166,9,39,-30
116900167,446,24,422
116900168,436,31,405
116900169,166,2160,-1994
116900170,533,506,27
116900171,36,31,5
116900172,101,516,-415
116900173,233,7,226
116900174,81,78,3
116900175,220,627,-407
116900178,50,51,-1
116900179,63,427,-364
116900180,71,15,56
116900182,1415,268,1147
116900183,253,57,196
116900185,55,58,-3
116900186,56,50,6
116900187,43,65,-22
116900188,91,16,75
116900189,46,0,46
116900191,242,413,-171
116900192,342,93,249
116900194,284,1952,-1668
116900195,42,15,27
116900196,82,57,25
116900197,111,10,101
116900198,42,380,-338
116900200,155,2,153
116900201,196,4,192
116900202,55,39,16
116900203,126,21,105
116900204,29,163,-134
116900206,33,2,31
116900207,12,28,-16
116900208,11,64,-53
116900209,23,31,-8
116900210,663,306,357
116900211,204,1,203
116900212,139,24,115
116900213,237,114,123
116900214,372,207,165
116900215,55,80,-25
116900216,369,205,164
116900218,4,230,-226
116900219,568,225,343
116900220,164,202,-38
116900221,168,244,-76
116900222,533,311,222
116900223,148,230,-82
116900226,81,38,43
116900227,209,38,171
116900228,316,128,188
116900230,88,225,-137
116900231,30,330,-300
116900232,954,83,871
116900233,1069,433,636
116900234,15,4,11
116900235,583,306,277
116900238,728,193,535
116900239,15,617,-602
116900240,3194,3235,-41
116900241,139,22,117
116900242,504,1053,-549
116900243,0,8,-8
116900245,33,29,4
116900246,139,13,126
116900247,984,39,945
116900248,79,20,59
116900249,474,48,426
116900250,454,22,432
116900251,423,1006,-583
116900252,242,568,-326
116900254,178,534,-356
116900255,192,84,108
116900256,503,119,384
116900257,14,112,-98
116900258,2,54,-52
116900259,411,6,405
116900260,0,36,-36
116900261,96,1,95
116900262,167,78,89
116900263,0,16,-16
116900264,82,57,25
116900265,116,2,114
116900266,23,5,18
116900267,27,0,27
116900268,123,108,15
116900269,313,1014,-701
116900271,450,435,15
116900272,569,403,166
116900273,36,591,-555
116900274,204,29,175
116900275,233,136,97
116900276,262,231,31
116900277,142,23,119
116900278,5,3,2
116900279,1,12,-11
116900280,33,27,6
116900281,2644,5535,-2891
116900282,0,28,-28
116900283,6,31,-25
116900284,7,73,-66
116900285,147,274,-127
116900286,78,12,66
116900287,16,6,10
116900288,133,45,88
116900289,49,3,46
116900290,40,19,21
116900291,26,17,9
116900292,0,37,-37
116900293,81,10,71
116900294,14,102,-88
116900295,152,472,-320
116900296,47,408,-361
116900297,26,164,-138
116900298,88,453,-365
116900299,30,426,-396
116900300,10,149,-139
116900301,43,1008,-965
116900302,21,225,-204
116900303,132,160,-28
116900304,0,248,-248
116900305,14,25,-11
116900306,288,90,198
116900307,143,1,142
116900308,0,31,-31
116900309,138,15,123
116900310,12,32,-20
117000001,2715,2847,-132
117000002,1830,3579,-1749
117000003,6206,3573,2633
117000004,2030,4927,-2897
117000005,4083,2307,1776
117000006,1079,1989,-910
117000007,6289,1273,5016
117000008,919,2183,-1264
117000009,4797,1664,3133
117000010,1464,2319,-855
117000011,2906,1275,1631
117000012,1510,789,721
117000013,2301,1012,1289
117000014,1257,2009,-752
117000015,2651,1435,1216
117000016,417,689,-272
117000017,140,1652,-1512
117000018,75,1172,-1097
117000019,73,120,-47
117000020,756,1837,-1081
117000021,2236,842,1394
117000022,214,628,-414
117000023,83,1178,-1095
117000024,91,1402,-1311
117000025,187,4459,-4272
117000026,1526,4358,-2832
117000027,1122,4641,-3519
117000028,1091,3826,-2735
117000030,382,368,14
117000031,545,535,10
117000032,1425,1657,-232
117000033,1822,829,993
117000034,453,210,243
117000035,436,729,-293
117000036,505,222,283
117000037,395,317,78
117000038,326,496,-170
117000039,368,283,85
117000040,237,520,-283
117000041,1144,94,1050
117000044,18,565,-547
117000045,1035,150,885
117000046,364,995,-631
117000047,1374,730,644
117000048,1183,741,442
117000049,34,392,-358
117000050,254,1078,-824
117000051,2735,89,2646
117000052,51,201,-150
117000053,745,27,718
117000054,1819,5,1814
117000055,21,1068,-1047
117000056,711,27,684
117000057,485,1338,-853
117000060,478,1042,-564
117000061,2454,1428,1026
117000062,176,683,-507
117000063,2074,974,1100
117000064,641,659,-18
117000066,409,690,-281
117000067,158,534,-376
117000074,26,112,-86
117000076,37,29,8
117000077,202,135,67
117000078,89,410,-321
117000079,414,266,148
117000080,1,440,-439
117000081,928,187,741
117000082,35,55,-20
117000083,738,216,522
117000084,125,2,123
117000085,315,644,-329
117000086,597,242,355
117000087,124,454,-330
117000088,284,117,167
117000089,2090,153,1937
117000090,210,498,-288
117000091,1263,219,1044
117000092,440,532,-92
117000093,1900,581,1319
117000094,859,1191,-332
117000095,3720,629,3091
117000096,549,1258,-709
117000097,2085,690,1395
117000098,1465,1984,-519
117000099,4553,925,3628
117000100,254,249,5
117000101,110,568,-458
117000102,2348,612,1736
117000103,423,770,-347
117000104,1814,582,1232
117000105,488,848,-360
117000106,1864,552,1312
117000107,485,901,-416
117000108,2545,787,1758
117000109,682,1328,-646
117000110,2108,1766,342
117000111,4010,3805,205
117000112,3558,1316,2242
117000113,145,61,84
117000114,278,99,179
117000115,98,35,63
117000116,225,176,49
117000117,1676,1025,651
117000118,486,229,257
117000119,168,874,-706
117000120,79,2057,-1978
117000121,38,1169,-1131
117000122,1088,1636,-548
117000123,3456,80,3376
117000124,118,339,-221
117000125,52,1167,-1115
117000126,57,23,34
117000127,90,528,-438
117000128,83,1765,-1682
117000129,329,2170,-1841
117000130,180,3,177
117000131,0,42,-42
117000132,3604,15,3589
117000133,2690,23,2667
117000134,1,253,-252
117000135,8,206,-198
117000136,0,78,-78
117000137,252,142,110
117000138,1,993,-992
117000140,361,815,-454
117000141,2404,453,1951
117000181,294,182,112
117000182,2844,970,1874
117000195,106,372,-266
117000196,320,124,196
117000225,35,278,-243
117000226,5,443,-438
117000276,373,13,360
117000277,1,106,-105
117000310,1044,2129,-1085
117000315,220,660,-440
117000320,78,0,78
117000906,537,15,522
117000907,6,169,-163
117000909,170,126,44
117000910,280,99,181
117000911,50,102,-52
117000915,1,167,-166
117000916,134,2,132
117000917,1640,28,1612
117000918,333,69,264
117000919,28,29,-1
117000920,0,483,-483
117000921,0,319,-319
117000922,11,59,-48
117000924,808,725,83
117000926,794,640,154
117000927,235,870,-635
117000928,0,129,-129
117000929,484,185,299
117000930,659,8,651
117000931,85,205,-120
117900002,49,1134,-1085
117900003,138,181,-43
117900005,5,354,-349
117900006,0,19,-19
117900007,141,80,61
117900008,0,6,-6
117900010,525,99,426
117900011,29,1024,-995
117900012,79,61,18
117900013,0,176,-176
117900014,991,175,816
117900015,29,119,-90
117900016,918,796,122
117900017,1251,846,405
117900018,423,1365,-942
117900019,1058,233,825
117900020,48,357,-309
117900021,37,82,-45
117900023,3894,76,3818
117900024,109,64,45
117900025,38,11,27
117900026,487,144,343
117900028,67,3,64
117900029,492,441,51
117900031,313,926,-613
117900032,735,492,243
117900033,683,458,225
117900034,85,35,50
117900035,201,76,125
117900036,444,228,216
117900037,179,55,124
117900038,26,70,-44
117900039,1,22,-21
117900040,144,151,-7
117900041,2,20,-18
117900042,2317,345,1972
117900043,5,24,-19
117900044,59,5675,-5616
117900045,319,127,192
117900048,431,92,339
117900049,646,312,334
117900050,23,1072,-1049
117900051,21,17,4
117900052,116,453,-337
117900053,1735,185,1550
117900054,2,19,-17
117900055,2781,439,2342
117900056,40,273,-233
117900057,774,748,26
117900058,22,155,-133
117900059,70,121,-51
117900060,2794,1874,920
117900061,12,482,-470
117900063,563,122,441
117900065,273,660,-387
117900066,9,114,-105
117900067,1057,145,912
117900069,1342,208,1134
117900070,67,579,-512
117900071,195,112,83
117900073,791,196,595
117900074,35,537,-502
117900075,90,54,36
117900076,77,139,-62
117900077,581,102,479
117900078,483,638,-155
117900080,314,37,277
117900081,215,204,11
117900082,654,357,297
117900083,637,276,361
117900086,333,39,294
117900087,154,26,128
117900088,965,1122,-157
117900089,2447,586,1861
117900090,636,344,292
117900091,98,58,40
117900092,101,18,83
117900093,103,34,69
117900094,62,24,38
117900095,576,2388,-1812
117900096,230,403,-173
117900097,144,18,126
117900098,68,9,59
117900099,251,924,-673
117900100,502,4,498
117900101,827,2367,-1540
117900102,111,8,103
117900103,53,3,50
117900104,7,382,-375
117900105,60,133,-73
117900106,95,23,72
117900107,34,0,34
117900109,840,260,580
117900110,175,2,173
117900111,659,35,624
117900112,47,8,39
117900113,1017,1987,-970
117900114,18,1,17
117900115,67,394,-327
117900116,571,548,23
117900117,732,145,587
117900118,150,0,150
117900119,209,39,170
117900120,891,205,686
117900121,121,17,104
117900122,848,4977,-4129
117900123,1352,287,1065
117900124,341,331,10
117900125,1310,1503,-193
117900126,135,240,-105
117900127,541,182,359
117900128,319,219,100
117900129,153,1,152
117900130,500,366,134
117900131,9,64,-55
117900132,8,79,-71
117900133,34,58,-24
117900134,29,124,-95
117900135,26,44,-18
117900136,0,17,-17
117900137,39,122,-83
117900138,0,8,-8
117900139,115,44,71
117900140,6441,791,5650
117900141,86,285,-199
117900142,32,615,-583
117900144,53,1678,-1625
117900145,13,259,-246
117900146,166,225,-59
117900147,147,83,64
117900148,3343,2679,664
117900149,132,102,30
117900150,111,59,52
117900151,42,155,-113
117900152,162,110,52
117900153,4,195,-191
117900154,724,419,305
117900156,465,449,16
117900157,97,512,-415
117900158,304,78,226
117900160,694,681,13
117900161,934,900,34
117900162,869,415,454
117900163,47,1172,-1125
117900165,0,9,-9
117900166,52,531,-479
117900168,86,134,-48
117900169,0,37,-37
117900170,0,10,-10
117900171,2,28,-26
117900172,27,13,14
117900173,66,67,-1
117900174,21,31,-10
117900175,10,21,-11
117900176,9,33,-24
117900177,15,7,8
117900178,89,33,56
117900180,161,47,114
117900181,40,444,-404
117900182,1,26,-25
117900183,94,136,-42
117900184,25,38,-13
117900185,72,20,52
117900186,61,12,49
117900187,22,4,18
117900188,123,48,75
117900189,89,17,72
117900190,16,0,16
117900191,98,3,95
117900192,216,13,203
117900193,69,70,-1
117900194,28,9,19
117900195,19,81,-62
117900196,21,18,3
117900207,40,151,-111
117900208,14,11,3
117900209,136,111,25
117900210,95,100,-5
117900211,0,109,-109
117900212,105,168,-63
117900213,47,4,43
117900214,13,9,4
117900215,120,50,70
117900216,56,69,-13
117900217,57,341,-284
117900218,101,210,-109
117900219,7,276,-269
117900220,31,598,-567
117900222,189,100,89
117900223,89,303,-214
118000001,613,2375,-1762
118000002,327,1060,-733
118000003,2420,5403,-2983
118000004,1391,5833,-4442
118000005,3427,3468,-41
118000006,4699,5494,-795
118000007,4408,9100,-4692
118000008,1149,4580,-3431
118000009,1387,2810,-1423
118000010,4250,3211,1039
118000011,1802,867,935
118000012,1192,1324,-132
118000013,2154,1819,335
118000014,1638,1131,507
118000016,307,200,107
118000017,915,395,520
118000018,330,235,95
118000019,1246,2361,-1115
118000020,570,2242,-1672
118000021,498,3393,-2895
118000022,937,603,334
118000023,332,405,-73
118000024,450,1115,-665
118000027,8982,7383,1599
118000029,473,674,-201
118000032,132,2415,-2283
118000033,1759,5213,-3454
118000034,2928,3752,-824
118000035,2056,2829,-773
118000036,821,1193,-372
118000037,661,1910,-1249
118000038,718,116,602
118000039,109,110,-1
118000040,1553,1613,-60
118000041,3227,1395,1832
118000045,212,256,-44
118000046,889,1816,-927
118000047,444,3538,-3094
118000048,1230,4146,-2916
118000051,579,3345,-2766
118000052,220,1374,-1154
118000053,217,431,-214
118000054,2358,545,1813
118000055,2159,1138,1021
118000056,117,426,-309
118000057,113,313,-200
118000058,1442,4395,-2953
118000059,1192,2456,-1264
118000060,1044,552,492
118000061,996,926,70
118000062,414,279,135
118000063,244,948,-704
118000064,571,1285,-714
118000065,1397,1493,-96
118000066,1544,3947,-2403
118000067,436,522,-86
118000068,706,8684,-7978
118000069,1014,1279,-265
118000070,5085,2146,2939
118000071,2961,9394,-6433
118000072,641,3690,-3049
118000073,396,1865,-1469
118000074,553,713,-160
118000075,436,389,47
118000076,1809,6126,-4317
118000077,1127,2596,-1469
118000078,1661,3321,-1660
118000079,215,523,-308
118000080,608,1618,-1010
118000081,1414,2773,-1359
118000082,347,1286,-939
118000083,1249,1966,-717
118000084,1858,2096,-238
118000086,213,539,-326
118000087,3534,2177,1357
118000088,1056,1795,-739
118000089,3877,2817,1060
118000090,793,3142,-2349
118000091,928,4066,-3138
118000092,821,668,153
118000093,93,782,-689
118000096,581,938,-357
118000097,565,833,-268
118000098,208,344,-136
118000099,1009,433,576
118000101,1827,366,1461
118000102,399,584,-185
118000107,2373,703,1670
118000108,573,3819,-3246
118000110,3,50,-47
118000111,1,165,-164
118000112,1135,4,1131
118000113,9,218,-209
118000114,845,13,832
118000115,4,9,-5
118000116,11,0,11
118000117,625,947,-322
118000118,1059,2305,-1246
118000119,1002,1994,-992
118000120,1290,1233,57
118000121,31,753,-722
118000122,585,402,183
118000123,55,320,-265
118000125,931,1415,-484
118000126,399,2056,-1657
118000127,1075,1108,-33
118000128,301,2098,-1797
118000129,1492,783,709
118000130,1882,2436,-554
118000131,249,682,-433
118000132,2851,2158,693
118000133,1357,791,566
118000135,415,982,-567
118000136,152,992,-840
118000137,422,138,284
118000138,332,421,-89
118000139,486,108,378
118000140,3563,7717,-4154
118000141,2532,1255,1277
118000142,2684,1416,1268
118000143,3220,1340,1880
118000144,757,460,297
118000145,1324,958,366
118000146,1391,338,1053
118000147,1207,879,328
118000148,808,1113,-305
118000149,1011,463,548
118000150,669,421,248
118000151,912,252,660
118000153,1907,743,1164
118000154,1533,1104,429
118000155,2727,1130,1597
118000156,1852,3111,-1259
118000157,587,317,270
118000158,436,389,47
118000159,35,74,-39
118000160,928,382,546
118000161,761,278,483
118000162,1457,887,570
118000163,1042,931,111
118000164,1786,1316,470
118000168,437,655,-218
118000169,1094,698,396
118000170,2448,2101,347
118000171,376,357,19
118000172,113,137,-24
118000173,1039,1084,-45
118000175,276,304,-28
118000176,326,461,-135
118000177,293,705,-412
118000178,64,43,21
118000179,837,1137,-300
118000180,623,552,71
118000181,840,198,642
118000182,333,223,110
118000183,330,214,116
118000184,1114,437,677
118000185,586,1786,-1200
118000186,532,1078,-546
118000187,2053,379,1674
118000188,709,71,638
118000189,1040,282,758
118000190,5,9,-4
118000191,23,13,10
118000192,22,88,-66
118000193,8,160,-152
118000194,1440,636,804
118000195,205,4913,-4708
118000196,117,693,-576
118000197,130,206,-76
118000198,343,1448,-1105
118000199,321,964,-643
118000200,67,670,-603
118000201,139,861,-722
118000202,56,343,-287
118000203,354,1352,-998
118000204,42,553,-511
118000205,119,281,-162
118000206,309,291,18
118000207,0,49,-49
118000208,1188,1183,5
118000209,2744,843,1901
118000210,129,49,80
118000211,80,56,24
118000213,271,4201,-3930
118000214,266,686,-420
118000215,429,62,367
118000216,5880,1427,4453
118000217,14,48,-34
118000218,69,28,41
118000219,192,230,-38
118000220,16,24,-8
118000221,498,398,100
118000222,58,34,24
118000223,102,34,68
118000224,170,50,120
118000225,120,1449,-1329
118000226,1085,260,825
118000227,1034,787,247
118000228,55,464,-409
118000229,34,576,-542
118000230,94,160,-66
118000231,42,374,-332
118000232,982,259,723
118000233,1233,496,737
118000234,556,92,464
118000236,249,323,-74
118000237,143,145,-2
118000238,228,130,98
118000239,320,255,65
118000240,148,99,49
118000241,234,100,134
118000242,395,164,231
118000243,243,121,122
118000244,96,37,59
118000246,0,27,-27
118000255,31,181,-150
118000256,139,163,-24
118000259,5,44,-39
118000260,191,55,136
118000261,71,16,55
118000263,83,121,-38
118000266,170,161,9
118000267,2,372,-370
118000268,155,11,144
118000270,131,6,125
118000271,379,239,140
118000272,63,20,43
118000273,375,24,351
118000274,89,216,-127
118000276,458,152,306
118000295,31,97,-66
118000298,111,153,-42
118000299,83,74,9
118000301,1,243,-242
118000302,160,24,136
118000311,909,58,851
118000312,347,62,285
118000313,74,50,24
118000314,197,14,183
118000315,22,13,9
118000316,1080,358,722
118000325,81,26,55
118000326,47,19,28
118000331,55,20,35
118000332,19,26,-7
118000333,41,40,1
118000335,490,1,489
118000336,1,146,-145
118000407,267,39,228
118000457,2,112,-110
118000465,604,2800,-2196
118000480,37,47,-10
118000489,10,512,-502
118000490,11,164,-153
118000492,540,179,361
118000510,56,31,25
118000514,67,653,-586
118000515,430,913,-483
118000517,300,166,134
118000524,146,363,-217
118000525,441,528,-87
118000530,15,166,-151
118000531,422,140,282
118000532,355,175,180
118000533,314,106,208
118000534,550,277,273
118000535,417,111,306
118000536,40,454,-414
118000537,18,99,-81
118000538,24,96,-72
118000539,14,100,-86
118000540,133,210,-77
118000541,63,83,-20
118000542,66,296,-230
118000543,144,396,-252
118000546,28,23,5
118000553,0,1,-1
118000560,1114,2097,-983
118000562,25,93,-68
118000563,1251,948,303
118000576,164,41,123
118000577,266,199,67
118000578,104,39,65
118000579,896,1930,-1034
118000583,0,0,0
118000595,197,120,77
118000596,3,618,-615
118000597,239,146,93
118000598,3,0,3
118000599,244,27,217
118000600,2,2,0
118000601,3,0,3
118000602,1,6,-5
118000603,0,22,-22
118000605,95,151,-56
118000606,17,26,-9
118900001,356,1039,-683
118900002,572,990,-418
118900003,399,10,389
118900004,85,35,50
118900005,63,4,59
118900006,177,7,170
118900007,2,2,0
118900008,940,44,896
118900009,58,77,-19
118900010,102,16,86
118900011,140,7,133
118900012,265,163,102
118900013,942,243,699
118900015,228,30,198
118900016,6,5,1
118900017,26,284,-258
118900018,997,26,971
118900019,4,23,-19
118900020,43,273,-230
118900021,83,524,-441
118900022,100,30,70
118900023,106,168,-62
118900024,95,115,-20
118900025,42,14,28
118900026,78,31,47
118900027,448,159,289
118900028,219,101,118
118900029,206,333,-127
118900030,474,46,428
118900031,150,30,120
118900032,300,91,209
118900033,278,650,-372
118900034,114,20,94
118900035,122,47,75
118900036,1120,353,767
118900037,207,597,-390
118900038,477,68,409
118900039,578,93,485
118900040,223,90,133
118900041,526,294,232
118900042,123,46,77
118900045,192,204,-12
118900046,382,388,-6
118900047,280,379,-99
118900048,139,575,-436
118900049,79,48,31
118900050,73,12,61
118900051,68,120,-52
118900052,197,530,-333
118900053,13,107,-94
118900054,146,27,119
118900055,102,13,89
118900056,17,233,-216
118900057,601,401,200
118900058,396,359,37
118900059,33,123,-90
118900060,62,46,16
118900062,226,92,134
118900064,135,594,-459
118900065,30,85,-55
118900066,103,80,23
118900067,2662,3584,-922
118900068,27,229,-202
118900069,637,160,477
118900071,6,17,-11
118900072,797,350,447
118900073,222,103,119
118900074,225,34,191
118900075,105,8,97
118900076,219,247,-28
118900077,429,192,237
118900078,2,3,-1
118900079,36,121,-85
118900080,49,51,-2
118900081,45,87,-42
118900082,1519,139,1380
118900083,17,1,16
118900084,12,16,-4
118900085,468,359,109
118900086,54,101,-47
118900087,68,469,-401
118900088,0,1,-1
118900089,25,15,10
118900090,456,148,308
118900091,85,231,-146
118900092,178,57,121
118900093,58,10,48
118900096,164,306,-142
118900097,306,467,-161
118900099,52,81,-29
118900100,55,177,-122
118900101,120,115,5
118900102,45,112,-67
118900103,4,110,-106
118900104,114,58,56
118900105,203,70,133
118900107,43,33,10
118900108,71,63,8
118900110,1323,782,541
118900111,678,240,438
118900112,133,224,-91
118900113,63,229,-166
118900114,7,153,-146
118900115,74,290,-216
118900116,108,162,-54
118900117,160,107,53
118900118,276,155,121
118900119,220,133,87
118900120,34,199,-165
118900121,17,55,-38
118900122,5,907,-902
118900123,165,200,-35
118900124,40,118,-78
118900126,24,352,-328
118900129,302,184,118
118900130,19,274,-255
118900131,310,91,219
118900132,270,187,83
118900133,13,214,-201
118900135,202,111,91
118900136,249,217,32
118900137,18,62,-44
118900139,243,133,110
118900140,513,323,190
118900141,169,48,121
118900144,201,207,-6
118900145,11,73,-62
118900146,303,320,-17
118900147,61,551,-490
118900148,49,22,27
118900150,95,379,-284
118900152,527,411,116
118900157,41,270,-229
118900158,151,22,129
118900159,2,61,-59
118900161,40,9,31
118900163,58,50,8
118900164,1,37,-36
118900165,53,28,25
118900166,29,1,28
118900167,71,54,17
118900168,14,165,-151
118900169,82,107,-25
118900170,189,33,156
118900171,51,33,18
118900174,128,32,96
118900175,714,362,352
118900176,256,207,49
118900177,66,10,56
118900178,58,55,3
118900179,5,5,0
118900181,92,42,50
118900182,15,31,-16
118900183,32,108,-76
118900184,195,52,143
118900185,248,32,216
118900186,98,109,-11
118900187,96,368,-272
118900188,230,291,-61
118900189,36,636,-600
118900190,45,84,-39
118900191,489,23,466
118900192,453,4,449
118900193,750,4,746
118900195,108,271,-163
118900196,41,127,-86
118900197,299,45,254
118900198,25,2,23
118900199,117,4,113
118900200,23,8,15
118900201,22,30,-8
118900202,4,42,-38
118900203,29,5,24
118900204,18,8,10
118900205,10,6,4
118900206,0,1,-1
119000001,1433,2052,-619
119000002,3221,3148,73
119000003,3085,677,2408
119000004,2476,1648,828
119000005,2156,2302,-146
119000006,4399,1684,2715
119000007,3417,3338,79
119000008,1852,1462,390
119000009,2794,6056,-3262
119000010,3589,3528,61
119000011,1646,2119,-473
119000012,871,2173,-1302
119000013,3091,1820,1271
119000014,1161,1598,-437
119000019,203,106,97
119000020,2270,1819,451
119000021,5395,3407,1988
119000022,921,3258,-2337
119000023,281,229,52
119000024,1558,16845,-15287
119000025,3039,619,2420
119000026,46,377,-331
119000027,142,265,-123
119000028,1384,429,955
119000029,70,268,-198
119000030,494,592,-98
119000031,705,433,272
119000032,1715,1590,125
119000033,1683,894,789
119000034,1040,419,621
119000035,20,157,-137
119000036,2561,485,2076
119000037,1421,649,772
119000038,423,347,76
119000039,821,333,488
119000040,962,765,197
119000041,508,895,-387
119000048,2095,1425,670
119000049,3125,1286,1839
119000050,1351,1188,163
119000051,2631,923,1708
119000052,2989,2129,860
119000053,1862,916,946
119000054,3546,1489,2057
119000055,5531,2150,3381
119000056,3717,1385,2332
119000057,1927,865,1062
119000058,1594,979,615
119000059,998,976,22
119000060,1709,720,989
119000061,972,531,441
119000062,968,954,14
119000063,732,596,136
119000064,695,612,83
119000065,1082,2691,-1609
119000066,1909,1128,781
119000067,1704,1300,404
119000068,1816,842,974
119000069,1795,1273,522
119000070,2744,640,2104
119000071,348,393,-45
119000072,3962,2195,1767
119000073,3009,8785,-5776
119000074,1579,1364,215
119000075,3463,1899,1564
119000076,211,1054,-843
119000077,497,501,-4
119000078,550,204,346
119000079,244,568,-324
119000080,410,34,376
119000081,219,249,-30
119000082,857,182,675
119000083,742,402,340
119000084,337,279,58
119000085,489,103,386
119000086,380,617,-237
119000087,594,271,323
119000088,367,407,-40
119000090,89,72,17
119000091,117,203,-86
119000092,274,109,165
119000093,3740,2080,1660
119000094,4216,4769,-553
119000095,2393,3721,-1328
119000097,1599,696,903
119000098,1416,3706,-2290
119000099,2098,774,1324
119000100,4117,2709,1408
119000101,2902,1550,1352
119000102,424,1694,-1270
119000103,882,576,306
119000104,1182,728,454
119000105,769,2827,-2058
119000106,332,584,-252
119000107,1328,547,781
119000108,598,408,190
119000109,128,687,-559
119000110,260,426,-166
119000111,79,875,-796
119000112,159,128,31
119000113,1079,394,685
119000114,1552,1075,477
119000115,139,143,-4
119000116,93,100,-7
119000117,97,301,-204
119000118,6,1,5
119000123,2303,3712,-1409
119000124,1145,96,1049
119000125,5224,380,4844
119000126,1681,399,1282
119000127,1118,196,922
119000128,16,5,11
119000131,942,196,746
119000132,7,1,6
119000133,1,6,-5
119000134,1351,512,839
119000135,254,245,9
119000136,387,97,290
119000137,275,188,87
119000138,785,50,735
119000139,171,90,81
119000140,363,265,98
119000284,832,1510,-678
119000285,1361,1031,330
119000286,3098,2412,686
119000287,1198,1200,-2
119000288,1555,704,851
119000289,928,2593,-1665
119000290,236,163,73
119000291,58,153,-95
119000293,297,214,83
119000294,43,43,0
119000295,1206,170,1036
119000296,497,368,129
119000302,1409,1050,359
119000303,136,238,-102
119000310,0,0,0
119000314,1168,13765,-12597
119000315,0,87,-87
119000316,259,58,201
119000317,114,102,12
119000319,507,53,454
119900001,120,1779,-1659
119900002,199,193,6
119900003,18,503,-485
119900004,118,2279,-2161
119900005,182,69,113
119900006,129,401,-272
119900007,640,193,447
119900008,36,41,-5
119900009,440,301,139
119900010,425,658,-233
119900011,21,226,-205
119900012,23,88,-65
119900013,1900,1424,476
119900014,328,182,146
119900015,302,46,256
119900016,52,43,9
119900017,51,35,16
119900018,916,1082,-166
119900019,49,9,40
119900020,83,137,-54
119900021,157,48,109
119900022,82,924,-842
119900023,284,3152,-2868
119900025,368,16,352
119900026,437,180,257
119900027,11,25,-14
119900028,250,158,92
119900029,0,0,0
119900030,362,229,133
119900031,52,784,-732
119900033,1187,291,896
119900034,774,27,747
119900037,211,4,207
119900038,41,413,-372
119900039,80,12,68
119900040,131,24,107
119900041,206,4,202
119900042,50,241,-191
119900043,126,76,50
119900044,151,819,-668
119900046,200,14,186
119900047,338,153,185
119900048,403,16,387
119900049,253,3,250
119900050,122,102,20
119900051,1172,5,1167
119900052,121,15,106
119900053,310,67,243
119900054,470,6,464
119900055,1398,326,1072
119900057,324,27,297
119900058,384,4,380
119900059,68,24,44
119900060,302,19,283
119900061,274,4,270
119900062,120,0,120
119900063,1,56,-55
119900065,221,5,216
119900067,99,6,93
119900068,863,1,862
119900069,141,14,127
119900070,861,5,856
119900071,771,23,748
119900073,970,443,527
119900074,18,28,-10
119900075,1135,1559,-424
119900076,1285,173,1112
119900077,988,252,736
119900078,912,522,390
119900079,586,66,520
119900080,438,297,141
119900081,1072,21,1051
119900082,1664,162,1502
119900083,307,62,245
119900084,295,283,12
119900085,79,31,48
119900086,466,421,45
119900087,411,769,-358
119900088,25,16,9
119900089,35,151,-116
119900090,78,20,58
119900091,67,175,-108
119900092,46,168,-122
119900093,1491,180,1311
119900094,22,68,-46
119900095,108,73,35
119900096,15,66,-51
119900097,190,166,24
119900098,36,36,0
119900099,20,77,-57
119900100,506,2501,-1995
119900101,93,1660,-1567
119900102,67,102,-35
119900103,28,91,-63
119900104,20,61,-41
119900105,475,2931,-2456
119900106,6,62,-56
119900107,168,891,-723
119900108,4016,474,3542
119900109,20,89,-69
119900110,701,298,403
119900111,148,100,48
119900112,467,697,-230
119900113,62,209,-147
119900114,258,401,-143
119900115,355,232,123
119900116,60,304,-244
119900117,407,298,109
119900118,134,196,-62
119900119,313,94,219
119900120,394,233,161
119900121,604,331,273
119900122,108,121,-13
119900123,173,202,-29
119900124,259,275,-16
119900125,27,259,-232
119900126,1999,187,1812
119900127,603,521,82
119900128,410,263,147
119900129,289,134,155
119900130,10,154,-144
119900131,24,53,-29
119900132,12,75,-63
119900133,80,67,13
119900134,461,77,384
119900135,1,139,-138
119900136,86,186,-100
119900138,150,292,-142
119900139,5,93,-88
119900140,1,83,-82
119900141,42,749,-707
119900142,18,13,5
119900143,22,136,-114
119900144,929,142,787
119900145,91,47,44
119900146,83,95,-12
119900147,2,121,-119
119900148,264,18,246
119900149,418,5148,-4730
119900150,90,72,18
119900151,1219,544,675
119900152,149,83,66
119900153,171,36,135
119900154,40,194,-154
119900155,32,18,14
119900156,29,2,27
119900157,159,85,74
119900158,248,26,222
119900159,7,314,-307
119900160,25,49,-24
119900161,113,67,46
119900162,1037,506,531
119900163,46,99,-53
119900164,6,4,2
119900165,177,43,134
119900166,76,18,58
119900167,15,40,-25
119900168,1311,290,1021
119900169,29,230,-201
119900170,98,282,-184
119900171,643,217,426
119900172,37,9,28
119900173,8,84,-76
119900174,6,52,-46
119900175,1596,275,1321
119900177,18,82,-64
119900178,0,81,-81
119900179,108,641,-533
119900180,943,642,301
119900181,16,99,-83
119900182,0,98,-98
119900183,133,373,-240
119900184,508,218,290
119900185,67,257,-190
119900186,16,1311,-1295
119900187,18,155,-137
119900188,105,201,-96
119900189,145,250,-105
119900190,69,288,-219
119900191,131,496,-365
119900192,38,81,-43
119900193,418,72,346
119900194,24,74,-50
119900195,10,63,-53
119900196,146,75,71
119900197,335,148,187
119900198,149,141,8
119900199,88,17,71
119900200,599,381,218
119900201,170,94,76
119900202,37,260,-223
119900203,153,478,-325
119900204,324,200,124
119900205,1032,236,796
119900206,253,78,175
119900208,99,99,0
119900209,629,1642,-1013
119900210,56,22,34
119900211,95,8,87
119900212,389,233,156
119900213,15,68,-53
119900214,61,24,37
119900215,63,12,51
119900216,51,8,43
119900217,30,15,15
119900218,4,69,-65
119900219,7,42,-35
119900220,10,23,-13
119900221,80,65,15
119900222,41,49,-8
119900223,13,23,-10
119900224,8,7,1
119900225,234,20,214
119900226,152,1374,-1222
119900227,228,177,51
119900228,32,126,-94
119900229,169,208,-39
119900230,704,226,478
119900231,305,46,259
119900232,155,92,63
119900233,145,5,140
119900234,5,92,-87
119900235,7,15,-8
119900236,18,110,-92
119900237,50,252,-202
119900238,1,47,-46
119900240,94,61,33
119900241,178,88,90
119900242,993,1063,-70
119900244,454,878,-424
119900245,160,154,6
119900246,223,530,-307
119900247,17,103,-86
119900248,34,357,-323
119900249,364,63,301
119900253,862,214,648
119900254,54,1156,-1102
119900255,100,1066,-966
119900256,712,161,551
119900257,124,5,119
119900258,212,10,202
119900259,14,26,-12
119900260,152,11,141
119900261,449,72,377
119900262,1,72,-71
119900263,1305,228,1077
119900264,140,56,84
119900265,469,180,289
119900266,400,91,309
119900267,162,219,-57
119900268,262,70,192
119900269,1083,361,722
119900271,10,30,-20
119900272,200,287,-87
119900275,142,16,126
119900276,206,7,199
119900277,18,17,1
119900278,236,49,187
119900279,87,232,-145
119900280,421,42,379
119900281,1,387,-386
119900282,20,158,-138
119900283,17,66,-49
119900284,32,68,-36
119900285,12,82,-70
119900286,1,4,-3
119900288,3,2,1
119900289,0,2,-2
119900290,6,16,-10
119900291,1,32,-31
119900292,37,47,-10
119900293,19,31,-12
119900294,22,42,-20
119900295,43,9,34
119900296,72,25,47
119900297,2,12,-10
119900298,4,13,-9
119900299,52,171,-119
119900300,233,143,90
119900301,41,94,-53
119900302,19,87,-68
119900303,283,111,172
119900304,183,58,125
119900305,3,63,-60
119900306,17,1,16
119900307,45,37,8
119900308,4,26,-22
119900309,22,238,-216
119900310,217,203,14
119900311,151,29,122
119900312,166,64,102
119900313,267,148,119
119900314,243,345,-102
119900315,1950,805,1145
119900318,20,99,-79
119900319,3,62,-59
119900320,325,143,182
119900321,234,10,224
120000001,6061,28659,-22598
120000002,2454,2313,141
120000003,1997,1188,809
120000004,2602,1134,1468
120000005,2212,1257,955
120000006,1401,982,419
120000007,2290,4310,-2020
120000008,939,1185,-246
120000009,1345,696,649
120000010,2244,1792,452
120000011,1182,1014,168
120000012,1603,1327,276
120000013,3686,2336,1350
120000014,799,1137,-338
120000015,2462,1203,1259
120000016,4817,1927,2890
120000017,4665,3623,1042
120000018,3080,16977,-13897
120000019,1265,1791,-526
120000020,2630,3639,-1009
120000021,1815,2375,-560
120000022,2535,3561,-1026
120000023,1554,1526,28
120000024,1225,2236,-1011
120000025,3006,1659,1347
120000026,3812,1828,1984
120000027,2810,2358,452
120000028,907,4089,-3182
120000029,798,1796,-998
120000030,176,669,-493
120000031,1933,4502,-2569
120000032,4118,2800,1318
120000033,4141,1399,2742
120000034,3125,954,2171
120000035,3457,1879,1578
120000036,3502,4833,-1331
120000037,624,1692,-1068
120000038,3203,2911,292
120000039,875,825,50
120000040,94,822,-728
120000041,454,1010,-556
120000042,1687,1237,450
120000043,4290,801,3489
120000044,6158,1173,4985
120000045,9559,722,8837
120000046,5902,3160,2742
120000047,363,8547,-8184
120000048,6921,4101,2820
120000049,4286,3564,722
120000050,3644,4716,-1072
120000051,2231,3814,-1583
120000052,6222,1406,4816
120000053,1679,1447,232
120000054,1505,2165,-660
120000055,1498,2525,-1027
120000056,4458,2928,1530
120000057,4392,1671,2721
120000058,1267,2598,-1331
120000059,22,1891,-1869
120000061,109,327,-218
120000062,152,285,-133
120000063,566,1292,-726
120000064,232,618,-386
120000065,345,756,-411
120000066,218,396,-178
120000067,15,251,-236
120000068,266,342,-76
120000069,643,321,322
120000070,136,294,-158
120000071,819,79,740
120000072,958,358,600
120000073,966,87,879
120000074,88,141,-53
120000075,1139,383,756
120000076,2541,316,2225
120000077,2354,678,1676
120000078,2407,1128,1279
120000079,732,317,415
120000080,347,319,28
120000081,583,207,376
120000082,608,386,222
120000083,140,1076,-936
120000084,345,322,23
120000085,208,307,-99
120000086,318,262,56
120000087,197,193,4
120000088,827,760,67
120000089,1032,277,755
120000090,894,373,521
120000091,1116,578,538
120000092,1311,471,840
120000093,834,510,324
120000094,355,985,-630
120000095,856,263,593
120000096,421,400,21
120000098,614,304,310
120000099,320,339,-19
120000100,783,541,242
120000101,908,327,581
120000102,1038,1008,30
120000103,1586,984,602
120000104,2399,405,1994
120000105,3290,570,2720
120000106,3382,628,2754
120000107,6271,534,5737
120000108,2134,92,2042
120000109,1225,83,1142
120000110,29,468,-439
120000111,113,519,-406
120000112,521,1286,-765
120000113,547,1018,-471
120000114,434,1231,-797
120000115,342,1146,-804
120000116,542,1175,-633
120000117,466,797,-331
120000118,123,49,74
120000119,31,69,-38
120000120,150,80,70
120000121,24,39,-15
120000122,200,293,-93
120000123,2189,9784,-7595
120000124,563,1061,-498
120000125,1030,412,618
120000126,259,1545,-1286
120000127,1102,1902,-800
120000128,2043,5181,-3138
120000129,254,408,-154
120000130,1128,834,294
120000131,729,567,162
120000134,276,295,-19
120000135,941,460,481
120000137,301,260,41
120000138,1814,197,1617
120000139,296,226,70
120000140,1364,189,1175
120000141,326,466,-140
120000142,1052,455,597
120000143,0,61,-61
120000144,134,2,132
120000145,748,2,746
120000146,1082,1807,-725
120000149,518,625,-107
120000150,1693,11921,-10228
120000151,499,331,168
120000152,692,70,622
120000153,500,339,161
120000154,704,659,45
120000155,243,493,-250
120000156,475,2670,-2195
120000157,999,558,441
120000158,983,585,398
120000159,2165,1597,568
120000160,2426,1845,581
120000161,3426,2315,1111
120000162,162,373,-211
120000163,947,513,434
120000164,757,137,620
120000165,737,332,405
120000166,1354,263,1091
120000167,261,200,61
120000168,8,818,-810
120000169,81,2382,-2301
120000170,26,2607,-2581
120000171,10,985,-975
120000172,8,898,-890
120000173,329,2130,-1801
120000174,28,76,-48
120000175,36,142,-106
120000176,53,60,-7
120000177,464,84,380
120000178,4,14,-10
120000179,25,77,-52
120000180,23,46,-23
120000181,32,1509,-1477
120000182,25,1246,-1221
120000183,6,446,-440
120000184,225,1174,-949
120000186,20,2307,-2287
120000187,17,1006,-989
120000188,34,983,-949
120000190,67,104,-37
120000191,104,137,-33
120000192,96,36,60
120000193,40,2,38
120000195,12,0,12
120000196,36,6,30
120000197,5,15,-10
120000198,269,13,256
120000199,459,3,456
120000200,304,3,301
120000201,41,63,-22
120000202,2,24,-22
120000203,128,86,42
120000207,1,34,-33
120000208,10,50,-40
120000209,39,17,22
120000210,333,281,52
120000211,142,4,138
120000212,170,1,169
120000213,146,42,104
120000214,1,54,-53
120000215,3,43,-40
120000216,137,17,120
120000217,282,677,-395
120000218,35,381,-346
120000219,3,270,-267
120000220,2,623,-621
120000225,2469,2,2467
120000226,603,8,595
120000227,1193,73,1120
120000228,11909,4685,7224
120000230,508,17,491
120000231,1930,681,1249
120000233,543,33,510
120000235,327,305,22
120000236,1228,2,1226
120000237,0,545,-545
120000238,0,751,-751
120000241,1309,4378,-3069
120000412,209,9,200
120000413,564,114,450
120000414,352,0,352
120000415,0,41,-41
120000416,92,5,87
120000417,5,92,-87
120000418,313,12,301
120000419,11,29,-18
120000420,193,79,114
120000421,6198,3364,2834
120000422,90,2125,-2035
120000423,2,55,-53
120000424,184,50,134
120000436,123,1158,-1035
120000437,78,102,-24
120000438,1502,253,1249
120000439,306,635,-329
120000443,145,0,145
120000444,1846,282,1564
120000445,2424,1038,1386
120000446,1625,370,1255
120000447,311,0,311
120000449,312,1,311
120000450,6,65,-59
120000451,216,192,24
120000452,77,0,77
120000453,1,26,-25
120000454,77,200,-123
120000455,140,58,82
120000456,2304,4433,-2129
120000457,365,290,75
120000458,341,352,-11
120000459,143,80,63
120000665,173,359,-186
120000668,117,2174,-2057
120000669,309,150,159
120000670,73,1487,-1414
120000671,2744,875,1869
120000672,62,347,-285
120900001,73,101,-28
120900002,105,741,-636
120900003,166,9,157
120900004,35,194,-159
120900005,17,292,-275
120900006,872,197,675
120900007,220,36,184
120900008,386,357,29
120900009,349,24,325
120900010,763,212,551
120900011,53,242,-189
120900012,28,1359,-1331
120900013,378,74,304
120900014,3,219,-216
120900015,933,89,844
120900016,1861,40,1821
120900017,1271,69,1202
120900018,136,135,1
120900019,640,451,189
120900020,693,994,-301
120900021,682,200,482
120900022,10,256,-246
120900023,447,37,410
120900024,1294,341,953
120900025,962,936,26
120900026,115,79,36
120900027,614,25,589
120900028,693,143,550
120900029,51,1069,-1018
120900030,3051,693,2358
120900031,387,136,251
120900032,1625,87,1538
120900033,1373,122,1251
120900034,21,3841,-3820
120900035,42,43,-1
120900037,355,14,341
120900038,185,509,-324
120900039,307,42,265
120900040,522,8,514
120900041,45,17,28
120900042,691,30,661
120900043,154,43,111
120900044,7,467,-460
120900045,70,43,27
120900046,971,6,965
120900047,303,195,108
120900048,309,23,286
120900049,632,7,625
120900050,858,2474,-1616
120900051,402,57,345
120900052,1049,5,1044
120900053,518,25,493
120900054,618,234,384
120900055,860,2,858
120900056,1294,39,1255
120900057,389,18,371
120900058,875,1,874
120900059,207,4,203
120900060,69,27,42
120900061,294,140,154
120900062,463,12,451
120900063,1586,19,1567
120900064,837,0,837
120900065,847,1,846
120900066,617,96,521
120900067,292,92,200
120900068,393,0,393
120900069,662,26,636
120900071,35,2,33
120900072,1699,7,1692
120900073,1030,47,983
120900074,843,57,786
120900076,484,1,483
120900077,1038,186,852
120900078,1063,318,745
120900079,1230,49,1181
120900080,1362,410,952
120900081,1729,333,1396
120900082,180,378,-198
120900083,168,65,103
120900084,750,547,203
120900085,58,86,-28
120900086,64,688,-624
120900087,399,414,-15
120900088,166,732,-566
120900089,1140,4422,-3282
120900090,281,9,272
120900091,553,1017,-464
120900092,364,229,135
120900093,869,92,777
120900094,210,118,92
120900095,227,13,214
120900096,85,109,-24
120900097,556,338,218
120900098,79,97,-18
120900099,112,66,46
120900100,44,105,-61
120900101,150,127,23
120900102,54,31,23
120900103,86,206,-120
120900104,35,61,-26
120900105,39,239,-200
120900106,479,210,269
120900107,83,105,-22
120900108,14,269,-255
120900109,18,201,-183
120900110,17,191,-174
120900111,124,162,-38
120900112,27,300,-273
120900113,17,257,-240
120900114,34,133,-99
120900115,123,256,-133
120900116,585,124,461
120900117,17,111,-94
120900118,33,215,-182
120900119,9367,2135,7232
120900120,71,352,-281
120900121,44,253,-209
120900122,1008,109,899
120900123,13,103,-90
120900124,1,152,-151
120900125,7,244,-237
120900126,705,547,158
120900127,11,116,-105
120900128,495,795,-300
120900129,13,115,-102
120900130,7,232,-225
120900131,154,67,87
120900132,1243,107,1136
120900133,44,285,-241
120900134,196,249,-53
120900135,4,220,-216
120900136,42,55,-13
120900137,400,61,339
120900138,20,124,-104
120900139,0,267,-267
120900140,0,82,-82
120900141,187,164,23
120900142,4,128,-124
120900143,1,261,-260
120900144,0,24,-24
120900145,117,444,-327
120900146,0,300,-300
120900147,4,460,-456
120900148,142,68,74
120900149,1,71,-70
120900150,80,144,-64
120900151,0,229,-229
120900152,0,6,-6
120900153,0,0,0
120900154,0,80,-80
120900155,264,326,-62
120900156,142,131,11
120900157,0,0,0
120900158,38,190,-152
120900159,7,23,-16
120900160,13,321,-308
120900161,68,232,-164
120900162,106,470,-364
120900163,110,1159,-1049
120900164,0,106,-106
120900165,3,451,-448
120900166,35,691,-656
120900167,135,68,67
120900169,187,136,51
120900170,240,4796,-4556
120900171,317,150,167
120900172,64,2490,-2426
120900173,2,39,-37
120900174,5,75,-70
120900175,152,93,59
120900176,66,344,-278
120900177,0,1752,-1752
120900178,0,510,-510
120900179,274,213,61
120900180,51,142,-91
120900181,46,23,23
120900182,25,104,-79
120900183,490,76,414
120900184,198,30,168
120900185,1325,1606,-281
120900186,1,130,-129
120900187,463,777,-314
120900188,282,13,269
120900189,136,4286,-4150
120900190,242,4,238
120900191,59,20,39
120900192,4156,14643,-10487
120900194,58,71,-13
120900195,86,136,-50
120900196,392,49,343
120900197,831,148,683
120900198,187,260,-73
120900199,369,300,69
120900200,31,53,-22
120900201,200,50,150
120900202,0,65,-65
120900203,40,38,2
120900204,65,112,-47
120900205,30,15,15
120900206,134,63,71
120900207,27,502,-475
121000001,533,2172,-1639
121000002,2123,1920,203
121000003,4997,1849,3148
121000004,2091,2912,-821
121000005,1860,2621,-761
121000006,2752,3027,-275
121000007,1962,6425,-4463
121000008,3398,5706,-2308
121000009,4230,8371,-4141
121000010,6280,6734,-454
121000011,5644,9589,-3945
121000012,10257,5953,4304
121000013,5797,7041,-1244
121000014,5417,5071,346
121000015,5143,9367,-4224
121000016,4483,4404,79
121000017,1878,1687,191
121000018,2639,1424,1215
121000019,6531,5636,895
121000020,10262,13685,-3423
121000021,1621,1440,181
121000022,1968,2825,-857
121000023,2127,818,1309
121000024,4347,4255,92
121000025,380,1380,-1000
121000026,410,235,175
121000027,1914,1563,351
121000028,850,1020,-170
121000029,717,628,89
121000030,669,414,255
121000031,502,800,-298
121000032,169,117,52
121000034,293,558,-265
121000035,257,284,-27
121000036,763,1096,-333
121000037,407,1873,-1466
121000038,385,882,-497
121000039,163,333,-170
121000041,429,459,-30
121000042,210,319,-109
121000043,515,735,-220
121000044,1232,1187,45
121000045,364,230,134
121000046,727,778,-51
121000047,132,146,-14
121000049,814,651,163
121000050,248,2390,-2142
121000051,561,366,195
121000052,358,1219,-861
121000053,338,153,185
121000054,36,529,-493
121000055,749,3273,-2524
121000056,984,1408,-424
121000057,169,786,-617
121000058,149,258,-109
121000059,3152,1414,1738
121000060,584,1255,-671
121000061,67,386,-319
121000062,162,941,-779
121000063,992,1414,-422
121000064,584,953,-369
121000065,174,1176,-1002
121000066,698,1639,-941
121000067,330,827,-497
121000068,499,699,-200
121000069,115,1179,-1064
121000070,1013,1541,-528
121000071,1340,2278,-938
121000072,736,970,-234
121000073,891,1770,-879
121000074,44,286,-242
121000075,14,90,-76
121000076,295,288,7
121000077,155,177,-22
121000078,115,246,-131
121000080,1947,660,1287
121000081,2996,3596,-600
121000082,128,515,-387
121000083,116,228,-112
121000084,222,249,-27
121000085,530,502,28
121000086,1100,668,432
121000087,56,214,-158
121000088,494,535,-41
121000089,173,542,-369
121000090,142,510,-368
121000091,1070,817,253
121000092,161,89,72
121000093,211,233,-22
121000094,297,686,-389
121000095,120,1231,-1111
121000096,6025,2504,3521
121000097,671,2631,-1960
121000098,685,524,161
121000099,735,661,74
121000100,761,156,605
121000101,365,217,148
121000102,258,144,114
121000103,196,146,50
121000104,214,57,157
121000105,370,44,326
121000106,270,167,103
121000107,1445,2858,-1413
121000109,1150,806,344
121000110,132,672,-540
121000114,4977,2667,2310
121000115,3884,899,2985
121000116,365,1236,-871
121000117,208,346,-138
121000118,1394,269,1125
121000119,635,423,212
121000120,308,388,-80
121000121,386,1513,-1127
121000123,703,526,177
121000127,116,118,-2
121000128,921,135,786
121000129,866,216,650
121000130,502,558,-56
121000131,997,846,151
121000132,810,1610,-800
121000135,230,293,-63
121000136,834,1283,-449
121000137,762,348,414
121000138,473,1576,-1103
121000139,291,660,-369
121000141,226,238,-12
121000142,492,943,-451
121000143,166,21,145
121000144,391,950,-559
121000145,590,977,-387
121000146,891,1700,-809
121000147,796,488,308
121000148,959,1109,-150
121000149,1686,2666,-980
121000152,246,248,-2
121000153,1369,441,928
121000154,1654,570,1084
121000155,2797,1350,1447
121000156,337,1130,-793
121000157,842,1111,-269
121000158,242,300,-58
121000159,230,341,-111
121000160,272,443,-171
121000161,251,307,-56
121000162,125,95,30
121000165,1067,2078,-1011
121000166,31,477,-446
121000168,344,278,66
121000169,79,187,-108
121000170,240,71,169
121000171,68,259,-191
121000172,1100,1119,-19
121000173,1836,1303,533
121000174,664,726,-62
121000175,1880,730,1150
121000176,519,418,101
121000177,740,667,73
121000178,50,83,-33
121000179,44,57,-13
121000181,410,419,-9
121000182,140,404,-264
121000183,61,131,-70
121000184,41,212,-171
121000185,28,432,-404
121000186,352,696,-344
121000187,261,95,166
121000188,296,82,214
121000192,625,468,157
121000193,716,399,317
121000194,1652,2020,-368
121000195,325,1543,-1218
121000196,669,515,154
121000197,82,1681,-1599
121000198,157,246,-89
121000199,124,215,-91
121000200,523,209,314
121000201,10,234,-224
121000202,591,136,455
121000203,619,2145,-1526
121000204,2825,808,2017
121000205,71,275,-204
121000206,98,93,5
121000207,1955,612,1343
121000208,2,263,-261
121000209,697,86,611
121000210,797,233,564
121000211,386,216,170
121000212,366,754,-388
121000213,18932,3206,15726
121000214,1124,2002,-878
121000215,776,2918,-2142
121000216,552,556,-4
121000217,3800,3344,456
121000218,433,2633,-2200
121000219,1530,964,566
121000220,165,82,83
121000221,149,572,-423
121000222,3687,3298,389
121000223,297,1241,-944
121000224,201,664,-463
121000225,550,4262,-3712
121000226,1013,1758,-745
121000227,1,103,-102
121000228,41,789,-748
121000229,319,467,-148
121000230,36,2971,-2935
121000231,1630,35,1595
121000232,587,401,186
121000233,613,398,215
121000234,22,63,-41
121000235,57,86,-29
121000236,6,99,-93
121000237,33,32,1
121000238,1,74,-73
121000239,62,2,60
121000240,3,104,-101
121000241,72,9,63
121000242,69,668,-599
121000243,202,100,102
121000244,6,100,-94
121000245,29,20,9
121000246,0,111,-111
121000247,142,12,130
121000248,529,1359,-830
121000249,42,322,-280
121000250,551,433,118
121000251,11,268,-257
121000252,118,128,-10
121000253,331,391,-60
121000254,691,221,470
121000255,97,267,-170
121000256,327,271,56
121000257,34,126,-92
121000258,90,155,-65
121000259,32,130,-98
121000260,64,124,-60
121000261,72,125,-53
121000262,2552,291,2261
121000263,401,391,10
121000271,1240,1887,-647
121000273,44,21,23
121000274,12,153,-141
121000275,1,17,-16
121000276,14,57,-43
121000278,27,39,-12
121000279,23,47,-24
121000280,25,33,-8
121000289,349,0,349
121000290,2044,1867,177
121000294,254,32,222
121000297,377,1076,-699
121000299,238,2014,-1776
121000300,2120,851,1269
121000302,16,677,-661
121000303,562,198,364
121000304,489,119,370
121000305,283,75,208
121000306,254,268,-14
121000308,90,254,-164
121000309,232,413,-181
121000310,95,247,-152
121000311,36,288,-252
121000312,586,344,242
121000313,313,208,105
121000314,36,72,-36
121000315,31,40,-9
121000530,1786,2227,-441
121000531,1881,1748,133
121000532,5693,7216,-1523
121000533,2972,4324,-1352
121000918,15,32,-17
121000919,31,88,-57
121000938,115,138,-23
121000939,27,117,-90
121000956,1510,2113,-603
121000957,3,23,-20
121000958,13,71,-58
121000959,1216,257,959
121000960,1227,1591,-364
121000961,355,62,293
121000962,782,517,265
121000963,0,0,0
121000973,1,243,-242
121000976,6,101,-95
121000979,409,132,277
121000981,379,158,221
121000982,480,189,291
121000983,413,248,165
121000984,9,66,-57
121000985,966,301,665
121000986,385,128,257
121000987,228,551,-323
121000988,1034,168,866
121001302,223,117,106
121001308,0,50,-50
121001309,18,408,-390
121001313,218,49,169
121001314,1396,1413,-17
121001315,6189,4139,2050
121001326,575,355,220
121900001,135,360,-225
121900002,34,43,-9
121900003,301,5,296
121900004,47,512,-465
121900005,25,11,14
121900006,112,22,90
121900007,1824,1398,426
121900008,75,202,-127
121900009,1073,21,1052
121900010,283,2,281
121900011,222,169,53
121900012,8,0,8
121900013,353,55,298
121900014,2099,386,1713
121900015,160,111,49
121900016,2,39,-37
121900017,589,863,-274
121900018,618,3,615
121900019,563,153,410
121900020,74,0,74
121900021,795,19,776
121900022,206,308,-102
121900023,120,268,-148
121900024,397,44,353
121900025,462,559,-97
121900026,415,122,293
121900027,305,158,147
121900028,209,3,206
121900029,81,264,-183
121900030,304,566,-262
121900031,1277,5560,-4283
121900032,101,29,72
121900033,203,400,-197
121900034,191,221,-30
121900035,5037,3161,1876
121900036,131,481,-350
121900037,65,1197,-1132
121900038,28,72,-44
121900039,325,48,277
121900040,30,73,-43
121900041,54,278,-224
121900042,388,220,168
121900043,5,3,2
121900044,56,23,33
121900046,120,231,-111
121900047,215,96,119
121900048,60,56,4
121900050,15,70,-55
121900051,99,295,-196
121900052,127,54,73
121900053,467,228,239
121900054,185,1600,-1415
121900055,0,4,-4
121900058,367,510,-143
121900059,285,118,167
121900060,132,705,-573
121900062,63,88,-25
121900063,1194,454,740
121900064,288,676,-388
121900066,48,19,29
121900067,62,28,34
121900069,153,191,-38
121900070,110,151,-41
121900071,760,277,483
121900072,71,176,-105
121900073,196,456,-260
121900074,261,487,-226
121900075,292,950,-658
121900076,379,926,-547
121900078,96,20,76
121900079,0,0,0
121900080,784,215,569
121900082,72,203,-131
121900084,24,26,-2
121900086,20,43,-23
121900087,48,182,-134
121900088,1075,1843,-768
121900089,262,214,48
121900090,23,52,-29
121900091,106,25,81
121900092,110,101,9
121900093,65,66,-1
121900094,23,16,7
121900095,337,98,239
121900096,707,694,13
121900097,646,115,531
121900098,5,1,4
121900099,225,31,194
121900100,67,302,-235
121900101,102,75,27
121900102,1,84,-83
121900103,318,269,49
121900104,1518,494,1024
121900105,270,123,147
121900106,4,9,-5
121900107,59,7,52
121900108,1,10,-9
121900109,216,182,34
121900110,667,452,215
121900111,592,286,306
121900112,103,249,-146
121900113,72,377,-305
121900114,80,88,-8
121900117,122,141,-19
121900118,2864,712,2152
121900119,102,70,32
121900120,59,745,-686
121900121,416,44,372
121900122,30,36,-6
121900123,149,355,-206
121900124,309,205,104
121900125,3204,1422,1782
121900127,13,120,-107
121900128,66,68,-2
121900129,150,232,-82
121900130,131,286,-155
121900131,272,185,87
121900132,48,95,-47
121900133,16,826,-810
121900134,19,681,-662
121900135,5056,467,4589
121900136,343,192,151
121900137,32,256,-224
121900138,40,110,-70
121900139,371,4988,-4617
121900140,51,139,-88
121900141,107,26,81
121900142,105,40,65
121900143,23,103,-80
121900144,147,1009,-862
121900145,110,183,-73
121900146,366,580,-214
121900147,60,593,-533
121900148,266,518,-252
121900149,221,427,-206
121900150,34,217,-183
121900151,49,500,-451
121900152,175,91,84
121900153,25,239,-214
121900154,8,535,-527
121900155,2,266,-264
121900156,100,265,-165
121900157,0,360,-360
121900158,74,107,-33
121900159,1,216,-215
121900160,202,347,-145
121900161,187,682,-495
121900162,83,165,-82
121900163,422,172,250
121900164,177,398,-221
121900165,158,262,-104
121900166,83,203,-120
121900167,43,61,-18
121900168,72,98,-26
121900169,13,241,-228
121900170,34,107,-73
121900171,841,996,-155
121900172,575,371,204
121900173,569,442,127
121900174,40,48,-8
121900175,71,562,-491
121900176,448,2183,-1735
121900177,109,102,7
121900178,46,84,-38
121900179,399,386,13
121900180,1609,5242,-3633
121900182,616,1088,-472
121900183,485,1610,-1125
121900184,46,1668,-1622
121900186,6,766,-760
121900187,12,104,-92
121900188,861,189,672
121900189,100,30,70
121900190,247,411,-164
121900191,24,886,-862
121900192,148,3222,-3074
121900193,34,488,-454
121900194,9,386,-377
121900195,15,42,-27
121900196,778,1121,-343
121900197,291,955,-664
121900198,4256,2979,1277
121900199,5,34,-29
121900200,68,234,-166
121900201,743,587,156
121900202,207,813,-606
121900203,49,1386,-1337
121900204,1551,1226,325
121900205,7,246,-239
121900206,23,68,-45
121900207,35,52,-17
121900208,79,727,-648
121900209,49,33,16
121900210,3001,1741,1260
121900211,1122,412,710
121900212,23,154,-131
121900213,337,26,311
121900214,4,427,-423
121900215,37,194,-157
121900216,12,154,-142
121900217,213,208,5
121900218,112,1298,-1186
121900220,151,19,132
121900221,621,479,142
121900222,280,106,174
121900223,113,177,-64
121900224,68,110,-42
121900225,98,267,-169
121900226,217,27,190
121900227,353,1339,-986
121900228,143,117,26
121900230,67,242,-175
121900231,33,919,-886
121900232,101,398,-297
121900233,416,202,214
121900234,225,195,30
121900235,533,161,372
121900236,216,121,95
121900237,201,890,-689
121900238,218,395,-177
121900239,158,61,97
121900240,121,121,0
121900241,63,42,21
121900242,11,0,11
121900243,17,1,16
121900244,11,6,5
121900245,343,107,236
121900246,8786,717,8069
121900248,1812,768,1044
121900250,113,630,-517
121900251,528,24,504
121900252,267,146,121
121900253,108,1483,-1375
121900254,293,669,-376
121900255,536,118,418
121900258,5240,1338,3902
121900259,116,564,-448
121900260,83,64,19
121900261,128,801,-673
121900262,985,1381,-396
121900263,240,150,90
121900264,773,669,104
121900265,333,119,214
121900266,547,97,450
121900267,97,48,49
121900269,159,798,-639
121900270,30,160,-130
121900271,25,191,-166
121900273,330,1570,-1240
121900274,304,371,-67
121900277,273,1061,-788
121900278,86,1313,-1227
121900279,137,179,-42
121900280,78,593,-515
121900281,96,338,-242
121900284,26,2,24
121900286,138,64,74
121900287,15,27,-12
121900288,4,25,-21
121900290,184,1749,-1565
121900291,370,1385,-1015
121900292,130,185,-55
121900293,724,6130,-5406
121900294,426,4,422
121900295,132,131,1
121900296,99,171,-72
121900298,106,1097,-991
121900299,1,17,-16
121900300,40,2,38
121900301,69,2,67
121900302,6,118,-112
121900303,137,668,-531
121900304,1,28,-27
121900305,2,8,-6
121900306,291,2,289
121900307,195,5,190
121900308,20,84,-64
121900309,4,77,-73
121900310,9,121,-112
121900311,642,21,621
121900312,489,13,476
121900313,460,31,429
121900314,2,15,-13
121900315,37,0,37
121900316,0,3,-3
121900317,37,9,28
121900318,1,6,-5
121900319,39,189,-150
121900320,31,33,-2
121900321,28,8,20
121900322,5,7,-2
121900323,75,33,42
121900324,1,20,-19
121900325,40,8,32
121900326,14,7,7
121900327,1,22,-21
121900328,0,18,-18
121900329,3,56,-53
121900330,0,199,-199
121900331,17,8,9
121900332,40,21,19
121900333,100,1,99
121900334,41,55,-14
122000001,1013,5985,-4972
122000002,1750,1196,554
122000003,1005,2829,-1824
122000004,991,1232,-241
122000005,6942,3007,3935
122000006,658,1939,-1281
122000007,631,2347,-1716
122000008,946,4033,-3087
122000009,828,736,92
122000010,3231,3464,-233
122000011,8505,3329,5176
122000012,654,6193,-5539
122000013,552,2786,-2234
122000014,7132,2202,4930
122000015,1054,1014,40
122000016,409,723,-314
122000017,1403,1604,-201
122000018,2987,2576,411
122000019,922,2999,-2077
122000020,133,703,-570
122000021,147,407,-260
122000022,1556,2118,-562
122000023,1313,2134,-821
122000024,435,3851,-3416
122000025,559,4757,-4198
122000026,314,1590,-1276
122000027,642,937,-295
122000028,2126,824,1302
122000029,173,1213,-1040
122000031,136,419,-283
122000032,9489,4285,5204
122000033,372,6650,-6278
122000034,286,1127,-841
122000035,183,761,-578
122000036,522,684,-162
122000037,1369,351,1018
122000038,275,692,-417
122000039,186,1113,-927
122000040,487,666,-179
122000041,1017,1335,-318
122000042,427,1151,-724
122000043,107,248,-141
122000044,96,124,-28
122000045,3164,1575,1589
122000046,883,2006,-1123
122000047,110,286,-176
122000048,1846,3579,-1733
122000049,7537,4393,3144
122000050,599,1485,-886
122000051,188,632,-444
122000052,373,613,-240
122000053,254,1327,-1073
122000054,1280,3126,-1846
122000055,1576,5178,-3602
122000056,3022,3021,1
122000057,5313,4822,491
122000058,645,2981,-2336
122000059,788,5790,-5002
122000060,210,1641,-1431
122000061,240,1257,-1017
122000062,499,369,130
122000063,322,2185,-1863
122000064,2742,8387,-5645
122000065,2082,3538,-1456
122000066,211,1293,-1082
122000067,973,2260,-1287
122000068,2655,1074,1581
122000069,1530,1701,-171
122000070,1181,1480,-299
122000071,5010,1251,3759
122000072,1444,1057,387
122000073,361,3035,-2674
122000074,2503,1577,926
122000075,1301,992,309
122000076,13270,2931,10339
122000077,507,3405,-2898
122000078,478,6548,-6070
122000079,185,4132,-3947
122000080,446,981,-535
122000081,80,316,-236
122000082,239,1889,-1650
122000083,6090,950,5140
122000084,5581,1543,4038
122000085,284,866,-582
122000086,3123,7141,-4018
122000087,259,319,-60
122000088,55,255,-200
122000089,7166,2521,4645
122000090,276,1341,-1065
122000091,90,679,-589
122000092,64,130,-66
122000093,1610,5442,-3832
122000094,6760,3108,3652
122000095,614,4593,-3979
122000096,293,2799,-2506
122000098,4461,4694,-233
122000099,595,2395,-1800
122000100,624,987,-363
122000101,358,394,-36
122000102,3420,1085,2335
122000103,1723,1955,-232
122000104,2551,188,2363
122000105,460,721,-261
122000106,440,2780,-2340
122000107,1166,514,652
122000108,692,893,-201
122000109,492,298,194
122000110,913,904,9
122000111,4921,1455,3466
122000112,2287,1521,766
122000113,860,1161,-301
122000114,1623,4019,-2396
122000115,2160,1404,756
122000116,275,576,-301
122000117,989,233,756
122000118,623,499,124
122000119,2185,1361,824
122000120,574,2460,-1886
122000121,490,1639,-1149
122000122,277,659,-382
122000123,928,1303,-375
122000124,554,502,52
122000125,346,487,-141
122000126,209,535,-326
122000127,292,466,-174
122000128,209,298,-89
122000129,421,1535,-1114
122000130,1992,1046,946
122000131,735,811,-76
122000132,157,422,-265
122000133,697,904,-207
122000134,822,579,243
122000135,377,218,159
122000136,759,413,346
122000137,1862,886,976
122000139,770,3295,-2525
122000140,249,1575,-1326
122000141,4945,3015,1930
122000142,113,3050,-2937
122000143,224,440,-216
122000144,1186,961,225
122000145,532,1115,-583
122000146,389,3579,-3190
122000147,534,986,-452
122000148,461,1489,-1028
122000149,1485,1062,423
122000150,1249,796,453
122000151,113,362,-249
122000152,326,382,-56
122000153,437,549,-112
122000154,261,234,27
122000155,1550,2230,-680
122000156,9562,4979,4583
122000157,702,9357,-8655
122000158,267,908,-641
122000159,536,1170,-634
122000160,1461,1370,91
122000161,876,996,-120
122000162,777,1497,-720
122000163,434,225,209
122000164,74,301,-227
122000165,1222,1854,-632
122000166,841,2944,-2103
122000167,358,535,-177
122000168,182,1357,-1175
122000169,403,295,108
122000170,342,435,-93
122000171,34,112,-78
122000172,2306,1424,882
122000173,1805,3057,-1252
122000174,1486,2254,-768
122000175,561,409,152
122000176,272,1564,-1292
122000177,871,1838,-967
122000178,7637,3903,3734
122000179,4109,4136,-27
122000180,659,1221,-562
122000181,707,1793,-1086
122000182,1745,787,958
122000183,3005,1002,2003
122000184,3144,4044,-900
122000185,1023,4259,-3236
122000186,766,2797,-2031
122000187,1480,1624,-144
122000188,446,400,46
122000189,210,518,-308
122000190,724,2603,-1879
122000191,618,813,-195
122000192,487,389,98
122000193,363,863,-500
122000194,980,617,363
122000195,104,1109,-1005
122000196,757,364,393
122000197,357,704,-347
122000198,466,3236,-2770
122000199,206,506,-300
122000200,992,835,157
122000201,1608,3658,-2050
122000202,759,2893,-2134
122000203,2015,1338,677
122000204,850,1296,-446
122000205,497,796,-299
122000206,5912,1314,4598
122000207,1647,1847,-200
122000208,1980,2704,-724
122000209,2166,891,1275
122000210,1684,3169,-1485
122000211,720,1883,-1163
122000212,532,578,-46
122000213,838,1512,-674
122000214,1554,1583,-29
122000215,2215,1832,383
122000217,1241,3236,-1995
122000218,828,73,755
122000219,1181,1104,77
122000220,210,828,-618
122000221,91,311,-220
122000222,80,41,39
122000223,772,671,101
122000225,470,532,-62
122000226,1112,1395,-283
122000227,191,1496,-1305
122000228,176,236,-60
122000229,23,334,-311
122000230,40,354,-314
122000231,176,575,-399
122000232,401,531,-130
122000233,0,68,-68
122000234,339,64,275
122000235,270,63,207
122000236,1676,100,1576
122000237,78,50,28
122000238,255,498,-243
122000239,668,91,577
122000240,1306,437,869
122000241,1724,407,1317
122000242,582,176,406
122000243,359,39,320
122000244,80,147,-67
122000245,143,127,16
122000246,346,198,148
122000247,496,307,189
122000248,798,535,263
122000249,1308,967,341
122000250,1802,899,903
122000251,97,175,-78
122000252,175,84,91
122000253,47,223,-176
122000254,237,72,165
122000255,513,539,-26
122000256,209,383,-174
122000257,156,100,56
122000258,240,227,13
122000259,49,230,-181
122000261,38,225,-187
122000262,1,13,-12
122000263,234,305,-71
122000264,1393,514,879
122000265,2642,1162,1480
122000266,3726,624,3102
122000267,57,112,-55
122000268,130,486,-356
122000269,840,438,402
122000270,491,210,281
122000271,243,2236,-1993
122000272,326,1517,-1191
122000273,300,649,-349
122000274,271,211,60
122000275,51,157,-106
122000276,877,469,408
122000277,957,1510,-553
122000278,1660,275,1385
122000279,135,152,-17
122000280,483,262,221
122000281,621,418,203
122000282,178,391,-213
122000283,162,140,22
122000284,104,66,38
122000285,277,63,214
122000286,26,117,-91
122000287,1502,1154,348
122000288,439,239,200
122000291,3033,787,2246
122000293,110,96,14
122000294,179,350,-171
122000295,1036,146,890
122000296,20,823,-803
122000297,1622,3824,-2202
122000299,550,425,125
122000300,378,340,38
122000301,6550,2878,3672
122000302,228,1684,-1456
122000303,1572,784,788
122000304,49,139,-90
122000305,1304,665,639
122000306,57,282,-225
122000307,96,106,-10
122000309,52,30,22
122000310,16,104,-88
122000311,68,95,-27
122000312,105,342,-237
122000313,72,107,-35
122000314,107,421,-314
122000315,205,32,173
122000316,1037,287,750
122000317,1768,239,1529
122000318,513,821,-308
122000319,102,334,-232
122000320,366,1359,-993
122000321,44,134,-90
122000322,2005,2428,-423
122000323,652,4470,-3818
122000324,2102,3077,-975
122000325,681,5928,-5247
122000326,141,89,52
122000327,296,1100,-804
122000328,431,531,-100
122000330,2842,2389,453
122000332,236,160,76
122000333,25,71,-46
122000337,850,333,517
122000338,438,176,262
122000340,168,4255,-4087
122000342,1495,656,839
122000343,521,446,75
122000344,57,17,40
122000345,196,60,136
122000346,210,141,69
122000348,595,654,-59
122000349,104,516,-412
122000351,171,365,-194
122000352,739,298,441
122000353,296,88,208
122000355,97,281,-184
122000356,360,2281,-1921
122000357,49,5,44
122000358,2,7,-5
122000359,0,14,-14
122000360,0,9,-9
122000362,4,22,-18
122000364,222,151,71
122000365,2,41,-39
122000366,13,8,5
122000368,421,714,-293
122000370,14,7,7
122000371,28,0,28
122000372,8,1,7
122000381,146,431,-285
122000382,57,261,-204
122000384,1302,1441,-139
122000385,69,0,69
122000386,139,2026,-1887
122000387,415,1850,-1435
122000388,843,1537,-694
122000389,180,2179,-1999
122000390,426,652,-226
122000391,162,1398,-1236
122000392,158,289,-131
122000393,11,31,-20
122000394,591,148,443
122000395,140,119,21
122000396,332,84,248
122000397,18,43,-25
122000398,7,59,-52
122000399,166,105,61
122000400,53,1541,-1488
122000401,276,105,171
122000402,374,234,140
122000403,450,327,123
122000404,193,167,26
122000408,518,831,-313
122000503,6,67,-61
122000524,46,508,-462
122000544,67,2127,-2060
122000614,308,323,-15
122000616,200,1,199
122000640,134,45,89
122000641,183,152,31
122000642,1243,511,732
122000643,27,203,-176
122000644,108,27,81
122000645,36,183,-147
122000651,425,4000,-3575
122000664,175,64,111
122000665,1259,569,690
122000666,474,1005,-531
122000673,28,128,-100
122000674,310,125,185
122000675,1727,560,1167
122000686,327,2357,-2030
122000687,1507,323,1184
122000688,259,276,-17
122000689,958,110,848
122000690,3093,121,2972
122000691,916,478,438
122000692,1038,173,865
122000693,301,734,-433
122000695,354,239,115
122000696,615,80,535
122000698,329,196,133
122000699,221,40,181
122000701,2010,238,1772
122000702,409,1234,-825
122000703,179,102,77
122000712,0,0,0
122000717,68,85,-17
122000718,818,2816,-1998
122000719,127,90,37
122000720,851,60,791
122000724,145,269,-124
122900001,31,13,18
122900002,535,6254,-5719
122900003,347,24,323
122900004,1614,74,1540
122900005,67,60,7
122900006,251,677,-426
122900007,44,80,-36
122900008,137,168,-31
122900009,1031,310,721
122900010,243,116,127
122900012,115,413,-298
122900014,113,91,22
122900015,649,917,-268
122900016,153,155,-2
122900017,185,1444,-1259
122900018,131,8,123
122900019,36,126,-90
122900020,97,304,-207
122900021,40,214,-174
122900024,165,83,82
122900025,5,214,-209
122900026,28,115,-87
122900027,37,411,-374
122900028,70,79,-9
122900029,6652,2030,4622
122900030,2397,414,1983
122900031,59,362,-303
122900032,523,264,259
122900033,136,174,-38
122900034,3248,3591,-343
122900035,18,11,7
122900036,49,41,8
122900037,456,133,323
122900038,91,2724,-2633
122900039,49,387,-338
122900040,164,1528,-1364
122900041,168,356,-188
122900042,127,322,-195
122900043,212,174,38
122900044,101,313,-212
122900045,147,299,-152
122900046,63,274,-211
122900047,106,158,-52
122900048,29,201,-172
122900049,3313,184,3129
122900051,28,608,-580
122900052,159,155,4
122900053,10,23,-13
122900055,197,44,153
122900057,220,47,173
122900061,387,62,325
122900062,460,512,-52
122900063,167,138,29
122900064,564,357,207
122900065,373,71,302
122900066,657,408,249
122900067,545,360,185
122900069,389,1688,-1299
122900070,375,118,257
122900071,104,204,-100
122900073,19,72,-53
122900074,723,148,575
122900075,1,43,-42
122900076,1,217,-216
122900077,12,68,-56
122900078,213,0,213
122900080,29,62,-33
122900081,139,107,32
122900082,907,129,778
122900083,89,60,29
122900084,11,88,-77
122900086,4,75,-71
122900087,414,403,11
122900088,24,879,-855
122900089,156,137,19
122900090,4,350,-346
122900091,333,71,262
122900092,260,93,167
122900093,1,93,-92
122900094,33,114,-81
122900095,202,38,164
122900096,185,18,167
122900097,39,33,6
122900098,24,170,-146
122900099,151,16,135
122900100,51,923,-872
122900101,396,263,133
122900102,49,27,22
122900103,335,13,322
122900104,303,3,300
122900105,36,26,10
122900106,2,23,-21
122900107,3,49,-46
122900108,2,87,-85
122900109,948,361,587
123000001,752,1613,-861
123000002,2315,7462,-5147
123000003,5019,4205,814
123000004,3024,3848,-824
123000005,3075,2699,376
123000006,2306,1756,550
123000007,4022,2628,1394
123000008,2390,2505,-115
123000009,3854,2988,866
123000010,3221,4322,-1101
123000011,1484,2215,-731
123000012,632,5096,-4464
123000013,4308,1847,2461
123000014,753,3876,-3123
123000015,1986,1300,686
123000016,2274,2819,-545
123000017,4524,1826,2698
123000018,84,108,-24
123000019,658,49,609
123000020,420,35,385
123000021,260,232,28
123000022,405,1970,-1565
123000023,2145,2265,-120
123000024,1867,1384,483
123000025,345,114,231
123000026,41,167,-126
123000027,47,1050,-1003
123000028,615,1708,-1093
123000029,396,1453,-1057
123000030,235,60,175
123000031,310,126,184
123000032,737,77,660
123000033,362,289,73
123000034,1014,822,192
123000035,319,581,-262
123000036,187,1294,-1107
123000037,161,118,43
123000038,77,350,-273
123000039,576,1749,-1173
123000040,391,248,143
123000041,567,1785,-1218
123000042,399,1372,-973
123000043,1530,15043,-13513
123000044,2553,2125,428
123000045,3794,2062,1732
123000046,244,1429,-1185
123000047,645,1557,-912
123000048,44,1558,-1514
123000049,5154,8454,-3300
123000050,2108,1580,528
123000051,80,176,-96
123000052,800,3354,-2554
123000053,2234,2893,-659
123000054,2348,1338,1010
123000055,2061,4612,-2551
123000056,974,671,303
123000057,3254,4550,-1296
123000058,542,1281,-739
123000059,166,342,-176
123000060,902,353,549
123000061,256,678,-422
123000063,1115,906,209
123000064,1416,248,1168
123000065,3286,2130,1156
123000066,422,496,-74
123000067,1069,406,663
123000068,1413,1928,-515
123000069,2647,1210,1437
123000070,182,464,-282
123000071,1910,758,1152
123000072,1115,428,687
123000073,2661,981,1680
123000074,1261,787,474
123000075,566,1717,-1151
123000076,696,384,312
123000077,2359,1374,985
123000078,3215,1437,1778
123000079,2773,1589,1184
123000080,2338,751,1587
123000081,184,240,-56
123000082,314,989,-675
123000083,1152,271,881
123000084,954,382,572
123000085,555,119,436
123000086,1019,72,947
123000087,503,259,244
123000088,1337,643,694
123000089,1186,988,198
123000090,1519,751,768
123000091,1883,1401,482
123000092,976,1077,-101
123000094,747,183,564
123000095,972,449,523
123000096,1258,263,995
123000097,759,304,455
123000098,1094,407,687
123000099,684,351,333
123000100,302,755,-453
123000101,406,529,-123
123000102,582,828,-246
123000104,513,465,48
123000105,289,436,-147
123000106,551,410,141
123000107,317,378,-61
123000108,422,954,-532
123000111,1214,424,790
123000112,1244,472,772
123000113,720,626,94
123000114,472,704,-232
123000115,262,294,-32
123000116,57,112,-55
123000117,1575,901,674
123000118,488,459,29
123000119,261,445,-184
123000120,260,426,-166
123000121,769,948,-179
123000122,468,308,160
123000123,557,659,-102
123000124,442,293,149
123000125,1496,1325,171
123000126,1238,4553,-3315
123000127,582,754,-172
123000128,189,374,-185
123000129,924,250,674
123000130,751,110,641
123000131,1590,1021,569
123000132,304,582,-278
123000133,165,256,-91
123000134,246,151,95
123000135,2306,716,1590
123000136,167,349,-182
123000137,126,148,-22
123000138,111,153,-42
123000139,576,134,442
123000140,32,248,-216
123000141,575,68,507
123000142,1100,655,445
123000143,995,2350,-1355
123000144,10,13,-3
123000147,162,260,-98
123000149,262,303,-41
123000150,147,247,-100
123000151,169,735,-566
123000152,19,178,-159
123000153,85,600,-515
123000154,750,1807,-1057
123000155,1356,664,692
123000156,16,123,-107
123000157,469,706,-237
123000158,403,915,-512
123000159,2686,3665,-979
123000160,1096,1070,26
123000161,1446,927,519
123000162,1406,1733,-327
123000163,729,194,535
123000164,1589,101,1488
123000165,284,649,-365
123000167,1,76,-75
123000168,366,101,265
123000169,897,63,834
123000170,106,38,68
123000171,940,6,934
123000172,282,544,-262
123000173,862,528,334
123000174,1055,543,512
123000175,371,750,-379
123000176,896,212,684
123000177,204,518,-314
123000178,1112,106,1006
123000179,34,277,-243
123000180,1473,297,1176
123000181,185,429,-244
123000182,236,131,105
123000183,59,293,-234
123000184,93,375,-282
123000185,955,365,590
123000186,11,268,-257
123000187,624,19,605
123000188,416,4,412
123000189,130,160,-30
123000190,31,110,-79
123000192,18,233,-215
123000193,81,469,-388
123000194,130,113,17
123000195,400,39,361
123000196,564,29,535
123000197,79,109,-30
123000198,63,937,-874
123000199,9,464,-455
123000200,495,12,483
123000201,821,6,815
123000202,16,483,-467
123000203,998,32,966
123000204,43,354,-311
123000205,225,587,-362
123000206,2006,131,1875
123000207,175,569,-394
123000208,968,176,792
123000209,3273,837,2436
123000210,497,1703,-1206
123000211,375,1251,-876
123000212,3447,419,3028
123000213,631,49,582
123000215,120,208,-88
123000216,153,894,-741
123000217,215,24,191
123000218,26,564,-538
123000219,574,79,495
123000220,582,66,516
123000221,126,230,-104
123000222,231,227,4
123000223,434,112,322
123000224,419,234,185
123000225,297,44,253
123000226,135,281,-146
123000227,112,191,-79
123000228,211,34,177
123000229,623,976,-353
123000232,67,416,-349
123000233,828,92,736
123000234,206,422,-216
123000235,1155,253,902
123000236,237,364,-127
123000237,455,94,361
123000238,40,301,-261
123000239,422,508,-86
123000240,93,1074,-981
123000241,398,100,298
123000242,126,289,-163
123000243,761,1266,-505
123000244,839,467,372
123000245,43,122,-79
123000249,354,453,-99
123000252,949,306,643
123000253,1372,566,806
123000254,629,536,93
123000255,909,677,232
123000256,19,79,-60
123000257,1902,895,1007
123000258,1055,432,623
123000259,750,383,367
123000260,751,209,542
123000261,260,210,50
123000263,349,342,7
123000264,192,124,68
123000265,62,98,-36
123000266,374,377,-3
123000267,568,270,298
123000268,55,41,14
123000269,184,86,98
123000270,88,109,-21
123000271,40,45,-5
123000272,743,337,406
123000273,259,1102,-843
123000274,1046,730,316
123000275,210,724,-514
123000278,1366,2514,-1148
123000279,183,60,123
123000280,307,206,101
123000281,291,143,148
123000282,73,353,-280
123000283,50,75,-25
123000284,55,39,16
123000286,251,397,-146
123000287,508,495,13
123000288,744,863,-119
123000289,163,1160,-997
123000291,115,880,-765
123000294,178,280,-102
123000295,745,1565,-820
123000296,881,862,19
123000297,791,313,478
123000298,1742,682,1060
123000299,565,272,293
123000300,1430,1147,283
123000301,148,477,-329
123000302,115,84,31
123000303,44,360,-316
123000305,1118,1004,114
123000306,224,55,169
123000309,35,102,-67
123000310,101,106,-5
123000311,0,96,-96
123000312,427,370,57
123000313,658,436,222
123000315,92,209,-117
123000316,707,529,178
123000317,451,90,361
123000318,94,387,-293
123000329,14,19,-5
123000337,542,842,-300
123000338,110,221,-111
123000339,376,30,346
123000340,174,250,-76
123000342,13,115,-102
123000343,69,53,16
123000344,465,203,262
123000345,346,444,-98
123000346,708,53,655
123000352,1042,788,254
123000353,97,121,-24
123000354,207,1,206
123000355,1,171,-170
123000356,465,10,455
123000357,1,85,-84
123000359,26,68,-42
123000360,231,84,147
123000361,256,181,75
123000362,408,61,347
123000363,92,102,-10
123000364,510,575,-65
123000365,17,417,-400
123000366,316,2471,-2155
123000367,299,373,-74
123000370,26,412,-386
123000371,430,64,366
123000372,362,20,342
123000373,8,272,-264
123000374,6,71,-65
123000375,415,46,369
123000376,1165,1187,-22
123000377,490,19,471
123000378,2,173,-171
123000379,2,261,-259
123000380,15,362,-347
123000381,39,99,-60
123000382,479,86,393
123000383,149,632,-483
123000384,585,200,385
123000385,109,567,-458
123000436,42,1086,-1044
123000507,88,165,-77
123000508,282,1538,-1256
123000517,272,24,248
123000518,24,99,-75
123000519,184,79,105
123000520,43,109,-66
123000521,699,106,593
123000522,121,192,-71
123000541,13,2,11
123000542,0,3,-3
123000565,1062,40,1022
123000566,360,173,187
123000567,195,94,101
123000573,30,508,-478
123000574,680,52,628
123000575,1425,496,929
123000576,589,776,-187
123000577,66,715,-649
123000578,339,159,180
123000579,1077,7697,-6620
123000580,279,96,183
123000582,362,21,341
123000583,3,304,-301
123000584,182,251,-69
123000585,0,38,-38
123000586,83,0,83
123000596,227,231,-4
123000597,118,353,-235
123000602,115,12,103
123000603,1353,391,962
123000604,724,290,434
123000605,720,35,685
123000606,1,432,-431
123000609,19,329,-310
123000610,64,64,0
123000613,47,144,-97
123000614,205,26,179
123000615,84,107,-23
123000616,647,48,599
123000617,71,124,-53
123000618,12,414,-402
123000619,262,87,175
123000620,24,333,-309
123000622,395,8,387
123000624,201,52,149
123000630,2151,394,1757
123000631,238,467,-229
123000632,685,714,-29
123000633,1,201,-200
123000634,51,333,-282
123000635,56,137,-81
123000636,49,302,-253
123000637,192,13,179
123000638,453,28,425
123000639,629,5115,-4486
123000640,11,302,-291
123000648,654,108,546
123000649,43,391,-348
123000650,95,32,63
123000651,6,101,-95
123900001,886,48,838
123900002,26,1166,-1140
123900003,123,347,-224
123900005,290,325,-35
123900006,447,98,349
124000001,1259,141,1118
124000002,35,753,-718
124000003,1105,152,953
124000004,54,309,-255
124000005,1025,421,604
124000006,149,324,-175
124000007,432,81,351
124000008,21,305,-284
124000009,995,190,805
124000010,230,174,56
124000011,875,273,602
124000012,126,231,-105
124000017,249,126,123
124000018,102,52,50
124000019,207,149,58
124000020,12,93,-81
124000021,166,74,92
124000022,67,132,-65
124000023,678,363,315
124000024,87,183,-96
124000025,784,569,215
124000026,255,234,21
124000027,1358,897,461
124000028,1238,733,505
124000031,1158,4016,-2858
124000032,860,386,474
124000033,752,626,126
124000034,368,613,-245
124000035,341,132,209
124000036,128,270,-142
124000037,228,736,-508
124000038,12,71,-59
124000039,286,209,77
124000040,140,821,-681
124000041,361,98,263
124000042,83,256,-173
124000043,70,100,-30
124000044,77,76,1
124000045,1089,216,873
124000046,167,435,-268
124000047,1721,458,1263
124000048,690,464,226
124000049,1918,357,1561
124000050,723,859,-136
124000051,1204,288,916
124000052,566,408,158
124000053,606,1909,-1303
124000054,500,189,311
124000055,1063,4081,-3018
124000056,1073,706,367
124000057,1357,421,936
124000058,527,635,-108
124000059,1103,1078,25
124000060,400,425,-25
124000061,1405,6153,-4748
124000062,1425,1009,416
124000063,1106,850,256
124000064,1375,921,454
124000065,6,50,-44
124000066,140,88,52
124000067,148,71,77
124000068,83,137,-54
124000069,467,125,342
124000070,235,138,97
124000071,68,74,-6
124000072,30,12,18
124000073,520,98,422
124000074,160,311,-151
124000075,349,11,338
124000076,9,32,-23
124000077,320,363,-43
124000078,1137,1056,81
124000079,96,838,-742
124000080,742,186,556
124000081,164,339,-175
124000082,76,214,-138
124000083,32,68,-36
124000084,36,823,-787
124000085,76,62,14
124000086,209,93,116
124000088,35,310,-275
124000089,604,187,417
124000090,125,150,-25
124000091,560,113,447
124000092,184,356,-172
124000093,109,111,-2
124000094,93,301,-208
124000095,96,81,15
124000096,136,159,-23
124000097,206,112,94
124000098,102,86,16
124000099,252,63,189
124000100,48,155,-107
124000101,139,137,2
124000102,111,30,81
124000103,222,167,55
124000104,151,28,123
124000105,191,140,51
124000106,133,17,116
124000107,38,287,-249
124000108,36,9,27
124000109,177,88,89
124000110,86,63,23
124000111,249,79,170
124000112,916,323,593
124000113,132,139,-7
124000114,428,251,177
124000115,234,668,-434
124000116,95,240,-145
124000117,29,108,-79
124000118,31,116,-85
124000119,867,847,20
124000120,447,669,-222
124000121,948,589,359
124000122,381,1194,-813
124000123,778,409,369
124000124,197,516,-319
124000125,449,329,120
124000126,229,330,-101
124000127,1042,245,797
124000128,447,418,29
124000129,1710,1276,434
124000130,356,389,-33
124000131,652,618,34
124000132,456,515,-59
124000133,1208,777,431
124000134,388,190,198
124000135,2059,1772,287
124000136,429,431,-2
124000137,1141,841,300
124000138,842,1446,-604
124000139,433,145,288
124000140,38,436,-398
124000141,707,28,679
124000142,24,275,-251
124000143,83,13,70
124000144,7,72,-65
124000145,111,18,93
124000146,25,40,-15
124000148,14,95,-81
124000149,909,274,635
124000150,117,529,-412
124000151,729,116,613
124000152,404,579,-175
124000153,724,457,267
124000154,175,406,-231
124000155,932,535,397
124000156,559,551,8
124000169,174,483,-309
124000170,763,556,207
124000171,306,285,21
124000172,240,393,-153
124000173,736,141,595
124000174,439,445,-6
124000175,9,35,-26
124000176,59,7,52
124000177,4,19,-15
124000178,38,38,0
124000185,60,11,49
124000186,11,27,-16
124000187,3,72,-69
124000188,129,13,116
124000190,52,46,6
124000191,29,339,-310
124000192,719,523,196
124000193,121,2027,-1906
124000194,221,343,-122
124000195,353,540,-187
124000196,809,761,48
124000197,43,42,1
124000198,54,57,-3
124000201,149,350,-201
124000202,558,50,508
124000203,300,130,170
124000204,1020,4,1016
124000205,89,135,-46
124000206,814,49,765
124000207,0,14,-14
124000209,206,103,103
124000210,674,171,503
124000211,763,14,749
124000212,0,84,-84
124000213,506,116,390
124000214,530,300,230
124000215,460,12,448
124000216,1,116,-115
124000329,5,206,-201
124000338,105,415,-310
124000339,1428,84,1344
124000341,1694,48,1646
124000344,39,7,32
124000357,1882,3723,-1841
124000358,1194,2315,-1121
124000359,1240,959,281
124000360,1125,487,638
124000361,1372,921,451
124000362,1005,1437,-432
124000363,323,222,101
124000364,521,447,74
124000365,685,807,-122
124000366,1958,1060,898
124000367,78,176,-98
124000368,508,495,13
124000369,55,69,-14
124000370,73,448,-375
124000402,20,11,9
124000403,163,11,152
124000404,16,24,-8
124000405,770,531,239
124000406,391,376,15
124000407,1,5,-4
124000411,5,143,-138
124000412,421,11,410
124000413,82,124,-42
124000414,122,96,26
124000415,63,43,20
124000416,117,161,-44
124000417,273,82,191
124000418,367,54,313
124000419,166,36,130
124000420,146,34,112
124000421,63,41,22
124000422,23,13,10
124000423,133,22,111
124000424,3,31,-28
124000425,118,8,110
124000426,0,54,-54
124000427,221,4,217
124000428,7,258,-251
124000429,60,18,42
124000430,567,198,369
124000431,331,197,134
124000432,216,607,-391
124000439,5,3,2
124000443,0,5,-5
124000445,183,2445,-2262
124000446,564,323,241
124000447,31,149,-118
124000448,178,22,156
124000449,222,13,209
124000450,13,30,-17
124000451,1,13,-12
124000452,321,110,211
124000453,2227,3374,-1147
124000454,672,2408,-1736
124900001,949,289,660
124900002,268,155,113
124900003,810,172,638
124900004,1156,209,947
124900005,142,63,79
124900006,939,192,747
124900008,809,520,289
124900009,113,329,-216
124900010,105,150,-45
124900011,471,261,210
124900012,324,72,252
124900013,703,184,519
124900014,492,102,390
124900015,132,315,-183
124900016,54,85,-31
124900017,490,2347,-1857
124900018,386,15,371
124900020,105,39,66
124900021,327,39,288
124900024,361,15,346
124900026,50,3,47
124900027,101,393,-292
124900028,189,96,93
124900030,1,43,-42
124900031,17,170,-153
124900033,102,112,-10
124900035,126,246,-120
124900036,7,77,-70
124900037,143,86,57
124900039,3,59,-56
124900040,22,89,-67
124900042,72,61,11
124900043,265,365,-100
124900044,63,1,62
124900045,231,747,-516
124900047,184,253,-69
124900050,479,161,318
124900052,54,166,-112
124900053,291,279,12
124900054,466,559,-93
124900055,2,160,-158
124900057,4,62,-58
124900060,317,295,22
124900061,170,11,159
124900062,178,15,163
124900066,0,74,-74
124900067,8,184,-176
124900068,144,449,-305
124900070,141,176,-35
124900072,334,66,268
124900075,792,340,452
124900076,70,2295,-2225
124900077,103,212,-109
124900078,86,4,82
124900080,563,296,267
124900081,1358,194,1164
124900082,460,604,-144
124900083,683,626,57
124900085,791,994,-203
124900086,23,1023,-1000
124900087,748,89,659
124900088,331,153,178
124900089,665,145,520
124900090,541,207,334
124900091,254,117,137
124900092,211,145,66
124900093,437,104,333
124900094,703,191,512
124900095,88,520,-432
124900096,308,117,191
124900097,466,43,423
124900098,156,167,-11
124900099,157,422,-265
124900100,348,37,311
124900101,79,20,59
124900102,302,10,292
124900103,126,110,16
124900104,36,88,-52
124900105,94,82,12
124900106,293,20,273
124900107,69,24,45
124900108,207,144,63
124900111,8,372,-364
124900112,252,207,45
124900113,23,193,-170
124900114,56,130,-74
124900115,22,23,-1
124900116,259,287,-28
124900117,154,217,-63
124900118,71,846,-775
124900119,291,87,204
124900120,32,155,-123
124900121,202,188,14
124900122,118,140,-22
124900123,218,333,-115
124900124,215,526,-311
124900125,71,2,69
124900126,0,40,-40
204000001,203,9,194
204000002,14,15,-1
204000003,14,7,7
204000004,0,1,-1
204000005,633,516,117
204000006,1051,1190,-139
204000011,5,39,-34
204000012,52,89,-37
204000019,1122,385,737
204000020,1020,601,419
204000021,1391,723,668
204000022,1100,401,699
204000023,526,427,99
204000031,35,6,29
204000032,236,25,211
204000034,73,74,-1
204000035,0,2,-2
204000036,1,15,-14
204000037,1,53,-52
204000038,1,8,-7
204000039,4,9,-5
204000040,5,8,-3
204000041,2,5,-3
204000042,20,14,6
204000043,31,8,23
204000044,38,7,31
204000045,38,2,36
204000046,13,2,11
204000057,3,2,1
204000062,26,60,-34
204000068,32,570,-538
204000069,137,420,-283
204000070,63,51,12
204000080,72,84,-12
204000085,1379,1018,361
204000086,1754,1245,509
204000087,62,11,51
204000088,2,96,-94
204000090,155,158,-3
204000093,523,109,414
204000096,1242,1080,162
204000097,416,18,398
204000099,1112,2082,-970
204000100,1858,1449,409
204000105,1043,642,401
204000110,291,812,-521
204000111,580,476,104
204000112,498,487,11
204000113,249,517,-268
204000114,933,1129,-196
204000115,1102,369,733
204000116,600,730,-130
204000119,2323,2068,255
204000132,730,467,263
204000133,906,133,773
204000134,175,65,110
204000135,571,54,517
204000136,433,191,242
204000138,413,600,-187
204000140,212,103,109
204000141,147,60,87
204000144,5,25,-20
204000145,488,41,447
204000146,3,217,-214
204000147,31,206,-175
204000148,271,36,235
204000154,18,2,16
204000155,1,1,0
204000177,68,14,54
204000179,39,13,26
204000180,0,42,-42
204000222,1,2,-1
204000235,39,21,18
204000236,52,260,-208
204000238,5,23,-18
204000240,279,66,213
204000263,581,785,-204
204000268,695,432,263
204000308,143,28,115
204000317,19,64,-45
204000322,35,61,-26
204000323,30,6,24
204000328,211,59,152
204000329,116,147,-31
204000330,239,40,199
204000331,160,188,-28
205000001,624,908,-284
205000013,25,54,-29
205000014,44,62,-18
205000015,47,51,-4
205000016,15,66,-51
205000017,29,36,-7
205000022,307,532,-225
205000025,1309,698,611
205000029,340,14,326
205000045,145,536,-391
205000046,124,558,-434
205000047,58,244,-186
205000048,388,421,-33
205000049,149,441,-292
205000050,675,209,466
205000059,1,163,-162
205000060,1,166,-165
205000061,3,422,-419
205000062,3,617,-614
205000063,17,732,-715
205000064,27,124,-97
205000065,152,570,-418
205000066,121,409,-288
205000067,88,463,-375
205000069,156,13,143
205000082,125,143,-18
205000110,91,143,-52
205000111,188,174,14
205000112,156,151,5
205000113,88,156,-68
205000121,128,41,87
205000123,55,92,-37
205000126,574,106,468
205000127,913,144,769
205000128,515,51,464
205000129,833,46,787
205000130,92,10,82
205000131,39,12,27
205000132,84,5,79
205000133,44,1,43
205000134,243,0,243
205000137,106,46,60
205000138,118,95,23
205000139,32,59,-27
205000144,105,112,-7
205000145,317,145,172
205000151,160,25,135
205000152,169,22,147
205000153,214,15,199
205000154,68,27,41
205000155,158,8,150
205000207,3,131,-128
205000233,27,0,27
205000234,0,2,-2
205000243,2,0,2
205000244,0,0,0
205000245,6,215,-209
205000249,0,11,-11
205000250,12,0,12
205000264,11,68,-57
206000027,1,12,-11
206000028,1,4,-3
206000043,4,39,-35
206000053,1,6,-5
206000054,1,9,-8
206000055,1,9,-8
206000075,1,23,-22
206000076,13,20,-7
206000077,14,12,2
206000078,15,7,8
206000079,19,4,15
206000082,283,138,145
206000100,30,431,-401
206000103,2,7,-5
206000104,8,15,-7
206000105,2,2,0
206000106,2,34,-32
206000125,73,1,72
206000157,19,405,-386
206000170,1,98,-97
206000171,4,160,-156
206000172,6,94,-88
206000173,1,84,-83
206000174,14,33,-19
206000175,1,33,-32
206000176,14,55,-41
206000177,1,31,-30
206000178,6,194,-188
206000179,2,113,-111
206000180,3,51,-48
206000181,10,35,-25
206000182,7,71,-64
206000183,20,94,-74
206000184,5,94,-89
206000185,2,47,-45
206000186,56,236,-180
206000223,6,196,-190
206000226,20,1,19
206000227,46,0,46
206000237,21,118,-97
206000238,30,214,-184
206000239,244,1023,-779
206000240,1,70,-69
206000241,0,51,-51
206000242,4,102,-98
206000243,13,53,-40
206000244,76,123,-47
206000245,885,36,849
206000246,360,10,350
206000247,414,7,407
206000248,494,37,457
206000252,35,45,-10
206000258,8,46,-38
206000315,52,5,47
206000317,593,115,478
206000318,917,86,831
206000319,2093,52,2041
206000320,413,27,386
206000321,410,8,402
206000322,640,20,620
206000323,258,4,254
206000324,273,17,256
206000325,231,4,227
206000326,196,8,188
206000327,56,10,46
206000328,212,2,210
206000329,282,3,279
206000330,56,2,54
206000331,248,5,243
206000332,39,1,38
206000333,835,2,833
206000334,286,0,286
206000335,0,32,-32
206000361,8,100,-92
206000392,0,11,-11
206000405,110,3,107
206000441,73,19,54
206000498,34,1,33
206000515,45,34,11
206000530,461,51,410
206000531,288,327,-39
206000532,1543,458,1085
206000535,121,3581,-3460
206000536,18,56,-38
206000537,22,125,-103
206000613,1530,197,1333
206000784,455,31,424
207000001,115,500,-385
207000002,131,410,-279
207000003,141,148,-7
207000007,1649,219,1430
207000008,105,7,98
207000009,76,23,53
207000010,296,236,60
207000012,381,145,236
207000015,266,464,-198
207000019,300,120,180
207000021,405,175,230
207000022,182,164,18
207000023,202,81,121
207000024,2,22,-20
207000025,16,81,-65
207000026,100,40,60
207000027,15,76,-61
207000028,47,116,-69
207000029,157,309,-152
207000033,219,400,-181
207000034,336,142,194
207000039,579,61,518
207000040,607,55,552
207000041,41,51,-10
207000042,111,46,65
207000043,231,180,51
207000051,101,197,-96
207000052,5,127,-122
207000053,297,358,-61
207000054,37,72,-35
207000055,152,67,85
207000056,221,188,33
207000057,126,195,-69
207000058,154,187,-33
207000059,142,191,-49
207000060,51,210,-159
207000061,149,936,-787
207000062,665,30,635
207000063,603,33,570
207000064,395,50,345
207000065,297,128,169
207000066,341,121,220
207000067,86,50,36
207000068,194,43,151
207000069,806,316,490
207000082,7,140,-133
207000083,79,157,-78
207000084,404,294,110
207000085,323,31,292
207000086,329,6,323
207000106,49,22,27
207000107,91,3,88
207000108,96,5,91
207000109,81,5,76
207000110,61,52,9
207000111,73,104,-31
207000112,64,951,-887
207000114,11,31,-20
207000115,22,47,-25
207000116,21,366,-345
207000117,14,78,-64
207000118,4,40,-36
207000119,34,39,-5
207000123,177,12,165
207000124,91,35,56
207000125,68,28,40
207000126,48,40,8
207000134,139,106,33
207000135,24,127,-103
207000148,56,352,-296
207000149,28,19,9
207000152,116,381,-265
207000153,237,877,-640
207000154,331,224,107
207000159,77,121,-44
207000160,175,164,11
207000238,0,199,-199
207000242,10,101,-91
207000248,17,42,-25
207000249,85,14,71
207000250,449,106,343
207000251,75,107,-32
207000252,46,32,14
207000278,95,112,-17
207000279,14,88,-74
207000280,1112,82,1030
207000281,118,320,-202
207000282,63,344,-281
207000283,23,202,-179
207000284,30,759,-729
207000285,74,137,-63
207000291,14,100,-86
207000304,104,57,47
207000306,75,271,-196
207000310,114,65,49
207000353,82,1,81
207000356,19,52,-33
207000357,11,25,-14
207000358,1,32,-31
207000415,8,92,-84
207000417,66,3,63
207000418,123,76,47
207000438,0,0,0
207000439,426,395,31
207000446,157,6,151
207000460,53,7,46
207000466,205,108,97
207000467,354,51,303
207000468,86,161,-75
207000476,8,10,-2
207000477,471,22,449
207000478,1,67,-66
207000523,0,17,-17
207000524,125,0,125
207000527,273,157,116
207000530,499,8,491
207000531,263,2,261
207000532,29,26,3
207000534,205,50,155
207000535,34,496,-462
207000537,21,60,-39
207000540,5,57,-52
207000541,1,166,-165
207000548,5,90,-85
207000549,290,12,278
207000561,278,146,132
207000562,18,70,-52
207000567,105,153,-48
207000568,407,25,382
207000569,744,122,622
207000584,85,218,-133
207000585,17,149,-132
207000587,193,13,180
207000616,0,89,-89
207000617,104,0,104
207000624,66,29,37
207000631,24,46,-22
207900008,415,69,346
208000001,620,1277,-657
208000002,757,613,144
208000003,1015,465,550
208000004,858,830,28
208000005,1,9,-8
208000019,838,490,348
208000020,220,250,-30
208000021,289,180,109
208000022,871,468,403
208000028,818,1215,-397
208000033,513,343,170
208000034,1006,1560,-554
208000037,370,23,347
208000040,219,74,145
208000041,928,453,475
208000042,952,521,431
208000047,152,101,51
208000064,1635,1578,57
208000066,1199,2114,-915
208000070,575,331,244
208000071,661,332,329
208000072,637,683,-46
208000080,348,427,-79
208000081,576,129,447
208000082,475,137,338
208000083,218,199,19
208000084,8,42,-34
208000085,627,437,190
208000086,543,892,-349
208000087,366,587,-221
208000089,1178,246,932
208000090,974,311,663
208000093,51,101,-50
208000094,534,287,247
208000095,748,461,287
208000104,1124,587,537
208000105,768,659,109
208000114,78,296,-218
208000115,304,257,47
208000116,827,969,-142
208000117,54,119,-65
208000118,192,183,9
208000155,609,1106,-497
208000158,1392,3017,-1625
208000186,1223,3079,-1856
208000204,871,969,-98
208000205,1496,693,803
208000282,1398,2074,-676
209000004,532,176,356
209000005,77,35,42
209000006,338,224,114
209000007,324,605,-281
209000010,199,145,54
209000011,89,236,-147
209000012,65,114,-49
209000013,219,170,49
209000014,337,410,-73
209000025,577,71,506
209000026,979,145,834
209000027,296,362,-66
209000028,194,283,-89
209000029,274,995,-721
209000030,209,1467,-1258
209000031,2765,1196,1569
209000034,324,347,-23
209000035,141,330,-189
209000036,289,209,80
209000037,360,215,145
209000038,233,165,68
209000039,90,136,-46
209000040,307,431,-124
209000041,180,294,-114
209000042,209,227,-18
209000043,414,669,-255
209000044,230,766,-536
209000045,656,260,396
209000046,551,445,106
209000047,369,212,157
209000048,486,245,241
209000049,151,70,81
209000050,227,58,169
209000051,325,157,168
209000052,182,160,22
209000062,68,43,25
209000063,73,59,14
209000064,12,21,-9
209000065,151,31,120
209000066,140,19,121
209000067,251,44,207
209000080,15,163,-148
209000082,65,62,3
209000091,18,72,-54
209000093,47,19,28
209000094,46,123,-77
209000110,28,231,-203
209000111,537,1796,-1259
209000112,1009,689,320
209000113,1582,954,628
209000114,818,775,43
209000115,63,56,7
209000116,370,170,200
209000118,28,88,-60
209000119,5,15,-10
209000121,87,276,-189
209000135,38,285,-247
209000142,584,1813,-1229
209000143,54,42,12
209000144,64,212,-148
209000229,206,108,98
209000240,25,176,-151
209000259,32,96,-64
209000260,55,486,-431
209000261,5,206,-201
209000262,3,186,-183
209000263,1,270,-269
209000264,1,239,-238
209000265,234,1,233
209000266,83,1,82
209000267,1105,8,1097
209000268,445,34,411
210000037,88,28,60
210000047,60,12,48
210000048,160,17,143
210000049,80,4,76
210000052,56,72,-16
210000053,38,34,4
210000054,39,77,-38
210000070,140,7,133
210000071,109,0,109
210000072,45,0,45
210000073,0,21,-21
210000074,1,130,-129
210000075,1,202,-201
210000076,8,253,-245
210000077,8,107,-99
210000078,18,107,-89
210000079,28,4,24
210000080,38,185,-147
210000081,118,40,78
210000082,58,0,58
210000083,57,2,55
210000084,121,0,121
210000085,1,47,-46
210000086,5,65,-60
210000099,50,177,-127
210000100,117,92,25
210000101,97,145,-48
210000105,27,275,-248
210000159,1,186,-185
210000163,54,282,-228
210000164,247,313,-66
210000168,111,40,71
210000187,0,23,-23
210000188,0,16,-16
210000214,6,0,6
210000219,58,65,-7
210000220,122,26,96
210000232,5,12,-7
210000233,47,55,-8
210000234,49,101,-52
210000235,51,49,2
210000245,0,36,-36
210000246,6,2,4
210000258,16,51,-35
210000259,176,37,139
210000282,44,169,-125
210000285,1,139,-138
210000286,16,106,-90
210000290,2,28,-26
210000295,38,153,-115
210000296,68,43,25
210000320,275,39,236
210000321,88,26,62
210000338,55,75,-20
210000339,130,787,-657
210000340,82,326,-244
210000341,193,246,-53
210000342,223,182,41
210000343,131,201,-70
210000344,98,159,-61
210000345,111,234,-123
210000346,62,122,-60
210000347,64,72,-8
210000348,102,48,54
210000349,46,15,31
210000350,137,31,106
210000351,147,27,120
210000352,68,30,38
210000353,26,30,-4
210000354,63,53,10
210000355,33,97,-64
210000356,22,111,-89
210000357,40,130,-90
210000358,235,258,-23
210000359,41,122,-81
210000360,126,171,-45
210000361,176,123,53
210000362,253,193,60
210000363,431,232,199
210000364,131,181,-50
210000365,197,74,123
210000366,190,33,157
210000367,108,36,72
210000368,101,26,75
210000369,18,29,-11
210000370,58,75,-17
210000372,17,24,-7
210000373,6,60,-54
210000374,52,47,5
210000375,38,45,-7
210000376,40,113,-73
210000404,34,110,-76
210000439,39,12,27
210000472,52,2,50
210000482,63,117,-54
210000564,203,215,-12
210000567,0,53,-53
210000568,256,0,256
211000092,49,34,15
211000094,12,27,-15
211000169,179,7,172
211000172,2,192,-190
211000209,0,103,-103
211000226,7,12,-5
211000270,41,12,29
211000275,31,38,-7
211000276,128,16,112
211000279,15,29,-14
211000281,124,33,91
211000302,32,26,6
211507980,1,58,-57
211977296,28,12,16
212000003,149,20,129
212000004,18,42,-24
212000005,20,61,-41
212000006,36,62,-26
212000008,182,105,77
212000009,27,56,-29
212000012,81,31,50
212000013,24,33,-9
212000014,187,78,109
212000015,293,183,110
212000016,452,361,91
212000027,472,251,221
212000028,318,254,64
212000029,222,190,32
212000030,44,9,35
212000031,77,23,54
212000048,23,263,-240
212000049,18,213,-195
212000050,10,9,1
212000051,262,76,186
212000052,249,124,125
212000053,244,207,37
212000054,366,59,307
212000055,504,131,373
212000056,14,35,-21
212000057,15,19,-4
212000058,132,29,103
212000070,102,102,0
212000077,111,208,-97
212000099,359,204,155
212000108,194,128,66
212000111,333,77,256
212000120,137,74,63
212000138,127,12,115
212000156,4,91,-87
212000158,11,23,-12
212000159,582,69,513
212000160,661,153,508
212000161,85,3,82
212000310,41,10,31
212000311,7,34,-27
212000374,41,5,36
213000001,25,240,-215
213000005,460,111,349
213000006,671,269,402
213000007,43,33,10
213000009,273,229,44
213000010,319,160,159
213000011,139,175,-36
213000012,243,151,92
213000014,93,21,72
213000015,231,9,222
213000016,333,0,333
213000017,72,0,72
213000018,2,18,-16
213000019,1,42,-41
213000020,113,150,-37
213000021,4,70,-66
213000023,358,229,129
213000033,294,1360,-1066
213000034,356,145,211
213000035,145,271,-126
213000045,269,307,-38
213000046,183,165,18
213000047,358,1161,-803
213000056,146,21,125
213000069,165,11,154
213000073,1,70,-69
213000074,240,548,-308
213000075,587,2,585
213000076,11,0,11
213000085,3,30,-27
213000086,8,101,-93
213000091,311,10,301
213000092,50,6,44
213000099,193,1322,-1129
213000100,668,257,411
213000101,703,63,640
213000102,800,106,694
213000103,697,439,258
213000104,60,230,-170
213000105,94,1670,-1576
213000106,24,71,-47
213000107,145,197,-52
213000108,26,200,-174
213000109,8,127,-119
213000110,18,50,-32
213000111,8,44,-36
213000112,58,55,3
213000115,38,1,37
213000116,65,432,-367
213000117,9,392,-383
213000118,847,245,602
213000119,56,359,-303
213000120,100,158,-58
213000122,129,246,-117
213000123,221,441,-220
213000124,188,527,-339
213000125,180,32,148
213000126,12,108,-96
213000127,44,181,-137
213000128,100,962,-862
213000129,127,941,-814
213000130,1096,487,609
213000132,690,171,519
213000133,1310,74,1236
213000134,1551,6,1545
213000136,583,18,565
213000137,605,27,578
213000139,228,3,225
213000147,25,2,23
213000148,16,35,-19
213000149,68,20,48
213000150,1,354,-353
213000151,0,233,-233
213000152,2,222,-220
213000153,6,189,-183
213000154,78,158,-80
213000155,54,107,-53
213000156,116,278,-162
213000157,664,264,400
213000158,396,648,-252
213000159,446,311,135
213000163,1298,168,1130
213000165,841,335,506
213000171,60,37,23
213000172,56,81,-25
213000173,59,82,-23
213000174,17,69,-52
213000175,52,30,22
213000176,38,109,-71
213000177,93,11,82
213000178,262,10,252
213000179,265,27,238
213000180,303,30,273
213000184,70,318,-248
213000188,361,69,292
213000189,453,30,423
213000190,511,406,105
213000191,440,212,228
213000192,287,138,149
213000193,535,233,302
213000194,3,113,-110
213000195,14,279,-265
213000196,265,1363,-1098
213000197,495,742,-247
213000198,16,3,13
213000200,65,385,-320
213000201,49,58,-9
213000202,20,482,-462
213000203,1776,419,1357
213000204,1001,32,969
213000205,398,53,345
213000206,703,23,680
213000207,59,9,50
213000208,70,5,65
213000209,79,1,78
213000210,184,6,178
213000211,8,16,-8
213000212,28,44,-16
213000213,26,67,-41
213000218,311,429,-118
213000219,811,29,782
213000220,693,9,684
213000223,165,217,-52
213000224,10,62,-52
213000225,69,15,54
213000226,89,28,61
213000227,1051,181,870
213000228,482,68,414
213000229,44,20,24
213000230,559,20,539
213000232,79,85,-6
213000233,20,118,-98
213000234,6,51,-45
213000293,18,64,-46
213000294,88,51,37
213000295,54,89,-35
213000296,35,16,19
213000297,9,56,-47
213000298,9,54,-45
213000299,32,17,15
213000300,20,11,9
213000303,1,31,-30
213000304,2,23,-21
213000305,2,36,-34
213000306,15,112,-97
213000307,86,111,-25
213000308,59,160,-101
213000309,152,41,111
213000310,340,220,120
213000311,131,1026,-895
213000315,102,87,15
213000316,156,46,110
213000322,52,21,31
213000323,79,47,32
213000340,145,216,-71
213000341,752,54,698
213000346,144,249,-105
213000347,301,542,-241
213000348,4,497,-493
213000349,9,62,-53
213000350,328,733,-405
213000366,102,143,-41
213000367,342,15,327
213000379,31,265,-234
213000386,39,81,-42
213000406,160,107,53
213000417,1428,442,986
213000425,305,53,252
213000426,232,46,186
213000427,42,84,-42
213000428,51,68,-17
213000429,5,11,-6
213000430,81,282,-201
213000431,30,4,26
213000432,2,109,-107
213000433,17,82,-65
213000435,149,150,-1
213000439,40,6,34
213000441,3,3,0
213000443,369,294,75
213000445,1,57,-56
213000446,1,57,-56
213000447,2,82,-80
213000448,114,299,-185
213000449,648,11,637
213000450,158,64,94
213000451,88,42,46
213000452,222,57,165
213000453,41,161,-120
213000455,117,0,117
213000456,1,242,-241
213000481,3,4,-1
213000482,41,1,40
213000489,95,58,37
213000491,10,248,-238
213000492,150,31,119
213000493,3,118,-115
213000494,262,77,185
213000495,0,15,-15
213000496,454,67,387
213000497,37,109,-72
213000498,121,72,49
213000499,187,131,56
213000500,630,66,564
213000501,182,17,165
213000502,147,88,59
213000503,0,24,-24
213000504,16,47,-31
213000505,5,3,2
213000506,0,11,-11
213000507,2,53,-51
213900244,89,0,89
213900245,0,12,-12
218000003,26,34,-8
218000004,23,97,-74
218000005,28,32,-4
218000006,75,44,31
218000007,24,11,13
218000012,217,120,97
218000013,173,125,48
218000014,243,248,-5
218000019,439,516,-77
218000020,210,262,-52
218000040,9,14,-5
218000046,69,35,34
218000047,11,38,-27
218000048,46,29,17
218000049,56,61,-5
218000050,190,127,63
218000051,37,110,-73
218000052,0,37,-37
218000053,2,35,-33
218000054,3,55,-52
218000055,2,16,-14
218000056,19,38,-19
218000057,1,20,-19
218000064,5,10,-5
218000065,51,109,-58
218000066,23,26,-3
218000067,47,37,10
218000068,117,31,86
218000069,320,56,264
218000070,204,164,40
218000071,156,135,21
218000072,135,178,-43
218000078,1273,288,985
218000079,226,42,184
218000080,170,40,130
218000081,567,76,491
218000082,84,49,35
218000083,96,48,48
218000084,199,76,123
218000085,164,123,41
218000086,74,68,6
218000087,162,66,96
218000090,9,142,-133
218000091,1135,475,660
218000092,108,173,-65
218000093,86,44,42
218000094,511,446,65
218000099,218,535,-317
218000100,390,265,125
218000101,273,149,124
218000102,590,157,433
218000103,123,58,65
218000104,155,13,142
218000105,30,55,-25
218000106,18,12,6
218000107,65,41,24
218000108,2,45,-43
218000112,87,43,44
218000117,32,83,-51
218000134,568,285,283
218000135,11,57,-46
218000136,183,63,120
218000137,180,128,52
218000138,64,121,-57
218000139,189,147,42
218000140,613,194,419
218000141,109,71,38
218000142,177,70,107
218000143,102,284,-182
218000144,39,121,-82
218000145,550,225,325
218000146,118,122,-4
218000151,12,14,-2
218000152,114,25,89
218000170,4,34,-30
218000171,48,9,39
218000172,12,11,1
218000173,17,38,-21
218000174,23,15,8
218000176,266,50,216
218000177,445,154,291
218000178,101,159,-58
218000179,232,35,197
218000180,170,27,143
218000181,346,67,279
218000187,20,64,-44
218000188,12,132,-120
218000189,21,99,-78
218000190,4,15,-11
218000191,338,37,301
218000192,313,56,257
218000193,583,194,389
218000194,176,191,-15
218000195,95,46,49
218000196,246,164,82
218000197,578,160,418
218000198,46,46,0
218000199,63,15,48
218000200,47,27,20
218000201,21,43,-22
218000202,63,392,-329
218000207,8,20,-12
218000208,42,32,10
218000211,44,49,-5
218000213,102,64,38
218000214,1,19,-18
218000215,36,20,16
218000217,7,26,-19
218000218,134,17,117
218000219,4,56,-52
218000220,28,759,-731
218000221,444,237,207
218000222,0,106,-106
218000223,50,371,-321
218000224,8,84,-76
218000225,242,37,205
218000226,198,45,153
218000232,19,37,-18
218000239,104,14,90
218000240,8,7,1
218000241,51,28,23
218000242,5,4,1
218000243,27,7,20
218000244,43,4,39
218000245,6,17,-11
218000246,3,3,0
218000247,1,1,0
218000248,0,19,-19
218000249,0,5,-5
218000250,7,12,-5
218000251,5,77,-72
218000252,9,471,-462
218000253,4,194,-190
218000254,1,45,-44
218000255,0,35,-35
218000256,16,100,-84
218000267,348,954,-606
218000268,12,25,-13
218000269,4,9,-5
218000270,183,39,144
218000271,9,25,-16
218000273,37,2,35
218000274,16,0,16
218000275,71,50,21
218000276,21,19,2
218000278,10,49,-39
218000279,80,27,53
218000280,5,38,-33
218000281,8,27,-19
218000282,437,643,-206
218000284,38,9,29
218000301,79,94,-15
218000302,62,68,-6
218000303,10,62,-52
218000316,853,641,212
218000317,1577,576,1001
218000318,1200,323,877
218000319,1346,560,786
218000320,1359,476,883
218000338,28,109,-81
218000345,117,76,41
218000346,96,144,-48
218000459,11,94,-83
218000490,10,63,-53
218000501,131,43,88
218000502,69,41,28
218000503,96,18,78
218000504,133,22,111
218000505,28,94,-66
218000506,16,247,-231
218000508,1,23,-22
218000510,123,10,113
218000520,91,86,5
218000521,7,32,-25
218000522,1,248,-247
218000523,131,1,130
218000524,14,536,-522
218000525,96,27,69
218000526,9,349,-340
218000529,28,106,-78
218000531,11,25,-14
218000532,46,16,30
218000534,152,12,140
218000537,13,55,-42
218000538,55,281,-226
218000540,60,75,-15
218000543,205,70,135
218000544,50,104,-54
218000545,97,75,22
218000546,24,49,-25
218000547,143,131,12
218000548,86,63,23
218000549,604,183,421
218000550,139,210,-71
218000551,121,644,-523
218000552,236,406,-170
218000553,20,110,-90
218000554,43,51,-8
218000555,14,109,-95
218000556,199,148,51
218000557,399,307,92
218000558,60,1,59
218000559,0,23,-23
218000560,0,43,-43
218000561,15,0,15
218000562,18,152,-134
218000563,190,46,144
218000564,9,73,-64
218000565,71,54,17
218000566,83,52,31
218000567,0,129,-129
218000568,30,4,26
218000569,5,349,-344
218000570,37,31,6
218000571,0,119,-119
218000572,151,3,148
218000573,3,308,-305
218000574,41,36,5
218000575,123,0,123
218000576,1,94,-93
218000577,123,1,122
218000578,1,103,-102
218000579,16,14,2
218000581,3,64,-61
218000582,51,7,44
218000583,5,1,4
218000584,0,28,-28
218000585,47,3,44
218000586,19,52,-33
218000587,2,11,-9
218000588,0,3,-3
218000589,1,2,-1
218000590,1,1,0
218000591,2,4,-2
218000592,7,3,4
218000593,5,0,5
218000594,0,5,-5
218000597,0,5,-5
218000598,0,1,-1
218000599,1,3,-2
218000600,1,1,0
218000601,1,5,-4
218000602,0,2,-2
218000603,0,4,-4
218000604,7,0,7
218000605,1,48,-47
218000606,84,0,84
218000607,9,54,-45
218000608,57,18,39
218000609,3,39,-36
218000610,73,14,59
218000611,51,3,48
218000612,0,42,-42
218000613,50,1,49
218000614,0,52,-52
218000615,153,4,149
218000616,8,104,-96
218000617,20,2,18
218000618,0,39,-39
218000619,24,13,11
218000620,4,41,-37
218000621,0,0,0
218000622,0,29,-29
218000623,30,0,30
218000624,0,43,-43
218000625,9,1,8
218000626,0,24,-24
218000628,203,154,49
218000631,40,15,25
218000632,1,96,-95
218000633,123,2,121
218000634,3,37,-34
218000635,2,34,-32
218000636,913,498,415
218000637,931,259,672
218000638,192,11,181
218000639,4,44,-40
218000640,270,23,247
218000641,103,98,5
218000652,26,20,6
218000653,262,58,204
218000663,11,83,-72
218000675,39,102,-63
218000680,206,206,0
218000681,432,163,269
218000691,229,112,117
218000693,361,91,270
218000718,24,149,-125
218000719,65,289,-224
218000720,10,298,-288
218000721,74,66,8
218001147,3,66,-63
218001214,29,66,-37
218001258,380,13,367
218001329,117,138,-21
218001330,134,112,22
218001351,27,20,7
218001352,9,39,-30
218001353,13,14,-1
218001354,5,42,-37
218001355,18,123,-105
218001356,655,57,598
218001357,17,76,-59
218001358,423,29,394
218001361,482,3,479
218001362,0,41,-41
219000001,32,28,4
219000002,41,22,19
219000003,72,30,42
219000004,58,74,-16
219000017,61,113,-52
219000020,187,32,155
219000022,137,3,134
219000023,62,2,60
219000029,1,93,-92
219000034,24,63,-39
219000039,36,225,-189
219000040,40,77,-37
219000041,110,38,72
219000051,0,60,-60
219000052,0,27,-27
219000053,0,28,-28
219000055,315,0,315
219000056,3,0,3
219000057,37,0,37
219000062,14,118,-104
219000063,100,25,75
219000064,0,80,-80
219000110,246,125,121
219000111,98,64,34
219000112,224,50,174
219000113,171,20,151
219000114,120,25,95
219000116,185,83,102
219000117,175,108,67
219000118,147,59,88
219000123,196,64,132
219000124,59,36,23
219000125,14,24,-10
219000126,56,130,-74
219000127,0,19,-19
219000128,8,108,-100
219000129,24,147,-123
219000130,193,610,-417
219000131,739,1229,-490
219000133,41,130,-89
219000134,20,38,-18
219000135,23,74,-51
219000136,71,222,-151
219000138,97,15,82
219000139,75,14,61
219000140,96,2,94
219000141,19,43,-24
219000142,5,37,-32
219000143,37,25,12
219000145,16,29,-13
219000146,10,11,-1
219000147,1,30,-29
219000148,5,2,3
219000149,9,26,-17
219000150,0,27,-27
219000151,0,16,-16
219000157,234,62,172
219000158,110,170,-60
219000161,131,12,119
219000163,910,382,528
219000166,114,231,-117
219000167,137,98,39
219000168,171,96,75
219000174,477,96,381
219000175,149,10,139
219000176,174,6,168
219000177,104,5,99
219000178,55,0,55
219000179,51,1,50
219000180,23,21,2
219000182,212,18,194
219000183,96,39,57
219000184,112,11,101
219000185,1,22,-21
219000186,66,16,50
219000187,10,58,-48
219000189,44,232,-188
219000190,44,236,-192
219000191,182,1825,-1643
219000192,248,181,67
219000193,132,171,-39
219000195,3,57,-54
219000196,3,89,-86
219000198,7,39,-32
219000199,27,124,-97
219000200,61,87,-26
219000201,60,93,-33
219000203,25,130,-105
219000204,58,338,-280
219000205,30,245,-215
219000207,92,128,-36
219000209,38,21,17
219000210,23,204,-181
219000213,16,148,-132
219000239,166,187,-21
219000240,219,386,-167
219000241,132,182,-50
219000242,41,163,-122
219000243,135,233,-98
219000244,15,73,-58
219000245,21,38,-17
219000246,31,61,-30
219000247,197,52,145
219000248,491,402,89
219000249,129,152,-23
219000250,201,149,52
219000251,493,223,270
219000252,322,160,162
219000253,332,88,244
219000255,153,134,19
219000256,249,86,163
219000257,132,0,132
219000262,39,72,-33
219000263,39,75,-36
219000267,10,49,-39
219000268,0,9,-9
219000269,3,4,-1
219000270,10,0,10
219000271,174,2,172
219000278,0,21,-21
219000279,1,21,-20
219000283,0,9,-9
219000295,12,65,-53
219000296,58,205,-147
219000297,36,49,-13
219000298,37,43,-6
219000299,322,56,266
219000300,48,57,-9
219000301,119,208,-89
219000302,39,191,-152
219000307,38,16,22
219000308,74,82,-8
219000311,228,69,159
219000312,566,193,373
219000313,501,51,450
219000314,41,165,-124
219000315,343,32,311
219000316,513,56,457
219000317,152,41,111
219000320,2,72,-70
219000321,0,33,-33
219000323,0,26,-26
219000325,1,10,-9
219000326,63,51,12
219000327,34,11,23
219000328,19,23,-4
219000329,210,117,93
219000330,15,17,-2
219000331,43,54,-11
219000332,181,111,70
219000333,27,6,21
219000335,55,0,55
219000337,31,1,30
219000338,60,2,58
219000344,27,45,-18
219000345,60,17,43
219000346,16,33,-17
219000348,145,44,101
219000349,70,93,-23
219000350,96,467,-371
219000351,0,5,-5
219000352,258,84,174
219000353,111,40,71
219000354,198,71,127
219000355,155,48,107
219000356,342,2168,-1826
219000363,96,58,38
219000364,150,52,98
219000365,89,22,67
219000366,201,477,-276
219000368,327,527,-200
219000370,452,819,-367
219000371,8,20,-12
219000382,20,29,-9
219000383,238,1557,-1319
219000385,340,727,-387
219000386,603,1688,-1085
219000387,1,30,-29
219000390,12,0,12
219000391,3,0,3
219000397,36,27,9
219000398,47,75,-28
219000401,11,58,-47
219000402,22,71,-49
219000403,87,245,-158
219000404,23,105,-82
219000407,9,15,-6
219000409,66,28,38
219000410,117,42,75
219000411,92,14,78
219000446,76,295,-219
219000447,1,24,-23
219000448,9,11,-2
219000452,62,103,-41
219000453,77,243,-166
219000454,133,369,-236
219000556,236,58,178
219000558,83,130,-47
219000590,26,157,-131
219000591,132,71,61
219000592,51,195,-144
219000595,2,13,-11
219000635,176,52,124
219000636,45,45,0
219000657,16,12,4
219000658,9,120,-111
219000673,0,6,-6
219000676,36,5,31
219000679,22,6,16
219000684,60,4,56
219000685,0,37,-37
219000686,1,7,-6
219000688,0,30,-30
219000689,6,155,-149
219000690,143,23,120
219000691,15,177,-162
219000692,142,17,125
219000693,0,16,-16
219000694,8,0,8
219000695,72,2,70
219000698,32,0,32
219000699,0,69,-69
219000727,2,88,-86
219000728,84,0,84
219000770,38,4,34
219000771,1,55,-54
219000788,301,355,-54
219001150,0,39,-39
219001151,0,5,-5
219001166,36,28,8
219001167,0,37,-37
219001178,37,1,36
220000001,34,145,-111
220000002,4,138,-134
220000003,192,123,69
220000004,276,243,33
220000005,488,932,-444
220000006,135,426,-291
220000007,291,146,145
220000008,189,413,-224
220000009,278,412,-134
220000010,109,54,55
220000011,378,3905,-3527
220000012,40,258,-218
220000014,140,62,78
220000015,93,549,-456
220000017,24,353,-329
220000018,6300,940,5360
220000019,162,552,-390
220000020,541,146,395
220000021,945,177,768
220000022,1218,318,900
220000023,481,123,358
220000024,1020,525,495
220000025,619,1456,-837
220000026,273,362,-89
220000027,9,126,-117
220000028,30,62,-32
220000029,32,66,-34
220000030,51,132,-81
220000031,596,377,219
220000064,60,1623,-1563
221000046,3,0,3
221000047,0,0,0
221000048,0,0,0
221000049,0,8,-8
221000050,5,1,4
221000055,28,17,11
221000068,215,100,115
221000069,299,54,245
221000070,255,30,225
221000071,125,14,111
221000072,280,6,274
221000073,132,18,114
221000074,0,10,-10
221000075,16,32,-16
221000076,3,25,-22
221000077,11,70,-59
221000081,107,13,94
221000082,77,4,73
221000083,16,4,12
221000084,19,5,14
221000085,9,33,-24
221000086,11,58,-47
221000087,6,91,-85
221000088,10,106,-96
221000089,14,111,-97
221000090,56,328,-272
221000098,95,13,82
221000099,204,13,191
221000100,128,10,118
221000101,260,9,251
221000102,0,0,0
221000107,14,1,13
221000108,24,9,15
221000109,3,7,-4
221000110,8,98,-90
221000111,28,140,-112
221000112,6,58,-52
221000113,10,56,-46
221000114,9,68,-59
221000120,46,51,-5
221000121,5,30,-25
221000122,24,67,-43
221000123,16,31,-15
221000124,15,123,-108
221000155,64,10,54
221000156,92,93,-1
221000175,3,32,-29
221000176,1,3,-2
221000182,40,2,38
221000241,372,313,59
221000242,131,328,-197
221000243,377,290,87
221000244,152,540,-388
221000245,122,115,7
221000246,59,350,-291
221000247,116,46,70
221000248,117,124,-7
221000267,35,743,-708
221000325,24,99,-75
221000331,14,27,-13
221000338,26,35,-9
221000378,217,104,113
221000381,50,142,-92
222000282,10,5,5
222000296,2,23,-21
222000568,373,16,357
222000569,176,49,127
222000570,124,29,95
222000571,385,27,358
222000577,10,87,-77
222000578,6,108,-102
222000579,16,78,-62
222000580,43,454,-411
222000599,0,84,-84
222000600,3,154,-151
222000601,7,491,-484
222000603,17,54,-37
222000604,1,109,-108
222000605,12,95,-83
222000606,4,46,-42
222000607,4,20,-16
222000608,18,63,-45
222000609,27,76,-49
222000616,331,20,311
222000617,28,39,-11
222000618,9,19,-10
222000620,16,14,2
222000621,42,24,18
222000623,521,11,510
222000624,490,9,481
222000625,755,16,739
222000636,35,14,21
222000686,43,42,1
222000687,50,50,0
222001066,176,3,173
222001067,13,0,13
222001068,51,3,48
222001069,141,16,125
222001082,20,4,16
222001083,45,16,29
222001084,2,37,-35
222001085,1,111,-110
222001111,62,41,21
222001112,267,21,246
222001313,17,4,13
222001314,4,125,-121
222001464,320,46,274
222001465,7,90,-83
222001484,242,28,214
222001485,20,81,-61
222001494,659,118,541
222001495,138,75,63
222001496,433,99,334
222001497,124,161,-37
222001502,17,39,-22
222001503,88,19,69
222001504,25,139,-114
222001505,340,10,330
222001506,47,268,-221
222001507,199,19,180
222001510,683,15,668
222001511,47,127,-80
222001514,543,67,476
222001515,59,326,-267
222001518,504,37,467
222001519,31,52,-21
222001527,195,31,164
222001528,24,79,-55
222001529,507,17,490
222001530,71,94,-23
222001533,129,115,14
222001534,438,36,402
222001535,295,266,29
222001536,25,74,-49
222001537,395,36,359
222001538,38,269,-231
222001563,1062,70,992
222001564,85,177,-92
222001568,203,232,-29
222001576,0,2,-2
222001579,2,26,-24
222001583,15,67,-52
222001584,58,67,-9
222001596,597,1001,-404
222001597,1043,242,801
222001626,0,72,-72
222001650,10,78,-68
222001651,12,422,-410
222001914,164,23,141
222001915,57,240,-183
222001968,466,281,185
222001969,210,333,-123
222001970,157,426,-269
222001971,33,5,28
222001972,1,6,-5
225000001,314,111,203
225000002,696,145,551
225000003,583,48,535
225000004,475,156,319
225000005,54,47,7
225000006,0,189,-189
225000007,949,1020,-71
225000010,185,12,173
225000011,351,1281,-930
225000012,384,681,-297
225000013,131,80,51
225000014,534,130,404
225000015,77,117,-40
225000021,669,104,565
225000027,133,256,-123
225000032,539,103,436
225000042,104,354,-250
225000049,29,56,-27
225000050,150,12,138
225000053,11,122,-111
225000058,718,197,521
225000067,133,59,74
225000068,63,134,-71
225000069,33,250,-217
225000070,87,175,-88
225000071,32,44,-12
225000075,26,529,-503
225000076,25,111,-86
225000078,53,37,16
225000085,115,146,-31
225000086,377,110,267
225000087,158,10,148
225000088,3,108,-105
225000089,61,810,-749
225000090,39,423,-384
225000091,119,71,48
225000092,54,21,33
225000093,169,205,-36
225000094,22,107,-85
225000095,189,240,-51
225000096,172,329,-157
225000098,747,294,453
225000099,554,108,446
225000100,778,148,630
225000104,130,548,-418
225000110,8,450,-442
225000111,272,1208,-936
225000112,488,1500,-1012
225000113,340,1030,-690
225000114,292,506,-214
225000115,1828,1216,612
225000116,992,336,656
225000117,1580,782,798
225000118,2082,582,1500
225000119,492,126,366
225000120,1220,90,1130
225000121,314,24,290
225000123,1138,18,1120
225000125,1064,332,732
225000126,1788,498,1290
225000127,1082,3098,-2016
225000128,1164,1746,-582
225000132,1088,46,1042
225000133,506,40,466
225000134,1618,284,1334
225000135,180,20,160
225000136,972,28,944
225000137,424,188,236
225000138,964,102,862
225000143,90,292,-202
225000144,8,422,-414
225000145,112,32,80
225000146,126,68,58
225000147,90,138,-48
225000148,2,132,-130
225000149,118,316,-198
225000151,80,218,-138
225000155,520,506,14
225000156,344,1444,-1100
225000157,696,640,56
225000158,66,474,-408
225000171,0,212,-212
225000180,34,4,30
225000181,0,150,-150
225000182,156,16,140
225000185,14,568,-554
225000187,70,410,-340
225000191,66,2,64
225000194,0,20,-20
225000208,2,96,-94
225000209,250,6,244
225000210,22,318,-296
225000217,0,6,-6
225000218,20,0,20
225000223,0,240,-240
225000224,80,2,78
225000225,0,134,-134
225000226,32,6,26
225000227,100,176,-76
225000228,22,34,-12
225000229,0,86,-86
225000230,16,2,14
225000231,0,54,-54
225000232,238,0,238
225000241,150,0,150
225000242,6,104,-98
225000249,26,0,26
225000250,100,666,-566
225000251,1126,114,1012
226000042,298,450,-152
226000043,60,332,-272
226000044,216,536,-320
226000045,60,324,-264
226000046,950,204,746
226000047,1004,346,658
226000048,846,246,600
226000049,686,690,-4
226000070,0,40,-40
226000071,0,64,-64
226000072,0,52,-52
226000073,0,38,-38
226000074,0,46,-46
226000084,2,52,-50
226000085,4,18,-14
226000086,0,24,-24
226000087,0,82,-82
226000088,20,122,-102
226000090,424,442,-18
226000091,18,146,-128
226000092,4,10,-6
226000093,12,6,6
226000094,26,12,14
226000095,10,8,2
226000105,64,2,62
226000106,12,4,8
226000107,4,0,4
226000108,22,4,18
226000109,154,0,154
226000124,280,210,70
226000134,1446,1096,350
226000135,2488,1388,1100
226000136,1116,722,394
226000137,14,254,-240
226000138,60,126,-66
226000139,0,84,-84
226000156,688,10,678
226000157,620,20,600
226000163,176,376,-200
226000202,24,322,-298
226000231,1442,6,1436
226000232,58,22,36
227000033,770,126,644
227000036,1198,76,1122
227000037,1034,68,966
227000038,420,100,320
227000049,2,88,-86
227000050,8,170,-162
227000055,124,0,124
227000056,156,2,154
227000084,10,230,-220
227000085,2,156,-154
227000088,54,4,50
227000089,160,6,154
227000090,60,0,60
227000091,44,4,40
227000093,214,0,214
227000094,28,0,28
227000130,58,352,-294
227000131,68,212,-144
227000132,22,146,-124
227000133,12,120,-108
227000134,34,240,-206
227000152,2,74,-72
227000153,0,288,-288
227000155,4,48,-44
227000156,0,40,-40
227000165,10,364,-354
227000196,622,134,488
227000199,1000,284,716
227000230,88,166,-78
227000232,684,42,642
227000242,98,650,-552
227000243,828,186,642
227000245,42,468,-426
227000246,164,328,-164
227000247,960,140,820
227000248,262,148,114
227000249,60,552,-492
227000250,668,624,44
227000251,234,1098,-864
227000252,66,258,-192
227000253,474,68,406
227000262,1286,104,1182
227000266,2204,94,2110
227000267,52,734,-682
227000282,4,72,-68
227000284,852,26,826
227000286,2,60,-58
227000287,40,52,-12
227000291,18,382,-364
227000484,154,10,144
227000485,10,778,-768
227000655,238,2,236
227000656,720,44,676
227000657,164,10,154
227000661,122,34,88
227000680,856,234,622
229000265,46,66,-20
229000296,2,28,-26
229000297,6,26,-20
229000298,4,148,-144
229000320,16,6,10
229000321,16,2,14
229000412,34,38,-4
229000414,8,72,-64
229000415,28,2,26
229000416,4,20,-16
229000417,2,12,-10
229000419,100,366,-266
229000440,414,94,320
229000442,32,32,0
229000443,10,12,-2
229000444,0,72,-72
229000445,96,12,84
229000446,70,42,28
229000847,84,0,84
229000848,50,2,48
229000849,86,4,82
229000851,40,0,40
229000854,0,28,-28
229000856,4,68,-64
229000857,0,26,-26
229000858,0,6,-6
229000919,18,106,-88
229000930,0,324,-324
229000937,212,6,206
229000966,126,60,66
229000981,58,86,-28
229000985,26,38,-12
229000986,0,16,-16
229000987,0,4,-4
229000988,8,2,6
229000989,18,10,8
229000990,6,2,4
229000991,8,6,2
229000992,18,12,6
229000993,226,50,176
229000998,40,70,-30
229000999,128,30,98
229001034,0,12,-12
229001035,8,8,0
229001037,184,2,182
229001042,24,32,-8
229001047,30,52,-22
229001050,68,90,-22
229001200,22,52,-30
229001338,2,6,-4
229001394,486,26,460
229001422,304,48,256
229001423,46,170,-124
229001431,84,150,-66
229001432,30,70,-40
229001444,366,68,298
229001445,132,170,-38
229001503,632,150,482
229001504,252,200,52
229001505,202,66,136
229001506,84,114,-30
229001509,96,14,82
229001545,166,12,154
229001546,10,116,-106
229001553,194,20,174
229001554,30,106,-76
229001559,0,8,-8
229001560,8,56,-48
229001630,154,18,136
229001631,18,10,8
229001635,4,64,-60
229001636,4,0,4
229001658,2,222,-220
229001659,118,2,116
229001660,0,4,-4
229001661,2,66,-64
229001662,70,2,68
229001663,0,130,-130
229002584,228,268,-40
229002831,152,186,-34
229002841,18,36,-18
229002842,54,34,20
229002843,90,18,72
229002844,30,112,-82
229002845,22,212,-190
229002846,68,42,26
229002847,4,32,-28
229002848,18,18,0
229002849,8,158,-150
229002850,22,0,22
229002851,36,320,-284
229002852,188,34,154
229002853,136,54,82
229002854,60,156,-96
229002855,14,46,-32
229002856,22,14,8
229002857,22,286,-264
229002858,36,14,22
229002859,38,214,-176
229002860,172,14,158
229002861,44,26,18
229002862,30,54,-24
229002863,30,88,-58
229002864,90,58,32
229002865,38,36,2
229002866,38,68,-30
229002867,0,62,-62
229002868,16,66,-50
229002869,68,172,-104
229002870,96,24,72
235000066,316,74,242
235000067,94,114,-20
235000072,52,114,-62
235000073,124,564,-440
235000074,64,62,2
235000080,28,44,-16
235000081,200,98,102
235000082,376,28,348
235000083,288,102,186
235000084,134,54,80
235000085,352,98,254
235000089,22,40,-18
235000092,78,170,-92
235000093,28,4,24
235000097,0,2,-2
235000098,70,6,64
235000099,38,42,-4
235000116,44,24,20
235000117,694,14,680
235000133,28,994,-966
235000134,12,400,-388
235000206,6,6,0
235000207,8,6,2
235000208,4,0,4
235000209,10,10,0
235000210,16,8,8
235000212,4,34,-30
235000213,2,38,-36
235000220,0,2,-2
235000221,46,36,10
235000238,16,294,-278
235000239,4,100,-96
235000242,640,1584,-944
235000245,626,326,300
235000246,46,112,-66
235000284,4,226,-222
235000295,168,26,142
235000305,376,66,310
235000306,694,34,660
235000307,42,14,28
235000308,30,4,26
235000309,94,0,94
235000310,90,2,88
235000311,638,26,612
235000322,0,94,-94
235000323,0,118,-118
235000324,0,106,-106
235000325,6,62,-56
235000326,46,110,-64
235000351,26,118,-92
235000352,8,72,-64
235000353,24,56,-32
235000354,42,78,-36
235000355,46,122,-76
235000356,62,4,58
235000357,122,8,114
235000358,44,20,24
235000359,24,10,14
235000360,90,14,76
235000361,240,12,228
235000381,186,110,76
235000382,242,42,200
235000390,30,24,6
235000391,330,18,312
235000392,574,494,80
235000393,216,236,-20
235000395,194,58,136
235000396,810,158,652
235000400,140,254,-114
235000401,20,154,-134
235000405,146,202,-56
235000406,98,160,-62
235000407,108,98,10
235000409,210,90,120
235000410,76,250,-174
235000411,2,70,-68
235000485,0,6,-6
235000486,36,0,36
235000549,176,102,74
235000550,280,60,220
235000599,238,58,180
235000600,10,42,-32
235000601,48,46,2
235000602,146,68,78
235000614,4,22,-18
235000648,0,8,-8
235000649,58,10,48
235000685,6,8,-2
235000815,32,298,-266
235000834,0,90,-90
235000855,56,36,20
235000862,84,146,-62
235000891,0,54,-54
235000892,18,0,18
235000901,92,62,30
235000907,4,34,-30
235001010,112,76,36
235001029,266,244,22
235001030,428,152,276
235001078,174,240,-66
235001079,62,50,12
235001147,48,222,-174
235001166,20,20,0
235001167,68,34,34
235001169,140,598,-458
235001188,0,34,-34
235001189,4,2,2
235001197,12,62,-50
235001200,116,116,0
235001207,804,62,742
235001210,276,124,152
235001215,60,210,-150
235001239,0,46,-46
235001244,0,70,-70
235016267,0,58,-58
277102712,2,0,2
277103813,0,0,0
277103814,0,0,0
277104249,0,0,0
277104250,0,2,-2
277104251,0,10,-10
277104252,0,2,-2
990011530,2,342,-340
990014944,6,310,-304
990015176,456,2,454
990015618,2,78,-76
990016032,0,246,-246
990032570,0,48,-48
990070001,166,4,162
990070103,0,0,0
990070601,0,36,-36
990070751,3104,10,3094
990070766,2,340,-338
990071180,840,374,466
990071343,26,4,22
990071387,0,6,-6
990071823,26,2,24
990072600,6,1864,-1858
990072964,2,490,-488
990073285,0,2,-2
990074393,2,558,-556
990074870,3194,44,3150
990075106,1086,6,1080
990075746,1132,4,1128
990076437,4670,2,4668
990076458,4,504,-500
997000007,688,40,648
997000041,0,258,-258
997000058,66,0,66
997000062,72,60,12
997000069,0,2,-2
997000070,0,18,-18
997000100,136,2,134
997000141,2,682,-680
997000198,138,948,-810
998000475,0,8,-8
998000736,0,128,-128
998000965,0,6,-6
998001031,2,124,-122
998001700,0,42,-42
998001899,0,2,-2
998001900,18,0,18
998003073,1642,40,1602
998101900,0,0,0
998102850,2,450,-448
998501927,822,1778,-956
998501929,132,0,132
998501930,86,0,86
998501931,174,16,158
998501932,14,0,14
998501933,142,62,80
998501937,22,6,16
998501944,14,0,14
998501950,0,8,-8
998501970,156,10,146
998501971,0,100,-100
998501973,0,20,-20
998501974,0,220,-220
998501975,120,2,118
998501976,662,46,616
998501977,24,40,-16
998501978,8,0,8
998501979,0,4,-4
998501980,110,8,102
998501981,118,8,110
998501982,0,186,-186
998501983,0,0,0
998502006,0,2,-2
998502024,0,4,-4
998502032,0,2,-2
998502062,70,42,28
998502063,0,0,0
998502173,60,0,60
998502269,0,2,-2
998502546,0,580,-580
998502578,4,0,4
998502599,32,880,-848
998502621,0,12,-12
998601159,2,84,-82
998601292,0,8,-8
999033574,0,360,-360
999800001,58,0,58
999800002,0,4,-4
999800003,0,0,0
999800004,0,2,-2
999800005,0,24,-24
