ID,insum,outsum,diff
100000001,287,201,86
100000002,1389,2629,-1240
100000003,2014,2329,-315
100000004,172,652,-480
100000005,1562,1848,-286
100000006,235,207,28
100000007,749,1109,-360
100000008,22,279,-257
100000009,107,607,-500
100000010,4,112,-108
100000011,97,47,50
100000012,35,148,-113
100000013,1,88,-87
100000014,17,267,-250
100000015,457,825,-368
100000016,62,877,-815
100000017,60,1156,-1096
100000018,284,207,77
100000019,902,1208,-306
100000020,394,1848,-1454
100000021,2171,646,1525
100000022,196,1254,-1058
100000023,1574,569,1005
100000025,174,669,-495
100000028,227,743,-516
100000029,3,253,-250
100000030,43,1,42
100000031,881,3479,-2598
100000032,665,2080,-1415
100000033,417,1571,-1154
100000034,31,620,-589
100000035,230,424,-194
100000036,201,665,-464
100000037,410,217,193
100000038,1681,642,1039
100000039,114,125,-11
100000040,185,73,112
100000041,739,361,378
100000042,395,244,151
100000043,295,144,151
100000044,37,117,-80
100000045,87,169,-82
100000046,122,174,-52
100000047,25,175,-150
100000048,76,214,-138
100000049,502,445,57
100000051,173,178,-5
100000053,45,1,44
100000054,105,10,95
100000055,312,201,111
100000056,134,273,-139
100000057,1046,188,858
100000058,326,322,4
100000059,18,119,-101
100000060,402,223,179
100000061,1285,446,839
100000062,710,487,223
100000063,483,254,229
100000064,672,287,385
100000065,162,286,-124
100000066,109,235,-126
100000067,132,221,-89
100000068,188,664,-476
100000069,176,582,-406
100000072,96,173,-77
100000073,593,352,241
100000075,412,53,359
100000076,526,2653,-2127
100000077,38,253,-215
100000078,1,23,-22
100000079,0,71,-71
100000080,2,66,-64
100000081,0,30,-30
100000102,902,2225,-1323
100000103,694,1743,-1049
100000104,1429,1090,339
100000105,581,539,42
100000106,287,1362,-1075
100000107,45,458,-413
100000108,98,258,-160
100000109,258,489,-231
100000116,94,247,-153
100000117,18,71,-53
100000118,347,384,-37
100000119,533,570,-37
100000121,85,309,-224
100000122,192,998,-806
100000123,599,918,-319
100000124,610,1265,-655
100000125,2781,1886,895
100000126,280,278,2
100000127,490,322,168
100000128,104,1446,-1342
100000129,132,450,-318
100000130,424,119,305
100000131,372,617,-245
100000132,374,895,-521
100000133,622,256,366
100000135,367,594,-227
100000139,73,448,-375
100000140,39,48,-9
100000142,370,220,150
100000143,359,112,247
100000144,743,222,521
100000147,554,2616,-2062
100000150,63,262,-199
100000151,39,707,-668
100000153,6,170,-164
100000154,4,253,-249
100000155,0,40,-40
100000156,14,129,-115
100000157,141,196,-55
100000158,118,156,-38
100000159,59,712,-653
100000165,406,226,180
100000169,12,671,-659
100000174,163,361,-198
100000179,8,284,-276
100000180,201,570,-369
100000181,90,95,-5
100000188,30,47,-17
100000189,316,131,185
100000190,176,513,-337
100000191,312,219,93
100000192,6,77,-71
100000193,160,81,79
100000330,271,398,-127
100000355,71,258,-187
100000362,1056,450,606
100000363,3367,3522,-155
100000364,87,176,-89
100000365,3301,4301,-1000
100000366,951,458,493
100000367,2777,3330,-553
100000368,628,448,180
100000369,159,1052,-893
100000370,86,500,-414
100000376,22,222,-200
100000379,217,1403,-1186
100000380,1080,2896,-1816
100000384,2233,2793,-560
100000385,468,1882,-1414
100000386,701,2239,-1538
100000387,1133,2801,-1668
100000388,966,1772,-806
100000389,1474,2559,-1085
100000390,1095,1115,-20
100000391,1376,3180,-1804
100000392,334,808,-474
100000393,338,1789,-1451
100000394,664,1928,-1264
100000395,316,1640,-1324
100000396,527,934,-407
100000397,652,2952,-2300
100000398,3700,1880,1820
100000413,0,8,-8
100900002,3,0,3
100900003,231,220,11
100900004,1,79,-78
100900005,102,2,100
100900006,21,6,15
100900007,75,4,71
100900008,0,73,-73
100900009,2,10,-8
100900010,34,2,32
100900011,124,89,35
100900012,0,25,-25
100900013,608,14,594
100900014,0,0,0
100900015,23,5,18
100900016,0,22,-22
100900017,513,22,491
100900018,0,1,-1
100900019,0,14,-14
100900020,168,0,168
100900021,100,0,100
100900022,1,7,-6
100900023,0,7,-7
100900024,133,0,133
100900025,3,1,2
100900026,91,19,72
100900027,128,1097,-969
100900028,37,114,-77
100900029,52,1,51
100900030,0,32,-32
100900031,433,19,414
100900032,94,0,94
100900033,14,101,-87
100900034,845,0,845
100900035,106,0,106
100900036,9,0,9
100900037,135,24,111
100900038,7,6,1
100900039,165,50,115
100900040,1025,88,937
100900041,432,32,400
100900042,199,1963,-1764
100900043,0,12,-12
100900044,346,227,119
100900045,0,0,0
100900046,247,1,246
100900047,329,63,266
100900048,52,4,48
100900049,2,22,-20
100900050,1,1,0
100900051,14,48,-34
100900052,78,7,71
100900053,411,1,410
100900054,0,20,-20
100900055,106,405,-299
100900056,0,20,-20
100900057,697,62,635
100900058,166,36,130
100900059,89,0,89
100900060,183,1,182
100900061,16,55,-39
100900062,2,5,-3
100900063,152,378,-226
100900064,108,0,108
100900065,12,82,-70
100900066,91,8,83
100900067,0,1,-1
100900068,57,72,-15
100900069,62,0,62
100900070,342,2,340
100900071,58,27,31
100900072,0,7,-7
100900073,52,104,-52
100900074,4,3,1
100900075,368,21,347
100900076,1,8,-7
100900077,27,1,26
100900078,18,70,-52
100900079,0,2,-2
100900080,70,42,28
100900081,12,71,-59
100900082,103,57,46
100900083,0,1,-1
100900085,0,100,-100
100900086,6,197,-191
100900088,82,78,4
100900089,1,30,-29
100900090,13,189,-176
100900091,0,12,-12
100900092,32,108,-76
100900093,215,191,24
100900094,68,32,36
100900095,0,10,-10
100900096,23,30,-7
100900097,3,0,3
100900098,17,2,15
100900099,1,131,-130
100900100,1,64,-63
100900101,82,19,63
100900102,1,35,-34
100900103,0,1,-1
100900104,0,61,-61
100900105,2,55,-53
100900106,11,1,10
100900107,498,274,224
100900108,0,3,-3
100900109,19,5,14
100900110,2,7,-5
100900111,3,52,-49
100900112,0,1,-1
100900113,2,17,-15
100900114,0,18,-18
100900115,5,2,3
100900116,326,203,123
100900117,85,714,-629
100900118,2,27,-25
100900119,1,11,-10
100900120,6,0,6
100900121,142,162,-20
100900122,10,11,-1
100900123,123,4,119
100900124,0,11,-11
100900125,1,15,-14
100900126,183,2,181
100900127,3,0,3
100900128,10,71,-61
100900129,0,155,-155
100900131,6,21,-15
100900133,33,1,32
100900134,3,1,2
100900135,0,103,-103
100900137,38,27,11
100900138,55,74,-19
100900139,0,5,-5
100900140,0,30,-30
100900141,0,168,-168
100900142,1,2,-1
100900143,129,106,23
100900144,1,11,-10
100900145,1,32,-31
100900146,3,13,-10
100900147,2,545,-543
100900148,2,46,-44
100900149,2,217,-215
100900150,0,19,-19
100900151,10,124,-114
100900152,17,2,15
100900153,2,156,-154
100900154,14,24,-10
100900155,22,8,14
100900156,5,0,5
100900157,5,98,-93
100900159,0,1,-1
100900160,9,0,9
100900161,1,0,1
100900162,12,89,-77
100900163,6,11,-5
100900164,35,1,34
100900165,44,33,11
100900166,1,1,0
100900167,13,10,3
100900168,5,23,-18
100900169,9,192,-183
100900170,8,0,8
100900171,0,160,-160
100900172,0,117,-117
100900173,0,27,-27
100900174,6,17,-11
100900176,424,27,397
100900177,85,40,45
100900178,60,151,-91
100900179,64,53,11
100900180,1,0,1
100900181,1,2,-1
100900182,4,2,2
100900184,7,44,-37
100900186,127,38,89
100900187,30,42,-12
100900188,46,4,42
100900189,805,151,654
100900191,123,345,-222
100900192,30,99,-69
100900195,26,96,-70
100900197,13,13,0
100900198,9,9,0
100900199,0,0,0
100900200,303,41,262
100900201,16,284,-268
100900202,10,0,10
100900203,0,32,-32
100900204,3,41,-38
100900205,51,391,-340
100900206,57,83,-26
100900207,129,25,104
100900210,18,19,-1
100900211,34,65,-31
100900213,34,2,32
100900214,86,21,65
100900215,2,0,2
100900217,17,19,-2
101000001,775,1138,-363
101000002,2087,2382,-295
101000003,46,457,-411
101000004,1944,4140,-2196
101000005,1905,3269,-1364
101000006,1641,5325,-3684
101000007,723,2123,-1400
101000008,935,1140,-205
101000009,943,316,627
101000010,405,298,107
101000011,308,193,115
101000012,140,148,-8
101000013,270,624,-354
101000014,158,207,-49
101000015,1323,555,768
101000016,76,296,-220
101000017,139,205,-66
101000018,764,1594,-830
101000020,556,267,289
101000021,201,166,35
101000022,27,40,-13
101000023,332,390,-58
101000025,176,285,-109
101000026,295,29,266
101000027,704,1513,-809
101000028,470,184,286
101000029,17,359,-342
101000030,211,115,96
101000031,25,415,-390
101000032,958,2125,-1167
101000033,403,1847,-1444
101000034,159,1401,-1242
101000035,79,154,-75
101000036,115,974,-859
101000037,322,1710,-1388
101000039,785,930,-145
101000040,1015,1994,-979
101000041,850,3319,-2469
101000042,7,383,-376
101000043,1166,2095,-929
101000045,121,560,-439
101000046,344,1039,-695
101000047,467,1982,-1515
101000048,127,176,-49
101000049,188,461,-273
101000050,168,765,-597
101000051,182,930,-748
101000052,589,769,-180
101000053,144,427,-283
101000054,321,180,141
101000055,559,797,-238
101000056,2,70,-68
101000057,282,908,-626
101000058,201,676,-475
101000059,605,1403,-798
101000060,628,353,275
101000061,76,1115,-1039
101000062,77,257,-180
101000063,52,565,-513
101000064,105,536,-431
101000065,92,395,-303
101000066,150,767,-617
101000067,116,304,-188
101000068,68,180,-112
101000069,65,63,2
101000070,166,258,-92
101000071,1359,540,819
101000072,235,806,-571
101000073,209,880,-671
101000074,863,1467,-604
101000075,1064,907,157
101000077,966,866,100
101000078,462,425,37
101000079,638,622,16
101000080,529,273,256
101000081,760,719,41
101000082,893,729,164
101000083,1454,975,479
101000084,382,187,195
101000085,1024,540,484
101000086,380,265,115
101000087,323,357,-34
101000088,870,478,392
101000089,436,663,-227
101000090,574,236,338
101000091,236,192,44
101000092,1180,388,792
101000093,635,233,402
101000094,209,208,1
101000095,291,318,-27
101000096,281,142,139
101000097,200,160,40
101000098,208,237,-29
101000099,220,499,-279
101000100,591,807,-216
101000101,58,224,-166
101000102,132,397,-265
101000103,208,295,-87
101000104,113,476,-363
101000105,195,325,-130
101000106,115,1514,-1399
101000107,146,126,20
101000108,137,32,105
101000109,308,66,242
101000110,2,62,-60
101000111,36,51,-15
101000113,34,401,-367
101000114,869,2287,-1418
101000115,0,5,-5
101000116,1,9,-8
101000117,211,9,202
101000119,9,60,-51
101000120,14,53,-39
101000121,15,44,-29
101000122,26,73,-47
101000123,15,70,-55
101000124,652,363,289
101000125,69,129,-60
101000128,71,397,-326
101000130,100,67,33
101000131,680,218,462
101000132,307,206,101
101000135,1,44,-43
101000136,35,72,-37
101000137,6,200,-194
101000141,225,2142,-1917
101000147,598,117,481
101000148,366,3,363
101000149,3,39,-36
101000150,71,111,-40
101000151,198,37,161
101000152,114,101,13
101000153,157,58,99
101000154,384,218,166
101000155,285,92,193
101000156,10,142,-132
101000157,9,18,-9
101000160,0,9,-9
101000163,37,420,-383
101000164,175,70,105
101000165,111,222,-111
101000166,55,138,-83
101000168,488,151,337
101000252,1447,299,1148
101000254,9,5,4
101000258,75,2,73
101000261,67,47,20
101000262,376,2468,-2092
101000263,93,634,-541
101000265,7,292,-285
101000266,149,123,26
101000269,30,8,22
101000290,49,1508,-1459
101000293,0,0,0
101000294,142,101,41
101000295,145,111,34
101000301,95,445,-350
101000304,736,1391,-655
101000305,1145,679,466
101000328,45,663,-618
101900001,3,17,-14
101900002,0,5,-5
101900003,11,16,-5
101900004,0,33,-33
101900005,475,1553,-1078
101900006,505,16,489
101900007,75,64,11
101900008,11,88,-77
101900009,3,228,-225
101900010,209,283,-74
101900011,63,422,-359
101900012,107,32,75
101900013,83,53,30
101900017,2,53,-51
101900018,211,79,132
101900019,20,21,-1
101900020,34,5,29
101900021,0,14,-14
101900022,27,172,-145
101900023,53,35,18
101900026,16,12,4
101900027,2,63,-61
102000001,1362,3392,-2030
102000002,1066,683,383
102000003,716,2540,-1824
102000004,1104,1282,-178
102000005,381,1690,-1309
102000006,218,481,-263
102000007,536,2453,-1917
102000008,1760,638,1122
102000009,3301,3844,-543
102000010,1507,1017,490
102000011,2258,2212,46
102000012,1835,1257,578
102000018,1068,1342,-274
102000019,911,558,353
102000026,129,190,-61
102000029,84,63,21
102000030,75,182,-107
102000031,27,54,-27
102000032,333,186,147
102000033,172,175,-3
102000034,166,90,76
102000035,274,167,107
102000036,11,127,-116
102000037,56,10,46
102000038,12,53,-41
102000039,4,62,-58
102000040,81,79,2
102000041,22,208,-186
102000042,24,166,-142
102000043,3,128,-125
102000044,108,433,-325
102000045,244,433,-189
102000046,628,234,394
102000047,259,216,43
102000048,177,273,-96
102000049,452,234,218
102000050,329,474,-145
102000051,76,156,-80
102000052,392,434,-42
102000053,371,472,-101
102000054,397,270,127
102000055,316,125,191
102000056,681,132,549
102000057,773,182,591
102000058,323,293,30
102000059,309,270,39
102000060,494,654,-160
102000061,746,538,208
102000062,1208,586,622
102000063,354,635,-281
102000064,407,461,-54
102000065,33,141,-108
102000066,384,240,144
102000067,1308,1957,-649
102000068,2506,1172,1334
102000069,3,768,-765
102000070,1063,14,1049
102000071,3249,5795,-2546
102000072,971,1420,-449
102000073,198,283,-85
102000074,264,195,69
102000075,70,90,-20
102000076,136,44,92
102000077,304,136,168
102000078,725,87,638
102000079,66,25,41
102000080,179,72,107
102000081,69,393,-324
102000082,231,264,-33
102000083,367,63,304
102000084,555,70,485
102000085,693,177,516
102000086,875,248,627
102000087,201,379,-178
102000088,252,99,153
102000089,873,159,714
102000090,150,503,-353
102000091,654,352,302
102000092,103,326,-223
102000093,356,394,-38
102000094,174,125,49
102000095,240,371,-131
102000096,209,126,83
102000097,222,166,56
102000098,89,144,-55
102000099,340,273,67
102000100,55,272,-217
102000101,77,256,-179
102000102,58,348,-290
102000103,883,248,635
102000104,257,154,103
102000105,173,168,5
102000106,374,89,285
102000107,936,140,796
102000108,235,116,119
102000109,201,144,57
102000110,598,248,350
102000111,1,180,-179
102000112,33,80,-47
102000113,2,19,-17
102000114,357,228,129
102000115,105,153,-48
102000116,165,399,-234
102000117,26,224,-198
102000118,469,1100,-631
102000119,247,608,-361
102000120,105,251,-146
102000121,371,145,226
102000122,200,439,-239
102000123,340,173,167
102000124,396,478,-82
102000125,201,136,65
102000126,193,276,-83
102000127,446,101,345
102000128,288,249,39
102000129,467,130,337
102000130,206,267,-61
102000131,368,239,129
102000132,152,340,-188
102000133,1997,576,1421
102000134,641,327,314
102000135,222,338,-116
102000136,591,204,387
102000137,184,120,64
102000138,82,32,50
102000139,66,114,-48
102000140,60,195,-135
102000141,16,688,-672
102000142,127,507,-380
102000143,90,77,13
102000144,166,55,111
102000145,119,72,47
102000146,157,100,57
102000147,153,165,-12
102000148,64,131,-67
102000149,158,38,120
102000150,333,8,325
102000151,71,23,48
102000152,191,40,151
102000153,348,199,149
102000154,79,151,-72
102000155,20,183,-163
102000156,91,60,31
102000157,30,142,-112
102000158,69,240,-171
102000159,354,548,-194
102000161,924,839,85
102000162,74,42,32
102000163,58,200,-142
102000164,128,382,-254
102000165,95,57,38
102000166,8,64,-56
102000167,52,61,-9
102000168,54,49,5
102000169,32,394,-362
102000170,179,16,163
102000171,3,52,-49
102000172,2,148,-146
102000173,231,163,68
102000174,39,23,16
102000175,66,12,54
102000176,4,18,-14
102000178,115,243,-128
102000179,226,137,89
102000180,428,126,302
102000181,575,146,429
102000182,320,123,197
102000183,952,444,508
102000184,822,234,588
102000185,1453,275,1178
102000186,628,381,247
102000187,396,138,258
102000188,747,425,322
102000189,737,78,659
102000190,221,939,-718
102000191,262,207,55
102000192,413,579,-166
102000193,17,36,-19
102000194,19,80,-61
102000195,440,149,291
102000196,178,129,49
102000197,687,90,597
102000198,76,114,-38
102000199,738,65,673
102000200,101,207,-106
102000201,824,140,684
102000202,0,25,-25
102000203,156,41,115
102000204,332,152,180
102000205,704,142,562
102000206,139,102,37
102000207,319,175,144
102000208,214,248,-34
102000209,6,35,-29
102000210,318,35,283
102000211,259,36,223
102000212,345,10,335
102000213,3,58,-55
102000214,354,5,349
102000215,1,81,-80
102000216,99,63,36
102000217,4,28,-24
102000218,64,92,-28
102000219,25,53,-28
102000225,159,373,-214
102000226,121,134,-13
102000227,73,0,73
102000228,0,13,-13
102000229,46,48,-2
102000230,184,174,10
102000231,177,220,-43
102000232,30,164,-134
102000233,285,105,180
102000234,26,525,-499
102000236,73,13,60
102000237,291,54,237
102000238,36,115,-79
102000240,55,207,-152
102000241,152,9,143
102000243,3,38,-35
102000245,6,24,-18
102000246,21,80,-59
102000247,100,216,-116
102000248,203,529,-326
102000249,65,34,31
102000250,21,60,-39
102000254,300,39,261
102000266,2,61,-59
102000271,20,0,20
102000286,120,251,-131
102000297,586,285,301
102000299,0,0,0
102000301,0,0,0
102000303,0,0,0
102000305,0,0,0
102000307,0,0,0
102900001,500,149,351
102900002,139,1,138
102900003,27,29,-2
102900005,142,100,42
102900006,120,12,108
102900007,347,1,346
102900008,121,6,115
102900009,85,66,19
102900010,120,442,-322
102900011,343,73,270
102900012,169,24,145
102900013,8,4,4
102900015,396,119,277
102900016,81,4,77
102900017,141,47,94
102900018,29,28,1
102900019,88,140,-52
102900020,56,7,49
102900021,18,13,5
102900022,8,3,5
102900023,12,3,9
102900024,8,16,-8
102900025,18,15,3
102900026,87,923,-836
102900027,47,12,35
102900028,26,410,-384
102900029,2,84,-82
102900030,111,149,-38
102900031,77,13,64
102900032,28,35,-7
102900033,30,74,-44
102900034,389,8,381
102900035,57,77,-20
102900036,170,99,71
102900037,31,55,-24
102900038,110,52,58
102900039,46,271,-225
102900040,29,83,-54
102900041,36,16,20
102900042,25,40,-15
102900043,136,16,120
102900044,161,411,-250
102900045,63,124,-61
102900046,167,71,96
102900047,33,127,-94
102900048,185,124,61
102900049,30,70,-40
102900050,55,110,-55
102900051,58,68,-10
102900053,86,60,26
102900054,40,284,-244
102900055,6,191,-185
102900056,9,48,-39
102900057,3,24,-21
102900058,178,37,141
102900059,1,0,1
102900060,5,48,-43
102900061,40,83,-43
102900062,111,130,-19
102900063,915,65,850
102900064,12,193,-181
102900065,544,105,439
102900066,88,2,86
102900068,4,55,-51
102900070,131,108,23
102900072,1,12,-11
102900073,6,0,6
102900075,3,4,-1
102900076,1,6,-5
102900077,2,1,1
102900078,3,0,3
102900079,104,1,103
102900080,199,0,199
102900081,3,54,-51
102900082,18,12,6
102900083,33,1,32
102900084,1,0,1
102900085,15,5,10
102900086,1,1,0
102900087,91,42,49
102900088,17,8,9
102900089,105,6,99
102900090,0,22,-22
102900091,146,0,146
102900092,171,48,123
102900094,0,9,-9
102900095,41,2,39
102900096,24,2,22
102900097,2,14,-12
103000001,1234,1263,-29
103000002,1699,1568,131
103000003,1566,1278,288
103000004,336,222,114
103000005,719,1568,-849
103000006,549,671,-122
103000007,196,148,48
103000008,509,305,204
103000009,870,536,334
103000010,187,30,157
103000011,598,264,334
103000012,669,662,7
103000013,1036,676,360
103000014,722,1172,-450
103000015,605,247,358
103000016,263,703,-440
103000017,111,533,-422
103000018,160,94,66
103000019,166,299,-133
103000020,809,668,141
103000021,1388,2048,-660
103000022,288,593,-305
103000023,528,1234,-706
103000024,50,49,1
103000025,53,689,-636
103000026,143,46,97
103000027,38,453,-415
103000028,128,127,1
103000029,55,88,-33
103000030,634,685,-51
103000031,437,1237,-800
103000032,954,395,559
103000033,2274,1883,391
103000034,494,295,199
103000035,83,588,-505
103000036,85,160,-75
103000037,335,211,124
103000038,150,504,-354
103000039,204,105,99
103000040,483,263,220
103000041,797,674,123
103000042,636,96,540
103000043,531,247,284
103000044,170,67,103
103000046,65,180,-115
103000047,296,130,166
103000048,135,51,84
103000049,33,39,-6
103000050,364,41,323
103000051,340,162,178
103000052,341,89,252
103000053,145,68,77
103000054,806,159,647
103000055,935,433,502
103000056,333,338,-5
103000057,914,84,830
103000058,434,128,306
103000059,484,235,249
103000060,357,107,250
103000061,370,341,29
103000062,303,58,245
103000063,537,364,173
103000064,55,12,43
103000065,3,95,-92
103000066,132,2,130
103000069,98,90,8
103000070,330,67,263
103000071,680,318,362
103000072,153,159,-6
103000073,523,34,489
103000074,546,48,498
103000075,28,121,-93
103000076,138,428,-290
103000077,2,135,-133
103000078,294,357,-63
103000079,135,384,-249
103000080,177,156,21
103000081,198,485,-287
103000082,256,94,162
103000083,28,96,-68
103000084,54,2,52
103000085,0,50,-50
103000086,245,257,-12
103000087,75,380,-305
103000088,112,231,-119
103000089,126,481,-355
103000090,2672,901,1771
103000091,647,314,333
103000092,191,77,114
103000093,87,187,-100
103000094,126,52,74
103000095,40,113,-73
103000096,277,0,277
103000097,6,264,-258
103000098,319,13,306
103000099,19,156,-137
103000100,102,155,-53
103000101,826,12,814
103000102,85,95,-10
103000103,410,36,374
103000104,89,42,47
103000105,148,24,124
103000106,2,125,-123
103000107,161,58,103
103000108,857,625,232
103000109,194,413,-219
103000110,330,657,-327
103000111,191,264,-73
103000112,141,136,5
103000113,121,405,-284
103000114,720,262,458
103000115,616,473,143
103000116,594,198,396
103000117,350,339,11
103000118,165,213,-48
103000119,425,165,260
103000120,28,147,-119
103000121,32,113,-81
103000122,359,692,-333
103000125,3,33,-30
103000126,328,0,328
103000127,0,48,-48
103000128,106,0,106
103000129,1,85,-84
103000130,32,11,21
103000131,51,47,4
103000132,30,39,-9
103000133,9,101,-92
103000134,86,393,-307
103000135,205,114,91
103000136,145,131,14
103000137,114,347,-233
103000138,175,352,-177
103000139,0,14,-14
103000140,46,0,46
103000141,15,6,9
103000142,26,31,-5
103000143,28,69,-41
103000144,143,7,136
103000145,5,47,-42
103000150,32,38,-6
103000152,35,144,-109
103000153,73,155,-82
103000156,1,100,-99
103000157,199,1,198
103000159,77,8,69
103000162,4,2,2
103000163,5,23,-18
103000164,10,19,-9
103000165,32,64,-32
103000166,158,301,-143
103000167,101,70,31
103000168,118,26,92
103000169,163,402,-239
103000170,1083,137,946
103000171,4,36,-32
103000172,568,71,497
103000173,407,84,323
103000174,248,133,115
103000175,208,72,136
103000176,410,417,-7
103000177,102,190,-88
103000178,38,104,-66
103000179,37,3,34
103000183,251,4,247
103000185,111,24,87
103000186,148,38,110
103000187,587,55,532
103000188,1,48,-47
103000189,397,353,44
103000191,128,108,20
103000292,225,664,-439
103000293,190,1490,-1300
103000295,44,37,7
103000296,37,0,37
103000297,0,1,-1
103000504,41,5,36
103000505,1,2,-1
103000506,0,79,-79
103000507,71,1,70
103000508,32,18,14
103000509,151,177,-26
103900001,0,10,-10
103900002,175,23,152
103900003,215,218,-3
103900004,34,1,33
103900005,1,47,-46
103900006,8,0,8
103900007,40,0,40
103900008,1,0,1
103900010,116,32,84
103900012,1,63,-62
103900014,55,2,53
103900015,40,0,40
103900017,24,24,0
103900018,78,2,76
103900019,1,244,-243
103900020,113,208,-95
103900021,64,10,54
103900022,207,80,127
103900023,130,0,130
103900024,10,73,-63
103900025,0,4,-4
103900026,0,0,0
103900027,144,15,129
103900028,103,81,22
103900029,741,32,709
103900030,96,42,54
103900031,9,0,9
103900032,106,120,-14
103900033,9,6,3
103900034,15,15,0
103900035,57,7,50
103900036,23,31,-8
103900037,22,3,19
103900038,15,184,-169
103900039,87,79,8
103900040,0,60,-60
103900041,49,4,45
103900042,161,64,97
103900043,320,11,309
103900044,15,142,-127
103900045,155,115,40
103900047,54,3,51
103900048,1,1,0
103900049,17,323,-306
103900050,12,104,-92
103900051,0,54,-54
103900053,161,33,128
103900054,64,18,46
103900055,79,67,12
103900056,3,1,2
103900057,76,11,65
103900058,242,37,205
103900059,0,28,-28
103900060,52,23,29
103900061,158,8,150
103900062,185,99,86
103900063,0,0,0
103900064,148,1,147
103900065,60,89,-29
103900066,160,43,117
103900067,147,0,147
103900068,0,0,0
103900069,30,1,29
103900070,46,65,-19
103900071,5,23,-18
103900072,15,41,-26
103900073,17,5,12
103900074,30,3,27
103900075,134,35,99
103900076,405,144,261
103900077,5,45,-40
103900078,81,14,67
103900079,28,9,19
103900080,0,2,-2
103900081,5,5,0
103900082,19,29,-10
103900083,318,724,-406
103900084,5,30,-25
103900085,8,26,-18
103900086,582,103,479
103900088,91,178,-87
103900089,21,91,-70
103900090,3,23,-20
103900091,261,23,238
103900092,317,115,202
103900093,6,71,-65
103900094,1,13,-12
103900095,290,168,122
103900096,34,13,21
103900097,2,73,-71
103900098,141,41,100
103900099,81,3,78
103900100,220,11,209
103900101,171,188,-17
103900102,3,7,-4
103900104,1,11,-10
103900105,0,6,-6
103900106,0,116,-116
103900107,151,27,124
103900108,59,48,11
103900109,86,17,69
103900110,84,9,75
103900111,98,88,10
103900112,9,20,-11
103900113,13,31,-18
103900114,172,124,48
103900115,80,71,9
103900116,329,707,-378
103900117,48,5,43
103900119,29,157,-128
103900120,31,10,21
103900122,158,48,110
103900123,106,282,-176
103900124,30,57,-27
103900125,89,48,41
103900126,398,28,370
103900127,62,34,28
103900128,210,19,191
103900131,5,10,-5
103900133,410,5,405
103900134,0,4,-4
103900135,0,1,-1
103900137,0,1,-1
103900138,154,22,132
103900139,54,1400,-1346
103900140,3,188,-185
103900141,79,30,49
103900142,265,33,232
103900143,98,0,98
103900144,0,9,-9
103900145,60,38,22
103900146,172,39,133
103900147,193,16,177
103900148,336,131,205
103900149,165,35,130
103900150,930,2124,-1194
103900151,3,5,-2
103900152,416,15,401
103900153,10,2,8
103900154,59,1070,-1011
103900155,10,46,-36
103900156,10,5,5
103900157,50,6,44
103900158,138,4,134
103900159,131,1,130
103900160,8,5,3
103900161,35,46,-11
103900162,69,19,50
103900163,0,75,-75
103900167,0,7,-7
103900168,19,7,12
103900169,26,2,24
103900170,0,11,-11
103900171,0,1,-1
103900172,1,1,0
103900173,17,1,16
103900174,128,7,121
103900175,6,124,-118
103900176,1,12,-11
103900177,0,0,0
103900178,50,2,48
103900179,19,2,17
103900180,0,2,-2
103900181,4,19,-15
103900182,0,17,-17
103900184,45,10,35
103900185,6,229,-223
103900187,20,49,-29
103900188,37,28,9
103900189,58,0,58
103900190,61,4,57
103900191,0,10,-10
103900192,31,10,21
103900193,4,3,1
103900194,5,6,-1
103900195,0,40,-40
103900196,33,15,18
103900197,1,2,-1
103900198,1,4,-3
103900199,107,11,96
103900200,93,3,90
103900201,37,4,33
103900202,0,15,-15
103900203,41,20,21
103900204,0,7,-7
103900207,0,19,-19
103900208,53,0,53
103900209,0,4,-4
103900210,15,5,10
103900211,330,23,307
103900212,99,45,54
103900213,2,42,-40
103900214,77,133,-56
103900215,16,87,-71
103900216,2,37,-35
103900217,136,3,133
103900218,23,123,-100
103900219,164,38,126
103900233,18,3,15
103900235,32,26,6
103900236,18,16,2
103900242,0,2,-2
103900243,0,1,-1
103900244,43,37,6
103900245,45,11,34
103900246,2,1,1
103900247,5,3,2
103900248,0,9,-9
103900249,0,96,-96
103900250,2,2,0
103900251,0,7,-7
103900253,0,9,-9
103900254,3,5,-2
103900255,0,3,-3
103900256,5,7,-2
103900257,54,47,7
103900258,17,2,15
103900259,1,2,-1
103900261,1,0,1
103900262,15,1,14
103900263,17,2,15
103900264,10,0,10
103900265,0,0,0
103900266,1,32,-31
103900267,0,9,-9
103900268,8,6,2
103900269,100,1,99
103900270,19,14,5
103900271,4,11,-7
103900272,7,0,7
103900273,24,0,24
103900274,47,0,47
103900275,69,0,69
103900276,0,0,0
103900277,0,2,-2
103900278,0,2,-2
103900279,0,24,-24
103900280,1,1,0
104000001,1305,691,614
104000002,1175,1018,157
104000003,1020,743,277
104000004,1678,1011,667
104000005,1003,943,60
104000006,1344,990,354
104000007,2962,1991,971
104000008,180,133,47
104000009,269,98,171
104000010,135,244,-109
104000011,110,71,39
104000012,65,103,-38
104000013,179,298,-119
104000014,87,95,-8
104000015,224,60,164
104000016,114,114,0
104000018,502,92,410
104000019,444,129,315
104000020,18,129,-111
104000021,132,99,33
104000022,105,186,-81
104000023,950,215,735
104000024,163,91,72
104000026,16,53,-37
104000027,143,59,84
104000028,424,193,231
104000029,170,114,56
104000030,265,267,-2
104000031,705,72,633
104000032,79,115,-36
104000033,596,88,508
104000034,157,109,48
104000035,788,142,646
104000036,564,199,365
104000037,78,58,20
104000038,336,198,138
104000039,171,60,111
104000040,21,254,-233
104000041,511,136,375
104000042,182,93,89
104000043,121,95,26
104000044,195,175,20
104000045,361,280,81
104000046,232,292,-60
104000047,305,292,13
104000048,341,383,-42
104000049,311,157,154
104000050,75,306,-231
104000051,95,209,-114
104000052,1652,906,746
104000053,725,251,474
104000054,189,68,121
104000055,1106,667,439
104000056,372,74,298
104000057,239,139,100
104000058,610,483,127
104000059,374,486,-112
104000060,759,585,174
104000061,502,536,-34
104000062,268,107,161
104000064,307,106,201
104000065,17,248,-231
104000069,215,884,-669
104000070,27,308,-281
104000071,117,45,72
104000072,330,117,213
104000075,3,41,-38
104000076,244,18,226
104000082,952,1225,-273
104000083,196,97,99
104000084,43,133,-90
104000085,206,96,110
104000086,180,172,8
104000087,124,370,-246
104000090,374,182,192
104000092,687,332,355
104000094,237,306,-69
104000095,1318,516,802
104000096,1004,5,999
104000097,1314,184,1130
104000098,2250,131,2119
104000100,1501,228,1273
104000101,748,598,150
104000106,59,320,-261
104000107,387,127,260
104000108,105,60,45
104000109,101,38,63
104000110,233,519,-286
104000111,793,1261,-468
104000112,233,180,53
104000116,0,297,-297
104000117,247,101,146
104000118,595,64,531
104000119,432,97,335
104000120,245,114,131
104000121,92,218,-126
104000122,353,306,47
104000123,335,312,23
104000124,126,458,-332
104000125,616,1624,-1008
104000126,263,212,51
104000127,829,821,8
104000128,335,86,249
104000129,166,5,161
104000130,18,281,-263
104000131,153,229,-76
104000132,328,275,53
104000133,665,529,136
104000134,485,1002,-517
104000135,193,570,-377
104000136,311,976,-665
104000137,846,158,688
104000138,777,404,373
104000139,939,890,49
104000141,290,306,-16
104000142,387,176,211
104000143,435,133,302
104000144,77,99,-22
104000145,112,88,24
104000146,60,195,-135
104000147,73,160,-87
104000148,151,78,73
104000149,70,69,1
104000150,532,240,292
104000151,199,145,54
104000152,214,146,68
104000153,539,231,308
104000154,274,157,117
104000155,238,543,-305
104000157,654,449,205
104000158,46,190,-144
104000159,382,134,248
104000160,1016,1209,-193
104000161,87,55,32
104000162,77,41,36
104000165,474,302,172
104000167,372,911,-539
104000168,572,4,568
104000169,179,38,141
104000170,90,89,1
104000248,202,205,-3
104000251,10,64,-54
104000272,0,0,0
104000273,0,0,0
104000274,0,0,0
104000275,0,0,0
104000279,780,1259,-479
104000290,6,492,-486
104000291,516,434,82
104000293,456,409,47
104000294,33,0,33
104000295,754,770,-16
104000296,251,254,-3
104000297,631,1600,-969
104000298,915,437,478
104000299,562,443,119
104000302,23,65,-42
104000303,100,71,29
104900001,18,19,-1
104900002,15,102,-87
104900003,26,40,-14
104900004,12,21,-9
104900005,186,41,145
104900006,216,6,210
104900007,189,40,149
104900009,23,53,-30
104900010,47,2,45
104900011,0,0,0
104900012,48,4,44
104900013,15,4,11
104900014,624,45,579
104900015,40,0,40
104900016,107,24,83
104900017,30,57,-27
104900018,0,24,-24
104900019,28,2602,-2574
104900020,45,71,-26
104900021,0,13,-13
104900022,0,44,-44
104900023,0,4,-4
104900024,2,61,-59
104900025,25,14,11
104900026,0,22,-22
104900027,449,179,270
104900028,4,26,-22
104900029,0,35,-35
104900030,245,83,162
104900031,5,69,-64
104900032,7,12,-5
104900033,73,85,-12
104900034,149,86,63
104900035,220,118,102
104900036,393,10,383
104900037,86,73,13
104900038,34,700,-666
104900039,147,699,-552
104900040,421,8,413
104900041,149,46,103
104900042,139,60,79
104900043,33,236,-203
104900044,608,33,575
104900045,128,42,86
104900046,319,20,299
104900047,255,32,223
104900048,353,16,337
104900049,103,35,68
104900050,394,2,392
104900051,232,24,208
104900052,179,0,179
104900053,256,12,244
104900054,162,19,143
104900055,201,0,201
104900056,127,1,126
104900057,32,0,32
104900058,170,6,164
104900059,79,12,67
104900061,29,38,-9
104900063,3,23,-20
104900064,0,40,-40
104900065,0,40,-40
104900066,0,6,-6
104900067,1,39,-38
104900068,3,24,-21
104900070,8,15,-7
104900071,0,38,-38
104900072,2,35,-33
104900073,29,9,20
104900074,15,18,-3
104900075,0,0,0
104900076,50,5,45
104900077,33,36,-3
104900078,20,15,5
104900079,12,346,-334
104900080,32,60,-28
104900082,0,24,-24
104900085,48,97,-49
104900089,504,0,504
104900091,115,130,-15
104900093,29,66,-37
104900097,354,1126,-772
104900098,57,2,55
104900099,5,176,-171
104900100,69,42,27
104900102,50,38,12
104900103,48,13,35
104900106,41,34,7
104900107,6,42,-36
104900108,2,16,-14
104900109,68,64,4
104900110,4,21,-17
104900111,73,3,70
104900112,208,45,163
104900113,258,38,220
104900114,252,83,169
104900115,286,40,246
104900116,170,20,150
104900118,0,3,-3
104900119,1,3,-2
104900120,24,322,-298
104900121,0,8,-8
104900122,0,10,-10
104900123,166,31,135
104900124,46,0,46
104900125,154,0,154
104900126,4,5,-1
104900127,0,12,-12
104900128,37,8,29
104900129,237,1316,-1079
105000001,1384,635,749
105000002,831,655,176
105000003,1184,1434,-250
105000004,561,351,210
105000005,929,555,374
105000006,517,906,-389
105000007,590,1119,-529
105000008,303,1263,-960
105000009,2123,1704,419
105000010,1134,557,577
105000011,1743,1757,-14
105000012,986,839,147
105000013,628,563,65
105000014,1798,1588,210
105000015,3917,6986,-3069
105000016,592,648,-56
105000017,913,666,247
105000018,360,497,-137
105000019,459,445,14
105000020,30,204,-174
105000021,175,85,90
105000022,48,22,26
105000023,417,89,328
105000028,15,56,-41
105000029,261,597,-336
105000030,1761,1001,760
105000031,0,5,-5
105000033,525,554,-29
105000034,31,472,-441
105000037,294,48,246
105000038,410,626,-216
105000039,343,386,-43
105000040,663,446,217
105000041,281,282,-1
105000042,773,558,215
105000043,313,358,-45
105000044,294,82,212
105000045,135,149,-14
105000046,582,61,521
105000047,201,155,46
105000048,740,174,566
105000049,85,128,-43
105000050,468,237,231
105000051,114,192,-78
105000052,257,408,-151
105000053,34,95,-61
105000054,215,312,-97
105000055,365,109,256
105000056,1035,744,291
105000057,783,243,540
105000058,657,499,158
105000059,665,271,394
105000060,255,167,88
105000061,865,253,612
105000062,329,321,8
105000063,114,189,-75
105000064,1712,260,1452
105000065,309,133,176
105000066,466,282,184
105000067,995,410,585
105000068,163,312,-149
105000069,618,1581,-963
105000070,228,595,-367
105000071,108,1046,-938
105000072,734,2696,-1962
105000073,622,382,240
105000074,205,210,-5
105000075,232,253,-21
105000076,651,339,312
105000077,808,266,542
105000078,314,380,-66
105000079,384,875,-491
105000080,956,911,45
105000081,595,605,-10
105000082,400,928,-528
105000083,1115,1491,-376
105000084,184,448,-264
105000085,1608,1355,253
105000086,353,388,-35
105000087,537,623,-86
105000088,1059,1351,-292
105000089,818,424,394
105000090,180,133,47
105000091,250,275,-25
105000092,188,208,-20
105000093,78,234,-156
105000094,88,82,6
105000095,48,308,-260
105000096,647,967,-320
105000097,168,276,-108
105000098,801,785,16
105000099,328,375,-47
105000100,1098,372,726
105000101,1030,455,575
105000102,868,517,351
105000103,606,518,88
105000104,1141,286,855
105000105,532,297,235
105000106,834,317,517
105000107,1001,184,817
105000108,946,252,694
105000109,1467,279,1188
105000110,530,157,373
105000111,920,212,708
105000112,467,178,289
105000113,361,425,-64
105000114,509,720,-211
105000115,160,1073,-913
105000116,809,249,560
105000117,365,231,134
105000118,445,152,293
105000119,283,251,32
105000120,1176,198,978
105000121,556,290,266
105000122,316,184,132
105000123,319,295,24
105000124,1069,239,830
105000125,523,394,129
105000126,1077,561,516
105000127,1704,544,1160
105000128,382,668,-286
105000129,645,120,525
105000130,107,2238,-2131
105000131,195,63,132
105000132,751,553,198
105000133,70,188,-118
105000134,968,175,793
105000135,118,70,48
105000136,13,22,-9
105000137,408,38,370
105000138,129,32,97
105000139,453,142,311
105000140,547,95,452
105000141,215,85,130
105000142,210,171,39
105000143,49,146,-97
105000144,158,178,-20
105000145,576,145,431
105000146,154,110,44
105000147,498,115,383
105000148,527,317,210
105000149,1840,821,1019
105000150,428,224,204
105000151,424,252,172
105000152,152,218,-66
105000153,697,139,558
105000154,299,225,74
105000155,406,164,242
105000156,103,222,-119
105000157,407,347,60
105000158,1251,231,1020
105000159,168,255,-87
105000160,2061,264,1797
105000161,359,227,132
105000162,344,1441,-1097
105000163,469,237,232
105000164,31,67,-36
105000165,235,5005,-4770
105000166,1186,985,201
105000167,512,1440,-928
105000168,187,92,95
105000169,506,65,441
105000170,223,548,-325
105000171,524,87,437
105000172,269,1,268
105000173,488,9,479
105000174,77,5,72
105000175,56,49,7
105000176,346,40,306
105000177,260,119,141
105000178,150,56,94
105000179,974,15,959
105000180,193,14,179
105000181,128,105,23
105000182,54,10,44
105000183,891,1425,-534
105000184,90,182,-92
105000185,146,585,-439
105000186,149,266,-117
105000187,333,141,192
105000188,73,118,-45
105000189,90,282,-192
105000190,121,119,2
105000191,105,162,-57
105000192,142,47,95
105000193,77,32,45
105000194,415,12,403
105000195,104,159,-55
105000196,64,166,-102
105000197,75,177,-102
105000198,63,78,-15
105000199,28,426,-398
105000200,50,291,-241
105000201,88,15,73
105000203,0,57,-57
105000204,51,12,39
105000205,35,54,-19
105000207,51,14,37
105000208,81,162,-81
105000209,28,32,-4
105000211,283,1,282
105000212,560,308,252
105000213,43,86,-43
105000214,102,52,50
105000215,120,54,66
105000216,92,51,41
105000217,74,29,45
105000218,1512,280,1232
105000221,128,75,53
105000222,113,21,92
105000223,236,41,195
105000226,32,54,-22
105000227,56,17,39
105000228,14,808,-794
105000229,93,255,-162
105000231,165,55,110
105000233,504,414,90
105000234,207,429,-222
105000235,356,257,99
105000237,809,48,761
105000243,36,21,15
105000248,11,22,-11
105000262,114,87,27
105000269,69,20,49
105000270,487,2,485
105000271,0,61,-61
105000282,24,3,21
105000287,66,59,7
105000288,584,267,317
105000289,537,929,-392
105000290,10,12,-2
105000402,619,1825,-1206
105000426,143,135,8
105000438,560,587,-27
105000440,17,17,0
105000446,2219,1950,269
105000447,1124,766,358
105000454,358,58,300
105000455,91,32,59
105000474,45,0,45
105000477,549,222,327
105000478,1479,2871,-1392
105000479,54,33,21
105000480,2793,3542,-749
105000481,2257,1721,536
105000482,994,1670,-676
105000483,650,959,-309
105000484,561,764,-203
105000485,570,1401,-831
105000486,896,708,188
105000488,1005,1338,-333
105000489,981,239,742
105000549,143,39,104
105000550,99,257,-158
105000551,2,38,-36
105000552,667,402,265
105000555,437,673,-236
105000556,12,11,1
105000557,72,53,19
105900001,6,802,-796
105900002,278,667,-389
105900003,0,83,-83
105900004,25,3,22
105900005,1,105,-104
105900006,20,15,5
105900007,5,15,-10
105900008,45,75,-30
105900009,44,9,35
105900011,29,8,21
105900012,124,22,102
105900013,1,5,-4
105900014,10,7,3
105900015,19,65,-46
105900016,234,112,122
105900017,1085,11,1074
105900018,49,42,7
105900019,13,27,-14
105900020,18,111,-93
105900021,16,81,-65
105900022,59,80,-21
105900023,4,41,-37
105900024,17,44,-27
105900025,192,2,190
105900026,120,0,120
105900027,2239,826,1413
105900028,138,44,94
105900029,623,112,511
105900030,46,67,-21
105900031,222,19,203
105900032,39,5,34
105900033,13,28,-15
105900034,103,54,49
105900035,51,20,31
105900036,58,5,53
105900037,60,6,54
105900038,53,64,-11
105900039,86,9,77
105900040,52,6,46
105900041,74,44,30
105900042,21,31,-10
105900043,289,1,288
105900044,1,79,-78
105900045,0,328,-328
105900046,0,42,-42
105900047,0,1,-1
105900048,99,110,-11
105900050,160,511,-351
105900051,7,147,-140
105900052,156,7,149
105900053,778,1823,-1045
105900054,59,72,-13
105900056,142,156,-14
105900057,1,26,-25
105900058,23,8,15
105900059,1,70,-69
106000001,1090,815,275
106000002,436,1112,-676
106000003,1608,1731,-123
106000004,924,1488,-564
106000005,2595,2053,542
106000006,2038,936,1102
106000007,428,89,339
106000008,150,146,4
106000009,370,71,299
106000010,107,275,-168
106000011,1087,381,706
106000012,387,224,163
106000013,1358,695,663
106000014,520,481,39
106000015,1738,440,1298
106000016,589,579,10
106000017,730,345,385
106000018,303,308,-5
106000019,355,181,174
106000020,69,105,-36
106000021,359,143,216
106000022,117,101,16
106000023,725,122,603
106000024,270,237,33
106000025,207,144,63
106000026,33,70,-37
106000027,1667,578,1089
106000028,280,172,108
106000029,325,262,63
106000030,45,142,-97
106000034,10,101,-91
106000035,628,924,-296
106000036,43,220,-177
106000037,264,399,-135
106000038,9,50,-41
106000039,38,100,-62
106000040,58,888,-830
106000041,428,231,197
106000043,167,100,67
106000046,118,37,81
106000047,48,285,-237
106000049,822,39,783
106000050,18,146,-128
106000051,617,312,305
106000052,2,9,-7
106000053,300,67,233
106000054,2,2,0
106000055,634,184,450
106000056,4,4,0
106000057,369,77,292
106000058,1,2,-1
106000059,376,120,256
106000060,21,42,-21
106000061,118,404,-286
106000062,71,59,12
106000063,554,396,158
106000064,0,0,0
106000065,420,161,259
106000066,43,13,30
106000067,294,39,255
106000068,38,15,23
106000069,369,50,319
106000070,161,21,140
106000071,440,155,285
106000072,794,560,234
106000073,733,2940,-2207
106000074,379,369,10
106000075,223,449,-226
106000076,590,426,164
106000077,979,314,665
106000078,750,232,518
106000079,585,181,404
106000080,877,215,662
106000081,668,258,410
106000082,758,289,469
106000083,202,438,-236
106000084,341,276,65
106000085,659,381,278
106000086,214,129,85
106000087,416,202,214
106000088,259,194,65
106000089,731,138,593
106000090,266,207,59
106000091,262,261,1
106000092,417,110,307
106000093,412,24,388
106000094,24,100,-76
106000095,984,373,611
106000096,1129,118,1011
106000097,971,431,540
106000098,686,145,541
106000099,54,266,-212
106000100,938,115,823
106000101,541,95,446
106000102,53,207,-154
106000103,148,191,-43
106000104,876,179,697
106000105,260,180,80
106000106,586,82,504
106000107,62,121,-59
106000108,431,92,339
106000109,102,76,26
106000110,393,48,345
106000111,73,98,-25
106000112,204,549,-345
106000113,151,279,-128
106000114,258,519,-261
106000115,130,237,-107
106000116,205,72,133
106000117,434,205,229
106000118,736,702,34
106000119,346,260,86
106000120,499,754,-255
106000121,204,79,125
106000122,195,118,77
106000123,705,11,694
106000124,86,68,18
106000125,29,172,-143
106000126,406,15,391
106000127,796,252,544
106000128,713,81,632
106000129,437,184,253
106000130,828,130,698
106000131,69,328,-259
106000132,280,83,197
106000133,862,894,-32
106000134,189,1598,-1409
106000135,144,352,-208
106000136,600,905,-305
106000137,121,549,-428
106000138,1415,37,1378
106000139,81,64,17
106000140,2,2,0
106000141,11,1,10
106000142,187,72,115
106000143,1,6,-5
106000144,36,28,8
106000145,101,13,88
106000146,443,47,396
106000147,714,283,431
106000148,821,382,439
106000149,578,218,360
106000150,578,1250,-672
106000151,1336,385,951
106000152,503,1065,-562
106000153,38,933,-895
106000154,700,73,627
106000155,138,205,-67
106000156,780,37,743
106000157,279,646,-367
106000158,530,313,217
106000159,755,989,-234
106000160,283,1623,-1340
106000161,417,64,353
106000162,405,773,-368
106000163,243,48,195
106000164,376,42,334
106000165,79,140,-61
106000166,554,38,516
106000167,287,203,84
106000168,545,48,497
106000169,80,60,20
106000170,607,82,525
106000171,114,293,-179
106000172,1179,301,878
106000173,465,609,-144
106000174,867,115,752
106000175,107,125,-18
106000176,1325,224,1101
106000177,468,408,60
106000178,1896,457,1439
106000179,328,240,88
106000180,471,205,266
106000181,1034,548,486
106000182,1297,121,1176
106000183,1124,140,984
106000184,721,181,540
106000185,767,707,60
106000186,157,13,144
106000187,12,397,-385
106000188,0,0,0
106000189,13,4,9
106000190,26,0,26
106000191,295,17,278
106000192,0,11,-11
106000193,44,76,-32
106000194,48,114,-66
106000195,73,35,38
106000196,63,80,-17
106000197,302,41,261
106000198,127,35,92
106000199,361,712,-351
106000200,80,114,-34
106000201,142,3657,-3515
106000202,748,187,561
106000203,1,73,-72
106000204,41,1,40
106000205,3,82,-79
106000206,54,5,49
106000207,8,98,-90
106000208,1108,33,1075
106000209,1584,165,1419
106000210,142,301,-159
106000211,166,528,-362
106000212,1065,193,872
106000213,95,696,-601
106000214,637,158,479
106000215,254,215,39
106000216,526,74,452
106000217,93,176,-83
106000218,304,70,234
106000219,98,209,-111
106000220,494,88,406
106000221,110,25,85
106000222,44,54,-10
106000223,279,32,247
106000224,115,62,53
106000225,40,86,-46
106000226,37,97,-60
106000228,0,0,0
106000229,37,98,-61
106000231,912,30,882
106000232,78,55,23
106000233,389,17,372
106000234,38,128,-90
106000235,118,86,32
106000236,39,204,-165
106000237,0,122,-122
106000238,17,23,-6
106000239,1,51,-50
106000240,16,2,14
106000241,2,376,-374
106000242,128,15,113
106000249,100,55,45
106000250,20,229,-209
106000251,59,3,56
106000252,23,4,19
106000253,73,15,58
106000254,25,1,24
106000255,38,46,-8
106000256,12,0,12
106000257,27,89,-62
106000258,19,41,-22
106000259,12,28,-16
106000260,13,0,13
106000261,0,25,-25
106000262,47,0,47
106000263,6,8,-2
106000264,57,5,52
106000265,18,23,-5
106000266,95,6,89
106000267,0,20,-20
106000268,117,11,106
106000269,17,6,11
106000270,64,71,-7
106000271,37,42,-5
106000272,46,2,44
106000273,3,52,-49
106000274,65,3,62
106000275,109,54,55
106000276,9,8,1
106000277,67,86,-19
106000278,39,1,38
106000279,1,1,0
106000280,113,4,109
106000281,30,33,-3
106000282,61,12,49
106000283,16,15,1
106000284,70,20,50
106000285,17,41,-24
106000286,52,16,36
106000287,38,13,25
106000288,51,5,46
106000289,38,31,7
106000290,63,7,56
106000291,50,7,43
106000292,22,9,13
106000293,32,13,19
106000294,36,4,32
106000295,11,5,6
106000296,4,5,-1
106000297,4,62,-58
106000298,13,30,-17
106000299,10,11,-1
106000300,13,24,-11
106000301,16,36,-20
106000303,25,12,13
106000304,17,2,15
106000305,47,21,26
106000306,9,18,-9
106000307,111,2,109
106000308,1,18,-17
106000309,5,21,-16
106000310,147,115,32
106000311,285,48,237
106000312,89,36,53
106000313,171,51,120
106000318,4,113,-109
106000319,638,221,417
106000320,1,95,-94
106000321,27,228,-201
106000322,94,24,70
106000324,40,95,-55
106000325,1464,328,1136
106000326,389,446,-57
106000327,232,20,212
106000328,18,26,-8
106000329,30,75,-45
106000330,18,59,-41
106000428,75,116,-41
106000429,133,265,-132
106000430,237,517,-280
106000431,1770,218,1552
106000432,498,741,-243
106000433,1579,708,871
106000434,2170,597,1573
106000435,823,712,111
106000436,0,80,-80
106000437,467,26,441
106000438,92,288,-196
106000439,2,252,-250
106000440,157,239,-82
106000441,0,0,0
106000442,160,7,153
106000443,155,73,82
106000450,0,62,-62
106000451,15,50,-35
106000454,3,58,-55
106000455,1,68,-67
106000456,59,6,53
106000457,5,101,-96
106000458,877,861,16
106000459,105,240,-135
106000460,1503,64,1439
106000461,110,191,-81
106000462,0,24,-24
106000463,6,218,-212
106000464,0,126,-126
106000465,745,0,745
106000466,0,99,-99
106000467,71,255,-184
106000468,99,63,36
106000469,1094,17,1077
106000470,98,797,-699
106000471,0,124,-124
106000472,128,3,125
106000473,4,11,-7
106000474,499,308,191
106000475,507,143,364
106000476,150,183,-33
106000477,10,32,-22
106000480,0,182,-182
106900001,0,1,-1
106900002,0,74,-74
106900003,22,316,-294
106900004,7,3,4
106900006,0,4,-4
106900007,0,1,-1
106900008,282,8,274
106900009,239,95,144
106900010,119,76,43
106900012,305,1500,-1195
106900013,332,168,164
106900014,50,5,45
106900015,6,0,6
106900016,238,4,234
106900017,2,0,2
106900018,21,0,21
106900019,173,0,173
106900020,595,836,-241
106900021,81,17,64
106900022,1033,1,1032
106900023,231,60,171
106900024,351,25,326
106900025,1,103,-102
106900026,0,99,-99
106900027,772,0,772
107000001,1833,2411,-578
107000002,701,558,143
107000003,4833,4702,131
107000004,1634,883,751
107000005,4846,3420,1426
107000006,1442,740,702
107000007,2653,2955,-302
107000008,1871,942,929
107000009,5238,3757,1481
107000010,2362,1638,724
107000011,326,327,-1
107000012,943,595,348
107000013,49,33,16
107000014,43,13,30
107000015,161,89,72
107000016,285,116,169
107000017,471,399,72
107000018,3,304,-301
107000020,459,408,51
107000021,423,176,247
107000022,544,534,10
107000023,849,121,728
107000024,804,694,110
107000025,163,147,16
107000026,219,213,6
107000027,914,229,685
107000028,740,378,362
107000029,2251,1465,786
107000030,1169,823,346
107000031,2673,1100,1573
107000032,145,384,-239
107000033,864,1376,-512
107000034,1229,348,881
107000035,101,79,22
107000036,205,694,-489
107000037,63,433,-370
107000038,84,52,32
107000039,527,483,44
107000040,92,75,17
107000041,408,204,204
107000042,125,970,-845
107000043,604,241,363
107000044,65,125,-60
107000045,26,88,-62
107000046,427,106,321
107000047,238,279,-41
107000048,395,128,267
107000049,169,265,-96
107000050,335,156,179
107000051,126,137,-11
107000052,475,1056,-581
107000053,243,321,-78
107000054,32,93,-61
107000055,200,142,58
107000056,312,277,35
107000057,604,94,510
107000058,1460,1196,264
107000059,677,1133,-456
107000060,3812,2672,1140
107000061,1783,847,936
107000062,4398,1365,3033
107000063,1279,1015,264
107000064,3388,1918,1470
107000065,1024,1177,-153
107000066,665,1290,-625
107000067,593,384,209
107000068,298,379,-81
107000069,631,348,283
107000070,683,1,682
107000071,2489,18,2471
107000072,7,542,-535
107000073,596,429,167
107000074,52,187,-135
107000075,1284,98,1186
107000076,81,353,-272
107000077,2039,294,1745
107000078,282,477,-195
107000079,2058,434,1624
107000080,177,554,-377
107000081,2966,374,2592
107000082,202,288,-86
107000083,928,440,488
107000084,95,199,-104
107000085,1318,1220,98
107000086,1088,706,382
107000087,1487,989,498
107000088,821,866,-45
107000089,945,944,1
107000090,368,300,68
107000091,844,420,424
107000092,326,326,0
107000093,772,444,328
107000094,294,234,60
107000095,957,396,561
107000096,260,298,-38
107000097,1417,168,1249
107000098,182,329,-147
107000099,323,144,179
107000100,76,132,-56
107000101,84,184,-100
107000102,120,182,-62
107000103,274,153,121
107000104,100,183,-83
107000105,391,136,255
107000106,77,105,-28
107000107,689,123,566
107000108,69,172,-103
107000109,735,91,644
107000110,4,151,-147
107000111,431,8,423
107000112,7,112,-105
107000113,794,45,749
107000114,6,291,-285
107000115,536,313,223
107000116,29,330,-301
107000117,61,1106,-1045
107000118,13,56,-43
107000119,475,1327,-852
107000120,548,419,129
107000121,545,229,316
107000122,293,263,30
107000123,431,226,205
107000124,270,199,71
107000125,746,94,652
107000126,787,168,619
107000129,153,174,-21
107000130,782,340,442
107000131,205,455,-250
107000132,333,151,182
107000133,264,46,218
107000134,106,1,105
107000135,3,209,-206
107000136,320,3,317
107000137,9,140,-131
107000138,27,6,21
107000139,1,207,-206
107000140,697,35,662
107000141,45,328,-283
107000142,236,29,207
107000143,19,292,-273
107000144,280,337,-57
107000145,24,119,-95
107000146,145,182,-37
107000147,2135,326,1809
107000150,93,2428,-2335
107000151,3,21,-18
107000152,212,1825,-1613
107000153,56,55,1
107000154,2,69,-67
107000155,556,7,549
107000156,747,2,745
107000157,12,229,-217
107000158,813,2,811
107000159,7,165,-158
107000160,1149,51,1098
107000161,9,197,-188
107000162,111,307,-196
107000163,102,2,100
107000164,698,1,697
107000165,1116,11,1105
107000166,11,90,-79
107000167,432,82,350
107000168,628,173,455
107000169,159,155,4
107000170,2443,219,2224
107000171,131,165,-34
107000172,938,1236,-298
107000173,144,113,31
107000174,644,3743,-3099
107000175,1071,228,843
107000176,0,0,0
107000177,0,0,0
107000178,66,0,66
107000179,198,521,-323
107000180,1561,111,1450
107000181,219,214,5
107000182,1722,229,1493
107000183,96,257,-161
107000184,1065,190,875
107000185,178,342,-164
107000186,483,70,413
107000187,588,434,154
107000188,375,165,210
107000189,468,240,228
107000190,574,194,380
107000191,629,266,363
107000192,844,133,711
107000193,169,163,6
107000194,353,114,239
107000197,705,44,661
107000198,226,420,-194
107000199,142,207,-65
107000200,406,279,127
107000201,104,90,14
107000202,158,240,-82
107000203,191,360,-169
107000204,114,861,-747
107000205,244,105,139
107000206,113,412,-299
107000207,148,174,-26
107000208,108,174,-66
107000209,175,252,-77
107000210,51,74,-23
107000211,5,25,-20
107000212,82,34,48
107000213,3,4,-1
107000214,0,9,-9
107000215,240,55,185
107000216,195,68,127
107000217,105,44,61
107000219,59,56,3
107000220,22,32,-10
107000222,67,50,17
107000224,271,57,214
107000225,63,135,-72
107000226,270,32,238
107000227,23,36,-13
107000228,38,140,-102
107000229,24,75,-51
107000230,331,151,180
107000231,205,466,-261
107000232,62,4,58
107000233,78,270,-192
107000234,2,35,-33
107000235,47,2,45
107000236,0,44,-44
107000237,119,0,119
107000238,19,11,8
107000239,871,222,649
107000240,25,98,-73
107000243,1,39,-38
107000244,4,12,-8
107000246,1,218,-217
107000249,1,407,-406
107000251,19,25,-6
107000252,0,135,-135
107000255,58,30,28
107000257,0,346,-346
107000258,1,159,-158
107000259,0,55,-55
107000260,1137,6,1131
107000262,1,62,-61
107000263,363,2,361
107000266,1,4,-3
107000267,16,17,-1
107000268,78,14,64
107000269,2,6,-4
107000270,169,32,137
107000271,2,0,2
107000272,102,0,102
107000273,3,88,-85
107000274,165,2,163
107000275,37,380,-343
107000280,1035,19,1016
107000281,20,113,-93
107000282,22,214,-192
107000290,3,10,-7
107000291,9,17,-8
107000292,0,35,-35
107000293,12,4,8
107000294,0,56,-56
107000295,21,4,17
107000296,0,10,-10
107000444,174,0,174
107000496,1,14,-13
107000497,497,503,-6
107000500,239,75,164
107000501,18,61,-43
107000502,112,104,8
107000505,128,220,-92
107000506,0,4,-4
107000508,0,57,-57
107000509,52,277,-225
107000510,10,5,5
107000514,49,384,-335
107000515,3,27,-24
107000516,481,126,355
107000518,878,1387,-509
107000519,311,142,169
107000520,102,14,88
107000521,719,79,640
107000522,1041,446,595
107900001,32,38,-6
107900002,10,1,9
107900003,128,3,125
107900004,1,0,1
107900005,1612,15,1597
107900006,31,5,26
107900007,193,2,191
107900008,28,9,19
107900009,94,5,89
107900010,49,2,47
107900012,217,68,149
107900013,101,4,97
107900014,52,1,51
107900015,1049,5,1044
107900016,80,40,40
107900017,25,0,25
107900018,36,269,-233
107900019,1,0,1
107900020,5,24,-19
107900021,107,3,104
107900023,9,0,9
107900024,0,2,-2
107900025,89,21,68
107900026,42,3,39
107900027,1,121,-120
107900028,132,6,126
107900030,223,2,221
107900031,77,12,65
107900032,26,1,25
107900033,26,12,14
107900034,104,3,101
107900035,1186,24,1162
107900036,18,23,-5
107900037,0,11,-11
107900038,8,133,-125
107900039,27,2,25
107900040,10,155,-145
107900041,1,0,1
107900043,45,25,20
107900044,2,7,-5
107900045,50,18,32
107900046,237,101,136
107900047,59,2,57
107900048,225,17,208
107900049,106,399,-293
107900050,18,39,-21
107900051,8,3,5
107900052,0,81,-81
107900053,86,18,68
107900055,117,69,48
107900056,21,77,-56
107900057,1,0,1
107900058,17,88,-71
107900060,0,4,-4
107900061,4,52,-48
107900063,71,32,39
107900064,60,310,-250
107900065,370,4,366
107900066,27,0,27
107900067,0,0,0
107900068,15,245,-230
107900069,3,1889,-1886
107900070,126,106,20
107900071,6,70,-64
107900072,74,18,56
107900073,92,15,77
107900074,91,182,-91
107900076,99,11,88
107900077,117,3,114
107900079,7,4,3
107900080,16,384,-368
107900081,20,27,-7
107900082,3,4,-1
107900083,263,79,184
107900084,105,47,58
107900086,27,115,-88
107900087,76,10,66
107900088,10,4,6
107900089,44,137,-93
107900090,59,910,-851
107900091,40,47,-7
107900093,56,23,33
107900095,350,651,-301
107900097,13,19,-6
107900098,89,95,-6
107900100,100,716,-616
107900101,119,29,90
107900102,48,0,48
107900103,7,21,-14
107900104,214,2,212
107900105,0,52,-52
107900106,0,91,-91
107900107,196,143,53
107900108,39,3,36
107900109,1277,7,1270
107900110,35,6,29
107900111,0,92,-92
107900112,15,183,-168
107900113,121,3,118
107900114,232,24,208
107900115,0,2,-2
107900116,156,25,131
107900117,91,71,20
107900118,5,33,-28
107900119,33,75,-42
107900120,8,2,6
107900121,1,24,-23
107900122,1,17,-16
107900123,1,36,-35
107900124,0,14,-14
107900125,2,28,-26
107900126,11,3,8
107900127,285,74,211
107900128,40,13,27
107900129,116,16,100
107900130,104,0,104
107900131,8,29,-21
107900132,3,61,-58
107900133,0,17,-17
107900134,8,2,6
107900135,1,23,-22
107900136,1,16,-15
107900137,4,6,-2
107900138,93,8,85
107900139,61,3,58
107900141,4,11,-7
107900142,8,83,-75
107900143,1,1,0
107900144,0,13,-13
107900145,0,17,-17
107900146,3,16,-13
107900147,8,6,2
107900148,88,32,56
107900149,181,24,157
107900150,3,80,-77
107900151,46,20,26
107900152,0,22,-22
107900153,19,58,-39
107900154,45,5,40
107900155,36,3,33
107900156,0,18,-18
107900157,3,13,-10
107900158,680,40,640
107900159,3,84,-81
107900160,81,49,32
107900161,28,39,-11
107900162,0,18,-18
107900163,4,61,-57
107900164,7,5,2
107900165,13,128,-115
107900166,5,33,-28
107900167,1,50,-49
107900168,23,1,22
107900169,33,102,-69
107900171,0,142,-142
107900172,1,17,-16
107900173,90,19,71
107900174,62,1,61
107900175,1,29,-28
107900176,63,0,63
107900177,0,41,-41
107900178,1,14,-13
107900179,0,25,-25
107900180,65,583,-518
107900181,66,119,-53
107900182,383,151,232
107900183,36,21,15
107900184,44,13,31
107900185,28,3,25
107900186,12,2,10
107900187,0,31,-31
107900188,112,27,85
107900189,9,11,-2
107900190,16,80,-64
107900191,38,27,11
107900193,6,77,-71
107900194,67,4,63
107900195,168,47,121
107900196,33,2,31
107900197,71,66,5
107900199,0,174,-174
107900201,9,14,-5
107900203,12,12,0
107900204,74,45,29
107900206,49,291,-242
107900207,0,84,-84
107900208,0,62,-62
107900209,31,21,10
107900210,22,1,21
107900213,28,81,-53
107900214,2,12,-10
107900215,38,118,-80
107900216,4,7,-3
107900217,64,6,58
107900218,0,138,-138
107900219,1,6,-5
107900220,9,41,-32
107900221,20,20,0
107900223,93,31,62
107900224,6,164,-158
107900225,0,51,-51
107900226,3,51,-48
107900227,28,68,-40
107900228,13,15,-2
107900229,1,32,-31
107900230,38,18,20
107900231,34,8,26
107900232,196,16,180
107900233,0,36,-36
107900234,146,16,130
107900235,12,21,-9
107900236,275,8,267
107900237,16,121,-105
107900238,9,5,4
107900239,57,216,-159
107900240,8,15,-7
107900241,1,59,-58
107900242,4,48,-44
107900243,1,19,-18
107900244,288,6,282
107900245,563,5,558
107900246,84,14,70
107900248,310,12,298
107900249,598,29,569
107900250,0,93,-93
107900251,0,101,-101
107900252,324,40,284
107900253,148,2,146
107900254,6,83,-77
107900255,16,13,3
107900256,114,231,-117
107900257,148,55,93
107900258,47,20,27
107900259,5,1650,-1645
107900261,0,44,-44
107900262,16,16,0
107900264,343,16,327
107900265,51,35,16
107900267,299,1,298
107900268,1,0,1
107900269,0,0,0
107900270,0,6,-6
107900271,0,24,-24
107900272,26,30,-4
107900273,42,51,-9
107900274,106,0,106
107900275,2,1,1
107900276,0,43,-43
107900277,0,7,-7
107900278,221,32,189
107900279,14,35,-21
107900280,796,224,572
107900281,316,3579,-3263
107900282,28,724,-696
107900283,225,404,-179
107900284,329,111,218
107900285,95,31,64
107900286,2,1,1
107900287,360,44,316
107900290,0,319,-319
107900291,297,14,283
107900292,45,27,18
107900293,28,91,-63
107900295,14,6,8
107900297,0,102,-102
107900298,194,239,-45
107900299,1139,1724,-585
107900301,217,231,-14
107900302,61,4,57
107900303,293,89,204
107900304,234,41,193
107900305,223,0,223
107900306,0,8,-8
107900307,6,88,-82
107900308,142,49,93
107900309,3,0,3
107900310,0,0,0
107900311,209,278,-69
107900312,37,0,37
107900313,0,54,-54
107900314,0,73,-73
107900315,6,46,-40
107900316,30,4,26
107900317,45,1,44
107900318,2,106,-104
107900319,0,13,-13
107900320,1,31,-30
107900321,36,0,36
107900322,0,12,-12
107900323,0,25,-25
107900324,14,0,14
107900325,120,0,120
107900326,260,36,224
107900327,0,30,-30
107900328,1,0,1
107900329,3,16,-13
107900330,2,39,-37
107900331,373,3,370
107900332,285,4,281
107900333,89,1,88
107900334,4,46,-42
107900335,25,8,17
107900336,31,4,27
107900337,237,553,-316
107900338,5,108,-103
107900339,2,7,-5
107900340,1,90,-89
107900341,20,0,20
107900342,114,31,83
107900343,56,0,56
107900344,0,44,-44
107900345,17,3,14
107900346,2,0,2
107900347,16,1,15
107900348,0,0,0
107900349,20,2,18
107900350,0,55,-55
107900351,10,8,2
107900352,0,3,-3
107900353,19,0,19
107900354,2,133,-131
108000001,2623,1632,991
108000002,538,696,-158
108000003,1537,784,753
108000004,4120,3953,167
108000005,5225,2164,3061
108000006,1297,1221,76
108000007,3555,1553,2002
108000008,1066,1205,-139
108000009,3304,1899,1405
108000010,1100,1268,-168
108000011,8423,4582,3841
108000012,3143,3300,-157
108000014,214,701,-487
108000015,486,133,353
108000016,56,295,-239
108000017,776,187,589
108000018,1077,249,828
108000019,311,182,129
108000020,486,138,348
108000021,84,332,-248
108000022,110,314,-204
108000023,838,86,752
108000024,256,123,133
108000025,290,44,246
108000026,664,89,575
108000027,612,76,536
108000028,849,104,745
108000029,305,139,166
108000030,253,94,159
108000031,77,93,-16
108000032,1712,164,1548
108000033,168,202,-34
108000034,1547,142,1405
108000035,212,356,-144
108000036,93,341,-248
108000037,1392,81,1311
108000038,2445,96,2349
108000039,104,497,-393
108000040,1398,249,1149
108000041,188,374,-186
108000042,439,48,391
108000043,34,37,-3
108000044,630,21,609
108000045,26,125,-99
108000046,1167,71,1096
108000047,183,146,37
108000048,55,83,-28
108000049,712,98,614
108000050,70,158,-88
108000051,298,128,170
108000052,71,155,-84
108000053,252,102,150
108000054,134,262,-128
108000055,608,186,422
108000056,164,365,-201
108000057,511,675,-164
108000058,795,2000,-1205
108000059,778,435,343
108000060,161,384,-223
108000061,192,153,39
108000062,697,170,527
108000063,296,110,186
108000064,345,164,181
108000065,348,184,164
108000066,641,181,460
108000067,1356,345,1011
108000068,663,203,460
108000069,107,226,-119
108000070,1672,221,1451
108000071,208,381,-173
108000072,1033,305,728
108000073,335,386,-51
108000074,738,158,580
108000075,96,188,-92
108000076,689,149,540
108000077,261,176,85
108000078,1989,330,1659
108000079,147,281,-134
108000080,1491,163,1328
108000081,174,340,-166
108000082,199,265,-66
108000083,1222,361,861
108000084,138,232,-94
108000085,760,198,562
108000086,153,126,27
108000087,47,1284,-1237
108000088,620,76,544
108000089,118,148,-30
108000091,36,227,-191
108000092,440,15,425
108000093,142,212,-70
108000094,964,19,945
108000095,55,141,-86
108000096,491,71,420
108000097,73,93,-20
108000098,1595,495,1100
108000099,674,100,574
108000100,171,282,-111
108000101,909,581,328
108000102,998,2231,-1233
108000106,616,0,616
108000107,1,316,-315
108000108,522,67,455
108000109,2,162,-160
108000110,347,69,278
108000111,132,217,-85
108000112,21,68,-47
108000113,197,101,96
108000115,104,82,22
108000117,213,155,58
108000118,81,868,-787
108000119,287,95,192
108000120,87,551,-464
108000121,147,166,-19
108000122,636,174,462
108000123,350,57,293
108000124,138,65,73
108000125,380,88,292
108000126,198,45,153
108000127,498,110,388
108000128,472,38,434
108000129,112,110,2
108000130,367,57,310
108000131,489,77,412
108000132,113,190,-77
108000133,1010,104,906
108000134,174,48,126
108000135,1113,262,851
108000136,84,66,18
108000137,384,86,298
108000138,272,212,60
108000139,441,93,348
108000140,477,4,473
108000141,13,11,2
108000142,8,11,-3
108000143,36,97,-61
108000144,609,18,591
108000145,43,5,38
108000146,737,32,705
108000147,10,5,5
108000148,576,23,553
108000149,5,0,5
108000150,57,7,50
108000151,21,24,-3
108000152,31,76,-45
108000153,578,46,532
108000154,14,1,13
108000155,81,13,68
108000156,283,76,207
108000157,39,1460,-1421
108000158,14,413,-399
108000159,71,85,-14
108000160,855,722,133
108000161,489,2038,-1549
108000165,3,153,-150
108000172,9,122,-113
108000173,243,1038,-795
108000175,794,51,743
108000178,215,122,93
108000179,25,551,-526
108000181,78,1,77
108000182,48,13,35
108000183,0,86,-86
108000184,198,1902,-1704
108000185,121,47,74
108000186,470,29,441
108000187,47,88,-41
108000188,735,40,695
108000189,318,7711,-7393
108000190,1,16,-15
108000192,147,68,79
108000193,93,2,91
108000194,7,5,2
108000195,0,201,-201
108000196,60,51,9
108000198,424,55,369
108000199,0,49,-49
108000200,741,29,712
108000203,44,65,-21
108000204,223,53,170
108000205,50,72,-22
108000339,328,202,126
108000364,93,163,-70
108000365,12,85,-73
108000367,25,58,-33
108000368,6,20,-14
108000369,132,95,37
108000371,4,381,-377
108000372,510,1,509
108000373,217,55,162
108000376,100,13,87
108000377,551,108,443
108000378,5441,7419,-1978
108000379,3,39,-36
108000381,130,10,120
108000382,31,0,31
108000383,0,112,-112
108900001,1,100,-99
108900002,112,16,96
108900003,44,158,-114
108900004,103,257,-154
108900007,229,39,190
108900008,137,26,111
108900009,47,56,-9
108900010,299,29,270
108900011,759,66,693
108900012,400,98,302
108900013,85,60,25
108900014,18,32,-14
108900015,0,150,-150
108900016,2,98,-96
108900017,29,162,-133
108900018,67,101,-34
108900019,4,134,-130
108900020,10,39,-29
108900021,16,60,-44
108900022,46,2,44
108900023,2,58,-56
108900024,19,40,-21
108900025,176,10,166
108900026,20,19,1
108900027,0,28,-28
108900028,64,54,10
108900029,21,41,-20
108900030,0,11,-11
108900031,31,35,-4
108900032,0,36,-36
108900033,0,13,-13
108900034,0,17,-17
108900035,77,253,-176
108900038,0,58,-58
108900039,0,39,-39
108900040,10,42,-32
108900041,1327,1165,162
108900042,2,189,-187
108900043,8,153,-145
108900044,0,88,-88
108900045,77,68,9
108900046,2,106,-104
108900047,2,77,-75
108900048,8,176,-168
108900049,357,972,-615
108900050,1,97,-96
108900051,0,27,-27
108900052,6,22,-16
108900053,16,143,-127
108900054,30,24,6
108900055,7,92,-85
108900056,1,22,-21
108900057,0,50,-50
108900058,17,77,-60
108900059,430,28,402
108900060,27,34,-7
108900061,13,4,9
108900062,0,48,-48
108900063,33,45,-12
108900064,224,9,215
108900065,8,78,-70
108900066,234,17,217
108900067,1,67,-66
108900068,21,73,-52
108900069,29,8,21
108900070,3,24,-21
108900071,85,20,65
108900072,571,119,452
108900073,13,41,-28
108900074,275,68,207
108900075,1,6,-5
108900076,419,9,410
108900077,46,125,-79
108900078,44,19,25
108900079,152,22,130
108900080,4,469,-465
108900081,21,89,-68
108900082,32,37,-5
108900083,6,143,-137
108900085,452,43,409
108900086,118,41,77
108900087,57,50,7
108900088,172,64,108
108900089,1,27,-26
108900090,69,39,30
108900091,57,20,37
108900092,162,96,66
108900093,19,8,11
108900094,107,41,66
108900095,29,30,-1
108900096,122,2,120
108900097,131,65,66
108900098,475,532,-57
108900099,107,53,54
108900100,40,34,6
108900101,89,100,-11
108900102,1,826,-825
108900103,256,101,155
108900105,3,1452,-1449
108900106,242,39,203
108900108,128,7,121
108900109,577,22,555
108900110,20,46,-26
108900111,116,94,22
108900113,57,12,45
108900114,140,12,128
108900115,101,44,57
108900116,32,1,31
108900117,148,2,146
108900118,538,4,534
108900119,269,3,266
108900120,224,118,106
108900121,144,41,103
108900122,178,13,165
108900123,353,36,317
108900124,462,32,430
108900125,631,1,630
108900126,97,38,59
108900127,213,40,173
108900128,151,8,143
108900129,682,53,629
108900130,268,0,268
108900131,531,0,531
108900132,399,12,387
108900133,242,23,219
108900134,553,41,512
108900135,306,3,303
108900136,11,0,11
108900137,189,2,187
108900138,372,11,361
108900140,397,21,376
108900141,441,21,420
108900142,38,3,35
108900143,85,1,84
108900144,71,1,70
108900145,199,22,177
108900146,39,0,39
108900147,248,0,248
108900148,22,1,21
108900150,116,15,101
108900151,11,0,11
108900152,45,3,42
108900153,109,46,63
108900154,3135,147,2988
108900156,60,4,56
108900157,0,68,-68
108900158,457,1,456
108900159,10,75,-65
108900160,4,90,-86
108900161,0,103,-103
108900162,102,13,89
108900163,0,354,-354
108900164,31,9,22
108900168,1665,1147,518
108900169,19,28,-9
108900171,999,2224,-1225
108900172,46,18,28
108900173,53,85,-32
108900174,916,65,851
108900176,15,86,-71
108900177,1203,4668,-3465
108900178,758,2681,-1923
108900180,52,134,-82
108900183,32,49,-17
108900184,246,70,176
108900185,31,75,-44
108900186,31,123,-92
108900189,180,3,177
108900190,5,247,-242
108900192,30,52,-22
108900195,46,32,14
108900196,1,69,-68
108900199,93,80,13
108900200,565,174,391
108900201,91,232,-141
108900203,253,34,219
108900204,251,1,250
108900205,171,24,147
108900206,225,31,194
108900207,161,129,32
108900208,4,60,-56
108900209,96,93,3
108900210,117,30,87
108900211,96,211,-115
108900212,37,770,-733
108900215,36,105,-69
108900216,78,257,-179
108900217,28,0,28
108900218,25,3,22
108900221,48,43,5
108900224,57,34,23
108900225,0,101,-101
108900227,77,94,-17
108900230,87,75,12
108900232,2,103,-101
108900233,260,53,207
108900234,94,63,31
108900235,67,155,-88
108900236,11,145,-134
108900240,84,18,66
108900241,58,34,24
108900245,5,889,-884
108900250,149,30,119
108900258,0,25,-25
108900259,4,14,-10
108900260,10,2,8
108900261,10,15,-5
108900262,56,4,52
108900263,47,22,25
108900264,14,17,-3
108900265,77,173,-96
108900266,79,466,-387
108900267,6,191,-185
108900268,1,3,-2
108900269,26,15,11
108900270,70,8,62
108900271,35,2,33
108900272,113,0,113
108900273,68,189,-121
108900274,33,19,14
109000001,1941,2115,-174
109000002,307,1097,-790
109000003,1952,245,1707
109000004,249,660,-411
109000005,1377,197,1180
109000006,247,500,-253
109000007,1484,184,1300
109000008,264,429,-165
109000009,2331,388,1943
109000010,243,764,-521
109000011,3216,903,2313
109000012,557,677,-120
109000013,3422,2652,770
109000014,679,518,161
109000015,2405,8713,-6308
109000016,906,572,334
109000017,2740,445,2295
109000018,446,632,-186
109000019,1778,604,1174
109000020,454,462,-8
109000023,80,1,79
109000024,28,132,-104
109000025,126,339,-213
109000026,200,132,68
109000027,25,292,-267
109000028,45,60,-15
109000029,40,260,-220
109000030,4,86,-82
109000031,315,38,277
109000032,8,93,-85
109000033,476,90,386
109000034,16,13,3
109000035,0,1,-1
109000036,57,234,-177
109000037,179,2525,-2346
109000038,175,117,58
109000039,731,437,294
109000040,762,7975,-7213
109000041,569,1579,-1010
109000042,330,995,-665
109000044,270,34,236
109000045,69,33,36
109000046,338,22,316
109000047,29,18,11
109000048,249,109,140
109000049,34,30,4
109000050,282,153,129
109000051,13,14,-1
109000052,211,174,37
109000053,869,54,815
109000054,34,167,-133
109000055,395,78,317
109000056,93,72,21
109000057,442,203,239
109000058,162,135,27
109000059,47,574,-527
109000060,97,372,-275
109000061,161,886,-725
109000062,84,213,-129
109000063,99,16,83
109000064,419,30,389
109000065,95,33,62
109000066,329,40,289
109000067,29,49,-20
109000068,211,1,210
109000069,343,17,326
109000070,0,301,-301
109000071,147,44,103
109000072,55,152,-97
109000073,31,71,-40
109000074,6,126,-120
109000075,28,28,0
109000076,141,140,1
109000077,144,96,48
109000078,55,68,-13
109000079,52,94,-42
109000080,205,33,172
109000081,79,133,-54
109000082,531,66,465
109000083,195,181,14
109000088,154,77,77
109000089,359,31,328
109000090,60,101,-41
109000091,400,46,354
109000092,129,99,30
109000093,282,33,249
109000094,795,1,794
109000095,89,163,-74
109000096,699,41,658
109000097,13,58,-45
109000098,21,64,-43
109000099,507,80,427
109000100,175,260,-85
109000101,1046,227,819
109000102,219,166,53
109000103,1231,138,1093
109000104,1668,98,1570
109000105,241,196,45
109000106,1212,111,1101
109000107,210,270,-60
109000108,1873,261,1612
109000109,167,186,-19
109000110,771,252,519
109000111,364,253,111
109000112,93,58,35
109000113,158,41,117
109000114,81,125,-44
109000115,366,31,335
109000116,25,322,-297
109000117,161,9,152
109000118,10,116,-106
109000119,1442,32,1410
109000120,217,206,11
109000121,960,31,929
109000122,119,137,-18
109000123,21,103,-82
109000124,560,79,481
109000125,651,121,530
109000126,203,119,84
109000127,2120,55,2065
109000128,246,213,33
109000129,2640,139,2501
109000130,224,387,-163
109000131,1156,612,544
109000132,364,582,-218
109000133,57,294,-237
109000134,209,343,-134
109000135,284,329,-45
109000136,95,121,-26
109000137,141,115,26
109000138,155,76,79
109000139,378,123,255
109000140,88,205,-117
109000141,574,171,403
109000142,90,159,-69
109000143,17,19,-2
109000145,55,94,-39
109000146,19,29,-10
109000148,497,417,80
109000149,6,41,-35
109000150,39,59,-20
109000155,618,435,183
109000156,427,40,387
109000158,4,124,-120
109000159,40,116,-76
109000160,1111,56,1055
109000161,318,215,103
109000162,1295,149,1146
109000163,936,251,685
109000164,868,686,182
109000165,1096,179,917
109000166,658,43,615
109000167,80,91,-11
109000170,15,22,-7
109000171,28,3,25
109000172,2,15,-13
109000173,10,90,-80
109000174,116,8,108
109000175,67,81,-14
109000176,241,50,191
109000177,22,16,6
109000178,701,90,611
109000179,1013,3038,-2025
109000180,1174,1332,-158
109000181,33,6,27
109000182,38,3,35
109000183,42,3,39
109000184,25,11,14
109000185,10,3,7
109000188,209,370,-161
109000189,1900,348,1552
109000190,401,213,188
109000191,177,174,3
109000192,425,15,410
109000193,197,32,165
109000194,172,12,160
109000195,124,25,99
109000196,90,13,77
109000197,133,75,58
109000198,199,13,186
109000199,32,56,-24
109000206,95,2,93
109000207,137,2,135
109000208,103,54,49
109000209,82,41,41
109000210,74,99,-25
109000211,1147,99,1048
109000214,182,176,6
109000215,67,53,14
109000216,255,212,43
109000217,44,65,-21
109000218,124,99,25
109000221,53,195,-142
109000222,325,27,298
109000223,350,196,154
109000224,70,41,29
109000225,163,13,150
109000226,30,43,-13
109000227,1363,216,1147
109000228,0,124,-124
109000231,0,44,-44
109000232,457,72,385
109000236,87,175,-88
109000241,923,359,564
109000242,733,191,542
109000293,22,47,-25
109000361,155,59,96
109000364,27,95,-68
109000396,0,117,-117
109000397,513,6,507
109000399,43,98,-55
109000400,115,76,39
109000403,107,1446,-1339
109000406,421,2,419
109000407,65,10,55
109000408,0,6,-6
109000410,339,74,265
109000411,120,16,104
109900001,84,0,84
109900002,442,14,428
109900003,592,6,586
109900005,2,0,2
109900006,411,43,368
109900007,997,65,932
109900008,0,2,-2
109900009,29,100,-71
109900010,501,6,495
109900011,64,6,58
109900012,473,36,437
109900013,260,27,233
109900015,159,27,132
109900017,46,3,43
109900018,69,2,67
109900019,55,8,47
109900020,30,8,22
109900021,19,2,17
109900022,108,57,51
109900023,10,10,0
109900024,3,1,2
109900025,0,14,-14
109900027,29,2,27
109900028,251,1686,-1435
109900029,2,30,-28
109900030,11,3,8
109900031,0,168,-168
109900032,24,91,-67
109900033,0,147,-147
109900034,0,20,-20
109900035,17,20,-3
109900036,1,7,-6
109900037,6,72,-66
109900038,38,29,9
109900039,0,0,0
109900040,10,84,-74
109900041,17,38,-21
109900042,15,115,-100
109900044,14,42,-28
109900045,65,42,23
109900046,252,27,225
109900047,50,88,-38
109900048,0,26,-26
109900049,2,31,-29
109900050,0,15,-15
109900051,0,3,-3
109900052,8,26,-18
109900053,0,60,-60
109900054,1082,23,1059
109900055,74,60,14
109900056,5,81,-76
109900057,0,29,-29
109900058,0,46,-46
109900060,613,35,578
109900061,16,21,-5
109900062,0,69,-69
109900064,288,37,251
109900065,39,18,21
109900066,35,200,-165
109900067,0,42,-42
109900068,40,3,37
109900069,0,0,0
109900071,0,1,-1
109900072,8,23,-15
109900073,398,78,320
109900074,0,8,-8
109900075,1,4,-3
109900076,9,43,-34
109900077,5,34,-29
109900078,24,26,-2
109900080,49,44,5
109900081,2,74,-72
109900082,11,53,-42
109900083,8,9,-1
109900084,5,43,-38
109900085,31,100,-69
109900086,32,912,-880
109900087,43,72,-29
109900089,389,33,356
109900092,119,18,101
109900093,802,56,746
109900094,6,15,-9
109900095,40,68,-28
109900096,55,1,54
109900097,80,0,80
109900098,640,7,633
109900099,366,0,366
109900100,21,1,20
109900101,1010,6,1004
109900102,213,4,209
109900103,116,29,87
109900104,869,79,790
109900105,420,12,408
109900106,247,29,218
109900107,430,18,412
109900108,47,37,10
109900109,18,32,-14
109900111,27,63,-36
109900114,75,525,-450
109900115,128,24,104
109900117,1154,29,1125
109900121,167,58,109
109900123,1,31,-30
109900125,0,58,-58
109900126,347,6,341
109900130,1212,1907,-695
109900131,7,11,-4
109900132,2,31,-29
109900134,42,16,26
109900135,33,16,17
109900137,111,39,72
109900140,43,21,22
109900149,14,8,6
109900150,1,6,-5
109900151,6,0,6
109900152,0,10,-10
109900153,0,12,-12
109900154,1,0,1
109900155,3,12,-9
109900157,55,21,34
109900159,101,15,86
109900161,188,10,178
109900162,409,26,383
109900163,221,24,197
109900164,39,136,-97
109900165,82,1,81
109900166,0,41,-41
109900167,74,86,-12
109900168,74,133,-59
109900169,137,53,84
109900170,33,876,-843
109900171,206,67,139
109900172,114,147,-33
109900173,528,1389,-861
109900174,0,22,-22
109900175,14,9,5
109900176,43,33,10
109900177,2,13,-11
109900178,3,51,-48
109900179,2,27,-25
109900180,5,0,5
110000001,179,129,50
110000002,372,282,90
110000003,179,352,-173
110000004,259,281,-22
110000005,220,1459,-1239
110000006,89,197,-108
110000007,49,22,27
110000008,6,126,-120
110000009,3,8,-5
110000010,11,37,-26
110000011,7,20,-13
110000012,321,127,194
110000013,38,382,-344
110000014,517,235,282
110000015,76,343,-267
110000016,160,881,-721
110000017,1364,140,1224
110000018,981,212,769
110000019,11,46,-35
110000020,112,87,25
110000021,91,89,2
110000022,450,28,422
110000023,0,37,-37
110000024,218,116,102
110000025,641,2,639
110000026,6,61,-55
110000027,169,234,-65
110000028,595,121,474
110000029,246,255,-9
110000030,238,217,21
110000031,138,134,4
110000032,600,56,544
110000033,42,99,-57
110000034,574,146,428
110000035,203,564,-361
110000036,809,162,647
110000037,48,301,-253
110000038,146,472,-326
110000039,463,3621,-3158
110000040,146,192,-46
110000041,286,2077,-1791
110000042,44,168,-124
110000043,576,261,315
110000044,22,77,-55
110000045,64,72,-8
110000046,2,21,-19
110000047,7,34,-27
110000048,0,134,-134
110000049,7,7,0
110000050,4,98,-94
110000051,2,3,-1
110000052,21,70,-49
110000053,5,3,2
110000054,33,146,-113
110000055,91,40,51
110000056,47,38,9
110000057,127,452,-325
110000058,374,201,173
110000059,218,222,-4
110000060,773,264,509
110000061,149,254,-105
110000062,390,301,89
110000063,32,138,-106
110000064,41,8,33
110000065,106,81,25
110000066,30,8,22
110000067,8,40,-32
110000068,232,34,198
110000069,586,6,580
110000071,424,8,416
110000073,16,2,14
110000075,27,3,24
110000076,284,239,45
110000077,112,603,-491
110000078,81,5,76
110000080,77,112,-35
110000081,25,31,-6
110000082,20,121,-101
110000083,128,111,17
110000084,706,502,204
110000085,597,347,250
110000086,368,1058,-690
110000087,9,7,2
110000088,126,56,70
110000089,178,16,162
110000090,58,45,13
110000091,178,55,123
110000092,3,25,-22
110000093,36,10,26
110000094,119,64,55
110000095,85,490,-405
110000096,543,1405,-862
110000097,406,1049,-643
110000098,846,110,736
110000099,634,723,-89
110000100,1439,63,1376
110000101,126,73,53
110000102,62,34,28
110000104,258,116,142
110000105,74,168,-94
110000106,162,397,-235
110000107,69,155,-86
110000108,57,108,-51
110000109,54,110,-56
110000110,749,1375,-626
110000111,1085,1609,-524
110000112,105,294,-189
110000113,35,1436,-1401
110000114,241,369,-128
110000115,437,47,390
110000116,46,24,22
110000117,339,40,299
110000118,454,58,396
110000119,447,59,388
110000120,236,20,216
110000121,47,238,-191
110000122,149,211,-62
110000123,392,158,234
110000124,2,265,-263
110000125,283,1,282
110000126,84,0,84
110000127,494,6,488
110000128,5,252,-247
110000129,0,115,-115
110000130,162,51,111
110000131,61,114,-53
110000132,1,170,-169
110000133,23,87,-64
110000134,23,134,-111
110000135,143,4,139
110000136,31,82,-51
110000137,490,45,445
110000138,481,115,366
110000139,777,110,667
110000140,470,238,232
110000143,157,156,1
110000144,605,626,-21
110000145,564,490,74
110000146,402,141,261
110000147,133,434,-301
110000148,571,55,516
110000151,171,401,-230
110000152,148,157,-9
110000153,189,17,172
110000154,8,37,-29
110000155,151,720,-569
110000156,277,464,-187
110000157,268,969,-701
110000160,118,82,36
110000161,62,94,-32
110000166,552,30,522
110000167,1046,317,729
110000168,343,362,-19
110000169,421,203,218
110000170,100,38,62
110000171,201,40,161
110000172,141,154,-13
110000173,197,202,-5
110000174,30,112,-82
110000175,1060,56,1004
110000176,8,473,-465
110000177,127,1036,-909
110000178,147,1558,-1411
110000179,484,108,376
110000180,225,96,129
110000181,656,173,483
110000182,84,39,45
110000183,2683,4105,-1422
110000184,194,1677,-1483
110000185,117,266,-149
110000186,175,578,-403
110000191,928,128,800
110000192,498,3,495
110000193,969,3,966
110000194,6,178,-172
110000195,378,11,367
110000196,437,58,379
110000197,36,9,27
110000198,42,3,39
110000199,42,35,7
110000200,228,158,70
110000201,461,581,-120
110000202,547,163,384
110000203,78,125,-47
110000204,18,64,-46
110000205,303,11,292
110000206,125,215,-90
110000207,1070,57,1013
110000208,37,203,-166
110000209,17,99,-82
110000210,1263,136,1127
110000211,627,252,375
110000212,294,828,-534
110000213,198,6,192
110000214,376,4,372
110000215,13,88,-75
110000216,52,39,13
110000217,319,13,306
110000218,72,25,47
110000219,217,21,196
110000220,14,24,-10
110000221,355,1,354
110000222,49,51,-2
110000223,2,49,-47
110000224,2,0,2
110000225,104,225,-121
110000226,247,20,227
110000227,145,263,-118
110000228,256,17,239
110000229,0,65,-65
110000230,337,236,101
110000231,123,190,-67
110000232,63,50,13
110000233,53,128,-75
110000234,204,127,77
110000235,500,312,188
110000236,134,98,36
110000237,1090,380,710
110000238,441,308,133
110000239,1027,253,774
110000240,0,4,-4
110000242,0,1,-1
110000243,84,46,38
110000244,17,49,-32
110000245,5,169,-164
110000246,731,133,598
110000247,419,557,-138
110000248,624,147,477
110000249,118,6,112
110000250,4,47,-43
110000251,148,70,78
110000252,378,60,318
110000253,1069,71,998
110000254,520,122,398
110000255,104,141,-37
110000256,389,46,343
110000257,94,57,37
110000258,1,48,-47
110000259,206,7,199
110000260,82,20,62
110000263,362,24,338
110000264,360,57,303
110000265,741,480,261
110000266,419,536,-117
110000267,14,10,4
110000268,157,27,130
110000269,1,3,-2
110000270,59,0,59
110000271,487,33,454
110000272,408,457,-49
110000273,344,324,20
110000274,101,1556,-1455
110000275,422,182,240
110000276,91,295,-204
110000277,278,74,204
110000278,198,219,-21
110000279,648,179,469
110000280,446,106,340
110000281,54,24,30
110000282,59,5,54
110000283,64,20,44
110000284,1,7,-6
110000285,0,88,-88
110000286,0,0,0
110000287,84,0,84
110000288,0,16,-16
110000289,182,1708,-1526
110000290,272,532,-260
110000291,760,332,428
110000292,228,4431,-4203
110000293,304,164,140
110000294,1340,1189,151
110000295,55,171,-116
110000296,445,84,361
110000297,1655,52,1603
110000298,66,146,-80
110000299,119,19,100
110000301,313,14,299
110000302,302,356,-54
110000303,417,2,415
110000304,208,67,141
110000305,1364,3,1361
110000306,374,147,227
110000307,1574,9,1565
110000308,241,20,221
110000309,1,68,-67
110000310,545,34,511
110000311,0,87,-87
110000312,430,28,402
110000313,1153,436,717
110000314,0,60,-60
110000315,621,889,-268
110000316,129,413,-284
110000317,118,259,-141
110000318,0,18,-18
110000319,21,2,19
110000320,0,20,-20
110000321,62,20,42
110000322,48,91,-43
110000323,596,42,554
110000324,676,517,159
110000325,917,2914,-1997
110000327,143,67,76
110000328,40,150,-110
110000333,594,605,-11
110000334,89,311,-222
110000335,531,135,396
110000336,164,218,-54
110000337,1294,171,1123
110000338,239,102,137
110000339,425,36,389
110000340,11,65,-54
110000341,292,100,192
110000342,30,0,30
110000343,0,0,0
110000344,15,164,-149
110000345,27,199,-172
110000346,575,696,-121
110000347,755,250,505
110000348,35,4,31
110000349,4,2,2
110000350,34,0,34
110000351,1061,187,874
110000352,214,1031,-817
110000353,1376,168,1208
110000354,293,1940,-1647
110000355,231,11,220
110000356,227,1,226
110000357,498,1,497
110000361,10,9,1
110000362,139,5,134
110000363,483,1,482
110000364,223,108,115
110000365,28,0,28
110000366,0,106,-106
110000367,206,54,152
110000368,0,71,-71
110000369,8,3,5
110000373,1,92,-91
110000374,40,19,21
110000375,50,282,-232
110000376,23,47,-24
110000377,28,226,-198
110000378,1,340,-339
110000379,946,1999,-1053
110000380,61,4,57
110000383,0,168,-168
110000384,385,46,339
110000385,0,21,-21
110000387,83,0,83
110000388,9,75,-66
110000389,243,2,241
110000391,666,113,553
110000396,135,24,111
110000397,87,5,82
110000398,2,2,0
110000399,74,1,73
110000587,95,106,-11
110000589,163,27,136
110000640,72,12,60
110000652,3,92,-89
110000653,244,143,101
110000654,0,158,-158
110000656,0,104,-104
110000674,17,14,3
110000675,0,28,-28
110000676,0,8,-8
110000679,54,469,-415
110000682,75,76,-1
110000683,155,78,77
110000684,0,10,-10
110000685,1,37,-36
110000686,1,37,-36
110000687,19,0,19
110000688,27,994,-967
110000689,28,3,25
110000692,8,42,-34
110000693,5,131,-126
110000694,0,12,-12
110000695,18,145,-127
110000696,25,18,7
110900001,164,0,164
110900002,157,23,134
110900003,1173,60,1113
110900004,431,20,411
110900005,656,2448,-1792
110900006,38,32,6
110900007,167,58,109
110900008,11,1,10
110900009,184,332,-148
110900010,0,20,-20
110900011,1,7,-6
110900012,1,57,-56
110900013,732,39,693
110900014,225,2,223
110900015,84,370,-286
110900016,24,182,-158
110900017,423,14,409
110900018,332,26,306
110900019,398,1,397
110900020,151,18,133
110900021,104,95,9
110900022,61,53,8
110900023,25,159,-134
110900024,59,42,17
110900025,0,2,-2
110900027,7,27,-20
110900028,2,13,-11
110900029,4,56,-52
110900030,16,22,-6
110900031,65,58,7
110900032,0,10,-10
110900033,18,66,-48
110900035,16,312,-296
110900036,52,2,50
110900037,45,2,43
110900038,114,35,79
110900039,0,83,-83
110900040,97,2,95
110900041,15,9,6
110900042,41,23,18
110900043,0,5,-5
110900044,25,4,21
110900045,76,92,-16
110900046,4,16,-12
110900047,21,271,-250
110900049,61,55,6
110900050,10,0,10
110900051,1,69,-68
110900052,0,99,-99
110900053,93,6,87
110900054,0,35,-35
110900055,3,0,3
110900056,19,45,-26
110900057,0,101,-101
110900058,250,16,234
110900059,130,166,-36
110900060,220,10,210
110900061,3,16,-13
110900062,107,46,61
110900063,5,28,-23
110900064,15,0,15
110900065,53,93,-40
110900066,9,23,-14
110900067,56,431,-375
110900068,84,35,49
110900069,58,32,26
110900070,101,10,91
110900071,42,724,-682
110900073,0,4,-4
110900074,482,26,456
110900075,444,9,435
110900077,977,87,890
110900078,99,13,86
110900079,536,286,250
110900080,146,28,118
110900081,14,4,10
110900082,209,20,189
110900083,105,26,79
110900084,61,14,47
110900085,36,70,-34
110900086,11,117,-106
110900087,280,19,261
110900088,3,0,3
110900090,15,64,-49
110900091,0,24,-24
110900093,148,19,129
110900095,12,9,3
110900097,10,5,5
110900098,13,14,-1
110900099,29,97,-68
110900100,0,3,-3
110900102,15,33,-18
110900105,145,42,103
110900108,20,8,12
110900111,148,19,129
110900112,357,2,355
110900113,60,34,26
110900115,0,9,-9
110900116,868,219,649
110900118,26,3094,-3068
110900119,930,63,867
110900120,38,12,26
110900121,46,1,45
110900122,261,22,239
110900125,144,358,-214
110900127,54,414,-360
110900128,54,218,-164
110900129,30,427,-397
110900130,90,245,-155
110900131,112,10,102
110900132,409,12,397
110900133,45,16,29
110900135,37,37,0
110900136,306,6,300
110900138,0,0,0
110900139,33,1,32
110900140,4,0,4
110900141,203,56,147
110900142,13,18,-5
110900143,232,27,205
110900144,0,45,-45
110900145,70,77,-7
110900146,81,141,-60
110900147,5,23,-18
110900148,0,16,-16
110900149,0,7,-7
110900150,1,12,-11
110900151,1,18,-17
110900152,13,19,-6
110900153,145,11,134
111000001,720,323,397
111000002,539,580,-41
111000003,2069,749,1320
111000004,396,687,-291
111000005,1062,940,122
111000006,661,1162,-501
111000007,1965,2454,-489
111000008,1744,1861,-117
111000009,229,461,-232
111000010,838,220,618
111000011,28,534,-506
111000012,233,335,-102
111000013,211,599,-388
111000014,1223,234,989
111000017,28,410,-382
111000018,44,198,-154
111000020,151,393,-242
111000021,10,38,-28
111000023,63,33,30
111000025,1455,1639,-184
111000029,76,15,61
111000030,2,15,-13
111000031,915,314,601
111000032,485,90,395
111000033,172,54,118
111000034,126,97,29
111000037,387,158,229
111000038,833,388,445
111000039,546,391,155
111000040,631,365,266
111000041,164,117,47
111000042,1006,982,24
111000043,1055,2191,-1136
111000044,1023,150,873
111000045,1980,755,1225
111000046,1198,591,607
111000047,2020,3709,-1689
111000049,105,113,-8
111000050,342,253,89
111000051,212,187,25
111000052,204,341,-137
111000053,67,167,-100
111000054,113,148,-35
111000055,515,466,49
111000056,90,247,-157
111000057,81,198,-117
111000058,477,40,437
111000059,444,133,311
111000060,3076,389,2687
111000061,567,115,452
111000062,875,154,721
111000063,804,509,295
111000064,1143,178,965
111000065,995,276,719
111000066,570,110,460
111000067,777,111,666
111000068,436,97,339
111000069,456,518,-62
111000070,372,254,118
111000071,79,119,-40
111000072,1002,421,581
111000073,185,1146,-961
111000074,904,607,297
111000075,396,117,279
111000076,512,260,252
111000077,656,349,307
111000078,897,196,701
111000079,457,151,306
111000080,365,186,179
111000081,998,3404,-2406
111000082,732,95,637
111000084,448,288,160
111000085,530,591,-61
111000086,970,344,626
111000087,450,180,270
111000088,1618,1330,288
111000089,412,345,67
111000090,290,392,-102
111000091,307,163,144
111000092,1139,370,769
111000093,655,364,291
111000094,796,403,393
111000095,494,1358,-864
111000096,437,4197,-3760
111000097,1151,368,783
111000098,81,244,-163
111000099,148,516,-368
111000100,252,403,-151
111000101,190,268,-78
111000102,52,89,-37
111000104,798,30,768
111000107,34,85,-51
111000109,823,73,750
111000110,854,311,543
111000111,2718,54,2664
111000112,1628,57,1571
111000113,632,1667,-1035
111000114,725,2746,-2021
111000115,1453,359,1094
111000116,437,229,208
111000117,214,204,10
111000118,416,239,177
111000119,1049,289,760
111000120,662,239,423
111000121,276,224,52
111000122,257,279,-22
111000123,531,604,-73
111000124,133,703,-570
111000125,181,244,-63
111000126,95,118,-23
111000127,814,17,797
111000128,1974,53,1921
111000129,2414,84,2330
111000130,2030,116,1914
111000131,2204,180,2024
111000132,1502,966,536
111000133,55,24,31
111000134,85,26,59
111000135,57,83,-26
111000136,374,86,288
111000138,20,8,12
111000140,0,29,-29
111000141,50,215,-165
111000142,2,102,-100
111000143,1,129,-128
111000144,6,263,-257
111000145,46,9,37
111000146,96,3,93
111000147,37,9,28
111000148,61,42,19
111000149,1,91,-90
111000150,74,0,74
111000151,1,17,-16
111000153,134,96,38
111000154,142,65,77
111000155,138,51,87
111000156,460,101,359
111000157,80,167,-87
111000158,564,377,187
111000159,1201,284,917
111000160,327,153,174
111000161,2,220,-218
111000162,4,26,-22
111000163,485,341,144
111000164,181,968,-787
111000165,323,86,237
111000166,88,35,53
111000167,85,120,-35
111000168,68,115,-47
111000169,178,90,88
111000170,104,77,27
111000171,151,117,34
111000172,105,267,-162
111000173,188,432,-244
111000174,248,73,175
111000175,53,93,-40
111000176,448,22,426
111000177,906,150,756
111000178,1875,168,1707
111000179,448,33,415
111000180,268,132,136
111000181,1561,53,1508
111000182,202,63,139
111000183,128,90,38
111000184,208,57,151
111000185,39,52,-13
111000186,114,76,38
111000187,135,68,67
111000188,202,57,145
111000189,108,200,-92
111000190,46,92,-46
111000191,119,29,90
111000192,40,73,-33
111000193,138,34,104
111000194,39,30,9
111000195,26,56,-30
111000196,30,61,-31
111000197,486,20,466
111000198,340,14,326
111000199,373,87,286
111000200,442,205,237
111000201,671,55,616
111000202,371,29,342
111000203,424,95,329
111000204,179,940,-761
111000213,166,146,20
111000214,573,221,352
111000215,691,386,305
111000217,1155,113,1042
111000218,1414,210,1204
111000219,183,68,115
111000220,344,271,73
111000221,76,27,49
111000224,27,86,-59
111000225,401,446,-45
111000226,20,5,15
111000227,7,5,2
111000228,2,579,-577
111000229,4,1500,-1496
111000230,40,50,-10
111000231,560,66,494
111000232,448,151,297
111000233,1296,184,1112
111000234,127,216,-89
111000239,50,17,33
111000240,33,192,-159
111000241,36,37,-1
111000242,126,39,87
111000243,82,90,-8
111000244,683,32,651
111000245,376,82,294
111000246,473,70,403
111000247,354,80,274
111000248,399,77,322
111000249,469,61,408
111000250,33,12,21
111000251,12,28,-16
111000253,26,23,3
111000255,110,6,104
111000257,20,34,-14
111000260,9,363,-354
111000261,1189,22,1167
111000271,14,105,-91
111000273,1057,337,720
111000274,979,1243,-264
111000275,55,14,41
111000276,121,262,-141
111000277,127,91,36
111000278,191,55,136
111000291,1166,7665,-6499
111000298,305,72,233
111000299,375,49,326
111000300,35,95,-60
111000302,317,24,293
111000303,111,43,68
111000312,23,9,14
111000315,3,100,-97
111000320,109,120,-11
111000321,349,52,297
111000322,244,99,145
111000323,363,25,338
111000324,218,197,21
111000325,12,23,-11
111000326,65,75,-10
111000327,199,69,130
111000328,335,247,88
111000329,0,33,-33
111000330,45,1,44
111000331,12,7,5
111000332,268,261,7
111000334,125,282,-157
111000335,799,23,776
111000337,1414,61,1353
111000338,41,32,9
111000339,545,37,508
111000340,41,128,-87
111000341,1195,511,684
111000342,19,467,-448
111000344,885,201,684
111000345,47,88,-41
111000346,16,99,-83
111000347,100,0,100
111000350,78,56,22
111000351,41,133,-92
111000352,200,14,186
111000353,59,69,-10
111000354,293,33,260
111000355,168,86,82
111000358,117,221,-104
111000360,81,196,-115
111000361,157,67,90
111000546,492,95,397
111000547,282,79,203
111000548,57,20,37
111000549,97,38,59
111000550,14,399,-385
111000551,137,34,103
111000552,156,45,111
111000907,1006,6,1000
111000908,28,0,28
111000916,1957,29,1928
111000917,24,151,-127
111000918,61,185,-124
111000920,709,13,696
111000921,0,43,-43
111000922,480,58,422
111000924,21,102,-81
111000925,3150,1056,2094
111000926,835,522,313
111000927,1702,2338,-636
111000928,1884,546,1338
111000929,1672,355,1317
111000930,528,600,-72
111000931,1293,678,615
111000932,1501,586,915
111000933,2150,1594,556
111000934,451,546,-95
111000935,1789,428,1361
111000936,263,470,-207
111000937,1217,538,679
111000938,433,325,108
111000939,596,4,592
111000940,1121,23,1098
111000941,318,42,276
111000943,807,69,738
111000944,98,54,44
111000945,110,228,-118
111001109,195,416,-221
111001110,69,90,-21
111001111,122,4,118
111001112,141,5,136
111001113,2,129,-127
111001114,178,58,120
111001115,12,206,-194
111001116,554,3834,-3280
111001117,129,1346,-1217
111001120,87,59,28
111001121,42,87,-45
111001122,218,38,180
111001123,447,30,417
111001124,117,49,68
111001125,12,474,-462
111001126,0,0,0
111001127,0,16,-16
111001128,793,130,663
111900001,0,10,-10
111900002,1,17,-16
111900003,0,10,-10
111900004,0,7,-7
111900006,10,43,-33
111900007,195,0,195
111900008,356,0,356
111900009,242,1,241
111900010,11,77,-66
111900012,23,15,8
111900013,17,2,15
111900014,769,4064,-3295
111900015,1,35,-34
111900016,0,12,-12
111900017,1,21,-20
111900018,134,4,130
111900019,0,60,-60
111900020,1,26,-25
111900021,4,2,2
111900022,5,1,4
111900023,66,6,60
111900024,131,15,116
111900025,0,25,-25
111900026,0,19,-19
111900027,3,6,-3
111900028,22,64,-42
111900029,0,2,-2
111900030,4,156,-152
111900032,1,76,-75
111900033,0,2,-2
111900034,18,151,-133
111900035,23,175,-152
111900036,0,32,-32
111900038,33,120,-87
111900039,15,56,-41
111900040,1,95,-94
111900042,3,27,-24
111900043,2,33,-31
111900044,12,19,-7
111900046,7,19,-12
111900048,260,88,172
111900049,0,29,-29
111900050,127,4,123
111900051,0,40,-40
111900052,60,64,-4
111900053,219,1684,-1465
111900054,317,0,317
111900055,3,68,-65
111900056,38,164,-126
111900057,122,2,120
111900058,487,131,356
111900059,461,566,-105
111900060,174,0,174
111900061,0,31,-31
111900062,23,39,-16
111900063,144,42,102
111900064,10,48,-38
111900065,153,25,128
111900066,135,52,83
111900067,2,65,-63
111900068,20,64,-44
111900069,43,1,42
111900070,188,10,178
111900071,1,28,-27
111900072,18,30,-12
111900073,781,81,700
111900074,1,20,-19
111900075,45,0,45
111900076,278,20,258
111900077,33,0,33
111900078,314,12,302
111900079,10,25,-15
111900080,63,64,-1
111900082,139,52,87
111900083,135,35,100
111900084,61,19,42
111900085,22,32,-10
111900086,85,3,82
111900087,148,0,148
111900088,620,7,613
111900089,78,0,78
111900090,17,48,-31
111900091,564,0,564
111900092,153,1,152
111900093,540,11,529
111900094,90,0,90
111900095,358,5,353
111900096,317,0,317
111900097,139,0,139
111900098,285,8,277
111900099,29,0,29
111900100,66,2,64
111900101,179,2,177
111900102,650,128,522
111900103,27,10,17
111900104,86,6,80
111900105,57,107,-50
111900106,38,1,37
111900110,548,95,453
111900111,181,5,176
111900112,131,2959,-2828
111900113,122,51,71
111900118,294,11,283
111900119,88,28,60
111900122,20,25,-5
111900123,1,18,-17
111900124,3,6,-3
111900125,299,98,201
111900126,265,4,261
111900127,0,73,-73
111900128,0,75,-75
111900129,242,13,229
111900130,35,45,-10
111900131,528,7,521
111900132,2,151,-149
111900133,6,65,-59
111900134,3,39,-36
111900135,0,10,-10
111900136,29,64,-35
111900137,5,19,-14
111900138,11,14,-3
111900139,13,28,-15
111900140,122,7,115
111900141,65,0,65
111900142,50,2,48
111900143,60,21,39
111900144,0,8,-8
111900145,0,62,-62
111900146,0,32,-32
111900147,6,67,-61
111900148,0,124,-124
111900149,4,47,-43
111900150,1,10,-9
111900151,2,3,-1
111900152,40,11,29
111900153,202,665,-463
111900154,20,489,-469
111900155,33,55,-22
111900156,77,47,30
111900157,210,8,202
111900158,510,54,456
111900159,393,53,340
111900160,333,1,332
111900161,293,0,293
111900162,168,672,-504
111900163,0,30,-30
111900164,49,23,26
111901113,561,32,529
111901114,155,84,71
111901115,146,2,144
111901116,10,0,10
111901117,2,25,-23
111901118,6,266,-260
111901119,129,8,121
111901121,2,43,-41
111901122,1,56,-55
111901123,402,20,382
111901124,335,1,334
111901125,681,112,569
111901127,127,684,-557
111901129,2,5,-3
111901130,12,48,-36
111901131,0,152,-152
111901132,94,32,62
111901133,88,0,88
111901134,118,0,118
111901135,50,5,45
111901136,27,23,4
111901138,11,9,2
111901139,1,4,-3
111901140,5,11,-6
111901141,1,14,-13
111901142,0,52,-52
111901143,1,68,-67
111901144,47,4,43
111901145,37,166,-129
111901146,5,0,5
111901147,85,355,-270
111901148,0,83,-83
111901149,8,0,8
111901150,13,0,13
111901151,48,0,48
111901152,0,11,-11
112000001,2266,720,1546
112000002,607,1454,-847
112000003,2554,424,2130
112000004,428,210,218
112000005,2816,2697,119
112000006,302,223,79
112000007,3094,2175,919
112000008,1986,2680,-694
112000009,1395,721,674
112000010,1783,2522,-739
112000011,721,493,228
112000012,1950,2653,-703
112000013,1107,949,158
112000014,530,2019,-1489
112000015,926,1356,-430
112000016,953,2208,-1255
112000017,279,1642,-1363
112000024,192,168,24
112000026,1069,939,130
112000027,471,231,240
112000028,390,363,27
112000029,215,360,-145
112000030,74,9,65
112000031,479,1549,-1070
112000032,83,6,77
112000033,627,1847,-1220
112000034,144,8,136
112000035,37,311,-274
112000036,114,816,-702
112000037,315,591,-276
112000038,335,576,-241
112000039,77,30,47
112000040,20,69,-49
112000041,115,212,-97
112000042,213,41,172
112000050,691,327,364
112000051,643,876,-233
112000054,496,371,125
112000057,425,111,314
112000058,126,161,-35
112000059,249,235,14
112000061,861,347,514
112000062,138,389,-251
112000063,138,1046,-908
112000064,1224,982,242
112000065,505,522,-17
112000066,1171,751,420
112000067,178,184,-6
112000068,1553,990,563
112000069,207,517,-310
112000070,520,375,145
112000071,353,546,-193
112000072,1613,459,1154
112000073,337,595,-258
112000074,491,407,84
112000075,848,623,225
112000076,1112,788,324
112000077,652,236,416
112000078,1228,304,924
112000079,905,540,365
112000080,597,420,177
112000081,517,632,-115
112000082,615,245,370
112000083,364,429,-65
112000084,818,298,520
112000085,1051,335,716
112000086,1442,332,1110
112000087,741,116,625
112000088,469,174,295
112000089,131,106,25
112000090,89,131,-42
112000091,287,110,177
112000092,1629,283,1346
112000093,725,243,482
112000094,567,290,277
112000095,609,145,464
112000096,657,175,482
112000097,1637,240,1397
112000098,94,168,-74
112000099,471,1351,-880
112000100,1823,211,1612
112000101,331,122,209
112000102,1515,172,1343
112000103,153,151,2
112000105,241,174,67
112000106,2410,112,2298
112000107,239,10,229
112000108,833,277,556
112000109,407,41,366
112000110,1455,282,1173
112000111,223,881,-658
112000112,1235,160,1075
112000113,360,398,-38
112000114,1417,261,1156
112000115,271,80,191
112000116,404,140,264
112000117,428,191,237
112000118,256,224,32
112000119,139,169,-30
112000120,35,96,-61
112000121,40,96,-56
112000122,340,34,306
112000123,525,20,505
112000124,375,21,354
112000125,188,97,91
112000126,486,163,323
112000127,721,1122,-401
112000128,291,280,11
112000129,57,16,41
112000130,163,47,116
112000131,22,11,11
112000132,93,57,36
112000133,354,16,338
112000134,238,132,106
112000135,658,228,430
112000136,433,555,-122
112000137,911,789,122
112000138,593,571,22
112000139,204,262,-58
112000140,60,279,-219
112000141,501,96,405
112000142,67,185,-118
112000143,788,76,712
112000144,78,233,-155
112000145,2115,154,1961
112000146,320,384,-64
112000147,2370,677,1693
112000148,387,420,-33
112000149,308,209,99
112000150,281,96,185
112000151,260,153,107
112000152,505,80,425
112000153,61,79,-18
112000154,98,94,4
112000155,44,27,17
112000157,135,289,-154
112000158,175,55,120
112000159,702,81,621
112000167,99,88,11
112000169,58,493,-435
112000173,820,66,754
112000175,188,93,95
112000176,505,435,70
112000177,873,153,720
112000178,32,77,-45
112000179,241,18,223
112000180,206,69,137
112000181,469,287,182
112000182,1384,258,1126
112000183,16,11,5
112000184,425,127,298
112000185,508,69,439
112000187,1836,1081,755
112000195,64,0,64
112000196,48,0,48
112000197,28,79,-51
112000198,33,43,-10
112000199,223,188,35
112000202,343,0,343
112000216,9,49,-40
112000230,75,1,74
112000231,2,40,-38
112000256,35,130,-95
112000313,20,15,5
112000314,27,26,1
112000337,76,249,-173
112000352,28,90,-62
112000392,771,254,517
112000398,1144,244,900
112000399,396,2279,-1883
112000400,361,467,-106
112000401,497,490,7
112000402,2256,2435,-179
112000403,553,3065,-2512
112000404,681,458,223
112000405,2236,1997,239
112000406,897,693,204
112000407,5790,4821,969
112000408,2210,1047,1163
112000409,677,749,-72
112000410,33,162,-129
112000411,1043,871,172
112000412,247,84,163
112000413,1064,3988,-2924
112000414,103,17,86
112000415,67,7,60
112000416,2229,410,1819
112000417,188,41,147
112000421,94,20,74
112000422,105,105,0
112000424,338,1252,-914
112000425,131,105,26
112000426,126,225,-99
112000427,0,38,-38
112000428,225,111,114
112000429,876,678,198
112000430,1151,1320,-169
112000431,49,77,-28
112000432,237,174,63
112000433,189,176,13
112000437,28,62,-34
112900001,28,0,28
112900002,568,116,452
112900003,41,47,-6
112900004,59,79,-20
112900005,194,26,168
112900007,20,10,10
112900008,0,43,-43
112900009,97,91,6
112900010,222,107,115
112900011,7,16,-9
112900012,0,1,-1
112900013,0,49,-49
112900014,0,38,-38
112900015,9,131,-122
112900016,9,21,-12
112900017,30,31,-1
112900018,158,76,82
112900019,10,57,-47
112900020,110,139,-29
112900021,0,78,-78
112900022,1,12,-11
112900023,2,24,-22
112900024,0,39,-39
112900025,37,53,-16
112900026,9,22,-13
112900027,0,138,-138
112900028,1,29,-28
112900029,5,27,-22
112900030,29,21,8
112900031,0,37,-37
112900032,45,38,7
112900034,0,2,-2
112900035,0,26,-26
112900036,5,14,-9
112900037,21,140,-119
112900038,488,26,462
112900039,1,33,-32
112900040,0,100,-100
112900041,51,436,-385
112900042,107,51,56
112900043,24,13,11
112900044,33,200,-167
112900045,78,17,61
112900046,33,7,26
112900047,4,8,-4
112900049,182,5,177
112900050,4,158,-154
112900051,22,95,-73
112900052,1,142,-141
112900053,26,81,-55
112900054,61,25,36
112900055,19,7,12
112900056,126,146,-20
112900057,1,76,-75
112900058,162,129,33
112900059,49,69,-20
112900060,8,21,-13
112900061,40,10,30
112900062,39,39,0
112900063,5,3,2
112900064,22,9,13
112900065,1,0,1
112900066,129,249,-120
112900067,108,9,99
112900068,20,93,-73
112900069,328,510,-182
112900071,18,5,13
112900072,7,1871,-1864
112900073,265,141,124
112900074,48,252,-204
112900075,209,676,-467
112900076,3,21,-18
112900078,130,468,-338
112900079,147,2,145
112900080,75,5,70
112900081,59,209,-150
112900082,463,5,458
112900083,96,120,-24
112900084,98,104,-6
112900086,83,0,83
112900087,662,51,611
112900088,142,3,139
112900089,555,6,549
112900090,66,39,27
112900091,208,7,201
112900092,41,416,-375
112900093,932,17,915
112900095,116,0,116
112900096,418,50,368
112900097,16,40,-24
112900098,20,1,19
112900099,851,8,843
112900100,89,1,88
112900101,354,0,354
112900102,58,14,44
112900103,129,2,127
112900104,837,0,837
112900105,19,0,19
112900106,138,38,100
112900107,6,0,6
112900108,1,1,0
112900109,127,1,126
112900110,1120,2,1118
112900111,476,2,474
112900112,271,0,271
112900113,0,3,-3
112900114,306,5,301
112900115,1944,1,1943
112900116,49,0,49
112900117,11,7,4
112900118,1,4,-3
112900119,55,1,54
112900120,82,97,-15
112900121,6,21,-15
112900122,1,6,-5
112900123,120,3,117
112900124,0,10,-10
112900125,4,50,-46
112900126,7,41,-34
112900127,213,11,202
112900128,23,53,-30
112900129,0,142,-142
112900130,70,24,46
112900131,4,28,-24
112900132,3,65,-62
112900133,4,181,-177
112900134,1,44,-43
112900135,52,5,47
112900137,1,142,-141
112900138,0,27,-27
112900139,6,213,-207
112900141,579,9,570
112900142,16,118,-102
112900143,1,420,-419
112900144,1,75,-74
112900145,2,94,-92
112900146,0,42,-42
112900147,0,162,-162
112900148,3,1,2
112900149,56,92,-36
112900151,0,5,-5
112900152,865,120,745
112900153,66,878,-812
112900154,0,20,-20
112900155,35,16,19
112900156,284,192,92
112900157,337,9,328
112900158,21,0,21
112900159,72,97,-25
112900160,7,33,-26
112900161,53,6,47
112900162,2,11,-9
112900163,6,37,-31
112900164,1,80,-79
112900165,6,13,-7
112900166,1,32,-31
112900167,1,36,-35
112900168,7,4,3
112900169,6,7,-1
112900170,129,10,119
112900172,16,12,4
112900173,57,11,46
112900174,160,24,136
112900175,49,40,9
112900176,5,51,-46
112900177,276,16,260
112900178,180,1897,-1717
112900179,26,80,-54
112900180,848,386,462
112900181,700,5,695
112900182,24,128,-104
112900183,36,33,3
112900184,74,98,-24
112900185,2,94,-92
112900186,355,233,122
112900187,9,246,-237
112900188,266,502,-236
112900189,0,0,0
112900190,0,0,0
112900192,186,165,21
112900193,203,44,159
112900194,35,0,35
112900195,334,19,315
112900196,121,115,6
112900197,12,88,-76
112900199,246,19,227
112900200,206,6,200
112900201,189,4,185
112900202,317,89,228
112900203,169,22,147
112900204,55,59,-4
112900205,2,5,-3
112900206,3,7,-4
112900207,51,1,50
112900208,33,64,-31
112900209,28,79,-51
112900210,0,0,0
112900211,6,0,6
112900212,0,1,-1
112900213,56,0,56
112900214,2,2,0
112900215,12,9,3
112900216,1,16,-15
112900217,1,2,-1
112900218,46,0,46
112900219,79,1,78
112900220,1,0,1
112900221,29,22,7
112900222,0,17,-17
112900223,352,14,338
112900224,486,45,441
112900225,315,61,254
112900226,28,64,-36
112900227,480,77,403
112900228,66,34,32
112900229,215,7,208
112900230,2172,930,1242
112900232,135,151,-16
112900233,26,16,10
112900234,54,0,54
112900235,16,5,11
112900236,466,1,465
112900237,278,146,132
112900238,16,1,15
112900239,83,562,-479
112900240,1,10,-9
112900241,2,20,-18
112900242,4,12,-8
112900243,4,20,-16
112900244,2,5,-3
112900245,0,0,0
112900246,2,11,-9
112900247,60,4,56
112900248,2,0,2
112900249,6,0,6
112900250,71,4,67
112900251,48,0,48
112900252,143,1,142
112900253,41,0,41
112900254,25,7,18
112900255,0,28,-28
112900256,7,11,-4
112900257,15,7,8
112900258,32,1,31
113000001,2181,1822,359
113000002,1880,1463,417
113000003,567,531,36
113000004,718,979,-261
113000005,584,373,211
113000006,477,529,-52
113000007,870,374,496
113000008,819,437,382
113000009,601,236,365
113000010,741,351,390
113000011,259,385,-126
113000012,545,215,330
113000013,246,289,-43
113000014,237,383,-146
113000015,33,121,-88
113000016,62,238,-176
113000017,26,116,-90
113000018,235,22,213
113000019,23,49,-26
113000020,87,31,56
113000021,976,190,786
113000022,467,626,-159
113000025,46,95,-49
113000026,370,179,191
113000027,379,255,124
113000028,113,113,0
113000029,201,292,-91
113000030,182,129,53
113000031,41,58,-17
113000032,106,95,11
113000033,152,64,88
113000034,58,35,23
113000035,1,2,-1
113000036,17,19,-2
113000037,7,14,-7
113000038,4,26,-22
113000039,6,91,-85
113000040,26,8,18
113000042,265,250,15
113000051,359,920,-561
113000052,744,131,613
113000053,249,106,143
113000054,191,301,-110
113000055,814,131,683
113000056,942,252,690
113000058,117,337,-220
113000059,632,106,526
113000060,136,213,-77
113000061,250,315,-65
113000062,112,177,-65
113000063,245,25,220
113000064,126,70,56
113000065,147,177,-30
113000066,623,53,570
113000067,1575,184,1391
113000068,222,196,26
113000069,139,210,-71
113000070,1829,181,1648
113000071,222,123,99
113000072,561,134,427
113000073,126,256,-130
113000074,365,229,136
113000075,1032,301,731
113000076,142,679,-537
113000077,301,358,-57
113000078,244,427,-183
113000079,142,219,-77
113000080,203,281,-78
113000081,358,332,26
113000082,251,128,123
113000083,329,243,86
113000084,502,214,288
113000085,591,228,363
113000086,331,269,62
113000087,600,583,17
113000088,361,319,42
113000089,373,632,-259
113000090,50,277,-227
113000091,45,45,0
113000094,680,92,588
113000095,113,66,47
113000096,44,132,-88
113000097,424,127,297
113000098,28,27,1
113000099,445,95,350
113000100,46,68,-22
113000101,23,73,-50
113000102,305,151,154
113000103,1638,192,1446
113000104,471,1202,-731
113000105,573,180,393
113000106,244,96,148
113000107,675,494,181
113000108,495,360,135
113000109,208,597,-389
113000110,1525,267,1258
113000111,156,263,-107
113000112,374,199,175
113000113,703,208,495
113000114,102,362,-260
113000116,141,79,62
113000117,233,41,192
113000118,16,200,-184
113000119,123,206,-83
113000120,40,262,-222
113000121,126,293,-167
113000124,164,53,111
113000125,6,595,-589
113000127,466,46,420
113000128,378,113,265
113000129,125,184,-59
113000133,591,62,529
113000134,5,623,-618
113000135,1981,1933,48
113000137,397,1427,-1030
113000139,97,64,33
113000140,37,18,19
113000141,48,19,29
113000142,80,75,5
113000143,132,36,96
113000144,75,49,26
113000145,28,33,-5
113000146,12,3,9
113000147,43,11,32
113000148,94,38,56
113000149,77,71,6
113000150,139,89,50
113000151,12,6,6
113000152,11,88,-77
113000153,190,100,90
113000154,87,592,-505
113000155,125,256,-131
113000156,27,61,-34
113000157,97,97,0
113000158,129,19,110
113000159,334,33,301
113000160,144,125,19
113000161,93,79,14
113000162,254,6,248
113000163,63,12,51
113000164,1,4,-3
113000166,214,30,184
113000167,39,41,-2
113000168,81,22,59
113000169,137,3,134
113000170,95,31,64
113000171,18,42,-24
113000172,143,16,127
113000173,57,12,45
113000174,55,28,27
113000175,290,13,277
113000176,372,29,343
113000177,106,51,55
113000178,38,44,-6
113000179,254,36,218
113000180,488,1063,-575
113000181,1247,625,622
113000182,28,132,-104
113000183,223,338,-115
113000184,11,2,9
113000189,40,191,-151
113000190,113,41,72
113000192,340,1116,-776
113000193,837,900,-63
113000194,415,1020,-605
113000195,736,506,230
113000196,335,44,291
113000197,651,893,-242
113000198,22,96,-74
113000199,571,160,411
113000201,150,151,-1
113000202,1813,392,1421
113000203,53,52,1
113000204,245,1191,-946
113000205,0,4,-4
113000206,18,9,9
113000207,11,0,11
113000208,9,8,1
113000209,4,5,-1
113000210,1,24,-23
113000211,36,27,9
113000212,6,4,2
113000213,8,41,-33
113000214,33,66,-33
113000234,55,92,-37
113000410,30,64,-34
113000411,559,981,-422
113000412,1892,597,1295
113000413,582,873,-291
113000414,1294,5191,-3897
113000415,647,497,150
113000416,827,573,254
113000417,325,394,-69
113000418,2100,1721,379
113000419,534,617,-83
113000420,1342,2109,-767
113000421,2022,2951,-929
113000422,3594,3462,132
113000423,516,1340,-824
113000424,584,3760,-3176
113000425,0,30,-30
113000428,2,1,1
113000430,1,40,-39
113000432,1827,90,1737
113000433,116,201,-85
113000434,15,43,-28
113000435,14,76,-62
113000436,0,311,-311
113000437,774,26,748
113000438,124,15,109
113000439,4,8,-4
113000440,103,23,80
113000441,105,114,-9
113000442,105,5,100
113000443,389,43,346
113000444,132,4,128
113000445,108,17,91
113000446,11,21,-10
113000448,72,86,-14
113000449,87,755,-668
113000450,121,1758,-1637
113000451,898,141,757
113000452,12,291,-279
113000453,30,165,-135
113000454,58,102,-44
113000455,3,213,-210
113000456,312,486,-174
113000468,404,72,332
113000469,13,77,-64
113000470,118,8,110
113000471,1,136,-135
113000472,44,35,9
113000474,905,340,565
113000475,573,672,-99
113000476,1131,1071,60
113000477,2627,805,1822
113000478,1415,1409,6
113000479,22,84,-62
113000484,0,0,0
113000485,0,0,0
113000486,0,0,0
113000487,0,0,0
113000488,0,0,0
113000489,0,0,0
113000490,0,0,0
113000491,0,0,0
113000492,0,0,0
113000493,0,0,0
113000495,56,11,45
113000496,42,81,-39
113000499,0,0,0
113900001,0,168,-168
113900002,0,25,-25
113900003,0,7,-7
113900004,0,46,-46
113900005,0,80,-80
113900006,1,121,-120
113900007,0,0,0
113900008,0,0,0
113900009,0,0,0
113900010,0,0,0
113900011,0,0,0
113900012,101,0,101
113900013,3,0,3
113900014,244,2,242
113900015,0,10,-10
113900016,14,0,14
113900017,0,13,-13
113900018,18,141,-123
113900019,99,4,95
113900020,144,1,143
113900022,42,0,42
113900023,2,0,2
113900024,35,1,34
113900025,75,10,65
113900026,15,0,15
113900027,13,20,-7
113900028,5,86,-81
113900029,20,19,1
113900030,355,4,351
113900031,40,0,40
113900032,0,0,0
113900033,14,4,10
113900035,41,0,41
113900036,5,16,-11
113900037,95,219,-124
113900038,16,59,-43
113900039,114,6,108
113900040,11,2,9
113900041,3,0,3
113900042,25,2,23
113900043,62,6,56
113900044,10,89,-79
113900045,18,0,18
113900046,40,195,-155
113900047,58,23,35
113900048,11,27,-16
113900049,60,196,-136
113900050,32,22,10
113900051,58,45,13
113900052,6,11,-5
113900053,117,413,-296
113900054,18,0,18
113900055,37,83,-46
113900056,21,7,14
113900057,3,6,-3
113900058,20,1,19
113900059,61,10,51
113900060,14,37,-23
113900061,105,27,78
113900062,13,0,13
113900063,7,3,4
113900064,0,18,-18
113900065,373,5,368
113900066,205,22,183
113900067,109,7,102
113900068,216,310,-94
113900069,7,1,6
113900070,38,61,-23
113900071,47,2,45
113900072,5,4,1
113900073,201,113,88
113900074,148,41,107
113900075,168,752,-584
113900076,55,0,55
113900077,4,54,-50
113900078,0,17,-17
113900079,0,4,-4
113900080,139,35,104
113900081,5,6,-1
113900082,21,54,-33
113900083,214,50,164
113900084,64,14,50
113900085,4,36,-32
113900086,36,1,35
113900087,11,24,-13
113900088,75,129,-54
113900089,116,16,100
113900090,75,33,42
113900091,1,0,1
113900092,11,10,1
113900093,3,319,-316
113900094,251,74,177
113900095,73,23,50
113900096,64,13,51
113900097,13,12,1
113900098,284,57,227
113900099,0,0,0
113900100,0,0,0
113900101,3,21,-18
113900102,6,16,-10
113900103,44,130,-86
113900104,34,54,-20
113900105,101,19,82
113900106,0,0,0
113900107,0,0,0
113900108,5,21,-16
113900109,24,37,-13
113900110,1,1,0
113900111,46,14,32
113900112,115,58,57
113900113,294,49,245
113900114,0,0,0
113900115,0,2,-2
113900116,8,35,-27
113900117,16,4,12
113900118,34,331,-297
113900119,36,89,-53
113900120,44,6,38
113900121,34,15,19
113900122,96,1635,-1539
113900123,140,17,123
113900124,0,1,-1
113900125,221,25,196
113900126,0,20,-20
113900127,50,247,-197
113900128,77,9,68
113900129,1,29,-28
113900130,0,1,-1
113900131,66,11,55
113900132,10,13,-3
113900133,4,32,-28
113900135,89,61,28
113900136,4,7,-3
113900137,73,77,-4
113900138,4,28,-24
113900139,55,84,-29
113900140,26,72,-46
113900141,262,106,156
113900142,36,2,34
113900143,0,12,-12
113900144,46,44,2
113900145,67,16,51
113900146,82,16,66
113900148,7,30,-23
113900149,36,66,-30
113900150,219,17,202
113900151,235,35,200
113900152,1,29,-28
113900153,23,48,-25
113900154,0,28,-28
113900155,6,28,-22
113900156,35,51,-16
113900157,2,176,-174
113900158,32,37,-5
113900159,0,35,-35
113900160,53,45,8
113900161,26,39,-13
113900162,32,54,-22
113900163,115,48,67
113900164,199,5,194
113900165,62,41,21
113900166,0,10,-10
113900167,220,8,212
113900168,2,4,-2
113900169,22,43,-21
113900171,132,12,120
113900172,1,13,-12
113900173,2,79,-77
113900174,19,84,-65
113900175,57,38,19
113900176,47,43,4
113900177,39,26,13
113900178,71,31,40
113900179,0,138,-138
113900180,20,8,12
113900181,332,45,287
113900182,101,57,44
113900183,2,6,-4
113900184,0,119,-119
113900185,3,5,-2
113900186,0,5,-5
113900187,3,8,-5
113900188,1,12,-11
113900189,141,29,112
113900190,99,8,91
113900191,6,2,4
113900192,427,749,-322
113900193,2,28,-26
113900194,424,58,366
113900195,44,59,-15
113900196,0,17,-17
113900197,1,26,-25
113900198,0,62,-62
113900199,7,18,-11
113900200,0,23,-23
113900201,0,50,-50
113900202,4,15,-11
113900203,7,8,-1
113900204,1,21,-20
113900205,0,3,-3
113900206,0,10,-10
113900207,0,7,-7
113900208,0,3,-3
113900209,0,3,-3
113900210,69,67,2
113900211,55,9,46
113900212,199,139,60
113900214,48,99,-51
113900215,179,7,172
113900216,45,29,16
113900217,46,33,13
113900218,32,80,-48
113900219,20,61,-41
113900220,15,52,-37
113900221,18,110,-92
113900222,87,158,-71
113900223,117,50,67
113900224,11,2,9
113900225,112,8,104
113900226,46,22,24
113900227,89,26,63
113900228,32,117,-85
113900229,17,227,-210
113900230,313,583,-270
113900231,5,17,-12
113900232,18,4,14
113900233,14,16,-2
113900234,98,144,-46
113900235,33,18,15
113900236,214,45,169
113900237,49,4,45
113900238,68,116,-48
113900239,14,20,-6
113900240,2,37,-35
113900241,4,11,-7
113900242,0,32,-32
113900243,0,49,-49
113900244,21,33,-12
113900245,91,50,41
113900246,0,12,-12
113900247,25,238,-213
113900248,358,454,-96
113900249,70,184,-114
113900250,6,97,-91
113900251,543,28,515
113900252,342,5,337
113900253,140,0,140
113900254,192,26,166
113900255,483,11,472
113900256,216,17,199
113900257,1,107,-106
113900258,1,148,-147
113900259,267,32,235
113900260,102,2,100
113900261,41,11,30
113900262,98,144,-46
113900263,3,30,-27
113900264,2,71,-69
113900265,29,79,-50
113900266,31,38,-7
113900267,29,143,-114
113900268,33,58,-25
113900269,13,36,-23
113900270,102,53,49
113900271,67,87,-20
113900273,1,0,1
113900274,23,3,20
113900275,3,7,-4
113900276,1,37,-36
113900277,101,7,94
113900278,16,14,2
113900279,15,8,7
113900280,169,75,94
113900281,82,297,-215
113900282,79,55,24
113900283,130,156,-26
113900284,470,58,412
113900285,26,5,21
113900286,47,13,34
113900287,20,1,19
113900288,0,71,-71
113900289,87,33,54
113900290,39,86,-47
113900291,10,38,-28
113900292,2,2,0
113900293,0,69,-69
113900294,371,13,358
113900295,91,55,36
113900296,391,129,262
113900297,878,5,873
113900298,5,140,-135
113900299,17,8,9
113900300,682,971,-289
113900301,110,206,-96
113900302,617,231,386
113900303,31,261,-230
113900304,0,27,-27
113900305,106,2,104
113900306,39,0,39
113900307,2,0,2
113900308,8,3,5
113900309,2,216,-214
113900310,0,2,-2
113900311,17,0,17
113900312,8,24,-16
113900313,3,0,3
113900314,18,43,-25
113900315,140,6,134
114000001,405,638,-233
114000002,196,131,65
114000003,201,146,55
114000004,476,79,397
114000005,279,92,187
114000006,361,219,142
114000007,335,400,-65
114000008,592,566,26
114000009,1016,44,972
114000011,1508,729,779
114000012,2611,543,2068
114000013,1240,404,836
114000014,356,99,257
114000015,1260,87,1173
114000016,169,26,143
114000017,80,536,-456
114000018,34,4,30
114000026,2098,348,1750
114000027,2720,959,1761
114000028,1053,1514,-461
114000038,215,39,176
114000039,116,16,100
114000040,105,198,-93
114000042,62,99,-37
114000043,72,111,-39
114000044,401,15,386
114000045,5,9,-4
114000046,530,1020,-490
114000047,1,51,-50
114000048,81,62,19
114000049,977,480,497
114000050,967,354,613
114000051,1441,906,535
114000052,1523,1307,216
114000053,3,366,-363
114000054,96,271,-175
114000055,160,15,145
114000056,41,193,-152
114000057,1325,782,543
114000058,23,263,-240
114000059,4,286,-282
114000060,126,184,-58
114000061,788,753,35
114000062,77,374,-297
114000063,368,360,8
114000064,602,1386,-784
114000065,370,548,-178
114000066,360,370,-10
114000067,0,580,-580
114000068,101,258,-157
114000069,416,87,329
114000070,897,717,180
114000071,555,85,470
114000072,440,38,402
114000073,11,35,-24
114000074,48,10,38
114000075,56,12,44
114000076,23,7,16
114000077,1,4,-3
114000078,172,72,100
114000079,280,27,253
114000080,38,31,7
114000081,57,12,45
114000082,37,63,-26
114000083,17,6,11
114000084,118,63,55
114000085,15,65,-50
114000086,133,74,59
114000087,143,5,138
114000088,44,7,37
114000089,213,77,136
114000090,408,260,148
114000091,438,353,85
114000092,218,94,124
114000093,599,90,509
114000094,273,144,129
114000095,223,162,61
114000096,37,146,-109
114000097,52,200,-148
114000098,601,89,512
114000099,491,135,356
114000100,1569,128,1441
114000101,164,173,-9
114000102,727,115,612
114000103,82,121,-39
114000104,2,30,-28
114000105,223,29,194
114000106,208,1182,-974
114000107,299,59,240
114000108,441,299,142
114000109,512,1891,-1379
114000110,369,278,91
114000111,1392,760,632
114000112,129,504,-375
114000113,1829,155,1674
114000114,131,223,-92
114000115,1771,243,1528
114000116,626,2631,-2005
114000117,2889,194,2695
114000118,2505,130,2375
114000119,2069,255,1814
114000120,629,439,190
114000121,197,201,-4
114000122,183,141,42
114000123,1570,162,1408
114000124,889,117,772
114000125,641,602,39
114000126,997,117,880
114000127,54,59,-5
114000128,535,113,422
114000130,313,382,-69
114000131,324,18,306
114000132,325,78,247
114000133,262,143,119
114000134,17,7,10
114000138,1,5,-4
114000139,145,84,61
114000144,332,169,163
114000145,17,7,10
114000146,86,42,44
114000147,502,1325,-823
114000148,359,820,-461
114000149,129,125,4
114000150,116,190,-74
114000151,302,2559,-2257
114000152,17,6,11
114000153,243,487,-244
114000154,159,104,55
114000155,470,1776,-1306
114000156,417,258,159
114000157,165,557,-392
114000158,215,217,-2
114000159,106,100,6
114000160,27,59,-32
114000161,419,585,-166
114000162,589,818,-229
114000163,3,11,-8
114000165,104,104,0
114000166,101,153,-52
114000167,985,580,405
114000168,213,83,130
114000169,351,478,-127
114000170,546,361,185
114000171,743,6023,-5280
114000174,67,64,3
114000176,108,99,9
114000177,263,198,65
114000178,21,10,11
114000179,507,508,-1
114000180,121,151,-30
114000181,703,2628,-1925
114000182,376,836,-460
114000183,237,251,-14
114000184,1043,192,851
114000185,766,507,259
114000189,1257,81,1176
114000190,2346,296,2050
114000191,109,228,-119
114000192,50,262,-212
114000193,108,413,-305
114000194,1169,538,631
114000195,224,105,119
114000196,0,45,-45
114000197,1616,1,1615
114000198,218,158,60
114000199,436,796,-360
114000200,303,473,-170
114000201,134,296,-162
114000202,584,421,163
114000203,750,503,247
114000204,32,106,-74
114000205,187,464,-277
114000206,297,382,-85
114000207,142,249,-107
114000208,260,322,-62
114000209,238,423,-185
114000210,87,297,-210
114000211,1442,583,859
114000212,938,726,212
114000213,1918,265,1653
114000214,34,10,24
114000215,32,6,26
114000216,867,326,541
114000217,342,156,186
114000218,180,94,86
114000219,1181,66,1115
114000220,16,145,-129
114000221,1040,78,962
114000222,72,213,-141
114000223,478,65,413
114000224,33,111,-78
114000225,220,121,99
114000226,241,54,187
114000227,1006,349,657
114000228,805,245,560
114000229,1310,564,746
114000230,1287,295,992
114000231,811,730,81
114000232,936,81,855
114000233,1512,27,1485
114000234,1194,441,753
114000235,1131,624,507
114000236,0,146,-146
114000237,48,235,-187
114000238,71,181,-110
114000239,72,251,-179
114000240,628,859,-231
114000241,333,348,-15
114000242,538,323,215
114000243,1372,792,580
114000244,321,153,168
114000245,288,665,-377
114000246,55,27,28
114000247,377,334,43
114000248,1159,392,767
114000249,673,221,452
114000250,585,97,488
114000251,136,81,55
114000252,29,25,4
114000253,38,23,15
114000254,31,6,25
114000255,93,73,20
114000256,100,274,-174
114000257,412,353,59
114000258,263,40,223
114000259,98,132,-34
114000260,0,3,-3
114000261,56,5,51
114000262,228,41,187
114000263,3,0,3
114000264,1025,51,974
114000265,0,0,0
114000267,1,1303,-1302
114000268,0,333,-333
114000270,126,4,122
114000271,130,149,-19
114000283,1301,100,1201
114000285,3,110,-107
114000288,79,83,-4
114000289,1524,27,1497
114000293,190,79,111
114000294,109,128,-19
114000395,1018,20,998
114000396,300,152,148
114000402,587,105,482
114000403,349,95,254
114000405,202,139,63
114000423,397,99,298
114000424,503,111,392
114000425,1167,96,1071
114000426,302,655,-353
114000427,33,3,30
114000428,68,36,32
114000429,13,40,-27
114000432,60,15,45
114000434,3,9,-6
114000435,0,36,-36
114900001,364,134,230
114900002,123,35,88
114900003,417,157,260
114900004,100,257,-157
114900005,256,119,137
114900006,27,52,-25
114900007,67,0,67
114900008,299,9,290
114900010,243,706,-463
114900011,398,78,320
114900013,212,30,182
114900018,435,8,427
114900020,27,28,-1
114900022,0,238,-238
114900025,311,43,268
114900026,96,33,63
114900029,176,12,164
114900030,192,55,137
114900031,409,2,407
114900032,403,0,403
114900034,6,15,-9
114900035,15,78,-63
114900036,78,75,3
114900039,492,111,381
114900040,93,6,87
114900041,797,108,689
114900042,731,79,652
114900044,42,28,14
114900047,17,2103,-2086
114900048,6,20,-14
114900049,14,29,-15
114900050,14,44,-30
114900051,8,68,-60
114900052,6,90,-84
114900053,37,75,-38
114900054,4,6,-2
114900057,60,12,48
114900058,0,12,-12
114900059,89,20,69
114900063,38,4,34
114900064,1307,48,1259
114900065,188,359,-171
114900067,0,47,-47
114900068,15,10,5
114900069,105,22,83
114900070,417,41,376
114900072,1,30,-29
114900073,0,19,-19
114900074,748,29,719
114900075,185,0,185
114900076,5,38,-33
114900080,185,54,131
114900082,916,992,-76
114900083,59,169,-110
114900090,422,58,364
114900091,28,43,-15
114900097,149,0,149
114900098,1,29,-28
114900099,162,25,137
115000001,1509,973,536
115000002,2099,3651,-1552
115000003,1577,748,829
115000004,2682,3431,-749
115000005,740,941,-201
115000006,821,573,248
115000007,114,123,-9
115000008,162,222,-60
115000009,154,91,63
115000010,126,116,10
115000013,18,69,-51
115000015,24,109,-85
115000016,20,134,-114
115000019,13,308,-295
115000020,35,458,-423
115000021,93,206,-113
115000022,127,70,57
115000023,174,269,-95
115000024,171,74,97
115000025,511,229,282
115000026,121,48,73
115000027,291,106,185
115000028,64,84,-20
115000029,574,23,551
115000030,241,156,85
115000031,334,46,288
115000032,2,43,-41
115000033,64,6,58
115000034,46,209,-163
115000035,320,53,267
115000036,0,37,-37
115000037,345,42,303
115000038,61,77,-16
115000039,1180,1876,-696
115000040,1169,1206,-37
115000041,646,2500,-1854
115000042,246,193,53
115000043,1680,1059,621
115000044,1253,1010,243
115000045,1184,458,726
115000046,2365,996,1369
115000047,1705,676,1029
115000048,1213,676,537
115000049,836,1020,-184
115000050,1809,667,1142
115000051,836,2589,-1753
115000052,573,839,-266
115000053,1264,1790,-526
115000054,428,396,32
115000055,70,403,-333
115000056,140,96,44
115000057,298,654,-356
115000058,49,253,-204
115000059,64,305,-241
115000061,102,146,-44
115000062,189,324,-135
115000063,235,121,114
115000064,135,83,52
115000065,51,325,-274
115000067,178,15,163
115000069,48,133,-85
115000070,34,529,-495
115000071,71,21,50
115000072,7,49,-42
115000073,693,32,661
115000075,43,48,-5
115000076,960,544,416
115000077,1010,468,542
115000078,830,254,576
115000079,715,434,281
115000080,1973,552,1421
115000081,91,177,-86
115000082,2622,2091,531
115000083,1259,491,768
115000084,2345,297,2048
115000085,645,222,423
115000086,592,199,393
115000087,286,614,-328
115000088,1062,315,747
115000089,836,526,310
115000090,235,367,-132
115000091,201,233,-32
115000092,792,397,395
115000093,601,1,600
115000094,2204,4834,-2630
115000095,1571,3825,-2254
115000096,602,272,330
115000097,1297,904,393
115000098,1069,159,910
115000099,1288,483,805
115000100,1322,231,1091
115000101,224,321,-97
115000102,433,95,338
115000103,142,206,-64
115000105,71,53,18
115000106,507,222,285
115000107,75,108,-33
115000108,848,610,238
115000109,1253,3267,-2014
115000110,517,1164,-647
115000111,109,314,-205
115000112,306,221,85
115000113,145,186,-41
115000114,235,65,170
115000116,519,553,-34
115000117,522,642,-120
115000118,612,766,-154
115000119,436,713,-277
115000120,240,672,-432
115000121,226,250,-24
115000122,261,489,-228
115000123,212,642,-430
115000124,297,409,-112
115000125,199,403,-204
115000126,61,268,-207
115000127,176,63,113
115000128,120,424,-304
115000129,110,268,-158
115000130,150,154,-4
115000131,390,70,320
115000132,242,107,135
115000133,403,40,363
115000134,186,104,82
115000135,82,87,-5
115000136,95,97,-2
115000137,35,53,-18
115000138,160,84,76
115000139,67,23,44
115000140,293,53,240
115000141,149,38,111
115000142,97,14,83
115000143,539,139,400
115000144,254,52,202
115000145,136,70,66
115000146,281,99,182
115000147,202,137,65
115000148,120,313,-193
115000149,362,115,247
115000150,207,95,112
115000151,723,130,593
115000152,346,141,205
115000153,680,161,519
115000154,530,129,401
115000155,327,208,119
115000156,287,339,-52
115000157,95,158,-63
115000158,29,113,-84
115000159,178,138,40
115000160,106,104,2
115000161,94,242,-148
115000162,213,482,-269
115000163,123,140,-17
115000164,181,230,-49
115000165,101,282,-181
115000167,28,26,2
115000168,292,167,125
115000169,100,528,-428
115000170,40,102,-62
115000171,107,204,-97
115000172,271,346,-75
115000173,135,446,-311
115000174,32,211,-179
115000175,102,78,24
115000176,13,101,-88
115000177,4,148,-144
115000178,1,113,-112
115000179,3,80,-77
115000180,71,133,-62
115000181,412,58,354
115000182,656,100,556
115000183,312,193,119
115000186,327,20,307
115000187,155,82,73
115000188,174,120,54
115000189,177,219,-42
115000190,278,195,83
115000191,126,284,-158
115000194,40,38,2
115000195,20,28,-8
115000196,147,11,136
115000197,89,107,-18
115000198,367,23,344
115000199,225,95,130
115000200,231,44,187
115000201,152,94,58
115000206,387,4,383
115000207,100,56,44
115000208,54,280,-226
115000209,369,187,182
115000210,103,82,21
115000211,65,101,-36
115000212,351,129,222
115000224,123,6,117
115000225,61,14,47
115000229,77,27,50
115000230,16,90,-74
115000231,278,409,-131
115000232,1729,123,1606
115000233,57,41,16
115000234,24,93,-69
115000241,65,19,46
115000242,83,10,73
115000243,54,37,17
115000244,2,28,-26
115000246,20,30,-10
115000247,4,1,3
115000248,11,0,11
115000249,2,0,2
115000250,154,39,115
115000251,268,93,175
115000252,146,105,41
115000253,13,142,-129
115000258,209,142,67
115000259,29,4,25
115000261,5,0,5
115000262,2,11,-9
115000263,6,14,-8
115000264,22,6,16
115000267,3,12,-9
115000268,13,32,-19
115000269,38,21,17
115000270,5,2,3
115000272,29,35,-6
115000273,223,7,216
115000280,230,340,-110
115000281,27,931,-904
115000282,199,628,-429
115000284,67,118,-51
115000296,129,1,128
115000297,14,274,-260
115000298,3,458,-455
115000300,73,83,-10
115000302,336,10,326
115000303,670,15,655
115000304,566,38,528
115000305,62,79,-17
115000306,266,43,223
115000307,169,48,121
115000308,4,7,-3
115000310,1168,196,972
115000311,974,341,633
115000313,49,61,-12
115000314,303,103,200
115000315,153,367,-214
115000316,26,72,-46
115000317,63,121,-58
115000318,636,160,476
115000319,88,74,14
115000320,5,218,-213
115000321,192,23,169
115000322,25,79,-54
115000449,40,87,-47
115000557,1,1438,-1437
115000558,72,26,46
115000587,554,130,424
115000588,874,1055,-181
115000589,2345,1155,1190
115000590,278,515,-237
115000591,731,347,384
115000592,348,526,-178
115000593,1091,233,858
115000594,203,824,-621
115000609,173,165,8
115000617,161,1576,-1415
115000624,281,7,274
115000633,155,580,-425
115000634,1479,308,1171
115000635,405,35,370
115000638,77,186,-109
115000641,3,103,-100
115000642,159,144,15
115000643,60,167,-107
115000644,149,93,56
115000646,214,268,-54
115000647,77,188,-111
115000648,1738,168,1570
115000893,732,346,386
115000894,69,281,-212
115000895,104,275,-171
115000896,480,129,351
115000897,161,85,76
115000898,99,108,-9
115000899,156,520,-364
115000900,23,134,-111
115000901,40,155,-115
115000912,166,55,111
115000913,2,3,-1
115000915,11,10,1
115000916,12,12,0
115000917,0,9,-9
115000918,17,594,-577
115000919,0,77,-77
115000920,6,19,-13
115000921,48,33,15
115000922,183,329,-146
115000923,23,444,-421
115000925,52,53,-1
115000927,65,71,-6
115000933,16,246,-230
115000934,28,59,-31
115000935,46,25,21
115000936,36,549,-513
115000937,187,107,80
115000938,5,40,-35
115000939,8,51,-43
115000940,9,14,-5
115000941,0,31,-31
115000942,0,53,-53
115000943,0,38,-38
115000944,1,1,0
115900001,235,3,232
115900002,17,39,-22
115900003,116,8,108
115900004,0,9,-9
115900005,250,3,247
115900006,58,16,42
115900008,135,3,132
115900009,12,24,-12
115900010,354,7,347
115900011,120,36,84
115900012,192,20,172
115900013,270,9,261
115900014,66,29,37
115900015,148,15,133
115900016,51,6,45
115900017,30,17,13
115900018,41,19,22
115900019,6,2,4
115900020,118,0,118
115900021,212,162,50
115900022,147,2,145
115900023,3,18,-15
115900025,8,20,-12
115900026,341,16,325
115900027,0,67,-67
115900028,58,18,40
115900029,0,47,-47
115900030,32,23,9
115900031,11,74,-63
115900032,52,116,-64
115900033,0,8,-8
115900034,9,51,-42
115900035,9,26,-17
115900036,4,765,-761
115900037,1,53,-52
115900038,26,2,24
115900039,56,36,20
115900041,51,370,-319
115900042,21,1,20
115900043,32,4,28
115900044,32,271,-239
115900046,368,20,348
115900047,71,114,-43
115900049,140,63,77
115900051,0,29,-29
115900052,2,80,-78
115900053,180,19,161
115900054,347,8,339
115900055,5,32,-27
115900056,48,13,35
115900057,14,23,-9
115900058,4,6,-2
115900060,13,14,-1
115900061,162,0,162
115900062,15,19,-4
115900063,10,0,10
115900064,64,65,-1
115900065,109,13,96
115900066,34,17,17
115900067,28,42,-14
115900068,679,1097,-418
115900069,35,43,-8
115900070,109,7,102
115900071,0,44,-44
115900072,2,36,-34
115900073,166,76,90
115900074,1,57,-56
115900075,9,31,-22
115900076,2,8,-6
115900077,0,29,-29
115900078,16,28,-12
115900079,215,2,213
115900080,77,5,72
115900081,34,13,21
115900082,54,18,36
115900084,448,3,445
115900085,3,7,-4
115900086,281,110,171
115900088,0,53,-53
115900089,304,71,233
115900090,507,0,507
115900091,0,8,-8
115900092,37,32,5
115900093,0,1,-1
115900094,2,60,-58
115900096,2,1,1
115900097,2,131,-129
115900098,207,98,109
115900099,21,25,-4
115900100,2,111,-109
115900101,84,29,55
115900102,60,14,46
115900103,118,17,101
115900104,146,31,115
115900105,178,79,99
115900106,106,4,102
115900107,82,5,77
115900108,94,0,94
115900109,2,141,-139
115900110,5,1,4
115900111,1,20,-19
115900112,4,120,-116
115900113,37,11,26
115900114,0,4,-4
115900115,65,45,20
115900116,21,97,-76
115900117,45,0,45
115900118,20,62,-42
115900119,84,12,72
115900120,9,37,-28
115900121,172,14,158
115900124,74,494,-420
115900125,275,19,256
115900126,622,5,617
115900127,479,3,476
115900128,0,58,-58
115900129,184,6,178
115900130,0,203,-203
115900131,302,8,294
115900132,355,2,353
115900134,243,1,242
115900135,190,216,-26
115900137,27,2,25
115900139,10,27,-17
115900140,459,1,458
115900141,0,18,-18
115900142,5,18,-13
115900143,176,63,113
115900144,119,44,75
115900146,3,41,-38
115900147,38,199,-161
115900148,5,5,0
115900149,92,1,91
115900150,111,10,101
115900151,23,26,-3
115900152,22,36,-14
115900153,109,26,83
115900154,39,102,-63
115900155,0,7,-7
115900156,209,216,-7
115900157,167,142,25
115900158,10,0,10
115900159,181,51,130
115900160,0,4,-4
115900161,9,15,-6
115900163,171,14,157
115900164,515,7,508
115900166,68,15,53
115900168,278,42,236
115900171,45,45,0
115900172,3,14,-11
115900173,49,22,27
115900174,45,24,21
115900175,86,17,69
115900178,49,121,-72
115900179,314,1,313
115900180,58,45,13
115900181,171,57,114
115900182,364,11,353
115900183,0,52,-52
115900184,73,0,73
115900187,6,187,-181
115900189,1,51,-50
115900190,43,221,-178
115900191,4,25,-21
115900192,4,48,-44
115900193,26,20,6
115900194,550,5,545
115900195,75,1442,-1367
115900198,79,82,-3
115900199,145,6,139
115900200,117,15,102
115900201,76,175,-99
115900202,0,129,-129
115900203,0,3,-3
115900204,1,49,-48
115900205,10,1,9
115900206,342,6,336
115900207,15,5,10
115900208,95,11,84
115900209,9,28,-19
115900210,0,85,-85
115900211,0,10,-10
115900212,141,18,123
115900213,66,160,-94
115900214,312,14,298
115900215,11,109,-98
115900216,0,20,-20
115900217,17,4,13
115900218,0,3,-3
115900219,178,0,178
115900220,299,6,293
115900221,194,4,190
115900222,87,14,73
115900223,0,207,-207
115900224,174,1289,-1115
115900225,37,38,-1
115900226,4,25,-21
115900227,1,9,-8
115900228,1,1,0
115900229,0,1,-1
115900230,18,11,7
115900231,66,0,66
115900232,28,0,28
115900233,76,1,75
115900234,31,24,7
115900235,1,20,-19
115900236,5,9,-4
115900237,8,18,-10
115900238,12,10,2
115900239,1,8,-7
115900240,0,11,-11
115900241,218,10,208
115900242,279,258,21
115900243,5,5,0
115900244,3,1,2
115900245,60,8,52
115900246,6,0,6
115900247,2,0,2
115900248,0,0,0
115900249,1,8,-7
115900250,2,0,2
115900251,4,0,4
115900252,27,0,27
115900253,13,1,12
115900254,1,31,-30
115900255,0,9,-9
115900256,2,130,-128
115900257,0,0,0
115900258,0,0,0
115900259,16,0,16
115900260,2,0,2
115900261,0,0,0
115900262,6,0,6
115900263,1,0,1
115900264,1,0,1
115900265,0,0,0
115900266,28,7,21
115900267,0,2,-2
115900268,0,3,-3
115900269,723,21,702
115900270,218,29,189
115900271,196,1,195
115900272,21,0,21
115900273,5,19,-14
115900274,0,1,-1
115900275,0,0,0
115900276,0,1,-1
115900277,0,22,-22
115900278,76,14,62
115900279,10,93,-83
115900280,3,354,-351
115900281,92,216,-124
115900282,1,53,-52
115900283,57,3,54
115900284,3,0,3
116000001,2184,776,1408
116000002,2140,9376,-7236
116000003,380,453,-73
116000004,2274,3497,-1223
116000005,503,1292,-789
116000006,1190,1892,-702
116000007,684,1011,-327
116000008,2271,1135,1136
116000009,501,1053,-552
116000010,1952,769,1183
116000011,288,439,-151
116000012,1330,535,795
116000013,2226,1264,962
116000014,5083,12331,-7248
116000015,24,382,-358
116000016,1427,3102,-1675
116000017,23,214,-191
116000018,78,68,10
116000019,597,141,456
116000020,255,231,24
116000021,492,147,345
116000022,202,127,75
116000023,689,422,267
116000024,436,175,261
116000025,495,291,204
116000026,456,836,-380
116000027,208,257,-49
116000028,331,583,-252
116000029,142,139,3
116000030,348,268,80
116000031,12,20,-8
116000032,132,26,106
116000033,584,96,488
116000034,621,370,251
116000035,150,62,88
116000036,55,324,-269
116000037,100,183,-83
116000038,30,181,-151
116000039,115,198,-83
116000040,228,342,-114
116000041,20,153,-133
116000042,450,226,224
116000043,28,167,-139
116000044,0,26,-26
116000045,654,556,98
116000046,391,483,-92
116000047,875,1007,-132
116000048,1569,511,1058
116000049,1012,908,104
116000050,670,489,181
116000051,1616,905,711
116000052,1344,1064,280
116000053,1589,254,1335
116000054,495,781,-286
116000055,525,337,188
116000056,1266,546,720
116000057,1027,191,836
116000058,1036,1329,-293
116000059,908,2976,-2068
116000060,974,558,416
116000061,93,1056,-963
116000062,273,277,-4
116000063,254,1010,-756
116000066,124,393,-269
116000067,112,211,-99
116000068,88,236,-148
116000069,123,114,9
116000078,263,520,-257
116000080,836,237,599
116000082,5,9,-4
116000083,1148,186,962
116000084,441,794,-353
116000085,1074,1007,67
116000086,280,338,-58
116000087,2219,1081,1138
116000088,485,349,136
116000089,133,45,88
116000090,148,86,62
116000091,140,455,-315
116000093,400,85,315
116000094,469,190,279
116000095,527,122,405
116000096,821,1253,-432
116000097,486,246,240
116000098,98,5132,-5034
116000099,2376,375,2001
116000100,148,4,144
116000101,990,80,910
116000102,216,215,1
116000103,245,161,84
116000104,173,291,-118
116000105,891,63,828
116000106,399,470,-71
116000107,1492,217,1275
116000108,6,364,-358
116000111,129,6,123
116000113,64,10,54
116000114,11,30,-19
116000115,194,12,182
116000116,153,55,98
116000117,945,549,396
116000118,844,297,547
116000119,2577,768,1809
116000120,1421,851,570
116000121,898,170,728
116000122,488,288,200
116000123,1467,93,1374
116000124,338,174,164
116000125,2186,117,2069
116000126,97,223,-126
116000127,368,235,133
116000128,1709,239,1470
116000129,809,79,730
116000130,531,319,212
116000133,1115,116,999
116000134,817,363,454
116000135,2067,450,1617
116000136,366,650,-284
116000137,777,232,545
116000138,364,137,227
116000139,1264,2444,-1180
116000140,234,274,-40
116000141,341,205,136
116000142,2631,1338,1293
116000143,1481,1364,117
116000144,1824,896,928
116000145,2196,587,1609
116000146,660,69,591
116000147,128,146,-18
116000148,502,356,146
116000149,284,202,82
116000151,496,219,277
116000153,65,279,-214
116000155,120,263,-143
116000156,340,192,148
116000157,45,2,43
116000158,254,45,209
116000159,2,2,0
116000160,47,15,32
116000161,1,42,-41
116000162,12,74,-62
116000163,29,5,24
116000164,3,8,-5
116000177,74,207,-133
116000194,17,104,-87
116000195,1003,193,810
116000196,18,0,18
116000197,9,9,0
116000198,804,497,307
116000200,200,396,-196
116000201,423,128,295
116000202,8,63,-55
116000203,0,6,-6
116000204,0,2,-2
116000205,0,30,-30
116000206,0,69,-69
116000207,11,33,-22
116000233,37,65,-28
116000287,187,49,138
116000288,248,133,115
116000292,64,22,42
116000296,3,54,-51
116000297,114,0,114
116000304,219,6,213
116000305,0,14,-14
116000346,165,29,136
116000352,72,25,47
116000354,24,2,22
116000357,1,4,-3
116000358,166,63,103
116000361,48,0,48
116000372,1620,3732,-2112
116000381,121,24,97
116000388,2,15,-13
116000389,428,49,379
116000445,647,76,571
116000446,577,56,521
116000447,1,255,-254
116000448,300,29,271
116000563,301,571,-270
116000565,111,83,28
116000568,26,128,-102
116000579,16,105,-89
116000583,71,30,41
116000584,12,3,9
116000585,39,30,9
116000586,17,31,-14
116000587,206,87,119
116000589,36,15,21
116000590,71,8,63
116000591,217,57,160
116000592,23,16,7
116000593,0,2,-2
116000594,778,94,684
116000595,448,27,421
116000596,125,1,124
116000597,451,120,331
116000598,28,112,-84
116000605,68,46,22
116000606,40,111,-71
116000607,0,4,-4
116000609,42,835,-793
116000611,154,82,72
116000612,1090,1744,-654
116000613,624,267,357
116000614,334,119,215
116000615,0,0,0
116000616,27,16,11
116000617,66,6,60
116000618,3,8,-5
116000619,6,66,-60
116000620,363,146,217
116000621,60,31,29
116000622,90,58,32
116000624,38,39,-1
116000627,352,114,238
116000628,60,131,-71
116000629,20,92,-72
116000630,437,5,432
116000631,185,13,172
116000632,1433,34,1399
116000633,303,114,189
116000634,479,5,474
116000635,1014,880,134
116000636,324,780,-456
116000637,742,3,739
116000638,158,177,-19
116000639,49,2,47
116000640,28,15,13
116000641,0,4,-4
116000643,0,16,-16
116000644,24,31,-7
116000645,24,69,-45
116900001,30,14,16
116900002,109,0,109
116900003,72,0,72
116900004,18,47,-29
116900005,181,1,180
116900006,97,111,-14
116900007,11,24,-13
116900008,473,36,437
116900009,8,6,2
116900010,575,142,433
116900011,3,5,-2
116900012,47,42,5
116900013,1,19,-18
116900014,176,16,160
116900015,471,20,451
116900016,247,9,238
116900017,31,162,-131
116900018,39,22,17
116900019,0,45,-45
116900020,239,1211,-972
116900023,34,7,27
116900024,567,9,558
116900025,1078,191,887
116900026,31,237,-206
116900027,62,13,49
116900028,0,6,-6
116900029,0,125,-125
116900031,0,4,-4
116900032,0,32,-32
116900033,33,0,33
116900034,14,1,13
116900035,80,36,44
116900036,0,52,-52
116900038,26,0,26
116900041,56,8,48
116900042,33,34,-1
116900043,28,31,-3
116900047,5,204,-199
116900049,6,45,-39
116900050,20,56,-36
116900051,241,0,241
116900052,58,29,29
116900055,0,9,-9
116900057,8,31,-23
116900058,4,54,-50
116900059,0,15,-15
116900060,55,109,-54
116900062,6,41,-35
116900064,20,52,-32
116900065,5,20,-15
116900067,59,3,56
116900068,77,50,27
116900070,11,3,8
116900072,4,50,-46
116900073,1,7,-6
116900074,8,3,5
116900076,10,28,-18
116900077,1,33,-32
116900078,39,26,13
116900079,33,67,-34
116900080,1,6,-5
116900081,70,168,-98
116900082,22,422,-400
116900083,8,1,7
116900084,16,3,13
116900085,3,44,-41
116900086,9,390,-381
116900088,47,2,45
116900090,9,1,8
116900091,318,3,315
116900092,32,142,-110
116900093,620,563,57
116900094,1257,3173,-1916
116900095,180,14,166
116900096,163,159,4
116900097,608,2007,-1399
116900098,127,50,77
116900099,68,516,-448
116900100,924,38,886
116900101,85,104,-19
116900103,1,0,1
116900104,5,1284,-1279
116900105,247,132,115
116900106,1699,15,1684
116900107,587,2382,-1795
116900110,6,0,6
116900111,500,180,320
116900112,213,146,67
116900113,326,1397,-1071
116900116,25,139,-114
116900117,92,20,72
116900118,365,643,-278
116900120,338,29,309
116900121,161,3,158
116900122,1082,131,951
116900123,173,177,-4
116900124,33,79,-46
116900125,368,62,306
116900126,69,328,-259
116900128,0,1,-1
116900129,0,53,-53
116900130,154,2770,-2616
116900131,11,100,-89
116900132,75,30,45
116900133,118,32,86
116900134,150,94,56
116900136,87,18,69
116900137,78,55,23
116900138,81,14,67
116900139,27,43,-16
116900140,42,23,19
116900141,244,39,205
116900142,0,9,-9
116900143,198,30,168
116900144,27,1,26
116900145,21,26,-5
116900147,56,239,-183
116900148,1,2,-1
116900149,37,113,-76
116900150,7,1,6
116900151,24,6,18
116900153,121,32,89
116900154,72,246,-174
116900155,37,18,19
116900157,813,8,805
116900158,119,219,-100
116900159,19,158,-139
116900160,414,216,198
116900161,1098,5237,-4139
116900162,23,17,6
116900163,197,13,184
116900164,93,39,54
116900165,425,132,293
116900166,80,35,45
116900167,351,8,343
116900168,434,40,394
116900169,34,211,-177
116900170,358,147,211
116900171,26,60,-34
116900172,71,287,-216
116900173,440,2,438
116900174,33,74,-41
116900175,112,137,-25
116900178,38,24,14
116900179,16,257,-241
116900180,66,1,65
116900182,314,52,262
116900183,180,24,156
116900185,31,16,15
116900186,144,69,75
116900187,29,31,-2
116900188,27,3,24
116900189,35,0,35
116900191,66,59,7
116900192,224,57,167
116900194,52,515,-463
116900195,64,1,63
116900196,4,38,-34
116900197,79,2,77
116900198,27,312,-285
116900200,92,1,91
116900201,268,0,268
116900202,14,19,-5
116900203,122,2,120
116900204,60,131,-71
116900206,21,5,16
116900207,10,6,4
116900208,0,21,-21
116900209,41,30,11
116900210,90,38,52
116900211,159,0,159
116900212,41,0,41
116900213,54,13,41
116900214,213,35,178
116900215,25,3,22
116900216,35,31,4
116900218,0,69,-69
116900219,214,86,128
116900220,39,75,-36
116900221,100,148,-48
116900222,183,85,98
116900223,12,15,-3
116900226,75,3,72
116900227,226,10,216
116900228,282,23,259
116900230,34,41,-7
116900231,72,77,-5
116900232,8,116,-108
116900233,241,17,224
116900234,9,0,9
116900235,310,93,217
116900238,224,64,160
116900239,18,1040,-1022
116900240,2908,2505,403
116900241,64,15,49
116900242,560,602,-42
116900243,0,7,-7
116900245,22,14,8
116900246,125,17,108
116900247,722,15,707
116900248,45,5,40
116900249,318,38,280
116900250,217,10,207
116900251,118,729,-611
116900252,102,110,-8
116900254,18,68,-50
116900255,92,83,9
116900256,332,98,234
116900257,14,63,-49
116900258,0,56,-56
116900259,159,27,132
116900260,1,4,-3
116900261,40,2,38
116900262,135,84,51
116900263,0,0,0
116900264,48,48,0
116900265,101,0,101
116900266,11,0,11
116900267,0,0,0
116900268,5,110,-105
116900269,188,305,-117
116900271,126,329,-203
116900272,125,135,-10
116900273,1,47,-46
116900274,66,13,53
116900275,137,32,105
116900276,104,204,-100
116900277,63,10,53
116900278,0,0,0
116900279,0,8,-8
116900280,9,4,5
116900281,1210,3563,-2353
116900282,0,7,-7
116900283,1,19,-18
116900284,5,49,-44
116900285,23,205,-182
116900286,17,0,17
116900287,12,8,4
116900288,155,17,138
116900289,30,15,15
116900290,12,9,3
116900291,23,24,-1
116900292,0,19,-19
116900293,36,8,28
116900294,2,19,-17
116900295,75,195,-120
116900296,25,49,-24
116900297,2,26,-24
116900298,14,106,-92
116900299,5,568,-563
116900300,0,28,-28
116900301,44,36,8
116900302,0,56,-56
116900303,46,55,-9
116900304,0,54,-54
116900305,1,14,-13
116900306,213,134,79
116900307,167,0,167
116900308,0,18,-18
116900309,224,9,215
116900310,45,33,12
117000001,1723,1520,203
117000002,1252,1423,-171
117000003,3499,1348,2151
117000004,1403,1720,-317
117000005,2545,614,1931
117000006,523,1045,-522
117000007,4051,712,3339
117000008,663,1056,-393
117000009,2467,842,1625
117000010,547,853,-306
117000011,2199,454,1745
117000012,1029,477,552
117000013,1722,466,1256
117000014,917,1496,-579
117000015,1564,925,639
117000016,117,192,-75
117000017,52,108,-56
117000018,32,689,-657
117000019,38,81,-43
117000020,255,1455,-1200
117000021,617,613,4
117000022,113,229,-116
117000023,37,347,-310
117000024,49,199,-150
117000025,116,1430,-1314
117000026,681,1493,-812
117000027,400,1055,-655
117000028,231,340,-109
117000030,132,199,-67
117000031,259,134,125
117000032,882,1006,-124
117000033,894,341,553
117000034,112,187,-75
117000035,178,148,30
117000036,222,280,-58
117000037,194,55,139
117000038,126,300,-174
117000039,78,144,-66
117000040,24,282,-258
117000041,1070,26,1044
117000044,1,206,-205
117000045,487,100,387
117000046,166,425,-259
117000047,613,400,213
117000048,665,507,158
117000049,24,110,-86
117000050,140,563,-423
117000051,1907,33,1874
117000052,43,100,-57
117000053,852,4,848
117000054,1070,1,1069
117000055,11,476,-465
117000056,459,28,431
117000057,257,647,-390
117000060,316,535,-219
117000061,1934,712,1222
117000062,173,370,-197
117000063,972,447,525
117000064,376,220,156
117000066,166,247,-81
117000067,62,286,-224
117000074,7,32,-25
117000076,4,11,-7
117000077,46,39,7
117000078,144,178,-34
117000079,97,102,-5
117000080,1,268,-267
117000081,256,45,211
117000082,43,47,-4
117000083,161,261,-100
117000084,94,0,94
117000085,264,225,39
117000086,277,142,135
117000087,60,233,-173
117000088,347,35,312
117000089,1892,114,1778
117000090,283,372,-89
117000091,1081,52,1029
117000092,282,354,-72
117000093,1797,111,1686
117000094,383,515,-132
117000095,2298,117,2181
117000096,377,726,-349
117000097,1527,319,1208
117000098,799,1084,-285
117000099,3650,433,3217
117000100,170,113,57
117000101,74,201,-127
117000102,1500,176,1324
117000103,185,529,-344
117000104,1529,164,1365
117000105,200,551,-351
117000106,1614,114,1500
117000107,277,502,-225
117000108,2020,583,1437
117000109,521,744,-223
117000110,1277,1206,71
117000111,2552,2385,167
117000112,2361,677,1684
117000113,10,27,-17
117000114,292,39,253
117000115,36,15,21
117000116,153,61,92
117000117,880,590,290
117000118,230,346,-116
117000119,64,319,-255
117000120,6,340,-334
117000121,9,282,-273
117000122,292,567,-275
117000123,360,45,315
117000124,13,56,-43
117000125,14,486,-472
117000126,15,24,-9
117000127,40,214,-174
117000128,21,158,-137
117000129,194,624,-430
117000130,156,0,156
117000131,0,31,-31
117000132,2412,53,2359
117000133,2625,63,2562
117000134,0,0,0
117000135,1,26,-25
117000136,0,2,-2
117000137,263,36,227
117000138,0,0,0
117000140,154,293,-139
117000141,1728,148,1580
117000181,152,60,92
117000182,544,727,-183
117000195,20,188,-168
117000196,372,125,247
117000225,8,52,-44
117000226,1,57,-56
117000276,334,5,329
117000277,0,112,-112
117000310,617,1894,-1277
117000315,82,255,-173
117000320,64,0,64
117000906,658,4,654
117000907,0,93,-93
117000909,75,46,29
117000910,207,61,146
117000911,46,27,19
117000915,2,101,-99
117000916,47,2,45
117000917,970,12,958
117000918,112,31,81
117000919,0,14,-14
117000920,0,372,-372
117000921,0,223,-223
117000922,11,13,-2
117000924,806,550,256
117000926,237,69,168
117000927,81,249,-168
117000928,0,38,-38
117000929,311,65,246
117000930,297,3,294
117000931,79,70,9
117900002,21,461,-440
117900003,31,27,4
117900005,0,52,-52
117900006,0,28,-28
117900007,57,18,39
117900008,0,5,-5
117900010,284,122,162
117900011,2,136,-134
117900012,6,14,-8
117900013,0,50,-50
117900014,438,236,202
117900015,0,97,-97
117900016,189,515,-326
117900017,636,389,247
117900018,74,190,-116
117900019,419,83,336
117900020,48,51,-3
117900021,25,72,-47
117900023,620,15,605
117900024,52,59,-7
117900025,13,2,11
117900026,331,78,253
117900028,20,3,17
117900029,188,115,73
117900031,99,57,42
117900032,744,238,506
117900033,292,126,166
117900034,67,11,56
117900035,214,56,158
117900036,193,121,72
117900037,185,22,163
117900038,25,17,8
117900039,0,9,-9
117900040,69,38,31
117900041,0,9,-9
117900042,968,141,827
117900043,0,5,-5
117900044,16,2592,-2576
117900045,106,30,76
117900048,225,75,150
117900049,247,482,-235
117900050,3,73,-70
117900051,12,0,12
117900052,43,555,-512
117900053,1472,80,1392
117900054,2,2,0
117900055,150,70,80
117900056,15,14,1
117900057,502,315,187
117900058,4,70,-66
117900059,44,52,-8
117900060,1564,755,809
117900061,0,168,-168
117900063,441,83,358
117900065,98,289,-191
117900066,1,93,-92
117900067,611,60,551
117900069,769,68,701
117900070,55,145,-90
117900071,121,26,95
117900073,516,32,484
117900074,10,55,-45
117900075,115,57,58
117900076,21,102,-81
117900077,361,30,331
117900078,372,173,199
117900080,84,59,25
117900081,120,114,6
117900082,475,124,351
117900083,535,208,327
117900086,147,36,111
117900087,153,6,147
117900088,269,271,-2
117900089,1719,319,1400
117900090,374,213,161
117900091,202,21,181
117900092,120,24,96
117900093,119,3,116
117900094,21,45,-24
117900095,317,417,-100
117900096,132,164,-32
117900097,112,12,100
117900098,64,1,63
117900099,167,1661,-1494
117900100,383,1,382
117900101,518,1806,-1288
117900102,84,5,79
117900103,73,0,73
117900104,6,887,-881
117900105,49,37,12
117900106,73,13,60
117900107,34,0,34
117900109,747,444,303
117900110,112,0,112
117900111,759,50,709
117900112,29,0,29
117900113,498,1629,-1131
117900114,26,0,26
117900115,33,121,-88
117900116,381,202,179
117900117,585,127,458
117900118,75,0,75
117900119,204,14,190
117900120,291,16,275
117900121,67,26,41
117900122,153,3612,-3459
117900123,474,153,321
117900124,47,172,-125
117900125,865,349,516
117900126,52,205,-153
117900127,336,104,232
117900128,266,102,164
117900129,44,0,44
117900130,413,100,313
117900131,0,24,-24
117900132,0,9,-9
117900133,1,17,-16
117900134,23,33,-10
117900135,7,53,-46
117900136,0,4,-4
117900137,1,30,-29
117900138,0,7,-7
117900139,18,37,-19
117900140,4384,278,4106
117900141,30,101,-71
117900142,42,259,-217
117900144,4,83,-79
117900145,0,59,-59
117900146,60,189,-129
117900147,38,26,12
117900148,1151,1715,-564
117900149,32,23,9
117900150,56,30,26
117900151,29,84,-55
117900152,28,53,-25
117900153,11,88,-77
117900154,320,188,132
117900156,266,149,117
117900157,126,118,8
117900158,379,19,360
117900160,556,376,180
117900161,322,254,68
117900162,499,244,255
117900163,25,374,-349
117900165,2,5,-3
117900166,2,95,-93
117900168,82,53,29
117900169,0,9,-9
117900170,5,23,-18
117900171,0,2,-2
117900172,40,4,36
117900173,4,10,-6
117900174,1,6,-5
117900175,0,2,-2
117900176,11,37,-26
117900177,1,1,0
117900178,10,7,3
117900180,84,26,58
117900181,14,362,-348
117900182,0,59,-59
117900183,85,78,7
117900184,22,22,0
117900185,93,6,87
117900186,49,0,49
117900187,11,1,10
117900188,79,6,73
117900189,36,20,16
117900190,12,3,9
117900191,66,0,66
117900192,129,0,129
117900193,181,214,-33
117900194,0,1,-1
117900195,5,13,-8
117900196,6,4,2
117900207,10,44,-34
117900208,7,7,0
117900209,96,8,88
117900210,14,5,9
117900211,0,8,-8
117900212,64,40,24
117900213,20,0,20
117900214,1,14,-13
117900215,7,25,-18
117900216,12,11,1
117900217,25,24,1
117900218,43,58,-15
117900219,0,117,-117
117900220,4,44,-40
117900222,106,39,67
117900223,61,201,-140
118000001,219,698,-479
118000002,199,582,-383
118000003,1002,1896,-894
118000004,818,934,-116
118000005,1401,1332,69
118000006,689,1632,-943
118000007,2098,4206,-2108
118000008,627,2563,-1936
118000009,906,1821,-915
118000010,1283,1779,-496
118000011,1075,437,638
118000012,397,396,1
118000013,729,754,-25
118000014,762,582,180
118000016,158,141,17
118000017,350,224,126
118000018,138,120,18
118000019,529,1079,-550
118000020,202,932,-730
118000021,161,1302,-1141
118000022,490,245,245
118000023,213,148,65
118000024,311,342,-31
118000027,3350,3138,212
118000029,329,563,-234
118000032,93,818,-725
118000033,1001,1712,-711
118000034,997,1100,-103
118000035,868,983,-115
118000036,468,453,15
118000037,368,436,-68
118000038,207,26,181
118000039,88,58,30
118000040,943,557,386
118000041,1236,649,587
118000045,48,91,-43
118000046,195,414,-219
118000047,160,738,-578
118000048,452,1111,-659
118000051,662,1340,-678
118000052,265,696,-431
118000053,43,431,-388
118000054,1054,549,505
118000055,635,633,2
118000056,59,167,-108
118000057,32,239,-207
118000058,585,1715,-1130
118000059,363,1331,-968
118000060,527,251,276
118000061,567,583,-16
118000062,281,75,206
118000063,119,630,-511
118000064,228,691,-463
118000065,838,531,307
118000066,517,1351,-834
118000067,206,314,-108
118000068,213,3968,-3755
118000069,360,519,-159
118000070,1568,997,571
118000071,1082,4873,-3791
118000072,264,1803,-1539
118000073,211,1089,-878
118000074,236,526,-290
118000075,293,574,-281
118000076,831,2958,-2127
118000077,562,575,-13
118000078,996,1044,-48
118000079,55,176,-121
118000080,208,289,-81
118000081,652,645,7
118000082,111,593,-482
118000083,555,697,-142
118000084,428,843,-415
118000086,151,241,-90
118000087,1736,1183,553
118000088,509,471,38
118000089,1522,1568,-46
118000090,596,1461,-865
118000091,424,2033,-1609
118000092,272,203,69
118000093,53,378,-325
118000096,326,260,66
118000097,282,227,55
118000098,123,68,55
118000099,379,116,263
118000101,707,121,586
118000102,325,226,99
118000107,381,109,272
118000108,148,2117,-1969
118000110,0,2,-2
118000111,0,22,-22
118000112,1039,1,1038
118000113,0,87,-87
118000114,601,1,600
118000115,0,2,-2
118000116,22,15,7
118000117,271,337,-66
118000118,556,586,-30
118000119,633,692,-59
118000120,466,312,154
118000121,2,179,-177
118000122,141,51,90
118000123,83,85,-2
118000125,466,549,-83
118000126,269,1187,-918
118000127,404,461,-57
118000128,181,1025,-844
118000129,400,261,139
118000130,752,1709,-957
118000131,195,399,-204
118000132,1715,1500,215
118000133,909,355,554
118000135,234,345,-111
118000136,87,181,-94
118000137,223,49,174
118000138,217,136,81
118000139,245,58,187
118000140,1404,4855,-3451
118000141,2018,1018,1000
118000142,1366,615,751
118000143,2061,1015,1046
118000144,344,171,173
118000145,525,463,62
118000146,676,136,540
118000147,514,345,169
118000148,525,878,-353
118000149,425,223,202
118000150,597,61,536
118000151,605,96,509
118000153,1186,407,779
118000154,1238,541,697
118000155,1578,581,997
118000156,1081,1320,-239
118000157,361,66,295
118000158,74,369,-295
118000159,43,32,11
118000160,450,123,327
118000161,267,124,143
118000162,901,437,464
118000163,570,678,-108
118000164,1153,819,334
118000168,180,350,-170
118000169,329,369,-40
118000170,1049,1002,47
118000171,191,150,41
118000172,48,95,-47
118000173,568,769,-201
118000175,75,90,-15
118000176,223,153,70
118000177,257,259,-2
118000178,4,14,-10
118000179,327,295,32
118000180,389,209,180
118000181,263,75,188
118000182,126,71,55
118000183,135,98,37
118000184,759,245,514
118000185,201,714,-513
118000186,165,586,-421
118000187,1266,152,1114
118000188,659,8,651
118000189,529,31,498
118000190,10,3,7
118000191,4,2,2
118000192,6,47,-41
118000193,2,132,-130
118000194,669,487,182
118000195,53,709,-656
118000196,10,100,-90
118000197,43,247,-204
118000198,165,1134,-969
118000199,165,592,-427
118000200,7,135,-128
118000201,43,288,-245
118000202,6,86,-80
118000203,52,565,-513
118000204,20,283,-263
118000205,28,63,-35
118000206,115,72,43
118000207,0,31,-31
118000208,869,741,128
118000209,1303,300,1003
118000210,154,7,147
118000211,76,30,46
118000213,165,1167,-1002
118000214,66,214,-148
118000215,343,39,304
118000216,2331,640,1691
118000217,2,22,-20
118000218,31,9,22
118000219,78,65,13
118000220,4,23,-19
118000221,287,316,-29
118000222,45,1,44
118000223,88,29,59
118000224,34,18,16
118000225,53,196,-143
118000226,689,38,651
118000227,162,172,-10
118000228,0,79,-79
118000229,12,92,-80
118000230,29,109,-80
118000231,14,139,-125
118000232,419,103,316
118000233,929,245,684
118000234,315,67,248
118000236,204,94,110
118000237,88,59,29
118000238,125,21,104
118000239,194,177,17
118000240,30,40,-10
118000241,130,29,101
118000242,258,33,225
118000243,65,98,-33
118000244,27,9,18
118000246,0,9,-9
118000255,31,129,-98
118000256,75,82,-7
118000259,2,44,-42
118000260,150,3,147
118000261,41,4,37
118000263,44,87,-43
118000266,82,65,17
118000267,0,15,-15
118000268,54,1,53
118000270,62,13,49
118000271,214,69,145
118000272,13,5,8
118000273,144,12,132
118000274,29,32,-3
118000276,328,58,270
118000295,15,39,-24
118000298,26,25,1
118000299,7,42,-35
118000301,0,34,-34
118000302,24,5,19
118000311,687,9,678
118000312,206,26,180
118000313,16,28,-12
118000314,136,14,122
118000315,17,1,16
118000316,736,98,638
118000325,66,3,63
118000326,27,4,23
118000331,34,7,27
118000332,7,1,6
118000333,71,2,69
118000335,342,0,342
118000336,0,36,-36
118000407,157,30,127
118000457,4,14,-10
118000465,334,980,-646
118000480,14,24,-10
118000489,8,253,-245
118000490,8,105,-97
118000492,512,50,462
118000510,2,0,2
118000514,25,107,-82
118000515,250,584,-334
118000517,76,79,-3
118000524,150,235,-85
118000525,91,330,-239
118000530,22,62,-40
118000531,297,94,203
118000532,56,141,-85
118000533,61,50,11
118000534,431,138,293
118000535,273,18,255
118000536,21,147,-126
118000537,18,12,6
118000538,7,19,-12
118000539,0,12,-12
118000540,115,36,79
118000541,49,12,37
118000542,52,101,-49
118000543,54,51,3
118000546,51,10,41
118000553,0,0,0
118000560,253,809,-556
118000562,26,32,-6
118000563,741,460,281
118000576,76,36,40
118000577,50,70,-20
118000578,112,16,96
118000579,204,761,-557
118000583,0,0,0
118000595,131,45,86
118000596,0,43,-43
118000597,97,44,53
118000598,2,0,2
118000599,156,16,140
118000600,1,1,0
118000601,6,0,6
118000602,0,9,-9
118000603,0,0,0
118000605,59,31,28
118000606,3,9,-6
118900001,166,284,-118
118900002,239,367,-128
118900003,241,4,237
118900004,43,6,37
118900005,31,1,30
118900006,58,0,58
118900007,0,0,0
118900008,548,15,533
118900009,41,56,-15
118900010,55,2,53
118900011,68,2,66
118900012,103,71,32
118900013,153,167,-14
118900015,212,8,204
118900016,2,0,2
118900017,1,28,-27
118900018,394,30,364
118900019,1,2,-1
118900020,0,22,-22
118900021,92,186,-94
118900022,64,12,52
118900023,7,45,-38
118900024,27,23,4
118900025,14,35,-21
118900026,18,16,2
118900027,151,84,67
118900028,89,50,39
118900029,83,40,43
118900030,566,17,549
118900031,15,11,4
118900032,81,17,64
118900033,222,174,48
118900034,97,25,72
118900035,68,16,52
118900036,904,129,775
118900037,46,207,-161
118900038,367,32,335
118900039,350,31,319
118900040,138,44,94
118900041,193,46,147
118900042,119,22,97
118900045,100,86,14
118900046,194,261,-67
118900047,118,230,-112
118900048,8,134,-126
118900049,1,16,-15
118900050,49,3,46
118900051,55,39,16
118900052,74,120,-46
118900053,1,16,-15
118900054,84,13,71
118900055,67,13,54
118900056,4,21,-17
118900057,357,178,179
118900058,160,88,72
118900059,1,17,-16
118900060,74,37,37
118900062,57,21,36
118900064,47,286,-239
118900065,6,57,-51
118900066,37,48,-11
118900067,1183,2510,-1327
118900068,0,120,-120
118900069,439,28,411
118900071,0,5,-5
118900072,124,97,27
118900073,183,35,148
118900074,17,16,1
118900075,51,3,48
118900076,98,10,88
118900077,173,83,90
118900078,7,1,6
118900079,8,4,4
118900080,19,2,17
118900081,9,27,-18
118900082,840,59,781
118900083,9,6,3
118900084,0,1,-1
118900085,246,136,110
118900086,33,13,20
118900087,78,382,-304
118900088,0,3,-3
118900089,1,3,-2
118900090,140,38,102
118900091,104,28,76
118900092,90,26,64
118900093,6,3,3
118900096,13,14,-1
118900097,83,109,-26
118900099,68,10,58
118900100,5,16,-11
118900101,51,41,10
118900102,16,27,-11
118900103,1,25,-24
118900104,88,32,56
118900105,28,12,16
118900107,4,24,-20
118900108,2,41,-39
118900110,227,511,-284
118900111,152,67,85
118900112,129,67,62
118900113,19,28,-9
118900114,1,9,-8
118900115,19,118,-99
118900116,85,27,58
118900117,57,34,23
118900118,141,64,77
118900119,93,74,19
118900120,35,56,-21
118900121,0,138,-138
118900122,0,367,-367
118900123,37,42,-5
118900124,26,12,14
118900126,14,101,-87
118900129,145,36,109
118900130,0,18,-18
118900131,159,45,114
118900132,221,77,144
118900133,1,24,-23
118900135,92,68,24
118900136,220,81,139
118900137,5,20,-15
118900139,95,32,63
118900140,324,163,161
118900141,15,21,-6
118900144,88,97,-9
118900145,1,56,-55
118900146,106,112,-6
118900147,23,85,-62
118900148,9,13,-4
118900150,39,151,-112
118900152,220,164,56
118900157,32,48,-16
118900158,101,4,97
118900159,0,17,-17
118900161,13,16,-3
118900163,23,20,3
118900164,0,3,-3
118900165,23,35,-12
118900166,9,0,9
118900167,22,16,6
118900168,3,12,-9
118900169,60,55,5
118900170,162,3,159
118900171,17,3,14
118900174,7,2,5
118900175,463,155,308
118900176,88,96,-8
118900177,84,8,76
118900178,18,7,11
118900179,1,4,-3
118900181,54,2,52
118900182,8,22,-14
118900183,10,14,-4
118900184,67,12,55
118900185,140,25,115
118900186,63,31,32
118900187,74,105,-31
118900188,60,128,-68
118900189,4,388,-384
118900190,12,44,-32
118900191,230,6,224
118900192,300,3,297
118900193,758,7,751
118900195,59,79,-20
118900196,2,25,-23
118900197,200,2,198
118900198,10,0,10
118900199,100,0,100
118900200,31,2,29
118900201,16,3,13
118900202,0,22,-22
118900203,8,1,7
118900204,8,15,-7
118900205,0,3,-3
118900206,0,9,-9
119000001,1204,726,478
119000002,2013,1302,711
119000003,2310,290,2020
119000004,1556,848,708
119000005,1270,1279,-9
119000006,2524,1031,1493
119000007,2335,1995,340
119000008,748,560,188
119000009,1456,3407,-1951
119000010,1727,2170,-443
119000011,1364,1226,138
119000012,460,1504,-1044
119000013,2171,1161,1010
119000014,722,1215,-493
119000019,108,68,40
119000020,1366,1039,327
119000021,2965,1892,1073
119000022,453,1517,-1064
119000023,146,112,34
119000024,743,9704,-8961
119000025,1342,411,931
119000026,15,377,-362
119000027,51,204,-153
119000028,781,226,555
119000029,27,91,-64
119000030,327,520,-193
119000031,448,311,137
119000032,438,804,-366
119000033,1103,687,416
119000034,633,235,398
119000035,7,88,-81
119000036,1566,258,1308
119000037,825,409,416
119000038,89,293,-204
119000039,435,218,217
119000040,494,547,-53
119000041,392,1005,-613
119000048,1223,760,463
119000049,1186,620,566
119000050,504,702,-198
119000051,1040,379,661
119000052,800,809,-9
119000053,1148,581,567
119000054,1870,569,1301
119000055,3251,761,2490
119000056,2242,706,1536
119000057,1012,313,699
119000058,549,422,127
119000059,377,354,23
119000060,958,195,763
119000061,353,222,131
119000062,521,279,242
119000063,276,220,56
119000064,224,317,-93
119000065,581,967,-386
119000066,1189,520,669
119000067,861,446,415
119000068,1008,265,743
119000069,836,346,490
119000070,1819,309,1510
119000071,159,108,51
119000072,1282,849,433
119000073,1942,3913,-1971
119000074,1038,511,527
119000075,2895,843,2052
119000076,105,165,-60
119000077,429,140,289
119000078,240,67,173
119000079,112,123,-11
119000080,345,44,301
119000081,146,91,55
119000082,443,58,385
119000083,317,170,147
119000084,167,92,75
119000085,245,51,194
119000086,172,211,-39
119000087,288,83,205
119000088,208,19,189
119000089,67,39,28
119000090,77,42,35
119000091,71,180,-109
119000092,64,111,-47
119000093,1480,952,528
119000094,2460,2021,439
119000095,1204,1296,-92
119000097,594,432,162
119000098,562,2545,-1983
119000099,860,417,443
119000100,2939,1371,1568
119000101,1412,767,645
119000102,67,849,-782
119000103,311,263,48
119000104,401,159,242
119000105,387,1161,-774
119000106,217,174,43
119000107,920,338,582
119000108,251,364,-113
119000109,38,144,-106
119000110,37,54,-17
119000111,22,279,-257
119000112,47,13,34
119000113,204,41,163
119000114,235,510,-275
119000115,49,92,-43
119000116,27,90,-63
119000117,34,147,-113
119000118,3,0,3
119000123,485,1336,-851
119000124,772,108,664
119000125,2851,260,2591
119000126,1222,332,890
119000127,534,96,438
119000128,22,1,21
119000131,664,83,581
119000132,1,0,1
119000133,2,1,1
119000134,470,287,183
119000135,142,102,40
119000136,165,19,146
119000137,184,49,135
119000138,537,52,485
119000139,62,19,43
119000140,63,66,-3
119000284,357,936,-579
119000285,568,396,172
119000286,1440,1018,422
119000287,726,675,51
119000288,925,429,496
119000289,522,864,-342
119000290,68,129,-61
119000291,12,162,-150
119000293,71,143,-72
119000294,37,18,19
119000295,539,99,440
119000296,256,64,192
119000297,0,0,0
119000302,644,719,-75
119000303,10,76,-66
119000310,0,0,0
119000314,701,7052,-6351
119000315,1,35,-34
119000316,128,15,113
119000317,62,56,6
119000319,606,60,546
119900001,47,480,-433
119900002,79,60,19
119900003,2,79,-77
119900004,26,970,-944
119900005,190,28,162
119900006,33,150,-117
119900007,180,133,47
119900008,16,36,-20
119900009,145,100,45
119900010,189,166,23
119900011,26,120,-94
119900012,0,69,-69
119900013,849,539,310
119900014,286,21,265
119900015,131,4,127
119900016,22,17,5
119900017,25,6,19
119900018,420,845,-425
119900019,10,0,10
119900020,10,26,-16
119900021,26,2,24
119900022,64,491,-427
119900023,162,1386,-1224
119900025,190,1,189
119900026,144,72,72
119900027,4,6,-2
119900028,74,100,-26
119900029,1,0,1
119900030,211,73,138
119900031,20,502,-482
119900033,190,93,97
119900034,322,7,315
119900037,120,0,120
119900038,3,165,-162
119900039,58,8,50
119900040,109,11,98
119900041,91,5,86
119900042,32,31,1
119900043,29,34,-5
119900044,60,442,-382
119900046,123,5,118
119900047,117,112,5
119900049,130,0,130
119900050,20,81,-61
119900051,992,2,990
119900052,57,4,53
119900053,156,103,53
119900054,164,1,163
119900055,758,110,648
119900057,251,39,212
119900058,162,1,161
119900059,26,17,9
119900060,292,8,284
119900061,409,2,407
119900062,72,3,69
119900063,1,20,-19
119900065,223,1,222
119900067,37,2,35
119900068,409,0,409
119900069,79,2,77
119900070,463,1,462
119900071,515,9,506
119900073,348,32,316
119900074,5,61,-56
119900075,488,885,-397
119900076,698,73,625
119900077,944,92,852
119900078,444,201,243
119900079,353,36,317
119900080,268,149,119
119900081,964,262,702
119900082,1349,159,1190
119900083,207,65,142
119900084,87,7,80
119900085,5,1,4
119900086,249,118,131
119900087,56,65,-9
119900088,15,0,15
119900089,6,59,-53
119900090,3,2,1
119900091,7,146,-139
119900092,1,98,-97
119900093,312,45,267
119900094,0,106,-106
119900095,13,26,-13
119900096,34,8,26
119900097,16,116,-100
119900098,15,3,12
119900099,1,20,-19
119900100,306,1137,-831
119900101,26,274,-248
119900102,6,34,-28
119900103,23,33,-10
119900104,18,31,-13
119900105,225,535,-310
119900106,1,51,-50
119900107,15,493,-478
119900108,1197,273,924
119900109,7,90,-83
119900110,258,82,176
119900111,84,32,52
119900112,474,361,113
119900113,8,41,-33
119900114,144,142,2
119900115,285,119,166
119900116,21,117,-96
119900117,84,107,-23
119900118,56,114,-58
119900119,80,37,43
119900120,133,87,46
119900121,343,98,245
119900122,13,38,-25
119900123,15,81,-66
119900124,46,134,-88
119900125,2,48,-46
119900126,749,79,670
119900127,223,70,153
119900128,210,121,89
119900129,111,45,66
119900130,0,24,-24
119900131,11,31,-20
119900132,0,11,-11
119900133,25,4,21
119900134,152,24,128
119900135,3,42,-39
119900136,11,20,-9
119900138,26,60,-34
119900139,1,28,-27
119900140,0,12,-12
119900141,21,383,-362
119900142,4,10,-6
119900143,7,41,-34
119900144,351,36,315
119900145,11,24,-13
119900146,33,33,0
119900147,0,87,-87
119900148,162,4,158
119900149,165,2598,-2433
119900150,81,11,70
119900151,396,298,98
119900152,92,40,52
119900153,145,7,138
119900154,21,71,-50
119900155,5,11,-6
119900156,0,0,0
119900157,111,35,76
119900158,125,10,115
119900159,0,101,-101
119900160,24,15,9
119900161,93,10,83
119900162,526,280,246
119900163,34,23,11
119900164,0,0,0
119900165,116,26,90
119900166,55,17,38
119900167,1,3,-2
119900168,612,112,500
119900169,4,114,-110
119900170,47,60,-13
119900171,193,180,13
119900172,6,3,3
119900173,1,31,-30
119900174,0,12,-12
119900175,1072,112,960
119900177,1,21,-20
119900178,0,21,-21
119900179,80,807,-727
119900180,608,207,401
119900181,4,17,-13
119900182,0,25,-25
119900183,48,209,-161
119900184,281,82,199
119900185,14,167,-153
119900186,8,749,-741
119900187,0,75,-75
119900188,67,91,-24
119900189,30,63,-33
119900190,39,146,-107
119900191,55,60,-5
119900192,9,48,-39
119900193,375,52,323
119900194,15,12,3
119900195,1,45,-44
119900196,69,31,38
119900197,176,30,146
119900198,75,69,6
119900199,79,3,76
119900200,389,162,227
119900201,32,20,12
119900202,1,44,-43
119900203,51,244,-193
119900204,49,86,-37
119900205,577,44,533
119900206,195,30,165
119900208,76,22,54
119900209,279,656,-377
119900210,38,15,23
119900211,23,3,20
119900212,383,129,254
119900213,9,32,-23
119900214,52,1,51
119900215,16,3,13
119900216,10,14,-4
119900217,0,3,-3
119900218,36,15,21
119900219,7,5,2
119900220,1,15,-14
119900221,8,21,-13
119900222,8,26,-18
119900223,0,17,-17
119900224,0,2,-2
119900225,124,3,121
119900226,40,809,-769
119900227,116,98,18
119900228,3,127,-124
119900229,10,73,-63
119900230,302,65,237
119900231,291,17,274
119900232,122,16,106
119900233,102,1,101
119900234,3,30,-27
119900235,0,13,-13
119900236,12,28,-16
119900237,33,93,-60
119900238,0,4,-4
119900240,45,20,25
119900241,91,39,52
119900242,521,291,230
119900244,163,279,-116
119900245,60,83,-23
119900246,51,114,-63
119900247,6,8,-2
119900248,10,152,-142
119900249,172,17,155
119900253,329,231,98
119900254,45,576,-531
119900255,21,206,-185
119900256,588,109,479
119900257,140,0,140
119900258,108,1,107
119900259,22,22,0
119900260,207,1,206
119900261,201,44,157
119900262,1,33,-32
119900263,549,49,500
119900264,90,25,65
119900265,351,21,330
119900266,183,12,171
119900267,49,64,-15
119900268,47,16,31
119900269,422,162,260
119900271,16,7,9
119900272,17,22,-5
119900275,79,15,64
119900276,63,2,61
119900277,10,1,9
119900278,98,41,57
119900279,34,89,-55
119900280,94,11,83
119900281,0,93,-93
119900282,14,31,-17
119900283,1,14,-13
119900284,8,44,-36
119900285,1,60,-59
119900286,1,6,-5
119900288,0,0,0
119900289,3,0,3
119900290,0,0,0
119900291,0,0,0
119900292,3,56,-53
119900293,27,53,-26
119900294,23,81,-58
119900295,21,38,-17
119900296,49,43,6
119900297,0,10,-10
119900298,4,1,3
119900299,26,32,-6
119900300,122,35,87
119900301,9,60,-51
119900302,0,14,-14
119900303,205,15,190
119900304,148,1,147
119900305,0,13,-13
119900306,7,2,5
119900307,23,9,14
119900308,0,13,-13
119900309,8,110,-102
119900310,57,36,21
119900311,134,23,111
119900312,73,10,63
119900313,23,50,-27
119900314,130,116,14
119900315,1244,427,817
119900318,12,38,-26
119900319,0,67,-67
119900320,197,104,93
119900321,131,3,128
120000001,3960,15267,-11307
120000002,1511,879,632
120000003,979,441,538
120000004,1241,591,650
120000005,1258,426,832
120000006,592,345,247
120000007,1260,1811,-551
120000008,504,424,80
120000009,813,351,462
120000010,1069,975,94
120000011,464,372,92
120000012,875,672,203
120000013,2285,1370,915
120000014,460,684,-224
120000015,1642,726,916
120000016,2380,1462,918
120000017,2316,1941,375
120000018,1842,10178,-8336
120000019,612,540,72
120000020,1170,1508,-338
120000021,989,697,292
120000022,2126,2674,-548
120000023,921,856,65
120000024,805,930,-125
120000025,2085,677,1408
120000026,2475,1076,1399
120000027,1618,1407,211
120000028,355,414,-59
120000029,413,485,-72
120000030,140,359,-219
120000031,763,2139,-1376
120000032,2020,1066,954
120000033,1958,405,1553
120000034,2167,354,1813
120000035,1956,561,1395
120000036,1500,1933,-433
120000037,352,1138,-786
120000038,1294,1033,261
120000039,187,541,-354
120000040,15,566,-551
120000041,282,420,-138
120000042,1013,566,447
120000043,2888,430,2458
120000044,4393,936,3457
120000045,5454,421,5033
120000046,3779,2621,1158
120000047,178,3371,-3193
120000048,3327,1562,1765
120000049,2400,1046,1354
120000050,1673,1518,155
120000051,1240,1799,-559
120000052,2927,647,2280
120000053,771,1117,-346
120000054,476,1601,-1125
120000055,618,1236,-618
120000056,1967,1183,784
120000057,1925,461,1464
120000058,744,466,278
120000059,13,1553,-1540
120000061,33,231,-198
120000062,92,147,-55
120000063,298,521,-223
120000064,225,395,-170
120000065,177,354,-177
120000066,93,74,19
120000067,21,136,-115
120000068,107,140,-33
120000069,370,146,224
120000070,136,189,-53
120000071,775,30,745
120000072,920,220,700
120000073,725,34,691
120000074,31,10,21
120000075,847,54,793
120000076,1959,132,1827
120000077,1981,255,1726
120000078,1585,312,1273
120000079,300,160,140
120000080,88,81,7
120000081,271,71,200
120000082,418,152,266
120000083,58,629,-571
120000084,147,86,61
120000085,126,75,51
120000086,117,110,7
120000087,111,161,-50
120000088,354,294,60
120000089,430,88,342
120000090,303,112,191
120000091,964,233,731
120000092,635,165,470
120000093,763,176,587
120000094,240,217,23
120000095,253,161,92
120000096,308,184,124
120000098,465,177,288
120000099,140,185,-45
120000100,261,236,25
120000101,360,85,275
120000102,362,731,-369
120000103,1016,453,563
120000104,1697,163,1534
120000105,1863,82,1781
120000106,2643,93,2550
120000107,4622,126,4496
120000108,1526,29,1497
120000109,930,20,910
120000110,9,361,-352
120000111,58,276,-218
120000112,156,780,-624
120000113,83,571,-488
120000114,114,454,-340
120000115,158,468,-310
120000116,113,468,-355
120000117,210,323,-113
120000118,29,21,8
120000119,3,12,-9
120000120,94,83,11
120000121,11,8,3
120000122,56,439,-383
120000123,1179,6465,-5286
120000124,255,203,52
120000125,435,185,250
120000126,118,449,-331
120000127,357,240,117
120000128,851,1116,-265
120000129,124,104,20
120000130,352,143,209
120000131,271,197,74
120000134,88,72,16
120000135,532,297,235
120000137,170,114,56
120000138,1156,74,1082
120000139,179,120,59
120000140,1050,99,951
120000141,148,173,-25
120000142,669,161,508
120000143,0,34,-34
120000144,59,7,52
120000145,400,0,400
120000146,454,663,-209
120000149,180,200,-20
120000150,718,7119,-6401
120000151,441,160,281
120000152,745,46,699
120000153,351,103,248
120000154,235,341,-106
120000155,127,142,-15
120000156,219,952,-733
120000157,684,190,494
120000158,471,162,309
120000159,914,696,218
120000160,1179,1084,95
120000161,2132,1345,787
120000162,107,220,-113
120000163,593,102,491
120000164,547,31,516
120000165,666,165,501
120000166,1534,175,1359
120000167,22,28,-6
120000168,0,127,-127
120000169,10,327,-317
120000170,18,283,-265
120000171,1,91,-90
120000172,2,117,-115
120000173,51,125,-74
120000174,20,34,-14
120000175,7,43,-36
120000176,23,27,-4
120000177,190,89,101
120000178,31,22,9
120000179,38,12,26
120000180,29,9,20
120000181,6,208,-202
120000182,14,169,-155
120000183,8,85,-77
120000184,45,316,-271
120000186,16,191,-175
120000187,7,66,-59
120000188,13,55,-42
120000190,51,48,3
120000191,64,22,42
120000192,40,2,38
120000193,51,2,49
120000195,5,0,5
120000196,7,4,3
120000197,3,13,-10
120000198,189,7,182
120000199,220,0,220
120000200,170,0,170
120000201,29,53,-24
120000202,0,22,-22
120000203,46,26,20
120000207,0,10,-10
120000208,10,36,-26
120000209,2,5,-3
120000210,15,5,10
120000211,142,0,142
120000212,212,0,212
120000213,183,76,107
120000214,0,14,-14
120000215,2,11,-9
120000216,131,7,124
120000217,154,242,-88
120000218,6,211,-205
120000219,0,202,-202
120000220,3,479,-476
120000225,2289,1,2288
120000226,489,0,489
120000227,613,79,534
120000228,3336,2102,1234
120000230,277,27,250
120000231,1217,235,982
120000233,336,8,328
120000235,92,132,-40
120000236,1023,1,1022
120000237,1,188,-187
120000238,0,96,-96
120000241,1001,2235,-1234
120000412,154,96,58
120000413,279,49,230
120000414,160,0,160
120000415,0,30,-30
120000416,41,1,40
120000417,3,34,-31
120000418,269,1,268
120000419,1,24,-23
120000420,10,5,5
120000421,3315,1918,1397
120000422,77,1453,-1376
120000423,0,31,-31
120000424,51,2,49
120000436,46,943,-897
120000437,16,45,-29
120000438,940,74,866
120000439,132,380,-248
120000443,212,1,211
120000444,1330,132,1198
120000445,1238,657,581
120000446,286,89,197
120000447,330,1,329
120000449,105,0,105
120000450,4,33,-29
120000451,80,83,-3
120000452,26,0,26
120000453,0,4,-4
120000454,21,25,-4
120000455,55,16,39
120000456,464,2015,-1551
120000457,186,184,2
120000458,139,132,7
120000459,137,28,109
120000665,78,123,-45
120000668,23,323,-300
120000669,89,75,14
120000670,18,292,-274
120000671,995,446,549
120000672,35,190,-155
120900001,139,1,138
120900002,39,76,-37
120900003,41,4,37
120900004,0,56,-56
120900005,41,275,-234
120900006,384,35,349
120900007,12,21,-9
120900008,474,158,316
120900009,100,9,91
120900010,536,69,467
120900011,9,88,-79
120900012,18,784,-766
120900013,287,46,241
120900014,0,114,-114
120900015,826,33,793
120900016,1304,21,1283
120900017,506,11,495
120900018,109,99,10
120900019,174,164,10
120900020,228,315,-87
120900021,488,36,452
120900022,18,61,-43
120900023,510,48,462
120900024,508,144,364
120900025,512,220,292
120900026,26,31,-5
120900027,97,7,90
120900028,494,85,409
120900029,3,667,-664
120900030,1714,194,1520
120900031,403,65,338
120900032,1276,79,1197
120900033,927,37,890
120900034,16,1675,-1659
120900035,28,15,13
120900037,281,1,280
120900038,49,556,-507
120900039,174,17,157
120900040,315,3,312
120900041,16,12,4
120900042,481,29,452
120900043,104,8,96
120900044,17,244,-227
120900045,40,17,23
120900046,785,2,783
120900047,122,207,-85
120900048,97,12,85
120900049,462,0,462
120900050,532,1895,-1363
120900051,301,56,245
120900052,1080,0,1080
120900053,350,33,317
120900054,302,67,235
120900055,572,0,572
120900056,630,6,624
120900057,157,10,147
120900058,732,2,730
120900059,76,2,74
120900060,41,4,37
120900061,137,25,112
120900062,255,4,251
120900063,688,5,683
120900064,736,3,733
120900065,858,0,858
120900066,303,42,261
120900067,109,33,76
120900068,363,0,363
120900069,278,6,272
120900071,17,0,17
120900072,945,4,941
120900073,833,11,822
120900074,865,18,847
120900076,361,0,361
120900077,454,121,333
120900078,764,110,654
120900079,993,52,941
120900080,1107,243,864
120900081,1501,234,1267
120900082,142,135,7
120900083,147,0,147
120900084,336,274,62
120900085,21,16,5
120900086,28,427,-399
120900087,397,91,306
120900088,61,469,-408
120900089,579,2587,-2008
120900090,243,24,219
120900091,140,464,-324
120900092,34,108,-74
120900093,673,41,632
120900094,61,20,41
120900095,92,0,92
120900096,27,61,-34
120900097,219,287,-68
120900098,72,29,43
120900099,10,4,6
120900100,6,32,-26
120900101,20,78,-58
120900102,31,20,11
120900103,18,48,-30
120900104,1,6,-5
120900105,1,127,-126
120900106,176,72,104
120900107,96,21,75
120900108,1,146,-145
120900109,17,81,-64
120900110,3,56,-53
120900111,44,43,1
120900112,0,114,-114
120900113,10,95,-85
120900114,21,60,-39
120900115,60,107,-47
120900116,462,103,359
120900117,0,111,-111
120900118,16,111,-95
120900119,1990,1026,964
120900120,6,137,-131
120900121,28,174,-146
120900122,686,76,610
120900123,1,126,-125
120900124,3,100,-97
120900125,0,127,-127
120900126,132,158,-26
120900127,6,129,-123
120900128,95,291,-196
120900129,9,107,-98
120900130,14,63,-49
120900131,24,29,-5
120900132,893,40,853
120900133,43,178,-135
120900134,24,119,-95
120900135,12,171,-159
120900136,14,60,-46
120900137,243,1,242
120900138,0,104,-104
120900139,0,159,-159
120900140,9,92,-83
120900141,81,37,44
120900142,1,156,-155
120900143,1,148,-147
120900144,0,40,-40
120900145,39,208,-169
120900146,0,144,-144
120900147,1,1,0
120900148,71,21,50
120900149,0,96,-96
120900150,16,117,-101
120900151,25,38,-13
120900152,0,1,-1
120900153,8,0,8
120900154,0,45,-45
120900155,134,106,28
120900156,201,80,121
120900157,2,3,-1
120900158,26,89,-63
120900159,0,17,-17
120900160,5,118,-113
120900161,5,195,-190
120900162,4,126,-122
120900163,6,112,-106
120900164,0,49,-49
120900165,0,79,-79
120900166,23,213,-190
120900167,34,11,23
120900169,21,21,0
120900170,142,3100,-2958
120900171,214,39,175
120900172,36,323,-287
120900173,6,9,-3
120900174,0,11,-11
120900175,76,22,54
120900176,3,235,-232
120900177,0,1119,-1119
120900178,1,136,-135
120900179,48,44,4
120900180,27,77,-50
120900181,17,13,4
120900182,14,40,-26
120900183,306,68,238
120900184,17,20,-3
120900185,75,447,-372
120900186,0,57,-57
120900187,284,134,150
120900188,160,30,130
120900189,13,1940,-1927
120900190,105,3,102
120900191,51,0,51
120900192,2852,8345,-5493
120900194,79,9,70
120900195,35,62,-27
120900196,70,14,56
120900197,556,15,541
120900198,35,271,-236
120900199,166,164,2
120900200,20,45,-25
120900201,143,23,120
120900202,0,32,-32
120900203,25,6,19
120900204,38,46,-8
120900205,18,1,17
120900206,19,4,15
120900207,0,222,-222
121000001,451,553,-102
121000002,638,1001,-363
121000003,2085,1080,1005
121000004,627,1699,-1072
121000005,1529,2082,-553
121000006,971,1351,-380
121000007,1186,1878,-692
121000008,1660,1707,-47
121000009,2477,3363,-886
121000010,2089,1878,211
121000011,2329,2796,-467
121000012,4143,1979,2164
121000013,2746,2663,83
121000014,2211,1481,730
121000015,2212,3561,-1349
121000016,1394,1104,290
121000017,888,1360,-472
121000018,1171,716,455
121000019,2660,3876,-1216
121000020,4485,7310,-2825
121000021,616,606,10
121000022,881,1970,-1089
121000023,900,416,484
121000024,1832,2375,-543
121000025,110,518,-408
121000026,85,69,16
121000027,672,591,81
121000028,229,355,-126
121000029,254,295,-41
121000030,131,246,-115
121000031,188,261,-73
121000032,57,89,-32
121000034,68,137,-69
121000035,23,128,-105
121000036,495,486,9
121000037,230,804,-574
121000038,191,300,-109
121000039,26,134,-108
121000041,119,285,-166
121000042,104,221,-117
121000043,221,383,-162
121000044,333,291,42
121000045,180,208,-28
121000046,243,278,-35
121000047,57,802,-745
121000049,510,457,53
121000050,79,855,-776
121000051,289,108,181
121000052,161,906,-745
121000053,92,150,-58
121000054,12,170,-158
121000055,284,673,-389
121000056,352,739,-387
121000057,48,142,-94
121000058,121,53,68
121000059,2132,462,1670
121000060,550,686,-136
121000061,6,457,-451
121000062,28,166,-138
121000063,564,697,-133
121000064,449,362,87
121000065,107,263,-156
121000066,211,241,-30
121000067,270,240,30
121000068,136,399,-263
121000069,73,907,-834
121000070,359,441,-82
121000071,668,777,-109
121000072,249,177,72
121000073,357,430,-73
121000074,37,106,-69
121000075,0,20,-20
121000076,182,89,93
121000077,63,73,-10
121000078,11,131,-120
121000080,496,183,313
121000081,764,1713,-949
121000082,75,90,-15
121000083,71,58,13
121000084,61,141,-80
121000085,111,131,-20
121000086,280,272,8
121000087,13,124,-111
121000088,319,111,208
121000089,90,157,-67
121000090,98,218,-120
121000091,404,473,-69
121000092,93,11,82
121000093,143,42,101
121000094,227,247,-20
121000095,119,404,-285
121000096,2229,526,1703
121000097,236,574,-338
121000098,153,254,-101
121000099,294,207,87
121000100,603,83,520
121000101,151,44,107
121000102,172,22,150
121000103,62,60,2
121000104,200,14,186
121000105,128,21,107
121000106,51,97,-46
121000107,794,1125,-331
121000109,446,694,-248
121000110,83,326,-243
121000114,1321,823,498
121000115,327,201,126
121000116,113,151,-38
121000117,159,83,76
121000118,809,47,762
121000119,187,140,47
121000120,164,344,-180
121000121,277,1954,-1677
121000123,234,134,100
121000127,50,108,-58
121000128,619,116,503
121000129,560,139,421
121000130,217,1131,-914
121000131,483,454,29
121000132,147,616,-469
121000135,54,118,-64
121000136,341,924,-583
121000137,141,221,-80
121000138,189,2402,-2213
121000139,21,326,-305
121000141,161,31,130
121000142,182,401,-219
121000143,3,4,-1
121000144,151,559,-408
121000145,269,227,42
121000146,433,594,-161
121000147,549,208,341
121000148,285,260,25
121000149,961,864,97
121000152,108,144,-36
121000153,758,168,590
121000154,543,233,310
121000155,1272,357,915
121000156,150,377,-227
121000157,375,379,-4
121000158,161,149,12
121000159,178,198,-20
121000160,288,110,178
121000161,142,182,-40
121000162,85,33,52
121000165,440,1218,-778
121000166,37,274,-237
121000168,202,309,-107
121000169,35,137,-102
121000170,118,22,96
121000171,56,81,-25
121000172,434,331,103
121000173,684,632,52
121000174,413,372,41
121000175,711,172,539
121000176,141,181,-40
121000177,295,406,-111
121000178,73,47,26
121000179,60,28,32
121000181,46,214,-168
121000182,141,504,-363
121000183,20,280,-260
121000184,22,207,-185
121000185,19,337,-318
121000186,112,448,-336
121000187,120,63,57
121000188,141,21,120
121000192,297,213,84
121000193,282,111,171
121000194,676,860,-184
121000195,191,443,-252
121000196,226,164,62
121000197,46,206,-160
121000198,64,97,-33
121000199,78,124,-46
121000200,325,53,272
121000201,0,157,-157
121000202,341,41,300
121000203,261,450,-189
121000204,1768,274,1494
121000205,117,198,-81
121000206,14,62,-48
121000207,1244,752,492
121000208,1,163,-162
121000209,688,69,619
121000210,477,264,213
121000211,159,26,133
121000212,250,236,14
121000213,5104,1330,3774
121000214,401,903,-502
121000215,419,487,-68
121000216,179,378,-199
121000217,1502,2160,-658
121000218,216,676,-460
121000219,603,246,357
121000220,202,55,147
121000221,195,355,-160
121000222,2471,1934,537
121000223,134,360,-226
121000224,129,206,-77
121000225,196,3459,-3263
121000226,536,1334,-798
121000227,15,130,-115
121000228,15,193,-178
121000229,136,216,-80
121000230,66,659,-593
121000231,993,32,961
121000232,176,89,87
121000233,344,184,160
121000234,0,30,-30
121000235,37,84,-47
121000236,0,13,-13
121000237,3,13,-10
121000238,0,38,-38
121000239,42,0,42
121000240,0,68,-68
121000241,41,0,41
121000242,3,112,-109
121000243,81,6,75
121000244,0,18,-18
121000245,15,0,15
121000246,0,35,-35
121000247,67,0,67
121000248,127,163,-36
121000249,20,163,-143
121000250,418,444,-26
121000251,1,253,-252
121000252,53,56,-3
121000253,194,248,-54
121000254,759,221,538
121000255,24,416,-392
121000256,164,240,-76
121000257,8,252,-244
121000258,17,249,-232
121000259,6,121,-115
121000260,3,65,-62
121000261,17,223,-206
121000262,430,186,244
121000263,255,281,-26
121000271,312,605,-293
121000273,20,3,17
121000274,5,133,-128
121000275,3,9,-6
121000276,2,106,-104
121000278,52,8,44
121000279,4,36,-32
121000280,6,42,-36
121000289,203,51,152
121000290,352,548,-196
121000294,135,22,113
121000297,146,510,-364
121000299,74,800,-726
121000300,630,274,356
121000302,6,522,-516
121000303,216,86,130
121000304,284,17,267
121000305,201,32,169
121000306,126,45,81
121000308,51,57,-6
121000309,76,88,-12
121000310,26,54,-28
121000311,24,81,-57
121000312,213,110,103
121000313,53,68,-15
121000314,0,8,-8
121000315,4,25,-21
121000530,1035,888,147
121000531,1110,879,231
121000532,2636,3127,-491
121000533,1953,1264,689
121000918,9,87,-78
121000919,49,70,-21
121000938,14,92,-78
121000939,18,122,-104
121000956,1028,766,262
121000957,13,20,-7
121000958,3,76,-73
121000959,771,273,498
121000960,956,425,531
121000961,175,1,174
121000962,88,113,-25
121000963,0,0,0
121000973,1,150,-149
121000976,0,12,-12
121000979,75,146,-71
121000981,186,18,168
121000982,466,274,192
121000983,274,60,214
121000984,0,23,-23
121000985,611,266,345
121000986,468,41,427
121000987,93,206,-113
121000988,690,60,630
121001302,29,32,-3
121001308,0,4,-4
121001309,6,270,-264
121001311,0,0,0
121001313,150,103,47
121001314,697,939,-242
121001315,2782,1926,856
121001326,212,158,54
121900001,56,244,-188
121900002,17,0,17
121900003,72,2,70
121900004,27,170,-143
121900005,7,0,7
121900006,36,2,34
121900007,1329,504,825
121900008,26,23,3
121900009,442,50,392
121900010,26,0,26
121900011,147,42,105
121900012,13,0,13
121900013,21,27,-6
121900014,695,99,596
121900015,82,30,52
121900016,12,4,8
121900017,146,255,-109
121900018,147,4,143
121900019,167,40,127
121900020,15,0,15
121900021,500,4,496
121900022,41,53,-12
121900023,19,251,-232
121900024,83,36,47
121900025,172,52,120
121900026,69,5,64
121900027,184,43,141
121900028,87,2,85
121900029,8,263,-255
121900030,155,106,49
121900031,280,2639,-2359
121900032,29,5,24
121900033,50,59,-9
121900034,134,61,73
121900035,1206,597,609
121900036,39,346,-307
121900037,70,489,-419
121900038,4,3,1
121900039,149,2,147
121900040,21,7,14
121900041,29,204,-175
121900042,178,78,100
121900043,0,2,-2
121900044,14,34,-20
121900046,25,76,-51
121900047,14,45,-31
121900048,26,2,24
121900050,30,1,29
121900051,77,252,-175
121900052,22,33,-11
121900053,255,112,143
121900054,111,298,-187
121900055,0,19,-19
121900058,85,26,59
121900059,66,31,35
121900060,39,148,-109
121900062,55,43,12
121900063,803,154,649
121900064,185,170,15
121900066,7,32,-25
121900067,21,1,20
121900069,53,18,35
121900070,51,144,-93
121900071,325,69,256
121900072,29,11,18
121900073,15,132,-117
121900074,132,215,-83
121900075,100,309,-209
121900076,229,239,-10
121900078,22,64,-42
121900079,0,0,0
121900080,225,93,132
121900082,27,29,-2
121900084,18,9,9
121900086,4,17,-13
121900087,15,14,1
121900088,332,435,-103
121900089,81,93,-12
121900090,0,7,-7
121900091,9,16,-7
121900092,81,34,47
121900093,14,34,-20
121900094,4,7,-3
121900095,101,70,31
121900096,333,243,90
121900097,133,75,58
121900098,1,0,1
121900099,91,40,51
121900100,2,56,-54
121900101,81,18,63
121900102,0,7,-7
121900103,111,172,-61
121900104,823,70,753
121900105,56,37,19
121900106,0,1,-1
121900107,36,29,7
121900108,0,3,-3
121900109,141,32,109
121900110,251,96,155
121900111,85,52,33
121900112,44,32,12
121900113,18,58,-40
121900114,21,5,16
121900117,10,12,-2
121900118,406,50,356
121900119,63,4,59
121900120,10,115,-105
121900121,26,2,24
121900122,12,23,-11
121900123,95,83,12
121900124,39,50,-11
121900125,555,184,371
121900127,6,132,-126
121900128,8,15,-7
121900129,97,22,75
121900130,20,300,-280
121900131,90,4,86
121900132,6,10,-4
121900133,1,223,-222
121900134,0,102,-102
121900135,3823,328,3495
121900136,48,41,7
121900137,1,90,-89
121900138,30,64,-34
121900139,196,1562,-1366
121900140,4,5,-1
121900141,27,14,13
121900142,15,4,11
121900143,1,20,-19
121900144,49,106,-57
121900145,24,52,-28
121900146,39,50,-11
121900147,5,52,-47
121900148,49,32,17
121900149,27,76,-49
121900150,18,12,6
121900151,7,47,-40
121900152,7,5,2
121900153,1,60,-59
121900154,1,69,-68
121900155,0,27,-27
121900156,11,12,-1
121900157,0,45,-45
121900158,3,10,-7
121900159,1,18,-17
121900160,8,34,-26
121900161,29,106,-77
121900162,29,5,24
121900163,218,94,124
121900164,38,65,-27
121900165,49,33,16
121900166,126,25,101
121900167,61,1,60
121900168,39,6,33
121900169,0,0,0
121900170,22,26,-4
121900171,322,238,84
121900172,187,53,134
121900173,90,61,29
121900174,28,5,23
121900175,11,86,-75
121900176,130,443,-313
121900177,23,14,9
121900178,0,3,-3
121900179,64,99,-35
121900180,563,3014,-2451
121900182,224,171,53
121900183,97,1272,-1175
121900184,22,832,-810
121900186,10,185,-175
121900187,2,36,-34
121900188,656,62,594
121900189,0,11,-11
121900190,47,256,-209
121900191,3,245,-242
121900192,53,667,-614
121900193,2,52,-50
121900194,0,82,-82
121900195,2,36,-34
121900196,52,551,-499
121900197,124,284,-160
121900198,2571,426,2145
121900199,1,25,-24
121900200,4,38,-34
121900201,119,224,-105
121900202,7,228,-221
121900203,8,188,-180
121900204,237,351,-114
121900205,1,27,-26
121900206,7,38,-31
121900207,14,7,7
121900208,34,137,-103
121900209,11,12,-1
121900210,523,200,323
121900211,299,118,181
121900212,14,30,-16
121900213,100,33,67
121900214,0,124,-124
121900215,9,47,-38
121900216,6,165,-159
121900217,22,54,-32
121900218,67,107,-40
121900220,68,6,62
121900221,121,128,-7
121900222,88,16,72
121900223,35,33,2
121900224,16,28,-12
121900225,11,73,-62
121900226,39,7,32
121900227,82,230,-148
121900228,27,44,-17
121900230,22,75,-53
121900231,36,135,-99
121900232,53,74,-21
121900233,38,49,-11
121900234,35,53,-18
121900235,218,41,177
121900236,124,18,106
121900237,39,77,-38
121900238,12,65,-53
121900239,52,10,42
121900240,60,23,37
121900241,4,12,-8
121900242,0,0,0
121900243,0,0,0
121900244,0,0,0
121900245,68,10,58
121900246,1409,101,1308
121900248,225,200,25
121900250,51,227,-176
121900251,231,40,191
121900252,70,49,21
121900253,32,415,-383
121900254,25,88,-63
121900255,156,22,134
121900258,2168,658,1510
121900259,23,156,-133
121900260,19,4,15
121900261,14,156,-142
121900262,86,169,-83
121900263,33,34,-1
121900264,221,157,64
121900265,89,13,76
121900266,184,50,134
121900267,29,17,12
121900269,109,172,-63
121900270,27,82,-55
121900271,6,395,-389
121900273,159,883,-724
121900274,193,84,109
121900277,76,204,-128
121900278,15,293,-278
121900279,43,69,-26
121900280,21,181,-160
121900281,69,99,-30
121900284,15,1,14
121900286,67,21,46
121900287,2,7,-5
121900288,0,1,-1
121900290,21,195,-174
121900291,158,250,-92
121900292,34,52,-18
121900293,298,1150,-852
121900294,44,1,43
121900295,11,16,-5
121900296,43,82,-39
121900298,58,354,-296
121900299,0,113,-113
121900300,21,24,-3
121900301,20,0,20
121900302,2,82,-80
121900303,26,83,-57
121900304,0,3,-3
121900305,0,0,0
121900306,213,1,212
121900307,117,4,113
121900308,13,41,-28
121900309,0,33,-33
121900310,0,83,-83
121900311,265,5,260
121900312,197,9,188
121900313,131,7,124
121900314,0,0,0
121900315,17,0,17
121900316,0,2,-2
121900317,9,14,-5
121900318,0,16,-16
121900319,48,129,-81
121900320,53,25,28
121900321,9,0,9
121900322,2,0,2
121900323,5,10,-5
121900324,0,3,-3
121900325,2,0,2
121900326,12,17,-5
121900327,0,13,-13
121900328,0,1,-1
121900329,0,11,-11
121900330,1,44,-43
121900331,11,15,-4
121900332,28,7,21
121900333,16,0,16
121900334,23,31,-8
122000001,438,895,-457
122000002,934,232,702
122000003,256,640,-384
122000004,321,317,4
122000005,1679,1320,359
122000006,219,458,-239
122000007,231,520,-289
122000008,346,813,-467
122000009,83,103,-20
122000010,862,892,-30
122000011,890,472,418
122000012,268,501,-233
122000013,177,781,-604
122000014,1613,704,909
122000015,414,327,87
122000016,167,274,-107
122000017,316,777,-461
122000018,561,795,-234
122000019,210,787,-577
122000020,73,146,-73
122000021,41,113,-72
122000022,277,438,-161
122000023,106,486,-380
122000024,211,613,-402
122000025,267,681,-414
122000026,248,418,-170
122000027,244,290,-46
122000028,343,283,60
122000029,97,203,-106
122000030,113,12,101
122000031,61,297,-236
122000032,722,792,-70
122000033,95,461,-366
122000034,89,353,-264
122000035,30,158,-128
122000036,120,182,-62
122000037,175,102,73
122000038,155,164,-9
122000039,252,186,66
122000040,101,49,52
122000041,279,513,-234
122000042,220,303,-83
122000043,54,60,-6
122000044,29,32,-3
122000045,410,289,121
122000046,217,309,-92
122000047,61,36,25
122000048,906,1654,-748
122000049,2235,1184,1051
122000050,225,347,-122
122000051,41,426,-385
122000052,225,423,-198
122000053,111,1146,-1035
122000054,1010,968,42
122000055,1192,1830,-638
122000056,1132,1093,39
122000057,878,1559,-681
122000058,324,871,-547
122000059,276,1054,-778
122000060,193,247,-54
122000061,95,142,-47
122000062,414,111,303
122000063,123,585,-462
122000064,1347,2535,-1188
122000065,1264,1200,64
122000066,114,275,-161
122000067,572,1157,-585
122000068,602,664,-62
122000069,449,351,98
122000070,316,427,-111
122000071,1429,442,987
122000072,141,186,-45
122000073,48,342,-294
122000074,705,594,111
122000075,295,306,-11
122000076,1201,448,753
122000077,271,856,-585
122000078,282,1107,-825
122000079,141,893,-752
122000080,183,195,-12
122000081,33,153,-120
122000082,135,558,-423
122000083,1190,513,677
122000084,1042,348,694
122000085,62,353,-291
122000086,985,2776,-1791
122000087,167,139,28
122000088,48,122,-74
122000089,1626,1294,332
122000090,46,451,-405
122000091,53,155,-102
122000092,45,27,18
122000093,594,1533,-939
122000094,2407,1169,1238
122000095,348,1382,-1034
122000096,272,782,-510
122000098,1234,2084,-850
122000099,193,850,-657
122000100,329,232,97
122000101,102,182,-80
122000102,695,331,364
122000103,334,642,-308
122000104,379,162,217
122000105,139,178,-39
122000106,183,610,-427
122000107,597,172,425
122000108,146,253,-107
122000109,103,130,-27
122000110,134,265,-131
122000111,732,441,291
122000112,568,695,-127
122000113,204,144,60
122000114,371,1354,-983
122000115,749,1053,-304
122000116,64,170,-106
122000117,235,228,7
122000118,314,54,260
122000119,428,383,45
122000120,249,397,-148
122000121,335,630,-295
122000122,132,294,-162
122000123,308,560,-252
122000124,217,128,89
122000125,69,176,-107
122000126,76,228,-152
122000127,106,119,-13
122000128,184,116,68
122000129,127,725,-598
122000130,762,295,467
122000131,297,130,167
122000132,85,127,-42
122000133,280,220,60
122000134,388,463,-75
122000135,246,154,92
122000136,200,245,-45
122000137,616,232,384
122000139,350,847,-497
122000140,109,316,-207
122000141,2052,600,1452
122000142,55,857,-802
122000143,135,184,-49
122000144,635,210,425
122000145,349,210,139
122000146,104,952,-848
122000147,103,257,-154
122000148,179,396,-217
122000149,534,227,307
122000150,657,290,367
122000151,7,99,-92
122000152,79,77,2
122000153,135,71,64
122000154,51,60,-9
122000155,440,642,-202
122000156,1916,1472,444
122000157,354,2079,-1725
122000158,127,225,-98
122000159,389,405,-16
122000160,788,295,493
122000161,450,249,201
122000162,217,367,-150
122000163,117,27,90
122000164,5,60,-55
122000165,219,615,-396
122000166,235,913,-678
122000167,91,148,-57
122000168,69,972,-903
122000169,201,49,152
122000170,102,128,-26
122000171,6,38,-32
122000172,903,498,405
122000173,754,961,-207
122000174,321,1347,-1026
122000175,196,100,96
122000176,106,1761,-1655
122000177,400,835,-435
122000178,1492,1051,441
122000179,824,1420,-596
122000180,360,483,-123
122000181,266,763,-497
122000182,315,371,-56
122000183,590,287,303
122000184,1193,1053,140
122000185,341,852,-511
122000186,162,363,-201
122000187,849,340,509
122000188,111,74,37
122000189,56,80,-24
122000190,408,664,-256
122000191,223,220,3
122000192,408,162,246
122000193,305,368,-63
122000194,245,68,177
122000195,46,489,-443
122000196,447,176,271
122000197,191,420,-229
122000198,140,612,-472
122000199,152,66,86
122000200,278,213,65
122000201,338,1519,-1181
122000202,302,1105,-803
122000203,861,309,552
122000204,442,437,5
122000205,216,248,-32
122000206,1453,477,976
122000207,1129,792,337
122000208,868,509,359
122000209,663,98,565
122000210,584,626,-42
122000211,333,537,-204
122000212,321,320,1
122000213,331,687,-356
122000214,760,778,-18
122000215,1103,1036,67
122000217,536,538,-2
122000218,310,29,281
122000219,506,240,266
122000220,86,357,-271
122000221,41,331,-290
122000222,161,51,110
122000223,145,225,-80
122000225,242,198,44
122000226,538,592,-54
122000227,23,348,-325
122000228,52,116,-64
122000229,16,189,-173
122000230,13,289,-276
122000231,140,405,-265
122000232,113,439,-326
122000233,1,65,-64
122000234,317,65,252
122000235,447,49,398
122000236,660,20,640
122000237,32,31,1
122000238,52,240,-188
122000239,184,101,83
122000240,545,200,345
122000241,797,141,656
122000242,187,11,176
122000243,112,42,70
122000244,30,110,-80
122000245,87,69,18
122000246,266,173,93
122000247,144,251,-107
122000248,358,387,-29
122000249,696,453,243
122000250,666,357,309
122000251,17,49,-32
122000252,79,47,32
122000253,11,71,-60
122000254,125,53,72
122000255,199,420,-221
122000256,148,393,-245
122000257,190,409,-219
122000258,79,252,-173
122000259,17,331,-314
122000260,62,191,-129
122000261,24,130,-106
122000262,0,61,-61
122000263,76,107,-31
122000264,782,141,641
122000265,977,350,627
122000266,1412,193,1219
122000267,70,36,34
122000268,64,54,10
122000269,483,104,379
122000270,185,47,138
122000271,89,359,-270
122000272,108,87,21
122000273,101,63,38
122000274,87,117,-30
122000275,47,34,13
122000276,629,256,373
122000277,377,1206,-829
122000278,892,138,754
122000279,105,90,15
122000280,231,111,120
122000281,350,120,230
122000282,49,706,-657
122000283,18,144,-126
122000284,55,13,42
122000285,216,52,164
122000286,16,151,-135
122000287,738,1493,-755
122000288,146,218,-72
122000291,1018,312,706
122000293,120,70,50
122000294,38,228,-190
122000295,863,160,703
122000296,54,701,-647
122000297,847,3025,-2178
122000299,214,119,95
122000300,104,252,-148
122000301,2963,2464,499
122000302,169,1332,-1163
122000303,705,415,290
122000304,5,123,-118
122000305,1067,341,726
122000306,42,193,-151
122000307,42,59,-17
122000309,6,98,-92
122000310,2,72,-70
122000311,31,78,-47
122000312,103,194,-91
122000313,11,93,-82
122000314,106,306,-200
122000315,103,15,88
122000316,681,187,494
122000317,1451,146,1305
122000318,139,503,-364
122000319,98,160,-62
122000320,106,240,-134
122000321,43,34,9
122000322,607,480,127
122000323,190,501,-311
122000324,418,1028,-610
122000325,209,552,-343
122000326,91,64,27
122000327,92,247,-155
122000328,302,144,158
122000330,903,466,437
122000333,20,29,-9
122000337,549,222,327
122000338,268,64,204
122000340,56,664,-608
122000342,679,450,229
122000343,292,188,104
122000344,45,11,34
122000345,7,54,-47
122000346,39,32,7
122000348,260,209,51
122000349,37,104,-67
122000351,84,174,-90
122000352,177,41,136
122000353,21,19,2
122000355,65,279,-214
122000356,135,341,-206
122000357,45,5,40
122000358,0,0,0
122000359,0,0,0
122000360,0,3,-3
122000362,0,24,-24
122000364,144,89,55
122000365,1,7,-6
122000366,28,4,24
122000368,269,176,93
122000370,3,10,-7
122000371,48,0,48
122000372,2,0,2
122000381,117,136,-19
122000382,2,115,-113
122000384,491,564,-73
122000385,16,0,16
122000386,78,506,-428
122000387,96,408,-312
122000388,418,383,35
122000389,88,212,-124
122000390,119,151,-32
122000391,11,546,-535
122000392,60,51,9
122000393,84,183,-99
122000394,294,87,207
122000395,29,92,-63
122000396,187,20,167
122000397,34,46,-12
122000398,17,152,-135
122000399,57,46,11
122000400,15,200,-185
122000401,31,7,24
122000402,262,32,230
122000403,124,148,-24
122000404,184,71,113
122000408,215,471,-256
122000503,2,58,-56
122000524,49,74,-25
122000544,40,1090,-1050
122000614,72,112,-40
122000616,60,0,60
122000640,77,33,44
122000641,49,157,-108
122000642,804,344,460
122000643,22,170,-148
122000644,50,16,34
122000645,16,87,-71
122000651,148,633,-485
122000664,67,24,43
122000665,231,153,78
122000666,95,204,-109
122000673,29,109,-80
122000674,359,124,235
122000675,1348,479,869
122000686,246,456,-210
122000687,1189,126,1063
122000688,215,178,37
122000689,805,92,713
122000690,2172,82,2090
122000691,731,285,446
122000692,819,58,761
122000693,196,408,-212
122000695,265,112,153
122000696,387,25,362
122000698,134,96,38
122000699,211,22,189
122000701,866,130,736
122000702,230,768,-538
122000703,57,22,35
122000712,0,0,0
122000717,17,113,-96
122000718,105,1588,-1483
122000719,26,41,-15
122000720,630,32,598
122000724,53,54,-1
122900001,15,10,5
122900002,271,3108,-2837
122900003,178,13,165
122900004,1823,62,1761
122900005,8,148,-140
122900006,55,864,-809
122900007,31,54,-23
122900008,96,280,-184
122900009,72,24,48
122900010,110,49,61
122900012,121,162,-41
122900014,19,26,-7
122900015,626,229,397
122900016,24,92,-68
122900017,104,402,-298
122900018,20,2,18
122900020,59,454,-395
122900021,4,174,-170
122900022,536,562,-26
122900023,207,48,159
122900024,56,61,-5
122900025,0,40,-40
122900026,1,28,-27
122900027,4,394,-390
122900028,43,17,26
122900029,1933,890,1043
122900030,255,29,226
122900031,24,185,-161
122900032,91,111,-20
122900033,116,87,29
122900034,1093,1591,-498
122900035,5,3,2
122900036,22,7,15
122900037,138,40,98
122900038,17,817,-800
122900039,8,153,-145
122900040,135,287,-152
122900041,26,227,-201
122900042,75,58,17
122900043,99,88,11
122900044,55,149,-94
122900045,22,90,-68
122900046,47,211,-164
122900047,60,11,49
122900048,4,121,-117
122900049,631,30,601
122900051,1,119,-118
122900052,93,33,60
122900053,2,19,-17
122900055,81,30,51
122900057,122,8,114
122900061,265,2,263
122900062,271,372,-101
122900063,74,47,27
122900064,505,292,213
122900065,165,103,62
122900066,139,51,88
122900067,329,127,202
122900069,140,577,-437
122900070,212,25,187
122900071,19,47,-28
122900073,19,56,-37
122900074,827,48,779
122900075,0,8,-8
122900076,0,46,-46
122900077,0,6,-6
122900078,140,3,137
122900080,3,22,-19
122900081,68,76,-8
122900082,870,59,811
122900083,16,35,-19
122900084,1,73,-72
122900086,0,29,-29
122900087,299,150,149
122900088,1,191,-190
122900089,62,243,-181
122900090,0,125,-125
122900091,246,0,246
122900092,99,31,68
122900093,0,12,-12
122900094,0,49,-49
122900095,112,4,108
122900096,313,9,304
122900097,24,16,8
122900098,2,31,-29
122900099,137,23,114
122900100,11,389,-378
122900101,77,79,-2
122900102,68,34,34
122900103,319,1,318
122900104,142,4,138
122900105,2,5,-3
122900106,0,2,-2
122900107,2,9,-7
122900108,0,42,-42
122900109,149,56,93
123000001,333,316,17
123000002,1428,3993,-2565
123000003,1947,1318,629
123000004,1320,1972,-652
123000005,1839,1089,750
123000006,1119,1038,81
123000007,1802,1234,568
123000008,1014,1472,-458
123000009,2094,1969,125
123000010,1634,1917,-283
123000011,765,627,138
123000012,185,1062,-877
123000013,2190,526,1664
123000014,278,1424,-1146
123000015,1208,726,482
123000016,1483,1370,113
123000017,3367,1751,1616
123000018,109,29,80
123000019,357,10,347
123000020,227,14,213
123000021,221,167,54
123000022,595,974,-379
123000023,1643,1216,427
123000024,954,465,489
123000025,314,37,277
123000026,28,67,-39
123000027,15,489,-474
123000028,70,2681,-2611
123000029,113,1210,-1097
123000030,197,87,110
123000031,358,62,296
123000032,487,108,379
123000033,153,34,119
123000034,510,432,78
123000035,136,275,-139
123000036,61,563,-502
123000037,39,102,-63
123000038,17,218,-201
123000039,294,1017,-723
123000040,275,79,196
123000041,246,399,-153
123000042,239,272,-33
123000043,462,3625,-3163
123000044,1560,882,678
123000045,1193,437,756
123000046,101,446,-345
123000047,90,256,-166
123000048,21,1032,-1011
123000049,1511,2776,-1265
123000050,842,594,248
123000051,24,58,-34
123000052,263,855,-592
123000053,872,921,-49
123000054,833,823,10
123000055,1205,2112,-907
123000056,416,289,127
123000057,992,444,548
123000058,160,64,96
123000059,35,34,1
123000060,423,155,268
123000061,87,136,-49
123000063,469,295,174
123000064,825,454,371
123000065,961,630,331
123000066,60,193,-133
123000067,289,140,149
123000068,557,514,43
123000069,1173,428,745
123000070,94,31,63
123000071,1028,453,575
123000072,572,249,323
123000073,889,266,623
123000074,305,368,-63
123000075,173,684,-511
123000076,250,108,142
123000077,1104,939,165
123000078,1247,486,761
123000079,1304,598,706
123000080,1198,372,826
123000081,167,136,31
123000082,187,470,-283
123000083,273,155,118
123000084,871,360,511
123000085,716,762,-46
123000086,596,349,247
123000087,289,194,95
123000088,800,311,489
123000089,491,302,189
123000090,547,299,248
123000091,774,540,234
123000092,436,490,-54
123000094,336,213,123
123000095,514,146,368
123000096,442,177,265
123000097,349,117,232
123000098,494,182,312
123000099,315,135,180
123000100,147,382,-235
123000101,196,127,69
123000102,243,540,-297
123000104,114,184,-70
123000105,141,72,69
123000106,206,113,93
123000107,131,92,39
123000108,278,377,-99
123000111,562,695,-133
123000112,428,248,180
123000113,384,362,22
123000114,156,230,-74
123000115,139,221,-82
123000116,59,32,27
123000117,944,464,480
123000118,272,123,149
123000119,113,155,-42
123000120,269,344,-75
123000121,285,225,60
123000122,171,99,72
123000123,340,226,114
123000124,237,88,149
123000125,418,474,-56
123000126,543,1170,-627
123000127,221,134,87
123000128,90,110,-20
123000129,730,21,709
123000130,591,11,580
123000131,648,279,369
123000132,172,251,-79
123000133,65,64,1
123000134,167,21,146
123000135,851,1958,-1107
123000136,117,136,-19
123000137,34,95,-61
123000138,22,76,-54
123000139,433,55,378
123000140,24,75,-51
123000141,195,13,182
123000142,638,376,262
123000143,366,630,-264
123000144,1,9,-8
123000145,106,465,-359
123000146,16,224,-208
123000147,28,249,-221
123000149,152,194,-42
123000150,34,93,-59
123000151,90,305,-215
123000152,17,86,-69
123000153,68,468,-400
123000154,609,1325,-716
123000155,647,990,-343
123000156,4,26,-22
123000157,335,478,-143
123000158,194,422,-228
123000159,921,1768,-847
123000160,684,588,96
123000161,715,521,194
123000162,407,483,-76
123000163,477,75,402
123000164,1023,142,881
123000165,117,343,-226
123000166,4,26,-22
123000167,71,51,20
123000168,176,96,80
123000169,539,28,511
123000170,76,19,57
123000171,803,2,801
123000172,31,186,-155
123000173,347,68,279
123000174,463,153,310
123000175,82,251,-169
123000176,416,104,312
123000177,121,245,-124
123000178,413,333,80
123000179,4,145,-141
123000180,832,150,682
123000181,247,423,-176
123000182,206,188,18
123000183,89,273,-184
123000184,94,136,-42
123000185,564,388,176
123000186,0,251,-251
123000187,344,1,343
123000188,369,0,369
123000189,157,29,128
123000190,2,86,-84
123000192,6,116,-110
123000193,9,179,-170
123000194,256,179,77
123000195,623,18,605
123000196,141,17,124
123000197,35,11,24
123000198,2,224,-222
123000199,0,180,-180
123000200,414,6,408
123000201,407,2,405
123000202,7,111,-104
123000203,876,10,866
123000204,10,185,-175
123000205,90,333,-243
123000206,2359,182,2177
123000207,49,372,-323
123000208,716,544,172
123000209,1704,408,1296
123000210,59,531,-472
123000211,130,435,-305
123000212,2927,300,2627
123000213,425,50,375
123000215,69,134,-65
123000216,59,609,-550
123000217,152,5,147
123000218,84,174,-90
123000219,294,38,256
123000220,203,68,135
123000221,79,8,71
123000222,174,95,79
123000223,406,90,316
123000224,295,121,174
123000225,184,18,166
123000226,127,81,46
123000227,68,69,-1
123000228,209,34,175
123000229,259,224,35
123000232,21,101,-80
123000233,507,45,462
123000234,148,168,-20
123000235,662,132,530
123000236,113,257,-144
123000237,371,48,323
123000238,5,75,-70
123000239,162,187,-25
123000240,34,369,-335
123000241,80,11,69
123000242,31,69,-38
123000243,359,442,-83
123000244,317,170,147
123000245,1,48,-47
123000249,158,291,-133
123000252,467,65,402
123000253,936,313,623
123000254,286,187,99
123000255,281,282,-1
123000256,38,129,-91
123000257,510,439,71
123000258,480,328,152
123000259,272,317,-45
123000260,452,61,391
123000261,161,52,109
123000262,4,18,-14
123000263,316,10,306
123000264,159,50,109
123000265,13,38,-25
123000266,236,155,81
123000267,478,110,368
123000268,24,11,13
123000269,30,52,-22
123000270,19,61,-42
123000271,16,15,1
123000272,317,152,165
123000273,203,695,-492
123000274,879,318,561
123000275,69,268,-199
123000278,612,1529,-917
123000279,163,39,124
123000280,142,151,-9
123000281,108,23,85
123000282,11,112,-101
123000283,177,24,153
123000284,6,25,-19
123000286,54,170,-116
123000287,79,118,-39
123000288,290,648,-358
123000289,85,722,-637
123000291,18,248,-230
123000294,132,197,-65
123000295,556,1193,-637
123000296,493,683,-190
123000297,620,171,449
123000298,862,87,775
123000299,210,151,59
123000300,1012,596,416
123000301,77,162,-85
123000302,173,14,159
123000303,15,505,-490
123000305,269,316,-47
123000306,177,16,161
123000309,10,19,-9
123000310,81,4,77
123000311,441,67,374
123000312,658,208,450
123000313,337,372,-35
123000315,224,71,153
123000316,910,271,639
123000317,128,113,15
123000318,16,95,-79
123000329,2,11,-9
123000337,372,682,-310
123000338,76,293,-217
123000339,272,34,238
123000340,42,85,-43
123000342,1,10,-9
123000343,112,3,109
123000344,207,31,176
123000345,101,88,13
123000346,500,27,473
123000352,384,306,78
123000353,94,7,87
123000354,760,4,756
123000355,0,638,-638
123000356,187,0,187
123000357,1,40,-39
123000359,1,14,-13
123000360,55,56,-1
123000361,357,108,249
123000362,197,15,182
123000363,129,44,85
123000364,272,271,1
123000365,7,142,-135
123000366,131,986,-855
123000367,186,279,-93
123000370,23,50,-27
123000371,423,17,406
123000372,133,3,130
123000373,1,37,-36
123000374,0,8,-8
123000375,272,20,252
123000376,590,411,179
123000377,414,5,409
123000378,1,56,-55
123000379,0,76,-76
123000380,0,71,-71
123000381,65,121,-56
123000382,440,104,336
123000383,51,219,-168
123000384,544,142,402
123000385,18,95,-77
123000436,46,1078,-1032
123000507,43,96,-53
123000508,75,910,-835
123000517,61,4,57
123000518,19,22,-3
123000519,26,36,-10
123000520,28,40,-12
123000521,222,50,172
123000522,27,57,-30
123000541,6,2,4
123000542,0,0,0
123000565,691,22,669
123000566,274,187,87
123000567,142,115,27
123000573,1,77,-76
123000574,709,24,685
123000575,1709,44,1665
123000576,491,233,258
123000577,23,165,-142
123000578,226,113,113
123000579,520,2964,-2444
123000580,97,38,59
123000582,302,2,300
123000583,5,113,-108
123000584,116,122,-6
123000585,0,6,-6
123000586,90,0,90
123000596,27,14,13
123000597,66,75,-9
123000602,37,16,21
123000603,1010,123,887
123000604,555,90,465
123000605,216,6,210
123000606,0,32,-32
123000609,18,147,-129
123000610,28,53,-25
123000613,46,46,0
123000614,216,18,198
123000615,29,119,-90
123000616,618,5,613
123000617,26,80,-54
123000618,25,192,-167
123000619,250,25,225
123000620,1,109,-108
123000622,298,4,294
123000624,208,31,177
123000630,1619,328,1291
123000631,35,293,-258
123000632,453,280,173
123000633,2,154,-152
123000634,12,226,-214
123000635,8,27,-19
123000636,48,193,-145
123000637,126,2,124
123000638,453,204,249
123000639,653,3509,-2856
123000640,18,151,-133
123000648,725,696,29
123000649,32,301,-269
123000650,91,328,-237
123000651,3,396,-393
123000652,120,1,119
123000653,0,0,0
123900001,702,9,693
123900002,14,463,-449
123900003,17,94,-77
123900005,145,170,-25
123900006,205,24,181
124000001,1341,147,1194
124000002,3,382,-379
124000003,816,65,751
124000004,7,77,-70
124000005,710,558,152
124000006,16,183,-167
124000007,447,55,392
124000008,11,177,-166
124000009,702,150,552
124000010,119,179,-60
124000011,595,109,486
124000012,86,259,-173
124000017,120,78,42
124000018,11,4,7
124000019,165,30,135
124000020,7,2,5
124000021,74,44,30
124000022,29,15,14
124000023,328,121,207
124000024,537,174,363
124000025,416,364,52
124000026,720,158,562
124000027,525,177,348
124000028,963,233,730
124000031,661,4529,-3868
124000032,584,193,391
124000033,502,795,-293
124000034,93,261,-168
124000035,249,77,172
124000036,34,193,-159
124000037,92,250,-158
124000038,1,17,-16
124000039,97,54,43
124000040,56,201,-145
124000041,458,26,432
124000042,121,64,57
124000043,118,33,85
124000044,3,26,-23
124000045,931,90,841
124000046,78,189,-111
124000047,1529,140,1389
124000048,418,194,224
124000049,1334,133,1201
124000050,371,401,-30
124000051,1072,138,934
124000052,280,257,23
124000053,308,1303,-995
124000054,239,139,100
124000055,512,2206,-1694
124000056,650,200,450
124000057,1010,169,841
124000058,205,377,-172
124000059,689,579,110
124000060,129,296,-167
124000061,630,3445,-2815
124000062,1347,489,858
124000063,697,365,332
124000064,626,363,263
124000065,17,109,-92
124000066,177,92,85
124000067,107,74,33
124000068,6,23,-17
124000069,486,79,407
124000070,68,96,-28
124000071,78,47,31
124000072,65,154,-89
124000073,524,30,494
124000074,54,92,-38
124000075,395,26,369
124000076,0,1,-1
124000077,72,387,-315
124000078,475,453,22
124000079,40,349,-309
124000080,558,69,489
124000081,41,81,-40
124000082,78,107,-29
124000083,1,34,-33
124000084,11,579,-568
124000085,22,15,7
124000086,10,171,-161
124000087,33,174,-141
124000088,44,66,-22
124000089,358,30,328
124000090,100,132,-32
124000091,402,29,373
124000092,163,309,-146
124000093,136,55,81
124000094,37,135,-98
124000095,90,18,72
124000096,56,54,2
124000097,87,41,46
124000098,192,64,128
124000099,147,39,108
124000100,34,218,-184
124000101,109,80,29
124000102,56,17,39
124000103,86,54,32
124000104,52,51,1
124000105,98,41,57
124000106,35,42,-7
124000107,19,163,-144
124000108,9,14,-5
124000109,187,35,152
124000110,84,19,65
124000111,141,85,56
124000112,572,195,377
124000113,110,99,11
124000114,198,211,-13
124000115,132,312,-180
124000116,91,130,-39
124000117,20,19,1
124000118,14,67,-53
124000119,436,129,307
124000120,268,95,173
124000121,624,369,255
124000122,288,806,-518
124000123,285,171,114
124000124,219,168,51
124000125,191,73,118
124000126,163,118,45
124000127,746,174,572
124000128,338,158,180
124000129,852,441,411
124000130,158,88,70
124000131,516,250,266
124000132,145,225,-80
124000133,675,416,259
124000134,280,198,82
124000135,911,935,-24
124000136,123,239,-116
124000137,306,401,-95
124000138,159,276,-117
124000139,462,56,406
124000140,9,273,-264
124000141,1007,10,997
124000142,22,202,-180
124000143,61,3,58
124000144,0,89,-89
124000145,98,11,87
124000146,0,31,-31
124000148,2,22,-20
124000149,533,115,418
124000150,87,279,-192
124000151,737,145,592
124000152,242,295,-53
124000153,663,335,328
124000154,260,214,46
124000155,402,236,166
124000156,298,159,139
124000169,60,152,-92
124000170,169,185,-16
124000171,126,144,-18
124000172,125,102,23
124000173,421,89,332
124000174,342,150,192
124000175,0,3,-3
124000176,32,12,20
124000177,0,0,0
124000178,18,34,-16
124000185,41,2,39
124000186,17,13,4
124000187,15,23,-8
124000188,121,0,121
124000190,16,77,-61
124000191,64,285,-221
124000192,418,332,86
124000193,61,808,-747
124000194,164,98,66
124000195,309,154,155
124000196,242,325,-83
124000197,31,22,9
124000198,24,31,-7
124000201,16,188,-172
124000202,371,27,344
124000203,531,51,480
124000204,1091,25,1066
124000205,93,37,56
124000206,946,68,878
124000207,0,37,-37
124000209,98,17,81
124000210,806,169,637
124000211,743,0,743
124000212,0,62,-62
124000213,371,68,303
124000214,537,14,523
124000215,613,19,594
124000216,8,156,-148
124000329,11,403,-392
124000338,9,218,-209
124000339,1596,14,1582
124000341,1650,11,1639
124000344,67,16,51
124000357,995,2139,-1144
124000358,936,1832,-896
124000359,852,362,490
124000360,1144,323,821
124000361,1279,893,386
124000362,402,1525,-1123
124000363,193,126,67
124000364,261,227,34
124000365,280,340,-60
124000366,1150,1243,-93
124000367,19,134,-115
124000368,274,649,-375
124000369,31,47,-16
124000370,3,465,-462
124000402,5,8,-3
124000403,103,26,77
124000404,16,24,-8
124000405,442,163,279
124000406,238,82,156
124000407,3,19,-16
124000411,2,62,-60
124000412,362,3,359
124000413,54,73,-19
124000414,103,38,65
124000415,27,39,-12
124000416,137,71,66
124000417,193,57,136
124000418,238,19,219
124000419,57,17,40
124000420,89,13,76
124000421,43,35,8
124000422,13,8,5
124000423,78,9,69
124000424,0,16,-16
124000425,59,5,54
124000426,1,24,-23
124000427,113,0,113
124000428,4,112,-108
124000429,68,18,50
124000430,647,172,475
124000431,290,89,201
124000432,168,615,-447
124000439,4,18,-14
124000443,0,0,0
124000445,43,1872,-1829
124000446,340,346,-6
124000447,1,191,-190
124000448,241,2,239
124000449,327,1,326
124000450,1,62,-61
124000451,0,24,-24
124000452,124,25,99
124000453,1153,1120,33
124000454,978,3342,-2364
124900001,531,64,467
124900002,38,48,-10
124900003,647,88,559
124900004,490,125,365
124900005,72,27,45
124900006,592,107,485
124900008,204,142,62
124900009,19,187,-168
124900010,120,18,102
124900011,339,168,171
124900012,186,24,162
124900013,297,40,257
124900014,141,19,122
124900015,34,209,-175
124900016,45,83,-38
124900017,138,2119,-1981
124900018,38,2,36
124900020,84,16,68
124900021,196,16,180
124900022,31,6,25
124900024,246,0,246
124900026,3,0,3
124900027,68,76,-8
124900028,135,9,126
124900029,35,185,-150
124900030,0,15,-15
124900031,5,35,-30
124900032,138,63,75
124900033,10,25,-15
124900034,1,53,-52
124900035,22,25,-3
124900036,0,64,-64
124900037,18,53,-35
124900038,40,115,-75
124900039,2,91,-89
124900040,21,15,6
124900041,175,111,64
124900042,4,0,4
124900043,186,97,89
124900044,6,0,6
124900045,84,227,-143
124900047,16,29,-13
124900048,168,4,164
124900050,107,13,94
124900052,13,69,-56
124900053,23,94,-71
124900054,238,37,201
124900055,0,0,0
124900057,0,0,0
124900060,6,13,-7
124900061,45,2,43
124900062,137,3,134
124900066,0,0,0
124900067,0,3,-3
124900068,95,287,-192
124900070,20,10,10
124900072,96,8,88
124900075,177,16,161
124900076,61,567,-506
124900077,7,17,-10
124900078,24,0,24
124900079,86,22,64
124900080,193,78,115
124900081,682,73,609
124900082,164,191,-27
124900083,143,64,79
124900085,247,115,132
124900086,13,265,-252
124900087,101,30,71
124900088,29,13,16
124900089,125,3,122
124900090,365,46,319
124900091,113,35,78
124900092,73,27,46
124900093,353,14,339
124900094,330,69,261
124900095,103,261,-158
124900096,111,25,86
124900097,303,6,297
124900098,49,56,-7
124900099,26,109,-83
124900100,203,9,194
124900101,212,7,205
124900102,296,4,292
124900103,24,24,0
124900104,10,15,-5
124900105,26,22,4
124900106,146,6,140
124900107,148,5,143
124900108,57,30,27
124900111,0,0,0
124900112,46,46,0
124900113,7,29,-22
124900114,0,14,-14
124900115,10,8,2
124900116,174,177,-3
124900117,62,73,-11
124900118,31,574,-543
124900119,164,127,37
124900120,3,11,-8
124900121,2,266,-264
124900122,95,9,86
124900123,62,34,28
124900124,16,41,-25
124900125,295,4,291
124900126,0,0,0
204000001,218,4,214
204000002,13,8,5
204000003,31,20,11
204000004,27,2,25
204000005,253,219,34
204000006,826,1105,-279
204000011,0,0,0
204000012,4,3,1
204000019,1100,240,860
204000020,664,219,445
204000021,513,576,-63
204000022,910,322,588
204000023,185,378,-193
204000031,13,2,11
204000032,100,9,91
204000034,67,9,58
204000035,0,11,-11
204000036,3,15,-12
204000037,1,28,-27
204000038,1,8,-7
204000039,16,17,-1
204000040,4,2,2
204000041,4,18,-14
204000042,18,8,10
204000043,37,1,36
204000044,29,0,29
204000045,29,2,27
204000046,19,5,14
204000057,5,34,-29
204000062,10,37,-27
204000068,2,43,-41
204000069,9,158,-149
204000070,90,25,65
204000080,16,10,6
204000085,403,219,184
204000086,591,544,47
204000087,36,3,33
204000088,0,0,0
204000090,126,12,114
204000093,411,20,391
204000096,776,261,515
204000097,299,7,292
204000099,744,1387,-643
204000100,1160,481,679
204000105,340,113,227
204000110,109,347,-238
204000111,143,262,-119
204000112,88,141,-53
204000113,152,296,-144
204000114,549,789,-240
204000115,609,163,446
204000116,330,116,214
204000119,2103,639,1464
204000132,535,364,171
204000133,596,44,552
204000134,152,29,123
204000135,486,2,484
204000136,403,73,330
204000138,214,549,-335
204000140,306,92,214
204000141,153,28,125
204000144,2,46,-44
204000145,152,12,140
204000146,3,7,-4
204000147,4,30,-26
204000148,87,16,71
204000154,3,0,3
204000155,0,26,-26
204000177,58,52,6
204000179,22,12,10
204000180,0,12,-12
204000222,7,57,-50
204000235,4,21,-17
204000236,14,21,-7
204000238,19,5,14
204000240,78,6,72
204000263,209,168,41
204000268,418,121,297
204000308,15,8,7
204000317,9,29,-20
204000322,19,26,-7
204000323,2,21,-19
204000328,155,15,140
204000329,22,40,-18
204000330,119,11,108
204000331,132,6,126
205000001,222,263,-41
205000013,0,7,-7
205000014,7,2,5
205000015,5,14,-9
205000016,10,13,-3
205000017,9,4,5
205000022,111,181,-70
205000025,349,180,169
205000029,516,6,510
205000045,84,58,26
205000046,29,63,-34
205000047,9,25,-16
205000048,146,57,89
205000049,73,31,42
205000050,88,22,66
205000059,1,31,-30
205000060,0,63,-63
205000061,0,132,-132
205000062,0,60,-60
205000063,3,196,-193
205000064,5,71,-66
205000065,49,153,-104
205000066,34,82,-48
205000067,38,156,-118
205000069,125,7,118
205000082,58,67,-9
205000110,46,22,24
205000111,28,29,-1
205000112,21,66,-45
205000113,10,21,-11
205000121,96,63,33
205000123,17,11,6
205000126,480,55,425
205000127,562,36,526
205000128,235,35,200
205000129,486,61,425
205000130,103,19,84
205000131,23,22,1
205000132,50,18,32
205000133,67,0,67
205000134,271,0,271
205000137,16,4,12
205000138,21,12,9
205000139,1,24,-23
205000144,34,39,-5
205000145,131,42,89
205000151,75,33,42
205000152,54,26,28
205000153,163,34,129
205000154,21,63,-42
205000155,80,41,39
205000207,0,0,0
205000233,46,5,41
205000234,0,0,0
205000243,0,0,0
205000244,0,3,-3
205000245,0,15,-15
205000249,0,15,-15
205000250,2,0,2
205000264,1,3,-2
206000027,2,3,-1
206000028,1,2,-1
206000043,0,14,-14
206000053,1,2,-1
206000054,0,3,-3
206000055,0,3,-3
206000075,2,7,-5
206000076,0,2,-2
206000077,13,0,13
206000078,20,0,20
206000079,39,1,38
206000082,213,62,151
206000100,11,153,-142
206000103,0,0,0
206000104,0,0,0
206000105,0,0,0
206000106,0,0,0
206000125,150,0,150
206000157,8,46,-38
206000170,0,84,-84
206000171,0,105,-105
206000172,17,40,-23
206000173,2,26,-24
206000174,3,11,-8
206000175,0,13,-13
206000176,14,23,-9
206000177,0,25,-25
206000178,0,104,-104
206000179,1,14,-13
206000180,5,25,-20
206000181,0,41,-41
206000182,12,20,-8
206000183,16,46,-30
206000184,0,28,-28
206000185,1,10,-9
206000186,6,109,-103
206000223,0,114,-114
206000226,25,1,24
206000227,14,0,14
206000237,4,57,-53
206000238,16,132,-116
206000239,68,411,-343
206000240,0,0,0
206000241,0,46,-46
206000242,0,29,-29
206000243,3,32,-29
206000244,8,58,-50
206000245,2006,35,1971
206000246,566,1,565
206000247,738,1,737
206000248,751,12,739
206000252,25,48,-23
206000258,0,0,0
206000315,13,0,13
206000317,613,119,494
206000318,813,34,779
206000319,2538,25,2513
206000320,857,25,832
206000321,733,1,732
206000322,1139,5,1134
206000323,464,2,462
206000324,422,1,421
206000325,202,13,189
206000326,311,7,304
206000327,21,12,9
206000328,271,4,267
206000329,674,2,672
206000330,169,2,167
206000331,372,0,372
206000332,106,0,106
206000333,1379,0,1379
206000334,780,0,780
206000335,0,4,-4
206000361,0,19,-19
206000392,1,1,0
206000405,238,2,236
206000441,45,36,9
206000498,55,4,51
206000515,34,25,9
206000530,435,88,347
206000531,189,174,15
206000532,874,154,720
206000535,39,915,-876
206000536,0,67,-67
206000537,1,66,-65
206000613,1143,241,902
206000784,365,25,340
207000001,23,134,-111
207000002,25,148,-123
207000003,42,124,-82
207000007,1758,139,1619
207000008,284,1,283
207000009,61,2,59
207000010,68,113,-45
207000012,423,62,361
207000015,50,258,-208
207000019,264,19,245
207000021,309,129,180
207000022,132,74,58
207000023,217,49,168
207000024,1,2,-1
207000025,3,34,-31
207000026,0,1,-1
207000027,0,0,0
207000028,1,27,-26
207000029,3,83,-80
207000033,122,175,-53
207000034,146,30,116
207000039,564,45,519
207000040,760,10,750
207000041,66,2,64
207000042,267,13,254
207000043,202,148,54
207000051,1,8,-7
207000052,1,7,-6
207000053,107,227,-120
207000054,27,51,-24
207000055,42,30,12
207000056,81,118,-37
207000057,30,49,-19
207000058,78,80,-2
207000059,37,133,-96
207000060,13,198,-185
207000061,95,1046,-951
207000062,767,36,731
207000063,522,45,477
207000064,233,21,212
207000065,256,76,180
207000066,498,85,413
207000067,79,22,57
207000068,141,32,109
207000069,491,122,369
207000082,6,106,-100
207000083,45,115,-70
207000084,513,115,398
207000085,338,35,303
207000086,507,2,505
207000106,84,16,68
207000107,103,6,97
207000108,127,1,126
207000109,50,2,48
207000110,28,17,11
207000111,55,6,49
207000112,35,251,-216
207000114,0,0,0
207000115,0,0,0
207000116,0,0,0
207000117,0,0,0
207000118,0,0,0
207000119,0,0,0
207000123,244,4,240
207000124,95,10,85
207000125,58,3,55
207000126,86,1,85
207000134,205,51,154
207000135,38,133,-95
207000148,114,171,-57
207000149,0,0,0
207000152,4,149,-145
207000153,15,396,-381
207000154,265,79,186
207000159,2,7,-5
207000160,10,21,-11
207000238,0,0,0
207000242,0,0,0
207000248,0,0,0
207000249,0,0,0
207000250,0,0,0
207000251,0,0,0
207000252,0,0,0
207000278,97,66,31
207000279,0,15,-15
207000280,1287,32,1255
207000281,23,165,-142
207000282,19,481,-462
207000283,16,78,-62
207000284,7,1329,-1322
207000285,46,68,-22
207000291,0,0,0
207000304,28,23,5
207000306,22,204,-182
207000310,125,81,44
207000353,64,3,61
207000356,1,5,-4
207000357,0,20,-20
207000358,0,10,-10
207000415,0,0,0
207000417,19,3,16
207000418,80,31,49
207000438,0,0,0
207000439,239,78,161
207000446,73,17,56
207000460,155,8,147
207000466,0,1,-1
207000467,665,32,633
207000468,3,16,-13
207000476,0,43,-43
207000477,234,25,209
207000478,0,15,-15
207000523,0,0,0
207000524,58,0,58
207000527,281,130,151
207000530,193,5,188
207000531,156,3,153
207000532,26,29,-3
207000534,121,9,112
207000535,0,0,0
207000537,0,0,0
207000540,0,0,0
207000541,0,0,0
207000548,0,0,0
207000549,93,12,81
207000561,115,59,56
207000562,0,0,0
207000567,11,89,-78
207000568,384,13,371
207000569,919,150,769
207000584,0,0,0
207000585,3,27,-24
207000587,346,6,340
207000616,0,28,-28
207000617,221,0,221
207000624,15,15,0
207000631,6,17,-11
207900008,585,23,562
208000001,331,513,-182
208000002,499,494,5
208000003,592,325,267
208000004,581,358,223
208000005,0,0,0
208000019,847,412,435
208000020,157,226,-69
208000021,152,152,0
208000022,305,509,-204
208000028,321,754,-433
208000033,150,183,-33
208000034,416,414,2
208000037,171,15,156
208000040,121,34,87
208000041,403,249,154
208000042,828,298,530
208000047,36,82,-46
208000064,1238,922,316
208000066,722,527,195
208000070,601,291,310
208000071,526,104,422
208000072,719,191,528
208000080,248,246,2
208000081,283,75,208
208000082,125,43,82
208000083,90,90,0
208000084,8,91,-83
208000085,226,68,158
208000086,285,196,89
208000087,277,383,-106
208000089,470,64,406
208000090,329,153,176
208000093,4,42,-38
208000094,111,121,-10
208000095,470,248,222
208000104,941,190,751
208000105,516,325,191
208000114,15,196,-181
208000115,276,192,84
208000116,882,884,-2
208000117,3,70,-67
208000118,70,175,-105
208000155,288,386,-98
208000158,745,1051,-306
208000186,394,911,-517
208000204,364,478,-114
208000205,701,336,365
208000282,553,364,189
209000004,434,85,349
209000005,56,10,46
209000006,300,140,160
209000007,250,296,-46
209000010,0,0,0
209000011,0,0,0
209000012,15,37,-22
209000013,26,20,6
209000014,18,49,-31
209000025,548,64,484
209000026,1295,148,1147
209000027,22,40,-18
209000028,37,48,-11
209000029,81,30,51
209000030,142,93,49
209000031,480,134,346
209000034,192,163,29
209000035,186,182,4
209000036,411,53,358
209000037,477,133,344
209000038,293,63,230
209000039,106,59,47
209000040,240,147,93
209000041,97,166,-69
209000042,216,136,80
209000043,429,234,195
209000044,297,330,-33
209000045,359,76,283
209000046,313,107,206
209000047,189,71,118
209000048,389,300,89
209000049,15,14,1
209000050,118,41,77
209000051,150,30,120
209000052,15,40,-25
209000062,0,1,-1
209000063,1,0,1
209000064,3,4,-1
209000065,250,13,237
209000066,154,14,140
209000067,179,19,160
209000080,7,11,-4
209000082,87,25,62
209000091,0,0,0
209000093,1,1,0
209000094,0,0,0
209000110,77,109,-32
209000111,348,1741,-1393
209000112,1127,340,787
209000113,1830,372,1458
209000114,1016,310,706
209000115,8,29,-21
209000116,79,75,4
209000118,3,62,-59
209000119,0,0,0
209000121,8,24,-16
209000135,78,40,38
209000142,469,1760,-1291
209000143,0,0,0
209000144,33,123,-90
209000229,109,43,66
209000240,1,5,-4
209000259,17,16,1
209000260,15,104,-89
209000261,2,63,-61
209000262,0,42,-42
209000263,0,36,-36
209000264,0,42,-42
209000265,205,1,204
209000266,85,0,85
209000267,738,6,732
209000268,261,77,184
210000037,175,22,153
210000047,28,6,22
210000048,99,11,88
210000049,52,0,52
210000052,37,1,36
210000053,8,1,7
210000054,5,25,-20
210000070,135,11,124
210000071,116,0,116
210000072,29,2,27
210000073,0,0,0
210000074,0,0,0
210000075,0,0,0
210000076,0,18,-18
210000077,2,31,-29
210000078,1,57,-56
210000079,18,14,4
210000080,30,119,-89
210000081,63,8,55
210000082,34,0,34
210000083,21,0,21
210000084,74,0,74
210000085,0,1,-1
210000086,0,3,-3
210000099,2,9,-7
210000100,2,14,-12
210000101,0,16,-16
210000105,2,68,-66
210000159,0,2,-2
210000163,7,29,-22
210000164,190,106,84
210000168,144,14,130
210000187,0,0,0
210000188,0,0,0
210000214,54,0,54
210000219,112,42,70
210000220,156,4,152
210000232,0,2,-2
210000233,2,1,1
210000234,2,5,-3
210000235,6,4,2
210000245,0,0,0
210000246,20,0,20
210000258,1,4,-3
210000259,150,30,120
210000282,0,7,-7
210000285,0,4,-4
210000286,0,5,-5
210000290,1,18,-17
210000295,13,39,-26
210000296,11,4,7
210000320,211,10,201
210000321,86,1,85
210000338,11,25,-14
210000339,5,74,-69
210000340,6,26,-20
210000341,37,19,18
210000342,59,21,38
210000343,47,44,3
210000344,36,27,9
210000345,19,47,-28
210000346,11,32,-21
210000347,3,28,-25
210000348,18,28,-10
210000349,4,23,-19
210000350,43,21,22
210000351,66,20,46
210000352,33,16,17
210000353,23,23,0
210000354,43,23,20
210000355,11,107,-96
210000356,23,75,-52
210000357,23,117,-94
210000358,222,163,59
210000359,63,147,-84
210000360,183,207,-24
210000361,139,44,95
210000362,337,58,279
210000363,330,112,218
210000364,146,55,91
210000365,123,4,119
210000366,279,69,210
210000367,58,24,34
210000368,113,24,89
210000369,35,19,16
210000370,169,43,126
210000372,10,13,-3
210000373,17,12,5
210000374,66,10,56
210000375,4,13,-9
210000376,10,131,-121
210000404,4,13,-9
210000439,13,3,10
210000472,17,0,17
210000482,187,52,135
210000564,156,73,83
210000567,0,76,-76
210000568,214,0,214
211000092,20,41,-21
211000094,25,0,25
211000169,206,1,205
211000172,3,70,-67
211000209,0,35,-35
211000226,13,11,2
211000270,101,1,100
211000275,53,9,44
211000276,139,4,135
211000279,24,40,-16
211000281,118,18,100
211000302,34,8,26
211507980,0,19,-19
211977296,38,3,35
212000003,209,39,170
212000004,2,35,-33
212000005,3,42,-39
212000006,2,134,-132
212000008,68,115,-47
212000009,16,60,-44
212000012,26,27,-1
212000013,7,13,-6
212000014,89,37,52
212000015,94,68,26
212000016,172,148,24
212000027,479,131,348
212000028,260,123,137
212000029,223,111,112
212000030,42,14,28
212000031,38,20,18
212000048,7,100,-93
212000049,0,97,-97
212000050,1,10,-9
212000051,158,30,128
212000052,106,72,34
212000053,68,87,-19
212000054,494,27,467
212000055,416,48,368
212000056,23,36,-13
212000057,12,28,-16
212000058,73,16,57
212000070,73,55,18
212000077,43,87,-44
212000099,354,55,299
212000108,234,126,108
212000111,384,45,339
212000120,71,124,-53
212000138,51,11,40
212000156,10,52,-42
212000158,3,51,-48
212000159,573,51,522
212000160,583,50,533
212000161,79,8,71
212000310,15,4,11
212000311,21,36,-15
212000374,7,1,6
213000001,9,140,-131
213000005,480,26,454
213000006,496,53,443
213000007,48,30,18
213000009,172,69,103
213000010,261,36,225
213000011,211,25,186
213000012,85,160,-75
213000014,48,31,17
213000015,148,21,127
213000016,170,3,167
213000017,76,0,76
213000018,0,15,-15
213000019,0,27,-27
213000020,47,51,-4
213000021,1,23,-22
213000023,233,169,64
213000033,108,555,-447
213000034,252,65,187
213000035,171,284,-113
213000045,106,76,30
213000046,40,36,4
213000047,98,682,-584
213000056,116,4,112
213000069,50,4,46
213000073,0,19,-19
213000074,46,170,-124
213000075,503,4,499
213000076,12,0,12
213000085,0,3,-3
213000086,1,11,-10
213000091,216,8,208
213000092,26,14,12
213000099,77,475,-398
213000100,630,191,439
213000101,494,67,427
213000102,447,94,353
213000103,317,186,131
213000104,17,128,-111
213000105,45,747,-702
213000106,8,73,-65
213000107,75,183,-108
213000108,44,185,-141
213000109,4,113,-109
213000110,5,81,-76
213000111,1,112,-111
213000112,16,219,-203
213000115,23,0,23
213000116,23,152,-129
213000117,0,185,-185
213000118,676,271,405
213000119,14,147,-133
213000120,8,107,-99
213000122,48,257,-209
213000123,47,254,-207
213000124,43,316,-273
213000125,218,15,203
213000126,20,50,-30
213000127,3,66,-63
213000128,43,252,-209
213000129,223,1019,-796
213000130,940,343,597
213000132,678,109,569
213000133,580,44,536
213000134,845,16,829
213000136,443,11,432
213000137,469,37,432
213000139,260,15,245
213000147,3,11,-8
213000148,25,14,11
213000149,2,4,-2
213000150,0,207,-207
213000151,0,101,-101
213000152,0,178,-178
213000153,0,161,-161
213000154,33,202,-169
213000155,26,132,-106
213000156,77,208,-131
213000157,818,208,610
213000158,254,226,28
213000159,427,142,285
213000163,1515,116,1399
213000165,397,102,295
213000171,41,14,27
213000172,39,44,-5
213000173,34,18,16
213000174,1,18,-17
213000175,6,16,-10
213000176,19,60,-41
213000177,42,8,34
213000178,67,3,64
213000179,272,5,267
213000180,241,5,236
213000184,41,179,-138
213000188,448,48,400
213000189,574,33,541
213000190,480,70,410
213000191,549,52,497
213000192,237,9,228
213000193,210,161,49
213000194,1,130,-129
213000195,40,225,-185
213000196,231,672,-441
213000197,426,441,-15
213000198,9,0,9
213000200,59,178,-119
213000201,3,57,-54
213000202,19,212,-193
213000203,888,185,703
213000204,872,12,860
213000205,246,5,241
213000206,425,5,420
213000207,20,0,20
213000208,1,0,1
213000209,37,9,28
213000210,44,0,44
213000211,1,35,-34
213000212,0,49,-49
213000213,0,94,-94
213000218,177,292,-115
213000219,793,20,773
213000220,784,5,779
213000223,167,91,76
213000224,4,68,-64
213000225,59,38,21
213000226,13,6,7
213000227,1039,119,920
213000228,513,44,469
213000229,119,8,111
213000230,550,1,549
213000232,44,1006,-962
213000233,9,97,-88
213000234,0,2,-2
213000293,6,101,-95
213000294,38,18,20
213000295,8,79,-71
213000296,110,25,85
213000297,2,19,-17
213000298,1,21,-20
213000299,30,29,1
213000300,2,15,-13
213000303,0,5,-5
213000304,0,11,-11
213000305,1,24,-23
213000306,5,15,-10
213000307,39,116,-77
213000308,24,45,-21
213000309,130,16,114
213000310,104,84,20
213000311,46,282,-236
213000315,32,21,11
213000316,174,35,139
213000322,30,21,9
213000323,42,27,15
213000340,25,149,-124
213000341,883,46,837
213000346,86,187,-101
213000347,115,273,-158
213000348,2,44,-42
213000349,0,31,-31
213000350,98,409,-311
213000366,27,151,-124
213000367,403,7,396
213000379,24,48,-24
213000386,8,212,-204
213000406,103,211,-108
213000417,1023,278,745
213000425,262,15,247
213000426,123,15,108
213000427,61,69,-8
213000428,26,28,-2
213000429,1,1,0
213000430,65,78,-13
213000431,1,1,0
213000432,0,200,-200
213000433,20,33,-13
213000434,134,14,120
213000435,69,28,41
213000439,36,9,27
213000441,0,5,-5
213000443,271,314,-43
213000445,0,68,-68
213000446,22,293,-271
213000447,0,78,-78
213000448,10,29,-19
213000449,647,1,646
213000450,17,11,6
213000451,298,4,294
213000452,2,8,-6
213000453,5,50,-45
213000455,65,25,40
213000456,0,74,-74
213000481,0,0,0
213000482,14,0,14
213000489,87,18,69
213000491,15,338,-323
213000492,62,1,61
213000493,1,175,-174
213000494,262,38,224
213000495,0,7,-7
213000496,298,133,165
213000497,45,341,-296
213000498,36,204,-168
213000499,66,166,-100
213000500,433,15,418
213000501,158,8,150
213000502,50,22,28
213000503,0,42,-42
213000504,9,57,-48
213000505,15,2,13
213000506,0,0,0
213000507,0,54,-54
213900244,35,0,35
213900245,0,2,-2
218000003,57,33,24
218000004,33,7,26
218000005,10,51,-41
218000006,48,30,18
218000007,6,31,-25
218000012,30,161,-131
218000013,79,62,17
218000014,49,67,-18
218000019,172,185,-13
218000020,168,279,-111
218000040,5,0,5
218000046,64,88,-24
218000047,33,59,-26
218000048,99,73,26
218000049,42,78,-36
218000050,188,108,80
218000051,99,150,-51
218000052,0,37,-37
218000053,0,7,-7
218000054,3,23,-20
218000055,3,22,-19
218000056,17,63,-46
218000057,1,33,-32
218000064,2,18,-16
218000065,51,7,44
218000066,9,54,-45
218000067,83,36,47
218000068,108,17,91
218000069,326,18,308
218000070,234,124,110
218000071,164,136,28
218000072,84,115,-31
218000078,585,183,402
218000079,303,8,295
218000080,101,15,86
218000081,583,33,550
218000082,194,29,165
218000083,13,2,11
218000084,36,28,8
218000085,49,20,29
218000086,10,10,0
218000087,38,14,24
218000090,23,158,-135
218000091,885,229,656
218000092,78,87,-9
218000093,45,24,21
218000094,255,147,108
218000099,106,58,48
218000100,122,51,71
218000101,106,48,58
218000102,123,46,77
218000103,51,12,39
218000104,30,5,25
218000105,16,3,13
218000106,42,4,38
218000107,57,36,21
218000108,1,20,-19
218000112,32,1,31
218000117,76,63,13
218000134,201,118,83
218000135,3,57,-54
218000136,54,89,-35
218000137,101,37,64
218000138,15,35,-20
218000139,105,139,-34
218000140,339,132,207
218000141,40,28,12
218000142,50,63,-13
218000143,58,132,-74
218000144,7,155,-148
218000145,366,127,239
218000146,69,16,53
218000151,1,22,-21
218000152,44,45,-1
218000170,0,37,-37
218000171,30,3,27
218000172,3,0,3
218000173,5,4,1
218000174,24,3,21
218000176,187,7,180
218000177,343,17,326
218000178,131,12,119
218000179,178,10,168
218000180,59,29,30
218000181,313,21,292
218000187,4,7,-3
218000188,8,3,5
218000189,0,44,-44
218000190,0,0,0
218000191,81,35,46
218000192,42,41,1
218000193,144,44,100
218000194,77,50,27
218000195,158,66,92
218000196,274,80,194
218000197,550,85,465
218000198,74,50,24
218000199,24,12,12
218000200,18,14,4
218000201,4,5,-1
218000202,11,198,-187
218000207,26,4,22
218000208,10,33,-23
218000211,5,4,1
218000213,178,140,38
218000214,5,36,-31
218000215,112,65,47
218000217,2,52,-50
218000218,321,99,222
218000219,0,15,-15
218000220,49,236,-187
218000221,469,190,279
218000222,0,86,-86
218000223,8,286,-278
218000224,1,112,-111
218000225,110,5,105
218000226,156,24,132
218000232,39,38,1
218000239,67,9,58
218000240,0,4,-4
218000241,2,0,2
218000242,2,1,1
218000243,2,1,1
218000244,24,0,24
218000245,28,2,26
218000246,0,1,-1
218000247,0,0,0
218000248,0,14,-14
218000249,0,4,-4
218000250,0,4,-4
218000251,1,18,-17
218000252,1,71,-70
218000253,0,25,-25
218000254,0,4,-4
218000255,0,4,-4
218000256,21,30,-9
218000267,282,466,-184
218000268,0,16,-16
218000269,1,1,0
218000270,33,8,25
218000271,0,7,-7
218000273,42,4,38
218000274,7,1,6
218000275,42,83,-41
218000276,15,13,2
218000278,2,35,-33
218000279,45,11,34
218000280,0,9,-9
218000281,0,6,-6
218000282,374,489,-115
218000284,26,3,23
218000301,14,44,-30
218000302,28,3,25
218000303,3,59,-56
218000316,1164,382,782
218000317,2161,238,1923
218000318,1349,135,1214
218000319,638,284,354
218000320,303,151,152
218000338,37,42,-5
218000345,90,50,40
218000346,110,53,57
218000459,31,113,-82
218000490,0,29,-29
218000501,63,8,55
218000502,28,14,14
218000503,111,6,105
218000504,80,5,75
218000505,4,28,-24
218000506,4,75,-71
218000508,0,2,-2
218000510,82,6,76
218000520,83,73,10
218000521,1,15,-14
218000522,0,300,-300
218000523,87,12,75
218000524,2,136,-134
218000525,34,16,18
218000526,3,124,-121
218000529,26,42,-16
218000531,34,19,15
218000532,61,11,50
218000534,419,32,387
218000537,8,97,-89
218000538,41,117,-76
218000540,34,63,-29
218000543,144,19,125
218000544,1,12,-11
218000545,158,26,132
218000546,2,3,-1
218000547,103,83,20
218000548,86,73,13
218000549,629,56,573
218000550,32,134,-102
218000551,39,256,-217
218000552,346,120,226
218000553,50,30,20
218000554,2,7,-5
218000555,61,45,16
218000556,98,45,53
218000557,708,293,415
218000558,8,0,8
218000559,0,71,-71
218000560,0,10,-10
218000561,0,0,0
218000562,1,88,-87
218000563,76,5,71
218000564,0,110,-110
218000565,42,34,8
218000566,12,5,7
218000567,0,80,-80
218000568,0,1,-1
218000569,2,106,-104
218000570,32,2,30
218000571,0,113,-113
218000572,34,1,33
218000573,1,169,-168
218000574,25,12,13
218000575,56,1,55
218000576,0,57,-57
218000577,19,0,19
218000578,1,54,-53
218000579,3,3,0
218000581,4,5,-1
218000582,111,1,110
218000583,21,10,11
218000584,0,11,-11
218000585,38,0,38
218000586,8,24,-16
218000587,0,0,0
218000588,0,8,-8
218000589,14,61,-47
218000590,3,0,3
218000591,2,131,-129
218000592,0,32,-32
218000593,20,147,-127
218000594,1,32,-31
218000597,0,54,-54
218000598,0,5,-5
218000599,1,137,-136
218000600,0,19,-19
218000601,0,46,-46
218000602,0,6,-6
218000603,0,11,-11
218000604,35,1,34
218000605,1,530,-529
218000606,329,0,329
218000607,3,120,-117
218000608,11,6,5
218000609,2,13,-11
218000610,66,0,66
218000611,0,0,0
218000612,0,3,-3
218000613,39,0,39
218000614,28,17,11
218000615,103,0,103
218000616,4,138,-134
218000617,0,0,0
218000618,0,46,-46
218000619,34,3,31
218000620,1,24,-23
218000621,0,0,0
218000622,0,77,-77
218000623,2,0,2
218000624,0,61,-61
218000625,2,0,2
218000626,0,26,-26
218000628,147,67,80
218000631,165,28,137
218000632,2,131,-129
218000633,19,0,19
218000634,1,2,-1
218000635,3,4,-1
218000636,403,188,215
218000637,942,111,831
218000638,368,8,360
218000639,18,15,3
218000640,538,7,531
218000641,146,21,125
218000652,47,35,12
218000653,172,10,162
218000663,6,19,-13
218000675,14,31,-17
218000680,90,109,-19
218000681,664,41,623
218000691,229,183,46
218000693,776,45,731
218000718,12,140,-128
218000719,10,99,-89
218000720,1,119,-118
218000721,4,3,1
218001147,1,174,-173
218001214,2,14,-12
218001258,690,35,655
218001329,184,134,50
218001330,41,170,-129
218001351,2,26,-24
218001352,22,29,-7
218001353,6,14,-8
218001354,19,24,-5
218001355,11,48,-37
218001356,809,96,713
218001357,1,78,-77
218001358,529,5,524
218001361,1170,81,1089
218001362,0,36,-36
219000001,0,0,0
219000002,0,0,0
219000003,49,23,26
219000004,23,62,-39
219000017,47,33,14
219000020,147,29,118
219000022,211,1,210
219000023,22,2,20
219000029,0,0,0
219000034,48,30,18
219000039,0,2,-2
219000040,9,27,-18
219000041,118,10,108
219000051,0,0,0
219000052,0,0,0
219000053,0,0,0
219000055,336,2,334
219000056,1,0,1
219000057,41,0,41
219000062,5,19,-14
219000063,189,5,184
219000064,1,13,-12
219000110,177,237,-60
219000111,97,53,44
219000112,177,32,145
219000113,158,9,149
219000114,90,27,63
219000116,79,50,29
219000117,41,30,11
219000118,32,40,-8
219000123,73,0,73
219000124,3,3,0
219000125,0,0,0
219000126,0,0,0
219000127,0,0,0
219000128,7,6,1
219000129,2,6,-4
219000130,52,66,-14
219000131,608,668,-60
219000133,13,80,-67
219000134,8,24,-16
219000135,8,28,-20
219000136,42,196,-154
219000138,43,0,43
219000139,25,0,25
219000140,134,0,134
219000141,44,0,44
219000142,3,0,3
219000143,0,0,0
219000145,2,7,-5
219000146,0,0,0
219000147,0,0,0
219000148,0,0,0
219000149,0,0,0
219000150,0,0,0
219000151,0,0,0
219000157,233,44,189
219000158,176,42,134
219000161,199,1,198
219000163,631,198,433
219000166,127,46,81
219000167,28,34,-6
219000168,257,28,229
219000174,402,86,316
219000175,107,3,104
219000176,183,20,163
219000177,100,1,99
219000178,96,0,96
219000179,54,24,30
219000180,8,2,6
219000182,65,1,64
219000183,44,3,41
219000184,72,1,71
219000185,0,0,0
219000186,35,3,32
219000187,17,13,4
219000189,2,5,-3
219000190,5,6,-1
219000191,30,149,-119
219000192,346,131,215
219000193,14,2,12
219000195,0,0,0
219000196,0,0,0
219000198,0,0,0
219000199,0,0,0
219000200,1,0,1
219000201,1,0,1
219000203,1,0,1
219000204,4,9,-5
219000205,2,22,-20
219000207,7,18,-11
219000209,0,0,0
219000210,0,0,0
219000213,3,43,-40
219000239,60,65,-5
219000240,55,100,-45
219000241,68,31,37
219000242,10,58,-48
219000243,48,117,-69
219000244,1,173,-172
219000245,28,73,-45
219000246,80,45,35
219000247,252,25,227
219000248,365,299,66
219000249,165,123,42
219000250,166,40,126
219000251,341,78,263
219000252,258,76,182
219000253,173,1,172
219000255,115,116,-1
219000256,266,18,248
219000257,66,0,66
219000262,1,31,-30
219000263,3,14,-11
219000267,0,3,-3
219000268,0,0,0
219000269,1,0,1
219000270,5,0,5
219000271,158,2,156
219000278,0,0,0
219000279,0,0,0
219000283,0,0,0
219000295,6,56,-50
219000296,4,70,-66
219000297,0,0,0
219000298,0,0,0
219000299,200,34,166
219000300,11,2,9
219000301,1,12,-11
219000302,5,7,-2
219000307,0,0,0
219000308,60,16,44
219000311,101,27,74
219000312,241,77,164
219000313,269,44,225
219000314,5,3,2
219000315,226,8,218
219000316,321,20,301
219000317,85,3,82
219000320,0,0,0
219000321,0,0,0
219000323,0,0,0
219000325,0,0,0
219000326,1,4,-3
219000327,0,0,0
219000328,0,1,-1
219000329,204,127,77
219000330,1,5,-4
219000331,29,0,29
219000332,132,10,122
219000333,45,0,45
219000335,83,1,82
219000337,4,1,3
219000338,36,1,35
219000344,0,0,0
219000345,0,0,0
219000346,0,0,0
219000348,14,5,9
219000349,2,20,-18
219000350,0,0,0
219000351,0,0,0
219000352,25,63,-38
219000353,124,46,78
219000354,459,62,397
219000355,105,43,62
219000356,251,551,-300
219000363,98,47,51
219000364,145,19,126
219000365,114,4,110
219000366,150,676,-526
219000368,158,290,-132
219000370,526,357,169
219000371,0,0,0
219000382,0,9,-9
219000383,36,186,-150
219000385,40,130,-90
219000386,58,313,-255
219000387,0,1,-1
219000390,3,0,3
219000391,4,0,4
219000397,0,0,0
219000398,26,49,-23
219000401,11,10,1
219000402,1,6,-5
219000403,14,51,-37
219000404,4,23,-19
219000407,7,5,2
219000409,28,15,13
219000410,134,2,132
219000411,87,0,87
219000446,7,53,-46
219000447,0,0,0
219000448,0,6,-6
219000452,56,76,-20
219000453,12,78,-66
219000454,220,213,7
219000556,507,29,478
219000558,9,51,-42
219000590,22,59,-37
219000591,207,23,184
219000592,1,28,-27
219000595,0,0,0
219000635,89,39,50
219000636,0,0,0
219000657,3,5,-2
219000658,0,4,-4
219000673,0,0,0
219000676,0,0,0
219000679,11,0,11
219000684,95,0,95
219000685,0,5,-5
219000686,0,5,-5
219000688,0,5,-5
219000689,0,62,-62
219000690,94,2,92
219000691,26,34,-8
219000692,57,6,51
219000693,0,0,0
219000694,22,0,22
219000695,114,2,112
219000698,6,0,6
219000699,0,0,0
219000727,0,1,-1
219000728,97,2,95
219000770,0,0,0
219000771,0,0,0
219000788,37,174,-137
219001150,0,54,-54
219001151,0,0,0
219001166,14,44,-30
219001167,2,9,-7
219001178,108,0,108
220000001,1,76,-75
220000002,3,24,-21
220000003,28,31,-3
220000004,65,89,-24
220000005,141,223,-82
220000006,53,85,-32
220000007,134,52,82
220000008,59,138,-79
220000009,26,93,-67
220000010,30,56,-26
220000011,223,2065,-1842
220000012,12,188,-176
220000014,88,49,39
220000015,76,281,-205
220000017,29,148,-119
220000018,4326,483,3843
220000019,45,327,-282
220000020,270,139,131
220000021,597,85,512
220000022,755,106,649
220000023,262,73,189
220000024,524,304,220
220000025,317,1063,-746
220000026,170,444,-274
220000027,6,150,-144
220000028,42,196,-154
220000029,5,38,-33
220000030,6,42,-36
220000031,590,324,266
220000064,34,446,-412
221000046,1,0,1
221000047,0,0,0
221000048,0,1,-1
221000049,0,1,-1
221000050,5,0,5
221000055,25,76,-51
221000068,216,95,121
221000069,259,35,224
221000070,158,8,150
221000071,67,3,64
221000072,174,5,169
221000073,174,5,169
221000074,0,8,-8
221000075,1,16,-15
221000076,0,9,-9
221000077,8,15,-7
221000081,44,0,44
221000082,48,0,48
221000083,13,5,8
221000084,4,7,-3
221000085,1,123,-122
221000086,1,166,-165
221000087,0,111,-111
221000088,5,53,-48
221000089,7,54,-47
221000090,19,116,-97
221000098,104,13,91
221000099,148,3,145
221000100,123,1,122
221000101,252,4,248
221000103,2,7,-5
221000104,0,38,-38
221000107,35,1,34
221000108,39,17,22
221000111,0,15,-15
221000112,0,19,-19
221000113,3,29,-26
221000114,1,41,-40
221000120,1,58,-57
221000121,2,15,-13
221000122,11,65,-54
221000123,6,47,-41
221000124,1,186,-185
221000155,60,9,51
221000156,134,7,127
221000175,5,6,-1
221000176,0,12,-12
221000182,65,0,65
221000241,309,259,50
221000242,14,120,-106
221000243,290,107,183
221000244,16,248,-232
221000245,91,27,64
221000246,6,204,-198
221000247,212,65,147
221000248,95,153,-58
221000267,33,160,-127
221000325,26,49,-23
221000331,1,17,-16
221000338,2,54,-52
221000378,333,9,324
221000381,17,108,-91
222000282,1,0,1
222000296,0,15,-15
222000568,288,5,283
222000569,67,18,49
222000570,100,11,89
222000571,361,7,354
222000577,4,62,-58
222000578,2,79,-77
222000579,25,34,-9
222000580,14,658,-644
222000599,1,47,-46
222000600,0,34,-34
222000601,0,138,-138
222000603,9,21,-12
222000604,0,34,-34
222000605,5,74,-69
222000606,0,20,-20
222000607,2,5,-3
222000608,2,6,-4
222000609,10,19,-9
222000616,631,4,627
222000617,0,5,-5
222000618,0,4,-4
222000620,6,11,-5
222000621,12,12,0
222000623,407,0,407
222000624,328,0,328
222000625,797,4,793
222000636,16,0,16
222000686,5,53,-48
222000687,11,12,-1
222001066,322,1,321
222001067,72,0,72
222001068,209,9,200
222001069,231,19,212
222001082,32,33,-1
222001083,69,15,54
222001084,1,46,-45
222001085,4,139,-135
222001111,70,12,58
222001112,294,33,261
222001313,1,2,-1
222001314,1,28,-27
222001464,495,9,486
222001465,26,41,-15
222001484,237,35,202
222001485,16,14,2
222001494,778,129,649
222001495,51,61,-10
222001496,429,17,412
222001497,27,141,-114
222001502,0,18,-18
222001503,175,12,163
222001504,4,7,-3
222001505,332,13,319
222001506,0,9,-9
222001507,135,10,125
222001510,647,7,640
222001511,14,48,-34
222001514,611,25,586
222001515,3,81,-78
222001518,582,24,558
222001519,3,55,-52
222001527,84,22,62
222001528,1,16,-15
222001529,319,30,289
222001530,3,51,-48
222001533,2,9,-7
222001534,575,17,558
222001535,556,74,482
222001536,8,100,-92
222001537,287,5,282
222001538,4,102,-98
222001563,1020,20,1000
222001564,2,87,-85
222001568,75,21,54
222001576,0,0,0
222001579,0,5,-5
222001583,2,37,-35
222001584,244,2,242
222001596,75,186,-111
222001597,933,76,857
222001626,0,21,-21
222001650,2,21,-19
222001651,24,165,-141
222001914,325,19,306
222001915,0,33,-33
222001968,434,75,359
222001969,99,220,-121
222001970,44,156,-112
222001971,76,1,75
222001972,5,3,2
225000001,422,80,342
225000002,408,54,354
225000003,770,45,725
225000004,462,78,384
225000005,24,20,4
225000006,0,0,0
225000007,133,349,-216
225000010,156,23,133
225000011,100,884,-784
225000012,190,573,-383
225000013,66,48,18
225000014,369,33,336
225000015,32,53,-21
225000021,409,70,339
225000027,36,54,-18
225000032,472,39,433
225000042,29,81,-52
225000049,10,4,6
225000050,72,3,69
225000053,0,0,0
225000058,531,77,454
225000067,12,7,5
225000068,10,15,-5
225000069,6,40,-34
225000070,12,67,-55
225000071,0,41,-41
225000075,13,350,-337
225000076,0,0,0
225000078,31,23,8
225000085,99,30,69
225000086,275,31,244
225000087,99,4,95
225000088,4,5,-1
225000089,0,0,0
225000090,0,0,0
225000091,0,0,0
225000092,1,11,-10
225000093,30,21,9
225000094,0,13,-13
225000095,30,19,11
225000096,10,37,-27
225000098,546,64,482
225000099,412,19,393
225000100,594,116,478
225000104,63,89,-26
225000110,5,51,-46
225000111,122,83,39
225000112,136,230,-94
225000113,26,312,-286
225000114,9,187,-178
225000115,526,277,249
225000116,130,37,93
225000117,388,268,120
225000118,618,169,449
225000119,255,39,216
225000120,384,9,375
225000121,109,14,95
225000123,571,4,567
225000125,489,174,315
225000126,450,131,319
225000127,400,1619,-1219
225000128,351,979,-628
225000132,411,10,401
225000133,236,4,232
225000134,482,117,365
225000135,103,5,98
225000136,296,6,290
225000137,303,14,289
225000138,367,59,308
225000143,0,1,-1
225000144,0,2,-2
225000145,48,38,10
225000146,0,0,0
225000147,0,0,0
225000148,0,0,0
225000149,0,0,0
225000151,0,0,0
225000155,8,15,-7
225000156,36,475,-439
225000157,154,112,42
225000158,5,12,-7
225000171,0,26,-26
225000180,7,0,7
225000181,0,2,-2
225000182,10,22,-12
225000185,1,101,-100
225000187,33,45,-12
225000191,15,0,15
225000194,0,14,-14
225000208,0,4,-4
225000209,77,1,76
225000210,0,0,0
225000217,0,4,-4
225000218,16,1,15
225000223,0,151,-151
225000224,9,1,8
225000225,0,164,-164
225000226,81,6,75
225000227,3,64,-61
225000228,0,1,-1
225000229,0,3,-3
225000230,4,0,4
225000231,0,4,-4
225000232,176,0,176
225000241,35,1,34
225000242,0,10,-10
225000249,6,0,6
225000250,0,0,0
225000251,551,30,521
226000042,10,4,6
226000043,0,4,-4
226000044,6,35,-29
226000045,8,27,-19
226000046,839,35,804
226000047,407,114,293
226000048,396,65,331
226000049,460,155,305
226000070,0,0,0
226000071,0,0,0
226000072,0,0,0
226000073,0,0,0
226000074,0,0,0
226000084,0,0,0
226000085,0,0,0
226000086,0,0,0
226000087,0,1,-1
226000088,0,0,0
226000090,233,46,187
226000091,1,21,-20
226000092,1,12,-11
226000093,0,18,-18
226000094,9,1,8
226000095,88,22,66
226000105,1,1,0
226000106,3,0,3
226000107,6,0,6
226000108,1,0,1
226000109,158,1,157
226000124,190,92,98
226000134,964,316,648
226000135,1792,209,1583
226000136,596,114,482
226000137,0,0,0
226000138,0,0,0
226000139,0,0,0
226000156,256,0,256
226000157,185,2,183
226000163,0,0,0
226000202,0,0,0
226000231,715,0,715
226000232,61,0,61
227000033,431,10,421
227000036,824,10,814
227000037,678,14,664
227000038,156,26,130
227000049,0,0,0
227000050,0,0,0
227000055,28,0,28
227000056,7,0,7
227000084,0,0,0
227000085,0,0,0
227000088,36,1,35
227000089,51,1,50
227000090,31,0,31
227000091,32,1,31
227000093,103,1,102
227000094,4,0,4
227000130,0,0,0
227000131,0,0,0
227000132,0,0,0
227000133,0,0,0
227000134,0,0,0
227000152,0,0,0
227000153,0,0,0
227000155,0,0,0
227000156,0,0,0
227000165,0,0,0
227000196,397,40,357
227000199,398,23,375
227000230,1,46,-45
227000232,485,31,454
227000242,0,0,0
227000243,350,21,329
227000245,0,1,-1
227000246,0,8,-8
227000247,529,12,517
227000248,179,62,117
227000249,4,10,-6
227000250,341,248,93
227000251,12,66,-54
227000252,1,20,-19
227000253,336,60,276
227000262,572,5,567
227000266,1578,3,1575
227000267,0,60,-60
227000282,0,0,0
227000284,446,13,433
227000286,0,2,-2
227000287,0,2,-2
227000291,1,7,-6
227000484,139,2,137
227000485,0,8,-8
227000655,301,30,271
227000656,319,5,314
227000657,130,10,120
227000661,81,7,74
227000680,82,182,-100
229000265,49,11,38
229000296,1,5,-4
229000297,0,26,-26
229000298,0,223,-223
229000320,5,0,5
229000321,8,1,7
229000412,4,9,-5
229000414,8,7,1
229000415,0,0,0
229000416,0,1,-1
229000417,0,1,-1
229000419,178,105,73
229000440,167,14,153
229000442,0,5,-5
229000443,24,0,24
229000444,1,50,-49
229000445,37,14,23
229000446,22,0,22
229000847,98,0,98
229000848,121,1,120
229000849,222,1,221
229000851,135,0,135
229000854,0,0,0
229000856,0,0,0
229000857,0,0,0
229000858,0,0,0
229000919,0,0,0
229000930,0,0,0
229000937,74,22,52
229000966,45,23,22
229000981,0,0,0
229000985,7,4,3
229000986,0,0,0
229000987,0,0,0
229000988,0,3,-3
229000989,7,2,5
229000990,0,0,0
229000991,0,2,-2
229000992,23,1,22
229000993,105,16,89
229000998,6,10,-4
229000999,53,7,46
229001034,2,6,-4
229001035,2,4,-2
229001037,44,0,44
229001042,4,2,2
229001047,1,22,-21
229001050,77,12,65
229001200,57,1,56
229001338,0,1,-1
229001394,222,20,202
229001422,160,6,154
229001423,0,0,0
229001431,17,39,-22
229001432,0,0,0
229001444,167,10,157
229001445,124,30,94
229001503,252,28,224
229001504,0,0,0
229001505,114,1,113
229001506,0,0,0
229001509,102,1,101
229001545,75,25,50
229001546,0,0,0
229001553,65,16,49
229001554,0,0,0
229001559,0,1,-1
229001560,0,22,-22
229001630,94,0,94
229001631,2,41,-39
229001635,0,1,-1
229001636,1,0,1
229001658,0,0,0
229001659,63,17,46
229001660,0,0,0
229001661,0,10,-10
229001662,55,0,55
229001663,0,0,0
229002584,107,83,24
229002831,59,44,15
229002841,2,39,-37
229002842,3,6,-3
229002843,24,8,16
229002844,2,57,-55
229002845,0,65,-65
229002846,3,5,-2
229002847,0,0,0
229002848,17,27,-10
229002849,0,85,-85
229002850,1,5,-4
229002851,11,78,-67
229002852,53,3,50
229002853,20,8,12
229002854,21,19,2
229002855,0,8,-8
229002856,45,1,44
229002857,45,12,33
229002858,49,0,49
229002859,6,2,4
229002860,32,20,12
229002861,23,35,-12
229002862,12,16,-4
229002863,0,34,-34
229002864,32,3,29
229002865,0,17,-17
229002866,16,7,9
229002867,0,8,-8
229002868,3,1,2
229002869,2,46,-44
229002870,33,0,33
235000066,148,18,130
235000067,25,41,-16
235000072,0,0,0
235000073,0,0,0
235000074,0,0,0
235000080,0,0,0
235000081,0,0,0
235000082,476,25,451
235000083,280,51,229
235000084,41,36,5
235000085,183,17,166
235000089,12,35,-23
235000092,0,0,0
235000093,0,0,0
235000097,0,3,-3
235000098,38,10,28
235000099,4,19,-15
235000116,3,9,-6
235000117,526,5,521
235000133,0,0,0
235000134,0,0,0
235000206,0,1,-1
235000207,0,0,0
235000208,0,2,-2
235000209,2,2,0
235000210,9,0,9
235000212,0,0,0
235000213,0,0,0
235000220,0,0,0
235000221,0,0,0
235000238,10,300,-290
235000239,0,15,-15
235000242,176,1137,-961
235000245,0,1,-1
235000246,0,0,0
235000284,6,95,-89
235000295,49,2,47
235000305,230,4,226
235000306,369,3,366
235000307,2,0,2
235000308,3,0,3
235000309,72,1,71
235000310,9,0,9
235000311,32,3,29
235000322,0,9,-9
235000323,0,12,-12
235000324,0,2,-2
235000325,0,9,-9
235000326,3,82,-79
235000351,19,77,-58
235000352,4,29,-25
235000353,15,34,-19
235000354,0,11,-11
235000355,12,21,-9
235000356,34,2,32
235000357,15,3,12
235000358,11,2,9
235000359,1,4,-3
235000360,19,1,18
235000361,80,1,79
235000381,0,0,0
235000382,142,39,103
235000390,0,0,0
235000391,147,3,144
235000392,193,107,86
235000393,120,116,4
235000395,100,11,89
235000396,534,67,467
235000400,46,68,-22
235000401,0,0,0
235000405,0,0,0
235000406,0,0,0
235000407,0,0,0
235000409,0,0,0
235000410,0,0,0
235000411,0,0,0
235000485,0,0,0
235000486,1,0,1
235000549,82,95,-13
235000550,0,0,0
235000599,0,0,0
235000600,0,0,0
235000601,35,2,33
235000602,55,19,36
235000614,0,0,0
235000648,0,0,0
235000649,14,1,13
235000685,0,0,0
235000815,11,37,-26
235000834,0,18,-18
235000855,10,28,-18
235000862,0,0,0
235000891,0,0,0
235000892,8,0,8
235000901,0,0,0
235000907,0,0,0
235001010,44,33,11
235001029,0,0,0
235001030,175,27,148
235001078,204,63,141
235001079,0,0,0
235001147,11,64,-53
235001166,0,31,-31
235001167,0,0,0
235001169,10,97,-87
235001188,0,0,0
235001189,0,0,0
235001197,0,0,0
235001200,0,0,0
235001207,468,41,427
235001210,0,0,0
235001215,0,0,0
235001239,0,0,0
235001244,0,3,-3
235016267,0,17,-17
277102712,7,0,7
277103813,0,0,0
277103814,0,0,0
277104249,0,0,0
277104250,0,7,-7
277104251,0,5,-5
277104252,0,1,-1
990011530,0,52,-52
990014944,0,62,-62
990015176,6,13,-7
990015618,5,44,-39
990016032,0,53,-53
990032570,1,46,-45
990070001,82,2,80
990070103,0,0,0
990070601,1,7,-6
990070751,1437,0,1437
990070766,0,33,-33
990071180,318,27,291
990071343,5,0,5
990071387,0,0,0
990071823,4,1,3
990072600,3,525,-522
990072964,0,58,-58
990073285,0,0,0
990074393,0,169,-169
990074870,1148,4,1144
990075106,204,2,202
990075746,578,32,546
990076437,2818,3,2815
990076458,0,248,-248
997000007,137,6,131
997000041,0,126,-126
997000058,53,1,52
997000062,24,7,17
997000069,0,0,0
997000070,0,12,-12
997000100,14,0,14
997000141,0,0,0
997000198,0,6,-6
998000475,0,2,-2
998000736,0,44,-44
998000965,0,32,-32
998001031,1,38,-37
998001700,0,10,-10
998001899,0,0,0
998001900,34,16,18
998003073,1545,28,1517
998101900,0,0,0
998102850,2,84,-82
998501927,151,101,50
998501929,94,10,84
998501930,49,11,38
998501931,87,6,81
998501932,11,0,11
998501933,28,0,28
998501937,35,27,8
998501944,5,1,4
998501950,0,0,0
998501970,52,0,52
998501971,0,20,-20
998501973,0,2,-2
998501974,0,121,-121
998501975,110,12,98
998501976,114,2,112
998501977,0,19,-19
998501978,5,1,4
998501979,0,1,-1
998501980,43,2,41
998501981,43,1,42
998501982,0,21,-21
998501983,0,2,-2
998502006,0,0,0
998502024,0,7,-7
998502032,0,0,0
998502062,6,0,6
998502063,0,0,0
998502173,18,0,18
998502269,0,0,0
998502546,0,76,-76
998502578,0,0,0
998502599,14,271,-257
998502621,0,1,-1
998601159,1,18,-17
998601292,0,1,-1
999033574,2,532,-530
999800001,37,13,24
999800002,0,0,0
999800003,2,2,0
999800004,0,2,-2
999800005,0,0,0
