ID,insum,outsum,diff
100000001,370,188,182
100000002,576,219,357
100000003,2734,721,2013
100000004,691,124,567
100000005,532,868,-336
100000006,48,27,21
100000007,88,101,-13
100000008,46,227,-181
100000009,14,50,-36
100000010,3,16,-13
100000011,58,36,22
100000012,13,377,-364
100000013,15,85,-70
100000014,77,209,-132
100000015,145,177,-32
100000016,306,629,-323
100000017,161,595,-434
100000018,390,198,192
100000019,2368,757,1611
100000020,464,521,-57
100000021,3427,752,2675
100000022,317,254,63
100000023,2721,352,2369
100000025,1118,212,906
100000028,537,318,219
100000029,115,73,42
100000030,263,11,252
100000031,1359,848,511
100000032,1264,1000,264
100000033,192,859,-667
100000034,478,227,251
100000035,551,269,282
100000036,663,298,365
100000037,160,165,-5
100000038,265,233,32
100000039,125,45,80
100000040,87,19,68
100000041,124,168,-44
100000042,112,131,-19
100000043,83,118,-35
100000044,105,388,-283
100000045,156,815,-659
100000046,161,694,-533
100000047,99,509,-410
100000048,175,371,-196
100000049,777,1623,-846
100000051,146,747,-601
100000053,5,1,4
100000054,16,2,14
100000055,133,157,-24
100000056,85,221,-136
100000057,419,278,141
100000058,280,805,-525
100000059,0,46,-46
100000060,90,110,-20
100000061,352,180,172
100000062,253,148,105
100000063,124,82,42
100000064,146,164,-18
100000065,145,675,-530
100000066,58,534,-476
100000067,82,564,-482
100000068,185,621,-436
100000069,97,794,-697
100000072,173,662,-489
100000073,411,662,-251
100000075,143,201,-58
100000076,582,542,40
100000077,169,16,153
100000078,58,14,44
100000079,19,12,7
100000080,57,6,51
100000081,14,4,10
100000102,449,445,4
100000103,1074,317,757
100000104,1602,405,1197
100000105,1625,157,1468
100000106,538,466,72
100000107,114,103,11
100000108,428,669,-241
100000109,1625,613,1012
100000116,503,252,251
100000117,3,5,-2
100000118,665,596,69
100000119,140,363,-223
100000121,36,248,-212
100000122,178,315,-137
100000123,1862,1845,17
100000124,5497,1941,3556
100000125,1619,180,1439
100000126,188,96,92
100000127,522,170,352
100000128,304,390,-86
100000129,154,172,-18
100000130,200,288,-88
100000131,2796,1169,1627
100000132,1127,519,608
100000133,5769,1651,4118
100000135,85,318,-233
100000139,51,300,-249
100000140,155,170,-15
100000142,109,182,-73
100000143,1113,666,447
100000144,2097,725,1372
100000147,452,938,-486
100000150,17,200,-183
100000151,171,225,-54
100000153,98,83,15
100000154,15,35,-20
100000155,9,11,-2
100000156,16,10,6
100000157,33,41,-8
100000158,33,80,-47
100000159,106,134,-28
100000165,511,297,214
100000169,177,67,110
100000174,579,121,458
100000179,20,241,-221
100000180,64,444,-380
100000181,23,145,-122
100000188,35,147,-112
100000189,98,120,-22
100000190,126,121,5
100000191,226,142,84
100000192,36,24,12
100000193,15,45,-30
100000330,851,246,605
100000355,32,296,-264
100000362,2251,1771,480
100000363,624,989,-365
100000364,212,434,-222
100000365,1934,4263,-2329
100000366,2489,1305,1184
100000367,1253,1963,-710
100000368,863,876,-13
100000369,200,320,-120
100000370,36,144,-108
100000376,23,35,-12
100000379,515,328,187
100000380,682,654,28
100000384,2479,988,1491
100000385,1806,1248,558
100000386,2771,928,1843
100000387,2948,1199,1749
100000388,7418,1029,6389
100000389,5974,1273,4701
100000390,6491,1071,5420
100000391,3688,1108,2580
100000392,1752,340,1412
100000393,460,414,46
100000394,2494,1260,1234
100000395,1109,404,705
100000396,2001,736,1265
100000397,947,447,500
100000398,6948,4430,2518
100000413,3,0,3
100900002,0,0,0
100900003,38,68,-30
100900004,5,622,-617
100900005,6,0,6
100900006,0,0,0
100900007,10,0,10
100900008,2,358,-356
100900009,3,18,-15
100900010,0,0,0
100900011,5,148,-143
100900012,3,192,-189
100900013,83,0,83
100900014,0,0,0
100900015,42,10,32
100900016,0,11,-11
100900017,86,36,50
100900018,0,0,0
100900019,0,0,0
100900020,20,0,20
100900021,347,0,347
100900022,0,0,0
100900023,0,0,0
100900024,18,0,18
100900025,0,0,0
100900026,0,66,-66
100900027,134,462,-328
100900028,10,56,-46
100900029,30,4,26
100900030,2,3,-1
100900031,29,2,27
100900032,37,0,37
100900033,79,36,43
100900034,49,0,49
100900035,34,0,34
100900036,0,0,0
100900037,2,213,-211
100900038,3,1,2
100900039,91,390,-299
100900040,25,524,-499
100900041,44,610,-566
100900042,90,17,73
100900043,0,0,0
100900044,704,65,639
100900045,1,0,1
100900046,145,2,143
100900047,1,1,0
100900048,10,1,9
100900049,8,81,-73
100900050,0,6,-6
100900051,3,3,0
100900052,9,3,6
100900053,115,19,96
100900054,2,69,-67
100900055,25,38,-13
100900056,0,7,-7
100900057,72,111,-39
100900058,12,4,8
100900059,0,0,0
100900060,14,14,0
100900061,102,60,42
100900062,0,16,-16
100900063,18,104,-86
100900064,138,2,136
100900065,4,4,0
100900066,8,18,-10
100900067,0,0,0
100900068,1,32,-31
100900069,11,0,11
100900070,67,4,63
100900071,94,41,53
100900072,3,31,-28
100900073,11,244,-233
100900074,0,0,0
100900075,1525,79,1446
100900076,2,6,-4
100900077,0,0,0
100900078,33,14,19
100900079,0,19,-19
100900080,0,0,0
100900081,0,2,-2
100900082,6,393,-387
100900083,0,25,-25
100900085,1,9,-8
100900086,16,30,-14
100900088,11,256,-245
100900089,0,11,-11
100900090,7,175,-168
100900091,0,0,0
100900092,13,6,7
100900093,22,23,-1
100900094,8,211,-203
100900095,0,5,-5
100900096,1,42,-41
100900097,0,0,0
100900098,0,16,-16
100900099,2,221,-219
100900100,2,58,-56
100900101,104,5,99
100900102,0,5,-5
100900103,1,4,-3
100900104,3,54,-51
100900105,1,15,-14
100900106,14,1,13
100900107,841,134,707
100900108,1,1,0
100900109,0,13,-13
100900110,0,0,0
100900111,19,49,-30
100900112,0,0,0
100900113,0,4,-4
100900114,0,1,-1
100900115,0,0,0
100900116,200,38,162
100900117,107,125,-18
100900118,0,17,-17
100900119,0,12,-12
100900120,0,0,0
100900121,88,35,53
100900122,102,122,-20
100900123,0,5,-5
100900124,0,8,-8
100900125,3,23,-20
100900126,2,13,-11
100900127,0,1,-1
100900128,25,56,-31
100900129,0,12,-12
100900131,14,13,1
100900133,1,7,-6
100900134,0,0,0
100900135,0,8,-8
100900137,213,89,124
100900138,32,65,-33
100900139,1,1,0
100900140,2,453,-451
100900141,0,42,-42
100900142,0,0,0
100900143,471,130,341
100900144,1,1,0
100900145,0,25,-25
100900146,1,10,-9
100900147,0,73,-73
100900148,15,513,-498
100900149,0,1,-1
100900150,0,1,-1
100900151,25,323,-298
100900152,0,0,0
100900153,0,44,-44
100900154,0,0,0
100900155,0,0,0
100900156,0,0,0
100900157,0,30,-30
100900159,1,0,1
100900160,0,4,-4
100900161,0,0,0
100900162,0,35,-35
100900163,27,85,-58
100900164,0,3,-3
100900165,14,20,-6
100900166,0,0,0
100900167,2,29,-27
100900168,2,17,-15
100900169,100,841,-741
100900170,0,0,0
100900171,6,494,-488
100900172,0,1,-1
100900173,9,345,-336
100900174,1,2,-1
100900176,365,18,347
100900177,461,29,432
100900178,2,39,-37
100900179,10,13,-3
100900180,0,0,0
100900181,0,0,0
100900182,0,0,0
100900184,0,0,0
100900186,371,148,223
100900187,0,106,-106
100900188,21,2,19
100900189,143,23,120
100900191,495,137,358
100900192,86,50,36
100900195,9,70,-61
100900197,0,0,0
100900198,8,55,-47
100900199,0,0,0
100900200,284,161,123
100900201,7,487,-480
100900202,0,0,0
100900203,0,37,-37
100900204,9,16,-7
100900205,18,50,-32
100900206,31,14,17
100900207,16,42,-26
100900210,30,359,-329
100900211,53,1,52
100900213,0,1,-1
100900214,374,28,346
100900215,0,6,-6
100900217,21,3,18
101000001,2123,703,1420
101000002,1890,1024,866
101000003,355,315,40
101000004,4864,1391,3473
101000005,2987,1951,1036
101000006,4066,2573,1493
101000007,1472,1078,394
101000008,1548,996,552
101000009,520,1198,-678
101000010,290,616,-326
101000011,956,154,802
101000012,394,131,263
101000013,253,306,-53
101000014,150,114,36
101000015,457,575,-118
101000016,43,176,-133
101000017,190,268,-78
101000018,1417,1280,137
101000020,1826,462,1364
101000021,274,76,198
101000022,245,26,219
101000023,699,444,255
101000025,48,92,-44
101000026,206,11,195
101000027,707,763,-56
101000028,386,138,248
101000029,4,147,-143
101000030,278,36,242
101000031,142,64,78
101000032,1679,844,835
101000033,1202,462,740
101000034,1048,440,608
101000035,617,129,488
101000036,687,152,535
101000037,1760,406,1354
101000039,1279,258,1021
101000040,1862,718,1144
101000041,1677,466,1211
101000042,148,149,-1
101000043,1699,920,779
101000045,284,27,257
101000046,959,402,557
101000047,415,355,60
101000048,165,110,55
101000049,189,233,-44
101000050,323,154,169
101000051,670,456,214
101000052,1050,218,832
101000053,365,206,159
101000054,853,230,623
101000055,970,339,631
101000056,71,23,48
101000057,1287,267,1020
101000058,1034,217,817
101000059,1224,437,787
101000060,1191,97,1094
101000061,396,109,287
101000062,1645,129,1516
101000063,106,39,67
101000064,785,174,611
101000065,116,129,-13
101000066,28,18,10
101000067,240,116,124
101000068,111,124,-13
101000069,279,17,262
101000070,818,315,503
101000071,946,316,630
101000072,533,980,-447
101000073,122,89,33
101000074,2202,666,1536
101000075,4192,1559,2633
101000077,482,503,-21
101000078,443,636,-193
101000079,282,1356,-1074
101000080,450,1002,-552
101000081,458,450,8
101000082,1819,1022,797
101000083,746,617,129
101000084,576,727,-151
101000085,787,297,490
101000086,889,586,303
101000087,565,717,-152
101000088,343,235,108
101000089,249,433,-184
101000090,1511,676,835
101000091,143,648,-505
101000092,561,473,88
101000093,599,345,254
101000094,311,605,-294
101000095,124,379,-255
101000096,131,355,-224
101000097,98,120,-22
101000098,114,200,-86
101000099,491,378,113
101000100,335,269,66
101000101,113,79,34
101000102,248,116,132
101000103,325,112,213
101000104,58,123,-65
101000105,204,37,167
101000106,144,67,77
101000107,46,87,-41
101000108,628,109,519
101000109,35,29,6
101000110,13,274,-261
101000111,27,50,-23
101000113,47,104,-57
101000114,884,501,383
101000115,3,17,-14
101000116,6,12,-6
101000117,11,32,-21
101000119,101,12,89
101000120,165,12,153
101000121,42,3,39
101000122,29,14,15
101000123,12,12,0
101000124,340,610,-270
101000125,99,173,-74
101000128,258,140,118
101000130,348,149,199
101000131,250,372,-122
101000132,205,860,-655
101000135,70,3,67
101000136,125,95,30
101000137,25,92,-67
101000141,999,444,555
101000147,475,369,106
101000148,1318,12,1306
101000149,15,1,14
101000150,12,525,-513
101000151,15,54,-39
101000152,130,131,-1
101000153,324,254,70
101000154,51,1070,-1019
101000155,46,77,-31
101000156,8,157,-149
101000157,20,8,12
101000160,2,14,-12
101000163,3,1,2
101000164,280,134,146
101000165,146,79,67
101000166,114,130,-16
101000168,174,118,56
101000252,333,229,104
101000254,148,6,142
101000258,20,17,3
101000261,186,168,18
101000262,155,415,-260
101000263,31,175,-144
101000265,17,118,-101
101000266,117,111,6
101000269,104,9,95
101000290,482,339,143
101000293,0,30,-30
101000294,261,227,34
101000295,67,247,-180
101000301,317,59,258
101000304,1039,1169,-130
101000305,967,698,269
101000328,28,183,-155
101900001,3,39,-36
101900002,0,10,-10
101900003,43,47,-4
101900004,1,16,-15
101900005,2734,276,2458
101900006,271,1,270
101900007,114,14,100
101900008,42,29,13
101900009,2,19,-17
101900010,426,114,312
101900011,87,86,1
101900012,9,10,-1
101900013,469,24,445
101900017,10,21,-11
101900018,606,28,578
101900019,26,14,12
101900020,40,19,21
101900021,0,10,-10
101900022,6,496,-490
101900023,8,126,-118
101900026,30,9,21
101900027,1,38,-37
102000001,715,1610,-895
102000002,976,537,439
102000003,1711,1303,408
102000004,3173,768,2405
102000005,888,912,-24
102000006,1018,402,616
102000007,1140,1645,-505
102000008,3351,616,2735
102000009,3080,2774,306
102000010,3666,1148,2518
102000011,1173,1103,70
102000012,1161,1306,-145
102000018,1426,524,902
102000019,1101,336,765
102000026,77,61,16
102000029,217,71,146
102000030,25,46,-21
102000031,4,51,-47
102000032,138,136,2
102000033,20,167,-147
102000034,134,113,21
102000035,328,132,196
102000036,0,83,-83
102000037,94,42,52
102000038,32,43,-11
102000039,13,17,-4
102000040,149,26,123
102000041,28,40,-12
102000042,7,22,-15
102000043,28,79,-51
102000044,75,144,-69
102000045,261,389,-128
102000046,387,119,268
102000047,266,401,-135
102000048,65,201,-136
102000049,223,193,30
102000050,345,416,-71
102000051,124,157,-33
102000052,342,384,-42
102000053,160,314,-154
102000054,123,286,-163
102000055,275,441,-166
102000056,169,274,-105
102000057,348,81,267
102000058,383,629,-246
102000059,377,579,-202
102000060,187,152,35
102000061,514,1419,-905
102000062,227,397,-170
102000063,552,695,-143
102000064,286,351,-65
102000065,21,71,-50
102000066,371,493,-122
102000067,814,995,-181
102000068,3349,1126,2223
102000069,5,526,-521
102000070,1645,39,1606
102000071,3378,4725,-1347
102000072,1885,2723,-838
102000073,96,336,-240
102000074,143,511,-368
102000075,32,222,-190
102000076,57,298,-241
102000077,90,644,-554
102000078,211,682,-471
102000079,19,148,-129
102000080,44,118,-74
102000081,52,377,-325
102000082,219,97,122
102000083,62,441,-379
102000084,37,162,-125
102000085,832,715,117
102000086,404,472,-68
102000087,300,1192,-892
102000088,83,116,-33
102000089,194,224,-30
102000090,183,496,-313
102000091,544,208,336
102000092,240,358,-118
102000093,287,264,23
102000094,158,47,111
102000095,238,354,-116
102000096,279,122,157
102000097,647,472,175
102000098,192,282,-90
102000099,304,215,89
102000100,186,121,65
102000101,269,84,185
102000102,108,237,-129
102000103,389,125,264
102000104,579,216,363
102000105,31,524,-493
102000106,199,524,-325
102000107,157,204,-47
102000108,174,146,28
102000109,101,230,-129
102000110,171,532,-361
102000111,3,80,-77
102000112,63,42,21
102000113,6,8,-2
102000114,297,66,231
102000115,187,96,91
102000116,32,117,-85
102000117,29,238,-209
102000118,444,479,-35
102000119,1203,178,1025
102000120,38,188,-150
102000121,229,235,-6
102000122,86,264,-178
102000123,563,330,233
102000124,397,388,9
102000125,358,202,156
102000126,224,313,-89
102000127,475,228,247
102000128,226,404,-178
102000129,218,423,-205
102000130,140,311,-171
102000131,141,271,-130
102000132,113,200,-87
102000133,459,1511,-1052
102000134,176,264,-88
102000135,590,220,370
102000136,366,102,264
102000137,336,271,65
102000138,115,190,-75
102000139,16,154,-138
102000140,102,104,-2
102000141,39,308,-269
102000142,60,191,-131
102000143,26,255,-229
102000144,30,250,-220
102000145,63,171,-108
102000146,81,128,-47
102000147,75,73,2
102000148,55,68,-13
102000149,47,270,-223
102000150,40,97,-57
102000151,20,130,-110
102000152,30,96,-66
102000153,278,92,186
102000154,119,241,-122
102000155,34,99,-65
102000156,111,20,91
102000157,12,50,-38
102000158,127,44,83
102000159,892,42,850
102000161,1814,257,1557
102000162,118,52,66
102000163,27,58,-31
102000164,211,71,140
102000165,145,48,97
102000166,6,41,-35
102000167,49,79,-30
102000168,59,49,10
102000169,56,125,-69
102000170,472,69,403
102000171,38,19,19
102000172,3,68,-65
102000173,126,112,14
102000174,17,23,-6
102000175,24,36,-12
102000176,9,7,2
102000178,96,263,-167
102000179,62,75,-13
102000180,125,338,-213
102000181,67,352,-285
102000182,166,441,-275
102000183,196,435,-239
102000184,280,527,-247
102000185,228,394,-166
102000186,233,1039,-806
102000187,150,897,-747
102000188,63,382,-319
102000189,1370,380,990
102000190,144,353,-209
102000191,528,69,459
102000192,306,426,-120
102000193,7,96,-89
102000194,20,56,-36
102000195,120,371,-251
102000196,18,252,-234
102000197,115,340,-225
102000198,25,423,-398
102000199,86,219,-133
102000200,60,448,-388
102000201,102,267,-165
102000202,0,61,-61
102000203,40,174,-134
102000204,78,283,-205
102000205,155,171,-16
102000206,110,343,-233
102000207,100,163,-63
102000208,86,265,-179
102000209,29,22,7
102000210,19,438,-419
102000211,66,194,-128
102000212,18,11,7
102000213,5,175,-170
102000214,22,8,14
102000215,3,337,-334
102000216,4,4,0
102000217,5,165,-160
102000218,16,12,4
102000219,140,209,-69
102000225,131,27,104
102000226,98,19,79
102000227,6,1,5
102000228,2,61,-59
102000229,8,9,-1
102000230,45,227,-182
102000231,94,197,-103
102000232,3,43,-40
102000233,189,179,10
102000234,9,156,-147
102000236,195,59,136
102000237,111,55,56
102000238,75,100,-25
102000240,342,325,17
102000241,157,50,107
102000243,5,10,-5
102000245,10,70,-60
102000246,11,6,5
102000247,437,361,76
102000248,258,328,-70
102000249,21,84,-63
102000250,9,234,-225
102000254,15,170,-155
102000266,24,98,-74
102000271,12,1,11
102000286,111,53,58
102000297,506,252,254
102000299,0,0,0
102000301,0,0,0
102000303,0,0,0
102000305,0,0,0
102000307,0,11,-11
102900001,169,147,22
102900002,51,4,47
102900003,6,179,-173
102900005,22,45,-23
102900006,61,30,31
102900007,52,5,47
102900008,33,8,25
102900009,0,0,0
102900010,38,134,-96
102900011,1194,122,1072
102900012,99,36,63
102900013,0,0,0
102900015,176,31,145
102900016,0,0,0
102900017,0,0,0
102900018,0,0,0
102900019,33,101,-68
102900020,11,12,-1
102900021,0,0,0
102900022,134,36,98
102900023,0,0,0
102900024,9,12,-3
102900025,0,0,0
102900026,147,212,-65
102900027,6,14,-8
102900028,9,83,-74
102900029,31,33,-2
102900030,34,40,-6
102900031,17,20,-3
102900032,2,64,-62
102900033,0,0,0
102900034,33,29,4
102900035,16,304,-288
102900036,31,212,-181
102900037,26,259,-233
102900038,116,182,-66
102900039,6,122,-116
102900040,20,86,-66
102900041,14,66,-52
102900042,42,212,-170
102900043,47,186,-139
102900044,112,1133,-1021
102900045,18,292,-274
102900046,14,197,-183
102900047,18,311,-293
102900048,164,432,-268
102900049,25,181,-156
102900050,66,148,-82
102900051,69,97,-28
102900053,94,308,-214
102900054,91,224,-133
102900055,0,0,0
102900056,37,169,-132
102900057,0,0,0
102900058,98,15,83
102900059,0,0,0
102900060,21,212,-191
102900061,13,254,-241
102900062,22,923,-901
102900063,75,100,-25
102900064,18,72,-54
102900065,214,94,120
102900066,45,6,39
102900068,18,26,-8
102900070,19,358,-339
102900072,0,11,-11
102900073,38,2,36
102900075,0,0,0
102900076,0,0,0
102900077,0,0,0
102900078,0,0,0
102900079,25,4,21
102900080,52,7,45
102900081,20,86,-66
102900082,1,95,-94
102900083,0,0,0
102900084,0,0,0
102900085,0,0,0
102900086,0,0,0
102900087,20,30,-10
102900088,9,10,-1
102900089,62,38,24
102900090,1,259,-258
102900091,11,0,11
102900092,40,475,-435
102900094,0,18,-18
102900095,6,1,5
102900096,7,0,7
102900097,45,177,-132
103000001,1108,1387,-279
103000002,709,938,-229
103000003,1520,1249,271
103000004,478,353,125
103000005,850,768,82
103000006,271,551,-280
103000007,172,325,-153
103000008,270,673,-403
103000009,151,324,-173
103000010,52,59,-7
103000011,924,519,405
103000012,499,459,40
103000013,4185,1042,3143
103000014,561,439,122
103000015,1270,588,682
103000016,200,270,-70
103000017,20,46,-26
103000018,478,169,309
103000019,40,27,13
103000020,615,733,-118
103000021,341,353,-12
103000022,402,707,-305
103000023,166,364,-198
103000024,71,64,7
103000025,26,47,-21
103000026,916,57,859
103000027,114,64,50
103000028,478,122,356
103000029,436,112,324
103000030,1583,277,1306
103000031,738,370,368
103000032,769,789,-20
103000033,1237,836,401
103000034,912,390,522
103000035,242,471,-229
103000036,258,127,131
103000037,463,182,281
103000038,258,280,-22
103000039,43,222,-179
103000040,68,531,-463
103000041,612,1419,-807
103000042,270,334,-64
103000043,137,680,-543
103000044,51,162,-111
103000046,83,91,-8
103000047,122,293,-171
103000048,118,30,88
103000049,31,65,-34
103000050,147,315,-168
103000051,102,209,-107
103000052,275,235,40
103000053,30,176,-146
103000054,629,451,178
103000055,585,583,2
103000056,357,1080,-723
103000057,242,148,94
103000058,120,433,-313
103000059,173,324,-151
103000060,406,431,-25
103000061,164,336,-172
103000062,342,440,-98
103000063,283,288,-5
103000064,62,161,-99
103000065,2,199,-197
103000066,25,9,16
103000069,55,187,-132
103000070,154,763,-609
103000071,204,111,93
103000072,42,534,-492
103000073,55,30,25
103000074,103,23,80
103000075,85,525,-440
103000076,46,27,19
103000077,21,185,-164
103000078,336,67,269
103000079,684,129,555
103000080,451,60,391
103000081,157,249,-92
103000082,73,33,40
103000083,12,177,-165
103000084,0,0,0
103000085,0,41,-41
103000086,217,67,150
103000087,36,157,-121
103000088,115,168,-53
103000089,61,114,-53
103000090,693,610,83
103000091,154,203,-49
103000092,63,125,-62
103000093,122,386,-264
103000094,27,31,-4
103000095,18,213,-195
103000096,142,34,108
103000097,14,349,-335
103000098,375,25,350
103000099,88,268,-180
103000100,27,566,-539
103000101,146,68,78
103000102,39,413,-374
103000103,127,89,38
103000104,7,74,-67
103000105,23,63,-40
103000106,4,89,-85
103000107,131,54,77
103000108,272,397,-125
103000109,210,268,-58
103000110,290,209,81
103000111,227,202,25
103000112,78,140,-62
103000113,121,309,-188
103000114,236,173,63
103000115,202,236,-34
103000116,177,280,-103
103000117,66,282,-216
103000118,594,523,71
103000119,1237,466,771
103000120,27,46,-19
103000121,88,200,-112
103000122,78,71,7
103000125,1,321,-320
103000126,81,1,80
103000127,0,149,-149
103000128,19,0,19
103000129,0,126,-126
103000130,9,7,2
103000131,132,64,68
103000132,49,27,22
103000133,0,142,-142
103000134,253,157,96
103000135,353,53,300
103000136,397,137,260
103000137,143,188,-45
103000138,242,99,143
103000139,0,26,-26
103000140,56,9,47
103000141,14,57,-43
103000142,49,18,31
103000143,6,123,-117
103000144,72,27,45
103000145,6,18,-12
103000150,16,29,-13
103000152,83,145,-62
103000153,46,83,-37
103000156,2,323,-321
103000157,69,0,69
103000159,61,78,-17
103000162,10,2,8
103000163,3,1,2
103000164,2,4,-2
103000165,55,232,-177
103000166,28,25,3
103000167,40,83,-43
103000168,46,139,-93
103000169,25,27,-2
103000170,391,316,75
103000171,1,39,-38
103000172,64,154,-90
103000173,110,433,-323
103000174,81,157,-76
103000175,98,339,-241
103000176,293,73,220
103000177,417,190,227
103000178,180,141,39
103000179,26,8,18
103000183,6,33,-27
103000185,14,34,-20
103000186,23,70,-47
103000187,47,484,-437
103000188,5,35,-30
103000189,207,621,-414
103000191,187,295,-108
103000292,1295,180,1115
103000293,704,234,470
103000295,16,36,-20
103000296,55,3,52
103000297,6,5,1
103000504,65,8,57
103000505,1,0,1
103000506,1,119,-118
103000507,39,1,38
103000508,27,16,11
103000509,90,313,-223
103900001,0,110,-110
103900002,766,55,711
103900003,579,17,562
103900004,2,0,2
103900005,0,135,-135
103900006,0,0,0
103900007,0,17,-17
103900008,1,1,0
103900009,38,92,-54
103900010,25,101,-76
103900011,24,113,-89
103900012,0,1,-1
103900013,3,46,-43
103900014,4,22,-18
103900015,15,7,8
103900016,104,231,-127
103900017,6,52,-46
103900018,349,55,294
103900019,5,41,-36
103900020,41,58,-17
103900021,6,1,5
103900022,219,247,-28
103900023,9,1,8
103900024,67,301,-234
103900025,3,19,-16
103900026,0,0,0
103900027,35,94,-59
103900028,2,79,-77
103900029,248,104,144
103900030,20,7,13
103900031,3,1,2
103900032,7,6,1
103900033,4,0,4
103900034,5,98,-93
103900035,12,25,-13
103900036,1,2,-1
103900037,4,10,-6
103900038,9,26,-17
103900039,2,266,-264
103900040,3,136,-133
103900041,1,15,-14
103900042,2,376,-374
103900043,4,32,-28
103900044,44,23,21
103900045,24,80,-56
103900047,11,18,-7
103900048,13,7,6
103900049,100,490,-390
103900050,2,30,-28
103900051,2,19,-17
103900052,53,265,-212
103900053,45,598,-553
103900054,3,334,-331
103900055,46,102,-56
103900056,3,54,-51
103900057,2,197,-195
103900058,15,401,-386
103900059,0,3,-3
103900060,3,77,-74
103900061,9,36,-27
103900062,11,22,-11
103900063,3,0,3
103900064,4,0,4
103900065,323,112,211
103900066,2,1,1
103900067,5,1,4
103900068,0,0,0
103900069,1,1,0
103900070,21,106,-85
103900071,5,110,-105
103900072,3,159,-156
103900073,2,1,1
103900074,6,59,-53
103900075,20,21,-1
103900076,66,434,-368
103900077,10,7,3
103900078,9,63,-54
103900079,36,72,-36
103900080,0,7,-7
103900081,0,0,0
103900082,0,20,-20
103900083,989,35,954
103900084,4,36,-32
103900085,32,32,0
103900086,56,119,-63
103900088,182,53,129
103900089,23,81,-58
103900090,0,76,-76
103900091,326,95,231
103900092,49,257,-208
103900093,35,184,-149
103900094,5,105,-100
103900095,18,74,-56
103900096,3,205,-202
103900097,5,334,-329
103900098,69,28,41
103900099,2,141,-139
103900100,26,186,-160
103900101,22,428,-406
103900102,0,15,-15
103900104,0,8,-8
103900105,29,59,-30
103900106,0,6,-6
103900107,4,61,-57
103900108,7,270,-263
103900109,4,31,-27
103900110,53,16,37
103900111,10,401,-391
103900112,6,10,-4
103900113,60,86,-26
103900114,298,166,132
103900115,102,41,61
103900116,2770,190,2580
103900117,202,54,148
103900119,3,7,-4
103900120,6,50,-44
103900122,7,198,-191
103900123,589,187,402
103900124,15,350,-335
103900125,33,71,-38
103900126,54,170,-116
103900127,37,410,-373
103900128,8,154,-146
103900131,4,59,-55
103900133,145,7,138
103900134,0,0,0
103900135,0,2,-2
103900137,0,23,-23
103900138,2,100,-98
103900139,84,289,-205
103900140,0,0,0
103900141,74,26,48
103900142,1,32,-31
103900143,8,1,7
103900144,0,23,-23
103900145,43,180,-137
103900146,60,122,-62
103900147,82,70,12
103900148,15,149,-134
103900149,20,304,-284
103900150,2883,394,2489
103900151,10,63,-53
103900152,33,390,-357
103900153,0,2,-2
103900154,583,138,445
103900155,6,66,-60
103900156,3,68,-65
103900157,2,127,-125
103900158,6,83,-77
103900159,6,23,-17
103900160,1,3,-2
103900161,11,77,-66
103900162,37,112,-75
103900163,1,146,-145
103900167,1,7,-6
103900168,2,42,-40
103900169,3,10,-7
103900170,0,48,-48
103900171,2,24,-22
103900172,2,19,-17
103900173,0,0,0
103900174,12,26,-14
103900175,12,6,6
103900176,7,8,-1
103900177,1,25,-24
103900178,9,21,-12
103900179,1,96,-95
103900180,1,70,-69
103900181,26,10,16
103900182,10,7,3
103900184,223,10,213
103900185,83,21,62
103900187,23,3,20
103900188,8,3,5
103900189,28,2,26
103900190,0,14,-14
103900191,9,22,-13
103900192,0,27,-27
103900193,41,38,3
103900194,4,143,-139
103900195,0,2,-2
103900196,7,11,-4
103900197,2,5,-3
103900198,2,17,-15
103900199,13,32,-19
103900200,13,57,-44
103900201,6,104,-98
103900202,1,22,-21
103900203,3,17,-14
103900204,0,58,-58
103900207,0,88,-88
103900208,8,0,8
103900209,3,70,-67
103900210,1,26,-25
103900211,52,270,-218
103900212,13,353,-340
103900213,38,137,-99
103900214,8,0,8
103900215,685,175,510
103900216,4,249,-245
103900217,0,10,-10
103900218,0,84,-84
103900219,6,110,-104
103900233,17,0,17
103900235,9,2,7
103900236,1,0,1
103900242,1,4,-3
103900243,1,4,-3
103900244,8,118,-110
103900245,5,131,-126
103900246,10,4,6
103900247,18,38,-20
103900248,2,3,-1
103900249,0,2,-2
103900250,3,6,-3
103900251,1,4,-3
103900253,18,3,15
103900254,1,1,0
103900255,4,1,3
103900256,0,3,-3
103900257,52,10,42
103900258,4,0,4
103900259,45,1,44
103900261,1,0,1
103900262,4,1,3
103900263,15,8,7
103900264,12,1,11
103900265,8,1,7
103900266,0,11,-11
103900267,0,13,-13
103900268,8,76,-68
103900269,30,17,13
103900270,0,72,-72
103900271,5,115,-110
103900272,0,0,0
103900273,0,0,0
103900274,0,0,0
103900275,0,0,0
103900276,0,0,0
103900277,0,0,0
103900278,0,0,0
103900279,0,0,0
103900280,0,0,0
104000001,1026,1225,-199
104000002,764,1420,-656
104000003,1157,1109,48
104000004,2024,1235,789
104000005,472,819,-347
104000006,1247,1464,-217
104000007,1819,1742,77
104000008,159,379,-220
104000009,59,111,-52
104000010,20,60,-40
104000011,407,423,-16
104000012,45,343,-298
104000013,12,37,-25
104000014,125,470,-345
104000015,30,63,-33
104000016,123,269,-146
104000018,256,75,181
104000019,121,54,67
104000020,81,532,-451
104000021,195,512,-317
104000022,35,220,-185
104000023,145,134,11
104000024,50,106,-56
104000026,17,75,-58
104000027,61,223,-162
104000028,95,156,-61
104000029,137,416,-279
104000030,55,160,-105
104000031,143,76,67
104000032,106,244,-138
104000033,144,115,29
104000034,139,291,-152
104000035,139,204,-65
104000036,162,321,-159
104000037,89,148,-59
104000038,130,99,31
104000039,71,297,-226
104000040,198,355,-157
104000041,168,176,-8
104000042,84,275,-191
104000043,126,204,-78
104000044,102,508,-406
104000045,246,841,-595
104000046,522,818,-296
104000047,183,627,-444
104000048,596,1208,-612
104000049,91,164,-73
104000050,77,218,-141
104000051,36,425,-389
104000052,381,800,-419
104000053,304,307,-3
104000054,151,385,-234
104000055,2013,1350,663
104000056,722,75,647
104000057,27,334,-307
104000058,326,393,-67
104000059,117,497,-380
104000060,161,511,-350
104000061,441,544,-103
104000062,29,29,0
104000064,356,128,228
104000065,38,183,-145
104000069,773,251,522
104000070,29,143,-114
104000071,49,219,-170
104000072,32,28,4
104000075,16,71,-55
104000076,135,9,126
104000082,865,1133,-268
104000083,256,57,199
104000084,32,250,-218
104000085,33,88,-55
104000086,49,240,-191
104000087,139,218,-79
104000090,191,886,-695
104000092,180,1515,-1335
104000094,243,1131,-888
104000095,727,758,-31
104000096,216,188,28
104000097,281,319,-38
104000098,248,521,-273
104000100,222,251,-29
104000101,531,838,-307
104000106,102,259,-157
104000107,130,336,-206
104000108,98,256,-158
104000109,72,18,54
104000110,570,439,131
104000111,2270,497,1773
104000112,865,281,584
104000116,2,975,-973
104000117,6,468,-462
104000118,69,121,-52
104000119,99,134,-35
104000120,8,481,-473
104000121,76,334,-258
104000122,236,287,-51
104000123,315,512,-197
104000124,811,1224,-413
104000125,2605,1197,1408
104000126,81,261,-180
104000127,955,1802,-847
104000128,161,250,-89
104000129,178,22,156
104000130,5,108,-103
104000131,781,441,340
104000132,406,789,-383
104000133,516,437,79
104000134,486,670,-184
104000135,204,415,-211
104000136,524,832,-308
104000137,1112,87,1025
104000138,851,190,661
104000139,5917,1419,4498
104000141,893,1158,-265
104000142,319,655,-336
104000143,221,646,-425
104000144,19,66,-47
104000145,58,43,15
104000146,230,300,-70
104000147,62,195,-133
104000148,29,26,3
104000149,124,259,-135
104000150,133,141,-8
104000151,151,517,-366
104000152,171,577,-406
104000153,61,112,-51
104000154,731,461,270
104000155,110,157,-47
104000157,731,1151,-420
104000158,95,178,-83
104000159,144,162,-18
104000160,1015,584,431
104000161,47,36,11
104000162,30,39,-9
104000165,428,288,140
104000167,95,190,-95
104000168,143,2,141
104000169,0,0,0
104000170,757,140,617
104000248,1,345,-344
104000251,25,191,-166
104000272,0,0,0
104000273,0,0,0
104000274,1,0,1
104000275,5,0,5
104000279,400,294,106
104000290,26,201,-175
104000291,483,445,38
104000293,250,284,-34
104000294,0,0,0
104000295,204,544,-340
104000296,119,374,-255
104000297,461,786,-325
104000298,980,426,554
104000299,264,707,-443
104900001,8,52,-44
104900002,1,12,-11
104900003,11,237,-226
104900004,17,246,-229
104900005,23,53,-30
104900006,7,21,-14
104900007,49,88,-39
104900009,13,229,-216
104900010,3,2,1
104900011,0,0,0
104900012,7,2,5
104900013,19,1,18
104900014,1568,89,1479
104900015,21,0,21
104900016,13,260,-247
104900017,7,99,-92
104900018,1,92,-91
104900019,52,136,-84
104900020,16,96,-80
104900021,0,0,0
104900022,0,115,-115
104900023,0,0,0
104900024,1,40,-39
104900025,18,152,-134
104900026,0,0,0
104900027,42,20,22
104900028,7,67,-60
104900029,0,0,0
104900030,32,22,10
104900031,59,121,-62
104900032,11,48,-37
104900033,0,0,0
104900034,38,12,26
104900035,15,19,-4
104900036,22,3,19
104900037,15,77,-62
104900038,110,61,49
104900039,0,0,0
104900040,13,13,0
104900041,0,0,0
104900042,37,143,-106
104900043,0,0,0
104900044,37,34,3
104900045,0,0,0
104900046,16,28,-12
104900047,27,38,-11
104900048,16,25,-9
104900049,0,0,0
104900050,16,23,-7
104900051,9,6,3
104900052,0,0,0
104900053,56,11,45
104900054,21,3,18
104900055,0,0,0
104900056,24,1,23
104900057,10,0,10
104900058,20,32,-12
104900059,0,0,0
104900060,0,210,-210
104900061,87,357,-270
104900063,0,56,-56
104900064,1,68,-67
104900065,0,73,-73
104900066,0,76,-76
104900067,3,163,-160
104900068,0,119,-119
104900070,18,253,-235
104900071,1,490,-489
104900072,11,112,-101
104900073,6,85,-79
104900074,30,136,-106
104900075,4,11,-7
104900076,38,292,-254
104900077,328,6,322
104900078,79,400,-321
104900079,38,27,11
104900080,8,230,-222
104900082,0,54,-54
104900085,0,30,-30
104900087,46,2,44
104900089,0,0,0
104900090,55,51,4
104900091,162,341,-179
104900093,53,207,-154
104900097,1322,386,936
104900098,9,13,-4
104900099,158,175,-17
104900100,286,64,222
104900102,8,80,-72
104900103,152,49,103
104900104,782,242,540
104900106,8,75,-67
104900107,21,174,-153
104900108,1,84,-83
104900109,25,9,16
104900110,4,15,-11
104900111,33,51,-18
104900112,71,434,-363
104900113,143,198,-55
104900114,45,378,-333
104900115,74,232,-158
104900116,26,150,-124
104900118,2,32,-30
104900119,0,7,-7
104900120,0,0,0
104900121,0,0,0
104900122,0,0,0
104900123,0,0,0
104900124,0,0,0
104900125,39,1,38
104900126,19,13,6
104900127,1,2,-1
104900128,0,9,-9
104900129,651,153,498
105000001,1153,1080,73
105000002,736,998,-262
105000003,1088,1893,-805
105000004,199,569,-370
105000005,267,581,-314
105000006,376,669,-293
105000007,274,515,-241
105000008,284,833,-549
105000009,394,943,-549
105000010,1436,1420,16
105000011,616,661,-45
105000012,2097,1906,191
105000013,338,375,-37
105000014,441,756,-315
105000015,3300,1316,1984
105000016,1499,708,791
105000017,646,571,75
105000018,423,420,3
105000019,630,335,295
105000020,82,201,-119
105000021,174,85,89
105000022,46,21,25
105000023,99,54,45
105000028,45,78,-33
105000029,117,356,-239
105000030,2251,2257,-6
105000031,4,13,-9
105000033,571,1398,-827
105000034,28,213,-185
105000037,298,296,2
105000038,288,395,-107
105000039,2240,1076,1164
105000040,116,228,-112
105000041,228,889,-661
105000042,517,370,147
105000043,1122,1527,-405
105000044,82,126,-44
105000045,125,624,-499
105000046,179,165,14
105000047,142,925,-783
105000048,171,96,75
105000049,152,457,-305
105000050,50,35,15
105000051,108,354,-246
105000052,95,378,-283
105000053,64,145,-81
105000054,66,489,-423
105000055,114,244,-130
105000056,177,1145,-968
105000057,426,696,-270
105000058,529,818,-289
105000059,94,206,-112
105000060,141,407,-266
105000061,65,124,-59
105000062,302,677,-375
105000063,127,480,-353
105000064,114,291,-177
105000065,135,688,-553
105000066,349,1195,-846
105000067,150,216,-66
105000068,300,482,-182
105000069,1236,168,1068
105000070,356,333,23
105000071,41,89,-48
105000072,332,163,169
105000073,302,204,98
105000074,409,594,-185
105000075,182,405,-223
105000076,591,718,-127
105000077,933,411,522
105000078,597,482,115
105000079,776,1056,-280
105000080,517,358,159
105000081,410,464,-54
105000082,83,224,-141
105000083,219,210,9
105000084,250,667,-417
105000085,340,298,42
105000086,309,569,-260
105000087,1317,1163,154
105000088,427,405,22
105000089,1691,1607,84
105000090,638,612,26
105000091,1242,1235,7
105000092,301,742,-441
105000093,225,148,77
105000094,107,64,43
105000095,39,226,-187
105000096,312,279,33
105000097,418,356,62
105000098,133,184,-51
105000099,319,530,-211
105000100,472,704,-232
105000101,735,1188,-453
105000102,523,870,-347
105000103,550,1164,-614
105000104,399,578,-179
105000105,251,950,-699
105000106,344,794,-450
105000107,294,449,-155
105000108,304,742,-438
105000109,402,930,-528
105000110,196,372,-176
105000111,203,314,-111
105000112,400,373,27
105000113,115,206,-91
105000114,1771,416,1355
105000115,156,284,-128
105000116,89,124,-35
105000117,353,824,-471
105000118,44,103,-59
105000119,157,658,-501
105000120,114,232,-118
105000121,247,589,-342
105000122,63,150,-87
105000123,393,736,-343
105000124,353,421,-68
105000125,137,892,-755
105000126,584,1296,-712
105000127,847,997,-150
105000128,68,692,-624
105000129,133,188,-55
105000130,19,296,-277
105000131,183,139,44
105000132,254,86,168
105000133,136,591,-455
105000134,114,192,-78
105000135,144,408,-264
105000136,29,202,-173
105000137,29,21,8
105000138,133,268,-135
105000139,436,710,-274
105000140,27,54,-27
105000141,67,357,-290
105000142,24,92,-68
105000143,52,334,-282
105000144,154,382,-228
105000145,64,211,-147
105000146,162,379,-217
105000147,26,27,-1
105000148,96,58,38
105000149,129,88,41
105000150,671,781,-110
105000151,101,134,-33
105000152,38,339,-301
105000153,109,212,-103
105000154,140,504,-364
105000155,49,211,-162
105000156,262,569,-307
105000157,424,1110,-686
105000158,517,401,116
105000159,194,794,-600
105000160,425,317,108
105000161,326,1186,-860
105000162,64,405,-341
105000163,476,596,-120
105000164,99,117,-18
105000165,586,954,-368
105000166,3690,112,3578
105000167,1471,617,854
105000168,16,566,-550
105000169,73,309,-236
105000170,9,403,-394
105000171,459,135,324
105000172,0,2,-2
105000173,2,0,2
105000174,3,1,2
105000175,23,86,-63
105000176,17,31,-14
105000177,32,31,1
105000178,34,142,-108
105000179,34,49,-15
105000180,15,66,-51
105000181,7,72,-65
105000182,9,32,-23
105000183,1135,389,746
105000184,670,379,291
105000185,213,124,89
105000186,170,649,-479
105000187,123,73,50
105000188,31,33,-2
105000189,46,417,-371
105000190,10,30,-20
105000191,132,307,-175
105000192,25,86,-61
105000193,26,56,-30
105000194,75,46,29
105000195,87,549,-462
105000196,13,36,-23
105000197,60,381,-321
105000198,213,117,96
105000199,99,74,25
105000200,29,119,-90
105000201,23,14,9
105000203,4,178,-174
105000204,46,48,-2
105000205,64,171,-107
105000207,355,118,237
105000208,0,0,0
105000209,100,247,-147
105000211,22,8,14
105000212,258,698,-440
105000213,82,92,-10
105000214,13,96,-83
105000215,4,100,-96
105000216,21,298,-277
105000217,49,237,-188
105000218,103,431,-328
105000221,74,123,-49
105000222,5,17,-12
105000223,29,100,-71
105000226,11,74,-63
105000227,3,34,-31
105000228,46,396,-350
105000229,23,121,-98
105000231,0,0,0
105000233,195,296,-101
105000234,309,665,-356
105000235,57,217,-160
105000237,92,12,80
105000243,10,16,-6
105000248,19,17,2
105000262,88,856,-768
105000269,14,78,-64
105000270,63,94,-31
105000271,1,170,-169
105000282,24,23,1
105000287,134,33,101
105000288,63,196,-133
105000289,217,312,-95
105000290,0,0,0
105000402,2187,781,1406
105000426,131,188,-57
105000438,175,233,-58
105000440,2,11,-9
105000446,5502,2114,3388
105000447,3304,1062,2242
105000454,51,545,-494
105000455,101,95,6
105000474,5,0,5
105000477,32,174,-142
105000478,361,482,-121
105000479,32,69,-37
105000480,551,557,-6
105000481,749,734,15
105000482,2052,1324,728
105000483,408,517,-109
105000484,1067,1309,-242
105000485,731,730,1
105000486,1548,1285,263
105000488,1178,1146,32
105000489,161,318,-157
105000549,0,8,-8
105000550,147,590,-443
105000551,26,47,-21
105000552,2689,1050,1639
105000555,246,319,-73
105000556,11,2,9
105000557,7,148,-141
105900001,1,241,-240
105900002,852,86,766
105900003,4,36,-32
105900004,254,51,203
105900005,3,157,-154
105900006,1,16,-15
105900007,5,9,-4
105900008,13,461,-448
105900009,2,11,-9
105900011,11,23,-12
105900012,60,94,-34
105900013,0,6,-6
105900014,0,72,-72
105900015,33,196,-163
105900016,31,289,-258
105900017,153,17,136
105900018,86,138,-52
105900019,7,290,-283
105900020,2,31,-29
105900021,6,184,-178
105900022,40,119,-79
105900023,2,42,-40
105900024,1,53,-52
105900025,6,9,-3
105900026,62,22,40
105900027,1173,403,770
105900028,10,67,-57
105900029,1122,219,903
105900030,57,168,-111
105900031,140,100,40
105900032,20,88,-68
105900033,5,97,-92
105900034,28,173,-145
105900035,51,55,-4
105900036,9,44,-35
105900037,22,40,-18
105900038,44,118,-74
105900039,10,70,-60
105900040,33,37,-4
105900041,91,140,-49
105900042,13,50,-37
105900043,729,24,705
105900044,1,47,-46
105900045,0,191,-191
105900046,0,109,-109
105900047,0,13,-13
105900048,7,290,-283
105900050,89,160,-71
105900051,1,473,-472
105900052,50,6,44
105900053,1819,240,1579
105900054,89,110,-21
105900056,319,29,290
105900057,4,71,-67
105900058,6,7,-1
105900059,0,7,-7
106000001,768,371,397
106000002,1132,1740,-608
106000003,1510,699,811
106000004,1272,1112,160
106000005,916,1636,-720
106000006,2657,2313,344
106000007,309,199,110
106000008,171,165,6
106000009,209,143,66
106000010,299,316,-17
106000011,187,392,-205
106000012,349,953,-604
106000013,557,826,-269
106000014,860,1028,-168
106000015,396,519,-123
106000016,560,1316,-756
106000017,332,441,-109
106000018,207,474,-267
106000019,120,260,-140
106000020,81,293,-212
106000021,156,278,-122
106000022,167,280,-113
106000023,187,164,23
106000024,188,582,-394
106000025,60,93,-33
106000026,116,196,-80
106000027,98,272,-174
106000028,200,534,-334
106000029,418,1023,-605
106000030,411,146,265
106000034,175,334,-159
106000035,312,285,27
106000036,132,164,-32
106000037,557,754,-197
106000038,97,55,42
106000039,67,34,33
106000040,87,467,-380
106000041,322,138,184
106000043,131,31,100
106000046,133,12,121
106000047,8,230,-222
106000049,99,29,70
106000050,104,423,-319
106000051,86,133,-47
106000052,29,404,-375
106000053,0,0,0
106000054,156,283,-127
106000055,70,175,-105
106000056,217,317,-100
106000057,0,0,0
106000058,62,171,-109
106000059,33,75,-42
106000060,276,413,-137
106000061,29,96,-67
106000062,170,362,-192
106000063,113,131,-18
106000064,27,251,-224
106000065,7,27,-20
106000066,36,227,-191
106000067,13,29,-16
106000068,9,388,-379
106000069,12,41,-29
106000070,101,431,-330
106000071,62,97,-35
106000072,2002,601,1401
106000073,646,681,-35
106000074,84,265,-181
106000075,72,305,-233
106000076,384,590,-206
106000077,822,512,310
106000078,124,415,-291
106000079,129,536,-407
106000080,295,412,-117
106000081,125,444,-319
106000082,876,508,368
106000083,128,518,-390
106000084,129,300,-171
106000085,352,412,-60
106000086,137,279,-142
106000087,151,242,-91
106000088,112,437,-325
106000089,166,268,-102
106000090,43,317,-274
106000091,141,261,-120
106000092,89,72,17
106000093,33,17,16
106000094,38,283,-245
106000095,116,697,-581
106000096,144,454,-310
106000097,122,891,-769
106000098,75,546,-471
106000099,27,597,-570
106000100,164,195,-31
106000101,145,174,-29
106000102,17,305,-288
106000103,96,357,-261
106000104,150,163,-13
106000105,124,576,-452
106000106,124,166,-42
106000107,45,324,-279
106000108,73,154,-81
106000109,23,239,-216
106000110,56,135,-79
106000111,57,401,-344
106000112,39,140,-101
106000113,709,419,290
106000114,234,147,87
106000115,133,351,-218
106000116,57,113,-56
106000117,464,482,-18
106000118,372,383,-11
106000119,1577,601,976
106000120,369,168,201
106000121,26,89,-63
106000122,10,148,-138
106000123,59,157,-98
106000124,28,158,-130
106000125,9,222,-213
106000126,31,125,-94
106000127,103,555,-452
106000128,73,143,-70
106000129,112,460,-348
106000130,93,132,-39
106000131,36,313,-277
106000132,265,47,218
106000133,2522,344,2178
106000134,174,192,-18
106000135,113,575,-462
106000136,121,87,34
106000137,37,1082,-1045
106000138,151,24,127
106000139,0,0,0
106000140,6,70,-64
106000141,24,92,-68
106000142,0,0,0
106000143,9,102,-93
106000144,0,0,0
106000145,50,287,-237
106000146,0,0,0
106000147,127,196,-69
106000148,203,382,-179
106000149,166,152,14
106000150,179,661,-482
106000151,1976,336,1640
106000152,754,364,390
106000153,46,553,-507
106000154,1010,95,915
106000155,11,37,-26
106000156,122,118,4
106000157,263,826,-563
106000158,1554,286,1268
106000159,2694,625,2069
106000160,36,438,-402
106000161,603,355,248
106000162,51,178,-127
106000163,85,352,-267
106000164,70,105,-35
106000165,51,448,-397
106000166,65,103,-38
106000167,89,1018,-929
106000168,48,109,-61
106000169,18,502,-484
106000170,59,124,-65
106000171,22,447,-425
106000172,579,362,217
106000173,233,1288,-1055
106000174,72,144,-72
106000175,85,550,-465
106000176,246,199,47
106000177,217,1259,-1042
106000178,815,480,335
106000179,344,957,-613
106000180,305,1045,-740
106000181,107,1107,-1000
106000182,122,284,-162
106000183,161,617,-456
106000184,160,564,-404
106000185,155,450,-295
106000186,246,73,173
106000187,59,309,-250
106000188,0,3,-3
106000189,0,28,-28
106000190,0,0,0
106000191,125,131,-6
106000192,0,31,-31
106000193,93,69,24
106000194,84,205,-121
106000195,79,27,52
106000196,28,124,-96
106000197,87,139,-52
106000198,44,186,-142
106000199,371,175,196
106000200,223,47,176
106000201,190,285,-95
106000202,3459,217,3242
106000203,100,95,5
106000204,9,1,8
106000205,8,77,-69
106000206,10,1,9
106000207,34,588,-554
106000208,80,12,68
106000209,123,71,52
106000210,106,779,-673
106000211,170,1148,-978
106000212,70,23,47
106000213,221,473,-252
106000214,639,100,539
106000215,57,267,-210
106000216,118,147,-29
106000217,71,310,-239
106000218,108,122,-14
106000219,46,179,-133
106000220,96,135,-39
106000221,19,151,-132
106000222,44,77,-33
106000223,13,42,-29
106000224,35,213,-178
106000225,10,25,-15
106000226,34,267,-233
106000228,5,82,-77
106000229,19,473,-454
106000231,107,29,78
106000232,21,245,-224
106000233,50,28,22
106000234,28,117,-89
106000235,37,21,16
106000236,27,20,7
106000237,0,20,-20
106000238,0,0,0
106000239,0,45,-45
106000240,5,0,5
106000241,11,358,-347
106000242,23,6,17
106000249,0,0,0
106000250,5,195,-190
106000251,9,12,-3
106000252,16,69,-53
106000253,3,22,-19
106000254,23,52,-29
106000255,3,27,-24
106000256,27,53,-26
106000257,19,171,-152
106000258,21,3,18
106000259,0,44,-44
106000260,4,3,1
106000261,3,20,-17
106000262,2,2,0
106000263,2,36,-34
106000264,23,3,20
106000265,2,66,-64
106000266,27,3,24
106000267,0,88,-88
106000268,128,4,124
106000269,34,31,3
106000270,50,196,-146
106000271,16,86,-70
106000272,38,29,9
106000273,2,45,-43
106000274,116,19,97
106000275,54,75,-21
106000276,67,38,29
106000277,70,81,-11
106000278,101,13,88
106000279,14,39,-25
106000280,6,82,-76
106000281,41,67,-26
106000282,34,29,5
106000283,11,53,-42
106000284,8,47,-39
106000285,33,88,-55
106000286,35,82,-47
106000287,21,61,-40
106000288,23,108,-85
106000289,24,66,-42
106000290,13,108,-95
106000291,33,59,-26
106000292,17,95,-78
106000293,44,52,-8
106000294,67,74,-7
106000295,16,24,-8
106000296,34,65,-31
106000297,49,72,-23
106000298,87,23,64
106000299,40,62,-22
106000300,15,53,-38
106000301,50,73,-23
106000303,9,15,-6
106000304,15,14,1
106000305,10,10,0
106000306,38,56,-18
106000307,8,3,5
106000308,22,89,-67
106000309,3,36,-33
106000310,75,230,-155
106000311,128,64,64
106000312,32,65,-33
106000313,39,153,-114
106000318,46,86,-40
106000319,92,6,86
106000320,1,13,-12
106000321,64,32,32
106000322,22,127,-105
106000324,5,83,-78
106000325,347,351,-4
106000326,403,1058,-655
106000327,5,78,-73
106000328,3,33,-30
106000329,11,152,-141
106000330,16,30,-14
106000428,37,89,-52
106000429,25,294,-269
106000430,114,938,-824
106000431,211,141,70
106000432,541,1394,-853
106000433,309,383,-74
106000434,666,198,468
106000435,1173,1299,-126
106000436,2,191,-189
106000437,50,7,43
106000438,12,24,-12
106000439,9,234,-225
106000440,71,336,-265
106000441,0,0,0
106000442,20,9,11
106000443,41,410,-369
106000450,3,86,-83
106000451,11,1,10
106000454,2,31,-29
106000455,0,90,-90
106000456,14,11,3
106000457,5,770,-765
106000458,25,33,-8
106000459,15,254,-239
106000460,103,1,102
106000461,17,1129,-1112
106000462,0,9,-9
106000463,1,10,-9
106000464,5,371,-366
106000465,43,3,40
106000466,1,419,-418
106000467,334,277,57
106000468,9,114,-105
106000469,42,1,41
106000470,98,443,-345
106000471,7,327,-320
106000472,15,2,13
106000473,20,16,4
106000474,139,464,-325
106000475,84,97,-13
106000476,95,89,6
106000477,17,94,-77
106000480,0,41,-41
106900001,0,3,-3
106900002,2,369,-367
106900003,63,371,-308
106900004,1,20,-19
106900006,0,7,-7
106900007,0,4,-4
106900008,40,102,-62
106900009,38,148,-110
106900010,47,120,-73
106900012,441,208,233
106900013,15,6,9
106900014,1,0,1
106900015,1,0,1
106900016,7,0,7
106900017,0,0,0
106900018,1,0,1
106900019,2,0,2
106900020,1354,148,1206
106900021,9,12,-3
106900022,27,0,27
106900023,1,124,-123
106900024,21,1,20
106900025,32,307,-275
106900026,1,574,-573
106900027,42,0,42
107000001,497,622,-125
107000002,1243,1968,-725
107000003,1250,2152,-902
107000004,2726,3757,-1031
107000005,574,1118,-544
107000006,1651,4366,-2715
107000007,2091,1688,403
107000008,12650,7489,5161
107000009,1612,1661,-49
107000010,6180,7278,-1098
107000011,570,738,-168
107000012,1815,1786,29
107000013,12,145,-133
107000014,4,177,-173
107000015,178,605,-427
107000016,129,779,-650
107000017,765,411,354
107000018,0,149,-149
107000020,283,131,152
107000021,384,691,-307
107000022,157,820,-663
107000023,574,329,245
107000024,162,1523,-1361
107000025,57,208,-151
107000026,48,488,-440
107000027,546,380,166
107000028,546,786,-240
107000029,475,560,-85
107000030,1531,1654,-123
107000031,489,686,-197
107000032,59,172,-113
107000033,2135,1925,210
107000034,3451,1107,2344
107000035,154,79,75
107000036,184,486,-302
107000037,33,235,-202
107000038,127,135,-8
107000039,152,201,-49
107000040,60,183,-123
107000041,400,255,145
107000042,282,776,-494
107000043,1307,305,1002
107000044,372,280,92
107000045,52,212,-160
107000046,95,101,-6
107000047,156,508,-352
107000048,152,147,5
107000049,141,434,-293
107000050,176,201,-25
107000051,274,128,146
107000052,423,259,164
107000053,92,53,39
107000054,38,155,-117
107000055,91,52,39
107000056,279,481,-202
107000057,1042,149,893
107000058,324,421,-97
107000059,751,1628,-877
107000060,771,1342,-571
107000061,2480,2389,91
107000062,737,976,-239
107000063,1668,3280,-1612
107000064,741,730,11
107000065,1660,4026,-2366
107000066,416,594,-178
107000067,281,437,-156
107000068,686,233,453
107000069,170,149,21
107000070,15,10,5
107000071,197,5,192
107000072,19,2282,-2263
107000073,49,32,17
107000074,88,472,-384
107000075,184,32,152
107000076,439,1395,-956
107000077,404,77,327
107000078,608,2022,-1414
107000079,330,97,233
107000080,443,1959,-1516
107000081,207,167,40
107000082,174,1924,-1750
107000083,142,104,38
107000084,147,1637,-1490
107000085,1210,1325,-115
107000086,1670,1333,337
107000087,1127,851,276
107000088,892,1712,-820
107000089,575,685,-110
107000090,539,551,-12
107000091,324,463,-139
107000092,215,544,-329
107000093,344,480,-136
107000094,350,649,-299
107000095,100,81,19
107000096,241,595,-354
107000097,109,57,52
107000098,208,560,-352
107000099,91,83,8
107000100,156,280,-124
107000101,19,63,-44
107000102,258,256,2
107000103,59,65,-6
107000104,108,210,-102
107000105,72,39,33
107000106,81,173,-92
107000107,91,51,40
107000108,59,538,-479
107000109,0,0,0
107000110,22,363,-341
107000111,0,0,0
107000112,7,233,-226
107000113,0,0,0
107000114,13,456,-443
107000115,1,0,1
107000116,56,662,-606
107000117,0,0,0
107000118,43,160,-117
107000119,712,186,526
107000120,1616,244,1372
107000121,85,182,-97
107000122,377,471,-94
107000123,51,306,-255
107000124,175,437,-262
107000125,147,417,-270
107000126,250,781,-531
107000129,55,764,-709
107000130,38,58,-20
107000131,113,504,-391
107000132,74,96,-22
107000133,82,41,41
107000134,17,0,17
107000135,5,120,-115
107000136,112,2,110
107000137,1,235,-234
107000138,53,5,48
107000139,8,225,-217
107000140,214,7,207
107000141,79,469,-390
107000142,86,17,69
107000143,18,442,-424
107000144,56,46,10
107000145,43,327,-284
107000146,66,38,28
107000147,2559,585,1974
107000150,408,384,24
107000151,14,27,-13
107000152,174,145,29
107000153,206,145,61
107000154,16,32,-16
107000155,190,2,188
107000156,230,3,227
107000157,8,1894,-1886
107000158,88,4,84
107000159,20,1090,-1070
107000160,122,37,85
107000161,31,1250,-1219
107000162,53,68,-15
107000163,7,1,6
107000164,43,0,43
107000165,82,1,81
107000166,22,939,-917
107000167,156,174,-18
107000168,232,82,150
107000169,554,795,-241
107000170,219,156,63
107000171,199,2108,-1909
107000172,210,209,1
107000173,348,690,-342
107000174,327,706,-379
107000175,7371,931,6440
107000176,1,0,1
107000177,1,0,1
107000178,2,19,-17
107000179,97,2188,-2091
107000180,205,189,16
107000181,82,940,-858
107000182,194,336,-142
107000183,37,661,-624
107000184,150,405,-255
107000185,104,791,-687
107000186,61,84,-23
107000187,384,443,-59
107000188,151,167,-16
107000189,106,401,-295
107000190,174,336,-162
107000191,242,603,-361
107000192,445,488,-43
107000193,126,148,-22
107000194,410,426,-16
107000197,106,69,37
107000198,70,478,-408
107000199,319,475,-156
107000200,526,286,240
107000201,155,158,-3
107000202,90,278,-188
107000203,439,262,177
107000204,441,239,202
107000205,1660,649,1011
107000206,332,191,141
107000207,468,455,13
107000208,767,90,677
107000209,987,253,734
107000210,882,175,707
107000211,7,13,-6
107000212,3,200,-197
107000213,61,8,53
107000214,11,81,-70
107000215,65,227,-162
107000216,30,332,-302
107000217,15,81,-66
107000219,20,65,-45
107000220,21,239,-218
107000222,88,384,-296
107000224,73,20,53
107000225,84,515,-431
107000226,89,40,49
107000227,67,372,-305
107000228,56,116,-60
107000229,100,51,49
107000230,921,315,606
107000231,135,157,-22
107000232,31,39,-8
107000233,116,133,-17
107000234,1,4,-3
107000235,0,0,0
107000236,6,232,-226
107000237,0,0,0
107000238,0,0,0
107000239,3606,197,3409
107000240,21,868,-847
107000243,0,34,-34
107000244,3,57,-54
107000246,2,840,-838
107000249,3,554,-551
107000251,1,174,-173
107000252,3,1077,-1074
107000255,410,38,372
107000257,1,507,-506
107000258,0,113,-113
107000259,0,208,-208
107000260,78,0,78
107000262,3,619,-616
107000263,31,2,29
107000266,0,1,-1
107000267,30,152,-122
107000268,77,159,-82
107000269,33,16,17
107000270,1,1,0
107000271,3,693,-690
107000272,3,243,-240
107000273,5,197,-192
107000274,90,142,-52
107000275,10,346,-336
107000280,113,13,100
107000281,12,783,-771
107000282,10,1263,-1253
107000290,1,46,-45
107000291,5,11,-6
107000292,3,25,-22
107000293,45,2,43
107000294,0,46,-46
107000295,29,1,28
107000296,0,2,-2
107000444,62,2,60
107000496,0,3,-3
107000497,482,2329,-1847
107000500,223,159,64
107000501,34,78,-44
107000502,31,194,-163
107000505,326,440,-114
107000506,0,7,-7
107000508,3,469,-466
107000509,58,107,-49
107000510,26,4,22
107000514,4,167,-163
107000515,3,236,-233
107000516,45,54,-9
107000518,125,57,68
107000519,2012,764,1248
107000520,17,1,16
107000521,159,377,-218
107000522,72,471,-399
107900001,10,163,-153
107900002,21,1,20
107900003,52,3,49
107900004,0,0,0
107900005,110,1,109
107900006,15,1,14
107900007,37,5,32
107900008,35,31,4
107900009,20,1,19
107900010,6,0,6
107900012,102,0,102
107900013,86,32,54
107900014,3,0,3
107900015,135,2,133
107900016,161,62,99
107900017,2,1,1
107900018,18,17,1
107900019,0,47,-47
107900020,39,3,36
107900021,3,86,-83
107900023,0,1,-1
107900024,0,3,-3
107900025,111,191,-80
107900026,10,76,-66
107900027,13,31,-18
107900028,10,59,-49
107900030,46,3,43
107900031,17,198,-181
107900032,0,0,0
107900033,1,1,0
107900034,34,1,33
107900035,128,1,127
107900036,20,3,17
107900037,0,19,-19
107900038,79,38,41
107900039,1,53,-52
107900040,4,12,-8
107900041,0,0,0
107900043,6,69,-63
107900044,2,0,2
107900045,10,1,9
107900046,26,12,14
107900047,3,40,-37
107900048,27,1,26
107900049,121,68,53
107900050,35,168,-133
107900051,6,46,-40
107900052,0,2,-2
107900053,9,60,-51
107900055,89,39,50
107900056,10,1,9
107900057,0,0,0
107900058,3,508,-505
107900060,0,20,-20
107900061,5,0,5
107900063,14,43,-29
107900064,118,12,106
107900065,19,1,18
107900066,0,8,-8
107900067,0,0,0
107900068,49,117,-68
107900069,21,121,-100
107900070,5,4,1
107900071,4,643,-639
107900072,24,105,-81
107900073,2,35,-33
107900074,414,93,321
107900076,18,23,-5
107900077,7,0,7
107900079,4,8,-4
107900080,104,51,53
107900081,3,24,-21
107900082,6,2,4
107900083,59,86,-27
107900084,12,47,-35
107900086,38,24,14
107900087,92,17,75
107900088,3,3,0
107900089,204,385,-181
107900090,123,153,-30
107900091,38,224,-186
107900093,12,15,-3
107900095,1604,497,1107
107900097,9,29,-20
107900098,15,51,-36
107900100,390,150,240
107900101,422,48,374
107900102,30,2,28
107900103,10,101,-91
107900104,28,0,28
107900105,2,464,-462
107900106,2,909,-907
107900107,566,62,504
107900108,118,22,96
107900109,101,0,101
107900110,1,76,-75
107900111,12,853,-841
107900112,74,136,-62
107900113,6,40,-34
107900114,18,153,-135
107900115,0,10,-10
107900116,6,172,-166
107900117,73,210,-137
107900118,19,100,-81
107900119,18,15,3
107900120,10,4,6
107900121,2,51,-49
107900122,0,37,-37
107900123,0,5,-5
107900124,0,23,-23
107900125,12,102,-90
107900126,0,12,-12
107900127,204,24,180
107900128,70,23,47
107900129,2,36,-34
107900130,1,12,-11
107900131,71,9,62
107900132,27,224,-197
107900133,0,20,-20
107900134,14,6,8
107900135,2,134,-132
107900136,22,11,11
107900137,30,38,-8
107900138,1,18,-17
107900139,0,5,-5
107900141,6,5,1
107900142,17,483,-466
107900143,27,11,16
107900144,0,111,-111
107900145,1,51,-50
107900146,13,50,-37
107900147,5,3,2
107900148,93,74,19
107900149,1208,50,1158
107900150,19,284,-265
107900151,1,87,-86
107900152,2,116,-114
107900153,33,55,-22
107900154,2,1,1
107900155,8,7,1
107900156,0,159,-159
107900157,24,53,-29
107900158,58,1,57
107900159,22,593,-571
107900160,4,95,-91
107900161,3,175,-172
107900162,0,47,-47
107900163,8,17,-9
107900164,0,7,-7
107900165,4,14,-10
107900166,2,219,-217
107900167,0,0,0
107900168,1,35,-34
107900169,1,108,-107
107900171,9,1047,-1038
107900172,0,182,-182
107900173,2,149,-147
107900174,18,1,17
107900175,1,0,1
107900176,0,18,-18
107900177,0,41,-41
107900178,0,152,-152
107900179,1,59,-58
107900180,604,62,542
107900181,178,272,-94
107900182,5,848,-843
107900183,3,263,-260
107900184,6,141,-135
107900185,20,2,18
107900186,4,30,-26
107900187,0,60,-60
107900188,382,21,361
107900189,0,39,-39
107900190,70,17,53
107900191,5,114,-109
107900193,2,23,-21
107900194,17,0,17
107900195,2367,174,2193
107900196,18,19,-1
107900197,67,21,46
107900199,1,823,-822
107900201,36,94,-58
107900203,10,85,-75
107900204,160,147,13
107900206,119,68,51
107900207,2,431,-429
107900208,2,561,-559
107900209,147,31,116
107900210,13,55,-42
107900213,77,167,-90
107900214,2,98,-96
107900215,105,189,-84
107900216,11,17,-6
107900217,11,13,-2
107900218,9,1106,-1097
107900219,4,67,-63
107900220,42,27,15
107900221,86,171,-85
107900223,8,283,-275
107900224,91,156,-65
107900225,2,443,-441
107900226,16,97,-81
107900227,43,250,-207
107900228,2,62,-60
107900229,1,237,-236
107900230,0,83,-83
107900231,0,102,-102
107900232,12,150,-138
107900233,2,95,-93
107900234,23,93,-70
107900235,26,57,-31
107900236,11,69,-58
107900237,70,311,-241
107900238,18,47,-29
107900239,677,245,432
107900240,4,86,-82
107900241,1,59,-58
107900242,7,246,-239
107900243,1,23,-22
107900244,48,0,48
107900245,104,6,98
107900246,10,4,6
107900248,20,209,-189
107900249,61,0,61
107900250,2,351,-349
107900251,14,698,-684
107900252,42,0,42
107900253,14,1,13
107900254,24,25,-1
107900255,230,17,213
107900256,53,236,-183
107900257,14,5,9
107900258,7,156,-149
107900259,22,264,-242
107900261,1,259,-258
107900262,7,49,-42
107900264,28,0,28
107900265,12,144,-132
107900267,12,4,8
107900268,38,2,36
107900269,0,5,-5
107900270,0,0,0
107900271,0,0,0
107900272,0,2,-2
107900273,4,34,-30
107900274,8,0,8
107900275,18,0,18
107900276,0,40,-40
107900277,0,124,-124
107900278,37,192,-155
107900279,83,28,55
107900280,854,453,401
107900281,1517,308,1209
107900282,6,50,-44
107900283,753,190,563
107900284,29,451,-422
107900285,19,75,-56
107900286,42,42,0
107900287,30,44,-14
107900290,0,20,-20
107900291,120,1,119
107900292,38,150,-112
107900293,18,317,-299
107900295,6,91,-85
107900297,4,127,-123
107900298,289,441,-152
107900299,2327,410,1917
107900301,89,127,-38
107900302,13,6,7
107900303,11,196,-185
107900304,20,317,-297
107900305,64,6,58
107900306,4,9,-5
107900307,7,206,-199
107900308,71,3,68
107900309,1,0,1
107900310,0,0,0
107900311,28,25,3
107900312,0,0,0
107900313,0,32,-32
107900314,1,21,-20
107900315,0,24,-24
107900316,4,0,4
107900317,8,0,8
107900318,1,54,-53
107900319,2,164,-162
107900320,2,113,-111
107900321,17,1,16
107900322,0,125,-125
107900323,3,63,-60
107900324,25,1,24
107900325,14,0,14
107900326,16,286,-270
107900327,0,0,0
107900328,0,0,0
107900329,0,0,0
107900330,0,388,-388
107900331,23,14,9
107900332,15,12,3
107900333,7,3,4
107900334,3,169,-166
107900335,26,37,-11
107900336,2,9,-7
107900337,772,125,647
107900338,0,76,-76
107900339,0,18,-18
107900340,0,30,-30
107900341,2,0,2
107900342,25,64,-39
107900343,3,0,3
107900344,0,50,-50
107900345,9,8,1
107900346,15,0,15
107900347,7,2,5
107900348,1,4,-3
107900349,15,0,15
107900350,34,160,-126
107900351,1,158,-157
107900352,0,38,-38
107900353,1,1,0
107900354,0,64,-64
108000001,828,1048,-220
108000002,1393,2242,-849
108000003,942,563,379
108000004,10606,9626,980
108000005,1195,956,239
108000006,2122,3610,-1488
108000007,1358,1209,149
108000008,2416,3600,-1184
108000009,799,1245,-446
108000010,1156,3449,-2293
108000011,3310,2560,750
108000012,11186,9686,1500
108000014,76,208,-132
108000015,68,132,-64
108000016,75,474,-399
108000017,94,148,-54
108000018,178,156,22
108000019,188,160,28
108000020,175,108,67
108000021,201,1025,-824
108000022,262,938,-676
108000023,292,61,231
108000024,41,352,-311
108000025,32,109,-77
108000026,54,354,-300
108000027,81,492,-411
108000028,36,205,-169
108000029,68,678,-610
108000030,24,125,-101
108000031,36,436,-400
108000032,176,106,70
108000033,233,740,-507
108000034,229,101,128
108000035,428,1718,-1290
108000036,160,1055,-895
108000037,350,95,255
108000038,354,71,283
108000039,110,1680,-1570
108000040,277,110,167
108000041,267,1559,-1292
108000042,27,150,-123
108000043,69,210,-141
108000044,20,85,-65
108000045,56,521,-465
108000046,84,80,4
108000047,125,778,-653
108000048,42,251,-209
108000049,40,37,3
108000050,104,404,-300
108000051,18,16,2
108000052,122,440,-318
108000053,27,17,10
108000054,244,527,-283
108000055,168,126,42
108000056,650,564,86
108000057,104,242,-138
108000058,552,753,-201
108000059,1890,879,1011
108000060,36,157,-121
108000061,173,447,-274
108000062,75,146,-71
108000063,78,494,-416
108000064,27,57,-30
108000065,191,369,-178
108000066,492,199,293
108000067,324,165,159
108000068,108,87,21
108000069,100,798,-698
108000070,223,127,96
108000071,259,1242,-983
108000072,184,196,-12
108000073,472,1181,-709
108000074,64,73,-9
108000075,130,527,-397
108000076,99,79,20
108000077,292,609,-317
108000078,513,434,79
108000079,683,1209,-526
108000080,161,193,-32
108000081,190,1897,-1707
108000082,658,926,-268
108000083,453,198,255
108000084,165,711,-546
108000085,83,61,22
108000086,440,365,75
108000087,59,425,-366
108000088,140,21,119
108000089,125,155,-30
108000091,37,337,-300
108000092,11,18,-7
108000093,52,549,-497
108000094,66,17,49
108000095,39,302,-263
108000096,30,31,-1
108000097,37,369,-332
108000098,113,315,-202
108000099,231,100,131
108000100,9,132,-123
108000101,105,146,-41
108000102,308,674,-366
108000106,135,0,135
108000107,0,368,-368
108000108,100,6,94
108000109,3,450,-447
108000110,23,110,-87
108000111,52,472,-420
108000112,2,24,-22
108000113,259,209,50
108000115,224,146,78
108000117,333,114,219
108000118,163,341,-178
108000119,262,309,-47
108000120,19,264,-245
108000121,61,349,-288
108000122,39,113,-74
108000123,66,154,-88
108000124,39,351,-312
108000125,31,218,-187
108000126,31,510,-479
108000127,46,291,-245
108000128,93,564,-471
108000129,65,1118,-1053
108000130,33,213,-180
108000131,145,65,80
108000132,535,593,-58
108000133,178,189,-11
108000134,320,661,-341
108000135,173,105,68
108000136,468,847,-379
108000137,124,303,-179
108000138,113,772,-659
108000139,19,200,-181
108000140,17,8,9
108000141,7,86,-79
108000142,15,96,-81
108000143,31,360,-329
108000144,75,61,14
108000145,13,30,-17
108000146,86,25,61
108000147,4,15,-11
108000148,27,17,10
108000149,17,15,2
108000150,20,2,18
108000151,51,12,39
108000152,40,464,-424
108000153,35,45,-10
108000154,24,20,4
108000155,13,34,-21
108000156,388,203,185
108000157,44,147,-103
108000158,41,148,-107
108000159,352,68,284
108000160,2871,279,2592
108000161,2247,378,1869
108000165,2,61,-59
108000172,0,67,-67
108000173,1485,656,829
108000175,46,37,9
108000178,264,268,-4
108000179,74,156,-82
108000181,21,32,-11
108000182,118,29,89
108000183,11,251,-240
108000184,473,522,-49
108000185,27,461,-434
108000186,37,276,-239
108000187,17,549,-532
108000188,52,109,-57
108000189,691,796,-105
108000190,7,60,-53
108000192,27,495,-468
108000193,296,7,289
108000194,0,3,-3
108000195,1,724,-723
108000196,2,28,-26
108000198,131,272,-141
108000199,0,71,-71
108000200,93,323,-230
108000203,57,726,-669
108000204,36,14,22
108000205,281,374,-93
108000339,524,146,378
108000364,254,193,61
108000365,19,193,-174
108000367,47,107,-60
108000368,1,50,-49
108000369,1303,52,1251
108000371,1,422,-421
108000372,53,1,52
108000373,0,0,0
108000376,36,3,33
108000377,96,194,-98
108000378,3867,2265,1602
108000379,16,73,-57
108000381,7,8,-1
108000382,23,2,21
108000383,0,94,-94
108900001,83,694,-611
108900002,73,17,56
108900003,168,537,-369
108900004,1288,145,1143
108900007,14,80,-66
108900008,11,88,-77
108900009,6,46,-40
108900010,14,78,-64
108900011,50,200,-150
108900012,46,314,-268
108900013,13,142,-129
108900014,3,35,-32
108900015,0,5,-5
108900016,3,117,-114
108900017,73,67,6
108900018,17,315,-298
108900019,4,779,-775
108900020,16,163,-147
108900021,27,148,-121
108900022,3,0,3
108900023,1,7,-6
108900024,1,117,-116
108900025,8,48,-40
108900026,5,52,-47
108900027,0,79,-79
108900028,23,477,-454
108900029,5,102,-97
108900030,0,79,-79
108900031,8,473,-465
108900032,6,154,-148
108900033,0,27,-27
108900034,0,185,-185
108900035,42,1455,-1413
108900038,1,251,-250
108900039,1,456,-455
108900040,0,55,-55
108900041,3299,601,2698
108900042,1,123,-122
108900043,10,242,-232
108900044,3,607,-604
108900045,4,412,-408
108900046,18,606,-588
108900047,0,76,-76
108900048,23,539,-516
108900049,2981,251,2730
108900050,1,178,-177
108900051,1,129,-128
108900052,3,182,-179
108900053,17,36,-19
108900054,12,121,-109
108900055,27,294,-267
108900056,0,112,-112
108900057,0,97,-97
108900058,2,366,-364
108900059,78,3,75
108900060,43,34,9
108900061,34,21,13
108900062,3,243,-240
108900063,1,250,-249
108900064,16,27,-11
108900065,8,230,-222
108900066,67,56,11
108900067,6,174,-168
108900068,0,142,-142
108900069,1,93,-92
108900070,9,133,-124
108900071,8,15,-7
108900072,1066,72,994
108900073,4,379,-375
108900074,15,343,-328
108900075,10,50,-40
108900076,30,20,10
108900077,126,450,-324
108900078,7,111,-104
108900079,324,109,215
108900080,13,55,-42
108900081,21,130,-109
108900082,10,86,-76
108900083,5,43,-38
108900085,1288,80,1208
108900086,10,186,-176
108900087,56,80,-24
108900088,94,62,32
108900089,2,21,-19
108900090,0,272,-272
108900091,52,42,10
108900092,94,66,28
108900093,17,15,2
108900094,42,32,10
108900095,35,428,-393
108900096,325,13,312
108900097,77,163,-86
108900098,1562,34,1528
108900099,79,199,-120
108900100,14,46,-32
108900101,30,15,15
108900102,39,134,-95
108900103,18,23,-5
108900105,2,132,-130
108900106,49,374,-325
108900108,31,6,25
108900109,31,16,15
108900110,21,293,-272
108900111,36,510,-474
108900113,14,9,5
108900114,7,5,2
108900115,8,6,2
108900116,5,1,4
108900117,20,5,15
108900118,71,0,71
108900119,49,7,42
108900120,40,19,21
108900121,21,3,18
108900122,12,4,8
108900123,5,8,-3
108900124,39,37,2
108900125,25,0,25
108900126,9,0,9
108900127,27,10,17
108900128,7,1,6
108900129,78,10,68
108900130,18,0,18
108900131,28,1,27
108900132,35,17,18
108900133,38,11,27
108900134,20,82,-62
108900135,25,0,25
108900136,0,0,0
108900137,15,2,13
108900138,63,1,62
108900140,13,121,-108
108900141,27,0,27
108900142,6,1,5
108900143,3,0,3
108900144,3,0,3
108900145,41,0,41
108900146,2,0,2
108900147,26,0,26
108900148,18,4,14
108900150,113,2,111
108900151,11,1,10
108900152,4,8,-4
108900153,6,283,-277
108900154,838,201,637
108900156,7,16,-9
108900157,0,398,-398
108900158,30,36,-6
108900159,3,142,-139
108900160,4,151,-147
108900161,7,243,-236
108900162,27,0,27
108900163,0,30,-30
108900164,17,59,-42
108900168,6766,673,6093
108900169,16,36,-20
108900171,2465,447,2018
108900172,32,1,31
108900173,100,156,-56
108900174,73,215,-142
108900176,54,459,-405
108900177,5296,548,4748
108900178,3156,340,2816
108900180,11,51,-40
108900183,72,84,-12
108900184,39,30,9
108900185,17,183,-166
108900186,3,197,-194
108900189,17,61,-44
108900190,9,1606,-1597
108900192,20,172,-152
108900195,17,216,-199
108900196,8,329,-321
108900199,34,212,-178
108900200,146,171,-25
108900201,49,550,-501
108900203,39,3,36
108900204,27,0,27
108900205,25,6,19
108900206,35,3,32
108900207,22,8,14
108900208,26,181,-155
108900209,73,374,-301
108900210,54,109,-55
108900211,27,73,-46
108900212,217,215,2
108900215,52,377,-325
108900216,164,34,130
108900217,9,0,9
108900218,13,0,13
108900221,12,19,-7
108900224,14,29,-15
108900225,0,79,-79
108900227,19,30,-11
108900230,205,201,4
108900232,0,210,-210
108900233,35,12,23
108900234,48,16,32
108900235,72,283,-211
108900236,7,203,-196
108900240,6,26,-20
108900241,3,10,-7
108900245,0,108,-108
108900250,14,33,-19
108900258,3,147,-144
108900259,16,26,-10
108900260,4,93,-89
108900261,68,75,-7
108900262,209,46,163
108900263,14,183,-169
108900264,135,120,15
108900265,801,109,692
108900266,506,51,455
108900267,1,13,-12
108900268,0,2,-2
108900269,5,1,4
108900270,7,0,7
108900271,5,2,3
108900272,16,0,16
108900273,460,148,312
108900274,9,21,-12
109000001,1260,365,895
109000002,2882,870,2012
109000003,686,243,443
109000004,321,1930,-1609
109000005,495,302,193
109000006,360,1470,-1110
109000007,274,244,30
109000008,225,1269,-1044
109000009,940,440,500
109000010,732,2594,-1862
109000011,489,570,-81
109000012,794,2824,-2030
109000013,659,449,210
109000014,537,2535,-1998
109000015,976,954,22
109000016,6089,2847,3242
109000017,609,418,191
109000018,448,2312,-1864
109000019,653,437,216
109000020,770,1568,-798
109000023,2,1,1
109000024,7,80,-73
109000025,223,138,85
109000026,251,164,87
109000027,60,125,-65
109000028,33,49,-16
109000029,100,47,53
109000030,21,256,-235
109000031,0,0,0
109000032,12,249,-237
109000033,13,5,8
109000034,55,13,42
109000035,1,2,-1
109000036,54,246,-192
109000037,61,221,-160
109000038,346,202,144
109000039,186,128,58
109000040,2478,831,1647
109000041,3782,501,3281
109000042,332,370,-38
109000044,27,48,-21
109000045,22,304,-282
109000046,13,27,-14
109000047,19,286,-267
109000048,74,19,55
109000049,102,297,-195
109000050,29,25,4
109000051,165,179,-14
109000052,134,1106,-972
109000053,32,38,-6
109000054,23,328,-305
109000055,43,67,-24
109000056,82,329,-247
109000057,70,76,-6
109000058,365,112,253
109000059,183,611,-428
109000060,111,49,62
109000061,952,197,755
109000062,25,36,-11
109000063,88,171,-83
109000064,19,31,-12
109000065,16,247,-231
109000066,51,29,22
109000067,17,291,-274
109000068,7,0,7
109000069,4,2,2
109000070,1,503,-502
109000071,154,42,112
109000072,26,243,-217
109000073,25,59,-34
109000074,22,192,-170
109000075,21,257,-236
109000076,39,54,-15
109000077,154,149,5
109000078,13,36,-23
109000079,46,123,-77
109000080,13,58,-45
109000081,13,339,-326
109000082,84,162,-78
109000083,40,559,-519
109000088,23,201,-178
109000089,42,4,38
109000090,118,385,-267
109000091,76,22,54
109000092,174,539,-365
109000093,57,19,38
109000094,43,0,43
109000095,33,522,-489
109000096,121,9,112
109000097,31,61,-30
109000098,2,4,-2
109000099,113,103,10
109000100,38,322,-284
109000101,140,311,-171
109000102,81,475,-394
109000103,108,369,-261
109000104,210,207,3
109000105,132,983,-851
109000106,241,225,16
109000107,132,1206,-1074
109000108,159,178,-19
109000109,169,1090,-921
109000110,224,153,71
109000111,404,1449,-1045
109000112,67,56,11
109000113,48,105,-57
109000114,39,185,-146
109000115,289,42,247
109000116,5,88,-83
109000117,23,47,-24
109000118,4,227,-223
109000119,110,143,-33
109000120,34,945,-911
109000121,49,40,9
109000122,31,828,-797
109000123,12,46,-34
109000124,123,207,-84
109000125,93,174,-81
109000126,109,539,-430
109000127,109,99,10
109000128,132,1888,-1756
109000129,251,87,164
109000130,199,1646,-1447
109000131,135,71,64
109000132,267,988,-721
109000133,75,599,-524
109000134,212,934,-722
109000135,378,685,-307
109000136,75,244,-169
109000137,44,89,-45
109000138,81,233,-152
109000139,104,190,-86
109000140,27,263,-236
109000141,38,197,-159
109000142,54,271,-217
109000143,20,24,-4
109000145,28,37,-9
109000146,34,45,-11
109000148,2219,141,2078
109000149,10,16,-6
109000150,46,48,-2
109000155,85,282,-197
109000156,518,470,48
109000158,8,136,-128
109000159,25,314,-289
109000160,148,147,1
109000161,82,818,-736
109000162,485,610,-125
109000163,224,799,-575
109000164,349,1285,-936
109000165,257,365,-108
109000166,107,89,18
109000167,47,524,-477
109000170,10,24,-14
109000171,17,27,-10
109000172,16,31,-15
109000173,14,20,-6
109000174,10,39,-29
109000175,9,43,-34
109000176,52,280,-228
109000177,0,63,-63
109000178,120,222,-102
109000179,4171,685,3486
109000180,2808,1228,1580
109000181,2,26,-24
109000182,9,29,-20
109000183,7,25,-18
109000184,9,7,2
109000185,8,58,-50
109000188,72,1552,-1480
109000189,277,422,-145
109000190,121,369,-248
109000191,48,209,-161
109000192,44,107,-63
109000193,58,308,-250
109000194,51,81,-30
109000195,12,300,-288
109000196,38,42,-4
109000197,54,301,-247
109000198,41,47,-6
109000199,73,298,-225
109000206,51,37,14
109000207,37,23,14
109000208,73,35,38
109000209,33,35,-2
109000210,121,237,-116
109000211,59,127,-68
109000214,87,369,-282
109000215,15,20,-5
109000216,23,24,-1
109000217,70,29,41
109000218,35,37,-2
109000221,37,665,-628
109000222,106,8,98
109000223,122,157,-35
109000224,14,207,-193
109000225,9,36,-27
109000226,16,173,-157
109000227,179,845,-666
109000228,0,176,-176
109000231,0,315,-315
109000232,42,341,-299
109000236,52,529,-477
109000241,422,948,-526
109000242,228,484,-256
109000293,5,11,-6
109000361,32,134,-102
109000364,70,413,-343
109000396,1,724,-723
109000397,54,1,53
109000399,43,306,-263
109000400,51,289,-238
109000403,24,59,-35
109000406,3,4,-1
109000407,59,127,-68
109000408,1,338,-337
109000410,257,109,148
109000411,16,12,4
109900001,5,0,5
109900002,99,0,99
109900003,39,0,39
109900004,169,108,61
109900005,4,3,1
109900006,21,168,-147
109900007,50,663,-613
109900008,0,27,-27
109900009,37,745,-708
109900010,87,1,86
109900011,19,7,12
109900012,24,44,-20
109900013,89,28,61
109900014,66,15,51
109900015,40,27,13
109900016,27,38,-11
109900017,15,22,-7
109900018,32,88,-56
109900019,22,66,-44
109900020,1,6,-5
109900021,5,1,4
109900022,16,221,-205
109900023,4,0,4
109900024,2,0,2
109900025,2,50,-48
109900026,1,95,-94
109900027,27,3,24
109900028,1598,150,1448
109900029,2,317,-315
109900030,0,1,-1
109900031,6,25,-19
109900032,0,176,-176
109900033,1,176,-175
109900034,4,0,4
109900035,4,10,-6
109900036,12,61,-49
109900037,1,299,-298
109900038,7,144,-137
109900039,1,0,1
109900040,15,459,-444
109900041,9,276,-267
109900042,10,285,-275
109900044,20,196,-176
109900045,21,23,-2
109900046,16,22,-6
109900047,158,134,24
109900048,5,35,-30
109900049,1,11,-10
109900050,2,230,-228
109900051,0,28,-28
109900052,7,127,-120
109900053,1,287,-286
109900054,58,27,31
109900055,4,142,-138
109900056,4,23,-19
109900057,6,135,-129
109900058,0,70,-70
109900059,55,25,30
109900060,55,67,-12
109900061,51,191,-140
109900062,0,144,-144
109900063,0,143,-143
109900064,32,92,-60
109900065,37,73,-36
109900066,101,622,-521
109900067,0,264,-264
109900068,3,0,3
109900069,0,7,-7
109900070,21,145,-124
109900071,0,5,-5
109900072,12,69,-57
109900073,20,407,-387
109900074,1,33,-32
109900075,1,6,-5
109900076,7,397,-390
109900077,7,42,-35
109900078,29,139,-110
109900080,44,214,-170
109900081,0,44,-44
109900082,8,363,-355
109900083,1,19,-18
109900084,9,61,-52
109900085,24,716,-692
109900086,17,40,-23
109900087,37,137,-100
109900089,54,26,28
109900090,252,591,-339
109900091,27,17,10
109900092,89,0,89
109900093,91,37,54
109900094,9,42,-33
109900095,25,75,-50
109900096,0,0,0
109900097,3,0,3
109900098,32,2,30
109900099,11,0,11
109900100,2,0,2
109900101,27,3,24
109900102,99,16,83
109900103,0,18,-18
109900104,49,860,-811
109900105,67,14,53
109900106,35,42,-7
109900107,40,34,6
109900108,19,504,-485
109900109,15,111,-96
109900110,17,249,-232
109900111,90,628,-538
109900112,126,549,-423
109900113,83,85,-2
109900114,192,18,174
109900115,11,12,-1
109900117,83,55,28
109900118,82,195,-113
109900119,203,124,79
109900120,4,2,2
109900121,82,36,46
109900122,40,1,39
109900123,1,98,-97
109900124,20,474,-454
109900125,1,129,-128
109900126,10,128,-118
109900128,18,25,-7
109900130,6311,284,6027
109900131,14,39,-25
109900132,13,83,-70
109900133,16,268,-252
109900134,3,6,-3
109900135,167,11,156
109900136,12,51,-39
109900137,2,235,-233
109900140,39,252,-213
109900142,112,74,38
109900145,6,23,-17
109900146,104,13,91
109900148,16,31,-15
109900149,25,11,14
109900150,3,26,-23
109900151,4,23,-19
109900152,0,15,-15
109900153,0,9,-9
109900154,1,0,1
109900155,5,9,-4
109900157,6,140,-134
109900158,34,56,-22
109900159,33,22,11
109900160,22,11,11
109900161,21,15,6
109900162,27,15,12
109900163,292,109,183
109900164,14,178,-164
109900165,12,1,11
109900166,0,70,-70
109900167,24,308,-284
109900168,18,315,-297
109900169,20,50,-30
109900170,77,84,-7
109900171,45,42,3
109900172,23,53,-30
109900173,2157,285,1872
109900174,9,66,-57
109900175,10,52,-42
109900176,59,111,-52
109900177,11,186,-175
109900178,0,64,-64
109900179,1,19,-18
109900180,3,1,2
110000001,272,290,-18
110000002,256,210,46
110000003,492,350,142
110000004,284,193,91
110000005,569,478,91
110000006,285,200,85
110000007,27,87,-60
110000008,2,25,-23
110000009,10,29,-19
110000010,7,49,-42
110000011,2,39,-37
110000012,361,229,132
110000013,17,122,-105
110000014,434,231,203
110000015,216,192,24
110000016,138,302,-164
110000017,2180,158,2022
110000018,2259,271,1988
110000019,8,71,-63
110000020,239,93,146
110000021,154,172,-18
110000022,172,54,118
110000023,2,81,-79
110000024,347,286,61
110000025,30,0,30
110000026,0,333,-333
110000027,217,85,132
110000028,291,294,-3
110000029,198,491,-293
110000030,84,138,-54
110000031,68,329,-261
110000032,236,151,85
110000033,48,40,8
110000034,118,421,-303
110000035,106,681,-575
110000036,151,375,-224
110000037,42,453,-411
110000038,99,310,-211
110000039,107,325,-218
110000040,193,304,-111
110000041,14,54,-40
110000042,62,218,-156
110000043,51,11,40
110000044,16,40,-24
110000045,28,9,19
110000046,0,2,-2
110000047,1,2,-1
110000048,1,2,-1
110000049,0,0,0
110000050,6,4,2
110000051,0,0,0
110000052,11,20,-9
110000053,2,0,2
110000054,30,96,-66
110000055,39,0,39
110000056,3,20,-17
110000057,127,489,-362
110000058,214,292,-78
110000059,275,378,-103
110000060,158,301,-143
110000061,558,577,-19
110000062,322,314,8
110000063,9,36,-27
110000064,34,61,-27
110000065,16,29,-13
110000066,17,30,-13
110000067,26,190,-164
110000068,39,300,-261
110000069,46,31,15
110000071,17,67,-50
110000073,2,9,-7
110000075,1,94,-93
110000076,111,54,57
110000077,211,131,80
110000078,11,31,-20
110000080,107,246,-139
110000081,12,115,-103
110000082,4,122,-118
110000083,97,283,-186
110000084,167,157,10
110000085,2059,637,1422
110000086,523,304,219
110000087,0,35,-35
110000088,15,87,-72
110000089,14,95,-81
110000090,14,141,-127
110000091,1020,156,864
110000092,6,81,-75
110000093,9,2,7
110000094,196,129,67
110000095,26,214,-188
110000096,2479,879,1600
110000097,493,381,112
110000098,392,196,196
110000099,414,742,-328
110000100,56,519,-463
110000101,7,388,-381
110000102,31,12,19
110000104,31,27,4
110000105,12,212,-200
110000106,90,47,43
110000107,193,270,-77
110000108,32,18,14
110000109,149,179,-30
110000110,2340,881,1459
110000111,5647,815,4832
110000112,618,126,492
110000113,345,275,70
110000114,34,143,-109
110000115,56,84,-28
110000116,11,24,-13
110000117,39,374,-335
110000118,110,109,1
110000119,51,251,-200
110000120,149,128,21
110000121,43,150,-107
110000122,124,351,-227
110000123,163,165,-2
110000124,1,511,-510
110000125,302,0,302
110000126,104,8,96
110000127,123,7,116
110000128,8,976,-968
110000129,5,504,-499
110000130,28,28,0
110000131,55,335,-280
110000132,1,419,-418
110000133,24,120,-96
110000134,12,139,-127
110000135,67,12,55
110000136,19,148,-129
110000137,75,375,-300
110000138,143,577,-434
110000139,225,792,-567
110000140,306,98,208
110000143,209,132,77
110000144,1407,425,982
110000145,498,306,192
110000146,537,231,306
110000147,43,304,-261
110000148,72,85,-13
110000151,373,198,175
110000152,345,149,196
110000153,22,50,-28
110000154,0,8,-8
110000155,493,830,-337
110000156,274,520,-246
110000157,539,702,-163
110000160,173,232,-59
110000161,54,271,-217
110000166,36,56,-20
110000167,151,178,-27
110000168,207,79,128
110000169,96,115,-19
110000170,26,47,-21
110000171,130,81,49
110000172,49,464,-415
110000173,425,596,-171
110000174,21,821,-800
110000175,65,22,43
110000176,9,63,-54
110000177,36,227,-191
110000178,373,253,120
110000179,687,157,530
110000180,16,229,-213
110000181,116,173,-57
110000182,173,162,11
110000183,5997,1732,4265
110000184,150,624,-474
110000185,274,329,-55
110000186,334,230,104
110000191,97,309,-212
110000192,53,0,53
110000193,79,0,79
110000194,4,760,-756
110000195,63,201,-138
110000196,79,416,-337
110000197,6,103,-97
110000198,18,58,-40
110000199,16,77,-61
110000200,725,508,217
110000201,163,206,-43
110000202,258,184,74
110000203,222,650,-428
110000204,2,209,-207
110000205,5,45,-40
110000206,214,1085,-871
110000207,113,151,-38
110000208,32,58,-26
110000209,53,545,-492
110000210,0,0,0
110000211,0,0,0
110000212,73,409,-336
110000213,21,14,7
110000214,32,46,-14
110000215,24,429,-405
110000216,13,409,-396
110000217,54,115,-61
110000218,23,315,-292
110000219,58,27,31
110000220,12,303,-291
110000221,58,18,40
110000222,10,195,-185
110000223,2,12,-10
110000224,25,2,23
110000225,59,279,-220
110000226,12,9,3
110000227,140,130,10
110000228,25,11,14
110000229,0,162,-162
110000230,141,426,-285
110000231,42,68,-26
110000232,53,166,-113
110000233,38,114,-76
110000234,192,102,90
110000235,399,296,103
110000236,129,669,-540
110000237,408,623,-215
110000238,240,548,-308
110000239,341,692,-351
110000240,0,52,-52
110000242,0,33,-33
110000243,22,144,-122
110000244,39,189,-150
110000245,21,204,-183
110000246,159,341,-182
110000247,492,1923,-1431
110000248,748,703,45
110000249,36,2,34
110000250,4,145,-141
110000251,34,292,-258
110000252,36,191,-155
110000253,257,141,116
110000254,248,763,-515
110000255,78,710,-632
110000256,132,72,60
110000257,85,185,-100
110000258,6,282,-276
110000259,35,13,22
110000260,18,258,-240
110000263,202,80,122
110000264,74,385,-311
110000265,439,517,-78
110000266,603,733,-130
110000267,6,118,-112
110000268,51,199,-148
110000269,2,49,-47
110000270,7,1,6
110000271,579,111,468
110000272,276,466,-190
110000273,641,621,20
110000274,103,321,-218
110000275,1843,218,1625
110000276,62,97,-35
110000277,33,173,-140
110000278,115,475,-360
110000279,89,263,-174
110000280,67,249,-182
110000281,7,80,-73
110000282,18,28,-10
110000283,7,12,-5
110000284,0,21,-21
110000285,0,85,-85
110000286,0,0,0
110000287,0,1,-1
110000288,0,31,-31
110000289,184,462,-278
110000290,870,304,566
110000291,3296,591,2705
110000292,725,956,-231
110000293,97,594,-497
110000294,170,282,-112
110000295,39,450,-411
110000296,61,170,-109
110000297,1020,154,866
110000298,189,333,-144
110000299,172,8,164
110000301,53,1,52
110000302,84,796,-712
110000303,37,1,36
110000304,23,155,-132
110000305,125,3,122
110000306,53,1535,-1482
110000307,234,1,233
110000308,45,3,42
110000309,4,1030,-1026
110000310,113,30,83
110000311,8,635,-627
110000312,166,13,153
110000313,935,878,57
110000314,1,155,-154
110000315,1133,772,361
110000316,233,618,-385
110000317,238,202,36
110000318,1,52,-51
110000319,8,5,3
110000320,6,50,-44
110000321,16,19,-3
110000322,48,332,-284
110000323,76,207,-131
110000324,3220,646,2574
110000325,196,539,-343
110000327,63,58,5
110000328,73,300,-227
110000333,98,94,4
110000334,123,780,-657
110000335,165,252,-87
110000336,131,1006,-875
110000337,114,195,-81
110000338,25,170,-145
110000339,19,154,-135
110000340,8,101,-93
110000341,74,326,-252
110000342,26,0,26
110000343,0,10,-10
110000344,11,105,-94
110000345,15,33,-18
110000346,1200,679,521
110000347,418,311,107
110000348,2,21,-19
110000349,2,12,-10
110000350,2,1,1
110000351,126,400,-274
110000352,136,832,-696
110000353,1441,347,1094
110000354,363,834,-471
110000355,6,44,-38
110000356,0,0,0
110000357,97,1,96
110000361,6,74,-68
110000362,8,21,-13
110000363,94,62,32
110000364,23,206,-183
110000365,39,0,39
110000366,0,47,-47
110000367,46,147,-101
110000368,0,34,-34
110000369,3,1,2
110000373,0,240,-240
110000374,15,0,15
110000375,47,363,-316
110000376,17,88,-71
110000377,0,0,0
110000378,12,160,-148
110000379,1806,515,1291
110000380,20,12,8
110000383,1,204,-203
110000384,282,40,242
110000385,0,130,-130
110000387,0,7,-7
110000388,7,167,-160
110000389,48,2,46
110000391,6,279,-273
110000396,17,75,-58
110000397,19,131,-112
110000398,7,11,-4
110000399,4,0,4
110000587,17,50,-33
110000589,25,82,-57
110000640,78,59,19
110000652,2,23,-21
110000653,47,339,-292
110000654,6,8,-2
110000656,1,363,-362
110000674,5,2,3
110000675,0,5,-5
110000676,0,15,-15
110000679,574,168,406
110000682,36,30,6
110000683,220,191,29
110000684,0,41,-41
110000685,8,2,6
110000686,0,12,-12
110000687,1,0,1
110000688,17,143,-126
110000689,9,20,-11
110000692,25,164,-139
110000693,27,96,-69
110000694,0,85,-85
110000695,48,485,-437
110000696,81,72,9
110900001,22,9,13
110900002,11,184,-173
110900003,56,673,-617
110900004,41,193,-152
110900005,2346,298,2048
110900006,20,1,19
110900007,8,1,7
110900008,0,35,-35
110900009,50,11,39
110900010,2,40,-38
110900011,4,48,-44
110900012,0,89,-89
110900013,160,64,96
110900014,19,5,14
110900015,306,81,225
110900016,7,140,-133
110900017,59,12,47
110900018,36,15,21
110900019,26,5,21
110900020,1,305,-304
110900021,26,404,-378
110900022,22,229,-207
110900023,18,313,-295
110900024,15,379,-364
110900025,1,39,-38
110900027,1,142,-141
110900028,20,138,-118
110900029,30,332,-302
110900030,8,197,-189
110900031,0,86,-86
110900032,0,78,-78
110900033,14,219,-205
110900035,11,220,-209
110900036,22,12,10
110900037,7,4,3
110900038,691,111,580
110900039,1,109,-108
110900040,57,14,43
110900041,0,94,-94
110900042,29,36,-7
110900043,2,121,-119
110900044,194,15,179
110900045,19,378,-359
110900046,112,192,-80
110900047,378,22,356
110900049,8,14,-6
110900050,3,0,3
110900051,29,87,-58
110900052,1,122,-121
110900053,10,37,-27
110900054,3,189,-186
110900055,3,0,3
110900056,34,73,-39
110900057,0,152,-152
110900058,27,226,-199
110900059,211,531,-320
110900060,56,19,37
110900061,15,20,-5
110900062,5,198,-193
110900063,23,58,-35
110900064,2,0,2
110900065,182,33,149
110900066,2,27,-25
110900067,429,217,212
110900068,133,161,-28
110900069,1,15,-14
110900070,31,11,20
110900071,134,64,70
110900073,0,13,-13
110900074,52,29,23
110900075,49,31,18
110900077,58,185,-127
110900078,3,89,-86
110900079,1184,155,1029
110900080,9,19,-10
110900081,1,82,-81
110900082,5,91,-86
110900083,28,5,23
110900084,2,113,-111
110900085,17,220,-203
110900086,22,39,-17
110900087,40,20,20
110900088,3,1,2
110900090,6,7,-1
110900091,0,44,-44
110900093,43,13,30
110900095,4,29,-25
110900097,2,10,-8
110900098,2,41,-39
110900099,38,320,-282
110900100,0,10,-10
110900102,6,9,-3
110900105,323,240,83
110900108,3,68,-65
110900111,108,32,76
110900112,108,0,108
110900113,294,5,289
110900115,0,38,-38
110900116,69,1640,-1571
110900118,98,282,-184
110900119,3691,142,3549
110900120,0,77,-77
110900121,3,0,3
110900122,54,67,-13
110900125,57,64,-7
110900127,192,246,-54
110900128,141,110,31
110900129,75,54,21
110900130,416,95,321
110900131,14,33,-19
110900132,42,10,32
110900133,25,177,-152
110900135,29,295,-266
110900136,46,0,46
110900139,0,0,0
110900140,0,0,0
110900141,75,62,13
110900142,13,96,-83
110900143,18,17,1
110900144,1,385,-384
110900145,16,4,12
110900146,128,21,107
110900147,89,120,-31
110900148,1,168,-167
110900149,1,34,-33
110900150,1,12,-11
110900151,0,36,-36
110900152,10,252,-242
110900153,10,9,1
111000001,217,214,3
111000002,313,480,-167
111000003,133,87,46
111000004,221,684,-463
111000005,233,216,17
111000006,438,688,-250
111000007,1127,577,550
111000008,2111,1455,656
111000009,152,612,-460
111000010,175,70,105
111000011,630,596,34
111000012,278,141,137
111000013,139,767,-628
111000014,295,208,87
111000017,56,209,-153
111000018,83,260,-177
111000020,1468,1071,397
111000021,36,29,7
111000023,41,31,10
111000025,4088,781,3307
111000029,27,49,-22
111000030,14,51,-37
111000031,908,224,684
111000032,197,85,112
111000033,104,46,58
111000034,155,80,75
111000037,1686,551,1135
111000038,868,1052,-184
111000039,398,1175,-777
111000040,530,1227,-697
111000041,617,585,32
111000042,3659,1240,2419
111000043,306,201,105
111000044,186,46,140
111000045,373,403,-30
111000046,177,345,-168
111000047,342,434,-92
111000049,91,291,-200
111000050,957,1031,-74
111000051,160,652,-492
111000052,207,663,-456
111000053,132,575,-443
111000054,148,570,-422
111000055,539,1226,-687
111000056,62,449,-387
111000057,30,583,-553
111000058,13,55,-42
111000059,29,103,-74
111000060,190,133,57
111000061,116,145,-29
111000062,104,102,2
111000063,379,317,62
111000064,111,211,-100
111000065,201,273,-72
111000066,44,86,-42
111000067,85,365,-280
111000068,95,329,-234
111000069,868,1009,-141
111000070,1375,685,690
111000071,148,423,-275
111000072,58,22,36
111000073,6,36,-30
111000074,229,163,66
111000075,81,111,-30
111000076,54,152,-98
111000077,399,571,-172
111000078,684,581,103
111000079,554,261,293
111000080,128,314,-186
111000081,1172,1024,148
111000082,277,362,-85
111000084,212,279,-67
111000085,328,750,-422
111000086,962,632,330
111000087,353,412,-59
111000088,1776,551,1225
111000089,208,402,-194
111000090,701,671,30
111000091,237,519,-282
111000092,369,851,-482
111000093,147,426,-279
111000094,369,470,-101
111000095,165,763,-598
111000096,1618,2868,-1250
111000097,3630,568,3062
111000098,154,813,-659
111000099,144,1607,-1463
111000100,105,1574,-1469
111000101,212,535,-323
111000102,25,529,-504
111000104,28,36,-8
111000107,10,501,-491
111000109,19,29,-10
111000110,196,93,103
111000111,266,108,158
111000112,199,71,128
111000113,172,71,101
111000114,390,300,90
111000115,4378,357,4021
111000116,346,327,19
111000117,198,425,-227
111000118,584,491,93
111000119,360,800,-440
111000120,166,195,-29
111000121,79,206,-127
111000122,185,579,-394
111000123,230,1834,-1604
111000124,178,2392,-2214
111000125,31,1520,-1489
111000126,30,744,-714
111000127,39,6,33
111000128,60,24,36
111000129,143,30,113
111000130,110,234,-124
111000131,154,177,-23
111000132,64,41,23
111000133,47,49,-2
111000134,48,55,-7
111000135,9,71,-62
111000136,20,91,-71
111000138,0,2,-2
111000140,2,2,0
111000141,25,143,-118
111000142,11,99,-88
111000143,4,84,-80
111000144,1,98,-97
111000145,0,0,0
111000146,0,0,0
111000147,0,0,0
111000148,30,32,-2
111000149,6,14,-8
111000150,4,2,2
111000151,3,20,-17
111000153,228,168,60
111000154,257,107,150
111000155,18,87,-69
111000156,120,37,83
111000157,26,63,-37
111000158,204,160,44
111000159,937,216,721
111000160,106,186,-80
111000161,1,93,-92
111000162,2,102,-100
111000163,126,384,-258
111000164,451,880,-429
111000165,492,205,287
111000166,355,115,240
111000167,105,272,-167
111000168,73,173,-100
111000169,61,153,-92
111000170,172,143,29
111000171,242,532,-290
111000172,31,375,-344
111000173,90,768,-678
111000174,25,290,-265
111000175,8,165,-157
111000176,39,135,-96
111000177,64,222,-158
111000178,125,191,-66
111000179,25,156,-131
111000180,42,162,-120
111000181,114,115,-1
111000182,16,70,-54
111000183,23,70,-47
111000184,76,72,4
111000185,110,243,-133
111000186,40,198,-158
111000187,22,162,-140
111000188,33,232,-199
111000189,911,362,549
111000190,110,358,-248
111000191,56,368,-312
111000192,78,442,-364
111000193,239,256,-17
111000194,19,270,-251
111000195,19,274,-255
111000196,11,227,-216
111000197,60,37,23
111000198,45,25,20
111000199,18,42,-24
111000200,18,84,-66
111000201,66,93,-27
111000202,38,47,-9
111000203,34,41,-7
111000204,105,94,11
111000213,40,186,-146
111000214,486,842,-356
111000215,397,759,-362
111000217,332,381,-49
111000218,260,434,-174
111000219,160,140,20
111000220,1366,312,1054
111000221,237,37,200
111000224,106,250,-144
111000225,46,92,-46
111000226,2,0,2
111000227,2,0,2
111000228,4,116,-112
111000229,19,155,-136
111000230,57,263,-206
111000231,70,734,-664
111000232,83,492,-409
111000233,92,416,-324
111000234,21,87,-66
111000239,92,103,-11
111000240,9,7,2
111000241,9,264,-255
111000242,3,1,2
111000243,22,640,-618
111000244,11,8,3
111000245,131,344,-213
111000246,41,349,-308
111000247,57,823,-766
111000248,78,162,-84
111000249,170,572,-402
111000250,14,91,-77
111000251,10,78,-68
111000253,0,0,0
111000255,0,0,0
111000257,0,0,0
111000260,13,800,-787
111000261,104,15,89
111000271,6,253,-247
111000273,3388,460,2928
111000274,546,746,-200
111000275,21,12,9
111000276,135,1397,-1262
111000277,72,308,-236
111000278,156,97,59
111000291,146,654,-508
111000298,124,175,-51
111000299,100,7,93
111000300,20,356,-336
111000302,58,43,15
111000303,40,147,-107
111000312,23,37,-14
111000315,22,172,-150
111000320,92,294,-202
111000321,80,22,58
111000322,51,285,-234
111000323,38,7,31
111000324,88,115,-27
111000325,4,38,-34
111000326,24,253,-229
111000327,108,247,-139
111000328,74,153,-79
111000329,2,19,-17
111000330,17,8,9
111000331,2,3,-1
111000332,134,493,-359
111000334,163,1104,-941
111000335,87,68,19
111000337,158,298,-140
111000338,1,120,-119
111000339,62,547,-485
111000340,22,526,-504
111000341,279,71,208
111000342,17,127,-110
111000344,286,334,-48
111000345,15,2,13
111000346,1,51,-50
111000347,14,1,13
111000350,66,26,40
111000351,28,117,-89
111000352,35,30,5
111000353,24,141,-117
111000354,66,30,36
111000355,44,335,-291
111000358,28,1169,-1141
111000360,10,688,-678
111000361,10,285,-275
111000546,68,441,-373
111000547,39,279,-240
111000548,61,84,-23
111000549,44,162,-118
111000550,55,98,-43
111000551,219,44,175
111000552,54,9,45
111000907,29,14,15
111000908,0,0,0
111000916,165,157,8
111000917,12,182,-170
111000918,31,636,-605
111000920,67,4,63
111000921,1,329,-328
111000922,47,218,-171
111000924,8,737,-729
111000925,397,574,-177
111000926,399,1889,-1490
111000927,1634,1025,609
111000928,4624,2138,2486
111000929,184,337,-153
111000930,242,1411,-1169
111000931,506,555,-49
111000932,1873,1294,579
111000933,1165,549,616
111000934,1196,1431,-235
111000935,226,419,-193
111000936,304,1303,-999
111000937,322,370,-48
111000938,779,1576,-797
111000939,8,3,5
111000940,57,120,-63
111000941,29,215,-186
111000943,49,128,-79
111000944,29,313,-284
111000945,3,1239,-1236
111001109,50,17,33
111001110,83,468,-385
111001111,4,1,3
111001112,23,2,21
111001113,30,72,-42
111001114,155,18,137
111001115,40,163,-123
111001116,1715,212,1503
111001117,586,292,294
111001120,31,142,-111
111001121,82,183,-101
111001122,129,463,-334
111001123,4,24,-20
111001124,32,347,-315
111001125,0,6,-6
111001126,1,26,-25
111900001,2,131,-129
111900002,1,392,-391
111900003,1,203,-202
111900004,10,64,-54
111900006,5,3,2
111900007,5,0,5
111900008,6,0,6
111900009,5,9,-4
111900010,112,344,-232
111900012,66,64,2
111900013,7,24,-17
111900014,4921,482,4439
111900015,0,31,-31
111900016,0,95,-95
111900017,0,95,-95
111900018,18,0,18
111900019,0,19,-19
111900020,3,18,-15
111900021,36,31,5
111900022,1,19,-18
111900023,63,23,40
111900024,5,77,-72
111900025,0,27,-27
111900026,0,49,-49
111900027,0,90,-90
111900028,2,298,-296
111900029,7,48,-41
111900030,42,156,-114
111900031,2,23,-21
111900032,4,321,-317
111900033,0,36,-36
111900034,42,206,-164
111900035,2,63,-61
111900036,2,249,-247
111900038,116,249,-133
111900039,8,132,-124
111900040,3,572,-569
111900042,8,29,-21
111900043,1,375,-374
111900044,72,111,-39
111900046,30,153,-123
111900048,14,627,-613
111900049,19,232,-213
111900050,11,1,10
111900051,1,205,-204
111900052,219,423,-204
111900053,643,102,541
111900054,8,0,8
111900055,10,514,-504
111900056,57,46,11
111900057,21,13,8
111900058,25,529,-504
111900059,870,55,815
111900060,28,0,28
111900061,4,187,-183
111900062,0,23,-23
111900063,12,145,-133
111900064,61,158,-97
111900065,3,2,1
111900066,13,31,-18
111900067,0,143,-143
111900068,15,5,10
111900069,11,4,7
111900070,9,38,-29
111900071,0,129,-129
111900072,14,2,12
111900073,70,8,62
111900074,3,85,-82
111900075,28,1,27
111900076,7,4,3
111900077,1,0,1
111900078,13,4,9
111900079,3,3,0
111900080,65,13,52
111900082,8,6,2
111900083,11,2,9
111900084,2,1,1
111900085,1,3,-2
111900086,5,0,5
111900087,11,0,11
111900088,34,0,34
111900089,7,1,6
111900090,28,8,20
111900091,8,0,8
111900092,4,0,4
111900093,19,0,19
111900094,9,0,9
111900095,31,3,28
111900096,5,0,5
111900097,3,0,3
111900098,12,0,12
111900099,8,0,8
111900100,3,0,3
111900101,8,0,8
111900102,40,392,-352
111900103,7,6,1
111900104,6,25,-19
111900105,20,31,-11
111900106,779,14,765
111900110,2288,43,2245
111900111,2,108,-106
111900112,348,189,159
111900113,146,18,128
111900118,5,3,2
111900119,28,7,21
111900122,17,3,14
111900123,1,6,-5
111900124,10,62,-52
111900125,43,0,43
111900126,17,0,17
111900127,1,389,-388
111900128,1,292,-291
111900129,10,6,4
111900130,23,2,21
111900131,17,2,15
111900132,16,591,-575
111900133,1,153,-152
111900134,12,204,-192
111900135,0,1,-1
111900136,16,16,0
111900137,19,21,-2
111900138,4,34,-30
111900139,10,70,-60
111900140,8,12,-4
111900141,3,3,0
111900142,22,13,9
111900143,0,181,-181
111900144,0,129,-129
111900145,2,541,-539
111900146,4,283,-279
111900147,61,404,-343
111900148,19,625,-606
111900149,3,330,-327
111900150,10,134,-124
111900151,3,24,-21
111900152,42,14,28
111900153,755,34,721
111900154,4,32,-28
111900155,1,17,-16
111900156,6,2,4
111900157,8,2,6
111900158,25,2,23
111900159,17,0,17
111900160,14,0,14
111900161,2,1,1
111900162,50,19,31
111900163,14,75,-61
111900164,12,1,11
111901113,20,147,-127
111901114,11,211,-200
111901115,2,0,2
111901116,4,0,4
111901117,0,0,0
111901118,42,10,32
111901119,742,26,716
111901121,79,188,-109
111901122,0,391,-391
111901123,19,333,-314
111901124,31,0,31
111901125,19,25,-6
111901127,404,66,338
111901128,6,35,-29
111901129,2,62,-60
111901130,3,130,-127
111901131,1,126,-125
111901132,6,2,4
111901133,0,6,-6
111901134,3,2,1
111901135,0,2,-2
111901136,1,1,0
111901138,18,43,-25
111901139,11,32,-21
111901140,1,65,-64
111901141,0,101,-101
111901142,2,86,-84
111901143,0,38,-38
111901144,16,8,8
111901145,31,42,-11
111901146,41,0,41
111901147,710,15,695
111901148,4,5,-1
111901149,0,0,0
112000001,338,309,29
112000002,349,1250,-901
112000003,184,264,-80
112000004,220,897,-677
112000005,462,491,-29
112000006,619,1098,-479
112000007,396,469,-73
112000008,755,1546,-791
112000009,1902,1839,63
112000010,736,958,-222
112000011,874,1568,-694
112000012,2422,602,1820
112000013,3750,2010,1740
112000014,890,233,657
112000015,1228,1029,199
112000016,886,366,520
112000017,454,614,-160
112000024,978,281,697
112000026,2519,3001,-482
112000027,94,100,-6
112000028,1035,1072,-37
112000029,84,162,-78
112000030,165,60,105
112000031,779,840,-61
112000032,497,20,477
112000033,1210,319,891
112000034,194,11,183
112000035,35,131,-96
112000036,150,174,-24
112000037,198,582,-384
112000038,215,344,-129
112000039,10,37,-27
112000040,62,215,-153
112000041,161,363,-202
112000042,393,134,259
112000050,98,226,-128
112000051,132,252,-120
112000054,1005,1424,-419
112000057,295,180,115
112000058,192,247,-55
112000059,328,121,207
112000061,3943,799,3144
112000062,2041,237,1804
112000063,842,240,602
112000064,3680,3641,39
112000065,1465,1678,-213
112000066,837,315,522
112000067,325,422,-97
112000068,358,311,47
112000069,199,1623,-1424
112000070,294,178,116
112000071,268,2015,-1747
112000072,245,351,-106
112000073,337,943,-606
112000074,112,334,-222
112000075,222,331,-109
112000076,1316,1596,-280
112000077,127,445,-318
112000078,219,345,-126
112000079,403,809,-406
112000080,118,434,-316
112000081,542,918,-376
112000082,247,169,78
112000083,222,970,-748
112000084,308,176,132
112000085,296,842,-546
112000086,300,549,-249
112000087,68,368,-300
112000088,66,350,-284
112000089,40,191,-151
112000090,29,214,-185
112000091,297,788,-491
112000092,316,332,-16
112000093,629,829,-200
112000094,125,409,-284
112000095,228,463,-235
112000096,105,311,-206
112000097,102,155,-53
112000098,285,1002,-717
112000099,143,140,3
112000100,210,303,-93
112000101,131,588,-457
112000102,154,167,-13
112000103,91,931,-840
112000105,198,1377,-1179
112000106,180,201,-21
112000107,13,33,-20
112000108,105,993,-888
112000109,26,22,4
112000110,310,164,146
112000111,503,3323,-2820
112000112,846,176,670
112000113,526,1724,-1198
112000114,414,241,173
112000115,51,334,-283
112000116,44,514,-470
112000117,64,268,-204
112000118,345,572,-227
112000119,115,553,-438
112000120,28,224,-196
112000121,14,313,-299
112000122,32,46,-14
112000123,45,46,-1
112000124,20,38,-18
112000125,7,37,-30
112000126,19,485,-466
112000127,985,353,632
112000128,623,227,396
112000129,11,71,-60
112000130,14,10,4
112000131,5,173,-168
112000132,20,154,-134
112000133,67,104,-37
112000134,102,229,-127
112000135,106,231,-125
112000136,262,794,-532
112000137,206,357,-151
112000138,385,919,-534
112000139,222,84,138
112000140,286,578,-292
112000141,133,108,25
112000142,52,612,-560
112000143,169,123,46
112000144,98,1270,-1172
112000145,501,313,188
112000146,313,1498,-1185
112000147,452,588,-136
112000148,580,1267,-687
112000149,40,236,-196
112000150,44,310,-266
112000151,90,195,-105
112000152,61,118,-57
112000153,116,105,11
112000154,24,48,-24
112000155,82,33,49
112000157,175,155,20
112000158,50,245,-195
112000159,79,161,-82
112000167,69,1,68
112000169,105,192,-87
112000173,100,176,-76
112000175,40,178,-138
112000176,2766,1029,1737
112000177,62,40,22
112000178,31,255,-224
112000179,38,75,-37
112000180,106,118,-12
112000181,328,1024,-696
112000182,114,1064,-950
112000183,7,45,-38
112000184,55,172,-117
112000185,63,376,-313
112000187,866,1043,-177
112000195,25,0,25
112000196,11,0,11
112000197,12,22,-10
112000198,18,309,-291
112000199,261,673,-412
112000202,1,0,1
112000216,21,39,-18
112000230,12,0,12
112000231,1,278,-277
112000256,2,19,-17
112000313,67,137,-70
112000314,3,6,-3
112000337,45,280,-235
112000352,43,76,-33
112000392,824,561,263
112000398,250,263,-13
112000399,325,361,-36
112000400,1014,2211,-1197
112000401,1111,1460,-349
112000402,500,688,-188
112000403,430,458,-28
112000404,140,191,-51
112000405,399,815,-416
112000406,1620,1744,-124
112000407,1504,1994,-490
112000408,5045,3569,1476
112000409,748,2739,-1991
112000410,56,39,17
112000411,2456,125,2331
112000412,424,85,339
112000413,4549,432,4117
112000414,34,47,-13
112000415,25,15,10
112000416,520,436,84
112000417,57,24,33
112000421,24,70,-46
112000422,92,205,-113
112000424,994,468,526
112000425,179,887,-708
112000426,17,111,-94
112000427,0,9,-9
112000428,12,249,-237
112000429,648,1591,-943
112000430,626,1621,-995
112000431,13,21,-8
112000432,186,1401,-1215
112000433,275,183,92
112000437,15,202,-187
112900001,2,0,2
112900002,27,871,-844
112900003,4,134,-130
112900004,6,196,-190
112900005,14,174,-160
112900006,7,290,-283
112900007,3,65,-62
112900008,0,12,-12
112900009,64,17,47
112900010,22,405,-383
112900011,147,129,18
112900012,0,31,-31
112900013,0,46,-46
112900014,0,141,-141
112900015,149,542,-393
112900016,0,106,-106
112900017,14,76,-62
112900018,0,235,-235
112900019,38,82,-44
112900020,233,926,-693
112900021,2,161,-159
112900022,4,34,-30
112900023,0,158,-158
112900024,5,92,-87
112900025,19,75,-56
112900026,2,146,-144
112900027,3,877,-874
112900028,5,70,-65
112900029,0,295,-295
112900030,176,97,79
112900031,1,336,-335
112900032,50,129,-79
112900034,2,16,-14
112900035,2,315,-313
112900036,12,73,-61
112900037,40,26,14
112900038,29,55,-26
112900039,3,159,-156
112900040,1,198,-197
112900041,432,179,253
112900042,10,231,-221
112900043,9,13,-4
112900044,200,118,82
112900045,324,132,192
112900046,157,17,140
112900047,6,5,1
112900049,1,31,-30
112900050,32,369,-337
112900051,161,361,-200
112900052,3,641,-638
112900053,143,57,86
112900054,135,15,120
112900055,86,1,85
112900056,40,30,10
112900057,5,390,-385
112900058,116,32,84
112900059,24,73,-49
112900060,1,113,-112
112900061,6,61,-55
112900062,12,87,-75
112900063,18,1,17
112900064,35,33,2
112900065,2,0,2
112900066,36,21,15
112900067,256,36,220
112900068,4,4,0
112900069,1554,96,1458
112900071,1,0,1
112900072,71,100,-29
112900073,105,20,85
112900074,4,7,-3
112900075,1095,106,989
112900076,9,0,9
112900078,18,59,-41
112900079,17,0,17
112900080,7,2,5
112900081,14,14,0
112900082,97,2,95
112900083,8,7,1
112900084,47,11,36
112900086,3,0,3
112900087,87,8,79
112900088,0,0,0
112900089,127,4,123
112900090,2,4,-2
112900091,4,0,4
112900092,32,41,-9
112900093,98,2,96
112900095,4,0,4
112900096,86,14,72
112900097,3,188,-185
112900098,0,0,0
112900099,86,1,85
112900100,1,0,1
112900101,19,0,19
112900102,33,0,33
112900103,19,0,19
112900104,10,1,9
112900105,0,0,0
112900106,67,13,54
112900107,1,1,0
112900108,0,0,0
112900109,6,0,6
112900110,81,1,80
112900111,65,1,64
112900112,12,0,12
112900113,0,6,-6
112900114,2,2,0
112900115,102,0,102
112900116,19,27,-8
112900117,60,48,12
112900118,1,26,-25
112900119,7,1,6
112900120,426,75,351
112900121,58,54,4
112900122,5,77,-72
112900123,48,1,47
112900124,1,68,-67
112900125,5,85,-80
112900126,40,152,-112
112900127,48,5,43
112900128,199,430,-231
112900129,2,578,-576
112900130,41,14,27
112900131,17,157,-140
112900132,23,314,-291
112900133,6,764,-758
112900134,0,169,-169
112900135,24,6,18
112900137,0,485,-485
112900138,1,313,-312
112900139,80,753,-673
112900141,58,8,50
112900142,38,12,26
112900143,9,373,-364
112900144,1,240,-239
112900145,22,269,-247
112900146,6,696,-690
112900147,2,1697,-1695
112900148,5,0,5
112900149,65,244,-179
112900151,20,13,7
112900152,2829,438,2391
112900153,466,192,274
112900154,1,24,-23
112900155,2,0,2
112900156,12,1201,-1189
112900157,18,82,-64
112900158,2,1,1
112900159,22,16,6
112900160,9,142,-133
112900161,6,5,1
112900162,0,2,-2
112900163,23,6,17
112900164,3,20,-17
112900165,25,7,18
112900166,7,8,-1
112900167,1,8,-7
112900168,0,0,0
112900169,1,2,-1
112900170,5,17,-12
112900172,81,1,80
112900173,80,38,42
112900174,43,7,36
112900175,53,14,39
112900176,4,2,2
112900177,38,15,23
112900178,119,189,-70
112900179,9,384,-375
112900180,159,1355,-1196
112900181,60,1,59
112900182,5,845,-840
112900183,33,50,-17
112900184,156,134,22
112900185,40,97,-57
112900186,666,190,476
112900187,7,46,-39
112900188,381,113,268
112900189,0,4,-4
112900190,0,35,-35
112900192,98,56,42
112900193,226,70,156
112900194,5,89,-84
112900195,62,4,58
112900196,127,422,-295
112900197,30,223,-193
112900199,38,264,-226
112900200,42,78,-36
112900201,49,8,41
112900202,19,494,-475
112900203,4,87,-83
112900204,210,110,100
112900205,1,3,-2
112900206,1,29,-28
112900207,0,0,0
112900208,7,19,-12
112900209,154,199,-45
112900210,0,2,-2
112900211,6,2,4
112900212,0,38,-38
112900213,0,2,-2
112900214,1,1,0
112900215,0,109,-109
112900216,10,17,-7
112900217,0,49,-49
112900218,0,12,-12
112900219,1,14,-13
112900220,0,0,0
112900221,1,49,-48
112900222,1,17,-16
112900223,129,3,126
112900224,18,399,-381
112900225,57,262,-205
112900226,82,43,39
112900227,31,996,-965
112900228,9,8,1
112900229,17,33,-16
112900230,4423,730,3693
112900232,53,40,13
112900233,3,118,-115
112900234,0,59,-59
112900235,3,3,0
112900236,3,8,-5
112900237,7,198,-191
112900238,0,25,-25
112900239,197,136,61
112900240,5,111,-106
112900241,0,106,-106
112900242,2,153,-151
112900243,0,134,-134
112900244,1,166,-165
112900245,0,40,-40
112900246,0,10,-10
112900247,19,15,4
112900248,8,0,8
112900249,4,2,2
112900250,6,4,2
112900251,2,8,-6
112900252,3,8,-5
112900253,0,5,-5
112900254,1,1,0
112900255,0,3,-3
112900256,1,2,-1
112900257,8,1,7
112900258,0,2,-2
113000001,2379,2000,379
113000002,1451,1319,132
113000003,1161,645,516
113000004,1119,760,359
113000005,524,414,110
113000006,324,488,-164
113000007,689,594,95
113000008,471,692,-221
113000009,281,524,-243
113000010,293,725,-432
113000011,256,994,-738
113000012,243,196,47
113000013,327,207,120
113000014,632,587,45
113000015,128,99,29
113000016,100,168,-68
113000017,14,172,-158
113000018,29,7,22
113000019,4,139,-135
113000020,4,0,4
113000021,123,327,-204
113000022,150,815,-665
113000025,19,129,-110
113000026,39,139,-100
113000027,120,129,-9
113000028,312,207,105
113000029,323,214,109
113000030,412,314,98
113000031,247,90,157
113000032,138,65,73
113000033,196,157,39
113000034,298,161,137
113000035,18,15,3
113000036,20,14,6
113000037,26,13,13
113000038,9,18,-9
113000039,46,169,-123
113000040,46,80,-34
113000042,242,120,122
113000051,279,600,-321
113000052,1155,472,683
113000053,82,343,-261
113000054,60,291,-231
113000055,315,505,-190
113000056,260,1105,-845
113000058,400,624,-224
113000059,350,236,114
113000060,26,425,-399
113000061,452,550,-98
113000062,550,52,498
113000063,16,103,-87
113000064,5,168,-163
113000065,24,725,-701
113000066,86,58,28
113000067,317,495,-178
113000068,70,1017,-947
113000069,97,770,-673
113000070,252,291,-39
113000071,94,381,-287
113000072,128,183,-55
113000073,237,818,-581
113000074,439,113,326
113000075,716,180,536
113000076,771,772,-1
113000077,456,157,299
113000078,411,700,-289
113000079,474,323,151
113000080,243,145,98
113000081,375,260,115
113000082,548,469,79
113000083,174,238,-64
113000084,678,639,39
113000085,208,254,-46
113000086,444,571,-127
113000087,397,317,80
113000088,1070,620,450
113000089,277,568,-291
113000090,39,71,-32
113000091,405,110,295
113000094,123,54,69
113000095,99,657,-558
113000096,62,493,-431
113000097,128,110,18
113000098,14,14,0
113000099,252,68,184
113000100,48,194,-146
113000101,161,240,-79
113000102,103,42,61
113000103,1189,357,832
113000104,197,1060,-863
113000105,101,188,-87
113000106,132,273,-141
113000107,176,410,-234
113000108,407,889,-482
113000109,212,790,-578
113000110,685,126,559
113000111,54,212,-158
113000112,144,195,-51
113000113,1000,140,860
113000114,245,380,-135
113000116,313,126,187
113000117,300,81,219
113000118,54,100,-46
113000119,45,156,-111
113000120,17,99,-82
113000121,114,335,-221
113000124,34,51,-17
113000125,4,186,-182
113000127,2095,267,1828
113000128,194,216,-22
113000129,566,449,117
113000133,2139,299,1840
113000134,3,210,-207
113000135,687,607,80
113000137,713,258,455
113000139,145,32,113
113000140,106,135,-29
113000141,117,22,95
113000142,290,272,18
113000143,111,57,54
113000144,152,247,-95
113000145,22,79,-57
113000146,43,36,7
113000147,42,51,-9
113000148,16,104,-88
113000149,40,90,-50
113000150,230,179,51
113000151,89,44,45
113000152,21,143,-122
113000153,744,262,482
113000154,300,403,-103
113000155,166,129,37
113000156,74,177,-103
113000157,147,372,-225
113000158,314,91,223
113000159,433,218,215
113000160,289,638,-349
113000161,75,433,-358
113000162,265,130,135
113000163,26,17,9
113000164,26,42,-16
113000166,12,14,-2
113000167,41,148,-107
113000168,23,132,-109
113000169,25,7,18
113000170,17,16,1
113000171,29,61,-32
113000172,60,19,41
113000173,7,0,7
113000174,73,390,-317
113000175,83,29,54
113000176,90,17,73
113000177,58,320,-262
113000178,113,314,-201
113000179,56,12,44
113000180,132,585,-453
113000181,279,610,-331
113000182,124,101,23
113000183,91,379,-288
113000184,8,36,-28
113000189,133,230,-97
113000190,664,137,527
113000192,1132,619,513
113000193,1644,502,1142
113000194,716,563,153
113000195,562,183,379
113000196,15,29,-14
113000197,247,306,-59
113000198,15,117,-102
113000199,195,175,20
113000201,57,64,-7
113000202,1461,257,1204
113000203,55,15,40
113000204,526,631,-105
113000205,10,7,3
113000206,4,18,-14
113000207,17,7,10
113000208,34,18,16
113000209,4,16,-12
113000210,5,11,-6
113000211,123,66,57
113000212,130,7,123
113000213,2,35,-33
113000214,21,85,-64
113000234,59,891,-832
113000410,26,29,-3
113000411,1188,2186,-998
113000412,6928,866,6062
113000413,2481,840,1641
113000414,6148,2962,3186
113000415,1343,1015,328
113000416,5214,1529,3685
113000417,1350,1173,177
113000418,1651,1195,456
113000419,692,645,47
113000420,1837,1013,824
113000421,1456,1387,69
113000422,10136,2284,7852
113000423,1736,1248,488
113000424,2987,2414,573
113000425,9,27,-18
113000428,91,43,48
113000430,21,43,-22
113000432,314,26,288
113000433,65,602,-537
113000434,21,304,-283
113000435,7,574,-567
113000436,27,882,-855
113000437,40,2,38
113000438,20,3,17
113000439,4,92,-88
113000440,11,14,-3
113000441,25,100,-75
113000442,39,220,-181
113000443,12,116,-104
113000444,30,228,-198
113000445,20,42,-22
113000446,16,76,-60
113000448,141,47,94
113000449,91,146,-55
113000450,249,272,-23
113000451,848,45,803
113000452,101,94,7
113000453,93,112,-19
113000454,126,16,110
113000455,22,97,-75
113000456,1422,640,782
113000468,1397,100,1297
113000469,64,20,44
113000470,211,20,191
113000471,4,106,-102
113000472,46,89,-43
113000474,105,403,-298
113000475,757,1047,-290
113000476,393,1063,-670
113000477,781,1065,-284
113000478,1490,3149,-1659
113000479,3,193,-190
113000484,0,1,-1
113000485,0,0,0
113000486,0,0,0
113000487,0,0,0
113000488,0,0,0
113000489,0,0,0
113000490,0,0,0
113000491,0,0,0
113000492,0,0,0
113000493,0,0,0
113000495,118,125,-7
113000496,10,27,-17
113000499,0,0,0
113900001,0,3,-3
113900002,0,20,-20
113900003,0,13,-13
113900004,0,5,-5
113900005,0,8,-8
113900006,0,2,-2
113900007,3,0,3
113900008,0,0,0
113900009,6,0,6
113900010,8,0,8
113900011,0,0,0
113900012,0,0,0
113900013,34,0,34
113900014,295,0,295
113900015,0,32,-32
113900016,3,0,3
113900017,0,23,-23
113900018,157,24,133
113900019,6,22,-16
113900020,10,1,9
113900022,0,0,0
113900023,0,0,0
113900024,15,31,-16
113900025,114,4,110
113900026,11,0,11
113900027,5,17,-12
113900028,1,163,-162
113900029,3,146,-143
113900030,26,0,26
113900031,2,0,2
113900032,4,0,4
113900033,17,42,-25
113900035,6,0,6
113900036,8,28,-20
113900037,11,263,-252
113900038,25,8,17
113900039,18,0,18
113900040,0,0,0
113900041,0,5,-5
113900042,7,13,-6
113900043,57,26,31
113900044,51,10,41
113900045,7,3,4
113900046,148,380,-232
113900047,3,59,-56
113900048,192,13,179
113900049,467,56,411
113900050,38,149,-111
113900051,51,176,-125
113900052,61,44,17
113900053,95,20,75
113900054,5,0,5
113900055,25,397,-372
113900056,1,55,-54
113900057,9,71,-62
113900058,14,75,-61
113900059,39,177,-138
113900060,52,116,-64
113900061,277,7,270
113900062,17,0,17
113900063,5,47,-42
113900064,23,81,-58
113900065,175,11,164
113900066,34,220,-186
113900067,10,160,-150
113900068,98,130,-32
113900069,27,3,24
113900070,55,237,-182
113900071,9,16,-7
113900072,16,85,-69
113900073,72,168,-96
113900074,6,275,-269
113900075,285,343,-58
113900076,24,0,24
113900077,13,132,-119
113900078,7,18,-11
113900079,2,29,-27
113900080,66,33,33
113900081,16,95,-79
113900082,24,113,-89
113900083,33,396,-363
113900084,59,34,25
113900085,13,179,-166
113900086,0,4,-4
113900087,10,95,-85
113900088,6,20,-14
113900089,74,8,66
113900090,135,126,9
113900091,4,9,-5
113900092,7,22,-15
113900093,16,189,-173
113900094,30,208,-178
113900095,16,20,-4
113900096,50,5,45
113900097,0,79,-79
113900098,85,24,61
113900099,0,20,-20
113900100,0,0,0
113900101,3,22,-19
113900102,25,22,3
113900103,77,74,3
113900104,29,52,-23
113900105,2,218,-216
113900106,0,30,-30
113900107,0,10,-10
113900108,70,49,21
113900109,109,28,81
113900110,2,19,-17
113900111,9,56,-47
113900112,18,38,-20
113900113,154,114,40
113900114,0,43,-43
113900115,0,79,-79
113900116,23,39,-16
113900117,7,4,3
113900118,25,45,-20
113900119,118,79,39
113900120,17,11,6
113900121,9,37,-28
113900122,79,401,-322
113900123,85,94,-9
113900124,0,51,-51
113900125,664,79,585
113900126,20,13,7
113900127,39,166,-127
113900128,28,21,7
113900129,1,34,-33
113900130,0,10,-10
113900131,24,20,4
113900132,4,27,-23
113900133,15,16,-1
113900135,67,229,-162
113900136,24,33,-9
113900137,97,60,37
113900138,11,46,-35
113900139,283,34,249
113900140,157,52,105
113900141,39,199,-160
113900142,17,28,-11
113900143,5,3,2
113900144,86,30,56
113900145,45,96,-51
113900146,8,13,-5
113900148,41,82,-41
113900149,43,15,28
113900150,684,188,496
113900151,38,87,-49
113900152,0,27,-27
113900153,232,146,86
113900154,0,48,-48
113900155,111,26,85
113900156,80,303,-223
113900157,6,107,-101
113900158,123,38,85
113900159,4,104,-100
113900160,186,322,-136
113900161,5,62,-57
113900162,172,119,53
113900163,43,77,-34
113900164,26,12,14
113900165,229,197,32
113900166,58,23,35
113900167,47,23,24
113900168,40,47,-7
113900169,50,226,-176
113900171,7,6,1
113900172,0,107,-107
113900173,45,334,-289
113900174,100,406,-306
113900175,27,15,12
113900176,24,433,-409
113900177,69,50,19
113900178,14,19,-5
113900179,3,357,-354
113900180,50,51,-1
113900181,45,13,32
113900182,72,406,-334
113900183,17,21,-4
113900184,8,351,-343
113900185,65,40,25
113900186,5,16,-11
113900187,15,55,-40
113900188,8,58,-50
113900189,39,14,25
113900190,119,49,70
113900191,31,78,-47
113900192,1,80,-79
113900193,2,180,-178
113900194,1004,360,644
113900195,176,237,-61
113900196,3,82,-79
113900197,0,215,-215
113900198,3,44,-41
113900199,110,284,-174
113900200,6,104,-98
113900201,0,116,-116
113900202,5,93,-88
113900203,1,172,-171
113900204,6,372,-366
113900205,4,40,-36
113900206,2,40,-38
113900207,0,10,-10
113900208,0,17,-17
113900209,0,45,-45
113900210,168,92,76
113900211,48,5,43
113900212,31,298,-267
113900214,212,157,55
113900215,8,47,-39
113900216,4,732,-728
113900217,15,228,-213
113900218,16,5,11
113900219,60,264,-204
113900220,20,18,2
113900221,60,54,6
113900222,29,34,-5
113900223,12,674,-662
113900224,59,29,30
113900225,304,66,238
113900226,62,45,17
113900227,63,37,26
113900228,148,106,42
113900229,7,197,-190
113900230,1850,361,1489
113900231,39,111,-72
113900232,13,36,-23
113900233,22,23,-1
113900234,57,99,-42
113900235,9,3,6
113900236,7,130,-123
113900237,18,1,17
113900238,57,150,-93
113900239,4,26,-22
113900240,2,31,-29
113900241,39,23,16
113900242,43,68,-25
113900243,43,176,-133
113900244,305,48,257
113900245,640,63,577
113900246,0,4,-4
113900247,107,122,-15
113900248,1872,290,1582
113900249,384,48,336
113900250,19,34,-15
113900251,104,115,-11
113900252,91,1,90
113900253,114,6,108
113900254,63,24,39
113900255,46,6,40
113900256,60,8,52
113900257,34,450,-416
113900258,5,290,-285
113900259,101,128,-27
113900260,36,16,20
113900261,3,88,-85
113900262,22,434,-412
113900263,31,237,-206
113900264,1,393,-392
113900265,50,184,-134
113900266,4,149,-145
113900267,23,220,-197
113900268,50,77,-27
113900269,26,47,-21
113900270,80,119,-39
113900271,96,702,-606
113900273,2,1,1
113900274,3,0,3
113900275,7,16,-9
113900276,0,182,-182
113900277,10,0,10
113900278,99,113,-14
113900279,48,32,16
113900280,345,171,174
113900281,128,352,-224
113900282,287,110,177
113900283,61,191,-130
113900284,214,44,170
113900285,34,10,24
113900286,3,63,-60
113900287,6,113,-107
113900288,1,45,-44
113900289,767,26,741
113900290,189,22,167
113900291,109,94,15
113900292,2,2,0
113900293,1,92,-91
113900294,55,10,45
113900295,82,84,-2
113900296,1432,140,1292
113900297,76,11,65
113900298,3,822,-819
113900299,1,92,-91
113900300,3219,470,2749
113900301,135,38,97
113900302,907,170,737
113900303,293,36,257
113900304,2,106,-104
113900305,8,0,8
113900306,0,0,0
113900307,27,0,27
113900308,25,39,-14
113900309,1,521,-520
113900310,0,4,-4
113900311,2,0,2
113900312,28,55,-27
113900313,12,8,4
114000001,514,1538,-1024
114000002,82,231,-149
114000003,30,125,-95
114000004,104,260,-156
114000005,97,173,-76
114000006,1278,1178,100
114000007,254,754,-500
114000008,746,428,318
114000009,83,62,21
114000011,1051,1443,-392
114000012,528,1523,-995
114000013,299,1116,-817
114000014,187,178,9
114000015,268,274,-6
114000016,145,258,-113
114000017,65,78,-13
114000018,174,51,123
114000026,212,843,-631
114000027,462,958,-496
114000028,580,855,-275
114000038,42,123,-81
114000039,53,36,17
114000040,52,104,-52
114000042,31,99,-68
114000043,5,131,-126
114000044,20,29,-9
114000045,24,68,-44
114000046,1043,2652,-1609
114000047,9,31,-22
114000048,17,25,-8
114000049,547,386,161
114000050,433,395,38
114000051,1438,581,857
114000052,1284,325,959
114000053,2,164,-162
114000054,11,723,-712
114000055,65,12,53
114000056,278,233,45
114000057,4905,1255,3650
114000058,71,165,-94
114000059,58,85,-27
114000060,153,400,-247
114000061,1211,356,855
114000062,436,149,287
114000063,1691,889,802
114000064,3988,1055,2933
114000065,693,1010,-317
114000066,58,257,-199
114000067,10,63,-53
114000068,221,192,29
114000069,221,187,34
114000070,919,337,582
114000071,97,378,-281
114000072,52,220,-168
114000073,2,19,-17
114000074,5,7,-2
114000075,4,55,-51
114000076,4,48,-44
114000077,2,17,-15
114000078,41,873,-832
114000079,17,11,6
114000080,22,16,6
114000081,0,3,-3
114000082,54,381,-327
114000083,9,138,-129
114000084,35,31,4
114000085,43,409,-366
114000086,42,431,-389
114000087,18,165,-147
114000088,5,17,-12
114000089,647,191,456
114000090,85,67,18
114000091,385,145,240
114000092,286,102,184
114000093,257,278,-21
114000094,110,188,-78
114000095,23,16,7
114000096,36,342,-306
114000097,22,658,-636
114000098,47,12,35
114000099,46,836,-790
114000100,157,384,-227
114000101,134,937,-803
114000102,42,87,-45
114000103,48,294,-246
114000104,0,177,-177
114000105,14,45,-31
114000106,441,129,312
114000107,37,83,-46
114000108,1238,698,540
114000109,19,50,-31
114000110,162,920,-758
114000111,80,76,4
114000112,116,1263,-1147
114000113,77,53,24
114000114,544,1021,-477
114000115,196,50,146
114000116,102,193,-91
114000117,220,98,122
114000118,215,86,129
114000119,132,72,60
114000120,261,645,-384
114000121,158,289,-131
114000122,136,172,-36
114000123,120,73,47
114000124,43,82,-39
114000125,435,1077,-642
114000126,156,42,114
114000127,14,32,-18
114000128,68,132,-64
114000130,30,26,4
114000131,24,12,12
114000132,213,498,-285
114000133,633,688,-55
114000134,18,126,-108
114000138,20,133,-113
114000139,57,38,19
114000144,120,95,25
114000145,22,90,-68
114000146,37,197,-160
114000147,303,284,19
114000148,816,109,707
114000149,39,24,15
114000150,369,312,57
114000151,344,281,63
114000152,21,7,14
114000153,390,642,-252
114000154,236,286,-50
114000155,437,549,-112
114000156,196,132,64
114000157,116,277,-161
114000158,1481,300,1181
114000159,98,164,-66
114000160,40,133,-93
114000161,432,225,207
114000162,263,168,95
114000163,5,75,-70
114000165,63,45,18
114000166,173,47,126
114000167,2046,528,1518
114000168,370,336,34
114000169,401,141,260
114000170,145,132,13
114000171,135,160,-25
114000174,103,257,-154
114000176,240,222,18
114000177,1358,316,1042
114000178,12,29,-17
114000179,262,55,207
114000180,134,206,-72
114000181,524,770,-246
114000182,2598,1106,1492
114000183,563,564,-1
114000184,3871,1066,2805
114000185,135,114,21
114000189,37,10,27
114000190,207,49,158
114000191,6,8,-2
114000192,209,974,-765
114000193,578,2213,-1635
114000194,511,815,-304
114000195,17,2,15
114000196,7,198,-191
114000197,131,22,109
114000198,598,230,368
114000199,861,498,363
114000200,238,1507,-1269
114000201,34,681,-647
114000202,328,508,-180
114000203,177,623,-446
114000204,41,194,-153
114000205,59,1000,-941
114000206,179,772,-593
114000207,281,1455,-1174
114000208,189,1946,-1757
114000209,270,2157,-1887
114000210,173,1158,-985
114000211,313,718,-405
114000212,224,372,-148
114000213,361,226,135
114000214,16,149,-133
114000215,14,23,-9
114000216,87,4,83
114000217,10,167,-157
114000218,28,157,-129
114000219,148,151,-3
114000220,5,888,-883
114000221,101,58,43
114000222,49,744,-695
114000223,72,17,55
114000224,51,426,-375
114000225,35,281,-246
114000226,16,161,-145
114000227,182,217,-35
114000228,158,468,-310
114000229,210,787,-577
114000230,421,825,-404
114000231,246,708,-462
114000232,76,56,20
114000233,303,58,245
114000234,325,531,-206
114000235,348,979,-631
114000236,1,442,-441
114000237,39,697,-658
114000238,6,61,-55
114000239,107,932,-825
114000240,182,396,-214
114000241,132,674,-542
114000242,506,533,-27
114000243,265,319,-54
114000244,49,31,18
114000245,157,489,-332
114000246,68,25,43
114000247,131,370,-239
114000248,150,176,-26
114000249,115,201,-86
114000250,31,299,-268
114000251,25,213,-188
114000252,30,97,-67
114000253,3,22,-19
114000254,2,57,-55
114000255,179,108,71
114000256,386,146,240
114000257,288,1396,-1108
114000258,46,339,-293
114000259,7,163,-156
114000260,0,21,-21
114000261,2,1,1
114000262,12,186,-174
114000263,0,0,0
114000264,121,297,-176
114000265,0,0,0
114000267,3,470,-467
114000268,2,1411,-1409
114000270,0,0,0
114000271,70,54,16
114000283,70,245,-175
114000285,27,208,-181
114000288,19,286,-267
114000289,406,111,295
114000293,32,186,-154
114000294,54,83,-29
114000395,79,6,73
114000396,54,79,-25
114000402,44,191,-147
114000403,71,303,-232
114000405,38,368,-330
114000423,12,338,-326
114000424,53,151,-98
114000425,67,459,-392
114000426,14,30,-16
114000427,17,88,-71
114000428,126,27,99
114000429,5,81,-76
114000432,21,82,-61
114000434,9,50,-41
114000435,0,87,-87
114900001,79,816,-737
114900002,107,7,100
114900003,57,1131,-1074
114900004,35,25,10
114900005,89,491,-402
114900006,13,9,4
114900007,10,2,8
114900008,11,16,-5
114900010,1364,510,854
114900011,7,27,-20
114900013,38,36,2
114900015,10,66,-56
114900018,203,10,193
114900020,16,25,-9
114900022,1,211,-210
114900024,19,74,-55
114900025,55,132,-77
114900026,27,16,11
114900027,34,106,-72
114900029,42,6,36
114900030,61,137,-76
114900031,19,13,6
114900032,16,2,14
114900033,653,103,550
114900034,35,192,-157
114900035,70,90,-20
114900036,73,849,-776
114900037,39,90,-51
114900038,89,869,-780
114900039,136,583,-447
114900040,15,106,-91
114900041,85,571,-486
114900042,146,651,-505
114900043,515,111,404
114900044,12,1,11
114900046,12,77,-65
114900047,34,346,-312
114900048,13,130,-117
114900049,18,238,-220
114900050,12,400,-388
114900051,8,361,-353
114900052,63,80,-17
114900053,18,106,-88
114900054,20,70,-50
114900057,32,0,32
114900058,0,67,-67
114900059,4,7,-3
114900060,423,125,298
114900061,31,120,-89
114900062,109,106,3
114900063,13,133,-120
114900064,162,466,-304
114900065,86,400,-314
114900067,6,223,-217
114900068,35,200,-165
114900069,93,93,0
114900070,54,295,-241
114900072,4,154,-150
114900073,1,149,-148
114900074,27,495,-468
114900075,11,1,10
114900076,3,251,-248
114900080,1520,134,1386
114900082,1660,560,1100
114900083,54,337,-283
114900090,28,47,-19
114900091,58,60,-2
114900095,206,57,149
114900096,195,189,6
114900097,15,1,14
114900098,2,81,-79
114900099,21,1,20
115000001,5772,4049,1723
115000002,1080,847,233
115000003,1836,2751,-915
115000004,609,1323,-714
115000005,597,1987,-1390
115000006,152,446,-294
115000007,36,66,-30
115000008,149,147,2
115000009,62,158,-96
115000010,51,33,18
115000013,25,38,-13
115000015,61,83,-22
115000016,157,85,72
115000019,6,150,-144
115000020,70,41,29
115000021,165,294,-129
115000022,207,204,3
115000023,33,21,12
115000024,524,275,249
115000025,57,24,33
115000026,62,186,-124
115000027,0,0,0
115000028,44,272,-228
115000029,0,3,-3
115000030,71,417,-346
115000031,1,0,1
115000032,2,172,-170
115000033,8,5,3
115000034,50,594,-544
115000035,43,1,42
115000036,0,206,-206
115000037,17,0,17
115000038,20,68,-48
115000039,1080,713,367
115000040,2692,1132,1560
115000041,340,769,-429
115000042,195,254,-59
115000043,1276,1128,148
115000044,2001,2749,-748
115000045,649,1561,-912
115000046,399,786,-387
115000047,421,759,-338
115000048,628,2069,-1441
115000049,669,1544,-875
115000050,703,495,208
115000051,835,422,413
115000052,2076,1189,887
115000053,526,451,75
115000054,531,734,-203
115000055,22,290,-268
115000056,8,55,-47
115000057,60,296,-236
115000058,8,48,-40
115000059,19,150,-131
115000061,8,13,-5
115000062,39,259,-220
115000063,23,275,-252
115000064,11,6,5
115000065,1,113,-112
115000067,0,0,0
115000069,7,115,-108
115000070,19,171,-152
115000071,9,0,9
115000072,37,26,11
115000073,252,20,232
115000075,3,32,-29
115000076,1498,1698,-200
115000077,435,2258,-1823
115000078,170,1203,-1033
115000079,255,1480,-1225
115000080,484,1776,-1292
115000081,197,524,-327
115000082,1103,1382,-279
115000083,645,2242,-1597
115000084,205,416,-211
115000085,153,696,-543
115000086,103,360,-257
115000087,252,799,-547
115000088,414,148,266
115000089,955,926,29
115000090,296,47,249
115000091,185,682,-497
115000092,127,182,-55
115000093,0,0,0
115000094,3797,1555,2242
115000095,3097,1671,1426
115000096,126,1089,-963
115000097,173,441,-268
115000098,171,463,-292
115000099,241,1636,-1395
115000100,86,176,-90
115000101,141,957,-816
115000102,70,50,20
115000103,183,579,-396
115000105,12,147,-135
115000106,51,88,-37
115000107,55,390,-335
115000108,2090,1881,209
115000109,2330,493,1837
115000110,462,306,156
115000111,223,677,-454
115000112,159,182,-23
115000113,187,288,-101
115000114,639,339,300
115000116,1131,391,740
115000117,1247,495,752
115000118,475,545,-70
115000119,559,573,-14
115000120,254,284,-30
115000121,1014,259,755
115000122,1529,270,1259
115000123,621,426,195
115000124,234,216,18
115000125,107,236,-129
115000126,36,92,-56
115000127,106,42,64
115000128,325,266,59
115000129,38,52,-14
115000130,83,446,-363
115000131,86,151,-65
115000132,38,241,-203
115000133,60,191,-131
115000134,27,110,-83
115000135,35,124,-89
115000136,33,82,-49
115000137,27,138,-111
115000138,37,83,-46
115000139,102,186,-84
115000140,53,41,12
115000141,40,231,-191
115000142,30,186,-156
115000143,50,157,-107
115000144,99,32,67
115000145,39,466,-427
115000146,28,74,-46
115000147,59,392,-333
115000148,129,837,-708
115000149,121,81,40
115000150,262,785,-523
115000151,160,169,-9
115000152,161,1146,-985
115000153,100,118,-18
115000154,151,128,23
115000155,165,860,-695
115000156,238,167,71
115000157,365,474,-109
115000158,277,92,185
115000159,274,85,189
115000160,231,79,152
115000161,133,251,-118
115000162,156,144,12
115000163,292,353,-61
115000164,262,299,-37
115000165,117,126,-9
115000167,19,22,-3
115000168,148,87,61
115000169,215,271,-56
115000170,51,97,-46
115000171,59,36,23
115000172,925,247,678
115000173,23,40,-17
115000174,2,33,-31
115000175,38,47,-9
115000176,6,14,-8
115000177,5,38,-33
115000178,1,168,-167
115000179,2,4,-2
115000180,14,406,-392
115000181,57,20,37
115000182,59,76,-17
115000183,51,659,-608
115000186,107,91,16
115000187,23,386,-363
115000188,88,112,-24
115000189,85,253,-168
115000190,87,70,17
115000191,80,131,-51
115000194,35,53,-18
115000195,44,9,35
115000196,11,36,-25
115000197,35,349,-314
115000198,25,51,-26
115000199,40,236,-196
115000200,16,19,-3
115000201,36,288,-252
115000206,0,0,0
115000207,9,150,-141
115000208,260,398,-138
115000209,40,61,-21
115000210,7,34,-27
115000211,68,87,-19
115000212,611,145,466
115000224,18,7,11
115000225,20,27,-7
115000229,61,38,23
115000230,6,162,-156
115000231,111,1543,-1432
115000232,173,247,-74
115000233,40,172,-132
115000234,10,165,-155
115000241,12,79,-67
115000242,19,96,-77
115000243,4,109,-105
115000244,2,56,-54
115000246,8,4,4
115000247,5,3,2
115000248,2,1,1
115000249,2,0,2
115000250,27,24,3
115000251,7,44,-37
115000252,3,38,-35
115000253,3,35,-32
115000258,27,48,-21
115000259,86,58,28
115000261,0,1,-1
115000262,0,3,-3
115000263,0,6,-6
115000264,2,2,0
115000267,11,10,1
115000268,40,66,-26
115000269,7,8,-1
115000270,0,5,-5
115000272,2,34,-32
115000273,34,0,34
115000280,78,2,76
115000281,173,30,143
115000282,117,49,68
115000284,92,29,63
115000296,65,1,64
115000297,7,0,7
115000298,43,21,22
115000300,12,176,-164
115000302,17,34,-17
115000303,34,11,23
115000304,38,10,28
115000305,29,783,-754
115000306,38,373,-335
115000307,10,210,-200
115000308,12,5,7
115000309,10,3,7
115000310,200,852,-652
115000311,86,483,-397
115000313,61,490,-429
115000314,31,12,19
115000315,820,166,654
115000316,4,17,-13
115000317,49,279,-230
115000318,129,109,20
115000319,11,206,-195
115000320,3,47,-44
115000321,23,1,22
115000322,8,169,-161
115000449,76,27,49
115000557,0,117,-117
115000558,22,7,15
115000587,53,78,-25
115000588,1056,2956,-1900
115000589,919,956,-37
115000590,261,934,-673
115000591,165,112,53
115000592,260,734,-474
115000593,182,70,112
115000594,414,760,-346
115000609,79,101,-22
115000617,186,190,-4
115000624,25,27,-2
115000633,44,847,-803
115000634,449,120,329
115000635,25,8,17
115000638,570,236,334
115000641,63,41,22
115000642,107,66,41
115000643,30,220,-190
115000644,70,237,-167
115000646,285,354,-69
115000647,29,178,-149
115000648,157,790,-633
115000893,518,59,459
115000894,32,723,-691
115000895,117,525,-408
115000896,123,23,100
115000897,62,5,57
115000898,209,17,192
115000899,557,344,213
115000900,11,129,-118
115000901,38,41,-3
115000912,13,8,5
115000913,0,12,-12
115000915,0,0,0
115000916,0,0,0
115000917,0,0,0
115000918,0,2,-2
115000919,0,0,0
115000920,5,6,-1
115000921,689,19,670
115000922,158,21,137
115000923,204,440,-236
115000925,13,27,-14
115000927,3,15,-12
115000933,177,45,132
115000934,10,46,-36
115000935,5,29,-24
115000936,0,1,-1
115000937,555,43,512
115000938,57,37,20
115000939,55,35,20
115000940,0,0,0
115000941,0,0,0
115000942,0,1,-1
115000943,20,10,10
115000944,1,2,-1
115900001,0,34,-34
115900002,56,72,-16
115900003,14,24,-10
115900004,0,28,-28
115900005,6,1,5
115900006,18,180,-162
115900008,2,2,0
115900009,22,160,-138
115900010,25,53,-28
115900011,29,127,-98
115900012,0,35,-35
115900013,103,31,72
115900014,41,87,-46
115900015,5,37,-32
115900016,7,3,4
115900017,0,0,0
115900018,89,37,52
115900019,20,9,11
115900020,1,0,1
115900021,998,50,948
115900022,1030,1,1029
115900023,1,0,1
115900025,42,58,-16
115900026,422,128,294
115900027,0,226,-226
115900028,271,9,262
115900029,2,248,-246
115900030,1,1,0
115900031,131,38,93
115900032,55,164,-109
115900033,0,31,-31
115900034,6,254,-248
115900035,4,19,-15
115900036,70,71,-1
115900037,6,310,-304
115900038,0,0,0
115900039,10,152,-142
115900041,60,69,-9
115900042,0,0,0
115900043,10,86,-76
115900044,28,54,-26
115900046,32,168,-136
115900047,4,6,-2
115900049,6,63,-57
115900051,0,28,-28
115900052,10,245,-235
115900053,17,95,-78
115900054,10,35,-25
115900055,5,142,-137
115900056,23,157,-134
115900057,1,0,1
115900058,35,48,-13
115900060,14,33,-19
115900061,10,0,10
115900062,0,154,-154
115900063,52,5,47
115900064,69,74,-5
115900065,7,68,-61
115900066,97,75,22
115900067,2,474,-472
115900068,2683,31,2652
115900069,33,66,-33
115900070,16,103,-87
115900071,0,490,-490
115900072,43,138,-95
115900073,6,5,1
115900074,1,283,-282
115900075,29,157,-128
115900076,0,51,-51
115900077,3,265,-262
115900078,4,63,-59
115900079,7,2,5
115900080,130,54,76
115900081,1,88,-87
115900082,33,79,-46
115900084,19,9,10
115900085,12,13,-1
115900086,604,137,467
115900088,3,8,-5
115900089,39,554,-515
115900090,24,5,19
115900091,0,19,-19
115900092,0,141,-141
115900093,0,16,-16
115900094,4,372,-368
115900096,0,12,-12
115900097,7,387,-380
115900098,12,248,-236
115900099,2,46,-44
115900100,3,263,-260
115900101,72,223,-151
115900102,1,23,-22
115900103,70,145,-75
115900104,4,53,-49
115900105,27,305,-278
115900106,6,3,3
115900107,0,100,-100
115900108,9,6,3
115900109,7,201,-194
115900110,0,4,-4
115900111,1,58,-57
115900112,5,393,-388
115900113,3,5,-2
115900114,2,129,-127
115900115,4,95,-91
115900116,30,590,-560
115900117,0,5,-5
115900118,3,312,-309
115900119,12,54,-42
115900120,6,135,-129
115900121,16,62,-46
115900124,21,77,-56
115900125,55,5,50
115900126,64,6,58
115900127,96,7,89
115900128,2,46,-44
115900129,77,4,73
115900130,16,114,-98
115900131,11,1,10
115900132,15,2,13
115900134,17,3,14
115900135,322,222,100
115900137,1,0,1
115900139,28,9,19
115900140,9,3,6
115900141,4,20,-16
115900142,4,6,-2
115900143,19,75,-56
115900144,3,99,-96
115900146,0,56,-56
115900147,21,36,-15
115900148,0,1,-1
115900149,1,14,-13
115900150,0,17,-17
115900151,2,19,-17
115900152,6,142,-136
115900153,7,92,-85
115900154,146,88,58
115900155,0,34,-34
115900156,127,265,-138
115900157,8,136,-128
115900158,17,0,17
115900159,7,114,-107
115900160,3,3,0
115900161,5,58,-53
115900163,21,24,-3
115900164,22,24,-2
115900166,89,87,2
115900168,6,90,-84
115900171,8,111,-103
115900172,3,37,-34
115900173,16,21,-5
115900174,95,67,28
115900175,15,67,-52
115900178,2,477,-475
115900179,28,3,25
115900180,10,132,-122
115900181,23,204,-181
115900182,69,174,-105
115900183,22,8,14
115900184,178,0,178
115900187,2,62,-60
115900189,0,20,-20
115900190,114,132,-18
115900191,23,243,-220
115900192,1,6,-5
115900193,24,6,18
115900194,75,7,68
115900195,72,152,-80
115900198,29,75,-46
115900199,25,99,-74
115900200,94,96,-2
115900201,17,139,-122
115900202,0,1,-1
115900203,0,0,0
115900204,0,0,0
115900205,3,1,2
115900206,11,76,-65
115900207,2,4,-2
115900208,5,180,-175
115900209,1,58,-57
115900210,1,89,-88
115900211,1,103,-102
115900212,14,125,-111
115900213,2,0,2
115900214,30,141,-111
115900215,13,7,6
115900216,2,75,-73
115900217,0,72,-72
115900218,1,52,-51
115900219,3,0,3
115900220,5,8,-3
115900221,3,3,0
115900222,4,1,3
115900223,0,11,-11
115900224,331,25,306
115900225,34,11,23
115900226,0,10,-10
115900227,1,19,-18
115900228,2,10,-8
115900229,3,8,-5
115900230,12,22,-10
115900231,5,0,5
115900232,2,1,1
115900233,7,0,7
115900234,15,3,12
115900235,0,2,-2
115900236,0,6,-6
115900237,0,56,-56
115900238,2,16,-14
115900239,1,31,-30
115900240,1,66,-65
115900241,15,44,-29
115900242,41,14,27
115900243,1,0,1
115900244,2,4,-2
115900245,1,2,-1
115900246,9,3,6
115900247,5,0,5
115900248,3,1,2
115900249,1,6,-5
115900250,0,2,-2
115900251,0,5,-5
115900252,0,2,-2
115900253,1,9,-8
115900254,8,3,5
115900255,0,6,-6
115900256,9,10,-1
115900257,0,1,-1
115900258,0,1,-1
115900259,0,1,-1
115900260,4,0,4
115900261,4,3,1
115900262,0,0,0
115900263,3,2,1
115900264,0,3,-3
115900265,0,0,0
115900266,1,3,-2
115900267,2,0,2
115900268,2,4,-2
115900269,42,180,-138
115900270,36,355,-319
115900271,3,0,3
115900272,1,0,1
115900273,4,0,4
115900274,1,7,-6
115900275,0,15,-15
115900276,0,45,-45
115900277,1,87,-86
115900278,1,44,-43
115900279,3,39,-36
115900280,8,78,-70
115900281,185,27,158
115900282,6,3,3
115900283,1,0,1
115900284,6,2,4
116000001,12715,2605,10110
116000002,1462,1045,417
116000003,723,1081,-358
116000004,499,499,0
116000005,812,1458,-646
116000006,534,435,99
116000007,1702,2295,-593
116000008,1045,716,329
116000009,780,1779,-999
116000010,309,277,32
116000011,303,952,-649
116000012,207,235,-28
116000013,9565,2175,7390
116000014,12451,1557,10894
116000015,206,233,-27
116000016,4085,472,3613
116000017,16,206,-190
116000018,310,150,160
116000019,109,179,-70
116000020,136,616,-480
116000021,41,132,-91
116000022,76,173,-97
116000023,149,183,-34
116000024,216,795,-579
116000025,102,258,-156
116000026,610,1186,-576
116000027,207,282,-75
116000028,78,126,-48
116000029,424,294,130
116000030,35,28,7
116000031,70,105,-35
116000032,30,176,-146
116000033,17,160,-143
116000034,42,225,-183
116000035,47,306,-259
116000036,565,115,450
116000037,116,58,58
116000038,81,44,37
116000039,188,141,47
116000040,118,24,94
116000041,49,312,-263
116000042,105,50,55
116000043,24,203,-179
116000044,8,71,-63
116000045,155,156,-1
116000046,479,479,0
116000047,887,970,-83
116000048,335,379,-44
116000049,131,426,-295
116000050,460,726,-266
116000051,501,404,97
116000052,1119,1446,-327
116000053,296,131,165
116000054,236,1077,-841
116000055,125,729,-604
116000056,43,226,-183
116000057,1280,1077,203
116000058,1156,648,508
116000059,696,860,-164
116000060,1650,354,1296
116000061,281,298,-17
116000062,206,132,74
116000063,121,384,-263
116000066,2,41,-39
116000067,160,403,-243
116000068,12,18,-6
116000069,128,265,-137
116000078,19,216,-197
116000080,411,471,-60
116000082,1,70,-69
116000083,343,163,180
116000084,793,1991,-1198
116000085,797,290,507
116000086,1065,809,256
116000087,540,309,231
116000088,308,607,-299
116000089,48,87,-39
116000090,18,51,-33
116000091,61,47,14
116000093,273,162,111
116000094,90,364,-274
116000095,230,227,3
116000096,123,492,-369
116000097,118,389,-271
116000098,63,1260,-1197
116000099,3919,174,3745
116000100,20,9,11
116000101,144,868,-724
116000102,38,662,-624
116000103,79,106,-27
116000104,17,862,-845
116000105,188,163,25
116000106,40,706,-666
116000107,223,303,-80
116000108,21,72,-51
116000111,18,7,11
116000113,8,21,-13
116000114,19,80,-61
116000115,61,25,36
116000116,64,387,-323
116000117,239,546,-307
116000118,395,1036,-641
116000119,379,448,-69
116000120,910,2757,-1847
116000121,238,149,89
116000122,555,1669,-1114
116000123,103,139,-36
116000124,127,749,-622
116000125,330,203,127
116000126,98,972,-874
116000127,442,1012,-570
116000128,352,212,140
116000129,106,114,-8
116000130,69,77,-8
116000133,128,492,-364
116000134,341,1482,-1141
116000135,324,592,-268
116000136,205,1296,-1091
116000137,145,254,-109
116000138,813,201,612
116000139,565,1162,-597
116000140,41,162,-121
116000141,150,499,-349
116000142,2079,2243,-164
116000143,797,517,280
116000144,552,2020,-1468
116000145,461,686,-225
116000146,37,142,-105
116000147,49,35,14
116000148,82,232,-150
116000149,115,210,-95
116000151,243,760,-517
116000153,5,48,-43
116000155,12,61,-49
116000156,249,438,-189
116000157,6,5,1
116000158,21,239,-218
116000159,1,1,0
116000160,11,76,-65
116000161,0,59,-59
116000162,25,10,15
116000163,3,0,3
116000164,1,11,-10
116000177,1,52,-51
116000194,34,169,-135
116000195,344,331,13
116000196,0,0,0
116000197,1,1,0
116000198,578,284,294
116000200,315,88,227
116000201,228,354,-126
116000202,4,164,-160
116000203,2,55,-53
116000204,4,23,-19
116000205,0,123,-123
116000206,1,62,-61
116000207,1,24,-23
116000233,42,573,-531
116000287,24,403,-379
116000288,25,94,-69
116000292,4,116,-112
116000296,0,60,-60
116000297,6,1,5
116000304,6,40,-34
116000305,1,35,-34
116000346,15,134,-119
116000352,8,47,-39
116000354,2,7,-5
116000357,0,1,-1
116000358,40,4,36
116000361,346,7,339
116000372,6213,922,5291
116000381,30,0,30
116000388,0,27,-27
116000389,102,261,-159
116000445,35,561,-526
116000446,55,365,-310
116000447,5,237,-232
116000448,205,90,115
116000563,81,114,-33
116000565,65,277,-212
116000568,20,29,-9
116000579,9,103,-94
116000583,7,20,-13
116000584,0,15,-15
116000585,12,7,5
116000586,87,39,48
116000587,0,173,-173
116000589,14,71,-57
116000590,21,65,-44
116000591,20,137,-117
116000592,8,174,-166
116000593,0,15,-15
116000594,67,449,-382
116000595,80,113,-33
116000596,5,3,2
116000597,43,10,33
116000598,3,158,-155
116000605,42,68,-26
116000606,2,64,-62
116000607,0,32,-32
116000609,96,256,-160
116000611,8,416,-408
116000612,186,868,-682
116000613,98,135,-37
116000614,191,556,-365
116000615,1,59,-58
116000616,9,99,-90
116000617,12,47,-35
116000618,2,117,-115
116000619,5,31,-26
116000620,0,0,0
116000621,0,1,-1
116000622,0,0,0
116000624,10,39,-29
116000627,24,90,-66
116000628,37,679,-642
116000629,21,430,-409
116000630,58,21,37
116000631,9,22,-13
116000632,40,70,-30
116000633,8,160,-152
116000634,91,345,-254
116000635,871,408,463
116000636,461,394,67
116000637,55,13,42
116000638,5,215,-210
116000640,0,4,-4
116000641,0,0,0
116000644,19,968,-949
116900001,45,67,-22
116900002,108,1,107
116900003,1,47,-46
116900004,19,9,10
116900005,22,35,-13
116900006,30,62,-32
116900007,32,85,-53
116900008,50,318,-268
116900009,4,0,4
116900010,5,1225,-1220
116900011,5,14,-9
116900012,19,93,-74
116900013,4,91,-87
116900014,9,313,-304
116900015,25,24,1
116900016,8,0,8
116900017,0,419,-419
116900018,7,13,-6
116900019,3,228,-225
116900020,772,71,701
116900023,11,10,1
116900024,36,35,1
116900025,55,581,-526
116900026,32,364,-332
116900027,0,11,-11
116900028,1,62,-61
116900029,1,3,-2
116900031,0,5,-5
116900032,2,153,-151
116900033,2,3,-1
116900034,4,55,-51
116900035,35,104,-69
116900036,0,57,-57
116900038,0,1,-1
116900041,10,5,5
116900042,649,106,543
116900043,1,23,-22
116900047,51,11,40
116900049,14,160,-146
116900050,10,165,-155
116900051,0,115,-115
116900052,39,20,19
116900055,3,2,1
116900057,5,178,-173
116900058,10,191,-181
116900059,2,66,-64
116900060,35,188,-153
116900062,0,1,-1
116900064,18,634,-616
116900065,1,46,-45
116900067,24,29,-5
116900068,35,230,-195
116900070,0,0,0
116900072,11,242,-231
116900073,7,81,-74
116900074,0,14,-14
116900076,0,15,-15
116900077,10,106,-96
116900078,109,59,50
116900079,4,188,-184
116900080,0,3,-3
116900081,62,629,-567
116900082,81,443,-362
116900083,2,33,-31
116900084,59,21,38
116900085,5,55,-50
116900086,10,128,-118
116900088,33,13,20
116900090,64,19,45
116900091,30,63,-33
116900092,28,440,-412
116900093,1163,546,617
116900094,3422,586,2836
116900095,11,89,-78
116900096,26,38,-12
116900097,1257,334,923
116900098,574,52,522
116900099,253,151,102
116900100,79,2,77
116900101,137,388,-251
116900103,0,0,0
116900104,23,56,-33
116900105,48,8,40
116900106,158,221,-63
116900107,2057,341,1716
116900110,4,0,4
116900111,63,689,-626
116900112,20,430,-410
116900113,1274,265,1009
116900116,19,39,-20
116900117,10,57,-47
116900118,666,238,428
116900120,33,30,3
116900121,15,6,9
116900122,127,570,-443
116900123,30,609,-579
116900124,25,431,-406
116900125,45,87,-42
116900126,54,186,-132
116900128,0,22,-22
116900129,1,173,-172
116900130,642,785,-143
116900131,2,33,-31
116900132,3,45,-42
116900133,22,69,-47
116900134,35,83,-48
116900136,9,99,-90
116900137,49,94,-45
116900138,48,99,-51
116900139,13,211,-198
116900140,46,117,-71
116900141,167,158,9
116900142,1,9,-8
116900143,60,283,-223
116900144,1,21,-20
116900145,6,201,-195
116900147,178,141,37
116900148,0,9,-9
116900149,3,30,-27
116900150,8,1,7
116900151,7,2,5
116900153,8,31,-23
116900154,42,56,-14
116900155,5,23,-18
116900157,40,119,-79
116900158,6,31,-25
116900159,16,74,-58
116900160,201,100,101
116900161,4344,888,3456
116900162,0,83,-83
116900163,11,94,-83
116900164,12,15,-3
116900165,26,26,0
116900166,0,36,-36
116900167,40,13,27
116900168,41,38,3
116900169,115,27,88
116900170,29,79,-50
116900171,3,76,-73
116900172,53,24,29
116900173,12,37,-25
116900174,4,7,-3
116900175,21,31,-10
116900178,1,89,-88
116900179,25,24,1
116900180,10,26,-16
116900182,100,137,-37
116900183,16,33,-17
116900185,2,5,-3
116900186,25,176,-151
116900187,5,4,1
116900188,14,15,-1
116900189,2,1,1
116900191,69,141,-72
116900192,49,40,9
116900194,9,151,-142
116900195,9,5,4
116900196,2,88,-86
116900197,8,0,8
116900198,145,51,94
116900200,2,32,-30
116900201,8,8,0
116900202,32,22,10
116900203,14,0,14
116900204,18,27,-9
116900206,0,45,-45
116900207,5,14,-9
116900208,4,33,-29
116900209,11,65,-54
116900210,97,108,-11
116900211,68,4,64
116900212,4,39,-35
116900213,24,23,1
116900214,17,72,-55
116900215,1,14,-13
116900216,36,211,-175
116900218,1,196,-195
116900219,512,180,332
116900220,19,115,-96
116900221,12,127,-115
116900222,87,109,-22
116900223,23,76,-53
116900226,3,50,-47
116900227,25,19,6
116900228,53,186,-133
116900230,7,194,-187
116900231,2,301,-299
116900232,3,229,-226
116900233,17,17,0
116900234,1,1,0
116900235,39,157,-118
116900238,600,113,487
116900239,32,179,-147
116900240,2782,596,2186
116900241,6,71,-65
116900242,937,93,844
116900243,0,22,-22
116900245,17,1,16
116900246,3,5,-2
116900247,52,12,40
116900248,5,7,-2
116900249,30,30,0
116900250,55,18,37
116900251,129,16,113
116900252,9,471,-462
116900254,1,32,-31
116900255,41,13,28
116900256,44,28,16
116900257,1,386,-385
116900258,0,261,-261
116900259,12,4,8
116900260,0,64,-64
116900261,4,3,1
116900262,40,106,-66
116900263,0,9,-9
116900264,0,2,-2
116900265,1,0,1
116900266,2,31,-29
116900267,0,0,0
116900268,0,1,-1
116900269,55,184,-129
116900271,1306,36,1270
116900272,185,297,-112
116900273,117,18,99
116900274,5,16,-11
116900275,12,45,-33
116900276,160,12,148
116900277,133,3,130
116900278,0,0,0
116900279,1,10,-9
116900280,2,5,-3
116900281,3662,493,3169
116900282,9,170,-161
116900283,9,56,-47
116900284,5,84,-79
116900285,79,14,65
116900286,57,7,50
116900287,0,47,-47
116900288,4,47,-43
116900289,0,18,-18
116900290,0,7,-7
116900291,2,5,-3
116900292,0,0,0
116900293,14,65,-51
116900294,3,90,-87
116900295,6,2,4
116900296,0,5,-5
116900297,2,5,-3
116900298,21,10,11
116900299,0,3,-3
116900300,0,16,-16
116900301,8,14,-6
116900302,7,8,-1
116900303,179,11,168
116900304,0,49,-49
116900305,5,0,5
116900306,13,52,-39
116900307,3,0,3
116900308,0,111,-111
116900309,10,112,-102
117000001,401,459,-58
117000002,702,2402,-1700
117000003,1387,888,499
117000004,1684,2503,-819
117000005,314,526,-212
117000006,355,2467,-2112
117000007,698,346,352
117000008,571,2286,-1715
117000009,1161,448,713
117000010,1096,1964,-868
117000011,242,517,-275
117000012,378,1373,-995
117000013,254,392,-138
117000014,276,1290,-1014
117000015,939,385,554
117000016,77,51,26
117000017,82,62,20
117000018,41,145,-104
117000019,10,13,-3
117000020,327,361,-34
117000021,1726,169,1557
117000022,146,39,107
117000023,145,76,69
117000024,153,47,106
117000025,316,349,-33
117000026,387,126,261
117000027,708,522,186
117000028,36,86,-50
117000030,190,278,-88
117000031,41,20,21
117000032,772,577,195
117000033,349,319,30
117000034,64,145,-81
117000035,20,12,8
117000036,67,149,-82
117000037,10,27,-17
117000038,15,201,-186
117000039,25,96,-71
117000040,42,1003,-961
117000041,96,34,62
117000044,13,786,-773
117000045,46,16,30
117000046,166,637,-471
117000047,47,118,-71
117000048,1158,851,307
117000049,33,191,-158
117000050,27,2036,-2009
117000051,482,94,388
117000052,4,444,-440
117000053,34,38,-4
117000054,245,0,245
117000055,73,2406,-2333
117000056,88,1,87
117000057,446,1164,-718
117000060,129,1227,-1098
117000061,194,165,29
117000062,47,274,-227
117000063,198,167,31
117000064,361,557,-196
117000066,391,378,13
117000067,22,139,-117
117000074,39,38,1
117000076,33,15,18
117000077,52,23,29
117000078,22,281,-259
117000079,21,56,-35
117000080,0,206,-206
117000081,132,35,97
117000082,15,27,-12
117000083,7,0,7
117000084,1,0,1
117000085,35,226,-191
117000086,239,384,-145
117000087,67,270,-203
117000088,66,41,25
117000089,386,83,303
117000090,110,1183,-1073
117000091,134,72,62
117000092,168,1273,-1105
117000093,144,148,-4
117000094,289,1573,-1284
117000095,305,210,95
117000096,233,1798,-1565
117000097,185,373,-188
117000098,1395,3561,-2166
117000099,460,317,143
117000100,36,95,-59
117000101,150,720,-570
117000102,140,163,-23
117000103,457,1110,-653
117000104,195,212,-17
117000105,273,1339,-1066
117000106,162,147,15
117000107,199,1764,-1565
117000108,188,204,-16
117000109,764,2031,-1267
117000110,226,193,33
117000111,821,1501,-680
117000112,530,546,-16
117000113,39,177,-138
117000114,8,20,-12
117000115,23,91,-68
117000116,12,86,-74
117000117,304,127,177
117000118,46,89,-43
117000119,26,13,13
117000120,17,18,-1
117000121,5,73,-68
117000122,223,88,135
117000123,398,9,389
117000124,47,1,46
117000125,56,13,43
117000126,7,20,-13
117000127,35,166,-131
117000128,109,246,-137
117000129,151,111,40
117000130,0,1,-1
117000131,0,183,-183
117000132,183,113,70
117000133,192,112,80
117000134,1,48,-47
117000135,2,17,-15
117000136,0,19,-19
117000137,11,21,-10
117000138,0,147,-147
117000140,141,1121,-980
117000141,220,108,112
117000181,478,114,364
117000182,41,24,17
117000195,84,809,-725
117000196,13,7,6
117000225,32,3,29
117000226,0,34,-34
117000276,33,3,30
117000277,1,315,-314
117000310,1220,1027,193
117000315,11,76,-65
117000320,0,0,0
117000906,17,2,15
117000907,11,345,-334
117000909,16,19,-3
117000910,100,71,29
117000911,74,182,-108
117000915,3,370,-367
117000916,5,0,5
117000917,123,2,121
117000918,5,10,-5
117000919,1,41,-40
117000920,2,1169,-1167
117000921,4,1580,-1576
117000922,0,0,0
117000924,119,190,-71
117000926,719,47,672
117000927,55,89,-34
117000928,2,223,-221
117000929,42,468,-426
117000930,52,14,38
117000931,76,11,65
117900002,63,195,-132
117900003,384,97,287
117900005,4,17,-13
117900006,0,11,-11
117900007,9,137,-128
117900008,0,21,-21
117900010,26,122,-96
117900011,8,10,-2
117900012,7,101,-94
117900013,2,155,-153
117900014,104,182,-78
117900015,6,176,-170
117900016,539,84,455
117900017,61,401,-340
117900018,84,11,73
117900019,20,412,-392
117900020,21,51,-30
117900021,11,94,-83
117900023,403,10,393
117900024,24,168,-144
117900025,11,6,5
117900026,52,289,-237
117900028,3,0,3
117900029,26,600,-574
117900030,50,78,-28
117900031,9,30,-21
117900032,74,80,-6
117900033,28,642,-614
117900034,24,19,5
117900035,21,13,8
117900036,37,502,-465
117900037,5,48,-43
117900038,12,313,-301
117900039,2,39,-37
117900040,62,324,-262
117900041,2,39,-37
117900042,2556,186,2370
117900043,9,29,-20
117900044,2,374,-372
117900045,22,26,-4
117900048,74,211,-137
117900049,38,416,-378
117900050,0,13,-13
117900051,19,1,18
117900052,8,57,-49
117900053,317,423,-106
117900054,0,28,-28
117900055,40,26,14
117900056,94,4,90
117900057,368,726,-358
117900058,9,1,8
117900059,30,16,14
117900060,202,3407,-3205
117900061,2,31,-29
117900063,31,135,-104
117900065,453,592,-139
117900066,4,12,-8
117900067,54,147,-93
117900069,61,258,-197
117900070,19,1,18
117900071,9,70,-61
117900073,71,284,-213
117900074,2,2,0
117900075,3,60,-57
117900076,2,28,-26
117900077,29,21,8
117900078,61,190,-129
117900080,16,19,-3
117900081,280,210,70
117900082,75,87,-12
117900083,30,482,-452
117900086,13,20,-7
117900087,18,34,-16
117900088,1422,727,695
117900089,336,106,230
117900090,39,454,-415
117900091,47,60,-13
117900092,4,25,-21
117900093,6,49,-43
117900094,14,0,14
117900095,79,406,-327
117900096,13,105,-92
117900097,10,28,-18
117900098,2,2,0
117900099,20,226,-206
117900100,7,0,7
117900101,173,326,-153
117900102,8,13,-5
117900103,4,0,4
117900104,1,51,-50
117900105,19,77,-58
117900106,8,18,-10
117900107,10,0,10
117900109,52,110,-58
117900110,6,0,6
117900111,30,1,29
117900112,5,0,5
117900113,1435,336,1099
117900114,2,0,2
117900115,66,7,59
117900116,425,266,159
117900117,145,126,19
117900118,1,1,0
117900119,13,244,-231
117900120,15,56,-41
117900121,5,9,-4
117900122,400,246,154
117900123,116,601,-485
117900124,224,249,-25
117900125,365,396,-31
117900126,198,297,-99
117900127,125,339,-214
117900128,49,529,-480
117900129,5,0,5
117900130,212,146,66
117900131,0,52,-52
117900132,4,49,-45
117900133,2,81,-79
117900134,9,137,-128
117900135,1,158,-157
117900136,0,45,-45
117900137,7,224,-217
117900138,0,26,-26
117900139,3,69,-66
117900140,2903,44,2859
117900141,98,167,-69
117900142,3,3,0
117900144,7,27,-20
117900145,1,4,-3
117900146,42,39,3
117900147,12,16,-4
117900148,1228,416,812
117900149,5,99,-94
117900150,4,76,-72
117900151,3,132,-129
117900152,23,54,-31
117900153,1,57,-56
117900154,63,405,-342
117900156,177,205,-28
117900157,6,172,-166
117900158,24,22,2
117900160,164,137,27
117900161,1152,1160,-8
117900162,20,106,-86
117900163,59,6,53
117900165,0,4,-4
117900166,3,48,-45
117900168,16,75,-59
117900169,1,86,-85
117900170,1,11,-10
117900171,0,4,-4
117900172,5,7,-2
117900173,58,15,43
117900174,19,15,4
117900175,0,11,-11
117900176,0,18,-18
117900177,2,13,-11
117900178,24,14,10
117900180,97,10,87
117900181,22,9,13
117900182,1,3,-2
117900183,1,15,-14
117900184,1,4,-3
117900185,2,4,-2
117900186,2,2,0
117900187,0,1,-1
117900188,17,7,10
117900189,8,0,8
117900190,0,1,-1
117900191,3,0,3
117900192,6,3,3
117900193,0,32,-32
117900194,0,2,-2
117900195,0,0,0
117900196,0,0,0
117900207,15,10,5
117900208,4,11,-7
117900209,95,28,67
117900210,69,53,16
117900211,8,78,-70
117900212,38,67,-29
117900213,0,0,0
117900214,3,30,-27
117900215,0,3,-3
117900216,5,1,4
117900217,4,28,-24
117900218,72,18,54
117900219,0,44,-44
117900220,1,13,-12
117900222,87,135,-48
117900223,51,63,-12
118000001,176,167,9
118000002,618,770,-152
118000003,394,379,15
118000004,1252,1007,245
118000005,1620,685,935
118000006,4396,2175,2221
118000007,1775,963,812
118000008,1668,1234,434
118000009,762,1116,-354
118000010,750,1570,-820
118000011,219,1518,-1299
118000012,364,1498,-1134
118000013,1556,1359,197
118000014,730,2174,-1444
118000016,91,299,-208
118000017,43,120,-77
118000018,146,320,-174
118000019,725,509,216
118000020,638,550,88
118000021,433,742,-309
118000022,1102,209,893
118000023,568,136,432
118000024,571,255,316
118000027,8478,1735,6743
118000029,590,227,363
118000032,332,463,-131
118000033,942,734,208
118000034,2117,838,1279
118000035,432,565,-133
118000036,256,516,-260
118000037,182,423,-241
118000038,69,101,-32
118000039,18,143,-125
118000040,399,1243,-844
118000041,488,596,-108
118000045,163,37,126
118000046,629,305,324
118000047,553,174,379
118000048,1211,471,740
118000051,454,147,307
118000052,306,157,149
118000053,204,107,97
118000054,1711,370,1341
118000055,1325,306,1019
118000056,110,74,36
118000057,109,101,8
118000058,681,221,460
118000059,337,228,109
118000060,145,301,-156
118000061,154,466,-312
118000062,155,69,86
118000063,138,192,-54
118000064,302,371,-69
118000065,1621,481,1140
118000066,235,271,-36
118000067,568,394,174
118000068,695,1122,-427
118000069,1228,453,775
118000070,3927,442,3485
118000071,1669,1151,518
118000072,707,642,65
118000073,770,136,634
118000074,77,188,-111
118000075,400,164,236
118000076,307,509,-202
118000077,661,558,103
118000078,698,799,-101
118000079,100,138,-38
118000080,556,383,173
118000081,487,489,-2
118000082,155,340,-185
118000083,1205,460,745
118000084,1249,624,625
118000086,76,276,-200
118000087,3862,1067,2795
118000088,896,716,180
118000089,2124,1195,929
118000090,1649,728,921
118000091,854,732,122
118000092,954,155,799
118000093,57,235,-178
118000096,189,213,-24
118000097,174,217,-43
118000098,74,100,-26
118000099,79,531,-452
118000101,221,175,46
118000102,66,677,-611
118000107,1689,150,1539
118000108,37,95,-58
118000110,0,14,-14
118000111,2,468,-466
118000112,0,0,0
118000113,5,682,-677
118000114,0,0,0
118000115,7,0,7
118000116,3,0,3
118000117,453,378,75
118000118,225,290,-65
118000119,200,457,-257
118000120,640,816,-176
118000121,8,234,-226
118000122,307,47,260
118000123,20,161,-141
118000125,804,560,244
118000126,246,747,-501
118000127,406,174,232
118000128,293,476,-183
118000129,269,109,160
118000130,1763,2444,-681
118000131,390,713,-323
118000132,536,410,126
118000133,132,214,-82
118000135,33,30,3
118000136,57,282,-225
118000137,259,50,209
118000138,44,342,-298
118000139,35,64,-29
118000140,953,1031,-78
118000141,443,721,-278
118000142,489,1083,-594
118000143,250,312,-62
118000144,466,370,96
118000145,513,1482,-969
118000146,346,744,-398
118000147,288,1046,-758
118000148,128,680,-552
118000149,137,638,-501
118000150,36,88,-52
118000151,20,150,-130
118000153,255,481,-226
118000154,185,666,-481
118000155,194,401,-207
118000156,1054,908,146
118000157,115,202,-87
118000158,26,276,-250
118000159,0,0,0
118000160,27,65,-38
118000161,105,560,-455
118000162,122,327,-205
118000163,153,277,-124
118000164,656,380,276
118000168,814,83,731
118000169,371,1064,-693
118000170,1600,3366,-1766
118000171,30,123,-93
118000172,9,61,-52
118000173,222,425,-203
118000175,36,91,-55
118000176,69,90,-21
118000177,38,134,-96
118000178,5,7,-2
118000179,353,118,235
118000180,151,173,-22
118000181,236,101,135
118000182,158,112,46
118000183,80,88,-8
118000184,57,300,-243
118000185,518,319,199
118000186,242,334,-92
118000187,224,604,-380
118000188,77,162,-85
118000189,63,526,-463
118000190,2,5,-3
118000191,2,10,-8
118000192,68,48,20
118000193,55,94,-39
118000194,880,294,586
118000195,281,183,98
118000196,45,21,24
118000197,84,49,35
118000198,125,97,28
118000199,183,101,82
118000200,5,19,-14
118000201,163,85,78
118000202,5,3,2
118000203,516,88,428
118000204,98,53,45
118000205,185,79,106
118000206,55,66,-11
118000207,1,58,-57
118000208,261,476,-215
118000209,527,969,-442
118000210,7,3,4
118000211,0,4,-4
118000213,125,231,-106
118000214,327,86,241
118000215,98,147,-49
118000216,1,349,-348
118000217,4,52,-48
118000218,17,55,-38
118000219,113,163,-50
118000220,1,3,-2
118000221,16,87,-71
118000222,81,18,63
118000223,0,11,-11
118000224,80,38,42
118000225,25,518,-493
118000226,46,21,25
118000227,366,80,286
118000228,78,40,38
118000229,10,6,4
118000230,19,115,-96
118000231,15,110,-95
118000232,138,509,-371
118000233,262,226,36
118000234,56,142,-86
118000236,85,295,-210
118000237,9,368,-359
118000238,29,177,-148
118000239,86,102,-16
118000240,290,43,247
118000241,19,118,-99
118000242,47,493,-446
118000243,34,88,-54
118000244,6,100,-94
118000246,0,7,-7
118000255,8,149,-141
118000256,27,117,-90
118000259,0,18,-18
118000260,14,57,-43
118000261,2,51,-49
118000263,18,126,-108
118000266,96,231,-135
118000267,0,41,-41
118000268,4,0,4
118000270,4,10,-6
118000271,27,164,-137
118000272,28,9,19
118000273,22,83,-61
118000274,52,193,-141
118000276,54,129,-75
118000295,1,36,-35
118000298,24,263,-239
118000299,27,97,-70
118000301,0,28,-28
118000302,11,51,-40
118000311,27,80,-53
118000312,27,142,-115
118000313,3,78,-75
118000314,9,56,-47
118000315,5,30,-25
118000316,103,268,-165
118000325,3,32,-29
118000326,6,16,-10
118000331,3,62,-59
118000332,1,34,-33
118000333,4,41,-37
118000335,0,0,0
118000336,1,252,-251
118000407,10,16,-6
118000457,9,10,-1
118000465,1419,755,664
118000480,1,86,-85
118000489,16,45,-29
118000490,62,259,-197
118000492,35,89,-54
118000510,24,23,1
118000514,24,181,-157
118000515,53,56,-3
118000517,209,92,117
118000524,446,75,371
118000525,299,402,-103
118000530,2,32,-30
118000531,39,94,-55
118000532,49,179,-130
118000533,118,67,51
118000534,97,210,-113
118000535,38,33,5
118000536,130,68,62
118000537,4,15,-11
118000538,7,67,-60
118000539,13,34,-21
118000540,41,107,-66
118000541,28,75,-47
118000542,13,35,-22
118000543,31,44,-13
118000546,9,8,1
118000553,0,5,-5
118000557,0,0,0
118000560,1762,247,1515
118000562,3,153,-150
118000563,780,448,332
118000576,59,173,-114
118000577,104,92,12
118000578,124,58,66
118000579,348,333,15
118000583,0,1,-1
118000595,83,33,50
118000596,0,30,-30
118000597,43,121,-78
118000598,1,0,1
118000599,4,21,-17
118000600,0,2,-2
118000601,0,0,0
118000602,0,0,0
118000603,0,31,-31
118000605,19,558,-539
118900001,412,143,269
118900002,450,129,321
118900003,4,3,1
118900004,0,22,-22
118900005,17,0,17
118900006,1,0,1
118900007,0,2,-2
118900008,429,13,416
118900009,3,0,3
118900010,1,0,1
118900011,21,4,17
118900012,55,85,-30
118900013,82,2,80
118900015,26,7,19
118900016,2,9,-7
118900017,7,14,-7
118900018,210,1,209
118900019,10,3,7
118900020,9,30,-21
118900021,27,159,-132
118900022,46,46,0
118900023,27,20,7
118900024,4,24,-20
118900025,2,0,2
118900026,15,45,-30
118900027,65,29,36
118900028,3,77,-74
118900029,8,89,-81
118900030,4,2,2
118900031,39,84,-45
118900032,7,32,-25
118900033,52,236,-184
118900034,0,1,-1
118900035,32,199,-167
118900036,134,303,-169
118900037,18,92,-74
118900038,39,220,-181
118900039,9,65,-56
118900040,50,78,-28
118900041,20,40,-20
118900042,19,44,-25
118900045,26,47,-21
118900046,622,47,575
118900047,389,78,311
118900048,15,67,-52
118900049,6,6,0
118900050,3,93,-90
118900051,4,11,-7
118900052,9,49,-40
118900053,4,11,-7
118900054,7,56,-49
118900055,9,49,-40
118900056,0,23,-23
118900057,26,110,-84
118900058,52,141,-89
118900059,8,10,-2
118900060,4,77,-73
118900062,13,75,-62
118900064,176,85,91
118900065,6,32,-26
118900066,4,16,-12
118900067,4788,890,3898
118900068,0,27,-27
118900069,49,124,-75
118900071,0,15,-15
118900072,116,95,21
118900073,20,48,-28
118900074,14,32,-18
118900075,2,11,-9
118900076,16,22,-6
118900077,26,63,-37
118900078,3,4,-1
118900079,13,56,-43
118900080,1,16,-15
118900081,2,1,1
118900082,93,54,39
118900083,5,7,-2
118900084,2,2,0
118900085,119,377,-258
118900086,2,13,-11
118900087,14,63,-49
118900088,0,17,-17
118900089,18,1,17
118900090,68,199,-131
118900091,52,16,36
118900092,6,51,-45
118900093,21,0,21
118900096,10,21,-11
118900097,42,495,-453
118900099,4,143,-139
118900100,19,43,-24
118900101,19,354,-335
118900102,2,35,-33
118900103,5,27,-22
118900104,16,75,-59
118900105,68,64,4
118900107,45,51,-6
118900108,10,68,-58
118900110,133,87,46
118900111,52,187,-135
118900112,2,23,-21
118900113,9,244,-235
118900114,0,31,-31
118900115,11,123,-112
118900116,19,90,-71
118900117,8,59,-51
118900118,71,289,-218
118900119,24,141,-117
118900120,29,129,-100
118900121,3,114,-111
118900122,8,122,-114
118900123,63,104,-41
118900124,10,78,-68
118900126,2,99,-97
118900129,6,59,-53
118900130,0,10,-10
118900131,20,203,-183
118900132,22,51,-29
118900133,2,18,-16
118900135,49,86,-37
118900136,56,462,-406
118900137,0,3,-3
118900139,27,234,-207
118900140,93,545,-452
118900141,6,115,-109
118900144,36,495,-459
118900145,1,86,-85
118900146,58,386,-328
118900147,8,35,-27
118900148,7,27,-20
118900150,5,85,-80
118900152,61,399,-338
118900157,23,13,10
118900158,1,22,-21
118900159,0,69,-69
118900161,1,0,1
118900163,51,23,28
118900164,0,42,-42
118900165,9,176,-167
118900166,8,6,2
118900167,12,64,-52
118900168,0,24,-24
118900169,21,200,-179
118900170,5,31,-26
118900171,4,21,-17
118900174,5,34,-29
118900175,34,162,-128
118900176,5,64,-59
118900177,2,14,-12
118900178,13,34,-21
118900179,3,16,-13
118900181,49,35,14
118900182,9,23,-14
118900183,1,33,-32
118900184,24,12,12
118900185,1,42,-41
118900186,18,63,-45
118900187,39,97,-58
118900188,35,119,-84
118900189,4,95,-91
118900190,1,234,-233
118900191,41,8,33
118900192,14,3,11
118900193,8,2,6
118900195,23,257,-234
118900196,11,106,-95
118900197,2,9,-7
118900198,0,23,-23
118900199,3,40,-37
118900200,0,1,-1
118900201,5,3,2
118900202,10,44,-34
118900203,3,19,-16
118900204,1,29,-28
118900205,1,12,-11
118900206,0,22,-22
119000001,335,354,-19
119000002,669,989,-320
119000003,310,1032,-722
119000004,409,577,-168
119000005,487,670,-183
119000006,502,760,-258
119000007,832,1077,-245
119000008,622,1339,-717
119000009,1584,1078,506
119000010,4997,2389,2608
119000011,3671,835,2836
119000012,3252,1254,1998
119000013,1433,639,794
119000014,988,1645,-657
119000019,45,119,-74
119000020,309,750,-441
119000021,1004,956,48
119000022,1116,385,731
119000023,37,57,-20
119000024,1127,1784,-657
119000025,7796,535,7261
119000026,211,119,92
119000027,375,133,242
119000028,884,584,300
119000029,84,127,-43
119000030,299,677,-378
119000031,338,517,-179
119000032,1212,994,218
119000033,942,749,193
119000034,379,720,-341
119000035,6,179,-173
119000036,273,705,-432
119000037,276,1411,-1135
119000038,43,661,-618
119000039,97,189,-92
119000040,490,199,291
119000041,601,422,179
119000048,2734,2532,202
119000049,445,2518,-2073
119000050,543,1029,-486
119000051,744,555,189
119000052,759,1406,-647
119000053,832,655,177
119000054,836,1761,-925
119000055,634,1698,-1064
119000056,393,1120,-727
119000057,408,1295,-887
119000058,586,1047,-461
119000059,311,573,-262
119000060,347,522,-175
119000061,209,382,-173
119000062,453,747,-294
119000063,74,119,-45
119000064,616,820,-204
119000065,769,1907,-1138
119000066,421,365,56
119000067,729,1499,-770
119000068,403,628,-225
119000069,425,1350,-925
119000070,558,605,-47
119000071,207,458,-251
119000072,3323,1963,1360
119000073,1981,2249,-268
119000074,268,2184,-1916
119000075,259,1733,-1474
119000076,209,428,-219
119000077,240,204,36
119000078,88,183,-95
119000079,24,317,-293
119000080,63,185,-122
119000081,20,201,-181
119000082,98,170,-72
119000083,109,157,-48
119000084,91,276,-185
119000085,164,112,52
119000086,75,257,-182
119000087,657,381,276
119000088,143,228,-85
119000089,46,81,-35
119000090,27,44,-17
119000091,145,136,9
119000092,231,56,175
119000093,2295,2177,118
119000094,808,2173,-1365
119000095,319,1616,-1297
119000097,1654,715,939
119000098,300,749,-449
119000099,788,728,60
119000100,793,972,-179
119000101,1109,1295,-186
119000102,277,269,8
119000103,398,228,170
119000104,1673,902,771
119000105,186,331,-145
119000106,79,1389,-1310
119000107,125,203,-78
119000108,92,1023,-931
119000109,14,192,-178
119000110,241,301,-60
119000111,13,301,-288
119000112,97,83,14
119000113,1209,118,1091
119000114,212,166,46
119000115,87,40,47
119000116,33,36,-3
119000117,18,77,-59
119000118,0,1,-1
119000123,779,174,605
119000124,66,117,-51
119000125,488,538,-50
119000126,144,534,-390
119000127,102,625,-523
119000128,45,10,35
119000131,203,761,-558
119000132,4,5,-1
119000133,2,3,-1
119000134,506,151,355
119000135,14,148,-134
119000136,24,231,-207
119000137,25,349,-324
119000138,61,352,-291
119000139,35,236,-201
119000140,53,113,-60
119000284,992,1444,-452
119000285,1877,1460,417
119000286,3277,2079,1198
119000287,535,1107,-572
119000288,644,942,-298
119000289,761,1893,-1132
119000290,132,308,-176
119000291,20,186,-166
119000293,42,111,-69
119000294,6,5,1
119000295,1102,298,804
119000296,57,75,-18
119000297,0,0,0
119000299,0,0,0
119000302,3965,806,3159
119000303,0,0,0
119000314,1089,1603,-514
119000315,0,458,-458
119000316,20,54,-34
119000317,6,399,-393
119900001,37,187,-150
119900002,15,95,-80
119900003,19,754,-735
119900004,173,105,68
119900005,14,102,-88
119900006,39,110,-71
119900007,97,10,87
119900008,3,7,-4
119900009,135,324,-189
119900010,347,555,-208
119900011,3,19,-16
119900012,1,16,-15
119900013,537,304,233
119900014,193,100,93
119900015,18,9,9
119900016,2,36,-34
119900017,2,15,-13
119900018,374,49,325
119900019,2,2,0
119900020,9,68,-59
119900021,16,10,6
119900022,18,63,-45
119900023,282,95,187
119900025,8,10,-2
119900026,383,20,363
119900027,1,6,-5
119900028,22,8,14
119900029,1,3,-2
119900030,57,169,-112
119900031,1,69,-68
119900033,1057,48,1009
119900034,19,86,-67
119900037,14,4,10
119900038,8,26,-18
119900039,16,0,16
119900040,14,4,10
119900041,11,58,-47
119900042,8,50,-42
119900043,2,94,-92
119900044,42,79,-37
119900046,10,60,-50
119900047,34,5,29
119900048,14,48,-34
119900049,12,3,9
119900050,11,12,-1
119900051,89,4,85
119900052,6,58,-52
119900053,79,101,-22
119900054,4,0,4
119900055,161,67,94
119900057,26,51,-25
119900058,28,0,28
119900059,32,28,4
119900060,26,0,26
119900061,25,1,24
119900062,0,25,-25
119900063,1,3,-2
119900065,29,0,29
119900067,27,29,-2
119900068,45,0,45
119900069,13,6,7
119900070,67,1,66
119900071,40,1,39
119900073,633,187,446
119900074,1,9,-8
119900075,3609,953,2656
119900076,16,310,-294
119900077,97,1000,-903
119900078,32,479,-447
119900079,177,151,26
119900080,38,140,-102
119900081,43,77,-34
119900082,104,134,-30
119900083,0,10,-10
119900084,53,29,24
119900085,76,18,58
119900086,45,681,-636
119900087,55,67,-12
119900088,29,47,-18
119900089,4,384,-380
119900090,89,41,48
119900091,12,777,-765
119900092,2,238,-236
119900093,219,13,206
119900094,12,154,-142
119900095,84,38,46
119900096,8,60,-52
119900097,172,93,79
119900098,9,8,1
119900099,12,290,-278
119900100,1576,528,1048
119900101,89,353,-264
119900102,8,241,-233
119900103,7,361,-354
119900104,14,145,-131
119900105,139,878,-739
119900106,7,165,-158
119900107,136,2046,-1910
119900108,866,444,422
119900109,12,113,-101
119900110,104,468,-364
119900111,3,254,-251
119900112,1592,201,1391
119900113,32,434,-402
119900114,35,1271,-1236
119900115,22,965,-943
119900116,25,124,-99
119900117,60,768,-708
119900118,0,891,-891
119900119,33,188,-155
119900120,324,458,-134
119900121,36,1032,-996
119900122,114,273,-159
119900123,42,144,-102
119900124,8,683,-675
119900125,19,323,-304
119900126,4235,91,4144
119900127,1480,375,1105
119900128,45,508,-463
119900129,18,486,-468
119900130,36,138,-102
119900131,7,251,-244
119900132,2,248,-246
119900133,3,3,0
119900134,1361,101,1260
119900135,0,311,-311
119900136,83,358,-275
119900138,203,346,-143
119900139,0,28,-28
119900140,1,86,-85
119900141,29,94,-65
119900142,0,5,-5
119900143,2,162,-160
119900144,1490,79,1411
119900145,28,127,-99
119900146,24,33,-9
119900147,0,29,-29
119900148,37,16,21
119900149,772,644,128
119900150,36,71,-35
119900151,454,293,161
119900152,17,254,-237
119900153,10,15,-5
119900154,3,562,-559
119900155,2,9,-7
119900156,1,1,0
119900157,11,160,-149
119900158,13,14,-1
119900159,2,1207,-1205
119900160,6,154,-148
119900161,77,144,-67
119900162,137,199,-62
119900163,57,45,12
119900164,0,0,0
119900165,4,141,-137
119900166,11,13,-2
119900167,28,81,-53
119900168,158,130,28
119900169,53,80,-27
119900170,27,48,-21
119900171,184,301,-117
119900172,16,9,7
119900173,0,386,-386
119900174,27,182,-155
119900175,123,256,-133
119900177,11,163,-152
119900178,22,133,-111
119900179,10,69,-59
119900180,231,238,-7
119900181,25,3,22
119900182,2,296,-294
119900183,55,790,-735
119900184,1524,215,1309
119900185,7,38,-31
119900186,10,68,-58
119900187,3,353,-350
119900188,6,179,-173
119900189,74,55,19
119900190,5,52,-47
119900191,37,30,7
119900192,4,142,-138
119900193,39,59,-20
119900194,2,22,-20
119900195,11,114,-103
119900196,1112,218,894
119900197,14,40,-26
119900198,11,323,-312
119900199,58,2,56
119900200,49,203,-154
119900201,211,96,115
119900202,65,7,58
119900203,16,59,-43
119900204,28,121,-93
119900205,44,258,-214
119900206,6,72,-66
119900208,15,42,-27
119900209,76,162,-86
119900210,6,15,-9
119900211,25,0,25
119900212,11,151,-140
119900213,0,25,-25
119900214,5,63,-58
119900215,4,70,-66
119900216,6,74,-68
119900217,0,48,-48
119900218,7,47,-40
119900219,3,117,-114
119900220,3,100,-97
119900221,5,373,-368
119900222,3,231,-228
119900223,7,59,-52
119900224,17,11,6
119900225,884,17,867
119900226,488,295,193
119900227,958,184,774
119900228,1,158,-157
119900229,140,185,-45
119900230,530,231,299
119900231,10,87,-77
119900232,43,7,36
119900233,3,0,3
119900234,4,12,-8
119900235,1,4,-3
119900236,1,108,-107
119900237,2,199,-197
119900238,1,48,-47
119900240,6,71,-65
119900241,32,141,-109
119900242,669,222,447
119900244,263,541,-278
119900245,25,55,-30
119900246,27,55,-28
119900247,22,9,13
119900248,2,10,-8
119900249,40,13,27
119900253,1912,76,1836
119900254,5,55,-50
119900255,26,330,-304
119900256,44,910,-866
119900257,5,0,5
119900258,5,39,-34
119900259,0,182,-182
119900260,4,0,4
119900261,30,125,-95
119900262,0,194,-194
119900263,516,286,230
119900264,10,129,-119
119900265,71,173,-102
119900266,37,141,-104
119900267,9,210,-201
119900268,5,161,-156
119900269,58,774,-716
119900271,7,36,-29
119900272,30,8,22
119900275,34,8,26
119900276,0,1,-1
119900277,3,1,2
119900278,85,11,74
119900279,38,37,1
119900280,604,106,498
119900281,0,38,-38
119900282,33,2,31
119900283,2,190,-188
119900284,10,85,-75
119900285,7,21,-14
119900286,2,4,-2
119900288,1,17,-16
119900289,0,5,-5
119900290,0,13,-13
119900291,0,13,-13
119900292,7,8,-1
119900293,9,20,-11
119900294,1,39,-38
119900295,0,18,-18
119900296,0,69,-69
119900297,0,12,-12
119900298,1,34,-33
119900299,4,134,-130
119900300,12,146,-134
119900301,3,7,-4
119900302,3,15,-12
119900303,5,83,-78
119900304,8,5,3
119900305,16,31,-15
119900306,10,0,10
119900307,3,31,-28
119900308,0,2,-2
119900309,4,19,-15
119900310,93,142,-49
119900311,4,66,-62
119900312,27,23,4
119900313,49,225,-176
119900314,6,72,-66
119900315,97,1707,-1610
119900318,2,6,-4
119900319,2,269,-267
119900320,13,479,-466
119900321,3,1,2
120000001,4242,2333,1909
120000002,1191,2323,-1132
120000003,2248,1536,712
120000004,1909,1866,43
120000005,3377,1664,1713
120000006,981,900,81
120000007,1603,1259,344
120000008,502,887,-385
120000009,3306,676,2630
120000010,637,2419,-1782
120000011,394,1376,-982
120000012,1171,2169,-998
120000013,779,1838,-1059
120000014,244,970,-726
120000015,718,933,-215
120000016,821,640,181
120000017,327,475,-148
120000018,2166,2318,-152
120000019,252,338,-86
120000020,844,875,-31
120000021,836,735,101
120000022,2025,1635,390
120000023,367,715,-348
120000024,701,984,-283
120000025,629,1252,-623
120000026,227,1173,-946
120000027,480,949,-469
120000028,236,182,54
120000029,922,220,702
120000030,22,347,-325
120000031,898,1823,-925
120000032,6956,1788,5168
120000033,785,834,-49
120000034,366,1446,-1080
120000035,508,1377,-869
120000036,762,2036,-1274
120000037,136,318,-182
120000038,6420,1771,4649
120000039,177,611,-434
120000040,14,72,-58
120000041,151,1614,-1463
120000042,535,3664,-3129
120000043,1939,1680,259
120000044,966,749,217
120000045,1099,558,541
120000046,521,836,-315
120000047,847,1289,-442
120000048,4921,1327,3594
120000049,884,1400,-516
120000050,1131,2609,-1478
120000051,2615,2150,465
120000052,10533,1287,9246
120000053,525,3197,-2672
120000054,770,4940,-4170
120000055,439,2859,-2420
120000056,1506,3206,-1700
120000057,532,719,-187
120000058,93,118,-25
120000059,106,802,-696
120000061,53,416,-363
120000062,139,281,-142
120000063,1392,2453,-1061
120000064,162,1310,-1148
120000065,123,1380,-1257
120000066,51,320,-269
120000067,8,337,-329
120000068,61,907,-846
120000069,239,1143,-904
120000070,8,829,-821
120000071,26,125,-99
120000072,78,320,-242
120000073,69,41,28
120000074,15,30,-15
120000075,52,126,-74
120000076,240,167,73
120000077,276,244,32
120000078,1865,287,1578
120000079,49,387,-338
120000080,21,116,-95
120000081,46,87,-41
120000082,56,116,-60
120000083,30,135,-105
120000084,221,332,-111
120000085,204,292,-88
120000086,96,471,-375
120000087,53,931,-878
120000088,190,624,-434
120000089,190,80,110
120000090,65,98,-33
120000091,169,214,-45
120000092,109,153,-44
120000093,21,168,-147
120000094,17,160,-143
120000095,263,520,-257
120000096,111,847,-736
120000098,332,718,-386
120000099,82,464,-382
120000100,201,648,-447
120000101,124,399,-275
120000102,85,152,-67
120000103,123,130,-7
120000104,249,86,163
120000105,325,135,190
120000106,309,151,158
120000107,436,156,280
120000108,113,61,52
120000109,189,24,165
120000110,37,599,-562
120000111,48,990,-942
120000112,255,2891,-2636
120000113,269,2146,-1877
120000114,194,1486,-1292
120000115,152,1501,-1349
120000116,217,1379,-1162
120000117,695,1312,-617
120000118,1,6,-5
120000119,3,9,-6
120000120,10,21,-11
120000121,2,10,-8
120000122,56,40,16
120000123,3815,477,3338
120000124,81,180,-99
120000125,100,365,-265
120000126,79,249,-170
120000127,307,191,116
120000128,931,933,-2
120000129,90,79,11
120000130,226,152,74
120000131,69,303,-234
120000134,121,781,-660
120000135,27,220,-193
120000137,34,1466,-1432
120000138,69,315,-246
120000139,30,670,-640
120000140,84,406,-322
120000141,36,385,-349
120000142,43,340,-297
120000143,0,39,-39
120000144,4,2,2
120000145,37,3,34
120000146,710,270,440
120000149,233,578,-345
120000150,2937,2458,479
120000151,153,245,-92
120000152,43,153,-110
120000153,18,359,-341
120000154,197,204,-7
120000155,48,129,-81
120000156,664,150,514
120000157,355,273,82
120000158,323,563,-240
120000159,836,1631,-795
120000160,842,446,396
120000161,406,1569,-1163
120000162,17,70,-53
120000163,97,1014,-917
120000164,105,356,-251
120000165,66,708,-642
120000166,144,366,-222
120000167,7,9,-2
120000168,1,11,-10
120000169,111,55,56
120000170,136,49,87
120000171,40,13,27
120000172,10,7,3
120000173,1436,40,1396
120000174,160,4,156
120000175,309,3,306
120000176,77,61,16
120000177,691,382,309
120000178,28,0,28
120000179,127,5,122
120000180,166,48,118
120000181,31,16,15
120000182,22,24,-2
120000183,1,81,-80
120000184,38,1371,-1333
120000186,4,12,-8
120000187,13,7,6
120000188,64,12,52
120000190,412,0,412
120000191,613,3,610
120000192,486,2,484
120000193,53,0,53
120000195,16,0,16
120000196,45,7,38
120000197,13,37,-24
120000198,20,149,-129
120000199,11,0,11
120000200,5,0,5
120000201,1,6,-5
120000202,15,35,-20
120000203,2,325,-323
120000207,1,63,-62
120000208,3,230,-227
120000209,1,103,-102
120000210,81,56,25
120000211,17,0,17
120000212,13,1,12
120000213,14,422,-408
120000214,1,314,-313
120000215,0,85,-85
120000216,11,1,10
120000217,474,1002,-528
120000218,168,1505,-1337
120000219,5,790,-785
120000220,6,2758,-2752
120000225,86,0,86
120000226,35,1,34
120000227,162,6,156
120000228,6656,757,5899
120000230,27,3,24
120000231,99,1793,-1694
120000233,5,13,-8
120000235,95,506,-411
120000236,0,2,-2
120000237,3,1924,-1921
120000238,1,48,-47
120000241,368,573,-205
120000412,625,3,622
120000413,44,209,-165
120000414,4,1,3
120000415,3,118,-115
120000416,4,20,-16
120000417,7,70,-63
120000418,4,1,3
120000419,5,333,-328
120000420,15,12,3
120000421,10545,4210,6335
120000422,207,195,12
120000423,0,33,-33
120000424,4,129,-125
120000436,98,124,-26
120000437,122,114,8
120000438,3476,248,3228
120000439,14,121,-107
120000443,46,0,46
120000444,105,301,-196
120000445,343,343,0
120000446,477,101,376
120000447,1,5,-4
120000449,12,6,6
120000450,7,290,-283
120000451,11,89,-78
120000452,4,0,4
120000453,0,302,-302
120000454,0,0,0
120000455,11,28,-17
120000456,2114,1439,675
120000457,789,490,299
120000458,249,455,-206
120000459,17,33,-16
120000665,275,84,191
120000668,43,60,-17
120000669,14,327,-313
120000670,120,209,-89
120000671,129,103,26
120000672,60,314,-254
120900001,10,17,-7
120900002,30,81,-51
120900003,42,8,34
120900004,5,11,-6
120900005,5,1123,-1118
120900006,34,77,-43
120900007,27,105,-78
120900008,41,773,-732
120900009,93,34,59
120900010,33,16,17
120900011,107,40,67
120900012,407,213,194
120900013,55,8,47
120900014,17,519,-502
120900015,73,53,20
120900016,78,22,56
120900017,2049,80,1969
120900018,14,323,-309
120900019,70,46,24
120900020,147,156,-9
120900021,43,9,34
120900022,10,280,-270
120900023,25,12,13
120900024,557,218,339
120900025,1439,463,976
120900026,13,83,-70
120900027,183,70,113
120900028,34,10,24
120900029,9,43,-34
120900030,177,149,28
120900031,19,4,15
120900032,151,58,93
120900033,111,6,105
120900034,53,617,-564
120900035,4,30,-26
120900037,14,1,13
120900038,17,34,-17
120900039,8,4,4
120900040,20,0,20
120900041,25,8,17
120900042,19,29,-10
120900043,7,3,4
120900044,5,236,-231
120900045,47,66,-19
120900046,56,0,56
120900047,13,9,4
120900048,12,4,8
120900049,31,0,31
120900050,2371,242,2129
120900051,56,44,12
120900052,51,1,50
120900053,38,33,5
120900054,527,410,117
120900055,29,1,28
120900056,35,0,35
120900057,8,7,1
120900058,43,0,43
120900059,21,0,21
120900060,10,13,-3
120900061,113,151,-38
120900062,42,0,42
120900063,43,0,43
120900064,23,0,23
120900065,17,2,15
120900066,15,151,-136
120900067,14,5,9
120900068,25,0,25
120900069,18,39,-21
120900071,1,0,1
120900072,74,0,74
120900073,20,133,-113
120900074,56,1,55
120900076,18,0,18
120900077,1719,75,1644
120900078,58,492,-434
120900079,97,50,47
120900080,99,2339,-2240
120900081,81,787,-706
120900082,217,119,98
120900083,7,3,4
120900084,25,60,-35
120900085,38,28,10
120900086,78,38,40
120900087,68,23,45
120900088,39,60,-21
120900089,3621,273,3348
120900090,14,108,-94
120900091,154,70,84
120900092,184,387,-203
120900093,3185,179,3006
120900094,277,127,150
120900095,29,6,23
120900096,9,41,-32
120900097,328,947,-619
120900098,133,152,-19
120900099,26,73,-47
120900100,16,329,-313
120900101,100,199,-99
120900102,5,59,-54
120900103,7,73,-66
120900104,11,27,-16
120900105,14,743,-729
120900106,766,445,321
120900107,385,106,279
120900108,2,874,-872
120900109,13,677,-664
120900110,4,311,-307
120900111,66,282,-216
120900112,5,1143,-1138
120900113,4,819,-815
120900114,11,229,-218
120900115,65,70,-5
120900116,17,474,-457
120900117,3,456,-453
120900118,5,796,-791
120900119,2980,1429,1551
120900120,14,603,-589
120900121,46,224,-178
120900122,29,534,-505
120900123,2,408,-406
120900124,4,616,-612
120900125,4,680,-676
120900126,487,425,62
120900127,7,450,-443
120900128,519,712,-193
120900129,21,362,-341
120900130,2,425,-423
120900131,11,34,-23
120900132,83,215,-132
120900133,106,873,-767
120900134,165,365,-200
120900135,4,625,-621
120900136,4,7,-3
120900137,13,60,-47
120900138,3,226,-223
120900139,3,757,-754
120900140,1,23,-22
120900141,12,42,-30
120900142,11,742,-731
120900143,5,794,-789
120900144,1,221,-220
120900145,14,655,-641
120900146,3,796,-793
120900147,1,141,-140
120900148,5,52,-47
120900149,2,271,-269
120900150,9,445,-436
120900151,1,563,-562
120900152,0,47,-47
120900153,2,48,-46
120900154,0,226,-226
120900155,25,1065,-1040
120900156,5,424,-419
120900157,3,196,-193
120900158,1,374,-373
120900159,13,719,-706
120900160,7,256,-249
120900161,2,1334,-1332
120900162,5,1468,-1463
120900163,3,40,-37
120900164,0,0,0
120900165,0,0,0
120900166,9,22,-13
120900167,18,21,-3
120900169,20,408,-388
120900170,1393,462,931
120900171,956,137,819
120900172,268,23,245
120900173,0,43,-43
120900174,1,66,-65
120900175,222,101,121
120900176,5,103,-98
120900177,1,84,-83
120900178,1,58,-57
120900179,326,219,107
120900180,41,38,3
120900181,11,27,-16
120900182,5,264,-259
120900183,445,66,379
120900184,80,63,17
120900185,3,215,-212
120900186,1,394,-393
120900187,94,229,-135
120900188,13,5,8
120900189,18,72,-54
120900190,0,3,-3
120900191,0,3,-3
120900192,10456,540,9916
120900194,21,32,-11
120900195,48,220,-172
120900196,149,31,118
120900197,85,11,74
120900198,63,462,-399
120900199,27,45,-18
120900200,80,29,51
120900201,352,92,260
120900202,0,151,-151
120900203,5,17,-12
120900204,277,278,-1
120900205,42,59,-17
120900206,2,4,-2
120900207,35,826,-791
121000001,654,662,-8
121000002,716,528,188
121000003,3035,1209,1826
121000004,1734,977,757
121000005,1182,1535,-353
121000006,1628,650,978
121000007,1665,1902,-237
121000008,1697,991,706
121000009,4833,2831,2002
121000010,4803,1138,3665
121000011,8152,4264,3888
121000012,9921,2421,7500
121000013,4488,3498,990
121000014,5083,2992,2091
121000015,2543,3405,-862
121000016,3181,1810,1371
121000017,802,2097,-1295
121000018,1049,860,189
121000019,9475,3655,5820
121000020,6220,2652,3568
121000021,1445,1777,-332
121000022,962,844,118
121000023,1641,1534,107
121000024,1019,1565,-546
121000025,441,250,191
121000026,99,50,49
121000027,1362,502,860
121000028,329,256,73
121000029,164,300,-136
121000030,78,121,-43
121000031,312,327,-15
121000032,81,40,41
121000034,26,9,17
121000035,28,36,-8
121000036,277,282,-5
121000037,208,293,-85
121000038,238,289,-51
121000039,82,136,-54
121000041,143,211,-68
121000042,36,153,-117
121000043,448,255,193
121000044,607,196,411
121000045,75,198,-123
121000046,34,162,-128
121000047,1,54,-53
121000049,1108,553,555
121000050,128,636,-508
121000051,150,158,-8
121000052,103,300,-197
121000053,45,6,39
121000054,21,138,-117
121000055,1034,570,464
121000056,442,570,-128
121000057,78,118,-40
121000058,369,68,301
121000059,630,238,392
121000060,263,422,-159
121000061,18,75,-57
121000062,69,74,-5
121000063,288,357,-69
121000064,114,196,-82
121000065,134,206,-72
121000066,228,243,-15
121000067,536,126,410
121000068,109,90,19
121000069,26,63,-37
121000070,461,488,-27
121000071,230,336,-106
121000072,443,299,144
121000073,318,450,-132
121000074,77,109,-32
121000075,12,15,-3
121000076,304,166,138
121000077,14,20,-6
121000078,31,58,-27
121000080,1630,266,1364
121000081,567,579,-12
121000082,112,165,-53
121000083,94,34,60
121000084,72,66,6
121000085,329,320,9
121000086,116,379,-263
121000087,21,111,-90
121000088,186,199,-13
121000089,61,92,-31
121000090,109,182,-73
121000091,1742,435,1307
121000092,75,51,24
121000093,61,94,-33
121000094,219,121,98
121000095,107,95,12
121000096,1760,1045,715
121000097,937,756,181
121000098,202,573,-371
121000099,171,517,-346
121000100,172,363,-191
121000101,7,21,-14
121000102,40,268,-228
121000103,7,30,-23
121000104,13,97,-84
121000105,79,206,-127
121000106,7,32,-25
121000107,1305,2159,-854
121000109,994,695,299
121000110,120,211,-91
121000114,1535,1240,295
121000115,696,500,196
121000116,311,356,-45
121000117,927,99,828
121000118,767,86,681
121000119,79,141,-62
121000120,158,249,-91
121000121,91,186,-95
121000123,302,159,143
121000127,30,79,-49
121000128,204,368,-164
121000129,97,261,-164
121000130,187,495,-308
121000131,453,401,52
121000132,257,262,-5
121000135,269,135,134
121000136,682,270,412
121000137,244,41,203
121000138,339,161,178
121000139,183,51,132
121000141,58,74,-16
121000142,479,210,269
121000143,95,10,85
121000144,449,315,134
121000145,157,706,-549
121000146,384,427,-43
121000147,280,227,53
121000148,207,484,-277
121000149,754,701,53
121000152,144,181,-37
121000153,1178,238,940
121000154,379,163,216
121000155,585,330,255
121000156,301,421,-120
121000157,1232,656,576
121000158,218,302,-84
121000159,69,401,-332
121000160,123,603,-480
121000161,45,240,-195
121000162,6,215,-209
121000165,740,525,215
121000166,31,252,-221
121000168,67,129,-62
121000169,8,134,-126
121000170,53,28,25
121000171,47,113,-66
121000172,208,302,-94
121000173,825,490,335
121000174,75,280,-205
121000175,156,218,-62
121000176,271,150,121
121000177,194,359,-165
121000178,20,34,-14
121000179,19,43,-24
121000181,173,143,30
121000182,36,104,-68
121000183,23,47,-24
121000184,3,29,-26
121000185,4,86,-82
121000186,76,245,-169
121000187,107,173,-66
121000188,40,167,-127
121000192,265,234,31
121000193,164,194,-30
121000194,1628,1175,453
121000195,220,462,-242
121000196,255,100,155
121000197,72,372,-300
121000198,46,83,-37
121000199,41,421,-380
121000200,111,61,50
121000201,6,173,-167
121000202,68,15,53
121000203,134,1361,-1227
121000204,258,122,136
121000205,52,236,-184
121000206,37,74,-37
121000207,292,218,74
121000208,4,293,-289
121000209,50,492,-442
121000210,107,433,-326
121000211,18,95,-77
121000212,111,559,-448
121000213,3546,777,2769
121000214,325,359,-34
121000215,780,314,466
121000216,96,241,-145
121000217,1467,774,693
121000218,287,1094,-807
121000219,348,184,164
121000220,237,47,190
121000221,69,146,-77
121000222,1336,1545,-209
121000223,234,240,-6
121000224,44,24,20
121000225,350,277,73
121000226,397,215,182
121000227,11,220,-209
121000228,9,615,-606
121000229,8,355,-347
121000230,39,1375,-1336
121000231,0,0,0
121000232,83,39,44
121000233,120,142,-22
121000234,4,11,-7
121000235,6,16,-10
121000236,0,33,-33
121000237,2,0,2
121000238,0,66,-66
121000239,3,1,2
121000240,1,101,-100
121000241,42,0,42
121000242,5,107,-102
121000243,23,13,10
121000244,0,52,-52
121000245,2,2,0
121000246,0,81,-81
121000247,11,2,9
121000248,116,268,-152
121000249,28,136,-108
121000250,51,37,14
121000251,6,409,-403
121000252,11,7,4
121000253,69,477,-408
121000254,190,176,14
121000255,44,96,-52
121000256,35,78,-43
121000257,9,34,-25
121000258,28,39,-11
121000259,7,19,-12
121000260,20,66,-46
121000261,9,10,-1
121000262,749,300,449
121000263,276,332,-56
121000271,168,798,-630
121000273,7,23,-16
121000274,0,15,-15
121000275,2,18,-16
121000276,0,4,-4
121000278,9,40,-31
121000279,5,9,-4
121000280,6,36,-30
121000289,19,6,13
121000290,476,334,142
121000294,33,154,-121
121000297,446,194,252
121000299,68,118,-50
121000300,439,234,205
121000302,80,126,-46
121000303,317,134,183
121000304,47,6,41
121000305,13,17,-4
121000306,11,30,-19
121000308,82,146,-64
121000309,192,320,-128
121000310,10,252,-242
121000311,38,430,-392
121000312,50,41,9
121000313,359,114,245
121000314,150,42,108
121000315,72,43,29
121000530,386,824,-438
121000531,370,776,-406
121000532,2809,1440,1369
121000533,1036,777,259
121000918,8,178,-170
121000919,3,22,-19
121000938,435,111,324
121000939,525,75,450
121000956,227,798,-571
121000957,2,19,-17
121000958,12,65,-53
121000959,92,727,-635
121000960,312,1148,-836
121000961,77,11,66
121000962,157,369,-212
121000973,4,161,-157
121000976,0,25,-25
121000979,7,2,5
121000981,94,21,73
121000982,30,69,-39
121000983,61,279,-218
121000984,4,23,-19
121000985,86,366,-280
121000986,14,338,-324
121000987,55,917,-862
121000988,199,62,137
121001302,229,93,136
121001308,0,10,-10
121001309,21,25,-4
121001311,0,1,-1
121001313,23,355,-332
121001314,3766,2263,1503
121001315,2954,771,2183
121001326,54,149,-95
121900001,33,70,-37
121900002,1,7,-6
121900003,8,1,7
121900004,6,79,-73
121900005,0,2,-2
121900006,0,1,-1
121900007,30,172,-142
121900008,0,6,-6
121900009,0,0,0
121900010,27,1,26
121900011,6,82,-76
121900012,2,0,2
121900013,42,0,42
121900014,80,25,55
121900015,3,21,-18
121900016,0,0,0
121900017,16,27,-11
121900018,28,0,28
121900019,37,32,5
121900020,2,1,1
121900021,95,0,95
121900022,11,8,3
121900023,0,15,-15
121900024,57,4,53
121900025,27,28,-1
121900026,1,0,1
121900027,15,24,-9
121900028,17,0,17
121900029,3,1,2
121900030,115,85,30
121900031,115,385,-270
121900032,7,7,0
121900033,18,11,7
121900034,22,18,4
121900035,185,81,104
121900036,1,13,-12
121900037,8,81,-73
121900038,1,11,-10
121900039,7,3,4
121900040,0,8,-8
121900041,13,16,-3
121900042,15,28,-13
121900043,0,0,0
121900044,125,14,111
121900046,0,0,0
121900047,11,2,9
121900048,2,13,-11
121900050,3,3,0
121900051,3,31,-28
121900052,1,1,0
121900053,62,43,19
121900054,31,50,-19
121900055,0,0,0
121900058,5,60,-55
121900059,14,9,5
121900060,8,52,-44
121900061,8,13,-5
121900062,3,0,3
121900063,29,53,-24
121900064,5,50,-45
121900066,0,0,0
121900067,0,0,0
121900069,106,45,61
121900070,20,20,0
121900071,1,76,-75
121900072,0,28,-28
121900073,15,26,-11
121900074,14,22,-8
121900075,23,40,-17
121900076,6,66,-60
121900077,0,1,-1
121900078,0,0,0
121900079,0,0,0
121900080,51,65,-14
121900082,3,32,-29
121900084,1,97,-96
121900085,0,3,-3
121900086,0,0,0
121900087,28,14,14
121900088,323,342,-19
121900089,0,40,-40
121900090,0,37,-37
121900091,0,16,-16
121900092,0,0,0
121900093,6,9,-3
121900094,4,3,1
121900095,56,23,33
121900096,163,15,148
121900097,10,13,-3
121900098,0,1,-1
121900099,0,0,0
121900100,5,11,-6
121900101,28,13,15
121900102,0,5,-5
121900103,20,6,14
121900104,105,46,59
121900105,0,2,-2
121900106,0,0,0
121900107,0,0,0
121900108,0,0,0
121900109,38,27,11
121900110,20,241,-221
121900111,245,48,197
121900112,4,10,-6
121900113,4,3,1
121900114,0,0,0
121900117,6,7,-1
121900118,329,44,285
121900119,5,75,-70
121900120,18,369,-351
121900121,0,0,0
121900122,0,0,0
121900123,46,52,-6
121900124,8,31,-23
121900125,186,304,-118
121900127,2,19,-17
121900128,8,41,-33
121900129,361,13,348
121900130,0,20,-20
121900131,13,24,-11
121900132,6,5,1
121900133,1,8,-7
121900134,0,20,-20
121900135,319,22,297
121900136,0,116,-116
121900137,8,44,-36
121900138,2,24,-22
121900139,109,64,45
121900140,0,9,-9
121900141,4,1,3
121900142,4,5,-1
121900143,0,15,-15
121900144,186,150,36
121900145,9,10,-1
121900146,58,161,-103
121900147,23,75,-52
121900148,11,45,-34
121900149,31,128,-97
121900150,34,81,-47
121900151,5,50,-45
121900152,6,11,-5
121900153,15,63,-48
121900154,0,18,-18
121900155,0,7,-7
121900156,64,53,11
121900157,0,106,-106
121900158,24,43,-19
121900159,0,31,-31
121900160,0,47,-47
121900161,65,49,16
121900162,18,14,4
121900163,14,269,-255
121900164,21,25,-4
121900165,7,33,-26
121900166,28,37,-9
121900167,18,16,2
121900168,13,34,-21
121900169,2,150,-148
121900170,0,32,-32
121900171,44,48,-4
121900172,18,48,-30
121900173,51,7,44
121900174,0,0,0
121900175,5,42,-37
121900176,140,760,-620
121900177,15,18,-3
121900178,0,9,-9
121900179,8,21,-13
121900180,2935,562,2373
121900182,27,38,-11
121900183,55,59,-4
121900184,4,93,-89
121900186,0,96,-96
121900187,2,25,-23
121900188,121,33,88
121900189,1,27,-26
121900190,45,60,-15
121900191,0,1,-1
121900192,157,54,103
121900193,1,26,-25
121900194,0,55,-55
121900195,15,19,-4
121900196,32,30,2
121900197,91,712,-621
121900198,262,31,231
121900199,1,6,-5
121900200,12,9,3
121900201,79,83,-4
121900202,16,43,-27
121900203,10,26,-16
121900204,245,66,179
121900205,0,14,-14
121900206,1,7,-6
121900207,14,4,10
121900208,10,39,-29
121900209,5,1,4
121900210,30,36,-6
121900211,3,12,-9
121900212,8,23,-15
121900213,2,13,-11
121900214,0,43,-43
121900215,1,2,-1
121900216,7,8,-1
121900217,11,6,5
121900218,5,21,-16
121900220,11,0,11
121900221,32,90,-58
121900222,1,27,-26
121900223,0,0,0
121900224,0,0,0
121900225,1,2,-1
121900226,2,0,2
121900227,2,25,-23
121900228,20,17,3
121900230,12,8,4
121900231,13,20,-7
121900232,11,33,-22
121900233,68,37,31
121900234,12,45,-33
121900235,19,38,-19
121900236,21,9,12
121900237,54,143,-89
121900238,32,59,-27
121900239,15,7,8
121900240,20,20,0
121900241,1,3,-2
121900242,0,0,0
121900243,0,0,0
121900244,0,0,0
121900245,17,7,10
121900246,2,2,0
121900248,150,106,44
121900250,34,25,9
121900251,12,0,12
121900252,243,23,220
121900253,55,343,-288
121900254,124,43,81
121900255,14,4,10
121900258,95,40,55
121900259,24,33,-9
121900260,1,37,-36
121900261,19,31,-12
121900262,53,58,-5
121900263,8,60,-52
121900264,406,96,310
121900265,8,67,-59
121900266,8,21,-13
121900267,0,0,0
121900269,4,18,-14
121900270,2,20,-18
121900271,1,36,-35
121900273,44,197,-153
121900274,4,40,-36
121900277,34,490,-456
121900278,9,297,-288
121900279,21,134,-113
121900280,18,60,-42
121900281,15,2,13
121900284,5,0,5
121900286,10,60,-50
121900287,3,8,-5
121900288,0,0,0
121900290,50,52,-2
121900291,118,122,-4
121900292,27,42,-15
121900293,316,1362,-1046
121900294,24,0,24
121900295,5,51,-46
121900296,0,0,0
121900298,9,78,-69
121900299,0,0,0
121900300,0,0,0
121900301,1,0,1
121900302,0,12,-12
121900303,18,56,-38
121900304,0,1,-1
121900305,0,0,0
121900306,0,0,0
121900307,0,1,-1
121900308,3,131,-128
121900309,1,138,-137
121900310,3,226,-223
121900311,21,2,19
121900312,12,2,10
121900313,26,1,25
121900314,0,26,-26
121900315,0,0,0
121900316,0,0,0
121900317,0,0,0
121900318,0,1,-1
121900319,0,0,0
121900320,3,12,-9
121900321,0,0,0
121900322,1,6,-5
121900323,1,1,0
121900324,0,0,0
121900325,0,0,0
121900326,0,0,0
121900327,0,14,-14
121900328,0,4,-4
121900329,1,44,-43
121900330,0,10,-10
121900331,2,14,-12
121900332,6,2,4
121900333,0,0,0
121900334,0,0,0
122000001,1082,1154,-72
122000002,2338,609,1729
122000003,858,497,361
122000004,1136,415,721
122000005,914,450,464
122000006,503,194,309
122000007,402,361,41
122000008,2890,892,1998
122000009,400,66,334
122000010,1296,1091,205
122000011,1514,483,1031
122000012,533,558,-25
122000013,543,465,78
122000014,712,506,206
122000015,588,397,191
122000016,252,380,-128
122000017,603,459,144
122000018,621,520,101
122000019,219,603,-384
122000020,69,86,-17
122000021,290,174,116
122000022,285,219,66
122000023,151,360,-209
122000024,454,394,60
122000025,443,491,-48
122000026,802,363,439
122000027,327,1287,-960
122000028,354,118,236
122000029,100,89,11
122000030,267,50,217
122000031,51,67,-16
122000032,442,604,-162
122000033,250,322,-72
122000034,242,239,3
122000035,148,237,-89
122000036,140,330,-190
122000037,188,87,101
122000038,116,146,-30
122000039,276,193,83
122000040,154,100,54
122000041,130,185,-55
122000042,56,152,-96
122000043,41,28,13
122000044,46,46,0
122000045,407,216,191
122000046,169,227,-58
122000047,123,73,50
122000048,1255,957,298
122000049,1982,1028,954
122000050,574,290,284
122000051,124,149,-25
122000052,168,126,42
122000053,59,237,-178
122000054,1180,727,453
122000055,863,1066,-203
122000056,1940,1290,650
122000057,1776,1032,744
122000058,1692,853,839
122000059,1475,966,509
122000060,717,355,362
122000061,353,71,282
122000062,618,121,497
122000063,217,196,21
122000064,1599,1890,-291
122000065,1895,1378,517
122000066,606,514,92
122000067,375,538,-163
122000068,268,325,-57
122000069,315,266,49
122000070,146,493,-347
122000071,246,331,-85
122000072,109,152,-43
122000073,113,186,-73
122000074,352,317,35
122000075,133,230,-97
122000076,547,393,154
122000077,405,373,32
122000078,1307,1252,55
122000079,366,291,75
122000080,183,124,59
122000081,38,58,-20
122000082,356,230,126
122000083,409,1050,-641
122000084,354,344,10
122000085,129,572,-443
122000086,760,1019,-259
122000087,103,96,7
122000088,64,81,-17
122000089,1762,971,791
122000090,98,147,-49
122000091,77,52,25
122000092,39,2,37
122000093,614,796,-182
122000094,2176,814,1362
122000095,805,428,377
122000096,434,249,185
122000098,1035,781,254
122000099,487,372,115
122000100,402,216,186
122000101,81,214,-133
122000102,753,484,269
122000103,335,521,-186
122000104,83,95,-12
122000105,62,123,-61
122000106,211,159,52
122000107,181,177,4
122000108,142,347,-205
122000109,61,54,7
122000110,94,203,-109
122000111,1079,504,575
122000112,253,467,-214
122000113,161,285,-124
122000114,936,848,88
122000115,1128,501,627
122000116,277,212,65
122000117,381,105,276
122000118,203,143,60
122000119,1274,651,623
122000120,1275,1055,220
122000121,1544,826,718
122000122,416,471,-55
122000123,779,251,528
122000124,239,117,122
122000125,197,295,-98
122000126,214,244,-30
122000127,490,367,123
122000128,218,311,-93
122000129,123,112,11
122000130,707,147,560
122000131,700,156,544
122000132,499,224,275
122000133,377,1083,-706
122000134,209,272,-63
122000135,261,512,-251
122000136,70,54,16
122000137,222,315,-93
122000139,584,904,-320
122000140,436,187,249
122000141,2148,203,1945
122000142,150,288,-138
122000143,209,120,89
122000144,678,290,388
122000145,283,259,24
122000146,78,230,-152
122000147,227,88,139
122000148,925,370,555
122000149,904,281,623
122000150,471,240,231
122000151,103,211,-108
122000152,170,136,34
122000153,80,38,42
122000154,54,12,42
122000155,714,647,67
122000156,1880,1190,690
122000157,880,674,206
122000158,75,239,-164
122000159,168,520,-352
122000160,1541,330,1211
122000161,428,198,230
122000162,650,404,246
122000163,187,66,121
122000164,34,52,-18
122000165,289,220,69
122000166,285,290,-5
122000167,136,177,-41
122000168,77,171,-94
122000169,248,87,161
122000170,69,155,-86
122000171,19,48,-29
122000172,497,566,-69
122000173,474,763,-289
122000174,760,449,311
122000175,567,170,397
122000176,110,230,-120
122000177,611,782,-171
122000178,1169,405,764
122000179,814,846,-32
122000180,876,518,358
122000181,895,1106,-211
122000182,1577,188,1389
122000183,387,115,272
122000184,2994,909,2085
122000185,940,677,263
122000186,258,331,-73
122000187,309,484,-175
122000188,266,107,159
122000189,96,66,30
122000190,172,628,-456
122000191,267,177,90
122000192,243,84,159
122000193,82,168,-86
122000194,252,53,199
122000195,72,209,-137
122000196,367,184,183
122000197,101,41,60
122000198,226,431,-205
122000199,153,111,42
122000200,400,144,256
122000201,831,1094,-263
122000202,597,615,-18
122000203,955,711,244
122000204,671,1056,-385
122000205,576,434,142
122000206,909,254,655
122000207,401,455,-54
122000208,402,693,-291
122000209,597,101,496
122000210,476,1039,-563
122000211,313,641,-328
122000212,208,211,-3
122000213,465,519,-54
122000214,528,642,-114
122000215,466,699,-233
122000217,783,691,92
122000218,49,5,44
122000219,890,607,283
122000220,116,461,-345
122000221,61,242,-181
122000222,304,37,267
122000223,361,265,96
122000225,327,128,199
122000226,374,1016,-642
122000227,90,642,-552
122000228,104,274,-170
122000229,11,205,-194
122000230,28,442,-414
122000231,63,375,-312
122000232,94,451,-357
122000233,1,35,-34
122000234,36,110,-74
122000235,160,133,27
122000236,198,106,92
122000237,15,33,-18
122000238,27,41,-14
122000239,73,39,34
122000240,151,91,60
122000241,245,127,118
122000242,71,41,30
122000243,30,37,-7
122000244,8,329,-321
122000245,50,142,-92
122000246,45,29,16
122000247,189,495,-306
122000248,817,1013,-196
122000249,119,150,-31
122000250,418,152,266
122000251,171,190,-19
122000252,226,17,209
122000253,10,176,-166
122000254,50,31,19
122000255,207,787,-580
122000256,194,841,-647
122000257,34,228,-194
122000258,37,158,-121
122000259,12,426,-414
122000260,1,85,-84
122000261,2,81,-79
122000262,0,48,-48
122000263,22,59,-37
122000264,17,55,-38
122000265,244,157,87
122000266,636,98,538
122000267,19,36,-17
122000268,34,113,-79
122000269,143,105,38
122000270,68,76,-8
122000271,103,595,-492
122000272,104,496,-392
122000273,130,247,-117
122000274,15,71,-56
122000275,12,59,-47
122000276,62,223,-161
122000277,271,484,-213
122000278,237,447,-210
122000279,40,307,-267
122000280,438,473,-35
122000281,210,463,-253
122000282,28,66,-38
122000283,371,22,349
122000284,50,64,-14
122000285,207,59,148
122000286,92,94,-2
122000287,125,379,-254
122000288,125,93,32
122000291,264,175,89
122000293,269,219,50
122000294,10,26,-16
122000295,515,79,436
122000296,37,259,-222
122000297,1265,662,603
122000299,75,246,-171
122000300,144,272,-128
122000301,7115,764,6351
122000302,546,258,288
122000303,3135,513,2622
122000304,7,63,-56
122000305,488,109,379
122000306,2,607,-605
122000307,32,78,-46
122000309,16,51,-35
122000310,4,4,0
122000311,36,16,20
122000312,29,17,12
122000313,5,43,-38
122000314,32,104,-72
122000315,29,3,26
122000316,93,91,2
122000317,277,76,201
122000318,38,77,-39
122000319,196,275,-79
122000320,149,1841,-1692
122000321,20,266,-246
122000322,1352,451,901
122000323,808,598,210
122000324,545,523,22
122000325,360,474,-114
122000326,1,17,-16
122000327,90,248,-158
122000328,356,416,-60
122000330,515,230,285
122000332,112,239,-127
122000333,3,150,-147
122000337,188,1284,-1096
122000338,69,240,-171
122000340,122,87,35
122000342,1190,546,644
122000343,116,877,-761
122000344,3,0,3
122000345,2,30,-28
122000346,138,240,-102
122000348,152,400,-248
122000349,36,371,-335
122000351,4,96,-92
122000352,131,18,113
122000353,7,67,-60
122000355,26,74,-48
122000356,614,342,272
122000357,10,3,7
122000358,0,35,-35
122000359,0,13,-13
122000360,0,17,-17
122000362,14,45,-31
122000364,9,178,-169
122000365,0,7,-7
122000366,2,6,-4
122000368,160,258,-98
122000370,2,27,-25
122000371,0,0,0
122000372,0,0,0
122000381,9,136,-127
122000382,38,130,-92
122000384,1359,693,666
122000385,0,0,0
122000386,30,208,-178
122000387,113,268,-155
122000388,237,116,121
122000389,128,385,-257
122000390,66,60,6
122000391,8,13,-5
122000392,65,135,-70
122000393,4,213,-209
122000394,71,177,-106
122000395,44,141,-97
122000396,76,80,-4
122000397,13,42,-29
122000398,7,12,-5
122000399,25,51,-26
122000400,32,76,-44
122000401,39,70,-31
122000402,5,9,-4
122000403,108,958,-850
122000404,36,69,-33
122000408,503,617,-114
122000503,2,17,-15
122000524,87,28,59
122000544,8,241,-233
122000616,486,2,484
122000640,16,139,-123
122000641,9,381,-372
122000642,474,742,-268
122000643,3,10,-7
122000644,68,18,50
122000645,84,105,-21
122000651,471,345,126
122000664,90,19,71
122000665,585,327,258
122000666,236,412,-176
122000673,17,248,-231
122000674,99,34,65
122000675,315,801,-486
122000686,66,550,-484
122000687,129,260,-131
122000688,83,402,-319
122000689,129,413,-284
122000690,126,511,-385
122000691,110,1269,-1159
122000692,197,232,-35
122000693,116,796,-680
122000695,61,336,-275
122000696,35,124,-89
122000698,32,710,-678
122000699,86,29,57
122000701,299,194,105
122000702,136,924,-788
122000703,13,1,12
122000712,0,0,0
122000717,230,46,184
122000718,521,96,425
122000719,3,37,-34
122000720,38,86,-48
122000724,236,172,64
122900001,4,0,4
122900002,218,179,39
122900003,15,16,-1
122900004,88,5,83
122900005,35,6,29
122900006,131,21,110
122900007,38,5,33
122900008,106,5,101
122900009,45,11,34
122900010,0,0,0
122900012,9,7,2
122900014,36,124,-88
122900015,361,41,320
122900016,7,140,-133
122900017,118,330,-212
122900018,27,1,26
122900019,4,73,-69
122900020,248,111,137
122900021,23,108,-85
122900022,60,573,-513
122900023,103,155,-52
122900024,35,60,-25
122900025,4,55,-51
122900026,43,155,-112
122900027,19,369,-350
122900028,51,46,5
122900029,1028,210,818
122900030,1016,131,885
122900031,28,28,0
122900032,41,111,-70
122900033,25,33,-8
122900034,537,496,41
122900035,1,2,-1
122900036,0,5,-5
122900037,38,51,-13
122900038,24,476,-452
122900039,15,66,-51
122900040,3,19,-16
122900041,3,7,-4
122900042,0,8,-8
122900043,16,32,-16
122900044,5,27,-22
122900045,6,14,-8
122900046,8,4,4
122900047,19,32,-13
122900048,14,27,-13
122900049,765,35,730
122900051,27,54,-27
122900052,8,28,-20
122900053,13,7,6
122900055,21,20,1
122900057,28,4,24
122900061,231,28,203
122900062,177,107,70
122900063,26,165,-139
122900064,444,210,234
122900065,112,68,44
122900066,143,107,36
122900067,613,222,391
122900069,69,180,-111
122900070,41,13,28
122900071,21,304,-283
122900072,17,391,-374
122900073,11,87,-76
122900074,19,340,-321
122900075,0,40,-40
122900076,2,99,-97
122900077,0,146,-146
122900078,3,107,-104
122900080,6,1,5
122900081,26,1,25
122900082,45,1,44
122900083,3,0,3
122900084,2,64,-62
122900086,4,2,2
122900087,10,400,-390
122900088,6,15,-9
122900089,1,52,-51
122900090,1,373,-372
122900091,0,0,0
122900092,0,42,-42
122900093,1,93,-92
122900094,1,66,-65
122900095,0,0,0
122900096,1,57,-56
122900097,0,0,0
122900098,22,26,-4
122900099,0,0,0
122900100,21,18,3
122900101,66,10,56
122900102,0,3,-3
122900103,6,0,6
122900104,2,0,2
122900105,1,0,1
122900106,0,51,-51
122900107,0,66,-66
122900108,1,66,-65
123000001,784,180,604
123000002,2426,985,1441
123000003,2055,1168,887
123000004,2438,2517,-79
123000005,659,933,-274
123000006,1858,1639,219
123000007,732,717,15
123000008,1368,2492,-1124
123000009,1597,1264,333
123000010,2749,2623,126
123000011,696,435,261
123000012,555,1630,-1075
123000013,952,401,551
123000014,940,2538,-1598
123000015,629,192,437
123000016,3898,1489,2409
123000017,1489,856,633
123000018,26,58,-32
123000019,46,188,-142
123000020,22,75,-53
123000021,13,71,-58
123000022,143,462,-319
123000023,543,565,-22
123000024,460,246,214
123000025,18,31,-13
123000026,6,106,-100
123000027,40,139,-99
123000028,415,31,384
123000029,668,140,528
123000030,47,566,-519
123000031,22,187,-165
123000032,41,114,-73
123000033,44,37,7
123000034,304,297,7
123000035,88,110,-22
123000036,110,163,-53
123000037,95,193,-98
123000038,75,187,-112
123000039,560,546,14
123000040,572,225,347
123000041,348,163,185
123000042,276,251,25
123000043,1172,1311,-139
123000044,2240,959,1281
123000045,5215,739,4476
123000046,384,254,130
123000047,1794,487,1307
123000048,18,112,-94
123000049,3333,1244,2089
123000050,307,416,-109
123000051,32,85,-53
123000052,357,700,-343
123000053,1874,1010,864
123000054,762,491,271
123000055,339,332,7
123000056,655,1154,-499
123000057,8024,2163,5861
123000058,237,228,9
123000059,106,195,-89
123000060,163,141,22
123000061,68,254,-186
123000063,248,250,-2
123000064,333,70,263
123000065,4189,1779,2410
123000066,687,363,324
123000067,167,273,-106
123000068,1807,1635,172
123000069,6772,2020,4752
123000070,116,303,-187
123000071,196,464,-268
123000072,488,943,-455
123000073,253,437,-184
123000074,393,1345,-952
123000075,119,266,-147
123000076,262,606,-344
123000077,1071,1941,-870
123000078,343,707,-364
123000079,279,838,-559
123000080,816,1433,-617
123000081,95,311,-216
123000082,180,640,-460
123000083,234,54,180
123000084,86,364,-278
123000085,17,83,-66
123000086,31,326,-295
123000087,35,338,-303
123000088,331,756,-425
123000089,126,361,-235
123000090,529,734,-205
123000091,759,514,245
123000092,700,589,111
123000094,106,107,-1
123000095,63,311,-248
123000096,94,204,-110
123000097,91,747,-656
123000098,192,221,-29
123000099,221,588,-367
123000100,263,203,60
123000101,283,144,139
123000102,189,211,-22
123000104,198,207,-9
123000105,411,334,77
123000106,355,131,224
123000107,265,356,-91
123000108,641,580,61
123000111,153,66,87
123000112,323,280,43
123000113,317,1063,-746
123000114,278,311,-33
123000115,51,148,-97
123000116,8,98,-90
123000117,487,1365,-878
123000118,174,626,-452
123000119,131,606,-475
123000120,144,491,-347
123000121,217,421,-204
123000122,177,189,-12
123000123,256,313,-57
123000124,338,319,19
123000125,298,281,17
123000126,804,653,151
123000127,1532,598,934
123000128,107,276,-169
123000129,23,14,9
123000130,21,10,11
123000131,158,160,-2
123000132,122,319,-197
123000133,135,234,-99
123000134,223,77,146
123000135,420,562,-142
123000136,93,820,-727
123000137,56,210,-154
123000138,26,283,-257
123000139,18,9,9
123000140,65,466,-401
123000141,58,4,54
123000142,469,587,-118
123000143,541,1633,-1092
123000144,6,9,-3
123000145,106,52,54
123000146,8,65,-57
123000147,19,59,-40
123000149,84,165,-81
123000150,50,74,-24
123000151,110,225,-115
123000152,34,166,-132
123000153,69,143,-74
123000154,1022,566,456
123000155,1252,395,857
123000156,14,42,-28
123000157,193,486,-293
123000158,314,233,81
123000159,1193,607,586
123000160,165,122,43
123000161,372,206,166
123000162,136,378,-242
123000163,46,13,33
123000164,174,48,126
123000165,99,1206,-1107
123000166,8,83,-75
123000167,47,146,-99
123000168,75,271,-196
123000169,78,24,54
123000170,1,270,-269
123000171,3,27,-24
123000172,66,449,-383
123000173,51,25,26
123000174,82,28,54
123000175,597,839,-242
123000176,126,24,102
123000177,156,683,-527
123000178,149,21,128
123000179,6,514,-508
123000180,583,119,464
123000181,153,947,-794
123000182,19,263,-244
123000183,75,76,-1
123000184,36,550,-514
123000185,66,155,-89
123000186,3,442,-439
123000187,58,0,58
123000188,23,1,22
123000189,39,164,-125
123000190,14,50,-36
123000192,7,294,-287
123000193,21,348,-327
123000194,283,142,141
123000195,40,4,36
123000196,94,6,88
123000197,27,55,-28
123000198,5,146,-141
123000199,3,344,-341
123000200,39,3,36
123000201,193,4,189
123000202,15,973,-958
123000203,192,5,187
123000204,22,1101,-1079
123000205,132,1426,-1294
123000206,364,35,329
123000207,37,693,-656
123000208,87,32,55
123000209,371,102,269
123000210,217,1038,-821
123000211,344,1698,-1354
123000212,386,97,289
123000213,90,16,74
123000215,70,35,35
123000216,73,45,28
123000217,39,1,38
123000218,59,125,-66
123000219,172,6,166
123000220,87,3,84
123000221,37,40,-3
123000222,95,198,-103
123000223,25,243,-218
123000224,139,358,-219
123000225,25,42,-17
123000226,4,291,-287
123000227,22,245,-223
123000228,18,30,-12
123000229,574,1193,-619
123000232,36,411,-375
123000233,114,23,91
123000234,58,425,-367
123000235,40,81,-41
123000236,77,623,-546
123000237,75,4,71
123000238,24,453,-429
123000239,171,1454,-1283
123000240,19,89,-70
123000241,309,42,267
123000242,33,114,-81
123000243,232,657,-425
123000244,345,316,29
123000245,23,124,-101
123000249,339,380,-41
123000252,144,30,114
123000253,104,88,16
123000254,138,541,-403
123000255,200,276,-76
123000256,17,181,-164
123000257,1694,1421,273
123000258,375,793,-418
123000259,96,212,-116
123000260,81,311,-230
123000261,31,109,-78
123000262,33,181,-148
123000263,113,49,64
123000264,95,17,78
123000265,22,121,-99
123000266,162,324,-162
123000267,45,81,-36
123000268,6,42,-36
123000269,21,12,9
123000270,15,17,-2
123000271,26,60,-34
123000272,293,103,190
123000273,31,157,-126
123000274,215,121,94
123000275,84,555,-471
123000278,1578,1270,308
123000279,16,42,-26
123000280,96,235,-139
123000281,64,38,26
123000282,30,159,-129
123000283,25,21,4
123000284,26,93,-67
123000286,155,121,34
123000287,312,176,136
123000288,117,114,3
123000289,134,135,-1
123000291,148,585,-437
123000294,147,258,-111
123000295,312,451,-139
123000296,94,212,-118
123000297,147,562,-415
123000298,100,384,-284
123000299,16,97,-81
123000300,187,253,-66
123000301,15,122,-107
123000302,29,121,-92
123000303,10,39,-29
123000305,602,538,64
123000306,7,213,-206
123000309,22,50,-28
123000310,32,17,15
123000311,2,111,-109
123000312,413,566,-153
123000313,76,80,-4
123000315,17,158,-141
123000316,394,172,222
123000317,54,18,36
123000318,21,223,-202
123000329,44,13,31
123000337,24,105,-81
123000338,87,38,49
123000339,34,313,-279
123000340,63,142,-79
123000342,0,122,-122
123000343,0,0,0
123000344,358,184,174
123000345,125,263,-138
123000346,29,17,12
123000352,1197,530,667
123000353,7,68,-61
123000354,35,2,33
123000355,0,230,-230
123000356,13,0,13
123000357,0,153,-153
123000359,1,168,-167
123000360,0,0,0
123000361,287,128,159
123000362,9,62,-53
123000363,5,169,-164
123000364,162,97,65
123000365,12,109,-97
123000366,112,415,-303
123000367,155,607,-452
123000370,4,199,-195
123000371,10,0,10
123000372,13,0,13
123000373,1,233,-232
123000374,7,101,-94
123000375,39,9,30
123000376,235,271,-36
123000377,22,5,17
123000378,1,263,-262
123000379,2,113,-111
123000380,39,97,-58
123000381,19,5,14
123000382,180,13,167
123000383,62,354,-292
123000384,72,20,52
123000385,198,399,-201
123000436,21,368,-347
123000507,112,115,-3
123000508,114,196,-82
123000517,176,13,163
123000518,23,160,-137
123000519,146,54,92
123000520,58,154,-96
123000521,146,58,88
123000522,135,282,-147
123000541,0,0,0
123000542,0,28,-28
123000565,151,8,143
123000566,29,705,-676
123000567,62,191,-129
123000573,28,749,-721
123000574,68,21,47
123000575,377,835,-458
123000576,114,1474,-1360
123000577,49,287,-238
123000578,184,39,145
123000579,1996,757,1239
123000580,71,7,64
123000582,20,2,18
123000583,6,298,-292
123000584,50,86,-36
123000585,0,52,-52
123000586,0,0,0
123000596,69,111,-42
123000597,32,46,-14
123000602,0,0,0
123000603,44,405,-361
123000604,123,751,-628
123000605,229,17,212
123000606,0,319,-319
123000609,8,196,-188
123000610,26,29,-3
123000613,65,116,-51
123000614,29,3,26
123000615,75,241,-166
123000616,31,5,26
123000617,37,474,-437
123000618,22,429,-407
123000619,52,4,48
123000620,20,442,-422
123000622,93,7,86
123000624,53,25,28
123000630,156,129,27
123000631,43,1314,-1271
123000632,808,666,142
123000633,0,112,-112
123000634,6,0,6
123000635,130,49,81
123000636,4,418,-414
123000637,34,6,28
123000638,118,41,77
123000639,201,364,-163
123000640,4,877,-873
123000648,29,14,15
123000649,57,585,-528
123900001,849,22,827
123900002,7,395,-388
123900003,103,205,-102
123900005,28,12,16
123900006,22,8,14
124000001,451,22,429
124000002,66,968,-902
124000003,66,57,9
124000004,41,463,-422
124000005,145,42,103
124000006,119,946,-827
124000007,111,12,99
124000008,4,221,-217
124000009,115,80,35
124000010,53,439,-386
124000011,100,57,43
124000012,107,919,-812
124000017,0,0,0
124000018,49,87,-38
124000019,0,0,0
124000020,23,187,-164
124000021,0,0,0
124000022,59,126,-67
124000023,602,615,-13
124000024,558,401,157
124000025,558,465,93
124000026,698,757,-59
124000027,2957,1121,1836
124000028,1968,2172,-204
124000030,2018,716,1302
124000031,293,155,138
124000032,3969,806,3163
124000033,409,83,326
124000034,843,845,-2
124000035,85,22,63
124000036,51,547,-496
124000037,94,105,-11
124000038,8,62,-54
124000039,312,83,229
124000040,238,235,3
124000041,63,13,50
124000042,26,200,-174
124000043,10,21,-11
124000044,24,240,-216
124000045,167,170,-3
124000046,85,589,-504
124000047,235,308,-73
124000048,158,1267,-1109
124000049,259,219,40
124000050,236,1554,-1318
124000051,111,171,-60
124000052,172,934,-762
124000053,133,305,-172
124000054,357,483,-126
124000055,471,426,45
124000056,2116,905,1211
124000057,255,170,85
124000058,223,1051,-828
124000059,140,223,-83
124000060,430,502,-72
124000061,576,1127,-551
124000062,5704,1047,4657
124000063,892,905,-13
124000064,1269,1226,43
124000065,86,166,-80
124000066,82,19,63
124000067,11,55,-44
124000068,4,46,-42
124000069,55,77,-22
124000070,52,411,-359
124000071,17,37,-20
124000072,66,360,-294
124000073,201,33,168
124000074,78,637,-559
124000075,0,0,0
124000076,8,164,-156
124000077,674,339,335
124000078,951,86,865
124000079,267,347,-80
124000080,22,47,-25
124000081,41,601,-560
124000082,1,22,-21
124000083,10,105,-95
124000084,18,51,-33
124000085,24,29,-5
124000086,4,36,-32
124000087,22,21,1
124000088,69,95,-26
124000089,128,119,9
124000090,30,308,-278
124000091,104,72,32
124000092,44,553,-509
124000093,44,24,20
124000094,23,209,-186
124000095,17,42,-25
124000096,39,152,-113
124000097,17,39,-22
124000098,35,114,-79
124000099,28,19,9
124000100,24,83,-59
124000101,23,77,-54
124000102,43,49,-6
124000103,13,25,-12
124000104,21,68,-47
124000105,10,17,-7
124000106,57,78,-21
124000107,4,50,-46
124000108,27,21,6
124000109,44,38,6
124000110,39,74,-35
124000111,69,103,-34
124000112,155,408,-253
124000113,26,39,-13
124000114,81,400,-319
124000115,156,545,-389
124000116,31,51,-20
124000117,56,35,21
124000118,17,45,-28
124000119,204,315,-111
124000120,72,257,-185
124000121,1319,376,943
124000122,501,630,-129
124000123,314,199,115
124000124,169,436,-267
124000125,176,193,-17
124000126,201,337,-136
124000127,209,168,41
124000128,206,690,-484
124000129,938,664,274
124000130,482,348,134
124000131,365,234,131
124000132,481,588,-107
124000133,182,273,-91
124000134,340,457,-117
124000135,665,481,184
124000136,549,641,-92
124000137,436,195,241
124000138,625,522,103
124000139,147,15,132
124000140,10,183,-173
124000141,129,15,114
124000142,14,241,-227
124000143,31,8,23
124000144,3,121,-118
124000145,12,24,-12
124000146,6,90,-84
124000148,5,9,-4
124000149,205,104,101
124000150,167,322,-155
124000151,225,99,126
124000152,327,629,-302
124000153,123,144,-21
124000154,166,573,-407
124000155,326,261,65
124000156,760,527,233
124000169,50,67,-17
124000170,350,219,131
124000171,14,66,-52
124000172,96,382,-286
124000173,54,163,-109
124000174,80,490,-410
124000175,1,81,-80
124000176,0,0,0
124000177,8,38,-30
124000178,0,0,0
124000190,72,11,61
124000191,153,19,134
124000192,190,44,146
124000193,127,841,-714
124000194,212,403,-191
124000195,68,289,-221
124000196,407,782,-375
124000197,31,20,11
124000198,1,14,-13
124000201,39,633,-594
124000202,3,48,-45
124000203,41,764,-723
124000204,5,267,-262
124000205,48,437,-389
124000206,20,234,-214
124000207,0,48,-48
124000209,97,416,-319
124000210,46,141,-95
124000211,27,0,27
124000212,1,403,-402
124000213,29,219,-190
124000214,7,398,-391
124000215,0,0,0
124000216,0,420,-420
124000329,26,1541,-1515
124000338,17,773,-756
124000339,61,16,45
124000341,116,23,93
124000344,7,5,2
124000357,297,388,-91
124000358,465,398,67
124000359,222,157,65
124000360,103,130,-27
124000361,400,274,126
124000362,691,1504,-813
124000363,147,460,-313
124000364,287,839,-552
124000365,484,912,-428
124000366,1529,887,642
124000367,72,352,-280
124000368,50,28,22
124000369,42,33,9
124000370,41,422,-381
124000402,3,3,0
124000403,13,2,11
124000404,6,93,-87
124000405,407,337,70
124000406,381,564,-183
124000407,0,29,-29
124000411,3,210,-207
124000412,37,7,30
124000413,54,39,15
124000414,24,94,-70
124000415,23,118,-95
124000416,54,215,-161
124000417,25,55,-30
124000418,16,56,-40
124000419,19,138,-119
124000420,7,52,-45
124000421,10,199,-189
124000422,6,12,-6
124000423,13,8,5
124000424,6,107,-101
124000425,27,2,25
124000426,4,150,-146
124000427,19,10,9
124000428,2,31,-29
124000429,5,77,-72
124000430,252,447,-195
124000431,95,476,-381
124000432,72,683,-611
124000439,1,3,-2
124000443,1,4,-3
124000445,211,62,149
124000446,1597,39,1558
124000447,13,14,-1
124900001,66,81,-15
124900002,42,246,-204
124900003,114,248,-134
124900004,75,197,-122
124900005,63,108,-45
124900006,104,143,-39
124900008,429,197,232
124900009,10,19,-9
124900010,20,5,15
124900011,44,52,-8
124900012,51,17,34
124900013,80,27,53
124900014,22,23,-1
124900015,17,13,4
124900016,2,5,-3
124900017,106,40,66
124900018,4,1,3
124900020,5,3,2
124900021,5,0,5
124900022,5,2,3
124900024,7,0,7
124900026,2,7,-5
124900027,13,58,-45
124900028,199,44,155
124900029,6,130,-124
124900030,0,48,-48
124900031,7,171,-164
124900032,73,101,-28
124900033,31,151,-120
124900034,4,54,-50
124900035,39,158,-119
124900036,0,20,-20
124900037,33,138,-105
124900038,211,247,-36
124900039,0,15,-15
124900040,22,32,-10
124900041,96,1003,-907
124900042,9,0,9
124900043,147,767,-620
124900044,4,2,2
124900045,242,389,-147
124900047,50,94,-44
124900048,79,60,19
124900050,60,113,-53
124900052,20,168,-148
124900053,9,209,-200
124900054,1546,155,1391
124900055,0,39,-39
124900057,0,37,-37
124900060,11,124,-113
124900061,14,0,14
124900062,0,2,-2
124900066,0,22,-22
124900067,3,94,-91
124900068,107,49,58
124900070,1,3,-2
124900072,14,3,11
124900075,18,148,-130
124900076,13,127,-114
124900077,23,72,-49
124900078,15,5,10
124900079,235,8,227
124900080,53,489,-436
124900081,150,73,77
124900082,117,796,-679
124900083,95,358,-263
124900085,753,117,636
124900086,11,205,-194
124900087,219,26,193
124900088,557,44,513
124900089,644,8,636
124900090,11,33,-22
124900091,65,238,-173
124900092,41,227,-186
124900093,7,20,-13
124900094,17,33,-16
124900095,14,54,-40
124900096,58,21,37
124900097,36,15,21
124900098,18,165,-147
124900099,127,96,31
124900100,2,3,-1
124900101,0,13,-13
124900102,17,0,17
124900103,14,147,-133
124900104,10,106,-96
124900105,12,70,-58
124900106,13,1,12
124900107,7,2,5
124900108,46,14,32
124900111,0,25,-25
124900112,42,427,-385
124900113,0,26,-26
124900114,3,11,-8
124900115,3,1,2
124900116,9,14,-5
124900117,214,33,181
124900118,30,6,24
124900119,74,23,51
124900120,7,214,-207
124900121,57,38,19
124900122,453,110,343
124900123,214,26,188
124900124,54,70,-16
204000001,1,5,-4
204000002,2,0,2
204000003,2,0,2
204000004,0,0,0
204000005,128,102,26
204000006,165,147,18
204000011,10,58,-48
204000012,9,182,-173
204000019,216,230,-14
204000020,160,389,-229
204000021,814,368,446
204000022,138,203,-65
204000023,185,953,-768
204000031,12,7,5
204000032,107,19,88
204000034,51,356,-305
204000035,0,9,-9
204000036,9,27,-18
204000037,4,12,-8
204000038,1,31,-30
204000039,2,56,-54
204000040,3,42,-39
204000041,5,38,-33
204000042,3,3,0
204000043,5,1,4
204000044,3,0,3
204000045,2,3,-1
204000046,0,3,-3
204000057,2,33,-31
204000062,19,238,-219
204000068,36,117,-81
204000069,16,109,-93
204000070,16,46,-30
204000080,15,36,-21
204000085,447,1029,-582
204000086,1790,1049,741
204000087,52,38,14
204000088,20,60,-40
204000090,42,430,-388
204000093,28,19,9
204000096,169,148,21
204000097,25,8,17
204000099,372,269,103
204000100,203,179,24
204000105,935,815,120
204000110,399,840,-441
204000111,281,565,-284
204000112,220,662,-442
204000113,148,596,-448
204000114,151,136,15
204000115,74,166,-92
204000116,120,238,-118
204000119,307,252,55
204000132,196,65,131
204000133,200,66,134
204000134,66,32,34
204000135,134,45,89
204000136,68,52,16
204000138,95,94,1
204000140,52,48,4
204000141,85,24,61
204000144,0,8,-8
204000145,120,6,114
204000146,97,309,-212
204000147,39,158,-119
204000148,135,3,132
204000154,0,1,-1
204000155,4,7,-3
204000177,22,34,-12
204000179,1,0,1
204000180,0,78,-78
204000222,0,8,-8
204000235,24,8,16
204000236,32,264,-232
204000238,2,3,-1
204000240,58,29,29
204000263,316,796,-480
204000268,288,131,157
204000308,6,0,6
204000317,27,34,-7
204000322,13,35,-22
204000323,1,2,-1
204000328,41,17,24
204000329,90,111,-21
204000330,29,17,12
204000331,121,140,-19
205000001,758,745,13
205000013,3,98,-95
205000014,18,119,-101
205000015,39,261,-222
205000016,12,199,-187
205000017,43,112,-69
205000022,243,443,-200
205000025,1409,639,770
205000029,50,9,41
205000045,21,130,-109
205000046,32,348,-316
205000047,38,317,-279
205000048,63,578,-515
205000049,50,425,-375
205000050,832,202,630
205000059,1,187,-186
205000060,0,36,-36
205000061,0,29,-29
205000062,0,23,-23
205000063,7,28,-21
205000064,14,80,-66
205000065,39,557,-518
205000066,23,721,-698
205000067,37,986,-949
205000069,267,45,222
205000082,15,15,0
205000110,21,121,-100
205000111,63,154,-91
205000112,6,8,-2
205000113,155,95,60
205000121,6,1,5
205000123,69,162,-93
205000126,0,0,0
205000127,0,0,0
205000128,0,0,0
205000129,0,0,0
205000130,0,0,0
205000131,0,0,0
205000132,0,0,0
205000133,0,0,0
205000134,0,0,0
205000137,99,93,6
205000138,203,188,15
205000139,17,64,-47
205000144,5,1,4
205000145,28,2,26
205000151,0,0,0
205000152,0,0,0
205000153,0,0,0
205000154,0,0,0
205000155,0,0,0
205000207,111,112,-1
205000233,0,0,0
205000234,0,0,0
205000243,0,0,0
205000244,0,1,-1
205000245,19,315,-296
205000249,0,21,-21
205000250,0,0,0
205000264,6,109,-103
206000027,0,0,0
206000028,0,0,0
206000043,28,162,-134
206000053,20,14,6
206000054,18,24,-6
206000055,2,45,-43
206000075,7,8,-1
206000076,19,17,2
206000077,8,7,1
206000078,10,18,-8
206000079,20,7,13
206000082,235,14,221
206000100,41,539,-498
206000103,13,20,-7
206000104,8,34,-26
206000105,11,30,-19
206000106,19,57,-38
206000125,16,0,16
206000157,292,749,-457
206000170,0,363,-363
206000171,3,288,-285
206000172,11,1147,-1136
206000173,0,365,-365
206000174,4,225,-221
206000175,3,284,-281
206000176,23,512,-489
206000177,8,293,-285
206000178,2,235,-233
206000179,4,138,-134
206000180,75,256,-181
206000181,11,320,-309
206000182,80,356,-276
206000183,54,955,-901
206000184,10,436,-426
206000185,14,395,-381
206000186,178,1652,-1474
206000223,8,343,-335
206000226,0,0,0
206000227,0,0,0
206000237,52,450,-398
206000238,88,665,-577
206000239,718,2230,-1512
206000240,2,77,-75
206000241,2,209,-207
206000242,4,635,-631
206000243,4,498,-494
206000244,74,1033,-959
206000245,221,36,185
206000246,25,4,21
206000247,34,13,21
206000248,58,12,46
206000252,60,46,14
206000258,12,28,-16
206000315,11,12,-1
206000317,103,36,67
206000318,34,34,0
206000319,163,56,107
206000320,30,15,15
206000321,36,8,28
206000322,93,11,82
206000323,33,15,18
206000324,29,11,18
206000325,50,17,33
206000326,25,8,17
206000327,52,8,44
206000328,55,5,50
206000329,53,4,49
206000330,19,13,6
206000331,28,3,25
206000332,7,0,7
206000333,79,0,79
206000334,66,0,66
206000335,0,19,-19
206000361,19,224,-205
206000392,2,69,-67
206000405,80,0,80
206000441,0,0,0
206000498,8,14,-6
206000515,310,48,262
206000530,24,11,13
206000531,32,10,22
206000532,279,39,240
206000535,299,1574,-1275
206000536,20,226,-206
206000537,10,143,-133
206000613,250,22,228
206000784,328,50,278
207000001,87,356,-269
207000002,22,277,-255
207000003,58,242,-184
207000007,144,65,79
207000008,17,9,8
207000009,43,31,12
207000010,399,608,-209
207000012,33,12,21
207000015,331,1519,-1188
207000019,107,58,49
207000021,193,115,78
207000022,43,52,-9
207000023,35,42,-7
207000024,3,9,-6
207000025,3,53,-50
207000026,59,63,-4
207000027,10,68,-58
207000028,49,208,-159
207000029,160,353,-193
207000033,152,126,26
207000034,101,34,67
207000039,6,7,-1
207000040,2,1,1
207000041,0,3,-3
207000042,1,1,0
207000043,0,0,0
207000051,38,303,-265
207000052,2,170,-168
207000053,284,767,-483
207000054,22,99,-77
207000055,44,184,-140
207000056,129,425,-296
207000057,78,270,-192
207000058,68,462,-394
207000059,31,786,-755
207000060,35,261,-226
207000061,31,58,-27
207000062,61,34,27
207000063,80,145,-65
207000064,215,135,80
207000065,117,175,-58
207000066,47,147,-100
207000067,11,89,-78
207000068,50,37,13
207000069,510,246,264
207000082,37,359,-322
207000083,69,347,-278
207000084,25,42,-17
207000085,67,15,52
207000086,54,6,48
207000106,0,0,0
207000107,0,0,0
207000108,0,0,0
207000109,0,0,0
207000110,0,0,0
207000111,0,0,0
207000112,0,0,0
207000114,10,27,-17
207000115,8,51,-43
207000116,12,162,-150
207000117,3,146,-143
207000118,0,83,-83
207000119,7,97,-90
207000123,0,0,0
207000124,0,0,0
207000125,0,0,0
207000126,0,0,0
207000134,22,286,-264
207000135,27,242,-215
207000148,0,0,0
207000149,48,42,6
207000152,92,351,-259
207000153,872,706,166
207000154,250,99,151
207000159,31,238,-207
207000160,58,646,-588
207000238,0,47,-47
207000242,1,99,-98
207000248,23,17,6
207000249,55,55,0
207000250,273,63,210
207000251,38,43,-5
207000252,13,67,-54
207000278,3,9,-6
207000279,7,236,-229
207000280,87,22,65
207000281,63,986,-923
207000282,28,10,18
207000283,49,120,-71
207000284,12,22,-10
207000285,99,25,74
207000291,8,76,-68
207000304,98,82,16
207000306,38,332,-294
207000310,0,0,0
207000353,0,0,0
207000356,1,4,-3
207000357,0,4,-4
207000358,0,0,0
207000415,7,108,-101
207000417,0,0,0
207000418,63,109,-46
207000438,0,3,-3
207000439,1090,264,826
207000446,0,0,0
207000460,4,14,-10
207000466,76,151,-75
207000467,2,4,-2
207000468,16,445,-429
207000476,1,51,-50
207000477,86,54,32
207000478,0,6,-6
207000523,0,15,-15
207000524,0,0,0
207000527,60,69,-9
207000530,0,0,0
207000531,0,0,0
207000532,0,0,0
207000534,0,0,0
207000535,61,103,-42
207000537,11,61,-50
207000540,7,86,-79
207000541,1,202,-201
207000548,2,159,-157
207000549,0,0,0
207000561,0,0,0
207000562,14,107,-93
207000567,98,238,-140
207000568,37,76,-39
207000569,47,852,-805
207000584,266,79,187
207000585,0,0,0
207000587,1,1,0
207000616,1,230,-229
207000617,8,0,8
207000624,0,0,0
207000631,0,0,0
207900008,44,180,-136
208000001,107,195,-88
208000002,64,146,-82
208000003,203,179,24
208000004,315,191,124
208000005,1,10,-9
208000019,42,206,-164
208000020,16,59,-43
208000021,61,317,-256
208000022,315,478,-163
208000028,656,332,324
208000033,178,379,-201
208000034,545,804,-259
208000037,0,0,0
208000040,8,75,-67
208000041,118,144,-26
208000042,95,115,-20
208000047,41,203,-162
208000064,739,238,501
208000066,231,93,138
208000070,40,172,-132
208000071,84,309,-225
208000072,90,370,-280
208000080,70,118,-48
208000081,57,84,-27
208000082,91,203,-112
208000083,51,264,-213
208000084,1,9,-8
208000085,403,432,-29
208000086,195,679,-484
208000087,71,453,-382
208000089,301,385,-84
208000090,270,735,-465
208000093,48,59,-11
208000094,199,327,-128
208000095,454,250,204
208000104,203,206,-3
208000105,161,257,-96
208000114,0,0,0
208000115,76,198,-122
208000116,43,420,-377
208000117,10,66,-56
208000118,17,64,-47
208000155,193,493,-300
208000158,1259,1450,-191
208000186,706,229,477
208000204,204,543,-339
208000205,407,825,-418
208000282,2397,534,1863
209000004,30,61,-31
209000005,7,14,-7
209000006,106,70,36
209000007,76,115,-39
209000010,199,90,109
209000011,87,131,-44
209000012,69,212,-143
209000013,91,588,-497
209000014,391,1412,-1021
209000025,83,40,43
209000026,284,38,246
209000027,159,984,-825
209000028,149,1090,-941
209000029,316,888,-572
209000030,190,1364,-1174
209000031,3041,1942,1099
209000034,145,247,-102
209000035,85,135,-50
209000036,69,119,-50
209000037,66,162,-96
209000038,75,132,-57
209000039,42,106,-64
209000040,162,502,-340
209000041,183,396,-213
209000042,177,368,-191
209000043,319,436,-117
209000044,250,314,-64
209000045,152,132,20
209000046,27,188,-161
209000047,40,106,-66
209000048,33,113,-80
209000049,66,176,-110
209000050,108,223,-115
209000051,104,320,-216
209000052,56,216,-160
209000062,12,165,-153
209000063,17,103,-86
209000064,9,160,-151
209000065,14,51,-37
209000066,7,50,-43
209000067,32,61,-29
209000080,8,136,-128
209000082,40,44,-4
209000091,19,31,-12
209000093,64,24,40
209000094,113,69,44
209000110,17,49,-32
209000111,209,423,-214
209000112,141,205,-64
209000113,272,183,89
209000114,86,138,-52
209000115,56,134,-78
209000116,699,428,271
209000118,11,22,-11
209000119,16,5,11
209000121,89,593,-504
209000135,57,91,-34
209000142,683,282,401
209000143,21,45,-24
209000144,11,15,-4
209000229,20,77,-57
209000240,29,352,-323
209000259,82,100,-18
209000260,24,720,-696
209000261,1,395,-394
209000262,3,353,-350
209000263,1,73,-72
209000264,0,26,-26
209000265,0,0,0
209000266,0,0,0
209000267,0,0,0
209000268,0,0,0
210000037,17,4,13
210000047,2,2,0
210000048,3,7,-4
210000049,6,5,1
210000052,3,103,-100
210000053,13,65,-52
210000054,33,58,-25
210000070,0,0,0
210000071,0,0,0
210000072,0,0,0
210000073,0,35,-35
210000074,0,57,-57
210000075,0,27,-27
210000076,5,104,-99
210000077,5,21,-16
210000078,33,34,-1
210000079,1,1,0
210000080,7,3,4
210000081,13,0,13
210000082,9,0,9
210000083,24,0,24
210000084,2,0,2
210000085,0,44,-44
210000086,4,98,-94
210000099,19,179,-160
210000100,77,207,-130
210000101,33,214,-181
210000105,31,103,-72
210000159,2,81,-79
210000163,180,171,9
210000164,123,26,97
210000168,39,7,32
210000187,0,3,-3
210000188,0,18,-18
210000214,0,0,0
210000219,3,11,-8
210000220,5,13,-8
210000232,1,15,-14
210000233,5,29,-24
210000234,19,111,-92
210000235,10,144,-134
210000245,0,20,-20
210000246,1,0,1
210000258,5,116,-111
210000259,16,1,15
210000282,17,89,-72
210000285,0,65,-65
210000286,5,117,-112
210000290,0,0,0
210000295,21,95,-74
210000296,64,49,15
210000320,39,23,16
210000321,5,20,-15
210000338,17,88,-71
210000339,488,462,26
210000340,80,138,-58
210000341,102,119,-17
210000342,66,121,-55
210000343,93,136,-43
210000344,60,64,-4
210000345,117,32,85
210000346,20,26,-6
210000347,5,9,-4
210000348,36,12,24
210000349,18,9,9
210000350,23,57,-34
210000351,27,77,-50
210000352,25,63,-38
210000353,35,79,-44
210000354,25,78,-53
210000355,12,56,-44
210000356,5,27,-22
210000357,15,20,-5
210000358,132,38,94
210000359,27,21,6
210000360,62,46,16
210000361,31,42,-11
210000362,45,45,0
210000363,228,28,200
210000364,25,17,8
210000365,13,6,7
210000366,9,7,2
210000367,5,6,-1
210000368,19,5,14
210000369,11,11,0
210000370,10,18,-8
210000372,0,15,-15
210000373,2,3,-1
210000374,9,3,6
210000375,9,54,-45
210000376,10,89,-79
210000404,91,131,-40
210000439,4,6,-2
210000472,27,0,27
210000482,30,7,23
210000564,146,21,125
210000567,0,7,-7
210000568,97,0,97
211000092,3,45,-42
211000094,2,7,-5
211000169,113,3,110
211000172,3,78,-75
211000209,0,6,-6
211000226,2,6,-4
211000270,4,16,-12
211000275,16,11,5
211000276,28,7,21
211000279,3,28,-25
211000281,3,39,-36
211000302,6,78,-72
211507980,0,10,-10
211977296,0,3,-3
212000003,17,23,-6
212000004,2,14,-12
212000005,13,21,-8
212000006,10,64,-54
212000008,77,218,-141
212000009,15,124,-109
212000012,23,55,-32
212000013,2,41,-39
212000014,125,144,-19
212000015,87,189,-102
212000016,317,383,-66
212000027,185,154,31
212000028,84,94,-10
212000029,46,71,-25
212000030,16,19,-3
212000031,13,43,-30
212000048,21,52,-31
212000049,11,17,-6
212000050,12,5,7
212000051,106,138,-32
212000052,83,310,-227
212000053,275,515,-240
212000054,43,61,-18
212000055,64,118,-54
212000056,1,4,-3
212000057,0,6,-6
212000058,66,9,57
212000070,75,222,-147
212000077,92,512,-420
212000099,67,114,-47
212000108,46,68,-22
212000111,40,52,-12
212000120,78,112,-34
212000138,41,18,23
212000156,3,103,-100
212000158,5,6,-1
212000159,62,28,34
212000160,117,107,10
212000161,7,8,-1
212000310,5,26,-21
212000311,0,13,-13
212000374,7,11,-4
213000001,8,374,-366
213000005,61,32,29
213000006,242,38,204
213000007,8,0,8
213000009,65,23,42
213000010,24,13,11
213000011,30,12,18
213000012,47,166,-119
213000014,6,1,5
213000015,21,1,20
213000016,13,0,13
213000017,1,3,-2
213000018,2,125,-123
213000019,0,103,-103
213000020,52,216,-164
213000021,3,57,-54
213000023,0,0,0
213000033,112,347,-235
213000034,82,88,-6
213000035,20,26,-6
213000045,38,196,-158
213000046,67,115,-48
213000047,311,336,-25
213000056,8,1,7
213000069,20,2,18
213000073,0,6,-6
213000074,90,366,-276
213000075,40,2,38
213000076,0,0,0
213000085,3,27,-24
213000086,27,100,-73
213000091,0,0,0
213000092,0,0,0
213000099,69,506,-437
213000100,175,5,170
213000101,5,104,-99
213000102,10,297,-287
213000103,94,405,-311
213000104,53,341,-288
213000105,6,54,-48
213000106,4,180,-176
213000107,45,540,-495
213000108,15,444,-429
213000109,1,192,-191
213000110,3,38,-35
213000111,1,44,-43
213000112,79,98,-19
213000115,0,0,0
213000116,55,362,-307
213000117,4,505,-501
213000118,81,178,-97
213000119,20,536,-516
213000120,35,441,-406
213000122,125,480,-355
213000123,498,665,-167
213000124,24,938,-914
213000125,1,0,1
213000126,7,47,-40
213000127,82,93,-11
213000128,477,321,156
213000129,0,0,0
213000130,10,8,2
213000132,8,1,7
213000133,4,0,4
213000134,20,7,13
213000136,63,8,55
213000137,145,18,127
213000139,79,1,78
213000147,1,0,1
213000148,1,5,-4
213000149,2,13,-11
213000150,0,75,-75
213000151,1,71,-70
213000152,0,40,-40
213000153,0,38,-38
213000154,7,205,-198
213000155,14,276,-262
213000156,37,408,-371
213000157,455,399,56
213000158,143,385,-242
213000159,109,143,-34
213000163,29,3,26
213000165,65,4,61
213000171,0,122,-122
213000172,2,215,-213
213000173,0,182,-182
213000174,1,176,-175
213000175,0,90,-90
213000176,0,0,0
213000177,0,0,0
213000178,0,0,0
213000179,0,0,0
213000180,0,0,0
213000184,45,216,-171
213000188,28,26,2
213000189,19,8,11
213000190,205,323,-118
213000191,18,284,-266
213000192,35,393,-358
213000193,1012,90,922
213000194,1,11,-10
213000195,5,293,-288
213000196,53,495,-442
213000197,38,14,24
213000198,3,0,3
213000200,72,813,-741
213000201,103,57,46
213000202,4,503,-499
213000203,639,72,567
213000204,73,4,69
213000205,15,6,9
213000206,21,4,17
213000207,6,0,6
213000208,2,0,2
213000209,0,0,0
213000210,9,0,9
213000211,1,3,-2
213000212,1,9,-8
213000213,1,27,-26
213000218,49,587,-538
213000219,0,0,0
213000220,0,0,0
213000223,110,42,68
213000224,3,7,-4
213000225,12,0,12
213000226,3,0,3
213000227,96,37,59
213000228,21,22,-1
213000229,116,8,108
213000230,47,3,44
213000232,24,306,-282
213000233,0,11,-11
213000234,0,10,-10
213000293,0,22,-22
213000294,7,3,4
213000295,4,61,-57
213000296,18,0,18
213000297,1,48,-47
213000298,14,65,-51
213000299,17,9,8
213000300,1,0,1
213000303,0,34,-34
213000304,3,6,-3
213000305,1,2,-1
213000306,14,13,1
213000307,18,26,-8
213000308,49,215,-166
213000309,31,9,22
213000310,57,4,53
213000311,150,364,-214
213000315,24,112,-88
213000316,9,26,-17
213000322,21,100,-79
213000323,8,47,-39
213000324,3,47,-44
213000325,16,44,-28
213000326,2,9,-7
213000327,2,19,-17
213000328,2,60,-58
213000329,13,9,4
213000340,48,628,-580
213000341,7,3,4
213000346,32,11,21
213000347,182,18,164
213000348,3,111,-108
213000349,3,3,0
213000350,106,1074,-968
213000366,22,167,-145
213000367,27,11,16
213000379,14,109,-95
213000386,3,131,-128
213000406,36,176,-140
213000417,219,88,131
213000425,42,20,22
213000426,44,45,-1
213000427,9,297,-288
213000428,13,185,-172
213000429,2,0,2
213000430,23,576,-553
213000431,41,0,41
213000432,0,3,-3
213000433,6,106,-100
213000434,17,28,-11
213000435,21,33,-12
213000436,3,30,-27
213000437,0,7,-7
213000438,17,31,-14
213000439,5,3,2
213000440,3,99,-96
213000441,1,0,1
213000442,0,25,-25
213000443,153,75,78
213000444,5,58,-53
213000445,0,38,-38
213000446,0,4,-4
213000447,0,5,-5
213000448,2,12,-10
213000449,37,0,37
213000450,2,21,-19
213000451,4,16,-12
213000452,3,7,-4
213000453,21,165,-144
213000455,25,0,25
213000456,0,38,-38
213000481,7,6,1
213000482,52,0,52
213000489,145,5,140
213000491,2,39,-37
213000492,9,0,9
213000493,1,10,-9
213000494,6,3,3
213000495,0,86,-86
213000496,2,3,-1
213000497,12,171,-159
213000498,52,194,-142
213000499,61,451,-390
213000500,36,0,36
213000501,4,1,3
213000502,9,8,1
213000503,0,38,-38
213000504,3,112,-109
213000505,0,4,-4
213000506,0,14,-14
213000507,2,120,-118
213900244,0,0,0
213900245,0,31,-31
218000003,7,13,-6
218000004,8,16,-8
218000005,3,4,-1
218000006,14,56,-42
218000007,6,14,-8
218000012,176,64,112
218000013,57,127,-70
218000014,365,199,166
218000019,637,214,423
218000020,178,248,-70
218000021,5,36,-31
218000022,0,14,-14
218000023,0,24,-24
218000024,1,12,-11
218000025,3,22,-19
218000026,2,20,-18
218000027,1,5,-4
218000028,0,6,-6
218000029,1,2,-1
218000030,1,10,-9
218000031,0,11,-11
218000032,0,7,-7
218000040,0,2,-2
218000046,17,139,-122
218000047,2,148,-146
218000048,22,210,-188
218000049,57,113,-56
218000050,146,206,-60
218000051,30,281,-251
218000052,0,27,-27
218000053,0,13,-13
218000054,12,14,-2
218000055,2,16,-14
218000056,6,14,-8
218000057,0,17,-17
218000064,0,0,0
218000065,40,19,21
218000066,14,54,-40
218000067,13,70,-57
218000068,29,80,-51
218000069,33,138,-105
218000070,115,239,-124
218000071,137,202,-65
218000072,227,176,51
218000078,332,930,-598
218000079,34,37,-3
218000080,25,46,-21
218000081,101,154,-53
218000082,8,108,-100
218000083,4,64,-60
218000084,79,189,-110
218000085,143,396,-253
218000086,40,126,-86
218000087,92,170,-78
218000090,15,38,-23
218000091,308,181,127
218000092,32,137,-105
218000093,72,96,-24
218000094,311,563,-252
218000099,169,246,-77
218000100,136,197,-61
218000101,140,80,60
218000102,110,181,-71
218000103,38,142,-104
218000104,29,36,-7
218000105,5,2,3
218000106,11,11,0
218000107,14,100,-86
218000108,3,41,-38
218000112,20,10,10
218000117,16,53,-37
218000134,227,492,-265
218000135,15,66,-51
218000136,46,35,11
218000137,51,141,-90
218000138,1,49,-48
218000139,15,228,-213
218000140,67,138,-71
218000141,17,29,-12
218000142,37,96,-59
218000143,10,108,-98
218000144,6,42,-36
218000145,109,276,-167
218000146,19,87,-68
218000151,12,13,-1
218000152,25,56,-31
218000153,1,8,-7
218000154,3,1,2
218000155,10,3,7
218000156,43,23,20
218000157,1,32,-31
218000158,0,9,-9
218000159,2,6,-4
218000160,1,5,-4
218000161,13,4,9
218000162,11,26,-15
218000163,3,4,-1
218000164,23,7,16
218000165,31,31,0
218000170,3,35,-32
218000171,21,10,11
218000172,12,4,8
218000173,4,14,-10
218000174,4,7,-3
218000176,72,22,50
218000177,281,40,241
218000178,81,45,36
218000179,85,48,37
218000180,71,20,51
218000181,85,4,81
218000187,1,16,-15
218000188,8,22,-14
218000189,3,22,-19
218000190,3,20,-17
218000191,29,58,-29
218000192,53,487,-434
218000193,194,431,-237
218000194,43,311,-268
218000195,68,73,-5
218000196,134,216,-82
218000197,74,278,-204
218000198,2,116,-114
218000199,15,30,-15
218000200,9,26,-17
218000201,6,19,-13
218000202,178,140,38
218000207,7,33,-26
218000208,13,28,-15
218000211,11,15,-4
218000212,0,1,-1
218000213,42,28,14
218000214,2,5,-3
218000215,11,85,-74
218000217,0,72,-72
218000218,149,68,81
218000219,1,11,-10
218000220,41,154,-113
218000221,89,78,11
218000222,14,23,-9
218000223,124,134,-10
218000224,7,53,-46
218000225,170,28,142
218000226,58,45,13
218000230,0,0,0
218000232,13,39,-26
218000239,0,0,0
218000240,0,0,0
218000241,0,0,0
218000242,0,0,0
218000243,0,0,0
218000244,0,0,0
218000245,0,0,0
218000246,0,0,0
218000247,0,0,0
218000248,0,15,-15
218000249,1,0,1
218000250,0,21,-21
218000251,0,18,-18
218000252,1,20,-19
218000253,0,2,-2
218000254,0,11,-11
218000255,0,5,-5
218000256,2,40,-38
218000267,465,596,-131
218000268,0,23,-23
218000269,1,11,-10
218000270,39,97,-58
218000271,12,79,-67
218000273,5,5,0
218000274,7,6,1
218000275,11,18,-7
218000276,12,48,-36
218000278,43,21,22
218000279,36,60,-24
218000280,23,55,-32
218000281,2,15,-13
218000282,140,49,91
218000284,32,5,27
218000301,13,74,-61
218000302,38,24,14
218000303,4,33,-29
218000316,411,696,-285
218000317,372,743,-371
218000318,182,676,-494
218000319,418,1276,-858
218000320,340,678,-338
218000338,3,17,-14
218000345,67,57,10
218000346,4,18,-14
218000459,34,191,-157
218000490,5,23,-18
218000501,18,16,2
218000502,19,107,-88
218000503,39,3,36
218000504,57,4,53
218000505,18,128,-110
218000506,48,83,-35
218000508,0,2,-2
218000510,128,17,111
218000520,55,72,-17
218000521,4,51,-47
218000522,0,124,-124
218000523,16,15,1
218000524,46,47,-1
218000525,5,11,-6
218000526,27,51,-24
218000529,13,185,-172
218000530,2,9,-7
218000531,7,20,-13
218000532,5,10,-5
218000534,4,5,-1
218000537,5,7,-2
218000538,41,82,-41
218000540,165,48,117
218000543,65,36,29
218000544,27,98,-71
218000545,16,30,-14
218000546,21,95,-74
218000547,33,74,-41
218000548,44,135,-91
218000549,181,50,131
218000550,203,416,-213
218000551,102,187,-85
218000552,117,30,87
218000553,5,40,-35
218000554,8,20,-12
218000555,5,33,-28
218000556,52,325,-273
218000557,118,64,54
218000558,1,0,1
218000559,0,11,-11
218000560,0,12,-12
218000561,0,0,0
218000562,11,125,-114
218000563,18,9,9
218000564,3,63,-60
218000565,14,5,9
218000566,56,7,49
218000567,3,41,-38
218000568,0,0,0
218000569,3,62,-59
218000570,4,4,0
218000571,0,55,-55
218000572,0,0,0
218000573,0,7,-7
218000574,2,16,-14
218000575,0,0,0
218000576,2,52,-50
218000577,0,0,0
218000578,0,44,-44
218000579,14,0,14
218000581,4,46,-42
218000582,1,0,1
218000583,1,0,1
218000584,0,12,-12
218000585,4,1,3
218000586,0,30,-30
218000587,0,0,0
218000588,0,1,-1
218000589,0,0,0
218000590,0,0,0
218000591,0,24,-24
218000592,0,2,-2
218000593,0,0,0
218000594,0,1,-1
218000597,0,0,0
218000598,0,0,0
218000599,0,0,0
218000600,0,0,0
218000601,0,0,0
218000602,0,0,0
218000603,0,1,-1
218000604,0,0,0
218000605,0,10,-10
218000606,3,0,3
218000607,8,22,-14
218000608,5,1,4
218000609,0,25,-25
218000610,0,0,0
218000611,2,1,1
218000612,1,12,-11
218000613,3,0,3
218000614,0,26,-26
218000615,17,1,16
218000616,0,106,-106
218000617,3,0,3
218000618,0,14,-14
218000619,12,6,6
218000620,3,8,-5
218000621,0,0,0
218000622,0,3,-3
218000623,1,0,1
218000624,0,3,-3
218000625,0,0,0
218000626,0,20,-20
218000628,20,13,7
218000631,0,2,-2
218000632,0,28,-28
218000633,0,0,0
218000634,1,5,-4
218000635,1,4,-3
218000636,362,1028,-666
218000637,310,408,-98
218000638,43,12,31
218000639,8,220,-212
218000640,8,3,5
218000641,11,268,-257
218000652,68,74,-6
218000653,169,99,70
218000663,3,78,-75
218000675,9,12,-3
218000676,1,19,-18
218000677,5,1,4
218000680,94,355,-261
218000681,19,4,15
218000691,31,337,-306
218000693,4,3,1
218000703,1,18,-17
218000718,83,167,-84
218000719,14,33,-19
218000720,4,17,-13
218000721,3,2,1
218000725,0,2,-2
218001147,3,224,-221
218001214,10,14,-4
218001258,27,1,26
218001329,0,3,-3
218001330,91,61,30
218001351,0,2,-2
218001352,1,9,-8
218001353,0,0,0
218001354,0,5,-5
218001355,19,279,-260
218001356,53,2,51
218001357,6,248,-242
218001358,36,1,35
218001361,20,0,20
218001362,1,219,-218
219000001,16,54,-38
219000002,18,61,-43
219000003,86,32,54
219000004,61,71,-10
219000017,41,14,27
219000020,89,9,80
219000022,37,2,35
219000023,57,0,57
219000029,0,69,-69
219000034,0,2,-2
219000039,33,50,-17
219000040,12,12,0
219000041,32,18,14
219000051,0,50,-50
219000052,0,14,-14
219000053,0,219,-219
219000054,13,115,-102
219000055,25,0,25
219000056,1,1,0
219000057,18,0,18
219000062,5,204,-199
219000063,12,6,6
219000064,0,27,-27
219000110,91,21,70
219000111,68,23,45
219000112,123,36,87
219000113,44,26,18
219000114,198,15,183
219000116,71,29,42
219000117,115,85,30
219000118,59,57,2
219000123,163,75,88
219000124,16,40,-24
219000125,5,27,-22
219000126,30,66,-36
219000127,0,8,-8
219000128,21,95,-74
219000129,22,119,-97
219000130,1231,660,571
219000131,1505,815,690
219000133,19,21,-2
219000134,13,13,0
219000135,34,50,-16
219000136,140,152,-12
219000138,18,22,-4
219000139,20,56,-36
219000140,17,1,16
219000141,10,105,-95
219000142,3,77,-74
219000143,8,77,-69
219000145,2,15,-13
219000146,9,51,-42
219000147,0,75,-75
219000148,1,64,-63
219000149,16,185,-169
219000150,1,95,-94
219000151,2,94,-92
219000157,89,69,20
219000158,114,203,-89
219000161,96,17,79
219000163,976,270,706
219000166,24,139,-115
219000167,55,212,-157
219000168,144,30,114
219000174,133,71,62
219000175,53,1,52
219000176,25,4,21
219000177,0,2,-2
219000178,4,2,2
219000179,13,6,7
219000180,24,32,-8
219000182,9,2,7
219000183,7,27,-20
219000184,8,1,7
219000185,2,79,-77
219000186,1,31,-30
219000187,4,111,-107
219000189,107,117,-10
219000190,134,157,-23
219000191,965,483,482
219000192,94,138,-44
219000193,498,174,324
219000195,2,31,-29
219000196,12,97,-85
219000198,10,133,-123
219000199,49,143,-94
219000200,23,120,-97
219000201,69,176,-107
219000203,1,78,-77
219000204,39,120,-81
219000205,36,160,-124
219000207,64,147,-83
219000209,16,66,-50
219000210,17,94,-77
219000213,12,169,-157
219000239,94,144,-50
219000240,96,185,-89
219000241,27,149,-122
219000242,29,165,-136
219000243,43,276,-233
219000244,0,111,-111
219000245,7,23,-16
219000246,3,3,0
219000247,25,13,12
219000248,182,32,150
219000249,17,7,10
219000250,13,7,6
219000251,131,9,122
219000252,0,0,0
219000253,0,0,0
219000255,11,37,-26
219000256,37,36,1
219000257,0,0,0
219000262,42,224,-182
219000263,38,219,-181
219000267,1,131,-130
219000268,4,4,0
219000269,6,3,3
219000270,3,1,2
219000271,86,2,84
219000278,2,12,-10
219000279,1,6,-5
219000283,1,5,-4
219000295,13,91,-78
219000296,48,368,-320
219000297,4,126,-122
219000298,8,178,-170
219000299,113,12,101
219000300,13,306,-293
219000301,79,262,-183
219000302,11,131,-120
219000307,8,53,-45
219000308,60,16,44
219000311,16,17,-1
219000312,84,12,72
219000313,71,6,65
219000314,101,374,-273
219000315,11,6,5
219000316,38,1,37
219000317,12,1,11
219000320,1,41,-40
219000321,0,15,-15
219000323,6,70,-64
219000325,1,34,-33
219000326,38,128,-90
219000327,39,27,12
219000328,18,30,-12
219000329,306,100,206
219000330,17,24,-7
219000331,28,39,-11
219000332,30,32,-2
219000333,4,8,-4
219000335,7,1,6
219000337,0,0,0
219000338,0,0,0
219000344,14,60,-46
219000345,120,167,-47
219000346,15,133,-118
219000348,52,138,-86
219000349,14,210,-196
219000350,36,64,-28
219000351,2,0,2
219000352,148,36,112
219000353,96,70,26
219000354,48,111,-63
219000355,39,36,3
219000356,1231,235,996
219000363,247,36,211
219000364,109,29,80
219000365,84,12,72
219000366,479,90,389
219000368,311,179,132
219000370,604,117,487
219000371,6,10,-4
219000382,3,16,-13
219000383,456,418,38
219000385,484,351,133
219000386,816,836,-20
219000387,0,1,-1
219000390,14,0,14
219000391,13,0,13
219000397,82,79,3
219000398,58,31,27
219000401,6,55,-49
219000402,11,66,-55
219000403,30,64,-34
219000404,11,38,-27
219000407,4,13,-9
219000409,0,0,0
219000410,0,0,0
219000411,0,0,0
219000446,176,297,-121
219000447,0,22,-22
219000448,0,0,0
219000452,37,31,6
219000453,31,58,-27
219000454,191,107,84
219000556,29,4,25
219000558,84,252,-168
219000590,14,122,-108
219000591,7,5,2
219000592,60,314,-254
219000595,2,37,-35
219000635,7,3,4
219000636,2,84,-82
219000657,11,16,-5
219000658,9,44,-35
219000673,0,21,-21
219000676,0,3,-3
219000679,12,15,-3
219000684,17,3,14
219000685,0,79,-79
219000686,3,1,2
219000688,2,103,-101
219000689,78,126,-48
219000690,0,0,0
219000691,45,60,-15
219000692,7,13,-6
219000693,0,34,-34
219000694,3,0,3
219000695,0,0,0
219000698,0,0,0
219000699,0,15,-15
219000727,0,172,-172
219000728,38,0,38
219000770,0,0,0
219000771,0,25,-25
219000788,153,125,28
219001150,0,3,-3
219001151,0,4,-4
219001166,0,0,0
219001167,2,37,-35
219001178,14,0,14
220000001,4,14,-10
220000002,7,80,-73
220000003,170,256,-86
220000004,290,417,-127
220000005,779,1009,-230
220000006,85,626,-541
220000007,159,652,-493
220000008,86,838,-752
220000009,129,350,-221
220000010,38,84,-46
220000011,305,492,-187
220000012,58,51,7
220000014,26,50,-24
220000015,10,41,-31
220000017,8,211,-203
220000018,1944,195,1749
220000019,29,118,-89
220000020,45,125,-80
220000021,225,99,126
220000022,283,311,-28
220000023,86,110,-24
220000024,779,232,547
220000025,246,255,-9
220000026,167,75,92
220000027,5,55,-50
220000028,23,38,-15
220000029,41,77,-36
220000030,31,72,-41
220000031,47,158,-111
220000064,4,282,-278
221000046,6,0,6
221000047,0,0,0
221000048,0,0,0
221000049,0,6,-6
221000050,2,0,2
221000055,16,26,-10
221000057,41,5,36
221000068,221,55,166
221000069,137,28,109
221000070,78,18,60
221000071,15,9,6
221000072,100,12,88
221000073,47,31,16
221000074,0,3,-3
221000075,7,19,-12
221000076,7,53,-46
221000077,13,71,-58
221000081,5,2,3
221000082,24,2,22
221000083,15,3,12
221000084,3,1,2
221000085,14,47,-33
221000086,19,138,-119
221000087,1,122,-121
221000088,15,93,-78
221000089,25,131,-106
221000090,177,296,-119
221000098,37,11,26
221000099,118,11,107
221000100,38,3,35
221000101,115,3,112
221000102,64,9,55
221000109,9,71,-62
221000110,6,115,-109
221000111,18,126,-108
221000112,4,113,-109
221000113,9,151,-142
221000114,9,148,-139
221000120,1,20,-19
221000121,1,8,-7
221000122,8,5,3
221000123,22,33,-11
221000124,7,170,-163
221000155,18,0,18
221000156,6,7,-1
221000175,0,3,-3
221000176,0,0,0
221000182,27,1,26
221000241,480,94,386
221000242,225,222,3
221000243,219,43,176
221000244,114,242,-128
221000245,21,77,-56
221000246,17,150,-133
221000247,35,117,-82
221000248,20,131,-111
221000267,17,399,-382
221000325,20,29,-9
221000331,1,30,-29
221000338,0,2,-2
221000378,42,8,34
221000381,34,60,-26
222000282,1,0,1
222000296,1,3,-2
222000568,51,8,43
222000569,13,1,12
222000570,7,0,7
222000571,18,4,14
222000577,5,141,-136
222000578,5,126,-121
222000579,17,50,-33
222000580,75,518,-443
222000599,0,95,-95
222000600,0,211,-211
222000601,6,638,-632
222000603,2,10,-8
222000604,3,19,-16
222000605,0,8,-8
222000606,0,3,-3
222000607,0,5,-5
222000608,3,9,-6
222000609,16,305,-289
222000616,7,1,6
222000617,0,0,0
222000618,0,0,0
222000620,0,0,0
222000621,0,0,0
222000623,0,0,0
222000624,0,0,0
222000625,0,38,-38
222000636,19,1,18
222000686,0,0,0
222000687,0,0,0
222001066,44,0,44
222001067,0,5,-5
222001068,1,5,-4
222001069,0,17,-17
222001082,0,33,-33
222001083,2,33,-31
222001084,0,42,-42
222001085,1,106,-105
222001111,4,172,-168
222001112,4,4,0
222001313,0,0,0
222001314,1,54,-53
222001464,6,8,-2
222001465,4,190,-186
222001484,0,0,0
222001485,14,72,-58
222001494,20,20,0
222001495,47,344,-297
222001496,16,21,-5
222001497,54,454,-400
222001502,18,84,-66
222001503,0,0,0
222001504,12,208,-196
222001505,0,0,0
222001506,20,150,-130
222001507,0,0,0
222001510,0,0,0
222001511,23,260,-237
222001514,0,0,0
222001515,92,457,-365
222001518,0,0,0
222001519,18,300,-282
222001527,0,0,0
222001528,24,94,-70
222001529,0,0,0
222001530,16,170,-154
222001533,106,286,-180
222001534,0,0,0
222001535,9,21,-12
222001536,53,292,-239
222001537,0,0,0
222001538,25,347,-322
222001563,0,0,0
222001564,19,561,-542
222001568,9,30,-21
222001576,0,0,0
222001579,0,0,0
222001583,12,227,-215
222001584,0,6,-6
222001596,139,899,-760
222001597,30,17,13
222001626,2,140,-138
222001650,14,21,-7
222001651,4,51,-47
222001914,0,0,0
222001915,27,123,-96
222001968,66,36,30
222001969,297,562,-265
222001970,6,72,-66
222001971,0,9,-9
222001972,0,16,-16
225000001,73,14,59
225000002,97,16,81
225000003,102,10,92
225000004,79,20,59
225000005,6,4,2
225000006,0,86,-86
225000007,2435,643,1792
225000010,54,1,53
225000011,117,137,-20
225000012,16,61,-45
225000013,6,16,-10
225000014,55,3,52
225000015,62,129,-67
225000021,43,37,6
225000027,145,287,-142
225000032,95,15,80
225000042,34,468,-434
225000049,17,38,-21
225000050,42,2,40
225000053,2,60,-58
225000058,43,21,22
225000067,58,197,-139
225000068,41,368,-327
225000069,63,327,-264
225000070,63,321,-258
225000071,9,196,-187
225000075,16,513,-497
225000076,24,64,-40
225000078,16,9,7
225000085,0,0,0
225000086,0,0,0
225000087,0,0,0
225000088,6,67,-61
225000089,232,330,-98
225000090,7,186,-179
225000091,24,154,-130
225000092,7,57,-50
225000093,58,315,-257
225000094,10,360,-350
225000095,145,377,-232
225000096,45,244,-199
225000098,129,67,62
225000099,76,40,36
225000100,64,51,13
225000104,14,301,-287
225000110,5,282,-277
225000111,79,634,-555
225000112,94,558,-464
225000113,36,412,-376
225000114,19,174,-155
225000115,1923,248,1675
225000116,178,25,153
225000117,89,40,49
225000118,117,19,98
225000119,30,10,20
225000120,27,10,17
225000121,87,3,84
225000123,41,0,41
225000125,42,102,-60
225000126,421,78,343
225000127,623,159,464
225000128,91,112,-21
225000132,96,12,84
225000133,102,20,82
225000134,261,33,228
225000135,18,9,9
225000136,42,5,37
225000137,24,28,-4
225000138,186,11,175
225000143,46,80,-34
225000144,3,186,-183
225000145,0,0,0
225000146,10,95,-85
225000147,7,254,-247
225000148,1,153,-152
225000149,13,247,-234
225000151,29,198,-169
225000155,72,180,-108
225000156,90,301,-211
225000157,75,171,-96
225000158,22,311,-289
225000171,1,136,-135
225000180,4,2,2
225000181,1,25,-24
225000182,2,1,1
225000185,6,134,-128
225000187,45,197,-152
225000191,0,0,0
225000194,0,13,-13
225000208,0,31,-31
225000209,0,0,0
225000210,0,76,-76
225000217,0,8,-8
225000218,3,0,3
225000223,0,25,-25
225000224,29,0,29
225000225,0,3,-3
225000226,1,0,1
225000227,17,28,-11
225000228,0,0,0
225000229,2,77,-75
225000230,2,0,2
225000231,0,95,-95
225000232,4,0,4
225000241,19,0,19
225000242,1,45,-44
225000249,0,0,0
225000250,11,531,-520
225000251,158,8,150
226000042,242,304,-62
226000043,26,208,-182
226000044,57,550,-493
226000045,51,376,-325
226000046,112,20,92
226000047,118,30,88
226000048,163,21,142
226000049,71,67,4
226000070,0,33,-33
226000071,0,43,-43
226000072,0,2,-2
226000073,0,2,-2
226000074,0,4,-4
226000084,5,30,-25
226000085,1,4,-3
226000086,3,8,-5
226000087,0,12,-12
226000088,10,8,2
226000090,9,8,1
226000091,2,4,-2
226000092,1,3,-2
226000093,2,0,2
226000094,5,1,4
226000095,10,3,7
226000105,2,1,1
226000106,4,0,4
226000107,2,0,2
226000108,5,0,5
226000109,44,0,44
226000124,104,43,61
226000134,182,176,6
226000135,366,290,76
226000136,80,114,-34
226000137,1,335,-334
226000138,8,220,-212
226000139,0,16,-16
226000156,33,1,32
226000157,92,2,90
226000163,16,21,-5
226000202,5,255,-250
226000231,148,9,139
226000232,6,2,4
227000033,165,34,131
227000036,106,11,95
227000037,74,6,68
227000038,50,11,39
227000049,0,2,-2
227000050,1,33,-32
227000055,2,0,2
227000056,0,1,-1
227000084,0,31,-31
227000085,0,22,-22
227000088,4,1,3
227000089,27,0,27
227000090,6,0,6
227000091,6,0,6
227000093,13,0,13
227000094,3,0,3
227000130,14,53,-39
227000131,6,200,-194
227000132,1,178,-177
227000133,1,221,-220
227000134,17,342,-325
227000152,0,3,-3
227000153,0,50,-50
227000155,0,15,-15
227000156,0,14,-14
227000165,0,22,-22
227000196,45,223,-178
227000199,19,424,-405
227000230,19,380,-361
227000232,18,4,14
227000242,43,297,-254
227000243,340,45,295
227000245,6,272,-266
227000246,46,318,-272
227000247,178,58,120
227000248,73,25,48
227000249,18,178,-160
227000250,352,126,226
227000251,78,268,-190
227000252,9,281,-272
227000253,81,22,59
227000262,163,8,155
227000266,31,0,31
227000267,22,1645,-1623
227000282,4,212,-208
227000284,55,3,52
227000286,6,82,-76
227000287,14,93,-79
227000291,17,478,-461
227000484,75,4,71
227000485,12,487,-475
227000655,10,4,6
227000656,151,6,145
227000657,15,14,1
227000661,20,0,20
227000680,44,10,34
229000265,1,13,-12
229000296,0,3,-3
229000297,2,14,-12
229000298,1,39,-38
229000320,2,1,1
229000321,1,0,1
229000412,2,25,-23
229000414,2,28,-26
229000415,0,0,0
229000416,0,1,-1
229000417,0,13,-13
229000419,37,141,-104
229000440,99,33,66
229000442,1,0,1
229000443,0,1,-1
229000444,0,18,-18
229000445,8,0,8
229000446,13,9,4
229000491,0,17,-17
229000492,7,75,-68
229000493,0,44,-44
229000494,14,9,5
229000495,38,32,6
229000496,2,30,-28
229000507,0,19,-19
229000508,2,10,-8
229000509,0,19,-19
229000510,1,7,-6
229000511,0,17,-17
229000512,0,15,-15
229000513,1,4,-3
229000514,0,1,-1
229000517,0,2,-2
229000518,3,11,-8
229000519,0,6,-6
229000520,1,17,-16
229000521,18,52,-34
229000522,3,12,-9
229000523,5,11,-6
229000524,1,11,-10
229000527,1,2,-1
229000528,1,0,1
229000529,3,2,1
229000530,28,10,18
229000531,5,8,-3
229000532,15,8,7
229000533,75,12,63
229000534,25,11,14
229000564,8,1,7
229000565,2,2,0
229000566,0,18,-18
229000567,0,35,-35
229000582,100,5,95
229000583,2,10,-8
229000584,0,23,-23
229000585,3,18,-15
229000718,0,0,0
229000719,0,0,0
229000720,0,8,-8
229000721,0,7,-7
229000722,0,18,-18
229000723,0,10,-10
229000724,0,0,0
229000725,0,3,-3
229000738,2,0,2
229000739,1,0,1
229000740,2,0,2
229000741,8,1,7
229000742,7,1,6
229000743,16,0,16
229000744,1,1,0
229000745,2,0,2
229000746,14,0,14
229000847,16,1,15
229000848,9,1,8
229000849,126,4,122
229000851,20,1,19
229000854,1,55,-54
229000856,2,176,-174
229000857,0,33,-33
229000858,0,133,-133
229000919,2,93,-91
229000930,0,142,-142
229000937,160,18,142
229000966,38,27,11
229000981,9,47,-38
229000985,1,4,-3
229000986,0,0,0
229000987,0,0,0
229000988,1,2,-1
229000989,1,0,1
229000990,0,0,0
229000991,1,1,0
229000992,4,0,4
229000993,59,3,56
229000998,12,9,3
229000999,23,2,21
229001034,0,4,-4
229001035,1,0,1
229001037,4,1,3
229001042,3,3,0
229001047,1,14,-13
229001050,6,10,-4
229001168,0,6,-6
229001200,0,1,-1
229001338,0,10,-10
229001394,293,2,291
229001422,232,27,205
229001423,20,112,-92
229001431,104,44,60
229001432,33,67,-34
229001444,32,16,16
229001445,3,102,-99
229001479,3,8,-5
229001503,166,105,61
229001504,61,148,-87
229001505,163,94,69
229001506,35,153,-118
229001509,7,13,-6
229001545,78,9,69
229001546,5,60,-55
229001553,46,15,31
229001554,4,90,-86
229001559,4,2,2
229001560,0,6,-6
229001630,22,1,21
229001631,2,17,-15
229001635,0,4,-4
229001636,0,0,0
229001658,0,58,-58
229001659,111,7,104
229001660,0,0,0
229001661,0,7,-7
229001662,34,14,20
229001663,0,10,-10
229002584,37,33,4
229002831,30,31,-1
229002841,2,13,-11
229002842,0,11,-11
229002843,3,7,-4
229002844,0,32,-32
229002845,1,48,-47
229002846,1,4,-3
229002847,1,3,-2
229002848,0,1,-1
229002849,0,35,-35
229002850,2,0,2
229002851,4,35,-31
229002852,5,18,-13
229002853,23,11,12
229002854,4,24,-20
229002855,1,54,-53
229002856,10,4,6
229002857,0,29,-29
229002858,0,2,-2
229002859,7,16,-9
229002860,4,0,4
229002861,2,9,-7
229002862,2,15,-13
229002863,1,9,-8
229002864,1,8,-7
229002865,2,1,1
229002866,1,7,-6
229002867,0,5,-5
229002868,1,11,-10
229002869,4,58,-54
229002870,5,0,5
235000066,110,36,74
235000067,62,41,21
235000072,18,45,-27
235000073,60,186,-126
235000074,21,89,-68
235000080,4,54,-50
235000081,37,152,-115
235000082,26,45,-19
235000083,28,42,-14
235000084,10,21,-11
235000085,33,23,10
235000089,10,28,-18
235000092,5,97,-92
235000093,5,2,3
235000097,1,1,0
235000098,24,21,3
235000099,8,8,0
235000116,18,9,9
235000117,264,3,261
235000133,11,119,-108
235000134,4,47,-43
235000206,2,0,2
235000207,2,0,2
235000208,1,0,1
235000209,2,0,2
235000210,1,4,-3
235000212,2,6,-4
235000213,1,8,-7
235000220,0,2,-2
235000221,20,6,14
235000238,3,9,-6
235000239,0,1,-1
235000242,126,78,48
235000245,929,142,787
235000246,1,45,-44
235000284,2,39,-37
235000295,0,0,0
235000305,0,0,0
235000306,0,0,0
235000307,0,0,0
235000308,0,0,0
235000309,0,0,0
235000310,0,0,0
235000311,0,2,-2
235000322,0,10,-10
235000323,0,35,-35
235000324,0,3,-3
235000325,2,10,-8
235000326,5,150,-145
235000351,0,29,-29
235000352,4,35,-31
235000353,0,18,-18
235000354,1,27,-26
235000355,1,35,-34
235000356,0,0,0
235000357,0,0,0
235000358,0,0,0
235000359,0,0,0
235000360,0,0,0
235000361,0,0,0
235000381,37,281,-244
235000382,37,34,3
235000390,3,3,0
235000391,82,15,67
235000392,46,95,-49
235000393,59,49,10
235000395,29,28,1
235000396,108,35,73
235000400,8,41,-33
235000401,8,178,-170
235000405,44,343,-299
235000406,24,291,-267
235000407,55,112,-57
235000409,205,165,40
235000410,33,162,-129
235000411,1,77,-76
235000485,0,5,-5
235000486,0,0,0
235000549,18,22,-4
235000550,40,129,-89
235000599,56,77,-21
235000600,6,6,0
235000601,13,9,4
235000602,25,68,-43
235000614,1,1,0
235000648,2,38,-36
235000649,4,1,3
235000685,2,0,2
235000815,1,17,-16
235000834,0,4,-4
235000855,29,23,6
235000862,11,217,-206
235000891,0,6,-6
235000892,4,2,2
235000901,75,80,-5
235000907,5,4,1
235001010,4,26,-22
235001029,448,273,175
235001030,468,88,380
235001078,32,40,-8
235001079,53,109,-56
235001147,2,21,-19
235001166,4,28,-24
235001167,3,39,-36
235001169,4,192,-188
235001188,0,3,-3
235001189,2,0,2
235001197,1,26,-25
235001200,28,21,7
235001207,57,17,40
235001210,17,242,-225
235001215,6,184,-178
235001239,0,31,-31
235001244,0,4,-4
235016267,0,14,-14
277101746,0,13,-13
277102712,0,0,0
277103813,0,0,0
277103814,0,0,0
277103898,0,2,-2
277104249,0,7,-7
277104250,0,1,-1
277104251,0,3,-3
277104252,0,0,0
990011530,1,201,-200
990014944,1,376,-375
990015176,1,8,-7
990015618,0,66,-66
990016032,2,223,-221
990032570,0,16,-16
990070001,0,2,-2
990070103,0,1,-1
990070601,0,26,-26
990070751,34,1,33
990070766,0,721,-721
990071180,0,100,-100
990071343,0,0,0
990071387,0,3,-3
990071823,16,1,15
990072600,2,391,-389
990072964,1,324,-323
990073285,0,1,-1
990074393,3,690,-687
990074870,88,7,81
990075106,23,1,22
990075746,17,4,13
990076437,43,2,41
990076458,1,793,-792
997000007,13,0,13
997000041,1,67,-66
997000058,0,3,-3
997000062,2,0,2
997000069,0,3,-3
997000070,0,23,-23
997000100,1,0,1
997000141,0,20,-20
997000198,38,33,5
998000475,0,19,-19
998000736,2,238,-236
998000965,0,1,-1
998001031,0,29,-29
998001700,0,20,-20
998001899,0,3,-3
998001900,7,1,6
998003073,1,1,0
998101900,0,0,0
998102850,0,44,-44
998501927,0,190,-190
998501929,46,13,33
998501930,37,1,36
998501931,4,2,2
998501932,10,0,10
998501933,0,0,0
998501937,0,1,-1
998501944,1,0,1
998501950,0,8,-8
998501970,0,5,-5
998501971,1,48,-47
998501973,0,47,-47
998501974,0,148,-148
998501975,2,0,2
998501976,1,2,-1
998501977,0,16,-16
998501978,0,0,0
998501979,0,6,-6
998501980,8,0,8
998501981,0,1,-1
998501982,0,62,-62
998501983,0,2,-2
998502006,0,0,0
998502024,0,2,-2
998502032,0,0,0
998502062,2,0,2
998502063,0,0,0
998502173,19,0,19
998502269,0,3,-3
998502546,0,44,-44
998502578,0,0,0
998502599,118,29,89
998601159,0,130,-130
998601292,1,19,-18
999033574,1,470,-469
999800001,1,1,0
999800002,0,0,0
999800003,0,3,-3
999800004,0,10,-10
999800005,0,3,-3
