ID,insum,outsum,diff
100000001,699,906,-207
100000002,2955,2509,446
100000003,4893,4095,798
100000004,1390,1131,259
100000005,2294,4210,-1916
100000006,793,156,637
100000007,1807,693,1114
100000008,283,549,-266
100000009,625,193,432
100000010,172,65,107
100000011,903,109,794
100000012,103,797,-694
100000013,708,205,503
100000014,584,347,237
100000015,1748,2089,-341
100000016,992,1419,-427
100000017,694,902,-208
100000018,1197,646,551
100000019,3685,2136,1549
100000020,1909,5727,-3818
100000021,4613,2466,2147
100000022,1450,2320,-870
100000023,5174,1952,3222
100000025,1431,1252,179
100000028,1646,1322,324
100000029,217,376,-159
100000030,360,66,294
100000031,4229,6739,-2510
100000032,2254,3444,-1190
100000033,946,2328,-1382
100000034,444,618,-174
100000035,1683,1599,84
100000036,1847,1462,385
100000037,725,389,336
100000038,2045,843,1202
100000039,605,247,358
100000040,183,171,12
100000041,1229,548,681
100000042,1157,528,629
100000043,1086,534,552
100000044,422,1080,-658
100000045,600,1325,-725
100000046,807,931,-124
100000047,292,549,-257
100000048,477,517,-40
100000049,1442,1842,-400
100000051,476,1000,-524
100000053,167,6,161
100000054,484,41,443
100000055,1175,317,858
100000056,577,405,172
100000057,1791,524,1267
100000058,834,1073,-239
100000059,9,129,-120
100000060,394,309,85
100000061,2471,491,1980
100000062,2893,651,2242
100000063,786,272,514
100000064,1374,313,1061
100000065,426,938,-512
100000066,177,742,-565
100000067,509,767,-258
100000068,540,1554,-1014
100000069,297,1300,-1003
100000072,382,596,-214
100000073,960,971,-11
100000075,801,333,468
100000076,1719,2487,-768
100000077,336,220,116
100000078,29,52,-23
100000079,52,70,-18
100000080,38,58,-20
100000081,160,234,-74
100000102,2565,2302,263
100000103,2467,1657,810
100000104,4160,2968,1192
100000105,2690,1655,1035
100000106,2365,2431,-66
100000107,679,1132,-453
100000108,536,969,-433
100000109,2258,1265,993
100000116,1346,985,361
100000117,103,130,-27
100000118,1621,1421,200
100000119,593,834,-241
100000121,250,457,-207
100000122,776,1041,-265
100000123,2671,4095,-1424
100000124,4755,6519,-1764
100000125,3897,2009,1888
100000126,716,410,306
100000127,1464,409,1055
100000128,1544,2437,-893
100000129,458,498,-40
100000130,454,481,-27
100000131,1933,2481,-548
100000132,1125,3151,-2026
100000133,4703,2266,2437
100000135,708,1185,-477
100000139,478,419,59
100000140,329,362,-33
100000142,563,630,-67
100000143,1413,622,791
100000144,3140,833,2307
100000147,1326,2767,-1441
100000150,47,377,-330
100000151,1119,1142,-23
100000153,251,397,-146
100000154,66,198,-132
100000155,29,63,-34
100000156,582,574,8
100000157,170,192,-22
100000158,397,144,253
100000159,331,637,-306
100000165,1560,1002,558
100000169,281,812,-531
100000174,755,823,-68
100000179,166,555,-389
100000180,1886,1639,247
100000181,459,245,214
100000188,71,183,-112
100000189,936,320,616
100000190,980,1182,-202
100000191,812,633,179
100000192,55,112,-57
100000193,403,253,150
100000330,1586,967,619
100000355,207,553,-346
100000362,4554,2897,1657
100000363,3893,4220,-327
100000364,279,272,7
100000365,5841,6927,-1086
100000366,5812,2976,2836
100000367,5468,5948,-480
100000368,3053,1516,1537
100000369,1038,1776,-738
100000370,292,942,-650
100000376,141,223,-82
100000379,1989,1615,374
100000380,4382,3962,420
100000384,5457,4928,529
100000385,4061,4476,-415
100000386,7971,5284,2687
100000387,5315,5981,-666
100000388,7291,6703,588
100000389,7719,6947,772
100000390,8554,6840,1714
100000391,6176,8020,-1844
100000392,3928,4155,-227
100000393,3100,5180,-2080
100000394,8403,8634,-231
100000395,5749,4326,1423
100000396,8632,4508,4124
100000397,6327,8072,-1745
100000398,9989,8097,1892
100000413,41,15,26
100900002,13,32,-19
100900003,353,198,155
100900004,16,771,-755
100900005,132,29,103
100900006,20,119,-99
100900007,465,14,451
100900008,5,419,-414
100900009,102,128,-26
100900010,103,97,6
100900011,110,179,-69
100900012,2,187,-185
100900013,775,10,765
100900014,6,14,-8
100900015,69,87,-18
100900016,0,44,-44
100900017,703,91,612
100900018,0,17,-17
100900019,32,151,-119
100900020,267,13,254
100900021,389,5,384
100900022,21,63,-42
100900023,2,63,-61
100900024,650,1,649
100900025,15,11,4
100900026,146,98,48
100900027,525,2300,-1775
100900028,166,173,-7
100900029,62,5,57
100900030,8,120,-112
100900031,608,59,549
100900032,324,1,323
100900033,264,228,36
100900034,438,4,434
100900035,459,1,458
100900036,5,1,4
100900037,110,188,-78
100900038,104,32,72
100900039,230,618,-388
100900040,423,543,-120
100900041,1061,780,281
100900042,1543,1774,-231
100900043,0,13,-13
100900044,1802,514,1288
100900045,35,0,35
100900046,934,11,923
100900047,879,344,535
100900048,182,56,126
100900049,111,140,-29
100900050,1,14,-13
100900051,24,72,-48
100900052,308,53,255
100900053,386,44,342
100900054,18,95,-77
100900055,272,680,-408
100900056,192,161,31
100900057,1241,1140,101
100900058,185,37,148
100900059,112,8,104
100900060,208,4,204
100900061,313,181,132
100900062,9,34,-25
100900063,260,682,-422
100900064,672,19,653
100900065,84,104,-20
100900066,178,224,-46
100900067,4,10,-6
100900068,66,97,-31
100900069,276,6,270
100900070,364,12,352
100900071,648,266,382
100900072,4,52,-48
100900073,122,279,-157
100900074,4,12,-8
100900075,1609,392,1217
100900076,19,47,-28
100900077,30,67,-37
100900078,101,282,-181
100900079,7,31,-24
100900080,35,114,-79
100900081,38,109,-71
100900082,152,416,-264
100900083,13,47,-34
100900085,17,393,-376
100900086,140,492,-352
100900088,157,490,-333
100900089,3,34,-31
100900090,126,464,-338
100900091,2,21,-19
100900092,209,128,81
100900093,252,265,-13
100900094,138,398,-260
100900095,4,24,-20
100900096,40,120,-80
100900097,4,3,1
100900098,36,20,16
100900099,51,567,-516
100900100,12,646,-634
100900101,303,59,244
100900102,101,101,0
100900103,18,45,-27
100900104,11,185,-174
100900105,46,527,-481
100900106,62,5,57
100900107,1681,888,793
100900108,1,32,-31
100900109,16,47,-31
100900110,18,36,-18
100900111,62,176,-114
100900112,16,15,1
100900113,9,18,-9
100900114,24,19,5
100900115,3,36,-33
100900116,741,542,199
100900117,315,802,-487
100900118,33,39,-6
100900119,37,21,16
100900120,6,12,-6
100900121,299,406,-107
100900122,195,223,-28
100900123,105,178,-73
100900124,31,19,12
100900125,16,67,-51
100900126,220,434,-214
100900127,7,10,-3
100900128,119,150,-31
100900129,0,188,-188
100900131,69,240,-171
100900133,57,72,-15
100900134,1,9,-8
100900135,0,181,-181
100900137,298,154,144
100900138,463,448,15
100900139,24,10,14
100900140,13,597,-584
100900141,4,467,-463
100900142,6,7,-1
100900143,1035,441,594
100900144,25,7,18
100900145,380,240,140
100900146,6,46,-40
100900147,7,382,-375
100900148,20,520,-500
100900149,52,333,-281
100900150,6,34,-28
100900151,131,496,-365
100900152,167,2,165
100900153,3,193,-190
100900154,16,82,-66
100900155,34,15,19
100900156,34,5,29
100900157,6,193,-187
100900159,3,39,-36
100900160,37,6,31
100900161,74,10,64
100900162,16,363,-347
100900163,168,234,-66
100900164,35,42,-7
100900165,7,31,-24
100900166,27,4,23
100900167,25,81,-56
100900168,29,156,-127
100900169,135,840,-705
100900170,96,26,70
100900171,6,465,-459
100900172,0,22,-22
100900173,15,233,-218
100900174,337,42,295
100900176,1823,156,1667
100900177,780,289,491
100900178,179,145,34
100900179,211,401,-190
100900180,14,5,9
100900181,82,81,1
100900182,24,31,-7
100900184,18,132,-114
100900186,570,406,164
100900187,15,62,-47
100900188,32,13,19
100900189,1176,258,918
100900191,1028,986,42
100900192,282,429,-147
100900195,126,101,25
100900197,67,72,-5
100900198,30,124,-94
100900199,7,11,-4
100900200,566,478,88
100900201,51,509,-458
100900202,138,0,138
100900203,0,126,-126
100900204,115,479,-364
100900205,204,512,-308
100900206,182,73,109
100900207,296,155,141
100900210,83,606,-523
100900211,409,163,246
100900213,112,58,54
100900214,615,184,431
100900215,38,71,-33
100900217,202,122,80
101000001,3277,2139,1138
101000002,5641,5148,493
101000003,531,1190,-659
101000004,6486,5540,946
101000005,2334,4009,-1675
101000006,6030,5867,163
101000007,2093,2992,-899
101000008,2820,2511,309
101000009,1843,1340,503
101000010,836,1136,-300
101000011,1363,578,785
101000012,1320,597,723
101000013,653,1088,-435
101000014,440,628,-188
101000015,1266,826,440
101000016,390,437,-47
101000017,585,533,52
101000018,3236,2345,891
101000020,2726,999,1727
101000021,880,396,484
101000022,119,48,71
101000023,1415,785,630
101000025,277,385,-108
101000026,300,28,272
101000027,1932,2536,-604
101000028,982,284,698
101000029,274,1625,-1351
101000030,1980,162,1818
101000031,1082,713,369
101000032,8511,5025,3486
101000033,2664,3292,-628
101000034,2378,1839,539
101000035,869,442,427
101000036,2032,1136,896
101000037,3181,1930,1251
101000039,2498,2653,-155
101000040,3300,3971,-671
101000041,8910,7602,1308
101000042,465,1221,-756
101000043,6971,7062,-91
101000045,1695,1123,572
101000046,4160,1837,2323
101000047,2455,4073,-1618
101000048,729,591,138
101000049,883,1805,-922
101000050,1648,1746,-98
101000051,2002,2641,-639
101000052,1739,927,812
101000053,898,1397,-499
101000054,1731,969,762
101000055,1448,1243,205
101000056,62,141,-79
101000057,2280,1377,903
101000058,1285,1241,44
101000059,2463,2447,16
101000060,1982,728,1254
101000061,952,1664,-712
101000062,986,825,161
101000063,685,971,-286
101000064,1225,1193,32
101000065,415,467,-52
101000066,1123,986,137
101000067,1434,1082,352
101000068,344,531,-187
101000069,362,103,259
101000070,1192,1171,21
101000071,1939,996,943
101000072,805,2991,-2186
101000073,830,1230,-400
101000074,6232,3836,2396
101000075,4874,5761,-887
101000077,1954,1277,677
101000078,1464,1956,-492
101000079,722,466,256
101000080,566,485,81
101000081,1868,1598,270
101000082,3097,2883,214
101000083,2651,2139,512
101000084,1397,914,483
101000085,1559,1208,351
101000086,1274,1172,102
101000087,966,980,-14
101000088,1225,1146,79
101000089,1101,1445,-344
101000090,1874,1237,637
101000091,484,763,-279
101000092,1030,899,131
101000093,1403,801,602
101000094,992,950,42
101000095,521,603,-82
101000096,395,571,-176
101000097,476,422,54
101000098,410,577,-167
101000099,1195,1002,193
101000100,825,764,61
101000101,326,361,-35
101000102,757,504,253
101000103,884,478,406
101000104,366,647,-281
101000105,477,351,126
101000106,540,667,-127
101000107,296,361,-65
101000108,851,293,558
101000109,377,69,308
101000110,35,404,-369
101000111,128,168,-40
101000113,242,571,-329
101000114,9146,7227,1919
101000115,142,96,46
101000116,142,95,47
101000117,1060,283,777
101000119,94,73,21
101000120,177,65,112
101000121,95,59,36
101000122,182,135,47
101000123,46,148,-102
101000124,715,309,406
101000125,283,471,-188
101000128,389,420,-31
101000130,234,320,-86
101000131,902,524,378
101000132,701,844,-143
101000135,63,46,17
101000136,611,240,371
101000137,37,350,-313
101000141,1437,2913,-1476
101000147,908,490,418
101000148,1092,25,1067
101000149,226,377,-151
101000150,114,621,-507
101000151,272,52,220
101000152,338,318,20
101000153,792,246,546
101000154,254,903,-649
101000155,297,142,155
101000156,21,280,-259
101000157,39,26,13
101000160,65,58,7
101000163,311,326,-15
101000164,445,363,82
101000165,221,429,-208
101000166,256,311,-55
101000168,944,464,480
101000252,1822,1007,815
101000254,454,107,347
101000258,34,11,23
101000261,163,51,112
101000262,1205,2096,-891
101000263,212,949,-737
101000265,118,785,-667
101000266,440,270,170
101000269,53,17,36
101000290,1198,2344,-1146
101000293,15,47,-32
101000294,699,468,231
101000295,152,487,-335
101000301,743,474,269
101000304,1897,2458,-561
101000305,2961,1276,1685
101000328,95,346,-251
101900001,32,104,-72
101900002,0,12,-12
101900003,93,96,-3
101900004,4,84,-80
101900005,2891,2202,689
101900006,1095,57,1038
101900007,771,269,502
101900008,68,325,-257
101900009,52,419,-367
101900010,788,678,110
101900011,208,1078,-870
101900012,155,185,-30
101900013,739,185,554
101900017,21,129,-108
101900018,1173,313,860
101900019,196,159,37
101900020,86,47,39
101900021,1,31,-30
101900022,155,773,-618
101900023,186,203,-17
101900026,114,26,88
101900027,36,114,-78
102000001,2358,4076,-1718
102000002,2401,1071,1330
102000003,3215,6600,-3385
102000004,5387,2817,2570
102000005,1360,1787,-427
102000006,1276,1864,-588
102000007,1403,3878,-2475
102000008,3496,1500,1996
102000009,5866,7205,-1339
102000010,4812,3159,1653
102000011,2912,2425,487
102000012,3133,2947,186
102000018,2904,2476,428
102000019,2150,1399,751
102000026,208,533,-325
102000029,334,256,78
102000030,113,304,-191
102000031,69,128,-59
102000032,437,226,211
102000033,245,302,-57
102000034,483,312,171
102000035,1051,656,395
102000036,17,223,-206
102000037,216,51,165
102000038,200,340,-140
102000039,187,78,109
102000040,448,310,138
102000041,234,405,-171
102000042,231,308,-77
102000043,283,254,29
102000044,395,368,27
102000045,1039,812,227
102000046,1072,625,447
102000047,763,1002,-239
102000048,334,731,-397
102000049,1056,679,377
102000050,1061,1204,-143
102000051,402,675,-273
102000052,1128,782,346
102000053,861,894,-33
102000054,650,959,-309
102000055,1131,556,575
102000056,893,935,-42
102000057,1334,475,859
102000058,1033,1239,-206
102000059,1410,1205,205
102000060,1139,958,181
102000061,1532,1723,-191
102000062,1616,1167,449
102000063,1111,1346,-235
102000064,678,802,-124
102000065,57,151,-94
102000066,861,831,30
102000067,1875,2872,-997
102000068,7957,2621,5336
102000069,128,1899,-1771
102000070,1700,56,1644
102000071,7451,9166,-1715
102000072,2964,3790,-826
102000073,1063,851,212
102000074,626,896,-270
102000075,119,327,-208
102000076,244,424,-180
102000077,509,767,-258
102000078,969,788,181
102000079,126,263,-137
102000080,243,227,16
102000081,304,879,-575
102000082,631,347,284
102000083,653,234,419
102000084,357,275,82
102000085,1636,1037,599
102000086,1133,872,261
102000087,853,1492,-639
102000088,388,297,91
102000089,1180,362,818
102000090,436,920,-484
102000091,1145,511,634
102000092,330,636,-306
102000093,787,783,4
102000094,921,676,245
102000095,1096,942,154
102000096,655,717,-62
102000097,744,708,36
102000098,615,687,-72
102000099,788,771,17
102000100,815,1363,-548
102000101,1123,892,231
102000102,324,1213,-889
102000103,1409,412,997
102000104,619,310,309
102000105,292,545,-253
102000106,831,584,247
102000107,1257,552,705
102000108,661,183,478
102000109,472,557,-85
102000110,1171,1071,100
102000111,11,302,-291
102000112,179,137,42
102000113,28,44,-16
102000114,816,360,456
102000115,253,374,-121
102000116,427,492,-65
102000117,226,735,-509
102000118,1271,1211,60
102000119,1562,889,673
102000120,212,506,-294
102000121,968,471,497
102000122,646,1018,-372
102000123,1241,996,245
102000124,1230,1183,47
102000125,897,878,19
102000126,1011,815,196
102000127,1344,735,609
102000128,794,1000,-206
102000129,1619,803,816
102000130,776,902,-126
102000131,1285,535,750
102000132,448,737,-289
102000133,1877,1541,336
102000134,741,687,54
102000135,789,846,-57
102000136,934,565,369
102000137,913,895,18
102000138,282,398,-116
102000139,116,444,-328
102000140,324,498,-174
102000141,178,402,-224
102000142,319,332,-13
102000143,153,461,-308
102000144,345,384,-39
102000145,458,423,35
102000146,410,336,74
102000147,443,393,50
102000148,249,392,-143
102000149,211,346,-135
102000150,370,114,256
102000151,102,276,-174
102000152,215,161,54
102000153,1220,551,669
102000154,281,594,-313
102000155,87,323,-236
102000156,395,175,220
102000157,90,358,-268
102000158,480,559,-79
102000159,752,411,341
102000161,3353,2073,1280
102000162,230,202,28
102000163,120,577,-457
102000164,958,1156,-198
102000165,260,173,87
102000166,95,187,-92
102000167,276,314,-38
102000168,348,164,184
102000169,115,413,-298
102000170,544,208,336
102000171,152,177,-25
102000172,110,289,-179
102000173,462,274,188
102000174,68,60,8
102000175,170,106,64
102000176,62,40,22
102000178,269,358,-89
102000179,338,212,126
102000180,1001,425,576
102000181,675,516,159
102000182,640,492,148
102000183,1769,1467,302
102000184,1810,759,1051
102000185,2479,1160,1319
102000186,1296,1635,-339
102000187,950,1348,-398
102000188,1110,1200,-90
102000189,2049,726,1323
102000190,574,2275,-1701
102000191,1059,497,562
102000192,1068,1500,-432
102000193,75,109,-34
102000194,71,124,-53
102000195,483,447,36
102000196,305,336,-31
102000197,660,375,285
102000198,197,769,-572
102000199,1042,391,651
102000200,288,1053,-765
102000201,1166,430,736
102000202,9,71,-62
102000203,377,224,153
102000204,437,734,-297
102000205,1101,421,680
102000206,609,635,-26
102000207,831,463,368
102000208,463,430,33
102000209,122,52,70
102000210,372,370,2
102000211,591,247,344
102000212,396,3,393
102000213,7,251,-244
102000214,265,11,254
102000215,17,355,-338
102000216,45,73,-28
102000217,9,117,-108
102000218,292,207,85
102000219,415,211,204
102000225,606,658,-52
102000226,1638,887,751
102000227,152,2,150
102000228,1,95,-94
102000229,40,50,-10
102000230,347,441,-94
102000231,285,363,-78
102000232,49,135,-86
102000233,396,585,-189
102000234,132,981,-849
102000236,271,94,177
102000237,506,185,321
102000238,186,219,-33
102000240,598,700,-102
102000241,190,99,91
102000243,24,63,-39
102000245,32,160,-128
102000246,20,41,-21
102000247,712,830,-118
102000248,522,947,-425
102000249,141,127,14
102000250,92,327,-235
102000254,99,227,-128
102000266,54,326,-272
102000271,49,17,32
102000286,327,336,-9
102000297,1676,921,755
102000301,0,0,0
102000303,0,0,0
102000305,0,1,-1
102000307,0,7,-7
102900001,1239,764,475
102900002,415,48,367
102900003,61,181,-120
102900005,411,326,85
102900006,586,182,404
102900007,477,23,454
102900008,250,65,185
102900009,525,309,216
102900010,395,796,-401
102900011,1567,317,1250
102900012,398,84,314
102900013,36,97,-61
102900015,669,496,173
102900016,72,146,-74
102900017,199,479,-280
102900018,46,117,-71
102900019,343,338,5
102900020,131,29,102
102900021,24,76,-52
102900022,598,161,437
102900023,31,49,-18
102900024,48,59,-11
102900025,254,99,155
102900026,335,1765,-1430
102900027,78,64,14
102900028,159,659,-500
102900029,158,170,-12
102900030,415,279,136
102900031,193,168,25
102900032,97,82,15
102900033,113,226,-113
102900034,443,90,353
102900035,111,294,-183
102900036,292,490,-198
102900037,316,444,-128
102900038,458,473,-15
102900039,16,518,-502
102900040,118,262,-144
102900041,89,173,-84
102900042,174,279,-105
102900043,177,226,-49
102900044,534,1689,-1155
102900045,120,448,-328
102900046,132,265,-133
102900047,114,566,-452
102900048,613,510,103
102900049,123,356,-233
102900050,235,263,-28
102900051,210,165,45
102900053,375,604,-229
102900054,572,875,-303
102900055,90,236,-146
102900056,145,353,-208
102900057,9,66,-57
102900058,326,52,274
102900059,33,49,-16
102900060,91,463,-372
102900061,114,434,-320
102900062,214,841,-627
102900063,1103,493,610
102900064,118,362,-244
102900065,1131,319,812
102900066,372,24,348
102900068,135,73,62
102900070,167,404,-237
102900072,15,35,-20
102900073,110,7,103
102900075,48,66,-18
102900076,192,110,82
102900077,67,32,35
102900078,43,72,-29
102900079,175,14,161
102900080,357,43,314
102900081,80,298,-218
102900082,9,212,-203
102900083,223,13,210
102900084,2,34,-32
102900085,377,156,221
102900086,18,73,-55
102900087,114,142,-28
102900088,42,40,2
102900089,233,102,131
102900090,3,319,-316
102900091,158,2,156
102900092,265,494,-229
102900094,2,94,-92
102900095,126,2,124
102900096,33,16,17
102900097,333,498,-165
103000001,2170,2529,-359
103000002,1974,2214,-240
103000003,3123,2430,693
103000004,919,810,109
103000005,1661,2738,-1077
103000006,706,1226,-520
103000007,349,738,-389
103000008,835,675,160
103000009,1150,958,192
103000010,228,201,27
103000011,1601,1409,192
103000012,1316,1487,-171
103000013,3526,1936,1590
103000014,1393,2373,-980
103000015,1529,730,799
103000016,493,1246,-753
103000017,245,372,-127
103000018,574,334,240
103000019,291,284,7
103000020,2254,1304,950
103000021,1689,1580,109
103000022,786,899,-113
103000023,670,1591,-921
103000024,81,144,-63
103000025,160,653,-493
103000026,889,125,764
103000027,353,566,-213
103000028,337,402,-65
103000029,266,277,-11
103000030,1317,964,353
103000031,1254,1625,-371
103000032,2049,1554,495
103000033,2773,2626,147
103000034,1345,1096,249
103000035,421,1318,-897
103000036,422,622,-200
103000037,572,532,40
103000038,410,977,-567
103000039,384,311,73
103000040,484,766,-282
103000041,1544,1834,-290
103000042,1127,426,701
103000043,707,882,-175
103000044,256,184,72
103000046,356,438,-82
103000047,595,676,-81
103000048,194,224,-30
103000049,97,173,-76
103000050,802,472,330
103000051,464,434,30
103000052,767,405,362
103000053,158,625,-467
103000054,2457,1260,1197
103000055,1823,2287,-464
103000056,738,1292,-554
103000057,628,235,393
103000058,644,703,-59
103000059,474,841,-367
103000060,871,587,284
103000061,495,949,-454
103000062,1031,585,446
103000063,812,788,24
103000064,217,159,58
103000065,5,415,-410
103000066,205,11,194
103000069,503,311,192
103000070,920,790,130
103000071,1146,494,652
103000072,104,584,-480
103000073,579,125,454
103000074,585,90,495
103000075,184,540,-356
103000076,271,332,-61
103000077,43,305,-262
103000078,973,555,418
103000079,617,652,-35
103000080,958,332,626
103000081,543,1155,-612
103000082,555,198,357
103000083,108,285,-177
103000084,126,7,119
103000085,8,126,-118
103000086,553,414,139
103000087,109,532,-423
103000088,270,308,-38
103000089,300,407,-107
103000090,1848,826,1022
103000091,630,468,162
103000092,232,265,-33
103000093,328,295,33
103000094,220,95,125
103000095,85,326,-241
103000096,603,107,496
103000097,103,804,-701
103000098,751,211,540
103000099,282,739,-457
103000100,105,674,-569
103000101,803,140,663
103000102,116,584,-468
103000103,757,138,619
103000104,60,94,-34
103000105,162,80,82
103000106,10,96,-86
103000107,204,48,156
103000108,776,633,143
103000109,425,397,28
103000110,474,469,5
103000111,575,405,170
103000112,369,155,214
103000113,639,637,2
103000114,1307,449,858
103000115,571,454,117
103000116,580,404,176
103000117,421,484,-63
103000118,603,611,-8
103000119,959,445,514
103000120,51,120,-69
103000121,350,658,-308
103000122,500,682,-182
103000125,9,191,-182
103000126,692,5,687
103000127,4,188,-184
103000128,174,3,171
103000129,1,123,-122
103000130,73,51,22
103000131,161,112,49
103000132,77,174,-97
103000133,15,110,-95
103000134,594,814,-220
103000135,577,317,260
103000136,772,535,237
103000137,526,652,-126
103000138,1017,825,192
103000139,4,79,-75
103000140,185,43,142
103000141,82,155,-73
103000142,188,100,88
103000143,88,183,-95
103000144,214,68,146
103000145,31,108,-77
103000150,124,53,71
103000152,228,272,-44
103000153,242,145,97
103000156,8,336,-328
103000157,497,0,497
103000159,128,32,96
103000162,119,37,82
103000163,24,58,-34
103000164,29,23,6
103000165,58,235,-177
103000166,210,317,-107
103000167,157,113,44
103000168,97,161,-64
103000169,234,406,-172
103000170,862,434,428
103000171,51,93,-42
103000172,489,298,191
103000173,633,535,98
103000174,178,284,-106
103000175,281,255,26
103000176,845,697,148
103000177,610,400,210
103000178,298,278,20
103000179,162,51,111
103000183,130,22,108
103000185,98,31,67
103000186,106,163,-57
103000187,555,292,263
103000188,7,70,-63
103000189,738,787,-49
103000191,450,446,4
103000292,1195,1563,-368
103000293,992,1994,-1002
103000295,91,110,-19
103000296,289,2,287
103000297,4,20,-16
103000504,42,11,31
103000505,3,19,-16
103000506,1,198,-197
103000507,196,1,195
103000508,41,57,-16
103000509,230,569,-339
103900001,0,155,-155
103900002,960,160,800
103900003,1271,193,1078
103900004,130,10,120
103900005,8,176,-168
103900006,4,1,3
103900007,43,0,43
103900008,38,3,35
103900009,205,520,-315
103900010,154,436,-282
103900011,299,250,49
103900012,16,20,-4
103900013,62,68,-6
103900014,61,16,45
103900015,65,26,39
103900016,522,196,326
103900017,35,97,-62
103900018,769,183,586
103900019,114,298,-184
103900020,197,480,-283
103900021,346,58,288
103900022,1084,666,418
103900023,159,4,155
103900024,110,466,-356
103900025,10,27,-17
103900026,243,0,243
103900027,739,234,505
103900028,27,320,-293
103900029,1103,155,948
103900030,248,108,140
103900031,27,6,21
103900032,100,59,41
103900033,126,12,114
103900034,40,94,-54
103900035,21,42,-21
103900036,53,38,15
103900037,72,48,24
103900038,110,202,-92
103900039,100,278,-178
103900040,25,160,-135
103900041,74,75,-1
103900042,56,296,-240
103900043,164,56,108
103900044,105,208,-103
103900045,415,175,240
103900047,92,23,69
103900048,194,26,168
103900049,188,1219,-1031
103900050,11,129,-118
103900051,2,29,-27
103900052,241,332,-91
103900053,242,455,-213
103900054,136,371,-235
103900055,401,222,179
103900056,45,52,-7
103900057,45,116,-71
103900058,250,485,-235
103900059,4,21,-17
103900060,50,174,-124
103900061,167,55,112
103900062,320,79,241
103900063,33,0,33
103900064,100,2,98
103900065,869,426,443
103900066,125,18,107
103900067,188,3,185
103900068,7,0,7
103900069,67,19,48
103900070,150,247,-97
103900071,21,102,-81
103900072,13,166,-153
103900073,39,28,11
103900074,72,66,6
103900075,192,56,136
103900076,477,394,83
103900077,56,80,-24
103900078,288,112,176
103900079,207,208,-1
103900080,18,31,-13
103900081,134,31,103
103900082,11,115,-104
103900083,1247,940,307
103900084,38,131,-93
103900085,92,130,-38
103900086,657,380,277
103900088,335,531,-196
103900089,56,117,-61
103900090,6,144,-138
103900091,1075,226,849
103900092,591,404,187
103900093,109,296,-187
103900094,12,113,-101
103900095,266,234,32
103900096,21,156,-135
103900097,11,387,-376
103900098,210,96,114
103900099,60,97,-37
103900100,196,300,-104
103900101,97,919,-822
103900102,4,25,-21
103900104,1,36,-35
103900105,121,199,-78
103900106,0,53,-53
103900107,122,140,-18
103900108,48,275,-227
103900109,128,70,58
103900110,210,56,154
103900111,89,446,-357
103900112,49,89,-40
103900113,114,267,-153
103900114,361,302,59
103900115,241,202,39
103900116,4791,2838,1953
103900117,124,65,59
103900119,26,81,-55
103900120,114,98,16
103900122,102,201,-99
103900123,1383,706,677
103900124,68,385,-317
103900125,123,112,11
103900126,487,299,188
103900127,215,347,-132
103900128,215,98,117
103900131,78,146,-68
103900133,856,113,743
103900134,0,3,-3
103900135,4,1,3
103900137,1,21,-20
103900138,108,250,-142
103900139,218,1671,-1453
103900140,3,114,-111
103900141,283,57,226
103900142,216,212,4
103900143,61,3,58
103900144,0,38,-38
103900145,153,250,-97
103900146,270,170,100
103900147,280,130,150
103900148,214,412,-198
103900149,360,526,-166
103900150,5145,3533,1612
103900151,33,198,-165
103900152,549,402,147
103900153,3,10,-7
103900154,716,1631,-915
103900155,63,196,-133
103900156,81,144,-63
103900157,60,174,-114
103900158,102,160,-58
103900159,135,86,49
103900160,42,47,-5
103900161,82,160,-78
103900162,68,157,-89
103900163,4,355,-351
103900167,15,121,-106
103900168,65,126,-61
103900169,59,50,9
103900170,0,91,-91
103900171,5,29,-24
103900172,5,11,-6
103900173,11,5,6
103900174,222,66,156
103900175,46,74,-28
103900176,9,34,-25
103900177,18,78,-60
103900178,56,51,5
103900179,57,112,-55
103900180,14,65,-51
103900181,51,37,14
103900182,40,23,17
103900184,399,92,307
103900185,99,319,-220
103900187,21,71,-50
103900188,42,18,24
103900189,163,12,151
103900190,76,61,15
103900191,36,62,-26
103900192,27,86,-59
103900193,145,202,-57
103900194,42,222,-180
103900195,5,97,-92
103900196,40,50,-10
103900197,18,27,-9
103900198,23,62,-39
103900199,133,74,59
103900200,158,108,50
103900201,90,170,-80
103900202,9,56,-47
103900203,49,24,25
103900204,1,86,-85
103900207,0,66,-66
103900208,114,0,114
103900209,6,78,-72
103900210,33,35,-2
103900211,558,305,253
103900212,97,326,-229
103900213,70,211,-141
103900214,275,255,20
103900215,372,397,-25
103900216,6,306,-300
103900217,383,104,279
103900218,3,219,-216
103900219,182,228,-46
103900233,111,3,108
103900235,52,35,17
103900236,24,3,21
103900242,11,24,-13
103900243,9,11,-2
103900244,117,154,-37
103900245,102,140,-38
103900246,44,55,-11
103900247,29,106,-77
103900248,26,72,-46
103900249,54,68,-14
103900250,46,31,15
103900251,5,44,-39
103900253,17,94,-77
103900254,3,39,-36
103900255,9,26,-17
103900256,13,23,-10
103900257,103,121,-18
103900258,50,15,35
103900259,67,3,64
103900261,12,6,6
103900262,33,2,31
103900263,54,73,-19
103900264,74,96,-22
103900265,54,39,15
103900266,2,98,-96
103900267,4,73,-69
103900268,18,83,-65
103900269,100,21,79
103900270,98,128,-30
103900271,130,94,36
103900272,65,60,5
103900273,18,40,-22
103900274,112,8,104
103900275,49,10,39
103900276,5,54,-49
103900277,3,77,-74
103900278,9,41,-32
103900279,1,37,-36
103900280,4,94,-90
104000001,1932,1550,382
104000002,1437,2271,-834
104000003,1975,1802,173
104000004,2413,2362,51
104000005,1400,1595,-195
104000006,2783,2151,632
104000007,3569,3620,-51
104000008,214,258,-44
104000009,184,138,46
104000010,226,243,-17
104000011,415,238,177
104000012,180,274,-94
104000013,253,228,25
104000014,211,609,-398
104000015,321,137,184
104000016,572,374,198
104000018,822,149,673
104000019,654,209,445
104000020,174,497,-323
104000021,270,481,-211
104000022,145,245,-100
104000023,690,301,389
104000024,287,387,-100
104000026,56,336,-280
104000027,210,253,-43
104000028,347,199,148
104000029,385,394,-9
104000030,271,211,60
104000031,1241,355,886
104000032,252,262,-10
104000033,597,470,127
104000034,303,232,71
104000035,784,383,401
104000036,655,432,223
104000037,275,242,33
104000038,446,271,175
104000039,184,174,10
104000040,302,324,-22
104000041,623,288,335
104000042,178,296,-118
104000043,245,324,-79
104000044,235,526,-291
104000045,817,907,-90
104000046,1032,1352,-320
104000047,645,905,-260
104000048,988,1229,-241
104000049,437,219,218
104000050,168,478,-310
104000051,112,538,-426
104000052,1373,1318,55
104000053,853,399,454
104000054,377,292,85
104000055,3192,2153,1039
104000056,1046,238,808
104000057,198,550,-352
104000058,795,681,114
104000059,532,865,-333
104000060,840,1088,-248
104000061,1169,839,330
104000062,463,150,313
104000064,504,282,222
104000065,247,644,-397
104000069,886,1023,-137
104000070,85,479,-394
104000071,213,482,-269
104000072,617,260,357
104000075,52,287,-235
104000076,418,75,343
104000082,1991,2750,-759
104000083,834,198,636
104000084,100,565,-465
104000085,298,353,-55
104000086,175,455,-280
104000087,507,1726,-1219
104000090,749,1090,-341
104000092,1170,1855,-685
104000094,788,1253,-465
104000095,1484,1217,267
104000096,1303,138,1165
104000097,1508,752,756
104000098,2185,865,1320
104000100,1649,564,1085
104000101,1144,1283,-139
104000106,137,634,-497
104000107,603,446,157
104000108,237,432,-195
104000109,261,109,152
104000110,877,1031,-154
104000111,3044,1910,1134
104000112,1786,509,1277
104000116,1,820,-819
104000117,172,462,-290
104000118,535,170,365
104000119,613,240,373
104000120,267,541,-274
104000121,224,806,-582
104000122,630,754,-124
104000123,688,977,-289
104000124,767,1669,-902
104000125,2748,3904,-1156
104000126,289,323,-34
104000127,1373,2612,-1239
104000128,613,381,232
104000129,345,37,308
104000130,8,241,-233
104000131,563,506,57
104000132,462,566,-104
104000133,1455,776,679
104000134,943,1499,-556
104000135,469,1771,-1302
104000136,839,3740,-2901
104000137,1632,425,1207
104000138,770,283,487
104000139,4910,2818,2092
104000141,947,1190,-243
104000142,562,577,-15
104000143,520,481,39
104000144,114,185,-71
104000145,383,221,162
104000146,296,470,-174
104000147,104,265,-161
104000148,318,177,141
104000149,141,214,-73
104000150,917,450,467
104000151,332,321,11
104000152,529,455,74
104000153,544,615,-71
104000154,866,527,339
104000155,561,579,-18
104000157,903,1276,-373
104000158,228,424,-196
104000159,751,459,292
104000160,1519,1640,-121
104000161,178,210,-32
104000162,91,121,-30
104000165,944,899,45
104000167,749,818,-69
104000168,509,10,499
104000169,119,35,84
104000170,395,584,-189
104000248,258,570,-312
104000251,50,196,-146
104000272,0,0,0
104000273,0,0,0
104000274,0,0,0
104000275,0,0,0
104000279,578,395,183
104000290,88,268,-180
104000291,569,1021,-452
104000293,738,655,83
104000294,42,0,42
104000295,421,601,-180
104000296,355,450,-95
104000297,584,1532,-948
104000298,1677,622,1055
104000299,677,1238,-561
104000302,79,65,14
104000303,113,106,7
104900001,179,308,-129
104900002,57,156,-99
104900003,57,227,-170
104900004,97,277,-180
104900005,261,236,25
104900006,283,92,191
104900007,243,173,70
104900009,147,285,-138
104900010,80,49,31
104900011,41,24,17
104900012,227,43,184
104900013,119,37,82
104900014,2199,269,1930
104900015,116,5,111
104900016,212,193,19
104900017,209,163,46
104900018,7,167,-160
104900019,260,2465,-2205
104900020,64,226,-162
104900021,1,145,-144
104900022,2,168,-166
104900023,6,66,-60
104900024,23,96,-73
104900025,73,212,-139
104900026,8,54,-46
104900027,438,297,141
104900028,26,121,-95
104900029,42,43,-1
104900030,484,177,307
104900031,83,231,-148
104900032,37,83,-46
104900033,142,276,-134
104900034,330,138,192
104900035,331,170,161
104900036,193,74,119
104900037,160,162,-2
104900038,410,711,-301
104900039,586,376,210
104900040,426,79,347
104900041,256,155,101
104900042,120,316,-196
104900043,18,114,-96
104900044,545,151,394
104900045,500,57,443
104900046,188,108,80
104900047,263,109,154
104900048,321,86,235
104900049,36,27,9
104900050,289,76,213
104900051,242,32,210
104900052,62,2,60
104900053,392,87,305
104900054,163,38,125
104900055,114,0,114
104900056,129,14,115
104900057,26,2,24
104900058,683,238,445
104900059,233,130,103
104900060,1,276,-275
104900061,190,446,-256
104900063,0,103,-103
104900064,0,79,-79
104900065,0,167,-167
104900066,3,108,-105
104900067,4,267,-263
104900068,11,161,-150
104900070,155,244,-89
104900071,1,432,-431
104900072,38,252,-214
104900073,65,185,-120
104900074,45,185,-140
104900075,67,47,20
104900076,86,257,-171
104900077,772,202,570
104900078,180,445,-265
104900079,97,427,-330
104900080,120,406,-286
104900082,14,347,-333
104900085,2,151,-149
104900087,326,2,324
104900089,179,2,177
104900090,815,635,180
104900091,684,500,184
104900093,224,428,-204
104900097,1712,1649,63
104900098,101,54,47
104900099,446,791,-345
104900100,369,183,186
104900102,29,133,-104
104900103,356,56,300
104900104,2268,1728,540
104900106,93,119,-26
104900107,151,188,-37
104900108,21,186,-165
104900109,95,216,-121
104900110,7,52,-45
104900111,124,79,45
104900112,215,591,-376
104900113,613,252,361
104900114,315,385,-70
104900115,682,309,373
104900116,271,180,91
104900118,8,59,-51
104900119,9,49,-40
104900120,50,204,-154
104900121,1,98,-97
104900122,4,44,-40
104900123,43,21,22
104900124,56,1,55
104900125,411,12,399
104900126,74,43,31
104900127,32,57,-25
104900128,124,151,-27
104900129,1333,1662,-329
105000001,2225,1374,851
105000002,2218,1358,860
105000003,3073,2713,360
105000004,500,819,-319
105000005,627,859,-232
105000006,1313,1526,-213
105000007,1225,1282,-57
105000008,1509,2717,-1208
105000009,2145,2762,-617
105000010,2566,1907,659
105000011,3072,2507,565
105000012,3355,2548,807
105000013,935,935,0
105000014,1712,2379,-667
105000015,9113,12472,-3359
105000016,2447,1975,472
105000017,1360,735,625
105000018,1221,1326,-105
105000019,1114,762,352
105000020,226,384,-158
105000021,248,137,111
105000022,315,108,207
105000023,528,352,176
105000028,100,122,-22
105000029,577,1221,-644
105000030,3598,2502,1096
105000031,1,33,-32
105000033,911,1690,-779
105000034,118,828,-710
105000037,487,249,238
105000038,1675,1690,-15
105000039,2267,1482,785
105000040,815,1084,-269
105000041,682,1133,-451
105000042,2826,1725,1101
105000043,1544,1845,-301
105000044,534,436,98
105000045,303,752,-449
105000046,1210,341,869
105000047,444,1236,-792
105000048,541,225,316
105000049,205,426,-221
105000050,634,362,272
105000051,132,360,-228
105000052,574,881,-307
105000053,112,130,-18
105000054,388,747,-359
105000055,756,332,424
105000056,1189,1666,-477
105000057,1123,723,400
105000058,1207,1051,156
105000059,658,529,129
105000060,411,510,-99
105000061,590,479,111
105000062,595,690,-95
105000063,291,454,-163
105000064,1384,759,625
105000065,365,508,-143
105000066,1062,1204,-142
105000067,1332,674,658
105000068,402,792,-390
105000069,1530,1688,-158
105000070,461,866,-405
105000071,265,716,-451
105000072,1089,2105,-1016
105000073,803,545,258
105000074,988,692,296
105000075,425,857,-432
105000076,1226,1011,215
105000077,2384,1156,1228
105000078,1198,1326,-128
105000079,1226,2955,-1729
105000080,1534,1291,243
105000081,3236,1311,1925
105000082,998,1703,-705
105000083,4191,3501,690
105000084,730,716,14
105000085,1725,1830,-105
105000086,567,747,-180
105000087,1329,1458,-129
105000088,1265,1366,-101
105000089,2404,1902,502
105000090,964,804,160
105000091,1277,1556,-279
105000092,658,856,-198
105000093,296,261,35
105000094,335,201,134
105000095,115,539,-424
105000096,1295,1118,177
105000097,1243,907,336
105000098,861,584,277
105000099,731,783,-52
105000100,1191,968,223
105000101,1724,1627,97
105000102,1400,1164,236
105000103,1167,1852,-685
105000104,2473,883,1590
105000105,1567,1799,-232
105000106,1401,1376,25
105000107,1195,785,410
105000108,1442,1314,128
105000109,1459,1412,47
105000110,762,522,240
105000111,754,686,68
105000112,1266,637,629
105000113,399,732,-333
105000114,2313,1006,1307
105000115,336,1126,-790
105000116,842,486,356
105000117,820,870,-50
105000118,513,420,93
105000119,575,715,-140
105000120,854,544,310
105000121,781,867,-86
105000122,435,571,-136
105000123,1084,1044,40
105000124,1579,690,889
105000125,739,1542,-803
105000126,1899,1538,361
105000127,2216,1642,574
105000128,710,882,-172
105000129,757,293,464
105000130,373,2604,-2231
105000131,588,336,252
105000132,813,596,217
105000133,432,779,-347
105000134,606,600,6
105000135,478,495,-17
105000136,142,305,-163
105000137,481,211,270
105000138,265,363,-98
105000139,934,855,79
105000140,413,473,-60
105000141,328,503,-175
105000142,244,432,-188
105000143,210,593,-383
105000144,284,697,-413
105000145,648,310,338
105000146,398,830,-432
105000147,637,309,328
105000148,1171,609,562
105000149,2204,1903,301
105000150,1933,1468,465
105000151,390,345,45
105000152,191,406,-215
105000153,457,545,-88
105000154,738,504,234
105000155,310,766,-456
105000156,722,627,95
105000157,772,1397,-625
105000158,1709,750,959
105000159,274,907,-633
105000160,1624,495,1129
105000161,685,896,-211
105000162,572,1428,-856
105000163,1014,744,270
105000164,280,247,33
105000165,835,4218,-3383
105000166,4488,987,3501
105000167,1360,1224,136
105000168,418,482,-64
105000169,526,335,191
105000170,195,1213,-1018
105000171,926,175,751
105000172,236,68,168
105000173,187,84,103
105000174,82,62,20
105000175,55,147,-92
105000176,363,95,268
105000177,293,215,78
105000178,151,428,-277
105000179,477,153,324
105000180,122,104,18
105000181,143,251,-108
105000182,71,53,18
105000183,1737,1831,-94
105000184,1754,1171,583
105000185,1188,1100,88
105000186,624,782,-158
105000187,819,217,602
105000188,298,125,173
105000189,250,435,-185
105000190,271,274,-3
105000191,423,363,60
105000192,379,83,296
105000193,72,136,-64
105000194,585,165,420
105000195,309,661,-352
105000196,138,342,-204
105000197,268,531,-263
105000198,562,380,182
105000199,381,776,-395
105000200,195,245,-50
105000201,123,37,86
105000203,20,186,-166
105000204,115,87,28
105000205,103,188,-85
105000207,440,212,228
105000208,209,552,-343
105000209,248,321,-73
105000211,258,15,243
105000212,1193,1034,159
105000213,157,166,-9
105000214,137,227,-90
105000215,300,167,133
105000216,155,381,-226
105000217,107,321,-214
105000218,1268,1029,239
105000221,177,157,20
105000222,971,205,766
105000223,314,190,124
105000226,101,186,-85
105000227,96,127,-31
105000228,362,1773,-1411
105000229,124,462,-338
105000231,492,296,196
105000233,878,632,246
105000234,838,1128,-290
105000235,359,477,-118
105000237,582,70,512
105000243,29,49,-20
105000248,67,79,-12
105000262,374,1018,-644
105000269,165,212,-47
105000270,367,37,330
105000271,1,172,-171
105000282,67,41,26
105000287,361,95,266
105000288,535,439,96
105000289,2774,1879,895
105000290,32,18,14
105000402,3248,3259,-11
105000426,466,553,-87
105000438,3598,1584,2014
105000440,42,27,15
105000446,9519,5212,4307
105000447,5488,2576,2912
105000454,474,559,-85
105000455,262,148,114
105000474,44,6,38
105000477,341,521,-180
105000478,1682,3907,-2225
105000479,118,140,-22
105000480,8724,6397,2327
105000481,4594,3038,1556
105000482,4603,7067,-2464
105000483,1803,1765,38
105000484,2350,3218,-868
105000485,1586,2837,-1251
105000486,3047,2439,608
105000488,8879,4792,4087
105000489,885,761,124
105000549,175,136,39
105000550,539,1471,-932
105000551,52,137,-85
105000552,2407,1445,962
105000555,1233,891,342
105000556,57,15,42
105000557,65,154,-89
105900001,13,1478,-1465
105900002,1002,601,401
105900003,12,116,-104
105900004,160,96,64
105900005,22,180,-158
105900006,32,135,-103
105900007,118,39,79
105900008,92,549,-457
105900009,16,17,-1
105900011,170,43,127
105900012,516,124,392
105900013,3,23,-20
105900014,6,57,-51
105900015,135,279,-144
105900016,461,406,55
105900017,1040,39,1001
105900018,181,156,25
105900019,62,257,-195
105900020,41,53,-12
105900021,35,176,-141
105900022,306,138,168
105900023,7,69,-62
105900024,13,215,-202
105900025,202,25,177
105900026,217,25,192
105900027,7332,5967,1365
105900028,813,379,434
105900029,1295,275,1020
105900030,186,241,-55
105900031,396,197,199
105900032,80,170,-90
105900033,91,90,1
105900034,243,151,92
105900035,151,151,0
105900036,121,138,-17
105900037,89,65,24
105900038,159,292,-133
105900039,131,93,38
105900040,60,76,-16
105900041,198,172,26
105900042,66,141,-75
105900043,1016,55,961
105900044,6,202,-196
105900045,0,596,-596
105900046,11,286,-275
105900047,9,53,-44
105900048,73,392,-319
105900050,5182,3741,1441
105900051,59,1011,-952
105900052,543,284,259
105900053,2235,2412,-177
105900054,308,157,151
105900056,680,481,199
105900057,33,100,-67
105900058,24,9,15
105900059,0,46,-46
106000001,3910,2296,1614
106000002,2166,4816,-2650
106000003,2525,3160,-635
106000004,1580,2410,-830
106000005,2908,4906,-1998
106000006,4993,3193,1800
106000007,405,592,-187
106000008,496,285,211
106000009,569,362,207
106000010,615,437,178
106000011,1036,937,99
106000012,868,1169,-301
106000013,1474,1675,-201
106000014,1696,1386,310
106000015,1581,1149,432
106000016,1009,1608,-599
106000017,548,659,-111
106000018,542,384,158
106000019,265,360,-95
106000020,268,328,-60
106000021,304,386,-82
106000022,324,212,112
106000023,529,278,251
106000024,498,471,27
106000025,111,164,-53
106000026,123,195,-72
106000027,1211,1054,157
106000028,491,432,59
106000029,684,958,-274
106000030,540,504,36
106000034,197,508,-311
106000035,1023,1990,-967
106000036,209,406,-197
106000037,1709,1332,377
106000038,351,104,247
106000039,130,98,32
106000040,159,798,-639
106000041,636,434,202
106000043,575,267,308
106000046,338,78,260
106000047,48,414,-366
106000049,1052,194,858
106000050,303,581,-278
106000051,682,481,201
106000052,102,558,-456
106000053,321,122,199
106000054,334,368,-34
106000055,960,835,125
106000056,307,340,-33
106000057,348,228,120
106000058,115,155,-40
106000059,303,229,74
106000060,295,476,-181
106000061,204,455,-251
106000062,174,448,-274
106000063,705,488,217
106000064,46,301,-255
106000065,370,301,69
106000066,99,275,-176
106000067,292,98,194
106000068,67,515,-448
106000069,220,54,166
106000070,394,641,-247
106000071,893,307,586
106000072,2324,1390,934
106000073,1444,2702,-1258
106000074,616,638,-22
106000075,352,1331,-979
106000076,1641,1756,-115
106000077,3018,1254,1764
106000078,936,853,83
106000079,688,871,-183
106000080,1142,639,503
106000081,661,994,-333
106000082,2034,811,1223
106000083,441,1397,-956
106000084,1187,669,518
106000085,1228,1444,-216
106000086,636,939,-303
106000087,915,522,393
106000088,403,635,-232
106000089,950,316,634
106000090,248,578,-330
106000091,312,419,-107
106000092,608,238,370
106000093,334,133,201
106000094,86,216,-130
106000095,652,625,27
106000096,752,632,120
106000097,946,746,200
106000098,745,896,-151
106000099,190,657,-467
106000100,1064,193,871
106000101,952,261,691
106000102,205,521,-316
106000103,387,477,-90
106000104,670,407,263
106000105,486,519,-33
106000106,612,452,160
106000107,181,260,-79
106000108,264,320,-56
106000109,200,253,-53
106000110,217,287,-70
106000111,214,329,-115
106000112,228,481,-253
106000113,670,508,162
106000114,492,512,-20
106000115,243,375,-132
106000116,301,171,130
106000117,1014,608,406
106000118,1065,1163,-98
106000119,1232,811,421
106000120,749,1091,-342
106000121,194,142,52
106000122,85,188,-103
106000123,459,127,332
106000124,32,151,-119
106000125,30,199,-169
106000126,274,96,178
106000127,768,679,89
106000128,786,190,596
106000129,495,493,2
106000130,761,281,480
106000131,141,637,-496
106000132,538,184,354
106000133,1420,1054,366
106000134,526,1531,-1005
106000135,186,526,-340
106000136,586,893,-307
106000137,90,630,-540
106000138,956,116,840
106000139,54,117,-63
106000140,40,35,5
106000141,86,41,45
106000142,77,64,13
106000143,23,61,-38
106000144,20,73,-53
106000145,212,181,31
106000146,358,130,228
106000147,352,376,-24
106000148,552,713,-161
106000149,518,317,201
106000150,503,1566,-1063
106000151,3001,710,2291
106000152,1034,1695,-661
106000153,74,1292,-1218
106000154,1157,233,924
106000155,87,235,-148
106000156,705,235,470
106000157,565,1245,-680
106000158,1762,873,889
106000159,2217,1450,767
106000160,414,2173,-1759
106000161,1192,339,853
106000162,310,884,-574
106000163,424,340,84
106000164,363,346,17
106000165,193,386,-193
106000166,655,307,348
106000167,443,784,-341
106000168,444,257,187
106000169,232,498,-266
106000170,759,231,528
106000171,374,1060,-686
106000172,2272,1290,982
106000173,1132,2282,-1150
106000174,1078,413,665
106000175,305,780,-475
106000176,1276,934,342
106000177,700,1979,-1279
106000178,2908,1837,1071
106000179,970,2056,-1086
106000180,685,1049,-364
106000181,738,1381,-643
106000182,1166,649,517
106000183,1227,580,647
106000184,1864,709,1155
106000185,941,1025,-84
106000186,771,170,601
106000187,194,953,-759
106000188,1,0,1
106000189,11,59,-48
106000190,30,1,29
106000191,599,183,416
106000192,1,14,-13
106000193,389,226,163
106000194,147,301,-154
106000195,698,156,542
106000196,138,350,-212
106000197,658,228,430
106000198,211,224,-13
106000199,1156,621,535
106000200,188,174,14
106000201,401,2072,-1671
106000202,3053,610,2443
106000203,52,154,-102
106000204,118,13,105
106000205,15,134,-119
106000206,81,22,59
106000207,34,594,-560
106000208,1265,161,1104
106000209,1236,375,861
106000210,311,784,-473
106000211,300,947,-647
106000212,713,370,343
106000213,622,1801,-1179
106000214,2154,679,1475
106000215,216,435,-219
106000216,318,307,11
106000217,305,343,-38
106000218,481,326,155
106000219,167,273,-106
106000220,344,192,152
106000221,183,187,-4
106000222,54,96,-42
106000223,191,110,81
106000224,150,161,-11
106000225,69,117,-48
106000226,115,223,-108
106000228,52,98,-46
106000229,109,646,-537
106000231,968,117,851
106000232,93,402,-309
106000233,545,118,427
106000234,332,226,106
106000235,756,118,638
106000236,301,66,235
106000237,24,11,13
106000238,254,24,230
106000239,0,118,-118
106000240,50,5,45
106000241,12,556,-544
106000242,247,63,184
106000249,70,91,-21
106000250,51,462,-411
106000251,131,28,103
106000252,54,81,-27
106000253,45,70,-25
106000254,77,44,33
106000255,19,150,-131
106000256,62,64,-2
106000257,128,189,-61
106000258,337,20,317
106000259,14,55,-41
106000260,35,3,32
106000261,7,53,-46
106000262,125,10,115
106000263,15,63,-48
106000264,192,11,181
106000265,6,128,-122
106000266,126,29,97
106000267,3,57,-54
106000268,467,59,408
106000269,86,49,37
106000270,133,476,-343
106000271,77,211,-134
106000272,263,75,188
106000273,9,323,-314
106000274,158,40,118
106000275,124,205,-81
106000276,128,48,80
106000277,124,273,-149
106000278,153,49,104
106000279,17,54,-37
106000280,105,86,19
106000281,94,44,50
106000282,72,85,-13
106000283,164,41,123
106000284,82,84,-2
106000285,111,72,39
106000286,97,129,-32
106000287,98,58,40
106000288,65,119,-54
106000289,87,64,23
106000290,51,89,-38
106000291,91,75,16
106000292,59,86,-27
106000293,149,98,51
106000294,135,94,41
106000295,39,48,-9
106000296,38,79,-41
106000297,67,214,-147
106000298,117,66,51
106000299,92,121,-29
106000300,61,85,-24
106000301,59,111,-52
106000303,29,67,-38
106000304,21,33,-12
106000305,48,62,-14
106000306,48,62,-14
106000307,64,40,24
106000308,24,108,-84
106000309,10,79,-69
106000310,273,419,-146
106000311,315,136,179
106000312,115,140,-25
106000313,223,190,33
106000318,95,521,-426
106000319,935,232,703
106000320,4,75,-71
106000321,305,119,186
106000322,142,129,13
106000324,17,123,-106
106000325,1442,882,560
106000326,884,1454,-570
106000327,172,128,44
106000328,64,127,-63
106000329,446,211,235
106000330,149,80,69
106000428,89,188,-99
106000429,150,408,-258
106000430,388,1138,-750
106000431,2216,433,1783
106000432,1817,2563,-746
106000433,2223,1513,710
106000434,2892,1471,1421
106000435,1319,2242,-923
106000436,13,212,-199
106000437,273,49,224
106000438,372,153,219
106000439,97,439,-342
106000440,238,345,-107
106000441,2,1,1
106000442,214,8,206
106000443,191,217,-26
106000450,2,115,-113
106000451,17,59,-42
106000454,8,194,-186
106000455,9,175,-166
106000456,96,29,67
106000457,11,775,-764
106000458,729,108,621
106000459,147,249,-102
106000460,1320,18,1302
106000461,109,954,-845
106000462,0,24,-24
106000463,5,28,-23
106000464,5,401,-396
106000465,733,3,730
106000466,4,471,-467
106000467,374,515,-141
106000468,104,119,-15
106000469,165,1,164
106000470,311,1364,-1053
106000471,21,499,-478
106000472,132,9,123
106000473,36,16,20
106000474,310,413,-103
106000475,304,185,119
106000476,188,220,-32
106000477,57,107,-50
106000480,1,261,-260
106900001,0,11,-11
106900002,1,326,-325
106900003,189,735,-546
106900004,1,26,-25
106900006,0,4,-4
106900007,0,12,-12
106900008,275,153,122
106900009,244,229,15
106900010,179,209,-30
106900012,1199,1725,-526
106900013,562,141,421
106900014,36,4,32
106900015,26,4,22
106900016,273,21,252
106900017,5,1,4
106900018,2,0,2
106900019,42,0,42
106900020,1751,1234,517
106900021,126,67,59
106900022,806,4,802
106900023,64,210,-146
106900024,450,64,386
106900025,46,393,-347
106900026,1,443,-442
106900027,754,6,748
107000001,3572,3334,238
107000002,2620,3996,-1376
107000003,5333,5624,-291
107000004,3711,3803,-92
107000005,4249,5023,-774
107000006,4228,3578,650
107000007,5392,9176,-3784
107000008,9177,7121,2056
107000009,7106,7358,-252
107000010,8633,8364,269
107000011,1142,1215,-73
107000012,3488,2814,674
107000013,66,93,-27
107000014,47,198,-151
107000015,524,716,-192
107000016,690,728,-38
107000017,2119,1199,920
107000018,14,688,-674
107000020,1252,1059,193
107000021,1362,476,886
107000022,825,1250,-425
107000023,2474,228,2246
107000024,570,1354,-784
107000025,227,354,-127
107000026,283,435,-152
107000027,1401,970,431
107000028,1243,1260,-17
107000029,3156,2928,228
107000030,2947,2614,333
107000031,3922,2455,1467
107000032,507,923,-416
107000033,2661,3863,-1202
107000034,2587,1507,1080
107000035,358,270,88
107000036,323,1288,-965
107000037,57,798,-741
107000038,234,316,-82
107000039,905,910,-5
107000040,169,293,-124
107000041,1427,682,745
107000042,675,1911,-1236
107000043,2345,1161,1184
107000044,513,318,195
107000045,104,278,-174
107000046,799,426,373
107000047,482,776,-294
107000048,658,280,378
107000049,675,708,-33
107000050,1206,591,615
107000051,398,370,28
107000052,1311,1111,200
107000053,348,218,130
107000054,111,288,-177
107000055,387,163,224
107000056,607,840,-233
107000057,1606,301,1305
107000058,2198,2368,-170
107000059,1982,3041,-1059
107000060,3931,5171,-1240
107000061,4617,3208,1409
107000062,4159,2760,1399
107000063,3695,4301,-606
107000064,4572,2116,2456
107000065,3879,3958,-79
107000066,1922,2484,-562
107000067,1256,1404,-148
107000068,1485,720,765
107000069,856,499,357
107000070,1275,6,1269
107000071,3160,70,3090
107000072,55,2564,-2509
107000073,728,330,398
107000074,175,859,-684
107000075,1710,622,1088
107000076,642,1264,-622
107000077,3690,1583,2107
107000078,2487,2690,-203
107000079,2623,1148,1475
107000080,1183,2658,-1475
107000081,1822,580,1242
107000082,538,1544,-1006
107000083,1258,439,819
107000084,305,1703,-1398
107000085,2762,3108,-346
107000086,3476,3227,249
107000087,2890,2041,849
107000088,3258,3578,-320
107000089,1621,1666,-45
107000090,1041,1059,-18
107000091,1505,840,665
107000092,874,1081,-207
107000093,1371,855,516
107000094,1036,1217,-181
107000095,637,678,-41
107000096,563,613,-50
107000097,788,395,393
107000098,786,586,200
107000099,485,272,213
107000100,211,286,-75
107000101,61,175,-114
107000102,216,303,-87
107000103,290,168,122
107000104,148,278,-130
107000105,406,129,277
107000106,357,263,94
107000107,555,191,364
107000108,201,484,-283
107000109,532,191,341
107000110,68,427,-359
107000111,306,74,232
107000112,70,277,-207
107000113,572,155,417
107000114,119,461,-342
107000115,579,136,443
107000116,123,630,-507
107000117,233,542,-309
107000118,157,142,15
107000119,1354,1435,-81
107000120,1155,494,661
107000121,911,745,166
107000122,1206,742,464
107000123,529,703,-174
107000124,507,701,-194
107000125,1069,642,427
107000126,1010,727,283
107000129,201,679,-478
107000130,642,244,398
107000131,377,516,-139
107000132,531,354,177
107000133,693,109,584
107000134,321,2,319
107000135,3,285,-282
107000136,867,12,855
107000137,28,409,-381
107000138,312,45,267
107000139,16,413,-397
107000140,1383,88,1295
107000141,176,743,-567
107000142,566,121,445
107000143,70,648,-578
107000144,553,371,182
107000145,155,482,-327
107000146,272,311,-39
107000147,4120,1186,2934
107000150,553,2275,-1722
107000151,30,124,-94
107000152,413,1241,-828
107000153,170,373,-203
107000154,265,281,-16
107000155,849,28,821
107000156,1089,23,1066
107000157,42,1360,-1318
107000158,682,26,656
107000159,40,870,-830
107000160,1093,121,972
107000161,70,1266,-1196
107000162,252,472,-220
107000163,215,6,209
107000164,719,3,716
107000165,932,5,927
107000166,59,1031,-972
107000167,615,220,395
107000168,951,422,529
107000169,687,823,-136
107000170,2127,837,1290
107000171,827,1705,-878
107000172,1094,1401,-307
107000173,595,931,-336
107000174,1103,4379,-3276
107000175,5944,1775,4169
107000176,1,1,0
107000177,7,3,4
107000178,22,46,-24
107000179,362,1913,-1551
107000180,1341,271,1070
107000181,390,1067,-677
107000182,1762,847,915
107000183,165,659,-494
107000184,1084,691,393
107000185,370,1107,-737
107000186,1035,436,599
107000187,1336,1232,104
107000188,729,629,100
107000189,498,1009,-511
107000190,589,698,-109
107000191,931,1269,-338
107000192,1641,681,960
107000193,376,445,-69
107000194,999,730,269
107000197,1014,327,687
107000198,358,685,-327
107000199,660,617,43
107000200,547,673,-126
107000201,411,344,67
107000202,378,474,-96
107000203,978,979,-1
107000204,1183,1285,-102
107000205,1963,939,1024
107000206,959,1461,-502
107000207,766,922,-156
107000208,1052,558,494
107000209,1782,1350,432
107000210,724,376,348
107000211,8,46,-38
107000212,13,360,-347
107000213,11,18,-7
107000214,21,106,-85
107000215,313,344,-31
107000216,441,275,166
107000217,117,140,-23
107000219,100,157,-57
107000220,194,200,-6
107000222,304,629,-325
107000224,486,86,400
107000225,908,444,464
107000226,422,108,314
107000227,222,301,-79
107000228,61,250,-189
107000229,183,152,31
107000230,1090,443,647
107000231,1518,1798,-280
107000232,132,44,88
107000233,1466,978,488
107000234,2,41,-39
107000235,77,16,61
107000236,11,424,-413
107000237,15,0,15
107000238,74,0,74
107000239,2651,484,2167
107000240,154,925,-771
107000243,0,25,-25
107000244,5,48,-43
107000246,3,884,-881
107000249,5,1215,-1210
107000251,7,536,-529
107000252,3,1007,-1004
107000255,352,142,210
107000257,1,376,-375
107000258,0,109,-109
107000259,2,144,-142
107000260,649,9,640
107000262,6,464,-458
107000263,238,12,226
107000266,6,21,-15
107000267,76,129,-53
107000268,117,120,-3
107000269,583,96,487
107000270,2,20,-18
107000271,10,504,-494
107000272,18,130,-112
107000273,5,195,-190
107000274,1093,282,811
107000275,51,958,-907
107000280,809,36,773
107000281,56,795,-739
107000282,41,707,-666
107000290,7,32,-25
107000291,38,20,18
107000292,3,39,-36
107000293,131,4,127
107000294,1,21,-20
107000295,150,8,142
107000296,0,12,-12
107000444,241,9,232
107000496,1,10,-9
107000497,1298,1941,-643
107000500,343,252,91
107000501,157,150,7
107000502,227,318,-91
107000505,383,770,-387
107000506,0,67,-67
107000508,8,690,-682
107000509,320,741,-421
107000510,46,35,11
107000514,53,338,-285
107000515,16,182,-166
107000516,371,215,156
107000518,1034,1269,-235
107000519,1530,806,724
107000520,148,31,117
107000521,582,375,207
107000522,1067,557,510
107900001,67,127,-60
107900002,60,6,54
107900003,157,13,144
107900004,22,3,19
107900005,1362,3,1359
107900006,144,6,138
107900007,281,50,231
107900008,133,26,107
107900009,156,10,146
107900010,40,2,38
107900012,250,41,209
107900013,209,33,176
107900014,39,5,34
107900015,989,13,976
107900016,425,80,345
107900017,29,8,21
107900018,48,139,-91
107900019,29,35,-6
107900020,69,9,60
107900021,79,102,-23
107900023,0,3,-3
107900024,1,37,-36
107900025,181,207,-26
107900026,119,65,54
107900027,39,56,-17
107900028,101,81,20
107900030,211,24,187
107900031,57,96,-39
107900032,30,3,27
107900033,17,3,14
107900034,380,19,361
107900035,782,45,737
107900036,89,17,72
107900037,0,41,-41
107900038,115,226,-111
107900039,30,53,-23
107900040,34,187,-153
107900041,0,3,-3
107900043,53,85,-32
107900044,6,13,-7
107900045,146,42,104
107900046,153,202,-49
107900047,41,40,1
107900048,164,12,152
107900049,290,1045,-755
107900050,131,260,-129
107900051,70,61,9
107900052,43,47,-4
107900053,66,96,-30
107900055,535,243,292
107900056,122,66,56
107900057,4,0,4
107900058,21,485,-464
107900060,127,42,85
107900061,15,14,1
107900063,83,108,-25
107900064,217,165,52
107900065,168,6,162
107900066,14,6,8
107900067,0,0,0
107900068,143,513,-370
107900069,40,1832,-1792
107900070,106,33,73
107900071,19,575,-556
107900072,124,133,-9
107900073,428,92,336
107900074,613,318,295
107900076,121,55,66
107900077,106,1,105
107900079,15,26,-11
107900080,265,682,-417
107900081,46,93,-47
107900082,16,22,-6
107900083,306,153,153
107900084,102,110,-8
107900086,79,187,-108
107900087,468,170,298
107900088,48,6,42
107900089,237,675,-438
107900090,567,1869,-1302
107900091,206,295,-89
107900093,88,95,-7
107900095,2829,2119,710
107900097,36,53,-17
107900098,31,118,-87
107900100,835,1155,-320
107900101,785,178,607
107900102,35,5,30
107900103,42,173,-131
107900104,250,3,247
107900105,1,369,-368
107900106,0,970,-970
107900107,1052,497,555
107900108,226,159,67
107900109,1516,21,1495
107900110,50,88,-38
107900111,8,610,-602
107900112,92,335,-243
107900113,232,93,139
107900114,200,117,83
107900115,2,43,-41
107900116,144,142,2
107900117,330,259,71
107900118,71,140,-69
107900119,78,338,-260
107900120,25,37,-12
107900121,1,114,-113
107900122,1,74,-73
107900123,6,60,-54
107900124,28,50,-22
107900125,32,184,-152
107900126,5,49,-44
107900127,460,379,81
107900128,74,103,-29
107900129,88,37,51
107900130,76,26,50
107900131,691,290,401
107900132,137,311,-174
107900133,0,91,-91
107900134,43,99,-56
107900135,7,163,-156
107900136,39,28,11
107900137,148,122,26
107900138,64,59,5
107900139,40,111,-71
107900141,31,47,-16
107900142,78,582,-504
107900143,120,38,82
107900144,3,101,-98
107900145,8,73,-65
107900146,33,96,-63
107900147,61,63,-2
107900148,124,68,56
107900149,675,220,455
107900150,73,557,-484
107900151,41,90,-49
107900152,14,121,-107
107900153,143,287,-144
107900154,66,30,36
107900155,110,73,37
107900156,2,210,-208
107900157,42,54,-12
107900158,845,23,822
107900159,18,731,-713
107900160,144,170,-26
107900161,30,140,-110
107900162,1,52,-51
107900163,25,56,-31
107900164,10,45,-35
107900165,42,94,-52
107900166,13,154,-141
107900167,5,46,-41
107900168,51,30,21
107900169,3,152,-149
107900171,8,989,-981
107900172,1,318,-317
107900173,18,99,-81
107900174,134,8,126
107900175,59,41,18
107900176,24,30,-6
107900177,0,96,-96
107900178,0,121,-121
107900179,29,151,-122
107900180,577,585,-8
107900181,314,247,67
107900182,5,828,-823
107900183,52,199,-147
107900184,102,265,-163
107900185,146,10,136
107900186,22,45,-23
107900187,0,105,-105
107900188,611,175,436
107900189,19,83,-64
107900190,79,159,-80
107900191,60,105,-45
107900193,3,44,-41
107900194,188,19,169
107900195,1876,326,1550
107900196,94,139,-45
107900197,745,444,301
107900199,3,922,-919
107900201,65,102,-37
107900203,76,65,11
107900204,227,145,82
107900206,817,355,462
107900207,0,332,-332
107900208,22,481,-459
107900209,406,128,278
107900210,78,125,-47
107900213,458,364,94
107900214,16,69,-53
107900215,149,325,-176
107900216,132,63,69
107900217,32,82,-50
107900218,17,1168,-1151
107900219,43,100,-57
107900220,180,223,-43
107900221,113,201,-88
107900223,93,493,-400
107900224,99,284,-185
107900225,6,486,-480
107900226,95,92,3
107900227,85,395,-310
107900228,17,81,-64
107900229,2,226,-224
107900230,9,81,-72
107900231,13,197,-184
107900232,76,101,-25
107900233,8,100,-92
107900234,58,74,-16
107900235,32,83,-51
107900236,112,69,43
107900237,52,354,-302
107900238,34,96,-62
107900239,754,445,309
107900240,30,121,-91
107900241,8,40,-32
107900242,45,153,-108
107900243,2,42,-40
107900244,319,5,314
107900245,674,22,652
107900246,485,10,475
107900248,516,332,184
107900249,681,42,639
107900250,1,381,-380
107900251,96,1144,-1048
107900252,844,25,819
107900253,151,3,148
107900254,52,341,-289
107900255,274,101,173
107900256,1419,892,527
107900257,151,93,58
107900258,121,178,-57
107900259,85,2022,-1937
107900261,10,284,-274
107900262,90,82,8
107900264,238,4,234
107900265,203,117,86
107900267,284,12,272
107900268,23,9,14
107900269,1,7,-6
107900270,1,0,1
107900271,3,18,-15
107900272,130,30,100
107900273,46,46,0
107900274,92,0,92
107900275,24,1,23
107900276,1,76,-75
107900277,0,182,-182
107900278,370,380,-10
107900279,97,153,-56
107900280,1731,1833,-102
107900281,1179,2498,-1319
107900282,37,447,-410
107900283,765,527,238
107900284,430,472,-42
107900285,91,50,41
107900286,131,136,-5
107900287,190,154,36
107900290,0,102,-102
107900291,408,22,386
107900292,89,146,-57
107900293,72,314,-242
107900295,83,59,24
107900297,4,235,-231
107900298,683,656,27
107900299,2478,2257,221
107900301,735,758,-23
107900302,84,32,52
107900303,225,330,-105
107900304,279,357,-78
107900305,284,12,272
107900306,15,28,-13
107900307,55,204,-149
107900308,181,149,32
107900309,98,1,97
107900310,291,4,287
107900311,16,248,-232
107900312,65,0,65
107900313,1,103,-102
107900314,1,53,-52
107900315,1,27,-26
107900316,31,1,30
107900317,68,16,52
107900318,12,99,-87
107900319,4,102,-98
107900320,2,106,-104
107900321,143,3,140
107900322,7,134,-127
107900323,13,117,-104
107900324,123,5,118
107900325,93,1,92
107900326,405,229,176
107900327,0,91,-91
107900328,84,0,84
107900329,66,98,-32
107900330,9,175,-166
107900331,232,24,208
107900332,289,28,261
107900333,49,23,26
107900334,15,123,-108
107900335,68,35,33
107900336,80,72,8
107900337,852,900,-48
107900338,7,152,-145
107900339,0,15,-15
107900340,4,41,-37
107900341,63,0,63
107900342,151,182,-31
107900343,33,6,27
107900344,18,72,-54
107900345,172,97,75
107900346,10,2,8
107900347,15,4,11
107900348,7,3,4
107900349,14,3,11
107900350,22,180,-158
107900351,3,117,-114
107900352,5,44,-39
107900353,25,4,21
107900354,13,61,-48
108000001,2808,3301,-493
108000002,1991,2297,-306
108000003,3217,3126,91
108000004,10974,13300,-2326
108000005,7517,6339,1178
108000006,7462,6804,658
108000007,4857,4110,747
108000008,4086,5537,-1451
108000009,3817,4391,-574
108000010,3315,3930,-615
108000011,11289,11461,-172
108000012,14895,14129,766
108000014,976,740,236
108000015,847,312,535
108000016,276,708,-432
108000017,1030,364,666
108000018,1822,605,1217
108000019,1845,845,1000
108000020,1309,534,775
108000021,352,1768,-1416
108000022,446,1133,-687
108000023,1227,252,975
108000024,341,505,-164
108000025,298,265,33
108000026,896,446,450
108000027,819,564,255
108000028,862,239,623
108000029,556,782,-226
108000030,614,197,417
108000031,279,567,-288
108000032,1682,673,1009
108000033,701,969,-268
108000034,1635,425,1210
108000035,659,1750,-1091
108000036,363,888,-525
108000037,1653,370,1283
108000038,2386,648,1738
108000039,513,1594,-1081
108000040,1717,975,742
108000041,647,1934,-1287
108000042,296,220,76
108000043,276,293,-17
108000044,498,205,293
108000045,273,527,-254
108000046,1407,329,1078
108000047,426,833,-407
108000048,247,331,-84
108000049,912,331,581
108000050,157,509,-352
108000051,358,171,187
108000052,242,558,-316
108000053,393,289,104
108000054,422,855,-433
108000055,981,550,431
108000056,1176,1291,-115
108000057,575,1144,-569
108000058,1866,3519,-1653
108000059,2963,1766,1197
108000060,213,661,-448
108000061,347,463,-116
108000062,798,575,223
108000063,493,438,55
108000064,225,270,-45
108000065,598,454,144
108000066,1360,651,709
108000067,1760,639,1121
108000068,697,418,279
108000069,171,941,-770
108000070,1827,827,1000
108000071,641,1236,-595
108000072,1740,1228,512
108000073,1277,1560,-283
108000074,625,400,225
108000075,321,769,-448
108000076,814,594,220
108000077,583,605,-22
108000078,2184,1461,723
108000079,772,1343,-571
108000080,1289,578,711
108000081,525,1285,-760
108000082,958,1665,-707
108000083,1741,1032,709
108000084,476,1044,-568
108000085,847,520,327
108000086,817,632,185
108000087,185,1994,-1809
108000088,653,207,446
108000089,285,302,-17
108000091,212,385,-173
108000092,208,69,139
108000093,181,432,-251
108000094,498,83,415
108000095,130,296,-166
108000096,316,182,134
108000097,193,349,-156
108000098,1544,1238,306
108000099,1074,287,787
108000100,143,442,-299
108000101,1389,1362,27
108000102,1769,3436,-1667
108000106,982,0,982
108000107,1,726,-725
108000108,811,64,747
108000109,17,620,-603
108000110,185,271,-86
108000111,189,515,-326
108000112,49,153,-104
108000113,426,274,152
108000115,292,258,34
108000117,599,372,227
108000118,534,1650,-1116
108000119,613,330,283
108000120,161,731,-570
108000121,198,414,-216
108000122,548,324,224
108000123,1225,198,1027
108000124,492,742,-250
108000125,471,228,243
108000126,204,385,-181
108000127,618,329,289
108000128,604,460,144
108000129,1126,884,242
108000130,975,238,737
108000131,921,634,287
108000132,1682,1173,509
108000133,832,593,239
108000134,502,456,46
108000135,1097,505,592
108000136,358,805,-447
108000137,536,364,172
108000138,421,933,-512
108000139,576,314,262
108000140,119,48,71
108000141,49,69,-20
108000142,55,100,-45
108000143,30,386,-356
108000144,372,87,285
108000145,47,15,32
108000146,627,74,553
108000147,64,17,47
108000148,550,75,475
108000149,17,9,8
108000150,38,8,30
108000151,249,69,180
108000152,109,476,-367
108000153,505,178,327
108000154,47,10,37
108000155,54,15,39
108000156,720,381,339
108000157,137,895,-758
108000158,95,791,-696
108000159,519,221,298
108000160,2493,1098,1395
108000161,2084,2293,-209
108000165,4,160,-156
108000172,11,285,-274
108000173,1636,2092,-456
108000175,616,134,482
108000178,331,277,54
108000179,185,844,-659
108000181,74,36,38
108000182,266,138,128
108000183,68,426,-358
108000184,877,1803,-926
108000185,253,474,-221
108000186,355,403,-48
108000187,136,549,-413
108000188,667,250,417
108000189,2005,7541,-5536
108000190,48,127,-79
108000192,197,487,-290
108000193,640,24,616
108000194,69,36,33
108000195,4,840,-836
108000196,388,200,188
108000198,736,348,388
108000199,0,254,-254
108000200,458,450,8
108000203,133,587,-454
108000204,177,126,51
108000205,267,409,-142
108000339,1152,391,761
108000364,278,639,-361
108000365,77,263,-186
108000367,193,254,-61
108000368,15,56,-41
108000369,945,264,681
108000371,20,558,-538
108000372,824,20,804
108000373,235,119,116
108000376,90,43,47
108000377,456,229,227
108000378,8459,9472,-1013
108000379,33,189,-156
108000381,63,21,42
108000382,181,0,181
108000383,0,242,-242
108900001,75,1031,-956
108900002,154,83,71
108900003,276,616,-340
108900004,1146,469,677
108900007,272,203,69
108900008,88,148,-60
108900009,101,127,-26
108900010,279,213,66
108900011,502,382,120
108900012,305,403,-98
108900013,186,235,-49
108900014,10,95,-85
108900015,1,166,-165
108900016,6,255,-249
108900017,280,313,-33
108900018,172,312,-140
108900019,28,583,-555
108900020,40,193,-153
108900021,177,177,0
108900022,166,14,152
108900023,5,33,-28
108900024,24,90,-66
108900025,136,121,15
108900026,30,72,-42
108900027,0,74,-74
108900028,108,256,-148
108900029,77,222,-145
108900030,0,71,-71
108900031,134,277,-143
108900032,13,154,-141
108900033,0,101,-101
108900034,1,214,-213
108900035,292,1046,-754
108900038,3,207,-204
108900039,0,334,-334
108900040,6,88,-82
108900041,4272,3081,1191
108900042,6,307,-301
108900043,62,389,-327
108900044,1,350,-349
108900045,72,401,-329
108900046,33,493,-460
108900047,0,114,-114
108900048,94,750,-656
108900049,2413,1269,1144
108900050,0,161,-161
108900051,0,129,-129
108900052,26,162,-136
108900053,88,183,-95
108900054,54,178,-124
108900055,62,276,-214
108900056,0,120,-120
108900057,0,74,-74
108900058,57,251,-194
108900059,382,60,322
108900060,92,144,-52
108900061,98,24,74
108900062,10,193,-183
108900063,18,244,-226
108900064,295,66,229
108900065,18,182,-164
108900066,383,127,256
108900067,15,158,-143
108900068,6,138,-132
108900069,86,82,4
108900070,23,94,-71
108900071,104,82,22
108900072,1573,641,932
108900073,27,273,-246
108900074,201,286,-85
108900075,47,41,6
108900076,260,76,184
108900077,127,377,-250
108900078,20,109,-89
108900079,633,211,422
108900080,36,779,-743
108900081,62,206,-144
108900082,96,97,-1
108900083,28,274,-246
108900085,1872,145,1727
108900086,110,172,-62
108900087,113,155,-42
108900088,862,433,429
108900089,25,172,-147
108900090,65,210,-145
108900091,140,97,43
108900092,516,373,143
108900093,110,84,26
108900094,269,96,173
108900095,39,256,-217
108900096,326,19,307
108900097,334,169,165
108900098,1914,802,1112
108900099,402,218,184
108900100,82,110,-28
108900101,189,200,-11
108900102,81,926,-845
108900103,117,215,-98
108900105,7,1176,-1169
108900106,442,265,177
108900108,354,60,294
108900109,410,99,311
108900110,203,294,-91
108900111,491,404,87
108900113,26,38,-12
108900114,60,9,51
108900115,61,109,-48
108900116,81,25,56
108900117,126,12,114
108900118,544,20,524
108900119,249,16,233
108900120,303,158,145
108900121,248,161,87
108900122,172,12,160
108900123,119,149,-30
108900124,409,231,178
108900125,412,2,410
108900126,150,25,125
108900127,163,20,143
108900128,129,42,87
108900129,725,170,555
108900130,321,3,318
108900131,358,4,354
108900132,475,53,422
108900133,242,82,160
108900134,374,193,181
108900135,134,13,121
108900136,52,0,52
108900137,138,1,137
108900138,703,50,653
108900140,305,203,102
108900141,432,20,412
108900142,158,10,148
108900143,55,0,55
108900144,109,1,108
108900145,205,20,185
108900146,84,1,83
108900147,207,2,205
108900148,64,33,31
108900150,281,7,274
108900151,215,9,206
108900152,220,7,213
108900153,191,290,-99
108900154,4151,437,3714
108900156,77,12,65
108900157,94,343,-249
108900158,623,49,574
108900159,10,139,-129
108900160,19,199,-180
108900161,26,342,-316
108900162,128,1,127
108900163,8,266,-258
108900164,54,93,-39
108900168,6135,2384,3751
108900169,84,132,-48
108900171,4655,2617,2038
108900172,182,74,108
108900173,144,339,-195
108900174,941,548,393
108900176,97,408,-311
108900177,4321,4603,-282
108900178,2892,2953,-61
108900180,98,298,-200
108900183,175,216,-41
108900184,385,170,215
108900185,162,252,-90
108900186,60,282,-222
108900189,359,135,224
108900190,41,2139,-2098
108900192,81,206,-125
108900195,102,199,-97
108900196,71,254,-183
108900199,256,322,-66
108900200,523,374,149
108900201,451,1387,-936
108900203,495,141,354
108900204,335,26,309
108900205,191,30,161
108900206,376,81,295
108900207,149,107,42
108900208,17,296,-279
108900209,231,498,-267
108900210,169,192,-23
108900211,183,478,-295
108900212,556,1441,-885
108900215,74,409,-335
108900216,575,162,413
108900217,161,0,161
108900218,137,26,111
108900221,60,138,-78
108900224,57,182,-125
108900225,2,216,-214
108900227,97,318,-221
108900230,195,184,11
108900232,0,180,-180
108900233,351,85,266
108900234,273,199,74
108900235,182,465,-283
108900236,26,274,-248
108900240,142,103,39
108900241,50,39,11
108900245,11,1287,-1276
108900250,275,126,149
108900258,18,197,-179
108900259,71,54,17
108900260,10,64,-54
108900261,83,95,-12
108900262,155,143,12
108900263,38,158,-120
108900264,653,257,396
108900265,773,409,364
108900266,728,547,181
108900267,10,104,-94
108900268,16,5,11
108900269,83,11,72
108900270,75,5,70
108900271,46,26,20
108900272,207,11,196
108900273,889,805,84
108900274,75,73,2
109000001,2374,1355,1019
109000002,1360,1538,-178
109000003,2259,459,1800
109000004,466,1765,-1299
109000005,2314,540,1774
109000006,707,1899,-1192
109000007,1232,567,665
109000008,393,1462,-1069
109000009,3330,1275,2055
109000010,1283,3069,-1786
109000011,2867,1986,881
109000012,1638,2685,-1047
109000013,3193,2770,423
109000014,1582,2501,-919
109000015,3566,6438,-2872
109000016,5280,3182,2098
109000017,2253,1127,1126
109000018,754,2394,-1640
109000019,2548,1367,1181
109000020,952,1790,-838
109000023,271,30,241
109000024,7,138,-131
109000025,354,372,-18
109000026,646,270,376
109000027,85,319,-234
109000028,108,65,43
109000029,89,167,-78
109000030,74,474,-400
109000031,227,215,12
109000032,121,434,-313
109000033,298,200,98
109000034,70,53,17
109000035,14,64,-50
109000036,73,285,-212
109000037,239,1065,-826
109000038,451,327,124
109000039,845,606,239
109000040,4128,7541,-3413
109000041,2548,1670,878
109000042,599,1171,-572
109000044,413,71,342
109000045,141,321,-180
109000046,275,65,210
109000047,67,445,-378
109000048,712,233,479
109000049,306,589,-283
109000050,337,271,66
109000051,307,237,70
109000052,501,766,-265
109000053,164,106,58
109000054,423,379,44
109000055,272,321,-49
109000056,386,429,-43
109000057,589,453,136
109000058,806,235,571
109000059,806,1469,-663
109000060,370,356,14
109000061,792,828,-36
109000062,127,326,-199
109000063,204,133,71
109000064,466,179,287
109000065,120,180,-60
109000066,295,113,182
109000067,51,203,-152
109000068,2711,8,2703
109000069,1117,40,1077
109000070,15,1392,-1377
109000071,436,79,357
109000072,129,299,-170
109000073,58,79,-21
109000074,48,164,-116
109000075,75,341,-266
109000076,131,262,-131
109000077,359,251,108
109000078,107,121,-14
109000079,184,152,32
109000080,218,80,138
109000081,181,425,-244
109000082,621,188,433
109000083,269,551,-282
109000088,92,394,-302
109000089,256,53,203
109000090,134,314,-180
109000091,328,214,114
109000092,296,406,-110
109000093,184,151,33
109000094,518,1,517
109000095,92,351,-259
109000096,568,286,282
109000097,121,167,-46
109000098,71,163,-92
109000099,1098,249,849
109000100,230,544,-314
109000101,1452,633,819
109000102,296,633,-337
109000103,432,567,-135
109000104,1671,484,1187
109000105,459,954,-495
109000106,2012,741,1271
109000107,512,1561,-1049
109000108,1496,542,954
109000109,387,1379,-992
109000110,1079,535,544
109000111,788,1523,-735
109000112,486,116,370
109000113,382,132,250
109000114,189,417,-228
109000115,1153,122,1031
109000116,16,253,-237
109000117,235,98,137
109000118,9,275,-266
109000119,1242,219,1023
109000120,155,594,-439
109000121,486,42,444
109000122,126,557,-431
109000123,50,76,-26
109000124,596,381,215
109000125,777,364,413
109000126,437,616,-179
109000127,848,210,638
109000128,481,1200,-719
109000129,1803,679,1124
109000130,571,1483,-912
109000131,791,600,191
109000132,771,1570,-799
109000133,325,809,-484
109000134,693,1214,-521
109000135,1051,1559,-508
109000136,329,302,27
109000137,341,368,-27
109000138,476,264,212
109000139,461,392,69
109000140,162,327,-165
109000141,507,426,81
109000142,108,477,-369
109000143,113,98,15
109000145,138,346,-208
109000146,130,106,24
109000148,2546,1219,1327
109000149,17,71,-54
109000150,118,267,-149
109000155,716,549,167
109000156,835,493,342
109000158,96,201,-105
109000159,71,365,-294
109000160,877,201,676
109000161,287,782,-495
109000162,1669,683,986
109000163,919,1393,-474
109000164,1242,2402,-1160
109000165,1088,460,628
109000166,704,120,584
109000167,127,487,-360
109000170,57,59,-2
109000171,74,51,23
109000172,63,94,-31
109000173,42,76,-34
109000174,98,42,56
109000175,44,73,-29
109000176,265,249,16
109000177,30,112,-82
109000178,635,307,328
109000179,3834,4533,-699
109000180,3944,3234,710
109000181,11,30,-19
109000182,36,17,19
109000183,62,25,37
109000184,38,29,9
109000185,19,51,-32
109000188,427,1502,-1075
109000189,1842,815,1027
109000190,551,417,134
109000191,336,404,-68
109000192,447,260,187
109000193,165,260,-95
109000194,311,126,185
109000195,168,267,-99
109000196,369,144,225
109000197,172,319,-147
109000198,342,65,277
109000199,112,381,-269
109000206,209,42,167
109000207,111,45,66
109000208,71,70,1
109000209,168,155,13
109000210,232,488,-256
109000211,548,351,197
109000214,457,305,152
109000215,167,52,115
109000216,234,255,-21
109000217,227,114,113
109000218,362,156,206
109000221,439,994,-555
109000222,921,316,605
109000223,328,291,37
109000224,47,129,-82
109000225,72,35,37
109000226,59,211,-152
109000227,853,998,-145
109000228,5,1203,-1198
109000231,2,214,-212
109000232,392,250,142
109000236,247,608,-361
109000241,1922,1943,-21
109000242,1803,1310,493
109000293,29,96,-67
109000361,179,261,-82
109000364,174,415,-241
109000396,5,465,-460
109000397,494,13,481
109000399,165,359,-194
109000400,62,266,-204
109000403,95,805,-710
109000406,369,9,360
109000407,231,221,10
109000408,2,441,-439
109000410,1064,259,805
109000411,186,31,155
109900001,111,0,111
109900002,693,15,678
109900003,283,1,282
109900004,691,110,581
109900005,43,7,36
109900006,383,142,241
109900007,842,426,416
109900008,0,47,-47
109900009,129,395,-266
109900010,504,18,486
109900011,109,33,76
109900012,352,225,127
109900013,361,138,223
109900014,472,41,431
109900015,433,251,182
109900016,148,20,128
109900017,208,235,-27
109900018,227,72,155
109900019,371,70,301
109900020,57,44,13
109900021,35,17,18
109900022,127,181,-54
109900023,34,8,26
109900024,26,7,19
109900025,11,69,-58
109900026,3,106,-103
109900027,40,52,-12
109900028,1088,865,223
109900029,6,176,-170
109900030,54,8,46
109900031,1,102,-101
109900032,11,292,-281
109900033,0,439,-439
109900034,42,1,41
109900035,11,32,-21
109900036,26,76,-50
109900037,16,401,-385
109900038,91,206,-115
109900039,14,1,13
109900040,28,459,-431
109900041,55,263,-208
109900042,78,400,-322
109900044,192,230,-38
109900045,211,132,79
109900046,123,132,-9
109900047,254,335,-81
109900048,7,100,-93
109900049,22,35,-13
109900050,0,107,-107
109900051,0,34,-34
109900052,118,235,-117
109900053,2,235,-233
109900054,530,187,343
109900055,79,221,-142
109900056,61,188,-127
109900057,0,126,-126
109900058,2,84,-82
109900059,621,119,502
109900060,507,155,352
109900061,75,215,-140
109900062,0,154,-154
109900063,4,412,-408
109900064,492,231,261
109900065,82,91,-9
109900066,293,691,-398
109900067,5,200,-195
109900068,74,4,70
109900069,4,35,-31
109900070,31,249,-218
109900071,2,23,-21
109900072,31,123,-92
109900073,305,336,-31
109900074,9,35,-26
109900075,24,24,0
109900076,20,310,-290
109900077,40,47,-7
109900078,79,180,-101
109900080,125,236,-111
109900081,17,231,-214
109900082,23,245,-222
109900083,33,69,-36
109900084,90,137,-47
109900085,192,563,-371
109900086,166,313,-147
109900087,302,462,-160
109900089,672,217,455
109900090,438,805,-367
109900091,309,70,239
109900092,633,28,605
109900093,991,158,833
109900094,106,87,19
109900095,118,155,-37
109900096,27,4,23
109900097,116,4,112
109900098,377,26,351
109900099,203,1,202
109900100,40,1,39
109900101,424,11,413
109900102,416,27,389
109900103,31,29,2
109900104,627,577,50
109900105,504,36,468
109900106,330,87,243
109900107,548,99,449
109900108,79,228,-149
109900109,40,103,-63
109900110,91,273,-182
109900111,244,556,-312
109900112,245,414,-169
109900113,737,514,223
109900114,1068,1049,19
109900115,199,90,109
109900117,800,143,657
109900118,249,378,-129
109900119,557,288,269
109900120,72,23,49
109900121,445,590,-145
109900122,420,6,414
109900123,18,103,-85
109900124,38,362,-324
109900125,2,117,-115
109900126,209,83,126
109900128,239,40,199
109900130,4869,2107,2762
109900131,41,107,-66
109900132,29,126,-97
109900133,107,239,-132
109900134,76,80,-4
109900135,297,91,206
109900136,62,163,-101
109900137,107,247,-140
109900140,232,139,93
109900142,1086,274,812
109900145,5,419,-414
109900146,485,36,449
109900148,40,72,-32
109900149,28,54,-26
109900150,17,104,-87
109900151,20,44,-24
109900152,0,36,-36
109900153,1,56,-55
109900154,47,0,47
109900155,77,28,49
109900157,45,176,-131
109900158,54,100,-46
109900159,161,29,132
109900160,170,51,119
109900161,234,86,148
109900162,199,139,60
109900163,524,251,273
109900164,73,206,-133
109900165,241,4,237
109900166,5,146,-141
109900167,196,438,-242
109900168,170,509,-339
109900169,221,141,80
109900170,225,742,-517
109900171,144,71,73
109900172,228,214,14
109900173,2280,2285,-5
109900174,48,86,-38
109900175,58,81,-23
109900176,98,142,-44
109900177,34,143,-109
109900178,15,127,-112
109900179,81,22,59
109900180,10,13,-3
110000001,875,496,379
110000002,550,722,-172
110000003,759,589,170
110000004,433,678,-245
110000005,427,1573,-1146
110000006,325,307,18
110000007,118,108,10
110000008,29,44,-15
110000009,55,18,37
110000010,51,35,16
110000011,41,78,-37
110000012,552,339,213
110000013,43,453,-410
110000014,562,374,188
110000015,250,789,-539
110000016,258,1287,-1029
110000017,2263,270,1993
110000018,1898,349,1549
110000019,12,130,-118
110000020,543,249,294
110000021,520,399,121
110000022,620,155,465
110000023,10,169,-159
110000024,644,353,291
110000025,471,13,458
110000026,22,303,-281
110000027,1101,1009,92
110000028,918,661,257
110000029,562,717,-155
110000030,283,468,-185
110000031,298,398,-100
110000032,619,459,160
110000033,304,105,199
110000034,560,594,-34
110000035,734,510,224
110000036,703,571,132
110000037,227,373,-146
110000038,252,544,-292
110000039,684,2411,-1727
110000040,265,306,-41
110000041,324,1254,-930
110000042,111,379,-268
110000043,782,267,515
110000044,85,292,-207
110000045,699,101,598
110000046,2,15,-13
110000047,103,40,63
110000048,8,21,-13
110000049,54,7,47
110000050,9,22,-13
110000051,23,18,5
110000052,30,34,-4
110000053,41,10,31
110000054,250,279,-29
110000055,550,39,511
110000056,199,100,99
110000057,341,567,-226
110000058,918,437,481
110000059,876,472,404
110000060,777,846,-69
110000061,759,711,48
110000062,619,815,-196
110000063,40,93,-53
110000064,102,73,29
110000065,54,49,5
110000066,66,39,27
110000067,99,162,-63
110000068,379,175,204
110000069,256,104,152
110000071,145,92,53
110000073,15,19,-4
110000075,14,68,-54
110000076,330,292,38
110000077,395,993,-598
110000078,27,26,1
110000080,294,624,-330
110000081,93,209,-116
110000082,44,307,-263
110000083,248,694,-446
110000084,1271,790,481
110000085,1765,1672,93
110000086,1462,2108,-646
110000087,15,52,-37
110000088,89,207,-118
110000089,410,89,321
110000090,785,265,520
110000091,877,247,630
110000092,25,42,-17
110000093,142,12,130
110000094,525,273,252
110000095,165,527,-362
110000096,1703,1986,-283
110000097,1058,1124,-66
110000098,1865,629,1236
110000099,798,1475,-677
110000100,895,458,437
110000101,55,303,-248
110000102,65,33,32
110000104,399,131,268
110000105,117,315,-198
110000106,617,350,267
110000107,282,468,-186
110000108,134,71,63
110000109,247,263,-16
110000110,2704,4477,-1773
110000111,4727,2420,2307
110000112,1204,1315,-111
110000113,321,2150,-1829
110000114,183,549,-366
110000115,359,323,36
110000116,55,61,-6
110000117,236,251,-15
110000118,388,232,156
110000119,208,238,-30
110000120,425,191,234
110000121,120,324,-204
110000122,350,560,-210
110000123,536,768,-232
110000124,4,818,-814
110000125,915,31,884
110000126,325,71,254
110000127,1174,71,1103
110000128,38,1031,-993
110000129,5,606,-601
110000130,396,180,216
110000131,124,454,-330
110000132,1,480,-479
110000133,43,692,-649
110000134,20,357,-337
110000135,181,42,139
110000136,66,234,-168
110000137,460,481,-21
110000138,719,535,184
110000139,763,884,-121
110000140,1001,643,358
110000143,612,401,211
110000144,5162,2056,3106
110000145,1813,1289,524
110000146,1333,730,603
110000147,394,628,-234
110000148,473,216,257
110000151,969,921,48
110000152,709,368,341
110000153,96,29,67
110000154,14,25,-11
110000155,1215,4059,-2844
110000156,1011,2568,-1557
110000157,1691,2225,-534
110000160,408,261,147
110000161,219,212,7
110000166,514,92,422
110000167,781,572,209
110000168,854,469,385
110000169,878,345,533
110000170,160,70,90
110000171,516,183,333
110000172,177,675,-498
110000173,922,936,-14
110000174,133,694,-561
110000175,575,57,518
110000176,789,293,496
110000177,237,701,-464
110000178,420,1474,-1054
110000179,1020,325,695
110000180,159,232,-73
110000181,417,499,-82
110000182,303,141,162
110000183,7010,5989,1021
110000184,320,2129,-1809
110000185,868,631,237
110000186,750,722,28
110000191,895,284,611
110000192,689,12,677
110000193,1238,13,1225
110000194,11,868,-857
110000195,463,323,140
110000196,427,270,157
110000197,106,193,-87
110000198,171,69,102
110000199,99,117,-18
110000200,1411,466,945
110000201,1145,955,190
110000202,1154,590,564
110000203,678,616,62
110000204,10,215,-205
110000205,168,60,108
110000206,609,1083,-474
110000207,980,338,642
110000208,213,205,8
110000209,182,731,-549
110000210,1043,478,565
110000211,793,603,190
110000212,364,992,-628
110000213,200,84,116
110000214,321,135,186
110000215,260,261,-1
110000216,118,253,-135
110000217,258,170,88
110000218,227,305,-78
110000219,310,86,224
110000220,79,257,-178
110000221,310,83,227
110000222,71,179,-108
110000223,5,201,-196
110000224,104,16,88
110000225,263,653,-390
110000226,236,60,176
110000227,807,648,159
110000228,274,181,93
110000229,3,241,-238
110000230,550,594,-44
110000231,164,174,-10
110000232,631,186,445
110000233,353,250,103
110000234,715,522,193
110000235,956,936,20
110000236,683,564,119
110000237,1871,1079,792
110000238,1124,1446,-322
110000239,1898,1158,740
110000240,1,69,-68
110000242,0,8,-8
110000243,125,105,20
110000244,117,319,-202
110000245,33,315,-282
110000246,723,488,235
110000247,968,4332,-3364
110000248,1750,1508,242
110000249,75,8,67
110000250,60,173,-113
110000251,332,430,-98
110000252,280,212,68
110000253,1259,586,673
110000254,655,1071,-416
110000255,224,840,-616
110000256,438,306,132
110000257,740,452,288
110000258,13,348,-335
110000259,157,15,142
110000260,28,209,-181
110000263,503,91,412
110000264,317,332,-15
110000265,1018,1683,-665
110000266,1682,2664,-982
110000267,26,177,-151
110000268,307,379,-72
110000269,3,52,-49
110000270,65,1,64
110000271,997,217,780
110000272,1064,993,71
110000273,2975,1379,1596
110000274,188,1380,-1192
110000275,1541,501,1040
110000276,351,352,-1
110000277,268,334,-66
110000278,342,633,-291
110000279,748,660,88
110000280,377,350,27
110000281,77,327,-250
110000282,292,28,264
110000283,81,156,-75
110000284,54,38,16
110000285,3,490,-487
110000286,22,1,21
110000287,45,2,43
110000288,3,94,-91
110000289,423,1589,-1166
110000290,880,464,416
110000291,4094,1289,2805
110000292,1306,3594,-2288
110000293,960,627,333
110000294,1163,1000,163
110000295,145,775,-630
110000296,451,306,145
110000297,2228,411,1817
110000298,237,556,-319
110000299,280,82,198
110000301,404,28,376
110000302,465,736,-271
110000303,521,14,507
110000304,228,238,-10
110000305,1037,20,1017
110000306,174,981,-807
110000307,1371,16,1355
110000308,404,5,399
110000309,6,564,-558
110000310,759,68,691
110000311,23,568,-545
110000312,493,93,400
110000313,1985,3168,-1183
110000314,1,233,-232
110000315,2826,2312,514
110000316,548,1456,-908
110000317,474,489,-15
110000318,7,72,-65
110000319,55,20,35
110000320,62,36,26
110000321,9,46,-37
110000322,292,274,18
110000323,465,194,271
110000324,2988,1552,1436
110000325,2448,2681,-233
110000327,459,328,131
110000328,154,356,-202
110000333,1021,629,392
110000334,802,1280,-478
110000335,687,439,248
110000336,613,833,-220
110000337,1330,566,764
110000338,462,198,264
110000339,314,203,111
110000340,169,151,18
110000341,540,441,99
110000342,344,6,338
110000343,1,20,-19
110000344,941,146,795
110000345,1047,132,915
110000346,2096,1839,257
110000347,1135,699,436
110000348,26,33,-7
110000349,17,11,6
110000350,57,7,50
110000351,899,742,157
110000352,619,1271,-652
110000353,2121,648,1473
110000354,1177,2729,-1552
110000355,71,67,4
110000356,589,9,580
110000357,341,25,316
110000361,16,41,-25
110000362,72,10,62
110000363,441,121,320
110000364,215,316,-101
110000365,182,1,181
110000366,2,80,-78
110000367,374,135,239
110000368,8,63,-55
110000369,107,0,107
110000373,8,248,-240
110000374,374,20,354
110000375,109,1082,-973
110000376,29,78,-49
110000377,86,451,-365
110000378,31,341,-310
110000379,2201,1692,509
110000380,53,8,45
110000383,1,1440,-1439
110000384,2179,1370,809
110000385,0,138,-138
110000387,52,16,36
110000388,30,204,-174
110000389,819,2,817
110000391,751,296,455
110000396,189,133,56
110000397,189,186,3
110000398,6,47,-41
110000399,144,0,144
110000587,194,57,137
110000589,269,135,134
110000640,232,64,168
110000652,15,148,-133
110000653,292,430,-138
110000654,110,455,-345
110000656,0,555,-555
110000674,22,11,11
110000675,21,7,14
110000676,4,36,-32
110000679,439,1373,-934
110000682,111,226,-115
110000683,253,512,-259
110000684,2,19,-17
110000685,5,10,-5
110000686,1,17,-16
110000687,28,0,28
110000688,82,918,-836
110000689,54,39,15
110000692,45,133,-88
110000693,71,217,-146
110000694,0,151,-151
110000695,337,566,-229
110000696,74,84,-10
110900001,275,35,240
110900002,358,175,183
110900003,689,498,191
110900004,510,151,359
110900005,1918,2192,-274
110900006,67,12,55
110900007,153,28,125
110900008,7,40,-33
110900009,389,108,281
110900010,15,50,-35
110900011,26,80,-54
110900012,16,64,-48
110900013,968,154,814
110900014,617,26,591
110900015,463,607,-144
110900016,53,114,-61
110900017,369,37,332
110900018,399,59,340
110900019,200,15,185
110900020,130,250,-120
110900021,84,428,-344
110900022,196,248,-52
110900023,105,439,-334
110900024,36,302,-266
110900025,5,85,-80
110900027,39,163,-124
110900028,57,99,-42
110900029,22,304,-282
110900030,38,204,-166
110900031,1,138,-137
110900032,1,75,-74
110900033,79,193,-114
110900035,30,512,-482
110900036,80,22,58
110900037,57,29,28
110900038,790,215,575
110900039,17,252,-235
110900040,199,35,164
110900041,15,98,-83
110900042,147,50,97
110900043,6,122,-116
110900044,192,27,165
110900045,64,294,-230
110900046,50,215,-165
110900047,399,294,105
110900049,103,60,43
110900050,28,8,20
110900051,43,192,-149
110900052,10,159,-149
110900053,128,24,104
110900054,106,161,-55
110900055,32,3,29
110900056,49,146,-97
110900057,4,103,-99
110900058,236,175,61
110900059,657,469,188
110900060,519,119,400
110900061,28,47,-19
110900062,166,184,-18
110900063,44,272,-228
110900064,21,1,20
110900065,351,133,218
110900066,5,79,-74
110900067,239,515,-276
110900068,223,210,13
110900069,10,20,-10
110900070,114,102,12
110900071,264,518,-254
110900073,0,12,-12
110900074,277,74,203
110900075,376,63,313
110900077,1039,570,469
110900078,50,33,17
110900079,2413,1450,963
110900080,103,67,36
110900081,4,31,-27
110900082,117,125,-8
110900083,111,56,55
110900084,63,65,-2
110900085,51,204,-153
110900086,55,385,-330
110900087,356,88,268
110900088,10,0,10
110900090,41,48,-7
110900091,1,41,-40
110900093,283,101,182
110900095,49,23,26
110900097,15,20,-5
110900098,28,62,-34
110900099,27,339,-312
110900100,0,19,-19
110900102,52,9,43
110900105,522,206,316
110900108,8,50,-42
110900111,369,244,125
110900112,897,8,889
110900113,424,56,368
110900115,14,64,-50
110900116,600,1380,-780
110900118,95,2669,-2574
110900119,2998,291,2707
110900120,12,50,-38
110900121,209,1,208
110900122,466,175,291
110900125,422,440,-18
110900127,742,1446,-704
110900128,409,536,-127
110900129,377,869,-492
110900130,1031,684,347
110900131,308,50,258
110900132,284,49,235
110900133,293,174,119
110900135,81,297,-216
110900136,348,49,299
110900139,28,2,26
110900140,1,0,1
110900141,380,176,204
110900142,44,130,-86
110900143,148,89,59
110900144,0,520,-520
110900145,343,45,298
110900146,372,179,193
110900147,117,285,-168
110900148,3,318,-315
110900149,2,50,-48
110900150,48,26,22
110900151,8,57,-49
110900152,61,189,-128
110900153,188,62,126
111000001,575,551,24
111000002,806,605,201
111000003,1091,606,485
111000004,416,811,-395
111000005,1258,965,293
111000006,791,1435,-644
111000007,3639,2432,1207
111000008,1740,2707,-967
111000009,324,740,-416
111000010,795,242,553
111000011,383,1194,-811
111000012,793,315,478
111000013,779,1179,-400
111000014,1598,509,1089
111000017,122,876,-754
111000018,322,424,-102
111000020,753,2130,-1377
111000021,73,113,-40
111000023,150,84,66
111000025,3907,4017,-110
111000029,226,131,95
111000030,41,120,-79
111000031,1954,1138,816
111000032,559,405,154
111000033,224,367,-143
111000034,192,203,-11
111000037,1226,910,316
111000038,3102,1746,1356
111000039,1928,1815,113
111000040,1627,2089,-462
111000041,1673,1512,161
111000042,2642,2208,434
111000043,1676,3063,-1387
111000044,1736,1355,381
111000045,2135,2358,-223
111000046,1424,1897,-473
111000047,2233,3824,-1591
111000049,534,470,64
111000050,1392,1283,109
111000051,487,951,-464
111000052,651,1586,-935
111000053,367,786,-419
111000054,430,763,-333
111000055,909,1280,-371
111000056,172,378,-206
111000057,78,404,-326
111000058,408,71,337
111000059,565,259,306
111000060,3707,949,2758
111000061,540,334,206
111000062,778,337,441
111000063,1852,1031,821
111000064,630,601,29
111000065,1036,1005,31
111000066,488,454,34
111000067,595,645,-50
111000068,798,1009,-211
111000069,1734,1862,-128
111000070,1122,929,193
111000071,235,504,-269
111000072,1128,498,630
111000073,361,862,-501
111000074,1459,1663,-204
111000075,1148,580,568
111000076,502,594,-92
111000077,1171,1174,-3
111000078,2581,1371,1210
111000079,1236,678,558
111000080,471,579,-108
111000081,1448,3451,-2003
111000082,589,574,15
111000084,875,594,281
111000085,878,1068,-190
111000086,2156,1048,1108
111000087,716,611,105
111000088,4086,2074,2012
111000089,683,747,-64
111000090,817,1387,-570
111000091,820,435,385
111000092,1276,821,455
111000093,730,1042,-312
111000094,1878,1011,867
111000095,624,2166,-1542
111000096,1709,6867,-5158
111000097,4093,1663,2430
111000098,753,1107,-354
111000099,506,1593,-1087
111000100,402,1211,-809
111000101,464,749,-285
111000102,335,446,-111
111000104,501,204,297
111000107,117,526,-409
111000109,471,277,194
111000110,1357,638,719
111000111,2534,478,2056
111000112,2122,633,1489
111000113,1016,1404,-388
111000114,2109,3580,-1471
111000115,5014,1388,3626
111000116,1028,862,166
111000117,439,923,-484
111000118,1388,762,626
111000119,1117,936,181
111000120,463,632,-169
111000121,343,693,-350
111000122,567,1029,-462
111000123,902,2261,-1359
111000124,400,1945,-1545
111000125,255,1040,-785
111000126,111,716,-605
111000127,1042,153,889
111000128,1963,372,1591
111000129,2526,537,1989
111000130,1907,613,1294
111000131,1486,561,925
111000132,1419,681,738
111000133,254,136,118
111000134,303,142,161
111000135,59,198,-139
111000136,391,386,5
111000138,15,1,14
111000140,1,11,-10
111000141,192,341,-149
111000142,19,122,-103
111000143,7,168,-161
111000144,40,562,-522
111000145,1428,23,1405
111000146,108,11,97
111000147,312,52,260
111000148,129,56,73
111000149,8,24,-16
111000150,42,2,40
111000151,6,18,-12
111000153,604,795,-191
111000154,886,302,584
111000155,105,151,-46
111000156,438,548,-110
111000157,271,801,-530
111000158,857,743,114
111000159,2131,740,1391
111000160,523,400,123
111000161,17,226,-209
111000162,98,163,-65
111000163,744,733,11
111000164,590,2894,-2304
111000165,907,486,421
111000166,1671,347,1324
111000167,152,355,-203
111000168,250,424,-174
111000169,325,643,-318
111000170,464,360,104
111000171,532,610,-78
111000172,170,416,-246
111000173,404,690,-286
111000174,210,274,-64
111000175,51,223,-172
111000176,535,141,394
111000177,357,322,35
111000178,1136,391,745
111000179,240,223,17
111000180,252,523,-271
111000181,1068,258,810
111000182,250,193,57
111000183,435,322,113
111000184,358,244,114
111000185,381,495,-114
111000186,375,221,154
111000187,144,182,-38
111000188,207,355,-148
111000189,985,556,429
111000190,167,310,-143
111000191,175,279,-104
111000192,202,448,-246
111000193,346,296,50
111000194,66,331,-265
111000195,171,291,-120
111000196,99,198,-99
111000197,460,117,343
111000198,624,114,510
111000199,298,136,162
111000200,417,327,90
111000201,642,245,397
111000202,310,207,103
111000203,388,304,84
111000204,458,1305,-847
111000213,264,482,-218
111000214,1473,1262,211
111000215,1190,1087,103
111000217,1373,979,394
111000218,1404,1183,221
111000219,442,179,263
111000220,1276,526,750
111000221,639,100,539
111000224,48,294,-246
111000225,457,290,167
111000226,114,10,104
111000227,40,7,33
111000228,17,357,-340
111000229,79,772,-693
111000230,240,295,-55
111000231,998,610,388
111000232,587,890,-303
111000233,828,569,259
111000234,104,330,-226
111000239,114,142,-28
111000240,53,173,-120
111000241,52,271,-219
111000242,177,63,114
111000243,169,483,-314
111000244,524,76,448
111000245,1214,411,803
111000246,566,294,272
111000247,259,696,-437
111000248,591,428,163
111000249,427,557,-130
111000250,63,52,11
111000251,47,80,-33
111000253,13,29,-16
111000255,54,8,46
111000257,55,31,24
111000260,84,883,-799
111000261,1143,128,1015
111000271,55,275,-220
111000273,2677,1265,1412
111000274,1189,2082,-893
111000275,181,56,125
111000276,232,1501,-1269
111000277,249,405,-156
111000278,606,240,366
111000291,747,4886,-4139
111000298,537,190,347
111000299,562,153,409
111000300,143,532,-389
111000302,297,70,227
111000303,90,205,-115
111000312,49,43,6
111000315,9,120,-111
111000320,283,669,-386
111000321,416,117,299
111000322,392,435,-43
111000323,254,24,230
111000324,430,278,152
111000325,48,83,-35
111000326,216,318,-102
111000327,416,342,74
111000328,225,447,-222
111000329,0,27,-27
111000330,47,8,39
111000331,36,6,30
111000332,767,1502,-735
111000334,355,1153,-798
111000335,1973,353,1620
111000337,1200,349,851
111000338,100,106,-6
111000339,610,226,384
111000340,654,552,102
111000341,1249,705,544
111000342,309,1154,-845
111000344,1016,669,347
111000345,256,92,164
111000346,21,111,-90
111000347,215,8,207
111000350,313,132,181
111000351,139,342,-203
111000352,131,111,20
111000353,131,252,-121
111000354,421,224,197
111000355,296,527,-231
111000358,163,890,-727
111000360,180,514,-334
111000361,131,279,-148
111000546,777,519,258
111000547,425,441,-16
111000548,147,359,-212
111000549,286,364,-78
111000550,106,958,-852
111000551,613,288,325
111000552,2046,206,1840
111000907,422,36,386
111000908,25,4,21
111000916,1526,275,1251
111000917,43,383,-340
111000918,231,594,-363
111000920,684,12,672
111000921,13,188,-175
111000922,514,254,260
111000924,43,569,-526
111000925,4013,2025,1988
111000926,1479,1611,-132
111000927,3073,4556,-1483
111000928,3661,2915,746
111000929,1295,1355,-60
111000930,773,2050,-1277
111000931,1830,2744,-914
111000932,3730,2133,1597
111000933,3389,2513,876
111000934,1871,3181,-1310
111000935,1424,1078,346
111000936,1159,1905,-746
111000937,1034,1476,-442
111000938,1469,1473,-4
111000939,525,57,468
111000940,468,187,281
111000941,353,438,-85
111000943,415,293,122
111000944,162,285,-123
111000945,84,1197,-1113
111001109,520,383,137
111001110,209,417,-208
111001111,96,11,85
111001112,78,1,77
111001113,4,163,-159
111001114,908,124,784
111001115,100,465,-365
111001116,4666,4162,504
111001117,509,2200,-1691
111001120,127,235,-108
111001121,177,234,-57
111001122,190,466,-276
111001123,266,96,170
111001124,73,184,-111
111001125,6,121,-115
111001126,1,0,1
111001127,0,30,-30
111900001,6,193,-187
111900002,2,541,-539
111900003,3,302,-299
111900004,59,102,-43
111900006,6,33,-27
111900007,77,0,77
111900008,147,0,147
111900009,128,2,126
111900010,327,391,-64
111900012,58,97,-39
111900013,34,58,-24
111900014,4057,3708,349
111900015,0,48,-48
111900016,1,64,-63
111900017,0,77,-77
111900018,229,11,218
111900019,0,98,-98
111900020,1,51,-50
111900021,38,95,-57
111900022,8,38,-30
111900023,71,78,-7
111900024,7,59,-52
111900025,0,34,-34
111900026,0,67,-67
111900027,6,76,-70
111900028,1,252,-251
111900029,3,82,-79
111900030,21,345,-324
111900031,12,25,-13
111900032,1,255,-254
111900033,8,85,-77
111900034,249,457,-208
111900035,130,203,-73
111900036,0,209,-209
111900038,316,508,-192
111900039,49,297,-248
111900040,5,412,-407
111900042,19,152,-133
111900043,4,235,-231
111900044,322,172,150
111900046,43,126,-83
111900048,240,542,-302
111900049,28,167,-139
111900050,126,37,89
111900051,0,154,-154
111900052,324,379,-55
111900053,891,1352,-461
111900054,139,9,130
111900055,18,315,-297
111900056,151,309,-158
111900057,123,75,48
111900058,390,425,-35
111900059,1357,594,763
111900060,291,2,289
111900061,4,135,-131
111900062,44,58,-14
111900063,403,275,128
111900064,108,174,-66
111900065,103,32,71
111900066,107,139,-32
111900067,1,277,-276
111900068,69,63,6
111900069,80,23,57
111900070,161,115,46
111900071,2,200,-198
111900072,53,26,27
111900073,807,185,622
111900074,13,143,-130
111900075,87,9,78
111900076,144,85,59
111900077,41,2,39
111900078,304,39,265
111900079,58,51,7
111900080,197,347,-150
111900082,114,46,68
111900083,138,30,108
111900084,123,20,103
111900085,23,144,-121
111900086,42,7,35
111900087,53,4,49
111900088,470,11,459
111900089,152,3,149
111900090,50,48,2
111900091,241,2,239
111900092,81,4,77
111900093,455,10,445
111900094,149,1,148
111900095,259,44,215
111900096,167,11,156
111900097,64,0,64
111900098,274,0,274
111900099,102,0,102
111900100,191,8,183
111900101,91,35,56
111900102,531,405,126
111900103,58,89,-31
111900104,183,45,138
111900105,255,233,22
111900106,709,36,673
111900110,1481,338,1143
111900111,282,112,170
111900112,451,2404,-1953
111900113,264,74,190
111900118,351,106,245
111900119,354,188,166
111900122,199,108,91
111900123,21,26,-5
111900124,33,77,-44
111900125,508,43,465
111900126,235,2,233
111900127,3,515,-512
111900128,1,410,-409
111900129,274,9,265
111900130,246,47,199
111900131,591,3,588
111900132,24,752,-728
111900133,6,255,-249
111900134,12,192,-180
111900135,12,37,-25
111900136,100,191,-91
111900137,46,43,3
111900138,9,59,-50
111900139,17,95,-78
111900140,75,25,50
111900141,55,13,42
111900142,96,41,55
111900143,26,147,-121
111900144,8,91,-83
111900145,1,398,-397
111900146,2,179,-177
111900147,183,343,-160
111900148,23,499,-476
111900149,3,247,-244
111900150,14,109,-95
111900151,3,30,-27
111900152,76,83,-7
111900153,1162,488,674
111900154,12,244,-232
111900155,55,73,-18
111900156,53,78,-25
111900157,149,24,125
111900158,556,84,472
111900159,285,17,268
111900160,277,5,272
111900161,192,9,183
111900162,84,149,-65
111900163,40,147,-107
111900164,109,73,36
111901113,422,208,214
111901114,279,234,45
111901115,62,1,61
111901116,36,1,35
111901117,23,28,-5
111901118,52,197,-145
111901119,508,87,421
111901121,134,150,-16
111901122,4,353,-349
111901123,185,247,-62
111901124,220,4,216
111901125,392,211,181
111901127,382,337,45
111901128,9,76,-67
111901129,4,68,-64
111901130,9,118,-109
111901131,6,226,-220
111901132,54,14,40
111901133,62,5,57
111901134,73,13,60
111901135,29,8,21
111901136,3,35,-32
111901138,202,42,160
111901139,14,23,-9
111901140,16,84,-68
111901141,20,110,-90
111901142,2,89,-87
111901143,1,96,-95
111901144,52,58,-6
111901145,147,289,-142
111901146,352,19,333
111901147,397,148,249
111901148,17,63,-46
111901149,12,5,7
111901150,41,1,40
112000001,1536,651,885
112000002,563,1801,-1238
112000003,1372,865,507
112000004,628,794,-166
112000005,2969,3159,-190
112000006,1832,1582,250
112000007,2937,2102,835
112000008,2467,3729,-1262
112000009,2756,2993,-237
112000010,2546,3106,-560
112000011,1425,1550,-125
112000012,3594,4229,-635
112000013,3616,2821,795
112000014,2403,2462,-59
112000015,3698,3318,380
112000016,3884,1461,2423
112000017,1988,2550,-562
112000024,2081,912,1169
112000026,3091,3828,-737
112000027,854,665,189
112000028,1257,1502,-245
112000029,469,629,-160
112000030,140,110,30
112000031,1206,4041,-2835
112000032,333,60,273
112000033,1724,1859,-135
112000034,316,69,247
112000035,189,441,-252
112000036,997,932,65
112000037,2473,711,1762
112000038,2655,900,1755
112000039,84,75,9
112000040,80,273,-193
112000041,436,450,-14
112000042,986,434,552
112000050,1158,1134,24
112000051,1087,1199,-112
112000054,1565,1695,-130
112000057,441,397,44
112000058,329,585,-256
112000059,483,859,-376
112000061,2391,2075,316
112000062,1344,737,607
112000063,1016,1435,-419
112000064,3532,5000,-1468
112000065,1787,2591,-804
112000066,3553,1507,2046
112000067,791,725,66
112000068,3112,2435,677
112000069,653,1548,-895
112000070,1931,886,1045
112000071,892,2106,-1214
112000072,2166,881,1285
112000073,1394,1784,-390
112000074,1332,1020,312
112000075,1443,1061,382
112000076,3101,2397,704
112000077,1123,488,635
112000078,1675,508,1167
112000079,1288,1115,173
112000080,770,651,119
112000081,1321,2153,-832
112000082,1335,804,531
112000083,487,1135,-648
112000084,1187,801,386
112000085,1031,865,166
112000086,1541,1172,369
112000087,435,300,135
112000088,840,538,302
112000089,282,243,39
112000090,220,251,-31
112000091,585,902,-317
112000092,1813,803,1010
112000093,1595,845,750
112000094,723,804,-81
112000095,678,809,-131
112000096,891,1139,-248
112000097,1251,800,451
112000098,901,960,-59
112000099,750,1680,-930
112000100,1658,730,928
112000101,494,813,-319
112000102,1266,536,730
112000103,308,933,-625
112000105,650,1534,-884
112000106,1898,449,1449
112000107,105,272,-167
112000108,319,1471,-1152
112000109,188,155,33
112000110,1873,818,1055
112000111,896,2645,-1749
112000112,3266,634,2632
112000113,786,1486,-700
112000114,2323,866,1457
112000115,352,378,-26
112000116,737,785,-48
112000117,940,704,236
112000118,955,766,189
112000119,500,719,-219
112000120,103,316,-213
112000121,145,436,-291
112000122,292,152,140
112000123,729,188,541
112000124,410,79,331
112000125,246,249,-3
112000126,247,431,-184
112000127,2017,2035,-18
112000128,835,567,268
112000129,127,94,33
112000130,196,64,132
112000131,80,201,-121
112000132,124,186,-62
112000133,374,172,202
112000134,413,377,36
112000135,1786,654,1132
112000136,1157,1135,22
112000137,1899,1411,488
112000138,1899,1030,869
112000139,1063,597,466
112000140,918,1191,-273
112000141,718,301,417
112000142,189,503,-314
112000143,1153,222,931
112000144,299,1065,-766
112000145,2273,670,1603
112000146,513,1594,-1081
112000147,2531,1806,725
112000148,1569,1879,-310
112000149,517,628,-111
112000150,298,630,-332
112000151,436,373,63
112000152,418,400,18
112000153,248,300,-52
112000154,120,196,-76
112000155,158,114,44
112000157,812,533,279
112000158,303,376,-73
112000159,353,236,117
112000167,314,104,210
112000169,336,472,-136
112000173,660,203,457
112000175,347,330,17
112000176,2572,1919,653
112000177,674,222,452
112000178,97,378,-281
112000179,221,107,114
112000180,315,645,-330
112000181,1236,1681,-445
112000182,1182,1214,-32
112000183,32,33,-1
112000184,364,314,50
112000185,428,475,-47
112000187,3429,2286,1143
112000195,115,20,95
112000196,192,6,186
112000197,156,173,-17
112000198,48,223,-175
112000199,1041,1071,-30
112000202,406,3,403
112000216,70,230,-160
112000230,84,7,77
112000231,4,208,-204
112000256,59,295,-236
112000313,65,113,-48
112000314,53,37,16
112000337,259,548,-289
112000352,319,409,-90
112000392,1219,1226,-7
112000398,1269,873,396
112000399,1419,1959,-540
112000400,1445,2627,-1182
112000401,2533,2459,74
112000402,2827,3040,-213
112000403,1513,2735,-1222
112000404,827,758,69
112000405,1836,2613,-777
112000406,2857,2114,743
112000407,6713,7475,-762
112000408,6615,5577,1038
112000409,1443,4217,-2774
112000410,396,349,47
112000411,3204,1562,1642
112000412,1242,634,608
112000413,6147,5438,709
112000414,55,80,-25
112000415,85,41,44
112000416,2541,1423,1118
112000417,299,66,233
112000421,60,108,-48
112000422,357,281,76
112000424,1823,2473,-650
112000425,457,899,-442
112000426,253,403,-150
112000427,0,13,-13
112000428,251,310,-59
112000429,2092,2177,-85
112000430,2538,2588,-50
112000431,92,157,-65
112000432,577,1187,-610
112000433,407,881,-474
112000437,76,210,-134
112900001,90,0,90
112900002,492,792,-300
112900003,95,304,-209
112900004,39,245,-206
112900005,267,161,106
112900006,4,265,-261
112900007,53,186,-133
112900008,1,23,-22
112900009,469,105,364
112900010,420,721,-301
112900011,141,192,-51
112900012,1,46,-45
112900013,4,105,-101
112900014,4,323,-319
112900015,339,647,-308
112900016,9,180,-171
112900017,29,155,-126
112900018,2,202,-200
112900019,46,175,-129
112900020,286,955,-669
112900021,2,179,-177
112900022,9,57,-48
112900023,0,159,-159
112900024,15,170,-155
112900025,58,178,-120
112900026,2,177,-175
112900027,10,861,-851
112900028,10,103,-93
112900029,9,487,-478
112900030,121,125,-4
112900031,7,345,-338
112900032,180,286,-106
112900034,2,36,-34
112900035,5,278,-273
112900036,105,118,-13
112900037,134,207,-73
112900038,646,185,461
112900039,12,210,-198
112900040,8,283,-275
112900041,629,1054,-425
112900042,82,278,-196
112900043,48,34,14
112900044,489,375,114
112900045,260,229,31
112900046,213,62,151
112900047,10,15,-5
112900049,217,82,135
112900050,38,436,-398
112900051,270,460,-190
112900052,5,778,-773
112900053,539,90,449
112900054,152,48,104
112900055,155,39,116
112900056,367,220,147
112900057,24,501,-477
112900058,357,346,11
112900059,159,136,23
112900060,41,164,-123
112900061,94,99,-5
112900062,114,107,7
112900063,188,26,162
112900064,130,191,-61
112900065,42,22,20
112900066,172,174,-2
112900067,363,154,209
112900068,43,44,-1
112900069,1405,746,659
112900071,33,3,30
112900072,103,1797,-1694
112900073,351,77,274
112900074,93,251,-158
112900075,1100,884,216
112900076,89,58,31
112900078,339,351,-12
112900079,297,48,249
112900080,59,4,55
112900081,57,166,-109
112900082,620,66,554
112900083,197,105,92
112900084,198,127,71
112900086,98,1,97
112900087,685,157,528
112900088,156,8,148
112900089,978,35,943
112900090,53,33,20
112900091,269,4,265
112900092,205,359,-154
112900093,1349,24,1325
112900095,66,2,64
112900096,423,167,256
112900097,106,230,-124
112900098,109,1,108
112900099,749,19,730
112900100,67,0,67
112900101,449,5,444
112900102,169,25,144
112900103,281,6,275
112900104,113,3,110
112900105,19,1,18
112900106,411,124,287
112900107,10,1,9
112900108,49,0,49
112900109,129,0,129
112900110,1258,18,1240
112900111,733,8,725
112900112,335,4,331
112900113,0,4,-4
112900114,141,42,99
112900115,1220,5,1215
112900116,143,46,97
112900117,73,99,-26
112900118,23,87,-64
112900119,199,3,196
112900120,903,244,659
112900121,78,170,-92
112900122,37,91,-54
112900123,109,21,88
112900124,11,85,-74
112900125,53,424,-371
112900126,219,226,-7
112900127,327,137,190
112900128,316,569,-253
112900129,2,681,-679
112900130,255,100,155
112900131,37,221,-184
112900132,216,368,-152
112900133,27,953,-926
112900134,1,172,-171
112900135,131,50,81
112900137,5,472,-467
112900138,6,167,-161
112900139,169,978,-809
112900141,690,42,648
112900142,63,151,-88
112900143,35,421,-386
112900144,0,256,-256
112900145,28,396,-368
112900146,9,955,-946
112900147,2,1406,-1404
112900148,68,14,54
112900149,215,562,-347
112900151,14,66,-52
112900152,3420,812,2608
112900153,1634,2300,-666
112900154,1,115,-114
112900155,229,29,200
112900156,309,1146,-837
112900157,416,185,231
112900158,83,21,62
112900159,161,120,41
112900160,76,258,-182
112900161,140,43,97
112900162,41,24,17
112900163,82,48,34
112900164,40,236,-196
112900165,313,35,278
112900166,24,79,-55
112900167,6,71,-65
112900168,5,1,4
112900169,17,15,2
112900170,91,79,12
112900172,38,26,12
112900173,163,132,31
112900174,238,46,192
112900175,131,177,-46
112900176,9,56,-47
112900177,233,63,170
112900178,786,2011,-1225
112900179,38,436,-398
112900180,1579,1512,67
112900181,591,4,587
112900182,63,791,-728
112900183,139,254,-115
112900184,447,493,-46
112900185,248,627,-379
112900186,1111,895,216
112900187,102,615,-513
112900188,652,416,236
112900189,10,6,4
112900190,11,21,-10
112900192,592,572,20
112900193,1126,371,755
112900194,49,53,-4
112900195,684,29,655
112900196,213,277,-64
112900197,207,350,-143
112900199,612,466,146
112900200,404,178,226
112900201,178,96,82
112900202,396,586,-190
112900203,269,189,80
112900204,856,701,155
112900205,11,4,7
112900206,31,68,-37
112900207,25,0,25
112900208,116,314,-198
112900209,434,306,128
112900210,0,14,-14
112900211,72,45,27
112900212,1,99,-98
112900213,75,15,60
112900214,18,13,5
112900215,14,148,-134
112900216,19,64,-45
112900217,2,51,-49
112900218,66,16,50
112900219,100,20,80
112900220,2,0,2
112900221,35,58,-23
112900222,0,29,-29
112900223,868,19,849
112900224,306,459,-153
112900225,440,350,90
112900226,303,334,-31
112900227,606,823,-217
112900228,51,44,7
112900229,255,42,213
112900230,5633,3676,1957
112900232,239,276,-37
112900233,71,161,-90
112900234,17,67,-50
112900235,102,33,69
112900236,249,8,241
112900237,239,242,-3
112900238,3,18,-15
112900239,1359,407,952
112900240,9,60,-51
112900241,22,112,-90
112900242,11,107,-96
112900243,12,89,-77
112900244,15,53,-38
112900245,1,46,-45
112900246,3,12,-9
112900247,132,36,96
112900248,11,1,10
112900249,29,11,18
112900250,56,28,28
112900251,57,8,49
112900252,61,22,39
112900253,34,7,27
112900254,11,4,7
112900255,1,30,-29
112900256,2,46,-44
112900257,15,31,-16
112900258,24,24,0
113000001,5598,4118,1480
113000002,3413,3296,117
113000003,1936,1374,562
113000004,1710,2216,-506
113000005,1618,957,661
113000006,967,1308,-341
113000007,2091,1171,920
113000008,1655,1857,-202
113000009,999,636,363
113000010,1127,1270,-143
113000011,606,1310,-704
113000012,1671,611,1060
113000013,1098,727,371
113000014,1415,1420,-5
113000015,290,152,138
113000016,344,758,-414
113000017,22,335,-313
113000018,382,66,316
113000019,187,365,-178
113000020,675,93,582
113000021,1171,549,622
113000022,680,934,-254
113000025,155,390,-235
113000026,434,477,-43
113000027,512,556,-44
113000028,520,555,-35
113000029,929,801,128
113000030,450,612,-162
113000031,331,403,-72
113000032,305,329,-24
113000033,334,458,-124
113000034,378,385,-7
113000035,42,51,-9
113000036,25,52,-27
113000037,70,55,15
113000038,16,56,-40
113000039,75,297,-222
113000040,93,106,-13
113000042,739,613,126
113000051,803,2105,-1302
113000052,1804,810,994
113000053,385,427,-42
113000054,343,776,-433
113000055,1134,578,556
113000056,912,837,75
113000058,757,998,-241
113000059,1162,666,496
113000060,251,540,-289
113000061,526,877,-351
113000062,830,246,584
113000063,191,98,93
113000064,42,266,-224
113000065,146,679,-533
113000066,623,115,508
113000067,1962,1151,811
113000068,342,1134,-792
113000069,626,999,-373
113000070,2386,1038,1348
113000071,469,530,-61
113000072,766,497,269
113000073,351,1277,-926
113000074,876,430,446
113000075,2159,775,1384
113000076,641,2030,-1389
113000077,1249,844,405
113000078,845,2129,-1284
113000079,739,899,-160
113000080,744,885,-141
113000081,805,911,-106
113000082,1307,767,540
113000083,574,877,-303
113000084,1560,1214,346
113000085,869,794,75
113000086,1443,1293,150
113000087,1355,905,450
113000088,2121,1190,931
113000089,951,1641,-690
113000090,268,562,-294
113000091,468,336,132
113000094,1084,187,897
113000095,222,686,-464
113000096,156,738,-582
113000097,1090,402,688
113000098,132,47,85
113000099,810,357,453
113000100,136,402,-266
113000101,350,586,-236
113000102,621,502,119
113000103,1717,397,1320
113000104,455,1779,-1324
113000105,661,365,296
113000106,303,406,-103
113000107,897,674,223
113000108,690,975,-285
113000109,561,1590,-1029
113000110,1676,436,1240
113000111,193,579,-386
113000112,329,409,-80
113000113,1264,486,778
113000114,385,1333,-948
113000116,566,359,207
113000117,714,119,595
113000118,105,431,-326
113000119,367,325,42
113000120,70,256,-186
113000121,545,709,-164
113000124,279,136,143
113000125,75,703,-628
113000127,2611,352,2259
113000128,376,473,-97
113000129,532,537,-5
113000133,1846,1598,248
113000134,7,840,-833
113000135,4331,4228,103
113000137,1734,3448,-1714
113000139,385,252,133
113000140,148,273,-125
113000141,228,253,-25
113000142,536,1181,-645
113000143,287,239,48
113000144,337,673,-336
113000145,89,163,-74
113000146,163,81,82
113000147,188,100,88
113000148,196,147,49
113000149,117,125,-8
113000150,529,307,222
113000151,80,60,20
113000152,42,119,-77
113000153,1212,542,670
113000154,857,1462,-605
113000155,338,551,-213
113000156,154,348,-194
113000157,298,767,-469
113000158,676,215,461
113000159,912,674,238
113000160,559,860,-301
113000161,254,321,-67
113000162,690,314,376
113000163,118,73,45
113000164,23,86,-63
113000166,167,98,69
113000167,56,77,-21
113000168,80,126,-46
113000169,259,64,195
113000170,108,95,13
113000171,68,105,-37
113000172,252,70,182
113000173,76,30,46
113000174,117,513,-396
113000175,448,147,301
113000176,637,171,466
113000177,196,584,-388
113000178,199,293,-94
113000179,297,162,135
113000180,578,1007,-429
113000181,1118,868,250
113000182,161,377,-216
113000183,159,615,-456
113000184,19,103,-84
113000189,421,807,-386
113000190,953,635,318
113000192,1081,2083,-1002
113000193,3361,1633,1728
113000194,1693,1224,469
113000195,2122,1063,1059
113000196,217,94,123
113000197,2253,1170,1083
113000198,75,218,-143
113000199,1138,314,824
113000201,192,305,-113
113000202,3228,962,2266
113000203,273,138,135
113000204,1111,2042,-931
113000205,13,17,-4
113000206,17,47,-30
113000207,84,12,72
113000208,54,48,6
113000209,16,18,-2
113000210,3,29,-26
113000211,205,238,-33
113000212,106,26,80
113000213,40,127,-87
113000214,154,260,-106
113000234,175,866,-691
113000410,140,193,-53
113000411,2278,4162,-1884
113000412,5944,2460,3484
113000413,2175,2965,-790
113000414,5421,11900,-6479
113000415,2057,2869,-812
113000416,7531,4050,3481
113000417,2695,2895,-200
113000418,4616,3388,1228
113000419,1693,2164,-471
113000420,4347,5644,-1297
113000421,3714,5947,-2233
113000422,10806,10442,364
113000423,2124,5067,-2943
113000424,3013,8866,-5853
113000425,6,73,-67
113000428,40,34,6
113000430,5,51,-46
113000432,2199,228,1971
113000433,77,690,-613
113000434,52,144,-92
113000435,45,477,-432
113000436,52,1016,-964
113000437,988,24,964
113000438,361,14,347
113000439,89,112,-23
113000440,139,74,65
113000441,231,208,23
113000442,136,136,0
113000443,307,184,123
113000444,179,183,-4
113000445,176,139,37
113000446,41,97,-56
113000448,191,117,74
113000449,210,913,-703
113000450,407,1730,-1323
113000451,1195,186,1009
113000452,351,363,-12
113000453,88,324,-236
113000454,628,75,553
113000455,65,340,-275
113000456,3590,2919,671
113000468,1590,184,1406
113000469,152,59,93
113000470,458,33,425
113000471,20,437,-417
113000472,99,278,-179
113000474,740,565,175
113000475,1302,1470,-168
113000476,1276,1804,-528
113000477,3164,1947,1217
113000478,3585,5022,-1437
113000479,48,177,-129
113000484,0,0,0
113000485,3,0,3
113000486,1,0,1
113000487,8,0,8
113000488,0,0,0
113000489,0,2,-2
113000490,0,0,0
113000491,2,7,-5
113000492,1,5,-4
113000493,0,0,0
113000495,198,171,27
113000496,134,130,4
113900001,0,244,-244
113900002,0,58,-58
113900003,0,52,-52
113900004,6,42,-36
113900005,4,58,-54
113900006,1,26,-25
113900007,6,2,4
113900008,32,2,30
113900009,97,3,94
113900010,83,1,82
113900011,45,0,45
113900012,22,3,19
113900013,204,1,203
113900014,541,4,537
113900015,1,62,-61
113900016,63,0,63
113900017,4,55,-51
113900018,348,234,114
113900019,131,66,65
113900020,165,1,164
113900022,20,0,20
113900023,51,0,51
113900024,97,67,30
113900025,226,9,217
113900026,55,0,55
113900027,3,61,-58
113900028,43,407,-364
113900029,55,179,-124
113900030,210,2,208
113900031,13,0,13
113900032,19,0,19
113900033,90,90,0
113900035,60,2,58
113900036,15,68,-53
113900037,123,397,-274
113900038,59,102,-43
113900039,113,23,90
113900040,10,19,-9
113900041,6,3,3
113900042,63,55,8
113900043,155,127,28
113900044,275,304,-29
113900045,116,1,115
113900046,216,600,-384
113900047,32,115,-83
113900048,190,106,84
113900049,492,293,199
113900050,188,283,-95
113900051,200,324,-124
113900052,110,138,-28
113900053,558,488,70
113900054,28,3,25
113900055,134,347,-213
113900056,49,243,-194
113900057,13,72,-59
113900058,64,147,-83
113900059,186,332,-146
113900060,125,182,-57
113900061,782,309,473
113900062,135,13,122
113900063,106,162,-56
113900064,17,80,-63
113900065,388,16,372
113900066,321,311,10
113900067,145,210,-65
113900068,533,455,78
113900069,46,60,-14
113900070,164,501,-337
113900071,57,130,-73
113900072,73,162,-89
113900073,322,382,-60
113900074,90,295,-205
113900075,1252,1074,178
113900076,182,29,153
113900077,40,151,-111
113900078,51,117,-66
113900079,4,55,-51
113900080,444,176,268
113900081,61,190,-129
113900082,124,219,-95
113900083,279,354,-75
113900084,286,116,170
113900085,49,274,-225
113900086,53,16,37
113900087,94,158,-64
113900088,65,100,-35
113900089,366,44,322
113900090,570,299,271
113900091,20,23,-3
113900092,41,99,-58
113900093,80,625,-545
113900094,419,352,67
113900095,137,99,38
113900096,282,80,202
113900097,40,65,-25
113900098,618,60,558
113900099,0,31,-31
113900100,0,2,-2
113900101,24,93,-69
113900102,141,171,-30
113900103,290,288,2
113900104,144,231,-87
113900105,117,181,-64
113900106,0,49,-49
113900107,3,12,-9
113900108,230,253,-23
113900109,357,192,165
113900110,28,28,0
113900111,164,95,69
113900112,99,65,34
113900113,832,468,364
113900114,1,48,-47
113900115,2,73,-71
113900116,99,118,-19
113900117,121,32,89
113900118,239,299,-60
113900119,221,520,-299
113900120,61,53,8
113900121,73,94,-21
113900122,379,1974,-1595
113900123,458,179,279
113900124,0,63,-63
113900125,746,136,610
113900126,156,40,116
113900127,365,776,-411
113900128,165,60,105
113900129,17,159,-142
113900130,0,23,-23
113900131,263,64,199
113900132,73,97,-24
113900133,7,45,-38
113900135,268,342,-74
113900136,114,69,45
113900137,331,259,72
113900138,55,161,-106
113900139,307,128,179
113900140,220,315,-95
113900141,533,236,297
113900142,142,74,68
113900143,16,27,-11
113900144,165,254,-89
113900145,367,180,187
113900146,168,42,126
113900148,147,284,-137
113900149,110,77,33
113900150,556,492,64
113900151,402,162,240
113900152,28,55,-27
113900153,280,469,-189
113900154,7,147,-140
113900155,191,203,-12
113900156,188,367,-179
113900157,45,307,-262
113900158,286,349,-63
113900159,14,246,-232
113900160,488,478,10
113900161,61,272,-211
113900162,343,714,-371
113900163,267,276,-9
113900164,300,44,256
113900165,602,407,195
113900166,151,165,-14
113900167,317,57,260
113900168,83,92,-9
113900169,184,338,-154
113900171,196,68,128
113900172,8,173,-165
113900173,27,599,-572
113900174,452,535,-83
113900175,374,147,227
113900176,354,454,-100
113900177,406,168,238
113900178,387,123,264
113900179,24,403,-379
113900180,114,112,2
113900181,573,142,431
113900182,779,863,-84
113900183,55,85,-30
113900184,30,382,-352
113900185,165,81,84
113900186,49,62,-13
113900187,44,124,-80
113900188,47,154,-107
113900189,300,146,154
113900190,343,121,222
113900191,141,226,-85
113900192,7,433,-426
113900193,17,155,-138
113900194,1412,1001,411
113900195,276,390,-114
113900196,8,146,-138
113900197,0,152,-152
113900198,38,231,-193
113900199,158,650,-492
113900200,19,245,-226
113900201,1,138,-137
113900202,48,277,-229
113900203,0,77,-77
113900204,38,484,-446
113900205,17,214,-197
113900206,8,174,-166
113900207,0,69,-69
113900208,0,66,-66
113900209,0,64,-64
113900210,643,616,27
113900211,220,66,154
113900212,201,460,-259
113900214,394,389,5
113900215,108,96,12
113900216,86,711,-625
113900217,88,241,-153
113900218,145,72,73
113900219,111,334,-223
113900220,124,104,20
113900221,412,205,207
113900222,243,495,-252
113900223,126,677,-551
113900224,80,66,14
113900225,494,197,297
113900226,383,102,281
113900227,491,236,255
113900228,298,480,-182
113900229,94,654,-560
113900230,3642,3355,287
113900231,184,202,-18
113900232,113,107,6
113900233,86,56,30
113900234,322,412,-90
113900235,168,36,132
113900236,129,270,-141
113900237,181,9,172
113900238,215,516,-301
113900239,54,83,-29
113900240,6,201,-195
113900241,109,49,60
113900242,57,146,-89
113900243,113,327,-214
113900244,321,190,131
113900245,1259,285,974
113900246,14,23,-9
113900247,161,460,-299
113900248,2171,1698,473
113900249,677,381,296
113900250,59,138,-79
113900251,630,154,476
113900252,548,19,529
113900253,693,53,640
113900254,852,115,737
113900255,408,14,394
113900256,370,26,344
113900257,17,498,-481
113900258,24,424,-400
113900259,569,147,422
113900260,208,21,187
113900261,19,64,-45
113900262,141,491,-350
113900263,133,579,-446
113900264,4,438,-434
113900265,201,309,-108
113900266,87,172,-85
113900267,116,489,-373
113900268,297,347,-50
113900269,97,129,-32
113900270,196,644,-448
113900271,624,944,-320
113900273,44,11,33
113900274,48,50,-2
113900275,37,58,-21
113900276,0,153,-153
113900277,153,3,150
113900278,238,154,84
113900279,63,71,-8
113900280,1436,706,730
113900281,624,1352,-728
113900282,901,669,232
113900283,416,483,-67
113900284,673,220,453
113900285,128,72,56
113900286,21,64,-43
113900287,31,45,-14
113900288,4,103,-99
113900289,790,104,686
113900290,261,201,60
113900291,105,140,-35
113900292,19,6,13
113900293,3,169,-166
113900294,467,13,454
113900295,449,408,41
113900296,1559,364,1195
113900297,2690,54,2636
113900298,19,1685,-1666
113900299,139,126,13
113900300,4146,3008,1138
113900301,1031,376,655
113900302,2129,938,1191
113900303,382,453,-71
113900304,1,74,-73
113900305,110,0,110
113900306,42,0,42
113900307,14,0,14
113900308,83,109,-26
113900309,3,655,-652
113900310,0,8,-8
113900311,5,0,5
113900312,222,242,-20
113900313,23,7,16
113900314,2,12,-10
113900315,21,0,21
114000001,800,2043,-1243
114000002,304,292,12
114000003,212,757,-545
114000004,324,372,-48
114000005,180,227,-47
114000006,2103,1917,186
114000007,609,936,-327
114000008,1166,1634,-468
114000009,706,258,448
114000011,2541,2163,378
114000012,2284,1631,653
114000013,1478,1201,277
114000014,644,505,139
114000015,1882,340,1542
114000016,251,297,-46
114000017,98,239,-141
114000018,191,39,152
114000026,1743,1051,692
114000027,2991,1789,1202
114000028,1960,2282,-322
114000038,259,95,164
114000039,226,210,16
114000040,98,207,-109
114000042,138,159,-21
114000043,290,200,90
114000044,353,154,199
114000045,58,70,-12
114000046,3252,4563,-1311
114000047,18,71,-53
114000048,107,139,-32
114000049,1412,1628,-216
114000050,1396,2060,-664
114000051,2396,2034,362
114000052,3710,1766,1944
114000053,82,597,-515
114000054,163,713,-550
114000055,243,29,214
114000056,877,824,53
114000057,4084,2005,2079
114000058,434,1218,-784
114000059,267,350,-83
114000060,578,864,-286
114000061,3034,2798,236
114000062,1874,1421,453
114000063,2390,1571,819
114000064,4790,3503,1287
114000065,1387,2171,-784
114000066,456,601,-145
114000067,28,778,-750
114000068,532,746,-214
114000069,826,682,144
114000070,2121,1668,453
114000071,674,514,160
114000072,640,277,363
114000073,10,66,-56
114000074,44,9,35
114000075,67,51,16
114000076,20,83,-63
114000077,8,29,-21
114000078,923,573,350
114000079,137,22,115
114000080,90,62,28
114000081,81,96,-15
114000082,26,352,-326
114000083,63,194,-131
114000084,328,98,230
114000085,86,492,-406
114000086,247,332,-85
114000087,135,122,13
114000088,34,33,1
114000089,759,291,468
114000090,865,902,-37
114000091,1306,948,358
114000092,981,565,416
114000093,1405,805,600
114000094,320,344,-24
114000095,225,139,86
114000096,120,339,-219
114000097,134,500,-366
114000098,528,94,434
114000099,663,482,181
114000100,1399,571,828
114000101,529,602,-73
114000102,753,311,442
114000103,185,315,-130
114000104,358,183,175
114000105,243,48,195
114000106,746,956,-210
114000107,426,142,284
114000108,1697,1023,674
114000109,599,1406,-807
114000110,502,1109,-607
114000111,1579,730,849
114000112,512,1948,-1436
114000113,1679,513,1166
114000114,1238,1459,-221
114000115,2356,1195,1161
114000116,749,1400,-651
114000117,2555,436,2119
114000118,2255,452,1803
114000119,1568,473,1095
114000120,505,657,-152
114000121,383,618,-235
114000122,346,324,22
114000123,1873,334,1539
114000124,838,223,615
114000125,767,1098,-331
114000126,2344,225,2119
114000127,381,149,232
114000128,825,320,505
114000130,421,467,-46
114000131,355,143,212
114000132,540,477,63
114000133,756,1133,-377
114000134,106,137,-31
114000138,48,188,-140
114000139,424,274,150
114000144,835,572,263
114000145,70,126,-56
114000146,123,231,-108
114000147,1334,1915,-581
114000148,1704,1705,-1
114000149,316,267,49
114000150,1453,1602,-149
114000151,1474,2165,-691
114000152,141,29,112
114000153,900,2549,-1649
114000154,896,978,-82
114000155,1196,2118,-922
114000156,820,656,164
114000157,315,1007,-692
114000158,1535,713,822
114000159,194,548,-354
114000160,134,495,-361
114000161,1419,2916,-1497
114000162,1058,2553,-1495
114000163,15,114,-99
114000165,653,343,310
114000166,737,421,316
114000167,2606,1451,1155
114000168,741,652,89
114000169,1238,1268,-30
114000170,1302,1100,202
114000171,1031,3024,-1993
114000174,253,405,-152
114000176,485,499,-14
114000177,1627,769,858
114000178,32,30,2
114000179,1111,803,308
114000180,448,592,-144
114000181,1648,3376,-1728
114000182,2181,2076,105
114000183,878,851,27
114000184,2981,1004,1977
114000185,1050,777,273
114000189,868,137,731
114000190,2433,285,2148
114000191,39,77,-38
114000192,197,1118,-921
114000193,483,2043,-1560
114000194,1232,799,433
114000195,200,21,179
114000196,1,200,-199
114000197,1204,72,1132
114000198,648,313,335
114000199,1644,1628,16
114000200,567,1381,-814
114000201,133,684,-551
114000202,1037,460,577
114000203,631,580,51
114000204,151,428,-277
114000205,161,1098,-937
114000206,578,1119,-541
114000207,483,1372,-889
114000208,383,2055,-1672
114000209,435,1792,-1357
114000210,232,898,-666
114000211,890,1360,-470
114000212,597,761,-164
114000213,1264,562,702
114000214,105,160,-55
114000215,203,60,143
114000216,1464,294,1170
114000217,337,231,106
114000218,139,199,-60
114000219,1083,176,907
114000220,31,731,-700
114000221,761,149,612
114000222,148,799,-651
114000223,477,156,321
114000224,129,513,-384
114000225,240,504,-264
114000226,154,200,-46
114000227,787,498,289
114000228,745,712,33
114000229,1028,1001,27
114000230,1613,1077,536
114000231,824,1096,-272
114000232,757,133,624
114000233,1936,119,1817
114000234,1029,875,154
114000235,1102,1184,-82
114000236,0,311,-311
114000237,130,718,-588
114000238,202,187,15
114000239,154,975,-821
114000240,807,754,53
114000241,272,827,-555
114000242,752,753,-1
114000243,1463,878,585
114000244,661,339,322
114000245,356,682,-326
114000246,105,61,44
114000247,800,568,232
114000248,1507,529,978
114000249,420,418,2
114000250,543,600,-57
114000251,342,149,193
114000252,72,50,22
114000253,110,111,-1
114000254,40,58,-18
114000255,544,197,347
114000256,1490,2028,-538
114000257,608,1130,-522
114000258,209,350,-141
114000259,108,180,-72
114000260,1,19,-18
114000261,44,33,11
114000262,577,84,493
114000263,14,2,12
114000264,1004,401,603
114000265,0,0,0
114000267,2,1390,-1388
114000268,2,914,-912
114000270,147,14,133
114000271,366,61,305
114000283,1293,389,904
114000285,29,139,-110
114000288,82,289,-207
114000289,1117,260,857
114000293,189,359,-170
114000294,162,249,-87
114000395,1281,44,1237
114000396,605,582,23
114000402,522,242,280
114000403,238,327,-89
114000405,148,410,-262
114000423,282,315,-33
114000424,509,188,321
114000425,751,287,464
114000426,350,806,-456
114000427,88,55,33
114000428,186,230,-44
114000429,16,137,-121
114000432,100,99,1
114000434,40,89,-49
114000435,1,214,-213
114900001,670,868,-198
114900002,799,79,720
114900003,551,1103,-552
114900004,262,347,-85
114900005,575,723,-148
114900006,111,35,76
114900007,256,25,231
114900008,184,92,92
114900010,1536,1711,-175
114900011,161,125,36
114900013,286,152,134
114900018,933,54,879
114900020,182,65,117
114900022,101,857,-756
114900025,472,199,273
114900026,102,113,-11
114900029,145,47,98
114900030,350,210,140
114900031,417,54,363
114900032,365,42,323
114900034,59,141,-82
114900035,115,272,-157
114900036,199,467,-268
114900039,408,411,-3
114900040,90,112,-22
114900041,664,383,281
114900042,759,525,234
114900044,184,38,146
114900047,224,1754,-1530
114900048,116,305,-189
114900049,40,207,-167
114900050,78,303,-225
114900051,58,295,-237
114900052,176,251,-75
114900053,155,249,-94
114900054,41,100,-59
114900057,192,7,185
114900058,0,91,-91
114900059,110,60,50
114900063,79,128,-49
114900064,1454,383,1071
114900065,369,578,-209
114900067,95,326,-231
114900068,78,216,-138
114900069,177,91,86
114900070,513,390,123
114900072,4,315,-311
114900073,2,182,-180
114900074,737,525,212
114900075,261,5,256
114900076,3,306,-303
114900080,1690,368,1322
114900082,3242,2053,1189
114900083,949,1044,-95
114900090,367,277,90
114900091,203,161,42
114900097,125,3,122
114900098,9,192,-183
114900099,199,6,193
115000001,4877,3256,1621
115000002,3575,3564,11
115000003,4084,2770,1314
115000004,3801,5546,-1745
115000005,1422,1819,-397
115000006,879,1559,-680
115000007,178,176,2
115000008,439,446,-7
115000009,164,208,-44
115000010,261,159,102
115000013,61,209,-148
115000015,92,320,-228
115000016,83,255,-172
115000019,62,532,-470
115000020,143,595,-452
115000021,298,478,-180
115000022,452,370,82
115000023,401,515,-114
115000024,977,424,553
115000025,763,717,46
115000026,151,384,-233
115000027,270,290,-20
115000028,179,760,-581
115000029,547,88,459
115000030,609,1062,-453
115000031,1264,237,1027
115000032,5,299,-294
115000033,250,49,201
115000034,103,1045,-942
115000035,1175,73,1102
115000036,0,366,-366
115000037,528,15,513
115000038,42,217,-175
115000039,3141,2661,480
115000040,5311,2781,2530
115000041,1606,3524,-1918
115000042,766,664,102
115000043,4076,2496,1580
115000044,3801,3746,55
115000045,2436,1509,927
115000046,2259,2345,-86
115000047,1973,1389,584
115000048,1681,2049,-368
115000049,1378,2830,-1452
115000050,2777,1804,973
115000051,1626,2860,-1234
115000052,2063,1617,446
115000053,1811,1686,125
115000054,644,1033,-389
115000055,181,848,-667
115000056,285,508,-223
115000057,622,1285,-663
115000058,527,347,180
115000059,180,86,94
115000061,181,138,43
115000062,181,235,-54
115000063,275,336,-61
115000064,206,144,62
115000065,42,428,-386
115000067,221,48,173
115000069,78,291,-213
115000070,45,639,-594
115000071,153,23,130
115000072,7,71,-64
115000073,1213,61,1152
115000075,96,61,35
115000076,2533,2224,309
115000077,2339,1922,417
115000078,1219,1171,48
115000079,1198,1582,-384
115000080,2172,1983,189
115000081,449,832,-383
115000082,3392,3251,141
115000083,1802,1915,-113
115000084,1925,919,1006
115000085,821,839,-18
115000086,1161,758,403
115000087,488,1339,-851
115000088,1680,628,1052
115000089,1311,1151,160
115000090,491,801,-310
115000091,235,890,-655
115000092,639,326,313
115000093,482,5,477
115000094,5416,4899,517
115000095,3998,4928,-930
115000096,786,1129,-343
115000097,981,866,115
115000098,859,664,195
115000099,2323,2117,206
115000100,995,307,688
115000101,351,1253,-902
115000102,470,269,201
115000103,295,607,-312
115000105,82,122,-40
115000106,574,265,309
115000107,175,400,-225
115000108,2637,2113,524
115000109,3856,4046,-190
115000110,1238,1561,-323
115000111,677,1515,-838
115000112,624,782,-158
115000113,634,772,-138
115000114,1539,741,798
115000116,3661,2422,1239
115000117,3237,2921,316
115000118,1740,1939,-199
115000119,1542,2380,-838
115000120,616,1421,-805
115000121,1276,972,304
115000122,3512,1531,1981
115000123,1312,2174,-862
115000124,860,793,67
115000125,365,569,-204
115000126,144,295,-151
115000127,353,85,268
115000128,419,814,-395
115000129,301,334,-33
115000130,458,624,-166
115000131,803,216,587
115000132,218,305,-87
115000133,440,263,177
115000134,357,217,140
115000135,273,172,101
115000136,270,235,35
115000137,110,146,-36
115000138,302,276,26
115000139,220,189,31
115000140,363,189,174
115000141,179,214,-35
115000142,171,179,-8
115000143,769,637,132
115000144,571,113,458
115000145,310,266,44
115000146,519,313,206
115000147,367,336,31
115000148,312,747,-435
115000149,580,174,406
115000150,623,696,-73
115000151,929,556,373
115000152,576,838,-262
115000153,1125,584,541
115000154,809,324,485
115000155,600,727,-127
115000156,982,658,324
115000157,689,759,-70
115000158,493,391,102
115000159,637,618,19
115000160,478,374,104
115000161,153,482,-329
115000162,641,701,-60
115000163,586,689,-103
115000164,686,593,93
115000165,362,573,-211
115000167,156,71,85
115000168,637,305,332
115000169,575,321,254
115000170,131,169,-38
115000171,325,252,73
115000172,988,566,422
115000173,304,435,-131
115000174,75,296,-221
115000175,188,69,119
115000176,75,64,11
115000177,75,80,-5
115000178,18,162,-144
115000179,8,13,-5
115000180,112,425,-313
115000181,666,118,548
115000182,803,238,565
115000183,316,737,-421
115000186,725,255,470
115000187,216,680,-464
115000188,400,452,-52
115000189,184,385,-201
115000190,654,324,330
115000191,131,424,-293
115000194,112,201,-89
115000195,289,324,-35
115000196,361,113,248
115000197,538,178,360
115000198,357,155,202
115000199,354,146,208
115000200,601,109,492
115000201,244,290,-46
115000206,536,60,476
115000207,148,285,-137
115000208,481,589,-108
115000209,1038,302,736
115000210,158,138,20
115000211,218,238,-20
115000212,1260,319,941
115000224,378,53,325
115000225,68,88,-20
115000229,174,130,44
115000230,100,369,-269
115000231,250,1422,-1172
115000232,1558,260,1298
115000233,113,157,-44
115000234,28,237,-209
115000241,117,240,-123
115000242,126,252,-126
115000243,35,199,-164
115000244,13,121,-108
115000246,29,26,3
115000247,28,38,-10
115000248,38,39,-1
115000249,27,16,11
115000250,238,31,207
115000251,250,97,153
115000252,112,209,-97
115000253,20,450,-430
115000258,330,135,195
115000259,342,143,199
115000261,15,30,-15
115000262,11,21,-10
115000263,15,55,-40
115000264,30,30,0
115000267,72,67,5
115000268,35,145,-110
115000269,115,90,25
115000270,6,19,-13
115000272,77,130,-53
115000273,323,31,292
115000280,2752,213,2539
115000281,550,924,-374
115000282,623,572,51
115000284,343,188,155
115000296,1217,9,1208
115000297,130,141,-11
115000298,53,430,-377
115000300,191,169,22
115000302,612,140,472
115000303,689,129,560
115000304,775,89,686
115000305,129,540,-411
115000306,143,243,-100
115000307,99,208,-109
115000308,42,21,21
115000309,21,73,-52
115000310,858,824,34
115000311,911,1002,-91
115000313,164,558,-394
115000314,455,159,296
115000315,987,685,302
115000316,60,116,-56
115000317,152,381,-229
115000318,829,260,569
115000319,50,299,-249
115000320,14,261,-247
115000321,330,6,324
115000322,47,235,-188
115000449,252,182,70
115000557,1,1169,-1168
115000558,409,101,308
115000587,486,311,175
115000588,2029,2515,-486
115000589,3382,2409,973
115000590,1133,1302,-169
115000591,1628,706,922
115000592,519,1557,-1038
115000593,1340,609,731
115000594,780,2336,-1556
115000609,193,206,-13
115000617,1423,2806,-1383
115000624,264,79,185
115000633,384,1792,-1408
115000634,2410,835,1575
115000635,581,143,438
115000638,692,573,119
115000641,70,141,-71
115000642,287,314,-27
115000643,109,503,-394
115000644,139,457,-318
115000646,807,1711,-904
115000647,225,486,-261
115000648,1655,1622,33
115000893,2743,1501,1242
115000894,158,980,-822
115000895,414,894,-480
115000896,1293,488,805
115000897,548,186,362
115000898,609,212,397
115000899,446,1107,-661
115000900,63,371,-308
115000901,82,123,-41
115000912,375,136,239
115000913,5,18,-13
115000915,16,0,16
115000916,5,0,5
115000917,0,3,-3
115000918,64,377,-313
115000919,8,11,-3
115000920,22,45,-23
115000921,512,86,426
115000922,1051,818,233
115000923,434,1270,-836
115000925,129,82,47
115000927,50,75,-25
115000933,282,304,-22
115000934,108,178,-70
115000935,130,103,27
115000936,19,508,-489
115000937,771,158,613
115000938,253,264,-11
115000939,269,283,-14
115000940,15,12,3
115000941,19,23,-4
115000942,34,108,-74
115000943,60,21,39
115000944,0,18,-18
115900001,102,27,75
115900002,115,123,-8
115900003,228,89,139
115900004,4,60,-56
115900005,186,14,172
115900006,166,211,-45
115900008,69,12,57
115900009,125,175,-50
115900010,315,166,149
115900011,398,182,216
115900012,172,63,109
115900013,320,126,194
115900014,158,123,35
115900015,148,74,74
115900016,116,28,88
115900017,18,7,11
115900018,192,78,114
115900019,63,8,55
115900020,92,3,89
115900021,1125,198,927
115900022,1214,10,1204
115900023,17,9,8
115900025,53,204,-151
115900026,717,224,493
115900027,1,221,-220
115900028,650,66,584
115900029,17,327,-310
115900030,25,27,-2
115900031,317,375,-58
115900032,611,661,-50
115900033,0,43,-43
115900034,42,393,-351
115900035,53,26,27
115900036,91,713,-622
115900037,27,327,-300
115900038,45,21,24
115900039,161,207,-46
115900041,472,551,-79
115900042,40,5,35
115900043,114,76,38
115900044,227,216,11
115900046,290,231,59
115900047,154,181,-27
115900049,149,220,-71
115900051,2,22,-20
115900052,13,180,-167
115900053,229,174,55
115900054,288,46,242
115900055,13,100,-87
115900056,163,195,-32
115900057,20,7,13
115900058,34,80,-46
115900060,52,108,-56
115900061,224,5,219
115900062,19,227,-208
115900063,74,6,68
115900064,174,195,-21
115900065,117,85,32
115900066,148,143,5
115900067,9,520,-511
115900068,2629,862,1767
115900069,95,213,-118
115900070,199,166,33
115900071,1,269,-268
115900072,54,126,-72
115900073,75,96,-21
115900074,4,245,-241
115900075,25,190,-165
115900076,2,56,-54
115900077,8,245,-237
115900078,88,112,-24
115900079,197,22,175
115900080,491,152,339
115900081,14,74,-60
115900082,119,147,-28
115900084,396,16,380
115900085,30,100,-70
115900086,1278,659,619
115900088,9,84,-75
115900089,326,602,-276
115900090,347,10,337
115900091,4,18,-14
115900092,46,139,-93
115900093,12,19,-7
115900094,1,277,-276
115900096,6,9,-3
115900097,10,255,-245
115900098,155,302,-147
115900099,160,51,109
115900100,13,398,-385
115900101,125,259,-134
115900102,94,90,4
115900103,303,127,176
115900104,72,93,-21
115900105,305,469,-164
115900106,90,16,74
115900107,111,106,5
115900108,146,66,80
115900109,70,334,-264
115900110,0,16,-16
115900111,1,76,-75
115900112,29,693,-664
115900113,37,83,-46
115900114,6,110,-104
115900115,60,213,-153
115900116,76,630,-554
115900117,71,22,49
115900118,3,223,-220
115900119,104,98,6
115900120,27,215,-188
115900121,158,228,-70
115900124,464,702,-238
115900125,377,64,313
115900126,619,96,523
115900127,608,71,537
115900128,9,81,-72
115900129,677,60,617
115900130,22,239,-217
115900131,613,34,579
115900132,540,5,535
115900134,334,7,327
115900135,388,988,-600
115900137,39,3,36
115900139,53,75,-22
115900140,237,29,208
115900141,11,83,-72
115900142,12,43,-31
115900143,181,276,-95
115900144,84,186,-102
115900146,6,78,-72
115900147,192,183,9
115900148,103,9,94
115900149,107,21,86
115900150,74,34,40
115900151,27,122,-95
115900152,112,307,-195
115900153,161,223,-62
115900154,404,335,69
115900155,0,40,-40
115900156,694,801,-107
115900157,141,397,-256
115900158,23,15,8
115900159,122,207,-85
115900160,7,15,-8
115900161,38,131,-93
115900163,195,109,86
115900164,487,32,455
115900166,193,154,39
115900168,82,108,-26
115900171,100,368,-268
115900172,56,108,-52
115900173,216,123,93
115900174,296,238,58
115900175,113,196,-83
115900178,3,450,-447
115900179,232,3,229
115900180,72,106,-34
115900181,191,169,22
115900182,389,212,177
115900183,56,42,14
115900184,1402,13,1389
115900187,16,118,-102
115900189,1,209,-208
115900190,247,1274,-1027
115900191,30,314,-284
115900192,11,118,-107
115900193,552,170,382
115900194,646,69,577
115900195,651,1978,-1327
115900198,208,309,-101
115900199,209,233,-24
115900200,212,341,-129
115900201,444,301,143
115900202,4,43,-39
115900203,4,25,-21
115900204,0,11,-11
115900205,78,38,40
115900206,221,149,72
115900207,46,46,0
115900208,169,132,37
115900209,6,150,-144
115900210,2,152,-150
115900211,5,170,-165
115900212,201,276,-75
115900213,131,87,44
115900214,554,241,313
115900215,33,167,-134
115900216,4,90,-86
115900217,8,29,-21
115900218,1,26,-25
115900219,118,8,110
115900220,145,25,120
115900221,73,7,66
115900222,55,34,21
115900223,7,396,-389
115900224,726,1057,-331
115900225,73,50,23
115900226,10,30,-20
115900227,19,34,-15
115900228,2,26,-24
115900229,5,45,-40
115900230,29,95,-66
115900231,95,3,92
115900232,55,8,47
115900233,112,15,97
115900234,54,23,31
115900235,25,28,-3
115900236,158,34,124
115900237,77,29,48
115900238,81,21,60
115900239,24,30,-6
115900240,11,41,-30
115900241,201,120,81
115900242,322,321,1
115900243,11,13,-2
115900244,12,22,-10
115900245,43,16,27
115900246,16,14,2
115900247,38,18,20
115900248,11,6,5
115900249,6,12,-6
115900250,6,26,-20
115900251,1,8,-7
115900252,7,8,-1
115900253,10,21,-11
115900254,1,32,-31
115900255,9,8,1
115900256,8,21,-13
115900257,3,15,-12
115900258,0,5,-5
115900259,3,3,0
115900260,13,1,12
115900261,13,1,12
115900262,3,0,3
115900263,6,0,6
115900264,11,2,9
115900265,12,7,5
115900266,1,6,-5
115900267,7,19,-12
115900268,0,5,-5
115900269,454,382,72
115900270,365,300,65
115900271,140,0,140
115900272,25,2,23
115900273,11,18,-7
115900274,9,10,-1
115900275,0,19,-19
115900276,0,29,-29
115900277,1,63,-62
115900278,29,103,-74
115900279,24,183,-159
115900280,25,350,-325
115900281,373,236,137
115900282,10,13,-3
115900283,18,33,-15
115900284,18,11,7
116000001,9167,4163,5004
116000002,4337,9185,-4848
116000003,1490,1583,-93
116000004,2272,3045,-773
116000005,2795,2780,15
116000006,2775,2513,262
116000007,2383,2941,-558
116000008,3232,1956,1276
116000009,1396,2105,-709
116000010,2236,1427,809
116000011,804,1605,-801
116000012,1236,933,303
116000013,7224,3448,3776
116000014,8968,9264,-296
116000015,224,1189,-965
116000016,4989,2900,2089
116000017,20,690,-670
116000018,694,251,443
116000019,705,287,418
116000020,508,667,-159
116000021,344,316,28
116000022,335,288,47
116000023,983,586,397
116000024,725,810,-85
116000025,774,775,-1
116000026,1725,2207,-482
116000027,554,580,-26
116000028,435,713,-278
116000029,542,543,-1
116000030,799,379,420
116000031,171,240,-69
116000032,340,137,203
116000033,313,366,-53
116000034,516,712,-196
116000035,355,595,-240
116000036,1682,1218,464
116000037,690,530,160
116000038,516,487,29
116000039,785,452,333
116000040,727,352,375
116000041,206,349,-143
116000042,580,243,337
116000043,75,641,-566
116000044,22,90,-68
116000045,1650,1089,561
116000046,929,1455,-526
116000047,1449,1869,-420
116000048,1630,1524,106
116000049,1048,2981,-1933
116000050,1333,1070,263
116000051,5431,2666,2765
116000052,5154,4612,542
116000053,1726,796,930
116000054,675,2329,-1654
116000055,638,803,-165
116000056,901,980,-79
116000057,2002,1330,672
116000058,2282,1987,295
116000059,2321,3506,-1185
116000060,1745,1008,737
116000061,867,971,-104
116000062,597,222,375
116000063,653,950,-297
116000066,348,576,-228
116000067,196,436,-240
116000068,232,285,-53
116000069,258,332,-74
116000078,478,931,-453
116000080,1549,787,762
116000082,8,43,-35
116000083,1533,422,1111
116000084,1850,3315,-1465
116000085,2068,1803,265
116000086,1750,1153,597
116000087,1895,1542,353
116000088,707,848,-141
116000089,192,100,92
116000090,146,179,-33
116000091,252,288,-36
116000093,553,302,251
116000094,532,562,-30
116000095,634,531,103
116000096,627,1112,-485
116000097,929,624,305
116000098,135,5089,-4954
116000099,4688,237,4451
116000100,252,21,231
116000101,926,815,111
116000102,230,1072,-842
116000103,514,258,256
116000104,182,1118,-936
116000105,987,151,836
116000106,551,830,-279
116000107,2150,297,1853
116000108,158,118,40
116000111,141,54,87
116000113,132,128,4
116000114,52,109,-57
116000115,323,120,203
116000116,274,417,-143
116000117,1337,1788,-451
116000118,1373,1048,325
116000119,3007,1850,1157
116000120,2661,3285,-624
116000121,810,569,241
116000122,1234,1406,-172
116000123,843,435,408
116000124,342,728,-386
116000125,2571,686,1885
116000126,302,1267,-965
116000127,860,1000,-140
116000128,1639,796,843
116000129,1030,214,816
116000130,560,415,145
116000133,943,703,240
116000134,1722,1845,-123
116000135,2274,1400,874
116000136,1056,1712,-656
116000137,1087,672,415
116000138,742,634,108
116000139,1528,1941,-413
116000140,152,192,-40
116000141,371,583,-212
116000142,2677,2312,365
116000143,1621,1425,196
116000144,1281,1773,-492
116000145,1491,1019,472
116000146,419,187,232
116000147,188,129,59
116000148,487,456,31
116000149,682,506,176
116000151,599,512,87
116000153,128,309,-181
116000155,197,180,17
116000156,504,834,-330
116000157,102,23,79
116000158,379,258,121
116000159,27,16,11
116000160,7,53,-46
116000161,2,53,-51
116000162,50,93,-43
116000163,20,11,9
116000164,10,20,-10
116000177,108,119,-11
116000194,106,339,-233
116000195,1421,629,792
116000196,16,8,8
116000197,8,21,-13
116000198,2331,830,1501
116000200,677,424,253
116000201,520,657,-137
116000202,22,219,-197
116000203,2,92,-90
116000204,19,64,-45
116000205,1,164,-163
116000206,7,131,-124
116000207,11,51,-40
116000233,195,398,-203
116000287,136,417,-281
116000288,260,198,62
116000292,20,108,-88
116000296,37,224,-187
116000297,133,24,109
116000304,117,59,58
116000305,49,95,-46
116000346,129,98,31
116000352,82,37,45
116000354,31,10,21
116000357,12,47,-35
116000358,464,54,410
116000361,352,3,349
116000372,4397,3523,874
116000381,88,3,85
116000388,5,52,-47
116000389,828,503,325
116000445,412,509,-97
116000446,607,525,82
116000447,15,505,-490
116000448,531,202,329
116000563,784,681,103
116000565,42,371,-329
116000568,64,270,-206
116000579,40,114,-74
116000583,97,75,22
116000584,23,6,17
116000585,38,22,16
116000586,45,67,-22
116000587,492,614,-122
116000589,66,81,-15
116000590,81,47,34
116000591,249,234,15
116000592,5,70,-65
116000593,1,25,-24
116000594,577,374,203
116000595,637,112,525
116000596,112,0,112
116000597,442,96,346
116000598,16,184,-168
116000605,295,114,181
116000606,103,247,-144
116000607,2,26,-24
116000609,140,844,-704
116000611,129,408,-279
116000612,562,1632,-1070
116000613,659,330,329
116000614,409,487,-78
116000615,3,317,-314
116000616,34,36,-2
116000617,73,36,37
116000618,3,34,-31
116000619,55,72,-17
116000620,119,89,30
116000621,76,77,-1
116000622,72,139,-67
116000624,199,83,116
116000627,73,59,14
116000628,102,364,-262
116000629,37,259,-222
116000630,407,19,388
116000631,188,56,132
116000632,667,87,580
116000633,200,205,-5
116000634,344,160,184
116000635,2464,1848,616
116000636,965,1162,-197
116000637,502,98,404
116000638,138,303,-165
116000639,65,2,63
116000640,24,32,-8
116000641,34,123,-89
116000643,1,112,-111
116000644,49,428,-379
116000645,17,7,10
116900001,222,163,59
116900002,227,0,227
116900003,15,41,-26
116900004,23,50,-27
116900005,233,55,178
116900006,119,149,-30
116900007,132,143,-11
116900008,406,299,107
116900009,13,1,12
116900010,1,962,-961
116900011,12,32,-20
116900012,490,140,350
116900013,5,139,-134
116900014,126,198,-72
116900016,195,1,194
116900017,3,417,-414
116900018,79,50,29
116900019,0,240,-240
116900020,857,798,59
116900023,55,22,33
116900025,848,597,251
116900026,143,488,-345
116900027,31,55,-24
116900028,2,58,-56
116900029,3,32,-29
116900031,1,4,-3
116900032,6,290,-284
116900033,10,10,0
116900034,12,59,-47
116900035,169,173,-4
116900036,4,96,-92
116900038,70,5,65
116900041,44,15,29
116900042,610,256,354
116900043,21,81,-60
116900047,33,155,-122
116900049,23,285,-262
116900050,129,338,-209
116900051,146,196,-50
116900052,207,71,136
116900055,0,9,-9
116900057,21,207,-186
116900058,32,295,-263
116900059,1,132,-131
116900060,215,140,75
116900062,10,9,1
116900064,137,547,-410
116900065,48,92,-44
116900067,77,49,28
116900068,118,171,-53
116900070,3,3,0
116900072,34,305,-271
116900073,14,72,-58
116900074,7,44,-37
116900076,8,57,-49
116900077,3,113,-110
116900078,215,107,108
116900079,44,161,-117
116900080,7,11,-4
116900081,332,1059,-727
116900082,362,819,-457
116900083,55,27,28
116900084,151,61,90
116900085,53,130,-77
116900086,39,157,-118
116900088,276,80,196
116900090,112,34,78
116900091,311,20,291
116900092,97,556,-459
116900093,1443,1642,-199
116900094,3309,3138,171
116900095,174,115,59
116900096,97,359,-262
116900097,2374,2363,11
116900098,776,398,378
116900099,761,599,162
116900100,771,36,735
116900101,332,439,-107
116900103,4,1,3
116900104,59,67,-8
116900105,241,117,124
116900106,1640,245,1395
116900107,2646,2194,452
116900110,10,1,9
116900111,500,463,37
116900112,262,891,-629
116900113,1456,1279,177
116900116,167,612,-445
116900117,227,116,111
116900118,633,738,-105
116900120,374,71,303
116900121,277,21,256
116900122,760,480,280
116900123,157,566,-409
116900124,181,680,-499
116900125,368,148,220
116900126,127,513,-386
116900128,0,34,-34
116900129,3,368,-365
116900130,625,2930,-2305
116900131,92,333,-241
116900132,44,104,-60
116900133,177,134,43
116900134,238,202,36
116900136,323,165,158
116900137,223,158,65
116900138,148,150,-2
116900139,139,461,-322
116900140,158,149,9
116900141,683,426,257
116900142,4,97,-93
116900143,307,342,-35
116900144,41,84,-43
116900145,107,185,-78
116900147,628,493,135
116900148,7,27,-20
116900149,64,245,-181
116900150,15,12,3
116900151,50,10,40
116900153,109,55,54
116900154,403,584,-181
116900155,102,75,27
116900157,487,259,228
116900158,108,232,-124
116900159,47,278,-231
116900160,646,815,-169
116900161,4569,5226,-657
116900162,7,90,-83
116900163,133,138,-5
116900164,76,62,14
116900165,228,286,-58
116900166,44,66,-22
116900167,377,122,255
116900168,284,70,214
116900169,534,545,-11
116900170,390,579,-189
116900171,30,96,-66
116900172,236,396,-160
116900173,155,33,122
116900174,60,51,9
116900175,176,171,5
116900178,59,92,-33
116900179,80,349,-269
116900180,85,30,55
116900182,409,258,151
116900183,174,100,74
116900185,31,56,-25
116900186,85,163,-78
116900187,82,68,14
116900188,190,50,140
116900189,56,3,53
116900191,375,746,-371
116900192,252,131,121
116900194,150,1187,-1037
116900195,38,24,14
116900196,15,63,-48
116900197,137,33,104
116900198,170,226,-56
116900200,59,31,28
116900201,110,6,104
116900202,124,51,73
116900203,120,18,102
116900204,49,80,-31
116900206,6,18,-12
116900207,28,30,-2
116900208,14,107,-93
116900209,30,92,-62
116900210,523,288,235
116900211,219,4,215
116900212,58,63,-5
116900213,185,110,75
116900214,164,116,48
116900215,31,65,-34
116900216,273,188,85
116900218,5,201,-196
116900219,1157,327,830
116900220,107,170,-63
116900221,123,277,-154
116900222,441,309,132
116900223,105,288,-183
116900226,56,46,10
116900227,164,95,69
116900228,368,202,166
116900230,97,486,-389
116900233,574,120,454
116900234,21,7,14
116900235,152,234,-82
116900238,1490,316,1174
116900239,2,713,-711
116900240,4517,3274,1243
116900241,62,116,-54
116900242,934,595,339
116900243,1,13,-12
116900245,25,14,11
116900246,113,35,78
116900247,860,98,762
116900248,89,49,40
116900249,249,74,175
116900250,473,38,435
116900251,459,354,105
116900252,143,582,-439
116900254,36,88,-52
116900255,156,59,97
116900256,444,97,347
116900257,56,414,-358
116900258,4,212,-208
116900259,278,31,247
116900260,0,94,-94
116900261,56,2,54
116900262,453,210,243
116900263,2,7,-5
116900264,65,42,23
116900265,49,0,49
116900266,15,28,-13
116900267,2,4,-2
116900268,182,110,72
116900269,268,514,-246
116900271,1081,196,885
116900272,359,206,153
116900273,151,88,63
116900274,99,101,-2
116900275,158,81,77
116900276,361,138,223
116900277,414,25,389
116900278,4,11,-7
116900279,7,24,-17
116900280,23,12,11
116900281,4299,3512,787
116900282,9,79,-70
116900283,11,72,-61
116900284,23,132,-109
116900285,222,188,34
116900286,154,20,134
116900287,9,32,-23
116900288,73,115,-42
116900289,9,12,-3
116900290,9,10,-1
116900291,25,9,16
116900292,0,14,-14
116900293,52,70,-18
116900294,23,136,-113
116900295,130,60,70
116900296,102,76,26
116900297,7,113,-106
116900298,90,98,-8
116900299,49,66,-17
116900300,2,58,-56
116900301,60,106,-46
116900302,54,86,-32
116900303,268,53,215
116900304,2,195,-193
116900305,32,48,-16
116900306,153,106,47
116900307,84,0,84
116900308,1,114,-113
116900309,78,85,-7
116900310,14,47,-33
117000001,1656,1384,272
117000002,1660,3248,-1588
117000003,5665,2929,2736
117000004,3426,4094,-668
117000005,1904,1720,184
117000006,1017,2755,-1738
117000007,3498,1165,2333
117000008,947,2824,-1877
117000009,4459,1636,2823
117000010,2289,3100,-811
117000011,2168,1488,680
117000012,1139,1125,14
117000013,1646,797,849
117000014,1109,1864,-755
117000015,1986,1154,832
117000016,328,112,216
117000017,243,113,130
117000018,156,487,-331
117000019,86,37,49
117000020,526,1070,-544
117000021,1721,516,1205
117000022,363,115,248
117000023,329,226,103
117000024,217,198,19
117000025,393,907,-514
117000026,1966,1099,867
117000027,1940,3861,-1921
117000028,3120,1581,1539
117000030,464,389,75
117000031,376,312,64
117000032,1214,959,255
117000033,924,570,354
117000034,352,270,82
117000035,328,288,40
117000036,423,291,132
117000037,251,260,-9
117000038,216,533,-317
117000039,493,197,296
117000040,196,723,-527
117000041,861,141,720
117000044,7,635,-628
117000045,417,77,340
117000046,343,715,-372
117000047,824,530,294
117000048,1635,865,770
117000049,105,521,-416
117000050,110,1470,-1360
117000051,2023,118,1905
117000052,60,246,-186
117000053,570,72,498
117000054,1540,11,1529
117000055,80,2387,-2307
117000056,635,23,612
117000057,570,1949,-1379
117000060,518,1103,-585
117000061,1455,819,636
117000062,283,585,-302
117000063,1641,1031,610
117000064,654,769,-115
117000066,878,775,103
117000067,131,544,-413
117000074,147,189,-42
117000076,125,43,82
117000077,162,189,-27
117000078,140,628,-488
117000079,566,251,315
117000080,3,290,-287
117000081,1438,124,1314
117000082,19,70,-51
117000083,213,6,207
117000084,197,2,195
117000085,310,701,-391
117000086,908,421,487
117000087,93,435,-342
117000088,259,201,58
117000089,1437,304,1133
117000090,294,982,-688
117000091,747,226,521
117000092,404,1135,-731
117000093,1092,788,304
117000094,1271,2367,-1096
117000095,3220,1042,2178
117000096,711,1968,-1257
117000097,1289,1079,210
117000098,2262,3752,-1490
117000099,3088,1297,1791
117000100,219,323,-104
117000101,216,894,-678
117000102,1429,672,757
117000103,704,1375,-671
117000104,1135,643,492
117000105,796,1239,-443
117000106,1028,690,338
117000107,545,1486,-941
117000108,1511,797,714
117000109,1324,2026,-702
117000110,1430,895,535
117000111,3018,3673,-655
117000112,2790,1535,1255
117000113,279,246,33
117000114,270,153,117
117000115,166,93,73
117000116,138,230,-92
117000117,1305,980,325
117000118,275,128,147
117000119,129,185,-56
117000120,168,516,-348
117000121,111,924,-813
117000122,356,633,-277
117000123,1514,32,1482
117000124,658,92,566
117000125,280,125,155
117000126,60,18,42
117000127,159,279,-120
117000128,503,665,-162
117000129,402,642,-240
117000130,140,5,135
117000131,0,127,-127
117000132,2660,21,2639
117000133,1297,44,1253
117000134,2,58,-56
117000135,1,56,-55
117000136,1,21,-20
117000137,110,121,-11
117000138,3,634,-631
117000140,447,1263,-816
117000141,1463,523,940
117000181,402,293,109
117000182,450,449,1
117000195,142,930,-788
117000196,262,136,126
117000225,130,49,81
117000226,3,123,-120
117000276,266,18,248
117000277,1,317,-316
117000310,1313,1886,-573
117000315,39,629,-590
117000320,110,0,110
117000906,294,15,279
117000907,6,299,-293
117000909,33,27,6
117000910,205,172,33
117000911,116,200,-84
117000915,7,432,-425
117000916,33,8,25
117000917,1072,36,1036
117000918,68,39,29
117000919,13,63,-50
117000920,6,1043,-1037
117000921,1,1045,-1044
117000922,33,125,-92
117000924,432,733,-301
117000926,712,117,595
117000927,1386,912,474
117000928,1,137,-136
117000929,195,305,-110
117000930,256,21,235
117000931,380,170,210
117900002,80,395,-315
117900003,766,368,398
117900005,10,46,-36
117900006,0,45,-45
117900007,173,114,59
117900008,1,23,-22
117900010,220,80,140
117900011,17,89,-72
117900012,76,74,2
117900013,0,170,-170
117900014,558,114,444
117900015,18,86,-68
117900016,938,726,212
117900017,406,307,99
117900018,180,111,69
117900019,324,225,99
117900020,82,503,-421
117900021,28,47,-19
117900023,630,157,473
117900024,59,73,-14
117900025,63,16,47
117900026,347,269,78
117900028,57,6,51
117900029,219,466,-247
117900030,596,246,350
117900031,210,72,138
117900032,825,509,316
117900033,186,461,-275
117900034,50,28,22
117900035,267,92,175
117900036,241,326,-85
117900037,157,121,36
117900038,29,295,-266
117900039,0,49,-49
117900040,160,372,-212
117900041,2,41,-39
117900042,2990,257,2733
117900043,30,62,-32
117900044,19,2423,-2404
117900045,141,148,-7
117900048,272,227,45
117900049,195,360,-165
117900050,10,75,-65
117900051,23,3,20
117900052,36,327,-291
117900053,1669,651,1018
117900054,5,36,-31
117900055,188,213,-25
117900056,178,48,130
117900057,1082,1131,-49
117900058,76,23,53
117900059,409,123,286
117900060,2346,4385,-2039
117900061,34,214,-180
117900063,280,157,123
117900065,789,1279,-490
117900066,9,70,-61
117900067,330,168,162
117900069,479,215,264
117900070,248,29,219
117900071,88,120,-32
117900073,374,274,100
117900074,155,50,105
117900075,80,108,-28
117900076,20,63,-43
117900077,392,221,171
117900078,288,781,-493
117900080,123,62,61
117900081,506,319,187
117900082,357,303,54
117900083,260,318,-58
117900086,141,35,106
117900087,152,73,79
117900088,3060,1720,1340
117900089,1983,737,1246
117900090,407,389,18
117900091,316,187,129
117900092,69,35,34
117900093,88,83,5
117900094,36,26,10
117900095,307,340,-33
117900096,100,225,-125
117900097,308,178,130
117900098,70,13,57
117900099,158,176,-18
117900100,213,1,212
117900101,427,1695,-1268
117900102,62,96,-34
117900103,106,4,102
117900104,23,112,-89
117900105,146,170,-24
117900106,114,85,29
117900107,39,0,39
117900109,517,324,193
117900110,155,2,153
117900111,440,20,420
117900112,78,20,58
117900113,2318,1610,708
117900114,19,0,19
117900115,244,52,192
117900116,730,761,-31
117900117,505,268,237
117900118,92,0,92
117900119,147,166,-19
117900120,141,54,87
117900121,121,35,86
117900122,1221,3090,-1869
117900123,562,371,191
117900124,851,649,202
117900125,1707,1941,-234
117900126,288,437,-149
117900127,418,417,1
117900128,384,524,-140
117900129,71,1,70
117900130,1459,361,1098
117900131,1,106,-105
117900132,20,106,-86
117900133,17,132,-115
117900134,55,248,-193
117900135,19,210,-191
117900136,0,26,-26
117900137,31,282,-251
117900138,0,36,-36
117900139,115,121,-6
117900140,2615,259,2356
117900141,235,171,64
117900142,154,107,47
117900144,69,138,-69
117900145,51,37,14
117900146,212,167,45
117900147,105,57,48
117900148,2317,1323,994
117900149,151,169,-18
117900150,34,49,-15
117900151,36,59,-23
117900152,126,65,61
117900153,31,96,-65
117900154,365,456,-91
117900156,873,747,126
117900157,76,478,-402
117900158,199,218,-19
117900160,592,749,-157
117900161,2184,1805,379
117900162,379,406,-27
117900163,66,111,-45
117900165,2,6,-4
117900166,121,598,-477
117900168,20,160,-140
117900169,1,110,-109
117900170,0,32,-32
117900171,4,20,-16
117900172,13,47,-34
117900173,118,99,19
117900174,29,63,-34
117900175,5,28,-23
117900176,14,26,-12
117900177,41,36,5
117900178,173,41,132
117900180,217,25,192
117900181,70,240,-170
117900182,5,45,-40
117900183,53,220,-167
117900184,62,73,-11
117900185,42,56,-14
117900186,60,28,32
117900187,19,16,3
117900188,211,58,153
117900189,75,32,43
117900190,19,2,17
117900191,104,2,102
117900192,252,12,240
117900193,12,61,-49
117900194,15,4,11
117900195,48,67,-19
117900196,12,20,-8
117900207,147,129,18
117900208,23,45,-22
117900209,235,211,24
117900210,182,245,-63
117900211,6,208,-202
117900212,122,145,-23
117900213,32,21,11
117900214,8,34,-26
117900215,26,57,-31
117900216,34,19,15
117900217,113,332,-219
117900218,160,180,-20
117900219,6,123,-117
117900220,117,130,-13
117900222,222,285,-63
117900223,196,280,-84
118000001,696,963,-267
118000002,705,1735,-1030
118000003,2492,3226,-734
118000004,3113,2460,653
118000005,3974,4656,-682
118000006,4945,8715,-3770
118000007,4583,3538,1045
118000008,4880,3532,1348
118000009,1538,2152,-614
118000010,4590,3534,1056
118000011,1237,1954,-717
118000012,894,1902,-1008
118000013,2389,2149,240
118000014,2072,2526,-454
118000016,161,382,-221
118000017,402,298,104
118000018,358,451,-93
118000019,2014,1501,513
118000020,1263,2850,-1587
118000021,665,2600,-1935
118000022,1679,765,914
118000023,882,282,600
118000024,1369,954,415
118000027,12675,11324,1351
118000029,855,733,122
118000032,1123,3379,-2256
118000033,2685,5352,-2667
118000034,4759,2591,2168
118000035,1759,2587,-828
118000036,975,1090,-115
118000037,638,757,-119
118000038,185,98,87
118000039,71,175,-104
118000040,1422,1254,168
118000041,2099,1174,925
118000045,546,195,351
118000046,1407,572,835
118000047,937,885,52
118000048,2940,1929,1011
118000051,2507,1420,1087
118000052,1588,814,774
118000053,338,413,-75
118000054,1796,1305,491
118000055,1188,1358,-170
118000056,644,389,255
118000057,297,397,-100
118000058,2456,1824,632
118000059,1580,1191,389
118000060,927,484,443
118000061,1469,1263,206
118000062,618,308,310
118000063,330,688,-358
118000064,768,1183,-415
118000065,3873,1433,2440
118000066,752,1385,-633
118000067,1059,835,224
118000068,1669,3954,-2285
118000069,3444,1248,2196
118000070,4776,1841,2935
118000071,3193,5693,-2500
118000072,1722,1291,431
118000073,2134,720,1414
118000074,413,618,-205
118000075,852,347,505
118000076,1510,2091,-581
118000077,1247,1242,5
118000078,1604,2048,-444
118000079,247,328,-81
118000080,1067,987,80
118000081,1802,1207,595
118000082,319,1146,-827
118000083,1456,1642,-186
118000084,3065,1393,1672
118000086,220,528,-308
118000087,4105,2395,1710
118000088,1835,1530,305
118000089,3075,1879,1196
118000090,1212,2381,-1169
118000091,984,2025,-1041
118000092,943,500,443
118000093,85,659,-574
118000096,482,648,-166
118000097,864,628,236
118000098,262,195,67
118000099,505,607,-102
118000101,954,352,602
118000102,370,1091,-721
118000107,1638,481,1157
118000108,689,1856,-1167
118000110,3,27,-24
118000111,1,281,-280
118000112,604,3,601
118000113,6,521,-515
118000114,432,10,422
118000115,20,13,7
118000116,51,0,51
118000117,1218,687,531
118000118,768,949,-181
118000119,870,1082,-212
118000120,1611,1114,497
118000121,123,684,-561
118000122,1364,325,1039
118000123,51,318,-267
118000125,1577,914,663
118000126,737,1314,-577
118000127,1686,599,1087
118000128,728,1140,-412
118000129,890,422,468
118000130,1829,2582,-753
118000131,464,849,-385
118000132,2267,1782,485
118000133,937,370,567
118000135,439,380,59
118000136,149,424,-275
118000137,604,93,511
118000138,511,465,46
118000139,379,110,269
118000140,2116,3601,-1485
118000141,1891,1719,172
118000142,1621,1334,287
118000143,1847,1038,809
118000144,1261,698,563
118000145,1261,1477,-216
118000146,1062,687,375
118000147,745,1351,-606
118000148,452,975,-523
118000149,867,939,-72
118000150,469,279,190
118000151,458,411,47
118000153,1226,934,292
118000154,1358,1316,42
118000155,1170,1146,24
118000156,1535,2075,-540
118000157,490,383,107
118000158,263,468,-205
118000159,25,86,-61
118000160,437,335,102
118000161,453,622,-169
118000162,1156,750,406
118000163,866,720,146
118000164,1769,1079,690
118000168,782,468,314
118000169,991,932,59
118000170,3431,4799,-1368
118000171,344,639,-295
118000172,112,262,-150
118000173,856,1048,-192
118000175,297,303,-6
118000176,263,427,-164
118000177,265,513,-248
118000178,23,49,-26
118000179,1041,1159,-118
118000180,674,652,22
118000181,672,254,418
118000182,272,237,35
118000183,221,301,-80
118000184,729,577,152
118000185,1029,1063,-34
118000186,716,1001,-285
118000187,1145,635,510
118000188,500,163,337
118000189,550,526,24
118000190,11,10,1
118000191,30,20,10
118000192,221,190,31
118000193,100,348,-248
118000194,1099,837,262
118000195,1025,1027,-2
118000196,332,180,152
118000197,165,179,-14
118000198,503,673,-170
118000199,407,292,115
118000200,100,209,-109
118000201,465,509,-44
118000202,66,44,22
118000203,1094,591,503
118000204,161,389,-228
118000205,233,351,-118
118000206,267,192,75
118000207,0,38,-38
118000208,1137,1379,-242
118000209,1679,1482,197
118000210,58,41,17
118000211,53,49,4
118000213,1128,1404,-276
118000214,569,462,107
118000215,271,175,96
118000216,1598,1833,-235
118000217,40,108,-68
118000218,74,120,-46
118000219,437,278,159
118000220,6,42,-36
118000221,194,281,-87
118000222,69,7,62
118000223,42,33,9
118000224,160,86,74
118000225,147,592,-445
118000226,845,228,617
118000227,721,381,340
118000228,117,208,-91
118000229,272,77,195
118000230,147,163,-16
118000231,66,190,-124
118000232,711,693,18
118000233,963,761,202
118000234,371,210,161
118000236,378,304,74
118000237,88,280,-192
118000238,262,159,103
118000239,236,231,5
118000240,305,172,133
118000241,122,184,-62
118000242,260,517,-257
118000243,245,203,42
118000244,27,110,-83
118000246,0,21,-21
118000255,62,275,-213
118000256,159,275,-116
118000259,8,45,-37
118000260,133,104,29
118000261,30,36,-6
118000263,73,153,-80
118000266,103,215,-112
118000267,1,123,-122
118000268,321,8,313
118000270,87,13,74
118000271,227,251,-24
118000272,159,36,123
118000273,139,63,76
118000274,82,212,-130
118000276,482,315,167
118000295,9,97,-88
118000298,82,227,-145
118000299,77,153,-76
118000301,0,63,-63
118000302,68,80,-12
118000311,410,87,323
118000312,248,150,98
118000313,35,96,-61
118000314,88,53,35
118000315,20,44,-24
118000316,639,445,194
118000325,43,43,0
118000326,16,46,-30
118000331,22,30,-8
118000332,11,21,-10
118000333,50,51,-1
118000335,372,0,372
118000336,0,204,-204
118000407,116,61,55
118000457,8,28,-20
118000465,2922,3760,-838
118000480,16,62,-46
118000489,49,316,-267
118000490,38,237,-199
118000492,339,189,150
118000510,62,15,47
118000514,197,246,-49
118000515,679,596,83
118000517,300,224,76
118000524,280,182,98
118000525,651,596,55
118000530,24,82,-58
118000531,306,243,63
118000532,218,268,-50
118000533,304,154,150
118000534,411,391,20
118000535,260,196,64
118000536,609,1445,-836
118000537,15,154,-139
118000538,43,64,-21
118000539,41,130,-89
118000540,292,115,177
118000541,170,37,133
118000542,76,118,-42
118000543,156,181,-25
118000546,64,11,53
118000553,0,2,-2
118000557,0,0,0
118000560,2113,1902,211
118000562,42,145,-103
118000563,1303,1132,171
118000576,214,126,88
118000577,160,194,-34
118000578,218,107,111
118000579,564,1043,-479
118000583,0,0,0
118000595,232,105,127
118000596,0,75,-75
118000597,141,138,3
118000598,8,0,8
118000599,71,59,12
118000600,2,11,-9
118000601,8,0,8
118000602,2,5,-3
118000603,0,18,-18
118000605,48,230,-182
118000606,30,29,1
118900001,595,1294,-699
118900002,602,627,-25
118900003,423,9,414
118900004,47,51,-4
118900005,83,5,78
118900006,102,2,100
118900007,7,0,7
118900008,1209,52,1157
118900009,66,52,14
118900010,74,4,70
118900011,148,35,113
118900012,405,166,239
118900013,460,134,326
118900015,193,56,137
118900016,10,11,-1
118900017,185,257,-72
118900018,755,23,732
118900019,57,26,31
118900020,195,150,45
118900021,139,265,-126
118900022,141,106,35
118900023,187,116,71
118900024,97,151,-54
118900025,47,16,31
118900026,91,73,18
118900027,437,199,238
118900028,173,139,34
118900029,296,341,-45
118900030,299,31,268
118900031,132,88,44
118900032,176,168,8
118900033,319,454,-135
118900034,215,24,191
118900035,119,146,-27
118900036,1060,534,526
118900037,347,313,34
118900038,392,166,226
118900039,372,130,242
118900040,210,159,51
118900041,479,142,337
118900042,167,77,90
118900045,304,187,117
118900046,800,424,376
118900047,452,257,195
118900048,136,203,-67
118900049,61,64,-3
118900050,31,139,-108
118900051,94,139,-45
118900052,278,230,48
118900053,41,115,-74
118900054,104,36,68
118900055,86,67,19
118900056,102,359,-257
118900057,612,413,199
118900058,413,328,85
118900059,28,81,-53
118900060,238,167,71
118900062,382,168,214
118900064,557,541,16
118900065,37,106,-69
118900066,68,80,-12
118900067,3541,2969,572
118900068,3,153,-150
118900069,331,251,80
118900071,1,78,-77
118900072,385,336,49
118900073,115,122,-7
118900074,136,203,-67
118900075,76,60,16
118900076,210,140,70
118900077,189,181,8
118900078,40,7,33
118900079,69,193,-124
118900080,18,122,-104
118900081,83,44,39
118900082,607,142,465
118900083,36,8,28
118900084,19,20,-1
118900085,517,672,-155
118900086,39,96,-57
118900087,21,168,-147
118900088,0,7,-7
118900089,49,11,38
118900090,403,286,117
118900091,137,199,-62
118900092,116,86,30
118900093,151,38,113
118900096,92,98,-6
118900097,233,336,-103
118900099,66,195,-129
118900100,138,253,-115
118900101,25,195,-170
118900102,45,76,-31
118900103,43,104,-61
118900104,50,34,16
118900105,218,110,108
118900107,169,101,68
118900108,109,77,32
118900110,1153,722,431
118900111,578,471,107
118900112,62,158,-96
118900113,103,329,-226
118900114,20,66,-46
118900115,76,361,-285
118900116,119,185,-66
118900117,99,142,-43
118900118,221,280,-59
118900119,113,163,-50
118900120,99,267,-168
118900121,23,162,-139
118900122,14,646,-632
118900123,150,231,-81
118900124,79,217,-138
118900126,25,289,-264
118900129,187,187,0
118900130,86,241,-155
118900131,249,215,34
118900132,250,166,84
118900133,17,113,-96
118900135,159,193,-34
118900136,162,441,-279
118900137,39,33,6
118900139,257,333,-76
118900140,368,486,-118
118900141,101,144,-43
118900144,142,323,-181
118900145,365,132,233
118900146,285,576,-291
118900147,225,129,96
118900148,112,48,64
118900150,128,506,-378
118900152,419,706,-287
118900157,84,161,-77
118900158,87,50,37
118900159,0,218,-218
118900161,52,10,42
118900163,106,181,-75
118900164,1,198,-197
118900165,56,151,-95
118900166,61,3,58
118900167,67,90,-23
118900168,5,156,-151
118900169,108,268,-160
118900170,161,107,54
118900171,40,47,-7
118900174,82,43,39
118900175,321,386,-65
118900176,131,251,-120
118900177,34,50,-16
118900178,57,162,-105
118900179,1,8,-7
118900181,124,107,17
118900182,74,31,43
118900183,55,152,-97
118900184,278,83,195
118900185,85,94,-9
118900186,92,78,14
118900187,211,231,-20
118900188,259,214,45
118900189,19,573,-554
118900190,12,226,-214
118900191,122,58,64
118900192,151,19,132
118900193,460,8,452
118900195,240,474,-234
118900196,33,101,-68
118900197,92,37,55
118900198,25,16,9
118900199,75,41,34
118900200,33,10,23
118900201,16,23,-7
118900202,8,54,-46
118900203,13,17,-4
118900204,31,17,14
118900205,7,10,-3
118900206,8,20,-12
119000001,1152,1567,-415
119000002,3154,2732,422
119000003,2133,1040,1093
119000004,2190,1088,1102
119000005,1595,1637,-42
119000006,2592,1466,1126
119000007,2950,2699,251
119000008,1728,1504,224
119000009,3055,3965,-910
119000010,5049,3718,1331
119000011,3501,2576,925
119000012,2585,2928,-343
119000013,2422,1583,839
119000014,1536,2386,-850
119000019,258,116,142
119000020,1798,1360,438
119000021,3929,1897,2032
119000022,1853,2088,-235
119000023,309,233,76
119000024,1555,9023,-7468
119000025,5466,1149,4317
119000026,131,443,-312
119000027,306,329,-23
119000028,1477,803,674
119000029,89,309,-220
119000030,607,925,-318
119000031,749,620,129
119000032,1690,2215,-525
119000033,1895,1221,674
119000034,933,857,76
119000035,32,282,-250
119000036,1547,701,846
119000037,1107,1258,-151
119000038,149,699,-550
119000039,279,235,44
119000040,610,449,161
119000041,621,1024,-403
119000048,2625,2624,1
119000049,1753,1865,-112
119000050,1674,1667,7
119000051,1996,948,1048
119000052,1835,2829,-994
119000053,1783,1172,611
119000054,2846,2544,302
119000055,3945,2846,1099
119000056,2298,1772,526
119000057,1534,1506,28
119000058,1803,1559,244
119000059,1111,1309,-198
119000060,1436,1022,414
119000061,876,750,126
119000062,1075,1151,-76
119000063,496,359,137
119000064,946,1109,-163
119000065,1658,2928,-1270
119000066,1941,969,972
119000067,1510,1809,-299
119000068,1496,979,517
119000069,1281,1948,-667
119000070,2301,875,1426
119000071,508,595,-87
119000072,4181,2421,1760
119000073,3967,5724,-1757
119000074,1106,1876,-770
119000075,2001,1766,235
119000076,274,787,-513
119000077,616,405,211
119000078,370,246,124
119000079,287,477,-190
119000080,446,147,299
119000081,222,353,-131
119000082,769,211,558
119000083,548,367,181
119000084,239,413,-174
119000085,408,185,223
119000086,260,375,-115
119000087,1489,772,717
119000088,329,229,100
119000089,63,157,-94
119000090,135,117,18
119000091,105,429,-324
119000092,380,174,206
119000093,3032,2438,594
119000094,2749,4548,-1799
119000095,1578,2660,-1082
119000097,1896,1221,675
119000098,835,2332,-1497
119000099,2060,1438,622
119000100,3277,2532,745
119000101,3717,1765,1952
119000102,827,1055,-228
119000103,1327,561,766
119000104,2044,1161,883
119000105,1000,1947,-947
119000106,396,1164,-768
119000107,853,446,407
119000108,395,751,-356
119000109,106,429,-323
119000110,380,424,-44
119000111,46,593,-547
119000112,185,108,77
119000113,1910,264,1646
119000114,845,778,67
119000115,143,110,33
119000116,87,91,-4
119000117,171,286,-115
119000118,2,1,1
119000123,3869,2400,1469
119000124,658,177,481
119000125,3335,693,2642
119000126,1106,656,450
119000127,469,432,37
119000128,10,5,5
119000131,900,578,322
119000132,2,5,-3
119000133,0,4,-4
119000134,1651,641,1010
119000135,103,156,-53
119000136,205,182,23
119000137,207,298,-91
119000138,460,249,211
119000139,252,176,76
119000140,228,270,-42
119000284,1328,2390,-1062
119000285,1925,1931,-6
119000286,5828,4859,969
119000287,1122,1948,-826
119000288,1707,1269,438
119000289,1496,2576,-1080
119000290,206,300,-94
119000291,11,217,-206
119000293,97,157,-60
119000294,27,35,-8
119000295,1173,302,871
119000296,231,148,83
119000297,0,0,0
119000299,0,0,0
119000302,2279,1211,1068
119000303,47,110,-63
119000304,0,0,0
119000310,0,0,0
119000314,1351,8927,-7576
119000315,2,272,-270
119000316,140,108,32
119000317,112,293,-181
119900001,238,1215,-977
119900002,130,272,-142
119900003,77,942,-865
119900004,294,1125,-831
119900005,153,110,43
119900006,191,307,-116
119900007,1058,279,779
119900008,481,33,448
119900009,662,632,30
119900010,760,888,-128
119900011,28,75,-47
119900012,23,80,-57
119900013,1760,1011,749
119900014,406,189,217
119900015,139,32,107
119900016,27,83,-56
119900017,75,78,-3
119900018,1600,808,792
119900019,32,15,17
119900020,158,228,-70
119900021,196,99,97
119900022,96,580,-484
119900023,450,1372,-922
119900025,187,16,171
119900026,635,149,486
119900027,29,33,-4
119900028,268,147,121
119900029,1,11,-10
119900030,512,460,52
119900031,50,393,-343
119900033,1921,248,1673
119900034,403,93,310
119900037,212,35,177
119900038,37,231,-194
119900039,50,6,44
119900040,170,25,145
119900041,105,41,64
119900042,312,141,171
119900043,84,110,-26
119900044,225,832,-607
119900046,151,59,92
119900047,237,72,165
119900048,172,40,132
119900049,123,18,105
119900050,118,70,48
119900051,1052,17,1035
119900052,64,34,30
119900053,177,138,39
119900054,167,18,149
119900055,1333,394,939
119900057,289,62,227
119900058,239,1,238
119900059,172,43,129
119900060,191,12,179
119900061,227,7,220
119900062,91,20,71
119900063,4,47,-43
119900065,249,13,236
119900067,124,22,102
119900068,457,2,455
119900069,102,15,87
119900070,756,11,745
119900071,589,13,576
119900073,1560,743,817
119900074,31,26,5
119900075,3873,2404,1469
119900076,585,298,287
119900077,768,840,-72
119900078,592,867,-275
119900079,500,210,290
119900080,317,298,19
119900081,621,98,523
119900082,1025,174,851
119900083,462,159,303
119900084,642,333,309
119900085,56,47,9
119900086,479,835,-356
119900087,589,326,263
119900088,39,51,-12
119900089,50,380,-330
119900090,138,45,93
119900091,71,750,-679
119900092,61,276,-215
119900093,1010,169,841
119900094,81,244,-163
119900095,263,112,151
119900096,44,101,-57
119900097,433,207,226
119900098,40,46,-6
119900099,39,153,-114
119900100,1621,2224,-603
119900101,153,1001,-848
119900102,42,208,-166
119900103,47,261,-214
119900104,38,150,-112
119900105,583,1803,-1220
119900106,11,124,-113
119900107,237,2125,-1888
119900108,2260,609,1651
119900109,21,135,-114
119900110,634,465,169
119900111,103,256,-153
119900112,1380,582,798
119900113,58,279,-221
119900114,297,959,-662
119900115,306,925,-619
119900116,160,433,-273
119900117,299,547,-248
119900118,111,668,-557
119900119,278,191,87
119900120,577,460,117
119900121,404,857,-453
119900122,561,330,231
119900123,201,308,-107
119900124,283,800,-517
119900125,65,292,-227
119900126,3044,300,2744
119900127,1963,923,1040
119900128,529,693,-164
119900129,290,429,-139
119900130,33,230,-197
119900131,47,238,-191
119900132,7,254,-247
119900133,28,108,-80
119900134,1502,200,1302
119900135,1,322,-321
119900136,156,305,-149
119900138,375,493,-118
119900139,85,116,-31
119900140,1,101,-100
119900141,118,604,-486
119900142,10,31,-21
119900143,34,194,-160
119900144,1356,224,1132
119900145,102,157,-55
119900146,140,213,-73
119900147,8,115,-107
119900148,178,80,98
119900149,933,3432,-2499
119900150,204,134,70
119900151,1247,524,723
119900152,132,313,-181
119900153,151,70,81
119900154,25,442,-417
119900155,42,49,-7
119900156,20,11,9
119900157,106,222,-116
119900158,143,70,73
119900159,9,1073,-1064
119900160,31,139,-108
119900161,184,144,40
119900162,875,832,43
119900163,153,168,-15
119900164,1,10,-9
119900165,179,128,51
119900166,88,51,37
119900167,73,80,-7
119900168,831,408,423
119900169,102,335,-233
119900170,209,269,-60
119900171,1226,354,872
119900172,122,18,104
119900173,7,352,-345
119900174,2,148,-146
119900175,1115,674,441
119900177,24,171,-147
119900178,11,139,-128
119900179,87,525,-438
119900180,788,776,12
119900181,90,122,-32
119900182,5,298,-293
119900183,127,554,-427
119900184,1709,464,1245
119900185,41,185,-144
119900186,58,757,-699
119900187,30,320,-290
119900188,104,278,-174
119900189,392,372,20
119900190,78,306,-228
119900191,436,283,153
119900192,78,174,-96
119900193,318,150,168
119900194,29,100,-71
119900195,23,130,-107
119900196,1009,366,643
119900197,203,147,56
119900198,152,235,-83
119900199,152,18,134
119900200,697,690,7
119900201,253,155,98
119900202,100,227,-127
119900203,148,575,-427
119900204,248,256,-8
119900205,626,426,200
119900206,171,109,62
119900208,151,216,-65
119900209,494,1157,-663
119900210,47,39,8
119900211,76,13,63
119900212,199,204,-5
119900213,6,50,-44
119900214,24,79,-55
119900215,51,77,-26
119900216,14,62,-48
119900217,8,52,-44
119900218,16,92,-76
119900219,18,124,-106
119900220,11,91,-80
119900221,18,237,-219
119900222,14,179,-165
119900223,23,86,-63
119900224,14,30,-16
119900225,882,59,823
119900226,546,1594,-1048
119900227,1026,264,762
119900228,620,222,398
119900229,307,450,-143
119900230,1310,492,818
119900231,222,128,94
119900232,248,125,123
119900233,55,24,31
119900234,20,48,-28
119900235,15,51,-36
119900236,69,251,-182
119900237,35,343,-308
119900238,4,62,-58
119900240,83,140,-57
119900241,180,219,-39
119900242,1124,1327,-203
119900244,605,1192,-587
119900245,96,184,-88
119900246,298,519,-221
119900247,27,112,-85
119900248,84,213,-129
119900249,223,115,108
119900253,1904,342,1562
119900254,88,599,-511
119900255,121,591,-470
119900256,594,753,-159
119900257,63,2,61
119900258,94,0,94
119900259,18,109,-91
119900260,134,9,125
119900261,207,148,59
119900262,3,179,-176
119900263,985,329,656
119900264,101,165,-64
119900265,674,390,284
119900266,287,238,49
119900267,257,493,-236
119900268,240,137,103
119900269,1092,896,196
119900271,21,87,-66
119900272,373,272,101
119900275,128,38,90
119900276,81,9,72
119900277,9,5,4
119900278,188,97,91
119900279,142,276,-134
119900280,655,135,520
119900281,3,224,-221
119900282,55,123,-68
119900283,9,196,-187
119900284,32,144,-112
119900285,20,34,-14
119900286,2,14,-12
119900288,3,21,-18
119900289,9,32,-23
119900290,10,41,-31
119900291,1,74,-73
119900292,56,76,-20
119900293,42,82,-40
119900294,46,99,-53
119900295,34,48,-14
119900296,49,146,-97
119900297,3,8,-5
119900298,6,13,-7
119900299,140,163,-23
119900300,359,120,239
119900301,49,29,20
119900302,24,53,-29
119900303,296,274,22
119900304,133,56,77
119900305,14,90,-76
119900306,28,2,26
119900307,63,71,-8
119900308,12,28,-16
119900309,26,121,-95
119900310,235,272,-37
119900311,58,93,-35
119900312,72,66,6
119900313,254,257,-3
119900314,170,378,-208
119900315,1489,1695,-206
119900318,11,45,-34
119900319,18,229,-211
119900320,135,345,-210
119900321,87,2,85
120000001,4918,12668,-7750
120000002,2576,2607,-31
120000003,3082,1677,1405
120000004,2754,1874,880
120000005,3427,1979,1448
120000006,1129,1224,-95
120000007,2935,2928,7
120000008,1047,1219,-172
120000009,2394,835,1559
120000010,1717,2222,-505
120000011,1023,1490,-467
120000012,1398,2260,-862
120000013,2692,2493,199
120000014,632,1350,-718
120000015,2076,1261,815
120000016,3352,2094,1258
120000017,2550,1961,589
120000018,3389,9216,-5827
120000019,1059,1360,-301
120000020,2805,2859,-54
120000021,1835,2208,-373
120000022,2817,3931,-1114
120000023,1112,1571,-459
120000024,1588,2391,-803
120000025,2393,2032,361
120000026,1980,1634,346
120000027,2080,2042,38
120000028,561,1095,-534
120000029,2208,857,1351
120000030,924,826,98
120000031,2025,5326,-3301
120000032,6741,3557,3184
120000033,4063,1728,2335
120000034,1629,1570,59
120000035,1925,1825,100
120000036,2639,4338,-1699
120000037,660,1522,-862
120000038,5058,3185,1873
120000039,585,790,-205
120000040,263,359,-96
120000041,1473,1421,52
120000042,3000,2057,943
120000043,4112,1443,2669
120000044,4461,1415,3046
120000045,5286,1006,4280
120000046,2791,2353,438
120000047,836,3879,-3043
120000048,6279,3911,2368
120000049,3055,2792,263
120000050,3682,3510,172
120000051,2639,3713,-1074
120000052,7164,2189,4975
120000053,1373,2240,-867
120000054,1252,3345,-2093
120000055,1553,3828,-2275
120000056,3662,3206,456
120000057,3631,964,2667
120000058,3394,960,2434
120000059,15,1634,-1619
120000061,207,499,-292
120000062,285,280,5
120000063,1287,2364,-1077
120000064,206,946,-740
120000065,479,1116,-637
120000066,248,417,-169
120000067,53,420,-367
120000068,177,609,-432
120000069,570,846,-276
120000070,86,578,-492
120000071,412,140,272
120000072,754,400,354
120000073,893,88,805
120000074,138,89,49
120000075,802,279,523
120000076,1936,412,1524
120000077,1695,608,1087
120000078,3325,1127,2198
120000079,453,476,-23
120000080,264,298,-34
120000081,347,202,145
120000082,295,305,-10
120000083,197,734,-537
120000084,300,330,-30
120000085,217,310,-93
120000086,286,446,-160
120000087,212,479,-267
120000088,814,1042,-228
120000089,1084,644,440
120000090,750,538,212
120000091,1124,977,147
120000092,1135,581,554
120000093,481,474,7
120000094,214,670,-456
120000095,1005,450,555
120000096,222,630,-408
120000098,895,864,31
120000099,520,683,-163
120000100,714,862,-148
120000101,492,360,132
120000102,591,793,-202
120000103,1319,851,468
120000104,1676,525,1151
120000105,2615,697,1918
120000106,2215,617,1598
120000107,3380,624,2756
120000108,1194,131,1063
120000109,1018,79,939
120000110,100,820,-720
120000111,215,915,-700
120000112,712,2202,-1490
120000113,857,1827,-970
120000114,895,2168,-1273
120000115,346,1735,-1389
120000116,681,1566,-885
120000117,913,1217,-304
120000118,64,29,35
120000119,26,54,-28
120000120,56,88,-32
120000121,61,56,5
120000122,248,315,-67
120000123,3733,4613,-880
120000124,412,310,102
120000125,485,584,-99
120000126,297,860,-563
120000127,2384,943,1441
120000128,3214,3580,-366
120000129,305,266,39
120000130,735,452,283
120000131,259,650,-391
120000134,339,912,-573
120000135,490,514,-24
120000137,263,1175,-912
120000138,1004,474,530
120000139,313,547,-234
120000140,944,478,466
120000141,706,388,318
120000142,1051,484,567
120000143,1,85,-84
120000144,102,6,96
120000145,379,2,377
120000146,1150,898,252
120000149,607,1107,-500
120000150,2886,10044,-7158
120000151,433,449,-16
120000152,428,166,262
120000153,178,494,-316
120000154,494,458,36
120000155,121,222,-101
120000156,713,1042,-329
120000157,901,531,370
120000158,891,826,65
120000159,1924,2370,-446
120000160,2372,1517,855
120000161,1861,2118,-257
120000162,109,284,-175
120000163,687,1278,-591
120000164,527,417,110
120000165,592,655,-63
120000166,1308,500,808
120000167,80,115,-35
120000168,12,335,-323
120000169,48,1040,-992
120000170,20,771,-751
120000171,9,274,-265
120000172,24,259,-235
120000173,1829,923,906
120000174,352,44,308
120000175,279,36,243
120000176,390,50,340
120000177,1047,98,949
120000178,69,6,63
120000179,204,37,167
120000180,675,102,573
120000181,167,1001,-834
120000182,82,563,-481
120000183,5,362,-357
120000184,105,976,-871
120000186,70,436,-366
120000187,59,263,-204
120000188,167,354,-187
120000190,793,57,736
120000191,606,53,553
120000192,681,27,654
120000193,181,8,173
120000195,63,3,60
120000196,210,33,177
120000197,77,77,0
120000198,148,69,79
120000199,115,1,114
120000200,126,0,126
120000201,20,25,-5
120000202,5,55,-50
120000203,55,170,-115
120000207,3,73,-70
120000208,14,203,-189
120000209,10,86,-76
120000210,71,88,-17
120000211,115,4,111
120000212,223,0,223
120000213,135,250,-115
120000214,2,245,-243
120000215,1,119,-118
120000216,69,14,55
120000217,527,927,-400
120000218,171,732,-561
120000219,4,417,-413
120000220,14,1172,-1158
120000225,1397,2,1395
120000226,283,5,278
120000227,712,56,656
120000228,7776,2874,4902
120000230,351,18,333
120000231,1084,1640,-556
120000233,268,1,267
120000235,225,613,-388
120000236,915,5,910
120000237,4,1018,-1014
120000238,1,475,-474
120000241,1177,2959,-1782
120000412,771,10,761
120000413,249,190,59
120000414,164,0,164
120000415,3,88,-85
120000416,190,9,181
120000417,8,79,-71
120000418,126,21,105
120000419,10,205,-195
120000420,46,10,36
120000421,8356,5069,3287
120000422,155,1059,-904
120000423,3,50,-47
120000424,72,112,-40
120000436,157,499,-342
120000437,124,116,8
120000438,2201,253,1948
120000439,217,448,-231
120000443,187,0,187
120000444,1253,384,869
120000445,1401,928,473
120000446,589,175,414
120000447,219,4,215
120000449,120,7,113
120000450,3,197,-194
120000451,101,181,-80
120000452,56,4,52
120000453,2,239,-237
120000454,63,61,2
120000455,87,43,44
120000456,1942,3273,-1331
120000457,783,476,307
120000458,418,635,-217
120000459,90,57,33
120000665,817,271,546
120000668,114,783,-669
120000669,54,123,-69
120000670,167,579,-412
120000671,1706,492,1214
120000672,114,571,-457
120900001,54,87,-33
120900002,393,528,-135
120900003,216,17,199
120900004,11,54,-43
120900005,8,950,-942
120900006,430,195,235
120900007,139,85,54
120900008,221,1016,-795
120900009,717,43,674
120900010,374,107,267
120900011,217,241,-24
120900012,304,896,-592
120900013,243,112,131
120900014,8,475,-467
120900015,641,90,551
120900016,649,61,588
120900017,2001,71,1930
120900018,89,341,-252
120900019,557,365,192
120900020,771,1088,-317
120900021,619,229,390
120900022,37,313,-276
120900023,292,37,255
120900024,1603,424,1179
120900025,1521,985,536
120900026,107,132,-25
120900027,796,16,780
120900028,372,116,256
120900029,144,445,-301
120900030,1011,685,326
120900031,189,98,91
120900032,922,98,824
120900033,901,96,805
120900034,52,2187,-2135
120900035,46,91,-45
120900037,207,13,194
120900038,78,358,-280
120900039,94,52,42
120900040,309,1,308
120900041,149,37,112
120900042,546,24,522
120900043,68,56,12
120900044,10,300,-290
120900045,122,60,62
120900046,402,6,396
120900047,195,131,64
120900048,157,25,132
120900049,479,2,477
120900050,1941,1402,539
120900051,366,96,270
120900052,463,11,452
120900053,312,86,226
120900054,1434,571,863
120900055,388,4,384
120900056,541,20,521
120900057,149,18,131
120900058,486,0,486
120900059,80,2,78
120900060,48,31,17
120900061,277,242,35
120900062,252,2,250
120900063,643,13,630
120900064,545,2,543
120900065,514,2,512
120900066,357,319,38
120900067,204,47,157
120900068,227,1,226
120900069,267,57,210
120900071,13,6,7
120900072,765,8,757
120900073,539,167,372
120900074,518,7,511
120900076,316,1,315
120900077,2347,315,2032
120900078,654,617,37
120900079,675,114,561
120900080,765,1573,-808
120900081,1048,589,459
120900082,434,280,154
120900083,82,2,80
120900084,266,444,-178
120900085,86,143,-57
120900086,99,297,-198
120900087,360,361,-1
120900088,144,368,-224
120900089,2545,2305,240
120900090,211,113,98
120900091,581,870,-289
120900092,1180,403,777
120900093,2001,159,1842
120900094,486,174,312
120900095,316,22,294
120900096,45,236,-191
120900097,542,567,-25
120900098,341,183,158
120900099,54,74,-20
120900100,125,237,-112
120900101,647,251,396
120900102,36,64,-28
120900103,59,205,-146
120900104,18,45,-27
120900105,41,504,-463
120900106,1077,436,641
120900107,257,151,106
120900108,5,534,-529
120900109,72,563,-491
120900110,16,644,-628
120900111,213,315,-102
120900112,15,790,-775
120900113,15,675,-660
120900114,39,202,-163
120900115,142,267,-125
120900116,358,261,97
120900117,0,427,-427
120900118,6,545,-539
120900119,4266,4100,166
120900120,111,437,-326
120900121,115,359,-244
120900122,422,370,52
120900123,2,335,-333
120900124,2,468,-466
120900125,2,437,-435
120900126,1385,868,517
120900127,6,428,-422
120900128,1143,1199,-56
120900129,50,240,-190
120900130,9,377,-368
120900131,85,59,26
120900132,894,169,725
120900133,107,662,-555
120900134,757,357,400
120900135,8,441,-433
120900136,41,58,-17
120900137,206,83,123
120900138,29,187,-158
120900139,7,533,-526
120900140,0,67,-67
120900141,120,210,-90
120900142,29,394,-365
120900143,1,646,-645
120900144,1,135,-134
120900145,173,758,-585
120900146,5,689,-684
120900147,4,393,-389
120900148,98,142,-44
120900149,2,231,-229
120900150,55,444,-389
120900151,2,446,-444
120900152,1,21,-20
120900153,38,97,-59
120900154,1,213,-212
120900155,190,875,-685
120900156,40,268,-228
120900157,96,261,-165
120900158,81,540,-459
120900159,209,478,-269
120900160,20,547,-527
120900161,58,594,-536
120900162,59,592,-533
120900163,43,633,-590
120900164,0,25,-25
120900165,0,101,-101
120900166,81,580,-499
120900167,332,164,168
120900169,100,311,-211
120900170,931,2310,-1379
120900171,854,216,638
120900172,532,975,-443
120900173,0,53,-53
120900174,8,93,-85
120900175,279,149,130
120900176,14,304,-290
120900177,1,999,-998
120900178,1,430,-429
120900179,824,377,447
120900180,74,142,-68
120900181,93,27,66
120900182,27,250,-223
120900183,511,154,357
120900184,314,79,235
120900185,12,275,-263
120900186,0,380,-380
120900187,556,1013,-457
120900188,151,12,139
120900189,104,1211,-1107
120900190,73,10,63
120900191,7,21,-14
120900192,7743,6287,1456
120900194,43,68,-25
120900195,100,232,-132
120900196,959,43,916
120900197,576,126,450
120900198,189,431,-242
120900199,355,394,-39
120900200,71,146,-75
120900201,397,112,285
120900202,3,129,-126
120900203,36,70,-34
120900204,151,235,-84
120900205,60,54,6
120900206,26,59,-33
120900207,90,972,-882
121000001,644,1077,-433
121000002,2064,1222,842
121000003,2382,1819,563
121000004,2408,3049,-641
121000005,1668,2548,-880
121000006,3199,1768,1431
121000007,2335,2783,-448
121000008,4670,3321,1349
121000009,4871,5607,-736
121000010,8075,5459,2616
121000011,8406,11599,-3193
121000012,15353,9860,5493
121000013,4713,6962,-2249
121000014,5995,5556,439
121000015,3917,6959,-3042
121000016,4078,3186,892
121000017,1844,3565,-1721
121000018,2591,1619,972
121000019,15191,12007,3184
121000020,12733,15196,-2463
121000021,3113,2809,304
121000022,2226,2824,-598
121000023,4023,2705,1318
121000024,4373,4552,-179
121000025,594,1441,-847
121000026,403,169,234
121000027,1752,1278,474
121000028,910,520,390
121000029,992,763,229
121000030,654,422,232
121000031,628,641,-13
121000032,224,126,98
121000034,463,241,222
121000035,153,185,-32
121000036,1054,835,219
121000037,562,621,-59
121000038,641,1006,-365
121000039,364,450,-86
121000041,512,499,13
121000042,441,384,57
121000043,689,607,82
121000044,1597,987,610
121000045,438,254,184
121000046,698,826,-128
121000047,55,92,-37
121000049,1323,577,746
121000050,357,1219,-862
121000051,654,295,359
121000052,406,664,-258
121000053,487,113,374
121000054,67,374,-307
121000055,1187,1283,-96
121000056,859,1065,-206
121000057,497,578,-81
121000058,426,241,185
121000059,2405,1438,967
121000060,709,1026,-317
121000061,113,355,-242
121000062,230,357,-127
121000063,907,839,68
121000064,763,936,-173
121000065,544,557,-13
121000066,826,624,202
121000067,602,635,-33
121000068,777,436,341
121000069,812,988,-176
121000070,1940,1310,630
121000071,1310,1340,-30
121000072,1394,681,713
121000073,1110,1022,88
121000074,235,161,74
121000075,78,542,-464
121000076,999,523,476
121000077,164,202,-38
121000078,142,154,-12
121000080,1933,665,1268
121000081,4086,2808,1278
121000082,98,283,-185
121000083,211,136,75
121000084,198,177,21
121000085,344,507,-163
121000086,323,698,-375
121000087,95,356,-261
121000088,503,550,-47
121000089,487,412,75
121000090,587,440,147
121000091,1471,1015,456
121000092,208,95,113
121000093,189,212,-23
121000094,573,747,-174
121000095,379,746,-367
121000096,2650,2425,225
121000097,897,2239,-1342
121000098,612,942,-330
121000099,843,772,71
121000100,951,432,519
121000101,413,329,84
121000102,341,337,4
121000103,230,217,13
121000104,205,171,34
121000105,430,288,142
121000106,378,358,20
121000107,1743,2970,-1227
121000109,1236,1039,197
121000110,336,777,-441
121000114,2961,1974,987
121000115,952,742,210
121000116,271,886,-615
121000117,929,256,673
121000118,1535,267,1268
121000119,274,471,-197
121000120,228,450,-222
121000121,635,1290,-655
121000123,1543,678,865
121000127,126,80,46
121000128,932,399,533
121000129,772,564,208
121000130,656,776,-120
121000131,2427,1845,582
121000132,1701,1756,-55
121000135,394,464,-70
121000136,1085,1131,-46
121000137,536,372,164
121000138,823,1520,-697
121000139,531,575,-44
121000141,160,120,40
121000142,713,1052,-339
121000143,151,35,116
121000144,972,1769,-797
121000145,576,1162,-586
121000146,1376,1037,339
121000147,994,512,482
121000148,966,1134,-168
121000149,2102,1161,941
121000152,477,559,-82
121000153,1755,600,1155
121000154,955,516,439
121000155,1586,1142,444
121000156,467,1065,-598
121000157,1020,1505,-485
121000158,442,479,-37
121000159,195,375,-180
121000160,319,414,-95
121000161,200,254,-54
121000162,91,147,-56
121000165,1526,1863,-337
121000166,24,505,-481
121000168,370,264,106
121000169,77,188,-111
121000170,334,104,230
121000171,122,157,-35
121000172,674,552,122
121000173,1093,1093,0
121000174,478,439,39
121000175,944,353,591
121000176,372,307,65
121000177,879,621,258
121000178,148,48,100
121000179,86,82,4
121000181,487,391,96
121000182,130,234,-104
121000183,104,96,8
121000184,75,122,-47
121000185,43,210,-167
121000186,205,608,-403
121000187,146,207,-61
121000188,166,194,-28
121000192,988,468,520
121000193,586,557,29
121000194,2217,2188,29
121000195,227,937,-710
121000196,695,232,463
121000197,228,653,-425
121000198,171,116,55
121000199,124,313,-189
121000200,490,88,402
121000201,6,209,-203
121000202,704,150,554
121000203,806,1957,-1151
121000204,2515,657,1858
121000205,149,269,-120
121000206,107,40,67
121000207,1963,468,1495
121000208,5,285,-280
121000209,395,296,99
121000210,637,404,233
121000211,201,119,82
121000212,476,496,-20
121000213,9448,2573,6875
121000214,849,1946,-1097
121000215,1028,948,80
121000216,562,660,-98
121000217,3589,2365,1224
121000218,396,1331,-935
121000219,1389,393,996
121000220,177,50,127
121000221,91,191,-100
121000222,2123,1894,229
121000223,591,457,134
121000224,567,222,345
121000225,920,1433,-513
121000226,2303,941,1362
121000227,15,139,-124
121000228,12,503,-491
121000229,333,288,45
121000230,81,1368,-1287
121000231,873,31,842
121000232,418,340,78
121000233,597,370,227
121000234,28,35,-7
121000235,72,79,-7
121000236,15,60,-45
121000237,63,17,46
121000238,5,61,-56
121000239,64,5,59
121000240,5,180,-175
121000241,85,11,74
121000242,71,390,-319
121000243,627,251,376
121000244,14,91,-77
121000245,109,53,56
121000246,2,113,-111
121000247,93,19,74
121000248,1861,612,1249
121000249,95,226,-131
121000250,413,176,237
121000251,21,365,-344
121000252,75,61,14
121000253,265,336,-71
121000254,628,223,405
121000255,169,158,11
121000256,248,158,90
121000257,71,69,2
121000258,135,65,70
121000259,72,56,16
121000260,79,83,-4
121000261,98,48,50
121000262,866,663,203
121000263,737,385,352
121000271,305,1381,-1076
121000273,42,7,35
121000274,7,31,-24
121000275,3,15,-12
121000276,7,13,-6
121000278,43,23,20
121000279,18,19,-1
121000280,33,27,6
121000289,228,14,214
121000290,1191,944,247
121000294,162,143,19
121000297,880,1045,-165
121000299,186,424,-238
121000300,847,467,380
121000302,45,929,-884
121000303,425,399,26
121000304,523,55,468
121000305,173,50,123
121000306,111,118,-7
121000308,126,314,-188
121000309,351,468,-117
121000310,99,249,-150
121000311,72,659,-587
121000312,335,208,127
121000313,254,382,-128
121000314,177,188,-11
121000315,64,157,-93
121000530,1402,1141,261
121000531,1366,1482,-116
121000532,5736,6706,-970
121000533,3095,3381,-286
121000918,39,122,-83
121000919,47,82,-35
121000938,153,251,-98
121000939,152,246,-94
121000956,1188,950,238
121000957,6,12,-6
121000958,32,54,-22
121000959,730,686,44
121000960,1411,1803,-392
121000961,287,197,90
121000962,325,519,-194
121000973,1,132,-131
121000976,44,226,-182
121000979,505,163,342
121000981,497,355,142
121000982,413,158,255
121000983,436,388,48
121000984,22,73,-51
121000985,768,421,347
121000986,245,174,71
121000987,220,755,-535
121000988,739,140,599
121001302,261,124,137
121001308,7,19,-12
121001309,46,114,-68
121001311,0,0,0
121001313,177,184,-7
121001314,1699,2384,-685
121001315,4117,2580,1537
121001326,640,403,237
121900001,149,195,-46
121900002,31,36,-5
121900003,456,19,437
121900004,120,362,-242
121900005,22,9,13
121900006,79,19,60
121900007,1791,1833,-42
121900008,1239,827,412
121900009,590,17,573
121900010,208,3,205
121900011,168,309,-141
121900012,6,2,4
121900013,1092,131,961
121900014,1060,427,633
121900015,247,186,61
121900016,4,37,-33
121900017,1036,421,615
121900018,353,7,346
121900019,514,177,337
121900020,17,3,14
121900021,1100,23,1077
121900022,281,261,20
121900023,191,302,-111
121900024,347,122,225
121900025,665,343,322
121900026,313,51,262
121900027,336,101,235
121900028,205,15,190
121900029,88,160,-72
121900030,474,526,-52
121900031,946,5444,-4498
121900032,81,62,19
121900033,232,182,50
121900034,308,70,238
121900035,2772,1970,802
121900036,72,282,-210
121900037,148,1162,-1014
121900038,26,97,-71
121900039,328,50,278
121900040,79,89,-10
121900041,93,192,-99
121900042,418,143,275
121900043,4,8,-4
121900044,149,50,99
121900046,282,362,-80
121900047,191,97,94
121900048,34,94,-60
121900050,33,47,-14
121900051,189,226,-37
121900052,167,35,132
121900053,643,305,338
121900054,398,978,-580
121900055,2,9,-7
121900058,198,136,62
121900059,394,200,194
121900060,186,317,-131
121900061,201,153,48
121900062,156,110,46
121900063,1259,450,809
121900064,289,507,-218
121900066,74,34,40
121900067,51,60,-9
121900069,199,154,45
121900070,136,106,30
121900071,380,308,72
121900072,71,180,-109
121900073,229,149,80
121900074,696,952,-256
121900075,422,436,-14
121900076,374,479,-105
121900078,75,45,30
121900079,0,0,0
121900080,760,403,357
121900082,99,91,8
121900084,19,128,-109
121900086,16,38,-22
121900087,205,114,91
121900088,1821,2903,-1082
121900089,209,294,-85
121900090,58,89,-31
121900091,73,123,-50
121900092,65,91,-26
121900093,97,79,18
121900094,35,2,33
121900095,285,159,126
121900096,1064,958,106
121900097,593,299,294
121900098,13,2,11
121900099,255,103,152
121900100,259,560,-301
121900101,153,156,-3
121900102,6,183,-177
121900103,454,306,148
121900104,1325,327,998
121900105,270,192,78
121900106,9,5,4
121900107,48,43,5
121900108,3,17,-14
121900109,304,130,174
121900110,472,731,-259
121900111,586,198,388
121900112,234,150,84
121900113,59,361,-302
121900114,67,79,-12
121900117,189,59,130
121900118,1709,562,1147
121900119,218,94,124
121900120,44,1123,-1079
121900121,533,52,481
121900122,41,75,-34
121900123,221,374,-153
121900124,271,139,132
121900125,1787,961,826
121900127,26,77,-51
121900128,74,117,-43
121900129,562,196,366
121900130,144,241,-97
121900131,290,85,205
121900132,76,107,-31
121900133,96,947,-851
121900134,49,201,-152
121900135,2886,370,2516
121900136,671,304,367
121900137,52,366,-314
121900138,86,128,-42
121900139,371,586,-215
121900140,73,240,-167
121900141,64,33,31
121900142,161,138,23
121900143,14,139,-125
121900144,170,328,-158
121900145,169,185,-16
121900146,534,868,-334
121900147,81,195,-114
121900148,213,285,-72
121900149,287,643,-356
121900150,77,177,-100
121900151,93,243,-150
121900152,107,148,-41
121900153,85,673,-588
121900154,12,269,-257
121900155,2,196,-194
121900156,169,102,67
121900157,3,348,-345
121900158,92,128,-36
121900159,1,168,-167
121900160,65,209,-144
121900161,390,429,-39
121900162,120,149,-29
121900163,169,572,-403
121900164,346,233,113
121900165,508,164,344
121900166,227,153,74
121900167,131,129,2
121900168,148,341,-193
121900169,2,179,-177
121900170,7,150,-143
121900171,762,448,314
121900172,555,192,363
121900173,1309,259,1050
121900174,43,61,-18
121900175,150,235,-85
121900176,602,1336,-734
121900177,233,71,162
121900178,40,40,0
121900179,477,190,287
121900180,3002,3634,-632
121900182,677,318,359
121900183,575,1328,-753
121900184,80,577,-497
121900186,10,294,-284
121900187,29,161,-132
121900188,483,354,129
121900189,26,93,-67
121900190,244,403,-159
121900191,123,263,-140
121900192,417,828,-411
121900193,43,158,-115
121900194,13,164,-151
121900195,70,78,-8
121900196,1071,798,273
121900197,311,1195,-884
121900198,1237,1037,200
121900199,1,25,-24
121900200,91,214,-123
121900201,847,756,91
121900202,254,706,-452
121900203,150,905,-755
121900204,774,1142,-368
121900205,27,100,-73
121900206,17,41,-24
121900207,147,67,80
121900208,152,270,-118
121900209,52,33,19
121900210,1476,1060,416
121900211,412,519,-107
121900212,151,124,27
121900213,213,68,145
121900214,10,412,-402
121900215,55,116,-61
121900216,34,171,-137
121900217,256,153,103
121900218,157,433,-276
121900220,146,11,135
121900221,251,546,-295
121900222,178,139,39
121900223,172,52,120
121900224,114,41,73
121900225,133,118,15
121900226,271,508,-237
121900227,256,581,-325
121900228,179,319,-140
121900230,146,434,-288
121900231,439,2337,-1898
121900232,219,410,-191
121900233,200,255,-55
121900234,311,193,118
121900235,429,179,250
121900236,374,207,167
121900237,167,301,-134
121900238,184,261,-77
121900239,258,42,216
121900240,279,123,156
121900241,55,47,8
121900242,11,0,11
121900243,10,0,10
121900244,53,2,51
121900245,212,54,158
121900246,2213,263,1950
121900248,1298,1193,105
121900250,245,299,-54
121900251,493,51,442
121900252,547,157,390
121900253,222,857,-635
121900254,533,277,256
121900255,394,103,291
121900258,2710,1780,930
121900259,380,522,-142
121900260,65,131,-66
121900261,229,672,-443
121900262,417,815,-398
121900263,252,241,11
121900264,1488,1190,298
121900265,280,246,34
121900266,481,181,300
121900267,81,49,32
121900269,228,684,-456
121900270,31,170,-139
121900271,38,126,-88
121900273,520,1636,-1116
121900274,346,218,128
121900277,393,1004,-611
121900278,95,766,-671
121900279,122,244,-122
121900280,117,336,-219
121900281,321,745,-424
121900284,69,8,61
121900286,97,102,-5
121900287,10,21,-11
121900288,3,2,1
121900290,209,369,-160
121900291,407,693,-286
121900292,181,130,51
121900293,1081,2546,-1465
121900294,285,4,281
121900295,127,162,-35
121900296,66,183,-117
121900298,256,711,-455
121900299,0,11,-11
121900300,95,10,85
121900301,91,6,85
121900302,2,34,-32
121900303,286,299,-13
121900304,1,25,-24
121900305,2,8,-6
121900306,231,0,231
121900307,100,24,76
121900308,24,233,-209
121900309,19,230,-211
121900310,25,382,-357
121900311,429,20,409
121900312,335,15,320
121900313,310,16,294
121900314,1,29,-28
121900315,24,0,24
121900316,2,40,-38
121900317,10,8,2
121900318,4,22,-18
121900319,38,80,-42
121900320,53,78,-25
121900321,8,2,6
121900322,12,12,0
121900323,27,16,11
121900324,1,34,-33
121900325,12,0,12
121900326,7,14,-7
121900327,8,65,-57
121900328,1,28,-27
121900329,2,163,-161
121900330,0,23,-23
121900331,7,17,-10
121900332,93,27,66
121900333,24,1,23
121900334,79,50,29
122000001,2111,5246,-3135
122000002,3946,1656,2290
122000003,1844,2844,-1000
122000004,2982,1590,1392
122000005,2482,1911,571
122000006,1746,1057,689
122000007,1070,1920,-850
122000008,3275,4782,-1507
122000009,517,460,57
122000010,2255,3196,-941
122000011,3256,1546,1710
122000012,1389,1929,-540
122000013,1408,946,462
122000014,1452,1254,198
122000015,1406,1179,227
122000016,620,867,-247
122000017,1317,990,327
122000018,1364,1307,57
122000019,758,1080,-322
122000020,244,261,-17
122000021,296,472,-176
122000022,1251,948,303
122000023,666,1607,-941
122000024,792,1360,-568
122000025,1210,1841,-631
122000026,1186,1306,-120
122000027,582,1985,-1403
122000028,1024,475,549
122000029,514,508,6
122000030,280,141,139
122000031,248,319,-71
122000032,1780,1776,4
122000033,718,1315,-597
122000034,696,599,97
122000035,322,855,-533
122000036,577,565,12
122000037,381,257,124
122000038,306,347,-41
122000039,709,447,262
122000040,283,275,8
122000041,517,653,-136
122000042,371,509,-138
122000043,177,149,28
122000044,162,215,-53
122000045,1325,552,773
122000046,746,732,14
122000047,341,259,82
122000048,3918,4121,-203
122000049,5444,3283,2161
122000050,1312,813,499
122000051,399,354,45
122000052,505,437,68
122000053,236,859,-623
122000054,2436,1803,633
122000055,2222,3129,-907
122000056,4583,3585,998
122000057,3521,3773,-252
122000058,2641,1537,1104
122000059,3107,2106,1001
122000060,684,726,-42
122000061,503,638,-135
122000062,1023,317,706
122000063,1059,709,350
122000064,3139,2908,231
122000065,3564,2392,1172
122000066,665,532,133
122000067,1451,1126,325
122000068,1208,923,285
122000069,999,775,224
122000070,834,1412,-578
122000071,1528,1208,320
122000072,420,479,-59
122000073,477,832,-355
122000074,2978,1731,1247
122000075,749,1257,-508
122000076,2800,1268,1532
122000077,1133,869,264
122000078,2226,3056,-830
122000079,1219,1421,-202
122000080,771,484,287
122000081,226,312,-86
122000082,780,907,-127
122000083,1311,1600,-289
122000084,1570,845,725
122000085,310,983,-673
122000086,2126,4544,-2418
122000087,378,201,177
122000088,235,406,-171
122000089,4885,2126,2759
122000090,226,488,-262
122000091,208,94,114
122000092,159,18,141
122000093,1927,2033,-106
122000094,5451,2696,2755
122000095,2269,3443,-1174
122000096,1583,1587,-4
122000098,3006,2291,715
122000099,1704,685,1019
122000100,1096,572,524
122000101,377,894,-517
122000102,1999,1232,767
122000103,1858,1950,-92
122000104,433,176,257
122000105,740,317,423
122000106,452,641,-189
122000107,1178,458,720
122000108,505,911,-406
122000109,550,280,270
122000110,499,523,-24
122000111,2870,1307,1563
122000112,987,1224,-237
122000113,650,745,-95
122000114,2626,1478,1148
122000115,1975,1250,725
122000116,591,528,63
122000117,1797,547,1250
122000118,610,1163,-553
122000119,3352,2551,801
122000120,1811,4451,-2640
122000121,1847,3424,-1577
122000122,708,1811,-1103
122000123,1794,2140,-346
122000124,1047,720,327
122000125,820,808,12
122000126,631,1288,-657
122000127,1038,1665,-627
122000128,566,856,-290
122000129,575,1467,-892
122000130,3234,1989,1245
122000131,1304,1595,-291
122000132,492,712,-220
122000133,680,941,-261
122000134,1065,954,111
122000135,681,808,-127
122000136,862,798,64
122000137,1088,804,284
122000139,1248,3131,-1883
122000140,1014,718,296
122000141,2890,931,1959
122000142,438,780,-342
122000143,407,537,-130
122000144,1239,1492,-253
122000145,1943,787,1156
122000146,2132,1309,823
122000147,999,555,444
122000148,1639,2067,-428
122000149,2149,2036,113
122000150,1238,1148,90
122000151,180,433,-253
122000152,356,458,-102
122000153,443,391,52
122000154,297,322,-25
122000155,2559,2364,195
122000156,2434,2658,-224
122000157,1571,2335,-764
122000158,453,631,-178
122000159,787,1576,-789
122000160,3012,2796,216
122000161,1112,1258,-146
122000162,2008,1835,173
122000163,257,121,136
122000164,42,88,-46
122000165,842,675,167
122000166,945,1072,-127
122000167,314,228,86
122000168,246,657,-411
122000169,394,182,212
122000170,396,249,147
122000171,55,88,-33
122000172,1548,1332,216
122000173,1421,2338,-917
122000174,2030,947,1083
122000175,1036,277,759
122000176,409,831,-422
122000177,1489,1615,-126
122000178,2809,2265,544
122000179,1620,2305,-685
122000180,1803,1529,274
122000181,1817,3010,-1193
122000182,1938,1446,492
122000183,1979,1054,925
122000184,3167,2564,603
122000185,1643,1901,-258
122000186,585,821,-236
122000187,1681,977,704
122000188,542,227,315
122000189,297,331,-34
122000190,1044,1018,26
122000191,846,631,215
122000192,973,379,594
122000193,358,663,-305
122000194,458,196,262
122000195,218,538,-320
122000196,1008,624,384
122000197,525,726,-201
122000198,487,941,-454
122000199,403,385,18
122000200,992,650,342
122000201,1338,1730,-392
122000202,1326,1462,-136
122000203,4638,1495,3143
122000204,1539,1973,-434
122000205,1305,1532,-227
122000206,2386,1030,1356
122000207,1812,1447,365
122000208,2080,1324,756
122000209,1786,401,1385
122000210,2096,1641,455
122000211,1423,1170,253
122000212,947,559,388
122000213,1132,1241,-109
122000214,2039,1696,343
122000215,2071,1610,461
122000217,1892,1458,434
122000218,719,81,638
122000219,1263,903,360
122000220,433,683,-250
122000221,63,389,-326
122000222,614,152,462
122000223,1472,594,878
122000225,791,330,461
122000226,2116,1806,310
122000227,311,2165,-1854
122000228,393,457,-64
122000229,113,505,-392
122000230,359,483,-124
122000231,1792,731,1061
122000232,626,958,-332
122000233,3,91,-88
122000234,377,84,293
122000235,507,108,399
122000236,1216,115,1101
122000237,118,75,43
122000238,777,298,479
122000239,1963,158,1805
122000240,1287,743,544
122000241,1648,542,1106
122000242,782,199,583
122000243,328,127,201
122000244,87,412,-325
122000245,173,305,-132
122000246,452,205,247
122000247,2144,673,1471
122000248,1033,1436,-403
122000249,3939,978,2961
122000250,2248,1200,1048
122000251,202,471,-269
122000252,520,243,277
122000253,90,244,-154
122000254,237,183,54
122000255,735,1620,-885
122000256,468,959,-491
122000257,253,447,-194
122000258,215,154,61
122000259,18,377,-359
122000260,2,56,-54
122000261,38,246,-208
122000262,4,77,-73
122000263,412,154,258
122000264,1249,389,860
122000265,2151,933,1218
122000266,4195,721,3474
122000267,86,125,-39
122000268,148,624,-476
122000269,737,420,317
122000270,619,159,460
122000271,278,930,-652
122000272,428,903,-475
122000273,481,434,47
122000274,227,180,47
122000275,60,195,-135
122000276,737,506,231
122000277,1332,1721,-389
122000278,1825,970,855
122000279,241,544,-303
122000280,777,650,127
122000281,734,890,-156
122000282,263,586,-323
122000283,307,167,140
122000284,257,104,153
122000285,364,131,233
122000286,57,187,-130
122000287,421,391,30
122000288,1072,1252,-180
122000291,2120,907,1213
122000293,323,274,49
122000294,154,230,-76
122000295,1642,476,1166
122000296,31,526,-495
122000297,1772,2828,-1056
122000299,1058,321,737
122000300,616,563,53
122000301,5608,2531,3077
122000302,565,1212,-647
122000303,2725,1128,1597
122000304,35,64,-29
122000305,1049,169,880
122000306,68,575,-507
122000307,188,160,28
122000309,101,65,36
122000310,30,147,-117
122000311,236,136,100
122000312,153,216,-63
122000313,153,93,60
122000314,143,215,-72
122000315,246,53,193
122000316,747,207,540
122000317,1591,280,1311
122000318,312,487,-175
122000319,2466,800,1666
122000320,259,618,-359
122000321,86,178,-92
122000322,2274,2147,127
122000323,1551,2347,-796
122000324,1163,1312,-149
122000325,850,1667,-817
122000326,84,106,-22
122000327,539,763,-224
122000328,863,741,122
122000330,1827,794,1033
122000332,184,357,-173
122000333,18,90,-72
122000337,1067,1654,-587
122000338,427,370,57
122000340,393,453,-60
122000342,1563,965,598
122000343,452,1227,-775
122000344,55,10,45
122000345,5,26,-21
122000346,353,402,-49
122000348,705,674,31
122000349,145,621,-476
122000351,141,186,-45
122000352,396,191,205
122000353,69,90,-21
122000355,183,327,-144
122000356,1327,1269,58
122000357,84,22,62
122000358,0,51,-51
122000359,0,26,-26
122000360,1,37,-36
122000362,9,83,-74
122000364,148,296,-148
122000365,6,35,-29
122000366,12,7,5
122000368,477,632,-155
122000370,37,36,1
122000371,31,1,30
122000372,26,1,25
122000381,102,336,-234
122000382,105,306,-201
122000384,2478,1160,1318
122000385,63,0,63
122000386,344,832,-488
122000387,433,676,-243
122000388,1491,1063,428
122000389,191,625,-434
122000390,384,283,101
122000391,358,205,153
122000392,331,249,82
122000393,44,140,-96
122000394,595,253,342
122000395,184,155,29
122000396,386,139,247
122000397,23,58,-35
122000398,62,27,35
122000399,192,60,132
122000400,151,501,-350
122000401,188,106,82
122000402,251,147,104
122000403,452,732,-280
122000404,177,227,-50
122000408,821,1046,-225
122000503,15,109,-94
122000524,283,155,128
122000544,67,1981,-1914
122000614,319,268,51
122000616,291,3,288
122000640,109,99,10
122000641,159,245,-86
122000642,1136,791,345
122000643,46,169,-123
122000644,130,45,85
122000645,128,196,-68
122000651,1442,922,520
122000664,115,34,81
122000665,1167,597,570
122000666,719,1205,-486
122000673,25,204,-179
122000674,182,88,94
122000675,1535,802,733
122000686,667,950,-283
122000687,1493,373,1120
122000688,260,557,-297
122000689,848,365,483
122000690,2017,456,1561
122000691,977,1318,-341
122000692,1341,425,916
122000693,448,1564,-1116
122000695,231,330,-99
122000696,380,238,142
122000698,371,668,-297
122000699,246,31,215
122000701,1243,334,909
122000702,492,929,-437
122000703,161,57,104
122000717,68,61,7
122000718,393,910,-517
122000719,115,90,25
122000720,528,192,336
122000724,628,388,240
122900001,35,13,22
122900002,955,2494,-1539
122900003,324,37,287
122900004,1063,52,1011
122900005,108,77,31
122900006,546,523,23
122900007,827,1205,-378
122900008,364,89,275
122900009,719,422,297
122900010,278,147,131
122900012,266,436,-170
122900014,143,238,-95
122900015,1449,811,638
122900016,99,252,-153
122900017,1327,950,377
122900018,188,20,168
122900019,3,141,-138
122900020,111,139,-28
122900021,416,442,-26
122900022,787,865,-78
122900023,320,137,183
122900024,138,98,40
122900025,24,332,-308
122900026,105,348,-243
122900027,89,882,-793
122900028,101,213,-112
122900029,3886,2692,1194
122900030,908,571,337
122900031,268,358,-90
122900032,144,308,-164
122900033,204,144,60
122900034,4053,4370,-317
122900035,51,50,1
122900036,74,96,-22
122900037,348,147,201
122900038,198,2535,-2337
122900039,99,575,-476
122900040,226,418,-192
122900041,262,272,-10
122900042,172,321,-149
122900043,347,227,120
122900044,139,271,-132
122900045,136,115,21
122900046,172,247,-75
122900047,179,190,-11
122900048,80,174,-94
122900049,1457,117,1340
122900051,89,141,-52
122900052,113,138,-25
122900053,68,42,26
122900055,385,125,260
122900057,223,69,154
122900061,479,191,288
122900062,536,553,-17
122900063,164,280,-116
122900064,882,711,171
122900065,480,252,228
122900066,665,393,272
122900067,1162,649,513
122900069,590,1025,-435
122900070,333,55,278
122900071,295,1018,-723
122900073,4,31,-27
122900074,769,515,254
122900076,5,199,-194
122900077,8,213,-205
122900078,265,72,193
122900080,202,37,165
122900081,176,174,2
122900082,952,346,606
122900083,171,251,-80
122900084,37,191,-154
122900086,112,1177,-1065
122900087,216,494,-278
122900088,43,188,-145
122900089,40,438,-398
122900090,29,746,-717
122900091,248,2,246
122900092,2,158,-156
122900093,1,207,-206
122900094,5,224,-219
122900095,152,10,142
122900096,304,144,160
122900097,13,34,-21
122900098,188,192,-4
122900099,83,19,64
122900100,148,219,-71
122900101,574,257,317
122900102,23,39,-16
122900103,148,9,139
122900104,161,16,145
122900105,19,11,8
122900106,36,50,-14
122900107,6,82,-76
122900108,15,320,-305
122900109,225,119,106
123000001,1226,476,750
123000002,3250,4465,-1215
123000003,3524,3645,-121
123000004,2811,3795,-984
123000005,2365,2679,-314
123000006,2084,2206,-122
123000007,3801,2622,1179
123000008,2792,2776,16
123000009,4142,2545,1597
123000010,2767,3081,-314
123000011,2391,790,1601
123000012,742,2062,-1320
123000013,3009,864,2145
123000014,885,2915,-2030
123000015,2998,1052,1946
123000016,3814,3436,378
123000017,3101,1735,1366
123000018,64,87,-23
123000019,292,153,139
123000020,146,79,67
123000021,102,174,-72
123000022,314,1700,-1386
123000023,1604,1634,-30
123000024,1663,646,1017
123000025,292,160,132
123000026,126,107,19
123000027,324,601,-277
123000028,1556,855,701
123000029,1254,1472,-218
123000030,250,283,-33
123000031,320,205,115
123000032,392,148,244
123000033,241,81,160
123000034,1054,682,372
123000035,436,392,44
123000036,273,889,-616
123000037,368,307,61
123000038,74,168,-94
123000039,448,1400,-952
123000040,709,282,427
123000041,1215,1242,-27
123000042,1294,674,620
123000043,2771,8733,-5962
123000044,4463,2523,1940
123000045,6393,2628,3765
123000046,756,1410,-654
123000047,1815,1059,756
123000048,112,749,-637
123000049,5658,8283,-2625
123000050,1423,1397,26
123000051,96,178,-82
123000052,747,3294,-2547
123000053,2404,3385,-981
123000054,1407,1446,-39
123000055,1337,2050,-713
123000056,1197,1619,-422
123000057,9592,6277,3315
123000058,657,987,-330
123000059,415,530,-115
123000060,851,383,468
123000061,226,719,-493
123000063,738,798,-60
123000064,1063,241,822
123000065,4366,2545,1821
123000066,703,617,86
123000067,891,617,274
123000068,2572,2674,-102
123000069,5776,3151,2625
123000070,262,712,-450
123000071,1063,884,179
123000072,1086,875,211
123000073,1124,774,350
123000074,1069,983,86
123000075,381,1031,-650
123000076,936,610,326
123000077,1999,2267,-268
123000078,1645,1593,52
123000079,1404,1692,-288
123000080,2144,1405,739
123000081,138,353,-215
123000082,334,1042,-708
123000083,833,208,625
123000084,660,591,69
123000085,287,83,204
123000086,441,171,270
123000087,300,256,44
123000088,1167,642,525
123000089,512,1018,-506
123000090,1055,833,222
123000091,1491,1355,136
123000092,990,1130,-140
123000094,518,215,303
123000095,445,512,-67
123000096,653,385,268
123000097,448,598,-150
123000098,759,504,255
123000099,601,664,-63
123000100,492,651,-159
123000101,508,686,-178
123000102,532,654,-122
123000104,351,433,-82
123000105,559,479,80
123000106,555,424,131
123000107,389,561,-172
123000108,688,1125,-437
123000111,769,358,411
123000112,1085,610,475
123000113,562,1175,-613
123000114,369,592,-223
123000115,368,242,126
123000116,35,115,-80
123000117,1600,1634,-34
123000118,442,736,-294
123000119,236,785,-549
123000120,375,710,-335
123000121,562,673,-111
123000122,355,260,95
123000123,375,602,-227
123000124,479,530,-51
123000125,1140,1213,-73
123000126,1249,3616,-2367
123000127,724,611,113
123000128,238,289,-51
123000129,650,262,388
123000130,587,80,507
123000131,791,644,147
123000132,362,590,-228
123000133,267,376,-109
123000134,312,195,117
123000135,2101,1141,960
123000136,252,661,-409
123000137,125,260,-135
123000138,96,370,-274
123000139,507,129,378
123000140,129,648,-519
123000141,849,184,665
123000142,919,994,-75
123000143,1189,1858,-669
123000144,92,20,72
123000145,193,115,78
123000146,12,73,-61
123000147,66,111,-45
123000149,312,329,-17
123000150,165,233,-68
123000151,257,434,-177
123000152,175,300,-125
123000153,530,613,-83
123000154,1426,1703,-277
123000155,1939,981,958
123000156,35,118,-83
123000157,638,845,-207
123000158,554,814,-260
123000159,3134,2476,658
123000160,912,703,209
123000161,1594,1051,543
123000162,1050,1495,-445
123000163,438,83,355
123000164,1332,291,1041
123000165,436,1246,-810
123000166,42,138,-96
123000167,126,232,-106
123000168,298,208,90
123000169,717,130,587
123000170,124,147,-23
123000171,598,18,580
123000172,415,456,-41
123000173,478,214,264
123000174,996,437,559
123000175,594,1056,-462
123000176,1038,226,812
123000177,280,789,-509
123000178,751,141,610
123000179,49,443,-394
123000180,1382,315,1067
123000181,284,1246,-962
123000182,194,277,-83
123000183,165,549,-384
123000184,147,458,-311
123000185,567,333,234
123000186,6,564,-558
123000187,551,9,542
123000188,197,0,197
123000189,191,123,68
123000190,77,81,-4
123000192,16,452,-436
123000193,76,847,-771
123000194,447,359,88
123000195,324,47,277
123000196,364,62,302
123000197,59,129,-70
123000198,17,495,-478
123000199,9,602,-593
123000200,505,11,494
123000201,1045,22,1023
123000202,18,912,-894
123000203,1022,84,938
123000204,83,1002,-919
123000205,506,1369,-863
123000206,2216,269,1947
123000207,89,724,-635
123000208,516,232,284
123000209,1958,712,1246
123000210,454,1824,-1370
123000211,506,2056,-1550
123000212,2607,503,2104
123000213,652,110,542
123000215,95,219,-124
123000216,146,597,-451
123000217,229,42,187
123000218,54,593,-539
123000219,752,56,696
123000220,500,103,397
123000221,220,90,130
123000222,312,296,16
123000223,244,242,2
123000224,410,413,-3
123000225,458,68,390
123000226,59,277,-218
123000227,89,269,-180
123000228,238,63,175
123000229,1072,1314,-242
123000232,125,497,-372
123000233,733,191,542
123000234,105,498,-393
123000235,936,312,624
123000236,281,653,-372
123000237,282,105,177
123000238,85,402,-317
123000239,470,1119,-649
123000240,46,348,-302
123000241,517,88,429
123000242,96,198,-102
123000243,650,778,-128
123000244,829,688,141
123000245,59,148,-89
123000249,366,543,-177
123000252,712,239,473
123000253,1100,543,557
123000254,664,898,-234
123000255,1060,1003,57
123000256,25,266,-241
123000257,2327,1668,659
123000258,1128,852,276
123000259,325,422,-97
123000260,398,413,-15
123000261,172,108,64
123000262,101,150,-49
123000263,415,123,292
123000264,281,106,175
123000265,41,115,-74
123000266,564,670,-106
123000267,611,329,282
123000268,39,66,-27
123000269,72,53,19
123000270,62,55,7
123000271,83,94,-11
123000272,771,374,397
123000273,234,527,-293
123000274,1167,495,672
123000275,334,787,-453
123000278,3232,2251,981
123000279,151,118,33
123000280,381,362,19
123000281,263,86,177
123000282,90,277,-187
123000283,154,77,77
123000284,97,81,16
123000286,259,366,-107
123000287,564,253,311
123000288,1575,796,779
123000289,420,1125,-705
123000291,259,873,-614
123000294,226,322,-96
123000295,864,738,126
123000296,497,384,113
123000297,726,637,89
123000298,671,423,248
123000299,59,174,-115
123000300,887,835,52
123000301,119,236,-117
123000302,97,123,-26
123000303,84,214,-130
123000305,801,798,3
123000306,96,140,-44
123000309,62,67,-5
123000310,49,43,6
123000311,1,96,-95
123000312,442,698,-256
123000313,500,271,229
123000315,137,282,-145
123000316,835,274,561
123000317,236,69,167
123000318,66,159,-93
123000329,10,12,-2
123000337,932,369,563
123000338,411,52,359
123000339,210,195,15
123000340,132,375,-243
123000342,113,112,1
123000343,36,11,25
123000344,1142,493,649
123000345,347,578,-231
123000346,424,52,372
123000352,1059,794,265
123000353,37,124,-87
123000354,187,1,186
123000355,1,281,-280
123000356,345,8,337
123000357,3,112,-109
123000359,3,109,-106
123000360,140,57,83
123000361,198,312,-114
123000362,281,96,185
123000363,71,93,-22
123000364,487,490,-3
123000365,18,336,-318
123000366,392,1744,-1352
123000367,343,863,-520
123000370,46,243,-197
123000371,1295,30,1265
123000372,294,22,272
123000373,6,337,-331
123000374,78,155,-77
123000375,543,45,498
123000376,881,750,131
123000377,297,13,284
123000378,7,196,-189
123000379,0,168,-168
123000380,58,332,-274
123000381,110,93,17
123000382,977,94,883
123000383,191,1071,-880
123000384,465,118,347
123000385,145,505,-360
123000436,61,803,-742
123000507,132,234,-102
123000508,234,860,-626
123000517,301,40,261
123000518,26,286,-260
123000519,176,84,92
123000520,66,214,-148
123000521,355,115,240
123000522,198,374,-176
123000541,10,3,7
123000542,0,13,-13
123000565,953,69,884
123000566,335,577,-242
123000567,101,167,-66
123000573,35,682,-647
123000574,539,59,480
123000575,1151,924,227
123000576,720,1216,-496
123000577,41,545,-504
123000578,411,50,361
123000579,2117,4700,-2583
123000580,141,28,113
123000582,351,35,316
123000583,20,311,-291
123000584,152,278,-126
123000585,0,136,-136
123000586,66,0,66
123000596,100,81,19
123000597,52,134,-82
123000602,57,4,53
123000603,551,517,34
123000604,458,608,-150
123000605,815,10,805
123000606,1,334,-333
123000609,12,247,-235
123000610,206,163,43
123000613,49,237,-188
123000614,188,35,153
123000615,58,166,-108
123000616,584,43,541
123000617,138,409,-271
123000618,116,494,-378
123000619,470,61,409
123000620,36,335,-299
123000622,342,16,326
123000624,139,55,84
123000630,1007,362,645
123000631,226,1061,-835
123000632,749,639,110
123000633,5,311,-306
123000634,64,127,-63
123000635,111,108,3
123000636,51,487,-436
123000637,210,35,175
123000638,488,40,448
123000639,811,3366,-2555
123000640,40,600,-560
123000648,367,91,276
123000649,69,442,-373
123900001,1055,47,1008
123900002,29,1011,-982
123900003,251,333,-82
123900005,210,155,55
123900006,252,56,196
124000001,1604,154,1450
124000002,98,1285,-1187
124000003,754,154,600
124000004,81,437,-356
124000005,905,474,431
124000006,212,885,-673
124000007,460,112,348
124000008,8,450,-442
124000009,583,229,354
124000010,215,447,-232
124000011,736,277,459
124000012,276,423,-147
124000017,174,133,41
124000018,127,88,39
124000019,105,122,-17
124000020,52,195,-143
124000021,123,89,34
124000022,95,168,-73
124000023,1255,1414,-159
124000024,876,522,354
124000025,960,1516,-556
124000026,1036,863,173
124000027,3682,4311,-629
124000028,1909,3709,-1800
124000030,2175,1367,808
124000031,1424,2629,-1205
124000032,2354,909,1445
124000033,937,606,331
124000034,816,1045,-229
124000035,336,218,118
124000036,136,589,-453
124000037,442,1288,-846
124000038,39,129,-90
124000039,814,534,280
124000040,455,1126,-671
124000041,374,74,300
124000042,157,378,-221
124000043,84,71,13
124000044,70,180,-110
124000045,769,582,187
124000046,390,497,-107
124000047,1446,782,664
124000048,1154,1046,108
124000049,1572,591,981
124000050,805,1421,-616
124000051,917,504,413
124000052,688,816,-128
124000053,572,1394,-822
124000054,874,503,371
124000055,1253,2388,-1135
124000056,1954,1207,747
124000057,986,506,480
124000058,478,1113,-635
124000059,568,1036,-468
124000060,1012,556,456
124000061,1414,4877,-3463
124000062,5095,1725,3370
124000063,1093,1596,-503
124000064,1963,1220,743
124000065,119,473,-354
124000066,338,119,219
124000067,150,123,27
124000068,73,117,-44
124000069,675,183,492
124000070,276,409,-133
124000071,260,91,169
124000072,170,408,-238
124000073,814,220,594
124000074,240,559,-319
124000075,293,44,249
124000076,41,154,-113
124000077,1544,875,669
124000078,2619,1593,1026
124000079,453,1327,-874
124000080,562,164,398
124000081,289,465,-176
124000082,73,160,-87
124000083,84,127,-43
124000084,115,450,-335
124000085,92,79,13
124000086,44,93,-49
124000087,178,88,90
124000088,184,391,-207
124000089,778,310,468
124000090,186,317,-131
124000091,441,142,299
124000092,150,564,-414
124000093,148,98,50
124000094,206,339,-133
124000095,98,84,14
124000096,152,270,-118
124000097,113,136,-23
124000098,78,118,-40
124000099,238,79,159
124000100,72,127,-55
124000101,83,128,-45
124000102,102,57,45
124000103,83,125,-42
124000104,88,30,58
124000105,77,135,-58
124000106,171,43,128
124000107,19,193,-174
124000108,52,13,39
124000109,149,103,46
124000110,205,122,83
124000111,237,167,70
124000112,577,559,18
124000113,103,121,-18
124000114,263,396,-133
124000115,377,575,-198
124000116,137,216,-79
124000117,54,101,-47
124000118,60,84,-24
124000119,886,516,370
124000120,535,425,110
124000121,1918,893,1025
124000122,558,1161,-603
124000123,797,514,283
124000124,379,894,-515
124000125,298,509,-211
124000126,302,473,-171
124000127,785,377,408
124000128,683,797,-114
124000129,1723,1448,275
124000130,719,575,144
124000131,862,602,260
124000132,801,749,52
124000133,834,639,195
124000134,784,584,200
124000135,1454,1471,-17
124000136,803,881,-78
124000137,1028,744,284
124000138,1199,1106,93
124000139,725,97,628
124000140,77,547,-470
124000141,773,52,721
124000142,59,538,-479
124000143,104,19,85
124000144,12,158,-146
124000145,142,39,103
124000146,54,86,-32
124000148,80,104,-24
124000149,1310,449,861
124000150,375,676,-301
124000151,949,445,504
124000152,803,1137,-334
124000153,933,676,257
124000154,650,625,25
124000155,1389,991,398
124000156,1505,964,541
124000169,214,433,-219
124000170,498,357,141
124000171,327,219,108
124000172,386,421,-35
124000173,433,214,219
124000174,369,434,-65
124000175,6,74,-68
124000176,46,16,30
124000177,6,23,-17
124000178,64,66,-2
124000185,27,15,12
124000186,5,43,-38
124000187,3,93,-90
124000188,36,15,21
124000190,86,58,28
124000191,129,225,-96
124000192,1412,360,1052
124000193,355,731,-376
124000194,438,398,40
124000195,211,560,-349
124000196,1006,873,133
124000197,54,39,15
124000198,35,41,-6
124000201,294,777,-483
124000202,542,414,128
124000203,880,435,445
124000204,833,261,572
124000205,165,342,-177
124000206,811,295,516
124000207,1,52,-51
124000209,260,328,-68
124000210,450,217,233
124000211,641,7,634
124000212,3,286,-283
124000213,382,248,134
124000214,316,402,-86
124000215,295,22,273
124000216,0,301,-301
124000329,201,1141,-940
124000338,193,541,-348
124000339,915,216,699
124000341,1332,261,1071
124000344,36,17,19
124000357,914,1833,-919
124000358,778,1266,-488
124000359,919,686,233
124000360,744,525,219
124000361,1295,703,592
124000362,1014,1303,-289
124000363,250,351,-101
124000364,543,700,-157
124000365,597,999,-402
124000366,1493,792,701
124000367,78,447,-369
124000368,538,382,156
124000369,113,96,17
124000370,80,426,-346
124000402,47,13,34
124000403,132,42,90
124000404,19,89,-70
124000405,928,809,119
124000406,784,685,99
124000407,7,28,-21
124000411,8,248,-240
124000412,530,14,516
124000413,204,42,162
124000414,76,115,-39
124000415,59,98,-39
124000416,179,223,-44
124000417,160,89,71
124000418,192,90,102
124000419,138,122,16
124000420,70,47,23
124000421,42,151,-109
124000422,34,14,20
124000423,139,36,103
124000424,3,144,-141
124000425,135,12,123
124000426,14,198,-184
124000427,211,14,197
124000428,20,50,-30
124000429,82,64,18
124000430,549,329,220
124000431,250,389,-139
124000432,228,665,-437
124000439,10,4,6
124000443,3,5,-2
124000445,399,953,-554
124000446,1253,274,979
124000447,61,170,-109
124000448,64,14,50
124000449,136,11,125
124000450,17,120,-103
124000451,0,77,-77
124900001,560,339,221
124900002,164,254,-90
124900003,1117,562,555
124900004,579,285,294
124900005,211,109,102
124900006,646,311,335
124900008,1004,556,448
124900009,214,331,-117
124900010,157,121,36
124900011,481,282,199
124900012,437,164,273
124900013,595,151,444
124900014,511,57,454
124900015,148,284,-136
124900016,60,54,6
124900017,430,1324,-894
124900018,76,15,61
124900020,81,54,27
124900021,250,49,201
124900022,47,10,37
124900024,239,17,222
124900026,128,17,111
124900027,91,453,-362
124900028,363,69,294
124900029,26,467,-441
124900030,7,72,-65
124900031,30,236,-206
124900032,180,255,-75
124900033,105,212,-107
124900034,9,89,-80
124900035,171,287,-116
124900036,1,67,-66
124900037,206,231,-25
124900038,207,276,-69
124900039,1,68,-67
124900040,176,84,92
124900041,218,858,-640
124900042,70,6,64
124900043,459,859,-400
124900044,70,3,67
124900045,489,939,-450
124900047,125,153,-28
124900048,200,96,104
124900050,140,193,-53
124900052,118,336,-218
124900053,178,277,-99
124900054,1239,461,778
124900055,1,161,-160
124900057,5,46,-41
124900060,51,188,-137
124900061,76,2,74
124900062,281,36,245
124900066,0,14,-14
124900067,7,87,-80
124900068,240,456,-216
124900070,80,30,50
124900072,101,34,67
124900075,232,187,45
124900076,35,1032,-997
124900077,24,104,-80
124900078,97,13,84
124900079,500,169,331
124900080,284,510,-226
124900081,1016,266,750
124900082,298,683,-385
124900083,247,425,-178
124900085,919,558,361
124900086,45,1293,-1248
124900087,599,82,517
124900088,528,107,421
124900089,1065,29,1036
124900090,248,205,43
124900091,291,336,-45
124900092,218,241,-23
124900093,280,135,145
124900094,354,240,114
124900095,96,397,-301
124900096,400,247,153
124900097,306,55,251
124900098,139,265,-126
124900099,428,460,-32
124900100,295,44,251
124900101,92,477,-385
124900102,231,19,212
124900103,142,165,-23
124900104,99,115,-16
124900105,102,73,29
124900106,358,58,300
124900107,100,13,87
124900108,154,67,87
124900111,0,106,-106
124900112,52,448,-396
124900113,131,415,-284
124900114,153,209,-56
124900115,123,28,95
124900116,217,175,42
124900117,294,152,142
124900118,155,337,-182
124900119,377,189,188
124900120,31,352,-321
124900121,109,439,-330
124900122,304,216,88
124900123,265,125,140
124900124,148,321,-173
204000001,121,11,110
204000002,26,7,19
204000003,20,9,11
204000004,4,1,3
204000005,630,551,79
204000006,1081,1143,-62
204000011,10,39,-29
204000012,45,127,-82
204000019,611,398,213
204000020,613,529,84
204000021,1384,673,711
204000022,606,411,195
204000023,468,671,-203
204000031,121,11,110
204000032,309,26,283
204000034,32,137,-105
204000035,1,2,-1
204000036,0,12,-12
204000037,4,26,-22
204000038,1,15,-14
204000039,15,37,-22
204000040,5,13,-8
204000041,1,23,-22
204000042,48,9,39
204000043,44,12,32
204000044,27,9,18
204000045,43,2,41
204000046,19,1,18
204000057,1,4,-3
204000062,27,47,-20
204000068,42,192,-150
204000069,43,286,-243
204000070,109,75,34
204000080,87,58,29
204000085,1922,1346,576
204000086,2379,1487,892
204000087,51,7,44
204000088,3,104,-101
204000090,80,265,-185
204000093,297,68,229
204000096,754,948,-194
204000097,385,40,345
204000099,987,1307,-320
204000100,1282,1619,-337
204000105,2090,1250,840
204000110,539,958,-419
204000111,483,543,-60
204000112,772,522,250
204000113,493,628,-135
204000114,750,637,113
204000115,530,321,209
204000116,856,554,302
204000119,1772,2413,-641
204000132,773,325,448
204000133,782,207,575
204000134,207,76,131
204000135,647,87,560
204000136,761,206,555
204000138,454,496,-42
204000140,225,172,53
204000141,196,82,114
204000144,1,28,-27
204000145,464,24,440
204000146,21,329,-308
204000147,28,136,-108
204000148,231,27,204
204000154,11,1,10
204000155,6,3,3
204000177,96,39,57
204000179,27,7,20
204000180,0,49,-49
204000222,1,7,-6
204000235,18,9,9
204000236,73,249,-176
204000238,32,23,9
204000240,293,64,229
204000263,692,935,-243
204000268,1005,691,314
204000308,163,15,148
204000317,19,69,-50
204000322,13,44,-31
204000323,13,3,10
204000328,235,68,167
204000329,82,218,-136
204000330,170,74,96
204000331,89,132,-43
205000001,773,1550,-777
205000013,4,48,-44
205000014,14,78,-64
205000015,26,157,-131
205000016,31,128,-97
205000017,22,56,-34
205000022,314,743,-429
205000025,1218,1042,176
205000029,212,0,212
205000045,104,467,-363
205000046,114,525,-411
205000047,43,439,-396
205000048,344,933,-589
205000049,164,762,-598
205000050,673,340,333
205000059,1,157,-156
205000060,1,101,-100
205000061,3,57,-54
205000062,5,75,-70
205000063,21,130,-109
205000064,12,87,-75
205000065,52,416,-364
205000066,98,566,-468
205000067,16,707,-691
205000069,235,28,207
205000082,160,132,28
205000110,89,244,-155
205000111,247,265,-18
205000112,134,177,-43
205000113,161,306,-145
205000121,226,33,193
205000123,23,169,-146
205000126,425,74,351
205000127,712,130,582
205000128,339,69,270
205000129,585,87,498
205000130,271,23,248
205000131,164,4,160
205000132,168,4,164
205000133,115,9,106
205000134,284,0,284
205000137,51,134,-83
205000138,99,287,-188
205000139,17,113,-96
205000144,78,83,-5
205000145,266,170,96
205000151,121,29,92
205000152,179,17,162
205000153,243,22,221
205000154,96,26,70
205000155,103,7,96
205000207,9,163,-154
205000233,28,0,28
205000234,0,0,0
205000243,0,0,0
205000244,0,3,-3
205000245,9,150,-141
205000249,1,10,-9
205000250,3,1,2
205000264,3,95,-92
206000027,6,6,0
206000028,1,1,0
206000043,3,42,-39
206000053,1,9,-8
206000054,23,30,-7
206000055,0,15,-15
206000075,6,13,-7
206000076,20,16,4
206000077,15,17,-2
206000078,42,10,32
206000079,12,11,1
206000082,375,49,326
206000100,33,429,-396
206000103,2,17,-15
206000104,13,29,-16
206000105,2,26,-24
206000106,4,18,-14
206000125,61,0,61
206000157,55,450,-395
206000170,0,133,-133
206000171,2,133,-131
206000172,5,316,-311
206000173,1,127,-126
206000174,7,61,-54
206000175,1,73,-72
206000176,27,141,-114
206000177,1,103,-102
206000178,5,120,-115
206000179,4,99,-95
206000180,10,153,-143
206000181,9,91,-82
206000182,8,68,-60
206000183,17,410,-393
206000184,5,253,-248
206000185,15,96,-81
206000186,90,703,-613
206000223,3,160,-157
206000226,9,3,6
206000227,25,3,22
206000237,38,229,-191
206000238,19,383,-364
206000239,202,1425,-1223
206000240,4,64,-60
206000241,0,77,-77
206000242,6,176,-170
206000243,6,113,-107
206000244,56,406,-350
206000245,683,85,598
206000246,192,27,165
206000247,217,7,210
206000248,304,15,289
206000252,44,34,10
206000258,31,34,-3
206000315,30,10,20
206000317,476,123,353
206000318,527,73,454
206000319,1254,97,1157
206000320,136,44,92
206000321,219,8,211
206000322,417,19,398
206000323,135,6,129
206000324,130,6,124
206000325,164,16,148
206000326,150,12,138
206000327,211,16,195
206000328,158,4,154
206000329,237,4,233
206000330,59,8,51
206000331,150,8,142
206000332,22,0,22
206000333,526,2,524
206000334,255,3,252
206000335,0,18,-18
206000361,2,141,-139
206000392,0,9,-9
206000405,109,0,109
206000441,38,8,30
206000498,36,4,32
206000515,98,36,62
206000530,289,48,241
206000531,195,159,36
206000532,1596,283,1313
206000535,197,1553,-1356
206000536,18,125,-107
206000537,24,175,-151
206000613,1398,193,1205
206000784,442,29,413
207000001,150,569,-419
207000002,102,320,-218
207000003,153,115,38
207000007,864,275,589
207000008,107,12,95
207000009,71,54,17
207000010,337,327,10
207000012,293,213,80
207000015,274,956,-682
207000019,234,77,157
207000021,472,137,335
207000022,120,82,38
207000023,193,26,167
207000024,5,17,-12
207000025,16,67,-51
207000026,76,33,43
207000027,18,57,-39
207000028,68,154,-86
207000029,197,369,-172
207000033,169,343,-174
207000034,251,71,180
207000039,325,118,207
207000040,338,104,234
207000041,64,43,21
207000042,172,71,101
207000043,218,195,23
207000051,121,197,-76
207000052,45,119,-74
207000053,424,440,-16
207000054,48,81,-33
207000055,153,97,56
207000056,355,298,57
207000057,129,227,-98
207000058,168,238,-70
207000059,121,414,-293
207000060,63,174,-111
207000061,223,396,-173
207000062,292,33,259
207000063,349,115,234
207000064,337,107,230
207000065,403,185,218
207000066,198,139,59
207000067,60,102,-42
207000068,126,71,55
207000069,635,323,312
207000082,8,198,-190
207000083,77,198,-121
207000084,254,253,1
207000085,201,35,166
207000086,222,8,214
207000106,55,35,20
207000107,51,17,34
207000108,46,9,37
207000109,67,22,45
207000110,80,100,-20
207000111,66,58,8
207000112,189,556,-367
207000114,21,38,-17
207000115,24,84,-60
207000116,32,340,-308
207000117,9,65,-56
207000118,4,48,-44
207000119,40,74,-34
207000123,172,19,153
207000124,82,22,60
207000125,29,46,-17
207000126,111,56,55
207000134,76,122,-46
207000135,20,188,-168
207000148,64,243,-179
207000149,58,34,24
207000152,142,320,-178
207000153,802,1055,-253
207000154,342,169,173
207000159,103,116,-13
207000160,143,340,-197
207000238,2,193,-191
207000242,5,191,-186
207000248,64,22,42
207000249,117,25,92
207000250,700,76,624
207000251,110,72,38
207000252,194,76,118
207000278,102,80,22
207000279,33,122,-89
207000280,509,59,450
207000281,104,718,-614
207000282,156,112,44
207000283,129,248,-119
207000284,90,214,-124
207000285,87,62,25
207000291,31,85,-54
207000304,71,58,13
207000306,71,269,-198
207000310,59,86,-27
207000353,233,5,228
207000356,22,11,11
207000357,11,12,-1
207000358,14,13,1
207000415,13,208,-195
207000417,39,2,37
207000418,112,142,-30
207000438,0,2,-2
207000439,768,679,89
207000446,144,3,141
207000460,30,9,21
207000466,219,136,83
207000467,205,95,110
207000468,52,238,-186
207000476,16,53,-37
207000477,596,72,524
207000478,5,37,-32
207000523,0,25,-25
207000524,53,2,51
207000527,144,136,8
207000530,398,8,390
207000531,281,9,272
207000532,71,24,47
207000534,414,53,361
207000535,52,359,-307
207000537,42,144,-102
207000540,15,174,-159
207000541,6,349,-343
207000548,14,256,-242
207000549,372,12,360
207000561,141,177,-36
207000562,52,220,-168
207000567,149,207,-58
207000568,189,80,109
207000569,394,486,-92
207000584,273,215,58
207000585,56,319,-263
207000587,148,25,123
207000616,1,107,-106
207000617,215,2,213
207000624,71,55,16
207000631,4,60,-56
207900008,257,105,152
208000001,569,1006,-437
208000002,655,480,175
208000003,1302,425,877
208000004,1366,661,705
208000005,6,16,-10
208000019,533,929,-396
208000020,157,453,-296
208000021,212,288,-76
208000022,1071,462,609
208000028,997,914,83
208000033,708,560,148
208000034,1129,1148,-19
208000037,212,12,200
208000040,175,176,-1
208000041,846,491,355
208000042,1190,557,633
208000047,127,165,-38
208000064,2053,1388,665
208000066,1442,2327,-885
208000070,296,363,-67
208000071,370,721,-351
208000072,388,979,-591
208000080,316,350,-34
208000081,392,140,252
208000082,316,235,81
208000083,107,334,-227
208000084,38,28,10
208000085,879,548,331
208000086,419,956,-537
208000087,289,657,-368
208000089,1141,341,800
208000090,1006,503,503
208000093,120,138,-18
208000094,617,364,253
208000095,665,481,184
208000104,777,726,51
208000105,652,901,-249
208000114,121,349,-228
208000115,449,406,43
208000116,468,1092,-624
208000117,95,171,-76
208000118,109,174,-65
208000155,619,974,-355
208000158,1288,3508,-2220
208000186,3328,4240,-912
208000204,653,934,-281
208000205,1125,842,283
208000282,4876,3063,1813
209000004,306,139,167
209000005,62,29,33
209000006,347,154,193
209000007,201,265,-64
209000010,351,101,250
209000011,168,214,-46
209000012,104,105,-1
209000013,195,230,-35
209000014,440,744,-304
209000025,391,27,364
209000026,577,126,451
209000027,352,584,-232
209000028,348,509,-161
209000029,406,498,-92
209000030,408,925,-517
209000031,1909,1576,333
209000034,218,281,-63
209000035,156,223,-67
209000036,243,139,104
209000037,353,224,129
209000038,113,211,-98
209000039,68,180,-112
209000040,258,453,-195
209000041,178,399,-221
209000042,202,368,-166
209000043,557,852,-295
209000044,184,752,-568
209000045,1316,461,855
209000046,513,692,-179
209000047,443,242,201
209000048,592,338,254
209000049,127,77,50
209000050,224,141,83
209000051,326,261,65
209000052,172,226,-54
209000062,42,74,-32
209000063,56,52,4
209000064,49,66,-17
209000065,99,30,69
209000066,96,54,42
209000067,139,37,102
209000080,18,149,-131
209000082,108,49,59
209000091,21,92,-71
209000093,62,26,36
209000094,163,154,9
209000110,38,133,-95
209000111,415,1158,-743
209000112,799,484,315
209000113,1360,502,858
209000114,550,386,164
209000115,81,86,-5
209000116,515,324,191
209000118,11,30,-19
209000119,23,14,9
209000121,132,331,-199
209000135,90,213,-123
209000142,592,1174,-582
209000143,60,41,19
209000144,53,129,-76
209000229,282,234,48
209000240,30,200,-170
209000259,86,105,-19
209000260,43,674,-631
209000261,3,336,-333
209000262,0,292,-292
209000263,0,136,-136
209000264,0,113,-113
209000265,792,8,784
209000266,249,3,246
209000267,1024,12,1012
209000268,565,45,520
210000037,83,16,67
210000047,84,13,71
210000048,96,27,69
210000049,41,10,31
210000052,53,70,-17
210000053,36,41,-5
210000054,69,61,8
210000070,90,1,89
210000071,96,1,95
210000072,32,0,32
210000073,0,21,-21
210000074,1,127,-126
210000075,7,125,-118
210000076,11,145,-134
210000077,11,56,-45
210000078,27,28,-1
210000079,27,25,2
210000080,65,49,16
210000081,152,25,127
210000082,227,1,226
210000083,71,3,68
210000084,33,2,31
210000085,0,44,-44
210000086,4,57,-53
210000099,50,198,-148
210000100,62,143,-81
210000101,79,162,-83
210000105,60,176,-116
210000159,0,158,-158
210000163,124,220,-96
210000164,277,216,61
210000168,100,33,67
210000187,0,21,-21
210000188,0,15,-15
210000214,16,0,16
210000219,37,47,-10
210000220,83,44,39
210000232,10,22,-12
210000233,45,65,-20
210000234,25,114,-89
210000235,71,58,13
210000245,0,72,-72
210000246,12,2,10
210000258,7,80,-73
210000259,326,68,258
210000282,76,201,-125
210000285,1,128,-127
210000286,22,136,-114
210000290,4,23,-19
210000295,46,122,-76
210000296,37,32,5
210000320,159,71,88
210000321,126,43,83
210000338,88,60,28
210000339,311,970,-659
210000340,134,334,-200
210000341,148,276,-128
210000342,193,164,29
210000343,157,182,-25
210000344,161,102,59
210000345,147,147,0
210000346,75,65,10
210000347,103,38,65
210000348,108,23,85
210000349,48,24,24
210000350,134,68,66
210000351,138,109,29
210000352,67,58,9
210000353,43,99,-56
210000354,112,84,28
210000355,56,97,-41
210000356,59,43,16
210000357,57,27,30
210000358,248,108,140
210000359,73,96,-23
210000360,131,106,25
210000361,172,146,26
210000362,264,179,85
210000363,718,282,436
210000364,116,126,-10
210000365,89,66,23
210000366,109,43,66
210000367,61,27,34
210000368,147,25,122
210000369,21,24,-3
210000370,46,39,7
210000372,28,35,-7
210000373,22,9,13
210000374,47,21,26
210000375,55,52,3
210000376,85,138,-53
210000404,59,106,-47
210000439,15,31,-16
210000472,98,8,90
210000482,57,108,-51
210000564,300,272,28
210000567,2,33,-31
210000568,317,1,316
211000092,49,73,-24
211000094,20,13,7
211000169,233,21,212
211000172,13,321,-308
211000209,0,15,-15
211000226,20,21,-1
211000270,30,12,18
211000275,23,28,-5
211000276,93,17,76
211000279,16,25,-9
211000281,52,37,15
211000302,38,87,-49
211507980,4,54,-50
211977296,39,3,36
212000003,135,50,85
212000004,36,19,17
212000005,26,17,9
212000006,28,30,-2
212000008,166,126,40
212000009,33,72,-39
212000012,72,82,-10
212000013,23,33,-10
212000014,299,156,143
212000015,274,246,28
212000016,458,510,-52
212000027,502,480,22
212000028,321,433,-112
212000029,253,243,10
212000030,62,33,29
212000031,74,56,18
212000048,24,162,-138
212000049,11,104,-93
212000050,13,9,4
212000051,197,154,43
212000052,204,208,-4
212000053,397,413,-16
212000054,244,117,127
212000055,213,202,11
212000056,24,36,-12
212000057,27,38,-11
212000058,231,49,182
212000070,151,168,-17
212000077,150,484,-334
212000099,205,284,-79
212000108,141,115,26
212000111,241,103,138
212000120,97,50,47
212000138,119,33,86
212000156,14,73,-59
212000158,16,17,-1
212000159,405,51,354
212000160,566,247,319
212000161,85,12,73
212000310,42,28,14
212000311,22,57,-35
212000374,51,16,35
213000001,34,302,-268
213000005,377,154,223
213000006,1001,310,691
213000007,126,10,116
213000009,770,478,292
213000010,180,320,-140
213000011,226,135,91
213000012,156,259,-103
213000014,83,11,72
213000015,261,9,252
213000016,486,3,483
213000017,127,3,124
213000018,0,118,-118
213000019,2,186,-184
213000020,75,333,-258
213000021,1,112,-111
213000023,273,168,105
213000033,309,1420,-1111
213000034,690,232,458
213000035,170,253,-83
213000045,244,249,-5
213000046,195,137,58
213000047,679,1225,-546
213000056,125,29,96
213000069,102,6,96
213000073,0,36,-36
213000074,64,324,-260
213000075,536,14,522
213000076,25,5,20
213000085,8,47,-39
213000086,24,183,-159
213000091,159,38,121
213000092,96,22,74
213000099,182,1163,-981
213000100,1098,276,822
213000101,336,132,204
213000102,423,235,188
213000103,822,702,120
213000104,52,323,-271
213000105,1,204,-203
213000106,50,139,-89
213000107,145,442,-297
213000108,36,371,-335
213000109,7,253,-246
213000110,22,67,-45
213000111,12,71,-59
213000112,155,105,50
213000115,59,7,52
213000116,53,326,-273
213000117,13,497,-484
213000118,328,252,76
213000119,45,558,-513
213000120,159,492,-333
213000122,119,397,-278
213000123,381,993,-612
213000124,109,1043,-934
213000125,101,17,84
213000126,51,138,-87
213000127,149,199,-50
213000128,493,1088,-595
213000129,275,579,-304
213000130,548,264,284
213000132,370,95,275
213000133,499,106,393
213000134,708,38,670
213000136,473,24,449
213000137,628,91,537
213000139,400,29,371
213000147,61,11,50
213000148,21,21,0
213000149,33,3,30
213000150,1,126,-125
213000151,5,122,-117
213000152,2,68,-66
213000153,4,93,-89
213000154,40,147,-107
213000155,27,155,-128
213000156,78,358,-280
213000157,399,323,76
213000158,328,746,-418
213000159,511,497,14
213000163,774,116,658
213000165,796,268,528
213000171,3,77,-74
213000172,2,237,-235
213000173,2,177,-175
213000174,2,111,-109
213000175,11,58,-47
213000176,42,41,1
213000177,60,2,58
213000178,130,2,128
213000179,194,1,193
213000180,172,0,172
213000184,85,326,-241
213000188,273,118,155
213000189,326,37,289
213000190,796,736,60
213000191,280,317,-37
213000192,175,318,-143
213000193,799,300,499
213000194,3,63,-60
213000195,14,302,-288
213000196,248,1129,-881
213000197,358,449,-91
213000198,50,2,48
213000200,105,736,-631
213000201,59,50,9
213000202,11,528,-517
213000203,2798,653,2145
213000204,601,84,517
213000205,213,82,131
213000206,394,50,344
213000207,148,12,136
213000208,98,2,96
213000209,167,3,164
213000210,344,6,338
213000211,20,42,-22
213000212,18,35,-17
213000213,17,47,-30
213000218,204,485,-281
213000219,403,19,384
213000220,417,21,396
213000223,160,266,-106
213000224,78,76,2
213000225,89,5,84
213000226,81,26,55
213000227,877,214,663
213000228,343,120,223
213000229,201,29,172
213000230,565,39,526
213000232,54,908,-854
213000233,10,88,-78
213000234,8,35,-27
213000293,12,69,-57
213000294,130,9,121
213000295,13,49,-36
213000296,48,26,22
213000297,15,61,-46
213000298,27,72,-45
213000299,65,45,20
213000300,33,15,18
213000303,9,21,-12
213000304,3,10,-7
213000305,3,12,-9
213000306,35,41,-6
213000307,176,50,126
213000308,89,192,-103
213000309,154,57,97
213000310,353,205,148
213000311,276,684,-408
213000315,84,129,-45
213000316,155,47,108
213000322,77,81,-4
213000323,142,52,90
213000324,49,14,35
213000325,19,46,-27
213000326,8,10,-2
213000327,7,17,-10
213000328,14,97,-83
213000329,103,10,93
213000340,227,475,-248
213000341,482,117,365
213000346,239,274,-35
213000347,704,476,228
213000348,14,89,-75
213000349,48,10,38
213000350,303,742,-439
213000366,68,210,-142
213000367,206,19,187
213000379,127,49,78
213000386,12,285,-273
213000406,90,289,-199
213000417,1118,421,697
213000425,141,31,110
213000426,174,52,122
213000427,50,146,-96
213000428,40,144,-104
213000429,15,9,6
213000430,89,444,-355
213000431,135,0,135
213000432,1,130,-129
213000433,20,89,-69
213000434,81,93,-12
213000435,129,53,76
213000436,22,37,-15
213000437,1,4,-3
213000438,131,30,101
213000439,44,10,34
213000440,4,226,-222
213000441,4,2,2
213000442,1,33,-32
213000443,312,335,-23
213000444,29,19,10
213000445,0,62,-62
213000446,0,183,-183
213000447,2,65,-63
213000448,8,138,-130
213000449,348,3,345
213000450,19,55,-36
213000451,226,80,146
213000452,10,23,-13
213000453,44,241,-197
213000455,630,4,626
213000456,1,303,-302
213000481,9,6,3
213000482,56,1,55
213000489,280,53,227
213000491,1,173,-172
213000492,222,1,221
213000493,1,94,-93
213000494,191,95,96
213000495,0,76,-76
213000496,305,131,174
213000497,40,228,-188
213000498,154,163,-9
213000499,192,403,-211
213000500,472,62,410
213000501,76,20,56
213000502,186,128,58
213000503,2,47,-45
213000504,3,78,-75
213000505,8,19,-11
213000506,0,19,-19
213000507,0,91,-91
213900244,66,4,62
213900245,0,31,-31
218000003,20,36,-16
218000004,31,48,-17
218000005,74,42,32
218000006,66,18,48
218000007,11,9,2
218000012,161,161,0
218000013,105,138,-33
218000014,365,426,-61
218000019,695,619,76
218000020,249,422,-173
218000021,21,18,3
218000022,3,18,-15
218000023,4,6,-2
218000024,3,2,1
218000025,4,8,-4
218000026,1,3,-2
218000027,0,3,-3
218000028,0,0,0
218000029,7,2,5
218000030,10,8,2
218000031,1,13,-12
218000032,0,21,-21
218000040,2,1,1
218000046,29,83,-54
218000047,18,134,-116
218000048,34,98,-64
218000049,87,91,-4
218000050,283,210,73
218000051,61,203,-142
218000052,3,84,-81
218000053,4,12,-8
218000054,13,35,-22
218000055,1,15,-14
218000056,19,22,-3
218000057,4,8,-4
218000064,1,13,-12
218000065,80,59,21
218000066,13,43,-30
218000067,59,78,-19
218000068,95,62,33
218000069,242,121,121
218000070,215,232,-17
218000071,180,171,9
218000072,251,174,77
218000078,879,690,189
218000079,71,72,-1
218000080,121,63,58
218000081,431,196,235
218000082,40,126,-86
218000083,71,59,12
218000084,174,103,71
218000085,152,310,-158
218000086,58,113,-55
218000087,202,134,68
218000090,11,103,-92
218000091,846,404,442
218000092,63,155,-92
218000093,69,56,13
218000094,395,580,-185
218000099,230,662,-432
218000100,224,259,-35
218000101,241,151,90
218000102,405,178,227
218000103,71,71,0
218000104,92,38,54
218000105,29,30,-1
218000106,9,19,-10
218000107,65,41,24
218000108,10,41,-31
218000112,60,41,19
218000117,54,48,6
218000134,452,486,-34
218000135,28,66,-38
218000136,254,81,173
218000137,232,169,63
218000138,39,95,-56
218000139,153,274,-121
218000140,357,245,112
218000141,90,57,33
218000142,218,130,88
218000143,161,181,-20
218000144,47,87,-40
218000145,340,268,72
218000146,83,172,-89
218000151,1,9,-8
218000152,70,28,42
218000153,5,6,-1
218000154,1,0,1
218000155,8,0,8
218000156,18,3,15
218000157,8,4,4
218000158,3,5,-2
218000159,1,1,0
218000160,2,0,2
218000161,9,0,9
218000162,4,1,3
218000163,8,2,6
218000164,17,2,15
218000165,26,11,15
218000170,3,23,-20
218000171,32,4,28
218000172,7,5,2
218000173,29,3,26
218000174,7,3,4
218000176,101,32,69
218000177,188,133,55
218000178,53,105,-52
218000179,64,30,34
218000180,44,31,13
218000181,87,37,50
218000187,11,14,-3
218000188,29,53,-24
218000189,20,55,-35
218000190,24,21,3
218000191,168,55,113
218000192,131,159,-28
218000193,336,254,82
218000194,73,218,-145
218000195,120,52,68
218000196,291,219,72
218000197,318,284,34
218000198,30,97,-67
218000199,37,19,18
218000200,112,26,86
218000201,14,11,3
218000202,84,243,-159
218000207,12,45,-33
218000208,21,37,-16
218000211,58,11,47
218000212,0,2,-2
218000213,93,76,17
218000214,7,21,-14
218000215,27,49,-22
218000217,4,79,-75
218000218,115,59,56
218000219,14,19,-5
218000220,90,295,-205
218000221,396,149,247
218000222,11,29,-18
218000223,19,252,-233
218000224,11,91,-80
218000225,94,22,72
218000226,97,42,55
218000230,0,2,-2
218000232,65,43,22
218000239,215,25,190
218000240,45,4,41
218000241,53,4,49
218000242,126,0,126
218000243,160,2,158
218000244,70,6,64
218000245,19,3,16
218000246,8,2,6
218000247,3,0,3
218000248,0,8,-8
218000249,2,2,0
218000250,2,7,-5
218000251,4,15,-11
218000252,2,67,-65
218000253,11,34,-23
218000254,1,30,-29
218000255,2,29,-27
218000256,17,111,-94
218000267,463,916,-453
218000268,33,51,-18
218000269,4,8,-4
218000270,92,55,37
218000271,23,49,-26
218000273,24,4,20
218000274,19,8,11
218000275,25,47,-22
218000276,17,56,-39
218000278,11,26,-15
218000279,104,49,55
218000280,9,37,-28
218000281,16,25,-9
218000282,451,405,46
218000284,105,5,100
218000301,77,106,-29
218000302,88,37,51
218000303,35,59,-24
218000316,570,788,-218
218000317,948,731,217
218000318,614,565,49
218000319,1021,847,174
218000320,715,484,231
218000338,37,35,2
218000345,85,69,16
218000346,54,123,-69
218000459,28,209,-181
218000490,17,33,-16
218000501,95,60,35
218000502,60,75,-15
218000503,93,25,68
218000504,173,40,133
218000505,54,157,-103
218000506,32,245,-213
218000508,1,9,-8
218000510,142,7,135
218000520,105,73,32
218000521,11,41,-30
218000522,0,102,-102
218000523,151,5,146
218000524,72,187,-115
218000525,145,19,126
218000526,39,157,-118
218000529,37,128,-91
218000530,13,0,13
218000531,18,13,5
218000532,32,25,7
218000534,149,13,136
218000537,26,29,-3
218000538,103,168,-65
218000540,218,64,154
218000543,113,44,69
218000544,54,85,-31
218000545,65,56,9
218000546,42,56,-14
218000547,90,166,-76
218000548,103,116,-13
218000549,321,476,-155
218000550,195,274,-79
218000551,113,905,-792
218000552,336,48,288
218000553,78,117,-39
218000554,24,24,0
218000555,32,36,-4
218000556,190,172,18
218000557,229,133,96
218000558,82,0,82
218000559,0,36,-36
218000560,0,25,-25
218000561,25,0,25
218000562,30,158,-128
218000563,152,17,135
218000564,4,136,-132
218000565,202,19,183
218000566,467,24,443
218000567,2,80,-78
218000568,32,3,29
218000569,20,121,-101
218000570,175,9,166
218000571,32,123,-91
218000572,149,2,147
218000573,20,140,-120
218000574,282,30,252
218000575,135,2,133
218000576,2,110,-108
218000577,82,1,81
218000578,1,96,-95
218000579,45,11,34
218000581,7,34,-27
218000582,29,1,28
218000583,2,0,2
218000584,2,8,-6
218000585,50,7,43
218000586,11,37,-26
218000587,3,1,2
218000588,8,5,3
218000589,1,9,-8
218000590,2,1,1
218000591,11,7,4
218000592,16,1,15
218000593,4,6,-2
218000594,0,3,-3
218000596,0,0,0
218000597,2,1,1
218000598,0,0,0
218000599,3,0,3
218000600,3,0,3
218000601,0,0,0
218000602,0,8,-8
218000603,0,6,-6
218000604,18,0,18
218000605,0,44,-44
218000606,111,0,111
218000607,13,52,-39
218000608,60,23,37
218000609,1,44,-43
218000610,80,6,74
218000611,36,3,33
218000612,1,24,-23
218000613,30,0,30
218000614,0,42,-42
218000615,144,0,144
218000616,7,89,-82
218000617,36,1,35
218000618,2,20,-18
218000619,20,30,-10
218000620,5,11,-6
218000621,0,3,-3
218000622,0,9,-9
218000623,127,0,127
218000624,0,25,-25
218000625,12,0,12
218000626,0,9,-9
218000628,176,45,131
218000631,64,16,48
218000632,4,76,-72
218000633,72,1,71
218000634,14,26,-12
218000635,11,7,4
218000636,771,936,-165
218000637,817,400,417
218000638,176,43,133
218000639,11,134,-123
218000640,237,42,195
218000641,66,243,-177
218000652,32,74,-42
218000653,110,45,65
218000663,14,246,-232
218000675,95,60,35
218000676,0,6,-6
218000677,8,0,8
218000680,228,277,-49
218000681,367,126,241
218000691,152,132,20
218000693,180,123,57
218000703,6,16,-10
218000718,361,1186,-825
218000719,617,643,-26
218000720,12,175,-163
218000721,192,21,171
218000725,1,2,-1
218001147,2,160,-158
218001214,7,54,-47
218001258,240,9,231
218001329,143,104,39
218001330,129,86,43
218001351,23,8,15
218001352,12,33,-21
218001353,10,3,7
218001354,8,25,-17
218001355,16,181,-165
218001356,319,23,296
218001357,43,180,-137
218001358,234,29,205
218001361,282,9,273
218001362,1,89,-88
219000001,65,52,13
219000002,85,64,21
219000003,58,39,19
219000004,52,56,-4
219000017,122,36,86
219000020,121,79,42
219000022,135,10,125
219000023,125,5,120
219000029,0,63,-63
219000034,20,30,-10
219000039,81,127,-46
219000040,64,72,-8
219000041,92,28,64
219000051,0,9,-9
219000052,0,17,-17
219000053,1,64,-63
219000054,30,64,-34
219000055,232,1,231
219000056,8,0,8
219000057,60,0,60
219000062,11,31,-20
219000063,60,7,53
219000064,6,28,-22
219000110,489,89,400
219000111,118,54,64
219000112,194,84,110
219000113,169,89,80
219000114,188,131,57
219000116,122,56,66
219000117,184,56,128
219000118,272,49,223
219000123,210,68,142
219000124,67,64,3
219000125,13,16,-3
219000126,88,89,-1
219000127,0,2,-2
219000128,3,105,-102
219000129,18,99,-81
219000130,459,465,-6
219000131,551,966,-415
219000133,65,63,2
219000134,12,27,-15
219000135,35,62,-27
219000136,101,207,-106
219000138,72,20,52
219000139,27,33,-6
219000140,50,3,47
219000141,22,82,-60
219000142,9,60,-51
219000143,17,82,-65
219000145,35,48,-13
219000146,5,29,-24
219000147,1,34,-33
219000148,14,19,-5
219000149,14,60,-46
219000150,2,61,-59
219000151,1,20,-19
219000157,177,125,52
219000158,273,215,58
219000161,111,15,96
219000163,1009,503,506
219000166,159,175,-16
219000167,123,149,-26
219000168,252,111,141
219000174,404,147,257
219000175,64,6,58
219000176,77,9,68
219000177,47,3,44
219000178,36,2,34
219000179,16,11,5
219000180,41,39,2
219000182,158,18,140
219000183,112,18,94
219000184,139,18,121
219000185,1,38,-37
219000186,68,45,23
219000187,31,84,-53
219000189,71,150,-79
219000190,86,209,-123
219000191,945,1189,-244
219000192,207,146,61
219000193,133,149,-16
219000195,0,37,-37
219000196,6,116,-110
219000198,20,107,-87
219000199,68,253,-185
219000200,51,194,-143
219000201,66,151,-85
219000203,36,145,-109
219000204,80,272,-192
219000205,84,198,-114
219000207,151,275,-124
219000209,24,61,-37
219000210,37,113,-76
219000213,16,80,-64
219000239,178,217,-39
219000240,272,282,-10
219000241,131,188,-57
219000242,64,136,-72
219000243,119,259,-140
219000244,16,89,-73
219000245,53,84,-31
219000246,57,38,19
219000247,160,34,126
219000248,462,390,72
219000249,122,134,-12
219000250,118,84,34
219000251,482,231,251
219000252,166,150,16
219000253,429,168,261
219000255,148,102,46
219000256,194,64,130
219000257,80,0,80
219000262,96,111,-15
219000263,53,114,-61
219000267,3,53,-50
219000268,2,7,-5
219000269,4,3,1
219000270,10,0,10
219000271,116,6,110
219000278,0,10,-10
219000279,1,3,-2
219000283,0,16,-16
219000295,31,74,-43
219000296,53,347,-294
219000297,13,103,-90
219000298,15,118,-103
219000299,368,65,303
219000300,29,162,-133
219000301,245,324,-79
219000302,29,192,-163
219000307,69,35,34
219000308,55,53,2
219000311,196,77,119
219000312,585,160,425
219000313,317,58,259
219000314,74,356,-282
219000315,321,43,278
219000316,483,55,428
219000317,165,11,154
219000320,0,46,-46
219000321,0,23,-23
219000323,2,55,-53
219000325,3,19,-16
219000326,67,64,3
219000327,68,21,47
219000328,49,42,7
219000329,293,132,161
219000330,51,34,17
219000331,39,56,-17
219000332,95,76,19
219000333,22,0,22
219000335,63,1,62
219000337,11,0,11
219000338,63,1,62
219000344,16,60,-44
219000345,55,82,-27
219000346,35,101,-66
219000348,145,63,82
219000349,41,96,-55
219000350,103,306,-203
219000351,2,12,-10
219000352,321,118,203
219000353,112,76,36
219000354,144,95,49
219000355,132,80,52
219000356,1095,1609,-514
219000363,222,81,141
219000364,97,46,51
219000365,126,26,100
219000366,244,298,-54
219000368,282,572,-290
219000370,1014,541,473
219000371,22,20,2
219000382,17,20,-3
219000383,590,1110,-520
219000385,489,405,84
219000386,696,1230,-534
219000387,4,11,-7
219000390,4,4,0
219000391,2,1,1
219000397,54,55,-1
219000398,75,56,19
219000401,7,107,-100
219000402,34,85,-51
219000403,158,281,-123
219000404,32,130,-98
219000407,4,18,-14
219000409,41,39,2
219000410,88,46,42
219000411,89,23,66
219000446,136,361,-225
219000447,3,32,-29
219000448,40,21,19
219000452,110,103,7
219000453,63,154,-91
219000454,166,269,-103
219000556,183,95,88
219000558,114,155,-41
219000590,22,122,-100
219000591,124,119,5
219000592,96,302,-206
219000595,4,17,-13
219000635,187,41,146
219000636,29,66,-37
219000657,16,33,-17
219000658,27,118,-91
219000673,0,30,-30
219000676,27,1,26
219000679,31,6,25
219000684,89,1,88
219000685,0,0,0
219000686,3,8,-5
219000688,0,58,-58
219000689,18,221,-203
219000690,153,32,121
219000691,66,155,-89
219000692,197,32,165
219000693,0,27,-27
219000694,6,1,5
219000695,30,6,24
219000698,18,0,18
219000699,0,17,-17
219000727,0,132,-132
219000728,106,3,103
219000770,54,0,54
219000771,1,18,-17
219000788,333,198,135
219001150,5,30,-25
219001151,68,30,38
219001166,47,32,15
219001167,2,51,-49
219001178,55,1,54
220000001,37,76,-39
220000002,8,85,-77
220000003,306,202,104
220000004,507,387,120
220000005,1059,1469,-410
220000006,185,743,-558
220000007,365,401,-36
220000008,318,701,-383
220000009,299,317,-18
220000010,218,107,111
220000011,501,2121,-1620
220000012,149,190,-41
220000014,108,45,63
220000015,85,258,-173
220000017,47,185,-138
220000018,3101,1309,1792
220000019,98,246,-148
220000020,374,245,129
220000021,660,134,526
220000022,724,408,316
220000023,396,151,245
220000024,1490,446,1044
220000025,629,1058,-429
220000026,281,276,5
220000027,41,106,-65
220000028,51,65,-14
220000029,62,88,-26
220000030,72,107,-35
220000031,428,273,155
220000064,23,780,-757
221000046,4,0,4
221000047,0,3,-3
221000048,0,2,-2
221000049,0,7,-7
221000050,30,0,30
221000055,37,50,-13
221000057,66,12,54
221000068,274,172,102
221000069,384,91,293
221000070,214,41,173
221000071,111,5,106
221000072,206,16,190
221000073,127,35,92
221000074,1,16,-15
221000075,19,37,-18
221000076,11,34,-23
221000077,28,90,-62
221000081,8,14,-6
221000082,113,7,106
221000083,42,1,41
221000084,11,7,4
221000085,13,37,-24
221000086,14,71,-57
221000087,7,150,-143
221000088,5,150,-145
221000089,55,241,-186
221000090,110,474,-364
221000098,114,14,100
221000099,135,9,126
221000100,85,10,75
221000101,238,30,208
221000102,130,24,106
221000109,15,73,-58
221000110,10,94,-84
221000111,20,174,-154
221000112,4,146,-142
221000113,17,131,-114
221000114,12,107,-95
221000120,80,25,55
221000121,2,31,-29
221000122,34,36,-2
221000123,11,21,-10
221000124,35,142,-107
221000155,89,12,77
221000156,67,42,25
221000175,6,9,-3
221000176,3,1,2
221000182,62,11,51
221000241,607,320,287
221000242,150,495,-345
221000243,522,213,309
221000244,246,467,-221
221000245,99,87,12
221000246,88,267,-179
221000247,102,143,-41
221000248,177,177,0
221000267,35,442,-407
221000325,110,48,62
221000331,11,45,-34
221000338,27,16,11
221000378,184,32,152
221000381,33,43,-10
222000282,24,4,20
222000296,6,17,-11
222000568,281,23,258
222000569,149,40,109
222000570,115,34,81
222000571,264,35,229
222000577,5,131,-126
222000578,33,158,-125
222000579,26,109,-83
222000580,73,665,-592
222000599,1,97,-96
222000600,6,248,-242
222000601,10,665,-655
222000603,21,33,-12
222000604,6,35,-29
222000605,14,19,-5
222000606,3,4,-1
222000607,6,3,3
222000608,25,11,14
222000609,40,132,-92
222000616,304,41,263
222000617,13,9,4
222000618,13,4,9
222000620,18,11,7
222000621,43,19,24
222000623,521,7,514
222000624,286,8,278
222000625,499,36,463
222000636,49,3,46
222000686,13,11,2
222000687,33,26,7
222001066,230,2,228
222001067,15,2,13
222001068,40,15,25
222001069,34,24,10
222001082,3,41,-38
222001083,15,35,-20
222001084,0,37,-37
222001085,1,80,-79
222001111,40,107,-67
222001112,118,31,87
222001313,25,12,13
222001314,13,137,-124
222001464,220,43,177
222001465,61,108,-47
222001484,118,70,48
222001485,31,38,-7
222001494,396,111,285
222001495,77,230,-153
222001496,253,106,147
222001497,134,282,-148
222001502,20,110,-90
222001503,79,43,36
222001504,20,284,-264
222001505,289,9,280
222001506,42,397,-355
222001507,271,20,251
222001510,332,26,306
222001511,56,295,-239
222001514,472,159,313
222001515,220,398,-178
222001518,218,70,148
222001519,56,145,-89
222001527,122,66,56
222001528,39,164,-125
222001529,251,53,198
222001530,65,183,-118
222001533,224,239,-15
222001534,230,55,175
222001535,178,260,-82
222001536,71,197,-126
222001537,259,59,200
222001538,63,381,-318
222001563,639,64,575
222001564,72,380,-308
222001568,293,125,168
222001576,5,3,2
222001579,0,8,-8
222001583,12,127,-115
222001584,83,16,67
222001596,541,889,-348
222001597,1401,292,1109
222001626,2,110,-108
222001650,49,89,-40
222001651,77,113,-36
222001914,180,80,100
222001915,60,172,-112
222001968,444,363,81
222001969,418,619,-201
222001970,135,187,-52
222001971,25,9,16
222001972,3,21,-18
225000001,418,164,254
225000002,462,172,290
225000003,447,81,366
225000004,287,140,147
225000005,108,46,62
225000006,0,149,-149
225000007,1419,966,453
225000010,225,13,212
225000011,308,709,-401
225000012,218,449,-231
225000013,76,72,4
225000014,578,77,501
225000015,120,144,-24
225000021,624,157,467
225000027,165,360,-195
225000032,638,115,523
225000042,62,514,-452
225000049,39,57,-18
225000050,86,14,72
225000053,3,240,-237
225000058,543,184,359
225000067,162,123,39
225000068,98,255,-157
225000069,128,433,-305
225000070,90,345,-255
225000071,25,123,-98
225000075,19,541,-522
225000076,54,126,-72
225000078,65,61,4
225000085,71,126,-55
225000086,228,69,159
225000087,141,17,124
225000088,15,151,-136
225000089,232,877,-645
225000090,43,320,-277
225000091,195,120,75
225000092,101,70,31
225000093,136,250,-114
225000094,6,267,-261
225000095,228,325,-97
225000096,289,445,-156
225000098,595,296,299
225000099,318,167,151
225000100,289,152,137
225000104,83,294,-211
225000110,15,295,-280
225000111,205,763,-558
225000112,251,822,-571
225000113,194,459,-265
225000114,34,196,-162
225000115,1129,493,636
225000116,871,190,681
225000117,688,205,483
225000118,755,187,568
225000119,192,69,123
225000120,602,31,571
225000121,168,25,143
225000123,421,14,407
225000125,420,147,273
225000126,665,124,541
225000127,675,847,-172
225000128,491,544,-53
225000132,277,22,255
225000133,164,10,154
225000134,489,123,366
225000135,52,9,43
225000136,267,8,259
225000137,235,45,190
225000138,339,48,291
225000143,44,203,-159
225000144,4,262,-258
225000145,35,36,-1
225000146,40,85,-45
225000147,24,206,-182
225000148,4,139,-135
225000149,36,314,-278
225000151,36,124,-88
225000155,372,386,-14
225000156,160,685,-525
225000157,191,267,-76
225000158,79,213,-134
225000171,7,168,-161
225000180,36,0,36
225000181,0,48,-48
225000182,88,8,80
225000185,9,306,-297
225000187,58,285,-227
225000191,87,5,82
225000194,0,15,-15
225000208,1,35,-34
225000209,80,9,71
225000210,2,203,-201
225000217,0,18,-18
225000218,50,4,46
225000223,0,52,-52
225000224,74,1,73
225000225,0,78,-78
225000226,31,3,28
225000227,22,77,-55
225000228,7,8,-1
225000229,0,51,-51
225000230,27,0,27
225000231,2,55,-53
225000232,137,0,137
225000241,129,1,128
225000242,0,33,-33
225000249,34,15,19
225000250,28,493,-465
225000251,277,22,255
226000042,210,325,-115
226000043,60,255,-195
226000044,109,396,-287
226000045,35,264,-229
226000046,354,103,251
226000047,277,98,179
226000048,278,92,186
226000049,217,129,88
226000070,0,42,-42
226000071,0,60,-60
226000072,0,15,-15
226000073,0,3,-3
226000074,0,5,-5
226000084,4,39,-35
226000085,0,5,-5
226000086,6,13,-7
226000087,1,19,-18
226000088,18,12,6
226000090,126,103,23
226000091,28,43,-15
226000092,0,5,-5
226000093,23,6,17
226000094,14,1,13
226000095,11,2,9
226000105,6,4,2
226000106,1,0,1
226000107,7,1,6
226000108,17,0,17
226000109,70,1,69
226000124,92,66,26
226000134,539,403,136
226000135,1210,462,748
226000136,617,300,317
226000137,5,228,-223
226000138,14,131,-117
226000139,1,11,-10
226000156,162,0,162
226000157,237,1,236
226000163,64,50,14
226000202,10,204,-194
226000231,355,11,344
226000232,27,6,21
227000033,341,79,262
227000036,267,30,237
227000037,268,24,244
227000038,201,45,156
227000049,0,17,-17
227000050,0,51,-51
227000055,75,0,75
227000056,28,0,28
227000084,8,58,-50
227000085,0,38,-38
227000088,41,1,40
227000089,108,4,104
227000090,28,4,24
227000091,20,0,20
227000093,75,0,75
227000094,8,0,8
227000130,51,76,-25
227000131,16,167,-151
227000132,16,149,-133
227000133,13,139,-126
227000134,16,250,-234
227000152,0,13,-13
227000153,0,54,-54
227000155,0,21,-21
227000156,3,12,-9
227000165,3,31,-28
227000196,283,206,77
227000199,307,318,-11
227000230,10,298,-288
227000232,425,19,406
227000242,59,377,-318
227000243,383,74,309
227000245,32,281,-249
227000246,102,355,-253
227000247,350,69,281
227000248,162,34,128
227000249,48,202,-154
227000250,436,181,255
227000251,95,215,-120
227000252,27,251,-224
227000253,106,23,83
227000262,282,41,241
227000266,1085,23,1062
227000267,37,1144,-1107
227000282,8,130,-122
227000284,339,19,320
227000286,6,54,-48
227000287,14,70,-56
227000291,6,351,-345
227000484,285,22,263
227000485,16,776,-760
227000655,126,11,115
227000656,517,40,477
227000657,88,7,81
227000661,328,38,290
227000680,132,33,99
229000265,9,25,-16
229000296,0,17,-17
229000297,4,20,-16
229000298,3,95,-92
229000320,4,3,1
229000321,32,0,32
229000412,9,27,-18
229000414,5,34,-29
229000415,15,0,15
229000416,3,1,2
229000417,2,22,-20
229000419,82,220,-138
229000440,351,54,297
229000442,16,0,16
229000443,6,1,5
229000444,1,25,-24
229000445,50,14,36
229000446,45,15,30
229000491,0,18,-18
229000492,1,48,-47
229000493,5,30,-25
229000494,24,0,24
229000495,62,0,62
229000496,31,2,29
229000507,0,33,-33
229000508,0,24,-24
229000509,0,29,-29
229000510,0,10,-10
229000511,1,8,-7
229000512,0,10,-10
229000513,0,7,-7
229000514,0,0,0
229000517,0,1,-1
229000518,7,2,5
229000519,2,4,-2
229000520,4,13,-9
229000521,26,4,22
229000522,3,3,0
229000523,3,1,2
229000524,0,3,-3
229000527,4,0,4
229000528,0,0,0
229000529,7,0,7
229000530,32,0,32
229000531,12,0,12
229000532,15,1,14
229000533,23,0,23
229000534,32,1,31
229000564,32,1,31
229000565,16,0,16
229000566,0,1,-1
229000567,0,9,-9
229000582,36,0,36
229000583,5,8,-3
229000584,0,12,-12
229000585,0,17,-17
229000718,0,1,-1
229000719,0,0,0
229000720,0,4,-4
229000721,0,2,-2
229000722,0,1,-1
229000723,0,0,0
229000724,0,1,-1
229000725,0,0,0
229000738,0,0,0
229000739,0,0,0
229000740,2,0,2
229000741,5,0,5
229000742,4,0,4
229000743,4,0,4
229000744,1,0,1
229000745,0,0,0
229000746,3,0,3
229000847,67,2,65
229000848,16,1,15
229000849,115,1,114
229000851,39,0,39
229000854,0,17,-17
229000856,0,59,-59
229000857,0,20,-20
229000858,0,22,-22
229000919,21,95,-74
229000930,19,256,-237
229000937,92,17,75
229000966,68,22,46
229000981,42,57,-15
229000985,7,13,-6
229000986,2,5,-3
229000987,0,0,0
229000988,1,4,-3
229000989,6,4,2
229000990,1,0,1
229000991,1,1,0
229000992,12,4,8
229000993,93,13,80
229000998,10,31,-21
229000999,47,6,41
229001034,0,5,-5
229001035,4,0,4
229001037,27,10,17
229001042,13,10,3
229001047,11,39,-28
229001050,23,36,-13
229001168,1,2,-1
229001200,15,3,12
229001338,6,34,-28
229001394,176,3,173
229001422,118,17,101
229001423,18,130,-112
229001431,45,76,-31
229001432,51,75,-24
229001444,133,24,109
229001445,51,120,-69
229001479,9,2,7
229001503,215,123,92
229001504,156,169,-13
229001505,123,38,85
229001506,83,125,-42
229001509,34,18,16
229001545,81,0,81
229001546,14,154,-140
229001553,89,29,60
229001554,46,70,-24
229001559,2,8,-6
229001560,3,10,-7
229001630,25,15,10
229001631,4,19,-15
229001635,1,6,-5
229001636,7,1,6
229001658,2,118,-116
229001659,61,5,56
229001660,15,5,10
229001661,5,11,-6
229001662,25,0,25
229001663,0,35,-35
229002584,98,106,-8
229002831,111,76,35
229002841,6,12,-6
229002842,12,13,-1
229002843,29,23,6
229002844,25,42,-17
229002845,9,43,-34
229002846,26,24,2
229002847,3,9,-6
229002848,14,8,6
229002849,4,50,-46
229002850,9,1,8
229002851,18,67,-49
229002852,130,17,113
229002853,99,15,84
229002854,30,21,9
229002855,3,21,-18
229002856,21,13,8
229002857,11,66,-55
229002858,16,11,5
229002859,9,45,-36
229002860,153,10,143
229002861,29,26,3
229002862,29,17,12
229002863,9,9,0
229002864,11,17,-6
229002865,18,6,12
229002866,31,12,19
229002867,5,22,-17
229002868,8,12,-4
229002869,16,95,-79
229002870,50,9,41
235000066,342,61,281
235000067,69,116,-47
235000072,25,49,-24
235000073,54,367,-313
235000074,49,53,-4
235000080,16,88,-72
235000081,114,159,-45
235000082,180,41,139
235000083,154,79,75
235000084,30,50,-20
235000085,95,50,45
235000089,16,25,-9
235000092,25,175,-150
235000093,8,11,-3
235000097,5,7,-2
235000098,81,13,68
235000099,49,10,39
235000116,66,22,44
235000117,637,22,615
235000133,5,311,-306
235000134,8,131,-123
235000206,4,3,1
235000207,3,1,2
235000208,4,0,4
235000209,4,0,4
235000210,8,1,7
235000212,6,21,-15
235000213,2,13,-11
235000220,1,6,-5
235000221,58,13,45
235000238,9,79,-70
235000239,1,13,-12
235000242,249,558,-309
235000245,639,117,522
235000246,8,55,-47
235000284,17,93,-76
235000295,156,14,142
235000305,241,15,226
235000306,186,4,182
235000307,11,0,11
235000308,3,0,3
235000309,42,2,40
235000310,12,0,12
235000311,82,15,67
235000322,0,34,-34
235000323,0,49,-49
235000324,0,18,-18
235000325,0,2,-2
235000326,8,138,-130
235000351,4,66,-62
235000352,11,40,-29
235000353,5,21,-16
235000354,4,18,-14
235000355,8,36,-28
235000356,93,7,86
235000357,29,6,23
235000358,169,9,160
235000359,21,2,19
235000360,26,19,7
235000361,37,5,32
235000381,60,193,-133
235000382,153,26,127
235000390,8,5,3
235000391,106,21,85
235000392,141,333,-192
235000393,105,169,-64
235000395,97,38,59
235000396,381,69,312
235000400,55,64,-9
235000401,30,127,-97
235000405,75,272,-197
235000406,58,292,-234
235000407,183,90,93
235000409,268,121,147
235000410,46,200,-154
235000411,1,66,-65
235000485,0,4,-4
235000486,11,0,11
235000549,100,84,16
235000550,104,164,-60
235000599,100,51,49
235000600,8,33,-25
235000601,45,30,15
235000602,76,68,8
235000614,3,9,-6
235000648,0,20,-20
235000649,41,12,29
235000685,1,4,-3
235000815,20,31,-11
235000834,0,7,-7
235000855,71,56,15
235000862,48,167,-119
235000891,0,8,-8
235000892,36,5,31
235000901,136,99,37
235000907,2,17,-15
235001010,85,56,29
235001029,499,349,150
235001030,279,272,7
235001078,72,107,-35
235001079,110,89,21
235001147,36,40,-4
235001166,29,49,-20
235001167,37,46,-9
235001169,21,246,-225
235001188,1,8,-7
235001189,7,2,5
235001197,4,41,-37
235001200,31,43,-12
235001207,325,46,279
235001210,112,222,-110
235001215,49,223,-174
235001239,1,52,-51
235001244,0,10,-10
235016267,0,41,-41
277101746,0,1,-1
277102712,0,0,0
277103813,0,0,0
277103814,0,0,0
277103898,0,0,0
277104249,0,5,-5
277104250,0,8,-8
277104251,0,9,-9
277104252,0,0,0
990011530,0,118,-118
990014944,4,423,-419
990015176,39,9,30
990015618,0,35,-35
990016032,0,207,-207
990032570,0,41,-41
990070001,65,8,57
990070103,0,1,-1
990070601,0,22,-22
990070751,620,3,617
990070766,2,351,-349
990071180,434,158,276
990071343,13,0,13
990071387,0,31,-31
990071823,374,5,369
990072600,2,862,-860
990072964,0,282,-282
990073285,0,2,-2
990074393,1,471,-470
990074870,1422,9,1413
990075106,1315,6,1309
990075746,594,11,583
990076437,1057,2,1055
990076458,0,547,-547
997000007,667,19,648
997000041,2,165,-163
997000058,76,0,76
997000062,12,0,12
997000069,0,9,-9
997000070,0,30,-30
997000100,22,0,22
997000141,5,1107,-1102
997000198,298,826,-528
998000475,1,40,-39
998000736,0,149,-149
998000965,0,12,-12
998001031,0,58,-58
998001700,0,2,-2
998001899,0,2,-2
998001900,9,3,6
998003073,895,2,893
998101900,0,0,0
998102850,6,169,-163
998501927,1070,741,329
998501929,104,4,100
998501930,31,0,31
998501931,129,4,125
998501932,8,0,8
998501933,43,0,43
998501937,16,1,15
998501944,1,0,1
998501950,0,3,-3
998501970,48,2,46
998501971,0,83,-83
998501973,0,38,-38
998501974,0,238,-238
998501975,100,0,100
998501976,222,3,219
998501977,0,13,-13
998501978,7,0,7
998501979,1,11,-10
998501980,71,1,70
998501981,37,19,18
998501982,0,77,-77
998501983,0,2,-2
998502006,0,0,0
998502024,0,10,-10
998502032,0,4,-4
998502062,18,0,18
998502063,0,0,0
998502173,41,1,40
998502269,0,3,-3
998502546,0,142,-142
998502578,4,3,1
998502599,47,257,-210
998502621,6,2,4
998601159,0,131,-131
998601292,0,13,-13
999033574,2,338,-336
999800001,40,7,33
999800002,0,2,-2
999800003,0,2,-2
999800004,0,2,-2
999800005,0,18,-18
